ID,insum,outsum,diff
100000001,1106,975,131
100000002,4879,7076,-2197
100000003,4656,6641,-1985
100000004,345,1564,-1219
100000005,2720,4894,-2174
100000006,538,404,134
100000007,2572,987,1585
100000008,120,789,-669
100000009,502,431,71
100000010,28,100,-72
100000011,531,126,405
100000012,43,863,-820
100000013,21,246,-225
100000014,362,380,-18
100000015,1508,2315,-807
100000016,576,1903,-1327
100000017,668,1889,-1221
100000018,987,964,23
100000019,4276,3218,1058
100000020,1520,6789,-5269
100000021,5352,2228,3124
100000022,992,4506,-3514
100000023,4382,1976,2406
100000025,504,2630,-2126
100000028,558,2376,-1818
100000029,77,1149,-1072
100000030,57,56,1
100000031,2364,7836,-5472
100000032,2150,4940,-2790
100000033,1249,3984,-2735
100000034,131,1934,-1803
100000035,926,1753,-827
100000036,763,2242,-1479
100000037,747,479,268
100000038,2537,1265,1272
100000039,291,379,-88
100000040,425,192,233
100000041,1606,741,865
100000042,1234,547,687
100000043,768,646,122
100000044,160,842,-682
100000045,363,734,-371
100000046,381,531,-150
100000047,151,344,-193
100000048,256,597,-341
100000049,1493,987,506
100000051,509,478,31
100000053,81,10,71
100000054,272,26,246
100000055,550,384,166
100000056,402,878,-476
100000057,1981,580,1401
100000058,750,774,-24
100000059,13,229,-216
100000060,604,325,279
100000061,2110,578,1532
100000062,1644,788,856
100000063,999,396,603
100000064,1194,774,420
100000065,284,920,-636
100000066,232,643,-411
100000067,192,690,-498
100000068,377,1437,-1060
100000069,333,1174,-841
100000072,177,399,-222
100000073,844,877,-33
100000075,991,243,748
100000076,1596,6281,-4685
100000077,73,621,-548
100000078,5,96,-91
100000079,20,93,-73
100000080,18,87,-69
100000081,84,263,-179
100000102,3709,8263,-4554
100000103,1582,2338,-756
100000104,3584,2810,774
100000105,1241,2559,-1318
100000106,882,5062,-4180
100000107,163,1868,-1705
100000108,259,1189,-930
100000109,733,1808,-1075
100000116,404,648,-244
100000117,110,300,-190
100000118,496,1456,-960
100000119,793,1377,-584
100000121,213,685,-472
100000122,500,2673,-2173
100000123,1210,3285,-2075
100000124,2247,3371,-1124
100000125,6744,2436,4308
100000126,581,1126,-545
100000127,915,1067,-152
100000128,806,2881,-2075
100000129,281,991,-710
100000130,648,279,369
100000131,837,2014,-1177
100000132,1015,1791,-776
100000133,1768,1052,716
100000135,698,1589,-891
100000139,181,607,-426
100000140,167,291,-124
100000142,624,738,-114
100000143,1349,474,875
100000144,1773,593,1180
100000147,1707,4795,-3088
100000150,75,657,-582
100000151,679,2925,-2246
100000153,110,703,-593
100000154,15,803,-788
100000155,13,84,-71
100000156,305,374,-69
100000157,693,411,282
100000158,277,361,-84
100000159,135,1593,-1458
100000165,514,702,-188
100000169,32,1886,-1854
100000174,274,1367,-1093
100000179,86,989,-903
100000180,607,2607,-2000
100000181,330,450,-120
100000188,85,234,-149
100000189,969,536,433
100000190,520,2221,-1701
100000191,797,888,-91
100000192,16,201,-185
100000193,217,292,-75
100000330,653,1244,-591
100000355,217,905,-688
100000362,2375,1315,1060
100000363,7110,8112,-1002
100000364,104,410,-306
100000365,6900,11676,-4776
100000366,1811,1597,214
100000367,5539,8256,-2717
100000368,2431,990,1441
100000369,709,2826,-2117
100000370,177,1274,-1097
100000376,56,200,-144
100000379,934,3353,-2419
100000380,3796,9135,-5339
100000384,5914,9323,-3409
100000385,1224,5551,-4327
100000386,2481,10108,-7627
100000387,3140,9735,-6595
100000388,1935,7757,-5822
100000389,3741,10204,-6463
100000390,3220,6412,-3192
100000391,2384,12743,-10359
100000392,990,3818,-2828
100000393,856,7410,-6554
100000394,3105,8022,-4917
100000395,1541,6806,-5265
100000396,2253,3352,-1099
100000397,2329,9124,-6795
100000398,6340,4871,1469
100000413,4,2,2
100900002,13,6,7
100900003,381,295,86
100900004,27,1100,-1073
100900005,174,52,122
100900006,48,37,11
100900007,190,3,187
100900008,2,394,-392
100900009,49,117,-68
100900010,85,10,75
100900011,200,96,104
100900012,0,97,-97
100900013,1125,20,1105
100900014,4,7,-3
100900015,34,62,-28
100900016,1,34,-33
100900017,1105,84,1021
100900018,0,10,-10
100900019,42,113,-71
100900020,339,6,333
100900021,358,1,357
100900022,15,43,-28
100900023,0,42,-42
100900024,413,2,411
100900025,9,8,1
100900026,155,72,83
100900027,511,2361,-1850
100900028,159,419,-260
100900029,81,7,74
100900030,3,402,-399
100900031,754,61,693
100900032,425,4,421
100900033,152,449,-297
100900034,1099,4,1095
100900035,191,0,191
100900036,10,0,10
100900037,168,96,72
100900038,46,143,-97
100900039,171,264,-93
100900040,704,223,481
100900041,1442,340,1102
100900042,851,2368,-1517
100900043,0,45,-45
100900044,973,657,316
100900045,3,1,2
100900046,949,18,931
100900047,634,181,453
100900048,133,49,84
100900049,91,71,20
100900050,3,9,-6
100900051,38,137,-99
100900052,286,49,237
100900053,754,27,727
100900054,21,34,-13
100900055,306,1111,-805
100900056,12,84,-72
100900057,2244,788,1456
100900058,116,191,-75
100900059,141,7,134
100900060,229,6,223
100900061,143,192,-49
100900062,3,79,-76
100900063,263,806,-543
100900064,509,25,484
100900065,55,160,-105
100900066,218,156,62
100900067,8,6,2
100900068,155,184,-29
100900069,166,2,164
100900070,554,23,531
100900071,239,136,103
100900072,3,74,-71
100900073,174,267,-93
100900074,1,20,-19
100900075,1724,118,1606
100900076,1,24,-23
100900077,74,8,66
100900078,54,223,-169
100900079,7,62,-55
100900080,59,108,-49
100900081,40,97,-57
100900082,144,173,-29
100900083,1,47,-46
100900085,16,492,-476
100900086,74,347,-273
100900088,213,156,57
100900089,4,20,-16
100900090,100,817,-717
100900091,2,7,-5
100900092,68,85,-17
100900093,366,390,-24
100900094,130,137,-7
100900095,2,32,-30
100900096,25,278,-253
100900097,8,0,8
100900098,16,41,-25
100900099,16,397,-381
100900100,10,546,-536
100900101,221,56,165
100900102,23,33,-10
100900103,6,30,-24
100900104,9,259,-250
100900105,11,487,-476
100900106,16,6,10
100900107,2140,1007,1133
100900108,9,15,-6
100900109,17,33,-16
100900110,5,20,-15
100900111,28,290,-262
100900112,0,15,-15
100900113,23,17,6
100900114,10,27,-17
100900115,6,20,-14
100900116,1055,526,529
100900117,179,1341,-1162
100900118,16,19,-3
100900119,9,34,-25
100900120,50,1,49
100900121,314,405,-91
100900122,76,132,-56
100900123,142,162,-20
100900124,1,7,-6
100900125,10,64,-54
100900126,380,161,219
100900127,4,4,0
100900128,66,511,-445
100900129,1,393,-392
100900131,38,187,-149
100900133,111,52,59
100900134,6,0,6
100900135,6,1031,-1025
100900137,299,194,105
100900138,424,371,53
100900139,4,18,-14
100900140,4,243,-239
100900141,3,745,-742
100900142,0,5,-5
100900143,340,638,-298
100900144,6,14,-8
100900145,151,175,-24
100900146,5,36,-31
100900147,9,1353,-1344
100900148,74,160,-86
100900149,41,393,-352
100900150,1,37,-36
100900151,88,381,-293
100900152,148,3,145
100900153,7,211,-204
100900154,5,172,-167
100900155,8,4,4
100900156,11,2,9
100900157,16,1647,-1631
100900159,4,53,-49
100900160,24,31,-7
100900161,36,3,33
100900162,18,620,-602
100900163,85,106,-21
100900164,122,33,89
100900165,17,25,-8
100900166,8,0,8
100900167,16,68,-52
100900168,36,218,-182
100900169,80,756,-676
100900170,13,4,9
100900171,31,416,-385
100900172,1,67,-66
100900173,31,60,-29
100900174,29,19,10
100900176,1818,270,1548
100900177,456,179,277
100900178,181,277,-96
100900179,417,261,156
100900180,5,0,5
100900181,48,56,-8
100900182,39,27,12
100900184,18,117,-99
100900186,395,254,141
100900187,18,80,-62
100900188,13,15,-2
100900189,3229,290,2939
100900191,361,1330,-969
100900192,145,612,-467
100900195,91,213,-122
100900197,33,71,-38
100900198,31,49,-18
100900199,16,5,11
100900200,702,361,341
100900201,57,570,-513
100900202,31,0,31
100900203,1,143,-142
100900204,30,670,-640
100900205,152,632,-480
100900206,300,187,113
100900207,279,207,72
100900210,105,204,-99
100900211,532,165,367
100900213,235,76,159
100900214,466,153,313
100900215,36,73,-37
100900217,105,150,-45
101000001,1794,2103,-309
101000002,7985,8585,-600
101000003,339,999,-660
101000004,6002,5979,23
101000005,3773,5953,-2180
101000006,5139,10228,-5089
101000007,3092,5899,-2807
101000008,1426,3379,-1953
101000009,2994,663,2331
101000010,903,584,319
101000011,1274,294,980
101000012,330,665,-335
101000013,629,1366,-737
101000014,293,345,-52
101000015,2178,1614,564
101000016,313,905,-592
101000017,246,593,-347
101000018,1355,5383,-4028
101000020,1623,836,787
101000021,497,1004,-507
101000022,47,313,-266
101000023,951,1164,-213
101000025,333,623,-290
101000026,277,24,253
101000027,1752,4686,-2934
101000028,869,444,425
101000029,110,1431,-1321
101000030,620,142,478
101000031,122,867,-745
101000032,2093,5431,-3338
101000033,1182,5725,-4543
101000034,899,3177,-2278
101000035,440,360,80
101000036,723,2617,-1894
101000037,1102,4502,-3400
101000039,1957,4569,-2612
101000040,2676,7421,-4745
101000041,1790,6995,-5205
101000042,116,1025,-909
101000043,3012,8636,-5624
101000045,245,897,-652
101000046,970,2826,-1856
101000047,887,5086,-4199
101000048,425,355,70
101000049,651,2835,-2184
101000050,604,2185,-1581
101000051,616,2623,-2007
101000052,1164,1538,-374
101000053,452,1501,-1049
101000054,1720,977,743
101000055,986,1905,-919
101000056,23,227,-204
101000057,752,2771,-2019
101000058,905,2116,-1211
101000059,2187,3158,-971
101000060,2006,1479,527
101000061,375,2500,-2125
101000062,276,778,-502
101000063,235,2083,-1848
101000064,379,1354,-975
101000065,241,1213,-972
101000066,402,1510,-1108
101000067,347,1229,-882
101000068,100,482,-382
101000069,104,61,43
101000070,357,833,-476
101000071,2656,1301,1355
101000072,534,2873,-2339
101000073,565,1430,-865
101000074,1977,3380,-1403
101000075,1594,4052,-2458
101000077,1637,1723,-86
101000078,583,1084,-501
101000079,1094,1277,-183
101000080,1065,1535,-470
101000081,1936,1638,298
101000082,1847,1954,-107
101000083,3922,2374,1548
101000084,979,586,393
101000085,1293,1228,65
101000086,973,1395,-422
101000087,845,1055,-210
101000088,1960,1192,768
101000089,1074,1745,-671
101000090,1706,854,852
101000091,591,512,79
101000092,2853,843,2010
101000093,1821,684,1137
101000094,1364,958,406
101000095,607,528,79
101000096,878,314,564
101000097,334,821,-487
101000098,522,926,-404
101000099,668,1164,-496
101000100,770,1287,-517
101000101,200,670,-470
101000102,453,1171,-718
101000103,495,1018,-523
101000104,308,1111,-803
101000105,243,668,-425
101000106,279,1548,-1269
101000107,346,455,-109
101000108,544,90,454
101000109,684,102,582
101000110,46,169,-123
101000111,61,175,-114
101000113,140,991,-851
101000114,2566,9697,-7131
101000115,37,32,5
101000116,13,40,-27
101000117,1290,167,1123
101000119,28,93,-65
101000120,84,102,-18
101000121,39,76,-37
101000122,68,130,-62
101000123,58,119,-61
101000124,745,594,151
101000125,123,240,-117
101000128,201,1060,-859
101000130,147,211,-64
101000131,1705,346,1359
101000132,885,720,165
101000135,17,36,-19
101000136,172,233,-61
101000137,52,680,-628
101000141,583,5100,-4517
101000147,1313,424,889
101000148,918,9,909
101000149,54,248,-194
101000150,154,243,-89
101000151,326,17,309
101000152,392,352,40
101000153,450,131,319
101000154,452,407,45
101000155,625,190,435
101000156,63,507,-444
101000157,117,75,42
101000160,16,50,-34
101000163,125,571,-446
101000164,276,156,120
101000165,286,561,-275
101000166,227,245,-18
101000168,1035,720,315
101000252,2839,1214,1625
101000254,31,103,-72
101000258,94,15,79
101000261,106,155,-49
101000262,1320,5758,-4438
101000263,233,1817,-1584
101000265,76,940,-864
101000266,215,127,88
101000269,12,22,-10
101000290,324,3468,-3144
101000293,12,97,-85
101000294,679,569,110
101000295,271,270,1
101000301,251,598,-347
101000304,2479,3448,-969
101000305,2893,1149,1744
101000328,135,661,-526
101900001,21,58,-37
101900002,0,4,-4
101900003,30,145,-115
101900004,0,335,-335
101900005,1244,4077,-2833
101900006,1921,146,1775
101900007,479,327,152
101900008,36,279,-243
101900009,37,429,-392
101900010,511,801,-290
101900011,65,1119,-1054
101900012,416,69,347
101900013,386,123,263
101900017,9,100,-91
101900018,641,307,334
101900019,59,196,-137
101900020,55,57,-2
101900021,2,54,-52
101900022,232,427,-195
101900023,241,158,83
101900026,199,28,171
101900027,23,150,-127
102000001,3781,7049,-3268
102000002,2530,1694,836
102000003,2465,7871,-5406
102000004,3255,2855,400
102000005,1271,4337,-3066
102000006,632,1806,-1174
102000007,2262,5228,-2966
102000008,4104,1448,2656
102000009,8012,10069,-2057
102000010,3611,2901,710
102000011,5317,5361,-44
102000012,3598,2880,718
102000018,3070,3477,-407
102000019,2524,1945,579
102000026,475,487,-12
102000029,254,287,-33
102000030,199,418,-219
102000031,68,122,-54
102000032,772,390,382
102000033,474,356,118
102000034,482,395,87
102000035,1691,549,1142
102000036,30,248,-218
102000037,304,67,237
102000038,129,842,-713
102000039,95,282,-187
102000040,195,525,-330
102000041,53,1364,-1311
102000042,112,647,-535
102000043,61,624,-563
102000044,421,1589,-1168
102000045,678,1076,-398
102000046,1458,1032,426
102000047,717,920,-203
102000048,614,705,-91
102000049,1060,1519,-459
102000050,1214,1528,-314
102000051,231,1054,-823
102000052,1129,1635,-506
102000053,850,1799,-949
102000054,1021,1197,-176
102000055,1714,271,1443
102000056,1778,251,1527
102000057,1951,404,1547
102000058,1280,831,449
102000059,1098,1324,-226
102000060,965,834,131
102000061,1851,1505,346
102000062,2446,1014,1432
102000063,1414,1658,-244
102000064,708,715,-7
102000065,51,203,-152
102000066,1053,1126,-73
102000067,5166,4324,842
102000068,11631,4045,7586
102000069,96,3480,-3384
102000070,1913,57,1856
102000071,8688,11620,-2932
102000072,2835,5318,-2483
102000073,629,484,145
102000074,827,714,113
102000075,167,158,9
102000076,359,175,184
102000077,787,384,403
102000078,1925,356,1569
102000079,213,144,69
102000080,358,255,103
102000081,263,1109,-846
102000082,803,364,439
102000083,1001,196,805
102000084,665,246,419
102000085,2592,709,1883
102000086,1588,800,788
102000087,785,1212,-427
102000088,505,290,215
102000089,1656,294,1362
102000090,375,1150,-775
102000091,1558,510,1048
102000092,352,606,-254
102000093,1295,564,731
102000094,662,349,313
102000095,680,778,-98
102000096,406,465,-59
102000097,775,485,290
102000098,385,798,-413
102000099,1034,1253,-219
102000100,234,1871,-1637
102000101,461,706,-245
102000102,746,1236,-490
102000103,4400,481,3919
102000104,796,335,461
102000105,240,544,-304
102000106,1005,414,591
102000107,2181,335,1846
102000108,833,290,543
102000109,903,506,397
102000110,1909,649,1260
102000111,22,580,-558
102000112,216,184,32
102000113,41,49,-8
102000114,1111,327,784
102000115,277,448,-171
102000116,330,813,-483
102000117,103,1353,-1250
102000118,866,1971,-1105
102000119,1127,2085,-958
102000120,229,579,-350
102000121,954,411,543
102000122,619,1137,-518
102000123,1155,791,364
102000124,1348,1604,-256
102000125,502,664,-162
102000126,515,1044,-529
102000127,1133,473,660
102000128,760,1150,-390
102000129,1329,463,866
102000130,798,815,-17
102000131,880,586,294
102000132,340,740,-400
102000133,3342,1506,1836
102000134,1166,829,337
102000135,940,672,268
102000136,1340,503,837
102000137,439,1210,-771
102000138,230,312,-82
102000139,61,849,-788
102000140,142,1784,-1642
102000141,136,290,-154
102000142,427,241,186
102000143,409,225,184
102000144,395,168,227
102000145,390,301,89
102000146,398,314,84
102000147,589,356,233
102000148,350,588,-238
102000149,277,177,100
102000150,769,82,687
102000151,151,119,32
102000152,356,139,217
102000153,854,846,8
102000154,200,529,-329
102000155,38,828,-790
102000156,224,216,8
102000157,43,1435,-1392
102000158,308,509,-201
102000159,1826,1261,565
102000161,2164,1981,183
102000162,187,222,-35
102000163,137,485,-348
102000164,625,689,-64
102000165,172,218,-46
102000166,50,188,-138
102000167,249,310,-61
102000168,189,216,-27
102000169,111,667,-556
102000170,876,88,788
102000171,114,32,82
102000172,31,276,-245
102000173,440,300,140
102000174,145,70,75
102000175,56,82,-26
102000176,52,19,33
102000178,260,532,-272
102000179,354,233,121
102000180,1185,285,900
102000181,1157,333,824
102000182,628,513,115
102000183,2200,1093,1107
102000184,2635,642,1993
102000185,3552,860,2692
102000186,2555,1057,1498
102000187,1296,2096,-800
102000188,1570,1485,85
102000189,2900,764,2136
102000190,528,2423,-1895
102000191,912,328,584
102000192,2892,2218,674
102000193,135,137,-2
102000194,77,236,-159
102000195,607,393,214
102000196,291,226,65
102000197,1197,233,964
102000198,183,446,-263
102000199,1630,168,1462
102000200,256,456,-200
102000201,1494,364,1130
102000202,5,169,-164
102000203,526,128,398
102000204,689,541,148
102000205,1558,574,984
102000206,770,448,322
102000207,757,522,235
102000208,551,660,-109
102000209,74,86,-12
102000210,569,349,220
102000211,644,179,465
102000212,528,21,507
102000213,15,160,-145
102000214,478,18,460
102000215,6,219,-213
102000216,81,125,-44
102000217,1,80,-79
102000218,320,247,73
102000219,228,143,85
102000225,385,647,-262
102000226,250,315,-65
102000227,163,1,162
102000228,1,146,-145
102000229,64,52,12
102000230,428,401,27
102000231,333,351,-18
102000232,82,304,-222
102000233,1130,451,679
102000234,129,1073,-944
102000236,292,88,204
102000237,624,476,148
102000238,310,416,-106
102000240,529,1203,-674
102000241,260,108,152
102000243,24,43,-19
102000245,18,93,-75
102000246,31,86,-55
102000247,322,411,-89
102000248,382,943,-561
102000249,199,121,78
102000250,52,179,-127
102000254,291,198,93
102000266,5,824,-819
102000271,23,0,23
102000286,448,279,169
102000297,2561,1400,1161
102000301,0,0,0
102000303,0,0,0
102000307,0,9,-9
102900001,1062,639,423
102900002,282,35,247
102900003,89,149,-60
102900005,481,226,255
102900006,540,48,492
102900007,772,11,761
102900008,347,12,335
102900009,295,544,-249
102900010,156,1342,-1186
102900011,970,522,448
102900012,647,110,537
102900013,58,41,17
102900015,664,578,86
102900016,96,46,50
102900017,370,218,152
102900018,66,56,10
102900019,559,471,88
102900020,312,19,293
102900021,65,37,28
102900022,208,133,75
102900023,15,68,-53
102900024,99,36,63
102900025,107,97,10
102900026,431,2282,-1851
102900027,110,79,31
102900028,252,872,-620
102900029,104,358,-254
102900030,522,342,180
102900031,401,102,299
102900032,144,52,92
102900033,154,122,32
102900034,637,58,579
102900035,197,216,-19
102900036,415,205,210
102900037,355,185,170
102900038,519,245,274
102900039,14,744,-730
102900040,210,294,-84
102900041,120,132,-12
102900042,266,180,86
102900043,286,164,122
102900044,613,1190,-577
102900045,248,297,-49
102900046,262,93,169
102900047,221,629,-408
102900048,601,198,403
102900049,105,449,-344
102900050,279,452,-173
102900051,196,209,-13
102900053,275,494,-219
102900054,283,1398,-1115
102900055,242,290,-48
102900056,134,317,-183
102900057,9,58,-49
102900058,526,70,456
102900059,33,32,1
102900060,100,342,-242
102900061,201,275,-74
102900062,421,469,-48
102900063,1851,333,1518
102900064,137,391,-254
102900065,787,231,556
102900066,345,6,339
102900068,45,144,-99
102900070,224,338,-114
102900072,7,69,-62
102900073,101,5,96
102900075,13,83,-70
102900076,76,167,-91
102900077,32,24,8
102900078,20,64,-44
102900079,254,1,253
102900080,481,21,460
102900081,85,295,-210
102900082,7,238,-231
102900083,159,33,126
102900084,5,56,-51
102900085,237,86,151
102900086,21,106,-85
102900087,206,159,47
102900088,34,32,2
102900089,213,153,60
102900090,1,191,-190
102900091,208,5,203
102900092,505,188,317
102900094,3,406,-403
102900095,61,0,61
102900096,100,8,92
102900097,1,35,-34
103000001,2108,2472,-364
103000002,2649,2983,-334
103000003,3129,3381,-252
103000004,809,663,146
103000005,1880,4822,-2942
103000006,1321,1568,-247
103000007,508,550,-42
103000008,951,887,64
103000009,2390,1203,1187
103000010,166,100,66
103000011,1240,983,257
103000012,1417,1919,-502
103000013,2540,1621,919
103000014,1366,3457,-2091
103000015,1694,784,910
103000016,627,2146,-1519
103000017,341,765,-424
103000018,865,244,621
103000019,480,635,-155
103000020,1444,1460,-16
103000021,1794,2671,-877
103000022,785,994,-209
103000023,832,2735,-1903
103000024,107,66,41
103000025,168,1330,-1162
103000026,515,286,229
103000027,227,666,-439
103000028,185,247,-62
103000029,104,217,-113
103000030,1716,1842,-126
103000031,783,2722,-1939
103000032,1952,1218,734
103000033,3041,2900,141
103000034,1099,854,245
103000035,276,1204,-928
103000036,224,348,-124
103000037,525,476,49
103000038,485,1029,-544
103000039,734,237,497
103000040,859,523,336
103000041,2087,1144,943
103000042,2102,199,1903
103000043,1103,594,509
103000044,287,70,217
103000046,392,521,-129
103000047,850,278,572
103000048,282,105,177
103000049,117,89,28
103000050,896,233,663
103000051,593,409,184
103000052,844,178,666
103000053,246,391,-145
103000054,1906,783,1123
103000055,1928,1344,584
103000056,887,730,157
103000057,1643,175,1468
103000058,694,531,163
103000059,853,519,334
103000060,945,243,702
103000061,688,617,71
103000062,884,343,541
103000063,1235,948,287
103000064,154,104,50
103000065,3,193,-190
103000066,268,26,242
103000069,369,115,254
103000070,865,529,336
103000071,1886,663,1223
103000072,184,471,-287
103000073,1187,90,1097
103000074,813,155,658
103000075,170,515,-345
103000076,326,923,-597
103000077,25,328,-303
103000078,1009,1715,-706
103000079,510,1278,-768
103000080,551,371,180
103000081,278,1450,-1172
103000082,594,174,420
103000083,114,505,-391
103000084,104,11,93
103000085,1,255,-254
103000086,444,650,-206
103000087,153,933,-780
103000088,198,519,-321
103000089,301,918,-617
103000090,5930,1422,4508
103000091,1622,597,1025
103000092,409,250,159
103000093,376,790,-414
103000094,328,152,176
103000095,72,416,-344
103000096,557,52,505
103000097,50,843,-793
103000098,612,125,487
103000099,147,719,-572
103000100,136,382,-246
103000101,1430,84,1346
103000102,116,344,-228
103000103,885,104,781
103000104,103,73,30
103000105,290,88,202
103000106,4,139,-135
103000107,255,136,119
103000108,1986,1297,689
103000109,988,755,233
103000110,1078,615,463
103000111,304,773,-469
103000112,257,616,-359
103000113,310,1334,-1024
103000114,1563,1388,175
103000115,808,709,99
103000116,756,349,407
103000117,588,487,101
103000118,378,340,38
103000119,915,266,649
103000120,83,180,-97
103000121,170,205,-35
103000122,313,476,-163
103000125,30,91,-61
103000126,838,0,838
103000127,14,66,-52
103000128,220,1,219
103000129,3,82,-79
103000130,121,43,78
103000131,131,125,6
103000132,60,165,-105
103000133,31,144,-113
103000134,203,1131,-928
103000135,701,195,506
103000136,477,640,-163
103000137,479,988,-509
103000138,668,917,-249
103000139,0,91,-91
103000140,146,30,116
103000141,64,197,-133
103000142,97,122,-25
103000143,73,239,-166
103000144,175,83,92
103000145,24,239,-215
103000150,110,50,60
103000152,196,545,-349
103000153,239,483,-244
103000156,9,105,-96
103000157,597,2,595
103000159,275,108,167
103000162,23,31,-8
103000163,24,20,4
103000164,13,12,1
103000165,52,171,-119
103000166,387,580,-193
103000167,262,276,-14
103000168,235,142,93
103000169,223,799,-576
103000170,1080,220,860
103000171,22,125,-103
103000172,975,174,801
103000173,1076,158,918
103000174,330,225,105
103000175,328,143,185
103000176,951,826,125
103000177,315,421,-106
103000178,150,219,-69
103000179,133,38,95
103000183,327,7,320
103000185,218,42,176
103000186,246,85,161
103000187,1035,142,893
103000188,21,100,-79
103000189,923,505,418
103000191,534,536,-2
103000292,483,2011,-1528
103000293,649,3679,-3030
103000295,102,128,-26
103000296,133,2,131
103000297,5,70,-65
103000504,10,10,0
103000505,5,61,-56
103000506,1,114,-113
103000507,171,3,168
103000508,131,72,59
103000509,240,633,-393
103900001,94,55,39
103900002,552,116,436
103900003,904,193,711
103900004,145,0,145
103900005,0,74,-74
103900006,15,0,15
103900007,147,1,146
103900008,28,1,27
103900009,510,318,192
103900010,322,161,161
103900011,721,81,640
103900012,8,38,-30
103900013,127,32,95
103900014,113,17,96
103900015,103,12,91
103900016,226,103,123
103900017,69,75,-6
103900018,340,74,266
103900019,26,403,-377
103900020,288,524,-236
103900021,87,12,75
103900022,663,488,175
103900023,306,0,306
103900024,100,225,-125
103900025,20,29,-9
103900026,35,0,35
103900027,450,205,245
103900028,41,316,-275
103900029,1386,196,1190
103900030,451,227,224
103900031,81,1,80
103900032,137,131,6
103900033,72,47,25
103900034,28,50,-22
103900035,47,27,20
103900036,118,64,54
103900037,117,31,86
103900038,62,237,-175
103900039,159,78,81
103900040,12,56,-44
103900041,52,34,18
103900042,147,76,71
103900043,385,45,340
103900044,38,712,-674
103900045,274,155,119
103900047,108,6,102
103900048,11,62,-51
103900049,109,1641,-1532
103900050,15,157,-142
103900051,0,41,-41
103900052,248,342,-94
103900053,445,177,268
103900054,229,180,49
103900055,486,196,290
103900056,70,39,31
103900057,123,42,81
103900058,387,203,184
103900059,0,35,-35
103900060,84,48,36
103900061,286,19,267
103900062,735,217,518
103900063,5,0,5
103900064,298,2,296
103900065,340,258,82
103900066,404,84,320
103900067,313,4,309
103900068,8,0,8
103900069,111,22,89
103900070,132,142,-10
103900071,17,43,-26
103900072,53,71,-18
103900073,40,59,-19
103900074,99,11,88
103900075,468,60,408
103900076,853,192,661
103900077,49,248,-199
103900078,396,58,338
103900079,157,172,-15
103900080,9,28,-19
103900081,14,71,-57
103900082,74,145,-71
103900083,1183,2149,-966
103900084,70,157,-87
103900085,79,101,-22
103900086,1279,271,1008
103900088,301,520,-219
103900089,60,109,-49
103900090,35,84,-49
103900091,746,140,606
103900092,665,660,5
103900093,32,316,-284
103900094,9,43,-34
103900095,223,395,-172
103900096,86,71,15
103900097,17,217,-200
103900098,432,89,343
103900099,205,38,167
103900100,362,124,238
103900101,99,847,-748
103900102,1,27,-26
103900104,1,15,-14
103900105,25,77,-52
103900106,0,87,-87
103900107,216,47,169
103900108,50,107,-57
103900109,236,45,191
103900110,304,36,268
103900111,156,218,-62
103900112,42,107,-65
103900113,52,261,-209
103900114,722,188,534
103900115,196,226,-30
103900116,1437,2807,-1370
103900117,89,35,54
103900119,30,128,-98
103900120,108,57,51
103900122,242,45,197
103900123,443,715,-272
103900124,50,182,-132
103900125,190,82,108
103900126,736,141,595
103900127,183,201,-18
103900128,193,42,151
103900131,55,112,-57
103900133,1137,37,1100
103900134,0,15,-15
103900135,1,2,-1
103900137,1,13,-12
103900138,152,30,122
103900139,190,3973,-3783
103900140,4,301,-297
103900141,217,30,187
103900142,425,54,371
103900143,146,1,145
103900144,6,39,-33
103900145,121,144,-23
103900146,225,100,125
103900147,642,56,586
103900148,398,110,288
103900149,259,226,33
103900150,4008,6088,-2080
103900151,4,117,-113
103900152,1381,146,1235
103900153,5,10,-5
103900154,246,2387,-2141
103900155,52,71,-19
103900156,107,42,65
103900157,92,48,44
103900158,206,28,178
103900159,266,20,246
103900160,77,21,56
103900161,71,173,-102
103900162,60,67,-7
103900163,21,221,-200
103900167,7,116,-109
103900168,104,54,50
103900169,14,83,-69
103900170,1,51,-50
103900171,11,18,-7
103900172,7,8,-1
103900173,13,18,-5
103900174,326,30,296
103900175,30,116,-86
103900176,21,32,-11
103900177,27,19,8
103900178,84,16,68
103900179,109,34,75
103900180,4,22,-18
103900181,15,33,-18
103900182,29,27,2
103900184,177,116,61
103900185,47,731,-684
103900187,12,175,-163
103900188,107,55,52
103900189,138,4,134
103900190,82,46,36
103900191,25,52,-27
103900192,10,82,-72
103900193,62,188,-126
103900194,63,109,-46
103900195,5,181,-176
103900196,63,42,21
103900197,17,22,-5
103900198,23,40,-17
103900199,162,73,89
103900200,288,67,221
103900201,123,106,17
103900202,5,36,-31
103900203,46,39,7
103900204,1,26,-25
103900207,0,30,-30
103900208,160,0,160
103900209,9,52,-43
103900210,37,18,19
103900211,821,108,713
103900212,285,119,166
103900213,80,382,-302
103900214,276,322,-46
103900215,175,385,-210
103900216,16,116,-100
103900217,241,81,160
103900218,2,281,-279
103900219,230,141,89
103900233,320,33,287
103900235,19,261,-242
103900236,2,27,-25
103900242,2,0,2
103900243,0,1,-1
103900244,124,104,20
103900245,106,84,22
103900246,18,31,-13
103900247,26,42,-16
103900248,2,60,-58
103900249,2,75,-73
103900250,41,57,-16
103900251,2,18,-16
103900253,0,44,-44
103900254,2,29,-27
103900255,4,46,-42
103900256,21,25,-4
103900257,213,284,-71
103900258,28,7,21
103900259,14,4,10
103900261,20,1,19
103900262,24,4,20
103900263,21,67,-46
103900264,11,8,3
103900265,14,1,13
103900266,0,136,-136
103900267,8,74,-66
103900268,22,41,-19
103900269,219,27,192
103900270,104,64,40
103900271,150,62,88
103900272,54,21,33
103900273,71,5,66
103900274,268,1,267
103900275,131,13,118
103900276,11,5,6
103900277,7,11,-4
103900278,0,28,-28
103900279,4,61,-57
103900280,2,16,-14
104000001,3456,2150,1306
104000002,2013,1832,181
104000003,2447,2111,336
104000004,2337,2482,-145
104000005,2650,2198,452
104000006,3182,2443,739
104000007,4170,4184,-14
104000008,211,211,0
104000009,300,137,163
104000010,188,457,-269
104000011,249,260,-11
104000012,109,244,-135
104000013,354,338,16
104000014,214,305,-91
104000015,491,118,373
104000016,322,214,108
104000018,1073,256,817
104000019,673,284,389
104000020,115,291,-176
104000021,407,279,128
104000022,230,326,-96
104000023,1386,438,948
104000024,274,219,55
104000026,123,218,-95
104000027,353,222,131
104000028,579,281,298
104000029,398,218,180
104000030,366,238,128
104000031,1399,308,1091
104000032,194,111,83
104000033,777,495,282
104000034,344,110,234
104000035,1322,390,932
104000036,1384,344,1040
104000037,268,109,159
104000038,612,427,185
104000039,202,103,99
104000040,143,472,-329
104000041,624,363,261
104000042,166,215,-49
104000043,297,249,48
104000044,281,329,-48
104000045,897,586,311
104000046,608,1003,-395
104000047,573,814,-241
104000048,912,886,26
104000049,898,338,560
104000050,102,727,-625
104000051,319,667,-348
104000052,2405,1980,425
104000053,1333,443,890
104000054,798,206,592
104000055,3034,2056,978
104000056,660,175,485
104000057,308,223,85
104000058,972,755,217
104000059,748,977,-229
104000060,1249,1467,-218
104000061,1129,687,442
104000062,340,111,229
104000064,680,395,285
104000065,153,668,-515
104000069,605,1899,-1294
104000070,75,610,-535
104000071,189,392,-203
104000072,576,190,386
104000075,65,218,-153
104000076,470,59,411
104000082,2403,4509,-2106
104000083,583,218,365
104000084,133,336,-203
104000085,475,280,195
104000086,329,412,-83
104000087,370,1856,-1486
104000090,1279,805,474
104000092,1941,1155,786
104000094,948,724,224
104000095,3496,1634,1862
104000096,2072,94,1978
104000097,3042,546,2496
104000098,4160,607,3553
104000100,2745,746,1999
104000101,1595,1533,62
104000106,20,746,-726
104000107,694,234,460
104000108,218,244,-26
104000109,424,175,249
104000110,738,831,-93
104000111,2262,3214,-952
104000112,803,352,451
104000116,2,591,-589
104000117,370,337,33
104000118,1170,126,1044
104000119,892,233,659
104000120,301,344,-43
104000121,344,494,-150
104000122,1171,653,518
104000123,689,498,191
104000124,530,942,-412
104000125,2470,5020,-2550
104000126,732,618,114
104000127,1243,1321,-78
104000128,701,158,543
104000129,390,15,375
104000130,4,255,-251
104000131,280,405,-125
104000132,289,423,-134
104000133,1674,711,963
104000134,1244,1320,-76
104000135,666,1644,-978
104000136,944,3269,-2325
104000137,2445,259,2186
104000138,1320,379,941
104000139,2721,2384,337
104000141,1059,623,436
104000142,678,349,329
104000143,765,250,515
104000144,164,193,-29
104000145,577,194,383
104000146,148,527,-379
104000147,143,323,-180
104000148,590,156,434
104000149,190,87,103
104000150,1095,566,529
104000151,330,167,163
104000152,709,276,433
104000153,772,624,148
104000154,749,314,435
104000155,585,879,-294
104000157,1531,952,579
104000158,149,615,-466
104000159,884,728,156
104000160,1813,2560,-747
104000161,275,152,123
104000162,140,116,24
104000165,723,817,-94
104000167,914,1674,-760
104000168,826,6,820
104000169,219,52,167
104000170,256,453,-197
104000248,480,466,14
104000251,104,120,-16
104000272,0,0,0
104000273,0,0,0
104000274,0,0,0
104000275,0,0,0
104000279,527,382,145
104000290,99,253,-154
104000291,494,1152,-658
104000293,1571,1111,460
104000294,82,2,80
104000295,623,793,-170
104000296,684,574,110
104000297,677,1819,-1142
104000298,2067,906,1161
104000299,1040,1169,-129
104900001,125,200,-75
104900002,93,290,-197
104900003,54,199,-145
104900004,81,139,-58
104900005,539,378,161
104900006,887,119,768
104900007,439,232,207
104900009,166,134,32
104900010,91,39,52
104900011,10,86,-76
104900012,273,39,234
104900013,113,16,97
104900014,1474,363,1111
104900015,153,3,150
104900016,226,183,43
104900017,147,143,4
104900018,25,139,-114
104900019,189,6341,-6152
104900020,33,283,-250
104900021,0,37,-37
104900022,21,224,-203
104900023,0,15,-15
104900024,8,288,-280
104900025,123,126,-3
104900026,1,90,-89
104900027,736,433,303
104900028,35,138,-103
104900029,14,22,-8
104900030,601,192,409
104900031,52,287,-235
104900032,72,56,16
104900033,318,228,90
104900034,515,158,357
104900035,488,204,284
104900036,345,45,300
104900037,147,125,22
104900038,207,1286,-1079
104900039,326,291,35
104900040,641,96,545
104900041,447,130,317
104900042,183,267,-84
104900043,31,340,-309
104900044,1035,159,876
104900045,431,69,362
104900046,519,80,439
104900047,610,111,499
104900048,529,37,492
104900049,66,29,37
104900050,461,39,422
104900051,332,28,304
104900052,192,6,186
104900053,675,87,588
104900054,204,39,165
104900055,249,1,248
104900056,335,29,306
104900057,67,0,67
104900058,407,312,95
104900059,82,78,4
104900060,0,268,-268
104900061,145,284,-139
104900063,0,269,-269
104900064,0,145,-145
104900065,1,360,-359
104900066,2,91,-89
104900067,2,268,-266
104900068,112,116,-4
104900070,120,167,-47
104900071,0,395,-395
104900072,30,152,-122
104900073,86,49,37
104900074,62,93,-31
104900075,33,6,27
104900076,162,135,27
104900077,310,195,115
104900078,251,245,6
104900079,65,1235,-1170
104900080,118,393,-275
104900082,25,225,-200
104900085,3,118,-115
104900087,387,3,384
104900089,478,0,478
104900090,1430,911,519
104900091,693,422,271
104900093,158,289,-131
104900097,1207,3470,-2263
104900098,325,38,287
104900099,190,1203,-1013
104900100,362,195,167
104900102,42,75,-33
104900103,379,58,321
104900104,1504,2042,-538
104900106,295,125,170
104900107,90,120,-30
104900108,24,131,-107
104900109,100,105,-5
104900110,12,74,-62
104900111,448,49,399
104900112,413,291,122
104900113,890,209,681
104900114,739,292,447
104900115,877,155,722
104900116,715,115,600
104900118,12,30,-18
104900119,1,52,-51
104900120,8,687,-679
104900121,0,24,-24
104900122,26,39,-13
104900123,136,18,118
104900124,41,0,41
104900125,455,3,452
104900126,24,9,15
104900127,8,49,-41
104900128,104,117,-13
104900129,883,2908,-2025
105000001,3246,1398,1848
105000002,3002,1903,1099
105000003,3228,4532,-1304
105000004,994,690,304
105000005,1750,1132,618
105000006,1542,2023,-481
105000007,1785,2823,-1038
105000008,974,4913,-3939
105000009,3325,3827,-502
105000010,2311,939,1372
105000011,3849,3863,-14
105000012,2471,1826,645
105000013,1260,1337,-77
105000014,3392,4180,-788
105000015,8318,14451,-6133
105000016,1057,1080,-23
105000017,1283,795,488
105000018,1042,2346,-1304
105000019,976,1307,-331
105000020,99,627,-528
105000021,266,266,0
105000022,163,233,-70
105000023,786,218,568
105000028,59,60,-1
105000029,578,1606,-1028
105000030,2614,1832,782
105000031,6,33,-27
105000033,961,1079,-118
105000034,126,1160,-1034
105000037,480,175,305
105000038,1327,1861,-534
105000039,1195,827,368
105000040,1028,1424,-396
105000041,323,797,-474
105000042,2086,2032,54
105000043,893,1352,-459
105000044,760,421,339
105000045,232,292,-60
105000046,1207,266,941
105000047,582,423,159
105000048,911,222,689
105000049,233,357,-124
105000050,853,450,403
105000051,183,240,-57
105000052,783,834,-51
105000053,66,64,2
105000054,456,774,-318
105000055,775,248,527
105000056,1577,1565,12
105000057,1228,433,795
105000058,1082,622,460
105000059,917,644,273
105000060,492,373,119
105000061,1488,670,818
105000062,586,432,154
105000063,307,285,22
105000064,2437,745,1692
105000065,333,562,-229
105000066,942,1138,-196
105000067,1749,1082,667
105000068,348,700,-352
105000069,1514,2881,-1367
105000070,382,1565,-1183
105000071,318,1803,-1485
105000072,1282,5204,-3922
105000073,1183,696,487
105000074,582,426,156
105000075,553,440,113
105000076,1071,975,96
105000077,1893,963,930
105000078,859,1334,-475
105000079,862,2916,-2054
105000080,1875,1414,461
105000081,1630,1303,327
105000082,706,2092,-1386
105000083,2084,3496,-1412
105000084,602,575,27
105000085,2156,2306,-150
105000086,774,916,-142
105000087,1482,1424,58
105000088,1788,2269,-481
105000089,1811,1494,317
105000090,640,639,1
105000091,762,1235,-473
105000092,507,1147,-640
105000093,391,505,-114
105000094,230,191,39
105000095,136,725,-589
105000096,1431,2105,-674
105000097,686,744,-58
105000098,1479,1203,276
105000099,720,960,-240
105000100,2118,1165,953
105000101,2456,1445,1011
105000102,1703,1623,80
105000103,1145,1911,-766
105000104,2309,825,1484
105000105,1112,1411,-299
105000106,1519,959,560
105000107,1683,635,1048
105000108,1876,1130,746
105000109,2524,1035,1489
105000110,1039,513,526
105000111,1559,420,1139
105000112,1256,590,666
105000113,552,722,-170
105000114,1649,1499,150
105000115,402,1674,-1272
105000116,1356,575,781
105000117,935,771,164
105000118,991,348,643
105000119,455,377,78
105000120,1611,530,1081
105000121,731,481,250
105000122,450,718,-268
105000123,703,633,70
105000124,2511,516,1995
105000125,813,963,-150
105000126,2180,1343,837
105000127,3150,1167,1983
105000128,856,898,-42
105000129,1377,208,1169
105000130,164,3866,-3702
105000131,444,155,289
105000132,1552,664,888
105000133,496,578,-82
105000134,1430,648,782
105000135,400,710,-310
105000136,174,183,-9
105000137,964,263,701
105000138,167,189,-22
105000139,856,411,445
105000140,749,306,443
105000141,466,238,228
105000142,402,307,95
105000143,223,347,-124
105000144,302,424,-122
105000145,894,265,629
105000146,330,627,-297
105000147,744,343,401
105000148,1060,703,357
105000149,3062,2697,365
105000150,1262,970,292
105000151,676,459,217
105000152,190,361,-171
105000153,903,676,227
105000154,679,464,215
105000155,549,652,-103
105000156,396,548,-152
105000157,620,1306,-686
105000158,2255,926,1329
105000159,346,880,-534
105000160,3906,864,3042
105000161,773,1126,-353
105000162,958,3138,-2180
105000163,1103,929,174
105000164,185,310,-125
105000165,731,9388,-8657
105000166,4464,1448,3016
105000167,1095,2897,-1802
105000168,425,322,103
105000169,1049,116,933
105000170,364,1078,-714
105000171,1358,119,1239
105000172,276,31,245
105000173,385,25,360
105000174,126,28,98
105000175,116,77,39
105000176,617,59,558
105000177,441,220,221
105000178,385,344,41
105000179,1087,99,988
105000180,347,56,291
105000181,219,156,63
105000182,79,27,52
105000183,1883,2823,-940
105000184,619,985,-366
105000185,755,1287,-532
105000186,532,555,-23
105000187,778,185,593
105000188,144,215,-71
105000189,124,590,-466
105000190,240,278,-38
105000191,345,292,53
105000192,428,59,369
105000193,72,114,-42
105000194,1018,124,894
105000195,249,664,-415
105000196,141,370,-229
105000197,231,493,-262
105000198,299,194,105
105000199,108,775,-667
105000200,107,373,-266
105000201,82,48,34
105000203,18,87,-69
105000204,92,54,38
105000205,101,167,-66
105000207,224,106,118
105000208,140,627,-487
105000209,182,134,48
105000211,490,10,480
105000212,1241,528,713
105000213,109,282,-173
105000214,182,166,16
105000215,319,144,175
105000216,209,89,120
105000217,321,171,150
105000218,2077,944,1133
105000221,173,245,-72
105000222,264,196,68
105000223,476,196,280
105000226,134,120,14
105000227,83,74,9
105000228,88,2248,-2160
105000229,206,521,-315
105000231,584,300,284
105000233,1031,816,215
105000234,508,725,-217
105000235,477,533,-56
105000237,1382,120,1262
105000243,66,29,37
105000248,69,67,2
105000262,468,438,30
105000269,196,141,55
105000270,651,36,615
105000271,0,129,-129
105000282,44,84,-40
105000287,312,121,191
105000288,886,409,477
105000289,1020,2013,-993
105000290,27,14,13
105000402,1904,4068,-2164
105000426,210,516,-306
105000438,1534,1172,362
105000440,32,14,18
105000446,5786,3990,1796
105000447,2058,1379,679
105000454,942,281,661
105000455,271,161,110
105000474,52,0,52
105000477,683,598,85
105000478,2608,5959,-3351
105000479,119,188,-69
105000480,5735,8813,-3078
105000481,5058,5295,-237
105000482,2181,4162,-1981
105000483,2108,3780,-1672
105000484,1239,2035,-796
105000485,1179,3933,-2754
105000486,1596,2506,-910
105000488,4005,2366,1639
105000489,1407,1081,326
105000549,115,158,-43
105000550,310,1169,-859
105000551,27,58,-31
105000552,2135,1039,1096
105000555,977,1336,-359
105000556,85,17,68
105000557,78,124,-46
105900001,1,2247,-2246
105900002,741,1049,-308
105900003,19,109,-90
105900004,183,67,116
105900005,163,166,-3
105900006,12,78,-66
105900007,54,28,26
105900008,143,254,-111
105900009,23,20,3
105900011,99,33,66
105900012,365,73,292
105900013,4,31,-27
105900014,6,58,-52
105900015,93,292,-199
105900016,535,325,210
105900017,1583,41,1542
105900018,178,138,40
105900019,77,188,-111
105900020,33,77,-44
105900021,33,321,-288
105900022,220,91,129
105900023,6,99,-93
105900024,9,391,-382
105900025,294,13,281
105900026,212,6,206
105900027,11697,4292,7405
105900028,207,619,-412
105900029,2293,423,1870
105900030,232,342,-110
105900031,303,193,110
105900032,136,174,-38
105900033,58,89,-31
105900034,358,134,224
105900035,310,117,193
105900036,198,77,121
105900037,131,27,104
105900038,227,182,45
105900039,148,71,77
105900040,135,69,66
105900041,168,97,71
105900042,104,193,-89
105900043,799,42,757
105900044,3,344,-341
105900045,2,1113,-1111
105900046,3,196,-193
105900047,12,44,-32
105900048,152,333,-181
105900050,3032,6885,-3853
105900051,91,1077,-986
105900052,697,181,516
105900053,1855,3557,-1702
105900054,169,174,-5
105900056,410,421,-11
105900057,13,134,-121
105900058,24,7,17
105900059,0,62,-62
106000001,1841,2172,-331
106000002,761,2913,-2152
106000003,2943,4295,-1352
106000004,1147,1883,-736
106000005,4248,4205,43
106000006,4260,1709,2551
106000007,585,378,207
106000008,461,315,146
106000009,490,325,165
106000010,542,510,32
106000011,1794,1059,735
106000012,995,924,71
106000013,2101,1744,357
106000014,1911,1151,760
106000015,2557,1154,1403
106000016,1351,1234,117
106000017,577,780,-203
106000018,472,321,151
106000019,436,468,-32
106000020,381,404,-23
106000021,356,416,-60
106000022,378,320,58
106000023,757,281,476
106000024,462,328,134
106000025,233,150,83
106000026,64,131,-67
106000027,2030,1528,502
106000028,734,232,502
106000029,746,612,134
106000030,217,542,-325
106000034,194,440,-246
106000035,914,2112,-1198
106000036,115,352,-237
106000037,1088,1012,76
106000038,81,174,-93
106000039,64,172,-108
106000040,104,843,-739
106000041,681,435,246
106000043,536,283,253
106000046,364,51,313
106000047,55,547,-492
106000049,1241,211,1030
106000050,298,350,-52
106000051,1010,616,394
106000052,111,213,-102
106000053,556,141,415
106000054,280,151,129
106000055,970,626,344
106000056,236,142,94
106000057,554,211,343
106000058,167,80,87
106000059,476,267,209
106000060,272,249,23
106000061,177,736,-559
106000062,176,280,-104
106000063,1049,787,262
106000064,25,199,-174
106000065,451,204,247
106000066,124,176,-52
106000067,546,76,470
106000068,98,405,-307
106000069,401,79,322
106000070,388,389,-1
106000071,797,300,497
106000072,2394,1587,807
106000073,1349,4781,-3432
106000074,685,780,-95
106000075,484,1183,-699
106000076,1454,1433,21
106000077,1912,821,1091
106000078,1334,611,723
106000079,990,530,460
106000080,1323,353,970
106000081,1097,754,343
106000082,1720,577,1143
106000083,538,1155,-617
106000084,961,567,394
106000085,1300,1238,62
106000086,500,654,-154
106000087,918,371,547
106000088,391,720,-329
106000089,1098,209,889
106000090,386,571,-185
106000091,282,294,-12
106000092,1050,228,822
106000093,490,132,358
106000094,98,193,-95
106000095,1307,636,671
106000096,1284,424,860
106000097,1601,588,1013
106000098,999,502,497
106000099,193,710,-517
106000100,1438,188,1250
106000101,777,433,344
106000102,136,697,-561
106000103,254,468,-214
106000104,1207,306,901
106000105,465,466,-1
106000106,966,328,638
106000107,221,206,15
106000108,673,189,484
106000109,232,144,88
106000110,397,122,275
106000111,228,181,47
106000112,431,704,-273
106000113,621,457,164
106000114,475,845,-370
106000115,318,333,-15
106000116,429,190,239
106000117,764,461,303
106000118,1573,1282,291
106000119,1025,527,498
106000120,1051,1763,-712
106000121,334,162,172
106000122,299,98,201
106000123,955,94,861
106000124,144,100,44
106000125,44,134,-90
106000126,563,54,509
106000127,1314,504,810
106000128,1050,125,925
106000129,797,372,425
106000130,1124,268,856
106000131,159,763,-604
106000132,528,170,358
106000133,1634,1587,47
106000134,377,3340,-2963
106000135,121,482,-361
106000136,730,1168,-438
106000137,65,576,-511
106000138,2213,67,2146
106000139,57,37,20
106000140,99,33,66
106000141,153,27,126
106000142,137,41,96
106000143,56,59,-3
106000144,61,82,-21
106000145,536,87,449
106000146,529,72,457
106000147,361,289,72
106000148,383,477,-94
106000149,700,281,419
106000150,746,2048,-1302
106000151,2637,471,2166
106000152,745,2820,-2075
106000153,146,1082,-936
106000154,1132,118,1014
106000155,231,286,-55
106000156,1518,164,1354
106000157,734,1526,-792
106000158,1479,731,748
106000159,1785,2439,-654
106000160,544,4087,-3543
106000161,1001,234,767
106000162,474,1444,-970
106000163,411,194,217
106000164,850,224,626
106000165,286,230,56
106000166,1237,241,996
106000167,409,599,-190
106000168,959,197,762
106000169,285,310,-25
106000170,1230,166,1064
106000171,220,976,-756
106000172,2487,1163,1324
106000173,914,2020,-1106
106000174,1180,345,835
106000175,203,435,-232
106000176,2306,743,1563
106000177,842,1404,-562
106000178,2938,1306,1632
106000179,570,1122,-552
106000180,633,546,87
106000181,1149,1141,8
106000182,2151,466,1685
106000183,1848,342,1506
106000184,1549,507,1042
106000185,1241,1101,140
106000186,469,79,390
106000187,76,982,-906
106000188,1,0,1
106000189,11,27,-16
106000190,58,1,57
106000191,688,102,586
106000192,1,12,-11
106000193,412,157,255
106000194,126,276,-150
106000195,390,67,323
106000196,61,194,-133
106000197,652,131,521
106000198,267,133,134
106000199,666,1070,-404
106000200,230,229,1
106000201,507,4228,-3721
106000202,1947,438,1509
106000203,64,213,-149
106000204,124,9,115
106000205,12,162,-150
106000206,112,16,96
106000207,21,238,-217
106000208,1730,185,1545
106000209,1940,389,1551
106000210,280,575,-295
106000211,170,879,-709
106000212,1221,491,730
106000213,169,895,-726
106000214,1053,272,781
106000215,354,351,3
106000216,567,335,232
106000217,202,280,-78
106000218,308,301,7
106000219,155,185,-30
106000220,563,198,365
106000221,322,73,249
106000222,151,78,73
106000223,521,114,407
106000224,306,62,244
106000225,168,136,32
106000226,105,79,26
106000228,105,141,-36
106000229,124,519,-395
106000231,1215,121,1094
106000232,93,199,-106
106000233,585,71,514
106000234,115,256,-141
106000235,443,178,265
106000236,122,138,-16
106000237,2,15,-13
106000238,27,51,-24
106000239,3,162,-159
106000240,46,4,42
106000241,8,552,-544
106000242,333,23,310
106000249,71,50,21
106000250,50,506,-456
106000251,157,15,142
106000252,38,34,4
106000253,52,63,-11
106000254,105,39,66
106000255,40,185,-145
106000256,48,25,23
106000257,126,176,-50
106000258,172,59,113
106000259,7,46,-39
106000260,48,5,43
106000261,4,44,-40
106000262,114,18,96
106000263,10,14,-4
106000264,193,11,182
106000265,17,110,-93
106000266,146,25,121
106000267,6,60,-54
106000268,239,72,167
106000269,25,40,-15
106000270,94,227,-133
106000271,135,124,11
106000272,139,50,89
106000273,34,248,-214
106000274,100,28,72
106000275,204,174,30
106000276,53,23,30
106000277,106,215,-109
106000278,137,14,123
106000279,12,12,0
106000280,86,39,47
106000281,126,45,81
106000282,66,47,19
106000283,137,47,90
106000284,178,42,136
106000285,109,62,47
106000286,186,103,83
106000287,156,51,105
106000288,90,133,-43
106000289,105,62,43
106000290,79,61,18
106000291,95,95,0
106000292,88,52,36
106000293,129,103,26
106000294,63,45,18
106000295,41,82,-41
106000296,30,68,-38
106000297,44,274,-230
106000298,65,89,-24
106000299,76,97,-21
106000300,52,98,-46
106000301,47,103,-56
106000303,30,52,-22
106000304,42,7,35
106000305,78,33,45
106000306,42,49,-7
106000307,114,24,90
106000308,21,95,-74
106000309,15,69,-54
106000310,371,279,92
106000311,516,146,370
106000312,220,77,143
106000313,371,139,232
106000318,52,431,-379
106000319,1303,307,996
106000320,0,57,-57
106000321,210,134,76
106000322,285,65,220
106000324,12,46,-34
106000325,2223,941,1282
106000326,1058,1086,-28
106000327,282,57,225
106000328,66,169,-103
106000329,245,232,13
106000330,92,99,-7
106000428,67,173,-106
106000429,147,244,-97
106000430,340,782,-442
106000431,2766,364,2402
106000432,1026,1930,-904
106000433,2475,1481,994
106000434,3563,1265,2298
106000435,910,1813,-903
106000436,29,144,-115
106000437,406,66,340
106000438,271,226,45
106000439,65,391,-326
106000440,144,622,-478
106000441,0,0,0
106000442,211,9,202
106000443,366,171,195
106000450,0,71,-71
106000451,26,116,-90
106000454,9,151,-142
106000455,6,146,-140
106000456,72,35,37
106000457,43,379,-336
106000458,1048,32,1016
106000459,362,125,237
106000460,1698,25,1673
106000461,273,271,2
106000462,1,67,-66
106000463,7,10,-3
106000464,25,156,-131
106000465,968,1,967
106000466,2,171,-169
106000467,121,257,-136
106000468,118,106,12
106000469,57,3,54
106000470,233,2125,-1892
106000471,9,322,-313
106000472,115,14,101
106000473,32,8,24
106000474,461,353,108
106000475,501,142,359
106000476,149,299,-150
106000477,59,58,1
106000480,1,631,-630
106900001,0,18,-18
106900002,1,164,-163
106900003,91,1063,-972
106900004,4,10,-6
106900006,0,8,-8
106900007,0,11,-11
106900008,635,76,559
106900009,408,89,319
106900010,338,211,127
106900012,844,3158,-2314
106900013,548,237,311
106900014,75,1,74
106900015,13,1,12
106900016,517,19,498
106900017,26,1,25
106900018,6,0,6
106900019,112,0,112
106900020,1728,2202,-474
106900021,177,149,28
106900022,1337,1,1336
106900023,51,149,-98
106900024,732,56,676
106900025,33,510,-477
106900026,0,148,-148
106900027,958,3,955
107000001,2983,6109,-3126
107000002,1373,2449,-1076
107000003,8143,6805,1338
107000004,3511,1971,1540
107000005,8532,6730,1802
107000006,3127,1557,1570
107000007,6070,9619,-3549
107000008,4640,3109,1531
107000009,10847,8706,2141
107000010,5814,4431,1383
107000011,604,723,-119
107000012,2106,1575,531
107000013,114,39,75
107000014,72,116,-44
107000015,542,311,231
107000016,899,370,529
107000017,820,3958,-3138
107000018,8,3406,-3398
107000020,722,3830,-3108
107000021,966,510,456
107000022,997,2109,-1112
107000023,1846,225,1621
107000024,821,1535,-714
107000025,269,316,-47
107000026,449,289,160
107000027,1756,900,856
107000028,1513,744,769
107000029,4510,3674,836
107000030,2382,1596,786
107000031,5654,2398,3256
107000032,322,739,-417
107000033,2168,3329,-1161
107000034,5330,1038,4292
107000035,502,200,302
107000036,530,1275,-745
107000037,131,785,-654
107000038,233,131,102
107000039,1192,817,375
107000040,278,158,120
107000041,1281,693,588
107000042,460,2289,-1829
107000043,1605,1046,559
107000044,309,180,129
107000045,102,184,-82
107000046,950,418,532
107000047,515,520,-5
107000048,743,337,406
107000049,574,683,-109
107000050,928,509,419
107000051,218,337,-119
107000052,1154,1520,-366
107000053,409,346,63
107000054,81,165,-84
107000055,474,165,309
107000056,545,501,44
107000057,1702,178,1524
107000058,2163,2782,-619
107000059,1752,2304,-552
107000060,5588,5589,-1
107000061,3707,1936,1771
107000062,6770,2935,3835
107000063,3647,2420,1227
107000064,6404,3164,3240
107000065,2794,2622,172
107000066,1834,3376,-1542
107000067,1582,1728,-146
107000068,984,1456,-472
107000069,1217,782,435
107000070,1413,48,1365
107000071,4259,58,4201
107000072,20,1089,-1069
107000073,1316,616,700
107000074,75,564,-489
107000075,2466,603,1863
107000076,320,696,-376
107000077,4278,1465,2813
107000078,1127,1642,-515
107000079,3078,1141,1937
107000080,676,1639,-963
107000081,3039,553,2486
107000082,623,621,2
107000083,1605,632,973
107000084,313,775,-462
107000085,3284,3555,-271
107000086,2560,2281,279
107000087,3886,2691,1195
107000088,2842,2811,31
107000089,2213,2310,-97
107000090,1308,789,519
107000091,2372,1275,1097
107000092,948,688,260
107000093,1701,1105,596
107000094,879,782,97
107000095,970,530,440
107000096,473,406,67
107000097,913,272,641
107000098,397,375,22
107000099,519,328,191
107000100,235,263,-28
107000101,142,244,-102
107000102,173,259,-86
107000103,325,188,137
107000104,166,299,-133
107000105,471,136,335
107000106,220,152,68
107000107,671,117,554
107000108,87,361,-274
107000109,874,145,729
107000110,100,208,-108
107000111,712,40,672
107000112,46,140,-94
107000113,986,117,869
107000114,91,299,-208
107000115,1111,503,608
107000116,97,484,-387
107000117,139,1948,-1809
107000118,48,145,-97
107000119,1312,1874,-562
107000120,876,689,187
107000121,1178,667,511
107000122,960,553,407
107000123,710,539,171
107000124,749,364,385
107000125,1595,469,1126
107000126,1449,267,1182
107000129,224,331,-107
107000130,938,228,710
107000131,322,415,-93
107000132,626,302,324
107000133,306,332,-26
107000134,288,2,286
107000135,0,437,-437
107000136,659,5,654
107000137,5,702,-697
107000138,224,20,204
107000139,30,805,-775
107000140,2086,89,1997
107000141,132,865,-733
107000142,641,104,537
107000143,55,562,-507
107000144,724,609,115
107000145,174,377,-203
107000146,197,326,-129
107000147,4837,721,4116
107000150,384,4143,-3759
107000151,32,38,-6
107000152,1035,2292,-1257
107000153,103,242,-139
107000154,26,448,-422
107000155,1176,10,1166
107000156,1665,11,1654
107000157,67,503,-436
107000158,1317,11,1306
107000159,51,421,-370
107000160,1833,153,1680
107000161,83,331,-248
107000162,369,681,-312
107000163,152,7,145
107000164,1000,6,994
107000165,1702,9,1693
107000166,29,300,-271
107000167,903,226,677
107000168,1218,521,697
107000169,541,440,101
107000170,3518,676,2842
107000171,485,628,-143
107000172,1902,1982,-80
107000173,356,450,-94
107000174,1281,7111,-5830
107000175,3261,958,2303
107000176,0,1,-1
107000177,1,3,-2
107000178,41,7,34
107000179,331,799,-468
107000180,2278,180,2098
107000181,539,500,39
107000182,2523,541,1982
107000183,249,485,-236
107000184,1612,429,1183
107000185,318,854,-536
107000186,1599,328,1271
107000187,1197,1154,43
107000188,657,488,169
107000189,763,719,44
107000190,730,540,190
107000191,1110,1051,59
107000192,1704,470,1234
107000193,405,551,-146
107000194,823,518,305
107000197,957,241,716
107000198,357,440,-83
107000199,1389,677,712
107000200,741,792,-51
107000201,467,642,-175
107000202,441,453,-12
107000203,732,2009,-1277
107000204,732,2211,-1479
107000205,1064,711,353
107000206,491,1916,-1425
107000207,560,1596,-1036
107000208,587,586,1
107000209,719,1128,-409
107000210,154,200,-46
107000211,1,74,-73
107000212,7,195,-188
107000213,22,33,-11
107000214,6,82,-76
107000215,678,193,485
107000216,576,254,322
107000217,187,70,117
107000219,140,348,-208
107000220,212,92,120
107000222,210,350,-140
107000224,708,73,635
107000225,205,217,-12
107000226,620,96,524
107000227,108,101,7
107000228,376,352,24
107000229,92,139,-47
107000230,1227,425,802
107000231,564,2288,-1724
107000232,214,18,196
107000233,245,1130,-885
107000234,4,77,-73
107000235,121,25,96
107000236,8,401,-393
107000237,16,0,16
107000238,54,6,48
107000239,3471,597,2874
107000240,73,433,-360
107000243,0,26,-26
107000244,4,53,-49
107000246,1,925,-924
107000249,4,884,-880
107000251,2,369,-367
107000252,1,474,-473
107000255,200,212,-12
107000257,1,419,-418
107000258,4,164,-160
107000259,4,164,-160
107000260,2115,17,2098
107000262,34,260,-226
107000263,475,7,468
107000266,18,22,-4
107000267,71,69,2
107000268,198,59,139
107000269,92,5,87
107000270,402,129,273
107000271,3,0,3
107000272,230,0,230
107000273,12,587,-575
107000274,542,700,-158
107000275,26,3098,-3072
107000280,1526,20,1506
107000281,27,252,-225
107000282,82,409,-327
107000290,20,50,-30
107000291,32,8,24
107000292,3,353,-350
107000293,57,18,39
107000294,0,43,-43
107000295,36,0,36
107000296,3,20,-17
107000444,236,1,235
107000496,6,4,2
107000497,921,1082,-161
107000500,358,355,3
107000501,161,221,-60
107000502,163,308,-145
107000505,266,686,-420
107000506,0,1,-1
107000508,5,181,-176
107000509,140,740,-600
107000510,93,52,41
107000514,55,404,-349
107000515,51,76,-25
107000516,563,344,219
107000518,1584,2927,-1343
107000519,1194,559,635
107000520,108,56,52
107000521,1019,228,791
107000522,1541,343,1198
107900001,119,47,72
107900002,69,17,52
107900003,789,21,768
107900004,18,0,18
107900005,2392,9,2383
107900006,206,3,203
107900007,546,42,504
107900008,48,16,32
107900009,165,18,147
107900010,78,4,74
107900012,386,79,307
107900013,154,7,147
107900014,82,2,80
107900015,1725,18,1707
107900016,399,64,335
107900017,20,1,19
107900018,84,359,-275
107900019,9,14,-5
107900020,37,30,7
107900021,136,42,94
107900023,4,0,4
107900024,2,12,-10
107900025,282,135,147
107900026,78,10,68
107900027,23,55,-32
107900028,202,23,179
107900030,269,69,200
107900031,155,76,79
107900032,6,1,5
107900033,24,3,21
107900034,330,15,315
107900035,1799,108,1691
107900036,121,48,73
107900037,1,12,-11
107900038,48,287,-239
107900039,47,25,22
107900040,8,300,-292
107900041,1,1,0
107900043,80,103,-23
107900044,29,10,19
107900045,176,65,111
107900046,381,227,154
107900047,47,17,30
107900048,355,25,330
107900049,256,1040,-784
107900050,63,138,-75
107900051,70,40,30
107900052,14,99,-85
107900053,106,38,68
107900055,447,240,207
107900056,148,74,74
107900057,14,0,14
107900058,16,302,-286
107900060,4,28,-24
107900061,3,9,-6
107900063,104,120,-16
107900064,192,321,-129
107900065,421,13,408
107900066,26,2,24
107900067,0,0,0
107900068,146,1281,-1135
107900069,21,3552,-3531
107900070,207,115,92
107900071,27,246,-219
107900072,293,62,231
107900073,145,37,108
107900074,206,379,-173
107900076,207,15,192
107900077,144,8,136
107900079,13,19,-6
107900080,197,1013,-816
107900081,117,86,31
107900082,7,10,-3
107900083,359,179,180
107900084,121,103,18
107900086,113,269,-156
107900087,221,125,96
107900088,126,40,86
107900089,258,697,-439
107900090,407,2147,-1740
107900091,136,108,28
107900093,76,63,13
107900095,1586,1828,-242
107900097,29,44,-15
107900098,85,158,-73
107900100,945,1596,-651
107900101,337,73,264
107900102,42,10,32
107900103,70,139,-69
107900104,251,4,247
107900105,31,98,-67
107900106,3,364,-361
107900107,708,389,319
107900108,147,106,41
107900109,2086,32,2054
107900110,64,28,36
107900111,5,269,-264
107900112,73,587,-514
107900113,310,48,262
107900114,347,57,290
107900115,0,14,-14
107900116,266,54,212
107900117,218,69,149
107900118,28,81,-53
107900119,119,231,-112
107900120,59,74,-15
107900121,1,109,-108
107900122,0,224,-224
107900123,27,65,-38
107900124,1,104,-103
107900125,36,203,-167
107900126,46,66,-20
107900127,316,338,-22
107900128,93,75,18
107900129,137,5,132
107900130,115,7,108
107900131,117,694,-577
107900132,46,201,-155
107900133,0,26,-26
107900134,61,106,-45
107900135,7,105,-98
107900136,48,24,24
107900137,163,98,65
107900138,106,28,78
107900139,84,27,57
107900141,15,19,-4
107900142,56,500,-444
107900143,27,33,-6
107900144,0,106,-106
107900145,15,41,-26
107900146,22,119,-97
107900147,44,53,-9
107900148,158,63,95
107900149,436,73,363
107900150,49,195,-146
107900151,74,46,28
107900152,14,76,-62
107900153,94,276,-182
107900154,55,35,20
107900155,98,86,12
107900156,1,84,-83
107900157,17,29,-12
107900158,984,51,933
107900159,25,275,-250
107900160,242,103,139
107900161,49,24,25
107900162,0,29,-29
107900163,42,93,-51
107900164,41,41,0
107900165,15,146,-131
107900166,38,24,14
107900167,6,97,-91
107900168,60,14,46
107900169,3,546,-543
107900171,0,245,-245
107900172,1,146,-145
107900173,47,48,-1
107900174,194,3,191
107900175,34,74,-40
107900176,88,12,76
107900177,1,83,-82
107900178,0,67,-67
107900179,24,53,-29
107900180,430,1223,-793
107900181,190,190,0
107900182,1,298,-297
107900183,78,39,39
107900184,118,81,37
107900185,182,9,173
107900186,39,44,-5
107900187,0,70,-70
107900188,356,118,238
107900189,20,88,-68
107900190,35,161,-126
107900191,37,76,-39
107900193,1,54,-53
107900194,193,17,176
107900195,962,175,787
107900196,156,36,120
107900197,197,372,-175
107900199,0,324,-324
107900201,90,45,45
107900203,30,19,11
107900204,205,168,37
107900206,592,674,-82
107900207,2,161,-159
107900208,36,166,-130
107900209,204,133,71
107900210,28,35,-7
107900213,225,294,-69
107900214,18,39,-21
107900215,79,419,-340
107900216,49,33,16
107900217,36,54,-18
107900218,7,1218,-1211
107900219,33,17,16
107900220,72,240,-168
107900221,52,130,-78
107900223,130,130,0
107900224,63,359,-296
107900225,13,258,-245
107900226,44,47,-3
107900227,92,215,-123
107900228,51,64,-13
107900229,1,65,-64
107900230,28,18,10
107900231,39,72,-33
107900232,127,41,86
107900233,18,56,-38
107900234,125,96,29
107900235,14,90,-76
107900236,367,48,319
107900237,10,173,-163
107900238,60,43,17
107900239,200,505,-305
107900240,20,34,-14
107900241,3,29,-26
107900242,30,45,-15
107900243,7,40,-33
107900244,426,0,426
107900245,1044,39,1005
107900246,287,23,264
107900248,204,97,107
107900249,1296,70,1226
107900250,8,242,-234
107900251,27,1022,-995
107900252,873,33,840
107900253,236,11,225
107900254,52,200,-148
107900255,116,83,33
107900256,524,984,-460
107900257,334,107,227
107900258,146,91,55
107900259,38,3700,-3662
107900261,4,129,-125
107900262,45,41,4
107900264,599,34,565
107900265,156,87,69
107900267,466,4,462
107900268,13,0,13
107900269,0,1,-1
107900270,3,0,3
107900271,5,31,-26
107900272,29,42,-13
107900273,44,54,-10
107900274,204,1,203
107900275,46,0,46
107900276,0,58,-58
107900277,0,74,-74
107900278,526,141,385
107900279,86,90,-4
107900280,2522,1271,1251
107900281,725,5638,-4913
107900282,40,917,-877
107900283,576,802,-226
107900284,809,463,346
107900285,136,29,107
107900286,18,62,-44
107900287,375,171,204
107900290,1,405,-404
107900291,659,38,621
107900292,128,57,71
107900293,85,131,-46
107900295,64,18,46
107900297,5,215,-210
107900298,412,309,103
107900299,1413,3008,-1595
107900301,921,861,60
107900302,112,32,80
107900303,255,112,143
107900304,487,97,390
107900305,366,16,350
107900306,5,50,-45
107900307,21,155,-134
107900308,158,204,-46
107900309,39,1,38
107900310,45,1,44
107900311,5,407,-402
107900312,60,1,59
107900313,0,136,-136
107900314,1,79,-78
107900315,2,41,-39
107900316,30,1,29
107900317,81,8,73
107900318,3,168,-165
107900319,11,63,-52
107900320,8,51,-43
107900321,212,3,209
107900322,2,26,-24
107900323,10,87,-77
107900324,88,2,86
107900325,210,0,210
107900326,461,109,352
107900327,2,151,-149
107900328,29,0,29
107900329,70,205,-135
107900330,10,88,-78
107900331,519,11,508
107900332,606,5,601
107900333,88,39,49
107900334,1,32,-31
107900335,18,26,-8
107900336,41,81,-40
107900337,383,1231,-848
107900338,8,57,-49
107900339,2,8,-6
107900340,0,70,-70
107900341,56,2,54
107900342,145,80,65
107900343,36,5,31
107900344,16,32,-16
107900345,70,39,31
107900346,8,0,8
107900347,12,1,11
107900348,3,4,-1
107900349,32,8,24
107900350,15,108,-93
107900351,10,57,-47
107900352,0,13,-13
107900353,29,14,15
107900354,29,23,6
108000001,4697,3944,753
108000002,1888,1437,451
108000003,3025,3807,-782
108000004,9222,10198,-976
108000005,7624,6388,1236
108000006,3850,4238,-388
108000007,5178,5039,139
108000008,3006,3830,-824
108000009,5431,5718,-287
108000010,2311,3096,-785
108000011,13593,11582,2011
108000012,8835,8340,495
108000014,618,1421,-803
108000015,1078,216,862
108000016,260,772,-512
108000017,1236,352,884
108000018,2146,552,1594
108000019,1106,725,381
108000020,1323,455,868
108000021,253,1015,-762
108000022,293,667,-374
108000023,1718,311,1407
108000024,477,282,195
108000025,474,152,322
108000026,1282,208,1074
108000027,958,310,648
108000028,1270,165,1105
108000029,869,425,444
108000030,502,134,368
108000031,210,283,-73
108000032,2599,688,1911
108000033,589,572,17
108000034,2040,562,1478
108000035,586,1103,-517
108000036,373,590,-217
108000037,2539,310,2229
108000038,3718,500,3218
108000039,421,1039,-618
108000040,2512,963,1549
108000041,454,1314,-860
108000042,501,145,356
108000043,257,101,156
108000044,919,100,819
108000045,342,164,178
108000046,1971,372,1599
108000047,270,376,-106
108000048,100,198,-98
108000049,1126,195,931
108000050,58,359,-301
108000051,582,265,317
108000052,125,341,-216
108000053,554,277,277
108000054,367,773,-406
108000055,1121,792,329
108000056,732,1290,-558
108000057,687,1648,-961
108000058,2221,4881,-2660
108000059,1766,1162,604
108000060,279,1089,-810
108000061,171,327,-156
108000062,1339,588,751
108000063,373,274,99
108000064,315,176,139
108000065,622,322,300
108000066,1440,799,641
108000067,2254,777,1477
108000068,1128,458,670
108000069,122,422,-300
108000070,2505,792,1713
108000071,485,866,-381
108000072,1885,847,1038
108000073,772,872,-100
108000074,732,394,338
108000075,302,379,-77
108000076,1129,500,629
108000077,435,359,76
108000078,2509,1032,1477
108000079,601,749,-148
108000080,1933,441,1492
108000081,559,712,-153
108000082,637,993,-356
108000083,2057,974,1083
108000084,273,566,-293
108000085,1441,636,805
108000086,443,344,99
108000087,247,2510,-2263
108000088,985,213,772
108000089,351,290,61
108000091,197,336,-139
108000092,211,65,146
108000093,334,345,-11
108000094,870,88,782
108000095,200,190,10
108000096,570,147,423
108000097,208,218,-10
108000098,2221,912,1309
108000099,1171,184,987
108000100,188,673,-485
108000101,1721,1769,-48
108000102,1766,4296,-2530
108000106,1040,1,1039
108000107,4,590,-586
108000108,661,99,562
108000109,5,577,-572
108000110,497,244,253
108000111,249,398,-149
108000112,67,175,-108
108000113,287,166,121
108000115,173,265,-92
108000117,354,467,-113
108000118,372,2548,-2176
108000119,441,186,255
108000120,184,971,-787
108000121,218,247,-29
108000122,872,336,536
108000123,945,155,790
108000124,446,410,36
108000125,867,122,745
108000126,275,218,57
108000127,749,268,481
108000128,759,188,571
108000129,551,686,-135
108000130,647,177,470
108000131,945,543,402
108000132,641,730,-89
108000133,1276,472,804
108000134,651,263,388
108000135,1247,601,646
108000136,248,339,-91
108000137,680,142,538
108000138,523,471,52
108000139,671,200,471
108000140,449,28,421
108000141,50,23,27
108000142,64,61,3
108000143,44,167,-123
108000144,757,59,698
108000145,53,3,50
108000146,1198,41,1157
108000147,31,3,28
108000148,916,54,862
108000149,37,6,31
108000150,120,9,111
108000151,91,78,13
108000152,137,219,-82
108000153,1061,147,914
108000154,33,6,27
108000155,70,21,49
108000156,654,436,218
108000157,165,1998,-1833
108000158,109,1095,-986
108000159,287,319,-32
108000160,1357,1259,98
108000161,1205,4478,-3273
108000165,10,337,-327
108000172,4,399,-395
108000173,621,2456,-1835
108000175,1020,125,895
108000178,286,323,-37
108000179,186,1068,-882
108000181,154,29,125
108000182,141,82,59
108000183,13,267,-254
108000184,549,3716,-3167
108000185,350,170,180
108000186,541,154,387
108000187,128,154,-26
108000188,841,97,744
108000189,1165,14373,-13208
108000190,25,78,-53
108000192,358,182,176
108000193,301,10,291
108000194,23,14,9
108000195,0,432,-432
108000196,287,133,154
108000198,1105,120,985
108000199,1,374,-373
108000200,570,123,447
108000203,247,194,53
108000204,210,91,119
108000205,142,167,-25
108000339,835,458,377
108000364,157,623,-466
108000365,60,259,-199
108000367,204,177,27
108000368,41,40,1
108000369,411,197,214
108000371,6,523,-517
108000372,857,4,853
108000373,245,58,187
108000376,152,36,116
108000377,817,124,693
108000378,8716,13851,-5135
108000379,35,164,-129
108000381,145,8,137
108000382,178,20,158
108000383,4,244,-240
108900001,42,272,-230
108900002,186,95,91
108900003,183,441,-258
108900004,405,528,-123
108900007,345,119,226
108900008,190,72,118
108900009,141,109,32
108900010,414,108,306
108900011,1123,279,844
108900012,541,229,312
108900013,191,193,-2
108900014,22,82,-60
108900015,1,123,-122
108900016,7,222,-215
108900017,158,317,-159
108900018,227,203,24
108900019,18,155,-137
108900020,58,82,-24
108900021,148,123,25
108900022,112,23,89
108900023,12,47,-35
108900024,38,26,12
108900025,353,45,308
108900026,16,35,-19
108900027,0,25,-25
108900028,112,44,68
108900029,102,163,-61
108900030,0,22,-22
108900031,186,117,69
108900032,3,74,-71
108900033,0,52,-52
108900034,1,74,-73
108900035,239,338,-99
108900038,0,100,-100
108900039,1,116,-115
108900040,10,30,-20
108900041,2667,3350,-683
108900042,6,311,-305
108900043,36,191,-155
108900044,0,131,-131
108900045,102,117,-15
108900046,30,155,-125
108900047,0,245,-245
108900048,102,297,-195
108900049,978,2685,-1707
108900050,0,49,-49
108900051,0,65,-65
108900052,21,109,-88
108900053,59,415,-356
108900054,29,77,-48
108900055,26,262,-236
108900056,5,51,-46
108900057,1,33,-32
108900058,29,129,-100
108900059,932,43,889
108900060,79,192,-113
108900061,62,19,43
108900062,2,104,-102
108900063,13,72,-59
108900064,418,14,404
108900065,8,67,-59
108900066,583,121,462
108900067,10,94,-84
108900068,8,40,-32
108900069,84,31,53
108900070,36,34,2
108900071,137,59,78
108900072,1040,393,647
108900073,48,95,-47
108900074,428,55,373
108900075,15,27,-12
108900076,618,62,556
108900077,56,160,-104
108900078,71,28,43
108900079,337,95,242
108900080,12,1045,-1033
108900081,31,168,-137
108900082,151,40,111
108900083,11,251,-240
108900085,935,94,841
108900086,253,71,182
108900087,60,132,-72
108900088,787,329,458
108900089,24,150,-126
108900090,110,51,59
108900091,151,23,128
108900092,562,246,316
108900093,99,94,5
108900094,286,72,214
108900095,9,142,-133
108900096,160,6,154
108900097,384,65,319
108900098,877,1032,-155
108900099,552,88,464
108900100,67,89,-22
108900101,196,325,-129
108900102,36,1350,-1314
108900103,164,210,-46
108900105,3,2112,-2109
108900106,551,132,419
108900108,391,22,369
108900109,734,65,669
108900110,189,131,58
108900111,559,206,353
108900113,54,62,-8
108900114,142,14,128
108900115,117,111,6
108900116,124,6,118
108900117,345,31,314
108900118,825,26,799
108900119,409,31,378
108900120,354,228,126
108900121,339,165,174
108900122,250,23,227
108900123,260,148,112
108900124,947,317,630
108900125,803,0,803
108900126,252,54,198
108900127,294,19,275
108900128,277,57,220
108900129,1320,202,1118
108900130,704,2,702
108900131,431,6,425
108900132,689,35,654
108900133,487,115,372
108900134,972,103,869
108900135,392,25,367
108900136,37,3,34
108900137,322,0,322
108900138,1207,47,1160
108900140,636,89,547
108900141,657,10,647
108900142,122,6,116
108900143,175,3,172
108900144,119,0,119
108900145,265,19,246
108900146,108,0,108
108900147,392,1,391
108900148,73,19,54
108900150,284,13,271
108900151,52,8,44
108900152,250,48,202
108900153,233,118,115
108900154,5438,424,5014
108900156,115,0,115
108900157,25,161,-136
108900158,638,39,599
108900159,1,96,-95
108900160,29,187,-158
108900161,9,235,-226
108900162,240,6,234
108900163,4,446,-442
108900164,72,38,34
108900168,2969,2670,299
108900169,94,137,-43
108900171,1809,3603,-1794
108900172,253,76,177
108900173,106,219,-113
108900174,1354,394,960
108900176,131,301,-170
108900177,2409,8996,-6587
108900178,1761,4815,-3054
108900180,108,303,-195
108900183,122,199,-77
108900184,535,132,403
108900185,87,191,-104
108900186,61,170,-109
108900189,468,91,377
108900190,152,1239,-1087
108900192,61,159,-98
108900195,121,76,45
108900196,63,140,-77
108900199,159,221,-62
108900200,628,323,305
108900201,402,817,-415
108900203,530,247,283
108900204,454,12,442
108900205,306,25,281
108900206,360,63,297
108900207,219,214,5
108900208,20,243,-223
108900209,165,348,-183
108900210,118,132,-14
108900211,177,754,-577
108900212,179,1801,-1622
108900215,80,317,-237
108900216,208,397,-189
108900217,52,0,52
108900218,52,5,47
108900221,18,71,-53
108900224,43,131,-88
108900225,0,154,-154
108900227,179,395,-216
108900230,74,133,-59
108900232,0,98,-98
108900233,494,138,356
108900234,274,148,126
108900235,143,195,-52
108900236,55,134,-79
108900240,146,74,72
108900241,53,37,16
108900245,10,1878,-1868
108900250,283,50,233
108900258,3,50,-47
108900259,30,26,4
108900260,8,24,-16
108900261,41,60,-19
108900262,86,100,-14
108900263,42,190,-148
108900264,179,302,-123
108900265,594,544,50
108900266,270,1214,-944
108900267,1,231,-230
108900268,6,11,-5
108900269,158,31,127
108900270,142,11,131
108900271,72,9,63
108900272,386,22,364
108900273,285,944,-659
108900274,105,34,71
109000001,3169,2760,409
109000002,813,2432,-1619
109000003,3519,468,3051
109000004,579,1703,-1124
109000005,2580,642,1938
109000006,705,1670,-965
109000007,2076,675,1401
109000008,772,1417,-645
109000009,3606,1401,2205
109000010,919,2346,-1427
109000011,5103,2361,2742
109000012,1681,2127,-446
109000013,5128,4209,919
109000014,1864,1911,-47
109000015,4075,11284,-7209
109000016,4620,2000,2620
109000017,3728,1208,2520
109000018,1300,1624,-324
109000019,3051,1596,1455
109000020,896,1702,-806
109000023,249,15,234
109000024,10,123,-113
109000025,358,678,-320
109000026,583,332,251
109000027,133,434,-301
109000028,94,41,53
109000029,123,440,-317
109000030,35,308,-273
109000031,209,123,86
109000032,116,403,-287
109000033,449,188,261
109000034,47,54,-7
109000035,6,96,-90
109000036,35,290,-255
109000037,428,2718,-2290
109000038,316,257,59
109000039,1201,868,333
109000040,2808,15091,-12283
109000041,1423,2672,-1249
109000042,392,1438,-1046
109000044,384,122,262
109000045,65,355,-290
109000046,542,80,462
109000047,84,337,-253
109000048,552,268,284
109000049,214,433,-219
109000050,424,256,168
109000051,131,84,47
109000052,556,367,189
109000053,317,84,233
109000054,211,297,-86
109000055,252,365,-113
109000056,371,227,144
109000057,905,397,508
109000058,390,107,283
109000059,312,1344,-1032
109000060,204,663,-459
109000061,498,1523,-1025
109000062,139,429,-290
109000063,202,78,124
109000064,401,130,271
109000065,254,127,127
109000066,532,35,497
109000067,101,136,-35
109000068,817,2,815
109000069,677,27,650
109000070,83,1898,-1815
109000071,625,91,534
109000072,83,237,-154
109000073,109,119,-10
109000074,14,133,-119
109000075,48,287,-239
109000076,124,341,-217
109000077,265,123,142
109000078,140,164,-24
109000079,95,73,22
109000080,411,83,328
109000081,176,265,-89
109000082,1198,123,1075
109000083,316,309,7
109000088,204,239,-35
109000089,320,82,238
109000090,150,203,-53
109000091,490,158,332
109000092,280,260,20
109000093,414,181,233
109000094,1040,5,1035
109000095,185,184,1
109000096,983,232,751
109000097,90,111,-21
109000098,42,109,-67
109000099,759,155,604
109000100,344,600,-256
109000101,1742,481,1261
109000102,613,491,122
109000103,765,404,361
109000104,2436,430,2006
109000105,582,644,-62
109000106,2144,529,1615
109000107,576,998,-422
109000108,2306,533,1773
109000109,404,805,-401
109000110,1421,452,969
109000111,701,1800,-1099
109000112,296,89,207
109000113,323,82,241
109000114,124,295,-171
109000115,1007,66,941
109000116,19,249,-230
109000117,334,42,292
109000118,14,191,-177
109000119,1869,102,1767
109000120,307,234,73
109000121,840,33,807
109000122,208,186,22
109000123,72,49,23
109000124,1074,197,877
109000125,999,277,722
109000126,588,282,306
109000127,1428,166,1262
109000128,727,624,103
109000129,3065,594,2471
109000130,315,653,-338
109000131,1015,782,233
109000132,448,945,-497
109000133,281,513,-232
109000134,631,759,-128
109000135,685,849,-164
109000136,224,227,-3
109000137,366,337,29
109000138,701,159,542
109000139,632,214,418
109000140,222,132,90
109000141,708,271,437
109000142,139,358,-219
109000143,95,83,12
109000145,118,467,-349
109000146,72,57,15
109000148,1301,1619,-318
109000149,31,106,-75
109000150,85,319,-234
109000155,1130,669,461
109000156,883,287,596
109000158,96,94,2
109000159,38,258,-220
109000160,1316,105,1211
109000161,578,585,-7
109000162,2206,431,1775
109000163,1426,1096,330
109000164,1559,1637,-78
109000165,1711,448,1263
109000166,1227,89,1138
109000167,135,278,-143
109000170,76,36,40
109000171,162,33,129
109000172,19,44,-25
109000173,32,122,-90
109000174,213,22,191
109000175,54,38,16
109000176,595,118,477
109000177,39,54,-15
109000178,1020,189,831
109000179,2116,5854,-3738
109000180,2735,3134,-399
109000181,28,16,12
109000182,89,10,79
109000183,51,12,39
109000184,56,11,45
109000185,59,14,45
109000188,493,839,-346
109000189,2902,446,2456
109000190,829,367,462
109000191,414,367,47
109000192,667,93,574
109000193,346,108,238
109000194,337,47,290
109000195,189,100,89
109000196,325,48,277
109000197,164,191,-27
109000198,409,36,373
109000199,164,228,-64
109000206,274,45,229
109000207,240,37,203
109000208,147,154,-7
109000209,159,111,48
109000210,110,285,-175
109000211,947,383,564
109000214,485,128,357
109000215,164,52,112
109000216,417,344,73
109000217,122,135,-13
109000218,276,232,44
109000221,254,552,-298
109000222,791,235,556
109000223,514,355,159
109000224,77,54,23
109000225,207,39,168
109000226,62,134,-72
109000227,1675,389,1286
109000228,7,2541,-2534
109000231,2,97,-95
109000232,660,123,537
109000236,228,431,-203
109000241,1908,1193,715
109000242,1569,669,900
109000293,18,55,-37
109000361,108,143,-35
109000364,119,243,-124
109000396,2,235,-233
109000397,813,15,798
109000399,139,342,-203
109000400,128,128,0
109000403,35,899,-864
109000406,623,2,621
109000407,287,125,162
109000408,1,298,-297
109000410,1048,158,890
109000411,389,34,355
109900001,199,0,199
109900002,1025,24,1001
109900003,563,1,562
109900004,354,27,327
109900005,23,4,19
109900006,579,99,480
109900007,1451,159,1292
109900008,0,23,-23
109900009,140,162,-22
109900010,689,16,673
109900011,61,53,8
109900012,346,343,3
109900013,404,216,188
109900014,497,37,460
109900015,152,138,14
109900016,161,9,152
109900017,219,262,-43
109900018,191,19,172
109900019,318,35,283
109900020,53,34,19
109900021,43,16,27
109900022,184,202,-18
109900023,30,3,27
109900024,11,4,7
109900025,39,33,6
109900026,2,147,-145
109900027,41,45,-4
109900028,356,1753,-1397
109900029,1,155,-154
109900030,48,10,38
109900031,1,171,-170
109900032,7,192,-185
109900033,4,329,-325
109900034,56,7,49
109900035,20,36,-16
109900036,27,17,10
109900037,24,271,-247
109900038,109,152,-43
109900039,23,0,23
109900040,43,226,-183
109900041,61,121,-60
109900042,37,665,-628
109900044,139,101,38
109900045,142,138,4
109900046,182,66,116
109900047,163,195,-32
109900048,3,43,-40
109900049,15,17,-2
109900050,1,85,-84
109900051,2,12,-10
109900052,46,93,-47
109900053,1,71,-70
109900054,1065,138,927
109900055,84,104,-20
109900056,36,403,-367
109900057,2,65,-63
109900058,0,39,-39
109900059,1312,85,1227
109900060,985,59,926
109900061,30,113,-83
109900062,1,39,-38
109900063,4,263,-259
109900064,728,153,575
109900065,77,87,-10
109900066,266,373,-107
109900067,0,60,-60
109900068,69,4,65
109900069,52,12,40
109900070,24,119,-95
109900071,11,7,4
109900072,10,88,-78
109900073,478,69,409
109900074,21,8,13
109900075,26,37,-11
109900076,16,96,-80
109900077,31,19,12
109900078,57,202,-145
109900080,105,113,-8
109900081,15,194,-179
109900082,43,142,-99
109900083,19,49,-30
109900084,86,80,6
109900085,68,201,-133
109900086,134,670,-536
109900087,103,390,-287
109900089,988,209,779
109900090,207,454,-247
109900091,457,66,391
109900092,439,21,418
109900093,1379,163,1216
109900094,149,74,75
109900095,45,133,-88
109900096,176,7,169
109900097,191,4,187
109900098,812,23,789
109900099,502,3,499
109900100,89,3,86
109900101,774,21,753
109900102,531,25,506
109900103,18,18,0
109900104,1201,221,980
109900105,702,27,675
109900106,386,27,359
109900107,667,49,618
109900108,158,97,61
109900109,42,46,-4
109900110,54,97,-43
109900111,99,264,-165
109900112,142,212,-70
109900113,1025,569,456
109900114,822,1379,-557
109900115,192,99,93
109900117,1341,78,1263
109900118,87,215,-128
109900119,283,257,26
109900120,68,22,46
109900121,298,273,25
109900122,745,8,737
109900123,27,51,-24
109900124,34,174,-140
109900125,0,153,-153
109900126,327,21,306
109900128,420,31,389
109900130,2257,3225,-968
109900131,21,111,-90
109900132,21,107,-86
109900133,89,192,-103
109900134,39,95,-56
109900135,220,29,191
109900136,29,46,-17
109900137,245,112,133
109900140,236,41,195
109900142,1647,215,1432
109900145,4,539,-535
109900146,208,48,160
109900148,29,81,-52
109900149,32,57,-25
109900150,2,43,-41
109900151,12,10,2
109900152,2,23,-21
109900153,0,78,-78
109900154,61,0,61
109900155,90,34,56
109900157,60,131,-71
109900158,47,186,-139
109900159,172,26,146
109900160,185,63,122
109900161,351,102,249
109900162,360,136,224
109900163,214,133,81
109900164,57,203,-146
109900165,360,2,358
109900166,3,62,-59
109900167,169,200,-31
109900168,326,389,-63
109900169,168,82,86
109900170,284,1383,-1099
109900171,281,82,199
109900172,323,324,-1
109900173,859,3033,-2174
109900174,58,108,-50
109900175,106,68,38
109900176,114,143,-29
109900177,25,70,-45
109900178,8,182,-174
109900179,22,17,5
109900180,13,14,-1
110000001,607,479,128
110000002,543,798,-255
110000003,621,752,-131
110000004,463,698,-235
110000005,278,2007,-1729
110000006,252,278,-26
110000007,131,89,42
110000008,31,109,-78
110000009,31,42,-11
110000010,50,123,-73
110000011,40,42,-2
110000012,722,211,511
110000013,95,898,-803
110000014,470,328,142
110000015,227,631,-404
110000016,193,1707,-1514
110000017,2735,248,2487
110000018,1890,299,1591
110000019,5,113,-108
110000020,630,251,379
110000021,229,446,-217
110000022,868,137,731
110000023,7,154,-147
110000024,509,334,175
110000025,631,6,625
110000026,4,227,-223
110000027,532,1264,-732
110000028,1018,653,365
110000029,588,609,-21
110000030,325,309,16
110000031,415,281,134
110000032,831,292,539
110000033,234,240,-6
110000034,505,508,-3
110000035,690,416,274
110000036,1208,446,762
110000037,219,306,-87
110000038,210,618,-408
110000039,987,4817,-3830
110000040,265,165,100
110000041,223,2222,-1999
110000042,79,328,-249
110000043,651,331,320
110000044,29,522,-493
110000045,163,123,40
110000046,3,116,-113
110000047,11,139,-128
110000048,1,22,-21
110000049,19,17,2
110000050,5,88,-83
110000051,32,7,25
110000052,75,44,31
110000053,29,13,16
110000054,144,887,-743
110000055,150,110,40
110000056,103,155,-52
110000057,354,608,-254
110000058,807,350,457
110000059,952,481,471
110000060,1247,830,417
110000061,505,608,-103
110000062,650,893,-243
110000063,86,253,-167
110000064,143,47,96
110000065,128,122,6
110000066,71,22,49
110000067,46,154,-108
110000068,367,64,303
110000069,468,52,416
110000071,345,39,306
110000073,63,10,53
110000075,23,103,-80
110000076,365,317,48
110000077,260,788,-528
110000078,64,14,50
110000080,290,390,-100
110000081,82,192,-110
110000082,46,342,-296
110000083,289,336,-47
110000084,1503,1146,357
110000085,793,1111,-318
110000086,1060,2628,-1568
110000087,8,38,-30
110000088,98,202,-104
110000089,367,31,336
110000090,120,169,-49
110000091,792,172,620
110000092,36,37,-1
110000093,75,32,43
110000094,397,119,278
110000095,160,680,-520
110000096,1212,1804,-592
110000097,948,1888,-940
110000098,1848,757,1091
110000099,695,1328,-633
110000100,1367,222,1145
110000101,33,139,-106
110000102,165,37,128
110000104,590,215,375
110000105,88,210,-122
110000106,579,566,13
110000107,194,257,-63
110000108,148,98,50
110000109,168,255,-87
110000110,1344,3646,-2302
110000111,2819,3367,-548
110000112,254,1293,-1039
110000113,96,2706,-2610
110000114,398,597,-199
110000115,482,227,255
110000116,75,66,9
110000117,389,174,215
110000118,631,166,465
110000119,285,135,150
110000120,337,126,211
110000121,67,274,-207
110000122,258,298,-40
110000123,623,514,109
110000124,3,558,-555
110000125,1357,8,1349
110000126,370,24,346
110000127,1384,92,1292
110000128,33,538,-505
110000129,9,296,-287
110000130,356,254,102
110000131,105,288,-183
110000132,0,289,-289
110000133,53,422,-369
110000134,26,273,-247
110000135,242,34,208
110000136,110,286,-176
110000137,768,310,458
110000138,885,495,390
110000139,1315,420,895
110000140,960,789,171
110000143,418,275,143
110000144,2417,2466,-49
110000145,1530,1555,-25
110000146,1143,605,538
110000147,557,698,-141
110000148,722,156,566
110000151,639,1651,-1012
110000152,559,645,-86
110000153,130,14,116
110000154,14,23,-9
110000155,493,3509,-3016
110000156,910,2395,-1485
110000157,1236,2681,-1445
110000160,380,311,69
110000161,198,122,76
110000166,777,45,732
110000167,1068,618,450
110000168,968,548,420
110000169,895,361,534
110000170,282,85,197
110000171,698,146,552
110000172,242,429,-187
110000173,634,689,-55
110000174,115,551,-436
110000175,1095,44,1051
110000176,112,566,-454
110000177,237,1469,-1232
110000178,438,2425,-1987
110000179,950,271,679
110000180,253,118,135
110000181,954,374,580
110000182,278,76,202
110000183,4985,7893,-2908
110000184,253,2707,-2454
110000185,551,807,-256
110000186,598,723,-125
110000191,1637,133,1504
110000192,741,28,713
110000193,1490,17,1473
110000194,12,445,-433
110000195,668,108,560
110000196,553,74,479
110000197,152,64,88
110000198,79,38,41
110000199,69,102,-33
110000200,634,258,376
110000201,1037,1184,-147
110000202,1149,562,587
110000203,383,468,-85
110000204,9,152,-143
110000205,271,46,225
110000206,430,537,-107
110000207,1493,269,1224
110000208,182,246,-64
110000209,70,955,-885
110000210,1780,337,1443
110000211,874,595,279
110000212,469,1150,-681
110000213,370,71,299
110000214,497,59,438
110000215,250,156,94
110000216,141,99,42
110000217,531,69,462
110000218,274,118,156
110000219,550,23,527
110000220,79,161,-82
110000221,533,15,518
110000222,73,290,-217
110000223,16,224,-208
110000224,9,9,0
110000225,269,639,-370
110000226,281,28,253
110000227,898,967,-69
110000228,350,76,274
110000229,0,71,-71
110000230,585,654,-69
110000231,277,198,79
110000232,132,215,-83
110000233,172,231,-59
110000234,402,1313,-911
110000235,939,843,96
110000236,689,379,310
110000237,2442,1285,1157
110000238,882,1007,-125
110000239,1992,765,1227
110000240,1,39,-38
110000242,0,12,-12
110000243,220,36,184
110000244,121,422,-301
110000245,29,260,-231
110000246,745,347,398
110000247,794,2887,-2093
110000248,1074,1154,-80
110000249,67,6,61
110000250,23,99,-76
110000251,475,208,267
110000252,315,95,220
110000253,1593,395,1198
110000254,436,469,-33
110000255,109,536,-427
110000256,481,204,277
110000257,468,361,107
110000258,9,231,-222
110000259,194,15,179
110000260,34,55,-21
110000263,408,43,365
110000264,510,162,348
110000265,1337,1653,-316
110000266,957,2130,-1173
110000267,24,128,-104
110000268,272,245,27
110000269,4,35,-31
110000270,129,8,121
110000271,1241,165,1076
110000272,1289,1002,287
110000273,1343,1062,281
110000274,234,2166,-1932
110000275,1176,513,663
110000276,433,467,-34
110000277,374,311,63
110000278,375,604,-229
110000279,878,571,307
110000280,600,457,143
110000281,76,241,-165
110000282,181,38,143
110000283,40,52,-12
110000284,13,16,-3
110000285,1,577,-576
110000286,10,0,10
110000287,128,2,126
110000288,15,47,-32
110000289,542,2683,-2141
110000290,427,578,-151
110000291,2917,910,2007
110000292,912,5781,-4869
110000293,708,399,309
110000294,1475,1197,278
110000295,205,438,-233
110000296,615,241,374
110000297,2243,198,2045
110000298,164,396,-232
110000299,100,52,48
110000301,377,17,360
110000302,617,516,101
110000303,473,5,468
110000304,230,187,43
110000305,1326,12,1314
110000306,262,839,-577
110000307,1905,7,1898
110000308,456,6,450
110000309,3,466,-463
110000310,1071,30,1041
110000311,13,431,-418
110000312,457,78,379
110000313,1664,1998,-334
110000314,1,202,-201
110000315,1545,2071,-526
110000316,511,979,-468
110000317,121,1290,-1169
110000318,2,52,-50
110000319,16,38,-22
110000320,60,48,12
110000321,37,59,-22
110000322,217,185,32
110000323,659,144,515
110000324,2464,1439,1025
110000325,1404,3706,-2302
110000327,319,285,34
110000328,155,276,-121
110000333,1025,927,98
110000334,467,1018,-551
110000335,752,324,428
110000336,644,701,-57
110000337,2083,572,1511
110000338,572,199,373
110000339,366,165,201
110000340,83,91,-8
110000341,597,304,293
110000342,119,6,113
110000343,0,8,-8
110000344,147,310,-163
110000345,214,336,-122
110000346,1233,1549,-316
110000347,1543,592,951
110000348,21,10,11
110000349,16,13,3
110000350,121,3,118
110000351,1376,455,921
110000352,827,1628,-801
110000353,2549,365,2184
110000354,932,4055,-3123
110000355,135,47,88
110000356,810,13,797
110000357,569,27,542
110000361,10,18,-8
110000362,80,4,76
110000363,722,62,660
110000364,339,197,142
110000365,175,0,175
110000366,1,93,-92
110000367,408,108,300
110000368,7,50,-43
110000369,93,10,83
110000373,2,197,-195
110000374,114,37,77
110000375,92,992,-900
110000376,21,84,-63
110000377,93,461,-368
110000378,20,429,-409
110000379,1971,2422,-451
110000380,84,7,77
110000383,0,1281,-1281
110000384,589,622,-33
110000385,0,174,-174
110000387,57,4,53
110000388,55,176,-121
110000389,1197,8,1189
110000391,1024,114,910
110000396,217,64,153
110000397,189,51,138
110000398,6,32,-26
110000399,177,0,177
110000587,172,126,46
110000589,248,103,145
110000640,227,34,193
110000652,7,484,-477
110000653,337,246,91
110000654,26,1219,-1193
110000656,0,144,-144
110000674,27,17,10
110000675,22,19,3
110000676,0,35,-35
110000679,116,1193,-1077
110000682,78,219,-141
110000683,182,528,-346
110000684,2,37,-35
110000685,9,15,-6
110000686,0,63,-63
110000687,16,4,12
110000688,60,1421,-1361
110000689,115,23,92
110000692,30,151,-121
110000693,50,330,-280
110000694,0,97,-97
110000695,112,387,-275
110000696,35,61,-26
110900001,325,23,302
110900002,285,414,-129
110900003,1115,203,912
110900004,701,30,671
110900005,1248,3926,-2678
110900006,75,46,29
110900007,247,79,168
110900008,4,27,-23
110900009,350,258,92
110900010,5,28,-23
110900011,26,93,-67
110900012,18,47,-29
110900013,1245,126,1119
110900014,317,39,278
110900015,308,741,-433
110900016,96,54,42
110900017,639,42,597
110900018,348,48,300
110900019,343,7,336
110900020,197,143,54
110900021,107,260,-153
110900022,86,72,14
110900023,31,629,-598
110900024,28,152,-124
110900025,3,31,-28
110900027,41,115,-74
110900028,21,49,-28
110900029,26,102,-76
110900030,12,68,-56
110900031,3,92,-89
110900032,0,22,-22
110900033,41,156,-115
110900035,20,493,-473
110900036,98,4,94
110900037,121,11,110
110900038,573,199,374
110900039,8,276,-268
110900040,281,17,264
110900041,25,35,-10
110900042,130,76,54
110900043,0,14,-14
110900044,189,17,172
110900045,120,151,-31
110900046,17,131,-114
110900047,253,390,-137
110900049,170,118,52
110900050,42,1,41
110900051,31,124,-93
110900052,3,80,-77
110900053,107,12,95
110900054,19,89,-70
110900055,12,2,10
110900056,22,130,-108
110900057,1,49,-48
110900058,355,130,225
110900059,460,139,321
110900060,432,144,288
110900061,4,56,-52
110900062,193,86,107
110900063,24,62,-38
110900064,24,0,24
110900065,74,122,-48
110900066,7,35,-28
110900067,123,585,-462
110900068,218,129,89
110900069,8,10,-2
110900070,117,22,95
110900071,162,923,-761
110900073,0,17,-17
110900074,559,76,483
110900075,434,52,382
110900077,1345,411,934
110900078,76,22,54
110900079,1188,1560,-372
110900080,251,51,200
110900081,8,10,-2
110900082,200,60,140
110900083,154,48,106
110900084,118,28,90
110900085,50,127,-77
110900086,70,362,-292
110900087,429,67,362
110900088,2,1,1
110900090,82,77,5
110900091,0,33,-33
110900093,277,65,212
110900095,78,55,23
110900097,31,16,15
110900098,22,59,-37
110900099,57,306,-249
110900100,0,9,-9
110900102,89,5,84
110900105,1271,133,1138
110900108,19,14,5
110900111,447,94,353
110900112,836,8,828
110900113,201,54,147
110900115,13,44,-31
110900116,1199,611,588
110900118,65,4110,-4045
110900119,1218,175,1043
110900120,58,48,10
110900121,119,0,119
110900122,763,183,580
110900125,409,541,-132
110900127,398,1519,-1121
110900128,263,628,-365
110900129,169,1176,-1007
110900130,429,663,-234
110900131,334,22,312
110900132,461,57,404
110900133,122,84,38
110900135,61,177,-116
110900136,403,15,388
110900139,20,0,20
110900140,0,0,0
110900141,209,529,-320
110900142,64,90,-26
110900143,206,60,146
110900144,1,214,-213
110900145,167,115,52
110900146,201,355,-154
110900147,59,343,-284
110900148,0,132,-132
110900149,6,61,-55
110900150,52,28,24
110900151,5,46,-41
110900152,35,55,-20
110900153,353,54,299
111000001,1171,596,575
111000002,722,392,330
111000003,2000,1058,942
111000004,535,756,-221
111000005,1088,1765,-677
111000006,864,1945,-1081
111000007,4257,4390,-133
111000008,2420,2820,-400
111000009,320,657,-337
111000010,1091,266,825
111000011,238,889,-651
111000012,452,440,12
111000013,438,965,-527
111000014,1784,542,1242
111000017,131,821,-690
111000018,101,324,-223
111000020,597,1261,-664
111000021,45,60,-15
111000023,131,42,89
111000025,4112,3820,292
111000029,127,72,55
111000030,54,115,-61
111000031,1697,668,1029
111000032,697,282,415
111000033,221,170,51
111000034,40,253,-213
111000037,1050,443,607
111000038,2092,1666,426
111000039,1628,1645,-17
111000040,1605,1348,257
111000041,490,653,-163
111000042,1713,1912,-199
111000043,2284,4815,-2531
111000044,2170,978,1192
111000045,3650,2607,1043
111000046,2659,2135,524
111000047,3379,6712,-3333
111000049,319,363,-44
111000050,876,653,223
111000051,544,608,-64
111000052,484,1032,-548
111000053,317,546,-229
111000054,283,560,-277
111000055,1566,1189,377
111000056,225,287,-62
111000057,203,374,-171
111000058,847,85,762
111000059,779,232,547
111000060,4738,1020,3718
111000061,982,278,704
111000062,1142,400,742
111000063,1621,1133,488
111000064,1158,512,646
111000065,1490,757,733
111000066,801,282,519
111000067,1089,361,728
111000068,718,541,177
111000069,1618,1419,199
111000070,706,508,198
111000071,164,370,-206
111000072,1538,647,891
111000073,348,1483,-1135
111000074,1728,1575,153
111000075,773,518,255
111000076,807,485,322
111000077,1376,1109,267
111000078,2167,890,1277
111000079,959,480,479
111000080,665,489,176
111000081,1613,4618,-3005
111000082,1127,431,696
111000084,1163,400,763
111000085,1071,863,208
111000086,1815,789,1026
111000087,832,395,437
111000088,4183,3473,710
111000089,752,557,195
111000090,534,1028,-494
111000091,743,234,509
111000092,1938,556,1382
111000093,859,1126,-267
111000094,1904,1304,600
111000095,773,2642,-1869
111000096,825,8227,-7402
111000097,2946,1207,1739
111000098,438,766,-328
111000099,472,1080,-608
111000100,375,717,-342
111000101,337,550,-213
111000102,231,346,-115
111000104,726,99,627
111000107,160,302,-142
111000109,763,160,603
111000110,1713,564,1149
111000111,4105,414,3691
111000112,2852,443,2409
111000113,930,2294,-1364
111000114,1510,4874,-3364
111000115,3129,921,2208
111000116,843,682,161
111000117,289,774,-485
111000118,908,623,285
111000119,1628,677,951
111000120,664,564,100
111000121,302,657,-355
111000122,653,730,-77
111000123,1212,1247,-35
111000124,532,1243,-711
111000125,353,513,-160
111000126,130,371,-241
111000127,1333,107,1226
111000128,3331,290,3041
111000129,3588,438,3150
111000130,2956,388,2568
111000131,2927,446,2481
111000132,2605,1571,1034
111000133,279,81,198
111000134,197,81,116
111000135,65,130,-65
111000136,439,277,162
111000138,24,4,20
111000140,0,1,-1
111000141,145,480,-335
111000142,10,269,-259
111000143,2,458,-456
111000144,60,2371,-2311
111000145,153,10,143
111000146,102,21,81
111000147,140,35,105
111000148,126,98,28
111000149,15,11,4
111000150,50,20,30
111000151,2,8,-6
111000153,567,487,80
111000154,404,231,173
111000155,190,150,40
111000156,662,448,214
111000157,205,777,-572
111000158,795,947,-152
111000159,4002,1158,2844
111000160,524,401,123
111000161,14,582,-568
111000162,14,95,-81
111000163,1114,743,371
111000164,420,2787,-2367
111000165,558,239,319
111000166,421,137,284
111000167,130,234,-104
111000168,233,274,-41
111000169,291,444,-153
111000170,255,255,0
111000171,424,407,17
111000172,234,188,46
111000173,299,588,-289
111000174,314,141,173
111000175,53,201,-148
111000176,453,38,415
111000177,895,127,768
111000178,2397,160,2237
111000179,457,91,366
111000180,383,446,-63
111000181,2121,140,1981
111000182,306,126,180
111000183,387,202,185
111000184,409,162,247
111000185,437,205,232
111000186,332,126,206
111000187,256,77,179
111000188,414,218,196
111000189,316,405,-89
111000190,177,208,-31
111000191,147,119,28
111000192,154,215,-61
111000193,245,146,99
111000194,83,172,-89
111000195,157,155,2
111000196,70,91,-21
111000197,734,162,572
111000198,717,90,627
111000199,373,163,210
111000200,816,302,514
111000201,1007,140,867
111000202,494,167,327
111000203,561,312,249
111000204,393,1838,-1445
111000213,191,414,-223
111000214,1532,797,735
111000215,1386,926,460
111000217,2092,769,1323
111000218,2126,877,1249
111000219,242,157,85
111000220,636,623,13
111000221,338,68,270
111000224,33,143,-110
111000225,493,336,157
111000226,94,3,91
111000227,17,1,16
111000228,13,670,-657
111000229,31,1567,-1536
111000230,127,127,0
111000231,1124,225,899
111000232,930,348,582
111000233,1777,497,1280
111000234,176,651,-475
111000239,112,51,61
111000240,69,314,-245
111000241,70,129,-59
111000242,373,56,317
111000243,143,195,-52
111000244,796,55,741
111000245,1101,170,931
111000246,794,139,655
111000247,741,257,484
111000248,751,308,443
111000249,573,186,387
111000250,69,31,38
111000251,51,34,17
111000253,34,32,2
111000255,85,9,76
111000257,123,16,107
111000260,67,602,-535
111000261,1459,64,1395
111000271,34,260,-226
111000273,2759,988,1771
111000274,1749,2928,-1179
111000275,197,56,141
111000276,297,805,-508
111000277,256,183,73
111000278,401,167,234
111000291,1431,12389,-10958
111000298,510,222,288
111000299,747,189,558
111000300,65,457,-392
111000302,418,81,337
111000303,173,74,99
111000312,39,47,-8
111000315,6,61,-55
111000320,124,318,-194
111000321,476,191,285
111000322,376,172,204
111000323,475,36,439
111000324,359,166,193
111000325,50,55,-5
111000326,232,189,43
111000327,314,295,19
111000328,389,547,-158
111000329,0,26,-26
111000330,90,13,77
111000331,27,1,26
111000332,705,904,-199
111000334,230,670,-440
111000335,1782,156,1626
111000337,1914,128,1786
111000338,196,65,131
111000339,1069,126,943
111000340,341,315,26
111000341,1784,750,1034
111000342,47,952,-905
111000344,1260,558,702
111000345,106,88,18
111000346,45,317,-272
111000347,179,6,173
111000350,318,70,248
111000351,120,298,-178
111000352,189,96,93
111000353,158,94,64
111000354,470,169,301
111000355,303,419,-116
111000358,135,424,-289
111000360,262,136,126
111000361,198,75,123
111000546,866,302,564
111000547,487,248,239
111000548,172,282,-110
111000549,355,211,144
111000550,47,867,-820
111000551,450,269,181
111000552,415,201,214
111000907,840,9,831
111000908,100,0,100
111000916,2450,177,2273
111000917,26,283,-257
111000918,291,263,28
111000920,815,4,811
111000921,18,103,-85
111000922,744,156,588
111000924,25,255,-230
111000925,5006,2293,2713
111000926,1141,1023,118
111000927,2934,5101,-2167
111000928,2966,1595,1371
111000929,2265,1412,853
111000930,904,1204,-300
111000931,2268,2812,-544
111000932,2306,1128,1178
111000933,3702,3705,-3
111000934,1494,2103,-609
111000935,3128,1107,2021
111000936,1239,1377,-138
111000937,1688,1415,273
111000938,1262,828,434
111000939,818,42,776
111000940,747,48,699
111000941,346,214,132
111000943,837,299,538
111000944,149,117,32
111000945,155,619,-464
111001109,545,850,-305
111001110,210,369,-159
111001111,136,4,132
111001112,55,3,52
111001113,1,193,-192
111001114,569,260,309
111001115,22,1995,-1973
111001116,1744,5455,-3711
111001117,299,2498,-2199
111001120,154,150,4
111001121,143,115,28
111001122,307,142,165
111001123,487,100,387
111001124,154,34,120
111001125,5,356,-351
111001126,4,0,4
111001127,0,0,0
111900001,1,68,-67
111900002,0,161,-161
111900003,2,91,-89
111900004,22,25,-3
111900006,21,89,-68
111900007,327,14,313
111900008,447,0,447
111900009,342,2,340
111900010,115,253,-138
111900012,26,49,-23
111900013,15,10,5
111900014,1763,6677,-4914
111900015,1,23,-22
111900016,0,15,-15
111900017,0,29,-29
111900018,283,11,272
111900019,3,83,-80
111900020,7,21,-14
111900021,10,25,-15
111900022,5,8,-3
111900023,75,15,60
111900024,41,69,-28
111900025,0,7,-7
111900026,0,26,-26
111900027,6,42,-36
111900028,1,69,-68
111900029,25,21,4
111900030,7,210,-203
111900031,6,19,-13
111900032,0,69,-69
111900033,12,67,-55
111900034,94,262,-168
111900035,67,102,-35
111900036,0,84,-84
111900038,110,277,-167
111900039,34,135,-101
111900040,0,133,-133
111900042,12,59,-47
111900043,1,92,-91
111900044,80,127,-47
111900046,23,45,-22
111900048,520,185,335
111900049,14,115,-101
111900050,114,28,86
111900051,3,90,-87
111900052,129,215,-86
111900053,380,2536,-2156
111900054,188,6,182
111900055,2,159,-157
111900056,86,423,-337
111900057,172,17,155
111900058,884,211,673
111900059,1118,976,142
111900060,343,10,333
111900061,1,65,-64
111900062,31,89,-58
111900063,284,282,2
111900064,51,81,-30
111900065,161,19,142
111900066,217,161,56
111900067,3,251,-248
111900068,48,55,-7
111900069,109,25,84
111900070,350,58,292
111900071,0,79,-79
111900072,89,35,54
111900073,1452,245,1207
111900074,21,127,-106
111900075,153,8,145
111900076,371,119,252
111900077,43,1,42
111900078,569,76,493
111900079,82,69,13
111900080,121,243,-122
111900082,220,72,148
111900083,305,38,267
111900084,225,12,213
111900085,22,109,-87
111900086,102,19,83
111900087,140,6,134
111900088,883,18,865
111900089,201,9,192
111900090,54,65,-11
111900091,686,11,675
111900092,200,12,188
111900093,640,14,626
111900094,183,3,180
111900095,434,28,406
111900096,393,4,389
111900097,180,0,180
111900098,435,6,429
111900099,161,2,159
111900100,216,4,212
111900101,90,23,67
111900102,932,162,770
111900103,53,52,1
111900104,174,38,136
111900105,277,231,46
111900106,277,22,255
111900110,1003,200,803
111900111,247,38,209
111900112,391,5227,-4836
111900113,216,121,95
111900118,468,101,367
111900119,345,159,186
111900122,107,133,-26
111900123,18,26,-8
111900124,13,18,-5
111900125,677,63,614
111900126,425,3,422
111900127,0,176,-176
111900128,4,170,-166
111900129,284,6,278
111900130,239,63,176
111900131,857,2,855
111900132,16,363,-347
111900133,4,156,-152
111900134,2,95,-93
111900135,8,54,-46
111900136,58,193,-135
111900137,27,28,-1
111900138,10,37,-27
111900139,8,26,-18
111900140,184,37,147
111900141,109,16,93
111900142,48,34,14
111900143,57,53,4
111900144,0,23,-23
111900145,1,145,-144
111900146,0,50,-50
111900147,22,188,-166
111900148,28,306,-278
111900149,12,107,-95
111900150,18,70,-52
111900151,3,36,-33
111900152,80,75,5
111900153,419,880,-461
111900154,29,849,-820
111900155,102,152,-50
111900156,141,75,66
111900157,381,32,349
111900158,1005,148,857
111900159,478,61,417
111900160,506,1,505
111900161,481,2,479
111900162,126,294,-168
111900163,24,107,-83
111900164,126,55,71
111901113,708,61,647
111901114,265,84,181
111901115,235,4,231
111901116,97,2,95
111901117,27,83,-56
111901118,27,491,-464
111901119,307,58,249
111901121,23,54,-31
111901122,3,101,-98
111901123,366,92,274
111901124,378,4,374
111901125,845,196,649
111901127,200,1092,-892
111901128,5,46,-41
111901129,1,54,-53
111901130,5,56,-51
111901131,4,227,-223
111901132,65,42,23
111901133,90,1,89
111901134,205,9,196
111901135,103,23,80
111901136,2,33,-31
111901138,95,32,63
111901139,11,14,-3
111901140,5,24,-19
111901141,13,32,-19
111901142,3,33,-30
111901143,0,43,-43
111901144,55,48,7
111901145,63,419,-356
111901146,84,9,75
111901147,146,272,-126
111901148,44,73,-29
111901149,16,10,6
111901150,0,0,0
112000001,2524,781,1743
112000002,907,1606,-699
112000003,2875,1108,1767
112000004,829,286,543
112000005,4381,4408,-27
112000006,854,680,174
112000007,5417,3537,1880
112000008,3692,4634,-942
112000009,2883,1374,1509
112000010,4145,6098,-1953
112000011,1715,1060,655
112000012,4268,7086,-2818
112000013,1813,3709,-1896
112000014,1392,4306,-2914
112000015,1658,3629,-1971
112000016,2300,3762,-1462
112000017,488,4217,-3729
112000024,1167,406,761
112000026,1753,1789,-36
112000027,673,785,-112
112000028,699,782,-83
112000029,749,913,-164
112000030,135,28,107
112000031,1559,4690,-3131
112000032,116,16,100
112000033,1461,4091,-2630
112000034,109,23,86
112000035,42,981,-939
112000036,263,1583,-1320
112000037,657,1049,-392
112000038,1136,1791,-655
112000039,121,59,62
112000040,39,123,-84
112000041,301,331,-30
112000042,676,291,385
112000050,1598,1143,455
112000051,1563,2886,-1323
112000054,1231,1601,-370
112000057,774,246,528
112000058,182,370,-188
112000059,433,825,-392
112000061,2397,1036,1361
112000062,682,1343,-661
112000063,238,3990,-3752
112000064,2476,2963,-487
112000065,953,2332,-1379
112000066,3255,1759,1496
112000067,453,507,-54
112000068,4120,3817,303
112000069,449,1535,-1086
112000070,1806,987,819
112000071,1017,1550,-533
112000072,2663,858,1805
112000073,1421,1724,-303
112000074,1328,987,341
112000075,1516,1211,305
112000076,3127,1972,1155
112000077,1317,336,981
112000078,2497,578,1919
112000079,1994,1211,783
112000080,1007,620,387
112000081,947,1810,-863
112000082,1134,500,634
112000083,815,779,36
112000084,1267,497,770
112000085,1687,659,1028
112000086,2013,635,1378
112000087,705,191,514
112000088,951,189,762
112000089,319,279,40
112000090,204,180,24
112000091,687,428,259
112000092,2700,987,1713
112000093,1443,400,1043
112000094,918,719,199
112000095,913,424,489
112000096,726,411,315
112000097,2088,784,1304
112000098,495,479,16
112000099,794,2190,-1396
112000100,2482,494,1988
112000101,555,349,206
112000102,2094,427,1667
112000103,400,402,-2
112000105,481,553,-72
112000106,3132,354,2778
112000107,164,96,68
112000108,667,817,-150
112000109,334,77,257
112000110,2248,611,1637
112000111,522,2750,-2228
112000112,2903,577,2326
112000113,619,967,-348
112000114,2807,764,2043
112000115,387,311,76
112000116,620,417,203
112000117,1109,487,622
112000118,660,487,173
112000119,354,421,-67
112000120,41,196,-155
112000121,220,241,-21
112000122,392,118,274
112000123,969,93,876
112000124,774,66,708
112000125,430,252,178
112000126,480,160,320
112000127,2040,3239,-1199
112000128,473,584,-111
112000129,114,99,15
112000130,343,153,190
112000131,39,117,-78
112000132,291,150,141
112000133,343,74,269
112000134,568,271,297
112000135,1220,758,462
112000136,699,1430,-731
112000137,1480,2267,-787
112000138,1120,1322,-202
112000139,609,928,-319
112000140,306,1012,-706
112000141,1221,498,723
112000142,123,362,-239
112000143,1789,200,1589
112000144,242,534,-292
112000145,3229,453,2776
112000146,482,935,-453
112000147,3208,1638,1570
112000148,876,1174,-298
112000149,600,344,256
112000150,523,198,325
112000151,319,167,152
112000152,1073,258,815
112000153,143,151,-8
112000154,216,412,-196
112000155,182,135,47
112000157,493,1136,-643
112000158,294,223,71
112000159,1065,218,847
112000167,429,206,223
112000169,224,609,-385
112000173,1194,224,970
112000175,431,173,258
112000176,783,1316,-533
112000177,1230,312,918
112000178,65,188,-123
112000179,388,52,336
112000180,246,279,-33
112000181,1232,775,457
112000182,2064,513,1551
112000183,40,14,26
112000184,543,139,404
112000185,1376,247,1129
112000187,4273,2790,1483
112000195,155,12,143
112000196,133,1,132
112000197,103,133,-30
112000198,26,254,-228
112000199,712,502,210
112000202,755,2,753
112000216,76,141,-65
112000230,149,4,145
112000231,4,112,-108
112000256,98,292,-194
112000313,32,60,-28
112000314,86,106,-20
112000337,197,526,-329
112000352,137,338,-201
112000392,2111,1021,1090
112000398,2337,640,1697
112000399,1332,7588,-6256
112000400,1324,1169,155
112000401,1388,999,389
112000402,5164,5677,-513
112000403,1297,7452,-6155
112000404,1700,1279,421
112000405,3653,3521,132
112000406,1821,864,957
112000407,10992,8613,2379
112000408,4683,2718,1965
112000409,1439,1803,-364
112000410,319,480,-161
112000411,1663,1683,-20
112000412,597,476,121
112000413,3169,8925,-5756
112000414,145,45,100
112000415,106,31,75
112000416,4618,1248,3370
112000417,303,78,225
112000421,88,29,59
112000422,264,123,141
112000424,843,3993,-3150
112000425,529,330,199
112000426,280,265,15
112000427,1,31,-30
112000428,423,138,285
112000429,2578,2403,175
112000430,2998,3967,-969
112000431,147,130,17
112000432,412,502,-90
112000433,348,611,-263
112000437,52,71,-19
112900001,74,3,71
112900002,926,286,640
112900003,70,87,-17
112900004,88,64,24
112900005,410,73,337
112900006,5,114,-109
112900007,67,68,-1
112900008,1,105,-104
112900009,519,151,368
112900010,596,284,312
112900011,52,225,-173
112900012,1,7,-6
112900013,1,75,-74
112900014,7,64,-57
112900015,117,532,-415
112900016,0,167,-167
112900017,34,32,2
112900018,4,63,-59
112900019,26,142,-116
112900020,214,701,-487
112900021,3,160,-157
112900022,14,21,-7
112900023,0,24,-24
112900024,4,94,-90
112900025,65,117,-52
112900026,3,39,-36
112900027,4,214,-210
112900028,17,57,-40
112900029,7,155,-148
112900030,39,38,1
112900031,2,110,-108
112900032,202,181,21
112900034,1,18,-17
112900035,2,95,-93
112900036,17,82,-65
112900037,299,256,43
112900038,808,82,726
112900039,24,143,-119
112900040,21,642,-621
112900041,292,1066,-774
112900042,92,141,-49
112900043,65,50,15
112900044,253,218,35
112900045,77,167,-90
112900046,63,80,-17
112900047,6,14,-8
112900049,448,54,394
112900050,13,545,-532
112900051,125,262,-137
112900052,4,263,-259
112900053,179,224,-45
112900054,155,50,105
112900055,96,38,58
112900056,397,237,160
112900057,24,184,-160
112900058,319,364,-45
112900059,134,521,-387
112900060,63,36,27
112900061,123,124,-1
112900062,92,120,-28
112900063,30,22,8
112900064,39,225,-186
112900065,15,34,-19
112900066,255,305,-50
112900067,330,48,282
112900068,41,79,-38
112900069,1628,1475,153
112900071,47,8,39
112900072,53,4599,-4546
112900073,430,210,220
112900074,134,402,-268
112900075,637,1726,-1089
112900076,27,51,-24
112900078,365,624,-259
112900079,233,29,204
112900080,120,10,110
112900081,88,505,-417
112900082,774,64,710
112900083,196,169,27
112900084,391,310,81
112900086,164,1,163
112900087,1925,157,1768
112900088,320,9,311
112900089,1037,48,989
112900090,122,65,57
112900091,481,24,457
112900092,65,746,-681
112900093,1584,47,1537
112900095,100,2,98
112900096,649,155,494
112900097,175,166,9
112900098,97,0,97
112900099,1295,33,1262
112900100,171,3,168
112900101,470,11,459
112900102,125,14,111
112900103,284,25,259
112900104,194,5,189
112900105,32,0,32
112900106,444,118,326
112900107,2,3,-1
112900108,2,0,2
112900109,311,3,308
112900110,2080,21,2059
112900111,1212,12,1200
112900112,354,3,351
112900113,0,9,-9
112900114,341,14,327
112900115,2074,1,2073
112900116,127,21,106
112900117,66,24,42
112900118,4,115,-111
112900119,297,3,294
112900120,325,241,84
112900121,45,59,-14
112900122,2,42,-40
112900123,221,20,201
112900124,9,57,-48
112900125,30,308,-278
112900126,114,76,38
112900127,528,89,439
112900128,79,319,-240
112900129,1,314,-313
112900130,255,96,159
112900131,34,139,-105
112900132,162,289,-127
112900133,15,802,-787
112900134,0,116,-116
112900135,126,88,38
112900137,2,297,-295
112900138,1,69,-68
112900139,124,430,-306
112900141,892,24,868
112900142,66,314,-248
112900143,10,195,-185
112900144,1,181,-180
112900145,7,247,-240
112900146,0,423,-423
112900147,1,514,-513
112900148,54,3,51
112900149,174,326,-152
112900151,8,47,-39
112900152,2669,404,2265
112900153,437,3443,-3006
112900154,0,63,-63
112900155,166,6,160
112900156,596,404,192
112900157,674,21,653
112900158,80,9,71
112900159,147,206,-59
112900160,32,137,-105
112900161,253,54,199
112900162,11,31,-20
112900163,30,66,-36
112900164,71,174,-103
112900165,145,41,104
112900166,18,126,-108
112900167,8,252,-244
112900168,5,8,-3
112900169,9,20,-11
112900170,100,30,70
112900172,50,29,21
112900173,94,71,23
112900174,428,53,375
112900175,138,234,-96
112900176,4,40,-36
112900177,310,79,231
112900178,570,3499,-2929
112900179,28,283,-255
112900180,2129,1385,744
112900181,1189,5,1184
112900182,52,257,-205
112900183,50,191,-141
112900184,415,456,-41
112900185,112,599,-487
112900186,772,1063,-291
112900187,67,562,-495
112900188,624,3039,-2415
112900189,19,9,10
112900190,6,8,-2
112900192,666,536,130
112900193,942,344,598
112900194,55,7,48
112900195,744,44,700
112900196,343,325,18
112900197,95,290,-195
112900199,989,214,775
112900200,592,67,525
112900201,136,126,10
112900202,641,428,213
112900203,356,57,299
112900204,471,517,-46
112900205,5,2,3
112900206,25,43,-18
112900207,27,0,27
112900208,54,410,-356
112900209,181,227,-46
112900210,1,13,-12
112900211,91,6,85
112900212,0,35,-35
112900213,85,14,71
112900214,16,20,-4
112900215,18,48,-30
112900216,17,18,-1
112900217,0,77,-77
112900218,111,15,96
112900219,211,2,209
112900220,0,0,0
112900221,44,82,-38
112900222,0,15,-15
112900223,1084,27,1057
112900224,625,191,434
112900225,606,194,412
112900226,96,298,-202
112900227,1121,342,779
112900228,118,49,69
112900229,610,9,601
112900230,7109,2567,4542
112900232,429,378,51
112900233,54,93,-39
112900234,22,9,13
112900235,21,14,7
112900236,548,35,513
112900237,384,93,291
112900238,13,1,12
112900239,494,797,-303
112900240,14,28,-14
112900241,5,49,-44
112900242,4,71,-67
112900243,17,57,-40
112900244,3,13,-10
112900245,2,5,-3
112900246,0,4,-4
112900247,22,32,-10
112900248,1,0,1
112900249,23,0,23
112900250,79,2,77
112900251,103,4,99
112900252,99,5,94
112900253,67,0,67
112900254,34,1,33
112900255,8,31,-23
112900256,6,44,-38
112900257,14,38,-24
112900258,35,7,28
113000001,6406,5626,780
113000002,5332,3999,1333
113000003,2179,1959,220
113000004,2062,2296,-234
113000005,2141,1575,566
113000006,1326,1804,-478
113000007,2882,1545,1337
113000008,2021,2164,-143
113000009,1808,728,1080
113000010,1556,1075,481
113000011,1264,839,425
113000012,1462,569,893
113000013,790,565,225
113000014,999,1570,-571
113000015,145,196,-51
113000016,313,591,-278
113000017,33,392,-359
113000018,228,25,203
113000019,71,251,-180
113000020,368,59,309
113000021,1330,930,400
113000022,718,2458,-1740
113000025,203,364,-161
113000026,529,699,-170
113000027,481,1373,-892
113000028,395,1938,-1543
113000029,1229,927,302
113000030,206,431,-225
113000031,146,167,-21
113000032,206,579,-373
113000033,268,423,-155
113000034,187,162,25
113000035,15,37,-22
113000036,28,75,-47
113000037,30,12,18
113000038,18,70,-52
113000039,50,252,-202
113000040,46,120,-74
113000042,774,660,114
113000051,1978,2750,-772
113000052,2502,502,2000
113000053,800,392,408
113000054,816,815,1
113000055,2252,533,1719
113000056,1925,1051,874
113000058,537,1015,-478
113000059,973,379,594
113000060,424,611,-187
113000061,695,841,-146
113000062,380,341,39
113000063,418,60,358
113000064,99,115,-16
113000065,190,373,-183
113000066,1099,123,976
113000067,3353,847,2506
113000068,558,526,32
113000069,692,509,183
113000070,2891,792,2099
113000071,602,386,216
113000072,1390,352,1038
113000073,329,1554,-1225
113000074,1077,336,741
113000075,1622,833,789
113000076,482,4148,-3666
113000077,709,1369,-660
113000078,389,1904,-1515
113000079,351,1333,-982
113000080,559,1069,-510
113000081,798,835,-37
113000082,920,668,252
113000083,653,793,-140
113000084,2000,905,1095
113000085,1091,782,309
113000086,960,1308,-348
113000087,931,1538,-607
113000088,1973,1526,447
113000089,759,1809,-1050
113000090,191,735,-544
113000091,272,545,-273
113000094,1526,353,1173
113000095,238,959,-721
113000096,233,1060,-827
113000097,1377,555,822
113000098,138,79,59
113000099,1364,674,690
113000100,125,509,-384
113000101,196,834,-638
113000102,691,891,-200
113000103,2779,309,2470
113000104,678,3224,-2546
113000105,1102,523,579
113000106,461,247,214
113000107,1098,1004,94
113000108,1072,815,257
113000109,562,1351,-789
113000110,6844,989,5855
113000111,297,673,-376
113000112,693,375,318
113000113,1619,422,1197
113000114,230,1490,-1260
113000116,526,336,190
113000117,872,184,688
113000118,45,762,-717
113000119,389,377,12
113000120,77,386,-309
113000121,395,1039,-644
113000124,401,102,299
113000125,54,1177,-1123
113000127,1705,217,1488
113000128,1455,215,1240
113000129,294,669,-375
113000133,3157,680,2477
113000134,6,1545,-1539
113000135,4778,5003,-225
113000137,871,4023,-3152
113000139,375,248,127
113000140,30,109,-79
113000141,79,203,-124
113000142,218,650,-432
113000143,302,147,155
113000144,211,379,-168
113000145,113,115,-2
113000146,174,27,147
113000147,165,50,115
113000148,299,141,158
113000149,194,226,-32
113000150,370,319,51
113000151,41,23,18
113000152,39,244,-205
113000153,892,307,585
113000154,462,1547,-1085
113000155,300,633,-333
113000156,168,235,-67
113000157,221,395,-174
113000158,480,186,294
113000159,915,462,453
113000160,534,327,207
113000161,532,147,385
113000162,776,202,574
113000163,222,38,184
113000164,12,50,-38
113000166,281,65,216
113000167,84,97,-13
113000168,98,100,-2
113000169,240,44,196
113000170,118,67,51
113000171,38,45,-7
113000172,343,33,310
113000173,96,21,75
113000174,176,121,55
113000175,660,71,589
113000176,599,50,549
113000177,223,118,105
113000178,147,136,11
113000179,343,121,222
113000180,668,1423,-755
113000181,1250,675,575
113000182,178,349,-171
113000183,215,688,-473
113000184,27,114,-87
113000189,299,818,-519
113000190,141,206,-65
113000192,706,7800,-7094
113000193,1489,6142,-4653
113000194,807,5014,-4207
113000195,1053,4084,-3031
113000196,308,98,210
113000197,1154,3125,-1971
113000198,154,248,-94
113000199,1750,280,1470
113000201,45,899,-854
113000202,10927,1042,9885
113000203,106,80,26
113000204,436,8498,-8062
113000205,19,20,-1
113000206,9,66,-57
113000207,78,11,67
113000208,23,78,-55
113000209,8,18,-10
113000210,6,32,-26
113000211,103,473,-370
113000212,70,89,-19
113000213,16,101,-85
113000214,131,387,-256
113000234,294,686,-392
113000410,51,200,-149
113000411,1406,2838,-1432
113000412,4995,1688,3307
113000413,875,3136,-2261
113000414,3451,12466,-9015
113000415,1832,1316,516
113000416,2332,2213,119
113000417,915,1510,-595
113000418,5183,4179,1004
113000419,1532,2250,-718
113000420,2289,6277,-3988
113000421,4868,7585,-2717
113000422,8660,9617,-957
113000423,1211,6231,-5020
113000424,1908,11880,-9972
113000425,25,72,-47
113000428,109,15,94
113000430,4,94,-90
113000432,2846,278,2568
113000433,67,418,-351
113000434,10,96,-86
113000435,44,137,-93
113000436,8,443,-435
113000437,1299,26,1273
113000438,469,14,455
113000439,41,43,-2
113000440,153,40,113
113000441,236,149,87
113000442,266,61,205
113000443,484,93,391
113000444,403,48,355
113000445,144,52,92
113000446,74,69,5
113000448,1224,293,931
113000449,127,1087,-960
113000450,767,2022,-1255
113000451,5026,410,4616
113000452,121,748,-627
113000453,28,823,-795
113000454,387,161,226
113000455,49,2537,-2488
113000456,2368,2255,113
113000468,1001,87,914
113000469,56,66,-10
113000470,562,19,543
113000471,11,348,-337
113000472,43,223,-180
113000474,1728,889,839
113000475,1249,1042,207
113000476,2838,1911,927
113000477,5198,1869,3329
113000478,2892,2581,311
113000479,174,80,94
113000483,0,0,0
113000484,0,0,0
113000485,0,0,0
113000486,0,0,0
113000487,0,0,0
113000488,0,0,0
113000489,0,0,0
113000490,0,0,0
113000491,0,0,0
113000492,0,0,0
113000493,0,0,0
113000495,394,109,285
113000496,313,151,162
113000499,0,0,0
113900001,5,820,-815
113900002,1,44,-43
113900003,29,162,-133
113900004,230,210,20
113900005,568,980,-412
113900006,1,40,-39
113900007,13,303,-290
113900008,40,2778,-2738
113900009,125,864,-739
113900010,119,58,61
113900011,173,237,-64
113900012,65,305,-240
113900013,105,220,-115
113900014,838,3,835
113900015,1,20,-19
113900016,69,1,68
113900017,0,87,-87
113900018,154,272,-118
113900019,206,33,173
113900020,142,4,138
113900022,123,1,122
113900023,48,1,47
113900024,52,49,3
113900025,198,2,196
113900026,108,1,107
113900027,18,92,-74
113900028,50,152,-102
113900029,123,170,-47
113900030,316,4,312
113900031,59,7,52
113900032,75,0,75
113900033,66,47,19
113900035,64,0,64
113900036,26,75,-49
113900037,277,169,108
113900038,42,158,-116
113900039,246,31,215
113900040,13,58,-45
113900041,19,17,2
113900042,113,21,92
113900043,184,45,139
113900044,157,295,-138
113900045,84,2,82
113900046,400,1484,-1084
113900047,91,73,18
113900048,124,119,5
113900049,184,315,-131
113900050,253,431,-178
113900051,351,190,161
113900052,111,84,27
113900053,672,729,-57
113900054,46,2,44
113900055,155,334,-179
113900056,53,97,-44
113900057,11,30,-19
113900058,87,46,41
113900059,278,141,137
113900060,63,198,-135
113900061,483,98,385
113900062,170,4,166
113900063,148,115,33
113900064,17,54,-37
113900065,571,9,562
113900066,617,147,470
113900067,290,85,205
113900068,439,904,-465
113900069,10,19,-9
113900070,110,191,-81
113900071,103,43,60
113900072,43,53,-10
113900073,545,380,165
113900074,179,203,-24
113900075,1000,2142,-1142
113900076,161,34,127
113900077,88,79,9
113900078,32,14,18
113900079,5,19,-14
113900080,533,181,352
113900081,57,82,-25
113900082,158,176,-18
113900083,392,127,265
113900084,247,128,119
113900085,61,160,-99
113900086,61,3,58
113900087,109,73,36
113900088,110,104,6
113900089,399,46,353
113900090,535,299,236
113900091,11,6,5
113900092,12,84,-72
113900093,44,1203,-1159
113900094,659,271,388
113900095,120,224,-104
113900096,235,87,148
113900097,21,30,-9
113900098,970,173,797
113900099,1,25,-24
113900100,0,0,0
113900101,8,70,-62
113900102,70,146,-76
113900103,189,593,-404
113900104,107,357,-250
113900105,286,31,255
113900106,0,30,-30
113900107,0,24,-24
113900108,127,317,-190
113900109,256,237,19
113900110,42,28,14
113900111,237,99,138
113900112,215,32,183
113900113,1089,383,706
113900114,0,8,-8
113900115,0,24,-24
113900116,65,151,-86
113900117,27,40,-13
113900118,80,467,-387
113900119,110,405,-295
113900120,62,38,24
113900121,91,69,22
113900122,413,3598,-3185
113900123,480,239,241
113900124,0,99,-99
113900125,855,165,690
113900126,60,55,5
113900127,424,707,-283
113900128,255,58,197
113900129,5,201,-196
113900130,0,74,-74
113900131,308,46,262
113900132,30,84,-54
113900133,3,26,-23
113900135,263,375,-112
113900136,110,51,59
113900137,336,441,-105
113900138,36,196,-160
113900139,207,289,-82
113900140,21,266,-245
113900141,656,216,440
113900142,155,47,108
113900143,5,35,-30
113900144,76,316,-240
113900145,340,150,190
113900146,160,46,114
113900148,53,300,-247
113900149,123,119,4
113900150,183,259,-76
113900151,391,125,266
113900152,33,71,-38
113900153,80,409,-329
113900154,2,94,-92
113900155,66,179,-113
113900156,241,267,-26
113900157,47,378,-331
113900158,71,372,-301
113900159,5,193,-188
113900160,478,321,157
113900161,130,341,-211
113900162,148,735,-587
113900163,243,136,107
113900164,435,57,378
113900165,721,320,401
113900166,38,49,-11
113900167,343,16,327
113900168,67,53,14
113900169,192,270,-78
113900171,168,59,109
113900172,3,47,-44
113900173,24,304,-280
113900174,449,553,-104
113900175,236,174,62
113900176,248,211,37
113900177,314,144,170
113900178,264,225,39
113900179,30,261,-231
113900180,136,107,29
113900181,1177,199,978
113900182,563,455,108
113900183,95,43,52
113900184,11,188,-177
113900185,107,49,58
113900186,41,18,23
113900187,38,92,-54
113900188,22,72,-50
113900189,289,247,42
113900190,187,86,101
113900191,50,91,-41
113900192,6,561,-555
113900193,10,104,-94
113900194,1061,454,607
113900195,230,452,-222
113900196,2,74,-72
113900197,0,80,-80
113900198,13,651,-638
113900199,43,461,-418
113900200,20,83,-63
113900201,0,49,-49
113900202,50,111,-61
113900203,4,27,-23
113900204,14,171,-157
113900205,5,83,-78
113900206,4,56,-52
113900207,1,42,-41
113900208,0,49,-49
113900209,0,19,-19
113900210,530,527,3
113900211,165,83,82
113900212,292,248,44
113900214,328,688,-360
113900215,200,100,100
113900216,121,341,-220
113900217,190,88,102
113900218,120,76,44
113900219,113,943,-830
113900220,131,194,-63
113900221,238,335,-97
113900222,94,644,-550
113900223,268,270,-2
113900224,90,115,-25
113900225,427,79,348
113900226,455,86,369
113900227,252,205,47
113900228,192,526,-334
113900229,42,1001,-959
113900230,1679,2937,-1258
113900231,148,91,57
113900232,201,23,178
113900233,103,41,62
113900234,478,405,73
113900235,124,43,81
113900236,421,174,247
113900237,211,10,201
113900238,203,666,-463
113900239,42,212,-170
113900240,10,195,-185
113900241,61,96,-35
113900242,41,337,-296
113900243,29,279,-250
113900244,153,144,9
113900245,527,293,234
113900246,12,40,-28
113900247,86,684,-598
113900248,2241,1737,504
113900249,369,649,-280
113900250,29,231,-202
113900251,1278,58,1220
113900252,1040,26,1014
113900253,713,49,664
113900254,600,196,404
113900255,759,14,745
113900256,492,31,461
113900257,23,306,-283
113900258,18,312,-294
113900259,729,84,645
113900260,295,5,290
113900261,42,47,-5
113900262,199,266,-67
113900263,30,289,-259
113900264,0,183,-183
113900265,92,244,-152
113900266,44,129,-85
113900267,54,1086,-1032
113900268,269,556,-287
113900269,127,130,-3
113900270,104,479,-375
113900271,601,375,226
113900273,12,8,4
113900274,39,23,16
113900275,18,179,-161
113900276,0,121,-121
113900277,156,3,153
113900278,232,149,83
113900279,16,25,-9
113900280,1231,579,652
113900281,229,1231,-1002
113900282,196,347,-151
113900283,436,652,-216
113900284,886,89,797
113900285,111,58,53
113900286,26,45,-19
113900287,110,21,89
113900288,2,101,-99
113900289,280,118,162
113900290,272,378,-106
113900291,82,82,0
113900292,10,2,8
113900293,0,148,-148
113900294,628,17,611
113900295,383,404,-21
113900296,1886,298,1588
113900297,2286,44,2242
113900298,33,1084,-1051
113900299,173,38,135
113900300,4681,4248,433
113900301,597,542,55
113900302,1151,1039,112
113900303,146,724,-578
113900304,1,98,-97
113900305,164,1,163
113900306,134,2,132
113900307,4,0,4
113900308,54,99,-45
113900309,1,235,-234
113900310,1,8,-7
113900311,25,1,24
113900312,152,183,-31
113900313,12,5,7
113900314,371,697,-326
113900315,4234,353,3881
114000001,792,1674,-882
114000002,379,221,158
114000003,212,310,-98
114000004,593,269,324
114000005,334,125,209
114000006,1098,1360,-262
114000007,606,850,-244
114000008,1459,2066,-607
114000009,1056,276,780
114000011,3314,1766,1548
114000012,3908,1203,2705
114000013,2374,873,1501
114000014,521,175,346
114000015,2099,104,1995
114000016,290,87,203
114000017,65,751,-686
114000018,90,13,77
114000026,3356,819,2537
114000027,5070,1922,3148
114000028,2116,3459,-1343
114000038,364,90,274
114000039,105,64,41
114000040,144,269,-125
114000042,193,96,97
114000043,152,91,61
114000044,409,25,384
114000045,44,25,19
114000046,1538,3804,-2266
114000047,5,99,-94
114000048,100,61,39
114000049,1551,1302,249
114000050,1658,1751,-93
114000051,2739,2199,540
114000052,3411,2372,1039
114000053,61,746,-685
114000054,112,661,-549
114000055,261,31,230
114000056,149,1415,-1266
114000057,3268,1784,1484
114000058,89,917,-828
114000059,35,664,-629
114000060,470,773,-303
114000061,2229,3304,-1075
114000062,374,1468,-1094
114000063,1125,1124,1
114000064,1544,3320,-1776
114000065,959,2111,-1152
114000066,575,686,-111
114000067,12,1033,-1021
114000068,441,788,-347
114000069,936,594,342
114000070,1786,2027,-241
114000071,677,446,231
114000072,545,186,359
114000073,13,8,5
114000074,113,6,107
114000075,47,13,34
114000076,14,29,-15
114000077,8,10,-2
114000078,308,240,68
114000079,308,67,241
114000080,84,47,37
114000081,74,59,15
114000082,51,190,-139
114000083,83,60,23
114000084,236,92,144
114000085,73,222,-149
114000086,278,310,-32
114000087,214,30,184
114000088,28,12,16
114000089,369,192,177
114000090,921,1192,-271
114000091,850,1005,-155
114000092,650,322,328
114000093,1136,542,594
114000094,522,380,142
114000095,188,200,-12
114000096,66,164,-98
114000097,104,230,-126
114000098,660,101,559
114000099,1048,94,954
114000100,1737,406,1331
114000101,563,248,315
114000102,677,381,296
114000103,133,151,-18
114000104,37,147,-110
114000105,173,130,43
114000106,708,2047,-1339
114000107,677,70,607
114000108,698,676,22
114000109,923,2513,-1590
114000110,396,619,-223
114000111,2452,1258,1194
114000112,340,1032,-692
114000113,2227,569,1658
114000114,471,701,-230
114000115,2794,1117,1677
114000116,1260,4313,-3053
114000117,4871,734,4137
114000118,3980,382,3598
114000119,3208,493,2715
114000120,532,644,-112
114000121,562,631,-69
114000122,432,273,159
114000123,2523,429,2094
114000124,1285,440,845
114000125,1118,876,242
114000126,2241,259,1982
114000127,280,114,166
114000128,1061,168,893
114000130,446,447,-1
114000131,402,120,282
114000132,635,305,330
114000133,433,845,-412
114000134,65,37,28
114000138,33,137,-104
114000139,397,557,-160
114000144,679,767,-88
114000145,42,57,-15
114000146,102,72,30
114000147,1432,3026,-1594
114000148,961,1741,-780
114000149,220,402,-182
114000150,418,915,-497
114000151,812,2988,-2176
114000152,78,33,45
114000153,631,2294,-1663
114000154,743,652,91
114000155,1070,3023,-1953
114000156,796,788,8
114000157,271,1713,-1442
114000158,896,498,398
114000159,159,385,-226
114000160,70,569,-499
114000161,1121,3166,-2045
114000162,1308,2918,-1610
114000163,24,31,-7
114000165,375,483,-108
114000166,505,525,-20
114000167,2143,1222,921
114000168,360,270,90
114000169,1088,1506,-418
114000170,1135,1543,-408
114000171,1577,9606,-8029
114000174,144,253,-109
114000176,215,503,-288
114000177,698,342,356
114000178,62,82,-20
114000179,937,860,77
114000180,206,274,-68
114000181,1428,5858,-4430
114000182,855,2628,-1773
114000183,521,586,-65
114000184,1764,565,1199
114000185,1347,714,633
114000189,1469,130,1339
114000190,3928,453,3475
114000191,97,280,-183
114000192,150,601,-451
114000193,249,1079,-830
114000194,1441,657,784
114000195,283,143,140
114000196,2,75,-73
114000197,2374,31,2343
114000198,516,251,265
114000199,1159,1624,-465
114000200,426,820,-394
114000201,143,568,-425
114000202,1061,389,672
114000203,745,469,276
114000204,126,342,-216
114000205,117,863,-746
114000206,871,1026,-155
114000207,376,659,-283
114000208,411,987,-576
114000209,255,974,-719
114000210,172,541,-369
114000211,1368,949,419
114000212,768,828,-60
114000213,1714,325,1389
114000214,74,57,17
114000215,186,92,94
114000216,1824,329,1495
114000217,489,175,314
114000218,272,76,196
114000219,1772,138,1634
114000220,30,356,-326
114000221,1310,156,1154
114000222,122,394,-272
114000223,798,148,650
114000224,40,302,-262
114000225,323,261,62
114000226,224,176,48
114000227,1149,506,643
114000228,983,453,530
114000229,1542,1076,466
114000230,1701,679,1022
114000231,1322,1268,54
114000232,1225,178,1047
114000233,3039,95,2944
114000234,1335,513,822
114000235,1510,1063,447
114000236,1,231,-230
114000237,149,573,-424
114000238,115,304,-189
114000239,148,731,-583
114000240,915,956,-41
114000241,290,497,-207
114000242,711,501,210
114000243,2228,771,1457
114000244,506,283,223
114000245,474,789,-315
114000246,102,43,59
114000247,467,473,-6
114000248,1826,596,1230
114000249,574,364,210
114000250,764,274,490
114000251,401,134,267
114000252,83,18,65
114000253,26,60,-34
114000254,131,19,112
114000255,595,176,419
114000256,380,1988,-1608
114000257,337,648,-311
114000258,309,133,176
114000259,82,232,-150
114000260,0,30,-30
114000261,32,22,10
114000262,307,93,214
114000263,6,0,6
114000264,1254,282,972
114000265,0,2,-2
114000267,3,1659,-1656
114000268,17,387,-370
114000270,125,3,122
114000271,252,57,195
114000283,1353,249,1104
114000285,14,143,-129
114000288,227,207,20
114000289,2030,176,1854
114000293,240,500,-260
114000294,183,207,-24
114000395,1182,15,1167
114000396,622,793,-171
114000402,990,142,848
114000403,314,195,119
114000405,322,178,144
114000423,488,117,371
114000424,480,97,383
114000425,1064,91,973
114000426,378,881,-503
114000427,147,62,85
114000428,44,221,-177
114000429,7,102,-95
114000432,166,32,134
114000434,36,48,-12
114000435,0,85,-85
114900001,676,286,390
114900002,549,115,434
114900003,1090,344,746
114900004,198,474,-276
114900005,642,235,407
114900006,54,73,-19
114900007,377,22,355
114900008,246,141,105
114900010,905,1636,-731
114900011,222,104,118
114900013,246,76,170
114900015,42,348,-306
114900018,1654,51,1603
114900020,121,68,53
114900022,21,583,-562
114900024,77,43,34
114900025,429,127,302
114900026,68,139,-71
114900027,83,88,-5
114900029,223,23,200
114900030,252,158,94
114900031,593,32,561
114900032,491,31,460
114900033,256,680,-424
114900034,32,56,-24
114900035,39,254,-215
114900036,141,213,-72
114900037,45,34,11
114900038,122,112,10
114900039,619,134,485
114900040,93,44,49
114900041,1139,152,987
114900042,1650,199,1451
114900043,160,40,120
114900044,173,76,97
114900046,7,15,-8
114900047,233,3735,-3502
114900048,50,185,-135
114900049,28,78,-50
114900050,66,130,-64
114900051,10,126,-116
114900052,62,168,-106
114900053,86,121,-35
114900054,12,28,-16
114900057,226,11,215
114900058,0,37,-37
114900059,100,122,-22
114900060,106,359,-253
114900061,45,22,23
114900062,48,154,-106
114900063,71,71,0
114900064,2564,142,2422
114900065,622,662,-40
114900067,19,418,-399
114900068,34,144,-110
114900069,114,29,85
114900070,559,195,364
114900072,1,187,-186
114900073,0,50,-50
114900074,1041,145,896
114900075,322,11,311
114900076,2,142,-140
114900080,671,137,534
114900082,1704,3081,-1377
114900083,372,712,-340
114900090,522,172,350
114900091,120,104,16
114900095,74,17,57
114900096,69,157,-88
114900097,236,1,235
114900098,4,95,-91
114900099,231,9,222
115000001,4086,1943,2143
115000002,5039,6353,-1314
115000003,4140,1580,2560
115000004,5930,6739,-809
115000005,2061,2178,-117
115000006,1263,1630,-367
115000007,669,243,426
115000008,434,563,-129
115000009,520,289,231
115000010,271,153,118
115000013,49,208,-159
115000015,21,446,-425
115000016,58,294,-236
115000019,37,467,-430
115000020,203,1172,-969
115000021,267,346,-79
115000022,526,207,319
115000023,303,496,-193
115000024,872,329,543
115000025,975,616,359
115000026,176,297,-121
115000027,424,205,219
115000028,170,600,-430
115000029,979,64,915
115000030,569,922,-353
115000031,883,151,732
115000032,8,239,-231
115000033,311,37,274
115000034,47,856,-809
115000035,1138,71,1067
115000036,0,351,-351
115000037,558,22,536
115000038,106,158,-52
115000039,3805,4553,-748
115000040,3249,2508,741
115000041,2456,5220,-2764
115000042,410,651,-241
115000043,4521,3195,1326
115000044,2988,3372,-384
115000045,2727,1195,1532
115000046,3420,3406,14
115000047,3528,1712,1816
115000048,2329,1742,587
115000049,1101,2804,-1703
115000050,3715,1499,2216
115000051,1774,4498,-2724
115000052,1057,1458,-401
115000053,2963,2681,282
115000054,661,640,21
115000055,174,958,-784
115000056,127,426,-299
115000057,566,1412,-846
115000058,205,391,-186
115000059,311,275,36
115000061,139,387,-248
115000062,203,387,-184
115000063,435,429,6
115000064,297,155,142
115000065,69,460,-391
115000067,339,34,305
115000069,101,217,-116
115000070,32,1045,-1013
115000071,91,23,68
115000072,30,73,-43
115000073,1617,102,1515
115000075,116,52,64
115000076,2075,1849,226
115000077,2283,1188,1095
115000078,1750,801,949
115000079,1883,946,937
115000080,3624,1183,2441
115000081,275,517,-242
115000082,5445,4438,1007
115000083,2076,951,1125
115000084,3561,1121,2440
115000085,1257,607,650
115000086,1514,514,1000
115000087,432,1325,-893
115000088,1672,519,1153
115000089,1389,819,570
115000090,488,957,-469
115000091,276,397,-121
115000092,945,756,189
115000093,792,3,789
115000094,4855,8069,-3214
115000095,3558,7527,-3969
115000096,1316,764,552
115000097,2093,1202,891
115000098,1909,536,1373
115000099,2977,1440,1537
115000100,1790,326,1464
115000101,551,801,-250
115000102,616,236,380
115000103,311,499,-188
115000105,83,71,12
115000106,886,443,443
115000107,177,246,-69
115000108,1568,1860,-292
115000109,3343,5612,-2269
115000110,1299,1985,-686
115000111,450,1048,-598
115000112,723,740,-17
115000113,445,674,-229
115000114,1307,425,882
115000116,2237,1546,691
115000117,1781,2056,-275
115000118,2384,1653,731
115000119,1591,1672,-81
115000120,639,1485,-846
115000121,608,610,-2
115000122,624,1397,-773
115000123,838,2109,-1271
115000124,669,1117,-448
115000125,343,1300,-957
115000126,89,495,-406
115000127,298,152,146
115000128,228,992,-764
115000129,162,538,-376
115000130,534,503,31
115000131,902,206,696
115000132,337,173,164
115000133,685,162,523
115000134,253,162,91
115000135,179,109,70
115000136,250,180,70
115000137,80,138,-58
115000138,439,231,208
115000139,231,174,57
115000140,496,218,278
115000141,278,118,160
115000142,243,90,153
115000143,954,730,224
115000144,631,76,555
115000145,322,168,154
115000146,618,406,212
115000147,394,381,13
115000148,308,518,-210
115000149,897,211,686
115000150,460,402,58
115000151,1512,400,1112
115000152,675,823,-148
115000153,1440,375,1065
115000154,1188,231,957
115000155,690,975,-285
115000156,667,918,-251
115000157,406,1334,-928
115000158,124,405,-281
115000159,379,634,-255
115000160,303,402,-99
115000161,195,406,-211
115000162,455,981,-526
115000163,505,655,-150
115000164,506,964,-458
115000165,158,778,-620
115000167,111,98,13
115000168,475,678,-203
115000169,260,1071,-811
115000170,63,236,-173
115000171,218,500,-282
115000172,614,660,-46
115000173,361,892,-531
115000174,60,437,-377
115000175,187,102,85
115000176,35,55,-20
115000177,46,62,-16
115000178,24,148,-124
115000179,19,46,-27
115000180,81,243,-162
115000181,821,150,671
115000182,1287,231,1056
115000183,541,391,150
115000186,691,206,485
115000187,207,412,-205
115000188,426,508,-82
115000189,222,324,-102
115000190,792,407,385
115000191,205,405,-200
115000194,88,159,-71
115000195,138,375,-237
115000196,245,119,126
115000197,325,138,187
115000198,590,118,472
115000199,555,121,434
115000200,490,113,377
115000201,226,172,54
115000206,379,22,357
115000207,215,118,97
115000208,190,534,-344
115000209,668,307,361
115000210,163,104,59
115000211,282,185,97
115000212,1121,311,810
115000224,232,86,146
115000225,123,55,68
115000229,299,81,218
115000230,151,642,-491
115000231,339,692,-353
115000232,2965,305,2660
115000233,143,233,-90
115000234,17,309,-292
115000241,116,164,-48
115000242,209,107,102
115000243,120,88,32
115000244,3,141,-138
115000246,103,19,84
115000247,58,18,40
115000248,71,9,62
115000249,11,13,-2
115000250,321,24,297
115000251,386,68,318
115000252,71,240,-169
115000253,8,463,-455
115000258,556,70,486
115000259,301,96,205
115000261,20,22,-2
115000262,16,52,-36
115000263,23,35,-12
115000264,17,28,-11
115000267,94,69,25
115000268,70,110,-40
115000269,134,51,83
115000270,10,12,-2
115000272,94,54,40
115000273,714,30,684
115000280,1592,178,1414
115000281,251,629,-378
115000282,739,744,-5
115000284,137,181,-44
115000296,665,2,663
115000297,116,110,6
115000298,51,471,-420
115000300,195,117,78
115000302,704,84,620
115000303,1143,73,1070
115000304,850,72,778
115000305,115,187,-72
115000306,170,94,76
115000307,154,135,19
115000308,38,22,16
115000309,19,72,-53
115000310,1817,459,1358
115000311,1663,1073,590
115000313,88,224,-136
115000314,733,299,434
115000315,952,1180,-228
115000316,203,124,79
115000317,164,413,-249
115000318,755,270,485
115000319,63,204,-141
115000320,13,452,-439
115000321,217,4,213
115000322,57,148,-91
115000449,150,220,-70
115000557,2,2057,-2055
115000558,230,99,131
115000587,723,294,429
115000588,2393,2715,-322
115000589,4283,2790,1493
115000590,835,1904,-1069
115000591,1448,995,453
115000592,382,2147,-1765
115000593,1636,1045,591
115000594,331,3193,-2862
115000609,284,182,102
115000617,463,2385,-1922
115000624,451,19,432
115000633,256,1098,-842
115000634,3523,801,2722
115000635,852,198,654
115000638,273,425,-152
115000641,31,316,-285
115000642,207,159,48
115000643,97,259,-162
115000644,140,263,-123
115000646,623,1437,-814
115000647,133,490,-357
115000648,2763,948,1815
115000893,1996,1609,387
115000894,116,717,-601
115000895,207,1474,-1267
115000896,1227,852,375
115000897,496,151,345
115000898,411,448,-37
115000899,255,1680,-1425
115000900,57,733,-676
115000901,113,322,-209
115000912,541,118,423
115000913,3,30,-27
115000915,56,0,56
115000916,2,0,2
115000917,0,4,-4
115000918,20,635,-615
115000919,6,17,-11
115000920,10,80,-70
115000921,243,62,181
115000922,508,1635,-1127
115000923,92,2585,-2493
115000925,153,143,10
115000927,56,70,-14
115000933,97,926,-829
115000934,112,120,-8
115000935,199,65,134
115000936,75,969,-894
115000937,1522,429,1093
115000938,77,490,-413
115000939,41,256,-215
115000940,5,34,-29
115000941,7,50,-43
115000942,7,200,-193
115000943,2,105,-103
115000944,11,5,6
115900001,209,5,204
115900002,102,67,35
115900003,188,70,118
115900004,1,7,-6
115900005,267,18,249
115900006,94,88,6
115900008,135,2,133
115900009,70,195,-125
115900010,486,66,420
115900011,296,369,-73
115900012,339,29,310
115900013,223,136,87
115900014,166,146,20
115900015,233,21,212
115900016,86,57,29
115900017,28,10,18
115900018,146,28,118
115900019,29,20,9
115900020,133,2,131
115900021,766,360,406
115900022,708,6,702
115900023,16,11,5
115900025,33,165,-132
115900026,616,92,524
115900027,0,130,-130
115900028,312,34,278
115900029,7,162,-155
115900030,69,25,44
115900031,132,255,-123
115900032,300,714,-414
115900033,3,44,-41
115900034,20,96,-76
115900035,47,62,-15
115900036,35,2393,-2358
115900037,41,128,-87
115900038,54,25,29
115900039,192,143,49
115900041,137,1004,-867
115900042,72,12,60
115900043,136,43,93
115900044,146,236,-90
115900046,648,94,554
115900047,89,248,-159
115900049,197,115,82
115900051,15,29,-14
115900052,19,90,-71
115900053,336,60,276
115900054,450,31,419
115900055,41,73,-32
115900056,223,73,150
115900057,21,11,10
115900058,11,38,-27
115900060,61,53,8
115900061,275,1,274
115900062,63,90,-27
115900063,54,6,48
115900064,177,296,-119
115900065,165,27,138
115900066,53,42,11
115900067,22,72,-50
115900068,1082,1613,-531
115900069,100,161,-61
115900070,210,63,147
115900071,0,134,-134
115900072,34,98,-64
115900073,195,125,70
115900074,5,114,-109
115900075,17,117,-100
115900076,24,26,-2
115900077,7,54,-47
115900078,33,266,-233
115900079,385,17,368
115900080,151,78,73
115900081,34,25,9
115900082,72,214,-142
115900084,718,14,704
115900085,71,93,-22
115900086,898,458,440
115900088,7,89,-82
115900089,602,331,271
115900090,723,3,720
115900091,2,18,-16
115900092,48,44,4
115900093,9,31,-22
115900094,10,61,-51
115900096,8,7,1
115900097,7,93,-86
115900098,356,150,206
115900099,33,35,-2
115900100,8,154,-146
115900101,248,91,157
115900102,183,34,149
115900103,411,133,278
115900104,135,45,90
115900105,314,211,103
115900106,138,5,133
115900107,116,42,74
115900108,193,10,183
115900109,18,147,-129
115900110,3,3,0
115900111,3,47,-44
115900112,26,513,-487
115900113,65,13,52
115900114,2,53,-51
115900115,104,194,-90
115900116,75,422,-347
115900117,123,10,113
115900118,0,64,-64
115900119,196,128,68
115900120,33,139,-106
115900121,262,125,137
115900124,253,915,-662
115900125,466,85,381
115900126,1030,52,978
115900127,1104,35,1069
115900128,3,89,-86
115900129,602,83,519
115900130,9,462,-453
115900131,392,20,372
115900132,870,10,860
115900134,359,20,339
115900135,527,993,-466
115900137,35,4,31
115900139,15,161,-146
115900140,659,44,615
115900141,1,72,-71
115900142,14,64,-50
115900143,307,522,-215
115900144,231,211,20
115900146,27,38,-11
115900147,194,253,-59
115900148,88,3,85
115900149,218,20,198
115900150,154,9,145
115900151,53,80,-27
115900152,247,171,76
115900153,201,69,132
115900154,360,385,-25
115900155,0,6,-6
115900156,796,903,-107
115900157,293,521,-228
115900158,4,4,0
115900159,191,191,0
115900160,0,16,-16
115900161,32,94,-62
115900163,292,82,210
115900164,824,7,817
115900166,124,94,30
115900168,215,42,173
115900171,96,378,-282
115900172,61,136,-75
115900173,258,77,181
115900174,233,489,-256
115900175,227,130,97
115900178,5,201,-196
115900179,466,10,456
115900180,90,76,14
115900181,215,61,154
115900182,745,52,693
115900183,17,124,-107
115900184,534,10,524
115900187,5,246,-241
115900189,1,179,-178
115900190,94,1322,-1228
115900191,26,171,-145
115900192,19,74,-55
115900193,145,98,47
115900194,1034,52,982
115900195,409,3024,-2615
115900198,290,186,104
115900199,403,102,301
115900200,270,106,164
115900201,226,300,-74
115900202,1,57,-56
115900203,11,29,-18
115900204,0,11,-11
115900205,26,21,5
115900206,413,66,347
115900207,59,2,57
115900208,117,39,78
115900209,1,62,-61
115900210,2,84,-82
115900211,1,58,-57
115900212,183,86,97
115900213,77,138,-61
115900214,714,88,626
115900215,21,260,-239
115900216,6,65,-59
115900217,1,15,-14
115900218,0,4,-4
115900219,168,2,166
115900220,272,0,272
115900221,147,9,138
115900222,102,52,50
115900223,6,755,-749
115900224,521,1906,-1385
115900225,42,40,2
115900226,21,64,-43
115900227,9,107,-98
115900228,16,52,-36
115900229,0,42,-42
115900230,20,54,-34
115900231,168,2,166
115900232,76,0,76
115900233,144,1,143
115900234,62,29,33
115900235,42,55,-13
115900236,9,37,-28
115900237,16,28,-12
115900238,14,23,-9
115900239,18,17,1
115900240,8,16,-8
115900241,261,32,229
115900242,387,476,-89
115900243,28,5,23
115900244,11,5,6
115900245,115,5,110
115900246,30,17,13
115900247,7,15,-8
115900248,16,5,11
115900249,29,7,22
115900250,11,22,-11
115900251,12,2,10
115900252,6,0,6
115900253,20,16,4
115900254,7,70,-63
115900255,17,43,-26
115900256,24,28,-4
115900257,7,14,-7
115900258,0,0,0
115900259,19,1,18
115900260,11,4,7
115900261,4,0,4
115900262,0,0,0
115900263,9,1,8
115900264,5,7,-2
115900265,3,16,-13
115900266,8,13,-5
115900267,2,12,-10
115900268,2,15,-13
115900269,732,123,609
115900270,376,89,287
115900271,179,2,177
115900272,104,3,101
115900273,25,54,-29
115900274,1,7,-6
115900275,0,6,-6
115900276,0,17,-17
115900277,0,62,-62
115900278,85,92,-7
115900279,24,211,-187
115900280,15,874,-859
115900281,200,349,-149
115900282,36,64,-28
115900283,27,13,14
115900284,23,16,7
116000001,6741,2046,4695
116000002,5487,16653,-11166
116000003,1083,1720,-637
116000004,4101,6561,-2460
116000005,1082,3394,-2312
116000006,3083,5084,-2001
116000007,1473,2140,-667
116000008,5823,3227,2596
116000009,895,1178,-283
116000010,3485,1919,1566
116000011,576,887,-311
116000012,2054,1331,723
116000013,3933,4912,-979
116000014,10792,23851,-13059
116000015,155,1747,-1592
116000016,4200,5169,-969
116000017,35,722,-687
116000018,421,331,90
116000019,1323,275,1048
116000020,855,1059,-204
116000021,778,257,521
116000022,566,312,254
116000023,2229,1250,979
116000024,625,903,-278
116000025,1088,1076,12
116000026,1518,3553,-2035
116000027,426,889,-463
116000028,518,1173,-655
116000029,326,503,-177
116000030,594,708,-114
116000031,80,187,-107
116000032,304,122,182
116000033,662,427,235
116000034,751,692,59
116000035,510,370,140
116000036,515,4407,-3892
116000037,301,529,-228
116000038,175,1669,-1494
116000039,335,1910,-1575
116000040,591,1776,-1185
116000041,99,1346,-1247
116000042,1074,1118,-44
116000043,159,456,-297
116000044,9,42,-33
116000045,1928,1374,554
116000046,891,2084,-1193
116000047,1708,2742,-1034
116000048,2690,1421,1269
116000049,1730,3232,-1502
116000050,1510,1108,402
116000051,4477,3432,1045
116000052,4370,4383,-13
116000053,2489,660,1829
116000054,1251,2727,-1476
116000055,1007,982,25
116000056,1776,831,945
116000057,2704,1388,1316
116000058,4200,3197,1003
116000059,2502,3932,-1430
116000060,2435,1338,1097
116000061,736,1544,-808
116000062,594,282,312
116000063,665,2239,-1574
116000066,274,679,-405
116000067,312,338,-26
116000068,125,401,-276
116000069,383,164,219
116000078,663,938,-275
116000080,2047,609,1438
116000082,25,16,9
116000083,2254,465,1789
116000084,1171,1969,-798
116000085,2138,2077,61
116000086,861,700,161
116000087,3268,2045,1223
116000088,916,682,234
116000089,172,105,67
116000090,131,140,-9
116000091,190,549,-359
116000093,741,380,361
116000094,795,287,508
116000095,1091,542,549
116000096,1251,1585,-334
116000097,1488,639,849
116000098,61,8782,-8721
116000099,4081,316,3765
116000100,536,18,518
116000101,1266,407,859
116000102,327,686,-359
116000103,572,308,264
116000104,256,709,-453
116000105,1702,95,1607
116000106,499,645,-146
116000107,3009,209,2800
116000108,47,195,-148
116000111,197,63,134
116000113,204,87,117
116000114,46,122,-76
116000115,398,150,248
116000116,198,138,60
116000117,1657,1388,269
116000118,2283,944,1339
116000119,3944,1544,2400
116000120,3008,2335,673
116000121,998,590,408
116000122,713,778,-65
116000123,1248,481,767
116000124,406,361,45
116000125,3586,658,2928
116000126,406,560,-154
116000127,642,543,99
116000128,2156,720,1436
116000129,1609,171,1438
116000130,1080,619,461
116000133,1787,661,1126
116000134,1546,895,651
116000135,3201,1252,1949
116000136,830,1228,-398
116000137,1334,777,557
116000138,1696,1161,535
116000139,2229,4304,-2075
116000140,190,297,-107
116000141,533,345,188
116000142,3317,1844,1473
116000143,2347,1666,681
116000144,1824,1623,201
116000145,2866,754,2112
116000146,1272,122,1150
116000147,278,362,-84
116000148,1122,1504,-382
116000149,964,786,178
116000151,546,502,44
116000153,122,303,-181
116000155,220,384,-164
116000156,709,600,109
116000157,98,26,72
116000158,524,186,338
116000159,11,19,-8
116000160,31,26,5
116000161,9,49,-40
116000162,67,293,-226
116000163,37,8,29
116000164,12,37,-25
116000177,72,197,-125
116000194,111,303,-192
116000195,1403,553,850
116000196,0,0,0
116000197,36,12,24
116000198,2284,1002,1282
116000200,789,790,-1
116000201,544,504,40
116000202,16,146,-130
116000203,1,43,-42
116000204,5,28,-23
116000205,0,99,-99
116000206,3,90,-87
116000207,4,47,-43
116000233,185,347,-162
116000287,255,190,65
116000288,425,145,280
116000292,0,0,0
116000296,25,116,-91
116000297,241,30,211
116000304,205,23,182
116000305,29,94,-65
116000346,191,95,96
116000352,158,107,51
116000354,53,36,17
116000357,61,15,46
116000358,446,101,345
116000361,200,4,196
116000372,3709,8652,-4943
116000381,134,1,133
116000388,2,23,-21
116000389,784,272,512
116000445,879,198,681
116000446,779,290,489
116000447,35,597,-562
116000448,548,185,363
116000563,682,698,-16
116000565,32,320,-288
116000568,62,636,-574
116000579,12,92,-80
116000583,192,40,152
116000584,39,4,35
116000585,45,18,27
116000586,44,70,-26
116000587,521,427,94
116000589,108,71,37
116000590,151,81,70
116000591,345,285,60
116000592,7,31,-24
116000593,0,12,-12
116000594,1131,155,976
116000595,903,68,835
116000596,211,8,203
116000597,619,218,401
116000598,30,127,-97
116000605,185,101,84
116000606,49,462,-413
116000607,65,105,-40
116000609,107,1291,-1184
116000611,253,187,66
116000612,1714,2132,-418
116000613,884,295,589
116000614,514,205,309
116000615,2,750,-748
116000616,146,38,108
116000617,173,8,165
116000618,9,43,-34
116000619,62,88,-26
116000620,169,91,78
116000621,165,55,110
116000622,200,83,117
116000624,371,76,295
116000627,161,23,138
116000628,29,165,-136
116000629,65,106,-41
116000630,1156,7,1149
116000631,554,28,526
116000632,904,15,889
116000633,321,124,197
116000634,560,48,512
116000635,2133,4573,-2440
116000636,484,2485,-2001
116000637,887,23,864
116000638,157,174,-17
116000639,12,9,3
116000640,62,58,4
116000641,1,4,-3
116000643,0,14,-14
116000644,47,100,-53
116000645,23,3,20
116900001,452,109,343
116900002,331,0,331
116900003,72,26,46
116900004,34,90,-56
116900005,325,60,265
116900006,95,160,-65
116900007,167,239,-72
116900008,665,77,588
116900009,15,7,8
116900010,1,540,-539
116900011,64,20,44
116900012,333,375,-42
116900013,4,45,-41
116900014,405,33,372
116900016,327,2,325
116900017,2,451,-449
116900018,95,71,24
116900019,4,123,-119
116900020,274,531,-257
116900023,65,14,51
116900025,1380,390,990
116900026,42,452,-410
116900027,35,45,-10
116900028,3,65,-62
116900029,46,1385,-1339
116900031,3,2,1
116900032,8,116,-108
116900033,58,10,48
116900034,2,36,-34
116900035,110,130,-20
116900036,7,82,-75
116900038,90,1,89
116900041,64,17,47
116900042,198,197,1
116900043,12,41,-29
116900047,16,196,-180
116900049,20,213,-193
116900050,90,208,-118
116900051,218,38,180
116900052,218,47,171
116900055,2,11,-9
116900057,10,60,-50
116900058,23,245,-222
116900059,4,55,-51
116900060,191,354,-163
116900062,6,20,-14
116900064,142,217,-75
116900065,28,80,-52
116900067,178,55,123
116900068,172,74,98
116900070,6,1,5
116900072,49,115,-66
116900073,27,50,-23
116900074,5,30,-25
116900076,20,96,-76
116900077,25,36,-11
116900078,161,41,120
116900079,49,88,-39
116900080,8,10,-2
116900081,192,618,-426
116900082,217,789,-572
116900083,10,18,-8
116900084,96,61,35
116900085,6,29,-23
116900086,57,111,-54
116900088,242,36,206
116900090,32,24,8
116900091,435,56,379
116900092,68,336,-268
116900093,3711,1360,2351
116900094,3167,6632,-3465
116900095,167,612,-445
116900096,88,159,-71
116900097,1469,4072,-2603
116900098,732,571,161
116900099,263,1003,-740
116900100,1153,106,1047
116900101,209,628,-419
116900103,21,0,21
116900104,27,193,-166
116900105,310,179,131
116900106,3173,65,3108
116900107,1436,3033,-1597
116900110,15,5,10
116900111,933,226,707
116900112,321,553,-232
116900113,1017,3401,-2384
116900116,54,1565,-1511
116900117,242,153,89
116900118,1845,1051,794
116900120,511,40,471
116900121,255,21,234
116900122,1109,201,908
116900123,426,236,190
116900124,134,443,-309
116900125,355,50,305
116900126,71,610,-539
116900128,0,81,-81
116900129,2,170,-168
116900130,1368,4761,-3393
116900131,31,195,-164
116900132,53,68,-15
116900133,202,91,111
116900134,299,196,103
116900136,212,128,84
116900137,257,109,148
116900138,146,90,56
116900139,105,249,-144
116900140,146,76,70
116900141,441,186,255
116900142,4,259,-255
116900143,306,114,192
116900144,6,98,-92
116900145,59,104,-45
116900147,222,2612,-2390
116900148,63,86,-23
116900149,68,266,-198
116900150,0,0,0
116900151,128,79,49
116900153,152,69,83
116900154,175,550,-375
116900155,77,120,-43
116900157,788,83,705
116900158,91,335,-244
116900159,83,691,-608
116900160,983,1321,-338
116900161,3772,10535,-6763
116900162,8,43,-35
116900163,359,53,306
116900164,108,55,53
116900165,711,552,159
116900166,60,22,38
116900167,526,37,489
116900168,482,46,436
116900169,257,2556,-2299
116900170,624,645,-21
116900171,58,61,-3
116900172,97,518,-421
116900173,249,17,232
116900174,129,265,-136
116900175,281,713,-432
116900178,55,63,-8
116900179,42,486,-444
116900180,72,10,62
116900182,1649,358,1291
116900183,239,84,155
116900185,15,34,-19
116900186,103,58,45
116900187,61,86,-25
116900188,109,19,90
116900189,0,0,0
116900191,294,406,-112
116900192,383,122,261
116900194,106,1979,-1873
116900195,64,12,52
116900196,12,15,-3
116900197,111,7,104
116900198,43,371,-328
116900200,181,8,173
116900201,195,4,191
116900202,58,20,38
116900203,177,23,154
116900204,29,221,-192
116900206,54,3,51
116900207,15,17,-2
116900208,29,57,-28
116900209,34,25,9
116900210,835,414,421
116900211,300,2,298
116900212,133,42,91
116900213,277,97,180
116900214,352,192,160
116900215,27,43,-16
116900216,403,242,161
116900218,96,510,-414
116900219,754,225,529
116900220,168,264,-96
116900221,183,272,-89
116900222,580,364,216
116900223,103,272,-169
116900226,114,30,84
116900227,256,37,219
116900228,306,146,160
116900230,145,246,-101
116900233,963,137,826
116900234,15,3,12
116900235,149,200,-51
116900238,725,194,531
116900239,14,694,-680
116900240,3353,3712,-359
116900241,73,25,48
116900242,478,1010,-532
116900243,1,14,-13
116900245,35,35,0
116900246,189,48,141
116900247,1063,59,1004
116900248,91,15,76
116900249,622,44,578
116900250,476,36,440
116900251,290,1049,-759
116900252,213,495,-282
116900254,39,84,-45
116900255,199,122,77
116900256,743,119,624
116900257,28,157,-129
116900258,4,77,-73
116900259,410,14,396
116900260,2,53,-51
116900261,108,3,105
116900262,197,70,127
116900263,1,22,-21
116900264,13,25,-12
116900265,100,4,96
116900266,313,60,253
116900267,2,1,1
116900268,158,119,39
116900269,338,1234,-896
116900271,664,521,143
116900272,668,368,300
116900273,33,765,-732
116900274,199,16,183
116900275,237,50,187
116900276,240,388,-148
116900277,24,1,23
116900278,0,3,-3
116900279,5,30,-25
116900280,181,54,127
116900281,2986,6655,-3669
116900282,5,42,-37
116900283,13,57,-44
116900284,14,77,-63
116900285,173,304,-131
116900286,101,12,89
116900287,8,8,0
116900288,158,39,119
116900289,55,2,53
116900290,17,3,14
116900291,51,28,23
116900292,1,47,-46
116900293,84,8,76
116900294,29,123,-94
116900295,196,664,-468
116900296,61,501,-440
116900297,3,83,-80
116900298,122,465,-343
116900299,47,638,-591
116900300,22,207,-185
116900301,63,1257,-1194
116900302,20,184,-164
116900303,135,352,-217
116900304,2,290,-288
116900305,18,36,-18
116900306,419,60,359
116900307,365,6,359
116900308,0,36,-36
116900309,494,66,428
117000001,3143,3336,-193
117000002,2050,3720,-1670
117000003,6678,4197,2481
117000004,2300,5465,-3165
117000005,4620,2620,2000
117000006,1104,2040,-936
117000007,7451,1272,6179
117000008,1032,2462,-1430
117000009,4981,1854,3127
117000010,1587,2632,-1045
117000011,3482,1358,2124
117000012,1812,767,1045
117000013,2524,1028,1496
117000014,1382,2224,-842
117000015,3261,1617,1644
117000016,395,711,-316
117000017,94,1762,-1668
117000018,120,1482,-1362
117000019,90,149,-59
117000020,765,2473,-1708
117000021,2415,1098,1317
117000022,256,724,-468
117000023,105,1670,-1565
117000024,70,1712,-1642
117000025,129,5286,-5157
117000026,1764,5429,-3665
117000027,1383,4802,-3419
117000028,1217,3920,-2703
117000030,396,440,-44
117000031,501,463,38
117000032,1544,1755,-211
117000033,2042,934,1108
117000034,373,267,106
117000035,427,604,-177
117000036,603,291,312
117000037,348,277,71
117000038,434,612,-178
117000039,416,331,85
117000040,213,574,-361
117000041,1408,114,1294
117000044,9,681,-672
117000045,1136,177,959
117000046,446,899,-453
117000047,1243,886,357
117000048,1547,846,701
117000049,46,382,-336
117000050,326,1231,-905
117000051,3375,92,3283
117000052,58,192,-134
117000053,932,42,890
117000054,2163,13,2150
117000055,26,1094,-1068
117000056,802,25,777
117000057,436,1351,-915
117000060,472,1164,-692
117000061,2850,1565,1285
117000062,189,878,-689
117000063,2462,1068,1394
117000064,739,718,21
117000066,540,719,-179
117000067,125,701,-576
117000074,39,166,-127
117000076,92,57,35
117000077,258,188,70
117000078,130,450,-320
117000079,435,251,184
117000080,0,439,-439
117000081,1091,191,900
117000082,40,56,-16
117000083,171,4,167
117000084,151,0,151
117000085,400,919,-519
117000086,747,235,512
117000087,64,538,-474
117000088,306,125,181
117000089,2624,204,2420
117000090,273,669,-396
117000091,1433,193,1240
117000092,556,582,-26
117000093,2187,692,1495
117000094,1040,1225,-185
117000095,4083,685,3398
117000096,663,1298,-635
117000097,2501,881,1620
117000098,1645,2187,-542
117000099,5700,1093,4607
117000100,298,380,-82
117000101,169,675,-506
117000102,2891,667,2224
117000103,412,842,-430
117000104,2234,704,1530
117000105,494,864,-370
117000106,2280,560,1720
117000107,505,926,-421
117000108,3165,1048,2117
117000109,806,1358,-552
117000110,2631,2187,444
117000111,4553,3840,713
117000112,4218,1344,2874
117000113,176,76,100
117000114,371,224,147
117000115,104,37,67
117000116,230,206,24
117000117,2087,1204,883
117000118,603,223,380
117000119,181,964,-783
117000120,94,2496,-2402
117000121,42,1395,-1353
117000122,1422,2080,-658
117000123,3402,84,3318
117000124,136,312,-176
117000125,121,1138,-1017
117000126,58,21,37
117000127,133,559,-426
117000128,128,1762,-1634
117000129,305,2422,-2117
117000130,256,8,248
117000131,0,50,-50
117000132,4422,15,4407
117000133,3051,23,3028
117000134,2,321,-319
117000135,6,348,-342
117000136,0,100,-100
117000137,277,170,107
117000138,4,1145,-1141
117000140,350,768,-418
117000141,2826,509,2317
117000181,333,281,52
117000182,3205,1208,1997
117000195,212,481,-269
117000196,344,194,150
117000225,66,384,-318
117000226,12,579,-567
117000276,434,26,408
117000277,0,119,-119
117000310,1193,2270,-1077
117000315,222,872,-650
117000320,107,0,107
117000906,604,12,592
117000907,10,201,-191
117000909,117,97,20
117000910,310,121,189
117000911,76,112,-36
117000915,10,178,-168
117000916,97,6,91
117000917,1973,43,1930
117000918,337,75,262
117000919,31,38,-7
117000920,1,657,-656
117000921,0,335,-335
117000922,40,51,-11
117000924,994,1001,-7
117000926,785,685,100
117000927,206,853,-647
117000928,0,139,-139
117000929,528,144,384
117000930,777,39,738
117000931,103,220,-117
117900002,57,1199,-1142
117900003,99,269,-170
117900005,25,395,-370
117900006,0,17,-17
117900007,206,85,121
117900008,0,3,-3
117900010,509,83,426
117900011,31,1055,-1024
117900012,106,75,31
117900013,0,158,-158
117900014,957,221,736
117900015,20,84,-64
117900016,960,920,40
117900017,1125,727,398
117900018,547,1690,-1143
117900019,1181,220,961
117900020,50,456,-406
117900021,53,116,-63
117900023,4328,109,4219
117900024,120,67,53
117900025,35,0,35
117900026,642,143,499
117900028,92,14,78
117900029,493,650,-157
117900030,652,280,372
117900031,231,894,-663
117900032,875,586,289
117900033,733,450,283
117900034,40,9,31
117900035,293,64,229
117900036,591,197,394
117900037,194,67,127
117900038,29,46,-17
117900039,0,27,-27
117900040,170,159,11
117900041,0,39,-39
117900042,2207,356,1851
117900043,8,35,-27
117900044,14,5808,-5794
117900045,411,160,251
117900048,432,120,312
117900049,605,319,286
117900050,35,1432,-1397
117900051,37,1,36
117900052,121,532,-411
117900053,1813,222,1591
117900054,4,13,-9
117900055,3226,474,2752
117900056,50,265,-215
117900057,1005,914,91
117900058,33,200,-167
117900059,125,130,-5
117900060,3161,2133,1028
117900061,28,599,-571
117900063,677,143,534
117900065,393,680,-287
117900066,8,107,-99
117900067,1167,183,984
117900069,1297,252,1045
117900070,84,328,-244
117900071,330,158,172
117900073,922,204,718
117900074,65,756,-691
117900075,105,56,49
117900076,122,180,-58
117900077,695,124,571
117900078,464,691,-227
117900080,317,44,273
117900081,253,211,42
117900082,686,384,302
117900083,793,337,456
117900086,459,38,421
117900087,230,22,208
117900088,1257,1118,139
117900089,2631,653,1978
117900090,799,365,434
117900091,125,48,77
117900092,159,34,125
117900093,90,44,46
117900094,42,47,-5
117900095,620,2172,-1552
117900096,255,523,-268
117900097,209,32,177
117900098,40,12,28
117900099,385,899,-514
117900100,689,6,683
117900101,931,2630,-1699
117900102,114,14,100
117900103,121,5,116
117900104,3,403,-400
117900105,76,163,-87
117900106,126,46,80
117900107,55,1,54
117900109,992,345,647
117900110,214,1,213
117900111,746,41,705
117900112,42,12,30
117900113,1112,2229,-1117
117900114,62,1,61
117900115,142,426,-284
117900116,652,634,18
117900117,916,161,755
117900118,131,4,127
117900119,249,59,190
117900120,865,31,834
117900121,155,7,148
117900122,1093,5723,-4630
117900123,1534,284,1250
117900124,454,474,-20
117900125,1534,1614,-80
117900126,163,268,-105
117900127,525,217,308
117900128,471,242,229
117900129,133,2,131
117900130,775,586,189
117900131,13,52,-39
117900132,23,60,-37
117900133,35,59,-24
117900134,44,171,-127
117900135,45,74,-29
117900136,0,10,-10
117900137,60,138,-78
117900138,0,5,-5
117900139,95,72,23
117900140,6174,641,5533
117900141,100,338,-238
117900142,30,549,-519
117900144,30,1862,-1832
117900145,16,295,-279
117900146,194,466,-272
117900147,168,80,88
117900148,3373,3323,50
117900149,146,95,51
117900150,107,122,-15
117900151,31,289,-258
117900152,172,161,11
117900153,27,186,-159
117900154,688,539,149
117900156,547,580,-33
117900157,69,549,-480
117900158,441,116,325
117900160,823,809,14
117900161,1057,1043,14
117900162,1176,513,663
117900163,34,1001,-967
117900165,1,31,-30
117900166,76,618,-542
117900168,98,70,28
117900169,2,44,-42
117900170,0,10,-10
117900171,7,17,-10
117900172,6,11,-5
117900173,58,57,1
117900174,9,36,-27
117900175,6,27,-21
117900176,14,15,-1
117900177,17,21,-4
117900178,69,28,41
117900180,183,31,152
117900181,50,402,-352
117900182,1,37,-36
117900183,84,138,-54
117900184,20,36,-16
117900185,71,24,47
117900186,48,10,38
117900187,40,11,29
117900188,167,42,125
117900189,48,22,26
117900190,27,2,25
117900191,114,0,114
117900192,135,0,135
117900193,1,31,-30
117900194,18,0,18
117900195,18,96,-78
117900196,38,15,23
117900207,64,124,-60
117900208,27,29,-2
117900209,174,129,45
117900210,122,133,-11
117900211,3,87,-84
117900212,104,204,-100
117900213,69,5,64
117900214,7,4,3
117900215,31,25,6
117900216,30,99,-69
117900217,79,373,-294
117900218,141,229,-88
117900219,5,317,-312
117900220,36,745,-709
117900222,248,111,137
117900223,133,317,-184
118000001,663,2817,-2154
118000002,272,1278,-1006
118000003,2634,6088,-3454
118000004,1438,6047,-4609
118000005,4566,4195,371
118000006,4435,6017,-1582
118000007,4783,10855,-6072
118000008,1272,5679,-4407
118000009,1396,2979,-1583
118000010,4360,3530,830
118000011,2083,1021,1062
118000012,1336,1531,-195
118000013,2316,1997,319
118000014,1915,1291,624
118000016,365,190,175
118000017,950,490,460
118000018,372,232,140
118000019,1464,2675,-1211
118000020,695,3142,-2447
118000021,634,4047,-3413
118000022,1019,794,225
118000023,395,376,19
118000024,464,1096,-632
118000027,9736,8601,1135
118000029,448,749,-301
118000032,203,2694,-2491
118000033,1962,5738,-3776
118000034,3346,4293,-947
118000035,2128,3020,-892
118000036,983,1422,-439
118000037,725,1826,-1101
118000038,1009,105,904
118000039,110,65,45
118000040,1838,1724,114
118000041,3944,1640,2304
118000045,297,187,110
118000046,1094,2203,-1109
118000047,586,4264,-3678
118000048,1348,4818,-3470
118000051,616,5742,-5126
118000052,373,2849,-2476
118000053,302,671,-369
118000054,2763,722,2041
118000055,2996,1816,1180
118000056,174,527,-353
118000057,175,354,-179
118000058,1633,4790,-3157
118000059,1433,2691,-1258
118000060,1279,546,733
118000061,1335,1191,144
118000062,474,302,172
118000063,350,1143,-793
118000064,641,1540,-899
118000065,1536,1694,-158
118000066,1616,4554,-2938
118000067,540,612,-72
118000068,780,9630,-8850
118000069,1217,1404,-187
118000070,5284,2645,2639
118000071,3805,11293,-7488
118000072,793,3992,-3199
118000073,435,2046,-1611
118000074,578,852,-274
118000075,521,360,161
118000076,2287,7587,-5300
118000077,1193,2643,-1450
118000078,1879,3662,-1783
118000079,194,574,-380
118000080,603,1648,-1045
118000081,1587,2915,-1328
118000082,356,1423,-1067
118000083,1546,2159,-613
118000084,1920,2681,-761
118000086,222,637,-415
118000087,4439,2662,1777
118000088,1289,2010,-721
118000089,4141,3237,904
118000090,913,3903,-2990
118000091,1350,4874,-3524
118000092,968,862,106
118000093,101,890,-789
118000096,593,963,-370
118000097,547,822,-275
118000098,254,378,-124
118000099,1196,451,745
118000101,2214,382,1832
118000102,572,529,43
118000107,2788,940,1848
118000108,703,4364,-3661
118000110,2,47,-45
118000111,0,181,-181
118000112,1206,1,1205
118000113,9,244,-235
118000114,911,12,899
118000115,3,14,-11
118000116,14,0,14
118000117,709,905,-196
118000118,1218,2470,-1252
118000119,1011,2313,-1302
118000120,1323,1458,-135
118000121,34,820,-786
118000122,656,356,300
118000123,54,331,-277
118000125,926,1797,-871
118000126,539,2418,-1879
118000127,1271,1262,9
118000128,378,2481,-2103
118000129,1771,798,973
118000130,2192,2874,-682
118000131,216,749,-533
118000132,3351,2557,794
118000133,1600,815,785
118000135,519,1210,-691
118000136,232,990,-758
118000137,555,163,392
118000138,428,519,-91
118000139,484,138,346
118000140,4459,8645,-4186
118000141,3392,1665,1727
118000142,3253,1708,1545
118000143,3607,1439,2168
118000144,1031,544,487
118000145,1424,1195,229
118000146,1566,422,1144
118000147,1134,937,197
118000148,850,1252,-402
118000149,1041,521,520
118000150,758,297,461
118000151,957,300,657
118000153,2456,946,1510
118000154,1733,1279,454
118000155,3201,1221,1980
118000156,1921,3333,-1412
118000157,745,256,489
118000158,382,529,-147
118000159,49,88,-39
118000160,929,316,613
118000161,772,260,512
118000162,1447,973,474
118000163,1305,1016,289
118000164,2007,1470,537
118000168,365,803,-438
118000169,1061,871,190
118000170,2776,2247,529
118000171,479,336,143
118000172,145,141,4
118000173,881,1043,-162
118000175,340,332,8
118000176,447,557,-110
118000177,378,865,-487
118000178,50,35,15
118000179,910,1135,-225
118000180,844,645,199
118000181,819,198,621
118000182,300,178,122
118000183,265,275,-10
118000184,1373,493,880
118000185,676,2030,-1354
118000186,581,1325,-744
118000187,2462,421,2041
118000188,880,58,822
118000189,1031,376,655
118000190,6,7,-1
118000191,13,14,-1
118000192,20,151,-131
118000193,19,197,-178
118000194,1708,868,840
118000195,217,6059,-5842
118000196,163,821,-658
118000197,69,241,-172
118000198,375,1848,-1473
118000199,356,1402,-1046
118000200,72,786,-714
118000201,155,871,-716
118000202,31,341,-310
118000203,392,1381,-989
118000204,45,583,-538
118000205,50,315,-265
118000206,259,306,-47
118000207,1,52,-51
118000208,1590,1497,93
118000209,2737,924,1813
118000210,178,75,103
118000211,131,53,78
118000213,386,5824,-5438
118000214,308,831,-523
118000215,600,78,522
118000216,6268,1521,4747
118000217,16,51,-35
118000218,88,30,58
118000219,230,243,-13
118000220,31,46,-15
118000221,566,529,37
118000222,72,19,53
118000223,101,44,57
118000224,146,55,91
118000225,201,1791,-1590
118000226,1369,212,1157
118000227,1025,469,556
118000228,41,489,-448
118000229,51,611,-560
118000230,177,198,-21
118000231,75,364,-289
118000232,1125,317,808
118000233,1532,580,952
118000234,648,134,514
118000236,312,377,-65
118000237,166,154,12
118000238,287,325,-38
118000239,383,235,148
118000240,140,86,54
118000241,268,125,143
118000242,526,183,343
118000243,332,170,162
118000244,104,30,74
118000246,0,41,-41
118000255,106,242,-136
118000256,255,212,43
118000259,14,71,-57
118000260,261,49,212
118000261,50,5,45
118000263,93,153,-60
118000266,151,186,-35
118000267,1,342,-341
118000268,196,1,195
118000270,126,6,120
118000271,357,186,171
118000272,74,10,64
118000273,433,32,401
118000274,79,256,-177
118000276,576,176,400
118000295,42,129,-87
118000298,51,154,-103
118000299,122,88,34
118000301,0,216,-216
118000302,117,23,94
118000311,1163,59,1104
118000312,310,113,197
118000313,46,39,7
118000314,161,17,144
118000315,42,20,22
118000316,1164,416,748
118000325,120,25,95
118000326,37,23,14
118000331,32,9,23
118000332,23,43,-20
118000333,20,37,-17
118000335,561,1,560
118000336,3,174,-171
118000407,346,30,316
118000457,7,203,-196
118000465,623,2984,-2361
118000480,39,25,14
118000489,13,505,-492
118000490,13,165,-152
118000492,526,180,346
118000510,40,45,-5
118000514,109,789,-680
118000515,520,1074,-554
118000517,388,165,223
118000524,117,435,-318
118000525,502,728,-226
118000530,9,208,-199
118000531,523,208,315
118000532,328,224,104
118000533,249,107,142
118000534,660,344,316
118000535,441,133,308
118000536,87,560,-473
118000537,50,94,-44
118000538,14,89,-75
118000539,41,129,-88
118000540,197,242,-45
118000541,64,108,-44
118000542,95,308,-213
118000543,125,406,-281
118000546,41,27,14
118000553,0,0,0
118000557,0,0,0
118000560,1166,2598,-1432
118000562,50,120,-70
118000563,1245,990,255
118000576,288,75,213
118000577,230,203,27
118000578,219,64,155
118000579,762,1878,-1116
118000583,0,0,0
118000595,292,116,176
118000596,2,609,-607
118000597,144,111,33
118000598,11,0,11
118000599,215,41,174
118000600,2,2,0
118000601,2,0,2
118000602,0,2,-2
118000603,0,7,-7
118000605,30,67,-37
118000606,42,146,-104
118900001,433,1183,-750
118900002,604,1028,-424
118900003,658,22,636
118900004,47,26,21
118900005,72,21,51
118900006,306,9,297
118900007,4,2,2
118900008,1096,42,1054
118900009,65,84,-19
118900010,54,8,46
118900011,161,13,148
118900012,343,230,113
118900013,944,371,573
118900015,273,51,222
118900016,10,6,4
118900017,29,282,-253
118900018,1210,23,1187
118900019,17,39,-22
118900020,52,353,-301
118900021,180,553,-373
118900022,182,51,131
118900023,92,164,-72
118900024,143,190,-47
118900025,51,36,15
118900026,113,27,86
118900027,576,162,414
118900028,206,131,75
118900029,196,477,-281
118900030,704,82,622
118900031,113,30,83
118900032,453,108,345
118900033,301,669,-368
118900034,186,22,164
118900035,140,53,87
118900036,1228,503,725
118900037,272,577,-305
118900038,584,94,490
118900039,738,122,616
118900040,292,94,198
118900041,715,386,329
118900042,147,70,77
118900045,223,260,-37
118900046,480,437,43
118900047,343,437,-94
118900048,156,716,-560
118900049,76,41,35
118900050,59,27,32
118900051,45,150,-105
118900052,285,610,-325
118900053,10,96,-86
118900054,196,41,155
118900055,131,20,111
118900056,33,368,-335
118900057,785,513,272
118900058,515,579,-64
118900059,29,165,-136
118900060,64,90,-26
118900062,279,121,158
118900064,174,687,-513
118900065,55,131,-76
118900066,133,49,84
118900067,3208,4218,-1010
118900068,27,379,-352
118900069,693,182,511
118900071,12,20,-8
118900072,961,484,477
118900073,289,116,173
118900074,277,32,245
118900075,142,12,130
118900076,236,272,-36
118900077,311,131,180
118900078,11,4,7
118900079,57,113,-56
118900080,45,63,-18
118900081,66,98,-32
118900082,1764,179,1585
118900083,54,1,53
118900084,14,30,-16
118900085,542,432,110
118900086,44,139,-95
118900087,81,480,-399
118900088,0,4,-4
118900089,41,26,15
118900090,544,148,396
118900091,90,316,-226
118900092,222,65,157
118900093,88,9,79
118900096,52,180,-128
118900097,227,488,-261
118900099,75,116,-41
118900100,87,263,-176
118900101,62,93,-31
118900102,46,99,-53
118900103,20,130,-110
118900104,137,33,104
118900105,192,55,137
118900107,103,54,49
118900108,85,50,35
118900110,1422,993,429
118900111,814,298,516
118900112,142,215,-73
118900113,105,301,-196
118900114,23,233,-210
118900115,77,320,-243
118900116,99,151,-52
118900117,157,130,27
118900118,341,189,152
118900119,213,108,105
118900120,76,240,-164
118900121,38,74,-36
118900122,2,1012,-1010
118900123,216,268,-52
118900124,112,189,-77
118900126,32,408,-376
118900129,343,281,62
118900130,36,406,-370
118900131,347,121,226
118900132,311,196,115
118900133,7,175,-168
118900135,192,135,57
118900136,252,255,-3
118900137,31,81,-50
118900139,315,109,206
118900140,571,385,186
118900141,136,42,94
118900144,249,197,52
118900145,47,71,-24
118900146,430,471,-41
118900147,134,596,-462
118900148,57,42,15
118900150,116,531,-415
118900152,693,436,257
118900157,65,337,-272
118900158,121,28,93
118900159,1,70,-69
118900161,53,9,44
118900163,60,42,18
118900164,10,28,-18
118900165,50,49,1
118900166,37,3,34
118900167,115,52,63
118900168,8,221,-213
118900169,131,61,70
118900170,195,20,175
118900171,55,42,13
118900174,116,34,82
118900175,685,444,241
118900176,235,235,0
118900177,70,32,38
118900178,103,108,-5
118900179,4,12,-8
118900181,143,38,105
118900182,23,32,-9
118900183,27,112,-85
118900184,186,102,84
118900185,149,70,79
118900186,87,145,-58
118900187,151,441,-290
118900188,219,308,-89
118900189,28,696,-668
118900190,48,124,-76
118900191,455,19,436
118900192,438,4,434
118900193,853,0,853
118900195,165,288,-123
118900196,51,143,-92
118900197,328,20,308
118900198,36,11,25
118900199,125,11,114
118900200,20,23,-3
118900201,32,49,-17
118900202,16,56,-40
118900203,29,2,27
118900204,31,11,20
118900205,9,2,7
118900206,2,5,-3
119000001,1584,2491,-907
119000002,3573,3370,203
119000003,3538,784,2754
119000004,3299,1912,1387
119000005,2665,2616,49
119000006,4928,1882,3046
119000007,4408,4171,237
119000008,2141,1872,269
119000009,3082,7330,-4248
119000010,4056,4259,-203
119000011,2196,3108,-912
119000012,1092,3093,-2001
119000013,3801,2239,1562
119000014,1368,2089,-721
119000019,295,153,142
119000020,2972,2040,932
119000021,6477,4149,2328
119000022,1205,4131,-2926
119000023,273,273,0
119000024,1919,20804,-18885
119000025,3509,932,2577
119000026,54,828,-774
119000027,187,471,-284
119000028,1691,544,1147
119000029,82,278,-196
119000030,586,802,-216
119000031,992,487,505
119000032,1706,1647,59
119000033,2235,1151,1084
119000034,1511,528,983
119000035,29,174,-145
119000036,3130,479,2651
119000037,1670,708,962
119000038,255,342,-87
119000039,801,336,465
119000040,1015,944,71
119000041,767,1511,-744
119000048,2380,1611,769
119000049,3367,1588,1779
119000050,1513,1305,208
119000051,2900,1058,1842
119000052,3550,2525,1025
119000053,2359,1093,1266
119000054,4184,1588,2596
119000055,6226,2156,4070
119000056,4341,1546,2795
119000057,2233,974,1259
119000058,1958,1123,835
119000059,1238,1110,128
119000060,1895,775,1120
119000061,1090,588,502
119000062,1041,1039,2
119000063,803,507,296
119000064,896,739,157
119000065,1374,2975,-1601
119000066,2332,1194,1138
119000067,2055,1435,620
119000068,2256,821,1435
119000069,2096,1470,626
119000070,3350,711,2639
119000071,536,477,59
119000072,4784,2796,1988
119000073,3885,10740,-6855
119000074,1775,1503,272
119000075,4042,2134,1908
119000076,188,1352,-1164
119000077,566,558,8
119000078,596,371,225
119000079,196,766,-570
119000080,1194,163,1031
119000081,287,464,-177
119000082,1032,227,805
119000083,883,543,340
119000084,449,346,103
119000085,607,110,497
119000086,404,756,-352
119000087,739,280,459
119000088,397,196,201
119000089,123,265,-142
119000090,144,63,81
119000091,108,308,-200
119000092,375,140,235
119000093,4074,2124,1950
119000094,5055,5896,-841
119000095,2678,4057,-1379
119000097,2041,933,1108
119000098,1571,4647,-3076
119000099,2421,862,1559
119000100,5262,3019,2243
119000101,3532,1474,2058
119000102,576,1880,-1304
119000103,1016,626,390
119000104,1420,867,553
119000105,914,3148,-2234
119000106,463,652,-189
119000107,1441,636,805
119000108,852,440,412
119000109,136,648,-512
119000110,345,430,-85
119000111,35,992,-957
119000112,204,126,78
119000113,1316,383,933
119000114,1899,1326,573
119000115,128,131,-3
119000116,109,98,11
119000117,126,328,-202
119000118,2,0,2
119000123,2697,4149,-1452
119000124,1184,174,1010
119000125,5932,418,5514
119000126,2136,461,1675
119000127,1142,267,875
119000128,9,0,9
119000131,1364,256,1108
119000132,7,3,4
119000133,2,4,-2
119000134,1431,627,804
119000135,302,254,48
119000136,456,87,369
119000137,326,172,154
119000138,985,74,911
119000139,252,72,180
119000140,485,366,119
119000284,942,1900,-958
119000285,1528,1289,239
119000286,3289,2862,427
119000287,1447,1433,14
119000288,2001,791,1210
119000289,1129,3051,-1922
119000290,229,238,-9
119000291,82,135,-53
119000293,171,199,-28
119000294,55,30,25
119000295,1184,213,971
119000296,297,167,130
119000297,0,0,0
119000302,1493,1183,310
119000303,14,439,-425
119000310,0,0,0
119000314,1408,15579,-14171
119000315,1,111,-110
119000316,344,71,273
119000317,117,111,6
119900001,151,2209,-2058
119900002,226,235,-9
119900003,30,479,-449
119900004,179,2608,-2429
119900005,275,106,169
119900006,170,494,-324
119900007,693,241,452
119900008,62,33,29
119900009,572,277,295
119900010,526,580,-54
119900011,34,297,-263
119900012,20,135,-115
119900013,1848,1521,327
119900014,406,163,243
119900015,425,52,373
119900016,58,35,23
119900017,53,44,9
119900018,909,1204,-295
119900019,42,4,38
119900020,123,116,7
119900021,230,55,175
119900022,74,964,-890
119900023,327,3441,-3114
119900025,444,9,435
119900026,664,177,487
119900027,14,26,-12
119900028,243,218,25
119900029,7,3,4
119900030,494,330,164
119900031,73,985,-912
119900033,1240,280,960
119900034,1002,50,952
119900037,368,14,354
119900038,42,470,-428
119900039,62,29,33
119900040,168,31,137
119900041,204,14,190
119900042,54,366,-312
119900043,156,109,47
119900044,208,1017,-809
119900046,242,23,219
119900047,416,216,200
119900048,379,9,370
119900049,292,1,291
119900050,153,154,-1
119900051,1276,16,1260
119900052,118,8,110
119900053,338,129,209
119900054,432,15,417
119900055,1640,440,1200
119900057,346,23,323
119900058,507,9,498
119900059,85,28,57
119900060,355,46,309
119900061,329,5,324
119900062,114,7,107
119900063,3,72,-69
119900065,311,6,305
119900067,168,11,157
119900068,1115,6,1109
119900069,155,10,145
119900070,1067,7,1060
119900071,865,32,833
119900073,1190,355,835
119900074,47,25,22
119900075,1501,2139,-638
119900076,1338,222,1116
119900077,1312,283,1029
119900078,1232,590,642
119900079,769,103,666
119900080,510,359,151
119900081,1110,183,927
119900082,2049,213,1836
119900083,367,74,293
119900084,374,391,-17
119900085,74,20,54
119900086,541,465,76
119900087,457,763,-306
119900088,46,24,22
119900089,43,146,-103
119900090,65,21,44
119900091,100,193,-93
119900092,70,193,-123
119900093,1746,187,1559
119900094,36,84,-48
119900095,121,77,44
119900096,21,81,-60
119900097,218,181,37
119900098,36,49,-13
119900099,13,97,-84
119900100,571,2849,-2278
119900101,103,1941,-1838
119900102,83,101,-18
119900103,44,121,-77
119900104,27,59,-32
119900105,521,2667,-2146
119900106,11,99,-88
119900107,270,1014,-744
119900108,3809,596,3213
119900109,37,108,-71
119900110,840,355,485
119900111,132,62,70
119900112,599,818,-219
119900113,72,174,-102
119900114,259,433,-174
119900115,435,291,144
119900116,113,383,-270
119900117,451,272,179
119900118,164,196,-32
119900119,449,88,361
119900120,485,280,205
119900121,623,363,260
119900122,94,127,-33
119900123,186,283,-97
119900124,333,312,21
119900125,20,275,-255
119900126,2100,163,1937
119900127,655,484,171
119900128,469,346,123
119900129,428,116,312
119900130,10,176,-166
119900131,41,76,-35
119900132,2,111,-109
119900133,77,75,2
119900134,468,111,357
119900135,1,115,-114
119900136,122,225,-103
119900138,145,261,-116
119900139,13,175,-162
119900140,2,79,-77
119900141,61,963,-902
119900142,6,23,-17
119900143,20,315,-295
119900144,884,168,716
119900145,87,55,32
119900146,121,157,-36
119900147,3,115,-112
119900148,418,36,382
119900149,474,6279,-5805
119900150,103,79,24
119900151,1355,830,525
119900152,218,156,62
119900153,192,23,169
119900154,89,179,-90
119900155,45,21,24
119900156,14,5,9
119900157,206,105,101
119900158,222,20,202
119900159,9,366,-357
119900160,46,64,-18
119900161,143,137,6
119900162,1202,773,429
119900163,68,97,-29
119900164,1,1,0
119900165,249,84,165
119900166,94,30,64
119900167,12,54,-42
119900168,1560,296,1264
119900169,52,256,-204
119900170,78,303,-225
119900171,919,280,639
119900172,44,11,33
119900173,4,107,-103
119900174,14,88,-74
119900175,2114,286,1828
119900177,24,105,-81
119900178,2,76,-74
119900179,188,891,-703
119900180,1167,734,433
119900181,17,109,-92
119900182,5,106,-101
119900183,137,418,-281
119900184,680,279,401
119900185,71,326,-255
119900186,24,1661,-1637
119900187,4,198,-194
119900188,202,311,-109
119900189,125,258,-133
119900190,88,335,-247
119900191,165,507,-342
119900192,49,116,-67
119900193,538,102,436
119900194,29,86,-57
119900195,32,91,-59
119900196,228,100,128
119900197,351,191,160
119900198,431,149,282
119900199,141,20,121
119900200,788,494,294
119900201,187,92,95
119900202,76,303,-227
119900203,180,678,-498
119900204,391,176,215
119900205,1248,241,1007
119900206,336,111,225
119900208,100,164,-64
119900209,706,2143,-1437
119900210,42,31,11
119900211,124,9,115
119900212,399,277,122
119900213,19,101,-82
119900214,130,36,94
119900215,76,47,29
119900216,30,24,6
119900217,24,16,8
119900218,28,137,-109
119900219,23,58,-35
119900220,28,24,4
119900221,80,93,-13
119900222,63,59,4
119900223,20,32,-12
119900224,23,12,11
119900225,322,29,293
119900226,220,1826,-1606
119900227,243,204,39
119900228,67,220,-153
119900229,209,201,8
119900230,875,209,666
119900231,318,51,267
119900232,167,109,58
119900233,142,8,134
119900234,30,88,-58
119900235,18,41,-23
119900236,52,144,-92
119900237,44,244,-200
119900238,1,32,-31
119900240,150,70,80
119900241,175,150,25
119900242,1103,1292,-189
119900244,495,903,-408
119900245,179,215,-36
119900246,230,708,-478
119900247,34,119,-85
119900248,40,408,-368
119900249,461,98,363
119900253,1182,306,876
119900254,53,1366,-1313
119900255,137,995,-858
119900256,885,230,655
119900257,193,16,177
119900258,287,27,260
119900259,30,57,-27
119900260,178,18,160
119900261,681,135,546
119900262,2,71,-69
119900263,1708,256,1452
119900264,182,48,134
119900265,531,235,296
119900266,540,166,374
119900267,181,279,-98
119900268,326,91,235
119900269,1325,416,909
119900271,19,52,-33
119900272,214,405,-191
119900275,255,102,153
119900276,188,6,182
119900277,11,34,-23
119900278,356,83,273
119900279,99,333,-234
119900280,496,56,440
119900281,1,402,-401
119900282,18,176,-158
119900283,31,83,-52
119900284,25,136,-111
119900285,6,78,-72
119900286,0,7,-7
119900288,0,3,-3
119900289,0,1,-1
119900290,5,1,4
119900291,0,36,-36
119900292,50,57,-7
119900293,30,31,-1
119900294,37,51,-14
119900295,69,10,59
119900296,117,31,86
119900297,0,4,-4
119900298,9,8,1
119900299,112,174,-62
119900300,336,181,155
119900301,53,113,-60
119900302,33,105,-72
119900303,466,337,129
119900304,225,76,149
119900305,4,77,-73
119900306,28,2,26
119900307,85,19,66
119900308,3,14,-11
119900309,23,261,-238
119900310,236,235,1
119900311,174,39,135
119900312,193,48,145
119900313,306,166,140
119900314,198,442,-244
119900315,2329,1033,1296
119900318,30,67,-37
119900319,0,88,-88
119900320,261,157,104
119900321,162,2,160
120000001,6992,33742,-26750
120000002,2615,2612,3
120000003,2309,1338,971
120000004,2695,1142,1553
120000005,2407,1485,922
120000006,1846,1076,770
120000007,2526,5333,-2807
120000008,983,1307,-324
120000009,1400,862,538
120000010,2653,2301,352
120000011,1204,1262,-58
120000012,1883,1669,214
120000013,4383,2630,1753
120000014,953,1280,-327
120000015,2858,1416,1442
120000016,5268,2162,3106
120000017,5405,4288,1117
120000018,3480,20075,-16595
120000019,1396,1907,-511
120000020,2618,4190,-1572
120000021,2092,2527,-435
120000022,2899,4196,-1297
120000023,1775,1710,65
120000024,1360,2387,-1027
120000025,3403,1777,1626
120000026,4318,2195,2123
120000027,3179,2605,574
120000028,1124,4140,-3016
120000029,820,2269,-1449
120000030,507,918,-411
120000031,2221,5390,-3169
120000032,4636,2953,1683
120000033,4721,1398,3323
120000034,3609,1217,2392
120000035,3921,2016,1905
120000036,4102,5468,-1366
120000037,772,2160,-1388
120000038,3556,3206,350
120000039,880,837,43
120000040,123,992,-869
120000041,542,1313,-771
120000042,1963,1293,670
120000043,5015,1006,4009
120000044,6970,1229,5741
120000045,10307,872,9435
120000046,6165,3486,2679
120000047,461,10936,-10475
120000048,8096,4827,3269
120000049,5017,3750,1267
120000050,3935,5461,-1526
120000051,2422,4410,-1988
120000052,7479,1793,5686
120000053,1779,1578,201
120000054,1562,2207,-645
120000055,1672,2914,-1242
120000056,4829,3312,1517
120000057,4646,2188,2458
120000058,1411,3048,-1637
120000059,16,1977,-1961
120000061,126,407,-281
120000062,136,332,-196
120000063,639,1954,-1315
120000064,250,517,-267
120000065,366,746,-380
120000066,240,272,-32
120000067,30,242,-212
120000068,289,334,-45
120000069,667,395,272
120000070,177,370,-193
120000071,914,84,830
120000072,1101,462,639
120000073,1148,88,1060
120000074,93,128,-35
120000075,1321,403,918
120000076,3070,341,2729
120000077,2823,779,2044
120000078,2971,1398,1573
120000079,721,354,367
120000080,377,379,-2
120000081,629,240,389
120000082,588,454,134
120000083,171,1226,-1055
120000084,360,329,31
120000085,301,319,-18
120000086,306,298,8
120000087,251,229,22
120000088,929,707,222
120000089,1327,389,938
120000090,1146,385,761
120000091,1230,778,452
120000092,1414,488,926
120000093,1063,631,432
120000094,427,1034,-607
120000095,953,291,662
120000096,335,375,-40
120000098,1005,386,619
120000099,388,435,-47
120000100,923,485,438
120000101,757,261,496
120000102,1096,1079,17
120000103,1734,1100,634
120000104,2746,466,2280
120000105,3830,597,3233
120000106,3768,655,3113
120000107,6811,607,6204
120000108,2484,111,2373
120000109,1401,50,1351
120000110,58,521,-463
120000111,121,599,-478
120000112,649,1285,-636
120000113,532,1303,-771
120000114,481,1173,-692
120000115,294,1256,-962
120000116,528,1303,-775
120000117,510,881,-371
120000118,73,52,21
120000119,71,52,19
120000120,198,219,-21
120000121,41,61,-20
120000122,285,1050,-765
120000123,2277,11238,-8961
120000124,573,498,75
120000125,1234,400,834
120000126,362,2231,-1869
120000127,1250,2499,-1249
120000128,2320,5856,-3536
120000129,222,305,-83
120000130,1059,541,518
120000131,609,572,37
120000134,429,334,95
120000135,1179,544,635
120000137,276,336,-60
120000138,2054,193,1861
120000139,370,235,135
120000140,1671,237,1434
120000141,314,572,-258
120000142,1101,467,634
120000143,2,58,-56
120000144,149,8,141
120000145,984,7,977
120000146,1226,1974,-748
120000149,591,720,-129
120000150,2017,13439,-11422
120000151,616,413,203
120000152,858,149,709
120000153,655,511,144
120000154,904,782,122
120000155,253,461,-208
120000156,386,3076,-2690
120000157,1140,562,578
120000158,1289,721,568
120000159,2153,1732,421
120000160,2460,2077,383
120000161,3833,2675,1158
120000162,158,442,-284
120000163,1035,468,567
120000164,920,139,781
120000165,837,277,560
120000166,1690,225,1465
120000167,386,282,104
120000168,11,927,-916
120000169,105,2858,-2753
120000170,28,2868,-2840
120000171,17,1222,-1205
120000172,10,886,-876
120000173,439,2757,-2318
120000174,49,55,-6
120000175,42,158,-116
120000176,44,70,-26
120000177,553,120,433
120000178,21,30,-9
120000179,40,77,-37
120000180,70,54,16
120000181,82,2553,-2471
120000182,52,1623,-1571
120000183,7,648,-641
120000184,313,1493,-1180
120000186,33,2630,-2597
120000187,25,1072,-1047
120000188,36,1066,-1030
120000190,91,73,18
120000191,112,160,-48
120000192,133,56,77
120000193,24,3,21
120000195,23,3,20
120000196,43,17,26
120000197,4,13,-9
120000198,397,26,371
120000199,525,0,525
120000200,370,0,370
120000201,43,79,-36
120000202,0,29,-29
120000203,169,134,35
120000207,1,29,-28
120000208,11,68,-57
120000209,12,20,-8
120000210,82,39,43
120000211,435,1,434
120000212,340,1,339
120000213,264,83,181
120000214,0,174,-174
120000215,5,88,-83
120000216,242,32,210
120000217,262,885,-623
120000218,46,350,-304
120000219,3,310,-307
120000220,21,658,-637
120000225,2849,3,2846
120000226,721,6,715
120000227,1261,101,1160
120000228,15120,5780,9340
120000230,650,24,626
120000231,2322,872,1450
120000233,530,10,520
120000235,309,291,18
120000236,1387,1,1386
120000237,0,585,-585
120000238,4,1298,-1294
120000241,1457,5276,-3819
120000412,208,9,199
120000413,721,98,623
120000414,398,0,398
120000415,0,26,-26
120000416,164,2,162
120000417,6,72,-66
120000418,392,9,383
120000419,13,46,-33
120000420,44,14,30
120000421,7188,4088,3100
120000422,87,2443,-2356
120000423,4,75,-71
120000424,358,90,268
120000436,132,1167,-1035
120000437,90,133,-43
120000438,1647,282,1365
120000439,411,762,-351
120000443,143,0,143
120000444,1934,326,1608
120000445,2814,1133,1681
120000446,1887,214,1673
120000447,291,8,283
120000449,401,3,398
120000450,8,60,-52
120000451,270,137,133
120000452,399,1,398
120000453,0,33,-33
120000454,48,71,-23
120000455,180,62,118
120000456,2564,5610,-3046
120000457,397,343,54
120000458,335,347,-12
120000459,218,75,143
120000665,221,409,-188
120000668,147,2682,-2535
120000669,309,144,165
120000670,60,1998,-1938
120000671,3082,1077,2005
120000672,120,403,-283
120900001,101,72,29
120900002,96,795,-699
120900003,215,5,210
120900004,22,179,-157
120900005,98,300,-202
120900006,959,269,690
120900007,304,52,252
120900008,538,514,24
120900009,332,11,321
120900010,943,168,775
120900011,95,239,-144
120900012,33,1460,-1427
120900013,413,95,318
120900014,43,320,-277
120900015,990,102,888
120900016,2023,83,1940
120900017,1452,66,1386
120900018,216,190,26
120900019,712,572,140
120900020,727,1208,-481
120900021,759,200,559
120900022,16,238,-222
120900023,565,29,536
120900024,1725,358,1367
120900025,1232,1203,29
120900026,166,142,24
120900027,651,27,624
120900028,837,180,657
120900029,67,1258,-1191
120900030,3413,877,2536
120900031,436,119,317
120900032,1817,108,1709
120900033,1722,185,1537
120900034,29,4631,-4602
120900035,30,37,-7
120900037,384,14,370
120900038,221,628,-407
120900039,228,57,171
120900040,611,9,602
120900041,39,35,4
120900042,800,25,775
120900043,207,69,138
120900044,9,575,-566
120900045,100,19,81
120900046,1065,4,1061
120900047,402,289,113
120900048,289,57,232
120900049,725,6,719
120900050,1154,3133,-1979
120900051,435,61,374
120900052,1363,3,1360
120900053,612,32,580
120900054,805,313,492
120900055,877,7,870
120900056,1447,46,1401
120900057,448,35,413
120900058,1053,0,1053
120900059,245,5,240
120900060,86,28,58
120900061,262,131,131
120900062,440,3,437
120900063,1646,20,1626
120900064,1021,1,1020
120900065,981,3,978
120900066,712,117,595
120900067,399,106,293
120900068,525,0,525
120900069,779,21,758
120900071,32,2,30
120900072,1772,11,1761
120900073,1266,48,1218
120900074,1533,62,1471
120900076,527,1,526
120900077,1271,203,1068
120900078,1184,349,835
120900079,1554,72,1482
120900080,1506,426,1080
120900081,1474,340,1134
120900082,211,337,-126
120900083,193,86,107
120900084,960,754,206
120900085,67,146,-79
120900086,59,665,-606
120900087,537,408,129
120900088,298,776,-478
120900089,1309,4853,-3544
120900090,342,14,328
120900091,564,1157,-593
120900092,332,321,11
120900093,1075,116,959
120900094,180,110,70
120900095,278,3,275
120900096,62,113,-51
120900097,607,396,211
120900098,110,137,-27
120900099,91,67,24
120900100,47,116,-69
120900101,152,123,29
120900102,80,73,7
120900103,78,202,-124
120900104,39,94,-55
120900105,24,216,-192
120900106,442,192,250
120900107,139,112,27
120900108,18,276,-258
120900109,18,156,-138
120900110,31,194,-163
120900111,172,152,20
120900112,53,344,-291
120900113,33,283,-250
120900114,16,142,-126
120900115,155,261,-106
120900116,658,162,496
120900117,8,163,-155
120900118,41,240,-199
120900119,10796,2339,8457
120900120,89,449,-360
120900121,54,281,-227
120900122,1091,129,962
120900123,14,123,-109
120900124,1,167,-166
120900125,7,300,-293
120900126,612,483,129
120900127,17,154,-137
120900128,432,796,-364
120900129,18,155,-137
120900130,1,192,-191
120900131,207,83,124
120900132,1440,72,1368
120900133,54,295,-241
120900134,184,194,-10
120900135,1,273,-272
120900136,90,91,-1
120900137,455,71,384
120900138,14,153,-139
120900139,1,298,-297
120900140,3,93,-90
120900141,240,187,53
120900142,8,114,-106
120900143,1,280,-279
120900144,0,37,-37
120900145,154,327,-173
120900146,3,265,-262
120900147,28,345,-317
120900148,165,81,84
120900149,0,117,-117
120900150,87,152,-65
120900151,2,196,-194
120900152,19,11,8
120900153,3,0,3
120900154,0,72,-72
120900155,241,270,-29
120900156,150,142,8
120900157,4,6,-2
120900158,91,187,-96
120900159,14,37,-23
120900160,34,411,-377
120900161,83,265,-182
120900162,80,573,-493
120900163,224,1453,-1229
120900164,1,111,-110
120900165,10,444,-434
120900166,58,846,-788
120900167,189,75,114
120900169,178,158,20
120900170,311,5330,-5019
120900171,359,170,189
120900172,91,2920,-2829
120900173,0,39,-39
120900174,0,142,-142
120900175,161,101,60
120900176,66,402,-336
120900177,1,1760,-1759
120900178,1,915,-914
120900179,281,245,36
120900180,62,177,-115
120900181,89,29,60
120900182,24,130,-106
120900183,779,61,718
120900184,378,58,320
120900185,1430,2097,-667
120900186,0,118,-118
120900187,572,891,-319
120900188,436,10,426
120900189,131,5076,-4945
120900190,283,12,271
120900191,105,14,91
120900192,4463,16969,-12506
120900194,39,101,-62
120900195,98,113,-15
120900196,420,42,378
120900197,893,143,750
120900198,123,217,-94
120900199,370,473,-103
120900200,24,103,-79
120900201,221,72,149
120900202,0,71,-71
120900203,47,40,7
120900204,68,130,-62
120900205,39,13,26
120900206,137,99,38
120900207,44,671,-627
121000001,631,2419,-1788
121000002,2681,2322,359
121000003,5775,2162,3613
121000004,2612,3633,-1021
121000005,2037,2720,-683
121000006,3596,3441,155
121000007,2262,8255,-5993
121000008,3970,7177,-3207
121000009,4429,10388,-5959
121000010,7465,8623,-1158
121000011,7129,13093,-5964
121000012,12894,8118,4776
121000013,7111,8722,-1611
121000014,6248,5929,319
121000015,6470,11144,-4674
121000016,4961,5286,-325
121000017,2440,1901,539
121000018,3929,1967,1962
121000019,7990,7245,745
121000020,12023,15999,-3976
121000021,1721,1551,170
121000022,2608,3356,-748
121000023,2576,1045,1531
121000024,5069,4813,256
121000025,425,1512,-1087
121000026,465,202,263
121000027,2088,1686,402
121000028,1255,1295,-40
121000029,890,724,166
121000030,814,486,328
121000031,733,1038,-305
121000032,259,158,101
121000034,418,450,-32
121000035,267,256,11
121000036,929,1396,-467
121000037,539,2065,-1526
121000038,407,1263,-856
121000039,178,380,-202
121000041,583,588,-5
121000042,217,369,-152
121000043,537,899,-362
121000044,1494,1560,-66
121000045,486,265,221
121000046,837,967,-130
121000047,40,77,-37
121000049,968,921,47
121000050,356,2773,-2417
121000051,781,379,402
121000052,527,1661,-1134
121000053,410,155,255
121000054,55,579,-524
121000055,945,4262,-3317
121000056,1129,1385,-256
121000057,237,935,-698
121000058,162,208,-46
121000059,3809,1684,2125
121000060,638,1474,-836
121000061,87,397,-310
121000062,164,984,-820
121000063,1023,1555,-532
121000064,728,1261,-533
121000065,175,1299,-1124
121000066,836,1809,-973
121000067,486,960,-474
121000068,598,721,-123
121000069,143,1575,-1432
121000070,1379,1770,-391
121000071,1580,2543,-963
121000072,1571,1391,180
121000073,1230,2198,-968
121000074,152,325,-173
121000075,16,196,-180
121000076,344,399,-55
121000077,164,190,-26
121000078,80,258,-178
121000080,2294,770,1524
121000081,4244,4393,-149
121000082,101,623,-522
121000083,92,212,-120
121000084,247,293,-46
121000085,523,579,-56
121000086,1342,679,663
121000087,83,312,-229
121000088,796,719,77
121000089,247,874,-627
121000090,238,537,-299
121000091,1266,1183,83
121000092,226,74,152
121000093,181,283,-102
121000094,320,866,-546
121000095,146,1416,-1270
121000096,7242,3410,3832
121000097,576,3405,-2829
121000098,724,486,238
121000099,825,668,157
121000100,859,232,627
121000101,344,238,106
121000102,294,175,119
121000103,229,138,91
121000104,261,52,209
121000105,485,95,390
121000106,370,172,198
121000107,1779,2956,-1177
121000109,1139,854,285
121000110,198,839,-641
121000114,5441,2956,2485
121000115,5195,1066,4129
121000116,448,1671,-1223
121000117,298,376,-78
121000118,1765,283,1482
121000119,375,297,78
121000120,455,384,71
121000121,466,2107,-1641
121000123,832,535,297
121000127,130,146,-16
121000128,1282,150,1132
121000129,1015,258,757
121000130,675,514,161
121000131,1062,918,144
121000132,755,1587,-832
121000135,306,307,-1
121000136,1080,1616,-536
121000137,873,398,475
121000138,643,1774,-1131
121000139,281,742,-461
121000141,306,257,49
121000142,661,1073,-412
121000143,189,22,167
121000144,593,1015,-422
121000145,678,1271,-593
121000146,1132,1887,-755
121000147,1071,923,148
121000148,1017,1247,-230
121000149,2333,3316,-983
121000152,331,301,30
121000153,1573,549,1024
121000154,2180,674,1506
121000155,2911,1440,1471
121000156,471,1272,-801
121000157,907,1316,-409
121000158,268,304,-36
121000159,257,404,-147
121000160,352,534,-182
121000161,359,342,17
121000162,184,107,77
121000165,1315,2361,-1046
121000166,23,572,-549
121000168,477,379,98
121000169,121,261,-140
121000170,366,90,276
121000171,101,234,-133
121000172,1253,1310,-57
121000173,2111,1939,172
121000174,898,857,41
121000175,2263,767,1496
121000176,570,441,129
121000177,882,737,145
121000178,56,118,-62
121000179,41,65,-24
121000181,587,489,98
121000182,190,460,-270
121000183,100,179,-79
121000184,33,208,-175
121000185,34,502,-468
121000186,332,935,-603
121000187,355,87,268
121000188,402,92,310
121000192,772,499,273
121000193,741,401,340
121000194,2147,2276,-129
121000195,310,1864,-1554
121000196,748,677,71
121000197,124,2431,-2307
121000198,229,321,-92
121000199,157,476,-319
121000200,656,294,362
121000201,13,358,-345
121000202,773,304,469
121000203,607,2868,-2261
121000204,3432,940,2492
121000205,109,398,-289
121000206,115,101,14
121000207,2438,716,1722
121000208,3,409,-406
121000209,812,97,715
121000210,864,277,587
121000211,428,177,251
121000212,597,752,-155
121000213,22193,3754,18439
121000214,1296,2367,-1071
121000215,839,3031,-2192
121000216,638,737,-99
121000217,4297,4450,-153
121000218,529,2884,-2355
121000219,1744,1153,591
121000220,152,110,42
121000221,215,699,-484
121000222,4611,3862,749
121000223,241,1702,-1461
121000224,145,815,-670
121000225,592,5251,-4659
121000226,1155,1977,-822
121000227,32,209,-177
121000228,18,848,-830
121000229,509,566,-57
121000230,50,3146,-3096
121000231,2041,41,2000
121000232,612,459,153
121000233,699,394,305
121000234,13,90,-77
121000235,47,71,-24
121000236,10,125,-115
121000237,37,18,19
121000238,10,102,-92
121000239,90,3,87
121000240,14,171,-157
121000241,98,8,90
121000242,84,675,-591
121000243,213,104,109
121000244,8,100,-92
121000245,37,26,11
121000246,2,149,-147
121000247,190,9,181
121000248,548,1766,-1218
121000249,50,289,-239
121000250,637,408,229
121000251,13,302,-289
121000252,120,119,1
121000253,402,454,-52
121000254,919,290,629
121000255,157,203,-46
121000256,348,238,110
121000257,18,107,-89
121000258,63,164,-101
121000259,46,154,-108
121000260,68,145,-77
121000261,91,183,-92
121000262,2610,362,2248
121000263,547,468,79
121000271,1896,2485,-589
121000273,48,29,19
121000274,15,144,-129
121000275,1,21,-20
121000276,23,51,-28
121000278,51,45,6
121000279,22,32,-10
121000280,26,29,-3
121000289,478,13,465
121000290,2248,2235,13
121000294,284,34,250
121000297,428,1299,-871
121000299,121,2515,-2394
121000300,2426,1189,1237
121000302,18,795,-777
121000303,621,250,371
121000304,646,84,562
121000305,318,95,223
121000306,297,281,16
121000308,82,284,-202
121000309,241,454,-213
121000310,96,288,-192
121000311,67,474,-407
121000312,674,399,275
121000313,397,364,33
121000314,49,87,-38
121000315,36,47,-11
121000530,2022,2353,-331
121000531,2339,1703,636
121000532,6152,7787,-1635
121000533,3747,4888,-1141
121000918,26,80,-54
121000919,57,127,-70
121000938,110,168,-58
121000939,44,280,-236
121000956,1877,1874,3
121000957,9,27,-18
121000958,7,228,-221
121000959,1370,317,1053
121000960,1463,1661,-198
121000961,381,100,281
121000962,1117,585,532
121000973,0,422,-422
121000976,14,106,-92
121000979,642,183,459
121000981,454,171,283
121000982,499,249,250
121000983,568,239,329
121000984,14,111,-97
121000985,1144,320,824
121000986,527,153,374
121000987,187,618,-431
121000988,1333,182,1151
121001302,289,220,69
121001308,3,105,-102
121001309,20,430,-410
121001313,251,51,200
121001314,1536,1575,-39
121001315,6699,4460,2239
121001326,679,427,252
121900001,221,412,-191
121900002,30,85,-55
121900003,530,35,495
121900004,71,668,-597
121900005,16,4,12
121900006,124,19,105
121900007,2132,1671,461
121900008,70,385,-315
121900009,1134,21,1113
121900010,292,7,285
121900011,230,161,69
121900012,2,0,2
121900013,302,94,208
121900014,2379,433,1946
121900015,223,161,62
121900016,4,38,-34
121900017,981,905,76
121900018,623,14,609
121900019,610,167,443
121900020,106,0,106
121900021,1072,36,1036
121900022,293,291,2
121900023,120,362,-242
121900024,501,72,429
121900025,619,663,-44
121900026,512,144,368
121900027,457,156,301
121900028,211,17,194
121900029,178,357,-179
121900030,455,595,-140
121900031,1442,6885,-5443
121900032,162,49,113
121900033,235,419,-184
121900034,305,235,70
121900035,6702,3951,2751
121900036,151,463,-312
121900037,113,1624,-1511
121900038,43,99,-56
121900039,318,43,275
121900040,41,117,-76
121900041,61,376,-315
121900042,433,252,181
121900043,0,3,-3
121900044,38,44,-6
121900046,187,261,-74
121900047,290,142,148
121900048,75,54,21
121900050,21,155,-134
121900051,166,343,-177
121900052,194,48,146
121900053,613,280,333
121900054,401,2074,-1673
121900055,7,12,-5
121900058,451,556,-105
121900059,383,180,203
121900060,163,775,-612
121900061,157,83,74
121900062,125,98,27
121900063,1590,761,829
121900064,339,750,-411
121900066,71,13,58
121900067,55,29,26
121900069,147,229,-82
121900070,88,201,-113
121900071,981,344,637
121900072,66,142,-76
121900073,248,459,-211
121900074,389,605,-216
121900075,267,1087,-820
121900076,417,1001,-584
121900077,5,1,4
121900078,101,18,83
121900079,2,0,2
121900080,857,261,596
121900082,101,137,-36
121900084,20,10,10
121900085,1,4,-3
121900086,23,38,-15
121900087,65,207,-142
121900088,1507,2708,-1201
121900089,266,232,34
121900090,77,34,43
121900091,91,32,59
121900092,141,123,18
121900093,77,54,23
121900094,24,12,12
121900095,410,138,272
121900096,1094,890,204
121900097,744,147,597
121900098,14,2,12
121900099,300,35,265
121900100,62,321,-259
121900101,99,148,-49
121900102,1,105,-104
121900103,409,342,67
121900104,2110,604,1506
121900105,308,144,164
121900106,8,8,0
121900107,76,17,59
121900108,0,17,-17
121900109,244,229,15
121900110,843,560,283
121900111,639,288,351
121900112,119,417,-298
121900113,45,476,-431
121900114,80,77,3
121900117,161,128,33
121900118,3338,909,2429
121900119,207,66,141
121900120,56,862,-806
121900121,510,35,475
121900122,53,43,10
121900123,306,527,-221
121900124,392,203,189
121900125,3436,1714,1722
121900127,10,114,-104
121900128,107,64,43
121900129,163,216,-53
121900130,144,364,-220
121900131,373,176,197
121900132,80,97,-17
121900133,35,767,-732
121900134,12,686,-674
121900135,5826,585,5241
121900136,553,221,332
121900137,60,324,-264
121900138,57,191,-134
121900139,312,5674,-5362
121900140,40,305,-265
121900141,96,32,64
121900142,108,55,53
121900143,28,105,-77
121900144,180,1031,-851
121900145,145,340,-195
121900146,478,879,-401
121900147,67,547,-480
121900148,287,454,-167
121900149,288,517,-229
121900150,41,256,-215
121900151,85,601,-516
121900152,172,102,70
121900153,17,259,-242
121900154,9,631,-622
121900155,0,258,-258
121900156,93,275,-182
121900157,3,482,-479
121900158,98,160,-62
121900159,1,279,-278
121900160,81,547,-466
121900161,219,730,-511
121900162,80,175,-95
121900163,457,213,244
121900164,235,520,-285
121900165,181,241,-60
121900166,93,243,-150
121900167,52,93,-41
121900168,104,149,-45
121900169,31,218,-187
121900170,21,91,-70
121900171,1126,1091,35
121900172,808,454,354
121900173,791,503,288
121900174,50,63,-13
121900175,91,596,-505
121900176,613,2170,-1557
121900177,99,173,-74
121900178,51,109,-58
121900179,542,526,16
121900180,1877,6361,-4484
121900182,716,1401,-685
121900183,470,1931,-1461
121900184,68,1791,-1723
121900186,17,631,-614
121900187,8,196,-188
121900188,875,227,648
121900189,86,50,36
121900190,270,444,-174
121900191,103,961,-858
121900192,209,3651,-3442
121900193,75,532,-457
121900194,22,283,-261
121900195,19,43,-24
121900196,856,1223,-367
121900197,360,1167,-807
121900198,5360,3199,2161
121900199,1,36,-35
121900200,82,253,-171
121900201,1081,693,388
121900202,141,901,-760
121900203,68,2115,-2047
121900204,1744,1569,175
121900205,10,212,-202
121900206,14,106,-92
121900207,53,38,15
121900208,100,772,-672
121900209,52,57,-5
121900210,3303,2212,1091
121900211,1250,473,777
121900212,97,217,-120
121900213,410,55,355
121900214,5,547,-542
121900215,52,205,-153
121900216,32,236,-204
121900217,304,292,12
121900218,226,1415,-1189
121900220,151,14,137
121900221,605,682,-77
121900222,280,86,194
121900223,194,192,2
121900224,136,149,-13
121900225,116,285,-169
121900226,283,37,246
121900227,401,2349,-1948
121900228,132,141,-9
121900230,53,419,-366
121900231,42,1767,-1725
121900232,99,500,-401
121900233,489,242,247
121900234,282,154,128
121900235,656,205,451
121900236,345,174,171
121900237,238,831,-593
121900238,214,399,-185
121900239,211,63,148
121900240,150,188,-38
121900241,75,32,43
121900242,12,0,12
121900243,20,0,20
121900244,12,4,8
121900245,430,121,309
121900246,10029,689,9340
121900248,1774,1034,740
121900250,194,728,-534
121900251,730,36,694
121900252,396,177,219
121900253,103,1688,-1585
121900254,348,669,-321
121900255,644,147,497
121900258,5984,1518,4466
121900259,178,613,-435
121900260,116,88,28
121900261,89,821,-732
121900262,1132,1544,-412
121900263,258,226,32
121900264,961,882,79
121900265,455,137,318
121900266,694,87,607
121900267,102,30,72
121900269,258,1025,-767
121900270,63,235,-172
121900271,36,255,-219
121900273,423,1940,-1517
121900274,374,518,-144
121900277,327,1773,-1446
121900278,86,1923,-1837
121900279,175,291,-116
121900280,112,709,-597
121900281,116,673,-557
121900284,56,5,51
121900286,116,103,13
121900287,20,29,-9
121900288,2,21,-19
121900290,244,1914,-1670
121900291,392,1475,-1083
121900292,190,242,-52
121900293,729,6571,-5842
121900294,564,7,557
121900295,131,127,4
121900296,123,335,-212
121900298,115,1290,-1175
121900299,0,9,-9
121900300,64,11,53
121900301,50,5,45
121900302,1,120,-119
121900303,176,834,-658
121900304,6,32,-26
121900305,2,31,-29
121900306,372,3,369
121900307,209,8,201
121900308,7,115,-108
121900309,3,80,-77
121900310,12,138,-126
121900311,816,16,800
121900312,650,9,641
121900313,691,15,676
121900314,1,11,-10
121900315,57,0,57
121900316,1,3,-2
121900317,52,8,44
121900318,1,12,-11
121900319,55,350,-295
121900320,21,23,-2
121900321,43,3,40
121900322,5,5,0
121900323,68,29,39
121900324,0,43,-43
121900325,39,5,34
121900326,7,25,-18
121900327,1,35,-34
121900328,0,17,-17
121900329,0,74,-74
121900330,2,144,-142
121900331,27,10,17
121900332,78,21,57
121900333,74,2,72
121900334,47,37,10
122000001,1301,7093,-5792
122000002,2296,1465,831
122000003,1359,3162,-1803
122000004,1468,1407,61
122000005,7517,3464,4053
122000006,755,2075,-1320
122000007,806,2650,-1844
122000008,1065,4413,-3348
122000009,1021,818,203
122000010,3731,4122,-391
122000011,9387,3782,5605
122000012,767,6909,-6142
122000013,640,3640,-3000
122000014,8217,2533,5684
122000015,1275,1116,159
122000016,505,902,-397
122000017,1771,1857,-86
122000018,3585,2975,610
122000019,1150,3128,-1978
122000020,180,766,-586
122000021,169,508,-339
122000022,1708,2393,-685
122000023,1492,2749,-1257
122000024,591,4707,-4116
122000025,607,5682,-5075
122000026,304,1978,-1674
122000027,677,1093,-416
122000028,2199,974,1225
122000029,217,1389,-1172
122000030,170,280,-110
122000031,144,503,-359
122000032,10705,5128,5577
122000033,441,7820,-7379
122000034,343,1535,-1192
122000035,219,842,-623
122000036,635,753,-118
122000037,1732,463,1269
122000038,323,777,-454
122000039,618,1740,-1122
122000040,279,414,-135
122000041,1362,1584,-222
122000042,548,1270,-722
122000043,109,262,-153
122000044,99,177,-78
122000045,3658,1762,1896
122000046,1054,2276,-1222
122000047,82,406,-324
122000048,2528,4044,-1516
122000049,9081,4146,4935
122000050,735,1743,-1008
122000051,194,687,-493
122000052,544,610,-66
122000053,315,1122,-807
122000054,1467,2793,-1326
122000055,1659,5077,-3418
122000056,2965,3217,-252
122000057,5993,5138,855
122000058,806,2972,-2166
122000059,900,6647,-5747
122000060,292,1876,-1584
122000061,226,1322,-1096
122000062,502,307,195
122000063,430,2453,-2023
122000064,3204,9216,-6012
122000065,2488,4342,-1854
122000066,641,3004,-2363
122000067,1169,2565,-1396
122000068,3769,1432,2337
122000069,1514,1333,181
122000070,1405,1511,-106
122000071,6076,1506,4570
122000072,2200,1478,722
122000073,232,3262,-3030
122000074,3430,2063,1367
122000075,1400,1205,195
122000076,14818,3211,11607
122000077,673,3877,-3204
122000078,581,7177,-6596
122000079,319,4581,-4262
122000080,448,1250,-802
122000081,83,399,-316
122000082,261,1939,-1678
122000083,8147,962,7185
122000084,7709,2009,5700
122000085,431,882,-451
122000086,4179,9327,-5148
122000087,328,430,-102
122000088,83,334,-251
122000089,7713,3044,4669
122000090,388,1709,-1321
122000091,106,830,-724
122000092,40,142,-102
122000093,2015,7185,-5170
122000094,8059,3874,4185
122000095,712,6609,-5897
122000096,387,3748,-3361
122000098,5171,6002,-831
122000099,666,2523,-1857
122000100,796,1195,-399
122000101,426,486,-60
122000102,4119,1310,2809
122000103,1611,2194,-583
122000104,3225,244,2981
122000105,638,971,-333
122000106,539,3108,-2569
122000107,1576,706,870
122000108,844,1006,-162
122000109,615,321,294
122000110,1094,1072,22
122000111,5923,2058,3865
122000112,2464,2105,359
122000113,1163,1177,-14
122000114,1860,4842,-2982
122000115,2440,1519,921
122000116,428,716,-288
122000117,1518,410,1108
122000118,694,566,128
122000119,2577,1626,951
122000120,704,2943,-2239
122000121,570,1842,-1272
122000122,282,765,-483
122000123,1121,1554,-433
122000124,674,623,51
122000125,432,619,-187
122000126,323,636,-313
122000127,365,579,-214
122000128,214,410,-196
122000129,453,2117,-1664
122000130,2515,1180,1335
122000131,857,992,-135
122000132,210,417,-207
122000133,883,1190,-307
122000134,1171,787,384
122000135,473,264,209
122000136,858,503,355
122000137,2310,1137,1173
122000139,901,4190,-3289
122000140,272,2364,-2092
122000141,5730,3624,2106
122000142,124,3555,-3431
122000143,286,516,-230
122000144,1578,1222,356
122000145,779,1631,-852
122000146,623,4757,-4134
122000147,700,1050,-350
122000148,487,2124,-1637
122000149,1557,1207,350
122000150,1491,972,519
122000151,153,511,-358
122000152,325,533,-208
122000153,393,520,-127
122000154,326,287,39
122000155,1550,2711,-1161
122000156,11494,5828,5666
122000157,811,11587,-10776
122000158,308,1147,-839
122000159,585,1149,-564
122000160,1908,1701,207
122000161,965,1141,-176
122000162,910,1734,-824
122000163,587,238,349
122000164,62,350,-288
122000165,1670,2238,-568
122000166,884,3266,-2382
122000167,352,785,-433
122000168,193,1603,-1410
122000169,487,367,120
122000170,360,585,-225
122000171,19,134,-115
122000172,2727,2054,673
122000173,1962,3960,-1998
122000174,1527,2175,-648
122000175,853,520,333
122000176,363,2059,-1696
122000177,1026,1967,-941
122000178,8571,4486,4085
122000179,4198,5511,-1313
122000180,736,1323,-587
122000181,877,2442,-1565
122000182,1894,1327,567
122000183,3361,1202,2159
122000184,4157,4893,-736
122000185,1353,5316,-3963
122000186,799,3295,-2496
122000187,1750,1847,-97
122000188,524,414,110
122000189,263,582,-319
122000190,856,3213,-2357
122000191,780,1140,-360
122000192,1303,464,839
122000193,372,885,-513
122000194,506,336,170
122000195,113,1201,-1088
122000196,834,436,398
122000197,472,801,-329
122000198,538,3574,-3036
122000199,330,601,-271
122000200,1319,926,393
122000201,1476,4126,-2650
122000202,962,3391,-2429
122000203,2052,1510,542
122000204,960,1474,-514
122000205,515,896,-381
122000206,6399,1386,5013
122000207,2086,2223,-137
122000208,2333,2764,-431
122000209,2332,1010,1322
122000210,2000,2915,-915
122000211,892,1967,-1075
122000212,815,582,233
122000213,1086,1949,-863
122000214,1955,1977,-22
122000215,2667,2242,425
122000217,1992,3545,-1553
122000218,945,105,840
122000219,1257,1107,150
122000220,214,848,-634
122000221,111,301,-190
122000222,624,193,431
122000223,943,791,152
122000225,641,588,53
122000226,1193,1510,-317
122000227,172,1667,-1495
122000228,235,311,-76
122000229,36,397,-361
122000230,45,330,-285
122000231,392,738,-346
122000232,503,656,-153
122000233,0,83,-83
122000234,525,65,460
122000235,607,80,527
122000236,1450,56,1394
122000237,114,81,33
122000238,309,353,-44
122000239,893,97,796
122000240,1676,537,1139
122000241,2444,482,1962
122000242,723,192,531
122000243,471,64,407
122000244,97,140,-43
122000245,128,120,8
122000246,469,216,253
122000247,769,291,478
122000248,930,672,258
122000249,1825,1159,666
122000250,2164,1221,943
122000251,125,226,-101
122000252,168,106,62
122000253,51,311,-260
122000254,251,92,159
122000255,610,694,-84
122000256,272,488,-216
122000257,280,123,157
122000258,285,294,-9
122000259,32,253,-221
122000260,0,28,-28
122000261,10,307,-297
122000262,0,35,-35
122000263,215,457,-242
122000264,1667,453,1214
122000265,3078,1355,1723
122000266,4168,779,3389
122000267,97,118,-21
122000268,138,509,-371
122000269,1003,484,519
122000270,465,276,189
122000271,319,2425,-2106
122000272,446,1762,-1316
122000273,546,718,-172
122000274,328,235,93
122000275,48,194,-146
122000276,949,460,489
122000277,1081,1587,-506
122000278,2094,374,1720
122000279,180,220,-40
122000280,697,359,338
122000281,641,586,55
122000282,195,427,-232
122000283,161,227,-66
122000284,165,99,66
122000285,305,77,228
122000286,26,154,-128
122000287,1793,1371,422
122000288,598,251,347
122000291,3859,936,2923
122000293,162,129,33
122000294,129,362,-233
122000295,1394,173,1221
122000296,49,1046,-997
122000297,1813,4382,-2569
122000299,623,432,191
122000300,434,396,38
122000301,7475,4132,3343
122000302,431,2765,-2334
122000303,2217,989,1228
122000304,52,171,-119
122000305,1601,649,952
122000306,86,304,-218
122000307,133,175,-42
122000309,71,28,43
122000310,28,124,-96
122000311,80,127,-47
122000312,115,439,-324
122000313,63,151,-88
122000314,136,510,-374
122000315,343,59,284
122000316,1363,399,964
122000317,2605,386,2219
122000318,392,1334,-942
122000319,108,461,-353
122000320,319,1020,-701
122000321,54,108,-54
122000322,2156,2867,-711
122000323,655,4919,-4264
122000324,2333,3432,-1099
122000325,792,6885,-6093
122000326,149,78,71
122000327,393,1253,-860
122000328,555,374,181
122000330,3335,3054,281
122000332,231,142,89
122000333,21,59,-38
122000337,1097,495,602
122000338,424,242,182
122000340,191,5426,-5235
122000342,1616,674,942
122000343,580,440,140
122000344,112,12,100
122000345,26,19,7
122000346,235,153,82
122000348,721,724,-3
122000349,126,585,-459
122000351,175,282,-107
122000352,247,192,55
122000353,211,95,116
122000355,130,337,-207
122000356,462,3422,-2960
122000357,55,20,35
122000358,0,16,-16
122000359,0,29,-29
122000360,0,18,-18
122000362,6,32,-26
122000364,332,159,173
122000365,2,54,-52
122000366,9,5,4
122000368,514,687,-173
122000370,32,11,21
122000371,38,0,38
122000372,7,0,7
122000381,202,448,-246
122000382,79,273,-194
122000384,1548,1647,-99
122000385,58,1,57
122000386,163,2590,-2427
122000387,431,1804,-1373
122000388,1020,1662,-642
122000389,182,2105,-1923
122000390,323,600,-277
122000391,146,2070,-1924
122000392,186,232,-46
122000393,29,100,-71
122000394,710,151,559
122000395,155,82,73
122000396,442,115,327
122000397,14,55,-41
122000398,11,67,-56
122000399,129,82,47
122000400,51,1779,-1728
122000401,139,61,78
122000402,536,230,306
122000403,534,343,191
122000404,183,218,-35
122000408,622,880,-258
122000503,7,89,-82
122000524,50,527,-477
122000544,59,2588,-2529
122000616,228,1,227
122000640,114,77,37
122000641,200,207,-7
122000642,1308,577,731
122000643,36,288,-252
122000644,94,49,45
122000645,43,216,-173
122000651,510,4681,-4171
122000664,202,106,96
122000665,1632,700,932
122000666,580,1015,-435
122000673,57,145,-88
122000674,343,164,179
122000675,2111,586,1525
122000686,558,2462,-1904
122000687,1849,388,1461
122000688,336,360,-24
122000689,1130,134,996
122000690,3401,162,3239
122000691,1111,577,534
122000692,1248,189,1059
122000693,373,779,-406
122000695,341,220,121
122000696,749,105,644
122000698,369,198,171
122000699,258,45,213
122000701,2388,252,2136
122000702,436,1456,-1020
122000703,244,86,158
122000712,0,0,0
122000717,75,77,-2
122000718,374,2394,-2020
122000719,126,118,8
122000720,1013,99,914
122000724,180,272,-92
122900001,29,13,16
122900002,820,7385,-6565
122900003,428,40,388
122900004,1842,77,1765
122900005,79,118,-39
122900006,238,792,-554
122900007,43,136,-93
122900008,123,121,2
122900009,1522,369,1153
122900010,244,115,129
122900012,163,415,-252
122900014,118,128,-10
122900015,833,1175,-342
122900016,173,157,16
122900017,290,1602,-1312
122900018,176,8,168
122900019,3,135,-132
122900020,137,350,-213
122900021,51,309,-258
122900022,1373,840,533
122900024,301,137,164
122900025,11,313,-302
122900026,24,166,-142
122900027,26,517,-491
122900028,88,109,-21
122900029,7181,2444,4737
122900030,2474,464,2010
122900031,31,479,-448
122900032,708,408,300
122900033,170,220,-50
122900034,4040,4560,-520
122900035,26,6,20
122900036,70,62,8
122900037,528,285,243
122900038,111,3796,-3685
122900039,69,508,-439
122900040,215,1770,-1555
122900041,164,387,-223
122900042,167,322,-155
122900043,365,277,88
122900044,114,343,-229
122900045,206,350,-144
122900046,135,319,-184
122900047,98,256,-158
122900048,37,217,-180
122900049,3721,206,3515
122900051,30,697,-667
122900052,199,98,101
122900053,18,19,-1
122900055,322,44,278
122900057,255,45,210
122900061,468,77,391
122900062,576,521,55
122900063,269,158,111
122900064,753,447,306
122900065,480,63,417
122900066,891,455,436
122900067,732,461,271
122900069,635,1940,-1305
122900070,457,71,386
122900071,154,282,-128
122900072,1,128,-127
122900073,22,79,-57
122900074,1138,194,944
122900075,1,75,-74
122900076,6,234,-228
122900077,2,47,-45
122900078,282,24,258
122900080,28,70,-42
122900081,191,159,32
122900082,1120,159,961
122900083,58,89,-31
122900084,7,89,-82
122900086,4,129,-125
122900087,382,350,32
122900088,61,1081,-1020
122900089,10,108,-98
122900090,2,409,-407
122900091,410,2,408
122900092,0,66,-66
122900093,0,102,-102
122900094,2,121,-119
122900095,238,33,205
122900096,491,51,440
122900097,25,60,-35
122900098,35,166,-131
122900099,174,25,149
122900100,51,929,-878
122900101,617,325,292
122900102,55,47,8
122900103,306,17,289
122900104,347,4,343
122900105,26,35,-9
122900106,0,42,-42
122900107,4,44,-40
122900108,19,98,-79
122900109,646,189,457
123000001,879,2203,-1324
123000002,2729,8992,-6263
123000003,5586,4876,710
123000004,3379,4574,-1195
123000005,3718,3167,551
123000006,2726,2006,720
123000007,4599,3317,1282
123000008,2844,2857,-13
123000009,4345,3377,968
123000010,3329,4799,-1470
123000011,1738,2410,-672
123000012,731,5479,-4748
123000013,5452,1887,3565
123000014,870,4429,-3559
123000015,2342,1508,834
123000016,2873,3182,-309
123000017,4662,2035,2627
123000018,82,107,-25
123000019,596,55,541
123000020,457,28,429
123000021,266,202,64
123000022,519,2158,-1639
123000023,2706,2765,-59
123000024,2019,1147,872
123000025,415,149,266
123000026,37,163,-126
123000027,60,1099,-1039
123000028,746,1686,-940
123000029,400,1853,-1453
123000030,311,55,256
123000031,356,170,186
123000032,869,77,792
123000033,485,164,321
123000034,1207,899,308
123000035,432,634,-202
123000036,269,1507,-1238
123000037,210,122,88
123000038,53,407,-354
123000039,503,2109,-1606
123000040,397,255,142
123000041,669,2269,-1600
123000042,406,1717,-1311
123000043,1564,17628,-16064
123000044,2800,2851,-51
123000045,4119,2387,1732
123000046,259,1606,-1347
123000047,646,1877,-1231
123000048,52,1881,-1829
123000049,5963,10443,-4480
123000050,2263,1887,376
123000051,127,227,-100
123000052,882,3904,-3022
123000053,2534,3313,-779
123000054,3055,1810,1245
123000055,2476,5739,-3263
123000056,1083,712,371
123000057,3614,5425,-1811
123000058,773,1502,-729
123000059,242,489,-247
123000060,1333,573,760
123000061,340,638,-298
123000063,1606,1111,495
123000064,1698,248,1450
123000065,3768,2350,1418
123000066,461,663,-202
123000067,1220,456,764
123000068,1753,2525,-772
123000069,3318,1531,1787
123000070,186,577,-391
123000071,2405,1009,1396
123000072,1431,456,975
123000073,3306,1002,2304
123000074,1453,828,625
123000075,625,2180,-1555
123000076,830,554,276
123000077,2656,1508,1148
123000078,3683,1730,1953
123000079,3140,1768,1372
123000080,3048,874,2174
123000081,235,305,-70
123000082,361,1124,-763
123000083,1373,338,1035
123000084,1110,549,561
123000085,594,164,430
123000086,1374,87,1287
123000087,628,354,274
123000088,1560,711,849
123000089,1471,1152,319
123000090,1878,994,884
123000091,2128,1739,389
123000092,1182,1284,-102
123000094,867,228,639
123000095,1200,681,519
123000096,1730,336,1394
123000097,921,350,571
123000098,1255,420,835
123000099,853,385,468
123000100,330,970,-640
123000101,445,502,-57
123000102,670,1082,-412
123000104,649,524,125
123000105,423,471,-48
123000106,576,513,63
123000107,342,451,-109
123000108,658,1071,-413
123000111,1396,507,889
123000112,1601,470,1131
123000113,750,677,73
123000114,437,802,-365
123000115,301,295,6
123000116,57,115,-58
123000117,2032,1075,957
123000118,556,488,68
123000119,224,487,-263
123000120,322,595,-273
123000121,828,1042,-214
123000122,574,374,200
123000123,665,719,-54
123000124,453,394,59
123000125,1837,1537,300
123000126,1462,5390,-3928
123000127,532,775,-243
123000128,323,370,-47
123000129,1039,316,723
123000130,993,97,896
123000131,1906,1229,677
123000132,398,677,-279
123000133,168,245,-77
123000134,320,160,160
123000135,2975,1220,1755
123000136,240,424,-184
123000137,82,192,-110
123000138,137,201,-64
123000139,787,177,610
123000140,33,346,-313
123000141,686,144,542
123000142,1162,852,310
123000143,969,1832,-863
123000144,5,33,-28
123000145,176,285,-109
123000146,13,207,-194
123000147,63,169,-106
123000149,307,423,-116
123000150,126,262,-136
123000151,175,790,-615
123000152,44,299,-255
123000153,114,869,-755
123000154,1153,2530,-1377
123000155,1805,1288,517
123000156,50,116,-66
123000157,739,858,-119
123000158,561,878,-317
123000159,3556,4380,-824
123000160,1388,1334,54
123000161,1738,1092,646
123000162,1802,1940,-138
123000163,860,240,620
123000164,2615,250,2365
123000165,430,781,-351
123000166,46,112,-66
123000167,188,196,-8
123000168,425,143,282
123000169,1216,97,1119
123000170,141,35,106
123000171,1228,14,1214
123000172,139,380,-241
123000173,724,454,270
123000174,998,534,464
123000175,326,934,-608
123000176,1143,325,818
123000177,230,532,-302
123000178,1388,156,1232
123000179,55,383,-328
123000180,2270,385,1885
123000181,289,825,-536
123000182,233,172,61
123000183,168,698,-530
123000184,95,324,-229
123000185,1133,437,696
123000186,8,397,-389
123000187,783,7,776
123000188,213,1,212
123000189,276,192,84
123000190,119,136,-17
123000192,24,292,-268
123000193,84,487,-403
123000194,245,287,-42
123000195,361,35,326
123000196,588,45,543
123000197,63,100,-37
123000198,64,1115,-1051
123000199,14,624,-610
123000200,938,13,925
123000201,1527,27,1500
123000202,16,462,-446
123000203,1433,65,1368
123000204,73,396,-323
123000205,261,611,-350
123000206,3217,293,2924
123000207,91,422,-331
123000208,830,217,613
123000209,2562,828,1734
123000210,299,1238,-939
123000211,396,1243,-847
123000212,4547,466,4081
123000213,638,82,556
123000215,137,276,-139
123000216,187,1194,-1007
123000217,246,35,211
123000218,9,558,-549
123000219,885,98,787
123000220,653,70,583
123000221,235,349,-114
123000222,306,310,-4
123000223,569,194,375
123000224,510,280,230
123000225,311,50,261
123000226,105,640,-535
123000227,111,274,-163
123000228,350,42,308
123000229,734,1204,-470
123000232,156,395,-239
123000233,1159,92,1067
123000234,173,402,-229
123000235,1560,288,1272
123000236,254,438,-184
123000237,584,118,466
123000238,49,323,-274
123000239,442,680,-238
123000240,91,1296,-1205
123000241,635,140,495
123000242,177,340,-163
123000243,830,751,79
123000244,779,601,178
123000245,29,158,-129
123000249,832,565,267
123000252,1178,423,755
123000253,1774,694,1080
123000254,805,711,94
123000255,1136,896,240
123000256,28,97,-69
123000257,2046,1054,992
123000258,1126,469,657
123000259,715,553,162
123000260,778,309,469
123000261,406,224,182
123000262,114,151,-37
123000263,630,155,475
123000264,221,123,98
123000265,35,101,-66
123000266,410,458,-48
123000267,755,311,444
123000268,37,57,-20
123000269,84,118,-34
123000270,34,83,-49
123000271,62,51,11
123000272,865,433,432
123000273,358,1208,-850
123000274,1301,977,324
123000275,205,791,-586
123000278,1593,3051,-1458
123000279,186,64,122
123000280,333,262,71
123000281,359,182,177
123000282,98,378,-280
123000283,238,90,148
123000284,47,75,-28
123000286,132,589,-457
123000287,373,415,-42
123000288,998,1317,-319
123000289,223,1657,-1434
123000291,199,1056,-857
123000294,175,292,-117
123000295,651,1303,-652
123000296,873,585,288
123000297,1018,422,596
123000298,1264,243,1021
123000299,236,188,48
123000300,1618,1279,339
123000301,201,583,-382
123000302,116,121,-5
123000303,60,358,-298
123000305,1105,1043,62
123000306,293,62,231
123000309,40,91,-51
123000310,43,63,-20
123000311,0,82,-82
123000312,481,407,74
123000313,806,546,260
123000315,119,227,-108
123000316,718,601,117
123000317,243,138,105
123000318,56,178,-122
123000329,5,15,-10
123000337,449,911,-462
123000338,159,303,-144
123000339,444,54,390
123000340,94,235,-141
123000342,10,88,-78
123000343,71,43,28
123000344,644,258,386
123000345,388,515,-127
123000346,743,47,696
123000352,1694,1012,682
123000353,97,100,-3
123000354,203,5,198
123000355,1,172,-171
123000356,656,23,633
123000357,2,83,-81
123000359,21,86,-65
123000360,330,135,195
123000361,299,173,126
123000362,418,116,302
123000363,104,136,-32
123000364,550,833,-283
123000365,14,448,-434
123000366,353,3250,-2897
123000367,267,408,-141
123000370,18,1115,-1097
123000371,500,181,319
123000372,555,55,500
123000373,17,326,-309
123000374,24,93,-69
123000375,587,32,555
123000376,1058,966,92
123000377,578,34,544
123000378,6,247,-241
123000379,1,335,-334
123000380,18,361,-343
123000381,60,133,-73
123000382,547,150,397
123000383,138,822,-684
123000384,824,182,642
123000385,144,641,-497
123000436,67,1345,-1278
123000507,93,162,-69
123000508,252,1760,-1508
123000517,308,45,263
123000518,29,128,-99
123000519,207,103,104
123000520,71,137,-66
123000521,932,112,820
123000522,115,238,-123
123000541,12,4,8
123000542,0,4,-4
123000565,1337,29,1308
123000566,454,156,298
123000567,75,107,-32
123000573,33,590,-557
123000574,922,69,853
123000575,2049,607,1442
123000576,919,1150,-231
123000577,55,794,-739
123000578,404,158,246
123000579,1095,9605,-8510
123000580,167,53,114
123000582,400,48,352
123000583,9,304,-295
123000584,206,302,-96
123000585,0,35,-35
123000586,149,0,149
123000596,62,119,-57
123000597,65,294,-229
123000602,114,12,102
123000603,1682,398,1284
123000604,808,329,479
123000605,973,15,958
123000606,2,563,-561
123000609,30,409,-379
123000610,100,83,17
123000613,42,127,-85
123000614,279,26,253
123000615,101,85,16
123000616,890,65,825
123000617,87,113,-26
123000618,40,496,-456
123000619,383,56,327
123000620,28,350,-322
123000622,531,8,523
123000624,182,35,147
123000630,2542,421,2121
123000631,263,561,-298
123000632,769,772,-3
123000633,2,326,-324
123000634,68,424,-356
123000635,55,124,-69
123000636,31,394,-363
123000637,231,14,217
123000638,642,26,616
123000639,737,6413,-5676
123000640,18,292,-274
123000648,709,88,621
123000649,53,277,-224
123900001,978,55,923
123900002,31,1313,-1282
123900003,166,357,-191
123900005,350,282,68
123900006,552,116,436
124000001,1909,189,1720
124000002,37,920,-883
124000003,1236,145,1091
124000004,86,375,-289
124000005,1616,975,641
124000006,187,449,-262
124000007,659,113,546
124000008,5,373,-368
124000009,1214,305,909
124000010,256,224,32
124000011,969,321,648
124000012,218,217,1
124000017,384,124,260
124000018,103,84,19
124000019,266,208,58
124000020,23,81,-58
124000021,134,109,25
124000022,61,157,-96
124000023,1249,1719,-470
124000024,1218,462,756
124000025,1299,1635,-336
124000026,953,892,61
124000027,3506,4209,-703
124000028,1034,2868,-1834
124000030,1626,1264,362
124000031,1669,6367,-4698
124000032,1387,484,903
124000033,1002,828,174
124000034,584,597,-13
124000035,362,201,161
124000036,185,342,-157
124000037,406,993,-587
124000038,19,83,-64
124000039,312,270,42
124000040,175,836,-661
124000041,442,169,273
124000042,137,266,-129
124000043,111,204,-93
124000044,44,111,-67
124000045,1453,303,1150
124000046,194,467,-273
124000047,2184,561,1623
124000048,794,520,274
124000049,2470,414,2056
124000050,890,952,-62
124000051,1461,356,1105
124000052,651,496,155
124000053,691,2432,-1741
124000054,567,269,298
124000055,1277,5374,-4097
124000056,1226,702,524
124000057,1454,487,967
124000058,631,736,-105
124000059,1152,1399,-247
124000060,443,367,76
124000061,1538,6921,-5383
124000062,2502,1261,1241
124000063,1180,1002,178
124000064,1429,861,568
124000065,85,639,-554
124000066,273,145,128
124000067,214,98,116
124000068,161,113,48
124000069,819,125,694
124000070,372,205,167
124000071,380,146,234
124000072,321,217,104
124000073,1114,203,911
124000074,180,407,-227
124000075,429,19,410
124000076,16,54,-38
124000077,362,586,-224
124000078,1401,1308,93
124000079,210,1093,-883
124000080,1209,202,1007
124000081,246,374,-128
124000082,77,164,-87
124000083,24,94,-70
124000084,44,735,-691
124000085,61,40,21
124000086,22,184,-162
124000087,137,135,2
124000088,92,603,-511
124000089,582,195,387
124000090,157,140,17
124000091,532,80,452
124000092,193,352,-159
124000093,129,131,-2
124000094,150,383,-233
124000095,148,103,45
124000096,184,225,-41
124000097,197,154,43
124000098,114,121,-7
124000099,298,166,132
124000100,48,199,-151
124000101,163,193,-30
124000102,122,35,87
124000103,311,231,80
124000104,141,29,112
124000105,242,183,59
124000106,172,29,143
124000107,30,367,-337
124000108,76,23,53
124000109,248,97,151
124000110,125,59,66
124000111,285,102,183
124000112,1003,479,524
124000113,120,139,-19
124000114,474,232,242
124000115,316,771,-455
124000116,168,308,-140
124000117,36,124,-88
124000118,37,80,-43
124000119,936,1017,-81
124000120,593,894,-301
124000121,999,1892,-893
124000122,502,1210,-708
124000123,912,522,390
124000124,134,461,-327
124000125,446,464,-18
124000126,165,402,-237
124000127,1120,382,738
124000128,465,567,-102
124000129,1664,1330,334
124000130,367,436,-69
124000131,820,755,65
124000132,617,685,-68
124000133,1454,1029,425
124000134,864,481,383
124000135,1656,2040,-384
124000136,515,762,-247
124000137,963,960,3
124000138,825,1079,-254
124000139,671,184,487
124000140,14,385,-371
124000141,711,63,648
124000142,62,321,-259
124000143,105,13,92
124000144,12,105,-93
124000145,163,77,86
124000146,54,124,-70
124000148,65,98,-33
124000149,1136,319,817
124000150,209,565,-356
124000151,1112,517,595
124000152,665,909,-244
124000153,823,888,-65
124000154,335,630,-295
124000155,1239,899,340
124000156,724,854,-130
124000169,162,620,-458
124000170,1028,738,290
124000171,332,309,23
124000172,284,574,-290
124000173,875,214,661
124000174,498,601,-103
124000175,7,43,-36
124000176,75,7,68
124000177,6,18,-12
124000178,73,46,27
124000185,24,295,-271
124000186,0,27,-27
124000187,11,27,-16
124000188,0,0,0
124000190,148,120,28
124000191,67,354,-287
124000192,1049,712,337
124000193,141,2920,-2779
124000194,348,453,-105
124000195,471,601,-130
124000196,740,712,28
124000197,54,44,10
124000198,54,54,0
124000201,154,382,-228
124000202,669,180,489
124000203,716,174,542
124000204,1372,156,1216
124000205,179,176,3
124000206,953,228,725
124000207,1,11,-10
124000209,253,108,145
124000210,930,211,719
124000211,946,6,940
124000212,6,125,-119
124000213,853,113,740
124000214,619,176,443
124000215,544,36,508
124000216,2,137,-135
124000329,98,532,-434
124000338,91,280,-189
124000339,1884,81,1803
124000341,2101,40,2061
124000344,48,9,39
124000357,1131,2787,-1656
124000358,753,1926,-1173
124000359,1246,1035,211
124000360,1148,622,526
124000361,1762,1202,560
124000362,1225,1736,-511
124000363,395,349,46
124000364,485,467,18
124000365,679,783,-104
124000366,1990,539,1451
124000367,71,195,-124
124000368,664,790,-126
124000369,79,106,-27
124000370,72,607,-535
124000402,92,12,80
124000403,174,22,152
124000404,21,32,-11
124000405,842,642,200
124000406,1123,515,608
124000407,1,18,-17
124000411,3,142,-139
124000412,426,8,418
124000413,85,117,-32
124000414,180,119,61
124000415,56,38,18
124000416,161,147,14
124000417,302,109,193
124000418,387,55,332
124000419,171,61,110
124000420,185,49,136
124000421,53,34,19
124000422,22,14,8
124000423,114,37,77
124000424,7,25,-18
124000425,144,14,130
124000426,6,63,-57
124000427,232,5,227
124000428,5,282,-277
124000429,72,45,27
124000430,1006,373,633
124000431,568,400,168
124000432,272,667,-395
124000439,1,10,-9
124000443,1,10,-9
124000445,344,3115,-2771
124000446,1099,462,637
124000447,35,220,-185
124000448,625,148,477
124000449,42,13,29
124000450,0,0,0
124000451,1,19,-18
124900001,948,420,528
124900002,280,204,76
124900003,1414,420,994
124900004,1359,257,1102
124900005,233,124,109
124900006,1085,253,832
124900008,781,524,257
124900009,96,392,-296
124900010,156,169,-13
124900011,762,382,380
124900012,458,117,341
124900013,612,179,433
124900014,431,51,380
124900015,169,331,-162
124900016,63,119,-56
124900017,377,2913,-2536
124900018,121,12,109
124900020,130,64,66
124900021,381,46,335
124900022,68,9,59
124900024,490,29,461
124900026,76,49,27
124900027,138,541,-403
124900028,229,144,85
124900029,30,629,-599
124900030,4,50,-46
124900031,24,160,-136
124900032,99,159,-60
124900033,139,216,-77
124900034,4,71,-67
124900035,159,257,-98
124900036,1,49,-48
124900037,185,108,77
124900038,152,212,-60
124900039,5,59,-54
124900040,143,106,37
124900041,373,499,-126
124900042,31,0,31
124900043,614,390,224
124900044,123,1,122
124900045,274,1040,-766
124900047,55,149,-94
124900048,342,67,275
124900050,270,109,161
124900052,101,250,-149
124900053,180,142,38
124900054,694,433,261
124900055,1,138,-137
124900057,7,36,-29
124900060,20,140,-120
124900061,85,3,82
124900062,254,13,241
124900066,1,1,0
124900067,3,80,-77
124900068,153,575,-422
124900070,93,39,54
124900072,168,28,140
124900075,579,150,429
124900076,23,2326,-2303
124900077,25,74,-49
124900078,86,25,61
124900079,177,206,-29
124900080,467,277,190
124900081,1654,205,1449
124900082,383,482,-99
124900083,414,351,63
124900085,451,614,-163
124900086,31,1410,-1379
124900087,236,108,128
124900088,170,86,84
124900089,572,11,561
124900090,736,227,509
124900091,361,179,182
124900092,282,172,110
124900093,546,203,343
124900094,830,270,560
124900095,120,648,-528
124900096,318,136,182
124900097,514,47,467
124900098,197,213,-16
124900099,225,598,-373
124900100,437,104,333
124900101,152,246,-94
124900102,326,25,301
124900103,188,123,65
124900104,41,95,-54
124900105,123,117,6
124900106,352,67,285
124900107,85,25,60
124900108,191,154,37
124900111,0,226,-226
124900112,118,184,-66
124900113,64,240,-176
124900114,106,181,-75
124900115,115,30,85
124900116,439,391,48
124900117,171,248,-77
124900118,85,1032,-947
124900119,361,203,158
124900120,28,155,-127
124900121,86,380,-294
124900122,148,145,3
124900123,200,122,78
124900124,58,384,-326
204000001,245,2,243
204000002,16,14,2
204000003,18,4,14
204000004,1,3,-2
204000005,654,446,208
204000006,1020,1277,-257
204000012,52,128,-76
204000019,1441,390,1051
204000020,1125,838,287
204000021,1939,820,1119
204000022,1319,432,887
204000023,586,433,153
204000031,38,9,29
204000032,293,26,267
204000034,72,89,-17
204000035,0,2,-2
204000036,4,13,-9
204000037,0,48,-48
204000038,2,16,-14
204000039,15,10,5
204000040,1,3,-2
204000041,3,13,-10
204000042,20,13,7
204000043,36,14,22
204000044,45,4,41
204000045,34,6,28
204000046,15,1,14
204000057,10,1,9
204000062,36,43,-7
204000068,14,613,-599
204000069,138,535,-397
204000070,47,129,-82
204000080,89,121,-32
204000085,1353,1007,346
204000086,1942,1318,624
204000087,57,0,57
204000088,10,77,-67
204000090,127,207,-80
204000093,574,67,507
204000096,1499,904,595
204000097,486,13,473
204000099,1241,2237,-996
204000100,1946,1671,275
204000105,1073,722,351
204000110,301,1030,-729
204000111,714,526,188
204000112,549,1259,-710
204000113,312,856,-544
204000114,1007,1266,-259
204000115,1429,461,968
204000116,657,1230,-573
204000119,2351,1948,403
204000132,691,405,286
204000133,858,153,705
204000134,208,87,121
204000135,621,194,427
204000136,490,273,217
204000138,343,561,-218
204000140,267,132,135
204000141,205,59,146
204000144,17,31,-14
204000145,566,58,508
204000146,13,215,-202
204000147,38,219,-181
204000148,393,34,359
204000154,13,3,10
204000155,1,0,1
204000177,74,14,60
204000179,81,31,50
204000180,0,28,-28
204000222,0,5,-5
204000235,36,8,28
204000236,48,232,-184
204000238,5,25,-20
204000240,352,57,295
204000263,539,837,-298
204000268,714,480,234
204000308,122,47,75
204000317,19,76,-57
204000322,23,70,-47
204000323,25,6,19
204000328,195,75,120
204000329,120,153,-33
204000330,194,40,154
204000331,184,189,-5
205000001,665,948,-283
205000013,9,76,-67
205000014,43,70,-27
205000015,59,61,-2
205000016,18,61,-43
205000017,36,40,-4
205000022,265,512,-247
205000025,1402,653,749
205000029,402,17,385
205000045,168,660,-492
205000046,157,1288,-1131
205000047,101,463,-362
205000048,510,387,123
205000049,190,463,-273
205000050,1458,267,1191
205000059,1,151,-150
205000060,0,156,-156
205000061,3,430,-427
205000062,1,657,-656
205000063,28,739,-711
205000064,33,126,-93
205000065,149,573,-424
205000066,111,385,-274
205000067,64,469,-405
205000069,177,6,171
205000082,121,133,-12
205000110,117,181,-64
205000111,185,178,7
205000112,161,168,-7
205000113,77,148,-71
205000121,183,32,151
205000123,49,154,-105
205000126,630,76,554
205000127,806,132,674
205000128,506,73,433
205000129,816,48,768
205000130,72,32,40
205000131,45,9,36
205000132,91,9,82
205000133,55,0,55
205000134,292,1,291
205000137,111,61,50
205000138,142,99,43
205000139,41,51,-10
205000144,112,90,22
205000145,315,151,164
205000151,178,21,157
205000152,197,24,173
205000153,251,28,223
205000154,89,44,45
205000155,131,8,123
205000207,10,99,-89
205000233,23,0,23
205000234,0,1,-1
205000243,4,0,4
205000244,0,3,-3
205000245,10,203,-193
205000249,0,11,-11
205000250,2,2,0
205000264,11,53,-42
206000027,7,8,-1
206000028,3,2,1
206000043,4,35,-31
206000053,8,5,3
206000054,1,10,-9
206000055,0,8,-8
206000075,5,23,-18
206000076,25,14,11
206000077,16,7,9
206000078,41,5,36
206000079,33,13,20
206000082,361,122,239
206000100,39,492,-453
206000103,0,0,0
206000104,2,19,-17
206000105,2,13,-11
206000106,5,21,-16
206000125,118,0,118
206000157,11,194,-183
206000170,0,76,-76
206000171,2,168,-166
206000172,15,109,-94
206000173,5,106,-101
206000174,7,39,-32
206000175,1,34,-33
206000176,18,36,-18
206000177,4,37,-33
206000178,6,170,-164
206000179,2,161,-159
206000180,7,75,-68
206000181,17,17,0
206000182,2,65,-63
206000183,5,87,-82
206000184,6,88,-82
206000185,8,43,-35
206000186,72,227,-155
206000223,5,254,-249
206000226,19,2,17
206000227,34,3,31
206000237,23,97,-74
206000238,23,192,-169
206000239,154,1020,-866
206000240,27,143,-116
206000241,0,85,-85
206000242,6,114,-108
206000243,11,61,-50
206000244,70,145,-75
206000245,1221,54,1167
206000246,533,5,528
206000247,489,2,487
206000248,612,31,581
206000252,32,56,-24
206000258,16,137,-121
206000315,57,8,49
206000317,664,115,549
206000318,949,66,883
206000319,2533,70,2463
206000320,463,20,443
206000321,471,10,461
206000322,762,11,751
206000323,298,5,293
206000324,366,8,358
206000325,277,14,263
206000326,215,21,194
206000327,43,18,25
206000328,238,5,233
206000329,397,7,390
206000330,42,4,38
206000331,300,4,296
206000332,59,1,58
206000333,1178,3,1175
206000334,391,5,386
206000335,0,19,-19
206000361,33,386,-353
206000392,6,12,-6
206000405,151,6,145
206000441,102,17,85
206000498,25,2,23
206000515,56,52,4
206000530,461,86,375
206000531,297,434,-137
206000532,1573,551,1022
206000535,121,4216,-4095
206000536,13,40,-27
206000537,27,125,-98
206000613,1377,286,1091
206000784,598,50,548
207000001,146,577,-431
207000002,121,488,-367
207000003,166,150,16
207000007,1772,282,1490
207000008,212,9,203
207000009,70,25,45
207000010,273,260,13
207000012,539,178,361
207000015,270,476,-206
207000019,331,100,231
207000021,437,217,220
207000022,204,164,40
207000023,250,93,157
207000024,4,38,-34
207000025,27,98,-71
207000026,111,59,52
207000027,8,71,-63
207000028,60,113,-53
207000029,179,336,-157
207000033,284,530,-246
207000034,344,145,199
207000039,642,79,563
207000040,594,41,553
207000041,66,20,46
207000042,144,47,97
207000043,278,187,91
207000051,92,180,-88
207000052,6,141,-135
207000053,396,369,27
207000054,66,55,11
207000055,229,60,169
207000056,230,208,22
207000057,141,422,-281
207000058,218,260,-42
207000059,151,212,-61
207000060,47,164,-117
207000061,171,1007,-836
207000062,680,39,641
207000063,753,50,703
207000064,489,79,410
207000065,385,191,194
207000066,377,132,245
207000067,62,47,15
207000068,160,40,120
207000069,887,320,567
207000082,5,165,-160
207000083,98,140,-42
207000084,518,283,235
207000085,278,38,240
207000086,400,10,390
207000106,38,19,19
207000107,97,4,93
207000108,136,3,133
207000109,93,9,84
207000110,86,56,30
207000111,93,100,-7
207000112,74,1072,-998
207000114,11,44,-33
207000115,36,53,-17
207000116,29,397,-368
207000117,21,75,-54
207000118,3,38,-35
207000119,47,29,18
207000123,231,13,218
207000124,130,39,91
207000125,72,32,40
207000126,82,28,54
207000134,204,95,109
207000135,19,141,-122
207000148,75,420,-345
207000149,59,24,35
207000152,150,410,-260
207000153,340,972,-632
207000154,317,236,81
207000159,88,138,-50
207000160,202,194,8
207000238,0,177,-177
207000242,18,83,-65
207000248,23,55,-32
207000249,96,19,77
207000250,403,120,283
207000251,136,131,5
207000252,35,45,-10
207000278,139,116,23
207000279,20,74,-54
207000280,1156,83,1073
207000281,156,334,-178
207000282,71,358,-287
207000283,38,245,-207
207000284,34,990,-956
207000285,54,184,-130
207000291,15,61,-46
207000304,90,85,5
207000306,66,259,-193
207000310,178,91,87
207000353,119,3,116
207000356,31,64,-33
207000357,2,27,-25
207000358,2,25,-23
207000415,14,92,-78
207000417,73,5,68
207000418,143,135,8
207000438,0,3,-3
207000439,542,580,-38
207000446,211,2,209
207000460,90,6,84
207000466,290,115,175
207000467,354,75,279
207000468,84,146,-62
207000476,4,26,-22
207000477,693,44,649
207000478,3,49,-46
207000523,0,23,-23
207000524,76,0,76
207000527,250,134,116
207000530,713,9,704
207000531,363,3,360
207000532,20,13,7
207000534,172,70,102
207000535,55,554,-499
207000537,15,66,-51
207000540,15,61,-46
207000541,4,181,-177
207000548,8,138,-130
207000549,341,16,325
207000561,296,217,79
207000562,27,93,-66
207000567,132,179,-47
207000568,270,16,254
207000569,668,157,511
207000584,83,207,-124
207000585,26,197,-171
207000587,232,33,199
207000616,0,83,-83
207000617,155,2,153
207000624,82,30,52
207000631,9,61,-52
207900008,330,79,251
208000001,724,1373,-649
208000002,766,654,112
208000003,1021,582,439
208000004,936,968,-32
208000005,0,13,-13
208000019,1003,574,429
208000020,256,353,-97
208000021,297,184,113
208000022,1016,531,485
208000028,902,1514,-612
208000033,609,416,193
208000034,912,1758,-846
208000037,400,35,365
208000040,263,84,179
208000041,962,584,378
208000042,1004,466,538
208000047,232,145,87
208000064,1838,1763,75
208000066,1214,2199,-985
208000070,518,370,148
208000071,741,429,312
208000072,721,695,26
208000080,360,527,-167
208000081,510,121,389
208000082,497,126,371
208000083,261,173,88
208000084,6,31,-25
208000085,674,418,256
208000086,552,949,-397
208000087,334,727,-393
208000089,1100,293,807
208000090,1152,326,826
208000093,56,92,-36
208000094,493,383,110
208000095,862,483,379
208000104,1275,500,775
208000105,766,656,110
208000114,93,358,-265
208000115,413,273,140
208000116,1089,1200,-111
208000117,37,108,-71
208000118,162,235,-73
208000155,637,1255,-618
208000158,1555,3429,-1874
208000186,1208,3135,-1927
208000204,901,1060,-159
208000205,1588,700,888
208000282,1466,1983,-517
209000004,610,268,342
209000005,93,41,52
209000006,394,269,125
209000007,430,676,-246
209000010,259,167,92
209000011,69,286,-217
209000012,87,103,-16
209000013,213,215,-2
209000014,378,488,-110
209000025,650,84,566
209000026,1082,143,939
209000027,258,350,-92
209000028,225,290,-65
209000029,369,1363,-994
209000030,231,1468,-1237
209000031,3006,1417,1589
209000034,340,401,-61
209000035,176,387,-211
209000036,392,269,123
209000037,495,294,201
209000038,271,215,56
209000039,101,141,-40
209000040,350,514,-164
209000041,195,321,-126
209000042,278,224,54
209000043,521,702,-181
209000044,207,847,-640
209000045,662,296,366
209000046,583,391,192
209000047,412,200,212
209000048,526,403,123
209000049,109,66,43
209000050,197,83,114
209000051,291,150,141
209000052,199,199,0
209000062,77,55,22
209000063,80,34,46
209000064,32,26,6
209000065,216,28,188
209000066,176,20,156
209000067,247,40,207
209000080,13,175,-162
209000082,82,87,-5
209000091,24,76,-52
209000093,42,24,18
209000094,61,139,-78
209000110,54,259,-205
209000111,586,2121,-1535
209000112,1268,726,542
209000113,1911,1079,832
209000114,1021,836,185
209000115,48,80,-32
209000116,365,225,140
209000118,24,134,-110
209000119,6,15,-9
209000121,88,283,-195
209000135,62,313,-251
209000142,613,2087,-1474
209000143,38,43,-5
209000144,47,254,-207
209000229,226,115,111
209000240,22,183,-161
209000259,38,81,-43
209000260,41,724,-683
209000261,3,208,-205
209000262,5,201,-196
209000263,0,363,-363
209000264,1,283,-282
209000265,259,1,258
209000266,106,0,106
209000267,1222,5,1217
209000268,510,64,446
210000037,101,26,75
210000047,86,8,78
210000048,191,29,162
210000049,40,2,38
210000052,76,90,-14
210000053,58,35,23
210000054,22,87,-65
210000070,164,3,161
210000071,126,1,125
210000072,49,0,49
210000073,0,23,-23
210000074,1,148,-147
210000075,10,204,-194
210000076,6,209,-203
210000077,13,163,-150
210000078,25,135,-110
210000079,25,25,0
210000080,40,141,-101
210000081,97,30,67
210000082,33,0,33
210000083,57,3,54
210000084,131,1,130
210000085,0,36,-36
210000086,0,57,-57
210000099,55,226,-171
210000100,120,112,8
210000101,85,158,-73
210000105,26,309,-283
210000159,3,245,-242
210000163,71,283,-212
210000164,227,281,-54
210000168,137,52,85
210000187,0,21,-21
210000188,0,14,-14
210000214,9,0,9
210000219,48,63,-15
210000220,136,31,105
210000232,3,23,-20
210000233,60,48,12
210000234,52,104,-52
210000235,90,52,38
210000245,0,60,-60
210000246,20,0,20
210000258,15,46,-31
210000259,222,27,195
210000282,27,217,-190
210000285,2,151,-149
210000286,15,101,-86
210000290,4,20,-16
210000295,48,216,-168
210000296,78,37,41
210000320,284,55,229
210000321,105,13,92
210000338,77,89,-12
210000339,137,862,-725
210000340,96,364,-268
210000341,168,344,-176
210000342,222,188,34
210000343,197,218,-21
210000344,84,203,-119
210000345,104,287,-183
210000346,53,134,-81
210000347,75,55,20
210000348,100,42,58
210000349,54,30,24
210000350,144,68,76
210000351,185,23,162
210000352,89,26,63
210000353,61,57,4
210000354,67,73,-6
210000355,40,104,-64
210000356,10,97,-87
210000357,58,122,-64
210000358,311,250,61
210000359,63,166,-103
210000360,141,216,-75
210000361,157,125,32
210000362,267,223,44
210000363,468,252,216
210000364,175,200,-25
210000365,165,65,100
210000366,153,48,105
210000367,111,23,88
210000368,91,28,63
210000369,28,29,-1
210000370,63,64,-1
210000372,27,37,-10
210000373,8,45,-37
210000374,59,60,-1
210000375,31,44,-13
210000376,52,165,-113
210000404,57,77,-20
210000439,45,16,29
210000472,58,3,55
210000482,79,114,-35
210000564,196,291,-95
210000567,5,56,-51
210000568,206,1,205
211000092,38,26,12
211000094,16,11,5
211000169,180,13,167
211000172,9,271,-262
211000209,0,105,-105
211000226,2,28,-26
211000270,43,5,38
211000275,9,51,-42
211000276,147,12,135
211000279,8,30,-22
211000281,110,13,97
211000302,43,11,32
211507980,3,61,-58
211977296,24,6,18
212000003,207,58,149
212000004,20,64,-44
212000005,25,89,-64
212000006,46,55,-9
212000008,221,109,112
212000009,50,81,-31
212000012,83,33,50
212000013,38,17,21
212000014,230,78,152
212000015,339,178,161
212000016,492,378,114
212000027,525,226,299
212000028,368,224,144
212000029,229,183,46
212000030,68,13,55
212000031,56,24,32
212000048,41,330,-289
212000049,30,205,-175
212000050,20,7,13
212000051,279,60,219
212000052,261,113,148
212000053,247,210,37
212000054,503,62,441
212000055,510,99,411
212000056,13,29,-16
212000057,11,21,-10
212000058,135,33,102
212000070,124,115,9
212000077,148,231,-83
212000099,352,232,120
212000108,263,144,119
212000111,321,66,255
212000120,191,96,95
212000138,151,21,130
212000156,1,70,-69
212000158,13,22,-9
212000159,581,54,527
212000160,760,150,610
212000161,85,5,80
212000310,74,7,67
212000311,16,29,-13
212000374,40,9,31
213000001,21,345,-324
213000005,485,133,352
213000006,665,275,390
213000007,46,25,21
213000009,231,232,-1
213000010,329,202,127
213000011,184,153,31
213000012,267,223,44
213000014,55,21,34
213000015,293,10,283
213000016,395,2,393
213000017,103,0,103
213000018,2,35,-33
213000019,0,63,-63
213000020,103,162,-59
213000021,5,44,-39
213000023,406,300,106
213000033,401,1279,-878
213000034,440,192,248
213000035,180,321,-141
213000045,243,287,-44
213000046,236,164,72
213000047,390,1190,-800
213000056,199,29,170
213000069,149,6,143
213000073,1,87,-86
213000074,379,667,-288
213000075,656,1,655
213000076,14,2,12
213000085,5,39,-34
213000086,21,87,-66
213000091,377,15,362
213000092,47,3,44
213000099,171,1440,-1269
213000100,781,332,449
213000101,875,74,801
213000102,713,113,600
213000103,784,436,348
213000104,54,267,-213
213000105,98,1775,-1677
213000106,31,64,-33
213000107,142,226,-84
213000108,51,221,-170
213000109,8,136,-128
213000110,11,97,-86
213000111,20,70,-50
213000112,92,76,16
213000115,65,2,63
213000116,77,542,-465
213000117,9,557,-548
213000118,1279,238,1041
213000119,55,419,-364
213000120,111,165,-54
213000122,149,231,-82
213000123,223,508,-285
213000124,195,602,-407
213000125,187,39,148
213000126,22,124,-102
213000127,48,229,-181
213000128,97,1165,-1068
213000129,161,1136,-975
213000130,1450,523,927
213000132,783,158,625
213000133,1490,82,1408
213000134,1999,15,1984
213000136,673,30,643
213000137,819,68,751
213000139,300,14,286
213000147,31,16,15
213000148,13,21,-8
213000149,61,21,40
213000150,1,397,-396
213000151,4,224,-220
213000152,1,183,-182
213000153,16,178,-162
213000154,103,179,-76
213000155,42,97,-55
213000156,120,278,-158
213000157,737,287,450
213000158,383,700,-317
213000159,708,343,365
213000163,1532,156,1376
213000165,931,328,603
213000171,0,35,-35
213000172,1,61,-60
213000173,2,64,-62
213000174,2,38,-36
213000175,10,28,-18
213000176,68,45,23
213000177,94,5,89
213000178,250,1,249
213000179,249,0,249
213000180,243,0,243
213000184,99,391,-292
213000188,432,78,354
213000189,476,29,447
213000190,647,489,158
213000191,479,229,250
213000192,390,121,269
213000193,659,246,413
213000194,5,120,-115
213000195,22,297,-275
213000196,210,1564,-1354
213000197,602,821,-219
213000198,18,1,17
213000200,76,482,-406
213000201,44,54,-10
213000202,43,539,-496
213000203,1940,412,1528
213000204,1057,39,1018
213000205,510,52,458
213000206,688,32,656
213000207,82,8,74
213000208,95,3,92
213000209,80,4,76
213000210,247,4,243
213000211,5,20,-15
213000212,23,34,-11
213000213,30,73,-43
213000218,370,351,19
213000219,1071,42,1029
213000220,846,9,837
213000223,171,229,-58
213000224,16,59,-43
213000225,86,17,69
213000226,99,14,85
213000227,1156,188,968
213000228,562,62,500
213000229,72,16,56
213000230,652,10,642
213000232,88,159,-71
213000233,16,106,-90
213000234,3,100,-97
213000293,28,50,-22
213000294,117,66,51
213000295,43,94,-51
213000296,56,24,32
213000297,10,60,-50
213000298,14,67,-53
213000299,45,30,15
213000300,3,12,-9
213000303,3,23,-20
213000304,1,8,-7
213000305,7,33,-26
213000306,13,254,-241
213000307,83,177,-94
213000308,76,191,-115
213000309,149,53,96
213000310,398,238,160
213000311,114,990,-876
213000315,112,182,-70
213000316,152,68,84
213000322,83,43,40
213000323,243,70,173
213000324,80,12,68
213000325,62,22,40
213000326,12,8,4
213000327,32,7,25
213000328,28,81,-53
213000329,137,26,111
213000340,144,244,-100
213000341,976,85,891
213000346,145,253,-108
213000347,373,716,-343
213000348,5,694,-689
213000349,14,47,-33
213000350,306,898,-592
213000366,80,168,-88
213000367,447,16,431
213000379,30,362,-332
213000386,46,57,-11
213000406,178,109,69
213000417,1762,484,1278
213000425,394,52,342
213000426,238,51,187
213000427,50,89,-39
213000428,54,64,-10
213000429,6,7,-1
213000430,90,304,-214
213000431,11,1,10
213000432,0,130,-130
213000433,24,78,-54
213000434,189,105,84
213000435,142,117,25
213000436,72,22,50
213000437,2,12,-10
213000438,176,35,141
213000439,68,11,57
213000440,2,133,-131
213000441,1,1,0
213000442,1,11,-10
213000443,429,332,97
213000444,48,8,40
213000445,0,54,-54
213000446,0,105,-105
213000447,2,88,-86
213000448,10,201,-191
213000449,829,7,822
213000450,23,50,-27
213000451,361,52,309
213000452,30,15,15
213000453,25,196,-171
213000455,157,26,131
213000456,1,350,-349
213000481,2,2,0
213000482,55,0,55
213000489,160,48,112
213000491,12,215,-203
213000492,105,10,95
213000493,2,186,-184
213000494,287,107,180
213000495,0,29,-29
213000496,578,82,496
213000497,84,143,-59
213000498,134,70,64
213000499,220,128,92
213000500,802,67,735
213000501,174,11,163
213000502,137,112,25
213000503,0,24,-24
213000504,10,22,-12
213000505,59,54,5
213000506,0,17,-17
213000507,3,55,-52
213900244,121,0,121
213900245,1,19,-18
218000003,23,46,-23
218000004,34,84,-50
218000005,33,53,-20
218000006,80,53,27
218000007,26,14,12
218000012,200,148,52
218000013,185,159,26
218000014,334,261,73
218000019,460,526,-66
218000020,242,245,-3
218000021,9,15,-6
218000022,2,1,1
218000023,2,1,1
218000024,1,1,0
218000025,3,6,-3
218000026,9,10,-1
218000027,0,0,0
218000028,0,1,-1
218000029,3,0,3
218000030,3,4,-1
218000031,1,5,-4
218000032,1,8,-7
218000040,3,14,-11
218000046,64,61,3
218000047,25,37,-12
218000048,61,58,3
218000049,67,51,16
218000050,211,128,83
218000051,41,88,-47
218000052,0,19,-19
218000053,3,18,-15
218000054,2,47,-45
218000055,4,16,-12
218000056,22,19,3
218000057,1,7,-6
218000064,0,17,-17
218000065,65,126,-61
218000066,10,36,-26
218000067,84,56,28
218000068,136,47,89
218000069,318,68,250
218000070,208,203,5
218000071,173,183,-10
218000072,149,193,-44
218000078,1569,357,1212
218000079,230,50,180
218000080,192,53,139
218000081,618,114,504
218000082,100,80,20
218000083,113,35,78
218000084,278,67,211
218000085,174,156,18
218000086,98,59,39
218000087,291,77,214
218000090,22,155,-133
218000091,1271,437,834
218000092,139,156,-17
218000093,104,49,55
218000094,585,434,151
218000099,236,613,-377
218000100,399,316,83
218000101,329,173,156
218000102,575,141,434
218000103,113,56,57
218000104,164,28,136
218000105,22,30,-8
218000106,21,11,10
218000107,98,45,53
218000108,3,37,-34
218000112,66,37,29
218000117,55,92,-37
218000134,665,339,326
218000135,21,83,-62
218000136,128,103,25
218000137,183,126,57
218000138,63,135,-72
218000139,205,184,21
218000140,661,217,444
218000141,160,79,81
218000142,179,112,67
218000143,118,346,-228
218000144,58,163,-105
218000145,574,304,270
218000146,148,111,37
218000151,7,18,-11
218000152,91,57,34
218000153,0,0,0
218000154,0,0,0
218000155,0,0,0
218000156,0,0,0
218000157,0,0,0
218000158,0,0,0
218000159,0,0,0
218000160,0,0,0
218000161,0,0,0
218000162,0,0,0
218000163,0,0,0
218000164,1,0,1
218000165,4,0,4
218000170,4,29,-25
218000171,43,11,32
218000172,12,10,2
218000173,25,33,-8
218000174,19,29,-10
218000176,255,49,206
218000177,455,180,275
218000178,118,157,-39
218000179,194,46,148
218000180,175,12,163
218000181,421,62,359
218000187,26,54,-28
218000188,23,125,-102
218000189,24,135,-111
218000190,21,17,4
218000191,329,37,292
218000192,309,120,189
218000193,561,244,317
218000194,191,244,-53
218000195,101,53,48
218000196,322,167,155
218000197,611,202,409
218000198,35,36,-1
218000199,55,13,42
218000200,35,18,17
218000201,24,71,-47
218000202,51,442,-391
218000207,5,15,-10
218000208,51,30,21
218000211,46,41,5
218000212,0,0,0
218000213,99,67,32
218000214,1,18,-17
218000215,41,25,16
218000217,14,42,-28
218000218,97,20,77
218000219,2,58,-56
218000220,31,791,-760
218000221,439,209,230
218000222,6,108,-102
218000223,37,361,-324
218000224,11,134,-123
218000225,196,21,175
218000226,222,64,158
218000230,0,9,-9
218000232,49,34,15
218000239,125,19,106
218000240,7,10,-3
218000241,32,2,30
218000242,11,0,11
218000243,18,6,12
218000244,39,3,36
218000245,14,4,10
218000246,3,0,3
218000247,0,0,0
218000248,0,21,-21
218000249,0,0,0
218000250,4,9,-5
218000251,3,66,-63
218000252,3,239,-236
218000253,4,264,-260
218000254,0,40,-40
218000255,2,28,-26
218000256,11,95,-84
218000267,415,1197,-782
218000268,8,59,-51
218000269,2,7,-5
218000270,156,44,112
218000271,17,51,-34
218000273,38,3,35
218000274,7,1,6
218000275,56,47,9
218000276,11,13,-2
218000278,26,88,-62
218000279,71,25,46
218000280,8,32,-24
218000281,21,31,-10
218000282,540,738,-198
218000284,51,3,48
218000301,129,128,1
218000302,59,44,15
218000303,10,58,-48
218000316,1048,614,434
218000317,1682,622,1060
218000318,1367,351,1016
218000319,1628,651,977
218000320,1537,471,1066
218000338,30,63,-33
218000345,133,76,57
218000346,98,177,-79
218000459,23,123,-100
218000490,16,88,-72
218000501,104,74,30
218000502,72,48,24
218000503,85,18,67
218000504,153,20,133
218000505,29,111,-82
218000506,24,322,-298
218000508,0,6,-6
218000510,119,14,105
218000520,102,89,13
218000521,5,27,-22
218000522,0,226,-226
218000523,171,4,167
218000524,14,779,-765
218000525,141,45,96
218000526,15,434,-419
218000529,57,70,-13
218000530,0,0,0
218000531,16,10,6
218000532,26,24,2
218000534,146,26,120
218000537,13,52,-39
218000538,94,382,-288
218000540,109,71,38
218000543,207,56,151
218000544,36,123,-87
218000545,149,71,78
218000546,32,42,-10
218000547,163,94,69
218000548,102,53,49
218000549,765,192,573
218000550,185,140,45
218000551,149,600,-451
218000552,204,350,-146
218000553,21,161,-140
218000554,47,94,-47
218000555,30,113,-83
218000556,238,182,56
218000557,420,235,185
218000558,102,0,102
218000559,0,35,-35
218000560,0,53,-53
218000561,19,0,19
218000562,27,139,-112
218000563,209,27,182
218000564,7,92,-85
218000565,79,66,13
218000566,93,34,59
218000567,2,136,-134
218000568,41,4,37
218000569,7,543,-536
218000570,63,24,39
218000571,0,114,-114
218000572,194,4,190
218000573,4,285,-281
218000574,30,44,-14
218000575,111,0,111
218000576,3,101,-98
218000577,130,1,129
218000578,1,95,-94
218000579,27,34,-7
218000581,8,94,-86
218000582,62,8,54
218000583,10,1,9
218000584,0,39,-39
218000585,52,5,47
218000586,30,51,-21
218000587,1,6,-5
218000588,0,14,-14
218000589,0,18,-18
218000590,5,0,5
218000591,11,27,-16
218000592,6,1,5
218000593,1,4,-3
218000594,0,4,-4
218000596,0,0,0
218000597,0,0,0
218000598,0,1,-1
218000599,0,0,0
218000600,1,0,1
218000601,0,1,-1
218000602,0,6,-6
218000603,0,2,-2
218000604,10,0,10
218000605,0,85,-85
218000606,85,0,85
218000607,18,42,-24
218000608,64,25,39
218000609,16,39,-23
218000610,108,7,101
218000611,44,2,42
218000612,6,32,-26
218000613,52,0,52
218000614,24,64,-40
218000615,193,4,189
218000616,5,133,-128
218000617,7,2,5
218000618,0,30,-30
218000619,24,22,2
218000620,4,35,-31
218000621,0,1,-1
218000622,0,47,-47
218000623,29,1,28
218000624,5,75,-70
218000625,19,0,19
218000626,0,25,-25
218000628,204,95,109
218000631,47,51,-4
218000632,1,183,-182
218000633,124,0,124
218000634,3,28,-25
218000635,9,32,-23
218000636,896,509,387
218000637,1127,294,833
218000638,250,23,227
218000639,22,57,-35
218000640,385,17,368
218000641,117,90,27
218000652,31,33,-2
218000653,246,61,185
218000663,10,62,-52
218000675,65,120,-55
218000676,2,4,-2
218000677,1,0,1
218000680,217,163,54
218000681,501,192,309
218000691,292,166,126
218000693,415,101,314
218000703,1,8,-7
218000718,16,145,-129
218000719,53,301,-248
218000720,12,358,-346
218000721,61,93,-32
218000725,3,2,1
218001147,2,96,-94
218001214,35,96,-61
218001258,349,10,339
218001329,106,112,-6
218001330,158,111,47
218001351,34,17,17
218001352,19,54,-35
218001353,9,17,-8
218001354,11,41,-30
218001355,3,95,-92
218001356,633,55,578
218001357,14,93,-79
218001358,451,41,410
218001361,483,2,481
218001362,3,35,-32
219000001,24,39,-15
219000002,46,35,11
219000003,77,35,42
219000004,58,74,-16
219000017,102,135,-33
219000020,203,22,181
219000022,146,7,139
219000023,106,8,98
219000029,0,81,-81
219000034,44,29,15
219000039,61,222,-161
219000040,34,108,-74
219000041,110,54,56
219000051,0,70,-70
219000052,0,30,-30
219000053,1,43,-42
219000054,31,88,-57
219000055,339,3,336
219000056,1,0,1
219000057,44,0,44
219000062,27,134,-107
219000063,96,18,78
219000064,1,78,-77
219000110,228,113,115
219000111,129,62,67
219000112,220,43,177
219000113,128,26,102
219000114,125,24,101
219000116,161,67,94
219000117,191,93,98
219000118,215,90,125
219000123,209,57,152
219000124,85,53,32
219000125,23,13,10
219000126,47,140,-93
219000127,0,11,-11
219000128,9,105,-96
219000129,19,127,-108
219000130,189,640,-451
219000131,847,1396,-549
219000133,37,89,-52
219000134,8,48,-40
219000135,24,86,-62
219000136,87,242,-155
219000138,133,11,122
219000139,56,25,31
219000140,126,1,125
219000141,26,44,-18
219000142,7,51,-44
219000143,29,24,5
219000145,15,27,-12
219000146,10,24,-14
219000147,3,39,-36
219000148,6,4,2
219000149,7,27,-20
219000150,1,29,-28
219000151,0,25,-25
219000157,227,80,147
219000158,190,174,16
219000161,170,3,167
219000163,1149,407,742
219000166,133,222,-89
219000167,117,104,13
219000168,183,87,96
219000174,498,140,358
219000175,130,5,125
219000176,165,21,144
219000177,99,4,95
219000178,61,0,61
219000179,47,9,38
219000180,31,23,8
219000182,220,22,198
219000183,170,35,135
219000184,138,8,130
219000185,2,16,-14
219000186,53,19,34
219000187,18,52,-34
219000189,51,252,-201
219000190,47,228,-181
219000191,213,1952,-1739
219000192,184,222,-38
219000193,127,174,-47
219000195,2,62,-60
219000196,5,137,-132
219000198,12,45,-33
219000199,30,126,-96
219000200,40,83,-43
219000201,47,108,-61
219000203,25,129,-104
219000204,40,335,-295
219000205,51,199,-148
219000207,76,150,-74
219000209,32,23,9
219000210,14,203,-189
219000213,4,144,-140
219000239,168,203,-35
219000240,206,431,-225
219000241,171,185,-14
219000242,55,173,-118
219000243,141,259,-118
219000244,26,50,-24
219000245,27,33,-6
219000246,19,65,-46
219000247,185,40,145
219000248,427,541,-114
219000249,156,169,-13
219000250,221,128,93
219000251,541,308,233
219000252,308,204,104
219000253,356,65,291
219000255,142,135,7
219000256,302,56,246
219000257,170,0,170
219000262,66,89,-23
219000263,57,99,-42
219000267,3,43,-40
219000268,2,10,-8
219000269,8,2,6
219000270,19,0,19
219000271,200,1,199
219000278,1,13,-12
219000279,0,22,-22
219000283,0,8,-8
219000295,34,88,-54
219000296,84,229,-145
219000297,55,57,-2
219000298,32,39,-7
219000299,316,63,253
219000300,52,59,-7
219000301,78,200,-122
219000302,21,158,-137
219000307,44,14,30
219000308,79,92,-13
219000311,266,93,173
219000312,527,178,349
219000313,661,61,600
219000314,36,169,-133
219000315,407,42,365
219000316,666,55,611
219000317,176,41,135
219000320,37,87,-50
219000321,0,36,-36
219000323,5,34,-29
219000325,3,6,-3
219000326,63,62,1
219000327,42,19,23
219000328,10,20,-10
219000329,254,106,148
219000330,30,24,6
219000331,65,47,18
219000332,212,126,86
219000333,23,10,13
219000335,77,0,77
219000337,15,0,15
219000338,37,0,37
219000344,32,63,-31
219000345,75,28,47
219000346,37,45,-8
219000348,166,42,124
219000349,40,72,-32
219000350,99,512,-413
219000351,3,6,-3
219000352,284,110,174
219000353,94,60,34
219000354,269,80,189
219000355,196,54,142
219000356,378,2437,-2059
219000363,138,74,64
219000364,138,65,73
219000365,131,23,108
219000366,152,550,-398
219000368,357,474,-117
219000370,553,955,-402
219000371,7,20,-13
219000382,19,38,-19
219000383,227,1879,-1652
219000385,372,820,-448
219000386,680,1785,-1105
219000387,1,15,-14
219000390,5,2,3
219000391,5,3,2
219000397,45,21,24
219000398,53,50,3
219000401,26,79,-53
219000402,31,63,-32
219000403,84,243,-159
219000404,23,102,-79
219000407,13,27,-14
219000409,56,47,9
219000410,135,30,105
219000411,118,10,108
219000446,73,373,-300
219000447,3,38,-35
219000448,12,16,-4
219000452,68,101,-33
219000453,66,298,-232
219000454,219,359,-140
219000556,270,60,210
219000558,111,139,-28
219000590,26,186,-160
219000591,143,126,17
219000592,61,225,-164
219000595,10,15,-5
219000635,272,62,210
219000636,44,33,11
219000657,14,19,-5
219000658,14,170,-156
219000673,0,84,-84
219000676,19,10,9
219000679,22,4,18
219000684,85,0,85
219000685,1,58,-57
219000686,0,1,-1
219000688,0,39,-39
219000689,13,155,-142
219000690,165,22,143
219000691,37,168,-131
219000692,183,30,153
219000693,0,20,-20
219000694,5,0,5
219000695,50,1,49
219000698,21,5,16
219000699,0,139,-139
219000727,2,69,-67
219000728,94,4,90
219000770,37,0,37
219000771,1,60,-59
219000788,212,345,-133
219001150,1,41,-40
219001151,0,8,-8
219001166,49,64,-15
219001167,1,52,-51
219001178,48,2,46
220000001,76,159,-83
220000002,19,120,-101
220000003,208,132,76
220000004,332,242,90
220000005,609,1118,-509
220000006,160,443,-283
220000007,333,148,185
220000008,281,419,-138
220000009,349,404,-55
220000010,142,76,66
220000011,364,3266,-2902
220000012,44,311,-267
220000014,111,52,59
220000015,125,581,-456
220000017,26,436,-410
220000018,7017,2406,4611
220000019,205,562,-357
220000020,586,153,433
220000021,1144,191,953
220000022,1337,353,984
220000023,510,161,349
220000024,1176,603,573
220000025,679,1710,-1031
220000026,301,401,-100
220000027,12,122,-110
220000028,30,100,-70
220000029,36,63,-27
220000030,30,132,-102
220000031,677,366,311
220000064,43,1756,-1713
221000046,2,0,2
221000047,0,0,0
221000048,0,4,-4
221000049,0,13,-13
221000050,16,0,16
221000055,44,24,20
221000057,79,12,67
221000068,246,119,127
221000069,351,45,306
221000070,241,26,215
221000071,140,4,136
221000072,291,7,284
221000073,182,23,159
221000074,0,13,-13
221000075,16,43,-27
221000076,7,15,-8
221000077,9,81,-72
221000081,12,11,1
221000082,110,5,105
221000083,24,7,17
221000084,29,5,24
221000085,11,44,-33
221000086,11,44,-33
221000087,6,100,-94
221000088,10,55,-45
221000089,20,180,-160
221000090,85,337,-252
221000098,124,26,98
221000099,230,7,223
221000100,159,6,153
221000101,223,13,210
221000102,151,21,130
221000109,7,103,-96
221000110,2,32,-30
221000111,15,120,-105
221000112,2,97,-95
221000113,14,66,-52
221000114,13,86,-73
221000120,54,57,-3
221000121,13,40,-27
221000122,54,75,-21
221000123,26,43,-17
221000124,22,126,-104
221000155,94,10,84
221000156,91,85,6
221000175,5,26,-21
221000176,0,4,-4
221000182,62,11,51
221000241,429,408,21
221000242,143,399,-256
221000243,436,431,5
221000244,194,554,-360
221000245,116,74,42
221000246,53,408,-355
221000247,120,51,69
221000248,139,148,-9
221000267,42,859,-817
221000325,19,135,-116
221000331,6,45,-39
221000338,13,75,-62
221000378,287,57,230
221000381,79,133,-54
222000282,16,3,13
222000296,4,13,-9
222000568,405,19,386
222000569,186,55,131
222000570,190,31,159
222000571,451,18,433
222000577,12,44,-32
222000578,11,107,-96
222000579,15,69,-54
222000580,30,583,-553
222000599,0,96,-96
222000600,1,208,-207
222000601,7,586,-579
222000603,8,61,-53
222000604,2,86,-84
222000605,14,76,-62
222000606,3,30,-27
222000607,2,16,-14
222000608,36,41,-5
222000609,60,77,-17
222000616,517,24,493
222000617,27,34,-7
222000618,3,15,-12
222000620,17,18,-1
222000621,31,23,8
222000623,638,14,624
222000624,530,6,524
222000625,913,14,899
222000636,59,6,53
222000686,32,39,-7
222000687,57,54,3
222001066,234,4,230
222001067,27,1,26
222001068,85,7,78
222001069,143,12,131
222001082,7,13,-6
222001083,18,14,4
222001084,0,31,-31
222001085,0,99,-99
222001111,66,26,40
222001112,323,14,309
222001313,12,7,5
222001314,5,137,-132
222001464,359,68,291
222001465,3,54,-51
222001484,219,37,182
222001485,17,72,-55
222001494,768,144,624
222001495,159,73,86
222001496,478,126,352
222001497,128,150,-22
222001502,10,30,-20
222001503,134,19,115
222001504,39,165,-126
222001505,432,13,419
222001506,64,248,-184
222001507,207,21,186
222001510,705,15,690
222001511,48,159,-111
222001514,639,125,514
222001515,88,289,-201
222001518,560,57,503
222001519,73,72,1
222001527,186,64,122
222001528,42,72,-30
222001529,468,28,440
222001530,49,143,-94
222001533,115,82,33
222001534,498,66,432
222001535,331,322,9
222001536,42,97,-55
222001537,490,30,460
222001538,36,318,-282
222001563,1286,94,1192
222001564,86,167,-81
222001568,224,299,-75
222001576,0,2,-2
222001579,0,30,-30
222001583,21,54,-33
222001584,123,50,73
222001596,672,1510,-838
222001597,1240,443,797
222001626,0,61,-61
222001650,10,117,-107
222001651,18,473,-455
222001914,194,49,145
222001915,39,223,-184
222001968,548,274,274
222001969,203,444,-241
222001970,166,426,-260
222001971,41,5,36
222001972,3,6,-3
225000001,412,153,259
225000002,724,134,590
225000003,725,43,682
225000004,465,199,266
225000005,67,43,24
225000006,2,154,-152
225000007,896,1021,-125
225000010,252,10,242
225000011,353,1466,-1113
225000012,441,736,-295
225000013,134,79,55
225000014,600,138,462
225000015,113,122,-9
225000021,781,132,649
225000027,153,298,-145
225000032,691,113,578
225000042,61,475,-414
225000049,23,64,-41
225000050,141,13,128
225000053,8,185,-177
225000058,701,201,500
225000067,135,108,27
225000068,86,176,-90
225000069,37,313,-276
225000070,112,223,-111
225000071,29,75,-46
225000075,20,571,-551
225000076,28,97,-69
225000078,54,37,17
225000085,133,133,0
225000086,449,112,337
225000087,148,5,143
225000088,4,135,-131
225000089,78,882,-804
225000090,60,369,-309
225000091,93,86,7
225000092,70,43,27
225000093,159,152,7
225000094,15,114,-99
225000095,221,241,-20
225000096,145,321,-176
225000098,858,271,587
225000099,616,108,508
225000100,559,116,443
225000104,105,270,-165
225000110,8,264,-256
225000111,187,591,-404
225000112,208,792,-584
225000113,167,524,-357
225000114,136,293,-157
225000115,826,534,292
225000116,586,189,397
225000117,790,408,382
225000118,1187,327,860
225000119,329,73,256
225000120,627,33,594
225000121,148,10,138
225000123,555,7,548
225000125,748,157,591
225000126,1082,251,831
225000127,561,1641,-1080
225000128,609,1054,-445
225000132,653,18,635
225000133,284,37,247
225000134,865,131,734
225000135,84,10,74
225000136,491,11,480
225000137,311,57,254
225000138,528,95,433
225000143,40,198,-158
225000144,2,225,-223
225000145,72,17,55
225000146,67,19,48
225000147,50,64,-14
225000148,2,98,-96
225000149,32,187,-155
225000151,28,79,-51
225000155,251,231,20
225000156,216,690,-474
225000157,382,339,43
225000158,45,229,-184
225000171,6,112,-106
225000180,17,0,17
225000181,1,40,-39
225000182,70,1,69
225000185,0,266,-266
225000187,38,232,-194
225000191,56,4,52
225000194,0,5,-5
225000208,0,38,-38
225000209,101,6,95
225000210,4,192,-188
225000217,0,6,-6
225000218,27,0,27
225000223,0,116,-116
225000224,33,1,32
225000225,1,34,-33
225000226,17,2,15
225000227,40,75,-35
225000228,1,6,-5
225000229,0,35,-35
225000230,5,0,5
225000231,0,19,-19
225000232,132,0,132
225000241,99,2,97
225000242,0,52,-52
225000249,5,0,5
225000250,84,279,-195
225000251,561,57,504
226000042,120,195,-75
226000043,21,191,-170
226000044,67,323,-256
226000045,19,218,-199
226000046,577,134,443
226000047,491,187,304
226000048,476,140,336
226000049,384,315,69
226000070,0,25,-25
226000071,0,40,-40
226000072,0,25,-25
226000073,0,11,-11
226000074,0,17,-17
226000084,2,21,-19
226000085,2,14,-12
226000086,2,15,-13
226000087,0,33,-33
226000088,6,26,-20
226000090,102,283,-181
226000091,12,101,-89
226000092,3,11,-8
226000093,6,4,2
226000094,10,1,9
226000095,7,6,1
226000105,25,3,22
226000106,7,1,6
226000107,12,0,12
226000108,7,1,6
226000109,118,0,118
226000124,132,97,35
226000134,888,619,269
226000135,1655,622,1033
226000136,640,468,172
226000137,6,114,-108
226000138,33,74,-41
226000139,0,36,-36
226000156,358,5,353
226000157,377,7,370
226000163,121,126,-5
226000202,6,136,-130
226000231,830,3,827
226000232,22,10,12
227000033,397,66,331
227000036,597,42,555
227000037,550,30,520
227000038,165,37,128
227000049,2,46,-44
227000050,0,79,-79
227000055,88,1,87
227000056,77,0,77
227000084,0,131,-131
227000085,0,75,-75
227000088,48,9,39
227000089,108,3,105
227000090,40,2,38
227000091,20,4,16
227000093,73,1,72
227000094,13,0,13
227000130,31,194,-163
227000131,15,94,-79
227000132,10,76,-66
227000133,12,69,-57
227000134,24,131,-107
227000152,0,5,-5
227000153,0,73,-73
227000155,2,35,-33
227000156,3,12,-9
227000165,4,185,-181
227000196,462,136,326
227000199,632,153,479
227000230,32,205,-173
227000232,735,42,693
227000242,46,438,-392
227000243,421,88,333
227000245,25,225,-200
227000246,103,202,-99
227000247,560,52,508
227000248,160,73,87
227000249,28,277,-249
227000250,397,260,137
227000251,94,409,-315
227000252,51,106,-55
227000253,213,21,192
227000262,706,42,664
227000266,1705,58,1647
227000267,32,672,-640
227000282,1,63,-62
227000284,924,25,899
227000286,0,29,-29
227000287,25,39,-14
227000291,9,257,-248
227000484,208,15,193
227000485,21,665,-644
227000655,164,7,157
227000656,705,27,678
227000657,174,10,164
227000661,545,10,535
227000680,152,47,105
229000265,51,29,22
229000296,0,13,-13
229000297,2,27,-25
229000298,2,109,-107
229000320,8,6,2
229000321,7,4,3
229000412,19,26,-7
229000414,15,32,-17
229000415,5,1,4
229000416,5,3,2
229000417,0,7,-7
229000419,47,182,-135
229000440,276,45,231
229000442,27,13,14
229000443,9,9,0
229000444,1,26,-25
229000445,66,3,63
229000446,51,11,40
229000491,0,0,0
229000492,3,6,-3
229000493,4,24,-20
229000494,27,1,26
229000495,58,2,56
229000496,36,6,30
229000507,0,4,-4
229000508,0,2,-2
229000509,0,15,-15
229000510,0,10,-10
229000511,0,4,-4
229000512,0,5,-5
229000513,0,0,0
229000514,0,2,-2
229000517,0,0,0
229000518,9,2,7
229000519,0,2,-2
229000520,8,8,0
229000521,2,0,2
229000522,0,0,0
229000523,0,0,0
229000524,1,1,0
229000527,0,0,0
229000528,0,1,-1
229000529,1,0,1
229000530,30,0,30
229000531,18,0,18
229000532,16,0,16
229000533,21,0,21
229000534,11,0,11
229000564,29,0,29
229000565,12,0,12
229000566,0,1,-1
229000567,0,4,-4
229000582,18,3,15
229000583,2,0,2
229000584,0,0,0
229000585,0,12,-12
229000718,0,1,-1
229000719,0,0,0
229000720,0,0,0
229000721,0,0,0
229000722,0,1,-1
229000723,0,0,0
229000724,0,4,-4
229000725,0,1,-1
229000738,0,0,0
229000739,0,0,0
229000740,1,0,1
229000741,5,0,5
229000742,3,0,3
229000743,6,0,6
229000744,1,0,1
229000745,0,0,0
229000746,11,0,11
229000847,71,0,71
229000848,36,3,33
229000849,38,6,32
229000851,49,0,49
229000854,0,7,-7
229000856,4,29,-25
229000857,0,11,-11
229000858,0,11,-11
229000919,12,35,-23
229000930,0,218,-218
229000937,107,19,88
229000966,77,43,34
229000981,14,31,-17
229000985,11,26,-15
229000986,2,3,-1
229000987,0,2,-2
229000988,2,3,-1
229000989,14,5,9
229000990,6,1,5
229000991,3,1,2
229000992,8,16,-8
229000993,122,17,105
229000998,6,22,-16
229000999,94,11,83
229001034,0,8,-8
229001035,0,1,-1
229001037,109,2,107
229001042,5,17,-12
229001047,9,15,-6
229001050,36,26,10
229001168,0,3,-3
229001200,15,21,-6
229001338,0,4,-4
229001394,247,14,233
229001422,196,23,173
229001423,25,70,-45
229001431,52,62,-10
229001432,15,38,-23
229001444,161,41,120
229001445,48,101,-53
229001479,3,0,3
229001503,380,66,314
229001504,94,126,-32
229001505,208,23,185
229001506,105,81,24
229001509,63,8,55
229001545,103,8,95
229001546,6,86,-80
229001553,134,6,128
229001554,14,55,-41
229001559,6,7,-1
229001560,5,42,-37
229001630,65,7,58
229001631,7,16,-9
229001635,0,28,-28
229001636,2,1,1
229001658,0,108,-108
229001659,50,1,49
229001660,5,9,-4
229001661,2,28,-26
229001662,42,1,41
229001663,0,33,-33
229002584,155,152,3
229002831,75,77,-2
229002841,14,8,6
229002842,23,22,1
229002843,42,44,-2
229002844,20,30,-10
229002845,2,99,-97
229002846,25,16,9
229002847,1,5,-4
229002848,23,8,15
229002849,0,72,-72
229002850,30,1,29
229002851,30,131,-101
229002852,107,17,90
229002853,140,12,128
229002854,25,47,-22
229002855,10,25,-15
229002856,25,9,16
229002857,14,72,-58
229002858,15,8,7
229002859,20,65,-45
229002860,52,14,38
229002861,40,21,19
229002862,35,25,10
229002863,38,48,-10
229002864,25,28,-3
229002865,23,25,-2
229002866,22,47,-25
229002867,1,19,-18
229002868,12,38,-26
229002869,29,104,-75
229002870,35,16,19
235000066,182,29,153
235000067,79,63,16
235000072,29,59,-30
235000073,70,315,-245
235000074,41,22,19
235000080,20,23,-3
235000081,79,51,28
235000082,270,27,243
235000083,238,27,211
235000084,56,33,23
235000085,259,30,229
235000089,25,24,1
235000092,45,126,-81
235000093,9,21,-12
235000097,0,2,-2
235000098,50,3,47
235000099,21,13,8
235000116,19,11,8
235000117,328,16,312
235000133,16,565,-549
235000134,14,215,-201
235000206,6,10,-4
235000207,5,5,0
235000208,2,1,1
235000209,6,3,3
235000210,5,3,2
235000212,5,33,-28
235000213,1,14,-13
235000220,1,1,0
235000221,39,51,-12
235000238,18,265,-247
235000239,1,66,-65
235000242,366,1135,-769
235000245,360,198,162
235000246,32,63,-31
235000284,1,115,-114
235000295,72,27,45
235000305,267,66,201
235000306,444,24,420
235000307,26,2,24
235000308,16,6,10
235000309,79,1,78
235000310,47,0,47
235000311,410,9,401
235000322,0,27,-27
235000323,0,66,-66
235000324,0,55,-55
235000325,1,16,-15
235000326,8,60,-52
235000351,14,42,-28
235000352,11,36,-25
235000353,8,19,-11
235000354,10,33,-23
235000355,23,31,-8
235000356,69,8,61
235000357,64,6,58
235000358,42,9,33
235000359,14,4,10
235000360,43,9,34
235000361,88,2,86
235000381,98,29,69
235000382,154,19,135
235000390,12,3,9
235000391,234,16,218
235000392,279,283,-4
235000393,133,195,-62
235000395,161,52,109
235000396,531,70,461
235000400,72,143,-71
235000401,6,107,-101
235000405,133,162,-29
235000406,43,123,-80
235000407,74,66,8
235000409,173,76,97
235000410,72,209,-137
235000411,1,29,-28
235000485,0,8,-8
235000486,22,0,22
235000549,81,39,42
235000550,166,62,104
235000599,151,31,120
235000600,8,27,-19
235000601,16,14,2
235000602,94,23,71
235000614,0,9,-9
235000648,0,7,-7
235000649,12,15,-3
235000685,8,3,5
235000815,39,159,-120
235000834,0,8,-8
235000855,33,30,3
235000862,60,47,13
235000891,0,31,-31
235000892,12,0,12
235000901,30,69,-39
235000907,2,7,-5
235001010,53,39,14
235001029,196,172,24
235001030,289,157,132
235001078,111,129,-18
235001079,51,55,-4
235001147,38,92,-54
235001166,4,14,-10
235001167,32,17,15
235001169,22,275,-253
235001188,2,11,-9
235001189,3,2,1
235001197,6,60,-54
235001200,66,84,-18
235001207,569,50,519
235001210,144,95,49
235001215,19,134,-115
235001239,0,42,-42
235001244,0,9,-9
235016267,0,54,-54
277101746,0,1,-1
277102712,0,6,-6
277103813,0,3,-3
277103814,0,0,0
277103898,0,0,0
277104249,0,2,-2
277104250,0,10,-10
277104251,0,5,-5
277104252,0,0,0
990011530,2,270,-268
990014944,4,218,-214
990015176,215,51,164
990015618,3,71,-68
990016032,2,179,-177
990032570,0,14,-14
990070001,73,2,71
990070103,0,2,-2
990070601,2,31,-29
990070751,1720,3,1717
990070766,1,168,-167
990071180,476,215,261
990071343,29,0,29
990071387,0,5,-5
990071823,284,1,283
990072600,2,1153,-1151
990072964,0,307,-307
990073285,0,1,-1
990074393,2,292,-290
990074870,1894,29,1865
990075106,674,4,670
990075746,694,3,691
990076437,2946,2,2944
990076458,9,226,-217
997000007,378,68,310
997000041,0,200,-200
997000058,52,1,51
997000062,9,2,7
997000069,0,6,-6
997000070,0,14,-14
997000100,66,0,66
997000141,0,331,-331
997000198,57,473,-416
998000475,0,0,0
998000736,0,54,-54
998000965,0,5,-5
998001031,0,66,-66
998001700,0,35,-35
998001899,0,0,0
998001900,4,0,4
998003073,1040,3,1037
998101900,0,0,0
998102850,1,223,-222
998501927,508,1093,-585
998501929,81,0,81
998501930,36,0,36
998501931,159,19,140
998501932,33,14,19
998501933,42,1,41
998501937,5,1,4
998501944,9,0,9
998501950,0,17,-17
998501970,74,1,73
998501971,0,45,-45
998501973,0,20,-20
998501974,0,122,-122
998501975,58,27,31
998501976,367,4,363
998501977,0,16,-16
998501978,11,1,10
998501979,0,2,-2
998501980,88,20,68
998501981,76,47,29
998501982,1,95,-94
998501983,0,2,-2
998502006,0,0,0
998502024,0,7,-7
998502032,0,3,-3
998502062,13,1,12
998502063,0,0,0
998502173,48,1,47
998502269,0,2,-2
998502546,1,262,-261
998502578,0,1,-1
998502599,45,540,-495
998502621,0,0,0
998601159,0,31,-31
998601292,1,4,-3
999033574,5,207,-202
999800001,40,1,39
999800002,1,2,-1
999800003,3,2,1
999800004,0,1,-1
999800005,0,9,-9
