dong,insum,outsum,diff
강남구 개포1동,854,866,-12
강남구 개포2동,18582,10364,8218
강남구 개포4동,12704,6928,5776
강남구 논현1동,25535,22361,3174
강남구 논현2동,12319,15726,-3407
강남구 대치1동,9258,14332,-5074
강남구 대치2동,21661,29492,-7831
강남구 대치4동,27671,18812,8859
강남구 도곡1동,14977,18067,-3090
강남구 도곡2동,7217,7016,201
강남구 삼성1동,33084,33299,-215
강남구 삼성2동,11118,24349,-13231
강남구 세곡동,40683,14367,26316
강남구 수서동,12946,30189,-17243
강남구 신사동,11182,10852,330
강남구 압구정동,17781,23180,-5399
강남구 역삼1동,45298,50772,-5474
강남구 역삼2동,19895,23978,-4083
강남구 일원1동,10750,10256,494
강남구 일원2동,2658,2165,493
강남구 일원본동,16189,11266,4923
강남구 청담동,20144,23262,-3118
강동구 강일동,32068,10798,21270
강동구 고덕제1동,9933,5794,4139
강동구 고덕제2동,9339,26472,-17133
강동구 길동,16193,7398,8795
강동구 둔촌제1동,104,920,-816
강동구 둔촌제2동,9829,14535,-4706
강동구 명일제1동,12612,10902,1710
강동구 명일제2동,8449,7652,797
강동구 상일동,16498,16981,-483
강동구 성내제1동,9053,5614,3439
강동구 성내제2동,10577,7354,3223
강동구 성내제3동,9207,7814,1393
강동구 암사제1동,16108,3404,12704
강동구 암사제2동,2208,10973,-8765
강동구 암사제3동,2775,560,2215
강동구 천호제1동,5552,2478,3074
강동구 천호제2동,17337,19767,-2430
강동구 천호제3동,6785,6524,261
강북구 미아동,11430,13335,-1905
강북구 번1동,21421,26823,-5402
강북구 번2동,17068,5217,11851
강북구 번3동,25621,7232,18389
강북구 삼각산동,8934,2624,6310
강북구 삼양동,16471,6394,10077
강북구 송중동,32891,49479,-16588
강북구 송천동,35471,21525,13946
강북구 수유1동,22455,9786,12669
강북구 수유2동,18669,4885,13784
강북구 수유3동,24326,49454,-25128
강북구 우이동,17254,7680,9574
강북구 월곡제1동,1971,1380,591
강북구 인수동,19285,5694,13591
강서구 가양제1동,13040,14917,-1877
강서구 가양제2동,3216,2628,588
강서구 가양제3동,3696,2375,1321
강서구 공항동,11340,10235,1105
강서구 등촌제1동,13965,18770,-4805
강서구 등촌제2동,11970,3490,8480
강서구 등촌제3동,16353,18462,-2109
강서구 발산제1동,22283,19624,2659
강서구 방화제1동,12085,10083,2002
강서구 방화제2동,8356,8827,-471
강서구 방화제3동,2841,2154,687
강서구 염창동,15202,7201,8001
강서구 우장산동,17068,14195,2873
강서구 화곡본동,14852,8382,6470
강서구 화곡제1동,38243,36147,2096
강서구 화곡제2동,15383,2824,12559
강서구 화곡제3동,6793,9579,-2786
강서구 화곡제4동,12955,6453,6502
강서구 화곡제6동,24214,13966,10248
강서구 화곡제8동,11628,17248,-5620
관악구 낙성대동,16867,29483,-12616
관악구 난곡동,34605,4453,30152
관악구 난향동,17754,3436,14318
관악구 남현동,14322,11211,3111
관악구 대학동,27652,17634,10018
관악구 미성동,29936,15815,14121
관악구 보라매동,20294,12648,7646
관악구 삼성동,24230,13170,11060
관악구 서림동,36398,5741,30657
관악구 서원동,32446,64738,-32292
관악구 성현동,26415,5877,20538
관악구 신림동,27512,49531,-22019
관악구 신사동,15629,9530,6099
관악구 신원동,5595,1899,3696
관악구 은천동,24821,18356,6465
관악구 인헌동,12997,9707,3290
관악구 조원동,21135,60002,-38867
관악구 중앙동,7384,2429,4955
관악구 청룡동,17720,21649,-3929
관악구 청림동,11260,1462,9798
관악구 행운동,25998,28643,-2645
광진구 광장동,8101,4025,4076
광진구 구의제1동,10345,8460,1885
광진구 구의제2동,14080,7970,6110
광진구 구의제3동,5914,14966,-9052
광진구 군자동,14153,9386,4767
광진구 능동,9721,5745,3976
광진구 자양제1동,6333,2144,4189
광진구 자양제2동,25257,11695,13562
광진구 자양제3동,7819,3196,4623
광진구 자양제4동,13755,16204,-2449
광진구 중곡제1동,7827,4464,3363
광진구 중곡제2동,11993,9044,2949
광진구 중곡제3동,9616,4040,5576
광진구 중곡제4동,8620,3617,5003
광진구 화양동,9233,11712,-2479
구로구 가리봉동,9766,13302,-3536
구로구 개봉제1동,33377,28140,5237
구로구 개봉제2동,18997,18395,602
구로구 개봉제3동,14023,3447,10576
구로구 고척제1동,26733,13069,13664
구로구 고척제2동,28321,6998,21323
구로구 구로제1동,18608,12333,6275
구로구 구로제2동,29771,25554,4217
구로구 구로제3동,27313,55901,-28588
구로구 구로제4동,18525,17509,1016
구로구 구로제5동,20122,32982,-12860
구로구 수궁동,28764,36825,-8061
구로구 신도림동,24610,40475,-15865
구로구 오류제1동,16671,7238,9433
구로구 오류제2동,16997,15169,1828
구로구 항동,12737,1375,11362
금천구 가산동,51485,59493,-8008
금천구 독산제1동,44408,39239,5169
금천구 독산제2동,29135,7256,21879
금천구 독산제3동,26702,14737,11965
금천구 독산제4동,17400,5463,11937
금천구 미성동,91,65,26
금천구 시흥제1동,31503,31718,-215
금천구 시흥제2동,18643,7917,10726
금천구 시흥제3동,12243,10751,1492
금천구 시흥제4동,20594,1872,18722
금천구 시흥제5동,32314,7226,25088
노원구 공릉1동,18016,15660,2356
노원구 공릉2동,21862,24533,-2671
노원구 상계10동,7157,5687,1470
노원구 상계1동,17725,10750,6975
노원구 상계2동,10957,20907,-9950
노원구 상계3.4동,3826,1352,2474
노원구 상계5동,13127,11678,1449
노원구 상계6.7동,12231,14803,-2572
노원구 상계8동,9881,4790,5091
노원구 상계9동,8735,7348,1387
노원구 월계1동,27569,35009,-7440
노원구 월계2동,16596,9444,7152
노원구 월계3동,13641,9211,4430
노원구 중계1동,14445,4290,10155
노원구 중계2.3동,12175,16850,-4675
노원구 중계4동,6757,14706,-7949
노원구 중계본동,17390,6213,11177
노원구 하계1동,16501,17790,-1289
노원구 하계2동,9375,11480,-2105
도봉구 도봉제1동,18771,7586,11185
도봉구 도봉제2동,12786,18725,-5939
도봉구 방학제1동,18858,8792,10066
도봉구 방학제2동,11973,3011,8962
도봉구 방학제3동,24256,3224,21032
도봉구 쌍문제1동,17100,5348,11752
도봉구 쌍문제2동,22848,15122,7726
도봉구 쌍문제3동,10696,25010,-14314
도봉구 쌍문제4동,14914,5443,9471
도봉구 창제1동,13613,29325,-15712
도봉구 창제2동,16238,5263,10975
도봉구 창제3동,17257,3677,13580
도봉구 창제4동,16510,22383,-5873
도봉구 창제5동,9195,9855,-660
동대문구 답십리제1동,22098,20902,1196
동대문구 답십리제2동,22899,10515,12384
동대문구 면목제5동,564,160,404
동대문구 용신동,32665,37830,-5165
동대문구 이문제1동,8853,6363,2490
동대문구 이문제2동,6752,5727,1025
동대문구 장안제1동,27063,33351,-6288
동대문구 장안제2동,29059,11206,17853
동대문구 전농제1동,25653,20068,5585
동대문구 전농제2동,22519,10049,12470
동대문구 제기동,23776,28624,-4848
동대문구 청량리동,23468,30562,-7094
동대문구 회기동,6004,11392,-5388
동대문구 휘경제1동,21075,21699,-624
동대문구 휘경제2동,15015,9650,5365
동작구 노량진제1동,32805,61137,-28332
동작구 노량진제2동,16203,19187,-2984
동작구 대방동,48473,36075,12398
동작구 사당제1동,11315,8540,2775
동작구 사당제2동,14585,13221,1364
동작구 사당제3동,12027,2615,9412
동작구 사당제4동,1749,2334,-585
동작구 사당제5동,11815,4717,7098
동작구 상도제1동,46890,31448,15442
동작구 상도제2동,22185,13784,8401
동작구 상도제3동,20396,8710,11686
동작구 상도제4동,23815,4200,19615
동작구 신대방제1동,8783,7526,1257
동작구 신대방제2동,30329,21425,8904
동작구 흑석동,28955,17627,11328
마포구 공덕동,19178,10127,9051
마포구 대흥동,18127,13384,4743
마포구 도화동,5918,7439,-1521
마포구 망원제1동,12566,5513,7053
마포구 망원제2동,10675,3568,7107
마포구 상암동,43124,48781,-5657
마포구 서강동,12967,3919,9048
마포구 서교동,36107,60949,-24842
마포구 성산제1동,13200,6549,6651
마포구 성산제2동,27778,10105,17673
마포구 신수동,5881,2205,3676
마포구 아현동,26084,14637,11447
마포구 연남동,11871,9141,2730
마포구 염리동,3949,3562,387
마포구 용강동,15377,10298,5079
마포구 합정동,6488,13740,-7252
서대문구 남가좌제1동,14872,8063,6809
서대문구 남가좌제2동,30198,5777,24421
서대문구 북가좌제1동,8612,6725,1887
서대문구 북가좌제2동,25868,6372,19496
서대문구 북아현동,7937,8421,-484
서대문구 신촌동,35385,52847,-17462
서대문구 연희동,39909,23876,16033
서대문구 천연동,24295,19818,4477
서대문구 충현동,22052,38250,-16198
서대문구 홍은제1동,22320,8095,14225
서대문구 홍은제2동,36516,16440,20076
서대문구 홍제제1동,24283,25871,-1588
서대문구 홍제제2동,11074,3551,7523
서대문구 홍제제3동,15698,14281,1417
서초구 내곡동,13110,24650,-11540
서초구 반포1동,25650,11946,13704
서초구 반포2동,4719,5149,-430
서초구 반포3동,11874,10751,1123
서초구 반포4동,16693,26442,-9749
서초구 반포본동,9104,8610,494
서초구 방배1동,14451,11737,2714
서초구 방배2동,17524,17001,523
서초구 방배3동,18801,14291,4510
서초구 방배4동,16014,11155,4859
서초구 방배본동,13491,7894,5597
서초구 서초1동,12317,14664,-2347
서초구 서초2동,25501,37398,-11897
서초구 서초3동,25690,31776,-6086
서초구 서초4동,25923,16844,9079
서초구 양재1동,66906,50429,16477
서초구 양재2동,30477,27171,3306
서초구 잠원동,18527,13144,5383
성동구 금호1가동,9819,4672,5147
성동구 금호2.3가동,11076,9677,1399
성동구 금호4가동,10986,3186,7800
성동구 마장동,9722,12886,-3164
성동구 사근동,5436,5008,428
성동구 성수1가제1동,6274,6649,-375
성동구 성수1가제2동,2797,6017,-3220
성동구 성수2가제1동,7665,3833,3832
성동구 성수2가제3동,4468,8593,-4125
성동구 송정동,7340,3052,4288
성동구 옥수동,11575,11644,-69
성동구 왕십리도선동,10346,8515,1831
성동구 왕십리제2동,10936,7182,3754
성동구 용답동,8310,7608,702
성동구 응봉동,11039,2421,8618
성동구 행당제1동,6501,16158,-9657
성동구 행당제2동,13327,7789,5538
성북구 길음제1동,28678,27044,1634
성북구 길음제2동,7091,14611,-7520
성북구 돈암제1동,18370,12577,5793
성북구 돈암제2동,12688,2341,10347
성북구 동선동,13956,23367,-9411
성북구 보문동,10344,6548,3796
성북구 삼선동,22446,18235,4211
성북구 석관동,13251,9188,4063
성북구 성북동,22299,21533,766
성북구 안암동,9330,10449,-1119
성북구 월곡제1동,16009,9024,6985
성북구 월곡제2동,5221,7422,-2201
성북구 장위제1동,18783,4525,14258
성북구 장위제2동,11265,13749,-2484
성북구 장위제3동,13782,4351,9431
성북구 정릉제1동,13910,7844,6066
성북구 정릉제2동,25836,6567,19269
성북구 정릉제3동,7508,5478,2030
성북구 정릉제4동,23306,10993,12313
성북구 종암동,33738,16957,16781
송파구 가락1동,6100,3212,2888
송파구 가락2동,16900,12024,4876
송파구 가락본동,15004,14896,108
송파구 거여1동,4354,3258,1096
송파구 거여2동,1672,340,1332
송파구 마천1동,8305,1971,6334
송파구 마천2동,14639,3963,10676
송파구 문정1동,6855,4374,2481
송파구 문정2동,14404,25826,-11422
송파구 방이1동,9329,3340,5989
송파구 방이2동,14591,13579,1012
송파구 삼전동,19455,5265,14190
송파구 석촌동,20976,14468,6508
송파구 송파1동,14470,9501,4969
송파구 송파2동,7525,3211,4314
송파구 오금동,18092,17019,1073
송파구 오륜동,5856,8785,-2929
송파구 위례동,21377,8267,13110
송파구 잠실2동,3798,6075,-2277
송파구 잠실3동,19410,33509,-14099
송파구 잠실4동,659,1057,-398
송파구 잠실6동,5284,17718,-12434
송파구 잠실7동,4531,7647,-3116
송파구 잠실본동,19483,13680,5803
송파구 장지동,18751,7101,11650
송파구 풍납1동,8734,3569,5165
송파구 풍납2동,13670,15125,-1455
양천구 목1동,14667,28762,-14095
양천구 목2동,23242,20273,2969
양천구 목3동,19776,16871,2905
양천구 목4동,26852,5686,21166
양천구 목5동,24052,14798,9254
양천구 신월1동,12073,2283,9790
양천구 신월2동,13393,11107,2286
양천구 신월3동,8935,4762,4173
양천구 신월4동,12928,3444,9484
양천구 신월5동,11682,5296,6386
양천구 신월6동,14562,2224,12338
양천구 신월7동,21890,6218,15672
양천구 신정1동,9194,10518,-1324
양천구 신정2동,9863,2670,7193
양천구 신정3동,45266,26479,18787
양천구 신정4동,16117,40851,-24734
양천구 신정6동,7429,3824,3605
양천구 신정7동,12558,7137,5421
영등포구 당산제1동,8690,11934,-3244
영등포구 당산제2동,22999,33040,-10041
영등포구 대림제1동,11880,7546,4334
영등포구 대림제2동,3448,4421,-973
영등포구 대림제3동,17891,11615,6276
영등포구 도림동,17573,5017,12556
영등포구 문래동,20603,28643,-8040
영등포구 신길제1동,15528,6837,8691
영등포구 신길제3동,19823,4755,15068
영등포구 신길제4동,6984,1382,5602
영등포구 신길제5동,10713,10210,503
영등포구 신길제6동,17464,8163,9301
영등포구 신길제7동,19462,9055,10407
영등포구 양평제1동,9772,7494,2278
영등포구 양평제2동,16253,15171,1082
영등포구 여의동,43187,116239,-73052
영등포구 영등포동,36406,39301,-2895
영등포구 영등포본동,16237,17510,-1273
용산구 남영동,29050,27979,1071
용산구 보광동,9603,2712,6891
용산구 서빙고동,9873,6778,3095
용산구 용문동,4863,1874,2989
용산구 용산2가동,12136,7589,4547
용산구 원효로제1동,13382,7461,5921
용산구 원효로제2동,11886,6857,5029
용산구 이촌제1동,8744,7473,1271
용산구 이촌제2동,6329,1798,4531
용산구 이태원제1동,6866,7221,-355
용산구 이태원제2동,6743,2710,4033
용산구 청파동,14151,8368,5783
용산구 필동,169,200,-31
용산구 한강로동,28301,37039,-8738
용산구 한남동,32225,37555,-5330
용산구 효창동,7928,3159,4769
용산구 후암동,11567,7072,4495
은평구 갈현제1동,20218,6114,14104
은평구 갈현제2동,15322,10369,4953
은평구 구산동,25031,5216,19815
은평구 녹번동,20028,10850,9178
은평구 대조동,20020,45243,-25223
은평구 불광제1동,17644,13034,4610
은평구 불광제2동,21587,21829,-242
은평구 수색동,15169,10636,4533
은평구 신사제1동,17084,16759,325
은평구 신사제2동,18304,20511,-2207
은평구 역촌동,26740,10749,15991
은평구 응암제1동,24477,27838,-3361
은평구 응암제2동,16951,2493,14458
은평구 응암제3동,15936,6660,9276
은평구 증산동,13974,19956,-5982
은평구 진관동,42069,32695,9374
종로구 가회동,3647,4234,-587
종로구 교남동,5289,3834,1455
종로구 무악동,1793,1734,59
종로구 부암동,11358,5770,5588
종로구 사직동,24263,51172,-26909
종로구 삼청동,2073,5145,-3072
종로구 숭인제1동,1173,603,570
종로구 숭인제2동,8462,10906,-2444
종로구 이화동,12432,13568,-1136
종로구 종로1.2.3.4가동,41005,102818,-61813
종로구 종로5.6가동,5870,14131,-8261
종로구 창신제1동,5860,5141,719
종로구 창신제2동,4574,7397,-2823
종로구 창신제3동,4125,2049,2076
종로구 청운효자동,8740,13702,-4962
종로구 충현동,2427,1196,1231
종로구 평창동,13729,9153,4576
종로구 혜화동,18369,17747,622
중구 광희동,7630,13486,-5856
중구 다산동,8044,3808,4236
중구 동화동,1585,834,751
중구 명동,18358,38468,-20110
중구 소공동,12208,41920,-29712
중구 신당동,4671,4579,92
중구 신당제5동,6181,8012,-1831
중구 약수동,5073,2627,2446
중구 을지로동,1208,8387,-7179
중구 장충동,3075,5120,-2045
중구 중림동,5876,5299,577
중구 청구동,2673,2387,286
중구 필동,3296,5300,-2004
중구 황학동,6376,3891,2485
중구 회현동,25808,42889,-17081
중랑구 망우본동,27897,17068,10829
중랑구 망우제3동,13283,3382,9901
중랑구 면목본동,19079,25241,-6162
중랑구 면목제2동,12507,3824,8683
중랑구 면목제3.8동,20811,13290,7521
중랑구 면목제4동,11125,6068,5057
중랑구 면목제5동,13788,3698,10090
중랑구 면목제7동,7272,4917,2355
중랑구 묵제1동,10492,11330,-838
중랑구 묵제2동,6639,1700,4939
중랑구 상봉제1동,12372,9168,3204
중랑구 상봉제2동,13586,16968,-3382
중랑구 신내1동,36099,11392,24707
중랑구 신내2동,20724,18775,1949
중랑구 중화제1동,5992,9642,-3650
중랑구 중화제2동,17674,10911,6763
NA,550942,288623,262319
