ID,insum,outsum,diff
100000001,615,737,-122
100000002,3251,2482,769
100000003,3630,3994,-364
100000004,608,991,-383
100000005,1817,3957,-2140
100000006,464,211,253
100000007,1743,650,1093
100000008,152,717,-565
100000009,325,269,56
100000010,71,101,-30
100000011,879,408,471
100000012,122,3657,-3535
100000013,199,862,-663
100000014,242,390,-148
100000015,1283,1807,-524
100000016,534,1004,-470
100000017,457,734,-277
100000018,820,596,224
100000019,2466,2057,409
100000020,1061,4649,-3588
100000021,6498,2219,4279
100000022,792,2420,-1628
100000023,4805,1327,3478
100000025,528,1244,-716
100000028,748,931,-183
100000029,91,367,-276
100000030,50,40,10
100000031,1912,4645,-2733
100000032,1329,3453,-2124
100000033,929,2430,-1501
100000034,150,748,-598
100000035,892,1434,-542
100000036,934,1410,-476
100000037,635,357,278
100000038,1917,921,996
100000039,338,496,-158
100000040,198,178,20
100000041,1222,547,675
100000042,901,571,330
100000043,638,718,-80
100000044,233,1081,-848
100000045,350,1339,-989
100000046,505,624,-119
100000047,180,430,-250
100000048,262,465,-203
100000049,1032,983,49
100000051,389,616,-227
100000053,113,9,104
100000054,319,24,295
100000055,623,304,319
100000056,419,454,-35
100000057,1647,510,1137
100000058,619,741,-122
100000059,9,180,-171
100000060,360,268,92
100000061,2061,410,1651
100000062,1463,414,1049
100000063,867,230,637
100000064,1232,271,961
100000065,240,635,-395
100000066,151,481,-330
100000067,326,429,-103
100000068,322,885,-563
100000069,222,750,-528
100000072,229,485,-256
100000073,759,724,35
100000075,771,244,527
100000076,1486,3046,-1560
100000077,118,300,-182
100000078,27,41,-14
100000079,26,40,-14
100000080,17,45,-28
100000081,76,185,-109
100000102,2364,2939,-575
100000103,1235,963,272
100000104,2192,2453,-261
100000105,1580,1740,-160
100000106,1413,2466,-1053
100000107,244,1171,-927
100000108,384,719,-335
100000109,1202,970,232
100000116,621,742,-121
100000117,66,129,-63
100000118,787,1255,-468
100000119,456,838,-382
100000121,510,391,119
100000122,1023,986,37
100000123,1851,2670,-819
100000124,3027,4548,-1521
100000125,2773,1414,1359
100000126,532,505,27
100000127,1265,399,866
100000128,979,1711,-732
100000129,409,541,-132
100000130,356,331,25
100000131,1168,1932,-764
100000132,751,1778,-1027
100000133,2186,1783,403
100000135,468,1009,-541
100000139,255,605,-350
100000140,234,303,-69
100000142,432,483,-51
100000143,1119,359,760
100000144,2333,580,1753
100000147,1114,2933,-1819
100000150,39,449,-410
100000151,630,1416,-786
100000153,218,419,-201
100000154,42,236,-194
100000155,12,36,-24
100000156,281,413,-132
100000157,331,182,149
100000158,220,162,58
100000159,594,613,-19
100000165,747,753,-6
100000169,113,1096,-983
100000174,271,876,-605
100000179,93,477,-384
100000180,1257,3766,-2509
100000181,352,244,108
100000188,84,207,-123
100000189,868,495,373
100000190,515,1294,-779
100000191,630,600,30
100000192,18,99,-81
100000193,216,188,28
100000330,707,755,-48
100000355,132,710,-578
100000362,1970,1263,707
100000363,4181,3992,189
100000364,107,194,-87
100000365,4795,7917,-3122
100000366,2727,2035,692
100000367,4224,6474,-2250
100000368,2535,956,1579
100000369,574,2142,-1568
100000370,146,955,-809
100000376,91,166,-75
100000379,1436,1395,41
100000380,4162,4371,-209
100000384,4445,5468,-1023
100000385,2154,3494,-1340
100000386,4210,4824,-614
100000387,3075,4946,-1871
100000388,3243,5739,-2496
100000389,3925,5483,-1558
100000390,4837,5805,-968
100000391,3365,6981,-3616
100000392,2618,3995,-1377
100000393,1724,4974,-3250
100000394,4685,7824,-3139
100000395,3072,4942,-1870
100000396,4804,3568,1236
100000397,3218,7537,-4319
100000398,8240,5899,2341
100000413,6,1,5
100000414,688,938,-250
100900002,7,19,-12
100900003,331,227,104
100900004,11,663,-652
100900005,63,23,40
100900006,16,54,-38
100900007,165,5,160
100900008,69,295,-226
100900009,50,166,-116
100900010,45,40,5
100900011,119,115,4
100900012,6,149,-143
100900013,804,6,798
100900014,1,4,-3
100900015,43,41,2
100900016,1,28,-27
100900017,654,50,604
100900018,4,13,-9
100900019,20,72,-52
100900020,266,10,256
100900021,316,3,313
100900022,5,19,-14
100900023,0,17,-17
100900024,342,5,337
100900025,9,12,-3
100900026,88,64,24
100900027,345,2009,-1664
100900028,117,226,-109
100900029,30,6,24
100900030,10,103,-93
100900031,625,21,604
100900032,266,2,264
100900033,188,187,1
100900034,655,4,651
100900035,257,0,257
100900036,14,0,14
100900037,125,113,12
100900038,115,58,57
100900039,159,282,-123
100900040,457,363,94
100900041,474,362,112
100900042,1629,1273,356
100900043,0,10,-10
100900044,1062,372,690
100900045,47,2,45
100900046,855,9,846
100900047,456,108,348
100900048,91,68,23
100900049,54,124,-70
100900050,4,17,-13
100900051,33,79,-46
100900052,226,27,199
100900053,512,33,479
100900054,5,44,-39
100900055,146,547,-401
100900056,34,77,-43
100900057,926,1045,-119
100900058,179,63,116
100900059,71,5,66
100900060,142,4,138
100900061,285,130,155
100900062,9,10,-1
100900063,216,576,-360
100900064,529,23,506
100900065,62,122,-60
100900066,125,178,-53
100900067,13,12,1
100900068,62,75,-13
100900069,579,12,567
100900070,369,10,359
100900071,453,131,322
100900072,8,32,-24
100900073,66,201,-135
100900074,3,1,2
100900075,1007,219,788
100900076,5,23,-18
100900077,22,31,-9
100900078,79,245,-166
100900079,3,12,-9
100900080,36,128,-92
100900081,23,117,-94
100900082,156,345,-189
100900083,22,10,12
100900085,25,270,-245
100900086,82,465,-383
100900088,93,277,-184
100900089,4,7,-3
100900090,94,462,-368
100900091,2,25,-23
100900092,121,185,-64
100900093,252,237,15
100900094,115,188,-73
100900095,1,28,-27
100900096,95,95,0
100900097,11,4,7
100900098,20,22,-2
100900099,14,351,-337
100900100,14,419,-405
100900101,217,43,174
100900102,30,84,-54
100900103,5,8,-3
100900104,6,138,-132
100900105,26,461,-435
100900106,31,9,22
100900107,1151,621,530
100900108,2,27,-25
100900109,7,27,-20
100900110,2,2,0
100900111,29,147,-118
100900112,2,10,-8
100900113,11,30,-19
100900114,9,15,-6
100900115,7,13,-6
100900116,743,376,367
100900117,246,812,-566
100900118,44,27,17
100900119,9,9,0
100900120,22,5,17
100900121,342,336,6
100900122,73,92,-19
100900123,56,96,-40
100900124,4,17,-13
100900125,6,42,-36
100900126,162,105,57
100900127,2,6,-4
100900128,70,136,-66
100900129,0,169,-169
100900131,50,201,-151
100900133,36,42,-6
100900134,1,3,-2
100900135,0,145,-145
100900137,262,188,74
100900138,274,391,-117
100900139,9,12,-3
100900140,4,245,-241
100900141,2,523,-521
100900142,3,6,-3
100900143,571,383,188
100900144,3,3,0
100900145,47,104,-57
100900146,4,30,-26
100900147,10,352,-342
100900148,28,351,-323
100900149,60,168,-108
100900150,2,17,-15
100900151,121,339,-218
100900152,247,3,244
100900153,6,153,-147
100900154,11,105,-94
100900155,5,5,0
100900156,32,2,30
100900157,5,314,-309
100900159,2,24,-22
100900160,21,5,16
100900161,31,1,30
100900162,23,253,-230
100900163,116,122,-6
100900164,35,17,18
100900165,7,10,-3
100900166,10,3,7
100900167,9,46,-37
100900168,22,115,-93
100900169,92,632,-540
100900170,19,5,14
100900171,16,324,-308
100900172,2,37,-35
100900173,4,174,-170
100900174,76,18,58
100900176,1425,146,1279
100900177,426,204,222
100900178,215,175,40
100900179,184,345,-161
100900180,4,4,0
100900181,32,65,-33
100900182,41,27,14
100900184,10,141,-131
100900186,422,300,122
100900187,13,40,-27
100900188,26,5,21
100900189,1823,218,1605
100900191,694,968,-274
100900192,187,383,-196
100900195,117,130,-13
100900197,6,13,-7
100900198,17,165,-148
100900199,2,4,-2
100900200,569,331,238
100900201,43,452,-409
100900202,38,0,38
100900203,3,612,-609
100900204,273,1502,-1229
100900205,122,578,-456
100900206,170,63,107
100900207,275,112,163
100900210,79,257,-178
100900211,565,136,429
100900213,276,36,240
100900214,395,131,264
100900215,9,26,-17
100900217,86,84,2
101000001,2117,1939,178
101000002,5253,5660,-407
101000003,283,842,-559
101000004,798,3078,-2280
101000005,1764,3490,-1726
101000006,1751,4990,-3239
101000007,1522,2048,-526
101000008,5388,2926,2462
101000009,1571,677,894
101000010,703,585,118
101000011,726,263,463
101000012,690,603,87
101000013,534,834,-300
101000014,293,381,-88
101000015,1057,693,364
101000016,320,333,-13
101000017,496,311,185
101000018,2451,1973,478
101000020,2161,1041,1120
101000021,741,254,487
101000022,42,56,-14
101000023,981,523,458
101000025,59,97,-38
101000026,191,27,164
101000027,1705,2229,-524
101000028,994,230,764
101000029,172,1577,-1405
101000030,1034,103,931
101000031,359,899,-540
101000032,3699,4340,-641
101000033,1892,3367,-1475
101000034,1320,1581,-261
101000035,1111,277,834
101000036,1477,1032,445
101000037,1714,1959,-245
101000039,2333,3090,-757
101000040,2448,4321,-1873
101000041,3788,7712,-3924
101000042,257,981,-724
101000043,3099,5765,-2666
101000045,782,1012,-230
101000046,1592,1969,-377
101000047,1390,4152,-2762
101000048,515,408,107
101000049,504,2068,-1564
101000050,877,1662,-785
101000051,820,2334,-1514
101000052,1126,969,157
101000053,832,1113,-281
101000054,1614,729,885
101000055,857,1096,-239
101000056,29,85,-56
101000057,1252,1495,-243
101000058,705,1088,-383
101000059,1786,1905,-119
101000060,1495,713,782
101000061,522,1323,-801
101000062,688,769,-81
101000063,489,1050,-561
101000064,688,1045,-357
101000065,301,508,-207
101000066,687,1097,-410
101000067,858,970,-112
101000068,244,547,-303
101000069,159,82,77
101000070,737,1011,-274
101000071,1786,911,875
101000072,509,2404,-1895
101000073,753,953,-200
101000074,3499,3291,208
101000075,3139,5392,-2253
101000077,1300,1067,233
101000078,406,816,-410
101000079,1556,628,928
101000080,1178,827,351
101000081,1399,1333,66
101000082,1996,2243,-247
101000083,2228,1951,277
101000084,954,713,241
101000085,1196,1017,179
101000086,845,897,-52
101000087,738,754,-16
101000088,1031,1010,21
101000089,766,1322,-556
101000090,1402,888,514
101000091,359,447,-88
101000092,1037,706,331
101000093,1050,582,468
101000094,858,726,132
101000095,503,425,78
101000096,373,336,37
101000097,331,401,-70
101000098,316,410,-94
101000099,533,881,-348
101000100,666,871,-205
101000101,183,364,-181
101000102,695,544,151
101000103,590,497,93
101000104,353,593,-240
101000105,280,615,-335
101000106,567,1187,-620
101000107,238,332,-94
101000108,424,172,252
101000109,406,59,347
101000110,20,230,-210
101000111,96,176,-80
101000113,460,813,-353
101000114,5928,10315,-4387
101000115,113,39,74
101000116,46,41,5
101000117,1827,264,1563
101000119,46,57,-11
101000120,120,57,63
101000121,54,80,-26
101000122,92,135,-43
101000123,49,127,-78
101000124,1263,372,891
101000125,122,361,-239
101000128,201,474,-273
101000130,323,562,-239
101000131,877,391,486
101000132,668,551,117
101000135,24,29,-5
101000136,300,211,89
101000137,22,320,-298
101000141,842,3361,-2519
101000147,758,412,346
101000148,612,11,601
101000149,347,591,-244
101000150,93,299,-206
101000151,268,48,220
101000152,218,239,-21
101000153,306,175,131
101000154,245,542,-297
101000155,296,136,160
101000156,16,252,-236
101000157,34,21,13
101000160,28,36,-8
101000163,151,361,-210
101000164,325,182,143
101000165,201,303,-102
101000166,143,224,-81
101000168,661,345,316
101000252,1820,783,1037
101000254,95,98,-3
101000258,74,7,67
101000261,178,61,117
101000262,1469,2443,-974
101000263,285,1032,-747
101000265,68,676,-608
101000266,507,279,228
101000269,14,12,2
101000290,795,2266,-1471
101000293,36,46,-10
101000294,477,409,68
101000295,155,252,-97
101000301,475,437,38
101000304,1888,2155,-267
101000305,2503,925,1578
101000328,111,361,-250
101900001,33,44,-11
101900002,0,1,-1
101900003,41,69,-28
101900004,3,55,-52
101900005,1881,2151,-270
101900006,975,391,584
101900007,605,119,486
101900008,109,239,-130
101900009,29,312,-283
101900010,562,581,-19
101900011,74,614,-540
101900012,270,90,180
101900013,426,163,263
101900017,7,122,-115
101900018,719,199,520
101900019,310,136,174
101900020,76,42,34
101900021,0,21,-21
101900022,116,725,-609
101900023,106,95,11
101900026,110,35,75
101900027,19,88,-69
102000001,1812,2666,-854
102000002,524,274,250
102000003,2560,5571,-3011
102000004,2360,1578,782
102000005,1125,2492,-1367
102000006,1871,1663,208
102000007,1241,3775,-2534
102000008,1598,1267,331
102000009,5038,6694,-1656
102000010,2537,1991,546
102000011,4570,4007,563
102000012,5535,3414,2121
102000018,1675,1960,-285
102000019,1940,1215,725
102000026,105,383,-278
102000029,139,148,-9
102000030,114,317,-203
102000031,63,111,-48
102000032,427,228,199
102000033,226,263,-37
102000034,373,345,28
102000035,673,499,174
102000036,18,221,-203
102000038,58,90,-32
102000039,138,82,56
102000040,219,214,5
102000041,108,399,-291
102000042,145,273,-128
102000043,150,162,-12
102000044,312,333,-21
102000045,592,633,-41
102000046,851,626,225
102000047,519,635,-116
102000048,210,406,-196
102000049,734,643,91
102000050,635,862,-227
102000051,299,525,-226
102000052,769,518,251
102000053,575,707,-132
102000054,630,830,-200
102000055,1135,347,788
102000056,850,577,273
102000057,1197,389,808
102000058,858,764,94
102000059,1032,786,246
102000060,825,767,58
102000061,1427,1133,294
102000062,1412,804,608
102000063,841,1057,-216
102000064,550,613,-63
102000065,42,162,-120
102000066,752,598,154
102000067,1452,1678,-226
102000068,7650,2172,5478
102000069,102,2157,-2055
102000070,1217,48,1169
102000071,5782,7225,-1443
102000072,2129,2979,-850
102000073,723,781,-58
102000074,407,619,-212
102000075,122,266,-144
102000076,227,403,-176
102000077,563,477,86
102000078,557,396,161
102000079,163,198,-35
102000080,69,51,18
102000081,315,743,-428
102000082,880,749,131
102000083,473,166,307
102000084,391,187,204
102000085,1439,602,837
102000086,880,668,212
102000087,586,1032,-446
102000088,314,173,141
102000089,1102,253,849
102000090,328,822,-494
102000091,1350,480,870
102000092,208,434,-226
102000093,718,630,88
102000094,574,450,124
102000095,600,787,-187
102000096,364,576,-212
102000097,462,605,-143
102000098,391,464,-73
102000099,589,743,-154
102000100,302,1118,-816
102000101,434,655,-221
102000102,299,853,-554
102000103,979,265,714
102000104,422,265,157
102000105,237,343,-106
102000106,664,336,328
102000107,720,320,400
102000108,527,121,406
102000109,892,370,522
102000110,544,306,238
102000111,690,470,220
102000112,110,86,24
102000113,15,26,-11
102000114,486,387,99
102000115,176,275,-99
102000116,273,391,-118
102000117,142,466,-324
102000118,688,1126,-438
102000119,1165,749,416
102000120,254,366,-112
102000121,678,649,29
102000122,504,718,-214
102000123,862,718,144
102000124,989,925,64
102000125,645,620,25
102000126,546,551,-5
102000127,789,503,286
102000128,567,585,-18
102000129,1150,500,650
102000130,674,632,42
102000131,1192,558,634
102000132,491,963,-472
102000133,1957,1249,708
102000134,750,612,138
102000135,620,780,-160
102000136,811,389,422
102000137,394,661,-267
102000138,158,266,-108
102000139,69,424,-355
102000140,166,691,-525
102000141,146,227,-81
102000142,248,194,54
102000143,188,170,18
102000144,308,249,59
102000145,338,250,88
102000146,405,216,189
102000147,402,302,100
102000148,165,463,-298
102000149,140,174,-34
102000150,360,62,298
102000151,92,138,-46
102000152,193,106,87
102000153,844,506,338
102000154,274,496,-222
102000155,54,271,-217
102000156,182,107,75
102000157,51,373,-322
102000158,349,357,-8
102000159,564,526,38
102000161,1456,1362,94
102000162,220,148,72
102000163,78,396,-318
102000164,478,692,-214
102000165,258,126,132
102000166,107,187,-80
102000167,241,116,125
102000168,245,171,74
102000169,72,330,-258
102000170,332,107,225
102000171,122,115,7
102000172,87,291,-204
102000173,353,217,136
102000174,67,53,14
102000175,80,89,-9
102000176,54,14,40
102000178,222,238,-16
102000179,327,159,168
102000180,773,320,453
102000181,773,333,440
102000182,462,328,134
102000183,1311,1140,171
102000184,670,173,497
102000185,2418,882,1536
102000186,1364,771,593
102000187,890,896,-6
102000188,1025,1036,-11
102000189,1634,862,772
102000190,406,1822,-1416
102000191,1193,341,852
102000192,1047,1030,17
102000193,58,81,-23
102000194,48,99,-51
102000195,338,236,102
102000196,171,196,-25
102000197,674,177,497
102000198,178,324,-146
102000199,1019,146,873
102000200,224,500,-276
102000201,1062,298,764
102000202,3,56,-53
102000203,318,118,200
102000204,470,306,164
102000205,910,174,736
102000206,482,275,207
102000207,411,340,71
102000208,248,251,-3
102000209,60,44,16
102000210,458,204,254
102000211,266,107,159
102000212,304,5,299
102000213,0,121,-121
102000214,265,8,257
102000215,10,210,-200
102000216,56,60,-4
102000217,12,53,-41
102000218,200,130,70
102000219,211,127,84
102000225,510,430,80
102000226,798,934,-136
102000227,106,1,105
102000228,1,39,-38
102000229,24,54,-30
102000230,289,268,21
102000231,485,326,159
102000232,30,125,-95
102000233,639,559,80
102000234,97,851,-754
102000236,246,89,157
102000237,269,106,163
102000238,218,333,-115
102000240,493,610,-117
102000241,101,93,8
102000243,21,48,-27
102000245,8,78,-70
102000246,2,26,-24
102000247,610,535,75
102000248,882,1095,-213
102000249,480,316,164
102000250,66,248,-182
102000254,123,129,-6
102000266,12,293,-281
102000271,30,0,30
102000286,285,283,2
102000297,1705,800,905
102000303,0,0,0
102000305,0,0,0
102000307,0,5,-5
102900001,771,457,314
102900002,361,42,319
102900003,65,111,-46
102900005,354,162,192
102900006,459,70,389
102900007,410,20,390
102900008,231,25,206
102900009,459,230,229
102900010,273,849,-576
102900011,975,220,755
102900012,372,58,314
102900013,51,30,21
102900015,468,429,39
102900016,60,88,-28
102900017,106,258,-152
102900018,25,88,-63
102900019,263,246,17
102900020,142,18,124
102900021,38,66,-28
102900022,530,196,334
102900023,17,64,-47
102900024,37,38,-1
102900025,164,73,91
102900026,224,1550,-1326
102900027,47,35,12
102900028,150,595,-445
102900029,136,152,-16
102900030,341,226,115
102900031,232,84,148
102900032,82,60,22
102900033,78,106,-28
102900034,394,55,339
102900035,116,186,-70
102900036,247,237,10
102900037,414,202,212
102900038,395,231,164
102900039,5,362,-357
102900040,82,188,-106
102900041,70,113,-43
102900042,142,221,-79
102900043,134,168,-34
102900044,363,1103,-740
102900045,123,362,-239
102900046,125,141,-16
102900047,127,328,-201
102900048,389,260,129
102900049,98,238,-140
102900050,190,220,-30
102900051,109,132,-23
102900053,237,336,-99
102900054,278,620,-342
102900055,73,173,-100
102900056,69,282,-213
102900057,8,38,-30
102900058,285,52,233
102900059,19,42,-23
102900060,83,291,-208
102900061,160,247,-87
102900062,227,445,-218
102900063,1100,271,829
102900064,80,287,-207
102900065,612,191,421
102900066,307,14,293
102900068,58,83,-25
102900070,134,308,-174
102900072,37,50,-13
102900073,81,10,71
102900075,26,74,-48
102900076,62,112,-50
102900077,29,35,-6
102900078,21,47,-26
102900079,158,6,152
102900080,341,30,311
102900081,64,194,-130
102900082,12,146,-134
102900083,118,10,108
102900084,6,22,-16
102900085,269,136,133
102900086,13,57,-44
102900087,119,80,39
102900088,26,19,7
102900089,157,114,43
102900090,0,122,-122
102900091,115,1,114
102900092,234,439,-205
102900094,1,102,-101
102900095,122,1,121
102900096,59,28,31
102900097,2,83,-81
103000001,1772,1777,-5
103000002,1599,1949,-350
103000003,2249,1908,341
103000004,699,557,142
103000005,1433,2572,-1139
103000006,626,1224,-598
103000007,323,457,-134
103000008,598,257,341
103000009,1225,745,480
103000010,176,84,92
103000011,1108,807,301
103000012,1211,1212,-1
103000013,2208,1202,1006
103000014,1029,2048,-1019
103000015,1017,476,541
103000016,461,1279,-818
103000017,184,313,-129
103000018,483,224,259
103000019,331,227,104
103000020,1574,1050,524
103000021,1437,1596,-159
103000022,478,656,-178
103000023,558,1409,-851
103000024,60,98,-38
103000025,111,482,-371
103000026,491,80,411
103000027,274,449,-175
103000028,214,201,13
103000029,103,234,-131
103000030,1037,847,190
103000031,847,1483,-636
103000032,1568,997,571
103000033,2160,2151,9
103000034,957,804,153
103000035,281,935,-654
103000036,299,348,-49
103000037,374,397,-23
103000038,368,721,-353
103000039,441,199,242
103000040,375,491,-116
103000041,1265,1110,155
103000042,1118,292,826
103000043,517,494,23
103000044,264,97,167
103000046,296,308,-12
103000047,469,288,181
103000048,153,114,39
103000049,72,114,-42
103000050,613,218,395
103000051,523,314,209
103000052,525,189,336
103000053,127,322,-195
103000054,2021,943,1078
103000055,1656,1452,204
103000056,643,847,-204
103000057,722,185,537
103000058,458,524,-66
103000059,472,487,-15
103000060,579,308,271
103000061,323,622,-299
103000062,800,360,440
103000063,726,761,-35
103000064,147,103,44
103000065,2,263,-261
103000066,197,12,185
103000069,320,245,75
103000070,822,507,315
103000071,1050,369,681
103000072,115,330,-215
103000073,609,66,543
103000074,485,72,413
103000075,105,342,-237
103000076,222,270,-48
103000077,15,201,-186
103000078,574,519,55
103000079,378,486,-108
103000080,485,339,146
103000081,255,961,-706
103000082,355,209,146
103000083,77,206,-129
103000084,82,9,73
103000085,4,72,-68
103000086,293,299,-6
103000087,90,441,-351
103000088,137,254,-117
103000089,219,403,-184
103000090,2011,825,1186
103000091,488,389,99
103000092,235,174,61
103000093,335,325,10
103000094,162,56,106
103000095,50,274,-224
103000096,498,47,451
103000097,38,651,-613
103000098,427,123,304
103000099,166,630,-464
103000100,107,438,-331
103000101,674,82,592
103000102,64,318,-254
103000103,548,154,394
103000104,40,96,-56
103000105,125,77,48
103000106,17,96,-79
103000107,136,48,88
103000108,913,589,324
103000109,340,371,-31
103000110,474,396,78
103000111,249,267,-18
103000112,246,153,93
103000113,369,490,-121
103000114,1072,334,738
103000115,505,365,140
103000116,545,264,281
103000117,364,284,80
103000118,317,356,-39
103000119,727,339,388
103000120,37,76,-39
103000121,202,398,-196
103000122,332,464,-132
103000125,10,101,-91
103000126,573,2,571
103000127,2,98,-96
103000128,117,1,116
103000129,1,70,-69
103000130,51,23,28
103000131,102,53,49
103000132,85,131,-46
103000133,13,88,-75
103000134,211,678,-467
103000135,367,191,176
103000136,436,369,67
103000137,336,498,-162
103000138,456,454,2
103000139,0,77,-77
103000140,148,24,124
103000141,31,110,-79
103000142,67,58,9
103000143,37,132,-95
103000144,105,44,61
103000145,21,210,-189
103000150,117,38,79
103000152,152,204,-52
103000153,185,118,67
103000156,5,171,-166
103000157,370,3,367
103000159,88,13,75
103000162,42,26,16
103000163,5,23,-18
103000164,9,8,1
103000165,61,118,-57
103000166,172,228,-56
103000167,143,81,62
103000168,86,91,-5
103000169,159,301,-142
103000170,856,264,592
103000171,38,104,-66
103000172,435,195,240
103000173,554,204,350
103000174,196,222,-26
103000175,323,169,154
103000176,692,444,248
103000177,356,304,52
103000178,158,210,-52
103000179,162,22,140
103000183,136,10,126
103000185,91,26,65
103000186,128,121,7
103000187,658,175,483
103000188,10,72,-62
103000189,536,625,-89
103000191,263,267,-4
103000292,621,1296,-675
103000293,635,1840,-1205
103000295,33,118,-85
103000296,208,6,202
103000297,10,14,-4
103000504,150,11,139
103000505,8,18,-10
103000506,3,133,-130
103000507,173,4,169
103000508,46,40,6
103000509,480,543,-63
103900001,8,75,-67
103900002,573,101,472
103900003,569,10,559
103900004,145,1,144
103900005,0,88,-88
103900006,8,4,4
103900007,128,1,127
103900008,11,3,8
103900010,169,297,-128
103900012,5,33,-28
103900014,59,13,46
103900015,71,7,64
103900017,24,54,-30
103900018,404,129,275
103900019,42,369,-327
103900020,196,384,-188
103900021,210,36,174
103900022,800,491,309
103900023,146,1,145
103900024,42,204,-162
103900025,28,22,6
103900026,39,0,39
103900027,678,160,518
103900028,182,315,-133
103900029,934,93,841
103900030,253,87,166
103900031,27,4,23
103900032,77,72,5
103900033,93,13,80
103900034,53,73,-20
103900035,59,28,31
103900036,18,25,-7
103900037,68,47,21
103900038,79,191,-112
103900039,67,174,-107
103900040,12,78,-66
103900041,40,50,-10
103900042,67,179,-112
103900043,222,32,190
103900044,49,227,-178
103900045,296,135,161
103900047,80,16,64
103900048,36,14,22
103900049,116,677,-561
103900050,14,103,-89
103900051,0,35,-35
103900052,143,166,-23
103900053,212,303,-91
103900054,81,171,-90
103900055,390,165,225
103900056,34,49,-15
103900057,27,88,-61
103900058,262,337,-75
103900059,1,28,-27
103900060,58,106,-48
103900061,193,17,176
103900062,235,75,160
103900063,3,0,3
103900064,117,1,116
103900065,486,221,265
103900066,145,34,111
103900067,167,7,160
103900068,6,0,6
103900069,50,22,28
103900070,99,109,-10
103900071,25,56,-31
103900072,39,93,-54
103900073,26,37,-11
103900074,89,64,25
103900075,263,39,224
103900076,518,304,214
103900077,37,91,-54
103900078,280,87,193
103900079,100,118,-18
103900080,16,20,-4
103900081,67,41,26
103900082,7,118,-111
103900083,854,956,-102
103900084,43,83,-40
103900085,37,119,-82
103900086,636,282,354
103900088,191,452,-261
103900089,33,83,-50
103900090,2,54,-52
103900091,859,125,734
103900092,692,252,440
103900093,38,198,-160
103900094,12,82,-70
103900095,224,123,101
103900096,31,62,-31
103900097,8,273,-265
103900098,148,91,57
103900099,62,68,-6
103900100,251,201,50
103900101,83,655,-572
103900102,1,33,-32
103900104,6,19,-13
103900105,68,127,-59
103900106,1,83,-82
103900107,147,87,60
103900108,60,139,-79
103900109,152,31,121
103900110,166,29,137
103900111,103,281,-178
103900112,27,54,-27
103900113,96,143,-47
103900114,193,215,-22
103900115,195,165,30
103900116,2190,2141,49
103900117,107,24,83
103900119,31,79,-48
103900120,62,67,-5
103900122,108,130,-22
103900123,710,442,268
103900124,57,271,-214
103900125,127,51,76
103900126,438,188,250
103900127,190,184,6
103900128,223,166,57
103900131,27,79,-52
103900133,686,27,659
103900134,1,5,-4
103900135,1,7,-6
103900137,0,11,-11
103900138,88,96,-8
103900139,360,1974,-1614
103900140,1,174,-173
103900141,186,45,141
103900142,173,88,85
103900143,77,1,76
103900144,0,11,-11
103900145,147,163,-16
103900146,204,134,70
103900147,277,74,203
103900148,495,205,290
103900149,301,303,-2
103900150,2899,3347,-448
103900151,19,115,-96
103900152,547,209,338
103900153,7,0,7
103900154,375,1391,-1016
103900155,35,110,-75
103900156,71,91,-20
103900157,64,94,-30
103900158,85,56,29
103900159,134,30,104
103900160,48,31,17
103900161,89,104,-15
103900162,234,216,18
103900163,7,328,-321
103900167,10,97,-87
103900168,98,34,64
103900169,51,55,-4
103900170,1,59,-58
103900171,0,34,-34
103900172,1,10,-9
103900173,9,14,-5
103900174,179,39,140
103900175,18,89,-71
103900176,5,46,-41
103900177,20,60,-40
103900178,43,44,-1
103900179,65,59,6
103900180,3,23,-20
103900181,50,21,29
103900182,43,8,35
103900184,241,108,133
103900185,93,362,-269
103900187,9,73,-64
103900188,46,31,15
103900189,127,7,120
103900190,73,38,35
103900191,24,36,-12
103900192,29,82,-53
103900193,98,109,-11
103900194,46,98,-52
103900195,8,77,-69
103900196,25,25,0
103900197,5,16,-11
103900198,7,26,-19
103900199,133,76,57
103900200,115,55,60
103900201,76,85,-9
103900202,3,35,-32
103900203,23,24,-1
103900204,0,47,-47
103900207,1,35,-34
103900208,77,0,77
103900209,8,47,-39
103900210,50,26,24
103900211,462,159,303
103900212,280,235,45
103900213,54,152,-98
103900214,182,142,40
103900215,122,280,-158
103900216,6,165,-159
103900217,275,6,269
103900218,18,205,-187
103900219,115,97,18
103900233,18,1,17
103900235,21,35,-14
103900236,11,8,3
103900242,2,15,-13
103900243,7,2,5
103900244,102,96,6
103900245,76,126,-50
103900246,24,24,0
103900247,21,53,-32
103900248,3,55,-52
103900249,6,62,-56
103900250,15,31,-16
103900251,3,38,-35
103900253,5,52,-47
103900254,1,11,-10
103900255,2,4,-2
103900256,6,16,-10
103900257,98,73,25
103900258,20,11,9
103900259,45,7,38
103900261,13,0,13
103900262,9,1,8
103900263,27,42,-15
103900264,24,15,9
103900265,37,9,28
103900266,0,99,-99
103900267,5,61,-56
103900268,16,44,-28
103900269,136,19,117
103900270,49,62,-13
103900271,23,33,-10
103900272,42,19,23
103900273,19,5,14
103900274,68,2,66
103900275,25,3,22
103900276,3,29,-26
103900277,1,33,-32
103900278,2,19,-17
103900279,6,18,-12
103900280,3,30,-27
104000001,2108,1343,765
104000002,1304,1534,-230
104000003,1652,1450,202
104000004,1927,1839,88
104000005,1339,1343,-4
104000006,2351,1936,415
104000007,2853,3227,-374
104000008,127,192,-65
104000009,223,98,125
104000010,134,261,-127
104000011,277,153,124
104000012,81,187,-106
104000013,213,165,48
104000014,154,347,-193
104000015,277,99,178
104000016,395,227,168
104000018,638,98,540
104000019,518,190,328
104000020,85,287,-202
104000021,233,307,-74
104000022,128,202,-74
104000023,738,245,493
104000024,214,196,18
104000026,52,191,-139
104000027,174,134,40
104000028,308,140,168
104000029,278,193,85
104000030,269,141,128
104000031,1003,321,682
104000032,188,152,36
104000033,573,420,153
104000034,261,159,102
104000035,850,262,588
104000036,755,337,418
104000037,214,97,117
104000038,466,408,58
104000039,146,96,50
104000040,158,236,-78
104000041,794,211,583
104000042,139,211,-72
104000043,177,196,-19
104000044,199,318,-119
104000045,604,468,136
104000046,633,849,-216
104000047,555,711,-156
104000048,734,736,-2
104000049,505,174,331
104000050,94,422,-328
104000051,108,353,-245
104000052,1743,1425,318
104000053,858,324,534
104000054,256,120,136
104000055,2211,1380,831
104000056,722,262,460
104000057,250,343,-93
104000058,610,499,111
104000059,363,773,-410
104000060,920,876,44
104000061,855,661,194
104000062,434,107,327
104000064,366,220,146
104000065,135,505,-370
104000069,545,934,-389
104000070,56,325,-269
104000071,242,304,-62
104000072,485,195,290
104000075,53,186,-133
104000076,333,67,266
104000082,1678,2186,-508
104000083,605,128,477
104000084,88,356,-268
104000085,299,223,76
104000086,191,292,-101
104000087,291,1217,-926
104000090,731,741,-10
104000092,1037,1058,-21
104000094,556,770,-214
104000095,1503,971,532
104000096,1113,95,1018
104000097,1437,462,975
104000098,1953,452,1501
104000100,1325,424,901
104000101,901,982,-81
104000106,100,512,-412
104000107,471,198,273
104000108,195,270,-75
104000109,203,86,117
104000110,574,639,-65
104000111,1621,1551,70
104000112,892,358,534
104000116,0,411,-411
104000117,199,285,-86
104000118,623,112,511
104000119,419,177,242
104000120,224,272,-48
104000121,156,477,-321
104000122,617,610,7
104000123,497,469,28
104000124,389,929,-540
104000125,1674,3049,-1375
104000126,265,270,-5
104000127,809,1333,-524
104000128,420,225,195
104000129,342,13,329
104000130,9,144,-135
104000131,295,352,-57
104000132,289,368,-79
104000133,1066,544,522
104000134,574,1051,-477
104000135,340,1188,-848
104000136,455,2633,-2178
104000137,1131,285,846
104000138,491,218,273
104000139,2768,1667,1101
104000141,661,660,1
104000142,461,319,142
104000143,436,239,197
104000144,65,136,-71
104000145,332,147,185
104000146,180,323,-143
104000147,94,185,-91
104000148,294,138,156
104000149,148,152,-4
104000150,789,339,450
104000151,211,199,12
104000152,402,260,142
104000153,506,450,56
104000154,642,298,344
104000155,411,518,-107
104000157,690,767,-77
104000158,211,375,-164
104000159,667,351,316
104000160,1221,1363,-142
104000161,116,138,-22
104000162,83,97,-14
104000165,499,663,-164
104000167,589,942,-353
104000168,393,9,384
104000169,88,35,53
104000170,207,331,-124
104000248,219,381,-162
104000251,61,137,-76
104000272,0,0,0
104000273,0,0,0
104000274,0,0,0
104000275,0,0,0
104000279,1755,1689,66
104000290,80,154,-74
104000291,400,821,-421
104000293,687,562,125
104000294,35,1,34
104000295,450,530,-80
104000296,366,488,-122
104000297,515,1403,-888
104000298,1546,700,846
104000299,536,932,-396
104000302,85,125,-40
104000303,169,111,58
104900001,100,216,-116
104900002,45,110,-65
104900003,47,186,-139
104900004,70,119,-49
104900005,218,185,33
104900006,270,54,216
104900007,173,125,48
104900009,106,187,-81
104900010,39,48,-9
104900011,11,10,1
104900012,162,36,126
104900013,85,8,77
104900014,1190,194,996
104900015,57,3,54
104900016,163,117,46
104900017,132,116,16
104900018,15,136,-121
104900019,161,2496,-2335
104900020,50,181,-131
104900021,0,75,-75
104900022,9,94,-85
104900023,0,32,-32
104900024,18,118,-100
104900025,74,97,-23
104900026,3,43,-40
104900027,348,203,145
104900028,43,79,-36
104900029,28,24,4
104900030,311,143,168
104900031,28,147,-119
104900032,39,62,-23
104900033,138,196,-58
104900034,271,111,160
104900035,365,147,218
104900036,192,48,144
104900037,91,88,3
104900038,230,684,-454
104900039,245,251,-6
104900040,311,80,231
104900041,157,89,68
104900042,112,118,-6
104900043,9,159,-150
104900044,518,103,415
104900045,312,38,274
104900046,176,54,122
104900047,226,65,161
104900048,274,34,240
104900049,43,13,30
104900050,212,56,156
104900051,209,39,170
104900052,57,3,54
104900053,281,59,222
104900054,140,14,126
104900055,106,0,106
104900056,155,16,139
104900057,58,0,58
104900058,401,241,160
104900059,75,71,4
104900061,122,283,-161
104900063,23,99,-76
104900064,0,51,-51
104900065,0,143,-143
104900066,2,71,-69
104900067,5,180,-175
104900068,15,82,-67
104900070,121,141,-20
104900071,0,225,-225
104900072,39,178,-139
104900073,56,62,-6
104900074,39,103,-64
104900075,31,10,21
104900076,60,121,-61
104900077,348,146,202
104900078,145,238,-93
104900079,51,326,-275
104900080,68,384,-316
104900082,10,263,-253
104900085,0,88,-88
104900089,225,1,224
104900091,584,262,322
104900093,132,263,-131
104900097,1240,1690,-450
104900098,97,21,76
104900099,55,330,-275
104900100,161,127,34
104900102,36,61,-25
104900103,298,21,277
104900106,97,54,43
104900107,74,68,6
104900108,38,100,-62
104900109,105,114,-9
104900110,7,30,-23
104900111,138,59,79
104900112,214,296,-82
104900113,532,196,336
104900114,312,195,117
104900115,481,214,267
104900116,238,84,154
104900118,15,30,-15
104900119,5,35,-30
104900120,36,272,-236
104900121,1,38,-37
104900122,5,28,-23
104900123,50,7,43
104900124,56,0,56
104900125,262,111,151
104900126,46,21,25
104900127,14,33,-19
104900128,74,112,-38
104900129,700,1532,-832
105000001,2224,1143,1081
105000002,1912,1030,882
105000003,2447,2387,60
105000004,536,591,-55
105000005,833,953,-120
105000006,971,1288,-317
105000007,970,1436,-466
105000008,1109,3139,-2030
105000009,2236,2317,-81
105000010,1778,999,779
105000011,3571,2217,1354
105000012,2955,1678,1277
105000013,1114,948,166
105000014,1935,2235,-300
105000015,7133,12703,-5570
105000016,1289,1322,-33
105000017,1259,631,628
105000018,762,1278,-516
105000019,768,691,77
105000020,133,408,-275
105000021,253,98,155
105000022,192,93,99
105000023,460,247,213
105000028,50,80,-30
105000029,566,1037,-471
105000030,2477,1657,820
105000031,5,26,-21
105000033,1027,1340,-313
105000034,133,709,-576
105000037,478,165,313
105000038,1315,1292,23
105000039,1547,977,570
105000040,696,985,-289
105000041,304,891,-587
105000042,2343,1384,959
105000043,1099,1559,-460
105000044,476,362,114
105000045,201,404,-203
105000046,946,270,676
105000047,473,657,-184
105000048,511,161,350
105000049,178,242,-64
105000050,626,323,303
105000051,100,238,-138
105000052,531,572,-41
105000053,93,102,-9
105000054,334,544,-210
105000055,685,177,508
105000056,1027,1248,-221
105000057,854,441,413
105000058,829,680,149
105000059,591,547,44
105000060,334,359,-25
105000061,686,354,332
105000062,401,436,-35
105000063,263,218,45
105000064,1293,581,712
105000065,285,314,-29
105000066,725,703,22
105000067,1103,592,511
105000068,246,514,-268
105000069,1070,1491,-421
105000070,349,723,-374
105000071,190,714,-524
105000072,853,1880,-1027
105000073,706,453,253
105000074,722,406,316
105000075,339,527,-188
105000076,869,575,294
105000077,1576,777,799
105000078,653,1034,-381
105000079,885,3077,-2192
105000080,1298,1048,250
105000081,2782,1241,1541
105000082,742,1782,-1040
105000083,3584,3881,-297
105000084,417,568,-151
105000085,1290,2027,-737
105000086,621,618,3
105000087,912,1320,-408
105000088,1014,1190,-176
105000089,1748,1337,411
105000090,747,559,188
105000091,807,918,-111
105000092,401,598,-197
105000093,284,254,30
105000094,239,164,75
105000095,105,378,-273
105000096,1004,911,93
105000097,609,435,174
105000098,843,503,340
105000099,641,673,-32
105000100,1109,750,359
105000101,1445,1308,137
105000102,1150,1110,40
105000103,880,1577,-697
105000104,1826,730,1096
105000105,711,1206,-495
105000106,1098,968,130
105000107,1169,564,605
105000108,1382,875,507
105000109,1328,903,425
105000110,637,285,352
105000111,703,416,287
105000112,933,353,580
105000113,310,519,-209
105000114,1509,1046,463
105000115,242,1006,-764
105000116,656,338,318
105000117,671,482,189
105000118,460,282,178
105000119,542,420,122
105000120,860,366,494
105000121,595,573,22
105000122,306,457,-151
105000123,690,649,41
105000124,1580,508,1072
105000125,696,1032,-336
105000126,1661,879,782
105000127,1687,1242,445
105000128,401,521,-120
105000129,720,212,508
105000130,309,2871,-2562
105000131,541,222,319
105000132,745,596,149
105000133,434,525,-91
105000134,725,424,301
105000135,347,341,6
105000136,130,166,-36
105000137,572,159,413
105000138,160,220,-60
105000139,652,540,112
105000140,453,288,165
105000141,262,330,-68
105000142,214,301,-87
105000143,242,373,-131
105000144,208,489,-281
105000145,622,211,411
105000146,288,549,-261
105000147,614,244,370
105000148,902,432,470
105000149,1958,1532,426
105000150,1231,711,520
105000151,363,237,126
105000152,133,269,-136
105000153,471,394,77
105000154,416,264,152
105000155,286,546,-260
105000156,471,376,95
105000157,558,819,-261
105000158,1360,569,791
105000159,198,602,-404
105000160,1723,476,1247
105000161,507,549,-42
105000162,517,1351,-834
105000163,608,522,86
105000164,149,180,-31
105000165,468,4182,-3714
105000166,2633,854,1779
105000167,903,1389,-486
105000168,362,369,-7
105000169,484,166,318
105000170,220,868,-648
105000171,784,125,659
105000172,134,12,122
105000173,210,45,165
105000174,63,39,24
105000175,58,84,-26
105000176,406,62,344
105000177,276,127,149
105000178,192,176,16
105000179,609,92,517
105000180,146,58,88
105000181,103,104,-1
105000182,53,45,8
105000183,1340,1657,-317
105000184,1206,679,527
105000185,939,903,36
105000186,423,535,-112
105000187,631,157,474
105000188,188,130,58
105000189,136,338,-202
105000190,298,232,66
105000191,286,224,62
105000192,283,40,243
105000193,48,73,-25
105000194,489,127,362
105000195,231,411,-180
105000196,96,286,-190
105000197,204,341,-137
105000198,346,190,156
105000199,177,597,-420
105000200,103,255,-152
105000201,47,20,27
105000203,14,118,-104
105000204,96,64,32
105000205,69,141,-72
105000207,277,111,166
105000208,211,495,-284
105000209,169,235,-66
105000211,272,15,257
105000212,844,686,158
105000213,82,136,-54
105000214,154,139,15
105000215,263,109,154
105000216,163,179,-16
105000217,116,199,-83
105000218,1228,796,432
105000221,124,104,20
105000222,650,180,470
105000223,251,170,81
105000226,104,95,9
105000227,65,62,3
105000228,120,1606,-1486
105000229,128,388,-260
105000231,328,254,74
105000233,895,548,347
105000234,421,731,-310
105000235,262,437,-175
105000237,552,54,498
105000243,23,22,1
105000248,70,52,18
105000262,274,665,-391
105000269,186,139,47
105000270,362,29,333
105000271,0,99,-99
105000282,30,32,-2
105000287,309,66,243
105000288,491,243,248
105000289,2153,1831,322
105000290,20,7,13
105000402,1958,3183,-1225
105000426,341,402,-61
105000438,3221,1578,1643
105000440,48,25,23
105000446,5700,3796,1904
105000447,2809,1469,1340
105000454,490,333,157
105000455,179,95,84
105000474,43,1,42
105000477,368,398,-30
105000478,1460,3927,-2467
105000479,81,96,-15
105000480,7744,6982,762
105000481,4059,2969,1090
105000482,3214,6093,-2879
105000483,1487,1845,-358
105000484,1399,2444,-1045
105000485,1243,2869,-1626
105000486,2109,1866,243
105000488,8374,4135,4239
105000489,659,486,173
105000549,111,102,9
105000550,386,894,-508
105000551,41,63,-22
105000552,1705,1099,606
105000555,1068,936,132
105000556,74,19,55
105000557,51,127,-76
105900001,4,1212,-1208
105900002,573,560,13
105900003,25,84,-59
105900004,159,93,66
105900005,2,143,-141
105900006,7,66,-59
105900007,29,13,16
105900008,44,311,-267
105900009,4,15,-11
105900011,63,13,50
105900012,250,62,188
105900013,3,24,-21
105900014,2,24,-22
105900015,135,193,-58
105900016,432,243,189
105900017,1033,30,1003
105900018,117,103,14
105900019,37,235,-198
105900020,40,59,-19
105900021,14,168,-154
105900022,155,112,43
105900023,7,51,-44
105900024,6,148,-142
105900025,179,10,169
105900026,102,10,92
105900027,5793,5089,704
105900028,496,541,-45
105900029,958,272,686
105900030,177,184,-7
105900031,181,142,39
105900032,76,97,-21
105900033,125,83,42
105900034,143,121,22
105900035,107,108,-1
105900036,101,82,19
105900037,71,41,30
105900038,107,156,-49
105900039,136,74,62
105900040,83,57,26
105900041,145,115,30
105900042,64,159,-95
105900043,768,27,741
105900044,6,133,-127
105900045,1,522,-521
105900046,0,196,-196
105900047,6,38,-32
105900048,64,290,-226
105900050,4404,3284,1120
105900051,39,621,-582
105900052,374,201,173
105900053,1658,2188,-530
105900054,237,113,124
105900056,300,191,109
105900057,8,59,-51
105900058,9,14,-5
105900059,0,69,-69
106000001,2537,1717,820
106000002,1106,3365,-2259
106000003,2167,2660,-493
106000004,1045,1793,-748
106000005,2861,3477,-616
106000006,3489,1981,1508
106000007,453,442,11
106000008,330,226,104
106000009,495,247,248
106000010,351,386,-35
106000011,953,712,241
106000012,480,550,-70
106000013,1479,1477,2
106000014,1103,1005,98
106000015,1513,915,598
106000016,1256,1462,-206
106000017,510,539,-29
106000018,411,343,68
106000019,328,308,20
106000020,273,241,32
106000021,297,311,-14
106000022,223,151,72
106000023,465,256,209
106000024,352,211,141
106000025,130,152,-22
106000026,66,153,-87
106000027,1315,922,393
106000028,472,260,212
106000029,470,525,-55
106000030,279,391,-112
106000034,160,336,-176
106000035,774,1740,-966
106000036,141,299,-158
106000037,1307,971,336
106000038,148,92,56
106000039,83,56,27
106000040,81,637,-556
106000041,490,356,134
106000043,438,173,265
106000046,287,44,243
106000047,45,322,-277
106000049,899,144,755
106000050,183,353,-170
106000051,557,343,214
106000052,92,302,-210
106000053,362,81,281
106000054,199,205,-6
106000055,842,562,280
106000056,215,204,11
106000057,353,186,167
106000058,85,94,-9
106000059,254,154,100
106000060,223,339,-116
106000061,154,458,-304
106000062,121,301,-180
106000063,662,470,192
106000064,29,176,-147
106000065,255,160,95
106000066,72,183,-111
106000067,283,95,188
106000068,50,385,-335
106000069,249,52,197
106000070,351,443,-92
106000071,752,233,519
106000072,1696,1074,622
106000073,1087,2425,-1338
106000074,506,485,21
106000075,256,1054,-798
106000076,1273,1379,-106
106000077,2170,869,1301
106000078,771,605,166
106000079,593,565,28
106000080,893,382,511
106000081,551,764,-213
106000082,1510,539,971
106000083,397,971,-574
106000084,898,464,434
106000085,959,1071,-112
106000086,409,630,-221
106000087,671,349,322
106000088,291,538,-247
106000089,849,215,634
106000090,296,435,-139
106000091,210,261,-51
106000092,421,155,266
106000093,297,79,218
106000094,74,198,-124
106000095,684,489,195
106000096,750,383,367
106000097,885,491,394
106000098,538,525,13
106000099,154,474,-320
106000100,1131,134,997
106000101,1131,231,900
106000102,196,429,-233
106000103,238,434,-196
106000104,751,290,461
106000105,392,360,32
106000106,526,272,254
106000107,128,190,-62
106000108,339,218,121
106000109,148,135,13
106000110,196,224,-28
106000111,226,179,47
106000112,196,459,-263
106000113,472,358,114
106000114,344,535,-191
106000115,164,212,-48
106000116,272,118,154
106000117,449,214,235
106000118,858,997,-139
106000119,626,473,153
106000120,659,1029,-370
106000121,215,145,70
106000122,129,100,29
106000123,458,106,352
106000124,56,96,-40
106000125,30,131,-101
106000126,259,59,200
106000127,854,358,496
106000128,678,135,543
106000129,404,293,111
106000130,651,210,441
106000131,98,562,-464
106000132,404,143,261
106000133,987,864,123
106000134,363,1621,-1258
106000135,121,339,-218
106000136,488,727,-239
106000137,44,340,-296
106000138,999,102,897
106000139,31,66,-35
106000140,57,19,38
106000141,82,20,62
106000142,79,55,24
106000143,31,31,0
106000144,77,39,38
106000145,227,127,100
106000146,385,109,276
106000147,553,363,190
106000148,791,503,288
106000149,473,353,120
106000150,402,1553,-1151
106000151,2102,609,1493
106000152,693,1559,-866
106000153,121,1324,-1203
106000154,840,137,703
106000155,126,186,-60
106000156,771,171,600
106000157,439,1103,-664
106000158,1383,633,750
106000159,1519,1416,103
106000160,385,2076,-1691
106000161,967,158,809
106000162,206,757,-551
106000163,319,198,121
106000164,431,200,231
106000165,187,313,-126
106000166,593,184,409
106000167,280,453,-173
106000168,504,160,344
106000169,232,394,-162
106000170,670,178,492
106000171,212,775,-563
106000172,2085,892,1193
106000173,913,1534,-621
106000174,927,286,641
106000175,194,526,-332
106000176,1528,698,830
106000177,520,1228,-708
106000178,2243,1076,1167
106000179,603,1039,-436
106000180,554,717,-163
106000181,746,944,-198
106000182,1257,437,820
106000183,1155,300,855
106000184,1438,300,1138
106000185,807,735,72
106000186,525,79,446
106000187,118,678,-560
106000188,0,1,-1
106000189,17,38,-21
106000190,16,2,14
106000191,450,103,347
106000192,2,13,-11
106000193,279,149,130
106000194,111,182,-71
106000195,331,108,223
106000196,86,273,-187
106000197,429,174,255
106000198,101,123,-22
106000199,395,602,-207
106000200,137,190,-53
106000201,333,2320,-1987
106000202,1626,367,1259
106000203,15,143,-128
106000204,71,8,63
106000205,11,95,-84
106000206,85,24,61
106000207,29,326,-297
106000208,991,127,864
106000209,1211,272,939
106000210,217,483,-266
106000211,214,755,-541
106000212,706,405,301
106000213,323,1176,-853
106000214,1542,394,1148
106000215,199,296,-97
106000216,352,273,79
106000217,229,211,18
106000218,354,229,125
106000219,166,189,-23
106000220,453,170,283
106000221,190,119,71
106000222,60,39,21
106000223,197,76,121
106000224,173,102,71
106000225,111,87,24
106000226,94,141,-47
106000228,40,65,-25
106000229,52,409,-357
106000231,760,100,660
106000232,66,159,-93
106000233,320,50,270
106000234,61,119,-58
106000235,269,72,197
106000236,112,53,59
106000237,2,22,-20
106000238,18,28,-10
106000239,2,65,-63
106000240,26,7,19
106000241,16,365,-349
106000242,193,31,162
106000249,43,40,3
106000250,52,360,-308
106000251,70,16,54
106000252,14,47,-33
106000253,47,35,12
106000254,35,24,11
106000255,14,107,-93
106000256,61,24,37
106000257,139,117,22
106000258,104,26,78
106000259,4,28,-24
106000260,45,8,37
106000261,1,32,-31
106000262,56,9,47
106000263,11,29,-18
106000264,150,11,139
106000265,7,77,-70
106000266,80,24,56
106000267,5,48,-43
106000268,286,42,244
106000269,28,32,-4
106000270,99,246,-147
106000271,40,106,-66
106000272,115,36,79
106000273,10,147,-137
106000274,123,34,89
106000275,121,195,-74
106000276,99,29,70
106000277,110,268,-158
106000278,140,30,110
106000279,3,7,-4
106000280,61,32,29
106000281,95,42,53
106000282,54,39,15
106000283,118,39,79
106000284,57,45,12
106000285,59,50,9
106000286,75,73,2
106000287,108,45,63
106000288,77,100,-23
106000289,69,32,37
106000290,84,46,38
106000291,66,71,-5
106000292,78,57,21
106000293,96,59,37
106000294,86,91,-5
106000295,21,39,-18
106000296,24,63,-39
106000297,56,151,-95
106000298,65,53,12
106000299,58,83,-25
106000300,47,66,-19
106000301,54,63,-9
106000303,15,39,-24
106000304,17,12,5
106000305,31,30,1
106000306,26,34,-8
106000307,42,16,26
106000308,14,44,-30
106000309,11,38,-27
106000310,197,243,-46
106000311,265,101,164
106000312,113,97,16
106000313,163,98,65
106000318,56,275,-219
106000319,720,190,530
106000320,1,55,-54
106000321,199,94,105
106000322,148,67,81
106000324,19,101,-82
106000325,1410,673,737
106000326,1025,1276,-251
106000327,201,62,139
106000328,21,74,-53
106000329,40,148,-108
106000330,21,52,-31
106000428,88,136,-48
106000429,118,342,-224
106000430,302,843,-541
106000431,1938,373,1565
106000432,1365,1991,-626
106000433,2220,1232,988
106000434,2475,1185,1290
106000435,839,1650,-811
106000436,11,98,-87
106000437,186,23,163
106000438,377,156,221
106000439,62,252,-190
106000440,229,424,-195
106000441,0,0,0
106000442,130,6,124
106000443,180,158,22
106000450,2,69,-67
106000451,29,45,-16
106000454,0,75,-75
106000455,11,119,-108
106000456,59,17,42
106000457,17,449,-432
106000458,759,68,691
106000459,150,175,-25
106000460,1361,18,1343
106000461,92,490,-398
106000462,2,26,-24
106000463,4,6,-2
106000464,4,282,-278
106000465,622,3,619
106000466,5,294,-289
106000467,179,296,-117
106000468,109,82,27
106000469,90,1,89
106000470,187,1427,-1240
106000471,15,285,-270
106000472,139,15,124
106000473,28,15,13
106000474,400,241,159
106000475,437,218,219
106000476,126,185,-59
106000477,41,77,-36
106000480,1,262,-261
106900001,1,8,-7
106900002,12,188,-176
106900003,134,665,-531
106900004,0,12,-12
106900006,0,7,-7
106900007,0,9,-9
106900008,260,71,189
106900009,394,203,191
106900010,210,158,52
106900012,755,1648,-893
106900013,503,143,360
106900014,31,2,29
106900015,6,0,6
106900016,238,13,225
106900017,5,1,4
106900018,2,0,2
106900019,43,0,43
106900020,1391,1286,105
106900021,200,197,3
106900022,599,4,595
106900023,17,113,-96
106900024,503,53,450
106900025,49,435,-386
106900026,26,293,-267
106900027,650,5,645
107000001,3033,3219,-186
107000002,1292,2381,-1089
107000003,5219,4943,276
107000004,2752,2213,539
107000005,4959,4602,357
107000006,2774,1834,940
107000007,4380,7475,-3095
107000008,4973,3687,1286
107000009,7004,6496,508
107000010,6160,5440,720
107000011,831,820,11
107000012,2734,1617,1117
107000013,181,101,80
107000014,65,117,-52
107000015,410,427,-17
107000016,638,457,181
107000017,1409,1961,-552
107000018,6,1623,-1617
107000020,1109,1946,-837
107000021,1000,308,692
107000022,665,1432,-767
107000023,1664,169,1495
107000024,499,815,-316
107000025,155,275,-120
107000026,298,279,19
107000027,1290,748,542
107000028,1159,729,430
107000029,2963,2464,499
107000030,2138,1718,420
107000031,3875,1853,2022
107000032,364,676,-312
107000033,1601,2349,-748
107000034,2721,884,1837
107000035,276,133,143
107000036,321,847,-526
107000037,70,567,-497
107000038,149,164,-15
107000039,767,670,97
107000040,154,183,-29
107000041,969,581,388
107000042,515,1404,-889
107000043,1618,792,826
107000044,356,283,73
107000045,54,194,-140
107000046,610,339,271
107000047,359,658,-299
107000048,495,219,276
107000049,568,576,-8
107000050,871,464,407
107000051,190,265,-75
107000052,839,878,-39
107000053,299,192,107
107000054,47,204,-157
107000055,303,121,182
107000056,431,557,-126
107000057,1298,197,1101
107000058,1720,1853,-133
107000059,1251,2123,-872
107000060,4170,4108,62
107000061,3440,2233,1207
107000062,4231,2190,2041
107000063,3071,2720,351
107000064,3922,1908,2014
107000065,2494,2758,-264
107000066,1296,2236,-940
107000067,1107,1086,21
107000068,1005,643,362
107000069,799,466,333
107000070,900,21,879
107000071,3092,36,3056
107000072,29,1183,-1154
107000073,696,369,327
107000074,103,741,-638
107000075,1601,465,1136
107000076,402,611,-209
107000077,3120,1306,1814
107000078,1831,1655,176
107000079,2369,947,1422
107000080,879,1769,-890
107000081,1721,462,1259
107000082,374,660,-286
107000083,1191,382,809
107000084,394,976,-582
107000085,2453,2641,-188
107000086,2695,2589,106
107000087,2465,1526,939
107000088,2529,2585,-56
107000089,1402,1311,91
107000090,856,833,23
107000091,1274,714,560
107000092,619,715,-96
107000093,1163,714,449
107000094,945,879,66
107000095,770,470,300
107000096,407,502,-95
107000097,764,291,473
107000098,384,393,-9
107000099,410,255,155
107000100,190,289,-99
107000101,55,162,-107
107000102,132,200,-68
107000103,207,134,73
107000104,152,205,-53
107000105,365,106,259
107000106,201,156,45
107000107,471,95,376
107000108,93,343,-250
107000109,577,150,427
107000110,54,295,-241
107000111,330,43,287
107000112,26,150,-124
107000113,622,79,543
107000114,64,300,-236
107000115,627,166,461
107000116,80,408,-328
107000117,107,742,-635
107000118,103,113,-10
107000119,1063,1217,-154
107000120,646,402,244
107000121,852,525,327
107000122,918,533,385
107000123,452,449,3
107000124,524,530,-6
107000125,855,402,453
107000126,788,456,332
107000129,165,409,-244
107000130,551,197,354
107000131,268,356,-88
107000132,409,257,152
107000133,399,134,265
107000134,211,1,210
107000135,1,270,-269
107000136,559,3,556
107000137,11,331,-320
107000138,223,23,200
107000139,9,539,-530
107000140,1162,79,1083
107000141,167,541,-374
107000142,407,71,336
107000143,38,451,-413
107000144,543,403,140
107000145,144,370,-226
107000146,134,226,-92
107000147,3719,854,2865
107000150,297,2022,-1725
107000151,23,74,-51
107000152,390,1144,-754
107000153,75,218,-143
107000154,154,198,-44
107000155,664,24,640
107000156,937,21,916
107000157,108,714,-606
107000158,720,16,704
107000159,43,450,-407
107000160,1131,113,1018
107000161,43,578,-535
107000162,191,433,-242
107000163,166,38,128
107000164,728,2,726
107000165,1035,5,1030
107000166,25,558,-533
107000167,563,160,403
107000168,863,463,400
107000169,501,682,-181
107000170,2083,658,1425
107000171,454,797,-343
107000172,1247,1246,1
107000173,524,583,-59
107000174,1058,4496,-3438
107000175,3786,1076,2710
107000176,0,0,0
107000177,1,0,1
107000178,17,20,-3
107000179,227,1013,-786
107000180,1303,183,1120
107000181,347,631,-284
107000182,1770,483,1287
107000183,119,443,-324
107000184,1063,416,647
107000185,375,886,-511
107000186,962,347,615
107000187,1154,831,323
107000188,527,431,96
107000189,437,652,-215
107000190,542,452,90
107000191,722,776,-54
107000192,1259,437,822
107000193,292,338,-46
107000194,738,448,290
107000197,822,258,564
107000198,292,457,-165
107000199,534,472,62
107000200,443,488,-45
107000201,332,212,120
107000202,288,303,-15
107000203,734,846,-112
107000204,897,990,-93
107000205,1495,648,847
107000206,540,1115,-575
107000207,551,740,-189
107000208,634,395,239
107000209,1006,1044,-38
107000210,258,132,126
107000211,1,43,-42
107000212,14,256,-242
107000213,0,28,-28
107000214,21,100,-79
107000215,341,268,73
107000216,411,306,105
107000217,147,104,43
107000219,80,109,-29
107000220,143,77,66
107000222,237,371,-134
107000224,473,55,418
107000225,204,174,30
107000226,429,73,356
107000227,112,83,29
107000228,100,391,-291
107000229,71,96,-25
107000230,682,340,342
107000231,825,1471,-646
107000232,134,24,110
107000233,655,766,-111
107000234,2,42,-40
107000235,100,4,96
107000236,24,395,-371
107000237,38,0,38
107000238,23,0,23
107000239,2131,353,1778
107000240,62,493,-431
107000243,0,39,-39
107000244,2,60,-58
107000246,3,923,-920
107000249,3,967,-964
107000251,1,287,-286
107000252,0,506,-506
107000255,244,109,135
107000257,3,367,-364
107000258,1,144,-143
107000259,1,96,-95
107000260,1379,25,1354
107000262,14,261,-247
107000263,320,7,313
107000266,8,7,1
107000267,41,90,-49
107000268,93,75,18
107000269,123,12,111
107000270,128,30,98
107000271,10,67,-57
107000272,81,6,75
107000273,13,240,-227
107000274,546,15,531
107000275,317,2456,-2139
107000280,795,24,771
107000281,35,339,-304
107000282,91,455,-364
107000290,18,35,-17
107000291,17,5,12
107000292,1,133,-132
107000293,53,7,46
107000294,1,40,-39
107000295,52,2,50
107000296,0,7,-7
107000444,243,1,242
107000496,3,13,-10
107000497,1108,1146,-38
107000500,256,208,48
107000501,86,95,-9
107000502,109,181,-72
107000505,243,552,-309
107000506,0,2,-2
107000508,1,264,-263
107000509,185,503,-318
107000510,25,24,1
107000514,38,398,-360
107000515,8,91,-83
107000516,428,188,240
107000518,1123,1467,-344
107000519,915,693,222
107000520,79,36,43
107000521,558,271,287
107000522,1101,378,723
107900001,53,63,-10
107900002,35,7,28
107900003,339,68,271
107900004,1,1,0
107900005,1227,1,1226
107900006,177,1,176
107900007,283,39,244
107900008,51,13,38
107900009,74,2,72
107900010,46,2,44
107900012,225,43,182
107900013,127,14,113
107900014,58,5,53
107900015,759,15,744
107900016,239,56,183
107900017,19,1,18
107900018,63,124,-61
107900019,22,14,8
107900020,37,6,31
107900021,76,55,21
107900023,4,0,4
107900024,0,3,-3
107900025,160,120,40
107900026,60,16,44
107900027,31,42,-11
107900028,89,37,52
107900030,205,29,176
107900031,49,61,-12
107900032,6,3,3
107900033,19,6,13
107900034,229,20,209
107900035,802,38,764
107900036,62,15,47
107900037,0,9,-9
107900038,87,192,-105
107900039,39,6,33
107900040,22,103,-81
107900041,1,1,0
107900043,19,74,-55
107900044,11,4,7
107900045,86,39,47
107900046,168,147,21
107900047,12,4,8
107900048,177,7,170
107900049,234,748,-514
107900050,64,142,-78
107900051,100,12,88
107900052,23,35,-12
107900053,42,55,-13
107900055,431,236,195
107900056,87,46,41
107900057,1,0,1
107900058,17,292,-275
107900060,23,32,-9
107900061,7,4,3
107900063,63,96,-33
107900064,205,133,72
107900065,192,7,185
107900066,35,5,30
107900067,0,0,0
107900068,104,406,-302
107900069,49,1931,-1882
107900070,145,32,113
107900071,27,266,-239
107900072,112,83,29
107900073,103,75,28
107900074,378,269,109
107900076,118,28,90
107900077,66,0,66
107900079,7,13,-6
107900080,210,516,-306
107900081,79,75,4
107900082,13,5,8
107900083,299,144,155
107900084,86,65,21
107900086,39,125,-86
107900087,383,142,241
107900088,32,7,25
107900089,155,576,-421
107900090,516,1734,-1218
107900091,107,169,-62
107900093,61,30,31
107900095,1984,1746,238
107900097,14,43,-29
107900098,58,119,-61
107900100,577,982,-405
107900101,543,104,439
107900102,26,11,15
107900103,43,100,-57
107900104,131,4,127
107900105,1,177,-176
107900106,2,467,-465
107900107,1315,401,914
107900108,124,102,22
107900109,1313,24,1289
107900110,61,50,11
107900111,4,308,-304
107900112,57,287,-230
107900113,178,43,135
107900114,176,86,90
107900115,1,18,-17
107900116,150,56,94
107900117,213,162,51
107900118,35,100,-65
107900119,83,196,-113
107900120,24,32,-8
107900121,1,85,-84
107900122,2,69,-67
107900123,11,34,-23
107900124,12,19,-7
107900125,10,138,-128
107900126,19,56,-37
107900127,476,355,121
107900128,51,72,-21
107900129,79,13,66
107900130,65,12,53
107900131,347,222,125
107900132,61,190,-129
107900133,0,40,-40
107900134,26,90,-64
107900135,3,81,-78
107900136,66,19,47
107900137,83,99,-16
107900138,72,20,52
107900139,30,12,18
107900141,25,23,2
107900142,33,375,-342
107900143,50,13,37
107900144,3,120,-117
107900145,13,41,-28
107900146,62,79,-17
107900147,30,26,4
107900148,85,70,15
107900149,382,130,252
107900150,47,287,-240
107900151,56,79,-23
107900152,9,63,-54
107900153,77,231,-154
107900154,38,18,20
107900155,84,37,47
107900156,2,144,-142
107900157,31,37,-6
107900158,601,31,570
107900159,25,358,-333
107900160,142,147,-5
107900161,46,93,-47
107900162,2,39,-37
107900163,21,21,0
107900164,13,19,-6
107900165,33,146,-113
107900166,12,80,-68
107900167,15,34,-19
107900168,51,21,30
107900169,1,149,-148
107900171,3,602,-599
107900172,2,157,-155
107900173,18,40,-22
107900174,120,6,114
107900175,22,41,-19
107900176,38,19,19
107900177,0,124,-124
107900178,2,106,-104
107900179,15,78,-63
107900180,251,514,-263
107900181,241,213,28
107900182,6,472,-466
107900183,29,98,-69
107900184,73,125,-52
107900185,120,8,112
107900186,26,37,-11
107900187,2,109,-107
107900188,338,110,228
107900189,11,65,-54
107900190,44,136,-92
107900191,41,69,-28
107900193,4,43,-39
107900194,180,9,171
107900195,990,182,808
107900196,63,65,-2
107900197,393,366,27
107900199,0,568,-568
107900201,45,62,-17
107900203,25,38,-13
107900204,157,113,44
107900206,904,236,668
107900207,2,375,-373
107900208,10,245,-235
107900209,240,90,150
107900210,43,41,2
107900213,316,290,26
107900214,8,59,-51
107900215,93,257,-164
107900216,135,39,96
107900217,25,74,-49
107900218,9,1193,-1184
107900219,26,47,-21
107900220,173,232,-59
107900221,93,120,-27
107900223,74,241,-167
107900224,63,286,-223
107900225,1,305,-304
107900226,109,57,52
107900227,92,205,-113
107900228,27,61,-34
107900229,1,93,-92
107900230,12,33,-21
107900231,18,119,-101
107900232,84,62,22
107900233,5,43,-38
107900234,99,61,38
107900235,15,74,-59
107900236,163,46,117
107900237,14,194,-180
107900238,17,55,-38
107900239,349,418,-69
107900240,18,47,-29
107900241,12,37,-25
107900242,16,89,-73
107900243,0,39,-39
107900244,247,13,234
107900245,527,59,468
107900246,251,21,230
107900248,209,99,110
107900249,693,21,672
107900250,1,218,-217
107900251,81,670,-589
107900252,671,17,654
107900253,189,3,186
107900254,44,190,-146
107900255,182,68,114
107900256,794,1664,-870
107900257,146,85,61
107900258,91,117,-26
107900259,71,1660,-1589
107900261,2,84,-82
107900262,22,54,-32
107900264,347,11,336
107900265,174,105,69
107900267,259,7,252
107900268,7,0,7
107900269,0,2,-2
107900270,0,0,0
107900271,0,6,-6
107900272,18,8,10
107900273,37,51,-14
107900274,96,1,95
107900275,32,0,32
107900276,0,73,-73
107900277,0,74,-74
107900278,197,237,-40
107900279,37,140,-103
107900280,1402,1602,-200
107900281,542,2399,-1857
107900282,29,395,-366
107900283,487,374,113
107900284,519,330,189
107900285,73,22,51
107900286,35,41,-6
107900287,221,146,75
107900290,0,171,-171
107900291,450,43,407
107900292,70,86,-16
107900293,70,194,-124
107900295,26,27,-1
107900297,0,165,-165
107900298,476,489,-13
107900299,1637,2063,-426
107900301,518,599,-81
107900302,92,11,81
107900303,163,137,26
107900304,290,194,96
107900305,234,10,224
107900306,4,16,-12
107900307,53,200,-147
107900308,190,109,81
107900309,66,0,66
107900310,251,2,249
107900311,7,665,-658
107900312,66,0,66
107900313,2,121,-119
107900314,2,39,-37
107900315,2,43,-41
107900316,30,5,25
107900317,77,17,60
107900318,6,113,-107
107900319,2,91,-89
107900320,0,64,-64
107900321,98,1,97
107900322,2,62,-60
107900323,7,77,-70
107900324,97,1,96
107900325,76,0,76
107900326,292,107,185
107900327,0,44,-44
107900328,57,2,55
107900329,37,71,-34
107900330,8,151,-143
107900331,206,17,189
107900332,314,14,300
107900333,82,15,67
107900334,8,105,-97
107900335,40,31,9
107900336,49,35,14
107900337,512,743,-231
107900338,3,90,-87
107900339,5,13,-8
107900340,0,44,-44
107900341,62,0,62
107900342,137,127,10
107900343,36,4,32
107900344,6,41,-35
107900345,96,19,77
107900346,14,1,13
107900347,11,0,11
107900348,0,4,-4
107900349,11,3,8
107900350,10,132,-122
107900351,2,107,-105
107900352,2,14,-12
107900353,13,6,7
107900354,9,20,-11
108000001,2567,2708,-141
108000002,1243,1285,-42
108000003,2913,2828,85
108000004,7701,8695,-994
108000005,6478,5325,1153
108000006,4715,4591,124
108000007,4112,3159,953
108000008,3388,3789,-401
108000009,3066,3410,-344
108000010,2168,2692,-524
108000011,10020,9474,546
108000012,9807,9449,358
108000014,541,809,-268
108000015,702,219,483
108000016,237,619,-382
108000017,896,273,623
108000018,1532,390,1142
108000019,1341,606,735
108000020,1033,327,706
108000021,210,1098,-888
108000022,243,809,-566
108000023,1037,146,891
108000024,268,344,-76
108000025,178,45,133
108000026,981,243,738
108000027,652,379,273
108000028,843,161,682
108000029,449,490,-41
108000030,504,136,368
108000031,173,336,-163
108000032,1548,499,1049
108000033,562,634,-72
108000034,1496,336,1160
108000035,455,1197,-742
108000036,338,559,-221
108000037,1623,298,1325
108000038,2262,417,1845
108000039,406,1153,-747
108000040,1592,766,826
108000041,543,1384,-841
108000042,295,167,128
108000043,178,277,-99
108000044,445,113,332
108000045,222,189,33
108000046,1260,279,981
108000047,287,475,-188
108000048,103,248,-145
108000049,735,209,526
108000050,139,388,-249
108000051,281,148,133
108000052,96,328,-232
108000053,330,197,133
108000054,317,684,-367
108000055,885,511,374
108000056,1236,1220,16
108000057,587,1056,-469
108000058,1591,3067,-1476
108000059,2141,1236,905
108000060,228,565,-337
108000061,332,305,27
108000062,818,453,365
108000063,373,297,76
108000064,209,181,28
108000065,399,269,130
108000066,1100,584,516
108000067,1558,531,1027
108000068,736,364,372
108000069,162,467,-305
108000070,1606,593,1013
108000071,511,808,-297
108000072,1430,823,607
108000073,794,871,-77
108000074,568,286,282
108000075,239,415,-176
108000076,690,402,288
108000077,487,394,93
108000078,1919,836,1083
108000079,515,519,-4
108000080,1227,372,855
108000081,468,984,-516
108000082,713,1044,-331
108000083,1693,784,909
108000084,309,640,-331
108000085,735,387,348
108000086,495,421,74
108000087,141,1860,-1719
108000088,663,143,520
108000089,330,205,125
108000091,216,319,-103
108000092,158,63,95
108000093,197,248,-51
108000094,544,80,464
108000095,135,193,-58
108000096,322,110,212
108000097,146,229,-83
108000098,1608,941,667
108000099,848,216,632
108000100,164,363,-199
108000101,1199,1204,-5
108000102,1370,3133,-1763
108000106,885,0,885
108000107,0,506,-506
108000108,493,21,472
108000109,4,585,-581
108000110,247,190,57
108000111,138,329,-191
108000112,32,129,-97
108000113,315,113,202
108000115,190,204,-14
108000117,527,311,216
108000118,454,1729,-1275
108000119,394,197,197
108000120,152,580,-428
108000121,121,219,-98
108000122,470,239,231
108000123,547,94,453
108000124,310,164,146
108000125,392,119,273
108000126,168,251,-83
108000127,507,168,339
108000128,451,234,217
108000129,327,341,-14
108000130,513,147,366
108000131,871,453,418
108000132,1244,719,525
108000133,889,417,472
108000134,421,324,97
108000135,924,368,556
108000136,268,693,-425
108000137,461,170,291
108000138,370,523,-153
108000139,502,188,314
108000140,94,13,81
108000141,23,21,2
108000142,46,48,-2
108000143,44,235,-191
108000144,449,43,406
108000145,30,8,22
108000146,652,56,596
108000147,29,10,19
108000148,588,54,534
108000149,16,10,6
108000150,42,10,32
108000151,142,50,92
108000152,104,233,-129
108000153,559,110,449
108000154,34,4,30
108000155,25,24,1
108000156,540,252,288
108000157,98,1011,-913
108000158,61,685,-624
108000159,238,168,70
108000160,1472,797,675
108000161,1304,2099,-795
108000165,6,130,-124
108000172,14,234,-220
108000173,847,1539,-692
108000175,505,118,387
108000178,314,200,114
108000179,166,755,-589
108000181,71,14,57
108000182,202,66,136
108000183,25,318,-293
108000184,542,1797,-1255
108000185,193,194,-1
108000186,320,213,107
108000187,92,226,-134
108000188,589,120,469
108000189,1078,7579,-6501
108000190,49,192,-143
108000192,206,318,-112
108000193,378,12,366
108000194,29,13,16
108000195,0,554,-554
108000196,140,132,8
108000198,619,156,463
108000199,0,237,-237
108000200,369,209,160
108000203,92,286,-194
108000204,96,38,58
108000205,114,187,-73
108000339,742,331,411
108000364,215,458,-243
108000365,64,185,-121
108000367,85,192,-107
108000368,2,39,-37
108000369,387,177,210
108000371,6,588,-582
108000372,491,14,477
108000373,191,122,69
108000376,89,42,47
108000377,447,164,283
108000378,7128,8148,-1020
108000379,16,132,-116
108000381,68,11,57
108000382,95,0,95
108000383,0,215,-215
108900001,47,562,-515
108900002,99,43,56
108900003,247,361,-114
108900004,102,404,-302
108900007,350,130,220
108900008,140,102,38
108900009,94,103,-9
108900010,341,168,173
108900011,705,316,389
108900012,301,424,-123
108900013,176,203,-27
108900014,17,92,-75
108900015,7,128,-121
108900016,3,177,-174
108900017,267,323,-56
108900018,144,183,-39
108900019,35,315,-280
108900020,32,104,-72
108900021,112,144,-32
108900022,65,2,63
108900023,44,42,2
108900024,20,43,-23
108900025,140,67,73
108900026,7,78,-71
108900027,0,26,-26
108900028,67,122,-55
108900029,37,96,-59
108900030,0,50,-50
108900031,99,173,-74
108900032,4,94,-90
108900033,0,54,-54
108900034,1,112,-111
108900035,286,604,-318
108900038,2,185,-183
108900039,0,214,-214
108900040,5,88,-83
108900041,2971,2474,497
108900042,9,330,-321
108900043,48,262,-214
108900044,1,216,-215
108900045,89,243,-154
108900046,22,331,-309
108900047,34,127,-93
108900048,77,439,-362
108900049,1319,1194,125
108900050,1,112,-111
108900051,0,76,-76
108900052,36,113,-77
108900053,60,169,-109
108900054,62,135,-73
108900055,53,214,-161
108900056,0,101,-101
108900057,0,85,-85
108900058,27,160,-133
108900059,441,51,390
108900060,64,103,-39
108900061,66,31,35
108900062,0,150,-150
108900063,7,123,-116
108900064,212,22,190
108900065,3,97,-94
108900066,379,83,296
108900067,8,101,-93
108900068,10,66,-56
108900069,66,43,23
108900070,9,43,-34
108900071,73,52,21
108900072,1237,391,846
108900073,21,157,-136
108900074,198,122,76
108900075,35,31,4
108900076,313,38,275
108900077,66,193,-127
108900078,48,76,-28
108900079,460,107,353
108900080,18,592,-574
108900081,48,154,-106
108900082,79,65,14
108900083,8,265,-257
108900085,1246,138,1108
108900086,141,129,12
108900087,68,91,-23
108900088,709,328,381
108900089,16,104,-88
108900090,51,108,-57
108900091,121,32,89
108900092,403,245,158
108900093,110,88,22
108900094,169,63,106
108900095,20,153,-133
108900096,175,10,165
108900097,296,146,150
108900098,880,588,292
108900099,339,132,207
108900100,74,79,-5
108900101,149,189,-40
108900102,68,806,-738
108900103,99,124,-25
108900105,5,1112,-1107
108900106,468,149,319
108900108,329,39,290
108900109,344,54,290
108900110,195,196,-1
108900111,448,270,178
108900113,48,85,-37
108900114,125,14,111
108900115,67,51,16
108900116,38,12,26
108900117,134,2,132
108900118,556,20,536
108900119,230,26,204
108900120,258,127,131
108900121,253,86,167
108900122,128,12,116
108900123,146,142,4
108900124,494,155,339
108900125,382,3,379
108900126,104,26,78
108900127,147,29,118
108900128,146,32,114
108900129,719,114,605
108900130,339,3,336
108900131,345,11,334
108900132,432,48,384
108900133,295,38,257
108900134,398,151,247
108900135,159,16,143
108900136,30,0,30
108900137,148,5,143
108900138,798,48,750
108900140,385,149,236
108900141,340,15,325
108900142,115,3,112
108900143,70,1,69
108900144,111,1,110
108900145,230,15,215
108900146,74,0,74
108900147,211,1,210
108900148,51,16,35
108900150,175,11,164
108900151,109,8,101
108900152,284,5,279
108900153,146,155,-9
108900154,3786,347,3439
108900156,60,9,51
108900157,29,185,-156
108900158,310,20,290
108900159,1,101,-100
108900160,8,134,-126
108900161,5,210,-205
108900162,88,0,88
108900163,4,201,-197
108900164,49,61,-12
108900168,3665,1938,1727
108900169,57,79,-22
108900171,3136,2678,458
108900172,165,29,136
108900173,108,172,-64
108900174,746,507,239
108900176,91,270,-179
108900177,2725,4574,-1849
108900178,2109,2816,-707
108900180,121,242,-121
108900183,201,141,60
108900184,398,124,274
108900185,121,185,-64
108900186,44,189,-145
108900189,309,82,227
108900190,38,1283,-1245
108900192,75,155,-80
108900195,99,129,-30
108900196,20,157,-137
108900199,179,241,-62
108900200,506,333,173
108900201,400,943,-543
108900203,336,108,228
108900204,255,17,238
108900205,131,41,90
108900206,366,39,327
108900207,153,73,80
108900208,6,200,-194
108900209,153,321,-168
108900210,115,148,-33
108900211,103,430,-327
108900212,317,1056,-739
108900215,72,209,-137
108900216,256,298,-42
108900217,105,0,105
108900218,66,5,61
108900221,32,152,-120
108900224,15,96,-81
108900225,1,119,-118
108900227,95,279,-184
108900230,100,135,-35
108900232,1,104,-103
108900233,289,82,207
108900234,260,142,118
108900235,138,285,-147
108900236,29,154,-125
108900240,78,88,-10
108900241,26,29,-3
108900245,9,995,-986
108900250,178,44,134
108900258,9,121,-112
108900259,20,40,-20
108900260,3,38,-35
108900261,46,98,-52
108900262,114,130,-16
108900263,24,90,-66
108900264,404,173,231
108900265,755,405,350
108900266,358,601,-243
108900267,4,122,-118
108900268,7,9,-2
108900269,78,21,57
108900270,51,6,45
108900271,48,8,40
108900272,190,8,182
108900273,493,851,-358
108900274,81,32,49
109000001,1885,1599,286
109000002,793,1420,-627
109000003,2029,331,1698
109000004,446,1681,-1235
109000005,2144,504,1640
109000006,629,1400,-771
109000007,1202,484,718
109000008,459,1198,-739
109000009,2720,1080,1640
109000010,875,1961,-1086
109000011,2928,1438,1490
109000012,1514,2003,-489
109000013,3083,2394,689
109000014,1522,1667,-145
109000015,3828,8660,-4832
109000016,3849,1909,1940
109000017,2250,951,1299
109000018,1187,1670,-483
109000019,2212,1234,978
109000020,957,1347,-390
109000023,203,17,186
109000024,21,175,-154
109000025,281,436,-155
109000026,467,286,181
109000027,62,263,-201
109000028,149,51,98
109000029,99,130,-31
109000030,44,415,-371
109000031,165,118,47
109000032,122,278,-156
109000033,248,127,121
109000034,41,40,1
109000035,24,56,-32
109000036,87,223,-136
109000037,232,1598,-1366
109000038,353,255,98
109000039,785,654,131
109000040,1384,6281,-4897
109000041,1448,1424,24
109000042,404,942,-538
109000044,398,136,262
109000045,234,268,-34
109000046,309,57,252
109000047,37,258,-221
109000048,1041,374,667
109000049,206,379,-173
109000050,388,472,-84
109000051,276,139,137
109000052,386,369,17
109000053,1308,314,994
109000054,284,331,-47
109000055,196,705,-509
109000056,334,202,132
109000057,607,402,205
109000058,1138,168,970
109000059,382,798,-416
109000060,370,328,42
109000061,541,724,-183
109000062,116,251,-135
109000063,137,72,65
109000064,275,89,186
109000065,104,122,-18
109000066,296,26,270
109000067,62,136,-74
109000068,896,8,888
109000069,498,25,473
109000070,12,1707,-1695
109000071,336,54,282
109000072,122,408,-286
109000073,51,51,0
109000074,13,116,-103
109000075,55,234,-179
109000076,218,249,-31
109000077,291,225,66
109000078,81,125,-44
109000079,135,104,31
109000080,210,78,132
109000081,162,301,-139
109000082,758,143,615
109000083,239,369,-130
109000088,105,347,-242
109000089,181,53,128
109000090,110,280,-170
109000091,273,124,149
109000092,225,259,-34
109000093,283,142,141
109000094,537,1,536
109000095,78,183,-105
109000096,577,206,371
109000097,85,89,-4
109000098,25,97,-72
109000099,649,187,462
109000100,190,546,-356
109000101,1220,445,775
109000102,288,532,-244
109000103,873,377,496
109000104,1471,318,1153
109000105,332,579,-247
109000106,1632,494,1138
109000107,479,902,-423
109000108,1544,347,1197
109000109,370,902,-532
109000110,841,380,461
109000111,565,1069,-504
109000112,247,59,188
109000113,227,109,118
109000114,81,198,-117
109000115,802,84,718
109000116,25,567,-542
109000117,317,39,278
109000118,10,146,-136
109000119,1196,145,1051
109000120,200,358,-158
109000121,767,77,690
109000122,150,347,-197
109000123,45,141,-96
109000124,665,255,410
109000125,569,231,338
109000126,406,412,-6
109000127,1625,226,1399
109000128,418,653,-235
109000129,1991,483,1508
109000130,600,1027,-427
109000131,1339,839,500
109000132,857,1548,-691
109000133,223,482,-259
109000134,494,776,-282
109000135,720,1241,-521
109000136,250,188,62
109000137,284,284,0
109000138,392,140,252
109000139,441,301,140
109000140,242,338,-96
109000141,872,335,537
109000142,111,314,-203
109000143,86,86,0
109000145,45,241,-196
109000146,25,24,1
109000148,1576,1094,482
109000149,23,44,-21
109000150,99,168,-69
109000155,711,591,120
109000156,648,389,259
109000158,91,204,-113
109000159,85,227,-142
109000160,745,101,644
109000161,318,525,-207
109000162,1490,374,1116
109000163,771,1002,-231
109000164,983,1474,-491
109000165,1034,349,685
109000166,532,42,490
109000167,69,215,-146
109000170,35,43,-8
109000171,38,31,7
109000172,39,65,-26
109000173,29,54,-25
109000174,71,27,44
109000175,118,208,-90
109000176,244,138,106
109000177,26,70,-44
109000178,713,199,514
109000179,2285,3993,-1708
109000180,2473,2739,-266
109000181,40,13,27
109000182,33,30,3
109000183,15,12,3
109000184,55,54,1
109000185,46,36,10
109000188,346,833,-487
109000189,1756,587,1169
109000190,560,296,264
109000191,262,267,-5
109000192,385,123,262
109000193,119,161,-42
109000194,240,53,187
109000195,146,184,-38
109000196,200,67,133
109000197,168,163,5
109000198,286,50,236
109000199,98,232,-134
109000206,178,23,155
109000207,98,18,80
109000208,68,73,-5
109000209,133,83,50
109000210,114,304,-190
109000211,631,266,365
109000214,442,416,26
109000215,154,48,106
109000216,233,198,35
109000217,124,86,38
109000218,265,138,127
109000221,399,641,-242
109000222,858,219,639
109000223,369,402,-33
109000224,34,64,-30
109000225,168,82,86
109000226,156,164,-8
109000227,916,437,479
109000228,9,1960,-1951
109000231,62,176,-114
109000232,394,148,246
109000236,205,668,-463
109000241,1699,1319,380
109000242,1714,897,817
109000293,74,125,-51
109000361,152,185,-33
109000364,96,271,-175
109000396,1,225,-224
109000397,476,23,453
109000399,191,239,-48
109000400,53,143,-90
109000403,73,1167,-1094
109000406,330,2,328
109000407,207,118,89
109000408,2,434,-432
109000410,909,118,791
109000411,190,36,154
109000412,10,42,-32
109900001,95,0,95
109900002,834,11,823
109900003,275,0,275
109900005,34,7,27
109900006,293,80,213
109900007,599,308,291
109900008,0,24,-24
109900009,120,242,-122
109900010,526,12,514
109900011,73,24,49
109900012,226,133,93
109900013,377,107,270
109900014,365,60,305
109900015,455,188,267
109900016,123,8,115
109900017,176,174,2
109900018,176,23,153
109900019,204,22,182
109900020,45,35,10
109900021,34,16,18
109900022,174,155,19
109900023,15,0,15
109900024,19,3,16
109900025,7,5,2
109900027,43,20,23
109900028,520,1095,-575
109900029,1,124,-123
109900030,39,3,36
109900031,0,118,-118
109900032,7,201,-194
109900033,0,285,-285
109900034,70,4,66
109900035,17,15,2
109900036,9,29,-20
109900037,21,281,-260
109900038,84,156,-72
109900039,15,0,15
109900040,16,270,-254
109900041,40,207,-167
109900042,26,534,-508
109900044,78,110,-32
109900045,111,124,-13
109900046,111,68,43
109900047,164,177,-13
109900048,5,83,-78
109900049,5,38,-33
109900050,1,67,-66
109900051,0,34,-34
109900052,41,186,-145
109900053,0,126,-126
109900054,678,123,555
109900055,54,165,-111
109900056,17,178,-161
109900057,1,68,-67
109900058,0,45,-45
109900060,422,69,353
109900061,33,158,-125
109900062,0,56,-56
109900064,395,107,288
109900065,38,115,-77
109900066,257,486,-229
109900067,0,106,-106
109900068,48,1,47
109900069,3,27,-24
109900071,18,21,-3
109900072,11,107,-96
109900073,273,199,74
109900074,10,22,-12
109900075,17,22,-5
109900076,27,131,-104
109900077,47,41,6
109900078,60,137,-77
109900080,78,136,-58
109900081,10,203,-193
109900082,25,173,-148
109900083,17,70,-53
109900084,30,62,-32
109900085,134,310,-176
109900086,95,493,-398
109900087,260,336,-76
109900089,528,181,347
109900092,364,7,357
109900093,835,118,717
109900094,82,70,12
109900095,98,156,-58
109900096,27,2,25
109900097,126,3,123
109900098,528,28,500
109900099,186,0,186
109900100,31,0,31
109900101,517,9,508
109900102,345,15,330
109900103,25,31,-6
109900104,579,306,273
109900105,419,15,404
109900106,270,40,230
109900107,513,72,441
109900108,113,147,-34
109900109,34,60,-26
109900111,196,426,-230
109900114,1036,570,466
109900115,126,39,87
109900117,877,68,809
109900121,279,415,-136
109900123,3,90,-87
109900125,0,105,-105
109900126,230,66,164
109900130,3149,2279,870
109900131,44,167,-123
109900132,22,97,-75
109900134,52,54,-2
109900135,278,45,233
109900137,89,163,-74
109900140,179,103,76
109900149,33,66,-33
109900150,15,100,-85
109900151,6,18,-12
109900152,1,35,-34
109900153,0,63,-63
109900154,52,0,52
109900155,69,10,59
109900157,51,148,-97
109900159,112,17,95
109900161,202,60,142
109900162,158,97,61
109900163,361,178,183
109900164,40,175,-135
109900165,188,3,185
109900166,0,103,-103
109900167,137,232,-95
109900168,209,337,-128
109900169,147,119,28
109900170,193,811,-618
109900171,163,58,105
109900172,116,132,-16
109900173,1238,1676,-438
109900174,35,70,-35
109900175,58,43,15
109900176,122,64,58
109900177,30,115,-85
109900178,14,123,-109
109900179,42,11,31
109900180,2,11,-9
110000001,730,372,358
110000002,502,523,-21
110000003,554,519,35
110000004,374,489,-115
110000005,290,1354,-1064
110000006,212,278,-66
110000007,95,45,50
110000008,13,41,-28
110000009,40,19,21
110000010,34,46,-12
110000011,23,47,-24
110000012,446,209,237
110000013,52,568,-516
110000014,490,318,172
110000015,183,474,-291
110000016,269,1413,-1144
110000017,2984,230,2754
110000018,1621,277,1344
110000019,5,44,-39
110000020,251,144,107
110000021,343,269,74
110000022,556,131,425
110000023,1,78,-77
110000024,452,249,203
110000025,430,6,424
110000026,7,112,-105
110000027,900,535,365
110000028,849,442,407
110000029,317,392,-75
110000030,261,284,-23
110000031,262,260,2
110000032,641,230,411
110000033,238,143,95
110000034,446,346,100
110000035,498,322,176
110000036,750,433,317
110000037,140,361,-221
110000038,167,439,-272
110000039,676,2761,-2085
110000040,492,224,268
110000041,277,1347,-1070
110000042,97,536,-439
110000043,590,212,378
110000044,79,1292,-1213
110000045,486,195,291
110000046,11,158,-147
110000047,24,81,-57
110000048,15,44,-29
110000049,28,18,10
110000050,10,35,-25
110000051,28,7,21
110000052,41,30,11
110000053,43,12,31
110000054,109,313,-204
110000055,384,41,343
110000056,121,76,45
110000057,231,389,-158
110000058,734,360,374
110000059,738,401,337
110000060,831,681,150
110000061,552,462,90
110000062,503,587,-84
110000063,57,108,-51
110000064,66,14,52
110000065,66,45,21
110000066,55,18,37
110000067,57,80,-23
110000068,189,50,139
110000069,297,25,272
110000071,195,45,150
110000073,35,20,15
110000075,7,40,-33
110000076,247,248,-1
110000077,286,726,-440
110000078,27,13,14
110000080,223,436,-213
110000081,72,120,-48
110000082,33,238,-205
110000083,164,419,-255
110000084,1050,645,405
110000085,955,1057,-102
110000086,880,1564,-684
110000087,17,40,-23
110000088,57,129,-72
110000089,207,50,157
110000090,88,131,-43
110000091,610,203,407
110000092,9,33,-24
110000093,53,21,32
110000094,320,164,156
110000095,136,421,-285
110000096,1037,1424,-387
110000097,838,1135,-297
110000098,1322,485,837
110000099,535,1127,-592
110000100,828,222,606
110000101,24,164,-140
110000102,65,27,38
110000104,384,119,265
110000105,50,202,-152
110000106,483,373,110
110000107,185,219,-34
110000108,109,96,13
110000109,165,207,-42
110000110,1181,1126,55
110000111,1461,1786,-325
110000112,561,946,-385
110000113,185,1739,-1554
110000114,178,464,-286
110000115,286,177,109
110000116,58,38,20
110000117,221,122,99
110000118,351,67,284
110000119,229,167,62
110000120,256,105,151
110000121,63,287,-224
110000122,848,347,501
110000123,496,450,46
110000124,0,529,-529
110000125,744,6,738
110000126,266,22,244
110000127,935,52,883
110000128,25,613,-588
110000129,6,379,-373
110000130,305,122,183
110000131,103,328,-225
110000132,3,431,-428
110000133,68,345,-277
110000134,17,251,-234
110000135,115,18,97
110000136,46,199,-153
110000137,416,316,100
110000138,587,374,213
110000139,742,525,217
110000140,619,603,16
110000143,398,265,133
110000144,3602,1382,2220
110000145,1814,906,908
110000146,1150,499,651
110000147,306,428,-122
110000148,383,155,228
110000151,844,1588,-744
110000152,1445,554,891
110000153,93,27,66
110000154,6,15,-9
110000155,790,2828,-2038
110000156,956,1746,-790
110000157,1505,1593,-88
110000160,374,214,160
110000161,141,118,23
110000166,460,53,407
110000167,667,372,295
110000168,828,430,398
110000169,635,259,376
110000170,136,49,87
110000171,469,95,374
110000172,126,486,-360
110000173,789,702,87
110000174,102,411,-309
110000175,660,42,618
110000176,106,265,-159
110000177,203,751,-548
110000178,306,1252,-946
110000179,676,269,407
110000180,189,170,19
110000181,443,235,208
110000182,203,78,125
110000183,4515,5890,-1375
110000184,276,1897,-1621
110000185,800,750,50
110000186,497,611,-114
110000191,1023,160,863
110000192,510,5,505
110000193,889,5,884
110000194,7,486,-479
110000195,407,144,263
110000196,331,153,178
110000197,79,89,-10
110000198,103,28,75
110000199,78,108,-30
110000200,657,288,369
110000201,631,816,-185
110000202,1004,506,498
110000203,435,388,47
110000204,6,111,-105
110000205,171,32,139
110000206,371,625,-254
110000207,1137,280,857
110000208,162,211,-49
110000209,117,575,-458
110000210,1259,302,957
110000211,677,433,244
110000212,326,786,-460
110000213,193,27,166
110000214,273,43,230
110000215,104,223,-119
110000216,127,151,-24
110000217,323,100,223
110000218,146,134,12
110000219,289,43,246
110000220,37,140,-103
110000221,246,30,216
110000222,64,137,-73
110000223,0,130,-130
110000224,29,1,28
110000225,204,515,-311
110000226,259,54,205
110000227,597,692,-95
110000228,188,86,102
110000229,0,118,-118
110000230,435,528,-93
110000231,139,122,17
110000232,259,220,39
110000233,245,186,59
110000234,539,1375,-836
110000235,725,923,-198
110000236,646,407,239
110000237,1620,1008,612
110000238,912,1049,-137
110000239,1510,694,816
110000240,3,32,-29
110000242,1,4,-3
110000243,130,63,67
110000244,84,326,-242
110000245,41,265,-224
110000246,644,296,348
110000247,640,1174,-534
110000248,1082,402,680
110000249,55,2,53
110000250,25,79,-54
110000251,329,229,100
110000252,260,119,141
110000253,1035,387,648
110000254,426,530,-104
110000255,175,503,-328
110000256,384,217,167
110000257,428,167,261
110000258,3,162,-159
110000259,134,14,120
110000260,18,118,-100
110000263,312,41,271
110000264,332,202,130
110000265,817,1257,-440
110000266,1063,1866,-803
110000267,18,100,-82
110000268,168,245,-77
110000269,5,48,-43
110000270,80,1,79
110000271,793,129,664
110000272,723,674,49
110000273,1557,1064,493
110000274,136,1323,-1187
110000275,871,452,419
110000276,246,355,-109
110000277,244,184,60
110000278,234,406,-172
110000279,721,482,239
110000280,390,234,156
110000281,70,218,-148
110000282,158,11,147
110000283,28,59,-31
110000284,21,46,-25
110000285,2,342,-340
110000286,8,1,7
110000287,41,0,41
110000288,4,56,-52
110000289,421,1493,-1072
110000290,446,473,-27
110000291,1287,516,771
110000292,948,3549,-2601
110000293,701,1086,-385
110000294,978,791,187
110000295,701,853,-152
110000296,398,213,185
110000297,1631,197,1434
110000298,121,319,-198
110000299,84,55,29
110000301,204,23,181
110000302,337,485,-148
110000303,293,3,290
110000304,159,155,4
110000305,923,14,909
110000306,179,463,-284
110000307,1271,2,1269
110000308,287,5,282
110000309,32,505,-473
110000310,538,41,497
110000311,41,1111,-1070
110000312,316,74,242
110000313,1410,1724,-314
110000314,1,115,-114
110000315,1912,1823,89
110000316,385,926,-541
110000317,204,548,-344
110000318,4,18,-14
110000319,19,28,-9
110000320,31,24,7
110000321,12,32,-20
110000322,202,173,29
110000323,353,107,246
110000324,1661,711,950
110000325,1667,2208,-541
110000327,323,134,189
110000328,146,380,-234
110000333,700,495,205
110000334,449,598,-149
110000335,518,313,205
110000336,571,593,-22
110000337,1130,343,787
110000338,425,107,318
110000339,273,144,129
110000340,19,154,-135
110000341,416,462,-46
110000342,159,0,159
110000343,3,20,-17
110000344,292,195,97
110000345,464,162,302
110000346,1621,1245,376
110000347,955,589,366
110000348,12,6,6
110000349,6,11,-5
110000350,40,4,36
110000351,825,509,316
110000352,505,1013,-508
110000353,2144,419,1725
110000354,806,2749,-1943
110000355,67,36,31
110000356,1106,6,1100
110000357,348,5,343
110000361,22,32,-10
110000362,75,3,72
110000363,384,60,324
110000364,183,205,-22
110000365,119,0,119
110000366,0,58,-58
110000367,249,120,129
110000368,2,45,-43
110000369,55,1,54
110000373,3,176,-173
110000374,72,11,61
110000375,97,681,-584
110000376,21,59,-38
110000377,69,380,-311
110000378,15,295,-280
110000379,1657,1480,177
110000380,52,6,46
110000383,2,1139,-1137
110000384,1021,791,230
110000385,3,253,-250
110000387,51,9,42
110000388,46,116,-70
110000389,634,5,629
110000391,555,140,415
110000396,176,78,98
110000397,127,65,62
110000398,1,19,-18
110000399,91,2,89
110000587,124,56,68
110000589,178,97,81
110000640,188,29,159
110000652,20,344,-324
110000653,321,303,18
110000654,69,1310,-1241
110000656,2,270,-268
110000674,17,12,5
110000675,5,15,-10
110000676,1,50,-49
110000679,205,1008,-803
110000682,75,147,-72
110000683,216,331,-115
110000684,0,17,-17
110000685,1,11,-10
110000686,0,22,-22
110000687,11,4,7
110000688,48,788,-740
110000689,22,19,3
110000692,33,111,-78
110000693,66,155,-89
110000694,0,74,-74
110000695,141,598,-457
110000696,33,31,2
110000698,128,1114,-986
110000699,639,301,338
110900001,207,9,198
110900002,321,107,214
110900003,577,256,321
110900004,363,60,303
110900005,1299,2042,-743
110900006,45,11,34
110900007,110,33,77
110900008,15,32,-17
110900009,327,111,216
110900010,10,26,-16
110900011,15,35,-20
110900012,19,45,-26
110900013,686,136,550
110900014,182,13,169
110900015,274,487,-213
110900016,50,99,-49
110900017,310,32,278
110900018,377,33,344
110900019,223,12,211
110900020,69,120,-51
110900021,76,277,-201
110900022,77,138,-61
110900023,41,284,-243
110900024,22,165,-143
110900025,17,44,-27
110900027,11,144,-133
110900028,20,48,-28
110900029,7,107,-100
110900030,31,125,-94
110900031,1,111,-110
110900032,0,47,-47
110900033,54,76,-22
110900035,18,341,-323
110900036,116,11,105
110900037,99,9,90
110900038,522,155,367
110900039,5,183,-178
110900040,197,13,184
110900041,14,42,-28
110900042,108,31,77
110900043,1,46,-45
110900044,128,18,110
110900045,50,180,-130
110900046,15,125,-110
110900047,274,238,36
110900049,48,65,-17
110900050,24,2,22
110900051,18,143,-125
110900052,5,87,-82
110900053,80,22,58
110900054,32,100,-68
110900055,18,3,15
110900056,49,81,-32
110900057,2,63,-61
110900058,185,115,70
110900059,354,198,156
110900060,379,101,278
110900061,11,37,-26
110900062,172,107,65
110900063,32,101,-69
110900064,13,0,13
110900065,185,99,86
110900066,4,49,-45
110900067,163,441,-278
110900068,172,144,28
110900069,2,5,-3
110900070,105,62,43
110900071,155,496,-341
110900073,0,17,-17
110900074,364,72,292
110900075,325,41,284
110900077,667,425,242
110900078,35,25,10
110900079,1456,1009,447
110900080,120,43,77
110900081,11,31,-20
110900082,115,56,59
110900083,108,46,62
110900084,60,50,10
110900085,27,141,-114
110900086,54,271,-217
110900087,347,51,296
110900088,5,1,4
110900090,33,36,-3
110900091,0,44,-44
110900093,178,75,103
110900095,41,21,20
110900097,17,23,-6
110900098,15,68,-53
110900099,35,256,-221
110900100,0,14,-14
110900102,57,13,44
110900105,569,118,451
110900108,19,27,-8
110900111,296,94,202
110900112,652,5,647
110900113,328,41,287
110900115,5,47,-42
110900116,729,675,54
110900118,55,2595,-2540
110900119,1348,159,1189
110900120,10,43,-33
110900121,80,2,78
110900122,338,116,222
110900125,389,336,53
110900127,406,976,-570
110900128,274,391,-117
110900129,219,767,-548
110900130,629,559,70
110900131,168,22,146
110900132,324,53,271
110900133,63,108,-45
110900135,73,84,-11
110900136,310,10,300
110900138,1,3,-2
110900139,16,3,13
110900140,8,0,8
110900141,321,313,8
110900142,39,106,-67
110900143,133,42,91
110900144,0,409,-409
110900145,126,41,85
110900146,181,200,-19
110900147,77,248,-171
110900148,0,155,-155
110900149,1,43,-42
110900150,51,9,42
110900151,11,26,-15
110900152,23,113,-90
110900153,204,29,175
111000001,677,453,224
111000002,564,497,67
111000003,1348,522,826
111000004,359,680,-321
111000005,1304,1014,290
111000006,661,1291,-630
111000007,3027,2470,557
111000008,1280,2129,-849
111000009,364,528,-164
111000010,702,213,489
111000011,261,853,-592
111000012,581,312,269
111000013,324,789,-465
111000014,1331,419,912
111000017,164,737,-573
111000018,182,309,-127
111000020,528,1032,-504
111000021,45,91,-46
111000023,68,81,-13
111000025,3636,2905,731
111000029,53,98,-45
111000030,23,68,-45
111000031,1554,900,654
111000032,442,290,152
111000033,215,234,-19
111000034,75,227,-152
111000037,310,209,101
111000038,2554,1235,1319
111000039,1515,1169,346
111000040,1342,1419,-77
111000041,941,862,79
111000042,1429,1392,37
111000043,1462,2884,-1422
111000044,1400,955,445
111000045,2219,1832,387
111000046,1392,1397,-5
111000047,2488,3592,-1104
111000049,399,311,88
111000050,971,915,56
111000051,412,655,-243
111000052,434,1122,-688
111000053,272,520,-248
111000054,282,495,-213
111000055,140,561,-421
111000056,391,307,84
111000057,122,300,-178
111000058,406,38,368
111000059,452,205,247
111000060,3107,729,2378
111000061,501,271,230
111000062,748,313,435
111000063,1458,749,709
111000064,641,451,190
111000065,1022,724,298
111000066,470,272,198
111000067,481,340,141
111000068,560,754,-194
111000069,1330,1192,138
111000070,824,653,171
111000071,241,337,-96
111000072,1139,403,736
111000073,271,891,-620
111000074,1347,1345,2
111000075,862,467,395
111000076,420,490,-70
111000077,1406,1425,-19
111000078,2388,1101,1287
111000079,958,475,483
111000080,469,452,17
111000081,1032,2976,-1944
111000082,601,472,129
111000084,596,368,228
111000085,716,694,22
111000086,1415,686,729
111000087,534,332,202
111000088,3063,1937,1126
111000089,635,610,25
111000090,620,1089,-469
111000091,556,261,295
111000092,1228,533,695
111000093,623,779,-156
111000094,1494,742,752
111000095,560,1668,-1108
111000096,881,5651,-4770
111000097,2993,1251,1742
111000098,822,756,66
111000099,519,907,-388
111000100,361,775,-414
111000101,333,518,-185
111000102,241,336,-95
111000104,578,125,453
111000107,141,626,-485
111000109,877,187,690
111000110,1315,497,818
111000111,2294,323,1971
111000112,1617,458,1159
111000113,762,1377,-615
111000114,1674,3012,-1338
111000115,3004,803,2201
111000116,842,606,236
111000117,311,612,-301
111000118,1022,517,505
111000119,1091,621,470
111000120,488,433,55
111000121,312,576,-264
111000122,448,705,-257
111000123,559,768,-209
111000124,398,1171,-773
111000125,272,750,-478
111000126,701,1053,-352
111000127,873,84,789
111000128,1946,225,1721
111000129,2491,369,2122
111000130,1909,451,1458
111000131,1771,326,1445
111000132,1540,670,870
111000133,123,77,46
111000134,115,56,59
111000135,58,124,-66
111000136,327,208,119
111000138,12,2,10
111000140,0,0,0
111000141,158,235,-77
111000142,31,250,-219
111000143,11,379,-368
111000144,26,1910,-1884
111000145,321,11,310
111000146,117,10,107
111000147,170,23,147
111000148,159,88,71
111000149,5,51,-46
111000150,21,7,14
111000151,7,12,-5
111000153,484,590,-106
111000154,478,165,313
111000155,90,147,-57
111000156,429,500,-71
111000157,200,778,-578
111000158,586,576,10
111000159,2669,682,1987
111000160,418,343,75
111000161,12,358,-346
111000162,40,95,-55
111000163,619,471,148
111000164,416,1927,-1511
111000165,563,340,223
111000166,1027,230,797
111000167,132,250,-118
111000168,177,281,-104
111000169,271,405,-134
111000170,320,321,-1
111000171,401,317,84
111000172,157,246,-89
111000173,376,463,-87
111000174,223,162,61
111000175,49,211,-162
111000176,313,82,231
111000177,409,120,289
111000178,1348,157,1191
111000179,333,99,234
111000180,244,352,-108
111000181,1274,163,1111
111000182,215,129,86
111000183,300,214,86
111000184,258,146,112
111000185,269,196,73
111000186,250,140,110
111000187,115,114,1
111000188,320,287,33
111000189,608,401,207
111000190,187,223,-36
111000191,131,190,-59
111000192,152,301,-149
111000193,273,228,45
111000194,46,187,-141
111000195,181,202,-21
111000196,49,123,-74
111000197,443,75,368
111000198,671,66,605
111000199,224,93,131
111000200,459,253,206
111000201,705,162,543
111000202,256,167,89
111000203,356,225,131
111000204,390,1219,-829
111000213,235,345,-110
111000214,1199,907,292
111000215,960,783,177
111000217,1278,557,721
111000218,983,711,272
111000219,283,155,128
111000220,791,346,445
111000221,400,66,334
111000224,58,242,-184
111000225,398,250,148
111000226,73,1,72
111000227,27,10,17
111000228,13,354,-341
111000229,27,784,-757
111000230,141,184,-43
111000231,916,363,553
111000232,514,564,-50
111000233,964,412,552
111000234,112,381,-269
111000239,75,78,-3
111000240,44,193,-149
111000241,46,143,-97
111000242,174,69,105
111000243,134,271,-137
111000244,443,69,374
111000245,869,231,638
111000246,517,177,340
111000247,289,472,-183
111000248,583,274,309
111000249,489,371,118
111000250,34,41,-7
111000251,23,51,-28
111000253,12,12,0
111000255,57,3,54
111000257,34,22,12
111000260,41,579,-538
111000261,1161,86,1075
111000271,72,210,-138
111000273,1882,866,1016
111000274,1071,1677,-606
111000275,199,27,172
111000276,811,1629,-818
111000277,176,204,-28
111000278,551,163,388
111000291,957,5491,-4534
111000298,469,117,352
111000299,578,108,470
111000300,59,431,-372
111000302,271,43,228
111000303,79,104,-25
111000312,29,53,-24
111000315,8,69,-61
111000320,156,329,-173
111000321,296,103,193
111000322,216,253,-37
111000323,299,17,282
111000324,289,150,139
111000325,32,64,-32
111000326,179,216,-37
111000327,407,209,198
111000328,272,375,-103
111000329,3,23,-20
111000330,53,3,50
111000331,15,5,10
111000332,412,906,-494
111000334,304,743,-439
111000335,912,167,745
111000337,1338,199,1139
111000338,45,50,-5
111000339,497,120,377
111000340,95,302,-207
111000341,1126,450,676
111000342,154,1512,-1358
111000344,908,450,458
111000345,156,153,3
111000346,30,266,-236
111000347,110,4,106
111000350,116,75,41
111000351,93,210,-117
111000352,193,77,116
111000353,100,130,-30
111000354,526,107,419
111000355,347,305,42
111000358,125,537,-412
111000360,164,231,-67
111000361,181,116,65
111000546,782,420,362
111000547,339,233,106
111000548,120,210,-90
111000549,259,180,79
111000550,50,741,-691
111000551,578,162,416
111000552,594,265,329
111000907,369,15,354
111000908,43,1,42
111000916,1671,151,1520
111000917,34,228,-194
111000918,154,318,-164
111000920,558,13,545
111000921,6,111,-105
111000922,447,147,300
111000924,48,580,-532
111000925,2575,1372,1203
111000926,853,1007,-154
111000927,2249,3285,-1036
111000928,3142,1731,1411
111000929,1307,977,330
111000930,742,1358,-616
111000931,1635,2085,-450
111000932,2658,1204,1454
111000933,2853,2033,820
111000934,1363,1955,-592
111000935,1412,729,683
111000936,895,1276,-381
111000937,1056,1077,-21
111000938,1109,947,162
111000939,458,32,426
111000940,424,91,333
111000941,425,239,186
111000943,549,174,375
111000944,135,192,-57
111000945,54,781,-727
111001109,377,328,49
111001110,178,338,-160
111001111,74,6,68
111001112,78,1,77
111001113,1,139,-138
111001114,481,161,320
111001115,39,652,-613
111001116,2632,3306,-674
111001117,393,2032,-1639
111001120,137,133,4
111001121,110,138,-28
111001122,218,219,-1
111001123,300,46,254
111001124,121,70,51
111001125,6,139,-133
111001126,1,0,1
111001127,0,15,-15
111001128,552,369,183
111900001,3,125,-122
111900002,0,311,-311
111900003,0,167,-167
111900004,10,53,-43
111900006,10,32,-22
111900007,72,7,65
111900008,168,1,167
111900009,120,1,119
111900010,239,203,36
111900012,65,57,8
111900013,3,9,-6
111900014,2089,3565,-1476
111900015,0,26,-26
111900016,0,48,-48
111900017,0,53,-53
111900018,156,2,154
111900019,4,72,-68
111900020,1,27,-26
111900021,57,68,-11
111900022,12,37,-25
111900023,57,48,9
111900024,50,63,-13
111900025,1,22,-21
111900026,0,56,-56
111900027,5,74,-69
111900028,23,131,-108
111900029,0,31,-31
111900030,20,151,-131
111900032,1,123,-122
111900033,17,46,-29
111900034,204,252,-48
111900035,100,117,-17
111900036,1,135,-134
111900038,218,387,-169
111900039,46,207,-161
111900040,3,200,-197
111900042,7,66,-59
111900043,3,176,-173
111900044,204,115,89
111900046,29,85,-56
111900048,270,285,-15
111900049,37,148,-111
111900050,74,18,56
111900051,2,127,-125
111900052,207,243,-36
111900053,532,1327,-795
111900054,71,3,68
111900055,6,166,-160
111900056,107,304,-197
111900057,113,52,61
111900058,378,290,88
111900059,928,530,398
111900060,294,1,293
111900061,5,85,-80
111900062,18,40,-22
111900063,161,257,-96
111900064,104,71,33
111900065,108,16,92
111900066,90,120,-30
111900067,3,233,-230
111900068,29,30,-1
111900069,75,17,58
111900070,141,61,80
111900071,0,101,-101
111900072,43,16,27
111900073,775,119,656
111900074,14,94,-80
111900075,77,6,71
111900076,165,61,104
111900077,22,2,20
111900078,232,18,214
111900079,39,32,7
111900080,154,263,-109
111900082,157,19,138
111900083,137,11,126
111900084,109,8,101
111900085,25,99,-74
111900086,54,7,47
111900087,58,1,57
111900088,565,8,557
111900089,116,2,114
111900090,45,22,23
111900091,192,2,190
111900092,71,2,69
111900093,396,5,391
111900094,108,0,108
111900095,256,15,241
111900096,196,0,196
111900097,37,0,37
111900098,266,7,259
111900099,76,0,76
111900100,149,5,144
111900101,73,18,55
111900102,454,236,218
111900103,41,49,-8
111900104,110,40,70
111900105,220,130,90
111900106,397,34,363
111900110,793,197,596
111900111,91,70,21
111900112,257,2648,-2391
111900113,188,96,92
111900118,310,69,241
111900119,240,123,117
111900122,87,73,14
111900123,12,29,-17
111900124,15,46,-31
111900125,452,38,414
111900126,239,4,235
111900127,1,302,-301
111900128,1,249,-248
111900129,263,7,256
111900130,121,35,86
111900131,459,0,459
111900132,8,476,-468
111900133,43,194,-151
111900134,8,116,-108
111900135,11,25,-14
111900136,67,148,-81
111900137,57,38,19
111900138,10,36,-26
111900139,10,48,-38
111900140,84,17,67
111900141,53,6,47
111900142,75,25,50
111900143,90,64,26
111900144,7,46,-39
111900145,0,231,-231
111900146,1,100,-99
111900147,83,181,-98
111900148,19,295,-276
111900149,7,146,-139
111900150,5,90,-85
111900151,1,14,-13
111900152,87,84,3
111900153,794,699,95
111900154,24,290,-266
111900155,40,92,-52
111900156,40,62,-22
111900157,184,16,168
111900158,466,75,391
111900159,335,21,314
111900160,334,0,334
111900161,210,0,210
111900162,121,147,-26
111900163,19,151,-132
111900164,76,42,34
111901113,429,116,313
111901114,235,134,101
111901115,46,1,45
111901116,43,1,42
111901117,32,46,-14
111901118,22,208,-186
111901119,319,34,285
111901121,79,101,-22
111901122,4,265,-261
111901123,167,151,16
111901124,194,3,191
111901125,423,151,272
111901127,184,377,-193
111901128,1,17,-16
111901129,6,45,-39
111901130,2,38,-36
111901131,8,183,-175
111901132,124,43,81
111901133,34,2,32
111901134,55,2,53
111901135,43,15,28
111901138,181,30,151
111901139,20,25,-5
111901140,5,42,-37
111901141,5,60,-55
111901142,2,65,-63
111901143,0,44,-44
111901144,38,31,7
111901145,75,233,-158
111901146,246,16,230
111901147,225,191,34
111901148,7,28,-21
111901149,17,3,14
111901150,32,1,31
111901151,0,0,0
111901152,4,14,-10
112000001,1541,542,999
112000002,496,1383,-887
112000003,1374,788,586
112000004,494,418,76
112000005,3332,3388,-56
112000006,1501,918,583
112000007,3148,2103,1045
112000008,2147,3431,-1284
112000009,2075,1784,291
112000010,2553,2916,-363
112000011,1113,1092,21
112000012,2837,3562,-725
112000013,2336,2146,190
112000014,1760,2093,-333
112000015,2605,2319,286
112000016,2700,1633,1067
112000017,1168,2283,-1115
112000024,1650,618,1032
112000026,1668,2117,-449
112000027,641,636,5
112000028,655,835,-180
112000029,440,568,-128
112000030,81,48,33
112000031,944,3445,-2501
112000032,132,28,104
112000033,1339,1669,-330
112000034,142,24,118
112000035,47,387,-340
112000036,419,778,-359
112000037,624,670,-46
112000038,901,933,-32
112000039,124,44,80
112000040,45,152,-107
112000041,308,289,19
112000042,682,326,356
112000050,1017,1033,-16
112000051,894,1230,-336
112000054,1045,1061,-16
112000057,390,253,137
112000058,193,309,-116
112000059,310,480,-170
112000061,1913,1091,822
112000062,925,693,232
112000063,550,1695,-1145
112000064,2073,3160,-1087
112000065,1179,1439,-260
112000066,2776,1363,1413
112000067,499,442,57
112000068,2651,2342,309
112000069,393,1174,-781
112000070,1276,878,398
112000071,834,1412,-578
112000072,2084,699,1385
112000073,1096,1248,-152
112000074,1349,909,440
112000075,1442,1025,417
112000076,2494,1716,778
112000077,725,343,382
112000078,1543,447,1096
112000079,1251,962,289
112000080,689,497,192
112000081,1130,1707,-577
112000082,1053,511,542
112000083,452,776,-324
112000084,1075,604,471
112000085,1009,597,412
112000086,1340,762,578
112000087,505,425,80
112000088,738,298,440
112000089,296,241,55
112000090,205,180,25
112000091,534,572,-38
112000092,1616,822,794
112000093,1202,578,624
112000094,663,536,127
112000095,552,557,-5
112000096,454,433,21
112000097,1277,531,746
112000098,634,427,207
112000099,672,1459,-787
112000100,1800,585,1215
112000101,424,486,-62
112000102,1263,380,883
112000103,325,505,-180
112000105,565,797,-232
112000106,1866,346,1520
112000107,99,121,-22
112000108,318,922,-604
112000109,191,90,101
112000110,1740,533,1207
112000111,538,1814,-1276
112000112,2230,470,1760
112000113,527,1033,-506
112000114,1728,628,1100
112000115,315,322,-7
112000116,458,525,-67
112000117,1110,709,401
112000118,726,496,230
112000119,341,399,-58
112000120,57,198,-141
112000121,118,217,-99
112000122,297,125,172
112000123,644,118,526
112000124,410,64,346
112000125,291,211,80
112000126,261,203,58
112000127,1335,1821,-486
112000128,447,449,-2
112000129,116,62,54
112000130,198,112,86
112000131,52,178,-126
112000132,142,180,-38
112000133,398,110,288
112000134,335,236,99
112000135,929,486,443
112000136,574,989,-415
112000137,1384,1440,-56
112000138,1096,1044,52
112000139,637,602,35
112000140,621,783,-162
112000141,843,333,510
112000142,170,320,-150
112000143,1120,197,923
112000144,209,621,-412
112000145,2405,352,2053
112000146,453,1066,-613
112000147,2495,1310,1185
112000148,1080,1227,-147
112000149,362,342,20
112000150,258,390,-132
112000151,345,216,129
112000152,374,239,135
112000153,139,162,-23
112000154,109,108,1
112000155,113,90,23
112000157,457,502,-45
112000158,288,204,84
112000159,560,254,306
112000167,320,91,229
112000169,341,362,-21
112000173,628,130,498
112000175,333,218,115
112000176,1145,1255,-110
112000177,605,176,429
112000178,64,150,-86
112000179,300,75,225
112000180,198,246,-48
112000181,1063,1021,42
112000182,1195,584,611
112000183,18,22,-4
112000184,407,172,235
112000185,531,321,210
112000187,2962,1852,1110
112000195,129,9,120
112000196,187,4,183
112000197,128,149,-21
112000198,28,196,-168
112000199,652,620,32
112000202,346,3,343
112000216,32,181,-149
112000230,78,2,76
112000231,2,150,-148
112000256,64,187,-123
112000313,45,70,-25
112000314,17,34,-17
112000337,173,413,-240
112000352,167,272,-105
112000392,936,915,21
112000398,1313,673,640
112000399,1500,2183,-683
112000400,922,1065,-143
112000401,2462,1359,1103
112000402,2945,2898,47
112000403,1384,3030,-1646
112000404,1036,787,249
112000405,1988,2362,-374
112000406,2081,1330,751
112000407,6779,6845,-66
112000408,4455,3028,1427
112000409,2043,2727,-684
112000410,259,349,-90
112000411,2274,1358,916
112000412,1150,485,665
112000413,4245,5403,-1158
112000414,99,48,51
112000415,100,27,73
112000416,2535,1098,1437
112000417,232,67,165
112000421,47,60,-13
112000422,252,129,123
112000424,1235,2385,-1150
112000425,318,426,-108
112000426,170,229,-59
112000427,0,14,-14
112000428,195,215,-20
112000429,1725,1552,173
112000430,2283,2209,74
112000431,123,97,26
112000432,437,581,-144
112000433,252,406,-154
112000437,50,110,-60
112900001,48,2,46
112900002,518,450,68
112900003,59,188,-129
112900004,18,91,-73
112900005,233,134,99
112900007,26,103,-77
112900008,0,77,-77
112900009,310,154,156
112900010,390,594,-204
112900011,113,142,-29
112900012,0,28,-28
112900013,1,120,-119
112900014,3,92,-89
112900015,182,513,-331
112900016,8,138,-130
112900017,32,96,-64
112900018,389,331,58
112900019,23,125,-102
112900020,224,665,-441
112900021,3,143,-140
112900022,6,40,-34
112900023,2,83,-81
112900024,28,161,-133
112900025,69,182,-113
112900026,46,133,-87
112900027,6,481,-475
112900028,11,62,-51
112900029,20,298,-278
112900030,55,81,-26
112900031,6,229,-223
112900032,213,197,16
112900034,0,19,-19
112900035,2,222,-220
112900036,41,100,-59
112900037,146,204,-58
112900038,536,83,453
112900039,10,151,-141
112900040,10,771,-761
112900041,335,681,-346
112900042,68,126,-58
112900043,36,24,12
112900044,275,274,1
112900045,135,185,-50
112900046,95,31,64
112900047,12,47,-35
112900049,240,41,199
112900050,24,304,-280
112900051,197,266,-69
112900052,3,485,-482
112900053,142,146,-4
112900054,204,54,150
112900055,77,28,49
112900056,221,193,28
112900057,11,310,-299
112900058,234,271,-37
112900059,108,160,-52
112900060,20,92,-72
112900061,90,77,13
112900062,64,71,-7
112900063,71,27,44
112900064,91,144,-53
112900065,10,18,-8
112900066,216,186,30
112900067,204,99,105
112900068,42,36,6
112900069,1292,709,583
112900071,24,2,22
112900072,130,1917,-1787
112900073,322,91,231
112900074,58,254,-196
112900075,794,791,3
112900076,61,47,14
112900078,230,387,-157
112900079,177,20,157
112900080,93,6,87
112900081,36,211,-175
112900082,464,22,442
112900083,135,109,26
112900084,174,122,52
112900086,100,2,98
112900087,692,94,598
112900088,140,14,126
112900089,703,21,682
112900090,80,41,39
112900091,273,12,261
112900092,73,304,-231
112900093,900,24,876
112900095,60,2,58
112900096,498,155,343
112900097,45,147,-102
112900098,104,1,103
112900099,808,22,786
112900100,59,4,55
112900101,344,6,338
112900102,122,6,116
112900103,133,4,129
112900104,571,4,567
112900105,12,0,12
112900106,360,99,261
112900107,5,1,4
112900108,20,1,19
112900109,145,0,145
112900110,1310,35,1275
112900111,730,4,726
112900112,356,1,355
112900113,0,12,-12
112900114,189,14,175
112900115,1361,4,1357
112900116,105,3,102
112900117,65,25,40
112900118,10,59,-49
112900119,147,3,144
112900120,483,231,252
112900121,41,84,-43
112900122,2,31,-29
112900123,100,13,87
112900124,15,38,-23
112900125,35,263,-228
112900126,100,101,-1
112900127,290,68,222
112900128,142,449,-307
112900129,0,398,-398
112900130,171,79,92
112900131,28,237,-209
112900132,99,262,-163
112900133,17,611,-594
112900134,1,117,-116
112900135,78,33,45
112900137,77,316,-239
112900138,9,99,-90
112900139,102,657,-555
112900141,536,35,501
112900142,63,146,-83
112900143,17,226,-209
112900144,5,471,-466
112900145,33,287,-254
112900146,5,584,-579
112900147,4,761,-757
112900148,53,1,52
112900149,287,379,-92
112900151,8,30,-22
112900152,2386,442,1944
112900153,1010,1906,-896
112900154,1,35,-34
112900155,163,7,156
112900156,383,624,-241
112900157,210,38,172
112900158,82,8,74
112900159,198,153,45
112900160,61,162,-101
112900161,144,31,113
112900162,24,18,6
112900163,46,47,-1
112900164,40,163,-123
112900165,89,22,67
112900166,12,76,-64
112900167,17,73,-56
112900168,4,5,-1
112900169,12,17,-5
112900170,414,198,216
112900172,38,25,13
112900173,118,66,52
112900174,189,46,143
112900175,123,121,2
112900176,73,133,-60
112900177,213,49,164
112900178,479,2177,-1698
112900179,9,220,-211
112900180,1519,796,723
112900181,562,3,559
112900182,56,388,-332
112900183,93,165,-72
112900184,324,313,11
112900185,105,470,-365
112900186,699,758,-59
112900187,103,399,-296
112900188,569,651,-82
112900189,0,9,-9
112900190,10,17,-7
112900192,475,594,-119
112900193,825,345,480
112900194,61,27,34
112900195,826,40,786
112900196,215,248,-33
112900197,114,273,-159
112900199,316,138,178
112900200,445,120,325
112900201,137,52,85
112900202,393,425,-32
112900203,248,129,119
112900204,638,462,176
112900205,10,43,-33
112900206,27,95,-68
112900207,25,0,25
112900208,82,344,-262
112900209,420,261,159
112900210,1,25,-24
112900211,72,23,49
112900212,3,58,-55
112900213,38,0,38
112900214,20,26,-6
112900215,20,107,-87
112900216,12,33,-21
112900217,0,74,-74
112900218,96,4,92
112900219,89,10,79
112900220,2,0,2
112900221,7,88,-81
112900222,0,20,-20
112900223,837,23,814
112900224,275,203,72
112900225,395,155,240
112900226,74,177,-103
112900227,369,234,135
112900228,73,18,55
112900229,214,31,183
112900230,3783,2486,1297
112900232,207,269,-62
112900233,65,104,-39
112900234,15,29,-14
112900235,58,32,26
112900236,273,11,262
112900237,205,141,64
112900238,8,11,-3
112900239,464,385,79
112900240,4,38,-34
112900241,5,33,-28
112900242,9,56,-47
112900243,6,62,-56
112900244,10,56,-46
112900245,0,13,-13
112900246,1,7,-6
112900247,72,13,59
112900248,5,0,5
112900249,11,4,7
112900250,53,14,39
112900251,59,6,53
112900252,65,12,53
112900253,36,2,34
112900254,9,5,4
112900255,1,29,-28
112900256,1,45,-44
112900257,4,22,-18
112900258,34,12,22
113000001,5006,3968,1038
113000002,2860,2534,326
113000003,1514,1234,280
113000004,1120,1852,-732
113000005,1487,871,616
113000006,898,1076,-178
113000007,1785,869,916
113000008,1293,1254,39
113000009,1010,588,422
113000010,984,830,154
113000011,641,775,-134
113000012,1473,482,991
113000013,894,554,340
113000014,847,1150,-303
113000015,220,141,79
113000016,239,611,-372
113000017,31,242,-211
113000018,418,45,373
113000019,175,247,-72
113000020,529,47,482
113000021,939,410,529
113000022,559,723,-164
113000025,88,293,-205
113000026,444,322,122
113000027,483,471,12
113000028,408,533,-125
113000029,551,545,6
113000030,171,379,-208
113000031,150,213,-63
113000032,159,224,-65
113000033,183,269,-86
113000034,177,193,-16
113000035,35,21,14
113000036,10,30,-20
113000037,53,14,39
113000038,6,27,-21
113000039,66,301,-235
113000040,32,60,-28
113000042,454,378,76
113000051,664,1739,-1075
113000052,1591,540,1051
113000053,416,235,181
113000054,304,456,-152
113000055,1176,336,840
113000056,1023,641,382
113000058,442,710,-268
113000059,822,309,513
113000060,225,374,-149
113000061,491,625,-134
113000062,461,275,186
113000063,246,53,193
113000064,62,184,-122
113000065,152,414,-262
113000066,573,79,494
113000067,2100,670,1430
113000068,320,588,-268
113000069,493,489,4
113000070,2280,632,1648
113000071,360,286,74
113000072,736,300,436
113000073,226,904,-678
113000074,732,325,407
113000075,1362,699,663
113000076,466,1825,-1359
113000077,698,653,45
113000078,470,1448,-978
113000079,393,787,-394
113000080,456,693,-237
113000081,510,576,-66
113000082,743,528,215
113000083,410,678,-268
113000084,1040,708,332
113000085,629,535,94
113000086,646,688,-42
113000087,740,829,-89
113000088,1590,960,630
113000089,782,1152,-370
113000090,158,528,-370
113000091,352,307,45
113000094,1003,165,838
113000095,183,487,-304
113000096,104,521,-417
113000097,809,236,573
113000098,64,42,22
113000099,725,341,384
113000100,95,231,-136
113000101,206,370,-164
113000102,528,464,64
113000103,1267,249,1018
113000104,420,1769,-1349
113000105,750,336,414
113000106,236,226,10
113000107,738,519,219
113000108,574,660,-86
113000109,517,1122,-605
113000110,1571,347,1224
113000111,237,392,-155
113000112,310,200,110
113000113,881,245,636
113000114,282,1046,-764
113000116,464,216,248
113000117,711,80,631
113000118,53,326,-273
113000119,292,240,52
113000120,45,215,-170
113000121,353,765,-412
113000124,224,92,132
113000125,38,684,-646
113000127,1342,151,1191
113000128,496,254,242
113000129,332,502,-170
113000133,1232,847,385
113000134,7,971,-964
113000135,3299,3976,-677
113000137,986,2758,-1772
113000139,170,158,12
113000140,51,161,-110
113000141,119,154,-35
113000142,263,765,-502
113000143,141,103,38
113000144,183,412,-229
113000145,76,67,9
113000146,126,27,99
113000147,115,51,64
113000148,188,67,121
113000149,117,93,24
113000150,390,187,203
113000151,49,43,6
113000152,34,96,-62
113000153,743,322,421
113000154,439,1036,-597
113000155,240,488,-248
113000156,93,247,-154
113000157,172,462,-290
113000158,448,197,251
113000159,621,484,137
113000160,502,479,23
113000161,191,166,25
113000162,570,244,326
113000163,91,58,33
113000164,44,41,3
113000166,128,55,73
113000167,43,50,-7
113000168,68,61,7
113000169,175,36,139
113000170,92,89,3
113000171,32,60,-28
113000172,205,48,157
113000173,62,31,31
113000174,70,244,-174
113000175,337,66,271
113000176,353,130,223
113000177,145,280,-135
113000178,98,161,-63
113000179,216,136,80
113000180,425,770,-345
113000181,1076,530,546
113000182,124,337,-213
113000183,85,434,-349
113000184,7,60,-53
113000189,267,480,-213
113000190,361,300,61
113000192,759,2598,-1839
113000193,1700,2078,-378
113000194,709,927,-218
113000195,909,1125,-216
113000196,174,91,83
113000197,779,944,-165
113000198,99,155,-56
113000199,978,243,735
113000201,163,334,-171
113000202,3099,636,2463
113000203,111,149,-38
113000204,625,2300,-1675
113000205,7,17,-10
113000206,5,17,-12
113000207,55,7,48
113000208,40,30,10
113000209,26,15,11
113000210,8,16,-8
113000211,103,274,-171
113000212,73,28,45
113000213,25,123,-98
113000214,154,237,-83
113000234,80,416,-336
113000410,82,220,-138
113000411,1397,2648,-1251
113000412,3022,1595,1427
113000413,1279,2382,-1103
113000414,2921,9355,-6434
113000415,1346,1678,-332
113000416,3823,2367,1456
113000417,1492,1741,-249
113000418,3539,2834,705
113000419,1190,1454,-264
113000420,2809,4161,-1352
113000421,3008,4971,-1963
113000422,7347,7602,-255
113000423,1207,4132,-2925
113000424,1590,7496,-5906
113000425,3,68,-65
113000428,72,18,54
113000430,9,69,-60
113000432,1823,110,1713
113000433,83,408,-325
113000434,46,75,-29
113000435,28,208,-180
113000436,37,537,-500
113000437,1027,18,1009
113000438,290,11,279
113000439,43,40,3
113000440,125,21,104
113000441,220,151,69
113000442,137,75,62
113000443,277,83,194
113000444,236,84,152
113000445,126,62,64
113000446,29,95,-66
113000448,214,112,102
113000449,128,584,-456
113000450,353,1459,-1106
113000451,1141,209,932
113000452,156,348,-192
113000453,55,401,-346
113000454,277,84,193
113000455,24,370,-346
113000456,1913,1664,249
113000468,778,72,706
113000469,41,81,-40
113000470,307,15,292
113000471,11,340,-329
113000472,81,211,-130
113000474,791,489,302
113000475,1050,1127,-77
113000476,1393,1446,-53
113000477,3114,1400,1714
113000478,2657,3079,-422
113000479,54,89,-35
113000484,0,0,0
113000485,0,0,0
113000486,6,0,6
113000487,4,0,4
113000488,0,1,-1
113000489,0,2,-2
113000490,0,2,-2
113000491,6,4,2
113000492,2,0,2
113000493,0,0,0
113000495,170,134,36
113000496,107,81,26
113000497,0,0,0
113000499,0,0,0
113900001,2,205,-203
113900002,2,27,-25
113900003,1,47,-46
113900004,0,56,-56
113900005,0,70,-70
113900006,1,17,-16
113900007,11,0,11
113900008,20,1,19
113900009,42,3,39
113900010,21,0,21
113900011,68,0,68
113900012,39,0,39
113900013,71,2,69
113900014,411,2,409
113900015,13,29,-16
113900016,24,0,24
113900017,1,27,-26
113900018,301,223,78
113900019,181,28,153
113900020,115,2,113
113900022,21,0,21
113900023,13,0,13
113900024,44,14,30
113900025,116,19,97
113900026,46,4,42
113900027,10,33,-23
113900028,22,278,-256
113900029,90,107,-17
113900030,198,0,198
113900031,16,1,15
113900032,48,0,48
113900033,143,29,114
113900035,50,1,49
113900036,10,54,-44
113900037,135,296,-161
113900038,17,107,-90
113900039,114,7,107
113900040,10,29,-19
113900041,15,3,12
113900042,70,40,30
113900043,109,75,34
113900044,225,281,-56
113900045,67,1,66
113900046,149,388,-239
113900047,27,63,-36
113900048,87,93,-6
113900049,315,277,38
113900050,192,196,-4
113900051,173,160,13
113900052,79,82,-3
113900053,411,517,-106
113900054,9,0,9
113900055,52,243,-191
113900056,34,80,-46
113900057,15,24,-9
113900058,45,48,-3
113900059,210,167,43
113900060,69,96,-27
113900061,322,230,92
113900062,105,12,93
113900063,59,88,-29
113900064,17,64,-47
113900065,347,5,342
113900066,339,166,173
113900067,147,98,49
113900068,333,387,-54
113900069,10,21,-11
113900070,127,261,-134
113900071,32,27,5
113900072,33,105,-72
113900073,267,226,41
113900074,111,178,-67
113900075,794,1153,-359
113900076,114,7,107
113900077,32,88,-56
113900078,33,30,3
113900079,14,14,0
113900080,351,140,211
113900081,40,104,-64
113900082,93,148,-55
113900083,256,188,68
113900084,142,92,50
113900085,50,131,-81
113900086,25,19,6
113900087,84,83,1
113900088,72,94,-22
113900089,261,33,228
113900090,385,218,167
113900091,16,8,8
113900092,15,44,-29
113900093,47,626,-579
113900094,319,170,149
113900095,89,98,-9
113900096,160,38,122
113900097,46,59,-13
113900098,595,79,516
113900099,1,28,-27
113900100,0,1,-1
113900101,5,55,-50
113900102,61,116,-55
113900103,298,199,99
113900104,106,178,-72
113900105,116,92,24
113900106,0,25,-25
113900107,0,7,-7
113900108,139,196,-57
113900109,298,213,85
113900110,46,25,21
113900111,117,65,52
113900112,87,31,56
113900113,573,305,268
113900114,0,28,-28
113900115,1,32,-31
113900116,95,97,-2
113900117,56,19,37
113900118,207,309,-102
113900119,117,279,-162
113900120,43,33,10
113900121,57,24,33
113900122,207,1770,-1563
113900123,329,161,168
113900124,0,39,-39
113900125,503,100,403
113900126,60,32,28
113900127,266,554,-288
113900128,91,53,38
113900129,3,156,-153
113900130,0,62,-62
113900131,177,48,129
113900132,63,49,14
113900133,7,70,-63
113900135,211,204,7
113900136,54,57,-3
113900137,214,234,-20
113900138,28,108,-80
113900139,125,160,-35
113900140,65,200,-135
113900141,456,168,288
113900142,99,44,55
113900143,10,32,-22
113900144,84,196,-112
113900145,297,97,200
113900146,136,32,104
113900148,59,165,-106
113900149,102,74,28
113900150,173,182,-9
113900151,336,115,221
113900152,49,27,22
113900153,71,394,-323
113900154,2,72,-70
113900155,141,154,-13
113900156,148,243,-95
113900157,36,215,-179
113900158,120,325,-205
113900159,14,182,-168
113900160,277,330,-53
113900161,56,184,-128
113900162,174,428,-254
113900163,124,133,-9
113900164,251,55,196
113900165,439,212,227
113900166,70,136,-66
113900167,275,29,246
113900168,44,65,-21
113900169,121,183,-62
113900171,175,28,147
113900172,3,63,-60
113900173,9,275,-266
113900174,364,320,44
113900175,181,91,90
113900176,243,251,-8
113900177,220,124,96
113900178,189,77,112
113900179,12,184,-172
113900180,99,54,45
113900181,491,100,391
113900182,474,535,-61
113900183,33,44,-11
113900184,7,189,-182
113900185,131,51,80
113900186,22,15,7
113900187,33,73,-40
113900188,17,69,-52
113900189,177,77,100
113900190,168,52,116
113900191,65,62,3
113900192,970,1413,-443
113900193,13,75,-62
113900194,831,581,250
113900195,212,226,-14
113900196,5,62,-57
113900197,1,56,-55
113900198,20,178,-158
113900199,56,368,-312
113900200,6,93,-87
113900201,0,58,-58
113900202,37,131,-94
113900203,15,30,-15
113900204,20,234,-214
113900205,2,50,-48
113900206,2,77,-75
113900207,0,31,-31
113900208,0,24,-24
113900209,0,44,-44
113900210,272,409,-137
113900211,149,43,106
113900212,182,270,-88
113900214,142,274,-132
113900215,46,49,-3
113900216,172,431,-259
113900217,84,98,-14
113900218,123,107,16
113900219,90,242,-152
113900220,82,96,-14
113900221,250,172,78
113900222,695,633,62
113900223,181,386,-205
113900224,38,49,-11
113900225,287,117,170
113900226,223,75,148
113900227,196,168,28
113900228,199,322,-123
113900229,35,567,-532
113900230,1914,2348,-434
113900231,130,83,47
113900232,124,54,70
113900233,70,47,23
113900234,195,250,-55
113900235,52,22,30
113900236,183,166,17
113900237,106,9,97
113900238,172,333,-161
113900239,27,93,-66
113900240,3,160,-157
113900241,96,25,71
113900242,33,111,-78
113900243,38,244,-206
113900244,138,130,8
113900245,664,204,460
113900246,12,22,-10
113900247,106,361,-255
113900248,1438,1228,210
113900249,425,366,59
113900250,54,133,-79
113900251,577,86,491
113900252,433,8,425
113900253,460,38,422
113900254,582,105,477
113900255,419,15,404
113900256,266,13,253
113900257,16,279,-263
113900258,9,195,-186
113900259,484,83,401
113900260,154,8,146
113900261,25,44,-19
113900262,114,266,-152
113900263,105,366,-261
113900264,0,204,-204
113900265,99,191,-92
113900266,36,76,-40
113900267,68,314,-246
113900268,217,262,-45
113900269,46,81,-35
113900270,165,423,-258
113900271,436,477,-41
113900273,26,21,5
113900274,77,53,24
113900275,16,56,-40
113900276,0,52,-52
113900277,130,2,128
113900278,147,118,29
113900279,70,48,22
113900280,1132,418,714
113900281,339,786,-447
113900282,261,343,-82
113900283,358,384,-26
113900284,702,131,571
113900285,80,47,33
113900286,16,55,-39
113900287,76,10,66
113900288,2,69,-67
113900289,379,69,310
113900290,130,176,-46
113900291,62,79,-17
113900292,14,2,12
113900293,63,160,-97
113900294,411,8,403
113900295,240,171,69
113900296,537,208,329
113900297,2062,37,2025
113900298,18,916,-898
113900299,120,58,62
113900300,1472,1425,47
113900301,448,241,207
113900302,1367,728,639
113900303,224,397,-173
113900304,1,71,-70
113900305,88,1,87
113900306,34,1,33
113900307,10,0,10
113900308,41,71,-30
113900309,0,291,-291
113900310,0,6,-6
113900311,6,10,-4
113900312,143,177,-34
113900313,5,3,2
113900314,0,4,-4
113900315,41,0,41
114000001,728,1467,-739
114000002,220,164,56
114000003,189,445,-256
114000004,268,354,-86
114000005,232,175,57
114000006,1028,942,86
114000007,512,698,-186
114000008,902,1330,-428
114000009,667,174,493
114000011,2245,1501,744
114000012,2366,959,1407
114000013,1443,908,535
114000014,449,269,180
114000015,1466,203,1263
114000016,156,117,39
114000017,60,280,-220
114000018,115,16,99
114000026,1770,663,1107
114000027,2865,1294,1571
114000028,1737,2021,-284
114000038,179,100,79
114000039,169,124,45
114000040,93,131,-38
114000042,162,108,54
114000043,355,142,213
114000044,268,97,171
114000045,33,31,2
114000046,1751,2526,-775
114000047,5,39,-34
114000048,87,97,-10
114000049,1234,873,361
114000050,1129,1064,65
114000051,2056,1242,814
114000052,3094,1411,1683
114000053,73,485,-412
114000054,116,451,-335
114000055,208,23,185
114000056,295,839,-544
114000057,2851,1417,1434
114000058,141,1229,-1088
114000059,87,288,-201
114000060,347,644,-297
114000061,1572,2113,-541
114000062,868,1038,-170
114000063,1233,855,378
114000064,2179,2412,-233
114000065,895,1357,-462
114000066,358,416,-58
114000067,18,629,-611
114000068,367,499,-132
114000069,665,361,304
114000070,1566,1395,171
114000071,526,261,265
114000072,373,110,263
114000073,9,31,-22
114000074,36,17,19
114000075,46,28,18
114000076,19,43,-24
114000077,4,12,-8
114000078,227,221,6
114000079,132,21,111
114000080,27,46,-19
114000081,63,32,31
114000082,38,173,-135
114000083,54,88,-34
114000084,186,62,124
114000085,71,251,-180
114000086,177,191,-14
114000087,122,70,52
114000088,35,10,25
114000089,335,187,148
114000090,633,574,59
114000091,860,501,359
114000092,626,284,342
114000093,925,473,452
114000094,315,273,42
114000095,205,119,86
114000096,77,190,-113
114000097,138,302,-164
114000098,489,63,426
114000099,552,241,311
114000100,1258,336,922
114000101,403,303,100
114000102,459,224,235
114000103,80,160,-80
114000104,25,113,-88
114000105,118,57,61
114000106,449,946,-497
114000107,320,85,235
114000108,983,654,329
114000109,593,1521,-928
114000110,408,777,-369
114000111,1540,652,888
114000112,467,1220,-753
114000113,1542,436,1106
114000114,833,892,-59
114000115,2111,871,1240
114000116,678,1769,-1091
114000117,2564,454,2110
114000118,2315,371,1944
114000119,1491,329,1162
114000120,361,438,-77
114000121,413,555,-142
114000122,334,251,83
114000123,1588,248,1340
114000124,768,183,585
114000125,650,653,-3
114000126,1329,172,1157
114000127,256,82,174
114000128,696,252,444
114000130,478,310,168
114000131,261,50,211
114000132,371,262,109
114000133,594,708,-114
114000134,68,39,29
114000138,34,87,-53
114000139,316,286,30
114000144,650,532,118
114000145,60,73,-13
114000146,64,103,-39
114000147,1020,1817,-797
114000148,1196,1476,-280
114000149,263,214,49
114000150,775,1009,-234
114000151,930,2009,-1079
114000152,87,35,52
114000153,596,1417,-821
114000154,523,470,53
114000155,836,1731,-895
114000156,728,448,280
114000157,178,726,-548
114000158,774,420,354
114000159,163,254,-91
114000160,75,234,-159
114000161,852,2211,-1359
114000162,819,2011,-1192
114000163,15,45,-30
114000165,553,339,214
114000166,641,243,398
114000167,1692,967,725
114000168,401,240,161
114000169,1018,1025,-7
114000170,931,1004,-73
114000171,1015,3846,-2831
114000174,227,277,-50
114000176,434,490,-56
114000177,1025,469,556
114000178,41,49,-8
114000179,970,578,392
114000180,382,615,-233
114000181,1341,2911,-1570
114000182,1158,1512,-354
114000183,550,570,-20
114000184,1624,542,1082
114000185,845,538,307
114000189,927,121,806
114000190,2603,375,2228
114000191,53,103,-50
114000192,129,733,-604
114000193,311,712,-401
114000194,1061,468,593
114000195,245,20,225
114000196,4,56,-52
114000197,1200,24,1176
114000198,491,223,268
114000199,1402,1447,-45
114000200,403,791,-388
114000201,93,352,-259
114000202,699,337,362
114000203,513,397,116
114000204,243,278,-35
114000205,153,711,-558
114000206,475,877,-402
114000207,330,827,-497
114000208,239,1114,-875
114000209,363,1207,-844
114000210,174,592,-418
114000211,937,980,-43
114000212,653,575,78
114000213,1111,393,718
114000214,55,88,-33
114000215,142,53,89
114000216,1032,198,834
114000217,336,159,177
114000218,144,126,18
114000219,1027,95,932
114000220,22,477,-455
114000221,758,102,656
114000222,96,538,-442
114000223,466,135,331
114000224,65,396,-331
114000225,281,345,-64
114000226,139,172,-33
114000227,690,407,283
114000228,697,414,283
114000229,931,731,200
114000230,1364,628,736
114000231,755,910,-155
114000232,572,120,452
114000233,1740,76,1664
114000234,796,533,263
114000235,828,919,-91
114000236,0,226,-226
114000237,117,397,-280
114000238,75,148,-73
114000239,107,570,-463
114000240,566,534,32
114000241,225,516,-291
114000242,554,462,92
114000243,1270,578,692
114000244,359,247,112
114000245,281,473,-192
114000246,85,33,52
114000247,621,412,209
114000248,1192,371,821
114000249,473,373,100
114000250,525,713,-188
114000251,364,129,235
114000252,38,16,22
114000253,36,57,-21
114000254,36,33,3
114000255,362,143,219
114000256,542,1548,-1006
114000257,391,740,-349
114000258,228,162,66
114000259,70,104,-34
114000260,0,25,-25
114000261,43,19,24
114000262,149,67,82
114000263,6,1,5
114000264,841,235,606
114000265,0,1,-1
114000267,2,1037,-1035
114000268,3,659,-656
114000270,103,1,102
114000271,227,29,198
114000283,964,218,746
114000285,15,74,-59
114000288,69,177,-108
114000289,1199,88,1111
114000293,182,325,-143
114000294,141,194,-53
114000395,895,23,872
114000396,458,545,-87
114000402,544,189,355
114000403,255,140,115
114000405,143,219,-76
114000423,235,207,28
114000424,349,50,299
114000425,735,148,587
114000426,270,604,-334
114000427,57,41,16
114000428,116,132,-16
114000429,5,101,-96
114000432,95,72,23
114000434,23,36,-13
114000435,0,104,-104
114900001,423,411,12
114900002,343,98,245
114900003,584,551,33
114900004,195,310,-115
114900005,466,358,108
114900006,43,63,-20
114900007,250,19,231
114900008,162,72,90
114900010,882,1351,-469
114900011,135,92,43
114900013,150,57,93
114900018,800,25,775
114900020,129,63,66
114900022,0,392,-392
114900025,411,126,285
114900026,79,109,-30
114900029,163,18,145
114900030,234,170,64
114900031,364,25,339
114900032,318,19,299
114900034,27,86,-59
114900035,84,190,-106
114900036,155,282,-127
114900039,351,171,180
114900040,52,54,-2
114900041,641,211,430
114900042,889,221,668
114900044,162,24,138
114900047,191,1939,-1748
114900048,72,165,-93
114900049,22,95,-73
114900050,54,166,-112
114900051,18,150,-132
114900052,53,170,-117
114900053,77,175,-98
114900054,43,46,-3
114900057,180,6,174
114900058,0,60,-60
114900059,84,85,-1
114900063,51,72,-21
114900064,1374,161,1213
114900065,349,398,-49
114900067,74,260,-186
114900068,80,118,-38
114900069,113,61,52
114900070,349,209,140
114900072,2,190,-188
114900073,2,90,-88
114900074,552,281,271
114900075,255,4,251
114900076,4,170,-166
114900080,1045,184,861
114900082,1977,1846,131
114900083,580,756,-176
114900090,282,158,124
114900091,67,109,-42
114900097,118,0,118
114900098,3,90,-87
114900099,195,2,193
115000001,3214,1881,1333
115000002,3157,3758,-601
115000003,3377,1629,1748
115000004,3632,4720,-1088
115000005,1218,1316,-98
115000006,927,1236,-309
115000007,130,194,-64
115000008,285,378,-93
115000009,224,157,67
115000010,191,146,45
115000013,52,179,-127
115000015,44,254,-210
115000016,28,169,-141
115000019,42,289,-247
115000020,69,658,-589
115000021,207,369,-162
115000022,400,224,176
115000023,233,496,-263
115000024,661,281,380
115000025,567,578,-11
115000026,107,266,-159
115000027,251,245,6
115000028,151,513,-362
115000029,484,72,412
115000030,523,745,-222
115000031,1053,199,854
115000032,3,153,-150
115000033,141,41,100
115000034,60,767,-707
115000035,834,62,772
115000036,0,238,-238
115000037,499,15,484
115000038,33,111,-78
115000039,2204,2641,-437
115000040,2934,2164,770
115000041,1092,2723,-1631
115000042,537,446,91
115000043,3661,1944,1717
115000044,3410,2400,1010
115000045,1971,879,1092
115000046,2217,1733,484
115000047,2026,1013,1013
115000048,1363,1185,178
115000049,1137,2029,-892
115000050,2428,1205,1223
115000051,1156,2420,-1264
115000052,1178,1119,59
115000053,1434,1437,-3
115000054,439,676,-237
115000055,113,608,-495
115000056,183,471,-288
115000057,568,831,-263
115000058,530,339,191
115000059,217,119,98
115000061,124,130,-6
115000062,186,152,34
115000063,337,162,175
115000064,249,58,191
115000065,79,423,-344
115000067,147,14,133
115000069,90,192,-102
115000070,32,593,-561
115000071,64,9,55
115000072,10,65,-55
115000073,1047,59,988
115000075,87,51,36
115000076,1910,1542,368
115000077,1412,1002,410
115000078,1109,808,301
115000079,1011,961,50
115000080,1891,1211,680
115000081,396,479,-83
115000082,3415,2524,891
115000083,1517,984,533
115000084,2081,801,1280
115000085,576,498,78
115000086,967,424,543
115000087,315,944,-629
115000088,1320,521,799
115000089,976,750,226
115000090,296,651,-355
115000091,177,437,-260
115000092,587,305,282
115000093,368,0,368
115000094,3800,4506,-706
115000095,2608,4575,-1967
115000096,614,775,-161
115000097,875,592,283
115000098,1005,451,554
115000099,2009,1552,457
115000100,963,263,700
115000101,415,807,-392
115000102,367,187,180
115000103,186,386,-200
115000105,85,84,1
115000106,567,209,358
115000107,153,244,-91
115000108,1700,1510,190
115000109,2302,3389,-1087
115000110,946,1270,-324
115000111,413,957,-544
115000112,541,520,21
115000113,407,481,-74
115000114,1050,398,652
115000116,2295,1576,719
115000117,2040,2074,-34
115000118,1495,1234,261
115000119,1249,1481,-232
115000120,371,1004,-633
115000121,837,539,298
115000122,1280,1095,185
115000123,642,1551,-909
115000124,542,603,-61
115000125,278,490,-212
115000126,64,201,-137
115000127,318,74,244
115000128,271,525,-254
115000129,215,325,-110
115000130,338,391,-53
115000131,729,177,552
115000132,279,182,97
115000133,546,161,385
115000134,265,162,103
115000135,153,63,90
115000136,222,178,44
115000137,73,97,-24
115000138,321,209,112
115000139,180,104,76
115000140,385,161,224
115000141,189,112,77
115000142,137,110,27
115000143,793,431,362
115000144,493,52,441
115000145,245,194,51
115000146,349,253,96
115000147,195,254,-59
115000148,182,451,-269
115000149,504,160,344
115000150,419,346,73
115000151,963,295,668
115000152,431,404,27
115000153,898,326,572
115000154,741,169,572
115000155,493,465,28
115000156,698,532,166
115000157,384,580,-196
115000158,297,428,-131
115000159,345,372,-27
115000160,239,289,-50
115000161,66,323,-257
115000162,444,543,-99
115000163,362,519,-157
115000164,516,428,88
115000165,268,395,-127
115000167,128,55,73
115000168,280,246,34
115000169,304,270,34
115000170,92,115,-23
115000171,210,216,-6
115000172,537,467,70
115000173,238,584,-346
115000174,50,306,-256
115000175,149,79,70
115000176,56,53,3
115000177,72,31,41
115000178,8,134,-126
115000179,26,10,16
115000180,91,288,-197
115000181,521,92,429
115000182,726,209,517
115000183,320,459,-139
115000186,505,194,311
115000187,151,462,-311
115000188,314,370,-56
115000189,148,297,-149
115000190,491,292,199
115000191,104,360,-256
115000194,98,94,4
115000195,162,175,-13
115000196,163,56,107
115000197,154,150,4
115000198,326,101,225
115000199,342,103,239
115000200,291,66,225
115000201,165,148,17
115000206,280,40,240
115000207,122,173,-51
115000208,226,346,-120
115000209,437,229,208
115000210,118,95,23
115000211,190,158,32
115000212,836,234,602
115000224,291,44,247
115000225,58,67,-9
115000229,96,63,33
115000230,91,188,-97
115000231,185,691,-506
115000232,1475,253,1222
115000233,89,98,-9
115000234,27,194,-167
115000241,79,136,-57
115000242,98,146,-48
115000243,59,124,-65
115000244,22,73,-51
115000246,29,22,7
115000247,44,9,35
115000248,30,18,12
115000249,21,13,8
115000250,241,27,214
115000251,202,50,152
115000252,85,141,-56
115000253,11,338,-327
115000258,188,68,120
115000259,245,73,172
115000261,14,25,-11
115000262,12,29,-17
115000263,6,34,-28
115000264,47,30,17
115000267,73,58,15
115000268,45,98,-53
115000269,106,59,47
115000270,6,9,-3
115000272,52,65,-13
115000273,361,23,338
115000280,2226,176,2050
115000281,268,848,-580
115000282,380,388,-8
115000284,208,106,102
115000296,841,8,833
115000297,139,129,10
115000298,47,375,-328
115000300,193,128,65
115000302,534,54,480
115000303,590,37,553
115000304,556,40,516
115000305,74,317,-243
115000306,133,154,-21
115000307,57,116,-59
115000308,13,14,-1
115000310,1003,394,609
115000311,897,748,149
115000313,99,322,-223
115000314,370,124,246
115000315,593,547,46
115000316,96,81,15
115000317,118,268,-150
115000318,566,244,322
115000319,84,254,-170
115000320,10,321,-311
115000321,160,9,151
115000322,74,138,-64
115000449,105,150,-45
115000557,24,1010,-986
115000558,313,95,218
115000587,583,177,406
115000588,1477,1663,-186
115000589,2971,1784,1187
115000590,964,1080,-116
115000591,1252,595,657
115000592,355,1406,-1051
115000593,1155,483,672
115000594,477,2311,-1834
115000609,150,128,22
115000617,615,2468,-1853
115000624,265,42,223
115000633,299,1224,-925
115000634,2145,568,1577
115000635,526,118,408
115000638,332,323,9
115000641,40,115,-75
115000642,224,165,59
115000643,79,218,-139
115000644,118,235,-117
115000646,608,1123,-515
115000647,146,337,-191
115000648,1596,950,646
115000893,1787,1151,636
115000894,104,653,-549
115000895,232,753,-521
115000896,894,337,557
115000897,407,131,276
115000898,332,135,197
115000899,229,749,-520
115000900,29,337,-308
115000901,27,93,-66
115000912,352,63,289
115000913,1,6,-5
115000915,9,0,9
115000916,4,0,4
115000917,0,10,-10
115000918,34,316,-282
115000919,3,6,-3
115000920,11,39,-28
115000921,288,90,198
115000922,553,689,-136
115000923,216,1177,-961
115000925,105,63,42
115000927,63,61,2
115000933,157,230,-73
115000934,133,117,16
115000935,112,55,57
115000936,22,629,-607
115000937,555,145,410
115000938,102,237,-135
115000939,144,173,-29
115000940,14,13,1
115000941,7,26,-19
115000942,14,117,-103
115000943,17,32,-15
115000944,2,11,-9
115900001,110,27,83
115900002,46,53,-7
115900003,141,45,96
115900004,1,18,-17
115900005,168,5,163
115900006,76,128,-52
115900008,81,10,71
115900009,54,109,-55
115900010,318,83,235
115900011,284,151,133
115900012,144,27,117
115900013,222,100,122
115900014,99,78,21
115900015,176,42,134
115900016,102,14,88
115900017,17,6,11
115900018,125,33,92
115900019,50,7,43
115900020,82,1,81
115900021,572,225,347
115900022,612,6,606
115900023,16,10,6
115900025,21,133,-112
115900026,540,113,427
115900027,0,94,-94
115900028,378,27,351
115900029,11,165,-154
115900030,33,28,5
115900031,150,180,-30
115900032,392,409,-17
115900033,0,34,-34
115900034,13,160,-147
115900035,28,10,18
115900036,33,832,-799
115900037,25,148,-123
115900038,39,8,31
115900039,91,102,-11
115900041,249,549,-300
115900042,52,9,43
115900043,59,38,21
115900044,124,200,-76
115900046,219,78,141
115900047,110,163,-53
115900049,118,105,13
115900051,2,16,-14
115900052,15,132,-117
115900053,197,77,120
115900054,239,21,218
115900055,18,80,-62
115900056,124,85,39
115900057,13,8,5
115900058,30,33,-3
115900060,48,65,-17
115900061,235,2,233
115900062,44,189,-145
115900063,60,5,55
115900064,158,111,47
115900065,119,27,92
115900066,65,50,15
115900067,5,231,-226
115900068,1609,835,774
115900069,23,109,-86
115900070,138,58,80
115900071,2,184,-182
115900072,19,69,-50
115900073,74,63,11
115900074,2,165,-163
115900075,16,121,-105
115900076,9,34,-25
115900077,2,93,-91
115900078,18,69,-51
115900079,202,6,196
115900080,182,125,57
115900081,11,37,-26
115900082,69,106,-37
115900084,402,6,396
115900085,23,44,-21
115900086,828,334,494
115900088,3,40,-37
115900089,304,399,-95
115900090,422,6,416
115900091,3,9,-6
115900092,61,76,-15
115900093,9,12,-3
115900094,3,92,-89
115900096,3,5,-2
115900097,8,134,-126
115900098,155,144,11
115900099,47,43,4
115900100,5,256,-251
115900101,131,94,37
115900102,84,33,51
115900103,197,75,122
115900104,77,38,39
115900105,245,205,40
115900106,60,12,48
115900107,55,48,7
115900108,101,19,82
115900109,34,185,-151
115900110,2,10,-8
115900111,1,48,-47
115900112,26,307,-281
115900113,34,8,26
115900114,6,85,-79
115900115,40,83,-43
115900116,86,371,-285
115900117,95,9,86
115900118,1,120,-119
115900119,111,56,55
115900120,20,146,-126
115900121,156,80,76
115900124,220,485,-265
115900125,310,36,274
115900126,584,56,528
115900127,534,40,494
115900128,9,58,-49
115900129,446,31,415
115900130,25,197,-172
115900131,169,17,152
115900132,529,11,518
115900134,240,18,222
115900135,255,769,-514
115900137,39,1,38
115900139,41,58,-17
115900140,212,16,196
115900141,6,35,-29
115900142,6,27,-21
115900143,202,218,-16
115900144,131,134,-3
115900146,8,51,-43
115900147,213,239,-26
115900148,42,6,36
115900149,88,5,83
115900150,56,19,37
115900151,7,103,-96
115900152,137,177,-40
115900153,89,110,-21
115900154,270,246,24
115900155,0,22,-22
115900156,516,644,-128
115900157,238,370,-132
115900158,15,8,7
115900159,115,122,-7
115900160,11,46,-35
115900161,42,75,-33
115900163,142,66,76
115900164,514,8,506
115900166,123,71,52
115900168,116,57,59
115900171,64,243,-179
115900172,49,57,-8
115900173,241,88,153
115900174,182,165,17
115900175,87,123,-36
115900178,5,232,-227
115900179,217,9,208
115900180,24,63,-39
115900181,169,92,77
115900182,336,62,274
115900183,31,51,-20
115900184,686,6,680
115900187,3,118,-115
115900189,0,165,-165
115900190,199,858,-659
115900191,15,120,-105
115900192,4,72,-68
115900193,103,51,52
115900194,490,56,434
115900195,354,1659,-1305
115900198,136,171,-35
115900199,178,82,96
115900200,187,159,28
115900201,336,348,-12
115900202,1,49,-48
115900203,4,14,-10
115900204,0,16,-16
115900205,59,8,51
115900206,143,102,41
115900207,45,9,36
115900208,55,71,-16
115900209,14,115,-101
115900210,2,78,-76
115900211,0,80,-80
115900212,144,106,38
115900213,74,97,-23
115900214,466,71,395
115900215,24,120,-96
115900216,2,79,-77
115900217,2,54,-52
115900218,1,12,-11
115900219,117,3,114
115900220,195,15,180
115900221,101,5,96
115900222,53,42,11
115900223,4,368,-364
115900224,418,969,-551
115900225,50,23,27
115900226,25,32,-7
115900227,5,43,-38
115900228,7,30,-23
115900229,18,31,-13
115900230,47,60,-13
115900231,103,0,103
115900232,43,1,42
115900233,68,5,63
115900234,50,20,30
115900235,20,19,1
115900236,32,38,-6
115900237,24,25,-1
115900238,27,13,14
115900239,10,22,-12
115900240,7,41,-34
115900241,147,50,97
115900242,169,246,-77
115900243,9,5,4
115900244,12,4,8
115900245,41,1,40
115900246,3,10,-7
115900247,15,10,5
115900248,6,1,5
115900249,6,7,-1
115900250,15,9,6
115900251,1,3,-2
115900252,0,2,-2
115900253,15,6,9
115900254,3,24,-21
115900255,3,12,-9
115900256,11,65,-54
115900257,6,10,-4
115900258,0,1,-1
115900259,0,2,-2
115900260,5,0,5
115900261,5,1,4
115900262,1,0,1
115900263,4,0,4
115900264,3,3,0
115900265,3,2,1
115900266,4,7,-3
115900267,8,14,-6
115900268,2,8,-6
115900269,390,165,225
115900270,294,154,140
115900271,94,0,94
115900272,28,6,22
115900273,6,14,-8
115900274,3,9,-6
115900275,0,14,-14
115900276,0,27,-27
115900277,0,32,-32
115900278,31,51,-20
115900279,18,105,-87
115900280,6,382,-376
115900281,167,271,-104
115900282,11,8,3
115900283,11,11,0
115900284,36,5,31
116000001,4772,2510,2262
116000002,3609,9416,-5807
116000003,907,1047,-140
116000004,2079,3066,-987
116000005,1184,2199,-1015
116000006,2132,2328,-196
116000007,1988,1870,118
116000008,3240,1806,1434
116000009,841,1205,-364
116000010,2038,1184,854
116000011,572,1208,-636
116000012,1533,993,540
116000013,2871,1724,1147
116000014,5873,10247,-4374
116000015,70,1219,-1149
116000016,2390,2559,-169
116000017,28,658,-630
116000018,568,183,385
116000019,875,221,654
116000020,583,414,169
116000021,443,193,250
116000022,309,204,105
116000023,834,501,333
116000024,455,428,27
116000025,591,605,-14
116000026,1288,1817,-529
116000027,454,535,-81
116000028,358,861,-503
116000029,374,567,-193
116000030,603,488,115
116000031,130,257,-127
116000032,273,129,144
116000033,302,388,-86
116000034,643,632,11
116000035,262,505,-243
116000036,904,1225,-321
116000037,367,383,-16
116000038,181,373,-192
116000039,333,436,-103
116000040,431,385,46
116000041,82,304,-222
116000042,525,288,237
116000043,73,532,-459
116000044,13,55,-42
116000045,1443,1193,250
116000046,884,1404,-520
116000047,1206,1811,-605
116000048,1414,1522,-108
116000049,1165,2705,-1540
116000050,1188,1097,91
116000051,5545,2295,3250
116000052,5306,4185,1121
116000053,1743,615,1128
116000054,708,1911,-1203
116000055,655,639,16
116000056,815,862,-47
116000057,2044,1332,712
116000058,2147,2145,2
116000059,2091,3670,-1579
116000060,1309,796,513
116000061,495,852,-357
116000062,329,167,162
116000063,408,990,-582
116000066,200,470,-270
116000067,189,315,-126
116000068,244,287,-43
116000069,164,229,-65
116000078,428,834,-406
116000080,1617,575,1042
116000082,3,12,-9
116000083,1640,409,1231
116000084,1257,1961,-704
116000085,1765,1568,197
116000086,1265,652,613
116000087,2074,1306,768
116000088,609,572,37
116000089,139,64,75
116000090,107,130,-23
116000091,287,262,25
116000093,535,220,315
116000094,522,335,187
116000095,618,258,360
116000096,634,1073,-439
116000097,708,341,367
116000098,83,4800,-4717
116000099,2983,200,2783
116000100,248,10,238
116000101,690,385,305
116000102,199,633,-434
116000103,372,228,144
116000104,124,726,-602
116000105,1012,96,916
116000106,420,607,-187
116000107,2109,229,1880
116000108,239,155,84
116000111,108,14,94
116000113,79,78,1
116000114,51,100,-49
116000115,269,73,196
116000116,220,215,5
116000117,1220,1098,122
116000118,1161,776,385
116000119,2625,1398,1227
116000120,2437,2105,332
116000121,829,436,393
116000122,832,770,62
116000123,1054,348,706
116000124,261,440,-179
116000125,2541,622,1919
116000126,244,858,-614
116000127,682,706,-24
116000128,1482,675,807
116000129,1088,245,843
116000130,595,460,135
116000133,1060,610,450
116000134,1240,973,267
116000135,2275,1109,1166
116000136,687,1136,-449
116000137,1028,511,517
116000138,645,502,143
116000139,1062,1413,-351
116000140,117,130,-13
116000141,223,313,-90
116000142,2191,1648,543
116000143,1512,1509,3
116000144,1175,1129,46
116000145,1449,839,610
116000146,520,71,449
116000147,150,114,36
116000148,476,501,-25
116000149,483,462,21
116000151,424,284,140
116000153,70,211,-141
116000155,120,169,-49
116000156,300,526,-226
116000157,92,10,82
116000158,356,270,86
116000159,25,7,18
116000160,10,26,-16
116000161,3,34,-31
116000162,65,80,-15
116000163,23,6,17
116000164,4,21,-17
116000177,146,136,10
116000194,65,251,-186
116000195,980,480,500
116000196,16,0,16
116000197,3,10,-7
116000198,1680,794,886
116000200,478,440,38
116000201,537,444,93
116000202,9,166,-157
116000203,5,60,-55
116000204,21,38,-17
116000205,1,129,-128
116000206,2,156,-154
116000207,9,37,-28
116000233,124,193,-69
116000287,137,213,-76
116000288,318,131,187
116000292,34,52,-18
116000296,16,157,-141
116000297,102,26,76
116000304,113,24,89
116000305,18,34,-16
116000346,92,44,48
116000352,79,17,62
116000354,22,15,7
116000357,4,10,-6
116000358,215,69,146
116000361,154,0,154
116000372,2553,3684,-1131
116000381,92,0,92
116000388,0,38,-38
116000389,647,331,316
116000445,374,249,125
116000446,544,251,293
116000447,25,434,-409
116000448,400,115,285
116000563,608,762,-154
116000565,35,211,-176
116000568,28,154,-126
116000579,15,90,-75
116000583,87,33,54
116000584,24,5,19
116000585,27,20,7
116000586,44,71,-27
116000587,481,606,-125
116000589,28,41,-13
116000590,58,35,23
116000591,224,177,47
116000592,8,66,-58
116000593,1,10,-9
116000594,531,198,333
116000595,574,81,493
116000596,103,1,102
116000597,308,90,218
116000598,29,78,-49
116000605,252,85,167
116000606,54,181,-127
116000607,0,13,-13
116000609,135,669,-534
116000611,130,203,-73
116000612,872,1629,-757
116000613,593,246,347
116000614,337,366,-29
116000615,3,313,-310
116000616,33,60,-27
116000617,117,16,101
116000618,2,24,-22
116000619,34,55,-21
116000620,181,400,-219
116000621,72,99,-27
116000622,72,126,-54
116000624,205,85,120
116000627,87,28,59
116000628,52,134,-82
116000629,19,126,-107
116000630,271,12,259
116000631,95,38,57
116000632,744,25,719
116000633,166,108,58
116000634,350,72,278
116000635,1832,2060,-228
116000636,516,1145,-629
116000637,370,34,336
116000638,141,132,9
116000639,97,4,93
116000640,23,16,7
116000641,41,81,-40
116000643,0,114,-114
116000644,17,199,-182
116000645,26,5,21
116900001,165,140,25
116900002,165,3,162
116900003,41,30,11
116900004,25,52,-27
116900005,240,38,202
116900006,61,158,-97
116900007,120,153,-33
116900008,300,144,156
116900009,14,4,10
116900010,848,618,230
116900011,3,22,-19
116900012,193,155,38
116900013,4,66,-62
116900014,122,64,58
116900015,427,32,395
116900016,252,3,249
116900017,13,251,-238
116900018,61,34,27
116900019,4,135,-131
116900020,404,914,-510
116900023,43,14,29
116900024,482,25,457
116900025,995,391,604
116900026,49,296,-247
116900027,17,26,-9
116900028,8,51,-43
116900029,0,27,-27
116900031,0,1,-1
116900032,3,185,-182
116900033,14,8,6
116900034,15,47,-32
116900035,110,94,16
116900036,3,57,-54
116900038,16,2,14
116900041,33,3,30
116900042,317,150,167
116900043,17,30,-13
116900047,13,131,-118
116900049,18,126,-108
116900050,98,201,-103
116900051,111,55,56
116900052,104,46,58
116900055,2,11,-9
116900057,16,122,-106
116900058,11,194,-183
116900059,1,61,-60
116900060,124,125,-1
116900062,0,11,-11
116900064,55,265,-210
116900065,21,74,-53
116900067,81,34,47
116900068,117,121,-4
116900070,3,0,3
116900072,23,168,-145
116900073,17,64,-47
116900074,6,20,-14
116900076,13,71,-58
116900077,9,62,-53
116900078,157,40,117
116900079,30,122,-92
116900080,3,14,-11
116900081,235,740,-505
116900082,337,579,-242
116900083,25,12,13
116900084,97,63,34
116900085,58,82,-24
116900086,35,115,-80
116900088,215,66,149
116900090,77,20,57
116900091,319,15,304
116900092,72,360,-288
116900093,1429,1184,245
116900094,1953,2943,-990
116900095,190,93,97
116900096,61,299,-238
116900097,1428,2499,-1071
116900098,515,264,251
116900099,347,467,-120
116900100,716,27,689
116900101,209,262,-53
116900103,5,0,5
116900104,62,80,-18
116900105,241,129,112
116900106,750,5,745
116900107,1531,1761,-230
116900110,12,2,10
116900111,589,283,306
116900112,212,437,-225
116900113,769,1173,-404
116900116,75,578,-503
116900117,91,70,21
116900118,569,763,-194
116900120,330,49,281
116900121,97,10,87
116900122,847,385,462
116900123,207,341,-134
116900124,124,634,-510
116900125,296,78,218
116900126,63,375,-312
116900128,0,25,-25
116900129,0,197,-197
116900130,325,2834,-2509
116900131,40,194,-154
116900132,44,67,-23
116900133,127,110,17
116900134,174,164,10
116900136,211,155,56
116900137,220,92,128
116900138,157,95,62
116900139,125,262,-137
116900140,121,124,-3
116900141,568,315,253
116900142,1,64,-63
116900143,251,172,79
116900144,23,57,-34
116900145,51,99,-48
116900147,283,595,-312
116900148,4,33,-29
116900149,34,221,-187
116900150,7,11,-4
116900151,29,18,11
116900153,134,49,85
116900154,213,378,-165
116900155,68,48,20
116900157,562,127,435
116900158,131,215,-84
116900159,69,232,-163
116900160,664,522,142
116900161,3357,5279,-1922
116900162,8,48,-40
116900163,149,62,87
116900164,70,60,10
116900165,200,192,8
116900166,42,30,12
116900167,363,24,339
116900168,307,49,258
116900169,232,592,-360
116900170,282,480,-198
116900171,31,87,-56
116900172,121,362,-241
116900173,166,33,133
116900174,65,56,9
116900175,171,182,-11
116900178,23,43,-20
116900179,78,309,-231
116900180,60,14,46
116900182,392,153,239
116900183,151,39,112
116900185,39,45,-6
116900186,65,88,-23
116900187,37,34,3
116900188,112,21,91
116900189,46,0,46
116900191,329,456,-127
116900192,255,70,185
116900194,125,1312,-1187
116900195,27,20,7
116900196,37,58,-21
116900197,72,10,62
116900198,94,187,-93
116900200,40,15,25
116900201,120,4,116
116900202,66,18,48
116900203,144,6,138
116900204,33,80,-47
116900206,29,9,20
116900207,26,30,-4
116900208,5,43,-38
116900209,34,55,-21
116900210,426,233,193
116900211,144,1,143
116900212,81,29,52
116900213,171,82,89
116900214,140,74,66
116900215,29,54,-25
116900216,237,104,133
116900218,4,114,-110
116900219,1045,274,771
116900220,110,142,-32
116900221,80,236,-156
116900222,369,299,70
116900223,106,158,-52
116900226,62,18,44
116900227,159,31,128
116900228,271,81,190
116900230,55,168,-113
116900231,44,144,-100
116900232,7,247,-240
116900233,224,58,166
116900234,5,6,-1
116900235,343,208,135
116900238,1066,192,874
116900239,19,766,-747
116900240,2696,2600,96
116900241,81,62,19
116900242,426,602,-176
116900243,0,8,-8
116900245,25,30,-5
116900246,74,10,64
116900247,865,17,848
116900248,90,29,61
116900249,273,39,234
116900250,344,36,308
116900251,254,533,-279
116900252,99,465,-366
116900254,25,76,-51
116900255,86,60,26
116900256,324,90,234
116900257,56,226,-170
116900258,0,109,-109
116900259,236,5,231
116900260,0,72,-72
116900261,96,1,95
116900262,139,162,-23
116900263,0,15,-15
116900264,115,39,76
116900265,54,0,54
116900266,21,14,7
116900267,9,0,9
116900268,131,72,59
116900269,269,466,-197
116900271,489,221,268
116900272,299,188,111
116900273,95,90,5
116900274,107,28,79
116900275,152,47,105
116900276,207,148,59
116900277,229,31,198
116900278,5,5,0
116900279,1,10,-9
116900280,29,6,23
116900281,2547,3502,-955
116900282,4,35,-31
116900283,7,43,-36
116900284,9,117,-108
116900285,152,143,9
116900286,109,12,97
116900287,1,12,-11
116900288,72,72,0
116900289,14,5,9
116900290,18,16,2
116900291,36,4,32
116900292,0,9,-9
116900293,23,17,6
116900294,15,70,-55
116900295,93,78,15
116900296,39,92,-53
116900297,2,71,-69
116900298,46,59,-13
116900299,24,61,-37
116900300,0,57,-57
116900301,24,128,-104
116900302,32,49,-17
116900303,98,105,-7
116900304,1,96,-95
116900305,11,33,-22
116900306,162,51,111
116900307,68,1,67
116900308,1,52,-51
116900309,68,31,37
116900310,35,35,0
117000001,1351,1321,30
117000002,1648,2498,-850
117000003,4527,2502,2025
117000004,2242,3388,-1146
117000005,2336,1479,857
117000006,974,2126,-1152
117000007,3510,993,2517
117000008,780,2199,-1419
117000009,3776,1524,2252
117000010,1708,2256,-548
117000011,1918,1146,772
117000012,1003,836,167
117000013,1593,650,943
117000014,973,1603,-630
117000015,1726,1022,704
117000016,195,123,72
117000017,89,95,-6
117000018,99,512,-413
117000019,68,38,30
117000020,327,1130,-803
117000021,783,556,227
117000022,203,120,83
117000023,91,352,-261
117000024,141,257,-116
117000025,192,648,-456
117000026,1442,1355,87
117000027,1037,4032,-2995
117000028,1308,1589,-281
117000030,224,327,-103
117000031,375,351,24
117000032,1083,904,179
117000033,959,555,404
117000034,432,232,200
117000035,390,337,53
117000036,367,247,120
117000037,257,208,49
117000038,116,443,-327
117000039,400,158,242
117000040,205,554,-349
117000041,951,122,829
117000044,22,441,-419
117000045,472,81,391
117000046,352,632,-280
117000047,883,477,406
117000048,1079,505,574
117000049,102,411,-309
117000050,76,530,-454
117000051,1171,49,1122
117000052,64,279,-215
117000053,808,43,765
117000054,1442,12,1430
117000055,40,1531,-1491
117000056,500,20,480
117000057,350,1363,-1013
117000060,357,651,-294
117000061,1551,713,838
117000062,217,420,-203
117000063,1460,862,598
117000064,482,463,19
117000066,434,555,-121
117000067,72,401,-329
117000074,57,151,-94
117000076,37,32,5
117000077,99,123,-24
117000078,69,288,-219
117000079,308,178,130
117000080,4,224,-220
117000081,794,106,688
117000082,11,127,-116
117000083,488,324,164
117000084,119,3,116
117000085,217,526,-309
117000086,618,234,384
117000087,60,462,-402
117000088,196,107,89
117000089,1377,189,1188
117000090,232,833,-601
117000091,730,193,537
117000092,301,757,-456
117000093,1173,624,549
117000094,931,1622,-691
117000095,3396,644,2752
117000096,621,1589,-968
117000097,1389,771,618
117000098,1558,2406,-848
117000099,3149,996,2153
117000100,193,193,0
117000101,106,620,-514
117000102,1634,517,1117
117000103,620,1000,-380
117000104,1294,448,846
117000105,636,875,-239
117000106,1153,572,581
117000107,302,945,-643
117000108,1545,845,700
117000109,1159,1672,-513
117000110,1346,977,369
117000111,2681,2980,-299
117000112,2654,1068,1586
117000113,160,104,56
117000114,185,50,135
117000115,85,72,13
117000116,117,145,-28
117000117,1039,742,297
117000118,200,111,89
117000119,146,187,-41
117000120,92,520,-428
117000121,25,804,-779
117000122,234,630,-396
117000123,1093,47,1046
117000124,248,81,167
117000125,103,135,-32
117000126,36,19,17
117000127,127,198,-71
117000128,275,490,-215
117000129,250,1031,-781
117000130,129,1,128
117000131,0,91,-91
117000132,2435,26,2409
117000133,1781,18,1763
117000134,2,79,-77
117000135,3,66,-63
117000136,0,22,-22
117000137,93,140,-47
117000138,2,525,-523
117000140,424,1013,-589
117000141,1600,399,1201
117000181,230,150,80
117000182,491,626,-135
117000195,115,474,-359
117000196,226,133,93
117000225,97,32,65
117000226,8,125,-117
117000276,260,19,241
117000277,1,163,-162
117000310,1011,1623,-612
117000315,54,585,-531
117000320,80,0,80
117000906,386,19,367
117000907,6,196,-190
117000909,64,27,37
117000910,134,114,20
117000911,64,105,-41
117000915,1,240,-239
117000916,56,0,56
117000917,1121,29,1092
117000918,75,41,34
117000919,5,44,-39
117000920,2,596,-594
117000921,2,550,-548
117000922,21,51,-30
117000924,864,541,323
117000926,386,107,279
117000927,560,679,-119
117000928,0,93,-93
117000929,235,201,34
117000930,457,110,347
117000931,122,142,-20
117900002,45,294,-249
117900003,354,283,71
117900005,16,62,-46
117900006,1,30,-29
117900007,92,46,46
117900008,0,29,-29
117900010,232,31,201
117900011,25,101,-76
117900012,45,47,-2
117900013,0,97,-97
117900014,514,133,381
117900015,10,69,-59
117900016,662,640,22
117900017,646,360,286
117900018,126,113,13
117900019,401,167,234
117900020,37,411,-374
117900021,22,44,-22
117900023,579,81,498
117900024,33,30,3
117900025,36,5,31
117900026,342,145,197
117900028,45,5,40
117900029,220,309,-89
117900031,89,77,12
117900032,1052,548,504
117900033,310,231,79
117900034,100,17,83
117900035,303,121,182
117900036,198,202,-4
117900037,135,77,58
117900038,67,145,-78
117900039,0,14,-14
117900040,116,190,-74
117900041,2,18,-16
117900042,2063,218,1845
117900043,21,22,-1
117900044,56,3116,-3060
117900045,130,116,14
117900048,335,194,141
117900049,234,273,-39
117900050,6,91,-85
117900051,17,0,17
117900052,56,274,-218
117900053,1507,303,1204
117900054,1,20,-19
117900055,264,194,70
117900056,45,42,3
117900057,681,957,-276
117900058,39,28,11
117900059,153,58,95
117900060,1968,2883,-915
117900061,11,254,-243
117900063,357,125,232
117900065,546,738,-192
117900066,6,70,-64
117900067,434,80,354
117900069,679,167,512
117900070,106,44,62
117900071,60,80,-20
117900073,370,131,239
117900074,92,96,-4
117900075,49,50,-1
117900076,26,44,-18
117900077,428,158,270
117900078,224,631,-407
117900080,102,30,72
117900081,286,246,40
117900082,429,331,98
117900083,303,215,88
117900086,137,18,119
117900087,145,43,102
117900088,2153,1270,883
117900089,1940,618,1322
117900090,432,254,178
117900091,78,97,-19
117900092,54,20,34
117900093,75,32,43
117900094,34,28,6
117900095,258,398,-140
117900096,67,139,-72
117900097,332,37,295
117900098,24,12,12
117900099,119,168,-49
117900100,250,3,247
117900101,379,1574,-1195
117900102,73,13,60
117900103,35,0,35
117900104,16,95,-79
117900105,72,132,-60
117900106,69,24,45
117900107,16,1,15
117900109,512,281,231
117900110,147,0,147
117900111,314,26,288
117900112,32,3,29
117900113,1211,1206,5
117900114,24,0,24
117900115,123,44,79
117900116,637,626,11
117900117,578,170,408
117900118,53,0,53
117900119,105,67,38
117900120,191,24,167
117900121,118,31,87
117900122,893,3149,-2256
117900123,614,214,400
117900124,535,471,64
117900125,1340,1564,-224
117900126,177,295,-118
117900127,402,191,211
117900128,275,253,22
117900129,91,0,91
117900130,484,252,232
117900131,0,123,-123
117900132,9,81,-72
117900133,16,66,-50
117900134,42,176,-134
117900135,11,97,-86
117900136,0,36,-36
117900137,43,164,-121
117900138,0,9,-9
117900139,92,67,25
117900140,2032,22,2010
117900141,64,162,-98
117900142,118,54,64
117900144,35,233,-198
117900145,15,44,-29
117900146,105,118,-13
117900147,72,17,55
117900148,1454,1460,-6
117900149,83,99,-16
117900150,34,23,11
117900151,30,48,-18
117900152,70,37,33
117900153,6,41,-35
117900154,322,336,-14
117900156,590,511,79
117900157,84,388,-304
117900158,185,113,72
117900160,610,611,-1
117900161,1680,1232,448
117900162,418,333,85
117900163,31,149,-118
117900165,0,8,-8
117900166,72,411,-339
117900168,87,130,-43
117900169,1,102,-101
117900170,1,15,-14
117900171,10,13,-3
117900172,29,14,15
117900173,128,67,61
117900174,31,48,-17
117900175,14,21,-7
117900176,14,11,3
117900177,20,13,7
117900178,95,24,71
117900180,117,47,70
117900181,53,353,-300
117900182,5,28,-23
117900183,49,148,-99
117900184,13,38,-25
117900185,47,56,-9
117900186,45,17,28
117900187,33,10,23
117900188,145,33,112
117900189,48,26,22
117900190,19,0,19
117900191,51,3,48
117900192,225,1,224
117900193,5,90,-85
117900194,10,21,-11
117900195,13,27,-14
117900196,34,20,14
117900207,120,135,-15
117900208,19,8,11
117900209,120,94,26
117900210,74,140,-66
117900211,5,91,-86
117900212,94,92,2
117900213,19,12,7
117900214,2,12,-10
117900215,52,35,17
117900216,39,21,18
117900217,47,184,-137
117900218,103,97,6
117900219,3,64,-61
117900220,87,82,5
117900222,145,178,-33
117900223,124,228,-104
118000001,441,901,-460
118000002,358,1073,-715
118000003,1760,2633,-873
118000004,1656,1672,-16
118000005,2444,3942,-1498
118000006,2435,6274,-3839
118000007,3505,3268,237
118000008,2688,2909,-221
118000009,1844,2169,-325
118000010,4286,2311,1975
118000011,1444,1104,340
118000012,835,970,-135
118000013,1320,1352,-32
118000014,1602,1622,-20
118000016,157,207,-50
118000017,390,255,135
118000018,235,180,55
118000019,1316,1276,40
118000020,730,2277,-1547
118000021,503,2328,-1825
118000022,1078,579,499
118000023,658,280,378
118000024,714,854,-140
118000027,7070,8940,-1870
118000029,486,720,-234
118000032,437,2849,-2412
118000033,2057,4677,-2620
118000034,3051,2021,1030
118000035,1477,2350,-873
118000036,674,905,-231
118000037,583,603,-20
118000038,208,45,163
118000039,74,140,-66
118000040,1347,848,499
118000041,1982,911,1071
118000045,255,31,224
118000046,985,561,424
118000047,617,954,-337
118000048,1648,1541,107
118000051,1571,1212,359
118000052,1116,632,484
118000053,164,237,-73
118000054,961,526,435
118000055,777,884,-107
118000056,197,312,-115
118000057,164,213,-49
118000058,2671,1424,1247
118000059,1335,997,338
118000060,854,464,390
118000061,959,698,261
118000062,430,278,152
118000063,299,510,-211
118000064,748,768,-20
118000065,1860,1874,-14
118000066,672,1416,-744
118000067,591,557,34
118000068,1074,4055,-2981
118000069,1653,884,769
118000070,3249,1444,1805
118000071,1827,5695,-3868
118000072,999,1268,-269
118000073,960,599,361
118000074,302,331,-29
118000075,389,207,182
118000076,1592,2513,-921
118000077,905,1003,-98
118000078,1447,1787,-340
118000079,170,326,-156
118000080,634,706,-72
118000081,1428,1033,395
118000082,231,932,-701
118000083,1024,1320,-296
118000084,2019,1325,694
118000086,200,372,-172
118000087,2494,1768,726
118000088,1123,1249,-126
118000089,2644,1874,770
118000090,886,1972,-1086
118000091,316,2107,-1791
118000092,721,398,323
118000093,59,628,-569
118000096,438,460,-22
118000097,620,531,89
118000098,230,135,95
118000099,588,421,167
118000101,948,313,635
118000102,454,694,-240
118000107,825,331,494
118000108,353,1689,-1336
118000110,1,24,-23
118000111,0,154,-154
118000112,565,3,562
118000113,4,245,-241
118000114,399,5,394
118000115,1,7,-6
118000116,17,0,17
118000117,553,477,76
118000118,684,946,-262
118000119,693,935,-242
118000120,1044,710,334
118000121,67,509,-442
118000122,932,284,648
118000123,36,226,-190
118000125,1066,695,371
118000126,543,1204,-661
118000127,993,516,477
118000128,702,916,-214
118000129,851,347,504
118000130,1323,1774,-451
118000131,265,413,-148
118000132,2422,1821,601
118000133,1008,387,621
118000135,434,342,92
118000136,76,372,-296
118000137,367,78,289
118000138,315,298,17
118000139,381,61,320
118000140,1752,4016,-2264
118000141,1681,1160,521
118000142,1534,977,557
118000143,1657,939,718
118000144,704,515,189
118000145,965,682,283
118000146,1087,412,675
118000147,769,825,-56
118000148,567,705,-138
118000149,873,555,318
118000150,328,252,76
118000151,445,287,158
118000153,967,792,175
118000154,1441,1110,331
118000155,1232,1113,119
118000156,1087,1651,-564
118000157,438,277,161
118000158,188,299,-111
118000159,34,90,-56
118000160,441,309,132
118000161,465,425,40
118000162,1432,676,756
118000163,633,616,17
118000164,1306,1032,274
118000168,509,445,64
118000169,728,632,96
118000170,2379,2668,-289
118000171,300,349,-49
118000172,103,138,-35
118000173,929,837,92
118000175,227,313,-86
118000176,219,507,-288
118000177,184,499,-315
118000178,39,38,1
118000179,883,1294,-411
118000180,584,663,-79
118000181,249,86,163
118000182,326,237,89
118000183,341,372,-31
118000184,861,510,351
118000185,918,1094,-176
118000186,710,951,-241
118000187,1195,425,770
118000188,441,64,377
118000189,537,227,310
118000190,2,7,-5
118000191,12,3,9
118000192,423,209,214
118000193,48,209,-161
118000194,882,587,295
118000195,300,1149,-849
118000196,231,165,66
118000197,95,118,-23
118000198,533,701,-168
118000199,436,319,117
118000200,38,126,-88
118000201,283,505,-222
118000202,31,65,-34
118000203,420,567,-147
118000204,60,343,-283
118000205,71,259,-188
118000206,158,124,34
118000207,0,33,-33
118000208,1018,950,68
118000209,1578,967,611
118000210,40,16,24
118000211,23,17,6
118000213,701,1649,-948
118000214,252,421,-169
118000215,341,120,221
118000216,1499,796,703
118000217,17,78,-61
118000218,81,47,34
118000219,272,155,117
118000220,5,30,-25
118000221,200,188,12
118000222,45,0,45
118000223,21,27,-6
118000224,75,60,15
118000225,105,372,-267
118000226,589,150,439
118000227,415,276,139
118000228,78,177,-99
118000229,77,78,-1
118000230,76,141,-65
118000231,67,146,-79
118000232,582,319,263
118000233,910,525,385
118000234,341,82,259
118000236,227,149,78
118000237,62,95,-33
118000238,204,60,144
118000239,180,138,42
118000240,146,98,48
118000241,132,60,72
118000242,294,272,22
118000243,180,110,70
118000244,41,66,-25
118000246,12,26,-14
118000255,73,184,-111
118000256,124,141,-17
118000259,16,28,-12
118000260,120,34,86
118000261,19,22,-3
118000263,39,79,-40
118000266,98,138,-40
118000267,0,84,-84
118000268,142,0,142
118000270,54,9,45
118000271,196,159,37
118000272,52,24,28
118000273,135,60,75
118000274,49,133,-84
118000276,418,211,207
118000295,5,82,-77
118000298,129,165,-36
118000299,53,60,-7
118000301,0,49,-49
118000302,71,30,41
118000311,540,69,471
118000312,207,101,106
118000313,49,42,7
118000314,110,19,91
118000315,38,23,15
118000316,526,327,199
118000325,35,10,25
118000326,12,22,-10
118000331,41,27,14
118000332,8,14,-6
118000333,16,25,-9
118000335,278,1,277
118000336,0,103,-103
118000407,87,30,57
118000457,4,39,-35
118000465,1254,2923,-1669
118000480,25,31,-6
118000489,17,284,-267
118000490,12,137,-125
118000492,262,116,146
118000510,36,12,24
118000514,82,211,-129
118000515,511,506,5
118000517,228,145,83
118000524,160,314,-154
118000525,487,448,39
118000530,15,50,-35
118000531,292,171,121
118000532,209,169,40
118000533,308,122,186
118000534,624,338,286
118000535,252,91,161
118000536,160,958,-798
118000537,13,95,-82
118000538,55,64,-9
118000539,6,50,-44
118000540,187,93,94
118000541,109,43,66
118000542,61,126,-65
118000543,92,183,-91
118000546,36,23,13
118000553,0,0,0
118000557,0,0,0
118000560,1036,1602,-566
118000562,32,70,-38
118000563,966,772,194
118000576,236,83,153
118000577,148,159,-11
118000578,139,67,72
118000579,380,871,-491
118000583,0,0,0
118000595,205,80,125
118000596,0,53,-53
118000597,158,96,62
118000598,0,0,0
118000599,91,21,70
118000600,8,3,5
118000601,1,0,1
118000602,1,1,0
118000603,0,17,-17
118000605,51,95,-44
118000606,17,30,-13
118900001,273,1017,-744
118900002,485,638,-153
118900003,225,7,218
118900004,41,19,22
118900005,57,8,49
118900006,86,0,86
118900007,15,1,14
118900008,1180,77,1103
118900009,46,29,17
118900010,29,1,28
118900011,146,8,138
118900012,312,163,149
118900013,364,150,214
118900015,194,44,150
118900016,5,13,-8
118900017,173,226,-53
118900018,697,41,656
118900019,24,15,9
118900020,90,94,-4
118900021,118,181,-63
118900022,122,85,37
118900023,101,68,33
118900024,70,105,-35
118900025,58,14,44
118900026,36,45,-9
118900027,257,82,175
118900028,148,101,47
118900029,297,318,-21
118900030,313,17,296
118900031,119,53,66
118900032,206,107,99
118900033,344,286,58
118900034,125,10,115
118900035,97,84,13
118900036,854,492,362
118900037,288,217,71
118900038,296,90,206
118900039,360,118,242
118900040,147,145,2
118900041,525,115,410
118900042,188,69,119
118900045,248,88,160
118900046,610,328,282
118900047,310,231,79
118900048,101,192,-91
118900049,55,44,11
118900050,29,31,-2
118900051,80,100,-20
118900052,158,180,-22
118900053,23,99,-76
118900054,99,21,78
118900055,44,43,1
118900056,25,274,-249
118900057,555,362,193
118900058,328,198,130
118900059,18,66,-48
118900060,43,123,-80
118900062,398,132,266
118900064,227,443,-216
118900065,33,72,-39
118900066,44,35,9
118900067,2363,3120,-757
118900068,4,128,-124
118900069,323,176,147
118900071,5,44,-39
118900072,338,182,156
118900073,126,66,60
118900074,118,64,54
118900075,79,36,43
118900076,161,57,104
118900077,136,118,18
118900078,12,2,10
118900079,29,75,-46
118900080,13,89,-76
118900081,54,28,26
118900082,710,119,591
118900083,21,5,16
118900084,12,9,3
118900085,452,402,50
118900086,35,53,-18
118900087,34,188,-154
118900088,1,2,-1
118900089,30,9,21
118900090,505,216,289
118900091,77,103,-26
118900092,131,38,93
118900093,90,13,77
118900096,65,99,-34
118900097,219,269,-50
118900099,62,139,-77
118900100,62,130,-68
118900101,89,153,-64
118900102,33,60,-27
118900103,23,56,-33
118900104,159,53,106
118900105,135,48,87
118900107,64,35,29
118900108,93,54,39
118900110,548,484,64
118900111,305,223,82
118900112,54,118,-64
118900113,175,177,-2
118900114,20,52,-32
118900115,57,192,-135
118900116,88,219,-131
118900117,74,165,-91
118900118,261,184,77
118900119,177,137,40
118900120,80,185,-105
118900121,10,88,-78
118900122,17,833,-816
118900123,122,125,-3
118900124,74,87,-13
118900126,21,286,-265
118900129,172,166,6
118900130,32,155,-123
118900131,172,123,49
118900132,185,218,-33
118900133,7,72,-65
118900135,125,161,-36
118900136,165,277,-112
118900137,14,23,-9
118900139,181,125,56
118900140,394,305,89
118900141,50,29,21
118900144,85,199,-114
118900145,47,68,-21
118900146,312,406,-94
118900147,117,107,10
118900148,52,18,34
118900150,323,537,-214
118900152,501,351,150
118900157,47,134,-87
118900158,69,48,21
118900159,4,93,-89
118900161,41,11,30
118900163,55,49,6
118900164,1,45,-44
118900165,42,47,-5
118900166,55,1,54
118900167,65,110,-45
118900168,44,128,-84
118900169,77,95,-18
118900170,111,39,72
118900171,16,49,-33
118900174,55,30,25
118900175,374,450,-76
118900176,105,187,-82
118900177,32,48,-16
118900178,37,124,-87
118900179,30,18,12
118900181,43,67,-24
118900182,45,27,18
118900183,24,66,-42
118900184,203,48,155
118900185,122,67,55
118900186,90,72,18
118900187,149,180,-31
118900188,239,200,39
118900189,29,749,-720
118900190,17,120,-103
118900191,161,14,147
118900192,186,1,185
118900193,518,6,512
118900195,142,315,-173
118900196,22,84,-62
118900197,94,42,52
118900198,14,8,6
118900199,40,7,33
118900200,13,7,6
118900201,18,21,-3
118900202,4,28,-24
118900203,5,7,-2
118900204,7,13,-6
118900205,0,4,-4
118900206,6,7,-1
119000001,918,1199,-281
119000002,2811,1961,850
119000003,2094,584,1510
119000004,1753,846,907
119000005,1251,1384,-133
119000006,2689,1148,1541
119000007,2343,2013,330
119000008,1340,1027,313
119000009,2641,3551,-910
119000010,3590,3123,467
119000011,2208,1991,217
119000012,1470,2335,-865
119000013,2245,1307,938
119000014,1108,1973,-865
119000019,215,98,117
119000020,2194,1038,1156
119000021,3746,1949,1797
119000022,1325,2194,-869
119000023,211,228,-17
119000024,1680,8418,-6738
119000025,1628,329,1299
119000026,79,289,-210
119000027,1124,491,633
119000028,1256,690,566
119000029,58,222,-164
119000030,467,522,-55
119000031,552,488,64
119000032,1316,1325,-9
119000033,1783,802,981
119000034,786,516,270
119000035,24,158,-134
119000036,1480,506,974
119000037,1035,798,237
119000038,134,398,-264
119000039,288,204,84
119000040,545,497,48
119000041,482,858,-376
119000048,1893,1442,451
119000049,1445,1059,386
119000050,1139,1191,-52
119000051,1564,652,912
119000052,1196,1900,-704
119000053,1368,739,629
119000054,1730,985,745
119000055,3022,1583,1439
119000056,2379,1374,1005
119000057,1390,1277,113
119000058,1281,1051,230
119000059,954,929,25
119000060,1264,745,519
119000061,848,530,318
119000062,836,821,15
119000063,555,374,181
119000064,621,620,1
119000065,1400,2069,-669
119000066,1696,939,757
119000067,1387,1345,42
119000068,1531,738,793
119000069,1277,1295,-18
119000070,2286,643,1643
119000071,332,448,-116
119000072,2603,2068,535
119000073,2873,5350,-2477
119000074,1203,1226,-23
119000075,2396,1510,886
119000076,217,864,-647
119000077,478,473,5
119000078,306,198,108
119000079,208,521,-313
119000080,398,89,309
119000081,189,263,-74
119000082,680,161,519
119000083,545,323,222
119000084,227,266,-39
119000085,413,128,285
119000086,216,389,-173
119000087,1069,461,608
119000088,291,196,95
119000089,68,130,-62
119000090,117,90,27
119000091,81,275,-194
119000092,305,147,158
119000093,2406,1585,821
119000094,3040,3459,-419
119000095,1544,1685,-141
119000097,1750,825,925
119000098,1000,3135,-2135
119000099,2175,1254,921
119000100,3538,2634,904
119000101,3124,1142,1982
119000102,584,972,-388
119000103,1022,464,558
119000104,1230,644,586
119000105,671,1761,-1090
119000106,378,622,-244
119000107,847,413,434
119000108,290,497,-207
119000109,90,394,-304
119000110,225,339,-114
119000111,28,486,-458
119000112,129,76,53
119000113,1139,166,973
119000114,701,777,-76
119000115,122,111,11
119000116,77,66,11
119000117,94,216,-122
119000118,3,0,3
119000123,3243,1160,2083
119000124,635,128,507
119000125,3338,344,2994
119000126,1186,444,742
119000127,115,164,-49
119000128,17,1,16
119000131,1148,453,695
119000132,1,3,-2
119000133,3,9,-6
119000134,1295,405,890
119000135,175,135,40
119000136,254,75,179
119000137,248,168,80
119000138,467,131,336
119000139,207,82,125
119000140,197,237,-40
119000284,689,1709,-1020
119000285,1310,1231,79
119000286,3877,2943,934
119000287,1081,1256,-175
119000288,1422,668,754
119000289,1025,1358,-333
119000290,176,290,-114
119000291,18,171,-153
119000293,149,116,33
119000294,70,20,50
119000295,914,304,610
119000296,245,128,117
119000302,1172,907,265
119000303,33,111,-78
119000314,571,4344,-3773
119000315,0,177,-177
119000316,143,59,84
119000317,92,114,-22
119000319,568,107,461
119900001,157,1180,-1023
119900002,106,146,-40
119900003,32,506,-474
119900004,186,977,-791
119900005,198,53,145
119900006,171,300,-129
119900007,791,214,577
119900008,17,41,-24
119900009,483,404,79
119900010,506,667,-161
119900011,22,90,-68
119900012,11,87,-76
119900013,1648,959,689
119900014,343,118,225
119900015,84,26,58
119900016,33,54,-21
119900017,43,37,6
119900018,1129,875,254
119900019,27,3,24
119900020,89,124,-35
119900021,123,106,17
119900022,42,579,-537
119900023,305,1478,-1173
119900025,154,13,141
119900026,425,109,316
119900027,18,17,1
119900028,222,105,117
119900029,3,4,-1
119900030,435,287,148
119900031,32,391,-359
119900033,1586,259,1327
119900034,363,47,316
119900037,204,23,181
119900038,23,255,-232
119900039,26,7,19
119900040,118,11,107
119900041,92,18,74
119900042,188,102,86
119900043,94,91,3
119900044,110,748,-638
119900046,137,31,106
119900047,252,69,183
119900049,119,3,116
119900050,44,82,-38
119900051,976,21,955
119900052,52,11,41
119900053,201,87,114
119900054,158,6,152
119900055,1084,360,724
119900057,207,30,177
119900058,192,1,191
119900059,75,34,41
119900060,243,14,229
119900061,292,6,286
119900062,63,8,55
119900063,5,36,-31
119900065,170,8,162
119900067,49,8,41
119900068,491,4,487
119900069,110,25,85
119900070,835,11,824
119900071,558,29,529
119900073,965,430,535
119900074,34,51,-17
119900075,2114,1689,425
119900076,76,43,33
119900077,747,419,328
119900078,380,443,-63
119900079,242,102,140
119900080,295,136,159
119900081,501,21,480
119900082,1055,86,969
119900083,214,73,141
119900084,392,279,113
119900085,34,30,4
119900086,305,523,-218
119900087,512,253,259
119900088,12,19,-7
119900089,25,273,-248
119900090,95,28,67
119900091,21,478,-457
119900092,19,216,-197
119900093,804,142,662
119900094,16,135,-119
119900095,122,70,52
119900096,49,81,-32
119900097,343,135,208
119900098,31,31,0
119900099,19,98,-79
119900100,1117,1779,-662
119900101,103,918,-815
119900102,32,147,-115
119900103,35,124,-89
119900104,42,89,-47
119900105,504,1979,-1475
119900106,5,104,-99
119900107,215,1220,-1005
119900108,2135,489,1646
119900109,16,83,-67
119900110,595,336,259
119900111,161,289,-128
119900112,624,400,224
119900113,56,141,-85
119900114,210,546,-336
119900115,250,614,-364
119900116,106,317,-211
119900117,309,338,-29
119900118,67,468,-401
119900119,195,94,101
119900120,470,291,179
119900121,372,416,-44
119900122,353,217,136
119900123,131,198,-67
119900124,199,443,-244
119900125,20,143,-123
119900126,2002,148,1854
119900127,1358,674,684
119900128,364,313,51
119900129,193,224,-31
119900130,12,90,-78
119900131,37,123,-86
119900132,21,120,-99
119900133,39,43,-4
119900134,730,117,613
119900135,1,176,-175
119900136,134,169,-35
119900138,243,293,-50
119900139,10,90,-80
119900140,1,47,-46
119900141,44,539,-495
119900142,1,20,-19
119900143,26,146,-120
119900144,824,135,689
119900145,78,88,-10
119900146,135,98,37
119900147,2,76,-74
119900148,173,40,133
119900149,524,3650,-3126
119900150,124,52,72
119900151,894,476,418
119900152,79,118,-39
119900153,118,40,78
119900154,28,325,-297
119900155,27,23,4
119900156,22,1,21
119900157,96,104,-8
119900158,142,36,106
119900159,2,611,-609
119900160,18,62,-44
119900161,146,96,50
119900162,781,619,162
119900163,54,82,-28
119900164,0,4,-4
119900165,76,72,4
119900166,41,36,5
119900167,60,31,29
119900168,805,311,494
119900169,30,213,-183
119900170,129,187,-58
119900171,700,216,484
119900172,82,13,69
119900173,8,210,-202
119900174,1,69,-68
119900175,1156,363,793
119900177,12,111,-99
119900178,4,53,-49
119900179,92,498,-406
119900180,933,618,315
119900181,47,86,-39
119900182,0,127,-127
119900183,104,487,-383
119900184,944,226,718
119900185,31,140,-109
119900186,30,840,-810
119900187,7,135,-128
119900188,81,198,-117
119900189,315,279,36
119900190,62,243,-181
119900191,190,222,-32
119900192,40,113,-73
119900193,321,123,198
119900194,23,73,-50
119900195,18,82,-64
119900196,456,180,276
119900197,162,99,63
119900198,107,160,-53
119900199,86,21,65
119900200,529,440,89
119900201,126,82,44
119900202,40,204,-164
119900203,120,436,-316
119900204,227,177,50
119900205,647,312,335
119900206,216,66,150
119900208,140,118,22
119900209,445,1020,-575
119900210,26,21,5
119900211,46,4,42
119900212,497,292,205
119900213,10,54,-44
119900214,44,51,-7
119900215,42,39,3
119900216,7,27,-20
119900217,13,35,-22
119900218,14,25,-11
119900219,6,42,-36
119900220,2,48,-46
119900221,18,79,-61
119900222,13,79,-66
119900223,7,33,-26
119900224,7,6,1
119900225,372,36,336
119900226,237,1187,-950
119900227,398,169,229
119900228,36,150,-114
119900229,238,260,-22
119900230,724,279,445
119900231,211,109,102
119900232,123,76,47
119900233,41,8,33
119900234,70,54,16
119900235,11,22,-11
119900236,23,93,-70
119900237,25,199,-174
119900238,0,48,-48
119900240,63,82,-19
119900241,119,140,-21
119900242,597,1036,-439
119900244,390,892,-502
119900245,70,102,-32
119900246,172,413,-241
119900247,9,66,-57
119900248,42,170,-128
119900249,173,76,97
119900253,1160,285,875
119900254,68,640,-572
119900255,82,508,-426
119900256,521,368,153
119900257,113,0,113
119900258,96,2,94
119900259,14,44,-30
119900260,94,4,90
119900261,222,87,135
119900262,0,103,-103
119900263,988,217,771
119900264,70,67,3
119900265,432,229,203
119900266,308,133,175
119900267,191,251,-60
119900268,169,59,110
119900269,1035,609,426
119900271,26,62,-36
119900272,350,193,157
119900275,136,47,89
119900276,76,4,72
119900277,9,13,-4
119900278,70,87,-17
119900279,90,156,-66
119900280,355,76,279
119900281,0,155,-155
119900282,31,78,-47
119900283,37,139,-102
119900284,23,126,-103
119900285,7,49,-42
119900286,2,14,-12
119900288,9,8,1
119900289,0,23,-23
119900290,7,13,-6
119900291,2,40,-38
119900292,31,47,-16
119900293,13,39,-26
119900294,27,36,-9
119900295,44,38,6
119900296,58,116,-58
119900297,1,20,-19
119900298,6,1,5
119900299,41,70,-29
119900300,140,88,52
119900301,60,56,4
119900302,53,59,-6
119900303,210,54,156
119900304,204,12,192
119900305,4,38,-34
119900306,27,2,25
119900307,56,35,21
119900308,3,12,-9
119900309,25,105,-80
119900310,153,167,-14
119900311,79,46,33
119900312,98,49,49
119900313,193,131,62
119900314,165,205,-40
119900315,1882,987,895
119900318,9,34,-25
119900319,0,117,-117
119900320,242,287,-45
119900321,70,2,68
120000001,4301,13799,-9498
120000002,1955,1640,315
120000003,2098,1071,1027
120000004,1837,1107,730
120000005,2179,1125,1054
120000006,954,755,199
120000007,1800,1178,622
120000008,876,1372,-496
120000009,1068,402,666
120000010,1414,1252,162
120000011,860,998,-138
120000012,1105,1297,-192
120000013,2446,2036,410
120000014,765,1073,-308
120000015,2187,1587,600
120000016,2965,1688,1277
120000017,2357,1991,366
120000018,2431,9367,-6936
120000019,879,1164,-285
120000020,2278,2612,-334
120000021,1583,1734,-151
120000022,1943,3218,-1275
120000023,1014,1289,-275
120000024,934,1936,-1002
120000025,2156,1437,719
120000026,1893,1321,572
120000027,1809,1611,198
120000028,527,1663,-1136
120000029,1044,887,157
120000030,152,619,-467
120000031,1300,3540,-2240
120000032,4537,2572,1965
120000033,4131,1267,2864
120000034,1887,1202,685
120000035,1725,1202,523
120000036,2412,3674,-1262
120000037,466,1140,-674
120000038,2976,2184,792
120000039,579,703,-124
120000040,61,485,-424
120000041,910,822,88
120000042,1424,1262,162
120000043,3235,881,2354
120000044,3507,1025,2482
120000045,5313,820,4493
120000046,4014,4420,-406
120000047,524,4324,-3800
120000048,4235,3825,410
120000049,3017,1989,1028
120000050,2845,2563,282
120000051,2197,2823,-626
120000052,4826,1373,3453
120000053,1165,1177,-12
120000054,1129,2199,-1070
120000055,1459,2806,-1347
120000056,3193,2202,991
120000057,2790,1151,1639
120000058,1438,1741,-303
120000059,9,1208,-1199
120000061,87,379,-292
120000062,111,274,-163
120000063,928,1459,-531
120000064,271,643,-372
120000065,396,871,-475
120000066,167,469,-302
120000067,36,341,-305
120000068,185,413,-228
120000069,476,437,39
120000070,176,717,-541
120000071,690,87,603
120000072,764,283,481
120000073,759,133,626
120000074,172,107,65
120000075,675,195,480
120000076,1687,266,1421
120000077,1685,502,1183
120000078,3436,1359,2077
120000079,491,265,226
120000080,307,219,88
120000081,340,132,208
120000082,338,232,106
120000083,139,710,-571
120000084,270,206,64
120000085,212,251,-39
120000086,259,315,-56
120000087,168,300,-132
120000088,607,599,8
120000089,927,433,494
120000090,575,334,241
120000091,785,676,109
120000092,919,444,475
120000093,419,337,82
120000094,177,569,-392
120000095,731,214,517
120000096,186,389,-203
120000098,648,472,176
120000099,231,470,-239
120000100,593,531,62
120000101,438,276,162
120000102,446,721,-275
120000103,1307,707,600
120000104,1690,368,1322
120000105,2847,611,2236
120000106,2293,564,1729
120000107,3663,510,3153
120000108,1293,96,1197
120000109,999,59,940
120000110,25,483,-458
120000111,122,645,-523
120000112,440,1327,-887
120000113,662,1259,-597
120000114,848,1511,-663
120000115,405,1269,-864
120000116,467,1147,-680
120000117,788,1061,-273
120000118,63,39,24
120000119,13,44,-31
120000120,120,98,22
120000121,18,42,-24
120000122,192,478,-286
120000123,2286,5590,-3304
120000124,301,256,45
120000125,558,356,202
120000126,328,757,-429
120000127,1575,856,719
120000128,2020,2946,-926
120000129,234,175,59
120000130,615,326,289
120000131,281,429,-148
120000134,256,537,-281
120000135,579,346,233
120000137,179,541,-362
120000138,963,258,705
120000139,246,344,-98
120000140,895,280,615
120000141,404,221,183
120000142,790,420,370
120000143,1,80,-79
120000144,100,4,96
120000145,405,1,404
120000146,652,662,-10
120000149,512,681,-169
120000150,1663,8360,-6697
120000151,341,329,12
120000152,435,136,299
120000153,222,272,-50
120000154,376,988,-612
120000155,142,258,-116
120000156,636,872,-236
120000157,901,407,494
120000158,1040,772,268
120000159,2001,1814,187
120000160,2112,1243,869
120000161,2735,2036,699
120000162,56,231,-175
120000163,570,373,197
120000164,691,431,260
120000165,563,448,115
120000166,1208,379,829
120000167,116,119,-3
120000168,7,347,-340
120000169,48,1201,-1153
120000170,12,1222,-1210
120000171,24,516,-492
120000172,9,433,-424
120000173,810,1541,-731
120000174,146,45,101
120000175,127,33,94
120000176,91,37,54
120000177,657,63,594
120000178,52,20,32
120000179,107,49,58
120000180,249,85,164
120000181,90,911,-821
120000182,50,618,-568
120000183,10,434,-424
120000184,155,716,-561
120000186,27,600,-573
120000187,24,317,-293
120000188,66,494,-428
120000190,296,54,242
120000191,353,69,284
120000192,315,11,304
120000193,89,4,85
120000195,26,3,23
120000196,113,21,92
120000197,36,59,-23
120000198,154,45,109
120000199,68,0,68
120000200,188,1,187
120000201,11,32,-21
120000202,2,34,-32
120000203,54,131,-77
120000207,1,40,-39
120000208,8,127,-119
120000209,13,52,-39
120000210,36,49,-13
120000211,172,1,171
120000212,242,0,242
120000213,102,138,-36
120000214,0,137,-137
120000215,3,83,-80
120000216,106,21,85
120000217,357,732,-375
120000218,85,475,-390
120000219,5,264,-259
120000220,2,717,-715
120000225,1532,2,1530
120000226,334,3,331
120000227,836,44,792
120000228,8586,2907,5679
120000230,413,13,400
120000231,1321,1290,31
120000233,209,4,205
120000235,297,425,-128
120000236,910,1,909
120000237,2,637,-635
120000238,1,866,-865
120000241,996,2581,-1585
120000412,172,1,171
120000413,215,79,136
120000414,124,3,121
120000415,0,44,-44
120000416,69,1,68
120000417,3,36,-33
120000418,141,6,135
120000419,2,114,-112
120000420,32,15,17
120000421,5920,4221,1699
120000422,44,1084,-1040
120000423,0,83,-83
120000424,117,82,35
120000436,101,559,-458
120000437,107,79,28
120000438,1318,154,1164
120000439,189,508,-319
120000443,137,0,137
120000444,1309,244,1065
120000445,1421,823,598
120000446,443,144,299
120000447,185,1,184
120000449,116,3,113
120000450,4,79,-75
120000451,104,107,-3
120000452,131,1,130
120000453,0,131,-131
120000454,54,28,26
120000455,55,27,28
120000456,2206,3526,-1320
120000457,1011,541,470
120000458,443,722,-279
120000459,118,68,50
120000665,572,234,338
120000668,135,838,-703
120000669,73,127,-54
120000670,113,1057,-944
120000671,1228,519,709
120000672,96,348,-252
120900001,57,109,-52
120900002,165,348,-183
120900003,160,13,147
120900004,14,58,-44
120900005,22,838,-816
120900006,411,172,239
120900007,156,45,111
120900008,286,627,-341
120900009,597,20,577
120900010,376,111,265
120900011,80,160,-80
120900012,90,835,-745
120900013,282,99,183
120900014,3,236,-233
120900015,728,60,668
120900016,825,38,787
120900017,1346,45,1301
120900018,114,259,-145
120900019,561,420,141
120900020,590,1004,-414
120900021,724,130,594
120900022,18,148,-130
120900023,216,109,107
120900024,1268,375,893
120900025,977,786,191
120900026,150,115,35
120900027,796,16,780
120900028,397,111,286
120900029,90,532,-442
120900030,1373,569,804
120900031,278,125,153
120900032,1130,87,1043
120900033,822,73,749
120900034,11,2168,-2157
120900035,25,69,-44
120900037,210,7,203
120900038,49,302,-253
120900039,108,47,61
120900040,312,3,309
120900041,77,20,57
120900042,666,28,638
120900043,81,33,48
120900044,8,215,-207
120900045,153,39,114
120900046,471,4,467
120900047,158,91,67
120900048,126,23,103
120900049,416,4,412
120900050,980,1416,-436
120900051,279,85,194
120900052,590,1,589
120900053,320,23,297
120900054,1155,342,813
120900055,408,2,406
120900056,491,17,474
120900057,142,17,125
120900058,599,1,598
120900059,96,6,90
120900060,64,12,52
120900061,201,92,109
120900062,252,3,249
120900063,574,15,559
120900064,756,1,755
120900065,530,2,528
120900066,169,89,80
120900067,151,41,110
120900068,286,0,286
120900069,255,19,236
120900071,7,0,7
120900072,753,8,745
120900073,525,39,486
120900074,462,7,455
120900076,393,2,391
120900077,1378,132,1246
120900078,760,728,32
120900079,615,82,533
120900080,839,834,5
120900081,1182,90,1092
120900082,438,322,116
120900083,90,1,89
120900084,371,474,-103
120900085,66,152,-86
120900086,54,292,-238
120900087,375,345,30
120900088,153,436,-283
120900089,1603,2510,-907
120900090,242,39,203
120900091,558,819,-261
120900092,916,276,640
120900093,1012,104,908
120900094,372,118,254
120900095,262,11,251
120900096,37,126,-89
120900097,494,398,96
120900098,192,104,88
120900099,44,30,14
120900100,56,141,-85
120900101,425,125,300
120900102,56,59,-3
120900103,31,153,-122
120900104,11,38,-27
120900105,28,236,-208
120900106,848,257,591
120900107,114,84,30
120900108,8,225,-217
120900109,49,352,-303
120900110,116,448,-332
120900111,123,232,-109
120900112,5,355,-350
120900113,6,377,-371
120900114,18,84,-66
120900115,115,208,-93
120900116,383,193,190
120900117,0,223,-223
120900118,17,387,-370
120900119,4692,2654,2038
120900120,40,223,-183
120900121,44,229,-185
120900122,428,228,200
120900123,3,147,-144
120900124,3,319,-316
120900125,10,304,-294
120900126,1213,578,635
120900127,6,245,-239
120900128,1106,930,176
120900129,36,189,-153
120900130,0,143,-143
120900131,111,33,78
120900132,1042,115,927
120900133,52,373,-321
120900134,623,202,421
120900135,7,303,-296
120900136,48,51,-3
120900137,215,31,184
120900138,23,127,-104
120900139,4,361,-357
120900140,1,55,-54
120900141,108,184,-76
120900142,9,192,-183
120900143,3,453,-450
120900144,1,52,-51
120900145,140,631,-491
120900146,0,537,-537
120900147,42,244,-202
120900148,101,93,8
120900149,0,126,-126
120900150,51,393,-342
120900151,53,331,-278
120900152,230,31,199
120900153,64,64,0
120900154,1,81,-80
120900155,161,611,-450
120900156,219,233,-14
120900157,62,257,-195
120900158,51,356,-305
120900159,259,374,-115
120900160,42,535,-493
120900161,62,273,-211
120900162,89,433,-344
120900163,150,490,-340
120900164,0,86,-86
120900165,9,551,-542
120900166,65,317,-252
120900167,193,111,82
120900169,65,188,-123
120900170,519,2570,-2051
120900171,500,119,381
120900172,261,1009,-748
120900173,5,56,-51
120900174,9,85,-76
120900175,171,66,105
120900176,14,293,-279
120900177,3,1136,-1133
120900178,1,299,-298
120900179,579,281,298
120900180,39,145,-106
120900181,72,18,54
120900182,10,237,-227
120900183,389,69,320
120900184,159,58,101
120900185,21,235,-214
120900186,0,237,-237
120900187,404,751,-347
120900188,228,9,219
120900189,60,1550,-1490
120900190,59,2,57
120900191,12,5,7
120900192,4719,7307,-2588
120900194,53,66,-13
120900195,82,182,-100
120900196,616,23,593
120900197,558,116,442
120900198,204,400,-196
120900199,292,383,-91
120900200,67,97,-30
120900201,320,76,244
120900202,2,80,-78
120900203,22,80,-58
120900204,84,132,-48
120900205,31,18,13
120900206,14,24,-10
120900207,42,700,-658
121000001,426,656,-230
121000002,1658,1094,564
121000003,1979,1309,670
121000004,1894,2570,-676
121000005,1183,1840,-657
121000006,2248,1798,450
121000007,1608,2391,-783
121000008,3683,3230,453
121000009,2939,4415,-1476
121000010,5315,4412,903
121000011,4589,7516,-2927
121000012,9443,6541,2902
121000013,3746,4972,-1226
121000014,4315,3738,577
121000015,3397,6258,-2861
121000016,3177,2579,598
121000017,1372,2448,-1076
121000018,1720,1120,600
121000019,8908,8292,616
121000020,8442,13459,-5017
121000021,1696,1503,193
121000022,1762,2395,-633
121000023,1992,1412,580
121000024,3281,3447,-166
121000025,322,1093,-771
121000026,305,133,172
121000027,1111,913,198
121000028,699,356,343
121000029,625,512,113
121000030,542,286,256
121000031,466,488,-22
121000032,151,120,31
121000034,215,186,29
121000035,141,145,-4
121000036,693,600,93
121000037,470,466,4
121000038,301,657,-356
121000039,168,260,-92
121000041,310,288,22
121000042,212,260,-48
121000043,506,489,17
121000044,1045,747,298
121000045,310,204,106
121000046,492,623,-131
121000047,264,265,-1
121000049,1018,482,536
121000050,290,981,-691
121000051,424,206,218
121000052,354,529,-175
121000053,249,95,154
121000054,44,286,-242
121000055,808,1013,-205
121000056,706,800,-94
121000057,390,362,28
121000058,240,174,66
121000059,1836,984,852
121000060,402,842,-440
121000061,125,254,-129
121000062,171,349,-178
121000063,661,654,7
121000064,547,769,-222
121000065,210,405,-195
121000066,539,436,103
121000067,333,435,-102
121000068,423,290,133
121000069,227,594,-367
121000070,1182,767,415
121000071,1168,1015,153
121000072,629,448,181
121000073,848,738,110
121000074,58,97,-39
121000075,17,180,-163
121000076,343,238,105
121000077,119,130,-11
121000078,104,126,-22
121000080,1218,424,794
121000081,1965,2471,-506
121000082,86,206,-120
121000083,106,102,4
121000084,155,135,20
121000085,198,352,-154
121000086,310,469,-159
121000087,81,205,-124
121000088,387,370,17
121000089,199,272,-73
121000090,248,302,-54
121000091,872,678,194
121000092,171,49,122
121000093,134,180,-46
121000094,347,525,-178
121000095,354,536,-182
121000096,2090,981,1109
121000097,457,1423,-966
121000098,443,519,-76
121000099,645,457,188
121000100,805,218,587
121000101,297,161,136
121000102,254,119,135
121000103,157,154,3
121000104,205,70,135
121000105,394,108,286
121000106,210,190,20
121000107,1339,2083,-744
121000109,782,745,37
121000110,179,595,-416
121000114,2302,1533,769
121000115,823,659,164
121000116,438,1075,-637
121000117,343,166,177
121000118,1443,199,1244
121000119,257,288,-31
121000120,170,285,-115
121000121,438,980,-542
121000123,843,483,360
121000127,119,47,72
121000128,771,264,507
121000129,882,347,535
121000130,665,422,243
121000131,1177,1293,-116
121000132,900,1434,-534
121000135,192,255,-63
121000136,981,782,199
121000137,315,289,26
121000138,700,926,-226
121000139,430,341,89
121000141,204,72,132
121000142,456,645,-189
121000143,115,24,91
121000144,430,1353,-923
121000145,414,567,-153
121000146,1115,819,296
121000147,855,363,492
121000148,752,641,111
121000149,1637,990,647
121000152,311,341,-30
121000153,1284,398,886
121000154,915,362,553
121000155,1075,778,297
121000156,288,753,-465
121000157,570,934,-364
121000158,297,348,-51
121000159,191,248,-57
121000160,270,211,59
121000161,201,206,-5
121000162,90,133,-43
121000165,743,1548,-805
121000166,17,333,-316
121000168,310,141,169
121000169,65,87,-22
121000170,285,72,213
121000171,35,110,-75
121000172,629,388,241
121000173,864,949,-85
121000174,305,405,-100
121000175,867,257,610
121000176,259,234,25
121000177,668,351,317
121000178,90,34,56
121000179,59,36,23
121000181,441,354,87
121000182,124,247,-123
121000183,77,73,4
121000184,49,103,-54
121000185,33,168,-135
121000186,213,405,-192
121000187,142,84,58
121000188,127,90,37
121000192,636,317,319
121000193,463,370,93
121000194,1449,1634,-185
121000195,200,685,-485
121000196,427,172,255
121000197,122,443,-321
121000198,161,137,24
121000199,125,166,-41
121000200,525,83,442
121000201,5,124,-119
121000202,771,95,676
121000203,645,1368,-723
121000204,2405,531,1874
121000205,99,182,-83
121000206,125,48,77
121000207,1522,701,821
121000208,1,263,-262
121000209,359,93,266
121000210,578,265,313
121000211,285,59,226
121000212,445,254,191
121000213,7611,2082,5529
121000214,594,1527,-933
121000215,661,828,-167
121000216,422,471,-49
121000217,2618,2516,102
121000218,249,1359,-1110
121000219,1086,569,517
121000220,87,66,21
121000221,77,241,-164
121000222,1798,1877,-79
121000223,275,406,-131
121000224,195,243,-48
121000225,791,1729,-938
121000226,2444,1018,1426
121000227,37,104,-67
121000228,13,377,-364
121000229,242,234,8
121000230,44,1076,-1032
121000231,839,35,804
121000232,282,203,79
121000233,478,224,254
121000234,24,30,-6
121000235,47,80,-33
121000236,9,67,-58
121000237,28,22,6
121000238,6,69,-63
121000239,43,0,43
121000240,4,124,-120
121000241,96,18,78
121000242,44,584,-540
121000243,286,48,238
121000244,3,76,-73
121000245,49,7,42
121000246,1,89,-88
121000247,78,5,73
121000248,358,747,-389
121000249,79,166,-87
121000250,466,214,252
121000251,14,200,-186
121000252,87,52,35
121000253,307,246,61
121000254,641,141,500
121000255,94,163,-69
121000256,217,149,68
121000257,20,95,-75
121000258,93,86,7
121000259,29,45,-16
121000260,43,73,-30
121000261,74,60,14
121000262,634,348,286
121000263,370,361,9
121000271,405,1256,-851
121000273,23,8,15
121000274,13,53,-40
121000275,2,8,-6
121000276,3,18,-15
121000278,70,20,50
121000279,33,12,21
121000280,15,25,-10
121000289,167,21,146
121000290,783,738,45
121000294,173,50,123
121000297,445,927,-482
121000299,125,471,-346
121000300,676,385,291
121000302,19,666,-647
121000303,458,149,309
121000304,344,62,282
121000305,113,41,72
121000306,107,76,31
121000308,173,203,-30
121000309,205,307,-102
121000310,96,164,-68
121000311,74,395,-321
121000312,249,169,80
121000313,167,249,-82
121000314,153,251,-98
121000315,32,76,-44
121000530,1278,863,415
121000531,1157,902,255
121000532,4319,5488,-1169
121000533,2350,2651,-301
121000918,26,58,-32
121000919,38,56,-18
121000938,64,174,-110
121000939,50,232,-182
121000956,1265,863,402
121000957,5,9,-4
121000958,28,31,-3
121000959,804,420,384
121000960,985,1451,-466
121000961,231,47,184
121000962,394,405,-11
121000973,0,161,-161
121000976,25,132,-107
121000979,321,98,223
121000981,232,81,151
121000982,360,119,241
121000983,311,164,147
121000984,15,43,-28
121000985,665,228,437
121000986,253,95,158
121000987,234,455,-221
121000988,728,82,646
121001302,185,76,109
121001308,0,20,-20
121001309,24,307,-283
121001313,145,70,75
121001314,1337,1595,-258
121001315,3765,2749,1016
121001326,309,306,3
121900001,75,127,-52
121900002,39,30,9
121900003,388,6,382
121900004,52,207,-155
121900005,11,3,8
121900006,86,21,65
121900007,1310,1183,127
121900008,220,175,45
121900009,326,6,320
121900010,173,3,170
121900011,161,135,26
121900012,14,0,14
121900013,730,117,613
121900014,986,248,738
121900015,168,158,10
121900016,6,29,-23
121900017,491,256,235
121900018,262,5,257
121900019,430,147,283
121900020,18,4,14
121900021,735,16,719
121900022,171,178,-7
121900023,119,229,-110
121900024,259,94,165
121900025,422,291,131
121900026,164,13,151
121900027,354,85,269
121900028,179,6,173
121900029,77,158,-81
121900030,417,454,-37
121900031,612,4644,-4032
121900032,57,41,16
121900033,151,233,-82
121900034,254,75,179
121900035,1726,1552,174
121900036,74,299,-225
121900037,98,677,-579
121900038,25,46,-21
121900039,247,27,220
121900040,70,46,24
121900041,70,150,-80
121900042,279,127,152
121900043,8,6,2
121900044,62,26,36
121900046,154,186,-32
121900047,125,63,62
121900048,24,44,-20
121900050,25,33,-8
121900051,131,102,29
121900052,88,29,59
121900053,322,220,102
121900054,241,594,-353
121900055,1,13,-12
121900058,199,95,104
121900059,210,132,78
121900060,103,295,-192
121900062,115,92,23
121900063,1244,326,918
121900064,175,321,-146
121900066,59,16,43
121900067,32,13,19
121900069,113,79,34
121900070,144,107,37
121900071,339,185,154
121900072,58,111,-53
121900073,144,186,-42
121900074,400,742,-342
121900075,308,534,-226
121900076,468,391,77
121900078,38,19,19
121900079,0,0,0
121900080,591,200,391
121900082,51,74,-23
121900084,13,44,-31
121900086,20,66,-46
121900087,96,117,-21
121900088,906,1523,-617
121900089,208,156,52
121900090,20,62,-42
121900091,73,63,10
121900092,74,105,-31
121900093,60,58,2
121900094,18,24,-6
121900095,285,151,134
121900096,697,567,130
121900097,605,117,488
121900098,9,0,9
121900099,155,41,114
121900100,106,348,-242
121900101,92,80,12
121900102,2,46,-44
121900103,316,198,118
121900104,1252,213,1039
121900105,252,129,123
121900106,0,5,-5
121900107,32,11,21
121900108,0,20,-20
121900109,170,142,28
121900110,439,386,53
121900111,654,167,487
121900112,155,103,52
121900113,42,354,-312
121900114,33,31,2
121900117,91,84,7
121900118,1084,552,532
121900119,128,47,81
121900120,67,761,-694
121900121,214,21,193
121900122,15,62,-47
121900123,178,264,-86
121900124,139,116,23
121900125,968,682,286
121900127,19,70,-51
121900128,33,64,-31
121900129,230,125,105
121900130,79,169,-90
121900131,183,91,92
121900132,29,36,-7
121900133,59,1003,-944
121900134,18,158,-140
121900135,2287,298,1989
121900136,367,206,161
121900137,27,193,-166
121900138,68,79,-11
121900139,269,772,-503
121900140,59,92,-33
121900141,58,16,42
121900142,96,64,32
121900143,21,89,-68
121900144,76,185,-109
121900145,151,200,-49
121900146,415,487,-72
121900147,59,121,-62
121900148,132,175,-43
121900149,198,369,-171
121900150,38,132,-94
121900151,55,171,-116
121900152,83,70,13
121900153,41,555,-514
121900154,8,200,-192
121900155,1,61,-60
121900156,118,99,19
121900157,2,177,-175
121900158,50,104,-54
121900159,3,152,-149
121900160,1,203,-202
121900161,250,309,-59
121900162,65,150,-85
121900163,251,257,-6
121900164,276,103,173
121900165,286,88,198
121900166,108,103,5
121900167,57,77,-20
121900168,118,178,-60
121900169,4,137,-133
121900170,1,128,-127
121900171,573,335,238
121900172,437,119,318
121900173,496,164,332
121900174,50,45,5
121900175,139,141,-2
121900176,283,951,-668
121900177,158,57,101
121900178,47,38,9
121900179,325,158,167
121900180,1546,3515,-1969
121900182,572,381,191
121900183,539,875,-336
121900184,78,421,-343
121900186,16,368,-352
121900187,17,102,-85
121900188,290,249,41
121900189,14,52,-38
121900190,169,370,-201
121900191,92,300,-208
121900192,205,889,-684
121900193,39,122,-83
121900194,8,217,-209
121900195,29,52,-23
121900196,542,686,-144
121900197,260,725,-465
121900198,1093,815,278
121900199,8,26,-18
121900200,65,141,-76
121900201,530,550,-20
121900202,114,480,-366
121900203,80,696,-616
121900204,434,941,-507
121900205,12,53,-41
121900206,27,22,5
121900207,58,15,43
121900208,111,192,-81
121900209,37,37,0
121900210,1062,741,321
121900211,419,309,110
121900212,60,76,-16
121900213,157,36,121
121900214,5,342,-337
121900215,40,104,-64
121900216,37,174,-137
121900217,137,140,-3
121900218,168,310,-142
121900220,60,3,57
121900221,154,369,-215
121900222,131,70,61
121900223,90,35,55
121900224,57,31,26
121900225,74,128,-54
121900226,140,83,57
121900227,223,362,-139
121900228,142,176,-34
121900230,55,169,-114
121900231,130,694,-564
121900232,120,216,-96
121900233,92,123,-31
121900234,267,128,139
121900235,355,87,268
121900236,170,97,73
121900237,162,209,-47
121900238,130,206,-76
121900239,166,25,141
121900240,220,101,119
121900241,46,44,2
121900242,1,0,1
121900243,5,0,5
121900244,12,1,11
121900245,144,50,94
121900246,2220,116,2104
121900248,718,795,-77
121900250,142,253,-111
121900251,353,31,322
121900252,283,102,181
121900253,129,683,-554
121900254,315,223,92
121900255,296,51,245
121900258,2482,1514,968
121900259,216,467,-251
121900260,78,74,4
121900261,135,418,-283
121900262,298,746,-448
121900263,182,170,12
121900264,869,806,63
121900265,261,120,141
121900266,454,69,385
121900267,76,31,45
121900269,118,492,-374
121900270,37,145,-108
121900271,36,88,-52
121900273,350,1262,-912
121900274,208,144,64
121900277,329,684,-355
121900278,74,689,-615
121900279,119,132,-13
121900280,99,285,-186
121900281,180,273,-93
121900284,61,4,57
121900286,131,50,81
121900287,7,25,-18
121900288,1,2,-1
121900290,209,478,-269
121900291,357,637,-280
121900292,101,80,21
121900293,701,2160,-1459
121900294,156,1,155
121900295,88,126,-38
121900296,68,135,-67
121900298,190,664,-474
121900299,0,4,-4
121900300,75,6,69
121900301,89,3,86
121900302,2,57,-55
121900303,297,218,79
121900304,0,9,-9
121900305,3,8,-5
121900306,220,0,220
121900307,63,3,60
121900308,10,166,-156
121900309,4,115,-111
121900310,8,185,-177
121900311,342,17,325
121900312,225,11,214
121900313,276,22,254
121900314,4,30,-26
121900315,20,0,20
121900316,0,21,-21
121900317,19,5,14
121900318,0,6,-6
121900319,28,116,-88
121900320,29,67,-38
121900321,16,3,13
121900322,6,11,-5
121900323,25,16,9
121900324,2,29,-27
121900325,16,1,15
121900326,1,15,-14
121900327,4,18,-14
121900328,0,15,-15
121900329,1,105,-104
121900330,1,61,-60
121900331,16,25,-9
121900332,72,19,53
121900333,44,1,43
121900334,64,56,8
122000001,1203,4379,-3176
122000002,2311,1012,1299
122000003,1045,2293,-1248
122000004,1708,1022,686
122000005,2240,1390,850
122000006,912,838,74
122000007,602,1224,-622
122000008,1474,2991,-1517
122000009,329,392,-63
122000010,1724,2110,-386
122000011,2777,1265,1512
122000012,745,1716,-971
122000013,591,881,-290
122000014,1622,860,762
122000015,842,747,95
122000016,345,662,-317
122000017,874,795,79
122000018,1230,1116,114
122000019,673,945,-272
122000020,167,230,-63
122000021,148,292,-144
122000022,781,841,-60
122000023,615,1090,-475
122000024,437,1248,-811
122000025,569,1747,-1178
122000026,435,1114,-679
122000027,503,1027,-524
122000028,669,395,274
122000029,301,389,-88
122000030,150,139,11
122000031,144,274,-130
122000032,1752,1390,362
122000033,370,1468,-1098
122000034,390,462,-72
122000035,171,579,-408
122000036,380,364,16
122000037,303,167,136
122000038,148,252,-104
122000039,507,414,93
122000040,165,263,-98
122000041,377,445,-68
122000042,286,354,-68
122000043,68,88,-20
122000044,83,105,-22
122000045,1078,407,671
122000046,591,538,53
122000047,129,142,-13
122000048,2210,3111,-901
122000049,4057,2642,1415
122000050,863,632,231
122000051,150,359,-209
122000052,377,430,-53
122000053,178,837,-659
122000054,1583,1433,150
122000055,1511,2892,-1381
122000056,2654,2584,70
122000057,1994,3066,-1072
122000058,1100,1380,-280
122000059,1193,2126,-933
122000060,352,688,-336
122000061,248,528,-280
122000062,496,221,275
122000063,645,604,41
122000064,2295,2982,-687
122000065,2149,1776,373
122000066,262,373,-111
122000067,1135,914,221
122000068,1175,737,438
122000069,721,686,35
122000070,589,825,-236
122000071,1502,935,567
122000072,398,412,-14
122000073,230,718,-488
122000074,2262,1309,953
122000075,556,897,-341
122000076,3042,1125,1917
122000077,721,1005,-284
122000078,948,2802,-1854
122000079,538,1379,-841
122000080,457,411,46
122000081,163,136,27
122000082,321,1078,-757
122000083,1628,879,749
122000084,1433,640,793
122000085,222,496,-274
122000086,1617,3938,-2321
122000087,239,198,41
122000088,221,322,-101
122000089,3374,1494,1880
122000090,92,447,-355
122000091,110,80,30
122000092,74,16,58
122000093,1258,1951,-693
122000094,3519,2169,1350
122000095,854,2711,-1857
122000096,678,1156,-478
122000098,1750,2479,-729
122000099,1050,673,377
122000100,628,434,194
122000101,259,399,-140
122000102,1390,751,639
122000103,1410,1171,239
122000104,463,143,320
122000105,324,226,98
122000106,290,695,-405
122000107,825,350,475
122000108,344,564,-220
122000109,329,221,108
122000110,381,408,-27
122000111,2255,1061,1194
122000112,935,1001,-66
122000113,524,534,-10
122000114,1855,1489,366
122000115,1402,942,460
122000116,313,385,-72
122000117,845,321,524
122000118,382,545,-163
122000119,1586,1296,290
122000120,796,2029,-1233
122000121,743,1948,-1205
122000122,406,993,-587
122000123,1037,1124,-87
122000124,537,397,140
122000125,283,328,-45
122000126,342,593,-251
122000127,573,650,-77
122000128,271,368,-97
122000129,473,1270,-797
122000130,1841,897,944
122000131,731,672,59
122000132,189,286,-97
122000133,639,764,-125
122000134,758,584,174
122000135,508,515,-7
122000136,601,537,64
122000137,1356,600,756
122000139,718,2314,-1596
122000140,502,501,1
122000141,2242,871,1371
122000142,152,701,-549
122000143,228,264,-36
122000144,863,584,279
122000145,516,535,-19
122000146,426,955,-529
122000147,334,366,-32
122000148,878,1473,-595
122000149,1252,1056,196
122000150,869,727,142
122000151,141,291,-150
122000152,202,239,-37
122000153,303,218,85
122000154,159,169,-10
122000155,1100,1868,-768
122000156,1772,2125,-353
122000157,834,2023,-1189
122000158,231,416,-185
122000159,345,748,-403
122000160,1565,1391,174
122000161,681,658,23
122000162,984,1228,-244
122000163,197,83,114
122000164,39,105,-66
122000165,665,570,95
122000166,612,838,-226
122000167,231,232,-1
122000168,180,524,-344
122000169,241,151,90
122000170,266,157,109
122000171,43,66,-23
122000172,1105,940,165
122000173,972,1777,-805
122000174,1645,802,843
122000175,671,251,420
122000176,307,682,-375
122000177,1029,1169,-140
122000178,2110,1761,349
122000179,1205,1835,-630
122000180,1019,1140,-121
122000181,953,2161,-1208
122000182,963,866,97
122000183,1653,731,922
122000184,1940,2103,-163
122000185,1040,1612,-572
122000186,354,808,-454
122000187,1461,747,714
122000188,291,190,101
122000189,178,251,-73
122000190,651,983,-332
122000191,591,516,75
122000192,866,305,561
122000193,384,521,-137
122000194,377,128,249
122000195,150,399,-249
122000196,684,499,185
122000197,418,474,-56
122000198,329,764,-435
122000199,227,263,-36
122000200,801,478,323
122000201,975,1299,-324
122000202,955,1395,-440
122000203,2076,1000,1076
122000204,887,1199,-312
122000205,791,937,-146
122000206,1946,651,1295
122000207,1669,920,749
122000208,1750,1043,707
122000209,1309,323,986
122000210,1353,1170,183
122000211,890,935,-45
122000212,715,488,227
122000213,776,1158,-382
122000214,1428,1415,13
122000215,1641,1335,306
122000217,1277,1068,209
122000218,610,78,532
122000219,762,796,-34
122000220,278,526,-248
122000221,88,350,-262
122000222,430,143,287
122000223,913,591,322
122000225,535,225,310
122000226,1179,1074,105
122000227,165,1505,-1340
122000228,241,224,17
122000229,25,424,-399
122000230,103,229,-126
122000231,263,568,-305
122000232,418,569,-151
122000233,1,72,-71
122000234,393,49,344
122000235,661,85,576
122000236,1086,65,1021
122000237,69,60,9
122000238,298,230,68
122000239,498,131,367
122000240,1045,466,579
122000241,1514,353,1161
122000242,498,92,406
122000243,258,61,197
122000244,97,239,-142
122000245,64,92,-28
122000246,371,173,198
122000247,389,306,83
122000248,630,801,-171
122000249,852,707,145
122000250,1355,821,534
122000251,177,336,-159
122000252,352,86,266
122000253,71,151,-80
122000254,174,76,98
122000255,503,832,-329
122000256,259,468,-209
122000257,142,165,-23
122000258,227,173,54
122000259,14,341,-327
122000260,125,420,-295
122000261,11,165,-154
122000262,2,44,-42
122000263,201,179,22
122000264,994,269,725
122000265,1801,684,1117
122000266,2979,422,2557
122000267,186,108,78
122000268,133,225,-92
122000269,669,221,448
122000270,387,140,247
122000271,197,606,-409
122000272,237,509,-272
122000273,286,261,25
122000274,142,180,-38
122000275,189,162,27
122000276,593,384,209
122000277,918,1090,-172
122000278,1451,433,1018
122000279,137,181,-44
122000280,650,350,300
122000281,593,470,123
122000282,233,268,-35
122000283,290,127,163
122000284,204,69,135
122000285,293,44,249
122000286,55,107,-52
122000287,993,973,20
122000288,404,206,198
122000291,1581,517,1064
122000293,143,155,-12
122000294,130,210,-80
122000295,880,156,724
122000296,26,481,-455
122000297,1376,2828,-1452
122000299,331,292,39
122000300,464,539,-75
122000301,4903,2507,2396
122000302,376,1426,-1050
122000303,1952,856,1096
122000304,81,150,-69
122000305,901,392,509
122000306,43,326,-283
122000307,99,97,2
122000309,52,33,19
122000310,28,86,-58
122000311,130,90,40
122000312,103,134,-31
122000313,87,41,46
122000314,82,256,-174
122000315,279,61,218
122000316,636,153,483
122000317,1330,261,1069
122000318,183,341,-158
122000319,130,219,-89
122000320,190,584,-394
122000321,79,121,-42
122000322,1317,1730,-413
122000323,764,1817,-1053
122000324,926,1085,-159
122000325,674,1711,-1037
122000326,76,60,16
122000327,332,494,-162
122000328,463,332,131
122000330,1143,671,472
122000333,10,58,-48
122000337,921,573,348
122000338,477,326,151
122000340,219,670,-451
122000342,907,658,249
122000343,381,556,-175
122000344,76,13,63
122000345,140,50,90
122000346,218,231,-13
122000348,504,459,45
122000349,71,315,-244
122000351,132,139,-7
122000352,310,145,165
122000353,61,67,-6
122000355,152,247,-95
122000356,773,1025,-252
122000357,59,24,35
122000358,0,22,-22
122000359,0,15,-15
122000360,0,18,-18
122000362,2,42,-40
122000364,169,199,-30
122000365,2,35,-33
122000366,6,7,-1
122000368,348,450,-102
122000370,17,29,-12
122000371,34,0,34
122000372,10,3,7
122000381,115,251,-136
122000382,71,218,-147
122000384,1205,788,417
122000385,45,2,43
122000386,199,1120,-921
122000387,291,557,-266
122000388,863,568,295
122000389,127,590,-463
122000390,251,220,31
122000391,194,364,-170
122000392,154,127,27
122000393,255,223,32
122000394,392,134,258
122000395,95,63,32
122000396,197,55,142
122000397,40,24,16
122000398,25,41,-16
122000399,118,50,68
122000400,78,536,-458
122000401,126,50,76
122000402,260,130,130
122000403,337,391,-54
122000404,153,97,56
122000408,528,748,-220
122000503,9,86,-77
122000524,177,126,51
122000544,65,1657,-1592
122000614,353,402,-49
122000616,163,3,160
122000640,41,72,-31
122000641,117,140,-23
122000642,914,495,419
122000643,50,139,-89
122000644,87,22,65
122000645,105,174,-69
122000651,654,885,-231
122000664,106,15,91
122000665,814,352,462
122000666,505,827,-322
122000673,23,133,-110
122000674,176,48,128
122000675,1382,491,891
122000686,291,643,-352
122000687,1299,201,1098
122000688,184,270,-86
122000689,776,237,539
122000690,1921,213,1708
122000691,733,789,-56
122000692,1159,258,901
122000693,315,781,-466
122000695,174,143,31
122000696,395,145,250
122000698,445,395,50
122000699,130,26,104
122000701,1314,218,1096
122000702,353,610,-257
122000703,132,59,73
122000712,0,0,0
122000717,246,133,113
122000718,588,1477,-889
122000719,156,84,72
122000720,492,106,386
122000724,243,208,35
122900001,20,3,17
122900002,734,4080,-3346
122900003,303,22,281
122900004,920,40,880
122900005,102,45,57
122900006,459,498,-39
122900007,92,73,19
122900008,277,87,190
122900009,355,277,78
122900010,129,99,30
122900012,193,256,-63
122900014,115,123,-8
122900015,665,827,-162
122900016,115,161,-46
122900017,208,479,-271
122900018,136,8,128
122900020,107,223,-116
122900021,42,292,-250
122900022,800,545,255
122900023,249,89,160
122900024,101,118,-17
122900025,9,188,-179
122900026,23,154,-131
122900027,44,389,-345
122900028,100,103,-3
122900029,3072,2230,842
122900030,726,440,286
122900031,33,315,-282
122900032,60,282,-222
122900033,226,106,120
122900034,2930,3533,-603
122900035,9,10,-1
122900036,39,41,-2
122900037,243,58,185
122900038,88,2164,-2076
122900039,88,336,-248
122900040,197,271,-74
122900041,286,238,48
122900042,100,209,-109
122900043,230,209,21
122900044,76,288,-212
122900045,98,85,13
122900046,119,211,-92
122900047,117,166,-49
122900048,34,133,-99
122900049,934,122,812
122900051,76,93,-17
122900052,113,145,-32
122900053,8,18,-10
122900055,209,48,161
122900057,161,52,109
122900061,335,124,211
122900062,392,397,-5
122900063,144,130,14
122900064,581,243,338
122900065,468,169,299
122900066,550,265,285
122900067,497,356,141
122900069,225,987,-762
122900070,288,37,251
122900071,87,185,-98
122900073,10,103,-93
122900074,520,246,274
122900075,0,57,-57
122900076,8,113,-105
122900077,13,54,-41
122900078,117,51,66
122900080,25,50,-25
122900081,121,118,3
122900082,762,141,621
122900083,110,106,4
122900084,7,115,-108
122900086,8,123,-115
122900087,292,357,-65
122900088,41,222,-181
122900089,120,154,-34
122900090,7,283,-276
122900091,208,2,206
122900092,0,49,-49
122900093,0,96,-96
122900094,2,89,-87
122900095,114,8,106
122900096,320,74,246
122900097,40,20,20
122900098,52,74,-22
122900099,64,4,60
122900100,93,329,-236
122900101,278,213,65
122900102,13,21,-8
122900103,138,4,134
122900104,197,3,194
122900105,12,9,3
122900106,0,18,-18
122900107,2,49,-47
122900108,0,58,-58
122900109,169,62,107
123000001,742,392,350
123000002,2089,4296,-2207
123000003,2887,3275,-388
123000004,2238,2756,-518
123000005,2027,2203,-176
123000006,1695,1693,2
123000007,3375,2121,1254
123000008,1958,2137,-179
123000009,3601,2243,1358
123000010,2610,2729,-119
123000011,1483,762,721
123000012,549,1852,-1303
123000013,2661,645,2016
123000014,632,2236,-1604
123000015,1678,821,857
123000016,2101,2769,-668
123000017,2563,1365,1198
123000018,51,62,-11
123000019,328,92,236
123000020,182,45,137
123000021,110,156,-46
123000022,195,1332,-1137
123000023,1259,1354,-95
123000024,1377,509,868
123000025,267,91,176
123000026,58,69,-11
123000027,90,429,-339
123000028,1165,569,596
123000029,690,947,-257
123000030,205,136,69
123000031,215,136,79
123000032,340,116,224
123000033,246,70,176
123000034,756,550,206
123000035,286,290,-4
123000036,324,886,-562
123000037,129,129,0
123000038,40,179,-139
123000039,326,1232,-906
123000040,351,132,219
123000041,831,1174,-343
123000042,647,603,44
123000043,1631,8604,-6973
123000044,2480,1350,1130
123000045,3194,1870,1324
123000046,416,1115,-699
123000047,982,687,295
123000048,49,728,-679
123000049,3661,6935,-3274
123000050,1226,1086,140
123000051,81,163,-82
123000052,565,2287,-1722
123000053,1750,2109,-359
123000054,1087,1072,15
123000055,1237,2147,-910
123000056,804,1104,-300
123000057,4386,4488,-102
123000058,445,812,-367
123000059,240,302,-62
123000060,646,256,390
123000061,197,437,-240
123000063,574,637,-63
123000064,768,226,542
123000065,2488,1477,1011
123000066,385,348,37
123000067,703,320,383
123000068,1725,1731,-6
123000069,3739,1636,2103
123000070,143,368,-225
123000071,985,500,485
123000072,877,424,453
123000073,1180,541,639
123000074,766,533,233
123000075,259,841,-582
123000076,566,307,259
123000077,1518,1347,171
123000078,1462,1104,358
123000079,1278,1077,201
123000080,1493,844,649
123000081,99,195,-96
123000082,225,595,-370
123000083,648,195,453
123000084,496,312,184
123000085,292,50,242
123000086,508,72,436
123000087,301,139,162
123000088,937,346,591
123000089,484,796,-312
123000090,956,640,316
123000091,1136,976,160
123000092,681,817,-136
123000094,341,142,199
123000095,402,640,-238
123000096,589,275,314
123000097,380,381,-1
123000098,638,304,334
123000099,474,364,110
123000100,370,539,-169
123000101,362,485,-123
123000102,351,481,-130
123000104,378,641,-263
123000105,276,316,-40
123000106,456,475,-19
123000107,227,323,-96
123000108,333,654,-321
123000111,765,269,496
123000112,986,305,681
123000113,383,573,-190
123000114,274,510,-236
123000115,286,217,69
123000116,54,62,-8
123000117,1114,830,284
123000118,348,453,-105
123000119,190,470,-280
123000120,199,445,-246
123000121,459,375,84
123000122,246,210,36
123000123,423,451,-28
123000124,296,287,9
123000125,964,1006,-42
123000126,862,3036,-2174
123000127,495,442,53
123000128,194,206,-12
123000129,605,205,400
123000130,589,55,534
123000131,791,658,133
123000132,210,328,-118
123000133,127,181,-54
123000134,214,75,139
123000135,1868,731,1137
123000136,147,352,-205
123000137,66,171,-105
123000138,71,177,-106
123000139,485,66,419
123000140,66,367,-301
123000141,522,93,429
123000142,569,582,-13
123000143,818,1118,-300
123000144,7,13,-6
123000145,123,104,19
123000146,15,70,-55
123000147,32,71,-39
123000149,258,272,-14
123000150,106,188,-82
123000151,137,363,-226
123000152,27,271,-244
123000153,156,589,-433
123000154,907,1475,-568
123000155,1406,961,445
123000156,12,58,-46
123000157,475,542,-67
123000158,374,501,-127
123000159,1905,1756,149
123000160,915,614,301
123000161,1299,1006,293
123000162,932,1175,-243
123000163,440,108,332
123000164,1162,240,922
123000165,341,733,-392
123000166,28,92,-64
123000167,97,129,-32
123000168,215,159,56
123000169,641,122,519
123000170,134,66,68
123000171,604,17,587
123000172,130,257,-127
123000173,394,239,155
123000174,797,285,512
123000175,379,603,-224
123000176,733,182,551
123000177,229,482,-253
123000178,622,124,498
123000179,43,262,-219
123000180,1162,246,916
123000181,131,575,-444
123000182,168,121,47
123000183,142,317,-175
123000184,91,230,-139
123000185,595,227,368
123000186,32,299,-267
123000187,499,4,495
123000188,239,22,217
123000189,64,6,58
123000190,30,107,-77
123000192,38,258,-220
123000193,69,509,-440
123000194,137,125,12
123000195,348,50,298
123000196,264,44,220
123000197,108,34,74
123000198,21,673,-652
123000199,11,501,-490
123000200,423,12,411
123000201,954,21,933
123000202,27,453,-426
123000203,733,59,674
123000204,76,535,-459
123000205,239,761,-522
123000206,1617,212,1405
123000207,75,425,-350
123000208,493,365,128
123000209,1928,569,1359
123000210,412,1365,-953
123000211,336,989,-653
123000212,2492,388,2104
123000213,518,82,436
123000215,70,184,-114
123000216,115,780,-665
123000217,145,21,124
123000218,58,441,-383
123000219,426,50,376
123000220,351,54,297
123000221,131,46,85
123000222,259,169,90
123000223,307,139,168
123000224,349,196,153
123000225,172,44,128
123000226,64,198,-134
123000227,55,174,-119
123000228,199,40,159
123000229,570,763,-193
123000232,72,359,-287
123000233,617,75,542
123000234,104,313,-209
123000235,1022,186,836
123000236,141,364,-223
123000237,267,75,192
123000238,68,238,-170
123000239,263,600,-337
123000240,40,415,-375
123000241,240,54,186
123000242,83,143,-60
123000243,755,790,-35
123000244,793,608,185
123000245,36,109,-73
123000249,880,430,450
123000252,683,169,514
123000253,1088,321,767
123000254,497,526,-29
123000255,894,655,239
123000256,25,100,-75
123000257,1458,972,486
123000258,774,413,361
123000259,349,274,75
123000260,363,204,159
123000261,212,56,156
123000262,108,125,-17
123000263,423,58,365
123000264,170,58,112
123000265,30,87,-57
123000266,449,396,53
123000267,493,228,265
123000268,24,55,-31
123000269,36,64,-28
123000270,31,44,-13
123000271,43,44,-1
123000272,646,290,356
123000273,193,605,-412
123000274,792,362,430
123000275,184,453,-269
123000278,1526,1800,-274
123000279,92,49,43
123000280,251,216,35
123000281,258,74,184
123000282,81,162,-81
123000283,138,58,80
123000284,43,57,-14
123000286,135,256,-121
123000287,397,200,197
123000288,1077,765,312
123000289,326,946,-620
123000291,195,547,-352
123000294,163,232,-69
123000295,804,743,61
123000296,736,408,328
123000297,774,344,430
123000298,619,171,448
123000299,187,210,-23
123000300,993,754,239
123000301,122,188,-66
123000302,60,67,-7
123000303,94,166,-72
123000305,601,660,-59
123000306,150,65,85
123000309,33,40,-7
123000310,50,36,14
123000311,7,92,-85
123000312,384,424,-40
123000313,474,289,185
123000315,73,149,-76
123000316,614,365,249
123000317,166,59,107
123000318,53,156,-103
123000329,9,14,-5
123000337,422,451,-29
123000338,279,146,133
123000339,236,91,145
123000340,79,186,-107
123000342,60,43,17
123000343,13,9,4
123000344,689,230,459
123000345,303,319,-16
123000346,371,65,306
123000352,689,561,128
123000353,42,44,-2
123000354,324,25,299
123000355,0,237,-237
123000356,252,4,248
123000357,0,66,-66
123000359,7,91,-84
123000360,157,51,106
123000361,136,175,-39
123000362,277,61,216
123000363,53,80,-27
123000364,300,375,-75
123000365,11,288,-277
123000366,239,1423,-1184
123000367,221,596,-375
123000370,27,230,-203
123000371,418,35,383
123000372,212,24,188
123000373,7,134,-127
123000374,7,85,-78
123000375,275,34,241
123000376,833,588,245
123000377,287,7,280
123000378,5,120,-115
123000379,5,157,-152
123000380,9,131,-122
123000381,90,65,25
123000382,470,85,385
123000383,56,942,-886
123000384,375,92,283
123000385,134,484,-350
123000436,15,771,-756
123000507,96,185,-89
123000508,156,982,-826
123000517,219,32,187
123000518,28,167,-139
123000519,87,61,26
123000520,35,198,-163
123000521,362,105,257
123000522,82,277,-195
123000541,5,1,4
123000542,0,4,-4
123000565,649,38,611
123000566,232,227,5
123000567,483,133,350
123000573,45,387,-342
123000574,670,42,628
123000575,1047,517,530
123000576,682,672,10
123000577,41,374,-333
123000578,256,67,189
123000579,933,4631,-3698
123000580,169,60,109
123000582,325,29,296
123000583,21,162,-141
123000584,117,196,-79
123000585,0,58,-58
123000586,39,0,39
123000596,54,95,-41
123000597,49,131,-82
123000602,45,6,39
123000603,684,243,441
123000604,445,266,179
123000605,538,14,524
123000606,2,310,-308
123000609,13,220,-207
123000610,99,64,35
123000613,53,127,-74
123000614,221,34,187
123000615,56,112,-56
123000616,555,31,524
123000617,95,142,-47
123000618,37,386,-349
123000619,336,35,301
123000620,32,198,-166
123000622,354,20,334
123000624,117,51,66
123000630,1188,331,857
123000631,167,641,-474
123000632,469,456,13
123000633,0,153,-153
123000634,70,137,-67
123000635,54,85,-31
123000636,36,255,-219
123000637,184,30,154
123000638,413,18,395
123000639,577,3445,-2868
123000640,29,269,-240
123000648,455,53,402
123000649,64,226,-162
123000650,92,54,38
123000651,23,68,-45
123000652,76,7,69
123000653,15,82,-67
123000654,16,89,-73
123900001,676,19,657
123900002,19,1052,-1033
123900003,149,233,-84
123900005,225,113,112
123900006,261,37,224
124000001,1369,83,1286
124000002,20,789,-769
124000003,872,74,798
124000004,38,209,-171
124000005,849,329,520
124000006,106,441,-335
124000007,329,69,260
124000008,15,282,-267
124000009,627,145,482
124000010,138,237,-99
124000011,639,185,454
124000012,143,199,-56
124000017,142,113,29
124000018,92,33,59
124000019,121,100,21
124000020,43,70,-27
124000021,78,55,23
124000022,69,114,-45
124000023,601,167,434
124000024,864,271,593
124000025,602,399,203
124000026,486,257,229
124000027,1004,611,393
124000028,1240,455,785
124000031,1167,2477,-1310
124000032,927,521,406
124000033,877,501,376
124000034,315,727,-412
124000035,347,202,145
124000036,261,385,-124
124000037,382,778,-396
124000038,23,61,-38
124000039,522,344,178
124000040,331,771,-440
124000041,313,84,229
124000042,86,278,-192
124000043,86,266,-180
124000044,72,81,-9
124000045,579,271,308
124000046,142,262,-120
124000047,1099,416,683
124000048,553,507,46
124000049,1447,445,1002
124000050,586,752,-166
124000051,889,406,483
124000052,432,480,-48
124000053,445,1341,-896
124000054,621,410,211
124000055,1082,2397,-1315
124000056,1096,765,331
124000057,901,439,462
124000058,406,615,-209
124000059,548,972,-424
124000060,716,527,189
124000061,1077,4909,-3832
124000062,2751,1100,1651
124000063,833,1013,-180
124000064,1447,822,625
124000065,106,465,-359
124000066,212,101,111
124000067,176,121,55
124000068,45,106,-61
124000069,740,111,629
124000070,194,485,-291
124000071,314,229,85
124000072,144,298,-154
124000073,736,143,593
124000074,194,443,-249
124000075,251,17,234
124000076,11,93,-82
124000077,868,505,363
124000078,1928,875,1053
124000079,166,645,-479
124000080,464,138,326
124000081,123,260,-137
124000082,45,156,-111
124000083,47,64,-17
124000084,103,508,-405
124000085,80,44,36
124000086,20,82,-62
124000087,97,69,28
124000088,124,367,-243
124000089,665,184,481
124000090,116,189,-73
124000091,443,82,361
124000092,99,366,-267
124000093,75,126,-51
124000094,106,356,-250
124000095,91,74,17
124000096,93,144,-51
124000097,88,102,-14
124000098,49,58,-9
124000099,213,82,131
124000100,22,71,-49
124000101,95,105,-10
124000102,68,24,44
124000103,128,73,55
124000104,99,33,66
124000105,105,66,39
124000106,107,36,71
124000107,22,165,-143
124000108,25,19,6
124000109,120,83,37
124000110,146,66,80
124000111,180,123,57
124000112,596,381,215
124000113,96,83,13
124000114,239,223,16
124000115,257,361,-104
124000116,123,118,5
124000117,39,69,-30
124000118,36,56,-20
124000119,506,391,115
124000120,304,368,-64
124000121,1517,692,825
124000122,356,918,-562
124000123,684,374,310
124000124,322,661,-339
124000125,288,323,-35
124000126,240,347,-107
124000127,649,217,432
124000128,380,486,-106
124000129,1678,1172,506
124000130,542,423,119
124000131,766,450,316
124000132,594,524,70
124000133,786,588,198
124000134,507,377,130
124000135,1177,1385,-208
124000136,510,601,-91
124000137,669,576,93
124000138,641,785,-144
124000139,433,57,376
124000140,28,380,-352
124000141,718,24,694
124000142,87,250,-163
124000143,89,12,77
124000144,10,105,-95
124000145,131,29,102
124000146,27,50,-23
124000148,11,100,-89
124000149,847,325,522
124000150,331,381,-50
124000151,789,353,436
124000152,472,696,-224
124000153,689,973,-284
124000154,291,583,-292
124000155,1147,832,315
124000156,970,765,205
124000169,157,300,-143
124000170,330,277,53
124000171,192,202,-10
124000172,220,312,-92
124000173,362,135,227
124000174,324,366,-42
124000175,12,49,-37
124000176,54,27,27
124000177,3,9,-6
124000178,17,33,-16
124000185,38,15,23
124000186,2,39,-37
124000187,4,45,-41
124000188,85,8,77
124000190,75,42,33
124000191,69,174,-105
124000192,750,319,431
124000193,163,544,-381
124000194,249,297,-48
124000195,253,440,-187
124000196,708,636,72
124000197,39,31,8
124000198,45,36,9
124000201,241,578,-337
124000202,472,228,244
124000203,321,228,93
124000204,803,175,628
124000205,54,260,-206
124000206,771,214,557
124000207,0,32,-32
124000209,136,162,-26
124000210,540,98,442
124000211,584,4,580
124000212,1,216,-215
124000213,417,130,287
124000214,359,265,94
124000215,366,26,340
124000216,3,237,-234
124000329,101,679,-578
124000338,46,365,-319
124000339,928,72,856
124000341,1317,48,1269
124000344,43,23,20
124000357,1489,2669,-1180
124000358,1382,2191,-809
124000359,1106,505,601
124000360,858,309,549
124000361,1185,658,527
124000362,550,882,-332
124000363,209,253,-44
124000364,446,512,-66
124000365,559,744,-185
124000366,1172,1123,49
124000367,60,230,-170
124000368,459,372,87
124000369,89,58,31
124000370,31,317,-286
124000402,30,9,21
124000403,128,8,120
124000404,7,41,-34
124000405,688,508,180
124000406,540,490,50
124000407,2,34,-32
124000411,4,149,-145
124000412,321,8,313
124000413,87,22,65
124000414,76,81,-5
124000415,36,45,-9
124000416,74,101,-27
124000417,151,88,63
124000418,240,91,149
124000419,91,47,44
124000420,78,32,46
124000421,36,59,-23
124000422,19,10,9
124000423,72,16,56
124000424,1,66,-65
124000425,94,4,90
124000426,3,98,-95
124000427,169,8,161
124000428,12,50,-38
124000429,51,44,7
124000430,588,240,348
124000431,491,256,235
124000432,252,374,-122
124000439,37,0,37
124000443,1,1,0
124000445,377,1235,-858
124000446,692,175,517
124000447,17,93,-76
124000448,119,13,106
124000449,177,12,165
124000450,12,76,-64
124000451,0,46,-46
124000452,263,71,192
124000453,2067,2751,-684
124000454,1433,3377,-1944
124000457,4,59,-55
124000458,5,53,-48
124900001,567,317,250
124900002,111,146,-35
124900003,1005,511,494
124900004,619,259,360
124900005,127,68,59
124900006,793,229,564
124900008,859,355,504
124900009,146,273,-127
124900010,212,377,-165
124900011,408,241,167
124900012,348,96,252
124900013,466,129,337
124900014,256,77,179
124900015,80,248,-168
124900016,85,72,13
124900017,412,1599,-1187
124900018,61,19,42
124900020,54,36,18
124900021,227,21,206
124900022,54,11,43
124900024,287,7,280
124900026,225,2,223
124900027,103,257,-154
124900028,228,65,163
124900029,20,390,-370
124900030,6,42,-36
124900031,18,141,-123
124900032,87,173,-86
124900033,89,143,-54
124900034,6,51,-45
124900035,122,219,-97
124900036,0,35,-35
124900037,130,123,7
124900038,157,175,-18
124900039,1,44,-43
124900040,116,54,62
124900041,200,455,-255
124900042,103,2,101
124900043,395,545,-150
124900044,90,1,89
124900045,365,787,-422
124900047,98,111,-13
124900048,134,47,87
124900050,146,118,28
124900052,143,218,-75
124900053,126,201,-75
124900054,856,313,543
124900055,0,104,-104
124900057,15,122,-107
124900060,62,125,-63
124900061,97,8,89
124900062,191,22,169
124900066,0,19,-19
124900067,3,72,-69
124900068,148,368,-220
124900070,28,16,12
124900072,104,41,63
124900075,208,141,67
124900076,17,1054,-1037
124900077,22,72,-50
124900078,44,14,30
124900079,268,132,136
124900080,246,315,-69
124900081,924,248,676
124900082,320,429,-109
124900083,225,261,-36
124900085,601,329,272
124900086,36,987,-951
124900087,299,84,215
124900088,269,70,199
124900089,646,34,612
124900090,292,160,132
124900091,206,147,59
124900092,172,90,82
124900093,256,104,152
124900094,390,146,244
124900095,58,355,-297
124900096,312,182,130
124900097,281,45,236
124900098,79,169,-90
124900099,247,297,-50
124900100,180,61,119
124900101,55,246,-191
124900102,249,5,244
124900103,111,131,-20
124900104,52,84,-32
124900105,89,39,50
124900106,233,32,201
124900107,69,13,56
124900108,103,68,35
124900111,3,119,-116
124900112,83,189,-106
124900113,65,191,-126
124900114,133,122,11
124900115,26,32,-6
124900116,175,115,60
124900117,165,115,50
124900118,138,338,-200
124900119,328,195,133
124900120,55,182,-127
124900121,87,277,-190
124900122,192,118,74
124900123,247,86,161
124900124,113,224,-111
124900125,216,2,214
124900126,1,150,-149
204000001,130,1,129
204000002,12,4,8
204000003,15,2,13
204000004,5,0,5
204000005,605,454,151
204000006,1101,1099,2
204000011,14,32,-18
204000012,38,88,-50
204000019,710,349,361
204000020,512,660,-148
204000021,1719,579,1140
204000022,581,351,230
204000023,503,449,54
204000031,71,8,63
204000032,271,16,255
204000034,77,98,-21
204000035,0,2,-2
204000036,4,17,-13
204000037,5,19,-14
204000038,0,9,-9
204000039,2,9,-7
204000040,5,15,-10
204000041,5,15,-10
204000042,32,6,26
204000043,40,3,37
204000044,41,2,39
204000045,46,1,45
204000046,12,1,11
204000057,7,6,1
204000062,33,35,-2
204000068,18,229,-211
204000069,56,360,-304
204000070,75,62,13
204000080,53,51,2
204000085,1664,1065,599
204000086,1698,1216,482
204000087,49,9,40
204000088,7,76,-69
204000090,111,173,-62
204000093,375,61,314
204000096,912,851,61
204000097,404,17,387
204000099,904,1282,-378
204000100,1313,1675,-362
204000105,1662,764,898
204000110,430,969,-539
204000111,409,518,-109
204000112,1043,1389,-346
204000113,322,871,-549
204000114,510,625,-115
204000115,670,283,387
204000116,1327,1062,265
204000119,1712,2109,-397
204000132,623,298,325
204000133,820,169,651
204000134,201,81,120
204000135,678,60,618
204000136,523,153,370
204000138,401,486,-85
204000140,176,90,86
204000141,111,63,48
204000144,5,17,-12
204000145,400,22,378
204000146,14,168,-154
204000147,37,128,-91
204000148,165,23,142
204000154,6,2,4
204000155,2,6,-4
204000177,57,31,26
204000179,40,6,34
204000180,0,36,-36
204000222,0,11,-11
204000235,24,10,14
204000236,50,137,-87
204000238,16,14,2
204000240,331,72,259
204000263,571,681,-110
204000268,720,466,254
204000308,94,15,79
204000317,15,61,-46
204000322,12,24,-12
204000323,11,7,4
204000328,136,72,64
204000329,80,102,-22
204000330,190,64,126
204000331,142,118,24
205000001,702,1098,-396
205000013,6,64,-58
205000014,16,72,-56
205000015,27,127,-100
205000016,33,101,-68
205000017,30,74,-44
205000022,277,572,-295
205000025,1100,784,316
205000029,189,6,183
205000045,110,597,-487
205000046,127,556,-429
205000047,60,389,-329
205000048,359,687,-328
205000049,176,575,-399
205000050,743,229,514
205000059,1,137,-136
205000060,2,64,-62
205000061,4,130,-126
205000062,0,136,-136
205000063,21,157,-136
205000064,16,49,-33
205000065,50,400,-350
205000066,100,484,-384
205000067,40,584,-544
205000069,254,21,233
205000082,128,84,44
205000110,76,189,-113
205000111,183,175,8
205000112,166,149,17
205000113,150,238,-88
205000121,208,30,178
205000123,42,139,-97
205000126,378,74,304
205000127,789,137,652
205000128,350,49,301
205000129,666,62,604
205000130,138,19,119
205000131,72,9,63
205000132,102,5,97
205000133,66,0,66
205000134,295,1,294
205000137,59,106,-47
205000138,75,199,-124
205000139,21,84,-63
205000144,109,75,34
205000145,216,127,89
205000151,128,25,103
205000152,137,11,126
205000153,195,25,170
205000154,81,47,34
205000155,130,8,122
205000207,14,145,-131
205000233,22,3,19
205000234,0,1,-1
205000243,0,0,0
205000244,0,4,-4
205000245,9,74,-65
205000249,1,15,-14
205000250,7,0,7
205000264,10,78,-68
206000027,8,0,8
206000028,2,2,0
206000043,7,38,-31
206000053,0,8,-8
206000054,1,14,-13
206000055,2,13,-11
206000075,5,17,-12
206000076,15,19,-4
206000077,20,8,12
206000078,43,2,41
206000079,34,7,27
206000082,334,50,284
206000100,24,208,-184
206000103,5,11,-6
206000104,19,13,6
206000105,5,9,-4
206000106,5,16,-11
206000125,75,0,75
206000157,21,281,-260
206000170,0,86,-86
206000171,3,150,-147
206000172,6,126,-120
206000173,2,98,-96
206000174,8,21,-13
206000175,4,45,-41
206000176,9,63,-54
206000177,0,54,-54
206000178,1,130,-129
206000179,7,34,-27
206000180,7,48,-41
206000181,8,22,-14
206000182,4,69,-65
206000183,13,115,-102
206000184,7,114,-107
206000185,7,43,-36
206000186,80,315,-235
206000223,7,109,-102
206000226,9,1,8
206000227,21,1,20
206000237,29,129,-100
206000238,18,268,-250
206000239,153,927,-774
206000240,4,85,-81
206000241,0,27,-27
206000242,2,73,-71
206000243,17,57,-40
206000244,27,198,-171
206000245,856,45,811
206000246,344,10,334
206000247,330,11,319
206000248,387,22,365
206000252,59,42,17
206000258,32,23,9
206000315,35,3,32
206000317,544,91,453
206000318,632,44,588
206000319,1647,55,1592
206000320,295,22,273
206000321,236,5,231
206000322,413,12,401
206000323,195,9,186
206000324,206,5,201
206000325,156,9,147
206000326,167,22,145
206000327,124,4,120
206000328,188,3,185
206000329,320,0,320
206000330,41,4,37
206000331,220,3,217
206000332,57,1,56
206000333,651,6,645
206000334,310,1,309
206000335,0,17,-17
206000361,1,90,-89
206000392,1,3,-2
206000405,138,1,137
206000441,32,24,8
206000498,34,8,26
206000515,75,26,49
206000530,406,60,346
206000531,216,237,-21
206000532,1399,278,1121
206000535,106,1242,-1136
206000536,16,84,-68
206000537,28,113,-85
206000613,1421,203,1218
206000784,395,39,356
207000001,108,452,-344
207000002,66,285,-219
207000003,91,95,-4
207000007,1081,225,856
207000008,109,3,106
207000009,39,41,-2
207000010,351,223,128
207000012,394,161,233
207000015,234,557,-323
207000019,160,63,97
207000021,407,169,238
207000022,156,125,31
207000023,175,66,109
207000024,3,17,-14
207000025,11,69,-58
207000026,78,28,50
207000027,16,45,-29
207000028,60,99,-39
207000029,164,258,-94
207000033,180,356,-176
207000034,239,115,124
207000039,476,74,402
207000040,449,35,414
207000041,98,19,79
207000042,188,50,138
207000043,177,115,62
207000051,84,155,-71
207000052,27,85,-58
207000053,273,361,-88
207000054,61,73,-12
207000055,148,80,68
207000056,234,187,47
207000057,106,260,-154
207000058,148,184,-36
207000059,103,245,-142
207000060,84,140,-56
207000061,158,607,-449
207000062,372,38,334
207000063,402,73,329
207000064,360,78,282
207000065,337,130,207
207000066,174,87,87
207000067,45,58,-13
207000068,140,41,99
207000069,713,243,470
207000082,6,137,-131
207000083,77,140,-63
207000084,243,200,43
207000085,208,18,190
207000086,201,5,196
207000106,27,43,-16
207000107,70,17,53
207000108,56,10,46
207000109,55,13,42
207000110,50,51,-1
207000111,69,59,10
207000112,112,586,-474
207000114,27,21,6
207000115,32,31,1
207000116,19,264,-245
207000117,12,69,-57
207000118,1,47,-46
207000119,29,53,-24
207000123,155,16,139
207000124,93,29,64
207000125,60,37,23
207000126,61,31,30
207000134,112,89,23
207000135,16,129,-113
207000148,87,227,-140
207000149,47,15,32
207000152,99,325,-226
207000153,451,871,-420
207000154,311,126,185
207000159,81,122,-41
207000160,143,166,-23
207000238,0,189,-189
207000242,3,109,-106
207000248,23,18,5
207000249,92,20,72
207000250,316,61,255
207000251,136,73,63
207000252,40,29,11
207000278,67,82,-15
207000279,24,58,-34
207000280,713,79,634
207000281,74,434,-360
207000282,80,120,-40
207000283,52,161,-109
207000284,27,302,-275
207000285,88,68,20
207000291,16,62,-46
207000304,93,59,34
207000306,66,252,-186
207000310,112,56,56
207000353,240,5,235
207000356,55,44,11
207000357,27,32,-5
207000358,6,13,-7
207000415,3,93,-90
207000417,47,6,41
207000418,128,106,22
207000438,0,0,0
207000439,477,564,-87
207000446,186,5,181
207000460,35,8,27
207000466,91,100,-9
207000467,291,61,230
207000468,46,163,-117
207000476,11,36,-25
207000477,504,45,459
207000478,13,34,-21
207000523,0,4,-4
207000524,93,9,84
207000527,128,151,-23
207000530,396,9,387
207000531,283,9,274
207000532,59,26,33
207000534,214,36,178
207000535,39,226,-187
207000537,27,68,-41
207000540,5,87,-82
207000541,0,213,-213
207000548,9,149,-140
207000549,293,12,281
207000561,137,148,-11
207000562,33,104,-71
207000567,120,175,-55
207000568,329,33,296
207000569,497,314,183
207000584,255,123,132
207000585,60,227,-167
207000587,250,26,224
207000616,0,76,-76
207000617,87,0,87
207000624,58,34,24
207000631,10,47,-37
207900008,316,73,243
208000001,508,995,-487
208000002,689,418,271
208000003,1000,308,692
208000004,949,587,362
208000005,2,9,-7
208000019,571,708,-137
208000020,137,355,-218
208000021,222,215,7
208000022,877,304,573
208000028,995,1130,-135
208000033,481,342,139
208000034,816,1007,-191
208000037,180,15,165
208000040,110,95,15
208000041,589,481,108
208000042,661,525,136
208000047,117,151,-34
208000064,1605,1188,417
208000066,1385,2206,-821
208000070,362,308,54
208000071,474,551,-77
208000072,419,791,-372
208000080,304,306,-2
208000081,305,103,202
208000082,324,164,160
208000083,153,246,-93
208000084,6,8,-2
208000085,668,482,186
208000086,392,846,-454
208000087,305,550,-245
208000089,1043,263,780
208000090,925,356,569
208000093,202,107,95
208000094,391,248,143
208000095,610,355,255
208000104,783,634,149
208000105,572,699,-127
208000114,127,334,-207
208000115,423,228,195
208000116,465,762,-297
208000117,128,140,-12
208000118,132,117,15
208000155,547,724,-177
208000158,1064,2754,-1690
208000186,2150,3102,-952
208000204,592,782,-190
208000205,1121,655,466
208000282,3157,2288,869
209000004,426,151,275
209000005,51,24,27
209000006,346,173,173
209000007,219,252,-33
209000010,279,94,185
209000011,91,200,-109
209000012,43,73,-30
209000013,145,134,11
209000014,329,417,-88
209000025,342,60,282
209000026,594,107,487
209000027,343,497,-154
209000028,328,341,-13
209000029,318,414,-96
209000030,324,616,-292
209000031,1357,983,374
209000034,192,205,-13
209000035,95,168,-73
209000036,150,107,43
209000037,292,153,139
209000038,132,116,16
209000039,63,112,-49
209000040,195,395,-200
209000041,116,332,-216
209000042,219,270,-51
209000043,465,673,-208
209000044,192,793,-601
209000045,999,307,692
209000046,483,277,206
209000047,317,154,163
209000048,507,258,249
209000049,64,52,12
209000050,177,70,107
209000051,219,164,55
209000052,105,162,-57
209000062,46,52,-6
209000063,51,26,25
209000064,44,26,18
209000065,100,18,82
209000066,62,11,51
209000067,72,22,50
209000080,18,173,-155
209000082,77,32,45
209000091,20,56,-36
209000093,43,23,20
209000094,101,118,-17
209000110,15,100,-85
209000111,408,1346,-938
209000112,845,436,409
209000113,1391,421,970
209000114,665,359,306
209000115,49,66,-17
209000116,349,202,147
209000118,18,20,-2
209000119,8,7,1
209000121,71,253,-182
209000135,32,139,-107
209000142,606,1466,-860
209000143,29,38,-9
209000144,30,108,-78
209000229,234,87,147
209000240,31,167,-136
209000259,65,58,7
209000260,51,542,-491
209000261,8,228,-220
209000262,1,189,-188
209000263,1,176,-175
209000264,0,232,-232
209000265,253,18,235
209000266,80,0,80
209000267,911,8,903
209000268,428,42,386
210000037,53,15,38
210000047,66,10,56
210000048,72,10,62
210000049,64,4,60
210000052,67,36,31
210000053,18,13,5
210000054,37,47,-10
210000070,104,5,99
210000071,80,1,79
210000072,21,0,21
210000073,0,19,-19
210000074,0,73,-73
210000075,6,64,-58
210000076,14,140,-126
210000077,8,70,-62
210000078,22,47,-25
210000079,18,6,12
210000080,54,53,1
210000081,115,21,94
210000082,112,3,109
210000083,76,5,71
210000084,47,0,47
210000085,1,49,-48
210000086,0,62,-62
210000099,29,178,-149
210000100,41,111,-70
210000101,103,126,-23
210000105,22,133,-111
210000159,3,159,-156
210000163,92,151,-59
210000164,185,140,45
210000168,111,21,90
210000187,0,19,-19
210000188,0,12,-12
210000214,23,0,23
210000219,24,31,-7
210000220,86,22,64
210000232,2,8,-6
210000233,22,42,-20
210000234,14,73,-59
210000235,41,52,-11
210000245,1,19,-18
210000246,54,10,44
210000258,8,74,-66
210000259,240,35,205
210000282,65,186,-121
210000285,2,90,-88
210000286,16,100,-84
210000290,8,30,-22
210000295,28,79,-51
210000296,32,23,9
210000320,136,35,101
210000321,79,42,37
210000338,42,53,-11
210000339,129,883,-754
210000340,53,278,-225
210000341,257,237,20
210000342,198,154,44
210000343,136,153,-17
210000344,140,96,44
210000345,70,156,-86
210000346,52,91,-39
210000347,16,37,-21
210000348,90,23,67
210000349,42,16,26
210000350,115,41,74
210000351,159,53,106
210000352,67,29,38
210000353,43,48,-5
210000354,52,68,-16
210000355,34,52,-18
210000356,11,36,-25
210000357,44,38,6
210000358,162,119,43
210000359,56,70,-14
210000360,135,126,9
210000361,145,126,19
210000362,198,172,26
210000363,434,197,237
210000364,60,89,-29
210000365,123,69,54
210000366,111,42,69
210000367,52,21,31
210000368,98,29,69
210000369,19,22,-3
210000370,25,29,-4
210000372,9,24,-15
210000373,15,32,-17
210000374,35,27,8
210000375,40,52,-12
210000376,71,74,-3
210000404,31,65,-34
210000439,22,38,-16
210000472,52,3,49
210000482,62,80,-18
210000564,164,152,12
210000567,2,40,-38
210000568,252,4,248
211000092,33,15,18
211000094,11,2,9
211000169,142,6,136
211000172,4,138,-134
211000209,0,14,-14
211000226,7,27,-20
211000270,44,11,33
211000275,24,6,18
211000276,63,5,58
211000279,14,19,-5
211000281,69,25,44
211000302,13,24,-11
211507980,1,52,-51
211977296,42,3,39
212000003,102,35,67
212000004,18,32,-14
212000005,29,38,-9
212000006,30,41,-11
212000008,171,67,104
212000009,31,72,-41
212000012,73,52,21
212000013,28,26,2
212000014,229,127,102
212000015,325,168,157
212000016,422,385,37
212000027,470,255,215
212000028,346,270,76
212000029,200,132,68
212000030,44,14,30
212000031,52,32,20
212000048,22,169,-147
212000049,14,148,-134
212000050,23,7,16
212000051,169,124,45
212000052,155,149,6
212000053,343,260,83
212000054,312,101,211
212000055,312,148,164
212000056,14,31,-17
212000057,5,16,-11
212000058,127,13,114
212000070,130,100,30
212000077,119,289,-170
212000099,227,163,64
212000108,169,109,60
212000111,210,47,163
212000120,89,27,62
212000138,119,39,80
212000156,8,100,-92
212000158,13,10,3
212000159,409,39,370
212000160,586,179,407
212000161,67,3,64
212000310,41,10,31
212000311,15,21,-6
212000374,65,16,49
213000001,29,233,-204
213000005,311,86,225
213000006,651,230,421
213000007,75,11,64
213000009,472,397,75
213000010,160,258,-98
213000011,165,83,82
213000014,79,15,64
213000015,194,4,190
213000016,350,1,349
213000017,64,2,62
213000018,0,84,-84
213000019,0,126,-126
213000020,112,245,-133
213000021,1,81,-80
213000023,281,195,86
213000033,285,1348,-1063
213000034,465,132,333
213000035,119,131,-12
213000045,154,173,-19
213000046,176,118,58
213000047,530,1012,-482
213000056,73,11,62
213000069,101,10,91
213000073,2,36,-34
213000074,50,185,-135
213000075,398,3,395
213000076,21,1,20
213000085,11,48,-37
213000086,16,110,-94
213000091,211,8,203
213000092,36,10,26
213000099,139,948,-809
213000100,876,235,641
213000101,398,87,311
213000102,416,151,265
213000103,562,533,29
213000104,62,226,-164
213000105,0,63,-63
213000106,24,97,-73
213000107,97,193,-96
213000108,9,69,-60
213000109,20,221,-201
213000110,19,102,-83
213000111,11,46,-35
213000112,33,24,9
213000115,34,5,29
213000116,44,231,-187
213000117,5,364,-359
213000118,384,207,177
213000119,28,238,-210
213000120,71,159,-88
213000122,91,320,-229
213000123,316,688,-372
213000124,119,722,-603
213000125,104,13,91
213000126,24,85,-61
213000127,98,183,-85
213000128,202,796,-594
213000129,192,765,-573
213000130,614,304,310
213000132,379,103,276
213000133,564,67,497
213000134,810,21,789
213000136,480,17,463
213000137,485,51,434
213000139,226,16,210
213000147,34,10,24
213000148,15,11,4
213000149,27,6,21
213000150,1,165,-164
213000151,5,131,-126
213000152,2,142,-140
213000153,2,96,-94
213000154,40,332,-292
213000155,24,151,-127
213000156,135,322,-187
213000157,729,301,428
213000158,267,665,-398
213000159,296,327,-31
213000163,867,89,778
213000165,631,210,421
213000171,74,70,4
213000172,71,120,-49
213000173,25,108,-83
213000174,2,35,-33
213000175,34,19,15
213000176,5,103,-98
213000177,37,18,19
213000178,100,10,90
213000179,202,45,157
213000180,208,54,154
213000184,13,86,-73
213000188,331,78,253
213000189,332,34,298
213000190,701,468,233
213000191,347,243,104
213000192,239,212,27
213000193,576,249,327
213000194,1,71,-70
213000195,16,323,-307
213000196,217,1025,-808
213000197,393,380,13
213000198,38,3,35
213000200,156,710,-554
213000201,70,63,7
213000202,12,536,-524
213000203,2119,446,1673
213000204,627,65,562
213000205,189,70,119
213000206,346,54,292
213000207,64,12,52
213000208,33,2,31
213000209,84,3,81
213000210,277,2,275
213000211,3,6,-3
213000212,13,24,-11
213000213,9,58,-49
213000218,188,269,-81
213000219,409,5,404
213000220,311,8,303
213000223,178,210,-32
213000224,39,56,-17
213000225,73,15,58
213000226,52,13,39
213000227,720,148,572
213000228,367,83,284
213000229,98,28,70
213000230,423,22,401
213000232,35,584,-549
213000233,15,338,-323
213000234,3,39,-36
213000293,37,74,-37
213000294,107,31,76
213000295,34,91,-57
213000296,49,22,27
213000297,7,80,-73
213000298,21,40,-19
213000299,44,18,26
213000300,10,3,7
213000303,6,30,-24
213000304,11,7,4
213000305,3,25,-22
213000306,32,40,-8
213000307,64,50,14
213000308,56,87,-31
213000309,122,52,70
213000310,415,113,302
213000311,256,660,-404
213000315,83,59,24
213000316,126,40,86
213000322,48,18,30
213000323,23,36,-13
213000340,140,427,-287
213000341,570,76,494
213000346,178,199,-21
213000347,499,354,145
213000348,3,152,-149
213000349,19,6,13
213000350,497,682,-185
213000366,100,188,-88
213000367,272,27,245
213000379,34,39,-5
213000386,11,349,-338
213000406,86,315,-229
213000417,1063,336,727
213000425,149,29,120
213000426,148,26,122
213000427,60,107,-47
213000428,23,55,-32
213000429,33,7,26
213000430,76,235,-159
213000431,202,2,200
213000432,2,15,-13
213000433,14,98,-84
213000434,102,39,63
213000435,91,82,9
213000439,48,12,36
213000441,1,1,0
213000443,393,213,180
213000445,0,44,-44
213000446,0,14,-14
213000447,4,52,-48
213000448,16,140,-124
213000449,504,4,500
213000450,14,25,-11
213000451,191,55,136
213000452,14,12,2
213000453,29,177,-148
213000455,171,41,130
213000456,1,284,-283
213000481,16,1,15
213000482,36,3,33
213000489,210,72,138
213000491,2,203,-201
213000492,121,0,121
213000493,1,124,-123
213000494,181,62,119
213000495,0,33,-33
213000496,240,89,151
213000497,105,197,-92
213000498,66,111,-45
213000499,132,182,-50
213000500,353,54,299
213000501,154,27,127
213000502,161,77,84
213000504,79,68,11
213000505,16,11,5
213000506,0,7,-7
213000507,19,211,-192
213900244,26,0,26
213900245,0,11,-11
218000003,50,18,32
218000004,28,22,6
218000005,10,24,-14
218000006,45,36,9
218000007,14,14,0
218000012,111,102,9
218000013,133,110,23
218000014,288,239,49
218000019,448,379,69
218000020,257,274,-17
218000040,5,6,-1
218000046,51,61,-10
218000047,14,55,-41
218000048,38,59,-21
218000049,35,50,-15
218000050,224,121,103
218000051,65,93,-28
218000052,2,40,-38
218000053,2,11,-9
218000054,3,53,-50
218000055,6,21,-15
218000056,15,16,-1
218000057,2,16,-14
218000064,6,8,-2
218000065,84,18,66
218000066,12,32,-20
218000067,61,59,2
218000068,72,45,27
218000069,223,74,149
218000070,191,133,58
218000071,158,88,70
218000072,144,103,41
218000078,728,383,345
218000079,120,55,65
218000080,115,69,46
218000081,366,146,220
218000082,51,85,-34
218000083,78,29,49
218000084,100,60,40
218000085,123,136,-13
218000086,36,82,-46
218000087,138,85,53
218000090,14,99,-85
218000091,942,411,531
218000092,86,169,-83
218000093,70,46,24
218000094,327,377,-50
218000099,228,467,-239
218000100,248,223,25
218000101,275,95,180
218000102,325,105,220
218000103,100,59,41
218000104,67,21,46
218000105,15,23,-8
218000106,7,8,-1
218000107,58,22,36
218000108,4,16,-12
218000112,40,35,5
218000117,41,74,-33
218000134,402,259,143
218000135,8,74,-66
218000136,115,99,16
218000137,133,92,41
218000138,38,79,-41
218000139,160,206,-46
218000140,434,215,219
218000141,53,64,-11
218000142,155,156,-1
218000143,68,223,-155
218000144,53,90,-37
218000145,359,208,151
218000146,77,108,-31
218000151,4,9,-5
218000152,68,27,41
218000170,12,16,-4
218000171,29,1,28
218000172,5,3,2
218000173,9,12,-3
218000174,12,10,2
218000176,181,48,133
218000177,334,152,182
218000178,47,127,-80
218000179,112,29,83
218000180,86,17,69
218000181,183,37,146
218000187,9,40,-31
218000188,28,41,-13
218000189,26,50,-24
218000190,0,17,-17
218000191,141,47,94
218000192,189,111,78
218000193,309,176,133
218000194,105,165,-60
218000195,99,46,53
218000196,320,193,127
218000197,395,200,195
218000198,30,70,-40
218000199,37,20,17
218000200,45,45,0
218000201,19,16,3
218000202,60,285,-225
218000207,5,16,-11
218000208,33,19,14
218000211,23,16,7
218000213,37,67,-30
218000214,5,18,-13
218000215,31,37,-6
218000217,9,84,-75
218000218,107,40,67
218000219,15,19,-4
218000220,39,219,-180
218000221,360,136,224
218000222,6,26,-20
218000223,24,229,-205
218000224,8,92,-84
218000225,128,14,114
218000226,115,14,101
218000232,25,30,-5
218000239,101,15,86
218000240,1,4,-3
218000241,14,0,14
218000242,4,1,3
218000243,21,5,16
218000244,20,1,19
218000245,15,2,13
218000246,1,1,0
218000247,1,0,1
218000248,0,19,-19
218000249,0,5,-5
218000250,3,20,-17
218000251,0,65,-65
218000252,0,282,-282
218000253,1,175,-174
218000254,0,66,-66
218000255,7,59,-52
218000256,8,106,-98
218000267,262,684,-422
218000268,6,42,-36
218000269,2,10,-8
218000270,126,20,106
218000271,3,27,-24
218000273,27,5,22
218000274,13,3,10
218000275,37,40,-3
218000276,16,26,-10
218000278,11,33,-22
218000279,74,23,51
218000280,3,24,-21
218000281,17,17,0
218000282,437,574,-137
218000284,28,4,24
218000301,86,108,-22
218000302,84,31,53
218000303,14,53,-39
218000316,648,584,64
218000317,1219,547,672
218000318,767,397,370
218000319,821,523,298
218000320,706,375,331
218000338,55,37,18
218000345,51,48,3
218000346,23,139,-116
218000459,29,139,-110
218000490,27,48,-21
218000501,92,25,67
218000502,59,29,30
218000503,95,14,81
218000504,143,23,120
218000505,34,85,-51
218000506,25,197,-172
218000508,1,6,-5
218000510,121,11,110
218000520,95,111,-16
218000521,9,40,-31
218000522,0,110,-110
218000523,131,3,128
218000524,6,13,-7
218000525,67,15,52
218000526,11,262,-251
218000529,35,93,-58
218000531,8,5,3
218000532,27,11,16
218000534,154,25,129
218000537,17,44,-27
218000538,176,244,-68
218000540,169,96,73
218000543,121,32,89
218000544,31,55,-24
218000545,58,41,17
218000546,30,44,-14
218000547,91,142,-51
218000548,51,79,-28
218000549,378,304,74
218000550,117,164,-47
218000551,65,576,-511
218000552,270,54,216
218000553,34,115,-81
218000554,19,38,-19
218000555,17,48,-31
218000556,229,129,100
218000557,287,136,151
218000558,22,0,22
218000559,0,7,-7
218000560,0,25,-25
218000561,24,0,24
218000562,14,108,-94
218000563,192,24,168
218000564,2,240,-238
218000565,70,42,28
218000566,101,41,60
218000568,28,3,25
218000569,7,191,-184
218000570,62,5,57
218000571,1,101,-100
218000572,128,1,127
218000573,27,230,-203
218000574,48,37,11
218000575,106,0,106
218000576,0,40,-40
218000577,75,1,74
218000578,2,79,-77
218000579,38,19,19
218000581,3,25,-22
218000582,36,0,36
218000583,4,1,3
218000584,0,9,-9
218000585,44,2,42
218000586,23,40,-17
218000587,1,1,0
218000588,2,7,-5
218000589,0,19,-19
218000590,4,4,0
218000591,3,4,-1
218000592,0,4,-4
218000593,4,9,-5
218000594,3,12,-9
218000597,2,4,-2
218000598,0,0,0
218000599,0,0,0
218000600,0,0,0
218000601,0,0,0
218000602,0,5,-5
218000603,1,7,-6
218000604,4,0,4
218000605,0,58,-58
218000606,72,0,72
218000607,10,23,-13
218000608,44,23,21
218000609,11,22,-11
218000610,49,12,37
218000611,17,1,16
218000612,0,9,-9
218000613,31,0,31
218000614,0,45,-45
218000615,113,0,113
218000616,3,89,-86
218000617,9,1,8
218000618,1,19,-18
218000619,27,11,16
218000620,3,41,-38
218000621,6,1,5
218000622,0,46,-46
218000623,16,0,16
218000624,2,48,-46
218000625,10,8,2
218000626,0,10,-10
218000628,169,32,137
218000631,35,14,21
218000632,2,202,-200
218000633,65,3,62
218000634,7,23,-16
218000635,10,13,-3
218000636,696,612,84
218000637,823,256,567
218000638,200,11,189
218000639,14,99,-85
218000640,269,12,257
218000641,82,128,-46
218000652,29,28,1
218000653,164,38,126
218000663,10,127,-117
218000675,38,50,-12
218000680,157,208,-51
218000681,365,124,241
218000691,135,89,46
218000693,341,108,233
218000718,69,657,-588
218000719,250,372,-122
218000720,13,594,-581
218000721,161,28,133
218001147,3,112,-109
218001214,9,65,-56
218001258,242,7,235
218001329,159,81,78
218001330,80,73,7
218001351,19,16,3
218001352,14,22,-8
218001353,10,6,4
218001354,6,33,-27
218001355,25,118,-93
218001356,340,28,312
218001357,46,85,-39
218001358,234,27,207
218001361,545,6,539
218001362,0,116,-116
219000001,38,29,9
219000002,32,35,-3
219000003,34,24,10
219000004,73,49,24
219000017,56,19,37
219000020,184,25,159
219000022,127,1,126
219000023,43,0,43
219000029,1,54,-53
219000034,38,21,17
219000039,73,71,2
219000040,49,40,9
219000041,101,23,78
219000051,0,26,-26
219000052,0,15,-15
219000053,0,72,-72
219000055,226,7,219
219000056,7,0,7
219000057,56,0,56
219000062,27,64,-37
219000063,77,8,69
219000064,1,43,-42
219000110,355,100,255
219000111,76,50,26
219000112,138,43,95
219000113,111,17,94
219000114,127,54,73
219000116,82,36,46
219000117,84,38,46
219000118,106,31,75
219000123,171,59,112
219000124,77,30,47
219000125,9,6,3
219000126,80,132,-52
219000127,1,3,-2
219000128,20,120,-100
219000129,23,108,-85
219000130,242,331,-89
219000131,463,651,-188
219000133,41,74,-33
219000134,18,32,-14
219000135,23,69,-46
219000136,97,202,-105
219000138,63,13,50
219000139,52,24,28
219000140,64,3,61
219000141,22,66,-44
219000142,29,39,-10
219000143,9,35,-26
219000145,11,29,-18
219000146,1,19,-18
219000147,1,13,-12
219000148,1,10,-9
219000149,11,38,-27
219000150,3,20,-17
219000151,1,17,-16
219000157,211,93,118
219000158,139,124,15
219000161,103,8,95
219000163,719,314,405
219000166,83,145,-62
219000167,98,97,1
219000168,193,79,114
219000174,347,78,269
219000175,78,1,77
219000176,111,10,101
219000177,38,0,38
219000178,40,0,40
219000179,16,5,11
219000180,39,31,8
219000182,119,12,107
219000183,81,24,57
219000184,80,5,75
219000185,2,22,-20
219000186,75,15,60
219000187,14,39,-25
219000189,50,138,-88
219000190,49,169,-120
219000191,394,901,-507
219000192,180,117,63
219000193,98,150,-52
219000195,3,40,-37
219000196,5,84,-79
219000198,13,59,-46
219000199,45,83,-38
219000200,40,76,-36
219000201,45,119,-74
219000203,14,92,-78
219000204,77,220,-143
219000205,34,122,-88
219000207,105,168,-63
219000209,23,26,-3
219000210,39,62,-23
219000213,7,100,-93
219000239,160,157,3
219000240,188,246,-58
219000241,117,74,43
219000242,48,68,-20
219000243,62,91,-29
219000244,19,47,-28
219000245,19,33,-14
219000246,20,20,0
219000247,196,32,164
219000248,373,346,27
219000249,131,104,27
219000250,145,80,65
219000251,445,206,239
219000252,186,164,22
219000253,402,109,293
219000255,136,70,66
219000256,210,65,145
219000257,78,0,78
219000262,75,62,13
219000263,51,77,-26
219000267,0,40,-40
219000268,4,3,1
219000269,3,2,1
219000270,5,0,5
219000271,148,6,142
219000278,0,12,-12
219000279,1,6,-5
219000283,0,5,-5
219000295,19,69,-50
219000296,44,213,-169
219000297,11,52,-41
219000298,11,54,-43
219000299,315,33,282
219000300,26,108,-82
219000301,181,236,-55
219000302,30,221,-191
219000307,29,37,-8
219000308,38,25,13
219000311,129,47,82
219000312,453,160,293
219000313,289,51,238
219000314,34,199,-165
219000315,230,25,205
219000316,409,31,378
219000317,82,12,70
219000320,0,70,-70
219000321,0,29,-29
219000323,4,35,-31
219000325,3,3,0
219000326,60,44,16
219000327,43,15,28
219000328,15,34,-19
219000329,244,127,117
219000330,21,23,-2
219000331,36,25,11
219000332,123,78,45
219000333,24,1,23
219000335,69,4,65
219000337,21,0,21
219000338,28,0,28
219000344,13,48,-35
219000345,35,35,0
219000346,19,68,-49
219000348,100,43,57
219000349,30,98,-68
219000350,88,200,-112
219000351,2,2,0
219000352,361,61,300
219000353,99,44,55
219000354,164,70,94
219000355,147,38,109
219000356,560,1152,-592
219000363,176,80,96
219000364,107,45,62
219000365,113,16,97
219000366,212,359,-147
219000368,307,450,-143
219000370,765,502,263
219000371,10,21,-11
219000382,4,29,-25
219000383,368,909,-541
219000385,290,388,-98
219000386,452,1067,-615
219000387,0,15,-15
219000390,4,0,4
219000391,4,0,4
219000397,42,35,7
219000398,38,26,12
219000401,14,65,-51
219000402,25,61,-36
219000403,144,299,-155
219000404,11,99,-88
219000407,5,31,-26
219000409,46,41,5
219000410,93,47,46
219000411,74,4,70
219000446,65,226,-161
219000447,2,18,-16
219000448,11,4,7
219000452,83,55,28
219000453,46,155,-109
219000454,119,241,-122
219000556,237,73,164
219000558,112,85,27
219000590,18,111,-93
219000591,111,92,19
219000592,53,193,-140
219000595,2,7,-5
219000635,147,29,118
219000636,18,40,-22
219000657,18,23,-5
219000658,18,61,-43
219000673,0,31,-31
219000676,14,3,11
219000679,29,11,18
219000684,94,0,94
219000685,3,27,-24
219000686,1,1,0
219000688,1,46,-45
219000689,30,145,-115
219000690,118,8,110
219000691,34,153,-119
219000692,152,27,125
219000693,1,10,-9
219000694,9,0,9
219000695,39,2,37
219000698,20,0,20
219000699,0,7,-7
219000727,1,59,-58
219000728,98,1,97
219000770,26,2,24
219000771,0,22,-22
219000788,309,234,75
219001150,1,23,-22
219001151,9,3,6
219001166,31,44,-13
219001167,1,62,-61
219001178,41,1,40
220000001,33,54,-21
220000002,18,74,-56
220000003,191,102,89
220000004,290,210,80
220000005,598,861,-263
220000006,276,524,-248
220000007,302,285,17
220000008,275,392,-117
220000009,272,313,-41
220000010,118,75,43
220000011,297,2365,-2068
220000012,45,176,-131
220000014,115,39,76
220000015,77,226,-149
220000017,29,149,-120
220000018,2892,980,1912
220000019,82,297,-215
220000020,344,187,157
220000021,624,100,524
220000022,710,252,458
220000023,413,125,288
220000024,1159,409,750
220000025,585,1014,-429
220000026,189,256,-67
220000027,43,76,-33
220000028,35,60,-25
220000029,415,232,183
220000030,74,92,-18
220000031,460,270,190
220000064,24,709,-685
221000046,0,0,0
221000047,0,2,-2
221000048,0,4,-4
221000049,0,8,-8
221000050,13,0,13
221000055,29,48,-19
221000068,273,120,153
221000069,254,73,181
221000070,163,22,141
221000071,86,11,75
221000072,178,22,156
221000073,112,42,70
221000074,1,10,-9
221000075,3,20,-17
221000076,12,30,-18
221000077,23,96,-73
221000081,67,8,59
221000082,80,6,74
221000083,17,3,14
221000084,5,1,4
221000085,8,32,-24
221000086,10,54,-44
221000087,5,111,-106
221000088,18,126,-108
221000089,20,149,-129
221000090,75,372,-297
221000098,69,13,56
221000099,172,18,154
221000100,94,15,79
221000101,272,34,238
221000103,11,25,-14
221000104,3,35,-32
221000107,56,11,45
221000108,45,16,29
221000111,26,128,-102
221000112,5,112,-107
221000113,13,111,-98
221000114,5,124,-119
221000120,34,23,11
221000121,6,44,-38
221000122,24,23,1
221000123,2,16,-14
221000124,13,63,-50
221000155,72,20,52
221000156,41,20,21
221000175,2,10,-8
221000176,1,1,0
221000182,84,6,78
221000241,538,199,339
221000242,95,281,-186
221000243,502,131,371
221000244,311,329,-18
221000245,105,94,11
221000246,48,175,-127
221000247,117,87,30
221000248,108,96,12
221000267,43,361,-318
221000325,45,58,-13
221000331,4,39,-35
221000338,8,43,-35
221000378,194,24,170
221000381,46,23,23
222000282,11,1,10
222000296,0,7,-7
222000568,277,17,260
222000569,167,34,133
222000570,123,15,108
222000571,400,10,390
222000577,3,62,-59
222000578,25,112,-87
222000579,40,79,-39
222000580,53,445,-392
222000599,1,77,-76
222000600,2,171,-169
222000601,9,567,-558
222000603,11,26,-15
222000604,2,45,-43
222000605,20,24,-4
222000606,1,9,-8
222000607,3,12,-9
222000608,19,13,6
222000609,37,72,-35
222000616,397,26,371
222000617,10,19,-9
222000618,5,24,-19
222000620,10,14,-4
222000621,21,15,6
222000623,555,7,548
222000624,368,1,367
222000625,580,18,562
222000636,53,5,48
222000686,11,7,4
222000687,45,23,22
222001066,141,1,140
222001067,13,1,12
222001068,43,8,35
222001069,51,10,41
222001082,18,25,-7
222001083,22,23,-1
222001084,0,44,-44
222001085,0,92,-92
222001111,54,84,-30
222001112,147,10,137
222001313,27,6,21
222001314,6,88,-82
222001464,231,23,208
222001465,16,89,-73
222001484,119,27,92
222001485,32,28,4
222001494,486,96,390
222001495,61,98,-37
222001496,392,92,300
222001497,97,193,-96
222001503,144,30,114
222001504,20,130,-110
222001505,330,8,322
222001506,35,218,-183
222001507,232,14,218
222001510,542,26,516
222001514,564,117,447
222001518,326,39,287
222001519,80,170,-90
222001527,168,40,128
222001529,301,30,271
222001530,60,123,-63
222001533,108,226,-118
222001534,338,47,291
222001535,288,230,58
222001536,52,128,-76
222001537,313,36,277
222001538,177,474,-297
222001563,715,103,612
222001564,51,172,-121
222001568,176,188,-12
222001576,1,3,-2
222001579,0,7,-7
222001583,19,49,-30
222001584,73,10,63
222001596,490,1109,-619
222001597,1354,324,1030
222001626,1,84,-83
222001650,17,110,-93
222001651,17,263,-246
222001914,180,50,130
222001915,67,224,-157
222001968,488,209,279
222001969,310,341,-31
222001970,129,228,-99
222001971,20,3,17
222001972,2,10,-8
225000001,390,137,253
225000002,515,97,418
225000003,618,51,567
225000004,322,105,217
225000005,45,30,15
225000006,3,125,-122
225000007,820,890,-70
225000010,233,7,226
225000011,202,900,-698
225000012,178,467,-289
225000013,73,104,-31
225000014,578,63,515
225000015,66,93,-27
225000021,592,123,469
225000027,149,257,-108
225000032,561,61,500
225000042,61,327,-266
225000049,39,40,-1
225000050,93,5,88
225000053,4,181,-177
225000058,588,156,432
225000067,142,102,40
225000068,67,203,-136
225000069,60,270,-210
225000070,80,156,-76
225000071,49,76,-27
225000075,11,378,-367
225000076,45,95,-50
225000078,52,27,25
225000085,111,122,-11
225000086,218,50,168
225000087,85,14,71
225000088,3,140,-137
225000089,125,736,-611
225000090,27,294,-267
225000091,150,87,63
225000092,27,85,-58
225000093,199,179,20
225000094,14,129,-115
225000095,282,194,88
225000096,279,247,32
225000098,636,300,336
225000099,272,132,140
225000100,304,70,234
225000104,82,198,-116
225000110,7,202,-195
225000111,172,544,-372
225000112,216,647,-431
225000113,132,367,-235
225000114,82,150,-68
225000115,767,431,336
225000116,632,135,497
225000117,649,200,449
225000118,809,170,639
225000119,183,73,110
225000120,510,25,485
225000121,187,23,164
225000123,375,10,365
225000125,369,99,270
225000126,600,185,415
225000127,504,1145,-641
225000128,393,786,-393
225000132,296,35,261
225000133,202,25,177
225000134,478,111,367
225000135,44,12,32
225000136,272,11,261
225000137,200,38,162
225000138,370,86,284
225000143,40,133,-93
225000144,1,236,-235
225000145,27,26,1
225000146,41,41,0
225000147,26,96,-70
225000148,0,101,-101
225000149,49,241,-192
225000151,28,94,-66
225000155,411,306,105
225000156,125,605,-480
225000157,204,204,0
225000158,44,133,-89
225000171,3,102,-99
225000180,18,0,18
225000181,0,39,-39
225000182,55,7,48
225000185,4,285,-281
225000187,29,243,-214
225000191,56,2,54
225000194,0,20,-20
225000208,1,35,-34
225000209,93,4,89
225000210,3,133,-130
225000217,0,13,-13
225000218,7,1,6
225000223,0,70,-70
225000224,31,0,31
225000225,0,18,-18
225000226,20,1,19
225000227,25,55,-30
225000228,17,6,11
225000229,0,44,-44
225000230,14,1,13
225000231,0,35,-35
225000232,125,0,125
225000241,52,1,51
225000242,0,41,-41
225000249,7,1,6
225000250,41,246,-205
225000251,308,28,280
226000042,84,166,-82
226000043,98,228,-130
226000044,72,240,-168
226000045,66,307,-241
226000046,472,72,400
226000047,422,89,333
226000048,408,84,324
226000049,290,162,128
226000070,0,8,-8
226000071,0,45,-45
226000072,0,21,-21
226000073,0,3,-3
226000074,0,1,-1
226000084,0,11,-11
226000085,0,21,-21
226000086,0,9,-9
226000087,1,18,-17
226000088,14,7,7
226000090,276,92,184
226000091,8,29,-21
226000092,13,8,5
226000093,14,0,14
226000094,3,0,3
226000095,8,3,5
226000105,5,2,3
226000106,6,0,6
226000107,4,0,4
226000108,21,1,20
226000109,52,0,52
226000124,92,51,41
226000134,675,372,303
226000135,1385,541,844
226000136,483,352,131
226000137,8,99,-91
226000138,11,146,-135
226000139,5,49,-44
226000156,196,3,193
226000157,149,13,136
226000163,162,154,8
226000202,17,220,-203
226000231,441,9,432
226000232,28,3,25
227000033,331,54,277
227000036,50,3,47
227000037,337,36,301
227000038,125,24,101
227000049,1,35,-34
227000050,1,39,-38
227000055,81,1,80
227000056,20,2,18
227000084,1,68,-67
227000085,2,42,-40
227000088,38,0,38
227000089,91,7,84
227000090,37,1,36
227000091,32,4,28
227000093,113,0,113
227000094,8,0,8
227000130,26,121,-95
227000131,18,159,-141
227000132,9,100,-91
227000133,8,122,-114
227000134,23,214,-191
227000152,0,4,-4
227000153,0,48,-48
227000155,7,11,-4
227000156,0,16,-16
227000165,2,92,-90
227000196,205,124,81
227000199,331,149,182
227000230,4,188,-184
227000232,278,13,265
227000241,339,37,302
227000242,42,335,-293
227000243,373,66,307
227000245,14,181,-167
227000246,83,216,-133
227000247,334,68,266
227000248,150,46,104
227000249,38,110,-72
227000250,213,159,54
227000251,83,217,-134
227000252,18,116,-98
227000253,187,33,154
227000262,393,68,325
227000266,814,35,779
227000267,17,548,-531
227000282,0,21,-21
227000284,133,6,127
227000286,1,7,-6
227000287,7,3,4
227000291,0,47,-47
227000484,72,15,57
227000485,8,116,-108
227000655,249,7,242
227000656,129,9,120
227000657,85,3,82
227000661,57,7,50
227000680,98,28,70
229000265,6,29,-23
229000296,0,12,-12
229000297,1,14,-13
229000298,3,79,-76
229000320,11,5,6
229000321,7,1,6
229000412,13,47,-34
229000414,12,35,-23
229000415,16,1,15
229000416,2,10,-8
229000417,0,5,-5
229000419,61,219,-158
229000440,258,69,189
229000442,12,1,11
229000443,4,4,0
229000444,0,22,-22
229000445,51,7,44
229000446,46,5,41
229000847,75,0,75
229000848,12,1,11
229000849,69,0,69
229000851,21,0,21
229000854,0,10,-10
229000856,0,27,-27
229000857,0,12,-12
229000858,0,10,-10
229000919,15,34,-19
229000930,1,125,-124
229000937,81,10,71
229000966,60,16,44
229000981,15,16,-1
229000985,5,20,-15
229000986,0,3,-3
229000987,0,0,0
229000988,6,2,4
229000989,2,0,2
229000990,0,1,-1
229000991,0,0,0
229000992,7,3,4
229000993,109,15,94
229000998,5,28,-23
229000999,72,5,67
229001034,0,3,-3
229001035,2,1,1
229001037,45,7,38
229001042,9,17,-8
229001047,8,27,-19
229001050,24,37,-13
229001200,14,3,11
229001338,0,7,-7
229001394,181,3,178
229001422,103,17,86
229001423,14,70,-56
229001431,29,50,-21
229001432,18,49,-31
229001444,114,43,71
229001445,13,86,-73
229001503,189,73,116
229001504,102,82,20
229001505,88,20,68
229001506,60,88,-28
229001509,33,18,15
229001545,118,9,109
229001546,8,51,-43
229001553,81,10,71
229001554,17,50,-33
229001559,5,2,3
229001560,8,18,-10
229001630,23,4,19
229001631,5,19,-14
229001635,1,8,-7
229001636,0,0,0
229001658,1,59,-58
229001659,63,3,60
229001660,5,3,2
229001661,4,24,-20
229001662,11,1,10
229001663,0,21,-21
229002584,117,98,19
229002831,81,73,8
229002841,7,12,-5
229002842,15,12,3
229002843,30,15,15
229002844,25,27,-2
229002845,17,66,-49
229002846,13,13,0
229002847,0,5,-5
229002848,2,5,-3
229002849,2,68,-66
229002850,12,1,11
229002851,21,95,-74
229002852,119,12,107
229002853,98,8,90
229002854,27,46,-19
229002855,7,11,-4
229002856,28,14,14
229002857,5,103,-98
229002858,14,6,8
229002859,20,89,-69
229002860,82,4,78
229002861,29,21,8
229002862,16,12,4
229002863,12,18,-6
229002864,19,14,5
229002865,9,5,4
229002866,1,21,-20
229002867,1,11,-10
229002868,5,11,-6
229002869,13,94,-81
229002870,42,11,31
235000066,179,21,158
235000067,105,45,60
235000072,28,61,-33
235000073,87,209,-122
235000074,42,27,15
235000080,19,53,-34
235000081,97,55,42
235000082,257,28,229
235000083,176,24,152
235000084,28,28,0
235000085,169,35,134
235000089,19,23,-4
235000092,27,72,-45
235000093,8,20,-12
235000097,0,3,-3
235000098,35,7,28
235000099,15,8,7
235000116,35,13,22
235000117,301,9,292
235000133,5,416,-411
235000134,5,162,-157
235000206,14,4,10
235000207,3,2,1
235000208,4,2,2
235000209,7,2,5
235000210,5,2,3
235000212,2,15,-13
235000213,1,6,-5
235000220,3,1,2
235000238,15,86,-71
235000239,0,26,-26
235000242,375,702,-327
235000245,354,128,226
235000246,7,44,-37
235000284,9,141,-132
235000295,67,7,60
235000305,171,19,152
235000306,232,12,220
235000307,14,1,13
235000308,8,1,7
235000309,68,1,67
235000310,24,0,24
235000311,51,12,39
235000322,0,26,-26
235000323,0,39,-39
235000324,0,20,-20
235000325,0,10,-10
235000326,4,88,-84
235000351,3,54,-51
235000352,7,20,-13
235000353,4,16,-12
235000354,5,66,-61
235000355,11,98,-87
235000356,52,2,50
235000357,22,7,15
235000358,67,10,57
235000359,25,9,16
235000360,31,4,27
235000361,67,4,63
235000381,66,72,-6
235000382,116,14,102
235000390,14,0,14
235000391,140,17,123
235000392,189,232,-43
235000393,104,127,-23
235000395,109,30,79
235000396,442,54,388
235000400,42,60,-18
235000401,8,75,-67
235000405,58,125,-67
235000406,37,107,-70
235000407,53,51,2
235000409,130,73,57
235000410,29,131,-102
235000411,1,22,-21
235000485,0,6,-6
235000486,8,0,8
235000549,66,57,9
235000550,71,60,11
235000599,156,17,139
235000600,3,10,-7
235000601,7,16,-9
235000602,63,33,30
235000614,0,2,-2
235000648,0,7,-7
235000649,26,5,21
235000685,0,2,-2
235000815,21,343,-322
235000834,0,12,-12
235000855,35,27,8
235000862,27,56,-29
235000891,0,15,-15
235000892,10,1,9
235000901,44,32,12
235000907,11,6,5
235001010,58,36,22
235001029,243,214,29
235001030,269,133,136
235001078,78,72,6
235001079,41,43,-2
235001147,22,35,-13
235001166,9,42,-33
235001167,59,10,49
235001169,28,249,-221
235001188,1,11,-10
235001189,11,0,11
235001197,10,10,0
235001200,51,38,13
235001207,370,36,334
235001210,69,85,-16
235001215,11,92,-81
235001239,1,25,-24
235001244,0,4,-4
235016267,0,32,-32
277102712,2,0,2
277103813,0,1,-1
277103814,0,0,0
277104249,0,4,-4
277104250,0,4,-4
277104251,0,8,-8
277104252,0,0,0
990011530,0,109,-109
990014944,2,262,-260
990015176,20,10,10
990016032,1,136,-135
990032570,0,21,-21
990070001,97,37,60
990070103,0,2,-2
990070601,0,43,-43
990070751,984,35,949
990070766,2,166,-164
990071180,408,103,305
990071343,31,1,30
990071387,0,11,-11
990071823,16,3,13
990072600,0,1009,-1009
990072964,0,258,-258
990073285,0,1,-1
990074393,0,419,-419
990074870,1264,4,1260
990075106,722,6,716
990075746,472,9,463
990076437,1199,4,1195
990076458,16,354,-338
997000007,259,18,241
997000041,0,80,-80
997000058,32,1,31
997000062,22,0,22
997000069,1,6,-5
997000070,0,12,-12
997000100,36,2,34
997000141,0,848,-848
997000198,50,1070,-1020
998000475,0,2,-2
998000736,0,70,-70
998000965,0,2,-2
998001031,0,43,-43
998001700,0,18,-18
998001899,0,1,-1
998001900,17,1,16
998003073,661,3,658
998101900,0,0,0
998102850,3,164,-161
998501927,420,813,-393
998501929,73,3,70
998501930,18,0,18
998501931,113,25,88
998501932,3,1,2
998501933,31,0,31
998501937,8,1,7
998501944,3,0,3
998501950,0,39,-39
998501970,73,4,69
998501971,0,70,-70
998501973,0,25,-25
998501974,1,136,-135
998501975,67,2,65
998501976,151,1,150
998501977,0,15,-15
998501978,7,0,7
998501979,1,8,-7
998501980,35,0,35
998501981,19,0,19
998501982,0,83,-83
998501983,0,2,-2
998502006,0,0,0
998502024,0,6,-6
998502032,1,2,-1
998502062,26,5,21
998502063,0,0,0
998502173,34,0,34
998502269,2,12,-10
998502546,0,163,-163
998502578,3,0,3
998502599,6,241,-235
998502621,0,0,0
998601159,1,61,-60
998601292,0,12,-12
999033574,0,183,-183
999800001,27,2,25
999800002,0,4,-4
999800003,0,1,-1
999800004,0,3,-3
999800005,0,2,-2
