ID,insum,outsum,diff
100000001,0,0,0
100000002,1417,2162,-745
100000003,2220,2768,-548
100000004,261,879,-618
100000005,1257,1804,-547
100000006,115,66,49
100000007,382,356,26
100000008,6,77,-71
100000009,57,223,-166
100000010,0,65,-65
100000011,53,49,4
100000012,47,47,0
100000013,0,11,-11
100000014,3,34,-31
100000015,417,697,-280
100000016,81,208,-127
100000017,29,109,-80
100000018,249,231,18
100000019,478,980,-502
100000020,194,1332,-1138
100000021,364,206,158
100000022,244,962,-718
100000023,672,483,189
100000025,183,762,-579
100000028,304,377,-73
100000029,7,42,-35
100000030,42,9,33
100000031,474,1442,-968
100000032,237,1247,-1010
100000033,211,1043,-832
100000034,7,148,-141
100000035,196,594,-398
100000036,259,322,-63
100000037,372,157,215
100000038,993,365,628
100000039,58,26,32
100000040,15,74,-59
100000041,385,158,227
100000042,320,52,268
100000043,156,95,61
100000044,9,33,-24
100000045,52,60,-8
100000046,151,28,123
100000047,21,36,-15
100000048,49,146,-97
100000049,201,215,-14
100000051,155,125,30
100000053,34,0,34
100000054,50,3,47
100000055,77,24,53
100000056,114,134,-20
100000057,415,132,283
100000058,89,121,-32
100000059,15,67,-52
100000060,181,267,-86
100000061,503,156,347
100000062,300,208,92
100000063,189,121,68
100000064,279,112,167
100000065,132,83,49
100000066,64,42,22
100000067,67,120,-53
100000068,91,112,-21
100000069,34,153,-119
100000072,44,86,-42
100000073,205,243,-38
100000075,143,37,106
100000076,616,1888,-1272
100000077,61,254,-193
100000078,2,60,-58
100000079,2,33,-31
100000080,0,63,-63
100000081,0,72,-72
100000102,753,1607,-854
100000103,314,283,31
100000104,319,224,95
100000105,188,431,-243
100000106,386,1613,-1227
100000107,41,571,-530
100000108,25,89,-64
100000109,468,345,123
100000116,309,486,-177
100000117,21,41,-20
100000118,1348,496,852
100000119,468,412,56
100000121,58,285,-227
100000122,93,396,-303
100000123,1685,1961,-276
100000124,723,1213,-490
100000125,388,1627,-1239
100000126,147,254,-107
100000127,322,260,62
100000128,10,330,-320
100000129,53,138,-85
100000130,365,327,38
100000131,100,239,-139
100000132,132,1168,-1036
100000133,688,463,225
100000135,176,301,-125
100000139,122,270,-148
100000140,0,0,0
100000142,217,117,100
100000143,52,21,31
100000144,380,12,368
100000147,910,3451,-2541
100000150,17,91,-74
100000151,69,745,-676
100000153,3,104,-101
100000154,1,89,-88
100000155,2,15,-13
100000156,55,99,-44
100000157,313,101,212
100000158,29,125,-96
100000159,18,356,-338
100000165,514,199,315
100000169,7,158,-151
100000174,129,94,35
100000179,13,482,-469
100000180,29,49,-20
100000181,29,61,-32
100000188,7,16,-9
100000189,306,85,221
100000190,138,468,-330
100000191,85,247,-162
100000192,0,83,-83
100000193,34,65,-31
100000330,321,358,-37
100000355,17,61,-44
100000362,600,58,542
100000363,2628,3311,-683
100000364,155,100,55
100000365,4145,4407,-262
100000366,793,703,90
100000367,2971,3746,-775
100000368,68,61,7
100000369,133,1264,-1131
100000370,15,480,-465
100000376,18,230,-212
100000379,377,1782,-1405
100000380,1735,2754,-1019
100000384,1668,2889,-1221
100000385,521,2984,-2463
100000386,967,2136,-1169
100000387,773,3960,-3187
100000388,1207,1402,-195
100000389,1615,3476,-1861
100000390,662,779,-117
100000391,1774,4045,-2271
100000392,255,581,-326
100000393,215,1904,-1689
100000394,619,1318,-699
100000395,434,1227,-793
100000396,828,626,202
100000397,466,1619,-1153
100000398,5812,1834,3978
100000413,0,0,0
100000414,30,220,-190
100900002,0,0,0
100900003,29,61,-32
100900004,0,0,0
100900005,0,0,0
100900006,0,0,0
100900007,0,0,0
100900008,0,0,0
100900009,1,0,1
100900010,0,0,0
100900011,0,0,0
100900012,0,0,0
100900013,0,0,0
100900014,0,0,0
100900015,0,0,0
100900016,0,0,0
100900017,27,4,23
100900018,0,0,0
100900019,0,0,0
100900020,0,0,0
100900021,49,0,49
100900022,0,0,0
100900023,0,0,0
100900024,0,0,0
100900025,0,0,0
100900026,0,0,0
100900027,0,183,-183
100900028,7,5,2
100900029,0,0,0
100900030,0,0,0
100900031,137,4,133
100900032,65,0,65
100900033,0,0,0
100900034,0,0,0
100900035,0,0,0
100900036,0,0,0
100900037,0,0,0
100900038,0,1,-1
100900039,11,0,11
100900040,129,0,129
100900041,123,1,122
100900042,35,95,-60
100900043,0,1,-1
100900044,54,0,54
100900045,0,0,0
100900046,90,1,89
100900047,71,7,64
100900048,0,0,0
100900049,0,0,0
100900050,0,0,0
100900051,10,10,0
100900052,0,0,0
100900053,0,0,0
100900054,0,0,0
100900055,0,0,0
100900056,0,0,0
100900057,68,22,46
100900058,0,0,0
100900059,0,0,0
100900060,0,0,0
100900061,0,0,0
100900062,0,0,0
100900063,6,176,-170
100900064,19,0,19
100900065,0,0,0
100900066,8,0,8
100900067,0,0,0
100900068,0,0,0
100900069,0,0,0
100900070,0,0,0
100900071,0,0,0
100900072,0,0,0
100900073,0,0,0
100900074,0,0,0
100900075,0,0,0
100900076,0,0,0
100900077,2,0,2
100900078,5,1,4
100900079,0,0,0
100900080,4,3,1
100900081,3,0,3
100900082,0,0,0
100900083,0,0,0
100900085,0,0,0
100900086,0,0,0
100900088,0,0,0
100900089,0,0,0
100900090,2,13,-11
100900091,0,1,-1
100900092,41,2,39
100900093,0,0,0
100900094,0,0,0
100900095,0,0,0
100900096,0,0,0
100900097,0,0,0
100900098,0,0,0
100900099,0,0,0
100900100,0,0,0
100900101,6,0,6
100900102,0,0,0
100900103,0,0,0
100900104,0,0,0
100900105,0,0,0
100900106,0,0,0
100900107,0,0,0
100900108,0,0,0
100900109,0,0,0
100900110,0,12,-12
100900111,0,0,0
100900112,0,1,-1
100900113,0,0,0
100900114,0,0,0
100900115,1,0,1
100900116,20,0,20
100900117,0,0,0
100900118,0,0,0
100900119,0,0,0
100900120,0,0,0
100900121,20,0,20
100900122,0,0,0
100900123,0,0,0
100900124,0,0,0
100900125,0,0,0
100900126,0,0,0
100900127,0,0,0
100900128,0,0,0
100900129,0,0,0
100900131,0,0,0
100900133,0,0,0
100900134,0,0,0
100900135,0,0,0
100900137,0,0,0
100900138,0,0,0
100900139,0,0,0
100900140,0,0,0
100900141,0,0,0
100900142,0,0,0
100900143,0,0,0
100900144,0,0,0
100900145,0,0,0
100900146,0,0,0
100900147,0,0,0
100900148,0,0,0
100900149,0,0,0
100900150,0,0,0
100900151,0,0,0
100900152,0,0,0
100900153,0,0,0
100900154,7,0,7
100900155,0,0,0
100900156,0,0,0
100900157,0,0,0
100900159,0,0,0
100900160,0,0,0
100900161,0,0,0
100900162,0,0,0
100900163,0,0,0
100900164,0,0,0
100900165,0,0,0
100900166,0,0,0
100900167,0,0,0
100900168,0,0,0
100900169,0,0,0
100900170,0,0,0
100900171,0,0,0
100900172,0,0,0
100900173,0,0,0
100900174,0,0,0
100900176,0,0,0
100900177,0,0,0
100900178,35,0,35
100900179,0,0,0
100900180,0,0,0
100900181,0,0,0
100900182,3,2,1
100900184,2,11,-9
100900186,0,0,0
100900187,0,0,0
100900188,0,0,0
100900189,0,0,0
100900191,0,0,0
100900192,0,0,0
100900195,0,1,-1
100900197,146,82,64
100900198,44,7,37
100900199,14,4,10
100900200,0,0,0
100900201,0,0,0
100900202,0,0,0
100900203,0,0,0
100900204,2,0,2
100900205,0,0,0
100900206,0,0,0
100900207,0,0,0
100900210,0,0,0
100900211,0,0,0
100900213,0,0,0
100900214,0,0,0
100900215,0,0,0
100900217,0,0,0
101000001,538,886,-348
101000002,229,630,-401
101000003,27,456,-429
101000004,501,2013,-1512
101000005,1709,3079,-1370
101000006,477,3190,-2713
101000007,371,2123,-1752
101000008,3613,3545,68
101000009,833,248,585
101000010,127,218,-91
101000011,68,189,-121
101000012,50,6,44
101000013,207,334,-127
101000014,156,376,-220
101000015,614,418,196
101000016,43,341,-298
101000017,107,186,-79
101000018,1245,733,512
101000020,1121,409,712
101000021,75,297,-222
101000022,0,0,0
101000023,152,320,-168
101000025,39,44,-5
101000026,130,9,121
101000027,666,1046,-380
101000028,346,176,170
101000029,18,471,-453
101000030,129,47,82
101000031,77,578,-501
101000032,1158,2193,-1035
101000033,223,1390,-1167
101000034,165,802,-637
101000035,171,79,92
101000036,319,719,-400
101000037,342,1666,-1324
101000039,319,796,-477
101000040,392,1066,-674
101000041,1780,3597,-1817
101000042,12,426,-414
101000043,1177,2172,-995
101000045,79,362,-283
101000046,528,1128,-600
101000047,750,1675,-925
101000048,124,183,-59
101000049,38,464,-426
101000050,201,1083,-882
101000051,58,1390,-1332
101000052,418,1071,-653
101000053,107,478,-371
101000054,270,146,124
101000055,384,1183,-799
101000056,15,127,-112
101000057,183,348,-165
101000058,327,1420,-1093
101000059,773,2164,-1391
101000060,127,146,-19
101000061,103,1929,-1826
101000062,65,176,-111
101000063,93,1052,-959
101000064,148,418,-270
101000065,49,690,-641
101000066,81,858,-777
101000067,56,118,-62
101000068,172,334,-162
101000069,103,17,86
101000070,197,154,43
101000071,411,659,-248
101000072,1689,881,808
101000073,729,631,98
101000074,2359,1808,551
101000075,4008,1258,2750
101000077,1489,480,1009
101000078,758,489,269
101000079,900,498,402
101000080,443,67,376
101000081,757,617,140
101000082,825,662,163
101000083,1146,739,407
101000084,192,183,9
101000085,1121,699,422
101000086,58,150,-92
101000087,132,142,-10
101000088,654,703,-49
101000089,359,631,-272
101000090,225,163,62
101000091,188,176,12
101000092,795,307,488
101000093,594,346,248
101000094,39,69,-30
101000095,55,88,-33
101000096,355,247,108
101000097,48,101,-53
101000098,120,284,-164
101000099,271,487,-216
101000100,152,544,-392
101000101,145,214,-69
101000102,81,321,-240
101000103,169,256,-87
101000104,23,225,-202
101000105,3,122,-119
101000106,0,57,-57
101000107,7,27,-20
101000108,135,45,90
101000109,52,16,36
101000110,3,53,-50
101000111,41,34,7
101000113,136,293,-157
101000114,1200,1347,-147
101000115,0,0,0
101000116,0,0,0
101000117,0,0,0
101000119,3,27,-24
101000120,3,10,-7
101000121,1,8,-7
101000122,1,13,-12
101000123,1,16,-15
101000124,365,129,236
101000125,86,54,32
101000128,34,106,-72
101000130,577,147,430
101000131,410,350,60
101000132,65,86,-21
101000135,0,14,-14
101000136,15,31,-16
101000137,6,239,-233
101000141,286,2772,-2486
101000147,224,61,163
101000148,141,2,139
101000149,0,0,0
101000150,43,98,-55
101000151,22,3,19
101000152,52,17,35
101000153,165,28,137
101000154,107,95,12
101000155,0,2,-2
101000156,0,0,0
101000157,0,2,-2
101000160,0,0,0
101000163,68,302,-234
101000164,43,13,30
101000165,178,151,27
101000166,107,223,-116
101000168,1,2,-1
101000252,809,213,596
101000254,0,0,0
101000258,294,5,289
101000261,350,42,308
101000262,220,1916,-1696
101000263,50,719,-669
101000265,17,230,-213
101000266,74,64,10
101000269,0,0,0
101000290,69,1094,-1025
101000293,0,0,0
101000294,193,104,89
101000295,60,51,9
101000301,30,260,-230
101000304,576,1416,-840
101000305,1079,837,242
101000328,7,412,-405
101900001,0,0,0
101900002,0,0,0
101900003,0,0,0
101900004,0,0,0
101900005,0,0,0
101900006,22,145,-123
101900007,0,0,0
101900008,0,0,0
101900009,0,0,0
101900010,0,0,0
101900011,0,0,0
101900012,0,0,0
101900013,0,0,0
101900017,0,0,0
101900018,6,0,6
101900019,0,0,0
101900020,3,0,3
101900021,0,0,0
101900022,39,4,35
101900023,0,0,0
101900026,0,0,0
101900027,0,0,0
102000001,334,1802,-1468
102000002,155,81,74
102000003,329,1652,-1323
102000004,583,863,-280
102000005,213,1181,-968
102000006,295,1200,-905
102000007,208,1644,-1436
102000008,652,948,-296
102000009,1668,2502,-834
102000010,988,1059,-71
102000011,1832,2393,-561
102000012,2169,2215,-46
102000018,103,126,-23
102000019,167,320,-153
102000026,4,59,-55
102000029,145,46,99
102000030,16,43,-27
102000031,1,32,-31
102000032,57,79,-22
102000033,156,101,55
102000034,31,37,-6
102000035,26,87,-61
102000036,1,73,-72
102000038,0,0,0
102000039,12,18,-6
102000040,23,37,-14
102000041,25,85,-60
102000042,28,107,-79
102000043,3,59,-56
102000044,177,259,-82
102000045,95,251,-156
102000046,148,191,-43
102000047,147,188,-41
102000048,60,109,-49
102000049,215,147,68
102000050,136,263,-127
102000051,58,145,-87
102000052,319,276,43
102000053,227,204,23
102000054,199,159,40
102000055,155,44,111
102000056,421,106,315
102000057,173,86,87
102000058,96,63,33
102000059,138,66,72
102000060,473,599,-126
102000061,167,134,33
102000062,628,434,194
102000063,66,275,-209
102000064,533,559,-26
102000065,10,67,-57
102000066,249,247,2
102000067,295,1341,-1046
102000068,1268,722,546
102000069,13,469,-456
102000070,603,2,601
102000071,2590,3690,-1100
102000072,591,573,18
102000073,71,49,22
102000074,210,66,144
102000075,46,96,-50
102000076,119,49,70
102000077,423,135,288
102000078,358,42,316
102000079,59,27,32
102000080,57,14,43
102000081,100,202,-102
102000082,77,99,-22
102000083,86,30,56
102000084,429,36,393
102000085,276,87,189
102000086,482,120,362
102000087,91,250,-159
102000088,121,34,87
102000089,373,123,250
102000090,128,417,-289
102000091,740,161,579
102000092,137,160,-23
102000093,130,288,-158
102000094,182,75,107
102000095,105,142,-37
102000096,362,116,246
102000097,176,168,8
102000098,119,123,-4
102000099,276,222,54
102000100,83,190,-107
102000101,49,182,-133
102000102,107,261,-154
102000103,65,242,-177
102000104,57,107,-50
102000105,122,62,60
102000106,175,72,103
102000107,276,101,175
102000108,167,19,148
102000109,307,73,234
102000110,214,67,147
102000111,384,75,309
102000112,20,22,-2
102000113,0,4,-4
102000114,131,121,10
102000115,19,63,-44
102000116,9,208,-199
102000117,2,97,-95
102000118,207,725,-518
102000119,174,129,45
102000120,155,185,-30
102000121,55,138,-83
102000122,51,290,-239
102000123,71,92,-21
102000124,112,278,-166
102000125,50,63,-13
102000126,93,165,-72
102000127,123,38,85
102000128,59,218,-159
102000129,146,119,27
102000130,183,403,-220
102000131,105,199,-94
102000132,72,517,-445
102000133,1147,225,922
102000134,232,189,43
102000135,77,250,-173
102000136,29,84,-55
102000137,50,21,29
102000138,45,11,34
102000139,38,31,7
102000140,6,25,-19
102000141,3,56,-53
102000142,54,33,21
102000143,45,26,19
102000144,78,23,55
102000145,46,17,29
102000146,102,26,76
102000147,31,19,12
102000148,10,87,-77
102000149,48,40,8
102000150,192,21,171
102000151,13,75,-62
102000152,63,31,32
102000153,147,105,42
102000154,45,25,20
102000155,46,34,12
102000156,17,14,3
102000157,4,103,-99
102000158,1,101,-100
102000159,17,15,2
102000161,42,379,-337
102000162,7,26,-19
102000163,19,248,-229
102000164,146,327,-181
102000165,0,0,0
102000166,2,50,-48
102000167,0,0,0
102000168,6,12,-6
102000169,13,144,-131
102000170,0,0,0
102000171,0,0,0
102000172,0,50,-50
102000173,53,93,-40
102000174,7,0,7
102000175,79,21,58
102000176,14,10,4
102000178,28,41,-13
102000179,109,51,58
102000180,164,34,130
102000181,330,79,251
102000182,220,104,116
102000183,584,180,404
102000184,215,65,150
102000185,1146,147,999
102000186,266,63,203
102000187,145,103,42
102000188,386,255,131
102000189,217,48,169
102000190,171,569,-398
102000191,205,42,163
102000192,61,245,-184
102000193,16,7,9
102000194,13,26,-13
102000195,81,27,54
102000196,54,70,-16
102000197,176,9,167
102000198,56,47,9
102000199,328,9,319
102000200,72,179,-107
102000201,296,34,262
102000202,0,6,-6
102000203,39,7,32
102000204,96,104,-8
102000205,285,110,175
102000206,53,26,27
102000207,162,121,41
102000208,20,108,-88
102000209,19,2,17
102000210,94,10,84
102000211,8,0,8
102000212,212,3,209
102000213,0,0,0
102000214,125,2,123
102000215,0,0,0
102000216,31,36,-5
102000217,0,0,0
102000218,44,60,-16
102000219,0,18,-18
102000225,286,184,102
102000226,0,0,0
102000227,52,0,52
102000228,0,0,0
102000229,2,9,-7
102000230,47,91,-44
102000231,109,184,-75
102000232,1,75,-74
102000233,192,256,-64
102000234,0,443,-443
102000236,64,6,58
102000237,80,21,59
102000238,21,29,-8
102000240,0,0,0
102000241,16,1,15
102000243,10,39,-29
102000245,0,0,0
102000246,1,44,-43
102000247,109,209,-100
102000248,216,402,-186
102000249,123,18,105
102000250,22,56,-34
102000254,20,35,-15
102000266,2,14,-12
102000271,28,0,28
102000286,39,128,-89
102000297,203,151,52
102000303,0,0,0
102000305,0,0,0
102000307,0,0,0
102900001,106,6,100
102900002,44,0,44
102900003,0,0,0
102900005,79,6,73
102900006,25,2,23
102900007,89,0,89
102900008,42,0,42
102900009,41,0,41
102900010,33,1,32
102900011,0,0,0
102900012,0,0,0
102900013,0,0,0
102900015,0,0,0
102900016,0,0,0
102900017,0,0,0
102900018,0,0,0
102900019,0,0,0
102900020,0,0,0
102900021,0,0,0
102900022,0,0,0
102900023,0,0,0
102900024,0,0,0
102900025,0,0,0
102900026,2,171,-169
102900027,0,0,0
102900028,2,56,-54
102900029,0,0,0
102900030,19,3,16
102900031,32,21,11
102900032,0,0,0
102900033,0,0,0
102900034,101,1,100
102900035,0,0,0
102900036,120,25,95
102900037,53,21,32
102900038,40,10,30
102900039,0,0,0
102900040,0,0,0
102900041,0,0,0
102900042,0,0,0
102900043,0,0,0
102900044,0,0,0
102900045,0,0,0
102900046,0,0,0
102900047,0,0,0
102900048,0,0,0
102900049,0,0,0
102900050,0,0,0
102900051,0,0,0
102900053,0,0,0
102900054,0,0,0
102900055,0,0,0
102900056,0,0,0
102900057,0,0,0
102900058,0,0,0
102900059,0,0,0
102900060,0,24,-24
102900061,2,12,-10
102900062,25,7,18
102900063,92,2,90
102900064,0,75,-75
102900065,66,13,53
102900066,3,0,3
102900068,0,0,0
102900070,0,0,0
102900072,0,0,0
102900073,0,0,0
102900075,0,0,0
102900076,0,0,0
102900077,0,0,0
102900078,0,0,0
102900079,42,0,42
102900080,34,0,34
102900081,0,0,0
102900082,0,0,0
102900083,0,0,0
102900084,0,0,0
102900085,0,0,0
102900086,0,0,0
102900087,0,0,0
102900088,0,0,0
102900089,0,0,0
102900090,0,0,0
102900091,0,0,0
102900092,0,0,0
102900094,0,0,0
102900095,10,0,10
102900096,0,0,0
102900097,0,0,0
103000001,1974,1221,753
103000002,1147,1090,57
103000003,1106,1098,8
103000004,184,290,-106
103000005,1089,1117,-28
103000006,382,545,-163
103000007,207,180,27
103000008,128,51,77
103000009,478,334,144
103000010,81,36,45
103000011,390,526,-136
103000012,429,885,-456
103000013,363,412,-49
103000014,684,1711,-1027
103000015,110,31,79
103000016,195,436,-241
103000017,96,235,-139
103000018,149,120,29
103000019,201,195,6
103000020,298,416,-118
103000021,1838,1797,41
103000022,181,245,-64
103000023,485,1583,-1098
103000024,11,69,-58
103000025,7,311,-304
103000026,42,57,-15
103000027,55,205,-150
103000028,213,216,-3
103000029,65,67,-2
103000030,258,457,-199
103000031,420,855,-435
103000032,598,395,203
103000033,2510,2276,234
103000034,565,494,71
103000035,130,535,-405
103000036,62,199,-137
103000037,167,108,59
103000038,220,575,-355
103000039,95,116,-21
103000040,135,315,-180
103000041,662,480,182
103000042,611,75,536
103000043,479,311,168
103000044,71,19,52
103000046,8,41,-33
103000047,120,142,-22
103000048,53,35,18
103000049,14,55,-41
103000050,45,4,41
103000051,29,45,-16
103000052,53,23,30
103000053,5,15,-10
103000054,716,74,642
103000055,1035,463,572
103000056,240,300,-60
103000057,626,186,440
103000058,402,85,317
103000059,331,235,96
103000060,293,93,200
103000061,286,311,-25
103000062,177,79,98
103000063,328,450,-122
103000064,14,23,-9
103000065,9,15,-6
103000066,69,7,62
103000069,129,27,102
103000070,136,72,64
103000071,162,245,-83
103000072,35,98,-63
103000073,348,62,286
103000074,244,43,201
103000075,6,106,-100
103000076,87,291,-204
103000077,0,84,-84
103000078,246,341,-95
103000079,81,200,-119
103000080,278,157,121
103000081,97,342,-245
103000082,225,27,198
103000083,13,29,-16
103000084,33,2,31
103000085,0,31,-31
103000086,288,213,75
103000087,11,438,-427
103000088,206,158,48
103000089,96,286,-190
103000090,3173,2278,895
103000091,586,712,-126
103000092,328,168,160
103000093,59,103,-44
103000094,129,58,71
103000095,10,60,-50
103000096,391,17,374
103000097,1,114,-113
103000098,392,23,369
103000099,35,57,-22
103000100,78,79,-1
103000101,556,27,529
103000102,23,48,-25
103000103,340,16,324
103000104,64,16,48
103000105,103,12,91
103000106,5,61,-56
103000107,125,5,120
103000108,566,802,-236
103000109,202,616,-414
103000110,407,594,-187
103000111,128,130,-2
103000112,77,146,-69
103000113,32,305,-273
103000114,475,234,241
103000115,612,446,166
103000116,544,145,399
103000117,468,132,336
103000118,23,54,-31
103000119,70,87,-17
103000120,0,2,-2
103000121,23,38,-15
103000122,720,993,-273
103000125,0,42,-42
103000126,341,0,341
103000127,2,39,-37
103000128,38,2,36
103000129,0,33,-33
103000130,33,9,24
103000131,25,63,-38
103000132,3,31,-28
103000133,1,45,-44
103000134,76,112,-36
103000135,112,95,17
103000136,72,82,-10
103000137,57,242,-185
103000138,94,307,-213
103000139,0,16,-16
103000140,11,4,7
103000141,3,24,-21
103000142,49,8,41
103000143,21,12,9
103000144,76,20,56
103000145,3,18,-15
103000150,31,6,25
103000152,56,116,-60
103000153,67,185,-118
103000156,0,72,-72
103000157,101,0,101
103000159,105,11,94
103000162,3,3,0
103000163,3,7,-4
103000164,12,0,12
103000165,43,59,-16
103000166,78,176,-98
103000167,75,61,14
103000168,77,31,46
103000169,92,127,-35
103000170,716,182,534
103000171,4,41,-37
103000172,438,109,329
103000173,18,5,13
103000174,654,140,514
103000175,56,19,37
103000176,220,237,-17
103000177,62,24,38
103000178,17,19,-2
103000179,35,6,29
103000183,166,2,164
103000185,27,6,21
103000186,107,60,47
103000187,6,8,-2
103000188,4,57,-53
103000189,217,268,-51
103000191,205,136,69
103000292,27,224,-197
103000293,15,673,-658
103000295,94,51,43
103000296,5,0,5
103000297,0,1,-1
103000504,0,1,-1
103000505,0,1,-1
103000506,0,15,-15
103000507,112,1,111
103000508,10,53,-43
103000509,129,128,1
103900001,0,0,0
103900002,0,0,0
103900003,67,3,64
103900004,1,0,1
103900005,0,0,0
103900006,0,0,0
103900007,0,0,0
103900008,1,0,1
103900010,54,2,52
103900012,0,23,-23
103900014,2,3,-1
103900015,22,0,22
103900017,0,0,0
103900018,0,0,0
103900019,0,57,-57
103900020,0,0,0
103900021,17,1,16
103900022,86,0,86
103900023,29,0,29
103900024,1,3,-2
103900025,0,0,0
103900026,0,0,0
103900027,18,3,15
103900028,43,8,35
103900029,174,5,169
103900030,71,5,66
103900031,10,0,10
103900032,1,8,-7
103900033,1,0,1
103900034,0,1,-1
103900035,0,0,0
103900036,5,1,4
103900037,0,2,-2
103900038,4,33,-29
103900039,0,0,0
103900040,0,0,0
103900041,12,0,12
103900042,0,0,0
103900043,0,0,0
103900044,1,61,-60
103900045,15,1,14
103900047,0,0,0
103900048,0,2,-2
103900049,0,0,0
103900050,2,0,2
103900051,0,0,0
103900052,0,0,0
103900053,1,0,1
103900054,0,0,0
103900055,0,0,0
103900056,0,0,0
103900057,10,0,10
103900058,0,0,0
103900059,0,0,0
103900060,32,0,32
103900061,44,1,43
103900062,0,0,0
103900063,0,0,0
103900064,4,0,4
103900065,22,13,9
103900066,36,2,34
103900067,12,0,12
103900068,4,0,4
103900069,1,0,1
103900070,0,1,-1
103900071,0,0,0
103900072,0,0,0
103900073,2,2,0
103900074,2,0,2
103900075,13,0,13
103900076,0,0,0
103900077,1,20,-19
103900078,39,0,39
103900079,0,0,0
103900080,0,0,0
103900081,0,0,0
103900082,0,0,0
103900083,56,111,-55
103900084,0,0,0
103900085,0,1,-1
103900086,26,24,2
103900088,3,10,-7
103900089,0,0,0
103900090,0,0,0
103900091,0,0,0
103900092,0,0,0
103900093,1,0,1
103900094,0,0,0
103900095,0,0,0
103900096,38,0,38
103900097,0,0,0
103900098,0,0,0
103900099,18,0,18
103900100,0,0,0
103900101,0,0,0
103900102,0,0,0
103900104,0,0,0
103900105,0,0,0
103900106,0,0,0
103900107,44,1,43
103900108,7,8,-1
103900109,10,0,10
103900110,0,0,0
103900111,0,0,0
103900112,0,0,0
103900113,0,0,0
103900114,0,0,0
103900115,0,0,0
103900116,0,40,-40
103900117,3,1,2
103900119,0,58,-58
103900120,6,2,4
103900122,0,0,0
103900123,0,0,0
103900124,0,0,0
103900125,0,0,0
103900126,31,0,31
103900127,0,3,-3
103900128,0,0,0
103900131,0,0,0
103900133,75,0,75
103900134,0,0,0
103900135,0,0,0
103900137,0,0,0
103900138,0,0,0
103900139,17,109,-92
103900140,0,0,0
103900141,1,7,-6
103900142,29,0,29
103900143,0,0,0
103900144,0,0,0
103900145,2,6,-4
103900146,53,0,53
103900147,0,0,0
103900148,24,1,23
103900149,24,2,22
103900150,122,47,75
103900151,1,0,1
103900152,103,2,101
103900153,0,0,0
103900154,0,2,-2
103900155,6,0,6
103900156,0,0,0
103900157,7,0,7
103900158,54,0,54
103900159,0,0,0
103900160,0,0,0
103900161,4,16,-12
103900162,0,0,0
103900163,0,0,0
103900167,0,9,-9
103900168,1,0,1
103900169,0,25,-25
103900170,0,0,0
103900171,0,0,0
103900172,0,0,0
103900173,0,13,-13
103900174,51,0,51
103900175,0,21,-21
103900176,0,0,0
103900177,0,0,0
103900178,0,0,0
103900179,0,0,0
103900180,0,0,0
103900181,0,0,0
103900182,0,0,0
103900184,0,0,0
103900185,0,0,0
103900187,0,0,0
103900188,3,0,3
103900189,6,0,6
103900190,0,1,-1
103900191,0,0,0
103900192,0,0,0
103900193,0,0,0
103900194,0,0,0
103900195,0,0,0
103900196,0,0,0
103900197,0,1,-1
103900198,0,0,0
103900199,0,0,0
103900200,0,0,0
103900201,0,0,0
103900202,0,0,0
103900203,22,0,22
103900204,0,0,0
103900207,0,0,0
103900208,9,0,9
103900209,0,0,0
103900210,0,0,0
103900211,84,1,83
103900212,0,0,0
103900213,0,0,0
103900214,86,210,-124
103900215,0,0,0
103900216,0,0,0
103900217,34,0,34
103900218,0,2,-2
103900219,1,0,1
103900233,0,0,0
103900235,0,0,0
103900236,0,0,0
103900242,0,0,0
103900243,0,0,0
103900244,1,1,0
103900245,0,0,0
103900246,3,0,3
103900247,0,0,0
103900248,0,0,0
103900249,0,0,0
103900250,0,0,0
103900251,0,0,0
103900253,0,0,0
103900254,0,0,0
103900255,0,0,0
103900256,0,0,0
103900257,0,0,0
103900258,0,0,0
103900259,0,0,0
103900261,0,0,0
103900262,0,0,0
103900263,0,0,0
103900264,0,0,0
103900265,0,0,0
103900266,0,4,-4
103900267,0,0,0
103900268,1,2,-1
103900269,8,0,8
103900270,0,0,0
103900271,0,0,0
103900272,2,0,2
103900273,0,0,0
103900274,0,0,0
103900275,0,0,0
103900276,0,0,0
103900277,0,0,0
103900278,0,0,0
103900279,0,0,0
103900280,0,0,0
104000001,977,650,327
104000002,1020,1324,-304
104000003,1068,1071,-3
104000004,1239,1191,48
104000005,803,1232,-429
104000006,1428,857,571
104000007,2165,1127,1038
104000008,33,16,17
104000009,459,180,279
104000010,59,266,-207
104000011,26,13,13
104000012,10,39,-29
104000013,184,160,24
104000014,20,18,2
104000015,256,44,212
104000016,10,20,-10
104000018,481,55,426
104000019,738,212,526
104000020,65,151,-86
104000021,156,219,-63
104000022,60,109,-49
104000023,461,86,375
104000024,27,11,16
104000026,26,1,25
104000027,25,10,15
104000028,571,169,402
104000029,76,18,58
104000030,507,367,140
104000031,648,46,602
104000032,9,19,-10
104000033,372,42,330
104000034,98,14,84
104000035,727,82,645
104000036,570,184,386
104000037,14,7,7
104000038,294,167,127
104000039,238,183,55
104000040,84,198,-114
104000041,346,109,237
104000042,170,85,85
104000043,33,67,-34
104000044,125,75,50
104000045,305,146,159
104000046,316,113,203
104000047,122,366,-244
104000048,402,678,-276
104000049,253,98,155
104000050,88,218,-130
104000051,1,21,-20
104000052,498,507,-9
104000053,508,84,424
104000054,93,16,77
104000055,979,212,767
104000056,181,9,172
104000057,16,9,7
104000058,559,246,313
104000059,314,415,-101
104000060,345,292,53
104000061,290,92,198
104000062,267,37,230
104000064,236,63,173
104000065,0,70,-70
104000069,314,620,-306
104000070,18,141,-123
104000071,4,2,2
104000072,92,48,44
104000075,0,0,0
104000076,0,0,0
104000082,398,811,-413
104000083,262,82,180
104000084,36,172,-136
104000085,273,53,220
104000086,120,82,38
104000087,63,160,-97
104000090,42,86,-44
104000092,127,139,-12
104000094,134,85,49
104000095,363,424,-61
104000096,634,0,634
104000097,746,50,696
104000098,1381,96,1285
104000100,1047,125,922
104000101,519,406,113
104000106,37,116,-79
104000107,582,141,441
104000108,106,12,94
104000109,69,11,58
104000110,83,248,-165
104000111,179,405,-226
104000112,80,20,60
104000116,0,29,-29
104000117,83,47,36
104000118,289,24,265
104000119,66,56,10
104000120,92,51,41
104000121,45,152,-107
104000122,408,256,152
104000123,206,278,-72
104000124,159,623,-464
104000125,212,432,-220
104000126,208,303,-95
104000127,348,503,-155
104000128,285,120,165
104000129,76,0,76
104000130,10,92,-82
104000131,0,3,-3
104000132,0,2,-2
104000133,255,144,111
104000134,323,771,-448
104000135,98,1019,-921
104000136,351,1693,-1342
104000137,544,292,252
104000138,23,33,-10
104000139,846,1411,-565
104000141,305,296,9
104000142,192,56,136
104000143,96,57,39
104000144,25,80,-55
104000145,139,101,38
104000146,32,111,-79
104000147,23,44,-21
104000148,153,79,74
104000149,7,27,-20
104000150,538,175,363
104000151,31,46,-15
104000152,159,119,40
104000153,521,248,273
104000154,128,260,-132
104000155,327,292,35
104000157,499,384,115
104000158,51,140,-89
104000159,263,142,121
104000160,904,1234,-330
104000161,78,29,49
104000162,43,64,-21
104000165,250,177,73
104000167,224,542,-318
104000168,296,0,296
104000169,91,6,85
104000170,3,8,-5
104000248,0,40,-40
104000251,0,0,0
104000272,0,0,0
104000273,0,0,0
104000274,0,0,0
104000275,0,0,0
104000279,207,406,-199
104000290,1,37,-36
104000291,388,309,79
104000293,390,276,114
104000294,0,0,0
104000295,310,663,-353
104000296,162,227,-65
104000297,250,1172,-922
104000298,445,261,184
104000299,457,528,-71
104000302,35,36,-1
104000303,3,2,1
104900001,0,0,0
104900002,0,0,0
104900003,0,0,0
104900004,0,0,0
104900005,0,0,0
104900006,0,0,0
104900007,0,0,0
104900009,0,0,0
104900010,0,0,0
104900011,0,0,0
104900012,0,0,0
104900013,0,0,0
104900014,0,0,0
104900015,0,0,0
104900016,0,0,0
104900017,6,0,6
104900018,0,0,0
104900019,0,0,0
104900020,0,0,0
104900021,0,0,0
104900022,0,0,0
104900023,0,0,0
104900024,0,0,0
104900025,0,0,0
104900026,0,0,0
104900027,0,0,0
104900028,0,0,0
104900029,0,0,0
104900030,0,0,0
104900031,0,1,-1
104900032,0,0,0
104900033,0,0,0
104900034,0,0,0
104900035,0,0,0
104900036,0,0,0
104900037,0,0,0
104900038,0,0,0
104900039,0,0,0
104900040,0,0,0
104900041,0,0,0
104900042,0,0,0
104900043,0,0,0
104900044,19,0,19
104900045,0,0,0
104900046,0,0,0
104900047,30,1,29
104900048,37,3,34
104900049,0,0,0
104900050,0,0,0
104900051,19,0,19
104900052,0,0,0
104900053,45,0,45
104900054,10,0,10
104900055,0,0,0
104900056,93,0,93
104900057,0,0,0
104900058,29,0,29
104900059,40,13,27
104900061,0,0,0
104900063,0,0,0
104900064,0,0,0
104900065,0,0,0
104900066,0,0,0
104900067,0,0,0
104900068,0,0,0
104900070,0,0,0
104900071,0,0,0
104900072,0,0,0
104900073,0,0,0
104900074,0,0,0
104900075,0,0,0
104900076,0,0,0
104900077,0,0,0
104900078,0,0,0
104900079,0,0,0
104900080,0,0,0
104900082,0,0,0
104900085,0,0,0
104900089,0,0,0
104900091,0,0,0
104900093,0,0,0
104900097,0,0,0
104900098,0,0,0
104900099,0,0,0
104900100,0,0,0
104900102,0,0,0
104900103,0,0,0
104900106,0,0,0
104900107,0,0,0
104900108,0,0,0
104900109,0,0,0
104900110,0,0,0
104900111,0,0,0
104900112,0,0,0
104900113,0,0,0
104900114,0,0,0
104900115,0,0,0
104900116,0,0,0
104900118,0,0,0
104900119,0,0,0
104900120,0,0,0
104900121,0,0,0
104900122,0,0,0
104900123,0,0,0
104900124,0,0,0
104900125,43,1,42
104900126,0,0,0
104900127,0,0,0
104900128,16,0,16
104900129,0,0,0
105000001,806,444,362
105000002,653,695,-42
105000003,777,1074,-297
105000004,315,555,-240
105000005,304,548,-244
105000006,428,1062,-634
105000007,268,857,-589
105000008,427,1560,-1133
105000009,1708,1404,304
105000010,758,531,227
105000011,1308,1742,-434
105000012,455,607,-152
105000013,358,516,-158
105000014,1803,1234,569
105000015,3410,5180,-1770
105000016,885,749,136
105000017,945,483,462
105000018,1256,445,811
105000019,718,882,-164
105000020,47,153,-106
105000021,64,36,28
105000022,32,30,2
105000023,178,201,-23
105000028,9,138,-129
105000029,46,287,-241
105000030,1347,1106,241
105000031,0,0,0
105000033,421,432,-11
105000034,49,346,-297
105000037,125,14,111
105000038,460,575,-115
105000039,135,367,-232
105000040,215,811,-596
105000041,81,251,-170
105000042,869,657,212
105000043,143,160,-17
105000044,245,134,111
105000045,111,114,-3
105000046,338,43,295
105000047,123,141,-18
105000048,634,236,398
105000049,180,94,86
105000050,488,254,234
105000051,41,78,-37
105000052,113,231,-118
105000053,116,13,103
105000054,169,169,0
105000055,246,33,213
105000056,597,303,294
105000057,1035,121,914
105000058,464,324,140
105000059,516,188,328
105000060,247,80,167
105000061,449,148,301
105000062,233,68,165
105000063,28,37,-9
105000064,712,159,553
105000065,50,21,29
105000066,256,101,155
105000067,704,341,363
105000068,36,150,-114
105000069,425,439,-14
105000070,289,547,-258
105000071,260,856,-596
105000072,645,1484,-839
105000073,335,323,12
105000074,35,93,-58
105000075,109,140,-31
105000076,411,227,184
105000077,606,180,426
105000078,417,522,-105
105000079,70,205,-135
105000080,986,959,27
105000081,155,155,0
105000082,358,567,-209
105000083,1237,1101,136
105000084,102,89,13
105000085,1636,1034,602
105000086,122,128,-6
105000087,245,145,100
105000088,908,889,19
105000089,453,398,55
105000090,125,117,8
105000091,208,77,131
105000092,140,85,55
105000093,45,139,-94
105000094,198,62,136
105000095,34,175,-141
105000096,405,498,-93
105000097,188,50,138
105000098,496,291,205
105000099,87,76,11
105000100,365,236,129
105000101,892,370,522
105000102,430,256,174
105000103,545,263,282
105000104,515,140,375
105000105,434,271,163
105000106,588,175,413
105000107,514,161,353
105000108,474,162,312
105000109,660,216,444
105000110,300,109,191
105000111,387,145,242
105000112,383,167,216
105000113,168,349,-181
105000114,596,638,-42
105000115,162,813,-651
105000116,459,172,287
105000117,151,83,68
105000118,133,94,39
105000119,63,65,-2
105000120,704,267,437
105000121,155,109,46
105000122,264,162,102
105000123,185,124,61
105000124,914,160,754
105000125,541,237,304
105000126,676,305,371
105000127,916,291,625
105000128,142,222,-80
105000129,314,88,226
105000130,59,1943,-1884
105000131,16,26,-10
105000132,534,629,-95
105000133,48,115,-67
105000134,499,154,345
105000135,35,30,5
105000136,0,0,0
105000137,310,34,276
105000138,0,0,0
105000139,146,82,64
105000140,348,60,288
105000141,80,72,8
105000142,313,84,229
105000143,92,155,-63
105000144,25,117,-92
105000145,376,137,239
105000146,0,0,0
105000147,315,75,240
105000148,352,152,200
105000149,889,471,418
105000150,40,24,16
105000151,229,24,205
105000152,206,87,119
105000153,349,63,286
105000154,176,40,136
105000155,111,63,48
105000156,66,67,-1
105000157,220,143,77
105000158,612,122,490
105000159,112,75,37
105000160,932,139,793
105000161,187,92,95
105000162,202,724,-522
105000163,314,134,180
105000164,12,47,-35
105000165,117,1999,-1882
105000166,116,296,-180
105000167,265,931,-666
105000168,110,125,-15
105000169,210,40,170
105000170,83,394,-311
105000171,366,33,333
105000172,64,0,64
105000173,125,12,113
105000174,10,5,5
105000175,0,0,0
105000176,76,21,55
105000177,160,28,132
105000178,70,38,32
105000179,179,3,176
105000180,0,0,0
105000181,20,22,-2
105000182,0,0,0
105000183,472,1348,-876
105000184,14,54,-40
105000185,190,374,-184
105000186,13,22,-9
105000187,243,138,105
105000188,29,122,-93
105000189,38,82,-44
105000190,55,114,-59
105000191,102,47,55
105000192,147,24,123
105000193,29,6,23
105000194,209,9,200
105000195,10,98,-88
105000196,40,75,-35
105000197,9,76,-67
105000198,10,3,7
105000199,15,186,-171
105000200,83,173,-90
105000201,14,1,13
105000203,37,166,-129
105000204,30,75,-45
105000205,17,119,-102
105000207,0,0,0
105000208,121,119,2
105000209,0,0,0
105000211,65,0,65
105000212,280,77,203
105000213,30,15,15
105000214,24,10,14
105000215,120,73,47
105000216,12,5,7
105000217,0,0,0
105000218,708,162,546
105000221,38,31,7
105000222,132,43,89
105000223,45,30,15
105000226,27,22,5
105000227,8,48,-40
105000228,5,540,-535
105000229,117,373,-256
105000231,198,43,155
105000233,232,267,-35
105000234,234,392,-158
105000235,164,210,-46
105000237,244,24,220
105000243,22,9,13
105000248,1,7,-6
105000262,162,4,158
105000269,12,27,-15
105000270,238,10,228
105000271,0,23,-23
105000282,14,8,6
105000287,91,41,50
105000288,232,127,105
105000289,613,908,-295
105000290,26,51,-25
105000402,208,903,-695
105000426,40,190,-150
105000438,428,457,-29
105000440,1,2,-1
105000446,1354,2835,-1481
105000447,1522,361,1161
105000454,0,2,-2
105000455,122,40,82
105000474,45,1,44
105000477,97,116,-19
105000478,849,2606,-1757
105000479,47,21,26
105000480,2190,3037,-847
105000481,1552,1013,539
105000482,680,1398,-718
105000483,414,926,-512
105000484,548,1171,-623
105000485,768,1530,-762
105000486,845,1477,-632
105000488,648,1409,-761
105000489,511,187,324
105000549,9,15,-6
105000550,0,0,0
105000551,5,13,-8
105000552,492,302,190
105000555,767,660,107
105000556,11,2,9
105000557,5,62,-57
105900001,1,112,-111
105900002,102,20,82
105900003,0,0,0
105900004,0,0,0
105900005,0,0,0
105900006,1,0,1
105900007,0,2,-2
105900008,0,0,0
105900009,1,9,-8
105900011,3,1,2
105900012,18,1,17
105900013,1,0,1
105900014,2,0,2
105900015,0,0,0
105900016,16,2,14
105900017,0,0,0
105900018,0,0,0
105900019,0,0,0
105900020,0,0,0
105900021,0,0,0
105900022,0,0,0
105900023,0,0,0
105900024,0,0,0
105900025,6,0,6
105900026,0,0,0
105900027,569,110,459
105900028,1,0,1
105900029,267,28,239
105900030,15,32,-17
105900031,0,0,0
105900032,0,0,0
105900033,0,0,0
105900034,0,0,0
105900035,0,0,0
105900036,0,0,0
105900037,0,0,0
105900038,0,0,0
105900039,0,0,0
105900040,0,0,0
105900041,0,0,0
105900042,0,0,0
105900043,75,1,74
105900044,0,0,0
105900045,0,0,0
105900046,0,0,0
105900047,0,0,0
105900048,39,10,29
105900050,11,101,-90
105900051,0,34,-34
105900052,8,0,8
105900053,0,0,0
105900054,0,0,0
105900056,24,11,13
105900057,0,0,0
105900058,0,0,0
105900059,0,0,0
106000001,978,690,288
106000002,62,500,-438
106000003,1280,1689,-409
106000004,266,1672,-1406
106000005,1686,2412,-726
106000006,919,801,118
106000007,485,114,371
106000008,19,89,-70
106000009,355,148,207
106000010,44,122,-78
106000011,731,422,309
106000012,48,121,-73
106000013,1217,715,502
106000014,202,211,-9
106000015,1321,601,720
106000016,221,239,-18
106000017,730,206,524
106000018,79,139,-60
106000019,311,217,94
106000020,38,28,10
106000021,417,141,276
106000022,73,35,38
106000023,579,92,487
106000024,79,57,22
106000025,285,208,77
106000026,3,15,-12
106000027,1507,628,879
106000028,15,10,5
106000029,13,13,0
106000030,0,0,0
106000034,0,0,0
106000035,474,614,-140
106000036,0,0,0
106000037,156,70,86
106000038,15,5,10
106000039,3,25,-22
106000040,3,61,-58
106000041,382,91,291
106000043,141,39,102
106000046,74,9,65
106000047,0,0,0
106000049,513,4,509
106000050,16,53,-37
106000051,467,221,246
106000052,0,0,0
106000053,296,16,280
106000054,0,0,0
106000055,383,10,373
106000056,0,0,0
106000057,197,38,159
106000058,0,0,0
106000059,244,63,181
106000060,0,0,0
106000061,83,355,-272
106000062,0,0,0
106000063,456,509,-53
106000064,0,0,0
106000065,346,76,270
106000066,47,9,38
106000067,278,75,203
106000068,33,6,27
106000069,162,2,160
106000070,67,9,58
106000071,413,155,258
106000072,371,527,-156
106000073,494,1534,-1040
106000074,327,386,-59
106000075,184,402,-218
106000076,465,270,195
106000077,728,213,515
106000078,595,97,498
106000079,623,69,554
106000080,524,62,462
106000081,382,148,234
106000082,687,68,619
106000083,304,268,36
106000084,484,94,390
106000085,378,287,91
106000086,296,146,150
106000087,440,99,341
106000088,254,149,105
106000089,433,42,391
106000090,271,194,77
106000091,66,81,-15
106000092,326,113,213
106000093,358,31,327
106000094,0,0,0
106000095,493,65,428
106000096,757,75,682
106000097,366,40,326
106000098,540,119,421
106000099,87,58,29
106000100,930,97,833
106000101,408,25,383
106000102,14,55,-41
106000103,85,112,-27
106000104,442,71,371
106000105,65,117,-52
106000106,522,76,446
106000107,86,85,1
106000108,317,37,280
106000109,8,96,-88
106000110,207,45,162
106000111,71,53,18
106000112,142,193,-51
106000113,51,202,-151
106000114,237,147,90
106000115,102,156,-54
106000116,235,152,83
106000117,25,53,-28
106000118,608,421,187
106000119,26,104,-78
106000120,370,544,-174
106000121,144,77,67
106000122,102,44,58
106000123,219,31,188
106000124,145,26,119
106000125,71,64,7
106000126,276,29,247
106000127,242,146,96
106000128,250,42,208
106000129,224,108,116
106000130,690,61,629
106000131,40,256,-216
106000132,228,43,185
106000133,133,442,-309
106000134,186,1128,-942
106000135,1,152,-151
106000136,376,573,-197
106000137,0,108,-108
106000138,920,41,879
106000139,56,35,21
106000140,0,0,0
106000141,0,0,0
106000142,39,7,32
106000143,0,0,0
106000144,162,28,134
106000145,0,0,0
106000146,317,84,233
106000147,372,153,219
106000148,278,216,62
106000149,439,122,317
106000150,169,684,-515
106000151,708,192,516
106000152,452,793,-341
106000153,67,489,-422
106000154,388,51,337
106000155,43,111,-68
106000156,631,37,594
106000157,125,492,-367
106000158,466,377,89
106000159,256,632,-376
106000160,178,927,-749
106000161,152,26,126
106000162,133,409,-276
106000163,91,28,63
106000164,216,32,184
106000165,39,82,-43
106000166,403,23,380
106000167,211,211,0
106000168,387,56,331
106000169,104,98,6
106000170,280,45,235
106000171,88,328,-240
106000172,614,130,484
106000173,484,593,-109
106000174,665,29,636
106000175,67,13,54
106000176,732,139,593
106000177,85,97,-12
106000178,814,150,664
106000179,76,55,21
106000180,248,265,-17
106000181,329,272,57
106000182,948,92,856
106000183,793,79,714
106000184,500,76,424
106000185,289,184,105
106000186,92,4,88
106000187,3,205,-202
106000188,0,0,0
106000189,4,29,-25
106000190,1,7,-6
106000191,179,2,177
106000192,0,0,0
106000193,13,27,-14
106000194,5,80,-75
106000195,47,19,28
106000196,2,126,-124
106000197,135,31,104
106000198,38,12,26
106000199,139,134,5
106000200,54,101,-47
106000201,69,901,-832
106000202,113,101,12
106000203,0,0,0
106000204,11,2,9
106000205,0,0,0
106000206,9,5,4
106000207,0,4,-4
106000208,676,28,648
106000209,1102,115,987
106000210,18,11,7
106000211,9,50,-41
106000212,736,111,625
106000213,28,52,-24
106000214,449,54,395
106000215,102,113,-11
106000216,426,74,352
106000217,13,163,-150
106000218,309,36,273
106000219,28,121,-93
106000220,324,21,303
106000221,58,42,16
106000222,40,10,30
106000223,202,38,164
106000224,53,59,-6
106000225,23,38,-15
106000226,35,87,-52
106000228,0,0,0
106000229,0,0,0
106000231,325,5,320
106000232,0,0,0
106000233,110,2,108
106000234,0,0,0
106000235,73,28,45
106000236,0,0,0
106000237,0,0,0
106000238,1,11,-10
106000239,0,0,0
106000240,0,0,0
106000241,0,87,-87
106000242,70,8,62
106000249,110,9,101
106000250,24,112,-88
106000251,21,1,20
106000252,0,0,0
106000253,40,2,38
106000254,0,0,0
106000255,17,5,12
106000256,0,0,0
106000257,5,34,-29
106000258,4,0,4
106000259,0,0,0
106000260,4,0,4
106000261,0,0,0
106000262,0,0,0
106000263,0,0,0
106000264,82,0,82
106000265,0,0,0
106000266,57,3,54
106000267,0,0,0
106000268,124,6,118
106000269,0,0,0
106000270,14,16,-2
106000271,1,22,-21
106000272,0,0,0
106000273,0,12,-12
106000274,0,0,0
106000275,7,9,-2
106000276,0,0,0
106000277,17,25,-8
106000278,0,0,0
106000279,0,0,0
106000280,0,0,0
106000281,0,0,0
106000282,0,0,0
106000283,0,0,0
106000284,0,0,0
106000285,0,0,0
106000286,0,0,0
106000287,0,0,0
106000288,0,0,0
106000289,0,0,0
106000290,0,0,0
106000291,0,0,0
106000292,0,0,0
106000293,0,0,0
106000294,0,0,0
106000295,0,0,0
106000296,0,0,0
106000297,0,0,0
106000298,0,0,0
106000299,0,0,0
106000300,0,0,0
106000301,0,0,0
106000303,8,3,5
106000304,0,0,0
106000305,2,2,0
106000306,0,0,0
106000307,27,1,26
106000308,0,0,0
106000309,0,0,0
106000310,107,59,48
106000311,87,11,76
106000312,47,20,27
106000313,38,9,29
106000318,0,0,0
106000319,410,79,331
106000320,0,58,-58
106000321,6,131,-125
106000322,159,25,134
106000324,24,10,14
106000325,1365,298,1067
106000326,95,247,-152
106000327,181,5,176
106000328,5,0,5
106000329,17,5,12
106000330,2,34,-32
106000428,66,150,-84
106000429,22,71,-49
106000430,51,194,-143
106000431,888,137,751
106000432,45,386,-341
106000433,1099,533,566
106000434,1594,525,1069
106000435,65,429,-364
106000436,0,22,-22
106000437,117,33,84
106000438,22,117,-95
106000439,0,31,-31
106000440,65,109,-44
106000441,3,0,3
106000442,3,1,2
106000443,231,283,-52
106000450,0,0,0
106000451,29,34,-5
106000454,0,0,0
106000455,0,5,-5
106000456,23,1,22
106000457,0,0,0
106000458,517,75,442
106000459,0,0,0
106000460,414,15,399
106000461,0,0,0
106000462,0,0,0
106000463,0,44,-44
106000464,0,0,0
106000465,290,3,287
106000466,0,0,0
106000467,0,70,-70
106000468,37,37,0
106000469,180,0,180
106000470,2,40,-38
106000471,0,0,0
106000472,18,0,18
106000473,0,0,0
106000474,41,86,-45
106000475,313,69,244
106000476,155,212,-57
106000477,0,0,0
106000480,0,0,0
106900001,0,0,0
106900002,0,0,0
106900003,0,0,0
106900004,0,0,0
106900006,0,0,0
106900007,0,0,0
106900008,0,0,0
106900009,0,0,0
106900010,0,0,0
106900012,0,0,0
106900013,0,0,0
106900014,0,0,0
106900015,0,0,0
106900016,0,0,0
106900017,0,0,0
106900018,0,0,0
106900019,18,0,18
106900020,0,0,0
106900021,3,0,3
106900022,0,0,0
106900023,0,0,0
106900024,0,0,0
106900025,0,0,0
106900026,0,0,0
106900027,255,0,255
107000001,1685,2384,-699
107000002,443,711,-268
107000003,3823,3854,-31
107000004,886,687,199
107000005,3401,2783,618
107000006,1166,620,546
107000007,2589,3006,-417
107000008,1143,785,358
107000009,5928,5778,150
107000010,1867,867,1000
107000011,89,82,7
107000012,431,111,320
107000013,0,0,0
107000014,0,0,0
107000015,0,0,0
107000016,0,0,0
107000017,105,97,8
107000018,0,57,-57
107000020,168,312,-144
107000021,161,63,98
107000022,314,378,-64
107000023,456,68,388
107000024,196,582,-386
107000025,123,97,26
107000026,55,116,-61
107000027,442,167,275
107000028,403,356,47
107000029,1455,841,614
107000030,618,627,-9
107000031,1388,635,753
107000032,112,335,-223
107000033,827,949,-122
107000034,383,162,221
107000035,152,86,66
107000036,88,422,-334
107000037,39,433,-394
107000038,58,109,-51
107000039,327,464,-137
107000040,85,35,50
107000041,283,254,29
107000042,170,724,-554
107000043,410,215,195
107000044,65,193,-128
107000045,31,135,-104
107000046,333,139,194
107000047,160,246,-86
107000048,226,196,30
107000049,183,323,-140
107000050,243,199,44
107000051,275,293,-18
107000052,279,333,-54
107000053,285,239,46
107000054,28,169,-141
107000055,169,76,93
107000056,345,517,-172
107000057,578,198,380
107000058,1511,1561,-50
107000059,86,293,-207
107000060,3322,3063,259
107000061,785,608,177
107000062,2948,1367,1581
107000063,614,498,116
107000064,2253,1663,590
107000065,498,599,-101
107000066,1227,1540,-313
107000067,383,334,49
107000068,298,507,-209
107000069,450,765,-315
107000070,293,4,289
107000071,1259,41,1218
107000072,0,99,-99
107000073,251,64,187
107000074,62,46,16
107000075,1143,47,1096
107000076,2,74,-72
107000077,1394,93,1301
107000078,33,162,-129
107000079,1322,260,1062
107000080,53,168,-115
107000081,1209,254,955
107000082,255,211,44
107000083,606,250,356
107000084,76,250,-174
107000085,1146,935,211
107000086,582,755,-173
107000087,870,950,-80
107000088,411,587,-176
107000089,666,743,-77
107000090,153,296,-143
107000091,737,283,454
107000092,158,267,-109
107000093,423,669,-246
107000094,192,175,17
107000095,687,317,370
107000096,87,73,14
107000097,488,160,328
107000098,47,120,-73
107000099,258,218,40
107000100,56,164,-108
107000101,76,192,-116
107000102,140,145,-5
107000103,343,92,251
107000104,50,92,-42
107000105,439,124,315
107000106,61,58,3
107000107,360,159,201
107000108,53,78,-25
107000109,470,44,426
107000110,0,0,0
107000111,306,30,276
107000112,0,0,0
107000113,514,33,481
107000114,0,0,0
107000115,519,97,422
107000116,0,0,0
107000117,25,411,-386
107000118,0,0,0
107000119,246,806,-560
107000120,0,0,0
107000121,491,176,315
107000122,178,128,50
107000123,423,194,229
107000124,214,99,115
107000125,627,101,526
107000126,228,110,118
107000129,32,37,-5
107000130,433,133,300
107000131,127,75,52
107000132,198,105,93
107000133,107,1,106
107000134,85,1,84
107000135,0,101,-101
107000136,336,0,336
107000137,2,83,-81
107000138,16,3,13
107000139,0,108,-108
107000140,416,5,411
107000141,5,86,-81
107000142,67,9,58
107000143,0,67,-67
107000144,139,174,-35
107000145,2,42,-40
107000146,7,42,-35
107000147,332,200,132
107000150,249,876,-627
107000151,17,4,13
107000152,116,578,-462
107000153,2,28,-26
107000154,2,42,-40
107000155,365,10,355
107000156,402,5,397
107000157,0,133,-133
107000158,240,1,239
107000159,0,95,-95
107000160,753,22,731
107000161,14,115,-101
107000162,79,195,-116
107000163,65,18,47
107000164,358,0,358
107000165,572,12,560
107000166,0,97,-97
107000167,225,50,175
107000168,517,55,462
107000169,38,129,-91
107000170,1007,185,822
107000171,39,132,-93
107000172,459,490,-31
107000173,94,57,37
107000174,404,1340,-936
107000175,515,170,345
107000176,0,0,0
107000177,0,0,0
107000178,2,7,-5
107000179,93,177,-84
107000180,1044,84,960
107000181,124,48,76
107000182,1118,66,1052
107000183,95,29,66
107000184,734,103,631
107000185,91,85,6
107000186,366,118,248
107000187,360,282,78
107000188,55,63,-8
107000189,225,150,75
107000190,129,42,87
107000191,364,243,121
107000192,308,33,275
107000193,155,167,-12
107000194,117,118,-1
107000197,442,71,371
107000198,88,61,27
107000199,157,189,-32
107000200,136,181,-45
107000201,95,68,27
107000202,76,239,-163
107000203,69,359,-290
107000204,152,1142,-990
107000205,124,76,48
107000206,56,757,-701
107000207,91,188,-97
107000208,67,118,-51
107000209,92,249,-157
107000210,22,89,-67
107000211,1,22,-21
107000212,0,31,-31
107000213,2,2,0
107000214,1,31,-30
107000215,108,44,64
107000216,92,121,-29
107000217,22,5,17
107000219,8,44,-36
107000220,31,5,26
107000222,18,53,-35
107000224,124,19,105
107000225,16,97,-81
107000226,259,8,251
107000227,23,47,-24
107000228,4,29,-25
107000229,55,27,28
107000230,65,56,9
107000231,233,314,-81
107000232,36,15,21
107000233,58,164,-106
107000234,0,64,-64
107000235,136,1,135
107000236,0,0,0
107000237,25,0,25
107000238,28,1,27
107000239,420,181,239
107000240,20,37,-17
107000243,1,82,-81
107000244,6,0,6
107000246,0,57,-57
107000249,1,27,-26
107000251,0,3,-3
107000252,0,64,-64
107000255,30,1,29
107000257,0,71,-71
107000258,0,28,-28
107000259,0,8,-8
107000260,926,7,919
107000262,0,47,-47
107000263,225,3,222
107000266,15,3,12
107000267,6,21,-15
107000268,6,18,-12
107000269,6,1,5
107000270,72,21,51
107000271,2,0,2
107000272,64,3,61
107000273,0,17,-17
107000274,102,1,101
107000275,22,55,-33
107000280,438,18,420
107000281,8,55,-47
107000282,0,158,-158
107000290,1,1,0
107000291,3,1,2
107000292,0,2,-2
107000293,5,0,5
107000294,0,11,-11
107000295,9,0,9
107000296,0,4,-4
107000444,91,0,91
107000496,0,4,-4
107000497,144,201,-57
107000500,129,73,56
107000501,6,54,-48
107000502,127,61,66
107000505,51,291,-240
107000506,0,0,0
107000508,0,26,-26
107000509,59,286,-227
107000510,5,15,-10
107000514,34,123,-89
107000515,1,23,-22
107000516,353,61,292
107000518,515,403,112
107000519,43,17,26
107000520,38,3,35
107000521,135,21,114
107000522,367,130,237
107900001,0,0,0
107900002,9,0,9
107900003,46,6,40
107900004,1,0,1
107900005,630,0,630
107900006,36,0,36
107900007,145,0,145
107900008,23,0,23
107900009,4,0,4
107900010,0,0,0
107900012,55,0,55
107900013,9,0,9
107900014,11,0,11
107900015,307,4,303
107900016,49,6,43
107900017,2,0,2
107900018,17,73,-56
107900019,29,4,25
107900020,0,0,0
107900021,22,0,22
107900023,2,0,2
107900024,0,0,0
107900025,32,40,-8
107900026,9,1,8
107900027,0,0,0
107900028,6,0,6
107900030,59,8,51
107900031,2,2,0
107900032,6,0,6
107900033,1,3,-2
107900034,44,0,44
107900035,313,7,306
107900036,18,20,-2
107900037,0,0,0
107900038,11,35,-24
107900039,0,0,0
107900040,0,0,0
107900041,0,0,0
107900043,25,8,17
107900044,1,4,-3
107900045,10,29,-19
107900046,71,45,26
107900047,0,0,0
107900048,24,0,24
107900049,6,74,-68
107900050,0,9,-9
107900051,1,2,-1
107900052,0,0,0
107900053,4,3,1
107900055,47,15,32
107900056,1,28,-27
107900057,0,0,0
107900058,1,17,-16
107900060,0,0,0
107900061,0,0,0
107900063,6,32,-26
107900064,68,30,38
107900065,58,0,58
107900066,5,3,2
107900067,0,0,0
107900068,7,125,-118
107900069,0,463,-463
107900070,41,19,22
107900071,2,21,-19
107900072,64,1,63
107900073,0,0,0
107900074,0,0,0
107900076,4,1,3
107900077,1,0,1
107900079,2,0,2
107900080,9,126,-117
107900081,0,0,0
107900082,0,0,0
107900083,62,27,35
107900084,7,8,-1
107900086,3,57,-54
107900087,13,2,11
107900088,10,0,10
107900089,12,37,-25
107900090,0,171,-171
107900091,50,36,14
107900093,0,0,0
107900095,149,208,-59
107900097,2,6,-4
107900098,11,5,6
107900100,24,308,-284
107900101,18,4,14
107900102,6,0,6
107900103,2,6,-4
107900104,0,0,0
107900105,0,39,-39
107900106,0,71,-71
107900107,0,0,0
107900108,12,4,8
107900109,394,4,390
107900110,46,0,46
107900111,0,85,-85
107900112,1,48,-47
107900113,0,0,0
107900114,70,14,56
107900115,0,0,0
107900116,39,37,2
107900117,43,47,-4
107900118,0,2,-2
107900119,23,33,-10
107900120,1,0,1
107900121,0,0,0
107900122,0,0,0
107900123,0,1,-1
107900124,0,0,0
107900125,0,1,-1
107900126,0,0,0
107900127,0,0,0
107900128,5,2,3
107900129,0,0,0
107900130,0,0,0
107900131,3,16,-13
107900132,1,32,-31
107900133,0,0,0
107900134,1,4,-3
107900135,0,1,-1
107900136,0,0,0
107900137,19,16,3
107900138,11,8,3
107900139,0,0,0
107900141,11,3,8
107900142,0,14,-14
107900143,3,0,3
107900144,0,4,-4
107900145,0,0,0
107900146,10,15,-5
107900147,1,2,-1
107900148,0,3,-3
107900149,31,3,28
107900150,1,10,-9
107900151,0,0,0
107900152,0,0,0
107900153,1,58,-57
107900154,11,0,11
107900155,1,0,1
107900156,0,0,0
107900157,0,5,-5
107900158,140,1,139
107900159,3,20,-17
107900160,69,5,64
107900161,1,8,-7
107900162,0,0,0
107900163,0,0,0
107900164,2,0,2
107900165,5,94,-89
107900166,15,10,5
107900167,0,0,0
107900168,1,0,1
107900169,0,1,-1
107900171,0,30,-30
107900172,0,0,0
107900173,3,4,-1
107900174,0,0,0
107900175,0,0,0
107900176,0,0,0
107900177,0,0,0
107900178,0,14,-14
107900179,0,0,0
107900180,9,167,-158
107900181,0,0,0
107900182,0,34,-34
107900183,2,14,-12
107900184,0,0,0
107900185,0,0,0
107900186,1,1,0
107900187,0,4,-4
107900188,269,68,201
107900189,0,0,0
107900190,4,19,-15
107900191,0,0,0
107900193,0,0,0
107900194,0,0,0
107900195,72,5,67
107900196,0,0,0
107900197,1,10,-9
107900199,0,0,0
107900201,0,0,0
107900203,0,0,0
107900204,0,0,0
107900206,4,115,-111
107900207,0,36,-36
107900208,0,37,-37
107900209,1,0,1
107900210,1,0,1
107900213,0,0,0
107900214,0,24,-24
107900215,6,31,-25
107900216,0,0,0
107900217,0,0,0
107900218,0,0,0
107900219,0,0,0
107900220,0,0,0
107900221,0,2,-2
107900223,0,0,0
107900224,30,33,-3
107900225,0,0,0
107900226,0,0,0
107900227,1,17,-16
107900228,0,0,0
107900229,0,0,0
107900230,1,0,1
107900231,0,0,0
107900232,13,3,10
107900233,0,0,0
107900234,0,0,0
107900235,2,10,-8
107900236,0,0,0
107900237,0,0,0
107900238,0,0,0
107900239,34,43,-9
107900240,0,1,-1
107900241,0,0,0
107900242,1,6,-5
107900243,0,0,0
107900244,0,0,0
107900245,174,13,161
107900246,64,1,63
107900248,97,10,87
107900249,161,9,152
107900250,0,17,-17
107900251,0,57,-57
107900252,100,1,99
107900253,23,1,22
107900254,0,11,-11
107900255,17,2,15
107900256,21,0,21
107900257,62,6,56
107900258,10,10,0
107900259,2,457,-455
107900261,0,12,-12
107900262,0,0,0
107900264,111,0,111
107900265,7,30,-23
107900267,64,0,64
107900268,0,0,0
107900269,0,0,0
107900270,0,0,0
107900271,0,0,0
107900272,0,0,0
107900273,16,0,16
107900274,74,0,74
107900275,4,0,4
107900276,0,0,0
107900277,0,0,0
107900278,84,1,83
107900279,0,0,0
107900280,408,52,356
107900281,117,837,-720
107900282,7,216,-209
107900283,199,119,80
107900284,224,43,181
107900285,6,2,4
107900286,0,0,0
107900287,63,20,43
107900290,0,1,-1
107900291,61,0,61
107900292,101,15,86
107900293,63,71,-8
107900295,1,0,1
107900297,0,0,0
107900298,109,124,-15
107900299,54,179,-125
107900301,40,128,-88
107900302,9,18,-9
107900303,71,6,65
107900304,103,0,103
107900305,42,0,42
107900306,0,0,0
107900307,0,0,0
107900308,39,11,28
107900309,0,0,0
107900310,0,0,0
107900311,0,0,0
107900312,0,0,0
107900313,0,0,0
107900314,0,0,0
107900315,0,0,0
107900316,0,0,0
107900317,0,0,0
107900318,0,0,0
107900319,0,2,-2
107900320,0,3,-3
107900321,27,0,27
107900322,0,1,-1
107900323,0,1,-1
107900324,32,0,32
107900325,25,0,25
107900326,88,5,83
107900327,0,0,0
107900328,0,0,0
107900329,0,0,0
107900330,0,17,-17
107900331,168,17,151
107900332,121,0,121
107900333,17,0,17
107900334,0,1,-1
107900335,0,0,0
107900336,2,1,1
107900337,114,174,-60
107900338,0,2,-2
107900339,0,0,0
107900340,0,0,0
107900341,0,0,0
107900342,41,6,35
107900343,8,0,8
107900344,0,1,-1
107900345,19,0,19
107900346,0,0,0
107900347,12,0,12
107900348,1,1,0
107900349,1,0,1
107900350,1,25,-24
107900351,0,0,0
107900352,0,0,0
107900353,0,0,0
107900354,0,4,-4
108000001,2116,1115,1001
108000002,106,154,-48
108000003,2065,942,1123
108000004,1186,2439,-1253
108000005,4951,2229,2722
108000006,672,976,-304
108000007,3842,1428,2414
108000008,812,724,88
108000009,2906,1494,1412
108000010,533,690,-157
108000011,7986,3988,3998
108000012,2365,1584,781
108000014,193,258,-65
108000015,482,76,406
108000016,67,17,50
108000017,763,65,698
108000018,1346,143,1203
108000019,212,123,89
108000020,553,126,427
108000021,27,36,-9
108000022,128,204,-76
108000023,727,63,664
108000024,79,123,-44
108000025,170,6,164
108000026,351,78,273
108000027,249,0,249
108000028,526,76,450
108000029,181,6,175
108000030,185,29,156
108000031,45,22,23
108000032,943,154,789
108000033,64,185,-121
108000034,1309,115,1194
108000035,79,368,-289
108000036,41,86,-45
108000037,1097,52,1045
108000038,1813,163,1650
108000039,56,124,-68
108000040,1046,256,790
108000041,86,192,-106
108000042,285,21,264
108000043,13,1,12
108000044,578,9,569
108000045,51,0,51
108000046,1057,92,965
108000047,81,133,-52
108000048,0,0,0
108000049,538,57,481
108000050,5,19,-14
108000051,199,57,142
108000052,11,39,-28
108000053,226,71,155
108000054,55,241,-186
108000055,458,198,260
108000056,131,160,-29
108000057,252,504,-252
108000058,732,1602,-870
108000059,262,602,-340
108000060,175,274,-99
108000061,113,94,19
108000062,453,124,329
108000063,295,83,212
108000064,162,145,17
108000065,194,137,57
108000066,555,85,470
108000067,897,125,772
108000068,466,146,320
108000069,35,276,-241
108000070,1469,163,1306
108000071,89,403,-314
108000072,1263,189,1074
108000073,207,279,-72
108000074,568,135,433
108000075,122,136,-14
108000076,876,96,780
108000077,151,130,21
108000078,1197,192,1005
108000079,99,280,-181
108000080,1015,234,781
108000081,98,311,-213
108000082,143,153,-10
108000083,695,278,417
108000084,41,76,-35
108000085,437,221,216
108000086,44,40,4
108000087,119,1133,-1014
108000088,396,39,357
108000089,55,60,-5
108000091,19,94,-75
108000092,265,14,251
108000093,25,84,-59
108000094,563,7,556
108000095,7,46,-39
108000096,467,156,311
108000097,68,69,-1
108000098,1003,337,666
108000099,279,104,175
108000100,214,176,38
108000101,578,401,177
108000102,457,1082,-625
108000106,486,0,486
108000107,1,52,-51
108000108,322,24,298
108000109,0,108,-108
108000110,326,19,307
108000111,16,146,-130
108000112,21,180,-159
108000113,212,121,91
108000115,161,22,139
108000117,213,37,176
108000118,44,547,-503
108000119,187,62,125
108000120,53,276,-223
108000121,144,28,116
108000122,361,107,254
108000123,252,22,230
108000124,63,19,44
108000125,377,32,345
108000126,85,21,64
108000127,354,33,321
108000128,258,33,225
108000129,24,24,0
108000130,213,62,151
108000131,446,81,365
108000132,56,50,6
108000133,1083,84,999
108000134,143,28,115
108000135,819,104,715
108000136,25,65,-40
108000137,299,116,183
108000138,50,212,-162
108000139,333,94,239
108000140,354,0,354
108000141,1,25,-24
108000142,10,13,-3
108000143,19,18,1
108000144,666,4,662
108000145,55,19,36
108000146,548,11,537
108000147,1,5,-4
108000148,306,16,290
108000149,3,1,2
108000150,69,26,43
108000151,10,49,-39
108000152,54,25,29
108000153,253,13,240
108000154,22,2,20
108000155,51,16,35
108000156,245,43,202
108000157,13,712,-699
108000158,39,204,-165
108000159,32,52,-20
108000160,960,450,510
108000161,553,644,-91
108000165,18,45,-27
108000172,0,61,-61
108000173,574,667,-93
108000175,227,26,201
108000178,169,317,-148
108000179,120,621,-501
108000181,9,4,5
108000182,67,7,60
108000183,0,26,-26
108000184,66,1184,-1118
108000185,3,3,0
108000186,116,3,113
108000187,0,19,-19
108000188,251,1,250
108000189,199,3442,-3243
108000190,0,0,0
108000192,120,33,87
108000193,11,206,-195
108000194,14,3,11
108000195,0,5,-5
108000196,119,4,115
108000198,265,35,230
108000199,0,0,0
108000200,196,3,193
108000203,1,6,-5
108000204,12,16,-4
108000205,25,4,21
108000339,458,253,205
108000364,69,130,-61
108000365,25,25,0
108000367,42,9,33
108000368,0,0,0
108000369,52,12,40
108000371,0,110,-110
108000372,236,1,235
108000373,48,20,28
108000376,29,24,5
108000377,467,161,306
108000378,5899,5467,432
108000379,0,0,0
108000381,101,10,91
108000382,54,0,54
108000383,0,12,-12
108900001,0,20,-20
108900002,101,3,98
108900003,1,15,-14
108900004,75,112,-37
108900007,115,75,40
108900008,25,18,7
108900009,49,19,30
108900010,75,25,50
108900011,402,24,378
108900012,261,56,205
108900013,66,45,21
108900014,0,14,-14
108900015,0,0,0
108900016,0,0,0
108900017,54,40,14
108900018,40,52,-12
108900019,0,16,-16
108900020,15,11,4
108900021,22,24,-2
108900022,14,0,14
108900023,1,2,-1
108900024,10,1,9
108900025,73,3,70
108900026,0,0,0
108900027,0,5,-5
108900028,23,10,13
108900029,10,6,4
108900030,0,1,-1
108900031,38,13,25
108900032,0,0,0
108900033,0,18,-18
108900034,0,2,-2
108900035,55,34,21
108900038,0,19,-19
108900039,0,6,-6
108900040,4,11,-7
108900041,624,817,-193
108900042,1,10,-9
108900043,0,0,0
108900044,0,9,-9
108900045,32,66,-34
108900046,6,29,-23
108900047,1,5,-4
108900048,3,18,-15
108900049,75,319,-244
108900050,3,39,-36
108900051,0,7,-7
108900052,0,4,-4
108900053,2,68,-66
108900054,0,0,0
108900055,0,16,-16
108900056,0,14,-14
108900057,0,24,-24
108900058,0,14,-14
108900059,130,14,116
108900060,7,61,-54
108900061,0,0,0
108900062,0,33,-33
108900063,0,8,-8
108900064,30,5,25
108900065,5,33,-28
108900066,130,12,118
108900067,1,14,-13
108900068,0,28,-28
108900069,96,2,94
108900070,19,6,13
108900071,82,1,81
108900072,92,50,42
108900073,14,5,9
108900074,68,5,63
108900075,30,0,30
108900076,266,26,240
108900077,7,8,-1
108900078,61,4,57
108900079,65,3,62
108900080,23,130,-107
108900081,0,34,-34
108900082,5,4,1
108900083,0,19,-19
108900085,102,1,101
108900086,15,8,7
108900087,29,26,3
108900088,110,79,31
108900089,2,57,-55
108900090,21,6,15
108900091,34,6,28
108900092,138,42,96
108900093,10,27,-17
108900094,52,9,43
108900095,0,10,-10
108900096,29,0,29
108900097,71,20,51
108900098,195,263,-68
108900099,88,19,69
108900100,1,5,-4
108900101,28,35,-7
108900102,0,261,-261
108900103,19,19,0
108900105,6,444,-438
108900106,148,33,115
108900108,54,12,42
108900109,154,5,149
108900110,9,17,-8
108900111,135,45,90
108900113,22,12,10
108900114,29,0,29
108900115,50,32,18
108900116,2,0,2
108900117,63,2,61
108900118,157,6,151
108900119,195,12,183
108900120,47,45,2
108900121,63,4,59
108900122,55,2,53
108900123,36,22,14
108900124,30,13,17
108900125,166,1,165
108900126,41,23,18
108900127,51,2,49
108900128,147,10,137
108900129,105,1,104
108900130,99,1,98
108900131,224,2,222
108900132,94,1,93
108900133,70,17,53
108900134,330,5,325
108900135,136,2,134
108900136,19,8,11
108900137,83,1,82
108900138,253,8,245
108900140,252,0,252
108900141,156,0,156
108900142,40,0,40
108900143,41,0,41
108900144,82,0,82
108900145,95,13,82
108900146,6,0,6
108900147,245,0,245
108900148,3,1,2
108900150,32,5,27
108900151,0,0,0
108900152,100,0,100
108900153,119,1,118
108900154,1826,125,1701
108900156,14,2,12
108900157,0,22,-22
108900158,93,0,93
108900159,0,22,-22
108900160,3,31,-28
108900161,0,51,-51
108900162,27,0,27
108900163,5,184,-179
108900164,27,20,7
108900168,447,503,-56
108900169,6,11,-5
108900171,268,971,-703
108900172,60,7,53
108900173,23,19,4
108900174,463,52,411
108900176,1,7,-6
108900177,227,673,-446
108900178,262,954,-692
108900180,22,87,-65
108900183,8,14,-6
108900184,187,23,164
108900185,4,59,-55
108900186,23,48,-25
108900189,105,8,97
108900190,0,58,-58
108900192,2,47,-45
108900195,4,12,-8
108900196,3,6,-3
108900199,57,51,6
108900200,192,91,101
108900201,26,135,-109
108900203,160,31,129
108900204,112,3,109
108900205,93,4,89
108900206,33,10,23
108900207,27,19,8
108900208,30,36,-6
108900209,15,40,-25
108900210,0,0,0
108900211,2,39,-37
108900212,6,141,-135
108900215,0,2,-2
108900216,23,11,12
108900217,1,0,1
108900218,4,0,4
108900221,0,0,0
108900224,0,0,0
108900225,0,0,0
108900227,8,61,-53
108900230,11,27,-16
108900232,0,9,-9
108900233,136,5,131
108900234,69,6,63
108900235,0,0,0
108900236,0,0,0
108900240,3,28,-25
108900241,0,5,-5
108900245,0,72,-72
108900250,17,0,17
108900258,0,8,-8
108900259,0,1,-1
108900260,0,0,0
108900261,2,3,-1
108900262,10,4,6
108900263,3,1,2
108900264,2,27,-25
108900265,20,143,-123
108900266,14,233,-219
108900267,0,68,-68
108900268,2,1,1
108900269,13,7,6
108900270,36,0,36
108900271,14,1,13
108900272,100,1,99
108900273,21,142,-121
108900274,6,1,5
109000001,758,2007,-1249
109000002,1,191,-190
109000003,1277,190,1087
109000004,0,104,-104
109000005,999,268,731
109000006,3,96,-93
109000007,946,324,622
109000008,9,68,-59
109000009,1497,536,961
109000010,5,182,-177
109000011,2041,739,1302
109000012,11,113,-102
109000013,2599,1699,900
109000014,56,118,-62
109000015,2554,5315,-2761
109000016,71,186,-115
109000017,1638,456,1182
109000018,41,190,-149
109000019,1352,631,721
109000020,13,68,-55
109000023,49,1,48
109000024,0,21,-21
109000025,45,99,-54
109000026,214,202,12
109000027,28,107,-79
109000028,51,25,26
109000029,60,94,-34
109000030,0,0,0
109000031,239,40,199
109000032,0,1,-1
109000033,207,20,187
109000034,2,0,2
109000035,0,5,-5
109000036,9,53,-44
109000037,67,931,-864
109000038,77,56,21
109000039,183,251,-68
109000040,97,1931,-1834
109000041,181,684,-503
109000042,142,386,-244
109000044,186,3,183
109000045,51,3,48
109000046,228,7,221
109000047,2,0,2
109000048,269,92,177
109000049,10,15,-5
109000050,136,63,73
109000051,4,31,-27
109000052,59,46,13
109000053,463,30,433
109000054,3,63,-60
109000055,5,61,-56
109000056,55,16,39
109000057,60,165,-105
109000058,129,4,125
109000059,0,41,-41
109000060,104,146,-42
109000061,51,992,-941
109000062,17,106,-89
109000063,7,8,-1
109000064,129,17,112
109000065,2,39,-37
109000066,120,7,113
109000067,0,59,-59
109000068,83,0,83
109000069,167,1,166
109000070,0,23,-23
109000071,62,15,47
109000072,63,265,-202
109000073,4,49,-45
109000074,10,121,-111
109000075,61,0,61
109000076,80,143,-63
109000077,83,95,-12
109000078,44,39,5
109000079,37,30,7
109000080,102,15,87
109000081,75,84,-9
109000082,279,7,272
109000083,122,67,55
109000088,125,36,89
109000089,187,21,166
109000090,110,54,56
109000091,159,16,143
109000092,115,200,-85
109000093,157,39,118
109000094,382,0,382
109000095,21,21,0
109000096,591,13,578
109000097,8,23,-15
109000098,44,35,9
109000099,370,7,363
109000100,24,73,-49
109000101,791,242,549
109000102,126,134,-8
109000103,353,94,259
109000104,1050,91,959
109000105,74,100,-26
109000106,879,173,706
109000107,78,82,-4
109000108,962,217,745
109000109,76,61,15
109000110,406,331,75
109000111,148,267,-119
109000112,12,20,-8
109000113,144,20,124
109000114,136,99,37
109000115,347,27,320
109000116,13,107,-94
109000117,132,3,129
109000118,0,79,-79
109000119,593,11,582
109000120,32,58,-26
109000121,384,30,354
109000122,38,41,-3
109000123,11,17,-6
109000124,301,70,231
109000125,687,67,620
109000126,19,40,-21
109000127,1405,61,1344
109000128,37,25,12
109000129,1070,95,975
109000130,38,70,-32
109000131,614,429,185
109000132,117,290,-173
109000133,25,35,-10
109000134,10,41,-31
109000135,14,16,-2
109000136,128,128,0
109000137,321,36,285
109000138,154,63,91
109000139,188,20,168
109000140,119,106,13
109000141,351,43,308
109000142,20,61,-41
109000143,4,21,-17
109000145,2,8,-6
109000146,17,12,5
109000148,0,0,0
109000149,16,117,-101
109000150,106,149,-43
109000155,159,287,-128
109000156,173,8,165
109000158,8,190,-182
109000159,2,42,-40
109000160,309,43,266
109000161,281,118,163
109000162,554,108,446
109000163,552,91,461
109000164,627,537,90
109000165,561,220,341
109000166,368,11,357
109000167,25,34,-9
109000170,3,11,-8
109000171,22,2,20
109000172,0,5,-5
109000173,1,6,-5
109000174,6,4,2
109000175,59,14,45
109000176,113,112,1
109000177,18,9,9
109000178,245,73,172
109000179,453,781,-328
109000180,682,337,345
109000181,47,4,43
109000182,23,12,11
109000183,2,6,-4
109000184,79,111,-32
109000185,32,104,-72
109000188,131,149,-18
109000189,491,39,452
109000190,102,163,-61
109000191,231,66,165
109000192,230,6,224
109000193,71,11,60
109000194,66,3,63
109000195,25,9,16
109000196,71,0,71
109000197,67,11,56
109000198,106,5,101
109000199,28,7,21
109000206,92,12,80
109000207,71,10,61
109000208,43,41,2
109000209,41,22,19
109000210,17,18,-1
109000211,277,229,48
109000214,207,175,32
109000215,120,24,96
109000216,183,178,5
109000217,1,0,1
109000218,6,27,-21
109000221,7,62,-55
109000222,366,34,332
109000223,132,276,-144
109000224,65,32,33
109000225,119,17,102
109000226,277,45,232
109000227,512,122,390
109000228,0,2,-2
109000231,18,27,-9
109000232,273,32,241
109000236,11,35,-24
109000241,716,198,518
109000242,443,129,314
109000293,5,22,-17
109000361,132,19,113
109000364,9,8,1
109000396,0,65,-65
109000397,591,0,591
109000399,194,116,78
109000400,12,50,-38
109000403,0,615,-615
109000406,89,0,89
109000407,28,47,-19
109000408,0,51,-51
109000410,0,0,0
109000411,175,6,169
109000412,0,1,-1
109900001,0,0,0
109900002,124,1,123
109900003,192,2,190
109900005,7,0,7
109900006,211,14,197
109900007,313,3,310
109900008,0,0,0
109900009,0,5,-5
109900010,0,0,0
109900011,1,20,-19
109900012,21,17,4
109900013,53,33,20
109900014,52,9,43
109900015,43,10,33
109900016,32,0,32
109900017,48,27,21
109900018,7,0,7
109900019,45,1,44
109900020,3,2,1
109900021,1,0,1
109900022,150,26,124
109900023,10,0,10
109900024,3,0,3
109900025,0,0,0
109900027,1,1,0
109900028,10,105,-95
109900029,0,6,-6
109900030,1,0,1
109900031,0,21,-21
109900032,0,0,0
109900033,0,25,-25
109900034,8,1,7
109900035,7,4,3
109900036,0,0,0
109900037,0,0,0
109900038,1,5,-4
109900039,21,0,21
109900040,0,0,0
109900041,13,4,9
109900042,0,0,0
109900044,19,4,15
109900045,12,6,6
109900046,123,6,117
109900047,28,33,-5
109900048,1,2,-1
109900049,0,1,-1
109900050,0,2,-2
109900051,0,2,-2
109900052,4,5,-1
109900053,0,11,-11
109900054,313,10,303
109900055,14,21,-7
109900056,0,0,0
109900057,0,6,-6
109900058,0,0,0
109900060,185,5,180
109900061,1,4,-3
109900062,0,0,0
109900064,40,13,27
109900065,1,0,1
109900066,2,20,-18
109900067,0,0,0
109900068,33,0,33
109900069,0,0,0
109900071,0,0,0
109900072,0,2,-2
109900073,93,4,89
109900074,0,1,-1
109900075,0,0,0
109900076,0,2,-2
109900077,1,43,-42
109900078,3,12,-9
109900080,15,5,10
109900081,1,8,-7
109900082,0,8,-8
109900083,1,0,1
109900084,0,0,0
109900085,21,17,4
109900086,2,194,-192
109900087,6,23,-17
109900089,49,2,47
109900092,0,0,0
109900093,57,2,55
109900094,0,0,0
109900095,13,22,-9
109900096,67,0,67
109900097,48,0,48
109900098,55,0,55
109900099,220,0,220
109900100,0,0,0
109900101,277,1,276
109900102,0,0,0
109900103,4,5,-1
109900104,377,12,365
109900105,0,0,0
109900106,0,0,0
109900107,0,0,0
109900108,0,0,0
109900109,0,0,0
109900111,2,16,-14
109900114,93,32,61
109900115,19,15,4
109900117,336,10,326
109900121,15,2,13
109900123,0,1,-1
109900125,0,21,-21
109900126,127,2,125
109900130,182,357,-175
109900131,1,2,-1
109900132,0,2,-2
109900134,0,0,0
109900135,0,0,0
109900137,25,4,21
109900140,21,5,16
109900149,0,2,-2
109900150,0,2,-2
109900151,0,1,-1
109900152,1,2,-1
109900153,0,19,-19
109900154,0,0,0
109900155,34,0,34
109900157,2,10,-8
109900159,34,7,27
109900161,36,6,30
109900162,23,23,0
109900163,105,39,66
109900164,59,71,-12
109900165,45,0,45
109900166,0,43,-43
109900167,19,44,-25
109900168,38,46,-8
109900169,0,0,0
109900170,4,254,-250
109900171,27,25,2
109900172,8,34,-26
109900173,48,181,-133
109900174,0,2,-2
109900175,0,0,0
109900176,0,0,0
109900177,0,0,0
109900178,0,0,0
109900179,0,0,0
109900180,0,1,-1
110000001,93,43,50
110000002,330,715,-385
110000003,107,163,-56
110000004,331,698,-367
110000005,176,1065,-889
110000006,151,417,-266
110000007,25,4,21
110000008,2,5,-3
110000009,1,3,-2
110000010,36,20,16
110000011,0,13,-13
110000012,61,101,-40
110000013,27,237,-210
110000014,166,67,99
110000015,42,227,-185
110000016,193,693,-500
110000017,1006,252,754
110000018,180,112,68
110000019,2,17,-15
110000020,140,48,92
110000021,53,63,-10
110000022,120,9,111
110000023,1,38,-37
110000024,87,35,52
110000025,359,0,359
110000026,1,75,-74
110000027,105,228,-123
110000028,608,176,432
110000029,18,149,-131
110000030,135,239,-104
110000031,69,64,5
110000032,351,100,251
110000033,44,30,14
110000034,156,145,11
110000035,171,176,-5
110000036,285,142,143
110000037,16,193,-177
110000038,51,140,-89
110000039,411,1152,-741
110000040,163,60,103
110000041,216,959,-743
110000042,17,93,-76
110000043,268,197,71
110000044,2,23,-21
110000045,12,59,-47
110000046,15,1,14
110000047,2,17,-15
110000048,4,10,-6
110000049,2,22,-20
110000050,0,6,-6
110000051,2,3,-1
110000052,42,60,-18
110000053,2,4,-2
110000054,7,47,-40
110000055,95,81,14
110000056,46,71,-25
110000057,58,84,-26
110000058,314,211,103
110000059,120,107,13
110000060,718,242,476
110000061,84,104,-20
110000062,555,242,313
110000063,35,44,-9
110000064,36,14,22
110000065,38,47,-9
110000066,14,5,9
110000067,6,32,-26
110000068,35,38,-3
110000069,197,2,195
110000071,86,1,85
110000073,5,1,4
110000075,1,1,0
110000076,112,94,18
110000077,69,180,-111
110000078,49,6,43
110000080,64,97,-33
110000081,10,57,-47
110000082,2,130,-128
110000083,70,76,-6
110000084,416,506,-90
110000085,478,301,177
110000086,433,625,-192
110000087,16,14,2
110000088,30,31,-1
110000089,118,12,106
110000090,9,4,5
110000091,34,12,22
110000092,0,0,0
110000093,49,12,37
110000094,199,16,183
110000095,60,259,-199
110000096,241,310,-69
110000097,326,577,-251
110000098,680,120,560
110000099,193,171,22
110000100,333,1,332
110000101,0,17,-17
110000102,26,15,11
110000104,111,56,55
110000105,38,29,9
110000106,93,212,-119
110000107,59,85,-26
110000108,77,94,-17
110000109,2,42,-40
110000110,560,619,-59
110000111,319,534,-215
110000112,164,129,35
110000113,26,549,-523
110000114,66,210,-144
110000115,172,62,110
110000116,14,15,-1
110000117,126,38,88
110000118,261,23,238
110000119,92,29,63
110000120,86,26,60
110000121,7,98,-91
110000122,310,239,71
110000123,362,154,208
110000124,0,56,-56
110000125,315,0,315
110000126,95,2,93
110000127,429,13,416
110000128,0,1,-1
110000129,0,100,-100
110000130,139,54,85
110000131,16,149,-133
110000132,3,92,-89
110000133,2,64,-62
110000134,0,23,-23
110000135,96,22,74
110000136,38,42,-4
110000137,236,33,203
110000138,120,54,66
110000139,467,56,411
110000140,488,163,325
110000143,199,64,135
110000144,921,366,555
110000145,361,287,74
110000146,439,122,317
110000147,20,305,-285
110000148,245,30,215
110000151,155,712,-557
110000152,468,807,-339
110000153,0,0,0
110000154,0,0,0
110000155,294,323,-29
110000156,100,319,-219
110000157,144,512,-368
110000160,143,86,57
110000161,42,72,-30
110000166,239,3,236
110000167,573,254,319
110000168,374,242,132
110000169,242,124,118
110000170,38,46,-8
110000171,218,14,204
110000172,76,128,-52
110000173,217,268,-51
110000174,41,59,-18
110000175,324,32,292
110000176,49,272,-223
110000177,35,386,-351
110000178,197,832,-635
110000179,122,198,-76
110000180,15,97,-82
110000181,167,44,123
110000182,84,2,82
110000183,2170,2445,-275
110000184,44,1119,-1075
110000185,97,187,-90
110000186,77,94,-17
110000191,687,52,635
110000192,256,1,255
110000193,593,1,592
110000194,0,78,-78
110000195,265,4,261
110000196,170,9,161
110000197,15,22,-7
110000198,32,2,30
110000199,11,28,-17
110000200,174,42,132
110000201,255,333,-78
110000202,383,138,245
110000203,42,17,25
110000204,3,18,-15
110000205,131,12,119
110000206,45,27,18
110000207,816,17,799
110000208,25,35,-10
110000209,13,19,-6
110000210,826,136,690
110000211,372,161,211
110000212,101,489,-388
110000213,87,5,82
110000214,81,12,69
110000215,1,37,-36
110000216,14,64,-50
110000217,205,11,194
110000218,22,49,-27
110000219,160,28,132
110000220,3,10,-7
110000221,156,5,151
110000222,4,58,-54
110000223,8,24,-16
110000224,1,0,1
110000225,45,114,-69
110000226,93,19,74
110000227,13,128,-115
110000228,48,10,38
110000229,0,20,-20
110000230,301,225,76
110000231,135,73,62
110000232,23,72,-49
110000233,82,76,6
110000234,91,77,14
110000235,197,266,-69
110000236,0,0,0
110000237,388,109,279
110000238,502,218,284
110000239,443,153,290
110000240,0,4,-4
110000242,0,2,-2
110000243,25,14,11
110000244,0,11,-11
110000245,0,51,-51
110000246,306,86,220
110000247,181,125,56
110000248,199,43,156
110000249,61,13,48
110000250,2,33,-31
110000251,42,65,-23
110000252,135,25,110
110000253,520,145,375
110000254,160,85,75
110000255,35,43,-8
110000256,121,53,68
110000257,76,1,75
110000258,2,34,-32
110000259,27,1,26
110000260,22,41,-19
110000263,115,9,106
110000264,233,89,144
110000265,614,212,402
110000266,629,564,65
110000267,0,0,0
110000268,42,0,42
110000269,0,0,0
110000270,14,0,14
110000271,260,5,255
110000272,192,137,55
110000273,95,171,-76
110000274,51,692,-641
110000275,209,65,144
110000276,31,225,-194
110000277,173,17,156
110000278,94,96,-2
110000279,491,76,415
110000280,248,80,168
110000281,21,12,9
110000282,67,1,66
110000283,10,19,-9
110000284,0,0,0
110000285,0,11,-11
110000286,0,0,0
110000287,6,0,6
110000288,0,0,0
110000289,108,799,-691
110000290,34,58,-24
110000291,208,134,74
110000292,264,1553,-1289
110000293,365,224,141
110000294,668,221,447
110000295,54,191,-137
110000296,259,19,240
110000297,525,17,508
110000298,3,21,-18
110000299,30,20,10
110000301,281,21,260
110000302,44,64,-20
110000303,335,3,332
110000304,47,20,27
110000305,564,2,562
110000306,2,28,-26
110000307,597,1,596
110000308,180,17,163
110000309,0,87,-87
110000310,381,9,372
110000311,12,186,-174
110000312,224,12,212
110000313,374,111,263
110000314,0,40,-40
110000315,359,516,-157
110000316,4,240,-236
110000317,6,18,-12
110000318,0,13,-13
110000319,1,1,0
110000320,2,12,-10
110000321,18,4,14
110000322,47,57,-10
110000323,168,80,88
110000324,154,80,74
110000325,898,1022,-124
110000327,82,7,75
110000328,3,18,-15
110000333,269,424,-155
110000334,37,113,-76
110000335,120,55,65
110000336,46,66,-20
110000337,791,55,736
110000338,162,100,62
110000339,207,18,189
110000340,1,8,-7
110000341,186,2,184
110000342,20,0,20
110000343,0,0,0
110000344,0,1,-1
110000345,7,68,-61
110000346,729,385,344
110000347,938,210,728
110000348,1,2,-1
110000349,1,1,0
110000350,23,0,23
110000351,528,130,398
110000352,186,460,-274
110000353,954,91,863
110000354,116,895,-779
110000355,2,0,2
110000356,190,1,189
110000357,250,4,246
110000361,0,0,0
110000362,0,0,0
110000363,232,4,228
110000364,118,79,39
110000365,27,2,25
110000366,0,5,-5
110000367,31,32,-1
110000368,0,9,-9
110000369,36,0,36
110000373,0,14,-14
110000374,5,15,-10
110000375,33,114,-81
110000376,23,31,-8
110000377,53,151,-98
110000378,0,68,-68
110000379,941,1321,-380
110000380,249,1,248
110000383,0,35,-35
110000384,344,21,323
110000385,0,56,-56
110000387,17,0,17
110000388,1,39,-38
110000389,476,0,476
110000391,338,8,330
110000396,29,8,21
110000397,75,3,72
110000398,0,23,-23
110000399,68,3,65
110000587,42,10,32
110000589,122,27,95
110000640,78,1,77
110000652,0,28,-28
110000653,66,24,42
110000654,0,0,0
110000656,0,0,0
110000674,0,0,0
110000675,0,0,0
110000676,0,0,0
110000679,22,24,-2
110000682,42,114,-72
110000683,234,99,135
110000684,0,0,0
110000685,0,5,-5
110000686,0,0,0
110000687,1,0,1
110000688,8,166,-158
110000689,52,4,48
110000692,2,37,-35
110000693,16,124,-108
110000694,0,1,-1
110000695,3,33,-30
110000696,41,12,29
110000698,99,631,-532
110000699,57,149,-92
110900001,43,0,43
110900002,19,1,18
110900003,190,0,190
110900004,129,0,129
110900005,0,0,0
110900006,25,7,18
110900007,30,4,26
110900008,0,0,0
110900009,9,78,-69
110900010,0,0,0
110900011,4,0,4
110900012,0,0,0
110900013,170,14,156
110900014,51,0,51
110900015,27,179,-152
110900016,0,0,0
110900017,159,4,155
110900018,30,4,26
110900019,16,0,16
110900020,0,0,0
110900021,0,0,0
110900022,0,1,-1
110900023,3,38,-35
110900024,0,0,0
110900025,0,0,0
110900027,0,0,0
110900028,0,0,0
110900029,0,2,-2
110900030,0,0,0
110900031,0,0,0
110900032,0,0,0
110900033,0,1,-1
110900035,0,0,0
110900036,9,0,9
110900037,20,0,20
110900038,0,0,0
110900039,0,0,0
110900040,34,1,33
110900041,0,0,0
110900042,0,0,0
110900043,0,0,0
110900044,0,0,0
110900045,0,0,0
110900046,0,0,0
110900047,0,0,0
110900049,3,7,-4
110900050,16,0,16
110900051,0,0,0
110900052,0,0,0
110900053,0,0,0
110900054,0,0,0
110900055,0,0,0
110900056,0,0,0
110900057,0,0,0
110900058,0,0,0
110900059,4,1,3
110900060,42,3,39
110900061,0,0,0
110900062,0,0,0
110900063,1,4,-3
110900064,0,0,0
110900065,15,33,-18
110900066,1,7,-6
110900067,0,0,0
110900068,0,0,0
110900069,0,3,-3
110900070,0,0,0
110900071,0,3,-3
110900073,0,2,-2
110900074,153,0,153
110900075,49,15,34
110900077,202,56,146
110900078,0,0,0
110900079,247,259,-12
110900080,57,11,46
110900081,0,0,0
110900082,22,4,18
110900083,3,3,0
110900084,0,0,0
110900085,1,33,-32
110900086,7,23,-16
110900087,53,16,37
110900088,3,0,3
110900090,0,0,0
110900091,0,0,0
110900093,9,2,7
110900095,5,6,-1
110900097,5,1,4
110900098,0,12,-12
110900099,2,22,-20
110900100,0,8,-8
110900102,26,26,0
110900105,38,6,32
110900108,5,7,-2
110900111,6,1,5
110900112,135,0,135
110900113,12,5,7
110900115,0,1,-1
110900116,161,49,112
110900118,2,407,-405
110900119,40,0,40
110900120,0,0,0
110900121,33,0,33
110900122,10,0,10
110900125,48,125,-77
110900127,0,0,0
110900128,55,61,-6
110900129,2,108,-106
110900130,4,210,-206
110900131,65,2,63
110900132,62,2,60
110900133,0,0,0
110900135,0,1,-1
110900136,17,0,17
110900138,0,0,0
110900139,0,0,0
110900140,0,0,0
110900141,8,11,-3
110900142,0,0,0
110900143,13,1,12
110900144,0,0,0
110900145,11,40,-29
110900146,9,29,-20
110900147,0,0,0
110900148,0,0,0
110900149,0,0,0
110900150,0,13,-13
110900151,0,3,-3
110900152,1,12,-11
110900153,56,8,48
111000001,430,307,123
111000002,108,3,105
111000003,795,381,414
111000004,2,30,-28
111000005,541,666,-125
111000006,32,27,5
111000007,1170,1255,-85
111000008,108,91,17
111000009,36,131,-95
111000010,488,259,229
111000011,6,380,-374
111000012,77,211,-134
111000013,51,452,-401
111000014,566,124,442
111000017,2,87,-85
111000018,10,12,-2
111000020,2,6,-4
111000021,14,47,-33
111000023,24,82,-58
111000025,218,332,-114
111000029,0,2,-2
111000030,0,3,-3
111000031,787,328,459
111000032,330,115,215
111000033,93,23,70
111000034,12,75,-63
111000037,95,1,94
111000038,434,342,92
111000039,386,312,74
111000040,420,322,98
111000041,116,195,-79
111000042,214,474,-260
111000043,892,1014,-122
111000044,820,125,695
111000045,1217,512,705
111000046,573,431,142
111000047,1122,2104,-982
111000049,36,43,-7
111000050,129,55,74
111000051,46,42,4
111000052,38,57,-19
111000053,49,83,-34
111000054,99,68,31
111000055,0,0,0
111000056,72,63,9
111000057,13,31,-18
111000058,211,6,205
111000059,237,53,184
111000060,2595,227,2368
111000061,268,67,201
111000062,583,70,513
111000063,748,297,451
111000064,768,125,643
111000065,866,208,658
111000066,267,61,206
111000067,189,31,158
111000068,70,32,38
111000069,62,117,-55
111000070,76,92,-16
111000071,23,8,15
111000072,780,318,462
111000073,159,538,-379
111000074,821,409,412
111000075,280,81,199
111000076,398,144,254
111000077,555,291,264
111000078,413,120,293
111000079,264,41,223
111000080,111,76,35
111000081,255,830,-575
111000082,349,85,264
111000084,192,154,38
111000085,459,479,-20
111000086,550,295,255
111000087,387,194,193
111000088,532,515,17
111000089,334,277,57
111000090,237,248,-11
111000091,289,132,157
111000092,655,193,462
111000093,315,196,119
111000094,561,196,365
111000095,221,876,-655
111000096,395,2639,-2244
111000097,124,158,-34
111000098,109,88,21
111000099,65,131,-66
111000100,83,89,-6
111000101,50,104,-54
111000102,8,20,-12
111000104,226,17,209
111000107,1,45,-44
111000109,187,8,179
111000110,284,81,203
111000111,1447,54,1393
111000112,810,46,764
111000113,358,702,-344
111000114,356,1081,-725
111000115,1070,258,812
111000116,110,66,44
111000117,116,57,59
111000118,262,74,188
111000119,574,64,510
111000120,160,129,31
111000121,141,158,-17
111000122,136,112,24
111000123,165,109,56
111000124,91,306,-215
111000125,20,139,-119
111000126,145,188,-43
111000127,454,12,442
111000128,1102,43,1059
111000129,1592,112,1480
111000130,1580,121,1459
111000131,1327,79,1248
111000132,939,432,507
111000133,53,10,43
111000134,54,16,38
111000135,2,76,-74
111000136,397,42,355
111000138,1,3,-2
111000140,6,0,6
111000141,26,1,25
111000142,0,7,-7
111000143,0,4,-4
111000144,0,8,-8
111000145,40,0,40
111000146,51,0,51
111000147,19,0,19
111000148,24,11,13
111000149,9,40,-31
111000150,0,1,-1
111000151,0,13,-13
111000153,105,28,77
111000154,37,39,-2
111000155,103,36,67
111000156,318,89,229
111000157,112,223,-111
111000158,408,361,47
111000159,657,385,272
111000160,224,39,185
111000161,1,80,-79
111000162,12,6,6
111000163,77,63,14
111000164,27,299,-272
111000165,192,34,158
111000166,18,10,8
111000167,2,39,-37
111000168,40,50,-10
111000169,112,26,86
111000170,60,27,33
111000171,69,29,40
111000172,66,61,5
111000173,61,97,-36
111000174,11,15,-4
111000175,48,83,-35
111000176,161,20,141
111000177,263,37,226
111000178,772,60,712
111000179,295,21,274
111000180,71,160,-89
111000181,292,51,241
111000182,80,28,52
111000183,50,35,15
111000184,164,17,147
111000185,69,23,46
111000186,60,2,58
111000187,88,10,78
111000188,170,41,129
111000189,10,77,-67
111000190,13,19,-6
111000191,16,10,6
111000192,78,26,52
111000193,11,7,4
111000194,0,5,-5
111000195,6,41,-35
111000196,2,27,-25
111000197,319,15,304
111000198,272,1,271
111000199,183,61,122
111000200,403,68,335
111000201,250,32,218
111000202,213,20,193
111000203,215,39,176
111000204,154,594,-440
111000213,137,100,37
111000214,307,105,202
111000215,261,195,66
111000217,606,70,536
111000218,462,133,329
111000219,65,9,56
111000220,140,80,60
111000221,67,16,51
111000224,0,12,-12
111000225,444,349,95
111000226,13,2,11
111000227,0,1,-1
111000228,1,440,-439
111000229,1,457,-456
111000230,45,25,20
111000231,374,64,310
111000232,325,176,149
111000233,303,102,201
111000234,28,114,-86
111000239,0,0,0
111000240,33,112,-79
111000241,0,0,0
111000242,11,26,-15
111000243,0,0,0
111000244,423,21,402
111000245,322,29,293
111000246,336,42,294
111000247,216,65,151
111000248,450,94,356
111000249,185,27,158
111000250,83,2,81
111000251,68,8,60
111000253,1,1,0
111000255,7,1,6
111000257,22,1,21
111000260,0,0,0
111000261,424,18,406
111000271,3,43,-40
111000273,446,230,216
111000274,366,316,50
111000275,38,6,32
111000276,190,497,-307
111000277,98,60,38
111000278,213,27,186
111000291,640,3794,-3154
111000298,181,79,102
111000299,53,15,38
111000300,12,7,5
111000302,97,44,53
111000303,107,37,70
111000312,52,7,45
111000315,0,24,-24
111000320,48,56,-8
111000321,161,46,115
111000322,177,51,126
111000323,167,6,161
111000324,118,63,55
111000325,1,30,-29
111000326,50,47,3
111000327,140,144,-4
111000328,65,92,-27
111000329,1,13,-12
111000330,6,3,3
111000331,7,2,5
111000332,114,152,-38
111000334,31,77,-46
111000335,374,15,359
111000337,567,16,551
111000338,7,2,5
111000339,210,12,198
111000340,1,51,-50
111000341,579,176,403
111000342,3,78,-75
111000344,500,109,391
111000345,16,6,10
111000346,1,19,-18
111000347,71,0,71
111000350,52,131,-79
111000351,5,94,-89
111000352,15,18,-3
111000353,3,83,-80
111000354,57,25,32
111000355,11,128,-117
111000358,37,59,-22
111000360,58,43,15
111000361,38,3,35
111000546,101,1,100
111000547,126,56,70
111000548,2,9,-7
111000549,88,9,79
111000550,1,86,-85
111000551,12,15,-3
111000552,70,1,69
111000907,510,10,500
111000908,15,0,15
111000916,525,24,501
111000917,1,6,-5
111000918,22,32,-10
111000920,150,2,148
111000921,0,2,-2
111000922,59,2,57
111000924,1,118,-117
111000925,2060,591,1469
111000926,428,286,142
111000927,1187,1196,-9
111000928,800,438,362
111000929,1133,339,794
111000930,285,461,-176
111000931,1210,476,734
111000932,611,423,188
111000933,1927,1124,803
111000934,251,483,-232
111000935,1011,196,815
111000936,219,287,-68
111000937,590,345,245
111000938,345,300,45
111000939,321,3,318
111000940,272,41,231
111000941,79,25,54
111000943,264,86,178
111000944,36,52,-16
111000945,164,3,161
111001109,155,120,35
111001110,40,1,39
111001111,21,2,19
111001112,154,36,118
111001113,0,46,-46
111001114,85,63,22
111001115,0,0,0
111001116,425,2209,-1784
111001117,22,84,-62
111001120,39,12,27
111001121,1,14,-13
111001122,58,44,14
111001123,125,50,75
111001124,31,9,22
111001125,9,342,-333
111001126,1,0,1
111001127,0,0,0
111001128,338,74,264
111900001,0,0,0
111900002,0,11,-11
111900003,0,10,-10
111900004,2,36,-34
111900006,0,0,0
111900007,0,0,0
111900008,0,0,0
111900009,28,0,28
111900010,5,0,5
111900012,1,0,1
111900013,3,3,0
111900014,254,1248,-994
111900015,0,1,-1
111900016,0,0,0
111900017,0,2,-2
111900018,44,18,26
111900019,1,45,-44
111900020,0,2,-2
111900021,0,1,-1
111900022,0,1,-1
111900023,42,3,39
111900024,47,0,47
111900025,0,2,-2
111900026,0,9,-9
111900027,0,5,-5
111900028,0,0,0
111900029,0,6,-6
111900030,0,0,0
111900032,0,0,0
111900033,0,2,-2
111900034,0,0,0
111900035,0,0,0
111900036,0,0,0
111900038,0,0,0
111900039,0,0,0
111900040,0,0,0
111900042,0,0,0
111900043,0,0,0
111900044,0,0,0
111900046,0,0,0
111900048,108,31,77
111900049,0,0,0
111900050,0,0,0
111900051,1,3,-2
111900052,0,0,0
111900053,42,511,-469
111900054,0,0,0
111900055,0,43,-43
111900056,27,82,-55
111900057,45,14,31
111900058,161,3,158
111900059,99,28,71
111900060,0,0,0
111900061,0,13,-13
111900062,28,9,19
111900063,69,0,69
111900064,3,12,-9
111900065,57,13,44
111900066,2,0,2
111900067,0,0,0
111900068,9,13,-4
111900069,30,1,29
111900070,21,0,21
111900071,0,0,0
111900072,23,8,15
111900073,57,4,53
111900074,0,0,0
111900075,92,2,90
111900076,27,2,25
111900077,31,0,31
111900078,43,0,43
111900079,15,8,7
111900080,0,0,0
111900082,150,7,143
111900083,23,1,22
111900084,117,1,116
111900085,0,0,0
111900086,147,2,145
111900087,22,0,22
111900088,116,1,115
111900089,54,0,54
111900090,0,0,0
111900091,438,0,438
111900092,74,0,74
111900093,116,0,116
111900094,81,0,81
111900095,0,0,0
111900096,226,1,225
111900097,66,0,66
111900098,60,0,60
111900099,38,0,38
111900100,0,0,0
111900101,1,0,1
111900102,36,1,35
111900103,0,0,0
111900104,0,0,0
111900105,3,0,3
111900106,75,21,54
111900110,0,0,0
111900111,34,8,26
111900112,0,0,0
111900113,42,21,21
111900118,32,3,29
111900119,0,10,-10
111900122,26,16,10
111900123,0,3,-3
111900124,13,5,8
111900125,35,5,30
111900126,33,0,33
111900127,0,0,0
111900128,0,0,0
111900129,71,0,71
111900130,0,0,0
111900131,27,0,27
111900132,0,0,0
111900133,0,0,0
111900134,0,0,0
111900135,0,0,0
111900136,0,0,0
111900137,13,1,12
111900138,0,23,-23
111900139,2,9,-7
111900140,53,18,35
111900141,17,0,17
111900142,26,1,25
111900143,5,0,5
111900144,0,0,0
111900145,0,0,0
111900146,0,0,0
111900147,0,0,0
111900148,0,0,0
111900149,0,0,0
111900150,0,0,0
111900151,0,0,0
111900152,0,0,0
111900153,0,0,0
111900154,0,0,0
111900155,0,0,0
111900156,0,0,0
111900157,0,0,0
111900158,0,0,0
111900159,0,0,0
111900160,0,0,0
111900161,7,0,7
111900162,0,0,0
111900163,0,0,0
111900164,0,0,0
111901113,63,0,63
111901114,26,0,26
111901115,0,0,0
111901116,0,0,0
111901117,0,0,0
111901118,0,0,0
111901119,0,0,0
111901121,0,0,0
111901122,22,0,22
111901123,114,1,113
111901124,0,0,0
111901125,280,113,167
111901127,0,0,0
111901128,0,0,0
111901129,0,0,0
111901130,0,0,0
111901131,0,70,-70
111901132,6,12,-6
111901133,0,0,0
111901134,0,0,0
111901135,0,0,0
111901138,0,0,0
111901139,0,0,0
111901140,0,0,0
111901141,0,0,0
111901142,0,0,0
111901143,0,0,0
111901144,0,0,0
111901145,0,0,0
111901146,0,0,0
111901147,5,3,2
111901148,0,3,-3
111901149,0,0,0
111901150,0,0,0
111901151,0,0,0
111901152,0,0,0
112000001,1484,829,655
112000002,182,163,19
112000003,653,322,331
112000004,44,93,-49
112000005,2526,1804,722
112000006,130,61,69
112000007,1832,1271,561
112000008,1416,2494,-1078
112000009,1822,510,1312
112000010,1110,2599,-1489
112000011,706,310,396
112000012,2021,3970,-1949
112000013,800,413,387
112000014,183,2690,-2507
112000015,358,782,-424
112000016,348,1297,-949
112000017,145,441,-296
112000024,57,198,-141
112000026,310,456,-146
112000027,400,519,-119
112000028,305,85,220
112000029,93,471,-378
112000030,3,1,2
112000031,274,1638,-1364
112000032,15,0,15
112000033,326,1248,-922
112000034,4,3,1
112000035,2,25,-23
112000036,35,688,-653
112000037,28,80,-52
112000038,108,460,-352
112000039,88,30,58
112000040,4,24,-20
112000041,60,159,-99
112000042,309,48,261
112000050,603,562,41
112000051,696,723,-27
112000054,396,504,-108
112000057,54,22,32
112000058,20,182,-162
112000059,118,165,-47
112000061,463,239,224
112000062,165,404,-239
112000063,267,370,-103
112000064,597,511,86
112000065,331,152,179
112000066,704,712,-8
112000067,15,64,-49
112000068,1052,828,224
112000069,10,163,-153
112000070,152,276,-124
112000071,177,103,74
112000072,859,210,649
112000073,94,181,-87
112000074,424,181,243
112000075,777,376,401
112000076,752,229,523
112000077,640,118,522
112000078,674,168,506
112000079,1021,393,628
112000080,215,228,-13
112000081,244,485,-241
112000082,485,534,-49
112000083,201,313,-112
112000084,523,336,187
112000085,695,194,501
112000086,1247,372,875
112000087,249,58,191
112000088,339,132,207
112000089,59,70,-11
112000090,76,82,-6
112000091,161,78,83
112000092,1080,118,962
112000093,319,72,247
112000094,550,123,427
112000095,371,60,311
112000096,598,96,502
112000097,882,208,674
112000098,17,38,-21
112000099,211,915,-704
112000100,1085,127,958
112000101,20,41,-21
112000102,520,98,422
112000103,58,62,-4
112000105,72,57,15
112000106,1129,54,1075
112000107,76,7,69
112000108,223,181,42
112000109,109,58,51
112000110,573,123,450
112000111,106,204,-98
112000112,801,72,729
112000113,104,93,11
112000114,773,177,596
112000115,109,16,93
112000116,45,47,-2
112000117,62,56,6
112000118,98,49,49
112000119,62,102,-40
112000120,1,9,-8
112000121,45,57,-12
112000122,149,16,133
112000123,364,15,349
112000124,165,12,153
112000125,140,30,110
112000126,203,96,107
112000127,651,696,-45
112000128,71,353,-282
112000129,53,23,30
112000130,21,8,13
112000131,69,14,55
112000132,13,4,9
112000133,151,31,120
112000134,136,33,103
112000135,476,82,394
112000136,168,194,-26
112000137,559,267,292
112000138,192,193,-1
112000139,58,157,-99
112000140,38,76,-38
112000141,309,47,262
112000142,24,45,-21
112000143,655,21,634
112000144,50,73,-23
112000145,1287,87,1200
112000146,88,86,2
112000147,1204,353,851
112000148,166,118,48
112000149,227,48,179
112000150,7,22,-15
112000151,116,33,83
112000152,41,8,33
112000153,23,49,-26
112000154,58,0,58
112000155,18,17,1
112000157,69,225,-156
112000158,100,28,72
112000159,124,38,86
112000167,13,3,10
112000169,131,568,-437
112000173,171,18,153
112000175,156,69,87
112000176,312,190,122
112000177,113,26,87
112000178,18,24,-6
112000179,65,1,64
112000180,41,16,25
112000181,334,75,259
112000182,751,82,669
112000183,63,41,22
112000184,168,41,127
112000185,37,33,4
112000187,837,243,594
112000195,53,1,52
112000196,30,0,30
112000197,2,14,-12
112000198,0,6,-6
112000199,1,37,-36
112000202,148,1,147
112000216,5,51,-46
112000230,10,0,10
112000231,0,1,-1
112000256,54,51,3
112000313,15,5,10
112000314,1,1,0
112000337,39,101,-62
112000352,2,26,-24
112000392,629,732,-103
112000398,608,364,244
112000399,362,2557,-2195
112000400,143,227,-84
112000401,596,765,-169
112000402,1384,2569,-1185
112000403,393,2126,-1733
112000404,378,691,-313
112000405,1640,1461,179
112000406,610,711,-101
112000407,2987,2151,836
112000408,884,704,180
112000409,791,1222,-431
112000410,0,0,0
112000411,183,17,166
112000412,0,0,0
112000413,77,319,-242
112000414,39,6,33
112000415,12,0,12
112000416,1360,436,924
112000417,121,91,30
112000421,34,4,30
112000422,24,24,0
112000424,156,628,-472
112000425,24,24,0
112000426,15,55,-40
112000427,0,0,0
112000428,28,39,-11
112000429,567,801,-234
112000430,863,1450,-587
112000431,70,64,6
112000432,61,23,38
112000433,117,214,-97
112000437,37,94,-57
112900001,25,0,25
112900002,86,3,83
112900003,34,0,34
112900004,23,0,23
112900005,84,1,83
112900007,40,3,37
112900008,0,3,-3
112900009,29,1,28
112900010,14,0,14
112900011,0,0,0
112900012,0,0,0
112900013,0,4,-4
112900014,0,0,0
112900015,6,20,-14
112900016,0,0,0
112900017,2,1,1
112900018,0,0,0
112900019,0,0,0
112900020,16,22,-6
112900021,0,0,0
112900022,2,0,2
112900023,0,0,0
112900024,0,0,0
112900025,2,4,-2
112900026,0,0,0
112900027,0,0,0
112900028,0,0,0
112900029,84,6,78
112900030,0,0,0
112900031,0,0,0
112900032,0,0,0
112900034,1,0,1
112900035,0,0,0
112900036,0,0,0
112900037,0,0,0
112900038,81,0,81
112900039,0,0,0
112900040,0,0,0
112900041,3,46,-43
112900042,0,0,0
112900043,0,0,0
112900044,0,0,0
112900045,0,0,0
112900046,0,0,0
112900047,0,0,0
112900049,0,0,0
112900050,3,0,3
112900051,0,0,0
112900052,0,0,0
112900053,0,0,0
112900054,3,0,3
112900055,0,0,0
112900056,0,0,0
112900057,0,0,0
112900058,3,6,-3
112900059,0,0,0
112900060,0,0,0
112900061,0,0,0
112900062,0,0,0
112900063,0,0,0
112900064,0,0,0
112900065,0,0,0
112900066,20,35,-15
112900067,0,0,0
112900068,0,0,0
112900069,0,0,0
112900071,0,0,0
112900072,0,23,-23
112900073,70,23,47
112900074,0,0,0
112900075,37,0,37
112900076,0,0,0
112900078,0,0,0
112900079,0,0,0
112900080,0,0,0
112900081,2,7,-5
112900082,69,1,68
112900083,3,7,-4
112900084,0,0,0
112900086,0,0,0
112900087,21,0,21
112900088,32,0,32
112900089,117,1,116
112900090,3,2,1
112900091,0,0,0
112900092,0,0,0
112900093,0,0,0
112900095,0,0,0
112900096,49,7,42
112900097,1,1,0
112900098,4,0,4
112900099,206,2,204
112900100,6,0,6
112900101,0,0,0
112900102,0,0,0
112900103,0,0,0
112900104,0,0,0
112900105,0,0,0
112900106,2,5,-3
112900107,0,0,0
112900108,1,0,1
112900109,7,0,7
112900110,0,0,0
112900111,0,0,0
112900112,0,0,0
112900113,0,0,0
112900114,0,0,0
112900115,455,1,454
112900116,9,0,9
112900117,0,0,0
112900118,0,0,0
112900119,0,0,0
112900120,0,0,0
112900121,0,0,0
112900122,0,0,0
112900123,0,0,0
112900124,0,0,0
112900125,1,0,1
112900126,0,1,-1
112900127,0,0,0
112900128,0,0,0
112900129,0,11,-11
112900130,0,0,0
112900131,0,0,0
112900132,0,0,0
112900133,0,6,-6
112900134,0,1,-1
112900135,0,0,0
112900137,11,12,-1
112900138,0,1,-1
112900139,0,0,0
112900141,140,0,140
112900142,0,0,0
112900143,0,0,0
112900144,0,0,0
112900145,0,0,0
112900146,0,0,0
112900147,0,0,0
112900148,0,0,0
112900149,0,0,0
112900151,0,0,0
112900152,75,6,69
112900153,5,56,-51
112900154,0,0,0
112900155,5,0,5
112900156,7,0,7
112900157,170,0,170
112900158,0,0,0
112900159,0,0,0
112900160,0,0,0
112900161,0,0,0
112900162,0,0,0
112900163,0,0,0
112900164,0,0,0
112900165,0,0,0
112900166,0,0,0
112900167,0,0,0
112900168,0,0,0
112900169,0,0,0
112900170,0,0,0
112900172,0,0,0
112900173,0,0,0
112900174,0,0,0
112900175,0,0,0
112900176,0,0,0
112900177,0,0,0
112900178,0,0,0
112900179,0,10,-10
112900180,141,17,124
112900181,0,0,0
112900182,0,0,0
112900183,0,0,0
112900184,10,19,-9
112900185,0,4,-4
112900186,34,54,-20
112900187,0,0,0
112900188,21,29,-8
112900189,0,0,0
112900190,0,0,0
112900192,61,38,23
112900193,40,7,33
112900194,0,0,0
112900195,72,1,71
112900196,31,9,22
112900197,0,11,-11
112900199,68,0,68
112900200,5,0,5
112900201,1,0,1
112900202,0,20,-20
112900203,1,0,1
112900204,6,13,-7
112900205,4,0,4
112900206,3,0,3
112900207,0,0,0
112900208,0,0,0
112900209,0,0,0
112900210,0,0,0
112900211,0,0,0
112900212,0,0,0
112900213,0,0,0
112900214,0,0,0
112900215,0,0,0
112900216,0,0,0
112900217,0,0,0
112900218,54,0,54
112900219,0,0,0
112900220,0,0,0
112900221,2,0,2
112900222,0,0,0
112900223,141,0,141
112900224,27,1,26
112900225,0,0,0
112900226,0,0,0
112900227,179,0,179
112900228,12,0,12
112900229,0,0,0
112900230,189,79,110
112900232,0,4,-4
112900233,0,0,0
112900234,0,0,0
112900235,0,0,0
112900236,0,0,0
112900237,41,0,41
112900238,0,0,0
112900239,0,0,0
112900240,0,0,0
112900241,0,0,0
112900242,0,0,0
112900243,0,0,0
112900244,0,0,0
112900245,0,0,0
112900246,0,0,0
112900247,0,0,0
112900248,0,0,0
112900249,1,0,1
112900250,2,0,2
112900251,1,0,1
112900252,1,0,1
112900253,0,0,0
112900254,1,0,1
112900255,0,0,0
112900256,0,1,-1
112900257,0,0,0
112900258,0,0,0
113000001,1122,1316,-194
113000002,1361,1473,-112
113000003,262,547,-285
113000004,331,659,-328
113000005,256,239,17
113000006,153,665,-512
113000007,401,188,213
113000008,211,573,-362
113000009,245,192,53
113000010,402,231,171
113000011,231,128,103
113000012,533,72,461
113000013,49,129,-80
113000014,155,229,-74
113000015,17,79,-62
113000016,0,28,-28
113000017,2,11,-9
113000018,33,2,31
113000019,0,0,0
113000020,261,28,233
113000021,406,106,300
113000022,171,294,-123
113000025,6,39,-33
113000026,136,228,-92
113000027,89,152,-63
113000028,8,68,-60
113000029,245,278,-33
113000030,0,0,0
113000031,0,0,0
113000032,52,67,-15
113000033,99,94,5
113000034,0,0,0
113000035,0,0,0
113000036,1,13,-12
113000037,0,0,0
113000038,22,11,11
113000039,0,36,-36
113000040,1,2,-1
113000042,100,234,-134
113000051,344,812,-468
113000052,238,130,108
113000053,99,41,58
113000054,76,405,-329
113000055,522,120,402
113000056,569,137,432
113000058,99,299,-200
113000059,323,128,195
113000060,121,196,-75
113000061,140,165,-25
113000062,94,50,44
113000063,133,26,107
113000064,46,45,1
113000065,71,103,-32
113000066,373,48,325
113000067,733,100,633
113000068,222,151,71
113000069,112,167,-55
113000070,741,110,631
113000071,71,51,20
113000072,206,43,163
113000073,68,222,-154
113000074,209,84,125
113000075,569,143,426
113000076,115,586,-471
113000077,157,242,-85
113000078,119,241,-122
113000079,31,94,-63
113000080,85,75,10
113000081,173,179,-6
113000082,107,58,49
113000083,146,379,-233
113000084,348,157,191
113000085,367,274,93
113000086,210,201,9
113000087,257,570,-313
113000088,177,208,-31
113000089,333,778,-445
113000090,25,234,-209
113000091,65,0,65
113000094,410,105,305
113000095,63,14,49
113000096,22,15,7
113000097,180,70,110
113000098,6,2,4
113000099,272,53,219
113000100,54,14,40
113000101,15,7,8
113000102,79,66,13
113000103,513,111,402
113000104,383,831,-448
113000105,369,105,264
113000106,152,68,84
113000107,460,349,111
113000108,405,335,70
113000109,69,465,-396
113000110,470,231,239
113000111,27,77,-50
113000112,91,196,-105
113000113,502,242,260
113000114,2,184,-182
113000116,57,56,1
113000117,92,25,67
113000118,2,144,-142
113000119,108,33,75
113000120,44,222,-178
113000121,92,60,32
113000124,100,36,64
113000125,5,405,-400
113000127,132,12,120
113000128,193,145,48
113000129,0,0,0
113000133,211,0,211
113000134,4,421,-417
113000135,1387,1563,-176
113000137,381,874,-493
113000139,109,35,74
113000140,0,0,0
113000141,84,50,34
113000142,68,90,-22
113000143,103,136,-33
113000144,8,24,-16
113000145,78,16,62
113000146,0,0,0
113000147,0,0,0
113000148,98,33,65
113000149,90,96,-6
113000150,0,0,0
113000151,0,0,0
113000152,5,91,-86
113000153,115,153,-38
113000154,69,317,-248
113000155,96,261,-165
113000156,49,38,11
113000157,40,70,-30
113000158,97,27,70
113000159,224,15,209
113000160,100,79,21
113000161,128,67,61
113000162,0,0,0
113000163,9,10,-1
113000164,0,0,0
113000166,157,4,153
113000167,0,0,0
113000168,0,0,0
113000169,99,8,91
113000170,49,50,-1
113000171,0,0,0
113000172,134,15,119
113000173,71,7,64
113000174,0,0,0
113000175,221,20,201
113000176,217,5,212
113000177,0,0,0
113000178,0,0,0
113000179,173,10,163
113000180,326,671,-345
113000181,556,488,68
113000182,3,20,-17
113000183,62,216,-154
113000184,0,0,0
113000189,11,103,-92
113000190,52,64,-12
113000192,246,850,-604
113000193,546,761,-215
113000194,171,574,-403
113000195,223,588,-365
113000196,97,122,-25
113000197,326,757,-431
113000198,27,59,-32
113000199,212,47,165
113000201,7,61,-54
113000202,668,111,557
113000203,22,0,22
113000204,80,805,-725
113000205,0,0,0
113000206,0,4,-4
113000207,0,0,0
113000208,2,11,-9
113000209,0,0,0
113000210,8,5,3
113000211,38,48,-10
113000212,11,1,10
113000213,20,11,9
113000214,0,1,-1
113000234,1,59,-58
113000410,0,33,-33
113000411,427,804,-377
113000412,769,434,335
113000413,503,641,-138
113000414,838,2998,-2160
113000415,288,308,-20
113000416,455,408,47
113000417,208,275,-67
113000418,1218,1259,-41
113000419,412,746,-334
113000420,1026,1716,-690
113000421,2026,2862,-836
113000422,1836,2417,-581
113000423,416,1158,-742
113000424,757,2727,-1970
113000425,0,62,-62
113000428,0,1,-1
113000430,0,0,0
113000432,830,41,789
113000433,0,129,-129
113000434,0,0,0
113000435,0,2,-2
113000436,0,14,-14
113000437,453,1,452
113000438,20,2,18
113000439,0,0,0
113000440,29,6,23
113000441,116,53,63
113000442,0,0,0
113000443,70,7,63
113000444,0,0,0
113000445,29,22,7
113000446,0,0,0
113000448,0,0,0
113000449,2,386,-384
113000450,19,678,-659
113000451,0,0,0
113000452,32,181,-149
113000453,0,0,0
113000454,45,87,-42
113000455,0,0,0
113000456,81,44,37
113000468,188,22,166
113000469,3,21,-18
113000470,92,21,71
113000471,1,92,-91
113000472,8,11,-3
113000474,741,577,164
113000475,339,662,-323
113000476,681,1087,-406
113000477,1654,859,795
113000478,1349,1290,59
113000479,2,10,-8
113000484,0,0,0
113000485,0,0,0
113000486,0,0,0
113000487,0,0,0
113000488,0,0,0
113000489,0,0,0
113000490,0,0,0
113000491,0,0,0
113000492,0,0,0
113000493,0,0,0
113000495,0,0,0
113000496,36,54,-18
113000497,0,0,0
113000499,0,0,0
113900001,0,0,0
113900002,0,0,0
113900003,0,0,0
113900004,0,0,0
113900005,0,0,0
113900006,0,0,0
113900007,0,0,0
113900008,0,0,0
113900009,0,0,0
113900010,0,0,0
113900011,0,0,0
113900012,0,0,0
113900013,0,0,0
113900014,115,2,113
113900015,0,0,0
113900016,1,0,1
113900017,0,0,0
113900018,0,0,0
113900019,2,0,2
113900020,59,0,59
113900022,25,0,25
113900023,0,0,0
113900024,0,0,0
113900025,37,5,32
113900026,0,0,0
113900027,0,0,0
113900028,0,0,0
113900029,0,0,0
113900030,80,0,80
113900031,2,0,2
113900032,0,0,0
113900033,0,0,0
113900035,0,0,0
113900036,0,0,0
113900037,0,0,0
113900038,0,0,0
113900039,61,0,61
113900040,0,0,0
113900041,0,0,0
113900042,0,0,0
113900043,0,0,0
113900044,4,21,-17
113900045,0,0,0
113900046,0,0,0
113900047,0,0,0
113900048,0,0,0
113900049,0,0,0
113900050,1,1,0
113900051,0,0,0
113900052,0,1,-1
113900053,45,118,-73
113900054,0,0,0
113900055,0,0,0
113900056,0,0,0
113900057,0,0,0
113900058,0,0,0
113900059,0,0,0
113900060,0,0,0
113900061,17,21,-4
113900062,0,0,0
113900063,0,0,0
113900064,0,0,0
113900065,193,2,191
113900066,0,0,0
113900067,7,2,5
113900068,68,133,-65
113900069,0,0,0
113900070,0,0,0
113900071,0,0,0
113900072,0,0,0
113900073,64,127,-63
113900074,37,15,22
113900075,90,266,-176
113900076,0,0,0
113900077,0,0,0
113900078,0,0,0
113900079,0,0,0
113900080,8,5,3
113900081,0,0,0
113900082,0,0,0
113900083,12,7,5
113900084,6,0,6
113900085,0,0,0
113900086,0,0,0
113900087,0,0,0
113900088,0,0,0
113900089,163,1,162
113900090,15,3,12
113900091,0,0,0
113900092,0,0,0
113900093,0,0,0
113900094,9,6,3
113900095,9,4,5
113900096,0,0,0
113900097,0,0,0
113900098,200,8,192
113900099,0,0,0
113900100,0,0,0
113900101,0,0,0
113900102,0,0,0
113900103,0,9,-9
113900104,35,27,8
113900105,0,0,0
113900106,0,0,0
113900107,0,0,0
113900108,0,0,0
113900109,1,0,1
113900110,0,0,0
113900111,0,0,0
113900112,9,0,9
113900113,4,7,-3
113900114,1,0,1
113900115,0,0,0
113900116,0,0,0
113900117,0,0,0
113900118,0,6,-6
113900119,8,61,-53
113900120,0,0,0
113900121,0,0,0
113900122,14,881,-867
113900123,4,0,4
113900124,0,0,0
113900125,30,0,30
113900126,0,0,0
113900127,0,0,0
113900128,0,0,0
113900129,0,40,-40
113900130,0,0,0
113900131,0,0,0
113900132,0,0,0
113900133,0,0,0
113900135,0,0,0
113900136,0,0,0
113900137,3,1,2
113900138,0,0,0
113900139,0,0,0
113900140,5,25,-20
113900141,0,0,0
113900142,0,0,0
113900143,0,0,0
113900144,50,11,39
113900145,0,0,0
113900146,0,0,0
113900148,0,0,0
113900149,0,0,0
113900150,42,4,38
113900151,0,0,0
113900152,0,4,-4
113900153,0,0,0
113900154,0,0,0
113900155,0,0,0
113900156,0,0,0
113900157,0,13,-13
113900158,0,0,0
113900159,0,0,0
113900160,0,0,0
113900161,0,0,0
113900162,2,14,-12
113900163,0,0,0
113900164,1,0,1
113900165,0,0,0
113900166,0,2,-2
113900167,4,0,4
113900168,0,0,0
113900169,0,0,0
113900171,0,0,0
113900172,0,0,0
113900173,0,14,-14
113900174,0,0,0
113900175,67,7,60
113900176,0,0,0
113900177,5,4,1
113900178,0,0,0
113900179,0,28,-28
113900180,7,1,6
113900181,91,0,91
113900182,0,0,0
113900183,2,1,1
113900184,1,77,-76
113900185,0,1,-1
113900186,0,0,0
113900187,0,4,-4
113900188,0,0,0
113900189,0,0,0
113900190,0,0,0
113900191,0,0,0
113900192,0,0,0
113900193,0,4,-4
113900194,15,2,13
113900195,0,0,0
113900196,0,0,0
113900197,1,2,-1
113900198,0,0,0
113900199,0,0,0
113900200,0,0,0
113900201,0,6,-6
113900202,0,0,0
113900203,0,11,-11
113900204,0,1,-1
113900205,0,0,0
113900206,0,0,0
113900207,0,0,0
113900208,0,0,0
113900209,0,0,0
113900210,0,0,0
113900211,0,0,0
113900212,98,3,95
113900214,5,4,1
113900215,187,1,186
113900216,0,0,0
113900217,0,0,0
113900218,0,0,0
113900219,0,0,0
113900220,0,0,0
113900221,1,23,-22
113900222,0,0,0
113900223,0,0,0
113900224,0,0,0
113900225,12,2,10
113900226,5,7,-2
113900227,9,1,8
113900228,0,0,0
113900229,0,14,-14
113900230,103,4,99
113900231,0,0,0
113900232,0,0,0
113900233,0,0,0
113900234,0,0,0
113900235,0,0,0
113900236,82,3,79
113900237,0,0,0
113900238,4,27,-23
113900239,0,0,0
113900240,0,0,0
113900241,0,0,0
113900242,0,0,0
113900243,0,20,-20
113900244,5,4,1
113900245,5,1,4
113900246,0,9,-9
113900247,25,98,-73
113900248,0,0,0
113900249,8,83,-75
113900250,0,34,-34
113900251,153,8,145
113900252,151,0,151
113900253,92,3,89
113900254,97,10,87
113900255,208,5,203
113900256,137,2,135
113900257,0,30,-30
113900258,0,54,-54
113900259,133,9,124
113900260,147,0,147
113900261,1,4,-3
113900262,79,2,77
113900263,0,1,-1
113900264,0,1,-1
113900265,0,0,0
113900266,6,0,6
113900267,0,0,0
113900268,0,41,-41
113900269,0,0,0
113900270,0,0,0
113900271,0,0,0
113900273,0,0,0
113900274,4,0,4
113900275,0,0,0
113900276,2,3,-1
113900277,48,0,48
113900278,0,0,0
113900279,0,0,0
113900280,9,2,7
113900281,1,86,-85
113900282,0,0,0
113900283,0,0,0
113900284,223,104,119
113900285,1,0,1
113900286,0,0,0
113900287,0,0,0
113900288,0,0,0
113900289,0,0,0
113900290,0,0,0
113900291,0,0,0
113900292,0,0,0
113900293,0,0,0
113900294,196,4,192
113900295,26,72,-46
113900296,83,13,70
113900297,196,0,196
113900298,0,0,0
113900299,0,0,0
113900300,254,20,234
113900301,32,0,32
113900302,29,4,25
113900303,0,0,0
113900304,0,0,0
113900305,26,0,26
113900306,11,0,11
113900307,0,0,0
113900308,0,0,0
113900309,0,3,-3
113900310,0,0,0
113900311,0,0,0
113900312,0,0,0
113900313,0,0,0
113900314,0,0,0
113900315,3,0,3
114000001,284,250,34
114000002,46,99,-53
114000003,8,41,-33
114000004,69,34,35
114000005,65,18,47
114000006,266,276,-10
114000007,195,124,71
114000008,158,267,-109
114000009,175,125,50
114000011,1165,284,881
114000012,1639,204,1435
114000013,846,281,565
114000014,91,33,58
114000015,269,14,255
114000016,4,43,-39
114000017,36,140,-104
114000018,4,20,-16
114000026,1071,255,816
114000027,1195,630,565
114000028,524,1120,-596
114000038,32,0,32
114000039,0,0,0
114000040,79,70,9
114000042,26,67,-41
114000043,115,27,88
114000044,84,22,62
114000045,25,8,17
114000046,293,511,-218
114000047,16,61,-45
114000048,12,51,-39
114000049,469,308,161
114000050,305,255,50
114000051,656,701,-45
114000052,563,839,-276
114000053,102,159,-57
114000054,39,266,-227
114000055,9,1,8
114000056,13,72,-59
114000057,548,493,55
114000058,1,28,-27
114000059,0,24,-24
114000060,49,130,-81
114000061,516,1176,-660
114000062,73,408,-335
114000063,123,155,-32
114000064,262,313,-51
114000065,183,286,-103
114000066,230,363,-133
114000067,42,230,-188
114000068,54,105,-51
114000069,134,22,112
114000070,866,558,308
114000071,79,14,65
114000072,105,11,94
114000073,26,18,8
114000074,1,2,-1
114000075,18,5,13
114000076,9,3,6
114000077,0,0,0
114000078,11,20,-9
114000079,26,2,24
114000080,13,24,-11
114000081,23,70,-47
114000082,6,55,-49
114000083,0,0,0
114000084,79,33,46
114000085,12,5,7
114000086,10,17,-7
114000087,0,0,0
114000088,41,8,33
114000089,53,21,32
114000090,228,304,-76
114000091,200,281,-81
114000092,138,76,62
114000093,278,128,150
114000094,177,96,81
114000095,40,142,-102
114000096,31,61,-30
114000097,11,78,-67
114000098,227,79,148
114000099,276,21,255
114000100,1099,51,1048
114000101,180,44,136
114000102,152,81,71
114000103,79,43,36
114000104,0,19,-19
114000105,2,7,-5
114000106,100,280,-180
114000107,104,10,94
114000108,24,24,0
114000109,394,733,-339
114000110,6,14,-8
114000111,829,305,524
114000112,1,11,-10
114000113,974,98,876
114000114,5,9,-4
114000115,993,204,789
114000116,574,1506,-932
114000117,1653,137,1516
114000118,1549,137,1412
114000119,1651,227,1424
114000120,203,130,73
114000121,0,0,0
114000122,89,36,53
114000123,736,103,633
114000124,454,51,403
114000125,211,272,-61
114000126,622,41,581
114000127,55,44,11
114000128,329,67,262
114000130,152,202,-50
114000131,74,27,47
114000132,106,48,58
114000133,68,73,-5
114000134,0,0,0
114000138,0,0,0
114000139,113,132,-19
114000144,243,202,41
114000145,0,0,0
114000146,0,0,0
114000147,566,1154,-588
114000148,226,450,-224
114000149,23,53,-30
114000150,17,60,-43
114000151,105,859,-754
114000152,1,1,0
114000153,77,300,-223
114000154,133,87,46
114000155,434,794,-360
114000156,295,395,-100
114000157,43,303,-260
114000158,50,43,7
114000159,30,15,15
114000160,1,21,-20
114000161,349,664,-315
114000162,606,904,-298
114000163,0,0,0
114000165,49,225,-176
114000166,94,65,29
114000167,746,378,368
114000168,40,2,38
114000169,421,432,-11
114000170,558,204,354
114000171,646,2870,-2224
114000174,8,0,8
114000176,6,0,6
114000177,12,7,5
114000178,51,22,29
114000179,494,333,161
114000180,23,6,17
114000181,311,1567,-1256
114000182,167,449,-282
114000183,150,60,90
114000184,135,34,101
114000185,513,499,14
114000189,616,44,572
114000190,1938,355,1583
114000191,33,116,-83
114000192,0,1,-1
114000193,0,0,0
114000194,574,271,303
114000195,215,44,171
114000196,0,0,0
114000197,1042,4,1038
114000198,0,0,0
114000199,9,35,-26
114000200,135,71,64
114000201,36,42,-6
114000202,345,196,149
114000203,182,229,-47
114000204,0,0,0
114000205,7,106,-99
114000206,19,110,-91
114000207,74,84,-10
114000208,54,26,28
114000209,37,109,-72
114000210,12,152,-140
114000211,1171,433,738
114000212,403,412,-9
114000213,1132,356,776
114000214,9,0,9
114000215,36,1,35
114000216,434,131,303
114000217,333,84,249
114000218,61,8,53
114000219,425,40,385
114000220,0,7,-7
114000221,543,29,514
114000222,26,72,-46
114000223,421,42,379
114000224,7,76,-69
114000225,117,31,86
114000226,132,26,106
114000227,753,247,506
114000228,495,128,367
114000229,454,222,232
114000230,1204,297,907
114000231,476,283,193
114000232,506,117,389
114000233,1161,30,1131
114000234,810,337,473
114000235,508,277,231
114000236,0,0,0
114000237,97,105,-8
114000238,104,235,-131
114000239,41,166,-125
114000240,402,340,62
114000241,149,114,35
114000242,189,105,84
114000243,995,543,452
114000244,277,116,161
114000245,103,71,32
114000246,0,0,0
114000247,375,270,105
114000248,772,385,387
114000249,698,162,536
114000250,266,17,249
114000251,173,6,167
114000252,0,14,-14
114000253,9,31,-22
114000254,0,0,0
114000255,22,121,-99
114000256,57,161,-104
114000257,78,208,-130
114000258,74,23,51
114000259,0,1,-1
114000260,0,0,0
114000261,30,8,22
114000262,0,0,0
114000263,4,0,4
114000264,178,38,140
114000265,0,0,0
114000267,1,338,-337
114000268,0,0,0
114000270,120,0,120
114000271,63,36,27
114000283,514,54,460
114000285,0,0,0
114000288,5,4,1
114000289,254,28,226
114000293,58,5,53
114000294,89,152,-63
114000395,370,8,362
114000396,165,78,87
114000402,293,140,153
114000403,170,58,112
114000405,157,53,104
114000423,213,34,179
114000424,200,114,86
114000425,441,80,361
114000426,129,459,-330
114000427,32,10,22
114000428,36,36,0
114000429,26,12,14
114000432,48,13,35
114000434,3,2,1
114000435,0,0,0
114900001,158,54,104
114900002,31,4,27
114900003,132,47,85
114900004,3,57,-54
114900005,48,39,9
114900006,1,7,-6
114900007,31,1,30
114900008,43,4,39
114900010,54,44,10
114900011,73,24,49
114900013,32,8,24
114900018,25,3,22
114900020,3,4,-1
114900022,7,23,-16
114900025,127,2,125
114900026,39,11,28
114900029,26,1,25
114900030,73,5,68
114900031,96,2,94
114900032,108,0,108
114900034,0,0,0
114900035,1,24,-23
114900036,95,20,75
114900039,0,0,0
114900040,0,0,0
114900041,0,0,0
114900042,0,0,0
114900044,3,1,2
114900047,0,0,0
114900048,0,0,0
114900049,0,0,0
114900050,0,0,0
114900051,0,0,0
114900052,0,0,0
114900053,0,0,0
114900054,0,0,0
114900057,36,1,35
114900058,0,0,0
114900059,5,8,-3
114900063,0,0,0
114900064,0,0,0
114900065,0,0,0
114900067,0,0,0
114900068,0,0,0
114900069,0,0,0
114900070,97,20,77
114900072,0,0,0
114900073,0,0,0
114900074,149,1,148
114900075,46,0,46
114900076,0,0,0
114900080,98,39,59
114900082,340,2,338
114900083,0,0,0
114900090,40,34,6
114900091,0,0,0
114900097,9,0,9
114900098,0,4,-4
114900099,16,0,16
115000001,514,539,-25
115000002,1766,2738,-972
115000003,531,221,310
115000004,2005,3099,-1094
115000005,97,118,-21
115000006,475,624,-149
115000007,94,153,-59
115000008,154,107,47
115000009,200,255,-55
115000010,85,95,-10
115000013,0,0,0
115000015,0,0,0
115000016,6,212,-206
115000019,56,120,-64
115000020,21,85,-64
115000021,1,52,-51
115000022,4,11,-7
115000023,204,270,-66
115000024,1,9,-8
115000025,412,127,285
115000026,0,0,0
115000027,196,62,134
115000028,0,0,0
115000029,419,21,398
115000030,0,32,-32
115000031,268,45,223
115000032,0,0,0
115000033,75,0,75
115000034,1,0,1
115000035,292,4,288
115000036,0,0,0
115000037,184,11,173
115000038,42,306,-264
115000039,692,965,-273
115000040,692,548,144
115000041,395,1480,-1085
115000042,235,89,146
115000043,1244,833,411
115000044,655,210,445
115000045,569,125,444
115000046,1555,663,892
115000047,1627,393,1234
115000048,352,266,86
115000049,238,504,-266
115000050,1808,524,1284
115000051,676,1865,-1189
115000052,315,432,-117
115000053,873,1659,-786
115000054,138,128,10
115000055,2,75,-73
115000056,51,65,-14
115000057,81,266,-185
115000058,15,124,-109
115000059,8,154,-146
115000061,68,68,0
115000062,27,12,15
115000063,1,5,-4
115000064,96,33,63
115000065,1,0,1
115000067,89,9,80
115000069,4,1,3
115000070,0,50,-50
115000071,35,10,25
115000072,0,0,0
115000073,490,70,420
115000075,29,13,16
115000076,577,375,202
115000077,550,318,232
115000078,427,218,209
115000079,397,242,155
115000080,1161,323,838
115000081,25,17,8
115000082,1761,1393,368
115000083,608,179,429
115000084,1783,182,1601
115000085,181,171,10
115000086,656,217,439
115000087,128,350,-222
115000088,846,238,608
115000089,96,80,16
115000090,184,132,52
115000091,216,188,28
115000092,437,179,258
115000093,342,2,340
115000094,1719,3068,-1349
115000095,867,2279,-1412
115000096,396,200,196
115000097,658,603,55
115000098,787,51,736
115000099,1244,327,917
115000100,1005,163,842
115000101,32,53,-21
115000102,341,131,210
115000103,142,115,27
115000105,57,21,36
115000106,306,154,152
115000107,15,24,-9
115000108,322,322,0
115000109,940,1916,-976
115000110,580,428,152
115000111,72,439,-367
115000112,179,111,68
115000113,129,239,-110
115000114,176,88,88
115000116,299,332,-33
115000117,364,272,92
115000118,447,667,-220
115000119,460,260,200
115000120,89,783,-694
115000121,232,161,71
115000122,258,171,87
115000123,151,1311,-1160
115000124,116,211,-95
115000125,88,410,-322
115000126,44,264,-220
115000127,51,19,32
115000128,57,205,-148
115000129,63,64,-1
115000130,151,19,132
115000131,207,43,164
115000132,137,27,110
115000133,182,24,158
115000134,137,18,119
115000135,41,15,26
115000136,72,65,7
115000137,1,5,-4
115000138,192,51,141
115000139,15,22,-7
115000140,244,55,189
115000141,35,7,28
115000142,23,7,16
115000143,591,257,334
115000144,168,13,155
115000145,32,13,19
115000146,251,101,150
115000147,73,57,16
115000148,71,116,-45
115000149,113,153,-40
115000150,135,49,86
115000151,423,103,320
115000152,123,92,31
115000153,462,101,361
115000154,300,82,218
115000155,80,88,-8
115000156,151,331,-180
115000157,59,88,-29
115000158,17,107,-90
115000159,50,79,-29
115000160,110,73,37
115000161,86,211,-125
115000162,571,453,118
115000163,108,75,33
115000164,29,116,-87
115000165,145,319,-174
115000167,153,29,124
115000168,141,135,6
115000169,3,19,-16
115000170,0,0,0
115000171,174,197,-23
115000172,17,15,2
115000173,57,101,-44
115000174,10,164,-154
115000175,3,6,-3
115000176,22,51,-29
115000177,0,5,-5
115000178,0,1,-1
115000179,5,10,-5
115000180,0,14,-14
115000181,357,26,331
115000182,474,54,420
115000183,1,5,-4
115000186,135,12,123
115000187,22,14,8
115000188,171,110,61
115000189,40,34,6
115000190,218,57,161
115000191,5,20,-15
115000194,0,0,0
115000195,60,41,19
115000196,77,28,49
115000197,48,48,0
115000198,314,21,293
115000199,71,61,10
115000200,172,19,153
115000201,37,32,5
115000206,281,2,279
115000207,0,0,0
115000208,24,12,12
115000209,406,79,327
115000210,107,36,71
115000211,53,24,29
115000212,154,8,146
115000224,21,8,13
115000225,21,11,10
115000229,26,11,15
115000230,19,22,-3
115000231,226,115,111
115000232,1331,148,1183
115000233,3,8,-5
115000234,2,13,-11
115000241,11,7,4
115000242,41,11,30
115000243,7,4,3
115000244,22,10,12
115000246,1,2,-1
115000247,0,0,0
115000248,1,0,1
115000249,1,0,1
115000250,85,2,83
115000251,61,10,51
115000252,5,31,-26
115000253,3,103,-100
115000258,124,25,99
115000259,18,0,18
115000261,23,10,13
115000262,0,7,-7
115000263,4,5,-1
115000264,1,5,-4
115000267,2,14,-12
115000268,0,0,0
115000269,24,6,18
115000270,1,26,-25
115000272,34,7,27
115000273,73,2,71
115000280,100,482,-382
115000281,0,0,0
115000282,127,332,-205
115000284,10,24,-14
115000296,130,1,129
115000297,23,337,-314
115000298,0,0,0
115000300,90,2,88
115000302,364,15,349
115000303,383,26,357
115000304,272,17,255
115000305,7,35,-28
115000306,7,7,0
115000307,4,2,2
115000308,0,1,-1
115000310,398,102,296
115000311,601,242,359
115000313,2,27,-25
115000314,132,51,81
115000315,4,36,-32
115000316,8,7,1
115000317,30,13,17
115000318,461,28,433
115000319,0,12,-12
115000320,1,43,-42
115000321,136,24,112
115000322,1,3,-2
115000449,7,12,-5
115000557,0,0,0
115000558,68,29,39
115000587,202,118,84
115000588,59,64,-5
115000589,1243,962,281
115000590,12,35,-23
115000591,258,251,7
115000592,27,27,0
115000593,608,341,267
115000594,8,23,-15
115000609,81,71,10
115000617,16,390,-374
115000624,42,2,40
115000633,192,175,17
115000634,1370,227,1143
115000635,258,63,195
115000638,2,45,-43
115000641,9,4,5
115000642,82,2,80
115000643,0,0,0
115000644,0,0,0
115000646,159,241,-82
115000647,19,48,-29
115000648,919,66,853
115000893,642,511,131
115000894,0,5,-5
115000895,0,1,-1
115000896,303,224,79
115000897,94,21,73
115000898,101,148,-47
115000899,2,51,-49
115000900,1,115,-114
115000901,0,0,0
115000912,115,81,34
115000913,0,2,-2
115000915,0,0,0
115000916,0,0,0
115000917,0,16,-16
115000918,18,230,-212
115000919,1,14,-13
115000920,0,0,0
115000921,0,0,0
115000922,160,434,-274
115000923,0,6,-6
115000925,9,2,7
115000927,1,19,-18
115000933,3,31,-28
115000934,13,9,4
115000935,20,18,2
115000936,7,326,-319
115000937,91,111,-20
115000938,7,30,-23
115000939,12,40,-28
115000940,3,4,-1
115000941,0,22,-22
115000942,0,76,-76
115000943,0,0,0
115000944,0,0,0
115900001,79,0,79
115900002,0,2,-2
115900003,13,3,10
115900004,0,0,0
115900005,13,1,12
115900006,2,0,2
115900008,11,0,11
115900009,0,2,-2
115900010,172,14,158
115900011,63,1,62
115900012,19,1,18
115900013,77,4,73
115900014,7,1,6
115900015,35,0,35
115900016,31,0,31
115900017,0,6,-6
115900018,16,0,16
115900019,1,0,1
115900020,55,16,39
115900021,34,0,34
115900022,34,1,33
115900023,0,0,0
115900025,0,2,-2
115900026,40,4,36
115900027,0,0,0
115900028,19,14,5
115900029,28,9,19
115900030,0,0,0
115900031,1,14,-13
115900032,19,36,-17
115900033,0,0,0
115900034,0,21,-21
115900035,0,0,0
115900036,1,119,-118
115900037,1,4,-3
115900038,0,0,0
115900039,26,1,25
115900041,16,64,-48
115900042,1,0,1
115900043,15,0,15
115900044,64,74,-10
115900046,118,9,109
115900047,0,20,-20
115900049,43,18,25
115900051,0,0,0
115900052,0,0,0
115900053,46,5,41
115900054,78,0,78
115900055,0,0,0
115900056,37,2,35
115900057,1,3,-2
115900058,0,0,0
115900060,0,2,-2
115900061,65,0,65
115900062,11,28,-17
115900063,0,0,0
115900064,1,9,-8
115900065,26,1,25
115900066,2,0,2
115900067,0,1,-1
115900068,0,0,0
115900069,0,1,-1
115900070,10,1,9
115900071,0,0,0
115900072,0,25,-25
115900073,14,23,-9
115900074,0,0,0
115900075,5,4,1
115900076,0,0,0
115900077,0,0,0
115900078,0,6,-6
115900079,116,0,116
115900080,5,1,4
115900081,14,0,14
115900082,29,13,16
115900084,42,0,42
115900085,1,0,1
115900086,111,22,89
115900088,0,0,0
115900089,197,2,195
115900090,108,0,108
115900091,0,0,0
115900092,0,0,0
115900093,0,0,0
115900094,0,0,0
115900096,0,0,0
115900097,0,0,0
115900098,3,0,3
115900099,2,0,2
115900100,0,17,-17
115900101,0,0,0
115900102,10,2,8
115900103,1,1,0
115900104,11,0,11
115900105,52,0,52
115900106,0,0,0
115900107,28,0,28
115900108,0,0,0
115900109,0,66,-66
115900110,0,0,0
115900111,0,0,0
115900112,0,126,-126
115900113,0,0,0
115900114,0,0,0
115900115,0,0,0
115900116,3,68,-65
115900117,0,0,0
115900118,0,0,0
115900119,0,0,0
115900120,0,3,-3
115900121,9,8,1
115900124,20,192,-172
115900125,96,0,96
115900126,93,3,90
115900127,305,0,305
115900128,0,0,0
115900129,44,0,44
115900130,0,29,-29
115900131,96,4,92
115900132,166,0,166
115900134,46,0,46
115900135,62,30,32
115900137,6,0,6
115900139,0,0,0
115900140,42,0,42
115900141,0,0,0
115900142,0,0,0
115900143,0,0,0
115900144,0,0,0
115900146,22,3,19
115900147,53,78,-25
115900148,5,1,4
115900149,40,3,37
115900150,11,0,11
115900151,0,0,0
115900152,1,14,-13
115900153,19,0,19
115900154,11,31,-20
115900155,0,0,0
115900156,28,41,-13
115900157,50,46,4
115900158,0,0,0
115900159,36,13,23
115900160,0,0,0
115900161,3,2,1
115900163,63,1,62
115900164,217,4,213
115900166,3,12,-9
115900168,0,0,0
115900171,26,32,-6
115900172,6,1,5
115900173,46,5,41
115900174,6,11,-5
115900175,52,10,42
115900178,2,6,-4
115900179,47,0,47
115900180,0,11,-11
115900181,52,2,50
115900182,157,2,155
115900183,0,0,0
115900184,48,1,47
115900187,0,8,-8
115900189,0,6,-6
115900190,0,43,-43
115900191,1,1,0
115900192,2,3,-1
115900193,22,17,5
115900194,122,0,122
115900195,29,459,-430
115900198,16,35,-19
115900199,31,7,24
115900200,47,6,41
115900201,121,11,110
115900202,0,22,-22
115900203,10,0,10
115900204,0,0,0
115900205,7,0,7
115900206,0,0,0
115900207,0,0,0
115900208,10,9,1
115900209,0,7,-7
115900210,0,10,-10
115900211,0,6,-6
115900212,0,0,0
115900213,8,56,-48
115900214,119,18,101
115900215,0,7,-7
115900216,0,0,0
115900217,0,0,0
115900218,0,0,0
115900219,17,0,17
115900220,56,0,56
115900221,28,0,28
115900222,49,9,40
115900223,1,100,-99
115900224,51,216,-165
115900225,23,11,12
115900226,0,1,-1
115900227,0,0,0
115900228,0,0,0
115900229,0,5,-5
115900230,1,33,-32
115900231,0,0,0
115900232,0,0,0
115900233,0,0,0
115900234,0,0,0
115900235,0,0,0
115900236,0,0,0
115900237,0,0,0
115900238,0,0,0
115900239,0,0,0
115900240,0,0,0
115900241,0,0,0
115900242,84,112,-28
115900243,1,0,1
115900244,1,0,1
115900245,49,1,48
115900246,0,0,0
115900247,0,0,0
115900248,0,0,0
115900249,0,0,0
115900250,1,12,-11
115900251,0,8,-8
115900252,0,0,0
115900253,0,0,0
115900254,0,1,-1
115900255,0,0,0
115900256,0,18,-18
115900257,0,0,0
115900258,0,0,0
115900259,0,0,0
115900260,0,0,0
115900261,0,0,0
115900262,0,0,0
115900263,0,0,0
115900264,0,0,0
115900265,0,0,0
115900266,0,0,0
115900267,0,0,0
115900268,0,0,0
115900269,0,0,0
115900270,19,1,18
115900271,76,0,76
115900272,9,0,9
115900273,0,8,-8
115900274,0,0,0
115900275,0,0,0
115900276,0,0,0
115900277,0,1,-1
115900278,0,0,0
115900279,0,0,0
115900280,23,0,23
115900281,0,0,0
115900282,0,3,-3
115900283,3,0,3
115900284,0,0,0
116000001,739,536,203
116000002,2775,9798,-7023
116000003,195,286,-91
116000004,938,3387,-2449
116000005,97,525,-428
116000006,286,603,-317
116000007,460,1000,-540
116000008,1284,821,463
116000009,176,1134,-958
116000010,1028,656,372
116000011,352,523,-171
116000012,821,394,427
116000013,665,660,5
116000014,1570,7660,-6090
116000015,41,252,-211
116000016,498,3395,-2897
116000017,9,327,-318
116000018,84,56,28
116000019,565,68,497
116000020,282,53,229
116000021,351,86,265
116000022,117,108,9
116000023,225,289,-64
116000024,222,30,192
116000025,226,217,9
116000026,397,272,125
116000027,322,430,-108
116000028,406,2078,-1672
116000029,177,132,45
116000030,295,980,-685
116000031,0,0,0
116000032,148,6,142
116000033,556,218,338
116000034,1943,1113,830
116000035,393,82,311
116000036,42,123,-81
116000037,26,201,-175
116000038,95,250,-155
116000039,44,43,1
116000040,175,344,-169
116000041,14,40,-26
116000042,554,395,159
116000043,64,109,-45
116000044,0,7,-7
116000045,2342,2393,-51
116000046,400,405,-5
116000047,611,893,-282
116000048,3656,1189,2467
116000049,1944,1171,773
116000050,672,302,370
116000051,3108,1029,2079
116000052,1075,436,639
116000053,3186,600,2586
116000054,343,391,-48
116000055,344,180,164
116000056,1514,1643,-129
116000057,448,116,332
116000058,358,646,-288
116000059,838,5385,-4547
116000060,194,308,-114
116000061,96,864,-768
116000062,105,122,-17
116000063,146,861,-715
116000066,110,805,-695
116000067,14,78,-64
116000068,99,143,-44
116000069,43,26,17
116000078,362,581,-219
116000080,414,156,258
116000082,1,23,-22
116000083,640,194,446
116000084,305,594,-289
116000085,589,349,240
116000086,183,298,-115
116000087,938,579,359
116000088,193,142,51
116000089,30,2,28
116000090,15,37,-22
116000091,12,49,-37
116000093,221,75,146
116000094,152,65,87
116000095,274,23,251
116000096,406,637,-231
116000097,192,57,135
116000098,84,2351,-2267
116000099,641,64,577
116000100,117,4,113
116000101,338,9,329
116000102,108,183,-75
116000103,263,80,183
116000104,131,79,52
116000105,732,20,712
116000106,241,65,176
116000107,976,8,968
116000108,3,17,-14
116000111,25,14,11
116000113,39,6,33
116000114,1,30,-29
116000115,244,35,209
116000116,36,30,6
116000117,1085,491,594
116000118,261,105,156
116000119,1726,633,1093
116000120,440,310,130
116000121,422,152,270
116000122,47,44,3
116000123,1166,108,1058
116000124,96,52,44
116000125,1442,73,1369
116000126,28,49,-21
116000127,92,43,49
116000128,1098,124,974
116000129,259,11,248
116000130,148,115,33
116000133,375,16,359
116000134,543,192,351
116000135,1288,289,999
116000136,375,464,-89
116000137,495,242,253
116000138,158,182,-24
116000139,1102,1923,-821
116000140,63,146,-83
116000141,156,42,114
116000142,1245,1459,-214
116000143,1072,1160,-88
116000144,945,644,301
116000145,2027,565,1462
116000146,204,21,183
116000147,143,151,-8
116000148,141,263,-122
116000149,143,66,77
116000151,288,226,62
116000153,172,622,-450
116000155,142,470,-328
116000156,115,92,23
116000157,67,1,66
116000158,227,26,201
116000159,25,0,25
116000160,3,7,-4
116000161,1,87,-86
116000162,9,38,-29
116000163,4,3,1
116000164,5,1,4
116000177,34,6,28
116000194,24,39,-15
116000195,336,68,268
116000196,0,0,0
116000197,0,0,0
116000198,1768,1134,634
116000200,58,354,-296
116000201,253,108,145
116000202,0,23,-23
116000203,0,3,-3
116000204,0,3,-3
116000205,0,2,-2
116000206,0,5,-5
116000207,3,1,2
116000233,0,0,0
116000287,8,5,3
116000288,120,69,51
116000292,0,0,0
116000296,15,45,-30
116000297,21,1,20
116000304,36,1,35
116000305,0,13,-13
116000346,0,0,0
116000352,0,0,0
116000354,0,0,0
116000357,0,0,0
116000358,3,2,1
116000361,7,0,7
116000372,2105,3836,-1731
116000381,45,0,45
116000388,0,0,0
116000389,85,6,79
116000445,71,20,51
116000446,618,45,573
116000447,1,42,-41
116000448,221,72,149
116000563,274,1463,-1189
116000565,13,81,-68
116000568,10,56,-46
116000579,1,19,-18
116000583,0,8,-8
116000584,6,5,1
116000585,19,43,-24
116000586,11,63,-52
116000587,499,198,301
116000589,29,5,24
116000590,42,4,38
116000591,184,74,110
116000592,1,3,-2
116000593,0,0,0
116000594,228,42,186
116000595,113,12,101
116000596,85,3,82
116000597,232,70,162
116000598,13,18,-5
116000605,2,3,-1
116000606,52,146,-94
116000607,0,0,0
116000609,7,220,-213
116000611,8,7,1
116000612,1359,1602,-243
116000613,393,149,244
116000614,53,29,24
116000615,0,0,0
116000616,69,29,40
116000617,33,0,33
116000618,8,10,-2
116000619,10,55,-45
116000620,146,36,110
116000621,42,60,-18
116000622,77,65,12
116000624,81,4,77
116000627,80,24,56
116000628,30,20,10
116000629,17,8,9
116000630,314,0,314
116000631,151,3,148
116000632,314,2,312
116000633,106,33,73
116000634,135,0,135
116000635,1335,2048,-713
116000636,323,640,-317
116000637,57,0,57
116000638,28,62,-34
116000639,34,1,33
116000640,27,10,17
116000641,0,0,0
116000643,0,0,0
116000644,0,0,0
116000645,1,24,-23
116900001,8,6,2
116900002,36,0,36
116900003,0,0,0
116900004,180,46,134
116900005,17,2,15
116900006,27,24,3
116900007,2,6,-4
116900008,97,11,86
116900009,17,1,16
116900010,128,38,90
116900011,0,1,-1
116900012,0,5,-5
116900013,0,7,-7
116900014,0,0,0
116900015,138,1,137
116900016,66,0,66
116900017,19,61,-42
116900018,0,0,0
116900019,0,0,0
116900020,13,91,-78
116900023,0,0,0
116900024,164,2,162
116900025,320,40,280
116900026,1,56,-55
116900027,0,0,0
116900028,0,0,0
116900029,0,7,-7
116900031,0,0,0
116900032,0,4,-4
116900033,0,0,0
116900034,0,0,0
116900035,5,6,-1
116900036,0,7,-7
116900038,0,0,0
116900041,0,0,0
116900042,0,0,0
116900043,2,17,-15
116900047,0,15,-15
116900049,0,0,0
116900050,33,6,27
116900051,34,0,34
116900052,23,10,13
116900055,0,1,-1
116900057,0,0,0
116900058,0,1,-1
116900059,0,1,-1
116900060,19,19,0
116900062,0,1,-1
116900064,0,0,0
116900065,0,0,0
116900067,2,0,2
116900068,69,52,17
116900070,1,0,1
116900072,0,0,0
116900073,2,9,-7
116900074,0,0,0
116900076,1,1,0
116900077,0,15,-15
116900078,0,0,0
116900079,3,6,-3
116900080,0,0,0
116900081,26,28,-2
116900082,1,93,-92
116900083,19,11,8
116900084,2,0,2
116900085,17,3,14
116900086,0,58,-58
116900088,18,1,17
116900090,0,0,0
116900091,27,2,25
116900092,0,7,-7
116900093,39,64,-25
116900094,401,966,-565
116900095,9,1,8
116900096,39,0,39
116900097,166,516,-350
116900098,8,7,1
116900099,31,68,-37
116900100,234,5,229
116900101,21,4,17
116900103,4,0,4
116900104,1,148,-147
116900105,51,13,38
116900106,656,1,655
116900107,291,546,-255
116900110,3,0,3
116900111,406,49,357
116900112,183,55,128
116900113,125,546,-421
116900116,4,19,-15
116900117,3,13,-10
116900118,69,8,61
116900120,112,1,111
116900121,82,0,82
116900122,203,21,182
116900123,56,24,32
116900124,0,12,-12
116900125,68,2,66
116900126,6,125,-119
116900128,0,0,0
116900129,0,1,-1
116900130,22,395,-373
116900131,0,0,0
116900132,1,0,1
116900133,0,0,0
116900134,0,0,0
116900136,0,0,0
116900137,0,0,0
116900138,0,0,0
116900139,0,0,0
116900140,0,0,0
116900141,0,0,0
116900142,0,0,0
116900143,0,0,0
116900144,0,0,0
116900145,0,0,0
116900147,0,0,0
116900148,0,0,0
116900149,0,7,-7
116900150,0,0,0
116900151,0,0,0
116900153,2,1,1
116900154,2,26,-24
116900155,0,0,0
116900157,53,0,53
116900158,8,15,-7
116900159,0,7,-7
116900160,191,147,44
116900161,171,16,155
116900162,0,1,-1
116900163,51,0,51
116900164,1,0,1
116900165,174,33,141
116900166,0,0,0
116900167,62,1,61
116900168,74,12,62
116900169,1,20,-19
116900170,282,95,187
116900171,3,1,2
116900172,6,69,-63
116900173,83,3,80
116900174,3,6,-3
116900175,5,11,-6
116900178,1,1,0
116900179,17,47,-30
116900180,3,0,3
116900182,40,1,39
116900183,58,25,33
116900185,26,4,22
116900186,2,2,0
116900187,8,4,4
116900188,33,0,33
116900189,0,0,0
116900191,14,5,9
116900192,157,4,153
116900194,7,223,-216
116900195,12,0,12
116900196,1,3,-2
116900197,13,3,10
116900198,7,29,-22
116900200,0,0,0
116900201,50,3,47
116900202,2,0,2
116900203,5,0,5
116900204,0,17,-17
116900206,0,0,0
116900207,1,0,1
116900208,0,0,0
116900209,16,0,16
116900210,13,2,11
116900211,41,0,41
116900212,0,0,0
116900213,21,6,15
116900214,0,0,0
116900215,0,7,-7
116900216,13,0,13
116900218,0,0,0
116900219,85,23,62
116900220,21,7,14
116900221,0,0,0
116900222,232,80,152
116900223,6,4,2
116900226,31,4,27
116900227,55,0,55
116900228,85,2,83
116900230,0,8,-8
116900231,0,28,-28
116900232,0,2,-2
116900233,144,3,141
116900234,12,0,12
116900235,110,8,102
116900238,86,2,84
116900239,30,36,-6
116900240,1163,316,847
116900241,0,0,0
116900242,106,264,-158
116900243,0,0,0
116900245,15,21,-6
116900246,9,0,9
116900247,172,3,169
116900248,2,3,-1
116900249,89,0,89
116900250,62,6,56
116900251,3,52,-49
116900252,35,36,-1
116900254,0,3,-3
116900255,0,0,0
116900256,0,0,0
116900257,0,0,0
116900258,0,0,0
116900259,40,5,35
116900260,0,0,0
116900261,28,10,18
116900262,36,0,36
116900263,1,0,1
116900264,101,10,91
116900265,0,0,0
116900266,0,0,0
116900267,5,0,5
116900268,0,0,0
116900269,282,96,186
116900271,0,0,0
116900272,57,10,47
116900273,0,4,-4
116900274,52,1,51
116900275,15,1,14
116900276,181,114,67
116900277,2,0,2
116900278,0,0,0
116900279,0,0,0
116900280,0,0,0
116900281,430,725,-295
116900282,0,5,-5
116900283,0,1,-1
116900284,0,2,-2
116900285,0,20,-20
116900286,7,0,7
116900287,0,6,-6
116900288,16,11,5
116900289,1,0,1
116900290,0,0,0
116900291,0,0,0
116900292,0,0,0
116900293,0,0,0
116900294,0,0,0
116900295,0,0,0
116900296,0,0,0
116900297,0,0,0
116900298,0,0,0
116900299,0,0,0
116900300,0,0,0
116900301,0,0,0
116900302,0,0,0
116900303,2,0,2
116900304,0,0,0
116900305,0,0,0
116900306,248,64,184
116900307,0,0,0
116900308,0,0,0
116900309,0,0,0
116900310,0,0,0
117000001,2452,1834,618
117000002,1222,515,707
117000003,3986,1493,2493
117000004,1276,863,413
117000005,2771,799,1972
117000006,555,669,-114
117000007,3343,650,2693
117000008,381,772,-391
117000009,1997,574,1423
117000010,640,610,30
117000011,1162,454,708
117000012,782,201,581
117000013,1398,324,1074
117000014,472,1211,-739
117000015,581,876,-295
117000016,41,143,-102
117000017,53,109,-56
117000018,17,336,-319
117000019,11,69,-58
117000020,161,864,-703
117000021,861,601,260
117000022,94,211,-117
117000023,66,340,-274
117000024,29,115,-86
117000025,1,85,-84
117000026,1089,1163,-74
117000027,195,267,-72
117000028,357,290,67
117000030,124,243,-119
117000031,336,239,97
117000032,814,639,175
117000033,503,302,201
117000034,293,192,101
117000035,557,123,434
117000036,204,160,44
117000037,276,107,169
117000038,178,252,-74
117000039,211,157,54
117000040,2,103,-101
117000041,713,10,703
117000044,0,103,-103
117000045,201,144,57
117000046,191,222,-31
117000047,814,296,518
117000048,299,273,26
117000049,25,178,-153
117000050,43,70,-27
117000051,1091,2,1089
117000052,9,70,-61
117000053,410,7,403
117000054,1029,13,1016
117000055,0,142,-142
117000056,349,63,286
117000057,59,165,-106
117000060,120,40,80
117000061,1688,611,1077
117000062,152,49,103
117000063,1531,374,1157
117000064,371,108,263
117000066,31,40,-9
117000067,251,305,-54
117000074,13,52,-39
117000076,15,5,10
117000077,33,13,20
117000078,146,54,92
117000079,47,6,41
117000080,0,0,0
117000081,197,14,183
117000082,1,33,-32
117000083,137,103,34
117000084,20,0,20
117000085,239,121,118
117000086,147,68,79
117000087,0,162,-162
117000088,257,76,181
117000089,1443,106,1337
117000090,74,159,-85
117000091,887,32,855
117000092,119,133,-14
117000093,1421,74,1347
117000094,185,148,37
117000095,2698,109,2589
117000096,190,158,32
117000097,2265,288,1977
117000098,417,391,26
117000099,3432,339,3093
117000100,89,65,24
117000101,69,74,-5
117000102,1857,233,1624
117000103,84,200,-116
117000104,1551,153,1398
117000105,101,213,-112
117000106,1759,149,1610
117000107,104,142,-38
117000108,1743,783,960
117000109,326,173,153
117000110,1781,1419,362
117000111,2346,2137,209
117000112,1439,627,812
117000113,44,41,3
117000114,124,34,90
117000115,21,10,11
117000116,95,18,77
117000117,161,140,21
117000118,80,69,11
117000119,18,226,-208
117000120,1,224,-223
117000121,1,239,-238
117000122,29,344,-315
117000123,117,31,86
117000124,3,11,-8
117000125,10,66,-56
117000126,5,4,1
117000127,18,19,-1
117000128,16,0,16
117000129,403,835,-432
117000130,61,2,59
117000131,0,0,0
117000132,1964,49,1915
117000133,1840,6,1834
117000134,0,0,0
117000135,0,0,0
117000136,0,0,0
117000137,256,105,151
117000138,0,0,0
117000140,63,100,-37
117000141,1856,178,1678
117000181,9,7,2
117000182,351,478,-127
117000195,0,15,-15
117000196,121,128,-7
117000225,1,30,-29
117000226,2,18,-16
117000276,176,3,173
117000277,0,18,-18
117000310,392,1907,-1515
117000315,14,211,-197
117000320,55,0,55
117000906,280,55,225
117000907,0,31,-31
117000909,65,80,-15
117000910,273,36,237
117000911,59,107,-48
117000915,0,82,-82
117000916,20,0,20
117000917,982,23,959
117000918,67,130,-63
117000919,0,2,-2
117000920,0,87,-87
117000921,0,19,-19
117000922,1,9,-8
117000924,171,380,-209
117000926,231,36,195
117000927,120,339,-219
117000928,0,0,0
117000929,27,34,-7
117000930,32,7,25
117000931,100,47,53
117900002,35,523,-488
117900003,0,0,0
117900005,0,16,-16
117900006,0,1,-1
117900007,89,5,84
117900008,0,0,0
117900010,124,20,104
117900011,0,35,-35
117900012,9,5,4
117900013,0,6,-6
117900014,163,53,110
117900015,0,14,-14
117900016,124,478,-354
117900017,375,86,289
117900018,40,38,2
117900019,325,25,300
117900020,6,97,-91
117900021,7,2,5
117900023,121,0,121
117900024,58,2,56
117900025,2,0,2
117900026,155,13,142
117900028,0,0,0
117900029,60,21,39
117900031,46,18,28
117900032,239,97,142
117900033,317,14,303
117900034,2,0,2
117900035,92,9,83
117900036,96,30,66
117900037,51,6,45
117900038,0,0,0
117900039,0,0,0
117900040,0,0,0
117900041,0,0,0
117900042,208,83,125
117900043,0,0,0
117900044,2,1480,-1478
117900045,63,37,26
117900048,145,23,122
117900049,84,25,59
117900050,0,99,-99
117900051,0,0,0
117900052,0,0,0
117900053,494,48,446
117900054,2,11,-9
117900055,80,54,26
117900056,4,0,4
117900057,150,234,-84
117900058,0,0,0
117900059,0,0,0
117900060,816,292,524
117900061,5,94,-89
117900063,128,37,91
117900065,49,76,-27
117900066,0,50,-50
117900067,373,56,317
117900069,430,17,413
117900070,31,67,-36
117900071,168,33,135
117900073,293,6,287
117900074,0,33,-33
117900075,88,5,83
117900076,0,1,-1
117900077,78,3,75
117900078,134,193,-59
117900080,95,54,41
117900081,21,30,-9
117900082,161,85,76
117900083,245,61,184
117900086,92,4,88
117900087,9,8,1
117900088,166,49,117
117900089,724,92,632
117900090,237,27,210
117900091,196,19,177
117900092,27,2,25
117900093,44,0,44
117900094,57,25,32
117900095,136,80,56
117900096,95,42,53
117900097,23,0,23
117900098,25,0,25
117900099,55,322,-267
117900100,188,0,188
117900101,407,694,-287
117900102,33,21,12
117900103,42,0,42
117900104,0,113,-113
117900105,73,9,64
117900106,16,16,0
117900107,69,0,69
117900109,274,211,63
117900110,55,0,55
117900111,304,15,289
117900112,11,0,11
117900113,132,1,131
117900114,27,0,27
117900115,2,14,-12
117900116,197,63,134
117900117,182,31,151
117900118,53,0,53
117900119,226,0,226
117900120,259,1,258
117900121,59,6,53
117900122,79,1121,-1042
117900123,241,40,201
117900124,123,46,77
117900125,363,176,187
117900126,48,32,16
117900127,179,10,169
117900128,165,41,124
117900129,32,0,32
117900130,198,0,198
117900131,0,0,0
117900132,0,0,0
117900133,0,0,0
117900134,0,0,0
117900135,0,0,0
117900136,0,0,0
117900137,0,0,0
117900138,0,0,0
117900139,14,0,14
117900140,1052,57,995
117900141,9,26,-17
117900142,7,34,-27
117900144,1,43,-42
117900145,0,22,-22
117900146,5,57,-52
117900147,29,6,23
117900148,115,801,-686
117900149,21,9,12
117900150,8,10,-2
117900151,40,18,22
117900152,0,0,0
117900153,1,81,-80
117900154,250,101,149
117900156,129,23,106
117900157,63,46,17
117900158,85,3,82
117900160,282,131,151
117900161,185,84,101
117900162,248,116,132
117900163,9,65,-56
117900165,0,0,0
117900166,4,34,-30
117900168,82,0,82
117900169,0,2,-2
117900170,0,2,-2
117900171,21,0,21
117900172,0,0,0
117900173,10,9,1
117900174,0,0,0
117900175,0,0,0
117900176,0,0,0
117900177,0,0,0
117900178,0,2,-2
117900180,24,1,23
117900181,0,409,-409
117900182,0,62,-62
117900183,40,63,-23
117900184,26,4,22
117900185,82,11,71
117900186,65,0,65
117900187,39,0,39
117900188,30,0,30
117900189,12,0,12
117900190,6,0,6
117900191,26,0,26
117900192,89,0,89
117900193,10,8,2
117900194,0,0,0
117900195,28,3,25
117900196,24,0,24
117900207,42,7,35
117900208,11,0,11
117900209,91,6,85
117900210,0,0,0
117900211,0,0,0
117900212,132,16,116
117900213,12,1,11
117900214,0,0,0
117900215,0,0,0
117900216,0,0,0
117900217,0,0,0
117900218,0,0,0
117900219,0,0,0
117900220,0,36,-36
117900222,5,20,-15
117900223,14,122,-108
118000001,229,973,-744
118000002,86,399,-313
118000003,1701,3110,-1409
118000004,485,440,45
118000005,973,1537,-564
118000006,1085,1707,-622
118000007,2556,4684,-2128
118000008,2292,2046,246
118000009,437,1273,-836
118000010,947,1123,-176
118000011,329,212,117
118000012,228,234,-6
118000013,267,259,8
118000014,354,365,-11
118000016,62,24,38
118000017,774,401,373
118000018,98,30,68
118000019,471,765,-294
118000020,80,626,-546
118000021,58,774,-716
118000022,499,424,75
118000023,280,267,13
118000024,329,420,-91
118000027,2837,4048,-1211
118000029,131,785,-654
118000032,179,1346,-1167
118000033,1522,1736,-214
118000034,1056,1355,-299
118000035,287,696,-409
118000036,115,404,-289
118000037,208,256,-48
118000038,80,221,-141
118000039,36,32,4
118000040,467,362,105
118000041,280,406,-126
118000045,61,45,16
118000046,24,912,-888
118000047,52,364,-312
118000048,488,1186,-698
118000051,819,1003,-184
118000052,476,1016,-540
118000053,208,441,-233
118000054,590,474,116
118000055,227,585,-358
118000056,21,214,-193
118000057,40,158,-118
118000058,389,307,82
118000059,216,861,-645
118000060,283,211,72
118000061,327,211,116
118000062,88,45,43
118000063,69,655,-586
118000064,166,851,-685
118000065,611,247,364
118000066,246,1676,-1430
118000067,96,738,-642
118000068,279,2099,-1820
118000069,341,556,-215
118000070,406,1133,-727
118000071,371,2358,-1987
118000072,393,2916,-2523
118000073,207,899,-692
118000074,65,329,-264
118000075,191,319,-128
118000076,2659,5590,-2931
118000077,636,637,-1
118000078,873,1161,-288
118000079,13,97,-84
118000080,92,270,-178
118000081,760,717,43
118000082,66,702,-636
118000083,293,867,-574
118000084,211,299,-88
118000086,5,93,-88
118000087,1025,1192,-167
118000088,282,1082,-800
118000089,581,733,-152
118000090,129,1272,-1143
118000091,161,1548,-1387
118000092,158,67,91
118000093,26,638,-612
118000096,82,336,-254
118000097,126,186,-60
118000098,151,237,-86
118000099,0,0,0
118000101,743,186,557
118000102,411,123,288
118000107,21,4,17
118000108,54,373,-319
118000110,0,0,0
118000111,0,0,0
118000112,268,0,268
118000113,0,0,0
118000114,337,1,336
118000115,0,2,-2
118000116,3,0,3
118000117,175,225,-50
118000118,358,494,-136
118000119,414,542,-128
118000120,331,147,184
118000121,11,105,-94
118000122,32,23,9
118000123,53,119,-66
118000125,31,125,-94
118000126,170,384,-214
118000127,509,514,-5
118000128,31,426,-395
118000129,196,286,-90
118000130,465,977,-512
118000131,66,149,-83
118000132,1451,1331,120
118000133,363,172,191
118000135,176,358,-182
118000136,22,197,-175
118000137,64,64,0
118000138,20,53,-33
118000139,137,5,132
118000140,968,4815,-3847
118000141,2421,1314,1107
118000142,685,665,20
118000143,2685,1590,1095
118000144,351,143,208
118000145,591,222,369
118000146,854,55,799
118000147,833,183,650
118000148,195,690,-495
118000149,343,120,223
118000150,740,190,550
118000151,418,53,365
118000153,1926,1025,901
118000154,1156,634,522
118000155,2224,1266,958
118000156,448,918,-470
118000157,242,113,129
118000158,64,150,-86
118000159,53,104,-51
118000160,529,175,354
118000161,316,138,178
118000162,476,292,184
118000163,532,712,-180
118000164,1023,665,358
118000168,43,1,42
118000169,149,440,-291
118000170,747,877,-130
118000171,82,156,-74
118000172,49,48,1
118000173,644,306,338
118000175,95,205,-110
118000176,283,308,-25
118000177,347,404,-57
118000178,0,34,-34
118000179,725,593,132
118000180,525,257,268
118000181,173,10,163
118000182,85,102,-17
118000183,168,165,3
118000184,808,231,577
118000185,169,589,-420
118000186,118,551,-433
118000187,918,143,775
118000188,87,13,74
118000189,28,11,17
118000190,4,0,4
118000191,21,15,6
118000192,22,105,-83
118000193,2,160,-158
118000194,571,1045,-474
118000195,55,839,-784
118000196,10,139,-129
118000197,117,367,-250
118000198,264,710,-446
118000199,444,680,-236
118000200,0,0,0
118000201,52,165,-113
118000202,0,0,0
118000203,11,108,-97
118000204,2,15,-13
118000205,40,47,-7
118000206,206,83,123
118000207,0,46,-46
118000208,635,796,-161
118000209,1005,157,848
118000210,105,13,92
118000211,60,25,35
118000213,162,866,-704
118000214,104,29,75
118000215,38,6,32
118000216,398,82,316
118000217,1,8,-7
118000218,10,1,9
118000219,31,56,-25
118000220,3,36,-33
118000221,11,325,-314
118000222,35,2,33
118000223,42,14,28
118000224,32,7,25
118000225,0,0,0
118000226,148,4,144
118000227,17,127,-110
118000228,0,0,0
118000229,0,0,0
118000230,0,0,0
118000231,0,0,0
118000232,0,0,0
118000233,452,52,400
118000234,0,0,0
118000236,109,4,105
118000237,0,0,0
118000238,168,1,167
118000239,227,116,111
118000240,48,17,31
118000241,19,1,18
118000242,0,0,0
118000243,0,0,0
118000244,24,18,6
118000246,0,0,0
118000255,84,149,-65
118000256,86,94,-8
118000259,0,3,-3
118000260,11,0,11
118000261,3,0,3
118000263,5,16,-11
118000266,106,30,76
118000267,0,0,0
118000268,18,0,18
118000270,0,0,0
118000271,79,28,51
118000272,29,2,27
118000273,0,0,0
118000274,0,0,0
118000276,42,4,38
118000295,0,0,0
118000298,2,0,2
118000299,0,0,0
118000301,0,0,0
118000302,34,2,32
118000311,197,18,179
118000312,0,0,0
118000313,10,11,-1
118000314,14,6,8
118000315,2,0,2
118000316,15,5,10
118000325,50,2,48
118000326,7,1,6
118000331,120,1,119
118000332,100,0,100
118000333,81,11,70
118000335,89,0,89
118000336,0,0,0
118000407,148,8,140
118000457,0,0,0
118000465,183,286,-103
118000480,3,3,0
118000489,8,197,-189
118000490,1,20,-19
118000492,288,48,240
118000510,0,0,0
118000514,18,13,5
118000515,60,153,-93
118000517,81,63,18
118000524,8,16,-8
118000525,4,6,-2
118000530,22,67,-45
118000531,150,116,34
118000532,0,0,0
118000533,0,0,0
118000534,0,0,0
118000535,136,19,117
118000536,4,7,-3
118000537,2,11,-9
118000538,3,18,-15
118000539,19,94,-75
118000540,15,5,10
118000541,12,3,9
118000542,25,53,-28
118000543,72,49,23
118000546,5,6,-1
118000553,0,0,0
118000557,0,0,0
118000560,0,0,0
118000562,0,0,0
118000563,715,736,-21
118000576,86,28,58
118000577,61,134,-73
118000578,79,14,65
118000579,135,242,-107
118000583,0,0,0
118000595,165,52,113
118000596,0,0,0
118000597,51,106,-55
118000598,5,0,5
118000599,384,3,381
118000600,2,1,1
118000601,0,0,0
118000602,1,0,1
118000603,0,2,-2
118000605,5,3,2
118000606,0,0,0
118900001,0,0,0
118900002,63,0,63
118900003,26,0,26
118900004,0,0,0
118900005,0,0,0
118900006,0,0,0
118900007,0,0,0
118900008,250,2,248
118900009,0,0,0
118900010,0,0,0
118900011,0,0,0
118900012,57,32,25
118900013,0,0,0
118900015,0,0,0
118900016,0,0,0
118900017,0,0,0
118900018,0,0,0
118900019,0,0,0
118900020,0,0,0
118900021,20,10,10
118900022,12,0,12
118900023,0,0,0
118900024,0,0,0
118900025,0,0,0
118900026,15,4,11
118900027,0,0,0
118900028,95,14,81
118900029,0,0,0
118900030,0,0,0
118900031,5,0,5
118900032,0,0,0
118900033,0,0,0
118900034,0,0,0
118900035,20,5,15
118900036,120,19,101
118900037,0,0,0
118900038,26,2,24
118900039,0,0,0
118900040,27,25,2
118900041,0,0,0
118900042,5,0,5
118900045,3,9,-6
118900046,1,7,-6
118900047,11,11,0
118900048,0,0,0
118900049,0,0,0
118900050,0,0,0
118900051,1,18,-17
118900052,0,0,0
118900053,0,0,0
118900054,10,5,5
118900055,0,0,0
118900056,0,0,0
118900057,42,80,-38
118900058,0,0,0
118900059,0,0,0
118900060,32,4,28
118900062,0,0,0
118900064,0,0,0
118900065,0,0,0
118900066,0,0,0
118900067,185,317,-132
118900068,0,0,0
118900069,0,0,0
118900071,0,0,0
118900072,0,0,0
118900073,0,0,0
118900074,0,0,0
118900075,0,0,0
118900076,0,0,0
118900077,0,0,0
118900078,0,0,0
118900079,0,0,0
118900080,0,0,0
118900081,0,0,0
118900082,0,0,0
118900083,0,0,0
118900084,0,0,0
118900085,0,0,0
118900086,0,0,0
118900087,0,0,0
118900088,0,0,0
118900089,0,0,0
118900090,0,0,0
118900091,0,0,0
118900092,0,0,0
118900093,0,0,0
118900096,0,10,-10
118900097,6,29,-23
118900099,8,0,8
118900100,0,0,0
118900101,0,0,0
118900102,0,0,0
118900103,0,0,0
118900104,51,0,51
118900105,0,0,0
118900107,0,0,0
118900108,0,0,0
118900110,34,1,33
118900111,0,0,0
118900112,0,0,0
118900113,0,0,0
118900114,0,0,0
118900115,1,18,-17
118900116,23,1,22
118900117,3,8,-5
118900118,26,1,25
118900119,14,2,12
118900120,0,2,-2
118900121,0,0,0
118900122,0,0,0
118900123,17,16,1
118900124,0,0,0
118900126,0,0,0
118900129,0,0,0
118900130,0,0,0
118900131,24,6,18
118900132,0,0,0
118900133,0,0,0
118900135,0,0,0
118900136,41,13,28
118900137,0,0,0
118900139,0,0,0
118900140,111,18,93
118900141,0,0,0
118900144,2,14,-12
118900145,0,0,0
118900146,7,28,-21
118900147,0,0,0
118900148,0,0,0
118900150,0,0,0
118900152,0,0,0
118900157,0,0,0
118900158,0,0,0
118900159,0,0,0
118900161,0,0,0
118900163,0,0,0
118900164,0,0,0
118900165,0,0,0
118900166,0,0,0
118900167,0,0,0
118900168,0,0,0
118900169,0,0,0
118900170,0,0,0
118900171,0,0,0
118900174,0,0,0
118900175,108,31,77
118900176,26,25,1
118900177,0,0,0
118900178,0,0,0
118900179,0,0,0
118900181,29,0,29
118900182,0,0,0
118900183,0,0,0
118900184,0,0,0
118900185,79,0,79
118900186,5,7,-2
118900187,26,25,1
118900188,48,15,33
118900189,0,0,0
118900190,0,0,0
118900191,0,0,0
118900192,0,0,0
118900193,0,0,0
118900195,18,0,18
118900196,0,0,0
118900197,0,0,0
118900198,0,0,0
118900199,0,0,0
118900200,0,0,0
118900201,0,0,0
118900202,0,0,0
118900203,0,0,0
118900204,0,0,0
118900205,0,0,0
118900206,0,0,0
119000001,836,699,137
119000002,1757,787,970
119000003,867,239,628
119000004,513,1122,-609
119000005,924,1405,-481
119000006,862,545,317
119000007,1790,1810,-20
119000008,224,351,-127
119000009,740,1903,-1163
119000010,677,940,-263
119000011,1039,930,109
119000012,548,993,-445
119000013,2510,1215,1295
119000014,733,1220,-487
119000019,14,10,4
119000020,523,879,-356
119000021,865,1410,-545
119000022,113,385,-272
119000023,37,139,-102
119000024,339,7383,-7044
119000025,299,124,175
119000026,9,133,-124
119000027,227,327,-100
119000028,1030,389,641
119000029,28,120,-92
119000030,174,685,-511
119000031,161,398,-237
119000032,162,547,-385
119000033,1087,1065,22
119000034,499,177,322
119000035,3,151,-148
119000036,1052,292,760
119000037,492,427,65
119000038,12,179,-167
119000039,335,141,194
119000040,126,364,-238
119000041,209,674,-465
119000048,1405,491,914
119000049,608,268,340
119000050,339,454,-115
119000051,219,221,-2
119000052,354,431,-77
119000053,487,357,130
119000054,899,136,763
119000055,2655,379,2276
119000056,1708,426,1282
119000057,795,378,417
119000058,537,297,240
119000059,655,317,338
119000060,469,121,348
119000061,207,232,-25
119000062,197,223,-26
119000063,393,273,120
119000064,131,152,-21
119000065,115,294,-179
119000066,660,598,62
119000067,526,406,120
119000068,584,239,345
119000069,538,270,268
119000070,743,154,589
119000071,68,110,-42
119000072,531,311,220
119000073,977,2242,-1265
119000074,1154,277,877
119000075,1351,881,470
119000076,24,218,-194
119000077,213,179,34
119000078,74,12,62
119000079,28,136,-108
119000080,86,26,60
119000081,125,14,111
119000082,55,12,43
119000083,47,36,11
119000084,225,45,180
119000085,87,49,38
119000086,92,35,57
119000087,295,101,194
119000088,89,6,83
119000089,4,48,-44
119000090,47,81,-34
119000091,23,51,-28
119000092,92,58,34
119000093,908,552,356
119000094,1450,1119,331
119000095,768,432,336
119000097,529,364,165
119000098,421,2078,-1657
119000099,976,411,565
119000100,1466,725,741
119000101,905,649,256
119000102,33,147,-114
119000103,366,146,220
119000104,144,52,92
119000105,118,588,-470
119000106,102,33,69
119000107,590,292,298
119000108,138,92,46
119000109,12,52,-40
119000110,0,0,0
119000111,0,5,-5
119000112,0,0,0
119000113,95,12,83
119000114,49,149,-100
119000115,112,66,46
119000116,14,127,-113
119000117,32,24,8
119000118,4,0,4
119000123,299,553,-254
119000124,326,27,299
119000125,1792,87,1705
119000126,662,100,562
119000127,31,14,17
119000128,1,1,0
119000131,380,60,320
119000132,0,0,0
119000133,2,4,-2
119000134,186,357,-171
119000135,31,34,-3
119000136,0,0,0
119000137,41,14,27
119000138,0,0,0
119000139,3,7,-4
119000140,0,0,0
119000284,149,458,-309
119000285,268,162,106
119000286,911,644,267
119000287,511,339,172
119000288,308,142,166
119000289,308,425,-117
119000290,246,241,5
119000291,5,74,-69
119000293,159,223,-64
119000294,73,48,25
119000295,326,229,97
119000296,57,11,46
119000302,1078,856,222
119000303,1,52,-51
119000314,278,2106,-1828
119000315,0,7,-7
119000316,0,0,0
119000317,21,13,8
119000319,143,12,131
119900001,0,0,0
119900002,71,13,58
119900003,0,0,0
119900004,0,0,0
119900005,0,0,0
119900006,0,0,0
119900007,6,0,6
119900008,0,0,0
119900009,57,32,25
119900010,171,161,10
119900011,0,0,0
119900012,0,0,0
119900013,207,161,46
119900014,68,50,18
119900015,0,0,0
119900016,0,0,0
119900017,0,0,0
119900018,114,152,-38
119900019,0,0,0
119900020,0,0,0
119900021,0,0,0
119900022,5,130,-125
119900023,40,677,-637
119900025,0,0,0
119900026,0,0,0
119900027,0,0,0
119900028,35,14,21
119900029,0,0,0
119900030,0,0,0
119900031,5,215,-210
119900033,195,70,125
119900034,0,0,0
119900037,0,0,0
119900038,21,21,0
119900039,0,0,0
119900040,74,1,73
119900041,0,0,0
119900042,0,0,0
119900043,3,4,-1
119900044,0,47,-47
119900046,0,0,0
119900047,0,0,0
119900049,0,0,0
119900050,1,3,-2
119900051,305,19,286
119900052,0,0,0
119900053,0,0,0
119900054,85,3,82
119900055,2,0,2
119900057,0,0,0
119900058,0,0,0
119900059,0,0,0
119900060,31,1,30
119900061,54,1,53
119900062,0,0,0
119900063,0,0,0
119900065,0,0,0
119900067,0,0,0
119900068,8,0,8
119900069,28,0,28
119900070,70,2,68
119900071,132,1,131
119900073,106,0,106
119900074,0,0,0
119900075,75,6,69
119900076,0,0,0
119900077,28,0,28
119900078,113,1,112
119900079,63,1,62
119900080,58,17,41
119900081,140,4,136
119900082,981,146,835
119900083,105,78,27
119900084,0,0,0
119900085,0,0,0
119900086,69,28,41
119900087,0,0,0
119900088,0,0,0
119900089,0,10,-10
119900090,0,0,0
119900091,11,30,-19
119900092,0,3,-3
119900093,0,0,0
119900094,0,1,-1
119900095,0,0,0
119900096,0,0,0
119900097,1,1,0
119900098,0,0,0
119900099,0,0,0
119900100,76,99,-23
119900101,5,91,-86
119900102,0,0,0
119900103,0,0,0
119900104,0,0,0
119900105,31,9,22
119900106,0,0,0
119900107,0,0,0
119900108,421,154,267
119900109,0,0,0
119900110,28,9,19
119900111,6,2,4
119900112,0,0,0
119900113,1,0,1
119900114,47,56,-9
119900115,24,8,16
119900116,0,5,-5
119900117,35,8,27
119900118,45,2,43
119900119,0,13,-13
119900120,36,10,26
119900121,0,0,0
119900122,1,1,0
119900123,0,2,-2
119900124,0,3,-3
119900125,0,0,0
119900126,170,19,151
119900127,17,0,17
119900128,18,4,14
119900129,7,3,4
119900130,0,0,0
119900131,0,1,-1
119900132,0,0,0
119900133,0,0,0
119900134,12,0,12
119900135,0,0,0
119900136,0,0,0
119900138,0,0,0
119900139,0,0,0
119900140,0,0,0
119900141,0,0,0
119900142,0,0,0
119900143,1,1,0
119900144,0,0,0
119900145,0,0,0
119900146,0,0,0
119900147,0,0,0
119900148,0,0,0
119900149,18,478,-460
119900150,0,0,0
119900151,121,120,1
119900152,0,0,0
119900153,0,0,0
119900154,0,0,0
119900155,0,0,0
119900156,31,4,27
119900157,0,0,0
119900158,0,0,0
119900159,0,0,0
119900160,0,0,0
119900161,37,10,27
119900162,110,18,92
119900163,0,0,0
119900164,0,0,0
119900165,0,0,0
119900166,0,0,0
119900167,0,0,0
119900168,129,1,128
119900169,0,0,0
119900170,0,0,0
119900171,1,2,-1
119900172,0,0,0
119900173,0,0,0
119900174,0,0,0
119900175,222,27,195
119900177,0,1,-1
119900178,0,0,0
119900179,33,332,-299
119900180,140,7,133
119900181,0,0,0
119900182,0,0,0
119900183,0,0,0
119900184,7,1,6
119900185,2,53,-51
119900186,0,0,0
119900187,0,0,0
119900188,79,32,47
119900189,0,0,0
119900190,0,0,0
119900191,2,2,0
119900192,0,0,0
119900193,103,9,94
119900194,0,0,0
119900195,0,0,0
119900196,0,0,0
119900197,0,0,0
119900198,0,0,0
119900199,0,0,0
119900200,0,0,0
119900201,0,0,0
119900202,0,1,-1
119900203,0,0,0
119900204,3,1,2
119900205,243,27,216
119900206,0,0,0
119900208,1,0,1
119900209,61,76,-15
119900210,0,0,0
119900211,0,0,0
119900212,428,11,417
119900213,0,0,0
119900214,0,0,0
119900215,0,0,0
119900216,0,0,0
119900217,0,0,0
119900218,0,0,0
119900219,0,0,0
119900220,0,0,0
119900221,0,0,0
119900222,0,0,0
119900223,0,0,0
119900224,0,0,0
119900225,0,0,0
119900226,10,120,-110
119900227,15,14,1
119900228,0,1,-1
119900229,0,0,0
119900230,36,0,36
119900231,26,6,20
119900232,0,0,0
119900233,0,0,0
119900234,0,0,0
119900235,0,0,0
119900236,0,0,0
119900237,4,3,1
119900238,0,0,0
119900240,0,0,0
119900241,0,0,0
119900242,96,0,96
119900244,26,147,-121
119900245,0,0,0
119900246,0,0,0
119900247,0,0,0
119900248,0,0,0
119900249,0,0,0
119900253,138,183,-45
119900254,3,274,-271
119900255,19,1,18
119900256,168,50,118
119900257,0,0,0
119900258,0,0,0
119900259,1,0,1
119900260,0,0,0
119900261,71,12,59
119900262,6,0,6
119900263,113,7,106
119900264,0,0,0
119900265,0,0,0
119900266,0,0,0
119900267,0,16,-16
119900268,1,0,1
119900269,95,34,61
119900271,0,0,0
119900272,1,2,-1
119900275,0,0,0
119900276,0,0,0
119900277,0,0,0
119900278,0,0,0
119900279,0,0,0
119900280,24,0,24
119900281,0,0,0
119900282,0,0,0
119900283,0,10,-10
119900284,182,109,73
119900285,0,0,0
119900286,0,0,0
119900288,0,14,-14
119900289,0,0,0
119900290,0,0,0
119900291,0,0,0
119900292,4,21,-17
119900293,3,2,1
119900294,4,31,-27
119900295,70,2,68
119900296,52,11,41
119900297,0,2,-2
119900298,2,0,2
119900299,0,1,-1
119900300,0,0,0
119900301,0,0,0
119900302,0,0,0
119900303,0,0,0
119900304,0,0,0
119900305,0,0,0
119900306,0,0,0
119900307,0,0,0
119900308,0,0,0
119900309,0,0,0
119900310,2,1,1
119900311,0,0,0
119900312,26,0,26
119900313,3,0,3
119900314,0,0,0
119900315,0,0,0
119900318,0,0,0
119900319,1,0,1
119900320,90,5,85
119900321,79,31,48
120000001,3990,13105,-9115
120000002,802,624,178
120000003,525,486,39
120000004,873,788,85
120000005,839,561,278
120000006,337,239,98
120000007,432,282,150
120000008,260,416,-156
120000009,314,257,57
120000010,523,355,168
120000011,217,286,-69
120000012,171,333,-162
120000013,964,621,343
120000014,304,425,-121
120000015,1261,700,561
120000016,2932,1679,1253
120000017,1720,1679,41
120000018,1987,6211,-4224
120000019,354,592,-238
120000020,1596,1412,184
120000021,808,1543,-735
120000022,3431,3636,-205
120000023,667,744,-77
120000024,693,937,-244
120000025,1912,556,1356
120000026,1277,1377,-100
120000027,1775,1840,-65
120000028,453,177,276
120000029,148,468,-320
120000030,32,296,-264
120000031,532,1335,-803
120000032,1373,1137,236
120000033,1173,285,888
120000034,1575,300,1275
120000035,1211,281,930
120000036,1361,1887,-526
120000037,546,1461,-915
120000038,961,1781,-820
120000039,53,156,-103
120000040,15,116,-101
120000041,53,137,-84
120000042,385,437,-52
120000043,1755,465,1290
120000044,3190,436,2754
120000045,2962,238,2724
120000046,2101,1607,494
120000047,252,2579,-2327
120000048,2377,1795,582
120000049,1794,591,1203
120000050,882,1090,-208
120000051,791,1473,-682
120000052,1058,715,343
120000053,625,471,154
120000054,490,633,-143
120000055,914,644,270
120000056,2067,1013,1054
120000057,1034,216,818
120000058,234,249,-15
120000059,76,960,-884
120000061,14,149,-135
120000062,81,78,3
120000063,159,276,-117
120000064,127,276,-149
120000065,170,165,5
120000066,83,64,19
120000067,5,70,-65
120000068,36,124,-88
120000069,202,115,87
120000070,99,167,-68
120000071,382,13,369
120000072,573,58,515
120000073,492,1,491
120000074,47,4,43
120000075,612,55,557
120000076,1207,95,1112
120000077,1069,140,929
120000078,766,154,612
120000079,527,75,452
120000080,171,56,115
120000081,224,82,142
120000082,182,176,6
120000083,37,1027,-990
120000084,62,41,21
120000085,69,10,59
120000086,77,69,8
120000087,99,70,29
120000088,322,331,-9
120000089,1067,186,881
120000090,341,124,217
120000091,592,203,389
120000092,600,111,489
120000093,343,183,160
120000094,115,361,-246
120000095,270,119,151
120000096,98,52,46
120000098,276,132,144
120000099,46,109,-63
120000100,220,175,45
120000101,178,81,97
120000102,408,906,-498
120000103,787,460,327
120000104,1932,119,1813
120000105,2327,77,2250
120000106,2217,68,2149
120000107,3651,91,3560
120000108,1203,35,1168
120000109,717,19,698
120000110,2,143,-141
120000111,3,88,-85
120000112,23,256,-233
120000113,50,226,-176
120000114,91,177,-86
120000115,41,154,-113
120000116,52,157,-105
120000117,293,119,174
120000118,2,24,-22
120000119,6,51,-45
120000120,38,82,-44
120000121,17,32,-15
120000122,85,304,-219
120000123,470,3890,-3420
120000124,230,149,81
120000125,194,88,106
120000126,124,265,-141
120000127,145,142,3
120000128,521,850,-329
120000129,86,121,-35
120000130,409,258,151
120000131,191,195,-4
120000134,29,10,19
120000135,60,300,-240
120000137,2,13,-11
120000138,318,39,279
120000139,61,27,34
120000140,141,8,133
120000141,120,26,94
120000142,411,74,337
120000143,0,10,-10
120000144,34,0,34
120000145,55,0,55
120000146,547,669,-122
120000149,226,92,134
120000150,286,3654,-3368
120000151,223,138,85
120000152,379,28,351
120000153,73,48,25
120000154,68,225,-157
120000155,36,115,-79
120000156,116,227,-111
120000157,348,133,215
120000158,114,130,-16
120000159,536,674,-138
120000160,1072,718,354
120000161,755,797,-42
120000162,32,235,-203
120000163,245,127,118
120000164,231,50,181
120000165,230,39,191
120000166,771,29,742
120000167,0,0,0
120000168,0,0,0
120000169,0,0,0
120000170,0,0,0
120000171,0,0,0
120000172,0,0,0
120000173,32,1,31
120000174,7,0,7
120000175,7,0,7
120000176,0,0,0
120000177,89,4,85
120000178,2,0,2
120000179,3,1,2
120000180,9,2,7
120000181,1,85,-84
120000182,7,134,-127
120000183,2,146,-144
120000184,15,406,-391
120000186,3,58,-55
120000187,8,49,-41
120000188,9,45,-36
120000190,43,89,-46
120000191,48,54,-6
120000192,25,20,5
120000193,48,6,42
120000195,1,0,1
120000196,4,2,2
120000197,1,4,-3
120000198,12,0,12
120000199,0,0,0
120000200,0,0,0
120000201,0,0,0
120000202,0,0,0
120000203,0,0,0
120000207,0,0,0
120000208,0,0,0
120000209,0,0,0
120000210,0,0,0
120000211,0,0,0
120000212,0,0,0
120000213,0,0,0
120000214,0,0,0
120000215,0,0,0
120000216,0,0,0
120000217,0,0,0
120000218,0,0,0
120000219,0,0,0
120000220,0,0,0
120000225,787,0,787
120000226,196,1,195
120000227,255,22,233
120000228,3,3,0
120000230,30,0,30
120000231,136,44,92
120000233,270,0,270
120000235,7,30,-23
120000236,840,0,840
120000237,0,24,-24
120000238,0,0,0
120000241,684,1619,-935
120000412,40,174,-134
120000413,44,1,43
120000414,160,0,160
120000415,0,5,-5
120000416,30,0,30
120000417,0,2,-2
120000418,132,0,132
120000419,0,3,-3
120000420,38,2,36
120000421,1945,1072,873
120000422,4,279,-275
120000423,0,0,0
120000424,0,0,0
120000436,55,687,-632
120000437,17,14,3
120000438,153,112,41
120000439,158,248,-90
120000443,148,20,128
120000444,1127,94,1033
120000445,991,513,478
120000446,124,58,66
120000447,148,0,148
120000449,46,0,46
120000450,0,4,-4
120000451,48,107,-59
120000452,207,14,193
120000453,0,0,0
120000454,40,9,31
120000455,7,44,-37
120000456,86,674,-588
120000457,327,341,-14
120000458,181,72,109
120000459,60,14,46
120000665,14,88,-74
120000668,6,244,-238
120000669,69,71,-2
120000670,6,195,-189
120000671,460,248,212
120000672,4,128,-124
120900001,90,14,76
120900002,1,9,-8
120900003,0,0,0
120900004,1,19,-18
120900005,6,67,-61
120900006,244,26,218
120900007,0,0,0
120900008,170,54,116
120900009,0,0,0
120900010,201,46,155
120900011,0,0,0
120900012,11,259,-248
120900013,58,14,44
120900014,0,18,-18
120900015,500,6,494
120900016,631,0,631
120900017,39,1,38
120900018,60,17,43
120900019,61,118,-57
120900020,32,212,-180
120900021,229,5,224
120900022,0,4,-4
120900023,360,8,352
120900024,242,28,214
120900025,21,34,-13
120900026,6,19,-13
120900027,0,0,0
120900028,301,69,232
120900029,0,0,0
120900030,542,94,448
120900031,226,4,222
120900032,803,27,776
120900033,384,2,382
120900034,1,378,-377
120900035,30,0,30
120900037,160,2,158
120900038,0,0,0
120900039,0,0,0
120900040,108,0,108
120900041,2,2,0
120900042,227,34,193
120900043,24,1,23
120900044,0,58,-58
120900045,10,2,8
120900046,368,0,368
120900047,0,0,0
120900048,0,0,0
120900049,184,0,184
120900050,160,554,-394
120900051,150,61,89
120900052,277,0,277
120900053,0,0,0
120900054,115,2,113
120900055,306,1,305
120900056,0,0,0
120900057,0,0,0
120900058,427,1,426
120900059,69,0,69
120900060,0,0,0
120900061,29,3,26
120900062,151,19,132
120900063,0,0,0
120900064,370,0,370
120900065,288,0,288
120900066,280,6,274
120900067,59,28,31
120900068,102,0,102
120900069,0,0,0
120900071,21,0,21
120900072,0,0,0
120900073,0,0,0
120900074,113,9,104
120900076,163,0,163
120900077,475,129,346
120900078,764,110,654
120900079,97,5,92
120900080,103,2,101
120900081,590,46,544
120900082,115,3,112
120900083,135,0,135
120900084,108,125,-17
120900085,0,0,0
120900086,1,141,-140
120900087,141,63,78
120900088,4,173,-169
120900089,307,1527,-1220
120900090,26,0,26
120900091,20,262,-242
120900092,18,15,3
120900093,0,0,0
120900094,18,28,-10
120900095,0,0,0
120900096,0,3,-3
120900097,30,46,-16
120900098,0,0,0
120900099,1,1,0
120900100,0,0,0
120900101,0,0,0
120900102,0,0,0
120900103,56,11,45
120900104,1,2,-1
120900105,0,0,0
120900106,78,22,56
120900107,28,3,25
120900108,0,0,0
120900109,0,32,-32
120900110,0,0,0
120900111,3,0,3
120900112,0,0,0
120900113,2,32,-30
120900114,3,6,-3
120900115,19,55,-36
120900116,50,19,31
120900117,0,0,0
120900118,7,29,-22
120900119,686,351,335
120900120,0,29,-29
120900121,0,14,-14
120900122,87,16,71
120900123,0,0,0
120900124,0,17,-17
120900125,0,21,-21
120900126,22,12,10
120900127,0,0,0
120900128,12,17,-5
120900129,100,26,74
120900130,0,40,-40
120900131,0,0,0
120900132,705,39,666
120900133,1,35,-34
120900134,5,13,-8
120900135,20,18,2
120900136,0,0,0
120900137,130,1,129
120900138,0,10,-10
120900139,0,13,-13
120900140,0,0,0
120900141,65,20,45
120900142,0,5,-5
120900143,0,14,-14
120900144,0,25,-25
120900145,15,25,-10
120900146,0,19,-19
120900147,4,0,4
120900148,17,11,6
120900149,0,11,-11
120900150,5,20,-15
120900151,33,9,24
120900152,15,0,15
120900153,0,0,0
120900154,0,6,-6
120900155,9,6,3
120900156,102,19,83
120900157,0,0,0
120900158,0,6,-6
120900159,0,0,0
120900160,2,3,-1
120900161,0,0,0
120900162,0,0,0
120900163,0,0,0
120900164,0,0,0
120900165,0,0,0
120900166,0,0,0
120900167,0,0,0
120900169,0,0,0
120900170,15,861,-846
120900171,29,3,26
120900172,0,0,0
120900173,1,1,0
120900174,0,0,0
120900175,33,0,33
120900176,0,117,-117
120900177,0,575,-575
120900178,0,151,-151
120900179,20,15,5
120900180,3,0,3
120900181,0,0,0
120900182,0,0,0
120900183,27,14,13
120900184,0,0,0
120900185,0,0,0
120900186,0,16,-16
120900187,94,79,15
120900188,7,0,7
120900189,0,0,0
120900190,47,5,42
120900191,5,0,5
120900192,665,2058,-1393
120900194,6,1,5
120900195,20,13,7
120900196,0,0,0
120900197,268,28,240
120900198,24,32,-8
120900199,48,74,-26
120900200,0,0,0
120900201,61,7,54
120900202,0,2,-2
120900203,2,2,0
120900204,13,9,4
120900205,1,1,0
120900206,4,1,3
120900207,0,42,-42
121000001,139,510,-371
121000002,251,847,-596
121000003,374,869,-495
121000004,299,1160,-861
121000005,1307,2649,-1342
121000006,598,1103,-505
121000007,227,1204,-977
121000008,642,1244,-602
121000009,744,2709,-1965
121000010,724,1178,-454
121000011,1045,3050,-2005
121000012,1757,1234,523
121000013,1463,3188,-1725
121000014,1758,1379,379
121000015,2112,3739,-1627
121000016,651,575,76
121000017,372,1566,-1194
121000018,661,1067,-406
121000019,1755,2928,-1173
121000020,3552,6515,-2963
121000021,264,489,-225
121000022,373,2206,-1833
121000023,564,294,270
121000024,1365,1895,-530
121000025,78,255,-177
121000026,74,155,-81
121000027,167,599,-432
121000028,50,196,-146
121000029,132,196,-64
121000030,0,0,0
121000031,53,154,-101
121000032,0,0,0
121000034,17,61,-44
121000035,0,17,-17
121000036,113,225,-112
121000037,111,408,-297
121000038,577,574,3
121000039,76,63,13
121000041,53,144,-91
121000042,11,183,-172
121000043,282,332,-50
121000044,48,233,-185
121000045,78,137,-59
121000046,0,0,0
121000047,3,16,-13
121000049,315,212,103
121000050,100,1595,-1495
121000051,175,93,82
121000052,45,712,-667
121000053,11,66,-55
121000054,2,24,-22
121000055,231,529,-298
121000056,769,450,319
121000057,0,18,-18
121000058,71,72,-1
121000059,225,889,-664
121000060,446,668,-222
121000061,4,435,-431
121000062,180,236,-56
121000063,139,627,-488
121000064,175,586,-411
121000065,77,143,-66
121000066,55,11,44
121000067,92,27,65
121000068,106,499,-393
121000069,18,721,-703
121000070,263,311,-48
121000071,350,926,-576
121000072,46,73,-27
121000073,105,391,-286
121000074,7,28,-21
121000075,0,20,-20
121000076,28,73,-45
121000077,3,55,-52
121000078,0,43,-43
121000080,169,134,35
121000081,362,1306,-944
121000082,2,11,-9
121000083,41,73,-32
121000084,0,0,0
121000085,10,42,-32
121000086,21,240,-219
121000087,4,165,-161
121000088,160,117,43
121000089,3,283,-280
121000090,76,81,-5
121000091,359,724,-365
121000092,56,34,22
121000093,22,82,-60
121000094,44,118,-74
121000095,11,96,-85
121000096,586,291,295
121000097,106,530,-424
121000098,84,148,-64
121000099,165,113,52
121000100,298,126,172
121000101,81,124,-43
121000102,4,3,1
121000103,40,98,-58
121000104,17,0,17
121000105,1,0,1
121000106,43,168,-125
121000107,680,1390,-710
121000109,406,902,-496
121000110,12,597,-585
121000114,685,1552,-867
121000115,54,76,-22
121000116,61,88,-27
121000117,51,40,11
121000118,118,40,78
121000119,15,34,-19
121000120,59,423,-364
121000121,72,91,-19
121000123,63,76,-13
121000127,6,44,-38
121000128,160,55,105
121000129,105,77,28
121000130,128,179,-51
121000131,43,202,-159
121000132,86,196,-110
121000135,120,170,-50
121000136,272,634,-362
121000137,110,160,-50
121000138,147,1197,-1050
121000139,0,0,0
121000141,32,4,28
121000142,10,82,-72
121000143,1,6,-5
121000144,501,768,-267
121000145,96,198,-102
121000146,229,126,103
121000147,162,47,115
121000148,96,144,-48
121000149,405,586,-181
121000152,75,96,-21
121000153,158,76,82
121000154,298,50,248
121000155,261,371,-110
121000156,120,174,-54
121000157,158,221,-63
121000158,515,208,307
121000159,235,132,103
121000160,192,71,121
121000161,115,174,-59
121000162,88,65,23
121000165,599,1607,-1008
121000166,12,325,-313
121000168,50,87,-37
121000169,4,28,-24
121000170,70,5,65
121000171,10,46,-36
121000172,143,323,-180
121000173,521,622,-101
121000174,202,450,-248
121000175,373,91,282
121000176,121,146,-25
121000177,151,64,87
121000178,94,25,69
121000179,4,5,-1
121000181,110,47,63
121000182,214,276,-62
121000183,17,179,-162
121000184,17,321,-304
121000185,3,764,-761
121000186,104,652,-548
121000187,142,105,37
121000188,67,45,22
121000192,166,79,87
121000193,60,22,38
121000194,426,743,-317
121000195,154,526,-372
121000196,28,105,-77
121000197,25,56,-31
121000198,21,162,-141
121000199,16,39,-23
121000200,167,126,41
121000201,0,108,-108
121000202,64,2,62
121000203,5,103,-98
121000204,705,30,675
121000205,89,138,-49
121000206,180,160,20
121000207,609,314,295
121000208,0,111,-111
121000209,356,19,337
121000210,351,135,216
121000211,19,3,16
121000212,85,73,12
121000213,356,381,-25
121000214,221,1061,-840
121000215,332,109,223
121000216,136,457,-321
121000217,961,1597,-636
121000218,46,370,-324
121000219,313,305,8
121000220,45,0,45
121000221,8,72,-64
121000222,573,781,-208
121000223,0,0,0
121000224,155,157,-2
121000225,63,846,-783
121000226,205,834,-629
121000227,8,132,-124
121000228,9,38,-29
121000229,0,19,-19
121000230,11,151,-140
121000231,488,12,476
121000232,19,33,-14
121000233,95,70,25
121000234,0,72,-72
121000235,14,78,-64
121000236,1,32,-31
121000237,3,3,0
121000238,4,2,2
121000239,12,0,12
121000240,3,21,-18
121000241,53,0,53
121000242,0,14,-14
121000243,36,0,36
121000244,0,0,0
121000245,28,0,28
121000246,0,16,-16
121000247,23,0,23
121000248,68,31,37
121000249,1,16,-15
121000250,128,258,-130
121000251,0,77,-77
121000252,4,19,-15
121000253,38,115,-77
121000254,199,67,132
121000255,1,89,-88
121000256,58,190,-132
121000257,7,53,-46
121000258,63,139,-76
121000259,8,15,-7
121000260,2,13,-11
121000261,4,176,-172
121000262,93,90,3
121000263,292,34,258
121000271,46,953,-907
121000273,5,0,5
121000274,2,34,-32
121000275,1,1,0
121000276,0,29,-29
121000278,18,25,-7
121000279,0,3,-3
121000280,1,17,-16
121000289,60,9,51
121000290,69,431,-362
121000294,80,8,72
121000297,174,355,-181
121000299,58,155,-97
121000300,90,115,-25
121000302,3,240,-237
121000303,51,39,12
121000304,379,50,329
121000305,47,56,-9
121000306,100,161,-61
121000308,0,0,0
121000309,0,0,0
121000310,0,0,0
121000311,0,0,0
121000312,67,103,-36
121000313,0,0,0
121000314,0,4,-4
121000315,0,6,-6
121000530,551,427,124
121000531,731,360,371
121000532,1377,1498,-121
121000533,2074,1343,731
121000918,0,0,0
121000919,21,109,-88
121000938,4,7,-3
121000939,19,118,-99
121000956,425,236,189
121000957,0,0,0
121000958,13,8,5
121000959,235,54,181
121000960,262,202,60
121000961,142,1,141
121000962,19,57,-38
121000973,0,0,0
121000976,0,0,0
121000979,0,0,0
121000981,62,4,58
121000982,363,96,267
121000983,68,12,56
121000984,0,4,-4
121000985,197,79,118
121000986,70,72,-2
121000987,54,169,-115
121000988,361,44,317
121001302,1,26,-25
121001308,1,24,-23
121001309,0,226,-226
121001313,0,0,0
121001314,410,263,147
121001315,1728,249,1479
121001326,43,114,-71
121900001,69,371,-302
121900002,1,0,1
121900003,0,0,0
121900004,0,0,0
121900005,4,0,4
121900006,0,0,0
121900007,129,35,94
121900008,2,0,2
121900009,5,4,1
121900010,0,0,0
121900011,1,0,1
121900012,3,0,3
121900013,1,0,1
121900014,0,0,0
121900015,0,0,0
121900016,0,0,0
121900017,0,0,0
121900018,0,0,0
121900019,0,0,0
121900020,2,0,2
121900021,88,0,88
121900022,0,0,0
121900023,0,0,0
121900024,0,0,0
121900025,0,0,0
121900026,2,0,2
121900027,0,0,0
121900028,1,0,1
121900029,0,0,0
121900030,0,0,0
121900031,0,71,-71
121900032,0,0,0
121900033,0,0,0
121900034,0,0,0
121900035,0,0,0
121900036,0,0,0
121900037,0,0,0
121900038,0,0,0
121900039,0,0,0
121900040,0,0,0
121900041,0,0,0
121900042,0,0,0
121900043,0,0,0
121900044,0,0,0
121900046,0,0,0
121900047,0,0,0
121900048,0,0,0
121900050,0,0,0
121900051,0,0,0
121900052,0,0,0
121900053,15,3,12
121900054,0,0,0
121900055,0,0,0
121900058,0,0,0
121900059,0,0,0
121900060,0,0,0
121900062,0,0,0
121900063,10,13,-3
121900064,0,0,0
121900066,0,0,0
121900067,0,0,0
121900069,0,0,0
121900070,1,2,-1
121900071,0,0,0
121900072,0,0,0
121900073,0,0,0
121900074,20,0,20
121900075,4,3,1
121900076,0,0,0
121900078,0,0,0
121900079,0,0,0
121900080,0,0,0
121900082,0,0,0
121900084,0,0,0
121900086,0,0,0
121900087,0,0,0
121900088,0,0,0
121900089,0,0,0
121900090,0,0,0
121900091,0,0,0
121900092,0,0,0
121900093,0,0,0
121900094,0,0,0
121900095,0,0,0
121900096,0,0,0
121900097,0,0,0
121900098,0,0,0
121900099,0,0,0
121900100,0,0,0
121900101,0,0,0
121900102,0,0,0
121900103,0,0,0
121900104,81,44,37
121900105,0,0,0
121900106,0,0,0
121900107,0,0,0
121900108,0,0,0
121900109,0,0,0
121900110,0,0,0
121900111,0,0,0
121900112,0,0,0
121900113,0,0,0
121900114,6,0,6
121900117,0,0,0
121900118,1,0,1
121900119,0,0,0
121900120,0,0,0
121900121,0,0,0
121900122,0,0,0
121900123,0,0,0
121900124,0,0,0
121900125,3,0,3
121900127,0,0,0
121900128,0,0,0
121900129,0,0,0
121900130,0,0,0
121900131,0,0,0
121900132,0,0,0
121900133,0,0,0
121900134,0,0,0
121900135,122,34,88
121900136,4,0,4
121900137,0,0,0
121900138,0,0,0
121900139,0,0,0
121900140,0,0,0
121900141,16,0,16
121900142,0,0,0
121900143,0,0,0
121900144,0,0,0
121900145,0,0,0
121900146,0,0,0
121900147,0,0,0
121900148,0,0,0
121900149,0,0,0
121900150,0,0,0
121900151,0,0,0
121900152,0,0,0
121900153,0,0,0
121900154,0,0,0
121900155,0,0,0
121900156,0,0,0
121900157,0,0,0
121900158,0,0,0
121900159,0,0,0
121900160,0,0,0
121900161,0,0,0
121900162,0,0,0
121900163,0,0,0
121900164,0,0,0
121900165,0,0,0
121900166,0,0,0
121900167,0,0,0
121900168,0,0,0
121900169,0,0,0
121900170,0,0,0
121900171,0,0,0
121900172,0,0,0
121900173,0,0,0
121900174,0,0,0
121900175,0,0,0
121900176,0,0,0
121900177,0,0,0
121900178,0,0,0
121900179,0,0,0
121900180,75,285,-210
121900182,0,0,0
121900183,0,0,0
121900184,0,0,0
121900186,0,0,0
121900187,0,0,0
121900188,0,0,0
121900189,0,0,0
121900190,15,0,15
121900191,0,0,0
121900192,0,0,0
121900193,0,0,0
121900194,0,0,0
121900195,0,0,0
121900196,0,0,0
121900197,0,0,0
121900198,349,0,349
121900199,0,0,0
121900200,0,0,0
121900201,0,0,0
121900202,0,0,0
121900203,0,0,0
121900204,0,0,0
121900205,0,0,0
121900206,0,0,0
121900207,0,0,0
121900208,0,0,0
121900209,0,0,0
121900210,0,0,0
121900211,2,0,2
121900212,0,0,0
121900213,0,0,0
121900214,0,0,0
121900215,0,0,0
121900216,0,0,0
121900217,0,0,0
121900218,0,0,0
121900220,0,0,0
121900221,0,0,0
121900222,0,0,0
121900223,0,0,0
121900224,0,0,0
121900225,0,0,0
121900226,1,1,0
121900227,0,0,0
121900228,0,0,0
121900230,0,0,0
121900231,0,0,0
121900232,0,0,0
121900233,0,0,0
121900234,0,0,0
121900235,0,0,0
121900236,0,0,0
121900237,0,0,0
121900238,0,0,0
121900239,0,0,0
121900240,0,0,0
121900241,0,0,0
121900242,0,0,0
121900243,0,0,0
121900244,0,0,0
121900245,0,0,0
121900246,11,0,11
121900248,0,0,0
121900250,0,0,0
121900251,0,0,0
121900252,0,0,0
121900253,1,115,-114
121900254,0,0,0
121900255,0,0,0
121900258,450,265,185
121900259,0,0,0
121900260,0,0,0
121900261,0,0,0
121900262,0,0,0
121900263,0,0,0
121900264,0,0,0
121900265,0,0,0
121900266,0,0,0
121900267,0,0,0
121900269,0,0,0
121900270,0,0,0
121900271,0,0,0
121900273,2,19,-17
121900274,47,12,35
121900277,0,0,0
121900278,0,0,0
121900279,0,0,0
121900280,0,0,0
121900281,0,0,0
121900284,0,0,0
121900286,39,1,38
121900287,16,6,10
121900288,0,0,0
121900290,0,0,0
121900291,1,2,-1
121900292,11,3,8
121900293,0,1,-1
121900294,0,0,0
121900295,0,0,0
121900296,0,0,0
121900298,1,12,-11
121900299,0,0,0
121900300,23,0,23
121900301,0,0,0
121900302,0,0,0
121900303,0,0,0
121900304,0,0,0
121900305,0,0,0
121900306,0,0,0
121900307,31,0,31
121900308,0,0,0
121900309,0,0,0
121900310,0,0,0
121900311,62,0,62
121900312,24,0,24
121900313,47,0,47
121900314,0,0,0
121900315,0,0,0
121900316,0,0,0
121900317,0,0,0
121900318,0,0,0
121900319,0,0,0
121900320,0,0,0
121900321,0,0,0
121900322,0,0,0
121900323,0,0,0
121900324,0,0,0
121900325,0,0,0
121900326,0,0,0
121900327,0,0,0
121900328,0,0,0
121900329,0,0,0
121900330,0,0,0
121900331,0,0,0
121900332,0,0,0
121900333,0,0,0
121900334,0,0,0
122000001,307,717,-410
122000002,398,327,71
122000003,217,644,-427
122000004,308,394,-86
122000005,985,2244,-1259
122000006,206,828,-622
122000007,252,803,-551
122000008,568,1029,-461
122000009,108,208,-100
122000010,1265,1045,220
122000011,241,395,-154
122000012,188,333,-145
122000013,266,1006,-740
122000014,460,833,-373
122000015,299,554,-255
122000016,117,415,-298
122000017,317,785,-468
122000018,415,774,-359
122000019,148,625,-477
122000020,29,78,-49
122000021,19,133,-114
122000022,126,81,45
122000023,47,103,-56
122000024,320,469,-149
122000025,135,541,-406
122000026,357,376,-19
122000027,76,276,-200
122000028,172,375,-203
122000029,58,142,-84
122000030,16,3,13
122000031,12,654,-642
122000032,174,284,-110
122000033,92,185,-93
122000034,12,83,-71
122000035,2,61,-59
122000036,63,91,-28
122000037,34,67,-33
122000038,61,192,-131
122000039,40,34,6
122000040,13,28,-15
122000041,335,1105,-770
122000042,294,666,-372
122000043,26,77,-51
122000044,57,122,-65
122000045,225,106,119
122000046,152,303,-151
122000047,19,24,-5
122000048,978,2001,-1023
122000049,1902,1403,499
122000050,146,289,-143
122000051,200,724,-524
122000052,152,536,-384
122000053,94,1480,-1386
122000054,495,650,-155
122000055,2290,2396,-106
122000056,752,1202,-450
122000057,998,1423,-425
122000058,465,683,-218
122000059,353,916,-563
122000060,54,54,0
122000061,8,32,-24
122000062,256,29,227
122000063,62,473,-411
122000064,1376,2477,-1101
122000065,1111,1179,-68
122000066,49,81,-32
122000067,788,1919,-1131
122000068,113,1692,-1579
122000069,113,178,-65
122000070,642,438,204
122000071,270,442,-172
122000072,15,114,-99
122000073,50,152,-102
122000074,456,635,-179
122000075,162,578,-416
122000076,225,357,-132
122000077,153,387,-234
122000078,457,425,32
122000079,100,484,-384
122000080,75,293,-218
122000081,7,142,-135
122000082,96,246,-150
122000083,161,234,-73
122000084,64,64,0
122000085,36,146,-110
122000086,779,2598,-1819
122000087,235,105,130
122000088,47,18,29
122000089,777,673,104
122000090,59,127,-68
122000091,67,67,0
122000092,0,30,-30
122000093,1136,2413,-1277
122000094,1436,1347,89
122000095,501,1790,-1289
122000096,101,786,-685
122000098,1176,3328,-2152
122000099,103,415,-312
122000100,162,98,64
122000101,57,73,-16
122000102,36,144,-108
122000103,82,196,-114
122000104,48,85,-37
122000105,71,125,-54
122000106,60,146,-86
122000107,134,227,-93
122000108,21,36,-15
122000109,71,146,-75
122000110,19,60,-41
122000111,320,142,178
122000112,129,132,-3
122000113,113,167,-54
122000114,307,2171,-1864
122000115,516,1522,-1006
122000116,32,159,-127
122000117,236,27,209
122000118,204,72,132
122000119,146,105,41
122000120,35,99,-64
122000121,215,370,-155
122000122,79,297,-218
122000123,138,397,-259
122000124,40,222,-182
122000125,53,239,-186
122000126,33,191,-158
122000127,46,219,-173
122000128,167,126,41
122000129,43,162,-119
122000130,454,320,134
122000131,120,97,23
122000132,7,6,1
122000133,77,25,52
122000134,93,315,-222
122000135,115,86,29
122000136,46,158,-112
122000137,201,317,-116
122000139,133,446,-313
122000140,89,335,-246
122000141,359,341,18
122000142,34,312,-278
122000143,27,67,-40
122000144,125,68,57
122000145,78,60,18
122000146,92,271,-179
122000147,98,153,-55
122000148,161,140,21
122000149,269,95,174
122000150,187,95,92
122000151,0,1,-1
122000152,7,3,4
122000153,124,149,-25
122000154,56,55,1
122000155,228,229,-1
122000156,949,1260,-311
122000157,202,686,-484
122000158,71,69,2
122000159,121,222,-101
122000160,338,312,26
122000161,234,202,32
122000162,119,218,-99
122000163,24,2,22
122000164,2,5,-3
122000165,66,618,-552
122000166,96,182,-86
122000167,0,4,-4
122000168,23,842,-819
122000169,42,17,25
122000170,37,243,-206
122000171,0,0,0
122000172,209,732,-523
122000173,185,679,-494
122000174,337,1097,-760
122000175,101,48,53
122000176,188,1011,-823
122000177,694,1748,-1054
122000178,501,398,103
122000179,304,1317,-1013
122000180,438,1289,-851
122000181,394,1597,-1203
122000182,190,229,-39
122000183,87,107,-20
122000184,773,1130,-357
122000185,327,608,-281
122000186,161,416,-255
122000187,400,184,216
122000188,0,0,0
122000189,80,78,2
122000190,352,424,-72
122000191,34,96,-62
122000192,94,28,66
122000193,82,271,-189
122000194,79,35,44
122000195,72,241,-169
122000196,57,92,-35
122000197,17,79,-62
122000198,110,288,-178
122000199,133,83,50
122000200,136,113,23
122000201,458,607,-149
122000202,177,403,-226
122000203,200,186,14
122000204,299,336,-37
122000205,112,211,-99
122000206,530,679,-149
122000207,346,656,-310
122000208,435,341,94
122000209,486,66,420
122000210,211,256,-45
122000211,170,264,-94
122000212,132,116,16
122000213,50,271,-221
122000214,408,697,-289
122000215,1380,621,759
122000217,349,387,-38
122000218,184,70,114
122000219,120,160,-40
122000220,32,282,-250
122000221,16,239,-223
122000222,58,39,19
122000223,83,203,-120
122000225,85,91,-6
122000226,35,346,-311
122000227,22,208,-186
122000228,30,94,-64
122000229,4,166,-162
122000230,4,93,-89
122000231,5,101,-96
122000232,103,131,-28
122000233,0,26,-26
122000234,115,17,98
122000235,295,40,255
122000236,175,10,165
122000237,2,2,0
122000238,48,89,-41
122000239,83,22,61
122000240,217,65,152
122000241,294,84,210
122000242,56,18,38
122000243,29,30,-1
122000244,7,78,-71
122000245,38,9,29
122000246,47,112,-65
122000247,96,140,-44
122000248,85,199,-114
122000249,165,244,-79
122000250,112,189,-77
122000251,0,0,0
122000252,12,22,-10
122000253,0,0,0
122000254,24,2,22
122000255,63,160,-97
122000256,2,47,-45
122000257,3,52,-49
122000258,75,214,-139
122000259,3,191,-188
122000260,6,59,-53
122000261,5,72,-67
122000262,0,0,0
122000263,58,1,57
122000264,618,99,519
122000265,421,134,287
122000266,661,93,568
122000267,1,2,-1
122000268,30,43,-13
122000269,37,46,-9
122000270,15,5,10
122000271,0,0,0
122000272,0,0,0
122000273,16,3,13
122000274,2,27,-25
122000275,5,13,-8
122000276,147,191,-44
122000277,244,454,-210
122000278,223,106,117
122000279,35,8,27
122000280,112,34,78
122000281,54,64,-10
122000282,31,343,-312
122000283,6,25,-19
122000284,4,14,-10
122000285,0,0,0
122000286,0,1,-1
122000287,907,397,510
122000288,81,74,7
122000291,896,278,618
122000293,20,42,-22
122000294,22,162,-140
122000295,329,36,293
122000296,67,529,-462
122000297,805,1845,-1040
122000299,200,57,143
122000300,24,54,-30
122000301,300,1043,-743
122000302,164,610,-446
122000303,271,76,195
122000304,0,23,-23
122000305,517,107,410
122000306,0,126,-126
122000307,11,40,-29
122000309,0,0,0
122000310,1,11,-10
122000311,1,9,-8
122000312,12,52,-40
122000313,6,55,-49
122000314,74,156,-82
122000315,114,1,113
122000316,266,95,171
122000317,548,115,433
122000318,114,264,-150
122000319,21,149,-128
122000320,9,47,-38
122000321,12,40,-28
122000322,465,390,75
122000323,212,288,-76
122000324,172,626,-454
122000325,206,374,-168
122000326,3,0,3
122000327,42,182,-140
122000328,87,134,-47
122000330,195,500,-305
122000333,5,11,-6
122000337,95,71,24
122000338,36,25,11
122000340,19,48,-29
122000342,136,166,-30
122000343,29,65,-36
122000344,53,0,53
122000345,53,7,46
122000346,32,1,31
122000348,136,207,-71
122000349,0,55,-55
122000351,54,39,15
122000352,15,21,-6
122000353,22,1,21
122000355,33,626,-593
122000356,52,90,-38
122000357,9,10,-1
122000358,0,0,0
122000359,0,0,0
122000360,0,0,0
122000362,10,9,1
122000364,54,42,12
122000365,0,25,-25
122000366,7,0,7
122000368,42,121,-79
122000370,0,1,-1
122000371,0,0,0
122000372,0,0,0
122000381,3,52,-49
122000382,2,7,-5
122000384,211,444,-233
122000385,28,0,28
122000386,6,477,-471
122000387,68,108,-40
122000388,81,446,-365
122000389,47,52,-5
122000390,24,206,-182
122000391,2,126,-124
122000392,22,10,12
122000393,5,9,-4
122000394,82,59,23
122000395,75,42,33
122000396,30,2,28
122000397,0,0,0
122000398,26,101,-75
122000399,3,2,1
122000400,13,113,-100
122000401,25,10,15
122000402,116,36,80
122000403,5,3,2
122000404,58,23,35
122000408,210,247,-37
122000503,0,11,-11
122000524,0,0,0
122000544,18,17,1
122000614,42,56,-14
122000616,0,0,0
122000640,45,39,6
122000641,3,43,-40
122000642,264,112,152
122000643,11,110,-99
122000644,0,0,0
122000645,4,18,-14
122000651,112,526,-414
122000664,83,40,43
122000665,100,159,-59
122000666,67,127,-60
122000673,5,35,-30
122000674,79,83,-4
122000675,718,355,363
122000686,114,80,34
122000687,378,51,327
122000688,152,90,62
122000689,269,32,237
122000690,861,18,843
122000691,469,94,375
122000692,193,4,189
122000693,77,122,-45
122000695,1,0,1
122000696,125,32,93
122000698,0,0,0
122000699,36,4,32
122000701,248,21,227
122000702,87,253,-166
122000703,22,41,-19
122000712,0,0,0
122000717,1,60,-59
122000718,55,842,-787
122000719,1,41,-40
122000720,224,24,200
122000724,49,4,45
122900001,0,0,0
122900002,43,341,-298
122900003,12,0,12
122900004,0,0,0
122900005,0,0,0
122900006,0,0,0
122900007,0,0,0
122900008,0,0,0
122900009,0,0,0
122900010,42,1,41
122900012,11,20,-9
122900014,0,0,0
122900015,93,28,65
122900016,0,0,0
122900017,1,0,1
122900018,0,0,0
122900020,0,0,0
122900021,0,0,0
122900022,0,0,0
122900023,0,0,0
122900024,0,0,0
122900025,0,0,0
122900026,0,0,0
122900027,0,81,-81
122900028,0,0,0
122900029,4,4,0
122900030,0,0,0
122900031,1,42,-41
122900032,0,0,0
122900033,7,52,-45
122900034,15,48,-33
122900035,1,0,1
122900036,0,0,0
122900037,0,0,0
122900038,2,118,-116
122900039,0,17,-17
122900040,0,5,-5
122900041,5,18,-13
122900042,10,16,-6
122900043,3,34,-31
122900044,0,17,-17
122900045,11,19,-8
122900046,8,20,-12
122900047,3,0,3
122900048,0,0,0
122900049,0,0,0
122900051,0,0,0
122900052,103,2,101
122900053,1,0,1
122900055,15,0,15
122900057,1,0,1
122900061,0,0,0
122900062,0,0,0
122900063,0,0,0
122900064,0,0,0
122900065,0,0,0
122900066,0,0,0
122900067,1,1,0
122900069,0,0,0
122900070,115,13,102
122900071,0,0,0
122900073,0,0,0
122900074,212,0,212
122900075,0,0,0
122900076,0,0,0
122900077,0,0,0
122900078,115,1,114
122900080,0,0,0
122900081,35,0,35
122900082,323,1,322
122900083,0,0,0
122900084,0,0,0
122900086,0,0,0
122900087,51,0,51
122900088,0,2,-2
122900089,0,0,0
122900090,0,0,0
122900091,0,0,0
122900092,0,0,0
122900093,0,0,0
122900094,0,0,0
122900095,0,0,0
122900096,26,0,26
122900097,0,0,0
122900098,0,0,0
122900099,0,0,0
122900100,0,0,0
122900101,0,0,0
122900102,0,0,0
122900103,0,0,0
122900104,0,0,0
122900105,0,0,0
122900106,0,0,0
122900107,0,0,0
122900108,0,0,0
122900109,0,0,0
123000001,413,110,303
123000002,445,2105,-1660
123000003,779,970,-191
123000004,844,1373,-529
123000005,1234,719,515
123000006,808,1031,-223
123000007,896,637,259
123000008,395,377,18
123000009,1462,1407,55
123000010,484,352,132
123000011,689,696,-7
123000012,19,111,-92
123000013,723,297,426
123000014,35,260,-225
123000015,788,509,279
123000016,64,132,-68
123000017,3410,1626,1784
123000018,116,41,75
123000019,154,2,152
123000020,86,3,83
123000021,106,83,23
123000022,357,242,115
123000023,1175,989,186
123000024,502,303,199
123000025,66,28,38
123000026,9,80,-71
123000027,2,154,-152
123000028,366,1758,-1392
123000029,6,368,-362
123000030,10,37,-27
123000031,244,42,202
123000032,311,61,250
123000033,54,51,3
123000034,394,339,55
123000035,80,250,-170
123000036,75,577,-502
123000037,10,12,-2
123000038,40,135,-95
123000039,374,979,-605
123000040,26,11,15
123000041,267,672,-405
123000042,35,55,-20
123000043,771,3444,-2673
123000044,758,340,418
123000045,240,87,153
123000046,76,359,-283
123000047,148,56,92
123000048,10,683,-673
123000049,2856,2185,671
123000050,317,423,-106
123000051,28,26,2
123000052,176,544,-368
123000053,1064,952,112
123000054,300,1002,-702
123000055,1178,1944,-766
123000056,121,322,-201
123000057,448,646,-198
123000058,51,172,-121
123000059,54,135,-81
123000060,209,104,105
123000061,63,48,15
123000063,218,202,16
123000064,179,36,143
123000065,349,514,-165
123000066,82,181,-99
123000067,230,149,81
123000068,307,294,13
123000069,579,236,343
123000070,83,28,55
123000071,443,365,78
123000072,90,40,50
123000073,535,350,185
123000074,190,42,148
123000075,121,426,-305
123000076,60,111,-51
123000077,549,142,407
123000078,807,475,332
123000079,939,510,429
123000080,367,59,308
123000081,16,6,10
123000082,101,91,10
123000083,186,79,107
123000084,141,40,101
123000085,132,47,85
123000086,159,63,96
123000087,34,64,-30
123000088,405,38,367
123000089,326,234,92
123000090,0,0,0
123000091,402,237,165
123000092,0,0,0
123000094,61,16,45
123000095,246,143,103
123000096,252,44,208
123000097,306,40,266
123000098,190,48,142
123000099,175,106,69
123000100,71,450,-379
123000101,83,68,15
123000102,414,584,-170
123000104,131,111,20
123000105,8,22,-14
123000106,64,83,-19
123000107,9,8,1
123000108,155,76,79
123000111,183,59,124
123000112,228,96,132
123000113,126,30,96
123000114,80,205,-125
123000115,24,110,-86
123000116,3,4,-1
123000117,366,309,57
123000118,146,136,10
123000119,65,104,-39
123000120,74,82,-8
123000121,174,176,-2
123000122,0,0,0
123000123,308,149,159
123000124,0,0,0
123000125,518,484,34
123000126,343,1178,-835
123000127,69,129,-60
123000128,0,0,0
123000129,409,17,392
123000130,348,9,339
123000131,347,126,221
123000132,0,0,0
123000133,0,0,0
123000134,80,7,73
123000135,344,198,146
123000136,0,0,0
123000137,1,0,1
123000138,0,0,0
123000139,286,12,274
123000140,0,0,0
123000141,92,32,60
123000142,150,47,103
123000143,57,174,-117
123000144,0,0,0
123000145,50,214,-164
123000146,0,79,-79
123000147,7,53,-46
123000149,47,123,-76
123000150,17,22,-5
123000151,73,199,-126
123000152,0,16,-16
123000153,6,275,-269
123000154,167,511,-344
123000155,191,422,-231
123000156,4,11,-7
123000157,39,110,-71
123000158,159,202,-43
123000159,363,1341,-978
123000160,213,515,-302
123000161,305,206,99
123000162,453,474,-21
123000163,358,53,305
123000164,877,48,829
123000165,48,229,-181
123000166,1,9,-8
123000167,37,25,12
123000168,113,22,91
123000169,272,47,225
123000170,14,0,14
123000171,272,1,271
123000172,1,16,-15
123000173,246,18,228
123000174,200,79,121
123000175,7,25,-18
123000176,207,50,157
123000177,70,54,16
123000178,260,48,212
123000179,0,76,-76
123000180,600,115,485
123000181,103,134,-31
123000182,132,29,103
123000183,33,83,-50
123000184,0,11,-11
123000185,390,160,230
123000186,4,28,-24
123000187,285,7,278
123000188,231,0,231
123000189,19,6,13
123000190,6,58,-52
123000192,1,60,-59
123000193,9,142,-133
123000194,2,48,-46
123000195,147,13,134
123000196,200,10,190
123000197,19,5,14
123000198,0,41,-41
123000199,0,58,-58
123000200,408,3,405
123000201,666,9,657
123000202,1,55,-54
123000203,574,35,539
123000204,2,55,-53
123000205,14,94,-80
123000206,1365,61,1304
123000207,12,112,-100
123000208,336,35,301
123000209,867,125,742
123000210,42,227,-185
123000211,93,225,-132
123000212,1898,120,1778
123000213,202,43,159
123000215,61,142,-81
123000216,32,414,-382
123000217,111,1,110
123000218,1,4,-3
123000219,150,40,110
123000220,141,24,117
123000221,21,15,6
123000222,104,79,25
123000223,149,61,88
123000224,173,71,102
123000225,112,20,92
123000226,72,3,69
123000227,31,1,30
123000228,134,21,113
123000229,168,115,53
123000232,1,12,-11
123000233,304,35,269
123000234,12,20,-8
123000235,241,45,196
123000236,7,44,-37
123000237,213,15,198
123000238,1,12,-11
123000239,103,138,-35
123000240,19,219,-200
123000241,71,37,34
123000242,35,39,-4
123000243,65,80,-15
123000244,63,77,-14
123000245,0,0,0
123000249,0,0,0
123000252,335,81,254
123000253,449,222,227
123000254,87,61,26
123000255,116,240,-124
123000256,1,1,0
123000257,253,272,-19
123000258,247,84,163
123000259,234,238,-4
123000260,260,53,207
123000261,54,46,8
123000262,3,13,-10
123000263,141,26,115
123000264,93,45,48
123000265,19,19,0
123000266,104,107,-3
123000267,90,131,-41
123000268,7,19,-12
123000269,24,56,-32
123000270,8,66,-58
123000271,1,11,-10
123000272,309,76,233
123000273,95,469,-374
123000274,497,247,250
123000275,14,52,-38
123000278,394,660,-266
123000279,39,39,0
123000280,101,41,60
123000281,108,56,52
123000282,14,166,-152
123000283,117,36,81
123000284,11,36,-25
123000286,61,257,-196
123000287,110,76,34
123000288,357,354,3
123000289,59,333,-274
123000291,27,28,-1
123000294,104,409,-305
123000295,389,951,-562
123000296,514,819,-305
123000297,171,57,114
123000298,147,83,64
123000299,41,185,-144
123000300,367,141,226
123000301,15,36,-21
123000302,160,34,126
123000303,10,343,-333
123000305,57,350,-293
123000306,41,5,36
123000309,9,8,1
123000310,19,9,10
123000311,1,8,-7
123000312,154,83,71
123000313,189,83,106
123000315,258,64,194
123000316,676,40,636
123000317,51,31,20
123000318,5,56,-51
123000329,0,3,-3
123000337,138,149,-11
123000338,53,148,-95
123000339,53,7,46
123000340,15,43,-28
123000342,0,19,-19
123000343,13,0,13
123000344,137,82,55
123000345,100,67,33
123000346,398,24,374
123000352,103,103,0
123000353,13,17,-4
123000354,518,2,516
123000355,0,140,-140
123000356,122,1,121
123000357,0,2,-2
123000359,0,1,-1
123000360,76,103,-27
123000361,120,20,100
123000362,117,7,110
123000363,49,3,46
123000364,106,104,2
123000365,1,4,-3
123000366,66,382,-316
123000367,54,136,-82
123000370,15,0,15
123000371,76,3,73
123000372,67,2,65
123000373,0,1,-1
123000374,0,0,0
123000375,236,24,212
123000376,338,340,-2
123000377,99,1,98
123000378,0,2,-2
123000379,0,13,-13
123000380,0,0,0
123000381,6,29,-23
123000382,112,68,44
123000383,0,0,0
123000384,110,33,77
123000385,0,0,0
123000436,19,497,-478
123000507,17,75,-58
123000508,137,974,-837
123000517,8,2,6
123000518,25,60,-35
123000519,17,9,8
123000520,6,83,-77
123000521,18,15,3
123000522,42,94,-52
123000541,21,0,21
123000542,0,0,0
123000565,272,14,258
123000566,90,85,5
123000567,108,91,17
123000573,0,6,-6
123000574,277,6,271
123000575,498,4,494
123000576,79,0,79
123000577,0,0,0
123000578,154,38,116
123000579,348,1622,-1274
123000580,40,26,14
123000582,157,0,157
123000583,21,4,17
123000584,54,52,2
123000585,0,0,0
123000586,34,0,34
123000596,32,22,10
123000597,84,71,13
123000602,5,5,0
123000603,375,43,332
123000604,171,60,111
123000605,258,22,236
123000606,0,0,0
123000609,25,56,-31
123000610,30,24,6
123000613,43,11,32
123000614,110,20,90
123000615,3,39,-36
123000616,152,30,122
123000617,0,0,0
123000618,0,0,0
123000619,60,1,59
123000620,0,0,0
123000622,125,0,125
123000624,89,52,37
123000630,858,232,626
123000631,84,64,20
123000632,286,51,235
123000633,0,116,-116
123000634,16,79,-63
123000635,0,0,0
123000636,32,120,-88
123000637,37,1,36
123000638,110,133,-23
123000639,345,1219,-874
123000640,9,0,9
123000648,150,12,138
123000649,1,21,-20
123000650,15,144,-129
123000651,0,61,-61
123000652,34,1,33
123000653,0,0,0
123000654,0,62,-62
123900001,0,0,0
123900002,0,0,0
123900003,0,0,0
123900005,0,0,0
123900006,0,0,0
124000001,502,68,434
124000002,0,77,-77
124000003,529,44,485
124000004,0,72,-72
124000005,443,199,244
124000006,0,29,-29
124000007,87,43,44
124000008,0,16,-16
124000009,511,81,430
124000010,32,31,1
124000011,392,101,291
124000012,2,1,1
124000017,84,42,42
124000018,0,0,0
124000019,92,15,77
124000020,0,0,0
124000021,47,40,7
124000022,0,0,0
124000023,123,37,86
124000024,280,78,202
124000025,124,90,34
124000026,393,63,330
124000027,204,32,172
124000028,506,41,465
124000031,448,1773,-1325
124000032,0,15,-15
124000033,535,408,127
124000034,28,41,-13
124000035,162,47,115
124000036,0,30,-30
124000037,56,159,-103
124000038,1,6,-5
124000039,41,15,26
124000040,16,56,-40
124000041,231,21,210
124000042,1,18,-17
124000043,53,18,35
124000044,3,13,-10
124000045,357,65,292
124000046,0,0,0
124000047,352,32,320
124000048,0,0,0
124000049,784,79,705
124000050,0,0,0
124000051,462,119,343
124000052,0,0,0
124000053,328,673,-345
124000054,0,0,0
124000055,768,866,-98
124000056,6,3,3
124000057,722,214,508
124000058,3,1,2
124000059,673,771,-98
124000060,98,24,74
124000061,664,1361,-697
124000062,114,75,39
124000063,349,88,261
124000064,203,104,99
124000065,0,0,0
124000066,40,9,31
124000067,4,14,-10
124000068,0,0,0
124000069,221,14,207
124000070,0,0,0
124000071,61,21,40
124000072,0,0,0
124000073,306,29,277
124000074,0,0,0
124000075,158,26,132
124000076,0,0,0
124000077,27,80,-53
124000078,420,370,50
124000079,2,71,-69
124000080,157,23,134
124000081,0,0,0
124000082,28,94,-66
124000083,2,2,0
124000084,3,191,-188
124000085,1,0,1
124000086,6,135,-129
124000087,51,118,-67
124000088,38,72,-34
124000089,238,12,226
124000090,13,19,-6
124000091,226,33,193
124000092,45,177,-132
124000093,49,59,-10
124000094,19,101,-82
124000095,75,11,64
124000096,25,53,-28
124000097,176,17,159
124000098,21,20,1
124000099,16,22,-6
124000100,0,44,-44
124000101,147,38,109
124000102,43,19,24
124000103,197,40,157
124000104,53,10,43
124000105,202,50,152
124000106,21,8,13
124000107,20,256,-236
124000108,8,7,1
124000109,80,22,58
124000110,74,3,71
124000111,136,36,100
124000112,216,157,59
124000113,50,43,7
124000114,134,103,31
124000115,175,192,-17
124000116,45,57,-12
124000117,10,9,1
124000118,7,49,-42
124000119,210,133,77
124000120,93,39,54
124000121,481,164,317
124000122,35,197,-162
124000123,416,134,282
124000124,110,148,-38
124000125,212,85,127
124000126,78,108,-30
124000127,713,54,659
124000128,207,59,148
124000129,731,432,299
124000130,139,4,135
124000131,302,214,88
124000132,180,46,134
124000133,459,237,222
124000134,178,257,-79
124000135,436,661,-225
124000136,39,166,-127
124000137,198,197,1
124000138,50,199,-149
124000139,193,7,186
124000140,31,78,-47
124000141,243,3,240
124000142,4,115,-111
124000143,14,2,12
124000144,0,13,-13
124000145,28,3,25
124000146,4,2,2
124000148,0,13,-13
124000149,253,116,137
124000150,29,33,-4
124000151,240,196,44
124000152,61,58,3
124000153,277,854,-577
124000154,6,83,-77
124000155,429,191,238
124000156,46,58,-12
124000169,38,46,-8
124000170,86,89,-3
124000171,55,87,-32
124000172,74,35,39
124000173,102,40,62
124000174,138,80,58
124000175,0,0,0
124000176,21,36,-15
124000177,0,0,0
124000178,7,74,-67
124000185,0,1,-1
124000186,10,9,1
124000187,0,2,-2
124000188,4,2,2
124000190,18,19,-1
124000191,3,93,-90
124000192,306,206,100
124000193,0,1,-1
124000194,118,51,67
124000195,220,208,12
124000196,115,82,33
124000197,86,4,82
124000198,45,11,34
124000201,4,0,4
124000202,207,15,192
124000203,55,0,55
124000204,556,10,546
124000205,20,1,19
124000206,546,107,439
124000207,0,0,0
124000209,66,5,61
124000210,510,77,433
124000211,423,1,422
124000212,0,0,0
124000213,47,1,46
124000214,201,6,195
124000215,297,4,293
124000216,0,0,0
124000329,0,10,-10
124000338,0,72,-72
124000339,497,5,492
124000341,581,5,576
124000344,74,29,45
124000357,1328,1570,-242
124000358,1082,1762,-680
124000359,832,282,550
124000360,291,257,34
124000361,763,449,314
124000362,0,0,0
124000363,0,0,0
124000364,0,1,-1
124000365,25,63,-38
124000366,61,1055,-994
124000367,2,8,-6
124000368,147,180,-33
124000369,11,86,-75
124000370,0,0,0
124000402,3,2,1
124000403,119,7,112
124000404,8,14,-6
124000405,572,104,468
124000406,153,173,-20
124000407,0,13,-13
124000411,0,35,-35
124000412,142,5,137
124000413,1,17,-16
124000414,165,25,140
124000415,21,18,3
124000416,55,43,12
124000417,95,49,46
124000418,141,24,117
124000419,76,25,51
124000420,93,20,73
124000421,61,8,53
124000422,2,14,-12
124000423,38,16,22
124000424,0,5,-5
124000425,12,2,10
124000426,0,5,-5
124000427,84,0,84
124000428,0,10,-10
124000429,41,5,36
124000430,144,106,38
124000431,58,17,41
124000432,79,300,-221
124000439,10,0,10
124000443,0,0,0
124000445,12,489,-477
124000446,11,17,-6
124000447,7,54,-47
124000448,51,3,48
124000449,102,0,102
124000450,0,13,-13
124000451,0,11,-11
124000452,34,10,24
124000453,2034,1038,996
124000454,80,2966,-2886
124000457,0,0,0
124000458,0,0,0
124900001,0,0,0
124900002,0,0,0
124900003,0,0,0
124900004,0,0,0
124900005,0,0,0
124900006,0,0,0
124900008,0,0,0
124900009,0,0,0
124900010,0,0,0
124900011,0,0,0
124900012,0,0,0
124900013,0,0,0
124900014,0,0,0
124900015,3,40,-37
124900016,25,6,19
124900017,0,22,-22
124900018,0,0,0
124900020,8,1,7
124900021,22,18,4
124900022,22,0,22
124900024,68,0,68
124900026,0,0,0
124900027,0,0,0
124900028,0,0,0
124900029,0,0,0
124900030,0,0,0
124900031,0,0,0
124900032,0,0,0
124900033,0,0,0
124900034,0,0,0
124900035,0,0,0
124900036,0,0,0
124900037,0,0,0
124900038,0,0,0
124900039,0,0,0
124900040,0,0,0
124900041,0,0,0
124900042,0,0,0
124900043,0,0,0
124900044,0,0,0
124900045,0,0,0
124900047,0,0,0
124900048,0,0,0
124900050,0,0,0
124900052,0,0,0
124900053,0,0,0
124900054,0,0,0
124900055,0,0,0
124900057,0,0,0
124900060,0,0,0
124900061,13,0,13
124900062,9,0,9
124900066,0,0,0
124900067,0,0,0
124900068,0,0,0
124900070,0,0,0
124900072,0,0,0
124900075,0,0,0
124900076,0,0,0
124900077,0,0,0
124900078,0,0,0
124900079,0,0,0
124900080,0,0,0
124900081,0,0,0
124900082,0,0,0
124900083,0,0,0
124900085,0,0,0
124900086,0,0,0
124900087,0,0,0
124900088,0,0,0
124900089,0,0,0
124900090,13,5,8
124900091,0,0,0
124900092,0,0,0
124900093,25,3,22
124900094,48,2,46
124900095,3,11,-8
124900096,10,2,8
124900097,71,1,70
124900098,0,0,0
124900099,0,0,0
124900100,35,4,31
124900101,70,0,70
124900102,42,0,42
124900103,0,0,0
124900104,0,0,0
124900105,0,0,0
124900106,14,0,14
124900107,12,3,9
124900108,0,0,0
124900111,0,0,0
124900112,0,0,0
124900113,0,0,0
124900114,0,0,0
124900115,0,0,0
124900116,50,50,0
124900117,0,0,0
124900118,1,74,-73
124900119,0,0,0
124900120,0,0,0
124900121,0,0,0
124900122,0,0,0
124900123,0,0,0
124900124,0,0,0
124900125,30,0,30
124900126,0,0,0
204000001,106,1,105
204000002,13,1,12
204000003,12,1,11
204000004,3,18,-15
204000005,306,526,-220
204000006,1000,1396,-396
204000011,0,0,0
204000012,0,0,0
204000019,887,290,597
204000020,400,230,170
204000021,405,435,-30
204000022,659,234,425
204000023,0,0,0
204000031,28,8,20
204000032,195,1,194
204000034,13,3,10
204000035,0,0,0
204000036,0,0,0
204000037,0,0,0
204000038,0,0,0
204000039,0,0,0
204000040,0,0,0
204000041,0,0,0
204000042,25,3,22
204000043,8,13,-5
204000044,8,1,7
204000045,11,3,8
204000046,0,1,-1
204000057,0,0,0
204000062,0,0,0
204000068,0,0,0
204000069,0,0,0
204000070,46,41,5
204000080,0,0,0
204000085,0,0,0
204000086,0,0,0
204000087,3,18,-15
204000088,0,0,0
204000090,24,5,19
204000093,727,9,718
204000096,695,254,441
204000097,138,12,126
204000099,1110,1305,-195
204000100,1092,772,320
204000105,0,0,0
204000110,0,0,0
204000111,0,0,0
204000112,0,0,0
204000113,0,0,0
204000114,291,678,-387
204000115,334,183,151
204000116,229,169,60
204000119,1566,657,909
204000132,551,261,290
204000133,645,62,583
204000134,187,50,137
204000135,730,58,672
204000136,269,76,193
204000138,150,532,-382
204000140,132,208,-76
204000141,185,71,114
204000144,0,25,-25
204000145,92,3,89
204000146,0,0,0
204000147,9,0,9
204000148,123,16,107
204000154,1,2,-1
204000155,0,0,0
204000177,97,15,82
204000179,7,7,0
204000180,0,5,-5
204000222,0,0,0
204000235,0,0,0
204000236,7,7,0
204000238,4,0,4
204000240,83,1,82
204000263,0,0,0
204000268,672,246,426
204000308,14,6,8
204000317,0,0,0
204000322,0,0,0
204000323,0,1,-1
204000328,240,4,236
204000329,6,15,-9
204000330,48,9,39
204000331,3,47,-44
205000001,0,0,0
205000013,0,0,0
205000014,0,0,0
205000015,0,0,0
205000016,0,0,0
205000017,0,0,0
205000022,0,0,0
205000025,0,0,0
205000029,86,26,60
205000045,0,0,0
205000046,0,0,0
205000047,0,0,0
205000048,0,0,0
205000049,0,0,0
205000050,0,0,0
205000059,0,0,0
205000060,0,0,0
205000061,0,0,0
205000062,0,0,0
205000063,0,0,0
205000064,0,0,0
205000065,0,0,0
205000066,0,0,0
205000067,0,0,0
205000069,116,28,88
205000082,85,85,0
205000110,0,0,0
205000111,0,0,0
205000112,136,155,-19
205000113,0,0,0
205000121,111,30,81
205000123,0,0,0
205000126,619,96,523
205000127,757,68,689
205000128,406,16,390
205000129,550,20,530
205000130,121,11,110
205000131,48,15,33
205000132,34,1,33
205000133,35,1,34
205000134,206,0,206
205000137,0,0,0
205000138,0,0,0
205000139,0,0,0
205000144,33,55,-22
205000145,178,51,127
205000151,41,21,20
205000152,54,20,34
205000153,122,40,82
205000154,57,25,32
205000155,81,7,74
205000207,0,0,0
205000233,22,0,22
205000234,0,0,0
205000243,0,2,-2
205000244,0,0,0
205000245,0,0,0
205000249,0,0,0
205000250,2,0,2
205000264,0,0,0
206000027,0,21,-21
206000028,3,10,-7
206000043,0,25,-25
206000053,0,0,0
206000054,0,0,0
206000055,0,0,0
206000075,0,6,-6
206000076,6,7,-1
206000077,0,1,-1
206000078,0,2,-2
206000079,4,4,0
206000082,74,37,37
206000100,1,125,-124
206000103,0,0,0
206000104,0,0,0
206000105,0,0,0
206000106,0,0,0
206000125,89,0,89
206000157,0,0,0
206000170,0,0,0
206000171,1,5,-4
206000172,0,9,-9
206000173,1,1,0
206000174,0,0,0
206000175,0,7,-7
206000176,0,6,-6
206000177,0,1,-1
206000178,0,23,-23
206000179,0,24,-24
206000180,1,5,-4
206000181,0,12,-12
206000182,0,13,-13
206000183,13,31,-18
206000184,0,1,-1
206000185,0,0,0
206000186,0,11,-11
206000223,0,2,-2
206000226,10,0,10
206000227,5,1,4
206000237,1,7,-6
206000238,0,5,-5
206000239,1,80,-79
206000240,0,0,0
206000241,0,23,-23
206000242,0,0,0
206000243,0,0,0
206000244,0,2,-2
206000245,609,10,599
206000246,197,27,170
206000247,203,1,202
206000248,249,4,245
206000252,2,28,-26
206000258,0,0,0
206000315,11,4,7
206000317,297,104,193
206000318,263,1,262
206000319,678,32,646
206000320,270,14,256
206000321,209,9,200
206000322,170,2,168
206000323,138,9,129
206000324,94,3,91
206000325,81,1,80
206000326,78,11,67
206000327,4,32,-28
206000328,90,7,83
206000329,269,0,269
206000330,14,0,14
206000331,149,1,148
206000332,4,0,4
206000333,515,1,514
206000334,149,0,149
206000335,0,0,0
206000361,0,0,0
206000392,0,0,0
206000405,91,0,91
206000441,11,39,-28
206000498,28,1,27
206000515,43,13,30
206000530,106,41,65
206000531,91,123,-32
206000532,272,65,207
206000535,1,209,-208
206000536,0,22,-22
206000537,1,4,-3
206000613,340,73,267
206000784,250,71,179
207000001,0,0,0
207000002,0,0,0
207000003,0,0,0
207000007,1026,114,912
207000008,78,2,76
207000009,19,4,15
207000010,22,166,-144
207000012,260,60,200
207000015,23,187,-164
207000019,153,36,117
207000021,166,172,-6
207000022,177,136,41
207000023,152,33,119
207000024,0,10,-10
207000025,4,33,-29
207000026,0,0,0
207000027,0,0,0
207000028,0,0,0
207000029,0,0,0
207000033,136,238,-102
207000034,76,43,33
207000039,380,28,352
207000040,314,22,292
207000041,45,8,37
207000042,180,20,160
207000043,70,103,-33
207000051,0,0,0
207000052,0,0,0
207000053,0,0,0
207000054,0,0,0
207000055,0,0,0
207000056,0,0,0
207000057,0,0,0
207000058,0,0,0
207000059,0,0,0
207000060,0,0,0
207000061,36,1031,-995
207000062,443,30,413
207000063,281,17,264
207000064,184,20,164
207000065,193,68,125
207000066,336,67,269
207000067,119,35,84
207000068,143,14,129
207000069,444,161,283
207000082,1,128,-127
207000083,26,107,-81
207000084,372,104,268
207000085,187,37,150
207000086,452,6,446
207000106,50,24,26
207000107,98,2,96
207000108,70,1,69
207000109,55,2,53
207000110,37,8,29
207000111,68,7,61
207000112,86,154,-68
207000114,0,0,0
207000115,0,0,0
207000116,0,0,0
207000117,0,0,0
207000118,0,0,0
207000119,0,0,0
207000123,140,1,139
207000124,60,19,41
207000125,78,3,75
207000126,61,0,61
207000134,170,45,125
207000135,13,211,-198
207000148,85,133,-48
207000149,0,0,0
207000152,0,0,0
207000153,0,0,0
207000154,185,42,143
207000159,0,0,0
207000160,0,0,0
207000238,0,0,0
207000242,0,0,0
207000248,0,0,0
207000249,0,0,0
207000250,0,0,0
207000251,0,0,0
207000252,0,0,0
207000278,120,72,48
207000279,0,0,0
207000280,597,22,575
207000281,56,131,-75
207000282,8,137,-129
207000283,1,6,-5
207000284,8,460,-452
207000285,4,65,-61
207000291,0,0,0
207000304,40,18,22
207000306,0,0,0
207000310,93,37,56
207000353,36,0,36
207000356,0,0,0
207000357,1,89,-88
207000358,0,37,-37
207000415,0,0,0
207000417,4,2,2
207000418,62,32,30
207000438,0,0,0
207000439,211,63,148
207000446,35,0,35
207000460,72,2,70
207000466,0,0,0
207000467,226,25,201
207000468,0,0,0
207000476,10,8,2
207000477,191,4,187
207000478,0,0,0
207000523,0,0,0
207000524,18,0,18
207000527,134,56,78
207000530,215,1,214
207000531,60,0,60
207000532,8,1,7
207000534,50,62,-12
207000535,0,0,0
207000537,0,0,0
207000540,0,0,0
207000541,0,0,0
207000548,0,0,0
207000549,49,2,47
207000561,120,30,90
207000562,0,0,0
207000567,0,0,0
207000568,93,10,83
207000569,230,7,223
207000584,0,0,0
207000585,4,14,-10
207000587,215,1,214
207000616,0,0,0
207000617,111,0,111
207000624,2,2,0
207000631,0,12,-12
207900008,367,34,333
208000001,254,440,-186
208000002,560,372,188
208000003,586,406,180
208000004,433,346,87
208000005,0,0,0
208000019,522,283,239
208000020,128,166,-38
208000021,14,76,-62
208000022,146,286,-140
208000028,148,515,-367
208000033,56,132,-76
208000034,97,288,-191
208000037,87,2,85
208000040,85,24,61
208000041,84,218,-134
208000042,300,250,50
208000047,0,0,0
208000064,935,912,23
208000066,552,1003,-451
208000070,210,237,-27
208000071,336,97,239
208000072,370,202,168
208000080,122,193,-71
208000081,240,32,208
208000082,8,0,8
208000083,3,0,3
208000084,20,46,-26
208000085,19,9,10
208000086,11,9,2
208000087,35,50,-15
208000089,0,0,0
208000090,1,1,0
208000093,0,0,0
208000094,27,101,-74
208000095,149,19,130
208000104,1009,275,734
208000105,526,389,137
208000114,43,449,-406
208000115,221,241,-20
208000116,271,731,-460
208000117,11,77,-66
208000118,71,100,-29
208000155,31,54,-23
208000158,67,164,-97
208000186,420,913,-493
208000204,35,62,-27
208000205,92,57,35
208000282,58,87,-29
209000004,191,73,118
209000005,20,6,14
209000006,337,106,231
209000007,257,189,68
209000010,0,0,0
209000011,0,0,0
209000012,0,0,0
209000013,0,0,0
209000014,0,0,0
209000025,266,36,230
209000026,556,45,511
209000027,0,0,0
209000028,0,0,0
209000029,0,0,0
209000030,0,0,0
209000031,0,0,0
209000034,111,189,-78
209000035,179,241,-62
209000036,506,39,467
209000037,446,154,292
209000038,237,72,165
209000039,177,75,102
209000040,158,17,141
209000041,82,23,59
209000042,71,44,27
209000043,130,51,79
209000044,151,121,30
209000045,328,48,280
209000046,270,79,191
209000047,227,21,206
209000048,823,165,658
209000049,0,0,0
209000050,0,0,0
209000051,0,0,0
209000052,0,0,0
209000062,0,0,0
209000063,0,0,0
209000064,0,0,0
209000065,201,52,149
209000066,124,45,79
209000067,159,45,114
209000080,0,0,0
209000082,8,8,0
209000091,0,0,0
209000093,0,0,0
209000094,0,0,0
209000110,23,54,-31
209000111,287,704,-417
209000112,512,127,385
209000113,617,168,449
209000114,351,251,100
209000115,0,0,0
209000116,0,0,0
209000118,1,77,-76
209000119,0,0,0
209000121,0,0,0
209000135,9,24,-15
209000142,376,548,-172
209000143,0,0,0
209000144,38,131,-93
209000229,224,8,216
209000240,0,0,0
209000259,0,0,0
209000260,0,0,0
209000261,0,0,0
209000262,0,0,0
209000263,0,0,0
209000264,0,0,0
209000265,78,1,77
209000266,20,0,20
209000267,611,1,610
209000268,416,61,355
210000037,103,16,87
210000047,16,44,-28
210000048,20,10,10
210000049,35,0,35
210000052,0,0,0
210000053,0,0,0
210000054,0,0,0
210000070,149,7,142
210000071,89,0,89
210000072,11,0,11
210000073,0,0,0
210000074,0,0,0
210000075,0,0,0
210000076,0,0,0
210000077,0,0,0
210000078,0,0,0
210000079,26,0,26
210000080,39,28,11
210000081,22,5,17
210000082,4,0,4
210000083,31,0,31
210000084,94,0,94
210000085,0,0,0
210000086,0,0,0
210000099,0,0,0
210000100,0,0,0
210000101,0,0,0
210000105,0,0,0
210000159,0,0,0
210000163,0,0,0
210000164,187,110,77
210000168,29,7,22
210000187,0,0,0
210000188,0,0,0
210000214,24,0,24
210000219,8,25,-17
210000220,84,38,46
210000232,0,0,0
210000233,0,0,0
210000234,0,0,0
210000235,0,0,0
210000245,0,0,0
210000246,21,3,18
210000258,0,0,0
210000259,74,4,70
210000282,0,0,0
210000285,0,0,0
210000286,0,0,0
210000290,0,4,-4
210000295,0,0,0
210000296,0,0,0
210000320,142,6,136
210000321,101,5,96
210000338,0,0,0
210000339,0,0,0
210000340,0,0,0
210000341,0,0,0
210000342,0,0,0
210000343,0,0,0
210000344,0,0,0
210000345,0,0,0
210000346,0,0,0
210000347,0,0,0
210000348,0,0,0
210000349,0,0,0
210000350,0,0,0
210000351,0,0,0
210000352,37,8,29
210000353,26,9,17
210000354,29,6,23
210000355,7,17,-10
210000356,2,70,-68
210000357,26,147,-121
210000358,27,88,-61
210000359,30,68,-38
210000360,112,73,39
210000361,72,49,23
210000362,121,50,71
210000363,399,87,312
210000364,199,31,168
210000365,76,31,45
210000366,135,32,103
210000367,27,3,24
210000368,70,10,60
210000369,44,22,22
210000370,34,5,29
210000372,2,8,-6
210000373,2,33,-31
210000374,17,17,0
210000375,16,4,12
210000376,10,37,-27
210000404,0,0,0
210000439,67,7,60
210000472,6,8,-2
210000482,25,40,-15
210000564,140,48,92
210000567,0,14,-14
210000568,122,0,122
211000092,29,5,24
211000094,15,0,15
211000169,89,0,89
211000172,1,92,-91
211000209,0,2,-2
211000226,15,3,12
211000270,14,15,-1
211000275,8,4,4
211000276,41,0,41
211000279,12,10,2
211000281,34,3,31
211000302,0,0,0
211507980,0,29,-29
211977296,1,9,-8
212000003,144,7,137
212000004,0,0,0
212000005,0,0,0
212000006,0,0,0
212000008,0,0,0
212000009,0,0,0
212000012,0,0,0
212000013,0,0,0
212000014,0,0,0
212000015,0,0,0
212000016,0,0,0
212000027,636,108,528
212000028,244,151,93
212000029,119,261,-142
212000030,41,19,22
212000031,48,27,21
212000048,0,0,0
212000049,0,0,0
212000050,0,0,0
212000051,0,0,0
212000052,0,0,0
212000053,0,0,0
212000054,349,31,318
212000055,312,41,271
212000056,3,17,-14
212000057,0,28,-28
212000058,18,7,11
212000070,0,0,0
212000077,0,0,0
212000099,329,77,252
212000108,178,82,96
212000111,371,26,345
212000120,0,0,0
212000138,0,0,0
212000156,0,0,0
212000158,0,44,-44
212000159,492,21,471
212000160,718,72,646
212000161,127,57,70
212000310,0,0,0
212000311,3,52,-49
212000374,0,0,0
213000001,3,170,-167
213000005,243,15,228
213000006,301,70,231
213000007,41,6,35
213000009,159,138,21
213000010,398,46,352
213000011,164,13,151
213000014,19,1,18
213000015,181,3,178
213000016,187,1,186
213000017,32,0,32
213000018,0,5,-5
213000019,0,2,-2
213000020,12,5,7
213000021,0,1,-1
213000023,565,151,414
213000033,35,105,-70
213000034,406,72,334
213000035,136,202,-66
213000045,40,83,-43
213000046,5,19,-14
213000047,45,568,-523
213000056,115,0,115
213000069,11,0,11
213000073,0,0,0
213000074,2,32,-30
213000075,279,0,279
213000076,6,0,6
213000085,0,0,0
213000086,0,0,0
213000091,112,0,112
213000092,20,4,16
213000099,1,296,-295
213000100,604,190,414
213000101,301,45,256
213000102,287,54,233
213000103,265,132,133
213000104,22,54,-32
213000105,0,62,-62
213000106,4,4,0
213000107,61,10,51
213000108,1,41,-40
213000109,0,38,-38
213000110,1,23,-22
213000111,0,17,-17
213000112,2,65,-63
213000115,15,2,13
213000116,8,60,-52
213000117,0,90,-90
213000118,348,144,204
213000119,0,4,-4
213000120,0,10,-10
213000122,3,29,-26
213000123,5,56,-51
213000124,7,26,-19
213000125,141,39,102
213000126,1,20,-19
213000127,2,39,-37
213000128,11,108,-97
213000129,98,865,-767
213000130,506,417,89
213000132,281,129,152
213000133,593,56,537
213000134,867,3,864
213000136,468,12,456
213000137,338,9,329
213000139,115,8,107
213000147,11,3,8
213000148,3,2,1
213000149,0,0,0
213000150,0,0,0
213000151,0,0,0
213000152,0,0,0
213000153,0,0,0
213000154,0,0,0
213000155,0,0,0
213000156,0,0,0
213000157,0,0,0
213000158,16,108,-92
213000159,426,68,358
213000163,561,106,455
213000165,349,93,256
213000171,14,0,14
213000172,11,0,11
213000173,0,3,-3
213000174,0,1,-1
213000175,23,2,21
213000176,4,28,-24
213000177,5,6,-1
213000178,71,3,68
213000179,117,6,111
213000180,93,0,93
213000184,4,75,-71
213000188,265,16,249
213000189,390,23,367
213000190,176,20,156
213000191,367,1,366
213000192,164,1,163
213000193,0,0,0
213000194,0,0,0
213000195,0,0,0
213000196,0,0,0
213000197,555,275,280
213000198,0,0,0
213000200,62,24,38
213000201,11,17,-6
213000202,3,14,-11
213000203,789,242,547
213000204,744,9,735
213000205,335,12,323
213000206,578,17,561
213000207,4,2,2
213000208,1,0,1
213000209,20,0,20
213000210,52,1,51
213000211,0,0,0
213000212,0,0,0
213000213,0,0,0
213000218,179,312,-133
213000219,276,9,267
213000220,325,3,322
213000223,58,82,-24
213000224,1,38,-37
213000225,66,11,55
213000226,54,8,46
213000227,578,54,524
213000228,320,6,314
213000229,1,2,-1
213000230,215,3,212
213000232,8,382,-374
213000233,0,0,0
213000234,0,0,0
213000293,0,2,-2
213000294,69,5,64
213000295,0,3,-3
213000296,35,24,11
213000297,0,0,0
213000298,0,0,0
213000299,6,10,-4
213000300,0,14,-14
213000303,0,0,0
213000304,0,0,0
213000305,2,19,-17
213000306,0,0,0
213000307,15,17,-2
213000308,0,0,0
213000309,63,26,37
213000310,65,29,36
213000311,1,182,-181
213000315,0,0,0
213000316,169,12,157
213000322,0,3,-3
213000323,12,7,5
213000340,1,2,-1
213000341,506,43,463
213000346,64,141,-77
213000347,67,226,-159
213000348,0,3,-3
213000349,0,0,0
213000350,28,141,-113
213000366,0,59,-59
213000367,274,11,263
213000379,1,2,-1
213000386,1,25,-24
213000406,19,35,-16
213000417,771,154,617
213000425,38,3,35
213000426,50,2,48
213000427,18,5,13
213000428,18,23,-5
213000429,1,0,1
213000430,18,20,-2
213000431,0,1,-1
213000432,0,237,-237
213000433,1,6,-5
213000434,6,0,6
213000435,37,16,21
213000439,2,0,2
213000441,0,0,0
213000443,264,172,92
213000445,0,34,-34
213000446,0,88,-88
213000447,0,11,-11
213000448,1,0,1
213000449,449,6,443
213000450,1,1,0
213000451,10,0,10
213000452,0,0,0
213000453,0,0,0
213000455,37,16,21
213000456,0,0,0
213000481,8,0,8
213000482,19,0,19
213000489,26,8,18
213000491,0,0,0
213000492,34,1,33
213000493,0,0,0
213000494,168,26,142
213000495,0,0,0
213000496,280,141,139
213000497,0,5,-5
213000498,9,5,4
213000499,4,6,-2
213000500,224,1,223
213000501,90,10,80
213000502,19,17,2
213000504,1,8,-7
213000505,19,17,2
213000506,0,0,0
213000507,0,36,-36
213900244,10,0,10
213900245,0,0,0
218000003,0,0,0
218000004,0,0,0
218000005,5,14,-9
218000006,10,16,-6
218000007,1,18,-17
218000012,25,48,-23
218000013,17,94,-77
218000014,16,55,-39
218000019,111,42,69
218000020,118,65,53
218000040,1,0,1
218000046,43,12,31
218000047,0,18,-18
218000048,36,39,-3
218000049,34,32,2
218000050,146,30,116
218000051,4,83,-79
218000052,0,17,-17
218000053,0,0,0
218000054,10,6,4
218000055,0,5,-5
218000056,0,3,-3
218000057,0,10,-10
218000064,0,14,-14
218000065,70,4,66
218000066,5,9,-4
218000067,15,42,-27
218000068,16,23,-7
218000069,50,6,44
218000070,19,11,8
218000071,74,12,62
218000072,23,30,-7
218000078,32,8,24
218000079,239,52,187
218000080,98,39,59
218000081,343,31,312
218000082,61,29,32
218000083,0,0,0
218000084,0,0,0
218000085,0,0,0
218000086,0,0,0
218000087,0,0,0
218000090,0,18,-18
218000091,590,221,369
218000092,103,10,93
218000093,22,32,-10
218000094,0,0,0
218000099,60,135,-75
218000100,28,66,-38
218000101,45,57,-12
218000102,141,30,111
218000103,8,1,7
218000104,33,3,30
218000105,0,0,0
218000106,0,0,0
218000107,0,0,0
218000108,0,0,0
218000112,0,0,0
218000117,14,33,-19
218000134,28,14,14
218000135,0,9,-9
218000136,24,58,-34
218000137,35,27,8
218000138,0,0,0
218000139,49,0,49
218000140,239,161,78
218000141,28,8,20
218000142,139,31,108
218000143,40,110,-70
218000144,21,73,-52
218000145,163,27,136
218000146,23,50,-27
218000151,5,5,0
218000152,60,11,49
218000170,0,18,-18
218000171,18,1,17
218000172,0,8,-8
218000173,1,4,-3
218000174,7,1,6
218000176,221,5,216
218000177,267,46,221
218000178,183,30,153
218000179,264,10,254
218000180,27,20,7
218000181,258,10,248
218000187,0,0,0
218000188,0,0,0
218000189,0,0,0
218000190,0,0,0
218000191,0,0,0
218000192,0,0,0
218000193,0,0,0
218000194,0,0,0
218000195,88,50,38
218000196,270,38,232
218000197,431,49,382
218000198,77,18,59
218000199,18,31,-13
218000200,20,6,14
218000201,1,0,1
218000202,0,0,0
218000207,0,0,0
218000208,0,0,0
218000211,6,0,6
218000213,29,56,-27
218000214,3,49,-46
218000215,13,34,-21
218000217,0,32,-32
218000218,184,183,1
218000219,1,80,-79
218000220,19,127,-108
218000221,154,177,-23
218000222,1,29,-28
218000223,22,226,-204
218000224,4,199,-195
218000225,186,14,172
218000226,107,11,96
218000232,0,2,-2
218000239,20,1,19
218000240,0,0,0
218000241,7,0,7
218000242,0,0,0
218000243,1,0,1
218000244,5,0,5
218000245,2,1,1
218000246,0,0,0
218000247,0,0,0
218000248,0,0,0
218000249,0,0,0
218000250,0,1,-1
218000251,0,0,0
218000252,0,0,0
218000253,0,0,0
218000254,0,0,0
218000255,0,0,0
218000256,0,0,0
218000267,0,0,0
218000268,0,0,0
218000269,0,0,0
218000270,0,0,0
218000271,0,0,0
218000273,44,19,25
218000274,26,0,26
218000275,8,18,-10
218000276,1,3,-2
218000278,4,2,2
218000279,26,3,23
218000280,0,3,-3
218000281,0,6,-6
218000282,98,338,-240
218000284,26,8,18
218000301,0,0,0
218000302,50,2,48
218000303,0,0,0
218000316,770,350,420
218000317,1097,218,879
218000318,765,117,648
218000319,10,6,4
218000320,0,0,0
218000338,2,3,-1
218000345,0,0,0
218000346,45,85,-40
218000459,27,39,-12
218000490,0,0,0
218000501,109,20,89
218000502,0,0,0
218000503,48,5,43
218000504,67,5,62
218000505,0,0,0
218000506,0,0,0
218000508,0,0,0
218000510,55,27,28
218000520,98,107,-9
218000521,7,17,-10
218000522,0,59,-59
218000523,47,27,20
218000524,0,0,0
218000525,2,4,-2
218000526,0,42,-42
218000529,0,8,-8
218000531,27,1,26
218000532,0,0,0
218000534,110,5,105
218000537,2,62,-60
218000538,19,73,-54
218000540,0,0,0
218000543,32,7,25
218000544,0,0,0
218000545,28,4,24
218000546,0,0,0
218000547,18,17,1
218000548,0,0,0
218000549,379,35,344
218000550,13,21,-8
218000551,1,85,-84
218000552,163,53,110
218000553,0,0,0
218000554,0,0,0
218000555,34,29,5
218000556,0,0,0
218000557,156,62,94
218000558,41,16,25
218000559,0,2,-2
218000560,0,2,-2
218000561,1,0,1
218000562,0,25,-25
218000563,65,13,52
218000564,0,65,-65
218000565,38,1,37
218000566,4,1,3
218000568,0,0,0
218000569,0,35,-35
218000570,7,0,7
218000571,0,30,-30
218000572,27,1,26
218000573,6,74,-68
218000574,1,5,-4
218000575,55,0,55
218000576,0,27,-27
218000577,13,0,13
218000578,0,43,-43
218000579,0,0,0
218000581,0,0,0
218000582,2,0,2
218000583,0,0,0
218000584,0,0,0
218000585,25,0,25
218000586,22,1,21
218000587,0,0,0
218000588,0,0,0
218000589,0,0,0
218000590,3,0,3
218000591,0,0,0
218000592,0,0,0
218000593,0,0,0
218000594,0,27,-27
218000597,0,26,-26
218000598,0,0,0
218000599,12,5,7
218000600,0,0,0
218000601,0,57,-57
218000602,0,0,0
218000603,0,0,0
218000604,1,0,1
218000605,0,49,-49
218000606,118,0,118
218000607,0,25,-25
218000608,13,1,12
218000609,5,1,4
218000610,48,0,48
218000611,17,0,17
218000612,0,1,-1
218000613,21,0,21
218000614,0,7,-7
218000615,25,0,25
218000616,0,19,-19
218000617,9,0,9
218000618,0,2,-2
218000619,32,0,32
218000620,0,0,0
218000621,0,0,0
218000622,0,15,-15
218000623,19,0,19
218000624,0,22,-22
218000625,0,1,-1
218000626,0,6,-6
218000628,106,25,81
218000631,18,6,12
218000632,1,58,-57
218000633,24,0,24
218000634,0,0,0
218000635,3,1,2
218000636,14,34,-20
218000637,556,40,516
218000638,382,17,365
218000639,7,12,-5
218000640,258,30,228
218000641,8,73,-65
218000652,6,27,-21
218000653,164,5,159
218000663,0,2,-2
218000675,3,31,-28
218000680,6,9,-3
218000681,278,15,263
218000691,17,13,4
218000693,414,20,394
218000718,0,20,-20
218000719,8,70,-62
218000720,0,72,-72
218000721,0,1,-1
218001147,0,0,0
218001214,0,0,0
218001258,505,1,504
218001329,57,98,-41
218001330,2,4,-2
218001351,4,7,-3
218001352,2,4,-2
218001353,1,13,-12
218001354,1,1,0
218001355,0,0,0
218001356,254,48,206
218001357,0,0,0
218001358,190,3,187
218001361,968,68,900
218001362,0,0,0
219000001,0,0,0
219000002,0,0,0
219000003,10,4,6
219000004,27,56,-29
219000017,33,57,-24
219000020,118,10,108
219000022,97,0,97
219000023,71,0,71
219000029,0,0,0
219000034,58,41,17
219000039,0,0,0
219000040,0,52,-52
219000041,107,45,62
219000051,0,0,0
219000052,0,0,0
219000053,0,0,0
219000055,168,0,168
219000056,0,0,0
219000057,20,0,20
219000062,0,0,0
219000063,35,0,35
219000064,0,0,0
219000110,155,133,22
219000111,45,35,10
219000112,169,3,166
219000113,128,12,116
219000114,69,30,39
219000116,66,5,61
219000117,165,15,150
219000118,21,28,-7
219000123,116,0,116
219000124,9,0,9
219000125,0,0,0
219000126,0,0,0
219000127,0,0,0
219000128,0,0,0
219000129,0,0,0
219000130,0,0,0
219000131,583,896,-313
219000133,4,63,-59
219000134,15,37,-22
219000135,7,20,-13
219000136,22,95,-73
219000138,78,2,76
219000139,14,0,14
219000140,47,1,46
219000141,10,0,10
219000142,0,0,0
219000143,0,0,0
219000145,14,3,11
219000146,0,0,0
219000147,0,0,0
219000148,0,0,0
219000149,0,0,0
219000150,0,0,0
219000151,0,0,0
219000157,139,41,98
219000158,28,43,-15
219000161,77,7,70
219000163,191,230,-39
219000166,44,13,31
219000167,5,4,1
219000168,117,83,34
219000174,309,31,278
219000175,108,2,106
219000176,107,8,99
219000177,57,2,55
219000178,96,0,96
219000179,6,13,-7
219000180,5,1,4
219000182,72,4,68
219000183,51,2,49
219000184,60,0,60
219000185,0,0,0
219000186,98,5,93
219000187,11,5,6
219000189,0,0,0
219000190,0,0,0
219000191,0,0,0
219000192,180,250,-70
219000193,0,0,0
219000195,0,0,0
219000196,0,0,0
219000198,0,0,0
219000199,0,0,0
219000200,0,0,0
219000201,0,0,0
219000203,0,0,0
219000204,0,0,0
219000205,0,0,0
219000207,0,0,0
219000209,0,0,0
219000210,0,0,0
219000213,0,0,0
219000239,0,0,0
219000240,0,0,0
219000241,0,0,0
219000242,0,0,0
219000243,0,0,0
219000244,0,0,0
219000245,0,0,0
219000246,19,9,10
219000247,232,69,163
219000248,249,224,25
219000249,83,94,-11
219000250,67,57,10
219000251,192,59,133
219000252,283,91,192
219000253,145,16,129
219000255,70,95,-25
219000256,140,72,68
219000257,186,0,186
219000262,0,0,0
219000263,0,0,0
219000267,0,0,0
219000268,0,0,0
219000269,2,0,2
219000270,25,1,24
219000271,124,2,122
219000278,0,0,0
219000279,0,0,0
219000283,0,0,0
219000295,0,0,0
219000296,0,0,0
219000297,0,0,0
219000298,0,0,0
219000299,191,18,173
219000300,0,0,0
219000301,0,0,0
219000302,0,0,0
219000307,0,0,0
219000308,15,21,-6
219000311,170,11,159
219000312,315,51,264
219000313,214,27,187
219000314,0,0,0
219000315,207,3,204
219000316,345,29,316
219000317,33,25,8
219000320,0,0,0
219000321,0,0,0
219000323,0,0,0
219000325,0,0,0
219000326,0,0,0
219000327,0,0,0
219000328,0,0,0
219000329,50,71,-21
219000330,3,28,-25
219000331,18,6,12
219000332,115,63,52
219000333,22,0,22
219000335,40,6,34
219000337,2,0,2
219000338,31,0,31
219000344,0,0,0
219000345,0,0,0
219000346,0,0,0
219000348,0,0,0
219000349,0,0,0
219000350,0,0,0
219000351,0,0,0
219000352,37,53,-16
219000353,83,60,23
219000354,200,58,142
219000355,119,42,77
219000356,218,739,-521
219000363,82,28,54
219000364,202,8,194
219000365,127,1,126
219000366,123,242,-119
219000368,50,404,-354
219000370,196,647,-451
219000371,0,0,0
219000382,0,4,-4
219000383,0,0,0
219000385,0,0,0
219000386,0,0,0
219000387,0,0,0
219000390,0,3,-3
219000391,4,0,4
219000397,0,0,0
219000398,35,12,23
219000401,0,0,0
219000402,0,0,0
219000403,0,0,0
219000404,0,0,0
219000407,0,0,0
219000409,64,14,50
219000410,44,28,16
219000411,17,1,16
219000446,0,0,0
219000447,0,0,0
219000448,7,7,0
219000452,45,19,26
219000453,0,0,0
219000454,116,297,-181
219000556,160,15,145
219000558,0,0,0
219000590,0,0,0
219000591,49,14,35
219000592,0,0,0
219000595,0,0,0
219000635,133,25,108
219000636,0,0,0
219000657,3,0,3
219000658,0,0,0
219000673,0,0,0
219000676,2,0,2
219000679,18,0,18
219000684,109,1,108
219000685,0,0,0
219000686,0,0,0
219000688,0,0,0
219000689,0,0,0
219000690,96,3,93
219000691,2,0,2
219000692,72,7,65
219000693,0,0,0
219000694,5,0,5
219000695,28,2,26
219000698,5,0,5
219000699,0,0,0
219000727,0,0,0
219000728,50,1,49
219000770,6,0,6
219000771,0,0,0
219000788,0,0,0
219001150,0,32,-32
219001151,0,0,0
219001166,7,11,-4
219001167,0,0,0
219001178,46,1,45
220000001,3,17,-14
220000002,1,13,-12
220000003,0,0,0
220000004,0,0,0
220000005,0,0,0
220000006,0,0,0
220000007,0,0,0
220000008,0,0,0
220000009,19,80,-61
220000010,6,6,0
220000011,21,256,-235
220000012,4,59,-55
220000014,0,0,0
220000015,35,231,-196
220000017,36,46,-10
220000018,774,98,676
220000019,190,370,-180
220000020,84,40,44
220000021,217,92,125
220000022,376,117,259
220000023,76,101,-25
220000024,215,225,-10
220000025,242,777,-535
220000026,27,538,-511
220000027,21,62,-41
220000028,28,75,-47
220000029,0,0,0
220000030,0,0,0
220000031,174,209,-35
220000064,0,0,0
221000046,1,0,1
221000047,0,0,0
221000048,0,0,0
221000049,0,0,0
221000050,0,0,0
221000055,6,0,6
221000068,221,140,81
221000069,176,97,79
221000070,230,36,194
221000071,117,8,109
221000072,250,17,233
221000073,151,6,145
221000074,0,0,0
221000075,0,0,0
221000076,0,0,0
221000077,0,0,0
221000081,86,3,83
221000082,41,0,41
221000083,1,6,-5
221000084,1,1,0
221000085,9,0,9
221000086,0,0,0
221000087,0,0,0
221000088,0,0,0
221000089,0,0,0
221000090,0,0,0
221000098,99,13,86
221000099,191,7,184
221000100,136,1,135
221000101,245,0,245
221000103,0,0,0
221000104,0,0,0
221000107,89,1,88
221000108,5,17,-12
221000111,0,0,0
221000112,0,0,0
221000113,0,0,0
221000114,0,0,0
221000120,30,2,28
221000121,0,7,-7
221000122,20,23,-3
221000123,1,40,-39
221000124,18,58,-40
221000155,95,1,94
221000156,42,9,33
221000175,15,4,11
221000176,0,14,-14
221000182,16,1,15
221000241,323,371,-48
221000242,0,0,0
221000243,295,129,166
221000244,0,0,0
221000245,80,57,23
221000246,0,0,0
221000247,225,35,190
221000248,0,0,0
221000267,36,155,-119
221000325,34,15,19
221000331,0,5,-5
221000338,4,1,3
221000378,198,21,177
221000381,20,69,-49
222000282,0,2,-2
222000296,0,19,-19
222000568,334,13,321
222000569,85,56,29
222000570,120,15,105
222000571,323,2,321
222000577,0,7,-7
222000578,0,30,-30
222000579,4,35,-31
222000580,3,249,-246
222000599,0,4,-4
222000600,0,17,-17
222000601,1,134,-133
222000603,6,2,4
222000604,3,9,-6
222000605,1,28,-27
222000606,0,2,-2
222000607,0,8,-8
222000608,0,3,-3
222000609,1,4,-3
222000616,169,12,157
222000617,0,4,-4
222000618,0,1,-1
222000620,3,0,3
222000621,0,23,-23
222000623,280,9,271
222000624,285,2,283
222000625,451,45,406
222000636,37,3,34
222000686,12,3,9
222000687,7,0,7
222001066,89,0,89
222001067,21,1,20
222001068,63,4,59
222001069,18,11,7
222001082,11,3,8
222001083,1,8,-7
222001084,0,6,-6
222001085,0,45,-45
222001111,41,30,11
222001112,151,17,134
222001313,2,15,-13
222001314,0,36,-36
222001464,141,16,125
222001465,0,2,-2
222001484,137,18,119
222001485,3,6,-3
222001494,387,43,344
222001495,7,12,-5
222001496,398,8,390
222001497,42,43,-1
222001503,20,4,16
222001504,0,0,0
222001505,286,15,271
222001506,0,0,0
222001507,40,3,37
222001510,434,5,429
222001514,193,38,155
222001518,281,5,276
222001519,0,0,0
222001527,54,13,41
222001529,212,8,204
222001530,0,0,0
222001533,0,0,0
222001534,278,4,274
222001535,174,37,137
222001536,2,43,-41
222001537,121,1,120
222001538,0,0,0
222001563,689,4,685
222001564,0,0,0
222001568,43,4,39
222001576,0,20,-20
222001579,0,1,-1
222001583,2,6,-4
222001584,44,0,44
222001596,43,73,-30
222001597,606,100,506
222001626,1,6,-5
222001650,0,7,-7
222001651,54,86,-32
222001914,105,29,76
222001915,0,0,0
222001968,225,56,169
222001969,33,72,-39
222001970,27,43,-16
222001971,68,5,63
222001972,0,2,-2
225000001,274,90,184
225000002,393,82,311
225000003,477,27,450
225000004,179,42,137
225000005,14,32,-18
225000006,0,0,0
225000007,0,0,0
225000010,57,4,53
225000011,86,941,-855
225000012,107,630,-523
225000013,87,59,28
225000014,347,64,283
225000015,1,1,0
225000021,168,59,109
225000027,1,0,1
225000032,144,42,102
225000042,2,5,-3
225000049,0,0,0
225000050,53,2,51
225000053,0,0,0
225000058,478,71,407
225000067,0,0,0
225000068,0,0,0
225000069,0,0,0
225000070,0,0,0
225000071,0,0,0
225000075,0,1,-1
225000076,0,0,0
225000078,9,15,-6
225000085,61,24,37
225000086,177,4,173
225000087,82,3,79
225000088,0,0,0
225000089,0,0,0
225000090,0,0,0
225000091,0,0,0
225000092,0,0,0
225000093,0,0,0
225000094,0,0,0
225000095,0,0,0
225000096,0,0,0
225000098,325,87,238
225000099,413,30,383
225000100,444,74,370
225000104,2,2,0
225000110,0,1,-1
225000111,2,4,-2
225000112,20,13,7
225000113,4,15,-11
225000114,0,8,-8
225000115,19,22,-3
225000116,259,56,203
225000117,469,335,134
225000118,841,169,672
225000119,81,18,63
225000120,217,24,193
225000121,88,4,84
225000123,759,17,742
225000125,303,84,219
225000126,482,149,333
225000127,477,1153,-676
225000128,371,781,-410
225000132,323,51,272
225000133,180,5,175
225000134,240,108,132
225000135,71,0,71
225000136,228,2,226
225000137,260,21,239
225000138,482,12,470
225000143,0,0,0
225000144,0,0,0
225000145,11,26,-15
225000146,0,0,0
225000147,0,0,0
225000148,0,0,0
225000149,0,0,0
225000151,0,0,0
225000155,0,0,0
225000156,2,14,-12
225000157,5,3,2
225000158,0,0,0
225000171,0,0,0
225000180,14,0,14
225000181,0,0,0
225000182,10,5,5
225000185,0,0,0
225000187,0,0,0
225000191,9,0,9
225000194,0,0,0
225000208,0,0,0
225000209,37,1,36
225000210,0,0,0
225000217,0,0,0
225000218,12,0,12
225000223,0,0,0
225000224,1,0,1
225000225,0,0,0
225000226,154,1,153
225000227,0,0,0
225000228,5,19,-14
225000229,0,0,0
225000230,2,0,2
225000231,0,0,0
225000232,60,0,60
225000241,29,0,29
225000242,0,0,0
225000249,25,0,25
225000250,0,0,0
225000251,348,24,324
226000042,0,0,0
226000043,0,0,0
226000044,0,0,0
226000045,0,0,0
226000046,418,31,387
226000047,176,26,150
226000048,199,32,167
226000049,238,53,185
226000070,0,0,0
226000071,0,0,0
226000072,0,0,0
226000073,0,0,0
226000074,0,0,0
226000084,0,0,0
226000085,0,0,0
226000086,0,0,0
226000087,0,0,0
226000088,0,0,0
226000090,76,23,53
226000091,1,40,-39
226000092,0,48,-48
226000093,0,2,-2
226000094,10,1,9
226000095,14,17,-3
226000105,0,0,0
226000106,0,0,0
226000107,6,1,5
226000108,2,0,2
226000109,57,0,57
226000124,70,19,51
226000134,292,232,60
226000135,699,219,480
226000136,243,134,109
226000137,0,0,0
226000138,0,0,0
226000139,0,0,0
226000156,111,6,105
226000157,106,0,106
226000163,0,0,0
226000202,0,0,0
226000231,290,15,275
226000232,7,0,7
227000033,316,24,292
227000036,51,0,51
227000037,317,9,308
227000038,51,0,51
227000049,0,0,0
227000050,0,0,0
227000055,17,0,17
227000056,0,0,0
227000084,0,0,0
227000085,0,0,0
227000088,22,0,22
227000089,8,0,8
227000090,59,1,58
227000091,42,3,39
227000093,30,0,30
227000094,0,0,0
227000130,0,0,0
227000131,0,0,0
227000132,0,0,0
227000133,0,0,0
227000134,0,0,0
227000152,0,0,0
227000153,0,0,0
227000155,0,0,0
227000156,0,0,0
227000165,0,0,0
227000196,110,19,91
227000199,487,9,478
227000230,0,0,0
227000232,219,9,210
227000241,430,0,430
227000242,0,0,0
227000243,274,15,259
227000245,0,0,0
227000246,0,0,0
227000247,321,25,296
227000248,105,25,80
227000249,0,0,0
227000250,162,144,18
227000251,0,0,0
227000252,0,0,0
227000253,206,27,179
227000262,457,6,451
227000266,585,3,582
227000267,0,0,0
227000282,0,0,0
227000284,82,3,79
227000286,0,0,0
227000287,0,0,0
227000291,0,0,0
227000484,78,12,66
227000485,0,0,0
227000655,279,0,279
227000656,69,3,66
227000657,46,0,46
227000661,78,42,36
227000680,34,58,-24
229000265,3,4,-1
229000296,0,3,-3
229000297,0,41,-41
229000298,7,14,-7
229000320,16,0,16
229000321,0,0,0
229000412,11,6,5
229000414,5,2,3
229000415,0,0,0
229000416,0,0,0
229000417,0,0,0
229000419,28,43,-15
229000440,76,23,53
229000442,9,0,9
229000443,2,0,2
229000444,0,6,-6
229000445,59,0,59
229000446,11,0,11
229000847,51,0,51
229000848,38,0,38
229000849,107,0,107
229000851,135,0,135
229000854,0,0,0
229000856,0,0,0
229000857,0,0,0
229000858,0,0,0
229000919,0,0,0
229000930,0,0,0
229000937,118,8,110
229000966,47,4,43
229000981,0,0,0
229000985,2,2,0
229000986,0,0,0
229000987,0,0,0
229000988,0,0,0
229000989,0,0,0
229000990,0,0,0
229000991,0,1,-1
229000992,25,0,25
229000993,35,4,31
229000998,4,7,-3
229000999,14,1,13
229001034,0,5,-5
229001035,0,1,-1
229001037,4,0,4
229001042,21,0,21
229001047,6,8,-2
229001050,22,9,13
229001200,1,0,1
229001338,0,1,-1
229001394,130,0,130
229001422,126,22,104
229001423,0,0,0
229001431,27,25,2
229001432,0,0,0
229001444,86,7,79
229001445,39,12,27
229001503,123,12,111
229001504,0,0,0
229001505,72,7,65
229001506,0,0,0
229001509,3,7,-4
229001545,20,1,19
229001546,0,0,0
229001553,37,2,35
229001554,0,0,0
229001559,0,0,0
229001560,2,0,2
229001630,21,0,21
229001631,1,7,-6
229001635,0,20,-20
229001636,0,0,0
229001658,0,0,0
229001659,25,10,15
229001660,1,0,1
229001661,0,4,-4
229001662,7,1,6
229001663,0,0,0
229002584,15,33,-18
229002831,32,40,-8
229002841,0,5,-5
229002842,4,0,4
229002843,5,5,0
229002844,7,17,-10
229002845,0,14,-14
229002846,1,0,1
229002847,0,0,0
229002848,12,0,12
229002849,0,6,-6
229002850,4,0,4
229002851,1,41,-40
229002852,46,1,45
229002853,26,1,25
229002854,12,0,12
229002855,0,2,-2
229002856,1,0,1
229002857,0,0,0
229002858,2,0,2
229002859,0,0,0
229002860,3,0,3
229002861,7,2,5
229002862,2,0,2
229002863,0,0,0
229002864,3,22,-19
229002865,1,13,-12
229002866,13,7,6
229002867,0,2,-2
229002868,1,0,1
229002869,0,3,-3
229002870,3,0,3
235000066,161,8,153
235000067,56,35,21
235000072,0,0,0
235000073,0,0,0
235000074,0,0,0
235000080,0,0,0
235000081,0,0,0
235000082,112,5,107
235000083,48,9,39
235000084,9,16,-7
235000085,112,14,98
235000089,1,9,-8
235000092,0,0,0
235000093,0,0,0
235000097,0,0,0
235000098,38,4,34
235000099,9,1,8
235000116,3,7,-4
235000117,311,7,304
235000133,0,0,0
235000134,0,0,0
235000206,2,2,0
235000207,0,0,0
235000208,1,0,1
235000209,1,1,0
235000210,11,0,11
235000212,0,0,0
235000213,0,0,0
235000220,0,0,0
235000238,13,194,-181
235000239,1,11,-10
235000242,166,661,-495
235000245,0,0,0
235000246,0,0,0
235000284,0,1,-1
235000295,8,0,8
235000305,107,0,107
235000306,86,0,86
235000307,5,0,5
235000308,10,0,10
235000309,39,0,39
235000310,29,0,29
235000311,1,0,1
235000322,0,0,0
235000323,0,0,0
235000324,0,0,0
235000325,0,0,0
235000326,0,0,0
235000351,0,0,0
235000352,0,0,0
235000353,0,0,0
235000354,0,1,-1
235000355,0,1,-1
235000356,6,10,-4
235000357,13,6,7
235000358,10,0,10
235000359,2,2,0
235000360,4,1,3
235000361,31,21,10
235000381,0,0,0
235000382,51,4,47
235000390,4,0,4
235000391,107,0,107
235000392,160,43,117
235000393,93,81,12
235000395,120,6,114
235000396,230,40,190
235000400,5,4,1
235000401,0,0,0
235000405,0,0,0
235000406,0,0,0
235000407,0,0,0
235000409,0,0,0
235000410,0,0,0
235000411,0,0,0
235000485,0,0,0
235000486,4,0,4
235000549,32,12,20
235000550,0,0,0
235000599,0,0,0
235000600,0,0,0
235000601,8,7,1
235000602,67,24,43
235000614,0,0,0
235000648,0,0,0
235000649,20,1,19
235000685,0,0,0
235000815,0,0,0
235000834,0,0,0
235000855,6,16,-10
235000862,0,0,0
235000891,0,0,0
235000892,22,0,22
235000901,0,0,0
235000907,0,0,0
235001010,15,37,-22
235001029,0,0,0
235001030,169,7,162
235001078,88,23,65
235001079,0,0,0
235001147,2,30,-28
235001166,9,38,-29
235001167,0,0,0
235001169,0,0,0
235001188,0,0,0
235001189,2,0,2
235001197,0,0,0
235001200,0,0,0
235001207,227,3,224
235001210,0,0,0
235001215,0,0,0
235001239,0,0,0
235001244,0,0,0
235016267,0,0,0
277102712,3,0,3
277103813,9,1,8
277103814,0,0,0
277104249,0,0,0
277104250,0,40,-40
277104251,0,0,0
277104252,0,4,-4
990011530,0,0,0
990014944,0,28,-28
990015176,32,4,28
990016032,0,0,0
990032570,0,6,-6
990070001,32,2,30
990070103,0,0,0
990070601,0,2,-2
990070751,915,4,911
990070766,0,0,0
990071180,549,0,549
990071343,20,0,20
990071387,0,0,0
990071823,10,0,10
990072600,0,16,-16
990072964,0,2,-2
990073285,0,0,0
990074393,1,71,-70
990074870,710,7,703
990075106,222,4,218
990075746,496,24,472
990076437,1057,5,1052
990076458,0,0,0
997000007,124,1,123
997000041,0,24,-24
997000058,18,0,18
997000062,12,1,11
997000069,0,0,0
997000070,0,0,0
997000100,81,3,78
997000141,0,0,0
997000198,0,0,0
998000475,0,0,0
998000736,0,2,-2
998000965,0,3,-3
998001031,0,2,-2
998001700,0,0,0
998001899,0,0,0
998001900,70,60,10
998003073,514,63,451
998101900,0,5,-5
998102850,0,0,0
998501927,186,0,186
998501929,74,0,74
998501930,58,0,58
998501931,113,24,89
998501932,5,0,5
998501933,47,0,47
998501937,35,13,22
998501944,0,0,0
998501950,0,0,0
998501970,17,0,17
998501971,0,22,-22
998501973,0,2,-2
998501974,0,38,-38
998501975,178,1,177
998501976,50,0,50
998501977,0,2,-2
998501978,7,0,7
998501979,0,0,0
998501980,10,0,10
998501981,54,12,42
998501982,0,0,0
998501983,0,0,0
998502006,0,0,0
998502024,0,1,-1
998502032,0,0,0
998502062,3,0,3
998502063,0,0,0
998502173,13,0,13
998502269,0,0,0
998502546,0,42,-42
998502578,0,0,0
998502599,0,0,0
998502621,0,2,-2
998601159,0,1,-1
998601292,0,0,0
999033574,0,5,-5
999800001,13,2,11
999800002,0,0,0
999800003,1,0,1
999800004,0,0,0
999800005,0,0,0
