ID,insum,outsum,diff
100000001,664,698,-34
100000002,3389,3648,-259
100000003,3366,4667,-1301
100000004,453,1191,-738
100000005,2045,4027,-1982
100000006,434,184,250
100000007,1714,734,980
100000008,64,437,-373
100000009,375,366,9
100000010,22,139,-117
100000011,383,96,287
100000012,42,674,-632
100000013,22,186,-164
100000014,225,350,-125
100000015,1174,1635,-461
100000016,461,1236,-775
100000017,406,782,-376
100000018,764,522,242
100000019,2489,1716,773
100000020,1133,4652,-3519
100000021,3878,1777,2101
100000022,553,2235,-1682
100000023,2553,1153,1400
100000025,447,1266,-819
100000028,614,1031,-417
100000029,95,397,-302
100000030,65,32,33
100000031,1787,4923,-3136
100000032,1421,3011,-1590
100000033,820,2262,-1442
100000034,78,839,-761
100000035,658,1162,-504
100000036,806,1397,-591
100000037,497,370,127
100000038,2032,877,1155
100000039,319,305,14
100000040,229,172,57
100000041,1294,588,706
100000042,830,392,438
100000043,564,449,115
100000044,173,671,-498
100000045,261,589,-328
100000046,399,572,-173
100000047,168,347,-179
100000048,266,493,-227
100000049,1261,941,320
100000051,380,438,-58
100000053,75,3,72
100000054,280,18,262
100000055,490,345,145
100000056,368,603,-235
100000057,1743,397,1346
100000058,600,554,46
100000059,13,236,-223
100000060,389,279,110
100000061,1858,457,1401
100000062,1249,467,782
100000063,891,207,684
100000064,1150,341,809
100000065,219,650,-431
100000066,114,418,-304
100000067,196,522,-326
100000068,248,1050,-802
100000069,261,811,-550
100000072,166,419,-253
100000073,731,638,93
100000075,508,138,370
100000076,1113,3605,-2492
100000077,65,348,-283
100000078,10,39,-29
100000079,75,34,41
100000080,20,77,-57
100000081,57,222,-165
100000102,2819,4654,-1835
100000103,1479,1463,16
100000104,2287,2186,101
100000105,950,1487,-537
100000106,859,2500,-1641
100000107,129,1065,-936
100000108,311,829,-518
100000109,883,1447,-564
100000116,577,706,-129
100000117,38,171,-133
100000118,617,1092,-475
100000119,478,940,-462
100000121,137,424,-287
100000122,447,1539,-1092
100000123,1028,2374,-1346
100000124,2634,3042,-408
100000125,3446,1722,1724
100000126,443,591,-148
100000127,817,463,354
100000128,1095,2078,-983
100000129,275,729,-454
100000130,480,190,290
100000131,903,1681,-778
100000132,650,1773,-1123
100000133,1861,1098,763
100000135,467,1188,-721
100000139,177,536,-359
100000140,112,247,-135
100000142,511,438,73
100000143,1025,346,679
100000144,1511,433,1078
100000147,1176,3405,-2229
100000150,53,497,-444
100000151,552,2053,-1501
100000153,102,507,-405
100000154,21,414,-393
100000155,19,42,-23
100000156,302,416,-114
100000157,256,238,18
100000158,233,219,14
100000159,128,746,-618
100000165,567,728,-161
100000169,50,972,-922
100000174,193,816,-623
100000179,47,486,-439
100000180,530,1764,-1234
100000181,333,519,-186
100000188,44,138,-94
100000189,724,412,312
100000190,414,1378,-964
100000191,668,904,-236
100000192,45,84,-39
100000193,201,213,-12
100000330,475,729,-254
100000355,159,782,-623
100000362,2141,1085,1056
100000363,4568,4786,-218
100000364,72,193,-121
100000365,4907,8347,-3440
100000366,1754,1436,318
100000367,3961,5795,-1834
100000368,2399,835,1564
100000369,452,1905,-1453
100000370,138,893,-755
100000376,65,182,-117
100000379,921,1342,-421
100000380,3125,4820,-1695
100000384,4464,5187,-723
100000385,1273,3286,-2013
100000386,2947,5332,-2385
100000387,2141,5123,-2982
100000388,2258,5840,-3582
100000389,3088,5994,-2906
100000390,4152,5712,-1560
100000391,2562,9916,-7354
100000392,1187,3875,-2688
100000393,1185,6014,-4829
100000394,3133,7216,-4083
100000395,2057,5943,-3886
100000396,3225,3124,101
100000397,2252,7783,-5531
100000398,6039,4567,1472
100000413,4,3,1
100900002,5,7,-2
100900003,288,178,110
100900004,11,592,-581
100900005,79,11,68
100900006,36,35,1
100900007,144,11,133
100900008,0,275,-275
100900009,46,161,-115
100900010,68,26,42
100900011,176,116,60
100900012,0,51,-51
100900013,712,12,700
100900014,7,0,7
100900015,43,65,-22
100900016,6,29,-23
100900017,652,51,601
100900018,0,11,-11
100900019,28,86,-58
100900020,280,5,275
100900021,290,4,286
100900022,15,29,-14
100900023,0,28,-28
100900024,181,5,176
100900025,22,9,13
100900026,153,94,59
100900027,544,1808,-1264
100900028,141,282,-141
100900029,49,7,42
100900030,4,170,-166
100900031,648,29,619
100900032,335,7,328
100900033,121,230,-109
100900034,816,2,814
100900035,184,0,184
100900036,11,2,9
100900037,107,130,-23
100900038,62,70,-8
100900039,183,173,10
100900040,376,272,104
100900041,826,282,544
100900042,1161,1587,-426
100900043,0,29,-29
100900044,917,423,494
100900045,11,0,11
100900046,758,16,742
100900047,487,214,273
100900048,100,57,43
100900049,85,72,13
100900050,2,6,-4
100900051,25,86,-61
100900052,243,37,206
100900053,522,24,498
100900054,14,27,-13
100900055,116,801,-685
100900056,18,58,-40
100900057,1602,1063,539
100900058,116,101,15
100900059,92,4,88
100900060,184,4,180
100900061,205,124,81
100900062,5,49,-44
100900063,192,644,-452
100900064,539,17,522
100900065,47,120,-73
100900066,178,216,-38
100900067,4,8,-4
100900068,153,93,60
100900069,185,1,184
100900070,335,7,328
100900071,342,132,210
100900072,1,31,-30
100900073,128,272,-144
100900074,0,7,-7
100900075,1068,214,854
100900076,6,19,-13
100900077,54,21,33
100900078,65,193,-128
100900079,11,14,-3
100900080,51,69,-18
100900081,55,95,-40
100900082,191,218,-27
100900083,15,9,6
100900085,8,410,-402
100900086,61,310,-249
100900088,161,173,-12
100900089,5,11,-6
100900090,74,626,-552
100900091,4,9,-5
100900092,86,125,-39
100900093,318,249,69
100900094,171,139,32
100900095,1,15,-14
100900096,28,126,-98
100900097,0,0,0
100900098,14,50,-36
100900099,9,260,-251
100900100,4,576,-572
100900101,228,42,186
100900102,58,144,-86
100900103,3,14,-11
100900104,3,87,-84
100900105,8,374,-366
100900106,23,6,17
100900107,1274,744,530
100900108,4,61,-57
100900109,6,15,-9
100900110,0,25,-25
100900111,19,137,-118
100900112,2,22,-20
100900113,17,21,-4
100900114,13,9,4
100900115,9,8,1
100900116,774,395,379
100900117,247,908,-661
100900118,67,163,-96
100900119,1,24,-23
100900120,26,4,22
100900121,322,327,-5
100900122,85,88,-3
100900123,82,117,-35
100900124,1,23,-22
100900125,6,51,-45
100900126,176,189,-13
100900127,2,4,-2
100900128,72,239,-167
100900129,0,273,-273
100900131,32,206,-174
100900133,73,29,44
100900134,2,2,0
100900135,1,365,-364
100900137,251,149,102
100900138,297,361,-64
100900139,6,4,2
100900140,4,202,-198
100900141,2,585,-583
100900142,0,14,-14
100900143,425,329,96
100900144,3,2,1
100900145,109,208,-99
100900146,16,40,-24
100900147,10,420,-410
100900148,34,196,-162
100900149,26,233,-207
100900150,2,26,-24
100900151,66,280,-214
100900152,167,13,154
100900153,0,112,-112
100900154,9,133,-124
100900155,15,1,14
100900156,19,8,11
100900157,4,850,-846
100900159,3,34,-31
100900160,17,4,13
100900161,23,2,21
100900162,16,494,-478
100900163,66,97,-31
100900164,47,11,36
100900165,7,30,-23
100900166,27,4,23
100900167,6,47,-41
100900168,25,194,-169
100900169,66,606,-540
100900170,50,0,50
100900171,9,318,-309
100900172,1,27,-26
100900173,12,129,-117
100900174,40,24,16
100900176,1258,137,1121
100900177,406,155,251
100900178,146,168,-22
100900179,242,279,-37
100900180,2,3,-1
100900181,39,50,-11
100900182,39,30,9
100900184,16,70,-54
100900186,498,250,248
100900187,10,44,-34
100900188,27,19,8
100900189,2099,248,1851
100900191,420,1146,-726
100900192,143,390,-247
100900195,97,174,-77
100900197,14,33,-19
100900198,19,62,-43
100900199,1,14,-13
100900200,482,258,224
100900201,53,455,-402
100900202,35,0,35
100900203,0,288,-288
100900204,79,575,-496
100900205,89,553,-464
100900206,224,87,137
100900207,230,134,96
100900210,62,189,-127
100900211,289,124,165
100900213,87,36,51
100900214,323,136,187
100900215,8,36,-28
100900217,46,118,-72
101000001,1678,1795,-117
101000002,5203,5464,-261
101000003,266,731,-465
101000004,4376,4457,-81
101000005,2890,3670,-780
101000006,3629,5801,-2172
101000007,2036,3229,-1193
101000008,1480,1639,-159
101000009,1862,541,1321
101000010,680,458,222
101000011,809,295,514
101000012,364,418,-54
101000013,542,908,-366
101000014,306,324,-18
101000015,1383,851,532
101000016,187,446,-259
101000017,271,364,-93
101000018,1184,2078,-894
101000020,1015,557,458
101000021,525,296,229
101000022,113,145,-32
101000023,774,492,282
101000025,200,444,-244
101000026,158,24,134
101000027,1717,2931,-1214
101000028,707,299,408
101000029,116,1070,-954
101000030,798,162,636
101000031,193,714,-521
101000032,2081,3570,-1489
101000033,1172,3065,-1893
101000034,784,1654,-870
101000035,471,241,230
101000036,921,1118,-197
101000037,1115,1983,-868
101000039,1248,2401,-1153
101000040,1645,3602,-1957
101000041,2090,5692,-3602
101000042,128,960,-832
101000043,2603,5592,-2989
101000045,397,762,-365
101000046,944,1879,-935
101000047,867,3843,-2976
101000048,444,314,130
101000049,480,1676,-1196
101000050,740,1764,-1024
101000051,824,2146,-1322
101000052,914,1190,-276
101000053,655,1043,-388
101000054,1358,667,691
101000055,935,1276,-341
101000056,30,117,-87
101000057,764,1369,-605
101000058,612,1099,-487
101000059,1326,2003,-677
101000060,1508,902,606
101000061,416,1415,-999
101000062,283,590,-307
101000063,276,1280,-1004
101000064,504,985,-481
101000065,222,703,-481
101000066,423,1145,-722
101000067,539,921,-382
101000068,105,428,-323
101000069,175,49,126
101000070,562,723,-161
101000071,1705,861,844
101000072,433,2443,-2010
101000073,628,970,-342
101000074,2231,3708,-1477
101000075,1759,3617,-1858
101000077,1332,1327,5
101000078,655,1108,-453
101000079,949,915,34
101000080,806,836,-30
101000081,1310,1296,14
101000082,1887,1935,-48
101000083,2541,1968,573
101000084,816,528,288
101000085,1127,909,218
101000086,712,974,-262
101000087,661,700,-39
101000088,1083,1024,59
101000089,896,1339,-443
101000090,1385,811,574
101000091,383,355,28
101000092,1190,531,659
101000093,1220,510,710
101000094,856,656,200
101000095,472,441,31
101000096,430,385,45
101000097,302,442,-140
101000098,314,426,-112
101000099,448,721,-273
101000100,606,780,-174
101000101,167,290,-123
101000102,483,617,-134
101000103,437,638,-201
101000104,231,667,-436
101000105,153,498,-345
101000106,242,1090,-848
101000107,234,372,-138
101000108,426,117,309
101000109,475,63,412
101000110,26,205,-179
101000111,32,155,-123
101000113,124,562,-438
101000114,3044,7854,-4810
101000115,14,30,-16
101000116,65,21,44
101000117,999,158,841
101000119,44,63,-19
101000120,100,101,-1
101000121,28,71,-43
101000122,92,95,-3
101000123,36,91,-55
101000124,877,352,525
101000125,85,196,-111
101000128,170,630,-460
101000130,98,218,-120
101000131,925,328,597
101000132,763,568,195
101000135,30,44,-14
101000136,242,166,76
101000137,18,354,-336
101000141,610,2809,-2199
101000147,800,296,504
101000148,542,9,533
101000149,63,96,-33
101000150,97,270,-173
101000151,292,29,263
101000152,169,250,-81
101000153,219,129,90
101000154,348,465,-117
101000155,353,191,162
101000156,23,328,-305
101000157,48,29,19
101000160,14,6,8
101000163,127,461,-334
101000164,243,146,97
101000165,279,300,-21
101000166,204,193,11
101000168,655,379,276
101000252,1968,847,1121
101000254,52,50,2
101000258,84,8,76
101000261,111,41,70
101000262,909,3345,-2436
101000263,146,979,-833
101000265,59,522,-463
101000266,204,227,-23
101000269,16,15,1
101000290,455,2019,-1564
101000293,15,36,-21
101000294,486,361,125
101000295,192,224,-32
101000301,247,336,-89
101000304,1665,2163,-498
101000305,2229,824,1405
101000328,98,392,-294
101900001,25,38,-13
101900002,0,8,-8
101900003,30,73,-43
101900004,4,69,-65
101900005,1531,2543,-1012
101900006,1068,54,1014
101900007,506,180,326
101900008,32,123,-91
101900009,14,278,-264
101900010,569,721,-152
101900011,82,627,-545
101900012,174,82,92
101900013,273,98,175
101900017,3,121,-118
101900018,614,220,394
101900019,72,99,-27
101900020,25,22,3
101900021,1,48,-47
101900022,140,458,-318
101900023,137,70,67
101900026,88,41,47
101900027,18,88,-70
102000001,2239,4027,-1788
102000002,1869,767,1102
102000003,1727,5243,-3516
102000004,2531,1966,565
102000005,897,2439,-1542
102000006,552,1248,-696
102000007,1233,3528,-2295
102000008,2541,1184,1357
102000009,5086,7055,-1969
102000010,3231,2312,919
102000011,3152,2725,427
102000012,2368,2143,225
102000018,1893,2123,-230
102000019,1724,1348,376
102000026,209,285,-76
102000029,156,147,9
102000030,139,282,-143
102000031,68,85,-17
102000032,497,254,243
102000033,298,276,22
102000034,346,396,-50
102000035,932,485,447
102000036,17,149,-132
102000037,154,16,138
102000038,77,419,-342
102000039,75,151,-76
102000040,203,395,-192
102000041,72,500,-428
102000042,89,399,-310
102000043,79,317,-238
102000044,291,579,-288
102000045,360,598,-238
102000046,909,459,450
102000047,642,669,-27
102000048,320,639,-319
102000049,851,806,45
102000050,710,864,-154
102000051,272,664,-392
102000052,871,690,181
102000053,686,1031,-345
102000054,653,731,-78
102000055,1062,326,736
102000056,879,290,589
102000057,1282,449,833
102000058,846,768,78
102000059,1145,903,242
102000060,785,652,133
102000061,1457,1086,371
102000062,1595,745,850
102000063,778,876,-98
102000064,454,489,-35
102000065,42,71,-29
102000066,725,703,22
102000067,2211,2254,-43
102000068,7395,2450,4945
102000069,91,2211,-2120
102000070,1150,44,1106
102000071,5564,7113,-1549
102000072,2105,3172,-1067
102000073,559,616,-57
102000074,448,818,-370
102000075,94,197,-103
102000076,210,196,14
102000077,655,374,281
102000078,1101,282,819
102000079,77,121,-44
102000080,234,122,112
102000081,184,629,-445
102000082,530,265,265
102000083,645,185,460
102000084,439,136,303
102000085,1639,595,1044
102000086,1115,633,482
102000087,639,967,-328
102000088,366,223,143
102000089,1130,252,878
102000090,286,833,-547
102000091,944,392,552
102000092,257,405,-148
102000093,434,441,-7
102000094,569,549,20
102000095,700,935,-235
102000096,371,622,-251
102000097,545,482,63
102000098,393,700,-307
102000099,700,796,-96
102000100,190,1003,-813
102000101,346,460,-114
102000102,301,824,-523
102000103,1715,297,1418
102000104,489,241,248
102000105,230,478,-248
102000106,741,367,374
102000107,1437,299,1138
102000108,576,109,467
102000109,514,325,189
102000110,1201,423,778
102000111,15,173,-158
102000112,124,94,30
102000113,16,26,-10
102000114,482,242,240
102000115,166,315,-149
102000116,251,472,-221
102000117,88,720,-632
102000118,659,1337,-678
102000119,1023,1219,-196
102000120,217,394,-177
102000121,839,397,442
102000122,572,738,-166
102000123,873,767,106
102000124,1122,1045,77
102000125,477,547,-70
102000126,461,656,-195
102000127,866,534,332
102000128,567,716,-149
102000129,1022,452,570
102000130,542,677,-135
102000131,1572,645,927
102000132,609,1036,-427
102000133,2400,1391,1009
102000134,830,586,244
102000135,543,579,-36
102000136,907,526,381
102000137,405,909,-504
102000138,151,259,-108
102000139,32,405,-373
102000140,104,615,-511
102000141,117,626,-509
102000142,268,211,57
102000143,234,155,79
102000144,315,177,138
102000145,285,243,42
102000146,312,222,90
102000147,379,344,35
102000148,176,419,-243
102000149,160,196,-36
102000150,421,75,346
102000151,89,114,-25
102000152,141,95,46
102000153,757,587,170
102000154,187,302,-115
102000155,52,309,-257
102000156,197,146,51
102000157,66,537,-471
102000158,247,407,-160
102000159,746,693,53
102000161,1451,1516,-65
102000162,107,131,-24
102000163,88,303,-215
102000164,496,680,-184
102000165,199,146,53
102000166,52,146,-94
102000167,177,258,-81
102000168,210,202,8
102000169,89,463,-374
102000170,314,92,222
102000171,86,114,-28
102000172,28,285,-257
102000173,313,224,89
102000174,36,68,-32
102000175,65,30,35
102000176,58,19,39
102000178,215,191,24
102000179,329,169,160
102000180,940,266,674
102000181,817,284,533
102000182,440,322,118
102000183,1721,926,795
102000184,1793,504,1289
102000185,2464,704,1760
102000186,1398,940,458
102000187,865,752,113
102000188,949,890,59
102000189,1311,355,956
102000190,436,1992,-1556
102000191,838,340,498
102000192,1309,1323,-14
102000193,68,61,7
102000194,69,110,-41
102000195,391,228,163
102000196,240,201,39
102000197,766,192,574
102000198,190,318,-128
102000199,1205,171,1034
102000200,266,485,-219
102000201,1142,264,878
102000202,6,73,-67
102000203,373,98,275
102000204,486,343,143
102000205,1069,337,732
102000206,558,229,329
102000207,588,406,182
102000208,332,283,49
102000209,59,74,-15
102000210,418,238,180
102000211,412,125,287
102000212,293,6,287
102000213,7,119,-112
102000214,366,12,354
102000215,4,181,-177
102000216,62,70,-8
102000217,8,57,-49
102000218,237,159,78
102000219,137,124,13
102000225,349,444,-95
102000226,257,674,-417
102000227,101,4,97
102000228,0,40,-40
102000229,45,40,5
102000230,255,241,14
102000231,232,234,-2
102000232,40,115,-75
102000233,409,321,88
102000234,87,766,-679
102000236,186,81,105
102000237,446,160,286
102000238,159,198,-39
102000240,329,624,-295
102000241,153,90,63
102000243,20,21,-1
102000245,7,136,-129
102000246,1,23,-22
102000247,265,365,-100
102000248,269,584,-315
102000249,111,62,49
102000250,55,191,-136
102000254,214,135,79
102000266,10,468,-458
102000271,36,0,36
102000286,275,204,71
102000297,1471,874,597
102000301,0,0,0
102000303,0,0,0
102000307,0,2,-2
102900001,1060,530,530
102900002,257,46,211
102900003,71,97,-26
102900005,403,187,216
102900006,460,71,389
102900007,510,14,496
102900008,238,32,206
102900009,478,354,124
102900010,138,732,-594
102900011,1002,390,612
102900012,430,65,365
102900013,28,37,-9
102900015,398,385,13
102900016,86,52,34
102900017,284,212,72
102900018,52,52,0
102900019,311,392,-81
102900020,156,22,134
102900021,46,35,11
102900022,235,120,115
102900023,22,71,-49
102900024,28,26,2
102900025,131,78,53
102900026,286,1696,-1410
102900027,69,47,22
102900028,165,817,-652
102900029,119,168,-49
102900030,421,303,118
102900031,230,107,123
102900032,70,60,10
102900033,107,129,-22
102900034,534,52,482
102900035,141,192,-51
102900036,315,181,134
102900037,368,205,163
102900038,347,145,202
102900039,27,450,-423
102900040,214,205,9
102900041,99,101,-2
102900042,247,184,63
102900043,245,166,79
102900044,451,1185,-734
102900045,160,312,-152
102900046,141,113,28
102900047,117,327,-210
102900048,432,281,151
102900049,60,253,-193
102900050,186,221,-35
102900051,170,172,-2
102900052,42,83,-41
102900053,281,475,-194
102900054,354,1124,-770
102900055,156,243,-87
102900056,77,298,-221
102900057,7,74,-67
102900058,255,50,205
102900059,25,40,-15
102900060,81,296,-215
102900061,122,239,-117
102900062,255,345,-90
102900063,1233,339,894
102900064,92,338,-246
102900065,768,282,486
102900066,272,15,257
102900068,113,111,2
102900070,155,336,-181
102900072,20,49,-29
102900073,101,11,90
102900075,13,78,-65
102900076,67,173,-106
102900077,37,20,17
102900078,20,43,-23
102900079,154,11,143
102900080,352,29,323
102900081,60,234,-174
102900082,8,141,-133
102900083,103,26,77
102900084,4,33,-29
102900085,245,98,147
102900086,28,113,-85
102900087,118,124,-6
102900088,36,22,14
102900089,216,93,123
102900090,0,170,-170
102900091,177,5,172
102900092,409,234,175
102900093,187,126,61
102900094,2,108,-106
102900095,103,1,102
102900096,45,3,42
102900097,2,66,-64
102900098,8,9,-1
103000001,1829,1821,8
103000002,1758,2026,-268
103000003,2461,2151,310
103000004,659,497,162
103000005,1509,2618,-1109
103000006,807,1304,-497
103000007,478,514,-36
103000008,766,454,312
103000009,1506,962,544
103000010,108,51,57
103000011,987,773,214
103000012,1013,1360,-347
103000013,1927,1273,654
103000014,1019,2183,-1164
103000015,980,504,476
103000016,351,1185,-834
103000017,247,356,-109
103000018,426,168,258
103000019,345,284,61
103000020,1310,936,374
103000021,1417,1959,-542
103000022,548,685,-137
103000023,546,1727,-1181
103000024,70,73,-3
103000025,114,688,-574
103000026,441,67,374
103000027,240,492,-252
103000028,148,217,-69
103000029,107,202,-95
103000030,1076,1033,43
103000031,664,1719,-1055
103000032,1514,1030,484
103000033,2191,2079,112
103000034,859,692,167
103000035,275,926,-651
103000036,205,294,-89
103000037,369,376,-7
103000038,452,836,-384
103000039,487,217,270
103000040,513,447,66
103000041,1412,1063,349
103000042,1343,286,1057
103000043,683,418,265
103000044,290,90,200
103000046,356,357,-1
103000047,620,285,335
103000048,185,135,50
103000049,101,86,15
103000050,593,203,390
103000051,538,381,157
103000052,592,203,389
103000053,140,330,-190
103000054,1998,1073,925
103000055,1516,1394,122
103000056,571,751,-180
103000057,881,120,761
103000058,554,565,-11
103000059,454,408,46
103000060,546,349,197
103000061,427,569,-142
103000062,791,267,524
103000063,767,623,144
103000064,135,103,32
103000065,2,175,-173
103000066,182,8,174
103000069,427,140,287
103000070,787,457,330
103000071,1137,409,728
103000072,116,418,-302
103000073,622,108,514
103000074,669,94,575
103000075,110,458,-348
103000076,325,453,-128
103000077,30,218,-188
103000078,557,848,-291
103000079,361,561,-200
103000080,403,427,-24
103000081,309,926,-617
103000082,340,124,216
103000083,78,264,-186
103000084,99,10,89
103000085,2,82,-80
103000086,294,403,-109
103000087,116,487,-371
103000088,196,267,-71
103000089,196,432,-236
103000090,3095,1040,2055
103000091,870,379,491
103000092,216,284,-68
103000093,288,450,-162
103000094,182,81,101
103000095,76,292,-216
103000096,433,51,382
103000097,60,592,-532
103000098,476,139,337
103000099,176,573,-397
103000100,161,413,-252
103000101,947,118,829
103000102,90,297,-207
103000103,625,106,519
103000104,80,89,-9
103000105,212,92,120
103000106,5,156,-151
103000107,232,68,164
103000108,857,520,337
103000109,445,453,-8
103000110,538,425,113
103000111,330,379,-49
103000112,229,274,-45
103000113,361,540,-179
103000114,1005,591,414
103000115,679,422,257
103000116,636,303,333
103000117,373,289,84
103000118,349,346,3
103000119,637,315,322
103000120,41,88,-47
103000121,53,193,-140
103000122,273,329,-56
103000125,28,82,-54
103000126,551,2,549
103000127,8,81,-73
103000128,178,3,175
103000129,0,54,-54
103000130,68,26,42
103000131,103,85,18
103000132,72,107,-35
103000133,9,55,-46
103000134,188,728,-540
103000135,489,219,270
103000136,395,394,1
103000137,287,500,-213
103000138,476,629,-153
103000139,0,74,-74
103000140,111,37,74
103000141,39,146,-107
103000142,88,86,2
103000143,58,179,-121
103000144,143,63,80
103000145,8,119,-111
103000150,83,48,35
103000152,189,205,-16
103000153,184,156,28
103000156,23,122,-99
103000157,334,0,334
103000159,132,69,63
103000162,26,13,13
103000163,10,16,-6
103000164,1,4,-3
103000165,38,125,-87
103000166,203,296,-93
103000167,210,95,115
103000168,117,107,10
103000169,154,350,-196
103000170,912,171,741
103000171,29,90,-61
103000172,636,148,488
103000173,741,151,590
103000174,212,138,74
103000175,228,117,111
103000176,628,579,49
103000177,219,344,-125
103000178,96,256,-160
103000179,156,54,102
103000183,249,10,239
103000185,147,51,96
103000186,139,85,54
103000187,600,111,489
103000188,17,83,-66
103000189,626,367,259
103000191,423,602,-179
103000292,463,1268,-805
103000293,479,2050,-1571
103000295,58,106,-48
103000296,90,1,89
103000297,6,126,-120
103000504,51,10,41
103000505,1,30,-29
103000506,2,96,-94
103000507,241,1,240
103000508,71,84,-13
103000509,221,421,-200
103900001,0,34,-34
103900002,612,112,500
103900003,850,214,636
103900004,142,0,142
103900005,1,74,-73
103900006,2,0,2
103900007,105,4,101
103900008,3,1,2
103900009,375,372,3
103900010,157,225,-68
103900011,397,84,313
103900012,12,17,-5
103900013,80,36,44
103900014,77,7,70
103900015,50,4,46
103900016,194,79,115
103900017,32,46,-14
103900018,342,96,246
103900019,61,320,-259
103900020,241,381,-140
103900021,190,90,100
103900022,813,498,315
103900023,187,2,185
103900024,49,301,-252
103900025,8,23,-15
103900026,65,4,61
103900027,506,165,341
103900028,28,261,-233
103900029,1035,155,880
103900030,300,97,203
103900031,39,1,38
103900032,96,63,33
103900033,55,20,35
103900034,32,48,-16
103900035,41,39,2
103900036,35,57,-22
103900037,117,57,60
103900038,70,192,-122
103900039,136,91,45
103900040,2,124,-122
103900041,65,32,33
103900042,118,103,15
103900043,229,30,199
103900044,60,381,-321
103900045,276,81,195
103900047,140,14,126
103900048,24,35,-11
103900049,99,868,-769
103900050,10,133,-123
103900051,1,42,-41
103900052,176,202,-26
103900053,346,199,147
103900054,116,149,-33
103900055,331,148,183
103900056,61,47,14
103900057,60,67,-7
103900058,271,268,3
103900059,0,36,-36
103900060,57,85,-28
103900061,181,22,159
103900062,367,119,248
103900063,21,0,21
103900064,152,5,147
103900065,413,343,70
103900066,226,56,170
103900067,225,12,213
103900068,4,0,4
103900069,57,13,44
103900070,88,143,-55
103900071,2,61,-59
103900072,27,74,-47
103900073,42,38,4
103900074,95,38,57
103900075,179,34,145
103900076,598,202,396
103900077,37,163,-126
103900078,305,58,247
103900079,124,166,-42
103900080,3,23,-20
103900081,9,21,-12
103900082,29,95,-66
103900083,738,1275,-537
103900084,75,136,-61
103900085,45,75,-30
103900086,646,246,400
103900088,182,457,-275
103900089,67,104,-37
103900090,1,31,-30
103900091,709,124,585
103900092,546,302,244
103900093,45,174,-129
103900094,9,45,-36
103900095,147,126,21
103900096,45,90,-45
103900097,12,348,-336
103900098,266,105,161
103900099,108,37,71
103900100,243,154,89
103900101,156,745,-589
103900102,0,24,-24
103900104,3,25,-22
103900105,38,85,-47
103900106,1,143,-142
103900107,117,74,43
103900108,40,129,-89
103900109,165,24,141
103900110,207,36,171
103900111,123,212,-89
103900112,73,94,-21
103900113,95,195,-100
103900114,302,167,135
103900115,214,207,7
103900116,1481,2044,-563
103900117,102,41,61
103900119,20,70,-50
103900120,50,68,-18
103900122,155,77,78
103900123,606,478,128
103900124,55,197,-142
103900125,84,36,48
103900126,493,190,303
103900127,198,158,40
103900128,232,49,183
103900131,23,49,-26
103900133,773,49,724
103900134,0,10,-10
103900135,1,1,0
103900137,0,10,-10
103900138,120,50,70
103900139,157,2366,-2209
103900140,5,175,-170
103900141,174,59,115
103900142,206,28,178
103900143,155,3,152
103900144,0,14,-14
103900145,106,187,-81
103900146,185,221,-36
103900147,320,95,225
103900148,228,148,80
103900149,331,228,103
103900150,2933,3884,-951
103900151,25,137,-112
103900152,852,134,718
103900153,8,2,6
103900154,352,1555,-1203
103900155,48,118,-70
103900156,105,47,58
103900157,82,65,17
103900158,133,33,100
103900159,161,24,137
103900160,50,49,1
103900161,76,143,-67
103900162,74,51,23
103900163,9,327,-318
103900167,10,110,-100
103900168,97,36,61
103900169,15,49,-34
103900170,1,46,-45
103900171,0,23,-23
103900172,2,11,-9
103900173,12,15,-3
103900174,221,33,188
103900175,37,72,-35
103900176,5,28,-23
103900177,19,43,-24
103900178,91,22,69
103900179,72,26,46
103900180,2,39,-37
103900181,34,20,14
103900182,10,10,0
103900184,191,132,59
103900185,59,451,-392
103900187,5,57,-52
103900188,60,45,15
103900189,134,10,124
103900190,59,40,19
103900191,33,45,-12
103900192,28,79,-51
103900193,68,69,-1
103900194,53,103,-50
103900195,3,110,-107
103900196,25,41,-16
103900197,13,19,-6
103900198,15,21,-6
103900199,99,59,40
103900200,123,44,79
103900201,56,88,-32
103900202,13,32,-19
103900203,32,16,16
103900204,0,27,-27
103900207,0,21,-21
103900208,133,1,132
103900209,3,76,-73
103900210,39,18,21
103900211,536,214,322
103900212,157,172,-15
103900213,17,174,-157
103900214,160,177,-17
103900215,128,220,-92
103900216,5,141,-136
103900217,231,40,191
103900218,1,142,-141
103900219,125,74,51
103900233,49,8,41
103900235,20,44,-24
103900236,12,5,7
103900242,1,2,-1
103900243,2,2,0
103900244,107,85,22
103900245,74,92,-18
103900246,30,29,1
103900247,22,51,-29
103900248,2,41,-39
103900249,3,50,-47
103900250,15,14,1
103900251,2,27,-25
103900253,7,52,-45
103900254,5,15,-10
103900255,3,10,-7
103900256,5,14,-9
103900257,79,75,4
103900258,10,5,5
103900259,23,7,16
103900261,9,1,8
103900262,7,2,5
103900263,18,18,0
103900264,21,20,1
103900265,9,2,7
103900266,4,58,-54
103900267,8,49,-41
103900268,15,36,-21
103900269,113,8,105
103900270,68,36,32
103900271,28,38,-10
103900272,54,25,29
103900273,47,8,39
103900274,113,2,111
103900275,69,7,62
103900276,6,18,-12
103900277,1,15,-14
103900278,2,17,-15
103900279,3,20,-17
103900280,4,15,-11
104000001,2096,1731,365
104000002,1392,1632,-240
104000003,1875,1572,303
104000004,1840,1775,65
104000005,1670,1625,45
104000006,2465,1899,566
104000007,3102,3037,65
104000008,176,114,62
104000009,179,112,67
104000010,142,260,-118
104000011,273,134,139
104000012,113,160,-47
104000013,256,189,67
104000014,206,366,-160
104000015,350,119,231
104000016,344,240,104
104000018,654,149,505
104000019,587,182,405
104000020,101,264,-163
104000021,161,277,-116
104000022,132,195,-63
104000023,817,344,473
104000024,186,225,-39
104000026,58,238,-180
104000027,192,128,64
104000028,385,186,199
104000029,264,193,71
104000030,313,154,159
104000031,1077,266,811
104000032,172,176,-4
104000033,541,378,163
104000034,252,148,104
104000035,901,292,609
104000036,846,356,490
104000037,210,97,113
104000038,537,259,278
104000039,206,87,119
104000040,119,280,-161
104000041,484,313,171
104000042,136,156,-20
104000043,136,197,-61
104000044,184,321,-137
104000045,700,561,139
104000046,577,809,-232
104000047,452,662,-210
104000048,708,656,52
104000049,537,229,308
104000050,87,487,-400
104000051,95,421,-326
104000052,1469,1387,82
104000053,737,342,395
104000054,463,180,283
104000055,2399,1749,650
104000056,589,200,389
104000057,112,194,-82
104000058,578,548,30
104000059,467,813,-346
104000060,852,1213,-361
104000061,818,730,88
104000062,344,89,255
104000064,494,210,284
104000065,112,449,-337
104000069,472,1059,-587
104000070,46,349,-303
104000071,88,245,-157
104000072,338,123,215
104000075,57,172,-115
104000076,368,43,325
104000082,1683,2909,-1226
104000083,570,170,400
104000084,105,308,-203
104000085,284,238,46
104000086,159,357,-198
104000087,298,1195,-897
104000090,764,558,206
104000092,1252,874,378
104000094,618,755,-137
104000095,1512,1011,501
104000096,1450,51,1399
104000097,1654,414,1240
104000098,2281,464,1817
104000100,1668,516,1152
104000101,1058,926,132
104000106,28,448,-420
104000107,509,244,265
104000108,145,233,-88
104000109,279,113,166
104000110,484,655,-171
104000111,1749,2053,-304
104000112,752,354,398
104000116,1,444,-443
104000117,172,258,-86
104000118,820,121,699
104000119,538,246,292
104000120,204,327,-123
104000121,158,424,-266
104000122,901,627,274
104000123,624,521,103
104000124,300,957,-657
104000125,1713,3892,-2179
104000126,351,382,-31
104000127,951,1112,-161
104000128,505,220,285
104000129,328,14,314
104000130,15,171,-156
104000131,281,289,-8
104000132,256,286,-30
104000133,1221,601,620
104000134,821,1185,-364
104000135,427,1307,-880
104000136,555,2618,-2063
104000137,1364,300,1064
104000138,664,302,362
104000139,2525,1690,835
104000141,693,637,56
104000142,447,336,111
104000143,605,250,355
104000144,93,152,-59
104000145,327,202,125
104000146,170,330,-160
104000147,113,220,-107
104000148,358,180,178
104000149,139,138,1
104000150,933,439,494
104000151,244,196,48
104000152,483,271,212
104000153,591,538,53
104000154,523,239,284
104000155,401,590,-189
104000157,761,825,-64
104000158,109,414,-305
104000159,714,464,250
104000160,1224,1786,-562
104000161,147,170,-23
104000162,76,135,-59
104000165,608,538,70
104000167,631,1105,-474
104000168,555,7,548
104000169,140,46,94
104000170,207,345,-138
104000248,284,329,-45
104000251,48,96,-48
104000272,0,0,0
104000273,0,0,0
104000274,0,0,0
104000275,0,0,0
104000279,508,308,200
104000290,63,192,-129
104000291,385,823,-438
104000293,714,670,44
104000294,59,0,59
104000295,533,596,-63
104000296,464,488,-24
104000297,539,1393,-854
104000298,1534,747,787
104000299,641,957,-316
104900001,112,163,-51
104900002,70,141,-71
104900003,91,226,-135
104900004,71,97,-26
104900005,411,227,184
104900006,334,69,265
104900007,287,156,131
104900009,112,119,-7
104900010,56,66,-10
104900011,5,14,-9
104900012,189,28,161
104900013,86,6,80
104900014,1359,298,1061
104900015,81,1,80
104900016,225,156,69
104900017,88,64,24
104900018,7,79,-72
104900019,144,3352,-3208
104900020,20,189,-169
104900021,0,71,-71
104900022,4,60,-56
104900023,0,17,-17
104900024,16,88,-72
104900025,52,102,-50
104900026,0,28,-28
104900027,535,307,228
104900028,7,88,-81
104900029,28,54,-26
104900030,417,159,258
104900031,50,221,-171
104900032,18,48,-30
104900033,163,213,-50
104900034,317,163,154
104900035,355,191,164
104900036,241,49,192
104900037,113,86,27
104900038,121,666,-545
104900039,315,325,-10
104900040,421,67,354
104900041,281,119,162
104900042,175,108,67
104900043,18,170,-152
104900044,720,160,560
104900045,393,43,350
104900046,196,64,132
104900047,381,100,281
104900048,276,50,226
104900049,54,53,1
104900050,228,39,189
104900051,245,29,216
104900052,96,0,96
104900053,375,81,294
104900054,201,29,172
104900055,149,2,147
104900056,161,18,143
104900057,19,0,19
104900058,470,335,135
104900059,120,86,34
104900060,3,384,-381
104900061,167,216,-49
104900063,0,149,-149
104900064,0,85,-85
104900065,0,170,-170
104900066,1,70,-69
104900067,15,215,-200
104900068,25,154,-129
104900070,105,188,-83
104900071,0,271,-271
104900072,61,179,-118
104900073,54,55,-1
104900074,73,162,-89
104900075,45,25,20
104900076,120,138,-18
104900077,380,244,136
104900078,219,208,11
104900079,74,424,-350
104900080,107,352,-245
104900082,7,254,-247
104900085,4,117,-113
104900087,252,4,248
104900089,247,0,247
104900090,924,665,259
104900091,441,386,55
104900093,145,253,-108
104900097,1192,2141,-949
104900098,164,35,129
104900099,64,463,-399
104900100,240,151,89
104900102,31,76,-45
104900103,278,38,240
104900104,1470,1596,-126
104900106,143,50,93
104900107,73,120,-47
104900108,21,95,-74
104900109,76,130,-54
104900110,5,35,-30
104900111,223,76,147
104900112,214,248,-34
104900113,715,148,567
104900114,369,207,162
104900115,683,163,520
104900116,409,78,331
104900118,31,25,6
104900119,0,41,-41
104900120,14,307,-293
104900121,1,24,-23
104900122,3,32,-29
104900123,60,30,30
104900124,33,0,33
104900125,401,5,396
104900126,47,16,31
104900127,12,39,-27
104900128,71,82,-11
104900129,788,1876,-1088
105000001,2444,1213,1231
105000002,1979,1257,722
105000003,2554,3003,-449
105000004,556,575,-19
105000005,1024,963,61
105000006,1239,1447,-208
105000007,1275,1640,-365
105000008,877,3469,-2592
105000009,2479,2989,-510
105000010,2111,941,1170
105000011,3283,2854,429
105000012,2317,1513,804
105000013,947,1266,-319
105000014,2198,2999,-801
105000015,7117,11340,-4223
105000016,961,1033,-72
105000017,1181,577,604
105000018,671,1368,-697
105000019,816,804,12
105000020,83,380,-297
105000021,147,134,13
105000022,133,116,17
105000023,437,201,236
105000028,41,62,-21
105000029,492,1216,-724
105000030,2450,1466,984
105000033,756,952,-196
105000034,114,933,-819
105000037,438,208,230
105000038,1073,1394,-321
105000039,1359,748,611
105000040,830,1133,-303
105000041,406,766,-360
105000042,1697,1539,158
105000043,904,1177,-273
105000044,599,435,164
105000045,263,326,-63
105000046,1021,385,636
105000047,354,539,-185
105000048,516,179,337
105000049,219,292,-73
105000050,599,313,286
105000051,137,244,-107
105000052,491,602,-111
105000053,71,97,-26
105000054,384,670,-286
105000055,732,215,517
105000056,1345,1411,-66
105000057,983,508,475
105000058,885,721,164
105000059,674,406,268
105000060,357,326,31
105000061,743,390,353
105000062,373,450,-77
105000063,268,202,66
105000064,1732,521,1211
105000065,301,373,-72
105000066,688,845,-157
105000067,1254,604,650
105000068,290,589,-299
105000069,1081,1910,-829
105000070,287,859,-572
105000071,171,934,-763
105000072,774,2358,-1584
105000073,758,511,247
105000074,620,465,155
105000075,406,481,-75
105000076,780,662,118
105000077,1462,845,617
105000078,897,1054,-157
105000079,839,2207,-1368
105000080,1437,1219,218
105000081,1461,1059,402
105000082,684,1624,-940
105000083,2124,2804,-680
105000084,486,537,-51
105000085,1655,1760,-105
105000086,592,555,37
105000087,1037,1134,-97
105000088,1067,1482,-415
105000089,1520,1185,335
105000090,601,524,77
105000091,619,842,-223
105000092,486,683,-197
105000093,255,261,-6
105000094,201,181,20
105000095,85,381,-296
105000096,866,1225,-359
105000097,583,581,2
105000098,779,535,244
105000099,583,536,47
105000100,1406,888,518
105000101,1638,1081,557
105000102,1263,1174,89
105000103,986,1478,-492
105000104,1865,879,986
105000105,781,1195,-414
105000106,1183,878,305
105000107,1256,682,574
105000108,1519,1050,469
105000109,1511,858,653
105000110,718,338,380
105000111,968,464,504
105000112,961,403,558
105000113,411,685,-274
105000114,1365,1230,135
105000115,348,1101,-753
105000116,801,432,369
105000117,674,386,288
105000118,540,273,267
105000119,392,376,16
105000120,1169,343,826
105000121,662,456,206
105000122,341,516,-175
105000123,732,544,188
105000124,1775,568,1207
105000125,658,836,-178
105000126,1840,910,930
105000127,2052,1158,894
105000128,562,665,-103
105000129,842,193,649
105000130,200,2403,-2203
105000131,378,197,181
105000132,1014,571,443
105000133,485,590,-105
105000134,895,454,441
105000135,253,284,-31
105000136,122,162,-40
105000137,541,194,347
105000138,143,238,-95
105000139,728,470,258
105000140,377,365,12
105000141,245,299,-54
105000142,239,342,-103
105000143,151,339,-188
105000144,201,413,-212
105000145,623,202,421
105000146,289,528,-239
105000147,509,213,296
105000148,785,444,341
105000149,2262,1864,398
105000150,1142,701,441
105000151,518,283,235
105000152,132,320,-188
105000153,587,533,54
105000154,492,331,161
105000155,326,691,-365
105000156,477,356,121
105000157,504,961,-457
105000158,1550,504,1046
105000159,244,693,-449
105000160,2120,503,1617
105000161,534,673,-139
105000162,572,1704,-1132
105000163,648,534,114
105000164,110,211,-101
105000165,576,5559,-4983
105000166,2841,1035,1806
105000167,920,1771,-851
105000168,468,261,207
105000169,647,145,502
105000170,173,858,-685
105000171,959,184,775
105000172,157,18,139
105000173,225,42,183
105000174,82,52,30
105000175,107,60,47
105000176,407,66,341
105000177,371,173,198
105000178,230,198,32
105000179,814,76,738
105000180,208,67,141
105000181,148,153,-5
105000182,50,18,32
105000183,1330,1780,-450
105000184,856,696,160
105000185,806,1052,-246
105000186,393,488,-95
105000187,660,208,452
105000188,115,119,-4
105000189,98,368,-270
105000190,197,213,-16
105000191,238,203,35
105000192,268,68,200
105000193,67,86,-19
105000194,408,93,315
105000195,258,535,-277
105000196,49,183,-134
105000197,219,421,-202
105000198,289,213,76
105000199,102,361,-259
105000200,133,358,-225
105000201,73,31,42
105000203,15,124,-109
105000204,58,42,16
105000205,98,114,-16
105000207,169,114,55
105000208,163,486,-323
105000209,155,183,-28
105000212,952,484,468
105000213,88,145,-57
105000214,160,195,-35
105000215,385,111,274
105000216,155,126,29
105000217,135,157,-22
105000218,1444,860,584
105000221,173,151,22
105000222,519,195,324
105000223,286,150,136
105000226,82,95,-13
105000227,83,70,13
105000228,129,1633,-1504
105000229,157,478,-321
105000231,396,262,134
105000233,789,622,167
105000234,426,734,-308
105000235,384,477,-93
105000237,760,66,694
105000243,34,38,-4
105000248,30,76,-46
105000262,397,445,-48
105000269,132,147,-15
105000270,562,22,540
105000271,1,88,-87
105000282,35,20,15
105000287,228,80,148
105000288,561,298,263
105000289,1081,1491,-410
105000290,18,13,5
105000402,1821,3129,-1308
105000426,214,675,-461
105000438,1641,1153,488
105000446,4906,3140,1766
105000447,2141,1334,807
105000454,665,250,415
105000455,153,70,83
105000474,54,2,52
105000477,558,474,84
105000478,1790,4116,-2326
105000479,78,78,0
105000480,5146,6532,-1386
105000481,3681,3198,483
105000482,2494,3635,-1141
105000483,1459,2331,-872
105000484,1212,1655,-443
105000485,987,2761,-1774
105000486,1437,1747,-310
105000488,4171,2189,1982
105000489,844,539,305
105000549,80,115,-35
105000550,342,875,-533
105000551,32,67,-35
105000552,1446,857,589
105000555,585,954,-369
105900001,12,1542,-1530
105900002,544,611,-67
105900003,24,81,-57
105900004,165,80,85
105900005,4,212,-208
105900006,13,88,-75
105900007,34,29,5
105900008,64,324,-260
105900009,20,24,-4
105900011,102,34,68
105900012,387,114,273
105900013,2,21,-19
105900014,4,59,-55
105900015,108,293,-185
105900016,472,188,284
105900017,1164,33,1131
105900018,202,101,101
105900019,48,375,-327
105900020,29,42,-13
105900021,17,285,-268
105900022,207,162,45
105900023,10,83,-73
105900024,13,162,-149
105900025,157,12,145
105900026,163,8,155
105900027,8746,4943,3803
105900028,440,360,80
105900029,1416,321,1095
105900030,210,197,13
105900031,307,121,186
105900032,82,90,-8
105900033,55,85,-30
105900034,251,146,105
105900035,173,189,-16
105900036,115,120,-5
105900037,75,27,48
105900038,153,148,5
105900039,105,84,21
105900040,101,78,23
105900041,125,149,-24
105900042,63,112,-49
105900043,795,59,736
105900044,2,223,-221
105900045,9,653,-644
105900046,4,219,-215
105900047,9,25,-16
105900048,67,305,-238
105900050,3775,5109,-1334
105900051,53,935,-882
105900052,501,218,283
105900053,1634,2474,-840
105900054,197,134,63
105900056,395,326,69
105900057,17,121,-104
105900058,15,7,8
105900059,0,49,-49
106000001,2537,1811,726
106000002,943,3285,-2342
106000003,2443,2919,-476
106000004,1128,1656,-528
106000005,3488,3581,-93
106000006,3522,1613,1909
106000007,417,377,40
106000008,326,192,134
106000009,501,221,280
106000010,340,329,11
106000011,1291,793,498
106000012,719,694,25
106000013,1591,1433,158
106000014,1304,879,425
106000015,1747,1057,690
106000016,903,1011,-108
106000017,496,580,-84
106000018,383,375,8
106000019,322,393,-71
106000020,331,246,85
106000021,255,348,-93
106000022,246,140,106
106000023,533,235,298
106000024,429,288,141
106000025,95,141,-46
106000026,63,128,-65
106000027,1367,1104,263
106000028,600,220,380
106000029,528,509,19
106000030,255,410,-155
106000034,133,305,-172
106000035,667,1768,-1101
106000036,96,294,-198
106000037,1058,854,204
106000038,109,95,14
106000039,69,97,-28
106000040,98,811,-713
106000041,588,425,163
106000043,406,214,192
106000046,241,63,178
106000047,18,349,-331
106000049,986,201,785
106000050,195,343,-148
106000051,605,465,140
106000052,98,261,-163
106000053,356,112,244
106000054,280,227,53
106000055,829,576,253
106000056,273,198,75
106000057,474,233,241
106000058,116,96,20
106000059,327,275,52
106000060,269,309,-40
106000061,203,458,-255
106000062,103,329,-226
106000063,743,493,250
106000064,21,191,-170
106000065,368,256,112
106000066,74,210,-136
106000067,416,61,355
106000068,62,391,-329
106000069,296,59,237
106000070,311,437,-126
106000071,834,301,533
106000072,1825,1067,758
106000073,1046,2876,-1830
106000074,587,590,-3
106000075,267,943,-676
106000076,1364,1199,165
106000077,2092,868,1224
106000078,979,527,452
106000079,693,573,120
106000080,908,357,551
106000081,682,745,-63
106000082,1520,568,952
106000083,358,1054,-696
106000084,841,451,390
106000085,926,1201,-275
106000086,527,576,-49
106000087,839,374,465
106000088,293,586,-293
106000089,942,239,703
106000090,282,473,-191
106000091,217,305,-88
106000092,504,195,309
106000093,237,109,128
106000094,59,165,-106
106000095,807,509,298
106000096,846,390,456
106000097,1043,464,579
106000098,767,538,229
106000099,178,465,-287
106000100,991,111,880
106000101,615,187,428
106000102,90,415,-325
106000103,211,299,-88
106000104,705,279,426
106000105,415,335,80
106000106,571,264,307
106000107,174,176,-2
106000108,327,173,154
106000109,171,139,32
106000110,284,145,139
106000111,166,151,15
106000112,271,448,-177
106000113,453,311,142
106000114,374,598,-224
106000115,170,174,-4
106000116,295,179,116
106000117,684,353,331
106000118,1153,1079,74
106000119,728,508,220
106000120,720,1078,-358
106000121,201,119,82
106000122,121,90,31
106000123,464,79,385
106000124,92,75,17
106000125,32,135,-103
106000126,312,50,262
106000127,910,356,554
106000128,819,101,718
106000129,517,267,250
106000130,828,272,556
106000131,127,601,-474
106000132,448,144,304
106000133,1041,999,42
106000134,374,1668,-1294
106000135,103,358,-255
106000136,526,891,-365
106000137,45,437,-392
106000138,1277,93,1184
106000139,29,64,-35
106000140,30,30,0
106000141,111,35,76
106000142,97,53,44
106000143,18,20,-2
106000144,44,40,4
106000145,289,109,180
106000146,413,73,340
106000147,245,257,-12
106000148,275,343,-68
106000149,520,203,317
106000150,473,1385,-912
106000151,2055,534,1521
106000152,650,1556,-906
106000153,86,1135,-1049
106000154,752,127,625
106000155,107,230,-123
106000156,1015,179,836
106000157,492,1057,-565
106000158,1144,698,446
106000159,1509,1558,-49
106000160,339,2715,-2376
106000161,867,164,703
106000162,300,875,-575
106000163,368,187,181
106000164,473,175,298
106000165,202,277,-75
106000166,792,183,609
106000167,388,474,-86
106000168,598,158,440
106000169,231,282,-51
106000170,837,164,673
106000171,192,779,-587
106000172,2026,1094,932
106000173,919,1664,-745
106000174,972,283,689
106000175,176,376,-200
106000176,1424,694,730
106000177,669,1324,-655
106000178,2500,1136,1364
106000179,637,1107,-470
106000180,578,550,28
106000181,857,1025,-168
106000182,1387,458,929
106000183,1461,304,1157
106000184,1654,363,1291
106000185,933,957,-24
106000186,478,67,411
106000187,136,702,-566
106000188,0,0,0
106000189,2,24,-22
106000190,21,0,21
106000191,512,105,407
106000192,0,9,-9
106000193,323,154,169
106000194,91,291,-200
106000195,404,92,312
106000196,110,429,-319
106000197,596,189,407
106000198,193,163,30
106000199,468,615,-147
106000200,127,142,-15
106000201,295,2870,-2575
106000202,1815,390,1425
106000203,23,115,-92
106000204,75,10,65
106000205,5,78,-73
106000206,64,19,45
106000207,21,294,-273
106000208,1423,158,1265
106000209,1433,422,1011
106000210,230,479,-249
106000211,155,586,-431
106000212,800,353,447
106000213,259,1248,-989
106000214,1279,511,768
106000215,298,316,-18
106000216,478,230,248
106000217,178,251,-73
106000218,307,240,67
106000219,140,177,-37
106000220,388,137,251
106000221,234,90,144
106000222,63,49,14
106000223,274,84,190
106000224,246,67,179
106000225,81,129,-48
106000226,109,122,-13
106000228,47,59,-12
106000229,75,480,-405
106000231,860,93,767
106000232,77,203,-126
106000233,492,84,408
106000234,35,227,-192
106000235,525,120,405
106000236,166,108,58
106000237,2,10,-8
106000238,30,44,-14
106000239,5,111,-106
106000240,20,8,12
106000241,5,382,-377
106000242,165,26,139
106000249,61,33,28
106000250,81,416,-335
106000251,102,16,86
106000252,20,62,-42
106000253,41,58,-17
106000254,78,28,50
106000255,19,127,-108
106000256,32,22,10
106000257,100,161,-61
106000258,218,21,197
106000259,4,66,-62
106000260,17,4,13
106000261,4,39,-35
106000262,84,10,74
106000263,9,25,-16
106000264,143,9,134
106000265,16,57,-41
106000266,73,20,53
106000267,12,64,-52
106000268,227,53,174
106000269,22,22,0
106000270,106,282,-176
106000271,88,77,11
106000272,178,37,141
106000273,8,137,-129
106000274,99,28,71
106000275,104,172,-68
106000276,85,52,33
106000277,109,167,-58
106000278,96,26,70
106000279,14,25,-11
106000280,60,30,30
106000281,82,32,50
106000282,51,34,17
106000283,112,34,78
106000284,84,86,-2
106000285,83,43,40
106000286,57,87,-30
106000287,81,50,31
106000288,51,90,-39
106000289,84,76,8
106000290,35,54,-19
106000291,60,67,-7
106000292,63,49,14
106000293,108,79,29
106000294,102,69,33
106000295,49,32,17
106000296,34,74,-40
106000297,41,178,-137
106000298,66,83,-17
106000299,50,96,-46
106000300,43,80,-37
106000301,54,83,-29
106000303,43,71,-28
106000304,24,22,2
106000305,32,29,3
106000306,60,43,17
106000307,63,24,39
106000308,34,58,-24
106000309,24,41,-17
106000310,250,235,15
106000311,319,161,158
106000312,132,73,59
106000313,298,132,166
106000318,40,317,-277
106000319,1081,307,774
106000320,3,64,-61
106000321,170,128,42
106000322,203,59,144
106000324,19,107,-88
106000325,1600,725,875
106000326,842,935,-93
106000327,238,42,196
106000328,18,80,-62
106000329,61,183,-122
106000330,26,73,-47
106000428,97,154,-57
106000429,161,258,-97
106000430,287,765,-478
106000431,1830,276,1554
106000432,1024,1923,-899
106000433,2098,1178,920
106000434,2639,1215,1424
106000435,828,1944,-1116
106000436,9,113,-104
106000437,261,69,192
106000438,311,168,143
106000439,49,334,-285
106000440,184,231,-47
106000441,2,0,2
106000442,174,10,164
106000443,194,120,74
106000450,4,64,-60
106000451,20,63,-43
106000454,1,124,-123
106000455,6,99,-93
106000456,88,34,54
106000457,18,331,-313
106000458,867,50,817
106000459,169,96,73
106000460,1473,15,1458
106000461,152,349,-197
106000462,0,32,-32
106000463,3,4,-1
106000464,2,146,-144
106000465,858,6,852
106000466,16,150,-134
106000467,119,184,-65
106000468,87,102,-15
106000469,79,0,79
106000470,189,1497,-1308
106000471,11,250,-239
106000472,143,14,129
106000473,45,16,29
106000474,212,281,-69
106000475,301,88,213
106000476,108,235,-127
106000477,34,50,-16
106000480,0,326,-326
106900001,0,5,-5
106900002,1,139,-138
106900003,101,662,-561
106900004,2,4,-2
106900006,0,12,-12
106900007,0,9,-9
106900008,388,58,330
106900009,328,148,180
106900010,188,167,21
106900012,840,1914,-1074
106900013,380,195,185
106900014,33,3,30
106900015,11,1,10
106900016,323,11,312
106900017,3,0,3
106900018,1,0,1
106900019,49,2,47
106900020,1261,1373,-112
106900021,226,167,59
106900022,865,2,863
106900023,5,128,-123
106900024,394,61,333
106900025,38,296,-258
106900026,0,150,-150
106900027,834,1,833
107000001,2433,3890,-1457
107000002,1374,2145,-771
107000003,6034,5755,279
107000004,2776,1921,855
107000005,5815,4969,846
107000006,2972,1552,1420
107000007,4646,7427,-2781
107000008,4115,3271,844
107000009,7584,6786,798
107000010,5061,4309,752
107000011,571,693,-122
107000012,2324,1794,530
107000013,79,29,50
107000014,67,66,1
107000015,357,282,75
107000016,638,373,265
107000017,764,1681,-917
107000018,2,1259,-1257
107000020,498,2057,-1559
107000021,871,318,553
107000022,511,1372,-861
107000023,1233,141,1092
107000024,522,1044,-522
107000025,145,265,-120
107000026,268,261,7
107000027,1207,706,501
107000028,975,542,433
107000029,2971,2384,587
107000030,1837,1354,483
107000031,4011,2024,1987
107000032,258,540,-282
107000033,1819,2559,-740
107000034,2932,894,2038
107000035,310,215,95
107000036,302,1231,-929
107000037,78,541,-463
107000038,159,139,20
107000039,909,756,153
107000040,194,178,16
107000041,1214,662,552
107000042,459,1536,-1077
107000043,1465,915,550
107000044,248,209,39
107000045,29,176,-147
107000046,666,373,293
107000047,304,461,-157
107000048,611,189,422
107000049,413,525,-112
107000050,994,437,557
107000051,218,227,-9
107000052,927,1024,-97
107000053,261,234,27
107000054,42,168,-126
107000055,388,150,238
107000056,355,448,-93
107000057,1041,204,837
107000058,1622,1995,-373
107000059,1394,2097,-703
107000060,4193,4278,-85
107000061,3402,1917,1485
107000062,4679,2435,2244
107000063,3254,2440,814
107000064,4397,2283,2114
107000065,2313,2442,-129
107000066,1310,2520,-1210
107000067,1018,1348,-330
107000068,930,919,11
107000069,1003,546,457
107000070,976,5,971
107000071,3608,47,3561
107000072,38,1306,-1268
107000073,811,456,355
107000074,111,556,-445
107000075,1755,567,1188
107000076,356,717,-361
107000077,3316,1194,2122
107000078,1408,1483,-75
107000079,2549,1019,1530
107000080,723,1510,-787
107000081,2275,611,1664
107000082,571,673,-102
107000083,1299,508,791
107000084,271,776,-505
107000085,2492,2478,14
107000086,2303,2008,295
107000087,2600,1771,829
107000088,2260,2210,50
107000089,1607,1428,179
107000090,905,553,352
107000091,1422,770,652
107000092,797,580,217
107000093,1269,787,482
107000094,695,678,17
107000095,911,563,348
107000096,474,451,23
107000097,724,294,430
107000098,312,285,27
107000099,299,245,54
107000100,212,204,8
107000101,92,119,-27
107000102,189,183,6
107000103,225,153,72
107000104,119,174,-55
107000105,318,95,223
107000106,143,137,6
107000107,514,88,426
107000108,107,276,-169
107000109,601,82,519
107000110,43,180,-137
107000111,398,41,357
107000112,30,132,-102
107000113,702,117,585
107000114,73,234,-161
107000115,675,188,487
107000116,59,378,-319
107000117,125,810,-685
107000118,58,68,-10
107000119,1020,1350,-330
107000120,664,503,161
107000121,819,547,272
107000122,871,427,444
107000123,464,381,83
107000124,435,353,82
107000125,1137,365,772
107000126,950,345,605
107000129,189,319,-130
107000130,664,261,403
107000131,294,357,-63
107000132,525,237,288
107000133,304,142,162
107000134,225,0,225
107000135,3,358,-355
107000136,547,9,538
107000137,7,484,-477
107000138,160,41,119
107000139,9,531,-522
107000140,1502,83,1419
107000141,126,581,-455
107000142,456,90,366
107000143,69,466,-397
107000144,625,480,145
107000145,160,327,-167
107000146,199,311,-112
107000147,2749,579,2170
107000150,356,2306,-1950
107000151,13,59,-46
107000152,520,1586,-1066
107000153,100,213,-113
107000154,66,243,-177
107000155,780,18,762
107000156,1085,14,1071
107000157,61,526,-465
107000158,723,16,707
107000159,30,348,-318
107000160,1420,114,1306
107000161,85,474,-389
107000162,266,463,-197
107000163,124,1,123
107000164,722,2,720
107000165,1089,6,1083
107000166,27,455,-428
107000167,628,156,472
107000168,919,417,502
107000169,407,424,-17
107000170,2780,649,2131
107000171,583,677,-94
107000172,1119,1371,-252
107000173,357,390,-33
107000174,900,5084,-4184
107000175,2853,778,2075
107000176,0,2,-2
107000177,0,0,0
107000178,24,12,12
107000179,361,991,-630
107000180,1587,206,1381
107000181,431,512,-81
107000182,1897,566,1331
107000183,159,381,-222
107000184,1170,442,728
107000185,389,765,-376
107000186,1153,430,723
107000187,1256,1102,154
107000188,589,450,139
107000189,476,626,-150
107000190,623,647,-24
107000191,679,669,10
107000192,1459,443,1016
107000193,402,432,-30
107000194,551,436,115
107000197,877,259,618
107000198,349,470,-121
107000199,961,462,499
107000200,484,472,12
107000201,381,341,40
107000202,303,331,-28
107000203,649,1261,-612
107000204,711,1291,-580
107000205,1104,661,443
107000206,437,1345,-908
107000207,407,1212,-805
107000208,475,510,-35
107000209,830,1062,-232
107000210,188,150,38
107000211,3,53,-50
107000212,13,213,-200
107000213,6,11,-5
107000214,14,85,-71
107000215,361,217,144
107000216,468,205,263
107000217,194,68,126
107000219,97,238,-141
107000220,146,90,56
107000222,208,304,-96
107000224,464,121,343
107000225,138,229,-91
107000226,546,105,441
107000227,85,133,-48
107000228,149,444,-295
107000229,50,76,-26
107000230,840,284,556
107000231,533,1489,-956
107000232,156,28,128
107000233,427,810,-383
107000234,1,67,-66
107000235,56,33,23
107000236,11,303,-292
107000237,42,0,42
107000238,60,1,59
107000239,1429,483,946
107000240,104,321,-217
107000243,0,46,-46
107000244,2,59,-57
107000246,2,834,-832
107000249,4,1058,-1054
107000251,2,224,-222
107000252,2,401,-399
107000255,197,119,78
107000257,0,297,-297
107000258,1,161,-160
107000259,2,121,-119
107000260,1797,25,1772
107000262,10,192,-182
107000263,390,3,387
107000266,3,9,-6
107000267,28,40,-12
107000268,82,56,26
107000269,40,3,37
107000270,60,26,34
107000271,0,0,0
107000272,51,0,51
107000273,3,152,-149
107000274,500,203,297
107000275,16,954,-938
107000280,980,39,941
107000281,30,322,-292
107000282,23,330,-307
107000290,8,18,-10
107000291,32,5,27
107000292,1,160,-159
107000293,15,9,6
107000294,1,39,-38
107000295,39,3,36
107000296,0,7,-7
107000444,172,3,169
107000496,3,3,0
107000497,845,1034,-189
107000500,348,184,164
107000501,94,99,-5
107000502,180,194,-14
107000505,207,437,-230
107000506,0,0,0
107000508,0,237,-237
107000509,140,476,-336
107000510,27,34,-7
107000514,42,281,-239
107000515,8,74,-66
107000516,454,293,161
107000518,1053,1460,-407
107000519,893,467,426
107000520,57,50,7
107000521,614,187,427
107000522,947,348,599
107900001,102,52,50
107900002,54,8,46
107900003,374,11,363
107900004,80,2,78
107900005,1544,3,1541
107900006,192,0,192
107900007,337,37,300
107900008,74,4,70
107900009,114,4,110
107900010,67,6,61
107900012,242,61,181
107900013,201,20,181
107900014,35,2,33
107900015,1061,20,1041
107900016,248,105,143
107900017,23,4,19
107900018,79,218,-139
107900019,33,9,24
107900020,55,8,47
107900021,115,87,28
107900023,2,1,1
107900024,0,11,-11
107900025,163,159,4
107900026,103,20,83
107900027,16,38,-22
107900028,156,55,101
107900030,183,45,138
107900031,53,73,-20
107900032,9,4,5
107900033,26,6,20
107900034,267,13,254
107900035,1056,61,995
107900036,51,16,35
107900037,0,13,-13
107900038,49,253,-204
107900039,26,17,9
107900040,9,195,-186
107900041,1,2,-1
107900043,56,55,1
107900044,7,5,2
107900045,119,45,74
107900046,170,203,-33
107900047,46,21,25
107900048,187,6,181
107900049,204,787,-583
107900050,54,155,-101
107900051,64,26,38
107900052,5,46,-41
107900053,62,53,9
107900055,469,201,268
107900056,105,63,42
107900057,6,0,6
107900058,19,381,-362
107900060,26,41,-15
107900061,8,15,-7
107900063,89,94,-5
107900064,216,189,27
107900065,275,9,266
107900066,22,5,17
107900067,1,0,1
107900068,76,674,-598
107900069,15,1965,-1950
107900070,140,75,65
107900071,26,213,-187
107900072,121,80,41
107900073,150,33,117
107900074,265,314,-49
107900076,167,35,132
107900077,103,16,87
107900078,149,59,90
107900079,7,23,-16
107900080,196,716,-520
107900081,52,34,18
107900082,7,3,4
107900083,370,137,233
107900084,115,110,5
107900086,64,153,-89
107900087,195,118,77
107900088,73,24,49
107900089,133,607,-474
107900090,338,2301,-1963
107900091,121,113,8
107900092,958,174,784
107900093,61,39,22
107900095,1311,1698,-387
107900097,14,47,-33
107900098,49,172,-123
107900100,520,1229,-709
107900101,453,81,372
107900102,29,5,24
107900103,46,101,-55
107900104,129,5,124
107900105,2,90,-88
107900106,12,397,-385
107900107,660,433,227
107900108,112,90,22
107900109,1801,71,1730
107900110,69,26,43
107900111,2,285,-283
107900112,58,312,-254
107900113,210,42,168
107900114,195,65,130
107900115,1,14,-13
107900116,185,64,121
107900117,151,129,22
107900118,46,55,-9
107900119,72,217,-145
107900120,38,37,1
107900121,1,88,-87
107900122,1,53,-52
107900123,2,72,-70
107900124,7,32,-25
107900125,25,160,-135
107900126,17,59,-42
107900127,257,290,-33
107900128,93,65,28
107900129,62,15,47
107900130,77,8,69
107900131,191,363,-172
107900132,54,149,-95
107900133,1,37,-36
107900134,40,120,-80
107900135,9,80,-71
107900136,19,31,-12
107900137,112,105,7
107900138,63,21,42
107900139,54,45,9
107900141,21,26,-5
107900142,47,300,-253
107900143,31,6,25
107900144,5,82,-77
107900145,5,35,-30
107900146,38,97,-59
107900147,33,40,-7
107900148,153,76,77
107900149,408,93,315
107900150,35,211,-176
107900151,44,31,13
107900152,3,85,-82
107900153,58,291,-233
107900154,62,22,40
107900155,94,42,52
107900156,9,105,-96
107900157,43,40,3
107900158,869,32,837
107900159,26,272,-246
107900160,189,106,83
107900161,64,41,23
107900162,0,63,-63
107900163,3,87,-84
107900164,19,31,-12
107900165,39,147,-108
107900166,33,65,-32
107900167,5,31,-26
107900168,53,20,33
107900169,0,105,-105
107900171,20,356,-336
107900172,0,135,-135
107900173,17,41,-24
107900174,171,2,169
107900175,7,48,-41
107900176,34,14,20
107900177,5,86,-81
107900178,0,91,-91
107900179,31,74,-43
107900180,373,716,-343
107900181,276,177,99
107900182,9,292,-283
107900183,70,62,8
107900184,89,83,6
107900185,164,1,163
107900186,36,28,8
107900187,0,74,-74
107900188,255,104,151
107900189,32,80,-48
107900190,36,164,-128
107900191,39,71,-32
107900193,4,69,-65
107900194,197,12,185
107900195,672,154,518
107900196,96,40,56
107900197,243,324,-81
107900199,0,368,-368
107900201,77,36,41
107900203,22,29,-7
107900204,114,147,-33
107900205,161,203,-42
107900206,724,347,377
107900207,0,216,-216
107900208,17,158,-141
107900209,153,112,41
107900210,25,48,-23
107900213,220,335,-115
107900214,11,41,-30
107900215,83,361,-278
107900216,87,64,23
107900217,29,55,-26
107900218,10,856,-846
107900219,45,33,12
107900220,92,172,-80
107900221,105,140,-35
107900223,119,166,-47
107900224,74,350,-276
107900225,9,280,-271
107900226,67,52,15
107900227,97,194,-97
107900228,21,59,-38
107900229,1,71,-70
107900230,12,23,-11
107900231,22,74,-52
107900232,115,73,42
107900233,2,50,-48
107900234,123,142,-19
107900235,14,97,-83
107900236,224,56,168
107900237,19,202,-183
107900238,29,41,-12
107900239,333,434,-101
107900240,33,42,-9
107900241,13,29,-16
107900242,21,77,-56
107900243,5,31,-26
107900244,333,2,331
107900245,653,31,622
107900246,277,15,262
107900248,518,90,428
107900249,920,51,869
107900250,3,219,-216
107900251,59,510,-451
107900252,801,27,774
107900253,231,10,221
107900254,32,190,-158
107900255,111,83,28
107900256,498,712,-214
107900257,224,106,118
107900258,87,53,34
107900259,47,2242,-2195
107900261,1,131,-130
107900262,38,52,-14
107900264,350,8,342
107900265,153,87,66
107900267,377,12,365
107900268,12,5,7
107900269,0,4,-4
107900270,0,0,0
107900271,1,23,-22
107900272,48,37,11
107900273,71,42,29
107900274,112,0,112
107900275,23,0,23
107900276,0,26,-26
107900277,0,99,-99
107900278,361,174,187
107900279,43,90,-47
107900280,1717,1342,375
107900281,392,3266,-2874
107900282,30,523,-493
107900283,592,643,-51
107900284,526,313,213
107900285,139,50,89
107900286,55,36,19
107900287,293,172,121
107900290,0,215,-215
107900291,543,21,522
107900292,99,63,36
107900293,92,162,-70
107900295,37,37,0
107900297,1,207,-206
107900298,386,317,69
107900299,1636,2291,-655
107900300,102,317,-215
107900301,778,787,-9
107900302,89,30,59
107900303,232,144,88
107900304,384,140,244
107900305,281,11,270
107900306,11,38,-27
107900307,26,201,-175
107900308,122,153,-31
107900309,59,0,59
107900310,71,0,71
107900311,5,449,-444
107900312,40,0,40
107900313,1,126,-125
107900314,0,56,-56
107900315,2,99,-97
107900316,21,0,21
107900317,78,4,74
107900318,11,135,-124
107900319,3,61,-58
107900320,3,58,-55
107900321,149,8,141
107900322,1,28,-27
107900323,12,60,-48
107900324,136,0,136
107900325,113,0,113
107900326,376,84,292
107900327,1,102,-101
107900328,58,0,58
107900329,53,115,-62
107900330,1,79,-78
107900331,364,26,338
107900332,396,19,377
107900333,73,24,49
107900334,3,67,-64
107900335,55,34,21
107900336,29,77,-48
107900337,452,730,-278
107900338,3,85,-82
107900339,0,9,-9
107900340,1,78,-77
107900341,42,0,42
107900342,134,43,91
107900343,37,5,32
107900344,18,16,2
107900345,70,20,50
107900346,21,0,21
107900347,7,7,0
107900348,0,1,-1
107900349,16,15,1
107900350,8,151,-143
107900351,0,47,-47
107900352,1,13,-12
107900353,7,10,-3
107900354,4,13,-9
108000001,2924,3142,-218
108000002,1358,1387,-29
108000003,2531,2924,-393
108000004,7848,8474,-626
108000005,5899,5114,785
108000006,4016,4051,-35
108000007,4137,3248,889
108000008,2977,3284,-307
108000009,3611,3682,-71
108000010,2131,2540,-409
108000011,10208,9271,937
108000012,8579,7864,715
108000014,391,959,-568
108000015,827,148,679
108000016,292,604,-312
108000017,954,241,713
108000018,1675,578,1097
108000019,1061,772,289
108000020,1088,417,671
108000021,260,1140,-880
108000022,322,837,-515
108000023,1318,207,1111
108000024,234,279,-45
108000025,294,116,178
108000026,716,212,504
108000027,715,198,517
108000028,625,128,497
108000029,541,279,262
108000030,429,130,299
108000031,165,287,-122
108000032,1793,501,1292
108000033,674,614,60
108000034,1543,395,1148
108000035,579,1220,-641
108000036,301,549,-248
108000037,1693,326,1367
108000038,2554,508,2046
108000039,379,1036,-657
108000040,1806,791,1015
108000041,491,1344,-853
108000042,383,155,228
108000043,169,96,73
108000044,673,89,584
108000045,273,220,53
108000046,1518,244,1274
108000047,360,490,-130
108000048,84,260,-176
108000049,806,192,614
108000050,65,247,-182
108000051,390,167,223
108000052,108,352,-244
108000053,418,228,190
108000054,319,643,-324
108000055,948,669,279
108000056,515,1066,-551
108000057,564,1231,-667
108000058,1566,3200,-1634
108000059,1603,1258,345
108000060,264,448,-184
108000061,72,161,-89
108000062,951,505,446
108000063,393,281,112
108000064,231,179,52
108000065,543,270,273
108000066,1211,677,534
108000067,1837,701,1136
108000068,824,342,482
108000069,179,458,-279
108000070,1916,608,1308
108000071,441,834,-393
108000072,1629,811,818
108000073,840,847,-7
108000074,645,353,292
108000075,296,455,-159
108000076,701,446,255
108000077,438,395,43
108000078,2356,916,1440
108000079,626,687,-61
108000080,1280,395,885
108000081,503,671,-168
108000082,617,1080,-463
108000083,1609,825,784
108000084,361,644,-283
108000085,824,423,401
108000086,484,357,127
108000087,128,1944,-1816
108000088,262,10,252
108000089,308,321,-13
108000090,374,155,219
108000091,278,278,0
108000092,135,86,49
108000093,214,207,7
108000094,581,86,495
108000095,175,154,21
108000096,451,166,285
108000097,154,213,-59
108000098,1720,851,869
108000099,276,67,209
108000100,68,219,-151
108000101,1416,1419,-3
108000102,1324,2827,-1503
108000106,675,0,675
108000107,2,449,-447
108000108,518,53,465
108000109,12,419,-407
108000110,304,255,49
108000111,131,358,-227
108000112,62,134,-72
108000113,313,151,162
108000115,242,236,6
108000117,423,410,13
108000118,39,286,-247
108000119,408,181,227
108000120,117,594,-477
108000121,136,219,-83
108000122,544,290,254
108000123,621,126,495
108000124,346,318,28
108000125,500,125,375
108000126,164,246,-82
108000127,617,185,432
108000128,568,214,354
108000129,243,395,-152
108000130,442,164,278
108000131,741,465,276
108000132,831,640,191
108000133,1044,521,523
108000134,444,304,140
108000135,1154,522,632
108000136,230,390,-160
108000137,593,140,453
108000138,358,350,8
108000139,470,132,338
108000140,154,25,129
108000141,37,20,17
108000142,58,38,20
108000143,28,17,11
108000144,60,8,52
108000145,45,5,40
108000146,120,16,104
108000147,47,9,38
108000148,103,9,94
108000149,21,5,16
108000150,70,5,65
108000151,6,9,-3
108000152,112,144,-32
108000153,748,135,613
108000154,48,6,42
108000155,37,29,8
108000156,232,121,111
108000157,171,1346,-1175
108000158,59,776,-717
108000159,258,162,96
108000160,1191,907,284
108000161,1173,2782,-1609
108000165,4,281,-277
108000172,0,253,-253
108000173,589,1695,-1106
108000175,677,109,568
108000178,274,311,-37
108000179,123,972,-849
108000181,68,13,55
108000182,81,14,67
108000183,5,2,3
108000184,514,2379,-1865
108000185,233,184,49
108000186,252,35,217
108000187,155,255,-100
108000188,745,150,595
108000189,254,1297,-1043
108000190,19,84,-65
108000192,233,248,-15
108000193,307,34,273
108000194,19,13,6
108000195,2,425,-423
108000196,188,155,33
108000198,481,109,372
108000199,1,249,-248
108000200,511,126,385
108000203,167,207,-40
108000204,136,95,41
108000205,180,232,-52
108000339,625,305,320
108000364,66,236,-170
108000365,39,227,-188
108000367,136,158,-22
108000368,13,50,-37
108000369,410,138,272
108000371,0,402,-402
108000372,544,4,540
108000373,202,68,134
108000376,90,42,48
108000377,542,130,412
108000378,6908,9230,-2322
108000379,10,135,-125
108000381,93,23,70
108000382,81,2,79
108000383,2,227,-225
108900001,86,370,-284
108900002,205,68,137
108900003,212,363,-151
108900004,118,377,-259
108900005,45,422,-377
108900006,733,136,597
108900007,383,129,254
108900008,184,90,94
108900009,103,101,2
108900010,343,113,230
108900011,776,287,489
108900012,429,255,174
108900013,178,177,1
108900014,28,85,-57
108900015,2,200,-198
108900016,1,150,-149
108900017,241,384,-143
108900018,168,175,-7
108900019,39,235,-196
108900020,64,75,-11
108900021,157,130,27
108900022,118,10,108
108900023,3,42,-39
108900024,39,31,8
108900025,164,48,116
108900026,16,44,-28
108900027,0,30,-30
108900028,128,105,23
108900029,55,113,-58
108900030,0,20,-20
108900031,157,153,4
108900032,4,112,-108
108900033,0,84,-84
108900034,1,85,-84
108900035,234,486,-252
108900036,96,171,-75
108900037,42,128,-86
108900038,0,201,-201
108900039,0,146,-146
108900040,7,38,-31
108900041,2730,3000,-270
108900042,6,344,-338
108900043,22,205,-183
108900044,2,183,-181
108900045,86,186,-100
108900046,23,277,-254
108900047,3,181,-178
108900048,72,329,-257
108900049,967,1861,-894
108900050,1,92,-91
108900051,0,79,-79
108900052,39,102,-63
108900053,41,274,-233
108900054,42,110,-68
108900055,32,290,-258
108900056,2,45,-43
108900057,0,56,-56
108900058,22,138,-116
108900059,678,54,624
108900060,76,182,-106
108900061,48,40,8
108900062,1,90,-89
108900063,20,85,-65
108900064,356,16,340
108900065,11,93,-82
108900066,419,149,270
108900067,5,97,-92
108900068,11,49,-38
108900069,93,16,77
108900070,49,72,-23
108900071,106,42,64
108900072,1087,394,693
108900073,29,113,-84
108900074,289,82,207
108900075,27,33,-6
108900076,452,59,393
108900077,92,193,-101
108900078,46,31,15
108900079,343,119,224
108900080,12,870,-858
108900081,25,187,-162
108900082,147,58,89
108900083,12,243,-231
108900084,223,104,119
108900085,926,105,821
108900086,173,67,106
108900087,62,134,-72
108900088,916,369,547
108900089,39,179,-140
108900090,80,74,6
108900091,109,51,58
108900092,530,236,294
108900093,105,119,-14
108900094,276,47,229
108900095,27,179,-152
108900096,203,8,195
108900097,236,94,142
108900098,1021,766,255
108900099,388,100,288
108900100,55,81,-26
108900101,175,262,-87
108900102,51,1102,-1051
108900103,121,163,-42
108900104,101,258,-157
108900105,9,1414,-1405
108900106,666,137,529
108900108,316,15,301
108900109,568,61,507
108900110,265,126,139
108900111,544,209,335
108900112,350,9,341
108900113,18,101,-83
108900114,64,11,53
108900115,131,83,48
108900116,86,9,77
108900117,185,21,164
108900118,687,30,657
108900119,321,14,307
108900120,292,207,85
108900121,254,125,129
108900122,135,23,112
108900123,153,114,39
108900124,514,228,286
108900125,522,7,515
108900126,208,28,180
108900127,231,40,191
108900128,143,40,103
108900129,816,172,644
108900130,501,4,497
108900131,421,8,413
108900132,516,66,450
108900133,313,25,288
108900134,502,137,365
108900135,264,9,255
108900136,29,2,27
108900137,218,1,217
108900138,880,42,838
108900139,555,68,487
108900140,412,98,314
108900141,423,6,417
108900142,84,4,80
108900143,126,0,126
108900144,97,0,97
108900145,270,13,257
108900146,107,2,105
108900147,326,1,325
108900148,75,24,51
108900149,347,166,181
108900150,242,8,234
108900151,106,60,46
108900152,159,7,152
108900153,193,91,102
108900154,4028,345,3683
108900155,289,36,253
108900156,93,10,83
108900157,14,195,-181
108900158,389,24,365
108900159,3,56,-53
108900160,10,146,-136
108900161,6,166,-160
108900162,158,2,156
108900163,7,346,-339
108900164,59,60,-1
108900165,96,58,38
108900167,716,7836,-7120
108900168,3404,2147,1257
108900169,64,76,-12
108900171,2470,2977,-507
108900172,180,40,140
108900173,71,225,-154
108900174,1105,433,672
108900176,89,233,-144
108900177,2169,5584,-3415
108900178,2132,3251,-1119
108900179,316,1847,-1531
108900180,147,368,-221
108900182,30,323,-293
108900183,228,167,61
108900184,495,178,317
108900185,98,228,-130
108900186,81,203,-122
108900187,487,52,435
108900188,755,39,716
108900189,396,120,276
108900190,255,1164,-909
108900191,179,35,144
108900192,96,131,-35
108900193,39,24,15
108900194,10,173,-163
108900195,72,89,-17
108900196,40,195,-155
108900198,4,182,-178
108900199,186,241,-55
108900200,609,304,305
108900201,402,865,-463
108900203,464,114,350
108900204,353,16,337
108900205,148,61,87
108900206,386,51,335
108900207,167,180,-13
108900208,9,222,-213
108900209,123,340,-217
108900210,149,138,11
108900211,148,534,-386
108900212,264,1262,-998
108900215,69,204,-135
108900216,182,256,-74
108900217,54,1,53
108900218,83,5,78
108900219,43,5,38
108900220,64,15,49
108900221,31,85,-54
108900222,272,10,262
108900223,6,84,-78
108900224,28,102,-74
108900225,2,125,-123
108900226,27,5,22
108900227,122,414,-292
108900230,103,172,-69
108900231,6,126,-120
108900232,1,101,-100
108900233,396,112,284
108900234,301,127,174
108900235,126,278,-152
108900236,19,112,-93
108900237,37,95,-58
108900240,115,75,40
108900241,30,52,-22
108900245,6,1172,-1166
108900249,91,51,40
108900250,166,87,79
108900257,221,153,68
108900258,6,66,-60
108900259,39,21,18
108900260,3,47,-44
108900261,44,54,-10
108900262,69,63,6
108900263,46,119,-73
108900264,179,208,-29
108900265,502,412,90
108900266,225,922,-697
108900267,3,220,-217
108900268,5,8,-3
108900269,109,14,95
108900270,108,7,101
108900271,60,15,45
108900272,333,13,320
108900273,306,768,-462
108900274,80,30,50
109000001,2012,1836,176
109000002,736,1618,-882
109000003,2689,362,2327
109000004,477,1329,-852
109000005,2176,441,1735
109000006,671,1339,-668
109000007,1657,513,1144
109000008,525,1116,-591
109000009,2745,1161,1584
109000010,833,2626,-1793
109000011,3307,1789,1518
109000012,1496,2131,-635
109000013,3714,2776,938
109000014,1661,1689,-28
109000015,3043,7566,-4523
109000016,3951,1798,2153
109000017,2554,1032,1522
109000018,944,1501,-557
109000019,2260,1128,1132
109000020,788,1297,-509
109000023,178,10,168
109000024,5,130,-125
109000025,243,445,-202
109000026,410,286,124
109000027,93,302,-209
109000028,108,69,39
109000029,77,182,-105
109000030,35,289,-254
109000031,253,141,112
109000032,115,290,-175
109000033,342,153,189
109000034,44,50,-6
109000035,10,55,-45
109000036,89,238,-149
109000037,258,1637,-1379
109000038,336,266,70
109000039,978,819,159
109000040,2724,10160,-7436
109000041,1547,2034,-487
109000042,454,1027,-573
109000044,366,74,292
109000045,98,273,-175
109000046,416,99,317
109000047,71,330,-259
109000048,441,191,250
109000049,138,389,-251
109000050,353,199,154
109000051,187,163,24
109000052,450,392,58
109000053,233,69,164
109000054,83,230,-147
109000055,216,273,-57
109000056,264,208,56
109000057,797,320,477
109000058,369,141,228
109000059,263,948,-685
109000060,182,256,-74
109000061,382,1115,-733
109000062,121,350,-229
109000063,174,146,28
109000064,297,147,150
109000065,210,96,114
109000066,425,35,390
109000067,51,159,-108
109000068,633,2,631
109000069,492,20,472
109000070,29,1499,-1470
109000071,410,64,346
109000072,61,257,-196
109000073,90,68,22
109000074,17,124,-107
109000075,82,220,-138
109000076,113,238,-125
109000077,220,148,72
109000078,78,116,-38
109000079,92,88,4
109000080,254,88,166
109000081,131,201,-70
109000082,732,104,628
109000083,247,307,-60
109000088,129,286,-157
109000089,267,76,191
109000090,145,244,-99
109000091,369,175,194
109000092,236,275,-39
109000093,337,233,104
109000094,712,2,710
109000095,98,232,-134
109000096,656,182,474
109000097,106,112,-6
109000098,46,101,-55
109000099,689,174,515
109000100,218,444,-226
109000101,1631,413,1218
109000102,363,381,-18
109000103,483,364,119
109000104,1842,404,1438
109000105,392,628,-236
109000106,1818,596,1222
109000107,467,1000,-533
109000108,1731,475,1256
109000109,393,819,-426
109000110,1174,415,759
109000111,637,1043,-406
109000112,328,79,249
109000113,353,150,203
109000114,126,240,-114
109000115,826,15,811
109000116,6,245,-239
109000117,223,23,200
109000118,7,194,-187
109000119,1575,74,1501
109000120,249,370,-121
109000121,603,15,588
109000122,133,319,-186
109000123,20,37,-17
109000124,677,237,440
109000125,787,230,557
109000126,412,401,11
109000127,1050,158,892
109000128,461,541,-80
109000129,2408,684,1724
109000130,427,671,-244
109000131,893,635,258
109000132,480,932,-452
109000133,316,509,-193
109000134,533,743,-210
109000135,537,914,-377
109000136,240,201,39
109000137,255,305,-50
109000138,434,141,293
109000139,484,257,227
109000140,160,163,-3
109000141,508,261,247
109000142,110,386,-276
109000143,113,78,35
109000145,70,219,-149
109000146,25,65,-40
109000148,1464,1880,-416
109000149,22,103,-81
109000150,28,261,-233
109000155,934,568,366
109000156,788,296,492
109000158,47,158,-111
109000159,70,224,-154
109000160,1100,133,967
109000161,428,549,-121
109000162,1836,441,1395
109000163,1125,1061,64
109000164,1240,1523,-283
109000165,1302,358,944
109000166,858,91,767
109000167,109,268,-159
109000170,47,22,25
109000171,76,53,23
109000172,29,26,3
109000173,33,89,-56
109000174,164,21,143
109000175,45,24,21
109000176,297,138,159
109000177,16,61,-45
109000178,898,257,641
109000179,2216,4820,-2604
109000180,2763,2830,-67
109000181,32,5,27
109000182,51,17,34
109000183,55,13,42
109000184,45,12,33
109000185,26,18,8
109000188,473,1007,-534
109000189,2225,727,1498
109000190,668,361,307
109000191,297,271,26
109000192,455,188,267
109000193,239,95,144
109000194,255,77,178
109000195,155,120,35
109000196,246,98,148
109000197,201,185,16
109000198,345,58,287
109000199,115,252,-137
109000206,151,32,119
109000207,121,25,96
109000208,111,55,56
109000209,149,58,91
109000210,107,331,-224
109000211,763,334,429
109000214,374,145,229
109000215,117,58,59
109000216,266,266,0
109000217,112,155,-43
109000218,346,199,147
109000221,258,580,-322
109000222,742,172,570
109000223,419,288,131
109000224,37,40,-3
109000225,104,21,83
109000226,46,95,-49
109000227,1235,529,706
109000228,4,1998,-1994
109000231,1,126,-125
109000232,515,183,332
109000236,252,385,-133
109000241,1699,1078,621
109000242,1336,648,688
109000293,21,75,-54
109000361,78,178,-100
109000364,163,312,-149
109000396,3,253,-250
109000397,599,33,566
109000399,141,302,-161
109000400,87,166,-79
109000403,32,771,-739
109000406,267,2,265
109000407,295,192,103
109000408,1,145,-144
109000410,775,153,622
109000411,222,24,198
109900001,159,1,158
109900002,900,25,875
109900003,358,0,358
109900004,455,48,407
109900005,29,3,26
109900006,427,117,310
109900007,1028,224,804
109900008,0,16,-16
109900009,103,163,-60
109900010,582,14,568
109900011,49,64,-15
109900012,312,224,88
109900013,353,151,202
109900014,413,51,362
109900015,251,162,89
109900016,119,5,114
109900017,216,198,18
109900018,194,21,173
109900019,279,68,211
109900020,43,18,25
109900021,28,9,19
109900022,152,162,-10
109900023,15,2,13
109900024,25,7,18
109900025,11,26,-15
109900026,2,129,-127
109900027,44,17,27
109900028,422,1152,-730
109900029,3,136,-133
109900030,50,2,48
109900031,0,134,-134
109900032,18,161,-143
109900033,5,263,-258
109900034,44,3,41
109900035,22,26,-4
109900036,19,31,-12
109900037,28,306,-278
109900038,119,160,-41
109900039,14,1,13
109900040,20,239,-219
109900041,61,175,-114
109900042,23,320,-297
109900044,155,155,0
109900045,58,31,27
109900046,29,46,-17
109900047,187,196,-9
109900048,1,62,-61
109900049,22,42,-20
109900050,0,45,-45
109900051,1,13,-12
109900052,48,151,-103
109900053,0,93,-93
109900054,745,169,576
109900055,59,140,-81
109900056,20,236,-216
109900057,2,68,-66
109900058,0,65,-65
109900059,941,93,848
109900060,595,89,506
109900061,53,110,-57
109900062,0,81,-81
109900063,8,289,-281
109900064,527,137,390
109900065,54,84,-30
109900066,232,323,-91
109900067,0,88,-88
109900068,76,14,62
109900069,5,27,-22
109900070,28,122,-94
109900071,4,30,-26
109900072,20,69,-49
109900073,435,170,265
109900074,15,15,0
109900075,39,18,21
109900076,7,53,-46
109900077,22,12,10
109900078,75,136,-61
109900080,71,139,-68
109900081,8,171,-163
109900082,43,129,-86
109900083,33,47,-14
109900084,47,56,-9
109900085,110,218,-108
109900086,90,434,-344
109900087,143,354,-211
109900089,666,186,480
109900090,276,556,-280
109900091,346,67,279
109900092,229,12,217
109900093,996,144,852
109900094,81,75,6
109900095,69,130,-61
109900096,39,13,26
109900097,92,3,89
109900098,565,40,525
109900099,297,1,296
109900100,64,0,64
109900101,655,10,645
109900102,374,10,364
109900103,43,13,30
109900104,807,271,536
109900105,545,25,520
109900106,302,40,262
109900107,500,41,459
109900108,121,128,-7
109900109,60,128,-68
109900110,55,165,-110
109900111,164,369,-205
109900112,153,255,-102
109900113,709,533,176
109900114,922,1378,-456
109900115,132,68,64
109900117,956,114,842
109900118,152,278,-126
109900119,320,224,96
109900120,63,22,41
109900121,264,440,-176
109900122,446,2,444
109900123,20,48,-28
109900124,52,220,-168
109900125,0,133,-133
109900126,355,54,301
109900128,384,20,364
109900130,2822,2714,108
109900131,19,112,-93
109900132,22,70,-48
109900133,73,143,-70
109900134,50,90,-40
109900135,148,28,120
109900136,26,85,-59
109900137,135,129,6
109900140,143,72,71
109900142,1365,207,1158
109900145,2,395,-393
109900146,255,26,229
109900148,23,75,-52
109900149,13,56,-43
109900150,6,59,-53
109900151,1,13,-12
109900152,0,32,-32
109900153,0,40,-40
109900154,53,0,53
109900155,81,20,61
109900157,48,164,-116
109900158,57,105,-48
109900159,118,45,73
109900160,172,50,122
109900161,224,63,161
109900162,265,139,126
109900163,277,230,47
109900164,50,122,-72
109900165,315,7,308
109900166,2,120,-118
109900167,134,235,-101
109900168,213,331,-118
109900169,227,98,129
109900170,221,870,-649
109900171,263,85,178
109900172,236,231,5
109900173,1242,2371,-1129
109900174,57,71,-14
109900175,101,76,25
109900176,87,59,28
109900177,45,92,-47
109900178,10,105,-95
109900179,46,15,31
109900180,5,10,-5
110000001,621,293,328
110000002,358,624,-266
110000003,631,530,101
110000004,321,644,-323
110000005,298,1379,-1081
110000006,157,254,-97
110000007,77,74,3
110000008,35,67,-32
110000009,50,32,18
110000010,12,52,-40
110000011,50,49,1
110000012,417,178,239
110000013,38,475,-437
110000014,330,252,78
110000015,221,423,-202
110000016,177,1312,-1135
110000017,1647,175,1472
110000018,1417,173,1244
110000019,5,51,-46
110000020,365,129,236
110000021,172,320,-148
110000022,809,117,692
110000023,3,58,-55
110000024,432,294,138
110000025,437,5,432
110000026,8,125,-117
110000027,841,867,-26
110000028,897,508,389
110000029,416,389,27
110000030,271,266,5
110000031,231,235,-4
110000032,700,260,440
110000033,220,193,27
110000034,358,349,9
110000035,610,380,230
110000036,858,335,523
110000037,192,262,-70
110000038,226,450,-224
110000039,631,2933,-2302
110000040,186,147,39
110000041,262,1572,-1310
110000042,60,304,-244
110000043,585,248,337
110000044,48,425,-377
110000045,211,106,105
110000046,9,16,-7
110000047,12,62,-50
110000048,1,29,-28
110000049,7,5,2
110000050,7,63,-56
110000051,12,3,9
110000052,24,17,7
110000053,37,15,22
110000054,134,402,-268
110000055,259,95,164
110000056,53,107,-54
110000057,300,401,-101
110000058,876,284,592
110000059,833,363,470
110000060,959,851,108
110000061,649,513,136
110000062,461,616,-155
110000063,40,173,-133
110000064,57,20,37
110000065,110,72,38
110000066,58,16,42
110000067,51,71,-20
110000068,267,83,184
110000069,317,30,287
110000071,223,29,194
110000073,30,10,20
110000075,13,49,-36
110000076,216,326,-110
110000077,181,734,-553
110000078,81,16,65
110000080,197,366,-169
110000081,50,190,-140
110000082,31,308,-277
110000083,210,359,-149
110000084,1194,865,329
110000085,681,1028,-347
110000086,851,2028,-1177
110000087,12,39,-27
110000088,104,169,-65
110000089,250,36,214
110000090,189,183,6
110000091,605,175,430
110000092,34,29,5
110000093,46,20,26
110000094,371,123,248
110000095,157,540,-383
110000096,1155,1483,-328
110000097,973,1228,-255
110000098,1526,568,958
110000099,539,1064,-525
110000100,989,231,758
110000101,24,144,-120
110000102,59,46,13
110000104,432,156,276
110000105,40,205,-165
110000106,507,432,75
110000107,184,217,-33
110000108,67,87,-20
110000109,161,200,-39
110000110,1294,3176,-1882
110000111,2593,2526,67
110000112,375,973,-598
110000113,127,2195,-2068
110000114,250,624,-374
110000115,303,265,38
110000116,51,29,22
110000117,258,133,125
110000118,376,104,272
110000119,268,176,92
110000120,318,134,184
110000121,39,261,-222
110000122,259,360,-101
110000123,517,499,18
110000124,1,531,-530
110000125,754,10,744
110000126,310,42,268
110000127,1048,83,965
110000128,33,620,-587
110000129,1,270,-269
110000130,239,180,59
110000131,70,211,-141
110000132,2,337,-335
110000133,27,359,-332
110000134,20,274,-254
110000135,139,28,111
110000136,70,240,-170
110000137,507,356,151
110000138,781,432,349
110000139,799,487,312
110000140,685,631,54
110000143,368,265,103
110000144,2772,1912,860
110000145,1512,1380,132
110000146,1844,891,953
110000147,409,501,-92
110000148,563,136,427
110000151,641,1104,-463
110000152,614,398,216
110000153,159,8,151
110000154,28,27,1
110000155,996,3065,-2069
110000156,863,2183,-1320
110000157,1590,2145,-555
110000160,320,218,102
110000161,141,140,1
110000166,570,60,510
110000167,847,483,364
110000168,855,519,336
110000169,737,370,367
110000170,169,44,125
110000171,596,95,501
110000172,146,389,-243
110000173,603,616,-13
110000174,123,409,-286
110000175,632,48,584
110000176,222,376,-154
110000177,189,752,-563
110000178,239,1494,-1255
110000179,571,214,357
110000180,208,153,55
110000181,526,313,213
110000182,219,82,137
110000183,4116,5638,-1522
110000184,271,1896,-1625
110000185,473,527,-54
110000186,540,596,-56
110000191,1174,109,1065
110000192,557,24,533
110000193,1171,20,1151
110000194,11,432,-421
110000195,456,175,281
110000196,474,112,362
110000197,81,62,19
110000198,97,23,74
110000199,55,121,-66
110000200,1032,368,664
110000201,1148,1132,16
110000202,1082,483,599
110000203,413,387,26
110000204,11,123,-112
110000205,140,23,117
110000206,415,506,-91
110000207,1113,213,900
110000208,160,200,-40
110000209,81,462,-381
110000210,1208,323,885
110000211,658,428,230
110000212,428,885,-457
110000213,314,61,253
110000214,277,48,229
110000215,128,132,-4
110000216,77,99,-22
110000217,346,104,242
110000218,146,99,47
110000219,379,32,347
110000220,64,106,-42
110000221,352,17,335
110000222,33,110,-77
110000223,7,42,-35
110000224,23,1,22
110000225,158,516,-358
110000226,249,47,202
110000227,457,651,-194
110000228,180,88,92
110000229,0,110,-110
110000230,479,349,130
110000231,135,180,-45
110000232,149,145,4
110000233,169,224,-55
110000234,373,774,-401
110000235,718,697,21
110000236,494,358,136
110000237,1630,897,733
110000238,974,839,135
110000239,1757,749,1008
110000240,0,37,-37
110000242,0,22,-22
110000243,150,63,87
110000244,92,185,-93
110000245,24,247,-223
110000246,706,302,404
110000247,725,2951,-2226
110000248,1128,1105,23
110000249,51,9,42
110000250,23,116,-93
110000251,332,283,49
110000252,269,126,143
110000253,1328,442,886
110000254,375,627,-252
110000255,133,469,-336
110000256,339,183,156
110000257,354,240,114
110000258,10,251,-241
110000259,151,15,136
110000260,27,95,-68
110000263,321,54,267
110000264,285,236,49
110000265,765,1143,-378
110000266,1030,1500,-470
110000267,24,94,-70
110000268,179,288,-109
110000269,8,54,-46
110000270,68,4,64
110000271,809,169,640
110000272,999,930,69
110000273,1485,972,513
110000274,148,1420,-1272
110000275,1087,473,614
110000276,288,372,-84
110000277,297,240,57
110000278,251,472,-221
110000279,643,536,107
110000280,522,292,230
110000281,66,198,-132
110000282,153,20,133
110000283,13,49,-36
110000284,11,28,-17
110000285,3,386,-383
110000286,8,0,8
110000287,73,5,68
110000288,3,59,-56
110000289,400,2199,-1799
110000290,515,495,20
110000291,2543,788,1755
110000292,863,3934,-3071
110000293,585,355,230
110000294,985,811,174
110000295,108,485,-377
110000296,366,190,176
110000297,1693,296,1397
110000298,128,356,-228
110000299,82,93,-11
110000301,282,28,254
110000302,479,538,-59
110000303,414,10,404
110000304,137,140,-3
110000305,1184,25,1159
110000306,165,570,-405
110000307,1595,8,1587
110000308,494,24,470
110000309,4,367,-363
110000310,616,73,543
110000311,5,420,-415
110000312,329,88,241
110000313,1492,2331,-839
110000314,0,137,-137
110000315,1838,1668,170
110000316,374,827,-453
110000317,99,569,-470
110000318,4,24,-20
110000319,15,12,3
110000320,56,38,18
110000321,19,35,-16
110000322,300,201,99
110000323,513,89,424
110000324,1934,1168,766
110000325,1506,2977,-1471
110000327,384,244,140
110000328,116,281,-165
110000333,926,638,288
110000334,851,840,11
110000335,632,406,226
110000336,531,545,-14
110000337,1404,472,932
110000338,425,164,261
110000339,291,110,181
110000340,58,131,-73
110000341,468,276,192
110000342,84,1,83
110000343,0,15,-15
110000344,118,158,-40
110000345,148,239,-91
110000346,1214,1228,-14
110000347,1062,551,511
110000348,23,8,15
110000349,8,16,-8
110000350,50,14,36
110000351,1103,416,687
110000352,714,1175,-461
110000353,1656,435,1221
110000354,965,2618,-1653
110000355,115,47,68
110000356,583,7,576
110000357,418,20,398
110000361,33,20,13
110000362,102,38,64
110000363,613,73,540
110000364,219,163,56
110000365,129,5,124
110000366,1,92,-91
110000367,291,152,139
110000368,7,40,-33
110000369,51,0,51
110000373,1,167,-166
110000374,205,18,187
110000375,102,678,-576
110000376,33,49,-16
110000377,58,296,-238
110000378,19,307,-288
110000379,1471,1601,-130
110000380,61,6,55
110000383,0,662,-662
110000384,965,421,544
110000385,0,105,-105
110000387,73,4,69
110000388,41,95,-54
110000389,849,4,845
110000391,830,144,686
110000396,250,73,177
110000397,154,61,93
110000398,6,21,-15
110000399,98,2,96
110000587,119,66,53
110000589,226,98,128
110000640,241,34,207
110000652,8,253,-245
110000653,352,218,134
110000654,25,1015,-990
110000656,1,191,-190
110000674,23,16,7
110000675,7,15,-8
110000676,0,24,-24
110000679,79,868,-789
110000682,104,119,-15
110000683,128,229,-101
110000684,2,38,-36
110000685,10,7,3
110000686,3,33,-30
110000687,21,14,7
110000688,51,1110,-1059
110000689,26,31,-5
110000692,9,87,-78
110000693,27,222,-195
110000694,0,132,-132
110000695,307,526,-219
110000696,53,34,19
110900001,211,25,186
110900002,359,137,222
110900003,788,228,560
110900004,388,73,315
110900005,1092,2638,-1546
110900006,41,28,13
110900007,116,32,84
110900008,4,21,-17
110900009,371,163,208
110900010,6,13,-7
110900011,31,56,-25
110900012,22,60,-38
110900013,957,126,831
110900014,325,14,311
110900015,291,697,-406
110900016,59,81,-22
110900017,517,33,484
110900018,350,44,306
110900019,229,22,207
110900020,134,105,29
110900021,87,232,-145
110900022,62,135,-73
110900023,54,280,-226
110900024,33,161,-128
110900025,1,23,-22
110900027,72,121,-49
110900028,28,94,-66
110900029,10,76,-66
110900030,49,130,-81
110900031,0,60,-60
110900032,0,47,-47
110900033,31,97,-66
110900035,14,347,-333
110900036,74,12,62
110900037,94,13,81
110900038,410,152,258
110900039,9,182,-173
110900040,167,17,150
110900041,19,81,-62
110900042,109,54,55
110900043,3,39,-36
110900044,213,19,194
110900045,52,181,-129
110900046,9,96,-87
110900047,252,332,-80
110900049,55,107,-52
110900050,36,3,33
110900051,28,100,-72
110900052,7,75,-68
110900053,97,16,81
110900054,36,81,-45
110900055,27,3,24
110900056,40,125,-85
110900057,12,60,-48
110900058,326,139,187
110900059,405,168,237
110900060,355,110,245
110900061,6,51,-45
110900062,159,119,40
110900063,30,74,-44
110900064,11,0,11
110900065,144,97,47
110900066,4,52,-48
110900067,192,474,-282
110900068,128,148,-20
110900069,5,12,-7
110900070,94,53,41
110900071,186,561,-375
110900073,0,9,-9
110900074,497,73,424
110900075,422,59,363
110900077,893,356,537
110900078,50,27,23
110900079,944,1207,-263
110900080,206,36,170
110900081,7,21,-14
110900082,109,37,72
110900083,112,37,75
110900084,72,32,40
110900085,48,159,-111
110900086,62,323,-261
110900087,369,77,292
110900088,9,2,7
110900090,35,40,-5
110900091,3,31,-28
110900093,201,75,126
110900095,75,16,59
110900097,10,8,2
110900098,23,49,-26
110900099,58,255,-197
110900100,0,18,-18
110900102,68,13,55
110900105,650,100,550
110900108,12,20,-8
110900111,356,94,262
110900112,791,8,783
110900113,211,53,158
110900115,9,39,-30
110900116,838,678,160
110900118,62,2983,-2921
110900119,1200,137,1063
110900120,23,47,-24
110900121,161,1,160
110900122,455,175,280
110900125,294,359,-65
110900127,345,1474,-1129
110900128,244,281,-37
110900129,192,801,-609
110900130,494,551,-57
110900131,374,42,332
110900132,449,74,375
110900133,176,99,77
110900135,48,124,-76
110900136,387,12,375
110900137,9,0,9
110900138,253,310,-57
110900139,0,170,-170
110900140,11,3,8
110900141,13,177,-164
110900142,73,67,6
110900143,129,90,39
110900144,1,266,-265
110900145,148,82,66
110900146,222,210,12
110900147,71,219,-148
110900148,3,158,-155
110900149,16,46,-30
110900150,33,20,13
110900151,1,87,-86
110900152,29,69,-40
110900153,153,57,96
111000001,536,306,230
111000002,546,311,235
111000003,1292,659,633
111000004,338,535,-197
111000005,899,1093,-194
111000006,658,1268,-610
111000007,3446,2781,665
111000008,1469,2198,-729
111000009,268,510,-242
111000010,863,223,640
111000011,205,667,-462
111000012,298,293,5
111000013,309,708,-399
111000014,1260,446,814
111000017,106,694,-588
111000018,140,216,-76
111000020,779,1113,-334
111000021,49,83,-34
111000023,73,73,0
111000025,3999,3145,854
111000029,76,119,-43
111000030,43,86,-43
111000031,1306,800,506
111000032,484,290,194
111000033,182,213,-31
111000034,32,185,-153
111000037,731,376,355
111000038,2235,1413,822
111000039,1346,1352,-6
111000040,1299,1277,22
111000041,609,707,-98
111000042,1551,1352,199
111000043,1478,3412,-1934
111000044,1270,966,304
111000045,2443,2129,314
111000046,1621,1476,145
111000047,2240,3882,-1642
111000049,412,312,100
111000050,826,644,182
111000051,407,590,-183
111000052,492,959,-467
111000053,269,482,-213
111000054,238,472,-234
111000055,715,1090,-375
111000056,125,308,-183
111000057,102,253,-151
111000058,505,58,447
111000059,618,248,370
111000060,3572,746,2826
111000061,611,260,351
111000062,818,318,500
111000063,1648,855,793
111000064,838,490,348
111000065,1289,762,527
111000066,586,396,190
111000067,586,379,207
111000068,501,522,-21
111000069,1296,1349,-53
111000070,635,471,164
111000071,207,338,-131
111000072,1364,530,834
111000073,346,962,-616
111000074,1232,1272,-40
111000075,737,475,262
111000076,621,473,148
111000077,1258,1242,16
111000078,1894,909,985
111000079,844,477,367
111000080,548,473,75
111000081,1107,3335,-2228
111000082,581,470,111
111000084,747,377,370
111000085,691,754,-63
111000086,1406,607,799
111000087,563,316,247
111000088,2887,2321,566
111000089,632,475,157
111000090,482,892,-410
111000091,652,288,364
111000092,1445,587,858
111000093,719,870,-151
111000094,1472,845,627
111000095,565,1910,-1345
111000096,780,6234,-5454
111000097,2868,978,1890
111000098,506,631,-125
111000099,424,872,-448
111000100,377,666,-289
111000101,341,422,-81
111000102,261,323,-62
111000104,688,142,546
111000107,97,571,-474
111000109,737,224,513
111000110,1305,481,824
111000111,2527,313,2214
111000112,2008,421,1587
111000113,748,1523,-775
111000114,1338,3337,-1999
111000115,3009,878,2131
111000116,813,665,148
111000117,268,658,-390
111000118,827,461,366
111000119,1085,534,551
111000120,486,450,36
111000121,293,491,-198
111000122,496,774,-278
111000123,1045,1412,-367
111000124,376,1267,-891
111000125,201,663,-462
111000126,90,371,-281
111000127,1021,82,939
111000128,1972,278,1694
111000129,2858,400,2458
111000130,2190,401,1789
111000131,1995,344,1651
111000132,1775,937,838
111000133,195,92,103
111000134,169,65,104
111000135,63,106,-43
111000136,388,211,177
111000138,9,3,6
111000140,2,1,1
111000141,117,304,-187
111000142,5,330,-325
111000143,5,600,-595
111000144,23,1928,-1905
111000145,144,10,134
111000146,124,13,111
111000147,109,19,90
111000148,105,66,39
111000149,3,8,-5
111000150,33,4,29
111000151,2,12,-10
111000153,404,518,-114
111000154,303,129,174
111000155,106,114,-8
111000156,526,375,151
111000157,156,572,-416
111000158,583,658,-75
111000159,2900,739,2161
111000160,450,386,64
111000161,11,472,-461
111000162,14,88,-74
111000163,612,448,164
111000164,421,1817,-1396
111000165,542,274,268
111000166,587,167,420
111000167,110,242,-132
111000168,151,327,-176
111000169,335,341,-6
111000170,248,228,20
111000171,368,328,40
111000172,194,215,-21
111000173,338,391,-53
111000174,225,104,121
111000175,42,211,-169
111000176,324,63,261
111000177,406,113,293
111000178,1479,187,1292
111000179,240,104,136
111000180,323,363,-40
111000181,1427,176,1251
111000182,186,119,67
111000183,266,238,28
111000184,299,194,105
111000185,294,254,40
111000186,277,167,110
111000187,132,114,18
111000188,229,254,-25
111000189,471,282,189
111000190,152,202,-50
111000191,146,178,-32
111000192,135,275,-140
111000193,264,110,154
111000194,60,117,-57
111000195,114,156,-42
111000196,64,85,-21
111000197,532,98,434
111000198,435,48,387
111000199,264,104,160
111000200,477,229,248
111000201,724,158,566
111000202,338,124,214
111000203,392,268,124
111000204,271,1217,-946
111000213,121,340,-219
111000214,1183,822,361
111000215,1033,723,310
111000217,1525,721,804
111000218,1202,802,400
111000219,332,134,198
111000220,716,484,232
111000221,362,108,254
111000224,20,161,-141
111000225,315,214,101
111000226,53,0,53
111000227,15,2,13
111000228,18,399,-381
111000229,26,941,-915
111000230,161,153,8
111000231,1038,266,772
111000232,609,416,193
111000233,1093,399,694
111000234,176,435,-259
111000239,50,76,-26
111000240,42,212,-170
111000241,29,177,-148
111000242,207,46,161
111000243,128,217,-89
111000244,656,46,610
111000245,862,216,646
111000246,527,109,418
111000247,437,304,133
111000248,692,282,410
111000249,387,274,113
111000250,42,34,8
111000251,42,52,-10
111000253,3,14,-11
111000255,41,11,30
111000257,71,22,49
111000260,51,670,-619
111000261,1322,70,1252
111000271,28,189,-161
111000273,1994,770,1224
111000274,1221,1930,-709
111000275,170,39,131
111000276,199,785,-586
111000277,136,170,-34
111000278,530,149,381
111000291,710,6917,-6207
111000298,477,124,353
111000299,550,156,394
111000300,56,305,-249
111000302,310,40,270
111000303,82,84,-2
111000312,46,69,-23
111000315,3,54,-51
111000320,158,378,-220
111000321,512,122,390
111000322,323,239,84
111000323,291,20,271
111000324,291,146,145
111000325,57,51,6
111000326,196,164,32
111000327,311,243,68
111000328,257,369,-112
111000329,0,15,-15
111000330,59,8,51
111000331,11,6,5
111000332,434,978,-544
111000334,293,667,-374
111000335,989,189,800
111000337,1469,139,1330
111000338,55,54,1
111000339,728,122,606
111000340,76,262,-186
111000341,1399,575,824
111000342,76,1160,-1084
111000344,1023,489,534
111000345,95,86,9
111000346,15,250,-235
111000347,125,4,121
111000350,144,81,63
111000351,97,189,-92
111000352,199,66,133
111000353,139,112,27
111000354,383,91,292
111000355,225,274,-49
111000358,177,396,-219
111000360,238,179,59
111000361,173,93,80
111000546,694,294,400
111000547,369,220,149
111000548,145,252,-107
111000549,306,119,187
111000550,44,810,-766
111000551,448,111,337
111000552,402,137,265
111000907,461,13,448
111000908,39,1,38
111000916,1641,132,1509
111000917,50,284,-234
111000918,201,291,-90
111000920,586,9,577
111000921,7,72,-65
111000922,546,132,414
111000924,29,272,-243
111000925,2926,1602,1324
111000926,772,916,-144
111000927,2239,3738,-1499
111000928,2518,1494,1024
111000929,1682,988,694
111000930,697,1201,-504
111000931,1831,2092,-261
111000932,2168,1101,1067
111000933,2506,2111,395
111000934,1228,1512,-284
111000935,1720,763,957
111000936,1032,1104,-72
111000937,1137,1146,-9
111000938,860,681,179
111000939,606,33,573
111000940,430,51,379
111000941,316,183,133
111000943,589,259,330
111000944,182,152,30
111000945,75,671,-596
111001109,567,510,57
111001110,198,299,-101
111001111,114,8,106
111001112,75,20,55
111001113,0,117,-117
111001114,357,181,176
111001115,13,972,-959
111001116,1939,3743,-1804
111001117,239,2248,-2009
111001120,87,129,-42
111001121,123,152,-29
111001122,232,146,86
111001123,306,64,242
111001124,110,58,52
111001125,0,185,-185
111900001,16,44,-28
111900002,43,200,-157
111900003,0,143,-143
111900004,19,30,-11
111900006,15,82,-67
111900007,143,8,135
111900008,271,4,267
111900009,258,65,193
111900010,151,213,-62
111900012,47,42,5
111900013,28,16,12
111900014,1753,4572,-2819
111900015,0,20,-20
111900016,0,28,-28
111900017,0,25,-25
111900018,138,12,126
111900019,2,95,-93
111900020,2,29,-27
111900021,24,60,-36
111900022,6,26,-20
111900023,69,49,20
111900024,17,45,-28
111900025,0,14,-14
111900026,0,13,-13
111900027,4,39,-35
111900028,1,86,-85
111900029,1,33,-32
111900030,25,178,-153
111900031,0,15,-15
111900032,0,95,-95
111900033,6,37,-31
111900034,116,273,-157
111900035,110,148,-38
111900036,0,80,-80
111900038,141,328,-187
111900039,40,184,-144
111900040,1,106,-105
111900042,9,88,-79
111900043,0,82,-82
111900044,104,150,-46
111900046,20,69,-49
111900048,241,216,25
111900049,13,118,-105
111900050,107,26,81
111900051,0,82,-82
111900052,127,181,-54
111900053,337,1431,-1094
111900054,143,5,138
111900055,10,140,-130
111900056,113,260,-147
111900057,137,5,132
111900058,606,193,413
111900059,1032,690,342
111900060,348,0,348
111900061,5,97,-92
111900062,52,84,-32
111900063,336,285,51
111900064,37,115,-78
111900065,68,22,46
111900066,146,110,36
111900067,1,187,-186
111900068,53,49,4
111900069,63,57,6
111900070,254,67,187
111900071,1,96,-95
111900072,45,33,12
111900073,921,181,740
111900074,8,98,-90
111900075,103,6,97
111900076,225,91,134
111900077,51,8,43
111900078,339,33,306
111900079,36,34,2
111900080,152,222,-70
111900082,243,46,197
111900083,227,30,197
111900084,131,10,121
111900085,33,106,-73
111900086,65,15,50
111900087,62,0,62
111900088,633,12,621
111900089,130,9,121
111900090,73,58,15
111900091,390,3,387
111900092,99,0,99
111900093,481,9,472
111900094,134,1,133
111900095,350,47,303
111900096,275,28,247
111900097,46,0,46
111900098,230,1,229
111900099,85,0,85
111900100,180,7,173
111900101,93,34,59
111900102,630,208,422
111900103,36,105,-69
111900104,115,66,49
111900105,249,182,67
111900106,386,25,361
111900110,941,275,666
111900111,219,37,182
111900112,301,3179,-2878
111900113,178,109,69
111900118,407,111,296
111900119,377,190,187
111900122,91,134,-43
111900123,23,38,-15
111900124,26,33,-7
111900125,515,66,449
111900126,288,5,283
111900127,0,220,-220
111900128,4,214,-210
111900129,274,0,274
111900130,186,80,106
111900131,660,4,656
111900132,12,330,-318
111900133,6,184,-178
111900134,1,108,-107
111900135,12,24,-12
111900136,49,110,-61
111900137,32,40,-8
111900138,13,58,-45
111900139,16,52,-36
111900140,104,38,66
111900141,109,11,98
111900142,127,36,91
111900143,39,75,-36
111900144,0,32,-32
111900145,0,162,-162
111900146,1,81,-80
111900147,71,235,-164
111900148,21,273,-252
111900149,1,80,-79
111900150,27,70,-43
111900151,1,16,-15
111900152,54,59,-5
111900153,465,623,-158
111900154,17,463,-446
111900155,63,116,-53
111900156,79,81,-2
111900157,150,22,128
111900158,503,109,394
111900159,362,45,317
111900160,313,4,309
111900161,302,0,302
111900162,75,156,-81
111900163,14,114,-100
111900164,110,70,40
111901113,589,67,522
111901114,297,195,102
111901115,163,0,163
111901116,50,3,47
111901117,43,48,-5
111901118,23,350,-327
111901119,233,65,168
111901121,70,55,15
111901122,3,148,-145
111901123,238,112,126
111901124,322,2,320
111901125,546,198,348
111901127,327,961,-634
111901128,11,38,-27
111901129,3,72,-69
111901130,1,53,-52
111901131,3,115,-112
111901132,69,27,42
111901133,36,4,32
111901134,146,3,143
111901135,21,12,9
111901136,40,62,-22
111901137,0,23,-23
111901138,80,27,53
111901139,31,12,19
111901140,3,29,-26
111901141,2,33,-31
111901142,5,62,-57
111901143,0,39,-39
111901144,41,55,-14
111901145,98,330,-232
111901146,114,10,104
111901147,22,36,-14
111901148,2,10,-8
112000001,1902,590,1312
112000002,530,1306,-776
112000003,1649,914,735
112000004,517,299,218
112000005,3282,3193,89
112000006,1053,802,251
112000007,3810,2541,1269
112000008,2277,3470,-1193
112000009,1804,1379,425
112000010,2780,3917,-1137
112000011,1133,882,251
112000012,3007,5092,-2085
112000013,1902,2439,-537
112000014,1480,2973,-1493
112000015,2197,2691,-494
112000016,2193,2302,-109
112000017,714,3008,-2294
112000024,1138,458,680
112000026,1587,1676,-89
112000027,566,533,33
112000028,625,779,-154
112000029,555,770,-215
112000030,148,25,123
112000031,1036,3946,-2910
112000032,146,20,126
112000033,1141,2549,-1408
112000034,161,37,124
112000035,38,506,-468
112000036,308,960,-652
112000037,1017,859,158
112000038,1308,1038,270
112000039,139,38,101
112000040,41,171,-130
112000041,243,251,-8
112000042,623,335,288
112000050,1029,990,39
112000051,958,1539,-581
112000054,952,869,83
112000057,459,260,199
112000058,205,406,-201
112000059,398,533,-135
112000061,1607,935,672
112000062,704,919,-215
112000063,305,2225,-1920
112000064,2056,2808,-752
112000065,986,1618,-632
112000066,2701,1423,1278
112000067,426,442,-16
112000068,2669,2388,281
112000069,340,1143,-803
112000070,1340,664,676
112000071,818,1290,-472
112000072,2478,655,1823
112000073,1135,1421,-286
112000074,1154,869,285
112000075,1148,1063,85
112000076,2571,1856,715
112000077,891,291,600
112000078,1659,497,1162
112000079,1382,992,390
112000080,602,462,140
112000081,834,1635,-801
112000082,985,564,421
112000083,529,741,-212
112000084,1185,553,632
112000085,1339,583,756
112000086,1579,584,995
112000087,631,201,430
112000088,822,171,651
112000089,270,203,67
112000090,203,158,45
112000091,467,486,-19
112000092,2121,805,1316
112000093,1358,487,871
112000094,678,631,47
112000095,587,475,112
112000096,582,550,32
112000097,1404,602,802
112000098,484,371,113
112000099,620,1607,-987
112000100,1982,510,1472
112000101,500,396,104
112000102,1395,363,1032
112000103,329,436,-107
112000105,377,583,-206
112000106,1509,299,1210
112000107,51,112,-61
112000108,279,724,-445
112000109,195,62,133
112000110,1781,544,1237
112000111,486,1504,-1018
112000112,2221,404,1817
112000113,532,806,-274
112000114,2265,628,1637
112000115,385,273,112
112000116,578,590,-12
112000117,911,526,385
112000118,750,443,307
112000119,299,418,-119
112000120,53,199,-146
112000121,149,216,-67
112000122,293,103,190
112000123,702,105,597
112000124,454,33,421
112000125,282,206,76
112000126,334,168,166
112000127,1291,2408,-1117
112000128,363,547,-184
112000129,87,54,33
112000130,250,74,176
112000131,41,113,-72
112000132,210,122,88
112000133,326,112,214
112000134,401,214,187
112000135,1161,489,672
112000136,725,848,-123
112000137,1306,1190,116
112000138,1089,626,463
112000139,523,705,-182
112000140,320,780,-460
112000141,847,373,474
112000142,138,317,-179
112000143,1283,205,1078
112000144,291,546,-255
112000145,2563,468,2095
112000146,452,940,-488
112000147,2293,1360,933
112000148,988,919,69
112000149,523,310,213
112000150,239,289,-50
112000151,297,146,151
112000152,510,243,267
112000153,144,182,-38
112000154,153,227,-74
112000155,151,88,63
112000157,427,635,-208
112000158,294,201,93
112000159,608,270,338
112000167,304,148,156
112000169,201,377,-176
112000173,886,187,699
112000175,460,198,262
112000176,891,1214,-323
112000177,850,260,590
112000178,73,135,-62
112000179,227,68,159
112000180,237,226,11
112000181,1073,787,286
112000182,1567,502,1065
112000183,29,18,11
112000184,444,174,270
112000185,623,243,380
112000187,3116,1940,1176
112000195,137,15,122
112000196,192,2,190
112000197,115,190,-75
112000198,38,256,-218
112000199,529,682,-153
112000202,392,1,391
112000216,53,189,-136
112000230,106,1,105
112000231,7,84,-77
112000256,62,231,-169
112000313,44,48,-4
112000314,42,43,-1
112000337,174,446,-272
112000352,116,253,-137
112000392,1083,737,346
112000398,1604,666,938
112000399,900,2707,-1807
112000400,1147,1011,136
112000401,1535,933,602
112000402,3240,3773,-533
112000403,1120,3537,-2417
112000404,1036,954,82
112000405,2027,2582,-555
112000406,1789,918,871
112000407,7484,6994,490
112000408,3935,2602,1333
112000409,1093,1778,-685
112000410,293,243,50
112000411,1875,1542,333
112000412,767,395,372
112000413,3552,6534,-2982
112000414,87,35,52
112000415,83,37,46
112000416,2771,1060,1711
112000417,315,51,264
112000421,49,36,13
112000422,309,179,130
112000424,838,2685,-1847
112000425,331,328,3
112000426,148,238,-90
112000427,0,8,-8
112000428,303,168,135
112000429,1620,1427,193
112000430,1778,1950,-172
112000431,129,106,23
112000432,431,371,60
112000433,180,473,-293
112000437,65,84,-19
112900001,57,0,57
112900002,624,329,295
112900003,87,132,-45
112900004,81,107,-26
112900005,249,108,141
112900006,25,148,-123
112900007,61,97,-36
112900008,2,60,-58
112900009,376,94,282
112900010,534,366,168
112900011,69,77,-8
112900012,2,24,-22
112900013,9,134,-125
112900014,4,132,-128
112900015,212,447,-235
112900016,4,97,-93
112900017,33,46,-13
112900018,2,86,-84
112900019,19,142,-123
112900020,257,583,-326
112900021,0,67,-67
112900022,11,19,-8
112900023,0,40,-40
112900024,21,105,-84
112900025,79,123,-44
112900026,4,86,-82
112900027,7,360,-353
112900028,15,55,-40
112900029,6,202,-196
112900030,49,57,-8
112900031,8,254,-246
112900032,177,157,20
112900034,0,17,-17
112900035,3,171,-168
112900036,10,94,-84
112900037,137,188,-51
112900038,779,116,663
112900039,9,148,-139
112900040,11,384,-373
112900041,327,981,-654
112900042,59,171,-112
112900043,42,66,-24
112900044,255,218,37
112900045,132,119,13
112900046,81,47,34
112900047,6,8,-2
112900049,298,58,240
112900050,18,367,-349
112900051,174,282,-108
112900052,3,325,-322
112900053,117,112,5
112900054,105,64,41
112900055,85,34,51
112900056,302,245,57
112900057,15,221,-206
112900058,241,373,-132
112900059,95,186,-91
112900060,39,61,-22
112900061,94,73,21
112900062,44,61,-17
112900063,38,10,28
112900064,69,140,-71
112900065,20,48,-28
112900066,201,217,-16
112900067,199,67,132
112900068,21,36,-15
112900069,1141,878,263
112900071,39,10,29
112900072,59,2502,-2443
112900073,364,134,230
112900074,89,260,-171
112900075,625,978,-353
112900076,29,44,-15
112900078,272,408,-136
112900079,216,36,180
112900080,99,4,95
112900081,68,267,-199
112900082,573,53,520
112900083,158,125,33
112900084,245,133,112
112900086,137,2,135
112900087,881,165,716
112900088,190,11,179
112900089,845,71,774
112900090,109,50,59
112900091,383,14,369
112900092,74,527,-453
112900093,1121,23,1098
112900095,62,0,62
112900096,559,175,384
112900097,74,134,-60
112900098,86,1,85
112900099,959,29,930
112900100,81,2,79
112900101,341,5,336
112900102,95,41,54
112900103,253,6,247
112900104,116,2,114
112900105,28,1,27
112900106,394,101,293
112900107,2,1,1
112900108,8,2,6
112900109,148,1,147
112900110,1563,28,1535
112900111,787,6,781
112900112,315,2,313
112900113,0,5,-5
112900114,231,15,216
112900115,1699,5,1694
112900116,115,35,80
112900117,44,35,9
112900118,7,61,-54
112900119,198,6,192
112900120,392,163,229
112900121,30,71,-41
112900122,12,65,-53
112900123,73,19,54
112900124,16,35,-19
112900125,22,322,-300
112900126,93,130,-37
112900127,394,140,254
112900128,98,377,-279
112900129,0,368,-368
112900130,184,111,73
112900131,20,162,-142
112900132,77,202,-125
112900133,15,510,-495
112900134,0,113,-113
112900135,101,47,54
112900137,1,203,-202
112900138,3,117,-114
112900139,109,492,-383
112900141,770,23,747
112900142,78,179,-101
112900143,10,190,-180
112900144,1,122,-121
112900145,39,271,-232
112900146,3,359,-356
112900147,2,506,-504
112900148,64,3,61
112900149,241,299,-58
112900151,2,34,-32
112900152,1813,465,1348
112900153,740,2444,-1704
112900154,0,40,-40
112900155,155,10,145
112900156,448,481,-33
112900157,477,58,419
112900158,101,2,99
112900159,197,164,33
112900160,27,144,-117
112900161,104,43,61
112900162,3,13,-10
112900163,33,24,9
112900164,30,114,-84
112900165,65,37,28
112900166,15,72,-57
112900167,2,75,-73
112900168,3,3,0
112900169,11,27,-16
112900170,181,122,59
112900172,36,20,16
112900173,120,68,52
112900174,266,49,217
112900175,110,210,-100
112900176,29,48,-19
112900177,168,59,109
112900178,602,2239,-1637
112900179,19,228,-209
112900180,1715,774,941
112900181,696,17,679
112900182,48,384,-336
112900183,75,260,-185
112900184,266,512,-246
112900185,146,532,-386
112900186,712,1099,-387
112900187,69,519,-450
112900188,469,1920,-1451
112900189,6,6,0
112900190,9,17,-8
112900192,600,670,-70
112900193,1009,390,619
112900194,89,24,65
112900195,855,45,810
112900196,215,202,13
112900197,121,195,-74
112900199,689,233,456
112900200,560,115,445
112900201,205,70,135
112900202,509,402,107
112900203,365,98,267
112900204,575,558,17
112900205,11,17,-6
112900206,29,65,-36
112900207,41,0,41
112900208,71,274,-203
112900209,242,231,11
112900210,0,22,-22
112900211,53,7,46
112900212,2,44,-42
112900213,71,5,66
112900214,16,19,-3
112900215,26,63,-37
112900216,28,41,-13
112900217,1,43,-42
112900218,68,22,46
112900219,157,6,151
112900220,2,0,2
112900221,68,102,-34
112900222,1,28,-27
112900223,857,30,827
112900224,361,183,178
112900225,543,192,351
112900226,133,281,-148
112900227,935,396,539
112900228,68,32,36
112900229,401,26,375
112900230,4800,2269,2531
112900232,305,262,43
112900233,68,61,7
112900234,14,13,1
112900235,50,14,36
112900236,397,10,387
112900237,247,75,172
112900238,17,7,10
112900239,612,496,116
112900240,2,1,1
112900241,2,10,-8
112900242,3,6,-3
112900243,0,6,-6
112900244,2,3,-1
112900245,0,2,-2
112900246,1,0,1
112900247,8,3,5
112900248,0,0,0
112900249,4,1,3
112900250,12,1,11
112900251,10,2,8
112900252,6,0,6
112900253,4,0,4
112900254,3,1,2
112900255,1,4,-3
112900256,1,7,-6
112900257,0,6,-6
113000001,4788,3744,1044
113000002,3296,2777,519
113000003,1351,1163,188
113000004,982,1664,-682
113000005,1396,861,535
113000006,779,983,-204
113000007,1784,847,937
113000008,1328,1096,232
113000009,1103,487,616
113000010,997,746,251
113000011,776,839,-63
113000012,1594,584,1010
113000013,781,509,272
113000014,760,955,-195
113000015,155,169,-14
113000016,236,529,-293
113000017,20,200,-180
113000018,279,25,254
113000019,109,208,-99
113000020,343,87,256
113000021,1091,401,690
113000022,678,1095,-417
113000025,128,208,-80
113000026,410,517,-107
113000027,378,865,-487
113000028,422,843,-421
113000029,773,646,127
113000030,149,348,-199
113000031,119,199,-80
113000032,206,287,-81
113000033,207,327,-120
113000034,153,144,9
113000035,22,12,10
113000036,14,32,-18
113000037,28,12,16
113000038,13,51,-38
113000039,35,259,-224
113000040,65,80,-15
113000042,562,372,190
113000051,796,1523,-727
113000052,1664,491,1173
113000053,412,305,107
113000054,380,464,-84
113000055,1443,270,1173
113000056,1222,709,513
113000058,453,682,-229
113000059,719,331,388
113000060,266,402,-136
113000061,359,596,-237
113000062,412,327,85
113000063,334,75,259
113000064,81,134,-53
113000065,146,319,-173
113000066,844,84,760
113000067,2279,702,1577
113000068,363,471,-108
113000069,470,466,4
113000070,2465,709,1756
113000071,441,318,123
113000072,1023,354,669
113000073,315,1024,-709
113000074,786,324,462
113000075,1437,713,724
113000076,437,2245,-1808
113000077,613,780,-167
113000078,415,1587,-1172
113000079,270,708,-438
113000080,463,728,-265
113000081,568,748,-180
113000082,806,745,61
113000083,432,700,-268
113000084,1225,884,341
113000085,638,461,177
113000086,666,797,-131
113000087,654,862,-208
113000088,1426,1116,310
113000089,702,1390,-688
113000090,165,582,-417
113000091,227,291,-64
113000094,956,250,706
113000095,176,515,-339
113000096,84,754,-670
113000097,868,344,524
113000098,91,32,59
113000099,927,434,493
113000100,81,350,-269
113000101,187,668,-481
113000102,504,490,14
113000103,1463,269,1194
113000104,490,1808,-1318
113000105,658,306,352
113000106,291,225,66
113000107,836,673,163
113000108,645,646,-1
113000109,407,936,-529
113000110,2457,480,1977
113000111,141,516,-375
113000112,316,272,44
113000113,1007,287,720
113000114,150,1083,-933
113000116,422,219,203
113000117,654,94,560
113000118,58,400,-342
113000119,310,240,70
113000120,39,251,-212
113000121,309,770,-461
113000124,206,77,129
113000125,35,700,-665
113000127,1332,179,1153
113000128,861,266,595
113000129,476,648,-172
113000133,1700,737,963
113000134,4,891,-887
113000135,3596,4353,-757
113000137,866,2818,-1952
113000139,220,240,-20
113000140,56,122,-66
113000141,110,149,-39
113000142,173,583,-410
113000143,195,108,87
113000144,200,272,-72
113000145,98,92,6
113000146,73,38,35
113000147,140,30,110
113000148,232,73,159
113000149,129,116,13
113000150,470,290,180
113000151,31,26,5
113000152,30,122,-92
113000153,810,345,465
113000154,493,1253,-760
113000155,301,610,-309
113000156,127,255,-128
113000157,187,418,-231
113000158,545,203,342
113000159,806,445,361
113000160,451,551,-100
113000161,308,191,117
113000162,836,258,578
113000163,124,37,87
113000164,16,53,-37
113000166,197,88,109
113000167,45,46,-1
113000168,45,80,-35
113000169,237,42,195
113000170,72,88,-16
113000171,27,71,-44
113000172,298,51,247
113000173,55,24,31
113000174,126,158,-32
113000175,413,75,338
113000176,438,71,367
113000177,130,138,-8
113000178,112,142,-30
113000179,308,110,198
113000180,574,849,-275
113000181,1041,643,398
113000182,121,257,-136
113000183,93,448,-355
113000184,5,60,-55
113000189,246,641,-395
113000190,195,221,-26
113000192,491,4405,-3914
113000193,1501,2980,-1479
113000194,563,1367,-804
113000195,985,1718,-733
113000196,219,40,179
113000197,853,1329,-476
113000198,89,180,-91
113000199,1146,263,883
113000201,201,433,-232
113000202,5567,1050,4517
113000203,67,185,-118
113000204,438,3393,-2955
113000205,9,6,3
113000206,4,40,-36
113000207,81,4,77
113000208,19,38,-19
113000209,18,14,4
113000210,6,30,-24
113000211,77,237,-160
113000212,45,33,12
113000213,16,110,-94
113000214,115,260,-145
113000234,171,616,-445
113000410,50,170,-120
113000411,1368,2492,-1124
113000412,3160,1303,1857
113000413,810,2518,-1708
113000414,2604,9690,-7086
113000415,1375,1366,9
113000416,2803,2015,788
113000417,1274,1509,-235
113000418,3150,3258,-108
113000419,1171,2140,-969
113000420,2261,4849,-2588
113000421,3318,5833,-2515
113000422,6139,7644,-1505
113000423,1289,4454,-3165
113000424,1495,7410,-5915
113000425,10,76,-66
113000428,23,5,18
113000430,4,32,-28
113000432,1871,160,1711
113000433,93,357,-264
113000434,15,75,-60
113000435,37,203,-166
113000436,13,456,-443
113000437,1127,26,1101
113000438,422,14,408
113000439,18,42,-24
113000440,156,32,124
113000441,239,160,79
113000442,132,59,73
113000443,313,74,239
113000444,233,90,143
113000445,96,56,40
113000446,51,90,-39
113000448,349,155,194
113000449,136,628,-492
113000450,451,1428,-977
113000451,1706,165,1541
113000452,89,382,-293
113000453,31,440,-409
113000454,188,150,38
113000455,18,761,-743
113000456,1812,1955,-143
113000468,714,89,625
113000469,54,79,-25
113000470,336,20,316
113000471,6,226,-220
113000472,88,173,-85
113000474,957,496,461
113000475,1041,867,174
113000476,1391,1546,-155
113000477,2979,1455,1524
113000478,2451,2361,90
113000479,100,97,3
113000483,0,0,0
113000484,0,0,0
113000485,0,0,0
113000486,0,0,0
113000487,0,0,0
113000488,0,0,0
113000489,0,0,0
113000490,0,0,0
113000491,2,3,-1
113000492,1,0,1
113000493,0,0,0
113000495,172,94,78
113000496,141,87,54
113000497,0,0,0
113000499,0,0,0
113900001,6,408,-402
113900002,1,25,-24
113900003,0,51,-51
113900004,1,118,-117
113900005,1,196,-195
113900006,1,25,-24
113900007,47,54,-7
113900008,25,0,25
113900009,33,0,33
113900010,14,0,14
113900011,99,1,98
113900012,53,1,52
113900013,58,4,54
113900014,536,5,531
113900015,0,74,-74
113900016,59,1,58
113900017,9,50,-41
113900018,198,248,-50
113900019,178,44,134
113900020,196,5,191
113900022,33,0,33
113900023,36,0,36
113900024,107,35,72
113900025,127,8,119
113900026,63,0,63
113900027,3,59,-56
113900028,33,184,-151
113900029,56,80,-24
113900030,245,11,234
113900031,28,5,23
113900032,38,0,38
113900033,93,42,51
113900035,42,0,42
113900036,20,69,-49
113900037,186,251,-65
113900038,36,136,-100
113900039,115,28,87
113900040,18,23,-5
113900041,5,7,-2
113900042,67,23,44
113900043,177,95,82
113900044,152,301,-149
113900045,81,0,81
113900046,226,699,-473
113900047,44,69,-25
113900048,83,76,7
113900049,228,280,-52
113900050,269,267,2
113900051,222,189,33
113900052,84,57,27
113900053,563,648,-85
113900054,25,3,22
113900055,88,259,-171
113900056,41,108,-67
113900057,11,37,-26
113900058,83,69,14
113900059,191,205,-14
113900060,58,140,-82
113900061,306,194,112
113900062,142,31,111
113900063,100,74,26
113900064,21,61,-40
113900065,325,11,314
113900066,374,142,232
113900067,177,121,56
113900068,357,609,-252
113900069,67,14,53
113900070,96,194,-98
113900071,60,46,14
113900072,67,74,-7
113900073,349,277,72
113900074,165,153,12
113900075,969,1406,-437
113900076,174,13,161
113900077,52,77,-25
113900078,42,53,-11
113900079,1,15,-14
113900080,506,157,349
113900081,76,87,-11
113900082,109,150,-41
113900083,434,143,291
113900084,219,96,123
113900085,40,132,-92
113900086,58,12,46
113900087,96,73,23
113900088,85,92,-7
113900089,266,44,222
113900090,554,299,255
113900091,11,6,5
113900092,12,55,-43
113900093,46,762,-716
113900094,436,194,242
113900095,79,153,-74
113900096,311,69,242
113900097,13,56,-43
113900098,707,102,605
113900099,3,32,-29
113900100,0,0,0
113900101,6,50,-44
113900102,90,143,-53
113900103,223,266,-43
113900104,95,268,-173
113900105,154,50,104
113900106,0,11,-11
113900107,3,6,-3
113900108,148,247,-99
113900109,220,199,21
113900110,72,23,49
113900111,178,62,116
113900112,123,43,80
113900113,993,379,614
113900114,1,19,-18
113900115,2,19,-17
113900116,47,182,-135
113900117,47,14,33
113900118,142,321,-179
113900119,105,400,-295
113900120,86,56,30
113900121,79,42,37
113900122,310,2025,-1715
113900123,456,167,289
113900124,0,56,-56
113900125,575,85,490
113900126,99,39,60
113900127,337,606,-269
113900128,133,54,79
113900129,7,196,-189
113900130,3,137,-134
113900131,258,40,218
113900132,34,59,-25
113900133,5,32,-27
113900135,266,267,-1
113900136,72,38,34
113900137,288,244,44
113900138,28,291,-263
113900139,146,145,1
113900140,72,314,-242
113900141,545,148,397
113900142,100,36,64
113900143,13,25,-12
113900144,46,231,-185
113900145,279,106,173
113900146,139,32,107
113900148,66,335,-269
113900149,115,50,65
113900150,232,223,9
113900151,349,114,235
113900152,30,44,-14
113900153,75,447,-372
113900154,2,115,-113
113900155,111,177,-66
113900156,212,292,-80
113900157,30,267,-237
113900158,150,326,-176
113900159,21,212,-191
113900160,479,268,211
113900161,77,250,-173
113900162,158,527,-369
113900163,174,265,-91
113900164,363,33,330
113900165,514,316,198
113900166,45,150,-105
113900167,282,18,264
113900168,45,60,-15
113900169,127,273,-146
113900171,240,72,168
113900172,4,52,-48
113900173,24,235,-211
113900174,424,382,42
113900175,256,104,152
113900176,252,243,9
113900177,257,118,139
113900178,222,141,81
113900179,38,188,-150
113900180,186,89,97
113900181,690,123,567
113900182,577,514,63
113900183,51,59,-8
113900184,11,178,-167
113900185,101,53,48
113900186,53,21,32
113900187,20,70,-50
113900188,36,85,-49
113900189,276,133,143
113900190,171,82,89
113900191,82,113,-31
113900192,3,513,-510
113900193,10,80,-70
113900194,922,446,476
113900195,189,293,-104
113900196,3,113,-110
113900197,0,73,-73
113900198,29,288,-259
113900199,77,372,-295
113900200,8,107,-99
113900201,1,52,-51
113900202,47,129,-82
113900203,0,29,-29
113900204,26,262,-236
113900205,0,67,-67
113900206,8,84,-76
113900207,1,31,-30
113900208,0,39,-39
113900209,0,41,-41
113900210,505,543,-38
113900211,122,56,66
113900212,138,266,-128
113900214,240,286,-46
113900215,20,56,-36
113900216,118,231,-113
113900217,100,98,2
113900218,87,70,17
113900219,77,441,-364
113900220,97,110,-13
113900221,192,225,-33
113900222,102,368,-266
113900223,129,317,-188
113900224,43,36,7
113900225,297,99,198
113900226,285,84,201
113900227,302,141,161
113900228,194,388,-194
113900229,45,663,-618
113900230,1653,2786,-1133
113900231,121,97,24
113900232,123,41,82
113900233,101,28,73
113900234,332,355,-23
113900235,130,25,105
113900236,243,160,83
113900237,154,22,132
113900238,144,504,-360
113900239,52,143,-91
113900240,6,197,-191
113900241,60,88,-28
113900242,45,153,-108
113900243,55,231,-176
113900244,109,133,-24
113900245,547,246,301
113900246,6,23,-17
113900247,94,446,-352
113900248,1496,1450,46
113900249,412,345,67
113900250,42,129,-87
113900251,831,88,743
113900252,639,17,622
113900253,644,58,586
113900254,504,109,395
113900255,519,23,496
113900256,293,21,272
113900257,20,243,-223
113900258,24,217,-193
113900259,633,77,556
113900260,243,10,233
113900261,24,52,-28
113900262,118,275,-157
113900263,90,358,-268
113900264,6,195,-189
113900265,102,251,-149
113900266,35,86,-51
113900267,83,647,-564
113900268,289,385,-96
113900269,85,100,-15
113900270,153,546,-393
113900271,579,498,81
113900273,12,14,-2
113900274,53,30,23
113900275,21,48,-27
113900276,2,62,-60
113900277,144,3,141
113900278,151,133,18
113900279,34,37,-3
113900280,1208,483,725
113900281,320,1216,-896
113900282,225,472,-247
113900283,299,365,-66
113900284,766,98,668
113900285,145,33,112
113900286,15,33,-18
113900287,51,24,27
113900288,6,76,-70
113900289,267,65,202
113900290,182,167,15
113900291,50,111,-61
113900292,13,4,9
113900293,4,206,-202
113900294,411,19,392
113900295,331,331,0
113900296,1193,273,920
113900297,2157,36,2121
113900298,21,1279,-1258
113900299,136,43,93
113900300,3006,3149,-143
113900301,527,394,133
113900302,1213,760,453
113900303,164,455,-291
113900304,4,64,-60
113900305,148,1,147
113900306,68,0,68
113900307,9,0,9
113900308,54,87,-33
113900309,2,216,-214
113900310,0,2,-2
113900311,11,0,11
113900312,130,182,-52
113900313,4,1,3
114000001,683,1367,-684
114000002,299,233,66
114000003,50,224,-174
114000004,345,269,76
114000005,234,147,87
114000006,1166,1241,-75
114000007,576,763,-187
114000008,1066,1515,-449
114000009,915,214,701
114000011,2230,1523,707
114000012,2410,1050,1360
114000013,1632,847,785
114000014,361,120,241
114000015,2107,190,1917
114000016,204,127,77
114000017,81,298,-217
114000018,114,12,102
114000026,2206,604,1602
114000027,3364,1502,1862
114000028,1699,2371,-672
114000038,242,104,138
114000039,66,24,42
114000040,111,160,-49
114000042,179,72,107
114000043,58,20,38
114000044,275,15,260
114000045,34,39,-5
114000046,1821,3134,-1313
114000047,9,59,-50
114000048,64,54,10
114000049,1142,1209,-67
114000050,1213,1559,-346
114000051,1964,1828,136
114000052,2756,1802,954
114000053,65,579,-514
114000054,170,507,-337
114000055,159,22,137
114000056,159,926,-767
114000057,3109,1665,1444
114000058,106,922,-816
114000059,31,351,-320
114000060,452,543,-91
114000061,1868,2404,-536
114000062,593,1410,-817
114000063,996,998,-2
114000064,1768,2719,-951
114000065,866,1534,-668
114000066,438,509,-71
114000067,22,593,-571
114000068,421,608,-187
114000069,719,553,166
114000070,1550,1523,27
114000071,684,446,238
114000072,399,142,257
114000073,21,13,8
114000074,67,10,57
114000075,73,41,32
114000076,20,32,-12
114000077,4,7,-3
114000078,273,245,28
114000079,198,22,176
114000080,43,49,-6
114000081,70,79,-9
114000082,37,242,-205
114000083,66,102,-36
114000084,266,61,205
114000085,68,310,-242
114000086,252,165,87
114000087,113,63,50
114000088,49,24,25
114000089,298,207,91
114000090,677,901,-224
114000091,1095,763,332
114000092,643,385,258
114000093,1130,570,560
114000094,314,284,30
114000095,224,130,94
114000096,101,174,-73
114000097,94,224,-130
114000098,512,97,415
114000099,715,148,567
114000100,1472,344,1128
114000101,366,252,114
114000102,623,242,381
114000103,103,163,-60
114000104,14,100,-86
114000105,133,84,49
114000106,594,1238,-644
114000107,486,85,401
114000108,619,605,14
114000109,573,1299,-726
114000110,477,637,-160
114000111,1829,999,830
114000112,390,980,-590
114000113,1168,570,598
114000114,586,648,-62
114000115,1521,879,642
114000116,852,2263,-1411
114000117,3614,507,3107
114000118,2621,466,2155
114000119,2034,442,1592
114000120,481,492,-11
114000121,466,580,-114
114000122,340,273,67
114000123,2062,350,1712
114000124,855,302,553
114000125,786,770,16
114000126,2030,183,1847
114000127,183,91,92
114000128,707,183,524
114000130,329,363,-34
114000131,288,112,176
114000132,501,370,131
114000133,530,805,-275
114000134,51,24,27
114000138,32,118,-86
114000139,292,325,-33
114000144,589,557,32
114000145,61,63,-2
114000146,88,85,3
114000147,1163,2095,-932
114000148,962,1451,-489
114000149,276,283,-7
114000150,236,544,-308
114000151,416,1338,-922
114000152,123,27,96
114000153,510,1727,-1217
114000154,548,423,125
114000155,1351,2005,-654
114000156,590,510,80
114000157,238,1004,-766
114000158,867,660,207
114000159,130,391,-261
114000160,65,398,-333
114000161,819,2487,-1668
114000162,1038,2186,-1148
114000163,12,25,-13
114000165,466,335,131
114000166,478,422,56
114000167,1730,1258,472
114000168,370,334,36
114000169,942,1382,-440
114000170,899,1183,-284
114000171,1149,4812,-3663
114000174,139,278,-139
114000176,270,406,-136
114000177,829,456,373
114000178,55,22,33
114000179,727,641,86
114000180,203,380,-177
114000181,1391,3515,-2124
114000182,1028,1739,-711
114000183,474,568,-94
114000184,1563,482,1081
114000185,838,572,266
114000189,1118,127,991
114000190,2864,387,2477
114000191,53,130,-77
114000192,73,706,-633
114000193,245,958,-713
114000194,1168,503,665
114000195,224,74,150
114000196,0,54,-54
114000197,1655,11,1644
114000198,502,321,181
114000199,1187,1491,-304
114000200,437,650,-213
114000201,130,433,-303
114000202,836,352,484
114000203,412,330,82
114000204,138,284,-146
114000205,150,779,-629
114000206,532,879,-347
114000207,375,709,-334
114000208,354,1069,-715
114000209,289,928,-639
114000210,166,534,-368
114000211,1011,1016,-5
114000212,628,669,-41
114000213,1207,354,853
114000214,77,77,0
114000215,165,52,113
114000216,1447,260,1187
114000217,357,140,217
114000218,107,115,-8
114000219,1131,123,1008
114000220,27,403,-376
114000221,888,174,714
114000222,101,432,-331
114000223,589,108,481
114000224,57,300,-243
114000225,246,323,-77
114000226,260,173,87
114000227,635,339,296
114000228,720,415,305
114000229,1132,770,362
114000230,1296,580,716
114000231,894,1023,-129
114000232,808,160,648
114000233,2237,96,2141
114000234,841,480,361
114000235,1002,774,228
114000236,0,266,-266
114000237,101,433,-332
114000238,96,189,-93
114000239,85,603,-518
114000240,728,778,-50
114000241,190,557,-367
114000242,599,494,105
114000243,1416,803,613
114000244,544,235,309
114000245,383,620,-237
114000246,91,41,50
114000247,499,334,165
114000248,1197,500,697
114000249,431,272,159
114000250,556,323,233
114000251,368,154,214
114000252,64,18,46
114000253,22,60,-38
114000254,42,25,17
114000255,328,151,177
114000256,385,1683,-1298
114000257,312,639,-327
114000258,525,210,315
114000259,383,199,184
114000260,0,23,-23
114000261,50,39,11
114000262,212,85,127
114000263,8,5,3
114000264,1000,308,692
114000265,0,0,0
114000267,4,1634,-1630
114000268,1,501,-500
114000270,258,7,251
114000271,258,46,212
114000283,1492,274,1218
114000285,10,77,-67
114000288,130,182,-52
114000289,1318,100,1218
114000293,148,379,-231
114000294,158,172,-14
114000395,1420,22,1398
114000396,537,588,-51
114000402,690,165,525
114000403,338,157,181
114000405,161,176,-15
114000423,355,165,190
114000424,494,138,356
114000425,973,162,811
114000426,229,723,-494
114000427,96,44,52
114000428,100,192,-92
114000429,10,99,-89
114000432,88,32,56
114000434,16,40,-24
114000435,14,86,-72
114900001,548,344,204
114900002,625,148,477
114900003,658,483,175
114900004,265,421,-156
114900005,525,317,208
114900006,92,63,29
114900007,362,24,338
114900008,181,121,60
114900010,920,1353,-433
114900011,220,135,85
114900013,243,129,114
114900015,81,493,-412
114900018,815,24,791
114900020,141,60,81
114900022,1,341,-340
114900024,261,98,163
114900025,437,141,296
114900026,73,133,-60
114900027,159,153,6
114900029,23,17,6
114900030,245,150,95
114900031,342,40,302
114900032,377,13,364
114900033,382,883,-501
114900034,26,79,-53
114900035,125,222,-97
114900036,156,219,-63
114900037,78,73,5
114900038,137,253,-116
114900039,435,174,261
114900040,80,45,35
114900041,926,190,736
114900042,1084,265,819
114900043,314,130,184
114900044,129,40,89
114900046,34,35,-1
114900047,158,2161,-2003
114900048,70,156,-86
114900049,12,71,-59
114900050,51,116,-65
114900051,34,123,-89
114900052,86,209,-123
114900053,98,175,-77
114900054,28,44,-16
114900057,194,18,176
114900058,1,30,-29
114900059,69,61,8
114900060,347,582,-235
114900061,119,76,43
114900062,141,196,-55
114900063,54,74,-20
114900064,1711,196,1515
114900065,422,539,-117
114900067,35,249,-214
114900068,33,76,-43
114900069,88,63,25
114900070,492,212,280
114900072,8,170,-162
114900073,0,77,-77
114900074,675,179,496
114900075,347,13,334
114900076,8,211,-203
114900080,995,222,773
114900082,1853,2046,-193
114900083,481,727,-246
114900090,305,183,122
114900091,93,106,-13
114900095,179,51,128
114900096,261,384,-123
114900097,204,2,202
114900098,6,59,-53
114900099,276,13,263
115000001,3107,1633,1474
115000002,3394,4101,-707
115000003,2997,1289,1708
115000004,3853,4945,-1092
115000005,1216,1268,-52
115000006,934,1168,-234
115000007,250,159,91
115000008,349,462,-113
115000009,201,153,48
115000010,183,132,51
115000013,22,178,-156
115000015,37,237,-200
115000016,43,178,-135
115000019,24,385,-361
115000020,129,832,-703
115000021,180,279,-99
115000022,432,267,165
115000023,256,487,-231
115000024,740,265,475
115000025,778,698,80
115000026,194,190,4
115000027,255,282,-27
115000028,108,467,-359
115000029,578,69,509
115000030,478,784,-306
115000031,1010,203,807
115000032,7,203,-196
115000033,152,40,112
115000034,55,808,-753
115000035,791,78,713
115000036,2,247,-245
115000037,520,19,501
115000038,55,141,-86
115000039,2475,2970,-495
115000040,2684,2010,674
115000041,1241,3336,-2095
115000042,515,442,73
115000043,3252,2080,1172
115000044,2712,2157,555
115000045,1769,848,921
115000046,2412,1930,482
115000047,2162,1011,1151
115000048,1441,1105,336
115000049,1015,1883,-868
115000050,2593,1260,1333
115000051,1343,2810,-1467
115000052,969,1035,-66
115000053,1848,1737,111
115000054,403,602,-199
115000055,167,750,-583
115000056,213,524,-311
115000057,524,1069,-545
115000058,339,327,12
115000059,312,123,189
115000061,88,122,-34
115000062,162,243,-81
115000063,303,243,60
115000064,171,70,101
115000065,55,390,-335
115000067,133,15,118
115000069,90,177,-87
115000070,26,656,-630
115000071,67,13,54
115000072,10,41,-31
115000073,1235,46,1189
115000075,79,50,29
115000076,1742,1462,280
115000077,1752,980,772
115000078,1309,599,710
115000079,1136,948,188
115000080,2295,1155,1140
115000081,340,580,-240
115000082,3538,3158,380
115000083,1492,936,556
115000084,2458,941,1517
115000085,811,542,269
115000086,1046,476,570
115000087,402,952,-550
115000088,1587,502,1085
115000089,1026,842,184
115000090,294,604,-310
115000091,222,449,-227
115000092,664,346,318
115000093,433,4,429
115000094,3847,4859,-1012
115000095,2990,5292,-2302
115000096,812,741,71
115000097,1379,813,566
115000098,1299,485,814
115000099,2430,1336,1094
115000100,1150,272,878
115000101,445,741,-296
115000102,513,227,286
115000103,264,384,-120
115000105,65,94,-29
115000106,737,331,406
115000107,173,237,-64
115000108,1700,1500,200
115000109,2656,4431,-1775
115000110,958,1612,-654
115000111,392,816,-424
115000112,758,817,-59
115000113,486,557,-71
115000114,1061,442,619
115000116,2251,1777,474
115000117,1840,2108,-268
115000118,1692,1594,98
115000119,1381,1731,-350
115000120,355,1038,-683
115000121,657,633,24
115000122,866,1146,-280
115000123,543,1670,-1127
115000124,557,803,-246
115000125,294,498,-204
115000126,72,213,-141
115000127,267,75,192
115000128,267,616,-349
115000129,198,394,-196
115000130,405,348,57
115000131,725,189,536
115000132,318,190,128
115000133,586,167,419
115000134,285,223,62
115000135,131,127,4
115000136,224,168,56
115000137,95,124,-29
115000138,403,215,188
115000139,242,154,88
115000140,408,148,260
115000141,198,106,92
115000142,215,117,98
115000143,948,472,476
115000144,407,34,373
115000145,275,147,128
115000146,482,290,192
115000147,229,239,-10
115000148,249,374,-125
115000149,543,210,333
115000150,480,354,126
115000151,1030,330,700
115000152,501,364,137
115000153,993,387,606
115000154,821,166,655
115000155,467,474,-7
115000156,697,572,125
115000157,271,598,-327
115000158,201,275,-74
115000159,396,411,-15
115000160,308,301,7
115000161,110,300,-190
115000162,462,728,-266
115000163,459,591,-132
115000164,484,608,-124
115000165,239,535,-296
115000167,99,62,37
115000168,327,264,63
115000169,293,484,-191
115000170,69,159,-90
115000171,179,232,-53
115000172,655,558,97
115000173,208,581,-373
115000174,65,290,-225
115000175,147,116,31
115000176,106,81,25
115000177,69,150,-81
115000178,15,105,-90
115000179,15,45,-30
115000180,113,283,-170
115000181,641,126,515
115000182,928,186,742
115000183,396,391,5
115000186,515,188,327
115000187,193,410,-217
115000188,396,441,-45
115000189,202,277,-75
115000190,588,343,245
115000191,144,396,-252
115000194,81,117,-36
115000195,164,311,-147
115000196,205,82,123
115000197,144,131,13
115000198,407,119,288
115000199,417,93,324
115000200,317,88,229
115000201,146,198,-52
115000206,339,38,301
115000207,211,179,32
115000208,222,456,-234
115000209,533,226,307
115000210,120,133,-13
115000211,214,226,-12
115000212,767,270,497
115000224,241,72,169
115000225,70,61,9
115000229,137,78,59
115000230,67,427,-360
115000231,230,673,-443
115000232,1677,183,1494
115000233,95,109,-14
115000234,36,217,-181
115000241,115,80,35
115000242,142,138,4
115000243,55,100,-45
115000244,13,106,-93
115000246,70,18,52
115000247,27,14,13
115000248,31,17,14
115000249,11,13,-2
115000250,232,23,209
115000251,239,31,208
115000252,66,118,-52
115000253,14,354,-340
115000258,230,79,151
115000259,229,58,171
115000261,34,13,21
115000262,6,22,-16
115000263,10,36,-26
115000264,15,16,-1
115000267,71,74,-3
115000268,25,74,-49
115000269,84,54,30
115000270,5,13,-8
115000272,63,85,-22
115000273,425,38,387
115000280,1377,196,1181
115000281,238,584,-346
115000282,572,1026,-454
115000284,172,105,67
115000296,1132,14,1118
115000297,71,136,-65
115000298,31,343,-312
115000300,184,83,101
115000302,606,73,533
115000303,754,47,707
115000304,772,54,718
115000305,70,224,-154
115000306,170,124,46
115000307,114,155,-41
115000308,9,12,-3
115000309,9,83,-74
115000310,1183,364,819
115000311,1028,852,176
115000313,92,215,-123
115000314,476,151,325
115000315,623,610,13
115000316,89,103,-14
115000317,158,348,-190
115000318,682,276,406
115000319,33,177,-144
115000320,9,231,-222
115000321,201,14,187
115000322,44,114,-70
115000449,97,105,-8
115000557,5,1242,-1237
115000558,296,63,233
115000587,412,210,202
115000588,1644,1612,32
115000589,2922,1717,1205
115000590,734,1348,-614
115000591,1069,689,380
115000592,364,1332,-968
115000593,1091,641,450
115000594,366,1927,-1561
115000609,152,170,-18
115000617,464,1850,-1386
115000624,304,40,264
115000633,347,1023,-676
115000634,2467,501,1966
115000635,556,119,437
115000638,263,359,-96
115000641,35,134,-99
115000642,244,211,33
115000643,91,260,-169
115000644,130,220,-90
115000646,613,1420,-807
115000647,142,377,-235
115000648,2014,1037,977
115000893,1515,1183,332
115000894,104,650,-546
115000895,185,624,-439
115000896,832,439,393
115000897,401,122,279
115000898,292,223,69
115000899,188,1193,-1005
115000900,39,258,-219
115000901,57,112,-55
115000912,378,88,290
115000913,2,11,-9
115000915,9,1,8
115000916,4,1,3
115000917,0,5,-5
115000918,28,382,-354
115000919,7,15,-8
115000920,11,60,-49
115000921,219,64,155
115000922,386,802,-416
115000923,121,1076,-955
115000925,80,89,-9
115000927,61,68,-7
115000933,92,342,-250
115000934,171,102,69
115000935,134,55,79
115000936,28,605,-577
115000937,540,151,389
115000938,55,262,-207
115000939,57,147,-90
115000940,12,22,-10
115000941,1,28,-27
115000942,8,123,-115
115000943,14,19,-5
115000944,0,7,-7
115900001,136,12,124
115900002,66,74,-8
115900003,221,34,187
115900004,0,15,-15
115900005,260,9,251
115900006,119,116,3
115900008,83,6,77
115900009,56,137,-81
115900010,390,51,339
115900011,355,138,217
115900012,243,30,213
115900013,292,135,157
115900014,121,91,30
115900015,148,26,122
115900016,91,43,48
115900017,13,10,3
115900018,119,29,90
115900019,132,12,120
115900020,114,4,110
115900021,489,193,296
115900022,581,11,570
115900023,4,3,1
115900025,36,198,-162
115900026,535,77,458
115900027,0,95,-95
115900028,265,39,226
115900029,20,176,-156
115900030,27,32,-5
115900031,156,285,-129
115900032,406,456,-50
115900033,0,27,-27
115900034,27,125,-98
115900035,43,35,8
115900036,22,1026,-1004
115900037,33,133,-100
115900038,55,31,24
115900039,157,106,51
115900041,171,662,-491
115900042,50,11,39
115900043,129,50,79
115900044,135,200,-65
115900046,329,139,190
115900047,96,175,-79
115900049,184,175,9
115900051,7,9,-2
115900052,6,95,-89
115900053,296,98,198
115900054,300,12,288
115900055,29,57,-28
115900056,165,94,71
115900057,9,13,-4
115900058,29,43,-14
115900060,67,69,-2
115900061,231,3,228
115900062,38,116,-78
115900063,33,2,31
115900064,124,190,-66
115900065,136,46,90
115900066,95,51,44
115900067,6,155,-149
115900068,1218,994,224
115900069,55,144,-89
115900070,172,47,125
115900071,0,129,-129
115900072,15,61,-46
115900073,114,129,-15
115900074,4,124,-120
115900075,33,129,-96
115900076,3,25,-22
115900077,1,75,-74
115900078,27,104,-77
115900079,263,9,254
115900080,172,125,47
115900081,23,28,-5
115900082,66,93,-27
115900084,456,13,443
115900085,29,43,-14
115900086,740,391,349
115900088,8,48,-40
115900089,379,300,79
115900090,468,7,461
115900091,14,21,-7
115900092,47,45,2
115900093,4,9,-5
115900094,2,75,-73
115900096,10,9,1
115900097,10,124,-114
115900098,261,154,107
115900099,99,49,50
115900100,12,173,-161
115900101,216,110,106
115900102,81,51,30
115900103,317,100,217
115900104,94,49,45
115900105,297,175,122
115900106,112,18,94
115900107,107,43,64
115900108,184,28,156
115900109,46,176,-130
115900110,1,11,-10
115900111,0,62,-62
115900112,51,379,-328
115900113,65,15,50
115900114,3,79,-76
115900115,100,125,-25
115900116,81,388,-307
115900117,70,15,55
115900118,4,110,-106
115900119,97,87,10
115900120,24,135,-111
115900121,213,81,132
115900124,201,660,-459
115900125,315,56,259
115900126,794,88,706
115900127,724,50,674
115900128,3,47,-44
115900129,546,57,489
115900130,15,250,-235
115900131,345,30,315
115900132,711,6,705
115900134,342,26,316
115900135,257,891,-634
115900137,40,9,31
115900139,10,43,-33
115900140,359,52,307
115900141,1,21,-20
115900142,3,17,-14
115900143,209,272,-63
115900144,117,140,-23
115900146,27,28,-1
115900147,177,213,-36
115900148,132,3,129
115900149,101,8,93
115900150,82,25,57
115900151,11,103,-92
115900152,114,172,-58
115900153,138,97,41
115900154,325,301,24
115900155,0,6,-6
115900156,517,742,-225
115900157,198,340,-142
115900158,6,2,4
115900159,204,103,101
115900160,1,12,-11
115900161,46,110,-64
115900163,191,99,92
115900164,562,14,548
115900166,143,97,46
115900168,98,62,36
115900171,79,246,-167
115900172,30,74,-44
115900173,205,53,152
115900174,153,199,-46
115900175,141,168,-27
115900178,2,206,-204
115900179,326,4,322
115900180,25,59,-34
115900181,245,62,183
115900182,488,89,399
115900183,12,43,-31
115900184,507,10,497
115900187,12,169,-157
115900189,0,185,-185
115900190,135,871,-736
115900191,21,88,-67
115900192,11,103,-92
115900193,136,96,40
115900194,671,49,622
115900195,277,2032,-1755
115900198,219,256,-37
115900199,218,93,125
115900200,167,150,17
115900201,224,248,-24
115900202,0,36,-36
115900203,6,18,-12
115900204,0,3,-3
115900205,48,17,31
115900206,195,89,106
115900207,40,6,34
115900208,92,66,26
115900209,8,100,-92
115900210,8,140,-132
115900211,0,78,-78
115900212,168,109,59
115900213,85,111,-26
115900214,650,75,575
115900215,23,177,-154
115900216,5,75,-70
115900217,14,26,-12
115900218,3,12,-9
115900219,145,2,143
115900220,280,9,271
115900221,115,14,101
115900222,70,34,36
115900223,8,393,-385
115900224,415,1303,-888
115900225,39,44,-5
115900226,23,37,-14
115900227,13,32,-19
115900228,5,27,-22
115900229,6,14,-8
115900230,38,80,-42
115900231,90,2,88
115900232,69,3,66
115900233,66,6,60
115900234,44,32,12
115900235,26,56,-30
115900236,56,52,4
115900237,23,21,2
115900238,50,14,36
115900239,7,28,-21
115900240,14,25,-11
115900241,196,53,143
115900242,212,310,-98
115900243,16,6,10
115900244,6,11,-5
115900245,67,7,60
115900246,6,14,-8
115900247,16,6,10
115900248,7,2,5
115900249,6,5,1
115900250,9,5,4
115900251,2,9,-7
115900252,5,3,2
115900253,6,18,-12
115900254,3,29,-26
115900255,2,7,-5
115900256,8,18,-10
115900257,7,9,-2
115900258,2,1,1
115900259,1,2,-1
115900260,4,2,2
115900261,3,1,2
115900262,1,0,1
115900263,9,1,8
115900264,16,1,15
115900265,0,2,-2
115900266,1,11,-10
115900267,7,14,-7
115900268,3,13,-10
115900269,453,144,309
115900270,430,139,291
115900271,173,1,172
115900272,41,10,31
115900273,5,28,-23
115900274,0,2,-2
115900275,0,2,-2
115900276,2,12,-10
115900277,0,29,-29
115900278,30,66,-36
115900279,15,129,-114
115900280,16,507,-491
115900281,146,324,-178
115900282,7,28,-21
115900283,23,9,14
115900284,17,3,14
116000001,4580,2063,2517
116000002,3794,11169,-7375
116000003,952,1053,-101
116000004,2358,4299,-1941
116000005,929,2210,-1281
116000006,1991,2635,-644
116000007,1609,1560,49
116000008,3145,2161,984
116000009,852,995,-143
116000010,2331,1410,921
116000011,579,1014,-435
116000012,1610,945,665
116000013,3750,2800,950
116000014,6207,13029,-6822
116000015,79,1209,-1130
116000016,3437,3570,-133
116000017,17,693,-676
116000018,468,283,185
116000019,765,303,462
116000020,472,908,-436
116000021,588,276,312
116000022,344,210,134
116000023,1097,731,366
116000024,441,666,-225
116000025,765,679,86
116000026,1064,2103,-1039
116000027,456,556,-100
116000028,338,715,-377
116000029,336,426,-90
116000030,449,400,49
116000031,89,168,-79
116000032,212,88,124
116000033,345,337,8
116000034,546,598,-52
116000035,358,398,-40
116000036,643,1726,-1083
116000037,278,341,-63
116000038,204,549,-345
116000039,224,710,-486
116000040,330,634,-304
116000041,94,521,-427
116000042,610,378,232
116000043,123,425,-302
116000044,12,34,-22
116000045,1347,1055,292
116000046,841,1053,-212
116000047,1248,1688,-440
116000048,1544,1189,355
116000049,1228,2444,-1216
116000050,1268,958,310
116000051,4210,2460,1750
116000052,3952,3448,504
116000053,1746,552,1194
116000054,799,1871,-1072
116000055,646,693,-47
116000056,997,766,231
116000057,1771,908,863
116000058,2386,1991,395
116000059,1777,2942,-1165
116000060,1564,918,646
116000061,440,847,-407
116000062,433,188,245
116000063,432,1260,-828
116000066,238,600,-362
116000067,166,322,-156
116000068,125,319,-194
116000069,221,212,9
116000078,444,898,-454
116000080,1470,575,895
116000082,2,22,-20
116000083,1568,371,1197
116000084,1240,1720,-480
116000085,1705,1712,-7
116000086,819,574,245
116000087,2289,1722,567
116000088,665,612,53
116000089,209,68,141
116000090,108,90,18
116000091,270,298,-28
116000093,661,596,65
116000094,592,347,245
116000095,846,589,257
116000096,789,1104,-315
116000097,820,479,341
116000098,51,5545,-5494
116000099,3845,210,3635
116000100,232,13,219
116000101,911,337,574
116000102,238,578,-340
116000103,444,235,209
116000104,206,708,-502
116000105,1177,153,1024
116000106,404,698,-294
116000107,2181,186,1995
116000108,302,222,80
116000111,129,17,112
116000113,148,93,55
116000114,56,72,-16
116000115,336,120,216
116000116,189,204,-15
116000117,1403,1376,27
116000118,1452,806,646
116000119,3481,1431,2050
116000120,2341,1931,410
116000121,828,511,317
116000122,779,653,126
116000123,1215,412,803
116000124,306,463,-157
116000125,2605,623,1982
116000126,214,675,-461
116000127,675,634,41
116000128,1739,744,995
116000129,1255,183,1072
116000130,603,483,120
116000133,1134,604,530
116000134,1358,885,473
116000135,2424,1113,1311
116000136,654,1078,-424
116000137,903,591,312
116000138,822,607,215
116000139,1213,1858,-645
116000140,127,167,-40
116000141,302,284,18
116000142,2280,1457,823
116000143,1662,1264,398
116000144,1395,1197,198
116000145,1658,711,947
116000146,654,64,590
116000147,192,135,57
116000148,714,664,50
116000149,596,651,-55
116000151,382,316,66
116000153,83,232,-149
116000155,145,211,-66
116000156,436,730,-294
116000157,56,20,36
116000158,330,199,131
116000159,13,17,-4
116000160,23,32,-9
116000161,3,40,-37
116000162,45,111,-66
116000163,49,14,35
116000164,8,33,-25
116000177,317,127,190
116000194,74,369,-295
116000195,1092,533,559
116000196,6,4,2
116000197,17,16,1
116000198,1668,718,950
116000200,428,556,-128
116000201,486,459,27
116000202,19,154,-135
116000203,2,65,-63
116000204,12,29,-17
116000205,0,98,-98
116000206,1,132,-131
116000207,6,33,-27
116000233,154,313,-159
116000287,181,138,43
116000288,285,145,140
116000292,48,45,3
116000296,15,86,-71
116000297,129,12,117
116000304,126,21,105
116000305,23,20,3
116000346,156,59,97
116000352,135,54,81
116000354,26,7,19
116000357,31,38,-7
116000358,468,71,397
116000361,69,6,63
116000372,2331,4768,-2437
116000381,89,1,88
116000388,3,33,-30
116000389,660,425,235
116000445,516,238,278
116000446,547,206,341
116000447,19,410,-391
116000448,504,114,390
116000563,574,643,-69
116000565,31,188,-157
116000568,70,339,-269
116000579,12,68,-56
116000584,31,5,26
116000585,27,12,15
116000586,64,58,6
116000587,274,331,-57
116000589,48,52,-4
116000590,79,68,11
116000591,232,104,128
116000592,9,40,-31
116000593,0,11,-11
116000594,688,156,532
116000595,606,46,560
116000596,102,4,98
116000597,482,148,334
116000598,32,79,-47
116000602,17,180,-163
116000605,115,91,24
116000606,81,241,-160
116000607,2,50,-48
116000609,100,828,-728
116000611,189,209,-20
116000612,907,1651,-744
116000613,748,253,495
116000614,334,255,79
116000615,1,294,-293
116000616,54,51,3
116000617,78,12,66
116000618,4,41,-37
116000619,46,88,-42
116000620,177,92,85
116000621,70,59,11
116000622,62,87,-25
116000624,174,80,94
116000627,99,7,92
116000628,61,131,-70
116000629,30,142,-112
116000630,492,18,474
116000631,249,28,221
116000632,1001,31,970
116000633,120,100,20
116000634,424,46,378
116000635,1474,1992,-518
116000636,352,1062,-710
116000637,476,30,446
116000638,97,131,-34
116000640,5,9,-4
116000641,9,31,-22
116000644,26,122,-96
116900001,179,151,28
116900002,236,3,233
116900003,57,11,46
116900004,45,74,-29
116900005,266,23,243
116900006,71,97,-26
116900007,108,193,-85
116900008,478,114,364
116900009,11,8,3
116900010,0,409,-409
116900011,19,34,-15
116900012,198,191,7
116900013,3,58,-55
116900014,152,55,97
116900015,404,22,382
116900016,198,1,197
116900017,3,325,-322
116900018,83,48,35
116900019,2,106,-104
116900020,350,1134,-784
116900023,84,12,72
116900024,640,43,597
116900025,1126,391,735
116900026,76,350,-274
116900027,32,26,6
116900028,1,42,-41
116900029,1,73,-72
116900031,0,0,0
116900032,2,203,-201
116900033,21,7,14
116900034,6,30,-24
116900035,107,96,11
116900036,5,54,-49
116900038,14,2,12
116900041,43,10,33
116900042,229,130,99
116900043,16,78,-62
116900047,9,124,-115
116900049,18,171,-153
116900050,65,207,-142
116900051,164,55,109
116900052,87,55,32
116900055,0,10,-10
116900057,8,96,-88
116900058,15,230,-215
116900059,0,50,-50
116900060,121,110,11
116900062,2,23,-21
116900064,90,171,-81
116900065,18,67,-49
116900067,111,40,71
116900068,96,120,-24
116900070,0,6,-6
116900072,17,131,-114
116900073,14,56,-42
116900074,5,30,-25
116900076,11,49,-38
116900077,10,33,-23
116900078,130,48,82
116900079,46,106,-60
116900080,11,19,-8
116900081,236,682,-446
116900082,328,654,-326
116900083,21,27,-6
116900084,59,38,21
116900085,18,95,-77
116900086,34,133,-99
116900088,275,81,194
116900090,44,8,36
116900091,274,28,246
116900092,77,326,-249
116900093,2130,1316,814
116900094,2258,3663,-1405
116900095,159,194,-35
116900096,64,410,-346
116900097,1355,2548,-1193
116900098,513,398,115
116900099,280,573,-293
116900100,816,66,750
116900101,167,340,-173
116900103,7,0,7
116900104,43,92,-49
116900105,230,149,81
116900106,2087,136,1951
116900107,1295,2011,-716
116900110,33,4,29
116900111,643,205,438
116900112,262,365,-103
116900113,769,1688,-919
116900116,57,541,-484
116900117,76,67,9
116900118,697,733,-36
116900120,412,62,350
116900121,88,17,71
116900122,992,247,745
116900123,220,251,-31
116900124,134,573,-439
116900125,409,90,319
116900126,53,383,-330
116900128,0,58,-58
116900129,1,153,-152
116900130,533,3078,-2545
116900131,72,273,-201
116900132,62,117,-55
116900133,126,71,55
116900134,221,118,103
116900136,81,151,-70
116900137,195,128,67
116900138,120,127,-7
116900139,99,309,-210
116900140,151,81,70
116900141,529,211,318
116900142,5,81,-76
116900143,277,166,111
116900144,28,72,-44
116900145,48,145,-97
116900147,247,1263,-1016
116900148,4,31,-27
116900149,36,212,-176
116900150,7,19,-12
116900151,69,34,35
116900153,122,60,62
116900154,174,394,-220
116900155,59,73,-14
116900157,531,127,404
116900158,82,263,-181
116900159,30,300,-270
116900160,680,995,-315
116900161,3088,6123,-3035
116900162,11,63,-52
116900163,184,49,135
116900164,63,55,8
116900165,359,397,-38
116900166,59,26,33
116900167,368,48,320
116900168,367,36,331
116900169,282,844,-562
116900170,302,465,-163
116900171,35,93,-58
116900172,113,459,-346
116900173,187,29,158
116900174,56,65,-9
116900175,166,263,-97
116900178,23,61,-38
116900179,56,393,-337
116900180,69,20,49
116900182,612,156,456
116900183,164,73,91
116900185,32,60,-28
116900186,64,85,-21
116900187,28,59,-31
116900188,107,27,80
116900189,50,0,50
116900191,262,366,-104
116900192,254,83,171
116900194,106,1447,-1341
116900195,42,31,11
116900196,5,35,-30
116900197,133,17,116
116900198,79,229,-150
116900200,67,10,57
116900201,112,5,107
116900202,55,20,35
116900203,152,8,144
116900204,49,84,-35
116900206,14,2,12
116900207,31,17,14
116900208,8,39,-31
116900209,24,31,-7
116900210,486,266,220
116900211,209,0,209
116900212,84,20,64
116900213,186,77,109
116900214,198,112,86
116900215,54,50,4
116900216,249,132,117
116900218,5,122,-117
116900219,691,189,502
116900220,113,240,-127
116900221,79,194,-115
116900222,371,307,64
116900223,99,201,-102
116900226,79,34,45
116900227,160,49,111
116900228,266,122,144
116900230,57,100,-43
116900231,25,159,-134
116900232,17,182,-165
116900233,245,99,146
116900234,15,10,5
116900235,129,161,-32
116900238,969,213,756
116900239,1,847,-846
116900240,2746,2174,572
116900241,83,45,38
116900242,335,680,-345
116900243,0,9,-9
116900245,51,47,4
116900246,113,13,100
116900247,747,32,715
116900248,89,29,60
116900249,481,61,420
116900250,423,29,394
116900251,301,567,-266
116900252,127,437,-310
116900253,117,41,76
116900254,39,56,-17
116900255,67,75,-8
116900256,373,100,273
116900257,24,212,-188
116900258,6,98,-92
116900259,228,6,222
116900260,5,46,-41
116900261,74,2,72
116900262,138,127,11
116900263,1,23,-22
116900264,59,44,15
116900265,43,1,42
116900266,38,17,21
116900267,2,2,0
116900268,149,105,44
116900269,238,548,-310
116900271,546,302,244
116900272,223,177,46
116900273,40,204,-164
116900274,135,28,107
116900275,189,49,140
116900276,334,178,156
116900277,256,33,223
116900278,2,9,-7
116900279,0,18,-18
116900280,39,28,11
116900281,2636,4045,-1409
116900282,4,21,-17
116900283,17,31,-14
116900284,7,125,-118
116900285,136,184,-48
116900286,99,18,81
116900287,0,13,-13
116900288,81,47,34
116900289,16,10,6
116900290,12,5,7
116900291,16,13,3
116900292,0,20,-20
116900293,67,20,47
116900294,8,87,-79
116900295,73,164,-91
116900296,41,144,-103
116900297,6,92,-86
116900298,58,193,-135
116900299,11,154,-143
116900300,8,237,-229
116900301,26,419,-393
116900302,23,101,-78
116900303,80,81,-1
116900304,0,201,-201
116900305,17,28,-11
116900306,206,33,173
116900307,48,0,48
116900308,1,39,-38
116900309,93,52,41
117000001,2131,1642,489
117000002,1424,2640,-1216
117000003,4892,2684,2208
117000004,1943,3101,-1158
117000005,2406,1731,675
117000006,823,1719,-896
117000007,4333,1064,3269
117000008,798,1822,-1024
117000009,3914,1450,2464
117000010,1431,2048,-617
117000011,2261,1379,882
117000012,1084,813,271
117000013,1736,751,985
117000014,999,1757,-758
117000015,2132,1127,1005
117000016,150,280,-130
117000017,102,201,-99
117000018,123,656,-533
117000019,32,73,-41
117000020,320,1396,-1076
117000021,815,684,131
117000022,206,250,-44
117000023,46,453,-407
117000024,112,348,-236
117000025,227,1481,-1254
117000026,1239,1784,-545
117000027,846,2952,-2106
117000028,663,2002,-1339
117000030,204,320,-116
117000031,332,272,60
117000032,992,979,13
117000033,1090,533,557
117000034,280,172,108
117000035,310,281,29
117000036,377,252,125
117000037,269,155,114
117000038,160,339,-179
117000039,316,225,91
117000040,268,408,-140
117000041,1089,100,989
117000044,7,455,-448
117000045,547,109,438
117000046,285,532,-247
117000047,756,681,75
117000048,1203,511,692
117000049,61,336,-275
117000050,128,794,-666
117000051,2241,53,2188
117000052,24,136,-112
117000053,528,25,503
117000054,1503,10,1493
117000055,3,1217,-1214
117000056,560,22,538
117000057,385,1263,-878
117000060,402,775,-373
117000061,1958,914,1044
117000062,186,508,-322
117000063,1563,917,646
117000064,346,395,-49
117000066,374,449,-75
117000067,72,537,-465
117000074,58,145,-87
117000076,22,49,-27
117000077,91,112,-21
117000078,130,434,-304
117000079,364,216,148
117000080,4,259,-255
117000081,880,132,748
117000082,14,67,-53
117000083,151,4,147
117000084,132,0,132
117000085,353,599,-246
117000086,623,257,366
117000087,85,401,-316
117000088,334,114,220
117000089,1625,179,1446
117000090,300,648,-348
117000091,808,241,567
117000092,329,706,-377
117000093,1437,614,823
117000094,945,1290,-345
117000095,3022,648,2374
117000096,623,1214,-591
117000097,1559,750,809
117000098,1416,2115,-699
117000099,3784,935,2849
117000100,155,237,-82
117000101,116,560,-444
117000102,2006,606,1400
117000103,431,877,-446
117000104,1576,616,960
117000105,509,790,-281
117000106,1449,528,921
117000107,362,998,-636
117000108,2015,771,1244
117000109,727,1275,-548
117000110,1419,1151,268
117000111,3090,2978,112
117000112,3317,1148,2169
117000113,105,105,0
117000114,201,130,71
117000115,108,44,64
117000116,136,144,-8
117000117,951,860,91
117000118,223,120,103
117000119,87,303,-216
117000120,80,768,-688
117000121,18,739,-721
117000122,380,915,-535
117000123,1389,25,1364
117000124,91,153,-62
117000125,95,500,-405
117000126,57,33,24
117000127,97,277,-180
117000128,107,711,-604
117000129,203,879,-676
117000130,99,2,97
117000131,0,80,-80
117000132,2932,15,2917
117000133,2052,65,1987
117000134,0,80,-80
117000135,4,122,-118
117000136,0,27,-27
117000137,133,125,8
117000138,0,572,-572
117000140,298,765,-467
117000141,1773,393,1380
117000181,231,229,2
117000182,977,634,343
117000195,114,506,-392
117000196,293,151,142
117000225,52,109,-57
117000226,2,194,-192
117000276,347,30,317
117000277,0,141,-141
117000310,1017,1554,-537
117000315,140,474,-334
117000320,59,0,59
117000906,464,22,442
117000907,23,110,-87
117000909,37,39,-2
117000910,221,137,84
117000911,44,120,-76
117000915,8,239,-231
117000916,34,5,29
117000917,1300,36,1264
117000918,42,52,-10
117000919,15,19,-4
117000920,0,600,-600
117000921,2,421,-419
117000922,24,40,-16
117000924,528,603,-75
117000926,413,193,220
117000927,271,724,-453
117000928,0,56,-56
117000929,269,112,157
117000930,277,17,260
117000931,59,73,-14
117900002,67,403,-336
117900003,218,283,-65
117900005,17,163,-146
117900006,0,56,-56
117900007,105,36,69
117900008,0,19,-19
117900010,255,60,195
117900011,38,342,-304
117900012,50,55,-5
117900013,0,133,-133
117900014,505,116,389
117900015,12,62,-50
117900016,726,750,-24
117900017,508,278,230
117900018,183,330,-147
117900019,526,152,374
117900020,33,402,-369
117900021,24,53,-29
117900022,49,4,45
117900023,1262,67,1195
117900024,45,62,-17
117900025,35,6,29
117900026,404,116,288
117900028,40,10,30
117900029,195,240,-45
117900030,486,224,262
117900031,124,232,-108
117900032,821,529,292
117900033,300,272,28
117900034,38,21,17
117900035,225,100,125
117900036,188,165,23
117900037,195,52,143
117900038,26,99,-73
117900039,0,17,-17
117900040,143,192,-49
117900041,0,15,-15
117900042,1882,221,1661
117900043,11,19,-8
117900044,43,2770,-2727
117900045,153,96,57
117900048,347,128,219
117900049,217,225,-8
117900050,3,272,-269
117900051,13,6,7
117900052,55,342,-287
117900053,1590,241,1349
117900054,0,15,-15
117900055,777,170,607
117900056,32,75,-43
117900057,519,768,-249
117900058,32,46,-14
117900059,91,82,9
117900060,2333,1961,372
117900061,20,258,-238
117900063,370,94,276
117900065,405,678,-273
117900066,5,87,-82
117900067,617,106,511
117900069,669,132,537
117900070,68,133,-65
117900071,110,82,28
117900073,544,149,395
117900074,71,264,-193
117900075,48,36,12
117900076,50,54,-4
117900077,354,130,224
117900078,254,603,-349
117900080,146,24,122
117900081,209,262,-53
117900082,424,332,92
117900083,407,202,205
117900086,159,33,126
117900087,104,19,85
117900088,1323,1068,255
117900089,1888,583,1305
117900090,472,205,267
117900091,70,64,6
117900092,98,33,65
117900093,152,20,132
117900094,28,36,-8
117900095,334,343,-9
117900096,102,212,-110
117900097,263,66,197
117900098,32,16,16
117900099,176,202,-26
117900100,266,2,264
117900101,502,1622,-1120
117900102,82,29,53
117900103,61,2,59
117900104,8,326,-318
117900105,87,140,-53
117900106,105,44,61
117900107,30,0,30
117900109,727,275,452
117900110,106,0,106
117900111,376,23,353
117900112,37,10,27
117900113,1061,1248,-187
117900114,41,0,41
117900115,58,136,-78
117900116,508,549,-41
117900117,563,162,401
117900118,113,0,113
117900119,224,52,172
117900120,350,38,312
117900121,73,46,27
117900122,901,3210,-2309
117900123,558,287,271
117900124,429,387,42
117900125,999,1432,-433
117900126,98,297,-199
117900127,465,207,258
117900128,379,257,122
117900129,106,5,101
117900130,624,260,364
117900131,2,106,-104
117900132,26,76,-50
117900133,18,43,-25
117900134,27,154,-127
117900135,21,80,-59
117900136,0,17,-17
117900137,27,123,-96
117900138,0,18,-18
117900139,103,70,33
117900140,2449,405,2044
117900141,155,115,40
117900142,28,111,-83
117900144,27,682,-655
117900145,25,118,-93
117900146,111,209,-98
117900147,92,49,43
117900148,1786,1715,71
117900149,109,90,19
117900150,28,29,-1
117900151,26,50,-24
117900152,65,87,-22
117900153,21,81,-60
117900154,338,430,-92
117900156,507,482,25
117900157,62,450,-388
117900158,197,138,59
117900160,715,672,43
117900161,1130,1003,127
117900162,450,272,178
117900163,17,286,-269
117900165,0,5,-5
117900166,76,408,-332
117900168,60,134,-74
117900169,0,60,-60
117900170,1,26,-25
117900171,3,20,-17
117900172,17,16,1
117900173,96,78,18
117900174,15,34,-19
117900175,1,17,-16
117900176,5,19,-14
117900177,23,14,9
117900178,60,37,23
117900180,176,21,155
117900181,27,374,-347
117900182,2,30,-28
117900183,85,141,-56
117900184,10,61,-51
117900185,47,51,-4
117900186,35,12,23
117900187,43,4,39
117900188,153,54,99
117900189,63,37,26
117900190,22,1,21
117900191,103,0,103
117900192,229,1,228
117900193,9,24,-15
117900194,10,12,-2
117900195,12,54,-42
117900196,23,36,-13
117900207,109,109,0
117900208,21,14,7
117900209,154,92,62
117900210,104,138,-34
117900211,4,85,-81
117900212,92,114,-22
117900213,39,11,28
117900214,7,20,-13
117900215,34,41,-7
117900216,33,25,8
117900217,20,252,-232
117900218,81,76,5
117900219,4,104,-100
117900220,53,203,-150
117900222,173,147,26
117900223,105,230,-125
118000001,509,1335,-826
118000002,321,1143,-822
118000003,1789,3296,-1507
118000004,1389,1992,-603
118000005,2143,3885,-1742
118000006,1926,5380,-3454
118000007,2970,3980,-1010
118000008,1078,2504,-1426
118000009,1104,2289,-1185
118000010,4575,2820,1755
118000011,1281,1336,-55
118000012,730,1132,-402
118000013,1562,1407,155
118000014,1470,1069,401
118000016,196,150,46
118000017,537,263,274
118000018,287,245,42
118000019,1265,1536,-271
118000020,664,2620,-1956
118000021,517,2684,-2167
118000022,899,746,153
118000023,415,165,250
118000024,560,1306,-746
118000027,6490,8763,-2273
118000029,340,580,-240
118000032,303,2575,-2272
118000033,2120,5328,-3208
118000034,2811,2345,466
118000035,1748,2644,-896
118000036,595,1017,-422
118000037,607,816,-209
118000038,229,49,180
118000039,67,75,-8
118000040,1301,983,318
118000041,2153,1047,1106
118000045,204,225,-21
118000046,672,861,-189
118000047,392,1195,-803
118000048,1067,1832,-765
118000051,1205,3834,-2629
118000052,781,1872,-1091
118000053,192,255,-63
118000054,1371,572,799
118000055,1430,1133,297
118000056,116,442,-326
118000057,124,307,-183
118000058,1563,2709,-1146
118000059,1210,1788,-578
118000060,861,428,433
118000061,894,911,-17
118000062,423,283,140
118000063,317,791,-474
118000064,535,1149,-614
118000065,1529,1195,334
118000066,995,2146,-1151
118000067,339,445,-106
118000068,780,5050,-4270
118000069,1091,788,303
118000070,3026,1263,1763
118000071,2027,5546,-3519
118000072,666,1457,-791
118000073,510,702,-192
118000074,377,318,59
118000075,369,168,201
118000076,1091,2925,-1834
118000077,856,1083,-227
118000078,1304,2093,-789
118000079,135,387,-252
118000080,548,728,-180
118000081,1410,1390,20
118000082,290,1033,-743
118000083,1039,1499,-460
118000084,2046,1627,419
118000086,199,458,-259
118000087,2548,1790,758
118000088,1096,1243,-147
118000089,2813,1901,912
118000090,689,2190,-1501
118000091,762,2492,-1730
118000092,664,467,197
118000093,63,538,-475
118000096,414,449,-35
118000097,539,619,-80
118000098,260,143,117
118000099,752,406,346
118000101,1180,294,886
118000102,443,570,-127
118000107,1125,333,792
118000108,451,2270,-1819
118000110,1,35,-34
118000111,2,105,-103
118000112,529,5,524
118000113,4,188,-184
118000114,415,12,403
118000115,2,12,-10
118000116,12,1,11
118000117,606,585,21
118000118,719,1278,-559
118000119,723,1078,-355
118000120,1109,762,347
118000121,52,640,-588
118000122,786,316,470
118000123,67,230,-163
118000125,924,676,248
118000126,491,1319,-828
118000127,1130,669,461
118000128,316,970,-654
118000129,873,364,509
118000130,1339,1931,-592
118000131,215,339,-124
118000132,2388,1736,652
118000133,971,370,601
118000135,435,539,-104
118000136,179,349,-170
118000137,393,102,291
118000138,373,311,62
118000139,339,81,258
118000140,2168,4501,-2333
118000141,2084,1356,728
118000142,1771,1078,693
118000143,2295,1049,1246
118000144,751,455,296
118000145,1201,944,257
118000146,1008,345,663
118000147,874,798,76
118000148,435,721,-286
118000149,838,741,97
118000150,446,189,257
118000151,508,214,294
118000153,1379,729,650
118000154,1240,1139,101
118000155,1592,988,604
118000156,1619,2106,-487
118000157,462,280,182
118000158,168,339,-171
118000159,19,66,-47
118000160,593,204,389
118000161,533,301,232
118000162,1358,718,640
118000163,838,655,183
118000164,1361,1120,241
118000168,526,647,-121
118000169,699,660,39
118000170,2147,2139,8
118000171,329,278,51
118000172,65,146,-81
118000173,807,1169,-362
118000175,215,343,-128
118000176,239,437,-198
118000177,194,565,-371
118000178,33,30,3
118000179,561,936,-375
118000180,496,535,-39
118000181,528,159,369
118000182,152,152,0
118000183,226,248,-22
118000184,981,473,508
118000185,585,1103,-518
118000186,627,869,-242
118000187,1300,325,975
118000188,496,77,419
118000189,601,237,364
118000190,6,7,-1
118000191,26,16,10
118000192,7,65,-58
118000193,13,135,-122
118000194,841,546,295
118000195,200,1285,-1085
118000196,89,206,-117
118000197,63,131,-68
118000198,259,697,-438
118000199,215,358,-143
118000200,90,375,-285
118000201,217,507,-290
118000202,36,94,-58
118000203,233,618,-385
118000204,65,354,-289
118000205,80,266,-186
118000206,156,164,-8
118000207,0,30,-30
118000208,895,1068,-173
118000209,1668,811,857
118000210,125,22,103
118000211,21,25,-4
118000213,500,2917,-2417
118000214,266,513,-247
118000215,287,73,214
118000216,2830,992,1838
118000217,23,47,-24
118000218,107,59,48
118000219,274,190,84
118000220,4,29,-25
118000221,331,339,-8
118000222,52,1,51
118000223,33,30,3
118000224,105,63,42
118000225,66,471,-405
118000226,678,144,534
118000227,481,283,198
118000228,54,181,-127
118000229,47,152,-105
118000230,90,112,-22
118000231,48,121,-73
118000232,713,339,374
118000233,1042,485,557
118000234,479,87,392
118000236,266,164,102
118000237,84,183,-99
118000238,208,90,118
118000239,285,182,103
118000240,137,101,36
118000241,167,80,87
118000242,308,213,95
118000243,205,136,69
118000244,46,46,0
118000246,1,48,-47
118000255,60,256,-196
118000256,161,188,-27
118000259,4,35,-31
118000260,156,67,89
118000261,44,23,21
118000263,78,106,-28
118000266,123,126,-3
118000267,1,142,-141
118000268,183,0,183
118000270,80,9,71
118000271,120,153,-33
118000272,110,25,85
118000273,194,36,158
118000274,105,155,-50
118000276,485,229,256
118000295,12,97,-85
118000298,92,148,-56
118000299,45,69,-24
118000301,1,81,-80
118000302,91,44,47
118000311,762,45,717
118000312,264,117,147
118000313,30,28,2
118000314,94,27,67
118000315,26,9,17
118000316,550,347,203
118000325,47,26,21
118000326,31,31,0
118000331,20,11,9
118000332,8,19,-11
118000333,12,33,-21
118000335,347,1,346
118000336,0,103,-103
118000407,257,48,209
118000457,8,36,-28
118000465,849,2902,-2053
118000480,50,30,20
118000489,9,396,-387
118000490,5,115,-110
118000492,280,154,126
118000510,32,19,13
118000514,80,303,-223
118000515,444,629,-185
118000517,233,147,86
118000524,112,246,-134
118000525,379,508,-129
118000530,32,54,-22
118000531,336,198,138
118000532,227,188,39
118000533,205,57,148
118000534,463,279,184
118000535,305,131,174
118000536,81,598,-517
118000537,13,95,-82
118000538,7,67,-60
118000539,8,84,-76
118000540,158,86,72
118000541,116,44,72
118000542,90,119,-29
118000543,116,177,-61
118000546,35,32,3
118000553,0,0,0
118000560,918,1911,-993
118000562,22,60,-38
118000563,957,790,167
118000576,145,99,46
118000577,163,132,31
118000578,119,105,14
118000579,460,884,-424
118000583,0,0,0
118000595,171,77,94
118000596,0,204,-204
118000597,138,101,37
118000598,2,0,2
118000599,56,40,16
118000600,1,4,-3
118000601,3,0,3
118000602,0,2,-2
118000603,0,13,-13
118000605,22,70,-48
118900001,236,1129,-893
118900002,578,654,-76
118900003,438,14,424
118900004,49,24,25
118900005,70,5,65
118900006,128,19,109
118900007,10,0,10
118900008,745,49,696
118900009,59,64,-5
118900010,72,7,65
118900011,159,33,126
118900012,303,123,180
118900013,605,223,382
118900015,185,40,145
118900016,8,10,-2
118900017,137,246,-109
118900018,899,33,866
118900019,8,14,-6
118900020,83,157,-74
118900021,106,210,-104
118900022,154,47,107
118900023,90,52,38
118900024,87,109,-22
118900025,30,12,18
118900026,58,34,24
118900027,324,127,197
118900028,112,90,22
118900029,304,476,-172
118900030,433,49,384
118900031,131,69,62
118900032,214,124,90
118900033,225,572,-347
118900034,147,26,121
118900035,105,105,0
118900036,1049,487,562
118900037,199,405,-206
118900038,382,61,321
118900039,446,91,355
118900040,231,159,72
118900041,455,121,334
118900042,147,65,82
118900045,235,115,120
118900046,482,394,88
118900047,351,227,124
118900048,80,346,-266
118900049,44,35,9
118900050,45,12,33
118900051,41,92,-51
118900052,197,271,-74
118900053,11,69,-58
118900054,103,31,72
118900055,127,30,97
118900056,43,240,-197
118900057,666,397,269
118900058,378,319,59
118900059,8,48,-40
118900060,58,54,4
118900062,551,129,422
118900064,171,535,-364
118900065,71,98,-27
118900066,65,60,5
118900067,2140,2978,-838
118900068,14,147,-133
118900069,390,133,257
118900071,3,35,-32
118900072,387,227,160
118900073,132,91,41
118900074,138,60,78
118900075,42,25,17
118900076,183,132,51
118900077,264,132,132
118900078,9,0,9
118900079,43,83,-40
118900080,28,88,-60
118900081,51,27,24
118900082,956,107,849
118900083,10,5,5
118900084,15,7,8
118900085,407,392,15
118900086,22,114,-92
118900087,24,205,-181
118900088,0,6,-6
118900089,17,28,-11
118900090,356,182,174
118900091,142,189,-47
118900092,164,48,116
118900093,84,29,55
118900096,46,84,-38
118900097,239,318,-79
118900099,82,159,-77
118900100,80,136,-56
118900101,113,183,-70
118900102,34,45,-11
118900103,44,122,-78
118900104,216,97,119
118900105,159,56,103
118900107,80,46,34
118900108,102,80,22
118900110,851,735,116
118900111,558,270,288
118900112,79,133,-54
118900113,63,187,-124
118900114,29,48,-19
118900115,82,311,-229
118900116,108,141,-33
118900117,121,117,4
118900118,249,214,35
118900119,82,126,-44
118900120,74,234,-160
118900121,14,68,-54
118900122,7,626,-619
118900123,122,137,-15
118900124,84,98,-14
118900126,22,273,-251
118900129,197,151,46
118900130,51,188,-137
118900131,176,131,45
118900132,217,173,44
118900133,5,90,-85
118900135,122,153,-31
118900136,146,289,-143
118900137,9,40,-31
118900139,205,91,114
118900140,375,345,30
118900141,83,49,34
118900144,107,227,-120
118900145,13,67,-54
118900146,302,444,-142
118900147,79,199,-120
118900148,84,44,40
118900150,97,398,-301
118900152,433,412,21
118900157,45,111,-66
118900158,114,39,75
118900159,2,81,-79
118900161,44,6,38
118900163,55,31,24
118900164,0,49,-49
118900165,62,50,12
118900166,47,3,44
118900167,67,61,6
118900168,15,171,-156
118900169,144,118,26
118900170,172,35,137
118900171,18,54,-36
118900174,63,45,18
118900175,397,287,110
118900176,150,195,-45
118900177,78,40,38
118900178,52,84,-32
118900179,14,29,-15
118900181,118,66,52
118900182,51,58,-7
118900183,25,97,-72
118900184,192,73,119
118900185,85,42,43
118900186,75,67,8
118900187,200,204,-4
118900188,204,155,49
118900189,44,571,-527
118900190,16,146,-130
118900191,179,45,134
118900192,223,7,216
118900193,618,7,611
118900195,174,282,-108
118900196,32,95,-63
118900197,196,20,176
118900198,43,6,37
118900199,96,11,85
118900200,21,31,-10
118900201,28,46,-18
118900202,17,41,-24
118900203,16,6,10
118900204,21,14,7
118900205,2,5,-3
118900206,10,9,1
119000001,1101,1951,-850
119000002,3299,4267,-968
119000003,2614,683,1931
119000004,1862,1187,675
119000005,1654,1827,-173
119000006,2864,1365,1499
119000007,2939,2634,305
119000008,1600,1120,480
119000009,2375,4415,-2040
119000010,3391,3201,190
119000011,1948,2222,-274
119000012,1154,2382,-1228
119000013,2255,1440,815
119000014,1054,1651,-597
119000019,172,96,76
119000020,2269,1294,975
119000021,4297,2524,1773
119000022,1253,2537,-1284
119000023,262,196,66
119000024,1173,11158,-9985
119000025,2706,729,1977
119000026,71,442,-371
119000027,126,254,-128
119000028,1246,391,855
119000029,73,247,-174
119000030,457,606,-149
119000031,626,366,260
119000032,1461,1567,-106
119000033,1750,899,851
119000034,839,461,378
119000035,43,229,-186
119000036,1938,548,1390
119000037,1173,724,449
119000038,165,360,-195
119000039,433,212,221
119000040,587,505,82
119000041,483,952,-469
119000048,1859,1354,505
119000049,1868,1120,748
119000050,1137,1130,7
119000051,1635,927,708
119000052,1523,1734,-211
119000053,1385,867,518
119000054,2977,1540,1437
119000055,4645,1811,2834
119000056,2599,1436,1163
119000057,1342,1019,323
119000058,1526,912,614
119000059,900,887,13
119000060,1397,746,651
119000061,949,483,466
119000062,972,866,106
119000063,566,300,266
119000064,622,746,-124
119000065,1443,2264,-821
119000066,1621,949,672
119000067,1563,1124,439
119000068,1434,650,784
119000069,1467,1321,146
119000070,2351,561,1790
119000071,304,443,-139
119000072,3143,1841,1302
119000073,2820,5697,-2877
119000074,1330,1269,61
119000075,2750,1347,1403
119000076,185,896,-711
119000077,443,528,-85
119000078,367,145,222
119000079,119,438,-319
119000080,538,122,416
119000081,244,255,-11
119000082,754,161,593
119000083,591,324,267
119000084,219,296,-77
119000085,394,132,262
119000086,244,420,-176
119000087,787,396,391
119000088,301,146,155
119000089,52,196,-144
119000090,66,70,-4
119000091,74,244,-170
119000092,230,106,124
119000093,2670,1695,975
119000094,3030,3464,-434
119000095,1865,2163,-298
119000097,1308,832,476
119000098,1055,2611,-1556
119000099,1853,857,996
119000100,3628,2745,883
119000101,2820,1177,1643
119000102,542,1178,-636
119000103,991,540,451
119000104,1181,689,492
119000105,724,2098,-1374
119000106,301,568,-267
119000107,987,418,569
119000108,357,420,-63
119000109,120,538,-418
119000110,224,429,-205
119000111,21,654,-633
119000112,110,78,32
119000113,982,283,699
119000114,1269,860,409
119000115,114,126,-12
119000116,61,85,-24
119000117,138,305,-167
119000118,1,0,1
119000123,2904,2197,707
119000124,612,122,490
119000125,3992,444,3548
119000126,1430,428,1002
119000127,723,277,446
119000128,5,2,3
119000131,1009,276,733
119000132,0,3,-3
119000133,0,2,-2
119000134,978,367,611
119000135,143,148,-5
119000136,308,57,251
119000137,241,139,102
119000138,630,103,527
119000139,246,88,158
119000140,301,282,19
119000284,894,1664,-770
119000285,1433,1193,240
119000286,3205,2844,361
119000287,1040,1093,-53
119000288,1535,677,858
119000289,951,1442,-491
119000290,173,199,-26
119000291,18,118,-100
119000293,107,117,-10
119000294,46,39,7
119000295,854,216,638
119000296,243,143,100
119000302,1051,820,231
119000303,38,147,-109
119000310,0,0,0
119000314,1000,9665,-8665
119000315,2,134,-132
119000316,178,75,103
119000317,132,95,37
119900001,152,1218,-1066
119900002,167,170,-3
119900003,22,415,-393
119900004,185,1561,-1376
119900005,197,56,141
119900006,167,333,-166
119900007,751,245,506
119900008,58,49,9
119900009,468,421,47
119900010,510,667,-157
119900011,20,183,-163
119900012,15,93,-78
119900013,1786,1371,415
119900014,313,155,158
119900015,196,29,167
119900016,42,37,5
119900017,41,41,0
119900018,989,963,26
119900019,40,11,29
119900020,168,162,6
119900021,166,45,121
119900022,83,932,-849
119900023,288,1885,-1597
119900025,326,12,314
119900026,417,140,277
119900027,23,12,11
119900028,185,138,47
119900029,4,6,-2
119900030,514,328,186
119900031,69,478,-409
119900033,1374,371,1003
119900034,516,44,472
119900037,214,9,205
119900038,42,380,-338
119900039,47,8,39
119900040,65,18,47
119900041,214,14,200
119900042,112,72,40
119900043,78,96,-18
119900044,152,887,-735
119900046,200,14,186
119900047,372,98,274
119900048,28,14,14
119900049,155,5,150
119900050,85,169,-84
119900051,683,10,673
119900052,71,11,60
119900053,321,84,237
119900054,198,7,191
119900055,1275,420,855
119900057,313,21,292
119900058,279,11,268
119900059,49,26,23
119900060,306,17,289
119900062,99,9,90
119900063,23,34,-11
119900065,202,18,184
119900066,0,1,-1
119900067,107,2,105
119900068,637,5,632
119900069,91,28,63
119900070,1002,6,996
119900071,778,16,762
119900073,983,422,561
119900074,32,35,-3
119900075,1703,1776,-73
119900076,742,129,613
119900077,883,359,524
119900078,735,462,273
119900079,376,110,266
119900080,1460,694,766
119900081,488,63,425
119900082,1475,141,1334
119900083,267,114,153
119900084,413,305,108
119900085,30,28,2
119900087,533,392,141
119900088,37,27,10
119900089,46,189,-143
119900090,58,25,33
119900091,37,275,-238
119900092,93,280,-187
119900093,1239,157,1082
119900094,28,129,-101
119900095,146,90,56
119900096,22,82,-60
119900097,252,139,113
119900098,55,35,20
119900099,36,89,-53
119900100,915,2282,-1367
119900101,101,962,-861
119900102,77,136,-59
119900103,35,147,-112
119900104,37,86,-49
119900105,553,2498,-1945
119900106,12,77,-65
119900107,174,1135,-961
119900108,2730,527,2203
119900109,21,111,-90
119900110,663,264,399
119900111,112,113,-1
119900112,669,474,195
119900113,32,146,-114
119900114,272,533,-261
119900115,397,422,-25
119900116,125,332,-207
119900117,310,324,-14
119900118,114,309,-195
119900119,229,131,98
119900120,499,327,172
119900121,481,346,135
119900122,147,211,-64
119900123,183,272,-89
119900124,177,312,-135
119900125,27,166,-139
119900126,2178,190,1988
119900127,907,494,413
119900128,393,300,93
119900129,251,161,90
119900130,5,121,-116
119900131,32,109,-77
119900132,2,91,-89
119900133,63,76,-13
119900134,666,164,502
119900135,0,122,-122
119900136,119,177,-58
119900138,159,281,-122
119900139,15,116,-101
119900140,13,98,-85
119900141,61,677,-616
119900142,18,31,-13
119900143,22,164,-142
119900144,833,134,699
119900145,63,72,-9
119900146,137,108,29
119900147,2,127,-125
119900148,221,45,176
119900149,403,3657,-3254
119900150,113,81,32
119900151,1111,704,407
119900152,137,153,-16
119900153,198,35,163
119900154,11,78,-67
119900155,58,40,18
119900156,18,8,10
119900157,149,131,18
119900158,208,42,166
119900159,4,493,-489
119900160,22,94,-72
119900161,112,63,49
119900162,909,1038,-129
119900163,41,112,-71
119900164,1,2,-1
119900165,145,50,95
119900166,54,50,4
119900167,21,51,-30
119900168,940,442,498
119900169,56,235,-179
119900170,139,176,-37
119900171,735,249,486
119900172,78,16,62
119900173,5,159,-154
119900174,17,69,-52
119900175,1427,417,1010
119900177,12,115,-103
119900178,18,102,-84
119900179,106,485,-379
119900180,919,760,159
119900181,39,116,-77
119900182,5,106,-101
119900183,103,476,-373
119900184,712,293,419
119900185,74,237,-163
119900186,24,1051,-1027
119900187,18,236,-218
119900188,128,195,-67
119900189,267,279,-12
119900190,60,257,-197
119900191,190,308,-118
119900192,83,121,-38
119900193,449,90,359
119900194,26,69,-43
119900195,43,146,-103
119900196,353,142,211
119900197,238,156,82
119900198,94,128,-34
119900199,152,32,120
119900200,543,537,6
119900201,244,173,71
119900202,83,262,-179
119900203,162,528,-366
119900204,330,194,136
119900205,904,252,652
119900206,328,123,205
119900208,172,161,11
119900209,472,1420,-948
119900210,21,14,7
119900211,58,2,56
119900212,371,259,112
119900213,4,57,-53
119900214,54,26,28
119900215,58,26,32
119900216,22,21,1
119900217,21,31,-10
119900218,11,50,-39
119900219,8,51,-43
119900220,10,38,-28
119900221,36,107,-71
119900222,11,60,-49
119900223,6,31,-25
119900224,14,18,-4
119900225,356,15,341
119900226,226,1508,-1282
119900227,416,265,151
119900228,15,170,-155
119900229,198,290,-92
119900230,872,309,563
119900231,289,68,221
119900232,180,99,81
119900233,64,8,56
119900234,40,79,-39
119900235,9,41,-32
119900236,17,97,-80
119900237,54,420,-366
119900238,2,28,-26
119900240,92,46,46
119900241,151,123,28
119900242,1036,1189,-153
119900244,472,820,-348
119900245,124,149,-25
119900246,264,408,-144
119900247,28,116,-88
119900248,62,243,-181
119900249,177,129,48
119900253,961,242,719
119900254,80,894,-814
119900255,106,789,-683
119900256,885,346,539
119900257,130,3,127
119900258,201,9,192
119900259,14,53,-39
119900260,200,17,183
119900261,417,85,332
119900262,0,88,-88
119900263,989,216,773
119900264,140,52,88
119900265,326,228,98
119900266,426,93,333
119900267,188,281,-93
119900268,185,55,130
119900269,992,505,487
119900271,34,78,-44
119900272,290,344,-54
119900275,173,3,170
119900276,111,3,108
119900277,19,6,13
119900278,130,121,9
119900279,69,215,-146
119900280,359,81,278
119900281,5,251,-246
119900282,36,148,-112
119900283,16,103,-87
119900284,66,122,-56
119900285,1,54,-53
119900286,1,15,-14
119900288,4,5,-1
119900289,2,3,-1
119900290,6,3,3
119900291,0,61,-61
119900292,61,76,-15
119900293,34,11,23
119900294,37,2,35
119900295,0,0,0
119900296,0,0,0
119900299,61,60,1
119900300,173,158,15
119900301,44,122,-78
119900302,91,71,20
119900303,239,166,73
119900304,142,22,120
119900305,7,69,-62
119900306,17,0,17
119900307,49,44,5
119900308,4,16,-12
119900309,38,148,-110
119900310,254,170,84
119900311,131,54,77
119900312,108,49,59
119900313,260,192,68
119900314,168,321,-153
119900315,2418,964,1454
119900318,19,48,-29
119900319,2,111,-109
119900320,220,343,-123
119900321,126,12,114
119900322,11,88,-77
119900323,2,89,-87
119900324,1,19,-18
119900325,298,157,141
119900326,27,42,-15
120000001,5575,17483,-11908
120000002,2051,1837,214
120000003,1952,1091,861
120000004,1942,1077,865
120000005,1995,1349,646
120000006,934,961,-27
120000007,2296,2914,-618
120000008,788,939,-151
120000009,1366,714,652
120000010,1531,1833,-302
120000011,784,1106,-322
120000012,1294,1479,-185
120000013,2679,2049,630
120000014,571,1029,-458
120000015,1825,1120,705
120000016,3621,1737,1884
120000017,3121,2537,584
120000018,2790,11778,-8988
120000019,947,1240,-293
120000020,2243,3305,-1062
120000021,1458,2294,-836
120000022,2089,3216,-1127
120000023,1188,1445,-257
120000024,960,2066,-1106
120000025,2206,1407,799
120000026,2729,1266,1463
120000027,2036,1572,464
120000028,801,2626,-1825
120000029,600,1444,-844
120000030,159,600,-441
120000031,1594,3711,-2117
120000032,4040,2697,1343
120000033,3583,1381,2202
120000034,2192,946,1246
120000035,2517,1465,1052
120000036,2783,4401,-1618
120000037,457,1386,-929
120000038,3397,2852,545
120000039,679,850,-171
120000040,48,724,-676
120000041,432,846,-414
120000042,1477,1190,287
120000043,3784,904,2880
120000044,5275,1246,4029
120000045,6290,804,5486
120000046,4338,2385,1953
120000047,436,5592,-5156
120000048,5034,3502,1532
120000049,2862,2539,323
120000050,3190,3068,122
120000051,2033,2918,-885
120000052,5368,1416,3952
120000053,1349,1181,168
120000054,1262,2109,-847
120000055,1426,2782,-1356
120000056,4190,2587,1603
120000057,3908,1401,2507
120000058,1029,2105,-1076
120000059,8,1433,-1425
120000061,86,341,-255
120000062,157,328,-171
120000063,701,1567,-866
120000064,212,582,-370
120000065,394,875,-481
120000066,240,430,-190
120000067,24,275,-251
120000068,208,324,-116
120000069,361,383,-22
120000070,72,344,-272
120000071,569,58,511
120000072,942,291,651
120000073,885,116,769
120000074,112,147,-35
120000075,1032,327,705
120000076,2249,398,1851
120000077,2032,620,1412
120000078,2519,1142,1377
120000079,423,284,139
120000080,183,236,-53
120000081,430,169,261
120000082,391,274,117
120000083,124,886,-762
120000084,307,268,39
120000085,205,267,-62
120000086,264,275,-11
120000087,188,206,-18
120000088,702,777,-75
120000089,1133,455,678
120000090,737,370,367
120000091,987,697,290
120000092,1116,459,657
120000093,479,432,47
120000094,178,660,-482
120000095,770,254,516
120000096,231,377,-146
120000098,832,457,375
120000099,387,469,-82
120000100,650,483,167
120000101,530,273,257
120000102,544,918,-374
120000103,1374,899,475
120000104,1888,480,1408
120000105,2932,595,2337
120000106,2654,667,1987
120000107,4269,583,3686
120000108,1655,109,1546
120000109,1214,61,1153
120000110,83,688,-605
120000111,142,634,-492
120000112,613,1373,-760
120000113,481,1052,-571
120000114,674,1297,-623
120000115,236,1199,-963
120000116,512,1277,-765
120000117,557,873,-316
120000118,41,45,-4
120000119,18,42,-24
120000120,63,87,-24
120000121,25,43,-18
120000122,201,448,-247
120000123,2311,6560,-4249
120000124,383,251,132
120000125,616,378,238
120000126,229,1022,-793
120000127,1204,1208,-4
120000128,1717,3554,-1837
120000129,158,209,-51
120000130,784,368,416
120000131,370,483,-113
120000134,463,338,125
120000135,757,432,325
120000137,281,396,-115
120000138,1301,176,1125
120000139,277,242,35
120000140,1048,263,785
120000141,265,282,-17
120000142,707,436,271
120000143,0,85,-85
120000144,111,13,98
120000145,504,2,502
120000146,738,749,-11
120000149,425,566,-141
120000150,1520,9320,-7800
120000151,395,420,-25
120000152,610,112,498
120000153,248,401,-153
120000154,584,459,125
120000155,119,267,-148
120000156,422,1487,-1065
120000157,834,466,368
120000158,834,538,296
120000159,1608,1541,67
120000160,2085,1581,504
120000161,2307,1742,565
120000162,70,219,-149
120000163,846,636,210
120000164,659,220,439
120000165,577,346,231
120000166,1197,276,921
120000167,370,236,134
120000168,11,762,-751
120000169,86,3091,-3005
120000170,33,2794,-2761
120000171,29,859,-830
120000172,19,615,-596
120000173,405,3795,-3390
120000174,68,66,2
120000175,63,102,-39
120000176,45,64,-19
120000177,588,71,517
120000178,13,20,-7
120000179,50,62,-12
120000180,157,57,100
120000181,56,1283,-1227
120000182,51,819,-768
120000183,12,314,-302
120000184,281,1180,-899
120000186,37,1763,-1726
120000187,17,672,-655
120000188,37,1002,-965
120000190,133,92,41
120000191,268,174,94
120000192,246,43,203
120000193,131,7,124
120000195,25,3,22
120000196,52,12,40
120000197,19,26,-7
120000198,244,31,213
120000199,149,2,147
120000200,182,0,182
120000201,15,30,-15
120000202,0,33,-33
120000203,95,127,-32
120000207,0,22,-22
120000208,4,72,-68
120000209,6,25,-19
120000210,59,47,12
120000211,265,4,261
120000212,248,2,246
120000213,213,126,87
120000214,1,110,-109
120000215,1,94,-93
120000216,175,30,145
120000217,228,700,-472
120000218,74,442,-368
120000219,4,259,-255
120000220,3,689,-686
120000225,2095,2,2093
120000226,471,6,465
120000227,874,75,799
120000228,11166,3480,7686
120000230,586,27,559
120000231,1529,949,580
120000233,446,19,427
120000235,304,400,-96
120000236,942,27,915
120000237,2,599,-597
120000238,1,1874,-1873
120000241,1161,3220,-2059
120000412,284,5,279
120000413,417,102,315
120000414,242,0,242
120000415,1,27,-26
120000416,105,2,103
120000417,2,33,-31
120000418,215,19,196
120000419,5,97,-92
120000420,21,13,8
120000421,5320,3594,1726
120000422,88,1250,-1162
120000423,0,66,-66
120000424,139,88,51
120000436,84,625,-541
120000437,109,112,-3
120000438,1346,174,1172
120000439,249,606,-357
120000443,158,0,158
120000444,1547,237,1310
120000445,1522,892,630
120000446,723,146,577
120000447,194,1,193
120000449,201,2,199
120000450,2,66,-64
120000451,121,163,-42
120000452,399,2,397
120000453,0,84,-84
120000454,46,46,0
120000455,64,36,28
120000456,1949,3484,-1535
120000457,401,332,69
120000458,378,325,53
120000459,79,73,6
120000665,280,302,-22
120000668,115,1541,-1426
120000669,162,134,28
120000670,82,1436,-1354
120000671,1677,511,1166
120000672,87,436,-349
120900001,60,76,-16
120900002,97,624,-527
120900003,164,19,145
120900004,28,142,-114
120900005,12,342,-330
120900006,598,136,462
120900007,153,54,99
120900008,296,472,-176
120900009,319,22,297
120900010,559,133,426
120900011,147,208,-61
120900012,65,1131,-1066
120900013,368,164,204
120900014,33,220,-187
120900015,814,104,710
120900016,1145,41,1104
120900017,1301,83,1218
120900018,154,197,-43
120900019,601,442,159
120900020,681,1267,-586
120900021,832,271,561
120900022,12,191,-179
120900023,389,40,349
120900024,1395,420,975
120900025,1015,851,164
120900026,122,84,38
120900027,726,10,716
120900028,473,172,301
120900029,50,704,-654
120900030,1695,720,975
120900031,321,141,180
120900032,1435,84,1351
120900033,1217,117,1100
120900034,11,2517,-2506
120900035,40,51,-11
120900037,303,22,281
120900038,91,409,-318
120900039,91,48,43
120900040,483,6,477
120900041,44,20,24
120900042,755,36,719
120900043,41,60,-19
120900044,9,280,-271
120900045,115,52,63
120900046,712,8,704
120900047,187,141,46
120900048,203,38,165
120900049,644,1,643
120900050,919,1551,-632
120900051,413,82,331
120900052,702,4,698
120900053,419,52,367
120900054,917,404,513
120900055,586,8,578
120900056,733,44,689
120900057,266,29,237
120900058,719,2,717
120900059,147,4,143
120900060,66,31,35
120900061,180,167,13
120900062,346,2,344
120900063,961,14,947
120900064,816,0,816
120900065,774,1,773
120900066,444,160,284
120900067,194,55,139
120900068,420,2,418
120900069,391,18,373
120900071,36,1,35
120900072,1000,7,993
120900073,763,48,715
120900074,656,19,637
120900076,452,1,451
120900077,1297,240,1057
120900078,938,394,544
120900079,1046,77,969
120900080,953,586,367
120900081,1194,361,833
120900082,282,380,-98
120900083,111,1,110
120900084,465,603,-138
120900085,44,112,-68
120900086,75,455,-380
120900087,391,402,-11
120900088,181,673,-492
120900089,1614,3222,-1608
120900090,243,18,225
120900091,509,944,-435
120900092,478,244,234
120900093,956,90,866
120900094,296,155,141
120900095,277,13,264
120900096,70,146,-76
120900097,497,325,172
120900098,139,124,15
120900099,77,66,11
120900100,42,137,-95
120900101,264,119,145
120900102,60,77,-17
120900103,82,182,-100
120900104,20,73,-53
120900105,28,223,-195
120900106,645,265,380
120900107,132,103,29
120900108,19,196,-177
120900109,23,287,-264
120900110,10,179,-169
120900111,140,197,-57
120900112,12,347,-335
120900113,18,310,-292
120900114,39,115,-76
120900115,72,214,-142
120900116,483,144,339
120900117,19,142,-123
120900118,17,354,-337
120900119,7656,2289,5367
120900120,80,306,-226
120900121,123,260,-137
120900122,700,164,536
120900123,6,135,-129
120900124,0,245,-245
120900125,0,262,-262
120900126,883,486,397
120900127,12,154,-142
120900128,600,851,-251
120900129,25,204,-179
120900130,1,179,-178
120900131,167,70,97
120900132,1129,117,1012
120900133,63,405,-342
120900134,297,241,56
120900135,4,292,-288
120900136,57,69,-12
120900137,218,78,140
120900138,18,126,-108
120900139,7,333,-326
120900140,4,80,-76
120900141,163,185,-22
120900142,7,136,-129
120900143,0,411,-411
120900144,1,59,-58
120900145,173,443,-270
120900146,2,385,-383
120900147,4,340,-336
120900148,120,122,-2
120900149,0,93,-93
120900150,59,229,-170
120900151,1,254,-253
120900152,0,13,-13
120900153,4,1,3
120900154,0,84,-84
120900155,190,450,-260
120900156,111,159,-48
120900157,6,3,3
120900158,85,228,-143
120900159,6,42,-36
120900160,39,337,-298
120900161,72,266,-194
120900162,82,485,-403
120900163,353,1008,-655
120900164,1,138,-137
120900165,5,764,-759
120900166,87,739,-652
120900167,144,71,73
120900169,65,126,-61
120900170,358,3227,-2869
120900171,374,141,233
120900172,186,1735,-1549
120900173,0,25,-25
120900174,4,73,-69
120900175,148,121,27
120900176,19,324,-305
120900177,2,1274,-1272
120900178,0,397,-397
120900179,418,297,121
120900180,59,185,-126
120900181,16,14,2
120900182,35,110,-75
120900183,672,58,614
120900184,284,59,225
120900185,746,1204,-458
120900186,0,194,-194
120900187,469,777,-308
120900188,200,4,196
120900189,76,2035,-1959
120900190,147,4,143
120900191,31,12,19
120900192,4414,9593,-5179
120900194,54,77,-23
120900195,98,217,-119
120900196,507,14,493
120900197,866,195,671
120900198,182,294,-112
120900199,378,463,-85
120900200,34,144,-110
120900201,252,100,152
120900202,1,62,-61
120900203,27,74,-47
120900204,70,185,-115
120900205,39,18,21
120900206,37,31,6
120900207,51,643,-592
121000001,444,1000,-556
121000002,1775,1438,337
121000003,2214,1232,982
121000004,1781,2643,-862
121000005,1167,2072,-905
121000006,2294,2322,-28
121000007,1615,3722,-2107
121000008,3427,4187,-760
121000009,2913,5359,-2446
121000010,4920,5105,-185
121000011,4575,8792,-4217
121000012,9204,6836,2368
121000013,4325,5511,-1186
121000014,4341,4596,-255
121000015,3582,6685,-3103
121000016,3244,3051,193
121000017,1687,1888,-201
121000018,2510,1253,1257
121000019,6923,6661,262
121000020,8218,13069,-4851
121000021,1656,1598,58
121000022,2038,2610,-572
121000023,2205,1204,1001
121000024,3642,4193,-551
121000025,312,1129,-817
121000026,211,135,76
121000027,1084,1114,-30
121000028,734,433,301
121000029,692,528,164
121000030,608,570,38
121000031,488,532,-44
121000032,156,119,37
121000034,264,223,41
121000035,92,121,-29
121000036,720,765,-45
121000037,403,756,-353
121000038,283,812,-529
121000039,140,260,-120
121000041,433,528,-95
121000042,214,338,-124
121000043,429,631,-202
121000044,1072,1076,-4
121000045,432,226,206
121000046,693,878,-185
121000047,33,106,-73
121000049,801,581,220
121000050,186,1399,-1213
121000051,463,268,195
121000052,356,874,-518
121000053,342,102,240
121000054,39,323,-284
121000055,741,1693,-952
121000056,648,831,-183
121000057,224,457,-233
121000058,171,222,-51
121000059,2356,1129,1227
121000060,466,935,-469
121000061,62,384,-322
121000062,125,410,-285
121000063,629,960,-331
121000064,505,785,-280
121000065,200,485,-285
121000066,547,712,-165
121000067,301,579,-278
121000068,428,486,-58
121000069,119,974,-855
121000070,1015,1054,-39
121000071,1234,1169,65
121000072,815,611,204
121000073,816,1087,-271
121000074,74,325,-251
121000075,8,264,-256
121000076,275,325,-50
121000077,103,155,-52
121000078,53,134,-81
121000080,1309,509,800
121000081,3040,2921,119
121000082,91,238,-147
121000083,112,127,-15
121000084,201,178,23
121000085,186,423,-237
121000086,516,547,-31
121000087,51,208,-157
121000088,376,359,17
121000089,159,432,-273
121000090,307,326,-19
121000091,890,674,216
121000092,160,72,88
121000093,141,246,-105
121000094,362,570,-208
121000095,189,665,-476
121000096,3018,1888,1130
121000097,517,2232,-1715
121000098,574,517,57
121000099,671,479,192
121000100,877,166,711
121000101,276,149,127
121000102,284,108,176
121000103,172,101,71
121000104,186,60,126
121000105,472,118,354
121000106,335,190,145
121000107,1371,2133,-762
121000109,752,670,82
121000110,163,607,-444
121000114,2832,2034,798
121000115,1847,609,1238
121000116,253,754,-501
121000117,307,251,56
121000118,1348,231,1117
121000119,243,257,-14
121000120,295,311,-16
121000121,366,995,-629
121000123,709,489,220
121000127,147,94,53
121000128,800,185,615
121000129,697,335,362
121000130,552,449,103
121000131,829,1056,-227
121000132,729,868,-139
121000135,190,269,-79
121000136,832,1143,-311
121000137,413,275,138
121000138,582,1475,-893
121000139,409,572,-163
121000141,154,123,31
121000142,474,789,-315
121000143,129,15,114
121000144,378,1012,-634
121000145,659,661,-2
121000146,1125,984,141
121000147,912,384,528
121000148,651,711,-60
121000149,1648,1331,317
121000152,336,227,109
121000153,1133,401,732
121000154,947,406,541
121000155,1499,874,625
121000156,339,907,-568
121000157,575,917,-342
121000158,312,225,87
121000159,243,280,-37
121000160,303,286,17
121000161,330,243,87
121000162,164,73,91
121000165,757,1672,-915
121000166,17,375,-358
121000168,387,198,189
121000169,64,113,-49
121000170,294,66,228
121000171,50,132,-82
121000172,789,563,226
121000173,1202,1136,66
121000174,414,487,-73
121000175,1177,447,730
121000176,288,251,37
121000177,622,431,191
121000178,43,40,3
121000179,31,31,0
121000181,415,321,94
121000182,120,268,-148
121000183,93,70,23
121000184,33,134,-101
121000185,26,238,-212
121000186,220,479,-259
121000187,191,97,94
121000188,227,68,159
121000192,681,356,325
121000193,506,333,173
121000194,1496,1610,-114
121000195,188,840,-652
121000196,551,279,272
121000197,174,763,-589
121000198,152,161,-9
121000199,89,166,-77
121000200,508,113,395
121000201,9,149,-140
121000202,592,144,448
121000203,666,1598,-932
121000204,2646,736,1910
121000205,94,219,-125
121000206,66,44,22
121000207,1651,963,688
121000208,3,318,-315
121000209,485,105,380
121000210,690,193,497
121000211,306,121,185
121000212,562,294,268
121000213,10168,2263,7905
121000214,588,1401,-813
121000215,703,1217,-514
121000216,440,440,0
121000217,2510,2277,233
121000218,264,1230,-966
121000219,1138,524,614
121000220,71,63,8
121000221,127,321,-194
121000222,2026,1934,92
121000223,187,820,-633
121000224,149,447,-298
121000225,424,1847,-1423
121000226,986,1029,-43
121000227,9,145,-136
121000228,24,464,-440
121000229,296,442,-146
121000230,31,1344,-1313
121000231,1102,34,1068
121000232,407,309,98
121000233,388,302,86
121000234,7,42,-35
121000235,37,40,-3
121000236,8,37,-29
121000237,24,15,9
121000238,2,41,-39
121000239,29,4,25
121000240,2,101,-99
121000241,89,5,84
121000242,57,378,-321
121000243,170,48,122
121000244,18,59,-41
121000245,27,13,14
121000246,0,113,-113
121000247,129,4,125
121000248,323,1092,-769
121000249,57,175,-118
121000250,464,174,290
121000251,12,228,-216
121000252,100,64,36
121000253,330,220,110
121000254,646,133,513
121000255,109,126,-17
121000256,220,110,110
121000257,15,65,-50
121000258,56,51,5
121000259,20,62,-42
121000260,54,61,-7
121000261,64,65,-1
121000262,916,350,566
121000263,480,298,182
121000271,666,1384,-718
121000273,13,6,7
121000274,5,69,-64
121000275,17,15,2
121000276,7,25,-18
121000278,30,26,4
121000279,43,12,31
121000280,15,18,-3
121000289,265,14,251
121000290,959,1050,-91
121000294,186,67,119
121000297,404,907,-503
121000299,63,591,-528
121000300,860,487,373
121000302,10,580,-570
121000303,367,158,209
121000304,368,91,277
121000305,215,72,143
121000306,136,160,-24
121000308,99,219,-120
121000309,211,271,-60
121000310,97,204,-107
121000311,72,371,-299
121000312,298,241,57
121000313,200,265,-65
121000314,51,64,-13
121000315,16,76,-60
121000530,1413,1189,224
121000531,1613,1303,310
121000532,4811,6683,-1872
121000533,2846,3256,-410
121000918,23,69,-46
121000919,32,71,-39
121000938,41,181,-140
121000939,33,156,-123
121000956,1397,1222,175
121000957,2,10,-8
121000958,13,44,-31
121000959,803,327,476
121000960,1078,1639,-561
121000961,225,63,162
121000962,678,316,362
121000973,2,199,-197
121000976,19,128,-109
121000979,361,96,265
121000981,283,72,211
121000982,300,150,150
121000983,354,197,157
121000984,16,59,-43
121000985,785,216,569
121000986,445,101,344
121000987,137,407,-270
121000988,922,80,842
121001302,185,105,80
121001308,2,10,-8
121001309,11,571,-560
121001313,167,62,105
121001314,1156,1443,-287
121001315,5101,3143,1958
121900001,102,141,-39
121900002,15,17,-2
121900003,350,12,338
121900004,72,297,-225
121900005,34,20,14
121900006,125,18,107
121900007,1768,1366,402
121900008,62,315,-253
121900009,585,16,569
121900010,243,3,240
121900011,218,142,76
121900012,7,0,7
121900013,389,116,273
121900014,1074,312,762
121900015,165,105,60
121900016,6,18,-12
121900017,708,336,372
121900018,327,17,310
121900019,408,157,251
121900020,31,1,30
121900021,790,12,778
121900022,265,237,28
121900023,138,271,-133
121900024,289,51,238
121900025,509,476,33
121900026,229,35,194
121900027,356,133,223
121900028,208,11,197
121900029,92,269,-177
121900030,323,452,-129
121900031,856,4981,-4125
121900032,84,30,54
121900033,123,309,-186
121900034,180,148,32
121900035,2722,2055,667
121900036,95,373,-278
121900037,85,823,-738
121900038,30,59,-29
121900039,234,55,179
121900040,60,52,8
121900041,99,254,-155
121900042,324,213,111
121900043,4,1,3
121900044,69,22,47
121900046,113,238,-125
121900047,154,91,63
121900048,62,71,-9
121900050,27,34,-7
121900051,101,169,-68
121900052,128,17,111
121900053,388,232,156
121900054,276,964,-688
121900055,0,4,-4
121900058,295,160,135
121900059,303,126,177
121900060,115,412,-297
121900061,117,105,12
121900062,94,69,25
121900063,1166,296,870
121900064,219,355,-136
121900066,58,21,37
121900067,36,16,20
121900069,156,84,72
121900070,72,153,-81
121900071,477,184,293
121900072,69,70,-1
121900073,163,312,-149
121900074,260,588,-328
121900075,273,601,-328
121900076,323,407,-84
121900077,20,6,14
121900078,57,19,38
121900079,0,0,0
121900080,810,302,508
121900082,62,76,-14
121900084,16,34,-18
121900085,3,2,1
121900086,31,40,-9
121900087,81,167,-86
121900088,1039,1873,-834
121900089,198,126,72
121900090,72,35,37
121900091,77,48,29
121900092,62,85,-23
121900093,92,52,40
121900094,16,13,3
121900095,290,129,161
121900096,756,442,314
121900097,659,146,513
121900098,3,4,-1
121900099,177,34,143
121900100,54,255,-201
121900101,96,107,-11
121900102,3,96,-93
121900103,226,189,37
121900104,1206,378,828
121900105,293,188,105
121900106,5,11,-6
121900107,59,15,44
121900108,0,11,-11
121900109,173,157,16
121900110,604,355,249
121900111,513,231,282
121900112,109,168,-59
121900113,51,366,-315
121900114,68,38,30
121900117,83,126,-43
121900118,1568,686,882
121900119,139,28,111
121900120,37,759,-722
121900121,341,42,299
121900122,31,34,-3
121900123,186,285,-99
121900124,178,182,-4
121900125,1420,767,653
121900127,5,105,-100
121900128,74,68,6
121900129,180,174,6
121900130,87,247,-160
121900131,237,98,139
121900132,43,72,-29
121900133,31,934,-903
121900134,18,189,-171
121900135,2844,325,2519
121900136,520,184,336
121900137,57,283,-226
121900138,59,89,-30
121900139,252,2086,-1834
121900140,68,61,7
121900141,88,16,72
121900142,85,63,22
121900143,7,92,-85
121900144,117,373,-256
121900145,112,238,-126
121900146,334,494,-160
121900147,48,245,-197
121900148,142,302,-160
121900149,219,369,-150
121900150,29,184,-155
121900151,62,290,-228
121900152,62,96,-34
121900153,47,355,-308
121900154,17,388,-371
121900155,2,117,-115
121900156,112,152,-40
121900157,0,227,-227
121900158,69,81,-12
121900159,0,176,-176
121900160,27,217,-190
121900161,247,426,-179
121900162,81,124,-43
121900163,245,243,2
121900164,188,212,-24
121900165,165,125,40
121900166,94,159,-65
121900167,45,92,-47
121900168,82,154,-72
121900169,8,165,-157
121900170,8,131,-123
121900171,687,513,174
121900172,540,242,298
121900173,612,261,351
121900174,48,31,17
121900175,53,239,-186
121900176,442,1380,-938
121900177,134,56,78
121900178,42,32,10
121900179,343,320,23
121900180,1622,4100,-2478
121900182,441,697,-256
121900183,410,1349,-939
121900184,31,615,-584
121900186,3,316,-313
121900187,10,118,-108
121900188,451,186,265
121900189,42,74,-32
121900190,202,339,-137
121900191,71,247,-176
121900192,231,1600,-1369
121900193,38,201,-163
121900194,4,195,-191
121900195,17,60,-43
121900196,691,634,57
121900197,219,769,-550
121900198,1891,1404,487
121900199,4,52,-48
121900200,20,161,-141
121900201,540,520,20
121900202,129,557,-428
121900203,67,926,-859
121900204,771,887,-116
121900205,16,111,-95
121900206,11,56,-45
121900207,64,31,33
121900208,106,456,-350
121900209,64,50,14
121900210,1537,1213,324
121900211,328,237,91
121900212,36,131,-95
121900213,266,29,237
121900214,5,367,-362
121900215,23,121,-98
121900216,35,260,-225
121900217,111,139,-28
121900218,87,541,-454
121900220,96,17,79
121900221,396,428,-32
121900222,180,88,92
121900223,84,64,20
121900224,43,25,18
121900225,69,179,-110
121900226,192,35,157
121900227,283,625,-342
121900228,126,122,4
121900230,37,316,-279
121900231,37,1591,-1554
121900232,101,352,-251
121900233,154,153,1
121900234,237,104,133
121900235,475,112,363
121900236,254,141,113
121900237,156,405,-249
121900238,139,221,-82
121900239,142,34,108
121900240,203,102,101
121900241,55,31,24
121900242,13,0,13
121900243,16,1,15
121900244,18,0,18
121900245,170,91,79
121900246,3819,345,3474
121900247,229,183,46
121900248,933,766,167
121900250,133,425,-292
121900251,321,32,289
121900252,311,137,174
121900253,155,1093,-938
121900254,312,334,-22
121900255,471,76,395
121900258,3482,1246,2236
121900259,220,457,-237
121900260,138,94,44
121900261,148,587,-439
121900262,409,762,-353
121900263,320,133,187
121900264,724,787,-63
121900265,324,108,216
121900266,506,95,411
121900267,59,34,25
121900269,148,556,-408
121900270,39,165,-126
121900271,47,138,-91
121900273,354,1343,-989
121900274,283,225,58
121900277,265,754,-489
121900278,75,855,-780
121900279,145,170,-25
121900280,83,458,-375
121900281,120,505,-385
121900284,47,7,40
121900286,109,48,61
121900287,3,31,-28
121900288,4,2,2
121900290,222,759,-537
121900291,310,797,-487
121900292,105,159,-54
121900293,682,3285,-2603
121900294,288,2,286
121900295,144,117,27
121900296,59,159,-100
121900298,137,881,-744
121900299,0,6,-6
121900300,96,0,96
121900301,72,6,66
121900302,1,46,-45
121900303,275,344,-69
121900304,2,10,-8
121900305,4,16,-12
121900306,248,0,248
121900307,125,6,119
121900308,19,88,-69
121900309,11,76,-65
121900310,14,194,-180
121900311,556,26,530
121900312,427,11,416
121900313,438,49,389
121900314,4,12,-8
121900315,19,0,19
121900316,0,2,-2
121900317,11,5,6
121900318,0,6,-6
121900319,24,118,-94
121900320,19,34,-15
121900321,17,0,17
121900322,3,3,0
121900323,14,12,2
121900324,2,35,-33
121900325,14,1,13
121900326,2,3,-1
121900327,3,24,-21
121900328,0,14,-14
121900329,3,63,-60
121900330,0,132,-132
121900331,45,28,17
121900332,77,29,48
121900333,31,0,31
121900334,33,35,-2
122000001,1009,4634,-3625
122000002,1704,1008,696
122000003,985,2480,-1495
122000004,1338,1167,171
122000005,3196,2075,1121
122000006,874,1267,-393
122000007,520,1541,-1021
122000008,1095,2827,-1732
122000009,499,461,38
122000010,2211,2646,-435
122000011,4464,2106,2358
122000012,631,3236,-2605
122000013,535,1461,-926
122000014,2902,1298,1604
122000015,823,882,-59
122000016,397,611,-214
122000017,1003,1162,-159
122000018,1472,1374,98
122000019,665,1376,-711
122000020,175,390,-215
122000021,127,442,-315
122000022,920,1131,-211
122000023,719,1398,-679
122000024,400,2429,-2029
122000025,485,2586,-2101
122000026,390,1298,-908
122000027,449,966,-517
122000028,961,513,448
122000029,267,522,-255
122000030,114,156,-42
122000031,177,358,-181
122000032,3313,1994,1319
122000033,357,3040,-2683
122000034,309,720,-411
122000035,186,532,-346
122000036,420,393,27
122000037,445,206,239
122000038,168,297,-129
122000039,403,478,-75
122000040,155,302,-147
122000041,504,748,-244
122000042,340,440,-100
122000043,86,137,-51
122000044,92,95,-3
122000045,1530,765,765
122000046,601,933,-332
122000047,116,211,-95
122000048,1912,3238,-1326
122000049,4921,2771,2150
122000050,706,959,-253
122000051,147,452,-305
122000052,337,395,-58
122000053,167,910,-743
122000054,1409,1670,-261
122000055,1506,3297,-1791
122000056,2284,2547,-263
122000057,2825,3432,-607
122000058,748,1871,-1123
122000059,854,2979,-2125
122000060,237,723,-486
122000061,222,572,-350
122000062,385,179,206
122000063,404,1281,-877
122000064,2362,5454,-3092
122000065,1979,2297,-318
122000066,652,1133,-481
122000067,849,1160,-311
122000068,1537,764,773
122000069,840,626,214
122000070,736,985,-249
122000071,2295,1017,1278
122000072,664,787,-123
122000073,234,1346,-1112
122000074,2152,1151,1001
122000075,616,834,-218
122000076,5549,1830,3719
122000077,473,1791,-1318
122000078,694,3628,-2934
122000079,332,2408,-2076
122000080,402,631,-229
122000081,125,179,-54
122000082,289,1207,-918
122000083,2618,829,1789
122000084,2480,904,1576
122000085,275,563,-288
122000086,2009,4632,-2623
122000087,163,293,-130
122000088,79,252,-173
122000089,3565,1880,1685
122000090,119,574,-455
122000091,75,269,-194
122000092,51,22,29
122000093,1340,2720,-1380
122000094,3998,2098,1900
122000095,463,2970,-2507
122000096,354,1469,-1115
122000098,1738,2805,-1067
122000099,558,994,-436
122000100,578,590,-12
122000101,234,348,-114
122000102,1927,902,1025
122000103,1200,1268,-68
122000104,880,151,729
122000105,346,290,56
122000106,413,1084,-671
122000107,961,367,594
122000108,393,671,-278
122000109,418,282,136
122000110,507,597,-90
122000111,2572,1075,1497
122000112,1141,1179,-38
122000113,593,633,-40
122000114,1394,2167,-773
122000115,1311,939,372
122000116,408,397,11
122000117,1217,340,877
122000118,469,542,-73
122000119,1844,1648,196
122000120,817,2874,-2057
122000121,750,1968,-1218
122000122,378,1011,-633
122000123,928,1237,-309
122000124,648,484,164
122000125,450,551,-101
122000126,335,696,-361
122000127,443,770,-327
122000128,274,366,-92
122000129,289,1298,-1009
122000130,2120,1350,770
122000131,721,949,-228
122000132,181,356,-175
122000133,719,652,67
122000134,770,657,113
122000135,423,376,47
122000136,712,550,162
122000137,1471,742,729
122000139,646,2722,-2076
122000140,412,671,-259
122000141,2449,1407,1042
122000142,125,1037,-912
122000143,313,396,-83
122000144,949,1126,-177
122000145,608,788,-180
122000146,531,1623,-1092
122000147,344,591,-247
122000148,574,1445,-871
122000149,1443,1190,253
122000150,813,890,-77
122000151,96,274,-178
122000152,264,368,-104
122000153,249,375,-126
122000154,232,163,69
122000155,1109,1979,-870
122000156,3541,3045,496
122000157,507,3902,-3395
122000158,257,680,-423
122000159,463,1203,-740
122000160,1561,2058,-497
122000161,783,849,-66
122000162,839,1352,-513
122000163,245,103,142
122000164,36,175,-139
122000165,691,893,-202
122000166,626,1365,-739
122000167,231,347,-116
122000168,163,728,-565
122000169,249,164,85
122000170,236,249,-13
122000171,22,71,-49
122000172,1422,1148,274
122000173,1013,2176,-1163
122000174,1302,1059,243
122000175,533,326,207
122000176,245,1007,-762
122000177,838,1317,-479
122000178,3552,2266,1286
122000179,1676,2735,-1059
122000180,754,978,-224
122000181,848,1763,-915
122000182,1312,1123,189
122000183,1809,878,931
122000184,2341,2836,-495
122000185,879,2832,-1953
122000186,371,1450,-1079
122000187,1252,910,342
122000188,257,292,-35
122000189,184,341,-157
122000190,537,1368,-831
122000191,676,750,-74
122000192,866,333,533
122000193,369,526,-157
122000194,372,164,208
122000195,80,612,-532
122000196,803,392,411
122000197,373,474,-101
122000198,341,1559,-1218
122000199,237,317,-80
122000200,785,515,270
122000201,985,2001,-1016
122000202,754,2104,-1350
122000203,2346,1211,1135
122000204,976,1206,-230
122000205,552,872,-320
122000206,2504,771,1733
122000207,1620,1245,375
122000208,1665,1279,386
122000209,1304,446,858
122000210,1471,1274,197
122000211,945,1159,-214
122000212,631,434,197
122000213,838,1078,-240
122000214,1460,1459,1
122000215,1835,1445,390
122000217,1201,1579,-378
122000218,617,60,557
122000219,883,608,275
122000220,229,628,-399
122000221,60,270,-210
122000222,496,130,366
122000223,844,442,402
122000225,553,263,290
122000226,1267,1131,136
122000227,154,1296,-1142
122000228,262,241,21
122000229,47,364,-317
122000230,47,366,-319
122000231,215,584,-369
122000232,535,513,22
122000233,1,48,-47
122000234,411,46,365
122000235,454,70,384
122000236,1153,50,1103
122000237,141,93,48
122000238,310,313,-3
122000239,529,140,389
122000240,1008,561,447
122000241,1649,482,1167
122000242,554,117,437
122000243,272,30,242
122000244,89,267,-178
122000245,100,90,10
122000246,340,149,191
122000247,419,277,142
122000248,580,905,-325
122000249,1074,861,213
122000250,1787,1186,601
122000251,150,535,-385
122000252,296,130,166
122000253,52,231,-179
122000254,335,93,242
122000255,437,743,-306
122000256,232,347,-115
122000257,190,125,65
122000258,237,208,29
122000259,15,271,-256
122000260,5,48,-43
122000261,9,263,-254
122000262,0,16,-16
122000263,236,617,-381
122000264,1072,300,772
122000265,1877,856,1021
122000266,3122,598,2524
122000267,108,108,0
122000268,118,238,-120
122000269,726,239,487
122000270,334,129,205
122000271,234,1117,-883
122000272,325,853,-528
122000273,341,288,53
122000274,178,176,2
122000275,47,121,-74
122000276,743,394,349
122000277,1091,1332,-241
122000278,1807,402,1405
122000279,201,190,11
122000280,562,440,122
122000281,755,519,236
122000282,211,375,-164
122000283,235,186,49
122000284,230,69,161
122000285,268,55,213
122000286,37,136,-99
122000287,1165,1188,-23
122000288,373,210,163
122000291,2105,681,1424
122000293,163,118,45
122000294,115,230,-115
122000295,988,129,859
122000296,21,483,-462
122000297,1570,2771,-1201
122000299,524,399,125
122000300,339,329,10
122000301,4601,2697,1904
122000302,501,1926,-1425
122000303,1664,898,766
122000304,81,138,-57
122000305,1106,167,939
122000306,41,263,-222
122000307,78,102,-24
122000309,55,39,16
122000310,14,111,-97
122000311,149,135,14
122000312,85,238,-153
122000313,165,73,92
122000314,92,218,-126
122000315,234,62,172
122000316,954,211,743
122000317,1329,191,1138
122000318,225,793,-568
122000319,105,204,-99
122000320,208,691,-483
122000321,92,93,-1
122000322,1472,1651,-179
122000323,748,2473,-1725
122000324,1126,1607,-481
122000325,635,2755,-2120
122000326,71,81,-10
122000327,340,629,-289
122000328,446,249,197
122000330,1341,1258,83
122000332,139,221,-82
122000333,10,34,-24
122000337,1062,464,598
122000338,479,258,221
122000340,148,1516,-1368
122000342,1051,465,586
122000343,369,455,-86
122000344,76,26,50
122000345,15,14,1
122000346,252,176,76
122000348,663,565,98
122000349,98,380,-282
122000351,165,273,-108
122000352,224,159,65
122000353,135,113,22
122000355,128,245,-117
122000356,535,1245,-710
122000357,71,21,50
122000358,0,11,-11
122000359,0,19,-19
122000360,0,26,-26
122000362,7,45,-38
122000364,179,179,0
122000365,3,17,-14
122000366,6,3,3
122000368,375,469,-94
122000370,33,17,16
122000371,38,1,37
122000372,6,0,6
122000381,139,236,-97
122000382,77,144,-67
122000384,1201,1001,200
122000385,73,6,67
122000386,123,1384,-1261
122000387,350,705,-355
122000388,831,775,56
122000389,120,913,-793
122000390,227,342,-115
122000391,155,616,-461
122000392,158,100,58
122000393,27,86,-59
122000394,558,152,406
122000395,134,53,81
122000396,254,95,159
122000397,23,16,7
122000398,6,38,-32
122000399,133,72,61
122000400,55,679,-624
122000401,88,42,46
122000402,309,97,212
122000403,316,299,17
122000404,155,91,64
122000408,418,688,-270
122000503,17,105,-88
122000524,87,207,-120
122000544,81,1543,-1462
122000616,191,0,191
122000640,61,45,16
122000641,175,130,45
122000642,943,584,359
122000643,35,125,-90
122000644,91,23,68
122000645,43,167,-124
122000651,542,1634,-1092
122000664,123,34,89
122000665,959,443,516
122000666,467,957,-490
122000673,25,110,-85
122000674,207,125,82
122000675,1604,443,1161
122000686,417,681,-264
122000687,1342,244,1098
122000688,297,284,13
122000689,743,156,587
122000690,2283,176,2107
122000691,660,563,97
122000692,993,194,799
122000693,328,611,-283
122000695,334,213,121
122000696,555,100,455
122000698,417,203,214
122000699,143,36,107
122000701,1175,213,962
122000702,312,682,-370
122000703,162,41,121
122000712,0,0,0
122000717,77,45,32
122000718,278,749,-471
122000719,67,78,-11
122000720,553,71,482
122000724,106,34,72
122900001,47,7,40
122900002,786,4920,-4134
122900003,306,22,284
122900004,1632,76,1556
122900005,98,98,0
122900006,310,799,-489
122900007,57,78,-21
122900008,226,162,64
122900009,611,405,206
122900010,226,92,134
122900012,157,370,-213
122900014,109,105,4
122900015,462,736,-274
122900016,127,191,-64
122900017,178,545,-367
122900018,120,11,109
122900019,7,81,-74
122900020,97,314,-217
122900021,34,228,-194
122900022,1095,703,392
122900023,707,158,549
122900024,111,101,10
122900025,10,287,-277
122900026,14,138,-124
122900027,29,351,-322
122900028,97,108,-11
122900029,4105,2036,2069
122900030,1360,448,912
122900031,33,216,-183
122900032,127,270,-143
122900033,213,112,101
122900034,2704,3499,-795
122900035,13,9,4
122900036,41,37,4
122900037,284,91,193
122900038,51,2307,-2256
122900039,73,475,-402
122900040,166,582,-416
122900041,227,238,-11
122900042,137,258,-121
122900043,263,216,47
122900044,59,275,-216
122900045,91,186,-95
122900046,104,270,-166
122900047,94,155,-61
122900048,42,176,-134
122900049,1515,128,1387
122900051,58,197,-139
122900052,149,90,59
122900053,17,47,-30
122900055,276,52,224
122900057,156,65,91
122900061,366,110,256
122900062,498,593,-95
122900063,142,130,12
122900064,602,270,332
122900065,488,206,282
122900066,638,314,324
122900067,741,342,399
122900068,131,189,-58
122900069,325,1102,-777
122900070,274,51,223
122900071,124,230,-106
122900072,15,226,-211
122900073,23,95,-72
122900074,870,193,677
122900075,0,52,-52
122900076,2,129,-127
122900077,0,62,-62
122900078,198,19,179
122900080,21,41,-20
122900081,149,85,64
122900082,757,104,653
122900083,68,82,-14
122900084,12,110,-98
122900086,10,97,-87
122900087,253,335,-82
122900088,30,430,-400
122900089,29,169,-140
122900090,6,216,-210
122900091,290,1,289
122900092,0,56,-56
122900093,1,89,-88
122900094,0,88,-88
122900095,124,28,96
122900096,365,37,328
122900097,33,58,-25
122900098,31,90,-59
122900099,127,20,107
122900100,77,437,-360
122900101,365,247,118
122900102,36,29,7
122900103,153,3,150
122900104,230,10,220
122900105,14,14,0
122900106,1,57,-56
122900107,5,70,-65
122900108,2,92,-90
123000001,649,817,-168
123000002,1799,4614,-2815
123000003,3471,3192,279
123000004,2002,2816,-814
123000005,2381,2287,94
123000006,1457,1502,-45
123000007,2926,2253,673
123000008,1936,1930,6
123000009,3664,2283,1381
123000010,2574,2715,-141
123000011,1366,1035,331
123000012,462,2244,-1782
123000013,2826,937,1889
123000014,527,2558,-2031
123000015,1523,944,579
123000016,1927,2261,-334
123000017,3188,1868,1320
123000018,123,79,44
123000019,436,37,399
123000020,307,31,276
123000021,163,171,-8
123000022,327,1383,-1056
123000023,1609,1821,-212
123000024,1407,584,823
123000025,285,124,161
123000026,10,71,-61
123000027,65,686,-621
123000028,1076,1176,-100
123000029,486,1248,-762
123000030,249,104,145
123000031,280,160,120
123000032,378,73,305
123000033,240,63,177
123000034,873,608,265
123000035,389,329,60
123000036,194,789,-595
123000037,196,137,59
123000038,34,234,-200
123000039,328,1107,-779
123000040,351,184,167
123000041,606,1106,-500
123000042,434,886,-452
123000043,1491,9073,-7582
123000044,2263,1747,516
123000045,2909,1640,1269
123000046,278,876,-598
123000047,816,863,-47
123000048,33,704,-671
123000049,3947,6695,-2748
123000050,1476,1398,78
123000051,58,150,-92
123000052,604,2904,-2300
123000053,1968,2751,-783
123000054,1280,1176,104
123000055,1519,2845,-1326
123000056,806,762,44
123000057,3205,4141,-936
123000058,591,935,-344
123000059,225,387,-162
123000060,828,323,505
123000061,245,517,-272
123000063,746,848,-102
123000064,822,209,613
123000065,2549,1708,841
123000066,416,439,-23
123000067,770,378,392
123000068,1349,1527,-178
123000069,3281,1460,1821
123000070,122,392,-270
123000071,1297,705,592
123000072,1089,439,650
123000073,1643,668,975
123000074,891,660,231
123000075,340,1063,-723
123000076,594,288,306
123000077,1603,1184,419
123000078,1810,1321,489
123000079,1775,1358,417
123000080,1690,806,884
123000081,120,321,-201
123000082,298,640,-342
123000083,772,286,486
123000084,579,346,233
123000085,398,63,335
123000086,629,69,560
123000087,415,180,235
123000088,990,408,582
123000089,600,714,-114
123000090,1128,696,432
123000091,1216,1043,173
123000092,734,1007,-273
123000094,533,141,392
123000095,619,485,134
123000096,949,267,682
123000097,598,354,244
123000098,796,382,414
123000099,694,376,318
123000100,288,659,-371
123000101,468,464,4
123000102,304,623,-319
123000104,261,383,-122
123000105,415,305,110
123000106,430,361,69
123000107,235,271,-36
123000108,323,842,-519
123000111,898,318,580
123000112,1143,442,701
123000113,459,640,-181
123000114,283,527,-244
123000115,262,249,13
123000116,32,70,-38
123000117,1273,814,459
123000118,369,448,-79
123000119,151,356,-205
123000120,204,383,-179
123000121,407,643,-236
123000122,235,172,63
123000123,395,416,-21
123000124,290,261,29
123000125,1084,967,117
123000126,948,3289,-2341
123000127,467,463,4
123000128,231,174,57
123000129,761,179,582
123000130,676,68,608
123000131,1039,780,259
123000132,242,337,-95
123000133,132,171,-39
123000134,178,99,79
123000135,1976,993,983
123000136,153,352,-199
123000137,68,121,-53
123000138,61,145,-84
123000139,493,86,407
123000140,63,380,-317
123000141,579,123,456
123000142,803,593,210
123000143,748,1078,-330
123000144,28,17,11
123000145,136,180,-44
123000146,18,107,-89
123000147,63,148,-85
123000149,198,209,-11
123000150,79,158,-79
123000151,131,370,-239
123000152,60,313,-253
123000153,114,566,-452
123000154,1031,1300,-269
123000155,1432,944,488
123000156,26,74,-48
123000157,495,534,-39
123000158,410,571,-161
123000159,2288,2751,-463
123000160,891,718,173
123000161,1298,817,481
123000162,1024,1501,-477
123000163,484,134,350
123000164,1623,227,1396
123000165,424,744,-320
123000166,29,113,-84
123000167,88,134,-46
123000168,190,139,51
123000169,783,155,628
123000170,101,62,39
123000171,837,8,829
123000172,131,299,-168
123000173,403,333,70
123000174,694,400,294
123000175,303,676,-373
123000176,802,192,610
123000177,223,519,-296
123000178,690,104,586
123000179,41,290,-249
123000180,1373,345,1028
123000181,222,675,-453
123000182,200,141,59
123000183,142,495,-353
123000184,82,275,-193
123000185,774,338,436
123000186,2,281,-279
123000187,599,11,588
123000188,183,2,181
123000189,190,122,68
123000190,103,100,3
123000192,19,267,-248
123000193,63,546,-483
123000194,247,182,65
123000195,327,35,292
123000196,328,14,314
123000197,64,69,-5
123000198,26,878,-852
123000199,21,587,-566
123000200,548,8,540
123000201,1222,19,1203
123000202,16,478,-462
123000203,1099,65,1034
123000204,61,497,-436
123000205,245,742,-497
123000206,2074,236,1838
123000207,60,428,-368
123000208,406,223,183
123000209,1822,661,1161
123000210,318,1173,-855
123000211,440,1074,-634
123000212,2886,371,2515
123000213,529,65,464
123000215,54,151,-97
123000216,109,577,-468
123000217,189,34,155
123000218,39,404,-365
123000219,473,63,410
123000220,514,100,414
123000221,174,76,98
123000222,387,241,146
123000223,389,155,234
123000224,383,223,160
123000225,230,36,194
123000226,70,199,-129
123000227,78,179,-101
123000228,284,46,238
123000229,581,907,-326
123000232,82,346,-264
123000233,643,131,512
123000234,109,345,-236
123000235,1050,258,792
123000236,227,370,-143
123000237,290,118,172
123000238,45,285,-240
123000239,321,534,-213
123000240,32,667,-635
123000241,266,51,215
123000242,199,140,59
123000243,557,532,25
123000244,658,430,228
123000245,48,105,-57
123000249,176,440,-264
123000252,700,301,399
123000253,1240,501,739
123000254,535,570,-35
123000255,787,723,64
123000256,12,92,-80
123000257,1644,967,677
123000258,749,443,306
123000259,380,326,54
123000260,478,277,201
123000261,325,115,210
123000262,83,99,-16
123000263,483,84,399
123000264,156,112,44
123000265,35,79,-44
123000266,431,403,28
123000267,540,354,186
123000268,26,39,-13
123000269,42,59,-17
123000270,29,94,-65
123000271,49,45,4
123000272,566,289,277
123000273,243,683,-440
123000274,897,562,335
123000275,215,638,-423
123000278,1570,1948,-378
123000279,119,66,53
123000280,229,228,1
123000281,272,100,172
123000282,64,234,-170
123000283,138,94,44
123000284,66,35,31
123000286,145,436,-291
123000287,379,247,132
123000288,1235,938,297
123000289,262,1064,-802
123000291,150,790,-640
123000294,129,200,-71
123000295,682,918,-236
123000296,644,364,280
123000297,623,289,334
123000298,812,179,633
123000299,85,81,4
123000300,856,801,55
123000301,121,328,-207
123000302,110,83,27
123000303,79,250,-171
123000305,555,629,-74
123000306,147,52,95
123000309,25,40,-15
123000310,48,25,23
123000311,0,50,-50
123000312,295,385,-90
123000313,540,253,287
123000315,156,170,-14
123000316,622,167,455
123000317,148,94,54
123000318,91,162,-71
123000329,1,12,-11
123000337,309,562,-253
123000338,176,165,11
123000339,288,60,228
123000340,89,212,-123
123000342,7,57,-50
123000343,37,9,28
123000344,535,293,242
123000345,209,349,-140
123000346,424,32,392
123000352,784,606,178
123000353,34,93,-59
123000354,173,3,170
123000355,1,165,-164
123000356,342,8,334
123000357,1,74,-73
123000359,6,62,-56
123000360,210,57,153
123000361,139,145,-6
123000362,372,57,315
123000363,127,91,36
123000364,383,473,-90
123000365,11,296,-285
123000366,256,1808,-1552
123000367,201,465,-264
123000370,33,170,-137
123000371,391,34,357
123000372,348,27,321
123000373,6,200,-194
123000374,8,82,-74
123000375,364,36,328
123000376,764,589,175
123000377,418,19,399
123000378,14,170,-156
123000379,4,121,-117
123000380,11,249,-238
123000381,41,114,-73
123000382,374,99,275
123000383,44,757,-713
123000384,332,75,257
123000385,101,452,-351
123000436,25,1055,-1030
123000507,76,125,-49
123000508,100,851,-751
123000517,226,20,206
123000518,11,129,-118
123000519,121,87,34
123000520,30,118,-88
123000521,348,84,264
123000522,89,197,-108
123000541,6,0,6
123000542,1,1,0
123000565,889,16,873
123000566,316,157,159
123000567,53,106,-53
123000573,28,399,-371
123000574,517,72,445
123000575,1403,577,826
123000576,750,706,44
123000577,35,459,-424
123000578,236,93,143
123000579,821,4851,-4030
123000580,121,35,86
123000582,388,30,358
123000583,14,217,-203
123000584,110,254,-144
123000585,1,43,-42
123000586,59,0,59
123000596,52,71,-19
123000597,58,200,-142
123000602,58,5,53
123000603,901,230,671
123000604,549,215,334
123000605,635,63,572
123000606,1,373,-372
123000609,11,208,-197
123000610,117,76,41
123000613,33,143,-110
123000614,225,39,186
123000615,30,81,-51
123000616,635,58,577
123000617,99,102,-3
123000618,43,361,-318
123000619,371,113,258
123000620,33,224,-191
123000622,379,26,353
123000624,173,76,97
123000630,1422,318,1104
123000631,184,398,-214
123000632,452,535,-83
123000633,1,120,-119
123000634,59,169,-110
123000635,49,58,-9
123000636,49,242,-193
123000637,87,26,61
123000638,395,27,368
123000639,482,3704,-3222
123000640,25,275,-250
123000648,344,87,257
123000649,28,298,-270
123900001,736,34,702
123900002,20,1028,-1008
123900003,143,233,-90
123900005,226,134,92
123900006,271,37,234
124000001,1503,151,1352
124000002,59,950,-891
124000003,1085,168,917
124000004,61,289,-228
124000005,1158,569,589
124000006,161,624,-463
124000007,357,67,290
124000008,11,331,-320
124000009,707,238,469
124000010,198,286,-88
124000011,1076,299,777
124000012,211,250,-39
124000017,164,116,48
124000018,120,51,69
124000019,133,134,-1
124000020,26,90,-64
124000021,126,95,31
124000022,62,103,-41
124000023,1007,1079,-72
124000024,932,347,585
124000025,1005,1398,-393
124000026,861,842,19
124000027,3486,3972,-486
124000028,894,2803,-1909
124000030,1464,1026,438
124000031,979,3583,-2604
124000032,997,456,541
124000033,760,532,228
124000034,525,479,46
124000035,425,226,199
124000036,125,343,-218
124000037,374,999,-625
124000038,20,101,-81
124000039,514,335,179
124000040,275,906,-631
124000041,359,118,241
124000042,120,277,-157
124000043,63,110,-47
124000044,90,96,-6
124000045,791,376,415
124000046,275,395,-120
124000047,1569,618,951
124000048,797,493,304
124000049,1654,395,1259
124000050,712,860,-148
124000051,994,363,631
124000052,500,528,-28
124000053,445,1525,-1080
124000054,565,262,303
124000055,880,2628,-1748
124000056,1156,746,410
124000057,994,456,538
124000058,357,704,-347
124000059,591,1044,-453
124000060,553,371,182
124000061,974,4842,-3868
124000062,2383,1144,1239
124000063,954,881,73
124000064,1327,719,608
124000065,58,364,-306
124000066,191,65,126
124000067,232,78,154
124000068,94,147,-53
124000069,771,115,656
124000070,237,322,-85
124000071,218,153,65
124000072,194,278,-84
124000073,950,203,747
124000074,206,470,-264
124000075,363,19,344
124000076,10,46,-36
124000077,653,639,14
124000078,1599,1068,531
124000079,157,1029,-872
124000080,616,147,469
124000081,239,339,-100
124000082,46,130,-84
124000083,38,49,-11
124000084,42,580,-538
124000085,76,39,37
124000086,25,115,-90
124000087,47,87,-40
124000088,101,462,-361
124000089,749,232,517
124000090,121,185,-64
124000091,434,104,330
124000092,122,471,-349
124000093,104,132,-28
124000094,140,437,-297
124000095,108,111,-3
124000096,152,206,-54
124000097,92,118,-26
124000098,47,43,4
124000099,263,100,163
124000100,55,142,-87
124000101,109,159,-50
124000102,69,25,44
124000103,139,125,14
124000104,77,33,44
124000105,103,86,17
124000106,104,41,63
124000107,26,241,-215
124000108,55,10,45
124000109,135,83,52
124000110,96,83,13
124000111,172,132,40
124000112,714,367,347
124000113,89,105,-16
124000114,300,223,77
124000115,290,462,-172
124000116,95,183,-88
124000117,31,75,-44
124000118,32,68,-36
124000119,556,585,-29
124000120,411,469,-58
124000121,1040,592,448
124000122,437,886,-449
124000123,695,371,324
124000124,302,675,-373
124000125,373,361,12
124000126,213,407,-194
124000127,677,293,384
124000128,417,514,-97
124000129,1542,1145,397
124000130,484,474,10
124000131,642,523,119
124000132,530,509,21
124000133,750,736,14
124000134,725,369,356
124000135,1255,1787,-532
124000136,479,528,-49
124000137,684,821,-137
124000138,885,881,4
124000139,502,48,454
124000140,22,220,-198
124000141,444,33,411
124000142,44,239,-195
124000143,82,14,68
124000144,16,89,-73
124000145,150,67,83
124000146,32,53,-21
124000148,19,110,-91
124000149,888,350,538
124000150,191,522,-331
124000151,813,423,390
124000152,649,875,-226
124000153,939,956,-17
124000154,564,538,26
124000155,1207,829,378
124000156,863,769,94
124000169,139,398,-259
124000170,393,331,62
124000171,269,175,94
124000172,248,376,-128
124000173,411,155,256
124000174,312,380,-68
124000175,2,63,-61
124000176,45,19,26
124000177,5,37,-32
124000178,54,54,0
124000190,52,73,-21
124000191,65,203,-138
124000192,1082,530,552
124000193,309,838,-529
124000194,236,283,-47
124000195,263,567,-304
124000196,534,528,6
124000197,32,21,11
124000198,49,47,2
124000201,171,480,-309
124000202,529,255,274
124000203,522,228,294
124000204,997,158,839
124000205,132,224,-92
124000206,826,186,640
124000207,0,21,-21
124000209,151,143,8
124000210,709,116,593
124000211,751,2,749
124000212,0,173,-173
124000213,542,123,419
124000214,467,203,264
124000215,430,23,407
124000216,1,142,-141
124000329,165,573,-408
124000338,106,342,-236
124000339,1212,82,1130
124000341,1624,79,1545
124000344,42,1,41
124000357,1041,2215,-1174
124000358,731,1483,-752
124000359,1035,669,366
124000360,806,483,323
124000361,2025,875,1150
124000362,848,1171,-323
124000363,211,250,-39
124000364,369,374,-5
124000365,442,689,-247
124000366,1061,649,412
124000367,62,196,-134
124000368,339,505,-166
124000369,110,109,1
124000370,41,411,-370
124000402,33,5,28
124000403,195,15,180
124000404,8,58,-50
124000405,771,611,160
124000406,531,473,58
124000407,2,22,-20
124000411,4,125,-121
124000412,413,5,408
124000413,73,25,48
124000414,132,85,47
124000415,25,48,-23
124000416,127,100,27
124000417,222,80,142
124000418,214,42,172
124000419,102,44,58
124000420,99,47,52
124000421,56,56,0
124000422,15,8,7
124000423,94,38,56
124000424,1,64,-63
124000425,156,37,119
124000426,13,93,-80
124000427,108,4,104
124000428,9,52,-43
124000429,61,38,23
124000430,501,238,263
124000431,525,222,303
124000432,221,404,-183
124000439,9,1,8
124000443,2,9,-7
124000445,172,1364,-1192
124000446,626,137,489
124900001,740,463,277
124900002,158,187,-29
124900003,1050,386,664
124900004,969,213,756
124900005,216,99,117
124900006,886,217,669
124900008,962,507,455
124900009,100,335,-235
124900010,179,192,-13
124900011,536,184,352
124900012,449,93,356
124900013,562,174,388
124900014,284,46,238
124900015,112,367,-255
124900016,80,119,-39
124900017,329,1882,-1553
124900018,93,4,89
124900020,86,55,31
124900021,357,23,334
124900022,32,3,29
124900024,352,4,348
124900026,50,15,35
124900027,127,556,-429
124900028,222,60,162
124900029,12,493,-481
124900030,2,66,-64
124900031,39,139,-100
124900032,123,180,-57
124900033,92,152,-60
124900034,2,52,-50
124900035,143,199,-56
124900036,5,41,-36
124900037,195,130,65
124900038,174,205,-31
124900039,7,43,-36
124900040,114,88,26
124900041,235,412,-177
124900042,54,2,52
124900043,426,440,-14
124900044,62,1,61
124900045,431,877,-446
124900046,244,105,139
124900047,93,58,35
124900048,217,65,152
124900050,175,102,73
124900052,65,210,-145
124900053,124,215,-91
124900054,621,361,260
124900055,0,140,-140
124900057,2,24,-22
124900060,69,108,-39
124900061,85,5,80
124900062,220,12,208
124900066,0,4,-4
124900067,4,65,-61
124900068,172,491,-319
124900070,67,34,33
124900072,124,43,81
124900075,283,202,81
124900076,14,1241,-1227
124900077,33,56,-23
124900078,78,28,50
124900079,248,108,140
124900080,319,270,49
124900081,1118,323,795
124900082,256,419,-163
124900083,255,244,11
124900085,551,588,-37
124900086,35,1274,-1239
124900087,252,86,166
124900088,183,122,61
124900089,590,22,568
124900090,420,207,213
124900091,275,198,77
124900092,232,157,75
124900093,341,196,145
124900094,416,218,198
124900095,110,463,-353
124900096,350,173,177
124900097,329,47,282
124900098,102,202,-100
124900099,242,455,-213
124900100,316,36,280
124900101,43,325,-282
124900102,252,8,244
124900103,202,94,108
124900104,101,61,40
124900105,102,77,25
124900106,393,48,345
124900107,89,55,34
124900108,126,75,51
124900111,0,77,-77
124900112,45,142,-97
124900113,56,245,-189
124900114,85,155,-70
124900115,37,38,-1
124900116,207,207,0
124900117,122,198,-76
124900118,131,418,-287
124900119,387,167,220
124900120,49,233,-184
124900121,86,333,-247
124900122,171,173,-2
124900123,247,121,126
124900124,133,361,-228
204000001,83,2,81
204000002,11,3,8
204000003,18,3,15
204000004,2,1,1
204000005,519,382,137
204000006,913,910,3
204000011,3,16,-13
204000012,45,65,-20
204000019,747,317,430
204000020,589,346,243
204000021,819,709,110
204000022,724,393,331
204000023,512,455,57
204000031,26,9,17
204000032,209,34,175
204000034,38,67,-29
204000035,0,4,-4
204000036,7,24,-17
204000037,1,8,-7
204000038,1,20,-19
204000039,4,23,-19
204000040,5,11,-6
204000041,3,20,-17
204000042,32,5,27
204000043,19,0,19
204000044,21,3,18
204000045,55,0,55
204000046,9,1,8
204000057,7,4,3
204000062,50,21,29
204000068,23,333,-310
204000069,105,245,-140
204000070,53,78,-25
204000080,76,45,31
204000085,1238,970,268
204000086,1634,985,649
204000087,35,6,29
204000088,7,47,-40
204000090,49,155,-106
204000093,457,78,379
204000096,977,767,210
204000097,500,3,497
204000099,744,1262,-518
204000100,1203,1481,-278
204000105,1255,724,531
204000110,275,676,-401
204000111,439,372,67
204000112,331,377,-46
204000113,350,573,-223
204000114,800,827,-27
204000115,618,281,337
204000116,322,334,-12
204000119,1662,1780,-118
204000132,540,352,188
204000133,672,155,517
204000134,162,52,110
204000135,529,30,499
204000136,469,142,327
204000138,335,490,-155
204000140,214,92,122
204000141,136,48,88
204000144,3,26,-23
204000145,403,30,373
204000146,17,191,-174
204000147,6,133,-127
204000148,254,52,202
204000154,11,4,7
204000155,3,7,-4
204000177,67,52,15
204000179,42,9,33
204000180,1,22,-21
204000222,4,4,0
204000235,19,14,5
204000236,41,124,-83
204000238,18,12,6
204000240,282,68,214
204000263,427,552,-125
204000268,532,392,140
204000308,100,10,90
204000317,7,39,-32
204000322,17,47,-30
204000323,8,4,4
204000328,232,43,189
204000329,52,96,-44
204000330,114,17,97
204000331,50,110,-60
205000001,621,863,-242
205000013,6,38,-32
205000014,17,52,-35
205000015,26,76,-50
205000016,22,81,-59
205000017,22,58,-36
205000022,231,452,-221
205000025,781,522,259
205000029,220,12,208
205000045,98,682,-584
205000046,147,434,-287
205000047,33,292,-259
205000048,319,465,-146
205000049,162,431,-269
205000050,559,178,381
205000059,1,104,-103
205000060,2,75,-73
205000061,4,129,-125
205000062,1,214,-213
205000063,17,176,-159
205000064,11,68,-57
205000065,50,341,-291
205000066,60,293,-233
205000067,50,456,-406
205000069,163,18,145
205000082,124,192,-68
205000110,45,123,-78
205000111,181,172,9
205000112,142,176,-34
205000113,135,206,-71
205000121,197,46,151
205000123,27,120,-93
205000126,367,86,281
205000127,612,85,527
205000128,401,54,347
205000129,762,55,707
205000130,90,15,75
205000131,41,6,35
205000132,63,5,58
205000133,39,1,38
205000134,246,0,246
205000137,84,96,-12
205000138,88,315,-227
205000139,19,85,-66
205000144,84,100,-16
205000145,312,199,113
205000151,156,19,137
205000152,153,17,136
205000153,270,24,246
205000154,77,25,52
205000155,133,8,125
205000207,1,82,-81
205000233,15,0,15
205000234,0,2,-2
205000243,0,0,0
205000244,0,2,-2
205000245,7,104,-97
205000249,0,5,-5
205000250,4,4,0
205000264,9,56,-47
206000027,3,4,-1
206000028,5,2,3
206000043,1,19,-18
206000053,2,8,-6
206000054,3,20,-17
206000055,0,11,-11
206000075,7,13,-6
206000076,22,28,-6
206000077,9,12,-3
206000078,34,10,24
206000079,34,25,9
206000082,288,35,253
206000100,26,323,-297
206000103,6,8,-2
206000104,9,23,-14
206000105,1,7,-6
206000106,4,18,-14
206000108,448,26,422
206000125,67,0,67
206000157,26,326,-300
206000170,1,82,-81
206000171,2,153,-151
206000172,8,139,-131
206000173,1,77,-76
206000174,20,16,4
206000175,2,38,-36
206000176,17,47,-30
206000177,2,53,-51
206000178,4,99,-95
206000179,2,63,-61
206000180,13,53,-40
206000181,7,29,-22
206000182,10,34,-24
206000183,4,155,-151
206000184,5,107,-102
206000185,4,34,-30
206000186,65,227,-162
206000223,1,123,-122
206000226,9,1,8
206000227,18,1,17
206000237,39,124,-85
206000238,9,173,-164
206000239,164,1049,-885
206000240,0,36,-36
206000241,0,38,-38
206000242,1,69,-68
206000243,18,30,-12
206000244,32,159,-127
206000245,808,38,770
206000246,346,17,329
206000247,266,2,264
206000248,351,16,335
206000252,38,32,6
206000258,23,27,-4
206000315,36,5,31
206000317,525,122,403
206000318,660,76,584
206000319,1839,87,1752
206000320,264,38,226
206000321,249,12,237
206000322,626,18,608
206000323,243,14,229
206000324,238,11,227
206000325,177,17,160
206000326,212,14,198
206000327,66,5,61
206000328,241,6,235
206000329,287,5,282
206000330,63,5,58
206000331,232,1,231
206000332,83,1,82
206000333,731,3,728
206000334,347,3,344
206000335,0,10,-10
206000361,4,119,-115
206000392,2,13,-11
206000405,135,2,133
206000441,47,14,33
206000498,58,2,56
206000515,53,40,13
206000530,393,48,345
206000531,204,260,-56
206000532,1159,349,810
206000535,68,1917,-1849
206000536,11,83,-72
206000537,15,99,-84
206000613,1106,224,882
207000001,119,585,-466
207000002,72,423,-351
207000003,125,132,-7
207000007,1090,168,922
207000008,120,11,109
207000009,61,27,34
207000010,290,174,116
207000012,382,157,225
207000015,177,467,-290
207000019,234,104,130
207000021,407,145,262
207000022,137,134,3
207000023,260,55,205
207000024,4,15,-11
207000025,22,47,-25
207000026,88,28,60
207000027,17,42,-25
207000028,49,106,-57
207000029,119,303,-184
207000033,189,400,-211
207000034,265,100,165
207000039,435,91,344
207000040,506,35,471
207000041,55,25,30
207000042,213,55,158
207000043,216,111,105
207000051,118,173,-55
207000052,32,168,-136
207000053,386,323,63
207000054,56,81,-25
207000055,165,77,88
207000056,281,223,58
207000057,102,183,-81
207000058,206,195,11
207000059,117,205,-88
207000060,68,135,-67
207000061,149,667,-518
207000062,473,22,451
207000063,502,56,446
207000064,329,64,265
207000065,358,189,169
207000066,303,132,171
207000067,30,50,-20
207000068,134,73,61
207000069,711,292,419
207000082,20,99,-79
207000083,101,130,-29
207000084,319,209,110
207000085,191,9,182
207000086,192,4,188
207000106,48,16,32
207000107,102,4,98
207000108,52,4,48
207000109,65,6,59
207000110,72,52,20
207000111,79,113,-34
207000112,84,703,-619
207000114,8,31,-23
207000115,39,52,-13
207000116,20,318,-298
207000117,8,77,-69
207000118,3,46,-43
207000119,47,45,2
207000123,163,7,156
207000124,81,14,67
207000125,55,34,21
207000126,56,50,6
207000134,99,64,35
207000135,22,107,-85
207000148,95,295,-200
207000149,50,30,20
207000152,101,342,-241
207000153,267,844,-577
207000154,267,175,92
207000159,111,101,10
207000160,138,169,-31
207000238,0,116,-116
207000242,8,66,-58
207000248,15,23,-8
207000249,88,20,68
207000250,315,60,255
207000251,106,68,38
207000252,35,47,-12
207000278,102,63,39
207000279,18,71,-53
207000280,658,54,604
207000281,105,340,-235
207000282,37,87,-50
207000283,27,174,-147
207000284,19,344,-325
207000285,55,53,2
207000291,18,69,-51
207000304,82,51,31
207000306,44,234,-190
207000310,110,54,56
207000353,218,3,215
207000356,14,38,-24
207000357,4,21,-17
207000358,12,30,-18
207000415,2,72,-70
207000417,35,8,27
207000418,75,108,-33
207000438,0,2,-2
207000439,460,510,-50
207000446,224,13,211
207000460,44,4,40
207000466,126,118,8
207000467,247,65,182
207000468,67,110,-43
207000476,4,25,-21
207000477,749,39,710
207000478,0,56,-56
207000523,0,9,-9
207000524,23,0,23
207000527,129,124,5
207000530,648,14,634
207000531,274,8,266
207000532,89,19,70
207000534,179,45,134
207000535,24,307,-283
207000537,31,72,-41
207000540,3,64,-61
207000541,3,134,-131
207000548,10,86,-76
207000549,332,14,318
207000561,186,193,-7
207000562,18,77,-59
207000567,124,196,-72
207000568,246,31,215
207000569,495,284,211
207000584,86,172,-86
207000585,28,272,-244
207000587,119,29,90
207000616,0,37,-37
207000617,151,0,151
207000624,40,37,3
207000631,20,57,-37
207900008,240,35,205
208000001,505,904,-399
208000002,645,549,96
208000003,896,430,466
208000004,789,676,113
208000005,1,12,-11
208000019,609,497,112
208000020,144,297,-153
208000021,220,200,20
208000022,905,296,609
208000028,562,929,-367
208000033,545,411,134
208000034,840,1134,-294
208000037,239,17,222
208000040,111,67,44
208000041,635,432,203
208000042,746,432,314
208000047,121,139,-18
208000064,1445,1285,160
208000066,1141,1767,-626
208000070,408,244,164
208000071,609,413,196
208000072,469,650,-181
208000080,248,333,-85
208000081,381,115,266
208000082,306,116,190
208000083,133,195,-62
208000084,8,11,-3
208000085,472,334,138
208000086,416,729,-313
208000087,340,551,-211
208000089,990,253,737
208000090,898,358,540
208000093,153,197,-44
208000094,601,268,333
208000095,546,367,179
208000104,903,492,411
208000105,552,619,-67
208000114,110,309,-199
208000115,428,226,202
208000116,619,796,-177
208000117,97,150,-53
208000118,97,195,-98
208000155,511,867,-356
208000158,1059,2657,-1598
208000186,1632,2883,-1251
208000204,632,820,-188
208000205,1129,646,483
208000282,2113,2164,-51
209000004,394,202,192
209000005,31,36,-5
209000006,403,208,195
209000007,221,237,-16
209000010,241,117,124
209000011,77,203,-126
209000012,71,78,-7
209000013,136,158,-22
209000014,344,416,-72
209000025,399,45,354
209000026,617,94,523
209000027,240,325,-85
209000028,243,310,-67
209000029,232,443,-211
209000030,264,744,-480
209000031,1692,1015,677
209000034,185,210,-25
209000035,117,216,-99
209000036,237,87,150
209000037,343,136,207
209000038,142,122,20
209000039,63,107,-44
209000040,232,351,-119
209000041,146,255,-109
209000042,246,208,38
209000043,446,458,-12
209000044,199,541,-342
209000045,737,244,493
209000046,481,310,171
209000047,346,127,219
209000048,578,315,263
209000049,78,71,7
209000050,136,67,69
209000051,218,141,77
209000052,138,125,13
209000062,38,36,2
209000063,42,32,10
209000064,17,28,-11
209000065,110,13,97
209000066,130,9,121
209000067,131,17,114
209000080,11,169,-158
209000082,46,43,3
209000091,19,49,-30
209000093,40,11,29
209000094,43,92,-49
209000110,43,123,-80
209000111,470,1348,-878
209000112,952,418,534
209000113,1327,477,850
209000114,764,433,331
209000115,68,59,9
209000116,306,149,157
209000118,7,30,-23
209000119,7,14,-7
209000121,88,283,-195
209000135,56,132,-76
209000142,527,1160,-633
209000143,46,59,-13
209000144,26,116,-90
209000229,162,103,59
209000240,20,117,-97
209000259,30,42,-12
209000260,54,603,-549
209000261,6,223,-217
209000262,4,193,-189
209000263,0,158,-158
209000264,0,145,-145
209000265,252,0,252
209000266,101,2,99
209000267,876,16,860
209000268,473,50,423
210000037,50,16,34
210000047,68,2,66
210000048,118,12,106
210000049,51,2,49
210000052,45,36,9
210000053,31,25,6
210000054,23,42,-19
210000070,172,4,168
210000071,110,0,110
210000072,22,0,22
210000073,0,17,-17
210000074,0,75,-75
210000075,5,134,-129
210000076,8,128,-120
210000077,9,55,-46
210000078,53,70,-17
210000079,31,9,22
210000080,42,53,-11
210000081,85,31,54
210000082,69,4,65
210000083,62,2,60
210000084,45,0,45
210000085,0,46,-46
210000086,1,51,-50
210000099,66,152,-86
210000100,70,109,-39
210000101,41,98,-57
210000105,23,126,-103
210000159,1,124,-123
210000163,49,198,-149
210000164,154,126,28
210000168,77,39,38
210000187,0,35,-35
210000188,0,25,-25
210000214,13,0,13
210000219,33,40,-7
210000220,103,30,73
210000232,3,14,-11
210000233,37,27,10
210000234,31,82,-51
210000235,30,38,-8
210000245,0,55,-55
210000246,21,2,19
210000258,8,46,-38
210000259,188,43,145
210000282,58,163,-105
210000285,1,113,-112
210000286,14,77,-63
210000290,0,7,-7
210000295,42,94,-52
210000296,37,23,14
210000320,172,42,130
210000321,83,29,54
210000338,24,41,-17
210000339,134,639,-505
210000340,64,200,-136
210000341,160,231,-71
210000342,153,170,-17
210000343,146,173,-27
210000344,87,105,-18
210000345,117,191,-74
210000346,30,87,-57
210000347,29,35,-6
210000348,70,27,43
210000349,39,19,20
210000350,127,49,78
210000351,159,55,104
210000352,48,29,19
210000353,45,40,5
210000354,65,44,21
210000355,38,55,-17
210000356,15,45,-30
210000357,27,57,-30
210000358,198,106,92
210000359,54,59,-5
210000360,108,111,-3
210000361,119,118,1
210000362,184,179,5
210000363,339,204,135
210000364,115,128,-13
210000365,124,57,67
210000366,100,29,71
210000367,52,20,32
210000368,108,20,88
210000369,21,14,7
210000370,23,32,-9
210000372,5,20,-15
210000373,22,18,4
210000374,37,16,21
210000375,32,40,-8
210000376,42,61,-19
210000404,44,58,-14
210000439,26,15,11
210000472,65,2,63
210000482,41,89,-48
210000564,114,159,-45
210000567,8,30,-22
210000568,161,3,158
211000092,50,28,22
211000094,14,1,13
211000169,177,19,158
211000172,17,136,-119
211000209,1,14,-13
211000226,5,20,-15
211000270,16,5,11
211000275,20,16,4
211000276,147,9,138
211000279,7,28,-21
211000281,44,20,24
211507980,2,41,-39
211977296,33,16,17
212000003,122,24,98
212000004,9,29,-20
212000005,6,51,-45
212000006,24,60,-36
212000008,157,77,80
212000009,41,79,-38
212000012,72,34,38
212000013,21,21,0
212000014,234,81,153
212000015,266,156,110
212000016,424,333,91
212000027,396,242,154
212000028,321,251,70
212000029,159,140,19
212000030,45,21,24
212000031,54,36,18
212000048,17,221,-204
212000049,16,184,-168
212000050,24,12,12
212000051,192,133,59
212000052,176,144,32
212000053,289,251,38
212000054,305,34,271
212000055,279,82,197
212000056,23,16,7
212000057,6,23,-17
212000058,124,44,80
212000070,114,85,29
212000077,141,221,-80
212000099,238,137,101
212000108,137,57,80
212000111,276,46,230
212000120,105,67,38
212000138,131,26,105
212000156,4,50,-46
212000158,6,19,-13
212000159,505,48,457
212000160,651,124,527
212000161,66,2,64
212000310,62,11,51
212000311,7,38,-31
212000374,19,21,-2
213000001,32,258,-226
213000005,307,107,200
213000006,593,275,318
213000007,50,8,42
213000009,279,278,1
213000010,159,162,-3
213000011,146,72,74
213000012,163,173,-10
213000014,53,13,40
213000015,323,3,320
213000016,442,0,442
213000017,83,0,83
213000018,3,40,-37
213000019,1,80,-79
213000020,113,193,-80
213000021,3,75,-72
213000023,341,253,88
213000033,284,1029,-745
213000034,410,138,272
213000035,121,166,-45
213000045,207,231,-24
213000046,174,138,36
213000047,385,949,-564
213000056,117,15,102
213000069,53,3,50
213000073,6,38,-32
213000074,63,226,-163
213000075,504,9,495
213000076,13,0,13
213000085,3,23,-20
213000086,16,146,-130
213000091,269,13,256
213000092,85,5,80
213000099,125,1041,-916
213000100,748,227,521
213000101,453,87,366
213000102,520,145,375
213000103,651,614,37
213000104,60,287,-227
213000105,67,877,-810
213000106,38,88,-50
213000107,129,215,-86
213000108,35,226,-191
213000109,25,150,-125
213000110,42,111,-69
213000111,5,72,-67
213000112,85,96,-11
213000115,48,5,43
213000116,38,297,-259
213000117,3,341,-338
213000118,578,194,384
213000119,29,348,-319
213000120,126,237,-111
213000122,101,251,-150
213000123,246,441,-195
213000124,146,1025,-879
213000125,125,27,98
213000126,43,83,-40
213000127,45,203,-158
213000128,215,1010,-795
213000129,200,651,-451
213000130,816,327,489
213000132,496,103,393
213000133,724,96,628
213000134,1007,14,993
213000136,460,16,444
213000137,631,46,585
213000139,159,14,145
213000147,30,4,26
213000148,11,10,1
213000149,18,9,9
213000150,0,163,-163
213000151,3,84,-81
213000152,0,67,-67
213000153,1,107,-106
213000154,33,321,-288
213000155,25,163,-138
213000156,70,226,-156
213000157,703,293,410
213000158,347,589,-242
213000159,615,334,281
213000163,1001,105,896
213000165,690,311,379
213000171,2,48,-46
213000172,2,133,-131
213000173,4,124,-120
213000174,3,62,-59
213000175,10,34,-24
213000176,45,30,15
213000177,85,6,79
213000178,232,1,231
213000179,248,2,246
213000180,192,0,192
213000184,78,268,-190
213000188,382,78,304
213000189,410,28,382
213000190,633,532,101
213000191,371,234,137
213000192,272,146,126
213000193,400,239,161
213000194,1,57,-56
213000195,31,276,-245
213000196,226,996,-770
213000197,514,455,59
213000198,21,0,21
213000200,94,451,-357
213000201,27,33,-6
213000202,2,348,-346
213000203,1691,360,1331
213000204,716,40,676
213000205,302,50,252
213000206,410,24,386
213000207,52,4,48
213000208,36,2,34
213000209,94,1,93
213000210,166,4,162
213000211,4,11,-7
213000212,5,38,-33
213000213,17,42,-25
213000218,216,273,-57
213000219,538,38,500
213000220,500,10,490
213000223,138,165,-27
213000224,24,56,-32
213000225,87,17,70
213000226,69,23,46
213000227,910,148,762
213000228,416,47,369
213000229,51,11,40
213000230,366,8,358
213000232,74,419,-345
213000233,6,430,-424
213000234,5,108,-103
213000293,16,43,-27
213000294,59,29,30
213000295,5,91,-86
213000296,45,15,30
213000297,11,49,-38
213000298,17,83,-66
213000299,60,22,38
213000300,2,3,-1
213000303,2,11,-9
213000304,2,5,-3
213000305,4,12,-8
213000306,28,46,-18
213000307,49,97,-48
213000308,79,112,-33
213000309,144,55,89
213000310,388,224,164
213000311,168,675,-507
213000315,92,81,11
213000316,129,50,79
213000322,102,54,48
213000323,164,58,106
213000324,75,15,60
213000325,72,40,32
213000326,42,16,26
213000327,53,24,29
213000328,25,104,-79
213000329,123,8,115
213000340,158,236,-78
213000341,589,77,512
213000346,153,342,-189
213000347,388,480,-92
213000348,3,157,-154
213000349,5,35,-30
213000350,245,600,-355
213000366,69,164,-95
213000367,303,12,291
213000379,34,98,-64
213000386,25,130,-105
213000406,101,171,-70
213000417,1097,442,655
213000425,294,27,267
213000426,196,13,183
213000427,43,89,-46
213000428,38,71,-33
213000429,6,0,6
213000430,66,235,-169
213000431,11,3,8
213000432,1,13,-12
213000433,35,97,-62
213000434,113,69,44
213000435,130,45,85
213000436,40,38,2
213000437,0,2,-2
213000438,175,28,147
213000439,25,6,19
213000440,9,192,-183
213000441,1,3,-2
213000442,1,14,-13
213000443,405,194,211
213000444,29,9,20
213000445,1,83,-82
213000446,0,17,-17
213000447,0,34,-34
213000448,13,124,-111
213000449,507,6,501
213000450,20,26,-6
213000451,185,56,129
213000452,22,15,7
213000453,19,196,-177
213000455,97,1,96
213000456,0,72,-72
213000481,4,2,2
213000482,31,1,30
213000489,128,41,87
213000491,8,119,-111
213000492,63,0,63
213000493,2,88,-86
213000494,269,80,189
213000495,1,20,-19
213000496,397,94,303
213000497,40,178,-138
213000498,140,74,66
213000499,189,156,33
213000500,498,41,457
213000501,102,32,70
213000502,152,164,-12
213000503,1,32,-31
213000504,9,21,-12
213000505,13,10,3
213000506,0,9,-9
213000507,10,81,-71
213900244,58,0,58
213900245,0,18,-18
218000003,7,15,-8
218000004,11,13,-2
218000005,34,29,5
218000006,50,13,37
218000007,9,3,6
218000012,115,70,45
218000013,128,143,-15
218000014,275,331,-56
218000019,307,367,-60
218000020,167,269,-102
218000021,19,25,-6
218000022,2,5,-3
218000023,2,6,-4
218000024,1,2,-1
218000025,6,8,-2
218000026,7,11,-4
218000027,0,3,-3
218000028,0,1,-1
218000029,0,4,-4
218000030,6,7,-1
218000031,4,12,-8
218000032,0,7,-7
218000040,0,1,-1
218000046,45,32,13
218000047,6,47,-41
218000048,25,43,-18
218000049,58,38,20
218000050,213,124,89
218000051,43,75,-32
218000052,0,34,-34
218000053,2,7,-5
218000054,1,14,-13
218000055,3,4,-1
218000056,9,8,1
218000057,1,15,-14
218000064,0,6,-6
218000065,65,26,39
218000066,13,25,-12
218000067,70,63,7
218000068,83,49,34
218000069,246,70,176
218000070,168,97,71
218000071,114,134,-20
218000072,127,136,-9
218000078,1026,328,698
218000079,154,52,102
218000080,113,47,66
218000081,463,153,310
218000082,36,71,-35
218000083,82,37,45
218000084,149,103,46
218000085,161,190,-29
218000086,86,94,-8
218000087,211,87,124
218000090,10,92,-82
218000091,889,414,475
218000092,72,102,-30
218000093,45,27,18
218000094,310,339,-29
218000099,252,571,-319
218000100,321,170,151
218000101,263,125,138
218000102,420,91,329
218000103,68,67,1
218000104,111,32,79
218000105,13,23,-10
218000106,11,10,1
218000107,56,15,41
218000108,4,6,-2
218000112,35,26,9
218000117,36,50,-14
218000134,502,269,233
218000135,13,56,-43
218000136,134,82,52
218000137,170,72,98
218000138,60,80,-20
218000139,149,167,-18
218000140,431,151,280
218000141,70,33,37
218000142,196,84,112
218000143,48,185,-137
218000144,18,71,-53
218000145,363,259,104
218000146,66,121,-55
218000151,0,6,-6
218000152,85,33,52
218000153,7,9,-2
218000154,7,0,7
218000155,32,0,32
218000156,68,12,56
218000157,46,14,32
218000158,21,8,13
218000159,1,6,-5
218000160,7,15,-8
218000161,40,2,38
218000162,29,3,26
218000163,14,0,14
218000164,42,0,42
218000165,95,10,85
218000170,10,22,-12
218000171,35,14,21
218000172,8,7,1
218000173,12,6,6
218000174,19,16,3
218000176,210,66,144
218000177,257,153,104
218000178,67,155,-88
218000179,75,65,10
218000180,96,28,68
218000181,183,20,163
218000187,11,52,-41
218000188,17,26,-9
218000189,34,37,-3
218000190,14,9,5
218000191,167,30,137
218000192,147,117,30
218000193,358,166,192
218000194,131,157,-26
218000195,102,37,65
218000196,306,148,158
218000197,455,180,275
218000198,33,80,-47
218000199,51,14,37
218000200,45,24,21
218000201,19,5,14
218000202,49,246,-197
218000207,3,5,-2
218000208,8,28,-20
218000211,18,14,4
218000212,1,1,0
218000213,49,47,2
218000214,6,12,-6
218000215,14,24,-10
218000217,4,28,-24
218000218,83,21,62
218000219,2,18,-16
218000220,24,255,-231
218000221,365,154,211
218000222,0,17,-17
218000223,17,190,-173
218000224,8,146,-138
218000225,220,36,184
218000226,175,58,117
218000230,0,2,-2
218000232,33,24,9
218000239,97,7,90
218000240,6,3,3
218000241,28,2,26
218000242,11,1,10
218000243,11,4,7
218000244,21,1,20
218000245,6,0,6
218000246,0,1,-1
218000247,1,0,1
218000248,0,25,-25
218000249,0,1,-1
218000250,2,16,-14
218000251,3,84,-81
218000252,2,178,-176
218000253,4,129,-125
218000254,0,55,-55
218000255,3,36,-33
218000256,6,47,-41
218000267,231,733,-502
218000268,2,31,-29
218000269,1,22,-21
218000270,102,21,81
218000271,6,23,-17
218000273,23,2,21
218000274,7,5,2
218000275,27,37,-10
218000276,14,12,2
218000278,8,24,-16
218000279,64,26,38
218000280,2,14,-12
218000281,8,24,-16
218000282,413,459,-46
218000284,49,2,47
218000301,92,106,-14
218000302,57,25,32
218000303,15,49,-34
218000316,662,476,186
218000317,1269,418,851
218000318,853,335,518
218000319,995,523,472
218000320,690,346,344
218000338,35,29,6
218000345,74,55,19
218000346,20,106,-86
218000459,18,92,-74
218000490,25,23,2
218000501,87,25,62
218000502,65,42,23
218000503,109,15,94
218000504,84,28,56
218000505,27,70,-43
218000506,14,139,-125
218000508,2,0,2
218000510,106,10,96
218000520,109,78,31
218000521,3,17,-14
218000522,1,119,-118
218000523,112,4,108
218000524,10,125,-115
218000525,121,15,106
218000526,14,116,-102
218000529,23,86,-63
218000530,7,2,5
218000531,11,23,-12
218000532,34,9,25
218000534,154,9,145
218000537,14,52,-38
218000538,84,228,-144
218000540,65,60,5
218000543,139,39,100
218000544,30,37,-7
218000545,83,61,22
218000546,34,42,-8
218000547,143,134,9
218000548,133,64,69
218000549,549,274,275
218000550,120,138,-18
218000551,42,344,-302
218000552,207,57,150
218000553,12,76,-64
218000554,16,19,-3
218000555,28,32,-4
218000556,207,122,85
218000557,339,107,232
218000558,68,1,67
218000559,0,23,-23
218000560,0,39,-39
218000561,16,0,16
218000562,18,108,-90
218000563,171,34,137
218000564,5,126,-121
218000565,95,44,51
218000566,101,22,79
218000567,2,77,-75
218000568,18,0,18
218000569,1,129,-128
218000570,35,8,27
218000571,0,103,-103
218000572,102,2,100
218000573,3,86,-83
218000574,20,14,6
218000575,98,0,98
218000576,1,53,-52
218000577,96,1,95
218000578,0,62,-62
218000579,11,10,1
218000581,5,41,-36
218000582,35,2,33
218000583,7,0,7
218000584,0,17,-17
218000585,43,2,41
218000586,10,16,-6
218000587,1,2,-1
218000588,0,4,-4
218000589,0,3,-3
218000590,3,1,2
218000591,3,3,0
218000592,3,15,-12
218000593,0,1,-1
218000594,0,4,-4
218000597,0,3,-3
218000598,0,2,-2
218000599,0,0,0
218000600,3,0,3
218000601,0,1,-1
218000602,0,4,-4
218000603,0,2,-2
218000604,18,2,16
218000605,0,31,-31
218000606,89,1,88
218000607,18,32,-14
218000608,45,14,31
218000609,10,38,-28
218000610,60,10,50
218000611,13,3,10
218000612,1,49,-48
218000613,49,0,49
218000614,0,45,-45
218000615,125,1,124
218000616,8,91,-83
218000617,11,2,9
218000618,1,11,-10
218000619,11,34,-23
218000620,13,3,10
218000621,0,3,-3
218000622,0,10,-10
218000623,26,2,24
218000624,1,36,-35
218000625,6,2,4
218000626,0,4,-4
218000628,206,59,147
218000631,24,6,18
218000632,2,115,-113
218000633,85,0,85
218000634,2,26,-24
218000635,7,18,-11
218000636,776,521,255
218000637,956,256,700
218000638,214,18,196
218000639,8,50,-42
218000640,325,19,306
218000641,77,90,-13
218000652,26,12,14
218000653,175,64,111
218000663,11,87,-76
218000675,25,35,-10
218000676,0,5,-5
218000677,13,0,13
218000680,152,228,-76
218000681,406,196,210
218000691,189,68,121
218000693,294,118,176
218000703,2,10,-8
218000718,71,331,-260
218000719,112,177,-65
218000720,4,147,-143
218000721,34,27,7
218000725,7,4,3
218001147,3,27,-24
218001214,6,32,-26
218001258,103,6,97
218001329,75,105,-30
218001330,56,46,10
218001351,21,10,11
218001352,6,32,-26
218001353,6,5,1
218001354,3,25,-22
218001355,6,66,-60
218001356,405,18,387
218001357,5,38,-33
218001358,326,14,312
218001361,414,5,409
218001362,0,31,-31
219000001,30,27,3
219000002,25,28,-3
219000003,52,43,9
219000004,44,40,4
219000017,63,68,-5
219000020,143,61,82
219000022,113,10,103
219000023,50,3,47
219000029,0,51,-51
219000034,33,12,21
219000039,81,159,-78
219000040,43,86,-43
219000041,88,18,70
219000051,0,24,-24
219000052,0,7,-7
219000053,3,60,-57
219000054,11,65,-54
219000055,254,0,254
219000056,3,1,2
219000057,66,0,66
219000062,26,34,-8
219000063,72,5,67
219000064,2,39,-37
219000110,255,84,171
219000111,49,38,11
219000112,196,68,128
219000113,124,26,98
219000114,99,63,36
219000116,118,38,80
219000117,148,83,65
219000118,170,65,105
219000123,107,77,30
219000124,47,46,1
219000125,9,8,1
219000126,39,86,-47
219000127,0,6,-6
219000128,7,73,-66
219000129,14,99,-85
219000130,166,432,-266
219000131,473,768,-295
219000133,23,54,-31
219000134,11,28,-17
219000135,28,53,-25
219000136,81,132,-51
219000138,49,11,38
219000139,41,26,15
219000140,64,1,63
219000141,28,40,-12
219000142,14,52,-38
219000143,7,26,-19
219000145,13,19,-6
219000146,7,18,-11
219000147,1,12,-11
219000148,1,10,-9
219000149,8,31,-23
219000150,1,36,-35
219000151,0,6,-6
219000157,234,102,132
219000158,107,136,-29
219000161,73,1,72
219000163,637,362,275
219000166,90,120,-30
219000167,91,127,-36
219000168,197,71,126
219000174,391,102,289
219000175,57,4,53
219000176,108,4,104
219000177,54,0,54
219000178,60,0,60
219000179,22,4,18
219000180,27,23,4
219000182,100,24,76
219000183,68,14,54
219000184,86,8,78
219000185,1,15,-14
219000186,85,8,77
219000187,17,45,-28
219000189,26,112,-86
219000190,55,125,-70
219000191,196,1380,-1184
219000192,124,120,4
219000193,137,71,66
219000195,1,31,-30
219000196,3,71,-68
219000198,12,67,-55
219000199,25,184,-159
219000200,39,99,-60
219000201,47,123,-76
219000203,26,113,-87
219000204,73,298,-225
219000205,41,202,-161
219000207,110,175,-65
219000209,19,34,-15
219000210,11,58,-47
219000213,2,100,-98
219000239,126,152,-26
219000240,156,252,-96
219000241,100,85,15
219000242,25,83,-58
219000243,95,193,-98
219000244,18,43,-25
219000245,17,27,-10
219000246,28,23,5
219000247,156,26,130
219000248,266,336,-70
219000249,126,114,12
219000250,100,82,18
219000251,429,211,218
219000252,193,125,68
219000253,302,69,233
219000255,105,93,12
219000256,197,62,135
219000257,86,0,86
219000262,63,49,14
219000263,44,51,-7
219000267,1,26,-25
219000268,3,1,2
219000269,7,2,5
219000270,14,0,14
219000271,138,2,136
219000278,0,3,-3
219000279,0,1,-1
219000283,0,7,-7
219000295,7,41,-34
219000296,32,174,-142
219000297,39,55,-16
219000298,5,58,-53
219000299,334,50,284
219000300,35,69,-34
219000301,80,212,-132
219000302,44,117,-73
219000307,38,19,19
219000308,56,43,13
219000311,181,67,114
219000312,435,94,341
219000313,341,42,299
219000314,39,161,-122
219000315,239,23,216
219000316,546,28,518
219000317,127,15,112
219000320,1,30,-29
219000321,1,9,-8
219000323,2,29,-27
219000325,16,7,9
219000326,34,36,-2
219000327,40,33,7
219000328,13,49,-36
219000329,243,95,148
219000330,23,22,1
219000331,36,51,-15
219000332,124,76,48
219000333,28,1,27
219000335,58,4,54
219000337,14,0,14
219000338,20,0,20
219000344,8,46,-38
219000345,22,59,-37
219000346,17,43,-26
219000348,130,44,86
219000349,69,67,2
219000350,74,380,-306
219000351,1,5,-4
219000352,338,74,264
219000353,77,38,39
219000354,188,76,112
219000355,122,42,80
219000356,366,1113,-747
219000363,157,54,103
219000364,75,38,37
219000365,77,17,60
219000366,137,330,-193
219000368,182,499,-317
219000370,498,495,3
219000371,4,20,-16
219000382,8,22,-14
219000383,227,1016,-789
219000385,220,428,-208
219000386,411,1371,-960
219000387,0,10,-10
219000390,5,0,5
219000391,8,0,8
219000397,23,25,-2
219000398,35,42,-7
219000401,13,53,-40
219000402,23,40,-17
219000403,54,186,-132
219000404,15,74,-59
219000407,5,28,-23
219000409,43,46,-3
219000410,88,17,71
219000411,66,16,50
219000446,48,300,-252
219000447,2,18,-16
219000448,4,6,-2
219000452,74,85,-11
219000453,49,173,-124
219000454,107,286,-179
219000556,238,61,177
219000558,123,85,38
219000590,14,123,-109
219000591,106,34,72
219000592,79,175,-96
219000595,4,12,-8
219000635,124,20,104
219000636,50,20,30
219000657,20,12,8
219000658,19,118,-99
219000673,0,13,-13
219000676,7,2,5
219000679,30,8,22
219000684,65,5,60
219000685,1,33,-32
219000686,0,2,-2
219000688,0,26,-26
219000689,11,120,-109
219000690,102,22,80
219000691,20,139,-119
219000692,99,23,76
219000693,0,8,-8
219000694,16,0,16
219000695,55,0,55
219000698,11,0,11
219000699,0,39,-39
219000727,0,70,-70
219000728,73,1,72
219000770,22,2,20
219000771,2,45,-43
219000788,178,162,16
219001150,0,40,-40
219001151,0,1,-1
219001166,15,40,-25
219001167,0,42,-42
219001178,66,2,64
220000001,19,83,-64
220000002,6,72,-66
220000003,208,111,97
220000004,299,194,105
220000005,584,1394,-810
220000006,87,580,-493
220000007,342,165,177
220000008,291,314,-23
220000009,237,221,16
220000010,122,44,78
220000011,337,2175,-1838
220000012,30,165,-135
220000014,119,38,81
220000015,74,346,-272
220000017,23,175,-152
220000018,4032,1511,2521
220000019,80,320,-240
220000020,337,142,195
220000021,662,108,554
220000022,932,245,687
220000023,307,137,170
220000024,963,364,599
220000025,878,1381,-503
220000026,223,442,-219
220000027,18,97,-79
220000028,35,42,-7
220000029,31,63,-32
220000030,37,45,-8
220000031,477,244,233
220000064,42,899,-857
221000046,6,0,6
221000047,0,0,0
221000048,0,1,-1
221000049,0,3,-3
221000050,5,0,5
221000055,22,34,-12
221000057,54,11,43
221000068,187,74,113
221000069,247,44,203
221000070,180,21,159
221000071,88,7,81
221000072,178,8,170
221000073,97,12,85
221000074,0,7,-7
221000075,8,15,-7
221000076,7,13,-6
221000077,4,77,-73
221000081,9,3,6
221000082,54,3,51
221000083,9,0,9
221000084,6,2,4
221000085,7,42,-35
221000086,21,51,-30
221000087,6,82,-76
221000088,8,78,-70
221000089,23,147,-124
221000090,65,436,-371
221000098,130,13,117
221000099,160,20,140
221000100,90,2,88
221000101,174,19,155
221000102,130,10,120
221000109,8,69,-61
221000110,9,33,-24
221000111,12,85,-73
221000112,4,77,-73
221000113,21,62,-41
221000114,22,97,-75
221000120,21,32,-11
221000121,2,32,-30
221000122,30,35,-5
221000123,6,24,-18
221000124,11,118,-107
221000155,70,8,62
221000156,52,41,11
221000175,1,9,-8
221000176,0,3,-3
221000182,31,3,28
221000241,490,234,256
221000242,117,277,-160
221000243,391,188,203
221000244,281,355,-74
221000245,87,68,19
221000246,27,199,-172
221000247,105,92,13
221000248,133,98,35
221000267,33,335,-302
221000325,24,27,-3
221000331,7,48,-41
221000338,18,37,-19
221000378,207,16,191
221000381,21,53,-32
222000282,12,2,10
222000296,2,11,-9
222000568,339,18,321
222000569,156,43,113
222000570,129,30,99
222000571,374,26,348
222000577,14,77,-63
222000578,5,68,-63
222000579,30,38,-8
222000580,55,325,-270
222000599,0,76,-76
222000600,0,108,-108
222000601,7,447,-440
222000603,9,23,-14
222000604,2,28,-26
222000605,9,27,-18
222000606,0,10,-10
222000607,11,7,4
222000608,17,27,-10
222000609,32,59,-27
222000616,469,18,451
222000617,4,27,-23
222000618,1,3,-2
222000620,8,27,-19
222000621,24,21,3
222000623,507,16,491
222000624,391,9,382
222000625,568,5,563
222000636,22,3,19
222000686,10,38,-28
222000687,30,19,11
222001066,224,1,223
222001067,33,1,32
222001068,62,11,51
222001069,43,17,26
222001082,11,11,0
222001083,23,16,7
222001084,0,23,-23
222001085,0,101,-101
222001111,26,49,-23
222001112,171,21,150
222001313,28,12,16
222001314,7,66,-59
222001464,192,49,143
222001465,26,58,-32
222001484,139,28,111
222001485,17,54,-37
222001494,710,135,575
222001495,95,67,28
222001496,281,77,204
222001497,71,132,-61
222001502,16,56,-40
222001503,123,24,99
222001504,20,159,-139
222001505,324,7,317
222001506,48,196,-148
222001507,201,11,190
222001510,463,18,445
222001511,41,139,-98
222001514,554,112,442
222001515,132,188,-56
222001518,317,39,278
222001519,51,64,-13
222001527,192,61,131
222001528,15,84,-69
222001529,344,29,315
222001530,59,117,-58
222001533,127,144,-17
222001534,319,74,245
222001535,229,264,-35
222001536,37,83,-46
222001537,351,50,301
222001538,65,199,-134
222001563,850,65,785
222001564,81,163,-82
222001568,198,183,15
222001576,0,2,-2
222001579,0,3,-3
222001583,9,54,-45
222001584,115,13,102
222001596,311,622,-311
222001597,970,273,697
222001626,0,62,-62
222001650,33,106,-73
222001651,47,262,-215
222001914,177,30,147
222001915,22,121,-99
222001968,386,208,178
222001969,215,300,-85
222001970,113,166,-53
222001971,38,4,34
222001972,3,7,-4
225000001,345,108,237
225000002,599,127,472
225000003,579,55,524
225000004,383,177,206
225000005,67,47,20
225000006,0,99,-99
225000007,751,830,-79
225000010,203,10,193
225000011,200,863,-663
225000012,181,446,-265
225000013,62,85,-23
225000014,467,60,407
225000015,73,49,24
225000021,626,97,529
225000027,104,271,-167
225000032,518,107,411
225000042,33,327,-294
225000049,35,28,7
225000050,110,0,110
225000053,8,136,-128
225000058,427,128,299
225000067,168,89,79
225000068,64,130,-66
225000069,89,252,-163
225000070,83,155,-72
225000071,23,61,-38
225000075,10,335,-325
225000076,26,74,-48
225000078,47,25,22
225000085,86,78,8
225000086,162,46,116
225000087,109,7,102
225000088,16,115,-99
225000089,56,729,-673
225000090,29,284,-255
225000091,133,48,85
225000092,38,35,3
225000093,171,160,11
225000094,8,123,-115
225000095,161,203,-42
225000096,145,253,-108
225000098,539,193,346
225000099,280,118,162
225000100,354,101,253
225000104,85,211,-126
225000110,4,189,-185
225000111,143,547,-404
225000112,166,616,-450
225000113,129,420,-291
225000114,56,157,-101
225000115,804,364,440
225000116,509,123,386
225000117,538,180,358
225000118,881,174,707
225000119,214,41,173
225000120,561,13,548
225000121,119,9,110
225000123,376,6,370
225000125,473,89,384
225000126,601,154,447
225000127,477,949,-472
225000128,335,621,-286
225000132,370,35,335
225000133,235,24,211
225000134,521,124,397
225000135,54,10,44
225000136,277,8,269
225000137,234,39,195
225000138,367,68,299
225000143,39,104,-65
225000144,3,191,-188
225000145,20,8,12
225000146,32,26,6
225000147,16,64,-48
225000148,10,75,-65
225000149,25,181,-156
225000151,26,83,-57
225000155,256,225,31
225000156,113,495,-382
225000157,278,188,90
225000158,63,128,-65
225000171,5,61,-56
225000180,66,27,39
225000181,1,37,-36
225000182,50,2,48
225000185,3,246,-243
225000187,23,213,-190
225000191,50,1,49
225000194,0,11,-11
225000208,1,36,-35
225000209,72,7,65
225000210,2,132,-130
225000217,0,14,-14
225000218,6,0,6
225000223,0,35,-35
225000224,31,0,31
225000225,1,19,-18
225000226,23,1,22
225000227,18,45,-27
225000228,6,2,4
225000229,0,25,-25
225000230,14,1,13
225000231,0,12,-12
225000232,89,0,89
225000241,46,3,43
225000242,0,23,-23
225000249,3,0,3
225000250,47,322,-275
225000251,364,30,334
225000256,0,0,0
225000257,0,0,0
226000042,115,228,-113
226000043,49,162,-113
226000044,48,199,-151
226000045,28,125,-97
226000046,432,49,383
226000047,370,96,274
226000048,417,90,327
226000049,297,155,142
226000070,0,18,-18
226000071,0,28,-28
226000072,0,10,-10
226000073,0,6,-6
226000074,0,7,-7
226000084,2,12,-10
226000085,0,6,-6
226000086,1,10,-9
226000087,3,13,-10
226000088,13,19,-6
226000090,97,126,-29
226000091,14,47,-33
226000092,2,12,-10
226000093,11,2,9
226000094,7,1,6
226000095,10,8,2
226000105,9,1,8
226000106,1,0,1
226000107,14,0,14
226000108,43,1,42
226000109,84,0,84
226000124,100,44,56
226000134,651,497,154
226000135,1200,381,819
226000136,495,358,137
226000137,7,123,-116
226000138,15,65,-50
226000139,0,16,-16
226000156,210,6,204
226000157,172,4,168
226000163,33,74,-41
226000202,7,113,-106
226000231,407,3,404
226000232,31,1,30
227000033,387,57,330
227000036,390,34,356
227000037,409,24,385
227000038,132,22,110
227000084,0,85,-85
227000085,0,40,-40
227000088,29,5,24
227000089,71,0,71
227000090,20,0,20
227000091,12,0,12
227000092,30,0,30
227000093,122,1,121
227000094,5,0,5
227000130,26,125,-99
227000131,16,88,-72
227000132,9,92,-83
227000133,11,93,-82
227000134,16,162,-146
227000152,0,3,-3
227000153,0,77,-77
227000154,0,40,-40
227000155,1,19,-18
227000156,0,9,-9
227000165,3,133,-130
227000196,370,98,272
227000199,393,170,223
227000230,12,192,-180
227000232,520,34,486
227000242,39,314,-275
227000243,439,55,384
227000245,12,186,-174
227000246,62,176,-114
227000247,461,50,411
227000248,149,53,96
227000249,27,127,-100
227000250,297,178,119
227000251,61,200,-139
227000252,15,115,-100
227000253,197,16,181
227000262,459,44,415
227000266,1259,14,1245
227000267,16,554,-538
227000282,2,41,-39
227000284,515,18,497
227000286,0,24,-24
227000287,18,49,-31
227000291,0,188,-188
227000484,139,12,127
227000485,10,456,-446
227000655,183,11,172
227000656,431,15,416
227000657,73,0,73
227000661,233,13,220
227000680,113,103,10
229000265,9,16,-7
229000296,1,7,-6
229000297,5,19,-14
229000298,3,80,-77
229000320,13,3,10
229000321,19,3,16
229000412,7,41,-34
229000414,6,36,-30
229000415,7,6,1
229000416,0,6,-6
229000417,3,1,2
229000419,53,206,-153
229000440,236,82,154
229000442,12,3,9
229000443,3,2,1
229000444,1,16,-15
229000445,80,8,72
229000446,84,4,80
229000491,0,10,-10
229000492,3,17,-14
229000493,4,30,-26
229000494,26,1,25
229000495,118,0,118
229000496,60,2,58
229000507,0,19,-19
229000508,1,27,-26
229000509,0,47,-47
229000510,0,15,-15
229000511,1,13,-12
229000512,1,15,-14
229000513,0,3,-3
229000514,0,2,-2
229000517,3,3,0
229000518,15,4,11
229000519,0,4,-4
229000520,7,13,-6
229000521,41,7,34
229000522,3,2,1
229000523,4,0,4
229000524,0,2,-2
229000527,0,0,0
229000528,0,0,0
229000529,4,0,4
229000530,56,0,56
229000531,30,1,29
229000532,8,0,8
229000533,42,0,42
229000534,25,1,24
229000564,66,0,66
229000565,28,0,28
229000566,1,3,-2
229000567,0,6,-6
229000582,49,0,49
229000583,4,3,1
229000584,0,3,-3
229000585,0,44,-44
229000718,0,0,0
229000719,0,3,-3
229000720,0,1,-1
229000721,0,2,-2
229000722,0,2,-2
229000723,0,6,-6
229000724,0,1,-1
229000725,0,0,0
229000738,0,0,0
229000739,0,0,0
229000740,1,0,1
229000741,21,0,21
229000742,6,0,6
229000743,11,0,11
229000744,0,0,0
229000745,2,0,2
229000746,6,0,6
229000847,30,0,30
229000848,15,0,15
229000849,69,1,68
229000851,41,0,41
229000854,0,6,-6
229000856,0,15,-15
229000857,0,12,-12
229000858,0,15,-15
229000919,6,37,-31
229000930,0,153,-153
229000937,69,3,66
229000966,45,27,18
229000981,11,14,-3
229000985,8,28,-20
229000986,2,3,-1
229000987,0,0,0
229000988,4,7,-3
229000989,11,4,7
229000990,0,2,-2
229000991,0,2,-2
229000992,7,1,6
229000993,130,5,125
229000998,2,48,-46
229000999,68,10,58
229001034,1,4,-3
229001035,7,0,7
229001037,30,1,29
229001042,26,3,23
229001047,13,19,-6
229001050,19,22,-3
229001168,0,6,-6
229001200,18,2,16
229001338,3,11,-8
229001394,147,2,145
229001422,106,36,70
229001423,27,76,-49
229001431,39,16,23
229001432,15,40,-25
229001444,189,36,153
229001445,34,90,-56
229001479,17,1,16
229001503,191,43,148
229001504,102,71,31
229001505,116,38,78
229001506,78,51,27
229001509,31,14,17
229001545,86,2,84
229001546,6,44,-38
229001553,68,7,61
229001554,19,39,-20
229001559,0,3,-3
229001560,9,21,-12
229001630,43,5,38
229001631,4,11,-7
229001635,0,6,-6
229001636,1,0,1
229001658,2,45,-43
229001659,59,0,59
229001660,1,4,-3
229001661,5,30,-25
229001662,8,0,8
229001663,0,8,-8
229002584,130,124,6
229002831,81,68,13
229002841,8,7,1
229002842,19,13,6
229002843,33,35,-2
229002844,25,28,-3
229002845,7,47,-40
229002846,8,13,-5
229002847,1,9,-8
229002848,12,4,8
229002849,6,37,-31
229002850,10,0,10
229002851,18,71,-53
229002852,122,14,108
229002853,128,10,118
229002854,41,22,19
229002855,9,17,-8
229002856,18,7,11
229002857,7,56,-49
229002858,15,7,8
229002859,15,33,-18
229002860,63,10,53
229002861,40,19,21
229002862,21,24,-3
229002863,14,17,-3
229002864,42,18,24
229002865,17,8,9
229002866,10,17,-7
229002867,1,18,-17
229002868,7,10,-3
229002869,16,75,-59
229002870,41,9,32
235000066,169,23,146
235000067,68,84,-16
235000072,22,66,-44
235000073,64,245,-181
235000074,43,11,32
235000080,16,34,-18
235000081,107,50,57
235000082,109,17,92
235000083,200,17,183
235000084,55,29,26
235000085,128,34,94
235000089,20,15,5
235000092,38,86,-48
235000093,10,7,3
235000097,2,10,-8
235000098,48,4,44
235000099,42,15,27
235000116,31,11,20
235000117,280,15,265
235000133,10,344,-334
235000134,7,134,-127
235000206,10,6,4
235000207,1,7,-6
235000208,1,2,-1
235000209,10,0,10
235000210,5,1,4
235000212,0,5,-5
235000213,0,5,-5
235000220,1,5,-4
235000221,42,13,29
235000238,13,91,-78
235000239,0,45,-45
235000242,312,520,-208
235000245,237,127,110
235000246,3,51,-48
235000284,13,103,-90
235000295,56,15,41
235000305,252,28,224
235000306,355,14,341
235000307,15,2,13
235000308,12,0,12
235000309,68,1,67
235000310,31,0,31
235000311,39,18,21
235000322,0,29,-29
235000323,0,36,-36
235000324,0,27,-27
235000325,0,8,-8
235000326,0,50,-50
235000351,14,65,-51
235000352,5,22,-17
235000353,8,15,-7
235000354,5,56,-51
235000355,22,71,-49
235000356,32,2,30
235000357,40,3,37
235000358,12,5,7
235000359,13,7,6
235000360,26,6,20
235000361,39,6,33
235000381,100,48,52
235000382,137,17,120
235000390,12,0,12
235000391,163,4,159
235000392,160,228,-68
235000393,101,94,7
235000395,126,24,102
235000396,471,30,441
235000400,52,35,17
235000401,10,62,-52
235000405,64,101,-37
235000406,19,84,-65
235000407,23,51,-28
235000409,93,63,30
235000410,34,116,-82
235000411,1,14,-13
235000485,0,8,-8
235000486,8,0,8
235000549,83,56,27
235000550,75,49,26
235000599,153,40,113
235000600,7,13,-6
235000601,17,20,-3
235000602,101,52,49
235000614,0,9,-9
235000648,0,2,-2
235000649,23,6,17
235000685,2,6,-4
235000815,18,147,-129
235000834,0,6,-6
235000855,24,27,-3
235000862,11,38,-27
235000891,0,16,-16
235000892,7,0,7
235000901,52,27,25
235000907,4,13,-9
235001010,54,27,27
235001029,161,165,-4
235001030,252,148,104
235001078,62,53,9
235001079,18,50,-32
235001147,4,27,-23
235001166,8,33,-25
235001167,53,13,40
235001169,18,264,-246
235001188,1,6,-5
235001189,1,3,-2
235001197,3,21,-18
235001200,57,34,23
235001207,144,19,125
235001210,12,51,-39
235001215,7,59,-52
235001239,0,36,-36
235001244,0,13,-13
235016267,0,23,-23
277101746,0,2,-2
277102712,7,2,5
277103813,0,0,0
277103898,0,5,-5
277104249,0,2,-2
277104250,0,1,-1
277104251,0,9,-9
277104252,0,1,-1
990011530,0,193,-193
990014944,2,138,-136
990015176,51,3,48
990015618,0,73,-73
990016032,0,194,-194
990032570,1,25,-24
990070001,57,0,57
990070103,0,0,0
990070601,3,39,-36
990070751,1121,2,1119
990070766,1,138,-137
990071180,399,102,297
990071343,12,1,11
990071387,0,5,-5
990071823,363,22,341
990072600,6,968,-962
990072964,1,222,-221
990073285,0,0,0
990074393,2,408,-406
990074870,1412,15,1397
990075106,647,1,646
990075746,527,24,503
990076437,1652,2,1650
990076458,1,192,-191
997000007,210,26,184
997000041,1,213,-212
997000058,48,0,48
997000062,7,0,7
997000069,0,3,-3
997000070,0,10,-10
997000100,50,1,49
997000141,0,317,-317
997000198,17,539,-522
998000475,0,1,-1
998000736,0,64,-64
998000965,0,13,-13
998001031,1,66,-65
998001700,0,33,-33
998001899,0,1,-1
998001900,5,1,4
998003073,665,3,662
998101900,0,0,0
998102850,2,173,-171
998501927,449,797,-348
998501929,137,6,131
998501930,45,1,44
998501931,96,2,94
998501932,1,0,1
998501933,74,25,49
998501937,12,0,12
998501944,5,0,5
998501950,0,63,-63
998501970,58,1,57
998501971,0,66,-66
998501973,0,21,-21
998501974,1,140,-139
998501975,97,7,90
998501976,170,1,169
998501977,0,11,-11
998501978,13,1,12
998501979,0,7,-7
998501980,30,0,30
998501981,30,2,28
998501982,0,96,-96
998501983,0,41,-41
998502006,0,0,0
998502024,0,4,-4
998502032,0,2,-2
998502062,8,0,8
998502063,0,0,0
998502173,29,0,29
998502269,0,2,-2
998502546,0,116,-116
998502578,1,2,-1
998502599,25,207,-182
998601159,0,53,-53
998601292,0,3,-3
999033574,0,145,-145
999800001,73,11,62
999800002,0,5,-5
999800003,1,1,0
999800004,0,2,-2
999800005,0,3,-3
