ID,insum,outsum,diff
100000001,988,671,317
100000002,6728,13145,-6417
100000003,5956,8733,-2777
100000004,356,1564,-1208
100000005,4139,5399,-1260
100000006,785,497,288
100000007,3200,930,2270
100000008,89,977,-888
100000009,523,768,-245
100000010,23,570,-547
100000011,484,168,316
100000012,53,364,-311
100000013,13,309,-296
100000014,277,1179,-902
100000015,1557,2526,-969
100000016,356,3564,-3208
100000017,329,4375,-4046
100000018,1101,879,222
100000019,4367,4829,-462
100000020,2072,8056,-5984
100000021,9000,2157,6843
100000022,1133,8342,-7209
100000023,6200,4833,1367
100000025,794,3526,-2732
100000028,439,4910,-4471
100000029,34,1795,-1761
100000030,42,59,-17
100000031,2637,12315,-9678
100000032,3869,9056,-5187
100000033,1315,6348,-5033
100000034,247,2840,-2593
100000035,927,2756,-1829
100000036,906,2927,-2021
100000037,1008,663,345
100000038,3417,1348,2069
100000039,220,662,-442
100000040,827,256,571
100000041,2105,834,1271
100000042,1619,514,1105
100000043,835,260,575
100000044,308,435,-127
100000045,330,1014,-684
100000046,466,970,-504
100000047,227,445,-218
100000048,155,781,-626
100000049,1763,1787,-24
100000051,827,660,167
100000053,99,21,78
100000054,384,29,355
100000055,654,260,394
100000056,439,865,-426
100000057,2194,747,1447
100000058,1155,724,431
100000059,73,692,-619
100000060,1093,641,452
100000061,2729,812,1917
100000062,1875,1075,800
100000063,1234,511,723
100000064,1843,966,877
100000065,357,920,-563
100000066,164,567,-403
100000067,244,933,-689
100000068,507,2102,-1595
100000069,316,1293,-977
100000072,231,420,-189
100000073,1284,1096,188
100000075,1314,275,1039
100000076,2297,7937,-5640
100000077,91,1215,-1124
100000078,16,98,-82
100000079,17,29,-12
100000080,7,78,-71
100000081,24,168,-144
100000102,4333,13534,-9201
100000103,2565,3158,-593
100000104,7595,3010,4585
100000105,1225,4570,-3345
100000106,914,7485,-6571
100000107,88,2237,-2149
100000108,443,2398,-1955
100000109,608,3481,-2873
100000116,238,992,-754
100000117,45,178,-133
100000118,584,2034,-1450
100000119,1070,1645,-575
100000121,248,1029,-781
100000122,754,7551,-6797
100000123,1086,3483,-2397
100000124,2182,3186,-1004
100000125,16230,3589,12641
100000126,671,2928,-2257
100000127,1473,2781,-1308
100000128,366,5688,-5322
100000129,528,1554,-1026
100000130,1103,219,884
100000131,919,1920,-1001
100000132,1865,2026,-161
100000133,1632,927,705
100000135,976,1544,-568
100000139,107,671,-564
100000140,133,192,-59
100000142,698,1050,-352
100000143,1859,456,1403
100000144,1612,621,991
100000147,2543,6531,-3988
100000150,168,927,-759
100000151,372,3623,-3251
100000153,83,1036,-953
100000154,25,2227,-2202
100000155,4,112,-108
100000156,115,257,-142
100000157,217,251,-34
100000158,258,202,56
100000159,151,3225,-3074
100000165,936,959,-23
100000169,31,3308,-3277
100000174,357,2139,-1782
100000179,52,2065,-2013
100000180,716,2837,-2121
100000181,333,571,-238
100000188,62,282,-220
100000189,926,616,310
100000190,573,2487,-1914
100000191,1537,1086,451
100000192,47,136,-89
100000193,417,155,262
100000330,832,1626,-794
100000355,354,738,-384
100000362,2454,1108,1346
100000363,7596,10752,-3156
100000364,123,317,-194
100000365,8311,12025,-3714
100000366,2009,1437,572
100000367,8452,9600,-1148
100000368,2183,1672,511
100000369,927,3865,-2938
100000370,346,1269,-923
100000376,28,399,-371
100000379,842,7489,-6647
100000380,3805,16888,-13083
100000384,8674,13678,-5004
100000385,2318,9694,-7376
100000386,1906,12620,-10714
100000387,6359,15504,-9145
100000388,1929,5808,-3879
100000389,6901,11126,-4225
100000390,3399,4455,-1056
100000391,3265,10646,-7381
100000392,741,3967,-3226
100000393,880,6608,-5728
100000394,2293,8385,-6092
100000395,1147,8246,-7099
100000396,1124,2540,-1416
100000397,1962,10641,-8679
100000398,6680,4952,1728
100000413,3,1,2
100900002,14,18,-4
100900003,810,405,405
100900004,3,849,-846
100900005,223,9,214
100900006,67,11,56
100900007,281,2,279
100900008,1,507,-506
100900009,57,68,-11
100900010,36,5,31
100900011,276,74,202
100900012,0,69,-69
100900013,1469,7,1462
100900014,3,0,3
100900015,41,77,-36
100900016,0,12,-12
100900017,1747,74,1673
100900018,3,11,-8
100900019,48,82,-34
100900020,728,2,726
100900021,561,0,561
100900022,4,24,-20
100900023,1,52,-51
100900024,492,1,491
100900025,13,7,6
100900026,157,74,83
100900027,726,3858,-3132
100900028,82,752,-670
100900029,32,4,28
100900030,0,544,-544
100900031,1286,34,1252
100900032,672,3,669
100900033,140,1047,-907
100900034,2476,0,2476
100900035,269,1,268
100900036,30,0,30
100900037,175,81,94
100900038,27,270,-243
100900039,263,87,176
100900040,958,517,441
100900041,1954,248,1706
100900042,400,4700,-4300
100900043,0,108,-108
100900044,1402,1281,121
100900045,6,0,6
100900046,1519,23,1496
100900047,686,138,548
100900048,252,38,214
100900049,84,122,-38
100900050,12,41,-29
100900051,30,402,-372
100900052,418,17,401
100900053,997,39,958
100900054,22,14,8
100900055,1106,2045,-939
100900056,34,117,-83
100900057,4092,581,3511
100900058,154,57,97
100900059,196,7,189
100900060,246,12,234
100900061,126,211,-85
100900062,3,10,-7
100900063,351,1271,-920
100900064,738,24,714
100900065,55,221,-166
100900066,204,83,121
100900067,17,3,14
100900068,124,159,-35
100900069,167,5,162
100900070,1045,38,1007
100900071,277,163,114
100900072,0,17,-17
100900073,324,610,-286
100900074,1,13,-12
100900075,2044,155,1889
100900076,6,39,-33
100900077,103,8,95
100900078,395,251,144
100900079,15,28,-13
100900080,132,69,63
100900081,34,127,-93
100900082,397,103,294
100900083,22,119,-97
100900085,13,835,-822
100900086,41,478,-437
100900088,509,125,384
100900089,0,17,-17
100900090,169,2285,-2116
100900091,1,1,0
100900092,98,196,-98
100900093,473,875,-402
100900094,271,128,143
100900095,3,27,-24
100900096,13,782,-769
100900097,3,0,3
100900098,9,28,-19
100900099,4,553,-549
100900100,15,393,-378
100900101,336,57,279
100900102,4,135,-131
100900103,3,7,-4
100900104,27,239,-212
100900105,31,976,-945
100900106,7,7,0
100900107,3711,1055,2656
100900108,0,62,-62
100900109,9,60,-51
100900110,0,29,-29
100900111,27,357,-330
100900112,1,28,-27
100900113,18,18,0
100900114,6,38,-32
100900115,7,82,-75
100900116,1452,524,928
100900117,289,1539,-1250
100900118,29,89,-60
100900119,6,8,-2
100900120,12,22,-10
100900121,561,527,34
100900122,58,118,-60
100900123,304,43,261
100900124,2,3,-1
100900125,0,35,-35
100900126,971,163,808
100900127,6,2,4
100900128,110,1172,-1062
100900129,3,384,-381
100900131,14,159,-145
100900133,134,28,106
100900134,18,9,9
100900135,4,959,-955
100900137,556,231,325
100900138,537,812,-275
100900139,4,28,-24
100900140,3,192,-189
100900141,1,996,-995
100900142,2,11,-9
100900143,329,1260,-931
100900144,3,4,-1
100900145,59,501,-442
100900146,4,20,-16
100900147,23,3566,-3543
100900148,196,206,-10
100900149,11,887,-876
100900150,2,95,-93
100900151,85,413,-328
100900152,206,16,190
100900153,0,389,-389
100900154,0,359,-359
100900155,3,4,-1
100900156,31,1,30
100900157,10,507,-497
100900159,4,112,-108
100900160,57,0,57
100900161,35,2,33
100900162,9,241,-232
100900163,103,91,12
100900164,263,51,212
100900165,29,37,-8
100900166,30,0,30
100900167,4,67,-63
100900168,12,99,-87
100900169,40,991,-951
100900170,19,9,10
100900171,11,697,-686
100900172,0,172,-172
100900173,16,131,-115
100900174,50,49,1
100900176,2105,971,1134
100900177,502,392,110
100900178,315,287,28
100900179,378,534,-156
100900180,1,0,1
100900181,47,65,-18
100900182,70,5,65
100900184,25,68,-43
100900186,696,323,373
100900187,84,94,-10
100900188,29,11,18
100900189,3225,205,3020
100900191,525,1181,-656
100900192,180,553,-373
100900195,137,1303,-1166
100900197,39,82,-43
100900198,25,28,-3
100900199,5,5,0
100900200,988,374,614
100900201,66,988,-922
100900202,93,0,93
100900203,0,96,-96
100900204,56,645,-589
100900205,279,747,-468
100900206,278,278,0
100900207,355,174,181
100900210,75,160,-85
100900211,714,142,572
100900213,160,56,104
100900214,395,181,214
100900215,167,34,133
100900217,140,188,-48
101000001,2026,2518,-492
101000002,9065,11367,-2302
101000003,677,1088,-411
101000004,8917,6734,2183
101000005,5427,7801,-2374
101000006,14264,13604,660
101000007,6010,7439,-1429
101000008,2098,3610,-1512
101000009,3990,1081,2909
101000010,1647,1263,384
101000011,2196,566,1630
101000012,411,941,-530
101000013,649,1996,-1347
101000014,438,525,-87
101000015,2973,2575,398
101000016,296,1323,-1027
101000017,375,861,-486
101000018,1547,15554,-14007
101000020,1483,2532,-1049
101000021,642,1739,-1097
101000022,64,527,-463
101000023,1243,1530,-287
101000025,528,984,-456
101000026,313,23,290
101000027,1876,5972,-4096
101000028,1726,419,1307
101000029,52,1953,-1901
101000030,1068,187,881
101000031,67,892,-825
101000032,2205,6250,-4045
101000033,1536,10684,-9148
101000034,892,5179,-4287
101000035,451,987,-536
101000036,470,4434,-3964
101000037,1247,6415,-5168
101000039,1974,7300,-5326
101000040,3706,10484,-6778
101000041,2519,8576,-6057
101000042,58,1516,-1458
101000043,3896,12480,-8584
101000045,288,1187,-899
101000046,1160,2738,-1578
101000047,1054,6126,-5072
101000048,725,735,-10
101000049,609,3805,-3196
101000050,591,3020,-2429
101000051,546,3106,-2560
101000052,1927,2820,-893
101000053,514,2102,-1588
101000054,3513,1176,2337
101000055,1697,2376,-679
101000056,24,252,-228
101000057,657,4620,-3963
101000058,907,3814,-2907
101000059,3070,4377,-1307
101000060,3364,2624,740
101000061,397,3263,-2866
101000062,273,1206,-933
101000063,235,2596,-2361
101000064,276,2361,-2085
101000065,158,2007,-1849
101000066,334,2341,-2007
101000067,222,1066,-844
101000068,46,408,-362
101000069,290,171,119
101000070,372,915,-543
101000071,6124,2657,3467
101000072,783,3444,-2661
101000073,435,1473,-1038
101000074,1962,4586,-2624
101000075,2082,3605,-1523
101000077,2337,2150,187
101000078,884,1457,-573
101000079,811,1338,-527
101000080,691,965,-274
101000081,2231,1691,540
101000082,2380,2470,-90
101000083,4619,2880,1739
101000084,1100,606,494
101000085,2101,1794,307
101000086,1003,1538,-535
101000087,1182,1457,-275
101000088,2411,1996,415
101000089,1401,2390,-989
101000090,2206,848,1358
101000091,1058,511,547
101000092,3333,653,2680
101000093,2475,668,1807
101000094,1341,964,377
101000095,947,656,291
101000096,1008,415,593
101000097,619,2093,-1474
101000098,516,2043,-1527
101000099,818,1941,-1123
101000100,877,2537,-1660
101000101,211,2388,-2177
101000102,485,3197,-2712
101000103,515,1958,-1443
101000104,568,1192,-624
101000105,119,1064,-945
101000106,136,3328,-3192
101000107,274,937,-663
101000108,813,129,684
101000109,1389,292,1097
101000110,56,213,-157
101000111,53,344,-291
101000113,150,1703,-1553
101000114,1946,8531,-6585
101000115,7,23,-16
101000116,27,77,-50
101000117,1734,415,1319
101000119,57,141,-84
101000120,62,156,-94
101000121,11,63,-52
101000122,84,67,17
101000123,15,66,-51
101000124,471,505,-34
101000125,71,151,-80
101000128,159,2508,-2349
101000130,223,210,13
101000131,2496,461,2035
101000132,1281,592,689
101000135,8,40,-32
101000136,112,134,-22
101000137,24,882,-858
101000141,686,8006,-7320
101000147,2105,395,1710
101000148,1171,10,1161
101000149,11,83,-72
101000150,242,218,24
101000151,532,69,463
101000152,635,637,-2
101000153,523,290,233
101000154,791,852,-61
101000155,800,333,467
101000156,90,1060,-970
101000157,56,458,-402
101000160,8,19,-11
101000163,49,881,-832
101000164,431,130,301
101000165,379,928,-549
101000166,259,305,-46
101000168,1225,822,403
101000252,3706,1269,2437
101000254,18,64,-46
101000258,70,8,62
101000261,32,100,-68
101000262,4114,9441,-5327
101000263,471,2011,-1540
101000265,163,894,-731
101000266,568,518,50
101000269,13,75,-62
101000290,334,4728,-4394
101000293,10,50,-40
101000294,1112,1129,-17
101000295,543,270,273
101000301,251,1436,-1185
101000304,3954,6950,-2996
101000305,3870,2886,984
101000328,145,1196,-1051
101900001,63,49,14
101900002,0,10,-10
101900003,12,449,-437
101900004,1,385,-384
101900005,1677,6293,-4616
101900006,3272,281,2991
101900007,751,525,226
101900008,108,877,-769
101900009,29,754,-725
101900010,530,1035,-505
101900011,72,2175,-2103
101900012,813,152,661
101900013,930,114,816
101900017,8,111,-103
101900018,1515,586,929
101900019,36,159,-123
101900020,152,125,27
101900021,3,81,-78
101900022,287,1164,-877
101900023,338,169,169
101900026,122,71,51
101900027,37,135,-98
102000001,5240,11638,-6398
102000002,2999,9837,-6838
102000003,2770,7783,-5013
102000004,9798,6453,3345
102000005,2687,5420,-2733
102000006,1135,2100,-965
102000007,4095,6387,-2292
102000008,9084,2384,6700
102000009,12820,11916,904
102000010,5407,3343,2064
102000011,7754,8575,-821
102000012,4895,3833,1062
102000018,5441,4746,695
102000019,4498,2682,1816
102000026,1321,647,674
102000029,457,685,-228
102000030,218,607,-389
102000031,102,226,-124
102000032,1073,841,232
102000033,644,300,344
102000034,859,590,269
102000035,1168,557,611
102000036,46,257,-211
102000037,279,77,202
102000038,128,590,-462
102000039,112,281,-169
102000040,245,501,-256
102000041,57,971,-914
102000042,32,592,-560
102000043,110,1040,-930
102000044,701,2136,-1435
102000045,1148,1804,-656
102000046,2597,1396,1201
102000047,1586,1132,454
102000048,1226,738,488
102000049,1437,2137,-700
102000050,2710,1945,765
102000051,289,1130,-841
102000052,1688,2190,-502
102000053,1450,2423,-973
102000054,1333,1458,-125
102000055,2078,281,1797
102000056,3384,311,3073
102000057,2985,679,2306
102000058,1280,920,360
102000059,1321,2034,-713
102000060,1295,1127,168
102000061,2518,2489,29
102000062,3422,1162,2260
102000063,1881,2391,-510
102000064,857,786,71
102000065,51,164,-113
102000066,1240,997,243
102000067,10761,6354,4407
102000068,12206,5317,6889
102000069,148,2667,-2519
102000070,2543,41,2502
102000071,9083,15451,-6368
102000072,3642,5498,-1856
102000073,1218,740,478
102000074,1213,2128,-915
102000075,266,364,-98
102000076,564,210,354
102000077,1320,469,851
102000078,1988,375,1613
102000079,272,143,129
102000080,692,217,475
102000081,356,1090,-734
102000082,650,427,223
102000083,1779,438,1341
102000084,1069,211,858
102000085,2599,959,1640
102000086,2491,1016,1475
102000087,1032,1581,-549
102000088,708,486,222
102000089,2086,360,1726
102000090,417,1826,-1409
102000091,1517,862,655
102000092,465,785,-320
102000093,1339,649,690
102000094,572,363,209
102000095,873,1333,-460
102000096,506,449,57
102000097,850,425,425
102000098,317,509,-192
102000099,887,918,-31
102000100,278,1113,-835
102000101,353,412,-59
102000102,452,1572,-1120
102000103,5285,601,4684
102000104,1189,719,470
102000105,378,747,-369
102000106,1225,577,648
102000107,3695,300,3395
102000108,1041,461,580
102000109,2057,831,1226
102000110,2383,911,1472
102000111,26,1006,-980
102000112,150,247,-97
102000113,23,143,-120
102000114,2320,538,1782
102000115,369,618,-249
102000116,358,1050,-692
102000117,125,1845,-1720
102000118,1169,2330,-1161
102000119,941,2024,-1083
102000120,350,864,-514
102000121,1426,545,881
102000122,769,1129,-360
102000123,1611,1051,560
102000124,1814,1747,67
102000125,608,1092,-484
102000126,653,965,-312
102000127,1550,660,890
102000128,879,1058,-179
102000129,1959,577,1382
102000130,658,962,-304
102000131,1398,984,414
102000132,473,1210,-737
102000133,5133,2628,2505
102000134,1489,1156,333
102000135,905,895,10
102000136,1147,732,415
102000137,614,648,-34
102000138,501,413,88
102000139,137,561,-424
102000140,162,403,-241
102000141,281,673,-392
102000142,585,388,197
102000143,546,320,226
102000144,575,262,313
102000145,647,449,198
102000146,710,374,336
102000147,773,628,145
102000148,525,975,-450
102000149,761,159,602
102000150,1194,127,1067
102000151,156,134,22
102000152,509,261,248
102000153,1033,961,72
102000154,182,385,-203
102000155,52,704,-652
102000156,294,236,58
102000157,75,1986,-1911
102000158,366,668,-302
102000159,3476,1954,1522
102000161,4323,2872,1451
102000162,389,447,-58
102000163,206,483,-277
102000164,984,1041,-57
102000165,236,405,-169
102000166,45,369,-324
102000167,272,425,-153
102000168,358,290,68
102000169,236,748,-512
102000170,1463,218,1245
102000171,72,234,-162
102000172,7,489,-482
102000173,700,456,244
102000174,270,152,118
102000175,71,72,-1
102000176,31,69,-38
102000178,243,1185,-942
102000179,580,451,129
102000180,1820,288,1532
102000181,1439,493,946
102000182,732,494,238
102000183,3027,1252,1775
102000184,2880,701,2179
102000185,4444,801,3643
102000186,2795,1068,1727
102000187,1407,1091,316
102000188,2349,2083,266
102000189,2529,423,2106
102000190,831,3334,-2503
102000191,1020,402,618
102000192,3483,2316,1167
102000193,278,253,25
102000194,44,631,-587
102000195,978,876,102
102000196,613,435,178
102000197,1890,208,1682
102000198,410,494,-84
102000199,1880,158,1722
102000200,502,730,-228
102000201,2292,554,1738
102000202,23,335,-312
102000203,1043,260,783
102000204,1512,941,571
102000205,1980,859,1121
102000206,1103,516,587
102000207,1294,768,526
102000208,703,1295,-592
102000209,110,407,-297
102000210,1045,569,476
102000211,1152,322,830
102000212,760,15,745
102000213,13,198,-185
102000214,917,14,903
102000215,16,252,-236
102000216,216,199,17
102000217,21,97,-76
102000218,317,374,-57
102000219,253,108,145
102000225,330,767,-437
102000226,117,306,-189
102000227,138,1,137
102000228,0,241,-241
102000229,98,48,50
102000230,576,303,273
102000231,527,387,140
102000232,162,287,-125
102000233,2345,644,1701
102000234,201,1508,-1307
102000236,459,81,378
102000237,1621,1068,553
102000238,389,574,-185
102000240,492,1222,-730
102000241,226,115,111
102000243,33,66,-33
102000245,6,104,-98
102000246,4,138,-134
102000247,289,449,-160
102000248,200,1306,-1106
102000249,206,97,109
102000250,155,221,-66
102000254,492,155,337
102000266,3,573,-570
102000271,79,0,79
102000286,647,458,189
102000297,4613,1945,2668
102000301,0,0,0
102000303,0,0,0
102000307,0,1,-1
102900001,1040,470,570
102900002,268,61,207
102900003,211,197,14
102900005,800,183,617
102900006,642,102,540
102900007,1309,5,1304
102900008,393,67,326
102900009,244,521,-277
102900010,157,1230,-1073
102900011,1048,995,53
102900012,498,296,202
102900013,127,8,119
102900015,1124,977,147
102900016,155,20,135
102900017,747,177,570
102900018,151,65,86
102900019,975,1052,-77
102900020,506,64,442
102900021,80,32,48
102900022,80,75,5
102900023,32,126,-94
102900024,124,60,64
102900025,80,69,11
102900026,963,3165,-2202
102900027,81,113,-32
102900028,296,1830,-1534
102900029,204,666,-462
102900030,544,616,-72
102900031,573,132,441
102900032,157,29,128
102900033,157,205,-48
102900034,1136,27,1109
102900035,285,370,-85
102900036,835,231,604
102900037,516,293,223
102900038,495,196,299
102900039,33,1411,-1378
102900040,405,484,-79
102900041,259,200,59
102900042,633,144,489
102900043,589,140,449
102900044,819,1352,-533
102900045,551,267,284
102900046,258,80,178
102900047,207,775,-568
102900048,908,266,642
102900049,81,224,-143
102900050,228,552,-324
102900051,259,633,-374
102900052,35,86,-51
102900053,415,884,-469
102900054,266,2445,-2179
102900055,335,789,-454
102900056,166,534,-368
102900057,5,142,-137
102900058,612,109,503
102900059,42,27,15
102900060,140,622,-482
102900061,506,478,28
102900062,582,593,-11
102900063,2852,369,2483
102900064,98,795,-697
102900065,942,228,714
102900066,646,18,628
102900068,118,461,-343
102900070,427,653,-226
102900072,32,86,-54
102900073,48,14,34
102900075,10,62,-52
102900076,74,172,-98
102900077,56,36,20
102900078,38,29,9
102900079,482,3,479
102900080,652,20,632
102900081,47,162,-115
102900082,71,296,-225
102900083,132,19,113
102900084,4,53,-49
102900085,168,69,99
102900086,17,135,-118
102900087,315,98,217
102900088,115,99,16
102900089,327,443,-116
102900090,9,324,-315
102900091,517,0,517
102900092,976,99,877
102900093,498,209,289
102900094,2,255,-253
102900095,82,1,81
102900096,161,10,151
102900097,18,39,-21
102900098,23,0,23
103000001,3086,4508,-1422
103000002,3161,5700,-2539
103000003,4243,4644,-401
103000004,1058,874,184
103000005,1818,7095,-5277
103000006,2133,2384,-251
103000007,862,594,268
103000008,1480,2162,-682
103000009,4237,2805,1432
103000010,219,100,119
103000011,1598,875,723
103000012,1588,2815,-1227
103000013,4989,3228,1761
103000014,1381,5871,-4490
103000015,4086,1768,2318
103000016,843,4093,-3250
103000017,416,1255,-839
103000018,933,235,698
103000019,565,936,-371
103000020,1704,2520,-816
103000021,2619,5858,-3239
103000022,1086,2212,-1126
103000023,1461,4926,-3465
103000024,117,108,9
103000025,177,1969,-1792
103000026,429,194,235
103000027,171,559,-388
103000028,223,277,-54
103000029,95,318,-223
103000030,2871,1808,1063
103000031,899,4216,-3317
103000032,2747,1765,982
103000033,3568,3558,10
103000034,1516,1132,384
103000035,263,1775,-1512
103000036,332,254,78
103000037,1130,468,662
103000038,743,1117,-374
103000039,1375,406,969
103000040,890,640,250
103000041,4472,1536,2936
103000042,3557,300,3257
103000043,1351,750,601
103000044,626,111,515
103000046,468,797,-329
103000047,1004,339,665
103000048,403,336,67
103000049,82,131,-49
103000050,1241,243,998
103000051,762,775,-13
103000052,1376,323,1053
103000053,302,361,-59
103000054,2748,515,2233
103000055,2527,1529,998
103000056,1529,643,886
103000057,2295,129,2166
103000058,1240,410,830
103000059,1110,751,359
103000060,1283,278,1005
103000061,1000,856,144
103000062,999,209,790
103000063,1620,1045,575
103000064,262,85,177
103000065,16,230,-214
103000066,409,7,402
103000069,589,391,198
103000070,973,390,583
103000071,2534,1141,1393
103000072,154,816,-662
103000073,2126,189,1937
103000074,1669,197,1472
103000075,117,651,-534
103000076,458,1556,-1098
103000077,25,363,-338
103000078,1554,2915,-1361
103000079,849,1449,-600
103000080,653,624,29
103000081,401,1019,-618
103000082,958,390,568
103000083,236,728,-492
103000084,128,7,121
103000085,1,156,-155
103000086,456,903,-447
103000087,242,914,-672
103000088,329,743,-414
103000089,615,1442,-827
103000090,6359,1403,4956
103000091,1838,735,1103
103000092,513,385,128
103000093,557,867,-310
103000094,471,263,208
103000095,223,697,-474
103000096,1020,65,955
103000097,130,998,-868
103000098,941,306,635
103000099,153,1209,-1056
103000100,172,623,-451
103000101,2523,136,2387
103000102,96,363,-267
103000103,1265,267,998
103000104,169,87,82
103000105,474,97,377
103000106,15,160,-145
103000107,395,200,195
103000108,2466,2273,193
103000109,1213,1399,-186
103000110,1051,1187,-136
103000111,420,1556,-1136
103000112,384,1131,-747
103000113,214,3131,-2917
103000114,2775,3585,-810
103000115,1525,1599,-74
103000116,1011,536,475
103000117,478,581,-103
103000118,619,518,101
103000119,1835,634,1201
103000120,113,900,-787
103000121,121,191,-70
103000122,484,588,-104
103000125,28,83,-55
103000126,1550,2,1548
103000127,0,81,-81
103000128,230,8,222
103000129,2,80,-78
103000130,145,59,86
103000131,72,139,-67
103000132,37,110,-73
103000133,14,87,-73
103000134,357,1983,-1626
103000135,1143,245,898
103000136,698,863,-165
103000137,562,1008,-446
103000138,622,1034,-412
103000139,1,117,-116
103000140,363,38,325
103000141,89,208,-119
103000142,169,186,-17
103000143,128,266,-138
103000144,296,223,73
103000145,18,257,-239
103000150,122,69,53
103000152,294,780,-486
103000153,286,632,-346
103000156,13,79,-66
103000157,655,3,652
103000159,741,142,599
103000162,63,15,48
103000163,3,9,-6
103000164,12,15,-3
103000165,95,263,-168
103000166,572,1527,-955
103000167,473,507,-34
103000168,318,275,43
103000169,230,1270,-1040
103000170,1813,291,1522
103000171,8,215,-207
103000172,1710,173,1537
103000173,2012,260,1752
103000174,620,329,291
103000175,608,131,477
103000176,1051,1793,-742
103000177,292,776,-484
103000178,119,378,-259
103000179,182,83,99
103000183,841,60,781
103000185,399,73,326
103000186,414,114,300
103000187,2304,223,2081
103000188,57,108,-51
103000189,985,895,90
103000191,730,631,99
103000292,800,3170,-2370
103000293,999,6393,-5394
103000295,132,291,-159
103000296,91,9,82
103000297,5,53,-48
103000504,32,9,23
103000505,7,21,-14
103000506,0,76,-76
103000507,274,0,274
103000508,104,44,60
103000509,485,973,-488
103900001,0,24,-24
103900002,805,53,752
103900003,1060,316,744
103900004,197,1,196
103900005,1,152,-151
103900006,32,9,23
103900007,295,3,292
103900008,18,4,14
103900009,606,204,402
103900010,528,126,402
103900011,835,60,775
103900012,5,88,-83
103900013,178,27,151
103900014,137,54,83
103900015,150,6,144
103900016,238,129,109
103900017,141,108,33
103900018,393,64,329
103900019,26,589,-563
103900020,757,566,191
103900021,291,250,41
103900022,956,616,340
103900023,448,3,445
103900024,109,359,-250
103900025,30,40,-10
103900026,3,0,3
103900027,327,361,-34
103900028,129,549,-420
103900029,2040,202,1838
103900030,493,238,255
103900031,170,0,170
103900032,187,226,-39
103900033,64,75,-11
103900034,106,23,83
103900035,151,44,107
103900036,66,80,-14
103900037,324,96,228
103900038,157,285,-128
103900039,442,154,288
103900040,10,121,-111
103900041,199,63,136
103900042,331,46,285
103900043,420,32,388
103900044,48,1267,-1219
103900045,602,141,461
103900047,270,39,231
103900048,7,161,-154
103900049,166,1609,-1443
103900050,53,397,-344
103900051,0,119,-119
103900052,339,719,-380
103900053,651,187,464
103900054,548,153,395
103900055,774,194,580
103900056,156,64,92
103900057,447,67,380
103900058,757,231,526
103900059,0,123,-123
103900060,109,80,29
103900061,428,20,408
103900062,1685,609,1076
103900063,6,0,6
103900064,401,6,395
103900065,184,275,-91
103900066,304,123,181
103900067,425,25,400
103900068,1,1,0
103900069,220,8,212
103900070,289,128,161
103900071,23,56,-33
103900072,124,108,16
103900073,29,66,-37
103900074,267,50,217
103900075,615,81,534
103900076,1370,225,1145
103900077,51,267,-216
103900078,643,309,334
103900079,79,270,-191
103900080,5,44,-39
103900081,7,25,-18
103900082,190,118,72
103900083,3011,3653,-642
103900084,39,838,-799
103900085,80,123,-43
103900086,2789,436,2353
103900088,392,600,-208
103900089,60,366,-306
103900090,2,157,-155
103900091,922,154,768
103900092,994,2005,-1011
103900093,98,796,-698
103900094,12,37,-25
103900095,276,938,-662
103900096,383,53,330
103900097,36,284,-248
103900098,680,167,513
103900099,665,70,595
103900100,474,94,380
103900101,491,1108,-617
103900102,0,49,-49
103900104,2,22,-20
103900105,26,90,-64
103900106,1,540,-539
103900107,326,26,300
103900108,17,141,-124
103900109,367,7,360
103900110,631,51,580
103900111,444,189,255
103900112,12,118,-106
103900113,209,263,-54
103900114,2083,350,1733
103900115,191,277,-86
103900116,2050,4381,-2331
103900117,37,53,-16
103900119,31,248,-217
103900120,185,53,132
103900122,660,76,584
103900123,605,1519,-914
103900124,85,341,-256
103900125,191,120,71
103900126,931,95,836
103900127,175,171,4
103900128,196,79,117
103900131,44,108,-64
103900133,1117,40,1077
103900134,3,35,-32
103900135,0,0,0
103900137,0,9,-9
103900138,435,18,417
103900139,276,6009,-5733
103900140,20,671,-651
103900141,267,46,221
103900142,629,57,572
103900143,396,20,376
103900144,0,27,-27
103900145,169,268,-99
103900146,405,122,283
103900147,845,101,744
103900148,725,90,635
103900149,713,313,400
103900150,5334,9412,-4078
103900151,10,158,-148
103900152,2241,289,1952
103900153,10,4,6
103900154,406,4299,-3893
103900155,39,131,-92
103900156,56,68,-12
103900157,455,85,370
103900158,499,63,436
103900159,748,23,725
103900160,54,40,14
103900161,66,173,-107
103900162,75,52,23
103900163,35,623,-588
103900167,3,177,-174
103900168,119,121,-2
103900169,25,89,-64
103900170,0,53,-53
103900171,19,50,-31
103900172,2,14,-12
103900173,48,44,4
103900174,703,37,666
103900175,87,294,-207
103900176,13,40,-27
103900177,21,8,13
103900178,115,11,104
103900179,101,16,85
103900180,15,41,-26
103900181,4,147,-143
103900182,8,79,-71
103900184,323,79,244
103900185,106,1419,-1313
103900187,15,332,-317
103900188,312,161,151
103900189,170,7,163
103900190,307,63,244
103900191,69,56,13
103900192,9,71,-62
103900193,37,127,-90
103900194,109,145,-36
103900195,3,212,-209
103900196,148,200,-52
103900197,11,19,-8
103900198,12,29,-17
103900199,166,114,52
103900200,338,91,247
103900201,122,85,37
103900202,5,38,-33
103900203,69,80,-11
103900204,0,46,-46
103900207,0,15,-15
103900208,267,1,266
103900209,7,88,-81
103900210,25,31,-6
103900211,1403,132,1271
103900212,285,110,175
103900213,14,641,-627
103900214,277,977,-700
103900215,176,918,-742
103900216,19,152,-133
103900217,602,170,432
103900218,0,573,-573
103900219,477,186,291
103900233,413,52,361
103900235,18,338,-320
103900236,22,156,-134
103900242,8,11,-3
103900243,1,5,-4
103900244,189,149,40
103900245,251,100,151
103900246,36,61,-25
103900247,32,75,-43
103900248,2,103,-101
103900249,9,81,-72
103900250,270,130,140
103900251,5,113,-108
103900253,15,186,-171
103900254,31,96,-65
103900255,2,77,-75
103900256,60,101,-41
103900257,507,550,-43
103900258,72,33,39
103900259,54,121,-67
103900261,89,8,81
103900262,83,8,75
103900263,37,198,-161
103900264,33,6,27
103900265,14,6,8
103900266,0,332,-332
103900267,2,56,-54
103900268,47,28,19
103900269,331,15,316
103900270,100,78,22
103900271,111,108,3
103900272,169,37,132
103900273,304,6,298
103900274,569,3,566
103900275,372,23,349
103900276,21,12,9
103900277,21,25,-4
103900278,8,18,-10
103900279,5,151,-146
103900280,16,21,-5
104000001,5543,3756,1787
104000002,2936,2942,-6
104000003,4231,2732,1499
104000004,3615,3129,486
104000005,4388,3225,1163
104000006,5044,2886,2158
104000007,5779,4431,1348
104000008,270,411,-141
104000009,258,301,-43
104000010,246,992,-746
104000011,434,256,178
104000012,255,263,-8
104000013,451,836,-385
104000014,305,407,-102
104000015,823,271,552
104000016,483,306,177
104000018,1241,493,748
104000019,826,677,149
104000020,117,292,-175
104000021,732,322,410
104000022,577,571,6
104000023,1785,832,953
104000024,471,537,-66
104000026,152,241,-89
104000027,600,317,283
104000028,736,628,108
104000029,611,440,171
104000030,567,668,-101
104000031,1955,463,1492
104000032,231,151,80
104000033,1340,784,556
104000034,356,152,204
104000035,1750,403,1347
104000036,1903,549,1354
104000037,226,143,83
104000038,525,668,-143
104000039,343,145,198
104000040,139,1054,-915
104000041,898,693,205
104000042,237,211,26
104000043,249,294,-45
104000044,515,763,-248
104000045,1035,692,343
104000046,816,962,-146
104000047,1124,961,163
104000048,1221,1006,215
104000049,1412,522,890
104000050,188,1089,-901
104000051,546,1168,-622
104000052,3707,3830,-123
104000053,2347,612,1735
104000054,1313,258,1055
104000055,3504,3072,432
104000056,717,227,490
104000057,395,228,167
104000058,1986,1260,726
104000059,1365,1296,69
104000060,1760,2415,-655
104000061,1775,992,783
104000062,494,202,292
104000064,1270,380,890
104000065,165,941,-776
104000069,652,2854,-2202
104000070,119,992,-873
104000071,396,248,148
104000072,910,230,680
104000075,149,411,-262
104000076,1004,90,914
104000082,3086,7435,-4349
104000083,847,330,517
104000084,269,398,-129
104000085,937,476,461
104000086,439,509,-70
104000087,473,2892,-2419
104000090,2048,854,1194
104000092,2752,1245,1507
104000094,1236,906,330
104000095,5887,2153,3734
104000096,4734,82,4652
104000097,4835,702,4133
104000098,6536,678,5858
104000100,3729,1136,2593
104000101,3186,2232,954
104000106,53,780,-727
104000107,867,213,654
104000108,390,283,107
104000109,672,342,330
104000110,954,1967,-1013
104000111,2900,7298,-4398
104000112,879,533,346
104000116,2,685,-683
104000117,575,411,164
104000118,3182,208,2974
104000119,1768,459,1309
104000120,385,425,-40
104000121,535,621,-86
104000122,1306,713,593
104000123,1265,960,305
104000124,402,1372,-970
104000125,3016,8323,-5307
104000126,813,695,118
104000127,1895,1746,149
104000128,1034,132,902
104000129,708,12,696
104000130,7,430,-423
104000131,385,567,-182
104000132,563,808,-245
104000133,2234,825,1409
104000134,1708,2017,-309
104000135,1058,1873,-815
104000136,1016,3683,-2667
104000137,3640,569,3071
104000138,2591,489,2102
104000139,3077,3134,-57
104000141,1173,530,643
104000142,1149,380,769
104000143,1605,363,1242
104000144,252,453,-201
104000145,490,321,169
104000146,228,725,-497
104000147,227,443,-216
104000148,588,275,313
104000149,284,96,188
104000150,1448,746,702
104000151,516,195,321
104000152,1082,241,841
104000153,1189,1078,111
104000154,741,258,483
104000155,694,1294,-600
104000157,2682,1102,1580
104000158,121,738,-617
104000159,1278,1060,218
104000160,2604,3732,-1128
104000161,330,135,195
104000162,207,132,75
104000165,1363,885,478
104000167,981,2548,-1567
104000168,1588,12,1576
104000169,311,120,191
104000170,275,413,-138
104000248,661,1089,-428
104000251,158,228,-70
104000272,0,0,0
104000273,0,0,0
104000274,0,0,0
104000275,0,0,0
104000279,701,699,2
104000290,118,593,-475
104000291,760,2435,-1675
104000293,2781,1958,823
104000294,257,0,257
104000295,1274,1257,17
104000296,886,924,-38
104000297,1627,2589,-962
104000298,2252,1077,1175
104000299,2066,1107,959
104900001,183,316,-133
104900002,119,476,-357
104900003,138,151,-13
104900004,128,68,60
104900005,889,379,510
104900006,1387,108,1279
104900007,1127,150,977
104900009,193,155,38
104900010,274,44,230
104900011,9,19,-10
104900012,182,22,160
104900013,110,7,103
104900014,1743,444,1299
104900015,139,2,137
104900016,316,186,130
104900017,107,190,-83
104900018,8,123,-115
104900019,318,8599,-8281
104900020,57,389,-332
104900021,0,15,-15
104900022,30,660,-630
104900023,0,14,-14
104900024,26,508,-482
104900025,99,195,-96
104900026,0,25,-25
104900027,895,445,450
104900028,63,265,-202
104900029,15,30,-15
104900030,990,235,755
104900031,65,397,-332
104900032,121,83,38
104900033,354,306,48
104900034,524,239,285
104900035,557,336,221
104900036,568,57,511
104900037,307,174,133
104900038,221,2784,-2563
104900039,333,473,-140
104900040,928,77,851
104900041,662,220,442
104900042,260,329,-69
104900043,89,576,-487
104900044,1564,153,1411
104900045,453,80,373
104900046,952,176,776
104900047,787,93,694
104900048,810,96,714
104900049,146,41,105
104900050,860,90,770
104900051,590,110,480
104900052,221,1,220
104900053,888,125,763
104900054,473,63,410
104900055,399,3,396
104900056,475,16,459
104900057,131,0,131
104900058,586,545,41
104900059,198,49,149
104900060,0,536,-536
104900061,199,213,-14
104900063,1,512,-511
104900064,0,172,-172
104900065,5,557,-552
104900066,0,68,-68
104900067,9,517,-508
104900068,255,309,-54
104900070,175,228,-53
104900071,1,631,-630
104900072,145,215,-70
104900073,109,77,32
104900074,133,157,-24
104900075,91,35,56
104900076,231,173,58
104900077,413,231,182
104900078,295,159,136
104900079,263,2345,-2082
104900080,223,213,10
104900082,4,460,-456
104900085,9,240,-231
104900087,569,3,566
104900089,643,1,642
104900090,2035,1387,648
104900091,651,543,108
104900093,306,311,-5
104900097,1951,6234,-4283
104900098,577,63,514
104900099,97,1438,-1341
104900100,561,179,382
104900102,84,105,-21
104900103,317,71,246
104900104,2137,1913,224
104900106,786,184,602
104900107,147,245,-98
104900108,61,143,-82
104900109,291,314,-23
104900110,28,74,-46
104900111,782,95,687
104900112,774,349,425
104900113,1551,306,1245
104900114,1217,426,791
104900115,1842,190,1652
104900116,1343,154,1189
104900118,26,78,-52
104900119,0,101,-101
104900120,12,1817,-1805
104900121,0,10,-10
104900122,2,24,-22
104900123,163,19,144
104900124,247,1,246
104900125,631,1,630
104900126,41,47,-6
104900127,41,25,16
104900128,145,175,-30
104900129,1227,5018,-3791
105000001,5603,1768,3835
105000002,4053,3360,693
105000003,4213,7503,-3290
105000004,1969,1611,358
105000005,2752,2733,19
105000006,1955,4143,-2188
105000007,2738,4981,-2243
105000008,1329,6346,-5017
105000009,4698,6050,-1352
105000010,3776,1434,2342
105000011,4601,6133,-1532
105000012,2982,2140,842
105000013,2014,2715,-701
105000014,6134,5932,202
105000015,11575,21891,-10316
105000016,1130,970,160
105000017,2251,1096,1155
105000018,854,3209,-2355
105000019,1586,1768,-182
105000020,132,997,-865
105000021,451,339,112
105000022,118,229,-111
105000023,1831,327,1504
105000028,20,88,-68
105000029,1080,2124,-1044
105000030,4470,2565,1905
105000033,1765,1468,297
105000034,209,2295,-2086
105000037,896,302,594
105000038,1502,2466,-964
105000039,1196,1048,148
105000040,1191,2552,-1361
105000041,383,764,-381
105000042,2430,2040,390
105000043,1057,1271,-214
105000044,949,478,471
105000045,324,345,-21
105000046,1965,467,1498
105000047,820,419,401
105000048,1858,622,1236
105000049,359,512,-153
105000050,1560,798,762
105000051,304,528,-224
105000052,1083,1493,-410
105000053,244,226,18
105000054,645,1572,-927
105000055,1051,329,722
105000056,2825,2751,74
105000057,2484,818,1666
105000058,2027,1132,895
105000059,2013,1327,686
105000060,819,573,246
105000061,2972,1148,1824
105000062,859,705,154
105000063,450,678,-228
105000064,4533,1372,3161
105000065,627,712,-85
105000066,1316,2159,-843
105000067,2770,2054,716
105000068,584,1511,-927
105000069,2181,5404,-3223
105000070,935,2075,-1140
105000071,249,3812,-3563
105000072,2699,12065,-9366
105000073,1940,1712,228
105000074,760,739,21
105000075,1120,1084,36
105000076,1917,1949,-32
105000077,3951,1555,2396
105000078,947,1965,-1018
105000079,1240,3248,-2008
105000080,2888,3557,-669
105000081,1440,1776,-336
105000082,1110,2595,-1485
105000083,2427,3038,-611
105000084,838,1040,-202
105000085,3561,3336,225
105000086,1389,1436,-47
105000087,4550,3663,887
105000088,3100,4942,-1842
105000089,2645,1872,773
105000090,682,607,75
105000091,791,1127,-336
105000092,671,1171,-500
105000093,527,696,-169
105000094,362,278,84
105000095,500,1387,-887
105000096,2273,3884,-1611
105000097,455,879,-424
105000098,2374,3086,-712
105000099,940,2224,-1284
105000100,3143,1551,1592
105000101,4903,1785,3118
105000102,2868,1835,1033
105000103,1918,2423,-505
105000104,3800,1678,2122
105000105,2231,2096,135
105000106,2947,1354,1593
105000107,2963,901,2062
105000108,2739,1260,1479
105000109,4948,1327,3621
105000110,1465,656,809
105000111,2903,723,2180
105000112,1554,847,707
105000113,918,1429,-511
105000114,2264,2569,-305
105000115,509,3603,-3094
105000116,1870,1267,603
105000117,1352,932,420
105000118,1866,798,1068
105000119,932,745,187
105000120,2893,828,2065
105000121,1677,737,940
105000122,756,841,-85
105000123,768,755,13
105000124,3486,1091,2395
105000125,1868,1663,205
105000126,3384,2274,1110
105000127,4609,2379,2230
105000128,1271,2540,-1269
105000129,2455,659,1796
105000130,273,5256,-4983
105000131,519,245,274
105000132,2430,1338,1092
105000133,689,1038,-349
105000134,2302,779,1523
105000135,470,830,-360
105000136,171,178,-7
105000137,1013,306,707
105000138,259,182,77
105000139,1112,457,655
105000140,757,445,312
105000141,795,358,437
105000142,521,635,-114
105000143,222,690,-468
105000144,480,859,-379
105000145,1129,497,632
105000146,613,889,-276
105000147,987,798,189
105000148,1398,1637,-239
105000149,4495,2955,1540
105000150,1639,894,745
105000151,1275,608,667
105000152,331,841,-510
105000153,1809,811,998
105000154,978,908,70
105000155,1125,725,400
105000156,357,1191,-834
105000157,1050,1563,-513
105000158,4659,1116,3543
105000159,532,863,-331
105000160,5143,1118,4025
105000161,1185,1031,154
105000162,1060,5209,-4149
105000163,1608,1519,89
105000164,178,764,-586
105000165,1944,18001,-16057
105000166,7270,2678,4592
105000167,1889,5277,-3388
105000168,701,729,-28
105000169,2007,192,1815
105000170,593,1479,-886
105000171,2164,266,1898
105000172,667,33,634
105000173,837,52,785
105000174,179,61,118
105000175,170,93,77
105000176,1091,136,955
105000177,832,584,248
105000178,464,286,178
105000179,1724,134,1590
105000180,581,160,421
105000181,374,199,175
105000182,107,80,27
105000183,3249,3980,-731
105000184,390,1154,-764
105000185,756,1430,-674
105000186,697,906,-209
105000187,985,611,374
105000188,173,699,-526
105000189,61,925,-864
105000190,354,621,-267
105000191,613,541,72
105000192,764,140,624
105000193,122,430,-308
105000194,1237,106,1131
105000195,770,889,-119
105000196,123,387,-264
105000197,269,609,-340
105000198,478,178,300
105000199,58,700,-642
105000200,143,731,-588
105000201,147,83,64
105000203,96,191,-95
105000204,99,48,51
105000205,218,159,59
105000207,277,105,172
105000208,217,491,-274
105000209,333,165,168
105000212,1879,631,1248
105000213,73,167,-94
105000214,84,265,-181
105000215,590,221,369
105000216,473,74,399
105000217,408,180,228
105000218,3467,1580,1887
105000221,333,540,-207
105000222,795,509,286
105000223,944,456,488
105000226,327,143,184
105000227,110,217,-107
105000228,112,2360,-2248
105000229,318,1449,-1131
105000231,804,302,502
105000233,1599,1327,272
105000234,630,752,-122
105000235,802,1158,-356
105000237,2777,269,2508
105000243,163,37,126
105000248,56,192,-136
105000262,1160,443,717
105000269,263,225,38
105000270,880,50,830
105000271,0,307,-307
105000282,92,75,17
105000287,297,158,139
105000288,1523,649,874
105000289,594,2035,-1441
105000290,67,26,41
105000402,2163,7001,-4838
105000426,426,705,-279
105000438,681,1229,-548
105000446,8426,3734,4692
105000447,1911,1268,643
105000454,1480,252,1228
105000455,215,148,67
105000474,243,1,242
105000477,1875,774,1101
105000478,3737,8384,-4647
105000479,110,373,-263
105000480,5382,10295,-4913
105000481,7196,8001,-805
105000482,2462,2983,-521
105000483,3689,5864,-2175
105000484,2129,2187,-58
105000485,1728,5159,-3431
105000486,2216,3033,-817
105000488,3467,1853,1614
105000489,2811,1672,1139
105000549,137,488,-351
105000550,419,1026,-607
105000551,24,187,-163
105000552,3301,1513,1788
105000555,931,2710,-1779
105900001,7,3625,-3618
105900002,864,2376,-1512
105900003,31,279,-248
105900004,252,91,161
105900005,17,570,-553
105900006,27,242,-215
105900007,78,141,-63
105900008,347,230,117
105900009,74,30,44
105900011,255,61,194
105900012,841,123,718
105900013,5,56,-51
105900014,2,63,-61
105900015,120,312,-192
105900016,1223,253,970
105900017,2855,33,2822
105900018,160,218,-58
105900019,203,329,-126
105900020,81,99,-18
105900021,106,562,-456
105900022,402,296,106
105900023,4,136,-132
105900024,7,353,-346
105900025,512,2,510
105900026,269,12,257
105900027,17311,5594,11717
105900028,196,713,-517
105900029,2388,428,1960
105900030,475,474,1
105900031,707,227,480
105900032,288,178,110
105900033,214,217,-3
105900034,946,339,607
105900035,748,366,382
105900036,210,83,127
105900037,297,60,237
105900038,189,296,-107
105900039,263,85,178
105900040,271,152,119
105900041,232,345,-113
105900042,228,546,-318
105900043,1604,52,1552
105900044,21,800,-779
105900045,3,2557,-2554
105900046,3,306,-303
105900047,14,131,-117
105900048,209,579,-370
105900050,1571,9471,-7900
105900051,79,1599,-1520
105900052,1836,147,1689
105900053,3491,6045,-2554
105900054,264,316,-52
105900056,664,937,-273
105900057,10,131,-121
105900058,35,32,3
105900059,0,283,-283
106000001,3178,3639,-461
106000002,1227,3507,-2280
106000003,5907,7317,-1410
106000004,2093,2545,-452
106000005,6949,5966,983
106000006,5945,2036,3909
106000007,838,535,303
106000008,531,321,210
106000009,592,343,249
106000010,294,412,-118
106000011,2828,1335,1493
106000012,1346,1376,-30
106000013,3066,2137,929
106000014,1840,1399,441
106000015,3977,1693,2284
106000016,1820,1629,191
106000017,918,1440,-522
106000018,781,780,1
106000019,688,707,-19
106000020,572,512,60
106000021,680,822,-142
106000022,510,289,221
106000023,1171,723,448
106000024,777,698,79
106000025,220,385,-165
106000026,220,235,-15
106000027,2889,2682,207
106000028,1234,291,943
106000029,1107,843,264
106000030,308,930,-622
106000034,221,515,-294
106000035,1176,2696,-1520
106000036,243,528,-285
106000037,1893,1730,163
106000038,76,266,-190
106000039,50,230,-180
106000040,187,1003,-816
106000041,1062,524,538
106000043,455,315,140
106000046,740,95,645
106000047,65,581,-516
106000049,2014,271,1743
106000050,355,996,-641
106000051,1478,865,613
106000052,392,459,-67
106000053,815,181,634
106000054,519,400,119
106000055,1503,1128,375
106000056,483,315,168
106000057,943,500,443
106000058,295,196,99
106000059,805,574,231
106000060,713,376,337
106000061,338,1121,-783
106000062,211,428,-217
106000063,1594,1390,204
106000064,18,552,-534
106000065,853,287,566
106000066,190,675,-485
106000067,1014,214,800
106000068,151,776,-625
106000069,816,184,632
106000070,563,835,-272
106000071,1298,432,866
106000072,4462,1657,2805
106000073,2464,9153,-6689
106000074,1193,1050,143
106000075,659,1513,-854
106000076,2031,1937,94
106000077,2250,1117,1133
106000078,2257,828,1429
106000079,1530,1134,396
106000080,2167,847,1320
106000081,1283,1064,219
106000082,2444,802,1642
106000083,674,1252,-578
106000084,1270,588,682
106000085,2040,1374,666
106000086,743,872,-129
106000087,1251,484,767
106000088,755,764,-9
106000089,1931,336,1595
106000090,603,750,-147
106000091,294,603,-309
106000092,2543,449,2094
106000093,916,186,730
106000094,63,374,-311
106000095,1836,1250,586
106000096,2186,836,1350
106000097,2118,1420,698
106000098,2038,943,1095
106000099,281,597,-316
106000100,2571,280,2291
106000101,1796,344,1452
106000102,142,572,-430
106000103,433,827,-394
106000104,1833,427,1406
106000105,665,769,-104
106000106,1592,391,1201
106000107,230,294,-64
106000108,887,187,700
106000109,371,146,225
106000110,919,182,737
106000111,211,216,-5
106000112,477,1471,-994
106000113,790,559,231
106000114,966,2106,-1140
106000115,586,477,109
106000116,694,343,351
106000117,1211,562,649
106000118,2264,1765,499
106000119,1252,671,581
106000120,1547,2228,-681
106000121,823,384,439
106000122,508,99,409
106000123,1695,216,1479
106000124,356,111,245
106000125,95,213,-118
106000126,809,75,734
106000127,3119,787,2332
106000128,2210,272,1938
106000129,1591,570,1021
106000130,1900,536,1364
106000131,223,1397,-1174
106000132,1469,328,1141
106000133,2850,3462,-612
106000134,642,6049,-5407
106000135,283,978,-695
106000136,1453,2929,-1476
106000137,133,1293,-1160
106000138,4555,176,4379
106000139,239,141,98
106000140,53,102,-49
106000141,240,66,174
106000142,243,147,96
106000143,67,51,16
106000144,103,199,-96
106000145,1044,102,942
106000146,722,283,439
106000147,706,705,1
106000148,735,669,66
106000149,1369,470,899
106000150,1410,3615,-2205
106000151,5194,762,4432
106000152,1197,3983,-2786
106000153,189,2563,-2374
106000154,1557,196,1361
106000155,364,423,-59
106000156,2816,307,2509
106000157,992,2454,-1462
106000158,1944,841,1103
106000159,4357,4096,261
106000160,1197,7071,-5874
106000161,1570,310,1260
106000162,622,2435,-1813
106000163,735,319,416
106000164,1216,344,872
106000165,435,751,-316
106000166,2265,420,1845
106000167,730,1555,-825
106000168,1686,504,1182
106000169,414,492,-78
106000170,1928,239,1689
106000171,327,1400,-1073
106000172,3463,2338,1125
106000173,1020,4443,-3423
106000174,2156,459,1697
106000175,290,730,-440
106000176,4116,1340,2776
106000177,1411,2416,-1005
106000178,4331,1874,2457
106000179,922,1855,-933
106000180,1048,725,323
106000181,2499,1436,1063
106000182,3351,804,2547
106000183,3567,471,3096
106000184,2284,736,1548
106000185,2823,2322,501
106000186,484,53,431
106000187,74,2277,-2203
106000188,2,3,-1
106000189,12,90,-78
106000190,39,5,34
106000191,940,188,752
106000192,0,9,-9
106000193,544,314,230
106000194,214,545,-331
106000195,294,257,37
106000196,78,544,-466
106000197,1147,325,822
106000198,257,207,50
106000199,881,1779,-898
106000200,593,328,265
106000201,600,9663,-9063
106000202,4420,954,3466
106000203,38,331,-293
106000204,127,3,124
106000205,30,112,-82
106000206,217,20,197
106000207,39,285,-246
106000208,3756,320,3436
106000209,3378,966,2412
106000210,539,770,-231
106000211,206,1360,-1154
106000212,2072,710,1362
106000213,360,1189,-829
106000214,1917,578,1339
106000215,553,507,46
106000216,1247,727,520
106000217,244,456,-212
106000218,433,334,99
106000219,231,325,-94
106000220,941,242,699
106000221,722,126,596
106000222,223,80,143
106000223,903,163,740
106000224,507,127,380
106000225,163,211,-48
106000226,164,237,-73
106000228,98,186,-88
106000229,310,623,-313
106000231,2040,123,1917
106000232,115,428,-313
106000233,821,469,352
106000234,83,529,-446
106000235,425,481,-56
106000236,126,212,-86
106000237,2,46,-44
106000238,6,63,-57
106000239,1,203,-202
106000240,43,11,32
106000241,12,713,-701
106000242,574,27,547
106000249,222,116,106
106000250,97,1259,-1162
106000251,284,13,271
106000252,49,136,-87
106000253,105,94,11
106000254,252,41,211
106000255,60,257,-197
106000256,264,20,244
106000257,171,193,-22
106000258,96,111,-15
106000259,34,186,-152
106000260,62,18,44
106000261,0,78,-78
106000262,181,37,144
106000263,26,78,-52
106000264,281,39,242
106000265,70,154,-84
106000266,227,84,143
106000267,11,156,-145
106000268,384,82,302
106000269,51,49,2
106000270,135,301,-166
106000271,118,157,-39
106000272,156,56,100
106000273,15,234,-219
106000274,171,16,155
106000275,252,222,30
106000276,95,23,72
106000277,148,205,-57
106000278,124,37,87
106000279,45,11,34
106000280,177,24,153
106000281,158,28,130
106000282,78,59,19
106000283,213,51,162
106000284,271,68,203
106000285,163,122,41
106000286,284,118,166
106000287,111,124,-13
106000288,219,136,83
106000289,189,100,89
106000290,121,77,44
106000291,173,134,39
106000292,270,144,126
106000293,162,72,90
106000294,126,94,32
106000295,64,90,-26
106000296,53,90,-37
106000297,58,239,-181
106000298,62,210,-148
106000299,83,64,19
106000300,118,118,0
106000301,87,161,-74
106000303,59,64,-5
106000304,109,19,90
106000305,134,51,83
106000306,42,54,-12
106000307,218,6,212
106000308,55,69,-14
106000309,38,46,-8
106000310,523,455,68
106000311,723,217,506
106000312,231,265,-34
106000313,748,152,596
106000318,101,468,-367
106000319,3018,620,2398
106000320,0,102,-102
106000321,276,229,47
106000322,727,55,672
106000324,64,118,-54
106000325,3078,1016,2062
106000326,1137,1400,-263
106000327,470,61,409
106000328,23,137,-114
106000329,121,407,-286
106000330,19,191,-172
106000428,92,387,-295
106000429,146,309,-163
106000430,387,1668,-1281
106000431,3581,609,2972
106000432,1176,2873,-1697
106000433,3261,1754,1507
106000434,5280,1341,3939
106000435,1475,2452,-977
106000436,15,202,-187
106000437,915,71,844
106000438,350,624,-274
106000439,91,1434,-1343
106000440,255,457,-202
106000441,6,7,-1
106000442,783,11,772
106000443,640,176,464
106000450,0,101,-101
106000451,44,282,-238
106000454,4,178,-174
106000455,7,147,-140
106000456,264,51,213
106000457,70,588,-518
106000458,1797,147,1650
106000459,707,128,579
106000460,2860,64,2796
106000461,619,266,353
106000462,2,94,-92
106000463,7,12,-5
106000464,2,297,-295
106000465,1507,5,1502
106000466,22,326,-304
106000467,209,360,-151
106000468,268,180,88
106000469,205,1,204
106000470,195,4103,-3908
106000471,12,342,-330
106000472,301,9,292
106000473,114,18,96
106000474,547,786,-239
106000475,858,267,591
106000476,228,404,-176
106000477,57,44,13
106000480,1,1368,-1367
106900001,0,6,-6
106900002,13,189,-176
106900003,82,1266,-1184
106900004,10,24,-14
106900006,1,30,-29
106900007,0,12,-12
106900008,1547,72,1475
106900009,1077,180,897
106900010,665,485,180
106900012,1898,5690,-3792
106900013,1288,345,943
106900014,170,4,166
106900015,67,2,65
106900016,823,31,792
106900017,51,1,50
106900018,27,1,26
106900019,434,3,431
106900020,1779,5083,-3304
106900021,334,225,109
106900022,2523,3,2520
106900023,73,127,-54
106900024,1097,118,979
106900025,17,452,-435
106900026,5,121,-116
106900027,1790,3,1787
107000001,4506,6056,-1550
107000002,1679,1890,-211
107000003,14250,10286,3964
107000004,4215,1959,2256
107000005,14238,9246,4992
107000006,4371,1924,2447
107000007,9157,10908,-1751
107000008,4541,2860,1681
107000009,14521,9715,4806
107000010,6193,3651,2542
107000011,800,1372,-572
107000012,2830,2762,68
107000013,244,37,207
107000014,231,65,166
107000015,669,404,265
107000016,1481,528,953
107000017,740,2205,-1465
107000018,7,2206,-2199
107000020,729,2148,-1419
107000021,1191,502,689
107000022,1313,2310,-997
107000023,2477,278,2199
107000024,667,2565,-1898
107000025,678,370,308
107000026,411,598,-187
107000027,2900,716,2184
107000028,1716,597,1119
107000029,6755,3799,2956
107000030,2741,1804,937
107000031,9079,4298,4781
107000032,370,842,-472
107000033,3189,5384,-2195
107000034,5075,1412,3663
107000035,818,388,430
107000036,490,2420,-1930
107000037,154,1031,-877
107000038,553,211,342
107000039,1637,1555,82
107000040,535,235,300
107000041,1438,1158,280
107000042,651,3206,-2555
107000043,1925,1148,777
107000044,391,471,-80
107000045,57,541,-484
107000046,884,635,249
107000047,853,1237,-384
107000048,1034,523,511
107000049,544,943,-399
107000050,1077,810,267
107000051,360,423,-63
107000052,1704,3000,-1296
107000053,623,932,-309
107000054,69,168,-99
107000055,733,304,429
107000056,609,521,88
107000057,1512,163,1349
107000058,2537,4649,-2112
107000059,3055,3170,-115
107000060,8843,8328,515
107000061,4934,3052,1882
107000062,10231,5476,4755
107000063,5051,3545,1506
107000064,8589,6737,1852
107000065,3397,5924,-2527
107000066,2432,4604,-2172
107000067,2360,2110,250
107000068,1060,1625,-565
107000069,1873,1249,624
107000070,1625,3,1622
107000071,6861,61,6800
107000072,10,1225,-1215
107000073,1962,1339,623
107000074,83,528,-445
107000075,3185,460,2725
107000076,282,729,-447
107000077,4954,988,3966
107000078,667,1403,-736
107000079,4432,1387,3045
107000080,463,1659,-1196
107000081,4473,994,3479
107000082,1179,759,420
107000083,2131,1355,776
107000084,285,874,-589
107000085,4407,4085,322
107000086,3346,2449,897
107000087,5811,4382,1429
107000088,3632,4750,-1118
107000089,3403,4937,-1534
107000090,2033,1253,780
107000091,2931,2115,816
107000092,1575,1000,575
107000093,2233,1895,338
107000094,1435,1143,292
107000095,1973,1133,840
107000096,1128,559,569
107000097,2268,798,1470
107000098,858,682,176
107000099,798,725,73
107000100,327,416,-89
107000101,245,449,-204
107000102,402,441,-39
107000103,609,389,220
107000104,213,506,-293
107000105,1082,357,725
107000106,190,297,-107
107000107,1672,366,1306
107000108,254,592,-338
107000109,1833,362,1471
107000110,184,272,-88
107000111,1135,100,1035
107000112,41,215,-174
107000113,2170,182,1988
107000114,59,425,-366
107000115,1603,1389,214
107000116,83,774,-691
107000117,196,5884,-5688
107000118,115,194,-79
107000119,2123,1895,228
107000120,1078,1844,-766
107000121,1387,957,430
107000122,1252,883,369
107000123,929,634,295
107000124,1134,381,753
107000125,2078,610,1468
107000126,2957,328,2629
107000129,370,491,-121
107000130,1417,336,1081
107000131,347,455,-108
107000132,916,491,425
107000133,368,233,135
107000134,230,0,230
107000135,2,276,-274
107000136,746,5,741
107000137,6,537,-531
107000138,139,20,119
107000139,3,995,-992
107000140,2296,59,2237
107000141,161,1325,-1164
107000142,780,69,711
107000143,104,1107,-1003
107000144,1022,859,163
107000145,223,504,-281
107000146,293,470,-177
107000147,4539,701,3838
107000150,571,6688,-6117
107000151,15,63,-48
107000152,1401,4362,-2961
107000153,160,239,-79
107000154,20,239,-219
107000155,1559,12,1547
107000156,1733,14,1719
107000157,17,458,-441
107000158,2044,45,1999
107000159,16,539,-523
107000160,3342,291,3051
107000161,89,454,-365
107000162,633,1293,-660
107000163,378,8,370
107000164,1608,2,1606
107000165,2480,8,2472
107000166,79,284,-205
107000167,1513,378,1135
107000168,1877,808,1069
107000169,432,362,70
107000170,5939,874,5065
107000171,761,901,-140
107000172,2331,3261,-930
107000173,540,521,19
107000174,2346,10965,-8619
107000175,3912,755,3157
107000176,0,0,0
107000177,2,0,2
107000178,43,4,39
107000179,518,1177,-659
107000180,3396,187,3209
107000181,666,749,-83
107000182,3688,781,2907
107000183,438,638,-200
107000184,2214,814,1400
107000185,420,1157,-737
107000186,1430,674,756
107000187,1962,1749,213
107000188,930,459,471
107000189,1414,983,431
107000190,1052,608,444
107000191,1289,1185,104
107000192,2451,728,1723
107000193,582,961,-379
107000194,837,689,148
107000197,1356,440,916
107000198,379,624,-245
107000199,1480,1051,429
107000200,1706,1151,555
107000201,766,527,239
107000202,480,649,-169
107000203,489,1656,-1167
107000204,505,1963,-1458
107000205,991,973,18
107000206,436,1418,-982
107000207,545,1259,-714
107000208,461,660,-199
107000209,569,986,-417
107000210,163,179,-16
107000211,3,69,-66
107000212,11,144,-133
107000213,9,21,-12
107000214,38,91,-53
107000215,939,145,794
107000216,747,270,477
107000217,326,130,196
107000219,124,281,-157
107000220,197,83,114
107000222,496,308,188
107000224,875,209,666
107000225,271,336,-65
107000226,797,200,597
107000227,225,176,49
107000228,397,946,-549
107000229,107,251,-144
107000230,2256,932,1324
107000231,590,1604,-1014
107000232,240,49,191
107000233,283,728,-445
107000234,4,102,-98
107000235,57,53,4
107000236,12,722,-710
107000237,105,0,105
107000238,53,6,47
107000239,2300,991,1309
107000240,431,482,-51
107000243,0,97,-97
107000244,5,79,-74
107000246,1,445,-444
107000249,4,515,-511
107000251,0,217,-217
107000252,3,663,-660
107000255,415,509,-94
107000257,3,778,-775
107000258,4,257,-253
107000259,11,187,-176
107000260,3259,27,3232
107000262,35,241,-206
107000263,706,5,701
107000266,40,37,3
107000267,13,124,-111
107000268,378,46,332
107000269,107,4,103
107000270,472,141,331
107000271,0,0,0
107000272,262,0,262
107000273,1,234,-233
107000274,717,252,465
107000275,17,1289,-1272
107000280,2192,49,2143
107000281,27,377,-350
107000282,20,470,-450
107000290,11,77,-66
107000291,46,13,33
107000292,1,492,-491
107000293,16,31,-15
107000294,2,133,-131
107000295,61,11,50
107000296,1,26,-25
107000444,451,4,447
107000496,27,0,27
107000497,1055,1390,-335
107000500,840,682,158
107000501,151,429,-278
107000502,457,1073,-616
107000505,539,984,-445
107000506,0,15,-15
107000508,20,188,-168
107000509,181,855,-674
107000510,78,82,-4
107000514,77,659,-582
107000515,25,47,-22
107000516,962,680,282
107000518,3172,4417,-1245
107000519,1284,481,803
107000520,207,101,106
107000521,1529,348,1181
107000522,2484,423,2061
107900001,198,24,174
107900002,122,13,109
107900003,1573,19,1554
107900004,210,1,209
107900005,4816,14,4802
107900006,331,8,323
107900007,464,49,415
107900008,41,5,36
107900009,110,24,86
107900010,148,4,144
107900012,584,126,458
107900013,354,22,332
107900014,197,7,190
107900015,3314,17,3297
107900016,622,60,562
107900017,120,1,119
107900018,73,611,-538
107900019,37,19,18
107900020,39,54,-15
107900021,419,52,367
107900023,7,1,6
107900024,0,2,-2
107900025,277,83,194
107900026,99,16,83
107900027,1,91,-90
107900028,545,18,527
107900030,373,58,315
107900031,133,54,79
107900032,85,21,64
107900033,54,29,25
107900034,296,19,277
107900035,2903,186,2717
107900036,82,30,52
107900037,0,10,-10
107900038,64,482,-418
107900039,68,13,55
107900040,6,282,-276
107900041,2,9,-7
107900043,130,109,21
107900044,12,37,-25
107900045,148,74,74
107900046,521,646,-125
107900047,77,44,33
107900048,522,53,469
107900049,518,1618,-1100
107900050,62,300,-238
107900051,56,27,29
107900052,26,147,-121
107900053,246,63,183
107900055,703,404,299
107900056,94,253,-159
107900057,4,0,4
107900058,27,612,-585
107900060,7,116,-109
107900061,2,6,-4
107900063,132,199,-67
107900064,238,922,-684
107900065,907,27,880
107900066,51,13,38
107900067,2,0,2
107900068,118,978,-860
107900069,12,5139,-5127
107900070,203,231,-28
107900071,16,339,-323
107900072,416,69,347
107900073,92,146,-54
107900074,188,701,-513
107900076,225,46,179
107900077,225,3,222
107900078,207,112,95
107900079,57,21,36
107900080,83,1130,-1047
107900081,95,65,30
107900082,5,16,-11
107900083,789,184,605
107900084,247,247,0
107900086,40,487,-447
107900087,320,62,258
107900088,178,18,160
107900089,355,1069,-714
107900090,282,3268,-2986
107900091,164,117,47
107900092,1276,141,1135
107900093,78,53,25
107900095,1108,1322,-214
107900097,59,112,-53
107900098,211,590,-379
107900100,392,2101,-1709
107900101,411,51,360
107900102,77,8,69
107900103,123,193,-70
107900104,327,6,321
107900105,7,116,-109
107900106,1,332,-331
107900107,803,345,458
107900108,308,49,259
107900109,3391,106,3285
107900110,110,37,73
107900111,9,273,-264
107900112,76,1041,-965
107900113,293,19,274
107900114,340,66,274
107900115,0,21,-21
107900116,451,61,390
107900117,254,230,24
107900118,32,182,-150
107900119,195,315,-120
107900120,86,20,66
107900121,3,161,-158
107900122,4,204,-200
107900123,14,189,-175
107900124,2,75,-73
107900125,70,221,-151
107900126,80,216,-136
107900127,458,280,178
107900128,89,136,-47
107900129,153,2,151
107900130,209,19,190
107900131,85,210,-125
107900132,34,265,-231
107900133,0,25,-25
107900134,24,89,-65
107900135,3,35,-32
107900136,15,15,0
107900137,59,201,-142
107900138,182,16,166
107900139,227,42,185
107900141,20,28,-8
107900142,54,476,-422
107900143,37,10,27
107900144,0,34,-34
107900145,9,60,-51
107900146,64,126,-62
107900147,33,19,14
107900148,280,132,148
107900149,669,63,606
107900150,24,357,-333
107900151,51,25,26
107900152,15,112,-97
107900153,73,345,-272
107900154,65,50,15
107900155,161,89,72
107900156,7,70,-63
107900157,66,88,-22
107900158,2374,125,2249
107900159,44,291,-247
107900160,148,33,115
107900161,301,53,248
107900162,0,28,-28
107900163,7,83,-76
107900164,66,81,-15
107900165,25,350,-325
107900166,75,58,17
107900167,23,72,-49
107900168,227,44,183
107900169,2,933,-931
107900171,62,431,-369
107900172,0,199,-199
107900173,67,31,36
107900174,232,0,232
107900175,9,129,-120
107900176,168,11,157
107900177,0,59,-59
107900178,24,67,-43
107900179,34,127,-93
107900180,315,1550,-1235
107900181,333,319,14
107900182,0,458,-458
107900183,135,47,88
107900184,228,219,9
107900185,201,2,199
107900186,59,43,16
107900187,0,93,-93
107900188,437,80,357
107900189,66,111,-45
107900190,40,139,-99
107900191,61,249,-188
107900193,16,142,-126
107900194,275,8,267
107900195,1103,193,910
107900196,229,26,203
107900197,242,393,-151
107900199,2,591,-589
107900201,215,123,92
107900203,28,43,-15
107900204,268,323,-55
107900205,348,301,47
107900206,192,814,-622
107900207,1,267,-266
107900208,3,243,-240
107900209,339,121,218
107900210,32,55,-23
107900213,492,498,-6
107900214,8,202,-194
107900215,285,613,-328
107900216,18,46,-28
107900217,63,68,-5
107900218,20,733,-713
107900219,105,26,79
107900220,37,165,-128
107900221,165,295,-130
107900223,295,101,194
107900224,176,587,-411
107900225,6,440,-434
107900226,19,58,-39
107900227,120,360,-240
107900228,97,141,-44
107900229,4,39,-35
107900230,18,12,6
107900231,58,82,-24
107900232,496,74,422
107900233,27,30,-3
107900234,414,167,247
107900235,81,190,-109
107900236,926,116,810
107900237,7,409,-402
107900238,115,26,89
107900239,371,959,-588
107900240,151,45,106
107900241,14,12,2
107900242,37,256,-219
107900243,1,30,-29
107900244,511,6,505
107900245,1600,60,1540
107900246,449,53,396
107900248,104,154,-50
107900249,1953,280,1673
107900250,3,302,-299
107900251,18,738,-720
107900252,1114,48,1066
107900253,335,38,297
107900254,124,301,-177
107900255,107,14,93
107900256,484,865,-381
107900257,587,222,365
107900258,156,56,100
107900259,46,6381,-6335
107900261,1,127,-126
107900262,79,62,17
107900264,713,33,680
107900265,249,91,158
107900267,804,23,781
107900268,39,8,31
107900269,0,5,-5
107900270,7,0,7
107900271,2,70,-68
107900272,37,21,16
107900273,70,60,10
107900274,113,0,113
107900275,80,0,80
107900276,5,13,-8
107900277,1,27,-26
107900278,839,116,723
107900279,19,72,-53
107900280,2882,1212,1670
107900281,1186,12004,-10818
107900282,17,1480,-1463
107900283,795,1531,-736
107900284,1142,548,594
107900285,244,34,210
107900286,27,33,-6
107900287,781,150,631
107900290,1,1054,-1053
107900291,862,29,833
107900292,351,99,252
107900293,135,251,-116
107900295,123,97,26
107900297,0,444,-444
107900298,726,757,-31
107900299,2844,4121,-1277
107900300,105,723,-618
107900301,1678,1135,543
107900302,177,50,127
107900303,683,370,313
107900304,892,108,784
107900305,349,9,340
107900306,0,58,-58
107900307,5,251,-246
107900308,189,270,-81
107900309,70,0,70
107900310,55,0,55
107900311,4,415,-411
107900312,57,0,57
107900313,1,167,-166
107900314,0,105,-105
107900315,0,41,-41
107900316,19,1,18
107900317,101,11,90
107900318,5,323,-318
107900319,13,48,-35
107900320,11,59,-48
107900321,384,18,366
107900322,9,37,-28
107900323,52,56,-4
107900324,213,6,207
107900325,290,4,286
107900326,1225,53,1172
107900327,0,221,-221
107900328,23,0,23
107900329,33,480,-447
107900330,5,79,-74
107900331,1013,39,974
107900332,747,10,737
107900333,142,37,105
107900334,14,48,-34
107900335,45,87,-42
107900336,34,115,-81
107900337,470,1375,-905
107900338,2,149,-147
107900339,1,13,-12
107900340,2,130,-128
107900341,141,1,140
107900342,157,103,54
107900343,75,1,74
107900344,17,36,-19
107900345,126,18,108
107900346,43,1,42
107900347,27,5,22
107900348,0,11,-11
107900349,25,10,15
107900350,44,255,-211
107900351,8,50,-42
107900352,0,10,-10
107900353,50,19,31
107900354,17,36,-19
108000001,6878,5603,1275
108000002,1983,1657,326
108000003,3964,4608,-644
108000004,10876,10956,-80
108000005,9170,7830,1340
108000006,4020,4206,-186
108000007,8435,8113,322
108000008,3658,4659,-1001
108000009,8783,8265,518
108000010,2664,4981,-2317
108000011,17987,14174,3813
108000012,10362,9326,1036
108000014,643,1823,-1180
108000015,1518,261,1257
108000016,442,515,-73
108000017,2081,495,1586
108000018,2826,1255,1571
108000019,1177,1101,76
108000020,1718,520,1198
108000021,371,1428,-1057
108000022,397,776,-379
108000023,3082,407,2675
108000024,640,251,389
108000025,833,186,647
108000026,1253,266,987
108000027,1405,205,1200
108000028,1025,325,700
108000029,974,383,591
108000030,593,417,176
108000031,250,958,-708
108000032,4076,957,3119
108000033,814,667,147
108000034,2957,656,2301
108000035,777,1549,-772
108000036,560,853,-293
108000037,4212,529,3683
108000038,5628,490,5138
108000039,581,1339,-758
108000040,3938,1499,2439
108000041,408,2102,-1694
108000042,820,125,695
108000043,414,250,164
108000044,1083,109,974
108000045,464,233,231
108000046,3212,538,2674
108000047,391,615,-224
108000048,89,142,-53
108000049,1202,177,1025
108000050,164,155,9
108000051,624,425,199
108000052,172,414,-242
108000053,536,478,58
108000054,336,1200,-864
108000055,1582,981,601
108000056,652,1435,-783
108000057,979,1966,-987
108000058,2521,7472,-4951
108000059,2248,1369,879
108000060,381,866,-485
108000061,87,232,-145
108000062,2034,880,1154
108000063,643,580,63
108000064,524,293,231
108000065,800,434,366
108000066,2989,1659,1330
108000067,4049,1230,2819
108000068,1578,839,739
108000069,235,735,-500
108000070,3479,1250,2229
108000071,666,1416,-750
108000072,1918,1091,827
108000073,981,1148,-167
108000074,1057,1005,52
108000075,512,459,53
108000076,1508,803,705
108000077,659,553,106
108000078,3923,1029,2894
108000079,692,741,-49
108000080,3133,562,2571
108000081,945,731,214
108000082,757,1383,-626
108000083,3423,1075,2348
108000084,443,1006,-563
108000085,2194,835,1359
108000086,533,588,-55
108000087,204,3916,-3712
108000088,481,13,468
108000089,451,531,-80
108000090,977,474,503
108000091,127,674,-547
108000092,503,304,199
108000093,492,441,51
108000094,1833,214,1619
108000095,356,550,-194
108000096,956,345,611
108000097,289,519,-230
108000098,4156,1718,2438
108000099,394,180,214
108000100,173,395,-222
108000101,1963,2202,-239
108000102,2072,4287,-2215
108000106,1248,2,1246
108000107,0,894,-894
108000108,946,102,844
108000109,7,392,-385
108000110,972,471,501
108000111,380,1151,-771
108000112,119,254,-135
108000113,431,337,94
108000115,458,455,3
108000117,499,603,-104
108000118,35,689,-654
108000119,842,292,550
108000120,366,1662,-1296
108000121,446,456,-10
108000122,1487,626,861
108000123,1171,289,882
108000124,590,452,138
108000125,1243,372,871
108000126,378,289,89
108000127,1335,349,986
108000128,1409,196,1213
108000129,492,344,148
108000130,952,469,483
108000131,922,245,677
108000132,463,782,-319
108000133,1876,446,1430
108000134,591,392,199
108000135,1798,1053,745
108000136,486,377,109
108000137,976,202,774
108000138,784,673,111
108000139,1073,264,809
108000140,906,12,894
108000141,147,33,114
108000142,88,62,26
108000143,68,10,58
108000144,258,17,241
108000145,108,3,105
108000146,238,20,218
108000147,41,13,28
108000148,201,19,182
108000149,78,33,45
108000150,113,29,84
108000151,12,10,2
108000152,262,223,39
108000153,1971,250,1721
108000154,65,4,61
108000155,132,51,81
108000156,302,207,95
108000157,492,4183,-3691
108000158,194,1844,-1650
108000159,274,263,11
108000160,1955,2150,-195
108000161,2079,7125,-5046
108000165,6,821,-815
108000172,2,458,-456
108000173,598,3168,-2570
108000175,1380,185,1195
108000178,399,332,67
108000179,193,1443,-1250
108000181,140,34,106
108000182,138,11,127
108000183,13,7,6
108000184,701,5294,-4593
108000185,731,284,447
108000186,389,155,234
108000187,194,268,-74
108000188,1563,135,1428
108000189,488,2790,-2302
108000190,42,97,-55
108000192,496,96,400
108000193,412,26,386
108000194,11,24,-13
108000195,1,963,-962
108000196,328,172,156
108000198,858,66,792
108000199,0,354,-354
108000200,1101,261,840
108000203,393,364,29
108000204,272,93,179
108000205,192,300,-108
108000339,1208,535,673
108000364,94,265,-171
108000365,48,274,-226
108000367,315,241,74
108000368,20,48,-28
108000369,535,94,441
108000371,0,350,-350
108000372,1029,4,1025
108000373,276,106,170
108000376,212,19,193
108000377,1475,90,1385
108000378,11578,20138,-8560
108000379,23,352,-329
108000381,269,12,257
108000382,127,0,127
108000383,2,421,-419
108900001,8,421,-413
108900002,403,53,350
108900003,139,675,-536
108900004,19,696,-677
108900005,95,597,-502
108900006,1218,315,903
108900007,524,172,352
108900008,245,98,147
108900009,230,310,-80
108900010,689,201,488
108900011,1680,287,1393
108900012,682,286,396
108900013,182,481,-299
108900014,42,156,-114
108900015,0,204,-204
108900016,2,136,-134
108900017,246,752,-506
108900018,267,478,-211
108900019,40,330,-290
108900020,46,137,-91
108900021,198,136,62
108900022,200,49,151
108900023,10,113,-103
108900024,59,21,38
108900025,621,45,576
108900026,42,25,17
108900027,1,32,-31
108900028,143,73,70
108900029,150,276,-126
108900030,0,30,-30
108900031,451,140,311
108900032,14,114,-100
108900033,0,51,-51
108900034,0,24,-24
108900035,481,370,111
108900036,334,312,22
108900037,28,173,-145
108900038,0,75,-75
108900039,0,47,-47
108900040,4,35,-31
108900041,5695,3497,2198
108900042,4,338,-334
108900043,40,773,-733
108900044,1,92,-91
108900045,103,89,14
108900046,28,192,-164
108900047,0,301,-301
108900048,189,308,-119
108900049,1364,5317,-3953
108900050,2,76,-74
108900051,0,72,-72
108900052,28,64,-36
108900053,221,1241,-1020
108900054,75,99,-24
108900055,16,258,-242
108900056,1,53,-52
108900057,0,78,-78
108900058,96,86,10
108900059,2431,91,2340
108900060,53,263,-210
108900061,105,14,91
108900062,2,191,-189
108900063,24,82,-58
108900064,858,22,836
108900065,15,96,-81
108900066,741,249,492
108900067,4,220,-216
108900068,4,53,-49
108900069,276,18,258
108900070,33,42,-9
108900071,217,65,152
108900072,1268,172,1096
108900073,97,132,-35
108900074,1013,51,962
108900075,10,8,2
108900076,871,34,837
108900077,69,292,-223
108900078,127,57,70
108900079,237,248,-11
108900080,7,1657,-1650
108900081,96,339,-243
108900082,160,62,98
108900083,13,513,-500
108900084,272,164,108
108900085,1634,149,1485
108900086,373,75,298
108900087,49,311,-262
108900088,788,550,238
108900089,12,184,-172
108900090,189,69,120
108900091,114,77,37
108900092,711,410,301
108900093,116,68,48
108900094,575,227,348
108900095,81,217,-136
108900096,287,7,280
108900097,394,118,276
108900098,1491,1744,-253
108900099,667,216,451
108900100,96,93,3
108900101,356,815,-459
108900102,15,2378,-2363
108900103,405,323,82
108900104,61,363,-302
108900105,20,4406,-4386
108900106,832,161,671
108900108,553,55,498
108900109,1372,128,1244
108900110,301,167,134
108900111,827,218,609
108900112,757,38,719
108900113,66,136,-70
108900114,328,24,304
108900115,288,270,18
108900116,129,22,107
108900117,580,46,534
108900118,1534,55,1479
108900119,859,28,831
108900120,679,394,285
108900121,307,156,151
108900122,481,67,414
108900123,622,180,442
108900124,1941,259,1682
108900125,1445,18,1427
108900126,290,78,212
108900127,478,72,406
108900128,404,107,297
108900129,2526,254,2272
108900130,1675,4,1671
108900131,1100,15,1085
108900132,1307,93,1214
108900133,686,63,623
108900134,1400,188,1212
108900135,708,28,680
108900136,47,2,45
108900137,517,6,511
108900138,2255,146,2109
108900139,1233,95,1138
108900140,1331,44,1287
108900141,1038,14,1024
108900142,138,19,119
108900143,163,1,162
108900144,225,3,222
108900145,769,80,689
108900146,242,0,242
108900147,769,7,762
108900148,139,26,113
108900149,670,738,-68
108900150,448,2,446
108900151,99,82,17
108900152,180,20,160
108900153,472,70,402
108900154,8902,392,8510
108900155,495,45,450
108900156,265,13,252
108900157,24,291,-267
108900158,1051,49,1002
108900159,215,71,144
108900160,15,80,-65
108900161,367,163,204
108900162,372,16,356
108900163,7,568,-561
108900164,150,83,67
108900165,156,49,107
108900167,1231,20434,-19203
108900168,4356,2644,1712
108900169,67,150,-83
108900171,3645,4897,-1252
108900172,267,157,110
108900173,80,407,-327
108900174,1617,660,957
108900176,113,408,-295
108900177,3399,15332,-11933
108900178,2825,8428,-5603
108900179,344,3081,-2737
108900180,66,391,-325
108900182,110,724,-614
108900183,239,450,-211
108900184,459,170,289
108900185,61,698,-637
108900186,89,489,-400
108900187,1310,56,1254
108900188,1618,97,1521
108900189,612,100,512
108900190,90,2306,-2216
108900191,134,202,-68
108900192,129,161,-32
108900193,33,25,8
108900194,2,218,-216
108900195,109,125,-16
108900196,162,262,-100
108900198,4,226,-222
108900199,272,376,-104
108900200,962,833,129
108900201,393,1188,-795
108900203,546,130,416
108900204,625,28,597
108900205,396,30,366
108900206,958,145,813
108900207,428,595,-167
108900208,12,423,-411
108900209,166,593,-427
108900210,105,170,-65
108900211,279,921,-642
108900212,85,3052,-2967
108900215,103,326,-223
108900216,158,608,-450
108900217,127,1,126
108900218,57,42,15
108900219,47,7,40
108900220,108,53,55
108900221,33,45,-12
108900222,397,17,380
108900223,1,43,-42
108900224,85,90,-5
108900225,0,208,-208
108900226,26,2,24
108900227,313,488,-175
108900230,90,229,-139
108900231,15,114,-99
108900232,0,133,-133
108900233,838,292,546
108900234,322,237,85
108900235,135,365,-230
108900236,34,451,-417
108900237,39,67,-28
108900240,161,152,9
108900241,117,36,81
108900245,2,3450,-3448
108900249,158,27,131
108900250,573,120,453
108900257,426,261,165
108900258,17,95,-78
108900259,16,36,-20
108900260,6,18,-12
108900261,37,67,-30
108900262,140,281,-141
108900263,94,262,-168
108900264,213,346,-133
108900265,881,754,127
108900266,162,3094,-2932
108900267,2,688,-686
108900268,13,83,-70
108900269,399,83,316
108900270,498,19,479
108900271,112,130,-18
108900272,824,58,766
108900273,352,1411,-1059
108900274,141,9,132
109000001,5903,4339,1564
109000002,851,4026,-3175
109000003,5747,764,4983
109000004,1004,2372,-1368
109000005,3773,944,2829
109000006,1275,2019,-744
109000007,3677,1268,2409
109000008,1063,1565,-502
109000009,6296,1918,4378
109000010,1030,3366,-2336
109000011,7277,3424,3853
109000012,1889,3559,-1670
109000013,8615,8018,597
109000014,2495,2462,33
109000015,4905,20430,-15525
109000016,5480,2423,3057
109000017,5336,1964,3372
109000018,1956,2181,-225
109000019,4561,2111,2450
109000020,1560,2852,-1292
109000023,424,46,378
109000024,6,139,-133
109000025,177,989,-812
109000026,828,260,568
109000027,148,496,-348
109000028,173,67,106
109000029,94,645,-551
109000030,31,467,-436
109000031,579,146,433
109000032,155,622,-467
109000033,680,245,435
109000034,93,102,-9
109000035,19,52,-33
109000036,47,310,-263
109000037,542,4683,-4141
109000038,299,313,-14
109000039,1162,997,165
109000040,4961,22417,-17456
109000041,1558,4350,-2792
109000042,682,2698,-2016
109000044,695,170,525
109000045,127,366,-239
109000046,747,167,580
109000047,129,425,-296
109000048,478,701,-223
109000049,284,739,-455
109000050,407,531,-124
109000051,268,186,82
109000052,844,488,356
109000053,660,82,578
109000054,140,431,-291
109000055,699,360,339
109000056,484,489,-5
109000057,1385,464,921
109000058,293,107,186
109000059,159,1346,-1187
109000060,160,551,-391
109000061,346,2869,-2523
109000062,236,454,-218
109000063,341,159,182
109000064,852,161,691
109000065,444,352,92
109000066,886,58,828
109000067,153,247,-94
109000068,788,32,756
109000069,857,30,827
109000070,100,941,-841
109000071,706,81,625
109000072,86,241,-155
109000073,80,169,-89
109000074,24,210,-186
109000075,113,395,-282
109000076,140,440,-300
109000077,362,214,148
109000078,186,213,-27
109000079,197,88,109
109000080,499,113,386
109000081,257,443,-186
109000082,1746,212,1534
109000083,668,504,164
109000088,233,261,-28
109000089,535,140,395
109000090,135,243,-108
109000091,733,168,565
109000092,315,249,66
109000093,413,229,184
109000094,1564,4,1560
109000095,248,432,-184
109000096,1785,273,1512
109000097,77,87,-10
109000098,155,202,-47
109000099,1230,136,1094
109000100,754,405,349
109000101,2895,541,2354
109000102,1218,466,752
109000103,1108,622,486
109000104,4354,376,3978
109000105,873,652,221
109000106,3086,573,2513
109000107,899,1136,-237
109000108,3531,816,2715
109000109,711,1032,-321
109000110,1989,734,1255
109000111,1077,1732,-655
109000112,485,154,331
109000113,406,509,-103
109000114,259,644,-385
109000115,1124,27,1097
109000116,16,326,-310
109000117,427,23,404
109000118,11,226,-215
109000119,3126,81,3045
109000120,732,621,111
109000121,984,31,953
109000122,330,307,23
109000123,30,51,-21
109000124,1673,353,1320
109000125,1608,343,1265
109000126,872,438,434
109000127,2320,108,2212
109000128,902,686,216
109000129,5452,584,4868
109000130,430,720,-290
109000131,1079,795,284
109000132,417,1301,-884
109000133,313,484,-171
109000134,772,1353,-581
109000135,546,1446,-900
109000136,426,279,147
109000137,578,519,59
109000138,838,230,608
109000139,1157,583,574
109000140,415,211,204
109000141,1084,560,524
109000142,227,574,-347
109000143,228,130,98
109000145,149,265,-116
109000146,11,114,-103
109000148,2642,2927,-285
109000149,51,101,-50
109000150,36,346,-310
109000155,1455,1082,373
109000156,1577,333,1244
109000158,54,285,-231
109000159,127,719,-592
109000160,2629,299,2330
109000161,1014,1520,-506
109000162,3513,673,2840
109000163,2118,1576,542
109000164,2478,2105,373
109000165,2648,729,1919
109000166,2428,149,2279
109000167,323,605,-282
109000170,28,66,-38
109000171,177,37,140
109000172,41,69,-28
109000173,30,256,-226
109000174,368,50,318
109000175,72,122,-50
109000176,899,295,604
109000177,86,139,-53
109000178,1771,311,1460
109000179,3141,8843,-5702
109000180,4275,4337,-62
109000181,38,6,32
109000182,181,14,167
109000183,98,24,74
109000184,58,10,48
109000185,55,15,40
109000188,437,1316,-879
109000189,4652,1220,3432
109000190,1263,492,771
109000191,447,434,13
109000192,969,276,693
109000193,550,114,436
109000194,592,78,514
109000195,424,125,299
109000196,449,60,389
109000197,325,238,87
109000198,538,34,504
109000199,274,348,-74
109000206,252,56,196
109000207,328,61,267
109000208,229,208,21
109000209,204,139,65
109000210,260,503,-243
109000211,1607,513,1094
109000214,515,220,295
109000215,123,57,66
109000216,596,519,77
109000217,146,314,-168
109000218,452,589,-137
109000221,127,769,-642
109000222,927,258,669
109000223,940,609,331
109000224,111,55,56
109000225,320,48,272
109000226,114,176,-62
109000227,3346,645,2701
109000228,6,689,-683
109000231,1,150,-149
109000232,1489,91,1398
109000236,354,485,-131
109000241,2351,1175,1176
109000242,1812,646,1166
109000293,146,141,5
109000361,29,169,-140
109000364,183,581,-398
109000396,2,294,-292
109000397,1100,46,1054
109000399,175,375,-200
109000400,201,163,38
109000403,21,1503,-1482
109000406,1195,0,1195
109000407,308,149,159
109000408,1,535,-534
109000410,1017,325,692
109000411,585,48,537
109900001,249,1,248
109900002,1494,4,1490
109900003,1107,5,1102
109900004,329,107,222
109900005,30,2,28
109900006,941,67,874
109900007,2318,67,2251
109900008,0,27,-27
109900009,213,302,-89
109900010,1167,53,1114
109900011,31,86,-55
109900012,653,873,-220
109900013,537,303,234
109900014,486,155,331
109900015,188,91,97
109900016,218,6,212
109900017,441,277,164
109900018,320,31,289
109900019,378,121,257
109900020,111,47,64
109900021,75,22,53
109900022,196,300,-104
109900023,31,14,17
109900024,47,3,44
109900025,2,32,-30
109900026,1,89,-88
109900027,74,48,26
109900028,514,3595,-3081
109900029,3,142,-139
109900030,59,50,9
109900031,1,497,-496
109900032,3,181,-178
109900033,7,633,-626
109900034,102,4,98
109900035,115,165,-50
109900036,37,120,-83
109900037,30,349,-319
109900038,147,239,-92
109900039,9,0,9
109900040,33,281,-248
109900041,57,302,-245
109900042,10,537,-527
109900044,98,328,-230
109900045,179,21,158
109900046,124,71,53
109900047,240,216,24
109900048,0,113,-113
109900049,16,36,-20
109900050,0,58,-58
109900051,0,8,-8
109900052,73,160,-87
109900053,0,77,-77
109900054,1677,152,1525
109900055,82,157,-75
109900056,29,437,-408
109900057,4,64,-60
109900058,0,36,-36
109900059,2215,65,2150
109900060,1487,108,1379
109900061,71,133,-62
109900062,0,95,-95
109900063,18,514,-496
109900064,1283,204,1079
109900065,133,98,35
109900066,252,536,-284
109900067,1,150,-149
109900068,99,8,91
109900069,176,31,145
109900070,73,103,-30
109900071,55,21,34
109900072,35,84,-49
109900073,986,166,820
109900074,19,28,-9
109900075,30,85,-55
109900076,19,61,-42
109900077,40,35,5
109900078,103,172,-69
109900080,249,102,147
109900081,7,271,-264
109900082,128,148,-20
109900083,36,47,-11
109900084,54,126,-72
109900085,119,274,-155
109900086,135,1319,-1184
109900087,70,419,-349
109900089,1309,186,1123
109900090,272,708,-436
109900091,786,185,601
109900092,351,63,288
109900093,2134,178,1956
109900094,140,151,-11
109900095,93,189,-96
109900096,262,10,252
109900097,273,0,273
109900098,875,43,832
109900099,619,7,612
109900100,75,1,74
109900101,1532,12,1520
109900102,833,44,789
109900103,40,99,-59
109900104,1863,104,1759
109900105,992,43,949
109900106,659,43,616
109900107,1010,55,955
109900108,275,221,54
109900109,78,300,-222
109900110,81,160,-79
109900111,106,342,-236
109900112,178,260,-82
109900113,1022,549,473
109900114,908,2386,-1478
109900115,202,147,55
109900117,2235,85,2150
109900118,202,216,-14
109900119,155,565,-410
109900120,126,20,106
109900121,298,389,-91
109900122,945,3,942
109900123,19,51,-32
109900124,91,161,-70
109900125,0,122,-122
109900126,775,25,750
109900128,588,53,535
109900130,3212,5478,-2266
109900131,47,110,-63
109900132,17,68,-51
109900133,140,219,-79
109900134,83,229,-146
109900135,277,30,247
109900136,81,106,-25
109900137,410,368,42
109900140,357,95,262
109900142,3288,210,3078
109900145,5,773,-768
109900146,163,55,108
109900148,50,89,-39
109900149,83,67,16
109900150,42,46,-4
109900151,18,17,1
109900152,0,22,-22
109900153,7,416,-409
109900154,49,0,49
109900155,101,51,50
109900157,51,71,-20
109900158,40,130,-90
109900159,197,63,134
109900160,177,28,149
109900161,495,68,427
109900162,544,120,424
109900163,379,193,186
109900164,68,301,-233
109900165,356,5,351
109900166,1,56,-55
109900167,260,310,-50
109900168,157,506,-349
109900169,252,194,58
109900170,430,2230,-1800
109900171,644,80,564
109900172,407,543,-136
109900173,1747,3537,-1790
109900174,111,121,-10
109900175,118,249,-131
109900176,296,86,210
109900177,58,102,-44
109900178,2,381,-379
109900179,2,91,-89
109900180,20,12,8
110000001,750,675,75
110000002,710,946,-236
110000003,652,1072,-420
110000004,371,804,-433
110000005,398,2421,-2023
110000006,342,329,13
110000007,227,121,106
110000008,36,380,-344
110000009,64,46,18
110000010,42,148,-106
110000011,67,38,29
110000012,774,234,540
110000013,82,1427,-1345
110000014,778,479,299
110000015,348,1040,-692
110000016,579,2329,-1750
110000017,3325,426,2899
110000018,2818,285,2533
110000019,19,105,-86
110000020,1532,398,1134
110000021,176,659,-483
110000022,2076,162,1914
110000023,13,213,-200
110000024,554,356,198
110000025,1889,13,1876
110000026,7,318,-311
110000027,570,2717,-2147
110000028,1428,616,812
110000029,429,501,-72
110000030,556,526,30
110000031,258,326,-68
110000032,1768,246,1522
110000033,252,400,-148
110000034,896,596,300
110000035,838,475,363
110000036,2378,593,1785
110000037,374,598,-224
110000038,568,970,-402
110000039,1545,8676,-7131
110000040,353,330,23
110000041,399,3366,-2967
110000042,90,656,-566
110000043,893,542,351
110000044,44,789,-745
110000045,204,220,-16
110000046,8,102,-94
110000047,5,132,-127
110000048,3,128,-125
110000049,4,13,-9
110000050,5,282,-277
110000051,15,7,8
110000052,67,28,39
110000053,30,25,5
110000054,127,1195,-1068
110000055,128,168,-40
110000056,78,184,-106
110000057,325,592,-267
110000058,1393,540,853
110000059,1009,616,393
110000060,1987,1316,671
110000061,595,697,-102
110000062,706,1285,-579
110000063,111,400,-289
110000064,46,42,4
110000065,309,267,42
110000066,140,32,108
110000067,34,177,-143
110000068,433,96,337
110000069,1017,60,957
110000071,855,38,817
110000073,45,20,25
110000075,23,88,-65
110000076,576,905,-329
110000077,348,2222,-1874
110000078,210,26,184
110000080,238,374,-136
110000081,87,342,-255
110000082,49,513,-464
110000083,394,323,71
110000084,2034,1501,533
110000085,901,1073,-172
110000086,936,3550,-2614
110000087,39,76,-37
110000088,184,287,-103
110000089,688,75,613
110000090,107,183,-76
110000091,1076,144,932
110000092,34,37,-3
110000093,72,31,41
110000094,588,277,311
110000095,249,792,-543
110000096,1431,3016,-1585
110000097,965,2220,-1255
110000098,2927,891,2036
110000099,1240,1935,-695
110000100,2559,226,2333
110000101,179,154,25
110000102,166,37,129
110000104,443,286,157
110000105,53,304,-251
110000106,765,611,154
110000107,187,350,-163
110000108,198,262,-64
110000109,225,432,-207
110000110,2257,4442,-2185
110000111,4028,3533,495
110000112,231,1595,-1364
110000113,79,3986,-3907
110000114,752,1046,-294
110000115,851,308,543
110000116,98,75,23
110000117,527,362,165
110000118,1216,130,1086
110000119,807,258,549
110000120,638,167,471
110000121,127,477,-350
110000122,377,372,5
110000123,836,362,474
110000124,1,450,-449
110000125,1009,1,1008
110000126,394,8,386
110000127,1654,61,1593
110000128,28,662,-634
110000129,2,303,-301
110000130,581,311,270
110000131,59,273,-214
110000132,1,417,-416
110000133,23,516,-493
110000134,19,407,-388
110000135,254,48,206
110000136,120,300,-180
110000137,1108,597,511
110000138,1510,688,822
110000139,2498,443,2055
110000140,1094,932,162
110000143,507,354,153
110000144,2009,2088,-79
110000145,1751,1584,167
110000146,1581,1326,255
110000147,360,1274,-914
110000148,1080,192,888
110000151,436,2438,-2002
110000152,442,959,-517
110000153,682,26,656
110000154,84,40,44
110000155,955,2396,-1441
110000156,857,1695,-838
110000157,1176,2382,-1206
110000160,508,256,252
110000161,356,280,76
110000166,1293,100,1193
110000167,2907,942,1965
110000168,1118,1044,74
110000169,978,386,592
110000170,471,146,325
110000171,1129,90,1039
110000172,630,564,66
110000173,713,748,-35
110000174,112,407,-295
110000175,1557,105,1452
110000176,58,1053,-995
110000177,371,2264,-1893
110000178,578,4546,-3968
110000179,1078,430,648
110000180,589,335,254
110000181,1920,521,1399
110000182,437,132,305
110000183,5871,11732,-5861
110000184,446,5666,-5220
110000185,568,862,-294
110000186,590,1367,-777
110000191,1996,114,1882
110000192,835,20,815
110000193,1946,11,1935
110000194,3,572,-569
110000195,1016,79,937
110000196,984,73,911
110000197,177,54,123
110000198,125,54,71
110000199,85,296,-211
110000200,753,589,164
110000201,1298,1989,-691
110000202,1322,543,779
110000203,384,552,-168
110000204,1,180,-179
110000205,650,41,609
110000206,460,780,-320
110000207,2554,284,2270
110000208,329,412,-83
110000209,57,575,-518
110000210,2397,654,1743
110000211,1357,702,655
110000212,788,2129,-1341
110000213,654,56,598
110000214,763,94,669
110000215,263,188,75
110000216,165,116,49
110000217,1190,162,1028
110000218,426,141,285
110000219,736,64,672
110000220,62,65,-3
110000221,1145,19,1126
110000222,106,105,1
110000223,23,131,-108
110000224,11,2,9
110000225,231,871,-640
110000226,560,66,494
110000227,906,1325,-419
110000228,562,150,412
110000229,1,127,-126
110000230,860,701,159
110000231,575,705,-130
110000232,170,228,-58
110000233,194,729,-535
110000234,534,1013,-479
110000235,1451,932,519
110000236,1238,488,750
110000237,4278,1812,2466
110000238,1060,1611,-551
110000239,3000,1152,1848
110000240,0,11,-11
110000242,0,8,-8
110000243,293,58,235
110000244,197,305,-108
110000245,76,278,-202
110000246,1537,460,1077
110000247,1309,2877,-1568
110000248,1014,1028,-14
110000249,160,6,154
110000250,18,134,-116
110000251,711,269,442
110000252,655,182,473
110000253,2719,430,2289
110000254,831,586,245
110000255,129,655,-526
110000256,550,204,346
110000257,472,251,221
110000258,2,500,-498
110000259,393,27,366
110000260,90,128,-38
110000263,633,37,596
110000264,973,263,710
110000265,1753,2013,-260
110000266,1117,2171,-1054
110000267,48,101,-53
110000268,339,263,76
110000269,0,78,-78
110000270,207,3,204
110000271,2107,242,1865
110000272,1535,1204,331
110000273,1521,1074,447
110000274,323,4656,-4333
110000275,1858,1065,793
110000276,385,1247,-862
110000277,429,332,97
110000278,580,696,-116
110000279,723,779,-56
110000280,919,642,277
110000281,107,237,-130
110000282,147,32,115
110000283,12,69,-57
110000284,13,29,-16
110000285,1,477,-476
110000286,9,0,9
110000287,188,1,187
110000288,1,102,-101
110000289,555,4303,-3748
110000290,432,871,-439
110000291,4028,962,3066
110000292,1052,9975,-8923
110000293,811,406,405
110000294,2106,2226,-120
110000295,237,654,-417
110000296,1199,363,836
110000297,3177,258,2919
110000298,104,398,-294
110000299,176,57,119
110000301,688,25,663
110000302,735,1493,-758
110000303,758,26,732
110000304,310,320,-10
110000305,2317,32,2285
110000306,437,1214,-777
110000307,3465,6,3459
110000308,852,63,789
110000309,10,1049,-1039
110000310,1342,30,1312
110000311,12,616,-604
110000312,613,47,566
110000313,2113,1705,408
110000314,3,148,-145
110000315,1778,1557,221
110000316,595,977,-382
110000317,140,1212,-1072
110000318,2,45,-43
110000319,15,27,-12
110000320,31,43,-12
110000321,63,53,10
110000322,404,475,-71
110000323,782,315,467
110000324,3128,1608,1520
110000325,1578,6045,-4467
110000327,457,225,232
110000328,78,646,-568
110000333,1753,1863,-110
110000334,498,1541,-1043
110000335,733,684,49
110000336,659,1583,-924
110000337,2610,908,1702
110000338,711,394,317
110000339,643,357,286
110000340,43,329,-286
110000341,993,289,704
110000342,178,1,177
110000343,0,7,-7
110000344,53,906,-853
110000345,185,925,-740
110000346,1468,2131,-663
110000347,2120,903,1217
110000348,39,11,28
110000349,8,25,-17
110000350,130,3,127
110000351,2042,584,1458
110000352,941,2781,-1840
110000353,2919,375,2544
110000354,1420,7258,-5838
110000355,331,28,303
110000356,540,2,538
110000357,1105,10,1095
110000361,140,20,120
110000362,214,27,187
110000363,1634,161,1473
110000364,592,356,236
110000365,206,2,204
110000366,0,189,-189
110000367,772,136,636
110000368,6,78,-72
110000369,207,7,200
110000373,1,469,-468
110000374,124,33,91
110000375,76,1296,-1220
110000376,18,61,-43
110000377,125,419,-294
110000378,15,674,-659
110000379,2275,3893,-1618
110000380,159,2,157
110000383,5,774,-769
110000384,1294,249,1045
110000385,0,219,-219
110000387,184,3,181
110000388,89,160,-71
110000389,1200,7,1193
110000391,1452,280,1172
110000396,314,81,233
110000397,224,76,148
110000398,31,52,-21
110000399,473,0,473
110000587,302,268,34
110000589,324,136,188
110000640,219,26,193
110000652,23,684,-661
110000653,559,261,298
110000654,5,262,-257
110000656,0,215,-215
110000674,43,44,-1
110000675,66,71,-5
110000676,0,42,-42
110000679,70,1003,-933
110000682,211,399,-188
110000683,279,396,-117
110000684,0,38,-38
110000685,7,22,-15
110000686,8,201,-193
110000687,9,2,7
110000688,57,1849,-1792
110000689,84,16,68
110000692,26,245,-219
110000693,29,718,-689
110000694,0,120,-120
110000695,214,980,-766
110000696,73,71,2
110900001,678,50,628
110900002,473,741,-268
110900003,2288,212,2076
110900004,1041,41,1000
110900005,1516,8111,-6595
110900006,226,84,142
110900007,471,183,288
110900008,4,28,-24
110900009,425,780,-355
110900010,7,33,-26
110900011,55,155,-100
110900012,8,34,-26
110900013,1897,160,1737
110900014,515,37,478
110900015,336,796,-460
110900016,132,57,75
110900017,1013,66,947
110900018,481,33,448
110900019,765,24,741
110900020,435,199,236
110900021,165,473,-308
110900022,73,137,-64
110900023,73,470,-397
110900024,125,200,-75
110900025,23,113,-90
110900027,60,105,-45
110900028,74,77,-3
110900029,44,119,-75
110900030,27,120,-93
110900031,2,201,-199
110900032,0,46,-46
110900033,28,263,-235
110900035,66,853,-787
110900036,201,15,186
110900037,428,39,389
110900038,600,185,415
110900039,2,388,-386
110900040,391,6,385
110900041,15,31,-16
110900042,215,76,139
110900043,3,38,-35
110900044,288,25,263
110900045,119,200,-81
110900046,14,134,-120
110900047,229,982,-753
110900049,162,134,28
110900050,59,4,55
110900051,44,149,-105
110900052,4,121,-117
110900053,321,10,311
110900054,32,129,-97
110900055,40,2,38
110900056,65,139,-74
110900057,10,93,-83
110900058,822,110,712
110900059,628,160,468
110900060,436,216,220
110900061,4,51,-47
110900062,319,71,248
110900063,79,72,7
110900064,45,0,45
110900065,71,124,-53
110900066,23,49,-26
110900067,148,1174,-1026
110900068,358,207,151
110900069,8,7,1
110900070,398,84,314
110900071,166,1568,-1402
110900073,0,11,-11
110900074,832,80,752
110900075,733,73,660
110900077,2168,586,1582
110900078,286,12,274
110900079,861,1478,-617
110900080,280,104,176
110900081,14,10,4
110900082,385,76,309
110900083,151,45,106
110900084,193,8,185
110900085,161,167,-6
110900086,130,393,-263
110900087,769,167,602
110900088,6,1,5
110900090,91,200,-109
110900091,0,32,-32
110900093,349,123,226
110900095,152,20,132
110900097,57,6,51
110900098,60,123,-63
110900099,48,248,-200
110900100,0,10,-10
110900102,117,27,90
110900105,2012,114,1898
110900108,55,21,34
110900111,800,65,735
110900112,816,14,802
110900113,392,179,213
110900115,30,73,-43
110900116,2141,663,1478
110900118,136,5908,-5772
110900119,1548,138,1410
110900120,272,58,214
110900121,153,1,152
110900122,804,351,453
110900125,535,1519,-984
110900127,219,1689,-1470
110900128,83,321,-238
110900129,254,1298,-1044
110900130,409,627,-218
110900131,561,126,435
110900132,894,97,797
110900133,132,168,-36
110900135,63,190,-127
110900136,547,32,515
110900137,9,0,9
110900138,294,982,-688
110900139,4,476,-472
110900140,6,4,2
110900141,35,449,-414
110900142,59,167,-108
110900143,393,67,326
110900144,0,150,-150
110900145,316,226,90
110900146,224,642,-418
110900147,79,413,-334
110900148,1,236,-235
110900149,12,74,-62
110900150,43,8,35
110900151,6,54,-48
110900152,85,42,43
110900153,355,73,282
111000001,2060,1226,834
111000002,786,574,212
111000003,3807,1969,1838
111000004,1770,1801,-31
111000005,1402,3046,-1644
111000006,1271,3494,-2223
111000007,6474,9679,-3205
111000008,5101,5700,-599
111000009,517,1573,-1056
111000010,1755,385,1370
111000011,210,839,-629
111000012,602,424,178
111000013,705,1236,-531
111000014,3235,594,2641
111000017,28,857,-829
111000018,99,447,-348
111000020,621,1122,-501
111000021,35,99,-64
111000023,163,90,73
111000025,3112,5012,-1900
111000029,185,161,24
111000030,32,68,-36
111000031,1876,664,1212
111000032,638,318,320
111000033,217,105,112
111000034,49,327,-278
111000037,1836,548,1288
111000038,1909,2715,-806
111000039,2336,2546,-210
111000040,1803,1640,163
111000041,613,623,-10
111000042,2975,2827,148
111000043,3082,9364,-6282
111000044,2652,981,1671
111000045,4982,2830,2152
111000046,3677,2571,1106
111000047,3638,10127,-6489
111000049,485,452,33
111000050,1234,796,438
111000051,850,870,-20
111000052,598,1340,-742
111000053,240,725,-485
111000054,386,786,-400
111000055,1164,1337,-173
111000056,338,695,-357
111000057,179,353,-174
111000058,1095,64,1031
111000059,1240,364,876
111000060,8352,1403,6949
111000061,1493,571,922
111000062,1702,900,802
111000063,1725,1599,126
111000064,1686,668,1018
111000065,2227,1267,960
111000066,1486,546,940
111000067,2232,413,1819
111000068,1376,445,931
111000069,1568,1888,-320
111000070,875,560,315
111000071,222,363,-141
111000072,2321,1044,1277
111000073,299,2140,-1841
111000074,2636,1842,794
111000075,787,631,156
111000076,1270,809,461
111000077,1222,1163,59
111000078,1855,674,1181
111000079,945,887,58
111000080,1070,614,456
111000081,2031,9238,-7207
111000082,1670,556,1114
111000084,1741,691,1050
111000085,1430,1078,352
111000086,2049,1051,998
111000087,1038,471,567
111000088,5672,7004,-1332
111000089,1093,649,444
111000090,655,1064,-409
111000091,863,336,527
111000092,3177,804,2373
111000093,1644,1361,283
111000094,3004,1809,1195
111000095,1578,4388,-2810
111000096,1008,11616,-10608
111000097,3023,1009,2014
111000098,340,818,-478
111000099,493,1223,-730
111000100,683,1147,-464
111000101,415,838,-423
111000102,366,435,-69
111000104,1504,287,1217
111000107,83,586,-503
111000109,1174,312,862
111000110,2405,884,1521
111000111,6593,340,6253
111000112,4358,306,4052
111000113,878,3734,-2856
111000114,1492,9080,-7588
111000115,3962,1410,2552
111000116,1132,1108,24
111000117,279,918,-639
111000118,955,785,170
111000119,2637,957,1680
111000120,1055,961,94
111000121,356,1301,-945
111000122,620,674,-54
111000123,1716,1467,249
111000124,553,2538,-1985
111000125,450,1102,-652
111000126,97,587,-490
111000127,1918,198,1720
111000128,5145,526,4619
111000129,5663,679,4984
111000130,5547,582,4965
111000131,5531,690,4841
111000132,3014,2800,214
111000133,281,85,196
111000134,440,60,380
111000135,82,204,-122
111000136,670,340,330
111000138,51,11,40
111000140,12,2,10
111000141,215,456,-241
111000142,2,81,-79
111000143,4,236,-232
111000144,11,660,-649
111000145,60,5,55
111000146,134,2,132
111000147,116,35,81
111000148,229,110,119
111000149,6,13,-7
111000150,135,15,120
111000151,48,20,28
111000153,544,395,149
111000154,424,286,138
111000155,150,156,-6
111000156,1076,405,671
111000157,364,570,-206
111000158,999,707,292
111000159,3342,1460,1882
111000160,516,319,197
111000161,5,466,-461
111000162,1,53,-52
111000163,1573,994,579
111000164,483,3882,-3399
111000165,761,222,539
111000166,428,115,313
111000167,155,270,-115
111000168,253,412,-159
111000169,524,409,115
111000170,348,265,83
111000171,583,524,59
111000172,243,403,-160
111000173,409,910,-501
111000174,534,171,363
111000175,66,313,-247
111000176,933,32,901
111000177,1689,210,1479
111000178,3360,215,3145
111000179,572,113,459
111000180,363,360,3
111000181,3292,208,3084
111000182,389,161,228
111000183,309,306,3
111000184,454,148,306
111000185,732,429,303
111000186,449,299,150
111000187,534,156,378
111000188,938,401,537
111000189,326,368,-42
111000190,304,155,149
111000191,260,133,127
111000192,151,244,-93
111000193,417,130,287
111000194,75,125,-50
111000195,112,137,-25
111000196,98,99,-1
111000197,1475,133,1342
111000198,1161,88,1073
111000199,682,453,229
111000200,1071,819,252
111000201,1802,67,1735
111000202,1055,103,952
111000203,956,389,567
111000204,418,3351,-2933
111000213,360,575,-215
111000214,1976,1219,757
111000215,1693,1037,656
111000217,2946,757,2189
111000218,3503,1026,2477
111000219,412,247,165
111000220,1029,710,319
111000221,420,185,235
111000224,15,144,-129
111000225,1137,549,588
111000226,184,8,176
111000227,12,5,7
111000228,6,1015,-1009
111000229,34,2086,-2052
111000230,273,102,171
111000231,1447,343,1104
111000232,1522,796,726
111000233,3009,726,2283
111000234,424,1442,-1018
111000239,127,78,49
111000240,102,682,-580
111000241,172,150,22
111000242,655,64,591
111000243,319,247,72
111000244,1775,165,1610
111000245,1285,383,902
111000246,918,202,716
111000247,1190,312,878
111000248,1105,302,803
111000249,829,223,606
111000250,116,38,78
111000251,71,78,-7
111000253,68,34,34
111000255,98,8,90
111000257,106,13,93
111000260,61,585,-524
111000261,2559,93,2466
111000271,35,316,-281
111000273,5095,1535,3560
111000274,2443,4886,-2443
111000275,334,63,271
111000276,277,1042,-765
111000277,463,252,211
111000278,517,197,320
111000291,2943,21111,-18168
111000298,712,295,417
111000299,1234,266,968
111000300,70,618,-548
111000302,568,71,497
111000303,292,168,124
111000312,77,62,15
111000315,4,63,-59
111000320,281,317,-36
111000321,649,223,426
111000322,905,163,742
111000323,669,114,555
111000324,472,185,287
111000325,60,52,8
111000326,321,217,104
111000327,481,285,196
111000328,627,952,-325
111000329,19,79,-60
111000330,168,7,161
111000331,32,9,23
111000332,629,1007,-378
111000334,241,827,-586
111000335,1925,220,1705
111000337,2968,232,2736
111000338,197,131,66
111000339,1266,263,1003
111000340,204,740,-536
111000341,2830,1713,1117
111000342,84,748,-664
111000344,2062,552,1510
111000345,118,68,50
111000346,10,106,-96
111000347,312,3,309
111000350,342,153,189
111000351,213,346,-133
111000352,336,180,156
111000353,217,154,63
111000354,728,280,448
111000355,550,521,29
111000358,209,685,-476
111000360,239,170,69
111000361,209,98,111
111000546,1686,511,1175
111000547,618,446,172
111000548,356,214,142
111000549,277,189,88
111000550,67,1609,-1542
111000551,249,148,101
111000552,609,223,386
111000907,3116,14,3102
111000908,402,4,398
111000916,3948,263,3685
111000917,51,246,-195
111000918,385,434,-49
111000920,1382,15,1367
111000921,42,99,-57
111000922,1474,169,1305
111000924,42,402,-360
111000925,7845,3014,4831
111000926,1453,1241,212
111000927,2996,7254,-4258
111000928,3517,1503,2014
111000929,2898,1457,1441
111000930,1478,1395,83
111000931,2585,2168,417
111000932,2195,1344,851
111000933,4487,4899,-412
111000934,1414,1608,-194
111000935,4907,1805,3102
111000936,1474,1276,198
111000937,1936,2165,-229
111000938,1127,977,150
111000939,1448,41,1407
111000940,1460,39,1421
111000941,415,352,63
111000943,833,221,612
111000944,227,178,49
111000945,461,917,-456
111001109,822,1884,-1062
111001110,236,409,-173
111001111,296,10,286
111001112,80,3,77
111001113,1,1191,-1190
111001114,769,366,403
111001115,39,2662,-2623
111001116,2373,9234,-6861
111001117,456,3566,-3110
111001120,169,220,-51
111001121,139,83,56
111001122,406,159,247
111001123,686,159,527
111001124,229,52,177
111001125,7,533,-526
111900001,49,26,23
111900002,269,191,78
111900003,7,126,-119
111900004,26,44,-18
111900006,49,193,-144
111900007,708,20,688
111900008,759,6,753
111900009,689,21,668
111900010,56,400,-344
111900012,29,91,-62
111900013,111,32,79
111900014,1973,11636,-9663
111900015,0,27,-27
111900016,0,29,-29
111900017,1,20,-19
111900018,185,5,180
111900019,4,195,-191
111900020,3,40,-37
111900021,11,66,-55
111900022,22,56,-34
111900023,120,45,75
111900024,11,152,-141
111900025,0,134,-134
111900026,0,41,-41
111900027,6,81,-75
111900028,2,47,-45
111900029,44,20,24
111900030,39,439,-400
111900031,0,9,-9
111900032,0,47,-47
111900033,41,11,30
111900034,65,354,-289
111900035,107,280,-173
111900036,1,75,-74
111900038,90,289,-199
111900039,32,198,-166
111900040,0,79,-79
111900042,14,64,-50
111900043,1,79,-78
111900044,91,205,-114
111900046,40,109,-69
111900048,859,149,710
111900049,5,188,-183
111900050,355,24,331
111900051,0,53,-53
111900052,110,190,-80
111900053,473,4057,-3584
111900054,471,6,465
111900055,4,97,-93
111900056,102,592,-490
111900057,357,15,342
111900058,1375,294,1081
111900059,1783,1264,519
111900060,482,5,477
111900061,4,61,-57
111900062,95,117,-22
111900063,510,95,415
111900064,33,71,-38
111900065,371,50,321
111900066,218,329,-111
111900067,1,153,-152
111900068,52,178,-126
111900069,150,8,142
111900070,489,90,399
111900071,0,109,-109
111900072,60,156,-96
111900073,2967,497,2470
111900074,0,152,-152
111900075,138,35,103
111900076,718,149,569
111900077,44,6,38
111900078,1019,165,854
111900079,77,87,-10
111900080,180,151,29
111900082,369,75,294
111900083,567,67,500
111900084,261,2,259
111900085,105,126,-21
111900086,168,24,144
111900087,121,1,120
111900088,1674,95,1579
111900089,260,9,251
111900090,131,216,-85
111900091,1480,44,1436
111900092,229,1,228
111900093,1290,48,1242
111900094,358,7,351
111900095,803,116,687
111900096,612,4,608
111900097,227,0,227
111900098,957,20,937
111900099,155,0,155
111900100,207,21,186
111900101,385,17,368
111900102,1620,229,1391
111900103,136,221,-85
111900104,178,138,40
111900105,177,437,-260
111900106,391,25,366
111900110,1674,367,1307
111900111,412,49,363
111900112,354,8529,-8175
111900113,324,126,198
111900118,888,79,809
111900119,460,131,329
111900122,70,67,3
111900123,26,30,-4
111900124,30,9,21
111900125,1125,117,1008
111900126,975,6,969
111900127,3,150,-147
111900128,23,223,-200
111900129,421,1,420
111900130,477,115,362
111900131,1101,3,1098
111900132,11,465,-454
111900133,10,129,-119
111900134,0,143,-143
111900135,4,47,-43
111900136,35,123,-88
111900137,19,13,6
111900138,40,39,1
111900139,45,40,5
111900140,203,37,166
111900141,172,18,154
111900142,142,17,125
111900143,148,88,60
111900144,0,25,-25
111900145,0,139,-139
111900146,0,88,-88
111900147,64,358,-294
111900148,34,397,-363
111900149,13,172,-159
111900150,28,73,-45
111900151,21,83,-62
111900152,86,74,12
111900153,478,739,-261
111900154,32,1170,-1138
111900155,67,445,-378
111900156,74,58,16
111900157,198,32,166
111900158,1365,112,1253
111900159,1112,118,994
111900160,697,8,689
111900161,754,3,751
111900162,255,650,-395
111900163,13,131,-118
111900164,308,63,245
111901113,1289,37,1252
111901114,803,531,272
111901115,761,2,759
111901116,200,6,194
111901117,35,192,-157
111901118,48,1366,-1318
111901119,341,80,261
111901121,18,80,-62
111901122,20,76,-56
111901123,962,72,890
111901124,874,32,842
111901125,1991,229,1762
111901127,800,3126,-2326
111901128,20,100,-80
111901129,2,288,-286
111901130,1,52,-51
111901131,0,319,-319
111901132,180,46,134
111901133,271,6,265
111901134,347,2,345
111901135,65,9,56
111901136,117,38,79
111901137,3,51,-48
111901138,35,34,1
111901139,2,21,-19
111901140,2,63,-61
111901141,6,74,-68
111901142,7,32,-25
111901143,1,176,-175
111901144,71,71,0
111901145,62,1060,-998
111901146,38,1,37
111901147,29,145,-116
111901148,3,27,-24
112000001,3783,1250,2533
112000002,1216,2488,-1272
112000003,5645,1731,3914
112000004,1650,431,1219
112000005,6033,6758,-725
112000006,892,590,302
112000007,7362,4794,2568
112000008,5921,6254,-333
112000009,4095,1465,2630
112000010,6958,7180,-222
112000011,2302,1284,1018
112000012,5008,6665,-1657
112000013,1833,2865,-1032
112000014,1096,5089,-3993
112000015,1181,3953,-2772
112000016,3164,5939,-2775
112000017,400,6237,-5837
112000024,626,254,372
112000026,2087,1508,579
112000027,917,945,-28
112000028,839,1141,-302
112000029,918,1010,-92
112000030,293,55,238
112000031,2187,5178,-2991
112000032,117,7,110
112000033,2040,5446,-3406
112000034,70,41,29
112000035,37,1584,-1547
112000036,197,2502,-2305
112000037,853,994,-141
112000038,1325,1855,-530
112000039,139,99,40
112000040,47,151,-104
112000041,413,351,62
112000042,1229,183,1046
112000050,1981,1528,453
112000051,2060,5331,-3271
112000054,1776,1970,-194
112000057,1018,225,793
112000058,202,320,-118
112000059,853,628,225
112000061,3363,967,2396
112000062,538,1793,-1255
112000063,235,4559,-4324
112000064,3034,3336,-302
112000065,1171,2056,-885
112000066,3932,1768,2164
112000067,525,642,-117
112000068,4273,3404,869
112000069,647,1678,-1031
112000070,1902,1034,868
112000071,1379,2198,-819
112000072,3770,1050,2720
112000073,1220,3731,-2511
112000074,1140,2447,-1307
112000075,1448,2245,-797
112000076,3627,2966,661
112000077,1856,456,1400
112000078,3372,890,2482
112000079,3205,1808,1397
112000080,1074,683,391
112000081,1162,1827,-665
112000082,1676,470,1206
112000083,1145,1015,130
112000084,1571,555,1016
112000085,2508,807,1701
112000086,2987,1000,1987
112000087,1191,200,991
112000088,1590,197,1393
112000089,510,302,208
112000090,209,300,-91
112000091,770,458,312
112000092,3639,897,2742
112000093,2167,505,1662
112000094,1051,762,289
112000095,1291,380,911
112000096,983,740,243
112000097,3909,874,3035
112000098,398,527,-129
112000099,912,3014,-2102
112000100,3476,781,2695
112000101,821,329,492
112000102,2693,518,2175
112000103,589,328,261
112000105,615,473,142
112000106,3743,439,3304
112000107,108,120,-12
112000108,1417,816,601
112000109,540,156,384
112000110,3430,964,2466
112000111,512,2512,-2000
112000112,2886,627,2259
112000113,1042,906,136
112000114,3461,1124,2337
112000115,601,362,239
112000116,700,700,0
112000117,1656,665,991
112000118,674,861,-187
112000119,449,610,-161
112000120,39,194,-155
112000121,437,234,203
112000122,879,164,715
112000123,1511,193,1318
112000124,907,239,668
112000125,601,515,86
112000126,1272,156,1116
112000127,3732,3540,192
112000128,949,556,393
112000129,303,66,237
112000130,647,160,487
112000131,76,154,-78
112000132,291,190,101
112000133,644,75,569
112000134,891,359,532
112000135,2188,980,1208
112000136,1056,1324,-268
112000137,2662,2475,187
112000138,1553,997,556
112000139,745,1219,-474
112000140,212,777,-565
112000141,1541,622,919
112000142,200,258,-58
112000143,2220,242,1978
112000144,533,534,-1
112000145,4416,443,3973
112000146,833,920,-87
112000147,3385,1564,1821
112000148,950,1022,-72
112000149,711,662,49
112000150,1087,319,768
112000151,625,155,470
112000152,1610,343,1267
112000153,116,158,-42
112000154,261,922,-661
112000155,355,195,160
112000157,456,1822,-1366
112000158,396,297,99
112000159,2040,430,1610
112000167,537,355,182
112000169,354,2375,-2021
112000173,2051,236,1815
112000175,811,318,493
112000176,914,1347,-433
112000177,1442,531,911
112000178,120,214,-94
112000179,673,46,627
112000180,718,262,456
112000181,1275,882,393
112000182,3406,473,2933
112000183,48,7,41
112000184,710,228,482
112000185,2469,311,2158
112000187,6306,3728,2578
112000195,255,5,250
112000196,184,0,184
112000197,116,138,-22
112000198,37,303,-266
112000199,718,552,166
112000202,1316,6,1310
112000216,65,245,-180
112000230,345,3,342
112000231,1,125,-124
112000256,117,917,-800
112000313,252,71,181
112000314,83,112,-29
112000337,265,1331,-1066
112000352,123,628,-505
112000392,3383,786,2597
112000398,3674,891,2783
112000399,1536,12961,-11425
112000400,1530,971,559
112000401,1224,962,262
112000402,5756,6228,-472
112000403,2264,12775,-10511
112000404,2449,1770,679
112000405,5579,4225,1354
112000406,2930,1019,1911
112000407,14668,9380,5288
112000408,5164,1972,3192
112000409,1573,1455,118
112000410,249,281,-32
112000411,1960,1944,16
112000412,462,266,196
112000413,3886,7374,-3488
112000414,343,18,325
112000415,140,47,93
112000416,6612,1427,5185
112000417,406,120,286
112000421,137,63,74
112000422,409,303,106
112000424,1249,5438,-4189
112000425,540,368,172
112000426,602,556,46
112000427,2,33,-31
112000428,774,442,332
112000429,2980,3096,-116
112000430,3962,6873,-2911
112000431,234,409,-175
112000432,692,777,-85
112000433,347,528,-181
112000437,83,104,-21
112900001,98,1,97
112900002,1452,178,1274
112900003,118,80,38
112900004,122,188,-66
112900005,714,125,589
112900006,44,75,-31
112900007,57,27,30
112900008,0,94,-94
112900009,706,277,429
112900010,799,219,580
112900011,39,434,-395
112900012,0,20,-20
112900013,5,698,-693
112900014,16,78,-62
112900015,96,339,-243
112900016,7,249,-242
112900017,153,132,21
112900018,5,76,-71
112900019,34,138,-104
112900020,344,692,-348
112900021,2,120,-118
112900022,67,40,27
112900023,2,26,-24
112900024,12,58,-46
112900025,327,156,171
112900026,0,25,-25
112900027,23,339,-316
112900028,64,80,-16
112900029,9,31,-22
112900030,82,46,36
112900031,0,287,-287
112900032,254,237,17
112900034,0,12,-12
112900035,1,83,-82
112900036,5,103,-98
112900037,637,341,296
112900038,1163,93,1070
112900039,3,166,-163
112900040,5,669,-664
112900041,689,1265,-576
112900042,60,238,-178
112900043,66,79,-13
112900044,237,284,-47
112900045,250,98,152
112900046,130,74,56
112900047,10,22,-12
112900049,644,61,583
112900050,31,445,-414
112900051,156,259,-103
112900052,2,346,-344
112900053,136,262,-126
112900054,211,130,81
112900055,108,72,36
112900056,430,246,184
112900057,74,251,-177
112900058,281,677,-396
112900059,161,1524,-1363
112900060,83,40,43
112900061,142,312,-170
112900062,134,70,64
112900063,16,23,-7
112900064,162,83,79
112900065,9,31,-22
112900066,205,549,-344
112900067,401,63,338
112900068,30,138,-108
112900069,2734,1988,746
112900071,40,20,20
112900072,70,9332,-9262
112900073,389,373,16
112900074,195,559,-364
112900075,1191,2929,-1738
112900076,34,32,2
112900078,269,1057,-788
112900079,436,38,398
112900080,355,6,349
112900081,34,719,-685
112900082,624,26,598
112900083,393,290,103
112900084,521,468,53
112900086,338,1,337
112900087,2909,222,2687
112900088,516,26,490
112900089,996,33,963
112900090,91,94,-3
112900091,663,18,645
112900092,63,1936,-1873
112900093,1615,31,1584
112900095,126,1,125
112900096,1058,312,746
112900097,97,168,-71
112900098,179,1,178
112900099,1813,58,1755
112900100,168,5,163
112900101,766,16,750
112900102,92,103,-11
112900103,526,11,515
112900104,286,4,282
112900105,38,0,38
112900106,1131,195,936
112900107,5,0,5
112900108,5,0,5
112900109,323,4,319
112900110,2666,48,2618
112900111,1473,20,1453
112900112,433,2,431
112900113,0,1,-1
112900114,828,23,805
112900115,3278,9,3269
112900116,181,5,176
112900117,78,17,61
112900118,18,37,-19
112900119,688,21,667
112900120,562,274,288
112900121,43,63,-20
112900122,5,53,-48
112900123,733,60,673
112900124,3,46,-43
112900125,27,324,-297
112900126,136,55,81
112900127,840,104,736
112900128,82,319,-237
112900129,2,590,-588
112900130,487,334,153
112900131,15,269,-254
112900132,339,368,-29
112900133,4,957,-953
112900134,1,436,-435
112900135,153,113,40
112900137,1,373,-372
112900138,17,49,-32
112900139,36,514,-478
112900141,955,25,930
112900142,92,628,-536
112900143,4,318,-314
112900144,2,361,-359
112900145,3,349,-346
112900146,1,480,-479
112900147,2,484,-482
112900148,43,0,43
112900149,194,278,-84
112900151,3,24,-21
112900152,2827,282,2545
112900153,189,9443,-9254
112900154,0,14,-14
112900155,257,15,242
112900156,1688,379,1309
112900157,1028,32,996
112900158,177,0,177
112900159,108,583,-475
112900160,79,261,-182
112900161,269,75,194
112900162,17,31,-14
112900163,34,66,-32
112900164,43,216,-173
112900165,47,103,-56
112900166,26,117,-91
112900167,6,495,-489
112900168,5,9,-4
112900169,7,25,-18
112900170,196,87,109
112900172,55,21,34
112900173,64,82,-18
112900174,661,47,614
112900175,179,489,-310
112900176,13,79,-66
112900177,275,98,177
112900178,596,5055,-4459
112900179,19,293,-274
112900180,3073,1220,1853
112900181,2109,26,2083
112900182,95,261,-166
112900183,67,232,-165
112900184,411,376,35
112900185,137,824,-687
112900186,968,1022,-54
112900187,58,408,-350
112900188,772,3561,-2789
112900189,11,14,-3
112900190,12,263,-251
112900192,724,607,117
112900193,917,356,561
112900194,108,1,107
112900195,754,57,697
112900196,650,301,349
112900197,77,414,-337
112900199,1407,151,1256
112900200,927,84,843
112900201,223,283,-60
112900202,1029,319,710
112900203,556,55,501
112900204,472,318,154
112900205,11,8,3
112900206,29,21,8
112900207,57,0,57
112900208,54,1256,-1202
112900209,113,225,-112
112900210,0,5,-5
112900211,62,1,61
112900212,4,25,-21
112900213,75,0,75
112900214,10,23,-13
112900215,14,34,-20
112900216,41,28,13
112900217,1,24,-23
112900218,168,7,161
112900219,195,4,191
112900220,1,2,-1
112900221,42,50,-8
112900222,0,140,-140
112900223,1213,39,1174
112900224,1281,218,1063
112900225,1215,186,1029
112900226,218,312,-94
112900227,1755,464,1291
112900228,158,61,97
112900229,727,25,702
112900230,9712,2951,6761
112900232,580,376,204
112900233,138,167,-29
112900234,53,2,51
112900235,23,2,21
112900236,1303,32,1271
112900237,931,189,742
112900238,22,4,18
112900239,451,903,-452
112900240,0,4,-4
112900241,4,3,1
112900242,2,15,-13
112900243,1,3,-2
112900244,0,4,-4
112900245,0,0,0
112900246,0,0,0
112900247,9,3,6
112900248,0,0,0
112900249,1,0,1
112900250,16,5,11
112900251,27,0,27
112900252,44,0,44
112900253,11,0,11
112900254,10,0,10
112900255,0,8,-8
112900256,0,9,-9
112900257,2,2,0
113000001,7510,5829,1681
113000002,9578,4768,4810
113000003,4025,2267,1758
113000004,4519,2240,2279
113000005,3689,2272,1417
113000006,2387,2026,361
113000007,4934,2177,2757
113000008,3822,2353,1469
113000009,2548,866,1682
113000010,2928,1520,1408
113000011,3028,1385,1643
113000012,2287,1115,1172
113000013,680,539,141
113000014,1527,1894,-367
113000015,99,249,-150
113000016,361,621,-260
113000017,93,678,-585
113000018,660,25,635
113000019,47,346,-299
113000020,286,120,166
113000021,2337,1163,1174
113000022,1246,6390,-5144
113000025,284,511,-227
113000026,905,1571,-666
113000027,887,2332,-1445
113000028,532,3051,-2519
113000029,1129,806,323
113000030,155,711,-556
113000031,300,268,32
113000032,232,355,-123
113000033,308,496,-188
113000034,292,150,142
113000035,33,34,-1
113000036,11,120,-109
113000037,39,28,11
113000038,5,30,-25
113000039,49,389,-340
113000040,91,98,-7
113000042,1197,905,292
113000051,3879,4536,-657
113000052,3968,483,3485
113000053,1240,563,677
113000054,1582,1563,19
113000055,3791,528,3263
113000056,3571,1295,2276
113000058,645,1488,-843
113000059,929,380,549
113000060,671,991,-320
113000061,1012,1270,-258
113000062,673,519,154
113000063,743,53,690
113000064,270,185,85
113000065,229,506,-277
113000066,1875,209,1666
113000067,4861,738,4123
113000068,776,385,391
113000069,1027,433,594
113000070,3726,650,3076
113000071,1208,447,761
113000072,1695,393,1302
113000073,721,1806,-1085
113000074,1282,561,721
113000075,2380,989,1391
113000076,628,5300,-4672
113000077,860,970,-110
113000078,463,1996,-1533
113000079,449,1092,-643
113000080,819,1183,-364
113000081,1363,1689,-326
113000082,1339,925,414
113000083,890,1365,-475
113000084,2466,1289,1177
113000085,1271,924,347
113000086,1196,2200,-1004
113000087,1415,2178,-763
113000088,3111,2161,950
113000089,946,2322,-1376
113000090,139,1239,-1100
113000091,230,753,-523
113000094,2173,599,1574
113000095,404,1125,-721
113000096,155,1638,-1483
113000097,2210,847,1363
113000098,100,60,40
113000099,1547,649,898
113000100,258,803,-545
113000101,180,1270,-1090
113000102,1089,870,219
113000103,7132,500,6632
113000104,1214,4987,-3773
113000105,1758,933,825
113000106,1113,369,744
113000107,2235,1652,583
113000108,1655,1175,480
113000109,513,1496,-983
113000110,11778,1345,10433
113000111,377,574,-197
113000112,1743,545,1198
113000113,4098,478,3620
113000114,194,1081,-887
113000116,588,386,202
113000117,793,194,599
113000118,50,1298,-1248
113000119,503,431,72
113000120,109,657,-548
113000121,460,889,-429
113000124,647,277,370
113000125,26,1787,-1761
113000127,2143,308,1835
113000128,3345,388,2957
113000129,526,1227,-701
113000133,4751,618,4133
113000134,10,2165,-2155
113000135,6721,6275,446
113000137,1122,3188,-2066
113000139,263,209,54
113000140,83,105,-22
113000141,82,100,-18
113000142,149,438,-289
113000143,377,174,203
113000144,262,273,-11
113000145,107,99,8
113000146,166,58,108
113000147,328,55,273
113000148,307,86,221
113000149,249,170,79
113000150,440,531,-91
113000151,55,33,22
113000152,72,289,-217
113000153,1428,261,1167
113000154,652,3053,-2401
113000155,573,1176,-603
113000156,323,332,-9
113000157,400,371,29
113000158,817,210,607
113000159,1599,239,1360
113000160,935,423,512
113000161,683,283,400
113000162,1494,124,1370
113000163,188,25,163
113000164,48,51,-3
113000166,458,97,361
113000167,155,79,76
113000168,337,127,210
113000169,332,56,276
113000170,123,131,-8
113000171,34,132,-98
113000172,488,45,443
113000173,105,26,79
113000174,411,157,254
113000175,1193,90,1103
113000176,1075,84,991
113000177,377,111,266
113000178,238,312,-74
113000179,428,79,349
113000180,1234,2324,-1090
113000181,1667,952,715
113000182,184,817,-633
113000183,366,1082,-716
113000184,68,120,-52
113000189,388,816,-428
113000190,265,210,55
113000192,436,8574,-8138
113000193,1699,5201,-3502
113000194,1143,7773,-6630
113000195,1497,5182,-3685
113000196,537,135,402
113000197,1814,5392,-3578
113000198,207,615,-408
113000199,3287,396,2891
113000201,1107,1126,-19
113000202,23751,3948,19803
113000203,101,1234,-1133
113000204,451,10353,-9902
113000205,66,25,41
113000206,2,74,-72
113000207,75,44,31
113000208,33,135,-102
113000209,19,28,-9
113000210,4,21,-17
113000211,77,488,-411
113000212,41,57,-16
113000213,24,113,-89
113000214,262,539,-277
113000234,452,879,-427
113000410,35,209,-174
113000411,1447,2047,-600
113000412,10432,1442,8990
113000413,1241,3381,-2140
113000414,5284,14760,-9476
113000415,2778,1503,1275
113000416,2469,2206,263
113000417,1051,1570,-519
113000418,7011,4298,2713
113000419,2509,2051,458
113000420,3858,6141,-2283
113000421,7253,8300,-1047
113000422,9803,11486,-1683
113000423,1345,6458,-5113
113000424,2217,15358,-13141
113000425,7,188,-181
113000428,24,50,-26
113000430,3,170,-167
113000432,3695,286,3409
113000433,117,1184,-1067
113000434,20,97,-77
113000435,18,177,-159
113000436,7,1187,-1180
113000437,2660,65,2595
113000438,847,67,780
113000439,60,58,2
113000440,282,69,213
113000441,403,299,104
113000442,511,44,467
113000443,682,182,500
113000444,901,57,844
113000445,151,100,51
113000446,178,244,-66
113000448,1495,610,885
113000449,377,1457,-1080
113000450,2950,5053,-2103
113000451,5893,808,5085
113000452,121,1056,-935
113000453,49,1441,-1392
113000454,338,462,-124
113000455,16,3118,-3102
113000456,1932,2394,-462
113000468,1090,131,959
113000469,52,93,-41
113000470,1121,10,1111
113000471,43,722,-679
113000472,99,382,-283
113000474,2639,1299,1340
113000475,1938,977,961
113000476,5295,2880,2415
113000477,7694,2586,5108
113000478,3364,2887,477
113000479,315,171,144
113000483,0,0,0
113000484,1,0,1
113000485,0,0,0
113000486,0,0,0
113000487,0,0,0
113000488,0,0,0
113000489,0,0,0
113000490,0,0,0
113000491,0,0,0
113000492,0,0,0
113000493,0,0,0
113000495,607,160,447
113000496,325,170,155
113000497,0,0,0
113000499,0,0,0
113900001,44,3859,-3815
113900002,38,175,-137
113900003,4,495,-491
113900004,7,843,-836
113900005,13,1200,-1187
113900006,2,74,-72
113900007,99,164,-65
113900008,64,0,64
113900009,175,3,172
113900010,136,12,124
113900011,530,6,524
113900012,206,21,185
113900013,163,13,150
113900014,1606,7,1599
113900015,0,30,-30
113900016,56,0,56
113900017,24,40,-16
113900018,117,237,-120
113900019,376,34,342
113900020,358,11,347
113900022,161,0,161
113900023,91,0,91
113900024,191,28,163
113900025,491,92,399
113900026,156,0,156
113900027,13,44,-31
113900028,37,168,-131
113900029,311,97,214
113900030,852,6,846
113900031,50,3,47
113900032,63,0,63
113900033,140,79,61
113900035,82,0,82
113900036,141,117,24
113900037,197,371,-174
113900038,35,240,-205
113900039,367,39,328
113900040,11,33,-22
113900041,29,6,23
113900042,188,26,162
113900043,354,43,311
113900044,67,246,-179
113900045,250,3,247
113900046,170,1686,-1516
113900047,287,80,207
113900048,352,172,180
113900049,102,665,-563
113900050,383,491,-108
113900051,490,83,407
113900052,131,79,52
113900053,441,1252,-811
113900054,50,7,43
113900055,145,567,-422
113900056,177,34,143
113900057,21,46,-25
113900058,201,42,159
113900059,554,234,320
113900060,78,381,-303
113900061,925,141,784
113900062,146,53,93
113900063,264,39,225
113900064,53,62,-9
113900065,911,33,878
113900066,1513,231,1282
113900067,549,424,125
113900068,453,1633,-1180
113900069,45,35,10
113900070,159,292,-133
113900071,204,24,180
113900072,178,70,108
113900073,1024,419,605
113900074,544,971,-427
113900075,1331,4084,-2753
113900076,168,36,132
113900077,76,56,20
113900078,81,2,79
113900079,0,28,-28
113900080,913,196,717
113900081,209,68,141
113900082,511,446,65
113900083,818,95,723
113900084,218,156,62
113900085,35,157,-122
113900086,171,44,127
113900087,149,66,83
113900088,183,132,51
113900089,715,61,654
113900090,825,372,453
113900091,0,4,-4
113900092,16,210,-194
113900093,56,2892,-2836
113900094,1255,357,898
113900095,153,296,-143
113900096,501,142,359
113900097,47,150,-103
113900098,966,362,604
113900099,0,30,-30
113900100,0,2,-2
113900101,15,316,-301
113900102,84,234,-150
113900103,214,768,-554
113900104,226,463,-237
113900105,576,44,532
113900106,0,24,-24
113900107,0,0,0
113900108,89,505,-416
113900109,200,483,-283
113900110,69,20,49
113900111,376,57,319
113900112,424,63,361
113900113,1745,572,1173
113900114,4,5,-1
113900115,0,3,-3
113900116,14,307,-293
113900117,30,57,-27
113900118,125,1346,-1221
113900119,95,293,-198
113900120,173,40,133
113900121,251,79,172
113900122,555,6219,-5664
113900123,904,255,649
113900124,0,98,-98
113900125,1667,264,1403
113900126,67,65,2
113900127,605,992,-387
113900128,403,75,328
113900129,2,308,-306
113900130,0,129,-129
113900131,324,44,280
113900132,69,155,-86
113900133,12,30,-18
113900135,554,719,-165
113900136,81,40,41
113900137,484,438,46
113900138,22,174,-152
113900139,488,593,-105
113900140,27,240,-213
113900141,1189,229,960
113900142,120,20,100
113900143,6,87,-81
113900144,108,309,-201
113900145,494,239,255
113900146,434,53,381
113900148,53,362,-309
113900149,220,292,-72
113900150,335,189,146
113900151,544,216,328
113900152,33,112,-79
113900153,107,444,-337
113900154,1,139,-138
113900155,53,276,-223
113900156,444,271,173
113900157,85,718,-633
113900158,104,314,-210
113900159,2,246,-244
113900160,573,524,49
113900161,233,357,-124
113900162,158,471,-313
113900163,364,148,216
113900164,801,60,741
113900165,621,632,-11
113900166,23,74,-51
113900167,584,43,541
113900168,48,68,-20
113900169,346,351,-5
113900171,419,81,338
113900172,4,124,-120
113900173,10,235,-225
113900174,755,472,283
113900175,291,141,150
113900176,403,258,145
113900177,250,209,41
113900178,361,271,90
113900179,39,233,-194
113900180,185,84,101
113900181,1516,293,1223
113900182,835,477,358
113900183,166,47,119
113900184,57,400,-343
113900185,180,70,110
113900186,81,13,68
113900187,33,75,-42
113900188,31,81,-50
113900189,406,275,131
113900190,259,90,169
113900191,55,74,-19
113900192,5,1367,-1362
113900193,3,140,-137
113900194,1825,489,1336
113900195,357,301,56
113900196,7,360,-353
113900197,3,60,-57
113900198,25,1030,-1005
113900199,26,399,-373
113900200,9,137,-128
113900201,0,41,-41
113900202,45,56,-11
113900203,0,34,-34
113900204,12,426,-414
113900205,2,38,-36
113900206,2,96,-94
113900207,1,49,-48
113900208,0,14,-14
113900209,0,19,-19
113900210,1659,950,709
113900211,213,47,166
113900212,501,290,211
113900214,275,339,-64
113900215,79,177,-98
113900216,339,257,82
113900217,210,52,158
113900218,94,91,3
113900219,197,932,-735
113900220,131,321,-190
113900221,247,800,-553
113900222,271,1296,-1025
113900223,515,208,307
113900224,92,68,24
113900225,1244,167,1077
113900226,489,133,356
113900227,312,467,-155
113900228,175,903,-728
113900229,53,1898,-1845
113900230,2150,4613,-2463
113900231,278,89,189
113900232,281,26,255
113900233,198,49,149
113900234,676,540,136
113900235,174,32,142
113900236,408,71,337
113900237,226,57,169
113900238,199,986,-787
113900239,136,216,-80
113900240,5,245,-240
113900241,48,160,-112
113900242,29,397,-368
113900243,44,150,-106
113900244,118,153,-35
113900245,506,397,109
113900246,30,33,-3
113900247,72,805,-733
113900248,2587,2918,-331
113900249,344,708,-364
113900250,46,1142,-1096
113900251,1789,128,1661
113900252,1689,23,1666
113900253,1137,57,1080
113900254,752,248,504
113900255,1404,16,1388
113900256,760,49,711
113900257,21,307,-286
113900258,64,224,-160
113900259,1270,71,1199
113900260,592,53,539
113900261,89,91,-2
113900262,211,245,-34
113900263,18,411,-393
113900264,1,235,-234
113900265,138,484,-346
113900266,54,169,-115
113900267,36,1133,-1097
113900268,276,665,-389
113900269,321,186,135
113900270,347,490,-143
113900271,753,382,371
113900273,16,34,-18
113900274,64,142,-78
113900275,10,392,-382
113900276,12,117,-105
113900277,374,9,365
113900278,107,170,-63
113900279,82,31,51
113900280,1175,508,667
113900281,134,1390,-1256
113900282,268,309,-41
113900283,471,695,-224
113900284,1924,124,1800
113900285,143,5,138
113900286,31,17,14
113900287,236,12,224
113900288,1,238,-237
113900289,331,270,61
113900290,627,1065,-438
113900291,50,70,-20
113900292,1,13,-12
113900293,5,318,-313
113900294,1305,24,1281
113900295,509,391,118
113900296,2437,359,2078
113900297,2997,69,2928
113900298,68,2590,-2522
113900299,225,15,210
113900300,6154,6087,67
113900301,535,1318,-783
113900302,1412,1260,152
113900303,190,2313,-2123
113900304,1,171,-170
113900305,320,3,317
113900306,236,0,236
113900307,1,0,1
113900308,20,80,-60
113900309,0,401,-401
113900310,0,1,-1
113900311,19,2,17
113900312,172,215,-43
113900313,7,0,7
114000001,1127,1751,-624
114000002,794,277,517
114000003,227,260,-33
114000004,783,294,489
114000005,649,204,445
114000006,1696,1596,100
114000007,1154,1047,107
114000008,2275,2325,-50
114000009,2113,485,1628
114000011,4127,2051,2076
114000012,6234,1797,4437
114000013,3286,1312,1974
114000014,912,91,821
114000015,3249,161,3088
114000016,699,80,619
114000017,165,1437,-1272
114000018,120,66,54
114000026,4643,1254,3389
114000027,5390,2973,2417
114000028,2703,6277,-3574
114000038,477,220,257
114000039,95,46,49
114000040,202,550,-348
114000042,376,238,138
114000043,59,65,-6
114000044,613,19,594
114000045,20,53,-33
114000046,2056,4646,-2590
114000047,18,179,-161
114000048,165,53,112
114000049,2779,1799,980
114000050,2636,1995,641
114000051,4541,2369,2172
114000052,4662,3498,1164
114000053,60,784,-724
114000054,271,853,-582
114000055,726,52,674
114000056,143,1292,-1149
114000057,3973,1571,2402
114000058,48,1654,-1606
114000059,63,1876,-1813
114000060,772,1349,-577
114000061,3016,4558,-1542
114000062,364,1452,-1088
114000063,1178,1254,-76
114000064,1762,6648,-4886
114000065,1272,2299,-1027
114000066,932,1166,-234
114000067,54,1901,-1847
114000068,430,1333,-903
114000069,1557,764,793
114000070,3807,1888,1919
114000071,1425,928,497
114000072,1233,257,976
114000073,34,24,10
114000074,154,8,146
114000075,108,66,42
114000076,49,56,-7
114000077,2,14,-12
114000078,672,332,340
114000079,482,33,449
114000080,110,114,-4
114000081,98,174,-76
114000082,65,328,-263
114000083,170,76,94
114000084,401,152,249
114000085,99,213,-114
114000086,408,191,217
114000087,435,40,395
114000088,45,23,22
114000089,407,194,213
114000090,1032,1643,-611
114000091,1189,1336,-147
114000092,697,601,96
114000093,1854,709,1145
114000094,1014,628,386
114000095,384,247,137
114000096,79,375,-296
114000097,178,160,18
114000098,910,211,699
114000099,1684,106,1578
114000100,2446,387,2059
114000101,779,266,513
114000102,1108,367,741
114000103,219,123,96
114000104,30,156,-126
114000105,528,219,309
114000106,987,3703,-2716
114000107,869,187,682
114000108,1046,645,401
114000109,1346,3917,-2571
114000110,592,770,-178
114000111,3948,2163,1785
114000112,518,1119,-601
114000113,1811,562,1249
114000114,474,1051,-577
114000115,2578,763,1815
114000116,1283,7695,-6412
114000117,6572,989,5583
114000118,6486,571,5915
114000119,5571,580,4991
114000120,931,1070,-139
114000121,660,618,42
114000122,521,481,40
114000123,3990,606,3384
114000124,2829,828,2001
114000125,1514,1342,172
114000126,3221,447,2774
114000127,292,141,151
114000128,1492,249,1243
114000130,998,621,377
114000131,767,152,615
114000132,854,316,538
114000133,656,1210,-554
114000134,143,30,113
114000138,44,154,-110
114000139,629,846,-217
114000144,919,893,26
114000145,49,24,25
114000146,117,44,73
114000147,1534,3153,-1619
114000148,814,2625,-1811
114000149,452,758,-306
114000150,312,738,-426
114000151,797,3048,-2251
114000152,124,54,70
114000153,715,3808,-3093
114000154,599,957,-358
114000155,1109,5326,-4217
114000156,1072,1339,-267
114000157,575,2983,-2408
114000158,1358,738,620
114000159,157,485,-328
114000160,137,948,-811
114000161,1101,2679,-1578
114000162,1859,3478,-1619
114000163,9,43,-34
114000165,757,633,124
114000166,376,682,-306
114000167,3286,1484,1802
114000168,523,262,261
114000169,1470,1136,334
114000170,1289,1161,128
114000171,2219,21108,-18889
114000174,216,303,-87
114000176,249,694,-445
114000177,721,419,302
114000178,137,52,85
114000179,1044,1395,-351
114000180,263,241,22
114000181,1749,12879,-11130
114000182,1060,3127,-2067
114000183,1090,663,427
114000184,3085,569,2516
114000185,2016,1047,969
114000189,2626,157,2469
114000190,5740,548,5192
114000191,128,770,-642
114000192,212,773,-561
114000193,211,1119,-908
114000194,2481,1078,1403
114000195,398,440,-42
114000196,0,163,-163
114000197,3771,24,3747
114000198,929,436,493
114000199,1499,1439,60
114000200,847,1372,-525
114000201,294,1072,-778
114000202,1443,871,572
114000203,929,921,8
114000204,221,617,-396
114000205,354,1580,-1226
114000206,1086,1985,-899
114000207,686,1337,-651
114000208,713,1404,-691
114000209,535,1884,-1349
114000210,359,799,-440
114000211,1748,1909,-161
114000212,912,1561,-649
114000213,2123,421,1702
114000214,119,151,-32
114000215,210,156,54
114000216,3228,429,2799
114000217,536,190,346
114000218,608,128,480
114000219,2701,191,2510
114000220,58,748,-690
114000221,2031,219,1812
114000222,234,782,-548
114000223,1134,174,960
114000224,82,426,-344
114000225,667,314,353
114000226,404,244,160
114000227,1025,648,377
114000228,1267,741,526
114000229,2487,1507,980
114000230,2362,1117,1245
114000231,1571,1832,-261
114000232,1860,275,1585
114000233,4190,114,4076
114000234,1820,906,914
114000235,2565,1856,709
114000236,1,474,-473
114000237,282,771,-489
114000238,230,602,-372
114000239,221,1084,-863
114000240,1154,1884,-730
114000241,438,982,-544
114000242,868,991,-123
114000243,3981,1393,2588
114000244,1092,545,547
114000245,754,1365,-611
114000246,244,58,186
114000247,820,778,42
114000248,3150,780,2370
114000249,674,715,-41
114000250,1209,304,905
114000251,536,266,270
114000252,88,15,73
114000253,46,110,-64
114000254,69,54,15
114000255,809,241,568
114000256,457,2572,-2115
114000257,733,1049,-316
114000258,962,380,582
114000259,304,898,-594
114000260,0,43,-43
114000261,64,43,21
114000262,553,132,421
114000263,33,6,27
114000264,2602,555,2047
114000265,0,2,-2
114000267,6,3927,-3921
114000268,0,920,-920
114000270,421,17,404
114000271,501,137,364
114000283,2891,446,2445
114000285,59,119,-60
114000288,276,498,-222
114000289,2822,200,2622
114000293,436,705,-269
114000294,443,533,-90
114000395,2592,27,2565
114000396,795,716,79
114000402,1910,269,1641
114000403,500,263,237
114000405,434,296,138
114000423,781,183,598
114000424,748,350,398
114000425,1913,161,1752
114000426,438,1165,-727
114000427,176,80,96
114000428,84,176,-92
114000429,23,184,-161
114000432,308,79,229
114000434,41,57,-16
114000435,12,61,-49
114900001,1251,324,927
114900002,354,117,237
114900003,1425,368,1057
114900004,294,755,-461
114900005,976,225,751
114900006,101,200,-99
114900007,330,28,302
114900008,623,122,501
114900010,1302,2647,-1345
114900011,535,120,415
114900013,534,118,416
114900015,129,1315,-1186
114900018,1126,61,1065
114900020,184,120,64
114900022,18,690,-672
114900024,243,160,83
114900025,799,97,702
114900026,112,75,37
114900027,202,193,9
114900029,32,17,15
114900030,375,238,137
114900031,842,18,824
114900032,760,8,752
114900033,845,3221,-2376
114900034,27,34,-7
114900035,133,555,-422
114900036,424,323,101
114900037,130,101,29
114900038,506,297,209
114900039,1182,183,999
114900040,173,39,134
114900041,1949,156,1793
114900042,2702,252,2450
114900043,364,88,276
114900044,278,92,186
114900046,55,70,-15
114900047,253,6309,-6056
114900048,37,147,-110
114900049,1,73,-72
114900050,110,125,-15
114900051,32,114,-82
114900052,47,197,-150
114900053,101,229,-128
114900054,24,56,-32
114900057,255,31,224
114900058,0,25,-25
114900059,266,110,156
114900060,339,777,-438
114900061,117,43,74
114900062,193,380,-187
114900063,163,37,126
114900064,3371,155,3216
114900065,466,1151,-685
114900067,29,289,-260
114900068,20,108,-88
114900069,212,26,186
114900070,891,153,738
114900072,1,255,-254
114900073,1,48,-47
114900074,1628,272,1356
114900075,292,8,284
114900076,0,175,-175
114900080,875,143,732
114900082,2188,3727,-1539
114900083,457,785,-328
114900090,1083,171,912
114900091,116,95,21
114900095,299,115,184
114900096,191,485,-294
114900097,262,4,258
114900098,4,316,-312
114900099,399,30,369
115000001,6425,3368,3057
115000002,7335,8641,-1306
115000003,5358,3059,2299
115000004,7362,9320,-1958
115000005,2884,3941,-1057
115000006,2346,2874,-528
115000007,1063,437,626
115000008,854,1434,-580
115000009,1045,778,267
115000010,479,585,-106
115000013,50,276,-226
115000015,59,416,-357
115000016,54,326,-272
115000019,45,905,-860
115000020,306,1723,-1417
115000021,284,473,-189
115000022,552,233,319
115000023,593,639,-46
115000024,765,227,538
115000025,1166,785,381
115000026,178,224,-46
115000027,611,322,289
115000028,205,443,-238
115000029,1577,138,1439
115000030,554,865,-311
115000031,877,210,667
115000032,13,209,-196
115000033,241,21,220
115000034,187,1331,-1144
115000035,1141,95,1046
115000036,1,457,-456
115000037,696,62,634
115000038,88,233,-145
115000039,3850,6336,-2486
115000040,5015,3359,1656
115000041,3203,6601,-3398
115000042,623,832,-209
115000043,4892,4037,855
115000044,3546,3908,-362
115000045,4127,1232,2895
115000046,4927,4482,445
115000047,4854,2299,2555
115000048,4488,2511,1977
115000049,1514,4644,-3130
115000050,5039,1418,3621
115000051,2836,7976,-5140
115000052,1455,1187,268
115000053,4193,4102,91
115000054,668,1022,-354
115000055,220,1570,-1350
115000056,183,522,-339
115000057,750,2283,-1533
115000058,47,661,-614
115000059,131,524,-393
115000061,265,425,-160
115000062,412,630,-218
115000063,885,508,377
115000064,417,183,234
115000065,100,550,-450
115000067,578,51,527
115000069,229,393,-164
115000070,46,1727,-1681
115000071,158,32,126
115000072,4,43,-39
115000073,2715,113,2602
115000075,178,96,82
115000076,2888,2412,476
115000077,3372,1468,1904
115000078,3196,1100,2096
115000079,3139,1325,1814
115000080,7203,1395,5808
115000081,344,450,-106
115000082,10310,7833,2477
115000083,3486,1127,2359
115000084,4933,1273,3660
115000085,2074,1076,998
115000086,2102,1162,940
115000087,721,2671,-1950
115000088,2313,1100,1213
115000089,1841,1291,550
115000090,671,1153,-482
115000091,489,558,-69
115000092,1408,1642,-234
115000093,1162,8,1154
115000094,5513,12403,-6890
115000095,4835,13160,-8325
115000096,1961,970,991
115000097,3444,2800,644
115000098,3367,654,2713
115000099,4415,1580,2835
115000100,2977,447,2530
115000101,1019,1383,-364
115000102,897,286,611
115000103,642,545,97
115000105,227,111,116
115000106,1816,1023,793
115000107,358,348,10
115000108,2569,1864,705
115000109,4110,7418,-3308
115000110,1812,2862,-1050
115000111,519,826,-307
115000112,1013,820,193
115000113,482,734,-252
115000114,922,448,474
115000116,3233,2076,1157
115000117,2190,2943,-753
115000118,2783,2129,654
115000119,2060,2637,-577
115000120,871,1476,-605
115000121,514,619,-105
115000122,732,2146,-1414
115000123,2185,2344,-159
115000124,1208,1998,-790
115000125,627,2009,-1382
115000126,174,1116,-942
115000127,680,249,431
115000128,460,1755,-1295
115000129,260,1115,-855
115000130,751,782,-31
115000131,1179,402,777
115000132,758,608,150
115000133,1374,292,1082
115000134,476,686,-210
115000135,224,265,-41
115000136,461,444,17
115000137,112,360,-248
115000138,481,296,185
115000139,341,257,84
115000140,823,339,484
115000141,329,139,190
115000142,486,98,388
115000143,1515,1693,-178
115000144,775,117,658
115000145,451,319,132
115000146,760,1662,-902
115000147,566,961,-395
115000148,618,901,-283
115000149,1334,391,943
115000150,933,845,88
115000151,2214,462,1752
115000152,1174,1889,-715
115000153,2510,550,1960
115000154,1666,212,1454
115000155,1152,1998,-846
115000156,957,1341,-384
115000157,397,2924,-2527
115000158,283,845,-562
115000159,617,1357,-740
115000160,708,602,106
115000161,175,527,-352
115000162,589,1427,-838
115000163,726,813,-87
115000164,719,1171,-452
115000165,266,1061,-795
115000167,160,396,-236
115000168,519,1331,-812
115000169,331,2040,-1709
115000170,130,328,-198
115000171,267,952,-685
115000172,1263,1373,-110
115000173,591,1839,-1248
115000174,104,1213,-1109
115000175,242,429,-187
115000176,78,260,-182
115000177,54,374,-320
115000178,12,211,-199
115000179,38,147,-109
115000180,136,353,-217
115000181,1294,224,1070
115000182,2503,419,2084
115000183,649,711,-62
115000186,1169,239,930
115000187,228,403,-175
115000188,926,661,265
115000189,519,510,9
115000190,1320,1256,64
115000191,468,949,-481
115000194,108,157,-49
115000195,280,560,-280
115000196,407,131,276
115000197,522,159,363
115000198,1082,250,832
115000199,1121,123,998
115000200,837,282,555
115000201,420,237,183
115000206,806,43,763
115000207,672,325,347
115000208,581,783,-202
115000209,1182,802,380
115000210,337,202,135
115000211,587,280,307
115000212,1712,485,1227
115000224,236,118,118
115000225,227,94,133
115000229,254,83,171
115000230,213,512,-299
115000231,495,1386,-891
115000232,5436,587,4849
115000233,120,403,-283
115000234,67,459,-392
115000241,256,81,175
115000242,367,79,288
115000243,349,128,221
115000244,14,500,-486
115000246,70,39,31
115000247,54,63,-9
115000248,144,22,122
115000249,45,12,33
115000250,355,42,313
115000251,730,80,650
115000252,275,370,-95
115000253,22,849,-827
115000258,922,71,851
115000259,324,71,253
115000261,97,37,60
115000262,43,52,-9
115000263,24,78,-54
115000264,9,28,-19
115000267,82,120,-38
115000268,31,88,-57
115000269,177,54,123
115000270,29,38,-9
115000272,202,129,73
115000273,959,28,931
115000280,1593,442,1151
115000281,386,701,-315
115000282,825,1855,-1030
115000284,173,358,-185
115000296,687,11,676
115000297,148,549,-401
115000298,80,901,-821
115000300,283,126,157
115000302,1328,191,1137
115000303,2006,91,1915
115000304,1758,152,1606
115000305,110,490,-380
115000306,451,272,179
115000307,224,335,-111
115000308,34,40,-6
115000309,52,127,-75
115000310,3637,633,3004
115000311,2183,1552,631
115000313,275,402,-127
115000314,1179,407,772
115000315,1585,1663,-78
115000316,204,244,-40
115000317,438,671,-233
115000318,1436,574,862
115000319,254,243,11
115000320,42,725,-683
115000321,850,47,803
115000322,83,148,-65
115000449,204,226,-22
115000557,3,3677,-3674
115000558,234,295,-61
115000587,1498,368,1130
115000588,3305,4038,-733
115000589,7306,4860,2446
115000590,1167,2786,-1619
115000591,1799,1629,170
115000592,610,2721,-2111
115000593,2140,1939,201
115000594,297,3795,-3498
115000609,571,429,142
115000617,545,3023,-2478
115000624,720,43,677
115000633,500,1515,-1015
115000634,4202,917,3285
115000635,1170,262,908
115000638,571,312,259
115000641,96,711,-615
115000642,439,220,219
115000643,108,301,-193
115000644,166,345,-179
115000646,874,1347,-473
115000647,220,597,-377
115000648,5451,1141,4310
115000893,3335,1608,1727
115000894,131,882,-751
115000895,298,1525,-1227
115000896,2007,958,1049
115000897,547,190,357
115000898,606,524,82
115000899,245,2446,-2201
115000900,103,938,-835
115000901,136,296,-160
115000912,616,114,502
115000913,1,14,-13
115000915,12,0,12
115000916,5,0,5
115000917,0,32,-32
115000918,69,1023,-954
115000919,1,160,-159
115000920,9,160,-151
115000921,525,164,361
115000922,624,1729,-1105
115000923,96,3746,-3650
115000925,165,210,-45
115000927,91,179,-88
115000933,56,982,-926
115000934,169,192,-23
115000935,361,34,327
115000936,178,1741,-1563
115000937,1495,588,907
115000938,31,294,-263
115000939,30,205,-175
115000940,1,127,-126
115000941,1,112,-111
115000942,10,208,-198
115000943,3,272,-269
115000944,4,4,0
115900001,405,34,371
115900002,160,190,-30
115900003,302,184,118
115900004,0,25,-25
115900005,357,17,340
115900006,134,178,-44
115900008,240,6,234
115900009,89,773,-684
115900010,743,112,631
115900011,658,305,353
115900012,475,7,468
115900013,409,198,211
115900014,244,143,101
115900015,396,32,364
115900016,157,69,88
115900017,81,24,57
115900018,234,22,212
115900019,216,37,179
115900020,141,0,141
115900021,701,530,171
115900022,1606,5,1601
115900023,5,29,-24
115900025,44,269,-225
115900026,600,177,423
115900027,1,207,-206
115900028,213,40,173
115900029,45,144,-99
115900030,41,24,17
115900031,113,554,-441
115900032,444,943,-499
115900033,0,119,-119
115900034,33,154,-121
115900035,73,38,35
115900036,104,5354,-5250
115900037,58,131,-73
115900038,109,31,78
115900039,370,138,232
115900041,180,1658,-1478
115900042,43,15,28
115900043,321,57,264
115900044,266,780,-514
115900046,1361,122,1239
115900047,71,284,-213
115900049,305,140,165
115900051,3,28,-25
115900052,87,77,10
115900053,572,71,501
115900054,626,9,617
115900055,27,49,-22
115900056,333,144,189
115900057,8,33,-25
115900058,28,38,-10
115900060,135,88,47
115900061,502,5,497
115900062,85,63,22
115900063,41,1,40
115900064,400,478,-78
115900065,365,47,318
115900066,66,110,-44
115900067,6,51,-45
115900068,918,2156,-1238
115900069,101,324,-223
115900070,326,79,247
115900071,1,136,-135
115900072,18,143,-125
115900073,275,228,47
115900074,2,55,-53
115900075,53,122,-69
115900076,3,22,-19
115900077,2,50,-48
115900078,86,440,-354
115900079,746,46,700
115900080,224,134,90
115900081,101,20,81
115900082,204,210,-6
115900084,1151,13,1138
115900085,83,134,-51
115900086,1049,248,801
115900088,6,100,-94
115900089,899,320,579
115900090,1099,17,1082
115900091,8,90,-82
115900092,92,42,50
115900093,2,18,-16
115900094,8,47,-39
115900096,18,8,10
115900097,31,64,-33
115900098,635,228,407
115900099,118,237,-119
115900100,45,223,-178
115900101,631,146,485
115900102,131,89,42
115900103,583,88,495
115900104,131,68,63
115900105,389,215,174
115900106,305,8,297
115900107,146,32,114
115900108,321,14,307
115900109,7,251,-244
115900110,36,1,35
115900111,0,69,-69
115900112,53,480,-427
115900113,85,78,7
115900114,18,66,-48
115900115,154,133,21
115900116,152,556,-404
115900117,202,33,169
115900118,6,57,-51
115900119,256,116,140
115900120,39,198,-159
115900121,517,156,361
115900124,220,1230,-1010
115900125,872,95,777
115900126,1594,50,1544
115900127,1719,98,1621
115900128,1,381,-380
115900129,813,49,764
115900130,22,1757,-1735
115900131,786,29,757
115900132,1215,9,1206
115900134,607,24,583
115900135,1572,946,626
115900137,16,13,3
115900139,12,105,-93
115900140,808,58,750
115900141,10,64,-54
115900142,4,69,-65
115900143,499,331,168
115900144,517,187,330
115900146,11,100,-89
115900147,278,466,-188
115900148,19,24,-5
115900149,384,12,372
115900150,153,17,136
115900151,175,118,57
115900152,398,171,227
115900153,331,126,205
115900154,597,611,-14
115900155,0,24,-24
115900156,1118,1151,-33
115900157,565,907,-342
115900158,17,9,8
115900159,440,344,96
115900160,5,14,-9
115900161,17,101,-84
115900163,614,147,467
115900164,1681,34,1647
115900166,197,162,35
115900168,485,103,382
115900171,209,286,-77
115900172,112,216,-104
115900173,318,153,165
115900174,201,456,-255
115900175,370,178,192
115900178,22,144,-122
115900179,703,7,696
115900180,225,82,143
115900181,691,71,620
115900182,1327,57,1270
115900183,20,168,-148
115900184,800,46,754
115900187,18,611,-593
115900189,0,239,-239
115900190,217,1896,-1679
115900191,65,225,-160
115900192,60,227,-167
115900193,101,155,-54
115900194,1777,83,1694
115900195,789,5148,-4359
115900198,428,309,119
115900199,577,54,523
115900200,366,116,250
115900201,216,415,-199
115900202,3,301,-298
115900203,2,14,-12
115900204,0,25,-25
115900205,25,10,15
115900206,600,127,473
115900207,121,3,118
115900208,250,65,185
115900209,11,131,-120
115900210,2,321,-319
115900211,2,148,-146
115900212,417,203,214
115900213,125,262,-137
115900214,1168,111,1057
115900215,33,334,-301
115900216,4,66,-62
115900217,13,16,-3
115900218,0,27,-27
115900219,349,5,344
115900220,551,5,546
115900221,172,9,163
115900222,137,46,91
115900223,2,644,-642
115900224,858,3306,-2448
115900225,111,35,76
115900226,27,131,-104
115900227,24,138,-114
115900228,17,105,-88
115900229,9,98,-89
115900230,64,54,10
115900231,254,4,250
115900232,203,2,201
115900233,219,8,211
115900234,150,93,57
115900235,97,69,28
115900236,41,290,-249
115900237,42,39,3
115900238,27,48,-21
115900239,11,28,-17
115900240,52,23,29
115900241,376,22,354
115900242,932,805,127
115900243,14,16,-2
115900244,36,7,29
115900245,143,30,113
115900246,5,3,2
115900247,1,2,-1
115900248,12,3,9
115900249,17,2,15
115900250,59,4,55
115900251,9,1,8
115900252,13,3,10
115900253,81,12,69
115900254,24,46,-22
115900255,1,113,-112
115900256,114,117,-3
115900257,11,90,-79
115900258,0,2,-2
115900259,1,8,-7
115900260,29,20,9
115900261,6,1,5
115900262,2,0,2
115900263,5,4,1
115900264,21,1,20
115900265,4,7,-3
115900266,1,22,-21
115900267,0,10,-10
115900268,4,24,-20
115900269,1520,290,1230
115900270,672,102,570
115900271,385,0,385
115900272,134,20,114
115900273,6,43,-37
115900274,0,5,-5
115900275,2,1,1
115900276,0,4,-4
115900277,0,51,-51
115900278,90,70,20
115900279,44,484,-440
115900280,30,1573,-1543
115900281,187,475,-288
115900282,75,58,17
115900283,59,4,55
115900284,50,14,36
116000001,11508,3114,8394
116000002,9504,23698,-14194
116000003,1814,2864,-1050
116000004,5955,9518,-3563
116000005,1164,7100,-5936
116000006,5218,9993,-4775
116000007,2182,3138,-956
116000008,8614,4524,4090
116000009,1121,1093,28
116000010,5659,2145,3514
116000011,830,1047,-217
116000012,3635,1706,1929
116000013,5859,8565,-2706
116000014,17805,36141,-18336
116000015,234,3281,-3047
116000016,8199,9380,-1181
116000017,78,985,-907
116000018,629,783,-154
116000019,3031,388,2643
116000020,856,2023,-1167
116000021,1820,430,1390
116000022,1137,589,548
116000023,3254,1977,1277
116000024,1115,1325,-210
116000025,1553,1272,281
116000026,1827,6829,-5002
116000027,612,1359,-747
116000028,695,1330,-635
116000029,554,448,106
116000030,813,1043,-230
116000031,54,227,-173
116000032,557,150,407
116000033,1287,758,529
116000034,951,1187,-236
116000035,1051,338,713
116000036,485,4384,-3899
116000037,180,648,-468
116000038,103,2196,-2093
116000039,479,1818,-1339
116000040,545,2593,-2048
116000041,129,1662,-1533
116000042,1394,1647,-253
116000043,220,585,-365
116000044,6,30,-24
116000045,1351,2010,-659
116000046,1144,2946,-1802
116000047,3647,4705,-1058
116000048,4722,1423,3299
116000049,2590,3160,-570
116000050,2331,1716,615
116000051,3696,3470,226
116000052,4152,3617,535
116000053,3529,1151,2378
116000054,1834,3277,-1443
116000055,1722,1588,134
116000056,2340,1436,904
116000057,4122,1490,2632
116000058,8506,4945,3561
116000059,3939,6243,-2304
116000060,4776,2495,2281
116000061,813,1785,-972
116000062,1029,728,301
116000063,881,3148,-2267
116000066,798,1009,-211
116000067,612,610,2
116000068,235,640,-405
116000069,636,293,343
116000078,956,1180,-224
116000080,2399,537,1862
116000082,12,16,-4
116000083,3394,432,2962
116000084,1269,2065,-796
116000085,2737,2560,177
116000086,1077,809,268
116000087,4547,2440,2107
116000088,2426,975,1451
116000089,291,164,127
116000090,286,191,95
116000091,230,1093,-863
116000093,997,306,691
116000094,1794,545,1249
116000095,1058,666,392
116000096,3295,4726,-1431
116000097,1549,711,838
116000098,131,18974,-18843
116000099,7777,662,7115
116000100,603,62,541
116000101,2288,919,1369
116000102,352,727,-375
116000103,751,370,381
116000104,282,1018,-736
116000105,2794,174,2620
116000106,580,2196,-1616
116000107,4368,650,3718
116000108,16,747,-731
116000111,272,52,220
116000113,176,93,83
116000114,37,100,-63
116000115,437,164,273
116000116,347,222,125
116000117,2039,1753,286
116000118,3168,1138,2030
116000119,5885,1828,4057
116000120,3746,2393,1353
116000121,1470,602,868
116000122,944,723,221
116000123,2115,682,1433
116000124,748,399,349
116000125,5048,680,4368
116000126,473,528,-55
116000127,1175,609,566
116000128,3458,994,2464
116000129,2139,118,2021
116000130,1713,838,875
116000133,3194,1080,2114
116000134,2169,1289,880
116000135,4632,1473,3159
116000136,1360,1615,-255
116000137,1817,975,842
116000138,2150,848,1302
116000139,3216,8943,-5727
116000140,267,642,-375
116000141,1027,529,498
116000142,4208,2004,2204
116000143,3811,1296,2515
116000144,2800,2299,501
116000145,4070,1237,2833
116000146,1923,190,1733
116000147,454,540,-86
116000148,1907,2933,-1026
116000149,1354,1515,-161
116000151,887,1154,-267
116000153,272,438,-166
116000155,296,798,-502
116000156,1346,716,630
116000157,140,8,132
116000158,971,157,814
116000159,1,17,-16
116000160,139,64,75
116000161,1,144,-143
116000162,187,508,-321
116000163,159,62,97
116000164,88,145,-57
116000177,130,753,-623
116000194,122,502,-380
116000195,2240,855,1385
116000196,165,7,158
116000197,46,80,-34
116000198,2579,1595,984
116000200,1424,1317,107
116000201,814,842,-28
116000202,12,246,-234
116000203,1,39,-38
116000204,12,22,-10
116000205,0,123,-123
116000206,2,161,-159
116000207,17,46,-29
116000233,260,682,-422
116000287,622,118,504
116000288,565,285,280
116000292,146,154,-8
116000296,15,68,-53
116000297,216,18,198
116000304,365,43,322
116000305,38,134,-96
116000346,282,270,12
116000352,272,176,96
116000354,59,58,1
116000357,37,21,16
116000358,1074,247,827
116000361,121,6,115
116000372,5415,13963,-8548
116000381,302,1,301
116000388,2,67,-65
116000389,1224,375,849
116000445,1802,342,1460
116000446,1065,295,770
116000447,87,943,-856
116000448,693,127,566
116000563,848,1020,-172
116000565,62,249,-187
116000568,76,923,-847
116000579,19,106,-87
116000584,98,3,95
116000585,142,48,94
116000586,89,143,-54
116000587,506,400,106
116000589,44,40,4
116000590,383,68,315
116000591,568,155,413
116000592,30,23,7
116000593,1,16,-15
116000594,2782,148,2634
116000595,1441,55,1386
116000596,390,2,388
116000597,1192,564,628
116000598,32,82,-50
116000602,17,465,-448
116000605,191,137,54
116000606,90,841,-751
116000607,5,146,-141
116000609,69,2648,-2579
116000611,394,189,205
116000612,3147,2139,1008
116000613,1067,420,647
116000614,902,270,632
116000615,1,1052,-1051
116000616,121,108,13
116000617,253,44,209
116000618,1,94,-93
116000619,42,172,-130
116000620,721,213,508
116000621,170,114,56
116000622,267,85,182
116000624,131,202,-71
116000627,155,38,117
116000628,209,296,-87
116000629,66,234,-168
116000630,2141,24,2117
116000631,1590,26,1564
116000632,2326,58,2268
116000633,335,208,127
116000634,897,80,817
116000635,3237,6282,-3045
116000636,658,3257,-2599
116000637,1183,21,1162
116000638,159,170,-11
116000640,3,67,-64
116000641,6,53,-47
116000644,77,113,-36
116900001,746,123,623
116900002,390,15,375
116900003,107,10,97
116900004,78,128,-50
116900005,494,55,439
116900006,132,210,-78
116900007,240,576,-336
116900008,1543,142,1401
116900009,19,20,-1
116900010,1,536,-535
116900011,10,109,-99
116900012,347,526,-179
116900013,9,61,-52
116900014,301,48,253
116900015,1166,95,1071
116900016,311,6,305
116900017,5,475,-470
116900018,182,199,-17
116900019,0,103,-103
116900020,522,3166,-2644
116900023,43,7,36
116900024,1594,40,1554
116900025,2438,732,1706
116900026,103,705,-602
116900027,149,82,67
116900028,7,28,-21
116900029,1,327,-326
116900031,3,3,0
116900032,0,76,-76
116900033,48,9,39
116900034,12,19,-7
116900035,186,350,-164
116900036,14,234,-220
116900038,21,9,12
116900041,271,26,245
116900042,165,140,25
116900043,5,113,-108
116900047,37,459,-422
116900049,41,343,-302
116900050,43,298,-255
116900051,750,20,730
116900052,372,107,265
116900055,0,133,-133
116900057,24,127,-103
116900058,8,316,-308
116900059,1,34,-33
116900060,287,645,-358
116900062,5,42,-37
116900064,102,207,-105
116900065,13,203,-190
116900067,177,72,105
116900068,215,141,74
116900070,15,9,6
116900072,39,127,-88
116900073,13,109,-96
116900074,10,45,-35
116900076,83,150,-67
116900077,0,14,-14
116900078,157,25,132
116900079,85,201,-116
116900080,6,54,-48
116900081,210,757,-547
116900082,128,1287,-1159
116900083,7,8,-1
116900084,78,96,-18
116900085,2,96,-94
116900086,40,305,-265
116900088,507,45,462
116900090,14,21,-7
116900091,1031,37,994
116900092,166,380,-214
116900093,4887,1609,3278
116900094,5805,9734,-3929
116900095,594,923,-329
116900096,188,589,-401
116900097,1528,6266,-4738
116900098,1414,574,840
116900099,259,1513,-1254
116900100,1838,202,1636
116900101,320,1127,-807
116900103,140,0,140
116900104,20,592,-572
116900105,702,307,395
116900106,5132,90,5042
116900107,1511,4432,-2921
116900110,25,1,24
116900111,1470,293,1177
116900112,414,399,15
116900113,1521,6053,-4532
116900116,41,1272,-1231
116900117,429,262,167
116900118,2361,1060,1301
116900120,671,102,569
116900121,369,55,314
116900122,1877,269,1608
116900123,1308,392,916
116900124,118,419,-301
116900125,1041,89,952
116900126,189,1017,-828
116900128,1,94,-93
116900129,2,242,-240
116900130,2178,7051,-4873
116900131,87,364,-277
116900132,190,144,46
116900133,308,241,67
116900134,409,360,49
116900136,467,146,321
116900137,380,178,202
116900138,158,93,65
116900139,74,256,-182
116900140,176,65,111
116900141,567,182,385
116900142,2,61,-59
116900143,458,135,323
116900144,108,44,64
116900145,140,643,-503
116900147,198,2982,-2784
116900148,8,26,-18
116900149,42,442,-400
116900150,15,7,8
116900151,186,118,68
116900153,188,185,3
116900154,234,967,-733
116900155,76,104,-28
116900157,1619,74,1545
116900158,167,488,-321
116900159,147,796,-649
116900160,1378,897,481
116900161,6170,16828,-10658
116900162,45,142,-97
116900163,424,53,371
116900164,158,72,86
116900165,1077,540,537
116900166,208,74,134
116900167,703,48,655
116900168,1025,28,997
116900169,246,3411,-3165
116900170,969,417,552
116900171,100,103,-3
116900172,161,915,-754
116900173,618,15,603
116900174,59,231,-172
116900175,510,912,-402
116900178,106,103,3
116900179,24,670,-646
116900180,73,4,69
116900182,1732,586,1146
116900183,337,169,168
116900185,37,51,-14
116900186,146,62,84
116900187,76,177,-101
116900188,196,10,186
116900189,94,27,67
116900191,170,378,-208
116900192,536,177,359
116900194,161,2502,-2341
116900195,63,8,55
116900196,48,17,31
116900197,227,39,188
116900198,33,520,-487
116900200,114,0,114
116900201,414,5,409
116900202,98,49,49
116900203,201,8,193
116900204,40,706,-666
116900206,27,1,26
116900207,32,193,-161
116900208,8,88,-80
116900209,60,44,16
116900210,1057,569,488
116900211,324,18,306
116900212,173,10,163
116900213,450,214,236
116900214,681,384,297
116900215,109,71,38
116900216,612,329,283
116900218,2,259,-257
116900219,312,183,129
116900220,148,422,-274
116900221,409,335,74
116900222,636,335,301
116900223,90,197,-107
116900226,359,20,339
116900227,510,35,475
116900228,589,281,308
116900230,120,113,7
116900231,108,200,-92
116900232,53,258,-205
116900233,421,144,277
116900234,17,18,-1
116900235,301,201,100
116900238,810,158,652
116900239,50,914,-864
116900240,5847,5745,102
116900241,79,43,36
116900242,587,2075,-1488
116900243,0,34,-34
116900245,69,89,-20
116900246,132,27,105
116900247,1374,56,1318
116900248,75,53,22
116900249,946,121,825
116900250,898,70,828
116900251,419,2359,-1940
116900252,514,1277,-763
116900253,163,96,67
116900254,127,177,-50
116900255,262,262,0
116900256,1475,165,1310
116900257,96,413,-317
116900258,5,30,-25
116900259,481,19,462
116900260,0,27,-27
116900261,138,2,136
116900262,183,160,23
116900263,7,18,-11
116900264,99,179,-80
116900265,400,2,398
116900266,49,8,41
116900267,14,0,14
116900268,50,208,-158
116900269,599,2501,-1902
116900271,843,1125,-282
116900272,1196,583,613
116900273,64,1475,-1411
116900274,332,77,255
116900275,584,79,505
116900276,439,900,-461
116900277,198,110,88
116900278,4,3,1
116900279,3,41,-38
116900280,132,20,112
116900281,4181,10194,-6013
116900282,0,14,-14
116900283,6,24,-18
116900284,12,94,-82
116900285,206,915,-709
116900286,106,6,100
116900287,5,18,-13
116900288,197,24,173
116900289,39,0,39
116900290,48,4,44
116900291,31,12,19
116900292,1,40,-39
116900293,149,20,129
116900294,31,167,-136
116900295,465,885,-420
116900296,74,560,-486
116900297,3,182,-179
116900298,99,248,-149
116900299,32,507,-475
116900300,1,201,-200
116900301,58,1243,-1185
116900302,64,299,-235
116900303,349,275,74
116900304,2,305,-303
116900305,93,97,-4
116900306,496,68,428
116900307,90,0,90
116900308,1,53,-52
116900309,447,72,375
117000001,4077,7640,-3563
117000002,2373,7029,-4656
117000003,8930,7483,1447
117000004,2729,10712,-7983
117000005,6665,5299,1366
117000006,1344,3765,-2421
117000007,12176,2280,9896
117000008,1406,3939,-2533
117000009,7279,2582,4697
117000010,1400,2961,-1561
117000011,5465,2556,2909
117000012,2491,1562,929
117000013,4531,2523,2008
117000014,2219,3079,-860
117000015,5981,3137,2844
117000016,562,1237,-675
117000017,158,3692,-3534
117000018,175,1700,-1525
117000019,80,224,-144
117000020,1640,3245,-1605
117000021,5104,1307,3797
117000022,366,1184,-818
117000023,143,1637,-1494
117000024,167,2396,-2229
117000025,175,8877,-8702
117000026,2434,7803,-5369
117000027,2637,5545,-2908
117000028,1354,5229,-3875
117000030,609,813,-204
117000031,797,715,82
117000032,2239,3360,-1121
117000033,3003,1822,1181
117000034,376,306,70
117000035,565,844,-279
117000036,815,861,-46
117000037,642,506,136
117000038,560,1247,-687
117000039,393,727,-334
117000040,209,823,-614
117000041,1717,154,1563
117000044,21,872,-851
117000045,2405,634,1771
117000046,680,2150,-1470
117000047,1594,1692,-98
117000048,1902,1730,172
117000049,21,427,-406
117000050,763,1713,-950
117000051,4281,49,4232
117000052,100,210,-110
117000053,1715,53,1662
117000054,3181,12,3169
117000055,3,1351,-1348
117000056,903,37,866
117000057,753,1796,-1043
117000060,715,1789,-1074
117000061,4082,3555,527
117000062,299,1972,-1673
117000063,2816,1355,1461
117000064,1094,1143,-49
117000066,646,1557,-911
117000067,149,822,-673
117000074,29,310,-281
117000076,46,35,11
117000077,376,197,179
117000078,271,1150,-879
117000079,652,344,308
117000080,1,866,-865
117000081,1384,238,1146
117000082,46,157,-111
117000083,339,19,320
117000084,373,0,373
117000085,872,1245,-373
117000086,1570,443,1127
117000087,238,772,-534
117000088,653,209,444
117000089,5107,380,4727
117000090,485,856,-371
117000091,2439,427,2012
117000092,715,1080,-365
117000093,3693,834,2859
117000094,1295,1708,-413
117000095,5559,930,4629
117000096,1310,1361,-51
117000097,4365,1438,2927
117000098,2065,2511,-446
117000099,7607,1746,5861
117000100,378,326,52
117000101,164,767,-603
117000102,3686,1013,2673
117000103,890,1346,-456
117000104,2738,1123,1615
117000105,449,1344,-895
117000106,3910,956,2954
117000107,833,1585,-752
117000108,3840,1495,2345
117000109,1569,2687,-1118
117000110,2759,3419,-660
117000111,6690,7165,-475
117000112,6434,1937,4497
117000113,236,124,112
117000114,558,490,68
117000115,153,56,97
117000116,308,399,-91
117000117,3111,1796,1315
117000118,861,1014,-153
117000119,190,1625,-1435
117000120,63,3816,-3753
117000121,71,2037,-1966
117000122,3295,3155,140
117000123,6837,126,6711
117000124,122,753,-631
117000125,78,2335,-2257
117000126,28,177,-149
117000127,158,1882,-1724
117000128,153,3781,-3628
117000129,495,2798,-2303
117000130,437,0,437
117000131,0,238,-238
117000132,8849,46,8803
117000133,6002,18,5984
117000134,1,612,-611
117000135,0,490,-490
117000136,1,201,-200
117000137,298,160,138
117000138,2,1724,-1722
117000140,601,1140,-539
117000141,2857,699,2158
117000181,584,177,407
117000182,4413,1961,2452
117000195,252,559,-307
117000196,629,344,285
117000225,98,505,-407
117000226,17,663,-646
117000276,539,66,473
117000277,0,147,-147
117000310,1546,3933,-2387
117000315,595,1499,-904
117000320,178,0,178
117000906,1086,26,1060
117000907,7,176,-169
117000909,135,168,-33
117000910,388,116,272
117000911,66,119,-53
117000915,9,172,-163
117000916,144,23,121
117000917,2573,110,2463
117000918,425,85,340
117000919,11,46,-35
117000920,1,1399,-1398
117000921,0,279,-279
117000922,45,165,-120
117000924,1886,1728,158
117000926,1927,1439,488
117000927,238,897,-659
117000928,1,195,-194
117000929,1301,181,1120
117000930,1337,24,1313
117000931,176,233,-57
117900002,63,1723,-1660
117900003,76,280,-204
117900005,5,420,-415
117900006,0,134,-134
117900007,388,86,302
117900008,0,6,-6
117900010,745,166,579
117900011,25,2515,-2490
117900012,145,56,89
117900013,1,402,-401
117900014,1504,496,1008
117900015,14,149,-135
117900016,1674,2024,-350
117900017,1992,725,1267
117900018,798,1614,-816
117900019,1888,407,1481
117900020,104,360,-256
117900021,28,394,-366
117900022,37,2,35
117900023,5974,261,5713
117900024,241,264,-23
117900025,30,1,29
117900026,1300,433,867
117900028,264,12,252
117900029,843,1011,-168
117900030,837,833,4
117900031,914,1692,-778
117900032,1239,726,513
117900033,1258,781,477
117900034,219,89,130
117900035,484,537,-53
117900036,859,400,459
117900037,411,142,269
117900038,115,100,15
117900039,0,69,-69
117900040,405,137,268
117900041,1,57,-56
117900042,3726,1020,2706
117900043,0,26,-26
117900044,104,9603,-9499
117900045,664,133,531
117900048,512,164,348
117900049,748,807,-59
117900050,51,1722,-1671
117900051,34,82,-48
117900052,144,1068,-924
117900053,2874,162,2712
117900054,0,14,-14
117900055,4563,714,3849
117900056,104,556,-452
117900057,1696,871,825
117900058,84,315,-231
117900059,173,439,-266
117900060,4404,2160,2244
117900061,66,677,-611
117900063,1226,324,902
117900065,397,1474,-1077
117900066,14,269,-255
117900067,1767,427,1340
117900069,2044,241,1803
117900070,55,692,-637
117900071,466,122,344
117900073,1802,287,1515
117900074,53,1253,-1200
117900075,251,160,91
117900076,132,357,-225
117900077,1225,164,1061
117900078,903,819,84
117900080,359,80,279
117900081,214,368,-154
117900082,1370,415,955
117900083,1133,1003,130
117900086,531,228,303
117900087,241,60,181
117900088,639,1387,-748
117900089,3850,714,3136
117900090,1625,1144,481
117900091,192,66,126
117900092,331,122,209
117900093,171,76,95
117900094,131,59,72
117900095,1121,2037,-916
117900096,319,1118,-799
117900097,285,59,226
117900098,125,17,108
117900099,673,1787,-1114
117900100,1303,1,1302
117900101,1826,4370,-2544
117900102,157,47,110
117900103,212,15,197
117900104,19,656,-637
117900105,105,302,-197
117900106,143,32,111
117900107,143,1,142
117900109,1538,486,1052
117900110,436,4,432
117900111,2098,258,1840
117900112,115,17,98
117900113,1563,4393,-2830
117900114,78,0,78
117900115,69,780,-711
117900116,998,742,256
117900117,1132,259,873
117900118,440,3,437
117900119,448,44,404
117900120,1878,37,1841
117900121,200,102,98
117900122,1233,9660,-8427
117900123,2214,813,1401
117900124,281,1073,-792
117900125,2098,1537,561
117900126,143,327,-184
117900127,1266,363,903
117900128,893,237,656
117900129,277,7,270
117900130,1255,740,515
117900131,33,152,-119
117900132,25,119,-94
117900133,30,46,-16
117900134,59,289,-230
117900135,44,57,-13
117900136,0,18,-18
117900137,105,222,-117
117900138,0,1,-1
117900139,168,112,56
117900140,11477,1452,10025
117900141,73,838,-765
117900142,21,1042,-1021
117900144,56,2673,-2617
117900145,19,581,-562
117900146,197,875,-678
117900147,226,252,-26
117900148,6973,6314,659
117900149,114,156,-42
117900150,99,92,7
117900151,82,487,-405
117900152,142,313,-171
117900153,42,326,-284
117900154,1235,1141,94
117900156,452,548,-96
117900157,104,722,-618
117900158,482,155,327
117900160,1261,958,303
117900161,968,916,52
117900162,1438,603,835
117900163,52,1648,-1596
117900165,0,5,-5
117900166,23,604,-581
117900168,115,182,-67
117900169,2,55,-53
117900170,0,48,-48
117900171,10,9,1
117900172,29,5,24
117900173,66,86,-20
117900174,47,36,11
117900175,4,49,-45
117900176,19,16,3
117900177,78,56,22
117900178,143,39,104
117900180,282,103,179
117900181,75,679,-604
117900182,3,87,-84
117900183,172,274,-102
117900184,63,157,-94
117900185,79,26,53
117900186,73,24,49
117900187,21,15,6
117900188,267,84,183
117900189,184,46,138
117900190,19,0,19
117900191,200,1,199
117900192,480,0,480
117900193,11,81,-70
117900194,15,8,7
117900195,13,96,-83
117900196,48,44,4
117900207,56,261,-205
117900208,81,72,9
117900209,267,102,165
117900210,144,74,70
117900211,4,56,-52
117900212,253,273,-20
117900213,52,7,45
117900214,7,16,-9
117900215,101,44,57
117900216,28,243,-215
117900217,126,318,-192
117900218,178,267,-89
117900219,9,334,-325
117900220,10,744,-734
117900222,383,128,255
117900223,102,628,-526
118000001,954,5410,-4456
118000002,587,1578,-991
118000003,3277,10314,-7037
118000004,1647,14048,-12401
118000005,6768,4139,2629
118000006,10970,7450,3520
118000007,7868,19940,-12072
118000008,1338,13216,-11878
118000009,2274,5907,-3633
118000010,5175,5832,-657
118000011,4200,2164,2036
118000012,1666,2832,-1166
118000013,5198,5103,95
118000014,2887,2765,122
118000016,610,220,390
118000017,1388,566,822
118000018,720,148,572
118000019,1377,3376,-1999
118000020,628,2865,-2237
118000021,1054,4964,-3910
118000022,1408,992,416
118000023,663,639,24
118000024,580,1255,-675
118000027,20817,9644,11173
118000029,1127,662,465
118000032,345,2862,-2517
118000033,2308,6726,-4418
118000034,4354,6060,-1706
118000035,2882,3149,-267
118000036,1466,1896,-430
118000037,1569,4941,-3372
118000038,1325,143,1182
118000039,273,105,168
118000040,3079,3228,-149
118000041,7159,2692,4467
118000045,239,468,-229
118000046,1596,2428,-832
118000047,870,5535,-4665
118000048,2383,9621,-7238
118000051,1521,9000,-7479
118000052,759,2977,-2218
118000053,713,1921,-1208
118000054,6314,1348,4966
118000055,6404,2683,3721
118000056,101,996,-895
118000057,212,512,-300
118000058,2571,10052,-7481
118000059,2021,5266,-3245
118000060,2237,1038,1199
118000061,1827,2567,-740
118000062,591,357,234
118000063,601,1397,-796
118000064,985,2183,-1198
118000065,2538,3335,-797
118000066,3079,6954,-3875
118000067,563,942,-379
118000068,1520,18433,-16913
118000069,1369,2461,-1092
118000070,12584,3686,8898
118000071,7815,18073,-10258
118000072,827,6623,-5796
118000073,495,3205,-2710
118000074,739,1827,-1088
118000075,954,497,457
118000076,3576,16696,-13120
118000077,1690,3894,-2204
118000078,2746,4894,-2148
118000079,343,702,-359
118000080,638,3066,-2428
118000081,2378,3273,-895
118000082,711,2041,-1330
118000083,1864,3334,-1470
118000084,2561,3991,-1430
118000086,226,1343,-1117
118000087,9136,4672,4464
118000088,1581,3354,-1773
118000089,6506,6169,337
118000090,1405,6549,-5144
118000091,2593,8378,-5785
118000092,1583,1208,375
118000093,221,1117,-896
118000096,1423,1328,95
118000097,983,1553,-570
118000098,251,834,-583
118000099,1464,561,903
118000101,3549,690,2859
118000102,693,701,-8
118000107,5404,881,4523
118000108,1862,8104,-6242
118000110,5,61,-56
118000111,0,261,-261
118000112,2292,8,2284
118000113,21,387,-366
118000114,1712,35,1677
118000115,32,12,20
118000116,113,0,113
118000117,949,2649,-1700
118000118,2169,3870,-1701
118000119,1927,3633,-1706
118000120,1766,1723,43
118000121,25,1071,-1046
118000122,883,567,316
118000123,121,479,-358
118000125,1534,4741,-3207
118000126,999,4853,-3854
118000127,1632,2404,-772
118000128,481,4800,-4319
118000129,3278,1972,1306
118000130,3841,6029,-2188
118000131,702,1927,-1225
118000132,4557,4080,477
118000133,3136,1782,1354
118000135,942,2381,-1439
118000136,285,2831,-2546
118000137,747,443,304
118000138,698,800,-102
118000139,957,283,674
118000140,8182,15962,-7780
118000141,5352,2826,2526
118000142,5978,2569,3409
118000143,5440,2244,3196
118000144,992,625,367
118000145,2132,1493,639
118000146,2352,529,1823
118000147,2018,1077,941
118000148,1726,2267,-541
118000149,1512,505,1007
118000150,1290,324,966
118000151,1249,323,926
118000153,3012,1089,1923
118000154,2615,1607,1008
118000155,4326,1254,3072
118000156,3757,6260,-2503
118000157,1193,449,744
118000158,515,890,-375
118000159,60,164,-104
118000160,1154,424,730
118000161,1121,435,686
118000162,2028,1230,798
118000163,1906,1608,298
118000164,3395,2368,1027
118000168,729,2314,-1585
118000169,1871,1087,784
118000170,4414,3526,888
118000171,575,855,-280
118000172,75,233,-158
118000173,1378,2441,-1063
118000175,353,386,-33
118000176,621,542,79
118000177,580,804,-224
118000178,63,31,32
118000179,1041,931,110
118000180,903,725,178
118000181,755,188,567
118000182,412,229,183
118000183,459,452,7
118000184,2263,633,1630
118000185,785,2706,-1921
118000186,495,2195,-1700
118000187,4395,576,3819
118000188,1503,104,1399
118000189,1995,575,1420
118000190,10,30,-20
118000191,16,41,-25
118000192,17,484,-467
118000193,13,232,-219
118000194,3793,1263,2530
118000195,483,10512,-10029
118000196,119,2059,-1940
118000197,78,376,-298
118000198,485,3407,-2922
118000199,472,3462,-2990
118000200,224,1639,-1415
118000201,102,1593,-1491
118000202,121,1169,-1048
118000203,364,2328,-1964
118000204,77,1190,-1113
118000205,193,559,-366
118000206,403,739,-336
118000207,0,88,-88
118000208,2683,2216,467
118000209,4299,956,3343
118000210,227,60,167
118000211,178,78,100
118000213,797,11850,-11053
118000214,481,1867,-1386
118000215,640,207,433
118000216,16553,3827,12726
118000217,9,67,-58
118000218,283,19,264
118000219,288,502,-214
118000220,101,54,47
118000221,1465,1434,31
118000222,76,25,51
118000223,191,38,153
118000224,299,72,227
118000225,348,3009,-2661
118000226,1897,241,1656
118000227,1706,802,904
118000228,79,668,-589
118000229,95,1852,-1757
118000230,151,564,-413
118000231,95,834,-739
118000232,1828,279,1549
118000233,2294,845,1449
118000234,902,147,755
118000236,287,910,-623
118000237,362,467,-105
118000238,404,259,145
118000239,580,916,-336
118000240,136,89,47
118000241,595,222,373
118000242,774,315,459
118000243,569,148,421
118000244,192,56,136
118000246,1,47,-46
118000255,66,574,-508
118000256,233,337,-104
118000259,17,174,-157
118000260,464,119,345
118000261,189,36,153
118000263,202,366,-164
118000266,348,312,36
118000267,0,903,-903
118000268,660,5,655
118000270,624,8,616
118000271,413,234,179
118000272,147,39,108
118000273,640,51,589
118000274,129,626,-497
118000276,525,175,350
118000295,107,209,-102
118000298,166,110,56
118000299,67,92,-25
118000301,1,299,-298
118000302,222,31,191
118000311,2459,66,2393
118000312,942,169,773
118000313,103,38,65
118000314,289,32,257
118000315,70,15,55
118000316,1511,589,922
118000325,138,51,87
118000326,125,55,70
118000331,64,18,46
118000332,23,27,-4
118000333,59,46,13
118000335,1318,5,1313
118000336,1,327,-326
118000407,575,57,518
118000457,19,210,-191
118000465,670,4031,-3361
118000480,183,108,75
118000489,8,1204,-1196
118000490,16,631,-615
118000492,1070,211,859
118000510,81,48,33
118000514,177,1336,-1159
118000515,720,2242,-1522
118000517,835,218,617
118000524,167,958,-791
118000525,765,864,-99
118000530,32,336,-304
118000531,761,236,525
118000532,308,250,58
118000533,393,156,237
118000534,1359,451,908
118000535,503,141,362
118000536,71,710,-639
118000537,19,231,-212
118000538,44,263,-219
118000539,36,126,-90
118000540,286,492,-206
118000541,104,162,-58
118000542,157,711,-554
118000543,248,719,-471
118000546,57,58,-1
118000553,0,0,0
118000560,1825,4707,-2882
118000562,145,175,-30
118000563,1951,1102,849
118000576,278,70,208
118000577,248,262,-14
118000578,207,120,87
118000579,704,3486,-2782
118000583,0,0,0
118000595,250,100,150
118000596,3,938,-935
118000597,391,90,301
118000598,14,3,11
118000599,353,58,295
118000600,0,3,-3
118000601,24,1,23
118000602,0,6,-6
118000603,0,22,-22
118000605,48,101,-53
118900001,1005,1931,-926
118900002,1347,1258,89
118900003,1191,3,1188
118900004,238,71,167
118900005,233,7,226
118900006,343,5,338
118900007,1,2,-1
118900008,2013,83,1930
118900009,239,206,33
118900010,149,14,135
118900011,244,12,232
118900012,378,446,-68
118900013,3065,1012,2053
118900015,414,25,389
118900016,0,4,-4
118900017,26,476,-450
118900018,2489,61,2428
118900019,1,4,-3
118900020,40,405,-365
118900021,106,1520,-1414
118900022,90,13,77
118900023,90,344,-254
118900024,118,294,-176
118900025,27,94,-67
118900026,73,6,67
118900027,1063,343,720
118900028,340,156,184
118900029,350,1005,-655
118900030,1111,99,1012
118900031,172,62,110
118900032,382,89,293
118900033,598,1546,-948
118900034,381,41,340
118900035,244,134,110
118900036,1951,529,1422
118900037,405,1370,-965
118900038,825,104,721
118900039,1199,265,934
118900040,338,140,198
118900041,1376,577,799
118900042,127,37,90
118900045,246,197,49
118900046,482,448,34
118900047,589,650,-61
118900048,328,1314,-986
118900049,334,32,302
118900050,175,8,167
118900051,75,483,-408
118900052,424,989,-565
118900053,27,132,-105
118900054,214,25,189
118900055,443,5,438
118900056,37,894,-857
118900057,1233,650,583
118900058,1073,1191,-118
118900059,18,276,-258
118900060,192,71,121
118900062,534,289,245
118900064,426,906,-480
118900065,104,337,-233
118900066,177,96,81
118900067,5558,6274,-716
118900068,19,1077,-1058
118900069,854,397,457
118900071,4,13,-9
118900072,1893,1431,462
118900073,399,179,220
118900074,519,123,396
118900075,457,38,419
118900076,371,318,53
118900077,1008,179,829
118900078,2,0,2
118900079,87,198,-111
118900080,250,78,172
118900081,62,86,-24
118900082,3511,324,3187
118900083,46,2,44
118900084,15,36,-21
118900085,412,544,-132
118900086,42,131,-89
118900087,249,1774,-1525
118900088,6,1,5
118900089,19,60,-41
118900090,386,198,188
118900091,263,391,-128
118900092,557,60,497
118900093,115,76,39
118900096,71,204,-133
118900097,483,756,-273
118900099,66,202,-136
118900100,138,386,-248
118900101,496,143,353
118900102,54,101,-47
118900103,27,182,-155
118900104,553,164,389
118900105,279,127,152
118900107,82,51,31
118900108,130,397,-267
118900110,2420,1983,437
118900111,1766,561,1205
118900112,422,764,-342
118900113,139,497,-358
118900114,6,240,-234
118900115,174,506,-332
118900116,152,252,-100
118900117,159,113,46
118900118,534,356,178
118900119,319,330,-11
118900120,85,395,-310
118900121,13,194,-181
118900122,5,1341,-1336
118900123,227,278,-51
118900124,299,489,-190
118900126,152,393,-241
118900129,378,148,230
118900130,35,326,-291
118900131,854,201,653
118900132,536,220,316
118900133,31,376,-345
118900135,517,194,323
118900136,511,319,192
118900137,6,203,-197
118900139,759,217,542
118900140,923,521,402
118900141,257,146,111
118900144,536,246,290
118900145,42,283,-241
118900146,807,466,341
118900147,196,1787,-1591
118900148,144,62,82
118900150,245,965,-720
118900152,800,419,381
118900157,86,783,-697
118900158,508,48,460
118900159,1,252,-251
118900161,68,37,31
118900163,59,55,4
118900164,2,79,-77
118900165,153,44,109
118900166,4,15,-11
118900167,98,27,71
118900168,57,164,-107
118900169,265,114,151
118900170,591,74,517
118900171,155,56,99
118900174,95,59,36
118900175,933,335,598
118900176,320,269,51
118900177,227,3,224
118900178,152,78,74
118900179,5,27,-22
118900181,342,92,250
118900182,31,46,-15
118900183,42,299,-257
118900184,230,53,177
118900185,251,35,216
118900186,64,339,-275
118900187,103,1075,-972
118900188,430,528,-98
118900189,77,866,-789
118900190,230,263,-33
118900191,905,87,818
118900192,966,56,910
118900193,1647,6,1641
118900195,219,644,-425
118900196,70,203,-133
118900197,577,97,480
118900198,57,0,57
118900199,149,7,142
118900200,45,53,-8
118900201,98,128,-30
118900202,5,88,-83
118900203,96,2,94
118900204,65,11,54
118900205,4,1,3
118900206,1,1,0
119000001,2414,3210,-796
119000002,4664,6155,-1491
119000003,5552,1484,4068
119000004,3940,3812,128
119000005,3310,4753,-1443
119000006,6807,2732,4075
119000007,6958,6383,575
119000008,3550,2986,564
119000009,2951,11149,-8198
119000010,5438,6641,-1203
119000011,2855,3883,-1028
119000012,1605,5154,-3549
119000013,5019,2508,2511
119000014,3016,3329,-313
119000019,451,191,260
119000020,4525,2170,2355
119000021,8161,5112,3049
119000022,2032,6942,-4910
119000023,237,629,-392
119000024,3176,39192,-36016
119000025,5721,1797,3924
119000026,64,951,-887
119000027,134,737,-603
119000028,2832,798,2034
119000029,38,283,-245
119000030,868,902,-34
119000031,2369,903,1466
119000032,2038,2049,-11
119000033,3041,1133,1908
119000034,2643,954,1689
119000035,43,262,-219
119000036,5232,413,4819
119000037,3012,988,2024
119000038,507,422,85
119000039,1361,856,505
119000040,1363,1660,-297
119000041,1497,3194,-1697
119000048,2755,2075,680
119000049,5932,3363,2569
119000050,1695,2573,-878
119000051,4512,2009,2503
119000052,7278,3066,4212
119000053,3257,1520,1737
119000054,4958,1420,3538
119000055,9699,1678,8021
119000056,6927,1850,5077
119000057,3087,932,2155
119000058,2464,1390,1074
119000059,1349,1564,-215
119000060,3443,896,2547
119000061,1171,594,577
119000062,1412,1039,373
119000063,1183,967,216
119000064,1216,1119,97
119000065,1584,4025,-2441
119000066,3077,1647,1430
119000067,2234,1460,774
119000068,3512,1060,2452
119000069,3106,1493,1613
119000070,4827,647,4180
119000071,703,458,245
119000072,5755,2957,2798
119000073,5359,18188,-12829
119000074,2724,1574,1150
119000075,6715,3088,3627
119000076,186,607,-421
119000077,1067,472,595
119000078,723,581,142
119000079,210,443,-233
119000080,1565,214,1351
119000081,480,911,-431
119000082,1589,269,1320
119000083,1094,616,478
119000084,347,511,-164
119000085,796,117,679
119000086,335,1164,-829
119000087,958,282,676
119000088,266,117,149
119000089,106,288,-182
119000090,141,63,78
119000091,122,188,-66
119000092,303,237,66
119000093,7079,4151,2928
119000094,7768,8664,-896
119000095,4229,11218,-6989
119000097,2005,1242,763
119000098,1850,12042,-10192
119000099,2602,1030,1572
119000100,8930,4860,4070
119000101,4583,1776,2807
119000102,448,2158,-1710
119000103,778,535,243
119000104,1789,1071,718
119000105,1591,5444,-3853
119000106,740,818,-78
119000107,2176,989,1187
119000108,1451,980,471
119000109,245,683,-438
119000110,366,391,-25
119000111,91,878,-787
119000112,232,104,128
119000113,948,231,717
119000114,2613,1945,668
119000115,114,260,-146
119000116,181,179,2
119000117,150,548,-398
119000118,15,0,15
119000123,2139,6198,-4059
119000124,2371,304,2067
119000125,9874,655,9219
119000126,3995,646,3349
119000127,1468,350,1118
119000128,32,2,30
119000131,2100,238,1862
119000132,0,1,-1
119000133,1,22,-21
119000134,1507,1138,369
119000135,258,225,33
119000136,635,146,489
119000137,405,174,231
119000138,1479,78,1401
119000139,181,99,82
119000140,419,486,-67
119000284,1555,2063,-508
119000285,2283,1215,1068
119000286,4266,3545,721
119000287,1687,1872,-185
119000288,3346,988,2358
119000289,1691,3476,-1785
119000290,349,338,11
119000291,258,522,-264
119000293,153,223,-70
119000294,143,55,88
119000295,3190,299,2891
119000296,460,201,259
119000302,3382,1410,1972
119000303,21,623,-602
119000310,0,0,0
119000314,3247,20289,-17042
119000315,1,100,-99
119000316,595,89,506
119000317,200,115,85
119900001,110,3036,-2926
119900002,606,413,193
119900003,7,340,-333
119900004,142,4809,-4667
119900005,624,68,556
119900006,101,857,-756
119900007,708,354,354
119900008,20,51,-31
119900009,812,441,371
119900010,1191,685,506
119900011,23,507,-484
119900012,33,224,-191
119900013,1762,1676,86
119900014,779,166,613
119900015,615,69,546
119900016,119,131,-12
119900017,60,70,-10
119900018,945,2288,-1343
119900019,119,6,113
119900020,109,288,-179
119900021,341,74,267
119900022,166,914,-748
119900023,673,5758,-5085
119900025,775,33,742
119900026,1071,105,966
119900027,12,18,-6
119900028,428,302,126
119900029,8,1,7
119900030,861,534,327
119900031,104,2191,-2087
119900033,916,219,697
119900034,1669,28,1641
119900037,270,14,256
119900038,25,865,-840
119900039,139,27,112
119900040,171,14,157
119900041,497,9,488
119900042,112,345,-233
119900043,255,114,141
119900044,270,1093,-823
119900046,488,12,476
119900047,684,351,333
119900048,114,38,76
119900049,258,1,257
119900050,118,306,-188
119900051,1223,8,1215
119900052,254,20,234
119900053,589,204,385
119900054,1008,24,984
119900055,1675,495,1180
119900057,681,8,673
119900058,856,9,847
119900059,127,49,78
119900060,498,82,416
119900062,305,3,302
119900063,19,102,-83
119900065,255,2,253
119900066,1,1,0
119900067,156,19,137
119900068,1569,98,1471
119900069,117,26,91
119900070,1368,7,1361
119900071,1324,48,1276
119900073,1632,214,1418
119900074,14,66,-52
119900075,1798,1503,295
119900076,1464,270,1194
119900077,1734,370,1364
119900078,1251,644,607
119900079,1392,52,1340
119900080,2966,631,2335
119900081,1270,36,1234
119900082,2922,194,2728
119900083,1146,103,1043
119900084,530,742,-212
119900085,49,46,3
119900087,337,1800,-1463
119900088,36,10,26
119900089,33,126,-93
119900090,69,15,54
119900091,85,217,-132
119900092,41,497,-456
119900093,3871,179,3692
119900094,19,284,-265
119900095,133,64,69
119900096,58,81,-23
119900097,154,218,-64
119900098,80,24,56
119900099,42,139,-97
119900100,596,2983,-2387
119900101,245,1144,-899
119900102,56,110,-54
119900103,69,110,-41
119900104,65,114,-49
119900105,761,2207,-1446
119900106,8,100,-92
119900107,231,1169,-938
119900108,3374,597,2777
119900109,14,96,-82
119900110,748,376,372
119900111,407,102,305
119900112,880,1672,-792
119900113,45,251,-206
119900114,283,512,-229
119900115,942,254,688
119900116,157,681,-524
119900117,647,300,347
119900118,249,143,106
119900119,613,207,406
119900120,578,355,223
119900121,1317,458,859
119900122,26,134,-108
119900123,287,341,-54
119900124,526,298,228
119900125,37,263,-226
119900126,2335,243,2092
119900127,635,314,321
119900128,782,727,55
119900129,423,154,269
119900130,5,119,-114
119900131,95,79,16
119900132,37,67,-30
119900133,195,77,118
119900134,432,104,328
119900135,2,196,-194
119900136,51,213,-162
119900138,180,295,-115
119900139,25,238,-213
119900140,14,83,-69
119900141,35,1708,-1673
119900142,32,39,-7
119900143,32,248,-216
119900144,1060,216,844
119900145,57,347,-290
119900146,317,136,181
119900147,3,283,-280
119900148,552,59,493
119900149,594,11914,-11320
119900150,79,147,-68
119900151,2700,1620,1080
119900152,437,114,323
119900153,383,62,321
119900154,40,182,-142
119900155,23,25,-2
119900156,27,9,18
119900157,526,218,308
119900158,325,89,236
119900159,4,360,-356
119900160,19,218,-199
119900161,216,152,64
119900162,2023,863,1160
119900163,91,183,-92
119900164,2,2,0
119900165,289,59,230
119900166,159,50,109
119900167,0,76,-76
119900168,2841,320,2521
119900169,55,497,-442
119900170,252,278,-26
119900171,1020,286,734
119900172,41,12,29
119900173,15,148,-133
119900174,5,164,-159
119900175,3684,406,3278
119900177,25,121,-96
119900178,0,144,-144
119900179,420,1589,-1169
119900180,2439,723,1716
119900181,34,137,-103
119900182,1,75,-74
119900183,154,735,-581
119900184,781,397,384
119900185,109,693,-584
119900186,35,3110,-3075
119900187,6,225,-219
119900188,323,374,-51
119900189,104,545,-441
119900190,184,532,-348
119900191,217,671,-454
119900192,40,168,-128
119900193,1102,170,932
119900194,23,63,-40
119900195,24,327,-303
119900196,321,100,221
119900197,692,477,215
119900198,225,241,-16
119900199,386,18,368
119900200,1275,612,663
119900201,265,249,16
119900202,156,528,-372
119900203,269,1446,-1177
119900204,475,428,47
119900205,2280,342,1938
119900206,695,161,534
119900208,138,133,5
119900209,929,4440,-3511
119900210,163,13,150
119900211,50,1,49
119900212,916,385,531
119900213,6,70,-64
119900214,127,10,117
119900215,59,7,52
119900216,34,12,22
119900217,1,9,-8
119900218,5,58,-53
119900219,25,43,-18
119900220,3,30,-27
119900221,49,49,0
119900222,20,63,-43
119900223,17,23,-6
119900224,28,10,18
119900225,227,34,193
119900226,163,3389,-3226
119900227,309,215,94
119900228,23,352,-329
119900229,119,215,-96
119900230,1061,243,818
119900231,598,106,492
119900232,158,103,55
119900233,132,15,117
119900234,10,270,-260
119900235,9,73,-64
119900236,22,226,-204
119900237,84,636,-552
119900238,9,74,-65
119900240,53,41,12
119900241,268,133,135
119900242,2377,1897,480
119900244,858,1131,-273
119900245,504,313,191
119900246,249,660,-411
119900247,14,91,-77
119900248,48,927,-879
119900249,511,110,401
119900253,1484,353,1131
119900254,133,2810,-2677
119900255,137,779,-642
119900256,1183,364,819
119900257,240,11,229
119900258,333,26,307
119900259,6,50,-44
119900260,348,13,335
119900261,946,186,760
119900262,3,198,-195
119900263,2374,163,2211
119900264,471,14,457
119900265,595,353,242
119900266,1232,216,1016
119900267,197,292,-95
119900268,657,77,580
119900269,1813,640,1173
119900271,37,139,-102
119900272,148,245,-97
119900275,251,6,245
119900276,228,13,215
119900277,35,11,24
119900278,885,104,781
119900279,208,624,-416
119900280,788,73,715
119900281,1,611,-610
119900282,33,178,-145
119900283,68,96,-28
119900284,80,211,-131
119900285,5,98,-93
119900286,1,13,-12
119900288,27,3,24
119900289,0,27,-27
119900290,5,3,2
119900291,4,53,-49
119900292,55,152,-97
119900293,48,16,32
119900294,72,0,72
119900295,0,0,0
119900296,1,0,1
119900299,90,114,-24
119900300,333,258,75
119900301,87,544,-457
119900302,54,605,-551
119900303,454,242,212
119900304,278,13,265
119900305,7,164,-157
119900306,29,2,27
119900307,51,79,-28
119900308,4,45,-41
119900309,68,607,-539
119900310,337,283,54
119900311,332,39,293
119900312,372,38,334
119900313,349,264,85
119900314,340,741,-401
119900315,4053,1131,2922
119900318,33,190,-157
119900319,9,141,-132
119900320,651,373,278
119900321,338,16,322
119900322,12,49,-37
119900323,6,41,-35
119900324,3,56,-53
119900325,360,96,264
119900326,77,75,2
120000001,14646,53642,-38996
120000002,3814,3732,82
120000003,3096,1359,1737
120000004,4467,1406,3061
120000005,3357,1962,1395
120000006,2630,1369,1261
120000007,4189,7533,-3344
120000008,2181,1343,838
120000009,2098,1128,970
120000010,3888,4006,-118
120000011,2235,1934,301
120000012,3142,2513,629
120000013,7474,4628,2846
120000014,1833,3015,-1182
120000015,5144,3516,1628
120000016,6691,3552,3139
120000017,7196,7727,-531
120000018,5007,30126,-25119
120000019,1888,2403,-515
120000020,3188,5180,-1992
120000021,2837,3056,-219
120000022,3275,4406,-1131
120000023,2289,2507,-218
120000024,1667,2704,-1037
120000025,4568,2117,2451
120000026,6361,2937,3424
120000027,4132,2916,1216
120000028,1165,2868,-1703
120000029,1694,2403,-709
120000030,169,1765,-1596
120000031,2638,8013,-5375
120000032,5783,3428,2355
120000033,5769,1734,4035
120000034,6026,1359,4667
120000035,5959,2151,3808
120000036,5456,7844,-2388
120000037,895,2681,-1786
120000038,6033,4634,1399
120000039,853,2154,-1301
120000040,93,2451,-2358
120000041,589,1610,-1021
120000042,3435,2077,1358
120000043,7501,948,6553
120000044,10304,1455,8849
120000045,13023,950,12073
120000046,6545,6268,277
120000047,1168,19086,-17918
120000048,16305,6460,9845
120000049,7051,7865,-814
120000050,5436,9607,-4171
120000051,3277,6537,-3260
120000052,7538,1432,6106
120000053,1763,1604,159
120000054,1881,2390,-509
120000055,1922,3579,-1657
120000056,6203,4135,2068
120000057,5782,1460,4322
120000058,1489,1370,119
120000059,4,2553,-2549
120000061,242,1317,-1075
120000062,186,395,-209
120000063,582,2372,-1790
120000064,636,722,-86
120000065,523,923,-400
120000066,184,409,-225
120000067,25,138,-113
120000068,466,275,191
120000069,1216,373,843
120000070,339,412,-73
120000071,1599,120,1479
120000072,1955,626,1329
120000073,1936,96,1840
120000074,71,247,-176
120000075,1828,630,1198
120000076,4731,427,4304
120000077,4455,809,3646
120000078,3302,1431,1871
120000079,581,404,177
120000080,197,343,-146
120000081,450,140,310
120000082,515,321,194
120000083,84,1262,-1178
120000084,415,355,60
120000085,408,397,11
120000086,265,306,-41
120000087,424,330,94
120000088,1261,1042,219
120000089,1495,593,902
120000090,1260,726,534
120000091,1758,904,854
120000092,1473,428,1045
120000093,1272,597,675
120000094,577,1401,-824
120000095,1495,234,1261
120000096,924,466,458
120000098,1550,729,821
120000099,822,639,183
120000100,1147,615,532
120000101,1345,463,882
120000102,1541,1746,-205
120000103,2965,1481,1484
120000104,3953,624,3329
120000105,5180,372,4808
120000106,6474,460,6014
120000107,11436,634,10802
120000108,4338,245,4093
120000109,2271,111,2160
120000110,88,893,-805
120000111,183,781,-598
120000112,738,1343,-605
120000113,733,1162,-429
120000114,531,1246,-715
120000115,569,1130,-561
120000116,570,1473,-903
120000117,607,908,-301
120000118,101,144,-43
120000119,48,48,0
120000120,231,463,-232
120000121,16,50,-34
120000122,479,1972,-1493
120000123,2396,17358,-14962
120000124,701,1101,-400
120000125,2247,780,1467
120000126,704,5084,-4380
120000127,1104,2522,-1418
120000128,3406,9350,-5944
120000129,511,302,209
120000130,1632,775,857
120000131,779,952,-173
120000134,517,452,65
120000135,1972,747,1225
120000137,581,279,302
120000138,3970,228,3742
120000139,715,230,485
120000140,2968,149,2819
120000141,487,485,2
120000142,1595,598,997
120000143,0,39,-39
120000144,175,23,152
120000145,1521,2,1519
120000146,1637,2573,-936
120000149,902,765,137
120000150,2148,18285,-16137
120000151,961,623,338
120000152,2015,204,1811
120000153,885,597,288
120000154,1296,1102,194
120000155,568,830,-262
120000156,687,5036,-4349
120000157,1877,736,1141
120000158,1773,783,990
120000159,3602,1661,1941
120000160,3525,2096,1429
120000161,6204,3596,2608
120000162,290,540,-250
120000163,1431,813,618
120000164,966,231,735
120000165,1661,550,1111
120000166,2780,463,2317
120000167,563,236,327
120000168,13,867,-854
120000169,142,2700,-2558
120000170,15,2654,-2639
120000171,5,986,-981
120000172,2,565,-563
120000173,127,1533,-1406
120000174,29,59,-30
120000175,36,155,-119
120000176,33,87,-54
120000177,662,128,534
120000178,0,61,-61
120000179,30,110,-80
120000180,18,34,-16
120000181,108,1575,-1467
120000182,13,1197,-1184
120000183,3,252,-249
120000184,246,1484,-1238
120000186,36,2258,-2222
120000187,26,1241,-1215
120000188,46,1009,-963
120000190,54,77,-23
120000191,52,197,-145
120000192,67,18,49
120000193,34,9,25
120000195,24,0,24
120000196,51,3,48
120000197,3,6,-3
120000198,564,23,541
120000199,910,2,908
120000200,549,1,548
120000201,122,149,-27
120000202,1,47,-46
120000203,547,199,348
120000207,5,28,-23
120000208,17,74,-57
120000209,12,13,-1
120000210,50,34,16
120000211,808,5,803
120000212,797,0,797
120000213,682,105,577
120000214,2,66,-64
120000215,6,68,-62
120000216,836,49,787
120000217,230,983,-753
120000218,25,335,-310
120000219,0,202,-202
120000220,2,613,-611
120000225,4305,10,4295
120000226,1148,28,1120
120000227,1712,158,1554
120000228,12203,7103,5100
120000230,1067,44,1023
120000231,3371,645,2726
120000233,1367,96,1271
120000235,702,530,172
120000236,3243,6,3237
120000237,1,859,-858
120000238,3,780,-777
120000241,2049,7631,-5582
120000412,192,5,187
120000413,1551,248,1303
120000414,609,18,591
120000415,4,31,-27
120000416,355,12,343
120000417,47,129,-82
120000418,907,36,871
120000419,45,30,15
120000420,108,8,100
120000421,11246,5528,5718
120000422,214,5839,-5625
120000423,8,293,-285
120000424,869,128,741
120000436,153,2158,-2005
120000437,100,193,-93
120000438,2042,351,1691
120000439,553,1355,-802
120000443,213,0,213
120000444,3096,674,2422
120000445,4044,2715,1329
120000446,4122,265,3857
120000447,1043,2,1041
120000449,513,12,501
120000450,32,86,-54
120000451,422,301,121
120000452,965,1,964
120000453,0,31,-31
120000454,83,136,-53
120000455,250,84,166
120000456,2478,9242,-6764
120000457,555,453,102
120000458,414,881,-467
120000459,345,162,183
120000665,108,599,-491
120000668,174,3807,-3633
120000669,824,137,687
120000670,85,901,-816
120000671,6062,1506,4556
120000672,91,546,-455
120900001,192,58,134
120900002,174,1271,-1097
120900003,289,42,247
120900004,10,304,-294
120900005,280,317,-37
120900006,1561,176,1385
120900007,546,98,448
120900008,1009,567,442
120900009,431,39,392
120900010,1306,241,1065
120900011,40,673,-633
120900012,28,2007,-1979
120900013,683,312,371
120900014,2,402,-400
120900015,1840,280,1560
120900016,3611,197,3414
120900017,2494,121,2373
120900018,411,185,226
120900019,580,685,-105
120900020,422,1006,-584
120900021,600,226,374
120900022,79,281,-202
120900023,596,146,450
120900024,2059,475,1584
120900025,1552,958,594
120900026,199,139,60
120900027,783,39,744
120900028,1140,334,806
120900029,30,1666,-1636
120900030,4792,777,4015
120900031,559,111,448
120900032,2404,92,2312
120900033,2702,125,2577
120900034,17,6562,-6545
120900035,155,141,14
120900037,825,35,790
120900038,288,642,-354
120900039,222,59,163
120900040,767,2,765
120900041,20,57,-37
120900042,1031,27,1004
120900043,236,100,136
120900044,8,904,-896
120900045,161,62,99
120900046,1641,13,1628
120900047,313,272,41
120900048,472,29,443
120900049,1249,5,1244
120900050,1158,4884,-3726
120900051,612,70,542
120900052,2454,18,2436
120900053,1023,41,982
120900054,1013,371,642
120900055,1566,8,1558
120900056,1570,66,1504
120900057,729,24,705
120900058,1555,4,1551
120900059,378,21,357
120900060,113,15,98
120900061,292,232,60
120900062,882,5,877
120900063,2596,37,2559
120900064,1870,13,1857
120900065,1549,1,1548
120900066,1855,117,1738
120900067,547,220,327
120900068,747,0,747
120900069,1398,25,1373
120900071,51,4,47
120900072,2238,51,2187
120900073,2371,74,2297
120900074,2730,120,2610
120900076,1264,0,1264
120900077,1676,635,1041
120900078,1388,357,1031
120900079,2766,106,2660
120900080,2748,296,2452
120900081,2902,856,2046
120900082,400,661,-261
120900083,218,33,185
120900084,1145,803,342
120900085,90,107,-17
120900086,59,1267,-1208
120900087,790,259,531
120900088,393,1594,-1201
120900089,2175,6756,-4581
120900090,701,14,687
120900091,250,1159,-909
120900092,147,278,-131
120900093,1100,128,972
120900094,278,248,30
120900095,527,20,507
120900096,203,146,57
120900097,810,645,165
120900098,111,113,-2
120900099,108,99,9
120900100,94,160,-66
120900101,35,136,-101
120900102,181,81,100
120900103,246,311,-65
120900104,17,23,-6
120900105,52,394,-342
120900106,299,191,108
120900107,108,141,-33
120900108,86,213,-127
120900109,25,415,-390
120900110,22,214,-192
120900111,208,194,14
120900112,60,194,-134
120900113,43,437,-394
120900114,79,268,-189
120900115,187,338,-151
120900116,1606,176,1430
120900117,44,89,-45
120900118,56,261,-205
120900119,11403,3210,8193
120900120,117,944,-827
120900121,45,311,-266
120900122,1788,211,1577
120900123,58,80,-22
120900124,4,122,-118
120900125,8,347,-339
120900126,182,529,-347
120900127,72,137,-65
120900128,354,793,-439
120900129,5,132,-127
120900130,5,206,-201
120900131,289,136,153
120900132,2658,155,2503
120900133,100,549,-449
120900134,174,154,20
120900135,5,198,-193
120900136,62,117,-55
120900137,728,144,584
120900138,6,166,-160
120900139,1,128,-127
120900140,12,204,-192
120900141,392,326,66
120900142,33,115,-82
120900143,2,138,-136
120900144,1,40,-39
120900145,227,878,-651
120900146,1,150,-149
120900147,1,14,-13
120900148,363,141,222
120900149,0,112,-112
120900150,135,233,-98
120900151,0,72,-72
120900152,42,9,33
120900153,0,0,0
120900154,4,130,-126
120900155,332,338,-6
120900156,887,184,703
120900157,8,14,-6
120900158,174,261,-87
120900159,2,47,-45
120900160,129,346,-217
120900161,38,359,-321
120900162,46,540,-494
120900163,174,1061,-887
120900164,1,32,-31
120900165,1,55,-54
120900166,147,1509,-1362
120900167,135,69,66
120900169,307,294,13
120900170,203,8557,-8354
120900171,423,85,338
120900172,90,2502,-2412
120900173,7,25,-18
120900174,7,119,-112
120900175,386,166,220
120900176,40,709,-669
120900177,11,3612,-3601
120900178,0,1399,-1399
120900179,131,301,-170
120900180,35,486,-451
120900181,16,17,-1
120900182,128,240,-112
120900183,1286,156,1130
120900184,442,112,330
120900185,1066,2865,-1799
120900186,2,108,-106
120900187,1304,667,637
120900188,682,34,648
120900189,88,7556,-7468
120900190,681,4,677
120900191,470,9,461
120900192,6534,28261,-21727
120900194,176,366,-190
120900195,83,313,-230
120900196,539,127,412
120900197,1326,191,1135
120900198,149,359,-210
120900199,517,412,105
120900200,11,111,-100
120900201,199,71,128
120900202,0,118,-118
120900203,29,61,-32
120900204,98,188,-90
120900205,93,11,82
120900206,123,46,77
120900207,25,790,-765
121000001,1096,4787,-3691
121000002,3421,3910,-489
121000003,10966,3617,7349
121000004,2869,5132,-2263
121000005,3584,4870,-1286
121000006,3938,4667,-729
121000007,4316,10578,-6262
121000008,4651,7635,-2984
121000009,7332,14026,-6694
121000010,8710,9749,-1039
121000011,9114,11879,-2765
121000012,14250,6586,7664
121000013,9618,8017,1601
121000014,6872,5574,1298
121000015,7929,10548,-2619
121000016,5240,6009,-769
121000017,3667,2108,1559
121000018,5084,2679,2405
121000019,10085,8886,1199
121000020,12322,18092,-5770
121000021,2632,2385,247
121000022,3280,4491,-1211
121000023,3390,1227,2163
121000024,6346,6387,-41
121000025,613,2389,-1776
121000026,519,285,234
121000027,2112,1923,189
121000028,1282,1206,76
121000029,1309,982,327
121000030,1066,958,108
121000031,586,1524,-938
121000032,206,241,-35
121000034,657,2169,-1512
121000035,472,1029,-557
121000036,1451,2085,-634
121000037,911,2746,-1835
121000038,484,1539,-1055
121000039,231,711,-480
121000041,748,599,149
121000042,209,525,-316
121000043,862,827,35
121000044,2117,1965,152
121000045,722,438,284
121000046,1208,1524,-316
121000047,94,146,-52
121000049,1385,1154,231
121000050,500,3353,-2853
121000051,763,706,57
121000052,646,1938,-1292
121000053,905,472,433
121000054,110,1066,-956
121000055,1467,5938,-4471
121000056,1371,1869,-498
121000057,180,755,-575
121000058,258,130,128
121000059,4248,1995,2253
121000060,674,1817,-1143
121000061,36,696,-660
121000062,159,2207,-2048
121000063,1226,1929,-703
121000064,726,1281,-555
121000065,172,1123,-951
121000066,1034,2580,-1546
121000067,617,1902,-1285
121000068,533,786,-253
121000069,165,2115,-1950
121000070,1581,2638,-1057
121000071,2759,3073,-314
121000072,952,3316,-2364
121000073,1399,2588,-1189
121000074,112,558,-446
121000075,15,352,-337
121000076,478,880,-402
121000077,126,241,-115
121000078,202,571,-369
121000080,4609,1053,3556
121000081,7367,6264,1103
121000082,88,615,-527
121000083,52,306,-254
121000084,302,317,-15
121000085,610,855,-245
121000086,2394,670,1724
121000087,127,353,-226
121000088,1269,729,540
121000089,210,950,-740
121000090,243,729,-486
121000091,1700,1252,448
121000092,266,133,133
121000093,360,416,-56
121000094,379,1213,-834
121000095,205,1100,-895
121000096,9788,2962,6826
121000097,802,4049,-3247
121000098,891,676,215
121000099,1464,698,766
121000100,1595,284,1311
121000101,563,252,311
121000102,651,200,451
121000103,270,143,127
121000104,590,98,492
121000105,687,143,544
121000106,548,268,280
121000107,2163,4044,-1881
121000109,2022,1124,898
121000110,266,994,-728
121000114,5855,3820,2035
121000115,6484,942,5542
121000116,675,1560,-885
121000117,298,519,-221
121000118,2137,514,1623
121000119,492,304,188
121000120,848,566,282
121000121,595,3477,-2882
121000123,881,598,283
121000127,121,244,-123
121000128,1875,161,1714
121000129,1692,201,1491
121000130,916,763,153
121000131,1729,1068,661
121000132,677,1032,-355
121000135,331,213,118
121000136,1327,2520,-1193
121000137,2071,456,1615
121000138,552,1863,-1311
121000139,188,688,-500
121000141,360,565,-205
121000142,815,946,-131
121000143,169,36,133
121000144,829,797,32
121000145,1033,1122,-89
121000146,1458,2126,-668
121000147,1602,695,907
121000148,1201,1361,-160
121000149,3698,3657,41
121000152,415,564,-149
121000153,2237,761,1476
121000154,2282,802,1480
121000155,6553,2050,4503
121000156,616,1723,-1107
121000157,1499,1749,-250
121000158,355,456,-101
121000159,486,733,-247
121000160,415,876,-461
121000161,435,430,5
121000162,225,68,157
121000165,1656,2632,-976
121000166,87,785,-698
121000168,546,332,214
121000169,243,323,-80
121000170,421,108,313
121000171,189,405,-216
121000172,1933,2896,-963
121000173,2556,2348,208
121000174,1316,1010,306
121000175,2808,1589,1219
121000176,1290,556,734
121000177,1144,1345,-201
121000178,96,182,-86
121000179,77,120,-43
121000181,497,546,-49
121000182,446,782,-336
121000183,70,308,-238
121000184,25,507,-482
121000185,49,810,-761
121000186,552,1616,-1064
121000187,417,109,308
121000188,592,105,487
121000192,1188,563,625
121000193,1121,490,631
121000194,3099,3488,-389
121000195,465,2440,-1975
121000196,977,1044,-67
121000197,158,2826,-2668
121000198,267,563,-296
121000199,262,1023,-761
121000200,957,398,559
121000201,23,802,-779
121000202,780,371,409
121000203,1120,2596,-1476
121000204,4822,1082,3740
121000205,160,343,-183
121000206,148,207,-59
121000207,3433,662,2771
121000208,3,347,-344
121000209,1403,97,1306
121000210,1131,540,591
121000211,971,221,750
121000212,620,1026,-406
121000213,28550,5229,23321
121000214,2514,3486,-972
121000215,942,4712,-3770
121000216,829,1257,-428
121000217,6218,5518,700
121000218,647,4513,-3866
121000219,2715,1720,995
121000220,419,165,254
121000221,367,1348,-981
121000222,9623,6281,3342
121000223,359,1489,-1130
121000224,331,1002,-671
121000225,891,8960,-8069
121000226,1141,3819,-2678
121000227,18,183,-165
121000228,51,1153,-1102
121000229,818,938,-120
121000230,112,5136,-5024
121000231,3186,16,3170
121000232,996,421,575
121000233,1184,588,596
121000234,16,78,-62
121000235,31,94,-63
121000236,13,31,-18
121000237,29,30,-1
121000238,3,61,-58
121000239,110,5,105
121000240,13,145,-132
121000241,129,20,109
121000242,32,311,-279
121000243,196,66,130
121000244,3,30,-27
121000245,31,17,14
121000246,0,93,-93
121000247,167,11,156
121000248,680,573,107
121000249,145,695,-550
121000250,906,1084,-178
121000251,14,334,-320
121000252,171,254,-83
121000253,643,1692,-1049
121000254,1278,732,546
121000255,205,963,-758
121000256,530,796,-266
121000257,44,274,-230
121000258,55,454,-399
121000259,23,274,-251
121000260,20,414,-394
121000261,54,452,-398
121000262,4563,564,3999
121000263,561,721,-160
121000271,2075,2599,-524
121000273,78,46,32
121000274,22,426,-404
121000275,1,56,-55
121000276,20,144,-124
121000278,124,136,-12
121000279,77,186,-109
121000280,58,248,-190
121000289,930,15,915
121000290,3046,2888,158
121000294,462,64,398
121000297,446,1741,-1295
121000299,185,9245,-9060
121000300,3558,1256,2302
121000302,17,1019,-1002
121000303,883,388,495
121000304,684,120,564
121000305,432,176,256
121000306,375,630,-255
121000308,55,356,-301
121000309,234,571,-337
121000310,115,475,-360
121000311,66,425,-359
121000312,1013,755,258
121000313,525,327,198
121000314,32,56,-24
121000315,6,61,-55
121000530,3331,3647,-316
121000531,3397,2540,857
121000532,7380,6712,668
121000533,4708,5119,-411
121000918,12,77,-65
121000919,40,163,-123
121000938,130,63,67
121000939,25,371,-346
121000956,2217,2918,-701
121000957,8,128,-120
121000958,5,748,-743
121000959,2401,418,1983
121000960,2710,1549,1161
121000961,672,120,552
121000962,377,451,-74
121000973,1,545,-544
121000976,18,105,-87
121000979,658,280,378
121000981,760,102,658
121000982,741,354,387
121000983,1088,200,888
121000984,3,176,-173
121000985,1512,819,693
121000986,1214,539,675
121000987,390,912,-522
121000988,1845,161,1684
121001302,480,209,271
121001308,1,158,-157
121001309,55,385,-330
121001313,398,91,307
121001314,2812,2061,751
121001315,7680,5062,2618
121900001,210,629,-419
121900002,38,305,-267
121900003,404,21,383
121900004,36,2408,-2372
121900005,25,3,22
121900006,199,35,164
121900007,3852,2507,1345
121900008,38,174,-136
121900009,2309,58,2251
121900010,376,1,375
121900011,328,127,201
121900012,2,1,1
121900013,329,171,158
121900014,6921,643,6278
121900015,180,304,-124
121900016,25,102,-77
121900017,871,1726,-855
121900018,971,7,964
121900019,1048,218,830
121900020,96,2,94
121900021,2064,95,1969
121900022,336,384,-48
121900023,454,703,-249
121900024,1057,38,1019
121900025,954,1066,-112
121900026,735,165,570
121900027,555,390,165
121900028,466,27,439
121900029,171,841,-670
121900030,517,923,-406
121900031,2933,9575,-6642
121900032,219,174,45
121900033,191,511,-320
121900034,206,957,-751
121900035,13612,6050,7562
121900036,295,789,-494
121900037,127,2085,-1958
121900038,109,196,-87
121900039,283,38,245
121900040,52,88,-36
121900041,37,313,-276
121900042,707,266,441
121900043,0,13,-13
121900044,102,53,49
121900046,194,346,-152
121900047,209,177,32
121900048,120,136,-16
121900050,32,128,-96
121900051,210,502,-292
121900052,304,90,214
121900053,606,409,197
121900054,375,3204,-2829
121900055,3,14,-11
121900058,672,863,-191
121900059,479,241,238
121900060,227,975,-748
121900061,259,173,86
121900062,140,73,67
121900063,2337,1063,1274
121900064,554,1240,-686
121900066,129,23,106
121900067,86,58,28
121900069,214,475,-261
121900070,168,339,-171
121900071,1243,659,584
121900072,43,298,-255
121900073,275,585,-310
121900074,581,777,-196
121900075,342,1427,-1085
121900076,561,2904,-2343
121900077,30,16,14
121900078,208,46,162
121900079,2,0,2
121900080,1375,410,965
121900082,125,159,-34
121900084,32,43,-11
121900085,2,7,-5
121900086,25,37,-12
121900087,100,203,-103
121900088,2127,2846,-719
121900089,632,352,280
121900090,6,39,-33
121900091,124,68,56
121900092,207,95,112
121900093,76,77,-1
121900094,16,30,-14
121900095,663,159,504
121900096,1430,1201,229
121900097,1227,173,1054
121900098,38,6,32
121900099,415,42,373
121900100,99,138,-39
121900101,101,170,-69
121900102,7,144,-137
121900103,585,466,119
121900104,3272,639,2633
121900105,317,209,108
121900106,8,7,1
121900107,209,46,163
121900108,0,23,-23
121900109,254,187,67
121900110,1275,715,560
121900111,1120,681,439
121900112,133,264,-131
121900113,111,880,-769
121900114,65,107,-42
121900117,234,730,-496
121900118,4408,1444,2964
121900119,197,80,117
121900120,370,1234,-864
121900121,1038,23,1015
121900122,72,50,22
121900123,494,512,-18
121900124,431,257,174
121900125,6052,2364,3688
121900127,4,219,-215
121900128,114,100,14
121900129,393,133,260
121900130,139,667,-528
121900131,513,169,344
121900132,72,137,-65
121900133,25,772,-747
121900134,22,763,-741
121900135,7409,616,6793
121900136,364,565,-201
121900137,33,482,-449
121900138,52,468,-416
121900139,513,5504,-4991
121900140,79,64,15
121900141,71,104,-33
121900142,99,75,24
121900143,33,121,-88
121900144,218,1218,-1000
121900145,170,231,-61
121900146,602,1062,-460
121900147,52,709,-657
121900148,420,744,-324
121900149,452,457,-5
121900150,52,485,-433
121900151,29,681,-652
121900152,290,70,220
121900153,22,189,-167
121900154,38,677,-639
121900155,3,819,-816
121900156,213,281,-68
121900157,3,406,-403
121900158,103,192,-89
121900159,0,126,-126
121900160,74,242,-168
121900161,194,798,-604
121900162,86,353,-267
121900163,790,185,605
121900164,210,427,-217
121900165,242,378,-136
121900166,135,223,-88
121900167,53,54,-1
121900168,143,83,60
121900169,55,618,-563
121900170,26,155,-129
121900171,1454,1216,238
121900172,1121,637,484
121900173,1281,748,533
121900174,107,36,71
121900175,104,2199,-2095
121900176,969,3624,-2655
121900177,225,114,111
121900178,125,123,2
121900179,509,705,-196
121900180,2522,8382,-5860
121900182,1000,1833,-833
121900183,280,2277,-1997
121900184,39,1574,-1535
121900186,7,806,-799
121900187,23,199,-176
121900188,2990,228,2762
121900189,263,81,182
121900190,356,840,-484
121900191,47,909,-862
121900192,374,4457,-4083
121900193,84,527,-443
121900194,6,283,-277
121900195,11,64,-53
121900196,1945,1412,533
121900197,401,1544,-1143
121900198,5999,4291,1708
121900199,5,33,-28
121900200,45,403,-358
121900201,2150,1162,988
121900202,410,1713,-1303
121900203,172,2275,-2103
121900204,3739,1965,1774
121900205,25,149,-124
121900206,19,331,-312
121900207,51,138,-87
121900208,145,1251,-1106
121900209,88,101,-13
121900210,3554,1874,1680
121900211,1325,603,722
121900212,35,241,-206
121900213,827,37,790
121900214,10,711,-701
121900215,92,441,-349
121900216,18,671,-653
121900217,540,429,111
121900218,155,1120,-965
121900220,93,37,56
121900221,1126,736,390
121900222,634,99,535
121900223,181,303,-122
121900224,193,228,-35
121900225,226,1488,-1262
121900226,429,23,406
121900227,496,5735,-5239
121900228,311,157,154
121900230,70,721,-651
121900231,47,2495,-2448
121900232,237,1214,-977
121900233,1268,304,964
121900234,435,769,-334
121900235,1130,213,917
121900236,472,376,96
121900237,356,1665,-1309
121900238,331,916,-585
121900239,148,104,44
121900240,207,333,-126
121900241,60,57,3
121900242,45,0,45
121900243,11,1,10
121900244,8,5,3
121900245,892,86,806
121900246,12037,832,11205
121900247,940,328,612
121900248,3330,1067,2263
121900250,164,452,-288
121900251,1150,33,1117
121900252,553,189,364
121900253,159,2294,-2135
121900254,313,526,-213
121900255,1075,326,749
121900258,8310,2146,6164
121900259,124,820,-696
121900260,316,267,49
121900261,131,1172,-1041
121900262,1171,2253,-1082
121900263,357,228,129
121900264,1296,950,346
121900265,769,256,513
121900266,1052,191,861
121900267,400,27,373
121900269,713,1606,-893
121900270,94,332,-238
121900271,46,352,-306
121900273,598,3087,-2489
121900274,655,423,232
121900277,329,2285,-1956
121900278,150,4459,-4309
121900279,275,305,-30
121900280,116,450,-334
121900281,169,759,-590
121900284,33,2,31
121900286,306,182,124
121900287,6,75,-69
121900288,2,1,1
121900290,283,2723,-2440
121900291,617,2890,-2273
121900292,243,249,-6
121900293,1149,12717,-11568
121900294,686,13,673
121900295,276,145,131
121900296,139,385,-246
121900298,172,2182,-2010
121900299,0,26,-26
121900300,94,32,62
121900301,39,1,38
121900302,5,120,-115
121900303,206,1628,-1422
121900304,72,40,32
121900305,58,56,2
121900306,650,3,647
121900307,409,18,391
121900308,18,275,-257
121900309,6,365,-359
121900310,11,181,-170
121900311,934,45,889
121900312,775,34,741
121900313,717,42,675
121900314,4,11,-7
121900315,104,1,103
121900316,0,12,-12
121900317,25,10,15
121900318,2,2,0
121900319,123,391,-268
121900320,137,16,121
121900321,32,0,32
121900322,7,14,-7
121900323,94,31,63
121900324,2,110,-108
121900325,58,1,57
121900326,0,2,-2
121900327,17,61,-44
121900328,0,36,-36
121900329,1,51,-50
121900330,1,65,-64
121900331,32,88,-56
121900332,75,31,44
121900333,161,2,159
121900334,90,48,42
122000001,1979,5100,-3121
122000002,3070,1223,1847
122000003,1186,2632,-1446
122000004,1312,1307,5
122000005,10247,2642,7605
122000006,609,1652,-1043
122000007,720,1992,-1272
122000008,1484,3871,-2387
122000009,747,741,6
122000010,3195,3693,-498
122000011,8425,3067,5358
122000012,1100,5317,-4217
122000013,676,2895,-2219
122000014,8157,2731,5426
122000015,1604,1244,360
122000016,523,709,-186
122000017,1976,2160,-184
122000018,5117,3409,1708
122000019,1262,4192,-2930
122000020,283,968,-685
122000021,163,481,-318
122000022,1867,2738,-871
122000023,1795,3644,-1849
122000024,486,4369,-3883
122000025,653,5201,-4548
122000026,366,1375,-1009
122000027,1312,1101,211
122000028,3812,1379,2433
122000029,264,2868,-2604
122000030,186,481,-295
122000031,323,916,-593
122000032,8100,4137,3963
122000033,498,5657,-5159
122000034,291,2039,-1748
122000035,359,672,-313
122000036,577,1650,-1073
122000037,1749,357,1392
122000038,269,816,-547
122000039,610,1484,-874
122000040,256,556,-300
122000041,2531,1623,908
122000042,647,1337,-690
122000043,99,342,-243
122000044,83,223,-140
122000045,3400,1606,1794
122000046,1310,2616,-1306
122000047,74,458,-384
122000048,2371,6007,-3636
122000049,10626,5892,4734
122000050,742,1012,-270
122000051,312,794,-482
122000052,736,702,34
122000053,452,1711,-1259
122000054,2215,4382,-2167
122000055,1964,4713,-2749
122000056,4687,2825,1862
122000057,6449,4221,2228
122000058,903,2069,-1166
122000059,893,4303,-3410
122000060,319,1419,-1100
122000061,169,1001,-832
122000062,668,328,340
122000063,238,1680,-1442
122000064,3618,9300,-5682
122000065,2931,6693,-3762
122000066,916,5164,-4248
122000067,2126,3402,-1276
122000068,9252,2389,6863
122000069,2928,2439,489
122000070,3436,2473,963
122000071,6561,1940,4621
122000072,2500,1259,1241
122000073,197,2590,-2393
122000074,3457,3165,292
122000075,1892,1593,299
122000076,12352,3246,9106
122000077,764,3169,-2405
122000078,471,3686,-3215
122000079,245,4253,-4008
122000080,580,894,-314
122000081,177,530,-353
122000082,325,1792,-1467
122000083,17489,1398,16091
122000084,6935,3043,3892
122000085,441,1495,-1054
122000086,5683,14010,-8327
122000087,334,328,6
122000088,55,351,-296
122000089,10923,4794,6129
122000090,1429,3344,-1915
122000091,145,2399,-2254
122000092,26,160,-134
122000093,2345,9562,-7217
122000094,11646,4901,6745
122000095,1093,9718,-8625
122000096,535,5535,-5000
122000098,7253,6085,1168
122000099,575,3695,-3120
122000100,833,1038,-205
122000101,399,877,-478
122000102,8318,2362,5956
122000103,1624,4269,-2645
122000104,2740,228,2512
122000105,369,927,-558
122000106,890,2855,-1965
122000107,1899,623,1276
122000108,1183,1082,101
122000109,588,336,252
122000110,1150,896,254
122000111,4559,2139,2420
122000112,2904,2561,343
122000113,852,1261,-409
122000114,1798,6396,-4598
122000115,3299,1881,1418
122000116,324,790,-466
122000117,1969,612,1357
122000118,1094,595,499
122000119,3401,1643,1758
122000120,959,3416,-2457
122000121,853,2062,-1209
122000122,308,857,-549
122000123,1323,2158,-835
122000124,800,535,265
122000125,536,754,-218
122000126,409,645,-236
122000127,378,585,-207
122000128,263,449,-186
122000129,504,3410,-2906
122000130,4187,1325,2862
122000131,1644,1374,270
122000132,323,544,-221
122000133,1149,939,210
122000134,1784,896,888
122000135,635,233,402
122000136,1157,717,440
122000137,4116,1654,2462
122000139,1134,5828,-4694
122000140,177,3077,-2900
122000141,10265,5569,4696
122000142,216,6783,-6567
122000143,362,524,-162
122000144,2792,2361,431
122000145,1008,2160,-1152
122000146,652,6365,-5713
122000147,537,1899,-1362
122000148,340,2194,-1854
122000149,2693,1195,1498
122000150,2187,1485,702
122000151,163,487,-324
122000152,594,605,-11
122000153,696,873,-177
122000154,484,276,208
122000155,1609,4227,-2618
122000156,16657,7220,9437
122000157,721,17067,-16346
122000158,447,2337,-1890
122000159,1127,1855,-728
122000160,2631,2100,531
122000161,1392,1137,255
122000162,1526,1242,284
122000163,789,275,514
122000164,82,430,-348
122000165,1638,2696,-1058
122000166,1083,4256,-3173
122000167,492,1341,-849
122000168,424,2184,-1760
122000169,641,465,176
122000170,445,641,-196
122000171,32,179,-147
122000172,3992,2392,1600
122000173,2532,5162,-2630
122000174,1397,3258,-1861
122000175,890,680,210
122000176,594,2796,-2202
122000177,994,2607,-1613
122000178,8699,6269,2430
122000179,4867,5232,-365
122000180,846,1423,-577
122000181,845,1978,-1133
122000182,2142,1789,353
122000183,4070,1515,2555
122000184,4592,4165,427
122000185,1641,5351,-3710
122000186,1231,4139,-2908
122000187,2531,2982,-451
122000188,580,610,-30
122000189,342,543,-201
122000190,759,2955,-2196
122000191,1103,1193,-90
122000192,1571,743,828
122000193,770,1713,-943
122000194,801,559,242
122000195,198,2399,-2201
122000196,1456,492,964
122000197,601,1163,-562
122000198,663,5047,-4384
122000199,567,781,-214
122000200,1071,1273,-202
122000201,1902,5064,-3162
122000202,1183,3560,-2377
122000203,2867,2030,837
122000204,1502,1689,-187
122000205,983,883,100
122000206,11190,1962,9228
122000207,2545,4071,-1526
122000208,3047,5771,-2724
122000209,3618,1497,2121
122000210,2629,6077,-3448
122000211,1422,3587,-2165
122000212,1240,719,521
122000213,1341,2973,-1632
122000214,2756,2850,-94
122000215,4281,2644,1637
122000217,2051,4720,-2669
122000218,1206,142,1064
122000219,2910,1657,1253
122000220,337,1136,-799
122000221,368,596,-228
122000222,837,155,682
122000223,835,1069,-234
122000225,730,887,-157
122000226,1606,1655,-49
122000227,280,1991,-1711
122000228,268,401,-133
122000229,20,615,-595
122000230,50,504,-454
122000231,394,818,-424
122000232,737,664,73
122000233,0,79,-79
122000234,805,89,716
122000235,998,138,860
122000236,2296,77,2219
122000237,207,103,104
122000238,398,936,-538
122000239,1123,532,591
122000240,1627,750,877
122000241,4488,939,3549
122000242,829,199,630
122000243,805,91,714
122000244,90,585,-495
122000245,146,92,54
122000246,720,303,417
122000247,864,540,324
122000248,2138,985,1153
122000249,2499,1649,850
122000250,3966,1894,2072
122000251,84,284,-200
122000252,224,95,129
122000253,119,168,-49
122000254,613,98,515
122000255,546,919,-373
122000256,307,621,-314
122000257,627,118,509
122000258,353,459,-106
122000259,65,623,-558
122000260,12,53,-41
122000261,24,537,-513
122000262,0,18,-18
122000263,434,464,-30
122000264,2747,871,1876
122000265,5157,2228,2929
122000266,5949,1261,4688
122000267,112,192,-80
122000268,263,570,-307
122000269,1478,572,906
122000270,979,651,328
122000271,246,6132,-5886
122000272,570,1844,-1274
122000273,780,711,69
122000274,432,382,50
122000275,62,370,-308
122000276,1891,746,1145
122000277,1449,2477,-1028
122000278,2713,336,2377
122000279,305,372,-67
122000280,845,723,122
122000281,589,483,106
122000282,130,440,-310
122000283,263,261,2
122000284,123,183,-60
122000285,537,96,441
122000286,117,163,-46
122000287,2686,1655,1031
122000288,723,390,333
122000291,5459,1178,4281
122000293,298,134,164
122000294,227,644,-417
122000295,1685,226,1459
122000296,50,1910,-1860
122000297,2842,5261,-2419
122000299,971,490,481
122000300,565,588,-23
122000301,13106,4631,8475
122000302,755,6671,-5916
122000303,2969,1242,1727
122000304,47,300,-253
122000305,2893,668,2225
122000306,205,355,-150
122000307,188,190,-2
122000309,71,62,9
122000310,28,129,-101
122000311,49,178,-129
122000312,167,287,-120
122000313,55,178,-123
122000314,341,685,-344
122000315,382,80,302
122000316,2075,531,1544
122000317,4327,452,3875
122000318,401,2922,-2521
122000319,120,509,-389
122000320,523,1436,-913
122000321,128,300,-172
122000322,2538,3236,-698
122000323,721,3598,-2877
122000324,2719,3800,-1081
122000325,1083,5698,-4615
122000326,215,131,84
122000327,510,2424,-1914
122000328,668,1748,-1080
122000330,4583,4021,562
122000332,463,733,-270
122000333,27,48,-21
122000337,1588,470,1118
122000338,822,302,520
122000340,385,6661,-6276
122000342,2865,1105,1760
122000343,763,511,252
122000344,272,7,265
122000345,23,31,-8
122000346,226,171,55
122000348,774,1014,-240
122000349,84,809,-725
122000351,448,451,-3
122000352,236,246,-10
122000353,224,117,107
122000355,243,504,-261
122000356,300,4044,-3744
122000357,98,24,74
122000358,2,17,-15
122000359,0,21,-21
122000360,2,6,-4
122000362,8,32,-24
122000364,461,241,220
122000365,7,78,-71
122000366,28,16,12
122000368,649,991,-342
122000370,42,16,26
122000371,88,0,88
122000372,11,2,9
122000381,386,647,-261
122000382,99,280,-181
122000384,1491,1838,-347
122000385,202,1,201
122000386,159,3217,-3058
122000387,555,3445,-2890
122000388,1749,3190,-1441
122000389,475,2489,-2014
122000390,380,1529,-1149
122000391,108,2479,-2371
122000392,245,269,-24
122000393,82,174,-92
122000394,1283,335,948
122000395,233,224,9
122000396,557,177,380
122000397,30,114,-84
122000398,22,301,-279
122000399,222,85,137
122000400,57,2729,-2672
122000401,208,120,88
122000402,769,264,505
122000403,956,632,324
122000404,451,347,104
122000408,578,903,-325
122000503,10,160,-150
122000524,80,941,-861
122000544,85,4401,-4316
122000616,219,0,219
122000640,183,55,128
122000641,314,237,77
122000642,2464,600,1864
122000643,66,477,-411
122000644,332,113,219
122000645,32,251,-219
122000651,507,4683,-4176
122000664,331,199,132
122000665,3053,1130,1923
122000666,633,1126,-493
122000673,60,262,-202
122000674,972,489,483
122000675,3843,965,2878
122000686,797,4293,-3496
122000687,3189,436,2753
122000688,450,914,-464
122000689,1957,541,1416
122000690,5550,1185,4365
122000691,1595,1471,124
122000692,1672,346,1326
122000693,410,976,-566
122000695,583,428,155
122000696,1253,300,953
122000698,765,317,448
122000699,822,108,714
122000701,4908,296,4612
122000702,782,1703,-921
122000703,405,195,210
122000712,0,0,0
122000717,154,139,15
122000718,341,4171,-3830
122000719,48,244,-196
122000720,1342,246,1096
122000724,119,11,108
122900001,32,33,-1
122900002,1072,11314,-10242
122900003,933,43,890
122900004,2239,177,2062
122900005,34,148,-114
122900006,398,979,-581
122900007,82,141,-59
122900008,227,150,77
122900009,1708,516,1192
122900010,387,182,205
122900012,275,552,-277
122900014,144,135,9
122900015,1690,1149,541
122900016,304,243,61
122900017,384,3599,-3215
122900018,345,11,334
122900019,23,111,-88
122900020,320,394,-74
122900021,92,578,-486
122900022,2327,1263,1064
122900023,1542,242,1300
122900024,102,187,-85
122900025,9,387,-378
122900026,17,190,-173
122900027,50,976,-926
122900028,95,76,19
122900029,14012,2992,11020
122900030,6962,755,6207
122900031,20,672,-652
122900032,2038,695,1343
122900033,256,281,-25
122900034,7766,6692,1074
122900035,26,7,19
122900036,126,82,44
122900037,725,1132,-407
122900038,108,4524,-4416
122900039,75,656,-581
122900040,326,2526,-2200
122900041,234,585,-351
122900042,287,402,-115
122900043,601,725,-124
122900044,183,609,-426
122900045,208,627,-419
122900046,161,542,-381
122900047,89,225,-136
122900048,42,493,-451
122900049,7350,261,7089
122900051,69,2365,-2296
122900052,225,94,131
122900053,9,30,-21
122900055,494,130,364
122900057,540,38,502
122900061,893,64,829
122900062,879,1283,-404
122900063,400,174,226
122900064,1078,416,662
122900065,927,297,630
122900066,1030,345,685
122900067,968,520,448
122900068,128,283,-155
122900069,702,3139,-2437
122900070,473,121,352
122900071,142,472,-330
122900072,42,442,-400
122900073,21,164,-143
122900074,1507,188,1319
122900075,4,409,-405
122900076,4,667,-663
122900077,14,75,-61
122900078,354,28,326
122900080,28,64,-36
122900081,201,582,-381
122900082,1740,154,1586
122900083,146,56,90
122900084,4,170,-166
122900086,20,148,-128
122900087,621,581,40
122900088,46,1099,-1053
122900089,45,608,-563
122900090,10,318,-308
122900091,613,4,609
122900092,0,226,-226
122900093,0,107,-107
122900094,1,175,-174
122900095,319,40,279
122900096,789,309,480
122900097,23,77,-54
122900098,16,137,-121
122900099,174,43,131
122900100,103,1127,-1024
122900101,765,368,397
122900102,73,70,3
122900103,533,10,523
122900104,512,31,481
122900105,29,15,14
122900106,3,62,-59
122900107,1,121,-120
122900108,2,182,-180
123000001,889,1871,-982
123000002,2941,9206,-6265
123000003,8092,7020,1072
123000004,5094,4726,368
123000005,5620,3157,2463
123000006,4567,2466,2101
123000007,5648,3185,2463
123000008,4257,4101,156
123000009,5846,5284,562
123000010,4081,7949,-3868
123000011,2264,3781,-1517
123000012,1003,9643,-8640
123000013,9249,2704,6545
123000014,1118,5029,-3911
123000015,4308,1735,2573
123000016,3631,4031,-400
123000017,6572,2854,3718
123000018,165,198,-33
123000019,1306,54,1252
123000020,966,36,930
123000021,425,681,-256
123000022,1171,3370,-2199
123000023,3846,5463,-1617
123000024,3001,1958,1043
123000025,494,122,372
123000026,38,235,-197
123000027,52,1473,-1421
123000028,439,2946,-2507
123000029,410,1823,-1413
123000030,365,322,43
123000031,754,284,470
123000032,1385,288,1097
123000033,701,399,302
123000034,1915,1222,693
123000035,538,871,-333
123000036,281,2400,-2119
123000037,385,202,183
123000038,79,599,-520
123000039,860,2359,-1499
123000040,657,292,365
123000041,737,2461,-1724
123000042,499,2007,-1508
123000043,2311,24257,-21946
123000044,3348,3504,-156
123000045,6473,3031,3442
123000046,291,1649,-1358
123000047,582,1905,-1323
123000048,80,2543,-2463
123000049,7112,14647,-7535
123000050,4109,2682,1427
123000051,118,434,-316
123000052,1260,4519,-3259
123000053,4065,3686,379
123000054,4919,2893,2026
123000055,3201,8774,-5573
123000056,1994,782,1212
123000057,5273,8593,-3320
123000058,1064,2632,-1568
123000059,332,589,-257
123000060,1873,558,1315
123000061,384,687,-303
123000063,2478,1926,552
123000064,2710,307,2403
123000065,5826,4205,1621
123000066,735,758,-23
123000067,2077,680,1397
123000068,2409,2747,-338
123000069,4060,1534,2526
123000070,259,765,-506
123000071,4074,1046,3028
123000072,1988,793,1195
123000073,4637,1250,3387
123000074,2161,1930,231
123000075,705,3486,-2781
123000076,1703,671,1032
123000077,3818,1796,2022
123000078,5672,1858,3814
123000079,5242,2659,2583
123000080,5153,1378,3775
123000081,429,704,-275
123000082,573,1109,-536
123000083,2420,292,2128
123000084,1785,699,1086
123000085,1076,227,849
123000086,2435,223,2212
123000087,890,273,617
123000088,2548,625,1923
123000089,2257,1710,547
123000090,3089,1321,1768
123000091,3752,2356,1396
123000092,1662,2163,-501
123000094,1620,278,1342
123000095,2028,1061,967
123000096,2569,575,1994
123000097,1728,414,1314
123000098,2213,746,1467
123000099,1737,475,1262
123000100,450,1337,-887
123000101,480,565,-85
123000102,948,1662,-714
123000104,719,692,27
123000105,609,383,226
123000106,1107,592,515
123000107,509,461,48
123000108,1013,1420,-407
123000111,2255,515,1740
123000112,2613,693,1920
123000113,1131,1233,-102
123000114,608,1074,-466
123000115,632,614,18
123000116,92,222,-130
123000117,4579,2190,2389
123000118,1076,685,391
123000119,427,575,-148
123000120,450,1020,-570
123000121,1092,1333,-241
123000122,622,508,114
123000123,1019,891,128
123000124,759,548,211
123000125,2640,1612,1028
123000126,1714,9054,-7340
123000127,596,614,-18
123000128,469,446,23
123000129,1743,280,1463
123000130,1947,121,1826
123000131,2998,1421,1577
123000132,562,1204,-642
123000133,260,571,-311
123000134,454,176,278
123000135,4876,1447,3429
123000136,372,559,-187
123000137,266,311,-45
123000138,324,460,-136
123000139,1214,410,804
123000140,49,581,-532
123000141,1168,230,938
123000142,1548,1092,456
123000143,1204,2891,-1687
123000144,16,71,-55
123000145,242,405,-163
123000146,26,352,-326
123000147,93,430,-337
123000149,545,658,-113
123000150,164,412,-248
123000151,275,842,-567
123000152,20,595,-575
123000153,135,1267,-1132
123000154,1789,2927,-1138
123000155,2878,2612,266
123000156,57,162,-105
123000157,1268,1479,-211
123000158,806,1395,-589
123000159,4913,7953,-3040
123000160,2067,2510,-443
123000161,2422,1850,572
123000162,3295,3342,-47
123000163,1465,428,1037
123000164,4085,351,3734
123000165,365,1319,-954
123000166,37,124,-87
123000167,294,349,-55
123000168,700,269,431
123000169,2114,203,1911
123000170,147,82,65
123000171,2692,56,2636
123000172,148,722,-574
123000173,1224,477,747
123000174,1480,781,699
123000175,546,1172,-626
123000176,1656,559,1097
123000177,603,1136,-533
123000178,1822,293,1529
123000179,49,1006,-957
123000180,2825,617,2208
123000181,390,836,-446
123000182,377,350,27
123000183,284,692,-408
123000184,62,858,-796
123000185,1926,908,1018
123000186,20,341,-321
123000187,1159,18,1141
123000188,759,1,758
123000189,366,163,203
123000190,126,66,60
123000192,5,426,-421
123000193,16,706,-690
123000194,348,244,104
123000195,783,16,767
123000196,951,78,873
123000197,160,202,-42
123000198,192,235,-43
123000199,69,363,-294
123000200,1305,7,1298
123000201,2642,57,2585
123000202,27,385,-358
123000203,2407,71,2336
123000204,77,466,-389
123000205,187,668,-481
123000206,4982,282,4700
123000207,74,815,-741
123000208,1405,174,1231
123000209,3049,931,2118
123000210,103,1700,-1597
123000211,563,1811,-1248
123000212,7739,562,7177
123000213,1044,55,989
123000215,108,380,-272
123000216,257,2415,-2158
123000217,362,50,312
123000218,41,776,-735
123000219,961,176,785
123000220,1130,241,889
123000221,267,568,-301
123000222,684,524,160
123000223,1123,335,788
123000224,908,458,450
123000225,539,84,455
123000226,165,546,-381
123000227,148,215,-67
123000228,618,39,579
123000229,855,1533,-678
123000232,239,652,-413
123000233,1513,159,1354
123000234,176,735,-559
123000235,2460,401,2059
123000236,455,668,-213
123000237,824,221,603
123000238,63,452,-389
123000239,503,917,-414
123000240,132,2021,-1889
123000241,950,310,640
123000242,236,547,-311
123000243,1107,1233,-126
123000244,918,611,307
123000245,67,215,-148
123000249,658,1086,-428
123000252,1432,677,755
123000253,2900,1134,1766
123000254,1079,831,248
123000255,1513,1120,393
123000256,47,214,-167
123000257,3695,1788,1907
123000258,1507,815,692
123000259,1052,679,373
123000260,1215,385,830
123000261,627,295,332
123000262,73,229,-156
123000263,1023,146,877
123000264,231,90,141
123000265,43,172,-129
123000266,703,549,154
123000267,1245,526,719
123000268,81,66,15
123000269,62,202,-140
123000270,55,145,-90
123000271,49,65,-16
123000272,1074,409,665
123000273,519,1834,-1315
123000274,1986,1719,267
123000275,300,1176,-876
123000278,2637,7249,-4612
123000279,382,152,230
123000280,536,474,62
123000281,548,364,184
123000282,183,625,-442
123000283,339,231,108
123000284,96,114,-18
123000286,141,1028,-887
123000287,606,824,-218
123000288,998,2353,-1355
123000289,244,2984,-2740
123000291,167,2043,-1876
123000294,177,299,-122
123000295,860,2030,-1170
123000296,1168,938,230
123000297,1594,554,1040
123000298,2236,540,1696
123000299,180,133,47
123000300,2768,1724,1044
123000301,209,786,-577
123000302,287,135,152
123000303,123,738,-615
123000305,1735,1488,247
123000306,400,76,324
123000309,96,184,-88
123000310,156,123,33
123000311,3,349,-346
123000312,685,510,175
123000313,963,1028,-65
123000315,257,438,-181
123000316,1440,680,760
123000317,361,274,87
123000318,109,416,-307
123000329,1,21,-20
123000337,414,269,145
123000338,116,293,-177
123000339,632,32,600
123000340,134,445,-311
123000342,14,137,-123
123000343,378,44,334
123000344,692,210,482
123000345,607,517,90
123000346,1172,138,1034
123000352,2223,1516,707
123000353,166,148,18
123000354,805,17,788
123000355,2,367,-365
123000356,886,22,864
123000357,10,130,-120
123000359,27,60,-33
123000360,381,541,-160
123000361,660,353,307
123000362,650,221,429
123000363,297,262,35
123000364,880,830,50
123000365,37,570,-533
123000366,506,6389,-5883
123000367,578,834,-256
123000370,60,858,-798
123000371,983,315,668
123000372,776,135,641
123000373,46,380,-334
123000374,26,146,-120
123000375,965,71,894
123000376,1711,1751,-40
123000377,1277,35,1242
123000378,12,317,-305
123000379,3,578,-575
123000380,30,509,-479
123000381,88,316,-228
123000382,1135,206,929
123000383,170,1370,-1200
123000384,1477,432,1045
123000385,399,1229,-830
123000436,120,2497,-2377
123000507,74,158,-84
123000508,217,2296,-2079
123000517,338,21,317
123000518,32,132,-100
123000519,351,147,204
123000520,45,81,-36
123000521,1257,115,1142
123000522,340,268,72
123000541,16,7,9
123000542,0,6,-6
123000565,1183,66,1117
123000566,822,106,716
123000567,266,91,175
123000573,93,878,-785
123000574,1644,130,1514
123000575,3849,638,3211
123000576,1165,1140,25
123000577,124,1661,-1537
123000578,933,310,623
123000579,1220,12755,-11535
123000580,234,127,107
123000582,1038,34,1004
123000583,28,607,-579
123000584,380,405,-25
123000585,1,53,-52
123000586,448,0,448
123000596,107,112,-5
123000597,138,272,-134
123000602,256,23,233
123000603,2786,554,2232
123000604,1551,452,1099
123000605,1499,134,1365
123000606,1,1118,-1117
123000609,48,599,-551
123000610,169,92,77
123000613,174,190,-16
123000614,690,93,597
123000615,175,112,63
123000616,1788,74,1714
123000617,137,147,-10
123000618,35,710,-675
123000619,615,46,569
123000620,34,376,-342
123000622,833,4,829
123000624,448,109,339
123000630,4154,988,3166
123000631,422,659,-237
123000632,1186,1080,106
123000633,2,293,-291
123000634,76,930,-854
123000635,126,258,-132
123000636,117,680,-563
123000637,284,24,260
123000638,1312,73,1239
123000639,1439,12345,-10906
123000640,10,491,-481
123000648,961,174,787
123000649,27,678,-651
123900001,1534,145,1389
123900002,34,2724,-2690
123900003,186,783,-597
123900005,557,491,66
123900006,960,279,681
124000001,3057,301,2756
124000002,54,1605,-1551
124000003,2308,242,2066
124000004,110,505,-395
124000005,1968,2689,-721
124000006,290,600,-310
124000007,1918,198,1720
124000008,7,738,-731
124000009,1210,931,279
124000010,603,653,-50
124000011,1654,1833,-179
124000012,382,410,-28
124000017,527,210,317
124000018,167,89,78
124000019,606,255,351
124000020,61,164,-103
124000021,258,143,115
124000022,84,255,-171
124000023,2559,2191,368
124000024,1560,561,999
124000025,2033,2355,-322
124000026,1327,1189,138
124000027,4674,4605,69
124000028,1796,4224,-2428
124000030,2116,1449,667
124000031,1580,14507,-12927
124000032,1819,790,1029
124000033,1130,1578,-448
124000034,1566,1051,515
124000035,689,326,363
124000036,198,707,-509
124000037,472,1086,-614
124000038,20,182,-162
124000039,438,328,110
124000040,239,1055,-816
124000041,1153,235,918
124000042,224,364,-140
124000043,253,191,62
124000044,68,197,-129
124000045,3012,573,2439
124000046,308,783,-475
124000047,5068,757,4311
124000048,1372,763,609
124000049,3074,589,2485
124000050,1216,1077,139
124000051,1966,558,1408
124000052,1043,733,310
124000053,467,4077,-3610
124000054,770,315,455
124000055,1512,10469,-8957
124000056,1773,940,833
124000057,2995,504,2491
124000058,1372,1236,136
124000059,2219,2113,106
124000060,651,617,34
124000061,2128,9704,-7576
124000062,3560,1551,2009
124000063,1472,957,515
124000064,1822,1231,591
124000065,58,1468,-1410
124000066,240,157,83
124000067,252,227,25
124000068,187,330,-143
124000069,1059,173,886
124000070,901,253,648
124000071,211,216,-5
124000072,422,491,-69
124000073,1567,257,1310
124000074,335,659,-324
124000075,773,74,699
124000076,57,56,1
124000077,298,869,-571
124000078,1548,1265,283
124000079,282,1473,-1191
124000080,1561,270,1291
124000081,349,631,-282
124000082,85,291,-206
124000083,50,86,-36
124000084,33,1698,-1665
124000085,114,63,51
124000086,6,441,-435
124000087,87,236,-149
124000088,143,624,-481
124000089,1123,398,725
124000090,412,265,147
124000091,1273,397,876
124000092,636,983,-347
124000093,257,228,29
124000094,269,627,-358
124000095,217,129,88
124000096,304,177,127
124000097,268,221,47
124000098,233,74,159
124000099,438,128,310
124000100,114,138,-24
124000101,237,348,-111
124000102,150,47,103
124000103,448,407,41
124000104,246,60,186
124000105,352,332,20
124000106,156,57,99
124000107,47,465,-418
124000108,63,14,49
124000109,177,168,9
124000110,145,123,22
124000111,604,165,439
124000112,1385,749,636
124000113,316,199,117
124000114,562,507,55
124000115,446,860,-414
124000116,220,317,-97
124000117,42,109,-67
124000118,54,119,-65
124000119,1457,1654,-197
124000120,1013,1258,-245
124000121,1546,1125,421
124000122,571,1634,-1063
124000123,970,474,496
124000124,532,700,-168
124000125,622,386,236
124000126,419,533,-114
124000127,1469,428,1041
124000128,900,714,186
124000129,2089,1555,534
124000130,465,534,-69
124000131,888,969,-81
124000132,593,849,-256
124000133,2214,1381,833
124000134,1272,915,357
124000135,2422,2967,-545
124000136,962,1160,-198
124000137,1331,1972,-641
124000138,1079,1175,-96
124000139,542,140,402
124000140,11,736,-725
124000141,574,81,493
124000142,37,676,-639
124000143,173,39,134
124000144,14,140,-126
124000145,182,191,-9
124000146,45,378,-333
124000148,9,113,-104
124000149,1527,341,1186
124000150,349,852,-503
124000151,1901,715,1186
124000152,1188,1180,8
124000153,1367,1188,179
124000154,804,770,34
124000155,1583,989,594
124000156,912,1088,-176
124000169,225,1406,-1181
124000170,1493,1074,419
124000171,516,905,-389
124000172,432,963,-531
124000173,1389,422,967
124000174,709,728,-19
124000175,11,93,-82
124000176,126,39,87
124000177,4,30,-26
124000178,70,69,1
124000190,200,67,133
124000191,166,515,-349
124000192,1876,1373,503
124000193,354,6934,-6580
124000194,409,444,-35
124000195,657,697,-40
124000196,740,1076,-336
124000197,111,64,47
124000198,85,152,-67
124000201,69,699,-630
124000202,1104,207,897
124000203,1477,161,1316
124000204,3208,503,2705
124000205,213,266,-53
124000206,2068,321,1747
124000207,3,14,-11
124000209,277,274,3
124000210,1756,365,1391
124000211,1785,9,1776
124000212,0,151,-151
124000213,1264,86,1178
124000214,1277,303,974
124000215,1010,19,991
124000216,1,208,-207
124000329,259,877,-618
124000338,197,534,-337
124000339,3948,65,3883
124000341,4093,183,3910
124000344,81,8,73
124000357,1668,5692,-4024
124000358,779,2719,-1940
124000359,1829,1213,616
124000360,1984,849,1135
124000361,3814,1554,2260
124000362,2401,4937,-2536
124000363,664,365,299
124000364,771,708,63
124000365,1024,1416,-392
124000366,3566,1009,2557
124000367,63,378,-315
124000368,542,2329,-1787
124000369,93,189,-96
124000370,59,1389,-1330
124000402,46,21,25
124000403,345,68,277
124000404,32,73,-41
124000405,973,767,206
124000406,591,548,43
124000407,1,26,-25
124000411,8,445,-437
124000412,866,3,863
124000413,227,535,-308
124000414,267,136,131
124000415,163,50,113
124000416,272,166,106
124000417,611,168,443
124000418,594,64,530
124000419,240,41,199
124000420,356,36,320
124000421,101,39,62
124000422,53,15,38
124000423,150,73,77
124000424,10,48,-38
124000425,189,136,53
124000426,13,163,-150
124000427,219,15,204
124000428,2,769,-767
124000429,228,38,190
124000430,1211,648,563
124000431,547,459,88
124000432,526,1119,-593
124000439,14,0,14
124000443,3,14,-11
124000445,217,5068,-4851
124000446,1798,645,1153
124900001,1710,409,1301
124900002,363,177,186
124900003,2084,400,1684
124900004,1818,267,1551
124900005,278,77,201
124900006,1793,399,1394
124900008,764,537,227
124900009,147,623,-476
124900010,334,207,127
124900011,1228,355,873
124900012,363,139,224
124900013,905,211,694
124900014,426,48,378
124900015,264,479,-215
124900016,169,292,-123
124900017,302,5682,-5380
124900018,354,8,346
124900020,255,67,188
124900021,658,114,544
124900022,65,1,64
124900024,963,8,955
124900026,66,42,24
124900027,216,514,-298
124900028,342,94,248
124900029,40,1164,-1124
124900030,1,88,-87
124900031,52,249,-197
124900032,496,295,201
124900033,169,180,-11
124900034,29,354,-325
124900035,119,210,-91
124900036,3,155,-152
124900037,216,156,60
124900038,192,210,-18
124900039,3,101,-98
124900040,193,127,66
124900041,518,827,-309
124900042,26,0,26
124900043,677,569,108
124900044,146,0,146
124900045,406,1281,-875
124900046,389,173,216
124900047,69,182,-113
124900048,427,126,301
124900050,283,144,139
124900052,152,337,-185
124900053,199,208,-9
124900054,1230,572,658
124900055,1,116,-115
124900057,11,99,-88
124900060,29,309,-280
124900061,200,5,195
124900062,312,9,303
124900066,0,16,-16
124900067,8,82,-74
124900068,218,952,-734
124900070,84,43,41
124900072,381,30,351
124900075,1558,173,1385
124900076,24,4404,-4380
124900077,33,156,-123
124900078,219,14,205
124900079,270,419,-149
124900080,782,272,510
124900081,2413,270,2143
124900082,565,555,10
124900083,518,465,53
124900085,713,572,141
124900086,46,1552,-1506
124900087,311,151,160
124900088,115,119,-4
124900089,666,17,649
124900090,1128,317,811
124900091,499,260,239
124900092,450,261,189
124900093,1163,316,847
124900094,1550,373,1177
124900095,290,1115,-825
124900096,459,112,347
124900097,1051,82,969
124900098,251,325,-74
124900099,155,768,-613
124900100,835,42,793
124900101,80,299,-219
124900102,632,16,616
124900103,327,132,195
124900104,104,124,-20
124900105,165,103,62
124900106,598,30,568
124900107,281,45,236
124900108,317,232,85
124900111,0,170,-170
124900112,267,379,-112
124900113,66,320,-254
124900114,63,251,-188
124900115,79,150,-71
124900116,592,687,-95
124900117,144,341,-197
124900118,144,2161,-2017
124900119,739,362,377
124900120,32,327,-295
124900121,80,726,-646
124900122,275,299,-24
124900123,99,104,-5
124900124,54,322,-268
204000001,240,30,210
204000002,5,25,-20
204000003,11,23,-12
204000004,13,13,0
204000005,716,499,217
204000006,1391,1380,11
204000011,32,32,0
204000012,66,69,-3
204000019,1570,475,1095
204000020,1947,998,949
204000021,2664,1305,1359
204000022,2000,667,1333
204000023,905,413,492
204000031,50,14,36
204000032,323,31,292
204000034,94,138,-44
204000035,0,7,-7
204000036,11,68,-57
204000037,3,34,-31
204000038,0,14,-14
204000039,6,11,-5
204000040,7,29,-22
204000041,12,26,-14
204000042,80,35,45
204000043,46,15,31
204000044,87,13,74
204000045,164,3,161
204000046,25,5,20
204000057,26,7,19
204000062,29,41,-12
204000068,63,821,-758
204000069,173,970,-797
204000070,89,107,-18
204000080,140,85,55
204000085,1266,991,275
204000086,2852,1247,1605
204000087,77,12,65
204000088,10,60,-50
204000090,125,354,-229
204000093,1100,85,1015
204000096,2972,1053,1919
204000097,881,16,865
204000099,1296,4212,-2916
204000100,2651,2037,614
204000105,1807,821,986
204000110,495,1362,-867
204000111,1012,829,183
204000112,866,899,-33
204000113,367,990,-623
204000114,1701,2006,-305
204000115,2297,940,1357
204000116,1159,1310,-151
204000119,3852,2784,1068
204000132,1034,855,179
204000133,1400,108,1292
204000134,367,72,295
204000135,1119,56,1063
204000136,699,464,235
204000138,396,1641,-1245
204000140,450,154,296
204000141,263,95,168
204000144,8,17,-9
204000145,973,74,899
204000146,28,228,-200
204000147,34,311,-277
204000148,337,98,239
204000154,8,24,-16
204000155,1,11,-10
204000177,60,80,-20
204000179,32,27,5
204000180,0,75,-75
204000222,7,5,2
204000235,166,23,143
204000236,68,221,-153
204000238,21,28,-7
204000240,514,97,417
204000263,868,1340,-472
204000268,851,412,439
204000308,259,70,189
204000317,58,178,-120
204000322,79,131,-52
204000323,17,9,8
204000328,353,74,279
204000329,175,141,34
204000330,297,29,268
204000331,191,184,7
205000001,898,1082,-184
205000013,181,254,-73
205000014,160,131,29
205000015,274,79,195
205000016,126,113,13
205000017,149,111,38
205000022,460,517,-57
205000025,2106,772,1334
205000029,850,43,807
205000045,382,264,118
205000046,329,371,-42
205000047,123,326,-203
205000048,489,507,-18
205000049,218,481,-263
205000050,886,334,552
205000059,0,930,-930
205000060,2,1402,-1400
205000061,33,2566,-2533
205000062,5,2451,-2446
205000063,83,2443,-2360
205000064,191,658,-467
205000065,958,824,134
205000066,478,414,64
205000067,290,571,-281
205000069,152,17,135
205000082,223,329,-106
205000110,115,212,-97
205000111,200,156,44
205000112,204,167,37
205000113,116,116,0
205000121,249,157,92
205000123,211,202,9
205000126,1048,82,966
205000127,1128,99,1029
205000128,485,60,425
205000129,1090,69,1021
205000130,82,46,36
205000131,28,66,-38
205000132,99,50,49
205000133,112,6,106
205000134,434,0,434
205000137,705,112,593
205000138,570,244,326
205000139,104,35,69
205000144,155,62,93
205000145,373,207,166
205000151,316,82,234
205000152,244,69,175
205000153,334,83,251
205000154,92,112,-20
205000155,149,26,123
205000207,1,169,-168
205000233,39,0,39
205000234,0,2,-2
205000243,0,3,-3
205000244,0,5,-5
205000245,12,340,-328
205000249,0,26,-26
205000250,2,1,1
205000264,58,104,-46
206000027,20,27,-7
206000028,22,18,4
206000043,6,93,-87
206000053,6,12,-6
206000054,3,47,-44
206000055,1,17,-16
206000075,35,18,17
206000076,46,18,28
206000077,49,20,29
206000078,27,13,14
206000079,26,10,16
206000082,287,171,116
206000100,34,821,-787
206000103,4,17,-13
206000104,7,15,-8
206000105,23,18,5
206000106,5,30,-25
206000108,793,106,687
206000125,154,0,154
206000157,28,476,-448
206000170,0,250,-250
206000171,54,240,-186
206000172,38,265,-227
206000173,11,159,-148
206000174,34,55,-21
206000175,8,57,-49
206000176,40,57,-17
206000177,0,40,-40
206000178,1,460,-459
206000179,0,551,-551
206000180,16,113,-97
206000181,17,37,-20
206000182,4,65,-61
206000183,22,93,-71
206000184,3,89,-86
206000185,21,28,-7
206000186,143,239,-96
206000223,20,639,-619
206000226,73,4,69
206000227,39,7,32
206000237,52,133,-81
206000238,69,210,-141
206000239,332,1958,-1626
206000240,0,64,-64
206000241,1,109,-108
206000242,18,202,-184
206000243,56,50,6
206000244,132,146,-14
206000245,1825,126,1699
206000246,679,17,662
206000247,815,7,808
206000248,872,38,834
206000252,140,130,10
206000258,9,74,-65
206000315,74,9,65
206000317,568,167,401
206000318,834,83,751
206000319,2995,156,2839
206000320,714,60,654
206000321,704,23,681
206000322,1239,6,1233
206000323,494,11,483
206000324,636,19,617
206000325,360,24,336
206000326,463,118,345
206000327,53,44,9
206000328,449,28,421
206000329,580,15,565
206000330,109,14,95
206000331,571,6,565
206000332,128,6,122
206000333,1721,2,1719
206000334,1047,2,1045
206000335,0,58,-58
206000361,3,183,-180
206000392,1,16,-15
206000405,219,1,218
206000441,120,44,76
206000498,76,8,68
206000515,40,51,-11
206000530,439,85,354
206000531,182,465,-283
206000532,1149,667,482
206000535,157,4817,-4660
206000536,21,60,-39
206000537,52,166,-114
206000613,820,313,507
207000001,216,399,-183
207000002,196,476,-280
207000003,234,214,20
207000007,2494,213,2281
207000008,651,17,634
207000009,163,44,119
207000010,555,312,243
207000012,700,222,478
207000015,440,647,-207
207000019,511,162,349
207000021,551,322,229
207000022,386,197,189
207000023,313,154,159
207000024,4,78,-74
207000025,36,86,-50
207000026,102,36,66
207000027,31,79,-48
207000028,88,180,-92
207000029,203,555,-352
207000033,369,366,3
207000034,483,142,341
207000039,848,47,801
207000040,989,87,902
207000041,112,127,-15
207000042,503,75,428
207000043,391,256,135
207000051,125,350,-225
207000052,22,169,-147
207000053,476,386,90
207000054,80,79,1
207000055,306,104,202
207000056,329,276,53
207000057,156,188,-32
207000058,197,178,19
207000059,149,179,-30
207000060,67,368,-301
207000061,86,1426,-1340
207000062,1160,52,1108
207000063,1090,103,987
207000064,563,101,462
207000065,531,245,286
207000066,665,238,427
207000067,106,116,-10
207000068,213,78,135
207000069,1167,346,821
207000082,43,150,-107
207000083,158,229,-71
207000084,819,460,359
207000085,439,64,375
207000086,556,13,543
207000106,126,30,96
207000107,217,22,195
207000108,184,5,179
207000109,131,1,130
207000110,36,76,-40
207000111,75,126,-51
207000112,96,2182,-2086
207000114,70,31,39
207000115,64,82,-18
207000116,23,481,-458
207000117,11,137,-126
207000118,2,76,-74
207000119,28,62,-34
207000123,378,6,372
207000124,219,30,189
207000125,66,31,35
207000126,61,24,37
207000134,349,153,196
207000135,71,302,-231
207000148,138,761,-623
207000149,44,14,30
207000152,186,581,-395
207000153,324,620,-296
207000154,551,401,150
207000159,156,122,34
207000160,282,233,49
207000238,1,231,-230
207000242,1,69,-68
207000248,28,31,-3
207000249,170,16,154
207000250,596,162,434
207000251,98,145,-47
207000252,20,51,-31
207000278,286,227,59
207000279,62,108,-46
207000280,1421,73,1348
207000281,299,315,-16
207000282,33,605,-572
207000283,25,223,-198
207000284,37,2037,-2000
207000285,86,120,-34
207000291,18,113,-95
207000304,83,90,-7
207000306,79,324,-245
207000310,232,150,82
207000353,149,2,147
207000356,14,178,-164
207000357,2,33,-31
207000358,4,28,-24
207000415,5,142,-137
207000417,71,3,68
207000418,140,84,56
207000438,0,2,-2
207000439,537,394,143
207000446,384,5,379
207000460,234,12,222
207000466,167,109,58
207000467,864,98,766
207000468,100,146,-46
207000476,2,16,-14
207000477,909,14,895
207000478,3,80,-77
207000523,0,15,-15
207000524,65,1,64
207000527,368,220,148
207000530,1132,3,1129
207000531,553,6,547
207000532,164,63,101
207000534,147,43,104
207000535,7,507,-500
207000537,17,27,-10
207000540,6,96,-90
207000541,2,182,-180
207000548,11,124,-113
207000549,814,15,799
207000561,431,248,183
207000562,25,120,-95
207000567,82,145,-63
207000568,628,63,565
207000569,1761,136,1625
207000584,41,303,-262
207000585,28,215,-187
207000587,344,56,288
207000616,1,134,-133
207000617,192,3,189
207000624,82,56,26
207000631,5,72,-67
207900008,792,98,694
208000001,896,1683,-787
208000002,1145,1153,-8
208000003,1109,626,483
208000004,1321,1906,-585
208000005,1,111,-110
208000019,1778,576,1202
208000020,448,248,200
208000021,477,422,55
208000022,1027,269,758
208000028,1359,1855,-496
208000033,507,291,216
208000034,896,1363,-467
208000037,1114,90,1024
208000040,402,158,244
208000041,1411,608,803
208000042,2433,749,1684
208000047,165,230,-65
208000064,2856,1987,869
208000066,1465,1426,39
208000070,1062,705,357
208000071,1251,374,877
208000072,1362,838,524
208000080,532,1194,-662
208000081,632,161,471
208000082,1141,244,897
208000083,322,251,71
208000084,10,137,-127
208000085,1179,858,321
208000086,948,1577,-629
208000087,591,1051,-460
208000089,1535,454,1081
208000090,1360,555,805
208000093,42,255,-213
208000094,643,261,382
208000095,1039,735,304
208000104,2335,567,1768
208000105,1496,970,526
208000114,153,537,-384
208000115,770,514,256
208000116,2105,2156,-51
208000117,62,205,-143
208000118,287,500,-213
208000155,1387,1756,-369
208000158,2315,3052,-737
208000186,1152,2469,-1317
208000204,1451,1387,64
208000205,2688,946,1742
208000282,1062,1620,-558
209000004,1113,245,868
209000005,125,81,44
209000006,389,185,204
209000007,575,850,-275
209000010,380,656,-276
209000011,151,413,-262
209000012,279,147,132
209000013,476,138,338
209000014,777,373,404
209000025,895,93,802
209000026,1603,253,1350
209000027,641,301,340
209000028,485,266,219
209000029,625,3186,-2561
209000030,728,2836,-2108
209000031,6632,2257,4375
209000034,462,663,-201
209000035,336,649,-313
209000036,613,446,167
209000037,784,443,341
209000038,388,209,179
209000039,172,153,19
209000040,509,684,-175
209000041,141,437,-296
209000042,284,283,1
209000043,563,840,-277
209000044,308,906,-598
209000045,825,284,541
209000046,796,417,379
209000047,668,302,366
209000048,663,676,-13
209000049,149,90,59
209000050,284,132,152
209000051,418,159,259
209000052,302,276,26
209000062,154,84,70
209000063,86,57,29
209000064,120,20,100
209000065,288,51,237
209000066,200,30,170
209000067,371,51,320
209000080,21,252,-231
209000082,124,73,51
209000091,88,87,1
209000093,47,129,-82
209000094,93,229,-136
209000110,69,270,-201
209000111,610,2858,-2248
209000112,1767,1100,667
209000113,3048,2354,694
209000114,1241,1468,-227
209000115,107,113,-6
209000116,800,457,343
209000118,22,190,-168
209000119,37,183,-146
209000121,234,566,-332
209000135,46,210,-164
209000142,1047,4653,-3606
209000143,55,329,-274
209000144,92,949,-857
209000229,228,118,110
209000240,94,330,-236
209000259,63,148,-85
209000260,36,674,-638
209000261,3,216,-213
209000262,4,164,-160
209000263,0,344,-344
209000264,0,162,-162
209000265,538,1,537
209000266,249,2,247
209000267,1737,7,1730
209000268,617,108,509
210000037,152,246,-94
210000047,161,10,151
210000048,144,28,116
210000049,195,7,188
210000052,105,86,19
210000053,78,55,23
210000054,14,107,-93
210000070,312,10,302
210000071,320,1,319
210000072,79,0,79
210000073,0,35,-35
210000074,2,142,-140
210000075,1,249,-248
210000076,10,328,-318
210000077,12,465,-453
210000078,27,416,-389
210000079,44,132,-88
210000080,59,455,-396
210000081,393,11,382
210000082,14,0,14
210000083,88,1,87
210000084,174,0,174
210000085,1,107,-106
210000086,1,117,-116
210000099,102,207,-105
210000100,94,145,-51
210000101,166,151,15
210000105,12,403,-391
210000159,2,319,-317
210000163,65,238,-173
210000164,557,323,234
210000168,583,74,509
210000187,0,37,-37
210000188,2,47,-45
210000214,3,0,3
210000219,132,66,66
210000220,237,32,205
210000232,4,17,-13
210000233,30,22,8
210000234,65,56,9
210000235,89,55,34
210000245,2,49,-47
210000246,17,1,16
210000258,16,97,-81
210000259,385,92,293
210000282,41,288,-247
210000285,1,151,-150
210000286,25,149,-124
210000290,0,9,-9
210000295,100,267,-167
210000296,159,100,59
210000320,447,62,385
210000321,346,12,334
210000338,114,197,-83
210000339,184,838,-654
210000340,181,337,-156
210000341,286,323,-37
210000342,361,278,83
210000343,286,330,-44
210000344,127,350,-223
210000345,255,628,-373
210000346,120,324,-204
210000347,86,512,-426
210000348,231,395,-164
210000349,111,175,-64
210000350,234,214,20
210000351,330,108,222
210000352,69,42,27
210000353,51,50,1
210000354,47,90,-43
210000355,44,476,-432
210000356,37,834,-797
210000357,59,841,-782
210000358,1249,773,476
210000359,151,1006,-855
210000360,356,784,-428
210000361,583,339,244
210000362,555,378,177
210000363,1040,355,685
210000364,437,198,239
210000365,348,95,253
210000366,435,66,369
210000367,308,41,267
210000368,292,36,256
210000369,45,302,-257
210000370,146,414,-268
210000372,51,93,-42
210000373,32,339,-307
210000374,94,448,-354
210000375,50,69,-19
210000376,34,566,-532
210000404,78,138,-60
210000439,139,17,122
210000472,73,15,58
210000482,58,159,-101
210000564,425,251,174
210000567,1,64,-63
210000568,390,11,379
211000092,160,39,121
211000094,29,1,28
211000169,340,4,336
211000172,47,135,-88
211000209,0,37,-37
211000226,28,31,-3
211000270,113,23,90
211000275,24,36,-12
211000276,211,19,192
211000279,19,44,-25
211000281,218,17,201
211507980,0,141,-141
211977296,34,6,28
212000003,408,210,198
212000004,6,228,-222
212000005,27,249,-222
212000006,78,261,-183
212000008,334,344,-10
212000009,112,160,-48
212000012,220,56,164
212000013,89,28,61
212000014,573,89,484
212000015,508,126,382
212000016,873,383,490
212000027,652,240,412
212000028,394,219,175
212000029,297,215,82
212000030,73,24,49
212000031,82,49,33
212000048,109,780,-671
212000049,12,361,-349
212000050,21,9,12
212000051,430,109,321
212000052,415,131,284
212000053,292,191,101
212000054,769,70,699
212000055,637,115,522
212000056,21,48,-27
212000057,6,48,-42
212000058,202,72,130
212000070,230,118,112
212000077,290,168,122
212000099,564,243,321
212000108,394,568,-174
212000111,425,113,312
212000120,273,311,-38
212000138,348,95,253
212000156,3,26,-23
212000158,7,34,-27
212000159,939,51,888
212000160,952,141,811
212000161,126,12,114
212000310,92,11,81
212000311,18,51,-33
212000374,70,3,67
213000001,25,658,-633
213000005,876,199,677
213000006,887,331,556
213000007,66,43,23
213000009,441,238,203
213000010,644,261,383
213000011,371,163,208
213000012,337,327,10
213000014,164,54,110
213000015,490,15,475
213000016,703,6,697
213000017,203,0,203
213000018,6,65,-59
213000019,9,77,-68
213000020,195,114,81
213000021,6,89,-83
213000023,491,548,-57
213000033,561,1673,-1112
213000034,489,219,270
213000035,211,485,-274
213000045,275,416,-141
213000046,120,141,-21
213000047,391,1087,-696
213000056,283,44,239
213000069,374,63,311
213000073,1,40,-39
213000074,96,740,-644
213000075,1191,9,1182
213000076,12,0,12
213000085,2,30,-28
213000086,39,187,-148
213000091,515,16,499
213000092,59,17,42
213000099,459,1463,-1004
213000100,1105,483,622
213000101,1480,88,1392
213000102,1540,84,1456
213000103,950,468,482
213000104,52,291,-239
213000105,93,2148,-2055
213000106,54,127,-73
213000107,172,256,-84
213000108,37,275,-238
213000109,12,163,-151
213000110,16,181,-165
213000111,1,157,-156
213000112,17,99,-82
213000115,97,1,96
213000116,76,395,-319
213000117,10,524,-514
213000118,1864,538,1326
213000119,67,453,-386
213000120,118,234,-116
213000122,259,320,-61
213000123,187,470,-283
213000124,462,649,-187
213000125,188,133,55
213000126,53,261,-208
213000127,64,321,-257
213000128,104,613,-509
213000129,226,2812,-2586
213000130,1851,1335,516
213000132,1514,343,1171
213000133,2111,184,1927
213000134,3732,11,3721
213000136,903,23,880
213000137,964,50,914
213000139,561,59,502
213000147,19,56,-37
213000148,18,77,-59
213000149,8,91,-83
213000150,1,1059,-1058
213000151,4,357,-353
213000152,1,566,-565
213000153,2,278,-276
213000154,184,343,-159
213000155,35,320,-285
213000156,236,436,-200
213000157,1332,278,1054
213000158,562,725,-163
213000159,1114,545,569
213000163,2723,383,2340
213000165,993,466,527
213000171,0,37,-37
213000172,2,100,-98
213000173,0,103,-103
213000174,1,99,-98
213000175,17,31,-14
213000176,270,61,209
213000177,175,3,172
213000178,575,1,574
213000179,507,0,507
213000180,520,2,518
213000184,101,434,-333
213000188,800,84,716
213000189,1335,74,1261
213000190,774,472,302
213000191,822,196,626
213000192,541,144,397
213000193,868,281,587
213000194,10,360,-350
213000195,58,359,-301
213000196,484,2654,-2170
213000197,847,1367,-520
213000198,37,0,37
213000200,145,458,-313
213000201,9,101,-92
213000202,20,657,-637
213000203,2106,345,1761
213000204,1592,37,1555
213000205,717,33,684
213000206,1167,86,1081
213000207,55,6,49
213000208,49,4,45
213000209,129,18,111
213000210,382,35,347
213000211,3,116,-113
213000212,25,157,-132
213000213,21,114,-93
213000218,593,633,-40
213000219,1847,149,1698
213000220,1795,15,1780
213000223,429,383,46
213000224,37,105,-68
213000225,84,26,58
213000226,56,27,29
213000227,2262,216,2046
213000228,1464,74,1390
213000229,156,22,134
213000230,866,16,850
213000232,206,20,186
213000233,59,189,-130
213000234,15,112,-97
213000293,27,115,-88
213000294,163,93,70
213000295,33,134,-101
213000296,217,31,186
213000297,1,48,-47
213000298,4,92,-88
213000299,175,48,127
213000300,4,5,-1
213000303,1,15,-14
213000304,2,4,-2
213000305,7,69,-62
213000306,30,972,-942
213000307,122,826,-704
213000308,80,180,-100
213000309,423,63,360
213000310,306,208,98
213000311,138,770,-632
213000315,93,277,-184
213000316,502,232,270
213000322,210,14,196
213000323,195,102,93
213000324,133,11,122
213000325,142,41,101
213000326,92,11,81
213000327,113,14,99
213000328,56,62,-6
213000329,160,7,153
213000340,236,342,-106
213000341,1499,104,1395
213000346,149,552,-403
213000347,307,1470,-1163
213000348,6,134,-128
213000349,2,2,0
213000350,261,995,-734
213000366,104,168,-64
213000367,894,18,876
213000379,35,139,-104
213000386,42,27,15
213000406,567,84,483
213000417,2859,727,2132
213000425,644,87,557
213000426,354,40,314
213000427,163,52,111
213000428,63,197,-134
213000429,29,42,-13
213000430,160,432,-272
213000431,5,1,4
213000432,0,25,-25
213000433,43,43,0
213000434,274,153,121
213000435,170,91,79
213000436,115,73,42
213000437,0,6,-6
213000438,172,40,132
213000439,78,44,34
213000440,11,127,-116
213000441,1,3,-2
213000442,3,17,-14
213000443,1056,566,490
213000444,63,11,52
213000445,0,57,-57
213000446,1,26,-25
213000447,1,178,-177
213000448,20,257,-237
213000449,1546,9,1537
213000450,49,29,20
213000451,580,38,542
213000452,33,9,24
213000453,37,222,-185
213000455,95,0,95
213000456,0,280,-280
213000481,7,1,6
213000482,51,1,50
213000489,195,53,142
213000491,34,551,-517
213000492,104,24,80
213000493,3,467,-464
213000494,445,110,335
213000495,0,99,-99
213000496,953,219,734
213000497,193,188,5
213000498,262,88,174
213000499,344,175,169
213000500,1368,74,1294
213000501,376,103,273
213000502,201,238,-37
213000503,1,73,-72
213000504,37,31,6
213000505,6,4,2
213000506,0,2,-2
213000507,5,81,-76
213900244,173,0,173
213900245,0,22,-22
218000003,60,99,-39
218000004,59,49,10
218000005,68,79,-11
218000006,69,62,7
218000007,16,27,-11
218000012,332,297,35
218000013,433,229,204
218000014,495,281,214
218000019,542,396,146
218000020,402,354,48
218000021,26,34,-8
218000022,18,11,7
218000023,21,21,0
218000024,3,6,-3
218000025,9,10,-1
218000026,10,14,-4
218000027,2,2,0
218000028,0,4,-4
218000029,1,7,-6
218000030,6,8,-2
218000031,10,10,0
218000032,1,11,-10
218000040,1,13,-12
218000046,115,56,59
218000047,10,51,-41
218000048,75,42,33
218000049,45,29,16
218000050,196,66,130
218000051,110,117,-7
218000052,0,29,-29
218000053,3,21,-18
218000054,5,76,-71
218000055,17,37,-20
218000056,10,53,-43
218000057,2,43,-41
218000064,0,15,-15
218000065,108,59,49
218000066,8,104,-96
218000067,158,125,33
218000068,184,69,115
218000069,568,93,475
218000070,367,319,48
218000071,274,319,-45
218000072,162,404,-242
218000078,1996,396,1600
218000079,409,106,303
218000080,268,89,179
218000081,877,132,745
218000082,218,49,169
218000083,172,111,61
218000084,363,93,270
218000085,346,132,214
218000086,203,51,152
218000087,359,79,280
218000090,64,300,-236
218000091,1721,866,855
218000092,245,192,53
218000093,143,124,19
218000094,588,672,-84
218000099,402,469,-67
218000100,549,252,297
218000101,535,213,322
218000102,755,263,492
218000103,144,122,22
218000104,192,53,139
218000105,39,28,11
218000106,31,15,16
218000107,93,59,34
218000108,16,28,-12
218000112,132,39,93
218000117,44,146,-102
218000134,977,365,612
218000135,20,83,-63
218000136,161,155,6
218000137,181,167,14
218000138,60,144,-84
218000139,177,635,-458
218000140,1027,649,378
218000141,89,156,-67
218000142,279,289,-10
218000143,43,512,-469
218000144,25,292,-267
218000145,894,440,454
218000146,244,175,69
218000151,6,35,-29
218000152,92,47,45
218000153,6,10,-4
218000154,15,2,13
218000155,83,2,81
218000156,164,5,159
218000157,84,24,60
218000158,14,24,-10
218000159,7,13,-6
218000160,9,11,-2
218000161,94,0,94
218000162,58,15,43
218000163,38,8,30
218000164,140,13,127
218000165,151,28,123
218000170,3,37,-34
218000171,101,16,85
218000172,11,21,-10
218000173,11,15,-4
218000174,22,7,15
218000176,293,44,249
218000177,303,121,182
218000178,82,148,-66
218000179,203,59,144
218000180,100,38,62
218000181,422,38,384
218000187,15,60,-45
218000188,24,55,-31
218000189,41,87,-46
218000190,43,34,9
218000191,266,20,246
218000192,330,161,169
218000193,589,326,263
218000194,271,319,-48
218000195,228,53,175
218000196,546,186,360
218000197,884,223,661
218000198,203,103,100
218000199,56,12,44
218000200,19,69,-50
218000201,11,8,3
218000202,57,892,-835
218000207,5,8,-3
218000208,55,175,-120
218000211,62,45,17
218000212,0,10,-10
218000213,220,108,112
218000214,4,13,-9
218000215,71,64,7
218000217,6,38,-32
218000218,200,32,168
218000219,3,403,-400
218000220,66,2160,-2094
218000221,732,387,345
218000222,1,271,-270
218000223,89,578,-489
218000224,6,280,-274
218000225,250,28,222
218000226,241,75,166
218000230,0,10,-10
218000232,109,49,60
218000239,121,3,118
218000240,5,9,-4
218000241,22,1,21
218000242,1,4,-3
218000243,10,11,-1
218000244,32,7,25
218000245,52,13,39
218000246,0,7,-7
218000247,1,0,1
218000248,0,16,-16
218000249,0,1,-1
218000250,3,76,-73
218000251,1,17,-16
218000252,0,25,-25
218000253,0,91,-91
218000254,0,43,-43
218000255,1,6,-5
218000256,3,49,-46
218000267,561,1435,-874
218000268,5,57,-52
218000269,2,40,-38
218000270,271,50,221
218000271,9,32,-23
218000273,125,1,124
218000274,5,5,0
218000275,86,93,-7
218000276,31,15,16
218000278,3,130,-127
218000279,113,52,61
218000280,1,25,-24
218000281,8,45,-37
218000282,765,1384,-619
218000284,55,5,50
218000301,78,107,-29
218000302,58,49,9
218000303,17,110,-93
218000316,2092,1048,1044
218000317,3411,973,2438
218000318,1974,775,1199
218000319,2166,622,1544
218000320,1931,708,1223
218000338,8,165,-157
218000345,154,316,-162
218000346,24,347,-323
218000459,34,108,-74
218000490,8,75,-67
218000501,156,26,130
218000502,162,48,114
218000503,193,14,179
218000504,252,28,224
218000505,54,99,-45
218000506,16,394,-378
218000508,2,2,0
218000510,45,8,37
218000520,213,135,78
218000521,8,45,-37
218000522,2,614,-612
218000523,140,3,137
218000524,6,339,-333
218000525,167,31,136
218000526,22,264,-242
218000529,101,80,21
218000530,48,15,33
218000531,12,15,-3
218000532,33,9,24
218000534,414,20,394
218000537,17,190,-173
218000538,84,466,-382
218000540,110,99,11
218000543,253,132,121
218000544,43,155,-112
218000545,228,121,107
218000546,116,72,44
218000547,215,277,-62
218000548,154,131,23
218000549,1299,147,1152
218000550,204,153,51
218000551,131,279,-148
218000552,391,366,25
218000553,19,211,-192
218000554,54,50,4
218000555,53,38,15
218000556,358,91,267
218000557,809,289,520
218000558,115,1,114
218000559,1,58,-57
218000560,0,17,-17
218000561,9,0,9
218000562,64,139,-75
218000563,194,54,140
218000564,0,224,-224
218000565,91,69,22
218000566,47,26,21
218000567,0,77,-77
218000568,4,0,4
218000569,1,310,-309
218000570,19,19,0
218000571,2,192,-190
218000572,251,15,236
218000573,12,123,-111
218000574,66,39,27
218000575,126,2,124
218000576,0,76,-76
218000577,138,0,138
218000578,0,311,-311
218000579,68,11,57
218000581,5,85,-80
218000582,68,17,51
218000583,12,0,12
218000584,0,20,-20
218000585,52,9,43
218000586,30,13,17
218000587,1,2,-1
218000588,0,40,-40
218000589,0,18,-18
218000590,3,1,2
218000591,3,7,-4
218000592,8,0,8
218000593,3,3,0
218000594,0,0,0
218000597,0,0,0
218000598,0,1,-1
218000599,1,3,-2
218000600,4,0,4
218000601,0,1,-1
218000602,0,1,-1
218000603,0,8,-8
218000604,7,2,5
218000605,0,71,-71
218000606,103,0,103
218000607,35,80,-45
218000608,83,24,59
218000609,24,124,-100
218000610,95,7,88
218000611,56,2,54
218000612,4,54,-50
218000613,41,0,41
218000614,4,71,-67
218000615,282,20,262
218000616,10,368,-358
218000617,10,24,-14
218000618,0,23,-23
218000619,45,49,-4
218000620,23,69,-46
218000621,0,1,-1
218000622,1,111,-110
218000623,53,13,40
218000624,3,187,-184
218000625,1,6,-5
218000626,0,28,-28
218000628,369,432,-63
218000631,38,25,13
218000632,1,177,-176
218000633,183,0,183
218000634,6,42,-36
218000635,1,16,-15
218000636,1455,439,1016
218000637,1799,467,1332
218000638,486,31,455
218000639,42,104,-62
218000640,846,15,831
218000641,206,146,60
218000652,41,28,13
218000653,267,58,209
218000663,22,33,-11
218000675,17,89,-72
218000676,1,11,-10
218000677,40,6,34
218000680,380,223,157
218000681,610,270,340
218000691,459,167,292
218000693,616,142,474
218000703,8,20,-12
218000718,27,84,-57
218000719,87,197,-110
218000720,2,150,-148
218000721,18,32,-14
218000725,6,9,-3
218001147,1,59,-58
218001214,7,80,-73
218001258,259,2,257
218001329,172,178,-6
218001330,65,62,3
218001351,27,15,12
218001352,23,43,-20
218001353,6,15,-9
218001354,8,26,-18
218001355,5,53,-48
218001356,853,168,685
218001357,3,41,-38
218001358,881,3,878
218001361,776,5,771
218001362,1,34,-33
219000001,37,42,-5
219000002,67,45,22
219000003,45,19,26
219000004,40,101,-61
219000017,87,400,-313
219000020,299,12,287
219000022,180,0,180
219000023,76,1,75
219000029,2,227,-225
219000034,92,59,33
219000039,42,421,-379
219000040,35,109,-74
219000041,221,67,154
219000051,1,327,-326
219000052,0,219,-219
219000053,3,114,-111
219000054,14,105,-91
219000055,540,2,538
219000056,2,0,2
219000057,75,0,75
219000062,16,281,-265
219000063,204,13,191
219000064,0,54,-54
219000110,303,253,50
219000111,150,65,85
219000112,323,68,255
219000113,366,73,293
219000114,276,33,243
219000116,208,29,179
219000117,243,43,200
219000118,192,49,143
219000123,259,85,174
219000124,73,46,27
219000125,37,3,34
219000126,97,207,-110
219000127,0,13,-13
219000128,46,195,-149
219000129,16,167,-151
219000130,204,801,-597
219000131,1062,1689,-627
219000133,40,60,-20
219000134,24,76,-52
219000135,17,98,-81
219000136,75,304,-229
219000138,194,38,156
219000139,127,28,99
219000140,117,1,116
219000141,72,41,31
219000142,5,41,-36
219000143,13,32,-19
219000145,23,43,-20
219000146,9,24,-15
219000147,2,23,-21
219000148,2,21,-19
219000149,36,29,7
219000150,4,56,-52
219000151,1,32,-31
219000157,399,156,243
219000158,309,302,7
219000161,225,11,214
219000163,1321,368,953
219000166,226,196,30
219000167,206,218,-12
219000168,262,122,140
219000174,770,255,515
219000175,281,0,281
219000176,276,23,253
219000177,159,4,155
219000178,117,0,117
219000179,115,21,94
219000180,129,30,99
219000182,201,15,186
219000183,173,23,150
219000184,208,4,204
219000185,1,50,-49
219000186,192,45,147
219000187,30,122,-92
219000189,84,218,-134
219000190,42,246,-204
219000191,166,2219,-2053
219000192,253,197,56
219000193,520,188,332
219000195,0,84,-84
219000196,4,135,-131
219000198,16,70,-54
219000199,51,135,-84
219000200,106,134,-28
219000201,93,142,-49
219000203,50,112,-62
219000204,104,450,-346
219000205,21,261,-240
219000207,128,175,-47
219000209,93,39,54
219000210,41,721,-680
219000213,17,292,-275
219000239,183,232,-49
219000240,143,626,-483
219000241,152,349,-197
219000242,61,280,-219
219000243,163,282,-119
219000244,24,158,-134
219000245,11,148,-137
219000246,38,45,-7
219000247,294,48,246
219000248,623,740,-117
219000249,227,216,11
219000250,263,185,78
219000251,768,459,309
219000252,404,187,217
219000253,314,52,262
219000255,246,179,67
219000256,587,102,485
219000257,234,4,230
219000262,85,99,-14
219000263,110,106,4
219000267,12,67,-55
219000268,14,44,-30
219000269,5,2,3
219000270,49,1,48
219000271,522,4,518
219000278,2,20,-18
219000279,0,30,-30
219000283,0,3,-3
219000295,33,113,-80
219000296,182,316,-134
219000297,40,51,-11
219000298,121,36,85
219000299,410,75,335
219000300,108,95,13
219000301,50,164,-114
219000302,37,139,-102
219000307,72,24,48
219000308,103,50,53
219000311,315,114,201
219000312,621,172,449
219000313,572,38,534
219000314,144,208,-64
219000315,600,51,549
219000316,1148,91,1057
219000317,258,21,237
219000320,1,172,-171
219000321,0,55,-55
219000323,15,51,-36
219000325,1,17,-16
219000326,48,90,-42
219000327,20,19,1
219000328,54,13,41
219000329,256,112,144
219000330,37,30,7
219000331,64,104,-40
219000332,296,133,163
219000333,64,16,48
219000335,91,1,90
219000337,19,1,18
219000338,61,13,48
219000344,9,82,-73
219000345,97,19,78
219000346,43,25,18
219000348,217,119,98
219000349,83,165,-82
219000350,42,450,-408
219000351,2,16,-14
219000352,126,136,-10
219000353,204,103,101
219000354,410,125,285
219000355,245,106,139
219000356,541,2382,-1841
219000363,115,141,-26
219000364,320,102,218
219000365,138,52,86
219000366,175,758,-583
219000368,420,753,-333
219000370,697,876,-179
219000371,12,17,-5
219000382,14,26,-12
219000383,314,1649,-1335
219000385,260,968,-708
219000386,798,2441,-1643
219000387,1,8,-7
219000390,2,13,-11
219000391,1,0,1
219000397,97,21,76
219000398,61,38,23
219000401,16,95,-79
219000402,41,46,-5
219000403,33,176,-143
219000404,68,70,-2
219000407,11,43,-32
219000409,107,96,11
219000410,184,29,155
219000411,143,7,136
219000446,129,445,-316
219000447,18,14,4
219000448,7,17,-10
219000452,139,86,53
219000453,64,338,-274
219000454,278,621,-343
219000556,547,200,347
219000558,65,223,-158
219000590,20,246,-226
219000591,244,181,63
219000592,59,301,-242
219000595,7,5,2
219000635,332,67,265
219000636,155,119,36
219000657,51,19,32
219000658,11,196,-185
219000673,0,64,-64
219000676,11,18,-7
219000679,17,70,-53
219000684,115,3,112
219000685,0,32,-32
219000686,0,14,-14
219000688,0,65,-65
219000689,13,129,-116
219000690,242,16,226
219000691,48,127,-79
219000692,260,24,236
219000693,14,14,0
219000694,19,0,19
219000695,102,1,101
219000698,23,0,23
219000699,1,231,-230
219000727,6,300,-294
219000728,146,3,143
219000770,38,1,37
219000771,1,126,-125
219000788,216,316,-100
219001150,0,42,-42
219001151,0,3,-3
219001166,43,63,-20
219001167,0,43,-43
219001178,74,1,73
220000001,36,309,-273
220000002,7,220,-213
220000003,347,239,108
220000004,499,965,-466
220000005,584,2823,-2239
220000006,157,811,-654
220000007,641,157,484
220000008,466,433,33
220000009,379,372,7
220000010,122,103,19
220000011,581,5361,-4780
220000012,52,806,-754
220000014,236,170,66
220000015,79,712,-633
220000017,23,619,-596
220000018,11579,4368,7211
220000019,330,1094,-764
220000020,871,278,593
220000021,1664,470,1194
220000022,1924,385,1539
220000023,399,266,133
220000024,1250,644,606
220000025,855,2635,-1780
220000026,425,1304,-879
220000027,17,469,-452
220000028,51,193,-142
220000029,53,66,-13
220000030,55,231,-176
220000031,949,857,92
220000064,75,1851,-1776
221000046,1,0,1
221000047,0,0,0
221000048,0,1,-1
221000049,0,4,-4
221000050,17,1,16
221000055,44,66,-22
221000057,104,3,101
221000068,256,77,179
221000069,384,36,348
221000070,359,15,344
221000071,121,6,115
221000072,459,21,438
221000073,265,41,224
221000074,0,14,-14
221000075,11,93,-82
221000076,21,39,-18
221000077,7,49,-42
221000081,32,9,23
221000082,52,0,52
221000083,6,10,-4
221000084,1,7,-6
221000085,27,75,-48
221000086,7,67,-60
221000087,2,146,-144
221000088,11,200,-189
221000089,15,239,-224
221000090,54,483,-429
221000098,192,22,170
221000099,459,16,443
221000100,181,1,180
221000101,230,8,222
221000102,116,18,98
221000109,7,72,-65
221000110,7,25,-18
221000111,18,69,-51
221000112,8,86,-78
221000113,4,134,-130
221000114,7,145,-138
221000120,25,238,-213
221000121,3,53,-50
221000122,31,45,-14
221000123,14,38,-24
221000124,19,80,-61
221000155,120,77,43
221000156,125,65,60
221000175,2,37,-35
221000176,0,18,-18
221000182,58,15,43
221000241,551,328,223
221000242,120,307,-187
221000243,685,327,358
221000244,197,569,-372
221000245,197,237,-40
221000246,38,420,-382
221000247,183,230,-47
221000248,138,282,-144
221000267,55,732,-677
221000325,40,147,-107
221000331,0,95,-95
221000338,21,85,-64
221000378,371,72,299
221000381,40,55,-15
222000282,2,14,-12
222000296,1,31,-30
222000568,476,15,461
222000569,120,36,84
222000570,239,32,207
222000571,481,8,473
222000577,14,55,-41
222000578,0,75,-75
222000579,6,60,-54
222000580,23,620,-597
222000599,0,45,-45
222000600,1,121,-120
222000601,2,694,-692
222000603,7,248,-241
222000604,1,225,-224
222000605,26,86,-60
222000606,1,17,-16
222000607,2,5,-3
222000608,15,32,-17
222000609,74,98,-24
222000616,717,127,590
222000617,7,101,-94
222000618,5,24,-19
222000620,73,58,15
222000621,49,48,1
222000623,912,12,900
222000624,695,5,690
222000625,1753,13,1740
222000636,76,9,67
222000686,21,81,-60
222000687,42,91,-49
222001066,536,0,536
222001067,55,6,49
222001068,273,23,250
222001069,120,22,98
222001082,34,1,33
222001083,91,7,84
222001084,0,125,-125
222001085,1,227,-226
222001111,169,42,127
222001112,280,58,222
222001313,11,57,-46
222001314,1,108,-107
222001464,407,77,330
222001465,44,132,-88
222001484,332,130,202
222001485,62,91,-29
222001494,920,430,490
222001495,163,137,26
222001496,617,204,413
222001497,195,202,-7
222001502,16,37,-21
222001503,321,65,256
222001504,17,213,-196
222001505,710,14,696
222001506,15,249,-234
222001507,320,6,314
222001510,1131,13,1118
222001511,68,189,-121
222001514,923,67,856
222001515,81,289,-208
222001518,605,9,596
222001519,87,79,8
222001527,205,126,79
222001528,50,256,-206
222001529,438,7,431
222001530,69,62,7
222001533,155,123,32
222001534,767,120,647
222001535,463,401,62
222001536,125,94,31
222001537,536,29,507
222001538,28,329,-301
222001563,1569,61,1508
222001564,104,202,-98
222001568,255,239,16
222001576,0,5,-5
222001579,0,18,-18
222001583,43,67,-24
222001584,218,91,127
222001596,534,924,-390
222001597,1850,254,1596
222001626,0,45,-45
222001650,11,116,-105
222001651,15,253,-238
222001914,311,19,292
222001915,61,215,-154
222001968,784,360,424
222001969,377,367,10
222001970,92,248,-156
222001971,89,2,87
222001972,25,6,19
225000001,645,151,494
225000002,1258,301,957
225000003,1321,110,1211
225000004,866,269,597
225000005,101,65,36
225000006,1,468,-467
225000007,2140,1689,451
225000010,599,26,573
225000011,390,2701,-2311
225000012,405,1206,-801
225000013,154,249,-95
225000014,1126,364,762
225000015,232,279,-47
225000021,1383,156,1227
225000027,500,778,-278
225000032,1081,165,916
225000042,168,520,-352
225000049,181,73,108
225000050,322,17,305
225000053,1,345,-344
225000058,1124,429,695
225000067,567,152,415
225000068,233,298,-65
225000069,128,583,-455
225000070,231,422,-191
225000071,81,99,-18
225000075,108,3371,-3263
225000076,111,325,-214
225000078,133,104,29
225000085,217,67,150
225000086,642,88,554
225000087,267,11,256
225000088,62,376,-314
225000089,97,588,-491
225000090,52,1108,-1056
225000091,101,238,-137
225000092,117,187,-70
225000093,529,189,340
225000094,37,144,-107
225000095,468,481,-13
225000096,113,357,-244
225000098,1246,203,1043
225000099,768,205,563
225000100,1004,229,775
225000104,195,598,-403
225000110,31,408,-377
225000111,515,644,-129
225000112,714,1110,-396
225000113,370,2497,-2127
225000114,261,928,-667
225000115,2084,821,1263
225000116,466,341,125
225000117,928,509,419
225000118,2016,471,1545
225000119,628,163,465
225000120,1479,56,1423
225000121,251,20,231
225000123,977,72,905
225000125,958,454,504
225000126,1460,593,867
225000127,784,3743,-2959
225000128,559,1485,-926
225000132,883,41,842
225000133,567,30,537
225000134,1224,196,1028
225000135,206,11,195
225000136,1200,22,1178
225000137,732,176,556
225000138,846,186,660
225000143,245,346,-101
225000144,22,390,-368
225000145,35,50,-15
225000146,215,48,167
225000147,72,107,-35
225000148,3,87,-84
225000149,106,172,-66
225000151,77,115,-38
225000155,269,326,-57
225000156,319,1393,-1074
225000157,976,642,334
225000158,78,332,-254
225000171,2,219,-217
225000180,27,0,27
225000181,1,171,-170
225000182,105,28,77
225000185,21,540,-519
225000187,191,302,-111
225000191,139,0,139
225000194,0,11,-11
225000208,0,92,-92
225000209,211,15,196
225000210,3,336,-333
225000217,0,17,-17
225000218,38,2,36
225000223,4,802,-798
225000224,280,25,255
225000225,0,833,-833
225000226,28,10,18
225000227,328,589,-261
225000228,6,33,-27
225000229,0,58,-58
225000230,16,1,15
225000231,0,74,-74
225000232,304,0,304
225000241,52,0,52
225000242,0,55,-55
225000249,25,0,25
225000250,38,373,-335
225000251,888,353,535
225000256,0,0,0
225000257,0,0,0
226000042,344,580,-236
226000043,42,423,-381
226000044,184,1112,-928
226000045,172,584,-412
226000046,947,376,571
226000047,886,421,465
226000048,701,199,502
226000049,670,497,173
226000070,0,15,-15
226000071,0,106,-106
226000072,0,66,-66
226000073,0,17,-17
226000074,0,41,-41
226000084,3,37,-34
226000085,2,67,-65
226000086,0,69,-69
226000087,1,65,-64
226000088,7,60,-53
226000090,68,522,-454
226000091,7,187,-180
226000092,1,35,-34
226000093,38,3,35
226000094,11,8,3
226000095,9,15,-6
226000105,19,2,17
226000106,45,0,45
226000107,14,0,14
226000108,35,0,35
226000109,287,0,287
226000124,246,290,-44
226000134,1422,805,617
226000135,2806,917,1889
226000136,1196,678,518
226000137,4,185,-181
226000138,33,134,-101
226000139,2,109,-107
226000156,934,18,916
226000157,601,16,585
226000163,52,481,-429
226000202,13,160,-147
226000231,1605,6,1599
226000232,84,6,78
227000033,708,34,674
227000036,907,18,889
227000037,903,16,887
227000038,309,19,290
227000084,13,218,-205
227000085,0,232,-232
227000088,35,3,32
227000089,32,0,32
227000090,18,0,18
227000091,40,1,39
227000092,65,0,65
227000093,128,1,127
227000094,3,0,3
227000130,84,279,-195
227000131,53,192,-139
227000132,79,115,-36
227000133,39,84,-45
227000134,93,205,-112
227000152,0,6,-6
227000153,0,356,-356
227000154,1,118,-117
227000155,1,82,-81
227000156,1,41,-40
227000165,1,134,-133
227000196,887,87,800
227000199,887,251,636
227000230,34,277,-243
227000232,1393,20,1373
227000242,56,562,-506
227000243,400,46,354
227000245,29,256,-227
227000246,107,250,-143
227000247,861,48,813
227000248,263,156,107
227000249,39,488,-449
227000250,694,472,222
227000251,214,966,-752
227000252,89,225,-136
227000253,488,62,426
227000262,864,42,822
227000266,2601,37,2564
227000267,21,813,-792
227000282,6,128,-122
227000284,1179,18,1161
227000286,21,43,-22
227000287,41,50,-9
227000291,6,406,-400
227000484,250,8,242
227000485,6,758,-752
227000655,401,2,399
227000656,940,41,899
227000657,487,14,473
227000661,1443,30,1413
227000680,191,182,9
229000265,50,29,21
229000296,0,58,-58
229000297,4,33,-29
229000298,2,131,-129
229000320,18,4,14
229000321,35,7,28
229000412,11,134,-123
229000414,7,69,-62
229000415,15,3,12
229000416,1,2,-1
229000417,7,0,7
229000419,123,171,-48
229000440,305,97,208
229000442,28,8,20
229000443,4,21,-17
229000444,0,111,-111
229000445,94,10,84
229000446,60,53,7
229000491,2,16,-14
229000492,10,39,-29
229000493,9,35,-26
229000494,45,1,44
229000495,119,2,117
229000496,98,8,90
229000507,0,33,-33
229000508,3,19,-16
229000509,1,81,-80
229000510,3,87,-84
229000511,6,38,-32
229000512,0,19,-19
229000513,0,2,-2
229000514,0,3,-3
229000517,0,0,0
229000518,28,16,12
229000519,0,7,-7
229000520,15,15,0
229000521,88,15,73
229000522,3,5,-2
229000523,5,1,4
229000524,2,6,-4
229000527,3,1,2
229000528,0,0,0
229000529,6,0,6
229000530,59,1,58
229000531,67,2,65
229000532,2,5,-3
229000533,40,2,38
229000534,24,0,24
229000564,77,2,75
229000565,9,0,9
229000566,0,2,-2
229000567,0,7,-7
229000582,80,6,74
229000583,1,9,-8
229000584,0,10,-10
229000585,0,40,-40
229000718,0,0,0
229000719,0,0,0
229000720,0,34,-34
229000721,0,2,-2
229000722,0,8,-8
229000723,0,4,-4
229000724,0,3,-3
229000725,0,0,0
229000738,2,0,2
229000739,1,0,1
229000740,3,0,3
229000741,40,0,40
229000742,36,0,36
229000743,21,0,21
229000744,0,0,0
229000745,0,0,0
229000746,14,0,14
229000847,130,0,130
229000848,94,0,94
229000849,157,0,157
229000851,71,0,71
229000854,0,33,-33
229000856,2,86,-84
229000857,0,17,-17
229000858,0,28,-28
229000919,2,55,-53
229000930,10,180,-170
229000937,87,11,76
229000966,62,30,32
229000981,13,9,4
229000985,14,7,7
229000986,0,3,-3
229000987,0,3,-3
229000988,1,14,-13
229000989,13,39,-26
229000990,1,5,-4
229000991,3,0,3
229000992,32,1,31
229000993,239,8,231
229000998,11,25,-14
229000999,101,8,93
229001034,0,9,-9
229001035,15,5,10
229001037,44,2,42
229001042,43,8,35
229001047,3,39,-36
229001050,48,19,29
229001168,0,50,-50
229001200,39,2,37
229001338,2,9,-7
229001394,230,0,230
229001422,185,20,165
229001423,8,79,-71
229001431,39,60,-21
229001432,20,64,-44
229001444,265,48,217
229001445,103,54,49
229001479,32,4,28
229001503,287,64,223
229001504,123,136,-13
229001505,131,51,80
229001506,69,154,-85
229001509,66,7,59
229001545,181,4,177
229001546,2,59,-57
229001553,174,10,164
229001554,10,83,-73
229001559,11,3,8
229001560,1,49,-48
229001630,104,1,103
229001631,3,28,-25
229001635,0,56,-56
229001636,0,1,-1
229001658,0,46,-46
229001659,72,2,70
229001660,0,48,-48
229001661,0,41,-41
229001662,23,2,21
229001663,0,95,-95
229002584,202,189,13
229002831,187,63,124
229002841,28,31,-3
229002842,19,84,-65
229002843,34,24,10
229002844,26,72,-46
229002845,0,98,-98
229002846,5,24,-19
229002847,0,29,-29
229002848,5,69,-64
229002849,1,28,-27
229002850,2,1,1
229002851,29,73,-44
229002852,143,27,116
229002853,67,70,-3
229002854,15,74,-59
229002855,19,157,-138
229002856,41,10,31
229002857,15,162,-147
229002858,18,11,7
229002859,21,82,-61
229002860,72,56,16
229002861,26,69,-43
229002862,11,57,-46
229002863,10,18,-8
229002864,32,45,-13
229002865,2,10,-8
229002866,6,18,-12
229002867,0,28,-28
229002868,33,23,10
229002869,3,83,-80
229002870,36,61,-25
235000066,208,72,136
235000067,114,109,5
235000072,42,51,-9
235000073,95,353,-258
235000074,89,56,33
235000080,8,52,-44
235000081,209,169,40
235000082,211,27,184
235000083,364,74,290
235000084,47,41,6
235000085,249,79,170
235000089,54,111,-57
235000092,30,137,-107
235000093,4,28,-24
235000097,10,6,4
235000098,163,3,160
235000099,76,58,18
235000116,10,21,-11
235000117,739,17,722
235000133,28,841,-813
235000134,14,230,-216
235000206,19,14,5
235000207,3,7,-4
235000208,2,0,2
235000209,2,0,2
235000210,12,1,11
235000212,1,16,-15
235000213,1,27,-26
235000220,0,2,-2
235000221,9,143,-134
235000238,18,351,-333
235000239,0,136,-136
235000242,432,722,-290
235000245,481,207,274
235000246,29,77,-48
235000284,29,109,-80
235000295,82,107,-25
235000305,331,50,281
235000306,507,17,490
235000307,70,2,68
235000308,18,1,17
235000309,122,0,122
235000310,74,1,73
235000311,126,155,-29
235000322,0,46,-46
235000323,2,30,-28
235000324,0,28,-28
235000325,4,23,-19
235000326,16,34,-18
235000351,1,86,-85
235000352,9,64,-55
235000353,8,40,-32
235000354,8,9,-1
235000355,22,85,-63
235000356,86,2,84
235000357,144,6,138
235000358,48,5,43
235000359,15,10,5
235000360,60,5,55
235000361,98,5,93
235000381,179,105,74
235000382,205,99,106
235000390,7,2,5
235000391,190,30,160
235000392,251,205,46
235000393,182,232,-50
235000395,241,46,195
235000396,503,110,393
235000400,42,289,-247
235000401,3,283,-280
235000405,135,110,25
235000406,55,109,-54
235000407,89,69,20
235000409,233,87,146
235000410,61,194,-133
235000411,4,76,-72
235000485,0,15,-15
235000486,2,0,2
235000549,88,92,-4
235000550,141,106,35
235000599,230,49,181
235000600,7,37,-30
235000601,4,21,-17
235000602,245,63,182
235000614,0,8,-8
235000648,0,4,-4
235000649,111,7,104
235000685,1,5,-4
235000815,8,11,-3
235000834,0,32,-32
235000855,51,38,13
235000862,33,70,-37
235000891,0,71,-71
235000892,27,9,18
235000901,69,36,33
235000907,4,4,0
235001010,145,57,88
235001029,137,191,-54
235001030,253,139,114
235001078,100,132,-32
235001079,127,72,55
235001147,3,89,-86
235001166,28,52,-24
235001167,88,22,66
235001169,81,116,-35
235001188,0,16,-16
235001189,3,0,3
235001197,1,38,-37
235001200,123,46,77
235001207,224,87,137
235001210,14,206,-192
235001215,21,155,-134
235001239,1,30,-29
235001244,0,43,-43
235016267,3,323,-320
277101746,0,2,-2
277102712,0,0,0
277103813,0,1,-1
277103898,0,0,0
277104249,0,1,-1
277104250,0,28,-28
277104251,0,22,-22
277104252,0,4,-4
990011530,1,683,-682
990014944,1,261,-260
990015176,335,0,335
990015618,0,279,-279
990016032,0,266,-266
990032570,2,10,-8
990070001,64,2,62
990070103,0,2,-2
990070601,0,48,-48
990070751,3310,10,3300
990070766,0,141,-141
990071180,874,503,371
990071343,20,0,20
990071387,0,14,-14
990071823,605,53,552
990072600,0,516,-516
990072964,0,110,-110
990073285,0,6,-6
990074393,1,623,-622
990074870,2905,13,2892
990075106,1005,3,1002
990075746,1020,43,977
990076437,6278,4,6274
990076458,1,413,-412
997000007,384,4,380
997000041,0,379,-379
997000058,97,0,97
997000062,7,1,6
997000069,0,6,-6
997000070,0,13,-13
997000100,277,1,276
997000141,1,212,-211
997000198,8,208,-200
998000475,0,4,-4
998000736,1,149,-148
998000965,0,51,-51
998001031,0,43,-43
998001700,0,53,-53
998001899,0,0,0
998001900,9,0,9
998003073,1714,24,1690
998101900,0,0,0
998102850,0,131,-131
998501927,506,1308,-802
998501929,278,4,274
998501930,79,0,79
998501931,181,3,178
998501932,24,2,22
998501933,140,6,134
998501937,17,2,15
998501944,22,1,21
998501950,1,37,-36
998501970,282,13,269
998501971,0,83,-83
998501973,0,10,-10
998501974,0,117,-117
998501975,174,0,174
998501976,823,5,818
998501977,2,53,-51
998501978,10,0,10
998501979,0,2,-2
998501980,374,6,368
998501981,231,76,155
998501982,0,211,-211
998501983,0,207,-207
998502006,0,0,0
998502024,0,42,-42
998502032,0,0,0
998502062,12,0,12
998502063,0,0,0
998502173,36,0,36
998502269,0,10,-10
998502546,1,737,-736
998502578,1,1,0
998502599,12,461,-449
998601159,0,34,-34
998601292,0,49,-49
999033574,2,185,-183
999800001,39,1,38
999800002,0,2,-2
999800003,2,1,1
999800004,0,3,-3
999800005,1,55,-54
