ID,insum,outsum,diff
100000001,549,815,-266
100000002,2627,2263,364
100000003,3993,3953,40
100000004,837,944,-107
100000005,2111,4092,-1981
100000006,455,172,283
100000007,1528,723,805
100000008,138,518,-380
100000009,449,206,243
100000010,50,86,-36
100000011,933,132,801
100000012,96,937,-841
100000013,41,221,-180
100000014,230,325,-95
100000015,1285,2088,-803
100000016,600,1139,-539
100000017,398,733,-335
100000018,1110,564,546
100000019,2817,1959,858
100000020,1366,4553,-3187
100000021,3827,2012,1815
100000022,813,2217,-1404
100000023,3598,1487,2111
100000025,658,1265,-607
100000028,893,907,-14
100000029,145,323,-178
100000030,102,37,65
100000031,2556,5057,-2501
100000032,1433,3104,-1671
100000033,821,2227,-1406
100000034,204,714,-510
100000035,1013,1290,-277
100000036,1223,1436,-213
100000037,667,359,308
100000038,1998,919,1079
100000039,407,262,145
100000040,175,150,25
100000041,1298,497,801
100000042,932,576,356
100000043,1078,672,406
100000044,386,906,-520
100000045,338,1037,-699
100000046,510,577,-67
100000047,249,364,-115
100000048,348,478,-130
100000049,1282,1154,128
100000051,464,679,-215
100000053,177,11,166
100000054,372,24,348
100000055,824,287,537
100000056,571,434,137
100000057,1712,584,1128
100000058,782,831,-49
100000059,14,157,-143
100000060,428,264,164
100000061,2087,439,1648
100000062,1612,446,1166
100000063,834,246,588
100000064,1276,350,926
100000065,281,693,-412
100000066,188,538,-350
100000067,343,635,-292
100000068,373,1123,-750
100000069,294,862,-568
100000072,223,480,-257
100000073,907,817,90
100000075,684,231,453
100000076,1165,2606,-1441
100000077,118,275,-157
100000078,39,33,6
100000079,23,63,-40
100000080,35,69,-34
100000081,151,187,-36
100000102,2327,2704,-377
100000103,1746,1556,190
100000104,2485,2641,-156
100000105,1642,1554,88
100000106,1594,2437,-843
100000107,346,1147,-801
100000108,512,790,-278
100000109,1464,1071,393
100000116,979,947,32
100000117,65,145,-80
100000118,1078,1398,-320
100000119,615,874,-259
100000121,231,430,-199
100000122,692,978,-286
100000123,1430,2970,-1540
100000124,2848,4747,-1899
100000125,2746,1410,1336
100000126,496,425,71
100000127,1013,378,635
100000128,1152,1955,-803
100000129,352,439,-87
100000130,461,388,73
100000131,1272,2053,-781
100000132,816,2361,-1545
100000133,2527,1676,851
100000135,584,1171,-587
100000139,368,350,18
100000140,335,367,-32
100000142,465,481,-16
100000143,1171,492,679
100000144,2767,650,2117
100000147,1072,3034,-1962
100000150,34,366,-332
100000151,845,1502,-657
100000153,126,458,-332
100000154,28,256,-228
100000155,24,53,-29
100000156,366,494,-128
100000157,344,206,138
100000158,327,120,207
100000159,237,543,-306
100000165,1008,719,289
100000169,135,877,-742
100000174,371,720,-349
100000179,94,415,-321
100000180,1044,1968,-924
100000181,501,282,219
100000188,56,133,-77
100000189,1037,419,618
100000190,744,1189,-445
100000191,670,578,92
100000192,27,87,-60
100000193,274,161,113
100000330,836,871,-35
100000355,205,565,-360
100000362,3248,1992,1256
100000363,4036,3896,140
100000364,173,259,-86
100000365,5527,7870,-2343
100000366,4263,2679,1584
100000367,4573,6818,-2245
100000368,1925,970,955
100000369,708,2078,-1370
100000370,147,956,-809
100000376,43,113,-70
100000379,1316,1291,25
100000380,3748,4072,-324
100000384,4131,4797,-666
100000385,2065,3383,-1318
100000386,4435,4678,-243
100000387,3265,4909,-1644
100000388,4052,5819,-1767
100000389,4743,5928,-1185
100000390,5946,6057,-111
100000391,4446,7514,-3068
100000392,2601,4176,-1575
100000393,2173,4850,-2677
100000394,5629,8801,-3172
100000395,4246,4686,-440
100000396,6349,3863,2486
100000397,4464,7447,-2983
100000398,9833,7205,2628
100000413,13,11,2
100900002,3,26,-23
100900003,292,210,82
100900004,35,575,-540
100900005,91,17,74
100900006,25,84,-59
100900007,266,9,257
100900008,2,297,-295
100900009,69,154,-85
100900010,55,64,-9
100900011,130,177,-47
100900012,1,178,-177
100900013,631,12,619
100900014,2,2,0
100900015,79,51,28
100900016,1,17,-16
100900017,625,82,543
100900018,0,9,-9
100900019,19,85,-66
100900020,229,3,226
100900021,443,6,437
100900022,11,15,-4
100900023,3,19,-16
100900024,437,2,435
100900025,10,10,0
100900026,78,109,-31
100900027,435,1906,-1471
100900028,114,167,-53
100900029,35,3,32
100900030,5,78,-73
100900031,541,32,509
100900032,300,0,300
100900033,149,185,-36
100900034,499,1,498
100900035,249,0,249
100900036,10,2,8
100900037,136,121,15
100900038,90,46,44
100900039,196,418,-222
100900040,443,418,25
100900041,910,517,393
100900042,999,1120,-121
100900043,0,11,-11
100900044,1186,427,759
100900045,5,0,5
100900046,830,18,812
100900047,639,164,475
100900048,139,25,114
100900049,66,109,-43
100900050,1,12,-11
100900051,31,65,-34
100900052,226,21,205
100900053,451,17,434
100900054,15,26,-11
100900055,200,580,-380
100900056,71,97,-26
100900057,1030,915,115
100900058,305,55,250
100900059,127,13,114
100900060,182,2,180
100900061,324,146,178
100900062,8,22,-14
100900063,213,612,-399
100900064,619,19,600
100900065,79,105,-26
100900066,125,177,-52
100900067,5,7,-2
100900068,74,72,2
100900069,262,12,250
100900070,446,6,440
100900071,580,163,417
100900072,3,28,-25
100900073,115,215,-100
100900074,3,5,-2
100900075,1237,257,980
100900076,8,14,-6
100900077,31,36,-5
100900078,102,248,-146
100900079,8,6,2
100900080,31,114,-83
100900081,60,103,-43
100900082,113,407,-294
100900083,7,9,-2
100900085,21,242,-221
100900086,130,444,-314
100900088,114,322,-208
100900089,9,10,-1
100900090,93,328,-235
100900091,1,11,-10
100900092,160,129,31
100900093,316,195,121
100900094,107,268,-161
100900095,3,40,-37
100900096,27,83,-56
100900097,2,3,-1
100900098,15,14,1
100900099,26,425,-399
100900100,16,548,-532
100900101,235,46,189
100900102,48,80,-32
100900103,4,32,-28
100900104,6,141,-135
100900105,29,397,-368
100900106,38,5,33
100900107,1272,665,607
100900108,6,30,-24
100900109,16,25,-9
100900110,6,31,-25
100900111,30,177,-147
100900112,8,11,-3
100900113,18,24,-6
100900114,9,19,-10
100900115,9,18,-9
100900116,655,493,162
100900117,241,877,-636
100900118,24,39,-15
100900119,21,12,9
100900120,6,5,1
100900121,245,371,-126
100900122,126,124,2
100900123,107,96,11
100900124,11,11,0
100900125,20,77,-57
100900126,169,109,60
100900127,3,12,-9
100900128,70,148,-78
100900129,1,168,-167
100900131,106,189,-83
100900133,62,37,25
100900134,1,3,-2
100900135,2,242,-240
100900137,305,142,163
100900138,293,400,-107
100900139,2,4,-2
100900140,1,379,-378
100900141,6,657,-651
100900142,10,8,2
100900143,360,376,-16
100900144,6,1,5
100900145,54,111,-57
100900146,6,41,-35
100900147,10,639,-629
100900148,37,438,-401
100900149,24,251,-227
100900150,2,22,-20
100900151,131,288,-157
100900152,189,13,176
100900153,1,154,-153
100900154,0,48,-48
100900155,7,11,-4
100900156,29,2,27
100900157,15,144,-129
100900159,2,17,-15
100900160,23,7,16
100900161,39,4,35
100900162,32,197,-165
100900163,118,154,-36
100900164,48,34,14
100900165,25,22,3
100900166,25,2,23
100900167,11,44,-33
100900168,65,120,-55
100900169,122,647,-525
100900170,29,11,18
100900171,15,357,-342
100900172,0,34,-34
100900173,9,200,-191
100900174,123,35,88
100900176,1661,197,1464
100900177,507,280,227
100900178,221,142,79
100900179,195,371,-176
100900180,2,5,-3
100900181,65,123,-58
100900182,33,22,11
100900184,16,106,-90
100900186,439,342,97
100900187,8,71,-63
100900188,33,11,22
100900189,1222,196,1026
100900191,756,970,-214
100900192,228,369,-141
100900195,101,119,-18
100900197,9,35,-26
100900198,18,113,-95
100900199,7,10,-3
100900200,536,305,231
100900201,47,402,-355
100900202,49,0,49
100900203,8,205,-197
100900204,91,418,-327
100900205,160,470,-310
100900206,173,69,104
100900207,253,139,114
100900210,76,309,-233
100900211,352,129,223
100900213,112,38,74
100900214,388,143,245
100900215,12,34,-22
100900217,87,101,-14
101000001,2215,1893,322
101000002,4836,5207,-371
101000003,336,924,-588
101000004,5771,5079,692
101000005,3180,4050,-870
101000006,4979,5531,-552
101000007,2545,3391,-846
101000008,1970,1798,172
101000009,1798,913,885
101000010,724,663,61
101000011,1151,382,769
101000012,749,622,127
101000013,682,994,-312
101000014,346,491,-145
101000015,1287,769,518
101000016,225,388,-163
101000017,430,332,98
101000018,1712,1906,-194
101000020,1518,837,681
101000021,558,300,258
101000022,128,84,44
101000023,949,558,391
101000025,250,416,-166
101000026,277,30,247
101000027,1553,2829,-1276
101000028,609,198,411
101000029,208,1759,-1551
101000030,1426,102,1324
101000031,715,1095,-380
101000032,5619,4785,834
101000033,1474,3229,-1755
101000034,1269,1780,-511
101000035,522,323,199
101000036,1145,958,187
101000037,1464,1604,-140
101000039,1510,2546,-1036
101000040,2038,3949,-1911
101000041,4929,7289,-2360
101000042,291,1138,-847
101000043,4176,6704,-2528
101000045,1010,981,29
101000046,2730,2278,452
101000047,1818,4708,-2890
101000048,482,408,74
101000049,483,1926,-1443
101000050,1145,1576,-431
101000051,1095,2681,-1586
101000052,1153,1103,50
101000053,927,1221,-294
101000054,1707,796,911
101000055,871,1136,-265
101000056,35,113,-78
101000057,1180,1119,61
101000058,811,1200,-389
101000059,1457,2174,-717
101000060,1352,580,772
101000061,603,1241,-638
101000062,413,809,-396
101000063,540,961,-421
101000064,839,1143,-304
101000065,339,482,-143
101000066,905,1039,-134
101000067,1186,1058,128
101000068,273,458,-185
101000069,230,61,169
101000070,750,919,-169
101000071,1652,839,813
101000072,588,2768,-2180
101000073,698,1090,-392
101000074,4155,3616,539
101000075,3021,4938,-1917
101000077,1240,1121,119
101000078,674,1394,-720
101000079,1445,400,1045
101000080,1284,592,692
101000081,1639,1584,55
101000082,2599,2614,-15
101000083,2396,2097,299
101000084,1055,731,324
101000085,1206,1086,120
101000086,829,970,-141
101000087,804,862,-58
101000088,1097,1032,65
101000089,996,1259,-263
101000090,1581,1032,549
101000091,398,609,-211
101000092,1098,797,301
101000093,1315,598,717
101000094,995,850,145
101000095,474,413,61
101000096,406,310,96
101000097,478,342,136
101000098,347,449,-102
101000099,685,948,-263
101000100,808,901,-93
101000101,182,348,-166
101000102,508,445,63
101000103,575,408,167
101000104,309,550,-241
101000105,374,534,-160
101000106,565,1052,-487
101000107,287,278,9
101000108,665,222,443
101000109,368,68,300
101000110,29,288,-259
101000111,104,226,-122
101000113,182,492,-310
101000114,6935,8334,-1399
101000115,111,117,-6
101000116,88,107,-19
101000117,1249,284,965
101000119,49,56,-7
101000120,121,43,78
101000121,65,73,-8
101000122,114,148,-34
101000123,57,124,-67
101000124,1377,273,1104
101000125,204,413,-209
101000128,275,537,-262
101000130,196,253,-57
101000131,949,469,480
101000132,756,601,155
101000135,27,37,-10
101000136,316,209,107
101000137,29,367,-338
101000141,795,2837,-2042
101000147,787,396,391
101000148,668,6,662
101000149,201,280,-79
101000150,101,421,-320
101000151,228,42,186
101000152,286,274,12
101000153,311,175,136
101000154,284,691,-407
101000155,301,115,186
101000156,12,292,-280
101000157,29,25,4
101000160,50,39,11
101000163,207,305,-98
101000164,314,239,75
101000165,256,314,-58
101000166,210,211,-1
101000168,758,416,342
101000252,1936,889,1047
101000254,138,118,20
101000258,59,14,45
101000261,177,52,125
101000262,999,2405,-1406
101000263,217,1060,-843
101000265,77,765,-688
101000266,271,232,39
101000269,19,20,-1
101000290,673,1999,-1326
101000293,32,52,-20
101000294,539,360,179
101000295,161,353,-192
101000301,403,460,-57
101000304,1808,2015,-207
101000305,2263,957,1306
101000328,105,377,-272
101900001,24,55,-31
101900002,0,15,-15
101900003,38,68,-30
101900004,3,56,-53
101900005,2392,2475,-83
101900006,1105,64,1041
101900007,722,187,535
101900008,73,199,-126
101900009,50,304,-254
101900010,596,645,-49
101900011,180,847,-667
101900012,264,131,133
101900013,611,169,442
101900017,12,95,-83
101900018,883,245,638
101900019,236,121,115
101900020,49,28,21
101900021,1,30,-29
101900022,150,804,-654
101900023,116,135,-19
101900026,90,33,57
101900027,31,105,-74
102000001,2144,3826,-1682
102000002,1766,762,1004
102000003,2305,5596,-3291
102000004,3496,1962,1534
102000005,1093,1976,-883
102000006,813,1431,-618
102000007,1385,3660,-2275
102000008,2879,1271,1608
102000009,5734,6973,-1239
102000010,3758,2684,1074
102000011,3040,2460,580
102000012,2720,2382,338
102000018,1886,2049,-163
102000019,1804,1150,654
102000026,159,433,-274
102000029,191,176,15
102000030,105,312,-207
102000031,58,124,-66
102000032,511,256,255
102000033,183,304,-121
102000034,405,260,145
102000035,871,605,266
102000036,26,201,-175
102000037,120,48,72
102000038,156,303,-147
102000039,143,54,89
102000040,382,217,165
102000041,138,376,-238
102000042,139,295,-156
102000043,208,177,31
102000044,269,428,-159
102000045,544,587,-43
102000046,935,501,434
102000047,653,682,-29
102000048,290,615,-325
102000049,899,634,265
102000050,794,857,-63
102000051,361,567,-206
102000052,973,602,371
102000053,619,771,-152
102000054,656,898,-242
102000055,1212,369,843
102000056,961,631,330
102000057,1228,377,851
102000058,712,914,-202
102000059,1080,863,217
102000060,904,734,170
102000061,1411,1192,219
102000062,1615,920,695
102000063,902,1113,-211
102000064,516,654,-138
102000065,91,131,-40
102000066,643,720,-77
102000067,1646,2403,-757
102000068,7017,2274,4743
102000069,42,1980,-1938
102000070,1192,35,1157
102000071,5842,7061,-1219
102000072,2321,3246,-925
102000073,745,659,86
102000074,590,741,-151
102000075,103,188,-85
102000076,195,292,-97
102000077,634,573,61
102000078,858,496,362
102000079,127,141,-14
102000080,243,175,68
102000081,231,679,-448
102000082,521,291,230
102000083,511,242,269
102000084,419,194,225
102000085,1707,670,1037
102000086,1096,845,251
102000087,686,1076,-390
102000088,330,216,114
102000089,1113,295,818
102000090,352,806,-454
102000091,930,450,480
102000092,244,484,-240
102000093,584,604,-20
102000094,647,539,108
102000095,679,833,-154
102000096,430,532,-102
102000097,422,480,-58
102000098,384,429,-45
102000099,627,666,-39
102000100,348,864,-516
102000101,460,537,-77
102000102,190,941,-751
102000103,1045,277,768
102000104,494,255,239
102000105,231,363,-132
102000106,785,400,385
102000107,1361,396,965
102000108,510,143,367
102000109,488,476,12
102000110,1220,849,371
102000111,15,252,-237
102000112,101,83,18
102000113,15,33,-18
102000114,591,292,299
102000115,213,241,-28
102000116,205,350,-145
102000117,118,406,-288
102000118,772,1150,-378
102000119,1039,776,263
102000120,164,348,-184
102000121,841,469,372
102000122,535,792,-257
102000123,989,737,252
102000124,969,966,3
102000125,700,713,-13
102000126,600,577,23
102000127,1103,501,602
102000128,608,638,-30
102000129,1219,484,735
102000130,665,464,201
102000131,1209,448,761
102000132,424,550,-126
102000133,2013,1498,515
102000134,754,608,146
102000135,571,692,-121
102000136,832,467,365
102000137,587,824,-237
102000138,282,368,-86
102000139,83,508,-425
102000140,206,564,-358
102000141,179,324,-145
102000142,237,294,-57
102000143,166,252,-86
102000144,276,259,17
102000145,312,310,2
102000146,414,242,172
102000147,375,321,54
102000148,181,367,-186
102000149,165,234,-69
102000150,384,74,310
102000151,100,135,-35
102000152,220,118,102
102000153,937,425,512
102000154,236,455,-219
102000155,57,280,-223
102000156,211,109,102
102000157,107,325,-218
102000158,417,395,22
102000159,554,459,95
102000161,2054,1541,513
102000162,119,108,11
102000163,93,449,-356
102000164,647,818,-171
102000165,157,114,43
102000166,54,111,-57
102000167,250,217,33
102000168,274,158,116
102000169,102,411,-309
102000170,354,183,171
102000171,118,133,-15
102000172,84,316,-232
102000173,342,220,122
102000174,79,43,36
102000175,94,82,12
102000176,39,19,20
102000178,240,283,-43
102000179,385,182,203
102000180,838,308,530
102000181,630,423,207
102000182,462,421,41
102000183,1624,1195,429
102000184,1793,573,1220
102000185,2424,838,1586
102000186,1218,998,220
102000187,786,842,-56
102000188,925,982,-57
102000189,1308,514,794
102000190,453,1951,-1498
102000191,885,335,550
102000192,1143,1142,1
102000193,63,73,-10
102000194,40,115,-75
102000195,357,297,60
102000196,211,210,1
102000197,721,230,491
102000198,172,446,-274
102000199,1065,202,863
102000200,247,630,-383
102000201,1000,343,657
102000202,7,70,-63
102000203,353,110,243
102000204,436,450,-14
102000205,945,254,691
102000206,571,324,247
102000207,564,323,241
102000208,373,281,92
102000209,43,59,-16
102000210,356,254,102
102000211,420,199,221
102000212,242,11,231
102000213,6,150,-144
102000214,222,6,216
102000215,12,198,-186
102000216,62,61,1
102000217,7,65,-58
102000218,268,145,123
102000219,255,170,85
102000225,469,508,-39
102000226,1294,950,344
102000227,111,2,109
102000228,6,68,-62
102000229,26,39,-13
102000230,245,306,-61
102000231,174,267,-93
102000232,39,122,-83
102000233,370,469,-99
102000234,100,759,-659
102000236,163,68,95
102000237,425,108,317
102000238,175,196,-21
102000240,406,624,-218
102000241,132,104,28
102000243,30,48,-18
102000245,17,105,-88
102000246,5,24,-19
102000247,476,567,-91
102000248,462,804,-342
102000249,130,105,25
102000250,102,243,-141
102000254,186,179,7
102000266,24,321,-297
102000271,35,12,23
102000286,356,314,42
102000297,1535,699,836
102000299,0,0,0
102000301,0,0,0
102000303,0,0,0
102000305,0,0,0
102000307,0,7,-7
102900001,1136,635,501
102900002,327,26,301
102900003,50,175,-125
102900005,369,205,164
102900006,505,67,438
102900007,365,24,341
102900008,158,26,132
102900009,384,214,170
102900010,215,759,-544
102900011,1252,274,978
102900012,334,56,278
102900013,39,51,-12
102900015,411,326,85
102900016,46,111,-65
102900017,167,325,-158
102900018,35,78,-43
102900019,271,303,-32
102900020,133,18,115
102900021,40,57,-17
102900022,472,172,300
102900023,13,17,-4
102900024,21,29,-8
102900025,134,77,57
102900026,241,1597,-1356
102900027,127,42,85
102900028,132,669,-537
102900029,150,166,-16
102900030,265,296,-31
102900031,282,110,172
102900032,76,67,9
102900033,117,123,-6
102900034,435,63,372
102900035,117,210,-93
102900036,264,300,-36
102900037,221,275,-54
102900038,408,297,111
102900039,25,453,-428
102900040,91,231,-140
102900041,93,129,-36
102900042,166,183,-17
102900043,146,115,31
102900044,410,1384,-974
102900045,148,354,-206
102900046,147,161,-14
102900047,160,343,-183
102900048,514,336,178
102900049,134,226,-92
102900050,142,208,-66
102900051,153,192,-39
102900053,287,480,-193
102900054,497,794,-297
102900055,51,176,-125
102900056,102,289,-187
102900057,3,45,-42
102900058,233,54,179
102900059,43,53,-10
102900060,116,288,-172
102900061,160,260,-100
102900062,224,550,-326
102900063,1077,310,767
102900064,72,305,-233
102900065,912,424,488
102900066,322,15,307
102900068,121,59,62
102900070,173,371,-198
102900072,10,55,-45
102900073,107,9,98
102900075,19,45,-26
102900076,68,119,-51
102900077,29,22,7
102900078,17,39,-22
102900079,149,4,145
102900080,326,29,297
102900081,81,174,-93
102900082,7,161,-154
102900083,141,6,135
102900084,2,28,-26
102900085,354,116,238
102900086,8,50,-42
102900087,120,84,36
102900088,37,20,17
102900089,175,83,92
102900090,1,207,-206
102900091,164,1,163
102900092,347,520,-173
102900094,1,107,-106
102900095,74,1,73
102900096,77,11,66
102900097,5,86,-81
103000001,2380,2045,335
103000002,1697,1868,-171
103000003,2786,2190,596
103000004,875,697,178
103000005,1573,2566,-993
103000006,813,1212,-399
103000007,354,559,-205
103000008,840,500,340
103000009,1249,771,478
103000010,124,61,63
103000011,1436,1068,368
103000012,1426,1238,188
103000013,2501,1346,1155
103000014,1101,2108,-1007
103000015,1168,506,662
103000016,441,1203,-762
103000017,224,362,-138
103000018,490,235,255
103000019,310,279,31
103000020,1839,1139,700
103000021,1682,1839,-157
103000022,630,775,-145
103000023,568,1606,-1038
103000024,69,78,-9
103000025,108,686,-578
103000026,573,105,468
103000027,197,539,-342
103000028,223,258,-35
103000029,132,247,-115
103000030,1142,996,146
103000031,854,1485,-631
103000032,2026,1184,842
103000033,2770,2491,279
103000034,1125,883,242
103000035,376,1039,-663
103000036,321,450,-129
103000037,465,402,63
103000038,436,782,-346
103000039,380,271,109
103000040,393,589,-196
103000041,1273,1274,-1
103000042,1199,371,828
103000043,559,693,-134
103000044,237,142,95
103000046,315,388,-73
103000047,544,452,92
103000048,197,153,44
103000049,86,114,-28
103000050,651,244,407
103000051,443,416,27
103000052,670,266,404
103000053,191,551,-360
103000054,2373,1031,1342
103000055,1800,1707,93
103000056,736,1054,-318
103000057,741,178,563
103000058,547,519,28
103000059,481,596,-115
103000060,668,499,169
103000061,354,717,-363
103000062,985,369,616
103000063,746,663,83
103000064,161,120,41
103000065,2,317,-315
103000066,196,9,187
103000069,378,289,89
103000070,805,546,259
103000071,1134,465,669
103000072,131,455,-324
103000073,628,84,544
103000074,635,95,540
103000075,110,456,-346
103000076,237,350,-113
103000077,23,255,-232
103000078,596,578,18
103000079,459,649,-190
103000080,661,320,341
103000081,349,1049,-700
103000082,350,155,195
103000083,74,276,-202
103000084,76,7,69
103000085,3,93,-90
103000086,356,332,24
103000087,93,522,-429
103000088,198,302,-104
103000089,234,431,-197
103000090,1821,762,1059
103000091,550,423,127
103000092,215,174,41
103000093,271,328,-57
103000094,184,58,126
103000095,56,283,-227
103000096,527,43,484
103000097,65,607,-542
103000098,747,127,620
103000099,229,461,-232
103000100,106,412,-306
103000101,903,99,804
103000102,82,391,-309
103000103,726,114,612
103000104,67,110,-43
103000105,158,81,77
103000106,7,87,-80
103000107,176,49,127
103000108,823,521,302
103000109,404,373,31
103000110,460,375,85
103000111,347,457,-110
103000112,229,171,58
103000113,490,483,7
103000114,1092,369,723
103000115,594,433,161
103000116,610,423,187
103000117,435,398,37
103000118,409,429,-20
103000119,766,352,414
103000120,34,65,-31
103000121,192,550,-358
103000122,385,609,-224
103000125,8,164,-156
103000126,672,3,669
103000127,1,136,-135
103000128,186,2,184
103000129,3,82,-79
103000130,84,43,41
103000131,115,83,32
103000132,78,178,-100
103000133,31,93,-62
103000134,274,721,-447
103000135,399,297,102
103000136,443,412,31
103000137,403,503,-100
103000138,541,679,-138
103000139,4,66,-62
103000140,112,26,86
103000141,48,109,-61
103000142,96,64,32
103000143,51,164,-113
103000144,145,36,109
103000145,8,79,-71
103000150,62,31,31
103000152,156,263,-107
103000153,161,115,46
103000156,8,219,-211
103000157,454,1,453
103000159,173,41,132
103000162,64,28,36
103000163,13,36,-23
103000164,26,15,11
103000165,116,159,-43
103000166,226,292,-66
103000167,198,92,106
103000168,116,111,5
103000169,191,373,-182
103000170,776,294,482
103000171,32,94,-62
103000172,389,252,137
103000173,594,268,326
103000174,162,239,-77
103000175,311,173,138
103000176,740,567,173
103000177,347,273,74
103000178,174,236,-62
103000179,138,31,107
103000183,130,8,122
103000185,88,31,57
103000186,132,125,7
103000187,585,227,358
103000188,15,69,-54
103000189,634,531,103
103000191,514,399,115
103000292,813,1434,-621
103000293,674,1898,-1224
103000295,55,101,-46
103000296,219,2,217
103000297,13,38,-25
103000504,68,12,56
103000505,6,19,-13
103000506,2,197,-195
103000507,198,0,198
103000508,47,43,4
103000509,204,565,-361
103900001,14,116,-102
103900002,724,138,586
103900003,1065,86,979
103900004,72,0,72
103900005,1,77,-76
103900006,3,0,3
103900007,84,2,82
103900008,9,3,6
103900009,259,403,-144
103900010,152,246,-94
103900011,336,102,234
103900012,28,19,9
103900013,81,34,47
103900014,37,17,20
103900015,67,3,64
103900016,233,143,90
103900017,40,57,-17
103900018,545,169,376
103900019,73,369,-296
103900020,192,412,-220
103900021,289,50,239
103900022,1016,563,453
103900023,165,2,163
103900024,80,224,-144
103900025,11,22,-11
103900026,13,0,13
103900027,711,161,550
103900028,25,240,-215
103900029,1063,171,892
103900030,296,106,190
103900031,28,0,28
103900032,103,75,28
103900033,50,13,37
103900034,42,93,-51
103900035,71,39,32
103900036,30,44,-14
103900037,61,52,9
103900038,118,230,-112
103900039,99,185,-86
103900040,16,140,-124
103900041,60,51,9
103900042,78,217,-139
103900043,131,44,87
103900044,77,195,-118
103900045,356,175,181
103900047,83,40,43
103900048,22,22,0
103900049,214,772,-558
103900050,14,119,-105
103900051,0,31,-31
103900052,169,200,-31
103900053,243,354,-111
103900054,102,174,-72
103900055,441,152,289
103900056,36,34,2
103900057,33,104,-71
103900058,282,409,-127
103900059,0,18,-18
103900060,63,154,-91
103900061,155,35,120
103900062,284,73,211
103900063,9,0,9
103900064,125,3,122
103900065,711,287,424
103900066,162,30,132
103900067,152,6,146
103900068,3,0,3
103900069,52,11,41
103900070,123,156,-33
103900071,9,53,-44
103900072,20,126,-106
103900073,25,37,-12
103900074,86,41,45
103900075,201,43,158
103900076,539,398,141
103900077,37,95,-58
103900078,214,99,115
103900079,118,104,14
103900080,2,23,-21
103900081,74,15,59
103900082,15,107,-92
103900083,825,1019,-194
103900084,59,67,-8
103900085,57,106,-49
103900086,659,292,367
103900088,269,497,-228
103900089,42,116,-74
103900090,12,76,-64
103900091,961,153,808
103900092,529,310,219
103900093,51,216,-165
103900094,16,55,-39
103900095,180,148,32
103900096,31,106,-75
103900097,11,328,-317
103900098,219,103,116
103900099,86,57,29
103900100,265,224,41
103900101,49,913,-864
103900102,0,29,-29
103900104,0,29,-29
103900105,110,123,-13
103900106,0,17,-17
103900107,134,145,-11
103900108,41,210,-169
103900109,113,71,42
103900110,196,39,157
103900111,113,394,-281
103900112,21,38,-17
103900113,88,188,-100
103900114,306,234,72
103900115,188,118,70
103900116,2610,2438,172
103900117,94,31,63
103900119,13,74,-61
103900120,48,87,-39
103900122,113,185,-72
103900123,885,543,342
103900124,58,258,-200
103900125,102,37,65
103900126,477,289,188
103900127,188,239,-51
103900128,101,75,26
103900131,28,61,-33
103900133,889,23,866
103900134,0,5,-5
103900135,1,2,-1
103900137,1,37,-36
103900138,80,130,-50
103900139,246,1844,-1598
103900140,2,143,-141
103900141,201,49,152
103900142,223,53,170
103900143,145,4,141
103900144,0,27,-27
103900145,188,176,12
103900146,282,178,104
103900147,297,99,198
103900148,211,180,31
103900149,336,465,-129
103900150,3394,3315,79
103900151,41,117,-76
103900152,571,215,356
103900153,4,0,4
103900154,443,1506,-1063
103900155,61,166,-105
103900156,71,102,-31
103900157,42,96,-54
103900158,118,80,38
103900159,142,38,104
103900160,45,31,14
103900161,93,151,-58
103900162,60,91,-31
103900163,4,350,-346
103900167,20,86,-66
103900168,89,67,22
103900169,41,53,-12
103900170,0,68,-68
103900171,3,20,-17
103900172,0,4,-4
103900173,14,8,6
103900174,208,48,160
103900175,42,69,-27
103900176,3,32,-29
103900177,8,114,-106
103900178,65,34,31
103900179,61,65,-4
103900180,1,32,-31
103900181,46,32,14
103900182,48,12,36
103900184,337,88,249
103900185,98,358,-260
103900187,13,71,-58
103900188,60,22,38
103900189,97,6,91
103900190,71,50,21
103900191,21,39,-18
103900192,26,67,-41
103900193,107,106,1
103900194,53,177,-124
103900195,6,75,-69
103900196,23,32,-9
103900197,18,10,8
103900198,11,16,-5
103900199,135,45,90
103900200,147,76,71
103900201,70,112,-42
103900202,10,26,-16
103900203,31,12,19
103900204,0,65,-65
103900207,0,33,-33
103900208,76,1,75
103900209,4,85,-81
103900210,48,9,39
103900211,461,185,276
103900212,106,198,-92
103900213,38,175,-137
103900214,210,186,24
103900215,202,312,-110
103900216,7,223,-216
103900217,369,22,347
103900218,2,275,-273
103900219,161,181,-20
103900233,16,1,15
103900235,27,16,11
103900236,13,2,11
103900242,6,5,1
103900243,7,4,3
103900244,108,111,-3
103900245,79,115,-36
103900246,41,34,7
103900247,33,84,-51
103900248,18,72,-54
103900249,10,55,-45
103900250,23,27,-4
103900251,3,31,-28
103900253,9,107,-98
103900254,4,30,-26
103900255,10,21,-11
103900256,18,28,-10
103900257,120,130,-10
103900258,12,2,10
103900259,39,8,31
103900261,9,3,6
103900262,9,0,9
103900263,20,16,4
103900264,32,13,19
103900265,41,16,25
103900266,2,79,-77
103900267,10,52,-42
103900268,11,49,-38
103900269,117,18,99
103900270,65,80,-15
103900271,49,63,-14
103900272,63,48,15
103900273,36,27,9
103900274,97,9,88
103900275,39,11,28
103900276,7,29,-22
103900277,4,30,-26
103900278,7,18,-11
103900279,1,24,-23
103900280,0,37,-37
104000001,2190,1367,823
104000002,1397,1732,-335
104000003,1939,1431,508
104000004,2085,2065,20
104000005,1499,1393,106
104000006,2628,2020,608
104000007,3216,3777,-561
104000008,174,178,-4
104000009,228,101,127
104000010,155,269,-114
104000011,299,196,103
104000012,128,166,-38
104000013,253,196,57
104000014,217,399,-182
104000015,293,134,159
104000016,493,228,265
104000018,741,137,604
104000019,688,173,515
104000020,125,371,-246
104000021,263,349,-86
104000022,97,194,-97
104000023,722,322,400
104000024,208,275,-67
104000026,42,255,-213
104000027,230,156,74
104000028,443,204,239
104000029,298,215,83
104000030,299,169,130
104000031,1167,304,863
104000032,198,161,37
104000033,675,432,243
104000034,331,181,150
104000035,920,328,592
104000036,712,408,304
104000037,269,161,108
104000038,488,208,280
104000039,242,102,140
104000040,148,260,-112
104000041,402,244,158
104000042,210,305,-95
104000043,165,253,-88
104000044,203,315,-112
104000045,917,644,273
104000046,804,1125,-321
104000047,650,819,-169
104000048,814,841,-27
104000049,485,245,240
104000050,181,482,-301
104000051,98,447,-349
104000052,1303,1200,103
104000053,793,371,422
104000054,552,233,319
104000055,2783,1735,1048
104000056,744,195,549
104000057,130,262,-132
104000058,769,686,83
104000059,476,810,-334
104000060,925,936,-11
104000061,1095,714,381
104000062,330,73,257
104000064,442,280,162
104000065,116,540,-424
104000069,712,1078,-366
104000070,54,365,-311
104000071,89,251,-162
104000072,429,176,253
104000075,42,197,-155
104000076,442,79,363
104000082,1887,2975,-1088
104000083,668,191,477
104000084,129,338,-209
104000085,244,274,-30
104000086,194,351,-157
104000087,271,1329,-1058
104000090,711,859,-148
104000092,1073,1293,-220
104000094,695,971,-276
104000095,1560,1100,460
104000096,1286,109,1177
104000097,1654,582,1072
104000098,2212,533,1679
104000100,1511,436,1075
104000101,967,1095,-128
104000106,31,492,-461
104000107,536,332,204
104000108,236,349,-113
104000109,299,86,213
104000110,721,751,-30
104000111,2094,1950,144
104000112,1125,443,682
104000116,0,607,-607
104000117,166,372,-206
104000118,514,147,367
104000119,482,218,264
104000120,240,421,-181
104000121,202,536,-334
104000122,566,603,-37
104000123,521,650,-129
104000124,499,1206,-707
104000125,2028,3772,-1744
104000126,345,354,-9
104000127,987,1514,-527
104000128,530,287,243
104000129,310,29,281
104000130,10,200,-190
104000131,318,293,25
104000132,286,279,7
104000133,1357,570,787
104000134,944,1414,-470
104000135,395,1597,-1202
104000136,688,3305,-2617
104000137,1315,309,1006
104000138,689,308,381
104000139,3034,2000,1034
104000141,842,758,84
104000142,507,387,120
104000143,464,282,182
104000144,105,148,-43
104000145,432,172,260
104000146,217,381,-164
104000147,111,217,-106
104000148,346,130,216
104000149,159,164,-5
104000150,870,353,517
104000151,269,255,14
104000152,449,344,105
104000153,552,407,145
104000154,607,351,256
104000155,488,471,17
104000157,822,900,-78
104000158,287,517,-230
104000159,832,412,420
104000160,1608,1605,3
104000161,160,138,22
104000162,57,85,-28
104000165,702,806,-104
104000167,613,956,-343
104000168,492,13,479
104000169,114,24,90
104000170,291,454,-163
104000248,265,398,-133
104000251,74,151,-77
104000272,0,0,0
104000273,0,0,0
104000274,0,0,0
104000275,0,0,0
104000279,661,387,274
104000290,71,220,-149
104000291,476,847,-371
104000293,688,634,54
104000294,47,2,45
104000295,429,598,-169
104000296,373,465,-92
104000297,491,1331,-840
104000298,1347,578,769
104000299,523,1171,-648
104900001,169,285,-116
104900002,51,134,-83
104900003,45,255,-210
104900004,98,189,-91
104900005,249,230,19
104900006,288,52,236
104900007,308,158,150
104900009,136,195,-59
104900010,56,31,25
104900011,15,18,-3
104900012,189,13,176
104900013,76,20,56
104900014,1700,207,1493
104900015,59,5,54
104900016,224,130,94
104900017,132,129,3
104900018,5,102,-97
104900019,209,2787,-2578
104900020,39,197,-158
104900021,2,110,-108
104900022,5,87,-82
104900023,1,38,-37
104900024,8,60,-52
104900025,45,130,-85
104900026,1,41,-40
104900027,494,273,221
104900028,39,68,-29
104900029,36,52,-16
104900030,500,206,294
104900031,72,126,-54
104900032,44,69,-25
104900033,125,235,-110
104900034,292,169,123
104900035,344,207,137
104900036,221,65,156
104900037,141,154,-13
104900038,232,569,-337
104900039,309,287,22
104900040,518,81,437
104900041,270,141,129
104900042,149,141,8
104900043,20,127,-107
104900044,682,201,481
104900045,430,54,376
104900046,194,114,80
104900047,391,93,298
104900048,367,50,317
104900049,35,39,-4
104900050,238,66,172
104900051,276,40,236
104900052,55,6,49
104900053,398,98,300
104900054,115,19,96
104900055,101,1,100
104900056,179,6,173
104900057,55,0,55
104900058,387,154,233
104900059,233,96,137
104900060,2,254,-252
104900061,171,298,-127
104900063,0,78,-78
104900064,0,46,-46
104900065,1,194,-193
104900066,0,77,-77
104900067,5,241,-236
104900068,26,129,-103
104900070,126,164,-38
104900071,2,358,-356
104900072,34,238,-204
104900073,28,81,-53
104900074,43,176,-133
104900075,45,19,26
104900076,94,189,-95
104900077,381,163,218
104900078,172,287,-115
104900079,77,444,-367
104900080,97,440,-343
104900082,3,308,-305
104900085,0,116,-116
104900087,228,6,222
104900089,204,1,203
104900090,763,630,133
104900091,426,331,95
104900093,174,349,-175
104900097,1592,1693,-101
104900098,84,26,58
104900099,114,515,-401
104900100,262,137,125
104900102,23,85,-62
104900103,371,35,336
104900104,1915,1627,288
104900106,109,98,11
104900107,107,114,-7
104900108,20,91,-71
104900109,50,112,-62
104900110,8,28,-20
104900111,90,54,36
104900112,262,371,-109
104900113,608,243,365
104900114,331,260,71
104900115,602,254,348
104900116,258,91,167
104900118,11,41,-30
104900119,1,35,-34
104900120,14,167,-153
104900121,1,42,-41
104900122,5,24,-19
104900123,65,9,56
104900124,50,0,50
104900125,506,7,499
104900126,44,36,8
104900127,23,37,-14
104900128,91,160,-69
104900129,894,1851,-957
105000001,2467,1120,1347
105000002,1886,1242,644
105000003,2508,2591,-83
105000004,608,665,-57
105000005,893,879,14
105000006,1171,1411,-240
105000007,1121,1480,-359
105000008,1254,3130,-1876
105000009,2332,2743,-411
105000010,2485,1445,1040
105000011,3154,2300,854
105000012,3120,2048,1072
105000013,870,981,-111
105000014,2137,2229,-92
105000015,8182,12716,-4534
105000016,1766,1652,114
105000017,1279,688,591
105000018,1028,1334,-306
105000019,1077,767,310
105000020,135,431,-296
105000021,251,95,156
105000022,225,96,129
105000023,533,302,231
105000028,53,102,-49
105000029,653,1179,-526
105000030,3469,1910,1559
105000031,1,28,-27
105000033,961,1291,-330
105000034,121,848,-727
105000037,512,181,331
105000038,1306,1579,-273
105000039,1621,1124,497
105000040,761,968,-207
105000041,301,816,-515
105000042,2641,1595,1046
105000043,1162,1482,-320
105000044,619,402,217
105000045,305,396,-91
105000046,1077,272,805
105000047,545,775,-230
105000048,554,196,358
105000049,212,353,-141
105000050,674,336,338
105000051,132,328,-196
105000052,691,614,77
105000053,112,121,-9
105000054,472,618,-146
105000055,646,219,427
105000056,1162,1390,-228
105000057,993,552,441
105000058,1086,856,230
105000059,807,672,135
105000060,422,412,10
105000061,731,457,274
105000062,412,510,-98
105000063,211,316,-105
105000064,1440,671,769
105000065,312,384,-72
105000066,823,857,-34
105000067,1283,617,666
105000068,300,594,-294
105000069,1266,1724,-458
105000070,454,717,-263
105000071,203,769,-566
105000072,1043,2208,-1165
105000073,758,512,246
105000074,743,559,184
105000075,456,672,-216
105000076,943,793,150
105000077,2007,891,1116
105000078,857,1057,-200
105000079,1064,2821,-1757
105000080,1521,1146,375
105000081,2990,1270,1720
105000082,945,1713,-768
105000083,3872,3590,282
105000084,603,677,-74
105000085,1606,1920,-314
105000086,563,815,-252
105000087,1018,1306,-288
105000088,1207,1383,-176
105000089,1875,1458,417
105000090,782,644,138
105000091,905,1209,-304
105000092,510,612,-102
105000093,271,223,48
105000094,265,181,84
105000095,106,448,-342
105000096,1054,882,172
105000097,704,668,36
105000098,820,505,315
105000099,641,573,68
105000100,1256,891,365
105000101,1681,1416,265
105000102,1314,1011,303
105000103,1115,1519,-404
105000104,1895,680,1215
105000105,929,1353,-424
105000106,1164,1079,85
105000107,1357,643,714
105000108,1521,902,619
105000109,1487,1059,428
105000110,766,428,338
105000111,859,502,357
105000112,1033,463,570
105000113,388,572,-184
105000114,1813,958,855
105000115,292,1153,-861
105000116,739,408,331
105000117,748,616,132
105000118,481,266,215
105000119,452,512,-60
105000120,980,366,614
105000121,683,626,57
105000122,431,571,-140
105000123,845,818,27
105000124,1753,652,1101
105000125,748,1286,-538
105000126,1877,1118,759
105000127,2175,1382,793
105000128,541,749,-208
105000129,728,262,466
105000130,336,2674,-2338
105000131,576,254,322
105000132,815,557,258
105000133,445,680,-235
105000134,695,480,215
105000135,451,449,2
105000136,112,222,-110
105000137,519,180,339
105000138,174,285,-111
105000139,846,644,202
105000140,527,400,127
105000141,345,370,-25
105000142,275,350,-75
105000143,202,436,-234
105000144,238,647,-409
105000145,681,262,419
105000146,406,652,-246
105000147,678,316,362
105000148,933,516,417
105000149,2270,1740,530
105000150,1582,1057,525
105000151,401,294,107
105000152,166,358,-192
105000153,485,527,-42
105000154,491,389,102
105000155,317,737,-420
105000156,544,363,181
105000157,663,1042,-379
105000158,1599,573,1026
105000159,231,704,-473
105000160,1764,517,1247
105000161,569,600,-31
105000162,460,1452,-992
105000163,739,571,168
105000164,209,183,26
105000165,510,4457,-3947
105000166,3203,904,2299
105000167,1106,1545,-439
105000168,382,409,-27
105000169,520,191,329
105000170,278,947,-669
105000171,860,165,695
105000172,197,28,169
105000173,202,39,163
105000174,75,38,37
105000175,64,75,-11
105000176,373,58,315
105000177,261,207,54
105000178,164,310,-146
105000179,715,96,619
105000180,166,82,84
105000181,131,156,-25
105000182,41,48,-7
105000183,1390,1671,-281
105000184,976,859,117
105000185,984,863,121
105000186,366,603,-237
105000187,653,158,495
105000188,221,154,67
105000189,106,337,-231
105000190,267,292,-25
105000191,361,254,107
105000192,312,53,259
105000193,76,91,-15
105000194,522,94,428
105000195,248,483,-235
105000196,100,259,-159
105000197,272,411,-139
105000198,446,202,244
105000199,208,672,-464
105000200,126,218,-92
105000201,126,37,89
105000203,18,143,-125
105000204,94,65,29
105000205,87,161,-74
105000207,331,169,162
105000208,198,490,-292
105000209,182,277,-95
105000211,214,11,203
105000212,1126,893,233
105000213,142,145,-3
105000214,146,141,5
105000215,282,159,123
105000216,162,189,-27
105000217,157,183,-26
105000218,1355,892,463
105000221,141,154,-13
105000222,423,146,277
105000223,298,138,160
105000226,104,115,-11
105000227,48,96,-48
105000228,178,1708,-1530
105000229,163,424,-261
105000231,376,263,113
105000233,767,553,214
105000234,443,855,-412
105000235,385,518,-133
105000237,587,50,537
105000243,20,11,9
105000248,77,79,-2
105000262,305,679,-374
105000269,98,137,-39
105000270,425,57,368
105000271,0,134,-134
105000282,67,46,21
105000287,334,62,272
105000288,766,316,450
105000289,2173,1705,468
105000290,20,6,14
105000402,2261,3337,-1076
105000426,338,454,-116
105000438,3352,1454,1898
105000440,24,14,10
105000446,6973,4411,2562
105000447,3972,2074,1898
105000454,542,429,113
105000455,243,115,128
105000474,43,0,43
105000477,403,435,-32
105000478,1792,4203,-2411
105000479,87,99,-12
105000480,7865,6373,1492
105000481,4367,2934,1433
105000482,3689,6095,-2406
105000483,1465,1873,-408
105000484,1738,2569,-831
105000485,1412,3105,-1693
105000486,2528,2019,509
105000488,7682,3931,3751
105000489,907,681,226
105000549,87,138,-51
105000550,362,1122,-760
105000551,32,78,-46
105000552,1849,1166,683
105000555,979,953,26
105000556,26,12,14
105000557,27,122,-95
105900001,4,1173,-1169
105900002,779,624,155
105900003,5,87,-82
105900004,157,112,45
105900005,4,185,-181
105900006,4,105,-101
105900007,72,19,53
105900008,54,398,-344
105900009,18,11,7
105900011,150,27,123
105900012,365,57,308
105900013,0,24,-24
105900014,11,42,-31
105900015,111,246,-135
105900016,386,263,123
105900017,1212,33,1179
105900018,164,123,41
105900019,38,139,-101
105900020,33,61,-28
105900021,15,114,-99
105900022,170,102,68
105900023,7,52,-45
105900024,5,147,-142
105900025,206,26,180
105900026,168,8,160
105900027,5556,4095,1461
105900028,316,284,32
105900029,1186,262,924
105900030,191,203,-12
105900031,299,151,148
105900032,47,82,-35
105900033,80,80,0
105900034,155,128,27
105900035,145,106,39
105900036,136,93,43
105900037,97,61,36
105900038,132,180,-48
105900039,126,69,57
105900040,59,63,-4
105900041,111,114,-3
105900042,49,140,-91
105900043,837,34,803
105900044,3,186,-183
105900045,2,572,-570
105900046,5,237,-232
105900047,7,44,-37
105900048,153,383,-230
105900050,2926,2152,774
105900051,38,769,-731
105900052,448,142,306
105900053,1745,2585,-840
105900054,224,107,117
105900056,450,361,89
105900057,15,90,-75
105900058,15,15,0
105900059,0,48,-48
106000001,3151,2195,956
106000002,1387,4227,-2840
106000003,2652,3154,-502
106000004,1358,2209,-851
106000005,3505,4215,-710
106000006,4424,2844,1580
106000007,525,483,42
106000008,397,263,134
106000009,574,327,247
106000010,635,522,113
106000011,1123,932,191
106000012,835,907,-72
106000013,1535,1519,16
106000014,1485,1141,344
106000015,1754,932,822
106000016,1084,1288,-204
106000017,570,536,34
106000018,532,313,219
106000019,351,353,-2
106000020,275,244,31
106000021,304,330,-26
106000022,339,135,204
106000023,651,239,412
106000024,520,326,194
106000025,150,185,-35
106000026,68,149,-81
106000027,1421,1087,334
106000028,589,334,255
106000029,601,641,-40
106000030,324,414,-90
106000034,165,482,-317
106000035,909,1631,-722
106000036,155,384,-229
106000037,1552,1036,516
106000038,214,113,101
106000039,112,91,21
106000040,101,675,-574
106000041,609,460,149
106000043,561,234,327
106000046,256,63,193
106000047,31,291,-260
106000049,1081,159,922
106000050,298,466,-168
106000051,664,438,226
106000052,92,379,-287
106000053,334,106,228
106000054,278,283,-5
106000055,990,635,355
106000056,198,247,-49
106000057,371,229,142
106000058,112,126,-14
106000059,311,241,70
106000060,258,350,-92
106000061,240,450,-210
106000062,122,413,-291
106000063,714,477,237
106000064,33,216,-183
106000065,330,224,106
106000066,120,192,-72
106000067,317,72,245
106000068,55,485,-430
106000069,222,58,164
106000070,457,550,-93
106000071,1044,250,794
106000072,1869,1323,546
106000073,1163,2684,-1521
106000074,495,524,-29
106000075,327,1154,-827
106000076,1608,1584,24
106000077,2752,1197,1555
106000078,1063,698,365
106000079,677,649,28
106000080,1073,546,527
106000081,601,840,-239
106000082,1989,739,1250
106000083,442,1229,-787
106000084,1047,607,440
106000085,1155,1241,-86
106000086,583,660,-77
106000087,876,498,378
106000088,441,570,-129
106000089,947,301,646
106000090,276,421,-145
106000091,236,417,-181
106000092,524,218,306
106000093,327,100,227
106000094,58,188,-130
106000095,808,566,242
106000096,826,498,328
106000097,912,543,369
106000098,640,750,-110
106000099,228,481,-253
106000100,969,198,771
106000101,834,203,631
106000102,184,380,-196
106000103,238,351,-113
106000104,709,275,434
106000105,403,378,25
106000106,619,303,316
106000107,177,231,-54
106000108,307,225,82
106000109,181,213,-32
106000110,251,249,2
106000111,168,263,-95
106000112,209,514,-305
106000113,488,408,80
106000114,395,648,-253
106000115,213,277,-64
106000116,291,148,143
106000117,850,538,312
106000118,1020,1090,-70
106000119,1055,722,333
106000120,841,1072,-231
106000121,181,128,53
106000122,110,112,-2
106000123,492,91,401
106000124,44,147,-103
106000125,22,138,-116
106000126,322,62,260
106000127,803,583,220
106000128,819,124,695
106000129,432,360,72
106000130,759,248,511
106000131,142,529,-387
106000132,460,118,342
106000133,1005,877,128
106000134,453,1564,-1111
106000135,179,354,-175
106000136,578,973,-395
106000137,49,447,-398
106000138,1080,93,987
106000139,66,78,-12
106000140,50,21,29
106000141,122,42,80
106000142,112,59,53
106000143,26,49,-23
106000144,26,74,-48
106000145,215,193,22
106000146,392,98,294
106000147,264,313,-49
106000148,346,606,-260
106000149,527,273,254
106000150,468,1498,-1030
106000151,2633,639,1994
106000152,976,1634,-658
106000153,95,1312,-1217
106000154,980,163,817
106000155,129,219,-90
106000156,810,231,579
106000157,481,1124,-643
106000158,1517,743,774
106000159,1862,1603,259
106000160,400,2244,-1844
106000161,1109,281,828
106000162,315,903,-588
106000163,404,234,170
106000164,448,219,229
106000165,200,334,-134
106000166,724,200,524
106000167,319,646,-327
106000168,493,181,312
106000169,238,420,-182
106000170,825,196,629
106000171,169,891,-722
106000172,2292,962,1330
106000173,831,1868,-1037
106000174,1102,306,796
106000175,261,550,-289
106000176,1693,697,996
106000177,632,1516,-884
106000178,2619,1124,1495
106000179,807,1422,-615
106000180,596,721,-125
106000181,738,996,-258
106000182,1372,464,908
106000183,1406,404,1002
106000184,1179,342,837
106000185,905,802,103
106000186,665,85,580
106000187,163,918,-755
106000188,2,3,-1
106000189,12,24,-12
106000190,29,2,27
106000191,609,142,467
106000192,0,26,-26
106000193,290,152,138
106000194,149,233,-84
106000195,195,88,107
106000196,71,224,-153
106000197,469,143,326
106000198,102,168,-66
106000199,432,515,-83
106000200,156,173,-17
106000201,315,2218,-1903
106000202,1927,380,1547
106000203,30,130,-100
106000204,110,6,104
106000205,19,104,-85
106000206,88,16,72
106000207,44,383,-339
106000208,1191,142,1049
106000209,1485,311,1174
106000210,283,624,-341
106000211,238,758,-520
106000212,846,331,515
106000213,391,1342,-951
106000214,1734,483,1251
106000215,228,350,-122
106000216,324,233,91
106000217,175,282,-107
106000218,421,306,115
106000219,127,215,-88
106000220,411,193,218
106000221,246,189,57
106000222,62,95,-33
106000223,226,96,130
106000224,220,119,101
106000225,126,71,55
106000226,131,207,-76
106000228,49,64,-15
106000229,77,454,-377
106000231,766,80,686
106000232,99,202,-103
106000233,459,85,374
106000234,52,136,-84
106000235,251,73,178
106000236,77,55,22
106000237,1,5,-4
106000238,9,14,-5
106000239,9,74,-65
106000240,62,3,59
106000241,21,511,-490
106000242,264,34,230
106000249,87,50,37
106000250,51,514,-463
106000251,99,26,73
106000252,6,35,-29
106000253,64,55,9
106000254,38,29,9
106000255,13,127,-114
106000256,25,40,-15
106000257,121,110,11
106000258,140,13,127
106000259,0,45,-45
106000260,54,10,44
106000261,6,43,-37
106000262,66,8,58
106000263,2,43,-41
106000264,172,7,165
106000265,11,69,-58
106000266,90,14,76
106000267,6,49,-43
106000268,382,74,308
106000269,66,25,41
106000270,75,309,-234
106000271,54,160,-106
106000272,149,29,120
106000273,11,188,-177
106000274,113,26,87
106000275,131,201,-70
106000276,117,37,80
106000277,91,240,-149
106000278,123,17,106
106000279,12,18,-6
106000280,75,53,22
106000281,67,39,28
106000282,38,58,-20
106000283,143,42,101
106000284,95,74,21
106000285,86,62,24
106000286,114,109,5
106000287,111,43,68
106000288,96,119,-23
106000289,95,54,41
106000290,52,77,-25
106000291,100,68,32
106000292,77,64,13
106000293,130,87,43
106000294,94,81,13
106000295,55,59,-4
106000296,27,68,-41
106000297,53,176,-123
106000298,95,46,49
106000299,53,112,-59
106000300,51,94,-43
106000301,75,108,-33
106000303,20,76,-56
106000304,19,22,-3
106000305,44,33,11
106000306,42,28,14
106000307,48,17,31
106000308,31,49,-18
106000309,24,38,-14
106000310,246,399,-153
106000311,331,150,181
106000312,99,100,-1
106000313,147,172,-25
106000318,43,365,-322
106000319,998,239,759
106000320,4,72,-68
106000321,186,93,93
106000322,171,102,69
106000324,12,92,-80
106000325,1446,677,769
106000326,874,1299,-425
106000327,152,73,79
106000328,61,91,-30
106000329,65,154,-89
106000330,40,57,-17
106000428,108,141,-33
106000429,158,355,-197
106000430,254,833,-579
106000431,1990,311,1679
106000432,1510,2229,-719
106000433,2380,1190,1190
106000434,2851,1365,1486
106000435,1124,1876,-752
106000436,5,112,-107
106000437,204,25,179
106000438,243,127,116
106000439,42,214,-172
106000440,189,363,-174
106000441,2,1,1
106000442,135,10,125
106000443,161,188,-27
106000450,0,96,-96
106000451,40,38,2
106000454,2,106,-104
106000455,5,127,-122
106000456,86,34,52
106000457,8,481,-473
106000458,854,81,773
106000459,181,248,-67
106000460,1353,17,1336
106000461,130,536,-406
106000462,0,30,-30
106000463,4,18,-14
106000464,2,198,-196
106000465,757,3,754
106000466,6,290,-284
106000467,205,323,-118
106000468,106,90,16
106000469,121,1,120
106000470,223,1430,-1207
106000471,18,337,-319
106000472,131,8,123
106000473,29,13,16
106000474,265,348,-83
106000475,295,189,106
106000476,149,249,-100
106000477,49,105,-56
106000480,0,310,-310
106900001,0,6,-6
106900002,0,252,-252
106900003,180,595,-415
106900004,2,18,-16
106900006,0,4,-4
106900007,0,11,-11
106900008,362,117,245
106900009,326,163,163
106900010,214,176,38
106900012,878,1770,-892
106900013,457,150,307
106900014,21,3,18
106900015,14,1,13
106900016,336,9,327
106900017,8,1,7
106900018,0,1,-1
106900019,67,1,66
106900020,1349,1374,-25
106900021,102,87,15
106900022,803,6,797
106900023,55,247,-192
106900024,414,40,374
106900025,53,395,-342
106900026,2,318,-316
106900027,636,3,633
107000001,3331,3216,115
107000002,2130,3184,-1054
107000003,5858,5427,431
107000004,3548,2849,699
107000005,5052,5102,-50
107000006,3191,2225,966
107000007,5422,8427,-3005
107000008,7144,5221,1923
107000009,7508,7006,502
107000010,6925,5568,1357
107000011,959,1020,-61
107000012,3339,1982,1357
107000013,104,97,7
107000014,57,171,-114
107000015,414,566,-152
107000016,762,609,153
107000017,1451,1420,31
107000018,12,891,-879
107000020,1131,1344,-213
107000021,1001,355,646
107000022,710,1168,-458
107000023,1613,196,1417
107000024,605,1052,-447
107000025,252,290,-38
107000026,207,346,-139
107000027,1346,741,605
107000028,1301,885,416
107000029,3257,2458,799
107000030,2285,2104,181
107000031,4189,2148,2041
107000032,436,626,-190
107000033,2229,2974,-745
107000034,2434,1168,1266
107000035,379,210,169
107000036,366,1028,-662
107000037,86,625,-539
107000038,204,199,5
107000039,794,732,62
107000040,171,285,-114
107000041,1104,548,556
107000042,623,1731,-1108
107000043,1920,965,955
107000044,452,264,188
107000045,83,240,-157
107000046,721,407,314
107000047,383,742,-359
107000048,644,259,385
107000049,550,644,-94
107000050,933,435,498
107000051,264,332,-68
107000052,1029,955,74
107000053,336,190,146
107000054,64,295,-231
107000055,342,126,216
107000056,494,705,-211
107000057,1292,255,1037
107000058,1860,2070,-210
107000059,1667,2308,-641
107000060,4439,4573,-134
107000061,4159,2551,1608
107000062,4793,2401,2392
107000063,3559,3344,215
107000064,4576,2136,2440
107000065,2652,3018,-366
107000066,1512,2457,-945
107000067,1097,1086,11
107000068,1075,684,391
107000069,811,542,269
107000070,1133,10,1123
107000071,3527,61,3466
107000072,36,1915,-1879
107000073,863,357,506
107000074,161,726,-565
107000075,1954,507,1447
107000076,627,1023,-396
107000077,3619,1328,2291
107000078,2399,2194,205
107000079,2837,1053,1784
107000080,1029,2242,-1213
107000081,1970,548,1422
107000082,547,1057,-510
107000083,1313,426,887
107000084,258,1048,-790
107000085,2601,2751,-150
107000086,2885,2729,156
107000087,2597,1764,833
107000088,2599,2901,-302
107000089,1536,1404,132
107000090,1002,872,130
107000091,1444,743,701
107000092,742,782,-40
107000093,1130,695,435
107000094,868,876,-8
107000095,735,588,147
107000096,427,562,-135
107000097,736,238,498
107000098,399,389,10
107000099,385,267,118
107000100,204,210,-6
107000101,59,149,-90
107000102,203,258,-55
107000103,291,161,130
107000104,199,244,-45
107000105,436,111,325
107000106,179,183,-4
107000107,710,127,583
107000108,137,368,-231
107000109,591,116,475
107000110,38,370,-332
107000111,332,39,293
107000112,51,173,-122
107000113,752,100,652
107000114,97,379,-282
107000115,629,186,443
107000116,98,496,-398
107000117,157,695,-538
107000118,142,121,21
107000119,1115,1432,-317
107000120,804,461,343
107000121,1045,567,478
107000122,1084,619,465
107000123,507,470,37
107000124,559,649,-90
107000125,999,447,552
107000126,927,542,385
107000129,218,438,-220
107000130,613,218,395
107000131,395,412,-17
107000132,637,324,313
107000133,577,112,465
107000134,244,6,238
107000135,6,311,-305
107000136,615,16,599
107000137,5,499,-494
107000138,244,26,218
107000139,33,537,-504
107000140,1100,126,974
107000141,111,573,-462
107000142,461,99,362
107000143,76,453,-377
107000144,415,470,-55
107000145,173,377,-204
107000146,149,281,-132
107000147,3675,960,2715
107000150,462,2682,-2220
107000151,30,74,-44
107000152,379,1288,-909
107000153,127,245,-118
107000154,175,219,-44
107000155,826,15,811
107000156,1127,12,1115
107000157,65,851,-786
107000158,740,25,715
107000159,38,649,-611
107000160,1268,125,1143
107000161,73,775,-702
107000162,206,496,-290
107000163,285,49,236
107000164,747,2,745
107000165,1180,13,1167
107000166,33,715,-682
107000167,649,176,473
107000168,1070,467,603
107000169,681,630,51
107000170,2324,660,1664
107000171,550,1089,-539
107000172,1091,1404,-313
107000173,537,551,-14
107000174,1086,4684,-3598
107000175,4399,1036,3363
107000176,0,0,0
107000177,5,0,5
107000178,24,43,-19
107000179,255,1391,-1136
107000180,1517,192,1325
107000181,416,837,-421
107000182,1999,681,1318
107000183,217,574,-357
107000184,1129,531,598
107000185,469,988,-519
107000186,1244,271,973
107000187,1163,1051,112
107000188,687,464,223
107000189,501,906,-405
107000190,567,493,74
107000191,783,866,-83
107000192,1518,490,1028
107000193,357,403,-46
107000194,798,510,288
107000197,896,220,676
107000198,318,580,-262
107000199,607,552,55
107000200,480,562,-82
107000201,498,214,284
107000202,303,405,-102
107000203,783,768,15
107000204,926,908,18
107000205,1421,812,609
107000206,679,1276,-597
107000207,513,893,-380
107000208,743,530,213
107000209,1384,1366,18
107000210,498,275,223
107000211,8,44,-36
107000212,7,307,-300
107000213,3,18,-15
107000214,16,131,-115
107000215,434,265,169
107000216,439,240,199
107000217,149,103,46
107000219,66,135,-69
107000220,161,130,31
107000222,206,402,-196
107000224,380,72,308
107000225,133,219,-86
107000226,519,84,435
107000227,90,137,-47
107000228,90,307,-217
107000229,117,105,12
107000230,895,464,431
107000231,950,1500,-550
107000232,136,27,109
107000233,807,752,55
107000234,2,63,-61
107000235,79,14,65
107000236,18,361,-343
107000237,18,0,18
107000238,42,1,41
107000239,2072,456,1616
107000240,80,498,-418
107000243,0,30,-30
107000244,10,73,-63
107000246,2,1016,-1014
107000249,0,1086,-1086
107000251,2,342,-340
107000252,2,540,-538
107000255,256,83,173
107000257,1,223,-222
107000258,0,85,-85
107000259,2,117,-115
107000260,810,2,808
107000262,7,311,-304
107000263,322,1,321
107000266,3,11,-8
107000267,51,80,-29
107000268,96,96,0
107000269,590,48,542
107000270,4,7,-3
107000271,19,368,-349
107000272,19,74,-55
107000273,8,171,-163
107000274,1325,404,921
107000275,20,1177,-1157
107000280,974,16,958
107000281,39,449,-410
107000282,59,489,-430
107000290,7,26,-19
107000291,20,3,17
107000292,5,65,-60
107000293,32,8,24
107000294,0,41,-41
107000295,20,4,16
107000296,1,22,-21
107000444,238,8,230
107000496,2,8,-6
107000497,1175,1409,-234
107000500,365,239,126
107000501,109,128,-19
107000502,135,226,-91
107000505,288,653,-365
107000506,0,17,-17
107000508,3,352,-349
107000509,214,565,-351
107000510,16,29,-13
107000514,58,322,-264
107000515,11,109,-98
107000516,439,223,216
107000518,1010,1455,-445
107000519,1038,720,318
107000520,79,28,51
107000521,610,264,346
107000522,967,369,598
107900001,68,98,-30
107900002,57,10,47
107900003,485,34,451
107900004,10,0,10
107900005,1253,5,1248
107900006,146,1,145
107900007,339,34,305
107900008,57,19,38
107900009,111,10,101
107900010,50,3,47
107900012,237,52,185
107900013,140,26,114
107900014,44,6,38
107900015,899,8,891
107900016,318,79,239
107900017,12,0,12
107900018,65,174,-109
107900019,30,19,11
107900020,43,20,23
107900021,76,61,15
107900023,2,2,0
107900024,0,21,-21
107900025,213,198,15
107900026,92,28,64
107900027,15,38,-23
107900028,107,43,64
107900030,174,19,155
107900031,63,63,0
107900032,42,19,23
107900033,23,7,16
107900034,290,15,275
107900035,857,45,812
107900036,75,32,43
107900037,0,35,-35
107900038,119,224,-105
107900039,39,38,1
107900040,11,150,-139
107900041,0,1,-1
107900043,32,80,-48
107900044,10,10,0
107900045,93,47,46
107900046,148,117,31
107900047,45,26,19
107900048,169,10,159
107900049,342,674,-332
107900050,106,202,-96
107900051,107,53,54
107900052,21,23,-2
107900053,69,54,15
107900055,496,175,321
107900056,104,64,40
107900057,5,1,4
107900058,31,353,-322
107900060,20,37,-17
107900061,12,7,5
107900063,78,110,-32
107900064,260,151,109
107900065,220,8,212
107900066,19,9,10
107900067,0,0,0
107900068,95,394,-299
107900069,47,2147,-2100
107900070,109,30,79
107900071,21,418,-397
107900072,90,94,-4
107900073,78,60,18
107900074,485,287,198
107900076,165,40,125
107900077,79,1,78
107900079,5,22,-17
107900080,186,502,-316
107900081,65,64,1
107900082,14,8,6
107900083,275,143,132
107900084,99,96,3
107900086,46,135,-89
107900087,394,110,284
107900088,56,8,48
107900089,179,722,-543
107900090,513,1968,-1455
107900091,138,210,-72
107900093,73,45,28
107900095,2302,1886,416
107900097,24,53,-29
107900098,63,139,-76
107900100,600,1253,-653
107900101,666,89,577
107900102,27,4,23
107900103,30,125,-95
107900104,158,11,147
107900105,11,218,-207
107900106,5,625,-620
107900107,799,443,356
107900108,171,122,49
107900109,1546,34,1512
107900110,39,38,1
107900111,6,412,-406
107900112,107,370,-263
107900113,211,47,164
107900114,163,100,63
107900115,0,25,-25
107900116,221,83,138
107900117,211,195,16
107900118,48,84,-36
107900119,84,177,-93
107900120,54,17,37
107900121,3,102,-99
107900122,0,55,-55
107900123,0,43,-43
107900124,24,24,0
107900125,21,171,-150
107900126,8,47,-39
107900127,311,310,1
107900128,59,60,-1
107900129,84,34,50
107900130,91,7,84
107900131,355,227,128
107900132,80,169,-89
107900133,0,49,-49
107900134,42,103,-61
107900135,5,114,-109
107900136,18,20,-2
107900137,80,101,-21
107900138,50,15,35
107900139,54,21,33
107900141,35,14,21
107900142,44,486,-442
107900143,42,15,27
107900144,1,142,-141
107900145,8,47,-39
107900146,36,98,-62
107900147,50,24,26
107900148,146,68,78
107900149,542,138,404
107900150,56,373,-317
107900151,42,88,-46
107900152,4,89,-85
107900153,124,251,-127
107900154,47,26,21
107900155,82,42,40
107900156,0,193,-193
107900157,44,33,11
107900158,752,14,738
107900159,20,472,-452
107900160,97,167,-70
107900161,26,121,-95
107900162,1,24,-23
107900163,18,26,-8
107900164,5,33,-28
107900165,13,105,-92
107900166,26,114,-88
107900167,16,36,-20
107900168,43,32,11
107900169,1,110,-109
107900171,0,680,-680
107900172,0,211,-211
107900173,19,91,-72
107900174,128,2,126
107900175,46,51,-5
107900176,31,27,4
107900177,0,62,-62
107900178,0,122,-122
107900179,9,82,-73
107900180,352,705,-353
107900181,261,151,110
107900182,7,524,-517
107900183,57,146,-89
107900184,105,184,-79
107900185,144,6,138
107900186,37,31,6
107900187,2,80,-78
107900188,447,115,332
107900189,22,78,-56
107900190,33,136,-103
107900191,63,78,-15
107900193,4,25,-21
107900194,219,6,213
107900195,1252,233,1019
107900196,76,81,-5
107900197,447,306,141
107900199,4,595,-591
107900201,63,46,17
107900203,39,59,-20
107900204,164,168,-4
107900206,701,223,478
107900207,14,430,-416
107900208,6,306,-300
107900209,295,125,170
107900210,64,79,-15
107900213,390,376,14
107900214,20,48,-28
107900215,91,280,-189
107900216,193,63,130
107900217,11,92,-81
107900218,19,1011,-992
107900219,23,31,-8
107900220,146,246,-100
107900221,94,152,-58
107900223,79,292,-213
107900224,120,299,-179
107900225,13,415,-402
107900226,89,83,6
107900227,109,260,-151
107900228,16,61,-45
107900229,2,122,-120
107900230,6,60,-54
107900231,18,168,-150
107900232,60,69,-9
107900233,13,78,-65
107900234,102,70,32
107900235,15,74,-59
107900236,106,51,55
107900237,40,327,-287
107900238,32,76,-44
107900239,507,367,140
107900240,16,76,-60
107900241,23,52,-29
107900242,23,125,-102
107900243,3,35,-32
107900244,309,5,304
107900245,777,31,746
107900246,168,17,151
107900248,208,186,22
107900249,784,32,752
107900250,5,258,-253
107900251,61,785,-724
107900252,854,23,831
107900253,149,4,145
107900254,74,147,-73
107900255,203,71,132
107900256,434,803,-369
107900257,171,79,92
107900258,102,158,-56
107900259,84,1902,-1818
107900261,1,176,-175
107900262,33,81,-48
107900264,305,1,304
107900265,135,87,48
107900267,316,5,311
107900268,18,3,15
107900269,0,4,-4
107900270,1,1,0
107900271,4,18,-14
107900272,84,37,47
107900273,55,86,-31
107900274,120,0,120
107900275,27,1,26
107900276,0,131,-131
107900277,0,153,-153
107900278,258,300,-42
107900279,64,203,-139
107900280,1485,1456,29
107900281,641,2622,-1981
107900282,19,365,-346
107900283,605,552,53
107900284,448,392,56
107900285,144,34,110
107900286,92,53,39
107900287,258,170,88
107900290,0,133,-133
107900291,452,30,422
107900292,126,133,-7
107900293,69,275,-206
107900295,67,33,34
107900297,1,186,-185
107900298,559,535,24
107900299,1744,2252,-508
107900301,505,557,-52
107900302,95,24,71
107900303,172,198,-26
107900304,312,228,84
107900305,290,12,278
107900306,11,40,-29
107900307,54,194,-140
107900308,161,99,62
107900309,70,1,69
107900310,377,4,373
107900311,20,448,-428
107900312,68,0,68
107900313,7,127,-120
107900314,0,51,-51
107900315,3,27,-24
107900316,39,2,37
107900317,76,18,58
107900318,24,100,-76
107900319,5,87,-82
107900320,0,68,-68
107900321,133,3,130
107900322,1,62,-61
107900323,4,76,-72
107900324,140,4,136
107900325,106,0,106
107900326,318,165,153
107900327,4,67,-63
107900328,73,1,72
107900329,83,77,6
107900330,3,207,-204
107900331,262,21,241
107900332,287,21,266
107900333,61,13,48
107900334,12,100,-88
107900335,53,25,28
107900336,30,46,-16
107900337,610,862,-252
107900338,3,100,-97
107900339,1,9,-8
107900340,4,59,-55
107900341,68,2,66
107900342,116,100,16
107900343,58,2,56
107900344,7,34,-27
107900345,90,19,71
107900346,18,0,18
107900347,19,4,15
107900348,1,2,-1
107900349,25,5,20
107900350,24,159,-135
107900351,0,113,-113
107900352,2,21,-19
107900353,11,6,5
107900354,9,47,-38
108000001,2882,3237,-355
108000002,1778,1740,38
108000003,3109,3205,-96
108000004,9497,10644,-1147
108000005,7773,6198,1575
108000006,6896,5743,1153
108000007,4577,3810,767
108000008,3402,4627,-1225
108000009,3537,4263,-726
108000010,2800,3240,-440
108000011,11176,10902,274
108000012,12366,11131,1235
108000014,767,977,-210
108000015,942,233,709
108000016,322,916,-594
108000017,1070,371,699
108000018,1768,592,1176
108000019,1562,834,728
108000020,1345,508,837
108000021,350,1431,-1081
108000022,428,1166,-738
108000023,1197,198,999
108000024,375,373,2
108000025,295,325,-30
108000026,981,330,651
108000027,775,535,240
108000028,920,226,694
108000029,592,662,-70
108000030,552,195,357
108000031,176,482,-306
108000032,1806,601,1205
108000033,646,741,-95
108000034,1449,360,1089
108000035,616,1467,-851
108000036,359,737,-378
108000037,1672,342,1330
108000038,2676,445,2231
108000039,419,1481,-1062
108000040,1820,805,1015
108000041,622,1587,-965
108000042,300,182,118
108000043,234,225,9
108000044,628,187,441
108000045,354,308,46
108000046,1384,228,1156
108000047,349,583,-234
108000048,195,269,-74
108000049,941,250,691
108000050,137,457,-320
108000051,327,98,229
108000052,208,459,-251
108000053,420,238,182
108000054,376,693,-317
108000055,973,550,423
108000056,1007,922,85
108000057,613,1102,-489
108000058,1806,3180,-1374
108000059,2404,1410,994
108000060,263,609,-346
108000061,284,408,-124
108000062,765,491,274
108000063,469,355,114
108000064,280,202,78
108000065,502,336,166
108000066,1466,665,801
108000067,1724,625,1099
108000068,646,298,348
108000069,257,724,-467
108000070,1995,641,1354
108000071,605,990,-385
108000072,1774,840,934
108000073,1107,1177,-70
108000074,646,373,273
108000075,279,523,-244
108000076,848,499,349
108000077,590,440,150
108000078,2422,976,1446
108000079,768,1000,-232
108000080,1356,424,932
108000081,423,965,-542
108000082,838,1276,-438
108000083,1923,919,1004
108000084,367,778,-411
108000085,872,403,469
108000086,655,524,131
108000087,155,2074,-1919
108000088,742,138,604
108000089,308,290,18
108000091,168,358,-190
108000092,155,86,69
108000093,176,300,-124
108000094,656,93,563
108000095,168,218,-50
108000096,332,174,158
108000097,177,252,-75
108000098,1663,1086,577
108000099,1000,308,692
108000100,176,462,-286
108000101,1274,1419,-145
108000102,1654,3185,-1531
108000106,705,1,704
108000107,4,714,-710
108000108,744,54,690
108000109,12,883,-871
108000110,201,252,-51
108000111,149,389,-240
108000112,45,128,-83
108000113,390,163,227
108000115,338,211,127
108000117,520,280,240
108000118,471,1727,-1256
108000119,509,264,245
108000120,176,652,-476
108000121,138,307,-169
108000122,563,275,288
108000123,745,154,591
108000124,317,302,15
108000125,510,172,338
108000126,154,306,-152
108000127,443,182,261
108000128,534,299,235
108000129,261,600,-339
108000130,408,150,258
108000131,1069,446,623
108000132,1676,907,769
108000133,959,446,513
108000134,463,410,53
108000135,994,393,601
108000136,211,517,-306
108000137,473,211,262
108000138,388,660,-272
108000139,581,246,335
108000140,106,21,85
108000141,44,46,-2
108000142,51,50,1
108000143,29,241,-212
108000144,487,74,413
108000145,19,9,10
108000146,700,43,657
108000147,26,15,11
108000148,648,79,569
108000149,13,8,5
108000150,35,11,24
108000151,160,76,84
108000152,99,282,-183
108000153,606,132,474
108000154,52,6,46
108000155,44,18,26
108000156,614,276,338
108000157,147,1008,-861
108000158,81,709,-628
108000159,360,178,182
108000160,1759,1014,745
108000161,1652,2304,-652
108000165,2,149,-147
108000172,4,187,-183
108000173,1154,1857,-703
108000175,630,124,506
108000178,336,215,121
108000179,147,825,-678
108000181,76,35,41
108000182,228,87,141
108000183,33,376,-343
108000184,663,2099,-1436
108000185,221,252,-31
108000186,440,282,158
108000187,112,294,-182
108000188,589,165,424
108000189,1336,8204,-6868
108000190,30,143,-113
108000192,151,390,-239
108000193,626,17,609
108000194,33,10,23
108000195,1,685,-684
108000196,160,126,34
108000198,649,255,394
108000199,0,316,-316
108000200,360,234,126
108000203,134,333,-199
108000204,147,50,97
108000205,174,256,-82
108000339,856,317,539
108000364,212,451,-239
108000365,69,237,-168
108000367,145,234,-89
108000368,12,30,-18
108000369,471,200,271
108000371,16,660,-644
108000372,650,10,640
108000373,292,140,152
108000376,84,42,42
108000377,527,200,327
108000378,7895,9438,-1543
108000379,26,189,-163
108000381,47,14,33
108000382,196,33,163
108000383,0,212,-212
108900001,61,672,-611
108900002,165,49,116
108900003,253,470,-217
108900004,1016,434,582
108900007,275,156,119
108900008,155,118,37
108900009,81,108,-27
108900010,325,165,160
108900011,610,431,179
108900012,379,360,19
108900013,184,217,-33
108900014,18,83,-65
108900015,2,147,-145
108900016,1,182,-181
108900017,199,436,-237
108900018,141,240,-99
108900019,50,314,-264
108900020,52,117,-65
108900021,122,181,-59
108900022,148,3,145
108900023,10,32,-22
108900024,30,78,-48
108900025,172,95,77
108900026,16,168,-152
108900027,0,48,-48
108900028,107,229,-122
108900029,50,148,-98
108900030,0,85,-85
108900031,128,206,-78
108900032,9,149,-140
108900033,0,74,-74
108900034,0,135,-135
108900035,318,849,-531
108900038,1,169,-168
108900039,2,264,-262
108900040,5,69,-64
108900041,3641,2868,773
108900042,11,434,-423
108900043,81,342,-261
108900044,4,276,-272
108900045,70,301,-231
108900046,35,401,-366
108900047,0,130,-130
108900048,154,558,-404
108900049,1588,1370,218
108900050,0,123,-123
108900051,0,88,-88
108900052,31,122,-91
108900053,68,156,-88
108900054,97,166,-69
108900055,27,271,-244
108900056,2,103,-101
108900057,1,92,-91
108900058,50,199,-149
108900059,518,32,486
108900060,75,106,-31
108900061,93,24,69
108900062,6,136,-130
108900063,14,149,-135
108900064,250,47,203
108900065,4,132,-128
108900066,437,117,320
108900067,7,110,-103
108900068,6,76,-70
108900069,71,37,34
108900070,28,68,-40
108900071,89,49,40
108900072,1569,451,1118
108900073,18,195,-177
108900074,224,180,44
108900075,57,27,30
108900076,307,54,253
108900077,102,303,-201
108900078,31,89,-58
108900079,611,147,464
108900080,27,663,-636
108900081,63,177,-114
108900082,115,97,18
108900083,20,210,-190
108900085,1364,139,1225
108900086,116,138,-22
108900087,77,131,-54
108900088,901,331,570
108900089,20,100,-80
108900090,76,160,-84
108900091,108,41,67
108900092,486,255,231
108900093,101,80,21
108900094,157,73,84
108900095,26,212,-186
108900096,231,7,224
108900097,269,137,132
108900098,1285,703,582
108900099,400,169,231
108900100,89,135,-46
108900101,197,161,36
108900102,70,836,-766
108900103,107,168,-61
108900105,5,1214,-1209
108900106,554,230,324
108900108,249,56,193
108900109,353,79,274
108900110,214,245,-31
108900111,471,347,124
108900113,31,66,-35
108900114,47,11,36
108900115,89,60,29
108900116,43,13,30
108900117,200,11,189
108900118,560,18,542
108900119,304,25,279
108900120,296,218,78
108900121,256,78,178
108900122,169,17,152
108900123,141,92,49
108900124,412,148,264
108900125,474,6,468
108900126,145,37,108
108900127,208,19,189
108900128,139,46,93
108900129,748,120,628
108900130,396,0,396
108900131,389,14,375
108900132,510,56,454
108900133,231,62,169
108900134,390,158,232
108900135,192,10,182
108900136,54,1,53
108900137,188,2,186
108900138,960,61,899
108900140,404,160,244
108900141,351,14,337
108900142,96,5,91
108900143,75,1,74
108900144,155,1,154
108900145,239,22,217
108900146,75,0,75
108900147,248,1,247
108900148,54,25,29
108900150,209,15,194
108900151,118,25,93
108900152,331,30,301
108900153,191,232,-41
108900154,4530,674,3856
108900156,94,4,90
108900157,20,307,-287
108900158,409,103,306
108900159,2,129,-127
108900160,16,173,-157
108900161,5,281,-276
108900162,132,2,130
108900163,8,221,-213
108900164,34,65,-31
108900168,4835,2305,2530
108900169,104,107,-3
108900171,2936,2513,423
108900172,202,27,175
108900173,144,225,-81
108900174,911,604,307
108900176,132,334,-202
108900177,3138,4581,-1443
108900178,2426,3501,-1075
108900180,113,230,-117
108900183,145,158,-13
108900184,451,166,285
108900185,70,212,-142
108900186,49,237,-188
108900189,279,102,177
108900190,28,1677,-1649
108900192,96,182,-86
108900195,118,177,-59
108900196,45,206,-161
108900199,220,267,-47
108900200,570,344,226
108900201,500,1015,-515
108900203,421,140,281
108900204,275,12,263
108900205,152,31,121
108900206,485,92,393
108900207,209,87,122
108900208,13,214,-201
108900209,180,353,-173
108900210,176,152,24
108900211,139,512,-373
108900212,461,1269,-808
108900215,71,305,-234
108900216,427,328,99
108900217,81,1,80
108900218,60,13,47
108900221,39,273,-234
108900224,25,152,-127
108900225,1,137,-136
108900227,115,296,-181
108900230,155,203,-48
108900232,0,175,-175
108900233,293,50,243
108900234,266,104,162
108900235,135,367,-232
108900236,34,161,-127
108900240,112,68,44
108900241,38,44,-6
108900245,8,1300,-1292
108900250,206,93,113
108900258,9,130,-121
108900259,43,68,-25
108900260,6,50,-44
108900261,74,73,1
108900262,104,109,-5
108900263,54,133,-79
108900264,472,253,219
108900265,555,369,186
108900266,534,728,-194
108900267,14,133,-119
108900268,6,13,-7
108900269,87,27,60
108900270,81,7,74
108900271,45,25,20
108900272,247,24,223
108900273,647,875,-228
108900274,75,57,18
109000001,2301,1852,449
109000002,1004,1962,-958
109000003,2348,325,2023
109000004,537,1756,-1219
109000005,2030,490,1540
109000006,678,1603,-925
109000007,1485,526,959
109000008,505,1273,-768
109000009,3903,1140,2763
109000010,1301,2684,-1383
109000011,3322,1589,1733
109000012,1589,2094,-505
109000013,3625,2577,1048
109000014,1696,1888,-192
109000015,3431,6999,-3568
109000016,4288,2455,1833
109000017,2247,1133,1114
109000018,947,2015,-1068
109000019,2462,1211,1251
109000020,1103,1389,-286
109000023,236,27,209
109000024,5,189,-184
109000025,283,407,-124
109000026,454,289,165
109000027,78,297,-219
109000028,108,69,39
109000029,93,174,-81
109000030,79,394,-315
109000031,204,169,35
109000032,149,355,-206
109000033,281,141,140
109000034,53,56,-3
109000035,12,27,-15
109000036,34,231,-197
109000037,223,1374,-1151
109000038,340,219,121
109000039,919,645,274
109000040,2504,8907,-6403
109000041,1542,1495,47
109000042,492,968,-476
109000044,402,59,343
109000045,79,224,-145
109000046,407,67,340
109000047,51,306,-255
109000048,616,186,430
109000049,167,384,-217
109000050,311,175,136
109000051,219,156,63
109000052,489,462,27
109000053,209,47,162
109000054,58,289,-231
109000055,190,174,16
109000056,340,222,118
109000057,574,384,190
109000058,776,192,584
109000059,659,1357,-698
109000060,399,372,27
109000061,672,773,-101
109000062,79,303,-224
109000063,220,101,119
109000064,230,113,117
109000065,163,112,51
109000066,360,37,323
109000067,68,169,-101
109000068,1761,21,1740
109000069,594,30,564
109000070,7,1906,-1899
109000071,375,93,282
109000072,75,283,-208
109000073,51,78,-27
109000074,22,140,-118
109000075,55,267,-212
109000076,119,201,-82
109000077,301,170,131
109000078,126,164,-38
109000079,119,113,6
109000080,225,106,119
109000081,137,287,-150
109000082,719,220,499
109000083,279,376,-97
109000088,100,349,-249
109000089,246,52,194
109000090,128,276,-148
109000091,286,186,100
109000092,301,288,13
109000093,218,191,27
109000094,564,19,545
109000095,119,249,-130
109000096,662,225,437
109000097,120,114,6
109000098,51,132,-81
109000099,899,334,565
109000100,329,656,-327
109000101,1391,475,916
109000102,394,694,-300
109000103,500,513,-13
109000104,1665,443,1222
109000105,420,794,-374
109000106,1792,673,1119
109000107,598,1256,-658
109000108,1685,514,1171
109000109,438,1106,-668
109000110,1053,478,575
109000111,698,1361,-663
109000112,291,76,215
109000113,272,116,156
109000114,130,229,-99
109000115,912,95,817
109000116,9,203,-194
109000117,323,55,268
109000118,24,216,-192
109000119,1244,211,1033
109000120,200,481,-281
109000121,569,35,534
109000122,176,353,-177
109000123,33,44,-11
109000124,630,309,321
109000125,750,226,524
109000126,343,441,-98
109000127,950,144,806
109000128,535,876,-341
109000129,2192,547,1645
109000130,406,994,-588
109000131,676,453,223
109000132,612,1118,-506
109000133,275,645,-370
109000134,682,944,-262
109000135,852,1262,-410
109000136,240,242,-2
109000137,362,275,87
109000138,456,182,274
109000139,409,332,77
109000140,163,207,-44
109000141,441,267,174
109000142,140,310,-170
109000143,78,61,17
109000145,87,280,-193
109000146,74,56,18
109000148,2143,956,1187
109000149,16,88,-72
109000150,135,269,-134
109000155,844,564,280
109000156,867,456,411
109000158,107,216,-109
109000159,82,288,-206
109000160,992,150,842
109000161,335,673,-338
109000162,1734,551,1183
109000163,1089,1226,-137
109000164,1232,1832,-600
109000165,1224,391,833
109000166,689,85,604
109000167,107,333,-226
109000170,26,27,-1
109000171,48,47,1
109000172,24,56,-32
109000173,13,84,-71
109000174,101,36,65
109000175,41,59,-18
109000176,275,175,100
109000177,41,78,-37
109000178,615,224,391
109000179,2786,4299,-1513
109000180,3156,2509,647
109000181,9,20,-11
109000182,35,22,13
109000183,42,19,23
109000184,63,12,51
109000185,12,25,-13
109000188,410,1117,-707
109000189,1922,612,1310
109000190,555,401,154
109000191,381,276,105
109000192,468,172,296
109000193,172,170,2
109000194,268,63,205
109000195,170,228,-58
109000196,283,108,175
109000197,207,230,-23
109000198,402,67,335
109000199,146,306,-160
109000206,244,31,213
109000207,115,31,84
109000208,77,61,16
109000209,119,93,26
109000210,142,369,-227
109000211,617,306,311
109000214,371,258,113
109000215,133,66,67
109000216,253,220,33
109000217,150,91,59
109000218,188,138,50
109000221,442,747,-305
109000222,948,214,734
109000223,336,250,86
109000224,46,84,-38
109000225,66,28,38
109000226,53,122,-69
109000227,980,537,443
109000228,5,1995,-1990
109000231,3,185,-182
109000232,420,186,234
109000236,260,634,-374
109000241,1954,1489,465
109000242,1749,983,766
109000293,25,57,-32
109000361,176,196,-20
109000364,139,369,-230
109000396,5,298,-293
109000397,541,13,528
109000399,138,276,-138
109000400,77,190,-113
109000403,105,877,-772
109000406,372,8,364
109000407,255,162,93
109000408,1,329,-328
109000410,860,183,677
109000411,212,18,194
109900001,130,1,129
109900002,699,12,687
109900003,320,0,320
109900004,638,97,541
109900005,36,2,34
109900006,355,91,264
109900007,816,293,523
109900008,0,19,-19
109900009,103,317,-214
109900010,493,14,479
109900011,77,34,43
109900012,230,163,67
109900013,327,170,157
109900014,377,29,348
109900015,283,170,113
109900016,121,12,109
109900017,176,203,-27
109900018,158,42,116
109900019,245,24,221
109900020,29,77,-48
109900021,50,27,23
109900022,156,185,-29
109900023,16,6,10
109900024,46,6,40
109900025,9,41,-32
109900026,2,124,-122
109900027,27,51,-24
109900028,692,1114,-422
109900029,1,122,-121
109900030,52,13,39
109900031,0,117,-117
109900032,8,187,-179
109900033,4,355,-351
109900034,56,3,53
109900035,9,20,-11
109900036,10,45,-35
109900037,23,288,-265
109900038,60,221,-161
109900039,11,0,11
109900040,38,357,-319
109900041,49,234,-185
109900042,31,432,-401
109900044,46,136,-90
109900045,242,205,37
109900046,77,76,1
109900047,191,215,-24
109900048,1,84,-83
109900049,13,30,-17
109900050,2,76,-74
109900051,1,32,-31
109900052,70,238,-168
109900053,4,147,-143
109900054,700,147,553
109900055,60,227,-167
109900056,16,200,-184
109900057,11,95,-84
109900058,0,68,-68
109900059,797,63,734
109900060,496,93,403
109900061,55,211,-156
109900062,1,108,-107
109900063,11,336,-325
109900064,505,138,367
109900065,42,115,-73
109900066,280,575,-295
109900067,1,126,-125
109900068,58,2,56
109900069,8,26,-18
109900070,41,200,-159
109900071,5,23,-18
109900072,15,94,-79
109900073,326,273,53
109900074,17,23,-6
109900075,27,22,5
109900076,13,200,-187
109900077,57,25,32
109900078,76,127,-51
109900080,104,176,-72
109900081,35,230,-195
109900082,61,211,-150
109900083,20,43,-23
109900084,77,122,-45
109900085,191,453,-262
109900086,98,381,-283
109900087,209,294,-85
109900089,693,255,438
109900090,462,707,-245
109900091,312,56,256
109900092,377,23,354
109900093,957,137,820
109900094,51,59,-8
109900095,75,137,-62
109900096,19,3,16
109900097,132,3,129
109900098,442,23,419
109900099,232,2,230
109900100,27,0,27
109900101,637,7,630
109900102,403,16,387
109900103,32,27,5
109900104,610,402,208
109900105,547,14,533
109900106,317,67,250
109900107,537,65,472
109900108,107,163,-56
109900109,37,115,-78
109900110,69,205,-136
109900111,216,488,-272
109900112,251,363,-112
109900113,746,432,314
109900114,659,492,167
109900115,142,73,69
109900117,968,95,873
109900118,140,242,-102
109900119,514,183,331
109900120,95,44,51
109900121,222,353,-131
109900122,466,7,459
109900123,11,111,-100
109900124,29,292,-263
109900125,0,95,-95
109900126,288,68,220
109900128,305,34,271
109900130,3884,2121,1763
109900131,32,121,-89
109900132,24,86,-62
109900133,83,159,-76
109900134,42,51,-9
109900135,241,62,179
109900136,33,108,-75
109900137,138,166,-28
109900140,163,84,79
109900142,1149,181,968
109900145,6,532,-526
109900146,379,31,348
109900148,45,73,-28
109900149,36,50,-14
109900150,7,65,-58
109900151,18,61,-43
109900152,1,24,-23
109900153,0,46,-46
109900154,36,0,36
109900155,77,35,42
109900157,56,163,-107
109900158,68,72,-4
109900159,129,29,100
109900160,135,51,84
109900161,199,40,159
109900162,161,91,70
109900163,405,191,214
109900164,61,268,-207
109900165,204,4,200
109900166,0,108,-108
109900167,152,286,-134
109900168,153,428,-275
109900169,226,153,73
109900170,168,878,-710
109900171,157,71,86
109900172,272,183,89
109900173,1618,2236,-618
109900174,46,60,-14
109900175,55,42,13
109900176,99,100,-1
109900177,24,129,-105
109900178,11,133,-122
109900179,22,19,3
109900180,8,6,2
110000001,798,452,346
110000002,518,583,-65
110000003,688,575,113
110000004,468,570,-102
110000005,340,1428,-1088
110000006,226,295,-69
110000007,105,81,24
110000008,12,46,-34
110000009,36,17,19
110000010,22,52,-30
110000011,55,55,0
110000012,468,229,239
110000013,33,426,-393
110000014,552,369,183
110000015,209,489,-280
110000016,184,1433,-1249
110000017,2164,221,1943
110000018,1934,261,1673
110000019,7,49,-42
110000020,294,162,132
110000021,285,301,-16
110000022,674,154,520
110000023,8,125,-117
110000024,480,295,185
110000025,358,6,352
110000026,9,173,-164
110000027,622,613,9
110000028,864,472,392
110000029,426,533,-107
110000030,202,341,-139
110000031,264,340,-76
110000032,733,253,480
110000033,257,106,151
110000034,383,453,-70
110000035,714,333,381
110000036,759,509,250
110000037,226,305,-79
110000038,184,450,-266
110000039,612,2770,-2158
110000040,299,241,58
110000041,264,1433,-1169
110000042,81,369,-288
110000043,656,263,393
110000044,90,387,-297
110000045,442,101,341
110000046,8,29,-21
110000047,62,22,40
110000048,23,29,-6
110000049,30,11,19
110000050,15,29,-14
110000051,22,9,13
110000052,59,53,6
110000053,56,10,46
110000054,138,485,-347
110000055,338,87,251
110000056,150,149,1
110000057,377,452,-75
110000058,1024,337,687
110000059,875,421,454
110000060,850,796,54
110000061,679,621,58
110000062,575,737,-162
110000063,28,89,-61
110000064,75,46,29
110000065,69,44,25
110000066,87,15,72
110000067,56,84,-28
110000068,298,102,196
110000069,235,53,182
110000071,181,60,121
110000073,9,17,-8
110000075,11,39,-28
110000076,255,246,9
110000077,334,601,-267
110000078,43,36,7
110000080,261,455,-194
110000081,45,155,-110
110000082,27,249,-222
110000083,177,446,-269
110000084,1211,822,389
110000085,1279,1320,-41
110000086,918,2054,-1136
110000087,11,53,-42
110000088,91,161,-70
110000089,190,64,126
110000090,77,154,-77
110000091,686,190,496
110000092,17,36,-19
110000093,36,6,30
110000094,467,167,300
110000095,119,467,-348
110000096,1370,1633,-263
110000097,1007,1248,-241
110000098,1827,637,1190
110000099,722,1534,-812
110000100,1079,313,766
110000101,37,199,-162
110000102,72,23,49
110000104,328,147,181
110000105,63,219,-156
110000106,617,506,111
110000107,226,278,-52
110000108,123,88,35
110000109,246,189,57
110000110,1973,3643,-1670
110000111,3651,2368,1283
110000112,756,1192,-436
110000113,204,2200,-1996
110000114,236,533,-297
110000115,283,218,65
110000116,48,55,-7
110000117,220,166,54
110000118,479,104,375
110000119,231,157,74
110000120,312,126,186
110000121,63,305,-242
110000122,372,410,-38
110000123,579,609,-30
110000124,3,645,-642
110000125,975,3,972
110000126,266,25,241
110000127,915,51,864
110000128,16,759,-743
110000129,1,432,-431
110000130,342,165,177
110000131,74,255,-181
110000132,4,472,-468
110000133,38,340,-302
110000134,17,303,-286
110000135,175,33,142
110000136,54,230,-176
110000137,562,411,151
110000138,703,448,255
110000139,944,677,267
110000140,901,644,257
110000143,505,311,194
110000144,3962,1356,2606
110000145,1494,778,716
110000146,1215,519,696
110000147,387,512,-125
110000148,454,198,256
110000151,634,849,-215
110000152,555,342,213
110000153,79,24,55
110000154,6,19,-13
110000155,897,3249,-2352
110000156,995,1980,-985
110000157,1166,1621,-455
110000160,417,220,197
110000161,171,138,33
110000166,491,67,424
110000167,918,476,442
110000168,884,440,444
110000169,794,349,445
110000170,92,39,53
110000171,579,106,473
110000172,132,581,-449
110000173,834,786,48
110000174,111,556,-445
110000175,669,45,624
110000176,52,292,-240
110000177,184,831,-647
110000178,362,1256,-894
110000179,747,273,474
110000180,176,139,37
110000181,498,342,156
110000182,231,103,128
110000183,5480,5401,79
110000184,285,1984,-1699
110000185,612,554,58
110000186,628,619,9
110000191,1149,230,919
110000192,569,8,561
110000193,1296,7,1289
110000194,18,568,-550
110000195,437,213,224
110000196,435,185,250
110000197,54,93,-39
110000198,100,45,55
110000199,47,107,-60
110000200,750,265,485
110000201,738,929,-191
110000202,1106,532,574
110000203,494,386,108
110000204,4,130,-126
110000205,141,40,101
110000206,498,713,-215
110000207,1184,390,794
110000208,131,193,-62
110000209,112,536,-424
110000210,1268,431,837
110000211,811,512,299
110000212,346,918,-572
110000213,229,39,190
110000214,300,71,229
110000215,122,155,-33
110000216,109,223,-114
110000217,325,102,223
110000218,156,185,-29
110000219,355,42,313
110000220,67,151,-84
110000221,338,53,285
110000222,63,144,-81
110000223,1,103,-102
110000224,32,7,25
110000225,203,617,-414
110000226,270,59,211
110000227,619,699,-80
110000228,208,88,120
110000229,0,194,-194
110000230,466,493,-27
110000231,209,157,52
110000232,180,130,50
110000233,127,201,-74
110000234,529,567,-38
110000235,686,846,-160
110000236,518,449,69
110000237,1881,1044,837
110000238,1061,1090,-29
110000239,1864,880,984
110000240,0,33,-33
110000242,0,7,-7
110000243,98,84,14
110000244,116,267,-151
110000245,37,249,-212
110000246,701,370,331
110000247,921,3176,-2255
110000248,1633,1294,339
110000249,59,3,56
110000250,32,149,-117
110000251,358,355,3
110000252,193,129,64
110000253,1199,517,682
110000254,489,701,-212
110000255,137,679,-542
110000256,439,216,223
110000257,421,335,86
110000258,5,299,-294
110000259,127,20,107
110000260,41,114,-73
110000263,482,72,410
110000264,260,251,9
110000265,860,1496,-636
110000266,1312,2318,-1006
110000267,23,96,-73
110000268,225,309,-84
110000269,3,46,-43
110000270,67,2,65
110000271,925,186,739
110000272,945,747,198
110000273,2200,1349,851
110000274,139,1381,-1242
110000275,1340,472,868
110000276,218,324,-106
110000277,314,275,39
110000278,266,592,-326
110000279,753,722,31
110000280,526,362,164
110000281,38,309,-271
110000282,167,11,156
110000283,46,119,-73
110000284,43,43,0
110000285,1,505,-504
110000286,7,1,6
110000287,64,0,64
110000288,1,59,-58
110000289,407,1815,-1408
110000290,586,490,96
110000291,3302,998,2304
110000292,1206,3972,-2766
110000293,514,463,51
110000294,1002,966,36
110000295,113,505,-392
110000296,363,274,89
110000297,1957,290,1667
110000298,138,390,-252
110000299,183,45,138
110000301,231,20,211
110000302,332,497,-165
110000303,320,6,314
110000304,236,166,70
110000305,1327,19,1308
110000306,222,782,-560
110000307,1698,8,1690
110000308,459,5,454
110000309,4,542,-538
110000310,690,35,655
110000311,9,444,-435
110000312,439,101,338
110000313,2075,2206,-131
110000314,1,149,-148
110000315,2470,2382,88
110000316,423,1179,-756
110000317,211,376,-165
110000318,10,37,-27
110000319,12,14,-2
110000320,43,13,30
110000321,13,13,0
110000322,212,224,-12
110000323,364,93,271
110000324,2240,1373,867
110000325,2079,2780,-701
110000327,318,205,113
110000328,204,335,-131
110000333,641,554,87
110000334,630,922,-292
110000335,878,393,485
110000336,553,720,-167
110000337,1555,461,1094
110000338,511,136,375
110000339,286,151,135
110000340,20,123,-103
110000341,324,371,-47
110000342,272,2,270
110000343,0,12,-12
110000344,50,135,-85
110000345,110,129,-19
110000346,1710,1648,62
110000347,999,571,428
110000348,24,10,14
110000349,20,8,12
110000350,50,9,41
110000351,960,600,360
110000352,571,1230,-659
110000353,1934,574,1360
110000354,882,2630,-1748
110000355,86,54,32
110000356,541,5,536
110000357,404,10,394
110000361,19,19,0
110000362,59,5,54
110000363,484,66,418
110000364,206,220,-14
110000365,101,0,101
110000366,0,65,-65
110000367,303,108,195
110000368,2,46,-44
110000369,51,3,48
110000373,1,185,-184
110000374,67,23,44
110000375,94,752,-658
110000376,23,78,-55
110000377,82,439,-357
110000378,17,343,-326
110000379,1651,1559,92
110000380,62,12,50
110000383,1,1022,-1021
110000384,1144,691,453
110000385,1,130,-129
110000387,56,8,48
110000388,34,151,-117
110000389,686,7,679
110000391,678,205,473
110000396,179,95,84
110000397,144,88,56
110000398,3,23,-20
110000399,135,3,132
110000587,119,34,85
110000589,233,78,155
110000640,139,21,118
110000652,9,204,-195
110000653,300,271,29
110000654,117,611,-494
110000656,0,389,-389
110000674,27,29,-2
110000675,8,11,-3
110000676,5,27,-22
110000679,276,1050,-774
110000682,137,165,-28
110000683,194,337,-143
110000684,2,28,-26
110000685,4,15,-11
110000686,1,34,-33
110000687,20,5,15
110000688,55,911,-856
110000689,30,26,4
110000692,46,83,-37
110000693,48,189,-141
110000694,0,126,-126
110000695,125,432,-307
110000696,43,64,-21
110900001,207,17,190
110900002,246,151,95
110900003,759,313,446
110900004,384,97,287
110900005,1506,1988,-482
110900006,44,10,34
110900007,143,35,108
110900008,26,39,-13
110900009,451,120,331
110900010,11,38,-27
110900011,29,40,-11
110900012,15,68,-53
110900013,846,95,751
110900014,166,5,161
110900015,368,598,-230
110900016,64,130,-66
110900017,461,29,432
110900018,389,33,356
110900019,176,12,164
110900020,123,119,4
110900021,93,307,-214
110900022,83,160,-77
110900023,75,396,-321
110900024,15,235,-220
110900025,1,39,-38
110900027,35,154,-119
110900028,37,94,-57
110900029,18,195,-177
110900030,37,168,-131
110900031,1,174,-173
110900032,0,57,-57
110900033,34,103,-69
110900035,33,488,-455
110900036,67,18,49
110900037,59,8,51
110900038,511,158,353
110900039,24,242,-218
110900040,215,19,196
110900041,16,57,-41
110900042,172,61,111
110900043,16,59,-43
110900044,150,19,131
110900045,59,230,-171
110900046,22,144,-122
110900047,329,253,76
110900049,61,51,10
110900050,22,5,17
110900051,34,154,-120
110900052,3,94,-91
110900053,85,18,67
110900054,33,111,-78
110900055,37,2,35
110900056,59,90,-31
110900057,7,70,-63
110900058,226,98,128
110900059,473,324,149
110900060,328,83,245
110900061,25,44,-19
110900062,149,134,15
110900063,35,81,-46
110900064,13,0,13
110900065,228,101,127
110900066,3,50,-47
110900067,180,590,-410
110900068,190,207,-17
110900069,9,21,-12
110900070,93,40,53
110900071,216,528,-312
110900073,0,15,-15
110900074,414,99,315
110900075,358,74,284
110900077,736,461,275
110900078,29,34,-5
110900079,1435,1248,187
110900080,105,63,42
110900081,2,29,-27
110900082,125,56,69
110900083,120,41,79
110900084,45,32,13
110900085,33,208,-175
110900086,81,301,-220
110900087,269,48,221
110900088,9,1,8
110900090,26,46,-20
110900091,1,35,-34
110900093,214,87,127
110900095,41,46,-5
110900097,13,20,-7
110900098,22,63,-41
110900099,26,289,-263
110900100,0,13,-13
110900102,44,10,34
110900105,445,191,254
110900108,10,40,-30
110900111,335,130,205
110900112,833,7,826
110900113,349,54,295
110900115,5,46,-41
110900116,719,982,-263
110900118,80,2627,-2547
110900119,1960,208,1752
110900120,20,49,-29
110900121,109,0,109
110900122,484,154,330
110900125,424,371,53
110900127,332,1009,-677
110900128,240,371,-131
110900129,299,721,-422
110900130,713,554,159
110900131,143,21,122
110900132,338,41,297
110900133,49,111,-62
110900135,72,194,-122
110900136,334,13,321
110900139,1,0,1
110900140,0,0,0
110900141,215,178,37
110900142,58,119,-61
110900143,131,57,74
110900144,2,456,-454
110900145,232,67,165
110900146,239,204,35
110900147,132,267,-135
110900148,7,206,-199
110900149,1,32,-31
110900150,29,11,18
110900151,0,49,-49
110900152,40,145,-105
110900153,177,51,126
111000001,613,535,78
111000002,721,533,188
111000003,1242,616,626
111000004,394,742,-348
111000005,982,1020,-38
111000006,871,1422,-551
111000007,3493,2754,739
111000008,1597,2488,-891
111000009,407,670,-263
111000010,806,193,613
111000011,362,954,-592
111000012,628,329,299
111000013,410,860,-450
111000014,1152,379,773
111000017,143,894,-751
111000018,235,304,-69
111000020,626,1734,-1108
111000021,73,53,20
111000023,104,70,34
111000025,3420,3113,307
111000029,77,90,-13
111000030,26,102,-76
111000031,1813,919,894
111000032,424,294,130
111000033,202,307,-105
111000034,93,244,-151
111000037,975,575,400
111000038,2299,1633,666
111000039,1644,1467,177
111000040,1731,1559,172
111000041,1276,1094,182
111000042,2014,1706,308
111000043,1606,3193,-1587
111000044,1734,971,763
111000045,2354,1893,461
111000046,1560,1481,79
111000047,2136,3315,-1179
111000049,400,332,68
111000050,1049,960,89
111000051,429,755,-326
111000052,508,1232,-724
111000053,290,591,-301
111000054,308,550,-242
111000055,1150,1352,-202
111000056,173,304,-131
111000057,118,372,-254
111000058,526,54,472
111000059,456,255,201
111000060,3571,887,2684
111000061,541,283,258
111000062,766,287,479
111000063,1510,738,772
111000064,642,460,182
111000065,1041,752,289
111000066,502,323,179
111000067,531,480,51
111000068,563,845,-282
111000069,1518,1508,10
111000070,1041,722,319
111000071,236,447,-211
111000072,1290,495,795
111000073,314,943,-629
111000074,1473,1389,84
111000075,896,445,451
111000076,538,449,89
111000077,1544,1472,72
111000078,2488,1223,1265
111000079,1170,611,559
111000080,547,533,14
111000081,1342,3521,-2179
111000082,767,465,302
111000084,860,455,405
111000085,798,863,-65
111000086,1782,755,1027
111000087,635,386,249
111000088,3198,1959,1239
111000089,655,652,3
111000090,728,1165,-437
111000091,735,333,402
111000092,1389,641,748
111000093,629,938,-309
111000094,1620,913,707
111000095,623,2128,-1505
111000096,1222,6988,-5766
111000097,3628,1448,2180
111000098,758,961,-203
111000099,567,1225,-658
111000100,432,1018,-586
111000101,354,628,-274
111000102,271,366,-95
111000104,631,124,507
111000107,50,434,-384
111000109,478,168,310
111000110,1369,538,831
111000111,2433,396,2037
111000112,1786,513,1273
111000113,881,1382,-501
111000114,2021,3238,-1217
111000115,3791,1035,2756
111000116,835,695,140
111000117,378,688,-310
111000118,1139,599,540
111000119,1048,728,320
111000120,483,447,36
111000121,278,519,-241
111000122,535,738,-203
111000123,1003,1615,-612
111000124,447,1583,-1136
111000125,353,862,-509
111000126,164,645,-481
111000127,892,134,758
111000128,2052,253,1799
111000129,2502,385,2117
111000130,2003,503,1500
111000131,1709,407,1302
111000132,1711,819,892
111000133,172,110,62
111000134,136,79,57
111000135,41,118,-77
111000136,394,247,147
111000138,13,3,10
111000140,2,11,-9
111000141,163,425,-262
111000142,35,267,-232
111000143,6,262,-256
111000144,43,1295,-1252
111000145,633,16,617
111000146,141,24,117
111000147,232,24,208
111000148,136,98,38
111000149,3,21,-18
111000150,19,8,11
111000151,3,12,-9
111000153,530,593,-63
111000154,561,193,368
111000155,96,149,-53
111000156,500,544,-44
111000157,276,869,-593
111000158,783,652,131
111000159,2313,762,1551
111000160,527,321,206
111000161,26,252,-226
111000162,78,144,-66
111000163,746,651,95
111000164,476,2274,-1798
111000165,777,348,429
111000166,1128,247,881
111000167,216,291,-75
111000168,214,388,-174
111000169,279,482,-203
111000170,356,317,39
111000171,490,439,51
111000172,151,247,-96
111000173,341,556,-215
111000174,221,179,42
111000175,35,203,-168
111000176,324,94,230
111000177,346,164,182
111000178,1212,169,1043
111000179,241,74,167
111000180,237,435,-198
111000181,1106,186,920
111000182,211,133,78
111000183,187,247,-60
111000184,375,177,198
111000185,310,304,6
111000186,214,181,33
111000187,150,122,28
111000188,297,258,39
111000189,711,473,238
111000190,173,202,-29
111000191,180,223,-43
111000192,184,336,-152
111000193,180,222,-42
111000194,60,215,-155
111000195,208,228,-20
111000196,58,164,-106
111000197,428,123,305
111000198,679,65,614
111000199,228,113,115
111000200,410,272,138
111000201,636,182,454
111000202,315,189,126
111000203,363,202,161
111000204,433,1134,-701
111000213,190,341,-151
111000214,1143,941,202
111000215,1023,982,41
111000217,1536,756,780
111000218,1205,882,323
111000219,316,189,127
111000220,949,477,472
111000221,457,68,389
111000224,30,190,-160
111000225,473,315,158
111000226,78,3,75
111000227,20,3,17
111000228,22,325,-303
111000229,36,831,-795
111000230,205,236,-31
111000231,1024,459,565
111000232,581,661,-80
111000233,1049,493,556
111000234,115,381,-266
111000239,107,83,24
111000240,50,183,-133
111000241,31,163,-132
111000242,232,68,164
111000243,137,328,-191
111000244,500,53,447
111000245,935,271,664
111000246,557,208,349
111000247,358,502,-144
111000248,719,285,434
111000249,405,488,-83
111000250,49,44,5
111000251,50,64,-14
111000253,28,11,17
111000255,36,4,32
111000257,53,16,37
111000260,79,743,-664
111000261,1141,58,1083
111000271,66,230,-164
111000273,2100,844,1256
111000274,1263,1932,-669
111000275,155,60,95
111000276,290,907,-617
111000277,159,264,-105
111000278,590,209,381
111000291,608,5769,-5161
111000298,465,138,327
111000299,601,91,510
111000300,97,446,-349
111000302,281,69,212
111000303,70,145,-75
111000312,48,66,-18
111000315,10,87,-77
111000320,218,412,-194
111000321,367,119,248
111000322,330,279,51
111000323,258,15,243
111000324,319,137,182
111000325,42,43,-1
111000326,194,221,-27
111000327,323,261,62
111000328,253,458,-205
111000329,2,32,-30
111000330,43,7,36
111000331,22,0,22
111000332,497,991,-494
111000334,312,805,-493
111000335,1023,183,840
111000337,1370,321,1049
111000338,53,50,3
111000339,600,121,479
111000340,82,316,-234
111000341,1339,557,782
111000342,183,1027,-844
111000344,940,538,402
111000345,185,83,102
111000346,51,324,-273
111000347,125,9,116
111000350,171,69,102
111000351,108,259,-151
111000352,146,90,56
111000353,161,190,-29
111000354,369,89,280
111000355,332,486,-154
111000358,169,637,-468
111000360,198,326,-128
111000361,155,140,15
111000546,610,356,254
111000547,371,242,129
111000548,106,212,-106
111000549,339,119,220
111000550,72,640,-568
111000551,587,120,467
111000552,953,190,763
111000907,432,7,425
111000908,45,1,44
111000916,1585,209,1376
111000917,42,363,-321
111000918,239,442,-203
111000920,657,18,639
111000921,21,124,-103
111000922,435,180,255
111000924,36,395,-359
111000925,2633,1569,1064
111000926,926,1139,-213
111000927,2727,3393,-666
111000928,3800,2146,1654
111000929,1450,990,460
111000930,619,1524,-905
111000931,2050,2454,-404
111000932,3373,1552,1821
111000933,3143,2178,965
111000934,1473,2329,-856
111000935,1463,704,759
111000936,956,1447,-491
111000937,1147,944,203
111000938,1099,1074,25
111000939,598,52,546
111000940,463,89,374
111000941,301,214,87
111000943,493,189,304
111000944,145,209,-64
111000945,111,882,-771
111001109,505,408,97
111001110,144,399,-255
111001111,54,6,48
111001112,107,4,103
111001113,5,132,-127
111001114,520,205,315
111001115,40,473,-433
111001116,2978,3338,-360
111001117,522,2308,-1786
111001120,129,132,-3
111001121,158,156,2
111001122,190,295,-105
111001123,326,64,262
111001124,112,115,-3
111001125,7,135,-128
111001126,17,36,-19
111900001,5,114,-109
111900002,3,339,-336
111900003,1,200,-199
111900004,13,39,-26
111900006,19,27,-8
111900007,117,5,112
111900008,149,1,148
111900009,100,6,94
111900010,251,296,-45
111900012,57,43,14
111900013,13,25,-12
111900014,2876,4035,-1159
111900015,0,37,-37
111900016,0,54,-54
111900017,1,59,-58
111900018,232,1,231
111900019,1,68,-67
111900020,2,36,-34
111900021,27,76,-49
111900022,5,33,-28
111900023,83,65,18
111900024,25,40,-15
111900025,0,38,-38
111900026,0,47,-47
111900027,3,74,-71
111900028,2,252,-250
111900029,2,49,-47
111900030,24,224,-200
111900031,10,20,-10
111900032,0,172,-172
111900033,14,43,-29
111900034,273,355,-82
111900035,31,121,-90
111900036,0,163,-163
111900038,248,405,-157
111900039,23,228,-205
111900040,4,277,-273
111900042,21,94,-73
111900043,0,148,-148
111900044,219,135,84
111900046,45,105,-60
111900048,189,329,-140
111900049,34,155,-121
111900050,88,29,59
111900051,1,118,-117
111900052,323,337,-14
111900053,538,1146,-608
111900054,136,4,132
111900055,9,156,-147
111900056,85,263,-178
111900057,110,53,57
111900058,467,356,111
111900059,1010,532,478
111900060,303,1,302
111900061,5,69,-64
111900062,31,52,-21
111900063,304,238,66
111900064,95,101,-6
111900065,81,17,64
111900066,111,135,-24
111900067,2,257,-255
111900068,38,51,-13
111900069,69,19,50
111900070,139,96,43
111900071,1,121,-120
111900072,45,31,14
111900073,1200,154,1046
111900074,16,112,-96
111900075,74,4,70
111900076,209,60,149
111900077,48,0,48
111900078,321,37,284
111900079,63,20,43
111900080,216,223,-7
111900082,94,28,66
111900083,185,14,171
111900084,110,10,100
111900085,23,97,-74
111900086,45,7,38
111900087,55,1,54
111900088,559,10,549
111900089,126,3,123
111900090,60,26,34
111900091,209,0,209
111900092,97,2,95
111900093,433,9,424
111900094,110,2,108
111900095,219,24,195
111900096,126,0,126
111900097,62,0,62
111900098,271,2,269
111900099,77,0,77
111900100,87,4,83
111900101,94,30,64
111900102,497,213,284
111900103,61,70,-9
111900104,122,46,76
111900105,213,135,78
111900106,492,29,463
111900110,951,286,665
111900111,151,71,80
111900112,310,2733,-2423
111900113,182,76,106
111900118,336,70,266
111900119,274,145,129
111900122,84,67,17
111900123,30,22,8
111900124,27,38,-11
111900125,486,34,452
111900126,246,2,244
111900127,1,479,-478
111900128,3,328,-325
111900129,230,8,222
111900130,183,38,145
111900131,458,5,453
111900132,17,565,-548
111900133,4,199,-195
111900134,15,128,-113
111900135,13,33,-20
111900136,78,157,-79
111900137,47,38,9
111900138,4,50,-46
111900139,9,61,-52
111900140,117,28,89
111900141,61,7,54
111900142,86,43,43
111900143,13,118,-105
111900144,0,56,-56
111900145,0,207,-207
111900146,1,128,-127
111900147,90,238,-148
111900148,16,333,-317
111900149,7,153,-146
111900150,7,74,-67
111900151,3,25,-22
111900152,61,65,-4
111900153,835,685,150
111900154,16,317,-301
111900155,69,78,-9
111900156,77,59,18
111900157,116,17,99
111900158,618,66,552
111900159,344,19,325
111900160,294,2,292
111900161,199,2,197
111900162,74,154,-80
111900163,37,151,-114
111900164,106,44,62
111901113,513,102,411
111901114,134,135,-1
111901115,35,0,35
111901116,17,1,16
111901117,25,23,2
111901118,56,147,-91
111901119,386,41,345
111901121,125,93,32
111901122,1,302,-301
111901123,230,201,29
111901124,238,1,237
111901125,493,178,315
111901127,298,582,-284
111901128,5,65,-60
111901129,6,64,-58
111901130,5,84,-79
111901131,2,173,-171
111901132,46,18,28
111901133,35,5,30
111901134,65,4,61
111901135,30,8,22
111901136,4,26,-22
111901138,197,22,175
111901139,41,24,17
111901140,6,57,-51
111901141,5,88,-83
111901142,1,85,-84
111901143,2,69,-67
111901144,35,47,-12
111901145,123,268,-145
111901146,260,29,231
111901147,193,154,39
111901148,8,48,-40
111901149,14,8,6
112000001,1594,552,1042
112000002,553,1405,-852
112000003,1378,878,500
112000004,574,519,55
112000005,3447,3338,109
112000006,1643,1103,540
112000007,3396,2068,1328
112000008,2141,3562,-1421
112000009,2483,2118,365
112000010,2565,3158,-593
112000011,1386,1179,207
112000012,3160,4368,-1208
112000013,2531,2403,128
112000014,1715,2159,-444
112000015,2234,2814,-580
112000016,2880,1310,1570
112000017,1151,2673,-1522
112000024,1734,638,1096
112000026,2157,2653,-496
112000027,689,607,82
112000028,936,1157,-221
112000029,525,651,-126
112000030,138,68,70
112000031,1022,3977,-2955
112000032,191,44,147
112000033,1320,1810,-490
112000034,172,42,130
112000035,65,326,-261
112000036,453,845,-392
112000037,957,590,367
112000038,1200,854,346
112000039,79,56,23
112000040,64,150,-86
112000041,383,367,16
112000042,806,289,517
112000050,1254,1031,223
112000051,1008,1181,-173
112000054,1083,1132,-49
112000057,406,304,102
112000058,233,465,-232
112000059,431,572,-141
112000061,1990,1424,566
112000062,1204,735,469
112000063,689,1730,-1041
112000064,2569,3659,-1090
112000065,1266,1756,-490
112000066,3320,1490,1830
112000067,592,646,-54
112000068,3205,2663,542
112000069,517,1271,-754
112000070,1844,956,888
112000071,788,1670,-882
112000072,2313,746,1567
112000073,1036,1440,-404
112000074,1074,838,236
112000075,1396,972,424
112000076,2777,1739,1038
112000077,701,402,299
112000078,1553,411,1142
112000079,1338,1059,279
112000080,682,537,145
112000081,1274,1752,-478
112000082,1292,588,704
112000083,647,788,-141
112000084,1346,575,771
112000085,1131,645,486
112000086,1734,809,925
112000087,616,321,295
112000088,788,292,496
112000089,295,263,32
112000090,252,176,76
112000091,558,752,-194
112000092,1940,861,1079
112000093,1660,773,887
112000094,676,740,-64
112000095,633,674,-41
112000096,642,509,133
112000097,1284,569,715
112000098,801,642,159
112000099,715,1440,-725
112000100,1759,637,1122
112000101,491,544,-53
112000102,1342,430,912
112000103,325,597,-272
112000105,560,995,-435
112000106,1810,346,1464
112000107,90,111,-21
112000108,380,1029,-649
112000109,198,85,113
112000110,1919,521,1398
112000111,709,2167,-1458
112000112,2497,522,1975
112000113,675,1011,-336
112000114,1930,747,1183
112000115,313,363,-50
112000116,535,596,-61
112000117,922,687,235
112000118,787,573,214
112000119,369,547,-178
112000120,68,262,-194
112000121,118,302,-184
112000122,370,121,249
112000123,762,168,594
112000124,391,64,327
112000125,322,214,108
112000126,278,280,-2
112000127,1635,1926,-291
112000128,717,639,78
112000129,140,77,63
112000130,254,73,181
112000131,55,223,-168
112000132,128,192,-64
112000133,440,101,339
112000134,411,282,129
112000135,1202,484,718
112000136,923,851,72
112000137,1362,1213,149
112000138,995,819,176
112000139,696,655,41
112000140,563,942,-379
112000141,770,386,384
112000142,126,337,-211
112000143,1158,209,949
112000144,305,682,-377
112000145,2615,462,2153
112000146,535,1151,-616
112000147,2701,1588,1113
112000148,1367,1398,-31
112000149,389,402,-13
112000150,246,330,-84
112000151,306,202,104
112000152,383,289,94
112000153,130,155,-25
112000154,174,133,41
112000155,110,91,19
112000157,515,439,76
112000158,335,265,70
112000159,572,267,305
112000167,351,110,241
112000169,199,330,-131
112000173,857,167,690
112000175,321,212,109
112000176,1756,1633,123
112000177,658,168,490
112000178,55,203,-148
112000179,279,67,212
112000180,286,342,-56
112000181,1090,1214,-124
112000182,1188,835,353
112000183,22,23,-1
112000184,368,217,151
112000185,533,298,235
112000187,3492,1956,1536
112000195,134,17,117
112000196,246,2,244
112000197,202,173,29
112000198,28,240,-212
112000199,654,687,-33
112000202,437,5,432
112000216,64,214,-150
112000230,105,4,101
112000231,6,164,-158
112000256,61,190,-129
112000313,52,81,-29
112000314,54,32,22
112000337,167,496,-329
112000352,210,334,-124
112000392,1094,1145,-51
112000398,1531,608,923
112000399,1205,1859,-654
112000400,1299,1643,-344
112000401,2117,1281,836
112000402,2953,2902,51
112000403,1324,2554,-1230
112000404,938,704,234
112000405,1967,2448,-481
112000406,2342,1412,930
112000407,7370,7296,74
112000408,6115,3801,2314
112000409,1266,2613,-1347
112000410,360,326,34
112000411,2484,1315,1169
112000412,1048,416,632
112000413,5160,5687,-527
112000414,62,73,-11
112000415,103,38,65
112000416,2619,1050,1569
112000417,284,72,212
112000421,65,75,-10
112000422,297,200,97
112000424,1331,2167,-836
112000425,346,532,-186
112000426,166,244,-78
112000427,0,10,-10
112000428,240,260,-20
112000429,1740,1667,73
112000430,2161,2332,-171
112000431,112,116,-4
112000432,454,748,-294
112000433,302,583,-281
112000437,40,122,-82
112900001,73,0,73
112900002,499,571,-72
112900003,95,246,-151
112900004,45,190,-145
112900005,225,130,95
112900006,12,198,-186
112900007,49,179,-130
112900008,1,50,-49
112900009,310,151,159
112900010,416,594,-178
112900011,87,158,-71
112900012,0,37,-37
112900013,3,112,-109
112900014,2,152,-150
112900015,339,517,-178
112900016,7,177,-170
112900017,46,153,-107
112900018,1,131,-130
112900019,20,96,-76
112900020,330,768,-438
112900021,1,162,-161
112900022,6,68,-62
112900023,2,78,-76
112900024,18,144,-126
112900025,41,172,-131
112900026,5,112,-107
112900027,6,644,-638
112900028,21,82,-61
112900029,16,331,-315
112900030,85,90,-5
112900031,2,307,-305
112900032,129,205,-76
112900034,2,35,-33
112900035,5,251,-246
112900036,19,89,-70
112900037,118,160,-42
112900038,597,125,472
112900039,10,209,-199
112900040,9,364,-355
112900041,449,838,-389
112900042,68,204,-136
112900043,29,31,-2
112900044,361,326,35
112900045,170,221,-51
112900046,118,49,69
112900047,10,23,-13
112900049,282,51,231
112900050,38,324,-286
112900051,192,321,-129
112900052,0,439,-439
112900053,129,115,14
112900054,137,57,80
112900055,99,36,63
112900056,343,186,157
112900057,17,341,-324
112900058,253,321,-68
112900059,83,99,-16
112900060,26,123,-97
112900061,87,62,25
112900062,68,94,-26
112900063,91,14,77
112900064,161,207,-46
112900065,34,42,-8
112900066,220,212,8
112900067,238,120,118
112900068,32,78,-46
112900069,1198,779,419
112900071,30,11,19
112900072,107,1906,-1799
112900073,289,113,176
112900074,74,241,-167
112900075,811,881,-70
112900076,73,30,43
112900078,278,354,-76
112900079,196,24,172
112900080,54,5,49
112900081,44,183,-139
112900082,663,23,640
112900083,125,119,6
112900084,266,129,137
112900086,143,1,142
112900087,676,142,534
112900088,110,14,96
112900089,983,39,944
112900090,49,31,18
112900091,237,2,235
112900092,68,365,-297
112900093,1022,19,1003
112900095,42,5,37
112900096,560,149,411
112900097,56,188,-132
112900098,52,2,50
112900099,827,20,807
112900100,65,3,62
112900101,327,1,326
112900102,90,15,75
112900103,219,3,216
112900104,162,3,159
112900105,11,0,11
112900106,356,128,228
112900107,6,2,4
112900108,11,0,11
112900109,152,0,152
112900110,1362,15,1347
112900111,708,6,702
112900112,312,2,310
112900113,0,14,-14
112900114,197,16,181
112900115,1412,7,1405
112900116,181,13,168
112900117,64,61,3
112900118,30,88,-58
112900119,152,5,147
112900120,588,226,362
112900121,45,126,-81
112900122,16,63,-47
112900123,67,18,49
112900124,11,70,-59
112900125,56,251,-195
112900126,167,163,4
112900127,347,77,270
112900128,156,462,-306
112900129,1,467,-466
112900130,209,88,121
112900131,22,157,-135
112900132,74,262,-188
112900133,28,829,-801
112900134,2,168,-166
112900135,74,40,34
112900137,1,379,-378
112900138,6,162,-156
112900139,155,758,-603
112900141,664,45,619
112900142,60,152,-92
112900143,27,257,-230
112900144,0,132,-132
112900145,25,345,-320
112900146,0,606,-606
112900147,2,986,-984
112900148,42,4,38
112900149,177,304,-127
112900151,21,54,-33
112900152,2756,586,2170
112900153,1289,2021,-732
112900154,0,76,-76
112900155,193,29,164
112900156,359,752,-393
112900157,376,36,340
112900158,88,8,80
112900159,183,114,69
112900160,55,195,-140
112900161,127,55,72
112900162,31,25,6
112900163,68,57,11
112900164,17,136,-119
112900165,57,16,41
112900166,16,52,-36
112900167,3,57,-54
112900168,4,2,2
112900169,10,5,5
112900170,71,69,2
112900172,43,18,25
112900173,141,59,82
112900174,237,47,190
112900175,120,126,-6
112900176,29,28,1
112900177,260,44,216
112900178,612,2023,-1411
112900179,19,299,-280
112900180,1712,1243,469
112900181,630,5,625
112900182,56,571,-515
112900183,117,213,-96
112900184,386,309,77
112900185,159,487,-328
112900186,935,874,61
112900187,88,470,-382
112900188,435,644,-209
112900189,16,12,4
112900190,25,43,-18
112900192,636,623,13
112900193,1118,347,771
112900194,81,59,22
112900195,744,45,699
112900196,183,211,-28
112900197,154,273,-119
112900199,703,344,359
112900200,449,154,295
112900201,142,78,64
112900202,348,458,-110
112900203,224,165,59
112900204,666,505,161
112900205,25,19,6
112900206,31,74,-43
112900207,26,1,25
112900208,72,309,-237
112900209,378,251,127
112900210,0,14,-14
112900211,55,19,36
112900212,0,93,-93
112900213,36,7,29
112900214,18,9,9
112900215,10,113,-103
112900216,14,44,-30
112900217,0,80,-80
112900218,123,23,100
112900219,82,3,79
112900220,7,0,7
112900221,35,57,-22
112900222,0,13,-13
112900223,981,19,962
112900224,337,341,-4
112900225,402,208,194
112900226,153,220,-67
112900227,708,650,58
112900228,54,23,31
112900229,221,35,186
112900230,4531,2991,1540
112900232,196,288,-92
112900233,65,127,-62
112900234,16,70,-54
112900235,96,30,66
112900236,287,13,274
112900237,214,177,37
112900238,8,14,-6
112900239,618,435,183
112900240,4,24,-20
112900241,3,39,-36
112900242,12,44,-32
112900243,4,64,-60
112900244,2,23,-21
112900245,11,31,-20
112900246,0,4,-4
112900247,39,16,23
112900248,6,0,6
112900249,25,4,21
112900250,31,21,10
112900251,38,13,25
112900252,71,9,62
112900253,23,6,17
112900254,16,1,15
112900255,1,25,-24
112900256,2,12,-10
112900257,13,20,-7
112900258,19,3,16
113000001,5134,3556,1578
113000002,3171,2664,507
113000003,1413,1124,289
113000004,1404,1730,-326
113000005,1533,697,836
113000006,930,1008,-78
113000007,1648,792,856
113000008,1408,1269,139
113000009,1076,546,530
113000010,1031,947,84
113000011,603,1090,-487
113000012,1698,430,1268
113000013,1039,694,345
113000014,1135,1308,-173
113000015,294,169,125
113000016,352,881,-529
113000017,37,294,-257
113000018,334,33,301
113000019,50,249,-199
113000020,358,54,304
113000021,1011,377,634
113000022,664,871,-207
113000025,87,290,-203
113000026,371,354,17
113000027,308,544,-236
113000028,458,484,-26
113000029,703,528,175
113000030,232,414,-182
113000031,171,235,-64
113000032,224,227,-3
113000033,258,368,-110
113000034,239,283,-44
113000035,21,29,-8
113000036,20,68,-48
113000037,38,28,10
113000038,25,43,-18
113000039,56,397,-341
113000040,69,104,-35
113000042,526,457,69
113000051,833,1901,-1068
113000052,1761,642,1119
113000053,503,299,204
113000054,345,579,-234
113000055,1170,444,726
113000056,1054,729,325
113000058,545,648,-103
113000059,1050,449,601
113000060,204,397,-193
113000061,540,700,-160
113000062,522,212,310
113000063,196,65,131
113000064,46,137,-91
113000065,157,546,-389
113000066,718,88,630
113000067,2394,965,1429
113000068,367,780,-413
113000069,478,584,-106
113000070,2354,708,1646
113000071,354,400,-46
113000072,923,302,621
113000073,299,990,-691
113000074,821,298,523
113000075,1621,578,1043
113000076,422,1792,-1370
113000077,880,588,292
113000078,547,1829,-1282
113000079,428,782,-354
113000080,604,606,-2
113000081,630,605,25
113000082,843,599,244
113000083,519,747,-228
113000084,1309,894,415
113000085,793,568,225
113000086,819,962,-143
113000087,805,846,-41
113000088,1685,1026,659
113000089,689,1215,-526
113000090,200,468,-268
113000091,364,295,69
113000094,1096,207,889
113000095,208,527,-319
113000096,110,418,-308
113000097,944,331,613
113000098,94,30,64
113000099,834,274,560
113000100,117,262,-145
113000101,274,442,-168
113000102,521,396,125
113000103,1484,290,1194
113000104,532,2004,-1472
113000105,742,324,418
113000106,319,237,82
113000107,932,666,266
113000108,725,807,-82
113000109,591,1429,-838
113000110,1699,347,1352
113000111,230,586,-356
113000112,392,275,117
113000113,1129,285,844
113000114,321,1275,-954
113000116,467,263,204
113000117,549,82,467
113000118,110,335,-225
113000119,316,216,100
113000120,61,160,-99
113000121,331,639,-308
113000124,228,102,126
113000125,45,700,-655
113000127,1647,238,1409
113000128,566,398,168
113000129,368,549,-181
113000133,1301,996,305
113000134,4,859,-855
113000135,3323,3806,-483
113000137,1300,3030,-1730
113000139,242,185,57
113000140,59,178,-119
113000141,111,137,-26
113000142,246,721,-475
113000143,219,174,45
113000144,239,557,-318
113000145,80,96,-16
113000146,131,49,82
113000147,138,75,63
113000148,201,74,127
113000149,120,123,-3
113000150,466,204,262
113000151,60,39,21
113000152,40,81,-41
113000153,908,398,510
113000154,653,1207,-554
113000155,295,546,-251
113000156,122,300,-178
113000157,227,600,-373
113000158,576,199,377
113000159,825,593,232
113000160,503,693,-190
113000161,255,234,21
113000162,699,362,337
113000163,96,57,39
113000164,23,39,-16
113000166,166,81,85
113000167,29,64,-35
113000168,79,74,5
113000169,189,70,119
113000170,102,111,-9
113000171,52,67,-15
113000172,254,34,220
113000173,47,28,19
113000174,93,315,-222
113000175,352,76,276
113000176,454,149,305
113000177,141,336,-195
113000178,145,206,-61
113000179,284,190,94
113000180,416,848,-432
113000181,1110,634,476
113000182,138,265,-127
113000183,81,519,-438
113000184,10,65,-55
113000189,308,596,-288
113000190,470,369,101
113000192,786,2196,-1410
113000193,1963,1792,171
113000194,842,981,-139
113000195,1270,1085,185
113000196,178,63,115
113000197,920,1089,-169
113000198,44,191,-147
113000199,925,272,653
113000201,207,294,-87
113000202,3094,698,2396
113000203,118,132,-14
113000204,695,2130,-1435
113000205,3,12,-9
113000206,10,17,-7
113000207,56,10,46
113000208,37,40,-3
113000209,8,22,-14
113000210,2,21,-19
113000211,136,263,-127
113000212,59,23,36
113000213,38,139,-101
113000214,176,202,-26
113000234,168,602,-434
113000410,118,182,-64
113000411,1841,3072,-1231
113000412,4219,1973,2246
113000413,1463,2409,-946
113000414,3696,10314,-6618
113000415,1747,2017,-270
113000416,5217,2977,2240
113000417,1926,2031,-105
113000418,4387,3047,1340
113000419,1399,1688,-289
113000420,3465,5078,-1613
113000421,3400,5672,-2272
113000422,8200,8570,-370
113000423,1470,4587,-3117
113000424,2071,9217,-7146
113000425,7,90,-83
113000428,69,66,3
113000430,3,172,-169
113000432,1819,151,1668
113000433,49,427,-378
113000434,37,101,-64
113000435,18,247,-229
113000436,28,556,-528
113000437,981,37,944
113000438,237,14,223
113000439,12,78,-66
113000440,104,25,79
113000441,202,175,27
113000442,140,103,37
113000443,259,137,122
113000444,194,110,84
113000445,155,73,82
113000446,49,66,-17
113000448,158,117,41
113000449,150,600,-450
113000450,403,1503,-1100
113000451,853,173,680
113000452,141,384,-243
113000453,65,300,-235
113000454,335,93,242
113000455,28,338,-310
113000456,2343,1915,428
113000468,1054,133,921
113000469,33,58,-25
113000470,290,18,272
113000471,13,340,-327
113000472,80,176,-96
113000474,770,542,228
113000475,1302,1155,147
113000476,1459,1501,-42
113000477,3210,1630,1580
113000478,2953,3495,-542
113000479,46,119,-73
113000484,0,0,0
113000485,0,0,0
113000486,1,0,1
113000487,0,4,-4
113000488,0,4,-4
113000489,0,1,-1
113000490,0,4,-4
113000491,7,1,6
113000492,2,5,-3
113000493,0,3,-3
113000495,118,126,-8
113000496,136,95,41
113000499,0,0,0
113900001,1,139,-138
113900002,0,33,-33
113900003,0,28,-28
113900004,2,80,-78
113900005,0,43,-43
113900006,2,9,-7
113900007,25,31,-6
113900008,11,0,11
113900009,37,0,37
113900010,55,0,55
113900011,100,1,99
113900012,37,0,37
113900013,111,3,108
113900014,389,5,384
113900015,0,64,-64
113900016,35,0,35
113900017,4,29,-25
113900018,273,228,45
113900019,148,37,111
113900020,101,0,101
113900022,24,0,24
113900023,37,0,37
113900024,47,18,29
113900025,167,14,153
113900026,35,0,35
113900027,9,19,-10
113900028,16,330,-314
113900029,90,107,-17
113900030,261,3,258
113900031,12,0,12
113900032,15,2,13
113900033,69,28,41
113900035,37,0,37
113900036,17,47,-30
113900037,178,294,-116
113900038,61,87,-26
113900039,180,18,162
113900040,20,18,2
113900041,3,5,-2
113900042,66,28,38
113900043,135,78,57
113900044,237,275,-38
113900045,47,1,46
113900046,255,466,-211
113900047,54,90,-36
113900048,139,88,51
113900049,369,297,72
113900050,232,222,10
113900051,208,258,-50
113900052,95,99,-4
113900053,458,370,88
113900054,16,1,15
113900055,62,236,-174
113900056,35,135,-100
113900057,15,35,-20
113900058,53,72,-19
113900059,242,242,0
113900060,50,123,-73
113900061,501,172,329
113900062,94,8,86
113900063,64,56,8
113900064,11,66,-55
113900065,387,19,368
113900066,345,191,154
113900067,106,117,-11
113900068,351,391,-40
113900069,55,15,40
113900070,105,288,-183
113900071,45,54,-9
113900072,53,110,-57
113900073,318,240,78
113900074,81,149,-68
113900075,965,1064,-99
113900076,104,3,101
113900077,26,124,-98
113900078,31,46,-15
113900079,3,24,-21
113900080,438,136,302
113900081,46,98,-52
113900082,100,165,-65
113900083,339,173,166
113900084,173,97,76
113900085,42,212,-170
113900086,32,9,23
113900087,79,89,-10
113900088,75,105,-30
113900089,334,37,297
113900090,513,327,186
113900091,12,11,1
113900092,17,78,-61
113900093,68,713,-645
113900094,399,218,181
113900095,133,102,31
113900096,198,47,151
113900097,44,84,-40
113900098,639,112,527
113900099,2,23,-21
113900100,0,1,-1
113900101,6,47,-41
113900102,70,135,-65
113900103,269,215,54
113900104,134,199,-65
113900105,109,145,-36
113900106,0,25,-25
113900107,0,14,-14
113900108,152,205,-53
113900109,229,168,61
113900110,42,17,25
113900111,179,112,67
113900112,167,46,121
113900113,646,381,265
113900114,1,56,-55
113900115,3,54,-51
113900116,92,122,-30
113900117,79,15,64
113900118,147,308,-161
113900119,114,345,-231
113900120,60,31,29
113900121,63,57,6
113900122,246,1886,-1640
113900123,351,180,171
113900124,4,65,-61
113900125,552,125,427
113900126,84,31,53
113900127,291,562,-271
113900128,110,45,65
113900129,10,110,-100
113900130,1,61,-60
113900131,192,42,150
113900132,47,61,-14
113900133,9,80,-71
113900135,264,219,45
113900136,82,54,28
113900137,263,236,27
113900138,49,118,-69
113900139,184,170,14
113900140,123,275,-152
113900141,442,153,289
113900142,138,57,81
113900143,11,26,-15
113900144,140,150,-10
113900145,335,97,238
113900146,135,27,108
113900148,102,245,-143
113900149,133,80,53
113900150,285,317,-32
113900151,348,91,257
113900152,21,28,-7
113900153,162,383,-221
113900154,3,96,-93
113900155,140,186,-46
113900156,236,244,-8
113900157,28,197,-169
113900158,141,297,-156
113900159,15,166,-151
113900160,328,323,5
113900161,45,180,-135
113900162,256,521,-265
113900163,181,192,-11
113900164,280,44,236
113900165,526,234,292
113900166,106,122,-16
113900167,273,42,231
113900168,66,47,19
113900169,188,214,-26
113900171,159,62,97
113900172,11,84,-73
113900173,23,332,-309
113900174,359,372,-13
113900175,302,118,184
113900176,234,330,-96
113900177,289,134,155
113900178,187,109,78
113900179,18,291,-273
113900180,105,69,36
113900181,619,86,533
113900182,571,590,-19
113900183,45,66,-21
113900184,6,276,-270
113900185,128,70,58
113900186,28,22,6
113900187,26,122,-96
113900188,53,115,-62
113900189,183,103,80
113900190,197,95,102
113900191,71,124,-53
113900192,3,386,-383
113900193,16,111,-95
113900194,1004,711,293
113900195,249,304,-55
113900196,7,80,-73
113900197,0,91,-91
113900198,16,255,-239
113900199,122,517,-395
113900200,9,137,-128
113900201,1,63,-62
113900202,16,192,-176
113900203,0,46,-46
113900204,38,288,-250
113900205,11,114,-103
113900206,5,116,-111
113900207,0,29,-29
113900208,0,27,-27
113900209,1,79,-78
113900210,468,608,-140
113900211,155,46,109
113900212,211,294,-83
113900214,270,323,-53
113900215,78,78,0
113900216,88,406,-318
113900217,68,127,-59
113900218,168,85,83
113900219,83,263,-180
113900220,134,80,54
113900221,265,208,57
113900222,182,373,-191
113900223,150,512,-362
113900224,56,48,8
113900225,242,161,81
113900226,272,92,180
113900227,276,170,106
113900228,233,427,-194
113900229,49,561,-512
113900230,2392,2586,-194
113900231,158,118,40
113900232,98,71,27
113900233,79,64,15
113900234,280,339,-59
113900235,109,22,87
113900236,191,213,-22
113900237,126,6,120
113900238,153,424,-271
113900239,38,77,-39
113900240,6,173,-167
113900241,115,33,82
113900242,39,94,-55
113900243,69,318,-249
113900244,187,135,52
113900245,849,199,650
113900246,18,36,-18
113900247,116,388,-272
113900248,1514,1426,88
113900249,571,345,226
113900250,50,173,-123
113900251,642,109,533
113900252,450,15,435
113900253,507,40,467
113900254,687,103,584
113900255,405,15,390
113900256,371,24,347
113900257,41,302,-261
113900258,15,252,-237
113900259,476,85,391
113900260,207,9,198
113900261,26,75,-49
113900262,140,313,-173
113900263,102,410,-308
113900264,6,269,-263
113900265,104,226,-122
113900266,46,113,-67
113900267,90,312,-222
113900268,253,304,-51
113900269,74,118,-44
113900270,208,532,-324
113900271,546,692,-146
113900273,26,12,14
113900274,49,40,9
113900275,16,57,-41
113900276,2,78,-76
113900277,123,2,121
113900278,235,142,93
113900279,46,43,3
113900280,1306,367,939
113900281,610,1061,-451
113900282,485,523,-38
113900283,339,412,-73
113900284,662,131,531
113900285,88,24,64
113900286,33,59,-26
113900287,55,13,42
113900288,0,84,-84
113900289,456,83,373
113900290,179,207,-28
113900291,113,138,-25
113900292,3,4,-1
113900293,5,115,-110
113900294,444,29,415
113900295,270,321,-51
113900296,1413,399,1014
113900297,1727,25,1702
113900298,15,1362,-1347
113900299,118,101,17
113900300,2844,2761,83
113900301,559,300,259
113900302,1565,793,772
113900303,304,388,-84
113900304,0,72,-72
113900305,78,0,78
113900306,34,4,30
113900307,19,0,19
113900308,51,101,-50
113900309,1,503,-502
113900310,0,4,-4
113900311,5,6,-1
113900312,193,189,4
113900313,8,7,1
114000001,783,1537,-754
114000002,217,239,-22
114000003,50,180,-130
114000004,402,235,167
114000005,317,142,175
114000006,1812,1492,320
114000007,593,867,-274
114000008,988,1447,-459
114000009,740,205,535
114000011,2599,1828,771
114000012,2648,1239,1409
114000013,1627,1016,611
114000014,464,172,292
114000015,1538,259,1279
114000016,234,183,51
114000017,121,311,-190
114000018,167,23,144
114000026,1984,778,1206
114000027,3177,1565,1612
114000028,2370,2300,70
114000038,211,101,110
114000039,80,22,58
114000040,118,204,-86
114000042,122,99,23
114000043,40,50,-10
114000044,230,18,212
114000045,33,41,-8
114000046,1920,3375,-1455
114000047,4,64,-60
114000048,67,25,42
114000049,1285,1162,123
114000050,1494,1422,72
114000051,2610,1458,1152
114000052,3026,1465,1561
114000053,78,619,-541
114000054,158,656,-498
114000055,173,13,160
114000056,466,938,-472
114000057,3343,1499,1844
114000058,251,1269,-1018
114000059,136,339,-203
114000060,394,588,-194
114000061,2028,2564,-536
114000062,1138,1317,-179
114000063,1653,1133,520
114000064,3023,3158,-135
114000065,1182,1676,-494
114000066,395,468,-73
114000067,33,593,-560
114000068,454,547,-93
114000069,748,420,328
114000070,1873,1626,247
114000071,658,315,343
114000072,530,149,381
114000073,13,26,-13
114000074,64,11,53
114000075,63,48,15
114000076,21,36,-15
114000077,8,17,-9
114000078,426,381,45
114000079,102,26,76
114000080,42,84,-42
114000081,89,52,37
114000082,37,252,-215
114000083,69,94,-25
114000084,289,64,225
114000085,89,346,-257
114000086,191,262,-71
114000087,89,80,9
114000088,46,15,31
114000089,398,229,169
114000090,715,734,-19
114000091,972,602,370
114000092,802,338,464
114000093,1214,581,633
114000094,436,323,113
114000095,199,153,46
114000096,62,225,-163
114000097,112,339,-227
114000098,704,63,641
114000099,636,243,393
114000100,1542,411,1131
114000101,398,389,9
114000102,631,321,310
114000103,165,197,-32
114000104,22,115,-93
114000105,84,44,40
114000106,562,970,-408
114000107,375,103,272
114000108,864,732,132
114000109,624,1113,-489
114000110,564,929,-365
114000111,1706,655,1051
114000112,533,1472,-939
114000113,1492,447,1045
114000114,995,1040,-45
114000115,2267,900,1367
114000116,833,1649,-816
114000117,2918,413,2505
114000118,2439,371,2068
114000119,1777,353,1424
114000120,559,549,10
114000121,422,619,-197
114000122,387,237,150
114000123,1798,341,1457
114000124,834,238,596
114000125,710,876,-166
114000126,1496,203,1293
114000127,193,124,69
114000128,797,225,572
114000130,512,454,58
114000131,260,72,188
114000132,497,331,166
114000133,631,818,-187
114000134,92,64,28
114000138,22,114,-92
114000139,387,241,146
114000144,821,465,356
114000145,53,90,-37
114000146,107,134,-27
114000147,1269,1854,-585
114000148,1576,1530,46
114000149,292,239,53
114000150,360,535,-175
114000151,526,1383,-857
114000152,62,32,30
114000153,428,1485,-1057
114000154,392,428,-36
114000155,1037,2022,-985
114000156,566,468,98
114000157,238,918,-680
114000158,859,532,327
114000159,139,279,-140
114000160,86,244,-158
114000161,1119,2399,-1280
114000162,1059,2192,-1133
114000163,7,60,-53
114000165,446,323,123
114000166,479,347,132
114000167,2077,1230,847
114000168,512,492,20
114000169,1263,1126,137
114000170,1025,979,46
114000171,1038,3932,-2894
114000174,131,325,-194
114000176,316,331,-15
114000177,1272,563,709
114000178,33,35,-2
114000179,1033,648,385
114000180,297,483,-186
114000181,1369,3403,-2034
114000182,1473,1731,-258
114000183,657,647,10
114000184,1895,662,1233
114000185,951,615,336
114000189,1157,96,1061
114000190,2953,356,2597
114000191,54,85,-31
114000192,150,854,-704
114000193,357,1423,-1066
114000194,1175,627,548
114000195,200,32,168
114000196,1,117,-116
114000197,1235,41,1194
114000198,601,285,316
114000199,1554,1565,-11
114000200,451,1058,-607
114000201,109,483,-374
114000202,724,336,388
114000203,612,495,117
114000204,172,323,-151
114000205,146,855,-709
114000206,483,897,-414
114000207,411,926,-515
114000208,355,1391,-1036
114000209,405,1278,-873
114000210,217,713,-496
114000211,1114,986,128
114000212,614,660,-46
114000213,1422,467,955
114000214,90,156,-66
114000215,190,58,132
114000216,1288,307,981
114000217,343,159,184
114000218,138,167,-29
114000219,1187,159,1028
114000220,43,556,-513
114000221,753,146,607
114000222,122,644,-522
114000223,476,155,321
114000224,60,375,-315
114000225,285,381,-96
114000226,178,182,-4
114000227,809,414,395
114000228,854,572,282
114000229,1202,897,305
114000230,1533,851,682
114000231,912,1005,-93
114000232,822,131,691
114000233,1989,90,1899
114000234,1057,675,382
114000235,958,910,48
114000236,0,269,-269
114000237,118,529,-411
114000238,102,194,-92
114000239,167,706,-539
114000240,582,582,0
114000241,251,592,-341
114000242,843,602,241
114000243,1604,642,962
114000244,477,239,238
114000245,388,722,-334
114000246,83,38,45
114000247,420,444,-24
114000248,1092,434,658
114000249,474,408,66
114000250,564,423,141
114000251,368,134,234
114000252,62,33,29
114000253,44,60,-16
114000254,38,38,0
114000255,556,215,341
114000256,671,1798,-1127
114000257,343,924,-581
114000258,235,252,-17
114000259,88,183,-95
114000260,0,24,-24
114000261,20,50,-30
114000262,196,82,114
114000263,6,1,5
114000264,1114,256,858
114000265,0,2,-2
114000267,2,1371,-1369
114000268,0,835,-835
114000270,179,3,176
114000271,270,39,231
114000283,1133,315,818
114000285,15,108,-93
114000288,123,211,-88
114000289,1335,119,1216
114000293,180,394,-214
114000294,201,237,-36
114000395,1326,31,1295
114000396,660,406,254
114000402,497,201,296
114000403,276,226,50
114000405,156,315,-159
114000423,315,235,80
114000424,380,78,302
114000425,764,167,597
114000426,257,644,-387
114000427,62,55,7
114000428,156,179,-23
114000429,8,132,-124
114000432,124,74,50
114000434,36,66,-30
114000435,0,115,-115
114900001,579,483,96
114900002,358,78,280
114900003,721,711,10
114900004,195,319,-124
114900005,438,443,-5
114900006,61,51,10
114900007,197,8,189
114900008,123,57,66
114900010,1089,1503,-414
114900011,179,102,77
114900013,218,140,78
114900015,96,500,-404
114900018,872,30,842
114900020,162,55,107
114900022,3,454,-451
114900024,323,166,157
114900025,407,146,261
114900026,72,110,-38
114900027,307,157,150
114900029,153,28,125
114900030,357,120,237
114900031,321,26,295
114900032,382,19,363
114900033,556,766,-210
114900034,64,127,-63
114900035,64,186,-122
114900036,132,354,-222
114900037,101,84,17
114900038,143,291,-148
114900039,498,239,259
114900040,79,66,13
114900041,682,231,451
114900042,831,278,553
114900043,419,139,280
114900044,155,41,114
114900046,22,79,-57
114900047,225,1836,-1611
114900048,99,214,-115
114900049,16,124,-108
114900050,48,189,-141
114900051,31,208,-177
114900052,30,153,-123
114900053,61,220,-159
114900054,36,65,-29
114900057,153,12,141
114900058,0,72,-72
114900059,90,64,26
114900060,574,640,-66
114900061,104,88,16
114900062,185,220,-35
114900063,102,104,-2
114900064,1482,280,1202
114900065,418,540,-122
114900067,59,327,-268
114900068,61,186,-125
114900069,169,69,100
114900070,488,230,258
114900072,10,251,-241
114900073,1,97,-96
114900074,633,393,240
114900075,247,7,240
114900076,5,236,-231
114900080,1053,224,829
114900082,2466,1977,489
114900083,735,847,-112
114900090,294,149,145
114900091,94,109,-15
114900095,244,112,132
114900096,247,362,-115
114900097,178,0,178
114900098,10,143,-133
114900099,166,4,162
115000001,3706,2447,1259
115000002,3983,4173,-190
115000003,3651,1914,1737
115000004,4518,5266,-748
115000005,1358,1557,-199
115000006,1182,1282,-100
115000007,229,185,44
115000008,395,463,-68
115000009,190,185,5
115000010,279,178,101
115000013,73,215,-142
115000015,86,278,-192
115000016,57,216,-159
115000019,29,328,-299
115000020,76,580,-504
115000021,195,362,-167
115000022,498,271,227
115000023,334,517,-183
115000024,720,348,372
115000025,753,554,199
115000026,145,275,-130
115000027,307,210,97
115000028,218,611,-393
115000029,672,90,582
115000030,681,876,-195
115000031,1253,187,1066
115000032,10,259,-249
115000033,211,35,176
115000034,54,894,-840
115000035,935,65,870
115000036,1,293,-292
115000037,475,10,465
115000038,62,141,-79
115000039,2821,3135,-314
115000040,3533,2299,1234
115000041,1268,2866,-1598
115000042,650,451,199
115000043,3649,1927,1722
115000044,3220,2535,685
115000045,2668,1117,1551
115000046,2563,1928,635
115000047,2377,1146,1231
115000048,1548,1441,107
115000049,1446,2297,-851
115000050,2816,1508,1308
115000051,1520,2781,-1261
115000052,1515,1368,147
115000053,1790,1638,152
115000054,515,907,-392
115000055,212,1037,-825
115000056,248,442,-194
115000057,481,1243,-762
115000058,265,423,-158
115000059,164,150,14
115000061,144,147,-3
115000062,188,213,-25
115000063,328,274,54
115000064,207,59,148
115000065,95,414,-319
115000067,178,21,157
115000069,80,264,-184
115000070,31,719,-688
115000071,97,15,82
115000072,15,58,-43
115000073,1175,65,1110
115000075,102,49,53
115000076,2290,1794,496
115000077,1719,1335,384
115000078,1084,871,213
115000079,1103,1061,42
115000080,2203,1447,756
115000081,372,568,-196
115000082,3678,3100,578
115000083,1779,1298,481
115000084,2365,856,1509
115000085,638,550,88
115000086,1046,555,491
115000087,356,1065,-709
115000088,1640,494,1146
115000089,1275,944,331
115000090,475,737,-262
115000091,235,593,-358
115000092,623,363,260
115000093,470,2,468
115000094,4643,4909,-266
115000095,3229,5449,-2220
115000096,780,867,-87
115000097,976,747,229
115000098,1197,535,662
115000099,2382,1689,693
115000100,1061,290,771
115000101,414,1061,-647
115000102,440,223,217
115000103,279,511,-232
115000105,61,65,-4
115000106,603,266,337
115000107,181,338,-157
115000108,2242,1835,407
115000109,3036,3819,-783
115000110,1578,1393,185
115000111,549,1173,-624
115000112,601,557,44
115000113,519,614,-95
115000114,1363,492,871
115000116,3027,1850,1177
115000117,2791,2389,402
115000118,1839,1332,507
115000119,1345,1674,-329
115000120,513,1244,-731
115000121,1031,606,425
115000122,1882,1417,465
115000123,945,2167,-1222
115000124,730,847,-117
115000125,356,570,-214
115000126,107,268,-161
115000127,336,99,237
115000128,333,724,-391
115000129,277,318,-41
115000130,386,539,-153
115000131,800,251,549
115000132,231,201,30
115000133,468,179,289
115000134,235,192,43
115000135,181,87,94
115000136,251,264,-13
115000137,121,112,9
115000138,364,229,135
115000139,243,134,109
115000140,369,240,129
115000141,172,174,-2
115000142,212,178,34
115000143,895,558,337
115000144,466,59,407
115000145,192,229,-37
115000146,402,276,126
115000147,214,290,-76
115000148,234,544,-310
115000149,590,186,404
115000150,538,441,97
115000151,1079,399,680
115000152,514,484,30
115000153,969,294,675
115000154,834,206,628
115000155,477,586,-109
115000156,845,464,381
115000157,442,583,-141
115000158,333,329,4
115000159,494,525,-31
115000160,372,357,15
115000161,119,315,-196
115000162,565,767,-202
115000163,423,560,-137
115000164,630,477,153
115000165,358,397,-39
115000167,147,51,96
115000168,418,286,132
115000169,388,277,111
115000170,117,133,-16
115000171,268,219,49
115000172,704,544,160
115000173,287,496,-209
115000174,80,308,-228
115000175,133,94,39
115000176,84,71,13
115000177,57,91,-34
115000178,12,202,-190
115000179,33,19,14
115000180,103,341,-238
115000181,658,103,555
115000182,917,179,738
115000183,340,579,-239
115000186,690,238,452
115000187,202,458,-256
115000188,417,376,41
115000189,184,377,-193
115000190,659,301,358
115000191,95,392,-297
115000194,88,117,-29
115000195,230,248,-18
115000196,204,73,131
115000197,187,156,31
115000198,368,99,269
115000199,326,106,220
115000200,324,73,251
115000201,162,189,-27
115000206,361,34,327
115000207,151,257,-106
115000208,247,396,-149
115000209,459,219,240
115000210,129,75,54
115000211,162,186,-24
115000212,1042,272,770
115000224,372,74,298
115000225,33,83,-50
115000229,109,124,-15
115000230,92,253,-161
115000231,235,864,-629
115000232,1709,203,1506
115000233,93,148,-55
115000234,32,214,-182
115000241,64,98,-34
115000242,107,159,-52
115000243,48,108,-60
115000244,10,104,-94
115000246,61,15,46
115000247,27,18,9
115000248,12,17,-5
115000249,28,8,20
115000250,277,37,240
115000251,236,76,160
115000252,101,174,-73
115000253,15,313,-298
115000258,315,89,226
115000259,268,97,171
115000261,21,14,7
115000262,3,18,-15
115000263,49,42,7
115000264,35,31,4
115000267,62,60,2
115000268,37,101,-64
115000269,138,41,97
115000270,14,21,-7
115000272,73,119,-46
115000273,353,22,331
115000280,1773,341,1432
115000281,362,1022,-660
115000282,460,558,-98
115000284,235,124,111
115000296,963,9,954
115000297,90,171,-81
115000298,46,407,-361
115000300,206,136,70
115000302,498,92,406
115000303,757,75,682
115000304,754,45,709
115000305,126,343,-217
115000306,179,192,-13
115000307,88,156,-68
115000308,21,28,-7
115000309,5,65,-60
115000310,1072,509,563
115000311,1002,877,125
115000313,132,334,-202
115000314,397,170,227
115000315,642,490,152
115000316,66,80,-14
115000317,127,325,-198
115000318,640,230,410
115000319,36,240,-204
115000320,12,245,-233
115000321,197,8,189
115000322,39,154,-115
115000449,171,176,-5
115000557,2,1257,-1255
115000558,307,90,217
115000587,482,189,293
115000588,1788,1884,-96
115000589,3561,1840,1721
115000590,1002,977,25
115000591,1569,513,1056
115000592,450,1593,-1143
115000593,1365,502,863
115000594,616,2438,-1822
115000609,219,174,45
115000617,862,2684,-1822
115000624,221,45,176
115000633,405,1515,-1110
115000634,2411,735,1676
115000635,543,114,429
115000638,467,460,7
115000641,40,106,-66
115000642,294,206,88
115000643,114,367,-253
115000644,105,263,-158
115000646,784,1235,-451
115000647,143,433,-290
115000648,1946,1268,678
115000893,2211,1406,805
115000894,114,909,-795
115000895,375,824,-449
115000896,1184,329,855
115000897,418,110,308
115000898,381,168,213
115000899,292,1010,-718
115000900,47,273,-226
115000901,37,113,-76
115000912,374,67,307
115000913,5,18,-13
115000915,25,0,25
115000916,6,0,6
115000917,0,11,-11
115000918,43,332,-289
115000919,2,3,-1
115000920,10,40,-30
115000921,290,76,214
115000922,680,757,-77
115000923,233,1149,-916
115000925,92,74,18
115000927,45,44,1
115000933,166,253,-87
115000934,122,173,-51
115000935,111,60,51
115000936,19,581,-562
115000937,633,133,500
115000938,101,224,-123
115000939,116,221,-105
115000940,21,25,-4
115000941,4,15,-11
115000942,26,129,-103
115000943,22,27,-5
115000944,4,8,-4
115900001,122,32,90
115900002,70,80,-10
115900003,169,65,104
115900004,0,31,-31
115900005,159,21,138
115900006,99,167,-68
115900008,81,1,80
115900009,78,151,-73
115900010,307,109,198
115900011,382,168,214
115900012,210,37,173
115900013,233,75,158
115900014,125,89,36
115900015,120,56,64
115900016,89,7,82
115900017,11,4,7
115900018,140,42,98
115900019,52,8,44
115900020,71,1,70
115900021,745,168,577
115900022,754,4,750
115900023,23,11,12
115900025,35,177,-142
115900026,573,130,443
115900027,0,173,-173
115900028,488,37,451
115900029,10,222,-212
115900030,27,25,2
115900031,215,210,5
115900032,324,387,-63
115900033,2,37,-35
115900034,34,176,-142
115900035,55,19,36
115900036,43,829,-786
115900037,37,197,-160
115900038,60,5,55
115900039,130,99,31
115900041,313,607,-294
115900042,21,6,15
115900043,75,25,50
115900044,155,231,-76
115900046,278,138,140
115900047,152,151,1
115900049,134,130,4
115900051,6,43,-37
115900052,7,104,-97
115900053,235,118,117
115900054,271,36,235
115900055,15,75,-60
115900056,202,134,68
115900057,25,7,18
115900058,47,35,12
115900060,60,60,0
115900061,228,0,228
115900062,36,195,-159
115900063,78,7,71
115900064,144,164,-20
115900065,108,52,56
115900066,135,76,59
115900067,10,435,-425
115900068,1941,884,1057
115900069,32,121,-89
115900070,162,75,87
115900071,0,235,-235
115900072,38,87,-49
115900073,73,102,-29
115900074,10,172,-162
115900075,20,125,-105
115900076,3,35,-32
115900077,13,173,-160
115900078,34,129,-95
115900079,208,12,196
115900080,231,140,91
115900081,20,34,-14
115900082,107,107,0
115900084,406,16,390
115900085,34,91,-57
115900086,1029,379,650
115900088,32,56,-24
115900089,308,446,-138
115900090,355,8,347
115900091,1,28,-27
115900092,30,90,-60
115900093,12,13,-1
115900094,2,154,-152
115900096,4,11,-7
115900097,11,169,-158
115900098,223,214,9
115900099,30,67,-37
115900100,10,299,-289
115900101,130,173,-43
115900102,80,47,33
115900103,245,114,131
115900104,78,63,15
115900105,264,262,2
115900106,93,17,76
115900107,69,72,-3
115900108,137,24,113
115900109,45,242,-197
115900110,2,9,-7
115900111,1,57,-56
115900112,43,557,-514
115900113,49,15,34
115900114,1,87,-86
115900115,63,130,-67
115900116,68,549,-481
115900117,78,10,68
115900118,4,196,-192
115900119,128,101,27
115900120,28,166,-138
115900121,177,103,74
115900124,227,527,-300
115900125,328,44,284
115900126,621,46,575
115900127,640,41,599
115900128,6,85,-79
115900129,577,64,513
115900130,26,218,-192
115900131,233,18,215
115900132,526,6,520
115900134,314,10,304
115900135,400,1128,-728
115900137,27,3,24
115900139,31,68,-37
115900140,217,55,162
115900141,3,35,-32
115900142,3,27,-24
115900143,243,266,-23
115900144,116,143,-27
115900146,12,43,-31
115900147,226,299,-73
115900148,64,5,59
115900149,103,17,86
115900150,73,21,52
115900151,8,95,-87
115900152,148,185,-37
115900153,165,106,59
115900154,340,265,75
115900155,0,27,-27
115900156,581,619,-38
115900157,173,377,-204
115900158,14,9,5
115900159,134,155,-21
115900160,10,13,-3
115900161,46,76,-30
115900163,182,92,90
115900164,542,16,526
115900166,148,100,48
115900168,106,104,2
115900171,78,284,-206
115900172,66,86,-20
115900173,148,101,47
115900174,240,162,78
115900175,112,176,-64
115900178,7,432,-425
115900179,276,7,269
115900180,21,66,-45
115900181,154,107,47
115900182,424,120,304
115900183,47,53,-6
115900184,949,7,942
115900187,17,92,-75
115900189,0,217,-217
115900190,202,1163,-961
115900191,19,217,-198
115900192,6,153,-147
115900193,121,91,30
115900194,643,52,591
115900195,459,1893,-1434
115900198,161,204,-43
115900199,164,137,27
115900200,188,203,-15
115900201,403,335,68
115900202,0,33,-33
115900203,4,8,-4
115900204,0,14,-14
115900205,41,20,21
115900206,173,104,69
115900207,22,16,6
115900208,118,68,50
115900209,5,107,-102
115900210,3,101,-98
115900211,0,121,-121
115900212,212,142,70
115900213,82,89,-7
115900214,551,138,413
115900215,36,133,-97
115900216,7,106,-99
115900217,0,35,-35
115900218,2,19,-17
115900219,80,3,77
115900220,175,10,165
115900221,62,9,53
115900222,42,20,22
115900223,14,330,-316
115900224,557,967,-410
115900225,60,36,24
115900226,28,28,0
115900227,3,31,-28
115900228,8,22,-14
115900229,12,15,-3
115900230,52,82,-30
115900231,107,3,104
115900232,40,4,36
115900233,60,23,37
115900234,31,14,17
115900235,22,20,2
115900236,16,30,-14
115900237,18,18,0
115900238,18,6,12
115900239,11,16,-5
115900240,9,28,-19
115900241,198,70,128
115900242,202,273,-71
115900243,6,3,3
115900244,28,15,13
115900245,92,8,84
115900246,5,13,-8
115900247,34,16,18
115900248,11,0,11
115900249,11,3,8
115900250,13,14,-1
115900251,1,10,-9
115900252,1,2,-1
115900253,8,14,-6
115900254,1,29,-28
115900255,1,11,-10
115900256,11,21,-10
115900257,12,10,2
115900258,0,2,-2
115900259,6,2,4
115900260,15,3,12
115900261,9,0,9
115900262,1,1,0
115900263,9,0,9
115900264,11,5,6
115900265,5,5,0
115900266,6,15,-9
115900267,8,14,-6
115900268,4,13,-9
115900269,467,219,248
115900270,311,147,164
115900271,124,0,124
115900272,23,8,15
115900273,7,19,-12
115900274,4,10,-6
115900275,3,8,-5
115900276,0,12,-12
115900277,1,31,-30
115900278,31,65,-34
115900279,20,142,-122
115900280,23,368,-345
115900281,235,218,17
115900282,5,15,-10
115900283,24,15,9
115900284,22,8,14
116000001,6492,3015,3477
116000002,4191,10464,-6273
116000003,1420,1250,170
116000004,2714,3522,-808
116000005,1325,2203,-878
116000006,2149,2284,-135
116000007,2001,2239,-238
116000008,3528,1854,1674
116000009,1014,1535,-521
116000010,2286,1380,906
116000011,775,1456,-681
116000012,1508,878,630
116000013,5078,2894,2184
116000014,6801,10944,-4143
116000015,166,1060,-894
116000016,3507,2814,693
116000017,25,644,-619
116000018,519,175,344
116000019,612,245,367
116000020,541,463,78
116000021,416,225,191
116000022,334,262,72
116000023,1030,537,493
116000024,524,599,-75
116000025,736,675,61
116000026,1353,1798,-445
116000027,488,491,-3
116000028,437,685,-248
116000029,420,546,-126
116000030,751,388,363
116000031,139,244,-105
116000032,313,118,195
116000033,336,374,-38
116000034,578,662,-84
116000035,344,543,-199
116000036,909,938,-29
116000037,335,384,-49
116000038,228,409,-181
116000039,320,276,44
116000040,491,348,143
116000041,80,352,-272
116000042,570,267,303
116000043,84,523,-439
116000044,6,75,-69
116000045,1396,1153,243
116000046,865,1561,-696
116000047,1384,1881,-497
116000048,1571,1556,15
116000049,1127,2676,-1549
116000050,1310,1041,269
116000051,5547,2046,3501
116000052,5127,4024,1103
116000053,1780,652,1128
116000054,808,1927,-1119
116000055,695,691,4
116000056,910,868,42
116000057,2060,1133,927
116000058,2232,1877,355
116000059,2157,3110,-953
116000060,1554,815,739
116000061,547,982,-435
116000062,496,197,299
116000063,494,1034,-540
116000066,304,568,-264
116000067,207,374,-167
116000068,165,305,-140
116000069,433,248,185
116000078,535,981,-446
116000080,1604,687,917
116000082,13,35,-22
116000083,1727,357,1370
116000084,1689,2663,-974
116000085,1934,1593,341
116000086,1530,904,626
116000087,1876,1166,710
116000088,671,713,-42
116000089,150,68,82
116000090,84,135,-51
116000091,250,292,-42
116000093,898,563,335
116000094,612,440,172
116000095,818,427,391
116000096,764,1159,-395
116000097,804,535,269
116000098,91,5668,-5577
116000099,4018,246,3772
116000100,213,7,206
116000101,792,427,365
116000102,247,691,-444
116000103,493,242,251
116000104,185,700,-515
116000105,1208,141,1067
116000106,391,537,-146
116000107,1841,257,1584
116000108,193,374,-181
116000111,118,29,89
116000113,124,98,26
116000114,38,122,-84
116000115,596,408,188
116000116,275,347,-72
116000117,1436,1531,-95
116000118,1416,830,586
116000119,3120,1566,1554
116000120,2417,2459,-42
116000121,883,507,376
116000122,970,1027,-57
116000123,1073,444,629
116000124,283,594,-311
116000125,2775,740,2035
116000126,294,1036,-742
116000127,837,781,56
116000128,1666,788,878
116000129,1747,272,1475
116000130,610,429,181
116000133,1027,653,374
116000134,1617,1253,364
116000135,2544,1196,1348
116000136,751,1346,-595
116000137,1024,617,407
116000138,726,515,211
116000139,1393,1868,-475
116000140,143,172,-29
116000141,250,481,-231
116000142,2634,2004,630
116000143,1747,1695,52
116000144,1406,1386,20
116000145,1867,856,1011
116000146,650,139,511
116000147,201,110,91
116000148,505,432,73
116000149,531,467,64
116000151,537,390,147
116000153,85,308,-223
116000155,143,196,-53
116000156,666,889,-223
116000157,56,16,40
116000158,320,271,49
116000159,7,12,-5
116000160,18,17,1
116000161,7,32,-25
116000162,49,84,-35
116000163,28,11,17
116000164,5,11,-6
116000177,277,297,-20
116000194,97,318,-221
116000195,1176,513,663
116000196,5,6,-1
116000197,0,7,-7
116000198,1751,781,970
116000200,554,527,27
116000201,501,499,2
116000202,12,203,-191
116000203,3,81,-78
116000204,15,48,-33
116000205,0,95,-95
116000206,4,73,-69
116000207,7,49,-42
116000233,159,250,-91
116000287,158,234,-76
116000288,237,149,88
116000292,34,75,-41
116000296,11,196,-185
116000297,103,19,84
116000304,101,22,79
116000305,30,67,-37
116000346,123,40,83
116000352,68,18,50
116000354,23,5,18
116000357,4,18,-14
116000358,327,48,279
116000361,176,5,171
116000372,3155,4272,-1117
116000381,103,0,103
116000388,1,36,-35
116000389,567,429,138
116000445,443,299,144
116000446,547,330,217
116000447,18,451,-433
116000448,469,146,323
116000563,613,721,-108
116000565,31,241,-210
116000568,72,277,-205
116000579,20,108,-88
116000583,107,45,62
116000584,14,3,11
116000585,28,15,13
116000586,22,41,-19
116000587,415,503,-88
116000589,116,76,40
116000590,74,97,-23
116000591,270,156,114
116000592,14,77,-63
116000593,0,34,-34
116000594,628,268,360
116000595,564,111,453
116000596,106,7,99
116000597,422,98,324
116000598,17,84,-67
116000605,173,79,94
116000606,76,234,-158
116000607,3,32,-29
116000609,127,895,-768
116000611,171,265,-94
116000612,862,1720,-858
116000613,587,283,304
116000614,384,350,34
116000615,1,382,-381
116000616,27,46,-19
116000617,77,10,67
116000618,0,38,-38
116000619,22,58,-36
116000620,133,98,35
116000621,69,92,-23
116000622,73,132,-59
116000624,189,100,89
116000627,90,24,66
116000628,51,256,-205
116000629,24,194,-170
116000630,449,16,433
116000631,195,51,144
116000632,1045,52,993
116000633,210,157,53
116000634,494,75,419
116000635,2147,2300,-153
116000636,547,1109,-562
116000637,508,49,459
116000638,156,273,-117
116000640,20,26,-6
116000641,5,5,0
116000644,31,307,-276
116900001,205,111,94
116900002,186,1,185
116900003,37,21,16
116900004,33,46,-13
116900005,275,47,228
116900006,101,162,-61
116900007,96,113,-17
116900008,322,179,143
116900009,21,5,16
116900010,2,693,-691
116900011,6,11,-5
116900012,214,123,91
116900013,1,109,-108
116900014,103,100,3
116900015,431,49,382
116900016,212,2,210
116900017,2,392,-390
116900018,74,42,32
116900019,2,141,-139
116900020,537,1013,-476
116900023,56,8,48
116900024,547,28,519
116900025,936,549,387
116900026,86,421,-335
116900027,22,42,-20
116900028,9,99,-90
116900029,1,46,-45
116900031,1,5,-4
116900032,3,201,-198
116900033,7,8,-1
116900034,4,33,-29
116900035,134,106,28
116900036,6,73,-67
116900038,15,4,11
116900041,33,6,27
116900042,337,202,135
116900043,19,39,-20
116900047,30,123,-93
116900049,21,234,-213
116900050,102,288,-186
116900051,154,124,30
116900052,125,44,81
116900055,1,6,-5
116900057,19,138,-119
116900058,21,260,-239
116900059,2,101,-99
116900060,126,158,-32
116900062,0,20,-20
116900064,71,415,-344
116900065,24,68,-44
116900067,69,39,30
116900068,139,123,16
116900070,2,3,-1
116900072,39,249,-210
116900073,16,68,-52
116900074,10,46,-36
116900076,6,33,-27
116900077,3,52,-49
116900078,144,74,70
116900079,43,116,-73
116900080,13,27,-14
116900081,317,741,-424
116900082,330,628,-298
116900083,30,12,18
116900084,103,48,55
116900085,46,115,-69
116900086,34,114,-80
116900088,159,44,115
116900090,89,27,62
116900091,308,19,289
116900092,55,432,-377
116900093,1202,1253,-51
116900094,2524,3402,-878
116900095,191,71,120
116900096,108,273,-165
116900097,1743,2830,-1087
116900098,575,287,288
116900099,472,581,-109
116900100,907,42,865
116900101,234,309,-75
116900103,7,0,7
116900104,63,89,-26
116900105,251,112,139
116900106,1849,98,1751
116900107,2097,2439,-342
116900110,21,0,21
116900111,519,321,198
116900112,230,592,-362
116900113,1103,1538,-435
116900116,51,499,-448
116900117,95,79,16
116900118,481,710,-229
116900120,337,54,283
116900121,120,14,106
116900122,753,433,320
116900123,181,478,-297
116900124,191,665,-474
116900125,408,116,292
116900126,89,459,-370
116900128,0,13,-13
116900129,0,209,-209
116900130,416,3139,-2723
116900131,18,100,-82
116900132,75,138,-63
116900133,121,112,9
116900134,181,195,-14
116900136,182,147,35
116900137,168,115,53
116900138,145,128,17
116900139,135,258,-123
116900140,136,128,8
116900141,692,238,454
116900142,0,46,-46
116900143,214,249,-35
116900144,28,56,-28
116900145,65,153,-88
116900147,284,370,-86
116900148,3,31,-28
116900149,46,204,-158
116900150,14,12,2
116900151,45,11,34
116900153,115,60,55
116900154,302,481,-179
116900155,51,65,-14
116900157,583,155,428
116900158,83,212,-129
116900159,36,288,-252
116900160,708,563,145
116900161,3306,6091,-2785
116900162,25,75,-50
116900163,176,83,93
116900164,70,52,18
116900165,239,192,47
116900166,36,43,-7
116900167,439,47,392
116900168,355,64,291
116900169,290,536,-246
116900170,277,498,-221
116900171,24,93,-69
116900172,144,316,-172
116900173,193,19,174
116900174,59,61,-2
116900175,139,149,-10
116900178,29,73,-44
116900179,91,288,-197
116900180,84,18,66
116900182,354,195,159
116900183,130,70,60
116900185,40,53,-13
116900186,66,112,-46
116900187,60,43,17
116900188,128,29,99
116900189,75,6,69
116900191,364,439,-75
116900192,281,74,207
116900194,144,1288,-1144
116900195,21,22,-1
116900196,16,71,-55
116900197,104,6,98
116900198,86,230,-144
116900200,92,9,83
116900201,92,15,77
116900202,95,29,66
116900203,135,6,129
116900204,45,79,-34
116900206,18,8,10
116900207,31,15,16
116900208,12,66,-54
116900209,21,70,-49
116900210,374,246,128
116900211,143,4,139
116900212,92,34,58
116900213,169,41,128
116900214,181,138,43
116900215,15,17,-2
116900216,265,124,141
116900218,3,135,-132
116900219,1200,259,941
116900220,139,154,-15
116900221,87,266,-179
116900222,360,265,95
116900223,127,227,-100
116900226,118,44,74
116900227,174,60,114
116900228,293,102,191
116900230,68,165,-97
116900231,28,215,-187
116900232,13,267,-254
116900233,256,83,173
116900234,15,6,9
116900235,146,165,-19
116900238,1206,239,967
116900239,41,1004,-963
116900240,3505,2618,887
116900241,77,50,27
116900242,558,616,-58
116900243,3,12,-9
116900245,25,20,5
116900246,99,5,94
116900247,685,18,667
116900248,99,29,70
116900249,328,75,253
116900250,361,33,328
116900251,320,443,-123
116900252,132,544,-412
116900254,14,64,-50
116900255,89,62,27
116900256,316,78,238
116900257,13,216,-203
116900258,8,131,-123
116900259,189,6,183
116900260,1,77,-76
116900261,74,1,73
116900262,174,96,78
116900263,1,8,-7
116900264,2,7,-5
116900265,44,1,43
116900266,24,16,8
116900267,9,2,7
116900268,92,117,-25
116900269,211,455,-244
116900271,693,261,432
116900272,283,163,120
116900273,89,71,18
116900274,137,28,109
116900275,159,48,111
116900276,393,153,240
116900277,348,12,336
116900278,10,2,8
116900279,3,15,-12
116900280,18,14,4
116900281,3285,4053,-768
116900282,18,113,-95
116900283,23,78,-55
116900284,16,125,-109
116900285,162,190,-28
116900286,127,39,88
116900287,5,12,-7
116900288,75,72,3
116900289,9,5,4
116900290,13,10,3
116900291,11,7,4
116900292,0,27,-27
116900293,54,27,27
116900294,23,126,-103
116900295,77,51,26
116900296,40,56,-16
116900297,4,80,-76
116900298,66,55,11
116900299,13,30,-17
116900300,3,62,-59
116900301,30,112,-82
116900302,14,42,-28
116900303,116,49,67
116900304,1,136,-135
116900305,1,26,-25
116900306,169,67,102
116900307,47,0,47
116900308,0,66,-66
116900309,100,89,11
117000001,2089,1372,717
117000002,1784,3353,-1569
117000003,5560,2722,2838
117000004,2690,3924,-1234
117000005,2135,1597,538
117000006,1012,2353,-1341
117000007,3920,985,2935
117000008,948,2452,-1504
117000009,4245,1564,2681
117000010,2109,2850,-741
117000011,2114,1308,806
117000012,1105,873,232
117000013,1779,639,1140
117000014,1064,1726,-662
117000015,2096,1135,961
117000016,158,133,25
117000017,153,83,70
117000018,105,604,-499
117000019,60,33,27
117000020,397,1288,-891
117000021,930,641,289
117000022,233,175,58
117000023,115,284,-169
117000024,105,236,-131
117000025,313,1184,-871
117000026,1393,1274,119
117000027,1289,4711,-3422
117000028,1972,1837,135
117000030,366,363,3
117000031,290,262,28
117000032,1101,991,110
117000033,1098,596,502
117000034,274,245,29
117000035,395,275,120
117000036,442,261,181
117000037,255,153,102
117000038,165,451,-286
117000039,365,191,174
117000040,215,655,-440
117000041,975,163,812
117000044,18,690,-672
117000045,541,77,464
117000046,406,575,-169
117000047,906,600,306
117000048,1443,696,747
117000049,87,477,-390
117000050,140,1180,-1040
117000051,2272,84,2188
117000052,83,207,-124
117000053,680,32,648
117000054,1583,9,1574
117000055,57,1952,-1895
117000056,633,24,609
117000057,399,1666,-1267
117000060,462,858,-396
117000061,1522,786,736
117000062,268,535,-267
117000063,1627,851,776
117000064,546,595,-49
117000066,603,601,2
117000067,127,529,-402
117000074,80,148,-68
117000076,49,41,8
117000077,142,149,-7
117000078,100,528,-428
117000079,290,198,92
117000080,0,270,-270
117000081,827,62,765
117000082,9,87,-78
117000083,116,4,112
117000084,155,0,155
117000085,225,689,-464
117000086,631,322,309
117000087,84,441,-357
117000088,242,139,103
117000089,1582,198,1384
117000090,234,849,-615
117000091,788,233,555
117000092,324,879,-555
117000093,1250,589,661
117000094,1204,1863,-659
117000095,3567,632,2935
117000096,629,1696,-1067
117000097,1536,899,637
117000098,2079,2953,-874
117000099,3459,1044,2415
117000100,228,294,-66
117000101,165,680,-515
117000102,1985,546,1439
117000103,612,1094,-482
117000104,1472,557,915
117000105,824,1023,-199
117000106,1267,617,650
117000107,473,1199,-726
117000108,1815,764,1051
117000109,1146,1673,-527
117000110,1555,1131,424
117000111,2980,3321,-341
117000112,3015,1268,1747
117000113,94,127,-33
117000114,239,107,132
117000115,74,64,10
117000116,132,179,-47
117000117,1290,796,494
117000118,225,139,86
117000119,163,158,5
117000120,96,568,-472
117000121,43,963,-920
117000122,266,688,-422
117000123,1175,32,1143
117000124,346,93,253
117000125,104,112,-8
117000126,36,20,16
117000127,92,218,-126
117000128,225,605,-380
117000129,293,845,-552
117000130,185,3,182
117000131,0,105,-105
117000132,2855,36,2819
117000133,1802,30,1772
117000134,1,74,-73
117000135,0,82,-82
117000136,1,33,-32
117000137,126,121,5
117000138,1,543,-542
117000140,383,996,-613
117000141,1671,508,1163
117000181,350,136,214
117000182,362,536,-174
117000195,146,637,-491
117000196,270,148,122
117000225,87,42,45
117000226,12,109,-97
117000276,336,14,322
117000277,0,227,-227
117000310,1185,1850,-665
117000315,46,598,-552
117000320,89,0,89
117000906,441,13,428
117000907,10,235,-225
117000909,35,30,5
117000910,204,211,-7
117000911,81,186,-105
117000915,8,335,-327
117000916,42,6,36
117000917,1291,38,1253
117000918,49,55,-6
117000919,6,47,-41
117000920,2,771,-769
117000921,2,781,-779
117000922,28,73,-45
117000924,473,705,-232
117000926,478,84,394
117000927,909,932,-23
117000928,0,90,-90
117000929,282,172,110
117000930,259,13,246
117000931,223,165,58
117900002,74,333,-259
117900003,414,260,154
117900005,14,63,-49
117900006,0,18,-18
117900007,140,85,55
117900008,0,9,-9
117900010,279,54,225
117900011,15,95,-80
117900012,58,50,8
117900013,0,107,-107
117900014,487,87,400
117900015,26,69,-43
117900016,707,662,45
117900017,461,192,269
117900018,109,114,-5
117900019,447,168,279
117900020,42,427,-385
117900021,29,43,-14
117900023,649,45,604
117900024,50,42,8
117900025,62,8,54
117900026,433,144,289
117900028,31,3,28
117900029,249,344,-95
117900030,499,179,320
117900031,66,58,8
117900032,776,494,282
117900033,267,358,-91
117900034,63,29,34
117900035,153,87,66
117900036,189,212,-23
117900037,175,62,113
117900038,21,194,-173
117900039,3,33,-30
117900040,170,253,-83
117900041,6,31,-25
117900042,2294,176,2118
117900043,17,45,-28
117900044,9,2783,-2774
117900045,156,69,87
117900048,328,206,122
117900049,203,306,-103
117900050,5,101,-96
117900051,29,1,28
117900052,63,280,-217
117900053,1694,399,1295
117900054,1,33,-32
117900055,219,146,73
117900056,130,61,69
117900057,880,1008,-128
117900058,37,27,10
117900059,223,83,140
117900060,2278,3552,-1274
117900061,15,174,-159
117900063,304,142,162
117900065,517,796,-279
117900066,8,59,-51
117900067,478,108,370
117900069,695,200,495
117900070,124,25,99
117900071,89,96,-7
117900073,468,179,289
117900074,66,53,13
117900075,71,65,6
117900076,24,41,-17
117900077,493,111,382
117900078,299,746,-447
117900080,126,34,92
117900081,384,295,89
117900082,339,377,-38
117900083,364,282,82
117900086,122,17,105
117900087,98,34,64
117900088,2422,1384,1038
117900089,2082,647,1435
117900090,479,281,198
117900091,83,152,-69
117900092,76,14,62
117900093,98,27,71
117900094,33,26,7
117900095,296,307,-11
117900096,102,204,-102
117900097,150,29,121
117900098,62,14,48
117900099,124,138,-14
117900100,236,2,234
117900101,410,1592,-1182
117900102,92,12,80
117900103,80,1,79
117900104,8,90,-82
117900105,122,184,-62
117900106,105,21,84
117900107,25,2,23
117900109,587,337,250
117900110,106,0,106
117900111,355,20,335
117900112,49,3,46
117900113,1306,1490,-184
117900114,29,0,29
117900115,177,37,140
117900116,741,500,241
117900117,542,185,357
117900118,78,0,78
117900119,223,99,124
117900120,225,24,201
117900121,51,13,38
117900122,696,3223,-2527
117900123,601,238,363
117900124,561,522,39
117900125,1581,1645,-64
117900126,178,395,-217
117900127,379,259,120
117900128,279,353,-74
117900129,71,2,69
117900130,597,283,314
117900131,3,83,-80
117900132,15,58,-43
117900133,15,65,-50
117900134,52,179,-127
117900135,21,140,-119
117900136,1,40,-39
117900137,33,193,-160
117900138,1,29,-28
117900139,128,75,53
117900140,2146,199,1947
117900141,98,136,-38
117900142,43,45,-2
117900144,29,147,-118
117900145,19,21,-2
117900146,144,173,-29
117900147,48,37,11
117900148,1858,1455,403
117900149,106,156,-50
117900150,25,32,-7
117900151,22,37,-15
117900152,80,43,37
117900153,13,79,-66
117900154,403,393,10
117900156,723,550,173
117900157,66,449,-383
117900158,305,97,208
117900160,668,602,66
117900161,2030,1313,717
117900162,427,305,122
117900163,31,123,-92
117900165,0,5,-5
117900166,79,404,-325
117900168,75,163,-88
117900169,2,77,-75
117900170,2,25,-23
117900171,1,13,-12
117900172,10,15,-5
117900173,137,63,74
117900174,22,46,-24
117900175,2,10,-8
117900176,12,16,-4
117900177,21,36,-15
117900178,66,39,27
117900180,170,30,140
117900181,38,312,-274
117900182,7,28,-21
117900183,53,157,-104
117900184,6,38,-32
117900185,37,37,0
117900186,63,38,25
117900187,34,8,26
117900188,173,39,134
117900189,44,32,12
117900190,16,1,15
117900191,71,2,69
117900192,199,1,198
117900193,1,31,-30
117900194,2,9,-7
117900195,6,42,-36
117900196,27,11,16
117900207,108,143,-35
117900208,27,20,7
117900209,136,119,17
117900210,97,147,-50
117900211,5,106,-101
117900212,114,97,17
117900213,16,5,11
117900214,15,22,-7
117900215,16,18,-2
117900216,31,10,21
117900217,63,325,-262
117900218,85,85,0
117900219,6,131,-125
117900220,59,104,-45
117900222,185,164,21
117900223,122,230,-108
118000001,737,953,-216
118000002,634,1210,-576
118000003,1579,3090,-1511
118000004,1854,1647,207
118000005,3413,4835,-1422
118000006,3263,6936,-3673
118000007,3506,3495,11
118000008,2661,3120,-459
118000009,1341,1974,-633
118000010,4288,2633,1655
118000011,1323,1206,117
118000012,781,1198,-417
118000013,1763,1721,42
118000014,1563,1991,-428
118000016,194,201,-7
118000017,401,342,59
118000018,297,278,19
118000019,1659,1258,401
118000020,961,2701,-1740
118000021,600,2571,-1971
118000022,1312,672,640
118000023,646,261,385
118000024,963,961,2
118000027,8854,10077,-1223
118000029,760,691,69
118000032,709,3348,-2639
118000033,2222,4957,-2735
118000034,3466,2026,1440
118000035,1581,2497,-916
118000036,737,941,-204
118000037,719,624,95
118000038,262,67,195
118000039,73,136,-63
118000040,1245,996,249
118000041,2126,929,1197
118000045,219,163,56
118000046,1012,603,409
118000047,677,839,-162
118000048,1533,1708,-175
118000051,2800,1623,1177
118000052,2634,964,1670
118000053,200,491,-291
118000054,901,1050,-149
118000055,959,1243,-284
118000056,136,329,-193
118000057,195,339,-144
118000058,1759,1371,388
118000059,1190,892,298
118000060,960,370,590
118000061,1072,954,118
118000062,452,265,187
118000063,317,550,-233
118000064,673,909,-236
118000065,2160,1296,864
118000066,582,1276,-694
118000067,512,563,-51
118000068,1027,3730,-2703
118000069,1647,753,894
118000070,3524,1377,2147
118000071,2195,5656,-3461
118000072,843,1172,-329
118000073,717,608,109
118000074,344,608,-264
118000075,478,270,208
118000076,1009,2486,-1477
118000077,974,990,-16
118000078,1479,1828,-349
118000079,212,387,-175
118000080,642,773,-131
118000081,1520,1095,425
118000082,258,901,-643
118000083,1198,1202,-4
118000084,1864,1325,539
118000086,196,409,-213
118000087,3078,2136,942
118000088,1396,1313,83
118000089,2818,1962,856
118000090,1163,2218,-1055
118000091,795,2294,-1499
118000092,796,402,394
118000093,86,549,-463
118000096,418,475,-57
118000097,632,479,153
118000098,280,160,120
118000099,524,449,75
118000101,1142,322,820
118000102,403,682,-279
118000107,1014,370,644
118000108,485,1921,-1436
118000110,0,22,-22
118000111,0,169,-169
118000112,523,7,516
118000113,1,285,-284
118000114,409,5,404
118000115,3,3,0
118000116,14,1,13
118000117,720,578,142
118000118,789,917,-128
118000119,714,976,-262
118000120,1421,878,543
118000121,68,516,-448
118000122,1074,259,815
118000123,35,267,-232
118000125,1150,720,430
118000126,657,1290,-633
118000127,1248,679,569
118000128,387,905,-518
118000129,956,431,525
118000130,1596,2269,-673
118000131,403,604,-201
118000132,2558,2012,546
118000133,1013,450,563
118000135,458,379,79
118000136,123,382,-259
118000137,504,76,428
118000138,284,319,-35
118000139,443,74,369
118000140,2070,4023,-1953
118000141,2033,1437,596
118000142,1718,1113,605
118000143,2039,972,1067
118000144,864,583,281
118000145,1335,1208,127
118000146,1016,556,460
118000147,847,1025,-178
118000148,464,881,-417
118000149,1036,689,347
118000150,444,311,133
118000151,439,319,120
118000153,1311,916,395
118000154,1395,1063,332
118000155,1207,1053,154
118000156,1223,1840,-617
118000157,480,311,169
118000158,205,325,-120
118000159,29,81,-52
118000160,495,306,189
118000161,431,487,-56
118000162,1192,602,590
118000163,797,677,120
118000164,1542,1052,490
118000168,609,542,67
118000169,863,698,165
118000170,2672,3352,-680
118000171,295,760,-465
118000172,92,205,-113
118000173,763,690,73
118000175,259,321,-62
118000176,203,380,-177
118000177,188,504,-316
118000178,48,34,14
118000179,807,1120,-313
118000180,754,525,229
118000181,637,208,429
118000182,269,230,39
118000183,209,226,-17
118000184,916,510,406
118000185,867,1029,-162
118000186,750,833,-83
118000187,1162,471,691
118000188,640,91,549
118000189,569,343,226
118000190,6,7,-1
118000191,26,13,13
118000192,159,232,-73
118000193,80,302,-222
118000194,987,706,281
118000195,389,958,-569
118000196,187,183,4
118000197,69,152,-83
118000198,315,750,-435
118000199,248,306,-58
118000200,48,173,-125
118000201,288,422,-134
118000202,45,53,-8
118000203,413,558,-145
118000204,93,376,-283
118000205,121,243,-122
118000206,215,164,51
118000207,0,40,-40
118000208,1226,1280,-54
118000209,1695,1061,634
118000210,70,32,38
118000211,17,49,-32
118000213,1363,1491,-128
118000214,295,469,-174
118000215,300,91,209
118000216,1532,1455,77
118000217,30,65,-35
118000218,67,62,5
118000219,365,201,164
118000220,4,48,-44
118000221,231,233,-2
118000222,66,4,62
118000223,22,39,-17
118000224,106,75,31
118000225,83,451,-368
118000226,764,138,626
118000227,478,325,153
118000228,67,201,-134
118000229,111,60,51
118000230,97,173,-76
118000231,81,152,-71
118000232,707,534,173
118000233,1005,496,509
118000234,409,123,286
118000236,275,172,103
118000237,56,163,-107
118000238,263,95,168
118000239,240,212,28
118000240,225,135,90
118000241,149,106,43
118000242,328,294,34
118000243,243,130,113
118000244,25,88,-63
118000246,1,16,-15
118000255,111,219,-108
118000256,153,186,-33
118000259,5,48,-43
118000260,126,71,55
118000261,31,29,2
118000263,68,118,-50
118000266,101,125,-24
118000267,0,104,-104
118000268,175,4,171
118000270,79,12,67
118000271,171,207,-36
118000272,97,23,74
118000273,118,52,66
118000274,88,185,-97
118000276,462,225,237
118000295,2,110,-108
118000298,96,171,-75
118000299,56,89,-33
118000301,0,47,-47
118000302,78,45,33
118000311,502,68,434
118000312,238,129,109
118000313,32,62,-30
118000314,78,32,46
118000315,18,19,-1
118000316,552,343,209
118000325,35,30,5
118000326,24,34,-10
118000331,42,28,14
118000332,5,23,-18
118000333,21,52,-31
118000335,329,1,328
118000336,0,123,-123
118000407,141,39,102
118000457,10,30,-20
118000465,1678,3047,-1369
118000480,36,52,-16
118000489,35,387,-352
118000490,29,176,-147
118000492,370,156,214
118000510,35,19,16
118000514,93,218,-125
118000515,556,477,79
118000517,221,119,102
118000524,240,307,-67
118000525,546,516,30
118000530,15,72,-57
118000531,379,233,146
118000532,172,194,-22
118000533,260,91,169
118000534,433,265,168
118000535,291,144,147
118000536,309,1147,-838
118000537,21,117,-96
118000538,18,44,-26
118000539,12,67,-55
118000540,185,93,92
118000541,145,31,114
118000542,67,133,-66
118000543,125,138,-13
118000546,31,17,14
118000553,0,0,0
118000557,0,0,0
118000560,1318,1730,-412
118000562,35,90,-55
118000563,1116,908,208
118000576,227,81,146
118000577,166,138,28
118000578,194,81,113
118000579,468,1053,-585
118000583,0,0,0
118000595,282,65,217
118000596,0,62,-62
118000597,129,82,47
118000598,11,0,11
118000599,63,46,17
118000600,5,3,2
118000601,4,0,4
118000602,4,1,3
118000603,0,15,-15
118000605,65,211,-146
118900001,319,905,-586
118900002,593,774,-181
118900003,385,11,374
118900004,21,40,-19
118900005,58,8,50
118900006,111,5,106
118900007,8,1,7
118900008,1083,51,1032
118900009,64,52,12
118900010,33,2,31
118900011,145,13,132
118900012,330,136,194
118900013,374,180,194
118900015,166,20,146
118900016,12,14,-2
118900017,170,193,-23
118900018,679,19,660
118900019,38,20,18
118900020,123,112,11
118900021,143,233,-90
118900022,108,83,25
118900023,115,42,73
118900024,77,112,-35
118900025,28,17,11
118900026,44,47,-3
118900027,319,150,169
118900028,140,85,55
118900029,212,254,-42
118900030,363,57,306
118900031,122,67,55
118900032,177,121,56
118900033,263,306,-43
118900034,102,25,77
118900035,127,78,49
118900036,1181,490,691
118900037,281,220,61
118900038,394,94,300
118900039,461,97,364
118900040,200,154,46
118900041,486,101,385
118900042,168,61,107
118900045,245,106,139
118900046,793,361,432
118900047,329,235,94
118900048,131,139,-8
118900049,41,34,7
118900050,19,40,-21
118900051,73,91,-18
118900052,234,153,81
118900053,21,85,-64
118900054,112,40,72
118900055,63,43,20
118900056,44,265,-221
118900057,758,402,356
118900058,349,234,115
118900059,23,56,-33
118900060,55,89,-34
118900062,191,133,58
118900064,358,517,-159
118900065,47,114,-67
118900066,89,69,20
118900067,2841,3020,-179
118900068,5,196,-191
118900069,394,155,239
118900071,3,44,-41
118900072,355,202,153
118900073,175,75,100
118900074,85,81,4
118900075,72,42,30
118900076,183,66,117
118900077,292,121,171
118900078,30,3,27
118900079,27,119,-92
118900080,15,69,-54
118900081,38,36,2
118900082,796,141,655
118900083,27,3,24
118900084,24,7,17
118900085,518,560,-42
118900086,19,55,-36
118900087,16,224,-208
118900088,0,6,-6
118900089,19,20,-1
118900090,427,271,156
118900091,116,119,-3
118900092,129,50,79
118900093,101,16,85
118900096,80,90,-10
118900097,216,293,-77
118900099,120,153,-33
118900100,100,144,-44
118900101,88,192,-104
118900102,29,81,-52
118900103,27,75,-48
118900104,195,70,125
118900105,140,82,58
118900107,81,43,38
118900108,52,73,-21
118900110,869,694,175
118900111,386,303,83
118900112,54,159,-105
118900113,75,208,-133
118900114,14,63,-49
118900115,88,235,-147
118900116,101,177,-76
118900117,98,160,-62
118900118,308,246,62
118900119,121,168,-47
118900120,65,210,-145
118900121,16,84,-68
118900122,17,777,-760
118900123,113,111,2
118900124,81,111,-30
118900126,24,248,-224
118900129,300,167,133
118900130,44,174,-130
118900131,158,141,17
118900132,245,156,89
118900133,11,88,-77
118900135,156,138,18
118900136,187,334,-147
118900137,1,38,-37
118900139,176,185,-9
118900140,301,302,-1
118900141,56,61,-5
118900144,142,263,-121
118900145,17,52,-35
118900146,328,422,-94
118900147,149,110,39
118900148,64,32,32
118900150,122,402,-280
118900152,463,495,-32
118900157,51,130,-79
118900158,84,36,48
118900159,3,81,-78
118900161,46,3,43
118900163,76,50,26
118900164,0,55,-55
118900165,35,81,-46
118900166,10,4,6
118900167,68,83,-15
118900168,13,91,-78
118900169,79,118,-39
118900170,138,39,99
118900171,34,27,7
118900174,34,47,-13
118900175,385,440,-55
118900176,140,215,-75
118900177,38,20,18
118900178,31,77,-46
118900179,3,18,-15
118900181,87,62,25
118900182,47,31,16
118900183,26,85,-59
118900184,225,41,184
118900185,60,63,-3
118900186,73,106,-33
118900187,189,173,16
118900188,221,148,73
118900189,23,656,-633
118900190,8,154,-146
118900191,171,34,137
118900192,213,14,199
118900193,531,6,525
118900195,245,386,-141
118900196,28,89,-61
118900197,146,39,107
118900198,39,14,25
118900199,73,23,50
118900200,15,7,8
118900201,24,22,2
118900202,14,39,-25
118900203,11,3,8
118900204,10,16,-6
118900205,4,11,-7
118900206,3,16,-13
119000001,1076,1245,-169
119000002,3592,2007,1585
119000003,2415,690,1725
119000004,2087,1114,973
119000005,1613,1625,-12
119000006,2760,1372,1388
119000007,2940,2573,367
119000008,1636,1339,297
119000009,2878,4393,-1515
119000010,4357,3334,1023
119000011,2732,2467,265
119000012,1967,2791,-824
119000013,2368,1424,944
119000014,1311,1960,-649
119000019,249,102,147
119000020,1878,1438,440
119000021,3754,1966,1788
119000022,1364,2179,-815
119000023,227,252,-25
119000024,1467,10419,-8952
119000025,3783,921,2862
119000026,121,406,-285
119000027,202,295,-93
119000028,1172,587,585
119000029,85,281,-196
119000030,479,683,-204
119000031,701,507,194
119000032,1412,1784,-372
119000033,2017,1000,1017
119000034,865,615,250
119000035,34,214,-180
119000036,1863,533,1330
119000037,1057,1029,28
119000038,140,496,-356
119000039,410,290,120
119000040,677,578,99
119000041,584,1030,-446
119000048,2352,1726,626
119000049,1958,1353,605
119000050,1207,1300,-93
119000051,1610,821,789
119000052,1439,2083,-644
119000053,1894,993,901
119000054,2981,1937,1044
119000055,4374,2132,2242
119000056,2690,1537,1153
119000057,1429,1287,142
119000058,1682,1244,438
119000059,1152,1010,142
119000060,1294,860,434
119000061,898,550,348
119000062,970,961,9
119000063,538,384,154
119000064,687,753,-66
119000065,1482,2434,-952
119000066,1967,954,1013
119000067,1558,1485,73
119000068,1602,750,852
119000069,1425,1586,-161
119000070,2500,690,1810
119000071,448,561,-113
119000072,3531,2152,1379
119000073,3511,5849,-2338
119000074,1180,1494,-314
119000075,2411,1592,819
119000076,255,932,-677
119000077,527,486,41
119000078,387,174,213
119000079,165,530,-365
119000080,539,196,343
119000081,280,396,-116
119000082,768,205,563
119000083,478,311,167
119000084,247,367,-120
119000085,525,163,362
119000086,288,454,-166
119000087,1319,591,728
119000088,463,200,263
119000089,107,158,-51
119000090,120,113,7
119000091,90,334,-244
119000092,319,185,134
119000093,2994,1760,1234
119000094,3106,3829,-723
119000095,1621,1932,-311
119000097,1614,1019,595
119000098,784,2589,-1805
119000099,2125,995,1130
119000100,3497,2400,1097
119000101,3066,1320,1746
119000102,534,855,-321
119000103,1114,399,715
119000104,1595,835,760
119000105,913,1891,-978
119000106,295,799,-504
119000107,923,376,547
119000108,329,608,-279
119000109,94,455,-361
119000110,314,282,32
119000111,33,543,-510
119000112,147,84,63
119000113,1394,243,1151
119000114,808,814,-6
119000115,100,118,-18
119000116,71,65,6
119000117,96,258,-162
119000118,4,0,4
119000123,2434,1336,1098
119000124,635,130,505
119000125,3736,476,3260
119000126,1323,547,776
119000127,494,350,144
119000128,17,6,11
119000131,793,398,395
119000132,1,3,-2
119000133,1,2,-1
119000134,1301,493,808
119000135,109,122,-13
119000136,204,101,103
119000137,198,192,6
119000138,393,194,199
119000139,239,137,102
119000140,281,270,11
119000284,852,2029,-1177
119000285,1539,1447,92
119000286,4915,3706,1209
119000287,1023,1428,-405
119000288,1585,800,785
119000289,1272,1782,-510
119000290,163,236,-73
119000291,12,165,-153
119000293,130,148,-18
119000294,42,30,12
119000295,968,240,728
119000296,288,115,173
119000297,0,0,0
119000299,0,0,0
119000302,1369,917,452
119000303,29,131,-102
119000314,1284,8721,-7437
119000315,1,206,-205
119000316,102,69,33
119000317,93,181,-88
119900001,180,1064,-884
119900002,102,177,-75
119900003,48,604,-556
119900004,263,1128,-865
119900005,214,76,138
119900006,179,304,-125
119900007,941,211,730
119900008,12,25,-13
119900009,570,468,102
119900010,616,773,-157
119900011,26,94,-68
119900012,16,72,-56
119900013,1659,969,690
119900014,403,147,256
119900015,119,26,93
119900016,32,61,-29
119900017,37,43,-6
119900018,1420,779,641
119900019,34,1,33
119900020,211,211,0
119900021,157,46,111
119900022,68,576,-508
119900023,383,1520,-1137
119900025,209,20,189
119900026,557,109,448
119900027,25,20,5
119900028,188,107,81
119900029,2,4,-2
119900030,499,360,139
119900031,32,431,-399
119900033,1367,289,1078
119900034,366,77,289
119900037,234,21,213
119900038,45,269,-224
119900039,59,11,48
119900040,136,14,122
119900041,81,15,66
119900042,57,198,-141
119900043,65,95,-30
119900044,142,666,-524
119900046,138,34,104
119900047,286,79,207
119900048,148,23,125
119900049,146,8,138
119900050,81,80,1
119900051,874,12,862
119900052,42,31,11
119900053,176,112,64
119900054,148,6,142
119900055,1254,415,839
119900057,200,38,162
119900058,279,2,277
119900059,89,42,47
119900060,225,28,197
119900061,265,4,261
119900062,69,15,54
119900063,11,50,-39
119900065,188,11,177
119900067,71,12,59
119900068,443,2,441
119900069,150,6,144
119900070,909,7,902
119900071,599,28,571
119900073,1471,433,1038
119900074,30,26,4
119900075,2744,1895,849
119900076,625,227,398
119900077,913,682,231
119900078,730,752,-22
119900079,493,121,372
119900080,224,196,28
119900081,375,36,339
119900082,1255,151,1104
119900083,275,104,171
119900084,406,300,106
119900085,50,40,10
119900086,428,642,-214
119900087,337,270,67
119900088,39,32,7
119900089,33,325,-292
119900090,93,43,50
119900091,46,526,-480
119900092,58,305,-247
119900093,845,166,679
119900094,29,218,-189
119900095,174,74,100
119900096,36,78,-42
119900097,418,171,247
119900098,18,69,-51
119900099,25,129,-104
119900100,1374,2050,-676
119900101,83,1233,-1150
119900102,30,163,-133
119900103,23,185,-162
119900104,51,120,-69
119900105,692,1862,-1170
119900106,8,86,-78
119900107,286,1502,-1216
119900108,2408,421,1987
119900109,16,105,-89
119900110,743,438,305
119900111,101,218,-117
119900112,809,454,355
119900113,59,195,-136
119900114,218,662,-444
119900115,344,674,-330
119900116,82,318,-236
119900117,226,414,-188
119900118,97,528,-431
119900119,202,136,66
119900120,574,328,246
119900121,375,484,-109
119900122,437,273,164
119900123,151,200,-49
119900124,185,447,-262
119900125,49,262,-213
119900126,2361,259,2102
119900127,1416,812,604
119900128,390,378,12
119900129,211,290,-79
119900130,23,181,-158
119900131,33,138,-105
119900132,1,150,-149
119900133,42,55,-13
119900134,845,143,702
119900135,2,208,-206
119900136,158,260,-102
119900138,290,370,-80
119900139,3,68,-65
119900140,3,114,-111
119900141,60,578,-518
119900142,2,25,-23
119900143,19,154,-135
119900144,985,184,801
119900145,85,87,-2
119900146,124,148,-24
119900147,9,122,-113
119900148,220,33,187
119900149,626,3543,-2917
119900150,126,104,22
119900151,1245,626,619
119900152,124,167,-43
119900153,118,47,71
119900154,28,308,-280
119900155,32,30,2
119900156,13,5,8
119900157,131,116,15
119900158,221,64,157
119900159,3,814,-811
119900160,26,66,-40
119900161,141,121,20
119900162,787,815,-28
119900163,56,124,-68
119900164,0,2,-2
119900165,125,107,18
119900166,84,48,36
119900167,63,48,15
119900168,919,359,560
119900169,43,224,-181
119900170,185,264,-79
119900171,682,251,431
119900172,99,20,79
119900173,3,274,-271
119900174,11,117,-106
119900175,1267,423,844
119900177,19,141,-122
119900178,77,145,-68
119900179,90,468,-378
119900180,864,789,75
119900181,59,112,-53
119900182,2,153,-151
119900183,106,468,-362
119900184,1324,368,956
119900185,52,168,-116
119900186,50,867,-817
119900187,9,171,-162
119900188,84,220,-136
119900189,325,391,-66
119900190,60,235,-175
119900191,205,139,66
119900192,31,146,-115
119900193,333,126,207
119900194,31,59,-28
119900195,18,85,-67
119900196,574,245,329
119900197,174,113,61
119900198,104,183,-79
119900199,137,15,122
119900200,533,496,37
119900201,270,119,151
119900202,61,207,-146
119900203,185,450,-265
119900204,224,180,44
119900205,698,328,370
119900206,193,107,86
119900208,123,135,-12
119900209,411,1115,-704
119900210,31,13,18
119900211,63,4,59
119900212,173,155,18
119900213,10,76,-66
119900214,23,67,-44
119900215,40,51,-11
119900216,15,44,-29
119900217,13,50,-37
119900218,9,53,-44
119900219,13,64,-51
119900220,5,51,-46
119900221,16,160,-144
119900222,19,133,-114
119900223,23,44,-21
119900224,17,21,-4
119900225,660,37,623
119900226,320,1641,-1321
119900227,718,209,509
119900228,13,141,-128
119900229,311,272,39
119900230,879,308,571
119900231,216,135,81
119900232,197,91,106
119900233,28,5,23
119900234,16,32,-16
119900235,6,34,-28
119900236,11,137,-126
119900237,27,194,-167
119900238,6,41,-35
119900240,76,95,-19
119900241,119,170,-51
119900242,788,1033,-245
119900244,454,902,-448
119900245,89,113,-24
119900246,352,498,-146
119900247,25,106,-81
119900248,85,192,-107
119900249,206,86,120
119900253,1592,269,1323
119900254,98,674,-576
119900255,65,552,-487
119900256,586,538,48
119900257,53,0,53
119900258,83,3,80
119900259,12,56,-44
119900260,90,1,89
119900261,261,135,126
119900262,2,129,-127
119900263,983,280,703
119900264,108,66,42
119900265,413,257,156
119900266,290,147,143
119900267,234,296,-62
119900268,98,81,17
119900269,908,664,244
119900271,12,62,-50
119900272,235,142,93
119900275,122,9,113
119900276,52,3,49
119900277,19,6,13
119900278,150,100,50
119900279,82,221,-139
119900280,522,97,425
119900281,3,266,-263
119900282,40,96,-56
119900283,23,142,-119
119900284,35,139,-104
119900285,27,70,-43
119900286,1,12,-11
119900288,3,9,-6
119900289,0,20,-20
119900290,6,15,-9
119900291,1,69,-68
119900292,59,53,6
119900293,28,70,-42
119900294,30,35,-5
119900295,45,51,-6
119900296,64,111,-47
119900297,0,13,-13
119900298,2,6,-4
119900299,43,135,-92
119900300,151,62,89
119900301,40,12,28
119900302,11,41,-30
119900303,148,78,70
119900304,170,22,148
119900305,10,80,-70
119900306,25,0,25
119900307,31,40,-9
119900308,6,18,-12
119900309,61,111,-50
119900310,228,197,31
119900311,105,64,41
119900312,98,57,41
119900313,208,166,42
119900314,167,370,-203
119900315,1806,1462,344
119900318,11,35,-24
119900319,29,147,-118
119900320,146,278,-132
119900321,85,6,79
120000001,4580,14693,-10113
120000002,2520,2195,325
120000003,2446,1354,1092
120000004,2325,1440,885
120000005,2797,1668,1129
120000006,1240,999,241
120000007,2669,2515,154
120000008,825,1008,-183
120000009,1701,882,819
120000010,1905,1729,176
120000011,877,1037,-160
120000012,1540,1827,-287
120000013,3001,2367,634
120000014,683,1092,-409
120000015,2191,1251,940
120000016,3429,1906,1523
120000017,2595,2229,366
120000018,3038,10972,-7934
120000019,1095,1273,-178
120000020,2784,2974,-190
120000021,2184,1955,229
120000022,2421,3497,-1076
120000023,1164,1621,-457
120000024,1267,2154,-887
120000025,2400,1575,825
120000026,2040,1502,538
120000027,1891,2058,-167
120000028,584,1665,-1081
120000029,1561,980,581
120000030,110,876,-766
120000031,1559,4730,-3171
120000032,5979,2992,2987
120000033,4261,1267,2994
120000034,2063,1331,732
120000035,1939,1401,538
120000036,2592,3892,-1300
120000037,636,1248,-612
120000038,3944,3005,939
120000039,579,667,-88
120000040,46,380,-334
120000041,1067,1125,-58
120000042,1588,1563,25
120000043,4621,1199,3422
120000044,5027,1292,3735
120000045,5665,834,4831
120000046,3299,2460,839
120000047,754,5413,-4659
120000048,5230,3416,1814
120000049,3043,2245,798
120000050,2987,3310,-323
120000051,2588,3142,-554
120000052,6243,1852,4391
120000053,1521,1563,-42
120000054,1298,2597,-1299
120000055,1695,3455,-1760
120000056,4063,3033,1030
120000057,3271,1046,2225
120000058,2543,1499,1044
120000059,8,1552,-1544
120000061,121,450,-329
120000062,173,340,-167
120000063,1323,1926,-603
120000064,253,741,-488
120000065,458,1108,-650
120000066,206,450,-244
120000067,45,425,-380
120000068,184,576,-392
120000069,636,654,-18
120000070,89,439,-350
120000071,618,91,527
120000072,799,356,443
120000073,927,51,876
120000074,142,74,68
120000075,951,223,728
120000076,1962,325,1637
120000077,1841,624,1217
120000078,3177,1130,2047
120000079,369,252,117
120000080,226,228,-2
120000081,364,149,215
120000082,334,259,75
120000083,101,761,-660
120000084,348,273,75
120000085,245,240,5
120000086,300,389,-89
120000087,192,339,-147
120000088,678,773,-95
120000089,1009,479,530
120000090,601,313,288
120000091,732,702,30
120000092,1150,435,715
120000093,451,343,108
120000094,182,569,-387
120000095,813,310,503
120000096,299,511,-212
120000098,818,540,278
120000099,369,528,-159
120000100,692,636,56
120000101,551,354,197
120000102,575,909,-334
120000103,1679,811,868
120000104,1887,375,1512
120000105,3294,657,2637
120000106,2387,601,1786
120000107,3915,498,3417
120000108,1376,111,1265
120000109,1072,38,1034
120000110,70,768,-698
120000111,96,776,-680
120000112,698,1710,-1012
120000113,641,1347,-706
120000114,971,1603,-632
120000115,248,1438,-1190
120000116,627,1375,-748
120000117,787,888,-101
120000118,66,35,31
120000119,11,53,-42
120000120,78,93,-15
120000121,32,40,-8
120000122,186,409,-223
120000123,2584,5562,-2978
120000124,411,241,170
120000125,474,475,-1
120000126,301,879,-578
120000127,1582,828,754
120000128,2261,3422,-1161
120000129,266,195,71
120000130,702,434,268
120000131,336,547,-211
120000134,292,641,-349
120000135,528,458,70
120000137,216,694,-478
120000138,1024,321,703
120000139,217,370,-153
120000140,850,359,491
120000141,432,370,62
120000142,719,451,268
120000143,1,77,-76
120000144,90,4,86
120000145,358,1,357
120000146,862,754,108
120000149,586,756,-170
120000150,2050,9335,-7285
120000151,393,305,88
120000152,550,135,415
120000153,196,385,-189
120000154,466,423,43
120000155,139,249,-110
120000156,561,1114,-553
120000157,1019,470,549
120000158,765,602,163
120000159,1858,1883,-25
120000160,2249,1492,757
120000161,2088,1725,363
120000162,76,263,-187
120000163,685,795,-110
120000164,575,227,348
120000165,634,513,121
120000166,1414,369,1045
120000167,114,110,4
120000168,4,324,-320
120000169,37,1372,-1335
120000170,35,1189,-1154
120000171,15,341,-326
120000172,15,258,-243
120000173,1247,1434,-187
120000174,147,44,103
120000175,182,27,155
120000176,215,51,164
120000177,912,110,802
120000178,46,10,36
120000179,105,25,80
120000180,298,60,238
120000181,72,1002,-930
120000182,74,532,-458
120000183,12,339,-327
120000184,145,973,-828
120000186,46,718,-672
120000187,27,326,-299
120000188,47,479,-432
120000190,492,53,439
120000191,371,63,308
120000192,388,19,369
120000193,98,5,93
120000195,28,2,26
120000196,91,22,69
120000197,38,53,-15
120000198,157,61,96
120000199,128,2,126
120000200,95,0,95
120000201,16,21,-5
120000202,5,50,-45
120000203,60,146,-86
120000207,0,36,-36
120000208,5,151,-146
120000209,10,32,-22
120000210,98,98,0
120000211,182,2,180
120000212,191,1,190
120000213,186,170,16
120000214,2,204,-202
120000215,2,104,-102
120000216,137,27,110
120000217,452,841,-389
120000218,113,534,-421
120000219,7,276,-269
120000220,4,819,-815
120000225,1697,4,1693
120000226,406,4,402
120000227,916,67,849
120000228,8557,2980,5577
120000230,367,25,342
120000231,1282,1516,-234
120000233,393,14,379
120000235,226,483,-257
120000236,1124,3,1121
120000237,0,770,-770
120000238,0,804,-804
120000241,1107,2965,-1858
120000412,539,17,522
120000413,255,218,37
120000414,102,4,98
120000415,1,66,-65
120000416,95,6,89
120000417,14,48,-34
120000418,214,9,205
120000419,13,137,-124
120000420,58,26,32
120000421,6782,4264,2518
120000422,108,1384,-1276
120000423,3,76,-73
120000424,148,98,50
120000436,109,585,-476
120000437,107,96,11
120000438,1594,195,1399
120000439,189,490,-301
120000443,266,0,266
120000444,1222,313,909
120000445,1570,847,723
120000446,541,155,386
120000447,212,0,212
120000449,151,7,144
120000450,5,124,-119
120000451,122,103,19
120000452,325,1,324
120000453,0,178,-178
120000454,59,50,9
120000455,86,35,51
120000456,1954,3154,-1200
120000457,808,387,421
120000458,346,518,-172
120000459,108,51,57
120000665,624,239,385
120000668,106,936,-830
120000669,119,165,-46
120000670,136,1021,-885
120000671,1245,459,786
120000672,81,388,-307
120900001,68,114,-46
120900002,227,383,-156
120900003,176,23,153
120900004,25,87,-62
120900005,22,525,-503
120900006,537,247,290
120900007,263,73,190
120900008,258,898,-640
120900009,616,32,584
120900010,448,97,351
120900011,146,196,-50
120900012,154,1079,-925
120900013,294,91,203
120900014,4,292,-288
120900015,810,56,754
120900016,897,65,832
120900017,1676,57,1619
120900018,126,241,-115
120900019,634,350,284
120900020,627,1196,-569
120900021,725,210,515
120900022,32,213,-181
120900023,298,46,252
120900024,1722,382,1340
120900025,1198,814,384
120900026,116,123,-7
120900027,888,15,873
120900028,431,87,344
120900029,118,461,-343
120900030,1406,668,738
120900031,280,99,181
120900032,1320,75,1245
120900033,1111,74,1037
120900034,19,2208,-2189
120900035,28,51,-23
120900037,230,6,224
120900038,43,257,-214
120900039,67,50,17
120900040,316,9,307
120900041,100,17,83
120900042,461,30,431
120900043,63,56,7
120900044,10,263,-253
120900045,117,58,59
120900046,559,4,555
120900047,169,115,54
120900048,130,25,105
120900049,508,1,507
120900050,1271,1361,-90
120900051,323,71,252
120900052,661,6,655
120900053,394,34,360
120900054,1376,355,1021
120900055,502,2,500
120900056,508,13,495
120900057,129,13,116
120900058,597,0,597
120900059,91,1,90
120900060,80,7,73
120900061,222,145,77
120900062,282,2,280
120900063,681,12,669
120900064,680,2,678
120900065,557,2,555
120900066,386,216,170
120900067,204,72,132
120900068,315,0,315
120900069,211,20,191
120900071,19,0,19
120900072,817,13,804
120900073,592,98,494
120900074,617,16,601
120900076,364,1,363
120900077,1580,164,1416
120900078,830,584,246
120900079,761,79,682
120900080,855,1008,-153
120900081,867,616,251
120900082,337,362,-25
120900083,77,2,75
120900084,287,407,-120
120900085,55,122,-67
120900086,65,359,-294
120900087,458,330,128
120900088,179,473,-294
120900089,1768,2780,-1012
120900090,278,76,202
120900091,641,852,-211
120900092,1072,293,779
120900093,1295,102,1193
120900094,380,122,258
120900095,297,10,287
120900096,42,139,-97
120900097,502,481,21
120900098,210,151,59
120900099,74,38,36
120900100,49,161,-112
120900101,458,166,292
120900102,33,56,-23
120900103,65,192,-127
120900104,21,35,-14
120900105,31,290,-259
120900106,987,339,648
120900107,229,86,143
120900108,14,297,-283
120900109,45,372,-327
120900110,10,598,-588
120900111,186,274,-88
120900112,12,499,-487
120900113,13,484,-471
120900114,49,154,-105
120900115,129,233,-104
120900116,453,236,217
120900117,7,298,-291
120900118,11,471,-460
120900119,5355,3318,2037
120900120,97,444,-347
120900121,91,340,-249
120900122,582,246,336
120900123,3,281,-278
120900124,2,395,-393
120900125,5,345,-340
120900126,1424,733,691
120900127,8,317,-309
120900128,1079,1086,-7
120900129,46,201,-155
120900130,1,291,-290
120900131,121,60,61
120900132,926,160,766
120900133,95,487,-392
120900134,729,292,437
120900135,20,331,-311
120900136,47,78,-31
120900137,236,67,169
120900138,20,199,-179
120900139,5,450,-445
120900140,13,94,-81
120900141,135,178,-43
120900142,16,258,-242
120900143,3,539,-536
120900144,0,86,-86
120900145,54,496,-442
120900146,7,630,-623
120900147,3,331,-328
120900148,124,136,-12
120900149,0,160,-160
120900150,79,412,-333
120900151,1,452,-451
120900152,4,10,-6
120900153,51,87,-36
120900154,0,173,-173
120900155,183,619,-436
120900156,65,243,-178
120900157,65,366,-301
120900158,98,439,-341
120900159,216,468,-252
120900160,16,612,-596
120900161,63,362,-299
120900162,133,550,-417
120900163,159,604,-445
120900164,0,62,-62
120900165,12,204,-192
120900166,47,309,-262
120900167,242,127,115
120900169,81,217,-136
120900170,679,2717,-2038
120900171,666,170,496
120900172,330,1023,-693
120900173,0,59,-59
120900174,10,82,-72
120900175,282,73,209
120900176,13,342,-329
120900177,1,1142,-1141
120900178,0,467,-467
120900179,702,338,364
120900180,41,139,-98
120900181,75,43,32
120900182,42,351,-309
120900183,654,74,580
120900184,315,56,259
120900185,6,375,-369
120900186,0,264,-264
120900187,505,745,-240
120900188,178,6,172
120900189,79,1462,-1383
120900190,99,6,93
120900191,13,12,1
120900192,5668,7569,-1901
120900194,56,85,-29
120900195,79,176,-97
120900196,849,24,825
120900197,679,116,563
120900198,213,404,-191
120900199,387,448,-61
120900200,45,108,-63
120900201,369,95,274
120900202,1,93,-92
120900203,25,66,-41
120900204,118,150,-32
120900205,57,33,24
120900206,27,39,-12
120900207,64,787,-723
121000001,670,852,-182
121000002,1813,1075,738
121000003,2207,1401,806
121000004,2008,2632,-624
121000005,1397,1915,-518
121000006,2385,1493,892
121000007,1767,2330,-563
121000008,3869,2983,886
121000009,3917,4754,-837
121000010,5992,4597,1395
121000011,5969,8770,-2801
121000012,11479,7901,3578
121000013,3860,5330,-1470
121000014,5182,4262,920
121000015,3050,5905,-2855
121000016,3354,2699,655
121000017,1790,3148,-1358
121000018,2461,1348,1113
121000019,11159,10119,1040
121000020,10831,14602,-3771
121000021,1740,1920,-180
121000022,1866,2625,-759
121000023,2623,1899,724
121000024,3722,3993,-271
121000025,414,987,-573
121000026,294,148,146
121000027,1353,968,385
121000028,806,415,391
121000029,735,492,243
121000030,537,312,225
121000031,545,499,46
121000032,192,103,89
121000034,240,176,64
121000035,129,172,-43
121000036,713,647,66
121000037,447,393,54
121000038,393,805,-412
121000039,187,279,-92
121000041,409,340,69
121000042,287,294,-7
121000043,527,445,82
121000044,1073,749,324
121000045,257,186,71
121000046,552,576,-24
121000047,25,77,-52
121000049,985,468,517
121000050,280,1008,-728
121000051,468,229,239
121000052,303,480,-177
121000053,247,118,129
121000054,31,309,-278
121000055,915,987,-72
121000056,716,839,-123
121000057,224,405,-181
121000058,287,158,129
121000059,1696,925,771
121000060,499,933,-434
121000061,85,243,-158
121000062,113,288,-175
121000063,859,640,219
121000064,677,639,38
121000065,233,347,-114
121000066,534,469,65
121000067,427,447,-20
121000068,529,317,212
121000069,324,584,-260
121000070,1476,898,578
121000071,1279,1101,178
121000072,792,491,301
121000073,824,696,128
121000074,92,141,-49
121000075,40,241,-201
121000076,534,301,233
121000077,109,152,-43
121000078,92,141,-49
121000080,1553,484,1069
121000081,2263,2519,-256
121000082,79,219,-140
121000083,124,99,25
121000084,137,133,4
121000085,286,316,-30
121000086,264,512,-248
121000087,48,230,-182
121000088,404,400,4
121000089,254,316,-62
121000090,320,312,8
121000091,992,828,164
121000092,164,58,106
121000093,169,171,-2
121000094,432,595,-163
121000095,256,505,-249
121000096,1997,1740,257
121000097,630,1898,-1268
121000098,577,741,-164
121000099,688,553,135
121000100,905,285,620
121000101,362,223,139
121000102,288,189,99
121000103,211,188,23
121000104,224,95,129
121000105,382,158,224
121000106,292,246,46
121000107,1607,2438,-831
121000109,949,856,93
121000110,247,633,-386
121000114,2355,1685,670
121000115,921,469,452
121000116,254,719,-465
121000117,476,210,266
121000118,1426,188,1238
121000119,325,355,-30
121000120,211,415,-204
121000121,378,1117,-739
121000123,912,500,412
121000127,77,89,-12
121000128,861,274,587
121000129,1049,482,567
121000130,562,516,46
121000131,1618,1526,92
121000132,1198,1967,-769
121000135,244,403,-159
121000136,936,844,92
121000137,395,258,137
121000138,791,889,-98
121000139,349,316,33
121000141,166,76,90
121000142,540,708,-168
121000143,139,35,104
121000144,675,1653,-978
121000145,459,711,-252
121000146,1147,850,297
121000147,965,331,634
121000148,744,893,-149
121000149,1852,1114,738
121000152,318,309,9
121000153,1418,424,994
121000154,891,394,497
121000155,1242,822,420
121000156,391,773,-382
121000157,742,1109,-367
121000158,403,365,38
121000159,189,286,-97
121000160,266,257,9
121000161,216,230,-14
121000162,86,101,-15
121000165,1180,1768,-588
121000166,15,377,-362
121000168,398,192,206
121000169,73,96,-23
121000170,272,60,212
121000171,45,126,-81
121000172,646,443,203
121000173,888,961,-73
121000174,342,395,-53
121000175,951,260,691
121000176,299,187,112
121000177,607,405,202
121000178,133,46,87
121000179,118,46,72
121000181,483,258,225
121000182,86,171,-85
121000183,70,112,-42
121000184,60,99,-39
121000185,42,212,-170
121000186,219,459,-240
121000187,172,130,42
121000188,158,112,46
121000192,737,355,382
121000193,517,377,140
121000194,1667,1682,-15
121000195,150,659,-509
121000196,513,191,322
121000197,131,606,-475
121000198,141,82,59
121000199,97,260,-163
121000200,531,101,430
121000201,11,150,-139
121000202,665,118,547
121000203,828,1287,-459
121000204,2576,454,2122
121000205,89,154,-65
121000206,92,28,64
121000207,1659,346,1313
121000208,6,209,-203
121000209,362,160,202
121000210,615,256,359
121000211,288,104,184
121000212,436,363,73
121000213,7128,2153,4975
121000214,586,1521,-935
121000215,826,708,118
121000216,375,502,-127
121000217,3418,2562,856
121000218,316,1218,-902
121000219,1099,433,666
121000220,134,62,72
121000221,116,270,-154
121000222,1997,1958,39
121000223,334,349,-15
121000224,231,247,-16
121000225,926,1992,-1066
121000226,1600,1161,439
121000227,21,135,-114
121000228,15,388,-373
121000229,305,271,34
121000230,59,1057,-998
121000231,934,36,898
121000232,347,252,95
121000233,491,277,214
121000234,43,49,-6
121000235,84,87,-3
121000236,17,65,-48
121000237,49,11,38
121000238,6,69,-63
121000239,62,16,46
121000240,15,169,-154
121000241,86,7,79
121000242,90,620,-530
121000243,500,159,341
121000244,23,117,-94
121000245,90,38,52
121000246,6,128,-122
121000247,131,17,114
121000248,797,929,-132
121000249,77,154,-77
121000250,377,180,197
121000251,30,277,-247
121000252,110,61,49
121000253,329,325,4
121000254,753,211,542
121000255,120,196,-76
121000256,245,190,55
121000257,29,85,-56
121000258,74,87,-13
121000259,42,72,-30
121000260,89,79,10
121000261,98,60,38
121000262,818,512,306
121000263,382,287,95
121000271,240,1044,-804
121000273,26,6,20
121000274,12,53,-41
121000275,7,47,-40
121000276,11,26,-15
121000278,55,40,15
121000279,16,9,7
121000280,23,71,-48
121000289,200,26,174
121000290,768,739,29
121000294,174,71,103
121000297,559,849,-290
121000299,82,468,-386
121000300,575,411,164
121000302,23,773,-750
121000303,430,263,167
121000304,422,38,384
121000305,143,34,109
121000306,99,127,-28
121000308,144,235,-91
121000309,306,374,-68
121000310,89,240,-151
121000311,52,542,-490
121000312,229,197,32
121000313,248,285,-37
121000314,122,142,-20
121000315,43,94,-51
121000530,1446,996,450
121000531,1474,1170,304
121000532,5455,6208,-753
121000533,2788,2804,-16
121000918,51,86,-35
121000919,50,104,-54
121000938,95,276,-181
121000939,116,293,-177
121000956,1349,717,632
121000957,14,11,3
121000958,25,34,-9
121000959,738,412,326
121000960,1017,1184,-167
121000961,294,82,212
121000962,446,512,-66
121000973,2,177,-175
121000976,27,130,-103
121000979,506,129,377
121000981,352,138,214
121000982,382,144,238
121000983,438,224,214
121000984,21,67,-46
121000985,636,357,279
121000986,359,140,219
121000987,180,511,-331
121000988,763,113,650
121001302,193,94,99
121001308,0,9,-9
121001309,28,105,-77
121001311,0,0,0
121001313,219,99,120
121001314,1373,1962,-589
121001315,4344,2484,1860
121001326,232,279,-47
121900001,69,119,-50
121900002,31,44,-13
121900003,260,10,250
121900004,52,220,-168
121900005,50,10,40
121900006,105,23,82
121900007,1395,1449,-54
121900008,401,272,129
121900009,376,16,360
121900010,167,2,165
121900011,174,143,31
121900012,8,0,8
121900013,751,80,671
121900014,908,292,616
121900015,184,176,8
121900016,4,44,-40
121900017,425,320,105
121900018,297,12,285
121900019,329,161,168
121900020,23,3,20
121900021,799,22,777
121900022,250,170,80
121900023,110,204,-94
121900024,214,67,147
121900025,581,327,254
121900026,279,25,254
121900027,229,82,147
121900028,167,7,160
121900029,82,178,-96
121900030,408,411,-3
121900031,666,5030,-4364
121900032,72,60,12
121900033,143,172,-29
121900034,198,54,144
121900035,2098,1641,457
121900036,65,210,-145
121900037,112,811,-699
121900038,51,119,-68
121900039,268,44,224
121900040,81,70,11
121900041,90,192,-102
121900042,327,97,230
121900043,3,4,-1
121900044,86,42,44
121900046,205,166,39
121900047,146,52,94
121900048,62,98,-36
121900050,27,29,-2
121900051,137,198,-61
121900052,140,14,126
121900053,331,232,99
121900054,320,685,-365
121900055,2,6,-4
121900058,183,97,86
121900059,267,121,146
121900060,103,361,-258
121900061,137,93,44
121900062,111,104,7
121900063,1432,408,1024
121900064,205,411,-206
121900066,37,22,15
121900067,23,32,-9
121900069,157,96,61
121900070,113,88,25
121900071,278,186,92
121900072,45,91,-46
121900073,229,206,23
121900074,506,787,-281
121900075,319,471,-152
121900076,313,497,-184
121900077,20,17,3
121900078,79,20,59
121900079,1,0,1
121900080,504,252,252
121900082,55,68,-13
121900084,20,82,-62
121900085,3,8,-5
121900086,12,46,-34
121900087,162,85,77
121900088,1313,2058,-745
121900089,152,201,-49
121900090,13,65,-52
121900091,57,54,3
121900092,53,74,-21
121900093,75,44,31
121900094,32,10,22
121900095,237,122,115
121900096,963,556,407
121900097,462,130,332
121900098,10,6,4
121900099,197,35,162
121900100,141,428,-287
121900101,108,86,22
121900102,1,107,-106
121900103,335,242,93
121900104,1214,229,985
121900105,261,144,117
121900106,2,11,-9
121900107,28,28,0
121900108,0,10,-10
121900109,199,134,65
121900110,513,447,66
121900111,480,136,344
121900112,119,111,8
121900113,63,298,-235
121900114,22,25,-3
121900117,93,60,33
121900118,1331,465,866
121900119,146,49,97
121900120,47,769,-722
121900121,317,25,292
121900122,22,51,-29
121900123,176,272,-96
121900124,113,117,-4
121900125,986,668,318
121900127,10,55,-45
121900128,64,63,1
121900129,384,163,221
121900130,70,125,-55
121900131,198,98,100
121900132,38,65,-27
121900133,50,811,-761
121900134,25,102,-77
121900135,2411,290,2121
121900136,314,179,135
121900137,33,288,-255
121900138,56,113,-57
121900139,306,469,-163
121900140,48,102,-54
121900141,67,32,35
121900142,137,62,75
121900143,4,105,-101
121900144,138,189,-51
121900145,199,217,-18
121900146,411,509,-98
121900147,38,149,-111
121900148,148,219,-71
121900149,230,367,-137
121900150,59,129,-70
121900151,62,178,-116
121900152,65,57,8
121900153,44,616,-572
121900154,12,237,-225
121900155,2,89,-87
121900156,106,90,16
121900157,2,256,-254
121900158,76,81,-5
121900159,0,185,-185
121900160,52,207,-155
121900161,236,261,-25
121900162,84,111,-27
121900163,340,307,33
121900164,263,115,148
121900165,111,119,-8
121900166,140,94,46
121900167,85,97,-12
121900168,88,160,-72
121900169,4,93,-89
121900170,1,120,-119
121900171,624,413,211
121900172,433,140,293
121900173,549,184,365
121900174,44,69,-25
121900175,263,159,104
121900176,386,984,-598
121900177,110,74,36
121900178,39,39,0
121900179,335,182,153
121900180,1962,3765,-1803
121900182,568,260,308
121900183,541,821,-280
121900184,51,439,-388
121900186,7,201,-194
121900187,26,113,-87
121900188,326,235,91
121900189,18,59,-41
121900190,148,332,-184
121900191,104,211,-107
121900192,232,662,-430
121900193,46,129,-83
121900194,9,159,-150
121900195,61,71,-10
121900196,482,590,-108
121900197,289,822,-533
121900198,827,872,-45
121900199,2,29,-27
121900200,51,171,-120
121900201,604,590,14
121900202,71,469,-398
121900203,108,744,-636
121900204,582,1097,-515
121900205,15,72,-57
121900206,19,32,-13
121900207,90,28,62
121900208,105,195,-90
121900209,57,39,18
121900210,1073,743,330
121900211,341,368,-27
121900212,111,55,56
121900213,152,65,87
121900214,6,356,-350
121900215,43,89,-46
121900216,18,145,-127
121900217,193,128,65
121900218,148,328,-180
121900220,110,14,96
121900221,176,389,-213
121900222,132,89,43
121900223,178,45,133
121900224,44,36,8
121900225,56,102,-46
121900226,234,176,58
121900227,210,415,-205
121900228,122,166,-44
121900230,65,187,-122
121900231,236,896,-660
121900232,145,244,-99
121900233,148,179,-31
121900234,253,143,110
121900235,406,99,307
121900236,240,81,159
121900237,147,197,-50
121900238,108,238,-130
121900239,129,24,105
121900240,187,105,82
121900241,39,39,0
121900242,10,9,1
121900243,4,0,4
121900244,4,0,4
121900245,189,42,147
121900246,2078,169,1909
121900248,790,1010,-220
121900250,143,289,-146
121900251,382,24,358
121900252,382,118,264
121900253,86,757,-671
121900254,384,216,168
121900255,337,76,261
121900258,2820,1384,1436
121900259,292,416,-124
121900260,110,87,23
121900261,202,449,-247
121900262,296,755,-459
121900263,218,162,56
121900264,1105,912,193
121900265,299,183,116
121900266,354,100,254
121900267,81,27,54
121900269,152,551,-399
121900270,33,157,-124
121900271,28,83,-55
121900273,297,1286,-989
121900274,296,197,99
121900277,301,1049,-748
121900278,121,696,-575
121900279,117,145,-28
121900280,73,224,-151
121900281,232,311,-79
121900284,67,13,54
121900286,127,82,45
121900287,8,22,-14
121900288,5,0,5
121900290,159,255,-96
121900291,282,533,-251
121900292,99,113,-14
121900293,802,2052,-1250
121900294,225,3,222
121900295,133,164,-31
121900296,23,138,-115
121900298,164,799,-635
121900299,0,8,-8
121900300,108,11,97
121900301,61,4,57
121900302,2,37,-35
121900303,286,246,40
121900304,0,20,-20
121900305,0,12,-12
121900306,204,0,204
121900307,96,9,87
121900308,10,183,-173
121900309,7,144,-137
121900310,11,289,-278
121900311,438,15,423
121900312,248,13,235
121900313,333,28,305
121900314,1,43,-42
121900315,8,0,8
121900316,0,26,-26
121900317,10,2,8
121900318,1,17,-16
121900319,35,53,-18
121900320,33,51,-18
121900321,16,1,15
121900322,5,14,-9
121900323,16,17,-1
121900324,3,51,-48
121900325,16,2,14
121900326,4,11,-7
121900327,3,29,-26
121900328,0,15,-15
121900329,2,87,-85
121900330,0,65,-65
121900331,2,4,-2
121900332,75,18,57
121900333,31,1,30
121900334,58,47,11
122000001,1394,4196,-2802
122000002,2491,1223,1268
122000003,1299,2208,-909
122000004,2224,1172,1052
122000005,1841,1768,73
122000006,1172,886,286
122000007,788,1443,-655
122000008,1854,3415,-1561
122000009,372,384,-12
122000010,1743,2370,-627
122000011,2324,1322,1002
122000012,805,1443,-638
122000013,814,817,-3
122000014,1431,851,580
122000015,1049,781,268
122000016,487,728,-241
122000017,927,975,-48
122000018,1061,1179,-118
122000019,697,802,-105
122000020,161,200,-39
122000021,243,357,-114
122000022,943,765,178
122000023,578,1111,-533
122000024,492,982,-490
122000025,609,1598,-989
122000026,553,1189,-636
122000027,441,1228,-787
122000028,729,367,362
122000029,367,320,47
122000030,205,132,73
122000031,161,254,-93
122000032,1604,1507,97
122000033,463,1140,-677
122000034,384,537,-153
122000035,200,632,-432
122000036,432,366,66
122000037,231,182,49
122000038,151,259,-108
122000039,440,269,171
122000040,189,192,-3
122000041,344,455,-111
122000042,253,354,-101
122000043,87,95,-8
122000044,143,131,12
122000045,983,435,548
122000046,636,566,70
122000047,136,175,-39
122000048,2588,3201,-613
122000049,4164,2932,1232
122000050,1046,653,393
122000051,182,345,-163
122000052,360,447,-87
122000053,153,790,-637
122000054,1631,1351,280
122000055,1592,2841,-1249
122000056,3238,2928,310
122000057,2227,3073,-846
122000058,1444,1501,-57
122000059,1583,2120,-537
122000060,435,618,-183
122000061,311,524,-213
122000062,570,245,325
122000063,724,669,55
122000064,2630,2739,-109
122000065,2426,1826,600
122000066,809,885,-76
122000067,1167,934,233
122000068,1045,780,265
122000069,496,431,65
122000070,677,987,-310
122000071,1246,716,530
122000072,369,371,-2
122000073,275,693,-418
122000074,2014,1216,798
122000075,639,827,-188
122000076,2762,1052,1710
122000077,741,1086,-345
122000078,1249,2829,-1580
122000079,605,1094,-489
122000080,517,339,178
122000081,146,168,-22
122000082,378,923,-545
122000083,1393,1052,341
122000084,1231,682,549
122000085,249,674,-425
122000086,1717,3910,-2193
122000087,275,253,22
122000088,279,328,-49
122000089,3356,1635,1721
122000090,127,377,-250
122000091,140,81,59
122000092,63,31,32
122000093,1121,1721,-600
122000094,3597,2088,1509
122000095,1105,2555,-1450
122000096,980,1203,-223
122000098,2091,2190,-99
122000099,1152,555,597
122000100,589,446,143
122000101,248,357,-109
122000102,1425,848,577
122000103,1323,1144,179
122000104,361,110,251
122000105,360,183,177
122000106,315,510,-195
122000107,939,323,616
122000108,347,604,-257
122000109,412,215,197
122000110,355,524,-169
122000111,2673,1035,1638
122000112,998,1155,-157
122000113,566,514,52
122000114,1866,1319,547
122000115,1475,969,506
122000116,401,470,-69
122000117,1054,312,742
122000118,489,682,-193
122000119,2185,1757,428
122000120,1251,3105,-1854
122000121,1248,2091,-843
122000122,540,1059,-519
122000123,1301,1292,9
122000124,670,426,244
122000125,461,636,-175
122000126,451,700,-249
122000127,790,785,5
122000128,335,427,-92
122000129,472,1248,-776
122000130,2306,1137,1169
122000131,983,866,117
122000132,385,340,45
122000133,814,812,2
122000134,851,657,194
122000135,521,494,27
122000136,626,491,135
122000137,1402,713,689
122000139,797,2578,-1781
122000140,491,474,17
122000141,2541,803,1738
122000142,154,653,-499
122000143,359,344,15
122000144,929,787,142
122000145,730,488,242
122000146,391,916,-525
122000147,439,368,71
122000148,1102,1621,-519
122000149,1591,1220,371
122000150,1063,746,317
122000151,131,318,-187
122000152,224,285,-61
122000153,272,260,12
122000154,212,224,-12
122000155,1236,1957,-721
122000156,1714,1985,-271
122000157,944,1754,-810
122000158,273,412,-139
122000159,473,1097,-624
122000160,2687,1809,878
122000161,1039,945,94
122000162,1274,1532,-258
122000163,231,104,127
122000164,46,63,-17
122000165,596,566,30
122000166,771,778,-7
122000167,215,206,9
122000168,142,486,-344
122000169,265,142,123
122000170,305,191,114
122000171,28,70,-42
122000172,1324,1073,251
122000173,1062,1780,-718
122000174,1919,733,1186
122000175,819,222,597
122000176,271,756,-485
122000177,1276,1175,101
122000178,2150,1787,363
122000179,1157,1868,-711
122000180,1175,1139,36
122000181,1167,2634,-1467
122000182,1378,1320,58
122000183,1509,800,709
122000184,2191,2120,71
122000185,943,1589,-646
122000186,367,688,-321
122000187,1423,699,724
122000188,396,182,214
122000189,167,241,-74
122000190,659,1034,-375
122000191,679,567,112
122000192,863,295,568
122000193,312,514,-202
122000194,365,132,233
122000195,148,404,-256
122000196,731,511,220
122000197,414,494,-80
122000198,399,753,-354
122000199,224,274,-50
122000200,681,493,188
122000201,897,1344,-447
122000202,1006,1195,-189
122000203,2058,1095,963
122000204,1010,1381,-371
122000205,927,1049,-122
122000206,2043,707,1336
122000207,1546,975,571
122000208,1767,983,784
122000209,1539,314,1225
122000210,1554,1156,398
122000211,963,841,122
122000212,736,468,268
122000213,797,1047,-250
122000214,1732,1458,274
122000215,1597,1390,207
122000217,1346,1074,272
122000218,642,40,602
122000219,746,677,69
122000220,323,556,-233
122000221,47,305,-258
122000222,453,104,349
122000223,1077,502,575
122000225,681,247,434
122000226,1254,1299,-45
122000227,206,1758,-1552
122000228,224,244,-20
122000229,12,372,-360
122000230,43,253,-210
122000231,141,476,-335
122000232,530,540,-10
122000233,0,62,-62
122000234,375,51,324
122000235,470,84,386
122000236,1027,59,968
122000237,72,62,10
122000238,247,256,-9
122000239,525,112,413
122000240,1087,429,658
122000241,1549,356,1193
122000242,656,84,572
122000243,287,33,254
122000244,114,287,-173
122000245,86,117,-31
122000246,386,150,236
122000247,405,373,32
122000248,778,1004,-226
122000249,1007,792,215
122000250,1765,937,828
122000251,164,295,-131
122000252,363,103,260
122000253,40,142,-102
122000254,236,57,179
122000255,515,837,-322
122000256,270,533,-263
122000257,164,171,-7
122000258,289,214,75
122000259,32,300,-268
122000260,6,51,-45
122000261,17,151,-134
122000262,0,29,-29
122000263,326,171,155
122000264,1241,227,1014
122000265,1843,706,1137
122000266,3002,549,2453
122000267,88,85,3
122000268,104,238,-134
122000269,769,203,566
122000270,457,126,331
122000271,268,756,-488
122000272,268,632,-364
122000273,340,319,21
122000274,183,128,55
122000275,51,169,-118
122000276,707,371,336
122000277,1008,1310,-302
122000278,1555,443,1112
122000279,229,308,-79
122000280,711,412,299
122000281,757,564,193
122000282,137,300,-163
122000283,217,109,108
122000284,188,71,117
122000285,325,53,272
122000286,56,116,-60
122000287,978,1000,-22
122000288,433,214,219
122000291,1812,513,1299
122000293,171,190,-19
122000294,127,195,-68
122000295,993,170,823
122000296,18,463,-445
122000297,1541,2778,-1237
122000299,515,342,173
122000300,541,544,-3
122000301,5681,2795,2886
122000302,549,1396,-847
122000303,2291,972,1319
122000304,79,204,-125
122000305,1051,141,910
122000306,39,393,-354
122000307,92,103,-11
122000309,43,45,-2
122000310,21,85,-64
122000311,182,118,64
122000312,113,177,-64
122000313,131,93,38
122000314,123,205,-82
122000315,283,52,231
122000316,774,194,580
122000317,1352,275,1077
122000318,256,684,-428
122000319,207,289,-82
122000320,299,711,-412
122000321,112,118,-6
122000322,1525,1814,-289
122000323,960,1858,-898
122000324,887,913,-26
122000325,683,1782,-1099
122000326,109,73,36
122000327,325,588,-263
122000328,572,365,207
122000330,1365,720,645
122000332,175,326,-151
122000333,12,80,-68
122000337,1044,809,235
122000338,359,217,142
122000340,237,416,-179
122000342,958,656,302
122000343,344,594,-250
122000344,72,18,54
122000345,29,13,16
122000346,316,237,79
122000348,611,434,177
122000349,80,388,-308
122000351,185,160,25
122000352,265,138,127
122000353,69,45,24
122000355,128,314,-186
122000356,775,993,-218
122000357,66,14,52
122000358,1,34,-33
122000359,0,12,-12
122000360,0,38,-38
122000362,6,42,-36
122000364,164,185,-21
122000365,1,35,-34
122000366,7,9,-2
122000368,323,453,-130
122000370,18,26,-8
122000371,23,0,23
122000372,15,3,12
122000381,106,252,-146
122000382,101,142,-41
122000384,1569,1009,560
122000385,41,1,40
122000386,205,973,-768
122000387,343,539,-196
122000388,1015,519,496
122000389,125,603,-478
122000390,195,203,-8
122000391,242,234,8
122000392,120,121,-1
122000393,24,137,-113
122000394,413,142,271
122000395,98,98,0
122000396,213,90,123
122000397,23,40,-17
122000398,14,57,-43
122000399,122,46,76
122000400,73,492,-419
122000401,124,44,80
122000402,328,99,229
122000403,403,475,-72
122000404,128,132,-4
122000408,631,820,-189
122000503,15,100,-85
122000524,118,106,12
122000544,52,1618,-1566
122000616,270,2,268
122000640,89,87,2
122000641,150,199,-49
122000642,1063,601,462
122000643,68,154,-86
122000644,111,41,70
122000645,77,140,-63
122000651,747,895,-148
122000664,133,20,113
122000665,926,393,533
122000666,530,961,-431
122000673,61,139,-78
122000674,210,82,128
122000675,1653,586,1067
122000686,375,635,-260
122000687,1390,251,1139
122000688,253,357,-104
122000689,801,295,506
122000690,2053,309,1744
122000691,697,914,-217
122000692,1014,229,785
122000693,332,979,-647
122000695,298,240,58
122000696,361,148,213
122000698,353,337,16
122000699,174,32,142
122000701,1542,282,1260
122000702,470,758,-288
122000703,169,46,123
122000712,0,0,0
122000717,99,59,40
122000718,711,1129,-418
122000719,187,97,90
122000720,513,116,397
122000724,162,191,-29
122900001,39,8,31
122900002,859,4641,-3782
122900003,309,16,293
122900004,867,59,808
122900005,85,54,31
122900006,346,348,-2
122900007,111,47,64
122900008,256,154,102
122900009,482,307,175
122900010,156,106,50
122900012,192,263,-71
122900014,108,140,-32
122900015,766,736,30
122900016,113,167,-54
122900017,282,480,-198
122900018,128,19,109
122900019,14,128,-114
122900020,146,259,-113
122900021,33,285,-252
122900022,809,644,165
122900023,404,143,261
122900024,80,85,-5
122900025,10,195,-185
122900026,26,160,-134
122900027,42,428,-386
122900028,111,114,-3
122900029,3270,2036,1234
122900030,762,438,324
122900031,20,217,-197
122900032,80,240,-160
122900033,215,95,120
122900034,3089,3541,-452
122900035,28,18,10
122900036,48,67,-19
122900037,277,89,188
122900038,59,2225,-2166
122900039,62,408,-346
122900040,175,352,-177
122900041,269,325,-56
122900042,114,225,-111
122900043,199,198,1
122900044,103,267,-164
122900045,109,61,48
122900046,121,257,-136
122900047,101,168,-67
122900048,32,141,-109
122900049,978,130,848
122900051,50,105,-55
122900052,120,118,2
122900053,30,23,7
122900055,219,42,177
122900057,178,35,143
122900061,358,124,234
122900062,429,483,-54
122900063,145,152,-7
122900064,635,261,374
122900065,360,180,180
122900066,505,267,238
122900067,666,421,245
122900069,213,975,-762
122900070,307,44,263
122900071,138,256,-118
122900072,9,297,-288
122900073,17,160,-143
122900074,716,370,346
122900075,2,35,-33
122900076,12,128,-116
122900077,0,102,-102
122900078,189,43,146
122900080,35,38,-3
122900081,200,89,111
122900082,834,129,705
122900083,112,94,18
122900084,4,137,-133
122900086,7,62,-55
122900087,221,428,-207
122900088,52,151,-99
122900089,16,152,-136
122900090,7,242,-235
122900091,180,0,180
122900092,0,94,-94
122900093,2,109,-107
122900094,6,116,-110
122900095,146,9,137
122900096,231,63,168
122900097,46,34,12
122900098,43,87,-44
122900099,127,17,110
122900100,114,195,-81
122900101,401,224,177
122900102,17,31,-14
122900103,156,4,152
122900104,149,4,145
122900105,11,12,-1
122900106,5,40,-35
122900107,1,77,-76
122900108,3,99,-96
123000001,1064,410,654
123000002,2411,4299,-1888
123000003,3308,3522,-214
123000004,2580,3297,-717
123000005,2462,2496,-34
123000006,2037,1753,284
123000007,3389,2328,1061
123000008,2128,2418,-290
123000009,3628,2410,1218
123000010,2556,2817,-261
123000011,1742,687,1055
123000012,588,1648,-1060
123000013,2936,798,2138
123000014,772,2652,-1880
123000015,1893,955,938
123000016,2710,3307,-597
123000017,3016,1376,1640
123000018,110,61,49
123000019,315,99,216
123000020,193,46,147
123000021,118,131,-13
123000022,245,1315,-1070
123000023,1464,1503,-39
123000024,1565,629,936
123000025,288,107,181
123000026,37,69,-32
123000027,90,522,-432
123000028,964,763,201
123000029,527,1219,-692
123000030,248,159,89
123000031,218,163,55
123000032,371,111,260
123000033,254,82,172
123000034,960,652,308
123000035,317,331,-14
123000036,222,767,-545
123000037,181,194,-13
123000038,51,198,-147
123000039,367,1266,-899
123000040,504,220,284
123000041,979,997,-18
123000042,580,522,58
123000043,1831,8861,-7030
123000044,2964,1904,1060
123000045,3964,2179,1785
123000046,461,1216,-755
123000047,1076,841,235
123000048,52,914,-862
123000049,4589,8092,-3503
123000050,1289,1211,78
123000051,100,154,-54
123000052,711,2784,-2073
123000053,2237,2295,-58
123000054,1317,1119,198
123000055,1120,2018,-898
123000056,959,1199,-240
123000057,5714,5299,415
123000058,514,926,-412
123000059,300,390,-90
123000060,777,380,397
123000061,217,525,-308
123000063,654,707,-53
123000064,868,188,680
123000065,2844,1747,1097
123000066,478,408,70
123000067,806,411,395
123000068,1921,1849,72
123000069,4626,1980,2646
123000070,217,506,-289
123000071,997,642,355
123000072,869,569,300
123000073,1235,622,613
123000074,984,689,295
123000075,273,988,-715
123000076,648,424,224
123000077,1706,1551,155
123000078,1506,1211,295
123000079,1460,1314,146
123000080,1914,1071,843
123000081,94,236,-142
123000082,258,724,-466
123000083,797,212,585
123000084,650,419,231
123000085,353,56,297
123000086,592,96,496
123000087,284,187,97
123000088,968,539,429
123000089,643,901,-258
123000090,1027,719,308
123000091,1229,1128,101
123000092,871,943,-72
123000094,521,191,330
123000095,525,526,-1
123000096,675,235,440
123000097,448,431,17
123000098,756,342,414
123000099,579,462,117
123000100,568,567,1
123000101,533,449,84
123000102,412,540,-128
123000104,364,391,-27
123000105,401,356,45
123000106,459,424,35
123000107,330,454,-124
123000108,465,1039,-574
123000111,802,275,527
123000112,1055,391,664
123000113,467,661,-194
123000114,284,525,-241
123000115,222,198,24
123000116,67,114,-47
123000117,1391,1129,262
123000118,342,511,-169
123000119,201,497,-296
123000120,263,577,-314
123000121,500,434,66
123000122,273,233,40
123000123,477,431,46
123000124,329,397,-68
123000125,971,1141,-170
123000126,920,3180,-2260
123000127,533,500,33
123000128,230,206,24
123000129,732,175,557
123000130,550,60,490
123000131,881,716,165
123000132,303,370,-67
123000133,187,259,-72
123000134,210,104,106
123000135,2032,807,1225
123000136,156,464,-308
123000137,82,171,-89
123000138,74,225,-151
123000139,460,83,377
123000140,105,402,-297
123000141,648,111,537
123000142,875,737,138
123000143,1012,1503,-491
123000144,25,38,-13
123000145,119,110,9
123000146,17,57,-40
123000147,85,103,-18
123000149,286,327,-41
123000150,190,180,10
123000151,232,403,-171
123000152,44,264,-220
123000153,142,611,-469
123000154,1111,1551,-440
123000155,1456,989,467
123000156,38,59,-21
123000157,476,568,-92
123000158,518,635,-117
123000159,2603,2476,127
123000160,893,627,266
123000161,1604,904,700
123000162,986,1334,-348
123000163,413,89,324
123000164,1384,305,1079
123000165,329,930,-601
123000166,32,71,-39
123000167,172,197,-25
123000168,259,157,102
123000169,729,135,594
123000170,102,132,-30
123000171,628,23,605
123000172,134,341,-207
123000173,576,208,368
123000174,987,338,649
123000175,470,758,-288
123000176,1052,212,840
123000177,196,573,-377
123000178,784,168,616
123000179,43,376,-333
123000180,1326,228,1098
123000181,271,800,-529
123000182,150,154,-4
123000183,174,541,-367
123000184,76,362,-286
123000185,602,286,316
123000186,2,297,-295
123000187,559,8,551
123000188,211,3,208
123000189,167,115,52
123000190,54,92,-38
123000192,21,230,-209
123000193,84,574,-490
123000194,449,239,210
123000195,322,31,291
123000196,294,22,272
123000197,103,65,38
123000198,34,761,-727
123000199,5,574,-569
123000200,606,10,596
123000201,1024,22,1002
123000202,26,678,-652
123000203,942,61,881
123000204,74,706,-632
123000205,453,1019,-566
123000206,1986,248,1738
123000207,72,650,-578
123000208,497,159,338
123000209,2150,597,1553
123000210,453,1465,-1012
123000211,519,1428,-909
123000212,2740,475,2265
123000213,602,83,519
123000215,64,177,-113
123000216,114,556,-442
123000217,166,19,147
123000218,31,528,-497
123000219,465,40,425
123000220,403,57,346
123000221,126,52,74
123000222,271,203,68
123000223,298,148,150
123000224,339,237,102
123000225,213,44,169
123000226,44,198,-154
123000227,74,170,-96
123000228,217,59,158
123000229,784,1041,-257
123000232,106,367,-261
123000233,565,99,466
123000234,108,431,-323
123000235,1141,253,888
123000236,224,484,-260
123000237,270,71,199
123000238,80,271,-191
123000239,361,714,-353
123000240,39,395,-356
123000241,252,60,192
123000242,95,148,-53
123000243,637,670,-33
123000244,744,582,162
123000245,36,158,-122
123000249,209,481,-272
123000252,778,242,536
123000253,1129,488,641
123000254,652,578,74
123000255,1033,664,369
123000256,21,147,-126
123000257,1873,1187,686
123000258,729,542,187
123000259,346,380,-34
123000260,459,262,197
123000261,225,97,128
123000262,146,106,40
123000263,385,81,304
123000264,160,86,74
123000265,43,114,-71
123000266,499,423,76
123000267,546,369,177
123000268,28,78,-50
123000269,38,46,-8
123000270,18,46,-28
123000271,57,54,3
123000272,598,242,356
123000273,256,589,-333
123000274,1010,540,470
123000275,206,582,-376
123000278,1723,1939,-216
123000279,115,58,57
123000280,273,245,28
123000281,280,68,212
123000282,98,230,-132
123000283,135,31,104
123000284,56,58,-2
123000286,115,348,-233
123000287,343,212,131
123000288,1028,761,267
123000289,323,806,-483
123000291,152,672,-520
123000294,194,229,-35
123000295,857,777,80
123000296,593,404,189
123000297,623,350,273
123000298,698,372,326
123000299,105,166,-61
123000300,945,713,232
123000301,121,184,-63
123000302,56,93,-37
123000303,101,179,-78
123000305,658,728,-70
123000306,113,74,39
123000309,55,45,10
123000310,37,34,3
123000311,1,57,-56
123000312,433,382,51
123000313,508,320,188
123000315,141,205,-64
123000316,697,239,458
123000317,157,101,56
123000318,68,157,-89
123000329,7,12,-5
123000337,942,550,392
123000338,283,97,186
123000339,271,47,224
123000340,81,196,-115
123000342,18,107,-89
123000343,37,15,22
123000344,944,264,680
123000345,251,373,-122
123000346,415,48,367
123000352,754,638,116
123000353,40,124,-84
123000354,186,3,183
123000355,0,164,-164
123000356,304,4,300
123000357,5,67,-62
123000359,4,94,-90
123000360,136,71,65
123000361,121,244,-123
123000362,340,80,260
123000363,70,127,-57
123000364,460,419,41
123000365,15,304,-289
123000366,274,1615,-1341
123000367,235,596,-361
123000370,21,88,-67
123000371,388,24,364
123000372,268,16,252
123000373,5,178,-173
123000374,3,134,-131
123000375,245,20,225
123000376,793,576,217
123000377,291,8,283
123000378,8,137,-129
123000379,5,86,-81
123000380,26,353,-327
123000381,113,81,32
123000382,598,74,524
123000383,68,1013,-945
123000384,387,79,308
123000385,128,420,-292
123000436,27,774,-747
123000507,115,190,-75
123000508,139,925,-786
123000517,205,38,167
123000518,17,199,-182
123000519,107,67,40
123000520,34,185,-151
123000521,320,84,236
123000522,129,248,-119
123000541,3,0,3
123000542,0,12,-12
123000565,864,43,821
123000566,238,425,-187
123000567,88,163,-75
123000573,40,441,-401
123000574,997,34,963
123000575,1392,619,773
123000576,787,839,-52
123000577,56,434,-378
123000578,358,61,297
123000579,1332,4631,-3299
123000580,119,30,89
123000582,363,20,343
123000583,19,243,-224
123000584,160,279,-119
123000585,0,41,-41
123000586,107,0,107
123000596,91,60,31
123000597,73,131,-58
123000602,37,10,27
123000603,891,368,523
123000604,495,355,140
123000605,690,33,657
123000606,0,359,-359
123000609,10,227,-217
123000610,160,79,81
123000613,39,161,-122
123000614,210,45,165
123000615,48,106,-58
123000616,590,50,540
123000617,84,136,-52
123000618,67,463,-396
123000619,423,27,396
123000620,8,302,-294
123000622,416,12,404
123000624,120,107,13
123000630,1276,420,856
123000631,206,742,-536
123000632,559,502,57
123000633,3,204,-201
123000634,33,138,-105
123000635,68,71,-3
123000636,41,370,-329
123000637,210,15,195
123000638,486,22,464
123000639,637,4180,-3543
123000640,33,394,-361
123000648,420,97,323
123000649,39,256,-217
123900001,850,45,805
123900002,19,1059,-1040
123900003,228,310,-82
123900005,203,139,64
123900006,312,60,252
124000001,1791,141,1650
124000002,58,960,-902
124000003,854,141,713
124000004,60,364,-304
124000005,970,458,512
124000006,158,592,-434
124000007,402,69,333
124000008,7,348,-341
124000009,696,170,526
124000010,198,258,-60
124000011,935,197,738
124000012,201,344,-143
124000017,205,85,120
124000018,81,72,9
124000019,136,85,51
124000020,34,115,-81
124000021,96,70,26
124000022,76,177,-101
124000023,1163,1183,-20
124000024,943,322,621
124000025,915,1413,-498
124000026,721,721,0
124000027,3572,4029,-457
124000028,1277,3218,-1941
124000030,1820,1057,763
124000031,1448,3648,-2200
124000032,1727,644,1083
124000033,972,463,509
124000034,515,760,-245
124000035,266,170,96
124000036,108,456,-348
124000037,338,896,-558
124000038,29,97,-68
124000039,599,375,224
124000040,325,737,-412
124000041,393,68,325
124000042,85,311,-226
124000043,94,78,16
124000044,79,105,-26
124000045,766,433,333
124000046,241,481,-240
124000047,1711,661,1050
124000048,821,745,76
124000049,1491,451,1040
124000050,685,956,-271
124000051,1044,378,666
124000052,462,514,-52
124000053,456,1386,-930
124000054,646,330,316
124000055,1184,2324,-1140
124000056,1462,989,473
124000057,981,547,434
124000058,367,759,-392
124000059,623,1078,-455
124000060,787,432,355
124000061,1225,5232,-4007
124000062,3629,1364,2265
124000063,862,1163,-301
124000064,1363,863,500
124000065,96,442,-346
124000066,224,88,136
124000067,190,101,89
124000068,59,110,-51
124000069,604,125,479
124000070,221,388,-167
124000071,125,82,43
124000072,131,277,-146
124000073,777,146,631
124000074,209,533,-324
124000075,220,42,178
124000076,9,116,-107
124000077,951,576,375
124000078,1821,1037,784
124000079,238,899,-661
124000080,596,154,442
124000081,130,376,-246
124000082,58,165,-107
124000083,90,78,12
124000084,86,465,-379
124000085,101,42,59
124000086,63,106,-43
124000087,85,96,-11
124000088,155,326,-171
124000089,715,205,510
124000090,132,196,-64
124000091,470,84,386
124000092,117,428,-311
124000093,153,64,89
124000094,164,410,-246
124000095,93,72,21
124000096,142,153,-11
124000097,96,108,-12
124000098,70,57,13
124000099,178,107,71
124000100,36,111,-75
124000101,84,134,-50
124000102,67,25,42
124000103,125,137,-12
124000104,73,27,46
124000105,92,64,28
124000106,87,43,44
124000107,14,154,-140
124000108,33,19,14
124000109,127,87,40
124000110,184,76,108
124000111,186,121,65
124000112,628,348,280
124000113,90,84,6
124000114,248,242,6
124000115,305,343,-38
124000116,115,99,16
124000117,52,64,-12
124000118,47,90,-43
124000119,726,450,276
124000120,471,395,76
124000121,1682,849,833
124000122,463,974,-511
124000123,905,377,528
124000124,452,783,-331
124000125,357,354,3
124000126,348,455,-107
124000127,734,285,449
124000128,502,548,-46
124000129,1708,1173,535
124000130,583,413,170
124000131,716,505,211
124000132,657,554,103
124000133,832,658,174
124000134,872,420,452
124000135,1420,1547,-127
124000136,726,725,1
124000137,848,689,159
124000138,925,933,-8
124000139,385,28,357
124000140,23,288,-265
124000141,539,23,516
124000142,59,264,-205
124000143,108,6,102
124000144,10,117,-107
124000145,91,24,67
124000146,18,55,-37
124000148,12,79,-67
124000149,962,343,619
124000150,223,497,-274
124000151,818,324,494
124000152,669,959,-290
124000153,874,649,225
124000154,556,476,80
124000155,1209,809,400
124000156,1331,785,546
124000169,169,360,-191
124000170,379,290,89
124000171,258,183,75
124000172,248,327,-79
124000173,443,136,307
124000174,325,412,-87
124000175,8,63,-55
124000176,30,13,17
124000177,4,29,-25
124000178,45,32,13
124000190,106,64,42
124000191,173,177,-4
124000192,1173,339,834
124000193,190,766,-576
124000194,338,297,41
124000195,307,518,-211
124000196,707,672,35
124000197,29,47,-18
124000198,41,30,11
124000201,239,500,-261
124000202,621,229,392
124000203,445,282,163
124000204,821,258,563
124000205,95,198,-103
124000206,622,230,392
124000207,0,30,-30
124000209,192,245,-53
124000210,533,159,374
124000211,724,1,723
124000212,0,213,-213
124000213,481,191,290
124000214,401,364,37
124000215,396,16,380
124000216,0,257,-257
124000329,104,827,-723
124000338,70,469,-399
124000339,1015,78,937
124000341,1435,56,1379
124000344,28,1,27
124000357,967,2016,-1049
124000358,734,1351,-617
124000359,937,526,411
124000360,693,402,291
124000361,1806,907,899
124000362,865,1247,-382
124000363,254,273,-19
124000364,479,476,3
124000365,528,669,-141
124000366,1124,603,521
124000367,86,358,-272
124000368,364,379,-15
124000369,212,109,103
124000370,96,517,-421
124000402,17,5,12
124000403,108,11,97
124000404,9,64,-55
124000405,891,567,324
124000406,522,492,30
124000407,1,17,-16
124000411,10,196,-186
124000412,419,11,408
124000413,120,35,85
124000414,76,77,-1
124000415,38,60,-22
124000416,116,108,8
124000417,195,97,98
124000418,206,55,151
124000419,73,72,1
124000420,152,59,93
124000421,25,71,-46
124000422,18,11,7
124000423,105,32,73
124000424,7,91,-84
124000425,129,8,121
124000426,7,104,-97
124000427,121,5,116
124000428,7,39,-32
124000429,75,35,40
124000430,588,322,266
124000431,192,267,-75
124000432,166,591,-425
124000439,16,5,11
124000443,0,3,-3
124000445,299,1245,-946
124000446,891,187,704
124000447,15,105,-90
124900001,672,378,294
124900002,125,183,-58
124900003,1137,583,554
124900004,779,258,521
124900005,182,76,106
124900006,674,227,447
124900008,1011,477,534
124900009,145,293,-148
124900010,166,103,63
124900011,552,198,354
124900012,390,142,248
124900013,460,130,330
124900014,233,46,187
124900015,159,278,-119
124900016,93,72,21
124900017,396,1575,-1179
124900018,86,4,82
124900020,57,46,11
124900021,272,40,232
124900022,60,2,58
124900024,270,3,267
124900026,166,23,143
124900027,93,415,-322
124900028,277,71,206
124900029,8,408,-400
124900030,1,62,-61
124900031,32,184,-152
124900032,134,201,-67
124900033,82,149,-67
124900034,3,91,-88
124900035,175,237,-62
124900036,2,44,-42
124900037,165,144,21
124900038,254,238,16
124900039,0,50,-50
124900040,112,77,35
124900041,269,703,-434
124900042,123,2,121
124900043,469,652,-183
124900044,68,7,61
124900045,443,953,-510
124900047,117,120,-3
124900048,168,71,97
124900050,128,166,-38
124900052,77,317,-240
124900053,92,228,-136
124900054,1000,317,683
124900055,0,119,-119
124900057,2,50,-48
124900060,37,152,-115
124900061,117,11,106
124900062,209,22,187
124900066,0,15,-15
124900067,3,109,-106
124900068,236,438,-202
124900070,53,19,34
124900072,118,38,80
124900075,248,178,70
124900076,24,1196,-1172
124900077,27,91,-64
124900078,74,15,59
124900079,327,173,154
124900080,302,407,-105
124900081,1107,322,785
124900082,352,564,-212
124900083,256,361,-105
124900085,642,420,222
124900086,62,1266,-1204
124900087,488,58,430
124900088,462,75,387
124900089,944,20,924
124900090,307,196,111
124900091,254,178,76
124900092,186,138,48
124900093,297,135,162
124900094,414,191,223
124900095,108,372,-264
124900096,405,200,205
124900097,356,53,303
124900098,81,223,-142
124900099,353,370,-17
124900100,293,33,260
124900101,115,326,-211
124900102,201,4,197
124900103,114,102,12
124900104,72,68,4
124900105,112,56,56
124900106,335,30,305
124900107,78,7,71
124900108,148,73,75
124900111,1,132,-131
124900112,52,309,-257
124900113,67,279,-212
124900114,102,110,-8
124900115,43,31,12
124900116,215,195,20
124900117,248,114,134
124900118,158,329,-171
124900119,304,132,172
124900120,33,230,-197
124900121,70,317,-247
124900122,186,141,45
124900123,179,97,82
124900124,91,248,-157
204000001,103,17,86
204000002,23,11,12
204000003,14,2,12
204000004,5,0,5
204000005,657,519,138
204000006,1251,1299,-48
204000011,19,28,-9
204000012,54,99,-45
204000019,776,374,402
204000020,720,487,233
204000021,1320,770,550
204000022,615,401,214
204000023,525,512,13
204000031,61,14,47
204000032,321,46,275
204000034,44,139,-95
204000035,0,8,-8
204000036,6,9,-3
204000037,1,17,-16
204000038,0,13,-13
204000039,5,16,-11
204000040,3,21,-18
204000041,8,18,-10
204000042,37,8,29
204000043,38,3,35
204000044,24,0,24
204000045,59,2,57
204000046,7,4,3
204000057,5,5,0
204000062,34,39,-5
204000068,20,239,-219
204000069,90,332,-242
204000070,91,64,27
204000080,63,39,24
204000085,2039,1117,922
204000086,2026,1347,679
204000087,76,10,66
204000088,6,101,-95
204000090,63,183,-120
204000093,400,75,325
204000096,851,1148,-297
204000097,441,15,426
204000099,1117,1412,-295
204000100,1371,1604,-233
204000105,1895,907,988
204000110,442,853,-411
204000111,464,558,-94
204000112,481,425,56
204000113,442,548,-106
204000114,747,685,62
204000115,550,310,240
204000116,501,426,75
204000119,1797,2308,-511
204000132,723,353,370
204000133,1060,203,857
204000134,253,110,143
204000135,805,80,725
204000136,782,178,604
204000138,363,590,-227
204000140,274,174,100
204000141,179,74,105
204000144,7,21,-14
204000145,439,29,410
204000146,37,266,-229
204000147,21,114,-93
204000148,212,27,185
204000154,5,2,3
204000155,1,4,-3
204000177,91,59,32
204000179,72,6,66
204000180,0,41,-41
204000222,0,5,-5
204000235,27,8,19
204000236,64,181,-117
204000238,16,27,-11
204000240,400,56,344
204000263,569,678,-109
204000268,908,684,224
204000308,103,13,90
204000317,20,63,-43
204000322,13,53,-40
204000323,13,4,9
204000328,221,65,156
204000329,79,121,-42
204000330,194,35,159
204000331,114,106,8
205000001,774,1382,-608
205000013,5,65,-60
205000014,13,63,-50
205000015,23,102,-79
205000016,26,154,-128
205000017,15,48,-33
205000022,334,688,-354
205000025,1072,1019,53
205000029,269,15,254
205000045,118,623,-505
205000046,119,667,-548
205000047,34,437,-403
205000048,342,699,-357
205000049,155,613,-458
205000050,645,265,380
205000059,0,200,-200
205000060,1,135,-134
205000061,7,133,-126
205000062,5,111,-106
205000063,34,138,-104
205000064,34,68,-34
205000065,102,448,-346
205000066,164,541,-377
205000067,54,702,-648
205000069,255,22,233
205000082,137,113,24
205000110,87,190,-103
205000111,239,244,-5
205000112,155,216,-61
205000113,182,300,-118
205000121,208,40,168
205000123,41,159,-118
205000126,513,83,430
205000127,878,121,757
205000128,446,59,387
205000129,792,81,711
205000130,132,27,105
205000131,60,6,54
205000132,118,2,116
205000133,69,2,67
205000134,264,1,263
205000137,43,140,-97
205000138,115,233,-118
205000139,31,114,-83
205000144,76,81,-5
205000145,265,140,125
205000151,132,21,111
205000152,172,8,164
205000153,186,18,168
205000154,96,48,48
205000155,109,12,97
205000207,5,148,-143
205000233,27,0,27
205000234,0,0,0
205000243,0,0,0
205000244,1,2,-1
205000245,6,110,-104
205000249,0,13,-13
205000250,5,0,5
205000264,5,75,-70
206000027,5,3,2
206000028,4,4,0
206000043,7,34,-27
206000053,1,12,-11
206000054,6,19,-13
206000055,1,10,-9
206000075,16,18,-2
206000076,9,14,-5
206000077,24,3,21
206000078,14,12,2
206000079,34,8,26
206000082,377,39,338
206000100,22,335,-313
206000103,6,4,2
206000104,19,25,-6
206000105,21,4,17
206000106,3,26,-23
206000125,52,0,52
206000157,34,339,-305
206000170,0,100,-100
206000171,3,139,-136
206000172,7,186,-179
206000173,3,114,-111
206000174,13,42,-29
206000175,1,53,-52
206000176,10,97,-87
206000177,0,69,-69
206000178,2,107,-105
206000179,0,47,-47
206000180,8,50,-42
206000181,6,69,-63
206000182,6,71,-65
206000183,26,209,-183
206000184,18,153,-135
206000185,11,67,-56
206000186,67,419,-352
206000223,6,128,-122
206000226,4,0,4
206000227,19,0,19
206000237,23,186,-163
206000238,28,263,-235
206000239,183,1016,-833
206000240,1,50,-49
206000241,0,53,-53
206000242,4,117,-113
206000243,3,94,-91
206000244,43,268,-225
206000245,824,44,780
206000246,233,9,224
206000247,295,6,289
206000248,485,22,463
206000252,66,31,35
206000258,34,26,8
206000315,29,6,23
206000317,567,83,484
206000318,656,67,589
206000319,1696,91,1605
206000320,236,38,198
206000321,248,10,238
206000322,565,10,555
206000323,230,6,224
206000324,199,4,195
206000325,169,12,157
206000326,186,9,177
206000327,125,7,118
206000328,209,3,206
206000329,246,8,238
206000330,70,6,64
206000331,226,4,222
206000332,47,0,47
206000333,689,2,687
206000334,285,1,284
206000335,0,10,-10
206000361,5,154,-149
206000392,0,15,-15
206000405,138,1,137
206000441,40,18,22
206000498,22,0,22
206000515,73,45,28
206000530,328,68,260
206000531,278,194,84
206000532,1530,289,1241
206000535,105,1113,-1008
206000536,13,83,-70
206000537,13,108,-95
206000613,1545,208,1337
206000784,469,42,427
207000001,159,577,-418
207000002,117,323,-206
207000003,172,128,44
207000007,1169,206,963
207000008,125,10,115
207000009,49,34,15
207000010,348,273,75
207000012,453,171,282
207000015,207,782,-575
207000019,255,53,202
207000021,504,137,367
207000022,171,108,63
207000023,181,50,131
207000024,1,17,-16
207000025,28,71,-43
207000026,91,50,41
207000027,11,84,-73
207000028,44,142,-98
207000029,208,283,-75
207000033,163,447,-284
207000034,301,108,193
207000039,511,124,387
207000040,440,58,382
207000041,72,22,50
207000042,216,47,169
207000043,186,186,0
207000051,91,179,-88
207000052,29,88,-59
207000053,404,391,13
207000054,54,70,-16
207000055,199,110,89
207000056,283,285,-2
207000057,99,246,-147
207000058,200,220,-20
207000059,139,332,-193
207000060,76,164,-88
207000061,180,712,-532
207000062,438,43,395
207000063,448,79,369
207000064,357,120,237
207000065,339,174,165
207000066,265,146,119
207000067,64,81,-17
207000068,111,63,48
207000069,725,287,438
207000082,13,119,-106
207000083,78,161,-83
207000084,299,224,75
207000085,240,30,210
207000086,276,9,267
207000106,59,27,32
207000107,95,23,72
207000108,91,13,78
207000109,60,14,46
207000110,46,71,-25
207000111,80,71,9
207000112,129,585,-456
207000114,21,12,9
207000115,25,43,-18
207000116,16,314,-298
207000117,7,77,-70
207000118,4,53,-49
207000119,32,47,-15
207000123,176,18,158
207000124,70,28,42
207000125,75,27,48
207000126,53,49,4
207000134,130,95,35
207000135,19,140,-121
207000148,54,272,-218
207000149,52,30,22
207000152,144,337,-193
207000153,670,1236,-566
207000154,373,129,244
207000159,83,107,-24
207000160,104,261,-157
207000238,0,121,-121
207000242,4,101,-97
207000248,17,24,-7
207000249,105,24,81
207000250,389,59,330
207000251,88,54,34
207000252,48,37,11
207000278,108,58,50
207000279,18,69,-51
207000280,656,61,595
207000281,121,529,-408
207000282,141,122,19
207000283,59,192,-133
207000284,40,316,-276
207000285,104,167,-63
207000291,14,71,-57
207000304,129,69,60
207000306,45,317,-272
207000310,89,89,0
207000353,271,3,268
207000356,5,27,-22
207000357,6,24,-18
207000358,2,16,-14
207000415,3,137,-134
207000417,53,6,47
207000418,107,111,-4
207000438,0,1,-1
207000439,661,761,-100
207000446,174,8,166
207000460,35,11,24
207000466,198,109,89
207000467,276,86,190
207000468,51,142,-91
207000476,2,34,-32
207000477,548,35,513
207000478,2,40,-38
207000523,0,15,-15
207000524,83,6,77
207000527,127,185,-58
207000530,511,10,501
207000531,308,11,297
207000532,94,19,75
207000534,283,43,240
207000535,29,281,-252
207000537,13,44,-31
207000540,8,123,-115
207000541,3,204,-201
207000548,11,134,-123
207000549,267,11,256
207000561,176,185,-9
207000562,27,111,-84
207000567,158,187,-29
207000568,220,30,190
207000569,522,341,181
207000584,185,128,57
207000585,38,295,-257
207000587,153,16,137
207000616,0,88,-88
207000617,133,0,133
207000624,33,40,-7
207000631,6,44,-38
207900008,273,64,209
208000001,561,890,-329
208000002,631,386,245
208000003,1083,376,707
208000004,922,649,273
208000005,2,18,-16
208000019,583,876,-293
208000020,177,450,-273
208000021,256,226,30
208000022,948,370,578
208000028,754,1269,-515
208000033,468,438,30
208000034,867,1220,-353
208000037,185,6,179
208000040,186,128,58
208000041,699,508,191
208000042,890,638,252
208000047,115,193,-78
208000064,1959,1298,661
208000066,1561,2214,-653
208000070,340,299,41
208000071,467,597,-130
208000072,496,956,-460
208000080,306,359,-53
208000081,436,140,296
208000082,313,224,89
208000083,136,283,-147
208000084,11,23,-12
208000085,648,492,156
208000086,434,823,-389
208000087,283,588,-305
208000089,1122,283,839
208000090,1083,452,631
208000093,133,172,-39
208000094,549,340,209
208000095,697,353,344
208000104,1031,798,233
208000105,683,845,-162
208000114,108,337,-229
208000115,426,321,105
208000116,578,961,-383
208000117,141,196,-55
208000118,78,133,-55
208000155,661,738,-77
208000158,1117,3326,-2209
208000186,2817,3648,-831
208000204,601,844,-243
208000205,1113,688,425
208000282,3938,2686,1252
209000004,339,181,158
209000005,50,32,18
209000006,401,158,243
209000007,214,272,-58
209000010,321,102,219
209000011,108,180,-72
209000012,86,106,-20
209000013,193,156,37
209000014,351,601,-250
209000025,360,36,324
209000026,676,83,593
209000027,330,478,-148
209000028,296,371,-75
209000029,332,423,-91
209000030,341,642,-301
209000031,1631,1176,455
209000034,209,271,-62
209000035,136,197,-61
209000036,252,111,141
209000037,351,202,149
209000038,175,155,20
209000039,89,152,-63
209000040,309,437,-128
209000041,167,370,-203
209000042,198,300,-102
209000043,567,655,-88
209000044,240,676,-436
209000045,1255,325,930
209000046,462,389,73
209000047,430,203,227
209000048,643,286,357
209000049,98,56,42
209000050,222,103,119
209000051,234,171,63
209000052,111,186,-75
209000062,44,57,-13
209000063,58,53,5
209000064,35,50,-15
209000065,93,25,68
209000066,103,31,72
209000067,89,28,61
209000080,38,104,-66
209000082,76,22,54
209000091,33,66,-33
209000093,59,15,44
209000094,122,166,-44
209000110,45,121,-76
209000111,510,1276,-766
209000112,1073,454,619
209000113,1450,418,1032
209000114,678,320,358
209000115,108,77,31
209000116,402,230,172
209000118,6,43,-37
209000119,15,7,8
209000121,123,326,-203
209000135,79,183,-104
209000142,577,1381,-804
209000143,34,50,-16
209000144,47,97,-50
209000229,274,113,161
209000240,29,185,-156
209000259,63,86,-23
209000260,40,696,-656
209000261,4,397,-393
209000262,0,231,-231
209000263,0,152,-152
209000264,0,303,-303
209000265,337,2,335
209000266,115,1,114
209000267,908,10,898
209000268,551,58,493
210000037,96,40,56
210000047,87,13,74
210000048,103,11,92
210000049,59,9,50
210000052,63,49,14
210000053,35,38,-3
210000054,40,69,-29
210000070,107,3,104
210000071,63,0,63
210000072,24,0,24
210000073,0,12,-12
210000074,1,107,-106
210000075,0,67,-67
210000076,9,111,-102
210000077,11,43,-32
210000078,12,42,-30
210000079,19,9,10
210000080,60,78,-18
210000081,155,20,135
210000082,102,4,98
210000083,71,4,67
210000084,61,1,60
210000085,0,32,-32
210000086,0,76,-76
210000099,35,203,-168
210000100,54,142,-88
210000101,61,137,-76
210000105,32,150,-118
210000159,1,167,-166
210000163,157,220,-63
210000164,269,185,84
210000168,157,37,120
210000187,0,20,-20
210000188,0,12,-12
210000214,21,0,21
210000219,37,57,-20
210000220,145,38,107
210000232,4,11,-7
210000233,31,58,-27
210000234,24,109,-85
210000235,62,58,4
210000245,0,38,-38
210000246,38,2,36
210000258,20,61,-41
210000259,297,47,250
210000282,95,202,-107
210000285,0,103,-103
210000286,12,114,-102
210000290,2,7,-5
210000295,40,105,-65
210000296,44,30,14
210000320,192,59,133
210000321,152,47,105
210000338,50,78,-28
210000339,228,1041,-813
210000340,109,358,-249
210000341,160,247,-87
210000342,187,154,33
210000343,168,152,16
210000344,115,96,19
210000345,123,215,-92
210000346,88,100,-12
210000347,37,35,2
210000348,123,24,99
210000349,45,29,16
210000350,175,74,101
210000351,206,90,116
210000352,58,49,9
210000353,67,71,-4
210000354,50,54,-4
210000355,45,59,-14
210000356,14,69,-55
210000357,55,77,-22
210000358,218,117,101
210000359,76,55,21
210000360,127,96,31
210000361,164,96,68
210000362,259,134,125
210000363,601,208,393
210000364,53,141,-88
210000365,95,53,42
210000366,106,30,76
210000367,99,28,71
210000368,100,48,52
210000369,26,22,4
210000370,61,32,29
210000372,23,26,-3
210000373,15,12,3
210000374,60,35,25
210000375,54,52,2
210000376,70,102,-32
210000404,49,85,-36
210000439,39,39,0
210000472,74,1,73
210000482,72,79,-7
210000564,216,252,-36
210000567,0,31,-31
210000568,298,3,295
211000092,32,41,-9
211000094,17,5,12
211000169,153,16,137
211000172,8,169,-161
211000209,2,15,-13
211000226,12,12,0
211000270,13,13,0
211000275,10,11,-1
211000276,73,15,58
211000279,12,21,-9
211000281,91,45,46
211000302,25,56,-31
211507980,5,32,-27
211977296,30,6,24
212000003,191,63,128
212000004,35,32,3
212000005,24,28,-4
212000006,41,36,5
212000008,152,91,61
212000009,32,79,-47
212000012,83,74,9
212000013,28,50,-22
212000014,270,125,145
212000015,318,213,105
212000016,524,440,84
212000027,516,285,231
212000028,354,289,65
212000029,223,180,43
212000030,39,24,15
212000031,62,45,17
212000048,27,156,-129
212000049,14,128,-114
212000050,7,11,-4
212000051,206,144,62
212000052,157,223,-66
212000053,404,402,2
212000054,270,73,197
212000055,229,111,118
212000056,13,34,-21
212000057,16,22,-6
212000058,174,38,136
212000070,116,160,-44
212000077,112,395,-283
212000099,232,219,13
212000108,186,149,37
212000111,226,93,133
212000120,135,48,87
212000138,178,33,145
212000156,8,68,-60
212000158,10,13,-3
212000159,495,49,446
212000160,712,223,489
212000161,87,11,76
212000310,36,12,24
212000311,8,50,-42
212000374,29,15,14
213000001,46,310,-264
213000005,385,108,277
213000006,909,275,634
213000007,107,10,97
213000009,550,493,57
213000010,215,281,-66
213000011,154,77,77
213000012,114,222,-108
213000014,91,11,80
213000015,221,2,219
213000016,380,3,377
213000017,99,0,99
213000018,1,118,-117
213000019,1,99,-98
213000020,87,261,-174
213000021,2,88,-86
213000023,321,178,143
213000033,304,1538,-1234
213000034,650,193,457
213000035,137,166,-29
213000045,201,212,-11
213000046,197,134,63
213000047,546,1188,-642
213000056,84,24,60
213000069,131,10,121
213000073,1,59,-58
213000074,79,371,-292
213000075,559,7,552
213000076,30,1,29
213000085,4,41,-37
213000086,18,130,-112
213000091,232,10,222
213000092,81,14,67
213000099,178,951,-773
213000100,1063,249,814
213000101,443,120,323
213000102,467,151,316
213000103,836,669,167
213000104,39,311,-272
213000105,5,198,-193
213000106,40,97,-57
213000107,170,344,-174
213000108,38,316,-278
213000109,13,170,-157
213000110,31,73,-42
213000111,4,77,-73
213000112,142,99,43
213000115,65,10,55
213000116,49,293,-244
213000117,12,460,-448
213000118,514,208,306
213000119,41,466,-425
213000120,73,369,-296
213000122,150,373,-223
213000123,279,794,-515
213000124,97,739,-642
213000125,113,29,84
213000126,56,77,-21
213000127,95,145,-50
213000128,297,879,-582
213000129,244,758,-514
213000130,664,330,334
213000132,455,87,368
213000133,658,98,560
213000134,937,29,908
213000136,500,24,476
213000137,714,79,635
213000139,259,19,240
213000147,58,13,45
213000148,21,19,2
213000149,41,11,30
213000150,0,176,-176
213000151,17,151,-134
213000152,4,101,-97
213000153,7,152,-145
213000154,75,136,-61
213000155,35,156,-121
213000156,104,341,-237
213000157,500,294,206
213000158,346,756,-410
213000159,597,376,221
213000163,958,81,877
213000165,831,243,588
213000171,0,41,-41
213000172,1,114,-113
213000173,6,119,-113
213000174,1,83,-82
213000175,8,27,-19
213000176,33,41,-8
213000177,94,1,93
213000178,212,3,209
213000179,271,0,271
213000180,209,0,209
213000184,82,299,-217
213000188,270,87,183
213000189,480,49,431
213000190,763,622,141
213000191,332,293,39
213000192,239,246,-7
213000193,636,202,434
213000194,9,108,-99
213000195,24,316,-292
213000196,256,1077,-821
213000197,435,419,16
213000198,42,4,38
213000200,135,607,-472
213000201,32,66,-34
213000202,21,438,-417
213000203,2525,534,1991
213000204,768,49,719
213000205,266,69,197
213000206,365,58,307
213000207,147,10,137
213000208,95,8,87
213000209,162,3,159
213000210,282,6,276
213000211,11,13,-2
213000212,30,31,-1
213000213,25,67,-42
213000218,221,333,-112
213000219,470,16,454
213000220,469,9,460
213000223,185,195,-10
213000224,43,33,10
213000225,80,11,69
213000226,79,13,66
213000227,908,183,725
213000228,328,95,233
213000229,130,47,83
213000230,522,30,492
213000232,33,870,-837
213000233,10,91,-81
213000234,1,65,-64
213000293,15,100,-85
213000294,151,45,106
213000295,10,117,-107
213000296,48,9,39
213000297,7,78,-71
213000298,15,59,-44
213000299,40,22,18
213000300,9,13,-4
213000303,6,17,-11
213000304,3,6,-3
213000305,2,21,-19
213000306,43,30,13
213000307,96,74,22
213000308,85,119,-34
213000309,165,46,119
213000310,349,99,250
213000311,231,636,-405
213000315,91,82,9
213000316,150,28,122
213000322,87,89,-2
213000323,137,58,79
213000324,65,18,47
213000325,36,53,-17
213000326,13,12,1
213000327,9,19,-10
213000328,14,108,-94
213000329,90,8,82
213000340,180,377,-197
213000341,582,79,503
213000346,198,196,2
213000347,501,460,41
213000348,9,163,-154
213000349,39,21,18
213000350,284,642,-358
213000366,69,218,-149
213000367,233,23,210
213000379,108,82,26
213000386,13,248,-235
213000406,91,328,-237
213000417,1203,371,832
213000425,240,29,211
213000426,165,32,133
213000427,31,148,-117
213000428,44,130,-86
213000429,16,11,5
213000430,147,405,-258
213000431,38,1,37
213000432,3,32,-29
213000433,13,95,-82
213000434,83,78,5
213000435,119,62,57
213000436,32,66,-34
213000437,0,5,-5
213000438,179,48,131
213000439,33,19,14
213000440,5,258,-253
213000441,5,1,4
213000442,0,27,-27
213000443,313,233,80
213000444,37,31,6
213000445,1,65,-64
213000446,0,34,-34
213000447,6,46,-40
213000448,16,154,-138
213000449,464,7,457
213000450,12,26,-14
213000451,168,48,120
213000452,21,14,7
213000453,55,202,-147
213000455,389,14,375
213000456,1,441,-440
213000481,10,10,0
213000482,44,5,39
213000489,206,54,152
213000491,4,238,-234
213000492,168,3,165
213000493,0,113,-113
213000494,274,88,186
213000495,1,59,-58
213000496,368,117,251
213000497,42,193,-151
213000498,97,142,-45
213000499,198,322,-124
213000500,464,62,402
213000501,152,17,135
213000502,171,67,104
213000503,1,47,-46
213000504,13,66,-53
213000505,8,17,-9
213000506,0,18,-18
213000507,10,94,-84
213900244,23,0,23
213900245,0,13,-13
218000003,43,27,16
218000004,17,23,-6
218000005,32,29,3
218000006,41,65,-24
218000007,15,18,-3
218000012,113,126,-13
218000013,112,122,-10
218000014,410,308,102
218000019,629,502,127
218000020,299,329,-30
218000021,18,34,-16
218000022,7,8,-1
218000023,3,4,-1
218000024,3,4,-1
218000025,15,11,4
218000026,6,8,-2
218000027,0,1,-1
218000028,2,3,-1
218000029,0,3,-3
218000030,13,4,9
218000031,3,11,-8
218000032,0,3,-3
218000040,9,6,3
218000046,46,81,-35
218000047,12,117,-105
218000048,73,74,-1
218000049,91,91,0
218000050,316,229,87
218000051,65,184,-119
218000052,0,72,-72
218000053,1,21,-20
218000054,13,104,-91
218000055,4,42,-38
218000056,17,29,-12
218000057,8,29,-21
218000064,4,13,-9
218000065,98,29,69
218000066,15,33,-18
218000067,44,65,-21
218000068,103,46,57
218000069,296,105,191
218000070,191,187,4
218000071,197,117,80
218000072,229,183,46
218000078,844,487,357
218000079,134,57,77
218000080,149,54,95
218000081,447,149,298
218000082,60,83,-23
218000083,62,40,22
218000084,136,81,55
218000085,171,193,-22
218000086,108,82,26
218000087,164,85,79
218000090,6,78,-72
218000091,1127,477,650
218000092,81,109,-28
218000093,80,28,52
218000094,419,478,-59
218000099,216,591,-375
218000100,256,228,28
218000101,313,96,217
218000102,359,136,223
218000103,78,87,-9
218000104,83,23,60
218000105,23,27,-4
218000106,13,4,9
218000107,87,34,53
218000108,2,36,-34
218000112,42,41,1
218000117,48,60,-12
218000134,513,412,101
218000135,33,104,-71
218000136,168,174,-6
218000137,199,181,18
218000138,32,90,-58
218000139,224,255,-31
218000140,364,221,143
218000141,121,80,41
218000142,269,155,114
218000143,113,323,-210
218000144,60,106,-46
218000145,485,289,196
218000146,90,136,-46
218000151,5,11,-6
218000152,94,47,47
218000153,5,2,3
218000154,11,1,10
218000155,13,1,12
218000156,44,7,37
218000157,30,9,21
218000158,7,5,2
218000159,1,5,-4
218000160,5,5,0
218000161,13,5,8
218000162,16,2,14
218000163,8,3,5
218000164,28,8,20
218000165,33,16,17
218000170,1,35,-34
218000171,34,11,23
218000172,7,5,2
218000173,15,10,5
218000174,12,6,6
218000176,177,23,154
218000177,268,140,128
218000178,43,142,-99
218000179,94,73,21
218000180,85,32,53
218000181,177,36,141
218000187,9,29,-20
218000188,27,49,-22
218000189,27,75,-48
218000190,21,14,7
218000191,162,32,130
218000192,169,111,58
218000193,389,239,150
218000194,106,234,-128
218000195,121,50,71
218000196,357,225,132
218000197,374,262,112
218000198,32,80,-48
218000199,57,23,34
218000200,75,34,41
218000201,15,2,13
218000202,64,316,-252
218000207,4,8,-4
218000208,38,27,11
218000211,63,31,32
218000212,0,4,-4
218000213,91,123,-32
218000214,4,34,-30
218000215,26,45,-19
218000217,7,115,-108
218000218,152,67,85
218000219,13,23,-10
218000220,55,280,-225
218000221,401,144,257
218000222,10,30,-20
218000223,22,246,-224
218000224,7,83,-76
218000225,163,12,151
218000226,137,37,100
218000230,0,2,-2
218000232,38,46,-8
218000239,141,11,130
218000240,8,15,-7
218000241,32,2,30
218000242,45,3,42
218000243,31,9,22
218000244,59,5,54
218000245,20,5,15
218000246,1,0,1
218000247,1,0,1
218000248,1,22,-21
218000249,0,2,-2
218000250,2,8,-6
218000251,12,54,-42
218000252,5,85,-80
218000253,5,128,-123
218000254,2,52,-50
218000255,10,26,-16
218000256,7,106,-99
218000267,314,802,-488
218000268,14,26,-12
218000269,7,11,-4
218000270,104,30,74
218000271,17,37,-20
218000273,39,6,33
218000274,17,0,17
218000275,19,30,-11
218000276,13,21,-8
218000278,21,22,-1
218000279,109,56,53
218000280,9,31,-22
218000281,40,20,20
218000282,516,551,-35
218000284,56,5,51
218000301,75,152,-77
218000302,92,50,42
218000303,28,68,-40
218000316,753,771,-18
218000317,1498,752,746
218000318,778,559,219
218000319,1172,612,560
218000320,875,393,482
218000338,35,48,-13
218000345,64,55,9
218000346,24,137,-113
218000459,36,221,-185
218000490,25,64,-39
218000501,121,30,91
218000502,59,40,19
218000503,121,23,98
218000504,213,45,168
218000505,65,130,-65
218000506,38,244,-206
218000508,0,11,-11
218000510,180,19,161
218000520,108,76,32
218000521,5,37,-32
218000522,2,131,-129
218000523,231,7,224
218000524,19,416,-397
218000525,154,23,131
218000526,23,229,-206
218000529,44,87,-43
218000530,9,6,3
218000531,12,10,2
218000532,19,17,2
218000534,118,18,100
218000537,23,44,-21
218000538,101,226,-125
218000540,147,83,64
218000543,193,43,150
218000544,13,64,-51
218000545,62,75,-13
218000546,38,41,-3
218000547,62,161,-99
218000548,115,78,37
218000549,349,437,-88
218000550,157,256,-99
218000551,98,778,-680
218000552,247,71,176
218000553,75,167,-92
218000554,27,33,-6
218000555,20,53,-33
218000556,223,138,85
218000557,261,194,67
218000558,65,0,65
218000559,0,49,-49
218000560,0,43,-43
218000561,22,0,22
218000562,36,162,-126
218000563,222,23,199
218000564,6,155,-149
218000565,116,55,61
218000566,218,58,160
218000567,0,112,-112
218000568,71,5,66
218000569,17,290,-273
218000570,127,9,118
218000571,0,98,-98
218000572,165,2,163
218000573,22,317,-295
218000574,98,40,58
218000575,137,0,137
218000576,2,91,-89
218000577,82,1,81
218000578,2,104,-102
218000579,30,16,14
218000581,5,54,-49
218000582,28,10,18
218000583,5,0,5
218000584,0,24,-24
218000585,49,4,45
218000586,8,38,-30
218000587,3,0,3
218000588,3,7,-4
218000589,1,12,-11
218000590,3,2,1
218000591,0,5,-5
218000592,5,1,4
218000593,2,1,1
218000594,0,1,-1
218000597,0,0,0
218000598,0,0,0
218000599,1,0,1
218000600,0,0,0
218000601,0,0,0
218000602,0,2,-2
218000603,0,4,-4
218000604,2,0,2
218000605,0,33,-33
218000606,53,0,53
218000607,13,26,-13
218000608,54,15,39
218000609,8,34,-26
218000610,65,3,62
218000611,20,0,20
218000612,0,17,-17
218000613,31,2,29
218000614,1,21,-20
218000615,107,1,106
218000616,7,110,-103
218000617,34,0,34
218000618,0,28,-28
218000619,9,23,-14
218000620,6,17,-11
218000621,0,3,-3
218000622,0,6,-6
218000623,78,0,78
218000624,2,7,-5
218000625,11,0,11
218000626,2,15,-13
218000628,146,40,106
218000631,45,13,32
218000632,4,85,-81
218000633,199,3,196
218000634,6,22,-16
218000635,8,5,3
218000636,698,723,-25
218000637,1068,356,712
218000638,190,13,177
218000639,22,93,-71
218000640,222,14,208
218000641,40,136,-96
218000652,48,42,6
218000653,142,31,111
218000663,12,152,-140
218000675,166,72,94
218000676,4,8,-4
218000677,8,2,6
218000680,198,237,-39
218000681,386,175,211
218000691,225,135,90
218000693,326,156,170
218000703,4,10,-6
218000718,151,884,-733
218000719,260,611,-351
218000720,26,455,-429
218000721,207,47,160
218000725,4,2,2
218001147,1,90,-89
218001214,3,56,-53
218001258,200,2,198
218001329,106,139,-33
218001330,92,58,34
218001351,32,21,11
218001352,23,37,-14
218001353,5,4,1
218001354,14,33,-19
218001355,7,128,-121
218001356,384,22,362
218001357,51,108,-57
218001358,335,23,312
218001361,333,6,327
218001362,0,80,-80
219000001,38,30,8
219000002,52,33,19
219000003,44,32,12
219000004,41,33,8
219000017,80,18,62
219000020,116,27,89
219000022,179,3,176
219000023,72,1,71
219000029,0,53,-53
219000034,27,28,-1
219000039,68,97,-29
219000040,38,48,-10
219000041,173,20,153
219000051,0,56,-56
219000052,0,22,-22
219000053,0,48,-48
219000054,15,63,-48
219000055,228,0,228
219000056,9,0,9
219000057,75,0,75
219000062,18,63,-45
219000063,80,7,73
219000064,0,52,-52
219000110,342,117,225
219000111,130,54,76
219000112,172,62,110
219000113,170,45,125
219000114,185,40,145
219000116,79,56,23
219000117,111,53,58
219000118,136,42,94
219000123,207,59,148
219000124,76,44,32
219000125,18,4,14
219000126,66,107,-41
219000127,0,4,-4
219000128,13,77,-64
219000129,22,94,-72
219000130,249,453,-204
219000131,468,837,-369
219000133,33,46,-13
219000134,19,25,-6
219000135,22,49,-27
219000136,100,180,-80
219000138,59,20,39
219000139,27,30,-3
219000140,79,3,76
219000141,45,55,-10
219000142,26,37,-11
219000143,15,65,-50
219000145,25,46,-21
219000146,5,11,-6
219000147,3,33,-30
219000148,4,21,-17
219000149,10,32,-22
219000150,0,39,-39
219000151,2,19,-17
219000157,266,84,182
219000158,140,173,-33
219000161,99,11,88
219000163,949,435,514
219000166,87,158,-71
219000167,98,124,-26
219000168,262,98,164
219000174,439,146,293
219000175,102,1,101
219000176,164,7,157
219000177,51,2,49
219000178,40,0,40
219000179,27,7,20
219000180,40,32,8
219000182,129,9,120
219000183,47,25,22
219000184,103,19,84
219000185,2,23,-21
219000186,89,18,71
219000187,31,39,-8
219000189,56,129,-73
219000190,75,176,-101
219000191,405,1254,-849
219000192,171,111,60
219000193,160,125,35
219000195,0,56,-56
219000196,2,69,-67
219000198,17,47,-30
219000199,42,130,-88
219000200,33,77,-44
219000201,43,123,-80
219000203,30,106,-76
219000204,79,251,-172
219000205,43,169,-126
219000207,151,158,-7
219000209,30,68,-38
219000210,44,95,-51
219000213,7,104,-97
219000239,178,170,8
219000240,214,234,-20
219000241,114,98,16
219000242,93,100,-7
219000243,76,181,-105
219000244,23,79,-56
219000245,21,78,-57
219000246,37,68,-31
219000247,215,39,176
219000248,482,400,82
219000249,141,96,45
219000250,178,130,48
219000251,477,200,277
219000252,248,162,86
219000253,549,120,429
219000255,125,115,10
219000256,224,59,165
219000257,107,1,106
219000262,104,69,35
219000263,82,130,-48
219000267,0,45,-45
219000268,1,2,-1
219000269,4,5,-1
219000270,12,0,12
219000271,175,2,173
219000278,1,6,-5
219000279,1,2,-1
219000283,1,3,-2
219000295,8,66,-58
219000296,60,264,-204
219000297,10,73,-63
219000298,12,69,-57
219000299,418,39,379
219000300,20,124,-104
219000301,220,285,-65
219000302,37,219,-182
219000307,23,34,-11
219000308,53,47,6
219000311,182,51,131
219000312,578,135,443
219000313,355,46,309
219000314,69,227,-158
219000315,286,18,268
219000316,572,63,509
219000317,113,9,104
219000320,0,54,-54
219000321,2,13,-11
219000323,6,65,-59
219000325,2,7,-5
219000326,36,41,-5
219000327,42,22,20
219000328,33,39,-6
219000329,192,127,65
219000330,33,41,-8
219000331,47,41,6
219000332,141,81,60
219000333,33,3,30
219000335,62,1,61
219000337,14,1,13
219000338,62,1,61
219000344,10,55,-45
219000345,26,29,-3
219000346,30,65,-35
219000348,124,48,76
219000349,70,88,-18
219000350,87,182,-95
219000351,8,7,1
219000352,278,62,216
219000353,85,47,38
219000354,178,56,122
219000355,125,59,66
219000356,752,1355,-603
219000363,163,58,105
219000364,100,32,68
219000365,123,25,98
219000366,205,306,-101
219000368,300,521,-221
219000370,826,561,265
219000371,5,26,-21
219000382,15,22,-7
219000383,433,986,-553
219000385,384,392,-8
219000386,538,1412,-874
219000387,3,18,-15
219000390,8,2,6
219000391,4,1,3
219000397,34,48,-14
219000398,83,52,31
219000401,10,68,-58
219000402,28,65,-37
219000403,127,281,-154
219000404,17,101,-84
219000407,10,28,-18
219000409,55,54,1
219000410,116,46,70
219000411,82,19,63
219000446,102,275,-173
219000447,2,26,-24
219000448,5,8,-3
219000452,114,75,39
219000453,62,151,-89
219000454,227,249,-22
219000556,251,93,158
219000558,70,76,-6
219000590,20,101,-81
219000591,96,84,12
219000592,90,229,-139
219000595,1,18,-17
219000635,180,51,129
219000636,20,61,-41
219000657,46,13,33
219000658,13,90,-77
219000673,0,26,-26
219000676,10,1,9
219000679,25,6,19
219000684,62,5,57
219000685,1,30,-29
219000686,1,4,-3
219000688,0,52,-52
219000689,19,119,-100
219000690,148,17,131
219000691,41,166,-125
219000692,145,25,120
219000693,0,15,-15
219000694,14,1,13
219000695,41,1,40
219000698,17,0,17
219000699,0,24,-24
219000727,1,56,-55
219000728,46,1,45
219000770,47,3,44
219000771,6,28,-22
219000788,237,236,1
219001150,0,24,-24
219001151,0,4,-4
219001166,60,23,37
219001167,2,39,-37
219001178,73,2,71
220000001,34,63,-29
220000002,17,87,-70
220000003,263,117,146
220000004,279,278,1
220000005,693,1110,-417
220000006,155,501,-346
220000007,415,271,144
220000008,277,476,-199
220000009,242,247,-5
220000010,138,103,35
220000011,327,2218,-1891
220000012,61,205,-144
220000014,129,54,75
220000015,54,274,-220
220000017,98,182,-84
220000018,2825,1510,1315
220000019,78,306,-228
220000020,382,163,219
220000021,686,136,550
220000022,876,322,554
220000023,376,140,236
220000024,1391,340,1051
220000025,607,904,-297
220000026,320,294,26
220000027,25,80,-55
220000028,38,56,-18
220000029,39,81,-42
220000030,52,66,-14
220000031,426,312,114
220000064,25,580,-555
221000046,7,0,7
221000047,0,0,0
221000048,0,6,-6
221000049,0,9,-9
221000050,15,0,15
221000055,35,34,1
221000057,72,13,59
221000068,294,138,156
221000069,308,79,229
221000070,173,33,140
221000071,67,6,61
221000072,176,14,162
221000073,107,31,76
221000074,0,16,-16
221000075,23,34,-11
221000076,4,31,-27
221000077,27,72,-45
221000081,13,8,5
221000082,57,3,54
221000083,26,3,23
221000084,12,0,12
221000085,6,43,-37
221000086,15,75,-60
221000087,9,99,-90
221000088,10,99,-89
221000089,27,192,-165
221000090,95,401,-306
221000098,96,14,82
221000099,196,15,181
221000100,111,6,105
221000101,220,19,201
221000102,163,22,141
221000109,10,65,-55
221000110,17,59,-42
221000111,32,143,-111
221000112,9,94,-85
221000113,25,103,-78
221000114,4,80,-76
221000120,55,18,37
221000121,6,49,-43
221000122,61,51,10
221000123,17,13,4
221000124,19,85,-66
221000155,94,18,76
221000156,65,24,41
221000175,0,5,-5
221000176,0,8,-8
221000182,37,2,35
221000241,626,201,425
221000242,146,386,-240
221000243,617,111,506
221000244,213,413,-200
221000245,100,124,-24
221000246,64,218,-154
221000247,164,115,49
221000248,179,115,64
221000267,67,495,-428
221000325,78,42,36
221000331,10,25,-15
221000338,8,48,-40
221000378,196,42,154
221000381,70,39,31
222000282,8,1,7
222000296,3,35,-32
222000568,366,31,335
222000569,222,55,167
222000570,136,22,114
222000571,292,25,267
222000577,16,75,-59
222000578,34,111,-77
222000579,22,123,-101
222000580,58,599,-541
222000599,0,84,-84
222000600,3,212,-209
222000601,4,642,-638
222000603,24,39,-15
222000604,4,49,-45
222000605,39,33,6
222000606,4,11,-7
222000607,1,4,-3
222000608,31,28,3
222000609,47,90,-43
222000616,440,29,411
222000617,10,15,-5
222000618,2,29,-27
222000620,12,21,-9
222000621,37,41,-4
222000623,510,5,505
222000624,371,2,369
222000625,590,5,585
222000636,55,14,41
222000686,24,23,1
222000687,52,17,35
222001066,256,1,255
222001067,16,2,14
222001068,58,10,48
222001069,54,14,40
222001082,4,29,-25
222001083,16,32,-16
222001084,0,32,-32
222001085,0,92,-92
222001111,36,69,-33
222001112,141,22,119
222001313,48,3,45
222001314,12,102,-90
222001464,215,47,168
222001465,23,101,-78
222001484,148,44,104
222001485,23,62,-39
222001494,651,131,520
222001495,95,117,-22
222001496,367,111,256
222001497,93,182,-89
222001502,11,66,-55
222001503,107,25,82
222001504,24,213,-189
222001505,283,15,268
222001506,41,231,-190
222001507,211,32,179
222001510,511,24,487
222001511,43,234,-191
222001514,597,117,480
222001515,163,342,-179
222001518,338,48,290
222001519,47,114,-67
222001527,162,47,115
222001528,47,93,-46
222001529,323,25,298
222001530,36,120,-84
222001533,86,138,-52
222001534,302,42,260
222001535,226,224,2
222001536,58,108,-50
222001537,321,43,278
222001538,68,272,-204
222001563,973,102,871
222001564,58,289,-231
222001568,214,167,47
222001576,3,1,2
222001579,0,36,-36
222001583,12,72,-60
222001584,109,17,92
222001596,418,1033,-615
222001597,1461,331,1130
222001626,2,94,-92
222001650,89,156,-67
222001651,93,415,-322
222001914,195,46,149
222001915,52,153,-101
222001968,467,281,186
222001969,379,394,-15
222001970,148,180,-32
222001971,35,9,26
222001972,1,8,-7
225000001,389,170,219
225000002,626,128,498
225000003,621,67,554
225000004,384,155,229
225000005,100,61,39
225000006,0,115,-115
225000007,957,1014,-57
225000010,281,24,257
225000011,261,980,-719
225000012,162,516,-354
225000013,81,71,10
225000014,626,53,573
225000015,94,92,2
225000021,589,137,452
225000027,202,361,-159
225000032,503,89,414
225000042,51,434,-383
225000049,40,49,-9
225000050,85,13,72
225000053,6,178,-172
225000058,615,98,517
225000067,168,101,67
225000068,144,195,-51
225000069,94,351,-257
225000070,75,230,-155
225000071,42,86,-44
225000075,8,584,-576
225000076,61,98,-37
225000078,46,32,14
225000085,68,121,-53
225000086,287,84,203
225000087,180,22,158
225000088,9,158,-149
225000089,216,864,-648
225000090,32,383,-351
225000091,171,112,59
225000092,28,64,-36
225000093,172,184,-12
225000094,11,143,-132
225000095,240,221,19
225000096,282,242,40
225000098,742,253,489
225000099,396,144,252
225000100,405,121,284
225000104,114,322,-208
225000110,14,251,-237
225000111,175,623,-448
225000112,227,913,-686
225000113,157,410,-253
225000114,48,153,-105
225000115,931,486,445
225000116,1009,164,845
225000117,620,226,394
225000118,921,185,736
225000119,227,81,146
225000120,529,37,492
225000121,173,20,153
225000123,485,9,476
225000125,405,129,276
225000126,520,163,357
225000127,553,1303,-750
225000128,508,808,-300
225000132,265,26,239
225000133,172,29,143
225000134,580,119,461
225000135,59,10,49
225000136,305,14,291
225000137,201,26,175
225000138,353,76,277
225000143,30,115,-85
225000144,6,216,-210
225000145,47,22,25
225000146,41,54,-13
225000147,30,169,-139
225000148,2,108,-106
225000149,38,235,-197
225000151,22,105,-83
225000155,383,256,127
225000156,128,599,-471
225000157,161,225,-64
225000158,42,131,-89
225000171,2,104,-102
225000180,33,2,31
225000181,0,32,-32
225000182,97,10,87
225000185,2,308,-306
225000187,39,278,-239
225000191,68,3,65
225000194,0,10,-10
225000208,1,39,-38
225000209,99,13,86
225000210,3,163,-160
225000217,0,8,-8
225000218,7,2,5
225000223,0,68,-68
225000224,49,0,49
225000225,2,30,-28
225000226,60,1,59
225000227,21,57,-36
225000228,8,3,5
225000229,0,47,-47
225000230,8,0,8
225000231,0,36,-36
225000232,195,0,195
225000241,60,0,60
225000242,1,50,-49
225000249,2,0,2
225000250,43,386,-343
225000251,304,25,279
226000042,232,282,-50
226000043,46,214,-168
226000044,139,320,-181
226000045,54,216,-162
226000046,365,57,308
226000047,306,109,197
226000048,360,71,289
226000049,199,168,31
226000070,0,21,-21
226000071,0,68,-68
226000072,0,11,-11
226000073,0,3,-3
226000074,0,13,-13
226000084,2,24,-22
226000085,0,8,-8
226000086,8,16,-8
226000087,0,13,-13
226000088,13,20,-7
226000090,70,156,-86
226000091,10,30,-20
226000092,2,9,-7
226000093,54,4,50
226000094,7,4,3
226000095,15,3,12
226000105,15,1,14
226000106,6,0,6
226000107,12,0,12
226000108,11,0,11
226000109,106,0,106
226000124,116,91,25
226000134,735,367,368
226000135,1306,515,791
226000136,462,364,98
226000137,16,230,-214
226000138,14,104,-90
226000139,1,25,-24
226000156,200,11,189
226000157,177,17,160
226000163,70,51,19
226000202,13,200,-187
226000231,493,14,479
226000232,27,7,20
227000033,374,62,312
227000036,389,40,349
227000037,313,31,282
227000038,159,41,118
227000049,0,43,-43
227000050,0,64,-64
227000055,65,2,63
227000056,33,2,31
227000084,2,72,-70
227000085,2,49,-47
227000088,45,8,37
227000089,125,4,121
227000090,47,1,46
227000091,31,5,26
227000093,142,2,140
227000094,32,10,22
227000130,37,103,-66
227000131,17,157,-140
227000132,6,130,-124
227000133,9,121,-112
227000134,23,194,-171
227000152,0,9,-9
227000153,0,37,-37
227000155,4,26,-22
227000156,2,11,-9
227000165,7,80,-73
227000196,287,116,171
227000199,350,238,112
227000230,8,274,-266
227000232,520,22,498
227000242,80,345,-265
227000243,361,86,275
227000245,8,268,-260
227000246,89,303,-214
227000247,465,70,395
227000248,163,44,119
227000249,22,111,-89
227000250,378,186,192
227000251,91,209,-118
227000252,20,172,-152
227000253,162,14,148
227000262,350,32,318
227000266,1232,40,1192
227000267,29,935,-906
227000282,9,83,-74
227000284,532,12,520
227000286,1,58,-57
227000287,14,54,-40
227000291,9,273,-264
227000484,236,13,223
227000485,13,637,-624
227000655,138,4,134
227000656,522,25,497
227000657,76,4,72
227000661,325,25,300
227000680,132,59,73
229000265,13,28,-15
229000296,1,19,-18
229000297,1,22,-21
229000298,1,123,-122
229000320,13,5,8
229000321,12,2,10
229000412,10,54,-44
229000414,9,42,-33
229000415,23,1,22
229000416,0,4,-4
229000417,2,7,-5
229000419,84,320,-236
229000440,275,45,230
229000442,27,5,22
229000443,1,3,-2
229000444,2,21,-19
229000445,42,5,37
229000446,47,19,28
229000491,1,3,-2
229000492,6,34,-28
229000493,2,36,-34
229000494,9,2,7
229000495,39,6,33
229000496,14,0,14
229000507,0,39,-39
229000508,0,14,-14
229000509,0,23,-23
229000510,1,9,-8
229000511,2,25,-23
229000512,0,10,-10
229000513,0,3,-3
229000514,0,1,-1
229000517,1,2,-1
229000518,13,13,0
229000519,3,5,-2
229000520,10,18,-8
229000521,31,4,27
229000522,3,4,-1
229000523,8,4,4
229000524,4,0,4
229000527,0,1,-1
229000528,0,0,0
229000529,3,0,3
229000530,19,0,19
229000531,13,0,13
229000532,5,1,4
229000533,24,0,24
229000534,11,0,11
229000564,24,0,24
229000565,13,0,13
229000566,0,2,-2
229000567,0,14,-14
229000582,48,1,47
229000583,3,2,1
229000584,0,8,-8
229000585,2,23,-21
229000718,0,2,-2
229000719,0,1,-1
229000720,0,1,-1
229000721,0,0,0
229000722,0,2,-2
229000723,0,2,-2
229000724,0,2,-2
229000725,0,1,-1
229000738,1,0,1
229000739,0,0,0
229000740,0,0,0
229000741,1,0,1
229000742,0,0,0
229000743,1,0,1
229000744,0,0,0
229000745,0,0,0
229000746,3,0,3
229000847,49,0,49
229000848,25,0,25
229000849,116,0,116
229000851,29,0,29
229000854,0,6,-6
229000856,1,30,-29
229000857,0,15,-15
229000858,0,11,-11
229000919,14,69,-55
229000930,4,182,-178
229000937,102,7,95
229000966,43,9,34
229000981,30,24,6
229000985,29,28,1
229000986,4,3,1
229000987,1,1,0
229000988,3,3,0
229000989,15,3,12
229000990,0,2,-2
229000991,1,5,-4
229000992,5,7,-2
229000993,105,7,98
229000998,12,42,-30
229000999,48,7,41
229001034,0,6,-6
229001035,2,0,2
229001037,28,4,24
229001042,11,10,1
229001047,10,20,-10
229001050,40,45,-5
229001168,0,5,-5
229001200,9,0,9
229001338,1,14,-13
229001394,189,6,183
229001422,120,20,100
229001423,24,109,-85
229001431,50,34,16
229001432,63,50,13
229001444,144,16,128
229001445,19,113,-94
229001479,10,4,6
229001503,211,70,141
229001504,77,109,-32
229001505,115,30,85
229001506,72,81,-9
229001509,29,20,9
229001545,80,3,77
229001546,7,52,-45
229001553,80,12,68
229001554,20,48,-28
229001559,1,11,-10
229001560,4,16,-12
229001630,39,6,33
229001631,6,22,-16
229001635,1,14,-13
229001636,7,1,6
229001658,1,90,-89
229001659,48,2,46
229001660,17,4,13
229001661,16,19,-3
229001662,22,0,22
229001663,0,13,-13
229002584,159,101,58
229002831,101,171,-70
229002841,25,8,17
229002842,12,19,-7
229002843,39,6,33
229002844,57,40,17
229002845,19,66,-47
229002846,38,24,14
229002847,3,10,-7
229002848,12,7,5
229002849,2,79,-77
229002850,26,0,26
229002851,69,157,-88
229002852,200,29,171
229002853,102,19,83
229002854,51,47,4
229002855,11,37,-26
229002856,32,21,11
229002857,10,172,-162
229002858,15,26,-11
229002859,23,150,-127
229002860,212,20,192
229002861,54,16,38
229002862,35,12,23
229002863,20,5,15
229002864,33,28,5
229002865,23,11,12
229002866,14,13,1
229002867,2,26,-24
229002868,9,5,4
229002869,44,114,-70
229002870,96,11,85
235000066,289,70,219
235000067,116,66,50
235000072,41,72,-31
235000073,77,383,-306
235000074,36,44,-8
235000080,15,73,-58
235000081,113,74,39
235000082,258,36,222
235000083,196,52,144
235000084,47,44,3
235000085,162,84,78
235000089,20,17,3
235000092,30,142,-112
235000093,9,8,1
235000097,1,6,-5
235000098,57,9,48
235000099,18,16,2
235000116,48,18,30
235000117,528,18,510
235000133,8,526,-518
235000134,9,186,-177
235000206,18,18,0
235000207,6,3,3
235000208,8,2,6
235000209,7,2,5
235000210,10,2,8
235000212,4,17,-13
235000213,6,7,-1
235000220,10,1,9
235000221,39,28,11
235000238,10,140,-130
235000239,4,32,-28
235000242,272,902,-630
235000245,529,165,364
235000246,13,76,-63
235000284,9,191,-182
235000295,99,15,84
235000305,220,21,199
235000306,270,10,260
235000307,10,4,6
235000308,12,0,12
235000309,49,1,48
235000310,28,0,28
235000311,89,7,82
235000322,0,10,-10
235000323,0,40,-40
235000324,1,20,-19
235000325,0,9,-9
235000326,6,120,-114
235000351,4,80,-76
235000352,13,34,-21
235000353,7,19,-12
235000354,20,53,-33
235000355,16,66,-50
235000356,58,1,57
235000357,38,6,32
235000358,120,17,103
235000359,20,10,10
235000360,33,6,27
235000361,60,4,56
235000381,117,99,18
235000382,222,18,204
235000390,15,15,0
235000391,219,22,197
235000392,228,289,-61
235000393,185,149,36
235000395,158,34,124
235000396,467,65,402
235000400,86,94,-8
235000401,14,112,-98
235000405,115,181,-66
235000406,48,192,-144
235000407,38,65,-27
235000409,183,112,71
235000410,55,207,-152
235000411,0,54,-54
235000485,0,8,-8
235000486,12,1,11
235000549,80,60,20
235000550,142,142,0
235000599,198,58,140
235000600,17,18,-1
235000601,19,28,-9
235000602,93,47,46
235000614,2,7,-5
235000648,0,15,-15
235000649,49,4,45
235000685,0,7,-7
235000815,28,125,-97
235000834,0,11,-11
235000855,21,43,-22
235000862,40,75,-35
235000891,0,9,-9
235000892,4,0,4
235000901,56,72,-16
235000907,6,14,-8
235001010,82,48,34
235001029,373,307,66
235001030,474,174,300
235001078,101,94,7
235001079,43,58,-15
235001147,26,34,-8
235001166,18,37,-19
235001167,58,30,28
235001169,23,299,-276
235001188,2,12,-10
235001189,14,2,12
235001197,7,32,-25
235001200,54,52,2
235001207,449,41,408
235001210,98,111,-13
235001215,77,114,-37
235001239,6,43,-37
235001244,0,16,-16
235016267,0,39,-39
277101746,0,1,-1
277102712,4,0,4
277103813,0,0,0
277103814,0,0,0
277103898,0,0,0
277104249,0,3,-3
277104250,0,4,-4
277104251,0,5,-5
277104252,0,1,-1
990011530,0,164,-164
990014944,2,343,-341
990015176,58,0,58
990015618,0,101,-101
990016032,0,191,-191
990032570,1,25,-24
990070001,53,3,50
990070103,0,1,-1
990070601,0,49,-49
990070751,1001,3,998
990070766,0,241,-241
990071180,442,119,323
990071343,14,3,11
990071387,0,13,-13
990071823,293,3,290
990072600,4,1073,-1069
990072964,0,272,-272
990073285,0,0,0
990074393,4,570,-566
990074870,1316,34,1282
990075106,1160,17,1143
990075746,578,4,574
990076437,1306,5,1301
990076458,3,379,-376
997000007,665,13,652
997000041,0,176,-176
997000058,54,1,53
997000062,46,25,21
997000069,0,2,-2
997000070,0,12,-12
997000100,28,1,27
997000141,2,619,-617
997000198,244,1357,-1113
998000475,3,41,-38
998000736,2,103,-101
998000965,1,10,-9
998001031,0,48,-48
998001700,0,2,-2
998001899,0,0,0
998001900,5,0,5
998003073,908,22,886
998101900,0,0,0
998102850,0,233,-233
998501927,731,840,-109
998501929,100,5,95
998501930,56,0,56
998501931,119,4,115
998501932,5,2,3
998501933,45,2,43
998501937,11,0,11
998501944,5,0,5
998501950,1,10,-9
998501970,45,8,37
998501971,0,60,-60
998501973,0,14,-14
998501974,0,195,-195
998501975,113,25,88
998501976,169,0,169
998501977,1,14,-13
998501978,33,0,33
998501979,0,16,-16
998501980,27,0,27
998501981,47,13,34
998501982,0,46,-46
998501983,1,8,-7
998502006,0,0,0
998502024,0,10,-10
998502032,0,2,-2
998502062,19,0,19
998502063,0,0,0
998502173,32,0,32
998502269,0,2,-2
998502546,0,124,-124
998502578,5,2,3
998502599,95,242,-147
998601159,3,92,-89
998601292,0,13,-13
999033574,0,228,-228
999800001,30,1,29
999800002,0,2,-2
999800003,5,2,3
999800004,0,5,-5
999800005,0,11,-11
