ID,insum,outsum,diff
100000001,655,339,316
100000002,1034,544,490
100000003,5779,1353,4426
100000004,1693,589,1104
100000005,1632,1670,-38
100000006,258,65,193
100000007,758,258,500
100000008,148,490,-342
100000009,169,135,34
100000010,21,39,-18
100000011,574,62,512
100000012,59,562,-503
100000013,29,129,-100
100000014,278,272,6
100000015,1151,757,394
100000016,973,1014,-41
100000017,597,833,-236
100000018,1215,384,831
100000019,5010,1283,3727
100000020,1541,2266,-725
100000021,6010,1560,4450
100000022,1222,597,625
100000023,5892,634,5258
100000025,2723,310,2413
100000028,1667,620,1047
100000029,281,163,118
100000030,632,47,585
100000031,4557,3331,1226
100000032,2700,2085,615
100000033,561,1326,-765
100000034,730,203,527
100000035,1539,491,1048
100000036,2522,618,1904
100000037,279,321,-42
100000038,747,647,100
100000039,465,156,309
100000040,105,65,40
100000041,388,223,165
100000042,384,235,149
100000043,569,227,342
100000044,482,610,-128
100000045,419,1143,-724
100000046,519,1118,-599
100000047,206,669,-463
100000048,338,581,-243
100000049,1367,2253,-886
100000051,357,1043,-686
100000053,16,4,12
100000054,112,20,92
100000055,341,223,118
100000056,217,459,-242
100000057,1073,565,508
100000058,779,1190,-411
100000059,1,88,-87
100000060,239,225,14
100000061,960,435,525
100000062,1136,344,792
100000063,320,169,151
100000064,578,283,295
100000065,329,932,-603
100000066,136,820,-684
100000067,385,741,-356
100000068,424,1439,-1015
100000069,187,1575,-1388
100000072,393,916,-523
100000073,842,986,-144
100000075,401,327,74
100000076,1619,1101,518
100000077,633,70,563
100000078,99,18,81
100000079,32,32,0
100000080,8,9,-1
100000081,28,18,10
100000102,1769,1002,767
100000103,3387,539,2848
100000104,4574,800,3774
100000105,4404,341,4063
100000106,2320,915,1405
100000107,465,201,264
100000108,898,854,44
100000109,2938,864,2074
100000116,1052,371,681
100000117,16,43,-27
100000118,1079,638,441
100000119,430,371,59
100000121,154,543,-389
100000122,576,563,13
100000123,3364,3224,140
100000124,6942,3699,3243
100000125,2897,661,2236
100000126,612,198,414
100000127,1259,329,930
100000128,699,711,-12
100000129,377,291,86
100000130,298,552,-254
100000131,3770,1851,1919
100000132,1856,1018,838
100000133,8729,2208,6521
100000135,291,453,-162
100000139,145,208,-63
100000140,155,244,-89
100000142,332,550,-218
100000143,1590,902,688
100000144,3352,931,2421
100000147,671,1483,-812
100000150,13,419,-406
100000151,423,279,144
100000153,240,192,48
100000154,87,39,48
100000155,4,23,-19
100000156,26,82,-56
100000157,54,208,-154
100000158,63,110,-47
100000159,280,308,-28
100000165,1058,605,453
100000169,667,224,443
100000174,1725,321,1404
100000179,110,534,-424
100000180,748,961,-213
100000181,196,199,-3
100000188,67,308,-241
100000189,405,236,169
100000190,304,273,31
100000191,302,309,-7
100000192,132,53,79
100000193,87,117,-30
100000330,2033,434,1599
100000355,106,374,-268
100000362,4300,2853,1447
100000363,1476,2609,-1133
100000364,305,119,186
100000365,2540,3950,-1410
100000366,3387,1849,1538
100000367,2026,2582,-556
100000368,1762,1590,172
100000369,680,828,-148
100000370,70,271,-201
100000376,43,91,-48
100000379,2307,751,1556
100000380,2747,1131,1616
100000384,5188,1698,3490
100000385,5557,2098,3459
100000386,8890,2047,6843
100000387,7632,2195,5437
100000388,12345,2169,10176
100000389,10714,2416,8298
100000390,11512,1885,9627
100000391,6969,2221,4748
100000392,3144,788,2356
100000393,1239,939,300
100000394,5075,1937,3138
100000395,2680,786,1894
100000396,4299,1259,3040
100000397,2032,1255,777
100000398,9447,6635,2812
100000413,23,6,17
100900002,0,61,-61
100900003,134,38,96
100900004,16,562,-546
100900005,98,5,93
100900006,10,214,-204
100900007,262,6,256
100900008,1,377,-376
100900009,9,19,-10
100900010,20,147,-127
100900011,20,246,-226
100900012,3,266,-263
100900013,223,10,213
100900014,1,11,-10
100900015,83,91,-8
100900016,2,26,-24
100900017,313,44,269
100900018,0,16,-16
100900019,2,38,-36
100900020,173,0,173
100900021,348,1,347
100900022,7,12,-5
100900023,0,1,-1
100900024,704,2,702
100900025,34,9,25
100900026,25,113,-88
100900027,441,1294,-853
100900028,91,95,-4
100900029,78,7,71
100900030,2,5,-3
100900031,131,61,70
100900032,132,2,130
100900033,215,68,147
100900034,202,0,202
100900035,613,0,613
100900036,17,2,15
100900037,13,204,-191
100900038,20,6,14
100900039,360,616,-256
100900040,110,776,-666
100900041,269,825,-556
100900042,240,233,7
100900043,0,12,-12
100900044,2421,236,2185
100900045,35,0,35
100900046,580,4,576
100900047,752,51,701
100900048,40,9,31
100900049,35,198,-163
100900050,1,25,-24
100900051,20,37,-17
100900052,36,10,26
100900053,168,48,120
100900054,5,95,-90
100900055,145,279,-134
100900056,52,189,-137
100900057,315,249,66
100900058,103,23,80
100900059,36,3,33
100900060,53,9,44
100900061,230,160,70
100900062,1,35,-34
100900063,95,289,-194
100900064,272,5,267
100900065,41,51,-10
100900066,22,36,-14
100900067,0,8,-8
100900068,68,91,-23
100900069,260,0,260
100900070,87,21,66
100900071,522,177,345
100900072,1,79,-78
100900073,52,477,-425
100900074,0,12,-12
100900075,1910,201,1709
100900076,16,24,-8
100900077,2,130,-128
100900078,42,108,-66
100900079,3,36,-33
100900080,6,152,-146
100900081,10,44,-34
100900082,36,737,-701
100900083,1,50,-49
100900085,0,49,-49
100900086,86,290,-204
100900088,28,613,-585
100900089,1,34,-33
100900090,66,274,-208
100900091,1,12,-11
100900092,62,69,-7
100900093,50,132,-82
100900094,36,661,-625
100900095,2,23,-21
100900096,18,48,-30
100900097,3,4,-1
100900098,10,28,-18
100900099,28,496,-468
100900100,1,187,-186
100900101,261,16,245
100900102,1,11,-10
100900103,6,16,-10
100900104,17,105,-88
100900105,2,59,-57
100900106,33,4,29
100900107,1311,343,968
100900108,0,1,-1
100900109,11,25,-14
100900110,0,26,-26
100900111,35,94,-59
100900112,0,8,-8
100900113,6,12,-6
100900114,0,12,-12
100900115,2,16,-14
100900116,457,200,257
100900117,153,326,-173
100900118,7,44,-37
100900119,3,29,-26
100900120,1,21,-20
100900121,139,222,-83
100900122,100,203,-103
100900123,33,58,-25
100900124,2,8,-6
100900125,6,68,-62
100900126,70,123,-53
100900127,1,4,-3
100900128,67,80,-13
100900129,0,76,-76
100900131,27,58,-31
100900133,17,30,-13
100900134,1,4,-3
100900135,0,90,-90
100900137,295,134,161
100900138,319,184,135
100900139,0,10,-10
100900140,1,737,-736
100900141,0,242,-242
100900142,1,5,-4
100900143,830,196,634
100900144,3,3,0
100900145,7,73,-66
100900146,13,23,-10
100900147,5,160,-155
100900148,31,917,-886
100900149,21,64,-43
100900150,1,13,-12
100900151,70,429,-359
100900152,87,5,82
100900153,7,91,-84
100900154,0,21,-21
100900155,2,5,-3
100900156,27,2,25
100900157,8,72,-64
100900159,0,17,-17
100900160,8,13,-5
100900161,136,0,136
100900162,3,123,-120
100900163,118,173,-55
100900164,16,14,2
100900165,31,55,-24
100900166,19,0,19
100900167,25,64,-39
100900168,15,74,-59
100900169,129,854,-725
100900170,19,9,10
100900171,34,625,-591
100900172,0,16,-16
100900173,3,476,-473
100900174,216,52,164
100900176,948,37,911
100900177,725,136,589
100900178,143,97,46
100900179,75,19,56
100900180,0,6,-6
100900181,69,18,51
100900182,9,11,-2
100900184,1,109,-108
100900186,735,431,304
100900187,4,155,-151
100900188,23,6,17
100900189,443,80,363
100900191,787,448,339
100900192,165,107,58
100900195,49,98,-49
100900197,9,105,-96
100900198,22,170,-148
100900199,12,10,2
100900200,465,288,177
100900201,28,558,-530
100900202,6,0,6
100900203,2,66,-64
100900204,144,70,74
100900205,95,236,-141
100900206,23,34,-11
100900207,63,47,16
100900210,38,673,-635
100900211,219,43,176
100900213,9,13,-4
100900214,704,56,648
100900215,10,27,-17
100900217,106,19,87
101000001,3907,2103,1804
101000002,2697,1999,698
101000003,718,1142,-424
101000004,8271,4913,3358
101000005,4338,3424,914
101000006,7082,4592,2490
101000007,1819,1933,-114
101000008,2726,2067,659
101000009,924,1729,-805
101000010,676,1335,-659
101000011,1813,543,1270
101000012,1687,278,1409
101000013,436,612,-176
101000014,412,419,-7
101000015,720,739,-19
101000016,267,286,-19
101000017,428,355,73
101000018,3773,1953,1820
101000020,3472,760,2712
101000021,875,140,735
101000022,285,42,243
101000023,1471,539,932
101000025,137,195,-58
101000026,434,16,418
101000027,1104,1151,-47
101000028,699,106,593
101000029,20,575,-555
101000030,501,51,450
101000031,182,63,119
101000032,3813,1338,2475
101000033,2218,1480,738
101000034,2709,805,1904
101000035,1050,183,867
101000036,1538,275,1263
101000037,4929,752,4177
101000039,3574,797,2777
101000040,3819,1575,2244
101000041,8421,1911,6510
101000042,604,306,298
101000043,6831,1361,5470
101000045,972,224,748
101000046,1364,601,763
101000047,809,854,-45
101000048,546,742,-196
101000049,585,506,79
101000050,1865,350,1515
101000051,2588,604,1984
101000052,1410,331,1079
101000053,900,1276,-376
101000054,1549,1483,66
101000055,1396,524,872
101000056,33,53,-20
101000057,2633,356,2277
101000058,1955,440,1515
101000059,3270,1045,2225
101000060,1719,181,1538
101000061,1237,572,665
101000062,1516,223,1293
101000063,420,269,151
101000064,1135,251,884
101000065,164,253,-89
101000066,274,153,121
101000067,550,264,286
101000068,215,164,51
101000069,237,32,205
101000070,1433,524,909
101000071,1701,559,1142
101000072,892,2289,-1397
101000073,607,396,211
101000074,4180,1812,2368
101000075,5998,2410,3588
101000077,944,927,17
101000078,831,1305,-474
101000079,344,670,-326
101000080,412,411,1
101000081,970,846,124
101000082,2740,2059,681
101000083,1246,1161,85
101000084,1012,1197,-185
101000085,1186,765,421
101000086,1078,776,302
101000087,778,1126,-348
101000088,690,591,99
101000089,638,937,-299
101000090,2216,1560,656
101000091,296,1559,-1263
101000092,700,1082,-382
101000093,1139,659,480
101000094,477,987,-510
101000095,141,703,-562
101000096,204,504,-300
101000097,199,217,-18
101000098,327,531,-204
101000099,927,1004,-77
101000100,843,489,354
101000101,275,304,-29
101000102,576,204,372
101000103,695,342,353
101000104,182,249,-67
101000105,919,156,763
101000106,589,416,173
101000107,108,226,-118
101000108,1071,275,796
101000109,98,34,64
101000110,17,577,-560
101000111,91,196,-105
101000113,113,297,-184
101000114,1674,851,823
101000115,118,100,18
101000116,65,134,-69
101000117,304,323,-19
101000119,161,19,142
101000120,223,7,216
101000121,59,12,47
101000122,57,50,7
101000123,40,29,11
101000124,247,269,-22
101000125,153,318,-165
101000128,787,370,417
101000130,235,160,75
101000131,407,604,-197
101000132,253,1458,-1205
101000135,59,10,49
101000136,215,63,152
101000137,54,159,-105
101000141,2312,1092,1220
101000147,699,525,174
101000148,2374,18,2356
101000149,101,40,61
101000150,27,917,-890
101000151,51,34,17
101000152,255,252,3
101000153,485,405,80
101000154,83,1527,-1444
101000155,91,102,-11
101000156,14,211,-197
101000157,34,22,12
101000160,49,79,-30
101000163,99,77,22
101000164,533,328,205
101000165,186,268,-82
101000166,220,341,-121
101000168,549,253,296
101000252,956,470,486
101000254,330,10,320
101000258,53,11,42
101000261,93,103,-10
101000262,494,829,-335
101000263,144,380,-236
101000265,36,523,-487
101000266,180,214,-34
101000269,100,12,88
101000290,1749,1437,312
101000293,11,91,-80
101000294,405,434,-29
101000295,123,418,-295
101000301,709,138,571
101000304,1573,1930,-357
101000305,1996,1442,554
101000328,71,266,-195
101900001,9,93,-84
101900002,0,22,-22
101900003,70,79,-9
101900004,2,45,-43
101900005,4559,576,3983
101900006,619,13,606
101900007,353,33,320
101900008,80,205,-125
101900009,29,271,-242
101900010,964,358,606
101900011,239,1023,-784
101900012,92,154,-62
101900013,1034,101,933
101900017,13,81,-68
101900018,1931,130,1801
101900019,133,64,69
101900020,59,73,-14
101900021,1,22,-21
101900022,33,1225,-1192
101900023,39,248,-209
101900026,60,30,30
101900027,13,88,-75
102000001,1655,3011,-1356
102000002,2480,1105,1375
102000003,3086,3035,51
102000004,8070,1758,6312
102000005,1244,1589,-345
102000006,1748,1097,651
102000007,1273,2770,-1497
102000008,5674,1416,4258
102000009,5028,5545,-517
102000010,5609,2702,2907
102000011,1968,1730,238
102000012,2762,2883,-121
102000018,2834,1702,1132
102000019,2179,1140,1039
102000026,196,359,-163
102000029,374,153,221
102000030,51,203,-152
102000031,14,173,-159
102000032,179,303,-124
102000033,84,401,-317
102000034,402,298,104
102000035,804,461,343
102000036,5,114,-109
102000037,131,66,65
102000038,99,69,30
102000039,72,33,39
102000040,484,61,423
102000041,114,155,-41
102000042,86,70,16
102000043,172,127,45
102000044,193,424,-231
102000045,504,853,-349
102000046,585,305,280
102000047,529,1004,-475
102000048,98,623,-525
102000049,589,428,161
102000050,761,843,-82
102000051,245,427,-182
102000052,852,707,145
102000053,471,670,-199
102000054,179,657,-478
102000055,481,896,-415
102000056,367,1267,-900
102000057,908,445,463
102000058,822,1831,-1009
102000059,916,1209,-293
102000060,798,750,48
102000061,931,2426,-1495
102000062,723,1153,-430
102000063,958,1313,-355
102000064,340,492,-152
102000065,22,118,-96
102000066,1741,962,779
102000067,2353,2231,122
102000068,8128,2229,5899
102000069,42,1466,-1424
102000070,2230,56,2174
102000071,6456,8169,-1713
102000072,2766,4189,-1423
102000073,453,1010,-557
102000074,324,798,-474
102000075,171,267,-96
102000076,246,379,-133
102000077,248,1081,-833
102000078,599,845,-246
102000079,42,237,-195
102000080,98,209,-111
102000081,193,792,-599
102000082,602,269,333
102000083,185,620,-435
102000084,129,369,-240
102000085,1269,1193,76
102000086,789,1101,-312
102000087,451,2019,-1568
102000088,172,255,-83
102000089,587,496,91
102000090,340,1042,-702
102000091,1170,437,733
102000092,449,760,-311
102000093,649,510,139
102000094,856,356,500
102000095,638,668,-30
102000096,697,374,323
102000097,737,677,60
102000098,409,481,-72
102000099,455,374,81
102000100,875,392,483
102000101,1008,183,825
102000102,392,1287,-895
102000103,982,248,734
102000104,900,349,551
102000105,115,785,-670
102000106,357,901,-544
102000107,495,463,32
102000108,423,205,218
102000109,226,513,-287
102000110,371,1443,-1072
102000111,7,253,-246
102000112,96,53,43
102000113,8,27,-19
102000114,882,267,615
102000115,166,105,61
102000116,489,240,249
102000117,271,411,-140
102000118,1485,848,637
102000119,2452,401,2051
102000120,63,361,-298
102000121,829,368,461
102000122,345,635,-290
102000123,1206,618,588
102000124,744,735,9
102000125,891,670,221
102000126,410,471,-61
102000127,839,486,353
102000128,405,907,-502
102000129,847,835,12
102000130,367,524,-157
102000131,978,462,516
102000132,477,396,81
102000133,790,2312,-1522
102000134,348,504,-156
102000135,915,442,473
102000136,846,296,550
102000137,758,522,236
102000138,181,342,-161
102000139,60,300,-240
102000140,269,153,116
102000141,147,442,-295
102000142,104,324,-220
102000143,47,431,-384
102000144,64,443,-379
102000145,167,376,-209
102000146,186,262,-76
102000147,179,238,-59
102000148,122,163,-41
102000149,97,614,-517
102000150,208,178,30
102000151,75,320,-245
102000152,112,159,-47
102000153,654,190,464
102000154,376,551,-175
102000155,62,177,-115
102000156,354,40,314
102000157,51,116,-65
102000158,377,216,161
102000159,1268,142,1126
102000161,4063,1044,3019
102000162,175,90,85
102000163,98,283,-185
102000164,1091,504,587
102000165,245,92,153
102000166,28,60,-32
102000167,148,153,-5
102000168,174,108,66
102000169,57,370,-313
102000170,554,105,449
102000171,111,64,47
102000172,35,170,-135
102000173,240,170,70
102000174,38,33,5
102000175,76,116,-40
102000176,20,34,-14
102000178,275,562,-287
102000179,181,177,4
102000180,325,515,-190
102000181,334,635,-301
102000182,305,641,-336
102000183,856,1739,-883
102000184,794,829,-35
102000185,1127,1644,-517
102000186,576,1729,-1153
102000187,509,1645,-1136
102000188,479,1200,-721
102000189,2078,782,1296
102000190,408,1687,-1279
102000191,1223,541,682
102000192,647,1022,-375
102000193,33,205,-172
102000194,50,175,-125
102000195,215,486,-271
102000196,107,598,-491
102000197,222,492,-270
102000198,90,833,-743
102000199,284,332,-48
102000200,168,1138,-970
102000201,273,434,-161
102000202,0,144,-144
102000203,108,250,-142
102000204,207,946,-739
102000205,470,670,-200
102000206,379,655,-276
102000207,629,538,91
102000208,165,495,-330
102000209,41,44,-3
102000210,109,527,-418
102000211,206,432,-226
102000212,57,17,40
102000213,0,328,-328
102000214,85,17,68
102000215,1,474,-473
102000216,20,22,-2
102000217,3,192,-189
102000218,81,31,50
102000219,282,338,-56
102000225,789,725,64
102000226,4120,400,3720
102000227,48,2,46
102000228,0,72,-72
102000229,33,10,23
102000230,234,673,-439
102000231,159,372,-213
102000232,5,121,-116
102000233,300,510,-210
102000234,72,1290,-1218
102000236,284,67,217
102000237,471,145,326
102000238,121,296,-175
102000240,790,466,324
102000241,201,99,102
102000243,16,31,-15
102000245,31,193,-162
102000246,40,22,18
102000247,2033,1019,1014
102000248,710,591,119
102000249,60,138,-78
102000250,27,384,-357
102000254,43,403,-360
102000266,41,160,-119
102000271,13,0,13
102000286,343,208,135
102000297,1272,671,601
102000301,0,0,0
102000303,0,0,0
102000307,0,0,0
102900001,873,763,110
102900002,269,16,253
102900003,29,327,-298
102900005,178,282,-104
102900006,323,169,154
102900007,400,15,385
102900008,149,72,77
102900009,423,132,291
102900010,506,554,-48
102900011,1719,180,1539
102900012,309,41,268
102900013,5,74,-69
102900015,612,134,478
102900016,26,129,-103
102900017,100,618,-518
102900018,8,138,-130
102900019,166,428,-262
102900020,19,49,-30
102900021,6,126,-120
102900022,224,35,189
102900023,9,45,-36
102900024,8,43,-35
102900025,252,101,151
102900026,434,1019,-585
102900027,23,45,-22
102900028,46,285,-239
102900029,90,77,13
102900030,241,125,116
102900031,60,124,-64
102900032,7,127,-120
102900033,66,176,-110
102900034,96,120,-24
102900035,52,451,-399
102900036,98,589,-491
102900037,112,719,-607
102900038,261,503,-242
102900039,12,292,-280
102900040,65,136,-71
102900041,32,147,-115
102900042,73,282,-209
102900043,51,251,-200
102900044,382,1617,-1235
102900045,36,413,-377
102900046,42,283,-241
102900047,48,578,-530
102900048,387,666,-279
102900049,55,305,-250
102900050,201,353,-152
102900051,139,156,-17
102900053,181,613,-432
102900054,561,451,110
102900055,54,86,-32
102900056,120,389,-269
102900057,2,26,-24
102900058,230,38,192
102900059,10,33,-23
102900060,52,309,-257
102900061,59,333,-274
102900062,68,1262,-1194
102900063,471,346,125
102900064,135,373,-238
102900065,1354,457,897
102900066,254,30,224
102900068,39,66,-27
102900070,77,632,-555
102900072,6,16,-10
102900073,99,3,96
102900075,14,16,-2
102900076,267,41,226
102900077,29,38,-9
102900078,23,63,-40
102900079,187,7,180
102900080,205,18,187
102900081,54,186,-132
102900082,16,170,-154
102900083,380,2,378
102900084,5,12,-7
102900085,110,30,80
102900086,9,26,-17
102900087,44,102,-58
102900088,12,32,-20
102900089,225,94,131
102900090,2,349,-347
102900091,52,4,48
102900092,94,751,-657
102900094,0,55,-55
102900095,73,3,70
102900096,11,4,7
102900097,92,195,-103
103000001,1636,2283,-647
103000002,1541,1798,-257
103000003,2763,2183,580
103000004,825,582,243
103000005,1785,1913,-128
103000006,432,1098,-666
103000007,345,729,-384
103000008,782,876,-94
103000009,558,643,-85
103000010,137,100,37
103000011,1626,815,811
103000012,887,1179,-292
103000013,5723,1634,4089
103000014,1026,1136,-110
103000015,2205,698,1507
103000016,545,600,-55
103000017,79,208,-129
103000018,890,334,556
103000019,146,145,1
103000020,1275,1049,226
103000021,1093,1092,1
103000022,770,997,-227
103000023,331,969,-638
103000024,83,140,-57
103000025,40,272,-232
103000026,1600,137,1463
103000027,173,261,-88
103000028,727,313,414
103000029,402,119,283
103000030,1657,464,1193
103000031,1365,1047,318
103000032,1563,1499,64
103000033,2024,1923,101
103000034,1382,826,556
103000035,337,854,-517
103000036,348,394,-46
103000037,706,405,301
103000038,411,637,-226
103000039,195,435,-240
103000040,161,1044,-883
103000041,1217,2708,-1491
103000042,495,656,-161
103000043,237,1149,-912
103000044,91,305,-214
103000046,128,229,-101
103000047,321,676,-355
103000048,96,86,10
103000049,72,217,-145
103000050,462,615,-153
103000051,263,482,-219
103000052,486,378,108
103000053,93,310,-217
103000054,1322,870,452
103000055,1073,1290,-217
103000056,441,2330,-1889
103000057,441,306,135
103000058,269,815,-546
103000059,252,643,-391
103000060,499,707,-208
103000061,274,713,-439
103000062,864,789,75
103000063,410,502,-92
103000064,91,238,-147
103000065,3,355,-352
103000066,67,5,62
103000069,107,353,-246
103000070,529,1121,-592
103000071,510,336,174
103000072,85,787,-702
103000073,197,78,119
103000074,361,59,302
103000075,85,729,-644
103000076,185,145,40
103000077,35,272,-237
103000078,1333,255,1078
103000079,1074,355,719
103000080,1326,131,1195
103000081,459,561,-102
103000082,304,118,186
103000083,56,285,-229
103000084,196,8,188
103000085,4,86,-82
103000086,624,189,435
103000087,101,277,-176
103000088,319,264,55
103000089,136,252,-116
103000090,1289,874,415
103000091,411,303,108
103000092,172,295,-123
103000093,179,426,-247
103000094,131,96,35
103000095,20,336,-316
103000096,691,73,618
103000097,33,555,-522
103000098,945,135,810
103000099,356,524,-168
103000100,56,705,-649
103000101,392,108,284
103000102,76,626,-550
103000103,362,195,167
103000104,44,162,-118
103000105,48,105,-57
103000106,8,84,-76
103000107,173,43,130
103000108,476,448,28
103000109,286,269,17
103000110,370,306,64
103000111,426,231,195
103000112,203,224,-21
103000113,491,480,11
103000114,642,226,416
103000115,256,431,-175
103000116,271,430,-159
103000117,106,453,-347
103000118,979,939,40
103000119,1650,596,1054
103000120,28,70,-42
103000121,328,488,-160
103000122,294,193,101
103000125,5,523,-518
103000126,190,5,185
103000127,0,276,-276
103000128,64,1,63
103000129,0,140,-140
103000130,29,13,16
103000131,182,78,104
103000132,58,82,-24
103000133,8,125,-117
103000134,712,396,316
103000135,711,176,535
103000136,741,266,475
103000137,542,438,104
103000138,737,462,275
103000139,1,52,-51
103000140,167,26,141
103000141,20,75,-55
103000142,112,45,67
103000143,26,152,-126
103000144,126,49,77
103000145,10,27,-17
103000150,36,48,-12
103000152,210,175,35
103000153,133,117,16
103000156,1,484,-483
103000157,141,1,140
103000159,104,83,21
103000162,73,40,33
103000163,12,16,-4
103000164,23,13,10
103000165,112,403,-291
103000166,103,131,-28
103000167,157,112,45
103000168,43,150,-107
103000169,101,233,-132
103000170,366,444,-78
103000171,31,64,-33
103000172,154,268,-114
103000173,155,736,-581
103000174,96,254,-158
103000175,103,441,-338
103000176,542,225,317
103000177,572,376,196
103000178,354,219,135
103000179,51,19,32
103000183,53,43,10
103000185,57,61,-4
103000186,49,161,-112
103000187,144,617,-473
103000188,17,73,-56
103000189,724,819,-95
103000191,619,645,-26
103000292,2217,598,1619
103000293,1256,813,443
103000295,107,55,52
103000296,131,2,129
103000297,32,9,23
103000504,74,7,67
103000505,12,11,1
103000506,2,158,-156
103000507,66,1,65
103000508,53,21,32
103000509,160,458,-298
103900001,7,333,-326
103900002,1755,125,1630
103900003,1359,66,1293
103900004,23,15,8
103900005,1,241,-240
103900006,0,0,0
103900007,22,7,15
103900008,1,3,-2
103900009,145,199,-54
103900010,109,201,-92
103900011,71,188,-117
103900012,4,7,-3
103900013,7,59,-52
103900014,51,27,24
103900015,17,21,-4
103900016,145,258,-113
103900017,13,87,-74
103900018,696,110,586
103900019,37,141,-104
103900020,84,203,-119
103900021,712,41,671
103900022,619,605,14
103900023,42,0,42
103900024,74,471,-397
103900025,0,25,-25
103900026,106,0,106
103900027,330,197,133
103900028,6,157,-151
103900029,554,90,464
103900030,80,19,61
103900031,4,0,4
103900032,29,16,13
103900033,32,2,30
103900034,9,233,-224
103900035,13,42,-29
103900036,25,18,7
103900037,45,26,19
103900038,46,107,-61
103900039,30,419,-389
103900040,4,220,-216
103900041,10,26,-16
103900042,26,392,-366
103900043,55,106,-51
103900044,168,102,66
103900045,140,133,7
103900047,33,18,15
103900048,26,19,7
103900049,195,1073,-878
103900050,2,63,-61
103900051,0,19,-19
103900052,100,557,-457
103900053,58,853,-795
103900054,24,572,-548
103900055,237,186,51
103900056,22,33,-11
103900057,5,229,-224
103900058,58,743,-685
103900059,0,1,-1
103900060,33,180,-147
103900061,43,42,1
103900062,98,44,54
103900063,3,0,3
103900064,34,0,34
103900065,712,233,479
103900066,29,2,27
103900067,59,3,56
103900068,1,0,1
103900069,30,3,27
103900070,58,209,-151
103900071,15,180,-165
103900072,1,277,-276
103900073,21,4,17
103900074,24,106,-82
103900075,90,98,-8
103900076,128,714,-586
103900077,33,33,0
103900078,68,102,-34
103900079,89,180,-91
103900080,8,23,-15
103900081,103,13,90
103900082,4,51,-47
103900083,1794,259,1535
103900084,14,78,-64
103900085,73,100,-27
103900086,177,186,-9
103900088,368,152,216
103900089,39,173,-134
103900090,1,226,-225
103900091,735,204,531
103900092,173,502,-329
103900093,85,341,-256
103900094,8,137,-129
103900095,115,150,-35
103900096,8,319,-311
103900097,4,545,-541
103900098,95,54,41
103900099,13,233,-220
103900100,64,336,-272
103900101,41,812,-771
103900102,0,17,-17
103900104,0,32,-32
103900105,82,139,-57
103900106,1,15,-14
103900107,16,169,-153
103900108,17,422,-405
103900109,28,99,-71
103900110,121,34,87
103900111,22,701,-679
103900112,5,44,-39
103900113,144,152,-8
103900114,468,277,191
103900115,163,51,112
103900116,6113,965,5148
103900117,268,108,160
103900119,25,40,-15
103900120,20,84,-64
103900122,24,354,-330
103900123,1289,427,862
103900124,29,695,-666
103900125,72,94,-22
103900126,214,449,-235
103900127,41,630,-589
103900128,23,196,-173
103900131,7,108,-101
103900133,590,69,521
103900134,0,2,-2
103900135,42,6,36
103900137,1,62,-61
103900138,21,383,-362
103900139,160,683,-523
103900140,1,30,-29
103900141,162,45,117
103900142,37,154,-117
103900143,14,1,13
103900144,0,84,-84
103900145,100,258,-158
103900146,150,232,-82
103900147,144,83,61
103900148,64,157,-93
103900149,55,707,-652
103900150,6482,1366,5116
103900151,9,139,-130
103900152,199,686,-487
103900153,2,1,1
103900154,992,603,389
103900155,7,259,-252
103900156,8,153,-145
103900157,12,211,-199
103900158,24,191,-167
103900159,39,47,-8
103900160,15,15,0
103900161,47,132,-85
103900162,41,127,-86
103900163,1,346,-345
103900167,5,50,-45
103900168,26,138,-112
103900169,5,19,-14
103900170,1,80,-79
103900171,4,77,-73
103900172,7,26,-19
103900173,5,7,-2
103900174,36,28,8
103900175,26,31,-5
103900176,8,6,2
103900177,2,22,-20
103900178,19,75,-56
103900179,9,142,-133
103900180,3,91,-88
103900181,42,35,7
103900182,12,17,-5
103900184,493,22,471
103900185,174,78,96
103900187,63,25,38
103900188,20,3,17
103900189,71,2,69
103900190,29,37,-8
103900191,14,25,-11
103900192,11,45,-34
103900193,128,94,34
103900194,11,304,-293
103900195,1,17,-16
103900196,9,15,-6
103900197,1,24,-23
103900198,13,42,-29
103900199,70,99,-29
103900200,92,115,-23
103900201,29,143,-114
103900202,4,35,-31
103900203,11,12,-1
103900204,4,121,-117
103900207,0,104,-104
103900208,12,2,10
103900209,4,103,-99
103900210,6,25,-19
103900211,250,509,-259
103900212,29,434,-405
103900213,112,216,-104
103900214,164,50,114
103900215,724,228,496
103900216,10,375,-365
103900217,241,27,214
103900218,1,184,-183
103900219,39,289,-250
103900233,60,3,57
103900235,18,14,4
103900236,23,1,22
103900242,8,7,1
103900243,1,5,-4
103900244,25,270,-245
103900245,41,214,-173
103900246,34,26,8
103900247,30,102,-72
103900248,2,42,-40
103900249,5,6,-1
103900250,15,13,2
103900251,3,17,-14
103900253,15,15,0
103900254,4,12,-8
103900255,4,2,2
103900256,18,12,6
103900257,53,48,5
103900258,18,0,18
103900259,82,4,78
103900261,4,1,3
103900262,8,1,7
103900263,44,31,13
103900264,66,3,63
103900265,87,7,80
103900266,7,64,-57
103900267,1,39,-38
103900268,0,126,-126
103900269,67,51,16
103900270,13,126,-113
103900271,38,193,-155
103900272,59,73,-14
103900273,16,56,-40
103900274,14,9,5
103900275,22,14,8
103900276,5,75,-70
103900277,4,81,-77
103900278,12,37,-25
103900279,2,15,-13
103900280,0,161,-161
104000001,1561,1853,-292
104000002,1142,2264,-1122
104000003,2000,1841,159
104000004,3035,2225,810
104000005,802,1619,-817
104000006,2323,2567,-244
104000007,3196,3156,40
104000008,180,567,-387
104000009,88,138,-50
104000010,114,167,-53
104000011,611,450,161
104000012,117,475,-358
104000013,86,114,-28
104000014,173,662,-489
104000015,177,178,-1
104000016,361,404,-43
104000018,377,110,267
104000019,345,103,242
104000020,173,941,-768
104000021,236,670,-434
104000022,110,311,-201
104000023,306,241,65
104000024,182,292,-110
104000026,47,236,-189
104000027,189,375,-186
104000028,195,237,-42
104000029,407,620,-213
104000030,153,237,-84
104000031,460,209,251
104000032,201,348,-147
104000033,354,297,57
104000034,203,408,-205
104000035,385,404,-19
104000036,326,589,-263
104000037,206,304,-98
104000038,184,299,-115
104000039,92,416,-324
104000040,460,426,34
104000041,349,267,82
104000042,168,448,-280
104000043,197,403,-206
104000044,169,837,-668
104000045,580,1128,-548
104000046,1254,1392,-138
104000047,683,1282,-599
104000048,912,1931,-1019
104000049,240,264,-24
104000050,133,480,-347
104000051,67,675,-608
104000052,727,1197,-470
104000053,615,594,21
104000054,372,503,-131
104000055,3507,2645,862
104000056,1286,122,1164
104000057,88,483,-395
104000058,497,615,-118
104000059,355,945,-590
104000060,495,822,-327
104000061,717,1161,-444
104000062,125,192,-67
104000064,656,263,393
104000065,99,335,-236
104000069,1357,521,836
104000070,59,243,-184
104000071,93,333,-240
104000072,559,222,337
104000075,39,163,-124
104000076,378,30,348
104000082,1799,1989,-190
104000083,705,216,489
104000084,92,390,-298
104000085,186,192,-6
104000086,127,329,-202
104000087,438,834,-396
104000090,490,1426,-936
104000092,536,2578,-2042
104000094,637,2148,-1511
104000095,1126,1244,-118
104000096,867,321,546
104000097,1024,980,44
104000098,959,1318,-359
104000100,878,625,253
104000101,752,2267,-1515
104000106,53,486,-433
104000107,379,598,-219
104000108,307,460,-153
104000109,229,71,158
104000110,876,788,88
104000111,4512,1275,3237
104000112,2303,467,1836
104000116,3,1115,-1112
104000117,49,919,-870
104000118,270,223,47
104000119,261,232,29
104000120,108,881,-773
104000121,161,629,-468
104000122,394,593,-199
104000123,852,1587,-735
104000124,1454,2779,-1325
104000125,4010,2253,1757
104000126,172,371,-199
104000127,1516,4207,-2691
104000128,817,500,317
104000129,407,32,375
104000130,15,257,-242
104000131,999,815,184
104000132,588,953,-365
104000133,939,718,221
104000134,659,1118,-459
104000135,328,727,-399
104000136,781,1558,-777
104000137,1477,205,1272
104000138,1107,372,735
104000139,8180,2879,5301
104000141,1321,1961,-640
104000142,538,980,-442
104000143,367,818,-451
104000144,31,219,-188
104000145,373,130,243
104000146,389,582,-193
104000147,65,356,-291
104000148,139,143,-4
104000149,197,439,-242
104000150,369,363,6
104000151,217,708,-491
104000152,337,688,-351
104000153,140,319,-179
104000154,1028,691,337
104000155,254,428,-174
104000157,1035,1723,-688
104000158,198,225,-27
104000159,448,308,140
104000160,1249,985,264
104000161,149,172,-23
104000162,36,67,-31
104000165,1243,934,309
104000167,400,416,-16
104000168,430,4,426
104000169,37,48,-11
104000170,778,257,521
104000248,176,686,-510
104000251,37,356,-319
104000272,0,0,0
104000273,0,0,0
104000274,0,0,0
104000275,0,0,0
104000279,578,515,63
104000290,36,323,-287
104000291,533,967,-434
104000293,510,539,-29
104000294,5,0,5
104000295,407,656,-249
104000296,213,662,-449
104000297,639,1270,-631
104000298,1714,733,981
104000299,444,1111,-667
104900001,60,353,-293
104900002,19,58,-39
104900003,31,341,-310
104900004,50,336,-286
104900005,106,131,-25
104900006,106,59,47
104900007,124,199,-75
104900009,70,459,-389
104900010,8,11,-3
104900011,5,7,-2
104900012,97,14,83
104900013,46,3,43
104900014,3457,224,3233
104900015,78,1,77
104900016,89,269,-180
104900017,55,136,-81
104900018,1,167,-166
104900019,204,869,-665
104900020,38,239,-201
104900021,1,256,-255
104900022,9,136,-127
104900023,1,183,-182
104900024,6,83,-77
104900025,37,346,-309
104900026,0,132,-132
104900027,153,170,-17
104900028,14,85,-71
104900029,31,67,-36
104900030,266,110,156
104900031,141,182,-41
104900032,21,110,-89
104900033,70,150,-80
104900034,137,60,77
104900035,101,69,32
104900036,90,43,47
104900037,86,268,-182
104900038,410,199,211
104900039,621,90,531
104900040,101,53,48
104900041,111,129,-18
104900042,45,297,-252
104900043,9,32,-23
104900044,187,101,86
104900045,202,28,174
104900046,40,74,-34
104900047,123,87,36
104900048,134,55,79
104900049,4,2,2
104900050,68,71,-3
104900051,96,26,70
104900052,16,0,16
104900053,181,27,154
104900054,41,25,16
104900055,24,1,23
104900056,69,4,65
104900057,27,2,25
104900058,212,109,103
104900059,12,47,-35
104900060,1,321,-320
104900061,206,547,-341
104900063,0,141,-141
104900064,0,91,-91
104900065,0,84,-84
104900066,3,175,-172
104900067,3,182,-179
104900068,6,228,-222
104900070,52,311,-259
104900071,0,634,-634
104900072,26,199,-173
104900073,17,246,-229
104900074,23,215,-192
104900075,6,71,-65
104900076,39,464,-425
104900077,1065,70,995
104900078,147,779,-632
104900079,89,161,-72
104900080,38,510,-472
104900082,18,302,-284
104900085,2,179,-177
104900087,222,5,217
104900089,60,0,60
104900090,262,422,-160
104900091,368,708,-340
104900093,200,496,-296
104900097,2521,1009,1512
104900098,22,29,-7
104900099,267,386,-119
104900100,667,133,534
104900102,9,202,-193
104900103,385,82,303
104900104,2873,806,2067
104900106,19,121,-102
104900107,40,271,-231
104900108,8,281,-273
104900109,44,86,-42
104900110,3,35,-32
104900111,91,74,17
104900112,170,872,-702
104900113,388,414,-26
104900114,133,621,-488
104900115,298,494,-196
104900116,70,295,-225
104900118,13,53,-40
104900119,2,20,-18
104900120,113,48,65
104900121,2,116,-114
104900122,3,79,-76
104900123,7,2,5
104900124,7,0,7
104900125,227,6,221
104900126,51,33,18
104900127,9,19,-10
104900128,33,160,-127
104900129,2229,596,1633
105000001,1733,1683,50
105000002,1520,1597,-77
105000003,2204,3390,-1186
105000004,387,1012,-625
105000005,413,1100,-687
105000006,674,1295,-621
105000007,659,987,-328
105000008,539,1386,-847
105000009,947,2272,-1325
105000010,2720,2185,535
105000011,1271,1707,-436
105000012,3300,3004,296
105000013,540,864,-324
105000014,838,1522,-684
105000015,5538,3930,1608
105000016,2647,1473,1174
105000017,1356,937,419
105000018,1095,723,372
105000019,1349,784,565
105000020,152,220,-68
105000021,237,135,102
105000022,98,19,79
105000023,285,191,94
105000028,61,116,-55
105000029,223,663,-440
105000030,3243,3139,104
105000031,4,27,-23
105000033,971,1866,-895
105000034,73,428,-355
105000037,449,423,26
105000038,1108,945,163
105000039,3008,1602,1406
105000040,334,532,-198
105000041,431,1132,-701
105000042,1638,882,756
105000043,1793,1711,82
105000044,201,255,-54
105000045,215,796,-581
105000046,430,288,142
105000047,292,1350,-1058
105000048,326,161,165
105000049,225,596,-371
105000050,317,310,7
105000051,202,459,-257
105000052,333,751,-418
105000053,87,161,-74
105000054,111,772,-661
105000055,262,401,-139
105000056,524,2184,-1660
105000057,829,914,-85
105000058,1102,1238,-136
105000059,353,440,-87
105000060,326,511,-185
105000061,307,356,-49
105000062,634,926,-292
105000063,274,687,-413
105000064,557,476,81
105000065,308,1057,-749
105000066,638,1802,-1164
105000067,555,464,91
105000068,350,851,-501
105000069,2489,563,1926
105000070,713,698,15
105000071,172,368,-196
105000072,698,910,-212
105000073,449,346,103
105000074,673,841,-168
105000075,375,710,-335
105000076,1104,1077,27
105000077,1589,611,978
105000078,1293,950,343
105000079,1387,1426,-39
105000080,1163,652,511
105000081,819,579,240
105000082,390,355,35
105000083,632,471,161
105000084,424,988,-564
105000085,802,702,100
105000086,536,767,-231
105000087,1889,1656,233
105000088,1250,1191,59
105000089,3031,2112,919
105000090,885,883,2
105000091,1886,1868,18
105000092,476,1004,-528
105000093,270,147,123
105000094,214,173,41
105000095,53,361,-308
105000096,747,548,199
105000097,858,591,267
105000098,441,385,56
105000099,667,860,-193
105000100,557,1050,-493
105000101,1183,1786,-603
105000102,916,1403,-487
105000103,1021,1801,-780
105000104,877,812,65
105000105,652,1492,-840
105000106,608,1090,-482
105000107,575,811,-236
105000108,700,1479,-779
105000109,725,1267,-542
105000110,463,692,-229
105000111,323,505,-182
105000112,774,863,-89
105000113,324,427,-103
105000114,3112,837,2275
105000115,271,582,-311
105000116,340,403,-63
105000117,521,1312,-791
105000118,140,284,-144
105000119,317,1127,-810
105000120,336,476,-140
105000121,506,1080,-574
105000122,179,367,-188
105000123,815,1322,-507
105000124,895,725,170
105000125,491,1426,-935
105000126,1216,1859,-643
105000127,1367,1527,-160
105000128,346,1309,-963
105000129,569,280,289
105000130,70,660,-590
105000131,381,343,38
105000132,425,349,76
105000133,217,954,-737
105000134,193,480,-287
105000135,359,686,-327
105000136,88,328,-240
105000137,267,183,84
105000138,262,351,-89
105000139,682,930,-248
105000140,167,481,-314
105000141,110,541,-431
105000142,50,490,-440
105000143,114,574,-460
105000144,221,571,-350
105000145,334,426,-92
105000146,387,568,-181
105000147,337,284,53
105000148,931,588,343
105000149,1256,1300,-44
105000150,2063,1130,933
105000151,246,255,-9
105000152,172,561,-389
105000153,388,391,-3
105000154,618,790,-172
105000155,178,428,-250
105000156,695,792,-97
105000157,834,1608,-774
105000158,1381,688,693
105000159,265,1245,-980
105000160,943,503,440
105000161,529,1730,-1201
105000162,290,1084,-794
105000163,1032,1091,-59
105000164,183,271,-88
105000165,1224,2647,-1423
105000166,7097,259,6838
105000167,2365,966,1399
105000168,200,879,-679
105000169,197,463,-266
105000170,102,1056,-954
105000171,830,222,608
105000172,61,52,9
105000173,30,23,7
105000174,24,21,3
105000175,100,114,-14
105000176,36,87,-51
105000177,55,87,-32
105000178,95,533,-438
105000179,67,114,-47
105000180,52,92,-40
105000181,35,427,-392
105000182,19,41,-22
105000183,2086,1017,1069
105000184,1263,709,554
105000185,908,519,389
105000186,403,831,-428
105000187,422,188,234
105000188,164,76,88
105000189,178,593,-415
105000190,130,310,-180
105000191,329,484,-155
105000192,104,63,41
105000193,59,110,-51
105000194,196,73,123
105000195,129,864,-735
105000196,20,72,-52
105000197,202,640,-438
105000198,409,199,210
105000199,181,155,26
105000200,72,178,-106
105000201,54,8,46
105000203,10,273,-263
105000204,48,92,-44
105000205,81,225,-144
105000207,650,213,437
105000208,182,220,-38
105000209,183,410,-227
105000211,68,21,47
105000212,667,1133,-466
105000213,200,108,92
105000214,64,197,-133
105000215,126,246,-120
105000216,29,300,-271
105000217,124,301,-177
105000218,505,897,-392
105000221,95,181,-86
105000222,30,49,-19
105000223,101,175,-74
105000226,7,371,-364
105000227,18,185,-167
105000228,178,529,-351
105000229,52,185,-133
105000231,124,208,-84
105000233,466,531,-65
105000234,365,1069,-704
105000235,231,373,-142
105000237,385,54,331
105000243,15,31,-16
105000248,42,42,0
105000262,139,1584,-1445
105000269,54,119,-65
105000270,150,80,70
105000271,2,285,-283
105000282,55,25,30
105000287,266,114,152
105000288,351,332,19
105000289,600,583,17
105000290,7,3,4
105000402,3964,1149,2815
105000426,297,404,-107
105000438,378,443,-65
105000440,5,17,-12
105000446,9967,3697,6270
105000447,5386,2417,2969
105000454,99,879,-780
105000455,215,212,3
105000474,23,1,22
105000477,122,297,-175
105000478,796,1442,-646
105000479,53,130,-77
105000480,1190,1417,-227
105000481,1517,1535,-18
105000482,3570,2407,1163
105000483,894,1021,-127
105000484,2096,2368,-272
105000485,842,1085,-243
105000486,2703,1954,749
105000488,2336,2237,99
105000489,470,586,-116
105000549,18,104,-86
105000550,377,1003,-626
105000551,28,101,-73
105000552,3163,1727,1436
105000555,678,532,146
105000556,43,15,28
105000557,36,246,-210
105900001,3,681,-678
105900002,1388,307,1081
105900003,5,90,-85
105900004,243,126,117
105900005,5,148,-143
105900006,2,26,-24
105900007,20,11,9
105900008,34,661,-627
105900009,9,9,0
105900011,37,49,-12
105900012,151,126,25
105900013,1,24,-23
105900014,6,63,-57
105900015,94,267,-173
105900016,221,673,-452
105900017,543,21,522
105900018,201,266,-65
105900019,23,428,-405
105900020,17,47,-30
105900021,13,251,-238
105900022,131,280,-149
105900023,5,93,-88
105900024,1,100,-99
105900025,28,15,13
105900026,139,29,110
105900027,3420,2062,1358
105900028,33,103,-70
105900029,1549,254,1295
105900030,126,229,-103
105900031,285,128,157
105900032,28,108,-80
105900033,63,77,-14
105900034,78,202,-124
105900035,105,124,-19
105900036,22,123,-101
105900037,60,81,-21
105900038,96,258,-162
105900039,41,139,-98
105900040,49,82,-33
105900041,167,296,-129
105900042,18,71,-53
105900043,1488,48,1440
105900044,2,123,-121
105900045,3,375,-372
105900046,2,177,-175
105900047,1,16,-15
105900048,30,357,-327
105900050,1283,267,1016
105900051,3,933,-930
105900052,197,31,166
105900053,3112,967,2145
105900054,211,193,18
105900056,694,114,580
105900057,7,118,-111
105900058,7,27,-20
105900059,0,29,-29
106000001,3353,992,2361
106000002,2284,3191,-907
106000003,2380,1895,485
106000004,1963,1658,305
106000005,1750,4036,-2286
106000006,4568,4006,562
106000007,421,417,4
106000008,320,255,65
106000009,382,261,121
106000010,388,504,-116
106000011,508,764,-256
106000012,476,1379,-903
106000013,1065,1468,-403
106000014,1459,1719,-260
106000015,902,806,96
106000016,892,2256,-1364
106000017,589,614,-25
106000018,393,460,-67
106000019,262,337,-75
106000020,225,397,-172
106000021,218,378,-160
106000022,256,407,-151
106000023,404,317,87
106000024,359,747,-388
106000025,102,174,-72
106000026,185,275,-90
106000027,536,1135,-599
106000028,406,718,-312
106000029,669,1472,-803
106000030,786,236,550
106000034,129,530,-401
106000035,715,731,-16
106000036,276,275,1
106000037,1381,1389,-8
106000038,408,54,354
106000039,164,36,128
106000040,127,619,-492
106000041,593,208,385
106000043,450,89,361
106000046,273,20,253
106000047,25,277,-252
106000049,396,69,327
106000050,200,750,-550
106000051,336,277,59
106000052,32,529,-497
106000053,94,108,-14
106000054,299,440,-141
106000055,408,639,-231
106000056,196,488,-292
106000057,114,173,-59
106000058,96,179,-83
106000059,138,223,-85
106000060,381,535,-154
106000061,128,314,-186
106000062,139,570,-431
106000063,309,344,-35
106000064,24,323,-299
106000065,191,144,47
106000066,76,305,-229
106000067,143,83,60
106000068,30,497,-467
106000069,90,70,20
106000070,257,685,-428
106000071,532,240,292
106000072,3914,1179,2735
106000073,1610,1660,-50
106000074,209,532,-323
106000075,188,845,-657
106000076,1140,1289,-149
106000077,2566,1096,1470
106000078,442,843,-401
106000079,411,916,-505
106000080,735,785,-50
106000081,327,897,-570
106000082,1739,849,890
106000083,278,943,-665
106000084,781,553,228
106000085,1251,906,345
106000086,517,511,6
106000087,694,492,202
106000088,267,625,-358
106000089,517,465,52
106000090,164,494,-330
106000091,179,576,-397
106000092,509,244,265
106000093,139,45,94
106000094,98,330,-232
106000095,274,1074,-800
106000096,498,659,-161
106000097,457,1278,-821
106000098,263,965,-702
106000099,153,824,-671
106000100,450,253,197
106000101,583,296,287
106000102,131,403,-272
106000103,173,595,-422
106000104,471,369,102
106000105,279,799,-520
106000106,297,352,-55
106000107,75,551,-476
106000108,126,321,-195
106000109,54,386,-332
106000110,109,299,-190
106000111,123,645,-522
106000112,82,325,-243
106000113,993,616,377
106000114,264,329,-65
106000115,159,533,-374
106000116,111,240,-129
106000117,737,761,-24
106000118,654,877,-223
106000119,2136,886,1250
106000120,602,627,-25
106000121,94,169,-75
106000122,53,316,-263
106000123,146,239,-93
106000124,25,337,-312
106000125,38,375,-337
106000126,90,221,-131
106000127,343,900,-557
106000128,323,334,-11
106000129,261,704,-443
106000130,376,404,-28
106000131,102,535,-433
106000132,837,101,736
106000133,3452,801,2651
106000134,640,616,24
106000135,208,818,-610
106000136,377,298,79
106000137,51,1465,-1414
106000138,421,54,367
106000139,29,120,-91
106000140,26,118,-92
106000141,42,132,-90
106000142,48,76,-28
106000143,15,144,-129
106000144,21,74,-53
106000145,109,334,-225
106000146,176,191,-15
106000147,342,530,-188
106000148,574,742,-168
106000149,411,396,15
106000150,297,1449,-1152
106000151,3986,521,3465
106000152,1211,846,365
106000153,87,554,-467
106000154,1330,192,1138
106000155,24,168,-144
106000156,399,261,138
106000157,387,1483,-1096
106000158,2819,583,2236
106000159,4224,1083,3141
106000160,130,1471,-1341
106000161,1075,426,649
106000162,81,595,-514
106000163,138,511,-373
106000164,144,329,-185
106000165,128,685,-557
106000166,269,198,71
106000167,172,1479,-1307
106000168,129,210,-81
106000169,113,843,-730
106000170,209,238,-29
106000171,82,779,-697
106000172,2089,570,1519
106000173,678,2325,-1647
106000174,886,253,633
106000175,285,885,-600
106000176,698,498,200
106000177,398,1968,-1570
106000178,1973,1131,842
106000179,846,1709,-863
106000180,696,1588,-892
106000181,306,1854,-1548
106000182,307,541,-234
106000183,406,919,-513
106000184,384,905,-521
106000185,262,738,-476
106000186,545,140,405
106000187,130,706,-576
106000188,0,2,-2
106000189,0,27,-27
106000190,2,0,2
106000191,355,151,204
106000192,0,24,-24
106000193,190,80,110
106000194,107,260,-153
106000195,81,57,24
106000196,39,280,-241
106000197,132,194,-62
106000198,43,243,-200
106000199,753,327,426
106000200,392,105,287
106000201,389,854,-465
106000202,5692,457,5235
106000203,140,172,-32
106000204,28,9,19
106000205,14,177,-163
106000206,27,8,19
106000207,74,766,-692
106000208,432,73,359
106000209,789,205,584
106000210,158,1219,-1061
106000211,319,1486,-1167
106000212,348,143,205
106000213,695,976,-281
106000214,2245,346,1899
106000215,151,397,-246
106000216,229,265,-36
106000217,289,435,-146
106000218,308,284,24
106000219,62,235,-173
106000220,265,228,37
106000221,63,269,-206
106000222,25,114,-89
106000223,41,70,-29
106000224,81,369,-288
106000225,51,63,-12
106000226,92,315,-223
106000228,9,116,-107
106000229,88,825,-737
106000231,333,82,251
106000232,38,478,-440
106000233,178,103,75
106000234,23,211,-188
106000235,109,55,54
106000236,54,32,22
106000237,0,6,-6
106000238,2,4,-2
106000239,4,41,-37
106000240,18,1,17
106000241,15,653,-638
106000242,98,18,80
106000249,27,84,-57
106000250,17,340,-323
106000251,17,13,4
106000252,10,106,-96
106000253,6,33,-27
106000254,37,54,-17
106000255,11,37,-26
106000256,77,109,-32
106000257,73,229,-156
106000258,61,9,52
106000259,1,18,-17
106000260,14,7,7
106000261,4,38,-34
106000262,15,20,-5
106000263,3,61,-58
106000264,163,7,156
106000265,3,79,-76
106000266,63,9,54
106000267,3,81,-78
106000268,383,14,369
106000269,39,48,-9
106000270,93,304,-211
106000271,42,176,-134
106000272,68,54,14
106000273,4,177,-173
106000274,169,58,111
106000275,78,109,-31
106000276,99,76,23
106000277,82,96,-14
106000278,141,37,104
106000279,17,62,-45
106000280,16,149,-133
106000281,51,76,-25
106000282,55,64,-9
106000283,68,75,-7
106000284,45,99,-54
106000285,53,101,-48
106000286,51,158,-107
106000287,54,84,-30
106000288,59,117,-58
106000289,23,56,-33
106000290,56,84,-28
106000291,38,73,-35
106000292,75,128,-53
106000293,75,65,10
106000294,80,119,-39
106000295,15,37,-22
106000296,40,86,-46
106000297,60,166,-106
106000298,146,55,91
106000299,42,103,-61
106000300,67,109,-42
106000301,34,93,-59
106000303,10,46,-36
106000304,59,36,23
106000305,10,23,-13
106000306,27,65,-38
106000307,18,5,13
106000308,30,119,-89
106000309,17,54,-37
106000310,116,568,-452
106000311,167,59,108
106000312,52,165,-113
106000313,102,181,-79
106000318,146,158,-12
106000319,321,38,283
106000320,3,29,-26
106000321,193,44,149
106000322,55,205,-150
106000324,12,177,-165
106000325,711,721,-10
106000326,553,1731,-1178
106000327,85,132,-47
106000328,2,110,-108
106000329,28,237,-209
106000330,13,34,-21
106000428,23,202,-179
106000429,69,521,-452
106000430,201,1306,-1105
106000431,692,290,402
106000432,1423,2296,-873
106000433,1174,701,473
106000434,2055,635,1420
106000435,1728,2272,-544
106000436,12,304,-292
106000437,81,24,57
106000438,114,70,44
106000439,42,514,-472
106000440,146,459,-313
106000441,0,0,0
106000442,104,6,98
106000443,35,508,-473
106000450,6,168,-162
106000451,22,10,12
106000454,2,63,-61
106000455,15,200,-185
106000456,146,17,129
106000457,6,1037,-1031
106000458,165,177,-12
106000459,29,391,-362
106000460,366,32,334
106000461,25,1781,-1756
106000462,0,4,-4
106000463,6,25,-19
106000464,0,525,-525
106000465,150,0,150
106000466,5,648,-643
106000467,507,534,-27
106000468,38,152,-114
106000469,223,6,217
106000470,204,1038,-834
106000471,23,631,-608
106000472,58,5,53
106000473,23,14,9
106000474,259,681,-422
106000475,218,151,67
106000476,176,142,34
106000477,29,171,-142
106000480,0,63,-63
106900001,0,11,-11
106900002,4,569,-565
106900003,202,695,-493
106900004,0,47,-47
106900006,0,12,-12
106900007,0,11,-11
106900008,56,232,-176
106900009,87,392,-305
106900010,112,313,-201
106900012,1672,937,735
106900013,243,32,211
106900014,27,1,26
106900015,9,0,9
106900016,57,2,55
106900017,6,0,6
106900018,0,0,0
106900019,19,2,17
106900020,2298,529,1769
106900021,35,42,-7
106900022,152,0,152
106900023,10,271,-261
106900024,189,12,177
106900025,37,478,-441
106900026,4,772,-768
106900027,158,3,155
107000001,1467,1162,305
107000002,2247,3296,-1049
107000003,2679,3626,-947
107000004,4109,5487,-1378
107000005,1387,2717,-1330
107000006,2808,6074,-3266
107000007,3897,4382,-485
107000008,17236,10021,7215
107000009,3738,3800,-62
107000010,9317,10869,-1552
107000011,1011,1100,-89
107000012,3953,3481,472
107000013,48,194,-146
107000014,12,307,-295
107000015,474,842,-368
107000016,297,1234,-937
107000017,2137,758,1379
107000018,6,230,-224
107000020,1194,252,942
107000021,721,698,23
107000022,577,1096,-519
107000023,1040,340,700
107000024,309,1920,-1611
107000025,99,333,-234
107000026,178,671,-493
107000027,886,730,156
107000028,1007,1535,-528
107000029,1234,1347,-113
107000030,2985,2988,-3
107000031,1842,1477,365
107000032,231,933,-702
107000033,3103,3242,-139
107000034,4025,1800,2225
107000035,248,144,104
107000036,279,777,-498
107000037,90,537,-447
107000038,194,271,-77
107000039,405,448,-43
107000040,105,296,-191
107000041,921,429,492
107000042,531,1404,-873
107000043,2269,765,1504
107000044,539,384,155
107000045,105,317,-212
107000046,353,272,81
107000047,272,870,-598
107000048,342,314,28
107000049,480,764,-284
107000050,560,493,67
107000051,354,248,106
107000052,875,589,286
107000053,224,147,77
107000054,55,287,-232
107000055,322,121,201
107000056,518,820,-302
107000057,1810,196,1614
107000058,1243,1491,-248
107000059,1920,2558,-638
107000060,2444,3667,-1223
107000061,4589,3310,1279
107000062,2009,2388,-379
107000063,3025,5511,-2486
107000064,2074,1539,535
107000065,2754,5138,-2384
107000066,1148,1510,-362
107000067,543,899,-356
107000068,1386,525,861
107000069,408,333,75
107000070,259,25,234
107000071,1068,9,1059
107000072,43,3665,-3622
107000073,264,111,153
107000074,120,862,-742
107000075,610,171,439
107000076,654,1702,-1048
107000077,1445,477,968
107000078,1617,3102,-1485
107000079,1241,385,856
107000080,935,2949,-2014
107000081,650,360,290
107000082,424,2712,-2288
107000083,679,239,440
107000084,401,2557,-2156
107000085,2357,2589,-232
107000086,3635,2458,1177
107000087,1984,1520,464
107000088,2328,2697,-369
107000089,937,1412,-475
107000090,672,1006,-334
107000091,765,852,-87
107000092,569,1039,-470
107000093,727,676,51
107000094,737,1287,-550
107000095,327,490,-163
107000096,409,932,-523
107000097,300,327,-27
107000098,343,857,-514
107000099,253,189,64
107000100,209,276,-67
107000101,50,151,-101
107000102,333,283,50
107000103,291,129,162
107000104,222,357,-135
107000105,208,84,124
107000106,82,333,-251
107000107,264,200,64
107000108,87,839,-752
107000109,357,130,227
107000110,77,531,-454
107000111,97,26,71
107000112,42,384,-342
107000113,287,64,223
107000114,49,692,-643
107000115,252,108,144
107000116,72,882,-810
107000117,126,215,-89
107000118,148,272,-124
107000119,1541,899,642
107000120,2376,319,2057
107000121,344,678,-334
107000122,916,745,171
107000123,163,804,-641
107000124,366,839,-473
107000125,397,797,-400
107000126,531,1125,-594
107000129,136,1046,-910
107000130,225,156,69
107000131,216,651,-435
107000132,296,245,51
107000133,608,130,478
107000134,183,3,180
107000135,3,169,-166
107000136,567,3,564
107000137,11,347,-336
107000138,303,9,294
107000139,9,274,-265
107000140,764,41,723
107000141,95,732,-637
107000142,253,49,204
107000143,40,858,-818
107000144,184,277,-93
107000145,108,529,-421
107000146,135,191,-56
107000147,4145,922,3223
107000150,702,997,-295
107000151,17,30,-13
107000152,464,425,39
107000153,308,248,60
107000154,172,74,98
107000155,294,10,284
107000156,614,19,595
107000157,18,2490,-2472
107000158,338,7,331
107000159,45,1503,-1458
107000160,347,62,285
107000161,44,2000,-1956
107000162,113,136,-23
107000163,17,0,17
107000164,102,0,102
107000165,239,3,236
107000166,47,1334,-1287
107000167,242,226,16
107000168,440,222,218
107000169,901,1033,-132
107000170,638,440,198
107000171,480,3002,-2522
107000172,428,463,-35
107000173,674,1147,-473
107000174,678,1440,-762
107000175,10088,1411,8677
107000176,1,0,1
107000177,2,0,2
107000178,4,48,-44
107000179,143,3259,-3116
107000180,508,266,242
107000181,210,1297,-1087
107000182,644,728,-84
107000183,63,1003,-940
107000184,451,747,-296
107000185,206,1188,-982
107000186,384,277,107
107000187,795,985,-190
107000188,434,323,111
107000189,271,722,-451
107000190,300,615,-315
107000191,531,956,-425
107000192,976,849,127
107000193,312,320,-8
107000194,881,573,308
107000197,403,167,236
107000198,144,761,-617
107000199,498,658,-160
107000200,881,508,373
107000201,275,239,36
107000202,190,345,-155
107000203,551,455,96
107000204,565,607,-42
107000205,2422,936,1486
107000206,711,753,-42
107000207,658,713,-55
107000208,1189,233,956
107000209,1867,471,1396
107000210,1286,241,1045
107000211,11,17,-6
107000212,7,183,-176
107000213,10,40,-30
107000214,5,122,-117
107000215,162,381,-219
107000216,105,427,-322
107000217,70,104,-34
107000219,42,162,-120
107000220,43,278,-235
107000222,199,618,-419
107000224,167,36,131
107000225,107,653,-546
107000226,137,55,82
107000227,80,441,-361
107000228,94,110,-16
107000229,197,84,113
107000230,790,562,228
107000231,746,376,370
107000232,53,63,-10
107000233,639,255,384
107000234,1,16,-15
107000235,75,3,72
107000236,14,361,-347
107000237,4,0,4
107000238,10,2,8
107000239,4861,346,4515
107000240,29,1106,-1077
107000243,0,46,-46
107000244,8,54,-46
107000246,5,1054,-1049
107000249,1,989,-988
107000251,3,249,-246
107000252,7,1327,-1320
107000255,645,64,581
107000257,2,684,-682
107000258,0,171,-171
107000259,0,222,-222
107000260,188,7,181
107000262,10,871,-861
107000263,128,1,127
107000266,6,1,5
107000267,40,145,-105
107000268,163,163,0
107000269,124,43,81
107000270,1,5,-4
107000271,9,1071,-1062
107000272,7,225,-218
107000273,2,320,-318
107000274,384,246,138
107000275,48,642,-594
107000280,215,10,205
107000281,12,1182,-1170
107000282,20,1439,-1419
107000290,1,32,-31
107000291,11,14,-3
107000292,1,55,-54
107000293,62,6,56
107000294,0,44,-44
107000295,29,1,28
107000296,0,7,-7
107000444,123,7,116
107000496,0,19,-19
107000497,1095,3104,-2009
107000500,210,294,-84
107000501,49,175,-126
107000502,137,391,-254
107000505,580,836,-256
107000506,0,17,-17
107000508,4,768,-764
107000509,154,622,-468
107000510,26,24,2
107000514,21,245,-224
107000515,7,300,-293
107000516,94,116,-22
107000518,487,359,128
107000519,3416,1066,2350
107000520,38,9,29
107000521,291,424,-133
107000522,345,764,-419
107900001,16,294,-278
107900002,12,0,12
107900003,90,1,89
107900004,1,0,1
107900005,237,2,235
107900006,28,0,28
107900007,109,14,95
107900008,42,39,3
107900009,68,3,65
107900010,2,0,2
107900012,213,13,200
107900013,254,51,203
107900014,10,2,8
107900015,253,2,251
107900016,372,65,307
107900017,0,2,-2
107900018,28,31,-3
107900019,3,59,-56
107900020,84,4,80
107900021,17,128,-111
107900023,3,0,3
107900024,1,21,-20
107900025,257,287,-30
107900026,18,93,-75
107900027,12,38,-26
107900028,19,77,-58
107900030,78,10,68
107900031,39,247,-208
107900032,6,2,4
107900033,2,5,-3
107900034,122,3,119
107900035,301,11,290
107900036,19,2,17
107900037,1,51,-50
107900038,138,73,65
107900039,7,49,-42
107900040,50,20,30
107900041,1,1,0
107900043,14,158,-144
107900044,2,2,0
107900045,31,25,6
107900046,40,24,16
107900047,7,107,-100
107900048,46,8,38
107900049,246,236,10
107900050,72,332,-260
107900051,25,67,-42
107900052,0,5,-5
107900053,12,72,-60
107900055,238,92,146
107900056,33,4,29
107900057,1,0,1
107900058,13,674,-661
107900060,0,38,-38
107900061,25,2,23
107900063,50,110,-60
107900064,185,35,150
107900065,41,7,34
107900066,4,5,-1
107900067,0,0,0
107900068,103,297,-194
107900069,12,497,-485
107900070,25,20,5
107900071,9,824,-815
107900072,31,180,-149
107900073,44,125,-81
107900074,1000,98,902
107900076,68,48,20
107900077,16,0,16
107900079,8,11,-3
107900080,110,145,-35
107900081,15,81,-66
107900082,12,13,-1
107900083,94,64,30
107900084,42,72,-30
107900086,51,76,-25
107900087,283,36,247
107900088,10,10,0
107900089,239,726,-487
107900090,298,574,-276
107900091,100,375,-275
107900093,52,37,15
107900095,2721,894,1827
107900097,15,39,-24
107900098,26,119,-93
107900100,848,380,468
107900101,942,97,845
107900102,14,4,10
107900103,29,157,-128
107900104,84,5,79
107900105,0,662,-662
107900106,9,1394,-1385
107900107,911,123,788
107900108,238,53,185
107900109,356,14,342
107900110,3,76,-73
107900111,12,1327,-1315
107900112,80,184,-104
107900113,70,124,-54
107900114,62,201,-139
107900115,0,39,-39
107900116,77,220,-143
107900117,134,324,-190
107900118,41,134,-93
107900119,25,49,-24
107900120,37,13,24
107900121,1,114,-113
107900122,2,40,-38
107900123,0,16,-16
107900124,3,23,-20
107900125,24,108,-84
107900126,1,14,-13
107900127,350,85,265
107900128,104,37,67
107900129,13,40,-27
107900130,24,18,6
107900131,221,23,198
107900132,99,357,-258
107900133,2,59,-57
107900134,15,8,7
107900135,1,171,-170
107900136,39,19,20
107900137,45,49,-4
107900138,16,17,-1
107900139,12,33,-21
107900141,47,7,40
107900142,32,895,-863
107900143,18,34,-16
107900144,0,158,-158
107900145,11,88,-77
107900146,26,76,-50
107900147,27,15,12
107900148,70,127,-57
107900149,1418,136,1282
107900150,47,629,-582
107900151,5,104,-99
107900152,13,257,-244
107900153,88,151,-63
107900154,10,19,-9
107900155,14,19,-5
107900156,3,424,-421
107900157,15,78,-63
107900158,195,6,189
107900159,39,863,-824
107900160,24,176,-152
107900161,1,230,-229
107900162,0,47,-47
107900163,46,23,23
107900164,3,15,-12
107900165,8,56,-48
107900166,5,256,-251
107900167,3,2,1
107900168,11,31,-20
107900169,0,160,-160
107900171,8,1515,-1507
107900172,1,303,-302
107900173,1,153,-152
107900174,32,4,28
107900175,4,5,-1
107900176,6,33,-27
107900177,0,35,-35
107900178,0,234,-234
107900179,8,91,-83
107900180,777,173,604
107900181,252,417,-165
107900182,2,1414,-1412
107900183,4,315,-311
107900184,41,194,-153
107900185,26,1,25
107900186,6,40,-34
107900187,0,91,-91
107900188,758,76,682
107900189,5,117,-112
107900190,122,24,98
107900191,14,175,-161
107900193,2,13,-11
107900194,107,1,106
107900195,3787,397,3390
107900196,20,61,-41
107900197,289,51,238
107900199,1,1147,-1146
107900201,30,122,-92
107900203,23,50,-27
107900204,191,157,34
107900206,175,176,-1
107900207,3,676,-673
107900208,6,848,-842
107900209,245,55,190
107900210,46,76,-30
107900213,168,297,-129
107900214,1,158,-157
107900215,128,188,-60
107900216,88,53,35
107900217,12,39,-27
107900218,14,1489,-1475
107900219,9,141,-132
107900220,148,100,48
107900221,180,206,-26
107900223,23,556,-533
107900224,122,217,-95
107900225,6,687,-681
107900226,38,115,-77
107900227,109,447,-338
107900228,2,146,-144
107900229,6,262,-256
107900230,11,152,-141
107900231,8,212,-204
107900232,27,185,-158
107900233,4,136,-132
107900234,35,175,-140
107900235,13,70,-57
107900236,41,81,-40
107900237,74,448,-374
107900238,8,99,-91
107900239,1178,313,865
107900240,3,139,-136
107900241,5,91,-86
107900242,6,386,-380
107900243,6,28,-22
107900244,115,9,106
107900245,119,18,101
107900246,27,4,23
107900248,63,491,-428
107900249,178,7,171
107900250,4,501,-497
107900251,28,1047,-1019
107900252,292,3,289
107900253,48,0,48
107900254,41,72,-31
107900255,373,43,330
107900256,253,423,-170
107900257,49,23,26
107900258,55,181,-126
107900259,71,483,-412
107900261,0,441,-441
107900262,29,88,-59
107900264,75,2,73
107900265,30,153,-123
107900267,37,16,21
107900268,56,5,51
107900269,1,3,-2
107900270,0,0,0
107900271,5,3,2
107900272,118,7,111
107900273,8,65,-57
107900274,15,0,15
107900275,3,1,2
107900276,0,47,-47
107900277,0,149,-149
107900278,85,300,-215
107900279,95,46,49
107900280,1636,864,772
107900281,2647,705,1942
107900282,43,116,-73
107900283,1041,305,736
107900284,156,838,-682
107900285,31,114,-83
107900286,96,41,55
107900287,86,70,16
107900290,0,64,-64
107900291,210,2,208
107900292,94,224,-130
107900293,25,521,-496
107900295,35,146,-111
107900297,0,252,-252
107900298,604,773,-169
107900299,3761,1142,2619
107900301,454,228,226
107900302,74,11,63
107900303,53,299,-246
107900304,96,489,-393
107900305,122,7,115
107900306,21,8,13
107900307,36,311,-275
107900308,148,18,130
107900309,10,1,9
107900310,3,1,2
107900311,102,62,40
107900312,2,0,2
107900313,4,50,-46
107900314,3,40,-37
107900315,1,36,-35
107900316,11,0,11
107900317,42,0,42
107900318,2,90,-88
107900319,7,185,-178
107900320,2,135,-133
107900321,28,3,25
107900322,2,176,-174
107900323,6,89,-83
107900324,79,1,78
107900325,33,0,33
107900326,97,353,-256
107900327,0,0,0
107900328,1,0,1
107900329,0,0,0
107900330,2,476,-474
107900331,76,24,52
107900332,71,29,42
107900333,23,4,19
107900334,10,247,-237
107900335,33,37,-4
107900336,12,23,-11
107900337,1100,339,761
107900338,2,107,-105
107900339,1,14,-13
107900340,1,48,-47
107900341,12,1,11
107900342,65,107,-42
107900343,10,1,9
107900344,3,130,-127
107900345,23,25,-2
107900346,13,0,13
107900347,32,5,27
107900348,1,0,1
107900349,14,0,14
107900350,31,264,-233
107900351,0,219,-219
107900352,1,76,-75
107900353,1,3,-2
107900354,6,64,-58
108000001,1835,2176,-341
108000002,2236,3076,-840
108000003,2205,1196,1009
108000004,14288,14294,-6
108000005,3280,2101,1179
108000006,4519,5139,-620
108000007,3015,2488,527
108000008,4034,5208,-1174
108000009,1728,2294,-566
108000010,1866,4643,-2777
108000011,7755,5748,2007
108000012,15941,14615,1326
108000014,669,365,304
108000015,378,267,111
108000016,171,715,-544
108000017,375,301,74
108000018,714,331,383
108000019,1163,437,726
108000020,753,334,419
108000021,360,1394,-1034
108000022,437,1211,-774
108000023,617,98,519
108000024,170,645,-475
108000025,85,206,-121
108000026,209,578,-369
108000027,291,681,-390
108000028,197,245,-48
108000029,143,941,-798
108000030,206,192,14
108000031,193,527,-334
108000032,609,314,295
108000033,293,1166,-873
108000034,952,264,688
108000035,621,2402,-1781
108000036,270,1337,-1067
108000037,898,223,675
108000038,1077,254,823
108000039,358,2332,-1974
108000040,826,438,388
108000041,599,2592,-1993
108000042,69,242,-173
108000043,82,249,-167
108000044,139,164,-25
108000045,119,756,-637
108000046,596,197,399
108000047,239,1032,-793
108000048,73,451,-378
108000049,323,166,157
108000050,134,739,-605
108000051,124,46,78
108000052,238,728,-490
108000053,191,61,130
108000054,350,875,-525
108000055,586,209,377
108000056,961,1025,-64
108000057,353,503,-150
108000058,1455,1787,-332
108000059,3304,1704,1600
108000060,113,296,-183
108000061,289,510,-221
108000062,279,287,-8
108000063,297,531,-234
108000064,92,196,-104
108000065,269,566,-297
108000066,1180,637,543
108000067,741,206,535
108000068,374,328,46
108000069,128,1156,-1028
108000070,706,462,244
108000071,408,1878,-1470
108000072,754,646,108
108000073,1084,2001,-917
108000074,135,257,-122
108000075,254,794,-540
108000076,308,336,-28
108000077,621,709,-88
108000078,1066,887,179
108000079,930,1751,-821
108000080,457,341,116
108000081,516,2559,-2043
108000082,799,1472,-673
108000083,810,513,297
108000084,326,1164,-838
108000085,234,214,20
108000086,887,783,104
108000087,161,852,-691
108000088,306,108,198
108000089,158,150,8
108000091,99,582,-483
108000092,47,60,-13
108000093,64,776,-712
108000094,297,66,231
108000095,67,430,-363
108000096,133,146,-13
108000097,87,555,-468
108000098,678,1168,-490
108000099,642,305,337
108000100,46,320,-274
108000101,553,618,-65
108000102,951,1609,-658
108000106,540,0,540
108000107,3,641,-638
108000108,396,17,379
108000109,7,674,-667
108000110,100,170,-70
108000111,72,578,-506
108000112,47,96,-49
108000113,499,255,244
108000115,479,270,209
108000117,616,191,425
108000118,322,593,-271
108000119,724,415,309
108000120,94,411,-317
108000121,176,485,-309
108000122,173,246,-73
108000123,269,276,-7
108000124,136,579,-443
108000125,82,348,-266
108000126,61,626,-565
108000127,167,383,-216
108000128,242,859,-617
108000129,121,1526,-1405
108000130,117,309,-192
108000131,506,153,353
108000132,1506,1163,343
108000133,392,313,79
108000134,606,738,-132
108000135,390,218,172
108000136,637,1108,-471
108000137,134,390,-256
108000138,160,1030,-870
108000139,111,351,-240
108000140,19,21,-2
108000141,20,168,-148
108000142,25,143,-118
108000143,18,628,-610
108000144,132,62,70
108000145,24,32,-8
108000146,178,34,144
108000147,7,38,-31
108000148,102,44,58
108000149,29,22,7
108000150,7,2,5
108000151,332,43,289
108000152,51,586,-535
108000153,141,70,71
108000154,41,13,28
108000155,14,10,4
108000156,801,401,400
108000157,62,339,-277
108000158,67,357,-290
108000159,631,101,530
108000160,4690,537,4153
108000161,3636,941,2695
108000165,2,74,-72
108000172,1,97,-96
108000173,2600,876,1724
108000175,153,75,78
108000178,302,302,0
108000179,148,474,-326
108000181,38,31,7
108000182,395,60,335
108000183,80,407,-327
108000184,980,903,77
108000185,63,607,-544
108000186,100,555,-455
108000187,45,751,-706
108000188,120,218,-98
108000189,1671,2249,-578
108000190,30,93,-63
108000192,42,625,-583
108000193,550,24,526
108000194,28,9,19
108000195,5,983,-978
108000196,59,92,-33
108000198,342,411,-69
108000199,0,129,-129
108000200,143,686,-543
108000203,39,908,-869
108000204,58,18,40
108000205,375,512,-137
108000339,1292,224,1068
108000364,440,375,65
108000365,41,365,-324
108000367,121,347,-226
108000368,9,37,-28
108000369,1483,107,1376
108000371,14,628,-614
108000372,318,5,313
108000373,143,151,-8
108000376,37,15,22
108000377,199,332,-133
108000378,7327,5576,1751
108000379,22,117,-95
108000381,28,17,11
108000382,91,0,91
108000383,0,118,-118
108900001,65,1106,-1041
108900002,141,16,125
108900003,249,845,-596
108900004,1662,279,1383
108900007,34,131,-97
108900008,21,115,-94
108900009,23,94,-71
108900010,64,145,-81
108900011,184,330,-146
108900012,100,420,-320
108900013,35,207,-172
108900014,0,50,-50
108900015,0,13,-13
108900016,2,241,-239
108900017,89,108,-19
108900018,33,496,-463
108900019,9,1178,-1169
108900020,21,286,-265
108900021,43,215,-172
108900022,17,3,14
108900023,1,32,-31
108900024,7,145,-138
108900025,21,108,-87
108900026,21,64,-43
108900027,0,113,-113
108900028,19,486,-467
108900029,33,214,-181
108900030,0,136,-136
108900031,22,627,-605
108900032,3,198,-195
108900033,0,55,-55
108900034,0,256,-256
108900035,133,2006,-1873
108900038,0,374,-374
108900039,1,538,-537
108900040,4,114,-110
108900041,4848,1355,3493
108900042,3,214,-211
108900043,43,393,-350
108900044,1,714,-713
108900045,13,685,-672
108900046,52,945,-893
108900047,0,82,-82
108900048,43,1027,-984
108900049,4983,483,4500
108900050,0,291,-291
108900051,1,234,-233
108900052,7,294,-287
108900053,67,101,-34
108900054,29,219,-190
108900055,36,443,-407
108900056,3,175,-172
108900057,0,188,-188
108900058,16,469,-453
108900059,145,7,138
108900060,20,93,-73
108900061,20,14,6
108900062,5,371,-366
108900063,7,388,-381
108900064,31,62,-31
108900065,3,288,-285
108900066,84,73,11
108900067,8,197,-189
108900068,5,262,-257
108900069,16,138,-122
108900070,21,162,-141
108900071,31,52,-21
108900072,2121,186,1935
108900073,5,500,-495
108900074,50,460,-410
108900075,32,74,-42
108900076,72,62,10
108900077,174,603,-429
108900078,13,233,-220
108900079,776,186,590
108900080,30,277,-247
108900081,57,226,-169
108900082,11,121,-110
108900083,14,105,-91
108900085,1855,119,1736
108900086,24,367,-343
108900087,102,162,-60
108900088,426,151,275
108900089,22,50,-28
108900090,12,469,-457
108900091,93,75,18
108900092,194,153,41
108900093,39,46,-7
108900094,90,53,37
108900095,36,596,-560
108900096,397,22,375
108900097,136,190,-54
108900098,2815,213,2602
108900099,190,337,-147
108900100,26,101,-75
108900101,102,44,58
108900102,109,322,-213
108900103,26,51,-25
108900105,2,383,-381
108900106,120,584,-464
108900108,152,25,127
108900109,133,37,96
108900110,56,491,-435
108900111,106,671,-565
108900113,16,27,-11
108900114,23,15,8
108900115,24,67,-43
108900116,11,4,7
108900117,35,15,20
108900118,175,4,171
108900119,72,54,18
108900120,117,69,48
108900121,173,36,137
108900122,27,26,1
108900123,37,26,11
108900124,164,69,95
108900125,97,0,97
108900126,33,5,28
108900127,39,13,26
108900128,44,8,36
108900129,206,37,169
108900130,82,0,82
108900131,143,0,143
108900132,157,50,107
108900133,85,47,38
108900134,124,238,-114
108900135,29,6,23
108900136,2,0,2
108900137,39,0,39
108900138,198,12,186
108900140,50,196,-146
108900141,73,4,69
108900142,23,0,23
108900143,5,0,5
108900144,22,0,22
108900145,65,0,65
108900146,15,0,15
108900147,66,0,66
108900148,81,24,57
108900150,100,2,98
108900151,22,2,20
108900152,17,4,13
108900153,48,505,-457
108900154,2170,323,1847
108900156,31,3,28
108900157,4,589,-585
108900158,70,13,57
108900159,9,335,-326
108900160,4,259,-255
108900161,2,464,-462
108900162,37,0,37
108900163,13,112,-99
108900164,19,55,-36
108900168,9697,1399,8298
108900169,17,119,-102
108900171,5699,1006,4693
108900172,173,49,124
108900173,172,273,-101
108900174,253,422,-169
108900176,109,620,-511
108900177,7591,1356,6235
108900178,4772,1184,3588
108900180,24,134,-110
108900183,110,159,-49
108900184,128,126,2
108900185,24,252,-228
108900186,27,311,-284
108900189,106,101,5
108900190,65,2780,-2715
108900192,36,242,-206
108900195,31,298,-267
108900196,20,518,-498
108900199,79,238,-159
108900200,258,232,26
108900201,182,969,-787
108900203,168,7,161
108900204,137,2,135
108900205,83,6,77
108900206,118,15,103
108900207,101,21,80
108900208,18,282,-264
108900209,213,432,-219
108900210,110,128,-18
108900211,100,144,-44
108900212,606,484,122
108900215,85,594,-509
108900216,436,54,382
108900217,62,0,62
108900218,49,9,40
108900221,32,39,-7
108900224,24,97,-73
108900225,2,163,-161
108900227,33,85,-52
108900230,368,270,98
108900232,2,407,-405
108900233,98,16,82
108900234,171,30,141
108900235,134,557,-423
108900236,9,355,-346
108900240,38,47,-9
108900241,11,7,4
108900245,2,327,-325
108900250,81,79,2
108900258,3,233,-230
108900259,18,67,-49
108900260,11,115,-104
108900261,124,111,13
108900262,243,92,151
108900263,78,225,-147
108900264,288,211,77
108900265,1300,168,1132
108900266,1026,196,830
108900267,5,52,-47
108900268,12,0,12
108900269,12,2,10
108900270,23,2,21
108900271,10,1,9
108900272,66,1,65
108900273,846,273,573
108900274,12,42,-30
109000001,2428,840,1588
109000002,2816,1206,1610
109000003,1401,450,951
109000004,401,2545,-2144
109000005,1231,639,592
109000006,526,1991,-1465
109000007,648,623,25
109000008,312,1951,-1639
109000009,2332,901,1431
109000010,1206,3502,-2296
109000011,1422,1175,247
109000012,1270,3793,-2523
109000013,1695,1235,460
109000014,1028,3342,-2314
109000015,2095,2725,-630
109000016,8786,3791,4995
109000017,1136,833,303
109000018,595,3110,-2515
109000019,1412,835,577
109000020,1098,2224,-1126
109000023,145,8,137
109000024,7,128,-121
109000025,300,216,84
109000026,541,231,310
109000027,57,184,-127
109000028,68,66,2
109000029,108,84,24
109000030,61,692,-631
109000031,91,94,-3
109000032,48,481,-433
109000033,214,63,151
109000034,40,29,11
109000035,10,55,-45
109000036,72,326,-254
109000037,179,514,-335
109000038,348,224,124
109000039,438,259,179
109000040,4635,2506,2129
109000041,4591,866,3725
109000042,787,866,-79
109000044,134,52,82
109000045,57,356,-299
109000046,112,42,70
109000047,71,364,-293
109000048,526,68,458
109000049,203,490,-287
109000050,216,125,91
109000051,262,260,2
109000052,231,1419,-1188
109000053,68,42,26
109000054,56,524,-468
109000055,74,109,-35
109000056,98,434,-336
109000057,168,148,20
109000058,638,190,448
109000059,391,811,-420
109000060,281,158,123
109000061,1361,267,1094
109000062,64,188,-124
109000063,132,164,-32
109000064,58,130,-72
109000065,49,331,-282
109000066,174,89,85
109000067,15,328,-313
109000068,288,3,285
109000069,447,12,435
109000070,9,692,-683
109000071,176,57,119
109000072,47,265,-218
109000073,27,58,-31
109000074,19,171,-152
109000075,60,423,-363
109000076,53,131,-78
109000077,232,299,-67
109000078,29,96,-67
109000079,90,245,-155
109000080,72,99,-27
109000081,61,603,-542
109000082,195,292,-97
109000083,141,789,-648
109000088,79,383,-304
109000089,116,19,97
109000090,131,388,-257
109000091,164,40,124
109000092,324,502,-178
109000093,104,115,-11
109000094,139,1,138
109000095,55,663,-608
109000096,256,84,172
109000097,65,105,-40
109000098,41,34,7
109000099,559,242,317
109000100,123,425,-302
109000101,452,581,-129
109000102,167,683,-516
109000103,185,489,-304
109000104,640,518,122
109000105,274,1331,-1057
109000106,858,433,425
109000107,348,1721,-1373
109000108,732,374,358
109000109,372,1656,-1284
109000110,743,293,450
109000111,640,1870,-1230
109000112,219,136,83
109000113,100,137,-37
109000114,70,251,-181
109000115,689,79,610
109000116,4,188,-184
109000117,50,105,-55
109000118,9,276,-267
109000119,288,339,-51
109000120,81,1084,-1003
109000121,116,43,73
109000122,62,979,-917
109000123,12,99,-87
109000124,242,279,-37
109000125,271,312,-41
109000126,226,840,-614
109000127,268,122,146
109000128,299,2258,-1959
109000129,756,253,503
109000130,470,2396,-1926
109000131,314,194,120
109000132,420,1514,-1094
109000133,173,864,-691
109000134,461,1215,-754
109000135,735,1224,-489
109000136,146,327,-181
109000137,109,246,-137
109000138,238,377,-139
109000139,224,355,-131
109000140,62,480,-418
109000141,137,347,-210
109000142,125,466,-341
109000143,44,43,1
109000145,43,181,-138
109000146,101,70,31
109000148,3382,484,2898
109000149,10,27,-17
109000150,86,114,-28
109000155,206,406,-200
109000156,896,756,140
109000158,12,194,-182
109000159,22,577,-555
109000160,330,222,108
109000161,121,1257,-1136
109000162,908,835,73
109000163,435,1528,-1093
109000164,711,2327,-1616
109000165,610,539,71
109000166,263,100,163
109000167,78,818,-740
109000170,32,45,-13
109000171,22,52,-30
109000172,38,50,-12
109000173,14,29,-15
109000174,35,56,-21
109000175,15,130,-115
109000176,109,232,-123
109000177,10,92,-82
109000178,297,471,-174
109000179,6144,1957,4187
109000180,4131,2045,2086
109000181,9,35,-26
109000182,19,33,-14
109000183,13,36,-23
109000184,9,13,-4
109000185,8,55,-47
109000188,324,2560,-2236
109000189,1087,720,367
109000190,324,530,-206
109000191,134,635,-501
109000192,98,195,-97
109000193,93,412,-319
109000194,43,91,-48
109000195,62,366,-304
109000196,82,69,13
109000197,80,437,-357
109000198,121,45,76
109000199,57,537,-480
109000206,81,25,56
109000207,53,18,35
109000208,54,39,15
109000209,146,89,57
109000210,141,461,-320
109000211,128,243,-115
109000214,190,579,-389
109000215,46,69,-23
109000216,160,122,38
109000217,82,44,38
109000218,163,92,71
109000221,163,1042,-879
109000222,466,65,401
109000223,157,196,-39
109000224,29,318,-289
109000225,64,52,12
109000226,45,244,-199
109000227,486,1270,-784
109000228,1,211,-210
109000231,3,399,-396
109000232,94,484,-390
109000236,139,684,-545
109000241,1005,1561,-556
109000242,761,969,-208
109000293,8,33,-25
109000361,74,215,-141
109000364,99,595,-496
109000396,4,844,-840
109000397,232,1,231
109000399,128,511,-383
109000400,32,299,-267
109000403,32,218,-186
109000406,238,11,227
109000407,105,171,-66
109000408,1,724,-723
109000410,422,141,281
109000411,67,30,37
109900001,38,12,26
109900002,274,6,268
109900003,40,0,40
109900004,414,153,261
109900005,11,1,10
109900006,153,251,-98
109900007,208,819,-611
109900008,0,37,-37
109900009,63,801,-738
109900010,139,17,122
109900011,32,20,12
109900012,88,128,-40
109900013,166,64,102
109900014,118,43,75
109900015,211,68,143
109900016,26,33,-7
109900017,50,55,-5
109900018,76,81,-5
109900019,38,39,-1
109900020,4,24,-20
109900021,4,5,-1
109900022,82,408,-326
109900023,14,0,14
109900024,2,0,2
109900025,4,69,-65
109900026,1,116,-115
109900027,14,10,4
109900028,2182,318,1864
109900029,10,441,-431
109900030,4,0,4
109900031,0,35,-35
109900032,4,256,-252
109900033,2,442,-440
109900034,3,0,3
109900035,12,18,-6
109900036,11,80,-69
109900037,8,517,-509
109900038,15,231,-216
109900039,5,0,5
109900040,12,572,-560
109900041,26,457,-431
109900042,10,388,-378
109900044,39,287,-248
109900045,55,29,26
109900046,27,56,-29
109900047,234,278,-44
109900048,10,67,-57
109900049,1,20,-19
109900050,2,309,-307
109900051,0,43,-43
109900052,25,187,-162
109900053,5,516,-511
109900054,297,92,205
109900055,17,211,-194
109900056,23,87,-64
109900057,5,231,-226
109900058,0,96,-96
109900059,191,82,109
109900060,198,168,30
109900061,61,258,-197
109900062,1,253,-252
109900063,1,240,-239
109900064,179,226,-47
109900065,50,82,-32
109900066,156,924,-768
109900067,0,496,-496
109900068,7,4,3
109900069,0,24,-24
109900070,31,276,-245
109900071,1,20,-19
109900072,3,114,-111
109900073,75,631,-556
109900074,7,44,-37
109900075,10,22,-12
109900076,8,523,-515
109900077,30,54,-24
109900078,50,212,-162
109900080,90,247,-157
109900081,7,50,-43
109900082,19,335,-316
109900083,8,38,-30
109900084,43,106,-63
109900085,137,1019,-882
109900086,62,122,-60
109900087,216,239,-23
109900089,193,60,133
109900090,296,953,-657
109900091,94,65,29
109900092,182,7,175
109900093,265,49,216
109900094,21,77,-56
109900095,101,195,-94
109900096,5,0,5
109900097,75,1,74
109900098,103,17,86
109900099,53,0,53
109900100,17,0,17
109900101,127,1,126
109900102,169,17,152
109900103,1,41,-40
109900104,126,1053,-927
109900105,189,24,165
109900106,81,67,14
109900107,111,40,71
109900108,45,440,-395
109900109,15,160,-145
109900110,33,406,-373
109900111,170,1048,-878
109900112,294,835,-541
109900113,299,170,129
109900114,291,197,94
109900115,110,50,60
109900117,247,94,153
109900118,190,340,-150
109900119,434,164,270
109900120,24,7,17
109900121,237,90,147
109900122,155,5,150
109900123,5,141,-136
109900124,22,719,-697
109900125,1,208,-207
109900126,54,131,-77
109900128,54,35,19
109900130,9953,759,9194
109900131,53,125,-72
109900132,23,206,-183
109900133,52,387,-335
109900134,45,30,15
109900135,350,25,325
109900136,28,87,-59
109900137,38,322,-284
109900140,74,234,-160
109900142,325,157,168
109900145,1,91,-90
109900146,220,30,190
109900148,24,51,-27
109900149,13,53,-40
109900150,2,78,-76
109900151,1,54,-53
109900152,0,13,-13
109900153,1,37,-36
109900154,8,0,8
109900155,7,1,6
109900157,35,182,-147
109900158,33,94,-61
109900159,65,28,37
109900160,49,21,28
109900161,152,47,105
109900162,57,53,4
109900163,475,165,310
109900164,35,192,-157
109900165,71,2,69
109900166,1,147,-146
109900167,96,517,-421
109900168,42,507,-465
109900169,59,144,-85
109900170,207,298,-91
109900171,61,52,9
109900172,56,171,-115
109900173,3787,668,3119
109900174,27,147,-120
109900175,15,54,-39
109900176,49,139,-90
109900177,18,229,-211
109900178,1,96,-95
109900179,7,23,-16
109900180,4,8,-4
110000001,572,467,105
110000002,482,368,114
110000003,704,508,196
110000004,509,392,117
110000005,685,861,-176
110000006,572,365,207
110000007,88,162,-74
110000008,8,49,-41
110000009,12,58,-46
110000010,11,27,-16
110000011,15,79,-64
110000012,576,385,191
110000013,24,274,-250
110000014,600,335,265
110000015,300,403,-103
110000016,269,862,-593
110000017,3636,209,3427
110000018,3023,370,2653
110000019,16,144,-128
110000020,423,215,208
110000021,397,285,112
110000022,459,90,369
110000023,3,131,-128
110000024,447,304,143
110000025,71,2,69
110000026,3,520,-517
110000027,336,261,75
110000028,507,544,-37
110000029,429,768,-339
110000030,164,232,-68
110000031,152,537,-385
110000032,421,358,63
110000033,68,65,3
110000034,108,672,-564
110000035,208,933,-725
110000036,239,659,-420
110000037,76,608,-532
110000038,144,487,-343
110000039,485,1126,-641
110000040,238,402,-164
110000041,121,627,-506
110000042,82,254,-172
110000043,434,169,265
110000044,52,61,-9
110000045,275,83,192
110000046,3,5,-2
110000047,12,9,3
110000048,5,5,0
110000049,8,5,3
110000050,6,12,-6
110000051,14,5,9
110000052,23,28,-5
110000053,42,8,34
110000054,98,226,-128
110000055,186,46,140
110000056,255,41,214
110000057,246,672,-426
110000058,543,527,16
110000059,436,545,-109
110000060,398,690,-292
110000061,782,769,13
110000062,639,616,23
110000063,9,65,-56
110000064,44,85,-41
110000065,17,54,-37
110000066,29,30,-1
110000067,33,270,-237
110000068,71,411,-340
110000069,46,120,-74
110000071,54,147,-93
110000073,3,17,-14
110000075,6,91,-85
110000076,250,98,152
110000077,486,264,222
110000078,13,44,-31
110000080,190,596,-406
110000081,15,201,-186
110000082,20,143,-123
110000083,131,443,-312
110000084,448,295,153
110000085,2689,1197,1492
110000086,1231,601,630
110000087,1,89,-88
110000088,15,190,-175
110000089,89,107,-18
110000090,26,252,-226
110000091,1427,267,1160
110000092,37,72,-35
110000093,30,5,25
110000094,315,241,74
110000095,65,358,-293
110000096,3583,1533,2050
110000097,721,894,-173
110000098,1083,392,691
110000099,805,1220,-415
110000100,229,792,-563
110000101,10,522,-512
110000102,30,57,-27
110000104,76,81,-5
110000105,36,286,-250
110000106,291,190,101
110000107,290,390,-100
110000108,160,42,118
110000109,273,216,57
110000110,4060,2116,1944
110000111,7037,1398,5639
110000112,1048,259,789
110000113,663,711,-48
110000114,108,255,-147
110000115,142,212,-70
110000116,33,40,-7
110000117,102,536,-434
110000118,162,170,-8
110000119,90,305,-215
110000120,184,158,26
110000121,92,204,-112
110000122,196,401,-205
110000123,230,328,-98
110000124,3,797,-794
110000125,631,2,629
110000126,150,6,144
110000127,415,32,383
110000128,25,1441,-1416
110000129,6,693,-687
110000130,105,56,49
110000131,101,519,-418
110000132,5,756,-751
110000133,34,249,-215
110000134,26,249,-223
110000135,176,13,163
110000136,19,241,-222
110000137,225,575,-350
110000138,287,818,-531
110000139,459,1281,-822
110000140,560,313,247
110000143,616,264,352
110000144,3528,762,2766
110000145,966,433,533
110000146,1116,472,644
110000147,192,549,-357
110000148,243,352,-109
110000151,852,495,357
110000152,649,235,414
110000153,19,69,-50
110000154,1,7,-6
110000155,944,1422,-478
110000156,621,1031,-410
110000157,802,1195,-393
110000160,299,364,-65
110000161,126,364,-238
110000166,122,112,10
110000167,407,345,62
110000168,442,190,252
110000169,217,198,19
110000170,52,49,3
110000171,325,121,204
110000172,139,737,-598
110000173,976,1251,-275
110000174,40,1209,-1169
110000175,213,58,155
110000176,15,177,-162
110000177,111,635,-524
110000178,387,536,-149
110000179,1169,310,859
110000180,62,274,-212
110000181,135,342,-207
110000182,356,208,148
110000183,10447,3577,6870
110000184,495,1332,-837
110000185,696,560,136
110000186,530,491,39
110000191,231,317,-86
110000192,147,1,146
110000193,187,0,187
110000194,8,1199,-1191
110000195,121,323,-202
110000196,122,429,-307
110000197,34,228,-194
110000198,59,61,-2
110000199,20,89,-69
110000200,1065,606,459
110000201,223,388,-165
110000202,603,271,332
110000203,402,674,-272
110000204,2,280,-278
110000205,27,53,-26
110000206,381,1494,-1113
110000207,260,237,23
110000208,61,100,-39
110000209,61,643,-582
110000210,302,563,-261
110000211,422,624,-202
110000212,197,670,-473
110000213,45,64,-19
110000214,66,143,-77
110000215,55,518,-463
110000216,41,674,-633
110000217,98,230,-132
110000218,62,365,-303
110000219,106,74,32
110000220,17,409,-392
110000221,123,62,61
110000222,25,367,-342
110000223,5,59,-54
110000224,113,12,101
110000225,112,462,-350
110000226,162,39,123
110000227,414,368,46
110000228,268,330,-62
110000229,1,248,-247
110000230,320,533,-213
110000231,132,118,14
110000232,72,147,-75
110000233,127,237,-110
110000234,480,302,178
110000235,940,644,296
110000236,159,931,-772
110000237,1025,1075,-50
110000238,663,1178,-515
110000239,818,1222,-404
110000240,2,157,-155
110000242,0,6,-6
110000243,42,161,-119
110000244,97,342,-245
110000245,54,397,-343
110000246,296,538,-242
110000247,1680,2856,-1176
110000248,2716,1082,1634
110000249,78,10,68
110000250,1,148,-147
110000251,68,359,-291
110000252,104,237,-133
110000253,789,326,463
110000254,647,1033,-386
110000255,165,992,-827
110000256,277,153,124
110000257,617,359,258
110000258,4,425,-421
110000259,42,15,27
110000260,6,379,-373
110000263,611,51,560
110000264,113,548,-435
110000265,713,1157,-444
110000266,1488,1450,38
110000267,9,150,-141
110000268,175,425,-250
110000269,4,76,-72
110000270,26,0,26
110000271,1930,238,1692
110000272,653,754,-101
110000273,2413,923,1490
110000274,109,682,-573
110000275,2495,356,2139
110000276,103,221,-118
110000277,69,302,-233
110000278,169,750,-581
110000279,501,592,-91
110000280,132,340,-208
110000281,14,95,-81
110000282,209,28,181
110000283,36,41,-5
110000284,30,31,-1
110000285,1,110,-109
110000286,13,0,13
110000287,20,3,17
110000288,3,56,-53
110000289,291,917,-626
110000290,1241,560,681
110000291,5032,1137,3895
110000292,935,2988,-2053
110000293,247,936,-689
110000294,342,644,-302
110000295,45,671,-626
110000296,142,243,-101
110000297,2773,244,2529
110000298,388,398,-10
110000299,824,25,799
110000301,94,9,85
110000302,174,1173,-999
110000303,228,1,227
110000304,79,251,-172
110000305,353,9,344
110000306,52,1645,-1593
110000307,411,0,411
110000308,251,4,247
110000309,5,1283,-1278
110000310,311,64,247
110000311,9,737,-728
110000312,527,32,495
110000313,3693,1514,2179
110000314,2,202,-200
110000315,2592,1197,1395
110000316,415,915,-500
110000317,416,198,218
110000318,1,68,-67
110000319,11,29,-18
110000320,21,51,-30
110000321,18,53,-35
110000322,108,448,-340
110000323,159,226,-67
110000324,4279,1043,3236
110000325,1683,1685,-2
110000327,499,187,312
110000328,156,400,-244
110000333,404,367,37
110000334,395,1161,-766
110000335,864,432,432
110000336,252,1214,-962
110000337,470,372,98
110000338,119,243,-124
110000339,70,225,-155
110000340,10,186,-176
110000341,183,529,-346
110000342,339,2,337
110000343,0,14,-14
110000344,63,154,-91
110000345,101,60,41
110000346,1807,1054,753
110000347,779,609,170
110000348,3,17,-14
110000349,3,18,-15
110000350,36,6,30
110000351,395,753,-358
110000352,277,1203,-926
110000353,2838,706,2132
110000354,548,1409,-861
110000355,32,54,-22
110000356,390,3,387
110000357,140,7,133
110000361,11,98,-87
110000362,22,87,-65
110000363,138,147,-9
110000364,93,325,-232
110000365,71,0,71
110000366,1,81,-80
110000367,253,256,-3
110000368,1,59,-58
110000369,31,1,30
110000373,7,280,-273
110000374,12,4,8
110000375,176,617,-441
110000376,15,111,-96
110000377,43,296,-253
110000378,22,276,-254
110000379,3225,741,2484
110000380,16,13,3
110000383,2,618,-616
110000384,2464,381,2083
110000385,0,99,-99
110000387,43,7,36
110000388,25,245,-220
110000389,275,6,269
110000391,129,369,-240
110000396,57,99,-42
110000397,49,180,-131
110000398,6,40,-34
110000399,131,2,129
110000587,34,28,6
110000589,107,160,-53
110000640,113,129,-16
110000652,2,131,-129
110000653,115,418,-303
110000654,7,23,-16
110000656,2,627,-625
110000674,23,9,14
110000675,3,5,-2
110000676,0,25,-25
110000679,551,410,141
110000682,116,83,33
110000683,317,461,-144
110000684,3,57,-54
110000685,14,7,7
110000686,1,19,-18
110000687,35,2,33
110000688,61,394,-333
110000689,21,73,-52
110000692,36,230,-194
110000693,72,227,-155
110000694,0,98,-98
110000695,80,514,-434
110000696,88,88,0
110900001,124,7,117
110900002,276,208,68
110900003,194,907,-713
110900004,87,190,-103
110900005,3434,798,2636
110900006,37,9,28
110900007,22,8,14
110900008,13,52,-39
110900009,158,27,131
110900010,1,57,-56
110900011,6,81,-75
110900012,4,79,-75
110900013,338,108,230
110900014,75,14,61
110900015,669,219,450
110900016,17,179,-162
110900017,126,63,63
110900018,267,49,218
110900019,40,21,19
110900020,31,444,-413
110900021,38,580,-542
110900022,47,381,-334
110900023,46,347,-301
110900024,26,446,-420
110900025,0,28,-28
110900027,21,239,-218
110900028,18,125,-107
110900029,39,424,-385
110900030,14,323,-309
110900031,0,92,-92
110900032,0,71,-71
110900033,14,246,-232
110900035,13,303,-290
110900036,24,19,5
110900037,8,13,-5
110900038,1064,167,897
110900039,3,224,-221
110900040,91,15,76
110900041,0,121,-121
110900042,32,44,-12
110900043,2,155,-153
110900044,213,23,190
110900045,29,605,-576
110900046,95,339,-244
110900047,669,53,616
110900049,17,25,-8
110900050,5,0,5
110900051,19,119,-100
110900052,5,230,-225
110900053,28,30,-2
110900054,19,320,-301
110900055,14,0,14
110900056,38,72,-34
110900057,6,217,-211
110900058,57,228,-171
110900059,412,640,-228
110900060,238,81,157
110900061,27,23,4
110900062,38,282,-244
110900063,12,94,-82
110900064,3,0,3
110900065,368,72,296
110900066,3,59,-56
110900067,457,343,114
110900068,207,205,2
110900069,1,28,-27
110900070,97,45,52
110900071,217,202,15
110900073,2,9,-7
110900074,148,64,84
110900075,164,56,108
110900077,199,387,-188
110900078,6,109,-103
110900079,2135,430,1705
110900080,27,35,-8
110900081,4,107,-103
110900082,27,207,-180
110900083,36,39,-3
110900084,15,145,-130
110900085,14,254,-240
110900086,46,119,-73
110900087,95,74,21
110900088,4,1,3
110900090,11,14,-3
110900091,1,52,-51
110900093,149,64,85
110900095,23,58,-35
110900097,5,8,-3
110900098,9,94,-85
110900099,44,425,-381
110900100,0,33,-33
110900102,17,19,-2
110900105,299,343,-44
110900108,0,90,-90
110900111,146,53,93
110900112,324,6,318
110900113,560,38,522
110900115,1,97,-96
110900116,328,2383,-2055
110900118,98,851,-753
110900119,5258,199,5059
110900120,3,125,-122
110900121,36,0,36
110900122,139,121,18
110900125,154,176,-22
110900127,382,464,-82
110900128,275,200,75
110900129,168,184,-16
110900130,801,190,611
110900131,34,44,-10
110900132,138,12,126
110900133,22,284,-262
110900135,58,337,-279
110900136,146,7,139
110900139,24,0,24
110900140,3,0,3
110900141,95,65,30
110900142,37,201,-164
110900143,68,66,2
110900144,4,553,-549
110900145,47,14,33
110900146,238,32,206
110900147,147,181,-34
110900148,0,259,-259
110900149,1,41,-40
110900150,7,11,-4
110900151,1,49,-48
110900152,12,390,-378
110900153,34,23,11
111000001,239,318,-79
111000002,542,620,-78
111000003,344,361,-17
111000004,324,1032,-708
111000005,573,562,11
111000006,620,994,-374
111000007,3117,1216,1901
111000008,2921,2945,-24
111000009,251,729,-478
111000010,435,207,228
111000011,361,862,-501
111000012,508,312,196
111000013,232,1367,-1135
111000014,851,572,279
111000017,100,445,-345
111000018,129,335,-206
111000020,1925,1867,58
111000021,67,119,-52
111000023,94,188,-94
111000025,6245,1566,4679
111000029,42,86,-44
111000030,23,75,-52
111000031,1734,570,1164
111000032,466,193,273
111000033,217,135,82
111000034,225,160,65
111000037,2799,1332,1467
111000038,2651,2004,647
111000039,1178,2082,-904
111000040,1227,2186,-959
111000041,1523,1393,130
111000042,5484,2366,3118
111000043,1336,1198,138
111000044,999,523,476
111000045,977,1274,-297
111000046,633,803,-170
111000047,1331,1567,-236
111000049,268,531,-263
111000050,1618,1633,-15
111000051,288,1016,-728
111000052,428,1235,-807
111000053,314,951,-637
111000054,215,978,-763
111000055,1000,1867,-867
111000056,85,605,-520
111000057,56,773,-717
111000058,137,103,34
111000059,126,293,-167
111000060,2018,1010,1008
111000061,248,241,7
111000062,470,180,290
111000063,1385,658,727
111000064,318,435,-117
111000065,597,639,-42
111000066,182,214,-32
111000067,199,634,-435
111000068,158,540,-382
111000069,1198,1720,-522
111000070,2113,1127,986
111000071,237,612,-375
111000072,519,288,231
111000073,179,478,-299
111000074,1094,952,142
111000075,449,497,-48
111000076,262,694,-432
111000077,780,1083,-303
111000078,1429,957,472
111000079,1129,646,483
111000080,341,637,-296
111000081,1990,2595,-605
111000082,427,643,-216
111000084,453,415,38
111000085,696,1658,-962
111000086,2696,1294,1402
111000087,604,945,-341
111000088,5425,1508,3917
111000089,441,907,-466
111000090,993,1365,-372
111000091,534,763,-229
111000092,641,1195,-554
111000093,311,730,-419
111000094,1137,739,398
111000095,816,1298,-482
111000096,2700,4654,-1954
111000097,5071,816,4255
111000098,341,1233,-892
111000099,294,2366,-2072
111000100,174,2398,-2224
111000101,327,777,-450
111000102,58,729,-671
111000104,131,166,-35
111000107,37,707,-670
111000109,122,191,-69
111000110,481,436,45
111000111,742,457,285
111000112,945,269,676
111000113,557,366,191
111000114,1340,961,379
111000115,7149,719,6430
111000116,722,586,136
111000117,498,649,-151
111000118,1351,820,531
111000119,768,1567,-799
111000120,294,495,-201
111000121,227,536,-309
111000122,304,901,-597
111000123,496,2928,-2432
111000124,307,3773,-3466
111000125,152,2067,-1915
111000126,84,986,-902
111000127,345,166,179
111000128,564,262,302
111000129,884,377,507
111000130,685,516,169
111000131,482,447,35
111000132,399,367,32
111000133,74,106,-32
111000134,77,130,-53
111000135,25,138,-113
111000136,167,241,-74
111000138,6,16,-10
111000140,0,2,-2
111000141,153,239,-86
111000142,33,139,-106
111000143,3,102,-99
111000144,15,100,-85
111000145,255,10,245
111000146,27,7,20
111000147,323,11,312
111000148,93,81,12
111000149,2,18,-16
111000150,6,3,3
111000151,1,18,-17
111000153,452,404,48
111000154,720,150,570
111000155,75,125,-50
111000156,360,261,99
111000157,95,325,-230
111000158,765,422,343
111000159,2394,522,1872
111000160,190,405,-215
111000161,11,223,-212
111000162,5,153,-148
111000163,285,690,-405
111000164,785,1892,-1107
111000165,1307,413,894
111000166,1134,250,884
111000167,178,503,-325
111000168,208,319,-111
111000169,286,481,-195
111000170,425,397,28
111000171,370,1123,-753
111000172,89,618,-529
111000173,112,1361,-1249
111000174,68,515,-447
111000175,25,234,-209
111000176,101,191,-90
111000177,90,274,-184
111000178,345,378,-33
111000179,37,205,-168
111000180,120,245,-125
111000181,307,239,68
111000182,91,162,-71
111000183,161,243,-82
111000184,276,195,81
111000185,277,496,-219
111000186,179,335,-156
111000187,107,260,-153
111000188,84,469,-385
111000189,1570,556,1014
111000190,175,586,-411
111000191,78,463,-385
111000192,144,672,-528
111000193,326,331,-5
111000194,15,419,-404
111000195,62,514,-452
111000196,29,331,-302
111000197,148,216,-68
111000198,172,110,62
111000199,31,116,-85
111000200,80,299,-219
111000201,220,202,18
111000202,151,160,-9
111000203,127,164,-37
111000204,231,302,-71
111000213,126,327,-201
111000214,944,1665,-721
111000215,543,1249,-706
111000217,670,896,-226
111000218,677,927,-250
111000219,341,175,166
111000220,2441,420,2021
111000221,581,95,486
111000224,120,308,-188
111000225,165,140,25
111000226,108,2,106
111000227,23,3,20
111000228,2,131,-129
111000229,18,232,-214
111000230,109,416,-307
111000231,323,1299,-976
111000232,162,836,-674
111000233,192,757,-565
111000234,27,135,-108
111000239,185,192,-7
111000240,13,56,-43
111000241,28,384,-356
111000242,40,36,4
111000243,41,777,-736
111000244,74,68,6
111000245,261,543,-282
111000246,158,658,-500
111000247,98,1187,-1089
111000248,202,368,-166
111000249,293,889,-596
111000250,22,121,-99
111000251,23,102,-79
111000253,4,9,-5
111000255,13,6,7
111000257,41,19,22
111000260,27,1116,-1089
111000261,235,69,166
111000271,28,278,-250
111000273,5576,1312,4264
111000274,767,1459,-692
111000275,93,94,-1
111000276,233,2117,-1884
111000277,110,425,-315
111000278,411,265,146
111000291,365,1992,-1627
111000298,182,281,-99
111000299,496,65,431
111000300,61,551,-490
111000302,158,60,98
111000303,56,237,-181
111000312,39,41,-2
111000315,37,238,-201
111000320,274,550,-276
111000321,155,48,107
111000322,90,555,-465
111000323,55,19,36
111000324,246,237,9
111000325,7,64,-57
111000326,50,354,-304
111000327,241,620,-379
111000328,107,367,-260
111000329,1,12,-11
111000330,26,3,23
111000331,6,4,2
111000332,251,967,-716
111000334,309,1551,-1242
111000335,202,141,61
111000337,247,337,-90
111000338,5,105,-100
111000339,103,625,-522
111000340,78,900,-822
111000341,438,182,256
111000342,85,248,-163
111000344,436,581,-145
111000345,397,35,362
111000346,27,76,-49
111000347,27,1,26
111000350,132,146,-14
111000351,53,249,-196
111000352,92,95,-3
111000353,34,184,-150
111000354,171,146,25
111000355,249,570,-321
111000358,68,1649,-1581
111000360,56,890,-834
111000361,54,419,-365
111000546,169,607,-438
111000547,159,637,-478
111000548,47,122,-75
111000549,115,300,-185
111000550,75,256,-181
111000551,575,114,461
111000552,504,66,438
111000907,103,21,82
111000908,14,0,14
111000916,482,222,260
111000917,11,353,-342
111000918,93,1008,-915
111000920,148,4,144
111000921,4,408,-404
111000922,113,251,-138
111000924,18,920,-902
111000925,1079,1527,-448
111000926,884,2586,-1702
111000927,2522,2587,-65
111000928,5420,3283,2137
111000929,499,696,-197
111000930,482,2127,-1645
111000931,1044,1108,-64
111000932,3124,2084,1040
111000933,2562,1387,1175
111000934,2004,2352,-348
111000935,607,881,-274
111000936,604,2107,-1503
111000937,567,903,-336
111000938,1459,2429,-970
111000939,168,87,81
111000940,219,236,-17
111000941,99,588,-489
111000943,112,224,-112
111000944,64,585,-521
111000945,22,2121,-2099
111001109,234,116,118
111001110,158,688,-530
111001111,10,3,7
111001112,44,1,43
111001113,6,58,-52
111001114,918,56,862
111001115,98,256,-158
111001116,5059,1260,3799
111001117,564,528,36
111001120,103,295,-192
111001121,114,347,-233
111001122,136,720,-584
111001123,67,147,-80
111001124,39,381,-342
111001125,1,18,-17
111001126,0,0,0
111001127,0,0,0
111900001,3,252,-249
111900002,3,592,-589
111900003,3,330,-327
111900004,11,137,-126
111900006,6,12,-6
111900007,28,5,23
111900008,35,0,35
111900009,21,1,20
111900010,253,508,-255
111900012,72,99,-27
111900013,3,57,-54
111900014,7067,1179,5888
111900015,0,65,-65
111900016,0,187,-187
111900017,0,151,-151
111900018,30,0,30
111900019,0,68,-68
111900020,0,41,-41
111900021,14,44,-30
111900022,5,61,-56
111900023,99,65,34
111900024,6,94,-88
111900025,0,38,-38
111900026,1,90,-89
111900027,5,206,-201
111900028,1,429,-428
111900029,0,99,-99
111900030,43,326,-283
111900031,0,20,-20
111900032,2,360,-358
111900033,7,124,-117
111900034,184,555,-371
111900035,3,180,-177
111900036,0,342,-342
111900038,273,518,-245
111900039,27,332,-305
111900040,1,766,-765
111900042,30,57,-27
111900043,9,447,-438
111900044,251,210,41
111900046,62,212,-150
111900048,47,962,-915
111900049,19,273,-254
111900050,31,4,27
111900051,1,300,-299
111900052,381,524,-143
111900053,1239,180,1059
111900054,36,2,34
111900055,13,553,-540
111900056,118,58,60
111900057,24,44,-20
111900058,90,891,-801
111900059,2021,204,1817
111900060,135,3,132
111900061,15,275,-260
111900062,2,36,-34
111900063,98,156,-58
111900064,125,245,-120
111900065,24,8,16
111900066,55,91,-36
111900067,0,303,-303
111900068,16,1,15
111900069,44,5,39
111900070,53,115,-62
111900071,1,256,-255
111900072,9,0,9
111900073,139,53,86
111900074,6,137,-131
111900075,24,5,19
111900076,31,16,15
111900077,8,0,8
111900078,70,14,56
111900079,5,3,2
111900080,145,77,68
111900082,29,12,17
111900083,13,2,11
111900084,23,1,22
111900085,10,28,-18
111900086,15,2,13
111900087,4,0,4
111900088,134,4,130
111900089,15,2,13
111900090,58,10,48
111900091,48,1,47
111900092,15,0,15
111900093,84,0,84
111900094,14,0,14
111900095,71,6,65
111900096,78,2,76
111900097,7,0,7
111900098,35,0,35
111900099,7,0,7
111900100,19,1,18
111900101,34,10,24
111900102,81,673,-592
111900103,39,45,-6
111900104,66,62,4
111900105,141,77,64
111900106,1162,36,1126
111900110,2962,166,2796
111900111,13,184,-171
111900112,599,625,-26
111900113,384,75,309
111900118,120,21,99
111900119,116,41,75
111900122,58,16,42
111900123,6,16,-10
111900124,12,92,-80
111900125,120,5,115
111900126,63,1,62
111900127,2,770,-768
111900128,4,583,-579
111900129,84,25,59
111900130,53,2,51
111900131,96,1,95
111900132,18,1251,-1233
111900133,7,293,-286
111900134,19,277,-258
111900135,0,5,-5
111900136,40,63,-23
111900137,68,49,19
111900138,7,77,-70
111900139,11,106,-95
111900140,25,16,9
111900141,15,6,9
111900142,26,13,13
111900143,9,280,-271
111900144,0,119,-119
111900145,6,685,-679
111900146,4,398,-394
111900147,112,483,-371
111900148,19,866,-847
111900149,8,403,-395
111900150,21,194,-173
111900151,4,23,-19
111900152,81,29,52
111900153,1688,175,1513
111900154,8,123,-115
111900155,62,31,31
111900156,12,16,-4
111900157,15,7,8
111900158,150,22,128
111900159,63,9,54
111900160,52,0,52
111900161,33,7,26
111900162,116,91,25
111900163,50,172,-122
111900164,74,23,51
111901113,74,223,-149
111901114,62,384,-322
111901115,22,0,22
111901116,10,0,10
111901117,9,4,5
111901118,64,72,-8
111901119,1121,41,1080
111901121,217,275,-58
111901122,2,592,-590
111901123,55,440,-385
111901124,39,0,39
111901125,87,195,-108
111901127,797,121,676
111901128,7,71,-64
111901129,3,96,-93
111901130,3,218,-215
111901131,2,241,-239
111901132,18,1,17
111901133,23,2,21
111901134,7,4,3
111901135,15,1,14
111901136,0,1,-1
111901138,43,34,9
111901139,9,65,-56
111901140,2,149,-147
111901141,9,235,-226
111901142,6,141,-135
111901143,3,74,-71
111901144,32,18,14
111901145,276,95,181
111901146,157,10,147
111901147,786,65,721
111901148,10,17,-7
111901149,1,1,0
111901150,14,0,14
112000001,981,593,388
112000002,581,2214,-1633
112000003,355,563,-208
112000004,401,1337,-936
112000005,1131,1013,118
112000006,995,1765,-770
112000007,1042,948,94
112000008,1595,2375,-780
112000009,3725,3220,505
112000010,1378,1883,-505
112000011,1637,2078,-441
112000012,4896,1570,3326
112000013,5402,2720,2682
112000014,1799,652,1147
112000015,2192,1926,266
112000016,2755,690,2065
112000017,1198,999,199
112000024,1516,457,1059
112000026,4333,4874,-541
112000027,552,312,240
112000028,1540,1431,109
112000029,171,403,-232
112000030,140,76,64
112000031,1092,1611,-519
112000032,453,41,412
112000033,1610,686,924
112000034,135,29,106
112000035,83,146,-63
112000036,723,457,266
112000037,583,688,-105
112000038,493,764,-271
112000039,25,99,-74
112000040,117,341,-224
112000041,452,500,-48
112000042,829,203,626
112000050,548,990,-442
112000051,408,568,-160
112000054,1471,2401,-930
112000057,378,271,107
112000058,256,349,-93
112000059,728,366,362
112000061,5470,1115,4355
112000062,2437,397,2040
112000063,1715,565,1150
112000064,4656,4931,-275
112000065,2580,2227,353
112000066,2500,770,1730
112000067,649,652,-3
112000068,1501,940,561
112000069,696,1975,-1279
112000070,1139,399,740
112000071,512,2818,-2306
112000072,610,650,-40
112000073,940,1381,-441
112000074,706,626,80
112000075,678,841,-163
112000076,2611,2455,156
112000077,213,609,-396
112000078,605,597,8
112000079,831,1118,-287
112000080,297,981,-684
112000081,887,1551,-664
112000082,779,575,204
112000083,420,1444,-1024
112000084,629,631,-2
112000085,617,1286,-669
112000086,852,1509,-657
112000087,175,435,-260
112000088,224,652,-428
112000089,109,310,-201
112000090,98,340,-242
112000091,501,1141,-640
112000092,816,745,71
112000093,1161,1040,121
112000094,272,677,-405
112000095,384,612,-228
112000096,202,684,-482
112000097,348,382,-34
112000098,527,1523,-996
112000099,401,443,-42
112000100,718,661,57
112000101,251,783,-532
112000102,372,434,-62
112000103,160,1171,-1011
112000105,341,2146,-1805
112000106,572,325,247
112000107,41,109,-68
112000108,184,1763,-1579
112000109,80,78,2
112000110,824,351,473
112000111,1088,3428,-2340
112000112,2163,421,1742
112000113,808,1913,-1105
112000114,1157,663,494
112000115,107,549,-442
112000116,125,920,-795
112000117,374,470,-96
112000118,609,772,-163
112000119,309,902,-593
112000120,76,322,-246
112000121,42,698,-656
112000122,108,104,4
112000123,259,145,114
112000124,136,57,79
112000125,44,87,-43
112000126,80,790,-710
112000127,2147,857,1290
112000128,1135,434,701
112000129,74,99,-25
112000130,36,52,-16
112000131,12,436,-424
112000132,37,326,-289
112000133,103,211,-108
112000134,231,403,-172
112000135,470,518,-48
112000136,643,1118,-475
112000137,829,1084,-255
112000138,1178,1189,-11
112000139,645,190,455
112000140,995,879,116
112000141,222,152,70
112000142,104,863,-759
112000143,436,178,258
112000144,171,1669,-1498
112000145,966,626,340
112000146,417,2161,-1744
112000147,970,1132,-162
112000148,1313,2085,-772
112000149,131,757,-626
112000150,103,598,-495
112000151,238,536,-298
112000152,168,373,-205
112000153,158,241,-83
112000154,84,109,-25
112000155,79,34,45
112000157,567,426,141
112000158,143,533,-390
112000159,174,253,-79
112000167,67,29,38
112000169,306,282,24
112000173,312,200,112
112000175,186,341,-155
112000176,4849,1558,3291
112000177,163,77,86
112000178,42,535,-493
112000179,78,165,-87
112000180,177,204,-27
112000181,913,1695,-782
112000182,342,1790,-1448
112000183,17,39,-22
112000184,94,580,-486
112000185,140,549,-409
112000187,1992,1975,17
112000195,76,5,71
112000196,46,0,46
112000197,18,72,-54
112000198,20,380,-360
112000199,608,745,-137
112000202,119,1,118
112000216,48,153,-105
112000230,12,5,7
112000231,0,357,-357
112000256,16,96,-80
112000313,116,162,-46
112000314,6,15,-9
112000337,133,458,-325
112000352,227,97,130
112000392,1544,992,552
112000398,470,586,-116
112000399,2045,1122,923
112000400,1498,4321,-2823
112000401,2369,2625,-256
112000402,923,1477,-554
112000403,1480,1358,122
112000404,212,502,-290
112000405,948,1865,-917
112000406,2772,2982,-210
112000407,2959,4144,-1185
112000408,7144,6159,985
112000409,1439,4619,-3180
112000410,164,90,74
112000411,4316,512,3804
112000412,803,225,578
112000413,8594,1464,7130
112000414,55,89,-34
112000415,81,42,39
112000416,1213,975,238
112000417,131,88,43
112000421,17,106,-89
112000422,207,438,-231
112000424,2201,1084,1117
112000425,249,1209,-960
112000426,48,205,-157
112000427,0,15,-15
112000428,72,449,-377
112000429,1524,2574,-1050
112000430,1481,2704,-1223
112000431,31,105,-74
112000432,386,2032,-1646
112000433,470,442,28
112000437,12,315,-303
112900001,6,0,6
112900002,85,1274,-1189
112900003,17,331,-314
112900004,23,393,-370
112900005,67,221,-154
112900006,5,371,-366
112900007,7,217,-210
112900008,17,8,9
112900009,254,55,199
112900010,141,723,-582
112900011,316,244,72
112900012,0,23,-23
112900013,0,123,-123
112900014,1,272,-271
112900015,338,738,-400
112900016,4,260,-256
112900017,21,144,-123
112900018,1,425,-424
112900019,49,149,-100
112900020,351,1124,-773
112900021,0,321,-321
112900022,7,69,-62
112900023,1,342,-341
112900024,9,203,-194
112900025,46,154,-108
112900026,2,217,-215
112900027,5,1269,-1264
112900028,16,106,-90
112900029,6,697,-691
112900030,286,124,162
112900031,3,552,-549
112900032,60,162,-102
112900034,0,59,-59
112900035,1,482,-481
112900036,21,104,-83
112900037,131,74,57
112900038,161,72,89
112900039,17,322,-305
112900040,3,260,-257
112900041,1117,518,599
112900042,37,376,-339
112900043,14,35,-21
112900044,398,209,189
112900045,536,247,289
112900046,151,40,111
112900047,16,31,-15
112900049,38,66,-28
112900050,43,592,-549
112900051,199,560,-361
112900052,11,1045,-1034
112900053,287,56,231
112900054,316,15,301
112900055,117,9,108
112900056,119,108,11
112900057,7,660,-653
112900058,232,82,150
112900059,48,60,-12
112900060,5,184,-179
112900061,89,96,-7
112900062,28,108,-80
112900063,54,1,53
112900064,146,108,38
112900065,48,3,45
112900066,67,62,5
112900067,502,113,389
112900068,8,5,3
112900069,2252,242,2010
112900071,22,1,21
112900072,128,367,-239
112900073,103,11,92
112900074,15,65,-50
112900075,1984,294,1690
112900076,56,4,52
112900078,65,165,-100
112900079,72,9,63
112900080,10,5,5
112900081,37,87,-50
112900082,183,15,168
112900083,34,44,-10
112900084,95,24,71
112900086,10,0,10
112900087,195,29,166
112900088,27,1,26
112900089,318,8,310
112900090,5,0,5
112900091,39,0,39
112900092,103,90,13
112900093,411,3,408
112900095,6,1,5
112900096,139,48,91
112900097,34,316,-282
112900098,17,0,17
112900099,213,6,207
112900100,13,1,12
112900101,75,0,75
112900102,58,5,53
112900103,85,2,83
112900104,26,1,25
112900105,3,0,3
112900106,164,47,117
112900107,0,0,0
112900108,59,0,59
112900109,17,0,17
112900110,260,6,254
112900111,169,1,168
112900112,92,0,92
112900113,0,31,-31
112900114,17,14,3
112900115,230,2,228
112900116,25,39,-14
112900117,105,86,19
112900118,17,58,-41
112900119,42,1,41
112900120,641,169,472
112900121,202,153,49
112900122,13,142,-129
112900123,114,10,104
112900124,5,140,-135
112900125,27,166,-139
112900126,157,290,-133
112900127,120,39,81
112900128,392,676,-284
112900129,2,834,-832
112900130,67,33,34
112900131,26,185,-159
112900132,38,317,-279
112900133,18,1215,-1197
112900134,1,189,-188
112900135,30,14,16
112900137,5,761,-756
112900138,4,415,-411
112900139,159,1086,-927
112900141,164,17,147
112900142,63,56,7
112900143,52,592,-540
112900144,1,351,-350
112900145,41,406,-365
112900146,6,1459,-1453
112900147,7,2292,-2285
112900148,10,0,10
112900149,113,370,-257
112900151,13,23,-10
112900152,4412,958,3454
112900153,1309,567,742
112900154,0,62,-62
112900155,30,3,27
112900156,53,1711,-1658
112900157,82,131,-49
112900158,17,9,8
112900159,119,23,96
112900160,23,215,-192
112900161,22,18,4
112900162,28,8,20
112900163,145,11,134
112900164,24,34,-10
112900165,63,22,41
112900166,3,29,-26
112900167,2,17,-15
112900168,1,0,1
112900169,4,3,1
112900170,14,85,-71
112900172,68,6,62
112900173,191,75,116
112900174,126,24,102
112900175,84,37,47
112900176,5,8,-3
112900177,75,15,60
112900178,410,549,-139
112900179,24,551,-527
112900180,473,1802,-1329
112900181,160,2,158
112900182,14,1476,-1462
112900183,54,152,-98
112900184,246,175,71
112900185,156,269,-113
112900186,1365,443,922
112900187,42,202,-160
112900188,550,172,378
112900189,0,14,-14
112900190,2,51,-49
112900192,273,126,147
112900193,727,111,616
112900194,13,82,-69
112900195,276,13,263
112900196,161,385,-224
112900197,95,314,-219
112900199,146,547,-401
112900200,171,210,-39
112900201,42,71,-29
112900202,104,898,-794
112900203,54,219,-165
112900204,622,206,416
112900205,4,6,-2
112900206,10,32,-22
112900207,4,1,3
112900208,15,49,-34
112900209,264,327,-63
112900210,0,9,-9
112900211,16,28,-12
112900212,0,38,-38
112900213,5,2,3
112900214,12,4,8
112900215,1,230,-229
112900216,40,44,-4
112900217,0,45,-45
112900218,13,24,-11
112900219,11,7,4
112900220,5,0,5
112900221,5,100,-95
112900222,4,15,-11
112900223,272,4,268
112900224,84,628,-544
112900225,181,442,-261
112900226,124,147,-23
112900227,123,1647,-1524
112900228,21,11,10
112900229,45,73,-28
112900230,6473,1695,4778
112900232,89,103,-14
112900233,43,159,-116
112900234,3,92,-89
112900235,24,7,17
112900236,31,12,19
112900237,46,345,-299
112900238,1,25,-24
112900239,350,238,112
112900240,1,141,-140
112900241,3,141,-138
112900242,5,194,-189
112900243,1,164,-163
112900244,1,102,-101
112900245,0,41,-41
112900246,0,16,-16
112900247,72,12,60
112900248,19,2,17
112900249,5,6,-1
112900250,37,20,17
112900251,16,8,8
112900252,12,10,2
112900253,7,8,-1
112900254,3,10,-7
112900255,0,18,-18
112900256,2,6,-4
112900257,4,12,-8
112900258,4,14,-10
113000001,4090,4083,7
113000002,3422,2859,563
113000003,1700,1546,154
113000004,1885,1936,-51
113000005,1115,1014,101
113000006,961,1237,-276
113000007,1067,1129,-62
113000008,1169,1707,-538
113000009,422,734,-312
113000010,537,1445,-908
113000011,475,1444,-969
113000012,792,532,260
113000013,872,341,531
113000014,1798,1274,524
113000015,635,224,411
113000016,190,227,-37
113000017,3,167,-164
113000018,142,29,113
113000019,24,208,-184
113000020,48,7,41
113000021,608,561,47
113000022,245,1078,-833
113000025,71,235,-164
113000026,139,298,-159
113000027,545,216,329
113000028,641,231,410
113000029,783,505,278
113000030,411,479,-68
113000031,389,175,214
113000032,232,180,52
113000033,305,252,53
113000034,493,232,261
113000035,12,22,-10
113000036,12,37,-25
113000037,38,17,21
113000038,11,52,-41
113000039,53,462,-409
113000040,47,112,-65
113000042,800,548,252
113000051,553,1371,-818
113000052,2084,938,1146
113000053,220,559,-339
113000054,123,646,-523
113000055,603,875,-272
113000056,423,1622,-1199
113000058,609,870,-261
113000059,1095,609,486
113000060,59,602,-543
113000061,661,695,-34
113000062,1115,143,972
113000063,104,217,-113
113000064,11,373,-362
113000065,131,1180,-1049
113000066,323,77,246
113000067,752,865,-113
113000068,262,1962,-1700
113000069,278,1397,-1119
113000070,716,599,117
113000071,228,692,-464
113000072,209,305,-96
113000073,422,1273,-851
113000074,688,263,425
113000075,1839,426,1413
113000076,1058,1393,-335
113000077,1426,317,1109
113000078,1055,1114,-59
113000079,680,553,127
113000080,760,409,351
113000081,786,607,179
113000082,858,597,261
113000083,520,583,-63
113000084,1189,958,231
113000085,686,511,175
113000086,974,942,32
113000087,1108,754,354
113000088,1853,946,907
113000089,908,1169,-261
113000090,204,258,-54
113000091,679,178,501
113000094,471,107,364
113000095,150,810,-660
113000096,144,810,-666
113000097,392,209,183
113000098,47,21,26
113000099,781,198,583
113000100,131,346,-215
113000101,285,447,-162
113000102,376,217,159
113000103,2326,550,1776
113000104,270,1898,-1628
113000105,385,402,-17
113000106,240,603,-363
113000107,385,734,-349
113000108,815,1532,-717
113000109,463,2537,-2074
113000110,1178,307,871
113000111,178,458,-280
113000112,314,381,-67
113000113,1714,331,1383
113000114,359,891,-532
113000116,472,210,262
113000117,622,94,528
113000118,118,193,-75
113000119,194,256,-62
113000120,34,197,-163
113000121,253,667,-414
113000124,114,100,14
113000125,11,460,-449
113000127,2943,468,2475
113000128,232,303,-71
113000129,333,763,-430
113000133,3362,582,2780
113000134,4,414,-410
113000135,2109,1693,416
113000137,2113,1114,999
113000139,291,102,189
113000140,152,182,-30
113000141,278,85,193
113000142,488,437,51
113000143,237,128,109
113000144,289,400,-111
113000145,51,109,-58
113000146,60,52,8
113000147,74,100,-26
113000148,63,122,-59
113000149,64,122,-58
113000150,437,305,132
113000151,106,33,73
113000152,18,158,-140
113000153,1461,370,1091
113000154,492,783,-291
113000155,190,261,-71
113000156,122,273,-151
113000157,209,585,-376
113000158,354,133,221
113000159,556,417,139
113000160,451,893,-442
113000161,130,524,-394
113000162,422,300,122
113000163,28,35,-7
113000164,29,59,-30
113000166,63,44,19
113000167,20,178,-158
113000168,41,210,-169
113000169,80,52,28
113000170,72,48,24
113000171,83,73,10
113000172,190,67,123
113000173,20,4,16
113000174,85,553,-468
113000175,291,113,178
113000176,351,109,242
113000177,148,373,-225
113000178,143,380,-237
113000179,205,71,134
113000180,374,1140,-766
113000181,642,847,-205
113000182,115,183,-68
113000183,157,494,-337
113000184,19,82,-63
113000189,336,460,-124
113000190,1143,241,902
113000192,2624,870,1754
113000193,4052,728,3324
113000194,1720,903,817
113000195,2181,355,1826
113000196,61,77,-16
113000197,1036,612,424
113000198,50,231,-181
113000199,398,291,107
113000201,70,178,-108
113000202,2536,1026,1510
113000203,417,6,411
113000204,1580,880,700
113000205,5,14,-9
113000206,9,31,-22
113000207,29,20,9
113000208,27,45,-18
113000209,19,22,-3
113000210,10,33,-23
113000211,293,124,169
113000212,232,22,210
113000213,14,93,-79
113000214,74,198,-124
113000234,128,1170,-1042
113000410,93,93,0
113000411,2202,3441,-1239
113000412,11066,1491,9575
113000413,3705,1324,2381
113000414,10360,6146,4214
113000415,2514,1627,887
113000416,8060,2401,5659
113000417,3112,1826,1286
113000418,2932,2015,917
113000419,1647,1227,420
113000420,3342,2190,1152
113000421,3632,3331,301
113000422,14223,5059,9164
113000423,1988,2200,-212
113000424,4395,5306,-911
113000425,5,57,-52
113000428,226,36,190
113000430,48,55,-7
113000432,858,85,773
113000433,102,891,-789
113000434,10,328,-318
113000435,7,841,-834
113000436,30,1226,-1196
113000437,248,21,227
113000438,69,14,55
113000439,7,128,-121
113000440,44,30,14
113000441,109,237,-128
113000442,108,249,-141
113000443,49,225,-176
113000444,56,280,-224
113000445,48,133,-85
113000446,16,77,-61
113000448,164,94,70
113000449,187,764,-577
113000450,443,1123,-680
113000451,1508,96,1412
113000452,433,330,103
113000453,153,198,-45
113000454,657,23,634
113000455,57,99,-42
113000456,2691,1417,1274
113000468,2491,206,2285
113000469,192,67,125
113000470,420,61,359
113000471,15,318,-303
113000472,36,238,-202
113000474,250,606,-356
113000475,1063,1693,-630
113000476,686,1627,-941
113000477,1480,1906,-426
113000478,2381,5640,-3259
113000479,12,260,-248
113000483,0,0,0
113000484,0,0,0
113000485,0,0,0
113000486,0,0,0
113000487,0,0,0
113000488,0,0,0
113000489,0,0,0
113000490,0,0,0
113000491,0,0,0
113000492,0,0,0
113000493,0,0,0
113000495,171,219,-48
113000496,63,63,0
113000499,0,0,0
113900001,0,1,-1
113900002,0,1,-1
113900003,0,1,-1
113900004,0,12,-12
113900005,174,9,165
113900006,0,1,-1
113900007,51,9,42
113900008,41,71,-30
113900009,189,88,101
113900010,63,82,-19
113900011,13,81,-68
113900012,1,5,-4
113900013,477,24,453
113900014,988,0,988
113900015,0,33,-33
113900016,17,0,17
113900017,1,38,-37
113900018,402,60,342
113900019,41,47,-6
113900020,51,0,51
113900022,3,0,3
113900023,2,0,2
113900024,31,61,-30
113900025,288,4,284
113900026,36,0,36
113900027,4,61,-57
113900028,10,430,-420
113900029,24,296,-272
113900030,73,1,72
113900031,0,0,0
113900032,3,0,3
113900033,62,64,-2
113900035,13,0,13
113900036,10,74,-64
113900037,29,579,-550
113900038,89,43,46
113900039,33,2,31
113900040,1,9,-8
113900041,0,0,0
113900042,45,41,4
113900043,99,82,17
113900044,162,38,124
113900045,19,1,18
113900046,211,540,-329
113900047,22,110,-88
113900048,273,21,252
113900049,756,109,647
113900050,92,259,-167
113900051,134,275,-141
113900052,209,95,114
113900053,269,99,170
113900054,4,2,2
113900055,96,383,-287
113900056,47,102,-55
113900057,18,138,-120
113900058,26,176,-150
113900059,85,231,-146
113900060,98,241,-143
113900061,707,41,666
113900062,55,12,43
113900063,37,81,-44
113900064,38,101,-63
113900065,818,15,803
113900066,134,330,-196
113900067,48,289,-241
113900068,274,281,-7
113900069,59,9,50
113900070,186,375,-189
113900071,15,46,-31
113900072,26,160,-134
113900073,84,315,-231
113900074,19,467,-448
113900075,662,1047,-385
113900076,111,8,103
113900077,26,229,-203
113900078,25,21,4
113900079,1,42,-41
113900080,245,124,121
113900081,43,145,-102
113900082,102,171,-69
113900083,49,665,-616
113900084,134,71,63
113900085,20,277,-257
113900086,3,12,-9
113900087,25,178,-153
113900088,29,55,-26
113900089,166,47,119
113900090,271,211,60
113900091,22,22,0
113900092,49,39,10
113900093,51,395,-344
113900094,121,353,-232
113900095,46,51,-5
113900096,107,36,71
113900097,4,123,-119
113900098,261,67,194
113900099,0,60,-60
113900100,0,0,0
113900101,8,32,-24
113900102,81,61,20
113900103,166,177,-11
113900104,55,125,-70
113900105,13,329,-316
113900106,0,100,-100
113900107,0,10,-10
113900108,198,115,83
113900109,233,85,148
113900110,15,29,-14
113900111,23,56,-33
113900112,24,59,-35
113900113,357,265,92
113900114,0,103,-103
113900115,0,44,-44
113900116,51,93,-42
113900117,67,5,62
113900118,100,134,-34
113900119,213,165,48
113900120,35,37,-2
113900121,51,70,-19
113900122,178,1418,-1240
113900123,195,153,42
113900124,1,29,-28
113900125,1270,143,1127
113900126,93,24,69
113900127,144,342,-198
113900128,93,29,64
113900129,5,50,-45
113900130,3,2,1
113900131,53,41,12
113900132,28,23,5
113900133,12,30,-18
113900135,121,383,-262
113900136,41,51,-10
113900137,166,155,11
113900138,38,116,-78
113900139,456,60,396
113900140,318,112,206
113900141,172,421,-249
113900142,47,74,-27
113900143,9,10,-1
113900144,221,96,125
113900145,119,174,-55
113900146,30,34,-4
113900148,112,126,-14
113900149,96,28,68
113900150,986,342,644
113900151,97,201,-104
113900152,7,54,-47
113900153,322,316,6
113900154,6,92,-86
113900155,248,37,211
113900156,135,460,-325
113900157,76,217,-141
113900158,255,65,190
113900159,8,185,-177
113900160,257,577,-320
113900161,36,144,-108
113900162,399,257,142
113900163,225,165,60
113900164,131,45,86
113900165,407,791,-384
113900166,178,62,116
113900167,229,19,210
113900168,93,90,3
113900169,112,331,-219
113900171,45,30,15
113900172,4,189,-185
113900173,36,583,-547
113900174,262,585,-323
113900175,167,68,99
113900176,98,602,-504
113900177,181,129,52
113900178,128,115,13
113900179,7,599,-592
113900180,98,79,19
113900181,263,123,140
113900182,297,806,-509
113900183,20,51,-31
113900184,16,549,-533
113900185,150,47,103
113900186,15,26,-11
113900187,36,112,-76
113900188,38,101,-63
113900189,142,45,97
113900190,311,63,248
113900191,75,154,-79
113900192,2,160,-158
113900193,17,245,-228
113900194,1567,757,810
113900195,317,353,-36
113900196,2,106,-104
113900197,0,265,-265
113900198,9,120,-111
113900199,139,475,-336
113900200,4,168,-164
113900201,0,199,-199
113900202,37,202,-165
113900203,1,193,-192
113900204,19,499,-480
113900205,3,88,-85
113900206,9,119,-110
113900207,0,42,-42
113900208,0,46,-46
113900209,0,75,-75
113900210,342,366,-24
113900211,106,16,90
113900212,85,494,-409
113900214,393,229,164
113900215,15,77,-62
113900216,13,1160,-1147
113900217,23,285,-262
113900218,42,26,16
113900219,85,482,-397
113900220,80,39,41
113900221,225,111,114
113900222,304,177,127
113900223,49,947,-898
113900224,89,41,48
113900225,638,127,511
113900226,214,91,123
113900227,329,130,199
113900228,335,209,126
113900229,21,366,-345
113900230,3563,934,2629
113900231,68,138,-70
113900232,43,59,-16
113900233,26,54,-28
113900234,95,285,-190
113900235,47,22,25
113900236,34,337,-303
113900237,53,6,47
113900238,125,246,-121
113900239,28,37,-9
113900240,1,59,-58
113900241,56,42,14
113900242,45,85,-40
113900243,74,316,-242
113900244,434,123,311
113900245,1069,189,880
113900246,12,28,-16
113900247,114,113,1
113900248,3272,594,2678
113900249,1042,142,900
113900250,29,102,-73
113900251,320,157,163
113900252,252,9,243
113900253,293,25,268
113900254,298,64,234
113900255,243,8,235
113900256,320,21,299
113900257,23,714,-691
113900258,4,538,-534
113900259,238,198,40
113900260,52,16,36
113900261,1,131,-130
113900262,86,691,-605
113900263,48,434,-386
113900264,10,520,-510
113900265,137,163,-26
113900266,20,252,-232
113900267,59,393,-334
113900268,141,228,-87
113900269,32,76,-44
113900270,220,265,-45
113900271,347,1141,-794
113900273,5,11,-6
113900274,13,7,6
113900275,10,36,-26
113900276,5,240,-235
113900277,29,1,28
113900278,214,135,79
113900279,97,69,28
113900280,1122,479,643
113900281,194,710,-516
113900282,563,261,302
113900283,200,239,-39
113900284,692,90,602
113900285,96,12,84
113900286,4,119,-115
113900287,6,107,-101
113900288,0,71,-71
113900289,1199,46,1153
113900290,337,57,280
113900291,155,168,-13
113900292,4,0,4
113900293,1,142,-141
113900294,201,11,190
113900295,282,154,128
113900296,2447,291,2156
113900297,449,19,430
113900298,6,1192,-1186
113900299,17,103,-86
113900300,5067,1652,3415
113900301,593,197,396
113900302,2255,529,1726
113900303,542,133,409
113900304,2,150,-148
113900305,42,1,41
113900306,10,0,10
113900307,10,0,10
113900308,77,86,-9
113900309,5,745,-740
113900310,0,16,-16
113900311,0,0,0
113900312,72,83,-11
113900313,21,5,16
113900314,21,436,-415
113900315,196,291,-95
114000001,798,2694,-1896
114000002,89,398,-309
114000003,109,806,-697
114000004,198,356,-158
114000005,129,209,-80
114000006,2821,1634,1187
114000007,315,1182,-867
114000008,947,783,164
114000009,239,146,93
114000011,1772,2810,-1038
114000012,1076,2423,-1347
114000013,811,2022,-1211
114000014,368,473,-105
114000015,475,399,76
114000016,156,348,-192
114000017,71,144,-73
114000018,342,73,269
114000026,520,1414,-894
114000027,1123,1779,-656
114000028,1209,1550,-341
114000038,54,138,-84
114000039,56,186,-130
114000040,76,127,-51
114000042,70,210,-140
114000043,56,230,-174
114000044,78,162,-84
114000045,27,88,-61
114000046,2056,3786,-1730
114000047,13,46,-33
114000048,44,130,-86
114000049,1023,750,273
114000050,1506,764,742
114000051,3201,1122,2079
114000052,2086,945,1141
114000053,28,368,-340
114000054,46,1247,-1201
114000055,123,20,103
114000056,1268,470,798
114000057,7084,1844,5240
114000058,399,324,75
114000059,137,132,5
114000060,337,604,-267
114000061,2823,909,1914
114000062,1855,436,1419
114000063,3221,1401,1820
114000064,7220,1857,5363
114000065,1715,1684,31
114000066,234,574,-340
114000067,17,218,-201
114000068,378,308,70
114000069,628,263,365
114000070,2035,931,1104
114000071,353,451,-98
114000072,102,331,-229
114000073,3,112,-109
114000074,9,20,-11
114000075,25,166,-141
114000076,7,175,-168
114000077,5,55,-50
114000078,76,1188,-1112
114000079,33,29,4
114000080,63,82,-19
114000081,34,107,-73
114000082,26,517,-491
114000083,23,231,-208
114000084,69,55,14
114000085,132,670,-538
114000086,74,597,-523
114000087,22,240,-218
114000088,55,68,-13
114000089,1191,408,783
114000090,538,304,234
114000091,1467,298,1169
114000092,707,193,514
114000093,575,403,172
114000094,259,343,-84
114000095,59,63,-4
114000096,79,550,-471
114000097,108,1052,-944
114000098,235,39,196
114000099,138,766,-628
114000100,338,601,-263
114000101,194,1175,-981
114000102,169,228,-59
114000103,76,419,-343
114000104,1,223,-222
114000105,11,42,-31
114000106,610,245,365
114000107,54,111,-57
114000108,2577,1233,1344
114000109,261,441,-180
114000110,353,1744,-1391
114000111,588,371,217
114000112,213,2379,-2166
114000113,480,313,167
114000114,979,1801,-822
114000115,1031,463,568
114000116,221,633,-412
114000117,856,268,588
114000118,871,285,586
114000119,659,180,479
114000120,479,936,-457
114000121,276,524,-248
114000122,272,263,9
114000123,582,201,381
114000124,219,232,-13
114000125,685,1762,-1077
114000126,525,130,395
114000127,65,121,-56
114000128,531,471,60
114000130,233,351,-118
114000131,83,19,64
114000132,498,630,-132
114000133,797,950,-153
114000134,39,179,-140
114000138,35,160,-125
114000139,265,91,174
114000144,456,202,254
114000145,53,170,-117
114000146,53,287,-234
114000147,604,633,-29
114000148,2168,933,1235
114000149,272,140,132
114000150,1389,543,846
114000151,1142,745,397
114000152,117,19,98
114000153,1256,1081,175
114000154,599,535,64
114000155,905,1181,-276
114000156,602,282,320
114000157,199,619,-420
114000158,2030,514,1516
114000159,230,286,-56
114000160,168,139,29
114000161,1338,800,538
114000162,611,635,-24
114000163,5,128,-123
114000165,217,97,120
114000166,521,134,387
114000167,4125,908,3217
114000168,689,556,133
114000169,1471,463,1008
114000170,688,400,288
114000171,452,891,-439
114000174,155,365,-210
114000176,464,267,197
114000177,1820,611,1209
114000178,48,77,-29
114000179,1092,609,483
114000180,326,446,-120
114000181,1029,1567,-538
114000182,4531,1949,2582
114000183,875,906,-31
114000184,6136,1542,4594
114000185,672,763,-91
114000189,236,34,202
114000190,889,84,805
114000191,21,22,-1
114000192,272,1393,-1121
114000193,834,2850,-2016
114000194,798,1151,-353
114000195,47,8,39
114000196,5,242,-237
114000197,381,89,292
114000198,991,297,694
114000199,1524,932,592
114000200,506,2230,-1724
114000201,105,1017,-912
114000202,537,878,-341
114000203,352,1029,-677
114000204,66,323,-257
114000205,184,1571,-1387
114000206,246,1052,-806
114000207,462,2100,-1638
114000208,294,2982,-2688
114000209,487,3215,-2728
114000210,285,1568,-1283
114000211,677,1342,-665
114000212,417,702,-285
114000213,757,501,256
114000214,52,158,-106
114000215,90,63,27
114000216,589,274,315
114000217,103,275,-172
114000218,76,291,-215
114000219,549,244,305
114000220,16,1435,-1419
114000221,222,93,129
114000222,144,1209,-1065
114000223,253,49,204
114000224,82,631,-549
114000225,84,440,-356
114000226,27,187,-160
114000227,618,441,177
114000228,441,828,-387
114000229,427,1139,-712
114000230,1086,1363,-277
114000231,464,1106,-642
114000232,281,67,214
114000233,875,95,780
114000234,806,952,-146
114000235,562,1470,-908
114000236,1,491,-490
114000237,57,1067,-1010
114000238,19,146,-127
114000239,98,1317,-1219
114000240,391,530,-139
114000241,221,1078,-857
114000242,729,885,-156
114000243,635,605,30
114000244,369,406,-37
114000245,241,549,-308
114000246,129,32,97
114000247,362,620,-258
114000248,442,392,50
114000249,286,452,-166
114000250,266,399,-133
114000251,89,313,-224
114000252,49,119,-70
114000253,20,225,-205
114000254,13,74,-61
114000255,341,111,230
114000256,1690,299,1391
114000257,575,1798,-1223
114000258,75,430,-355
114000259,53,228,-175
114000260,0,24,-24
114000261,22,15,7
114000262,17,126,-109
114000263,5,2,3
114000264,239,553,-314
114000265,0,2,-2
114000267,3,1081,-1078
114000268,1,1900,-1899
114000270,69,4,65
114000271,219,75,144
114000283,368,434,-66
114000285,30,251,-221
114000288,21,406,-385
114000289,663,142,521
114000293,83,391,-308
114000294,155,253,-98
114000395,767,61,706
114000396,147,222,-75
114000402,206,298,-92
114000403,158,545,-387
114000405,77,610,-533
114000423,79,502,-423
114000424,131,212,-81
114000425,161,578,-417
114000426,156,384,-228
114000427,55,91,-36
114000428,238,47,191
114000429,3,185,-182
114000432,54,146,-92
114000434,28,85,-57
114000435,0,108,-108
114900001,207,1372,-1165
114900002,222,41,181
114900003,145,1880,-1735
114900004,142,159,-17
114900005,162,873,-711
114900006,17,16,1
114900007,64,6,58
114900008,51,23,28
114900010,2308,1256,1052
114900011,38,66,-28
114900013,63,69,-6
114900015,13,91,-78
114900018,620,47,573
114900020,59,30,29
114900022,11,890,-879
114900024,40,53,-13
114900025,174,170,4
114900026,57,46,11
114900027,57,79,-22
114900029,74,24,50
114900030,95,168,-73
114900031,93,25,68
114900032,95,28,67
114900033,517,68,449
114900034,43,202,-159
114900035,114,206,-92
114900036,166,1043,-877
114900037,24,80,-56
114900038,57,502,-445
114900039,279,694,-415
114900040,43,186,-143
114900041,194,635,-441
114900042,339,807,-468
114900043,341,120,221
114900044,42,13,29
114900046,8,52,-44
114900047,153,872,-719
114900048,36,284,-248
114900049,25,318,-293
114900050,19,719,-700
114900051,21,497,-476
114900052,61,152,-91
114900053,22,185,-163
114900054,31,84,-53
114900057,155,8,147
114900058,0,52,-52
114900059,31,20,11
114900060,580,120,460
114900061,19,57,-38
114900062,99,97,2
114900063,45,189,-144
114900064,421,607,-186
114900065,152,490,-338
114900067,15,325,-310
114900068,52,286,-234
114900069,184,116,68
114900070,133,618,-485
114900072,4,258,-254
114900073,1,172,-171
114900074,114,804,-690
114900075,48,2,46
114900076,6,273,-267
114900080,2676,354,2322
114900082,3501,1057,2444
114900083,421,565,-144
114900090,96,105,-9
114900091,76,178,-102
114900095,141,42,99
114900096,231,199,32
114900097,32,1,31
114900098,1,191,-190
114900099,36,2,34
115000001,8532,5904,2628
115000002,2208,2386,-178
115000003,3219,4191,-972
115000004,1774,3393,-1619
115000005,1040,2950,-1910
115000006,401,1095,-694
115000007,70,117,-47
115000008,328,397,-69
115000009,99,280,-181
115000010,157,102,55
115000013,82,126,-44
115000015,127,181,-54
115000016,75,193,-118
115000019,8,294,-286
115000020,108,258,-150
115000021,215,335,-120
115000022,331,253,78
115000023,184,245,-61
115000024,834,464,370
115000025,486,375,111
115000026,90,267,-177
115000027,95,201,-106
115000028,114,483,-369
115000029,234,80,154
115000030,207,575,-368
115000031,580,135,445
115000032,8,302,-294
115000033,113,9,104
115000034,89,897,-808
115000035,559,21,538
115000036,1,418,-417
115000037,213,3,210
115000038,38,124,-86
115000039,2605,1529,1076
115000040,5879,2782,3097
115000041,661,1653,-992
115000042,463,511,-48
115000043,2157,2037,120
115000044,2454,3932,-1478
115000045,1607,2545,-938
115000046,1005,2053,-1048
115000047,1069,1700,-631
115000048,1034,2940,-1906
115000049,1220,2445,-1225
115000050,1950,1585,365
115000051,1883,1087,796
115000052,3058,1770,1288
115000053,1220,985,235
115000054,762,1249,-487
115000055,63,348,-285
115000056,151,204,-53
115000057,231,647,-416
115000058,147,160,-13
115000059,136,214,-78
115000061,104,77,27
115000062,105,320,-215
115000063,122,293,-171
115000064,222,148,74
115000065,21,171,-150
115000067,188,35,153
115000069,39,259,-220
115000070,30,524,-494
115000071,88,11,77
115000072,24,46,-22
115000073,1402,40,1362
115000075,24,41,-17
115000076,2626,3025,-399
115000077,919,3464,-2545
115000078,464,1935,-1471
115000079,628,2197,-1569
115000080,1173,2580,-1407
115000081,359,768,-409
115000082,2233,2155,78
115000083,1258,3106,-1848
115000084,700,905,-205
115000085,256,1102,-846
115000086,415,864,-449
115000087,484,1428,-944
115000088,1091,444,647
115000089,1442,1363,79
115000090,734,519,215
115000091,232,1217,-985
115000092,247,296,-49
115000093,305,0,305
115000094,6965,3711,3254
115000095,5507,3432,2075
115000096,408,1911,-1503
115000097,336,821,-485
115000098,421,847,-426
115000099,1099,3064,-1965
115000100,413,406,7
115000101,284,1383,-1099
115000102,261,141,120
115000103,275,873,-598
115000105,55,252,-197
115000106,226,176,50
115000107,97,637,-540
115000108,3603,2631,972
115000109,4859,1961,2898
115000110,920,555,365
115000111,506,1338,-832
115000112,347,290,57
115000113,443,605,-162
115000114,1413,694,719
115000116,2269,933,1336
115000117,2822,1221,1601
115000118,1240,1093,147
115000119,1333,1281,52
115000120,390,587,-197
115000121,1591,591,1000
115000122,3606,562,3044
115000123,1441,827,614
115000124,579,418,161
115000125,298,451,-153
115000126,101,243,-142
115000127,262,110,152
115000128,837,661,176
115000129,258,120,138
115000130,226,955,-729
115000131,272,228,44
115000132,55,427,-372
115000133,107,347,-240
115000134,86,148,-62
115000135,53,238,-185
115000136,82,190,-108
115000137,74,153,-79
115000138,105,183,-78
115000139,107,235,-128
115000140,115,163,-48
115000141,73,331,-258
115000142,56,315,-259
115000143,262,399,-137
115000144,232,57,175
115000145,189,477,-288
115000146,195,142,53
115000147,203,567,-364
115000148,274,1419,-1145
115000149,220,141,79
115000150,516,1196,-680
115000151,339,302,37
115000152,349,1492,-1143
115000153,395,280,115
115000154,371,240,131
115000155,344,1140,-796
115000156,671,364,307
115000157,744,880,-136
115000158,425,282,143
115000159,668,293,375
115000160,447,211,236
115000161,131,504,-373
115000162,578,473,105
115000163,508,441,67
115000164,454,472,-18
115000165,288,269,19
115000167,58,53,5
115000168,591,179,412
115000169,461,369,92
115000170,129,95,34
115000171,203,133,70
115000172,1580,417,1163
115000173,195,167,28
115000174,45,156,-111
115000175,71,49,22
115000176,57,39,18
115000177,53,59,-6
115000178,10,228,-218
115000179,19,12,7
115000180,48,576,-528
115000181,202,113,89
115000182,281,248,33
115000183,128,856,-728
115000186,347,214,133
115000187,77,539,-462
115000188,345,423,-78
115000189,181,403,-222
115000190,403,360,43
115000191,137,343,-206
115000194,119,88,31
115000195,222,133,89
115000196,52,114,-62
115000197,78,360,-282
115000198,76,169,-93
115000199,65,309,-244
115000200,155,121,34
115000201,77,328,-251
115000206,98,46,52
115000207,22,276,-254
115000208,436,610,-174
115000209,405,92,313
115000210,51,95,-44
115000211,92,144,-52
115000212,1259,225,1034
115000224,122,48,74
115000225,42,57,-15
115000229,216,133,83
115000230,81,295,-214
115000231,253,2361,-2108
115000232,669,342,327
115000233,44,175,-131
115000234,12,158,-146
115000241,29,326,-297
115000242,38,312,-274
115000243,41,257,-216
115000244,3,87,-84
115000246,21,8,13
115000247,14,5,9
115000248,4,4,0
115000249,25,4,21
115000250,169,28,141
115000251,94,122,-28
115000252,16,127,-111
115000253,16,162,-146
115000258,98,175,-77
115000259,247,137,110
115000261,10,33,-23
115000262,3,19,-16
115000263,6,31,-25
115000264,15,39,-24
115000267,35,80,-45
115000268,26,63,-37
115000269,101,63,38
115000270,0,16,-16
115000272,19,130,-111
115000273,196,34,162
115000280,2679,59,2620
115000281,638,103,535
115000282,603,260,343
115000284,298,61,237
115000296,462,5,457
115000297,57,33,24
115000298,17,73,-56
115000300,59,213,-154
115000302,111,173,-62
115000303,239,110,129
115000304,261,65,196
115000305,37,1005,-968
115000306,39,554,-515
115000307,22,265,-243
115000308,52,25,27
115000309,7,9,-2
115000310,440,1374,-934
115000311,270,1212,-942
115000313,93,678,-585
115000314,178,36,142
115000315,1210,286,924
115000316,36,52,-16
115000317,89,482,-393
115000318,457,154,303
115000319,74,247,-173
115000320,12,99,-87
115000321,431,8,423
115000322,34,233,-199
115000449,202,90,112
115000557,2,443,-441
115000558,161,62,99
115000587,215,228,-13
115000588,1743,3697,-1954
115000589,1962,2309,-347
115000590,579,1412,-833
115000591,1060,548,512
115000592,559,1297,-738
115000593,1046,398,648
115000594,778,1222,-444
115000609,107,169,-62
115000617,1493,1087,406
115000624,111,91,20
115000633,289,1615,-1326
115000634,1942,520,1422
115000635,208,79,129
115000638,1024,740,284
115000641,85,64,21
115000642,354,173,181
115000643,89,385,-296
115000644,138,403,-265
115000646,467,761,-294
115000647,100,335,-235
115000648,735,1364,-629
115000893,3524,731,2793
115000894,35,976,-941
115000895,333,723,-390
115000896,907,309,598
115000897,376,42,334
115000898,521,148,373
115000899,917,870,47
115000900,74,245,-171
115000901,77,52,25
115000912,116,63,53
115000913,0,39,-39
115000915,6,0,6
115000916,5,0,5
115000917,0,6,-6
115000918,64,118,-54
115000919,20,1,19
115000920,25,26,-1
115000921,1073,31,1042
115000922,1217,355,862
115000923,482,733,-251
115000925,36,61,-25
115000927,8,22,-14
115000933,355,130,225
115000934,60,188,-128
115000935,40,84,-44
115000936,46,188,-142
115000937,1180,104,1076
115000938,253,89,164
115000939,342,104,238
115000940,8,6,2
115000941,1,8,-7
115000942,41,29,12
115000943,86,9,77
115000944,2,3,-1
115900001,15,79,-64
115900002,76,119,-43
115900003,41,114,-73
115900004,1,52,-51
115900005,41,3,38
115900006,30,384,-354
115900008,19,6,13
115900009,41,254,-213
115900010,107,219,-112
115900011,171,233,-62
115900012,30,90,-60
115900013,223,113,110
115900014,65,150,-85
115900015,15,123,-108
115900016,39,18,21
115900017,2,1,1
115900018,150,99,51
115900019,123,24,99
115900020,6,0,6
115900021,1736,97,1639
115900022,2304,11,2293
115900023,23,2,21
115900025,46,115,-69
115900026,703,362,341
115900027,2,398,-396
115900028,494,37,457
115900029,5,467,-462
115900030,35,4,31
115900031,453,131,322
115900032,234,579,-345
115900033,0,31,-31
115900034,16,581,-565
115900035,33,113,-80
115900036,200,264,-64
115900037,16,530,-514
115900038,0,2,-2
115900039,74,269,-195
115900041,222,259,-37
115900042,5,2,3
115900043,28,105,-77
115900044,170,162,8
115900046,111,274,-163
115900047,40,42,-2
115900049,67,163,-96
115900051,0,77,-77
115900052,9,257,-248
115900053,52,250,-198
115900054,63,52,11
115900055,22,139,-117
115900056,56,312,-256
115900057,10,0,10
115900058,32,64,-32
115900060,17,94,-77
115900061,70,1,69
115900062,8,297,-289
115900063,50,11,39
115900064,126,225,-99
115900065,13,105,-92
115900066,148,158,-10
115900067,0,826,-826
115900068,3497,103,3394
115900069,28,202,-174
115900070,75,232,-157
115900071,0,607,-607
115900072,56,163,-107
115900073,30,25,5
115900074,4,360,-356
115900075,16,274,-258
115900076,1,98,-97
115900077,13,321,-308
115900078,29,155,-126
115900079,58,10,48
115900080,280,126,154
115900081,5,72,-67
115900082,101,95,6
115900084,89,30,59
115900085,51,41,10
115900086,1211,325,886
115900088,19,29,-10
115900089,107,706,-599
115900090,101,16,85
115900091,0,14,-14
115900092,42,240,-198
115900093,4,63,-59
115900094,1,446,-445
115900096,0,20,-20
115900097,2,473,-471
115900098,72,437,-365
115900099,21,94,-73
115900100,2,470,-468
115900101,90,389,-299
115900102,10,94,-84
115900103,85,218,-133
115900104,18,139,-121
115900105,56,668,-612
115900106,25,21,4
115900107,9,173,-164
115900108,19,36,-17
115900109,21,347,-326
115900110,1,14,-13
115900111,1,67,-66
115900112,10,683,-673
115900113,22,15,7
115900114,4,139,-135
115900115,9,105,-96
115900116,69,747,-678
115900117,39,10,29
115900118,2,397,-395
115900119,40,81,-41
115900120,22,300,-278
115900121,69,188,-119
115900124,107,217,-110
115900125,104,17,87
115900126,261,51,210
115900127,290,32,258
115900128,5,61,-56
115900129,306,12,294
115900130,20,189,-169
115900131,98,6,92
115900132,125,11,114
115900134,121,8,113
115900135,548,398,150
115900137,5,3,2
115900139,59,81,-22
115900140,120,7,113
115900141,9,33,-24
115900142,8,6,2
115900143,78,206,-128
115900144,28,145,-117
115900146,1,162,-161
115900147,125,165,-40
115900148,11,16,-5
115900149,24,26,-2
115900150,19,77,-58
115900151,14,60,-46
115900152,23,326,-303
115900153,36,195,-159
115900154,392,252,140
115900155,0,67,-67
115900156,333,519,-186
115900157,52,285,-233
115900158,28,3,25
115900159,10,154,-144
115900160,8,6,2
115900161,16,129,-113
115900163,53,90,-37
115900164,115,30,85
115900166,135,152,-17
115900168,25,137,-112
115900171,36,210,-174
115900172,16,92,-76
115900173,106,113,-7
115900174,207,200,7
115900175,39,145,-106
115900178,3,656,-653
115900179,93,25,68
115900180,21,306,-285
115900181,38,241,-203
115900182,142,344,-202
115900183,89,17,72
115900184,1497,22,1475
115900187,5,77,-72
115900189,1,60,-59
115900190,137,288,-151
115900191,34,401,-367
115900192,5,26,-21
115900193,70,29,41
115900194,167,19,148
115900195,360,537,-177
115900198,122,174,-52
115900199,153,179,-26
115900200,205,214,-9
115900201,269,147,122
115900202,0,8,-8
115900203,1,5,-4
115900204,0,2,-2
115900205,10,10,0
115900206,58,134,-76
115900207,11,32,-21
115900208,37,296,-259
115900209,2,101,-99
115900210,3,137,-134
115900211,0,117,-117
115900212,54,198,-144
115900213,27,25,2
115900214,148,272,-124
115900215,10,26,-16
115900216,4,64,-60
115900217,0,62,-62
115900218,1,40,-39
115900219,30,4,26
115900220,37,5,32
115900221,14,12,2
115900222,13,3,10
115900223,7,58,-51
115900224,1407,238,1169
115900225,86,11,75
115900226,15,24,-9
115900227,1,23,-22
115900228,2,30,-28
115900229,1,29,-28
115900230,33,41,-8
115900231,51,0,51
115900232,17,0,17
115900233,57,4,53
115900234,17,7,10
115900235,3,7,-4
115900236,10,7,3
115900237,3,17,-14
115900238,12,14,-2
115900239,6,18,-12
115900240,7,68,-61
115900241,71,90,-19
115900242,149,109,40
115900243,6,3,3
115900244,3,18,-15
115900245,19,7,12
115900246,4,1,3
115900247,4,1,3
115900248,3,3,0
115900249,0,1,-1
115900250,1,8,-7
115900251,0,4,-4
115900252,2,4,-2
115900253,1,4,-3
115900254,5,8,-3
115900255,5,7,-2
115900256,24,8,16
115900257,1,0,1
115900258,0,4,-4
115900259,4,5,-1
115900260,4,0,4
115900261,5,2,3
115900262,2,4,-2
115900263,3,4,-1
115900264,22,1,21
115900265,0,4,-4
115900266,4,2,2
115900267,6,3,3
115900268,2,5,-3
115900269,148,362,-214
115900270,139,676,-537
115900271,27,0,27
115900272,9,1,8
115900273,7,7,0
115900274,2,8,-6
115900275,1,45,-44
115900276,0,68,-68
115900277,0,169,-169
115900278,10,96,-86
115900279,6,130,-124
115900280,10,124,-114
115900281,518,85,433
115900282,10,5,5
115900283,0,0,0
115900284,5,8,-3
116000001,17307,4388,12919
116000002,3531,3404,127
116000003,1258,1681,-423
116000004,996,1182,-186
116000005,2039,3234,-1195
116000006,1270,857,413
116000007,2627,3817,-1190
116000008,2225,1269,956
116000009,1609,2696,-1087
116000010,1032,705,327
116000011,603,1796,-1193
116000012,453,448,5
116000013,14877,3626,11251
116000014,18743,4718,14025
116000015,444,540,-96
116000016,6924,1270,5654
116000017,35,295,-260
116000018,608,297,311
116000019,374,205,169
116000020,312,940,-628
116000021,135,226,-91
116000022,200,439,-239
116000023,415,376,39
116000024,614,1288,-674
116000025,516,413,103
116000026,1297,1985,-688
116000027,232,380,-148
116000028,214,357,-143
116000029,728,472,256
116000030,226,203,23
116000031,91,153,-62
116000032,251,245,6
116000033,175,489,-314
116000034,294,815,-521
116000035,226,442,-216
116000036,1785,341,1444
116000037,518,370,148
116000038,445,266,179
116000039,513,188,325
116000040,604,147,457
116000041,242,395,-153
116000042,266,173,93
116000043,23,463,-440
116000044,23,155,-132
116000045,928,862,66
116000046,844,696,148
116000047,1471,1437,34
116000048,1340,1128,212
116000049,534,1484,-950
116000050,864,1195,-331
116000051,1621,1377,244
116000052,2161,2672,-511
116000053,967,933,34
116000054,419,2033,-1614
116000055,257,1446,-1189
116000056,505,895,-390
116000057,2200,1893,307
116000058,2096,1454,642
116000059,1778,2956,-1178
116000060,2781,719,2062
116000061,413,636,-223
116000062,466,204,262
116000063,373,928,-555
116000066,102,249,-147
116000067,249,609,-360
116000068,126,147,-21
116000069,202,395,-193
116000078,177,755,-578
116000080,718,816,-98
116000082,0,97,-97
116000083,715,278,437
116000084,1836,3821,-1985
116000085,1291,664,627
116000086,2064,1388,676
116000087,829,775,54
116000088,582,1215,-633
116000089,66,25,41
116000090,97,133,-36
116000091,117,105,12
116000093,639,439,200
116000094,278,578,-300
116000095,344,494,-150
116000096,478,935,-457
116000097,321,653,-332
116000098,194,3378,-3184
116000099,8189,289,7900
116000100,47,9,38
116000101,248,1505,-1257
116000102,124,1279,-1155
116000103,229,229,0
116000104,81,1553,-1472
116000105,390,187,203
116000106,474,1207,-733
116000107,1396,380,1016
116000108,25,133,-108
116000111,33,23,10
116000113,78,31,47
116000114,25,154,-129
116000115,128,59,69
116000116,167,528,-361
116000117,762,1747,-985
116000118,784,1437,-653
116000119,1174,1465,-291
116000120,2005,4362,-2357
116000121,357,289,68
116000122,1141,2270,-1129
116000123,205,345,-140
116000124,223,1097,-874
116000125,958,377,581
116000126,147,1354,-1207
116000127,776,1481,-705
116000128,765,559,206
116000129,431,164,267
116000130,201,172,29
116000133,260,806,-546
116000134,964,2556,-1592
116000135,813,1053,-240
116000136,742,2342,-1600
116000137,530,476,54
116000138,1136,312,824
116000139,1378,1977,-599
116000140,70,231,-161
116000141,316,1079,-763
116000142,3562,3931,-369
116000143,1677,1144,533
116000144,869,3062,-2193
116000145,1082,1199,-117
116000146,206,387,-181
116000147,150,81,69
116000148,216,283,-67
116000149,271,439,-168
116000151,436,1044,-608
116000153,51,382,-331
116000155,116,157,-41
116000156,891,890,1
116000157,38,13,25
116000158,194,279,-85
116000159,10,10,0
116000160,11,95,-84
116000161,5,73,-68
116000162,52,32,20
116000163,10,4,6
116000164,6,10,-4
116000177,40,96,-56
116000194,33,261,-228
116000195,1037,536,501
116000196,0,0,0
116000197,2,6,-4
116000198,2348,847,1501
116000200,610,179,431
116000201,390,527,-137
116000202,2,323,-321
116000203,3,83,-80
116000204,5,24,-19
116000205,0,147,-147
116000206,5,72,-67
116000207,0,18,-18
116000233,102,750,-648
116000287,60,553,-493
116000288,64,225,-161
116000292,0,0,0
116000296,14,227,-213
116000297,58,15,43
116000304,48,43,5
116000305,13,103,-90
116000346,35,179,-144
116000352,65,52,13
116000354,32,14,18
116000357,20,8,12
116000358,80,24,56
116000361,615,8,607
116000372,9010,1670,7340
116000381,56,0,56
116000388,0,35,-35
116000389,334,438,-104
116000445,105,775,-670
116000446,137,976,-839
116000447,5,415,-410
116000448,426,217,209
116000563,646,424,222
116000565,67,385,-318
116000568,45,77,-32
116000579,20,92,-72
116000583,33,63,-30
116000584,0,17,-17
116000585,12,11,1
116000586,221,54,167
116000587,250,453,-203
116000589,41,89,-48
116000590,40,95,-55
116000591,43,222,-179
116000592,7,136,-129
116000593,1,52,-51
116000594,127,546,-419
116000595,257,144,113
116000596,15,4,11
116000597,100,34,66
116000598,10,183,-173
116000605,150,138,12
116000606,20,129,-109
116000607,16,101,-85
116000609,157,453,-296
116000611,72,564,-492
116000612,469,1625,-1156
116000613,196,284,-88
116000614,362,839,-477
116000615,1,105,-104
116000616,16,134,-118
116000617,40,156,-116
116000618,2,139,-137
116000619,4,41,-37
116000620,39,39,0
116000621,22,42,-20
116000622,41,89,-48
116000624,52,55,-3
116000627,18,143,-125
116000628,20,1113,-1093
116000629,6,532,-526
116000630,135,31,104
116000631,41,49,-8
116000632,169,66,103
116000633,76,396,-320
116000634,108,310,-202
116000635,3230,1217,2013
116000636,1612,703,909
116000637,145,119,26
116000638,52,551,-499
116000639,7,1,6
116000640,9,9,0
116000641,10,37,-27
116000643,0,57,-57
116000644,4,1243,-1239
116000645,4,13,-9
116900001,131,98,33
116900002,183,3,180
116900003,8,63,-55
116900004,18,31,-13
116900005,70,54,16
116900006,153,142,11
116900007,80,192,-112
116900008,122,525,-403
116900009,14,1,13
116900010,4,1775,-1771
116900011,41,49,-8
116900012,66,198,-132
116900013,3,171,-168
116900014,21,353,-332
116900016,45,0,45
116900017,0,647,-647
116900018,18,22,-4
116900019,1,332,-331
116900020,1484,253,1231
116900023,42,3,39
116900025,335,1017,-682
116900026,100,619,-519
116900027,7,40,-33
116900028,3,99,-96
116900029,1,6,-5
116900031,0,5,-5
116900032,7,327,-320
116900033,1,12,-11
116900034,1,72,-71
116900035,66,149,-83
116900036,1,82,-81
116900038,2,1,1
116900041,25,9,16
116900042,887,171,716
116900043,2,76,-74
116900047,62,24,38
116900049,43,275,-232
116900050,44,345,-301
116900051,39,256,-217
116900052,116,80,36
116900055,2,2,0
116900057,3,266,-263
116900058,15,369,-354
116900059,0,179,-179
116900060,119,215,-96
116900062,0,3,-3
116900064,28,940,-912
116900065,10,72,-62
116900067,43,137,-94
116900068,107,496,-389
116900070,0,4,-4
116900072,6,446,-440
116900073,3,182,-179
116900074,1,35,-34
116900076,6,19,-13
116900077,2,118,-116
116900078,198,94,104
116900079,15,290,-275
116900080,2,8,-6
116900081,164,1169,-1005
116900082,86,918,-832
116900083,20,57,-37
116900084,167,41,126
116900085,4,47,-43
116900086,14,176,-162
116900088,243,54,189
116900090,85,37,48
116900091,75,50,25
116900092,51,768,-717
116900093,1456,1380,76
116900094,6093,1534,4559
116900095,107,157,-50
116900096,41,27,14
116900097,3324,1141,2183
116900098,886,128,758
116900099,386,265,121
116900100,334,26,308
116900101,217,639,-422
116900103,6,2,4
116900104,23,61,-38
116900105,210,22,188
116900106,554,300,254
116900107,3885,899,2986
116900110,14,0,14
116900111,101,1222,-1121
116900112,101,816,-715
116900113,2603,758,1845
116900116,76,159,-83
116900117,14,62,-48
116900118,1038,418,620
116900120,75,63,12
116900121,32,29,3
116900122,159,877,-718
116900123,39,919,-880
116900124,65,689,-624
116900125,65,82,-17
116900126,143,391,-248
116900128,0,44,-44
116900129,2,256,-254
116900130,828,1328,-500
116900131,18,106,-88
116900132,14,71,-57
116900133,53,87,-34
116900134,106,211,-105
116900136,48,146,-98
116900137,167,158,9
116900138,129,182,-53
116900139,46,387,-341
116900140,115,145,-30
116900141,296,261,35
116900142,4,29,-25
116900143,91,450,-359
116900144,1,22,-21
116900145,38,287,-249
116900147,490,204,286
116900148,1,40,-39
116900149,16,97,-81
116900150,0,20,-20
116900151,73,8,65
116900153,42,47,-5
116900154,510,111,399
116900155,34,64,-30
116900157,122,205,-83
116900158,35,65,-30
116900159,18,160,-142
116900160,321,204,117
116900161,7862,2613,5249
116900162,15,171,-156
116900163,50,107,-57
116900164,26,14,12
116900165,67,119,-52
116900166,9,102,-93
116900167,116,54,62
116900168,77,61,16
116900169,520,143,377
116900170,79,267,-188
116900171,15,155,-140
116900172,171,66,105
116900173,51,38,13
116900174,9,32,-23
116900175,137,73,64
116900178,5,160,-155
116900179,57,78,-21
116900180,64,18,46
116900182,179,155,24
116900183,65,46,19
116900185,3,18,-15
116900186,39,350,-311
116900187,17,11,6
116900188,71,5,66
116900189,0,0,0
116900191,151,223,-72
116900192,123,97,26
116900194,35,360,-325
116900195,14,4,10
116900196,23,139,-116
116900197,29,2,27
116900198,238,93,145
116900200,11,39,-28
116900201,22,5,17
116900202,129,46,83
116900203,60,1,59
116900204,38,39,-1
116900206,3,37,-34
116900207,10,16,-6
116900208,8,100,-92
116900209,7,115,-108
116900210,195,130,65
116900211,133,8,125
116900212,11,71,-60
116900213,126,147,-21
116900214,55,145,-90
116900215,13,71,-58
116900216,128,310,-182
116900218,91,344,-253
116900219,597,286,311
116900220,42,114,-72
116900221,40,225,-185
116900222,282,201,81
116900223,67,133,-66
116900226,8,42,-34
116900227,71,48,23
116900228,105,240,-135
116900230,39,891,-852
116900233,163,158,5
116900234,2,1,1
116900235,119,265,-146
116900238,1083,261,822
116900239,5,548,-543
116900240,5322,1861,3461
116900241,18,137,-119
116900242,1740,159,1581
116900243,2,40,-38
116900245,22,15,7
116900246,33,16,17
116900247,177,11,166
116900248,33,12,21
116900249,67,86,-19
116900250,77,18,59
116900251,385,89,296
116900252,28,847,-819
116900254,3,60,-57
116900255,45,15,30
116900256,99,50,49
116900257,7,541,-534
116900258,1,372,-371
116900259,27,3,24
116900260,1,163,-162
116900261,16,0,16
116900262,42,180,-138
116900263,0,11,-11
116900264,2,7,-5
116900265,11,0,11
116900266,28,157,-129
116900267,2,1,1
116900268,15,6,9
116900269,216,383,-167
116900271,1771,48,1723
116900272,518,492,26
116900273,227,19,208
116900274,19,49,-30
116900275,64,129,-65
116900276,440,35,405
116900277,119,4,115
116900278,5,6,-1
116900279,0,12,-12
116900280,345,14,331
116900281,6943,1484,5459
116900282,6,194,-188
116900283,14,164,-150
116900284,21,163,-142
116900285,356,105,251
116900286,184,6,178
116900287,1,55,-54
116900288,32,124,-92
116900289,5,30,-25
116900290,0,24,-24
116900291,0,9,-9
116900292,0,5,-5
116900293,15,105,-90
116900294,18,118,-100
116900295,68,20,48
116900296,37,77,-40
116900297,3,39,-36
116900298,101,20,81
116900299,41,22,19
116900300,1,134,-133
116900301,57,96,-39
116900302,42,36,6
116900303,396,42,354
116900304,0,129,-129
116900305,21,35,-14
116900306,67,127,-60
116900307,38,3,35
116900308,1,268,-267
116900309,55,216,-161
117000001,768,968,-200
117000002,1272,3510,-2238
117000003,4790,2234,2556
117000004,3673,4707,-1034
117000005,1049,1166,-117
117000006,815,4482,-3667
117000007,1924,1159,765
117000008,928,3940,-3012
117000009,3416,1253,2163
117000010,2371,4055,-1684
117000011,980,1931,-951
117000012,1064,1805,-741
117000013,831,1266,-435
117000014,744,2466,-1722
117000015,2444,1012,1432
117000016,493,48,445
117000017,447,125,322
117000018,146,184,-38
117000019,161,22,139
117000020,797,844,-47
117000021,3542,545,2997
117000022,382,53,329
117000023,624,137,487
117000024,385,60,325
117000025,768,515,253
117000026,2772,579,2193
117000027,3813,881,2932
117000028,4116,429,3687
117000030,1012,535,477
117000031,441,157,284
117000032,1693,1198,495
117000033,733,711,22
117000034,267,312,-45
117000035,182,176,6
117000036,367,290,77
117000037,240,152,88
117000038,235,375,-140
117000039,253,298,-45
117000040,110,1328,-1218
117000041,394,130,264
117000044,11,1247,-1236
117000045,226,47,179
117000046,369,854,-485
117000047,498,493,5
117000048,1799,1245,554
117000049,122,398,-276
117000050,72,2623,-2551
117000051,1202,191,1011
117000052,12,623,-611
117000053,84,56,28
117000054,857,6,851
117000055,171,3354,-3183
117000056,303,8,295
117000057,673,1900,-1227
117000060,292,1890,-1598
117000061,829,573,256
117000062,133,478,-345
117000063,850,551,299
117000064,847,718,129
117000066,857,502,355
117000067,133,229,-96
117000074,165,115,50
117000076,125,40,85
117000077,112,67,45
117000078,90,537,-447
117000079,143,180,-37
117000080,4,372,-368
117000081,585,114,471
117000082,7,55,-48
117000083,76,12,64
117000084,270,3,267
117000085,139,442,-303
117000086,1201,740,461
117000087,86,397,-311
117000088,168,178,-10
117000089,751,225,526
117000090,186,1443,-1257
117000091,351,353,-2
117000092,235,1788,-1553
117000093,499,565,-66
117000094,455,2543,-2088
117000095,1353,688,665
117000096,378,2523,-2145
117000097,555,1160,-605
117000098,2456,5607,-3151
117000099,1374,631,743
117000100,128,145,-17
117000101,191,1382,-1191
117000102,669,453,216
117000103,672,1887,-1215
117000104,613,403,210
117000105,550,2023,-1473
117000106,574,729,-155
117000107,321,2415,-2094
117000108,740,636,104
117000109,1536,2824,-1288
117000110,972,485,487
117000111,2790,4304,-1514
117000112,1711,1699,12
117000113,67,313,-246
117000114,113,122,-9
117000115,42,141,-99
117000116,71,189,-118
117000117,1010,293,717
117000118,151,156,-5
117000119,98,26,72
117000120,410,56,354
117000121,273,343,-70
117000122,565,592,-27
117000123,1742,16,1726
117000124,844,12,832
117000125,470,34,436
117000126,57,62,-5
117000127,120,321,-201
117000128,507,508,-1
117000129,685,376,309
117000130,62,4,58
117000131,0,273,-273
117000132,788,31,757
117000133,363,97,266
117000134,0,64,-64
117000135,2,39,-37
117000136,1,47,-46
117000137,35,34,1
117000138,0,593,-593
117000140,356,1641,-1285
117000141,756,475,281
117000181,923,294,629
117000182,225,118,107
117000195,178,1364,-1186
117000196,39,48,-9
117000225,163,4,159
117000226,5,94,-89
117000276,51,2,49
117000277,4,601,-597
117000310,2091,2435,-344
117000315,38,504,-466
117000320,80,0,80
117000906,85,12,73
117000907,7,531,-524
117000909,72,29,43
117000910,182,76,106
117000911,107,238,-131
117000915,15,673,-658
117000916,22,2,20
117000917,373,6,367
117000918,23,30,-7
117000919,19,193,-174
117000920,4,1540,-1536
117000921,6,2218,-2212
117000922,23,157,-134
117000924,200,597,-397
117000926,1562,65,1497
117000927,2249,218,2031
117000928,2,286,-284
117000929,91,576,-485
117000930,85,29,56
117000931,954,38,916
117900002,90,375,-285
117900003,743,243,500
117900005,2,6,-4
117900006,0,41,-41
117900007,58,194,-136
117900008,0,38,-38
117900010,165,134,31
117900011,18,28,-10
117900012,42,194,-152
117900013,3,344,-341
117900014,522,247,275
117900015,19,275,-256
117900016,1190,323,867
117900017,280,594,-314
117900018,261,14,247
117900019,223,587,-364
117900020,77,222,-145
117900021,5,121,-116
117900023,696,110,586
117900024,66,160,-94
117900025,19,6,13
117900026,155,469,-314
117900028,33,1,32
117900029,132,995,-863
117900030,135,123,12
117900031,101,61,40
117900032,368,239,129
117900033,74,1033,-959
117900034,30,55,-25
117900035,48,26,22
117900036,95,714,-619
117900037,36,132,-96
117900038,26,410,-384
117900039,2,113,-111
117900040,110,570,-460
117900041,0,53,-53
117900042,4444,360,4084
117900043,28,49,-21
117900044,6,1980,-1974
117900045,91,65,26
117900048,96,338,-242
117900049,56,815,-759
117900050,8,35,-27
117900051,7,5,2
117900052,14,179,-165
117900053,603,733,-130
117900054,0,13,-13
117900055,100,98,2
117900056,452,24,428
117900057,706,1323,-617
117900058,108,11,97
117900059,195,50,145
117900060,533,5355,-4822
117900061,6,188,-182
117900063,118,239,-121
117900065,647,1069,-422
117900066,8,27,-19
117900067,286,308,-22
117900069,325,571,-246
117900070,170,2,168
117900071,75,110,-35
117900073,172,425,-253
117900074,95,3,92
117900075,30,57,-27
117900076,11,57,-46
117900077,114,86,28
117900078,183,307,-124
117900080,98,59,39
117900081,509,418,91
117900082,168,203,-35
117900083,186,814,-628
117900086,52,57,-5
117900087,21,58,-37
117900088,2488,1455,1033
117900089,814,204,610
117900090,189,892,-703
117900091,93,97,-4
117900092,59,49,10
117900093,22,83,-61
117900094,10,6,4
117900095,205,767,-562
117900096,32,260,-228
117900097,56,74,-18
117900098,8,2,6
117900099,46,426,-380
117900100,53,1,52
117900101,316,744,-428
117900102,39,40,-1
117900103,18,2,16
117900104,8,137,-129
117900105,114,216,-102
117900106,52,46,6
117900107,6,0,6
117900109,225,226,-1
117900110,37,0,37
117900111,119,8,111
117900112,16,8,8
117900113,3650,1176,2474
117900114,6,0,6
117900115,295,13,282
117900116,819,639,180
117900117,209,238,-29
117900118,17,1,16
117900119,34,309,-275
117900120,35,118,-83
117900121,37,20,17
117900122,863,1119,-256
117900123,370,739,-369
117900124,396,488,-92
117900125,889,646,243
117900126,304,450,-146
117900127,178,636,-458
117900128,141,880,-739
117900129,9,0,9
117900130,584,256,328
117900131,1,91,-90
117900132,10,109,-99
117900133,7,148,-141
117900134,29,185,-156
117900135,10,308,-298
117900136,0,88,-88
117900137,23,385,-362
117900138,0,54,-54
117900139,23,102,-79
117900140,5456,163,5293
117900141,197,241,-44
117900142,43,4,39
117900144,44,80,-36
117900145,62,5,57
117900146,139,84,55
117900147,22,60,-38
117900148,2564,733,1831
117900149,23,218,-195
117900150,25,89,-64
117900151,27,138,-111
117900152,93,59,34
117900153,9,82,-73
117900154,235,709,-474
117900156,542,606,-64
117900157,38,356,-318
117900158,71,47,24
117900160,257,210,47
117900161,1996,2125,-129
117900162,115,359,-244
117900163,55,4,51
117900165,0,3,-3
117900166,76,176,-100
117900168,45,174,-129
117900169,1,128,-127
117900170,0,39,-39
117900171,4,13,-9
117900172,7,38,-31
117900173,132,45,87
117900174,20,31,-11
117900175,2,27,-25
117900176,1,42,-41
117900177,4,65,-61
117900178,104,32,72
117900180,232,21,211
117900181,116,127,-11
117900182,0,22,-22
117900183,16,92,-76
117900184,2,18,-16
117900185,5,44,-39
117900186,10,20,-10
117900187,21,5,16
117900188,111,5,106
117900189,16,7,9
117900190,11,1,10
117900191,29,0,29
117900192,87,0,87
117900193,4,41,-37
117900194,7,7,0
117900195,6,10,-4
117900196,2,24,-22
117900207,95,72,23
117900208,18,42,-24
117900209,166,143,23
117900210,137,133,4
117900211,6,113,-107
117900212,82,138,-56
117900213,9,21,-12
117900214,2,37,-35
117900215,6,42,-36
117900216,53,5,48
117900217,173,43,130
117900218,278,132,146
117900219,4,23,-19
117900220,41,56,-15
117900222,186,207,-21
117900223,132,141,-9
118000001,710,358,352
118000002,1378,1612,-234
118000003,1448,956,492
118000004,3072,2112,960
118000005,5043,1440,3603
118000006,7568,6284,1284
118000007,6417,1861,4556
118000008,5839,2715,3124
118000009,1735,2041,-306
118000010,1784,3209,-1425
118000011,544,2319,-1775
118000012,824,2570,-1746
118000013,2658,2571,87
118000014,1777,3339,-1562
118000016,226,599,-373
118000017,119,353,-234
118000018,187,703,-516
118000019,1629,1089,540
118000020,809,1069,-260
118000021,610,1391,-781
118000022,1621,463,1158
118000023,889,187,702
118000024,1437,521,916
118000027,16698,4148,12550
118000029,1094,446,648
118000032,1572,1163,409
118000033,2313,1656,657
118000034,4433,1572,2861
118000035,1439,1289,150
118000036,1078,774,304
118000037,473,675,-202
118000038,94,129,-35
118000039,58,406,-348
118000040,1648,2058,-410
118000041,1635,1308,327
118000045,744,141,603
118000046,2042,487,1555
118000047,1733,412,1321
118000048,4358,1052,3306
118000051,2555,512,2043
118000052,1814,263,1551
118000053,560,417,143
118000054,3344,1454,1890
118000055,2744,1414,1330
118000056,359,236,123
118000057,384,242,142
118000058,2718,970,1748
118000059,1526,637,889
118000060,556,569,-13
118000061,419,1101,-682
118000062,391,148,243
118000063,289,339,-50
118000064,792,906,-114
118000065,4952,1178,3774
118000066,629,653,-24
118000067,1688,985,703
118000068,1889,2501,-612
118000069,3444,1034,2410
118000070,8113,1341,6772
118000071,3841,3454,387
118000072,2045,880,1165
118000073,3185,386,2799
118000074,254,499,-245
118000075,1124,259,865
118000076,1123,1030,93
118000077,1109,1009,100
118000078,1548,1461,87
118000079,226,261,-35
118000080,1003,715,288
118000081,1266,970,296
118000082,283,589,-306
118000083,2026,777,1249
118000084,2426,1139,1287
118000086,150,471,-321
118000087,5934,2153,3781
118000088,1853,1590,263
118000089,3624,2059,1565
118000090,2117,1929,188
118000091,1372,1314,58
118000092,1208,349,859
118000093,114,624,-510
118000096,353,438,-85
118000097,366,430,-64
118000098,235,202,33
118000099,213,833,-620
118000101,515,315,200
118000102,260,1762,-1502
118000107,3271,348,2923
118000108,420,745,-325
118000110,0,31,-31
118000111,2,714,-712
118000112,158,0,158
118000113,7,1041,-1034
118000114,99,4,95
118000115,7,5,2
118000116,23,1,22
118000117,1057,836,221
118000118,799,554,245
118000119,552,783,-231
118000120,1281,1296,-15
118000121,83,448,-365
118000122,956,178,778
118000123,47,239,-192
118000125,1689,900,789
118000126,549,1144,-595
118000127,1509,594,915
118000128,761,931,-170
118000129,817,237,580
118000130,2619,3759,-1140
118000131,789,1086,-297
118000132,1853,1445,408
118000133,370,328,42
118000135,350,217,133
118000136,93,487,-394
118000137,496,71,425
118000138,183,749,-566
118000139,93,101,-8
118000140,1565,2257,-692
118000141,1135,2073,-938
118000142,828,2006,-1178
118000143,747,785,-38
118000144,1368,938,430
118000145,1015,2961,-1946
118000146,860,1727,-867
118000147,551,1771,-1220
118000148,249,1384,-1135
118000149,528,1271,-743
118000150,151,227,-76
118000151,156,440,-284
118000153,497,1007,-510
118000154,555,1303,-748
118000155,481,1234,-753
118000156,1941,1898,43
118000157,222,304,-82
118000158,192,465,-273
118000159,7,50,-43
118000160,232,395,-163
118000161,204,951,-747
118000162,438,530,-92
118000163,293,479,-186
118000164,2071,876,1195
118000168,1112,131,981
118000169,766,1704,-938
118000170,3222,6325,-3103
118000171,155,628,-473
118000172,110,236,-126
118000173,569,1027,-458
118000175,165,294,-129
118000176,168,384,-216
118000177,95,534,-439
118000178,29,19,10
118000179,1344,454,890
118000180,529,601,-72
118000181,605,304,301
118000182,221,276,-55
118000183,150,179,-29
118000184,242,989,-747
118000185,709,663,46
118000186,408,708,-300
118000187,535,977,-442
118000188,253,202,51
118000189,172,803,-631
118000190,6,5,1
118000191,12,19,-7
118000192,287,162,125
118000193,91,210,-119
118000194,1773,1005,768
118000195,1100,475,625
118000196,315,82,233
118000197,193,71,122
118000198,523,280,243
118000199,592,255,337
118000200,69,150,-81
118000201,409,240,169
118000202,37,25,12
118000203,1700,292,1408
118000204,196,157,39
118000205,414,304,110
118000206,89,177,-88
118000207,0,85,-85
118000208,837,1392,-555
118000209,1020,1820,-800
118000210,28,23,5
118000211,15,33,-18
118000213,898,536,362
118000214,631,215,416
118000215,150,412,-262
118000216,785,2922,-2137
118000217,18,150,-132
118000218,46,111,-65
118000219,385,409,-24
118000220,2,22,-20
118000221,86,178,-92
118000222,53,19,34
118000223,13,23,-10
118000224,200,139,61
118000225,75,833,-758
118000226,444,94,350
118000227,988,254,734
118000228,131,107,24
118000229,289,24,265
118000230,39,270,-231
118000231,71,152,-81
118000232,325,920,-595
118000233,570,831,-261
118000234,107,291,-184
118000236,153,330,-177
118000237,37,675,-638
118000238,99,212,-113
118000239,149,285,-136
118000240,515,57,458
118000241,52,300,-248
118000242,155,697,-542
118000243,46,151,-105
118000244,27,201,-174
118000246,0,6,-6
118000255,51,229,-178
118000256,85,210,-125
118000259,1,38,-37
118000260,57,98,-41
118000261,14,67,-53
118000263,54,176,-122
118000266,83,322,-239
118000267,0,55,-55
118000268,182,1,181
118000270,36,38,-2
118000271,92,228,-136
118000272,49,27,22
118000273,59,72,-13
118000274,54,331,-277
118000276,138,222,-84
118000295,1,57,-56
118000298,135,479,-344
118000299,62,213,-151
118000301,0,45,-45
118000302,66,101,-35
118000311,99,91,8
118000312,81,172,-91
118000313,14,120,-106
118000314,22,76,-54
118000315,8,81,-73
118000316,317,485,-168
118000325,4,93,-89
118000326,9,32,-23
118000331,6,45,-39
118000332,14,40,-26
118000333,16,43,-27
118000335,54,0,54
118000336,0,299,-299
118000407,49,81,-32
118000457,6,38,-32
118000465,3598,1998,1600
118000480,12,114,-102
118000489,117,133,-16
118000490,174,474,-300
118000492,166,185,-19
118000510,80,6,74
118000514,129,248,-119
118000515,479,278,201
118000517,459,157,302
118000524,712,140,572
118000525,697,868,-171
118000530,6,116,-110
118000531,105,203,-98
118000532,77,269,-192
118000533,281,110,171
118000534,384,337,47
118000535,80,96,-16
118000536,700,308,392
118000537,10,41,-31
118000538,33,78,-45
118000539,10,51,-41
118000540,189,157,32
118000541,101,100,1
118000542,37,134,-97
118000543,102,171,-69
118000546,13,22,-9
118000553,0,4,-4
118000557,0,0,0
118000560,3081,571,2510
118000562,6,387,-381
118000563,1697,1502,195
118000576,120,234,-114
118000577,142,140,2
118000578,152,132,20
118000579,696,688,8
118000583,0,0,0
118000595,82,67,15
118000596,0,63,-63
118000597,72,114,-42
118000598,1,0,1
118000599,29,36,-7
118000600,2,9,-7
118000601,1,0,1
118000602,0,4,-4
118000603,1,59,-58
118000605,22,199,-177
118000606,28,522,-494
118900001,1062,515,547
118900002,953,372,581
118900003,73,6,67
118900004,9,40,-31
118900005,36,1,35
118900006,39,2,37
118900007,6,5,1
118900008,701,31,670
118900009,11,11,0
118900010,32,2,30
118900011,72,8,64
118900012,192,132,60
118900013,568,21,547
118900015,61,15,46
118900016,3,30,-27
118900017,125,138,-13
118900018,1049,6,1043
118900019,28,6,22
118900020,150,89,61
118900021,83,278,-195
118900022,99,112,-13
118900023,31,112,-81
118900024,25,145,-120
118900025,27,22,5
118900026,25,70,-45
118900027,326,244,82
118900028,41,167,-126
118900029,74,418,-344
118900030,70,37,33
118900031,73,92,-19
118900032,200,360,-160
118900033,217,738,-521
118900034,44,4,40
118900035,79,248,-169
118900036,461,511,-50
118900037,142,290,-148
118900038,124,339,-215
118900039,123,176,-53
118900040,136,112,24
118900041,85,150,-65
118900042,91,86,5
118900045,92,134,-42
118900046,633,158,475
118900047,741,230,511
118900048,75,161,-86
118900049,48,24,24
118900050,9,141,-132
118900051,69,43,26
118900052,56,227,-171
118900053,19,85,-66
118900054,44,67,-23
118900055,12,138,-126
118900056,121,84,37
118900057,171,172,-1
118900058,208,397,-189
118900059,15,60,-45
118900060,55,128,-73
118900062,28,166,-138
118900064,497,311,186
118900065,19,92,-73
118900066,29,98,-69
118900067,6213,1722,4491
118900068,1,94,-93
118900069,131,262,-131
118900071,0,38,-38
118900072,240,314,-74
118900073,42,108,-66
118900074,55,140,-85
118900075,15,53,-38
118900076,92,55,37
118900077,195,138,57
118900078,17,6,11
118900079,40,134,-94
118900080,2,46,-44
118900081,38,8,30
118900082,277,134,143
118900083,5,16,-11
118900084,8,7,1
118900085,340,889,-549
118900086,11,44,-33
118900087,10,102,-92
118900088,0,15,-15
118900089,23,3,20
118900090,266,394,-128
118900091,138,79,59
118900092,26,60,-34
118900093,90,10,80
118900096,55,39,16
118900097,86,586,-500
118900099,23,224,-201
118900100,69,159,-90
118900101,19,291,-272
118900102,11,44,-33
118900103,13,34,-21
118900104,32,61,-29
118900105,72,68,4
118900107,110,141,-31
118900108,19,62,-43
118900110,1407,321,1086
118900111,133,625,-492
118900112,35,103,-68
118900113,78,475,-397
118900114,5,60,-55
118900115,38,245,-207
118900116,45,182,-137
118900117,33,153,-120
118900118,124,477,-353
118900119,53,240,-187
118900120,70,180,-110
118900121,2,224,-222
118900122,2,366,-364
118900123,80,197,-117
118900124,24,130,-106
118900126,14,216,-202
118900129,108,126,-18
118900130,60,47,13
118900131,89,227,-138
118900132,206,115,91
118900133,12,45,-33
118900135,112,231,-119
118900136,146,767,-621
118900137,0,21,-21
118900139,81,531,-450
118900140,269,784,-515
118900141,28,319,-291
118900144,90,556,-466
118900145,18,134,-116
118900146,100,734,-634
118900147,84,123,-39
118900148,20,46,-26
118900150,114,285,-171
118900152,209,840,-631
118900157,90,99,-9
118900158,29,86,-57
118900159,1,178,-177
118900161,85,10,75
118900163,162,58,104
118900164,0,112,-112
118900165,10,270,-260
118900166,12,4,8
118900167,36,165,-129
118900168,0,41,-41
118900169,38,340,-302
118900170,20,84,-64
118900171,4,15,-11
118900174,21,36,-15
118900175,140,285,-145
118900176,33,113,-80
118900177,20,37,-17
118900178,6,56,-50
118900179,1,40,-39
118900181,36,66,-30
118900182,33,22,11
118900183,10,64,-54
118900184,72,16,56
118900185,44,107,-63
118900186,67,107,-40
118900187,96,274,-178
118900188,93,246,-153
118900189,5,366,-361
118900190,4,655,-651
118900191,52,39,13
118900192,45,21,24
118900193,117,5,112
118900195,257,803,-546
118900196,12,140,-128
118900197,62,73,-11
118900198,3,29,-26
118900199,20,66,-46
118900200,12,3,9
118900201,13,6,7
118900202,12,54,-42
118900203,12,43,-31
118900204,3,41,-38
118900205,3,24,-21
118900206,0,16,-16
119000001,661,864,-203
119000002,1371,2064,-693
119000003,700,1296,-596
119000004,1213,1028,185
119000005,1100,1240,-140
119000006,1241,1390,-149
119000007,2066,2644,-578
119000008,1316,1991,-675
119000009,3176,2043,1133
119000010,7972,3302,4670
119000011,5108,1538,3570
119000012,5159,2506,2653
119000013,2031,1025,1006
119000014,2179,3307,-1128
119000019,143,130,13
119000020,824,1134,-310
119000021,1796,1743,53
119000022,2668,1162,1506
119000023,332,150,182
119000024,1959,4205,-2246
119000025,11211,1109,10102
119000026,426,186,240
119000027,827,333,494
119000028,1827,1115,712
119000029,131,233,-102
119000030,304,1145,-841
119000031,476,720,-244
119000032,1903,1859,44
119000033,1459,1574,-115
119000034,842,995,-153
119000035,20,360,-340
119000036,630,1126,-496
119000037,717,2315,-1598
119000038,67,1162,-1095
119000039,110,271,-161
119000040,941,427,514
119000041,790,930,-140
119000048,3545,3854,-309
119000049,923,3765,-2842
119000050,1301,2164,-863
119000051,1666,893,773
119000052,2005,2855,-850
119000053,1380,1008,372
119000054,2169,3603,-1434
119000055,1887,3362,-1475
119000056,1343,2060,-717
119000057,1133,2444,-1311
119000058,1278,2114,-836
119000059,701,1506,-805
119000060,648,736,-88
119000061,542,800,-258
119000062,750,1177,-427
119000063,205,290,-85
119000064,1205,1511,-306
119000065,1467,3003,-1536
119000066,1066,784,282
119000067,1424,2516,-1092
119000068,838,940,-102
119000069,958,2460,-1502
119000070,1041,1057,-16
119000071,407,833,-426
119000072,5838,3320,2518
119000073,4133,4278,-145
119000074,562,3716,-3154
119000075,610,2129,-1519
119000076,348,740,-392
119000077,547,492,55
119000078,231,319,-88
119000079,67,761,-694
119000080,142,225,-83
119000081,101,327,-226
119000082,263,185,78
119000083,220,264,-44
119000084,264,544,-280
119000085,481,361,120
119000086,203,272,-69
119000087,1619,938,681
119000088,237,268,-31
119000089,37,134,-97
119000090,187,134,53
119000091,113,230,-117
119000092,695,271,424
119000093,3544,3559,-15
119000094,1453,4315,-2862
119000095,798,3013,-2215
119000097,2622,1485,1137
119000098,539,1290,-751
119000099,1570,1522,48
119000100,1631,1810,-179
119000101,1828,1945,-117
119000102,532,504,28
119000103,966,452,514
119000104,2909,1393,1516
119000105,445,590,-145
119000106,168,2084,-1916
119000107,299,452,-153
119000108,228,1429,-1201
119000109,60,241,-181
119000110,335,319,16
119000111,21,399,-378
119000112,158,94,64
119000113,2434,220,2214
119000114,461,336,125
119000115,147,88,59
119000116,114,63,51
119000117,58,220,-162
119000118,2,0,2
119000123,2087,619,1468
119000124,257,241,16
119000125,1088,1217,-129
119000126,345,1219,-874
119000127,212,925,-713
119000128,40,7,33
119000131,335,1160,-825
119000132,2,7,-5
119000133,0,8,-8
119000134,2610,502,2108
119000135,34,200,-166
119000136,75,321,-246
119000137,38,545,-507
119000138,96,462,-366
119000139,103,301,-198
119000140,81,257,-176
119000284,1381,2780,-1399
119000285,2391,2164,227
119000286,5590,4205,1385
119000287,1077,1915,-838
119000288,1325,1706,-381
119000289,2272,4063,-1791
119000290,122,545,-423
119000291,9,399,-390
119000293,58,153,-95
119000294,37,28,9
119000295,1887,487,1400
119000296,81,109,-28
119000297,0,0,0
119000302,4526,1413,3113
119000303,11,125,-114
119000310,0,0,0
119000314,1443,4024,-2581
119000315,7,726,-719
119000316,23,122,-99
119000317,33,557,-524
119900001,69,571,-502
119900002,45,267,-222
119900003,36,1255,-1219
119900004,260,282,-22
119900005,36,166,-130
119900006,86,266,-180
119900007,488,52,436
119900008,5,20,-15
119900009,287,494,-207
119900010,755,808,-53
119900011,7,28,-21
119900012,6,23,-17
119900013,1090,419,671
119900014,530,136,394
119900015,43,6,37
119900016,5,102,-97
119900017,4,42,-38
119900018,948,146,802
119900019,16,1,15
119900020,24,144,-120
119900021,67,27,40
119900022,85,194,-109
119900023,688,344,344
119900025,50,17,33
119900026,901,45,856
119900027,9,23,-14
119900028,118,31,87
119900029,4,4,0
119900030,354,346,8
119900031,9,131,-122
119900033,1776,131,1645
119900034,132,140,-8
119900037,49,24,25
119900038,16,89,-73
119900039,26,2,24
119900040,38,6,32
119900041,50,22,28
119900042,23,121,-98
119900043,20,153,-133
119900044,104,177,-73
119900046,16,81,-65
119900047,107,53,54
119900048,40,54,-14
119900049,28,5,23
119900050,26,42,-16
119900051,227,7,220
119900052,14,67,-53
119900053,53,201,-148
119900054,40,2,38
119900055,477,246,231
119900057,60,56,4
119900058,43,3,40
119900059,85,46,39
119900060,79,3,76
119900061,51,2,49
119900062,19,15,4
119900063,9,19,-10
119900065,140,11,129
119900067,37,13,24
119900068,86,4,82
119900069,28,4,24
119900070,217,3,214
119900071,125,2,123
119900073,1553,298,1255
119900074,14,8,6
119900075,5832,1468,4364
119900076,156,545,-389
119900077,203,1359,-1156
119900078,168,793,-625
119900079,357,305,52
119900080,89,339,-250
119900081,153,164,-11
119900082,309,178,131
119900083,320,64,256
119900084,361,87,274
119900085,129,31,98
119900086,175,1102,-927
119900087,191,134,57
119900088,56,63,-7
119900089,9,499,-490
119900090,165,51,114
119900091,12,1062,-1050
119900092,2,342,-340
119900093,495,70,425
119900094,15,147,-132
119900095,118,70,48
119900096,21,85,-64
119900097,326,130,196
119900098,10,46,-36
119900099,23,316,-293
119900100,2627,1231,1396
119900101,192,656,-464
119900102,18,300,-282
119900103,16,491,-475
119900104,27,281,-254
119900105,323,965,-642
119900106,6,277,-271
119900107,286,3813,-3527
119900108,1572,630,942
119900109,6,228,-222
119900110,371,693,-322
119900111,21,384,-363
119900112,3138,389,2749
119900113,64,554,-490
119900114,126,1730,-1604
119900115,47,1403,-1356
119900116,123,196,-73
119900117,155,991,-836
119900118,25,1293,-1268
119900119,62,206,-144
119900120,504,618,-114
119900121,114,1461,-1347
119900122,233,341,-108
119900123,128,266,-138
119900124,94,1017,-923
119900125,36,429,-393
119900126,5219,213,5006
119900127,2689,734,1955
119900128,193,747,-554
119900129,59,848,-789
119900130,39,246,-207
119900131,6,381,-375
119900132,0,339,-339
119900133,5,28,-23
119900134,2241,231,2010
119900135,3,448,-445
119900136,120,576,-456
119900138,360,645,-285
119900139,4,57,-53
119900140,2,183,-181
119900141,85,276,-191
119900142,0,9,-9
119900143,3,196,-193
119900144,2439,219,2220
119900145,31,287,-256
119900146,132,84,48
119900147,3,94,-91
119900148,36,42,-6
119900149,1556,1406,150
119900150,130,180,-50
119900151,1107,606,501
119900152,56,453,-397
119900153,59,46,13
119900154,13,803,-790
119900155,14,16,-2
119900156,6,1,5
119900157,17,273,-256
119900158,36,42,-6
119900159,8,1827,-1819
119900160,11,233,-222
119900161,107,260,-153
119900162,422,479,-57
119900163,163,47,116
119900164,0,1,-1
119900165,46,313,-267
119900166,23,19,4
119900167,63,81,-18
119900168,220,328,-108
119900169,112,151,-39
119900170,93,118,-25
119900171,347,480,-133
119900172,66,16,50
119900173,35,505,-470
119900174,34,250,-216
119900175,333,548,-215
119900177,8,248,-240
119900178,4,160,-156
119900179,21,159,-138
119900180,473,521,-48
119900181,25,33,-8
119900182,2,441,-439
119900183,93,1060,-967
119900184,2547,458,2089
119900185,10,84,-74
119900186,24,179,-155
119900187,5,567,-562
119900188,10,274,-264
119900189,260,171,89
119900190,45,77,-32
119900191,118,52,66
119900192,13,202,-189
119900193,118,132,-14
119900194,5,23,-18
119900195,9,169,-160
119900196,1559,396,1163
119900197,46,100,-54
119900198,29,478,-449
119900199,138,14,124
119900200,190,524,-334
119900201,371,124,247
119900202,204,66,138
119900203,64,147,-83
119900204,67,330,-263
119900205,172,636,-464
119900206,40,119,-79
119900208,67,74,-7
119900209,207,392,-185
119900210,14,26,-12
119900211,42,6,36
119900212,34,249,-215
119900213,1,40,-39
119900214,7,125,-118
119900215,11,107,-96
119900216,5,90,-85
119900217,4,79,-75
119900218,14,77,-63
119900219,7,135,-128
119900220,2,130,-128
119900221,10,486,-476
119900222,9,365,-356
119900223,19,114,-95
119900224,16,44,-28
119900225,1412,44,1368
119900226,1035,903,132
119900227,1165,244,921
119900228,11,250,-239
119900229,229,369,-140
119900230,1130,411,719
119900231,67,248,-181
119900232,148,47,101
119900233,21,1,20
119900234,9,20,-11
119900235,2,13,-11
119900236,12,207,-195
119900237,19,362,-343
119900238,1,82,-81
119900240,27,134,-107
119900241,91,265,-174
119900242,1065,545,520
119900244,615,910,-295
119900245,47,91,-44
119900246,164,150,14
119900247,5,25,-20
119900248,29,40,-11
119900249,125,34,91
119900253,3772,221,3551
119900254,60,170,-110
119900255,56,421,-365
119900256,135,1390,-1255
119900257,11,3,8
119900258,37,51,-14
119900259,2,223,-221
119900260,21,1,20
119900261,104,175,-71
119900262,1,288,-287
119900263,825,347,478
119900264,39,280,-241
119900265,95,399,-304
119900266,53,308,-255
119900267,49,322,-273
119900268,90,278,-188
119900269,310,1432,-1122
119900271,14,51,-37
119900272,63,33,30
119900275,22,3,19
119900276,5,0,5
119900277,4,4,0
119900278,120,25,95
119900279,66,62,4
119900280,1059,150,909
119900281,1,58,-57
119900282,21,9,12
119900283,6,387,-381
119900284,27,149,-122
119900285,9,24,-15
119900286,2,6,-4
119900288,2,33,-31
119900289,0,41,-41
119900290,0,44,-44
119900291,1,30,-29
119900292,24,4,20
119900293,7,62,-55
119900294,3,69,-66
119900295,3,49,-46
119900296,13,218,-205
119900297,1,19,-18
119900298,0,2,-2
119900299,8,223,-215
119900300,60,194,-134
119900301,16,2,14
119900302,6,33,-27
119900303,132,252,-120
119900304,41,6,35
119900305,10,72,-62
119900306,13,1,12
119900307,12,126,-114
119900308,5,6,-1
119900309,8,43,-35
119900310,183,303,-120
119900311,18,182,-164
119900312,20,70,-50
119900313,101,329,-228
119900314,48,164,-116
119900315,372,2660,-2288
119900318,4,12,-8
119900319,23,413,-390
119900320,80,843,-763
119900321,36,1,35
120000001,6659,6921,-262
120000002,1930,3468,-1538
120000003,3558,2080,1478
120000004,2977,2690,287
120000005,4860,2307,2553
120000006,1162,1442,-280
120000007,3130,2100,1030
120000008,1040,1381,-341
120000009,4805,937,3868
120000010,1422,3284,-1862
120000011,971,2059,-1088
120000012,1237,2939,-1702
120000013,1730,2716,-986
120000014,523,1590,-1067
120000015,2224,1540,684
120000016,2604,2362,242
120000017,1355,1517,-162
120000018,4565,5780,-1215
120000019,752,953,-201
120000020,2514,1946,568
120000021,1612,1524,88
120000022,2553,3016,-463
120000023,928,1658,-730
120000024,1477,2036,-559
120000025,1497,2281,-784
120000026,640,1969,-1329
120000027,1073,1682,-609
120000028,486,284,202
120000029,2266,355,1911
120000030,86,572,-486
120000031,1673,4492,-2819
120000032,9939,3251,6688
120000033,2164,1591,573
120000034,1005,2389,-1384
120000035,1030,2367,-1337
120000036,1782,3414,-1632
120000037,545,775,-230
120000038,10214,2708,7506
120000039,365,942,-577
120000040,58,104,-46
120000041,286,1955,-1669
120000042,1178,4608,-3430
120000043,3431,2500,931
120000044,2275,1073,1202
120000045,2478,1031,1447
120000046,1235,1390,-155
120000047,1832,2030,-198
120000048,8002,3021,4981
120000049,2144,2494,-350
120000050,2140,4749,-2609
120000051,3607,3643,-36
120000052,13892,2338,11554
120000053,856,4453,-3597
120000054,1315,6727,-5412
120000055,842,4434,-3592
120000056,2518,4582,-2064
120000057,1143,833,310
120000058,307,171,136
120000059,49,1022,-973
120000061,65,596,-531
120000062,250,227,23
120000063,1903,3043,-1140
120000064,185,1538,-1353
120000065,290,1832,-1542
120000066,89,480,-391
120000067,27,582,-555
120000068,133,1188,-1055
120000069,306,1511,-1205
120000070,27,1094,-1067
120000071,120,203,-83
120000072,161,472,-311
120000073,225,80,145
120000074,24,73,-49
120000075,185,200,-15
120000076,630,293,337
120000077,743,450,293
120000078,2771,588,2183
120000079,131,581,-450
120000080,98,258,-160
120000081,130,197,-67
120000082,146,212,-66
120000083,141,272,-131
120000084,447,552,-105
120000085,360,452,-92
120000086,216,761,-545
120000087,173,1220,-1047
120000088,520,1167,-647
120000089,661,507,154
120000090,267,422,-155
120000091,518,681,-163
120000092,719,459,260
120000093,140,506,-366
120000094,102,411,-309
120000095,536,756,-220
120000096,156,1116,-960
120000098,426,1066,-640
120000099,193,768,-575
120000100,360,1008,-648
120000101,265,455,-190
120000102,236,413,-177
120000103,773,363,410
120000104,915,196,719
120000105,1130,235,895
120000106,788,226,562
120000107,1314,315,999
120000108,473,98,375
120000109,463,44,419
120000110,53,1018,-965
120000111,89,1493,-1404
120000112,548,4806,-4258
120000113,395,3223,-2828
120000114,519,2658,-2139
120000115,253,2231,-1978
120000116,591,2210,-1619
120000117,1093,1617,-524
120000118,52,16,36
120000119,40,27,13
120000120,30,33,-3
120000121,29,39,-10
120000122,281,177,104
120000123,6384,2178,4206
120000124,289,532,-243
120000125,191,559,-368
120000126,329,608,-279
120000127,1096,565,531
120000128,2670,1504,1166
120000129,279,267,12
120000130,630,718,-88
120000131,183,398,-215
120000134,203,1464,-1261
120000135,86,221,-135
120000137,69,2364,-2295
120000138,175,446,-271
120000139,110,1098,-988
120000140,197,648,-451
120000141,64,582,-518
120000142,140,578,-438
120000143,0,123,-123
120000144,22,2,20
120000145,106,4,102
120000146,2005,603,1402
120000149,427,892,-465
120000150,5433,7167,-1734
120000151,368,446,-78
120000152,129,257,-128
120000153,84,708,-624
120000154,393,343,50
120000155,123,162,-39
120000156,1718,402,1316
120000157,806,609,197
120000158,531,925,-394
120000159,1776,2362,-586
120000160,1762,1074,688
120000161,895,2394,-1499
120000162,84,184,-100
120000163,191,1566,-1375
120000164,227,460,-233
120000165,147,885,-738
120000166,387,531,-144
120000167,16,11,5
120000168,3,64,-61
120000169,151,164,-13
120000170,145,142,3
120000171,20,46,-26
120000172,70,23,47
120000173,2640,165,2475
120000174,541,7,534
120000175,562,8,554
120000176,185,78,107
120000177,1145,448,697
120000178,99,6,93
120000179,439,14,425
120000180,478,39,439
120000181,103,76,27
120000182,84,69,15
120000183,7,143,-136
120000184,91,1326,-1235
120000186,80,70,10
120000187,78,23,55
120000188,238,36,202
120000190,1031,9,1022
120000191,1764,16,1748
120000192,2150,7,2143
120000193,540,3,537
120000195,130,5,125
120000196,186,23,163
120000197,66,106,-40
120000198,105,173,-68
120000199,51,2,49
120000200,51,0,51
120000201,6,13,-7
120000202,6,73,-67
120000203,12,415,-403
120000207,0,88,-88
120000208,13,361,-348
120000209,5,206,-201
120000210,159,82,77
120000211,39,1,38
120000212,44,0,44
120000213,46,532,-486
120000214,2,509,-507
120000215,0,154,-154
120000216,20,8,12
120000217,743,1351,-608
120000218,268,1635,-1367
120000219,11,859,-848
120000220,11,3158,-3147
120000225,581,0,581
120000226,129,0,129
120000227,557,16,541
120000228,7940,1345,6595
120000230,100,19,81
120000231,437,2433,-1996
120000233,60,11,49
120000235,79,931,-852
120000236,390,3,387
120000237,2,2487,-2485
120000238,0,113,-113
120000241,949,2603,-1654
120000412,1958,20,1938
120000413,75,553,-478
120000414,44,4,40
120000415,2,196,-194
120000416,14,10,4
120000417,12,98,-86
120000418,38,7,31
120000419,4,578,-574
120000420,83,15,68
120000421,15226,5821,9405
120000422,219,332,-113
120000423,1,50,-49
120000424,15,206,-191
120000436,112,287,-175
120000437,201,165,36
120000438,5290,299,4991
120000439,111,209,-98
120000443,77,0,77
120000444,437,535,-98
120000445,1345,1183,162
120000446,952,306,646
120000447,64,7,57
120000449,53,7,46
120000450,7,432,-425
120000451,43,198,-155
120000452,41,4,37
120000453,0,358,-358
120000454,49,10,39
120000455,51,46,5
120000456,3046,2069,977
120000457,1190,895,295
120000458,463,642,-179
120000459,55,64,-9
120000665,938,124,814
120000668,67,119,-52
120000669,61,484,-423
120000670,192,325,-133
120000671,485,263,222
120000672,98,463,-365
120900001,30,27,3
120900002,168,151,17
120900003,77,34,43
120900004,1,39,-38
120900005,10,1548,-1538
120900006,93,152,-59
120900007,117,210,-93
120900008,103,1420,-1317
120900009,263,60,203
120900010,158,36,122
120900011,264,83,181
120900012,1013,562,451
120900013,164,14,150
120900014,3,828,-825
120900015,180,52,128
120900016,307,40,267
120900017,3332,120,3212
120900018,27,485,-458
120900019,267,89,178
120900020,524,431,93
120900021,236,35,201
120900022,21,431,-410
120900023,58,30,28
120900024,1134,355,779
120900025,2171,670,1501
120900026,37,106,-69
120900027,436,140,296
120900028,113,37,76
120900029,80,123,-43
120900030,405,343,62
120900031,79,18,61
120900032,277,169,108
120900033,379,24,355
120900034,20,1289,-1269
120900035,18,50,-32
120900037,36,2,34
120900038,20,104,-84
120900039,24,17,7
120900040,66,0,66
120900041,76,11,65
120900042,117,89,28
120900043,9,3,6
120900044,51,427,-376
120900045,64,98,-34
120900046,126,2,124
120900047,66,30,36
120900048,51,17,34
120900049,109,0,109
120900050,3900,700,3200
120900051,107,106,1
120900052,201,1,200
120900053,99,63,36
120900054,1201,707,494
120900055,93,1,92
120900056,123,7,116
120900057,45,13,32
120900058,146,1,145
120900059,19,2,17
120900060,13,26,-13
120900061,189,245,-56
120900062,63,0,63
120900063,165,4,161
120900064,119,0,119
120900065,97,0,97
120900066,70,231,-161
120900067,115,18,97
120900068,48,1,47
120900069,67,72,-5
120900071,3,0,3
120900072,191,1,190
120900073,115,236,-121
120900074,179,5,174
120900076,94,0,94
120900077,3399,242,3157
120900078,223,664,-441
120900079,182,76,106
120900080,188,2776,-2588
120900081,282,1206,-924
120900082,473,199,274
120900083,15,1,14
120900084,79,142,-63
120900085,142,79,63
120900086,209,135,74
120900087,204,34,170
120900088,89,140,-51
120900089,4932,827,4105
120900090,38,238,-200
120900091,260,188,72
120900092,675,763,-88
120900093,4871,239,4632
120900094,448,155,293
120900095,136,17,119
120900096,8,73,-65
120900097,548,1249,-701
120900098,219,198,21
120900099,37,76,-39
120900100,52,482,-430
120900101,361,353,8
120900102,11,115,-104
120900103,19,97,-78
120900104,24,30,-6
120900105,19,1042,-1023
120900106,1407,657,750
120900107,396,163,233
120900108,8,1206,-1198
120900109,31,898,-867
120900110,9,638,-629
120900111,103,393,-290
120900112,11,1602,-1591
120900113,11,1117,-1106
120900114,31,235,-204
120900115,133,150,-17
120900116,70,611,-541
120900117,0,632,-632
120900118,1,1198,-1197
120900119,3562,3257,305
120900120,55,838,-783
120900121,38,393,-355
120900122,94,744,-650
120900123,3,631,-628
120900124,0,875,-875
120900125,8,1236,-1228
120900126,1064,716,348
120900127,4,657,-653
120900128,889,880,9
120900129,53,467,-414
120900130,6,639,-633
120900131,11,36,-25
120900132,248,349,-101
120900133,150,1083,-933
120900134,282,472,-190
120900135,4,775,-771
120900136,16,12,4
120900137,68,84,-16
120900138,22,253,-231
120900139,8,941,-933
120900140,2,53,-51
120900141,29,68,-39
120900142,17,987,-970
120900143,3,1235,-1232
120900144,0,227,-227
120900145,37,869,-832
120900146,3,1095,-1092
120900147,0,327,-327
120900148,78,110,-32
120900149,1,405,-404
120900150,7,584,-577
120900151,1,795,-794
120900152,0,57,-57
120900153,7,66,-59
120900154,1,277,-276
120900155,57,1337,-1280
120900156,18,489,-471
120900157,11,250,-239
120900158,17,641,-624
120900159,50,622,-572
120900160,14,400,-386
120900161,21,956,-935
120900162,20,1031,-1011
120900163,9,99,-90
120900164,5,2,3
120900165,2,11,-9
120900166,14,101,-87
120900167,95,43,52
120900169,28,661,-633
120900170,2582,1063,1519
120900171,1278,351,927
120900172,1275,114,1161
120900173,0,42,-42
120900174,2,96,-94
120900175,268,172,96
120900176,9,178,-169
120900177,1,326,-325
120900178,0,156,-156
120900179,719,395,324
120900180,112,70,42
120900181,21,71,-50
120900182,6,411,-405
120900183,412,47,365
120900184,163,46,117
120900185,1,349,-348
120900186,0,562,-562
120900187,147,486,-339
120900188,39,7,32
120900189,86,244,-158
120900190,3,11,-8
120900191,1,18,-17
120900192,14471,1688,12783
120900194,10,56,-46
120900195,55,300,-245
120900196,416,69,347
120900197,278,35,243
120900198,158,591,-433
120900199,176,130,46
120900200,116,79,37
120900201,710,113,597
120900202,3,269,-266
120900203,10,33,-23
120900204,292,418,-126
120900205,68,127,-59
120900206,4,16,-12
120900207,23,1186,-1163
121000001,1071,1030,41
121000002,1577,940,637
121000003,4001,1748,2253
121000004,2307,2594,-287
121000005,2049,2264,-215
121000006,2913,1161,1752
121000007,3008,2585,423
121000008,4444,2209,2235
121000009,8060,4409,3651
121000010,9749,2870,6879
121000011,10945,8277,2668
121000012,16374,5403,10971
121000013,4859,5214,-355
121000014,6790,5116,1674
121000015,4078,5175,-1097
121000016,4739,2867,1872
121000017,1433,3297,-1864
121000018,1866,1529,337
121000019,17296,7442,9854
121000020,10654,6333,4321
121000021,3145,2619,526
121000022,1380,1377,3
121000023,3824,2625,1199
121000024,2233,2533,-300
121000025,551,644,-93
121000026,321,98,223
121000027,1332,828,504
121000028,567,387,180
121000029,804,610,194
121000030,451,319,132
121000031,403,494,-91
121000032,175,65,110
121000034,327,92,235
121000035,110,65,45
121000036,1005,656,349
121000037,474,534,-60
121000038,516,444,72
121000039,254,279,-25
121000041,264,372,-108
121000042,144,227,-83
121000043,848,484,364
121000044,1811,572,1239
121000045,191,278,-87
121000046,235,555,-320
121000047,7,82,-75
121000049,1945,610,1335
121000050,330,869,-539
121000051,435,303,132
121000052,156,447,-291
121000053,317,48,269
121000054,25,168,-143
121000055,1578,802,776
121000056,847,1034,-187
121000057,135,274,-139
121000058,397,106,291
121000059,1791,707,1084
121000060,518,961,-443
121000061,88,117,-29
121000062,109,215,-106
121000063,621,458,163
121000064,482,601,-119
121000065,450,340,110
121000066,632,432,200
121000067,958,336,622
121000068,420,238,182
121000069,412,208,204
121000070,1693,1167,526
121000071,844,696,148
121000072,947,612,335
121000073,699,545,154
121000074,105,117,-12
121000075,39,32,7
121000076,982,251,731
121000077,215,65,150
121000078,53,118,-65
121000080,2708,530,2178
121000081,2212,1561,651
121000082,195,268,-73
121000083,317,152,165
121000084,190,87,103
121000085,352,441,-89
121000086,135,770,-635
121000087,51,237,-186
121000088,248,493,-245
121000089,411,216,195
121000090,306,316,-10
121000091,1792,478,1314
121000092,103,75,28
121000093,133,169,-36
121000094,434,322,112
121000095,197,403,-206
121000096,2236,1928,308
121000097,1219,1324,-105
121000098,408,1090,-682
121000099,389,717,-328
121000100,425,572,-147
121000101,116,202,-86
121000102,60,432,-372
121000103,54,282,-228
121000104,103,188,-85
121000105,178,260,-82
121000106,146,384,-238
121000107,1972,3435,-1463
121000109,1385,922,463
121000110,313,376,-63
121000114,2238,2154,84
121000115,740,768,-28
121000116,448,722,-274
121000117,1363,225,1138
121000118,942,226,716
121000119,192,250,-58
121000120,155,399,-244
121000121,374,805,-431
121000123,1334,557,777
121000127,78,95,-17
121000128,566,594,-28
121000129,273,444,-171
121000130,325,932,-607
121000131,2472,894,1578
121000132,1214,868,346
121000135,379,161,218
121000136,779,568,211
121000137,440,109,331
121000138,700,807,-107
121000139,443,119,324
121000141,142,118,24
121000142,914,407,507
121000143,137,12,125
121000144,965,679,286
121000145,308,1087,-779
121000146,998,620,378
121000147,443,315,128
121000148,674,918,-244
121000149,1465,894,571
121000152,310,455,-145
121000153,1277,392,885
121000154,589,401,188
121000155,916,935,-19
121000156,339,794,-455
121000157,1341,1632,-291
121000158,341,546,-205
121000159,102,572,-470
121000160,229,735,-506
121000161,55,383,-328
121000162,14,304,-290
121000165,1563,1516,47
121000166,43,592,-549
121000168,137,201,-64
121000169,30,141,-111
121000170,113,74,39
121000171,27,127,-100
121000172,311,402,-91
121000173,814,564,250
121000174,171,310,-139
121000175,395,449,-54
121000176,293,242,51
121000177,564,549,15
121000178,83,41,42
121000179,105,70,35
121000181,365,277,88
121000182,55,140,-85
121000183,20,59,-39
121000184,25,69,-44
121000185,7,129,-122
121000186,111,256,-145
121000187,78,235,-157
121000188,47,229,-182
121000192,394,242,152
121000193,573,336,237
121000194,2772,2034,738
121000195,497,1005,-508
121000196,799,194,605
121000197,236,586,-350
121000198,192,52,140
121000199,93,411,-318
121000200,196,59,137
121000201,3,190,-187
121000202,343,50,293
121000203,447,2323,-1876
121000204,1290,458,832
121000205,99,277,-178
121000206,89,34,55
121000207,1374,413,961
121000208,10,362,-352
121000209,91,457,-366
121000210,169,513,-344
121000211,99,135,-36
121000212,173,807,-634
121000213,7897,1984,5913
121000214,784,1535,-751
121000215,1094,631,463
121000216,397,525,-128
121000217,4048,1988,2060
121000218,607,1755,-1148
121000219,1150,343,807
121000220,365,69,296
121000221,144,211,-67
121000222,2630,1967,663
121000223,599,280,319
121000224,238,115,123
121000225,1184,786,398
121000226,1694,654,1040
121000227,11,200,-189
121000228,17,746,-729
121000229,49,425,-376
121000230,67,1845,-1778
121000231,321,26,295
121000232,340,167,173
121000233,424,280,144
121000234,19,12,7
121000235,61,81,-20
121000236,2,29,-27
121000237,27,17,10
121000238,5,62,-57
121000239,4,4,0
121000240,20,211,-191
121000241,71,19,52
121000242,42,149,-107
121000243,439,70,369
121000244,4,74,-70
121000245,10,8,2
121000246,2,97,-95
121000247,10,0,10
121000248,730,606,124
121000249,34,208,-174
121000250,91,114,-23
121000251,15,627,-612
121000252,43,17,26
121000253,183,620,-437
121000254,325,234,91
121000255,148,102,46
121000256,185,132,53
121000257,114,51,63
121000258,93,103,-10
121000259,34,34,0
121000260,20,86,-66
121000261,11,50,-39
121000262,908,483,425
121000263,277,480,-203
121000271,207,1568,-1361
121000273,49,9,40
121000274,2,26,-24
121000275,4,23,-19
121000276,1,8,-7
121000278,33,43,-10
121000279,28,18,10
121000280,39,33,6
121000289,134,25,109
121000290,966,635,331
121000294,41,170,-129
121000297,784,529,255
121000299,109,219,-110
121000300,628,521,107
121000302,197,646,-449
121000303,572,347,225
121000304,408,38,370
121000305,78,29,49
121000306,31,99,-68
121000308,97,250,-153
121000309,351,459,-108
121000310,42,415,-373
121000311,68,761,-693
121000312,266,165,101
121000313,450,486,-36
121000314,286,91,195
121000315,94,115,-21
121000530,589,1151,-562
121000531,769,1198,-429
121000532,4140,3383,757
121000533,2036,1897,139
121000918,14,255,-241
121000919,10,52,-42
121000938,1137,404,733
121000939,1829,287,1542
121000956,370,1416,-1046
121000957,2,8,-6
121000958,57,40,17
121000959,188,988,-800
121000960,1649,1933,-284
121000961,172,36,136
121000962,360,675,-315
121000973,1,268,-267
121000976,13,134,-121
121000979,210,34,176
121000981,364,101,263
121000982,132,209,-77
121000983,220,415,-195
121000984,14,43,-29
121000985,260,692,-432
121000986,52,382,-330
121000987,95,1473,-1378
121000988,255,101,154
121001302,372,80,292
121001308,5,6,-1
121001309,142,49,93
121001313,91,391,-300
121001314,3761,3907,-146
121001315,3523,1229,2294
121001326,260,361,-101
121900001,72,146,-74
121900002,35,25,10
121900003,248,10,238
121900004,90,280,-190
121900005,8,5,3
121900006,65,20,45
121900007,1560,2096,-536
121900008,736,53,683
121900009,392,23,369
121900010,210,5,205
121900011,98,283,-185
121900012,3,0,3
121900013,783,10,773
121900014,788,323,465
121900015,99,105,-6
121900016,1,20,-19
121900017,246,436,-190
121900018,253,5,248
121900019,164,198,-34
121900020,20,1,19
121900021,546,5,541
121900022,160,107,53
121900023,44,309,-265
121900024,308,35,273
121900025,348,196,152
121900026,153,25,128
121900027,95,69,26
121900028,183,8,175
121900029,55,171,-116
121900030,477,453,24
121900031,770,3496,-2726
121900032,40,41,-1
121900033,185,106,79
121900034,200,98,102
121900035,1668,1314,354
121900036,26,247,-221
121900037,145,480,-335
121900038,7,90,-83
121900039,397,18,379
121900040,20,57,-37
121900041,105,102,3
121900042,234,121,113
121900043,0,4,-4
121900044,245,12,233
121900046,145,125,20
121900047,70,52,18
121900048,5,93,-88
121900050,17,25,-8
121900051,47,102,-55
121900052,54,15,39
121900053,226,197,29
121900054,403,563,-160
121900055,9,12,-3
121900058,79,198,-119
121900059,184,140,44
121900060,57,286,-229
121900061,99,69,30
121900062,70,50,20
121900063,530,239,291
121900064,107,551,-444
121900066,24,18,6
121900067,4,9,-5
121900069,204,110,94
121900070,123,62,61
121900071,73,199,-126
121900072,18,125,-107
121900073,196,157,39
121900074,426,283,143
121900075,469,228,241
121900076,149,466,-317
121900077,0,3,-3
121900078,13,16,-3
121900079,2,0,2
121900080,297,307,-10
121900082,11,84,-73
121900084,8,257,-249
121900085,1,6,-5
121900086,12,43,-31
121900087,178,74,104
121900088,1941,1270,671
121900089,30,294,-264
121900090,5,85,-80
121900091,15,133,-118
121900092,31,75,-44
121900093,54,38,16
121900094,19,3,16
121900095,131,97,34
121900096,1358,247,1111
121900097,148,73,75
121900098,1,2,-1
121900099,85,58,27
121900100,139,93,46
121900101,58,83,-25
121900102,5,79,-74
121900103,416,153,263
121900104,626,177,449
121900105,61,51,10
121900106,1,6,-5
121900107,9,22,-13
121900108,0,10,-10
121900109,389,83,306
121900110,132,1145,-1013
121900111,593,96,497
121900112,228,73,155
121900113,40,96,-56
121900114,2,21,-19
121900117,72,18,54
121900118,1654,220,1434
121900119,61,89,-28
121900120,16,1527,-1511
121900121,393,36,357
121900122,15,19,-4
121900123,169,411,-242
121900124,64,200,-136
121900125,717,817,-100
121900127,8,51,-43
121900128,36,95,-59
121900129,1093,37,1056
121900130,63,162,-99
121900131,112,70,42
121900132,23,109,-86
121900133,68,160,-92
121900134,18,92,-74
121900135,1773,212,1561
121900136,84,442,-358
121900137,25,210,-185
121900138,31,168,-137
121900139,332,384,-52
121900140,19,125,-106
121900141,20,18,2
121900142,68,96,-28
121900143,4,86,-82
121900144,161,225,-64
121900145,91,114,-23
121900146,563,643,-80
121900147,42,124,-82
121900148,89,190,-101
121900149,257,510,-253
121900150,55,90,-35
121900151,37,180,-143
121900152,93,146,-53
121900153,60,313,-253
121900154,9,133,-124
121900155,0,63,-63
121900156,102,97,5
121900157,2,422,-420
121900158,35,72,-37
121900159,2,188,-186
121900160,18,165,-147
121900161,478,208,270
121900162,78,70,8
121900163,40,557,-517
121900164,317,139,178
121900165,112,157,-45
121900166,68,133,-65
121900167,116,63,53
121900168,207,99,108
121900169,8,214,-206
121900170,0,163,-163
121900171,329,341,-12
121900172,191,212,-21
121900173,759,182,577
121900174,14,28,-14
121900175,53,128,-75
121900176,409,1441,-1032
121900177,121,48,73
121900178,18,43,-25
121900179,124,108,16
121900180,4876,1845,3031
121900182,395,229,166
121900183,260,511,-251
121900184,42,376,-334
121900186,6,302,-296
121900187,10,78,-68
121900188,439,247,192
121900189,22,79,-57
121900190,140,419,-279
121900191,60,115,-55
121900192,367,354,13
121900193,30,164,-134
121900194,3,118,-115
121900195,51,67,-16
121900196,511,580,-69
121900197,186,1669,-1483
121900198,804,773,31
121900199,2,20,-18
121900200,37,137,-100
121900201,809,451,358
121900202,99,285,-186
121900203,191,587,-396
121900204,912,615,297
121900205,5,81,-76
121900206,5,7,-2
121900207,127,10,117
121900208,123,235,-112
121900209,44,43,1
121900210,749,852,-103
121900211,180,387,-207
121900212,124,79,45
121900213,73,63,10
121900214,4,329,-325
121900215,24,30,-6
121900216,19,58,-39
121900217,228,75,153
121900218,212,338,-126
121900220,82,6,76
121900221,179,523,-344
121900222,82,124,-42
121900223,71,40,31
121900224,20,31,-11
121900225,115,41,74
121900226,149,443,-294
121900227,64,223,-159
121900228,175,183,-8
121900230,72,48,24
121900231,208,210,-2
121900232,120,273,-153
121900233,189,196,-7
121900234,137,280,-143
121900235,200,217,-17
121900236,232,108,124
121900237,107,165,-58
121900238,84,119,-35
121900239,93,28,65
121900240,118,89,29
121900241,38,33,5
121900242,3,0,3
121900243,1,0,1
121900244,1,0,1
121900245,127,128,-1
121900246,984,349,635
121900248,985,592,393
121900250,288,197,91
121900251,246,21,225
121900252,630,93,537
121900253,141,804,-663
121900254,628,164,464
121900255,105,37,68
121900258,1762,1412,350
121900259,269,317,-48
121900260,11,115,-104
121900261,84,264,-180
121900262,339,368,-29
121900263,62,225,-163
121900264,1767,839,928
121900265,84,290,-206
121900266,103,174,-71
121900267,24,4,20
121900269,53,179,-126
121900270,4,98,-94
121900271,26,127,-101
121900273,342,1018,-676
121900274,159,152,7
121900277,203,1074,-871
121900278,53,601,-548
121900279,108,248,-140
121900280,94,168,-74
121900281,327,45,282
121900284,56,8,48
121900286,47,115,-68
121900287,11,19,-8
121900288,2,0,2
121900290,121,138,-17
121900291,352,379,-27
121900292,183,82,101
121900293,735,2319,-1584
121900294,229,3,226
121900295,26,192,-166
121900296,28,17,11
121900298,230,375,-145
121900299,0,0,0
121900300,16,1,15
121900301,13,8,5
121900302,0,80,-80
121900303,112,361,-249
121900304,1,29,-28
121900305,1,5,-4
121900306,43,0,43
121900307,44,15,29
121900308,23,345,-322
121900309,30,236,-206
121900310,20,461,-441
121900311,123,6,117
121900312,57,8,49
121900313,140,17,123
121900314,1,27,-26
121900315,1,0,1
121900316,0,18,-18
121900317,1,0,1
121900318,0,7,-7
121900319,3,21,-18
121900320,35,54,-19
121900321,2,0,2
121900322,1,26,-25
121900323,16,7,9
121900324,2,29,-27
121900325,4,0,4
121900326,2,22,-20
121900327,2,40,-38
121900328,0,21,-21
121900329,1,187,-186
121900330,1,52,-51
121900331,14,2,12
121900332,56,12,44
121900333,5,4,1
121900334,75,37,38
122000001,2600,2584,16
122000002,6033,997,5036
122000003,2127,1152,975
122000004,2782,752,2030
122000005,2477,773,1704
122000006,1941,322,1619
122000007,991,829,162
122000008,6633,2731,3902
122000009,621,195,426
122000010,1798,1713,85
122000011,3165,615,2550
122000012,1136,649,487
122000013,1763,1023,740
122000014,1254,1636,-382
122000015,1205,775,430
122000016,432,628,-196
122000017,951,1011,-60
122000018,1115,992,123
122000019,584,1179,-595
122000020,129,144,-15
122000021,526,342,184
122000022,1032,1266,-234
122000023,405,2298,-1893
122000024,1122,563,559
122000025,2033,808,1225
122000026,2228,588,1640
122000027,581,3671,-3090
122000028,696,255,441
122000029,321,203,118
122000030,390,60,330
122000031,112,204,-92
122000032,1340,2432,-1092
122000033,834,540,294
122000034,530,431,99
122000035,330,561,-231
122000036,414,589,-175
122000037,269,192,77
122000038,302,274,28
122000039,550,332,218
122000040,363,226,137
122000041,351,406,-55
122000042,189,321,-132
122000043,157,74,83
122000044,92,132,-40
122000045,1226,499,727
122000046,533,842,-309
122000047,239,123,116
122000048,2747,2878,-131
122000049,4046,1984,2062
122000050,1321,410,911
122000051,324,325,-1
122000052,454,172,282
122000053,124,446,-322
122000054,2166,1312,854
122000055,2061,1820,241
122000056,4478,2517,1961
122000057,3370,1877,1493
122000058,4114,954,3160
122000059,3349,985,2364
122000060,1112,404,708
122000061,807,170,637
122000062,1217,236,981
122000063,1047,433,614
122000064,3202,2499,703
122000065,5148,2418,2730
122000066,1260,910,350
122000067,1266,1091,175
122000068,693,1036,-343
122000069,423,366,57
122000070,416,2391,-1975
122000071,806,1256,-450
122000072,341,237,104
122000073,403,321,82
122000074,1647,1020,627
122000075,334,954,-620
122000076,1307,876,431
122000077,928,463,465
122000078,2874,1261,1613
122000079,1262,488,774
122000080,679,264,415
122000081,144,191,-47
122000082,1241,596,645
122000083,1091,3245,-2154
122000084,650,584,66
122000085,220,1132,-912
122000086,1689,3546,-1857
122000087,382,128,254
122000088,244,152,92
122000089,5154,2203,2951
122000090,196,263,-67
122000091,308,73,235
122000092,122,12,110
122000093,1278,890,388
122000094,5876,1252,4624
122000095,3314,1412,1902
122000096,2404,981,1423
122000098,2893,1141,1752
122000099,2134,515,1619
122000100,1589,484,1105
122000101,231,682,-451
122000102,1252,941,311
122000103,1490,1082,408
122000104,258,178,80
122000105,216,222,-6
122000106,594,455,139
122000107,737,395,342
122000108,324,791,-467
122000109,251,295,-44
122000110,265,475,-210
122000111,2084,932,1152
122000112,609,1133,-524
122000113,385,525,-140
122000114,2408,1129,1279
122000115,1680,965,715
122000116,405,419,-14
122000117,845,261,584
122000118,282,341,-59
122000119,2532,1155,1377
122000120,3440,1764,1676
122000121,4163,1672,2491
122000122,713,984,-271
122000123,2146,967,1179
122000124,1236,344,892
122000125,418,498,-80
122000126,692,574,118
122000127,1394,723,671
122000128,533,726,-193
122000129,280,467,-187
122000130,1678,439,1239
122000131,1884,414,1470
122000132,1096,352,744
122000133,1125,1526,-401
122000134,358,397,-39
122000135,596,844,-248
122000136,276,213,63
122000137,738,526,212
122000139,1306,2195,-889
122000140,1010,411,599
122000141,4292,643,3649
122000142,541,424,117
122000143,532,164,368
122000144,2037,595,1442
122000145,1657,648,1009
122000146,995,712,283
122000147,660,284,376
122000148,2376,913,1463
122000149,1755,728,1027
122000150,1162,635,527
122000151,455,337,118
122000152,483,257,226
122000153,421,266,155
122000154,313,152,161
122000155,1365,1638,-273
122000156,2652,1598,1054
122000157,1863,923,940
122000158,230,442,-212
122000159,1156,1088,68
122000160,5137,630,4507
122000161,1494,453,1041
122000162,1792,970,822
122000163,247,57,190
122000164,25,46,-21
122000165,617,624,-7
122000166,661,889,-228
122000167,203,185,18
122000168,134,423,-289
122000169,460,164,296
122000170,183,237,-54
122000171,23,88,-65
122000172,1218,1304,-86
122000173,1319,1746,-427
122000174,1526,639,887
122000175,1144,316,828
122000176,257,558,-301
122000177,1268,952,316
122000178,2632,1947,685
122000179,1526,2007,-481
122000180,1783,680,1103
122000181,1765,1889,-124
122000182,2331,762,1569
122000183,1452,834,618
122000184,3091,1392,1699
122000185,1459,886,573
122000186,561,670,-109
122000187,1448,1076,372
122000188,531,184,347
122000189,325,278,47
122000190,1008,831,177
122000191,938,380,558
122000192,1083,282,801
122000193,335,646,-311
122000194,510,114,396
122000195,114,336,-222
122000196,735,536,199
122000197,416,487,-71
122000198,420,803,-383
122000199,319,286,33
122000200,1208,432,776
122000201,1185,1283,-98
122000202,953,885,68
122000203,2318,1277,1041
122000204,1183,1464,-281
122000205,1139,812,327
122000206,1807,816,991
122000207,926,1060,-134
122000208,1593,1344,249
122000209,2138,313,1825
122000210,1446,1659,-213
122000211,903,1134,-231
122000212,569,398,171
122000213,900,1014,-114
122000214,1293,1485,-192
122000215,1596,1268,328
122000217,1647,1169,478
122000218,644,54,590
122000219,1346,911,435
122000220,426,750,-324
122000221,86,338,-252
122000222,537,82,455
122000223,926,438,488
122000225,587,239,348
122000226,891,1557,-666
122000227,190,1544,-1354
122000228,313,450,-137
122000229,14,370,-356
122000230,80,804,-724
122000231,159,606,-447
122000232,432,884,-452
122000233,1,123,-122
122000234,106,167,-61
122000235,316,158,158
122000236,350,131,219
122000237,75,45,30
122000238,88,148,-60
122000239,304,46,258
122000240,661,239,422
122000241,499,383,116
122000242,212,108,104
122000243,143,61,82
122000244,27,400,-373
122000245,51,327,-276
122000246,159,145,14
122000247,338,910,-572
122000248,1104,1907,-803
122000249,341,453,-112
122000250,1120,460,660
122000251,249,233,16
122000252,497,55,442
122000253,56,258,-202
122000254,121,64,57
122000255,495,1701,-1206
122000256,283,1302,-1019
122000257,89,388,-299
122000258,38,158,-120
122000259,16,594,-578
122000260,2,75,-73
122000261,2,174,-172
122000262,0,56,-56
122000263,79,73,6
122000264,443,399,44
122000265,1736,594,1142
122000266,3867,460,3407
122000267,36,84,-48
122000268,47,307,-260
122000269,487,249,238
122000270,522,88,434
122000271,184,846,-662
122000272,169,899,-730
122000273,201,354,-153
122000274,97,126,-29
122000275,12,106,-94
122000276,238,554,-316
122000277,511,1245,-734
122000278,456,857,-401
122000279,103,559,-456
122000280,495,743,-248
122000281,370,606,-236
122000282,52,268,-216
122000283,131,55,76
122000284,49,92,-43
122000285,288,74,214
122000286,56,177,-121
122000287,383,1184,-801
122000288,167,203,-36
122000291,604,421,183
122000293,314,329,-15
122000294,59,157,-98
122000295,1124,163,961
122000296,32,461,-429
122000297,2668,1615,1053
122000299,356,398,-42
122000300,801,472,329
122000301,12360,1944,10416
122000302,750,495,255
122000303,3963,1011,2952
122000304,24,117,-93
122000305,523,512,11
122000306,17,746,-729
122000307,219,127,92
122000309,60,75,-15
122000310,41,31,10
122000311,56,66,-10
122000312,75,40,35
122000313,21,51,-30
122000314,91,178,-87
122000315,122,19,103
122000316,203,155,48
122000317,612,180,432
122000318,427,331,96
122000319,388,443,-55
122000320,291,2095,-1804
122000321,75,232,-157
122000322,2474,1914,560
122000323,1557,1197,360
122000324,1366,1023,343
122000325,814,762,52
122000326,12,138,-126
122000327,225,358,-133
122000328,1126,883,243
122000330,1583,526,1057
122000332,136,154,-18
122000333,14,166,-152
122000337,426,2253,-1827
122000338,175,413,-238
122000340,342,206,136
122000342,2224,938,1286
122000343,306,1514,-1208
122000344,17,29,-12
122000345,9,29,-20
122000346,228,537,-309
122000348,279,639,-360
122000349,78,656,-578
122000351,89,187,-98
122000352,226,49,177
122000353,61,114,-53
122000355,111,183,-72
122000356,1409,712,697
122000357,31,9,22
122000358,0,75,-75
122000359,1,49,-48
122000360,1,74,-73
122000362,8,107,-99
122000364,51,411,-360
122000365,1,13,-12
122000366,10,8,2
122000368,357,834,-477
122000370,9,57,-48
122000371,2,0,2
122000372,2,0,2
122000381,31,300,-269
122000382,50,230,-180
122000384,4035,1914,2121
122000385,9,0,9
122000386,427,639,-212
122000387,317,476,-159
122000388,1430,256,1174
122000389,182,720,-538
122000390,241,173,68
122000391,275,96,179
122000392,159,255,-96
122000393,13,151,-138
122000394,241,233,8
122000395,45,128,-83
122000396,267,105,162
122000397,20,96,-76
122000398,7,59,-52
122000399,53,69,-16
122000400,164,228,-64
122000401,63,79,-16
122000402,100,77,23
122000403,233,1164,-931
122000404,69,266,-197
122000408,1232,1238,-6
122000503,6,46,-40
122000524,190,61,129
122000544,33,1426,-1393
122000616,750,1,749
122000640,14,182,-168
122000641,37,408,-371
122000642,677,1198,-521
122000643,14,92,-78
122000644,140,36,104
122000645,90,133,-43
122000651,1900,526,1374
122000664,106,34,72
122000665,964,573,391
122000666,471,955,-484
122000673,24,361,-337
122000674,58,28,30
122000675,852,990,-138
122000686,159,1196,-1037
122000687,558,341,217
122000688,115,692,-577
122000689,254,553,-299
122000690,418,743,-325
122000691,175,2454,-2279
122000692,572,296,276
122000693,267,1470,-1203
122000695,111,443,-332
122000696,158,294,-136
122000698,109,932,-823
122000699,117,39,78
122000701,725,344,381
122000702,366,2133,-1767
122000703,133,47,86
122000712,0,0,0
122000717,176,60,116
122000718,611,335,276
122000719,58,45,13
122000720,94,251,-157
122000724,292,404,-112
122900001,14,4,10
122900002,913,1472,-559
122900003,137,28,109
122900004,760,17,743
122900005,27,68,-41
122900006,232,315,-83
122900007,83,17,66
122900008,342,119,223
122900009,646,206,440
122900010,153,140,13
122900012,312,267,45
122900014,73,207,-134
122900015,1934,229,1705
122900016,34,254,-220
122900017,536,548,-12
122900018,204,8,196
122900019,4,133,-129
122900020,197,310,-113
122900021,41,538,-497
122900022,254,949,-695
122900024,110,119,-9
122900025,18,138,-120
122900026,122,296,-174
122900027,28,646,-618
122900028,86,117,-31
122900029,3714,1723,1991
122900030,1084,390,694
122900031,97,126,-29
122900032,97,156,-59
122900033,115,194,-79
122900034,3163,3119,44
122900035,10,9,1
122900036,12,104,-92
122900037,328,114,214
122900038,105,1121,-1016
122900039,97,345,-248
122900040,129,336,-207
122900041,136,216,-80
122900042,71,257,-186
122900043,311,163,148
122900044,81,240,-159
122900045,70,72,-2
122900046,53,130,-77
122900047,137,97,40
122900048,35,113,-78
122900049,1316,83,1233
122900051,99,73,26
122900052,26,124,-98
122900053,16,9,7
122900055,283,89,194
122900057,173,16,157
122900061,302,88,214
122900062,224,282,-58
122900063,114,314,-200
122900064,601,566,35
122900065,136,36,100
122900066,256,211,45
122900067,1346,650,696
122900069,140,535,-395
122900070,184,35,149
122900071,58,404,-346
122900072,5,276,-271
122900073,33,208,-175
122900074,122,673,-551
122900075,0,58,-58
122900076,14,163,-149
122900077,1,169,-168
122900078,33,101,-68
122900080,65,12,53
122900081,119,105,14
122900082,626,136,490
122900083,188,77,111
122900084,3,230,-227
122900086,10,28,-18
122900087,65,522,-457
122900088,60,54,6
122900089,2,243,-241
122900090,10,543,-533
122900091,44,0,44
122900092,1,211,-210
122900093,2,369,-367
122900094,2,223,-221
122900095,86,0,86
122900096,51,275,-224
122900097,11,9,2
122900098,69,81,-12
122900099,2,4,-2
122900100,107,115,-8
122900101,853,115,738
122900102,2,11,-9
122900103,26,3,23
122900104,22,5,17
122900105,2,5,-3
122900106,0,84,-84
122900107,3,168,-165
122900108,0,225,-225
122900109,155,240,-85
123000001,1848,294,1554
123000002,4980,1962,3018
123000003,3674,2212,1462
123000004,3739,3986,-247
123000005,1794,2117,-323
123000006,3016,2719,297
123000007,2521,1798,723
123000008,2518,3738,-1220
123000009,3966,2691,1275
123000010,3101,3795,-694
123000011,2982,849,2133
123000012,1175,2230,-1055
123000013,2842,878,1964
123000014,1324,3337,-2013
123000015,3820,600,3220
123000016,5585,1877,3708
123000017,3008,1445,1563
123000018,78,81,-3
123000019,69,312,-243
123000020,59,134,-75
123000021,66,128,-62
123000022,358,806,-448
123000023,1026,991,35
123000024,732,448,284
123000025,121,68,53
123000026,8,108,-100
123000027,314,302,12
123000028,461,627,-166
123000029,524,429,95
123000030,90,667,-577
123000031,125,401,-276
123000032,147,298,-151
123000033,187,51,136
123000034,485,408,77
123000035,162,209,-47
123000036,177,411,-234
123000037,114,233,-119
123000038,83,186,-103
123000039,509,735,-226
123000040,1175,348,827
123000041,908,449,459
123000042,822,416,406
123000043,3085,3315,-230
123000044,5190,1748,3442
123000045,9901,1279,8622
123000046,762,586,176
123000047,2623,865,1758
123000048,59,360,-301
123000049,5693,2811,2882
123000050,596,782,-186
123000051,93,140,-47
123000052,489,1722,-1233
123000053,2184,1972,212
123000054,1161,892,269
123000055,679,967,-288
123000056,1154,1715,-561
123000057,13870,4088,9782
123000058,418,522,-104
123000059,396,352,44
123000060,552,317,235
123000061,113,540,-427
123000063,719,521,198
123000064,543,154,389
123000065,6299,3111,3188
123000066,982,612,370
123000067,279,484,-205
123000068,2736,2941,-205
123000069,8031,3156,4875
123000070,280,636,-356
123000071,468,1098,-630
123000072,854,1357,-503
123000073,556,804,-248
123000074,798,2085,-1287
123000075,334,629,-295
123000076,385,1046,-661
123000077,1936,3440,-1504
123000078,804,1809,-1005
123000079,679,1925,-1246
123000080,1552,2494,-942
123000081,184,510,-326
123000082,351,951,-600
123000083,658,83,575
123000084,347,796,-449
123000085,57,113,-56
123000086,141,340,-199
123000087,44,525,-481
123000088,665,1178,-513
123000089,329,1191,-862
123000090,1157,1310,-153
123000091,1498,1194,304
123000092,1123,1115,8
123000094,219,230,-11
123000095,181,554,-373
123000096,241,369,-128
123000097,257,1106,-849
123000098,401,493,-92
123000099,440,854,-414
123000100,422,445,-23
123000101,536,325,211
123000102,495,488,7
123000104,317,276,41
123000105,553,649,-96
123000106,572,251,321
123000107,495,584,-89
123000108,1154,1003,151
123000111,416,192,224
123000112,469,461,8
123000113,514,1678,-1164
123000114,327,451,-124
123000115,129,229,-100
123000116,35,145,-110
123000117,1109,1993,-884
123000118,337,717,-380
123000119,161,957,-796
123000120,327,764,-437
123000121,402,491,-89
123000122,324,333,-9
123000123,422,529,-107
123000124,782,521,261
123000125,1224,637,587
123000126,2042,1456,586
123000127,1628,779,849
123000128,279,381,-102
123000129,190,110,80
123000130,274,65,209
123000131,476,370,106
123000132,371,513,-142
123000133,442,289,153
123000134,555,185,370
123000135,996,947,49
123000136,181,1352,-1171
123000137,72,380,-308
123000138,60,401,-341
123000139,250,74,176
123000140,137,600,-463
123000141,716,50,666
123000142,888,1016,-128
123000143,1088,2528,-1440
123000144,14,5,9
123000145,125,107,18
123000146,34,75,-41
123000147,92,72,20
123000149,248,244,4
123000150,197,183,14
123000151,266,418,-152
123000152,35,313,-278
123000153,151,462,-311
123000154,1659,1391,268
123000155,2208,738,1470
123000156,65,56,9
123000157,535,752,-217
123000158,701,404,297
123000159,2169,1180,989
123000160,409,390,19
123000161,787,724,63
123000162,346,1002,-656
123000163,156,21,135
123000164,637,200,437
123000165,295,1936,-1641
123000166,37,162,-125
123000167,140,240,-100
123000168,157,308,-151
123000169,298,57,241
123000170,40,261,-221
123000171,114,48,66
123000172,173,659,-486
123000173,283,147,136
123000174,444,128,316
123000175,833,1295,-462
123000176,366,88,278
123000177,192,969,-777
123000178,478,42,436
123000179,27,798,-771
123000180,936,258,678
123000181,291,1366,-1075
123000182,69,477,-408
123000183,115,156,-41
123000184,49,788,-739
123000185,192,354,-162
123000186,4,615,-611
123000187,331,1,330
123000188,140,2,138
123000189,73,226,-153
123000190,7,58,-51
123000192,15,347,-332
123000193,30,545,-515
123000194,435,274,161
123000195,181,15,166
123000196,196,22,174
123000197,26,99,-73
123000198,8,170,-162
123000199,0,441,-441
123000200,212,6,206
123000201,399,17,382
123000202,22,1417,-1395
123000203,384,22,362
123000204,54,1290,-1236
123000205,294,2059,-1765
123000206,927,97,830
123000207,59,978,-919
123000208,148,79,69
123000209,1023,195,828
123000210,316,1620,-1304
123000211,476,2505,-2029
123000212,1182,206,976
123000213,254,30,224
123000215,126,73,53
123000216,136,351,-215
123000217,106,22,84
123000218,78,297,-219
123000219,783,14,769
123000220,419,53,366
123000221,163,97,66
123000222,198,438,-240
123000223,85,587,-502
123000224,353,701,-348
123000225,266,68,198
123000226,120,349,-229
123000227,44,344,-300
123000228,147,45,102
123000229,1019,1708,-689
123000232,43,489,-446
123000233,458,108,350
123000234,95,571,-476
123000235,252,262,-10
123000236,95,801,-706
123000237,147,41,106
123000238,60,609,-549
123000239,386,1814,-1428
123000240,20,224,-204
123000241,874,111,763
123000242,35,146,-111
123000243,359,1083,-724
123000244,535,367,168
123000245,64,149,-85
123000249,401,678,-277
123000252,652,126,526
123000253,425,248,177
123000254,295,956,-661
123000255,536,616,-80
123000256,26,226,-200
123000257,2818,2119,699
123000258,709,1074,-365
123000259,138,354,-216
123000260,238,559,-321
123000261,77,159,-82
123000262,95,201,-106
123000263,216,84,132
123000264,201,69,132
123000265,77,140,-63
123000266,404,558,-154
123000267,160,190,-30
123000268,12,74,-62
123000269,16,38,-22
123000270,17,30,-13
123000271,20,104,-84
123000272,602,238,364
123000273,170,466,-296
123000274,889,285,604
123000275,243,906,-663
123000278,2683,2083,600
123000279,38,66,-28
123000280,168,307,-139
123000281,122,53,69
123000282,40,257,-217
123000283,58,31,27
123000284,24,136,-112
123000286,297,195,102
123000287,643,185,458
123000288,692,431,261
123000289,371,598,-227
123000291,272,756,-484
123000294,200,241,-41
123000295,744,1201,-457
123000296,218,629,-411
123000297,183,980,-797
123000298,249,645,-396
123000299,33,332,-299
123000300,503,517,-14
123000301,52,150,-98
123000302,65,174,-109
123000303,26,153,-127
123000305,866,761,105
123000306,31,233,-202
123000309,38,89,-51
123000310,70,32,38
123000311,0,106,-106
123000312,801,947,-146
123000313,188,186,2
123000315,145,305,-160
123000316,1676,109,1567
123000317,169,31,138
123000318,81,277,-196
123000329,8,10,-2
123000337,117,184,-67
123000338,401,96,305
123000339,80,159,-79
123000340,176,513,-337
123000342,2,205,-203
123000343,52,0,52
123000344,944,324,620
123000345,380,490,-110
123000346,224,73,151
123000352,1869,661,1208
123000353,21,165,-144
123000354,96,6,90
123000355,2,357,-355
123000356,71,7,64
123000357,1,259,-258
123000359,2,248,-246
123000360,140,6,134
123000361,433,294,139
123000362,122,101,21
123000363,86,189,-103
123000364,419,259,160
123000365,38,169,-131
123000366,195,1025,-830
123000367,214,947,-733
123000370,35,282,-247
123000371,154,14,140
123000372,98,8,90
123000373,3,349,-346
123000374,4,213,-209
123000375,105,5,100
123000376,479,530,-51
123000377,181,11,170
123000378,4,317,-313
123000379,1,182,-181
123000380,65,180,-115
123000381,141,25,116
123000382,963,19,944
123000383,166,500,-334
123000384,415,76,339
123000385,350,531,-181
123000436,29,560,-531
123000507,209,315,-106
123000508,368,417,-49
123000517,279,13,266
123000518,44,204,-160
123000519,88,57,31
123000520,47,213,-166
123000521,245,58,187
123000522,163,481,-318
123000541,1,0,1
123000542,0,25,-25
123000565,250,28,222
123000566,43,868,-825
123000567,79,236,-157
123000573,12,900,-888
123000574,255,42,213
123000575,997,1124,-127
123000576,482,1700,-1218
123000577,79,434,-355
123000578,620,97,523
123000579,4534,2139,2395
123000580,65,14,51
123000582,212,35,177
123000583,17,376,-359
123000584,101,195,-94
123000585,1,83,-82
123000586,19,2,17
123000596,100,114,-14
123000597,49,54,-5
123000602,8,3,5
123000603,211,733,-522
123000604,306,1133,-827
123000605,596,16,580
123000606,2,196,-194
123000609,15,364,-349
123000610,82,78,4
123000613,46,120,-74
123000614,122,32,90
123000615,58,245,-187
123000616,197,35,162
123000617,26,403,-377
123000618,54,564,-510
123000619,477,17,460
123000620,13,534,-521
123000622,231,10,221
123000624,132,77,55
123000630,490,336,154
123000631,163,2026,-1863
123000632,1038,1115,-77
123000633,0,271,-271
123000634,69,47,22
123000635,233,96,137
123000636,9,657,-648
123000637,142,22,120
123000638,286,82,204
123000639,876,1719,-843
123000640,71,1000,-929
123000648,121,58,63
123000649,52,703,-651
123900001,1314,46,1268
123900002,9,719,-710
123900003,304,547,-243
123900005,118,94,24
123900006,153,20,133
124000001,1149,145,1004
124000002,107,1559,-1452
124000003,360,107,253
124000004,49,628,-579
124000005,553,205,348
124000006,210,1483,-1273
124000007,482,62,420
124000008,10,440,-430
124000009,279,209,70
124000010,66,495,-429
124000011,439,194,245
124000012,224,889,-665
124000017,55,81,-26
124000018,82,121,-39
124000019,58,102,-44
124000020,54,280,-226
124000021,49,67,-18
124000022,114,240,-126
124000023,826,1061,-235
124000024,1011,680,331
124000025,841,856,-15
124000026,1043,906,137
124000027,4471,2490,1981
124000028,2737,3256,-519
124000030,3172,1064,2108
124000031,754,931,-177
124000032,5415,1242,4173
124000033,453,271,182
124000034,1413,1321,92
124000035,136,45,91
124000036,149,643,-494
124000037,175,353,-178
124000038,35,136,-101
124000039,997,246,751
124000040,571,435,136
124000041,145,59,86
124000042,48,318,-270
124000043,200,81,119
124000044,135,251,-116
124000045,375,382,-7
124000046,124,786,-662
124000047,565,582,-17
124000048,434,1775,-1341
124000049,614,618,-4
124000050,394,2325,-1931
124000051,227,451,-224
124000052,313,1453,-1140
124000053,418,605,-187
124000054,769,781,-12
124000055,929,986,-57
124000056,3375,1326,2049
124000057,583,300,283
124000058,335,1515,-1180
124000059,311,445,-134
124000060,1048,895,153
124000061,1086,2106,-1020
124000062,7694,1776,5918
124000063,1333,1600,-267
124000064,2343,1941,402
124000065,194,268,-74
124000066,261,55,206
124000067,39,147,-108
124000068,33,104,-71
124000069,213,235,-22
124000070,101,560,-459
124000071,59,59,0
124000072,117,477,-360
124000073,476,115,361
124000074,181,908,-727
124000075,83,33,50
124000076,11,231,-220
124000077,1460,642,818
124000078,2066,364,1702
124000079,694,782,-88
124000080,186,88,98
124000081,125,935,-810
124000082,28,88,-60
124000083,55,353,-298
124000084,69,217,-148
124000085,89,48,41
124000086,36,69,-33
124000087,46,52,-6
124000088,130,234,-104
124000089,216,244,-28
124000090,85,423,-338
124000091,215,88,127
124000092,91,680,-589
124000093,82,72,10
124000094,106,322,-216
124000095,46,62,-16
124000096,49,237,-188
124000097,62,75,-13
124000098,56,134,-78
124000099,130,99,31
124000100,35,114,-79
124000101,26,143,-117
124000102,88,79,9
124000103,45,125,-80
124000104,68,86,-18
124000105,20,53,-33
124000106,159,100,59
124000107,10,80,-70
124000108,54,39,15
124000109,104,55,49
124000110,140,118,22
124000111,175,134,41
124000112,381,594,-213
124000113,32,52,-20
124000114,132,585,-453
124000115,220,762,-542
124000116,46,74,-28
124000117,69,77,-8
124000118,48,60,-12
124000119,951,435,516
124000120,429,459,-30
124000121,1905,1075,830
124000122,582,903,-321
124000123,764,378,386
124000124,241,636,-395
124000125,247,240,7
124000126,281,466,-185
124000127,471,399,72
124000128,598,1001,-403
124000129,1167,916,251
124000130,720,496,224
124000131,649,480,169
124000132,998,750,248
124000133,451,615,-164
124000134,592,692,-100
124000135,1165,981,184
124000136,725,995,-270
124000137,1004,355,649
124000138,1281,813,468
124000139,507,62,445
124000140,22,337,-315
124000141,213,27,186
124000142,30,418,-388
124000143,27,5,22
124000144,1,198,-197
124000145,28,34,-6
124000146,3,115,-112
124000148,12,36,-24
124000149,602,240,362
124000150,302,443,-141
124000151,443,231,212
124000152,677,1022,-345
124000153,507,329,178
124000154,543,708,-165
124000155,908,615,293
124000156,1197,774,423
124000169,263,270,-7
124000170,560,402,158
124000171,199,223,-24
124000172,295,546,-251
124000173,251,235,16
124000174,198,721,-523
124000175,3,165,-162
124000176,20,7,13
124000177,14,47,-33
124000178,24,12,12
124000185,0,0,0
124000186,2,21,-19
124000187,6,78,-72
124000188,0,0,0
124000190,334,86,248
124000191,429,138,291
124000192,2293,265,2028
124000193,393,1171,-778
124000194,478,601,-123
124000195,199,449,-250
124000196,864,1156,-292
124000197,69,55,14
124000198,10,52,-42
124000201,168,982,-814
124000202,298,140,158
124000203,68,1020,-952
124000204,184,492,-308
124000205,43,641,-598
124000206,151,382,-231
124000207,0,35,-35
124000209,169,620,-451
124000210,107,176,-69
124000211,118,1,117
124000212,2,520,-518
124000213,100,306,-206
124000214,130,758,-628
124000215,58,3,55
124000216,4,564,-560
124000329,63,2107,-2044
124000338,23,1213,-1190
124000339,259,44,215
124000341,353,46,307
124000344,17,3,14
124000357,631,1448,-817
124000358,585,953,-368
124000359,563,459,104
124000360,385,350,35
124000361,1300,705,595
124000362,1345,1906,-561
124000363,262,479,-217
124000364,455,843,-388
124000365,679,1176,-497
124000366,1806,857,949
124000367,84,583,-499
124000368,215,162,53
124000369,118,92,26
124000370,96,671,-575
124000402,13,4,9
124000403,20,7,13
124000404,3,111,-108
124000405,915,647,268
124000406,1304,1008,296
124000407,2,35,-33
124000411,2,377,-375
124000412,130,17,113
124000413,296,48,248
124000414,25,109,-84
124000415,25,208,-183
124000416,95,313,-218
124000417,85,94,-9
124000418,73,101,-28
124000419,67,191,-124
124000420,30,65,-35
124000421,23,314,-291
124000422,33,13,20
124000423,99,25,74
124000424,5,168,-163
124000425,41,4,37
124000426,7,234,-227
124000427,44,13,31
124000428,12,31,-19
124000429,24,73,-49
124000430,456,612,-156
124000431,461,788,-327
124000432,81,799,-718
124000439,3,6,-3
124000443,0,4,-4
124000445,230,608,-378
124000446,2932,380,2552
124000447,9,49,-40
124000448,2,15,-13
124000449,0,0,0
124000450,4,72,-68
124000451,4,220,-216
124900001,230,206,24
124900002,69,422,-353
124900003,440,513,-73
124900004,190,351,-161
124900005,158,172,-14
124900006,227,392,-165
124900008,914,421,493
124900009,147,146,1
124900010,63,20,43
124900011,130,103,27
124900012,228,70,158
124900013,184,96,88
124900014,148,72,76
124900015,74,114,-40
124900016,20,39,-19
124900017,414,277,137
124900018,5,9,-4
124900020,27,31,-4
124900021,78,22,56
124900022,24,1,23
124900024,116,2,114
124900026,129,15,114
124900027,38,136,-98
124900028,559,120,439
124900029,1,309,-308
124900030,2,108,-106
124900031,12,329,-317
124900032,221,135,86
124900033,37,369,-332
124900034,3,116,-113
124900035,84,385,-301
124900036,0,33,-33
124900037,127,288,-161
124900038,297,390,-93
124900039,0,24,-24
124900040,33,80,-47
124900041,236,1367,-1131
124900042,28,5,23
124900043,271,1242,-971
124900044,58,3,55
124900045,482,774,-292
124900047,102,175,-73
124900048,93,142,-49
124900050,110,288,-178
124900052,123,331,-208
124900053,31,301,-270
124900054,2411,314,2097
124900055,1,77,-76
124900057,5,63,-58
124900060,38,148,-110
124900061,18,4,14
124900062,17,8,9
124900066,1,17,-16
124900067,1,211,-210
124900068,167,163,4
124900070,14,18,-4
124900072,38,29,9
124900075,67,223,-156
124900076,25,351,-326
124900077,18,107,-89
124900078,39,10,29
124900079,662,35,627
124900080,131,782,-651
124900081,427,182,245
124900082,276,1188,-912
124900083,138,574,-436
124900085,1182,151,1031
124900086,33,518,-485
124900087,581,36,545
124900088,677,69,608
124900089,1434,10,1424
124900090,70,160,-90
124900091,141,506,-365
124900092,129,369,-240
124900093,71,151,-80
124900094,121,171,-50
124900095,56,238,-182
124900096,408,100,308
124900097,134,35,99
124900098,89,352,-263
124900099,434,241,193
124900100,116,13,103
124900101,28,442,-414
124900102,88,3,85
124900103,95,302,-207
124900104,20,257,-237
124900105,66,180,-114
124900106,224,22,202
124900107,38,5,33
124900108,174,35,139
124900111,0,54,-54
124900112,36,687,-651
124900113,106,102,4
124900114,246,62,184
124900115,38,27,11
124900116,65,107,-42
124900117,668,118,550
124900118,77,95,-18
124900119,187,53,134
124900120,34,329,-295
124900121,72,148,-76
124900122,439,195,244
124900123,511,48,463
124900124,162,179,-17
204000001,27,18,9
204000002,6,13,-7
204000003,16,3,13
204000004,8,0,8
204000005,356,317,39
204000006,704,698,6
204000012,37,132,-95
204000019,394,434,-40
204000020,277,647,-370
204000021,1507,683,824
204000022,276,415,-139
204000023,235,1441,-1206
204000031,62,15,47
204000032,477,46,431
204000034,27,246,-219
204000035,0,1,-1
204000036,3,15,-12
204000037,5,35,-30
204000038,1,44,-43
204000039,7,57,-50
204000040,2,35,-33
204000041,2,38,-36
204000042,10,15,-5
204000043,9,4,5
204000044,19,3,16
204000045,11,5,6
204000046,25,4,21
204000057,2,33,-31
204000062,11,242,-231
204000068,27,155,-128
204000069,17,153,-136
204000070,42,96,-54
204000080,19,61,-42
204000085,987,1614,-627
204000086,2779,2049,730
204000087,50,12,38
204000088,10,83,-73
204000090,17,383,-366
204000093,138,59,79
204000096,458,491,-33
204000097,142,49,93
204000099,721,1022,-301
204000100,486,836,-350
204000105,1682,1352,330
204000110,547,1178,-631
204000111,282,723,-441
204000112,586,834,-248
204000113,362,895,-533
204000114,509,293,216
204000115,337,280,57
204000116,526,458,68
204000119,1344,1229,115
204000132,301,164,137
204000133,398,228,170
204000134,160,129,31
204000135,370,133,237
204000136,210,235,-25
204000138,125,244,-119
204000140,135,84,51
204000141,78,46,32
204000144,2,24,-22
204000145,598,31,567
204000146,24,329,-305
204000147,37,167,-130
204000148,350,27,323
204000154,6,2,4
204000155,7,15,-8
204000177,94,74,20
204000179,15,3,12
204000180,1,58,-57
204000222,2,13,-11
204000235,4,12,-8
204000236,79,256,-177
204000238,37,9,28
204000240,385,62,323
204000263,366,1482,-1116
204000268,814,373,441
204000308,114,15,99
204000317,21,73,-52
204000322,1,29,-28
204000323,13,11,2
204000328,183,49,134
204000329,122,96,26
204000330,170,99,71
204000331,55,194,-139
205000001,1014,1118,-104
205000013,17,104,-87
205000014,6,119,-113
205000015,25,231,-206
205000016,14,196,-182
205000017,20,92,-72
205000022,306,459,-153
205000025,1333,846,487
205000029,172,7,165
205000045,64,179,-115
205000046,53,528,-475
205000047,52,488,-436
205000048,135,1040,-905
205000049,87,658,-571
205000050,1090,258,832
205000059,2,258,-256
205000060,2,75,-73
205000061,3,23,-20
205000062,2,35,-33
205000063,14,69,-55
205000064,15,116,-101
205000065,47,677,-630
205000066,61,731,-670
205000067,39,1016,-977
205000069,182,24,158
205000082,84,141,-57
205000110,77,235,-158
205000111,150,331,-181
205000112,77,103,-26
205000113,213,193,20
205000121,122,33,89
205000123,50,166,-116
205000126,294,71,223
205000127,521,81,440
205000128,386,58,328
205000129,336,53,283
205000130,92,41,51
205000131,151,4,147
205000132,255,0,255
205000133,77,0,77
205000134,111,0,111
205000137,58,139,-81
205000138,214,236,-22
205000139,34,99,-65
205000144,93,35,58
205000145,148,119,29
205000151,74,26,48
205000152,78,20,58
205000153,143,35,108
205000154,26,36,-10
205000155,57,10,47
205000207,8,123,-115
205000233,45,41,4
205000234,0,2,-2
205000243,0,1,-1
205000244,0,5,-5
205000245,14,279,-265
205000249,0,24,-24
205000250,2,1,1
205000264,1,95,-94
206000027,5,4,1
206000028,20,3,17
206000043,8,116,-108
206000053,2,12,-10
206000054,15,29,-14
206000055,0,35,-35
206000075,1,4,-3
206000076,31,8,23
206000077,21,5,16
206000078,7,1,6
206000079,12,7,5
206000082,348,21,327
206000100,55,635,-580
206000103,0,0,0
206000104,11,26,-15
206000105,17,27,-10
206000106,13,27,-14
206000125,64,0,64
206000157,54,484,-430
206000170,2,141,-139
206000171,2,216,-214
206000172,8,1021,-1013
206000173,5,415,-410
206000174,7,163,-156
206000175,3,245,-242
206000176,15,419,-404
206000177,3,249,-246
206000178,1,204,-203
206000179,4,94,-90
206000180,35,253,-218
206000181,9,380,-371
206000182,16,365,-349
206000183,13,1072,-1059
206000184,3,455,-452
206000185,3,408,-405
206000186,116,1606,-1490
206000223,4,266,-262
206000226,4,5,-1
206000227,15,3,12
206000237,32,480,-448
206000238,49,758,-709
206000239,357,2164,-1807
206000240,94,175,-81
206000241,0,176,-176
206000242,3,500,-497
206000243,19,429,-410
206000244,41,1094,-1053
206000245,233,51,182
206000246,46,9,37
206000247,55,14,41
206000248,110,9,101
206000252,46,15,31
206000258,42,151,-109
206000315,29,3,26
206000317,283,65,218
206000318,107,49,58
206000319,409,63,346
206000320,36,20,16
206000321,45,7,38
206000322,160,10,150
206000323,56,4,52
206000324,50,14,36
206000325,85,8,77
206000326,65,3,62
206000327,107,9,98
206000328,52,2,50
206000329,65,5,60
206000330,32,7,25
206000331,77,0,77
206000332,13,9,4
206000333,153,12,141
206000334,156,3,153
206000335,0,25,-25
206000361,35,394,-359
206000392,4,57,-53
206000405,152,0,152
206000441,15,10,5
206000498,34,14,20
206000515,123,12,111
206000530,89,33,56
206000531,127,58,69
206000532,2188,75,2113
206000535,294,2084,-1790
206000536,17,290,-273
206000537,9,147,-138
206000613,1031,110,921
206000784,502,29,473
207000001,140,332,-192
207000002,37,313,-276
207000003,150,210,-60
207000007,489,213,276
207000008,33,5,28
207000009,66,30,36
207000010,410,642,-232
207000012,222,127,95
207000015,232,1967,-1735
207000019,124,68,56
207000021,403,192,211
207000022,64,106,-42
207000023,108,44,64
207000024,1,2,-1
207000025,14,49,-35
207000026,142,61,81
207000027,21,65,-44
207000028,49,248,-199
207000029,211,435,-224
207000033,165,189,-24
207000034,160,71,89
207000039,147,127,20
207000040,122,133,-11
207000041,19,44,-25
207000042,94,72,22
207000043,151,177,-26
207000051,76,326,-250
207000052,7,161,-154
207000053,362,687,-325
207000054,43,139,-96
207000055,66,210,-144
207000056,202,479,-277
207000057,147,311,-164
207000058,80,600,-520
207000059,59,1021,-962
207000060,33,342,-309
207000061,91,178,-87
207000062,99,34,65
207000063,155,149,6
207000064,284,194,90
207000065,217,193,24
207000066,72,162,-90
207000067,65,110,-45
207000068,108,46,62
207000069,601,273,328
207000082,35,405,-370
207000083,50,418,-368
207000084,137,161,-24
207000085,134,12,122
207000086,63,6,57
207000106,11,35,-24
207000107,23,16,7
207000108,34,12,22
207000109,27,15,12
207000110,28,42,-14
207000111,37,101,-64
207000112,129,230,-101
207000114,16,23,-7
207000115,20,68,-48
207000116,16,268,-252
207000117,4,96,-92
207000118,1,95,-94
207000119,15,121,-106
207000123,166,13,153
207000124,48,12,36
207000125,66,23,43
207000126,85,32,53
207000134,37,272,-235
207000135,31,302,-271
207000148,41,143,-102
207000149,105,32,73
207000152,200,353,-153
207000153,1218,872,346
207000154,339,122,217
207000159,45,280,-235
207000160,70,603,-533
207000238,0,88,-88
207000242,3,193,-190
207000248,15,13,2
207000249,120,44,76
207000250,701,54,647
207000251,70,48,22
207000252,57,39,18
207000278,50,60,-10
207000279,17,225,-208
207000280,217,46,171
207000281,66,1419,-1353
207000282,226,45,181
207000283,195,230,-35
207000284,105,104,1
207000285,206,65,141
207000291,7,121,-114
207000304,101,63,38
207000306,49,369,-320
207000310,26,63,-37
207000353,139,8,131
207000356,5,18,-13
207000357,19,9,10
207000358,26,12,14
207000415,10,179,-169
207000417,25,2,23
207000418,95,177,-82
207000438,0,1,-1
207000439,1022,279,743
207000446,125,5,120
207000460,7,5,2
207000466,182,177,5
207000467,121,72,49
207000468,17,493,-476
207000476,3,82,-79
207000477,189,97,92
207000478,2,7,-5
207000523,0,30,-30
207000524,58,0,58
207000527,93,136,-43
207000530,134,5,129
207000531,167,12,155
207000532,75,12,63
207000534,677,39,638
207000535,33,172,-139
207000537,22,99,-77
207000540,9,166,-157
207000541,2,341,-339
207000548,6,275,-269
207000549,134,8,126
207000561,65,85,-20
207000562,22,177,-155
207000567,123,286,-163
207000568,46,89,-43
207000569,111,1173,-1062
207000584,379,135,244
207000585,57,166,-109
207000587,26,32,-6
207000616,2,206,-204
207000617,61,0,61
207000624,51,22,29
207000631,26,51,-25
207900008,68,231,-163
208000001,279,559,-280
208000002,248,402,-154
208000003,595,476,119
208000004,746,657,89
208000005,9,17,-8
208000019,453,808,-355
208000020,128,358,-230
208000021,82,411,-329
208000022,521,758,-237
208000028,1182,702,480
208000033,360,568,-208
208000034,848,1507,-659
208000037,375,42,333
208000040,218,164,54
208000041,1360,396,964
208000042,955,499,456
208000047,50,334,-284
208000064,2413,1332,1081
208000066,1161,644,517
208000070,197,414,-217
208000071,245,744,-499
208000072,335,1145,-810
208000080,126,338,-212
208000081,135,167,-32
208000082,168,359,-191
208000083,79,487,-408
208000084,5,13,-8
208000085,850,614,236
208000086,410,878,-468
208000087,174,687,-513
208000089,436,639,-203
208000090,389,1007,-618
208000093,110,80,30
208000094,224,524,-300
208000095,477,343,134
208000104,723,956,-233
208000105,409,1120,-711
208000114,53,145,-92
208000115,379,309,70
208000116,225,905,-680
208000117,95,115,-20
208000118,66,60,6
208000155,406,887,-481
208000158,1619,1837,-218
208000186,2482,1394,1088
208000204,307,787,-480
208000205,779,1231,-452
208000282,2764,938,1826
209000004,112,140,-28
209000005,17,27,-10
209000006,405,117,288
209000007,218,169,49
209000010,444,145,299
209000011,122,187,-65
209000012,141,199,-58
209000013,147,663,-516
209000014,726,1647,-921
209000025,138,44,94
209000026,329,61,268
209000027,236,1077,-841
209000028,296,997,-701
209000029,609,942,-333
209000030,455,1574,-1119
209000031,3950,2597,1353
209000034,197,178,19
209000035,104,97,7
209000036,75,93,-18
209000037,148,178,-30
209000038,76,163,-87
209000039,59,175,-116
209000040,232,437,-205
209000041,165,391,-226
209000042,183,353,-170
209000043,685,566,119
209000044,179,497,-318
209000045,925,354,571
209000046,242,328,-86
209000047,303,173,130
209000048,286,231,55
209000049,103,170,-67
209000050,197,241,-44
209000051,260,378,-118
209000052,108,371,-263
209000062,28,196,-168
209000063,19,166,-147
209000064,16,143,-127
209000065,8,30,-22
209000066,26,32,-6
209000067,39,81,-42
209000080,15,131,-116
209000082,65,39,26
209000091,57,91,-34
209000093,106,33,73
209000094,241,134,107
209000110,39,58,-19
209000111,400,910,-510
209000112,414,457,-43
209000113,978,396,582
209000114,217,209,8
209000115,84,185,-101
209000116,832,559,273
209000118,17,49,-32
209000119,15,5,10
209000121,181,752,-571
209000135,43,52,-9
209000142,680,711,-31
209000143,124,80,44
209000144,50,76,-26
209000229,140,134,6
209000240,38,418,-380
209000259,197,137,60
209000260,57,829,-772
209000261,6,553,-547
209000262,4,485,-481
209000263,0,121,-121
209000264,0,41,-41
209000265,520,2,518
209000266,48,7,41
209000267,254,21,233
209000268,526,33,493
210000037,35,25,10
210000047,44,33,11
210000048,29,25,4
210000049,38,28,10
210000052,33,122,-89
210000053,22,72,-50
210000054,32,79,-47
210000070,47,1,46
210000071,14,0,14
210000072,8,0,8
210000073,0,26,-26
210000074,0,96,-96
210000075,1,51,-50
210000076,2,166,-164
210000077,35,32,3
210000078,73,30,43
210000079,45,8,37
210000080,89,45,44
210000081,82,6,76
210000082,60,2,58
210000083,76,3,73
210000084,29,0,29
210000085,0,67,-67
210000086,5,108,-103
210000099,23,244,-221
210000100,27,246,-219
210000101,72,273,-201
210000105,38,191,-153
210000159,0,118,-118
210000163,147,231,-84
210000164,325,55,270
210000168,141,30,111
210000187,0,14,-14
210000188,0,19,-19
210000214,69,0,69
210000219,16,64,-48
210000220,30,89,-59
210000232,3,21,-18
210000233,30,73,-43
210000234,23,171,-148
210000235,29,159,-130
210000245,0,40,-40
210000246,14,0,14
210000258,13,103,-90
210000259,191,10,181
210000282,33,208,-175
210000285,0,91,-91
210000286,6,155,-149
210000290,3,4,-1
210000295,29,130,-101
210000296,56,45,11
210000320,69,136,-67
210000321,51,63,-12
210000338,65,80,-15
210000339,538,627,-89
210000340,115,159,-44
210000341,127,187,-60
210000342,131,190,-59
210000343,137,198,-61
210000344,187,93,94
210000345,146,117,29
210000346,27,90,-63
210000347,97,36,61
210000348,86,18,68
210000349,86,25,61
210000350,64,67,-3
210000351,79,105,-26
210000352,53,103,-50
210000353,30,112,-82
210000354,21,113,-92
210000355,41,74,-33
210000356,53,56,-3
210000357,53,38,15
210000358,369,96,273
210000359,71,60,11
210000360,116,103,13
210000361,115,159,-44
210000362,183,174,9
210000363,965,120,845
210000364,91,83,8
210000365,69,48,21
210000366,65,30,35
210000367,38,14,24
210000368,75,20,55
210000369,18,43,-25
210000370,54,46,8
210000372,33,31,2
210000373,55,6,49
210000374,50,29,21
210000375,15,71,-56
210000376,41,135,-94
210000404,109,146,-37
210000439,16,41,-25
210000472,74,7,67
210000482,75,55,20
210000564,544,140,404
210000567,0,18,-18
210000568,492,0,492
211000092,15,75,-60
211000094,88,18,70
211000169,226,6,220
211000172,11,227,-216
211000209,1,17,-16
211000226,7,32,-25
211000270,19,12,7
211000275,15,34,-19
211000276,37,28,9
211000279,9,63,-54
211000281,42,76,-34
211000302,17,72,-55
211507980,0,19,-19
211977296,1,6,-5
212000003,82,47,35
212000004,45,28,17
212000005,18,13,5
212000006,28,96,-68
212000008,77,207,-130
212000009,21,140,-119
212000012,52,92,-40
212000013,13,49,-36
212000014,196,170,26
212000015,148,183,-35
212000016,302,483,-181
212000027,347,442,-95
212000028,206,424,-218
212000029,111,250,-139
212000030,13,28,-15
212000031,37,79,-42
212000048,30,86,-56
212000049,11,60,-49
212000050,14,7,7
212000051,119,231,-112
212000052,114,374,-260
212000053,263,534,-271
212000054,125,133,-8
212000055,97,258,-161
212000056,6,55,-49
212000057,8,21,-13
212000058,344,48,296
212000070,61,300,-239
212000077,80,741,-661
212000099,151,197,-46
212000108,147,141,6
212000111,105,155,-50
212000120,104,99,5
212000138,47,24,23
212000156,2,98,-96
212000158,6,9,-3
212000159,143,54,89
212000160,263,201,62
212000161,32,12,20
212000310,25,16,9
212000311,11,81,-70
212000374,7,13,-6
213000001,23,583,-560
213000005,280,65,215
213000006,1027,97,930
213000007,55,7,48
213000009,517,142,375
213000010,115,140,-25
213000011,164,93,71
213000012,82,423,-341
213000014,27,4,23
213000015,138,3,135
213000016,114,0,114
213000017,12,0,12
213000018,0,173,-173
213000019,0,181,-181
213000020,139,261,-122
213000021,1,98,-97
213000023,206,179,27
213000033,189,611,-422
213000034,390,306,84
213000035,117,91,26
213000045,82,262,-180
213000046,101,155,-54
213000047,387,612,-225
213000056,16,8,8
213000069,23,2,21
213000073,0,14,-14
213000074,175,471,-296
213000075,386,20,366
213000076,16,1,15
213000085,5,40,-35
213000086,16,285,-269
213000091,28,13,15
213000092,55,14,41
213000099,135,804,-669
213000100,1284,224,1060
213000101,156,193,-37
213000102,147,374,-227
213000103,622,617,5
213000104,54,356,-302
213000105,1,86,-85
213000106,15,212,-197
213000107,100,664,-564
213000108,4,500,-496
213000109,1,232,-231
213000110,4,85,-81
213000111,11,39,-28
213000112,175,151,24
213000115,33,12,21
213000116,134,664,-530
213000117,3,765,-762
213000118,218,277,-59
213000119,43,821,-778
213000120,62,735,-673
213000122,287,1021,-734
213000123,730,1785,-1055
213000124,34,1632,-1598
213000125,90,6,84
213000126,32,84,-52
213000127,172,135,37
213000128,715,510,205
213000129,484,347,137
213000130,264,156,108
213000132,156,107,49
213000133,205,75,130
213000134,479,42,437
213000136,239,13,226
213000137,396,55,341
213000139,510,9,501
213000147,32,3,29
213000148,23,2,21
213000149,14,4,10
213000150,0,44,-44
213000151,0,42,-42
213000152,2,60,-58
213000153,0,46,-46
213000154,25,205,-180
213000155,12,325,-313
213000156,45,618,-573
213000157,585,543,42
213000158,221,562,-341
213000159,334,604,-270
213000163,276,85,191
213000165,471,148,323
213000171,2,193,-191
213000172,1,360,-359
213000173,2,292,-290
213000174,1,215,-214
213000175,4,146,-142
213000176,5,24,-19
213000177,17,1,16
213000178,24,13,11
213000179,88,3,85
213000180,41,0,41
213000184,48,346,-298
213000188,222,75,147
213000189,100,33,67
213000190,607,698,-91
213000191,147,582,-435
213000192,86,743,-657
213000193,1244,147,1097
213000194,0,16,-16
213000195,14,466,-452
213000196,119,782,-663
213000197,251,218,33
213000198,25,2,23
213000200,89,951,-862
213000201,161,50,111
213000202,10,622,-612
213000203,2574,349,2225
213000204,472,29,443
213000205,120,23,97
213000206,185,26,159
213000207,46,3,43
213000208,101,3,98
213000209,44,2,42
213000210,164,1,163
213000211,2,6,-4
213000212,16,9,7
213000213,3,22,-19
213000218,122,997,-875
213000219,356,21,335
213000220,449,15,434
213000223,219,99,120
213000224,63,41,22
213000225,12,3,9
213000226,24,4,20
213000227,407,190,217
213000228,84,67,17
213000229,637,18,619
213000230,242,26,216
213000232,66,473,-407
213000233,4,12,-8
213000234,0,29,-29
213000293,7,63,-56
213000294,84,6,78
213000295,10,63,-53
213000296,102,34,68
213000297,7,80,-73
213000298,18,98,-80
213000299,49,30,19
213000300,72,3,69
213000303,5,18,-13
213000304,0,2,-2
213000305,0,8,-8
213000306,75,29,46
213000307,252,81,171
213000308,96,243,-147
213000309,47,52,-5
213000310,160,108,52
213000311,307,555,-248
213000315,68,147,-79
213000316,37,61,-24
213000322,49,126,-77
213000323,59,74,-15
213000324,18,33,-15
213000325,7,80,-73
213000326,1,10,-9
213000327,4,44,-40
213000328,4,77,-73
213000329,10,33,-23
213000340,97,943,-846
213000341,170,68,102
213000346,162,71,91
213000347,1053,122,931
213000348,69,202,-133
213000349,184,28,156
213000350,217,1222,-1005
213000366,27,220,-193
213000367,65,28,37
213000379,354,272,82
213000386,7,171,-164
213000406,95,320,-225
213000417,710,334,376
213000425,60,52,8
213000426,49,67,-18
213000427,12,296,-284
213000428,14,267,-253
213000429,35,3,32
213000430,37,918,-881
213000431,104,1,103
213000432,1,4,-3
213000433,5,98,-93
213000434,23,79,-56
213000435,47,104,-57
213000436,12,69,-57
213000437,0,7,-7
213000438,114,63,51
213000439,25,6,19
213000440,4,193,-189
213000441,1,5,-4
213000442,0,43,-43
213000443,397,250,147
213000444,22,57,-35
213000445,1,71,-70
213000446,1,10,-9
213000447,3,50,-47
213000448,4,41,-37
213000449,102,2,100
213000450,8,33,-25
213000451,55,88,-33
213000452,31,17,14
213000453,49,300,-251
213000455,941,30,911
213000456,2,604,-602
213000481,18,5,13
213000482,76,2,74
213000489,419,42,377
213000491,1,79,-78
213000492,113,2,111
213000493,0,37,-37
213000494,77,113,-36
213000495,0,107,-107
213000496,139,218,-79
213000497,14,335,-321
213000498,41,250,-209
213000499,83,659,-576
213000500,163,64,99
213000501,61,14,47
213000502,71,25,46
213000503,0,53,-53
213000504,4,198,-194
213000505,6,13,-7
213000506,0,7,-7
213000507,1,159,-158
213900244,7,0,7
213900245,1,31,-30
218000003,24,21,3
218000004,29,16,13
218000005,25,28,-3
218000006,56,40,16
218000007,6,7,-1
218000012,281,123,158
218000013,57,106,-49
218000014,472,334,138
218000019,958,369,589
218000020,268,346,-78
218000021,12,39,-27
218000022,2,27,-25
218000023,1,22,-21
218000024,3,9,-6
218000025,7,23,-16
218000026,9,32,-23
218000027,0,12,-12
218000028,1,5,-4
218000029,2,3,-1
218000030,9,11,-2
218000031,1,20,-19
218000032,0,19,-19
218000040,6,7,-1
218000046,37,181,-144
218000047,15,227,-212
218000048,108,231,-123
218000049,119,164,-45
218000050,279,350,-71
218000051,48,349,-301
218000052,8,144,-136
218000053,2,12,-10
218000054,54,46,8
218000055,1,17,-16
218000056,33,34,-1
218000057,0,32,-32
218000064,0,14,-14
218000065,16,60,-44
218000066,12,73,-61
218000067,26,90,-64
218000068,50,110,-60
218000069,100,159,-59
218000070,76,276,-200
218000071,111,276,-165
218000072,271,265,6
218000078,396,1122,-726
218000079,36,54,-18
218000080,58,53,5
218000081,178,254,-76
218000082,13,134,-121
218000083,24,71,-47
218000084,62,226,-164
218000085,76,446,-370
218000086,18,150,-132
218000087,156,259,-103
218000090,6,74,-68
218000091,747,431,316
218000092,41,161,-120
218000093,41,93,-52
218000094,466,778,-312
218000099,265,374,-109
218000100,210,267,-57
218000101,97,149,-52
218000102,134,260,-126
218000103,23,182,-159
218000104,23,57,-34
218000105,36,7,29
218000106,24,6,18
218000107,42,114,-72
218000108,2,57,-55
218000112,43,14,29
218000117,18,54,-36
218000134,375,738,-363
218000135,17,98,-81
218000136,157,45,112
218000137,114,115,-1
218000138,18,70,-52
218000139,95,304,-209
218000140,139,214,-75
218000141,27,61,-34
218000142,72,147,-75
218000143,30,122,-92
218000144,47,55,-8
218000145,177,396,-219
218000146,35,126,-91
218000151,10,25,-15
218000152,54,73,-19
218000153,0,1,-1
218000154,1,0,1
218000155,10,1,9
218000156,16,4,12
218000157,4,5,-1
218000158,1,3,-2
218000159,0,1,-1
218000160,0,2,-2
218000161,5,2,3
218000162,7,3,4
218000163,2,0,2
218000164,8,6,2
218000165,15,8,7
218000170,2,29,-27
218000171,34,10,24
218000172,29,8,21
218000173,75,14,61
218000174,22,6,16
218000176,86,18,68
218000177,311,88,223
218000178,59,124,-65
218000179,48,45,3
218000180,33,12,21
218000181,65,29,36
218000187,9,20,-11
218000188,27,64,-37
218000189,9,62,-53
218000190,9,21,-12
218000191,95,96,-1
218000192,122,375,-253
218000193,285,603,-318
218000194,35,534,-499
218000195,56,81,-25
218000196,160,271,-111
218000197,103,362,-259
218000198,7,161,-154
218000199,35,21,14
218000200,106,71,35
218000201,8,12,-4
218000202,129,163,-34
218000207,12,46,-34
218000208,26,57,-31
218000211,41,12,29
218000212,4,3,1
218000213,77,62,15
218000214,2,14,-12
218000215,54,84,-30
218000217,2,132,-130
218000218,142,66,76
218000219,22,15,7
218000220,70,257,-187
218000221,421,135,286
218000222,68,13,55
218000223,36,117,-81
218000224,7,41,-34
218000225,151,25,126
218000226,63,35,28
218000230,0,2,-2
218000232,50,54,-4
218000239,75,3,72
218000240,9,1,8
218000241,17,0,17
218000242,46,0,46
218000243,101,1,100
218000244,14,2,12
218000245,9,3,6
218000246,1,2,-1
218000247,0,0,0
218000248,1,33,-32
218000249,0,4,-4
218000250,4,8,-4
218000251,2,19,-17
218000252,0,31,-31
218000253,10,15,-5
218000254,1,4,-3
218000255,0,9,-9
218000256,7,47,-40
218000267,886,1221,-335
218000268,20,51,-31
218000269,12,17,-5
218000270,53,73,-20
218000271,63,48,15
218000273,4,6,-2
218000274,18,4,14
218000275,6,22,-16
218000276,3,47,-44
218000278,12,43,-31
218000279,44,115,-71
218000280,34,53,-19
218000281,50,16,34
218000282,428,197,231
218000284,58,6,52
218000301,22,70,-48
218000302,59,48,11
218000303,28,50,-22
218000316,561,1258,-697
218000317,487,1237,-750
218000318,239,876,-637
218000319,489,1432,-943
218000320,493,709,-216
218000338,45,25,20
218000345,115,38,77
218000346,47,169,-122
218000459,64,342,-278
218000490,36,71,-35
218000501,42,32,10
218000502,20,126,-106
218000503,36,11,25
218000504,93,11,82
218000505,38,211,-173
218000506,18,230,-212
218000508,53,3,50
218000510,196,6,190
218000520,79,123,-44
218000521,4,68,-64
218000522,0,119,-119
218000523,119,20,99
218000524,59,141,-82
218000525,210,15,195
218000526,99,66,33
218000529,41,231,-190
218000530,2,2,0
218000531,3,37,-34
218000532,13,30,-17
218000534,46,21,25
218000537,19,77,-58
218000538,74,105,-31
218000540,264,59,205
218000543,57,62,-5
218000544,41,113,-72
218000545,17,63,-46
218000546,42,94,-52
218000547,55,77,-22
218000548,47,130,-83
218000549,281,97,184
218000550,173,499,-326
218000551,228,254,-26
218000552,510,29,481
218000553,111,110,1
218000554,11,21,-10
218000555,12,45,-33
218000556,77,489,-412
218000557,152,162,-10
218000558,71,0,71
218000559,1,38,-37
218000560,0,20,-20
218000561,19,0,19
218000562,52,213,-161
218000563,116,17,99
218000564,6,87,-81
218000565,335,25,310
218000566,926,41,885
218000567,2,49,-47
218000568,4,3,1
218000569,35,92,-57
218000570,366,8,358
218000571,2,118,-116
218000572,58,0,58
218000573,31,69,-38
218000574,242,62,180
218000575,56,0,56
218000576,0,82,-82
218000577,21,0,21
218000578,0,82,-82
218000579,23,0,23
218000581,5,73,-68
218000582,12,3,9
218000583,3,0,3
218000584,1,20,-19
218000585,14,1,13
218000586,3,30,-27
218000587,0,1,-1
218000588,0,1,-1
218000589,0,1,-1
218000590,1,0,1
218000591,0,2,-2
218000592,3,0,3
218000593,1,1,0
218000594,0,0,0
218000596,0,0,0
218000597,0,0,0
218000598,0,0,0
218000599,0,0,0
218000600,0,0,0
218000601,0,0,0
218000602,0,0,0
218000603,0,1,-1
218000604,5,1,4
218000605,0,17,-17
218000606,29,0,29
218000607,10,13,-3
218000608,19,6,13
218000609,1,36,-35
218000610,15,0,15
218000611,3,1,2
218000612,0,29,-29
218000613,4,1,3
218000614,2,56,-54
218000615,29,1,28
218000616,1,113,-112
218000617,2,0,2
218000618,0,14,-14
218000619,13,34,-21
218000620,3,24,-21
218000621,0,3,-3
218000622,0,8,-8
218000623,5,0,5
218000624,0,21,-21
218000625,7,1,6
218000626,0,9,-9
218000628,85,26,59
218000631,21,15,6
218000632,0,64,-64
218000633,72,0,72
218000634,16,23,-7
218000635,22,9,13
218000636,471,1521,-1050
218000637,505,687,-182
218000638,40,36,4
218000639,8,247,-239
218000640,49,18,31
218000641,44,384,-340
218000652,98,141,-43
218000653,169,50,119
218000663,6,76,-70
218000675,101,72,29
218000676,1,17,-16
218000677,0,3,-3
218000680,207,557,-350
218000681,309,96,213
218000691,71,388,-317
218000693,69,121,-52
218000703,4,36,-32
218000718,828,267,561
218000719,1163,70,1093
218000720,8,62,-54
218000721,37,13,24
218000725,1,3,-2
218001147,7,352,-345
218001214,2,19,-17
218001258,43,8,35
218001329,151,107,44
218001330,195,111,84
218001351,42,4,38
218001352,2,10,-8
218001353,21,13,8
218001354,4,14,-10
218001355,20,446,-426
218001356,138,5,133
218001357,45,340,-295
218001358,107,5,102
218001361,40,7,33
218001362,1,301,-300
219000001,22,77,-55
219000002,25,85,-60
219000003,58,24,34
219000004,56,52,4
219000017,79,19,60
219000020,61,20,41
219000022,89,3,86
219000023,75,0,75
219000029,1,88,-87
219000034,9,6,3
219000039,14,65,-51
219000040,10,54,-44
219000041,81,27,54
219000051,0,50,-50
219000052,0,12,-12
219000053,4,242,-238
219000054,7,118,-111
219000055,40,3,37
219000056,2,0,2
219000057,27,0,27
219000062,10,218,-208
219000063,38,6,32
219000064,0,39,-39
219000110,172,37,135
219000111,108,24,84
219000112,157,41,116
219000113,96,30,66
219000114,260,24,236
219000116,52,31,21
219000117,121,66,55
219000118,55,75,-20
219000123,237,88,149
219000124,37,50,-13
219000125,11,16,-5
219000126,42,102,-60
219000127,1,3,-2
219000128,39,74,-35
219000129,29,97,-68
219000130,938,679,259
219000131,935,720,215
219000133,53,22,31
219000134,12,27,-15
219000135,11,34,-23
219000136,103,141,-38
219000138,59,22,37
219000139,11,71,-60
219000140,13,1,12
219000141,17,139,-122
219000142,15,103,-88
219000143,14,116,-102
219000145,20,47,-27
219000146,8,64,-56
219000147,1,69,-68
219000148,1,55,-54
219000149,42,202,-160
219000150,4,152,-148
219000151,4,67,-63
219000157,113,132,-19
219000158,84,206,-122
219000161,117,22,95
219000163,1363,411,952
219000166,76,174,-98
219000167,82,195,-113
219000168,357,56,301
219000174,193,55,138
219000175,30,2,28
219000176,37,3,34
219000177,23,1,22
219000178,15,3,12
219000179,9,5,4
219000180,23,17,6
219000182,59,13,46
219000183,15,38,-23
219000184,35,4,31
219000185,0,116,-116
219000186,15,38,-23
219000187,9,194,-185
219000189,122,96,26
219000190,152,173,-21
219000191,1557,674,883
219000192,108,98,10
219000193,594,128,466
219000195,0,44,-44
219000196,3,100,-97
219000198,24,152,-128
219000199,96,183,-87
219000200,28,199,-171
219000201,107,215,-108
219000203,30,75,-45
219000204,73,164,-91
219000205,46,221,-175
219000207,182,189,-7
219000209,14,96,-82
219000210,34,122,-88
219000213,6,222,-216
219000239,147,212,-65
219000240,176,324,-148
219000241,106,257,-151
219000242,51,263,-212
219000243,70,346,-276
219000244,7,108,-101
219000245,49,27,22
219000246,56,11,45
219000247,46,20,26
219000248,396,217,179
219000249,114,40,74
219000250,153,67,86
219000251,329,118,211
219000252,170,122,48
219000253,126,47,79
219000255,48,58,-10
219000256,83,51,32
219000257,116,1,115
219000262,93,271,-178
219000263,52,214,-162
219000267,1,176,-175
219000268,1,4,-3
219000269,4,0,4
219000270,0,1,-1
219000271,63,6,57
219000278,2,12,-10
219000279,2,1,1
219000283,0,15,-15
219000295,6,84,-78
219000296,67,565,-498
219000297,18,153,-135
219000298,25,221,-196
219000299,317,55,262
219000300,18,312,-294
219000301,170,284,-114
219000302,12,148,-136
219000307,47,62,-15
219000308,40,27,13
219000311,91,30,61
219000312,213,36,177
219000313,124,37,87
219000314,96,589,-493
219000315,89,17,72
219000316,197,16,181
219000317,39,8,31
219000320,0,62,-62
219000321,2,12,-10
219000323,3,94,-91
219000325,1,35,-34
219000326,72,101,-29
219000327,26,19,7
219000328,24,25,-1
219000329,228,76,152
219000330,23,21,2
219000331,30,31,-1
219000332,60,50,10
219000333,4,1,3
219000335,48,4,44
219000337,8,0,8
219000338,37,1,36
219000344,29,89,-60
219000345,63,117,-54
219000346,18,156,-138
219000348,52,143,-91
219000349,21,272,-251
219000350,18,102,-84
219000351,2,3,-1
219000352,127,54,73
219000353,59,47,12
219000354,102,87,15
219000355,76,30,46
219000356,1698,329,1369
219000363,206,30,176
219000364,92,12,80
219000365,101,16,85
219000366,261,128,133
219000368,425,344,81
219000370,1056,183,873
219000371,5,15,-10
219000382,7,23,-16
219000383,759,525,234
219000385,620,417,203
219000386,963,1054,-91
219000387,0,1,-1
219000390,1,1,0
219000391,2,0,2
219000397,92,86,6
219000398,53,41,12
219000401,13,106,-93
219000402,17,101,-84
219000403,49,173,-124
219000404,8,69,-61
219000407,4,27,-23
219000409,32,54,-22
219000410,37,24,13
219000411,32,11,21
219000446,183,350,-167
219000447,4,25,-21
219000448,8,10,-2
219000452,78,49,29
219000453,53,78,-25
219000454,282,180,102
219000556,102,50,52
219000558,103,283,-180
219000590,16,198,-182
219000591,44,48,-4
219000592,78,389,-311
219000595,0,25,-25
219000635,39,20,19
219000636,11,103,-92
219000657,19,12,7
219000658,9,43,-34
219000673,0,15,-15
219000676,4,2,2
219000679,16,15,1
219000684,39,0,39
219000685,0,117,-117
219000686,1,0,1
219000688,0,112,-112
219000689,51,218,-167
219000690,195,12,183
219000691,79,131,-52
219000692,180,25,155
219000693,0,14,-14
219000694,5,0,5
219000695,6,12,-6
219000698,6,0,6
219000699,0,9,-9
219000727,0,235,-235
219000728,114,3,111
219000770,26,1,25
219000771,0,39,-39
219000788,287,206,81
219001150,0,12,-12
219001151,0,3,-3
219001166,36,6,30
219001167,0,60,-60
219001178,25,0,25
220000001,14,46,-32
220000002,9,123,-114
220000003,266,263,3
220000004,447,575,-128
220000005,1500,1307,193
220000006,121,876,-755
220000007,264,837,-573
220000008,209,1124,-915
220000009,190,507,-317
220000010,134,107,27
220000011,692,1832,-1140
220000012,220,259,-39
220000014,43,77,-34
220000015,35,197,-162
220000017,41,263,-222
220000018,4739,1135,3604
220000019,58,222,-164
220000020,246,210,36
220000021,397,185,212
220000022,291,403,-112
220000023,145,129,16
220000024,1251,261,990
220000025,400,375,25
220000026,147,155,-8
220000027,20,75,-55
220000028,34,23,11
220000029,67,143,-76
220000030,153,97,56
220000031,97,259,-162
220000064,25,776,-751
221000046,3,0,3
221000047,0,5,-5
221000048,0,3,-3
221000049,0,16,-16
221000050,13,0,13
221000055,38,57,-19
221000057,31,3,28
221000068,233,78,155
221000069,277,54,223
221000070,102,26,76
221000071,47,12,35
221000072,80,17,63
221000073,121,90,31
221000074,4,18,-14
221000075,51,11,40
221000076,12,23,-11
221000077,39,73,-34
221000081,6,6,0
221000082,30,1,29
221000083,43,1,42
221000084,0,3,-3
221000085,15,55,-40
221000086,10,135,-125
221000087,5,188,-183
221000088,22,118,-96
221000089,36,160,-124
221000090,84,352,-268
221000098,100,15,85
221000099,100,17,83
221000100,74,5,69
221000101,197,16,181
221000102,99,18,81
221000109,10,57,-47
221000110,4,127,-123
221000111,15,127,-112
221000112,4,121,-117
221000113,17,137,-120
221000114,13,148,-135
221000120,7,36,-29
221000121,1,21,-20
221000122,5,26,-21
221000123,3,51,-48
221000124,14,316,-302
221000155,69,5,64
221000156,27,37,-10
221000175,0,6,-6
221000176,0,7,-7
221000182,20,4,16
221000241,624,174,450
221000242,224,327,-103
221000243,395,67,328
221000244,216,351,-135
221000245,65,123,-58
221000246,22,251,-229
221000247,30,152,-122
221000248,51,165,-114
221000267,67,660,-593
221000325,80,41,39
221000331,1,71,-70
221000338,2,37,-35
221000378,96,24,72
221000381,51,136,-85
222000282,1,0,1
222000296,1,13,-12
222000568,251,8,243
222000569,93,9,84
222000570,92,10,82
222000571,76,14,62
222000577,3,207,-204
222000578,17,223,-206
222000579,42,122,-80
222000580,111,858,-747
222000599,0,121,-121
222000600,3,339,-336
222000601,4,842,-838
222000603,20,22,-2
222000604,42,32,10
222000605,7,14,-7
222000606,1,7,-6
222000607,0,1,-1
222000608,9,6,3
222000609,27,323,-296
222000616,67,29,38
222000617,2,7,-5
222000618,5,2,3
222000620,80,10,70
222000621,113,10,103
222000623,351,2,349
222000624,187,2,185
222000625,246,31,215
222000636,34,1,33
222000686,17,18,-1
222000687,18,28,-10
222001066,158,0,158
222001067,5,4,1
222001068,19,18,1
222001069,3,30,-27
222001082,3,34,-31
222001083,1,58,-57
222001084,0,40,-40
222001085,0,80,-80
222001111,9,249,-240
222001112,30,33,-3
222001313,21,5,16
222001314,0,64,-64
222001464,66,56,10
222001465,46,262,-216
222001484,43,38,5
222001485,27,71,-44
222001494,141,87,54
222001495,66,481,-415
222001496,98,73,25
222001497,73,576,-503
222001502,18,119,-101
222001503,37,25,12
222001504,15,205,-190
222001505,103,15,88
222001506,46,195,-149
222001507,121,11,110
222001510,153,21,132
222001511,14,399,-385
222001514,426,71,355
222001515,162,635,-473
222001518,88,29,59
222001519,26,408,-382
222001527,165,24,141
222001528,52,149,-97
222001529,89,24,65
222001530,19,225,-206
222001533,97,371,-274
222001534,65,28,37
222001535,67,116,-49
222001536,67,359,-292
222001537,134,13,121
222001538,26,468,-442
222001563,175,76,99
222001564,29,799,-770
222001568,237,91,146
222001576,0,2,-2
222001579,1,3,-2
222001583,18,179,-161
222001584,33,27,6
222001596,458,1285,-827
222001597,1040,229,811
222001626,1,151,-150
222001650,83,72,11
222001651,101,102,-1
222001914,240,42,198
222001915,67,178,-111
222001968,547,172,375
222001969,428,844,-416
222001970,99,199,-100
222001971,13,12,1
222001972,0,27,-27
225000001,320,74,246
225000002,382,58,324
225000003,202,63,139
225000004,126,173,-47
225000005,12,50,-38
225000006,0,126,-126
225000007,3046,936,2110
225000010,212,6,206
225000011,434,522,-88
225000012,69,284,-215
225000013,77,164,-87
225000014,357,69,288
225000015,66,201,-135
225000021,515,149,366
225000027,207,472,-265
225000032,444,157,287
225000042,46,638,-592
225000049,23,67,-44
225000050,26,17,9
225000053,3,147,-144
225000058,412,128,284
225000067,140,202,-62
225000068,88,547,-459
225000069,175,482,-307
225000070,58,543,-485
225000071,21,337,-316
225000075,24,623,-599
225000076,61,158,-97
225000078,41,13,28
225000085,25,53,-28
225000086,64,6,58
225000087,136,15,121
225000088,12,123,-111
225000089,393,556,-163
225000090,29,303,-274
225000091,38,220,-182
225000092,23,67,-44
225000093,161,395,-234
225000094,2,507,-505
225000095,287,586,-299
225000096,113,375,-262
225000098,241,105,136
225000099,120,81,39
225000100,78,78,0
225000104,37,401,-364
225000110,8,402,-394
225000111,170,1009,-839
225000112,166,939,-773
225000113,91,614,-523
225000114,34,260,-226
225000115,2693,455,2238
225000116,899,62,837
225000117,630,218,412
225000118,501,217,284
225000119,65,40,25
225000120,495,38,457
225000121,162,12,150
225000123,598,8,590
225000125,162,228,-66
225000126,902,170,732
225000127,842,514,328
225000128,286,319,-33
225000132,137,14,123
225000133,177,25,152
225000134,356,53,303
225000135,22,10,12
225000136,90,6,84
225000137,45,49,-4
225000138,214,21,193
225000143,52,194,-142
225000144,3,362,-359
225000145,23,25,-2
225000146,25,113,-88
225000147,32,303,-271
225000148,2,228,-226
225000149,43,426,-383
225000151,20,281,-261
225000155,257,255,2
225000156,136,552,-416
225000157,122,373,-251
225000158,45,337,-292
225000171,3,180,-177
225000180,13,1,12
225000181,1,27,-26
225000182,75,6,69
225000185,1,273,-272
225000187,67,336,-269
225000191,106,3,103
225000194,0,5,-5
225000208,2,51,-49
225000209,25,14,11
225000210,1,171,-170
225000217,1,9,-8
225000218,3,0,3
225000223,0,50,-50
225000224,105,0,105
225000225,0,9,-9
225000226,37,0,37
225000227,27,63,-36
225000228,4,2,2
225000229,0,96,-96
225000230,1,0,1
225000231,0,114,-114
225000232,36,0,36
225000241,81,1,80
225000242,4,44,-40
225000249,9,0,9
225000250,35,909,-874
225000251,194,17,177
226000042,374,350,24
226000043,74,227,-153
226000044,101,680,-579
226000045,34,471,-437
226000046,220,30,190
226000047,214,58,156
226000048,244,37,207
226000049,121,64,57
226000070,0,42,-42
226000071,0,60,-60
226000072,0,8,-8
226000073,0,6,-6
226000074,0,11,-11
226000084,6,44,-38
226000085,2,3,-1
226000086,11,4,7
226000087,1,5,-4
226000088,17,9,8
226000090,26,18,8
226000091,11,1,10
226000092,2,2,0
226000093,56,0,56
226000094,15,2,13
226000095,9,6,3
226000105,8,0,8
226000106,9,1,8
226000107,4,2,2
226000108,19,0,19
226000109,28,2,26
226000124,90,47,43
226000134,253,315,-62
226000135,677,440,237
226000136,131,249,-118
226000137,12,425,-413
226000138,7,318,-311
226000139,2,10,-8
226000156,51,1,50
226000157,102,2,100
226000163,61,25,36
226000202,9,416,-407
226000231,113,10,103
226000232,15,3,12
227000033,286,40,246
227000036,148,20,128
227000037,61,24,37
227000038,124,35,89
227000049,0,14,-14
227000050,0,52,-52
227000055,39,3,36
227000056,5,0,5
227000084,1,57,-56
227000085,0,39,-39
227000088,68,3,65
227000089,102,0,102
227000090,19,1,18
227000091,7,1,6
227000093,20,1,19
227000094,13,0,13
227000130,34,55,-21
227000131,10,283,-273
227000132,13,247,-234
227000133,15,287,-272
227000134,13,440,-427
227000152,0,3,-3
227000153,0,34,-34
227000155,1,15,-14
227000156,1,20,-19
227000165,1,24,-23
227000196,88,285,-197
227000199,82,513,-431
227000230,24,550,-526
227000232,190,20,170
227000242,49,478,-429
227000243,419,54,365
227000245,26,405,-379
227000246,72,445,-373
227000247,174,56,118
227000248,89,20,69
227000249,18,252,-234
227000250,389,146,243
227000251,175,358,-183
227000252,11,428,-417
227000253,52,14,38
227000262,275,28,247
227000266,313,6,307
227000267,58,2163,-2105
227000282,2,233,-231
227000284,162,8,154
227000286,3,77,-74
227000287,3,130,-127
227000291,7,595,-588
227000484,408,21,387
227000485,26,701,-675
227000655,29,13,16
227000656,552,18,534
227000657,23,14,9
227000661,167,9,158
227000680,73,22,51
229000265,8,26,-18
229000296,4,11,-7
229000297,4,74,-70
229000298,8,185,-177
229000320,3,7,-4
229000321,36,2,34
229000412,16,19,-3
229000414,5,62,-57
229000415,21,0,21
229000416,0,2,-2
229000417,10,8,2
229000419,99,175,-76
229000440,145,79,66
229000442,17,3,14
229000443,0,6,-6
229000444,1,37,-36
229000445,28,1,27
229000446,35,4,31
229000491,1,15,-14
229000492,3,99,-96
229000493,3,77,-74
229000494,9,1,8
229000495,21,0,21
229000496,14,1,13
229000507,0,15,-15
229000508,0,11,-11
229000509,0,9,-9
229000510,0,14,-14
229000511,6,28,-22
229000512,0,32,-32
229000513,0,1,-1
229000514,0,0,0
229000517,0,7,-7
229000518,2,14,-12
229000519,0,5,-5
229000520,0,18,-18
229000521,6,9,-3
229000522,2,4,-2
229000523,0,3,-3
229000524,2,0,2
229000527,1,0,1
229000528,0,0,0
229000529,1,0,1
229000530,9,0,9
229000531,1,0,1
229000532,2,0,2
229000533,24,1,23
229000534,15,0,15
229000564,0,0,0
229000565,0,0,0
229000566,1,9,-8
229000567,0,29,-29
229000582,10,0,10
229000583,1,0,1
229000584,1,15,-14
229000585,0,28,-28
229000718,0,0,0
229000719,0,0,0
229000720,0,8,-8
229000721,0,9,-9
229000722,0,12,-12
229000723,0,21,-21
229000724,0,0,0
229000725,0,1,-1
229000738,0,0,0
229000739,0,0,0
229000740,0,0,0
229000741,0,0,0
229000742,0,0,0
229000743,0,0,0
229000744,0,0,0
229000745,0,0,0
229000746,0,1,-1
229000847,11,0,11
229000848,2,1,1
229000849,33,0,33
229000851,4,1,3
229000854,0,69,-69
229000856,2,164,-162
229000857,0,54,-54
229000858,0,150,-150
229000919,0,83,-83
229000930,10,147,-137
229000937,48,25,23
229000966,49,48,1
229000981,20,64,-44
229000985,5,17,-12
229000986,0,2,-2
229000987,0,0,0
229000988,0,5,-5
229000989,0,2,-2
229000990,0,0,0
229000991,0,1,-1
229000992,7,11,-4
229000993,159,9,150
229000998,8,42,-34
229000999,39,9,30
229001034,1,10,-9
229001035,4,1,3
229001037,30,21,9
229001042,7,11,-4
229001047,3,47,-44
229001050,20,68,-48
229001168,0,1,-1
229001200,5,1,4
229001338,20,23,-3
229001394,225,4,221
229001422,84,19,65
229001423,46,116,-70
229001431,38,53,-15
229001432,21,67,-46
229001444,77,42,35
229001445,34,165,-131
229001479,1,1,0
229001503,94,86,8
229001504,63,180,-117
229001505,105,45,60
229001506,22,200,-178
229001509,23,38,-15
229001545,69,8,61
229001546,7,84,-77
229001553,32,12,20
229001554,4,95,-91
229001559,9,14,-5
229001560,4,18,-14
229001630,42,11,31
229001631,3,41,-38
229001635,0,5,-5
229001636,0,4,-4
229001658,1,50,-49
229001659,99,6,93
229001660,1,0,1
229001661,0,18,-18
229001662,107,1,106
229001663,0,34,-34
229002584,146,133,13
229002831,152,116,36
229002841,1,19,-18
229002842,4,12,-8
229002843,17,24,-7
229002844,17,33,-16
229002845,9,39,-30
229002846,12,20,-8
229002847,3,6,-3
229002848,8,7,1
229002849,0,51,-51
229002850,1,0,1
229002851,24,94,-70
229002852,28,14,14
229002853,32,21,11
229002854,39,50,-11
229002855,5,35,-30
229002856,13,19,-6
229002857,1,41,-40
229002858,0,0,0
229002859,11,11,0
229002860,37,5,32
229002861,7,8,-1
229002862,9,23,-14
229002863,2,31,-29
229002864,1,27,-26
229002865,9,6,3
229002866,17,7,10
229002867,11,17,-6
229002868,1,11,-10
229002869,2,71,-69
229002870,23,6,17
235000066,354,50,304
235000067,107,81,26
235000072,15,49,-34
235000073,52,247,-195
235000074,17,138,-121
235000080,27,62,-35
235000081,32,198,-166
235000082,49,79,-30
235000083,59,97,-38
235000084,27,63,-36
235000085,59,79,-20
235000089,26,33,-7
235000092,4,104,-100
235000093,4,3,1
235000097,3,1,2
235000098,34,12,22
235000099,22,11,11
235000116,38,13,25
235000117,756,4,752
235000133,9,173,-164
235000134,3,82,-79
235000206,3,2,1
235000207,0,0,0
235000208,5,1,4
235000209,6,1,5
235000210,6,2,4
235000212,4,15,-11
235000213,1,6,-5
235000220,0,3,-3
235000221,22,6,16
235000238,1,12,-11
235000239,0,3,-3
235000242,174,197,-23
235000245,1168,166,1002
235000246,6,45,-39
235000284,6,77,-71
235000295,122,2,120
235000305,52,3,49
235000306,46,3,43
235000307,15,2,13
235000308,39,0,39
235000309,16,1,15
235000310,15,0,15
235000311,28,5,23
235000322,0,25,-25
235000323,3,43,-40
235000324,0,16,-16
235000325,0,17,-17
235000326,5,300,-295
235000351,1,71,-70
235000352,31,39,-8
235000353,4,16,-12
235000354,1,41,-40
235000355,6,72,-66
235000356,13,27,-14
235000357,9,18,-9
235000358,61,7,54
235000359,1,7,-6
235000360,32,3,29
235000361,44,2,42
235000381,28,345,-317
235000382,65,38,27
235000390,22,4,18
235000391,48,24,24
235000392,39,129,-90
235000393,82,104,-22
235000395,60,23,37
235000396,148,41,107
235000400,99,119,-20
235000401,27,184,-157
235000405,78,313,-235
235000406,48,238,-190
235000407,35,92,-57
235000409,209,155,54
235000410,19,225,-206
235000411,1,58,-57
235000485,1,7,-6
235000486,1,0,1
235000549,22,83,-61
235000550,40,182,-142
235000599,32,83,-51
235000600,6,6,0
235000601,29,59,-30
235000602,24,176,-152
235000614,0,1,-1
235000648,0,22,-22
235000649,12,1,11
235000685,0,1,-1
235000815,2,12,-10
235000834,0,10,-10
235000855,25,41,-16
235000862,14,255,-241
235000891,0,3,-3
235000892,2,1,1
235000901,36,83,-47
235000907,4,11,-7
235001010,15,52,-37
235001029,515,319,196
235001030,287,105,182
235001078,46,102,-56
235001079,76,108,-32
235001147,50,42,8
235001166,8,80,-72
235001167,2,70,-68
235001169,29,300,-271
235001188,0,6,-6
235001189,1,1,0
235001197,31,21,10
235001200,23,26,-3
235001207,273,32,241
235001210,90,309,-219
235001215,37,241,-204
235001239,0,27,-27
235001244,2,4,-2
235016267,0,18,-18
277101746,0,1,-1
277102712,37,30,7
277103813,0,1,-1
277103814,0,0,0
277103898,0,0,0
277104249,0,2,-2
277104250,0,9,-9
277104251,0,9,-9
277104252,0,1,-1
990011530,0,268,-268
990014944,0,427,-427
990015176,22,3,19
990015618,0,53,-53
990016032,1,280,-279
990032570,0,42,-42
990070001,57,44,13
990070103,0,4,-4
990070601,0,33,-33
990070751,134,3,131
990070766,2,786,-784
990071180,273,160,113
990071343,1,0,1
990071387,0,11,-11
990071823,123,3,120
990072600,2,565,-563
990072964,3,474,-471
990073285,0,2,-2
990074393,2,1068,-1066
990074870,252,18,234
990075106,348,1,347
990075746,124,2,122
990076437,251,2,249
990076458,1,1013,-1012
997000007,99,12,87
997000041,1,67,-66
997000058,17,0,17
997000062,14,0,14
997000069,0,9,-9
997000070,0,58,-58
997000100,1,0,1
997000141,0,322,-322
997000198,544,352,192
998000475,1,9,-8
998000736,1,280,-279
998000965,0,3,-3
998001031,0,57,-57
998001700,0,23,-23
998001899,0,0,0
998001900,2,0,2
998003073,350,4,346
998101900,0,0,0
998102850,0,83,-83
998501927,447,270,177
998501929,64,1,63
998501930,50,1,49
998501931,82,33,49
998501932,7,0,7
998501933,25,0,25
998501937,5,2,3
998501944,0,0,0
998501950,0,5,-5
998501970,16,5,11
998501971,1,48,-47
998501973,0,70,-70
998501974,0,320,-320
998501975,94,11,83
998501976,46,0,46
998501977,0,13,-13
998501978,8,0,8
998501979,1,8,-7
998501980,93,22,71
998501981,15,1,14
998501982,0,60,-60
998501983,0,3,-3
998502006,0,0,0
998502024,0,2,-2
998502032,1,3,-2
998502062,8,0,8
998502063,0,0,0
998502173,38,0,38
998502269,0,2,-2
998502546,1,107,-106
998502578,1,1,0
998502599,124,149,-25
998502621,0,0,0
998601159,0,266,-266
998601292,1,15,-14
999033574,2,665,-663
999800001,12,8,4
999800002,0,3,-3
999800003,1,4,-3
999800004,0,2,-2
999800005,0,8,-8
