ID,insum,outsum,diff
100000001,550,806,-256
100000002,2783,2463,320
100000003,4203,4011,192
100000004,1100,1017,83
100000005,2046,3914,-1868
100000006,836,193,643
100000007,1708,672,1036
100000008,365,555,-190
100000009,588,209,379
100000010,164,73,91
100000011,893,88,805
100000012,108,774,-666
100000013,621,172,449
100000014,604,360,244
100000015,1615,1894,-279
100000016,998,1434,-436
100000017,724,859,-135
100000018,1563,543,1020
100000019,3304,1820,1484
100000020,1842,5593,-3751
100000021,4377,2204,2173
100000022,1215,1787,-572
100000023,4719,1710,3009
100000025,1322,1077,245
100000028,1566,1176,390
100000029,164,336,-172
100000030,292,44,248
100000031,3683,6039,-2356
100000032,2080,2810,-730
100000033,820,1908,-1088
100000034,439,567,-128
100000035,1313,1131,182
100000036,1632,1237,395
100000037,646,371,275
100000038,1984,986,998
100000039,534,279,255
100000040,170,205,-35
100000041,1165,527,638
100000042,1142,484,658
100000043,1003,475,528
100000044,406,961,-555
100000045,560,1241,-681
100000046,780,902,-122
100000047,256,506,-250
100000048,474,505,-31
100000049,1430,1745,-315
100000051,436,913,-477
100000053,222,12,210
100000054,569,40,529
100000055,1215,281,934
100000056,524,434,90
100000057,1849,590,1259
100000058,743,1042,-299
100000059,7,136,-129
100000060,331,297,34
100000061,2089,505,1584
100000062,2571,543,2028
100000063,812,254,558
100000064,1285,329,956
100000065,409,708,-299
100000066,168,642,-474
100000067,387,693,-306
100000068,514,1426,-912
100000069,271,1260,-989
100000072,230,739,-509
100000073,898,843,55
100000075,657,288,369
100000076,1543,2158,-615
100000077,325,236,89
100000078,26,33,-7
100000079,33,47,-14
100000080,42,64,-22
100000081,147,198,-51
100000102,2421,2090,331
100000103,2325,1352,973
100000104,3758,2503,1255
100000105,2505,1481,1024
100000106,2092,2120,-28
100000107,608,942,-334
100000108,564,917,-353
100000109,2184,1138,1046
100000116,1319,906,413
100000117,107,126,-19
100000118,1520,1262,258
100000119,504,810,-306
100000121,205,422,-217
100000122,757,923,-166
100000123,2464,3723,-1259
100000124,4353,5843,-1490
100000125,3624,1868,1756
100000126,633,334,299
100000127,1157,398,759
100000128,1514,2263,-749
100000129,393,464,-71
100000130,448,458,-10
100000131,1848,2166,-318
100000132,991,2654,-1663
100000133,4226,2100,2126
100000135,617,987,-370
100000139,433,337,96
100000140,413,305,108
100000142,536,553,-17
100000143,1302,573,729
100000144,2775,792,1983
100000147,1224,2539,-1315
100000150,55,415,-360
100000151,1042,1067,-25
100000153,220,366,-146
100000154,57,141,-84
100000155,19,49,-30
100000156,523,543,-20
100000157,151,174,-23
100000158,351,130,221
100000159,315,589,-274
100000165,1380,782,598
100000169,281,604,-323
100000174,656,618,38
100000179,176,519,-343
100000180,1819,2360,-541
100000181,481,221,260
100000188,72,197,-125
100000189,883,303,580
100000190,928,1052,-124
100000191,722,581,141
100000192,47,119,-72
100000193,363,195,168
100000330,1411,838,573
100000355,237,624,-387
100000362,4377,2703,1674
100000363,3730,4089,-359
100000364,252,270,-18
100000365,5196,6556,-1360
100000366,5845,2882,2963
100000367,5274,5575,-301
100000368,2762,1378,1384
100000369,868,1630,-762
100000370,236,804,-568
100000376,141,167,-26
100000379,1756,1440,316
100000380,3912,3575,337
100000384,4997,4359,638
100000385,3511,3824,-313
100000386,7480,4628,2852
100000387,5009,5205,-196
100000388,6406,5817,589
100000389,6684,6113,571
100000390,7183,6080,1103
100000391,5640,7126,-1486
100000392,3907,3765,142
100000393,2914,4522,-1608
100000394,7890,8051,-161
100000395,5280,4106,1174
100000396,8270,4054,4216
100000397,6003,7536,-1533
100000398,9706,7715,1991
100000413,32,18,14
100900002,11,30,-19
100900003,365,227,138
100900004,19,658,-639
100900005,130,24,106
100900006,43,110,-67
100900007,363,11,352
100900008,0,359,-359
100900009,95,135,-40
100900010,125,92,33
100900011,119,202,-83
100900012,3,189,-186
100900013,806,5,801
100900014,6,9,-3
100900015,67,72,-5
100900016,3,35,-32
100900017,631,82,549
100900018,0,7,-7
100900019,27,128,-101
100900020,274,11,263
100900021,377,1,376
100900022,29,53,-24
100900023,0,56,-56
100900024,588,4,584
100900025,12,14,-2
100900026,131,119,12
100900027,515,2011,-1496
100900028,140,197,-57
100900029,54,5,49
100900030,5,93,-88
100900031,520,62,458
100900032,255,0,255
100900033,281,230,51
100900034,430,5,425
100900035,392,5,387
100900036,18,0,18
100900037,99,183,-84
100900038,90,44,46
100900039,162,473,-311
100900040,374,489,-115
100900041,842,658,184
100900042,1424,1673,-249
100900043,5,19,-14
100900044,1563,458,1105
100900045,15,1,14
100900046,925,9,916
100900047,763,341,422
100900048,144,40,104
100900049,117,154,-37
100900050,7,12,-5
100900051,28,61,-33
100900052,276,56,220
100900053,411,49,362
100900054,8,62,-54
100900055,215,628,-413
100900056,76,126,-50
100900057,1067,1091,-24
100900058,230,40,190
100900059,95,9,86
100900060,198,15,183
100900061,369,173,196
100900062,9,46,-37
100900063,255,620,-365
100900064,546,26,520
100900065,107,100,7
100900066,163,172,-9
100900067,7,13,-6
100900068,66,65,1
100900069,368,4,364
100900070,306,9,297
100900071,624,253,371
100900072,6,35,-29
100900073,142,266,-124
100900074,4,3,1
100900075,1466,349,1117
100900076,17,28,-11
100900077,27,79,-52
100900078,67,241,-174
100900079,6,22,-16
100900080,31,123,-92
100900081,36,110,-74
100900082,125,417,-292
100900083,11,37,-26
100900085,30,361,-331
100900086,129,507,-378
100900088,157,416,-259
100900089,8,18,-10
100900090,94,355,-261
100900091,0,16,-16
100900092,189,132,57
100900093,236,278,-42
100900094,107,309,-202
100900095,1,22,-21
100900096,39,81,-42
100900097,4,6,-2
100900098,34,16,18
100900099,49,513,-464
100900100,24,503,-479
100900101,300,54,246
100900102,145,45,100
100900103,11,37,-26
100900104,9,156,-147
100900105,33,368,-335
100900106,60,11,49
100900107,1560,810,750
100900108,4,18,-14
100900109,34,39,-5
100900110,9,30,-21
100900111,46,134,-88
100900112,12,24,-12
100900113,8,18,-10
100900114,18,9,9
100900115,4,32,-28
100900116,688,569,119
100900117,293,756,-463
100900118,11,23,-12
100900119,11,12,-1
100900120,4,3,1
100900121,245,380,-135
100900122,187,178,9
100900123,78,156,-78
100900124,15,12,3
100900125,34,66,-32
100900126,164,520,-356
100900127,1,12,-11
100900128,84,121,-37
100900129,0,183,-183
100900131,85,228,-143
100900133,63,37,26
100900134,1,5,-4
100900135,0,153,-153
100900137,264,142,122
100900138,398,472,-74
100900139,7,4,3
100900140,7,435,-428
100900141,3,482,-479
100900142,3,13,-10
100900143,999,386,613
100900144,36,7,29
100900145,452,205,247
100900146,10,58,-48
100900147,13,412,-399
100900148,60,506,-446
100900149,54,293,-239
100900150,7,32,-25
100900151,112,487,-375
100900152,261,11,250
100900153,4,185,-181
100900154,7,54,-47
100900155,19,16,3
100900156,40,8,32
100900157,16,167,-151
100900159,0,18,-18
100900160,20,7,13
100900161,84,10,74
100900162,23,287,-264
100900163,208,201,7
100900164,49,44,5
100900165,10,23,-13
100900166,36,8,28
100900167,23,62,-39
100900168,29,153,-124
100900169,93,793,-700
100900170,70,20,50
100900171,13,454,-441
100900172,0,28,-28
100900173,12,253,-241
100900174,184,39,145
100900176,1573,150,1423
100900177,704,237,467
100900178,159,145,14
100900179,168,159,9
100900180,12,9,3
100900181,71,58,13
100900182,48,31,17
100900184,18,145,-127
100900186,505,384,121
100900187,14,85,-71
100900188,32,9,23
100900189,1064,251,813
100900191,980,901,79
100900192,259,397,-138
100900195,119,91,28
100900197,46,44,2
100900198,38,112,-74
100900199,12,20,-8
100900200,551,444,107
100900201,57,520,-463
100900202,91,1,90
100900203,1,139,-138
100900204,136,503,-367
100900205,222,457,-235
100900206,158,77,81
100900207,250,137,113
100900210,78,487,-409
100900211,427,131,296
100900213,116,53,63
100900214,572,103,469
100900215,20,52,-32
100900217,145,99,46
101000001,3103,1928,1175
101000002,4743,4534,209
101000003,467,1164,-697
101000004,5906,5203,703
101000005,2872,3942,-1070
101000006,4583,5447,-864
101000007,1956,2797,-841
101000008,2746,2266,480
101000009,1665,1293,372
101000010,794,1091,-297
101000011,1364,525,839
101000012,1255,672,583
101000013,603,1069,-466
101000014,469,641,-172
101000015,1114,788,326
101000016,365,383,-18
101000017,573,467,106
101000018,3063,2081,982
101000020,2590,913,1677
101000021,860,422,438
101000022,128,46,82
101000023,1480,653,827
101000025,225,366,-141
101000026,309,55,254
101000027,1768,2350,-582
101000028,778,215,563
101000029,273,1670,-1397
101000030,1832,132,1700
101000031,1164,689,475
101000032,8407,4723,3684
101000033,2612,2854,-242
101000034,2301,1633,668
101000035,764,415,349
101000036,1906,1013,893
101000037,3074,1826,1248
101000039,2407,2312,95
101000040,2942,3275,-333
101000041,8289,7079,1210
101000042,523,985,-462
101000043,6384,6493,-109
101000045,1567,1009,558
101000046,4130,1774,2356
101000047,2462,3916,-1454
101000048,566,495,71
101000049,726,1634,-908
101000050,1548,1662,-114
101000051,1727,2430,-703
101000052,1520,831,689
101000053,856,1076,-220
101000054,1675,1000,675
101000055,1391,1188,203
101000056,53,109,-56
101000057,2025,1214,811
101000058,1183,999,184
101000059,2247,2182,65
101000060,1754,713,1041
101000061,863,1400,-537
101000062,842,754,88
101000063,644,943,-299
101000064,1269,1117,152
101000065,491,460,31
101000066,1075,952,123
101000067,1337,970,367
101000068,324,471,-147
101000069,354,100,254
101000070,1171,1120,51
101000071,1659,845,814
101000072,710,2817,-2107
101000073,823,1106,-283
101000074,5847,3619,2228
101000075,4443,5384,-941
101000077,2038,1161,877
101000078,1578,1863,-285
101000079,781,481,300
101000080,653,487,166
101000081,1763,1340,423
101000082,2882,2813,69
101000083,2532,2001,531
101000084,1211,852,359
101000085,1360,1037,323
101000086,1134,1058,76
101000087,861,883,-22
101000088,1159,988,171
101000089,1056,1331,-275
101000090,1776,1203,573
101000091,428,725,-297
101000092,987,889,98
101000093,1224,718,506
101000094,1046,866,180
101000095,444,532,-88
101000096,393,483,-90
101000097,414,431,-17
101000098,354,474,-120
101000099,1230,928,302
101000100,780,708,72
101000101,319,344,-25
101000102,750,475,275
101000103,860,455,405
101000104,363,659,-296
101000105,514,354,160
101000106,489,611,-122
101000107,356,344,12
101000108,781,315,466
101000109,344,73,271
101000110,19,459,-440
101000111,109,185,-76
101000113,177,488,-311
101000114,9113,7138,1975
101000115,101,94,7
101000116,106,81,25
101000117,869,269,600
101000119,82,70,12
101000120,132,57,75
101000121,100,60,40
101000122,148,134,14
101000123,58,139,-81
101000124,746,325,421
101000125,218,471,-253
101000128,378,344,34
101000130,233,314,-81
101000131,761,501,260
101000132,648,763,-115
101000135,64,73,-9
101000136,575,251,324
101000137,33,348,-315
101000141,1412,2814,-1402
101000147,763,482,281
101000148,990,23,967
101000149,121,303,-182
101000150,102,677,-575
101000151,246,43,203
101000152,294,293,1
101000153,477,251,226
101000154,289,820,-531
101000155,314,133,181
101000156,18,253,-235
101000157,33,22,11
101000160,64,48,16
101000163,240,299,-59
101000164,366,354,12
101000165,240,361,-121
101000166,192,279,-87
101000168,787,462,325
101000252,1795,961,834
101000254,387,106,281
101000258,39,8,31
101000261,178,52,126
101000262,1156,2054,-898
101000263,182,837,-655
101000265,102,668,-566
101000266,344,254,90
101000269,36,14,22
101000290,1146,2310,-1164
101000293,21,48,-27
101000294,605,432,173
101000295,139,435,-296
101000301,682,441,241
101000304,1890,2285,-395
101000305,2659,1175,1484
101000328,95,337,-242
101900001,24,87,-63
101900002,0,17,-17
101900003,71,70,1
101900004,9,65,-56
101900005,2630,1889,741
101900006,777,49,728
101900007,629,194,435
101900008,87,230,-143
101900009,45,347,-302
101900010,685,475,210
101900011,194,864,-670
101900012,160,158,2
101900013,790,228,562
101900017,11,130,-119
101900018,1162,287,875
101900019,211,185,26
101900020,56,47,9
101900021,1,38,-37
101900022,171,789,-618
101900023,163,187,-24
101900026,146,25,121
101900027,17,103,-86
102000001,2057,3873,-1816
102000002,2381,1032,1349
102000003,2792,5801,-3009
102000004,5080,2611,2469
102000005,1365,1744,-379
102000006,1211,1651,-440
102000007,1317,3512,-2195
102000008,3243,1379,1864
102000009,5524,6638,-1114
102000010,4698,3077,1621
102000011,2723,2241,482
102000012,2899,2749,150
102000018,2607,2218,389
102000019,1980,1279,701
102000026,242,500,-258
102000029,315,254,61
102000030,122,319,-197
102000031,78,129,-51
102000032,414,282,132
102000033,290,319,-29
102000034,540,349,191
102000035,1171,671,500
102000036,17,198,-181
102000037,165,77,88
102000038,189,327,-138
102000039,207,78,129
102000040,444,276,168
102000041,233,389,-156
102000042,232,247,-15
102000043,258,230,28
102000044,369,352,17
102000045,918,862,56
102000046,982,595,387
102000047,721,980,-259
102000048,288,642,-354
102000049,1044,625,419
102000050,995,1110,-115
102000051,411,607,-196
102000052,1032,701,331
102000053,813,828,-15
102000054,570,881,-311
102000055,1009,494,515
102000056,849,806,43
102000057,1158,412,746
102000058,918,1020,-102
102000059,1323,979,344
102000060,955,811,144
102000061,1328,1500,-172
102000062,1668,1093,575
102000063,969,1133,-164
102000064,576,656,-80
102000065,49,134,-85
102000066,743,710,33
102000067,1710,2581,-871
102000068,6854,2321,4533
102000069,48,1456,-1408
102000070,1502,30,1472
102000071,6720,8341,-1621
102000072,2593,3484,-891
102000073,857,629,228
102000074,477,653,-176
102000075,123,216,-93
102000076,189,337,-148
102000077,568,660,-92
102000078,904,654,250
102000079,177,219,-42
102000080,221,208,13
102000081,356,630,-274
102000082,645,294,351
102000083,600,224,376
102000084,298,243,55
102000085,1818,918,900
102000086,983,925,58
102000087,745,1357,-612
102000088,362,260,102
102000089,1105,359,746
102000090,333,829,-496
102000091,1041,467,574
102000092,296,605,-309
102000093,741,677,64
102000094,789,576,213
102000095,949,920,29
102000096,508,604,-96
102000097,656,547,109
102000098,536,498,38
102000099,714,685,29
102000100,701,1084,-383
102000101,897,695,202
102000102,247,1033,-786
102000103,1231,384,847
102000104,566,305,261
102000105,318,497,-179
102000106,695,574,121
102000107,1168,480,688
102000108,643,160,483
102000109,374,515,-141
102000110,952,1121,-169
102000111,23,246,-223
102000112,131,98,33
102000113,27,29,-2
102000114,774,334,440
102000115,196,312,-116
102000116,396,470,-74
102000117,229,533,-304
102000118,1165,1045,120
102000119,1480,794,686
102000120,203,407,-204
102000121,993,449,544
102000122,588,925,-337
102000123,1172,950,222
102000124,1054,1087,-33
102000125,818,690,128
102000126,725,749,-24
102000127,1090,583,507
102000128,700,902,-202
102000129,1434,688,746
102000130,701,791,-90
102000131,1229,538,691
102000132,474,715,-241
102000133,1820,1572,248
102000134,664,635,29
102000135,790,781,9
102000136,959,498,461
102000137,926,954,-28
102000138,252,370,-118
102000139,143,538,-395
102000140,361,860,-499
102000141,179,406,-227
102000142,281,315,-34
102000143,157,422,-265
102000144,296,324,-28
102000145,407,424,-17
102000146,361,256,105
102000147,468,349,119
102000148,231,429,-198
102000149,173,378,-205
102000150,350,92,258
102000151,109,235,-126
102000152,203,167,36
102000153,1040,513,527
102000154,301,525,-224
102000155,78,335,-257
102000156,310,125,185
102000157,124,367,-243
102000158,433,496,-63
102000159,768,427,341
102000161,3037,1780,1257
102000162,188,171,17
102000163,92,470,-378
102000164,922,991,-69
102000165,273,139,134
102000166,59,124,-65
102000167,235,261,-26
102000168,279,144,135
102000169,107,353,-246
102000170,410,166,244
102000171,108,107,1
102000172,63,241,-178
102000173,384,221,163
102000174,78,63,15
102000175,123,96,27
102000176,68,29,39
102000178,237,389,-152
102000179,294,203,91
102000180,860,348,512
102000181,661,446,215
102000182,575,480,95
102000183,1566,1339,227
102000184,1607,716,891
102000185,2334,1190,1144
102000186,1175,1567,-392
102000187,823,1268,-445
102000188,1017,1043,-26
102000189,1906,650,1256
102000190,483,1925,-1442
102000191,971,456,515
102000192,1009,1372,-363
102000193,42,111,-69
102000194,48,128,-80
102000195,463,398,65
102000196,232,308,-76
102000197,611,344,267
102000198,192,747,-555
102000199,997,290,707
102000200,303,1026,-723
102000201,1070,413,657
102000202,5,88,-83
102000203,381,214,167
102000204,414,612,-198
102000205,986,341,645
102000206,518,623,-105
102000207,641,396,245
102000208,389,431,-42
102000209,98,63,35
102000210,367,321,46
102000211,515,301,214
102000212,316,8,308
102000213,14,233,-219
102000214,188,8,180
102000215,15,311,-296
102000216,48,65,-17
102000217,6,135,-129
102000218,273,199,74
102000219,393,214,179
102000225,569,600,-31
102000226,1304,708,596
102000227,123,2,121
102000228,0,108,-108
102000229,50,49,1
102000230,279,357,-78
102000231,245,346,-101
102000232,25,138,-113
102000233,376,579,-203
102000234,102,879,-777
102000236,242,98,144
102000237,479,171,308
102000238,205,254,-49
102000240,545,659,-114
102000241,232,119,113
102000243,22,59,-37
102000245,25,126,-101
102000246,11,46,-35
102000247,611,670,-59
102000248,428,767,-339
102000249,115,126,-11
102000250,63,311,-248
102000254,97,224,-127
102000266,53,429,-376
102000271,40,1,39
102000286,335,320,15
102000297,1479,805,674
102000301,0,0,0
102000303,0,0,0
102000307,0,2,-2
102900001,1076,629,447
102900002,347,39,308
102900003,56,180,-124
102900005,335,213,122
102900006,538,123,415
102900007,414,28,386
102900008,195,47,148
102900009,549,342,207
102900010,376,639,-263
102900011,1512,292,1220
102900012,329,70,259
102900013,27,66,-39
102900015,544,408,136
102900016,72,118,-46
102900017,177,478,-301
102900018,71,100,-29
102900019,300,310,-10
102900020,146,14,132
102900021,45,66,-21
102900022,556,186,370
102900023,34,42,-8
102900024,44,36,8
102900025,223,130,93
102900026,317,1632,-1315
102900027,84,51,33
102900028,126,617,-491
102900029,132,126,6
102900030,346,247,99
102900031,184,143,41
102900032,110,63,47
102900033,97,167,-70
102900034,423,67,356
102900035,118,227,-109
102900036,261,462,-201
102900037,337,465,-128
102900038,464,468,-4
102900039,23,485,-462
102900040,134,207,-73
102900041,49,140,-91
102900042,173,205,-32
102900043,169,200,-31
102900044,501,1519,-1018
102900045,96,412,-316
102900046,106,234,-128
102900047,121,492,-371
102900048,584,479,105
102900049,102,286,-184
102900050,232,255,-23
102900051,226,188,38
102900053,353,550,-197
102900054,493,854,-361
102900055,78,188,-110
102900056,113,315,-202
102900057,6,52,-46
102900058,222,50,172
102900059,41,44,-3
102900060,127,446,-319
102900061,133,408,-275
102900062,207,803,-596
102900063,972,386,586
102900064,69,316,-247
102900065,936,343,593
102900066,309,15,294
102900068,99,69,30
102900070,163,454,-291
102900072,22,45,-23
102900073,123,11,112
102900075,24,69,-45
102900076,179,142,37
102900077,77,35,42
102900078,30,79,-49
102900079,194,7,187
102900080,344,29,315
102900081,98,215,-117
102900082,12,178,-166
102900083,171,19,152
102900084,3,35,-32
102900085,364,127,237
102900086,18,56,-38
102900087,103,107,-4
102900088,47,48,-1
102900089,219,102,117
102900090,1,291,-290
102900091,162,0,162
102900092,381,705,-324
102900094,3,64,-61
102900095,122,3,119
102900096,46,12,34
102900097,3,72,-69
103000001,1954,2367,-413
103000002,1746,2006,-260
103000003,2850,2410,440
103000004,821,763,58
103000005,1582,2463,-881
103000006,701,1230,-529
103000007,346,630,-284
103000008,842,650,192
103000009,1142,925,217
103000010,149,94,55
103000011,1523,1438,85
103000012,1255,1315,-60
103000013,3331,1766,1565
103000014,1301,2170,-869
103000015,1466,665,801
103000016,471,1160,-689
103000017,189,263,-74
103000018,545,315,230
103000019,278,257,21
103000020,2047,1188,859
103000021,1581,1468,113
103000022,713,761,-48
103000023,579,1385,-806
103000024,86,114,-28
103000025,120,572,-452
103000026,801,133,668
103000027,335,545,-210
103000028,350,345,5
103000029,230,302,-72
103000030,1289,974,315
103000031,1222,1695,-473
103000032,1966,1463,503
103000033,2545,2396,149
103000034,1246,1188,58
103000035,371,1207,-836
103000036,388,595,-207
103000037,493,586,-93
103000038,380,826,-446
103000039,402,253,149
103000040,433,712,-279
103000041,1374,1799,-425
103000042,1055,394,661
103000043,652,823,-171
103000044,244,137,107
103000046,283,395,-112
103000047,579,587,-8
103000048,184,185,-1
103000049,92,151,-59
103000050,727,431,296
103000051,428,425,3
103000052,690,324,366
103000053,146,609,-463
103000054,2378,1242,1136
103000055,1700,1937,-237
103000056,742,1244,-502
103000057,606,230,376
103000058,576,663,-87
103000059,467,792,-325
103000060,738,534,204
103000061,415,892,-477
103000062,1009,500,509
103000063,686,765,-79
103000064,207,149,58
103000065,7,383,-376
103000066,164,10,154
103000069,512,305,207
103000070,775,702,73
103000071,1011,450,561
103000072,98,522,-424
103000073,584,110,474
103000074,535,84,451
103000075,149,537,-388
103000076,255,276,-21
103000077,40,274,-234
103000078,977,570,407
103000079,594,608,-14
103000080,878,303,575
103000081,493,966,-473
103000082,426,193,233
103000083,100,260,-160
103000084,130,13,117
103000085,4,121,-117
103000086,496,417,79
103000087,106,478,-372
103000088,224,277,-53
103000089,286,410,-124
103000090,1564,701,863
103000091,531,384,147
103000092,194,237,-43
103000093,268,302,-34
103000094,209,103,106
103000095,66,288,-222
103000096,613,77,536
103000097,95,716,-621
103000098,734,169,565
103000099,299,640,-341
103000100,107,560,-453
103000101,807,133,674
103000102,108,411,-303
103000103,656,149,507
103000104,45,89,-44
103000105,117,82,35
103000106,14,126,-112
103000107,203,39,164
103000108,702,499,203
103000109,380,345,35
103000110,440,412,28
103000111,472,397,75
103000112,284,204,80
103000113,620,594,26
103000114,1177,415,762
103000115,522,433,89
103000116,479,366,113
103000117,363,466,-103
103000118,595,576,19
103000119,891,496,395
103000120,58,93,-35
103000121,243,626,-383
103000122,510,630,-120
103000125,16,220,-204
103000126,649,10,639
103000127,3,133,-130
103000128,161,3,158
103000129,2,97,-95
103000130,62,50,12
103000131,141,99,42
103000132,69,225,-156
103000133,22,120,-98
103000134,525,717,-192
103000135,517,310,207
103000136,671,451,220
103000137,481,591,-110
103000138,847,798,49
103000139,3,79,-76
103000140,167,18,149
103000141,89,110,-21
103000142,243,85,158
103000143,38,158,-120
103000144,187,76,111
103000145,23,117,-94
103000150,112,39,73
103000152,242,287,-45
103000153,252,160,92
103000156,13,254,-241
103000157,460,6,454
103000159,183,53,130
103000162,68,35,33
103000163,30,39,-9
103000164,24,24,0
103000165,72,211,-139
103000166,225,290,-65
103000167,179,135,44
103000168,103,149,-46
103000169,201,359,-158
103000170,820,349,471
103000171,49,78,-29
103000172,492,249,243
103000173,520,457,63
103000174,159,286,-127
103000175,264,242,22
103000176,823,597,226
103000177,496,353,143
103000178,238,280,-42
103000179,172,26,146
103000183,110,11,99
103000185,83,40,43
103000186,133,137,-4
103000187,460,284,176
103000188,14,68,-54
103000189,651,636,15
103000191,642,508,134
103000292,1094,1494,-400
103000293,888,1842,-954
103000295,70,75,-5
103000296,311,2,309
103000297,48,68,-20
103000504,35,19,16
103000505,5,24,-19
103000506,1,167,-166
103000507,204,4,200
103000508,42,63,-21
103000509,193,556,-363
103900001,0,127,-127
103900002,852,124,728
103900003,1176,169,1007
103900004,113,1,112
103900005,6,148,-142
103900006,14,0,14
103900007,71,5,66
103900008,22,2,20
103900009,237,527,-290
103900010,146,414,-268
103900011,292,209,83
103900012,18,15,3
103900013,65,56,9
103900014,76,14,62
103900015,51,12,39
103900016,544,172,372
103900017,35,74,-39
103900018,684,144,540
103900019,83,269,-186
103900020,199,415,-216
103900021,359,52,307
103900022,934,604,330
103900023,126,1,125
103900024,87,344,-257
103900025,15,29,-14
103900026,93,0,93
103900027,699,243,456
103900028,11,277,-266
103900029,919,160,759
103900030,231,96,135
103900031,29,3,26
103900032,92,48,44
103900033,122,13,109
103900034,45,113,-68
103900035,21,26,-5
103900036,27,38,-11
103900037,56,41,15
103900038,104,184,-80
103900039,64,282,-218
103900040,20,114,-94
103900041,66,68,-2
103900042,67,268,-201
103900043,162,43,119
103900044,67,196,-129
103900045,408,141,267
103900047,62,24,38
103900048,148,32,116
103900049,175,1109,-934
103900050,16,125,-109
103900051,1,35,-34
103900052,206,358,-152
103900053,218,415,-197
103900054,124,309,-185
103900055,360,187,173
103900056,36,53,-17
103900057,38,139,-101
103900058,246,458,-212
103900059,0,21,-21
103900060,37,161,-124
103900061,144,36,108
103900062,273,80,193
103900063,3,0,3
103900064,110,4,106
103900065,808,359,449
103900066,103,16,87
103900067,163,8,155
103900068,8,0,8
103900069,96,44,52
103900070,125,226,-101
103900071,15,95,-80
103900072,12,134,-122
103900073,37,27,10
103900074,54,56,-2
103900075,174,64,110
103900076,456,370,86
103900077,48,82,-34
103900078,305,87,218
103900079,155,185,-30
103900080,14,21,-7
103900081,107,37,70
103900082,6,123,-117
103900083,1198,824,374
103900084,37,82,-45
103900085,99,126,-27
103900086,536,339,197
103900088,323,512,-189
103900089,57,115,-58
103900090,13,135,-122
103900091,997,223,774
103900092,436,341,95
103900093,99,279,-180
103900094,5,85,-80
103900095,245,193,52
103900096,26,144,-118
103900097,9,354,-345
103900098,220,98,122
103900099,49,125,-76
103900100,194,264,-70
103900101,102,872,-770
103900102,5,26,-21
103900104,0,27,-27
103900105,117,222,-105
103900106,1,74,-73
103900107,122,121,1
103900108,51,291,-240
103900109,104,56,48
103900110,156,45,111
103900111,89,397,-308
103900112,45,70,-25
103900113,101,233,-132
103900114,294,252,42
103900115,249,166,83
103900116,4357,2532,1825
103900117,126,58,68
103900119,22,67,-45
103900120,80,97,-17
103900122,92,206,-114
103900123,1373,574,799
103900124,64,396,-332
103900125,82,66,16
103900126,427,258,169
103900127,224,361,-137
103900128,229,119,110
103900131,62,146,-84
103900133,756,36,720
103900134,1,6,-5
103900135,2,3,-1
103900137,1,26,-25
103900138,72,263,-191
103900139,205,1584,-1379
103900140,6,104,-98
103900141,242,64,178
103900142,160,198,-38
103900143,53,3,50
103900144,5,54,-49
103900145,147,252,-105
103900146,198,196,2
103900147,257,114,143
103900148,191,390,-199
103900149,353,491,-138
103900150,4639,3045,1594
103900151,40,132,-92
103900152,513,383,130
103900153,6,3,3
103900154,673,1398,-725
103900155,41,206,-165
103900156,85,115,-30
103900157,45,185,-140
103900158,82,136,-54
103900159,152,58,94
103900160,49,52,-3
103900161,75,137,-62
103900162,59,149,-90
103900163,8,313,-305
103900167,23,107,-84
103900168,72,103,-31
103900169,49,46,3
103900170,4,47,-43
103900171,12,37,-25
103900172,10,25,-15
103900173,14,9,5
103900174,157,53,104
103900175,51,50,1
103900176,7,39,-32
103900177,11,55,-44
103900178,51,29,22
103900179,43,83,-40
103900180,30,67,-37
103900181,44,42,2
103900182,37,18,19
103900184,378,92,286
103900185,112,303,-191
103900187,16,88,-72
103900188,28,19,9
103900189,117,10,107
103900190,83,63,20
103900191,28,31,-3
103900192,21,99,-78
103900193,141,200,-59
103900194,51,185,-134
103900195,4,104,-100
103900196,38,45,-7
103900197,10,26,-16
103900198,17,52,-35
103900199,124,52,72
103900200,181,116,65
103900201,68,169,-101
103900202,11,49,-38
103900203,36,22,14
103900204,0,69,-69
103900207,0,83,-83
103900208,94,1,93
103900209,8,62,-54
103900210,44,32,12
103900211,475,311,164
103900212,88,296,-208
103900213,58,224,-166
103900214,245,215,30
103900215,404,403,1
103900216,11,303,-292
103900217,405,94,311
103900218,1,218,-217
103900219,119,200,-81
103900233,93,0,93
103900235,41,14,27
103900236,32,6,26
103900242,10,24,-14
103900243,4,9,-5
103900244,94,181,-87
103900245,84,134,-50
103900246,60,38,22
103900247,35,92,-57
103900248,18,43,-25
103900249,33,67,-34
103900250,42,23,19
103900251,7,35,-28
103900253,13,74,-61
103900254,12,26,-14
103900255,4,17,-13
103900256,16,25,-9
103900257,62,80,-18
103900258,34,12,22
103900259,49,12,37
103900261,7,3,4
103900262,29,6,23
103900263,54,63,-9
103900264,60,64,-4
103900265,71,27,44
103900266,1,95,-94
103900267,7,74,-67
103900268,19,88,-69
103900269,111,21,90
103900270,64,139,-75
103900271,69,98,-29
103900272,63,60,3
103900273,26,39,-13
103900274,89,9,80
103900275,45,12,33
103900276,11,73,-62
103900277,6,44,-38
103900278,6,45,-39
103900279,1,25,-24
103900280,1,69,-68
104000001,1843,1416,427
104000002,1270,1944,-674
104000003,1901,1632,269
104000004,2278,2140,138
104000005,1396,1548,-152
104000006,2623,1964,659
104000007,3290,3499,-209
104000008,143,277,-134
104000009,185,101,84
104000010,182,250,-68
104000011,401,224,177
104000012,152,294,-142
104000013,248,216,32
104000014,199,505,-306
104000015,313,110,203
104000016,531,330,201
104000018,842,171,671
104000019,620,190,430
104000020,155,458,-303
104000021,268,497,-229
104000022,132,236,-104
104000023,719,279,440
104000024,234,292,-58
104000026,54,316,-262
104000027,197,209,-12
104000028,309,195,114
104000029,303,339,-36
104000030,275,205,70
104000031,1171,350,821
104000032,227,227,0
104000033,523,477,46
104000034,284,240,44
104000035,787,381,406
104000036,643,412,231
104000037,261,198,63
104000038,508,253,255
104000039,193,185,8
104000040,259,342,-83
104000041,529,308,221
104000042,180,253,-73
104000043,230,313,-83
104000044,244,516,-272
104000045,831,926,-95
104000046,944,1241,-297
104000047,678,931,-253
104000048,1004,1178,-174
104000049,434,241,193
104000050,146,469,-323
104000051,89,488,-399
104000052,1273,1263,10
104000053,756,428,328
104000054,500,310,190
104000055,3378,2140,1238
104000056,1031,154,877
104000057,105,418,-313
104000058,744,656,88
104000059,459,841,-382
104000060,840,1068,-228
104000061,1221,823,398
104000062,333,95,238
104000064,446,305,141
104000065,242,580,-338
104000069,813,960,-147
104000070,84,462,-378
104000071,128,399,-271
104000072,512,124,388
104000075,43,194,-151
104000076,439,63,376
104000082,2045,2840,-795
104000083,765,179,586
104000084,113,484,-371
104000085,281,311,-30
104000086,195,431,-236
104000087,447,1709,-1262
104000090,636,990,-354
104000092,1077,1739,-662
104000094,720,1113,-393
104000095,1432,1160,272
104000096,1238,152,1086
104000097,1436,641,795
104000098,1908,813,1095
104000100,1496,557,939
104000101,1072,1328,-256
104000106,29,483,-454
104000107,492,443,49
104000108,207,417,-210
104000109,267,63,204
104000110,771,892,-121
104000111,2857,1899,958
104000112,1735,489,1246
104000116,2,796,-794
104000117,132,467,-335
104000118,527,130,397
104000119,519,213,306
104000120,240,521,-281
104000121,143,650,-507
104000122,557,679,-122
104000123,608,895,-287
104000124,721,1560,-839
104000125,2654,3532,-878
104000126,284,299,-15
104000127,1298,2490,-1192
104000128,523,417,106
104000129,329,20,309
104000130,5,228,-223
104000131,501,427,74
104000132,394,507,-113
104000133,1290,708,582
104000134,898,1458,-560
104000135,468,1667,-1199
104000136,793,3445,-2652
104000137,1467,414,1053
104000138,755,286,469
104000139,4839,2700,2139
104000141,959,1060,-101
104000142,450,635,-185
104000143,508,502,6
104000144,98,167,-69
104000145,366,191,175
104000146,260,430,-170
104000147,153,213,-60
104000148,334,150,184
104000149,160,222,-62
104000150,963,456,507
104000151,277,360,-83
104000152,447,456,-9
104000153,581,493,88
104000154,853,498,355
104000155,443,503,-60
104000157,828,1241,-413
104000158,274,504,-230
104000159,719,491,228
104000160,1513,1536,-23
104000161,150,160,-10
104000162,69,128,-59
104000165,974,916,58
104000167,647,913,-266
104000168,437,8,429
104000169,92,39,53
104000170,398,426,-28
104000248,275,560,-285
104000251,53,172,-119
104000272,0,0,0
104000273,0,0,0
104000274,0,0,0
104000275,0,0,0
104000279,541,347,194
104000290,74,259,-185
104000291,567,937,-370
104000293,603,637,-34
104000294,53,0,53
104000295,372,582,-210
104000296,328,443,-115
104000297,527,1330,-803
104000298,1475,553,922
104000299,673,1136,-463
104900001,205,310,-105
104900002,57,152,-95
104900003,65,241,-176
104900004,69,215,-146
104900005,223,200,23
104900006,322,87,235
104900007,223,177,46
104900009,129,301,-172
104900010,56,47,9
104900011,29,5,24
104900012,177,32,145
104900013,102,20,82
104900014,2058,218,1840
104900015,98,5,93
104900016,215,139,76
104900017,187,170,17
104900018,8,163,-155
104900019,270,2358,-2088
104900020,62,219,-157
104900021,3,110,-107
104900022,7,107,-100
104900023,1,59,-58
104900024,15,86,-71
104900025,50,237,-187
104900026,3,55,-52
104900027,408,259,149
104900028,24,102,-78
104900029,48,42,6
104900030,478,194,284
104900031,79,213,-134
104900032,59,89,-30
104900033,114,244,-130
104900034,303,150,153
104900035,294,163,131
104900036,169,66,103
104900037,97,157,-60
104900038,430,701,-271
104900039,391,259,132
104900040,389,79,310
104900041,285,119,166
104900042,96,263,-167
104900043,23,126,-103
104900044,571,178,393
104900045,409,59,350
104900046,184,108,76
104900047,290,95,195
104900048,277,73,204
104900049,45,19,26
104900050,260,64,196
104900051,228,40,188
104900052,61,2,59
104900053,396,78,318
104900054,138,34,104
104900055,112,1,111
104900056,125,12,113
104900057,33,1,32
104900058,501,153,348
104900059,216,77,139
104900060,0,233,-233
104900061,193,463,-270
104900063,0,74,-74
104900064,0,73,-73
104900065,0,176,-176
104900066,4,89,-85
104900067,7,277,-270
104900068,15,166,-151
104900070,133,226,-93
104900071,2,382,-380
104900072,34,257,-223
104900073,42,167,-125
104900074,47,211,-164
104900075,52,40,12
104900076,108,220,-112
104900077,582,215,367
104900078,158,429,-271
104900079,70,438,-368
104900080,80,425,-345
104900082,16,398,-382
104900085,4,157,-153
104900087,315,4,311
104900089,170,3,167
104900090,721,592,129
104900091,668,559,109
104900093,206,486,-280
104900097,1617,1469,148
104900098,92,40,52
104900099,363,589,-226
104900100,354,154,200
104900102,27,149,-122
104900103,391,70,321
104900104,2171,1717,454
104900106,79,116,-37
104900107,141,196,-55
104900108,19,164,-145
104900109,90,172,-82
104900110,7,57,-50
104900111,98,65,33
104900112,255,605,-350
104900113,598,263,335
104900114,248,348,-100
104900115,606,292,314
104900116,240,152,88
104900118,12,53,-41
104900119,2,35,-33
104900120,25,225,-200
104900121,0,65,-65
104900122,7,42,-35
104900123,37,9,28
104900124,45,0,45
104900125,378,13,365
104900126,78,53,25
104900127,31,67,-36
104900128,71,186,-115
104900129,1243,1550,-307
105000001,2180,1290,890
105000002,2030,1194,836
105000003,2884,2602,282
105000004,511,701,-190
105000005,665,812,-147
105000006,1122,1365,-243
105000007,1106,1293,-187
105000008,1494,2534,-1040
105000009,2067,2697,-630
105000010,2493,1873,620
105000011,2848,2257,591
105000012,3443,2572,871
105000013,837,940,-103
105000014,1943,2222,-279
105000015,8406,11596,-3190
105000016,2362,1856,506
105000017,1417,669,748
105000018,1142,1316,-174
105000019,1058,758,300
105000020,201,357,-156
105000021,198,100,98
105000022,253,91,162
105000023,508,372,136
105000028,84,113,-29
105000029,541,1178,-637
105000030,3633,2369,1264
105000031,11,30,-19
105000033,810,1675,-865
105000034,133,802,-669
105000037,426,229,197
105000038,1583,1661,-78
105000039,2311,1388,923
105000040,754,1076,-322
105000041,519,1053,-534
105000042,2461,1656,805
105000043,1512,1852,-340
105000044,506,400,106
105000045,322,685,-363
105000046,1033,294,739
105000047,449,1241,-792
105000048,443,197,246
105000049,200,374,-174
105000050,579,377,202
105000051,121,376,-255
105000052,523,753,-230
105000053,86,107,-21
105000054,348,674,-326
105000055,646,356,290
105000056,1169,1576,-407
105000057,1100,744,356
105000058,1100,987,113
105000059,652,489,163
105000060,440,461,-21
105000061,536,464,72
105000062,622,668,-46
105000063,255,420,-165
105000064,1337,700,637
105000065,404,457,-53
105000066,1012,1109,-97
105000067,1228,679,549
105000068,389,788,-399
105000069,1519,1474,45
105000070,430,734,-304
105000071,249,641,-392
105000072,1011,2026,-1015
105000073,680,503,177
105000074,930,632,298
105000075,372,784,-412
105000076,1116,944,172
105000077,2373,1015,1358
105000078,1193,1251,-58
105000079,1081,2772,-1691
105000080,1574,1209,365
105000081,2793,1204,1589
105000082,935,1528,-593
105000083,3911,3013,898
105000084,483,599,-116
105000085,1473,1664,-191
105000086,526,709,-183
105000087,1226,1377,-151
105000088,1270,1353,-83
105000089,2340,1772,568
105000090,881,773,108
105000091,1234,1299,-65
105000092,616,688,-72
105000093,264,236,28
105000094,375,200,175
105000095,134,503,-369
105000096,1231,1102,129
105000097,952,862,90
105000098,835,550,285
105000099,675,670,5
105000100,1117,990,127
105000101,2055,1693,362
105000102,1300,1217,83
105000103,1255,1844,-589
105000104,1989,828,1161
105000105,1269,1723,-454
105000106,1178,1377,-199
105000107,1228,805,423
105000108,1391,1285,106
105000109,1347,1403,-56
105000110,717,455,262
105000111,690,603,87
105000112,1132,572,560
105000113,393,690,-297
105000114,2119,886,1233
105000115,307,1044,-737
105000116,699,407,292
105000117,730,819,-89
105000118,501,352,149
105000119,511,660,-149
105000120,784,554,230
105000121,678,784,-106
105000122,480,586,-106
105000123,1021,978,43
105000124,1533,645,888
105000125,696,1476,-780
105000126,1771,1443,328
105000127,2008,1554,454
105000128,594,886,-292
105000129,663,297,366
105000130,375,2539,-2164
105000131,487,302,185
105000132,773,584,189
105000133,402,737,-335
105000134,607,527,80
105000135,373,475,-102
105000136,135,255,-120
105000137,471,216,255
105000138,219,349,-130
105000139,1008,782,226
105000140,433,535,-102
105000141,261,433,-172
105000142,227,463,-236
105000143,216,553,-337
105000144,229,709,-480
105000145,556,307,249
105000146,388,813,-425
105000147,646,322,324
105000148,1137,561,576
105000149,2005,1852,153
105000150,1855,1334,521
105000151,340,332,8
105000152,178,418,-240
105000153,422,547,-125
105000154,675,452,223
105000155,292,774,-482
105000156,610,607,3
105000157,697,1356,-659
105000158,1517,665,852
105000159,231,738,-507
105000160,1460,462,998
105000161,668,815,-147
105000162,524,1225,-701
105000163,966,663,303
105000164,277,255,22
105000165,736,3967,-3231
105000166,4060,828,3232
105000167,1365,1123,242
105000168,447,423,24
105000169,485,339,146
105000170,229,1176,-947
105000171,870,181,689
105000172,189,58,131
105000173,187,90,97
105000174,54,44,10
105000175,62,151,-89
105000176,291,91,200
105000177,287,146,141
105000178,114,356,-242
105000179,393,160,233
105000180,144,120,24
105000181,119,250,-131
105000182,72,45,27
105000183,1727,1705,22
105000184,1669,1049,620
105000185,1114,1063,51
105000186,500,680,-180
105000187,591,218,373
105000188,245,115,130
105000189,187,453,-266
105000190,301,244,57
105000191,397,314,83
105000192,318,63,255
105000193,69,134,-65
105000194,487,135,352
105000195,250,684,-434
105000196,106,326,-220
105000197,270,545,-275
105000198,497,350,147
105000199,346,654,-308
105000200,130,237,-107
105000201,103,32,71
105000203,19,174,-155
105000204,75,63,12
105000205,77,180,-103
105000207,424,202,222
105000208,185,487,-302
105000209,234,298,-64
105000211,223,28,195
105000212,1062,890,172
105000213,132,193,-61
105000214,133,213,-80
105000215,284,155,129
105000216,169,377,-208
105000217,118,302,-184
105000218,1154,962,192
105000221,139,124,15
105000222,759,162,597
105000223,309,207,102
105000226,98,179,-81
105000227,89,164,-75
105000228,317,1637,-1320
105000229,113,431,-318
105000231,416,258,158
105000233,791,622,169
105000234,807,1004,-197
105000235,354,457,-103
105000237,558,47,511
105000243,34,46,-12
105000248,43,67,-24
105000262,325,978,-653
105000269,176,169,7
105000270,335,41,294
105000271,1,129,-128
105000282,62,45,17
105000287,384,85,299
105000288,524,427,97
105000289,2368,1749,619
105000290,19,9,10
105000402,2933,3099,-166
105000426,431,494,-63
105000438,3181,1358,1823
105000440,34,18,16
105000446,9103,4876,4227
105000447,5366,2464,2902
105000454,396,550,-154
105000455,288,151,137
105000474,40,0,40
105000477,329,499,-170
105000478,1549,3377,-1828
105000479,110,150,-40
105000480,7896,5628,2268
105000481,4076,2930,1146
105000482,4382,6669,-2287
105000483,1699,1719,-20
105000484,2128,2890,-762
105000485,1449,2722,-1273
105000486,2933,2303,630
105000488,8459,4595,3864
105000489,787,690,97
105000549,125,156,-31
105000550,535,1499,-964
105000551,40,124,-84
105000552,2258,1450,808
105000555,1084,872,212
105000556,44,29,15
105000557,35,156,-121
105900001,10,1807,-1797
105900002,968,519,449
105900003,7,70,-63
105900004,155,109,46
105900005,8,177,-169
105900006,20,114,-94
105900007,98,37,61
105900008,65,465,-400
105900009,19,12,7
105900011,120,26,94
105900012,385,84,301
105900013,3,35,-32
105900014,6,44,-38
105900015,125,294,-169
105900016,403,383,20
105900017,974,31,943
105900018,154,153,1
105900019,48,200,-152
105900020,43,50,-7
105900021,22,265,-243
105900022,338,152,186
105900023,6,92,-86
105900024,5,206,-201
105900025,165,40,125
105900026,181,21,160
105900027,7815,5633,2182
105900028,661,272,389
105900029,1246,268,978
105900030,192,228,-36
105900031,342,188,154
105900032,75,164,-89
105900033,83,117,-34
105900034,246,169,77
105900035,158,144,14
105900036,116,109,7
105900037,84,53,31
105900038,160,257,-97
105900039,154,81,73
105900040,86,84,2
105900041,195,169,26
105900042,38,142,-104
105900043,980,72,908
105900044,10,163,-153
105900045,3,609,-606
105900046,3,245,-242
105900047,10,52,-42
105900048,91,369,-278
105900050,5134,3905,1229
105900051,59,912,-853
105900052,441,252,189
105900053,1954,2025,-71
105900054,256,142,114
105900056,561,336,225
105900057,23,127,-104
105900058,14,11,3
105900059,0,37,-37
106000001,3649,2232,1417
106000002,1946,4315,-2369
106000003,2266,2975,-709
106000004,1344,2100,-756
106000005,2625,4593,-1968
106000006,4712,3179,1533
106000007,390,594,-204
106000008,486,282,204
106000009,551,337,214
106000010,577,472,105
106000011,938,895,43
106000012,862,1026,-164
106000013,1385,1621,-236
106000014,1672,1222,450
106000015,1517,976,541
106000016,1050,1567,-517
106000017,451,558,-107
106000018,445,360,85
106000019,277,404,-127
106000020,317,421,-104
106000021,313,389,-76
106000022,309,372,-63
106000023,558,262,296
106000024,501,444,57
106000025,85,170,-85
106000026,87,184,-97
106000027,1033,1053,-20
106000028,488,354,134
106000029,669,937,-268
106000030,538,477,61
106000034,193,442,-249
106000035,1017,1903,-886
106000036,190,404,-214
106000037,1726,1345,381
106000038,314,125,189
106000039,91,75,16
106000040,131,762,-631
106000041,664,481,183
106000043,511,236,275
106000046,302,55,247
106000047,61,440,-379
106000049,913,170,743
106000050,279,564,-285
106000051,632,447,185
106000052,93,542,-449
106000053,265,103,162
106000054,332,371,-39
106000055,884,763,121
106000056,284,345,-61
106000057,334,246,88
106000058,111,123,-12
106000059,258,300,-42
106000060,281,432,-151
106000061,158,418,-260
106000062,196,435,-239
106000063,620,464,156
106000064,32,295,-263
106000065,333,323,10
106000066,125,230,-105
106000067,722,110,612
106000068,52,480,-428
106000069,261,47,214
106000070,376,590,-214
106000071,871,355,516
106000072,2201,1307,894
106000073,1423,2470,-1047
106000074,467,531,-64
106000075,311,1158,-847
106000076,1645,1666,-21
106000077,2906,1202,1704
106000078,897,809,88
106000079,631,758,-127
106000080,1028,582,446
106000081,517,996,-479
106000082,2039,799,1240
106000083,436,1320,-884
106000084,1122,693,429
106000085,1180,1340,-160
106000086,580,847,-267
106000087,797,539,258
106000088,399,644,-245
106000089,879,266,613
106000090,233,500,-267
106000091,294,399,-105
106000092,561,250,311
106000093,323,133,190
106000094,81,207,-126
106000095,620,545,75
106000096,691,557,134
106000097,941,633,308
106000098,866,797,69
106000099,193,745,-552
106000100,999,179,820
106000101,1238,405,833
106000102,265,676,-411
106000103,409,535,-126
106000104,695,395,300
106000105,462,500,-38
106000106,543,458,85
106000107,126,281,-155
106000108,271,313,-42
106000109,172,252,-80
106000110,205,316,-111
106000111,223,357,-134
106000112,223,459,-236
106000113,670,468,202
106000114,411,617,-206
106000115,201,369,-168
106000116,252,164,88
106000117,937,615,322
106000118,1057,1138,-81
106000119,1121,824,297
106000120,719,1020,-301
106000121,178,123,55
106000122,99,191,-92
106000123,483,93,390
106000124,45,160,-115
106000125,29,208,-179
106000126,239,96,143
106000127,780,583,197
106000128,723,171,552
106000129,502,446,56
106000130,743,269,474
106000131,131,612,-481
106000132,493,164,329
106000133,1520,996,524
106000134,458,1642,-1184
106000135,226,552,-326
106000136,586,950,-364
106000137,102,551,-449
106000138,1078,102,976
106000139,58,97,-39
106000140,20,29,-9
106000141,91,48,43
106000142,74,59,15
106000143,32,57,-25
106000144,34,63,-29
106000145,181,195,-14
106000146,324,132,192
106000147,379,329,50
106000148,513,636,-123
106000149,574,360,214
106000150,477,1419,-942
106000151,2754,534,2220
106000152,992,1466,-474
106000153,85,676,-591
106000154,1211,194,1017
106000155,102,231,-129
106000156,613,211,402
106000157,456,1160,-704
106000158,1638,767,871
106000159,2141,1483,658
106000160,397,2087,-1690
106000161,1107,280,827
106000162,251,850,-599
106000163,327,306,21
106000164,344,275,69
106000165,175,362,-187
106000166,651,290,361
106000167,387,698,-311
106000168,435,199,236
106000169,220,424,-204
106000170,840,231,609
106000171,269,968,-699
106000172,2243,1279,964
106000173,1052,2175,-1123
106000174,1011,332,679
106000175,274,738,-464
106000176,1331,811,520
106000177,680,1804,-1124
106000178,2592,1656,936
106000179,937,1633,-696
106000180,699,967,-268
106000181,688,1350,-662
106000182,1144,666,478
106000183,1116,508,608
106000184,1815,541,1274
106000185,880,1042,-162
106000186,769,143,626
106000187,218,930,-712
106000188,0,2,-2
106000189,14,43,-29
106000190,37,1,36
106000191,585,180,405
106000192,4,18,-14
106000193,377,195,182
106000194,152,313,-161
106000195,378,120,258
106000196,109,314,-205
106000197,608,199,409
106000198,167,184,-17
106000199,892,570,322
106000200,206,191,15
106000201,406,2000,-1594
106000202,2754,545,2209
106000203,43,141,-98
106000204,91,9,82
106000205,10,98,-88
106000206,102,24,78
106000207,21,504,-483
106000208,1189,176,1013
106000209,1246,312,934
106000210,251,699,-448
106000211,289,843,-554
106000212,663,386,277
106000213,584,1611,-1027
106000214,2079,628,1451
106000215,411,452,-41
106000216,555,306,249
106000217,283,354,-71
106000218,448,294,154
106000219,151,246,-95
106000220,383,244,139
106000221,201,185,16
106000222,36,82,-46
106000223,189,88,101
106000224,186,191,-5
106000225,91,102,-11
106000226,126,215,-89
106000228,50,90,-40
106000229,60,592,-532
106000231,947,132,815
106000232,99,370,-271
106000233,536,112,424
106000234,370,182,188
106000235,570,88,482
106000236,335,66,269
106000237,13,8,5
106000238,154,24,130
106000239,8,86,-78
106000240,54,2,52
106000241,23,517,-494
106000242,291,62,229
106000249,57,72,-15
106000250,75,410,-335
106000251,93,17,76
106000252,15,58,-43
106000253,41,64,-23
106000254,61,31,30
106000255,24,148,-124
106000256,46,66,-20
106000257,135,180,-45
106000258,223,16,207
106000259,4,31,-27
106000260,29,3,26
106000261,11,53,-42
106000262,95,13,82
106000263,9,55,-46
106000264,157,10,147
106000265,8,119,-111
106000266,113,22,91
106000267,6,65,-59
106000268,445,54,391
106000269,88,29,59
106000270,98,436,-338
106000271,89,206,-117
106000272,238,50,188
106000273,8,258,-250
106000274,143,51,92
106000275,140,230,-90
106000276,145,27,118
106000277,106,267,-161
106000278,161,27,134
106000279,13,37,-24
106000280,98,74,24
106000281,93,52,41
106000282,48,60,-12
106000283,127,51,76
106000284,48,79,-31
106000285,93,91,2
106000286,80,108,-28
106000287,106,52,54
106000288,78,138,-60
106000289,83,52,31
106000290,45,101,-56
106000291,88,78,10
106000292,56,74,-18
106000293,130,61,69
106000294,117,101,16
106000295,39,37,2
106000296,33,94,-61
106000297,78,207,-129
106000298,97,52,45
106000299,83,127,-44
106000300,71,78,-7
106000301,50,103,-53
106000303,16,58,-42
106000304,19,21,-2
106000305,42,72,-30
106000306,31,50,-19
106000307,47,42,5
106000308,27,120,-93
106000309,5,72,-67
106000310,274,390,-116
106000311,320,171,149
106000312,93,126,-33
106000313,235,219,16
106000318,79,418,-339
106000319,857,262,595
106000320,5,66,-61
106000321,243,75,168
106000322,149,135,14
106000324,14,90,-76
106000325,1314,848,466
106000326,855,1367,-512
106000327,169,119,50
106000328,40,106,-66
106000329,316,248,68
106000330,117,70,47
106000428,98,161,-63
106000429,169,401,-232
106000430,337,978,-641
106000431,2201,366,1835
106000432,1724,2537,-813
106000433,2041,1531,510
106000434,2626,1402,1224
106000435,1314,2297,-983
106000436,18,172,-154
106000437,255,44,211
106000438,378,172,206
106000439,61,408,-347
106000440,242,513,-271
106000441,2,0,2
106000442,128,10,118
106000443,186,204,-18
106000450,0,120,-120
106000451,24,72,-48
106000454,6,134,-128
106000455,3,145,-142
106000456,70,36,34
106000457,15,805,-790
106000458,646,73,573
106000459,140,286,-146
106000460,1285,41,1244
106000461,91,856,-765
106000462,0,18,-18
106000463,1,24,-23
106000464,7,335,-328
106000465,659,4,655
106000466,5,438,-433
106000467,348,479,-131
106000468,65,106,-41
106000469,152,0,152
106000470,276,1419,-1143
106000471,21,468,-447
106000472,135,12,123
106000473,45,15,30
106000474,361,489,-128
106000475,253,127,126
106000476,149,222,-73
106000477,31,102,-71
106000480,1,232,-231
106900001,0,8,-8
106900002,2,253,-251
106900003,240,900,-660
106900004,0,19,-19
106900006,0,9,-9
106900007,0,9,-9
106900008,248,155,93
106900009,237,235,2
106900010,181,187,-6
106900012,1060,1709,-649
106900013,597,166,431
106900014,19,7,12
106900015,15,2,13
106900016,271,10,261
106900017,5,1,4
106900018,0,0,0
106900019,48,1,47
106900020,1800,1101,699
106900021,179,64,115
106900022,659,5,654
106900023,64,233,-169
106900024,438,80,358
106900025,35,493,-458
106900026,2,348,-346
106900027,722,6,716
107000001,3384,3044,340
107000002,2519,3812,-1293
107000003,4944,5338,-394
107000004,3590,3729,-139
107000005,3845,4731,-886
107000006,3930,3471,459
107000007,5085,8589,-3504
107000008,9028,6658,2370
107000009,6557,7017,-460
107000010,8138,7730,408
107000011,1132,1119,13
107000012,3327,2518,809
107000013,62,70,-8
107000014,52,160,-108
107000015,477,654,-177
107000016,654,656,-2
107000017,2941,1623,1318
107000018,20,1086,-1066
107000020,1934,1726,208
107000021,1255,449,806
107000022,877,1425,-548
107000023,2368,280,2088
107000024,656,1239,-583
107000025,201,299,-98
107000026,311,417,-106
107000027,1323,1014,309
107000028,1210,1185,25
107000029,3030,2892,138
107000030,2987,2628,359
107000031,3714,2491,1223
107000032,475,896,-421
107000033,2427,3796,-1369
107000034,2831,1346,1485
107000035,357,252,105
107000036,382,1075,-693
107000037,60,738,-678
107000038,226,291,-65
107000039,836,850,-14
107000040,169,316,-147
107000041,1243,650,593
107000042,633,1762,-1129
107000043,2244,1083,1161
107000044,503,321,182
107000045,90,242,-152
107000046,710,404,306
107000047,410,754,-344
107000048,641,248,393
107000049,674,737,-63
107000050,1149,483,666
107000051,342,312,30
107000052,1207,951,256
107000053,360,208,152
107000054,79,280,-201
107000055,341,125,216
107000056,523,791,-268
107000057,1401,290,1111
107000058,1989,2194,-205
107000059,1831,2834,-1003
107000060,3710,4621,-911
107000061,4160,2917,1243
107000062,3966,2529,1437
107000063,3506,4146,-640
107000064,4038,2068,1970
107000065,3434,3650,-216
107000066,1757,2277,-520
107000067,1164,1250,-86
107000068,1264,693,571
107000069,715,418,297
107000070,1297,42,1255
107000071,3013,47,2966
107000072,51,2420,-2369
107000073,750,285,465
107000074,131,868,-737
107000075,1676,563,1113
107000076,644,1200,-556
107000077,3444,1518,1926
107000078,2470,2770,-300
107000079,2639,1203,1436
107000080,1075,2524,-1449
107000081,1669,536,1133
107000082,543,1480,-937
107000083,1220,401,819
107000084,291,1546,-1255
107000085,2474,2931,-457
107000086,3257,3123,134
107000087,2796,1880,916
107000088,2947,3161,-214
107000089,1426,1514,-88
107000090,1035,990,45
107000091,1389,831,558
107000092,750,1008,-258
107000093,1134,774,360
107000094,962,1080,-118
107000095,627,647,-20
107000096,483,603,-120
107000097,739,336,403
107000098,740,525,215
107000099,420,226,194
107000100,214,307,-93
107000101,62,120,-58
107000102,200,252,-52
107000103,238,151,87
107000104,132,239,-107
107000105,349,107,242
107000106,280,237,43
107000107,548,165,383
107000108,205,452,-247
107000109,528,170,358
107000110,59,374,-315
107000111,325,49,276
107000112,41,207,-166
107000113,574,118,456
107000114,116,404,-288
107000115,502,147,355
107000116,91,590,-499
107000117,216,571,-355
107000118,150,139,11
107000119,1273,1281,-8
107000120,1030,425,605
107000121,839,702,137
107000122,1094,773,321
107000123,488,632,-144
107000124,523,711,-188
107000125,1056,621,435
107000126,853,647,206
107000129,197,654,-457
107000130,600,226,374
107000131,382,449,-67
107000132,499,362,137
107000133,640,95,545
107000134,297,1,296
107000135,3,284,-281
107000136,764,16,748
107000137,15,443,-428
107000138,299,45,254
107000139,19,385,-366
107000140,1243,108,1135
107000141,164,746,-582
107000142,475,102,373
107000143,83,573,-490
107000144,599,357,242
107000145,166,409,-243
107000146,246,298,-52
107000147,3982,1056,2926
107000150,498,2526,-2028
107000151,29,81,-52
107000152,395,1315,-920
107000153,194,327,-133
107000154,239,288,-49
107000155,745,30,715
107000156,1094,30,1064
107000157,91,1264,-1173
107000158,657,29,628
107000159,60,839,-779
107000160,987,131,856
107000161,93,1110,-1017
107000162,236,533,-297
107000163,266,2,264
107000164,636,1,635
107000165,904,9,895
107000166,42,1009,-967
107000167,551,216,335
107000168,948,479,469
107000169,798,770,28
107000170,1827,782,1045
107000171,797,1600,-803
107000172,990,1355,-365
107000173,598,755,-157
107000174,976,4467,-3491
107000175,5728,1564,4164
107000176,0,0,0
107000177,3,1,2
107000178,16,28,-12
107000179,335,1850,-1515
107000180,1296,312,984
107000181,399,933,-534
107000182,1660,787,873
107000183,136,647,-511
107000184,1020,627,393
107000185,358,1093,-735
107000186,1043,386,657
107000187,1180,1149,31
107000188,660,592,68
107000189,430,969,-539
107000190,553,596,-43
107000191,858,1144,-286
107000192,1598,666,932
107000193,327,405,-78
107000194,872,630,242
107000197,914,307,607
107000198,358,681,-323
107000199,680,594,86
107000200,570,612,-42
107000201,388,305,83
107000202,338,458,-120
107000203,1139,944,195
107000204,1162,1273,-111
107000205,1937,907,1030
107000206,817,1458,-641
107000207,677,891,-214
107000208,915,621,294
107000209,1711,1251,460
107000210,636,359,277
107000211,4,44,-40
107000212,17,277,-260
107000213,12,21,-9
107000214,21,112,-91
107000215,318,251,67
107000216,415,283,132
107000217,145,123,22
107000219,92,151,-59
107000220,184,177,7
107000222,263,528,-265
107000224,517,87,430
107000225,863,417,446
107000226,387,107,280
107000227,170,272,-102
107000228,88,218,-130
107000229,151,116,35
107000230,1041,459,582
107000231,1409,1767,-358
107000232,180,46,134
107000233,1244,909,335
107000234,2,50,-48
107000235,76,12,64
107000236,11,491,-480
107000237,24,1,23
107000238,57,2,55
107000239,3328,416,2912
107000240,141,898,-757
107000243,0,36,-36
107000244,5,60,-55
107000246,1,798,-797
107000249,5,997,-992
107000251,1,454,-453
107000252,2,918,-916
107000255,283,105,178
107000257,1,360,-359
107000258,0,120,-120
107000259,7,130,-123
107000260,641,15,626
107000262,8,436,-428
107000263,233,11,222
107000266,8,6,2
107000267,85,122,-37
107000268,122,114,8
107000269,585,90,495
107000270,7,12,-5
107000271,16,539,-523
107000272,26,92,-66
107000273,13,443,-430
107000274,2106,593,1513
107000275,127,2219,-2092
107000280,743,19,724
107000281,46,687,-641
107000282,95,853,-758
107000290,6,37,-31
107000291,20,6,14
107000292,3,73,-70
107000293,71,5,66
107000294,1,34,-33
107000295,76,3,73
107000296,0,16,-16
107000444,385,3,382
107000496,2,15,-13
107000497,1223,1790,-567
107000500,261,300,-39
107000501,178,121,57
107000502,183,273,-90
107000505,337,703,-366
107000506,1,41,-40
107000508,5,558,-553
107000509,281,712,-431
107000510,47,21,26
107000514,68,338,-270
107000515,20,153,-133
107000516,334,227,107
107000518,912,1127,-215
107000519,1341,756,585
107000520,136,34,102
107000521,567,428,139
107000522,918,484,434
107900001,52,142,-90
107900002,51,7,44
107900003,423,17,406
107900004,8,0,8
107900005,1193,4,1189
107900006,111,0,111
107900007,279,30,249
107900008,99,32,67
107900009,131,6,125
107900010,28,1,27
107900012,235,46,189
107900013,190,25,165
107900014,49,6,43
107900015,782,6,776
107900016,412,79,333
107900017,15,7,8
107900018,56,149,-93
107900019,27,37,-10
107900020,54,25,29
107900021,52,101,-49
107900023,3,0,3
107900024,0,38,-38
107900025,218,174,44
107900026,57,60,-3
107900027,31,45,-14
107900028,84,57,27
107900030,162,38,124
107900031,45,73,-28
107900032,64,4,60
107900033,18,10,8
107900034,355,27,328
107900035,629,68,561
107900036,84,18,66
107900037,0,26,-26
107900038,125,224,-99
107900039,39,56,-17
107900040,21,162,-141
107900041,4,1,3
107900043,52,65,-13
107900044,2,13,-11
107900045,101,33,68
107900046,137,169,-32
107900047,41,47,-6
107900048,158,25,133
107900049,296,1189,-893
107900050,119,259,-140
107900051,97,42,55
107900052,26,50,-24
107900053,60,70,-10
107900055,446,206,240
107900056,132,60,72
107900057,0,0,0
107900058,41,480,-439
107900060,200,48,152
107900061,18,10,8
107900063,90,98,-8
107900064,237,137,100
107900065,139,10,129
107900066,33,3,30
107900067,0,0,0
107900068,130,525,-395
107900069,46,1683,-1637
107900070,125,39,86
107900071,17,507,-490
107900072,109,127,-18
107900073,267,64,203
107900074,652,272,380
107900076,99,54,45
107900077,74,1,73
107900079,10,23,-13
107900080,269,694,-425
107900081,59,79,-20
107900082,15,23,-8
107900083,268,156,112
107900084,85,99,-14
107900086,73,118,-45
107900087,498,148,350
107900088,45,5,40
107900089,236,775,-539
107900090,478,1762,-1284
107900091,197,265,-68
107900093,76,44,32
107900095,2555,1927,628
107900097,20,52,-32
107900098,38,96,-58
107900100,837,1097,-260
107900101,771,196,575
107900102,40,10,30
107900103,48,175,-127
107900104,221,4,217
107900105,2,266,-264
107900106,1,868,-867
107900107,1226,489,737
107900108,240,130,110
107900109,1269,24,1245
107900110,44,89,-45
107900111,4,618,-614
107900112,70,266,-196
107900113,240,88,152
107900114,198,119,79
107900115,2,36,-34
107900116,108,117,-9
107900117,339,274,65
107900118,72,132,-60
107900119,70,241,-171
107900120,35,29,6
107900121,4,100,-96
107900122,0,87,-87
107900123,5,38,-33
107900124,18,78,-60
107900125,25,159,-134
107900126,6,42,-36
107900127,393,326,67
107900128,66,78,-12
107900129,59,43,16
107900130,70,22,48
107900131,679,266,413
107900132,128,290,-162
107900133,1,94,-93
107900134,39,117,-78
107900135,11,164,-153
107900136,30,25,5
107900137,108,120,-12
107900138,55,56,-1
107900139,32,78,-46
107900141,26,11,15
107900142,75,618,-543
107900143,77,32,45
107900144,2,150,-148
107900145,15,79,-64
107900146,48,106,-58
107900147,61,43,18
107900148,123,71,52
107900149,689,200,489
107900150,72,537,-465
107900151,50,81,-31
107900152,17,122,-105
107900153,146,297,-151
107900154,54,21,33
107900155,81,62,19
107900156,1,232,-231
107900157,36,51,-15
107900158,765,12,753
107900159,29,617,-588
107900160,112,132,-20
107900161,26,108,-82
107900162,0,31,-31
107900163,13,48,-35
107900164,12,41,-29
107900165,55,88,-33
107900166,18,165,-147
107900167,10,41,-31
107900168,35,27,8
107900169,1,120,-119
107900171,5,894,-889
107900172,4,297,-293
107900173,15,107,-92
107900174,137,8,129
107900175,50,41,9
107900176,24,50,-26
107900177,2,83,-81
107900178,2,97,-95
107900179,19,156,-137
107900180,545,518,27
107900181,265,210,55
107900182,6,812,-806
107900183,44,173,-129
107900184,97,258,-161
107900185,136,3,133
107900186,17,37,-20
107900187,0,79,-79
107900188,568,145,423
107900189,32,90,-58
107900190,91,145,-54
107900191,71,80,-9
107900193,5,56,-51
107900194,195,21,174
107900195,1892,347,1545
107900196,118,118,0
107900197,701,384,317
107900199,2,799,-797
107900201,55,92,-37
107900203,37,79,-42
107900204,201,139,62
107900206,802,304,498
107900207,3,397,-394
107900208,30,446,-416
107900209,420,121,299
107900210,87,122,-35
107900213,439,339,100
107900214,17,69,-52
107900215,136,274,-138
107900216,148,86,62
107900217,31,68,-37
107900218,12,1341,-1329
107900219,37,79,-42
107900220,183,210,-27
107900221,124,210,-86
107900223,67,448,-381
107900224,100,309,-209
107900225,6,465,-459
107900226,71,73,-2
107900227,89,320,-231
107900228,11,83,-72
107900229,3,180,-177
107900230,9,83,-74
107900231,21,183,-162
107900232,79,144,-65
107900233,3,80,-77
107900234,72,78,-6
107900235,15,71,-56
107900236,91,65,26
107900237,59,324,-265
107900238,30,82,-52
107900239,642,415,227
107900240,24,114,-90
107900241,15,56,-41
107900242,49,139,-90
107900243,3,62,-59
107900244,269,1,268
107900245,537,40,497
107900246,398,11,387
107900248,201,309,-108
107900249,581,33,548
107900250,1,386,-385
107900251,73,1141,-1068
107900252,849,26,823
107900253,150,3,147
107900254,69,301,-232
107900255,207,83,124
107900256,1480,1057,423
107900257,141,97,44
107900258,92,176,-84
107900259,81,1857,-1776
107900261,10,343,-333
107900262,88,64,24
107900264,370,10,360
107900265,279,111,168
107900267,254,19,235
107900268,25,7,18
107900269,0,10,-10
107900270,0,1,-1
107900271,3,23,-20
107900272,110,24,86
107900273,43,54,-11
107900274,77,0,77
107900275,19,0,19
107900276,1,65,-64
107900277,0,173,-173
107900278,332,338,-6
107900279,97,135,-38
107900280,1650,1861,-211
107900281,1247,2091,-844
107900282,44,386,-342
107900283,731,459,272
107900284,485,666,-181
107900285,106,61,45
107900286,120,120,0
107900287,168,156,12
107900290,1,125,-124
107900291,382,24,358
107900292,75,149,-74
107900293,79,343,-264
107900295,59,46,13
107900297,2,248,-246
107900298,632,653,-21
107900299,2252,2122,130
107900301,591,614,-23
107900302,75,32,43
107900303,174,284,-110
107900304,287,310,-23
107900305,248,8,240
107900306,6,22,-16
107900307,43,234,-191
107900308,178,100,78
107900309,110,33,77
107900310,264,6,258
107900311,1,255,-254
107900312,56,0,56
107900313,0,112,-112
107900314,3,55,-52
107900315,1,38,-37
107900316,30,3,27
107900317,69,10,59
107900318,22,118,-96
107900319,5,123,-118
107900320,3,110,-107
107900321,138,4,134
107900322,0,101,-101
107900323,8,96,-88
107900324,166,3,163
107900325,103,0,103
107900326,322,206,116
107900327,2,68,-66
107900328,81,3,78
107900329,56,88,-32
107900330,3,139,-136
107900331,277,31,246
107900332,273,29,244
107900333,41,17,24
107900334,16,148,-132
107900335,63,29,34
107900336,91,61,30
107900337,835,871,-36
107900338,1,148,-147
107900339,1,8,-7
107900340,2,57,-55
107900341,73,2,71
107900342,126,117,9
107900343,26,6,20
107900344,14,55,-41
107900345,87,27,60
107900346,20,2,18
107900347,24,1,23
107900348,4,1,3
107900349,13,9,4
107900350,20,188,-168
107900351,3,149,-146
107900352,3,37,-34
107900353,17,7,10
107900354,17,55,-38
108000001,2643,3042,-399
108000002,1937,2189,-252
108000003,3195,3263,-68
108000004,10671,12514,-1843
108000005,7241,6172,1069
108000006,7346,6451,895
108000007,4752,3924,828
108000008,3834,5219,-1385
108000009,3592,4285,-693
108000010,2972,3654,-682
108000011,10706,10979,-273
108000012,14350,13116,1234
108000014,1007,698,309
108000015,751,248,503
108000016,247,622,-375
108000017,961,349,612
108000018,1729,565,1164
108000019,1699,787,912
108000020,1277,496,781
108000021,320,1549,-1229
108000022,343,1022,-679
108000023,1176,227,949
108000024,301,504,-203
108000025,307,287,20
108000026,828,407,421
108000027,740,581,159
108000028,786,247,539
108000029,500,656,-156
108000030,564,219,345
108000031,243,545,-302
108000032,1503,599,904
108000033,667,872,-205
108000034,1495,359,1136
108000035,588,1677,-1089
108000036,342,866,-524
108000037,1488,367,1121
108000038,2316,582,1734
108000039,455,1561,-1106
108000040,1709,937,772
108000041,657,1966,-1309
108000042,271,227,44
108000043,230,223,7
108000044,445,213,232
108000045,311,456,-145
108000046,1342,281,1061
108000047,345,787,-442
108000048,249,292,-43
108000049,910,320,590
108000050,136,497,-361
108000051,310,142,168
108000052,247,533,-286
108000053,413,285,128
108000054,455,831,-376
108000055,873,467,406
108000056,1115,1230,-115
108000057,544,1119,-575
108000058,1705,3191,-1486
108000059,2877,1690,1187
108000060,245,650,-405
108000061,322,465,-143
108000062,829,505,324
108000063,427,437,-10
108000064,246,194,52
108000065,542,415,127
108000066,1328,633,695
108000067,1617,616,1001
108000068,591,380,211
108000069,176,814,-638
108000070,1671,660,1011
108000071,562,1201,-639
108000072,1586,1186,400
108000073,1169,1447,-278
108000074,615,370,245
108000075,265,691,-426
108000076,723,548,175
108000077,553,593,-40
108000078,1854,1254,600
108000079,712,1299,-587
108000080,1119,543,576
108000081,451,1179,-728
108000082,807,1624,-817
108000083,1652,975,677
108000084,500,892,-392
108000085,902,491,411
108000086,731,560,171
108000087,158,1872,-1714
108000088,599,196,403
108000089,285,268,17
108000091,224,348,-124
108000092,182,70,112
108000093,159,408,-249
108000094,433,81,352
108000095,125,284,-159
108000096,319,174,145
108000097,188,325,-137
108000098,1407,1103,304
108000099,1012,257,755
108000100,130,409,-279
108000101,1097,1383,-286
108000102,1601,3257,-1656
108000106,843,1,842
108000107,2,616,-614
108000108,824,67,757
108000109,14,621,-607
108000110,151,259,-108
108000111,142,473,-331
108000112,66,122,-56
108000113,378,228,150
108000115,262,252,10
108000117,524,351,173
108000118,522,1645,-1123
108000119,638,286,352
108000120,136,718,-582
108000121,155,357,-202
108000122,526,285,241
108000123,1094,183,911
108000124,514,575,-61
108000125,446,224,222
108000126,160,354,-194
108000127,601,341,260
108000128,578,346,232
108000129,902,795,107
108000130,805,225,580
108000131,854,584,270
108000132,1796,1226,570
108000133,819,558,261
108000134,417,444,-27
108000135,999,456,543
108000136,350,695,-345
108000137,481,271,210
108000138,367,796,-429
108000139,503,334,169
108000140,91,23,68
108000141,24,71,-47
108000142,45,57,-12
108000143,36,343,-307
108000144,322,68,254
108000145,42,15,27
108000146,527,56,471
108000147,48,15,33
108000148,405,90,315
108000149,24,7,17
108000150,37,7,30
108000151,221,90,131
108000152,108,480,-372
108000153,440,180,260
108000154,83,10,73
108000155,49,22,27
108000156,639,321,318
108000157,169,778,-609
108000158,108,814,-706
108000159,462,192,270
108000160,2408,1039,1369
108000161,2033,2071,-38
108000165,3,137,-134
108000172,9,278,-269
108000173,1427,1862,-435
108000175,580,136,444
108000178,330,269,61
108000179,159,759,-600
108000181,81,30,51
108000182,257,114,143
108000183,81,447,-366
108000184,836,1947,-1111
108000185,229,378,-149
108000186,404,372,32
108000187,110,451,-341
108000188,549,223,326
108000189,1887,7036,-5149
108000190,61,144,-83
108000192,173,492,-319
108000193,646,29,617
108000194,47,3,44
108000195,1,823,-822
108000196,377,200,177
108000198,712,385,327
108000199,1,250,-249
108000200,423,436,-13
108000203,119,511,-392
108000204,179,80,99
108000205,241,368,-127
108000339,1131,397,734
108000364,306,598,-292
108000365,45,288,-243
108000367,163,269,-106
108000368,6,67,-61
108000369,892,274,618
108000371,21,472,-451
108000372,730,15,715
108000373,215,130,85
108000376,72,26,46
108000377,369,237,132
108000378,8057,9028,-971
108000379,18,210,-192
108000381,68,25,43
108000382,159,2,157
108000383,1,156,-155
108900001,77,900,-823
108900002,163,68,95
108900003,273,586,-313
108900004,1109,424,685
108900007,208,190,18
108900008,86,132,-46
108900009,115,112,3
108900010,260,152,108
108900011,534,359,175
108900012,325,403,-78
108900013,118,200,-82
108900014,14,114,-100
108900015,0,90,-90
108900016,2,255,-253
108900017,287,329,-42
108900018,136,299,-163
108900019,44,546,-502
108900020,43,183,-140
108900021,124,186,-62
108900022,163,18,145
108900023,6,42,-36
108900024,25,92,-67
108900025,145,143,2
108900026,33,72,-39
108900027,0,57,-57
108900028,97,216,-119
108900029,47,310,-263
108900030,0,74,-74
108900031,143,301,-158
108900032,13,139,-126
108900033,0,94,-94
108900034,0,199,-199
108900035,308,957,-649
108900038,3,233,-230
108900039,1,284,-283
108900040,5,86,-81
108900041,3968,2767,1201
108900042,10,275,-265
108900043,36,406,-370
108900044,4,293,-289
108900045,64,360,-296
108900046,37,508,-471
108900047,1,108,-107
108900048,129,705,-576
108900049,2405,1176,1229
108900050,1,176,-175
108900051,0,120,-120
108900052,46,170,-124
108900053,83,145,-62
108900054,51,145,-94
108900055,71,253,-182
108900056,1,100,-99
108900057,1,121,-120
108900058,46,218,-172
108900059,346,43,303
108900060,84,106,-22
108900061,90,28,62
108900062,5,174,-169
108900063,12,214,-202
108900064,236,77,159
108900065,13,162,-149
108900066,364,92,272
108900067,15,128,-113
108900068,7,131,-124
108900069,68,74,-6
108900070,32,94,-62
108900071,91,48,43
108900072,1643,665,978
108900073,34,275,-241
108900074,207,243,-36
108900075,72,48,24
108900076,258,61,197
108900077,164,387,-223
108900078,23,102,-79
108900079,601,157,444
108900080,37,645,-608
108900081,42,175,-133
108900082,83,85,-2
108900083,21,216,-195
108900085,1911,152,1759
108900086,113,158,-45
108900087,85,156,-71
108900088,879,459,420
108900089,18,137,-119
108900090,49,165,-116
108900091,103,72,31
108900092,475,314,161
108900093,97,82,15
108900094,245,61,184
108900095,76,322,-246
108900096,246,12,234
108900097,236,185,51
108900098,1948,717,1231
108900099,418,208,210
108900100,65,94,-29
108900101,168,171,-3
108900102,95,811,-716
108900103,85,188,-103
108900105,10,1178,-1168
108900106,495,254,241
108900108,331,61,270
108900109,362,120,242
108900110,195,265,-70
108900111,517,394,123
108900113,42,64,-22
108900114,61,14,47
108900115,75,104,-29
108900116,82,19,63
108900117,149,20,129
108900118,524,17,507
108900119,253,22,231
108900120,249,170,79
108900121,241,184,57
108900122,162,19,143
108900123,121,98,23
108900124,372,178,194
108900125,347,6,341
108900126,124,20,104
108900127,125,5,120
108900128,102,32,70
108900129,652,163,489
108900130,325,2,323
108900131,248,3,245
108900132,487,78,409
108900133,230,63,167
108900134,351,207,144
108900135,160,11,149
108900136,42,1,41
108900137,132,1,131
108900138,718,36,682
108900140,319,184,135
108900141,373,23,350
108900142,122,7,115
108900143,56,1,55
108900144,91,1,90
108900145,184,16,168
108900146,62,0,62
108900147,198,3,195
108900148,57,36,21
108900150,209,5,204
108900151,180,4,176
108900152,213,22,191
108900153,176,254,-78
108900154,3936,432,3504
108900156,72,8,64
108900157,99,324,-225
108900158,576,42,534
108900159,7,182,-175
108900160,16,213,-197
108900161,22,354,-332
108900162,106,0,106
108900163,3,262,-259
108900164,56,88,-32
108900168,5666,2189,3477
108900169,52,114,-62
108900171,4246,2530,1716
108900172,185,78,107
108900173,150,303,-153
108900174,893,518,375
108900176,117,396,-279
108900177,3907,4180,-273
108900178,2887,2789,98
108900180,105,277,-172
108900183,164,171,-7
108900184,385,186,199
108900185,174,199,-25
108900186,48,287,-239
108900189,352,140,212
108900190,48,2170,-2122
108900192,52,191,-139
108900195,122,203,-81
108900196,39,255,-216
108900199,230,277,-47
108900200,521,319,202
108900201,428,1194,-766
108900203,443,127,316
108900204,300,20,280
108900205,137,31,106
108900206,388,82,306
108900207,160,99,61
108900208,21,271,-250
108900209,224,447,-223
108900210,182,160,22
108900211,184,458,-274
108900212,530,1203,-673
108900215,88,318,-230
108900216,537,212,325
108900217,161,0,161
108900218,115,16,99
108900221,58,88,-30
108900224,31,145,-114
108900225,3,195,-192
108900227,78,282,-204
108900230,194,206,-12
108900232,1,167,-166
108900233,322,85,237
108900234,306,170,136
108900235,145,490,-345
108900236,22,222,-200
108900240,110,109,1
108900241,61,44,17
108900245,25,1247,-1222
108900250,226,95,131
108900258,15,196,-181
108900259,67,67,0
108900260,14,81,-67
108900261,117,116,1
108900262,128,129,-1
108900263,20,145,-125
108900264,567,251,316
108900265,957,437,520
108900266,697,577,120
108900267,5,81,-76
108900268,32,7,25
108900269,76,11,65
108900270,71,10,61
108900271,34,28,6
108900272,204,16,188
108900273,733,898,-165
108900274,51,51,0
109000001,2229,1273,956
109000002,1365,1476,-111
109000003,2136,353,1783
109000004,448,1622,-1174
109000005,2295,556,1739
109000006,624,1761,-1137
109000007,1203,552,651
109000008,408,1401,-993
109000009,3073,1252,1821
109000010,1188,2890,-1702
109000011,2733,1932,801
109000012,1702,2501,-799
109000013,2991,2357,634
109000014,1503,2312,-809
109000015,3328,6024,-2696
109000016,4907,2956,1951
109000017,2080,1022,1058
109000018,679,2192,-1513
109000019,2348,1332,1016
109000020,894,1710,-816
109000023,245,44,201
109000024,7,135,-128
109000025,277,334,-57
109000026,570,263,307
109000027,73,313,-240
109000028,118,78,40
109000029,86,144,-58
109000030,73,521,-448
109000031,167,204,-37
109000032,142,420,-278
109000033,296,160,136
109000034,82,43,39
109000035,7,54,-47
109000036,66,276,-210
109000037,199,988,-789
109000038,469,315,154
109000039,799,598,201
109000040,3709,6975,-3266
109000041,2536,1611,925
109000042,475,977,-502
109000044,436,67,369
109000045,138,348,-210
109000046,272,88,184
109000047,50,371,-321
109000048,724,230,494
109000049,291,555,-264
109000050,285,264,21
109000051,280,229,51
109000052,459,782,-323
109000053,165,71,94
109000054,335,337,-2
109000055,197,215,-18
109000056,315,400,-85
109000057,568,382,186
109000058,719,217,502
109000059,802,1398,-596
109000060,346,371,-25
109000061,864,823,41
109000062,100,296,-196
109000063,169,152,17
109000064,438,177,261
109000065,129,171,-42
109000066,315,62,253
109000067,64,230,-166
109000068,2666,14,2652
109000069,991,30,961
109000070,8,1183,-1175
109000071,393,70,323
109000072,91,281,-190
109000073,59,81,-22
109000074,29,145,-116
109000075,57,334,-277
109000076,119,264,-145
109000077,365,210,155
109000078,85,158,-73
109000079,174,163,11
109000080,218,84,134
109000081,128,388,-260
109000082,606,162,444
109000083,274,492,-218
109000088,103,399,-296
109000089,265,55,210
109000090,143,326,-183
109000091,251,199,52
109000092,302,433,-131
109000093,170,225,-55
109000094,515,1,514
109000095,74,310,-236
109000096,591,283,308
109000097,87,101,-14
109000098,57,122,-65
109000099,1027,244,783
109000100,267,473,-206
109000101,1406,547,859
109000102,263,580,-317
109000103,360,502,-142
109000104,1502,396,1106
109000105,342,915,-573
109000106,1774,710,1064
109000107,463,1458,-995
109000108,1354,514,840
109000109,362,1284,-922
109000110,1049,466,583
109000111,744,1450,-706
109000112,347,139,208
109000113,287,123,164
109000114,118,365,-247
109000115,1093,114,979
109000116,21,255,-234
109000117,218,60,158
109000118,12,259,-247
109000119,1082,272,810
109000120,137,614,-477
109000121,452,43,409
109000122,119,527,-408
109000123,54,65,-11
109000124,527,338,189
109000125,604,293,311
109000126,395,615,-220
109000127,701,212,489
109000128,433,1116,-683
109000129,1699,667,1032
109000130,478,1462,-984
109000131,777,546,231
109000132,717,1557,-840
109000133,348,782,-434
109000134,634,1124,-490
109000135,916,1456,-540
109000136,255,240,15
109000137,317,301,16
109000138,437,234,203
109000139,413,359,54
109000140,154,308,-154
109000141,455,398,57
109000142,160,464,-304
109000143,120,93,27
109000145,147,336,-189
109000146,134,87,47
109000148,2492,1076,1416
109000149,21,62,-41
109000150,150,282,-132
109000155,718,539,179
109000156,802,496,306
109000158,82,195,-113
109000159,64,347,-283
109000160,827,212,615
109000161,257,746,-489
109000162,1537,687,850
109000163,829,1336,-507
109000164,1066,2200,-1134
109000165,1134,474,660
109000166,723,90,633
109000167,161,448,-287
109000170,44,26,18
109000171,69,68,1
109000172,41,60,-19
109000173,41,53,-12
109000174,104,50,54
109000175,65,65,0
109000176,249,196,53
109000177,32,118,-86
109000178,651,323,328
109000179,3579,4185,-606
109000180,3736,2877,859
109000181,15,32,-17
109000182,28,24,4
109000183,64,26,38
109000184,28,7,21
109000185,19,40,-21
109000188,355,1452,-1097
109000189,1706,740,966
109000190,588,448,140
109000191,288,357,-69
109000192,383,245,138
109000193,156,246,-90
109000194,274,160,114
109000195,140,263,-123
109000196,322,151,171
109000197,150,296,-146
109000198,325,95,230
109000199,146,331,-185
109000206,208,39,169
109000207,113,23,90
109000208,75,76,-1
109000209,138,151,-13
109000210,214,526,-312
109000211,480,356,124
109000214,429,318,111
109000215,139,60,79
109000216,248,251,-3
109000217,220,110,110
109000218,332,162,170
109000221,382,856,-474
109000222,862,270,592
109000223,271,261,10
109000224,53,131,-78
109000225,71,41,30
109000226,44,172,-128
109000227,739,896,-157
109000228,6,1120,-1114
109000231,1,209,-208
109000232,378,272,106
109000236,201,592,-391
109000241,1862,1777,85
109000242,1723,1252,471
109000293,32,91,-59
109000361,141,215,-74
109000364,146,356,-210
109000396,4,411,-407
109000397,440,13,427
109000399,122,383,-261
109000400,68,243,-175
109000403,92,720,-628
109000406,328,5,323
109000407,202,201,1
109000408,0,366,-366
109000410,917,227,690
109000411,224,27,197
109900001,83,1,82
109900002,715,8,707
109900003,241,1,240
109900004,679,108,571
109900005,38,3,35
109900006,350,111,239
109900007,738,372,366
109900008,1,36,-35
109900009,120,350,-230
109900010,454,15,439
109900011,102,36,66
109900012,235,176,59
109900013,337,137,200
109900014,443,57,386
109900015,447,239,208
109900016,155,25,130
109900017,146,243,-97
109900018,233,48,185
109900019,244,53,191
109900020,48,47,1
109900021,27,22,5
109900022,148,151,-3
109900023,31,2,29
109900024,32,3,29
109900025,15,62,-47
109900026,3,95,-92
109900027,48,76,-28
109900028,979,767,212
109900029,1,199,-198
109900030,52,13,39
109900031,0,100,-100
109900032,11,240,-229
109900033,6,378,-372
109900034,42,4,38
109900035,15,35,-20
109900036,18,48,-30
109900037,21,380,-359
109900038,81,166,-85
109900039,16,2,14
109900040,37,392,-355
109900041,54,256,-202
109900042,30,454,-424
109900044,154,204,-50
109900045,273,127,146
109900046,87,104,-17
109900047,279,313,-34
109900048,7,75,-68
109900049,16,24,-8
109900050,1,120,-119
109900051,1,37,-36
109900052,113,211,-98
109900053,3,213,-210
109900054,584,203,381
109900055,51,205,-154
109900056,38,171,-133
109900057,5,102,-97
109900058,0,54,-54
109900059,571,75,496
109900060,386,139,247
109900061,55,197,-142
109900062,0,99,-99
109900063,10,396,-386
109900064,455,210,245
109900065,77,85,-8
109900066,256,667,-411
109900067,0,197,-197
109900068,46,6,40
109900069,1,25,-24
109900070,31,208,-177
109900071,2,34,-32
109900072,19,107,-88
109900073,259,299,-40
109900074,8,37,-29
109900075,36,18,18
109900076,20,274,-254
109900077,39,35,4
109900078,74,154,-80
109900080,132,221,-89
109900081,47,209,-162
109900082,28,223,-195
109900083,18,47,-29
109900084,48,102,-54
109900085,175,525,-350
109900086,118,269,-151
109900087,289,394,-105
109900089,600,219,381
109900090,407,776,-369
109900091,288,69,219
109900092,430,26,404
109900093,831,125,706
109900094,93,131,-38
109900095,76,153,-77
109900096,25,1,24
109900097,91,4,87
109900098,368,39,329
109900099,178,0,178
109900100,59,0,59
109900101,371,21,350
109900102,408,21,387
109900103,27,30,-3
109900104,526,515,11
109900105,440,33,407
109900106,284,74,210
109900107,468,74,394
109900108,91,216,-125
109900109,29,90,-61
109900110,59,244,-185
109900111,245,567,-322
109900112,248,376,-128
109900113,652,484,168
109900114,872,904,-32
109900115,210,64,146
109900117,783,130,653
109900118,212,362,-150
109900119,474,262,212
109900120,62,33,29
109900121,389,539,-150
109900122,383,4,379
109900123,19,122,-103
109900124,32,302,-270
109900125,0,95,-95
109900126,213,64,149
109900128,268,45,223
109900130,4604,1888,2716
109900131,47,78,-31
109900132,26,107,-81
109900133,127,211,-84
109900134,53,67,-14
109900135,276,81,195
109900136,46,117,-71
109900137,117,250,-133
109900140,193,128,65
109900142,992,264,728
109900145,9,372,-363
109900146,411,32,379
109900148,39,52,-13
109900149,26,60,-34
109900150,24,90,-66
109900151,13,43,-30
109900152,6,28,-22
109900153,5,48,-43
109900154,44,0,44
109900155,95,23,72
109900157,50,183,-133
109900158,41,105,-64
109900159,147,37,110
109900160,146,35,111
109900161,203,81,122
109900162,169,146,23
109900163,549,211,338
109900164,69,220,-151
109900165,271,3,268
109900166,3,124,-121
109900167,163,384,-221
109900168,134,480,-346
109900169,192,117,75
109900170,232,824,-592
109900171,111,74,37
109900172,196,217,-21
109900173,2171,1984,187
109900174,55,95,-40
109900175,56,75,-19
109900176,103,164,-61
109900177,31,151,-120
109900178,9,134,-125
109900179,69,16,53
109900180,12,15,-3
110000001,872,458,414
110000002,614,677,-63
110000003,738,599,139
110000004,424,653,-229
110000005,419,1552,-1133
110000006,300,333,-33
110000007,84,98,-14
110000008,31,66,-35
110000009,43,15,28
110000010,52,56,-4
110000011,43,63,-20
110000012,511,302,209
110000013,49,464,-415
110000014,548,410,138
110000015,257,721,-464
110000016,234,1295,-1061
110000017,2418,241,2177
110000018,2027,374,1653
110000019,11,91,-80
110000020,489,245,244
110000021,663,460,203
110000022,768,199,569
110000023,15,136,-121
110000024,501,341,160
110000025,375,10,365
110000026,8,296,-288
110000027,932,935,-3
110000028,793,697,96
110000029,464,593,-129
110000030,235,381,-146
110000031,276,383,-107
110000032,634,429,205
110000033,321,98,223
110000034,497,574,-77
110000035,645,495,150
110000036,694,604,90
110000037,226,425,-199
110000038,211,580,-369
110000039,661,2335,-1674
110000040,298,277,21
110000041,257,1116,-859
110000042,83,413,-330
110000043,642,209,433
110000044,111,536,-425
110000045,664,153,511
110000046,5,15,-10
110000047,105,56,49
110000048,8,22,-14
110000049,52,8,44
110000050,9,18,-9
110000051,24,5,19
110000052,18,43,-25
110000053,51,3,48
110000054,210,380,-170
110000055,577,73,504
110000056,194,101,93
110000057,359,455,-96
110000058,851,472,379
110000059,796,495,301
110000060,807,826,-19
110000061,711,706,5
110000062,551,728,-177
110000063,38,88,-50
110000064,91,76,15
110000065,64,47,17
110000066,74,40,34
110000067,54,138,-84
110000068,345,132,213
110000069,203,99,104
110000071,118,108,10
110000073,6,13,-7
110000075,6,73,-67
110000076,235,305,-70
110000077,328,1039,-711
110000078,31,23,8
110000080,273,551,-278
110000081,67,192,-125
110000082,78,281,-203
110000083,224,614,-390
110000084,1132,713,419
110000085,1561,1529,32
110000086,1224,2001,-777
110000087,21,49,-28
110000088,83,208,-125
110000089,382,82,300
110000090,807,240,567
110000091,991,228,763
110000092,13,35,-22
110000093,113,6,107
110000094,453,228,225
110000095,164,500,-336
110000096,1679,1746,-67
110000097,991,1094,-103
110000098,1769,597,1172
110000099,692,1471,-779
110000100,808,372,436
110000101,34,263,-229
110000102,75,30,45
110000104,324,145,179
110000105,84,284,-200
110000106,560,378,182
110000107,333,478,-145
110000108,130,59,71
110000109,237,236,1
110000110,2430,4322,-1892
110000111,4619,2361,2258
110000112,1196,1294,-98
110000113,360,1909,-1549
110000114,146,506,-360
110000115,395,308,87
110000116,55,64,-9
110000117,197,205,-8
110000118,429,222,207
110000119,234,230,4
110000120,393,208,185
110000121,96,329,-233
110000122,320,509,-189
110000123,548,737,-189
110000124,2,771,-769
110000125,933,15,918
110000126,279,41,238
110000127,1015,60,955
110000128,30,996,-966
110000129,5,558,-553
110000130,326,185,141
110000131,129,432,-303
110000132,2,527,-525
110000133,41,664,-623
110000134,13,341,-328
110000135,167,37,130
110000136,55,233,-178
110000137,439,439,0
110000138,643,539,104
110000139,738,865,-127
110000140,929,559,370
110000143,577,411,166
110000144,4941,1997,2944
110000145,1745,1172,573
110000146,1318,616,702
110000147,409,579,-170
110000148,396,261,135
110000151,919,960,-41
110000152,781,365,416
110000153,92,46,46
110000154,15,29,-14
110000155,1096,3793,-2697
110000156,1001,2413,-1412
110000157,1574,2121,-547
110000160,400,251,149
110000161,182,207,-25
110000166,433,78,355
110000167,704,516,188
110000168,877,485,392
110000169,854,330,524
110000170,159,69,90
110000171,491,136,355
110000172,164,589,-425
110000173,857,977,-120
110000174,152,680,-528
110000175,555,56,499
110000176,701,264,437
110000177,233,756,-523
110000178,419,1318,-899
110000179,953,303,650
110000180,205,189,16
110000181,352,526,-174
110000182,216,156,60
110000183,6492,5550,942
110000184,346,1970,-1624
110000185,1156,666,490
110000186,715,756,-41
110000191,856,283,573
110000192,654,10,644
110000193,1181,6,1175
110000194,14,761,-747
110000195,430,340,90
110000196,395,228,167
110000197,81,164,-83
110000198,122,59,63
110000199,66,90,-24
110000200,1402,374,1028
110000201,987,906,81
110000202,1142,564,578
110000203,609,591,18
110000204,8,212,-204
110000205,135,70,65
110000206,601,1035,-434
110000207,1008,327,681
110000208,269,208,61
110000209,128,710,-582
110000210,995,403,592
110000211,890,549,341
110000212,358,861,-503
110000213,187,70,117
110000214,273,100,173
110000215,176,257,-81
110000216,134,234,-100
110000217,277,177,100
110000218,200,305,-105
110000219,261,85,176
110000220,57,220,-163
110000221,296,76,220
110000222,60,177,-117
110000223,3,202,-199
110000224,103,13,90
110000225,223,582,-359
110000226,208,80,128
110000227,783,637,146
110000228,257,190,67
110000229,2,239,-237
110000230,555,560,-5
110000231,141,150,-9
110000232,701,230,471
110000233,356,230,126
110000234,848,1038,-190
110000235,955,1089,-134
110000236,592,584,8
110000237,1887,1180,707
110000238,1043,1338,-295
110000239,1737,1088,649
110000240,0,64,-64
110000242,1,7,-6
110000243,116,128,-12
110000244,118,367,-249
110000245,42,341,-299
110000246,692,443,249
110000247,920,4170,-3250
110000248,1587,1355,232
110000249,75,17,58
110000250,67,151,-84
110000251,274,381,-107
110000252,184,221,-37
110000253,1083,559,524
110000254,605,966,-361
110000255,215,761,-546
110000256,387,244,143
110000257,662,402,260
110000258,27,295,-268
110000259,142,13,129
110000260,11,204,-193
110000263,406,89,317
110000264,381,321,60
110000265,917,1612,-695
110000266,1686,2548,-862
110000267,22,138,-116
110000268,277,375,-98
110000269,3,69,-66
110000270,55,2,53
110000271,945,247,698
110000272,1098,974,124
110000273,2666,1323,1343
110000274,169,1173,-1004
110000275,1472,440,1032
110000276,270,281,-11
110000277,278,292,-14
110000278,380,584,-204
110000279,687,651,36
110000280,285,315,-30
110000281,52,339,-287
110000282,258,36,222
110000283,92,134,-42
110000284,46,40,6
110000285,4,511,-507
110000286,24,0,24
110000287,41,3,38
110000288,4,100,-96
110000289,456,1595,-1139
110000290,858,482,376
110000291,3728,1219,2509
110000292,1429,3340,-1911
110000293,823,569,254
110000294,960,859,101
110000295,115,744,-629
110000296,396,279,117
110000297,2019,314,1705
110000298,222,567,-345
110000299,235,89,146
110000301,376,30,346
110000302,465,707,-242
110000303,494,3,491
110000304,247,194,53
110000305,912,20,892
110000306,149,921,-772
110000307,1191,5,1186
110000308,519,5,514
110000309,2,567,-565
110000310,703,59,644
110000311,17,513,-496
110000312,402,64,338
110000313,1988,2889,-901
110000314,0,195,-195
110000315,2787,2435,352
110000316,592,1311,-719
110000317,462,569,-107
110000318,4,52,-48
110000319,36,20,16
110000320,76,36,40
110000321,7,50,-43
110000322,307,295,12
110000323,424,156,268
110000324,2813,1624,1189
110000325,2391,2464,-73
110000327,416,292,124
110000328,140,303,-163
110000333,909,637,272
110000334,735,1256,-521
110000335,692,487,205
110000336,539,774,-235
110000337,1261,533,728
110000338,474,202,272
110000339,308,171,137
110000340,157,162,-5
110000341,465,418,47
110000342,390,5,385
110000343,0,22,-22
110000344,912,150,762
110000345,1066,118,948
110000346,2156,1829,327
110000347,1059,575,484
110000348,17,21,-4
110000349,17,17,0
110000350,54,11,43
110000351,843,744,99
110000352,634,1255,-621
110000353,2189,664,1525
110000354,972,2585,-1613
110000355,56,61,-5
110000356,843,12,831
110000357,341,18,323
110000361,9,46,-37
110000362,58,13,45
110000363,349,130,219
110000364,199,325,-126
110000365,162,1,161
110000366,1,87,-86
110000367,380,157,223
110000368,1,36,-35
110000369,102,1,101
110000373,7,216,-209
110000374,232,15,217
110000375,122,1117,-995
110000376,36,99,-63
110000377,71,439,-368
110000378,31,293,-262
110000379,2152,1570,582
110000380,39,5,34
110000383,1,1207,-1206
110000384,1928,1152,776
110000385,1,137,-136
110000387,64,8,56
110000388,25,189,-164
110000389,749,5,744
110000391,652,277,375
110000396,171,149,22
110000397,189,169,20
110000398,4,32,-28
110000399,131,0,131
110000587,176,54,122
110000589,250,127,123
110000640,230,69,161
110000652,10,178,-168
110000653,274,392,-118
110000654,79,302,-223
110000656,0,543,-543
110000674,27,8,19
110000675,14,13,1
110000676,23,22,1
110000679,424,1156,-732
110000682,125,202,-77
110000683,325,492,-167
110000684,3,29,-26
110000685,4,3,1
110000686,0,22,-22
110000687,24,5,19
110000688,71,812,-741
110000689,41,11,30
110000692,81,123,-42
110000693,107,227,-120
110000694,0,167,-167
110000695,231,484,-253
110000696,51,65,-14
110900001,278,26,252
110900002,309,158,151
110900003,617,432,185
110900004,492,117,375
110900005,1799,1971,-172
110900006,68,9,59
110900007,135,25,110
110900008,8,43,-35
110900009,378,90,288
110900010,12,47,-35
110900011,23,78,-55
110900012,7,74,-67
110900013,875,155,720
110900014,489,12,477
110900015,377,547,-170
110900016,74,99,-25
110900017,409,37,372
110900018,384,47,337
110900019,191,12,179
110900020,97,201,-104
110900021,79,388,-309
110900022,178,212,-34
110900023,104,403,-299
110900024,31,309,-278
110900025,1,76,-75
110900027,29,141,-112
110900028,33,91,-58
110900029,27,297,-270
110900030,28,192,-164
110900031,5,137,-132
110900032,0,75,-75
110900033,61,154,-93
110900035,20,468,-448
110900036,57,25,32
110900037,50,37,13
110900038,815,215,600
110900039,9,242,-233
110900040,173,34,139
110900041,3,85,-82
110900042,102,45,57
110900043,5,104,-99
110900044,214,15,199
110900045,66,332,-266
110900046,37,232,-195
110900047,361,235,126
110900049,101,60,41
110900050,47,9,38
110900051,41,195,-154
110900052,4,153,-149
110900053,138,19,119
110900054,125,155,-30
110900055,32,0,32
110900056,51,99,-48
110900057,5,105,-100
110900058,185,154,31
110900059,651,414,237
110900060,447,117,330
110900061,16,54,-38
110900062,151,177,-26
110900063,52,255,-203
110900064,14,1,13
110900065,303,129,174
110900066,6,108,-102
110900067,243,451,-208
110900068,254,168,86
110900069,6,13,-7
110900070,111,100,11
110900071,247,433,-186
110900073,0,26,-26
110900074,288,104,184
110900075,329,76,253
110900077,982,487,495
110900078,38,47,-9
110900079,2257,1407,850
110900080,102,49,53
110900081,6,41,-35
110900082,129,96,33
110900083,89,63,26
110900084,53,68,-15
110900085,52,204,-152
110900086,58,308,-250
110900087,318,90,228
110900088,12,1,11
110900090,40,47,-7
110900091,2,43,-41
110900093,241,110,131
110900095,49,42,7
110900097,4,15,-11
110900098,32,66,-34
110900099,47,280,-233
110900100,0,21,-21
110900102,49,20,29
110900105,620,192,428
110900108,15,57,-42
110900111,455,270,185
110900112,797,2,795
110900113,465,45,420
110900115,15,54,-39
110900116,551,1306,-755
110900118,128,2519,-2391
110900119,2757,282,2475
110900120,11,63,-52
110900121,152,0,152
110900122,411,148,263
110900125,487,407,80
110900127,651,1309,-658
110900128,333,483,-150
110900129,382,846,-464
110900130,940,656,284
110900131,226,35,191
110900132,265,58,207
110900133,136,117,19
110900135,50,225,-175
110900136,321,20,301
110900139,13,0,13
110900140,0,0,0
110900141,352,220,132
110900142,86,132,-46
110900143,109,69,40
110900144,2,451,-449
110900145,281,44,237
110900146,364,152,212
110900147,91,313,-222
110900148,6,295,-289
110900149,1,52,-51
110900150,55,19,36
110900151,4,53,-49
110900152,33,188,-155
110900153,162,47,115
111000001,514,574,-60
111000002,665,631,34
111000003,1008,583,425
111000004,403,832,-429
111000005,1040,1047,-7
111000006,741,1221,-480
111000007,3381,2159,1222
111000008,1687,2554,-867
111000009,345,689,-344
111000010,717,232,485
111000011,302,1035,-733
111000012,736,317,419
111000013,616,1077,-461
111000014,1353,473,880
111000017,118,837,-719
111000018,302,374,-72
111000020,630,2097,-1467
111000021,74,82,-8
111000023,168,90,78
111000025,3381,3727,-346
111000029,259,106,153
111000030,40,97,-57
111000031,1808,1150,658
111000032,499,354,145
111000033,231,331,-100
111000034,192,178,14
111000037,1182,803,379
111000038,3146,1948,1198
111000039,1770,1836,-66
111000040,1733,1957,-224
111000041,1648,1521,127
111000042,2520,2102,418
111000043,1543,2754,-1211
111000044,1755,1241,514
111000045,1997,2319,-322
111000046,1365,1633,-268
111000047,2064,3486,-1422
111000049,510,457,53
111000050,1278,1160,118
111000051,485,851,-366
111000052,582,1434,-852
111000053,337,818,-481
111000054,397,733,-336
111000055,825,1236,-411
111000056,149,344,-195
111000057,76,418,-342
111000058,433,64,369
111000059,542,269,273
111000060,3714,923,2791
111000061,523,320,203
111000062,671,316,355
111000063,1710,944,766
111000064,611,590,21
111000065,983,929,54
111000066,408,476,-68
111000067,580,620,-40
111000068,774,964,-190
111000069,1751,1796,-45
111000070,1077,878,199
111000071,230,567,-337
111000072,1129,492,637
111000073,333,836,-503
111000074,1470,1486,-16
111000075,1088,597,491
111000076,464,577,-113
111000077,1543,1651,-108
111000078,2465,1249,1216
111000079,1244,644,600
111000080,469,624,-155
111000081,1431,3504,-2073
111000082,650,610,40
111000084,824,546,278
111000085,871,982,-111
111000086,2278,1103,1175
111000087,629,509,120
111000088,4065,1947,2118
111000089,688,703,-15
111000090,775,1302,-527
111000091,684,390,294
111000092,1154,738,416
111000093,688,1023,-335
111000094,1705,889,816
111000095,650,1963,-1313
111000096,1672,6384,-4712
111000097,3842,1607,2235
111000098,778,1067,-289
111000099,513,1375,-862
111000100,406,1223,-817
111000101,435,759,-324
111000102,272,419,-147
111000104,473,209,264
111000107,132,481,-349
111000109,445,232,213
111000110,1215,596,619
111000111,2328,437,1891
111000112,2039,581,1458
111000113,832,1374,-542
111000114,2072,3173,-1101
111000115,4899,1259,3640
111000116,942,850,92
111000117,386,808,-422
111000118,1274,722,552
111000119,933,842,91
111000120,481,577,-96
111000121,333,650,-317
111000122,593,921,-328
111000123,939,2180,-1241
111000124,376,1979,-1603
111000125,197,1065,-868
111000126,101,651,-550
111000127,953,181,772
111000128,1812,329,1483
111000129,2252,500,1752
111000130,1822,665,1157
111000131,1466,548,918
111000132,1279,749,530
111000133,224,115,109
111000134,288,113,175
111000135,41,209,-168
111000136,335,351,-16
111000138,22,6,16
111000140,1,3,-2
111000141,182,340,-158
111000142,26,123,-97
111000143,2,146,-144
111000144,39,518,-479
111000145,1424,21,1403
111000146,160,6,154
111000147,364,38,326
111000148,121,64,57
111000149,8,23,-15
111000150,23,4,19
111000151,13,23,-10
111000153,612,785,-173
111000154,745,209,536
111000155,117,173,-56
111000156,408,616,-208
111000157,226,933,-707
111000158,837,686,151
111000159,2141,671,1470
111000160,483,378,105
111000161,11,226,-215
111000162,133,119,14
111000163,665,748,-83
111000164,566,2994,-2428
111000165,890,427,463
111000166,1691,305,1386
111000167,149,340,-191
111000168,250,428,-178
111000169,368,608,-240
111000170,409,403,6
111000171,570,538,32
111000172,127,353,-226
111000173,337,720,-383
111000174,202,290,-88
111000175,43,211,-168
111000176,502,146,356
111000177,336,251,85
111000178,1084,368,716
111000179,211,195,16
111000180,235,516,-281
111000181,1004,193,811
111000182,239,189,50
111000183,666,297,369
111000184,365,225,140
111000185,336,429,-93
111000186,564,217,347
111000187,157,170,-13
111000188,250,339,-89
111000189,933,539,394
111000190,176,284,-108
111000191,155,269,-114
111000192,178,411,-233
111000193,262,234,28
111000194,47,259,-212
111000195,184,273,-89
111000196,100,169,-69
111000197,421,139,282
111000198,944,102,842
111000199,284,140,144
111000200,351,289,62
111000201,619,262,357
111000202,323,234,89
111000203,393,349,44
111000204,377,1254,-877
111000213,208,482,-274
111000214,1374,1276,98
111000215,1122,1191,-69
111000217,1277,895,382
111000218,1344,1031,313
111000219,416,163,253
111000220,1163,591,572
111000221,702,96,606
111000224,37,226,-189
111000225,438,254,184
111000226,105,11,94
111000227,45,6,39
111000228,23,353,-330
111000229,69,773,-704
111000230,178,277,-99
111000231,867,621,246
111000232,497,737,-240
111000233,818,570,248
111000234,84,328,-244
111000239,99,133,-34
111000240,40,143,-103
111000241,33,315,-282
111000242,171,40,131
111000243,125,424,-299
111000244,506,72,434
111000245,1235,397,838
111000246,525,329,196
111000247,355,618,-263
111000248,613,391,222
111000249,407,528,-121
111000250,48,78,-30
111000251,45,88,-43
111000253,13,19,-6
111000255,49,4,45
111000257,29,21,8
111000260,48,865,-817
111000261,1134,122,1012
111000271,45,253,-208
111000273,2439,1137,1302
111000274,1144,2022,-878
111000275,140,53,87
111000276,216,1464,-1248
111000277,160,351,-191
111000278,585,228,357
111000291,700,4671,-3971
111000298,442,175,267
111000299,584,157,427
111000300,107,476,-369
111000302,275,66,209
111000303,80,204,-124
111000312,68,61,7
111000315,3,107,-104
111000320,228,617,-389
111000321,334,115,219
111000322,316,427,-111
111000323,215,18,197
111000324,372,244,128
111000325,27,73,-46
111000326,222,264,-42
111000327,424,338,86
111000328,228,430,-202
111000329,0,44,-44
111000330,48,7,41
111000331,48,6,42
111000332,488,1211,-723
111000334,320,1061,-741
111000335,1627,262,1365
111000337,1150,350,800
111000338,97,115,-18
111000339,516,233,283
111000340,568,493,75
111000341,1185,561,624
111000342,273,912,-639
111000344,963,622,341
111000345,254,73,181
111000346,23,122,-99
111000347,141,3,138
111000350,241,111,130
111000351,119,297,-178
111000352,137,117,20
111000353,87,209,-122
111000354,339,173,166
111000355,240,534,-294
111000358,150,833,-683
111000360,162,503,-341
111000361,128,201,-73
111000546,753,491,262
111000547,383,415,-32
111000548,125,305,-180
111000549,241,317,-76
111000550,95,899,-804
111000551,630,212,418
111000552,1647,214,1433
111000907,372,24,348
111000908,29,0,29
111000916,1343,298,1045
111000917,36,343,-307
111000918,201,565,-364
111000920,551,7,544
111000921,3,157,-154
111000922,487,294,193
111000924,42,517,-475
111000925,3887,1925,1962
111000926,1436,1491,-55
111000927,2913,4267,-1354
111000928,3593,2645,948
111000929,1065,1257,-192
111000930,688,1806,-1118
111000931,1679,2403,-724
111000932,3517,2117,1400
111000933,3373,2346,1027
111000934,1744,2997,-1253
111000935,1279,1024,255
111000936,1080,1886,-806
111000937,848,1195,-347
111000938,1310,1331,-21
111000939,520,41,479
111000940,431,150,281
111000941,291,392,-101
111000943,349,276,73
111000944,162,310,-148
111000945,76,1072,-996
111001109,511,373,138
111001110,188,431,-243
111001111,91,11,80
111001112,138,16,122
111001113,6,160,-154
111001114,705,120,585
111001115,97,486,-389
111001116,4165,3682,483
111001117,481,2145,-1664
111001120,113,179,-66
111001121,168,209,-41
111001122,193,394,-201
111001123,223,89,134
111001124,73,153,-80
111001125,2,108,-106
111001126,2,1,1
111001127,0,0,0
111900001,8,216,-208
111900002,2,526,-524
111900003,1,208,-207
111900004,57,89,-32
111900006,11,40,-29
111900007,74,3,71
111900008,135,3,132
111900009,126,0,126
111900010,316,377,-61
111900012,92,78,14
111900013,27,73,-46
111900014,3800,3590,210
111900015,1,60,-59
111900016,1,95,-94
111900017,0,54,-54
111900018,255,3,252
111900019,4,73,-69
111900020,0,49,-49
111900021,35,73,-38
111900022,6,43,-37
111900023,65,70,-5
111900024,10,56,-46
111900025,0,28,-28
111900026,0,77,-77
111900027,2,93,-91
111900028,3,248,-245
111900029,9,74,-65
111900030,23,277,-254
111900031,1,16,-15
111900032,0,234,-234
111900033,11,88,-77
111900034,228,408,-180
111900035,89,152,-63
111900036,2,179,-177
111900038,305,511,-206
111900039,39,261,-222
111900040,0,392,-392
111900042,19,131,-112
111900043,2,234,-232
111900044,326,148,178
111900046,49,127,-78
111900048,235,512,-277
111900049,23,191,-168
111900050,79,51,28
111900051,1,145,-144
111900052,380,343,37
111900053,831,1218,-387
111900054,154,3,151
111900055,20,311,-291
111900056,126,270,-144
111900057,82,56,26
111900058,361,424,-63
111900059,1372,565,807
111900060,419,17,402
111900061,12,114,-102
111900062,24,36,-12
111900063,469,218,251
111900064,90,166,-76
111900065,52,18,34
111900066,79,121,-42
111900067,3,256,-253
111900068,52,44,8
111900069,71,28,43
111900070,129,124,5
111900071,2,191,-189
111900072,45,27,18
111900073,709,166,543
111900074,12,183,-171
111900075,99,8,91
111900076,150,48,102
111900077,47,1,46
111900078,280,19,261
111900079,35,43,-8
111900080,232,291,-59
111900082,115,37,78
111900083,129,22,107
111900084,104,5,99
111900085,30,147,-117
111900086,43,3,40
111900087,62,1,61
111900088,470,20,450
111900089,139,5,134
111900090,84,49,35
111900091,227,2,225
111900092,91,2,89
111900093,491,10,481
111900094,126,0,126
111900095,211,46,165
111900096,183,21,162
111900097,44,0,44
111900098,241,3,238
111900099,81,0,81
111900100,178,12,166
111900101,101,39,62
111900102,621,389,232
111900103,46,93,-47
111900104,142,46,96
111900105,240,206,34
111900106,650,45,605
111900110,1352,389,963
111900111,247,111,136
111900112,400,2339,-1939
111900113,218,83,135
111900118,335,96,239
111900119,301,166,135
111900122,166,99,67
111900123,19,31,-12
111900124,21,66,-45
111900125,455,31,424
111900126,215,2,213
111900127,0,473,-473
111900128,3,334,-331
111900129,234,2,232
111900130,246,38,208
111900131,475,2,473
111900132,24,754,-730
111900133,9,245,-236
111900134,14,173,-159
111900135,8,42,-34
111900136,78,153,-75
111900137,42,45,-3
111900138,11,58,-47
111900139,29,91,-62
111900140,60,19,41
111900141,63,3,60
111900142,94,39,55
111900143,22,171,-149
111900144,0,84,-84
111900145,1,304,-303
111900146,0,161,-161
111900147,132,291,-159
111900148,22,461,-439
111900149,7,226,-219
111900150,4,119,-115
111900151,0,23,-23
111900152,72,78,-6
111900153,1016,503,513
111900154,19,201,-182
111900155,62,90,-28
111900156,42,56,-14
111900157,145,12,133
111900158,519,56,463
111900159,275,15,260
111900160,220,1,219
111900161,127,0,127
111900162,61,155,-94
111900163,33,145,-112
111900164,107,63,44
111901113,392,136,256
111901114,224,182,42
111901115,57,0,57
111901116,32,4,28
111901117,24,22,2
111901118,53,166,-113
111901119,441,76,365
111901121,133,119,14
111901122,1,332,-331
111901123,191,248,-57
111901124,237,1,236
111901125,352,206,146
111901127,381,378,3
111901128,4,65,-61
111901129,2,89,-87
111901130,7,93,-86
111901131,6,204,-198
111901132,63,20,43
111901133,37,0,37
111901134,59,5,54
111901135,14,7,7
111901136,4,28,-24
111901138,172,41,131
111901139,27,21,6
111901140,15,68,-53
111901141,15,99,-84
111901142,5,65,-60
111901143,2,89,-87
111901144,48,48,0
111901145,118,272,-154
111901146,304,24,280
111901147,334,176,158
111901148,12,34,-22
111901149,24,5,19
111901150,4,0,4
112000001,1552,594,958
112000002,536,1661,-1125
112000003,1335,875,460
112000004,603,758,-155
112000005,2887,3104,-217
112000006,1715,1357,358
112000007,2724,1924,800
112000008,2196,3417,-1221
112000009,2558,2491,67
112000010,2206,3004,-798
112000011,1341,1419,-78
112000012,3117,3788,-671
112000013,3308,2654,654
112000014,2156,2346,-190
112000015,3436,3024,412
112000016,3521,1300,2221
112000017,1865,2362,-497
112000024,2031,809,1222
112000026,2908,3545,-637
112000027,722,548,174
112000028,1072,1319,-247
112000029,393,527,-134
112000030,165,86,79
112000031,1133,3820,-2687
112000032,378,43,335
112000033,1567,1798,-231
112000034,316,57,259
112000035,147,389,-242
112000036,934,918,16
112000037,1210,674,536
112000038,1563,769,794
112000039,84,74,10
112000040,94,218,-124
112000041,420,399,21
112000042,859,400,459
112000050,1101,1153,-52
112000051,942,1131,-189
112000054,1428,1589,-161
112000057,502,342,160
112000058,336,631,-295
112000059,482,704,-222
112000061,2323,1819,504
112000062,1309,684,625
112000063,834,1273,-439
112000064,3209,4580,-1371
112000065,1662,2187,-525
112000066,3415,1410,2005
112000067,652,659,-7
112000068,2912,2420,492
112000069,635,1412,-777
112000070,1799,773,1026
112000071,847,1962,-1115
112000072,1888,806,1082
112000073,1485,1718,-233
112000074,1291,951,340
112000075,1370,1066,304
112000076,3007,2233,774
112000077,850,421,429
112000078,1655,598,1057
112000079,1233,1096,137
112000080,721,639,82
112000081,1227,1964,-737
112000082,1252,773,479
112000083,486,997,-511
112000084,1049,767,282
112000085,1025,797,228
112000086,1348,1184,164
112000087,443,328,115
112000088,766,554,212
112000089,253,237,16
112000090,188,247,-59
112000091,612,770,-158
112000092,1708,1000,708
112000093,1417,778,639
112000094,629,778,-149
112000095,601,667,-66
112000096,544,534,10
112000097,1087,773,314
112000098,842,888,-46
112000099,650,1574,-924
112000100,1510,742,768
112000101,459,726,-267
112000102,1050,491,559
112000103,276,850,-574
112000105,639,1387,-748
112000106,1628,439,1189
112000107,97,197,-100
112000108,261,1436,-1175
112000109,148,108,40
112000110,1853,726,1127
112000111,1013,3500,-2487
112000112,4195,672,3523
112000113,815,1433,-618
112000114,2228,866,1362
112000115,289,399,-110
112000116,665,703,-38
112000117,883,663,220
112000118,865,657,208
112000119,467,681,-214
112000120,79,283,-204
112000121,138,397,-259
112000122,291,146,145
112000123,671,162,509
112000124,359,71,288
112000125,246,217,29
112000126,227,432,-205
112000127,1888,1803,85
112000128,772,585,187
112000129,152,72,80
112000130,192,72,120
112000131,56,201,-145
112000132,119,222,-103
112000133,281,145,136
112000134,390,348,42
112000135,1630,643,987
112000136,1055,1285,-230
112000137,2252,1678,574
112000138,2139,1176,963
112000139,850,590,260
112000140,913,1047,-134
112000141,674,316,358
112000142,145,460,-315
112000143,994,202,792
112000144,290,942,-652
112000145,1999,567,1432
112000146,463,1654,-1191
112000147,2359,1700,659
112000148,1527,2061,-534
112000149,419,557,-138
112000150,305,563,-258
112000151,368,330,38
112000152,364,375,-11
112000153,220,263,-43
112000154,97,204,-107
112000155,143,104,39
112000157,767,500,267
112000158,268,367,-99
112000159,429,345,84
112000167,328,93,235
112000169,325,396,-71
112000173,561,204,357
112000175,346,303,43
112000176,2247,1798,449
112000177,632,198,434
112000178,84,356,-272
112000179,194,88,106
112000180,208,344,-136
112000181,1249,1452,-203
112000182,1210,1175,35
112000183,21,56,-35
112000184,338,291,47
112000185,401,424,-23
112000187,3193,2166,1027
112000195,104,16,88
112000196,186,3,183
112000197,188,153,35
112000198,58,211,-153
112000199,873,846,27
112000202,372,2,370
112000216,55,208,-153
112000230,88,10,78
112000231,4,177,-173
112000256,64,193,-129
112000313,64,90,-26
112000314,33,35,-2
112000337,279,500,-221
112000352,282,317,-35
112000392,1108,1142,-34
112000398,1182,854,328
112000399,1337,1823,-486
112000400,1502,2708,-1206
112000401,2198,1979,219
112000402,2626,2789,-163
112000403,1514,2532,-1018
112000404,706,737,-31
112000405,1748,2457,-709
112000406,2841,2020,821
112000407,6336,7364,-1028
112000408,6335,5408,927
112000409,1237,3626,-2389
112000410,379,322,57
112000411,3147,1420,1727
112000412,1217,558,659
112000413,5782,4964,818
112000414,80,105,-25
112000415,84,46,38
112000416,2321,1405,916
112000417,231,66,165
112000421,50,95,-45
112000422,341,282,59
112000424,1700,2297,-597
112000425,357,789,-432
112000426,122,296,-174
112000427,0,16,-16
112000428,234,284,-50
112000429,2131,2146,-15
112000430,2507,2469,38
112000431,75,141,-66
112000432,526,1109,-583
112000433,332,706,-374
112000437,53,164,-111
112900001,66,2,64
112900002,435,748,-313
112900003,68,272,-204
112900004,50,217,-167
112900005,217,159,58
112900006,12,246,-234
112900007,34,176,-142
112900008,8,48,-40
112900009,368,90,278
112900010,371,798,-427
112900011,170,192,-22
112900012,1,59,-58
112900013,0,91,-91
112900014,1,269,-268
112900015,316,558,-242
112900016,15,224,-209
112900017,42,107,-65
112900018,2,180,-178
112900019,31,131,-100
112900020,295,908,-613
112900021,4,176,-172
112900022,8,60,-52
112900023,0,111,-111
112900024,14,183,-169
112900025,56,158,-102
112900026,7,149,-142
112900027,48,858,-810
112900028,22,98,-76
112900029,15,378,-363
112900030,135,121,14
112900031,17,308,-291
112900032,163,207,-44
112900034,4,32,-28
112900035,2,254,-252
112900036,87,109,-22
112900037,161,202,-41
112900038,598,167,431
112900039,18,211,-193
112900040,9,449,-440
112900041,486,922,-436
112900042,83,261,-178
112900043,47,52,-5
112900044,504,415,89
112900045,226,214,12
112900046,152,64,88
112900047,12,28,-16
112900049,182,79,103
112900050,34,355,-321
112900051,293,456,-163
112900052,3,640,-637
112900053,463,122,341
112900054,182,49,133
112900055,127,33,94
112900056,340,257,83
112900057,49,476,-427
112900058,359,269,90
112900059,171,124,47
112900060,44,133,-89
112900061,91,119,-28
112900062,106,96,10
112900063,144,14,130
112900064,131,170,-39
112900065,34,26,8
112900066,209,149,60
112900067,402,154,248
112900068,44,53,-9
112900069,1523,705,818
112900071,31,8,23
112900072,145,1701,-1556
112900073,327,91,236
112900074,94,226,-132
112900075,1078,861,217
112900076,75,43,32
112900078,325,388,-63
112900079,215,41,174
112900080,60,5,55
112900081,71,155,-84
112900082,635,48,587
112900083,154,112,42
112900084,221,133,88
112900086,97,3,94
112900087,702,127,575
112900088,112,16,96
112900089,871,47,824
112900090,51,22,29
112900091,298,11,287
112900092,224,290,-66
112900093,1239,27,1212
112900095,60,3,57
112900096,382,155,227
112900097,112,248,-136
112900098,84,1,83
112900099,788,20,768
112900100,72,0,72
112900101,493,55,438
112900102,137,25,112
112900103,213,13,200
112900104,107,5,102
112900105,11,0,11
112900106,358,130,228
112900107,16,0,16
112900108,21,2,19
112900109,94,1,93
112900110,1086,21,1065
112900111,720,8,712
112900112,290,4,286
112900113,0,11,-11
112900114,116,36,80
112900115,1158,1,1157
112900116,101,23,78
112900117,89,81,8
112900118,29,77,-48
112900119,171,4,167
112900120,759,237,522
112900121,66,194,-128
112900122,36,107,-71
112900123,115,4,111
112900124,12,69,-57
112900125,47,367,-320
112900126,168,216,-48
112900127,341,120,221
112900128,415,515,-100
112900129,5,588,-583
112900130,252,101,151
112900131,55,184,-129
112900132,153,373,-220
112900133,34,996,-962
112900134,2,175,-173
112900135,120,40,80
112900137,2,411,-409
112900138,8,205,-197
112900139,176,844,-668
112900141,634,49,585
112900142,79,152,-73
112900143,39,374,-335
112900144,1,204,-203
112900145,44,375,-331
112900146,8,862,-854
112900147,7,1330,-1323
112900148,39,8,31
112900149,272,507,-235
112900151,23,58,-35
112900152,3313,766,2547
112900153,1521,2291,-770
112900154,0,96,-96
112900155,170,36,134
112900156,303,1153,-850
112900157,348,57,291
112900158,70,19,51
112900159,174,142,32
112900160,59,225,-166
112900161,148,43,105
112900162,52,12,40
112900163,86,37,49
112900164,39,160,-121
112900165,267,33,234
112900166,22,63,-41
112900167,6,55,-49
112900168,8,4,4
112900169,16,19,-3
112900170,163,112,51
112900172,40,23,17
112900173,140,112,28
112900174,230,41,189
112900175,141,163,-22
112900176,21,39,-18
112900177,231,60,171
112900178,707,1896,-1189
112900179,51,405,-354
112900180,1562,1631,-69
112900181,551,2,549
112900182,48,849,-801
112900183,135,252,-117
112900184,397,395,2
112900185,242,629,-387
112900186,1064,855,209
112900187,69,561,-492
112900188,525,455,70
112900189,11,3,8
112900190,16,20,-4
112900192,513,525,-12
112900193,1083,303,780
112900194,41,48,-7
112900195,655,40,615
112900196,179,207,-28
112900197,188,307,-119
112900199,642,407,235
112900200,422,164,258
112900201,125,74,51
112900202,368,564,-196
112900203,236,187,49
112900204,743,617,126
112900205,16,12,4
112900206,33,70,-37
112900207,17,0,17
112900208,98,271,-173
112900209,386,311,75
112900210,0,40,-40
112900211,80,36,44
112900212,0,110,-110
112900213,52,20,32
112900214,26,12,14
112900215,18,160,-142
112900216,27,66,-39
112900217,0,48,-48
112900218,81,18,63
112900219,85,12,73
112900220,5,0,5
112900221,36,45,-9
112900222,0,11,-11
112900223,784,20,764
112900224,278,382,-104
112900225,399,292,107
112900226,182,288,-106
112900227,642,834,-192
112900228,50,30,20
112900229,273,45,228
112900230,4936,3284,1652
112900232,243,299,-56
112900233,67,125,-58
112900234,18,45,-27
112900235,108,40,68
112900236,229,10,219
112900237,205,209,-4
112900238,0,24,-24
112900239,819,333,486
112900240,4,52,-48
112900241,6,83,-77
112900242,7,86,-79
112900243,8,80,-72
112900244,11,43,-32
112900245,0,29,-29
112900246,0,13,-13
112900247,96,12,84
112900248,4,1,3
112900249,21,4,17
112900250,29,21,8
112900251,48,10,38
112900252,45,21,24
112900253,34,10,24
112900254,15,1,14
112900255,0,22,-22
112900256,3,29,-26
112900257,8,27,-19
112900258,18,16,2
113000001,5434,3848,1586
113000002,3131,3084,47
113000003,1696,1294,402
113000004,1480,2131,-651
113000005,1493,834,659
113000006,993,1285,-292
113000007,1956,1083,873
113000008,1580,1643,-63
113000009,960,620,340
113000010,1004,1198,-194
113000011,607,1220,-613
113000012,1586,583,1003
113000013,1086,620,466
113000014,1324,1327,-3
113000015,328,189,139
113000016,321,702,-381
113000017,27,337,-310
113000018,337,54,283
113000019,137,326,-189
113000020,548,99,449
113000021,1013,545,468
113000022,666,884,-218
113000025,136,312,-176
113000026,353,405,-52
113000027,472,504,-32
113000028,563,492,71
113000029,951,701,250
113000030,484,631,-147
113000031,246,323,-77
113000032,269,368,-99
113000033,248,450,-202
113000034,350,312,38
113000035,40,31,9
113000036,35,50,-15
113000037,55,28,27
113000038,26,72,-46
113000039,69,299,-230
113000040,80,104,-24
113000042,638,672,-34
113000051,754,1966,-1212
113000052,1786,683,1103
113000053,384,372,12
113000054,337,632,-295
113000055,1015,558,457
113000056,921,826,95
113000058,738,827,-89
113000059,1018,697,321
113000060,255,504,-249
113000061,503,803,-300
113000062,697,252,445
113000063,175,76,99
113000064,47,268,-221
113000065,131,666,-535
113000066,606,85,521
113000067,1817,1105,712
113000068,346,1082,-736
113000069,536,914,-378
113000070,2233,952,1281
113000071,391,471,-80
113000072,711,426,285
113000073,295,1165,-870
113000074,873,345,528
113000075,1948,700,1248
113000076,590,1912,-1322
113000077,973,697,276
113000078,640,2020,-1380
113000079,677,807,-130
113000080,652,765,-113
113000081,683,690,-7
113000082,1097,704,393
113000083,499,802,-303
113000084,1355,1127,228
113000085,813,742,71
113000086,1338,1228,110
113000087,1318,844,474
113000088,1965,1194,771
113000089,874,1392,-518
113000090,217,553,-336
113000091,514,370,144
113000094,1079,160,919
113000095,225,629,-404
113000096,136,639,-503
113000097,935,291,644
113000098,144,21,123
113000099,738,323,415
113000100,105,414,-309
113000101,327,515,-188
113000102,579,401,178
113000103,1611,356,1255
113000104,429,1623,-1194
113000105,653,318,335
113000106,265,331,-66
113000107,787,731,56
113000108,590,873,-283
113000109,528,1468,-940
113000110,1575,371,1204
113000111,175,534,-359
113000112,316,417,-101
113000113,1190,452,738
113000114,301,1188,-887
113000116,537,325,212
113000117,700,129,571
113000118,97,373,-276
113000119,333,255,78
113000120,51,224,-173
113000121,516,659,-143
113000124,216,95,121
113000125,68,668,-600
113000127,2216,301,1915
113000128,366,405,-39
113000129,524,555,-31
113000133,1810,1311,499
113000134,8,838,-830
113000135,3503,3862,-359
113000137,1719,3195,-1476
113000139,380,246,134
113000140,154,242,-88
113000141,242,263,-21
113000142,443,1030,-587
113000143,206,286,-80
113000144,280,588,-308
113000145,91,171,-80
113000146,131,53,78
113000147,162,88,74
113000148,194,129,65
113000149,111,120,-9
113000150,525,272,253
113000151,68,46,22
113000152,44,121,-77
113000153,1150,474,676
113000154,776,1358,-582
113000155,327,533,-206
113000156,118,370,-252
113000157,288,759,-471
113000158,659,212,447
113000159,840,664,176
113000160,528,876,-348
113000161,218,295,-77
113000162,702,325,377
113000163,106,77,29
113000164,25,70,-45
113000166,167,100,67
113000167,42,87,-45
113000168,86,97,-11
113000169,217,49,168
113000170,104,79,25
113000171,43,80,-37
113000172,283,75,208
113000173,59,18,41
113000174,94,416,-322
113000175,407,102,305
113000176,564,148,416
113000177,172,486,-314
113000178,215,320,-105
113000179,279,159,120
113000180,538,853,-315
113000181,1093,854,239
113000182,140,349,-209
113000183,143,585,-442
113000184,14,102,-88
113000189,414,831,-417
113000190,704,497,207
113000192,1006,2107,-1101
113000193,3176,1576,1600
113000194,1568,1194,374
113000195,2125,905,1220
113000196,185,64,121
113000197,1941,1035,906
113000198,71,224,-153
113000199,992,289,703
113000201,93,281,-188
113000202,2958,723,2235
113000203,236,26,210
113000204,1214,2052,-838
113000205,10,18,-8
113000206,16,29,-13
113000207,83,22,61
113000208,57,50,7
113000209,19,19,0
113000210,14,19,-5
113000211,170,211,-41
113000212,99,31,68
113000213,40,139,-99
113000214,164,207,-43
113000234,178,681,-503
113000410,103,216,-113
113000411,2210,3841,-1631
113000412,5452,2289,3163
113000413,2144,2715,-571
113000414,5107,10972,-5865
113000415,1900,2407,-507
113000416,6697,3614,3083
113000417,2094,2488,-394
113000418,4125,3143,982
113000419,1462,1750,-288
113000420,3862,5153,-1291
113000421,3583,5342,-1759
113000422,10137,9145,992
113000423,1986,4472,-2486
113000424,2750,8223,-5473
113000425,8,111,-103
113000428,81,61,20
113000430,11,165,-154
113000432,1975,179,1796
113000433,80,598,-518
113000434,45,129,-84
113000435,38,407,-369
113000436,57,826,-769
113000437,922,33,889
113000438,358,13,345
113000439,76,97,-21
113000440,120,46,74
113000441,221,205,16
113000442,97,118,-21
113000443,239,187,52
113000444,177,178,-1
113000445,156,102,54
113000446,44,85,-41
113000448,169,119,50
113000449,195,726,-531
113000450,362,1287,-925
113000451,1030,165,865
113000452,332,351,-19
113000453,83,281,-198
113000454,566,93,473
113000455,65,296,-231
113000456,3120,2478,642
113000468,1385,184,1201
113000469,155,61,94
113000470,412,28,384
113000471,22,381,-359
113000472,68,257,-189
113000474,636,509,127
113000475,1213,1303,-90
113000476,1180,1727,-547
113000477,2979,1850,1129
113000478,3410,4775,-1365
113000479,33,177,-144
113000483,0,0,0
113000484,0,0,0
113000485,0,0,0
113000486,5,0,5
113000487,0,0,0
113000488,0,0,0
113000489,0,0,0
113000490,0,8,-8
113000491,5,4,1
113000492,0,6,-6
113000493,0,0,0
113000495,158,123,35
113000496,131,115,16
113000499,0,0,0
113900001,0,3,-3
113900002,0,0,0
113900003,0,0,0
113900004,0,2,-2
113900005,109,43,66
113900006,0,0,0
113900007,6,27,-21
113900008,23,161,-138
113900009,105,92,13
113900010,62,62,0
113900011,102,51,51
113900012,79,40,39
113900013,157,20,137
113900014,471,4,467
113900015,0,57,-57
113900016,66,0,66
113900017,4,40,-36
113900018,323,240,83
113900019,138,55,83
113900020,154,1,153
113900022,18,0,18
113900023,32,0,32
113900024,90,46,44
113900025,205,8,197
113900026,59,1,58
113900027,8,46,-38
113900028,44,411,-367
113900029,55,178,-123
113900030,222,3,219
113900031,10,1,9
113900032,18,0,18
113900033,72,57,15
113900035,74,1,73
113900036,24,88,-64
113900037,123,346,-223
113900038,58,106,-48
113900039,113,25,88
113900040,5,6,-1
113900041,6,0,6
113900042,48,51,-3
113900043,145,89,56
113900044,270,243,27
113900045,96,3,93
113900046,230,556,-326
113900047,26,112,-86
113900048,150,99,51
113900049,425,266,159
113900050,176,277,-101
113900051,207,290,-83
113900052,127,138,-11
113900053,587,464,123
113900054,34,4,30
113900055,126,335,-209
113900056,43,182,-139
113900057,16,52,-36
113900058,52,97,-45
113900059,191,288,-97
113900060,142,167,-25
113900061,624,259,365
113900062,92,5,87
113900063,90,92,-2
113900064,17,81,-64
113900065,349,16,333
113900066,294,222,72
113900067,126,156,-30
113900068,433,420,13
113900069,33,36,-3
113900070,164,392,-228
113900071,68,79,-11
113900072,71,130,-59
113900073,254,348,-94
113900074,95,276,-181
113900075,1167,1041,126
113900076,151,30,121
113900077,26,125,-99
113900078,38,59,-21
113900079,1,34,-33
113900080,428,186,242
113900081,61,157,-96
113900082,89,187,-98
113900083,283,263,20
113900084,246,82,164
113900085,32,222,-190
113900086,49,11,38
113900087,86,133,-47
113900088,53,72,-19
113900089,346,45,301
113900090,525,316,209
113900091,18,18,0
113900092,39,84,-45
113900093,91,556,-465
113900094,453,315,138
113900095,100,77,23
113900096,225,67,158
113900097,46,59,-13
113900098,560,52,508
113900099,0,39,-39
113900100,0,6,-6
113900101,20,60,-40
113900102,156,124,32
113900103,266,289,-23
113900104,120,201,-81
113900105,89,150,-61
113900106,0,34,-34
113900107,1,25,-24
113900108,164,217,-53
113900109,291,176,115
113900110,33,21,12
113900111,148,105,43
113900112,158,89,69
113900113,790,409,381
113900114,0,43,-43
113900115,0,61,-61
113900116,97,114,-17
113900117,101,37,64
113900118,175,310,-135
113900119,168,438,-270
113900120,54,28,26
113900121,55,92,-37
113900122,354,1848,-1494
113900123,409,176,233
113900124,0,47,-47
113900125,708,101,607
113900126,145,61,84
113900127,295,651,-356
113900128,140,73,67
113900129,10,148,-138
113900130,2,30,-28
113900131,233,74,159
113900132,57,72,-15
113900133,22,47,-25
113900135,234,310,-76
113900136,120,45,75
113900137,321,230,91
113900138,48,121,-73
113900139,244,128,116
113900140,213,328,-115
113900141,475,241,234
113900142,139,74,65
113900143,13,20,-7
113900144,161,215,-54
113900145,349,147,202
113900146,118,47,71
113900148,161,260,-99
113900149,151,85,66
113900150,501,426,75
113900151,373,168,205
113900152,32,37,-5
113900153,245,420,-175
113900154,4,96,-92
113900155,233,177,56
113900156,192,359,-167
113900157,35,290,-255
113900158,254,417,-163
113900159,12,211,-199
113900160,373,478,-105
113900161,48,233,-185
113900162,362,725,-363
113900163,267,261,6
113900164,247,41,206
113900165,635,337,298
113900166,132,114,18
113900167,302,32,270
113900168,97,87,10
113900169,173,293,-120
113900171,163,72,91
113900172,13,148,-135
113900173,40,512,-472
113900174,428,449,-21
113900175,294,113,181
113900176,353,455,-102
113900177,349,165,184
113900178,529,116,413
113900179,13,338,-325
113900180,123,83,40
113900181,557,138,419
113900182,812,754,58
113900183,55,70,-15
113900184,9,449,-440
113900185,144,71,73
113900186,45,49,-4
113900187,45,93,-48
113900188,51,121,-70
113900189,279,91,188
113900190,303,107,196
113900191,109,187,-78
113900192,8,358,-350
113900193,22,120,-98
113900194,1289,842,447
113900195,243,356,-113
113900196,5,115,-110
113900197,2,117,-115
113900198,27,208,-181
113900199,137,561,-424
113900200,15,184,-169
113900201,0,124,-124
113900202,25,262,-237
113900203,0,94,-94
113900204,46,468,-422
113900205,9,159,-150
113900206,12,143,-131
113900207,1,48,-47
113900208,1,45,-44
113900209,0,69,-69
113900210,472,678,-206
113900211,157,62,95
113900212,176,335,-159
113900214,378,365,13
113900215,97,107,-10
113900216,84,606,-522
113900217,63,170,-107
113900218,159,56,103
113900219,78,355,-277
113900220,140,107,33
113900221,345,198,147
113900222,223,453,-230
113900223,130,652,-522
113900224,70,74,-4
113900225,403,203,200
113900226,371,106,265
113900227,480,228,252
113900228,326,464,-138
113900229,74,602,-528
113900230,2927,3001,-74
113900231,132,124,8
113900232,86,74,12
113900233,81,45,36
113900234,267,357,-90
113900235,138,39,99
113900236,146,238,-92
113900237,116,22,94
113900238,223,443,-220
113900239,61,96,-35
113900240,4,178,-174
113900241,109,52,57
113900242,51,114,-63
113900243,93,339,-246
113900244,254,182,72
113900245,1066,283,783
113900246,11,22,-11
113900247,166,384,-218
113900248,1952,1488,464
113900249,585,359,226
113900250,58,135,-77
113900251,627,134,493
113900252,478,22,456
113900253,559,54,505
113900254,761,107,654
113900255,366,18,348
113900256,342,24,318
113900257,32,508,-476
113900258,16,354,-338
113900259,495,138,357
113900260,204,10,194
113900261,33,77,-44
113900262,135,438,-303
113900263,164,545,-381
113900264,8,397,-389
113900265,183,300,-117
113900266,65,160,-95
113900267,87,421,-334
113900268,288,336,-48
113900269,105,139,-34
113900270,189,650,-461
113900271,638,797,-159
113900273,26,9,17
113900274,44,37,7
113900275,17,85,-68
113900276,0,121,-121
113900277,122,3,119
113900278,255,155,100
113900279,44,77,-33
113900280,1364,612,752
113900281,515,1263,-748
113900282,735,556,179
113900283,367,447,-80
113900284,596,163,433
113900285,97,69,28
113900286,20,67,-47
113900287,50,42,8
113900288,2,57,-55
113900289,710,91,619
113900290,310,199,111
113900291,125,156,-31
113900292,12,5,7
113900293,2,138,-136
113900294,376,22,354
113900295,368,358,10
113900296,1537,436,1101
113900297,2390,43,2347
113900298,13,1492,-1479
113900299,105,120,-15
113900300,3655,2900,755
113900301,703,360,343
113900302,2014,845,1169
113900303,384,406,-22
113900304,1,115,-114
113900305,120,1,119
113900306,40,0,40
113900307,20,0,20
113900308,70,90,-20
113900309,9,614,-605
113900310,0,13,-13
113900311,9,0,9
113900312,228,198,30
113900313,17,11,6
113900314,21,430,-409
113900315,267,151,116
114000001,750,1989,-1239
114000002,292,267,25
114000003,117,464,-347
114000004,313,355,-42
114000005,227,201,26
114000006,1784,1808,-24
114000007,506,861,-355
114000008,1052,1490,-438
114000009,620,205,415
114000011,2348,2056,292
114000012,2075,1576,499
114000013,1403,1034,369
114000014,480,366,114
114000015,1745,353,1392
114000016,207,281,-74
114000017,92,239,-147
114000018,146,30,116
114000026,1529,969,560
114000027,2643,1699,944
114000028,1844,2218,-374
114000038,210,104,106
114000039,125,101,24
114000040,113,140,-27
114000042,136,143,-7
114000043,173,135,38
114000044,226,86,140
114000045,49,66,-17
114000046,2954,4000,-1046
114000047,11,60,-49
114000048,70,83,-13
114000049,1192,1260,-68
114000050,1313,1839,-526
114000051,2208,1817,391
114000052,3374,1642,1732
114000053,92,593,-501
114000054,191,699,-508
114000055,203,23,180
114000056,803,835,-32
114000057,3898,1814,2084
114000058,478,1219,-741
114000059,198,327,-129
114000060,489,756,-267
114000061,2631,2544,87
114000062,1692,1199,493
114000063,2121,1441,680
114000064,4486,3244,1242
114000065,1380,1983,-603
114000066,380,526,-146
114000067,19,678,-659
114000068,514,679,-165
114000069,698,542,156
114000070,1901,1614,287
114000071,542,460,82
114000072,555,224,331
114000073,10,52,-42
114000074,39,10,29
114000075,67,65,2
114000076,13,80,-67
114000077,10,33,-23
114000078,750,519,231
114000079,127,34,93
114000080,76,89,-13
114000081,71,65,6
114000082,21,352,-331
114000083,58,163,-105
114000084,299,65,234
114000085,109,458,-349
114000086,214,246,-32
114000087,105,87,18
114000088,36,32,4
114000089,625,293,332
114000090,813,828,-15
114000091,1124,794,330
114000092,772,487,285
114000093,1198,701,497
114000094,272,299,-27
114000095,187,106,81
114000096,101,304,-203
114000097,115,408,-293
114000098,497,82,415
114000099,604,398,206
114000100,1222,578,644
114000101,409,466,-57
114000102,635,326,309
114000103,166,258,-92
114000104,252,144,108
114000105,116,58,58
114000106,651,818,-167
114000107,453,130,323
114000108,1423,874,549
114000109,522,1214,-692
114000110,478,1105,-627
114000111,1474,816,658
114000112,476,1839,-1363
114000113,1491,500,991
114000114,1171,1288,-117
114000115,1993,1148,845
114000116,703,1283,-580
114000117,2367,395,1972
114000118,1997,433,1564
114000119,1477,424,1053
114000120,443,602,-159
114000121,410,667,-257
114000122,352,266,86
114000123,1808,300,1508
114000124,820,209,611
114000125,760,1021,-261
114000126,2056,219,1837
114000127,228,104,124
114000128,668,290,378
114000130,328,379,-51
114000131,243,99,144
114000132,430,397,33
114000133,709,1042,-333
114000134,72,134,-62
114000138,26,161,-135
114000139,362,257,105
114000144,765,562,203
114000145,57,123,-66
114000146,110,197,-87
114000147,1284,1808,-524
114000148,1688,1582,106
114000149,311,285,26
114000150,959,1112,-153
114000151,1011,1638,-627
114000152,107,23,84
114000153,698,1997,-1299
114000154,713,753,-40
114000155,1136,1778,-642
114000156,698,513,185
114000157,255,1004,-749
114000158,1253,644,609
114000159,185,473,-288
114000160,112,430,-318
114000161,1293,2747,-1454
114000162,960,2400,-1440
114000163,12,70,-58
114000165,584,323,261
114000166,668,384,284
114000167,2481,1441,1040
114000168,695,603,92
114000169,1238,1093,145
114000170,1214,1008,206
114000171,989,2799,-1810
114000174,257,370,-113
114000176,445,465,-20
114000177,1491,699,792
114000178,35,23,12
114000179,935,672,263
114000180,442,569,-127
114000181,1395,3146,-1751
114000182,2091,1867,224
114000183,760,842,-82
114000184,2680,877,1803
114000185,887,705,182
114000189,799,128,671
114000190,2152,309,1843
114000191,51,62,-11
114000192,151,1023,-872
114000193,488,2118,-1630
114000194,1183,752,431
114000195,204,8,196
114000196,4,154,-150
114000197,1053,63,990
114000198,655,327,328
114000199,1590,1611,-21
114000200,497,1374,-877
114000201,142,656,-514
114000202,958,396,562
114000203,487,497,-10
114000204,164,426,-262
114000205,151,1117,-966
114000206,500,1036,-536
114000207,464,1222,-758
114000208,389,1798,-1409
114000209,464,1681,-1217
114000210,230,871,-641
114000211,789,1265,-476
114000212,561,718,-157
114000213,1156,467,689
114000214,102,139,-37
114000215,220,67,153
114000216,1341,304,1037
114000217,355,192,163
114000218,103,186,-83
114000219,1028,158,870
114000220,31,660,-629
114000221,621,131,490
114000222,135,663,-528
114000223,476,156,320
114000224,120,459,-339
114000225,184,464,-280
114000226,153,183,-30
114000227,649,436,213
114000228,731,669,62
114000229,887,955,-68
114000230,1422,955,467
114000231,723,1050,-327
114000232,616,113,503
114000233,1770,116,1654
114000234,960,737,223
114000235,964,1188,-224
114000236,0,338,-338
114000237,114,667,-553
114000238,160,128,32
114000239,147,885,-738
114000240,709,640,69
114000241,251,865,-614
114000242,731,687,44
114000243,1304,775,529
114000244,573,341,232
114000245,316,658,-342
114000246,135,58,77
114000247,584,608,-24
114000248,1393,479,914
114000249,414,456,-42
114000250,488,562,-74
114000251,294,166,128
114000252,109,59,50
114000253,75,103,-28
114000254,37,64,-27
114000255,427,172,255
114000256,1233,1736,-503
114000257,424,1032,-608
114000258,718,364,354
114000259,660,214,446
114000260,0,32,-32
114000261,46,25,21
114000262,368,71,297
114000263,9,1,8
114000264,911,349,562
114000265,0,0,0
114000267,3,1769,-1766
114000268,2,891,-889
114000270,249,60,189
114000271,320,44,276
114000283,1655,333,1322
114000285,29,148,-119
114000288,97,329,-232
114000289,1032,173,859
114000293,169,360,-191
114000294,160,205,-45
114000395,1665,35,1630
114000396,535,541,-6
114000402,456,227,229
114000403,253,303,-50
114000405,142,380,-238
114000423,258,274,-16
114000424,584,183,401
114000425,752,280,472
114000426,279,659,-380
114000427,76,52,24
114000428,173,188,-15
114000429,10,151,-141
114000432,84,69,15
114000434,26,92,-66
114000435,1,188,-187
114900001,537,736,-199
114900002,719,95,624
114900003,565,1051,-486
114900004,211,334,-123
114900005,523,666,-143
114900006,109,48,61
114900007,368,18,350
114900008,169,78,91
114900010,1331,1456,-125
114900011,181,127,54
114900013,228,144,84
114900015,43,200,-157
114900018,901,45,856
114900020,147,70,77
114900022,62,775,-713
114900024,126,58,68
114900025,453,188,265
114900026,75,126,-51
114900027,153,100,53
114900029,154,27,127
114900030,271,151,120
114900031,337,41,296
114900032,320,24,296
114900033,368,326,42
114900034,50,145,-95
114900035,93,267,-174
114900036,176,468,-292
114900037,47,57,-10
114900038,67,222,-155
114900039,441,347,94
114900040,85,98,-13
114900041,679,381,298
114900042,679,500,179
114900043,247,80,167
114900044,175,28,147
114900046,14,40,-26
114900047,236,1741,-1505
114900048,122,233,-111
114900049,43,156,-113
114900050,50,283,-233
114900051,82,350,-268
114900052,114,210,-96
114900053,174,205,-31
114900054,40,94,-54
114900057,177,7,170
114900058,0,66,-66
114900059,118,53,65
114900060,360,398,-38
114900061,66,64,2
114900062,87,95,-8
114900063,80,128,-48
114900064,1428,388,1040
114900065,347,559,-212
114900067,76,316,-240
114900068,76,223,-147
114900069,142,73,69
114900070,429,302,127
114900072,7,277,-270
114900073,0,141,-141
114900074,656,453,203
114900075,253,2,251
114900076,4,325,-321
114900080,1481,345,1136
114900082,2966,1975,991
114900083,825,959,-134
114900090,322,198,124
114900091,127,137,-10
114900095,134,48,86
114900096,150,269,-119
114900097,133,0,133
114900098,5,158,-153
114900099,189,7,182
115000001,4640,2966,1674
115000002,3260,3506,-246
115000003,4014,2651,1363
115000004,3372,5116,-1744
115000005,1241,1778,-537
115000006,767,1478,-711
115000007,200,143,57
115000008,343,409,-66
115000009,159,189,-30
115000010,248,145,103
115000013,38,137,-99
115000015,68,283,-215
115000016,76,257,-181
115000019,48,464,-416
115000020,124,566,-442
115000021,228,472,-244
115000022,416,371,45
115000023,371,539,-168
115000024,876,439,437
115000025,721,657,64
115000026,146,368,-222
115000027,255,270,-15
115000028,191,722,-531
115000029,531,80,451
115000030,607,1088,-481
115000031,1197,209,988
115000032,4,235,-231
115000033,215,49,166
115000034,87,987,-900
115000035,1016,65,951
115000036,0,317,-317
115000037,497,13,484
115000038,51,148,-97
115000039,3069,2867,202
115000040,4991,2655,2336
115000041,1489,3229,-1740
115000042,763,567,196
115000043,3730,2232,1498
115000044,3418,3394,24
115000045,2310,1494,816
115000046,2182,2103,79
115000047,1890,1232,658
115000048,1448,1880,-432
115000049,1442,2620,-1178
115000050,2562,1738,824
115000051,1464,2522,-1058
115000052,1937,1552,385
115000053,1608,1490,118
115000054,570,1032,-462
115000055,196,725,-529
115000056,242,551,-309
115000057,593,1175,-582
115000058,557,318,239
115000059,222,138,84
115000061,159,147,12
115000062,171,261,-90
115000063,238,269,-31
115000064,198,121,77
115000065,22,360,-338
115000067,190,49,141
115000069,85,266,-181
115000070,29,649,-620
115000071,157,26,131
115000072,15,89,-74
115000073,1071,54,1017
115000075,82,51,31
115000076,2386,2075,311
115000077,2191,1861,330
115000078,1130,1127,3
115000079,1124,1345,-221
115000080,2189,1844,345
115000081,442,726,-284
115000082,3027,3042,-15
115000083,1762,1724,38
115000084,1837,898,939
115000085,662,804,-142
115000086,1132,757,375
115000087,480,1218,-738
115000088,1512,591,921
115000089,1344,1025,319
115000090,368,652,-284
115000091,200,760,-560
115000092,613,270,343
115000093,440,4,436
115000094,4975,4568,407
115000095,3567,4775,-1208
115000096,678,977,-299
115000097,861,811,50
115000098,884,634,250
115000099,2230,2021,209
115000100,893,277,616
115000101,326,1210,-884
115000102,446,234,212
115000103,275,536,-261
115000105,64,115,-51
115000106,596,258,338
115000107,172,384,-212
115000108,2576,1998,578
115000109,3415,3695,-280
115000110,1287,1417,-130
115000111,691,1373,-682
115000112,600,687,-87
115000113,481,766,-285
115000114,1461,641,820
115000116,3373,2214,1159
115000117,3194,2893,301
115000118,1814,1658,156
115000119,1639,2297,-658
115000120,516,1270,-754
115000121,1204,851,353
115000122,3240,1428,1812
115000123,1214,1903,-689
115000124,898,915,-17
115000125,417,512,-95
115000126,108,282,-174
115000127,345,91,254
115000128,392,819,-427
115000129,313,303,10
115000130,386,587,-201
115000131,754,237,517
115000132,242,249,-7
115000133,389,212,177
115000134,230,172,58
115000135,159,138,21
115000136,311,197,114
115000137,103,141,-38
115000138,287,255,32
115000139,179,177,2
115000140,320,170,150
115000141,186,183,3
115000142,159,202,-43
115000143,587,589,-2
115000144,540,89,451
115000145,265,253,12
115000146,428,272,156
115000147,277,326,-49
115000148,270,751,-481
115000149,503,146,357
115000150,622,662,-40
115000151,832,524,308
115000152,517,767,-250
115000153,912,530,382
115000154,768,337,431
115000155,564,718,-154
115000156,862,661,201
115000157,591,649,-58
115000158,455,379,76
115000159,640,571,69
115000160,489,355,134
115000161,134,395,-261
115000162,645,710,-65
115000163,502,615,-113
115000164,624,513,111
115000165,336,517,-181
115000167,173,58,115
115000168,635,269,366
115000169,567,303,264
115000170,139,157,-18
115000171,338,260,78
115000172,943,529,414
115000173,317,477,-160
115000174,79,269,-190
115000175,141,72,69
115000176,76,58,18
115000177,55,57,-2
115000178,16,148,-132
115000179,13,19,-6
115000180,83,435,-352
115000181,517,102,415
115000182,823,197,626
115000183,311,629,-318
115000186,662,208,454
115000187,194,565,-371
115000188,375,411,-36
115000189,177,420,-243
115000190,561,311,250
115000191,137,485,-348
115000194,90,156,-66
115000195,249,235,14
115000196,372,89,283
115000197,553,183,370
115000198,348,151,197
115000199,333,120,213
115000200,500,108,392
115000201,203,268,-65
115000206,690,42,648
115000207,129,266,-137
115000208,384,531,-147
115000209,1023,309,714
115000210,156,129,27
115000211,186,233,-47
115000212,1309,316,993
115000224,399,49,350
115000225,61,75,-14
115000229,177,99,78
115000230,111,387,-276
115000231,296,1228,-932
115000232,1369,219,1150
115000233,112,140,-28
115000234,31,269,-238
115000241,92,206,-114
115000242,84,226,-142
115000243,36,175,-139
115000244,9,103,-94
115000246,35,19,16
115000247,36,28,8
115000248,22,32,-10
115000249,29,13,16
115000250,236,54,182
115000251,250,97,153
115000252,120,202,-82
115000253,18,464,-446
115000258,337,146,191
115000259,328,118,210
115000261,16,27,-11
115000262,7,30,-23
115000263,15,57,-42
115000264,24,47,-23
115000267,79,64,15
115000268,36,127,-91
115000269,108,70,38
115000270,7,17,-10
115000272,56,137,-81
115000273,334,25,309
115000280,2440,195,2245
115000281,551,756,-205
115000282,568,573,-5
115000284,338,166,172
115000296,1101,6,1095
115000297,147,116,31
115000298,91,460,-369
115000300,178,139,39
115000302,500,106,394
115000303,538,135,403
115000304,596,62,534
115000305,85,519,-434
115000306,169,234,-65
115000307,96,175,-79
115000308,30,30,0
115000309,19,68,-49
115000310,813,770,43
115000311,893,996,-103
115000313,103,477,-374
115000314,407,117,290
115000315,764,541,223
115000316,60,115,-55
115000317,154,388,-234
115000318,807,256,551
115000319,40,275,-235
115000320,9,248,-239
115000321,298,5,293
115000322,37,191,-154
115000449,194,168,26
115000557,2,1030,-1028
115000558,516,115,401
115000587,428,300,128
115000588,1890,2460,-570
115000589,3080,2290,790
115000590,1081,1188,-107
115000591,1620,659,961
115000592,544,1450,-906
115000593,1115,473,642
115000594,759,2023,-1264
115000609,169,194,-25
115000617,1349,2529,-1180
115000624,239,66,173
115000633,369,1685,-1316
115000634,2311,773,1538
115000635,601,145,456
115000638,590,527,63
115000641,76,113,-37
115000642,301,253,48
115000643,101,481,-380
115000644,126,399,-273
115000646,712,1706,-994
115000647,188,467,-279
115000648,1550,1523,27
115000893,2484,1320,1164
115000894,126,978,-852
115000895,393,892,-499
115000896,1258,427,831
115000897,461,140,321
115000898,593,216,377
115000899,439,997,-558
115000900,51,342,-291
115000901,63,128,-65
115000912,340,87,253
115000913,8,12,-4
115000915,13,1,12
115000916,27,7,20
115000917,0,4,-4
115000918,41,260,-219
115000919,24,9,15
115000920,16,33,-17
115000921,431,53,378
115000922,975,744,231
115000923,379,1094,-715
115000925,97,70,27
115000927,54,65,-11
115000933,248,222,26
115000934,118,135,-17
115000935,93,75,18
115000936,19,538,-519
115000937,689,96,593
115000938,192,230,-38
115000939,241,265,-24
115000940,20,16,4
115000941,13,12,1
115000942,18,91,-73
115000943,37,19,18
115000944,1,3,-2
115900001,108,25,83
115900002,122,91,31
115900003,211,121,90
115900004,0,46,-46
115900005,161,15,146
115900006,128,186,-58
115900008,47,19,28
115900009,123,211,-88
115900010,265,119,146
115900011,351,183,168
115900012,167,60,107
115900013,274,104,170
115900014,144,117,27
115900015,144,65,79
115900016,96,18,78
115900017,14,7,7
115900018,170,40,130
115900019,57,13,44
115900020,49,1,48
115900021,1038,166,872
115900022,1151,11,1140
115900023,59,7,52
115900025,50,191,-141
115900026,671,173,498
115900027,0,240,-240
115900028,552,38,514
115900029,12,279,-267
115900030,33,21,12
115900031,337,345,-8
115900032,545,624,-79
115900033,1,34,-33
115900034,40,314,-274
115900035,36,34,2
115900036,102,643,-541
115900037,36,302,-266
115900038,42,8,34
115900039,162,188,-26
115900041,487,579,-92
115900042,19,1,18
115900043,111,73,38
115900044,230,203,27
115900046,285,215,70
115900047,159,202,-43
115900049,142,191,-49
115900051,4,25,-21
115900052,12,184,-172
115900053,188,156,32
115900054,268,42,226
115900055,17,103,-86
115900056,144,198,-54
115900057,12,6,6
115900058,49,77,-28
115900060,53,72,-19
115900061,221,0,221
115900062,12,239,-227
115900063,78,5,73
115900064,134,212,-78
115900065,67,103,-36
115900066,147,111,36
115900067,7,465,-458
115900068,2406,726,1680
115900069,70,175,-105
115900070,181,151,30
115900071,0,337,-337
115900072,48,122,-74
115900073,50,87,-37
115900074,2,213,-211
115900075,12,184,-172
115900076,4,28,-24
115900077,3,239,-236
115900078,80,102,-22
115900079,167,31,136
115900080,429,167,262
115900081,12,66,-54
115900082,110,126,-16
115900084,421,19,402
115900085,36,68,-32
115900086,1157,531,626
115900088,5,65,-60
115900089,302,538,-236
115900090,338,5,333
115900091,0,28,-28
115900092,43,128,-85
115900093,7,24,-17
115900094,5,241,-236
115900096,4,5,-1
115900097,13,282,-269
115900098,117,259,-142
115900099,90,45,45
115900100,17,337,-320
115900101,100,189,-89
115900102,76,57,19
115900103,259,126,133
115900104,59,98,-39
115900105,222,450,-228
115900106,67,16,51
115900107,71,63,8
115900108,110,57,53
115900109,46,303,-257
115900110,0,14,-14
115900111,2,65,-63
115900112,34,624,-590
115900113,39,48,-9
115900114,1,92,-91
115900115,54,184,-130
115900116,68,614,-546
115900117,65,33,32
115900118,5,198,-193
115900119,120,115,5
115900120,29,168,-139
115900121,133,234,-101
115900124,481,635,-154
115900125,293,56,237
115900126,558,73,485
115900127,563,62,501
115900128,10,80,-70
115900129,625,53,572
115900130,24,210,-186
115900131,397,21,376
115900132,492,11,481
115900134,300,13,287
115900135,396,1019,-623
115900137,31,6,25
115900139,38,70,-32
115900140,204,30,174
115900141,7,74,-67
115900142,13,33,-20
115900143,185,288,-103
115900144,91,159,-68
115900146,14,97,-83
115900147,214,180,34
115900148,86,10,76
115900149,103,8,95
115900150,62,22,40
115900151,25,124,-99
115900152,122,253,-131
115900153,152,204,-52
115900154,339,316,23
115900155,0,41,-41
115900156,652,677,-25
115900157,143,364,-221
115900158,19,15,4
115900159,101,193,-92
115900160,3,10,-7
115900161,35,128,-93
115900163,151,99,52
115900164,461,32,429
115900166,218,140,78
115900168,80,120,-40
115900171,117,308,-191
115900172,67,99,-32
115900173,196,105,91
115900174,199,213,-14
115900175,128,200,-72
115900178,9,425,-416
115900179,238,11,227
115900180,55,105,-50
115900181,173,159,14
115900182,378,175,203
115900183,49,47,2
115900184,1502,8,1494
115900187,17,116,-99
115900189,1,207,-206
115900190,106,1209,-1103
115900191,25,300,-275
115900192,7,112,-105
115900193,330,116,214
115900194,630,61,569
115900195,608,1754,-1146
115900198,175,262,-87
115900199,173,203,-30
115900200,209,349,-140
115900201,429,257,172
115900202,3,44,-41
115900203,7,14,-7
115900204,0,12,-12
115900205,70,37,33
115900206,172,146,26
115900207,25,24,1
115900208,151,107,44
115900209,4,131,-127
115900210,2,133,-131
115900211,4,161,-157
115900212,154,251,-97
115900213,69,83,-14
115900214,497,200,297
115900215,24,116,-92
115900216,5,88,-83
115900217,4,36,-32
115900218,2,18,-16
115900219,126,10,116
115900220,130,16,114
115900221,76,11,65
115900222,43,46,-3
115900223,10,319,-309
115900224,657,895,-238
115900225,78,48,30
115900226,9,35,-26
115900227,9,35,-26
115900228,17,28,-11
115900229,3,30,-27
115900230,50,75,-25
115900231,109,4,105
115900232,44,6,38
115900233,77,11,66
115900234,39,18,21
115900235,27,32,-5
115900236,106,41,65
115900237,61,37,24
115900238,62,14,48
115900239,21,27,-6
115900240,8,40,-32
115900241,174,148,26
115900242,231,280,-49
115900243,7,11,-4
115900244,16,24,-8
115900245,42,6,36
115900246,23,23,0
115900247,56,16,40
115900248,8,10,-2
115900249,5,14,-9
115900250,8,24,-16
115900251,0,24,-24
115900252,0,2,-2
115900253,9,16,-7
115900254,7,15,-8
115900255,6,9,-3
115900256,24,16,8
115900257,7,17,-10
115900258,0,2,-2
115900259,5,2,3
115900260,18,1,17
115900261,9,1,8
115900262,4,0,4
115900263,13,3,10
115900264,9,2,7
115900265,13,8,5
115900266,1,9,-8
115900267,8,8,0
115900268,8,11,-3
115900269,410,359,51
115900270,344,270,74
115900271,120,0,120
115900272,24,4,20
115900273,9,15,-6
115900274,0,6,-6
115900275,1,11,-10
115900276,0,16,-16
115900277,0,62,-62
115900278,37,74,-37
115900279,17,144,-127
115900280,20,330,-310
115900281,312,214,98
115900282,6,8,-2
115900283,6,22,-16
115900284,19,9,10
116000001,9038,3833,5205
116000002,4196,8690,-4494
116000003,1350,1443,-93
116000004,2074,2789,-715
116000005,2238,2691,-453
116000006,2495,2297,198
116000007,2145,2891,-746
116000008,3051,1919,1132
116000009,1246,1913,-667
116000010,2064,1408,656
116000011,832,1436,-604
116000012,1276,971,305
116000013,6648,3181,3467
116000014,8441,8335,106
116000015,217,895,-678
116000016,4636,2679,1957
116000017,24,676,-652
116000018,639,238,401
116000019,589,278,311
116000020,510,661,-151
116000021,309,269,40
116000022,357,299,58
116000023,894,569,325
116000024,633,675,-42
116000025,709,677,32
116000026,1689,2114,-425
116000027,461,507,-46
116000028,375,611,-236
116000029,482,464,18
116000030,662,407,255
116000031,163,261,-98
116000032,341,131,210
116000033,284,360,-76
116000034,458,628,-170
116000035,328,551,-223
116000036,1446,1171,275
116000037,586,488,98
116000038,494,477,17
116000039,705,406,299
116000040,709,336,373
116000041,181,352,-171
116000042,514,202,312
116000043,89,655,-566
116000044,27,106,-79
116000045,1478,953,525
116000046,810,1202,-392
116000047,1352,1655,-303
116000048,1500,1507,-7
116000049,952,2667,-1715
116000050,1211,975,236
116000051,5108,2534,2574
116000052,4900,4202,698
116000053,1552,681,871
116000054,673,2264,-1591
116000055,619,819,-200
116000056,921,886,35
116000057,1971,1268,703
116000058,2240,1854,386
116000059,2002,3184,-1182
116000060,1701,918,783
116000061,739,803,-64
116000062,538,235,303
116000063,596,885,-289
116000066,266,556,-290
116000067,194,402,-208
116000068,206,282,-76
116000069,243,278,-35
116000078,526,927,-401
116000080,1436,744,692
116000082,14,55,-41
116000083,1476,348,1128
116000084,1776,2948,-1172
116000085,1933,1612,321
116000086,1649,1025,624
116000087,1659,1289,370
116000088,725,808,-83
116000089,153,47,106
116000090,117,187,-70
116000091,238,254,-16
116000093,517,287,230
116000094,506,530,-24
116000095,664,459,205
116000096,593,1108,-515
116000097,848,542,306
116000098,148,4460,-4312
116000099,4365,189,4176
116000100,221,24,197
116000101,841,775,66
116000102,198,1144,-946
116000103,466,230,236
116000104,161,985,-824
116000105,947,147,800
116000106,366,719,-353
116000107,1751,242,1509
116000108,230,125,105
116000111,161,33,128
116000113,136,112,24
116000114,39,138,-99
116000115,327,188,139
116000116,256,423,-167
116000117,1310,1722,-412
116000118,1373,1043,330
116000119,2806,1775,1031
116000120,2569,3011,-442
116000121,748,453,295
116000122,1073,1302,-229
116000123,824,374,450
116000124,365,602,-237
116000125,2459,621,1838
116000126,175,1122,-947
116000127,822,959,-137
116000128,1451,689,762
116000129,996,205,791
116000130,504,327,177
116000133,798,687,111
116000134,1519,1617,-98
116000135,1997,1340,657
116000136,906,1596,-690
116000137,961,612,349
116000138,747,518,229
116000139,1352,1724,-372
116000140,140,157,-17
116000141,294,563,-269
116000142,2446,2074,372
116000143,1537,1456,81
116000144,1215,1624,-409
116000145,1520,932,588
116000146,416,188,228
116000147,187,127,60
116000148,441,433,8
116000149,616,506,110
116000151,447,486,-39
116000153,112,268,-156
116000155,190,147,43
116000156,390,843,-453
116000157,78,19,59
116000158,346,215,131
116000159,11,14,-3
116000160,7,34,-27
116000161,8,50,-42
116000162,52,79,-27
116000163,23,10,13
116000164,11,23,-12
116000177,170,95,75
116000194,95,281,-186
116000195,1232,565,667
116000196,0,0,0
116000197,3,7,-4
116000198,2180,749,1431
116000200,690,418,272
116000201,523,561,-38
116000202,13,259,-246
116000203,3,92,-89
116000204,11,79,-68
116000205,1,146,-145
116000206,5,116,-111
116000207,13,46,-33
116000233,169,355,-186
116000287,104,368,-264
116000288,223,155,68
116000292,0,0,0
116000296,22,178,-156
116000297,108,18,90
116000304,119,45,74
116000305,42,63,-21
116000346,107,88,19
116000352,60,44,16
116000354,31,13,18
116000357,15,32,-17
116000358,433,43,390
116000361,311,3,308
116000372,4102,3058,1044
116000381,83,0,83
116000388,3,42,-39
116000389,804,439,365
116000445,392,447,-55
116000446,560,428,132
116000447,17,424,-407
116000448,472,168,304
116000563,655,666,-11
116000565,52,334,-282
116000568,47,228,-181
116000579,37,126,-89
116000583,110,73,37
116000584,18,14,4
116000585,28,20,8
116000586,34,65,-31
116000587,378,517,-139
116000589,84,106,-22
116000590,85,84,1
116000591,221,191,30
116000592,8,90,-82
116000593,0,22,-22
116000594,509,389,120
116000595,498,143,355
116000596,75,8,67
116000597,399,91,308
116000598,10,152,-142
116000605,576,134,442
116000606,87,256,-169
116000607,34,90,-56
116000609,147,807,-660
116000611,146,436,-290
116000612,673,1479,-806
116000613,537,253,284
116000614,361,396,-35
116000615,0,320,-320
116000616,36,49,-13
116000617,87,32,55
116000618,6,30,-24
116000619,55,61,-6
116000620,107,84,23
116000621,69,89,-20
116000622,79,105,-26
116000624,210,104,106
116000627,80,30,50
116000628,41,369,-328
116000629,38,276,-238
116000630,447,19,428
116000631,197,54,143
116000632,516,26,490
116000633,175,228,-53
116000634,292,146,146
116000635,2454,1916,538
116000636,873,1177,-304
116000637,414,85,329
116000638,148,285,-137
116000639,5,4,1
116000640,22,28,-6
116000641,12,26,-14
116000643,0,31,-31
116000644,28,449,-421
116000645,19,4,15
116900001,233,174,59
116900002,166,1,165
116900003,18,46,-28
116900004,26,41,-15
116900005,207,54,153
116900006,101,152,-51
116900007,124,127,-3
116900008,382,246,136
116900009,11,0,11
116900010,0,807,-807
116900011,62,46,16
116900012,420,143,277
116900013,1,151,-150
116900014,101,190,-89
116900016,163,1,162
116900017,0,402,-402
116900018,55,48,7
116900019,2,222,-220
116900020,785,767,18
116900023,39,7,32
116900025,800,516,284
116900026,103,463,-360
116900027,22,63,-41
116900028,1,74,-73
116900029,4,37,-33
116900031,4,1,3
116900032,7,263,-256
116900033,8,8,0
116900034,5,68,-63
116900035,172,122,50
116900036,6,80,-74
116900038,33,1,32
116900041,50,16,34
116900042,422,174,248
116900043,18,49,-31
116900047,32,146,-114
116900049,24,264,-240
116900050,107,360,-253
116900051,137,168,-31
116900052,189,77,112
116900055,1,11,-10
116900057,16,174,-158
116900058,21,256,-235
116900059,0,106,-106
116900060,186,131,55
116900062,2,20,-18
116900064,95,548,-453
116900065,48,88,-40
116900067,67,64,3
116900068,119,126,-7
116900070,1,5,-4
116900072,23,249,-226
116900073,16,74,-58
116900074,5,30,-25
116900076,4,43,-39
116900077,6,78,-72
116900078,198,70,128
116900079,53,160,-107
116900080,8,17,-9
116900081,278,971,-693
116900082,370,760,-390
116900083,36,29,7
116900084,136,64,72
116900085,21,44,-23
116900086,34,149,-115
116900088,183,56,127
116900090,104,26,78
116900091,251,21,230
116900092,106,525,-419
116900093,1408,1589,-181
116900094,2911,2886,25
116900095,159,87,72
116900096,96,109,-13
116900097,2211,2091,120
116900098,788,374,414
116900099,665,605,60
116900100,698,37,661
116900101,333,366,-33
116900103,6,0,6
116900104,72,69,3
116900105,171,109,62
116900106,1517,252,1265
116900107,2631,1992,639
116900110,13,0,13
116900111,467,507,-40
116900112,296,820,-524
116900113,1471,1287,184
116900116,158,575,-417
116900117,108,93,15
116900118,500,680,-180
116900120,283,67,216
116900121,81,17,64
116900122,637,444,193
116900123,150,494,-344
116900124,158,672,-514
116900125,174,67,107
116900126,98,449,-351
116900128,1,41,-40
116900129,2,260,-258
116900130,602,2589,-1987
116900131,38,232,-194
116900132,47,99,-52
116900133,137,111,26
116900134,214,209,5
116900136,241,152,89
116900137,201,123,78
116900138,140,157,-17
116900139,109,394,-285
116900140,144,143,1
116900141,593,442,151
116900142,14,162,-148
116900143,250,353,-103
116900144,6,67,-61
116900145,75,166,-91
116900147,569,481,88
116900148,16,107,-91
116900149,61,205,-144
116900150,5,60,-55
116900151,58,25,33
116900153,114,57,57
116900154,465,502,-37
116900155,114,92,22
116900157,408,224,184
116900158,125,227,-102
116900159,55,210,-155
116900160,693,819,-126
116900161,4365,5014,-649
116900162,8,98,-90
116900163,133,135,-2
116900164,66,72,-6
116900165,232,241,-9
116900166,40,44,-4
116900167,340,90,250
116900168,217,63,154
116900169,508,530,-22
116900170,291,521,-230
116900171,30,118,-88
116900172,192,312,-120
116900173,139,31,108
116900174,62,48,14
116900175,177,162,15
116900178,48,84,-36
116900179,93,265,-172
116900180,108,24,84
116900182,397,274,123
116900183,117,74,43
116900185,8,19,-11
116900186,74,173,-99
116900187,56,51,5
116900188,192,40,152
116900189,0,0,0
116900191,388,630,-242
116900192,217,79,138
116900194,159,1049,-890
116900195,31,24,7
116900196,12,77,-65
116900197,111,30,81
116900198,147,200,-53
116900200,71,25,46
116900201,93,16,77
116900202,99,31,68
116900203,131,13,118
116900204,52,107,-55
116900206,12,23,-11
116900207,24,40,-16
116900208,11,92,-81
116900209,44,102,-58
116900210,561,265,296
116900211,181,5,176
116900212,42,54,-12
116900213,200,80,120
116900214,168,109,59
116900215,20,55,-35
116900216,212,183,29
116900218,71,322,-251
116900219,1105,311,794
116900220,90,155,-65
116900221,110,226,-116
116900222,374,274,100
116900223,111,281,-170
116900226,48,46,2
116900227,156,78,78
116900228,288,161,127
116900230,68,474,-406
116900233,457,118,339
116900234,19,16,3
116900235,135,235,-100
116900238,1301,259,1042
116900239,9,659,-650
116900240,3942,2730,1212
116900241,76,91,-15
116900242,836,502,334
116900243,8,25,-17
116900245,17,12,5
116900246,93,18,75
116900247,580,69,511
116900248,68,34,34
116900249,280,71,209
116900250,447,40,407
116900251,357,369,-12
116900252,123,596,-473
116900254,29,70,-41
116900255,104,60,44
116900256,361,81,280
116900257,14,348,-334
116900258,4,161,-157
116900259,172,29,143
116900260,2,72,-70
116900261,53,4,49
116900262,348,113,235
116900263,1,16,-15
116900264,12,16,-4
116900265,18,0,18
116900266,180,68,112
116900267,5,3,2
116900268,171,81,90
116900269,186,460,-274
116900271,1013,161,852
116900272,352,230,122
116900273,158,75,83
116900274,97,74,23
116900275,160,98,62
116900276,412,155,257
116900277,71,4,67
116900278,6,8,-2
116900279,1,22,-21
116900280,370,53,317
116900281,4020,2995,1025
116900282,12,119,-107
116900283,27,83,-56
116900284,7,141,-134
116900285,227,163,64
116900286,174,22,152
116900287,8,30,-22
116900288,71,88,-17
116900289,18,8,10
116900290,7,23,-16
116900291,15,8,7
116900292,0,14,-14
116900293,45,45,0
116900294,18,137,-119
116900295,118,62,56
116900296,85,66,19
116900297,5,99,-94
116900298,122,65,57
116900299,25,83,-58
116900300,0,61,-61
116900301,44,120,-76
116900302,52,58,-6
116900303,258,88,170
116900304,1,161,-160
116900305,18,44,-26
116900306,154,114,40
116900307,131,0,131
116900308,2,113,-111
116900309,224,152,72
117000001,1580,1181,399
117000002,1618,3225,-1607
117000003,5083,2679,2404
117000004,3041,3795,-754
117000005,1806,1482,324
117000006,981,2524,-1543
117000007,3108,1136,1972
117000008,882,2701,-1819
117000009,4019,1600,2419
117000010,2063,3024,-961
117000011,1917,1462,455
117000012,1015,1000,15
117000013,1548,679,869
117000014,999,1698,-699
117000015,2086,1120,966
117000016,310,127,183
117000017,275,86,189
117000018,152,468,-316
117000019,67,18,49
117000020,432,988,-556
117000021,1464,502,962
117000022,342,149,193
117000023,274,205,69
117000024,205,207,-2
117000025,388,873,-485
117000026,1924,1061,863
117000027,1898,4241,-2343
117000028,3104,1660,1444
117000030,461,393,68
117000031,316,241,75
117000032,1159,911,248
117000033,879,542,337
117000034,308,265,43
117000035,344,269,75
117000036,321,269,52
117000037,222,204,18
117000038,219,446,-227
117000039,397,216,181
117000040,208,700,-492
117000041,850,134,716
117000044,17,553,-536
117000045,332,67,265
117000046,321,588,-267
117000047,775,502,273
117000048,1475,785,690
117000049,108,490,-382
117000050,108,1422,-1314
117000051,1746,100,1646
117000052,65,215,-150
117000053,507,61,446
117000054,1460,9,1451
117000055,96,2279,-2183
117000056,611,17,594
117000057,527,1784,-1257
117000060,442,986,-544
117000061,1252,715,537
117000062,280,547,-267
117000063,1500,881,619
117000064,718,685,33
117000066,760,744,16
117000067,91,447,-356
117000074,125,172,-47
117000076,80,33,47
117000077,136,180,-44
117000078,140,552,-412
117000079,461,221,240
117000080,0,239,-239
117000081,1063,112,951
117000082,23,72,-49
117000083,126,7,119
117000084,167,1,166
117000085,301,657,-356
117000086,846,361,485
117000087,103,388,-285
117000088,222,177,45
117000089,1266,222,1044
117000090,265,1002,-737
117000091,708,219,489
117000092,353,1034,-681
117000093,1024,732,292
117000094,1166,2141,-975
117000095,2989,861,2128
117000096,612,1760,-1148
117000097,1147,913,234
117000098,2136,3561,-1425
117000099,2624,1078,1546
117000100,191,289,-98
117000101,200,796,-596
117000102,1411,601,810
117000103,654,1287,-633
117000104,1114,579,535
117000105,686,1231,-545
117000106,949,658,291
117000107,457,1382,-925
117000108,1332,736,596
117000109,1233,1958,-725
117000110,1394,804,590
117000111,3105,3552,-447
117000112,2625,1432,1193
117000113,179,210,-31
117000114,231,113,118
117000115,183,111,72
117000116,145,172,-27
117000117,1307,935,372
117000118,272,136,136
117000119,168,150,18
117000120,172,506,-334
117000121,119,950,-831
117000122,327,619,-292
117000123,1389,32,1357
117000124,620,79,541
117000125,300,127,173
117000126,67,20,47
117000127,144,243,-99
117000128,468,642,-174
117000129,370,580,-210
117000130,108,1,107
117000131,2,134,-132
117000132,2303,18,2285
117000133,1207,36,1171
117000134,3,37,-34
117000135,1,54,-53
117000136,1,16,-15
117000137,90,124,-34
117000138,2,608,-606
117000140,338,1158,-820
117000141,1452,461,991
117000181,415,293,122
117000182,385,385,0
117000195,156,760,-604
117000196,235,130,105
117000225,140,33,107
117000226,12,109,-97
117000276,204,21,183
117000277,0,279,-279
117000310,1236,1794,-558
117000315,38,528,-490
117000320,83,0,83
117000906,257,14,243
117000907,10,300,-290
117000909,30,29,1
117000910,185,155,30
117000911,125,167,-42
117000915,7,441,-434
117000916,20,2,18
117000917,927,27,900
117000918,69,69,0
117000919,12,56,-44
117000920,0,919,-919
117000921,0,998,-998
117000922,43,92,-49
117000924,345,648,-303
117000926,641,105,536
117000927,1401,950,451
117000928,1,115,-114
117000929,191,267,-76
117000930,293,18,275
117000931,417,162,255
117900002,97,331,-234
117900003,637,299,338
117900005,2,55,-53
117900006,0,20,-20
117900007,159,122,37
117900008,0,14,-14
117900010,182,57,125
117900011,17,72,-55
117900012,66,73,-7
117900013,0,135,-135
117900014,442,138,304
117900015,22,90,-68
117900016,858,699,159
117900017,371,290,81
117900018,205,120,85
117900019,357,204,153
117900020,58,471,-413
117900021,43,61,-18
117900023,648,148,500
117900024,73,46,27
117900025,55,15,40
117900026,345,281,64
117900028,65,5,60
117900029,194,446,-252
117900030,510,204,306
117900031,195,81,114
117900032,880,512,368
117900033,170,405,-235
117900034,52,28,24
117900035,224,79,145
117900036,214,293,-79
117900037,123,121,2
117900038,15,271,-256
117900039,4,61,-57
117900040,112,357,-245
117900041,3,33,-30
117900042,2845,219,2626
117900043,26,43,-17
117900044,53,2331,-2278
117900045,231,120,111
117900048,307,269,38
117900049,201,322,-121
117900050,19,63,-44
117900051,24,1,23
117900052,44,311,-267
117900053,1502,555,947
117900054,1,26,-25
117900055,167,206,-39
117900056,228,54,174
117900057,1002,983,19
117900058,90,26,64
117900059,320,113,207
117900060,2187,4077,-1890
117900061,18,184,-166
117900063,259,136,123
117900065,669,1035,-366
117900066,3,61,-58
117900067,337,143,194
117900069,454,226,228
117900070,242,31,211
117900071,74,109,-35
117900073,308,217,91
117900074,134,58,76
117900075,76,88,-12
117900076,18,60,-42
117900077,395,106,289
117900078,273,716,-443
117900080,87,49,38
117900081,458,281,177
117900082,289,310,-21
117900083,230,332,-102
117900086,113,36,77
117900087,112,56,56
117900088,2906,1715,1191
117900089,1832,680,1152
117900090,381,310,71
117900091,227,155,72
117900092,75,37,38
117900093,39,76,-37
117900094,49,35,14
117900095,236,325,-89
117900096,88,222,-134
117900097,154,141,13
117900098,59,11,48
117900099,138,153,-15
117900100,197,1,196
117900101,385,1446,-1061
117900102,57,70,-13
117900103,102,2,100
117900104,15,115,-100
117900105,120,179,-59
117900106,123,75,48
117900107,43,1,42
117900109,466,292,174
117900110,125,3,122
117900111,330,21,309
117900112,49,8,41
117900113,1989,1315,674
117900114,11,0,11
117900115,260,62,198
117900116,752,705,47
117900117,433,254,179
117900118,76,2,74
117900119,151,154,-3
117900120,123,36,87
117900121,64,13,51
117900122,1047,2725,-1678
117900123,528,362,166
117900124,715,603,112
117900125,1507,1866,-359
117900126,227,435,-208
117900127,343,429,-86
117900128,350,491,-141
117900129,66,0,66
117900130,1133,309,824
117900131,0,124,-124
117900132,12,68,-56
117900133,12,97,-85
117900134,48,173,-125
117900135,21,207,-186
117900136,0,24,-24
117900137,24,214,-190
117900138,0,40,-40
117900139,105,121,-16
117900140,2443,151,2292
117900141,215,190,25
117900142,117,75,42
117900144,68,140,-72
117900145,38,38,0
117900146,200,126,74
117900147,83,49,34
117900148,2108,1241,867
117900149,144,140,4
117900150,40,31,9
117900151,32,82,-50
117900152,109,47,62
117900153,19,93,-74
117900154,286,437,-151
117900156,756,656,100
117900157,88,477,-389
117900158,210,154,56
117900160,585,690,-105
117900161,2018,1671,347
117900162,306,349,-43
117900163,57,130,-73
117900165,1,15,-14
117900166,112,470,-358
117900168,20,130,-110
117900169,1,99,-98
117900170,1,17,-16
117900171,4,9,-5
117900172,10,36,-26
117900173,97,75,22
117900174,26,62,-36
117900175,4,26,-22
117900176,11,25,-14
117900177,46,34,12
117900178,136,27,109
117900180,198,30,168
117900181,59,208,-149
117900182,0,26,-26
117900183,55,157,-102
117900184,16,44,-28
117900185,35,50,-15
117900186,48,31,17
117900187,18,10,8
117900188,164,44,120
117900189,66,35,31
117900190,24,1,23
117900191,69,0,69
117900192,218,1,217
117900193,10,49,-39
117900194,7,7,0
117900195,47,66,-19
117900196,20,35,-15
117900207,153,110,43
117900208,16,18,-2
117900209,191,155,36
117900210,131,198,-67
117900211,5,143,-138
117900212,154,103,51
117900213,22,14,8
117900214,9,27,-18
117900215,12,39,-27
117900216,24,18,6
117900217,121,332,-211
117900218,145,145,0
117900219,4,136,-132
117900220,96,100,-4
117900222,196,258,-62
117900223,127,304,-177
118000001,658,877,-219
118000002,675,1537,-862
118000003,2221,2887,-666
118000004,2872,2351,521
118000005,3862,4495,-633
118000006,4696,7972,-3276
118000007,4487,3372,1115
118000008,4378,3454,924
118000009,1458,2115,-657
118000010,4376,3262,1114
118000011,1198,1810,-612
118000012,788,1668,-880
118000013,2027,1951,76
118000014,1751,2413,-662
118000016,178,387,-209
118000017,380,281,99
118000018,326,424,-98
118000019,1985,1433,552
118000020,1190,2653,-1463
118000021,634,2524,-1890
118000022,1694,697,997
118000023,780,247,533
118000024,1231,923,308
118000027,11927,10737,1190
118000029,842,610,232
118000032,1079,3099,-2020
118000033,2496,4843,-2347
118000034,4496,2403,2093
118000035,1624,2385,-761
118000036,756,1084,-328
118000037,613,655,-42
118000038,186,69,117
118000039,61,155,-94
118000040,1291,1152,139
118000041,1939,1158,781
118000045,555,172,383
118000046,1305,547,758
118000047,903,831,72
118000048,2677,1717,960
118000051,2614,1379,1235
118000052,1559,723,836
118000053,303,412,-109
118000054,1784,1216,568
118000055,1199,1499,-300
118000056,665,327,338
118000057,264,361,-97
118000058,2296,1619,677
118000059,1518,1058,460
118000060,876,492,384
118000061,1488,1078,410
118000062,545,306,239
118000063,325,662,-337
118000064,679,963,-284
118000065,3691,1442,2249
118000066,694,1270,-576
118000067,1068,793,275
118000068,1627,3492,-1865
118000069,2850,991,1859
118000070,4382,1679,2703
118000071,2936,5574,-2638
118000072,1499,1088,411
118000073,2001,615,1386
118000074,403,539,-136
118000075,857,256,601
118000076,1447,2149,-702
118000077,1255,1174,81
118000078,1643,1994,-351
118000079,225,354,-129
118000080,880,825,55
118000081,1716,1175,541
118000082,340,1064,-724
118000083,1363,1469,-106
118000084,2810,1323,1487
118000086,253,461,-208
118000087,3916,2209,1707
118000088,1687,1482,205
118000089,3067,1835,1232
118000090,1222,2262,-1040
118000091,946,1751,-805
118000092,904,440,464
118000093,87,573,-486
118000096,459,642,-183
118000097,790,625,165
118000098,262,204,58
118000099,492,583,-91
118000101,935,367,568
118000102,343,1017,-674
118000107,1572,480,1092
118000108,634,1645,-1011
118000110,1,21,-20
118000111,0,285,-285
118000112,511,2,509
118000113,5,531,-526
118000114,346,11,335
118000115,5,6,-1
118000116,63,0,63
118000117,1233,658,575
118000118,725,850,-125
118000119,813,952,-139
118000120,1471,1078,393
118000121,113,655,-542
118000122,1258,356,902
118000123,63,288,-225
118000125,1454,727,727
118000126,665,1184,-519
118000127,1588,516,1072
118000128,694,1072,-378
118000129,798,355,443
118000130,1729,2328,-599
118000131,445,835,-390
118000132,2091,1547,544
118000133,887,381,506
118000135,483,365,118
118000136,136,406,-270
118000137,621,103,518
118000138,442,413,29
118000139,398,89,309
118000140,1937,3449,-1512
118000141,1753,1592,161
118000142,1607,1256,351
118000143,1728,945,783
118000144,974,701,273
118000145,1255,1539,-284
118000146,957,702,255
118000147,694,1322,-628
118000148,434,986,-552
118000149,850,830,20
118000150,427,280,147
118000151,428,398,30
118000153,1157,879,278
118000154,1254,1341,-87
118000155,1098,1127,-29
118000156,1527,1919,-392
118000157,424,294,130
118000158,213,409,-196
118000159,22,66,-44
118000160,427,285,142
118000161,387,559,-172
118000162,1119,680,439
118000163,801,641,160
118000164,1682,982,700
118000168,791,459,332
118000169,961,941,20
118000170,3213,4515,-1302
118000171,308,584,-276
118000172,125,284,-159
118000173,820,1002,-182
118000175,269,286,-17
118000176,252,369,-117
118000177,212,462,-250
118000178,32,39,-7
118000179,973,973,0
118000180,663,576,87
118000181,583,232,351
118000182,208,233,-25
118000183,215,260,-45
118000184,717,513,204
118000185,913,930,-17
118000186,665,933,-268
118000187,984,599,385
118000188,396,152,244
118000189,483,495,-12
118000190,7,6,1
118000191,21,16,5
118000192,212,267,-55
118000193,113,314,-201
118000194,1030,784,246
118000195,857,874,-17
118000196,284,191,93
118000197,185,135,50
118000198,411,594,-183
118000199,330,271,59
118000200,89,188,-99
118000201,382,389,-7
118000202,56,51,5
118000203,1074,564,510
118000204,132,350,-218
118000205,189,334,-145
118000206,210,167,43
118000207,0,43,-43
118000208,1170,1266,-96
118000209,1635,1442,193
118000210,51,36,15
118000211,39,39,0
118000213,1057,1285,-228
118000214,613,507,106
118000215,276,160,116
118000216,1453,1765,-312
118000217,40,114,-74
118000218,76,115,-39
118000219,366,263,103
118000220,4,46,-42
118000221,186,290,-104
118000222,52,11,41
118000223,37,40,-3
118000224,132,77,55
118000225,142,635,-493
118000226,905,213,692
118000227,738,365,373
118000228,126,193,-67
118000229,262,65,197
118000230,137,138,-1
118000231,63,169,-106
118000232,670,679,-9
118000233,960,602,358
118000234,357,183,174
118000236,338,287,51
118000237,76,261,-185
118000238,204,149,55
118000239,234,218,16
118000240,298,146,152
118000241,129,178,-49
118000242,241,481,-240
118000243,231,193,38
118000244,40,103,-63
118000246,0,12,-12
118000255,80,278,-198
118000256,153,261,-108
118000259,2,47,-45
118000260,135,77,58
118000261,40,30,10
118000263,70,118,-48
118000266,111,199,-88
118000267,1,110,-109
118000268,314,3,311
118000270,76,25,51
118000271,188,282,-94
118000272,131,35,96
118000273,98,50,48
118000274,70,200,-130
118000276,410,317,93
118000295,15,92,-77
118000298,81,200,-119
118000299,61,136,-75
118000301,0,48,-48
118000302,81,59,22
118000311,440,102,338
118000312,258,149,109
118000313,26,89,-63
118000314,85,58,27
118000315,23,33,-10
118000316,659,396,263
118000325,55,34,21
118000326,28,37,-9
118000331,14,22,-8
118000332,6,30,-24
118000333,22,45,-23
118000335,301,0,301
118000336,0,167,-167
118000407,105,58,47
118000457,12,34,-22
118000465,2755,3678,-923
118000480,28,83,-55
118000489,33,239,-206
118000490,57,254,-197
118000492,295,176,119
118000510,42,12,30
118000514,191,275,-84
118000515,692,520,172
118000517,295,231,64
118000524,235,197,38
118000525,580,621,-41
118000530,27,70,-43
118000531,309,288,21
118000532,202,253,-51
118000533,351,124,227
118000534,477,400,77
118000535,254,177,77
118000536,650,1443,-793
118000537,20,129,-109
118000538,58,67,-9
118000539,17,78,-61
118000540,232,70,162
118000541,154,70,84
118000542,91,106,-15
118000543,134,182,-48
118000546,51,16,35
118000553,0,1,-1
118000557,0,0,0
118000560,1952,1758,194
118000562,38,134,-96
118000563,1166,1049,117
118000576,210,131,79
118000577,169,156,13
118000578,208,107,101
118000579,522,1014,-492
118000583,0,0,0
118000595,214,96,118
118000596,0,71,-71
118000597,147,122,25
118000598,4,0,4
118000599,56,59,-3
118000600,1,4,-3
118000601,9,0,9
118000602,2,3,-1
118000603,0,20,-20
118000605,68,259,-191
118000606,0,0,0
118900001,519,1054,-535
118900002,593,623,-30
118900003,389,15,374
118900004,32,35,-3
118900005,80,5,75
118900006,128,8,120
118900007,15,1,14
118900008,1156,50,1106
118900009,63,48,15
118900010,63,3,60
118900011,149,24,125
118900012,308,153,155
118900013,420,121,299
118900015,168,64,104
118900016,11,13,-2
118900017,152,242,-90
118900018,697,30,667
118900019,44,17,27
118900020,175,79,96
118900021,133,280,-147
118900022,109,93,16
118900023,135,73,62
118900024,84,166,-82
118900025,56,9,47
118900026,68,58,10
118900027,422,197,225
118900028,156,115,41
118900029,241,293,-52
118900030,321,56,265
118900031,123,74,49
118900032,202,166,36
118900033,338,372,-34
118900034,197,32,165
118900035,119,144,-25
118900036,1082,573,509
118900037,368,262,106
118900038,358,108,250
118900039,365,131,234
118900040,188,155,33
118900041,416,169,247
118900042,144,76,68
118900045,302,150,152
118900046,766,384,382
118900047,454,239,215
118900048,138,167,-29
118900049,54,54,0
118900050,22,82,-60
118900051,126,135,-9
118900052,266,191,75
118900053,37,103,-66
118900054,111,45,66
118900055,70,68,2
118900056,102,336,-234
118900057,587,412,175
118900058,357,279,78
118900059,19,100,-81
118900060,213,173,40
118900062,249,176,73
118900064,574,564,10
118900065,33,99,-66
118900066,73,104,-31
118900067,3337,2764,573
118900068,4,186,-182
118900069,324,247,77
118900071,3,88,-85
118900072,370,321,49
118900073,114,99,15
118900074,143,202,-59
118900075,36,56,-20
118900076,226,113,113
118900077,211,149,62
118900078,36,7,29
118900079,57,210,-153
118900080,17,114,-97
118900081,77,48,29
118900082,584,125,459
118900083,52,10,42
118900084,11,15,-4
118900085,545,730,-185
118900086,43,89,-46
118900087,28,170,-142
118900088,1,4,-3
118900089,50,16,34
118900090,428,343,85
118900091,162,193,-31
118900092,105,54,51
118900093,139,50,89
118900096,85,103,-18
118900097,217,341,-124
118900099,65,177,-112
118900100,107,213,-106
118900101,24,156,-132
118900102,33,52,-19
118900103,30,76,-46
118900104,103,58,45
118900105,124,105,19
118900107,150,144,6
118900108,87,57,30
118900110,1120,691,429
118900111,530,427,103
118900112,46,151,-105
118900113,81,303,-222
118900114,17,67,-50
118900115,68,326,-258
118900116,123,159,-36
118900117,105,163,-58
118900118,187,312,-125
118900119,111,190,-79
118900120,100,245,-145
118900121,22,137,-115
118900122,19,689,-670
118900123,160,186,-26
118900124,70,166,-96
118900126,26,288,-262
118900129,224,195,29
118900130,84,207,-123
118900131,191,165,26
118900132,230,174,56
118900133,14,134,-120
118900135,165,187,-22
118900136,159,433,-274
118900137,6,40,-34
118900139,237,303,-66
118900140,350,445,-95
118900141,113,98,15
118900144,138,359,-221
118900145,314,122,192
118900146,254,532,-278
118900147,192,126,66
118900148,132,63,69
118900150,165,517,-352
118900152,428,663,-235
118900157,62,147,-85
118900158,74,67,7
118900159,0,178,-178
118900161,59,16,43
118900163,69,137,-68
118900164,0,161,-161
118900165,48,145,-97
118900166,23,3,20
118900167,90,96,-6
118900168,5,122,-117
118900169,99,246,-147
118900170,160,116,44
118900171,40,32,8
118900174,48,44,4
118900175,352,417,-65
118900176,104,223,-119
118900177,37,40,-3
118900178,40,172,-132
118900179,5,27,-22
118900181,106,95,11
118900182,63,32,31
118900183,50,134,-84
118900184,215,83,132
118900185,72,78,-6
118900186,101,87,14
118900187,247,221,26
118900188,264,220,44
118900189,33,609,-576
118900190,20,231,-211
118900191,135,68,67
118900192,149,12,137
118900193,408,12,396
118900195,235,471,-236
118900196,24,119,-95
118900197,81,38,43
118900198,20,12,8
118900199,64,32,32
118900200,26,11,15
118900201,27,15,12
118900202,9,42,-33
118900203,2,7,-5
118900204,15,11,4
118900205,3,6,-3
118900206,4,9,-5
119000001,1016,1537,-521
119000002,2941,2602,339
119000003,1863,940,923
119000004,1949,1022,927
119000005,1422,1529,-107
119000006,2440,1304,1136
119000007,2920,2635,285
119000008,1699,1456,243
119000009,2843,3773,-930
119000010,4810,3432,1378
119000011,3163,2497,666
119000012,2615,2771,-156
119000013,2232,1445,787
119000014,1469,2357,-888
119000019,242,132,110
119000020,1744,1189,555
119000021,3569,1833,1736
119000022,1775,1903,-128
119000023,275,197,78
119000024,1550,8119,-6569
119000025,5431,1107,4324
119000026,140,401,-261
119000027,260,338,-78
119000028,1440,731,709
119000029,101,261,-160
119000030,613,830,-217
119000031,672,585,87
119000032,1556,1982,-426
119000033,1910,1177,733
119000034,797,842,-45
119000035,24,266,-242
119000036,1458,686,772
119000037,1086,1303,-217
119000038,148,625,-477
119000039,264,244,20
119000040,634,451,183
119000041,603,970,-367
119000048,2527,2505,22
119000049,1492,1764,-272
119000050,1641,1606,35
119000051,1826,909,917
119000052,1763,2637,-874
119000053,1800,1079,721
119000054,2682,2485,197
119000055,3461,2585,876
119000056,2195,1664,531
119000057,1434,1512,-78
119000058,1612,1430,182
119000059,1071,1293,-222
119000060,1306,927,379
119000061,883,705,178
119000062,976,1157,-181
119000063,466,303,163
119000064,853,997,-144
119000065,1655,2722,-1067
119000066,1651,955,696
119000067,1485,1757,-272
119000068,1323,916,407
119000069,1320,1869,-549
119000070,2003,865,1138
119000071,565,590,-25
119000072,4070,2471,1599
119000073,3829,5540,-1711
119000074,1024,1837,-813
119000075,1888,1736,152
119000076,346,970,-624
119000077,702,465,237
119000078,358,306,52
119000079,277,563,-286
119000080,397,150,247
119000081,256,441,-185
119000082,790,202,588
119000083,525,399,126
119000084,285,451,-166
119000085,522,200,322
119000086,238,358,-120
119000087,1350,788,562
119000088,317,202,115
119000089,62,154,-92
119000090,162,138,24
119000091,117,359,-242
119000092,489,187,302
119000093,2976,2552,424
119000094,2655,4451,-1796
119000095,1460,2605,-1145
119000097,1898,1215,683
119000098,738,2168,-1430
119000099,1963,1362,601
119000100,3045,2506,539
119000101,3172,1618,1554
119000102,726,991,-265
119000103,1274,482,792
119000104,1896,962,934
119000105,947,1897,-950
119000106,350,1078,-728
119000107,696,378,318
119000108,384,693,-309
119000109,101,415,-314
119000110,336,378,-42
119000111,41,583,-542
119000112,157,105,52
119000113,1903,284,1619
119000114,871,679,192
119000115,119,126,-7
119000116,70,78,-8
119000117,135,263,-128
119000118,2,0,2
119000123,3639,2043,1596
119000124,538,168,370
119000125,3174,556,2618
119000126,1017,660,357
119000127,480,404,76
119000128,9,3,6
119000131,788,549,239
119000132,5,4,1
119000133,2,5,-3
119000134,1571,502,1069
119000135,114,184,-70
119000136,225,197,28
119000137,183,287,-104
119000138,448,250,198
119000139,271,177,94
119000140,211,335,-124
119000284,1249,2231,-982
119000285,1700,1756,-56
119000286,5743,4738,1005
119000287,1045,1838,-793
119000288,1613,1295,318
119000289,1345,2396,-1051
119000290,185,294,-109
119000291,9,233,-224
119000293,93,151,-58
119000294,36,28,8
119000295,1162,273,889
119000296,229,148,81
119000297,0,0,0
119000302,2158,1106,1052
119000303,36,132,-96
119000310,0,0,0
119000314,1284,8605,-7321
119000315,3,266,-263
119000316,146,116,30
119000317,79,262,-183
119900001,226,1079,-853
119900002,91,233,-142
119900003,56,862,-806
119900004,275,1041,-766
119900005,172,89,83
119900006,165,350,-185
119900007,969,226,743
119900008,406,38,368
119900009,566,539,27
119900010,633,897,-264
119900011,21,119,-98
119900012,28,57,-29
119900013,1742,995,747
119900014,381,172,209
119900015,110,41,69
119900016,25,69,-44
119900017,57,50,7
119900018,1410,630,780
119900019,21,6,15
119900020,144,215,-71
119900021,184,84,100
119900022,97,582,-485
119900023,425,1268,-843
119900025,209,20,189
119900026,595,144,451
119900027,28,30,-2
119900028,226,133,93
119900029,2,18,-16
119900030,531,461,70
119900031,53,330,-277
119900033,1841,249,1592
119900034,368,116,252
119900037,182,37,145
119900038,38,216,-178
119900039,29,3,26
119900040,149,28,121
119900041,114,17,97
119900042,189,130,59
119900043,67,98,-31
119900044,195,737,-542
119900046,132,46,86
119900047,258,80,178
119900048,135,38,97
119900049,147,4,143
119900050,113,104,9
119900051,893,14,879
119900052,73,36,37
119900053,149,122,27
119900054,103,10,93
119900055,1350,437,913
119900057,210,60,150
119900058,252,4,248
119900059,111,47,64
119900060,249,48,201
119900061,198,12,186
119900062,70,31,39
119900063,11,41,-30
119900065,210,22,188
119900067,102,27,75
119900068,395,3,392
119900069,131,11,120
119900070,720,42,678
119900071,574,23,551
119900073,1391,577,814
119900074,27,23,4
119900075,3823,2278,1545
119900076,608,248,360
119900077,689,841,-152
119900078,577,870,-293
119900079,506,192,314
119900080,309,261,48
119900081,508,118,390
119900082,1002,154,848
119900083,437,153,284
119900084,572,241,331
119900085,53,55,-2
119900086,472,772,-300
119900087,549,350,199
119900088,38,26,12
119900089,49,383,-334
119900090,150,58,92
119900091,45,633,-588
119900092,86,294,-208
119900093,988,216,772
119900094,48,221,-173
119900095,200,114,86
119900096,33,92,-59
119900097,481,157,324
119900098,43,27,16
119900099,27,162,-135
119900100,1468,2003,-535
119900101,130,1066,-936
119900102,45,192,-147
119900103,36,232,-196
119900104,41,151,-110
119900105,510,2046,-1536
119900106,13,132,-119
119900107,240,2108,-1868
119900108,2315,578,1737
119900109,18,142,-124
119900110,612,513,99
119900111,83,244,-161
119900112,1265,480,785
119900113,71,252,-181
119900114,286,818,-532
119900115,269,846,-577
119900116,117,475,-358
119900117,252,481,-229
119900118,119,625,-506
119900119,250,186,64
119900120,517,417,100
119900121,347,790,-443
119900122,478,334,144
119900123,182,281,-99
119900124,260,681,-421
119900125,66,228,-162
119900126,2945,303,2642
119900127,1821,830,991
119900128,458,593,-135
119900129,266,413,-147
119900130,28,200,-172
119900131,49,232,-183
119900132,5,232,-227
119900133,48,81,-33
119900134,1328,171,1157
119900135,2,342,-340
119900136,158,278,-120
119900138,326,439,-113
119900139,53,120,-67
119900140,1,110,-109
119900141,125,541,-416
119900142,1,24,-23
119900143,32,229,-197
119900144,1200,222,978
119900145,90,133,-43
119900146,133,217,-84
119900147,2,111,-109
119900148,188,58,130
119900149,854,3212,-2358
119900150,173,143,30
119900151,1270,562,708
119900152,113,274,-161
119900153,134,64,70
119900154,23,469,-446
119900155,25,52,-27
119900156,18,10,8
119900157,99,168,-69
119900158,154,64,90
119900159,6,980,-974
119900160,11,104,-93
119900161,168,176,-8
119900162,785,677,108
119900163,137,151,-14
119900164,0,12,-12
119900165,137,134,3
119900166,69,32,37
119900167,65,52,13
119900168,714,416,298
119900169,74,304,-230
119900170,222,251,-29
119900171,956,348,608
119900172,125,27,98
119900173,5,326,-321
119900174,43,205,-162
119900175,1093,672,421
119900177,22,153,-131
119900178,36,144,-108
119900179,83,495,-412
119900180,832,741,91
119900181,75,124,-49
119900182,5,263,-258
119900183,129,545,-416
119900184,1743,451,1292
119900185,65,151,-86
119900186,62,653,-591
119900187,18,307,-289
119900188,100,227,-127
119900189,414,380,34
119900190,56,319,-263
119900191,377,275,102
119900192,33,134,-101
119900193,332,156,176
119900194,18,94,-76
119900195,63,151,-88
119900196,1121,382,739
119900197,164,124,40
119900198,148,212,-64
119900199,184,22,162
119900200,580,610,-30
119900201,259,126,133
119900202,108,237,-129
119900203,155,569,-414
119900204,241,221,20
119900205,546,413,133
119900206,152,117,35
119900208,140,142,-2
119900209,565,1157,-592
119900210,44,34,10
119900211,87,17,70
119900212,213,220,-7
119900213,20,62,-42
119900214,22,95,-73
119900215,44,80,-36
119900216,20,55,-35
119900217,10,54,-44
119900218,25,71,-46
119900219,23,125,-102
119900220,6,88,-82
119900221,22,229,-207
119900222,15,143,-128
119900223,27,87,-60
119900224,13,30,-17
119900225,889,65,824
119900226,508,1544,-1036
119900227,977,264,713
119900228,407,197,210
119900229,320,377,-57
119900230,1158,461,697
119900231,192,165,27
119900232,192,103,89
119900233,46,18,28
119900234,9,53,-44
119900235,21,56,-35
119900236,65,176,-111
119900237,41,334,-293
119900238,1,54,-53
119900240,68,136,-68
119900241,167,229,-62
119900242,999,1177,-178
119900244,564,1035,-471
119900245,94,174,-80
119900246,272,484,-212
119900247,19,115,-96
119900248,86,191,-105
119900249,225,92,133
119900253,1980,353,1627
119900254,68,514,-446
119900255,57,512,-455
119900256,446,822,-376
119900257,26,5,21
119900258,102,5,97
119900259,38,142,-104
119900260,66,2,64
119900261,219,150,69
119900262,0,156,-156
119900263,856,344,512
119900264,99,137,-38
119900265,586,352,234
119900266,299,248,51
119900267,254,460,-206
119900268,247,118,129
119900269,1095,897,198
119900271,21,91,-70
119900272,391,212,179
119900275,138,38,100
119900276,56,9,47
119900277,8,11,-3
119900278,157,67,90
119900279,112,235,-123
119900280,658,141,517
119900281,1,224,-223
119900282,64,108,-44
119900283,16,184,-168
119900284,42,152,-110
119900285,9,36,-27
119900286,0,5,-5
119900288,1,20,-19
119900289,8,27,-19
119900290,4,22,-18
119900291,0,58,-58
119900292,57,76,-19
119900293,32,77,-45
119900294,28,97,-69
119900295,31,33,-2
119900296,63,181,-118
119900297,0,14,-14
119900298,12,16,-4
119900299,108,151,-43
119900300,331,139,192
119900301,29,50,-21
119900302,38,52,-14
119900303,270,225,45
119900304,151,62,89
119900305,12,80,-68
119900306,15,1,14
119900307,63,67,-4
119900308,25,21,4
119900309,34,141,-107
119900310,227,260,-33
119900311,45,107,-62
119900312,77,42,35
119900313,212,247,-35
119900314,149,334,-185
119900315,1531,1793,-262
119900318,12,30,-18
119900319,3,205,-202
119900320,201,345,-144
119900321,83,3,80
120000001,4497,11703,-7206
120000002,2627,2425,202
120000003,2943,1546,1397
120000004,2508,1796,712
120000005,3307,1842,1465
120000006,1065,1158,-93
120000007,2798,2739,59
120000008,983,1210,-227
120000009,2276,910,1366
120000010,1605,2175,-570
120000011,1008,1384,-376
120000012,1353,2081,-728
120000013,2554,2451,103
120000014,609,1277,-668
120000015,2264,1208,1056
120000016,3057,1892,1165
120000017,2565,1769,796
120000018,3239,9020,-5781
120000019,1023,1278,-255
120000020,2776,2576,200
120000021,1808,2054,-246
120000022,2640,3506,-866
120000023,1042,1593,-551
120000024,1404,2402,-998
120000025,2400,1936,464
120000026,1864,1576,288
120000027,2025,1849,176
120000028,617,1013,-396
120000029,2341,960,1381
120000030,504,796,-292
120000031,2080,5084,-3004
120000032,6490,3491,2999
120000033,3931,1718,2213
120000034,1500,1526,-26
120000035,1653,1678,-25
120000036,2416,4226,-1810
120000037,596,1428,-832
120000038,5030,3098,1932
120000039,567,738,-171
120000040,175,396,-221
120000041,1417,1214,203
120000042,2969,1953,1016
120000043,3917,1373,2544
120000044,4162,1383,2779
120000045,4947,908,4039
120000046,2610,2232,378
120000047,820,3671,-2851
120000048,6054,3766,2288
120000049,2927,2640,287
120000050,3495,3489,6
120000051,2659,3608,-949
120000052,6858,2070,4788
120000053,1177,2061,-884
120000054,1162,3191,-2029
120000055,1614,3770,-2156
120000056,3605,3071,534
120000057,3556,817,2739
120000058,3287,931,2356
120000059,17,1470,-1453
120000061,257,433,-176
120000062,219,310,-91
120000063,1263,2233,-970
120000064,207,992,-785
120000065,459,1164,-705
120000066,276,391,-115
120000067,51,364,-313
120000068,145,605,-460
120000069,518,779,-261
120000070,91,517,-426
120000071,389,102,287
120000072,684,410,274
120000073,812,90,722
120000074,169,86,83
120000075,765,261,504
120000076,1738,326,1412
120000077,1571,579,992
120000078,3118,1164,1954
120000079,379,460,-81
120000080,278,265,13
120000081,380,178,202
120000082,284,307,-23
120000083,156,792,-636
120000084,293,300,-7
120000085,237,285,-48
120000086,258,406,-148
120000087,197,447,-250
120000088,855,999,-144
120000089,1088,602,486
120000090,632,511,121
120000091,911,980,-69
120000092,1157,566,591
120000093,430,453,-23
120000094,175,684,-509
120000095,976,403,573
120000096,210,687,-477
120000098,855,918,-63
120000099,440,677,-237
120000100,667,803,-136
120000101,446,397,49
120000102,461,702,-241
120000103,1320,747,573
120000104,1603,457,1146
120000105,2504,668,1836
120000106,1907,620,1287
120000107,2882,503,2379
120000108,1133,126,1007
120000109,863,59,804
120000110,83,738,-655
120000111,257,817,-560
120000112,626,1928,-1302
120000113,619,1563,-944
120000114,861,2014,-1153
120000115,325,1610,-1285
120000116,652,1509,-857
120000117,886,1209,-323
120000118,68,26,42
120000119,22,72,-50
120000120,95,42,53
120000121,44,61,-17
120000122,252,298,-46
120000123,3574,4090,-516
120000124,414,296,118
120000125,401,456,-55
120000126,322,872,-550
120000127,2523,854,1669
120000128,2906,3577,-671
120000129,309,229,80
120000130,718,425,293
120000131,283,595,-312
120000134,356,904,-548
120000135,471,507,-36
120000137,233,1115,-882
120000138,949,373,576
120000139,316,647,-331
120000140,878,419,459
120000141,613,596,17
120000142,960,513,447
120000143,2,79,-77
120000144,88,4,84
120000145,349,1,348
120000146,1110,870,240
120000149,593,997,-404
120000150,2761,10104,-7343
120000151,408,399,9
120000152,346,174,172
120000153,167,494,-327
120000154,464,414,50
120000155,140,225,-85
120000156,749,974,-225
120000157,805,586,219
120000158,783,685,98
120000159,1801,2153,-352
120000160,2290,1395,895
120000161,1727,1876,-149
120000162,83,233,-150
120000163,637,1185,-548
120000164,536,373,163
120000165,524,723,-199
120000166,1208,431,777
120000167,84,126,-42
120000168,13,394,-381
120000169,51,1139,-1088
120000170,43,794,-751
120000171,15,338,-323
120000172,27,237,-210
120000173,2189,1240,949
120000174,479,22,457
120000175,241,27,214
120000176,302,28,274
120000177,1059,123,936
120000178,78,14,64
120000179,223,57,166
120000180,773,109,664
120000181,148,1071,-923
120000182,76,556,-480
120000183,12,501,-489
120000184,152,1115,-963
120000186,70,390,-320
120000187,54,254,-200
120000188,121,392,-271
120000190,813,55,758
120000191,666,66,600
120000192,679,36,643
120000193,232,5,227
120000195,75,1,74
120000196,212,26,186
120000197,100,78,22
120000198,136,58,78
120000199,101,0,101
120000200,103,1,102
120000201,18,27,-9
120000202,1,62,-61
120000203,32,167,-135
120000207,0,50,-50
120000208,14,169,-155
120000209,6,70,-64
120000210,58,92,-34
120000211,133,1,132
120000212,209,0,209
120000213,127,232,-105
120000214,7,235,-228
120000215,6,113,-107
120000216,59,9,50
120000217,496,917,-421
120000218,189,685,-496
120000219,4,391,-387
120000220,5,1112,-1107
120000225,1373,3,1370
120000226,294,7,287
120000227,650,44,606
120000228,8034,2637,5397
120000230,296,10,286
120000231,1095,1653,-558
120000233,235,5,230
120000235,211,535,-324
120000236,793,1,792
120000237,4,912,-908
120000238,5,639,-634
120000241,1068,2737,-1669
120000412,702,8,694
120000413,247,209,38
120000414,142,4,138
120000415,1,61,-60
120000416,157,2,155
120000417,5,51,-46
120000418,150,13,137
120000419,9,206,-197
120000420,58,15,43
120000421,8215,5056,3159
120000422,106,882,-776
120000423,2,59,-57
120000424,59,124,-65
120000436,118,454,-336
120000437,151,124,27
120000438,1952,214,1738
120000439,196,425,-229
120000443,205,1,204
120000444,1137,341,796
120000445,1358,908,450
120000446,568,198,370
120000447,197,1,196
120000449,112,12,100
120000450,6,188,-182
120000451,75,159,-84
120000452,256,3,253
120000453,0,259,-259
120000454,56,47,9
120000455,64,36,28
120000456,1901,2976,-1075
120000457,828,416,412
120000458,413,573,-160
120000459,85,65,20
120000665,812,251,561
120000668,97,775,-678
120000669,60,140,-80
120000670,171,551,-380
120000671,1670,437,1233
120000672,109,514,-405
120900001,52,97,-45
120900002,396,543,-147
120900003,150,16,134
120900004,14,68,-54
120900005,2,842,-840
120900006,398,201,197
120900007,168,69,99
120900008,281,987,-706
120900009,617,58,559
120900010,376,89,287
120900011,175,217,-42
120900012,284,829,-545
120900013,258,81,177
120900014,4,404,-400
120900015,701,112,589
120900016,587,67,520
120900017,1908,83,1825
120900018,106,291,-185
120900019,456,339,117
120900020,658,1075,-417
120900021,601,220,381
120900022,76,358,-282
120900023,289,43,246
120900024,1547,386,1161
120900025,1556,864,692
120900026,129,152,-23
120900027,728,31,697
120900028,354,115,239
120900029,134,384,-250
120900030,1052,680,372
120900031,155,100,55
120900032,968,88,880
120900033,881,76,805
120900034,36,1980,-1944
120900035,27,60,-33
120900037,172,9,163
120900038,45,274,-229
120900039,75,41,34
120900040,261,7,254
120900041,151,31,120
120900042,487,33,454
120900043,58,45,13
120900044,31,331,-300
120900045,156,84,72
120900046,369,6,363
120900047,163,98,65
120900048,147,22,125
120900049,378,2,376
120900050,1735,1202,533
120900051,354,85,269
120900052,437,11,426
120900053,236,62,174
120900054,1316,512,804
120900055,380,2,378
120900056,456,20,436
120900057,150,11,139
120900058,413,1,412
120900059,77,3,74
120900060,56,24,32
120900061,218,227,-9
120900062,247,2,245
120900063,520,11,509
120900064,488,2,486
120900065,443,4,439
120900066,233,132,101
120900067,176,55,121
120900068,228,2,226
120900069,215,61,154
120900071,23,0,23
120900072,656,9,647
120900073,456,172,284
120900074,578,16,562
120900076,295,0,295
120900077,2117,329,1788
120900078,581,642,-61
120900079,746,105,641
120900080,663,1388,-725
120900081,897,623,274
120900082,421,316,105
120900083,75,4,71
120900084,286,332,-46
120900085,67,145,-78
120900086,112,289,-177
120900087,350,353,-3
120900088,139,329,-190
120900089,2367,2078,289
120900090,234,109,125
120900091,561,811,-250
120900092,1134,428,706
120900093,1972,143,1829
120900094,414,148,266
120900095,299,13,286
120900096,38,184,-146
120900097,507,566,-59
120900098,272,157,115
120900099,56,66,-10
120900100,90,231,-141
120900101,653,248,405
120900102,37,84,-47
120900103,46,217,-171
120900104,16,55,-39
120900105,52,482,-430
120900106,1150,444,706
120900107,213,133,80
120900108,12,473,-461
120900109,66,478,-412
120900110,8,644,-636
120900111,175,309,-134
120900112,17,678,-661
120900113,28,678,-650
120900114,36,154,-118
120900115,142,255,-113
120900116,312,257,55
120900117,2,389,-387
120900118,8,561,-553
120900119,4190,3737,453
120900120,78,353,-275
120900121,124,390,-266
120900122,406,376,30
120900123,4,291,-287
120900124,2,448,-446
120900125,2,427,-425
120900126,1339,821,518
120900127,11,400,-389
120900128,1024,1111,-87
120900129,72,233,-161
120900130,2,303,-301
120900131,80,61,19
120900132,943,200,743
120900133,102,602,-500
120900134,698,341,357
120900135,8,463,-455
120900136,38,49,-11
120900137,169,64,105
120900138,44,172,-128
120900139,8,509,-501
120900140,6,65,-59
120900141,122,149,-27
120900142,21,348,-327
120900143,3,602,-599
120900144,0,97,-97
120900145,182,606,-424
120900146,1,744,-743
120900147,2,452,-450
120900148,93,116,-23
120900149,0,223,-223
120900150,78,420,-342
120900151,2,513,-511
120900152,0,33,-33
120900153,40,77,-37
120900154,0,173,-173
120900155,209,795,-586
120900156,59,322,-263
120900157,99,237,-138
120900158,73,465,-392
120900159,286,399,-113
120900160,22,579,-557
120900161,72,380,-308
120900162,76,505,-429
120900163,69,670,-601
120900164,2,25,-23
120900165,21,83,-62
120900166,86,543,-457
120900167,288,148,140
120900169,112,272,-160
120900170,858,2209,-1351
120900171,845,225,620
120900172,702,1133,-431
120900173,0,65,-65
120900174,3,97,-94
120900175,253,116,137
120900176,12,267,-255
120900177,3,888,-885
120900178,1,342,-341
120900179,733,386,347
120900180,61,114,-53
120900181,94,43,51
120900182,11,252,-241
120900183,410,59,351
120900184,275,42,233
120900185,12,276,-264
120900186,2,288,-286
120900187,420,1020,-600
120900188,160,6,154
120900189,104,1070,-966
120900190,60,10,50
120900191,15,23,-8
120900192,7223,6006,1217
120900194,44,66,-22
120900195,96,258,-162
120900196,734,54,680
120900197,579,136,443
120900198,180,370,-190
120900199,270,381,-111
120900200,63,147,-84
120900201,402,115,287
120900202,7,115,-108
120900203,42,67,-25
120900204,158,209,-51
120900205,50,40,10
120900206,15,60,-45
120900207,70,965,-895
121000001,582,1001,-419
121000002,1881,1066,815
121000003,2253,1754,499
121000004,2426,2873,-447
121000005,1623,2461,-838
121000006,3035,1623,1412
121000007,2282,2616,-334
121000008,4594,2981,1613
121000009,4556,5361,-805
121000010,7419,4951,2468
121000011,7476,10445,-2969
121000012,13618,9044,4574
121000013,4556,6288,-1732
121000014,5597,5215,382
121000015,3643,6466,-2823
121000016,3679,2845,834
121000017,1685,3287,-1602
121000018,2494,1582,912
121000019,13849,10871,2978
121000020,11890,14241,-2351
121000021,3152,2529,623
121000022,2194,2716,-522
121000023,4190,2330,1860
121000024,4093,4157,-64
121000025,544,1350,-806
121000026,413,170,243
121000027,1588,1222,366
121000028,880,506,374
121000029,882,673,209
121000030,619,367,252
121000031,615,565,50
121000032,213,106,107
121000034,439,234,205
121000035,144,146,-2
121000036,1020,769,251
121000037,526,548,-22
121000038,524,817,-293
121000039,250,352,-102
121000041,477,494,-17
121000042,368,372,-4
121000043,698,556,142
121000044,1250,861,389
121000045,393,229,164
121000046,639,768,-129
121000047,63,70,-7
121000049,1220,495,725
121000050,329,1120,-791
121000051,627,310,317
121000052,371,614,-243
121000053,474,123,351
121000054,75,398,-323
121000055,1003,1084,-81
121000056,741,988,-247
121000057,470,529,-59
121000058,403,276,127
121000059,2358,1326,1032
121000060,737,999,-262
121000061,117,382,-265
121000062,229,460,-231
121000063,899,761,138
121000064,687,876,-189
121000065,508,521,-13
121000066,759,574,185
121000067,587,495,92
121000068,643,291,352
121000069,488,550,-62
121000070,1840,1205,635
121000071,1150,1121,29
121000072,1085,660,425
121000073,851,858,-7
121000074,142,120,22
121000075,48,233,-185
121000076,825,310,515
121000077,125,144,-19
121000078,103,150,-47
121000080,1890,612,1278
121000081,2684,2531,153
121000082,112,303,-191
121000083,209,127,82
121000084,171,146,25
121000085,338,477,-139
121000086,245,653,-408
121000087,102,303,-201
121000088,423,548,-125
121000089,377,387,-10
121000090,491,390,101
121000091,1321,905,416
121000092,185,102,83
121000093,161,217,-56
121000094,562,687,-125
121000095,349,707,-358
121000096,2260,2243,17
121000097,866,1926,-1060
121000098,517,889,-372
121000099,749,733,16
121000100,808,387,421
121000101,356,264,92
121000102,247,301,-54
121000103,197,223,-26
121000104,251,150,101
121000105,443,224,219
121000106,391,349,42
121000107,1628,2738,-1110
121000109,1166,959,207
121000110,280,645,-365
121000114,2551,1916,635
121000115,875,676,199
121000116,297,809,-512
121000117,824,227,597
121000118,1310,282,1028
121000119,248,397,-149
121000120,244,401,-157
121000121,606,1156,-550
121000123,1348,692,656
121000127,124,91,33
121000128,749,373,376
121000129,624,542,82
121000130,595,747,-152
121000131,2203,1813,390
121000132,1552,1706,-154
121000135,347,428,-81
121000136,1084,995,89
121000137,442,302,140
121000138,728,1474,-746
121000139,511,517,-6
121000141,164,93,71
121000142,622,1047,-425
121000143,126,36,90
121000144,899,1570,-671
121000145,502,1110,-608
121000146,1259,949,310
121000147,852,471,381
121000148,892,1086,-194
121000149,1930,1122,808
121000152,358,421,-63
121000153,1637,557,1080
121000154,1023,467,556
121000155,1237,1028,209
121000156,407,1019,-612
121000157,937,1463,-526
121000158,450,434,16
121000159,210,377,-167
121000160,310,358,-48
121000161,171,234,-63
121000162,105,157,-52
121000165,1568,1696,-128
121000166,23,534,-511
121000168,327,241,86
121000169,88,186,-98
121000170,261,96,165
121000171,72,150,-78
121000172,589,479,110
121000173,1101,1094,7
121000174,422,409,13
121000175,886,314,572
121000176,369,327,42
121000177,813,553,260
121000178,125,45,80
121000179,132,66,66
121000181,368,357,11
121000182,98,243,-145
121000183,81,101,-20
121000184,97,99,-2
121000185,45,203,-158
121000186,209,446,-237
121000187,157,215,-58
121000188,159,260,-101
121000192,869,449,420
121000193,532,515,17
121000194,2056,2043,13
121000195,239,862,-623
121000196,637,209,428
121000197,225,645,-420
121000198,193,98,95
121000199,89,367,-278
121000200,439,79,360
121000201,6,193,-187
121000202,620,112,508
121000203,701,1742,-1041
121000204,2348,708,1640
121000205,154,187,-33
121000206,126,41,85
121000207,1897,413,1484
121000208,1,266,-265
121000209,426,247,179
121000210,606,385,221
121000211,203,122,81
121000212,430,456,-26
121000213,9048,2573,6475
121000214,729,1877,-1148
121000215,945,925,20
121000216,475,593,-118
121000217,3556,2220,1336
121000218,404,1343,-939
121000219,1207,346,861
121000220,172,63,109
121000221,116,203,-87
121000222,2018,2128,-110
121000223,542,380,162
121000224,379,234,145
121000225,929,1418,-489
121000226,2171,968,1203
121000227,8,165,-157
121000228,13,488,-475
121000229,271,287,-16
121000230,66,1342,-1276
121000231,773,21,752
121000232,433,262,171
121000233,563,313,250
121000234,41,48,-7
121000235,80,88,-8
121000236,6,50,-44
121000237,43,24,19
121000238,4,77,-73
121000239,67,8,59
121000240,9,140,-131
121000241,52,5,47
121000242,96,382,-286
121000243,683,227,456
121000244,14,77,-63
121000245,123,33,90
121000246,1,86,-85
121000247,80,11,69
121000248,1598,576,1022
121000249,90,183,-93
121000250,443,145,298
121000251,28,368,-340
121000252,68,60,8
121000253,308,366,-58
121000254,580,153,427
121000255,153,118,35
121000256,213,134,79
121000257,60,67,-7
121000258,122,50,72
121000259,78,45,33
121000260,72,78,-6
121000261,70,39,31
121000262,873,565,308
121000263,641,359,282
121000271,291,1264,-973
121000273,36,4,32
121000274,7,35,-28
121000275,6,14,-8
121000276,4,7,-3
121000278,41,27,14
121000279,12,17,-5
121000280,33,37,-4
121000289,185,16,169
121000290,1111,820,291
121000294,116,126,-10
121000297,796,977,-181
121000299,192,406,-214
121000300,780,457,323
121000302,70,910,-840
121000303,394,280,114
121000304,461,50,411
121000305,181,46,135
121000306,92,122,-30
121000308,139,293,-154
121000309,355,391,-36
121000310,89,270,-181
121000311,87,605,-518
121000312,326,226,100
121000313,254,337,-83
121000314,130,153,-23
121000315,60,123,-63
121000530,1301,1159,142
121000531,1263,1399,-136
121000532,5482,6751,-1269
121000533,2850,3168,-318
121000918,51,122,-71
121000919,52,82,-30
121000938,112,243,-131
121000939,170,229,-59
121000956,1106,946,160
121000957,4,21,-17
121000958,35,50,-15
121000959,600,621,-21
121000960,1562,1722,-160
121000961,249,180,69
121000962,341,443,-102
121000973,3,134,-131
121000976,31,200,-169
121000979,508,163,345
121000981,409,286,123
121000982,321,164,157
121000983,419,451,-32
121000984,26,66,-40
121000985,722,433,289
121000986,261,190,71
121000987,195,624,-429
121000988,700,120,580
121001302,207,91,116
121001308,0,15,-15
121001309,48,76,-28
121001313,177,223,-46
121001314,1675,2211,-536
121001315,4090,2493,1597
121001326,629,338,291
121900001,118,170,-52
121900002,44,37,7
121900003,426,16,410
121900004,102,311,-209
121900005,27,9,18
121900006,80,27,53
121900007,1671,1779,-108
121900008,654,296,358
121900009,490,17,473
121900010,232,5,227
121900011,165,246,-81
121900012,7,2,5
121900013,1169,136,1033
121900014,1072,403,669
121900015,206,213,-7
121900016,4,36,-32
121900017,889,369,520
121900018,393,5,388
121900019,470,181,289
121900020,15,2,13
121900021,971,21,950
121900022,253,258,-5
121900023,153,217,-64
121900024,334,89,245
121900025,700,362,338
121900026,296,50,246
121900027,275,95,180
121900028,197,18,179
121900029,101,221,-120
121900030,433,516,-83
121900031,861,5085,-4224
121900032,84,59,25
121900033,199,202,-3
121900034,245,73,172
121900035,2255,1888,367
121900036,79,251,-172
121900037,121,1096,-975
121900038,31,124,-93
121900039,306,55,251
121900040,90,99,-9
121900041,87,181,-94
121900042,353,140,213
121900043,3,9,-6
121900044,160,42,118
121900046,220,344,-124
121900047,165,67,98
121900048,47,106,-59
121900050,46,58,-12
121900051,148,173,-25
121900052,165,29,136
121900053,547,252,295
121900054,349,857,-508
121900055,3,16,-13
121900058,211,156,55
121900059,355,184,171
121900060,119,322,-203
121900061,164,130,34
121900062,169,81,88
121900063,1062,396,666
121900064,240,473,-233
121900066,50,23,27
121900067,57,71,-14
121900069,197,133,64
121900070,138,75,63
121900071,369,310,59
121900072,89,144,-55
121900073,327,206,121
121900074,672,859,-187
121900075,425,421,4
121900076,376,443,-67
121900077,2,4,-2
121900078,52,34,18
121900079,0,0,0
121900080,709,401,308
121900082,84,79,5
121900084,20,157,-137
121900085,2,7,-5
121900086,21,41,-20
121900087,175,139,36
121900088,1697,2384,-687
121900089,230,278,-48
121900090,44,89,-45
121900091,51,105,-54
121900092,62,75,-13
121900093,100,62,38
121900094,23,10,13
121900095,239,156,83
121900096,1075,894,181
121900097,544,318,226
121900098,1,3,-2
121900099,233,47,186
121900100,185,532,-347
121900101,142,127,15
121900102,4,162,-158
121900103,429,251,178
121900104,1294,306,988
121900105,222,156,66
121900106,4,2,2
121900107,34,30,4
121900108,3,20,-17
121900109,251,159,92
121900110,415,697,-282
121900111,605,172,433
121900112,198,165,33
121900113,60,365,-305
121900114,74,69,5
121900117,142,48,94
121900118,1532,676,856
121900119,245,78,167
121900120,59,1037,-978
121900121,405,37,368
121900122,37,83,-46
121900123,202,334,-132
121900124,181,139,42
121900125,1209,850,359
121900127,10,93,-83
121900128,79,72,7
121900129,479,165,314
121900130,114,187,-73
121900131,273,93,180
121900132,85,91,-6
121900133,99,823,-724
121900134,36,176,-140
121900135,2689,355,2334
121900136,727,276,451
121900137,51,310,-259
121900138,83,139,-56
121900139,349,529,-180
121900140,78,191,-113
121900141,59,34,25
121900142,141,135,6
121900143,20,146,-126
121900144,150,264,-114
121900145,165,200,-35
121900146,492,792,-300
121900147,74,165,-91
121900148,160,261,-101
121900149,273,559,-286
121900150,76,163,-87
121900151,72,274,-202
121900152,77,109,-32
121900153,80,676,-596
121900154,13,262,-249
121900155,4,125,-121
121900156,151,109,42
121900157,4,319,-315
121900158,71,111,-40
121900159,3,181,-178
121900160,50,207,-157
121900161,341,357,-16
121900162,146,114,32
121900163,159,595,-436
121900164,378,189,189
121900165,499,138,361
121900166,151,97,54
121900167,94,102,-8
121900168,146,258,-112
121900169,6,148,-142
121900170,6,130,-124
121900171,751,458,293
121900172,488,191,297
121900173,1086,274,812
121900174,39,57,-18
121900175,96,191,-95
121900176,523,1243,-720
121900177,170,77,93
121900178,31,29,2
121900179,354,156,198
121900180,2675,3127,-452
121900182,601,307,294
121900183,508,1316,-808
121900184,88,587,-499
121900186,10,292,-282
121900187,30,130,-100
121900188,518,339,179
121900189,30,90,-60
121900190,226,401,-175
121900191,143,192,-49
121900192,374,709,-335
121900193,38,120,-82
121900194,10,184,-174
121900195,82,88,-6
121900196,915,763,152
121900197,262,1098,-836
121900198,1207,1023,184
121900199,3,29,-26
121900200,81,257,-176
121900201,736,713,23
121900202,247,541,-294
121900203,193,840,-647
121900204,761,940,-179
121900205,22,86,-64
121900206,12,42,-30
121900207,116,30,86
121900208,136,294,-158
121900209,27,33,-6
121900210,1284,904,380
121900211,361,541,-180
121900212,146,119,27
121900213,198,61,137
121900214,16,365,-349
121900215,31,85,-54
121900216,31,169,-138
121900217,283,127,156
121900218,217,339,-122
121900220,133,13,120
121900221,292,525,-233
121900222,181,146,35
121900223,138,54,84
121900224,123,37,86
121900225,107,107,0
121900226,250,326,-76
121900227,198,498,-300
121900228,146,237,-91
121900230,147,233,-86
121900231,363,1008,-645
121900232,151,415,-264
121900233,182,211,-29
121900234,261,209,52
121900235,391,146,245
121900236,305,176,129
121900237,187,300,-113
121900238,191,240,-49
121900239,255,40,215
121900240,246,106,140
121900241,47,69,-22
121900242,9,1,8
121900243,1,0,1
121900244,20,1,19
121900245,216,66,150
121900246,1978,204,1774
121900248,1133,1124,9
121900250,226,254,-28
121900251,410,54,356
121900252,509,130,379
121900253,163,814,-651
121900254,468,288,180
121900255,362,85,277
121900258,2824,1729,1095
121900259,316,532,-216
121900260,106,136,-30
121900261,182,603,-421
121900262,407,772,-365
121900263,225,242,-17
121900264,1504,1057,447
121900265,206,207,-1
121900266,489,144,345
121900267,82,37,45
121900269,206,668,-462
121900270,30,166,-136
121900271,36,144,-108
121900273,516,1383,-867
121900274,329,183,146
121900277,430,987,-557
121900278,101,719,-618
121900279,125,217,-92
121900280,131,312,-181
121900281,282,262,20
121900284,50,4,46
121900286,90,73,17
121900287,10,10,0
121900288,6,0,6
121900290,207,316,-109
121900291,401,569,-168
121900292,173,123,50
121900293,896,2402,-1506
121900294,217,1,216
121900295,109,194,-85
121900296,42,116,-74
121900298,187,637,-450
121900299,1,24,-23
121900300,66,19,47
121900301,57,3,54
121900302,19,44,-25
121900303,275,368,-93
121900304,1,14,-13
121900305,2,5,-3
121900306,159,1,158
121900307,67,9,58
121900308,24,231,-207
121900309,15,199,-184
121900310,24,355,-331
121900311,394,16,378
121900312,313,19,294
121900313,281,6,275
121900314,2,43,-41
121900315,28,0,28
121900316,1,24,-23
121900317,10,12,-2
121900318,0,17,-17
121900319,50,93,-43
121900320,49,77,-28
121900321,7,4,3
121900322,2,18,-16
121900323,17,17,0
121900324,5,31,-26
121900325,16,0,16
121900326,5,14,-9
121900327,9,60,-51
121900328,0,34,-34
121900329,2,145,-143
121900330,0,36,-36
121900331,20,4,16
121900332,68,11,57
121900333,32,1,31
121900334,114,52,62
122000001,2072,4553,-2481
122000002,3731,1550,2181
122000003,1725,2552,-827
122000004,2560,1543,1017
122000005,2315,1821,494
122000006,1694,1014,680
122000007,1045,1757,-712
122000008,3013,4244,-1231
122000009,453,415,38
122000010,2176,2927,-751
122000011,3033,1569,1464
122000012,1299,1725,-426
122000013,1388,916,472
122000014,1551,1254,297
122000015,1406,1026,380
122000016,599,935,-336
122000017,1208,982,226
122000018,1351,1267,84
122000019,679,1043,-364
122000020,177,180,-3
122000021,248,462,-214
122000022,1145,980,165
122000023,678,1516,-838
122000024,796,1283,-487
122000025,1154,1608,-454
122000026,1038,1125,-87
122000027,561,1923,-1362
122000028,982,479,503
122000029,446,436,10
122000030,249,137,112
122000031,311,274,37
122000032,1714,1744,-30
122000033,656,1270,-614
122000034,575,594,-19
122000035,325,762,-437
122000036,472,518,-46
122000037,399,272,127
122000038,282,346,-64
122000039,655,424,231
122000040,248,281,-33
122000041,507,566,-59
122000042,321,552,-231
122000043,133,113,20
122000044,161,177,-16
122000045,1159,512,647
122000046,705,746,-41
122000047,264,255,9
122000048,3496,3688,-192
122000049,5115,3302,1813
122000050,1339,810,529
122000051,333,315,18
122000052,466,450,16
122000053,191,819,-628
122000054,2240,1734,506
122000055,2038,2996,-958
122000056,4220,3410,810
122000057,3129,3401,-272
122000058,2400,1341,1059
122000059,2743,1908,835
122000060,677,665,12
122000061,472,562,-90
122000062,912,315,597
122000063,1060,658,402
122000064,2926,2557,369
122000065,3491,2261,1230
122000066,1117,962,155
122000067,1334,1072,262
122000068,1051,863,188
122000069,586,556,30
122000070,724,1398,-674
122000071,1255,1092,163
122000072,353,451,-98
122000073,436,688,-252
122000074,2649,1526,1123
122000075,693,1103,-410
122000076,2470,1186,1284
122000077,1123,877,246
122000078,2034,2812,-778
122000079,1092,1298,-206
122000080,649,423,226
122000081,232,290,-58
122000082,727,877,-150
122000083,1214,1565,-351
122000084,1266,704,562
122000085,265,850,-585
122000086,1941,4176,-2235
122000087,349,181,168
122000088,210,379,-169
122000089,4645,1908,2737
122000090,214,388,-174
122000091,202,66,136
122000092,159,20,139
122000093,1729,1740,-11
122000094,4781,2288,2493
122000095,1980,2964,-984
122000096,1781,1420,361
122000098,2897,2070,827
122000099,1623,711,912
122000100,1111,596,515
122000101,316,630,-314
122000102,1827,1118,709
122000103,1652,1658,-6
122000104,344,160,184
122000105,579,273,306
122000106,459,625,-166
122000107,959,451,508
122000108,394,706,-312
122000109,485,294,191
122000110,483,502,-19
122000111,2628,1289,1339
122000112,902,1185,-283
122000113,671,691,-20
122000114,2487,1374,1113
122000115,1845,1178,667
122000116,467,484,-17
122000117,1446,489,957
122000118,541,1017,-476
122000119,3051,2369,682
122000120,1549,3892,-2343
122000121,1653,3008,-1355
122000122,742,1738,-996
122000123,1577,1861,-284
122000124,895,598,297
122000125,687,738,-51
122000126,577,1033,-456
122000127,866,1326,-460
122000128,476,764,-288
122000129,556,1251,-695
122000130,2816,1585,1231
122000131,1126,1249,-123
122000132,504,572,-68
122000133,826,1196,-370
122000134,895,797,98
122000135,651,886,-235
122000136,732,647,85
122000137,1434,911,523
122000139,1100,2945,-1845
122000140,791,685,106
122000141,3270,893,2377
122000142,418,724,-306
122000143,347,500,-153
122000144,1118,1257,-139
122000145,1719,738,981
122000146,2092,1146,946
122000147,844,512,332
122000148,1581,1855,-274
122000149,1941,1768,173
122000150,1100,908,192
122000151,202,329,-127
122000152,326,380,-54
122000153,391,344,47
122000154,276,301,-25
122000155,2319,2204,115
122000156,2257,2605,-348
122000157,1399,2178,-779
122000158,412,651,-239
122000159,670,1541,-871
122000160,2774,2507,267
122000161,988,1069,-81
122000162,1756,1810,-54
122000163,263,105,158
122000164,37,75,-38
122000165,790,664,126
122000166,901,980,-79
122000167,264,247,17
122000168,229,580,-351
122000169,407,189,218
122000170,371,276,95
122000171,52,73,-21
122000172,1558,1215,343
122000173,1216,2235,-1019
122000174,1979,856,1123
122000175,988,252,736
122000176,346,787,-441
122000177,1361,1421,-60
122000178,2822,2065,757
122000179,1455,2333,-878
122000180,1769,1302,467
122000181,1634,2792,-1158
122000182,1830,1407,423
122000183,1830,922,908
122000184,2907,2171,736
122000185,1551,1748,-197
122000186,524,800,-276
122000187,1481,897,584
122000188,412,208,204
122000189,301,290,11
122000190,996,985,11
122000191,923,676,247
122000192,952,341,611
122000193,301,690,-389
122000194,558,191,367
122000195,196,445,-249
122000196,967,614,353
122000197,447,669,-222
122000198,525,756,-231
122000199,355,326,29
122000200,910,572,338
122000201,1301,1514,-213
122000202,1264,1443,-179
122000203,3962,1342,2620
122000204,1408,1730,-322
122000205,1245,1378,-133
122000206,2180,908,1272
122000207,1656,1317,339
122000208,1974,1267,707
122000209,1825,340,1485
122000210,1858,1439,419
122000211,1399,1132,267
122000212,820,505,315
122000213,1021,1120,-99
122000214,2007,1591,416
122000215,1992,1521,471
122000217,1805,1399,406
122000218,719,59,660
122000219,1018,779,239
122000220,361,644,-283
122000221,51,391,-340
122000222,577,136,441
122000223,1294,531,763
122000225,721,318,403
122000226,1788,1625,163
122000227,276,2041,-1765
122000228,379,404,-25
122000229,72,425,-353
122000230,176,387,-211
122000231,1570,755,815
122000232,621,818,-197
122000233,1,100,-99
122000234,372,98,274
122000235,416,110,306
122000236,1065,118,947
122000237,109,70,39
122000238,549,291,258
122000239,1671,119,1552
122000240,1164,617,547
122000241,1540,492,1048
122000242,638,128,510
122000243,288,100,188
122000244,66,265,-199
122000245,181,261,-80
122000246,392,199,193
122000247,1384,651,733
122000248,1013,1430,-417
122000249,2840,861,1979
122000250,1930,1070,860
122000251,214,263,-49
122000252,473,196,277
122000253,145,316,-171
122000254,274,143,131
122000255,681,1465,-784
122000256,397,836,-439
122000257,205,232,-27
122000258,283,231,52
122000259,17,326,-309
122000260,10,52,-42
122000261,9,174,-165
122000262,1,57,-56
122000263,374,117,257
122000264,1185,394,791
122000265,1909,881,1028
122000266,3763,644,3119
122000267,89,125,-36
122000268,158,500,-342
122000269,713,372,341
122000270,522,156,366
122000271,255,890,-635
122000272,325,811,-486
122000273,438,348,90
122000274,243,145,98
122000275,58,145,-87
122000276,590,472,118
122000277,1227,1525,-298
122000278,1642,845,797
122000279,213,501,-288
122000280,740,596,144
122000281,670,752,-82
122000282,279,532,-253
122000283,258,166,92
122000284,246,131,115
122000285,351,113,238
122000286,59,195,-136
122000287,966,1307,-341
122000288,522,265,257
122000291,1751,650,1101
122000293,316,228,88
122000294,150,232,-82
122000295,1279,167,1112
122000296,46,504,-458
122000297,2061,2300,-239
122000299,501,304,197
122000300,467,535,-68
122000301,7925,3019,4906
122000302,475,1232,-757
122000303,2553,1059,1494
122000304,94,177,-83
122000305,974,413,561
122000306,54,528,-474
122000307,155,155,0
122000309,93,50,43
122000310,31,94,-63
122000311,228,121,107
122000312,142,190,-48
122000313,150,94,56
122000314,127,177,-50
122000315,235,60,175
122000316,642,203,439
122000317,1321,253,1068
122000318,286,613,-327
122000319,171,255,-84
122000320,377,1102,-725
122000321,89,167,-78
122000322,2040,2098,-58
122000323,1505,2048,-543
122000324,1140,1200,-60
122000325,982,1520,-538
122000326,72,97,-25
122000327,467,663,-196
122000328,826,605,221
122000330,1791,697,1094
122000332,195,173,22
122000333,15,85,-70
122000337,1012,1444,-432
122000338,384,337,47
122000340,343,456,-113
122000342,1468,871,597
122000343,390,1019,-629
122000344,55,24,31
122000345,27,22,5
122000346,326,438,-112
122000348,596,596,0
122000349,159,732,-573
122000351,133,179,-46
122000352,380,188,192
122000353,76,74,2
122000355,162,293,-131
122000356,1238,1223,15
122000357,71,23,48
122000358,0,51,-51
122000359,0,35,-35
122000360,0,31,-31
122000362,5,42,-37
122000364,163,279,-116
122000365,3,30,-27
122000366,12,6,6
122000368,514,660,-146
122000370,39,39,0
122000371,26,1,25
122000372,12,0,12
122000381,105,293,-188
122000382,103,312,-209
122000384,2579,1172,1407
122000385,51,0,51
122000386,342,924,-582
122000387,418,586,-168
122000388,1016,723,293
122000389,190,589,-399
122000390,348,211,137
122000391,310,324,-14
122000392,249,352,-103
122000393,55,112,-57
122000394,431,222,209
122000395,174,132,42
122000396,291,122,169
122000397,37,60,-23
122000398,77,35,42
122000399,183,69,114
122000400,147,467,-320
122000401,213,81,132
122000402,220,98,122
122000403,435,655,-220
122000404,147,170,-23
122000408,791,1038,-247
122000503,12,113,-101
122000524,223,136,87
122000544,64,1636,-1572
122000616,296,1,295
122000640,76,104,-28
122000641,129,253,-124
122000642,1078,769,309
122000643,43,155,-112
122000644,168,55,113
122000645,131,170,-39
122000651,1281,901,380
122000664,95,17,78
122000665,1218,560,658
122000666,736,1169,-433
122000673,19,173,-154
122000674,145,55,90
122000675,1381,713,668
122000686,635,797,-162
122000687,1399,310,1089
122000688,263,538,-275
122000689,779,388,391
122000690,1737,514,1223
122000691,927,1327,-400
122000692,1073,345,728
122000693,333,1321,-988
122000695,273,346,-73
122000696,323,230,93
122000698,341,615,-274
122000699,166,56,110
122000701,1227,280,947
122000702,420,917,-497
122000703,174,64,110
122000712,0,0,0
122000717,41,56,-15
122000718,300,733,-433
122000719,103,66,37
122000720,397,207,190
122000724,551,303,248
122900001,39,7,32
122900002,924,4132,-3208
122900003,298,42,256
122900004,972,53,919
122900005,111,31,80
122900006,450,543,-93
122900007,210,54,156
122900008,305,80,225
122900009,568,402,166
122900010,273,139,134
122900012,276,404,-128
122900014,138,208,-70
122900015,1382,786,596
122900016,88,244,-156
122900017,337,690,-353
122900018,193,19,174
122900019,9,140,-131
122900020,166,285,-119
122900021,50,365,-315
122900022,778,821,-43
122900024,179,106,73
122900025,11,359,-348
122900026,65,320,-255
122900027,45,646,-601
122900028,133,165,-32
122900029,3587,2423,1164
122900030,912,501,411
122900031,98,228,-130
122900032,109,292,-183
122900033,226,116,110
122900034,3836,4016,-180
122900035,27,15,12
122900036,77,111,-34
122900037,340,109,231
122900038,106,1992,-1886
122900039,90,490,-400
122900040,243,447,-204
122900041,278,308,-30
122900042,183,284,-101
122900043,297,213,84
122900044,137,305,-168
122900045,107,113,-6
122900046,168,227,-59
122900047,157,206,-49
122900048,59,149,-90
122900049,1331,115,1216
122900051,77,135,-58
122900052,103,148,-45
122900053,40,34,6
122900055,257,100,157
122900057,236,69,167
122900061,459,161,298
122900062,453,432,21
122900063,131,235,-104
122900064,720,305,415
122900065,344,102,242
122900066,698,496,202
122900067,1137,679,458
122900069,705,1138,-433
122900070,297,43,254
122900071,162,300,-138
122900072,0,175,-175
122900073,27,191,-164
122900074,688,435,253
122900075,1,59,-58
122900076,6,194,-188
122900077,6,111,-105
122900078,200,73,127
122900080,71,30,41
122900081,189,175,14
122900082,892,284,608
122900083,140,208,-68
122900084,6,210,-204
122900086,12,64,-52
122900087,213,458,-245
122900088,43,223,-180
122900089,26,181,-155
122900090,9,354,-345
122900091,236,1,235
122900092,1,136,-135
122900093,1,166,-165
122900094,3,205,-202
122900095,136,6,130
122900096,291,156,135
122900097,35,26,9
122900098,135,89,46
122900099,59,24,35
122900100,108,216,-108
122900101,540,263,277
122900102,15,30,-15
122900103,93,13,80
122900104,162,15,147
122900105,8,8,0
122900106,2,63,-61
122900107,11,156,-145
122900108,6,156,-150
122900109,367,150,217
123000001,1153,426,727
123000002,2993,4195,-1202
123000003,3254,3287,-33
123000004,2705,3468,-763
123000005,2009,2348,-339
123000006,2054,2139,-85
123000007,3402,2418,984
123000008,2718,2720,-2
123000009,3870,2449,1421
123000010,2774,2841,-67
123000011,2117,778,1339
123000012,721,1832,-1111
123000013,2669,843,1826
123000014,819,2905,-2086
123000015,2810,1010,1800
123000016,3349,3550,-201
123000017,2997,1514,1483
123000018,72,92,-20
123000019,284,210,74
123000020,132,85,47
123000021,82,178,-96
123000022,298,1569,-1271
123000023,1362,1441,-79
123000024,1456,630,826
123000025,289,127,162
123000026,117,92,25
123000027,273,543,-270
123000028,1492,889,603
123000029,1044,1412,-368
123000030,218,233,-15
123000031,266,169,97
123000032,319,131,188
123000033,262,99,163
123000034,976,713,263
123000035,369,316,53
123000036,205,804,-599
123000037,177,278,-101
123000038,73,195,-122
123000039,405,1178,-773
123000040,642,284,358
123000041,1141,1059,82
123000042,1184,598,586
123000043,2632,7558,-4926
123000044,4220,2225,1995
123000045,5992,2583,3409
123000046,684,1239,-555
123000047,1700,1000,700
123000048,77,640,-563
123000049,5236,7357,-2121
123000050,1235,1239,-4
123000051,104,181,-77
123000052,650,2796,-2146
123000053,2193,3003,-810
123000054,1273,1202,71
123000055,1116,1837,-721
123000056,1089,1434,-345
123000057,8516,5515,3001
123000058,584,874,-290
123000059,390,485,-95
123000060,702,355,347
123000061,182,638,-456
123000063,739,743,-4
123000064,889,257,632
123000065,3482,2257,1225
123000066,665,533,132
123000067,783,526,257
123000068,2242,2557,-315
123000069,5221,2804,2417
123000070,267,686,-419
123000071,970,843,127
123000072,1088,802,286
123000073,1015,659,356
123000074,934,980,-46
123000075,323,964,-641
123000076,873,562,311
123000077,1965,2248,-283
123000078,1499,1520,-21
123000079,1371,1607,-236
123000080,1951,1418,533
123000081,173,283,-110
123000082,288,905,-617
123000083,831,247,584
123000084,633,546,87
123000085,242,98,144
123000086,449,171,278
123000087,280,223,57
123000088,1109,588,521
123000089,454,1054,-600
123000090,950,770,180
123000091,1396,1216,180
123000092,972,1048,-76
123000094,500,212,288
123000095,506,542,-36
123000096,666,371,295
123000097,440,540,-100
123000098,715,457,258
123000099,574,587,-13
123000100,438,610,-172
123000101,505,595,-90
123000102,557,606,-49
123000104,352,399,-47
123000105,513,458,55
123000106,474,381,93
123000107,337,500,-163
123000108,704,941,-237
123000111,727,306,421
123000112,1030,543,487
123000113,477,1002,-525
123000114,348,545,-197
123000115,352,229,123
123000116,53,129,-76
123000117,1395,1425,-30
123000118,368,705,-337
123000119,246,676,-430
123000120,310,655,-345
123000121,486,631,-145
123000122,366,241,125
123000123,401,515,-114
123000124,456,487,-31
123000125,977,1066,-89
123000126,1231,3343,-2112
123000127,712,565,147
123000128,204,230,-26
123000129,598,188,410
123000130,518,78,440
123000131,771,539,232
123000132,390,545,-155
123000133,248,384,-136
123000134,299,156,143
123000135,1849,981,868
123000136,261,555,-294
123000137,144,219,-75
123000138,86,325,-239
123000139,471,95,376
123000140,95,610,-515
123000141,765,162,603
123000142,866,1014,-148
123000143,1150,1694,-544
123000144,74,13,61
123000145,351,118,233
123000146,18,99,-81
123000147,51,120,-69
123000149,290,354,-64
123000150,163,196,-33
123000151,226,381,-155
123000152,163,334,-171
123000153,465,589,-124
123000154,1310,1613,-303
123000155,1866,917,949
123000156,24,93,-69
123000157,613,727,-114
123000158,516,749,-233
123000159,2740,2251,489
123000160,745,596,149
123000161,1562,989,573
123000162,922,1429,-507
123000163,373,116,257
123000164,1198,294,904
123000165,437,1209,-772
123000166,34,123,-89
123000167,136,211,-75
123000168,276,177,99
123000169,673,130,543
123000170,89,152,-63
123000171,555,25,530
123000172,401,401,0
123000173,407,195,212
123000174,826,378,448
123000175,609,1029,-420
123000176,815,188,627
123000177,308,676,-368
123000178,683,156,527
123000179,39,430,-391
123000180,1228,311,917
123000181,281,1053,-772
123000182,182,241,-59
123000183,186,545,-359
123000184,138,413,-275
123000185,537,314,223
123000186,1,425,-424
123000187,547,5,542
123000188,222,1,221
123000189,146,129,17
123000190,81,73,8
123000192,25,377,-352
123000193,77,781,-704
123000194,474,342,132
123000195,254,61,193
123000196,336,42,294
123000197,75,126,-51
123000198,22,425,-403
123000199,8,438,-430
123000200,481,5,476
123000201,971,32,939
123000202,19,782,-763
123000203,987,66,921
123000204,72,966,-894
123000205,466,1310,-844
123000206,1969,283,1686
123000207,80,722,-642
123000208,517,228,289
123000209,1937,728,1209
123000210,435,1689,-1254
123000211,526,2004,-1478
123000212,2508,503,2005
123000213,616,123,493
123000215,69,236,-167
123000216,114,765,-651
123000217,189,25,164
123000218,66,584,-518
123000219,681,56,625
123000220,449,97,352
123000221,195,85,110
123000222,307,266,41
123000223,215,238,-23
123000224,362,398,-36
123000225,406,68,338
123000226,73,270,-197
123000227,95,256,-161
123000228,233,60,173
123000229,1008,1313,-305
123000232,130,479,-349
123000233,538,110,428
123000234,95,452,-357
123000235,855,246,609
123000236,284,597,-313
123000237,239,83,156
123000238,78,395,-317
123000239,460,1147,-687
123000240,43,333,-290
123000241,432,59,373
123000242,118,170,-52
123000243,668,754,-86
123000244,842,644,198
123000245,45,135,-90
123000249,442,480,-38
123000252,670,238,432
123000253,922,482,440
123000254,502,844,-342
123000255,973,931,42
123000256,29,180,-151
123000257,2360,1592,768
123000258,1017,691,326
123000259,355,371,-16
123000260,407,327,80
123000261,175,106,69
123000262,117,180,-63
123000263,430,123,307
123000264,269,87,182
123000265,44,172,-128
123000266,509,620,-111
123000267,468,297,171
123000268,39,83,-44
123000269,53,69,-16
123000270,49,47,2
123000271,60,75,-15
123000272,757,314,443
123000273,232,568,-336
123000274,1066,541,525
123000275,289,753,-464
123000278,2710,2092,618
123000279,132,104,28
123000280,351,342,9
123000281,239,66,173
123000282,104,267,-163
123000283,153,65,88
123000284,83,60,23
123000286,233,344,-111
123000287,485,236,249
123000288,1359,764,595
123000289,368,1037,-669
123000291,245,762,-517
123000294,243,269,-26
123000295,842,768,74
123000296,524,360,164
123000297,723,566,157
123000298,658,434,224
123000299,86,196,-110
123000300,852,775,77
123000301,123,239,-116
123000302,85,136,-51
123000303,80,162,-82
123000305,788,702,86
123000306,128,111,17
123000309,46,63,-17
123000310,45,50,-5
123000311,0,74,-74
123000312,482,567,-85
123000313,420,278,142
123000315,103,265,-162
123000316,811,235,576
123000317,156,72,84
123000318,50,154,-104
123000329,8,20,-12
123000337,957,380,577
123000338,371,58,313
123000339,187,175,12
123000340,123,327,-204
123000342,133,135,-2
123000343,29,7,22
123000344,1102,430,672
123000345,317,522,-205
123000346,367,54,313
123000352,1077,760,317
123000353,34,144,-110
123000354,205,4,201
123000355,1,240,-239
123000356,316,10,306
123000357,3,120,-117
123000359,3,99,-96
123000360,168,47,121
123000361,189,287,-98
123000362,285,110,175
123000363,51,120,-69
123000364,418,393,25
123000365,21,322,-301
123000366,324,1641,-1317
123000367,235,728,-493
123000370,49,227,-178
123000371,942,18,924
123000372,270,14,256
123000373,7,241,-234
123000374,48,133,-85
123000375,393,22,371
123000376,787,646,141
123000377,307,5,302
123000378,5,211,-206
123000379,1,163,-162
123000380,55,333,-278
123000381,146,69,77
123000382,996,70,926
123000383,179,1071,-892
123000384,409,122,287
123000385,144,447,-303
123000436,44,775,-731
123000507,126,249,-123
123000508,191,742,-551
123000517,314,39,275
123000518,22,234,-212
123000519,177,85,92
123000520,45,223,-178
123000521,310,121,189
123000522,129,316,-187
123000541,11,4,7
123000542,0,13,-13
123000565,973,45,928
123000566,260,542,-282
123000567,109,225,-116
123000573,35,561,-526
123000574,463,59,404
123000575,1107,858,249
123000576,652,1060,-408
123000577,39,529,-490
123000578,360,45,315
123000579,1926,4214,-2288
123000580,144,56,88
123000582,323,29,294
123000583,14,289,-275
123000584,126,241,-115
123000585,0,116,-116
123000586,71,1,70
123000596,90,65,25
123000597,45,121,-76
123000602,63,5,58
123000603,622,476,146
123000604,381,576,-195
123000605,826,41,785
123000606,0,347,-347
123000609,16,231,-215
123000610,184,109,75
123000613,46,206,-160
123000614,183,49,134
123000615,63,129,-66
123000616,547,51,496
123000617,98,280,-182
123000618,91,452,-361
123000619,410,75,335
123000620,19,283,-264
123000622,360,21,339
123000624,135,46,89
123000630,945,307,638
123000631,216,1072,-856
123000632,679,732,-53
123000633,0,254,-254
123000634,38,100,-62
123000635,92,98,-6
123000636,48,461,-413
123000637,167,45,122
123000638,481,34,447
123000639,804,3125,-2321
123000640,31,520,-489
123000648,328,86,242
123000649,30,425,-395
123900001,930,34,896
123900002,33,1003,-970
123900003,283,324,-41
123900005,172,134,38
123900006,253,42,211
124000001,1519,136,1383
124000002,109,1246,-1137
124000003,670,137,533
124000004,62,436,-374
124000005,866,383,483
124000006,221,876,-655
124000007,319,47,272
124000008,7,371,-364
124000009,521,194,327
124000010,159,359,-200
124000011,698,222,476
124000012,239,381,-142
124000017,154,132,22
124000018,119,73,46
124000019,120,133,-13
124000020,38,151,-113
124000021,93,97,-4
124000022,98,145,-47
124000023,1104,1247,-143
124000024,807,466,341
124000025,826,1416,-590
124000026,871,743,128
124000027,3439,4261,-822
124000028,1770,3461,-1691
124000030,2018,1099,919
124000031,1426,2589,-1163
124000032,2294,858,1436
124000033,823,517,306
124000034,704,917,-213
124000035,325,155,170
124000036,142,533,-391
124000037,356,1127,-771
124000038,49,102,-53
124000039,830,499,331
124000040,437,940,-503
124000041,386,72,314
124000042,132,340,-208
124000043,83,68,15
124000044,55,157,-102
124000045,685,521,164
124000046,286,538,-252
124000047,1213,731,482
124000048,952,969,-17
124000049,1432,555,877
124000050,718,1439,-721
124000051,898,538,360
124000052,586,778,-192
124000053,493,1315,-822
124000054,803,413,390
124000055,1174,2054,-880
124000056,1842,1171,671
124000057,927,505,422
124000058,410,962,-552
124000059,532,1013,-481
124000060,1009,568,441
124000061,1321,4809,-3488
124000062,4939,1778,3161
124000063,979,1484,-505
124000064,1747,1125,622
124000065,120,431,-311
124000066,309,92,217
124000067,142,123,19
124000068,74,124,-50
124000069,615,150,465
124000070,258,424,-166
124000071,430,85,345
124000072,210,342,-132
124000073,807,168,639
124000074,237,505,-268
124000075,257,22,235
124000076,20,137,-117
124000077,1383,798,585
124000078,2407,1423,984
124000079,389,1219,-830
124000080,629,191,438
124000081,257,466,-209
124000082,58,134,-76
124000083,80,79,1
124000084,91,399,-308
124000085,117,49,68
124000086,53,57,-4
124000087,243,73,170
124000088,153,370,-217
124000089,541,277,264
124000090,146,261,-115
124000091,313,93,220
124000092,119,512,-393
124000093,139,103,36
124000094,105,350,-245
124000095,103,98,5
124000096,103,241,-138
124000097,123,156,-33
124000098,77,118,-41
124000099,201,110,91
124000100,57,109,-52
124000101,77,108,-31
124000102,91,67,24
124000103,74,109,-35
124000104,105,41,64
124000105,88,108,-20
124000106,165,46,119
124000107,13,167,-154
124000108,51,13,38
124000109,104,99,5
124000110,214,99,115
124000111,168,137,31
124000112,496,464,32
124000113,77,146,-69
124000114,223,329,-106
124000115,353,527,-174
124000116,132,173,-41
124000117,65,90,-25
124000118,50,83,-33
124000119,776,425,351
124000120,428,412,16
124000121,1404,1317,87
124000122,564,1097,-533
124000123,791,553,238
124000124,216,711,-495
124000125,376,533,-157
124000126,179,440,-261
124000127,734,313,421
124000128,542,811,-269
124000129,1547,1239,308
124000130,654,513,141
124000131,832,484,348
124000132,937,805,132
124000133,729,606,123
124000134,770,568,202
124000135,1297,1395,-98
124000136,742,838,-96
124000137,992,674,318
124000138,1102,1167,-65
124000139,598,52,546
124000140,33,385,-352
124000141,658,40,618
124000142,48,405,-357
124000143,126,15,111
124000144,11,173,-162
124000145,94,58,36
124000146,34,72,-38
124000148,140,107,33
124000149,1319,406,913
124000150,346,566,-220
124000151,900,454,446
124000152,732,1061,-329
124000153,647,653,-6
124000154,373,491,-118
124000155,1233,911,322
124000156,1413,870,543
124000169,233,362,-129
124000170,471,349,122
124000171,279,170,109
124000172,336,437,-101
124000173,434,213,221
124000174,324,476,-152
124000175,7,77,-70
124000176,52,10,42
124000177,12,20,-8
124000178,54,37,17
124000185,0,0,0
124000186,0,0,0
124000187,0,0,0
124000188,0,0,0
124000190,166,85,81
124000191,151,196,-45
124000192,1576,323,1253
124000193,373,892,-519
124000194,438,482,-44
124000195,246,504,-258
124000196,966,850,116
124000197,31,27,4
124000198,33,39,-6
124000201,259,655,-396
124000202,534,324,210
124000203,639,400,239
124000204,778,250,528
124000205,121,335,-214
124000206,643,220,423
124000207,0,35,-35
124000209,262,277,-15
124000210,443,180,263
124000211,565,2,563
124000212,2,276,-274
124000213,402,240,162
124000214,335,350,-15
124000215,246,26,220
124000216,3,298,-295
124000329,189,1149,-960
124000338,147,502,-355
124000339,802,169,633
124000341,1310,193,1117
124000344,30,3,27
124000357,849,1699,-850
124000358,735,1191,-456
124000359,852,642,210
124000360,671,438,233
124000361,1412,726,686
124000362,1038,1370,-332
124000363,233,340,-107
124000364,470,647,-177
124000365,562,864,-302
124000366,1366,729,637
124000367,97,444,-347
124000368,489,329,160
124000369,164,107,57
124000370,93,559,-466
124000402,27,21,6
124000403,123,25,98
124000404,13,88,-75
124000405,863,697,166
124000406,1138,778,360
124000407,7,42,-35
124000411,6,248,-242
124000412,484,13,471
124000413,212,28,184
124000414,75,106,-31
124000415,64,97,-33
124000416,150,216,-66
124000417,146,95,51
124000418,196,99,97
124000419,93,113,-20
124000420,78,59,19
124000421,45,139,-94
124000422,44,20,24
124000423,119,34,85
124000424,5,112,-107
124000425,159,13,146
124000426,11,177,-166
124000427,149,10,139
124000428,17,50,-33
124000429,74,59,15
124000430,659,492,167
124000431,391,511,-120
124000432,209,627,-418
124000439,9,8,1
124000443,0,5,-5
124000445,524,976,-452
124000446,1268,257,1011
124000447,46,119,-73
124000448,0,0,0
124000449,37,7,30
124000450,18,78,-60
124000451,16,66,-50
124900001,508,313,195
124900002,123,298,-175
124900003,1039,542,497
124900004,543,257,286
124900005,203,117,86
124900006,622,299,323
124900008,998,553,445
124900009,161,309,-148
124900010,191,107,84
124900011,463,250,213
124900012,406,110,296
124900013,555,149,406
124900014,331,51,280
124900015,131,317,-186
124900016,62,71,-9
124900017,376,1114,-738
124900018,58,7,51
124900020,51,57,-6
124900021,252,43,209
124900022,56,8,48
124900024,242,8,234
124900026,99,22,77
124900027,107,385,-278
124900028,317,60,257
124900029,25,408,-383
124900030,16,78,-62
124900031,27,183,-156
124900032,140,221,-81
124900033,90,235,-145
124900034,6,77,-71
124900035,152,346,-194
124900036,1,53,-52
124900037,194,212,-18
124900038,209,260,-51
124900039,3,61,-58
124900040,177,74,103
124900041,223,777,-554
124900042,73,3,70
124900043,465,774,-309
124900044,83,4,79
124900045,483,961,-478
124900047,134,171,-37
124900048,164,101,63
124900050,128,193,-65
124900052,89,310,-221
124900053,187,263,-76
124900054,1188,404,784
124900055,2,150,-148
124900057,6,48,-42
124900060,57,220,-163
124900061,89,9,80
124900062,198,30,168
124900066,0,17,-17
124900067,8,105,-97
124900068,241,429,-188
124900070,95,23,72
124900072,88,19,69
124900075,191,167,24
124900076,28,977,-949
124900077,22,78,-56
124900078,129,14,115
124900079,428,194,234
124900080,292,559,-267
124900081,988,288,700
124900082,303,625,-322
124900083,235,404,-169
124900085,735,483,252
124900086,54,1248,-1194
124900087,610,131,479
124900088,520,103,417
124900089,1103,32,1071
124900090,277,203,74
124900091,275,299,-24
124900092,202,194,8
124900093,244,137,107
124900094,312,196,116
124900095,106,359,-253
124900096,380,210,170
124900097,305,49,256
124900098,120,297,-177
124900099,438,388,50
124900100,273,61,212
124900101,87,380,-293
124900102,208,18,190
124900103,130,177,-47
124900104,84,117,-33
124900105,118,98,20
124900106,311,32,279
124900107,74,12,62
124900108,152,60,92
124900111,1,95,-94
124900112,47,396,-349
124900113,87,348,-261
124900114,146,166,-20
124900115,120,28,92
124900116,189,147,42
124900117,377,130,247
124900118,142,291,-149
124900119,369,167,202
124900120,42,324,-282
124900121,88,376,-288
124900122,237,156,81
124900123,253,149,104
124900124,122,315,-193
204000001,76,5,71
204000002,20,9,11
204000003,26,2,24
204000004,2,0,2
204000005,577,491,86
204000006,1126,1091,35
204000012,62,105,-43
204000019,598,437,161
204000020,575,563,12
204000021,1327,667,660
204000022,573,374,199
204000023,551,530,21
204000031,103,7,96
204000032,243,18,225
204000034,34,124,-90
204000035,0,0,0
204000036,3,14,-11
204000037,2,29,-27
204000038,1,21,-20
204000039,2,29,-27
204000040,5,16,-11
204000041,2,23,-21
204000042,46,17,29
204000043,32,8,24
204000044,17,18,-1
204000045,38,5,33
204000046,10,1,9
204000057,2,16,-14
204000062,38,58,-20
204000068,27,223,-196
204000069,54,300,-246
204000070,109,64,45
204000080,50,72,-22
204000085,1719,1362,357
204000086,2086,1517,569
204000087,29,8,21
204000088,1,59,-58
204000090,58,233,-175
204000093,284,86,198
204000096,754,940,-186
204000097,319,23,296
204000099,922,1276,-354
204000100,1157,1606,-449
204000105,1875,1121,754
204000110,458,884,-426
204000111,458,516,-58
204000112,962,715,247
204000113,505,785,-280
204000114,653,631,22
204000115,569,319,250
204000116,1511,642,869
204000119,1687,2300,-613
204000132,672,378,294
204000133,731,180,551
204000134,285,91,194
204000135,913,82,831
204000136,764,205,559
204000138,355,655,-300
204000140,188,143,45
204000141,167,78,89
204000144,12,25,-13
204000145,439,27,412
204000146,24,297,-273
204000147,35,152,-117
204000148,238,33,205
204000154,7,3,4
204000155,1,1,0
204000177,105,44,61
204000179,33,4,29
204000180,0,31,-31
204000222,1,6,-5
204000235,27,9,18
204000236,64,245,-181
204000238,18,28,-10
204000240,325,49,276
204000263,628,831,-203
204000268,992,641,351
204000308,171,27,144
204000317,17,80,-63
204000322,4,40,-36
204000323,11,5,6
204000328,244,77,167
204000329,85,189,-104
204000330,174,64,110
204000331,109,89,20
205000001,819,1452,-633
205000013,2,52,-50
205000014,12,68,-56
205000015,35,145,-110
205000016,34,149,-115
205000017,15,62,-47
205000022,285,685,-400
205000025,1152,1007,145
205000029,160,6,154
205000045,105,473,-368
205000046,167,606,-439
205000047,65,464,-399
205000048,374,926,-552
205000049,182,721,-539
205000050,743,269,474
205000059,0,144,-144
205000060,0,68,-68
205000061,3,60,-57
205000062,3,81,-78
205000063,14,83,-69
205000064,11,66,-55
205000065,46,409,-363
205000066,82,638,-556
205000067,28,668,-640
205000069,205,14,191
205000082,122,117,5
205000110,77,226,-149
205000111,237,197,40
205000112,134,145,-11
205000113,166,287,-121
205000121,248,33,215
205000123,25,227,-202
205000126,385,76,309
205000127,626,113,513
205000128,344,48,296
205000129,503,56,447
205000130,212,26,186
205000131,174,9,165
205000132,126,2,124
205000133,80,0,80
205000134,255,1,254
205000137,46,130,-84
205000138,96,227,-131
205000139,24,109,-85
205000144,79,65,14
205000145,273,137,136
205000151,122,24,98
205000152,189,17,172
205000153,187,19,168
205000154,60,33,27
205000155,90,5,85
205000207,13,152,-139
205000233,46,18,28
205000234,0,1,-1
205000243,0,0,0
205000244,0,2,-2
205000245,13,150,-137
205000249,0,8,-8
205000250,2,3,-1
205000264,3,70,-67
206000027,6,2,4
206000028,7,2,5
206000043,6,36,-30
206000053,8,7,1
206000054,2,19,-17
206000055,1,15,-14
206000075,5,22,-17
206000076,14,26,-12
206000077,13,7,6
206000078,21,14,7
206000079,15,9,6
206000082,325,46,279
206000100,27,370,-343
206000103,0,0,0
206000104,23,43,-20
206000105,0,0,0
206000106,2,20,-18
206000125,53,0,53
206000157,23,212,-189
206000170,1,114,-113
206000171,3,190,-187
206000172,5,313,-308
206000173,4,143,-139
206000174,5,83,-78
206000175,7,100,-93
206000176,15,109,-94
206000177,2,118,-116
206000178,1,139,-138
206000179,7,96,-89
206000180,5,110,-105
206000181,3,67,-64
206000182,8,77,-69
206000183,15,381,-366
206000184,1,223,-222
206000185,3,83,-80
206000186,58,636,-578
206000223,4,158,-154
206000226,10,0,10
206000227,25,3,22
206000237,51,292,-241
206000238,25,318,-293
206000239,147,1341,-1194
206000240,35,127,-92
206000241,0,61,-61
206000242,7,174,-167
206000243,7,124,-117
206000244,55,421,-366
206000245,558,64,494
206000246,168,27,141
206000247,179,7,172
206000248,307,21,286
206000252,50,28,22
206000258,28,84,-56
206000315,25,9,16
206000317,416,84,332
206000318,379,45,334
206000319,983,98,885
206000320,152,34,118
206000321,159,9,150
206000322,347,15,332
206000323,115,11,104
206000324,107,4,103
206000325,121,8,113
206000326,115,14,101
206000327,186,11,175
206000328,161,2,159
206000329,210,8,202
206000330,54,11,43
206000331,118,7,111
206000332,40,2,38
206000333,438,3,435
206000334,270,0,270
206000335,1,29,-28
206000361,24,318,-294
206000392,2,11,-9
206000405,107,2,105
206000441,20,17,3
206000498,17,3,14
206000515,70,28,42
206000530,221,32,189
206000531,164,144,20
206000532,1321,198,1123
206000535,188,1301,-1113
206000536,14,156,-142
206000537,31,125,-94
206000613,1175,157,1018
206000784,428,25,403
207000001,137,572,-435
207000002,136,294,-158
207000003,176,150,26
207000007,782,230,552
207000008,90,6,84
207000009,53,43,10
207000010,313,330,-17
207000012,275,180,95
207000015,256,971,-715
207000019,258,98,160
207000021,500,137,363
207000022,187,119,68
207000023,255,40,215
207000024,4,13,-9
207000025,24,72,-48
207000026,98,61,37
207000027,15,69,-54
207000028,73,175,-102
207000029,202,340,-138
207000033,144,391,-247
207000034,235,77,158
207000039,322,113,209
207000040,325,91,234
207000041,72,33,39
207000042,156,55,101
207000043,211,194,17
207000051,128,194,-66
207000052,14,101,-87
207000053,434,460,-26
207000054,50,91,-41
207000055,211,123,88
207000056,362,261,101
207000057,129,274,-145
207000058,211,235,-24
207000059,97,375,-278
207000060,66,132,-66
207000061,228,377,-149
207000062,267,48,219
207000063,322,120,202
207000064,381,124,257
207000065,344,211,133
207000066,163,137,26
207000067,35,99,-64
207000068,103,85,18
207000069,638,312,326
207000082,14,199,-185
207000083,49,179,-130
207000084,228,233,-5
207000085,183,22,161
207000086,172,7,165
207000106,36,30,6
207000107,58,21,37
207000108,68,13,55
207000109,49,9,40
207000110,47,73,-26
207000111,66,73,-7
207000112,158,642,-484
207000114,16,44,-28
207000115,14,61,-47
207000116,27,302,-275
207000117,11,81,-70
207000118,6,56,-50
207000119,44,70,-26
207000123,125,21,104
207000124,79,21,58
207000125,45,41,4
207000126,96,57,39
207000134,64,115,-51
207000135,19,180,-161
207000148,58,255,-197
207000149,57,39,18
207000152,139,340,-201
207000153,776,1120,-344
207000154,368,148,220
207000159,95,134,-39
207000160,137,286,-149
207000238,1,202,-201
207000242,3,161,-158
207000248,55,30,25
207000249,99,36,63
207000250,557,48,509
207000251,94,57,37
207000252,98,52,46
207000278,83,66,17
207000279,18,115,-97
207000280,535,80,455
207000281,101,592,-491
207000282,169,128,41
207000283,136,195,-59
207000284,84,144,-60
207000285,102,77,25
207000291,39,83,-44
207000304,96,59,37
207000306,56,308,-252
207000310,65,89,-24
207000353,290,5,285
207000356,12,16,-4
207000357,4,11,-7
207000358,13,15,-2
207000415,6,169,-163
207000417,33,6,27
207000418,156,115,41
207000438,0,1,-1
207000439,765,705,60
207000446,158,13,145
207000460,24,7,17
207000466,206,132,74
207000467,225,76,149
207000468,44,210,-166
207000476,21,49,-28
207000477,578,72,506
207000478,2,28,-26
207000523,0,21,-21
207000524,78,3,75
207000527,161,184,-23
207000530,385,15,370
207000531,283,7,276
207000532,81,16,65
207000534,385,57,328
207000535,41,321,-280
207000537,62,117,-55
207000540,2,143,-141
207000541,4,280,-276
207000548,16,236,-220
207000549,431,17,414
207000561,161,148,13
207000562,57,167,-110
207000567,185,200,-15
207000568,169,68,101
207000569,323,442,-119
207000584,265,152,113
207000585,57,322,-265
207000587,118,28,90
207000616,0,101,-101
207000617,152,0,152
207000624,50,48,2
207000631,11,64,-53
207900008,223,93,130
208000001,549,880,-331
208000002,565,359,206
208000003,1104,346,758
208000004,1101,587,514
208000005,6,14,-8
208000019,510,824,-314
208000020,150,412,-262
208000021,215,238,-23
208000022,1036,399,637
208000028,1045,887,158
208000033,629,461,168
208000034,914,1061,-147
208000037,227,15,212
208000040,164,139,25
208000041,721,448,273
208000042,1195,547,648
208000047,129,164,-35
208000064,2061,1363,698
208000066,1452,1947,-495
208000070,279,370,-91
208000071,341,626,-285
208000072,336,930,-594
208000080,346,270,76
208000081,379,136,243
208000082,251,220,31
208000083,116,389,-273
208000084,25,20,5
208000085,856,579,277
208000086,394,892,-498
208000087,256,580,-324
208000089,1027,267,760
208000090,963,487,476
208000093,107,119,-12
208000094,586,297,289
208000095,528,386,142
208000104,759,774,-15
208000105,533,915,-382
208000114,111,292,-181
208000115,396,353,43
208000116,432,978,-546
208000117,83,138,-55
208000118,86,143,-57
208000155,575,953,-378
208000158,1258,3232,-1974
208000186,2990,3738,-748
208000204,615,873,-258
208000205,1092,813,279
208000282,4617,2757,1860
209000004,286,155,131
209000005,39,27,12
209000006,315,144,171
209000007,216,265,-49
209000010,361,104,257
209000011,143,205,-62
209000012,127,110,17
209000013,159,230,-71
209000014,392,708,-316
209000025,305,27,278
209000026,583,113,470
209000027,321,538,-217
209000028,282,469,-187
209000029,444,549,-105
209000030,330,850,-520
209000031,1787,1481,306
209000034,169,231,-62
209000035,155,173,-18
209000036,204,110,94
209000037,302,224,78
209000038,137,195,-58
209000039,61,151,-90
209000040,205,462,-257
209000041,153,393,-240
209000042,189,345,-156
209000043,596,787,-191
209000044,173,684,-511
209000045,1178,440,738
209000046,454,654,-200
209000047,393,203,190
209000048,533,288,245
209000049,113,84,29
209000050,172,143,29
209000051,296,264,32
209000052,177,218,-41
209000062,36,66,-30
209000063,50,52,-2
209000064,40,74,-34
209000065,79,20,59
209000066,44,31,13
209000067,71,39,32
209000080,17,157,-140
209000082,59,38,21
209000091,36,85,-49
209000093,49,22,27
209000094,174,182,-8
209000110,39,140,-101
209000111,403,1030,-627
209000112,700,487,213
209000113,1293,475,818
209000114,483,417,66
209000115,65,100,-35
209000116,511,326,185
209000118,11,52,-41
209000119,28,11,17
209000121,117,331,-214
209000135,68,198,-130
209000142,562,1035,-473
209000143,69,42,27
209000144,49,115,-66
209000229,256,285,-29
209000240,30,193,-163
209000259,89,98,-9
209000260,40,690,-650
209000261,6,368,-362
209000262,1,241,-240
209000263,0,146,-146
209000264,0,60,-60
209000265,822,3,819
209000266,293,3,290
209000267,949,10,939
209000268,537,52,485
210000037,81,20,61
210000047,74,10,64
210000048,73,22,51
210000049,58,5,53
210000052,49,65,-16
210000053,26,35,-9
210000054,65,54,11
210000070,96,2,94
210000071,68,0,68
210000072,9,0,9
210000073,0,28,-28
210000074,0,94,-94
210000075,5,93,-88
210000076,8,144,-136
210000077,12,57,-45
210000078,34,45,-11
210000079,24,19,5
210000080,83,59,24
210000081,171,26,145
210000082,154,1,153
210000083,50,3,47
210000084,22,0,22
210000085,1,33,-32
210000086,3,50,-47
210000099,36,166,-130
210000100,65,152,-87
210000101,65,148,-83
210000105,57,201,-144
210000159,1,145,-144
210000163,115,185,-70
210000164,236,214,22
210000168,93,36,57
210000187,0,23,-23
210000188,0,17,-17
210000214,12,0,12
210000219,34,44,-10
210000220,65,47,18
210000232,6,11,-5
210000233,43,73,-30
210000234,14,104,-90
210000235,79,72,7
210000245,2,72,-70
210000246,22,5,17
210000258,3,74,-71
210000259,354,46,308
210000282,74,164,-90
210000285,2,120,-118
210000286,10,105,-95
210000290,8,9,-1
210000295,40,121,-81
210000296,37,30,7
210000320,178,58,120
210000321,124,47,77
210000338,96,46,50
210000339,270,1007,-737
210000340,112,291,-179
210000341,171,268,-97
210000342,157,154,3
210000343,168,147,21
210000344,171,98,73
210000345,145,224,-79
210000346,73,93,-20
210000347,97,35,62
210000348,135,31,104
210000349,56,17,39
210000350,149,59,90
210000351,157,106,51
210000352,73,61,12
210000353,52,91,-39
210000354,74,63,11
210000355,42,61,-19
210000356,41,26,15
210000357,53,45,8
210000358,219,97,122
210000359,78,82,-4
210000360,152,108,44
210000361,187,116,71
210000362,280,198,82
210000363,695,275,420
210000364,85,116,-31
210000365,91,52,39
210000366,120,59,61
210000367,78,34,44
210000368,130,19,111
210000369,31,19,12
210000370,33,48,-15
210000372,34,20,14
210000373,29,11,18
210000374,56,24,32
210000375,32,62,-30
210000376,63,98,-35
210000404,47,94,-47
210000439,34,27,7
210000472,96,7,89
210000482,72,85,-13
210000564,292,234,58
210000567,0,32,-32
210000568,282,3,279
211000092,48,62,-14
211000094,10,9,1
211000169,199,16,183
211000172,14,273,-259
211000209,3,14,-11
211000226,8,26,-18
211000270,19,15,4
211000275,14,28,-14
211000276,80,20,60
211000279,14,21,-7
211000281,56,37,19
211000302,24,79,-55
211507980,3,33,-30
211977296,43,6,37
212000003,105,50,55
212000004,22,28,-6
212000005,14,23,-9
212000006,45,39,6
212000008,149,122,27
212000009,34,92,-58
212000012,84,76,8
212000013,24,40,-16
212000014,258,165,93
212000015,307,211,96
212000016,423,517,-94
212000027,476,464,12
212000028,314,424,-110
212000029,208,229,-21
212000030,51,21,30
212000031,78,53,25
212000048,29,111,-82
212000049,23,105,-82
212000050,12,11,1
212000051,170,167,3
212000052,214,210,4
212000053,404,465,-61
212000054,219,113,106
212000055,191,173,18
212000056,24,31,-7
212000057,20,26,-6
212000058,246,36,210
212000070,120,162,-42
212000077,123,516,-393
212000099,199,249,-50
212000108,118,147,-29
212000111,192,116,76
212000120,133,59,74
212000138,153,30,123
212000156,10,83,-73
212000158,12,16,-4
212000159,417,51,366
212000160,493,281,212
212000161,75,4,71
212000310,38,20,18
212000311,14,47,-33
212000374,44,13,31
213000001,27,346,-319
213000005,297,117,180
213000006,961,316,645
213000007,153,4,149
213000009,715,480,235
213000010,175,310,-135
213000011,229,98,131
213000012,142,216,-74
213000014,89,10,79
213000015,278,6,272
213000016,497,2,495
213000017,96,0,96
213000018,2,129,-127
213000019,0,155,-155
213000020,95,291,-196
213000021,1,127,-126
213000023,264,151,113
213000033,296,1355,-1059
213000034,681,255,426
213000035,127,219,-92
213000045,180,209,-29
213000046,183,124,59
213000047,629,1200,-571
213000056,126,42,84
213000069,92,7,85
213000073,0,41,-41
213000074,40,305,-265
213000075,420,15,405
213000076,37,5,32
213000085,7,53,-46
213000086,14,141,-127
213000091,192,13,179
213000092,103,9,94
213000099,158,1034,-876
213000100,1080,263,817
213000101,325,94,231
213000102,372,181,191
213000103,729,656,73
213000104,42,306,-264
213000105,4,152,-148
213000106,30,76,-46
213000107,114,428,-314
213000108,30,407,-377
213000109,4,198,-194
213000110,28,78,-50
213000111,15,65,-50
213000112,182,113,69
213000115,64,6,58
213000116,48,293,-245
213000117,15,433,-418
213000118,319,213,106
213000119,46,472,-426
213000120,161,386,-225
213000122,132,441,-309
213000123,344,891,-547
213000124,95,894,-799
213000125,95,23,72
213000126,62,99,-37
213000127,124,174,-50
213000128,530,966,-436
213000129,265,528,-263
213000130,532,249,283
213000132,320,89,231
213000133,462,98,364
213000134,643,27,616
213000136,414,16,398
213000137,574,78,496
213000139,329,28,301
213000147,37,15,22
213000148,26,15,11
213000149,29,6,23
213000150,0,105,-105
213000151,15,97,-82
213000152,3,67,-64
213000153,5,110,-105
213000154,24,127,-103
213000155,22,162,-140
213000156,81,325,-244
213000157,424,319,105
213000158,312,710,-398
213000159,505,506,-1
213000163,756,81,675
213000165,765,236,529
213000171,2,99,-97
213000172,9,259,-250
213000173,1,189,-188
213000174,2,92,-90
213000175,9,51,-42
213000176,35,27,8
213000177,55,5,50
213000178,134,3,131
213000179,162,3,159
213000180,137,0,137
213000184,99,315,-216
213000188,249,105,144
213000189,307,35,272
213000190,775,705,70
213000191,253,338,-85
213000192,134,269,-135
213000193,654,257,397
213000194,5,81,-76
213000195,19,309,-290
213000196,247,1012,-765
213000197,367,431,-64
213000198,51,8,43
213000200,78,695,-617
213000201,74,60,14
213000202,14,458,-444
213000203,2705,658,2047
213000204,597,91,506
213000205,232,93,139
213000206,340,49,291
213000207,135,7,128
213000208,133,1,132
213000209,180,4,176
213000210,341,3,338
213000211,6,27,-21
213000212,18,38,-20
213000213,21,50,-29
213000218,193,434,-241
213000219,378,14,364
213000220,408,10,398
213000223,130,248,-118
213000224,74,66,8
213000225,95,8,87
213000226,82,31,51
213000227,775,227,548
213000228,305,96,209
213000229,215,28,187
213000230,481,30,451
213000232,72,819,-747
213000233,6,94,-88
213000234,3,42,-39
213000293,14,60,-46
213000294,140,19,121
213000295,8,73,-65
213000296,70,28,42
213000297,7,48,-41
213000298,13,54,-41
213000299,65,45,20
213000300,30,7,23
213000303,2,24,-22
213000304,0,3,-3
213000305,1,11,-10
213000306,41,30,11
213000307,170,49,121
213000308,79,160,-81
213000309,130,56,74
213000310,294,160,134
213000311,255,680,-425
213000315,67,100,-33
213000316,124,34,90
213000322,70,89,-19
213000323,123,52,71
213000324,59,13,46
213000325,19,62,-43
213000326,5,9,-4
213000327,11,28,-17
213000328,22,106,-84
213000329,88,14,74
213000340,173,437,-264
213000341,455,63,392
213000346,196,283,-87
213000347,630,530,100
213000348,14,79,-65
213000349,55,15,40
213000350,275,652,-377
213000366,75,212,-137
213000367,219,33,186
213000379,140,41,99
213000386,21,222,-201
213000406,65,285,-220
213000417,981,416,565
213000425,122,38,84
213000426,180,49,131
213000427,25,154,-129
213000428,29,153,-124
213000429,10,5,5
213000430,98,458,-360
213000431,103,3,100
213000432,1,62,-61
213000433,13,99,-86
213000434,85,79,6
213000435,144,64,80
213000436,29,50,-21
213000437,3,5,-2
213000438,145,48,97
213000439,62,16,46
213000440,4,201,-197
213000441,3,3,0
213000442,1,26,-25
213000443,283,312,-29
213000444,42,31,11
213000445,2,84,-82
213000446,0,125,-125
213000447,7,76,-69
213000448,6,134,-128
213000449,294,9,285
213000450,23,32,-9
213000451,176,50,126
213000452,22,18,4
213000453,37,172,-135
213000455,524,8,516
213000456,0,297,-297
213000481,8,3,5
213000482,42,2,40
213000489,241,45,196
213000491,1,184,-183
213000492,173,0,173
213000493,1,95,-94
213000494,212,97,115
213000495,0,63,-63
213000496,331,127,204
213000497,33,199,-166
213000498,122,120,2
213000499,160,408,-248
213000500,491,66,425
213000501,104,24,80
213000502,194,90,104
213000503,3,48,-45
213000504,13,74,-61
213000505,11,10,1
213000506,0,26,-26
213000507,1,93,-92
213900244,42,0,42
213900245,2,42,-40
218000003,32,33,-1
218000004,30,30,0
218000005,39,52,-13
218000006,46,21,25
218000007,10,21,-11
218000012,147,109,38
218000013,151,124,27
218000014,395,394,1
218000019,686,615,71
218000020,223,387,-164
218000021,24,20,4
218000022,4,13,-9
218000023,3,19,-16
218000024,0,6,-6
218000025,3,5,-2
218000026,2,15,-13
218000027,1,6,-5
218000028,0,4,-4
218000029,4,2,2
218000030,11,13,-2
218000031,0,8,-8
218000032,1,5,-4
218000040,4,2,2
218000046,22,95,-73
218000047,15,135,-120
218000048,37,100,-63
218000049,85,105,-20
218000050,249,228,21
218000051,60,213,-153
218000052,2,82,-80
218000053,0,5,-5
218000054,11,62,-51
218000055,7,32,-25
218000056,22,29,-7
218000057,4,16,-12
218000064,2,5,-3
218000065,79,48,31
218000066,10,32,-22
218000067,51,68,-17
218000068,80,57,23
218000069,234,111,123
218000070,178,209,-31
218000071,190,154,36
218000072,251,157,94
218000078,861,603,258
218000079,55,68,-13
218000080,113,49,64
218000081,423,205,218
218000082,44,94,-50
218000083,74,30,44
218000084,143,98,45
218000085,141,252,-111
218000086,74,128,-54
218000087,155,134,21
218000090,16,108,-92
218000091,841,406,435
218000092,100,144,-44
218000093,59,46,13
218000094,380,555,-175
218000099,275,647,-372
218000100,226,231,-5
218000101,217,126,91
218000102,352,186,166
218000103,73,65,8
218000104,80,24,56
218000105,18,19,-1
218000106,10,6,4
218000107,48,43,5
218000108,4,38,-34
218000112,74,29,45
218000117,70,36,34
218000134,417,477,-60
218000135,34,92,-58
218000136,220,81,139
218000137,232,133,99
218000138,31,83,-52
218000139,154,266,-112
218000140,378,239,139
218000141,85,74,11
218000142,202,160,42
218000143,126,218,-92
218000144,71,117,-46
218000145,331,243,88
218000146,67,158,-91
218000151,4,6,-2
218000152,59,31,28
218000153,0,1,-1
218000154,4,0,4
218000155,9,0,9
218000156,16,3,13
218000157,5,2,3
218000158,3,7,-4
218000159,3,3,0
218000160,1,0,1
218000161,13,3,10
218000162,7,3,4
218000163,2,1,1
218000164,17,5,12
218000165,19,9,10
218000170,4,15,-11
218000171,29,4,25
218000172,5,9,-4
218000173,64,3,61
218000174,16,8,8
218000176,97,34,63
218000177,180,154,26
218000178,43,147,-104
218000179,55,42,13
218000180,53,20,33
218000181,103,28,75
218000187,3,25,-22
218000188,50,50,0
218000189,19,47,-28
218000190,11,17,-6
218000191,164,60,104
218000192,149,167,-18
218000193,332,251,81
218000194,51,196,-145
218000195,100,47,53
218000196,281,191,90
218000197,267,220,47
218000198,22,103,-81
218000199,39,25,14
218000200,96,31,65
218000201,15,7,8
218000202,63,244,-181
218000207,3,28,-25
218000208,28,34,-6
218000211,73,14,59
218000212,0,3,-3
218000213,88,83,5
218000214,5,23,-18
218000215,37,58,-21
218000217,1,112,-111
218000218,121,55,66
218000219,11,19,-8
218000220,79,255,-176
218000221,383,167,216
218000222,9,17,-8
218000223,16,209,-193
218000224,5,73,-68
218000225,90,26,64
218000226,63,35,28
218000230,2,6,-4
218000232,67,53,14
218000239,180,13,167
218000240,41,3,38
218000241,49,2,47
218000242,89,4,85
218000243,100,3,97
218000244,106,6,100
218000245,21,2,19
218000246,19,0,19
218000247,1,3,-2
218000248,0,19,-19
218000249,4,3,1
218000250,1,5,-4
218000251,15,23,-8
218000252,6,63,-57
218000253,1,50,-49
218000254,0,25,-25
218000255,1,30,-29
218000256,5,90,-85
218000267,504,804,-300
218000268,11,68,-57
218000269,5,10,-5
218000270,62,36,26
218000271,14,52,-38
218000273,22,6,16
218000274,16,7,9
218000275,24,62,-38
218000276,12,37,-25
218000278,27,33,-6
218000279,100,58,42
218000280,6,39,-33
218000281,20,15,5
218000282,462,378,84
218000284,89,7,82
218000301,59,106,-47
218000302,103,42,61
218000303,30,53,-23
218000316,555,799,-244
218000317,847,744,103
218000318,566,567,-1
218000319,995,796,199
218000320,701,461,240
218000338,51,24,27
218000345,76,75,1
218000346,39,141,-102
218000459,17,202,-185
218000490,31,33,-2
218000501,95,48,47
218000502,43,94,-51
218000503,90,28,62
218000504,179,35,144
218000505,48,176,-128
218000506,42,268,-226
218000508,4,12,-8
218000510,161,19,142
218000520,87,79,8
218000521,12,39,-27
218000522,0,107,-107
218000523,115,12,103
218000524,56,143,-87
218000525,139,12,127
218000526,29,134,-105
218000529,22,99,-77
218000530,5,3,2
218000531,15,14,1
218000532,20,14,6
218000534,103,15,88
218000537,17,54,-37
218000538,119,197,-78
218000540,295,59,236
218000543,132,31,101
218000544,28,66,-38
218000545,47,52,-5
218000546,50,59,-9
218000547,70,138,-68
218000548,90,106,-16
218000549,344,433,-89
218000550,191,231,-40
218000551,85,716,-631
218000552,307,56,251
218000553,76,115,-39
218000554,22,33,-11
218000555,22,37,-15
218000556,168,150,18
218000557,195,123,72
218000558,70,0,70
218000559,0,47,-47
218000560,0,41,-41
218000561,27,0,27
218000562,26,172,-146
218000563,197,13,184
218000564,11,96,-85
218000565,154,27,127
218000566,449,22,427
218000567,2,93,-91
218000568,30,2,28
218000569,10,108,-98
218000570,171,11,160
218000571,26,81,-55
218000572,140,4,136
218000573,18,138,-120
218000574,248,37,211
218000575,99,1,98
218000576,1,111,-110
218000577,85,2,83
218000578,1,83,-82
218000579,62,18,44
218000581,3,27,-24
218000582,30,3,27
218000583,12,0,12
218000584,0,13,-13
218000585,33,3,30
218000586,9,31,-22
218000587,1,1,0
218000588,9,2,7
218000589,1,5,-4
218000590,3,1,2
218000591,8,2,6
218000592,19,1,18
218000593,3,0,3
218000594,1,0,1
218000596,0,0,0
218000597,1,0,1
218000598,0,0,0
218000599,6,0,6
218000600,0,0,0
218000601,0,0,0
218000602,5,9,-4
218000603,0,6,-6
218000604,12,0,12
218000605,0,42,-42
218000606,121,2,119
218000607,13,29,-16
218000608,68,19,49
218000609,2,31,-29
218000610,56,7,49
218000611,24,4,20
218000612,2,21,-19
218000613,33,1,32
218000614,2,40,-38
218000615,147,0,147
218000616,3,95,-92
218000617,31,2,29
218000618,1,20,-19
218000619,15,30,-15
218000620,6,17,-11
218000621,0,2,-2
218000622,0,12,-12
218000623,86,0,86
218000624,1,15,-14
218000625,14,1,13
218000626,0,8,-8
218000628,204,48,156
218000631,45,13,32
218000632,4,77,-73
218000633,84,4,80
218000634,9,15,-6
218000635,11,6,5
218000636,706,962,-256
218000637,849,422,427
218000638,150,37,113
218000639,11,121,-110
218000640,192,29,163
218000641,87,223,-136
218000652,38,79,-41
218000653,74,54,20
218000663,7,207,-200
218000675,91,43,48
218000676,1,5,-4
218000677,6,1,5
218000680,177,280,-103
218000681,365,113,252
218000691,143,140,3
218000693,153,106,47
218000703,3,10,-7
218000718,329,978,-649
218000719,619,572,47
218000720,17,186,-169
218000721,201,16,185
218000725,4,3,1
218001147,3,118,-115
218001214,11,71,-60
218001258,213,8,205
218001329,105,117,-12
218001330,105,71,34
218001351,34,8,26
218001352,19,19,0
218001353,18,8,10
218001354,6,24,-18
218001355,11,177,-166
218001356,317,25,292
218001357,45,150,-105
218001358,217,12,205
218001361,211,8,203
218001362,0,70,-70
219000001,45,43,2
219000002,72,36,36
219000003,57,29,28
219000004,30,55,-25
219000017,103,50,53
219000020,105,76,29
219000022,170,9,161
219000023,137,1,136
219000029,0,44,-44
219000034,27,36,-9
219000039,71,122,-51
219000040,59,53,6
219000041,126,40,86
219000051,0,21,-21
219000052,0,13,-13
219000053,1,94,-93
219000054,17,74,-57
219000055,182,3,179
219000056,13,1,12
219000057,57,0,57
219000062,18,58,-40
219000063,59,6,53
219000064,1,45,-44
219000110,432,78,354
219000111,107,39,68
219000112,134,72,62
219000113,137,74,63
219000114,179,119,60
219000116,102,53,49
219000117,176,53,123
219000118,234,40,194
219000123,187,68,119
219000124,66,37,29
219000125,12,17,-5
219000126,84,103,-19
219000127,0,4,-4
219000128,4,124,-120
219000129,12,84,-72
219000130,380,371,9
219000131,546,823,-277
219000133,60,51,9
219000134,6,24,-18
219000135,22,37,-15
219000136,91,182,-91
219000138,63,16,47
219000139,25,35,-10
219000140,56,4,52
219000141,23,101,-78
219000142,14,79,-65
219000143,16,78,-62
219000145,47,40,7
219000146,3,24,-21
219000147,1,27,-26
219000148,5,13,-8
219000149,12,44,-32
219000150,3,45,-42
219000151,3,20,-17
219000157,178,119,59
219000158,260,220,40
219000161,76,10,66
219000163,1023,529,494
219000166,163,168,-5
219000167,92,141,-49
219000168,242,122,120
219000174,370,142,228
219000175,65,6,59
219000176,84,6,78
219000177,34,4,30
219000178,33,3,30
219000179,16,10,6
219000180,10,20,-10
219000182,152,29,123
219000183,88,20,68
219000184,129,10,119
219000185,1,38,-37
219000186,53,29,24
219000187,26,62,-36
219000189,67,142,-75
219000190,57,195,-138
219000191,796,1183,-387
219000192,213,130,83
219000193,206,125,81
219000195,1,41,-40
219000196,8,89,-81
219000198,23,114,-91
219000199,65,241,-176
219000200,33,141,-108
219000201,68,149,-81
219000203,36,90,-54
219000204,74,231,-157
219000205,44,129,-85
219000207,144,194,-50
219000209,16,68,-52
219000210,27,100,-73
219000213,9,103,-94
219000239,207,214,-7
219000240,199,294,-95
219000241,128,134,-6
219000242,61,131,-70
219000243,114,268,-154
219000244,13,95,-82
219000245,53,69,-16
219000246,49,52,-3
219000247,157,31,126
219000248,466,354,112
219000249,116,136,-20
219000250,86,76,10
219000251,417,235,182
219000252,204,143,61
219000253,441,139,302
219000255,126,80,46
219000256,180,63,117
219000257,94,2,92
219000262,105,111,-6
219000263,74,138,-64
219000267,3,66,-63
219000268,3,2,1
219000269,3,4,-1
219000270,11,0,11
219000271,113,1,112
219000278,3,4,-1
219000279,13,3,10
219000283,0,8,-8
219000295,27,61,-34
219000296,44,304,-260
219000297,11,96,-85
219000298,18,81,-63
219000299,350,55,295
219000300,13,157,-144
219000301,233,277,-44
219000302,24,206,-182
219000307,33,28,5
219000308,59,48,11
219000311,169,62,107
219000312,567,134,433
219000313,289,66,223
219000314,48,292,-244
219000315,284,37,247
219000316,413,52,361
219000317,156,5,151
219000320,1,56,-55
219000321,0,12,-12
219000323,4,48,-44
219000325,2,11,-9
219000326,60,67,-7
219000327,52,37,15
219000328,27,53,-26
219000329,278,134,144
219000330,64,30,34
219000331,42,46,-4
219000332,100,70,30
219000333,15,2,13
219000335,71,0,71
219000337,9,0,9
219000338,38,0,38
219000344,17,54,-37
219000345,50,80,-30
219000346,32,81,-49
219000348,153,48,105
219000349,35,103,-68
219000350,100,252,-152
219000351,4,12,-8
219000352,319,91,228
219000353,97,54,43
219000354,136,78,58
219000355,147,67,80
219000356,916,1444,-528
219000363,208,45,163
219000364,103,44,59
219000365,114,19,95
219000366,213,254,-41
219000368,323,527,-204
219000370,972,556,416
219000371,20,24,-4
219000382,21,21,0
219000383,536,945,-409
219000385,400,385,15
219000386,586,1196,-610
219000387,1,15,-14
219000390,8,2,6
219000391,2,1,1
219000397,78,47,31
219000398,78,54,24
219000401,6,86,-80
219000402,31,73,-42
219000403,121,344,-223
219000404,17,118,-101
219000407,7,23,-16
219000409,45,42,3
219000410,64,44,20
219000411,76,15,61
219000446,97,278,-181
219000447,4,15,-11
219000448,48,10,38
219000452,84,76,8
219000453,47,142,-95
219000454,161,244,-83
219000556,239,83,156
219000558,145,146,-1
219000590,36,113,-77
219000591,105,82,23
219000592,81,296,-215
219000595,4,13,-9
219000635,181,61,120
219000636,18,68,-50
219000657,17,34,-17
219000658,26,113,-87
219000673,0,33,-33
219000676,72,3,69
219000679,30,8,22
219000684,76,0,76
219000685,1,50,-49
219000686,0,6,-6
219000688,1,51,-50
219000689,24,186,-162
219000690,147,21,126
219000691,63,134,-71
219000692,140,26,114
219000693,0,15,-15
219000694,8,0,8
219000695,14,10,4
219000698,27,3,24
219000699,0,19,-19
219000727,6,76,-70
219000728,112,3,109
219000770,29,1,28
219000771,1,17,-16
219000788,284,208,76
219001150,1,20,-19
219001151,1,3,-2
219001166,51,24,27
219001167,4,48,-44
219001178,44,1,43
220000001,45,68,-23
220000002,13,75,-62
220000003,310,176,134
220000004,414,330,84
220000005,1003,1437,-434
220000006,155,642,-487
220000007,365,437,-72
220000008,306,680,-374
220000009,260,293,-33
220000010,239,86,153
220000011,473,1987,-1514
220000012,117,157,-40
220000014,105,40,65
220000015,73,227,-154
220000017,50,181,-131
220000018,3127,1222,1905
220000019,85,249,-164
220000020,342,210,132
220000021,688,151,537
220000022,705,409,296
220000023,390,134,256
220000024,1388,422,966
220000025,519,944,-425
220000026,264,259,5
220000027,28,79,-51
220000028,39,43,-4
220000029,39,102,-63
220000030,85,87,-2
220000031,357,231,126
220000064,26,812,-786
221000046,9,0,9
221000047,0,1,-1
221000048,0,2,-2
221000049,0,10,-10
221000050,27,1,26
221000055,42,53,-11
221000057,51,22,29
221000068,258,177,81
221000069,351,82,269
221000070,153,45,108
221000071,95,12,83
221000072,195,15,180
221000073,102,37,65
221000074,0,13,-13
221000075,10,45,-35
221000076,13,26,-13
221000077,17,115,-98
221000081,20,13,7
221000082,78,4,74
221000083,45,2,43
221000084,6,6,0
221000085,22,47,-25
221000086,20,78,-58
221000087,5,140,-135
221000088,19,155,-136
221000089,36,225,-189
221000090,113,473,-360
221000098,84,16,68
221000099,150,13,137
221000100,84,9,75
221000101,215,38,177
221000102,120,24,96
221000109,13,94,-81
221000110,17,63,-46
221000111,26,187,-161
221000112,8,143,-135
221000113,12,136,-124
221000114,9,128,-119
221000120,64,20,44
221000121,2,31,-29
221000122,39,33,6
221000123,13,27,-14
221000124,15,112,-97
221000155,72,6,66
221000156,50,53,-3
221000175,4,5,-1
221000176,2,0,2
221000182,78,4,74
221000241,629,282,347
221000242,152,466,-314
221000243,469,182,287
221000244,292,418,-126
221000245,85,106,-21
221000246,72,223,-151
221000247,79,89,-10
221000248,152,127,25
221000267,43,490,-447
221000325,74,49,25
221000331,10,46,-36
221000338,17,12,5
221000378,164,18,146
221000381,19,51,-32
222000282,32,1,31
222000296,2,16,-14
222000568,284,15,269
222000569,147,49,98
222000570,103,29,74
222000571,270,28,242
222000577,4,116,-112
222000578,24,132,-108
222000579,25,90,-65
222000580,71,572,-501
222000599,0,83,-83
222000600,6,225,-219
222000601,7,693,-686
222000603,25,28,-3
222000604,3,34,-31
222000605,9,21,-12
222000606,1,8,-7
222000607,3,5,-2
222000608,20,12,8
222000609,48,148,-100
222000616,273,35,238
222000617,14,12,2
222000618,11,3,8
222000620,16,8,8
222000621,49,15,34
222000623,467,9,458
222000624,288,0,288
222000625,451,11,440
222000636,38,2,36
222000686,28,10,18
222000687,30,20,10
222001066,242,0,242
222001067,10,2,8
222001068,37,15,22
222001069,35,21,14
222001082,9,23,-14
222001083,10,27,-17
222001084,0,48,-48
222001085,0,72,-72
222001111,38,111,-73
222001112,59,27,32
222001313,28,3,25
222001314,12,73,-61
222001464,177,25,152
222001465,36,101,-65
222001484,107,68,39
222001485,20,47,-27
222001494,398,102,296
222001495,73,208,-135
222001496,257,84,173
222001497,135,255,-120
222001502,10,93,-83
222001503,77,25,52
222001504,18,271,-253
222001505,304,13,291
222001506,52,369,-317
222001507,228,43,185
222001510,345,25,320
222001511,40,245,-205
222001514,451,153,298
222001515,212,419,-207
222001518,242,71,171
222001519,60,175,-115
222001527,130,63,67
222001528,24,140,-116
222001529,253,56,197
222001530,78,133,-55
222001533,267,216,51
222001534,223,68,155
222001535,191,228,-37
222001536,32,140,-108
222001537,257,44,213
222001538,94,329,-235
222001563,602,82,520
222001564,57,394,-337
222001568,306,138,168
222001576,0,1,-1
222001579,1,7,-6
222001583,7,96,-89
222001584,72,12,60
222001596,600,852,-252
222001597,1587,338,1249
222001626,0,96,-96
222001650,68,111,-43
222001651,108,105,3
222001914,201,58,143
222001915,56,174,-118
222001968,446,304,142
222001969,416,620,-204
222001970,159,181,-22
222001971,15,11,4
222001972,3,18,-15
225000001,379,161,218
225000002,461,157,304
225000003,441,73,368
225000004,255,123,132
225000005,101,48,53
225000006,0,180,-180
225000007,1168,832,336
225000010,243,6,237
225000011,262,693,-431
225000012,204,403,-199
225000013,80,71,9
225000014,502,58,444
225000015,108,125,-17
225000021,527,168,359
225000027,150,355,-205
225000032,560,107,453
225000042,42,450,-408
225000049,35,58,-23
225000050,93,14,79
225000053,4,201,-197
225000058,500,163,337
225000067,201,111,90
225000068,66,236,-170
225000069,90,394,-304
225000070,97,316,-219
225000071,30,100,-70
225000075,21,437,-416
225000076,71,129,-58
225000078,68,61,7
225000085,73,121,-48
225000086,223,81,142
225000087,88,10,78
225000088,10,165,-155
225000089,199,748,-549
225000090,50,297,-247
225000091,146,112,34
225000092,119,61,58
225000093,157,220,-63
225000094,11,214,-203
225000095,227,304,-77
225000096,285,390,-105
225000098,522,284,238
225000099,294,154,140
225000100,256,147,109
225000104,87,327,-240
225000110,8,213,-205
225000111,163,725,-562
225000112,222,721,-499
225000113,147,473,-326
225000114,31,185,-154
225000115,1131,499,632
225000116,783,221,562
225000117,676,203,473
225000118,756,197,559
225000119,191,66,125
225000120,583,23,560
225000121,137,13,124
225000123,411,16,395
225000125,294,166,128
225000126,578,121,457
225000127,507,823,-316
225000128,410,505,-95
225000132,252,25,227
225000133,153,10,143
225000134,454,131,323
225000135,46,8,38
225000136,254,6,248
225000137,214,56,158
225000138,307,68,239
225000143,44,177,-133
225000144,2,307,-305
225000145,28,31,-3
225000146,24,71,-47
225000147,31,197,-166
225000148,5,108,-103
225000149,46,255,-209
225000151,42,122,-80
225000155,320,338,-18
225000156,149,553,-404
225000157,154,255,-101
225000158,44,138,-94
225000171,7,152,-145
225000180,59,5,54
225000181,0,63,-63
225000182,88,11,77
225000185,7,241,-234
225000187,76,247,-171
225000191,90,2,88
225000194,0,4,-4
225000208,0,40,-40
225000209,68,6,62
225000210,5,171,-166
225000217,0,15,-15
225000218,33,3,30
225000223,0,40,-40
225000224,72,0,72
225000225,0,63,-63
225000226,27,2,25
225000227,14,97,-83
225000228,14,5,9
225000229,0,37,-37
225000230,22,1,21
225000231,0,46,-46
225000232,129,0,129
225000241,107,1,106
225000242,0,41,-41
225000249,5,0,5
225000250,32,503,-471
225000251,269,29,240
226000042,224,289,-65
226000043,53,189,-136
226000044,90,314,-224
226000045,40,204,-164
226000046,367,90,277
226000047,312,88,224
226000048,258,84,174
226000049,171,130,41
226000070,0,26,-26
226000071,0,45,-45
226000072,0,7,-7
226000073,0,3,-3
226000074,0,12,-12
226000084,4,21,-17
226000085,1,5,-4
226000086,2,13,-11
226000087,0,9,-9
226000088,8,15,-7
226000090,80,74,6
226000091,12,26,-14
226000092,1,2,-1
226000093,36,5,31
226000094,9,2,7
226000095,15,1,14
226000105,10,5,5
226000106,4,1,3
226000107,5,0,5
226000108,19,0,19
226000109,81,1,80
226000124,89,63,26
226000134,476,349,127
226000135,1072,425,647
226000136,673,327,346
226000137,9,267,-258
226000138,9,153,-144
226000139,0,14,-14
226000156,127,1,126
226000157,193,7,186
226000163,60,49,11
226000202,4,155,-151
226000231,360,6,354
226000232,17,6,11
227000033,315,77,238
227000036,231,34,197
227000037,230,26,204
227000038,234,42,192
227000049,0,9,-9
227000050,1,42,-41
227000055,83,2,81
227000056,39,1,38
227000084,0,64,-64
227000085,1,49,-48
227000088,38,4,34
227000089,123,3,120
227000090,25,0,25
227000091,15,0,15
227000093,74,0,74
227000094,24,0,24
227000130,34,71,-37
227000131,20,120,-100
227000132,10,113,-103
227000133,13,130,-117
227000134,12,225,-213
227000152,0,11,-11
227000153,1,51,-50
227000155,1,9,-8
227000156,0,7,-7
227000165,13,24,-11
227000196,222,122,100
227000199,273,287,-14
227000230,9,306,-297
227000232,435,17,418
227000242,38,324,-286
227000243,343,88,255
227000245,15,240,-225
227000246,77,287,-210
227000247,320,76,244
227000248,145,34,111
227000249,20,164,-144
227000250,403,155,248
227000251,79,212,-133
227000252,22,175,-153
227000253,117,30,87
227000262,268,51,217
227000266,946,26,920
227000267,26,1040,-1014
227000282,7,128,-121
227000284,306,12,294
227000286,6,56,-50
227000287,11,64,-53
227000291,5,388,-383
227000484,234,11,223
227000485,13,731,-718
227000655,127,9,118
227000656,453,29,424
227000657,56,8,48
227000661,277,23,254
227000680,102,33,69
229000265,9,35,-26
229000296,5,16,-11
229000297,6,19,-13
229000298,3,94,-91
229000320,3,3,0
229000321,32,3,29
229000412,5,23,-18
229000414,8,24,-16
229000415,13,1,12
229000416,0,1,-1
229000417,8,23,-15
229000419,100,204,-104
229000440,294,69,225
229000442,18,1,17
229000443,6,5,1
229000444,1,19,-18
229000445,53,3,50
229000446,38,9,29
229000491,0,7,-7
229000492,4,38,-34
229000493,3,33,-30
229000494,11,3,8
229000495,58,3,55
229000496,16,1,15
229000507,0,41,-41
229000508,0,11,-11
229000509,0,29,-29
229000510,0,11,-11
229000511,1,17,-16
229000512,0,13,-13
229000513,0,3,-3
229000514,0,0,0
229000517,1,6,-5
229000518,6,11,-5
229000519,2,8,-6
229000520,6,13,-7
229000521,29,3,26
229000522,3,1,2
229000523,2,1,1
229000524,1,0,1
229000527,0,0,0
229000528,0,0,0
229000529,1,0,1
229000530,22,1,21
229000531,17,0,17
229000532,17,0,17
229000533,42,0,42
229000534,49,0,49
229000564,26,0,26
229000565,8,1,7
229000566,0,6,-6
229000567,0,13,-13
229000582,49,6,43
229000583,5,3,2
229000584,0,15,-15
229000585,0,22,-22
229000718,0,3,-3
229000719,0,0,0
229000720,0,6,-6
229000721,0,3,-3
229000722,0,1,-1
229000723,0,0,0
229000724,0,0,0
229000725,0,0,0
229000738,0,0,0
229000739,1,0,1
229000740,1,0,1
229000741,2,0,2
229000742,2,0,2
229000743,5,0,5
229000744,0,0,0
229000745,0,0,0
229000746,6,1,5
229000847,44,1,43
229000848,10,0,10
229000849,79,0,79
229000851,22,0,22
229000854,0,17,-17
229000856,1,41,-40
229000857,0,17,-17
229000858,0,25,-25
229000919,9,85,-76
229000930,16,241,-225
229000937,59,18,41
229000966,57,30,27
229000981,35,41,-6
229000985,5,17,-12
229000986,2,6,-4
229000987,0,1,-1
229000988,0,0,0
229000989,10,2,8
229000990,0,1,-1
229000991,2,1,1
229000992,14,5,9
229000993,94,16,78
229000998,19,38,-19
229000999,31,10,21
229001034,1,7,-6
229001035,3,1,2
229001037,41,9,32
229001042,7,8,-1
229001047,7,27,-20
229001050,37,34,3
229001168,0,5,-5
229001200,27,0,27
229001338,6,26,-20
229001394,174,5,169
229001422,123,24,99
229001423,31,118,-87
229001431,40,57,-17
229001432,39,81,-42
229001444,119,29,90
229001445,32,113,-81
229001479,7,0,7
229001503,171,123,48
229001504,126,130,-4
229001505,109,46,63
229001506,69,119,-50
229001509,25,9,16
229001545,84,1,83
229001546,15,95,-80
229001553,86,23,63
229001554,34,67,-33
229001559,2,10,-8
229001560,1,18,-17
229001630,44,15,29
229001631,12,35,-23
229001635,0,7,-7
229001636,10,0,10
229001658,2,112,-110
229001659,58,1,57
229001660,20,1,19
229001661,4,15,-11
229001662,25,1,24
229001663,0,36,-36
229002584,109,100,9
229002831,125,74,51
229002841,9,14,-5
229002842,8,10,-2
229002843,53,13,40
229002844,20,50,-30
229002845,23,32,-9
229002846,25,11,14
229002847,2,4,-2
229002848,14,7,7
229002849,6,51,-45
229002850,14,1,13
229002851,17,86,-69
229002852,133,14,119
229002853,116,12,104
229002854,29,29,0
229002855,8,17,-9
229002856,20,12,8
229002857,5,75,-70
229002858,18,8,10
229002859,10,27,-17
229002860,151,8,143
229002861,27,21,6
229002862,23,11,12
229002863,15,2,13
229002864,12,31,-19
229002865,17,8,9
229002866,20,19,1
229002867,15,11,4
229002868,17,15,2
229002869,19,90,-71
229002870,60,15,45
235000066,317,40,277
235000067,107,68,39
235000072,25,71,-46
235000073,65,293,-228
235000074,47,59,-12
235000080,21,89,-68
235000081,89,121,-32
235000082,195,42,153
235000083,144,87,57
235000084,32,49,-17
235000085,78,55,23
235000089,32,28,4
235000092,18,163,-145
235000093,9,13,-4
235000097,3,6,-3
235000098,90,13,77
235000099,52,20,32
235000116,73,20,53
235000117,507,6,501
235000133,5,370,-365
235000134,11,151,-140
235000206,5,3,2
235000207,1,3,-2
235000208,1,1,0
235000209,12,4,8
235000210,7,3,4
235000212,9,22,-13
235000213,3,7,-4
235000220,5,3,2
235000221,64,16,48
235000238,13,79,-66
235000239,3,18,-15
235000242,207,485,-278
235000245,693,142,551
235000246,10,52,-42
235000284,26,115,-89
235000295,132,12,120
235000305,216,27,189
235000306,195,2,193
235000307,18,5,13
235000308,20,1,19
235000309,63,1,62
235000310,22,0,22
235000311,71,16,55
235000322,0,26,-26
235000323,2,34,-32
235000324,2,20,-18
235000325,0,12,-12
235000326,4,119,-115
235000351,5,39,-34
235000352,8,25,-17
235000353,2,17,-15
235000354,5,20,-15
235000355,21,33,-12
235000356,110,8,102
235000357,45,6,39
235000358,111,6,105
235000359,31,1,30
235000360,17,18,-1
235000361,42,3,39
235000381,86,189,-103
235000382,168,48,120
235000390,10,5,5
235000391,134,24,110
235000392,144,314,-170
235000393,114,155,-41
235000395,118,26,92
235000396,458,56,402
235000400,44,85,-41
235000401,26,124,-98
235000405,74,246,-172
235000406,67,263,-196
235000407,167,83,84
235000409,223,151,72
235000410,47,194,-147
235000411,5,58,-53
235000485,0,5,-5
235000486,5,0,5
235000549,74,73,1
235000550,74,151,-77
235000599,123,61,62
235000600,7,26,-19
235000601,54,42,12
235000602,85,76,9
235000614,1,4,-3
235000648,0,10,-10
235000649,40,2,38
235000685,0,1,-1
235000815,19,38,-19
235000834,0,4,-4
235000855,46,75,-29
235000862,33,141,-108
235000891,0,5,-5
235000892,8,1,7
235000901,126,91,35
235000907,5,21,-16
235001010,62,59,3
235001029,490,352,138
235001030,305,279,26
235001078,77,103,-26
235001079,97,85,12
235001147,24,34,-10
235001166,15,57,-42
235001167,22,50,-28
235001169,24,238,-214
235001188,2,16,-14
235001189,3,0,3
235001197,11,23,-12
235001200,54,37,17
235001207,381,45,336
235001210,109,180,-71
235001215,58,200,-142
235001239,1,38,-37
235001244,0,9,-9
235016267,0,30,-30
277101746,0,0,0
277102712,0,0,0
277103813,0,0,0
277103814,0,0,0
277103898,0,0,0
277104249,0,1,-1
277104250,0,7,-7
277104251,0,5,-5
277104252,0,2,-2
990011530,0,103,-103
990014944,1,387,-386
990015176,72,49,23
990015618,0,71,-71
990016032,1,242,-241
990032570,0,46,-46
990070001,62,1,61
990070103,0,4,-4
990070601,4,16,-12
990070751,624,1,623
990070766,2,337,-335
990071180,358,143,215
990071343,24,2,22
990071387,0,30,-30
990071823,389,5,384
990072600,2,750,-748
990072964,0,241,-241
990073285,0,0,0
990074393,2,456,-454
990074870,1175,13,1162
990075106,1290,9,1281
990075746,505,7,498
990076437,925,6,919
990076458,0,503,-503
997000007,640,7,633
997000041,0,141,-141
997000058,49,1,48
997000062,17,0,17
997000069,0,3,-3
997000070,0,23,-23
997000100,20,0,20
997000141,2,559,-557
997000198,210,828,-618
998000475,0,30,-30
998000736,1,140,-139
998000965,0,6,-6
998001031,0,73,-73
998001700,0,6,-6
998001899,0,3,-3
998001900,14,2,12
998003073,875,32,843
998101900,0,0,0
998102850,2,195,-193
998501927,925,573,352
998501929,104,6,98
998501930,45,1,44
998501931,289,59,230
998501932,8,1,7
998501933,50,0,50
998501937,4,4,0
998501944,11,0,11
998501950,0,3,-3
998501970,62,0,62
998501971,0,82,-82
998501973,0,21,-21
998501974,1,203,-202
998501975,104,1,103
998501976,168,2,166
998501977,0,16,-16
998501978,20,0,20
998501979,0,11,-11
998501980,32,0,32
998501981,38,0,38
998501982,0,64,-64
998501983,0,3,-3
998502006,0,0,0
998502024,0,6,-6
998502032,0,2,-2
998502062,0,0,0
998502063,0,0,0
998502173,63,1,62
998502269,0,3,-3
998502546,1,126,-125
998502578,2,1,1
998502599,61,232,-171
998502621,0,0,0
998601159,4,107,-103
998601292,0,7,-7
999033574,1,361,-360
999800001,47,4,43
999800002,0,9,-9
999800003,2,0,2
999800004,0,1,-1
999800005,0,4,-4
