ID,insum,outsum,diff
100000001,650,764,-114
100000002,4710,1956,2754
100000003,5748,3621,2127
100000004,1271,1019,252
100000005,2213,3862,-1649
100000006,919,145,774
100000007,2224,834,1390
100000008,606,792,-186
100000009,1422,267,1155
100000010,329,78,251
100000011,2854,148,2706
100000012,242,1123,-881
100000013,1185,286,899
100000014,1443,436,1007
100000015,1769,2665,-896
100000016,1216,1360,-144
100000017,1573,858,715
100000018,2257,751,1506
100000019,4944,2144,2800
100000020,1928,7455,-5527
100000021,5659,2551,3108
100000022,1914,2341,-427
100000023,5577,1692,3885
100000025,1730,1058,672
100000028,1972,1061,911
100000029,272,300,-28
100000030,326,48,278
100000031,3667,6359,-2692
100000032,3310,3355,-45
100000033,1000,2135,-1135
100000034,543,482,61
100000035,1895,1501,394
100000036,2459,1359,1100
100000037,781,452,329
100000038,1933,963,970
100000039,768,257,511
100000040,241,188,53
100000041,1247,488,759
100000042,2181,632,1549
100000043,1717,520,1197
100000044,572,1004,-432
100000045,835,2020,-1185
100000046,895,1039,-144
100000047,413,768,-355
100000048,892,587,305
100000049,1750,2161,-411
100000051,576,1094,-518
100000053,319,2,317
100000054,710,39,671
100000055,1594,322,1272
100000056,612,476,136
100000057,1817,628,1189
100000058,998,1304,-306
100000059,29,120,-91
100000060,387,256,131
100000061,1984,419,1565
100000062,2027,506,1521
100000063,743,208,535
100000064,1476,419,1057
100000065,557,995,-438
100000066,197,687,-490
100000067,600,743,-143
100000068,620,1806,-1186
100000069,377,1595,-1218
100000072,421,886,-465
100000073,990,1034,-44
100000075,737,376,361
100000076,3465,2758,707
100000077,397,166,231
100000078,23,28,-5
100000079,30,48,-18
100000080,40,45,-5
100000081,171,203,-32
100000102,2545,1875,670
100000103,3474,1017,2457
100000104,4873,2563,2310
100000105,3538,1565,1973
100000106,2518,1971,547
100000107,737,1000,-263
100000108,639,841,-202
100000109,2898,1230,1668
100000116,1307,792,515
100000117,88,95,-7
100000118,1662,1045,617
100000119,595,838,-243
100000121,353,447,-94
100000122,569,800,-231
100000123,3478,3753,-275
100000124,6211,5736,475
100000125,3355,1339,2016
100000126,836,360,476
100000127,1629,414,1215
100000128,1785,1688,97
100000129,456,539,-83
100000130,383,587,-204
100000131,2625,2712,-87
100000132,1353,2546,-1193
100000133,5735,2527,3208
100000135,595,1012,-417
100000139,491,356,135
100000140,366,289,77
100000142,512,657,-145
100000143,1393,598,795
100000144,3661,1030,2631
100000147,1080,2471,-1391
100000150,48,471,-423
100000151,1045,1016,29
100000153,211,387,-176
100000154,103,134,-31
100000155,26,39,-13
100000156,363,433,-70
100000157,132,127,5
100000158,293,90,203
100000159,431,588,-157
100000165,1902,842,1060
100000169,402,637,-235
100000174,937,565,372
100000179,120,519,-399
100000180,3644,2160,1484
100000181,612,201,411
100000188,129,262,-133
100000189,1170,357,813
100000190,1040,826,214
100000191,686,479,207
100000192,44,82,-38
100000193,339,184,155
100000330,1579,876,703
100000355,259,645,-386
100000362,3713,2738,975
100000363,3731,4803,-1072
100000364,343,232,111
100000365,5307,5778,-471
100000366,6607,2831,3776
100000367,5483,5304,179
100000368,3506,1635,1871
100000369,1398,1810,-412
100000370,429,849,-420
100000376,139,134,5
100000379,2272,1454,818
100000380,5216,3396,1820
100000384,5653,4236,1417
100000385,4894,4036,858
100000386,7879,4388,3491
100000387,5689,4906,783
100000388,8147,5589,2558
100000389,7096,5529,1567
100000390,8382,6068,2314
100000391,6217,6615,-398
100000392,4561,3844,717
100000393,3018,4116,-1098
100000394,9192,7807,1385
100000395,5543,3801,1742
100000396,9337,3882,5455
100000397,5926,6176,-250
100000398,11238,8009,3229
100000413,10,9,1
100000414,1389,1113,276
100900002,5,41,-36
100900003,337,167,170
100900004,20,587,-567
100900005,128,21,107
100900006,8,122,-114
100900007,449,12,437
100900008,0,303,-303
100900009,83,145,-62
100900010,96,81,15
100900011,124,222,-98
100900012,1,253,-252
100900013,858,8,850
100900014,1,5,-4
100900015,76,88,-12
100900016,2,58,-56
100900017,647,86,561
100900018,2,40,-38
100900019,13,131,-118
100900020,397,11,386
100900021,439,0,439
100900022,10,59,-49
100900023,1,68,-67
100900024,812,10,802
100900025,21,6,15
100900026,58,107,-49
100900027,519,2489,-1970
100900028,126,145,-19
100900029,47,6,41
100900030,1,77,-76
100900031,747,68,679
100900032,211,1,210
100900033,262,143,119
100900034,556,1,555
100900035,670,3,667
100900036,12,2,10
100900037,63,170,-107
100900038,141,53,88
100900039,259,540,-281
100900040,428,698,-270
100900041,578,637,-59
100900042,1512,787,725
100900043,0,15,-15
100900044,1905,475,1430
100900045,57,0,57
100900046,1004,9,995
100900047,627,246,381
100900048,154,41,113
100900049,182,175,7
100900050,0,7,-7
100900051,59,105,-46
100900052,281,58,223
100900053,298,68,230
100900054,10,83,-73
100900055,236,610,-374
100900056,164,261,-97
100900057,738,1119,-381
100900058,219,37,182
100900059,113,2,111
100900060,143,12,131
100900061,394,161,233
100900062,7,26,-19
100900063,192,530,-338
100900064,732,29,703
100900065,72,94,-22
100900066,118,208,-90
100900067,1,8,-7
100900068,223,77,146
100900069,566,16,550
100900070,297,1,296
100900071,703,254,449
100900072,3,56,-53
100900073,142,439,-297
100900074,10,10,0
100900075,1320,389,931
100900076,33,39,-6
100900077,23,62,-39
100900078,83,267,-184
100900079,2,40,-38
100900080,37,184,-147
100900081,34,109,-75
100900082,122,525,-403
100900083,4,31,-27
100900085,19,215,-196
100900086,200,836,-636
100900088,133,518,-385
100900089,2,23,-21
100900090,156,450,-294
100900091,2,19,-17
100900092,243,211,32
100900093,197,258,-61
100900094,117,489,-372
100900095,1,43,-42
100900096,39,83,-44
100900097,2,6,-4
100900098,27,27,0
100900099,37,452,-415
100900100,3,442,-439
100900101,277,36,241
100900102,404,133,271
100900103,22,23,-1
100900104,7,144,-137
100900105,29,463,-434
100900106,67,6,61
100900107,1592,707,885
100900108,14,28,-14
100900109,11,31,-20
100900110,7,37,-30
100900111,71,170,-99
100900112,3,8,-5
100900113,14,21,-7
100900114,13,17,-4
100900115,2,33,-31
100900116,731,693,38
100900117,252,650,-398
100900118,21,57,-36
100900119,12,18,-6
100900120,5,10,-5
100900121,295,583,-288
100900122,186,194,-8
100900123,57,261,-204
100900124,26,5,21
100900125,22,52,-30
100900126,125,858,-733
100900127,4,5,-1
100900128,74,112,-38
100900129,0,135,-135
100900131,77,253,-176
100900133,60,70,-10
100900134,7,2,5
100900135,0,136,-136
100900137,339,153,186
100900138,550,459,91
100900139,2,10,-8
100900140,4,372,-368
100900141,0,436,-436
100900142,2,6,-4
100900143,1367,421,946
100900144,19,5,14
100900145,808,268,540
100900146,0,0,0
100900147,11,304,-293
100900148,43,664,-621
100900149,58,211,-153
100900150,0,0,0
100900151,134,492,-358
100900152,160,3,157
100900153,10,150,-140
100900154,9,66,-57
100900155,13,13,0
100900156,16,13,3
100900157,11,165,-154
100900159,2,31,-29
100900160,19,5,14
100900161,82,6,76
100900162,10,273,-263
100900163,241,277,-36
100900164,44,85,-41
100900165,2,16,-14
100900166,25,9,16
100900167,17,62,-45
100900168,42,121,-79
100900169,127,805,-678
100900170,58,9,49
100900171,50,475,-425
100900172,0,6,-6
100900173,8,327,-319
100900174,485,84,401
100900176,1433,178,1255
100900177,562,205,357
100900178,403,168,235
100900179,167,302,-135
100900180,45,4,41
100900181,97,60,37
100900182,36,13,23
100900184,8,131,-123
100900186,695,419,276
100900187,21,97,-76
100900188,21,3,18
100900189,940,240,700
100900191,1063,963,100
100900192,266,302,-36
100900195,82,146,-64
100900197,22,59,-37
100900198,28,189,-161
100900199,13,11,2
100900200,548,446,102
100900201,72,551,-479
100900202,211,0,211
100900203,1,133,-132
100900204,441,746,-305
100900205,155,461,-306
100900206,120,51,69
100900207,249,122,127
100900210,113,476,-363
100900211,429,173,256
100900213,170,50,120
100900214,731,163,568
100900215,8,45,-37
100900217,163,112,51
101000001,3715,2308,1407
101000002,4847,4648,199
101000003,567,1764,-1197
101000004,1383,3238,-1855
101000005,2347,4015,-1668
101000006,1975,5233,-3258
101000007,1489,1892,-403
101000008,9755,4593,5162
101000009,1959,1458,501
101000010,907,1203,-296
101000011,1537,553,984
101000012,1791,834,957
101000013,561,1072,-511
101000014,532,614,-82
101000015,976,766,210
101000016,378,356,22
101000017,971,574,397
101000018,5622,2596,3026
101000020,6142,1696,4446
101000021,931,444,487
101000022,94,51,43
101000023,2000,740,1260
101000025,67,168,-101
101000026,329,15,314
101000027,1657,1591,66
101000028,1240,253,987
101000029,239,1628,-1389
101000030,1773,84,1689
101000031,973,455,518
101000032,9420,4701,4719
101000033,2689,3306,-617
101000034,2774,1717,1057
101000035,1505,592,913
101000036,2362,1079,1283
101000037,3949,1888,2061
101000039,4192,2213,1979
101000040,4435,3581,854
101000041,11476,7360,4116
101000042,682,1185,-503
101000043,6868,4950,1918
101000045,1780,955,825
101000046,3867,1521,2346
101000047,2227,2893,-666
101000048,738,562,176
101000049,902,1900,-998
101000050,1824,1510,314
101000051,2246,2313,-67
101000052,1647,917,730
101000053,1009,1464,-455
101000054,1518,1219,299
101000055,1222,1183,39
101000056,55,103,-48
101000057,2464,1269,1195
101000058,1529,1205,324
101000059,2935,2155,780
101000060,2143,607,1536
101000061,975,1382,-407
101000062,1192,694,498
101000063,763,908,-145
101000064,1326,1049,277
101000065,443,420,23
101000066,1115,870,245
101000067,1436,938,498
101000068,465,513,-48
101000069,390,100,290
101000070,1573,1039,534
101000071,1897,913,984
101000072,725,2646,-1921
101000073,989,913,76
101000074,6590,3207,3383
101000075,5650,5355,295
101000077,1461,1069,392
101000078,759,1426,-667
101000079,779,368,411
101000080,656,446,210
101000081,1801,1496,305
101000082,3287,3335,-48
101000083,2510,2126,384
101000084,1465,1017,448
101000085,1523,1194,329
101000086,1176,1100,76
101000087,919,1093,-174
101000088,1074,1091,-17
101000089,861,1540,-679
101000090,2123,1342,781
101000091,463,1076,-613
101000092,911,1091,-180
101000093,1450,869,581
101000094,879,923,-44
101000095,456,620,-164
101000096,392,597,-205
101000097,478,395,83
101000098,450,461,-11
101000099,1164,1075,89
101000100,931,786,145
101000101,303,365,-62
101000102,1042,508,534
101000103,946,487,459
101000104,385,637,-252
101000105,783,411,372
101000106,835,673,162
101000107,232,298,-66
101000108,843,302,541
101000109,275,69,206
101000110,27,474,-447
101000111,200,228,-28
101000113,390,827,-437
101000114,11138,7000,4138
101000115,254,166,88
101000116,271,171,100
101000117,1241,379,862
101000119,77,42,35
101000120,114,32,82
101000121,69,61,8
101000122,142,92,50
101000123,90,93,-3
101000124,681,223,458
101000125,314,499,-185
101000128,491,321,170
101000130,573,754,-181
101000131,725,678,47
101000132,520,950,-430
101000135,69,45,24
101000136,456,160,296
101000137,30,269,-239
101000141,1619,2744,-1125
101000147,996,596,400
101000148,1340,20,1320
101000149,355,385,-30
101000150,55,738,-683
101000151,251,72,179
101000152,311,349,-38
101000153,619,286,333
101000154,237,979,-742
101000155,229,117,112
101000156,21,264,-243
101000157,64,27,37
101000160,63,54,9
101000163,237,243,-6
101000164,476,307,169
101000165,223,362,-139
101000166,234,354,-120
101000168,793,405,388
101000252,1654,894,760
101000254,473,118,355
101000258,32,6,26
101000261,168,33,135
101000262,1134,1748,-614
101000263,282,836,-554
101000265,99,769,-670
101000266,768,257,511
101000269,53,10,43
101000290,1644,3448,-1804
101000293,22,107,-85
101000294,592,498,94
101000295,186,506,-320
101000301,985,483,502
101000304,1856,2527,-671
101000305,3172,1353,1819
101000328,163,386,-223
101900001,27,106,-79
101900002,0,14,-14
101900003,84,82,2
101900004,13,77,-64
101900005,3470,1742,1728
101900006,1033,410,623
101900007,791,201,590
101900008,84,388,-304
101900009,52,526,-474
101900010,1172,755,417
101900011,177,1249,-1072
101900012,210,351,-141
101900013,1113,175,938
101900017,19,180,-161
101900018,1088,244,844
101900019,285,169,116
101900020,147,62,85
101900021,2,36,-34
101900022,222,1031,-809
101900023,203,285,-82
101900026,114,31,83
101900027,20,127,-107
102000001,1447,2402,-955
102000002,758,421,337
102000003,3407,5947,-2540
102000004,4959,2191,2768
102000005,1378,2232,-854
102000006,4170,2145,2025
102000007,1599,3577,-1978
102000008,2824,1640,1184
102000009,5339,6618,-1279
102000010,4627,2686,1941
102000011,4653,3900,753
102000012,8814,5202,3612
102000018,2566,2422,144
102000019,2522,1468,1054
102000026,172,489,-317
102000029,281,276,5
102000030,97,362,-265
102000031,88,153,-65
102000032,375,312,63
102000033,262,380,-118
102000034,402,342,60
102000035,1021,704,317
102000036,12,230,-218
102000038,55,87,-32
102000039,224,73,151
102000040,399,201,198
102000041,192,334,-142
102000042,206,252,-46
102000043,377,190,187
102000044,316,391,-75
102000045,1147,886,261
102000046,954,746,208
102000047,697,1019,-322
102000048,246,631,-385
102000049,824,711,113
102000050,1068,1247,-179
102000051,469,608,-139
102000052,1195,861,334
102000053,754,795,-41
102000054,585,855,-270
102000055,1087,698,389
102000056,703,1188,-485
102000057,1282,457,825
102000058,1010,1508,-498
102000059,1335,1177,158
102000060,1226,1124,102
102000061,1690,1900,-210
102000062,1568,1215,353
102000063,1102,1371,-269
102000064,719,849,-130
102000065,52,161,-109
102000066,1032,919,113
102000067,1852,2184,-332
102000068,8456,2876,5580
102000069,117,1443,-1326
102000070,1967,89,1878
102000071,7598,8884,-1286
102000072,3259,3828,-569
102000073,1504,1202,302
102000074,826,913,-87
102000075,132,423,-291
102000076,408,702,-294
102000077,540,1073,-533
102000078,877,830,47
102000079,225,255,-30
102000080,62,72,-10
102000081,370,889,-519
102000082,1036,890,146
102000083,425,331,94
102000084,249,328,-79
102000085,1509,993,516
102000086,1025,958,67
102000087,849,1608,-759
102000088,407,292,115
102000089,1205,374,831
102000090,513,1120,-607
102000091,1661,584,1077
102000092,343,723,-380
102000093,861,825,36
102000094,985,693,292
102000095,970,943,27
102000096,731,762,-31
102000097,822,751,71
102000098,677,656,21
102000099,821,749,72
102000100,872,1254,-382
102000101,1204,802,402
102000102,543,1466,-923
102000103,1342,428,914
102000104,704,345,359
102000105,270,622,-352
102000106,822,712,110
102000107,667,441,226
102000108,930,217,713
102000109,768,655,113
102000110,496,558,-62
102000111,644,850,-206
102000112,449,139,310
102000113,15,28,-13
102000114,758,523,235
102000115,233,303,-70
102000116,622,418,204
102000117,358,613,-255
102000118,1313,1049,264
102000119,1963,778,1185
102000120,304,425,-121
102000121,813,810,3
102000122,625,738,-113
102000123,1221,1060,161
102000124,1228,1100,128
102000125,923,867,56
102000126,886,825,61
102000127,1046,797,249
102000128,757,904,-147
102000129,1362,829,533
102000130,690,870,-180
102000131,1753,822,931
102000132,821,1194,-373
102000133,1606,1673,-67
102000134,674,812,-138
102000135,851,731,120
102000136,1024,540,484
102000137,781,809,-28
102000138,212,304,-92
102000139,156,404,-248
102000140,319,475,-156
102000141,260,448,-188
102000142,293,378,-85
102000143,116,401,-285
102000144,310,456,-146
102000145,416,497,-81
102000146,393,319,74
102000147,498,477,21
102000148,204,665,-461
102000149,123,452,-329
102000150,288,121,167
102000151,90,307,-217
102000152,156,124,32
102000153,1252,621,631
102000154,315,722,-407
102000155,93,346,-253
102000156,334,116,218
102000157,113,347,-234
102000158,528,408,120
102000159,965,429,536
102000161,3346,1829,1517
102000162,425,277,148
102000163,94,495,-401
102000164,927,991,-64
102000165,392,137,255
102000166,177,221,-44
102000167,293,239,54
102000168,350,181,169
102000169,117,419,-302
102000170,554,172,382
102000171,253,199,54
102000172,197,320,-123
102000173,497,254,243
102000174,66,70,-4
102000175,348,104,244
102000176,92,23,69
102000178,265,444,-179
102000179,285,257,28
102000180,1107,494,613
102000181,603,597,6
102000182,672,514,158
102000183,1807,1829,-22
102000184,759,345,414
102000185,2275,1485,790
102000186,1549,1512,37
102000187,1080,1745,-665
102000188,1231,1365,-134
102000189,2656,1633,1023
102000190,617,2353,-1736
102000191,1228,487,741
102000192,1134,1321,-187
102000193,69,120,-51
102000194,34,128,-94
102000195,427,456,-29
102000196,182,394,-212
102000197,581,495,86
102000198,195,703,-508
102000199,1039,348,691
102000200,267,933,-666
102000201,927,533,394
102000202,6,106,-100
102000203,327,233,94
102000204,348,577,-229
102000205,1054,381,673
102000206,584,743,-159
102000207,1200,421,779
102000208,518,522,-4
102000209,260,51,209
102000210,773,439,334
102000211,423,297,126
102000212,380,17,363
102000213,5,320,-315
102000214,268,11,257
102000215,9,382,-373
102000216,49,66,-17
102000217,15,120,-105
102000218,259,224,35
102000219,471,216,255
102000225,790,538,252
102000226,3090,904,2186
102000227,121,3,118
102000228,4,113,-109
102000229,25,47,-22
102000230,191,377,-186
102000231,756,497,259
102000232,40,141,-101
102000233,717,966,-249
102000234,123,1151,-1028
102000236,474,135,339
102000237,516,127,389
102000238,320,397,-77
102000240,695,861,-166
102000241,257,117,140
102000243,37,101,-64
102000245,26,132,-106
102000246,5,38,-33
102000247,1319,1062,257
102000248,949,1248,-299
102000249,555,535,20
102000250,129,423,-294
102000254,90,328,-238
102000266,35,300,-265
102000271,33,0,33
102000286,469,387,82
102000297,1917,1294,623
102000303,0,0,0
102000305,0,0,0
102000307,0,4,-4
102900001,1272,926,346
102900002,409,44,365
102900003,91,236,-145
102900005,317,262,55
102900006,424,158,266
102900007,421,18,403
102900008,200,50,150
102900009,572,257,315
102900010,721,753,-32
102900011,1656,228,1428
102900012,328,54,274
102900013,24,84,-60
102900015,630,540,90
102900016,61,130,-69
102900017,147,636,-489
102900018,38,181,-143
102900019,463,399,64
102900020,136,36,100
102900021,11,121,-110
102900022,843,188,655
102900023,26,56,-30
102900024,52,42,10
102900025,284,151,133
102900026,381,1702,-1321
102900027,77,54,23
102900028,160,687,-527
102900029,166,169,-3
102900030,606,291,315
102900031,152,137,15
102900032,70,99,-29
102900033,142,192,-50
102900034,497,82,415
102900035,104,304,-200
102900036,295,519,-224
102900037,679,574,105
102900038,610,510,100
102900039,23,491,-468
102900040,105,251,-146
102900041,34,138,-104
102900042,127,267,-140
102900043,126,263,-137
102900044,523,1947,-1424
102900045,112,568,-456
102900046,132,252,-120
102900047,79,477,-398
102900048,579,588,-9
102900049,130,426,-296
102900050,295,342,-47
102900051,247,218,29
102900053,423,635,-212
102900054,615,832,-217
102900055,83,174,-91
102900056,92,408,-316
102900057,4,44,-40
102900058,280,49,231
102900059,30,61,-31
102900060,127,443,-316
102900061,205,462,-257
102900062,200,1028,-828
102900063,1074,388,686
102900064,125,353,-228
102900065,1343,387,956
102900066,320,34,286
102900068,102,74,28
102900070,237,517,-280
102900072,86,50,36
102900073,282,19,263
102900075,28,69,-41
102900076,187,132,55
102900077,68,50,18
102900078,32,86,-54
102900079,142,21,121
102900080,316,44,272
102900081,89,273,-184
102900082,21,194,-173
102900083,220,8,212
102900084,3,34,-31
102900085,434,142,292
102900086,13,62,-49
102900087,105,103,2
102900088,30,32,-2
102900089,239,100,139
102900090,3,339,-336
102900091,139,6,133
102900092,198,940,-742
102900094,4,88,-84
102900095,101,0,101
102900096,83,27,56
102900097,2,110,-108
103000001,2278,2765,-487
103000002,1922,2375,-453
103000003,3260,2715,545
103000004,963,719,244
103000005,1563,2717,-1154
103000006,654,1477,-823
103000007,430,663,-233
103000008,719,456,263
103000009,906,933,-27
103000010,277,168,109
103000011,1475,1259,216
103000012,1199,1494,-295
103000013,4000,2178,1822
103000014,1358,2214,-856
103000015,1513,705,808
103000016,457,1154,-697
103000017,173,368,-195
103000018,619,412,207
103000019,254,201,53
103000020,2537,1444,1093
103000021,1813,1664,149
103000022,831,1080,-249
103000023,623,1485,-862
103000024,121,209,-88
103000025,114,456,-342
103000026,1355,151,1204
103000027,391,450,-59
103000028,453,381,72
103000029,277,285,-8
103000030,1739,952,787
103000031,1533,1577,-44
103000032,2433,1997,436
103000033,3001,2571,430
103000034,1482,1243,239
103000035,390,1253,-863
103000036,412,527,-115
103000037,581,511,70
103000038,404,888,-484
103000039,440,413,27
103000040,419,938,-519
103000041,1629,2426,-797
103000042,1189,518,671
103000043,682,962,-280
103000044,297,211,86
103000046,317,519,-202
103000047,670,664,6
103000048,206,236,-30
103000049,130,182,-52
103000050,663,534,129
103000051,421,486,-65
103000052,820,375,445
103000053,156,545,-389
103000054,2652,1844,808
103000055,2024,2392,-368
103000056,734,1959,-1225
103000057,536,297,239
103000058,450,1059,-609
103000059,444,927,-483
103000060,827,560,267
103000061,373,1018,-645
103000062,1055,637,418
103000063,630,913,-283
103000064,170,254,-84
103000065,19,464,-445
103000066,203,15,188
103000069,521,436,85
103000070,1379,911,468
103000071,991,512,479
103000072,114,630,-516
103000073,441,92,349
103000074,497,91,406
103000075,126,670,-544
103000076,333,249,84
103000077,62,348,-286
103000078,1192,609,583
103000079,761,676,85
103000080,1333,411,922
103000081,659,1080,-421
103000082,527,195,332
103000083,108,331,-223
103000084,119,6,113
103000085,5,133,-128
103000086,686,398,288
103000087,158,485,-327
103000088,383,343,40
103000089,206,374,-168
103000090,1691,758,933
103000091,598,432,166
103000092,243,347,-104
103000093,302,379,-77
103000094,217,91,126
103000095,73,345,-272
103000096,570,108,462
103000097,95,713,-618
103000098,847,161,686
103000099,303,625,-322
103000100,103,731,-628
103000101,737,116,621
103000102,102,647,-545
103000103,546,204,342
103000104,67,98,-31
103000105,114,118,-4
103000106,6,111,-105
103000107,220,55,165
103000108,944,763,181
103000109,373,414,-41
103000110,524,437,87
103000111,451,436,15
103000112,389,205,184
103000113,594,677,-83
103000114,1380,478,902
103000115,484,548,-64
103000116,539,472,67
103000117,338,517,-179
103000118,869,694,175
103000119,1214,664,550
103000120,97,126,-29
103000121,675,1118,-443
103000122,683,845,-162
103000125,13,252,-239
103000126,542,1,541
103000127,2,162,-160
103000128,169,0,169
103000129,3,89,-86
103000130,81,32,49
103000131,162,101,61
103000132,101,152,-51
103000133,11,126,-115
103000134,704,731,-27
103000135,565,309,256
103000136,757,427,330
103000137,567,611,-44
103000138,813,701,112
103000139,3,78,-75
103000140,130,24,106
103000141,79,123,-44
103000142,266,72,194
103000143,70,174,-104
103000144,222,61,161
103000145,42,149,-107
103000150,122,54,68
103000152,223,272,-49
103000153,221,180,41
103000156,3,312,-309
103000157,422,0,422
103000159,93,22,71
103000162,130,59,71
103000163,51,102,-51
103000164,53,13,40
103000165,133,334,-201
103000166,216,251,-35
103000167,146,113,33
103000168,79,211,-132
103000169,188,359,-171
103000170,727,426,301
103000171,108,74,34
103000172,391,377,14
103000173,444,633,-189
103000174,130,406,-276
103000175,311,344,-33
103000176,782,550,232
103000177,658,465,193
103000178,388,294,94
103000179,378,55,323
103000183,107,10,97
103000185,79,49,30
103000186,89,209,-120
103000187,452,424,28
103000188,14,76,-62
103000189,914,931,-17
103000191,388,404,-16
103000292,1616,1588,28
103000293,954,1661,-707
103000295,112,98,14
103000296,510,4,506
103000297,11,9,2
103000504,0,18,-18
103000505,11,25,-14
103000506,2,313,-311
103000507,231,5,226
103000508,42,34,8
103000509,768,761,7
103900001,1,235,-234
103900002,1188,229,959
103900003,1217,18,1199
103900004,171,2,169
103900005,1,238,-237
103900006,5,2,3
103900007,17,0,17
103900008,6,0,6
103900010,151,444,-293
103900012,7,18,-11
103900014,58,25,33
103900015,58,7,51
103900017,39,110,-71
103900018,874,214,660
103900019,104,357,-253
103900020,219,390,-171
103900021,470,42,428
103900022,1019,739,280
103900023,108,2,106
103900024,86,327,-241
103900025,25,43,-18
103900026,171,3,168
103900027,759,289,470
103900028,173,510,-337
103900029,1072,140,932
103900030,358,77,281
103900031,30,10,20
103900032,71,63,8
103900033,63,9,54
103900034,29,167,-138
103900035,80,43,37
103900036,47,27,20
103900037,103,65,38
103900038,89,201,-112
103900039,57,366,-309
103900040,11,116,-105
103900041,49,64,-15
103900042,78,387,-309
103900043,145,98,47
103900044,140,207,-67
103900045,502,178,324
103900047,49,23,26
103900048,485,45,440
103900049,308,1095,-787
103900050,4,113,-109
103900051,1,48,-47
103900052,187,429,-242
103900053,173,612,-439
103900054,101,442,-341
103900055,396,200,196
103900056,77,48,29
103900057,27,221,-194
103900058,186,632,-446
103900059,2,44,-42
103900060,40,158,-118
103900061,140,61,79
103900062,256,73,183
103900063,7,0,7
103900064,93,5,88
103900065,965,291,674
103900066,111,16,95
103900067,130,5,125
103900068,9,2,7
103900069,52,39,13
103900070,145,197,-52
103900071,22,113,-91
103900072,19,228,-209
103900073,44,35,9
103900074,89,72,17
103900075,209,88,121
103900076,376,567,-191
103900077,43,96,-53
103900078,251,94,157
103900079,181,196,-15
103900080,6,38,-32
103900081,156,37,119
103900082,5,134,-129
103900083,1620,861,759
103900084,126,119,7
103900085,63,138,-75
103900086,477,347,130
103900088,507,549,-42
103900089,49,147,-98
103900090,0,129,-129
103900091,1321,294,1027
103900092,525,446,79
103900093,80,299,-219
103900094,9,129,-120
103900095,246,159,87
103900096,21,289,-268
103900097,8,477,-469
103900098,180,78,102
103900099,61,172,-111
103900100,172,345,-173
103900101,223,1091,-868
103900102,3,28,-25
103900104,3,47,-44
103900105,142,316,-174
103900106,3,165,-162
103900107,85,208,-123
103900108,62,334,-272
103900109,113,66,47
103900110,152,35,117
103900111,62,519,-457
103900112,22,112,-90
103900113,144,197,-53
103900114,327,318,9
103900115,255,204,51
103900116,5880,2488,3392
103900117,170,78,92
103900119,18,86,-68
103900120,71,116,-45
103900122,97,250,-153
103900123,1609,760,849
103900124,80,516,-436
103900125,90,98,-8
103900126,400,407,-7
103900127,365,320,45
103900128,622,315,307
103900131,42,181,-139
103900133,798,76,722
103900134,2,7,-5
103900135,1,10,-9
103900137,1,34,-33
103900138,110,262,-152
103900139,465,1940,-1475
103900140,14,89,-75
103900141,233,49,184
103900142,122,107,15
103900143,61,3,58
103900144,0,61,-61
103900145,143,211,-68
103900146,195,228,-33
103900147,283,116,167
103900148,407,736,-329
103900149,234,667,-433
103900150,5613,3084,2529
103900151,54,153,-99
103900152,424,573,-149
103900153,8,0,8
103900154,853,1332,-479
103900155,33,217,-184
103900156,44,157,-113
103900157,25,242,-217
103900158,82,204,-122
103900159,126,67,59
103900160,61,55,6
103900161,95,182,-87
103900162,372,406,-34
103900163,15,485,-470
103900167,13,98,-85
103900168,71,105,-34
103900169,59,47,12
103900170,2,99,-97
103900171,2,53,-51
103900172,10,15,-5
103900173,8,21,-13
103900174,145,55,90
103900175,57,58,-1
103900176,16,54,-38
103900177,23,92,-69
103900178,54,46,8
103900179,54,99,-45
103900180,13,79,-66
103900181,68,50,18
103900182,55,16,39
103900184,419,60,359
103900185,159,253,-94
103900187,16,47,-31
103900188,55,14,41
103900189,115,12,103
103900190,49,60,-11
103900191,35,57,-22
103900192,30,147,-117
103900193,151,218,-67
103900194,38,237,-199
103900195,12,78,-66
103900196,39,42,-3
103900197,7,49,-42
103900198,7,51,-44
103900199,145,72,73
103900200,172,160,12
103900201,132,230,-98
103900202,24,80,-56
103900203,32,22,10
103900204,2,100,-98
103900207,1,98,-97
103900208,80,1,79
103900209,5,85,-80
103900210,37,31,6
103900211,388,333,55
103900212,239,525,-286
103900213,109,329,-220
103900214,371,178,193
103900215,644,418,226
103900216,13,367,-354
103900217,347,12,335
103900218,48,392,-344
103900219,141,238,-97
103900233,25,0,25
103900235,20,10,10
103900236,23,4,19
103900242,23,35,-12
103900243,7,9,-2
103900244,82,234,-152
103900245,87,214,-127
103900246,58,25,33
103900247,23,138,-115
103900248,20,54,-34
103900249,25,49,-24
103900250,19,32,-13
103900251,4,44,-40
103900253,30,84,-54
103900254,0,35,-35
103900255,19,27,-8
103900256,17,24,-7
103900257,171,130,41
103900258,43,6,37
103900259,64,5,59
103900261,12,10,2
103900262,26,1,25
103900263,65,43,22
103900264,55,44,11
103900265,115,33,82
103900266,3,53,-50
103900267,15,106,-91
103900268,19,111,-92
103900269,112,38,74
103900270,60,253,-193
103900271,26,80,-54
103900272,44,67,-23
103900273,16,44,-28
103900274,70,5,65
103900275,47,5,42
103900276,11,64,-53
103900277,3,70,-67
103900278,2,45,-43
103900279,2,32,-30
103900280,2,94,-92
104000001,2073,1895,178
104000002,1477,2369,-892
104000003,2153,2251,-98
104000004,2671,2583,88
104000005,1265,1950,-685
104000006,2954,2827,127
104000007,3918,4013,-95
104000008,203,345,-142
104000009,203,118,85
104000010,125,260,-135
104000011,455,346,109
104000012,166,377,-211
104000013,162,182,-20
104000014,160,724,-564
104000015,267,123,144
104000016,548,493,55
104000018,733,161,572
104000019,521,154,367
104000020,167,756,-589
104000021,272,781,-509
104000022,157,348,-191
104000023,789,351,438
104000024,234,367,-133
104000026,32,418,-386
104000027,234,391,-157
104000028,336,204,132
104000029,324,437,-113
104000030,269,192,77
104000031,1067,421,646
104000032,205,273,-68
104000033,500,498,2
104000034,247,283,-36
104000035,821,388,433
104000036,713,522,191
104000037,231,265,-34
104000038,371,439,-68
104000039,142,235,-93
104000040,312,416,-104
104000041,971,307,664
104000042,212,335,-123
104000043,279,420,-141
104000044,219,624,-405
104000045,957,1192,-235
104000046,1115,1590,-475
104000047,837,1280,-443
104000048,998,1713,-715
104000049,650,258,392
104000050,151,571,-420
104000051,99,598,-499
104000052,2490,1886,604
104000053,1711,552,1159
104000054,601,415,186
104000055,3567,2229,1338
104000056,1414,299,1115
104000057,232,666,-434
104000058,812,708,104
104000059,520,1118,-598
104000060,1013,1106,-93
104000061,1309,1020,289
104000062,436,176,260
104000064,437,224,213
104000065,277,643,-366
104000069,1176,1040,136
104000070,53,491,-438
104000071,305,567,-262
104000072,662,333,329
104000075,65,279,-214
104000076,466,95,371
104000082,1868,2546,-678
104000083,770,187,583
104000084,152,557,-405
104000085,278,255,23
104000086,159,424,-265
104000087,490,1541,-1051
104000090,654,1196,-542
104000092,937,2128,-1191
104000094,934,1381,-447
104000095,1746,1414,332
104000096,1124,267,857
104000097,1420,825,595
104000098,1979,1010,969
104000100,1409,581,828
104000101,1249,1656,-407
104000106,155,681,-526
104000107,605,464,141
104000108,275,458,-183
104000109,302,83,219
104000110,832,1022,-190
104000111,3344,1839,1505
104000112,2148,489,1659
104000116,5,861,-856
104000117,128,568,-440
104000118,500,265,235
104000119,634,302,332
104000120,288,621,-333
104000121,188,634,-446
104000122,635,653,-18
104000123,715,1126,-411
104000124,922,1953,-1031
104000125,2813,3199,-386
104000126,380,378,2
104000127,1587,3212,-1625
104000128,660,400,260
104000129,322,50,272
104000130,7,195,-188
104000131,648,582,66
104000132,613,722,-109
104000133,1376,838,538
104000134,882,1406,-524
104000135,424,1441,-1017
104000136,702,3281,-2579
104000137,1451,404,1047
104000138,877,278,599
104000139,6114,2617,3497
104000141,1077,1323,-246
104000142,562,792,-230
104000143,471,660,-189
104000144,89,205,-116
104000145,334,213,121
104000146,307,560,-253
104000147,151,298,-147
104000148,284,135,149
104000149,155,315,-160
104000150,913,398,515
104000151,367,498,-131
104000152,543,597,-54
104000153,458,465,-7
104000154,1066,591,475
104000155,449,540,-91
104000157,881,1557,-676
104000158,437,457,-20
104000159,799,515,284
104000160,1557,1790,-233
104000161,166,181,-15
104000162,80,163,-83
104000165,1192,1071,121
104000167,520,819,-299
104000168,454,25,429
104000169,70,24,46
104000170,447,416,31
104000248,278,491,-213
104000251,67,242,-175
104000272,0,0,0
104000273,0,0,0
104000274,0,0,0
104000275,0,0,0
104000279,2858,2104,754
104000290,84,265,-181
104000291,629,1027,-398
104000293,680,840,-160
104000294,20,0,20
104000295,540,703,-163
104000296,313,694,-381
104000297,727,1689,-962
104000298,2058,797,1261
104000299,714,1476,-762
104000302,125,156,-31
104000303,174,145,29
104900001,186,457,-271
104900002,46,116,-70
104900003,57,370,-313
104900004,81,302,-221
104900005,166,194,-28
104900006,226,99,127
104900007,181,190,-9
104900009,129,300,-171
104900010,63,58,5
104900011,71,14,57
104900012,215,38,177
104900013,128,12,116
104900014,2485,224,2261
104900015,108,4,104
104900016,246,241,5
104900017,142,195,-53
104900018,10,171,-161
104900019,293,2134,-1841
104900020,49,237,-188
104900021,1,141,-140
104900022,5,245,-240
104900023,1,92,-91
104900024,39,230,-191
104900025,81,205,-124
104900026,1,85,-84
104900027,383,251,132
104900028,30,105,-75
104900029,57,111,-54
104900030,404,209,195
104900031,107,207,-100
104900032,42,91,-49
104900033,114,240,-126
104900034,271,139,132
104900035,256,159,97
104900036,147,88,59
104900037,126,209,-83
104900038,374,722,-348
104900039,612,230,382
104900040,412,99,313
104900041,189,163,26
104900042,124,171,-47
104900043,19,108,-89
104900044,475,189,286
104900045,434,58,376
104900046,166,115,51
104900047,252,139,113
104900048,238,38,200
104900049,20,11,9
104900050,356,87,269
104900051,221,39,182
104900052,41,0,41
104900053,361,112,249
104900054,125,26,99
104900055,90,1,89
104900056,188,18,170
104900057,36,3,33
104900058,642,257,385
104900059,154,67,87
104900061,199,496,-297
104900063,65,127,-62
104900064,2,67,-65
104900065,0,124,-124
104900066,4,114,-110
104900067,0,237,-237
104900068,14,163,-149
104900070,187,274,-87
104900071,2,442,-440
104900072,47,330,-283
104900073,48,156,-108
104900074,36,246,-210
104900075,52,23,29
104900076,76,382,-306
104900077,722,196,526
104900078,169,651,-482
104900079,95,370,-275
104900080,74,633,-559
104900082,18,491,-473
104900085,2,168,-166
104900089,110,0,110
104900091,2043,515,1528
104900093,205,512,-307
104900097,2240,1892,348
104900098,84,54,30
104900099,33,413,-380
104900100,378,207,171
104900102,43,133,-90
104900103,411,61,350
104900106,108,93,15
104900107,172,175,-3
104900108,50,188,-138
104900109,95,197,-102
104900110,7,48,-41
104900111,103,87,16
104900112,199,644,-445
104900113,581,324,257
104900114,326,417,-91
104900115,552,448,104
104900116,206,217,-11
104900118,23,67,-44
104900119,3,44,-41
104900120,74,211,-137
104900121,0,63,-63
104900122,7,83,-76
104900123,44,8,36
104900124,42,0,42
104900125,379,147,232
104900126,85,39,46
104900127,23,62,-39
104900128,120,143,-23
104900129,1383,1296,87
105000001,2250,1461,789
105000002,2119,1496,623
105000003,2961,3087,-126
105000004,498,964,-466
105000005,582,851,-269
105000006,1204,1578,-374
105000007,1134,1202,-68
105000008,1825,2460,-635
105000009,1820,2721,-901
105000010,2682,2011,671
105000011,2999,2572,427
105000012,4101,2966,1135
105000013,892,1036,-144
105000014,1652,2400,-748
105000015,8732,11562,-2830
105000016,3047,1896,1151
105000017,1704,909,795
105000018,1175,1290,-115
105000019,1130,702,428
105000020,225,370,-145
105000021,295,78,217
105000022,336,85,251
105000023,527,427,100
105000028,102,161,-59
105000029,599,1114,-515
105000030,3748,2702,1046
105000031,8,36,-28
105000033,1557,2234,-677
105000034,116,818,-702
105000037,644,315,329
105000038,1674,1493,181
105000039,2709,1568,1141
105000040,1197,917,280
105000041,976,1376,-400
105000042,2948,1494,1454
105000043,1997,2046,-49
105000044,508,412,96
105000045,348,877,-529
105000046,918,319,599
105000047,448,1503,-1055
105000048,542,205,337
105000049,308,582,-274
105000050,616,347,269
105000051,192,472,-280
105000052,649,759,-110
105000053,176,208,-32
105000054,521,835,-314
105000055,990,365,625
105000056,1472,1889,-417
105000057,1453,799,654
105000058,1157,1210,-53
105000059,550,538,12
105000060,418,578,-160
105000061,439,575,-136
105000062,588,778,-190
105000063,303,472,-169
105000064,1107,827,280
105000065,310,565,-255
105000066,1019,1333,-314
105000067,1130,732,398
105000068,504,842,-338
105000069,1829,1346,483
105000070,684,833,-149
105000071,242,665,-423
105000072,1034,1758,-724
105000073,776,490,286
105000074,1048,795,253
105000075,467,816,-349
105000076,1209,1024,185
105000077,2666,971,1695
105000078,1128,1292,-164
105000079,1537,3411,-1874
105000080,1487,1181,306
105000081,4420,1528,2892
105000082,1118,1669,-551
105000083,5146,3389,1757
105000084,772,938,-166
105000085,1712,1711,1
105000086,630,938,-308
105000087,1466,1766,-300
105000088,1409,1463,-54
105000089,2714,1981,733
105000090,1058,765,293
105000091,1332,1433,-101
105000092,671,908,-237
105000093,287,226,61
105000094,274,204,70
105000095,122,515,-393
105000096,1268,928,340
105000097,964,552,412
105000098,772,655,117
105000099,1305,990,315
105000100,1085,975,110
105000101,2224,1973,251
105000102,1539,1316,223
105000103,1241,2127,-886
105000104,2161,884,1277
105000105,1357,2015,-658
105000106,1467,1654,-187
105000107,1127,857,270
105000108,1241,1372,-131
105000109,1249,1587,-338
105000110,665,491,174
105000111,647,809,-162
105000112,1124,606,518
105000113,327,833,-506
105000114,2510,1034,1476
105000115,376,1109,-733
105000116,610,482,128
105000117,866,1058,-192
105000118,426,429,-3
105000119,672,935,-263
105000120,790,567,223
105000121,709,1017,-308
105000122,415,644,-229
105000123,1241,1243,-2
105000124,1572,702,870
105000125,677,1859,-1182
105000126,1663,1664,-1
105000127,2015,2037,-22
105000128,811,1141,-330
105000129,673,368,305
105000130,406,2582,-2176
105000131,808,372,436
105000132,695,589,106
105000133,465,918,-453
105000134,616,517,99
105000135,494,579,-85
105000136,124,342,-218
105000137,433,230,203
105000138,193,379,-186
105000139,947,1010,-63
105000140,375,542,-167
105000141,279,596,-317
105000142,181,433,-252
105000143,183,704,-521
105000144,274,912,-638
105000145,614,412,202
105000146,402,870,-468
105000147,540,304,236
105000148,1089,655,434
105000149,1845,1825,20
105000150,1912,1447,465
105000151,369,408,-39
105000152,186,444,-258
105000153,517,635,-118
105000154,550,554,-4
105000155,308,881,-573
105000156,844,618,226
105000157,669,1425,-756
105000158,1647,706,941
105000159,248,851,-603
105000160,1422,668,754
105000161,569,953,-384
105000162,484,1428,-944
105000163,888,793,95
105000164,209,230,-21
105000165,872,3897,-3025
105000166,4327,680,3647
105000167,1929,1229,700
105000168,327,627,-300
105000169,478,541,-63
105000170,174,1418,-1244
105000171,975,201,774
105000172,164,128,36
105000173,170,366,-196
105000174,57,107,-50
105000175,57,143,-86
105000176,316,137,179
105000177,211,186,25
105000178,102,391,-289
105000179,415,234,181
105000180,99,128,-29
105000181,107,234,-127
105000182,45,39,6
105000183,2270,1636,634
105000184,2139,1004,1135
105000185,1364,818,546
105000186,687,789,-102
105000187,830,187,643
105000188,265,122,143
105000189,267,483,-216
105000190,272,381,-109
105000191,409,389,20
105000192,309,72,237
105000193,104,138,-34
105000194,417,123,294
105000195,331,671,-340
105000196,111,254,-143
105000197,285,586,-301
105000198,608,318,290
105000199,347,681,-334
105000200,121,236,-115
105000201,115,32,83
105000203,18,207,-189
105000204,94,91,3
105000205,126,224,-98
105000207,479,239,240
105000208,171,463,-292
105000209,203,419,-216
105000211,249,19,230
105000212,1204,1205,-1
105000213,161,205,-44
105000214,199,232,-33
105000215,244,187,57
105000216,157,537,-380
105000217,126,448,-322
105000218,1064,1090,-26
105000221,141,204,-63
105000222,1010,131,879
105000223,466,205,261
105000226,130,240,-110
105000227,49,139,-90
105000228,266,1433,-1167
105000229,144,465,-321
105000231,346,260,86
105000233,898,786,112
105000234,774,1125,-351
105000235,363,545,-182
105000237,588,66,522
105000243,21,44,-23
105000248,68,73,-5
105000262,332,1154,-822
105000269,149,198,-49
105000270,492,72,420
105000271,0,236,-236
105000282,47,54,-7
105000287,446,112,334
105000288,700,488,212
105000289,3648,2036,1612
105000290,23,9,14
105000402,3336,3214,122
105000426,551,538,13
105000438,4658,1863,2795
105000440,47,36,11
105000446,11116,5529,5587
105000447,6086,2559,3527
105000454,346,737,-391
105000455,350,219,131
105000474,40,3,37
105000477,338,562,-224
105000478,1494,3477,-1983
105000479,151,137,14
105000480,9917,6293,3624
105000481,4584,3003,1581
105000482,5543,8241,-2698
105000483,1488,1581,-93
105000484,2292,3217,-925
105000485,1433,2477,-1044
105000486,3756,2442,1314
105000488,12544,6559,5985
105000489,719,865,-146
105000549,232,150,82
105000550,539,1430,-891
105000551,26,104,-78
105000552,2940,1791,1149
105000555,1545,1026,519
105000556,59,48,11
105000557,61,261,-200
105900001,6,1076,-1070
105900002,1120,548,572
105900003,10,141,-131
105900004,220,111,109
105900005,31,212,-181
105900006,9,62,-53
105900007,124,14,110
105900008,55,503,-448
105900009,12,13,-1
105900011,77,29,48
105900012,377,93,284
105900013,1,25,-24
105900014,5,49,-44
105900015,170,303,-133
105900016,477,519,-42
105900017,1249,45,1204
105900018,158,151,7
105900019,50,302,-252
105900020,25,54,-29
105900021,30,159,-129
105900022,461,143,318
105900023,10,92,-82
105900024,3,211,-208
105900025,181,46,135
105900026,212,35,177
105900027,5751,6432,-681
105900028,889,302,587
105900029,1186,359,827
105900030,156,257,-101
105900031,320,194,126
105900032,74,121,-47
105900033,87,94,-7
105900034,482,205,277
105900035,123,139,-16
105900036,65,156,-91
105900037,63,74,-11
105900038,153,214,-61
105900039,136,152,-16
105900040,64,98,-34
105900041,139,155,-16
105900042,50,149,-99
105900043,1028,59,969
105900044,6,255,-249
105900045,3,671,-668
105900046,8,294,-286
105900047,12,49,-37
105900048,99,499,-400
105900050,5405,2839,2566
105900051,30,741,-711
105900052,452,269,183
105900053,2518,2341,177
105900054,326,146,180
105900056,537,214,323
105900057,20,116,-96
105900058,19,18,1
105900059,0,26,-26
106000001,3942,2243,1699
106000002,2189,5200,-3011
106000003,2409,3226,-817
106000004,1792,2765,-973
106000005,2490,5413,-2923
106000006,5026,4072,954
106000007,477,618,-141
106000008,488,297,191
106000009,561,355,206
106000010,444,555,-111
106000011,894,893,1
106000012,641,950,-309
106000013,1513,1907,-394
106000014,1558,1629,-71
106000015,1467,1231,236
106000016,1603,2524,-921
106000017,539,713,-174
106000018,572,465,107
106000019,349,469,-120
106000020,293,394,-101
106000021,401,455,-54
106000022,290,209,81
106000023,496,393,103
106000024,395,540,-145
106000025,109,213,-104
106000026,113,376,-263
106000027,1109,1297,-188
106000028,546,571,-25
106000029,720,1203,-483
106000030,589,406,183
106000034,231,567,-336
106000035,1110,1897,-787
106000036,161,344,-183
106000037,1914,1415,499
106000038,432,133,299
106000039,111,99,12
106000040,153,874,-721
106000041,661,458,203
106000043,547,272,275
106000046,370,108,262
106000047,98,421,-323
106000049,870,275,595
106000050,259,725,-466
106000051,616,400,216
106000052,104,585,-481
106000053,322,132,190
106000054,296,527,-231
106000055,896,967,-71
106000056,305,366,-61
106000057,276,374,-98
106000058,110,177,-67
106000059,261,340,-79
106000060,325,472,-147
106000061,214,510,-296
106000062,140,415,-275
106000063,623,477,146
106000064,25,340,-315
106000065,305,291,14
106000066,89,326,-237
106000067,611,123,488
106000068,64,595,-531
106000069,132,67,65
106000070,467,662,-195
106000071,909,317,592
106000072,2533,1442,1091
106000073,1463,2644,-1181
106000074,543,635,-92
106000075,242,1343,-1101
106000076,1671,1963,-292
106000077,3194,1263,1931
106000078,770,915,-145
106000079,547,825,-278
106000080,1107,621,486
106000081,518,1079,-561
106000082,2029,862,1167
106000083,427,1417,-990
106000084,990,601,389
106000085,1168,1326,-158
106000086,581,919,-338
106000087,809,553,256
106000088,342,734,-392
106000089,849,409,440
106000090,284,630,-346
106000091,214,447,-233
106000092,560,262,298
106000093,308,178,130
106000094,134,238,-104
106000095,608,715,-107
106000096,750,716,34
106000097,856,902,-46
106000098,625,1009,-384
106000099,201,754,-553
106000100,1338,240,1098
106000101,3128,301,2827
106000102,409,582,-173
106000103,476,474,2
106000104,1275,410,865
106000105,436,598,-162
106000106,545,486,59
106000107,175,397,-222
106000108,315,395,-80
106000109,213,370,-157
106000110,195,364,-169
106000111,205,398,-193
106000112,196,493,-297
106000113,822,625,197
106000114,461,648,-187
106000115,233,490,-257
106000116,209,230,-21
106000117,793,371,422
106000118,937,1198,-261
106000119,983,802,181
106000120,728,1068,-340
106000121,169,128,41
106000122,95,252,-157
106000123,363,186,177
106000124,85,259,-174
106000125,49,233,-184
106000126,263,152,111
106000127,793,797,-4
106000128,638,235,403
106000129,461,627,-166
106000130,575,367,208
106000131,146,767,-621
106000132,498,156,342
106000133,1812,1227,585
106000134,526,2140,-1614
106000135,226,613,-387
106000136,539,947,-408
106000137,63,759,-696
106000138,897,124,773
106000139,65,99,-34
106000140,42,68,-26
106000141,93,59,34
106000142,62,52,10
106000143,93,100,-7
106000144,64,68,-4
106000145,149,251,-102
106000146,289,147,142
106000147,772,704,68
106000148,985,981,4
106000149,467,584,-117
106000150,496,1644,-1148
106000151,3361,727,2634
106000152,1125,1700,-575
106000153,99,1487,-1388
106000154,1249,246,1003
106000155,91,265,-174
106000156,532,253,279
106000157,617,1576,-959
106000158,2060,880,1180
106000159,2813,1670,1143
106000160,336,2094,-1758
106000161,1456,373,1083
106000162,277,807,-530
106000163,423,400,23
106000164,358,385,-27
106000165,158,490,-332
106000166,538,285,253
106000167,350,982,-632
106000168,405,310,95
106000169,211,629,-418
106000170,908,309,599
106000171,309,1071,-762
106000172,2581,1358,1223
106000173,1224,2374,-1150
106000174,819,341,478
106000175,292,883,-591
106000176,1306,847,459
106000177,808,1999,-1191
106000178,2881,1614,1267
106000179,1053,2051,-998
106000180,736,1230,-494
106000181,658,1517,-859
106000182,1057,701,356
106000183,1103,655,448
106000184,1493,708,785
106000185,846,1014,-168
106000186,746,213,533
106000187,187,1006,-819
106000188,0,3,-3
106000189,11,62,-51
106000190,24,0,24
106000191,600,207,393
106000192,1,20,-19
106000193,449,225,224
106000194,135,338,-203
106000195,955,138,817
106000196,140,426,-286
106000197,766,253,513
106000198,182,265,-83
106000199,1002,604,398
106000200,229,151,78
106000201,408,1925,-1517
106000202,3205,508,2697
106000203,55,248,-193
106000204,86,7,79
106000205,37,172,-135
106000206,108,22,86
106000207,66,655,-589
106000208,1090,154,936
106000209,1151,335,816
106000210,272,912,-640
106000211,333,1079,-746
106000212,745,414,331
106000213,675,1745,-1070
106000214,2283,602,1681
106000215,278,511,-233
106000216,306,313,-7
106000217,296,466,-170
106000218,509,453,56
106000219,153,329,-176
106000220,486,272,214
106000221,138,207,-69
106000222,88,111,-23
106000223,168,109,59
106000224,208,250,-42
106000225,61,123,-62
106000226,108,278,-170
106000228,26,100,-74
106000229,104,702,-598
106000231,856,112,744
106000232,290,357,-67
106000233,677,84,593
106000234,904,195,709
106000235,2438,82,2356
106000236,1318,131,1187
106000237,36,20,16
106000238,282,31,251
106000239,8,305,-297
106000240,33,14,19
106000241,26,720,-694
106000242,242,32,210
106000249,71,60,11
106000250,59,414,-355
106000251,157,13,144
106000252,68,69,-1
106000253,52,57,-5
106000254,47,27,20
106000255,19,158,-139
106000256,58,47,11
106000257,133,246,-113
106000258,951,17,934
106000259,26,56,-30
106000260,36,7,29
106000261,8,62,-54
106000262,157,14,143
106000263,9,78,-69
106000264,166,13,153
106000265,12,135,-123
106000266,110,56,54
106000267,8,80,-72
106000268,618,91,527
106000269,74,43,31
106000270,171,485,-314
106000271,95,202,-107
106000272,321,63,258
106000273,11,279,-268
106000274,162,59,103
106000275,140,280,-140
106000276,155,44,111
106000277,118,303,-185
106000278,194,46,148
106000279,30,42,-12
106000280,63,98,-35
106000281,71,64,7
106000282,80,93,-13
106000283,102,59,43
106000284,80,95,-15
106000285,98,100,-2
106000286,85,116,-31
106000287,105,88,17
106000288,79,205,-126
106000289,92,63,29
106000290,54,107,-53
106000291,84,87,-3
106000292,81,103,-22
106000293,118,120,-2
106000294,146,119,27
106000295,44,48,-4
106000296,29,97,-68
106000297,68,212,-144
106000298,155,58,97
106000299,78,104,-26
106000300,64,86,-22
106000301,70,105,-35
106000303,21,73,-52
106000304,36,30,6
106000305,45,36,9
106000306,29,54,-25
106000307,44,33,11
106000308,34,85,-51
106000309,20,58,-38
106000310,312,471,-159
106000311,341,171,170
106000312,94,169,-75
106000313,163,189,-26
106000318,87,386,-299
106000319,863,228,635
106000320,6,67,-61
106000321,346,130,216
106000322,120,151,-31
106000324,22,119,-97
106000325,1331,902,429
106000326,1562,2228,-666
106000327,137,155,-18
106000328,19,130,-111
106000329,171,216,-45
106000330,234,80,154
106000428,69,206,-137
106000429,130,488,-358
106000430,334,1154,-820
106000431,2535,501,2034
106000432,2163,2851,-688
106000433,2058,1480,578
106000434,2667,1423,1244
106000435,1491,2433,-942
106000436,14,152,-138
106000437,249,29,220
106000438,354,123,231
106000439,74,352,-278
106000440,448,430,18
106000441,1,1,0
106000442,165,17,148
106000443,149,244,-95
106000450,6,166,-160
106000451,27,46,-19
106000454,4,732,-728
106000455,11,224,-213
106000456,91,63,28
106000457,29,1207,-1178
106000458,631,187,444
106000459,301,474,-173
106000460,1219,66,1153
106000461,112,1638,-1526
106000462,0,69,-69
106000463,4,23,-19
106000464,5,457,-452
106000465,660,3,657
106000466,5,601,-596
106000467,633,879,-246
106000468,48,129,-81
106000469,322,3,319
106000470,261,1419,-1158
106000471,23,651,-628
106000472,142,16,126
106000473,44,26,18
106000474,461,539,-78
106000475,418,297,121
106000476,193,202,-9
106000477,45,170,-125
106000480,0,334,-334
106900001,0,26,-26
106900002,5,430,-425
106900003,228,742,-514
106900004,0,32,-32
106900006,0,8,-8
106900007,0,10,-10
106900008,263,205,58
106900009,271,312,-41
106900010,242,242,0
106900012,1292,1969,-677
106900013,1098,125,973
106900014,27,6,21
106900015,10,3,7
106900016,173,5,168
106900017,2,0,2
106900018,1,0,1
106900019,28,3,25
106900020,2211,1243,968
106900021,159,130,29
106900022,518,4,514
106900023,5,194,-189
106900024,557,32,525
106900025,43,520,-477
106900026,2,603,-601
106900027,745,10,735
107000001,3780,3170,610
107000002,2364,3838,-1474
107000003,5009,6135,-1126
107000004,4325,5042,-717
107000005,3956,5079,-1123
107000006,5552,4576,976
107000007,4846,9179,-4333
107000008,10570,7890,2680
107000009,6584,6968,-384
107000010,12518,11659,859
107000011,1412,1394,18
107000012,4758,3299,1459
107000013,165,160,5
107000014,54,202,-148
107000015,482,718,-236
107000016,571,805,-234
107000017,3463,1465,1998
107000018,16,932,-916
107000020,2135,1209,926
107000021,1909,551,1358
107000022,900,1418,-518
107000023,2842,255,2587
107000024,510,1399,-889
107000025,267,439,-172
107000026,231,482,-251
107000027,1324,1163,161
107000028,1250,1677,-427
107000029,3122,3009,113
107000030,3231,3219,12
107000031,3675,2579,1096
107000032,562,1080,-518
107000033,2887,4532,-1645
107000034,3151,1619,1532
107000035,264,273,-9
107000036,361,1139,-778
107000037,96,780,-684
107000038,273,261,12
107000039,845,815,30
107000040,133,343,-210
107000041,1361,727,634
107000042,633,1931,-1298
107000043,2421,1066,1355
107000044,526,378,148
107000045,118,289,-171
107000046,806,393,413
107000047,411,975,-564
107000048,648,316,332
107000049,631,786,-155
107000050,1058,594,464
107000051,422,312,110
107000052,1056,1048,8
107000053,330,195,135
107000054,92,301,-209
107000055,387,174,213
107000056,573,934,-361
107000057,1607,256,1351
107000058,2017,2046,-29
107000059,1937,3308,-1371
107000060,3825,5117,-1292
107000061,4814,3722,1092
107000062,3580,2983,597
107000063,4192,5221,-1029
107000064,4032,2312,1720
107000065,4846,5022,-176
107000066,1681,2237,-556
107000067,1078,1025,53
107000068,1195,629,566
107000069,723,406,317
107000070,1358,36,1322
107000071,2662,49,2613
107000072,63,2265,-2202
107000073,720,364,356
107000074,209,1268,-1059
107000075,1498,500,998
107000076,631,1207,-576
107000077,3189,1335,1854
107000078,2642,3101,-459
107000079,2567,1032,1535
107000080,1465,3238,-1773
107000081,1464,670,794
107000082,502,1502,-1000
107000083,1195,416,779
107000084,647,2425,-1778
107000085,3050,3638,-588
107000086,4126,3802,324
107000087,2606,2093,513
107000088,3551,3652,-101
107000089,1361,1657,-296
107000090,1126,1221,-95
107000091,1413,945,468
107000092,770,1084,-314
107000093,988,893,95
107000094,1297,1534,-237
107000095,712,746,-34
107000096,544,960,-416
107000097,829,417,412
107000098,887,898,-11
107000099,522,296,226
107000100,270,386,-116
107000101,76,163,-87
107000102,212,336,-124
107000103,279,238,41
107000104,206,330,-124
107000105,391,157,234
107000106,772,283,489
107000107,540,238,302
107000108,209,634,-425
107000109,608,192,416
107000110,61,452,-391
107000111,283,60,223
107000112,35,334,-299
107000113,574,129,445
107000114,101,583,-482
107000115,424,157,267
107000116,114,664,-550
107000117,132,596,-464
107000118,147,163,-16
107000119,1338,1386,-48
107000120,1219,410,809
107000121,718,745,-27
107000122,1292,976,316
107000123,380,609,-229
107000124,510,958,-448
107000125,874,628,246
107000126,960,825,135
107000129,220,787,-567
107000130,559,252,307
107000131,406,635,-229
107000132,498,414,84
107000133,1173,123,1050
107000134,350,8,342
107000135,8,257,-249
107000136,840,12,828
107000137,17,493,-476
107000138,492,26,466
107000139,14,465,-451
107000140,2057,110,1947
107000141,232,831,-599
107000142,482,123,359
107000143,68,682,-614
107000144,640,474,166
107000145,184,528,-344
107000146,178,361,-183
107000147,4548,1247,3301
107000150,704,2508,-1804
107000151,30,107,-77
107000152,480,1277,-797
107000153,206,404,-198
107000154,278,277,1
107000155,696,27,669
107000156,1086,30,1056
107000157,67,1521,-1454
107000158,599,24,575
107000159,55,1045,-990
107000160,886,139,747
107000161,91,1597,-1506
107000162,243,505,-262
107000163,280,35,245
107000164,545,2,543
107000165,805,2,803
107000166,48,1166,-1118
107000167,532,323,209
107000168,935,481,454
107000169,753,1133,-380
107000170,1675,972,703
107000171,769,1563,-794
107000172,945,1303,-358
107000173,692,1289,-597
107000174,985,4346,-3361
107000175,6661,2163,4498
107000176,0,8,-8
107000177,3,0,3
107000178,19,45,-26
107000179,286,2169,-1883
107000180,1174,305,869
107000181,543,1360,-817
107000182,1545,942,603
107000183,137,866,-729
107000184,862,690,172
107000185,365,1326,-961
107000186,951,424,527
107000187,1577,1558,19
107000188,808,588,220
107000189,476,1085,-609
107000190,594,718,-124
107000191,907,1335,-428
107000192,1500,859,641
107000193,384,499,-115
107000194,895,715,180
107000197,848,294,554
107000198,321,850,-529
107000199,631,709,-78
107000200,653,640,13
107000201,444,254,190
107000202,330,498,-168
107000203,1298,690,608
107000204,1506,851,655
107000205,2205,916,1289
107000206,829,1092,-263
107000207,655,817,-162
107000208,871,469,402
107000209,1877,1053,824
107000210,749,331,418
107000211,5,40,-35
107000212,18,285,-267
107000213,3,23,-20
107000214,22,157,-135
107000215,437,328,109
107000216,422,258,164
107000217,322,113,209
107000219,92,120,-28
107000220,245,179,66
107000222,321,732,-411
107000224,410,89,321
107000225,439,433,6
107000226,373,79,294
107000227,139,276,-137
107000228,87,182,-95
107000229,156,123,33
107000230,1028,475,553
107000231,1790,1707,83
107000232,141,49,92
107000233,1620,916,704
107000234,2,54,-52
107000235,46,13,33
107000236,17,531,-514
107000237,39,5,34
107000238,85,2,83
107000239,3240,412,2828
107000240,96,932,-836
107000243,0,36,-36
107000244,4,66,-62
107000246,3,1190,-1187
107000249,3,1167,-1164
107000251,0,347,-347
107000252,3,1111,-1108
107000255,324,91,233
107000257,2,423,-421
107000258,1,113,-112
107000259,1,168,-167
107000260,549,3,546
107000262,9,603,-594
107000263,221,16,205
107000266,7,27,-20
107000267,81,165,-84
107000268,166,174,-8
107000269,812,75,737
107000270,1,13,-12
107000271,14,624,-610
107000272,29,124,-95
107000273,10,227,-217
107000274,1172,15,1157
107000275,690,1511,-821
107000280,666,35,631
107000281,41,1149,-1108
107000282,54,846,-792
107000290,29,34,-5
107000291,37,9,28
107000292,2,78,-76
107000293,62,6,56
107000294,0,44,-44
107000295,230,1,229
107000296,0,23,-23
107000444,248,7,241
107000496,13,25,-12
107000497,1470,2517,-1047
107000500,251,339,-88
107000501,125,174,-49
107000502,187,342,-155
107000505,397,742,-345
107000506,3,32,-29
107000508,17,627,-610
107000509,264,1071,-807
107000510,65,20,45
107000514,42,311,-269
107000515,24,204,-180
107000516,341,225,116
107000518,1052,1254,-202
107000519,1867,1235,632
107000520,73,23,50
107000521,622,458,164
107000522,1018,656,362
107900001,42,143,-101
107900002,36,4,32
107900003,178,76,102
107900004,1,6,-5
107900005,1038,7,1031
107900006,170,2,168
107900007,280,44,236
107900008,118,23,95
107900009,135,6,129
107900010,18,3,15
107900012,222,17,205
107900013,212,36,176
107900014,24,8,16
107900015,832,3,829
107900016,385,67,318
107900017,13,8,5
107900018,59,113,-54
107900019,19,42,-23
107900020,46,10,36
107900021,44,133,-89
107900023,2,2,0
107900024,0,25,-25
107900025,170,203,-33
107900026,58,71,-13
107900027,66,42,24
107900028,60,74,-14
107900030,171,23,148
107900031,63,104,-41
107900032,23,1,22
107900033,11,11,0
107900034,318,19,299
107900035,667,42,625
107900036,91,8,83
107900037,1,49,-48
107900038,123,167,-44
107900039,28,52,-24
107900040,78,112,-34
107900041,0,1,-1
107900043,24,86,-62
107900044,10,15,-5
107900045,92,48,44
107900046,157,132,25
107900047,21,67,-46
107900048,131,9,122
107900049,396,1309,-913
107900050,161,260,-99
107900051,82,63,19
107900052,41,34,7
107900053,36,93,-57
107900055,464,210,254
107900056,130,51,79
107900057,2,0,2
107900058,30,544,-514
107900060,121,30,91
107900061,14,6,8
107900063,69,99,-30
107900064,248,126,122
107900065,145,7,138
107900066,5,9,-4
107900067,0,0,0
107900068,110,324,-214
107900069,67,1674,-1607
107900070,107,39,68
107900071,24,632,-608
107900072,110,159,-49
107900073,352,93,259
107900074,763,272,491
107900076,109,51,58
107900077,67,1,66
107900079,9,31,-22
107900080,318,487,-169
107900081,61,123,-62
107900082,24,12,12
107900083,284,179,105
107900084,77,98,-21
107900086,194,143,51
107900087,598,141,457
107900088,18,10,8
107900089,249,799,-550
107900090,547,2044,-1497
107900091,200,365,-165
107900093,90,85,5
107900095,3354,2203,1151
107900097,26,72,-46
107900098,47,169,-122
107900100,932,921,11
107900101,891,209,682
107900102,27,9,18
107900103,38,175,-137
107900104,202,11,191
107900105,4,422,-418
107900106,3,998,-995
107900107,1162,437,725
107900108,251,119,132
107900109,915,21,894
107900110,42,107,-65
107900111,20,809,-789
107900112,61,296,-235
107900113,142,92,50
107900114,155,177,-22
107900115,2,31,-29
107900116,120,186,-66
107900117,410,348,62
107900118,83,157,-74
107900119,56,285,-229
107900120,27,35,-8
107900121,0,180,-180
107900122,5,74,-69
107900123,5,31,-26
107900124,22,39,-17
107900125,25,156,-131
107900126,6,69,-63
107900127,470,317,153
107900128,85,66,19
107900129,52,41,11
107900130,49,24,25
107900131,633,287,346
107900132,129,411,-282
107900133,1,66,-65
107900134,29,72,-43
107900135,3,189,-186
107900136,42,41,1
107900137,154,89,65
107900138,59,60,-1
107900139,31,148,-117
107900141,69,41,28
107900142,97,724,-627
107900143,106,20,86
107900144,3,153,-150
107900145,14,83,-69
107900146,51,85,-34
107900147,49,27,22
107900148,151,108,43
107900149,839,200,639
107900150,83,650,-567
107900151,39,129,-90
107900152,13,192,-179
107900153,137,304,-167
107900154,56,21,35
107900155,31,118,-87
107900156,2,312,-310
107900157,19,84,-65
107900158,747,25,722
107900159,13,732,-719
107900160,145,199,-54
107900161,18,187,-169
107900162,0,39,-39
107900163,57,54,3
107900164,8,57,-49
107900165,17,79,-62
107900166,13,189,-176
107900167,47,28,19
107900168,37,30,7
107900169,0,151,-151
107900171,10,1185,-1175
107900172,0,323,-323
107900173,12,145,-133
107900174,95,14,81
107900175,68,44,24
107900176,15,41,-26
107900177,0,102,-102
107900178,1,167,-166
107900179,13,122,-109
107900180,555,474,81
107900181,516,269,247
107900182,9,975,-966
107900183,26,237,-211
107900184,133,220,-87
107900185,72,7,65
107900186,17,42,-25
107900187,0,148,-148
107900188,657,105,552
107900189,21,104,-83
107900190,81,119,-38
107900191,54,122,-68
107900193,31,46,-15
107900194,148,10,138
107900195,2297,351,1946
107900196,70,87,-17
107900197,932,333,599
107900199,4,1101,-1097
107900201,57,99,-42
107900203,40,62,-22
107900204,213,139,74
107900206,1119,240,879
107900207,2,624,-622
107900208,49,504,-455
107900209,341,129,212
107900210,76,122,-46
107900213,435,467,-32
107900214,25,120,-95
107900215,149,258,-109
107900216,170,86,84
107900217,43,83,-40
107900218,20,1474,-1454
107900219,31,76,-45
107900220,241,220,21
107900221,145,184,-39
107900223,91,532,-441
107900224,114,278,-164
107900225,5,632,-627
107900226,133,101,32
107900227,119,388,-269
107900228,10,139,-129
107900229,0,275,-275
107900230,14,109,-95
107900231,26,192,-166
107900232,60,123,-63
107900233,6,114,-108
107900234,58,130,-72
107900235,20,84,-64
107900236,96,98,-2
107900237,61,374,-313
107900238,35,63,-28
107900239,891,477,414
107900240,22,94,-72
107900241,18,65,-47
107900242,36,198,-162
107900243,7,87,-80
107900244,236,1,235
107900245,556,47,509
107900246,660,8,652
107900248,292,271,21
107900249,487,21,466
107900250,0,440,-440
107900251,87,1257,-1170
107900252,794,40,754
107900253,124,5,119
107900254,68,425,-357
107900255,328,85,243
107900256,2119,1213,906
107900257,139,132,7
107900258,122,196,-74
107900259,76,1396,-1320
107900261,3,225,-222
107900262,88,81,7
107900264,298,5,293
107900265,324,148,176
107900267,197,19,178
107900268,29,14,15
107900269,0,1,-1
107900270,1,0,1
107900271,1,10,-9
107900272,144,16,128
107900273,36,108,-72
107900274,62,1,61
107900275,21,0,21
107900276,7,80,-73
107900277,2,214,-212
107900278,239,294,-55
107900279,86,206,-120
107900280,1471,1965,-494
107900281,1505,2170,-665
107900282,37,393,-356
107900283,908,473,435
107900284,443,567,-124
107900285,106,76,30
107900286,145,90,55
107900287,164,163,1
107900290,0,108,-108
107900291,379,17,362
107900292,97,189,-92
107900293,51,489,-438
107900295,83,60,23
107900297,1,335,-334
107900298,812,854,-42
107900299,2865,1725,1140
107900301,1239,723,516
107900302,80,45,35
107900303,232,273,-41
107900304,185,485,-300
107900305,243,10,233
107900306,11,14,-3
107900307,87,253,-166
107900308,199,83,116
107900309,60,1,59
107900310,610,7,603
107900311,7,452,-445
107900312,58,2,56
107900313,0,176,-176
107900314,3,73,-70
107900315,0,45,-45
107900316,36,4,32
107900317,83,15,68
107900318,18,150,-132
107900319,3,127,-124
107900320,1,155,-154
107900321,113,10,103
107900322,2,150,-148
107900323,7,165,-158
107900324,130,2,128
107900325,65,0,65
107900326,198,243,-45
107900327,1,55,-54
107900328,181,1,180
107900329,103,78,25
107900330,13,310,-297
107900331,144,40,104
107900332,240,24,216
107900333,58,16,42
107900334,22,148,-126
107900335,79,42,37
107900336,51,68,-17
107900337,958,717,241
107900338,0,147,-147
107900339,1,34,-33
107900340,2,51,-49
107900341,57,2,55
107900342,149,144,5
107900343,29,2,27
107900344,16,87,-71
107900345,72,31,41
107900346,32,0,32
107900347,17,2,15
107900348,5,0,5
107900349,16,7,9
107900350,22,245,-223
107900351,9,168,-159
107900352,5,38,-33
107900353,18,8,10
107900354,20,51,-31
108000001,2736,3046,-310
108000002,1944,2438,-494
108000003,3243,2992,251
108000004,12203,14572,-2369
108000005,7936,6380,1556
108000006,7653,7973,-320
108000007,5104,4171,933
108000008,5032,6763,-1731
108000009,3274,4187,-913
108000010,3567,4859,-1292
108000011,11331,11532,-201
108000012,17786,16558,1228
108000014,1226,689,537
108000015,829,281,548
108000016,317,555,-238
108000017,971,435,536
108000018,1793,586,1207
108000019,2245,895,1350
108000020,1417,478,939
108000021,363,1641,-1278
108000022,455,1271,-816
108000023,1047,274,773
108000024,355,525,-170
108000025,216,71,145
108000026,818,520,298
108000027,770,683,87
108000028,768,273,495
108000029,616,997,-381
108000030,585,235,350
108000031,293,748,-455
108000032,1352,638,714
108000033,747,1204,-457
108000034,1351,474,877
108000035,687,2276,-1589
108000036,357,957,-600
108000037,1518,449,1069
108000038,2126,671,1455
108000039,597,1910,-1313
108000040,1585,1057,528
108000041,643,2346,-1703
108000042,248,272,-24
108000043,174,542,-368
108000044,357,227,130
108000045,257,382,-125
108000046,1228,341,887
108000047,433,882,-449
108000048,239,480,-241
108000049,1389,323,1066
108000050,346,725,-379
108000051,357,153,204
108000052,158,654,-496
108000053,385,241,144
108000054,555,918,-363
108000055,992,602,390
108000056,1841,1704,137
108000057,526,1136,-610
108000058,1981,3439,-1458
108000059,3084,1936,1148
108000060,193,628,-435
108000061,330,482,-152
108000062,650,497,153
108000063,451,482,-31
108000064,177,248,-71
108000065,541,630,-89
108000066,1471,787,684
108000067,1516,581,935
108000068,667,395,272
108000069,244,1029,-785
108000070,1653,814,839
108000071,651,1688,-1037
108000072,1665,1384,281
108000073,1413,1914,-501
108000074,457,438,19
108000075,422,964,-542
108000076,670,693,-23
108000077,597,737,-140
108000078,1853,1543,310
108000079,793,1304,-511
108000080,1217,743,474
108000081,951,2450,-1499
108000082,1086,1755,-669
108000083,1602,1112,490
108000084,655,1162,-507
108000085,746,602,144
108000086,775,651,124
108000087,138,1847,-1709
108000088,677,138,539
108000089,303,265,38
108000091,208,512,-304
108000092,116,94,22
108000093,158,573,-415
108000094,421,122,299
108000095,132,404,-272
108000096,219,163,56
108000097,148,449,-301
108000098,1425,1287,138
108000099,1149,314,835
108000100,101,469,-368
108000101,2072,1427,645
108000102,1715,3423,-1708
108000106,1420,2,1418
108000107,2,773,-771
108000108,891,60,831
108000109,10,730,-720
108000110,191,320,-129
108000111,167,726,-559
108000112,56,146,-90
108000113,519,232,287
108000115,327,288,39
108000117,638,286,352
108000118,705,1601,-896
108000119,668,360,308
108000120,143,646,-503
108000121,203,477,-274
108000122,503,294,209
108000123,1993,231,1762
108000124,884,487,397
108000125,363,326,37
108000126,175,543,-368
108000127,607,522,85
108000128,658,537,121
108000129,891,985,-94
108000130,979,421,558
108000131,848,715,133
108000132,1918,1392,526
108000133,734,595,139
108000134,659,621,38
108000135,1083,645,438
108000136,633,1568,-935
108000137,449,490,-41
108000138,341,1007,-666
108000139,538,426,112
108000140,143,34,109
108000141,26,74,-48
108000142,55,89,-34
108000143,71,482,-411
108000144,376,73,303
108000145,27,18,9
108000146,463,105,358
108000147,38,41,-3
108000148,480,99,381
108000149,21,23,-2
108000150,29,8,21
108000151,363,127,236
108000152,132,466,-334
108000153,476,266,210
108000154,38,17,21
108000155,34,46,-12
108000156,922,488,434
108000157,128,767,-639
108000158,93,638,-545
108000159,487,227,260
108000160,3020,985,2035
108000161,2352,2154,198
108000165,6,133,-127
108000172,5,318,-313
108000173,1807,1751,56
108000175,489,156,333
108000178,371,349,22
108000179,173,817,-644
108000181,79,31,48
108000182,276,114,162
108000183,71,436,-365
108000184,959,1880,-921
108000185,218,531,-313
108000186,352,617,-265
108000187,140,578,-438
108000188,545,286,259
108000189,2043,6484,-4441
108000190,99,380,-281
108000192,223,581,-358
108000193,740,28,712
108000194,74,13,61
108000195,2,940,-938
108000196,1032,145,887
108000198,765,428,337
108000199,0,192,-192
108000200,437,660,-223
108000203,102,630,-528
108000204,174,109,65
108000205,390,507,-117
108000339,1248,393,855
108000364,267,668,-401
108000365,68,295,-227
108000367,108,348,-240
108000368,4,55,-51
108000369,1186,258,928
108000371,14,633,-619
108000372,748,16,732
108000373,214,165,49
108000376,74,29,45
108000377,352,297,55
108000378,8645,9442,-797
108000379,18,167,-149
108000381,30,24,6
108000382,190,0,190
108000383,0,169,-169
108900001,81,1216,-1135
108900002,154,68,86
108900003,325,629,-304
108900004,196,437,-241
108900007,267,189,78
108900008,106,168,-62
108900009,72,132,-60
108900010,179,217,-38
108900011,501,480,21
108900012,226,559,-333
108900013,138,298,-160
108900014,13,115,-102
108900015,19,71,-52
108900016,0,208,-208
108900017,401,348,53
108900018,142,340,-198
108900019,38,762,-724
108900020,32,171,-139
108900021,150,242,-92
108900022,67,0,67
108900023,54,38,16
108900024,23,135,-112
108900025,103,147,-44
108900026,18,111,-93
108900027,0,78,-78
108900028,88,308,-220
108900029,58,342,-284
108900030,0,82,-82
108900031,115,398,-283
108900032,10,236,-226
108900033,0,70,-70
108900034,0,245,-245
108900035,402,1186,-784
108900038,0,301,-301
108900039,3,480,-477
108900040,9,102,-93
108900041,4671,2527,2144
108900042,9,397,-388
108900043,59,356,-297
108900044,3,450,-447
108900045,54,516,-462
108900046,48,634,-586
108900047,21,120,-99
108900048,151,888,-737
108900049,2939,1231,1708
108900050,2,211,-209
108900051,0,147,-147
108900052,16,215,-199
108900053,88,170,-82
108900054,85,176,-91
108900055,62,292,-230
108900056,1,153,-152
108900057,0,129,-129
108900058,38,305,-267
108900059,322,27,295
108900060,68,124,-56
108900061,99,24,75
108900062,3,209,-206
108900063,9,230,-221
108900064,158,40,118
108900065,13,230,-217
108900066,367,106,261
108900067,13,149,-136
108900068,8,143,-135
108900069,51,67,-16
108900070,35,95,-60
108900071,78,83,-5
108900072,1796,602,1194
108900073,20,345,-325
108900074,153,345,-192
108900075,71,43,28
108900076,239,87,152
108900077,137,468,-331
108900078,24,147,-123
108900079,943,218,725
108900080,22,653,-631
108900081,62,189,-127
108900082,70,107,-37
108900083,20,228,-208
108900085,2117,192,1925
108900086,93,236,-143
108900087,109,177,-68
108900088,796,385,411
108900089,42,157,-115
108900090,33,235,-202
108900091,111,90,21
108900092,424,368,56
108900093,92,109,-17
108900094,220,108,112
108900095,54,281,-227
108900096,316,19,297
108900097,225,223,2
108900098,2310,750,1560
108900099,375,243,132
108900100,87,111,-24
108900101,188,143,45
108900102,77,742,-665
108900103,60,182,-122
108900105,2,917,-915
108900106,398,337,61
108900108,361,63,298
108900109,287,69,218
108900110,237,438,-201
108900111,450,551,-101
108900113,44,45,-1
108900114,45,7,38
108900115,51,95,-44
108900116,68,30,38
108900117,140,14,126
108900118,433,17,416
108900119,187,34,153
108900120,222,168,54
108900121,226,192,34
108900122,86,14,72
108900123,91,159,-68
108900124,373,271,102
108900125,303,4,299
108900126,95,33,62
108900127,159,21,138
108900128,111,59,52
108900129,645,184,461
108900130,232,2,230
108900131,280,7,273
108900132,376,58,318
108900133,190,56,134
108900134,291,259,32
108900135,124,15,109
108900136,41,0,41
108900137,122,0,122
108900138,716,46,670
108900140,258,213,45
108900141,407,18,389
108900142,85,10,75
108900143,51,0,51
108900144,69,0,69
108900145,136,11,125
108900146,58,1,57
108900147,201,0,201
108900148,81,42,39
108900150,197,5,192
108900151,391,3,388
108900152,206,6,200
108900153,202,384,-182
108900154,4258,416,3842
108900156,44,5,39
108900157,110,406,-296
108900158,573,38,535
108900159,2,188,-186
108900160,15,296,-281
108900161,17,390,-373
108900162,117,3,114
108900163,10,238,-228
108900164,40,79,-39
108900168,7391,2299,5092
108900169,51,118,-67
108900171,6903,2501,4402
108900172,168,78,90
108900173,170,346,-176
108900174,678,651,27
108900176,100,435,-335
108900177,4844,4205,639
108900178,3275,2653,622
108900180,71,265,-194
108900183,199,216,-17
108900184,397,180,217
108900185,215,324,-109
108900186,55,355,-300
108900189,382,165,217
108900190,49,2459,-2410
108900192,65,218,-153
108900195,106,264,-158
108900196,25,353,-328
108900199,236,353,-117
108900200,719,300,419
108900201,486,1290,-804
108900203,392,102,290
108900204,270,15,255
108900205,130,16,114
108900206,429,37,392
108900207,132,44,88
108900208,10,252,-242
108900209,237,454,-217
108900210,161,179,-18
108900211,166,451,-285
108900212,651,1293,-642
108900215,101,395,-294
108900216,488,113,375
108900217,121,0,121
108900218,136,75,61
108900221,43,100,-57
108900224,28,167,-139
108900225,0,117,-117
108900227,98,255,-157
108900230,192,223,-31
108900232,1,229,-228
108900233,259,107,152
108900234,197,129,68
108900235,167,453,-286
108900236,45,223,-178
108900240,138,103,35
108900241,22,48,-26
108900245,9,1025,-1016
108900250,131,113,18
108900258,10,235,-225
108900259,141,99,42
108900260,9,99,-90
108900261,122,155,-33
108900262,172,181,-9
108900263,37,176,-139
108900264,663,331,332
108900265,1175,375,800
108900266,808,460,348
108900267,14,105,-91
108900268,24,4,20
108900269,78,27,51
108900270,65,5,60
108900271,47,15,32
108900272,204,15,189
108900273,1064,749,315
108900274,79,36,43
109000001,3225,1248,1977
109000002,1794,1127,667
109000003,2381,445,1936
109000004,500,2066,-1566
109000005,2235,737,1498
109000006,735,1955,-1220
109000007,1276,592,684
109000008,460,1688,-1228
109000009,3283,1423,1860
109000010,1393,3036,-1643
109000011,2798,2021,777
109000012,1814,3317,-1503
109000013,2742,2840,-98
109000014,1834,2901,-1067
109000015,4708,7691,-2983
109000016,5882,3554,2328
109000017,2143,1293,850
109000018,1311,3154,-1843
109000019,2236,1416,820
109000020,1128,2336,-1208
109000023,345,48,297
109000024,5,209,-204
109000025,359,491,-132
109000026,756,331,425
109000027,64,301,-237
109000028,170,107,63
109000029,88,148,-60
109000030,91,505,-414
109000031,139,217,-78
109000032,120,372,-252
109000033,288,182,106
109000034,62,42,20
109000035,36,112,-76
109000036,185,378,-193
109000037,281,1048,-767
109000038,607,405,202
109000039,769,615,154
109000040,2347,4553,-2206
109000041,3316,1625,1691
109000042,618,1188,-570
109000044,436,167,269
109000045,272,400,-128
109000046,281,91,190
109000047,103,412,-309
109000048,1426,574,852
109000049,316,608,-292
109000050,585,751,-166
109000051,431,315,116
109000052,634,930,-296
109000053,1134,407,727
109000054,931,523,408
109000055,427,311,116
109000056,393,510,-117
109000057,576,456,120
109000058,1983,394,1589
109000059,703,874,-171
109000060,647,424,223
109000061,982,918,64
109000062,147,344,-197
109000063,239,190,49
109000064,231,179,52
109000065,94,217,-123
109000066,324,96,228
109000067,57,311,-254
109000068,3048,14,3034
109000069,1744,33,1711
109000070,5,1049,-1044
109000071,362,73,289
109000072,162,780,-618
109000073,50,99,-49
109000074,35,225,-190
109000075,89,328,-239
109000076,208,325,-117
109000077,439,388,51
109000078,81,187,-106
109000079,126,217,-91
109000080,162,91,71
109000081,101,656,-555
109000082,647,228,419
109000083,216,802,-586
109000088,115,488,-373
109000089,225,43,182
109000090,124,410,-286
109000091,281,154,127
109000092,344,540,-196
109000093,195,167,28
109000094,370,0,370
109000095,140,422,-282
109000096,578,388,190
109000097,116,181,-65
109000098,66,147,-81
109000099,899,269,630
109000100,215,557,-342
109000101,1316,653,663
109000102,354,704,-350
109000103,845,651,194
109000104,1361,588,773
109000105,472,1125,-653
109000106,1797,798,999
109000107,639,1974,-1335
109000108,1438,551,887
109000109,446,1818,-1372
109000110,953,616,337
109000111,794,1804,-1010
109000112,455,139,316
109000113,398,151,247
109000114,174,455,-281
109000115,1421,109,1312
109000116,20,646,-626
109000117,240,89,151
109000118,13,282,-269
109000119,908,285,623
109000120,149,705,-556
109000121,639,146,493
109000122,124,716,-592
109000123,78,191,-113
109000124,573,435,138
109000125,823,376,447
109000126,508,794,-286
109000127,1230,345,885
109000128,432,1308,-876
109000129,1616,721,895
109000130,845,2542,-1697
109000131,1409,1091,318
109000132,1193,2591,-1398
109000133,389,873,-484
109000134,862,1398,-536
109000135,1300,1892,-592
109000136,468,319,149
109000137,323,368,-45
109000138,441,402,39
109000139,449,529,-80
109000140,324,716,-392
109000141,712,566,146
109000142,123,443,-320
109000143,90,82,8
109000145,71,331,-260
109000146,80,49,31
109000148,2957,1427,1530
109000149,27,41,-14
109000150,156,254,-98
109000155,674,580,94
109000156,958,651,307
109000158,112,261,-149
109000159,109,513,-404
109000160,773,211,562
109000161,246,887,-641
109000162,1618,759,859
109000163,838,1698,-860
109000164,1113,2386,-1273
109000165,951,600,351
109000166,558,79,479
109000167,87,464,-377
109000170,40,61,-21
109000171,51,56,-5
109000172,80,99,-19
109000173,25,91,-66
109000174,78,71,7
109000175,157,351,-194
109000176,257,266,-9
109000177,31,117,-86
109000178,598,490,108
109000179,4555,3947,608
109000180,4331,2969,1362
109000181,33,32,1
109000182,28,32,-4
109000183,27,40,-13
109000184,97,48,49
109000185,77,94,-17
109000188,840,1798,-958
109000189,2851,1023,1828
109000190,453,449,4
109000191,348,442,-94
109000192,331,313,18
109000193,141,281,-140
109000194,255,183,72
109000195,139,316,-177
109000196,247,150,97
109000197,202,383,-181
109000198,239,82,157
109000199,113,397,-284
109000206,169,45,124
109000207,95,25,70
109000208,63,67,-4
109000209,131,188,-57
109000210,177,474,-297
109000211,486,570,-84
109000214,601,956,-355
109000215,148,67,81
109000216,296,268,28
109000217,466,138,328
109000218,709,213,496
109000221,542,1095,-553
109000222,1021,320,701
109000223,351,434,-83
109000224,67,146,-79
109000225,166,107,59
109000226,148,340,-192
109000227,786,1068,-282
109000228,1,846,-845
109000231,43,298,-255
109000232,335,297,38
109000236,255,919,-664
109000241,2183,2307,-124
109000242,2006,1659,347
109000293,169,182,-13
109000361,235,318,-83
109000364,190,531,-341
109000396,1,478,-477
109000397,361,8,353
109000399,231,396,-165
109000400,112,277,-165
109000403,115,1296,-1181
109000406,458,7,451
109000407,248,236,12
109000408,4,606,-602
109000410,896,302,594
109000411,184,30,154
109000412,3,107,-104
109900001,88,1,87
109900002,755,15,740
109900003,192,0,192
109900005,21,5,16
109900006,328,231,97
109900007,617,455,162
109900008,0,46,-46
109900009,141,519,-378
109900010,550,13,537
109900011,84,79,5
109900012,234,225,9
109900013,326,223,103
109900014,458,89,369
109900015,566,314,252
109900016,149,22,127
109900017,151,321,-170
109900018,314,67,247
109900019,683,35,648
109900020,40,67,-27
109900021,20,24,-4
109900022,169,212,-43
109900023,19,9,10
109900024,24,6,18
109900025,27,10,17
109900027,35,46,-11
109900028,1352,837,515
109900029,0,283,-283
109900030,48,19,29
109900031,0,90,-90
109900032,12,451,-439
109900033,1,380,-379
109900034,71,2,69
109900035,19,20,-1
109900036,47,58,-11
109900037,20,473,-453
109900038,75,199,-124
109900039,14,0,14
109900040,11,477,-466
109900041,64,337,-273
109900042,243,510,-267
109900044,280,283,-3
109900045,240,84,156
109900046,100,126,-26
109900047,494,297,197
109900048,8,126,-118
109900049,13,47,-34
109900050,2,155,-153
109900051,2,74,-72
109900052,88,342,-254
109900053,2,302,-300
109900054,424,165,259
109900055,58,261,-203
109900056,121,204,-83
109900057,2,170,-168
109900058,0,83,-83
109900060,346,147,199
109900061,52,234,-182
109900062,0,147,-147
109900064,442,257,185
109900065,86,148,-62
109900066,373,846,-473
109900067,0,190,-190
109900068,48,4,44
109900069,3,52,-49
109900071,3,31,-28
109900072,21,169,-148
109900073,248,410,-162
109900074,16,58,-42
109900075,13,50,-37
109900076,35,246,-211
109900077,31,48,-17
109900078,77,193,-116
109900080,150,248,-98
109900081,23,214,-191
109900082,23,275,-252
109900083,21,76,-55
109900084,49,116,-67
109900085,164,537,-373
109900086,182,492,-310
109900087,444,477,-33
109900089,630,302,328
109900092,1481,44,1437
109900093,758,165,593
109900094,67,97,-30
109900095,406,196,210
109900096,26,4,22
109900097,69,4,65
109900098,288,36,252
109900099,152,1,151
109900100,40,0,40
109900101,327,12,315
109900102,384,23,361
109900103,23,59,-36
109900104,460,649,-189
109900105,490,23,467
109900106,322,55,267
109900107,478,104,374
109900108,137,346,-209
109900109,48,162,-114
109900111,270,684,-414
109900114,1257,663,594
109900115,172,132,40
109900117,754,138,616
109900121,382,617,-235
109900123,19,143,-124
109900125,1,146,-145
109900126,253,106,147
109900130,5593,2089,3504
109900131,85,179,-94
109900132,22,137,-115
109900134,142,126,16
109900135,384,84,300
109900137,123,319,-196
109900140,257,203,54
109900149,38,83,-45
109900150,5,144,-139
109900151,7,59,-52
109900152,3,33,-30
109900153,0,59,-59
109900154,54,2,52
109900155,77,22,55
109900157,56,198,-142
109900159,153,31,122
109900161,251,138,113
109900162,172,194,-22
109900163,573,236,337
109900164,49,251,-202
109900165,262,3,259
109900166,1,135,-134
109900167,183,459,-276
109900168,184,662,-478
109900169,148,218,-70
109900170,217,670,-453
109900171,197,74,123
109900172,176,216,-40
109900173,2575,1875,700
109900174,56,79,-23
109900175,96,55,41
109900176,106,202,-96
109900177,39,215,-176
109900178,75,206,-131
109900179,180,25,155
109900180,4,17,-13
110000001,924,545,379
110000002,637,670,-33
110000003,768,645,123
110000004,417,676,-259
110000005,433,1784,-1351
110000006,421,302,119
110000007,92,133,-41
110000008,22,38,-16
110000009,54,38,16
110000010,50,47,3
110000011,50,94,-44
110000012,540,373,167
110000013,41,549,-508
110000014,728,471,257
110000015,233,732,-499
110000016,233,1605,-1372
110000017,2719,209,2510
110000018,2093,391,1702
110000019,5,83,-78
110000020,365,180,185
110000021,654,378,276
110000022,690,158,532
110000023,4,134,-130
110000024,609,340,269
110000025,318,6,312
110000026,4,302,-298
110000027,1151,693,458
110000028,835,733,102
110000029,476,711,-235
110000030,215,424,-209
110000031,249,423,-174
110000032,597,469,128
110000033,432,128,304
110000034,514,750,-236
110000035,1035,501,534
110000036,978,709,269
110000037,232,432,-200
110000038,192,641,-449
110000039,732,2700,-1968
110000040,562,310,252
110000041,314,1179,-865
110000042,168,345,-177
110000043,884,301,583
110000044,211,319,-108
110000045,1162,154,1008
110000046,25,46,-21
110000047,46,37,9
110000048,12,47,-35
110000049,86,16,70
110000050,12,39,-27
110000051,61,20,41
110000052,56,43,13
110000053,103,19,84
110000054,462,151,311
110000055,1074,75,999
110000056,254,122,132
110000057,357,485,-128
110000058,1180,507,673
110000059,962,582,380
110000060,777,874,-97
110000061,759,673,86
110000062,595,871,-276
110000063,27,87,-60
110000064,113,57,56
110000065,63,87,-24
110000066,52,47,5
110000067,102,178,-76
110000068,331,183,148
110000069,138,88,50
110000071,118,110,8
110000073,16,16,0
110000075,10,97,-87
110000076,252,317,-65
110000077,395,968,-573
110000078,18,37,-19
110000080,323,667,-344
110000081,205,249,-44
110000082,76,366,-290
110000083,270,619,-349
110000084,1083,701,382
110000085,2218,1690,528
110000086,1228,1847,-619
110000087,9,57,-48
110000088,67,225,-158
110000089,327,132,195
110000090,895,254,641
110000091,1440,336,1104
110000092,20,65,-45
110000093,50,8,42
110000094,443,250,193
110000095,186,523,-337
110000096,2073,1980,93
110000097,1087,1082,5
110000098,1817,691,1126
110000099,813,1472,-659
110000100,733,610,123
110000101,23,369,-346
110000102,109,54,55
110000104,712,164,548
110000105,124,327,-203
110000106,530,409,121
110000107,364,389,-25
110000108,100,63,37
110000109,278,241,37
110000110,2516,1244,1272
110000111,2700,2136,564
110000112,1349,1299,50
110000113,367,2057,-1690
110000114,165,522,-357
110000115,324,290,34
110000116,27,78,-51
110000117,221,266,-45
110000118,267,206,61
110000119,217,335,-118
110000120,291,178,113
110000121,91,384,-293
110000122,1251,583,668
110000123,506,728,-222
110000124,1,969,-968
110000125,903,6,897
110000126,295,29,266
110000127,1135,48,1087
110000128,36,984,-948
110000129,7,635,-628
110000130,419,195,224
110000131,195,622,-427
110000132,11,874,-863
110000133,38,852,-814
110000134,15,387,-372
110000135,173,33,140
110000136,54,275,-221
110000137,457,511,-54
110000138,715,627,88
110000139,716,1008,-292
110000140,838,582,256
110000143,649,379,270
110000144,5184,1802,3382
110000145,2167,1022,1145
110000146,1577,632,945
110000147,386,523,-137
110000148,528,233,295
110000151,1256,1996,-740
110000152,2321,630,1691
110000153,67,30,37
110000154,17,29,-12
110000155,1246,3789,-2543
110000156,1151,2217,-1066
110000157,2120,1867,253
110000160,338,313,25
110000161,175,309,-134
110000166,412,113,299
110000167,846,601,245
110000168,990,516,474
110000169,781,380,401
110000170,242,104,138
110000171,605,132,473
110000172,173,814,-641
110000173,1255,1271,-16
110000174,187,886,-699
110000175,509,50,459
110000176,664,315,349
110000177,295,798,-503
110000178,413,1684,-1271
110000179,1172,328,844
110000180,183,217,-34
110000181,341,505,-164
110000182,322,143,179
110000183,7976,5637,2339
110000184,415,2193,-1778
110000185,1147,588,559
110000186,649,753,-104
110000191,823,274,549
110000192,905,9,896
110000193,1711,7,1704
110000194,13,991,-978
110000195,341,354,-13
110000196,341,334,7
110000197,59,199,-140
110000198,209,82,127
110000199,155,129,26
110000200,1950,549,1401
110000201,1506,902,604
110000202,1187,677,510
110000203,820,753,67
110000204,11,223,-212
110000205,126,68,58
110000206,664,1172,-508
110000207,809,390,419
110000208,235,266,-31
110000209,163,878,-715
110000210,1070,598,472
110000211,854,741,113
110000212,436,1033,-597
110000213,140,75,65
110000214,251,107,144
110000215,196,325,-129
110000216,106,273,-167
110000217,220,175,45
110000218,176,257,-81
110000219,239,75,164
110000220,81,237,-156
110000221,247,111,136
110000222,74,182,-108
110000223,8,206,-198
110000224,101,12,89
110000225,254,805,-551
110000226,220,80,140
110000227,586,650,-64
110000228,319,284,35
110000229,0,222,-222
110000230,627,660,-33
110000231,171,199,-28
110000232,528,196,332
110000233,310,260,50
110000234,701,640,61
110000235,927,973,-46
110000236,730,744,-14
110000237,2170,1338,832
110000238,1158,1503,-345
110000239,1827,1170,657
110000240,1,81,-80
110000242,0,4,-4
110000243,81,125,-44
110000244,143,416,-273
110000245,51,371,-320
110000246,1001,592,409
110000247,1060,2662,-1602
110000248,1749,577,1172
110000249,92,16,76
110000250,109,150,-41
110000251,286,481,-195
110000252,349,208,141
110000253,1204,702,502
110000254,752,1208,-456
110000255,237,843,-606
110000256,411,337,74
110000257,593,228,365
110000258,13,384,-371
110000259,107,12,95
110000260,20,216,-196
110000263,423,109,314
110000264,285,408,-123
110000265,1179,1522,-343
110000266,1865,2638,-773
110000267,37,152,-115
110000268,277,350,-73
110000269,0,54,-54
110000270,73,1,72
110000271,1410,211,1199
110000272,1409,962,447
110000273,3233,1513,1720
110000274,250,1070,-820
110000275,1733,430,1303
110000276,781,447,334
110000277,415,387,28
110000278,661,668,-7
110000279,862,718,144
110000280,453,419,34
110000281,42,301,-259
110000282,349,30,319
110000283,103,147,-44
110000284,112,69,43
110000285,3,528,-525
110000286,22,0,22
110000287,80,9,71
110000288,23,96,-73
110000289,439,1352,-913
110000290,878,650,228
110000291,2770,689,2081
110000292,1304,3917,-2613
110000293,1096,1790,-694
110000294,855,1003,-148
110000295,835,1488,-653
110000296,368,296,72
110000297,2406,352,2054
110000298,260,645,-385
110000299,382,98,284
110000301,585,29,556
110000302,859,981,-122
110000303,695,5,690
110000304,264,259,5
110000305,1078,16,1062
110000306,117,765,-648
110000307,1490,5,1485
110000308,353,5,348
110000309,47,766,-719
110000310,672,63,609
110000311,39,1569,-1530
110000312,423,67,356
110000313,2596,3323,-727
110000314,1,324,-323
110000315,2995,2413,582
110000316,475,1232,-757
110000317,479,523,-44
110000318,9,69,-60
110000319,80,17,63
110000320,49,51,-2
110000321,14,50,-36
110000322,289,389,-100
110000323,491,194,297
110000324,2645,805,1840
110000325,2459,2644,-185
110000327,454,260,194
110000328,279,476,-197
110000333,935,573,362
110000334,841,925,-84
110000335,734,490,244
110000336,863,1082,-219
110000337,1523,558,965
110000338,498,216,282
110000339,382,217,165
110000340,427,178,249
110000341,482,728,-246
110000342,475,7,468
110000343,1,36,-35
110000344,514,136,378
110000345,816,144,672
110000346,2213,1790,423
110000347,1052,723,329
110000348,28,31,-3
110000349,9,42,-33
110000350,47,5,42
110000351,865,798,67
110000352,635,1411,-776
110000353,2580,704,1876
110000354,1400,3427,-2027
110000355,74,70,4
110000356,591,9,582
110000357,259,15,244
110000361,13,71,-58
110000362,51,8,43
110000363,280,97,183
110000364,168,338,-170
110000365,159,2,157
110000366,1,90,-89
110000367,341,148,193
110000368,4,51,-47
110000369,47,3,44
110000373,7,215,-208
110000374,420,36,384
110000375,129,1157,-1028
110000376,23,137,-114
110000377,73,493,-420
110000378,10,339,-329
110000379,2562,1673,889
110000380,59,9,50
110000383,1,1046,-1045
110000384,2384,1045,1339
110000385,2,354,-352
110000387,58,26,32
110000388,38,259,-221
110000389,680,3,677
110000391,856,320,536
110000396,180,173,7
110000397,146,192,-46
110000398,8,50,-42
110000399,158,1,157
110000587,96,56,40
110000589,183,208,-25
110000640,154,47,107
110000652,102,267,-165
110000653,330,442,-112
110000654,180,242,-62
110000656,2,611,-609
110000674,16,15,1
110000675,7,12,-5
110000676,6,22,-16
110000679,442,1083,-641
110000682,138,190,-52
110000683,359,529,-170
110000684,4,22,-18
110000685,5,17,-12
110000686,0,22,-22
110000687,76,2,74
110000688,57,784,-727
110000689,44,40,4
110000692,62,191,-129
110000693,71,241,-170
110000694,0,175,-175
110000695,385,892,-507
110000696,84,105,-21
110000698,262,1541,-1279
110000699,1088,435,653
110900001,200,8,192
110900002,312,183,129
110900003,547,580,-33
110900004,321,169,152
110900005,2208,2075,133
110900006,43,9,34
110900007,107,14,93
110900008,19,60,-41
110900009,346,66,280
110900010,17,84,-67
110900011,35,86,-51
110900012,9,70,-61
110900013,972,201,771
110900014,683,32,651
110900015,481,578,-97
110900016,32,160,-128
110900017,361,50,311
110900018,355,60,295
110900019,137,22,115
110900020,65,228,-163
110900021,88,581,-493
110900022,174,275,-101
110900023,88,390,-302
110900024,16,348,-332
110900025,17,57,-40
110900027,34,203,-169
110900028,35,125,-90
110900029,23,277,-254
110900030,34,208,-174
110900031,14,157,-143
110900032,0,65,-65
110900033,54,171,-117
110900035,15,439,-424
110900036,90,24,66
110900037,54,22,32
110900038,855,224,631
110900039,14,219,-205
110900040,205,26,179
110900041,19,90,-71
110900042,126,43,83
110900043,2,95,-93
110900044,199,22,177
110900045,44,364,-320
110900046,37,225,-188
110900047,473,216,257
110900049,67,84,-17
110900050,18,7,11
110900051,38,236,-198
110900052,11,126,-115
110900053,89,26,63
110900054,59,181,-122
110900055,26,1,25
110900056,57,106,-49
110900057,5,143,-138
110900058,222,187,35
110900059,567,466,101
110900060,419,126,293
110900061,24,60,-36
110900062,117,217,-100
110900063,48,163,-115
110900064,14,0,14
110900065,401,159,242
110900066,10,86,-76
110900067,198,505,-307
110900068,226,206,20
110900069,4,17,-13
110900070,115,83,32
110900071,234,453,-219
110900073,0,19,-19
110900074,273,95,178
110900075,308,76,232
110900077,875,868,7
110900078,18,54,-36
110900079,2932,1248,1684
110900080,117,118,-1
110900081,8,45,-37
110900082,142,168,-26
110900083,117,52,65
110900084,40,97,-57
110900085,38,270,-232
110900086,35,270,-235
110900087,317,137,180
110900088,13,2,11
110900090,34,19,15
110900091,7,53,-46
110900093,329,101,228
110900095,57,46,11
110900097,16,25,-9
110900098,32,95,-63
110900099,36,309,-273
110900100,0,26,-26
110900102,101,23,78
110900105,558,221,337
110900108,11,54,-43
110900111,390,175,215
110900112,990,6,984
110900113,470,24,446
110900115,15,76,-61
110900116,663,1628,-965
110900118,141,2610,-2469
110900119,3233,293,2940
110900120,13,60,-47
110900121,118,0,118
110900122,391,178,213
110900125,357,442,-85
110900127,584,1115,-531
110900128,483,471,12
110900129,392,760,-368
110900130,1050,616,434
110900131,447,66,381
110900132,233,57,176
110900133,363,175,188
110900135,73,270,-197
110900136,342,21,321
110900138,0,0,0
110900139,14,0,14
110900140,0,0,0
110900141,599,264,335
110900142,39,155,-116
110900143,158,67,91
110900144,1,674,-673
110900145,458,28,430
110900146,379,131,248
110900147,116,301,-185
110900148,10,260,-250
110900149,0,52,-52
110900150,75,28,47
110900151,8,69,-61
110900152,31,240,-209
110900153,107,41,66
111000001,545,616,-71
111000002,1019,797,222
111000003,1210,774,436
111000004,642,1206,-564
111000005,1435,1292,143
111000006,878,1968,-1090
111000007,3702,2562,1140
111000008,2175,3027,-852
111000009,405,808,-403
111000010,697,253,444
111000011,461,1154,-693
111000012,989,388,601
111000013,637,1176,-539
111000014,2309,572,1737
111000017,121,887,-766
111000018,297,356,-59
111000020,700,1725,-1025
111000021,78,89,-11
111000023,97,91,6
111000025,4052,3943,109
111000029,121,158,-37
111000030,56,118,-62
111000031,1971,1376,595
111000032,768,422,346
111000033,345,393,-48
111000034,244,244,0
111000037,438,390,48
111000038,3972,2593,1379
111000039,2125,2215,-90
111000040,1784,2384,-600
111000041,1814,1705,109
111000042,2771,2405,366
111000043,1694,2798,-1104
111000044,1756,1216,540
111000045,1942,2337,-395
111000046,1362,1884,-522
111000047,2105,3897,-1792
111000049,458,496,-38
111000050,1353,1396,-43
111000051,482,1034,-552
111000052,641,1498,-857
111000053,367,928,-561
111000054,331,879,-548
111000055,140,739,-599
111000056,386,629,-243
111000057,96,510,-414
111000058,352,78,274
111000059,663,282,381
111000060,3909,978,2931
111000061,441,399,42
111000062,729,354,375
111000063,2204,1019,1185
111000064,528,679,-151
111000065,1032,1182,-150
111000066,449,567,-118
111000067,566,682,-116
111000068,682,1196,-514
111000069,1910,2180,-270
111000070,1474,1143,331
111000071,300,798,-498
111000072,1118,496,622
111000073,296,896,-600
111000074,1370,1632,-262
111000075,1157,708,449
111000076,423,584,-161
111000077,1858,1953,-95
111000078,3205,1641,1564
111000079,1324,683,641
111000080,460,678,-218
111000081,1681,4010,-2329
111000082,623,710,-87
111000084,894,582,312
111000085,1065,1375,-310
111000086,2373,1269,1104
111000087,713,841,-128
111000088,4536,2101,2435
111000089,778,867,-89
111000090,934,1655,-721
111000091,678,540,138
111000092,1119,955,164
111000093,779,1071,-292
111000094,1833,1081,752
111000095,621,2108,-1487
111000096,1975,6845,-4870
111000097,4343,1912,2431
111000098,1143,1316,-173
111000099,650,1768,-1118
111000100,413,1612,-1199
111000101,470,924,-454
111000102,271,585,-314
111000104,499,185,314
111000107,164,620,-456
111000109,781,332,449
111000110,1481,711,770
111000111,1959,541,1418
111000112,1905,697,1208
111000113,983,1518,-535
111000114,2330,3240,-910
111000115,5476,1188,4288
111000116,1007,913,94
111000117,555,988,-433
111000118,1975,924,1051
111000119,928,1003,-75
111000120,397,643,-246
111000121,281,689,-408
111000122,634,1289,-655
111000123,643,1430,-787
111000124,450,2475,-2025
111000125,298,1649,-1351
111000126,820,1759,-939
111000127,998,170,828
111000128,1936,315,1621
111000129,2358,561,1797
111000130,1831,757,1074
111000131,1413,532,881
111000132,1183,735,448
111000133,186,179,7
111000134,148,161,-13
111000135,41,204,-163
111000136,310,354,-44
111000138,15,7,8
111000140,1,11,-10
111000141,183,272,-89
111000142,18,127,-109
111000143,10,111,-101
111000144,52,338,-286
111000145,2181,20,2161
111000146,141,10,131
111000147,349,41,308
111000148,137,70,67
111000149,7,29,-22
111000150,28,19,9
111000151,8,48,-40
111000153,621,751,-130
111000154,897,227,670
111000155,131,173,-42
111000156,352,608,-256
111000157,268,1062,-794
111000158,816,770,46
111000159,2277,708,1569
111000160,395,334,61
111000161,22,298,-276
111000162,80,174,-94
111000163,692,938,-246
111000164,695,3616,-2921
111000165,1125,582,543
111000166,2257,419,1838
111000167,177,510,-333
111000168,243,462,-219
111000169,331,668,-337
111000170,617,518,99
111000171,531,658,-127
111000172,230,491,-261
111000173,420,897,-477
111000174,182,395,-213
111000175,51,263,-212
111000176,584,163,421
111000177,328,337,-9
111000178,1216,477,739
111000179,209,286,-77
111000180,234,517,-283
111000181,941,259,682
111000182,232,190,42
111000183,853,278,575
111000184,361,227,134
111000185,554,511,43
111000186,877,245,632
111000187,111,239,-128
111000188,214,506,-292
111000189,1145,610,535
111000190,163,354,-191
111000191,185,321,-136
111000192,184,655,-471
111000193,315,381,-66
111000194,75,337,-262
111000195,133,307,-174
111000196,65,211,-146
111000197,402,194,208
111000198,766,128,638
111000199,222,158,64
111000200,306,396,-90
111000201,589,328,261
111000202,276,234,42
111000203,291,362,-71
111000204,580,1167,-587
111000213,206,532,-326
111000214,1648,1474,174
111000215,1168,1481,-313
111000217,1265,916,349
111000218,1196,989,207
111000219,501,245,256
111000220,1659,624,1035
111000221,898,110,788
111000224,89,454,-365
111000225,411,327,84
111000226,97,4,93
111000227,51,10,41
111000228,28,308,-280
111000229,47,691,-644
111000230,238,333,-95
111000231,998,761,237
111000232,637,859,-222
111000233,724,896,-172
111000234,138,360,-222
111000239,170,173,-3
111000240,44,182,-138
111000241,58,361,-303
111000242,138,79,59
111000243,306,607,-301
111000244,452,125,327
111000245,1754,484,1270
111000246,541,441,100
111000247,251,843,-592
111000248,626,501,125
111000249,421,705,-284
111000250,42,76,-34
111000251,48,94,-46
111000253,8,16,-8
111000255,25,8,17
111000257,32,22,10
111000260,68,690,-622
111000261,1121,143,978
111000271,53,306,-253
111000273,3306,1850,1456
111000274,1038,1985,-947
111000275,188,84,104
111000276,1152,3461,-2309
111000277,169,395,-226
111000278,569,277,292
111000291,895,4539,-3644
111000298,498,238,260
111000299,513,131,382
111000300,112,591,-479
111000302,249,112,137
111000303,71,231,-160
111000312,52,80,-28
111000315,10,163,-153
111000320,294,701,-407
111000321,334,109,225
111000322,330,473,-143
111000323,199,29,170
111000324,333,325,8
111000325,63,99,-36
111000326,153,390,-237
111000327,747,450,297
111000328,276,526,-250
111000329,2,44,-42
111000330,46,19,27
111000331,38,6,32
111000332,456,1370,-914
111000334,391,1420,-1029
111000335,1220,258,962
111000337,1138,465,673
111000338,78,131,-53
111000339,622,426,196
111000340,349,581,-232
111000341,1260,809,451
111000342,446,1186,-740
111000344,1092,731,361
111000345,333,83,250
111000346,22,99,-77
111000347,117,25,92
111000350,355,131,224
111000351,185,313,-128
111000352,186,88,98
111000353,122,275,-153
111000354,618,122,496
111000355,513,517,-4
111000358,242,1163,-921
111000360,254,606,-352
111000361,145,322,-177
111000546,957,611,346
111000547,347,539,-192
111000548,106,296,-190
111000549,299,391,-92
111000550,121,859,-738
111000551,748,217,531
111000552,2511,192,2319
111000907,501,20,481
111000908,23,0,23
111000916,1572,315,1257
111000917,59,386,-327
111000918,201,699,-498
111000920,522,28,494
111000921,6,276,-270
111000922,469,294,175
111000924,48,966,-918
111000925,2251,1880,371
111000926,928,1900,-972
111000927,2871,4328,-1457
111000928,3920,3655,265
111000929,2082,1344,738
111000930,1078,2632,-1554
111000931,1695,2667,-972
111000932,3784,2406,1378
111000933,3521,2504,1017
111000934,2145,3562,-1417
111000935,1292,1308,-16
111000936,1257,2333,-1076
111000937,1019,1692,-673
111000938,1518,1829,-311
111000939,374,53,321
111000940,385,186,199
111000941,416,447,-31
111000943,409,390,19
111000944,210,423,-213
111000945,91,1455,-1364
111001109,401,300,101
111001110,146,511,-365
111001111,84,5,79
111001112,127,5,122
111001113,0,228,-228
111001114,940,126,814
111001115,86,441,-355
111001116,5077,3847,1230
111001117,677,2711,-2034
111001120,104,278,-174
111001121,230,263,-33
111001122,237,515,-278
111001123,212,100,112
111001124,97,222,-125
111001125,4,164,-160
111001126,2,1,1
111001127,0,37,-37
111001128,446,645,-199
111900001,4,191,-187
111900002,3,668,-665
111900003,1,288,-287
111900004,41,90,-49
111900006,7,27,-20
111900007,52,2,50
111900008,144,0,144
111900009,129,2,127
111900010,315,402,-87
111900012,60,72,-12
111900013,18,51,-33
111900014,4481,2748,1733
111900015,0,58,-58
111900016,0,110,-110
111900017,0,123,-123
111900018,212,6,206
111900019,2,89,-87
111900020,2,57,-55
111900021,34,116,-82
111900022,19,93,-74
111900023,111,100,11
111900024,30,90,-60
111900025,0,22,-22
111900026,1,83,-82
111900027,6,111,-105
111900028,30,343,-313
111900029,2,76,-74
111900030,42,322,-280
111900032,2,292,-290
111900033,5,77,-72
111900034,308,462,-154
111900035,107,179,-72
111900036,0,245,-245
111900038,318,586,-268
111900039,38,384,-346
111900040,3,448,-445
111900042,20,143,-123
111900043,6,298,-292
111900044,409,176,233
111900046,59,138,-79
111900048,149,635,-486
111900049,50,159,-109
111900050,113,33,80
111900051,2,190,-188
111900052,438,373,65
111900053,1077,1055,22
111900054,130,4,126
111900055,13,319,-306
111900056,198,243,-45
111900057,83,56,27
111900058,284,471,-187
111900059,1601,526,1075
111900060,333,3,330
111900061,9,172,-163
111900062,37,89,-52
111900063,296,194,102
111900064,170,198,-28
111900065,69,30,39
111900066,122,144,-22
111900067,1,355,-354
111900068,27,28,-1
111900069,86,42,44
111900070,150,155,-5
111900071,1,221,-220
111900072,42,9,33
111900073,587,111,476
111900074,10,141,-131
111900075,53,4,49
111900076,158,51,107
111900077,29,2,27
111900078,154,23,131
111900079,35,28,7
111900080,232,311,-79
111900082,101,15,86
111900083,87,17,70
111900084,66,6,60
111900085,31,78,-47
111900086,27,5,22
111900087,39,0,39
111900088,373,5,368
111900089,115,7,108
111900090,46,40,6
111900091,197,0,197
111900092,80,0,80
111900093,260,2,258
111900094,104,0,104
111900095,244,24,220
111900096,134,13,121
111900097,52,2,50
111900098,102,2,100
111900099,63,0,63
111900100,177,5,172
111900101,76,30,46
111900102,800,586,214
111900103,43,71,-28
111900104,168,80,88
111900105,332,169,163
111900106,828,49,779
111900110,1399,339,1060
111900111,257,120,137
111900112,486,2163,-1677
111900113,251,80,171
111900118,301,82,219
111900119,311,128,183
111900122,139,56,83
111900123,13,30,-17
111900124,38,128,-90
111900125,377,18,359
111900126,260,0,260
111900127,2,633,-631
111900128,2,389,-387
111900129,226,3,223
111900130,151,15,136
111900131,423,3,420
111900132,43,767,-724
111900133,29,311,-282
111900134,12,214,-202
111900135,15,33,-18
111900136,72,142,-70
111900137,72,84,-12
111900138,14,107,-93
111900139,20,133,-113
111900140,89,25,64
111900141,114,10,104
111900142,95,46,49
111900143,11,64,-53
111900144,1,85,-84
111900145,3,366,-363
111900146,1,199,-198
111900147,125,352,-227
111900148,39,561,-522
111900149,9,224,-215
111900150,16,122,-106
111900151,6,23,-17
111900152,76,69,7
111900153,1476,416,1060
111900154,6,156,-150
111900155,25,76,-51
111900156,39,51,-12
111900157,117,11,106
111900158,439,56,383
111900159,240,16,224
111900160,238,0,238
111900161,115,0,115
111900162,53,122,-69
111900163,46,182,-136
111900164,100,76,24
111901113,338,326,12
111901114,456,223,233
111901115,62,1,61
111901116,60,1,59
111901117,21,29,-8
111901118,62,221,-159
111901119,709,97,612
111901121,194,230,-36
111901122,4,510,-506
111901123,116,339,-223
111901124,141,0,141
111901125,334,187,147
111901127,415,225,190
111901128,6,51,-45
111901129,13,79,-66
111901130,7,128,-121
111901131,3,181,-178
111901132,234,27,207
111901133,36,3,33
111901134,31,4,27
111901135,14,6,8
111901138,255,44,211
111901139,12,21,-9
111901140,20,65,-45
111901141,15,129,-114
111901142,5,80,-75
111901143,0,49,-49
111901144,56,54,2
111901145,119,284,-165
111901146,447,37,410
111901147,477,224,253
111901148,14,61,-47
111901149,25,2,23
111901150,22,0,22
111901151,0,0,0
111901152,14,23,-9
112000001,1644,766,878
112000002,697,2035,-1338
112000003,1036,961,75
112000004,703,893,-190
112000005,2667,3223,-556
112000006,2433,1856,577
112000007,2356,1750,606
112000008,2129,3451,-1322
112000009,3472,3163,309
112000010,2427,2783,-356
112000011,1680,2066,-386
112000012,3383,3175,208
112000013,4514,2707,1807
112000014,2602,1706,896
112000015,4080,2726,1354
112000016,5409,1305,4104
112000017,3033,2216,817
112000024,2567,1218,1349
112000026,3589,4936,-1347
112000027,829,577,252
112000028,1472,1522,-50
112000029,418,594,-176
112000030,179,106,73
112000031,1205,3338,-2133
112000032,391,52,339
112000033,1884,1516,368
112000034,322,60,262
112000035,266,340,-74
112000036,1283,862,421
112000037,1781,669,1112
112000038,1590,820,770
112000039,64,58,6
112000040,141,310,-169
112000041,509,533,-24
112000042,1092,453,639
112000050,1159,1395,-236
112000051,877,1077,-200
112000054,1545,1907,-362
112000057,407,403,4
112000058,314,499,-185
112000059,382,614,-232
112000061,2904,1867,1037
112000062,1351,589,762
112000063,1070,1375,-305
112000064,3997,5397,-1400
112000065,2131,2454,-323
112000066,3456,1446,2010
112000067,861,729,132
112000068,2922,2298,624
112000069,831,1726,-895
112000070,1800,841,959
112000071,981,2395,-1414
112000072,1987,917,1070
112000073,1701,1979,-278
112000074,1397,1058,339
112000075,1496,1133,363
112000076,3436,2679,757
112000077,1199,507,692
112000078,1649,667,982
112000079,1378,1226,152
112000080,820,909,-89
112000081,1497,2391,-894
112000082,1361,820,541
112000083,552,1209,-657
112000084,1106,1095,11
112000085,1146,1029,117
112000086,1725,1531,194
112000087,378,659,-281
112000088,650,740,-90
112000089,357,334,23
112000090,281,339,-58
112000091,643,1080,-437
112000092,1636,1231,405
112000093,1560,952,608
112000094,562,836,-274
112000095,598,905,-307
112000096,529,657,-128
112000097,1015,887,128
112000098,915,961,-46
112000099,521,1453,-932
112000100,1589,848,741
112000101,545,944,-399
112000102,1035,623,412
112000103,286,978,-692
112000105,671,1700,-1029
112000106,1574,536,1038
112000107,93,255,-162
112000108,297,1573,-1276
112000109,208,191,17
112000110,1997,786,1211
112000111,1144,2943,-1799
112000112,3560,614,2946
112000113,859,1649,-790
112000114,2405,887,1518
112000115,380,446,-66
112000116,634,1133,-499
112000117,1184,1035,149
112000118,1130,1038,92
112000119,519,980,-461
112000120,102,366,-264
112000121,102,420,-318
112000122,318,191,127
112000123,624,168,456
112000124,341,121,220
112000125,186,281,-95
112000126,220,563,-343
112000127,2066,1629,437
112000128,756,574,182
112000129,126,110,16
112000130,228,64,164
112000131,39,312,-273
112000132,145,303,-158
112000133,315,236,79
112000134,407,390,17
112000135,2145,714,1431
112000136,1598,1331,267
112000137,2399,1643,756
112000138,2678,1330,1348
112000139,883,600,283
112000140,1231,1145,86
112000141,718,336,382
112000142,211,609,-398
112000143,1032,262,770
112000144,315,1228,-913
112000145,2316,650,1666
112000146,622,2024,-1402
112000147,2550,1916,634
112000148,1771,2139,-368
112000149,525,657,-132
112000150,322,683,-361
112000151,418,399,19
112000152,305,578,-273
112000153,193,298,-105
112000154,139,231,-92
112000155,118,93,25
112000157,852,541,311
112000158,287,454,-167
112000159,422,435,-13
112000167,278,97,181
112000169,387,393,-6
112000173,578,205,373
112000175,373,387,-14
112000176,2758,1805,953
112000177,461,180,281
112000178,98,371,-273
112000179,228,120,108
112000180,243,440,-197
112000181,1444,1916,-472
112000182,922,1483,-561
112000183,43,51,-8
112000184,415,344,71
112000185,507,640,-133
112000187,3230,2167,1063
112000195,136,21,115
112000196,202,6,196
112000197,129,148,-19
112000198,39,196,-157
112000199,1299,1098,201
112000202,270,0,270
112000216,59,288,-229
112000230,69,3,66
112000231,1,210,-209
112000256,68,254,-186
112000313,80,112,-32
112000314,51,32,19
112000337,281,483,-202
112000352,393,328,65
112000392,1112,986,126
112000398,1094,953,141
112000399,1604,2005,-401
112000400,1335,2787,-1452
112000401,3860,3580,280
112000402,2535,2699,-164
112000403,1779,2509,-730
112000404,680,739,-59
112000405,1684,2767,-1083
112000406,3423,3263,160
112000407,6030,8052,-2022
112000408,7015,6908,107
112000409,2975,6397,-3422
112000410,497,274,223
112000411,3858,1464,2394
112000412,1594,620,974
112000413,7806,4498,3308
112000414,88,89,-1
112000415,111,40,71
112000416,2126,1541,585
112000417,215,84,131
112000421,57,141,-84
112000422,414,371,43
112000424,2190,2352,-162
112000425,422,924,-502
112000426,101,308,-207
112000427,2,18,-16
112000428,266,347,-81
112000429,2094,2467,-373
112000430,2564,2776,-212
112000431,71,137,-66
112000432,669,1450,-781
112000433,390,699,-309
112000437,56,243,-187
112900001,56,3,53
112900002,331,997,-666
112900003,35,336,-301
112900004,23,213,-190
112900005,265,227,38
112900007,36,191,-155
112900008,4,53,-49
112900009,301,111,190
112900010,302,868,-566
112900011,209,266,-57
112900012,1,40,-39
112900013,1,237,-236
112900014,4,384,-380
112900015,346,611,-265
112900016,5,295,-290
112900017,69,167,-98
112900018,222,894,-672
112900019,46,208,-162
112900020,371,891,-520
112900021,3,208,-205
112900022,6,65,-59
112900023,1,181,-180
112900024,32,226,-194
112900025,78,235,-157
112900026,6,213,-207
112900027,7,1066,-1059
112900028,15,114,-99
112900029,19,584,-565
112900030,156,159,-3
112900031,7,466,-459
112900032,193,295,-102
112900034,0,42,-42
112900035,7,420,-413
112900036,116,133,-17
112900037,175,181,-6
112900038,422,153,269
112900039,13,262,-249
112900040,8,409,-401
112900041,663,824,-161
112900042,89,280,-191
112900043,19,38,-19
112900044,519,434,85
112900045,342,294,48
112900046,223,53,170
112900047,16,31,-15
112900049,203,78,125
112900050,53,464,-411
112900051,312,528,-216
112900052,3,949,-946
112900053,796,101,695
112900054,213,51,162
112900055,88,33,55
112900056,321,230,91
112900057,39,568,-529
112900058,332,416,-84
112900059,134,113,21
112900060,17,156,-139
112900061,79,117,-38
112900062,85,131,-46
112900063,211,17,194
112900064,167,200,-33
112900065,48,19,29
112900066,210,135,75
112900067,451,169,282
112900068,49,49,0
112900069,1681,736,945
112900071,26,9,17
112900072,154,1657,-1503
112900073,420,88,332
112900074,90,217,-127
112900075,1301,736,565
112900076,103,28,75
112900078,311,422,-111
112900079,262,51,211
112900080,66,1,65
112900081,45,191,-146
112900082,420,16,404
112900083,238,78,160
112900084,170,79,91
112900086,68,0,68
112900087,589,138,451
112900088,108,10,98
112900089,748,23,725
112900090,52,11,41
112900091,231,12,219
112900092,213,282,-69
112900093,1428,20,1408
112900095,60,0,60
112900096,444,159,285
112900097,133,255,-122
112900098,130,3,127
112900099,754,7,747
112900100,61,0,61
112900101,264,3,261
112900102,240,7,233
112900103,230,5,225
112900104,557,15,542
112900105,27,0,27
112900106,370,135,235
112900107,9,1,8
112900108,22,3,19
112900109,116,2,114
112900110,1008,13,995
112900111,652,4,648
112900112,311,1,310
112900113,0,12,-12
112900114,127,60,67
112900115,1151,3,1148
112900116,110,3,107
112900117,124,85,39
112900118,25,82,-57
112900119,189,1,188
112900120,828,328,500
112900121,151,186,-35
112900122,17,105,-88
112900123,136,16,120
112900124,11,110,-99
112900125,39,329,-290
112900126,245,241,4
112900127,301,104,197
112900128,341,716,-375
112900129,1,766,-765
112900130,303,71,232
112900131,64,230,-166
112900132,325,484,-159
112900133,22,981,-959
112900134,0,197,-197
112900135,177,44,133
112900137,20,573,-553
112900138,16,246,-230
112900139,178,944,-766
112900141,581,53,528
112900142,90,179,-89
112900143,47,551,-504
112900144,18,856,-838
112900145,44,509,-465
112900146,10,1128,-1118
112900147,5,1871,-1866
112900148,45,4,41
112900149,243,876,-633
112900151,23,87,-64
112900152,3835,903,2932
112900153,2074,2020,54
112900154,1,128,-127
112900155,184,16,168
112900156,320,1204,-884
112900157,191,111,80
112900158,49,9,40
112900159,196,135,61
112900160,68,322,-254
112900161,131,36,95
112900162,41,19,22
112900163,121,37,84
112900164,27,232,-205
112900165,569,25,544
112900166,8,67,-59
112900167,4,100,-96
112900168,4,2,2
112900169,13,9,4
112900170,73,83,-10
112900172,63,19,44
112900173,169,85,84
112900174,197,61,136
112900175,162,132,30
112900176,13,49,-36
112900177,262,72,190
112900178,788,2348,-1560
112900179,54,353,-299
112900180,1516,1452,64
112900181,498,4,494
112900182,57,1080,-1023
112900183,130,270,-140
112900184,349,338,11
112900185,213,557,-344
112900186,1209,806,403
112900187,88,580,-492
112900188,612,332,280
112900189,10,14,-4
112900190,14,37,-23
112900192,497,549,-52
112900193,940,294,646
112900194,65,99,-34
112900195,880,47,833
112900196,164,265,-101
112900197,187,389,-202
112900199,342,215,127
112900200,439,218,221
112900201,129,105,24
112900202,354,956,-602
112900203,238,245,-7
112900204,1083,706,377
112900205,18,12,6
112900206,58,113,-55
112900207,16,0,16
112900208,117,373,-256
112900209,672,346,326
112900210,2,62,-60
112900211,112,79,33
112900212,0,138,-138
112900213,92,12,80
112900214,33,41,-8
112900215,14,158,-144
112900216,39,52,-13
112900217,0,77,-77
112900218,85,1,84
112900219,55,1,54
112900220,4,0,4
112900221,5,147,-142
112900222,0,25,-25
112900223,772,15,757
112900224,202,355,-153
112900225,315,338,-23
112900226,153,325,-172
112900227,288,563,-275
112900228,52,31,21
112900229,177,61,116
112900230,5578,3435,2143
112900232,205,254,-49
112900233,82,165,-83
112900234,7,100,-93
112900235,128,44,84
112900236,215,9,206
112900237,219,281,-62
112900238,3,42,-39
112900239,1031,378,653
112900240,7,63,-56
112900241,31,111,-80
112900242,9,146,-137
112900243,13,144,-131
112900244,9,47,-38
112900245,0,24,-24
112900246,0,5,-5
112900247,356,52,304
112900248,11,0,11
112900249,33,4,29
112900250,95,25,70
112900251,53,6,47
112900252,55,21,34
112900253,24,9,15
112900254,17,8,9
112900255,1,59,-58
112900256,3,65,-62
112900257,12,82,-70
112900258,16,42,-26
113000001,5271,4580,691
113000002,3339,3228,111
113000003,1915,1613,302
113000004,1917,2345,-428
113000005,1713,861,852
113000006,942,1273,-331
113000007,2056,1083,973
113000008,1775,1832,-57
113000009,876,802,74
113000010,1265,1388,-123
113000011,668,1439,-771
113000012,1548,764,784
113000013,1552,804,748
113000014,1593,1429,164
113000015,469,197,272
113000016,350,707,-357
113000017,47,389,-342
113000018,426,55,371
113000019,231,304,-73
113000020,644,107,537
113000021,1330,680,650
113000022,670,1164,-494
113000025,277,496,-219
113000026,408,431,-23
113000027,685,502,183
113000028,938,417,521
113000029,708,695,13
113000030,382,697,-315
113000031,289,296,-7
113000032,274,232,42
113000033,232,338,-106
113000034,350,334,16
113000035,26,44,-18
113000036,17,51,-34
113000037,64,36,28
113000038,9,39,-30
113000039,58,369,-311
113000040,91,101,-10
113000042,773,577,196
113000051,838,2320,-1482
113000052,1813,837,976
113000053,367,401,-34
113000054,314,736,-422
113000055,964,648,316
113000056,810,864,-54
113000058,718,869,-151
113000059,1020,640,380
113000060,200,470,-270
113000061,473,849,-376
113000062,950,243,707
113000063,176,109,67
113000064,41,309,-268
113000065,123,771,-648
113000066,564,111,453
113000067,1748,1443,305
113000068,362,1443,-1081
113000069,684,1238,-554
113000070,2152,1224,928
113000071,458,621,-163
113000072,718,585,133
113000073,386,1345,-959
113000074,917,434,483
113000075,1927,725,1202
113000076,632,1810,-1178
113000077,1041,563,478
113000078,675,1907,-1232
113000079,724,735,-11
113000080,721,752,-31
113000081,680,782,-102
113000082,1179,730,449
113000083,469,816,-347
113000084,1450,1133,317
113000085,795,667,128
113000086,1537,1104,433
113000087,1362,951,411
113000088,2147,1272,875
113000089,891,1442,-551
113000090,237,503,-266
113000091,456,397,59
113000094,986,231,755
113000095,213,710,-497
113000096,141,691,-550
113000097,971,403,568
113000098,115,34,81
113000099,823,328,495
113000100,140,380,-240
113000101,366,522,-156
113000102,530,396,134
113000103,1903,505,1398
113000104,351,1752,-1401
113000105,660,470,190
113000106,356,490,-134
113000107,790,812,-22
113000108,665,1314,-649
113000109,510,1627,-1117
113000110,1331,430,901
113000111,191,524,-333
113000112,330,408,-78
113000113,1212,456,756
113000114,390,1211,-821
113000116,595,340,255
113000117,751,132,619
113000118,125,459,-334
113000119,330,295,35
113000120,60,224,-164
113000121,602,727,-125
113000124,254,130,124
113000125,71,633,-562
113000127,2505,307,2198
113000128,474,435,39
113000129,417,725,-308
113000133,2118,1491,627
113000134,11,988,-977
113000135,3710,4105,-395
113000137,1610,2962,-1352
113000139,281,160,121
113000140,122,193,-71
113000141,239,191,48
113000142,529,1017,-488
113000143,249,216,33
113000144,314,589,-275
113000145,69,126,-57
113000146,195,103,92
113000147,171,116,55
113000148,136,95,41
113000149,103,107,-4
113000150,472,337,135
113000151,88,64,24
113000152,34,90,-56
113000153,1297,518,779
113000154,637,1327,-690
113000155,326,504,-178
113000156,146,406,-260
113000157,279,820,-541
113000158,631,305,326
113000159,775,879,-104
113000160,665,965,-300
113000161,249,451,-202
113000162,646,581,65
113000163,133,72,61
113000164,30,100,-70
113000166,130,100,30
113000167,48,124,-76
113000168,87,123,-36
113000169,139,108,31
113000170,70,129,-59
113000171,55,98,-43
113000172,234,102,132
113000173,65,24,41
113000174,138,461,-323
113000175,455,152,303
113000176,447,219,228
113000177,203,458,-255
113000178,252,402,-150
113000179,303,224,79
113000180,634,1224,-590
113000181,1306,896,410
113000182,170,362,-192
113000183,134,544,-410
113000184,23,126,-103
113000189,441,735,-294
113000190,839,506,333
113000192,1646,1701,-55
113000193,3719,1254,2465
113000194,2228,1126,1102
113000195,2448,780,1668
113000196,196,73,123
113000197,1843,1027,816
113000198,70,347,-277
113000199,1101,309,792
113000201,277,228,49
113000202,2875,953,1922
113000203,281,104,177
113000204,1500,1770,-270
113000205,18,31,-13
113000206,4,44,-40
113000207,74,25,49
113000208,34,40,-6
113000209,13,32,-19
113000210,2,26,-24
113000211,221,229,-8
113000212,157,21,136
113000213,48,148,-100
113000214,188,294,-106
113000234,199,750,-551
113000410,342,278,64
113000411,2247,4166,-1919
113000412,5849,2233,3616
113000413,2720,2984,-264
113000414,5985,11876,-5891
113000415,2393,2983,-590
113000416,7933,4272,3661
113000417,2550,2876,-326
113000418,4247,3181,1066
113000419,1280,1635,-355
113000420,3954,4798,-844
113000421,3669,5572,-1903
113000422,11187,9824,1363
113000423,2025,4535,-2510
113000424,3137,7794,-4657
113000425,5,77,-72
113000428,75,26,49
113000430,11,190,-179
113000432,2195,177,2018
113000433,147,657,-510
113000434,42,144,-102
113000435,45,663,-618
113000436,36,1130,-1094
113000437,945,30,915
113000438,261,27,234
113000439,22,106,-84
113000440,121,50,71
113000441,204,229,-25
113000442,128,156,-28
113000443,244,210,34
113000444,201,196,5
113000445,162,146,16
113000446,38,97,-59
113000448,165,149,16
113000449,146,879,-733
113000450,390,1961,-1571
113000451,1125,176,949
113000452,351,437,-86
113000453,109,265,-156
113000454,953,79,874
113000455,108,256,-148
113000456,3404,2495,909
113000468,1539,218,1321
113000469,70,67,3
113000470,366,32,334
113000471,15,424,-409
113000472,75,315,-240
113000474,572,582,-10
113000475,1580,1781,-201
113000476,1250,1884,-634
113000477,3243,2136,1107
113000478,4325,5635,-1310
113000479,71,204,-133
113000484,0,0,0
113000485,0,0,0
113000486,15,6,9
113000487,0,0,0
113000488,0,3,-3
113000489,0,16,-16
113000490,0,2,-2
113000491,2,2,0
113000492,0,2,-2
113000493,0,0,0
113000495,178,175,3
113000496,125,143,-18
113000497,0,0,0
113000499,0,0,0
113900001,2,101,-99
113900002,0,57,-57
113900003,1,75,-74
113900004,4,33,-29
113900005,6,43,-37
113900006,1,28,-27
113900007,19,0,19
113900008,17,1,16
113900009,169,6,163
113900010,97,6,91
113900011,44,0,44
113900012,16,3,13
113900013,218,11,207
113900014,479,2,477
113900015,5,42,-37
113900016,26,0,26
113900017,3,37,-34
113900018,326,226,100
113900019,139,119,20
113900020,115,0,115
113900022,21,0,21
113900023,10,0,10
113900024,82,37,45
113900025,195,14,181
113900026,39,0,39
113900027,2,46,-44
113900028,32,410,-378
113900029,58,205,-147
113900030,183,1,182
113900031,9,1,8
113900032,25,2,23
113900033,80,53,27
113900035,38,0,38
113900036,16,82,-66
113900037,153,515,-362
113900038,58,132,-74
113900039,115,14,101
113900040,8,12,-4
113900041,5,6,-1
113900042,84,45,39
113900043,152,129,23
113900044,336,290,46
113900045,78,2,76
113900046,257,500,-243
113900047,19,81,-62
113900048,188,101,87
113900049,575,276,299
113900050,174,268,-94
113900051,303,334,-31
113900052,155,118,37
113900053,493,508,-15
113900054,11,0,11
113900055,85,352,-267
113900056,30,93,-63
113900057,19,74,-55
113900058,34,139,-105
113900059,202,256,-54
113900060,195,131,64
113900061,844,259,585
113900062,77,7,70
113900063,51,157,-106
113900064,18,119,-101
113900065,347,20,327
113900066,307,242,65
113900067,118,214,-96
113900068,391,329,62
113900069,19,23,-4
113900070,231,483,-252
113900071,47,60,-13
113900072,54,141,-87
113900073,270,347,-77
113900074,68,218,-150
113900075,1185,929,256
113900076,148,16,132
113900077,68,170,-102
113900078,31,47,-16
113900079,2,22,-20
113900080,367,210,157
113900081,58,208,-150
113900082,108,249,-141
113900083,166,423,-257
113900084,263,76,187
113900085,48,241,-193
113900086,18,19,-1
113900087,50,131,-81
113900088,61,87,-26
113900089,389,35,354
113900090,524,455,69
113900091,15,9,6
113900092,63,88,-25
113900093,80,694,-614
113900094,341,377,-36
113900095,118,71,47
113900096,181,48,133
113900097,56,65,-9
113900098,466,71,395
113900099,1,48,-47
113900100,0,5,-5
113900101,38,54,-16
113900102,125,138,-13
113900103,266,245,21
113900104,101,223,-122
113900105,98,239,-141
113900106,1,48,-47
113900107,0,33,-33
113900108,259,170,89
113900109,378,184,194
113900110,46,19,27
113900111,156,113,43
113900112,78,62,16
113900113,829,507,322
113900114,0,61,-61
113900115,0,91,-91
113900116,120,101,19
113900117,89,19,70
113900118,224,237,-13
113900119,166,390,-224
113900120,41,33,8
113900121,34,86,-52
113900122,274,1560,-1286
113900123,340,216,124
113900124,0,86,-86
113900125,766,110,656
113900126,177,49,128
113900127,271,632,-361
113900128,179,63,116
113900129,10,165,-155
113900130,3,12,-9
113900131,181,104,77
113900132,42,50,-8
113900133,38,96,-58
113900135,265,399,-134
113900136,116,83,33
113900137,270,230,40
113900138,48,138,-90
113900139,277,135,142
113900140,281,316,-35
113900141,580,336,244
113900142,120,72,48
113900143,31,39,-8
113900144,206,191,15
113900145,297,166,131
113900146,175,66,109
113900148,109,284,-175
113900149,148,74,74
113900150,591,379,212
113900151,362,168,194
113900152,20,56,-36
113900153,297,415,-118
113900154,7,112,-105
113900155,191,128,63
113900156,302,329,-27
113900157,19,247,-228
113900158,305,361,-56
113900159,20,212,-192
113900160,771,451,320
113900161,49,180,-131
113900162,409,607,-198
113900163,188,276,-88
113900164,184,56,128
113900165,991,342,649
113900166,190,132,58
113900167,217,56,161
113900168,100,125,-25
113900169,216,334,-118
113900171,154,72,82
113900172,6,202,-196
113900173,44,505,-461
113900174,377,537,-160
113900175,252,98,154
113900176,360,557,-197
113900177,325,158,167
113900178,346,103,243
113900179,19,417,-398
113900180,178,99,79
113900181,404,106,298
113900182,738,939,-201
113900183,33,66,-33
113900184,18,473,-455
113900185,199,55,144
113900186,23,50,-27
113900187,35,130,-95
113900188,29,134,-105
113900189,230,110,120
113900190,273,103,170
113900191,85,169,-84
113900192,1493,1239,254
113900193,25,211,-186
113900194,1255,1063,192
113900195,229,327,-98
113900196,7,95,-88
113900197,1,158,-157
113900198,16,216,-200
113900199,168,560,-392
113900200,10,204,-194
113900201,0,150,-150
113900202,18,204,-186
113900203,18,92,-74
113900204,46,462,-416
113900205,13,109,-96
113900206,10,108,-98
113900207,2,50,-48
113900208,0,45,-45
113900209,0,72,-72
113900210,495,584,-89
113900211,189,60,129
113900212,177,382,-205
113900214,363,404,-41
113900215,29,112,-83
113900216,120,848,-728
113900217,60,248,-188
113900218,203,98,105
113900219,95,319,-224
113900220,136,109,27
113900221,415,187,228
113900222,1160,691,469
113900223,114,1023,-909
113900224,96,81,15
113900225,409,176,233
113900226,280,81,199
113900227,461,227,234
113900228,334,400,-66
113900229,55,728,-673
113900230,3652,2870,782
113900231,216,142,74
113900232,72,138,-66
113900233,71,96,-25
113900234,273,364,-91
113900235,78,38,40
113900236,138,341,-203
113900237,115,7,108
113900238,177,467,-290
113900239,56,85,-29
113900240,4,168,-164
113900241,117,40,77
113900242,47,107,-60
113900243,92,417,-325
113900244,283,191,92
113900245,1105,275,830
113900246,7,22,-15
113900247,145,358,-213
113900248,2108,1425,683
113900249,853,396,457
113900250,46,118,-72
113900251,556,197,359
113900252,453,5,448
113900253,610,56,554
113900254,759,114,645
113900255,315,23,292
113900256,319,18,301
113900257,25,524,-499
113900258,16,388,-372
113900259,428,186,242
113900260,118,6,112
113900261,48,78,-30
113900262,133,459,-326
113900263,143,562,-419
113900264,5,427,-422
113900265,231,272,-41
113900266,28,159,-131
113900267,90,427,-337
113900268,304,448,-144
113900269,76,122,-46
113900270,390,745,-355
113900271,522,986,-464
113900273,55,7,48
113900274,69,31,38
113900275,48,107,-59
113900276,2,126,-124
113900277,116,2,114
113900278,259,189,70
113900279,83,106,-23
113900280,1463,533,930
113900281,539,959,-420
113900282,547,423,124
113900283,389,514,-125
113900284,695,222,473
113900285,135,38,97
113900286,24,99,-75
113900287,60,24,36
113900288,6,169,-163
113900289,890,122,768
113900290,378,161,217
113900291,100,167,-67
113900292,19,6,13
113900293,19,230,-211
113900294,360,22,338
113900295,388,360,28
113900296,847,203,644
113900297,2436,41,2395
113900298,12,1632,-1620
113900299,82,158,-76
113900300,2617,1439,1178
113900301,511,218,293
113900302,2506,851,1655
113900303,411,440,-29
113900304,1,111,-110
113900305,62,1,61
113900306,30,0,30
113900307,12,0,12
113900308,66,108,-42
113900309,1,524,-523
113900310,0,10,-10
113900311,4,0,4
113900312,198,271,-73
113900313,8,12,-4
113900314,0,15,-15
113900315,29,1,28
114000001,955,2698,-1743
114000002,288,402,-114
114000003,223,933,-710
114000004,396,448,-52
114000005,259,312,-53
114000006,2068,1569,499
114000007,783,1078,-295
114000008,1189,1550,-361
114000009,620,237,383
114000011,2407,2479,-72
114000012,2219,1677,542
114000013,1404,1438,-34
114000014,627,528,99
114000015,2269,408,1861
114000016,233,288,-55
114000017,80,229,-149
114000018,208,41,167
114000026,1399,1174,225
114000027,2499,1756,743
114000028,2223,2345,-122
114000038,237,132,105
114000039,186,232,-46
114000040,62,226,-164
114000042,171,189,-18
114000043,341,291,50
114000044,250,201,49
114000045,48,95,-47
114000046,4082,3987,95
114000047,14,77,-63
114000048,123,164,-41
114000049,1319,1657,-338
114000050,1262,2124,-862
114000051,2700,1827,873
114000052,5260,1495,3765
114000053,105,581,-476
114000054,317,698,-381
114000055,319,48,271
114000056,910,838,72
114000057,4866,2119,2747
114000058,531,1244,-713
114000059,253,340,-87
114000060,796,817,-21
114000061,2864,2608,256
114000062,2027,1330,697
114000063,2877,1543,1334
114000064,5566,3785,1781
114000065,1715,2215,-500
114000066,635,697,-62
114000067,24,557,-533
114000068,454,653,-199
114000069,793,624,169
114000070,1976,1638,338
114000071,607,505,102
114000072,856,243,613
114000073,14,66,-52
114000074,44,19,25
114000075,76,102,-26
114000076,15,79,-64
114000077,6,34,-28
114000078,903,648,255
114000079,155,35,120
114000080,79,87,-8
114000081,98,98,0
114000082,39,432,-393
114000083,83,211,-128
114000084,304,94,210
114000085,111,481,-370
114000086,265,420,-155
114000087,141,151,-10
114000088,37,68,-31
114000089,806,373,433
114000090,838,865,-27
114000091,1114,1039,75
114000092,948,519,429
114000093,1245,852,393
114000094,401,363,38
114000095,217,160,57
114000096,221,460,-239
114000097,161,630,-469
114000098,508,99,409
114000099,580,588,-8
114000100,1113,670,443
114000101,418,699,-281
114000102,542,343,199
114000103,244,361,-117
114000104,64,196,-132
114000105,216,133,83
114000106,664,802,-138
114000107,322,135,187
114000108,1703,1054,649
114000109,554,1279,-725
114000110,703,1494,-791
114000111,1527,844,683
114000112,585,2419,-1834
114000113,1419,553,866
114000114,1280,1694,-414
114000115,1960,1092,868
114000116,765,1292,-527
114000117,2227,501,1726
114000118,1991,413,1578
114000119,1499,420,1079
114000120,526,875,-349
114000121,427,685,-258
114000122,506,314,192
114000123,1641,478,1163
114000124,853,312,541
114000125,855,1312,-457
114000126,2438,258,2180
114000127,325,198,127
114000128,755,377,378
114000130,489,520,-31
114000131,339,133,206
114000132,553,527,26
114000133,980,1370,-390
114000134,61,150,-89
114000138,43,188,-145
114000139,417,256,161
114000144,783,465,318
114000145,63,154,-91
114000146,93,208,-115
114000147,1120,1580,-460
114000148,2107,1952,155
114000149,383,367,16
114000150,1794,1383,411
114000151,1431,1642,-211
114000152,145,38,107
114000153,1024,2493,-1469
114000154,950,1025,-75
114000155,1581,2093,-512
114000156,896,593,303
114000157,349,995,-646
114000158,1519,749,770
114000159,265,484,-219
114000160,133,432,-299
114000161,1298,2670,-1372
114000162,861,2007,-1146
114000163,1,108,-107
114000165,553,254,299
114000166,824,388,436
114000167,2907,1432,1475
114000168,751,431,320
114000169,1153,965,188
114000170,1295,956,339
114000171,1006,2678,-1672
114000174,301,531,-230
114000176,767,774,-7
114000177,1969,934,1035
114000178,91,41,50
114000179,1158,825,333
114000180,765,1153,-388
114000181,1588,3169,-1581
114000182,2723,2372,351
114000183,1118,1092,26
114000184,3848,1221,2627
114000185,995,843,152
114000189,705,119,586
114000190,2053,345,1708
114000191,33,57,-24
114000192,304,1347,-1043
114000193,722,1883,-1161
114000194,1172,926,246
114000195,120,28,92
114000196,3,235,-232
114000197,918,161,757
114000198,687,291,396
114000199,1860,1493,367
114000200,623,1513,-890
114000201,146,720,-574
114000202,1296,619,677
114000203,566,816,-250
114000204,155,450,-295
114000205,225,1470,-1245
114000206,510,1241,-731
114000207,615,1746,-1131
114000208,398,2358,-1960
114000209,511,2190,-1679
114000210,224,1360,-1136
114000211,719,1885,-1166
114000212,665,867,-202
114000213,1287,568,719
114000214,75,163,-88
114000215,194,49,145
114000216,1595,379,1216
114000217,283,264,19
114000218,117,297,-180
114000219,918,183,735
114000220,15,874,-859
114000221,684,124,560
114000222,144,901,-757
114000223,400,118,282
114000224,112,533,-421
114000225,290,661,-371
114000226,123,191,-68
114000227,796,599,197
114000228,705,831,-126
114000229,1004,1204,-200
114000230,1511,1280,231
114000231,766,1230,-464
114000232,571,122,449
114000233,1665,145,1520
114000234,1042,931,111
114000235,910,1524,-614
114000236,0,435,-435
114000237,85,836,-751
114000238,287,111,176
114000239,206,1166,-960
114000240,709,745,-36
114000241,297,990,-693
114000242,929,930,-1
114000243,1465,826,639
114000244,1000,419,581
114000245,411,645,-234
114000246,155,52,103
114000247,1167,721,446
114000248,1787,505,1282
114000249,509,540,-31
114000250,507,1289,-782
114000251,366,250,116
114000252,52,52,0
114000253,56,116,-60
114000254,34,57,-23
114000255,417,174,243
114000256,1516,1665,-149
114000257,639,1369,-730
114000258,284,319,-35
114000259,138,228,-90
114000260,0,16,-16
114000261,54,36,18
114000262,259,86,173
114000263,11,2,9
114000264,912,469,443
114000265,0,3,-3
114000267,3,1862,-1859
114000268,3,1341,-1338
114000270,109,1,108
114000271,449,52,397
114000283,1037,397,640
114000285,25,185,-160
114000288,124,310,-186
114000289,1068,258,810
114000293,155,396,-241
114000294,138,256,-118
114000395,1597,45,1552
114000396,476,437,39
114000402,404,273,131
114000403,247,341,-94
114000405,142,452,-310
114000423,324,391,-67
114000424,380,189,191
114000425,679,339,340
114000426,271,853,-582
114000427,44,74,-30
114000428,234,169,65
114000429,13,218,-205
114000432,98,114,-16
114000434,29,107,-78
114000435,0,203,-203
114900001,555,933,-378
114900002,1153,84,1069
114900003,514,1312,-798
114900004,175,437,-262
114900005,485,761,-276
114900006,133,92,41
114900007,240,16,224
114900008,121,174,-53
114900010,1938,1868,70
114900011,173,135,38
114900013,206,176,30
114900018,732,42,690
114900020,180,83,97
114900022,96,537,-441
114900025,351,175,176
114900026,87,123,-36
114900029,114,29,85
114900030,274,242,32
114900031,375,85,290
114900032,238,53,185
114900034,58,188,-130
114900035,118,260,-142
114900036,266,684,-418
114900039,464,432,32
114900040,96,131,-35
114900041,574,472,102
114900042,578,610,-32
114900044,143,23,120
114900047,256,1538,-1282
114900048,103,272,-169
114900049,33,232,-199
114900050,47,363,-316
114900051,20,295,-275
114900052,198,197,1
114900053,146,294,-148
114900054,37,89,-52
114900057,210,10,200
114900058,0,83,-83
114900059,62,60,2
114900063,49,232,-183
114900064,1072,519,553
114900065,333,580,-247
114900067,144,385,-241
114900068,79,239,-160
114900069,193,113,80
114900070,444,340,104
114900072,3,252,-249
114900073,1,196,-195
114900074,548,574,-26
114900075,282,0,282
114900076,7,286,-279
114900080,1693,404,1289
114900082,3206,1893,1313
114900083,1156,1052,104
114900090,248,224,24
114900091,185,180,5
114900097,142,1,141
114900098,4,228,-224
114900099,188,7,181
115000001,5990,3901,2089
115000002,2967,3656,-689
115000003,4500,3352,1148
115000004,3234,5710,-2476
115000005,1561,2111,-550
115000006,836,1587,-751
115000007,132,154,-22
115000008,851,487,364
115000009,182,216,-34
115000010,273,147,126
115000013,89,199,-110
115000015,125,305,-180
115000016,59,176,-117
115000019,41,485,-444
115000020,101,579,-478
115000021,327,599,-272
115000022,477,396,81
115000023,308,440,-132
115000024,1108,508,600
115000025,771,666,105
115000026,154,472,-318
115000027,223,270,-47
115000028,206,802,-596
115000029,471,112,359
115000030,720,1196,-476
115000031,1223,262,961
115000032,8,326,-318
115000033,251,36,215
115000034,106,1164,-1058
115000035,1154,63,1091
115000036,0,414,-414
115000037,558,8,550
115000038,42,205,-163
115000039,3723,2917,806
115000040,7416,2913,4503
115000041,1566,3021,-1455
115000042,1146,619,527
115000043,3662,1970,1692
115000044,3910,3648,262
115000045,2175,1957,218
115000046,1859,2419,-560
115000047,1822,1559,263
115000048,1401,2517,-1116
115000049,1457,3453,-1996
115000050,2659,2096,563
115000051,1370,2694,-1324
115000052,2384,1810,574
115000053,1573,1412,161
115000054,708,1316,-608
115000055,206,650,-444
115000056,317,524,-207
115000057,702,1176,-474
115000058,708,294,414
115000059,218,152,66
115000061,281,140,141
115000062,222,249,-27
115000063,224,330,-106
115000064,249,111,138
115000065,46,470,-424
115000067,202,27,175
115000069,77,315,-238
115000070,37,808,-771
115000071,113,15,98
115000072,6,85,-79
115000073,1096,51,1045
115000075,82,58,24
115000076,3105,2777,328
115000077,2364,2370,-6
115000078,1197,1442,-245
115000079,1549,1783,-234
115000080,2407,2434,-27
115000081,498,1109,-611
115000082,3452,3347,105
115000083,1923,2536,-613
115000084,1696,1096,600
115000085,670,1077,-407
115000086,849,733,116
115000087,468,1450,-982
115000088,1575,614,961
115000089,1247,1169,78
115000090,409,791,-382
115000091,205,956,-751
115000092,469,315,154
115000093,453,1,452
115000094,6068,4725,1343
115000095,4259,5143,-884
115000096,640,1356,-716
115000097,728,879,-151
115000098,832,803,29
115000099,2221,2491,-270
115000100,825,385,440
115000101,441,1550,-1109
115000102,426,277,149
115000103,305,701,-396
115000105,117,191,-74
115000106,537,310,227
115000107,140,464,-324
115000108,3128,2573,555
115000109,3824,3638,186
115000110,1240,1175,65
115000111,620,1731,-1111
115000112,700,615,85
115000113,610,824,-214
115000114,2278,792,1486
115000116,4149,2182,1967
115000117,3756,3312,444
115000118,3000,1784,1216
115000119,2869,2374,495
115000120,608,1231,-623
115000121,1724,864,860
115000122,3824,1506,2318
115000123,1275,1877,-602
115000124,1134,775,359
115000125,412,498,-86
115000126,119,269,-150
115000127,349,107,242
115000128,584,795,-211
115000129,308,332,-24
115000130,341,901,-560
115000131,829,315,514
115000132,453,369,84
115000133,756,314,442
115000134,583,310,273
115000135,326,203,123
115000136,256,282,-26
115000137,145,177,-32
115000138,283,288,-5
115000139,211,236,-25
115000140,362,264,98
115000141,186,261,-75
115000142,176,257,-81
115000143,654,613,41
115000144,651,100,551
115000145,216,356,-140
115000146,757,335,422
115000147,556,489,67
115000148,239,1030,-791
115000149,457,206,251
115000150,729,873,-144
115000151,946,564,382
115000152,678,1027,-349
115000153,886,704,182
115000154,697,406,291
115000155,688,879,-191
115000156,913,646,267
115000157,747,714,33
115000158,564,394,170
115000159,719,463,256
115000160,493,344,149
115000161,137,458,-321
115000162,762,767,-5
115000163,508,636,-128
115000164,670,598,72
115000165,352,455,-103
115000167,178,107,71
115000168,668,346,322
115000169,639,303,336
115000170,259,140,119
115000171,349,225,124
115000172,1089,539,550
115000173,307,402,-95
115000174,169,300,-131
115000175,251,130,121
115000176,127,89,38
115000177,128,61,67
115000178,24,198,-174
115000179,73,17,56
115000180,185,536,-351
115000181,596,116,480
115000182,674,348,326
115000183,267,848,-581
115000186,640,261,379
115000187,196,796,-600
115000188,468,407,61
115000189,201,438,-237
115000190,648,295,353
115000191,131,430,-299
115000194,94,167,-73
115000195,237,317,-80
115000196,401,116,285
115000197,567,238,329
115000198,274,209,65
115000199,300,179,121
115000200,453,99,354
115000201,192,337,-145
115000206,398,48,350
115000207,71,280,-209
115000208,458,603,-145
115000209,849,253,596
115000210,110,134,-24
115000211,296,224,72
115000212,1580,271,1309
115000224,426,40,386
115000225,44,81,-37
115000229,159,143,16
115000230,119,398,-279
115000231,254,1602,-1348
115000232,1354,269,1085
115000233,109,143,-34
115000234,33,291,-258
115000241,73,268,-195
115000242,89,314,-225
115000243,37,232,-195
115000244,6,114,-108
115000246,40,33,7
115000247,40,19,21
115000248,22,19,3
115000249,10,23,-13
115000250,276,41,235
115000251,246,192,54
115000252,143,282,-139
115000253,23,405,-382
115000258,283,274,9
115000259,365,146,219
115000261,19,43,-24
115000262,11,30,-19
115000263,7,52,-45
115000264,36,49,-13
115000267,71,70,1
115000268,41,136,-95
115000269,138,65,73
115000270,2,30,-28
115000272,89,132,-43
115000273,389,43,346
115000280,2391,168,2223
115000281,551,777,-226
115000282,545,481,64
115000284,429,171,258
115000296,1261,14,1247
115000297,190,99,91
115000298,86,411,-325
115000300,181,173,8
115000302,633,165,468
115000303,658,110,548
115000304,563,81,482
115000305,77,607,-530
115000306,176,307,-131
115000307,145,220,-75
115000308,31,21,10
115000310,840,987,-147
115000311,709,1228,-519
115000313,175,596,-421
115000314,389,154,235
115000315,1037,531,506
115000316,74,122,-48
115000317,211,481,-270
115000318,671,319,352
115000319,30,294,-264
115000320,6,269,-263
115000321,333,71,262
115000322,57,248,-191
115000449,304,175,129
115000557,33,1065,-1032
115000558,492,123,369
115000587,464,426,38
115000588,2312,2468,-156
115000589,3031,2446,585
115000590,1128,1231,-103
115000591,1798,720,1078
115000592,713,1583,-870
115000593,1292,551,741
115000594,933,2235,-1302
115000609,179,271,-92
115000617,1731,2751,-1020
115000624,215,81,134
115000633,336,1899,-1563
115000634,2304,799,1505
115000635,495,190,305
115000638,741,696,45
115000641,63,100,-37
115000642,342,381,-39
115000643,172,538,-366
115000644,111,456,-345
115000646,884,1503,-619
115000647,202,500,-298
115000648,1444,2050,-606
115000893,3294,1505,1789
115000894,126,1088,-962
115000895,454,936,-482
115000896,1360,425,935
115000897,562,149,413
115000898,543,156,387
115000899,498,1095,-597
115000900,102,406,-304
115000901,69,98,-29
115000912,444,128,316
115000913,2,10,-8
115000915,36,0,36
115000916,2,1,1
115000917,0,7,-7
115000918,86,293,-207
115000919,23,11,12
115000920,85,32,53
115000921,547,91,456
115000922,1274,757,517
115000923,507,1111,-604
115000925,114,65,49
115000927,45,55,-10
115000933,336,247,89
115000934,157,205,-48
115000935,100,129,-29
115000936,29,551,-522
115000937,917,198,719
115000938,265,231,34
115000939,325,209,116
115000940,66,18,48
115000941,18,15,3
115000942,38,120,-82
115000943,51,29,22
115000944,1,14,-13
115900001,81,35,46
115900002,80,74,6
115900003,214,115,99
115900004,1,55,-54
115900005,187,10,177
115900006,129,249,-120
115900008,36,11,25
115900009,59,175,-116
115900010,281,169,112
115900011,431,321,110
115900012,134,85,49
115900013,311,114,197
115900014,98,153,-55
115900015,116,78,38
115900016,106,20,86
115900017,8,7,1
115900018,115,77,38
115900019,75,4,71
115900020,40,2,38
115900021,1170,175,995
115900022,1192,10,1182
115900023,41,8,33
115900025,31,176,-145
115900026,713,238,475
115900027,1,243,-242
115900028,657,60,597
115900029,26,307,-281
115900030,35,19,16
115900031,338,243,95
115900032,412,663,-251
115900033,1,43,-42
115900034,47,334,-287
115900035,45,17,28
115900036,98,523,-425
115900037,89,317,-228
115900038,19,7,12
115900039,174,166,8
115900041,543,487,56
115900042,29,8,21
115900043,73,62,11
115900044,332,228,104
115900046,192,301,-109
115900047,169,131,38
115900049,159,281,-122
115900051,1,60,-59
115900052,8,189,-181
115900053,192,237,-45
115900054,180,77,103
115900055,11,130,-119
115900056,163,291,-128
115900057,22,7,15
115900058,41,61,-20
115900060,71,100,-29
115900061,210,0,210
115900062,46,414,-368
115900063,61,6,55
115900064,151,289,-138
115900065,140,116,24
115900066,205,120,85
115900067,10,658,-648
115900068,2985,1010,1975
115900069,52,176,-124
115900070,174,196,-22
115900071,4,427,-423
115900072,24,100,-76
115900073,44,58,-14
115900074,9,372,-363
115900075,23,179,-156
115900076,6,43,-37
115900077,9,238,-229
115900078,252,88,164
115900079,177,24,153
115900080,414,174,240
115900081,12,56,-44
115900082,118,153,-35
115900084,352,22,330
115900085,44,94,-50
115900086,1267,544,723
115900088,10,66,-56
115900089,270,583,-313
115900090,360,25,335
115900091,5,33,-28
115900092,20,188,-168
115900093,9,25,-16
115900094,2,327,-325
115900096,2,21,-19
115900097,15,350,-335
115900098,180,303,-123
115900099,290,56,234
115900100,13,455,-442
115900101,113,287,-174
115900102,124,55,69
115900103,238,138,100
115900104,40,86,-46
115900105,182,523,-341
115900106,37,35,2
115900107,148,93,55
115900108,103,92,11
115900109,48,333,-285
115900110,3,24,-21
115900111,6,102,-96
115900112,34,672,-638
115900113,39,65,-26
115900114,1,132,-131
115900115,76,185,-109
115900116,79,718,-639
115900117,47,33,14
115900118,7,227,-220
115900119,117,108,9
115900120,23,241,-218
115900121,146,366,-220
115900124,686,734,-48
115900125,239,61,178
115900126,532,109,423
115900127,592,74,518
115900128,6,145,-139
115900129,724,64,660
115900130,25,231,-206
115900131,695,25,670
115900132,548,8,540
115900134,272,16,256
115900135,454,876,-422
115900137,28,10,18
115900139,33,34,-1
115900140,178,43,135
115900141,17,23,-6
115900142,35,19,16
115900143,201,256,-55
115900144,69,144,-75
115900146,8,90,-82
115900147,247,180,67
115900148,114,8,106
115900149,52,35,17
115900150,56,33,23
115900151,27,75,-48
115900152,95,283,-188
115900153,101,169,-68
115900154,391,331,60
115900155,0,65,-65
115900156,502,1020,-518
115900157,133,452,-319
115900158,21,16,5
115900159,88,254,-166
115900160,11,8,3
115900161,61,159,-98
115900163,128,146,-18
115900164,379,11,368
115900166,183,135,48
115900168,81,138,-57
115900171,81,369,-288
115900172,68,118,-50
115900173,247,106,141
115900174,223,214,9
115900175,88,190,-102
115900178,10,483,-473
115900179,196,14,182
115900180,27,166,-139
115900181,134,225,-91
115900182,384,292,92
115900183,68,21,47
115900184,1344,8,1336
115900187,7,118,-111
115900189,1,189,-188
115900190,453,1045,-592
115900191,44,357,-313
115900192,4,93,-89
115900193,1115,186,929
115900194,625,53,572
115900195,629,1942,-1313
115900198,200,352,-152
115900199,146,300,-154
115900200,304,520,-216
115900201,572,355,217
115900202,0,22,-22
115900203,7,13,-6
115900204,0,5,-5
115900205,122,57,65
115900206,138,112,26
115900207,17,24,-7
115900208,126,123,3
115900209,6,152,-146
115900210,9,143,-134
115900211,5,207,-202
115900212,141,240,-99
115900213,154,77,77
115900214,349,208,141
115900215,28,100,-72
115900216,8,92,-84
115900217,10,35,-25
115900218,0,27,-27
115900219,70,12,58
115900220,83,38,45
115900221,68,25,43
115900222,22,35,-13
115900223,11,346,-335
115900224,1129,849,280
115900225,47,33,14
115900226,14,34,-20
115900227,4,37,-33
115900228,8,25,-17
115900229,2,62,-60
115900230,44,103,-59
115900231,109,2,107
115900232,56,3,53
115900233,97,15,82
115900234,32,29,3
115900235,56,35,21
115900236,203,45,158
115900237,85,23,62
115900238,113,21,92
115900239,21,31,-10
115900240,12,41,-29
115900241,144,115,29
115900242,237,330,-93
115900243,12,13,-1
115900244,18,9,9
115900245,34,7,27
115900246,20,6,14
115900247,37,18,19
115900248,11,2,9
115900249,4,9,-5
115900250,8,25,-17
115900251,1,13,-12
115900252,4,1,3
115900253,24,16,8
115900254,2,15,-13
115900255,3,13,-10
115900256,16,65,-49
115900257,5,14,-9
115900258,1,2,-1
115900259,0,2,-2
115900260,9,1,8
115900261,6,3,3
115900262,1,0,1
115900263,6,2,4
115900264,7,3,4
115900265,1,10,-9
115900266,2,10,-8
115900267,15,7,8
115900268,8,5,3
115900269,324,349,-25
115900270,348,364,-16
115900271,84,2,82
115900272,43,20,23
115900273,12,8,4
115900274,2,12,-10
115900275,3,9,-6
115900276,0,35,-35
115900277,0,37,-37
115900278,33,81,-48
115900279,25,123,-98
115900280,9,312,-303
115900281,410,200,210
115900282,16,11,5
115900283,7,21,-14
115900284,11,3,8
116000001,11393,4846,6547
116000002,4302,8234,-3932
116000003,1580,1875,-295
116000004,2116,3086,-970
116000005,3749,3562,187
116000006,2933,2467,466
116000007,3018,3758,-740
116000008,3433,2062,1371
116000009,2012,2895,-883
116000010,1953,1357,596
116000011,938,2180,-1242
116000012,1317,1071,246
116000013,6294,2731,3563
116000014,11273,8746,2527
116000015,308,979,-671
116000016,4242,2690,1552
116000017,40,652,-612
116000018,763,281,482
116000019,659,271,388
116000020,472,629,-157
116000021,299,314,-15
116000022,422,333,89
116000023,799,608,191
116000024,711,740,-29
116000025,682,773,-91
116000026,1879,2352,-473
116000027,609,549,60
116000028,428,721,-293
116000029,674,657,17
116000030,787,471,316
116000031,197,313,-116
116000032,431,199,232
116000033,270,462,-192
116000034,535,782,-247
116000035,276,721,-445
116000036,1900,1020,880
116000037,690,510,180
116000038,412,371,41
116000039,612,293,319
116000040,799,297,502
116000041,176,332,-156
116000042,667,209,458
116000043,80,610,-530
116000044,44,109,-65
116000045,1759,1093,666
116000046,1027,1604,-577
116000047,1607,2082,-475
116000048,1724,1700,24
116000049,1215,2779,-1564
116000050,1371,1248,123
116000051,6744,2672,4072
116000052,6156,5044,1112
116000053,1899,910,989
116000054,649,2422,-1773
116000055,655,917,-262
116000056,809,1086,-277
116000057,2863,1987,876
116000058,2908,2714,194
116000059,3892,4873,-981
116000060,2042,1016,1026
116000061,597,921,-324
116000062,871,291,580
116000063,629,976,-347
116000066,329,520,-191
116000067,234,540,-306
116000068,217,251,-34
116000069,180,402,-222
116000078,509,1009,-500
116000080,1680,1153,527
116000082,6,51,-45
116000083,1464,452,1012
116000084,2097,4314,-2217
116000085,1961,1744,217
116000086,2022,1572,450
116000087,1761,1603,158
116000088,636,1026,-390
116000089,172,131,41
116000090,104,172,-68
116000091,516,264,252
116000093,535,415,120
116000094,563,726,-163
116000095,746,527,219
116000096,651,1319,-668
116000097,1320,576,744
116000098,132,5292,-5160
116000099,5429,270,5159
116000100,249,23,226
116000101,810,876,-66
116000102,231,1321,-1090
116000103,611,304,307
116000104,153,1216,-1063
116000105,964,175,789
116000106,752,987,-235
116000107,2770,340,2430
116000108,603,173,430
116000111,134,51,83
116000113,108,100,8
116000114,70,152,-82
116000115,352,95,257
116000116,278,484,-206
116000117,1264,1551,-287
116000118,1221,1241,-20
116000119,2677,2025,652
116000120,2827,4262,-1435
116000121,804,527,277
116000122,1261,1833,-572
116000123,996,470,526
116000124,379,989,-610
116000125,2408,726,1682
116000126,303,1635,-1332
116000127,893,1276,-383
116000128,1389,859,530
116000129,1103,275,828
116000130,452,409,43
116000133,910,891,19
116000134,1895,2245,-350
116000135,2072,1523,549
116000136,1206,2168,-962
116000137,942,626,316
116000138,746,516,230
116000139,1493,1725,-232
116000140,122,208,-86
116000141,280,630,-350
116000142,2929,3125,-196
116000143,1519,1614,-95
116000144,1475,2276,-801
116000145,1491,1168,323
116000146,363,230,133
116000147,182,127,55
116000148,432,544,-112
116000149,578,567,11
116000151,866,477,389
116000153,87,383,-296
116000155,170,236,-66
116000156,470,1042,-572
116000157,72,18,54
116000158,343,306,37
116000159,25,9,16
116000160,5,45,-40
116000161,10,53,-43
116000162,132,97,35
116000163,25,12,13
116000164,2,21,-19
116000177,588,101,487
116000194,63,328,-265
116000195,1317,691,626
116000196,14,4,10
116000197,5,9,-4
116000198,2480,1002,1478
116000200,705,375,330
116000201,640,692,-52
116000202,10,265,-255
116000203,1,121,-120
116000204,15,100,-85
116000205,0,141,-141
116000206,4,135,-131
116000207,16,72,-56
116000233,183,418,-235
116000287,137,472,-335
116000288,165,221,-56
116000292,34,105,-71
116000296,22,258,-236
116000297,136,51,85
116000304,137,65,72
116000305,17,82,-65
116000346,121,72,49
116000352,72,27,45
116000354,15,9,6
116000357,2,16,-14
116000358,396,19,377
116000361,404,2,402
116000372,5598,3217,2381
116000381,110,0,110
116000388,3,73,-70
116000389,894,529,365
116000445,289,582,-293
116000446,480,640,-160
116000447,15,525,-510
116000448,522,203,319
116000563,1136,822,314
116000565,50,374,-324
116000568,57,145,-88
116000579,32,111,-79
116000583,119,76,43
116000584,22,17,5
116000585,22,19,3
116000586,78,121,-43
116000587,507,636,-129
116000589,67,78,-11
116000590,52,86,-34
116000591,246,285,-39
116000592,19,95,-76
116000593,0,23,-23
116000594,512,439,73
116000595,543,157,386
116000596,69,1,68
116000597,365,73,292
116000598,12,224,-212
116000605,520,154,366
116000606,131,244,-113
116000607,2,34,-32
116000609,178,748,-570
116000611,114,486,-372
116000612,653,1604,-951
116000613,542,363,179
116000614,373,585,-212
116000615,5,337,-332
116000616,68,68,0
116000617,65,70,-5
116000618,1,67,-66
116000619,70,85,-15
116000620,123,541,-418
116000621,39,116,-77
116000622,76,155,-79
116000624,271,102,169
116000627,84,72,12
116000628,46,340,-294
116000629,36,289,-253
116000630,266,29,237
116000631,142,65,77
116000632,550,76,474
116000633,136,198,-62
116000634,280,201,79
116000635,2930,1999,931
116000636,1252,1287,-35
116000637,493,68,425
116000638,91,362,-271
116000639,75,1,74
116000640,20,9,11
116000641,42,181,-139
116000643,13,123,-110
116000644,27,507,-480
116000645,23,5,18
116900001,206,183,23
116900002,272,2,270
116900003,32,54,-22
116900004,39,60,-21
116900005,225,71,154
116900006,143,179,-36
116900007,83,165,-82
116900008,370,327,43
116900009,10,3,7
116900010,579,1460,-881
116900011,10,41,-31
116900012,483,192,291
116900013,11,157,-146
116900014,80,208,-128
116900015,263,41,222
116900016,212,0,212
116900017,1,560,-559
116900018,39,69,-30
116900019,5,277,-272
116900020,983,729,254
116900023,78,14,64
116900024,436,46,390
116900025,855,767,88
116900026,116,530,-414
116900027,27,55,-28
116900028,15,97,-82
116900029,0,34,-34
116900031,0,4,-4
116900032,6,380,-374
116900033,8,7,1
116900034,14,61,-47
116900035,125,154,-29
116900036,4,107,-103
116900038,109,2,107
116900041,16,14,2
116900042,598,265,333
116900043,10,61,-51
116900047,29,108,-79
116900049,19,318,-299
116900050,124,382,-258
116900051,99,186,-87
116900052,229,73,156
116900055,0,11,-11
116900057,38,208,-170
116900058,34,361,-327
116900059,1,115,-114
116900060,166,168,-2
116900062,0,22,-22
116900064,111,648,-537
116900065,23,97,-74
116900067,112,85,27
116900068,119,186,-67
116900070,0,4,-4
116900072,20,299,-279
116900073,11,116,-105
116900074,8,37,-29
116900076,7,66,-59
116900077,9,130,-121
116900078,231,90,141
116900079,28,228,-200
116900080,16,31,-15
116900081,335,1176,-841
116900082,444,804,-360
116900083,76,43,33
116900084,166,55,111
116900085,51,181,-130
116900086,51,170,-119
116900088,303,81,222
116900090,172,58,114
116900091,318,43,275
116900092,80,564,-484
116900093,1442,1760,-318
116900094,3562,2788,774
116900095,127,100,27
116900096,71,331,-260
116900097,2775,2174,601
116900098,784,355,429
116900099,770,551,219
116900100,573,19,554
116900101,309,421,-112
116900103,3,1,2
116900104,71,85,-14
116900105,191,81,110
116900106,799,9,790
116900107,3023,1957,1066
116900110,10,2,8
116900111,487,555,-68
116900112,213,818,-605
116900113,1581,1209,372
116900116,163,487,-324
116900117,277,103,174
116900118,636,675,-39
116900120,352,70,282
116900121,281,12,269
116900122,688,903,-215
116900123,155,711,-556
116900124,169,852,-683
116900125,328,205,123
116900126,135,427,-292
116900128,3,42,-39
116900129,3,354,-351
116900130,528,2569,-2041
116900131,100,406,-306
116900132,34,129,-95
116900133,134,142,-8
116900134,287,311,-24
116900136,451,176,275
116900137,360,135,225
116900138,182,187,-5
116900139,117,428,-311
116900140,177,137,40
116900141,794,441,353
116900142,5,64,-59
116900143,270,364,-94
116900144,21,82,-61
116900145,106,208,-102
116900147,462,361,101
116900148,6,32,-26
116900149,58,226,-168
116900150,5,11,-6
116900151,40,14,26
116900153,97,57,40
116900154,476,485,-9
116900155,104,65,39
116900157,526,374,152
116900158,166,224,-58
116900159,100,225,-125
116900160,822,596,226
116900161,6292,4428,1864
116900162,9,112,-103
116900163,119,164,-45
116900164,127,76,51
116900165,196,245,-49
116900166,40,85,-45
116900167,323,84,239
116900168,249,74,175
116900169,520,388,132
116900170,259,516,-257
116900171,40,149,-109
116900172,192,256,-64
116900173,169,36,133
116900174,59,65,-6
116900175,156,152,4
116900178,17,142,-125
116900179,70,296,-226
116900180,79,22,57
116900182,403,316,87
116900183,139,155,-16
116900185,32,46,-14
116900186,62,209,-147
116900187,70,56,14
116900188,156,22,134
116900189,73,0,73
116900191,339,753,-414
116900192,240,106,134
116900194,152,1105,-953
116900195,38,28,10
116900196,9,88,-79
116900197,94,28,66
116900198,197,168,29
116900200,59,38,21
116900201,121,7,114
116900202,105,43,62
116900203,104,20,84
116900204,62,73,-11
116900206,19,22,-3
116900207,26,37,-11
116900208,21,130,-109
116900209,36,85,-49
116900210,444,291,153
116900211,314,8,306
116900212,63,67,-4
116900213,193,147,46
116900214,136,182,-46
116900215,33,77,-44
116900216,226,170,56
116900218,6,254,-248
116900219,1377,433,944
116900220,121,181,-60
116900221,74,332,-258
116900222,348,324,24
116900223,78,333,-255
116900226,65,65,0
116900227,166,68,98
116900228,237,220,17
116900230,54,212,-158
116900231,22,299,-277
116900232,7,387,-380
116900233,173,94,79
116900234,9,7,2
116900235,395,357,38
116900238,1641,339,1302
116900239,7,904,-897
116900240,4936,3050,1886
116900241,63,122,-59
116900242,891,581,310
116900243,0,32,-32
116900245,24,36,-12
116900246,92,42,50
116900247,806,129,677
116900248,109,33,76
116900249,197,87,110
116900250,361,46,315
116900251,361,405,-44
116900252,134,775,-641
116900254,16,95,-79
116900255,111,68,43
116900256,368,152,216
116900257,28,478,-450
116900258,5,226,-221
116900259,279,25,254
116900260,1,105,-104
116900261,41,1,40
116900262,402,135,267
116900263,0,11,-11
116900264,68,40,28
116900265,35,1,34
116900266,12,35,-23
116900267,5,2,3
116900268,200,84,116
116900269,312,596,-284
116900271,1140,145,995
116900272,362,265,97
116900273,155,83,72
116900274,96,60,36
116900275,120,88,32
116900276,297,114,183
116900277,473,28,445
116900278,7,6,1
116900279,1,20,-19
116900280,25,42,-17
116900281,5086,3010,2076
116900282,3,122,-119
116900283,8,103,-95
116900284,11,209,-198
116900285,253,142,111
116900286,212,14,198
116900287,5,21,-16
116900288,70,132,-62
116900289,7,13,-6
116900290,1,16,-15
116900291,34,11,23
116900292,0,9,-9
116900293,25,53,-28
116900294,37,146,-109
116900295,143,30,113
116900296,71,42,29
116900297,7,81,-74
116900298,84,41,43
116900299,38,53,-15
116900300,1,48,-47
116900301,51,101,-50
116900302,132,46,86
116900303,239,136,103
116900304,0,103,-103
116900305,26,35,-9
116900306,164,131,33
116900307,92,1,91
116900308,3,121,-118
116900309,52,79,-27
116900310,28,49,-21
117000001,1238,1251,-13
117000002,2305,3891,-1586
117000003,5348,2933,2415
117000004,3567,4727,-1160
117000005,2184,1835,349
117000006,1425,3595,-2170
117000007,3003,1247,1756
117000008,1071,3796,-2725
117000009,4878,1791,3087
117000010,2751,4156,-1405
117000011,2339,1517,822
117000012,1195,1443,-248
117000013,1698,839,859
117000014,1206,2215,-1009
117000015,2216,1195,1021
117000016,327,75,252
117000017,390,92,298
117000018,158,441,-283
117000019,184,34,150
117000020,419,1052,-633
117000021,1872,577,1295
117000022,534,106,428
117000023,369,193,176
117000024,294,167,127
117000025,411,484,-73
117000026,2465,1035,1430
117000027,2670,4567,-1897
117000028,4566,1588,2978
117000030,588,519,69
117000031,345,276,69
117000032,1875,1108,767
117000033,1093,709,384
117000034,471,352,119
117000035,310,308,2
117000036,464,315,149
117000037,317,307,10
117000038,196,556,-360
117000039,426,238,188
117000040,190,952,-762
117000041,854,197,657
117000044,19,880,-861
117000045,432,68,364
117000046,368,717,-349
117000047,818,535,283
117000048,1767,981,786
117000049,100,525,-425
117000050,99,1281,-1182
117000051,1004,80,924
117000052,42,444,-402
117000053,751,96,655
117000054,1592,5,1587
117000055,87,3000,-2913
117000056,622,19,603
117000057,740,2147,-1407
117000060,415,1402,-987
117000061,1277,828,449
117000062,255,681,-426
117000063,1604,987,617
117000064,888,894,-6
117000066,953,806,147
117000067,147,495,-348
117000074,180,203,-23
117000076,293,42,251
117000077,137,163,-26
117000078,115,481,-366
117000079,496,277,219
117000080,7,324,-317
117000081,1427,135,1292
117000082,30,166,-136
117000083,612,381,231
117000084,190,0,190
117000085,341,650,-309
117000086,1081,462,619
117000087,77,590,-513
117000088,285,243,42
117000089,1326,302,1024
117000090,241,1296,-1055
117000091,745,310,435
117000092,328,1164,-836
117000093,922,789,133
117000094,1192,2856,-1664
117000095,3329,1069,2260
117000096,864,2465,-1601
117000097,1207,1388,-181
117000098,2559,4490,-1931
117000099,2684,1223,1461
117000100,137,298,-161
117000101,198,1005,-807
117000102,1246,716,530
117000103,849,1771,-922
117000104,1055,634,421
117000105,857,1633,-776
117000106,899,741,158
117000107,471,1597,-1126
117000108,1326,878,448
117000109,1847,2754,-907
117000110,1235,899,336
117000111,3398,4124,-726
117000112,2561,1637,924
117000113,314,316,-2
117000114,298,156,142
117000115,183,93,90
117000116,130,243,-113
117000117,1323,882,441
117000118,311,168,143
117000119,262,160,102
117000120,190,444,-254
117000121,119,931,-812
117000122,336,736,-400
117000123,1452,32,1420
117000124,949,41,908
117000125,378,87,291
117000126,126,29,97
117000127,199,321,-122
117000128,568,716,-148
117000129,501,715,-214
117000130,179,6,173
117000131,0,131,-131
117000132,2721,88,2633
117000133,1124,30,1094
117000134,0,54,-54
117000135,4,49,-45
117000136,1,32,-31
117000137,88,106,-18
117000138,0,543,-543
117000140,565,1786,-1221
117000141,1425,505,920
117000181,568,569,-1
117000182,276,318,-42
117000195,270,997,-727
117000196,201,99,102
117000225,179,12,167
117000226,16,203,-187
117000276,210,12,198
117000277,0,375,-375
117000310,1765,2229,-464
117000315,34,802,-768
117000320,92,0,92
117000906,256,19,237
117000907,5,300,-295
117000909,70,40,30
117000910,179,169,10
117000911,124,198,-74
117000915,10,636,-626
117000916,29,6,23
117000917,892,42,850
117000918,104,40,64
117000919,5,119,-114
117000920,4,1210,-1206
117000921,1,1296,-1295
117000922,50,132,-82
117000924,665,702,-37
117000926,856,85,771
117000927,2030,871,1159
117000928,1,140,-139
117000929,195,483,-288
117000930,366,189,177
117000931,527,150,377
117900002,119,393,-274
117900003,733,369,364
117900005,4,22,-18
117900006,0,22,-22
117900007,201,109,92
117900008,0,24,-24
117900010,191,102,89
117900011,144,68,76
117900012,54,75,-21
117900013,0,227,-227
117900014,710,150,560
117900015,14,98,-84
117900016,1106,726,380
117900017,535,342,193
117900018,255,91,164
117900019,309,283,26
117900020,65,426,-361
117900021,26,68,-42
117900023,668,148,520
117900024,65,74,-9
117900025,46,8,38
117900026,338,246,92
117900028,38,6,32
117900029,203,596,-393
117900031,186,124,62
117900032,1369,510,859
117900033,186,522,-336
117900034,48,35,13
117900035,794,130,664
117900036,186,348,-162
117900037,124,221,-97
117900038,28,280,-252
117900039,1,84,-83
117900040,156,403,-247
117900041,4,35,-31
117900042,3195,342,2853
117900043,63,55,8
117900044,87,2889,-2802
117900045,157,136,21
117900048,283,333,-50
117900049,221,389,-168
117900050,4,31,-27
117900051,20,3,17
117900052,40,265,-225
117900053,1408,756,652
117900054,0,37,-37
117900055,157,233,-76
117900056,230,53,177
117900057,1236,1372,-136
117900058,163,40,123
117900059,364,88,276
117900060,1751,6376,-4625
117900061,34,208,-174
117900063,262,156,106
117900065,1636,1371,265
117900066,9,64,-55
117900067,422,147,275
117900069,619,256,363
117900070,238,17,221
117900071,67,116,-49
117900073,365,269,96
117900074,168,28,140
117900075,57,75,-18
117900076,15,67,-52
117900077,329,242,87
117900078,310,748,-438
117900080,99,62,37
117900081,595,359,236
117900082,462,337,125
117900083,246,362,-116
117900086,158,51,107
117900087,194,178,16
117900088,3763,2141,1622
117900089,1778,756,1022
117900090,371,397,-26
117900091,181,208,-27
117900092,56,43,13
117900093,60,175,-115
117900094,37,24,13
117900095,335,540,-205
117900096,93,252,-159
117900097,213,285,-72
117900098,12,13,-1
117900099,148,196,-48
117900100,172,2,170
117900101,456,1545,-1089
117900102,51,111,-60
117900103,68,6,62
117900104,21,131,-110
117900105,164,220,-56
117900106,107,83,24
117900107,32,0,32
117900109,395,354,41
117900110,86,2,84
117900111,622,23,599
117900112,76,20,56
117900113,3020,1320,1700
117900114,19,0,19
117900115,304,58,246
117900116,897,815,82
117900117,404,393,11
117900118,57,0,57
117900119,105,191,-86
117900120,162,114,48
117900121,103,36,67
117900122,1157,2969,-1812
117900123,663,381,282
117900124,1240,844,396
117900125,1698,1861,-163
117900126,303,561,-258
117900127,456,505,-49
117900128,417,556,-139
117900129,34,1,33
117900130,2240,466,1774
117900131,0,126,-126
117900132,14,116,-102
117900133,11,111,-100
117900134,38,214,-176
117900135,39,222,-183
117900136,0,32,-32
117900137,34,309,-275
117900138,0,39,-39
117900139,150,147,3
117900140,3098,43,3055
117900141,253,200,53
117900142,177,31,146
117900144,58,103,-45
117900145,60,35,25
117900146,162,132,30
117900147,48,55,-7
117900148,2420,1541,879
117900149,91,197,-106
117900150,44,44,0
117900151,37,98,-61
117900152,77,62,15
117900153,20,99,-79
117900154,351,577,-226
117900156,897,836,61
117900157,109,568,-459
117900158,212,235,-23
117900160,567,679,-112
117900161,2890,2087,803
117900162,362,514,-152
117900163,153,107,46
117900165,1,10,-9
117900166,138,518,-380
117900168,85,184,-99
117900169,1,109,-108
117900170,7,36,-29
117900171,2,22,-20
117900172,19,48,-29
117900173,132,79,53
117900174,33,71,-38
117900175,8,60,-52
117900176,10,42,-32
117900177,37,54,-17
117900178,214,37,177
117900180,201,65,136
117900181,74,294,-220
117900182,0,28,-28
117900183,42,179,-137
117900184,46,76,-30
117900185,31,49,-18
117900186,30,24,6
117900187,16,4,12
117900188,242,91,151
117900189,64,27,37
117900190,27,2,25
117900191,102,2,100
117900192,199,0,199
117900193,5,89,-84
117900194,18,6,12
117900195,71,94,-23
117900196,25,51,-26
117900207,143,146,-3
117900208,40,55,-15
117900209,217,279,-62
117900210,134,268,-134
117900211,1,196,-195
117900212,118,161,-43
117900213,21,15,6
117900214,4,23,-19
117900215,48,46,2
117900216,52,17,35
117900217,97,272,-175
117900218,151,136,15
117900219,5,90,-85
117900220,123,70,53
117900222,229,376,-147
117900223,188,310,-122
118000001,701,853,-152
118000002,922,1903,-981
118000003,2350,2713,-363
118000004,3540,2619,921
118000005,4617,4667,-50
118000006,5714,9305,-3591
118000007,5035,2790,2245
118000008,5692,3507,2185
118000009,3140,2980,160
118000010,4631,3641,990
118000011,1424,2294,-870
118000012,1188,2050,-862
118000013,2537,2234,303
118000014,2733,3689,-956
118000016,187,498,-311
118000017,365,375,-10
118000018,371,607,-236
118000019,2423,1511,912
118000020,1376,2881,-1505
118000021,786,2558,-1772
118000022,1662,696,966
118000023,997,362,635
118000024,1505,972,533
118000027,14306,10935,3371
118000029,931,682,249
118000032,1298,3143,-1845
118000033,3046,4991,-1945
118000034,5309,2281,3028
118000035,1696,2444,-748
118000036,1156,1075,81
118000037,750,841,-91
118000038,155,78,77
118000039,86,234,-148
118000040,1623,1292,331
118000041,2268,1557,711
118000045,605,87,518
118000046,1711,455,1256
118000047,1063,760,303
118000048,3842,1398,2444
118000051,1809,776,1033
118000052,1092,449,643
118000053,484,343,141
118000054,1537,1013,524
118000055,1134,1338,-204
118000056,1647,311,1336
118000057,325,340,-15
118000058,3616,1118,2498
118000059,2103,781,1322
118000060,806,666,140
118000061,1922,1043,879
118000062,678,308,370
118000063,332,429,-97
118000064,810,1136,-326
118000065,4206,1764,2442
118000066,754,1268,-514
118000067,1593,853,740
118000068,2066,3727,-1661
118000069,3853,1251,2602
118000070,5134,1541,3593
118000071,3032,5994,-2962
118000072,1978,1123,855
118000073,2887,552,2335
118000074,514,502,12
118000075,1269,259,1010
118000076,1723,2135,-412
118000077,1449,1303,146
118000078,1799,2075,-276
118000079,287,314,-27
118000080,1130,986,144
118000081,1889,1132,757
118000082,358,1066,-708
118000083,1498,1609,-111
118000084,3200,1516,1684
118000086,332,565,-233
118000087,4553,2613,1940
118000088,1803,1585,218
118000089,3082,1762,1320
118000090,1422,2470,-1048
118000091,434,1692,-1258
118000092,1061,422,639
118000093,126,627,-501
118000096,483,665,-182
118000097,810,630,180
118000098,317,189,128
118000099,392,691,-299
118000101,896,415,481
118000102,453,1386,-933
118000107,1538,475,1063
118000108,579,1677,-1098
118000110,2,23,-21
118000111,0,337,-337
118000112,459,1,458
118000113,6,627,-621
118000114,374,8,366
118000115,12,13,-1
118000116,46,0,46
118000117,1247,796,451
118000118,857,759,98
118000119,925,1069,-144
118000120,1453,1204,249
118000121,142,675,-533
118000122,1388,372,1016
118000123,64,315,-251
118000125,2345,1246,1099
118000126,746,1409,-663
118000127,1626,591,1035
118000128,1234,1486,-252
118000129,983,380,603
118000130,2183,2956,-773
118000131,925,981,-56
118000132,2385,1751,634
118000133,921,372,549
118000135,544,465,79
118000136,164,466,-302
118000137,561,117,444
118000138,413,469,-56
118000139,325,123,202
118000140,2642,3486,-844
118000141,1689,1888,-199
118000142,1556,1392,164
118000143,1902,1207,695
118000144,1568,804,764
118000145,1409,1535,-126
118000146,1195,1075,120
118000147,785,1797,-1012
118000148,623,1166,-543
118000149,891,1122,-231
118000150,394,391,3
118000151,410,455,-45
118000153,1112,1116,-4
118000154,1472,1542,-70
118000155,1020,1267,-247
118000156,1808,2357,-549
118000157,524,420,104
118000158,242,437,-195
118000159,18,82,-64
118000160,362,424,-62
118000161,482,779,-297
118000162,1961,921,1040
118000163,732,787,-55
118000164,1772,1324,448
118000168,873,360,513
118000169,962,1296,-334
118000170,4495,6106,-1611
118000171,326,670,-344
118000172,123,299,-176
118000173,1304,1403,-99
118000175,255,306,-51
118000176,200,403,-203
118000177,176,481,-305
118000178,56,56,0
118000179,1452,1048,404
118000180,757,694,63
118000181,345,77,268
118000182,371,233,138
118000183,426,376,50
118000184,683,726,-43
118000185,1160,1049,111
118000186,830,1000,-170
118000187,1079,737,342
118000188,413,207,206
118000189,396,580,-184
118000190,8,7,1
118000191,22,14,8
118000192,805,469,336
118000193,193,402,-209
118000194,1314,890,424
118000195,909,809,100
118000196,444,188,256
118000197,317,166,151
118000198,706,648,58
118000199,498,341,157
118000200,68,167,-99
118000201,334,417,-83
118000202,34,48,-14
118000203,1482,476,1006
118000204,169,327,-158
118000205,187,320,-133
118000206,188,186,2
118000207,0,54,-54
118000208,983,1467,-484
118000209,1657,1828,-171
118000210,55,51,4
118000211,22,33,-11
118000213,840,913,-73
118000214,606,503,103
118000215,352,235,117
118000216,1303,2467,-1164
118000217,38,138,-100
118000218,78,151,-73
118000219,442,357,85
118000220,1,39,-38
118000221,164,223,-59
118000222,56,5,51
118000223,33,36,-3
118000224,122,104,18
118000225,123,599,-476
118000226,763,141,622
118000227,799,330,469
118000228,154,210,-56
118000229,190,55,135
118000230,139,205,-66
118000231,94,182,-88
118000232,594,892,-298
118000233,874,733,141
118000234,362,166,196
118000236,314,262,52
118000237,93,294,-201
118000238,156,166,-10
118000239,249,235,14
118000240,385,119,266
118000241,82,149,-67
118000242,252,574,-322
118000243,240,178,62
118000244,39,153,-114
118000246,27,26,1
118000255,79,268,-189
118000256,112,287,-175
118000259,6,24,-18
118000260,133,89,44
118000261,27,42,-15
118000263,72,104,-32
118000266,100,222,-122
118000267,0,92,-92
118000268,345,4,341
118000270,87,24,63
118000271,191,316,-125
118000272,183,37,146
118000273,120,93,27
118000274,94,254,-160
118000276,358,303,55
118000295,4,86,-82
118000298,144,331,-187
118000299,78,187,-109
118000301,0,63,-63
118000302,56,99,-43
118000311,315,80,235
118000312,240,181,59
118000313,46,161,-115
118000314,69,66,3
118000315,34,74,-40
118000316,542,464,78
118000325,37,33,4
118000326,12,31,-19
118000331,19,51,-32
118000332,10,21,-11
118000333,17,56,-39
118000335,241,0,241
118000336,1,191,-190
118000407,136,82,54
118000457,7,32,-25
118000465,3392,3880,-488
118000480,25,70,-45
118000489,51,191,-140
118000490,65,289,-224
118000492,359,189,170
118000510,84,20,64
118000514,183,278,-95
118000515,621,571,50
118000517,311,217,94
118000524,360,195,165
118000525,796,750,46
118000530,14,67,-53
118000531,286,269,17
118000532,187,278,-91
118000533,382,136,246
118000534,718,592,126
118000535,247,127,120
118000536,706,1122,-416
118000537,31,110,-79
118000538,55,51,4
118000539,11,66,-55
118000540,235,137,98
118000541,180,47,133
118000542,64,160,-96
118000543,125,165,-40
118000546,39,17,22
118000553,0,1,-1
118000557,0,0,0
118000560,2252,1557,695
118000562,20,148,-128
118000563,1566,1205,361
118000576,200,175,25
118000577,208,205,3
118000578,218,95,123
118000579,654,971,-317
118000583,0,0,0
118000595,170,103,67
118000596,0,47,-47
118000597,171,153,18
118000598,4,1,3
118000599,37,36,1
118000600,5,4,1
118000601,5,0,5
118000602,0,12,-12
118000603,0,31,-31
118000605,46,299,-253
118000606,24,44,-20
118900001,587,1195,-608
118900002,752,766,-14
118900003,187,10,177
118900004,68,81,-13
118900005,66,4,62
118900006,84,4,80
118900007,19,0,19
118900008,1391,45,1346
118900009,41,24,17
118900010,54,2,52
118900011,197,45,152
118900012,374,175,199
118900013,328,85,243
118900015,192,97,95
118900016,4,9,-5
118900017,294,286,8
118900018,628,29,599
118900019,74,23,51
118900020,232,101,131
118900021,133,257,-124
118900022,143,87,56
118900023,132,100,32
118900024,59,112,-53
118900025,62,21,41
118900026,43,74,-31
118900027,357,201,156
118900028,160,133,27
118900029,283,344,-61
118900030,220,71,149
118900031,137,113,24
118900032,151,225,-74
118900033,282,319,-37
118900034,180,23,157
118900035,105,175,-70
118900036,1043,665,378
118900037,360,167,193
118900038,299,172,127
118900039,327,172,155
118900040,177,151,26
118900041,417,171,246
118900042,294,104,190
118900045,385,158,227
118900046,828,305,523
118900047,429,212,217
118900048,181,142,39
118900049,53,45,8
118900050,17,108,-91
118900051,159,130,29
118900052,245,149,96
118900053,36,100,-64
118900054,100,51,49
118900055,57,116,-59
118900056,33,252,-219
118900057,563,435,128
118900058,303,256,47
118900059,17,98,-81
118900060,276,192,84
118900062,368,239,129
118900064,524,444,80
118900065,30,117,-87
118900066,93,102,-9
118900067,3696,2702,994
118900068,27,147,-120
118900069,260,285,-25
118900071,4,76,-72
118900072,332,323,9
118900073,112,110,2
118900074,85,165,-80
118900075,43,75,-32
118900076,181,103,78
118900077,171,161,10
118900078,60,2,58
118900079,30,168,-138
118900080,7,101,-94
118900081,87,56,31
118900082,467,159,308
118900083,36,15,21
118900084,17,13,4
118900085,604,819,-215
118900086,27,90,-63
118900087,19,173,-154
118900088,2,5,-3
118900089,45,14,31
118900090,397,399,-2
118900091,156,196,-40
118900092,83,88,-5
118900093,118,15,103
118900096,145,104,41
118900097,224,412,-188
118900099,88,168,-80
118900100,96,183,-87
118900101,59,528,-469
118900102,36,65,-29
118900103,25,84,-59
118900104,146,159,-13
118900105,146,84,62
118900107,212,87,125
118900108,86,95,-9
118900110,1163,553,610
118900111,496,364,132
118900112,43,143,-100
118900113,195,368,-173
118900114,20,55,-35
118900115,63,334,-271
118900116,93,236,-143
118900117,92,180,-88
118900118,199,329,-130
118900119,138,270,-132
118900120,88,375,-287
118900121,21,210,-189
118900122,6,696,-690
118900123,211,258,-47
118900124,26,155,-129
118900126,32,322,-290
118900129,255,213,42
118900130,50,130,-80
118900131,227,234,-7
118900132,270,170,100
118900133,12,130,-118
118900135,292,192,100
118900136,192,459,-267
118900137,17,25,-8
118900139,236,263,-27
118900140,406,503,-97
118900141,142,114,28
118900144,110,355,-245
118900145,237,110,127
118900146,259,630,-371
118900147,165,111,54
118900148,80,54,26
118900150,219,467,-248
118900152,462,739,-277
118900157,100,168,-68
118900158,62,55,7
118900159,1,210,-209
118900161,91,3,88
118900163,151,179,-28
118900164,3,184,-181
118900165,48,141,-93
118900166,43,0,43
118900167,71,86,-15
118900168,71,149,-78
118900169,100,254,-154
118900170,99,117,-18
118900171,40,33,7
118900174,50,45,5
118900175,356,504,-148
118900176,127,251,-124
118900177,54,95,-41
118900178,65,177,-112
118900179,28,26,2
118900181,91,109,-18
118900182,94,32,62
118900183,30,124,-94
118900184,240,85,155
118900185,168,129,39
118900186,107,111,-4
118900187,217,281,-64
118900188,246,270,-24
118900189,23,641,-618
118900190,3,293,-290
118900191,100,36,64
118900192,139,15,124
118900193,322,7,315
118900195,209,532,-323
118900196,39,118,-79
118900197,72,26,46
118900198,16,22,-6
118900199,69,56,13
118900200,17,12,5
118900201,20,20,0
118900202,11,46,-35
118900203,7,16,-9
118900204,11,14,-3
118900205,1,11,-10
118900206,2,20,-18
119000001,969,1313,-344
119000002,3309,2442,867
119000003,2050,1093,957
119000004,2803,1096,1707
119000005,1565,1526,39
119000006,2467,1669,798
119000007,3117,2655,462
119000008,1717,1630,87
119000009,3769,4253,-484
119000010,5478,4094,1384
119000011,3507,2452,1055
119000012,2833,2996,-163
119000013,2079,1431,648
119000014,2289,3378,-1089
119000019,232,110,122
119000020,2175,1333,842
119000021,3956,2401,1555
119000022,2539,2285,254
119000023,309,280,29
119000024,1461,6994,-5533
119000025,3480,433,3047
119000026,146,282,-136
119000027,2127,655,1472
119000028,1900,1159,741
119000029,105,297,-192
119000030,620,755,-135
119000031,730,781,-51
119000032,1835,2272,-437
119000033,1948,1518,430
119000034,834,1029,-195
119000035,25,382,-357
119000036,1402,856,546
119000037,1031,1678,-647
119000038,131,794,-663
119000039,208,269,-61
119000040,889,469,420
119000041,808,1168,-360
119000048,2892,3154,-262
119000049,1654,2520,-866
119000050,2075,1950,125
119000051,2355,960,1395
119000052,1842,3123,-1281
119000053,1756,1176,580
119000054,1891,1845,46
119000055,2795,3030,-235
119000056,1925,2025,-100
119000057,1537,2269,-732
119000058,1685,1760,-75
119000059,1190,1613,-423
119000060,1343,1047,296
119000061,871,833,38
119000062,1102,1283,-181
119000063,432,437,-5
119000064,1147,1382,-235
119000065,1872,3113,-1241
119000066,1958,1158,800
119000067,1722,2152,-430
119000068,1496,1164,332
119000069,1356,2388,-1032
119000070,2068,1122,946
119000071,500,641,-141
119000072,4445,2827,1618
119000073,4117,6004,-1887
119000074,1403,2519,-1116
119000075,1805,2127,-322
119000076,311,845,-534
119000077,624,439,185
119000078,351,276,75
119000079,329,623,-294
119000080,338,148,190
119000081,281,358,-77
119000082,640,236,404
119000083,577,356,221
119000084,314,457,-143
119000085,529,204,325
119000086,299,461,-162
119000087,1707,990,717
119000088,330,262,68
119000089,87,162,-75
119000090,175,164,11
119000091,101,328,-227
119000092,473,166,307
119000093,3347,2727,620
119000094,2693,4621,-1928
119000095,1684,2624,-940
119000097,2755,1467,1288
119000098,898,2730,-1832
119000099,2708,2142,566
119000100,2984,2955,29
119000101,3725,2197,1528
119000102,1018,1024,-6
119000103,1495,493,1002
119000104,2142,1353,789
119000105,853,1468,-615
119000106,552,1388,-836
119000107,639,516,123
119000108,328,944,-616
119000109,136,414,-278
119000110,368,358,10
119000111,47,524,-477
119000112,211,87,124
119000113,2013,274,1739
119000114,770,891,-121
119000115,147,115,32
119000116,104,83,21
119000117,135,273,-138
119000118,3,2,1
119000123,4268,1473,2795
119000124,647,225,422
119000125,3260,715,2545
119000126,912,701,211
119000127,139,378,-239
119000128,14,6,8
119000131,1006,1011,-5
119000132,6,3,3
119000133,6,7,-1
119000134,1986,581,1405
119000135,118,235,-117
119000136,208,231,-23
119000137,195,351,-156
119000138,341,359,-18
119000139,259,231,28
119000140,167,328,-161
119000284,1080,2525,-1445
119000285,2123,2077,46
119000286,6842,5232,1610
119000287,1540,2395,-855
119000288,1824,1459,365
119000289,1807,3051,-1244
119000290,257,664,-407
119000291,5,208,-203
119000293,108,189,-81
119000294,36,38,-2
119000295,1594,693,901
119000296,195,131,64
119000302,2588,1260,1328
119000303,72,148,-76
119000314,737,4581,-3844
119000315,0,499,-499
119000316,137,131,6
119000317,83,349,-266
119000319,503,229,274
119900001,210,1075,-865
119900002,159,240,-81
119900003,54,1123,-1069
119900004,318,794,-476
119900005,123,147,-24
119900006,165,342,-177
119900007,1263,184,1079
119900008,750,52,698
119900009,755,887,-132
119900010,841,1085,-244
119900011,8,79,-71
119900012,13,90,-77
119900013,1920,986,934
119900014,460,241,219
119900015,68,30,38
119900016,41,84,-43
119900017,23,51,-28
119900018,1919,647,1272
119900019,27,11,16
119900020,152,171,-19
119900021,119,110,9
119900022,89,490,-401
119900023,528,1304,-776
119900025,131,20,111
119900026,695,137,558
119900027,46,27,19
119900028,748,108,640
119900029,1,4,-3
119900030,507,510,-3
119900031,37,276,-239
119900033,1857,277,1580
119900034,252,125,127
119900037,164,42,122
119900038,43,266,-223
119900039,50,4,46
119900040,356,27,329
119900041,66,28,38
119900042,500,153,347
119900043,73,173,-100
119900044,143,739,-596
119900046,93,51,42
119900047,232,49,183
119900049,123,10,113
119900050,64,66,-2
119900051,829,12,817
119900052,54,38,16
119900053,226,157,69
119900054,109,13,96
119900055,1053,477,576
119900057,177,49,128
119900058,176,0,176
119900059,96,61,35
119900060,210,18,192
119900061,176,9,167
119900062,56,25,31
119900063,17,59,-42
119900065,205,12,193
119900067,178,19,159
119900068,354,3,351
119900069,99,19,80
119900070,593,3,590
119900071,524,9,515
119900073,1487,669,818
119900074,50,23,27
119900075,4550,2575,1975
119900076,69,83,-14
119900077,639,1033,-394
119900078,503,769,-266
119900079,143,198,-55
119900080,433,343,90
119900081,503,35,468
119900082,780,81,699
119900083,308,141,167
119900084,598,326,272
119900085,46,67,-21
119900086,339,1256,-917
119900087,499,242,257
119900088,22,43,-21
119900089,18,489,-471
119900090,99,43,56
119900091,56,1025,-969
119900092,162,311,-149
119900093,856,251,605
119900094,160,249,-89
119900095,212,108,104
119900096,50,115,-65
119900097,626,213,413
119900098,32,83,-51
119900099,27,234,-207
119900100,2191,2168,23
119900101,190,891,-701
119900102,45,256,-211
119900103,28,338,-310
119900104,29,115,-86
119900105,597,1813,-1216
119900106,25,183,-158
119900107,249,2499,-2250
119900108,2165,608,1557
119900109,71,172,-101
119900110,552,588,-36
119900111,196,499,-303
119900112,1507,469,1038
119900113,79,224,-145
119900114,227,1225,-998
119900115,238,1010,-772
119900116,164,593,-429
119900117,325,624,-299
119900118,62,854,-792
119900119,308,299,9
119900120,559,523,36
119900121,333,1174,-841
119900122,458,284,174
119900123,206,391,-185
119900124,189,879,-690
119900125,41,229,-188
119900126,3454,235,3219
119900127,2239,978,1261
119900128,489,718,-229
119900129,253,499,-246
119900130,29,254,-225
119900131,45,201,-156
119900132,10,275,-265
119900133,34,125,-91
119900134,1532,217,1315
119900135,1,354,-353
119900136,233,287,-54
119900138,344,418,-74
119900139,173,116,57
119900140,0,131,-131
119900141,108,732,-624
119900142,1,21,-20
119900143,34,302,-268
119900144,1488,209,1279
119900145,95,167,-72
119900146,159,282,-123
119900147,13,138,-125
119900148,104,46,58
119900149,1060,2857,-1797
119900150,187,101,86
119900151,1492,749,743
119900152,103,392,-289
119900153,107,71,36
119900154,15,668,-653
119900155,24,36,-12
119900156,18,9,9
119900157,121,241,-120
119900158,111,81,30
119900159,4,1382,-1378
119900160,21,159,-138
119900161,202,166,36
119900162,621,699,-78
119900163,146,185,-39
119900164,5,5,0
119900165,136,253,-117
119900166,49,53,-4
119900167,89,93,-4
119900168,714,442,272
119900169,88,284,-196
119900170,197,293,-96
119900171,1538,389,1149
119900172,99,20,79
119900173,10,443,-433
119900174,1,135,-134
119900175,943,740,203
119900177,37,180,-143
119900178,7,146,-139
119900179,72,575,-503
119900180,698,740,-42
119900181,50,130,-80
119900182,7,308,-301
119900183,133,676,-543
119900184,2049,496,1553
119900185,39,133,-94
119900186,67,568,-501
119900187,9,318,-309
119900188,52,412,-360
119900189,558,406,152
119900190,49,231,-182
119900191,318,204,114
119900192,31,163,-132
119900193,235,228,7
119900194,17,126,-109
119900195,37,131,-94
119900196,1094,376,718
119900197,134,175,-41
119900198,745,298,447
119900199,132,19,113
119900200,553,698,-145
119900201,349,170,179
119900202,175,171,4
119900203,162,498,-336
119900204,207,239,-32
119900205,578,526,52
119900206,142,118,24
119900208,166,270,-104
119900209,413,1027,-614
119900210,32,43,-11
119900211,61,10,51
119900212,350,589,-239
119900213,6,68,-62
119900214,27,84,-57
119900215,38,60,-22
119900216,11,76,-65
119900217,17,38,-21
119900218,37,68,-31
119900219,13,92,-79
119900220,3,69,-66
119900221,24,199,-175
119900222,20,129,-109
119900223,24,58,-34
119900224,12,19,-7
119900225,660,46,614
119900226,456,1176,-720
119900227,801,274,527
119900228,1108,282,826
119900229,276,323,-47
119900230,1401,500,901
119900231,180,247,-67
119900232,181,78,103
119900233,24,4,20
119900234,22,53,-31
119900235,44,80,-36
119900236,123,172,-49
119900237,56,356,-300
119900238,10,84,-74
119900240,113,162,-49
119900241,138,237,-99
119900242,1024,1279,-255
119900244,543,1250,-707
119900245,136,200,-64
119900246,259,573,-314
119900247,29,101,-72
119900248,72,164,-92
119900249,154,64,90
119900253,2568,370,2198
119900254,83,554,-471
119900255,111,578,-467
119900256,460,778,-318
119900257,57,0,57
119900258,67,4,63
119900259,10,145,-135
119900260,85,6,79
119900261,782,154,628
119900262,2,271,-269
119900263,989,335,654
119900264,99,211,-112
119900265,842,476,366
119900266,269,281,-12
119900267,198,421,-223
119900268,353,163,190
119900269,1154,1205,-51
119900271,15,68,-53
119900272,328,168,160
119900275,114,49,65
119900276,35,2,33
119900277,4,7,-3
119900278,190,76,114
119900279,101,273,-172
119900280,792,168,624
119900281,0,136,-136
119900282,49,82,-33
119900283,14,252,-238
119900284,19,207,-188
119900285,30,52,-22
119900286,0,8,-8
119900288,2,18,-16
119900289,1,18,-17
119900290,2,19,-17
119900291,1,52,-51
119900292,36,36,0
119900293,15,88,-73
119900294,35,89,-54
119900295,34,50,-16
119900296,26,246,-220
119900297,0,24,-24
119900298,10,1,9
119900299,287,217,70
119900300,509,126,383
119900301,50,26,24
119900302,88,58,30
119900303,413,368,45
119900304,194,84,110
119900305,13,85,-72
119900306,24,3,21
119900307,32,83,-51
119900308,8,30,-22
119900309,28,129,-101
119900310,281,304,-23
119900311,53,111,-58
119900312,76,84,-8
119900313,326,262,64
119900314,134,338,-204
119900315,1454,2204,-750
119900318,11,25,-14
119900319,1,230,-229
119900320,150,525,-375
119900321,54,1,53
120000001,5501,11617,-6116
120000002,2637,3178,-541
120000003,3793,1861,1932
120000004,2950,2457,493
120000005,3854,1837,2017
120000006,1439,1454,-15
120000007,3150,1946,1204
120000008,1185,1704,-519
120000009,1748,310,1438
120000010,1914,2146,-232
120000011,1392,1784,-392
120000012,1328,2336,-1008
120000013,2685,2886,-201
120000014,837,1564,-727
120000015,2869,2094,775
120000016,3204,2305,899
120000017,2907,2254,653
120000018,3631,8576,-4945
120000019,1002,1339,-337
120000020,2997,2970,27
120000021,1577,2298,-721
120000022,2545,3462,-917
120000023,987,1653,-666
120000024,1306,2406,-1100
120000025,2337,2033,304
120000026,1611,1789,-178
120000027,1746,1991,-245
120000028,812,665,147
120000029,2856,700,2156
120000030,1563,913,650
120000031,1596,5414,-3818
120000032,7951,4553,3398
120000033,4859,2138,2721
120000034,1430,1850,-420
120000035,1756,2185,-429
120000036,2659,4733,-2074
120000037,762,1228,-466
120000038,5632,2607,3025
120000039,756,913,-157
120000040,388,289,99
120000041,1909,1213,696
120000042,2292,2509,-217
120000043,4109,1779,2330
120000044,3575,1628,1947
120000045,4546,1208,3338
120000046,3207,5012,-1805
120000047,1048,3791,-2743
120000048,6260,4880,1380
120000049,2748,2811,-63
120000050,3700,3999,-299
120000051,2914,3942,-1028
120000052,7856,2301,5555
120000053,1249,2504,-1255
120000054,1336,4263,-2927
120000055,1943,4599,-2656
120000056,3448,3264,184
120000057,2668,721,1947
120000058,3887,726,3161
120000059,22,1589,-1567
120000061,72,555,-483
120000062,205,251,-46
120000063,1668,2485,-817
120000064,317,1261,-944
120000065,568,1513,-945
120000066,350,573,-223
120000067,129,534,-405
120000068,222,866,-644
120000069,686,1153,-467
120000070,173,1309,-1136
120000071,664,180,484
120000072,650,344,306
120000073,734,154,580
120000074,303,96,207
120000075,758,344,414
120000076,1508,431,1077
120000077,1634,594,1040
120000078,3852,1433,2419
120000079,376,602,-226
120000080,259,454,-195
120000081,381,227,154
120000082,212,261,-49
120000083,148,667,-519
120000084,351,371,-20
120000085,304,371,-67
120000086,315,556,-241
120000087,192,627,-435
120000088,700,1146,-446
120000089,1026,699,327
120000090,646,537,109
120000091,894,1051,-157
120000092,1124,668,456
120000093,332,527,-195
120000094,181,736,-555
120000095,1455,582,873
120000096,272,892,-620
120000098,1080,1058,22
120000099,484,931,-447
120000100,714,1156,-442
120000101,468,501,-33
120000102,481,779,-298
120000103,1270,903,367
120000104,1480,497,983
120000105,2780,820,1960
120000106,2505,754,1751
120000107,3204,679,2525
120000108,1163,150,1013
120000109,1052,99,953
120000110,23,703,-680
120000111,244,1154,-910
120000112,752,2720,-1968
120000113,1048,2455,-1407
120000114,1186,2853,-1667
120000115,511,2398,-1887
120000116,765,2057,-1292
120000117,1387,1729,-342
120000118,60,21,39
120000119,46,62,-16
120000120,64,69,-5
120000121,28,61,-33
120000122,242,338,-96
120000123,5225,4731,494
120000124,370,409,-39
120000125,404,752,-348
120000126,412,794,-382
120000127,2716,931,1785
120000128,3778,3400,378
120000129,309,245,64
120000130,771,499,272
120000131,291,642,-351
120000134,411,1111,-700
120000135,435,587,-152
120000137,250,1230,-980
120000138,809,463,346
120000139,322,755,-433
120000140,727,509,218
120000141,920,550,370
120000142,1243,565,678
120000143,2,134,-132
120000144,74,4,70
120000145,294,2,292
120000146,1341,907,434
120000149,760,1283,-523
120000150,3080,10239,-7159
120000151,390,501,-111
120000152,400,192,208
120000153,230,548,-318
120000154,487,813,-326
120000155,94,241,-147
120000156,1567,713,854
120000157,856,618,238
120000158,1150,1143,7
120000159,3266,2961,305
120000160,2364,1420,944
120000161,2331,2926,-595
120000162,74,283,-209
120000163,477,987,-510
120000164,524,846,-322
120000165,473,923,-450
120000166,1275,642,633
120000167,61,106,-45
120000168,9,302,-293
120000169,52,864,-812
120000170,36,690,-654
120000171,24,283,-259
120000172,54,176,-122
120000173,2908,1003,1905
120000174,433,18,415
120000175,270,31,239
120000176,299,35,264
120000177,1032,124,908
120000178,123,22,101
120000179,372,41,331
120000180,609,80,529
120000181,109,656,-547
120000182,52,486,-434
120000183,10,380,-370
120000184,150,845,-695
120000186,72,398,-326
120000187,43,193,-150
120000188,160,361,-201
120000190,1250,33,1217
120000191,831,71,760
120000192,750,14,736
120000193,353,9,344
120000195,68,3,65
120000196,269,30,239
120000197,98,109,-11
120000198,119,73,46
120000199,57,0,57
120000200,97,1,96
120000201,11,22,-11
120000202,7,49,-42
120000203,24,170,-146
120000207,0,49,-49
120000208,10,216,-206
120000209,5,88,-83
120000210,71,74,-3
120000211,94,1,93
120000212,108,0,108
120000213,86,304,-218
120000214,2,300,-298
120000215,7,139,-132
120000216,36,10,26
120000217,637,964,-327
120000218,170,758,-588
120000219,8,489,-481
120000220,13,1622,-1609
120000225,1284,1,1283
120000226,357,9,348
120000227,795,53,742
120000228,7390,2645,4745
120000230,281,19,262
120000231,1157,2118,-961
120000233,175,6,169
120000235,198,641,-443
120000236,750,0,750
120000237,5,1333,-1328
120000238,2,549,-547
120000241,1068,2813,-1745
120000412,341,4,337
120000413,271,239,32
120000414,93,5,88
120000415,0,100,-100
120000416,319,8,311
120000417,12,74,-62
120000418,103,26,77
120000419,8,279,-271
120000420,34,31,3
120000421,10508,6613,3895
120000422,117,1110,-993
120000423,1,58,-57
120000424,39,168,-129
120000436,132,574,-442
120000437,171,149,22
120000438,3066,327,2739
120000439,164,455,-291
120000443,192,0,192
120000444,1296,593,703
120000445,1730,1143,587
120000446,721,278,443
120000447,162,4,158
120000449,68,8,60
120000450,3,197,-194
120000451,102,213,-111
120000452,57,0,57
120000453,0,259,-259
120000454,66,34,32
120000455,115,56,59
120000456,3116,3900,-784
120000457,1489,912,577
120000458,533,1477,-944
120000459,70,71,-1
120000665,983,240,743
120000668,148,433,-285
120000669,49,155,-106
120000670,316,578,-262
120000671,1143,438,705
120000672,119,536,-417
120900001,66,107,-41
120900002,383,398,-15
120900003,264,29,235
120900004,15,45,-30
120900005,29,1677,-1648
120900006,369,198,171
120900007,138,116,22
120900008,239,1205,-966
120900009,776,39,737
120900010,305,105,200
120900011,244,173,71
120900012,348,962,-614
120900013,211,95,116
120900014,9,437,-428
120900015,1369,83,1286
120900016,657,77,580
120900017,2420,79,2341
120900018,104,443,-339
120900019,460,368,92
120900020,899,1216,-317
120900021,593,167,426
120900022,25,272,-247
120900023,338,34,304
120900024,1846,497,1349
120900025,1764,1090,674
120900026,192,128,64
120900027,719,29,690
120900028,299,80,219
120900029,183,339,-156
120900030,984,696,288
120900031,212,134,78
120900032,798,160,638
120900033,818,57,761
120900034,33,2479,-2446
120900035,23,31,-8
120900037,193,8,185
120900038,40,228,-188
120900039,89,33,56
120900040,312,5,307
120900041,135,37,98
120900042,407,42,365
120900043,69,34,35
120900044,14,386,-372
120900045,129,75,54
120900046,345,7,338
120900047,146,64,82
120900048,111,14,97
120900049,356,2,354
120900050,2078,1208,870
120900051,326,134,192
120900052,467,5,462
120900053,186,67,119
120900054,1673,541,1132
120900055,370,0,370
120900056,463,14,449
120900057,71,19,52
120900058,399,0,399
120900059,55,4,51
120900060,79,35,44
120900061,313,173,140
120900062,192,0,192
120900063,494,4,490
120900064,512,2,510
120900065,432,0,432
120900066,168,243,-75
120900067,111,49,62
120900068,246,0,246
120900069,185,49,136
120900071,8,1,7
120900072,667,8,659
120900073,375,79,296
120900074,403,7,396
120900076,290,0,290
120900077,2464,196,2268
120900078,716,1204,-488
120900079,383,137,246
120900080,679,1885,-1206
120900081,939,131,808
120900082,668,459,209
120900083,105,4,101
120900084,246,333,-87
120900085,82,135,-53
120900086,161,296,-135
120900087,323,331,-8
120900088,110,340,-230
120900089,3196,1846,1350
120900090,207,146,61
120900091,742,790,-48
120900092,1491,608,883
120900093,2284,207,2077
120900094,619,173,446
120900095,449,26,423
120900096,29,190,-161
120900097,649,638,11
120900098,371,158,213
120900099,57,52,5
120900100,162,297,-135
120900101,831,264,567
120900102,40,82,-42
120900103,56,217,-161
120900104,14,35,-21
120900105,42,474,-432
120900106,1613,494,1119
120900107,241,129,112
120900108,6,532,-526
120900109,64,625,-561
120900110,54,752,-698
120900111,186,364,-178
120900112,14,888,-874
120900113,16,870,-854
120900114,47,165,-118
120900115,174,235,-61
120900116,228,382,-154
120900117,1,486,-485
120900118,3,781,-778
120900119,3865,4532,-667
120900120,75,531,-456
120900121,157,616,-459
120900122,365,458,-93
120900123,13,456,-443
120900124,3,636,-633
120900125,4,776,-772
120900126,1812,1352,460
120900127,9,530,-521
120900128,1335,1522,-187
120900129,60,327,-267
120900130,0,204,-204
120900131,51,75,-24
120900132,863,288,575
120900133,163,874,-711
120900134,977,486,491
120900135,18,571,-553
120900136,27,72,-45
120900137,179,94,85
120900138,23,177,-154
120900139,6,645,-639
120900140,2,98,-96
120900141,135,209,-74
120900142,13,532,-519
120900143,5,861,-856
120900144,1,143,-142
120900145,955,888,67
120900146,3,1108,-1105
120900147,25,495,-470
120900148,78,123,-45
120900149,0,294,-294
120900150,50,628,-578
120900151,55,643,-588
120900152,125,36,89
120900153,50,109,-59
120900154,2,214,-212
120900155,192,1056,-864
120900156,107,304,-197
120900157,53,196,-143
120900158,50,763,-713
120900159,285,420,-135
120900160,27,875,-848
120900161,115,471,-356
120900162,63,622,-559
120900163,48,529,-481
120900164,0,10,-10
120900165,21,32,-11
120900166,58,263,-205
120900167,343,149,194
120900169,68,394,-326
120900170,1394,2346,-952
120900171,1102,286,816
120900172,708,810,-102
120900173,3,70,-67
120900174,7,113,-106
120900175,269,100,169
120900176,9,306,-297
120900177,1,1032,-1031
120900178,11,366,-355
120900179,1113,577,536
120900180,106,183,-77
120900181,149,42,107
120900182,30,284,-254
120900183,373,56,317
120900184,220,65,155
120900185,19,400,-381
120900186,2,494,-492
120900187,416,1435,-1019
120900188,207,11,196
120900189,131,979,-848
120900190,58,11,47
120900191,4,13,-9
120900192,10509,5659,4850
120900194,43,68,-25
120900195,105,268,-163
120900196,896,38,858
120900197,554,136,418
120900198,314,570,-256
120900199,364,357,7
120900200,81,118,-37
120900201,512,154,358
120900202,1,167,-166
120900203,37,87,-50
120900204,163,270,-107
120900205,37,37,0
120900206,22,35,-13
120900207,76,1389,-1313
121000001,733,855,-122
121000002,2166,1258,908
121000003,2610,1750,860
121000004,2794,3096,-302
121000005,1816,2327,-511
121000006,3266,1516,1750
121000007,2443,2759,-316
121000008,4981,2999,1982
121000009,4474,4982,-508
121000010,7603,4399,3204
121000011,7216,10542,-3326
121000012,14304,8666,5638
121000013,5200,6523,-1323
121000014,5903,5166,737
121000015,4352,7440,-3088
121000016,4653,3044,1609
121000017,1833,3526,-1693
121000018,2074,1569,505
121000019,18149,12240,5909
121000020,12404,14442,-2038
121000021,3872,2971,901
121000022,2959,2755,204
121000023,4018,2922,1096
121000024,4338,4777,-439
121000025,655,1302,-647
121000026,308,137,171
121000027,1664,1157,507
121000028,718,534,184
121000029,955,618,337
121000030,585,399,186
121000031,659,600,59
121000032,200,160,40
121000034,594,250,344
121000035,161,171,-10
121000036,1200,790,410
121000037,557,741,-184
121000038,526,781,-255
121000039,346,320,26
121000041,567,460,107
121000042,412,400,12
121000043,709,578,131
121000044,1281,841,440
121000045,429,276,153
121000046,557,866,-309
121000047,350,350,0
121000049,1671,604,1067
121000050,320,1226,-906
121000051,748,333,415
121000052,323,789,-466
121000053,547,102,445
121000054,70,338,-268
121000055,1127,1126,1
121000056,712,1025,-313
121000057,373,497,-124
121000058,516,228,288
121000059,1999,1257,742
121000060,684,964,-280
121000061,127,250,-123
121000062,407,374,33
121000063,812,774,38
121000064,715,930,-215
121000065,437,507,-70
121000066,724,627,97
121000067,980,581,399
121000068,675,359,316
121000069,650,648,2
121000070,2309,1347,962
121000071,1800,1312,488
121000072,3411,819,2592
121000073,2126,979,1147
121000074,635,176,459
121000075,123,204,-81
121000076,1409,505,904
121000077,156,185,-29
121000078,136,163,-27
121000080,2282,619,1663
121000081,2641,3047,-406
121000082,159,263,-104
121000083,214,158,56
121000084,143,182,-39
121000085,292,400,-108
121000086,237,810,-573
121000087,86,370,-284
121000088,526,536,-10
121000089,290,339,-49
121000090,411,353,58
121000091,1351,827,524
121000092,178,104,74
121000093,139,242,-103
121000094,556,620,-64
121000095,429,709,-280
121000096,2090,1496,594
121000097,947,1797,-850
121000098,540,1145,-605
121000099,684,777,-93
121000100,829,521,308
121000101,339,252,87
121000102,300,422,-122
121000103,183,215,-32
121000104,284,212,72
121000105,382,370,12
121000106,285,311,-26
121000107,1865,2954,-1089
121000109,1303,1035,268
121000110,310,722,-412
121000114,2468,1869,599
121000115,862,947,-85
121000116,580,1484,-904
121000117,742,217,525
121000118,1488,213,1275
121000119,428,352,76
121000120,218,470,-252
121000121,632,1149,-517
121000123,1566,650,916
121000127,172,109,63
121000128,1059,635,424
121000129,898,676,222
121000130,554,930,-376
121000131,2451,2036,415
121000132,1731,1662,69
121000135,356,383,-27
121000136,2094,708,1386
121000137,485,273,212
121000138,1134,836,298
121000139,686,300,386
121000141,217,230,-13
121000142,721,981,-260
121000143,112,23,89
121000144,1002,1680,-678
121000145,591,1274,-683
121000146,1288,1034,254
121000147,1071,667,404
121000148,947,1214,-267
121000149,2015,1421,594
121000152,896,643,253
121000153,2238,711,1527
121000154,863,694,169
121000155,1178,1121,57
121000156,399,956,-557
121000157,1112,1858,-746
121000158,617,616,1
121000159,212,523,-311
121000160,305,531,-226
121000161,171,310,-139
121000162,94,161,-67
121000165,1639,1766,-127
121000166,22,475,-453
121000168,398,314,84
121000169,70,179,-109
121000170,525,110,415
121000171,125,169,-44
121000172,872,525,347
121000173,1423,1153,270
121000174,343,422,-79
121000175,818,372,446
121000176,407,222,185
121000177,1142,751,391
121000178,115,83,32
121000179,99,98,1
121000181,549,533,16
121000182,144,198,-54
121000183,287,93,194
121000184,91,89,2
121000185,36,147,-111
121000186,213,453,-240
121000187,148,188,-40
121000188,159,256,-97
121000192,760,490,270
121000193,562,565,-3
121000194,2116,1824,292
121000195,298,854,-556
121000196,741,262,479
121000197,192,609,-417
121000198,173,93,80
121000199,132,320,-188
121000200,391,83,308
121000201,10,201,-191
121000202,746,117,629
121000203,904,2060,-1156
121000204,2576,863,1713
121000205,230,233,-3
121000206,131,37,94
121000207,2226,351,1875
121000208,2,268,-266
121000209,437,322,115
121000210,561,421,140
121000211,325,176,149
121000212,404,509,-105
121000213,9161,2606,6555
121000214,731,2062,-1331
121000215,1100,933,167
121000216,500,659,-159
121000217,4013,2555,1458
121000218,567,1537,-970
121000219,1476,394,1082
121000220,198,42,156
121000221,111,224,-113
121000222,2447,1995,452
121000223,932,497,435
121000224,400,190,210
121000225,1914,1533,381
121000226,2932,1069,1863
121000227,16,200,-184
121000228,20,509,-489
121000229,225,309,-84
121000230,58,1405,-1347
121000231,766,45,721
121000232,396,291,105
121000233,492,371,121
121000234,28,29,-1
121000235,71,84,-13
121000236,8,46,-38
121000237,58,12,46
121000238,8,72,-64
121000239,70,16,54
121000240,8,142,-134
121000241,102,11,91
121000242,35,289,-254
121000243,710,171,539
121000244,13,113,-100
121000245,92,27,65
121000246,1,91,-90
121000247,83,2,81
121000248,1511,408,1103
121000249,134,214,-80
121000250,536,207,329
121000251,26,347,-321
121000252,105,72,33
121000253,427,422,5
121000254,611,294,317
121000255,333,178,155
121000256,422,195,227
121000257,102,105,-3
121000258,140,66,74
121000259,125,69,56
121000260,295,208,87
121000261,339,74,265
121000262,832,570,262
121000263,966,482,484
121000271,426,1764,-1338
121000273,90,8,82
121000274,9,36,-27
121000275,1,9,-8
121000276,3,15,-12
121000278,46,31,15
121000279,64,25,39
121000280,57,45,12
121000289,183,17,166
121000290,1128,925,203
121000294,130,139,-9
121000297,1002,1069,-67
121000299,269,429,-160
121000300,870,516,354
121000302,80,996,-916
121000303,475,404,71
121000304,575,43,532
121000305,156,51,105
121000306,82,118,-36
121000308,137,368,-231
121000309,296,479,-183
121000310,91,348,-257
121000311,51,844,-793
121000312,252,186,66
121000313,290,438,-148
121000314,256,347,-91
121000315,45,123,-78
121000530,1389,1353,36
121000531,1733,1555,178
121000532,5987,6759,-772
121000533,2971,3205,-234
121000918,115,165,-50
121000919,56,45,11
121000938,139,206,-67
121000939,156,173,-17
121000956,1307,1200,107
121000957,4,15,-11
121000958,84,41,43
121000959,683,869,-186
121000960,2180,2113,67
121000961,289,165,124
121000962,246,592,-346
121000973,1,135,-134
121000976,14,161,-147
121000979,377,148,229
121000981,473,353,120
121000982,367,165,202
121000983,337,499,-162
121000984,42,78,-36
121000985,553,447,106
121000986,232,191,41
121000987,320,978,-658
121000988,631,151,480
121001302,343,147,196
121001308,1,8,-7
121001309,50,70,-20
121001313,328,217,111
121001314,2475,2771,-296
121001315,4036,2284,1752
121001326,937,410,527
121900001,317,183,134
121900002,50,29,21
121900003,394,6,388
121900004,155,254,-99
121900005,28,5,23
121900006,66,19,47
121900007,1579,2098,-519
121900008,716,193,523
121900009,456,15,441
121900010,186,7,179
121900011,262,373,-111
121900012,20,1,19
121900013,1608,102,1506
121900014,1112,294,818
121900015,187,243,-56
121900016,3,40,-37
121900017,1820,512,1308
121900018,294,9,285
121900019,473,208,265
121900020,35,6,29
121900021,881,21,860
121900022,257,200,57
121900023,104,245,-141
121900024,282,111,171
121900025,519,339,180
121900026,246,28,218
121900027,326,121,205
121900028,185,13,172
121900029,102,172,-70
121900030,488,509,-21
121900031,858,5111,-4253
121900032,78,71,7
121900033,169,141,28
121900034,247,66,181
121900035,2077,1995,82
121900036,69,303,-234
121900037,185,733,-548
121900038,39,139,-100
121900039,361,65,296
121900040,80,92,-12
121900041,79,153,-74
121900042,325,139,186
121900043,12,7,5
121900044,150,49,101
121900046,272,367,-95
121900047,170,77,93
121900048,31,92,-61
121900050,33,38,-5
121900051,137,144,-7
121900052,113,38,75
121900053,703,409,294
121900054,748,964,-216
121900055,1,9,-8
121900058,203,130,73
121900059,354,147,207
121900060,113,300,-187
121900062,164,111,53
121900063,1139,475,664
121900064,241,570,-329
121900066,97,45,52
121900067,84,81,3
121900069,176,115,61
121900070,235,73,162
121900071,319,397,-78
121900072,56,197,-141
121900073,218,178,40
121900074,627,894,-267
121900075,380,441,-61
121900076,345,585,-240
121900078,52,21,31
121900079,0,0,0
121900080,980,409,571
121900082,66,106,-40
121900084,8,178,-170
121900086,14,43,-29
121900087,185,111,74
121900088,1361,2095,-734
121900089,165,388,-223
121900090,174,89,85
121900091,57,103,-46
121900092,58,88,-30
121900093,84,50,34
121900094,21,10,11
121900095,274,142,132
121900096,1072,808,264
121900097,450,348,102
121900098,4,0,4
121900099,220,120,100
121900100,247,454,-207
121900101,120,121,-1
121900102,8,161,-153
121900103,531,234,297
121900104,1346,338,1008
121900105,266,201,65
121900106,4,1,3
121900107,50,29,21
121900108,1,14,-13
121900109,302,178,124
121900110,485,799,-314
121900111,1013,153,860
121900112,162,141,21
121900113,52,300,-248
121900114,60,99,-39
121900117,224,36,188
121900118,2200,727,1473
121900119,396,111,285
121900120,54,1130,-1076
121900121,391,35,356
121900122,50,82,-32
121900123,274,450,-176
121900124,308,185,123
121900125,1184,912,272
121900127,26,76,-50
121900128,36,83,-47
121900129,555,143,412
121900130,91,246,-155
121900131,438,110,328
121900132,34,89,-55
121900133,105,765,-660
121900134,28,169,-141
121900135,2216,380,1836
121900136,1040,385,655
121900137,25,217,-192
121900138,119,154,-35
121900139,385,569,-184
121900140,67,295,-228
121900141,93,77,16
121900142,145,214,-69
121900143,19,151,-132
121900144,147,251,-104
121900145,363,204,159
121900146,560,781,-221
121900147,76,132,-56
121900148,189,294,-105
121900149,336,597,-261
121900150,109,121,-12
121900151,64,292,-228
121900152,61,127,-66
121900153,116,682,-566
121900154,16,315,-299
121900155,1,83,-82
121900156,165,98,67
121900157,4,458,-454
121900158,66,104,-38
121900159,0,231,-231
121900160,2,410,-408
121900161,384,376,8
121900162,76,166,-90
121900163,315,843,-528
121900164,480,185,295
121900165,203,160,43
121900166,168,162,6
121900167,85,157,-72
121900168,141,294,-153
121900169,4,264,-260
121900170,3,196,-193
121900171,700,429,271
121900172,716,246,470
121900173,1237,207,1030
121900174,47,81,-34
121900175,133,262,-129
121900176,584,1420,-836
121900177,218,85,133
121900178,44,59,-15
121900179,1214,223,991
121900180,3774,3485,289
121900182,588,265,323
121900183,713,967,-254
121900184,70,602,-532
121900186,5,293,-288
121900187,24,160,-136
121900188,459,398,61
121900189,30,111,-81
121900190,260,496,-236
121900191,351,249,102
121900192,257,681,-424
121900193,45,195,-150
121900194,3,146,-143
121900195,74,85,-11
121900196,1070,976,94
121900197,490,1428,-938
121900198,1066,927,139
121900199,3,24,-21
121900200,97,282,-185
121900201,920,705,215
121900202,132,595,-463
121900203,211,665,-454
121900204,768,1406,-638
121900205,30,105,-75
121900206,12,36,-24
121900207,85,33,52
121900208,167,269,-102
121900209,58,37,21
121900210,1168,894,274
121900211,364,616,-252
121900212,349,122,227
121900213,180,80,100
121900214,3,383,-380
121900215,60,76,-16
121900216,46,136,-90
121900217,193,133,60
121900218,158,375,-217
121900220,97,8,89
121900221,258,604,-346
121900222,139,130,9
121900223,124,36,88
121900224,69,28,41
121900225,156,109,47
121900226,339,340,-1
121900227,528,523,5
121900228,277,393,-116
121900230,143,168,-25
121900231,284,960,-676
121900232,244,421,-177
121900233,139,168,-29
121900234,259,257,2
121900235,381,191,190
121900236,574,216,358
121900237,218,248,-30
121900238,154,265,-111
121900239,300,32,268
121900240,295,98,197
121900241,41,67,-26
121900242,13,5,8
121900243,20,1,19
121900244,48,0,48
121900245,149,83,66
121900246,1786,182,1604
121900248,1391,1501,-110
121900250,188,271,-83
121900251,381,43,338
121900252,467,148,319
121900253,220,867,-647
121900254,539,283,256
121900255,321,71,250
121900258,2572,2269,303
121900259,422,478,-56
121900260,69,120,-51
121900261,219,641,-422
121900262,381,945,-564
121900263,395,227,168
121900264,1543,1295,248
121900265,168,222,-54
121900266,540,220,320
121900267,119,38,81
121900269,163,726,-563
121900270,20,171,-151
121900271,49,133,-84
121900273,405,1594,-1189
121900274,231,224,7
121900277,527,1224,-697
121900278,95,921,-826
121900279,118,231,-113
121900280,174,299,-125
121900281,380,240,140
121900284,118,7,111
121900286,117,152,-35
121900287,16,19,-3
121900288,2,0,2
121900290,287,373,-86
121900291,491,545,-54
121900292,152,165,-13
121900293,1171,2538,-1367
121900294,245,3,242
121900295,128,214,-86
121900296,65,94,-29
121900298,297,626,-329
121900299,0,5,-5
121900300,182,11,171
121900301,103,1,102
121900302,1,34,-33
121900303,278,326,-48
121900304,0,14,-14
121900305,3,13,-10
121900306,196,18,178
121900307,96,3,93
121900308,69,261,-192
121900309,20,285,-265
121900310,32,514,-482
121900311,423,22,401
121900312,280,15,265
121900313,366,22,344
121900314,4,62,-58
121900315,40,0,40
121900316,0,20,-20
121900317,21,3,18
121900318,10,24,-14
121900319,38,109,-71
121900320,36,77,-41
121900321,10,12,-2
121900322,3,14,-11
121900323,19,18,1
121900324,7,57,-50
121900325,18,1,17
121900326,2,17,-15
121900327,4,71,-67
121900328,1,39,-38
121900329,1,178,-177
121900330,0,23,-23
121900331,27,7,20
121900332,96,13,83
121900333,24,1,23
121900334,203,98,105
122000001,2249,4902,-2653
122000002,5066,1794,3272
122000003,2276,2582,-306
122000004,3230,1602,1628
122000005,2330,1543,787
122000006,1727,911,816
122000007,1196,1924,-728
122000008,3980,4520,-540
122000009,409,375,34
122000010,2167,2595,-428
122000011,2993,1296,1697
122000012,1313,1513,-200
122000013,1237,856,381
122000014,1459,1171,288
122000015,1485,1094,391
122000016,577,938,-361
122000017,1111,876,235
122000018,1572,1191,381
122000019,714,1166,-452
122000020,198,178,20
122000021,281,414,-133
122000022,1131,837,294
122000023,695,1447,-752
122000024,787,1130,-343
122000025,1421,1448,-27
122000026,1392,1053,339
122000027,631,2313,-1682
122000028,906,455,451
122000029,510,415,95
122000030,360,120,240
122000031,324,281,43
122000032,1873,1936,-63
122000033,677,1127,-450
122000034,739,593,146
122000035,313,773,-460
122000036,582,531,51
122000037,367,202,165
122000038,217,309,-92
122000039,668,418,250
122000040,294,239,55
122000041,517,584,-67
122000042,347,642,-295
122000043,107,126,-19
122000044,128,154,-26
122000045,1224,530,694
122000046,619,775,-156
122000047,326,230,96
122000048,4788,4391,397
122000049,5746,3321,2425
122000050,1430,807,623
122000051,354,276,78
122000052,585,408,177
122000053,282,757,-475
122000054,2246,2101,145
122000055,2347,2927,-580
122000056,4909,3603,1306
122000057,3503,3353,150
122000058,3039,1242,1797
122000059,3079,1794,1285
122000060,743,612,131
122000061,608,510,98
122000062,1429,374,1055
122000063,1285,709,576
122000064,3334,2673,661
122000065,4334,2505,1829
122000066,584,443,141
122000067,1606,1252,354
122000068,1111,1021,90
122000069,1143,777,366
122000070,887,1674,-787
122000071,1285,1239,46
122000072,355,403,-48
122000073,416,616,-200
122000074,2846,1633,1213
122000075,816,1172,-356
122000076,2113,1070,1043
122000077,1160,664,496
122000078,2696,2429,267
122000079,1725,1157,568
122000080,880,437,443
122000081,199,315,-116
122000082,884,851,33
122000083,1372,2016,-644
122000084,1405,714,691
122000085,281,837,-556
122000086,1939,4524,-2585
122000087,382,196,186
122000088,299,329,-30
122000089,4958,2238,2720
122000090,231,437,-206
122000091,139,64,75
122000092,161,19,142
122000093,1703,1514,189
122000094,5542,2135,3407
122000095,2438,3045,-607
122000096,2035,1624,411
122000098,2957,1838,1119
122000099,2045,608,1437
122000100,941,493,448
122000101,446,753,-307
122000102,1861,1173,688
122000103,2003,1872,131
122000104,496,217,279
122000105,982,285,697
122000106,428,627,-199
122000107,1009,410,599
122000108,401,784,-383
122000109,395,310,85
122000110,421,528,-107
122000111,2479,1174,1305
122000112,886,1223,-337
122000113,659,703,-44
122000114,2644,1307,1337
122000115,1857,1278,579
122000116,641,560,81
122000117,2993,499,2494
122000118,601,1076,-475
122000119,3179,2411,768
122000120,1847,4245,-2398
122000121,2124,3239,-1115
122000122,780,1932,-1152
122000123,1721,2053,-332
122000124,1001,683,318
122000125,769,488,281
122000126,753,1340,-587
122000127,917,1596,-679
122000128,588,933,-345
122000129,576,1355,-779
122000130,2799,1664,1135
122000131,1179,1531,-352
122000132,607,576,31
122000133,986,1322,-336
122000134,852,895,-43
122000135,873,1140,-267
122000136,890,880,10
122000137,1320,1308,12
122000139,1430,3035,-1605
122000140,1165,575,590
122000141,3465,821,2644
122000142,511,743,-232
122000143,505,479,26
122000144,1294,1425,-131
122000145,1284,787,497
122000146,1084,979,105
122000147,654,476,178
122000148,2401,1787,614
122000149,2066,2044,22
122000150,1029,1039,-10
122000151,204,308,-104
122000152,344,355,-11
122000153,318,330,-12
122000154,267,220,47
122000155,1543,2294,-751
122000156,2232,2194,38
122000157,1736,1789,-53
122000158,408,651,-243
122000159,809,1449,-640
122000160,2966,2662,304
122000161,1076,1030,46
122000162,2043,1770,273
122000163,240,79,161
122000164,37,113,-76
122000165,1102,680,422
122000166,1238,1017,221
122000167,257,196,61
122000168,258,565,-307
122000169,489,168,321
122000170,342,206,136
122000171,54,77,-23
122000172,1423,1415,8
122000173,1300,2086,-786
122000174,2256,840,1416
122000175,1186,280,906
122000176,341,833,-492
122000177,1208,1280,-72
122000178,2497,2058,439
122000179,1497,2225,-728
122000180,1633,1242,391
122000181,1681,2566,-885
122000182,1527,1204,323
122000183,1806,933,873
122000184,2628,1969,659
122000185,1431,1428,3
122000186,437,772,-335
122000187,1692,947,745
122000188,353,192,161
122000189,211,263,-52
122000190,837,981,-144
122000191,730,509,221
122000192,1031,288,743
122000193,395,615,-220
122000194,473,186,287
122000195,145,483,-338
122000196,1097,643,454
122000197,532,643,-111
122000198,501,849,-348
122000199,345,298,47
122000200,1082,608,474
122000201,1515,1461,54
122000202,1378,1220,158
122000203,2970,1316,1654
122000204,1775,1877,-102
122000205,1428,1423,5
122000206,2221,990,1231
122000207,1852,1228,624
122000208,2103,1368,735
122000209,1834,328,1506
122000210,2140,1671,469
122000211,1449,1089,360
122000212,752,512,240
122000213,1068,1216,-148
122000214,2068,1590,478
122000215,1794,1609,185
122000217,1793,1248,545
122000218,751,59,692
122000219,1374,861,513
122000220,470,676,-206
122000221,107,382,-275
122000222,664,149,515
122000223,1840,778,1062
122000225,887,359,528
122000226,2043,1576,467
122000227,314,2102,-1788
122000228,553,352,201
122000229,172,517,-345
122000230,623,462,161
122000231,577,835,-258
122000232,795,1081,-286
122000233,0,117,-117
122000234,379,193,186
122000235,914,213,701
122000236,903,95,808
122000237,180,84,96
122000238,1076,314,762
122000239,771,198,573
122000240,1217,799,418
122000241,1670,534,1136
122000242,710,222,488
122000243,257,119,138
122000244,69,439,-370
122000245,94,196,-102
122000246,397,273,124
122000247,1194,724,470
122000248,1204,1633,-429
122000249,2627,985,1642
122000250,2172,1301,871
122000251,328,424,-96
122000252,579,247,332
122000253,169,239,-70
122000254,277,125,152
122000255,779,1773,-994
122000256,598,1148,-550
122000257,187,282,-95
122000258,253,319,-66
122000259,25,529,-504
122000260,219,754,-535
122000261,22,258,-236
122000262,2,68,-66
122000263,303,114,189
122000264,1062,452,610
122000265,2024,871,1153
122000266,3791,776,3015
122000267,184,178,6
122000268,149,517,-368
122000269,833,392,441
122000270,623,158,465
122000271,374,970,-596
122000272,353,980,-627
122000273,456,456,0
122000274,296,296,0
122000275,299,303,-4
122000276,816,655,161
122000277,1485,1721,-236
122000278,2357,1321,1036
122000279,161,430,-269
122000280,990,836,154
122000281,722,799,-77
122000282,436,242,194
122000283,788,116,672
122000284,388,121,267
122000285,564,149,415
122000286,158,182,-24
122000287,1094,1473,-379
122000288,514,396,118
122000291,1706,920,786
122000293,498,268,230
122000294,159,214,-55
122000295,1841,247,1594
122000296,93,650,-557
122000297,2813,2748,65
122000299,524,392,132
122000300,592,691,-99
122000301,10435,3351,7084
122000302,740,1246,-506
122000303,3585,1268,2317
122000304,83,273,-190
122000305,947,781,166
122000306,74,993,-919
122000307,220,239,-19
122000309,186,77,109
122000310,32,98,-66
122000311,303,151,152
122000312,168,168,0
122000313,147,74,73
122000314,99,185,-86
122000315,225,47,178
122000316,677,228,449
122000317,1291,291,1000
122000318,308,458,-150
122000319,225,335,-110
122000320,545,1488,-943
122000321,132,218,-86
122000322,2311,2260,51
122000323,1665,2205,-540
122000324,1130,1220,-90
122000325,1285,1420,-135
122000326,79,144,-65
122000327,497,716,-219
122000328,787,661,126
122000330,1787,649,1138
122000333,9,134,-125
122000337,1158,1644,-486
122000338,567,659,-92
122000340,382,427,-45
122000342,1851,968,883
122000343,506,1390,-884
122000344,83,33,50
122000345,118,99,19
122000346,408,596,-188
122000348,835,829,6
122000349,128,720,-592
122000351,132,258,-126
122000352,454,128,326
122000353,104,102,2
122000355,188,264,-76
122000356,1352,1008,344
122000357,133,36,97
122000358,0,52,-52
122000359,0,35,-35
122000360,1,32,-31
122000362,11,101,-90
122000364,138,310,-172
122000365,2,41,-39
122000366,25,4,21
122000368,414,610,-196
122000370,35,70,-35
122000371,40,1,39
122000372,25,2,23
122000381,74,324,-250
122000382,87,340,-253
122000384,3281,1214,2067
122000385,71,0,71
122000386,435,1160,-725
122000387,404,538,-134
122000388,1618,1012,606
122000389,131,539,-408
122000390,364,242,122
122000391,318,192,126
122000392,315,221,94
122000393,262,408,-146
122000394,520,282,238
122000395,169,189,-20
122000396,288,131,157
122000397,104,72,32
122000398,17,75,-58
122000399,150,71,79
122000400,141,460,-319
122000401,124,108,16
122000402,257,147,110
122000403,375,905,-530
122000404,165,258,-93
122000408,916,1123,-207
122000503,20,89,-69
122000524,254,130,124
122000544,68,2112,-2044
122000614,427,338,89
122000616,260,1,259
122000640,97,154,-57
122000641,102,340,-238
122000642,1353,1139,214
122000643,60,117,-57
122000644,136,29,107
122000645,134,168,-34
122000651,1658,789,869
122000664,180,51,129
122000665,1255,528,727
122000666,646,1226,-580
122000673,44,286,-242
122000674,170,69,101
122000675,1836,1083,753
122000686,1452,1110,342
122000687,2101,387,1714
122000688,257,952,-695
122000689,796,454,342
122000690,1823,506,1317
122000691,1303,1866,-563
122000692,1439,410,1029
122000693,474,1564,-1090
122000695,119,239,-120
122000696,333,230,103
122000698,470,1229,-759
122000699,182,119,63
122000701,1196,333,863
122000702,478,1206,-728
122000703,155,59,96
122000712,0,0,0
122000717,575,188,387
122000718,1002,1615,-613
122000719,117,102,15
122000720,495,254,241
122000724,342,313,29
122900001,31,4,27
122900002,1260,3854,-2594
122900003,349,48,301
122900004,534,28,506
122900005,148,42,106
122900006,930,220,710
122900007,355,100,255
122900008,674,52,622
122900009,582,369,213
122900010,241,107,134
122900012,204,340,-136
122900014,146,360,-214
122900015,1696,684,1012
122900016,106,295,-189
122900017,457,622,-165
122900018,175,12,163
122900020,371,339,32
122900021,150,598,-448
122900022,765,665,100
122900023,249,135,114
122900024,127,102,25
122900025,14,271,-257
122900026,73,385,-312
122900027,63,952,-889
122900028,129,210,-81
122900029,4310,2754,1556
122900030,993,612,381
122900031,100,211,-111
122900032,92,354,-262
122900033,234,139,95
122900034,4386,4583,-197
122900035,4,14,-10
122900036,45,98,-53
122900037,316,106,210
122900038,126,2134,-2008
122900039,86,487,-401
122900040,313,384,-71
122900041,337,247,90
122900042,165,330,-165
122900043,355,202,153
122900044,88,295,-207
122900045,86,115,-29
122900046,148,147,1
122900047,147,181,-34
122900048,75,159,-84
122900049,1633,119,1514
122900051,107,133,-26
122900052,137,189,-52
122900053,70,35,35
122900055,334,128,206
122900057,221,70,151
122900061,469,141,328
122900062,629,525,104
122900063,152,370,-218
122900064,1044,334,710
122900065,514,243,271
122900066,706,343,363
122900067,1529,846,683
122900069,1026,1225,-199
122900070,412,44,368
122900071,158,448,-290
122900073,37,253,-216
122900074,675,566,109
122900075,1,72,-71
122900076,8,208,-200
122900077,0,138,-138
122900078,202,124,78
122900080,87,58,29
122900081,168,236,-68
122900082,773,582,191
122900083,206,479,-273
122900084,10,233,-223
122900086,15,102,-87
122900087,283,520,-237
122900088,66,157,-91
122900089,119,292,-173
122900090,11,537,-526
122900091,196,1,195
122900092,0,123,-123
122900093,1,297,-296
122900094,2,238,-236
122900095,143,11,132
122900096,328,325,3
122900097,17,30,-13
122900098,162,100,62
122900099,74,25,49
122900100,303,127,176
122900101,460,219,241
122900102,18,61,-43
122900103,103,9,94
122900104,122,6,116
122900105,13,13,0
122900106,5,60,-55
122900107,5,183,-178
122900108,8,180,-172
122900109,157,109,48
123000001,1634,415,1219
123000002,3402,4051,-649
123000003,3485,3536,-51
123000004,3238,3733,-495
123000005,2366,2582,-216
123000006,2256,2559,-303
123000007,4476,2841,1635
123000008,3408,3041,367
123000009,4478,2863,1615
123000010,3404,3517,-113
123000011,2521,776,1745
123000012,936,2199,-1263
123000013,3293,859,2434
123000014,1531,3025,-1494
123000015,3433,1239,2194
123000016,3931,3777,154
123000017,2759,1765,994
123000018,85,107,-22
123000019,208,326,-118
123000020,123,177,-54
123000021,86,293,-207
123000022,308,2143,-1835
123000023,1536,1374,162
123000024,1390,664,726
123000025,278,162,116
123000026,352,88,264
123000027,305,402,-97
123000028,2081,403,1678
123000029,2098,966,1132
123000030,238,436,-198
123000031,162,264,-102
123000032,251,191,60
123000033,270,93,177
123000034,1082,921,161
123000035,340,435,-95
123000036,540,1117,-577
123000037,300,300,0
123000038,81,233,-152
123000039,379,1278,-899
123000040,704,263,441
123000041,1382,1385,-3
123000042,1476,750,726
123000043,2774,7238,-4464
123000044,4421,2103,2318
123000045,7343,2500,4843
123000046,738,1368,-630
123000047,2230,977,1253
123000048,83,645,-562
123000049,6000,7738,-1738
123000050,1135,1181,-46
123000051,116,202,-86
123000052,705,2739,-2034
123000053,2241,2874,-633
123000054,1270,1215,55
123000055,1224,1640,-416
123000056,1328,2272,-944
123000057,11671,6728,4943
123000058,701,862,-161
123000059,423,486,-63
123000060,830,430,400
123000061,334,700,-366
123000063,672,869,-197
123000064,973,359,614
123000065,8012,2581,5431
123000066,687,590,97
123000067,866,590,276
123000068,2583,2621,-38
123000069,5978,3447,2531
123000070,332,660,-328
123000071,789,978,-189
123000072,979,1202,-223
123000073,1005,729,276
123000074,979,1236,-257
123000075,317,885,-568
123000076,1074,714,360
123000077,2119,2898,-779
123000078,1339,1637,-298
123000079,1108,1826,-718
123000080,1949,1991,-42
123000081,164,368,-204
123000082,375,1155,-780
123000083,755,195,560
123000084,578,593,-15
123000085,213,113,100
123000086,391,218,173
123000087,230,264,-34
123000088,1647,1014,633
123000089,450,1104,-654
123000090,999,870,129
123000091,1462,1279,183
123000092,941,1198,-257
123000094,458,259,199
123000095,468,682,-214
123000096,581,416,165
123000097,372,766,-394
123000098,717,547,170
123000099,605,797,-192
123000100,512,683,-171
123000101,556,609,-53
123000102,572,592,-20
123000104,752,735,17
123000105,564,486,78
123000106,569,480,89
123000107,372,477,-105
123000108,724,998,-274
123000111,819,411,408
123000112,888,566,322
123000113,539,1215,-676
123000114,406,672,-266
123000115,364,277,87
123000116,37,142,-105
123000117,1714,1610,104
123000118,464,835,-371
123000119,249,731,-482
123000120,567,681,-114
123000121,419,584,-165
123000122,271,281,-10
123000123,391,587,-196
123000124,483,456,27
123000125,995,985,10
123000126,1258,3241,-1983
123000127,857,637,220
123000128,353,316,37
123000129,588,200,388
123000130,589,90,499
123000131,704,704,0
123000132,364,589,-225
123000133,289,397,-108
123000134,309,203,106
123000135,1972,1161,811
123000136,221,736,-515
123000137,171,293,-122
123000138,81,361,-280
123000139,403,107,296
123000140,91,687,-596
123000141,733,154,579
123000142,1039,1201,-162
123000143,1474,1918,-444
123000144,107,26,81
123000145,232,111,121
123000146,31,77,-46
123000147,122,75,47
123000149,386,415,-29
123000150,207,220,-13
123000151,341,475,-134
123000152,229,324,-95
123000153,597,659,-62
123000154,1630,1701,-71
123000155,1995,989,1006
123000156,43,147,-104
123000157,643,833,-190
123000158,508,814,-306
123000159,2779,1921,858
123000160,918,759,159
123000161,1485,1079,406
123000162,865,1541,-676
123000163,433,97,336
123000164,1217,347,870
123000165,447,1619,-1172
123000166,47,152,-105
123000167,144,287,-143
123000168,307,189,118
123000169,528,157,371
123000170,108,202,-94
123000171,456,50,406
123000172,430,467,-37
123000173,462,278,184
123000174,812,331,481
123000175,872,1038,-166
123000176,939,251,688
123000177,347,931,-584
123000178,887,162,725
123000179,52,629,-577
123000180,1332,334,998
123000181,270,1395,-1125
123000182,264,439,-175
123000183,167,380,-213
123000184,259,619,-360
123000185,636,371,265
123000186,71,778,-707
123000187,556,15,541
123000188,303,43,260
123000189,55,22,33
123000190,58,154,-96
123000192,51,531,-480
123000193,106,1136,-1030
123000194,255,270,-15
123000195,338,68,270
123000196,319,89,230
123000197,81,80,1
123000198,40,351,-311
123000199,22,653,-631
123000200,499,23,476
123000201,889,49,840
123000202,29,1275,-1246
123000203,769,89,680
123000204,81,1401,-1320
123000205,350,1766,-1416
123000206,1610,261,1349
123000207,173,1049,-876
123000208,438,413,25
123000209,2148,724,1424
123000210,757,2916,-2159
123000211,600,2679,-2079
123000212,2394,463,1931
123000213,750,96,654
123000215,134,224,-90
123000216,137,1242,-1105
123000217,159,18,141
123000218,49,553,-504
123000219,784,87,697
123000220,532,96,436
123000221,698,95,603
123000222,371,318,53
123000223,206,311,-105
123000224,447,592,-145
123000225,250,73,177
123000226,68,252,-184
123000227,73,296,-223
123000228,240,63,177
123000229,1302,1478,-176
123000232,301,541,-240
123000233,781,223,558
123000234,171,653,-482
123000235,691,323,368
123000236,237,777,-540
123000237,254,62,192
123000238,61,452,-391
123000239,499,1256,-757
123000240,62,389,-327
123000241,635,118,517
123000242,101,164,-63
123000243,749,954,-205
123000244,877,765,112
123000245,54,173,-119
123000249,474,603,-129
123000252,766,234,532
123000253,862,486,376
123000254,622,936,-314
123000255,982,948,34
123000256,55,250,-195
123000257,2434,2182,252
123000258,1482,1045,437
123000259,277,318,-41
123000260,375,322,53
123000261,159,102,57
123000262,127,201,-74
123000263,346,86,260
123000264,127,79,48
123000265,54,159,-105
123000266,495,711,-216
123000267,467,306,161
123000268,36,67,-31
123000269,54,48,6
123000270,17,57,-40
123000271,75,69,6
123000272,801,359,442
123000273,233,555,-322
123000274,1048,642,406
123000275,257,797,-540
123000278,4760,2586,2174
123000279,108,107,1
123000280,582,286,296
123000281,319,121,198
123000282,100,301,-201
123000283,104,65,39
123000284,64,112,-48
123000286,269,271,-2
123000287,595,259,336
123000288,1277,653,624
123000289,481,875,-394
123000291,297,765,-468
123000294,231,247,-16
123000295,986,855,131
123000296,639,447,192
123000297,696,859,-163
123000298,551,409,142
123000299,205,381,-176
123000300,877,980,-103
123000301,129,243,-114
123000302,102,152,-50
123000303,112,170,-58
123000305,804,815,-11
123000306,123,231,-108
123000309,56,74,-18
123000310,64,59,5
123000311,23,173,-150
123000312,658,1011,-353
123000313,468,388,80
123000315,82,322,-240
123000316,1210,329,881
123000317,279,61,218
123000318,66,213,-147
123000329,4,18,-14
123000337,879,288,591
123000338,511,67,444
123000339,186,384,-198
123000340,222,712,-490
123000342,354,139,215
123000343,44,6,38
123000344,1189,720,469
123000345,338,823,-485
123000346,362,60,302
123000352,1189,751,438
123000353,54,149,-95
123000354,517,13,504
123000355,0,679,-679
123000356,407,16,391
123000357,2,158,-156
123000359,15,145,-130
123000360,171,100,71
123000361,343,267,76
123000362,256,85,171
123000363,70,167,-97
123000364,439,495,-56
123000365,22,312,-290
123000366,391,1563,-1172
123000367,592,1231,-639
123000370,32,232,-200
123000371,646,27,619
123000372,351,29,322
123000373,10,244,-234
123000374,18,218,-200
123000375,332,52,280
123000376,884,631,253
123000377,277,22,255
123000378,15,204,-189
123000379,4,324,-320
123000380,39,167,-128
123000381,149,57,92
123000382,1091,148,943
123000383,189,1146,-957
123000384,346,77,269
123000385,249,654,-405
123000436,43,806,-763
123000507,155,296,-141
123000508,224,843,-619
123000517,299,44,255
123000518,36,213,-177
123000519,160,67,93
123000520,45,222,-177
123000521,313,90,223
123000522,134,301,-167
123000541,8,1,7
123000542,0,22,-22
123000565,512,37,475
123000566,241,831,-590
123000567,546,375,171
123000573,56,726,-670
123000574,571,66,505
123000575,1191,1057,134
123000576,595,1439,-844
123000577,71,542,-471
123000578,546,50,496
123000579,3048,4756,-1708
123000580,210,153,57
123000582,293,44,249
123000583,26,279,-253
123000584,145,227,-82
123000585,1,173,-172
123000586,110,0,110
123000596,117,93,24
123000597,50,114,-64
123000602,20,8,12
123000603,554,717,-163
123000604,549,764,-215
123000605,932,12,920
123000606,1,393,-392
123000609,20,293,-273
123000610,151,120,31
123000613,54,219,-165
123000614,241,38,203
123000615,206,171,35
123000616,477,50,427
123000617,141,363,-222
123000618,72,448,-376
123000619,495,76,419
123000620,20,371,-351
123000622,337,25,312
123000624,166,64,102
123000630,1095,451,644
123000631,253,1325,-1072
123000632,984,877,107
123000633,1,393,-392
123000634,56,102,-46
123000635,102,112,-10
123000636,34,480,-446
123000637,212,30,182
123000638,529,43,486
123000639,922,3265,-2343
123000640,31,655,-624
123000648,420,103,317
123000649,112,501,-389
123000650,210,100,110
123000651,51,158,-107
123000652,131,14,117
123000653,29,138,-109
123000654,28,175,-147
123900001,952,38,914
123900002,37,1258,-1221
123900003,451,328,123
123900005,189,159,30
123900006,187,39,148
124000001,1554,98,1456
124000002,60,1351,-1291
124000003,559,108,451
124000004,69,484,-415
124000005,780,283,497
124000006,154,786,-632
124000007,481,128,353
124000008,13,477,-464
124000009,593,284,309
124000010,191,424,-233
124000011,709,327,382
124000012,258,460,-202
124000017,119,168,-49
124000018,83,50,33
124000019,131,169,-38
124000020,50,176,-126
124000021,103,107,-4
124000022,73,192,-119
124000023,708,192,516
124000024,1031,517,514
124000025,688,415,273
124000026,700,427,273
124000027,1376,891,485
124000028,2359,907,1452
124000031,1590,1968,-378
124000032,1896,1106,790
124000033,942,616,326
124000034,550,1384,-834
124000035,310,244,66
124000036,424,742,-318
124000037,556,1105,-549
124000038,42,151,-109
124000039,1047,506,541
124000040,598,1108,-510
124000041,461,106,355
124000042,218,423,-205
124000043,148,128,20
124000044,88,210,-122
124000045,511,444,67
124000046,304,503,-199
124000047,969,685,284
124000048,925,965,-40
124000049,1635,749,886
124000050,864,1481,-617
124000051,926,627,299
124000052,724,983,-259
124000053,508,1459,-951
124000054,987,775,212
124000055,1295,2345,-1050
124000056,1824,1481,343
124000057,902,569,333
124000058,544,1255,-711
124000059,698,1191,-493
124000060,1371,907,464
124000061,1394,4620,-3226
124000062,5253,1964,3289
124000063,1472,1791,-319
124000064,2997,1866,1131
124000065,202,562,-360
124000066,355,154,201
124000067,167,147,20
124000068,54,163,-109
124000069,662,216,446
124000070,252,471,-219
124000071,480,124,356
124000072,264,403,-139
124000073,856,243,613
124000074,290,735,-445
124000075,230,23,207
124000076,22,192,-170
124000077,1531,809,722
124000078,2868,1259,1609
124000079,411,1008,-597
124000080,718,194,524
124000081,302,445,-143
124000082,85,186,-101
124000083,105,107,-2
124000084,123,379,-256
124000085,172,33,139
124000086,64,81,-17
124000087,515,116,399
124000088,191,285,-94
124000089,796,341,455
124000090,127,361,-234
124000091,510,127,383
124000092,116,638,-522
124000093,159,169,-10
124000094,180,421,-241
124000095,84,123,-39
124000096,129,228,-99
124000097,93,185,-92
124000098,104,125,-21
124000099,261,123,138
124000100,94,135,-41
124000101,75,137,-62
124000102,111,71,40
124000103,76,149,-73
124000104,109,65,44
124000105,62,121,-59
124000106,131,66,65
124000107,13,149,-136
124000108,62,33,29
124000109,139,167,-28
124000110,305,122,183
124000111,204,157,47
124000112,610,612,-2
124000113,69,99,-30
124000114,219,457,-238
124000115,443,626,-183
124000116,151,184,-33
124000117,66,82,-16
124000118,45,89,-44
124000119,797,443,354
124000120,467,398,69
124000121,2146,906,1240
124000122,546,1261,-715
124000123,969,453,516
124000124,519,1075,-556
124000125,374,430,-56
124000126,258,612,-354
124000127,707,393,314
124000128,514,913,-399
124000129,1917,1614,303
124000130,709,682,27
124000131,984,603,381
124000132,903,817,86
124000133,740,774,-34
124000134,726,714,12
124000135,1471,1579,-108
124000136,887,1151,-264
124000137,1141,673,468
124000138,1193,1127,66
124000139,1095,127,968
124000140,129,586,-457
124000141,746,43,703
124000142,50,569,-519
124000143,135,20,115
124000144,34,213,-179
124000145,213,49,164
124000146,82,108,-26
124000148,184,164,20
124000149,1411,599,812
124000150,725,605,120
124000151,961,492,469
124000152,796,1169,-373
124000153,1048,838,210
124000154,674,767,-93
124000155,1471,1095,376
124000156,1923,1159,764
124000169,177,348,-171
124000170,515,412,103
124000171,201,189,12
124000172,311,495,-184
124000173,380,180,200
124000174,373,551,-178
124000175,17,97,-80
124000176,57,20,37
124000177,9,46,-37
124000178,80,36,44
124000185,43,11,32
124000186,12,43,-31
124000187,6,89,-83
124000188,48,14,34
124000190,141,41,100
124000191,134,137,-3
124000192,1881,341,1540
124000193,593,772,-179
124000194,435,442,-7
124000195,229,557,-328
124000196,1390,1297,93
124000197,64,56,8
124000198,22,53,-31
124000201,325,919,-594
124000202,625,368,257
124000203,993,625,368
124000204,743,363,380
124000205,313,490,-177
124000206,1193,328,865
124000207,1,67,-66
124000209,178,301,-123
124000210,533,178,355
124000211,563,1,562
124000212,2,399,-397
124000213,465,306,159
124000214,313,405,-92
124000215,329,31,298
124000216,1,406,-405
124000329,206,1490,-1284
124000338,138,641,-503
124000339,812,255,557
124000341,1176,469,707
124000344,71,21,50
124000357,1452,2889,-1437
124000358,1323,2399,-1076
124000359,983,830,153
124000360,709,648,61
124000361,1658,599,1059
124000362,990,1212,-222
124000363,318,394,-76
124000364,655,888,-233
124000365,759,1156,-397
124000366,1882,1639,243
124000367,175,373,-198
124000368,442,345,97
124000369,115,133,-18
124000370,52,488,-436
124000402,43,22,21
124000403,135,58,77
124000404,17,131,-114
124000405,955,798,157
124000406,710,847,-137
124000407,8,67,-59
124000411,5,274,-269
124000412,413,18,395
124000413,324,37,287
124000414,84,142,-58
124000415,60,131,-71
124000416,147,222,-75
124000417,137,132,5
124000418,150,104,46
124000419,79,104,-25
124000420,43,70,-27
124000421,42,140,-98
124000422,32,18,14
124000423,129,39,90
124000424,8,126,-118
124000425,115,19,96
124000426,11,195,-184
124000427,165,9,156
124000428,16,52,-36
124000429,73,58,15
124000430,596,364,232
124000431,303,413,-110
124000432,192,734,-542
124000439,44,11,33
124000443,0,0,0
124000445,679,979,-300
124000446,1569,142,1427
124000447,18,143,-125
124000448,84,14,70
124000449,149,43,106
124000450,37,193,-156
124000451,8,145,-137
124000452,371,68,303
124000453,2241,3484,-1243
124000454,2747,4832,-2085
124000457,3,87,-84
124000458,9,147,-138
124900001,455,466,-11
124900002,127,275,-148
124900003,911,645,266
124900004,476,341,135
124900005,229,153,76
124900006,672,364,308
124900008,1440,568,872
124900009,165,311,-146
124900010,177,144,33
124900011,434,253,181
124900012,328,245,83
124900013,381,191,190
124900014,642,74,568
124900015,105,275,-170
124900016,49,39,10
124900017,694,1236,-542
124900018,49,13,36
124900020,108,43,65
124900021,308,37,271
124900022,98,12,86
124900024,271,12,259
124900026,150,7,143
124900027,95,357,-262
124900028,386,72,314
124900029,17,496,-479
124900030,9,108,-99
124900031,39,282,-243
124900032,206,239,-33
124900033,205,239,-34
124900034,11,110,-99
124900035,154,344,-190
124900036,1,56,-55
124900037,211,220,-9
124900038,229,356,-127
124900039,3,71,-68
124900040,123,105,18
124900041,230,958,-728
124900042,144,4,140
124900043,546,928,-382
124900044,57,2,55
124900045,591,1008,-417
124900047,143,193,-50
124900048,153,110,43
124900050,151,252,-101
124900052,121,392,-271
124900053,243,336,-93
124900054,1403,451,952
124900055,0,223,-223
124900057,19,139,-120
124900060,76,194,-118
124900061,68,11,57
124900062,362,53,309
124900066,0,18,-18
124900067,11,126,-115
124900068,254,392,-138
124900070,89,29,60
124900072,119,67,52
124900075,179,236,-57
124900076,47,1031,-984
124900077,40,129,-89
124900078,75,14,61
124900079,672,142,530
124900080,229,581,-352
124900081,853,498,355
124900082,368,941,-573
124900083,241,496,-255
124900085,1221,286,935
124900086,75,1120,-1045
124900087,597,93,504
124900088,547,102,445
124900089,1289,33,1256
124900090,214,215,-1
124900091,241,452,-211
124900092,222,267,-45
124900093,267,217,50
124900094,293,285,8
124900095,65,347,-282
124900096,402,236,166
124900097,287,86,201
124900098,134,315,-181
124900099,464,382,82
124900100,327,80,247
124900101,86,609,-523
124900102,168,15,153
124900103,144,191,-47
124900104,89,179,-90
124900105,93,139,-46
124900106,270,60,210
124900107,89,9,80
124900108,173,78,95
124900111,2,102,-100
124900112,78,451,-373
124900113,167,272,-105
124900114,173,156,17
124900115,267,42,225
124900116,180,101,79
124900117,333,121,212
124900118,172,256,-84
124900119,331,332,-1
124900120,65,355,-290
124900121,152,312,-160
124900122,293,225,68
124900123,289,167,122
124900124,128,388,-260
124900125,249,2,247
124900126,0,174,-174
204000001,111,11,100
204000002,28,16,12
204000003,19,3,16
204000004,10,4,6
204000005,710,617,93
204000006,1259,1233,26
204000011,18,40,-22
204000012,90,117,-27
204000019,646,498,148
204000020,581,753,-172
204000021,1844,735,1109
204000022,709,463,246
204000023,490,885,-395
204000031,238,16,222
204000032,770,27,743
204000034,35,172,-137
204000035,0,5,-5
204000036,9,18,-9
204000037,2,24,-22
204000038,2,21,-19
204000039,8,12,-4
204000040,2,17,-15
204000041,5,24,-19
204000042,35,7,28
204000043,27,2,25
204000044,31,5,26
204000045,25,3,22
204000046,16,5,11
204000057,1,14,-13
204000062,23,77,-54
204000068,21,287,-266
204000069,40,350,-310
204000070,125,66,59
204000080,113,88,25
204000085,2257,2023,234
204000086,2740,2094,646
204000087,45,10,35
204000088,9,136,-127
204000090,83,269,-186
204000093,318,70,248
204000096,706,1038,-332
204000097,422,38,384
204000099,1190,1252,-62
204000100,1249,1969,-720
204000105,2194,1462,732
204000110,584,1439,-855
204000111,472,817,-345
204000112,1940,847,1093
204000113,410,810,-400
204000114,772,754,18
204000115,595,419,176
204000116,2439,782,1657
204000119,1832,2580,-748
204000132,738,405,333
204000133,744,394,350
204000134,246,156,90
204000135,810,118,692
204000136,691,277,414
204000138,416,552,-136
204000140,234,189,45
204000141,154,76,78
204000144,34,32,2
204000145,438,35,403
204000146,19,334,-315
204000147,60,196,-136
204000148,371,29,342
204000154,5,7,-2
204000155,0,5,-5
204000177,85,46,39
204000179,32,11,21
204000180,0,43,-43
204000222,1,9,-8
204000235,27,15,12
204000236,78,285,-207
204000238,18,38,-20
204000240,357,162,195
204000263,679,1007,-328
204000268,1048,715,333
204000308,223,33,190
204000317,13,90,-77
204000322,30,51,-21
204000323,18,17,1
204000328,206,103,103
204000329,101,188,-87
204000330,189,89,100
204000331,124,167,-43
205000001,965,1758,-793
205000013,5,70,-65
205000014,15,69,-54
205000015,22,171,-149
205000016,56,151,-95
205000017,17,97,-80
205000022,344,819,-475
205000025,1400,1220,180
205000029,206,9,197
205000045,131,311,-180
205000046,135,584,-449
205000047,38,467,-429
205000048,396,1196,-800
205000049,210,826,-616
205000050,843,361,482
205000059,2,196,-194
205000060,0,91,-91
205000061,2,56,-54
205000062,0,73,-73
205000063,28,71,-43
205000064,20,105,-85
205000065,38,532,-494
205000066,98,731,-633
205000067,27,860,-833
205000069,194,20,174
205000082,127,141,-14
205000110,86,304,-218
205000111,173,279,-106
205000112,200,162,38
205000113,200,353,-153
205000121,198,55,143
205000123,36,183,-147
205000126,412,92,320
205000127,863,207,656
205000128,498,96,402
205000129,549,89,460
205000130,295,41,254
205000131,181,11,170
205000132,360,2,358
205000133,212,0,212
205000134,272,1,271
205000137,45,134,-89
205000138,135,289,-154
205000139,29,112,-83
205000144,111,77,34
205000145,365,125,240
205000151,121,27,94
205000152,185,29,156
205000153,241,32,209
205000154,84,60,24
205000155,105,13,92
205000207,17,211,-194
205000233,37,0,37
205000234,0,0,0
205000243,0,1,-1
205000244,0,6,-6
205000245,8,184,-176
205000249,0,30,-30
205000250,5,0,5
205000264,2,88,-86
206000027,13,2,11
206000028,6,2,4
206000043,19,46,-27
206000053,5,4,1
206000054,4,16,-12
206000055,0,13,-13
206000075,0,18,-18
206000076,15,19,-4
206000077,27,5,22
206000078,44,8,36
206000079,4,10,-6
206000082,347,41,306
206000100,45,352,-307
206000103,5,11,-6
206000104,10,25,-15
206000105,6,10,-4
206000106,8,10,-2
206000125,51,0,51
206000157,60,479,-419
206000170,0,145,-145
206000171,6,164,-158
206000172,8,336,-328
206000173,1,202,-201
206000174,8,90,-82
206000175,2,95,-93
206000176,11,150,-139
206000177,0,127,-127
206000178,3,143,-140
206000179,9,87,-78
206000180,11,101,-90
206000181,8,117,-109
206000182,20,154,-134
206000183,10,449,-439
206000184,4,224,-220
206000185,2,149,-147
206000186,89,923,-834
206000223,6,182,-176
206000226,22,3,19
206000227,20,5,15
206000237,27,311,-284
206000238,32,508,-476
206000239,262,1724,-1462
206000240,1,56,-55
206000241,0,54,-54
206000242,9,199,-190
206000243,7,161,-154
206000244,41,502,-461
206000245,596,41,555
206000246,191,6,185
206000247,140,5,135
206000248,280,13,267
206000252,106,33,73
206000258,25,24,1
206000315,23,3,20
206000317,519,90,429
206000318,404,53,351
206000319,1025,67,958
206000320,129,23,106
206000321,149,12,137
206000322,339,10,329
206000323,110,11,99
206000324,107,4,103
206000325,129,11,118
206000326,141,16,125
206000327,358,8,350
206000328,125,3,122
206000329,207,4,203
206000330,48,3,45
206000331,175,1,174
206000332,42,4,38
206000333,402,2,400
206000334,187,0,187
206000335,0,17,-17
206000361,6,212,-206
206000392,6,20,-14
206000405,103,0,103
206000441,23,16,7
206000498,26,2,24
206000515,82,33,49
206000530,220,61,159
206000531,199,134,65
206000532,1463,267,1196
206000535,236,1655,-1419
206000536,18,172,-154
206000537,25,133,-108
206000613,1247,206,1041
206000784,460,44,416
207000001,210,487,-277
207000002,88,323,-235
207000003,126,154,-28
207000007,947,253,694
207000008,93,25,68
207000009,71,65,6
207000010,396,397,-1
207000012,288,251,37
207000015,261,1078,-817
207000019,201,67,134
207000021,473,162,311
207000022,173,98,75
207000023,161,35,126
207000024,5,13,-8
207000025,13,79,-66
207000026,117,46,71
207000027,26,63,-37
207000028,61,153,-92
207000029,170,395,-225
207000033,243,354,-111
207000034,293,69,224
207000039,299,120,179
207000040,254,118,136
207000041,139,54,85
207000042,173,81,92
207000043,328,206,122
207000051,118,248,-130
207000052,116,142,-26
207000053,410,558,-148
207000054,61,129,-68
207000055,175,150,25
207000056,348,342,6
207000057,127,281,-154
207000058,189,290,-101
207000059,123,513,-390
207000060,76,195,-119
207000061,248,469,-221
207000062,251,44,207
207000063,294,142,152
207000064,415,157,258
207000065,379,191,188
207000066,208,121,87
207000067,47,80,-33
207000068,154,68,86
207000069,603,294,309
207000082,13,218,-205
207000083,86,249,-163
207000084,186,259,-73
207000085,210,22,188
207000086,135,3,132
207000106,24,40,-16
207000107,62,21,41
207000108,53,10,43
207000109,85,15,70
207000110,113,76,37
207000111,55,92,-37
207000112,148,478,-330
207000114,25,41,-16
207000115,26,74,-48
207000116,24,264,-240
207000117,11,105,-94
207000118,3,64,-61
207000119,32,72,-40
207000123,174,16,158
207000124,51,21,30
207000125,62,47,15
207000126,44,43,1
207000134,119,165,-46
207000135,23,234,-211
207000148,69,357,-288
207000149,72,51,21
207000152,133,322,-189
207000153,934,1127,-193
207000154,388,172,216
207000159,92,176,-84
207000160,163,390,-227
207000238,1,255,-254
207000242,2,196,-194
207000248,74,26,48
207000249,174,40,134
207000250,662,67,595
207000251,105,47,58
207000252,233,59,174
207000278,69,105,-36
207000279,19,156,-137
207000280,557,79,478
207000281,109,964,-855
207000282,210,83,127
207000283,145,232,-87
207000284,79,199,-120
207000285,129,67,62
207000291,28,108,-80
207000304,88,59,29
207000306,86,407,-321
207000310,54,102,-48
207000353,328,3,325
207000356,33,22,11
207000357,32,14,18
207000358,11,17,-6
207000415,8,263,-255
207000417,31,6,25
207000418,119,128,-9
207000438,0,4,-4
207000439,965,638,327
207000446,147,9,138
207000460,21,11,10
207000466,223,127,96
207000467,213,116,97
207000468,52,371,-319
207000476,8,51,-43
207000477,533,58,475
207000478,5,34,-29
207000523,0,6,-6
207000524,124,0,124
207000527,119,135,-16
207000530,464,13,451
207000531,243,7,236
207000532,172,23,149
207000534,414,65,349
207000535,46,261,-215
207000537,206,143,63
207000540,5,180,-175
207000541,4,358,-354
207000548,8,276,-268
207000549,280,20,260
207000561,127,159,-32
207000562,49,198,-149
207000567,203,245,-42
207000568,206,68,138
207000569,494,846,-352
207000584,288,156,132
207000585,68,244,-176
207000587,162,30,132
207000616,0,159,-159
207000617,137,1,136
207000624,77,39,38
207000631,13,82,-69
207900008,286,141,145
208000001,659,968,-309
208000002,860,491,369
208000003,1140,451,689
208000004,1661,697,964
208000005,13,19,-6
208000019,487,1122,-635
208000020,136,562,-426
208000021,272,351,-79
208000022,993,548,445
208000028,1689,1028,661
208000033,671,760,-89
208000034,1002,1383,-381
208000037,254,7,247
208000040,129,196,-67
208000041,810,582,228
208000042,1481,737,744
208000047,143,319,-176
208000064,2257,1579,678
208000066,1675,2268,-593
208000070,319,405,-86
208000071,332,856,-524
208000072,321,1236,-915
208000080,286,372,-86
208000081,363,180,183
208000082,329,284,45
208000083,140,442,-302
208000084,15,21,-6
208000085,1013,748,265
208000086,502,1173,-671
208000087,315,875,-560
208000089,975,338,637
208000090,873,671,202
208000093,207,192,15
208000094,1154,391,763
208000095,635,397,238
208000104,819,997,-178
208000105,785,1047,-262
208000114,99,285,-186
208000115,420,407,13
208000116,487,964,-477
208000117,201,204,-3
208000118,121,126,-5
208000155,642,1021,-379
208000158,1438,3238,-1800
208000186,3770,3976,-206
208000204,547,878,-331
208000205,1277,947,330
208000282,5781,2719,3062
209000004,677,166,511
209000005,85,43,42
209000006,461,155,306
209000007,230,263,-33
209000010,409,144,265
209000011,166,244,-78
209000012,181,128,53
209000013,243,321,-78
209000014,633,830,-197
209000025,300,40,260
209000026,633,147,486
209000027,583,813,-230
209000028,465,623,-158
209000029,571,623,-52
209000030,649,994,-345
209000031,2213,1804,409
209000034,170,225,-55
209000035,118,140,-22
209000036,152,136,16
209000037,262,262,0
209000038,135,200,-65
209000039,94,154,-60
209000040,223,492,-269
209000041,150,468,-318
209000042,241,415,-174
209000043,616,907,-291
209000044,202,690,-488
209000045,1605,623,982
209000046,580,977,-397
209000047,442,231,211
209000048,562,315,247
209000049,97,132,-35
209000050,229,155,74
209000051,336,306,30
209000052,171,311,-140
209000062,52,91,-39
209000063,48,74,-26
209000064,55,73,-18
209000065,60,36,24
209000066,55,51,4
209000067,79,58,21
209000080,32,252,-220
209000082,76,42,34
209000091,35,100,-65
209000093,47,10,37
209000094,211,167,44
209000110,21,120,-99
209000111,373,1291,-918
209000112,721,1165,-444
209000113,1192,1072,120
209000114,497,546,-49
209000115,91,161,-70
209000116,638,424,214
209000118,31,47,-16
209000119,29,12,17
209000121,143,417,-274
209000135,74,186,-112
209000142,588,1180,-592
209000143,88,69,19
209000144,32,99,-67
209000229,289,293,-4
209000240,75,319,-244
209000259,132,124,8
209000260,33,723,-690
209000261,3,413,-410
209000262,1,355,-354
209000263,0,145,-145
209000264,1,82,-81
209000265,1161,18,1143
209000266,478,2,476
209000267,809,17,792
209000268,486,66,420
210000037,63,28,35
210000047,98,40,58
210000048,101,18,83
210000049,56,12,44
210000052,45,73,-28
210000053,52,46,6
210000054,78,60,18
210000070,140,7,133
210000071,88,0,88
210000072,47,0,47
210000073,0,30,-30
210000074,0,101,-101
210000075,0,98,-98
210000076,16,138,-122
210000077,19,56,-37
210000078,35,38,-3
210000079,15,25,-10
210000080,147,66,81
210000081,204,23,181
210000082,188,1,187
210000083,71,0,71
210000084,39,0,39
210000085,1,63,-62
210000086,1,107,-106
210000099,25,230,-205
210000100,34,204,-170
210000101,67,187,-120
210000105,38,165,-127
210000159,1,135,-134
210000163,123,182,-59
210000164,219,109,110
210000168,174,47,127
210000187,0,11,-11
210000188,1,26,-25
210000214,53,0,53
210000219,21,40,-19
210000220,70,37,33
210000232,5,23,-18
210000233,72,56,16
210000234,14,114,-100
210000235,32,72,-40
210000245,2,18,-16
210000246,17,2,15
210000258,10,98,-88
210000259,417,66,351
210000282,113,206,-93
210000285,1,124,-123
210000286,21,174,-153
210000290,7,19,-12
210000295,54,128,-74
210000296,36,27,9
210000320,131,72,59
210000321,108,66,42
210000338,46,65,-19
210000339,312,1083,-771
210000340,123,312,-189
210000341,225,215,10
210000342,201,169,32
210000343,168,177,-9
210000344,274,94,180
210000345,188,175,13
210000346,68,79,-11
210000347,64,35,29
210000348,127,10,117
210000349,79,12,67
210000350,102,47,55
210000351,120,110,10
210000352,46,60,-14
210000353,38,109,-71
210000354,86,66,20
210000355,43,83,-40
210000356,33,64,-31
210000357,55,26,29
210000358,215,99,116
210000359,73,72,1
210000360,146,109,37
210000361,142,114,28
210000362,170,215,-45
210000363,783,226,557
210000364,113,141,-28
210000365,137,64,73
210000366,123,70,53
210000367,97,35,62
210000368,107,30,77
210000369,13,22,-9
210000370,55,36,19
210000372,23,41,-18
210000373,41,17,24
210000374,58,10,48
210000375,40,67,-27
210000376,71,105,-34
210000404,59,120,-61
210000439,20,51,-31
210000472,100,4,96
210000482,89,72,17
210000564,301,240,61
210000567,0,40,-40
210000568,311,1,310
211000092,65,37,28
211000094,36,17,19
211000169,247,17,230
211000172,9,247,-238
211000209,2,18,-16
211000226,16,55,-39
211000270,63,15,48
211000275,15,17,-2
211000276,70,25,45
211000279,37,28,9
211000281,82,28,54
211000302,49,70,-21
211507980,1,36,-35
211977296,62,3,59
212000003,114,43,71
212000004,41,23,18
212000005,25,15,10
212000006,40,56,-16
212000008,166,173,-7
212000009,26,80,-54
212000012,89,67,22
212000013,40,66,-26
212000014,238,164,74
212000015,296,231,65
212000016,398,543,-145
212000027,480,450,30
212000028,282,354,-72
212000029,207,245,-38
212000030,70,32,38
212000031,67,55,12
212000048,57,143,-86
212000049,22,111,-89
212000050,31,9,22
212000051,157,197,-40
212000052,142,277,-135
212000053,408,600,-192
212000054,184,109,75
212000055,190,228,-38
212000056,13,39,-26
212000057,10,37,-27
212000058,214,38,176
212000070,91,190,-99
212000077,107,602,-495
212000099,178,250,-72
212000108,149,150,-1
212000111,165,119,46
212000120,105,106,-1
212000138,118,23,95
212000156,17,102,-85
212000158,18,10,8
212000159,325,47,278
212000160,455,261,194
212000161,69,16,53
212000310,63,20,43
212000311,11,57,-46
212000374,47,13,34
213000001,25,341,-316
213000005,295,136,159
213000006,892,310,582
213000007,188,14,174
213000009,722,520,202
213000010,154,300,-146
213000011,193,100,93
213000014,97,12,85
213000015,220,12,208
213000016,465,3,462
213000017,105,0,105
213000018,2,185,-183
213000019,0,149,-149
213000020,109,383,-274
213000021,4,116,-112
213000023,280,168,112
213000033,317,1526,-1209
213000034,746,250,496
213000035,123,265,-142
213000045,147,233,-86
213000046,227,185,42
213000047,822,1217,-395
213000056,248,28,220
213000069,117,7,110
213000073,2,41,-39
213000074,66,257,-191
213000075,550,9,541
213000076,41,1,40
213000085,7,61,-54
213000086,27,170,-143
213000091,137,14,123
213000092,83,13,70
213000099,205,1151,-946
213000100,1046,229,817
213000101,319,111,208
213000102,411,229,182
213000103,706,727,-21
213000104,67,319,-252
213000105,2,71,-69
213000106,33,164,-131
213000107,140,373,-233
213000108,12,174,-162
213000109,30,414,-384
213000110,12,165,-153
213000111,17,64,-47
213000112,56,40,16
213000115,65,14,51
213000116,62,362,-300
213000117,6,667,-661
213000118,295,207,88
213000119,50,393,-343
213000120,127,325,-198
213000122,139,652,-513
213000123,357,1255,-898
213000124,130,1205,-1075
213000125,91,19,72
213000126,47,148,-101
213000127,145,200,-55
213000128,438,978,-540
213000129,265,494,-229
213000130,421,260,161
213000132,289,82,207
213000133,437,97,340
213000134,677,37,640
213000136,494,28,466
213000137,538,93,445
213000139,430,35,395
213000147,81,11,70
213000148,19,3,16
213000149,54,8,46
213000150,0,112,-112
213000151,9,103,-94
213000152,10,94,-84
213000153,5,100,-95
213000154,71,278,-207
213000155,37,185,-148
213000156,113,550,-437
213000157,558,423,135
213000158,256,776,-520
213000159,442,506,-64
213000163,745,98,647
213000165,624,232,392
213000171,47,144,-97
213000172,31,336,-305
213000173,16,161,-145
213000174,2,95,-93
213000175,39,35,4
213000176,11,147,-136
213000177,17,22,-5
213000178,81,23,58
213000179,206,66,140
213000180,201,68,133
213000184,46,97,-51
213000188,299,110,189
213000189,269,59,210
213000190,814,842,-28
213000191,284,395,-111
213000192,264,407,-143
213000193,940,349,591
213000194,4,83,-79
213000195,15,435,-420
213000196,266,1123,-857
213000197,343,608,-265
213000198,56,1,55
213000200,176,1278,-1102
213000201,129,117,12
213000202,8,783,-775
213000203,3272,685,2587
213000204,582,88,494
213000205,237,90,147
213000206,480,64,416
213000207,198,13,185
213000208,164,1,163
213000209,160,1,159
213000210,526,1,525
213000211,5,8,-3
213000212,22,32,-10
213000213,19,42,-23
213000218,214,549,-335
213000219,387,23,364
213000220,355,17,338
213000223,210,215,-5
213000224,33,72,-39
213000225,114,11,103
213000226,80,22,58
213000227,760,247,513
213000228,458,117,341
213000229,410,52,358
213000230,517,33,484
213000232,69,733,-664
213000233,7,102,-95
213000234,21,44,-23
213000293,31,60,-29
213000294,165,24,141
213000295,40,71,-31
213000296,56,21,35
213000297,12,53,-41
213000298,53,103,-50
213000299,82,56,26
213000300,48,9,39
213000303,14,48,-34
213000304,7,14,-7
213000305,29,15,14
213000306,50,40,10
213000307,145,83,62
213000308,155,195,-40
213000309,141,70,71
213000310,413,177,236
213000311,461,788,-327
213000315,75,108,-33
213000316,147,84,63
213000322,47,40,7
213000323,19,34,-15
213000340,194,835,-641
213000341,417,125,292
213000346,266,234,32
213000347,795,330,465
213000348,23,91,-68
213000349,30,21,9
213000350,664,1251,-587
213000366,54,281,-227
213000367,306,53,253
213000379,144,63,81
213000386,37,454,-417
213000406,92,458,-366
213000417,1058,420,638
213000425,117,33,84
213000426,97,62,35
213000427,60,185,-125
213000428,38,176,-138
213000429,26,2,24
213000430,111,637,-526
213000431,286,5,281
213000432,5,108,-103
213000433,25,130,-105
213000434,70,81,-11
213000435,78,88,-10
213000439,50,28,22
213000441,3,2,1
213000443,549,355,194
213000445,0,72,-72
213000446,2,152,-150
213000447,1,55,-54
213000448,5,102,-97
213000449,234,4,230
213000450,17,36,-19
213000451,200,65,135
213000452,15,9,6
213000453,40,276,-236
213000455,505,19,486
213000456,2,297,-295
213000481,51,6,45
213000482,92,2,90
213000489,423,64,359
213000491,3,225,-222
213000492,263,1,262
213000493,1,120,-119
213000494,176,99,77
213000495,2,71,-69
213000496,292,137,155
213000497,88,413,-325
213000498,78,211,-133
213000499,150,355,-205
213000500,300,76,224
213000501,102,25,77
213000502,230,96,134
213000504,69,204,-135
213000505,32,39,-7
213000506,0,13,-13
213000507,28,230,-202
213900244,27,0,27
213900245,0,48,-48
218000003,19,47,-28
218000004,53,26,27
218000005,307,54,253
218000006,47,27,20
218000007,15,15,0
218000012,209,158,51
218000013,153,148,5
218000014,406,458,-52
218000019,810,621,189
218000020,288,419,-131
218000040,7,4,3
218000046,30,86,-56
218000047,12,111,-99
218000048,36,95,-59
218000049,78,92,-14
218000050,307,226,81
218000051,54,248,-194
218000052,2,109,-107
218000053,5,15,-10
218000054,13,23,-10
218000055,2,13,-11
218000056,8,19,-11
218000057,0,28,-28
218000064,4,19,-15
218000065,83,51,32
218000066,25,57,-32
218000067,37,89,-52
218000068,108,63,45
218000069,247,137,110
218000070,256,206,50
218000071,168,169,-1
218000072,260,158,102
218000078,729,781,-52
218000079,82,78,4
218000080,95,72,23
218000081,295,241,54
218000082,44,95,-51
218000083,47,48,-1
218000084,94,101,-7
218000085,135,291,-156
218000086,78,153,-75
218000087,205,192,13
218000090,9,162,-153
218000091,834,511,323
218000092,65,176,-111
218000093,86,57,29
218000094,493,710,-217
218000099,276,680,-404
218000100,294,272,22
218000101,317,117,200
218000102,384,240,144
218000103,98,119,-21
218000104,70,37,33
218000105,30,15,15
218000106,18,14,4
218000107,57,77,-20
218000108,9,50,-41
218000112,57,24,33
218000117,64,38,26
218000134,438,574,-136
218000135,20,69,-49
218000136,187,107,80
218000137,224,157,67
218000138,22,114,-92
218000139,155,372,-217
218000140,340,236,104
218000141,72,65,7
218000142,234,196,38
218000143,88,238,-150
218000144,84,83,1
218000145,311,330,-19
218000146,67,163,-96
218000151,13,23,-10
218000152,89,63,26
218000170,9,32,-23
218000171,26,7,19
218000172,21,9,12
218000173,71,11,60
218000174,20,9,11
218000176,166,20,146
218000177,231,258,-27
218000178,84,183,-99
218000179,100,64,36
218000180,72,30,42
218000181,152,40,112
218000187,16,17,-1
218000188,33,47,-14
218000189,22,62,-40
218000190,11,6,5
218000191,128,59,69
218000192,135,205,-70
218000193,358,338,20
218000194,65,255,-190
218000195,69,69,0
218000196,273,305,-32
218000197,264,316,-52
218000198,37,176,-139
218000199,52,55,-3
218000200,95,30,65
218000201,19,25,-6
218000202,92,251,-159
218000207,6,31,-25
218000208,57,27,30
218000211,53,16,37
218000213,74,49,25
218000214,7,16,-9
218000215,38,71,-33
218000217,4,93,-89
218000218,100,28,72
218000219,28,10,18
218000220,131,259,-128
218000221,702,181,521
218000222,19,30,-11
218000223,30,221,-191
218000224,8,86,-78
218000225,135,12,123
218000226,122,45,77
218000232,38,78,-40
218000239,317,31,286
218000240,47,3,44
218000241,89,1,88
218000242,102,2,100
218000243,234,2,232
218000244,98,10,88
218000245,30,1,29
218000246,6,3,3
218000247,2,0,2
218000248,1,19,-18
218000249,0,0,0
218000250,0,5,-5
218000251,3,15,-12
218000252,6,36,-30
218000253,4,24,-20
218000254,4,16,-12
218000255,0,23,-23
218000256,8,104,-96
218000267,663,1111,-448
218000268,11,49,-38
218000269,4,18,-14
218000270,107,54,53
218000271,10,64,-54
218000273,8,6,2
218000274,15,10,5
218000275,32,62,-30
218000276,18,60,-42
218000278,21,39,-18
218000279,104,77,27
218000280,8,48,-40
218000281,19,16,3
218000282,465,406,59
218000284,72,7,65
218000301,86,120,-34
218000302,102,38,64
218000303,60,50,10
218000316,682,1106,-424
218000317,934,1095,-161
218000318,551,879,-328
218000319,905,984,-79
218000320,743,630,113
218000338,62,25,37
218000345,103,74,29
218000346,40,154,-114
218000459,32,190,-158
218000490,58,29,29
218000501,82,163,-81
218000502,31,72,-41
218000503,92,48,44
218000504,164,50,114
218000505,42,168,-126
218000506,36,361,-325
218000508,9,8,1
218000510,175,9,166
218000520,127,101,26
218000521,21,54,-33
218000522,0,138,-138
218000523,106,5,101
218000524,75,19,56
218000525,100,18,82
218000526,59,143,-84
218000529,37,150,-113
218000531,6,20,-14
218000532,17,25,-8
218000534,124,35,89
218000537,32,50,-18
218000538,223,215,8
218000540,302,45,257
218000543,126,29,97
218000544,69,95,-26
218000545,46,59,-13
218000546,46,76,-30
218000547,95,108,-13
218000548,186,75,111
218000549,324,324,0
218000550,221,294,-73
218000551,141,1042,-901
218000552,427,38,389
218000553,56,83,-27
218000554,49,24,25
218000555,63,45,18
218000556,195,207,-12
218000557,239,175,64
218000558,44,4,40
218000559,0,5,-5
218000560,0,18,-18
218000561,54,0,54
218000562,44,96,-52
218000563,232,17,215
218000564,3,221,-218
218000565,273,21,252
218000566,472,23,449
218000568,35,5,30
218000569,13,126,-113
218000570,158,9,149
218000571,2,114,-112
218000572,154,2,152
218000573,33,224,-191
218000574,160,59,101
218000575,93,0,93
218000576,3,41,-38
218000577,102,2,100
218000578,1,87,-86
218000579,69,15,54
218000581,5,58,-53
218000582,45,14,31
218000583,4,2,2
218000584,0,13,-13
218000585,34,4,30
218000586,9,59,-50
218000587,8,9,-1
218000588,10,8,2
218000589,1,4,-3
218000590,7,0,7
218000591,2,1,1
218000592,27,0,27
218000593,24,2,22
218000594,9,1,8
218000597,7,2,5
218000598,1,0,1
218000599,11,0,11
218000600,10,1,9
218000601,2,1,1
218000602,3,13,-10
218000603,0,3,-3
218000604,27,12,15
218000605,1,88,-87
218000606,252,2,250
218000607,10,51,-41
218000608,62,13,49
218000609,7,66,-59
218000610,55,2,53
218000611,34,2,32
218000612,1,26,-25
218000613,37,1,36
218000614,0,30,-30
218000615,115,0,115
218000616,8,127,-119
218000617,28,2,26
218000618,0,17,-17
218000619,27,35,-8
218000620,3,13,-10
218000621,0,1,-1
218000622,0,12,-12
218000623,231,2,229
218000624,11,33,-22
218000625,10,0,10
218000626,2,6,-4
218000628,178,45,133
218000631,50,22,28
218000632,4,227,-223
218000633,159,1,158
218000634,13,11,2
218000635,27,8,19
218000636,802,1180,-378
218000637,875,556,319
218000638,133,22,111
218000639,13,171,-158
218000640,205,37,168
218000641,124,261,-137
218000652,49,76,-27
218000653,143,21,122
218000663,2,277,-275
218000675,149,40,109
218000680,250,445,-195
218000681,386,169,217
218000691,232,266,-34
218000693,214,146,68
218000718,591,1105,-514
218000719,951,618,333
218000720,31,391,-360
218000721,339,28,311
218001147,6,273,-267
218001214,10,55,-45
218001258,247,9,238
218001329,174,134,40
218001330,201,111,90
218001351,23,36,-13
218001352,13,25,-12
218001353,29,22,7
218001354,9,22,-13
218001355,40,263,-223
218001356,323,37,286
218001357,65,186,-121
218001358,305,29,276
218001361,360,10,350
218001362,2,241,-239
219000001,59,44,15
219000002,52,50,2
219000003,48,26,22
219000004,43,53,-10
219000017,132,27,105
219000020,116,219,-103
219000022,121,19,102
219000023,401,4,397
219000029,0,94,-94
219000034,59,15,44
219000039,148,115,33
219000040,53,53,0
219000041,102,25,77
219000051,0,43,-43
219000052,0,30,-30
219000053,0,112,-112
219000055,212,2,210
219000056,13,2,11
219000057,52,0,52
219000062,26,55,-29
219000063,114,9,105
219000064,1,72,-71
219000110,579,71,508
219000111,250,35,215
219000112,179,78,101
219000113,129,162,-33
219000114,207,405,-198
219000116,83,50,33
219000117,138,66,72
219000118,523,55,468
219000123,273,88,185
219000124,118,54,64
219000125,23,29,-6
219000126,93,114,-21
219000127,1,1,0
219000128,18,111,-93
219000129,31,128,-97
219000130,486,459,27
219000131,747,793,-46
219000133,78,43,35
219000134,19,23,-4
219000135,47,46,1
219000136,80,222,-142
219000138,70,23,47
219000139,43,48,-5
219000140,49,1,48
219000141,9,120,-111
219000142,16,92,-76
219000143,18,94,-76
219000145,24,35,-11
219000146,2,26,-24
219000147,2,17,-15
219000148,7,16,-9
219000149,10,62,-52
219000150,3,56,-53
219000151,2,30,-28
219000157,221,196,25
219000158,304,239,65
219000161,100,21,79
219000163,1540,681,859
219000166,299,208,91
219000167,150,174,-24
219000168,274,165,109
219000174,413,101,312
219000175,62,5,57
219000176,80,5,75
219000177,33,8,25
219000178,46,2,44
219000179,17,3,14
219000180,46,36,10
219000182,168,17,151
219000183,95,32,63
219000184,120,5,115
219000185,1,47,-46
219000186,72,64,8
219000187,44,65,-21
219000189,103,160,-57
219000190,98,234,-136
219000191,1062,967,95
219000192,208,115,93
219000193,279,148,131
219000195,1,70,-69
219000196,9,130,-121
219000198,19,124,-105
219000199,64,210,-146
219000200,69,208,-139
219000201,81,228,-147
219000203,33,158,-125
219000204,244,194,50
219000205,76,136,-60
219000207,156,235,-79
219000209,38,75,-37
219000210,61,83,-22
219000213,15,136,-121
219000239,225,305,-80
219000240,229,296,-67
219000241,154,131,23
219000242,133,171,-38
219000243,107,166,-59
219000244,21,79,-58
219000245,64,52,12
219000246,81,34,47
219000247,146,29,117
219000248,504,399,105
219000249,146,135,11
219000250,141,114,27
219000251,541,251,290
219000252,275,183,92
219000253,637,119,518
219000255,112,90,22
219000256,246,121,125
219000257,115,0,115
219000262,226,157,69
219000263,67,173,-106
219000267,2,97,-95
219000268,1,4,-3
219000269,8,2,6
219000270,15,0,15
219000271,154,1,153
219000278,10,11,-1
219000279,2,1,1
219000283,0,5,-5
219000295,12,100,-88
219000296,52,457,-405
219000297,16,161,-145
219000298,11,127,-116
219000299,414,113,301
219000300,47,202,-155
219000301,307,392,-85
219000302,43,334,-291
219000307,55,36,19
219000308,55,54,1
219000311,208,59,149
219000312,738,199,539
219000313,408,71,337
219000314,50,439,-389
219000315,230,67,163
219000316,457,54,403
219000317,116,14,102
219000320,5,82,-77
219000321,0,29,-29
219000323,4,42,-38
219000325,2,18,-16
219000326,80,76,4
219000327,47,49,-2
219000328,43,38,5
219000329,345,93,252
219000330,41,24,17
219000331,75,45,30
219000332,100,98,2
219000333,17,4,13
219000335,43,2,41
219000337,8,0,8
219000338,62,1,61
219000344,34,72,-38
219000345,63,72,-9
219000346,50,103,-53
219000348,138,85,53
219000349,67,151,-84
219000350,180,227,-47
219000351,7,7,0
219000352,604,119,485
219000353,87,48,39
219000354,149,81,68
219000355,147,88,59
219000356,1165,1258,-93
219000363,252,77,175
219000364,70,52,18
219000365,129,22,107
219000366,272,268,4
219000368,390,574,-184
219000370,1270,519,751
219000371,26,24,2
219000382,26,29,-3
219000383,846,918,-72
219000385,427,403,24
219000386,717,1298,-581
219000387,1,12,-11
219000390,6,0,6
219000391,4,2,2
219000397,39,50,-11
219000398,52,78,-26
219000401,7,101,-94
219000402,97,110,-13
219000403,209,375,-166
219000404,34,136,-102
219000407,6,44,-38
219000409,43,66,-23
219000410,156,55,101
219000411,73,12,61
219000446,176,305,-129
219000447,15,25,-10
219000448,35,3,32
219000452,200,105,95
219000453,127,123,4
219000454,169,296,-127
219000556,285,114,171
219000558,166,195,-29
219000590,28,148,-120
219000591,79,105,-26
219000592,111,354,-243
219000595,3,15,-12
219000635,286,40,246
219000636,46,97,-51
219000657,47,50,-3
219000658,39,73,-34
219000673,0,37,-37
219000676,83,16,67
219000679,37,8,29
219000684,111,2,109
219000685,1,40,-39
219000686,0,2,-2
219000688,0,89,-89
219000689,27,197,-170
219000690,87,17,70
219000691,59,131,-72
219000692,165,21,144
219000693,2,21,-19
219000694,16,0,16
219000695,14,0,14
219000698,8,0,8
219000699,0,28,-28
219000727,3,95,-92
219000728,120,2,118
219000770,60,0,60
219000771,1,41,-40
219000788,550,342,208
219001150,1,33,-32
219001151,1,1,0
219001166,45,33,12
219001167,1,97,-96
219001178,38,0,38
220000001,49,55,-6
220000002,21,122,-101
220000003,282,211,71
220000004,496,380,116
220000005,1348,1373,-25
220000006,473,881,-408
220000007,414,540,-126
220000008,383,903,-520
220000009,300,556,-256
220000010,279,126,153
220000011,530,2794,-2264
220000012,130,281,-151
220000014,147,59,88
220000015,68,189,-121
220000017,39,196,-157
220000018,3503,1197,2306
220000019,98,287,-189
220000020,354,374,-20
220000021,724,243,481
220000022,725,411,314
220000023,429,176,253
220000024,1501,379,1122
220000025,684,849,-165
220000026,254,238,16
220000027,65,101,-36
220000028,72,59,13
220000029,629,432,197
220000030,179,135,44
220000031,350,343,7
220000064,26,832,-806
221000046,6,0,6
221000047,0,6,-6
221000048,1,5,-4
221000049,0,7,-7
221000050,20,1,19
221000055,56,42,14
221000068,238,127,111
221000069,254,96,158
221000070,162,31,131
221000071,59,16,43
221000072,180,14,166
221000073,219,44,175
221000074,0,18,-18
221000075,20,33,-13
221000076,5,32,-27
221000077,34,132,-98
221000081,52,8,44
221000082,48,7,41
221000083,31,2,29
221000084,6,2,4
221000085,47,49,-2
221000086,13,106,-93
221000087,7,136,-129
221000088,6,159,-153
221000089,48,197,-149
221000090,166,460,-294
221000098,97,18,79
221000099,148,16,132
221000100,76,11,65
221000101,300,29,271
221000103,13,40,-27
221000104,6,67,-61
221000107,52,5,47
221000108,70,21,49
221000111,40,230,-190
221000112,6,147,-141
221000113,16,136,-120
221000114,8,147,-139
221000120,51,29,22
221000121,0,43,-43
221000122,15,32,-17
221000123,32,28,4
221000124,32,150,-118
221000155,72,19,53
221000156,67,24,43
221000175,0,19,-19
221000176,0,19,-19
221000182,57,10,47
221000241,599,193,406
221000242,124,424,-300
221000243,596,151,445
221000244,276,494,-218
221000245,186,131,55
221000246,88,238,-150
221000247,88,142,-54
221000248,85,157,-72
221000267,99,514,-415
221000325,146,50,96
221000331,12,63,-51
221000338,14,19,-5
221000378,144,28,116
221000381,52,46,6
222000282,13,1,12
222000296,3,26,-23
222000568,274,21,253
222000569,151,33,118
222000570,95,26,69
222000571,201,14,187
222000577,6,162,-156
222000578,41,155,-114
222000579,49,165,-116
222000580,60,993,-933
222000599,0,134,-134
222000600,5,315,-310
222000601,8,967,-959
222000603,9,54,-45
222000604,9,38,-29
222000605,16,23,-7
222000606,2,12,-10
222000607,2,7,-5
222000608,33,7,26
222000609,108,224,-116
222000616,303,43,260
222000617,17,19,-2
222000618,11,7,4
222000620,21,10,11
222000621,58,10,48
222000623,546,10,536
222000624,321,3,318
222000625,556,30,526
222000636,47,3,44
222000686,26,16,10
222000687,46,23,23
222001066,173,1,172
222001067,8,3,5
222001068,26,9,17
222001069,39,29,10
222001082,14,45,-31
222001083,16,72,-56
222001084,0,33,-33
222001085,1,115,-114
222001111,24,130,-106
222001112,92,28,64
222001313,25,13,12
222001314,4,136,-132
222001464,173,44,129
222001465,47,177,-130
222001484,104,49,55
222001485,15,69,-54
222001494,376,170,206
222001495,189,221,-32
222001496,277,117,160
222001497,178,435,-257
222001503,71,52,19
222001504,27,234,-207
222001505,244,8,236
222001506,51,334,-283
222001507,199,15,184
222001510,305,32,273
222001514,494,119,375
222001518,261,70,191
222001519,88,306,-218
222001527,189,36,153
222001529,139,51,88
222001530,47,237,-190
222001533,234,378,-144
222001534,233,63,170
222001535,211,220,-9
222001536,183,265,-82
222001537,310,41,269
222001538,276,920,-644
222001563,540,88,452
222001564,64,423,-359
222001568,372,218,154
222001576,0,0,0
222001579,1,8,-7
222001583,29,152,-123
222001584,97,34,63
222001596,988,1648,-660
222001597,1763,307,1456
222001626,2,111,-109
222001650,60,140,-80
222001651,60,164,-104
222001914,139,35,104
222001915,90,392,-302
222001968,448,270,178
222001969,531,683,-152
222001970,131,213,-82
222001971,9,8,1
222001972,2,19,-17
225000001,363,147,216
225000002,458,126,332
225000003,648,76,572
225000004,369,175,194
225000005,157,57,100
225000006,0,211,-211
225000007,1386,1210,176
225000010,300,4,296
225000011,320,789,-469
225000012,178,408,-230
225000013,119,100,19
225000014,728,72,656
225000015,58,142,-84
225000021,486,128,358
225000027,177,406,-229
225000032,498,112,386
225000042,70,479,-409
225000049,32,75,-43
225000050,60,16,44
225000053,6,260,-254
225000058,510,153,357
225000067,247,163,84
225000068,77,237,-160
225000069,151,391,-240
225000070,73,302,-229
225000071,16,128,-112
225000075,12,641,-629
225000076,49,128,-79
225000078,51,43,8
225000085,48,178,-130
225000086,238,61,177
225000087,126,19,107
225000088,7,135,-128
225000089,240,890,-650
225000090,39,339,-300
225000091,218,146,72
225000092,163,61,102
225000093,204,250,-46
225000094,20,236,-216
225000095,251,390,-139
225000096,389,434,-45
225000098,561,344,217
225000099,272,223,49
225000100,280,152,128
225000104,112,400,-288
225000110,12,324,-312
225000111,186,859,-673
225000112,211,974,-763
225000113,177,459,-282
225000114,45,242,-197
225000115,1382,528,854
225000116,939,193,746
225000117,630,267,363
225000118,752,221,531
225000119,158,60,98
225000120,757,30,727
225000121,333,20,313
225000123,541,30,511
225000125,314,167,147
225000126,774,155,619
225000127,656,832,-176
225000128,467,654,-187
225000132,273,43,230
225000133,167,35,132
225000134,512,139,373
225000135,43,19,24
225000136,225,21,204
225000137,211,50,161
225000138,380,58,322
225000143,44,279,-235
225000144,4,376,-372
225000145,60,39,21
225000146,74,110,-36
225000147,31,257,-226
225000148,7,196,-189
225000149,57,492,-435
225000151,46,170,-124
225000155,507,456,51
225000156,180,726,-546
225000157,184,341,-157
225000158,69,249,-180
225000171,5,193,-188
225000180,43,2,41
225000181,1,61,-60
225000182,106,17,89
225000185,13,364,-351
225000187,100,252,-152
225000191,109,4,105
225000194,0,8,-8
225000208,1,57,-56
225000209,72,14,58
225000210,6,163,-157
225000217,0,10,-10
225000218,18,2,16
225000223,0,39,-39
225000224,111,0,111
225000225,0,25,-25
225000226,36,3,33
225000227,25,64,-39
225000228,15,13,2
225000229,0,76,-76
225000230,86,0,86
225000231,0,69,-69
225000232,134,0,134
225000241,74,0,74
225000242,0,44,-44
225000249,17,0,17
225000250,51,683,-632
225000251,281,43,238
226000042,186,283,-97
226000043,144,392,-248
226000044,126,497,-371
226000045,125,590,-465
226000046,358,75,283
226000047,349,108,241
226000048,343,87,256
226000049,255,158,97
226000070,0,26,-26
226000071,0,66,-66
226000072,3,19,-16
226000073,0,9,-9
226000074,0,3,-3
226000084,0,27,-27
226000085,1,29,-28
226000086,4,7,-3
226000087,1,7,-6
226000088,59,14,45
226000090,203,85,118
226000091,25,29,-4
226000092,5,5,0
226000093,33,0,33
226000094,11,1,10
226000095,31,18,13
226000105,15,4,11
226000106,12,0,12
226000107,7,0,7
226000108,43,0,43
226000109,69,1,68
226000124,129,65,64
226000134,562,429,133
226000135,1122,590,532
226000136,1841,365,1476
226000137,4,203,-199
226000138,15,293,-278
226000139,6,59,-53
226000156,167,7,160
226000157,166,12,154
226000163,182,254,-72
226000202,15,403,-388
226000231,348,10,338
226000232,55,6,49
227000033,258,88,170
227000036,20,3,17
227000037,263,28,235
227000038,277,51,226
227000049,0,16,-16
227000050,0,73,-73
227000055,104,1,103
227000056,29,1,28
227000084,1,89,-88
227000085,0,36,-36
227000088,53,6,47
227000089,138,1,137
227000090,45,3,42
227000091,22,2,20
227000093,108,0,108
227000094,39,1,38
227000130,80,59,21
227000131,48,219,-171
227000132,11,195,-184
227000133,13,180,-167
227000134,30,297,-267
227000152,0,11,-11
227000153,0,64,-64
227000155,0,21,-21
227000156,0,29,-29
227000165,9,22,-13
227000196,238,300,-62
227000199,280,288,-8
227000230,28,395,-367
227000232,308,26,282
227000241,218,30,188
227000242,49,361,-312
227000243,362,91,271
227000245,20,269,-249
227000246,100,395,-295
227000247,219,73,146
227000248,169,26,143
227000249,31,203,-172
227000250,461,146,315
227000251,166,239,-73
227000252,22,267,-245
227000253,103,20,83
227000262,275,35,240
227000266,754,27,727
227000267,30,1110,-1080
227000282,3,49,-46
227000284,122,11,111
227000286,2,14,-12
227000287,1,20,-19
227000291,4,111,-107
227000484,93,15,78
227000485,5,214,-209
227000655,161,10,151
227000656,170,9,161
227000657,110,2,108
227000661,112,14,98
227000680,145,40,105
229000265,12,22,-10
229000296,4,9,-5
229000297,6,28,-22
229000298,5,118,-113
229000320,35,8,27
229000321,29,3,26
229000412,30,44,-14
229000414,6,38,-32
229000415,9,1,8
229000416,2,3,-1
229000417,2,11,-9
229000419,80,180,-100
229000440,320,55,265
229000442,18,6,12
229000443,14,3,11
229000444,2,15,-13
229000445,60,7,53
229000446,46,10,36
229000847,40,0,40
229000848,9,0,9
229000849,25,1,24
229000851,15,0,15
229000854,0,40,-40
229000856,0,84,-84
229000857,0,39,-39
229000858,0,56,-56
229000919,10,88,-78
229000930,7,239,-232
229000937,99,14,85
229000966,50,21,29
229000981,30,29,1
229000985,8,23,-15
229000986,1,3,-2
229000987,0,0,0
229000988,1,3,-2
229000989,5,4,1
229000990,0,4,-4
229000991,4,0,4
229000992,17,8,9
229000993,96,52,44
229000998,7,47,-40
229000999,57,12,45
229001034,0,9,-9
229001035,6,0,6
229001037,41,4,37
229001042,7,18,-11
229001047,4,33,-29
229001050,46,29,17
229001200,5,1,4
229001338,11,28,-17
229001394,183,6,177
229001422,90,20,70
229001423,37,160,-123
229001431,76,80,-4
229001432,38,87,-49
229001444,139,26,113
229001445,19,84,-65
229001503,161,107,54
229001504,202,192,10
229001505,109,42,67
229001506,60,142,-82
229001509,38,11,27
229001545,106,10,96
229001546,13,127,-114
229001553,62,15,47
229001554,128,75,53
229001559,1,2,-1
229001560,4,20,-16
229001630,48,6,42
229001631,9,30,-21
229001635,0,9,-9
229001636,11,0,11
229001658,0,104,-104
229001659,48,12,36
229001660,2,3,-1
229001661,9,16,-7
229001662,39,1,38
229001663,0,21,-21
229002584,103,126,-23
229002831,96,95,1
229002841,4,17,-13
229002842,11,17,-6
229002843,51,22,29
229002844,22,30,-8
229002845,56,70,-14
229002846,37,15,22
229002847,1,8,-7
229002848,24,21,3
229002849,1,66,-65
229002850,8,1,7
229002851,29,86,-57
229002852,171,23,148
229002853,132,13,119
229002854,24,51,-27
229002855,4,20,-16
229002856,28,26,2
229002857,2,69,-67
229002858,10,6,4
229002859,19,36,-17
229002860,164,14,150
229002861,57,40,17
229002862,26,18,8
229002863,19,11,8
229002864,52,30,22
229002865,23,6,17
229002866,26,22,4
229002867,2,15,-13
229002868,8,10,-2
229002869,19,93,-74
229002870,36,15,21
235000066,496,71,425
235000067,131,116,15
235000072,39,73,-34
235000073,66,326,-260
235000074,44,41,3
235000080,16,87,-71
235000081,124,113,11
235000082,164,95,69
235000083,162,125,37
235000084,25,64,-39
235000085,134,71,63
235000089,80,30,50
235000092,31,167,-136
235000093,10,5,5
235000097,2,8,-6
235000098,49,15,34
235000099,47,20,27
235000116,66,22,44
235000117,654,14,640
235000133,11,368,-357
235000134,10,145,-135
235000206,6,3,3
235000207,2,2,0
235000208,4,2,2
235000209,6,1,5
235000210,9,1,8
235000212,4,26,-22
235000213,1,17,-16
235000220,3,3,0
235000238,10,71,-61
235000239,2,10,-8
235000242,264,468,-204
235000245,578,158,420
235000246,15,64,-49
235000284,39,100,-61
235000295,156,5,151
235000305,261,14,247
235000306,175,5,170
235000307,23,0,23
235000308,12,0,12
235000309,45,0,45
235000310,23,0,23
235000311,105,12,93
235000322,0,22,-22
235000323,0,48,-48
235000324,0,37,-37
235000325,2,22,-20
235000326,9,191,-182
235000351,5,52,-47
235000352,8,14,-6
235000353,1,26,-25
235000354,7,27,-20
235000355,19,37,-18
235000356,145,15,130
235000357,62,10,52
235000358,238,5,233
235000359,32,5,27
235000360,60,29,31
235000361,62,14,48
235000381,79,183,-104
235000382,114,42,72
235000390,14,6,8
235000391,199,43,156
235000392,153,280,-127
235000393,90,176,-86
235000395,76,50,26
235000396,384,80,304
235000400,64,144,-80
235000401,16,114,-98
235000405,106,245,-139
235000406,53,229,-176
235000407,175,80,95
235000409,256,145,111
235000410,71,227,-156
235000411,2,74,-72
235000485,0,2,-2
235000486,6,0,6
235000549,169,95,74
235000550,96,149,-53
235000599,77,36,41
235000600,5,10,-5
235000601,19,21,-2
235000602,58,81,-23
235000614,0,1,-1
235000648,0,31,-31
235000649,45,1,44
235000685,6,10,-4
235000815,13,25,-12
235000834,0,13,-13
235000855,112,76,36
235000862,51,104,-53
235000891,0,8,-8
235000892,19,2,17
235000901,134,64,70
235000907,1,15,-14
235001010,56,75,-19
235001029,416,337,79
235001030,273,230,43
235001078,146,125,21
235001079,73,73,0
235001147,22,40,-18
235001166,21,78,-57
235001167,29,45,-16
235001169,30,257,-227
235001188,0,9,-9
235001189,9,0,9
235001197,17,36,-19
235001200,44,43,1
235001207,338,85,253
235001210,114,241,-127
235001215,21,192,-171
235001239,0,44,-44
235001244,0,5,-5
235016267,0,36,-36
277102712,0,0,0
277103813,0,0,0
277103814,0,0,0
277104249,0,7,-7
277104250,0,5,-5
277104251,0,8,-8
277104252,1,8,-7
990011530,0,177,-177
990014944,1,462,-461
990015176,18,7,11
990016032,0,216,-216
990032570,12,46,-34
990070001,93,5,88
990070103,0,3,-3
990070601,0,27,-27
990070751,705,3,702
990070766,3,417,-414
990071180,395,169,226
990071343,17,0,17
990071387,0,9,-9
990071823,25,1,24
990072600,1,859,-858
990072964,0,320,-320
990073285,0,1,-1
990074393,1,601,-600
990074870,1200,11,1189
990075106,1370,9,1361
990075746,450,7,443
990076437,907,6,901
990076458,2,909,-907
997000007,530,7,523
997000041,1,151,-150
997000058,50,4,46
997000062,16,1,15
997000069,0,4,-4
997000070,0,29,-29
997000100,16,0,16
997000141,1,1381,-1380
997000198,281,1210,-929
998000475,2,29,-27
998000736,1,143,-142
998000965,0,13,-13
998001031,0,80,-80
998001700,0,35,-35
998001899,0,1,-1
998001900,17,0,17
998003073,833,60,773
998101900,0,0,0
998102850,1,201,-200
998501927,984,638,346
998501929,79,4,75
998501930,56,0,56
998501931,260,27,233
998501932,3,0,3
998501933,44,0,44
998501937,22,0,22
998501944,1,0,1
998501950,0,58,-58
998501970,54,0,54
998501971,0,85,-85
998501973,0,35,-35
998501974,10,227,-217
998501975,121,2,119
998501976,145,2,143
998501977,0,23,-23
998501978,28,0,28
998501979,0,10,-10
998501980,51,0,51
998501981,31,2,29
998501982,0,71,-71
998501983,0,0,0
998502006,0,0,0
998502024,0,16,-16
998502032,0,2,-2
998502062,5,0,5
998502063,0,0,0
998502173,81,0,81
998502269,0,9,-9
998502546,1,147,-146
998502578,0,5,-5
998502599,39,237,-198
998502621,0,5,-5
998601159,1,120,-119
998601292,0,18,-18
999033574,1,455,-454
999800001,27,4,23
999800002,0,12,-12
999800003,0,3,-3
999800004,0,3,-3
999800005,0,3,-3
