ID,insum,outsum,diff
100000001,795,1003,-208
100000002,2611,820,1791
100000003,5900,2890,3010
100000004,1673,1017,656
100000005,1814,4127,-2313
100000006,388,117,271
100000007,1789,604,1185
100000008,150,811,-661
100000009,221,143,78
100000010,26,45,-19
100000011,495,56,439
100000012,73,840,-767
100000013,22,247,-225
100000014,248,332,-84
100000015,1553,1324,229
100000016,1066,1952,-886
100000017,798,1350,-552
100000018,1452,717,735
100000019,5516,2020,3496
100000020,1751,3726,-1975
100000021,7860,3074,4786
100000022,1866,1063,803
100000023,6971,1458,5513
100000025,3427,666,2761
100000028,2142,1097,1045
100000029,322,234,88
100000030,626,86,540
100000031,5935,5532,403
100000032,2196,3116,-920
100000033,893,2109,-1216
100000034,982,327,655
100000035,2120,890,1230
100000036,2907,1015,1892
100000037,443,523,-80
100000038,1501,997,504
100000039,673,168,505
100000040,107,113,-6
100000041,760,340,420
100000042,815,332,483
100000043,813,301,512
100000044,420,882,-462
100000045,527,1779,-1252
100000046,915,1688,-773
100000047,344,971,-627
100000048,543,726,-183
100000049,2064,3360,-1296
100000051,545,1421,-876
100000053,31,6,25
100000054,170,41,129
100000055,635,244,391
100000056,256,716,-460
100000057,1704,1069,635
100000058,958,1678,-720
100000059,1,147,-146
100000060,319,361,-42
100000061,1747,505,1242
100000062,1307,580,727
100000063,470,267,203
100000064,972,375,597
100000065,367,1298,-931
100000066,157,1299,-1142
100000067,407,1220,-813
100000068,506,2331,-1825
100000069,341,2152,-1811
100000072,472,1317,-845
100000073,1367,1657,-290
100000075,496,330,166
100000076,2687,1613,1074
100000077,816,145,671
100000078,88,30,58
100000079,69,45,24
100000080,17,8,9
100000081,82,31,51
100000102,4518,1324,3194
100000103,3954,947,3007
100000104,5530,1726,3804
100000105,4123,896,3227
100000106,3041,1679,1362
100000107,846,423,423
100000108,1122,1245,-123
100000109,4950,1520,3430
100000116,1613,824,789
100000117,60,36,24
100000118,1396,952,444
100000119,760,518,242
100000121,242,765,-523
100000122,1795,1106,689
100000123,3558,5720,-2162
100000124,6765,8865,-2100
100000125,3849,1130,2719
100000126,752,352,400
100000127,2129,402,1727
100000128,1226,1591,-365
100000129,526,380,146
100000130,346,723,-377
100000131,3427,3882,-455
100000132,1598,2649,-1051
100000133,7771,3651,4120
100000135,419,770,-351
100000139,276,254,22
100000140,263,311,-48
100000142,426,560,-134
100000143,2118,1131,987
100000144,5601,1053,4548
100000147,1174,2313,-1139
100000150,27,596,-569
100000151,934,585,349
100000153,637,357,280
100000154,203,131,72
100000155,8,39,-31
100000156,110,89,21
100000157,24,255,-231
100000158,68,132,-64
100000159,645,501,144
100000165,1186,797,389
100000169,933,462,471
100000174,1905,534,1371
100000179,92,683,-591
100000180,1200,1261,-61
100000181,114,321,-207
100000188,107,476,-369
100000189,647,271,376
100000190,530,428,102
100000191,770,439,331
100000192,82,97,-15
100000193,126,134,-8
100000330,2251,636,1615
100000355,119,625,-506
100000362,5733,4315,1418
100000363,2586,3816,-1230
100000364,628,149,479
100000365,3671,8395,-4724
100000366,4967,2723,2244
100000367,3622,4525,-903
100000368,2310,2003,307
100000369,1226,1481,-255
100000370,224,394,-170
100000376,102,93,9
100000379,3381,1401,1980
100000380,4747,2272,2475
100000384,6770,3461,3309
100000385,6998,4071,2927
100000386,10410,4475,5935
100000387,9132,4525,4607
100000388,10463,6485,3978
100000389,10908,6243,4665
100000390,11586,4353,7233
100000391,8108,6273,1835
100000392,5340,2151,3189
100000393,2562,2252,310
100000394,9563,4742,4821
100000395,5216,1653,3563
100000396,6423,2357,4066
100000397,3642,2182,1460
100000398,12544,8811,3733
100000413,0,0,0
100900002,8,98,-90
100900003,225,137,88
100900004,43,971,-928
100900005,86,11,75
100900006,22,306,-284
100900007,618,10,608
100900008,4,549,-545
100900009,43,59,-16
100900010,58,214,-156
100900011,80,434,-354
100900012,2,287,-285
100900013,462,5,457
100900014,2,18,-16
100900015,151,181,-30
100900016,1,59,-58
100900017,837,104,733
100900018,0,14,-14
100900019,41,95,-54
100900020,402,1,401
100900021,399,2,397
100900022,8,13,-5
100900023,2,32,-30
100900024,1012,3,1009
100900025,15,17,-2
100900026,95,183,-88
100900027,701,2686,-1985
100900028,108,279,-171
100900029,111,28,83
100900030,9,33,-24
100900031,346,105,241
100900032,203,1,202
100900033,213,217,-4
100900034,370,6,364
100900035,706,2,704
100900036,13,0,13
100900037,55,453,-398
100900038,70,16,54
100900039,357,765,-408
100900040,333,946,-613
100900041,351,1391,-1040
100900042,663,343,320
100900043,0,25,-25
100900044,3662,422,3240
100900045,59,0,59
100900046,1040,20,1020
100900047,881,116,765
100900048,130,26,104
100900049,73,290,-217
100900050,0,14,-14
100900051,65,70,-5
100900052,301,41,260
100900053,349,25,324
100900054,6,132,-126
100900055,201,441,-240
100900056,116,320,-204
100900057,747,969,-222
100900058,306,39,267
100900059,119,0,119
100900060,119,9,110
100900061,369,401,-32
100900062,2,88,-86
100900063,144,467,-323
100900064,627,14,613
100900065,103,72,31
100900066,66,90,-24
100900067,1,9,-8
100900068,57,229,-172
100900069,597,3,594
100900070,233,9,224
100900071,812,390,422
100900072,1,76,-75
100900073,88,857,-769
100900074,4,6,-2
100900075,2911,549,2362
100900076,50,97,-47
100900077,10,167,-157
100900078,85,315,-230
100900079,7,26,-19
100900080,11,223,-212
100900081,42,140,-98
100900082,76,930,-854
100900083,1,35,-34
100900085,9,137,-128
100900086,163,796,-633
100900088,99,1001,-902
100900089,3,26,-23
100900090,130,727,-597
100900091,1,24,-23
100900092,306,165,141
100900093,222,183,39
100900094,90,980,-890
100900095,2,50,-48
100900096,38,120,-82
100900097,0,7,-7
100900098,7,20,-13
100900099,42,938,-896
100900100,27,430,-403
100900101,496,45,451
100900102,68,50,18
100900103,2,11,-9
100900104,10,265,-255
100900105,12,183,-171
100900106,76,6,70
100900107,2898,878,2020
100900108,1,23,-22
100900109,5,29,-24
100900110,4,54,-50
100900111,54,218,-164
100900112,0,8,-8
100900113,9,41,-32
100900114,10,31,-21
100900115,0,41,-41
100900116,740,793,-53
100900117,298,759,-461
100900118,104,135,-31
100900119,7,17,-10
100900120,0,10,-10
100900121,299,538,-239
100900122,122,209,-87
100900123,72,134,-62
100900124,0,1,-1
100900125,20,128,-108
100900126,120,252,-132
100900127,0,15,-15
100900128,128,225,-97
100900129,0,134,-134
100900131,67,223,-156
100900133,38,45,-7
100900134,5,8,-3
100900135,0,135,-135
100900137,345,249,96
100900138,468,363,105
100900139,22,9,13
100900140,2,1128,-1126
100900141,2,476,-474
100900142,0,6,-6
100900143,961,540,421
100900144,12,5,7
100900145,40,122,-82
100900146,5,27,-22
100900147,7,261,-254
100900148,40,1523,-1483
100900149,13,131,-118
100900150,3,26,-23
100900151,132,826,-694
100900152,113,3,110
100900153,0,179,-179
100900154,4,23,-19
100900155,1,11,-10
100900156,31,5,26
100900157,10,139,-129
100900159,1,34,-33
100900160,26,26,0
100900161,160,8,152
100900162,13,199,-186
100900163,194,271,-77
100900164,49,42,7
100900165,25,58,-33
100900166,33,1,32
100900167,12,114,-102
100900168,41,165,-124
100900169,213,1294,-1081
100900170,36,10,26
100900171,19,862,-843
100900172,0,14,-14
100900173,8,930,-922
100900174,339,59,280
100900176,1709,138,1571
100900177,1184,356,828
100900178,452,240,212
100900179,94,73,21
100900180,2,5,-3
100900181,103,30,73
100900182,37,17,20
100900184,4,184,-180
100900186,1253,753,500
100900187,9,207,-198
100900188,57,14,43
100900189,968,203,765
100900191,1703,904,799
100900192,337,161,176
100900195,127,175,-48
100900197,27,150,-123
100900198,16,483,-467
100900199,22,21,1
100900200,626,542,84
100900201,64,1268,-1204
100900202,6,0,6
100900203,0,60,-60
100900204,240,220,20
100900205,171,454,-283
100900206,130,36,94
100900207,168,100,68
100900210,84,1105,-1021
100900211,377,105,272
100900213,51,32,19
100900214,1185,130,1055
100900215,7,54,-47
100900217,210,69,141
101000001,4989,2171,2818
101000002,5123,5080,43
101000003,1144,1894,-750
101000004,11304,9025,2279
101000005,5687,5296,391
101000006,10085,7833,2252
101000007,3065,3286,-221
101000008,4882,3045,1837
101000009,1872,2734,-862
101000010,1035,2071,-1036
101000011,3077,1011,2066
101000012,2671,627,2044
101000013,532,1184,-652
101000014,614,849,-235
101000015,861,803,58
101000016,821,472,349
101000017,605,688,-83
101000018,5114,3038,2076
101000020,4760,1487,3273
101000021,1822,362,1460
101000022,532,107,425
101000023,2017,733,1284
101000025,261,413,-152
101000026,469,30,439
101000027,1973,1373,600
101000028,1019,140,879
101000029,112,821,-709
101000030,1254,98,1156
101000031,669,607,62
101000032,7436,2239,5197
101000033,3257,2311,946
101000034,3480,1099,2381
101000035,1377,294,1083
101000036,1965,461,1504
101000037,5629,1313,4316
101000039,4030,1729,2301
101000040,5323,3689,1634
101000041,17245,5066,12179
101000042,1292,818,474
101000043,11956,4736,7220
101000045,2124,654,1470
101000046,2509,628,1881
101000047,1601,1445,156
101000048,1250,1459,-209
101000049,1081,1106,-25
101000050,3545,2839,706
101000051,3590,1792,1798
101000052,1950,583,1367
101000053,1273,2175,-902
101000054,2141,2062,79
101000055,1573,1446,127
101000056,113,111,2
101000057,3323,820,2503
101000058,2573,1029,1544
101000059,4503,1825,2678
101000060,2486,467,2019
101000061,1377,944,433
101000062,1269,579,690
101000063,702,542,160
101000064,1689,499,1190
101000065,290,300,-10
101000066,494,243,251
101000067,1113,580,533
101000068,498,261,237
101000069,523,83,440
101000070,1989,1267,722
101000071,2333,1000,1333
101000072,1223,4295,-3072
101000073,803,676,127
101000074,5659,4341,1318
101000075,7609,4610,2999
101000077,1304,2107,-803
101000078,1154,2252,-1098
101000079,304,921,-617
101000080,545,557,-12
101000081,1166,1818,-652
101000082,3840,3328,512
101000083,2195,1938,257
101000084,1538,1362,176
101000085,1721,1306,415
101000086,1344,1490,-146
101000087,1192,1756,-564
101000088,1155,1212,-57
101000089,958,1657,-699
101000090,2978,1913,1065
101000091,433,2248,-1815
101000092,745,1363,-618
101000093,1717,998,719
101000094,745,1832,-1087
101000095,292,1132,-840
101000096,284,739,-455
101000097,1008,376,632
101000098,852,629,223
101000099,1298,1421,-123
101000100,1018,716,302
101000101,484,424,60
101000102,1547,318,1229
101000103,1051,524,527
101000104,393,484,-91
101000105,1076,254,822
101000106,917,483,434
101000107,144,466,-322
101000108,2030,461,1569
101000109,240,76,164
101000110,47,1091,-1044
101000111,150,275,-125
101000113,211,917,-706
101000114,4429,1893,2536
101000115,195,191,4
101000116,209,406,-197
101000117,1049,380,669
101000119,160,72,88
101000120,234,28,206
101000121,73,28,45
101000122,176,64,112
101000123,51,52,-1
101000124,151,215,-64
101000125,173,567,-394
101000128,1163,341,822
101000130,330,493,-163
101000131,554,903,-349
101000132,516,2409,-1893
101000135,92,27,65
101000136,335,116,219
101000137,29,306,-277
101000141,2487,2181,306
101000147,901,685,216
101000148,2321,41,2280
101000149,77,96,-19
101000150,80,1560,-1480
101000151,136,91,45
101000152,393,459,-66
101000153,594,616,-22
101000154,191,2465,-2274
101000155,179,251,-72
101000156,15,354,-339
101000157,90,53,37
101000160,68,103,-35
101000163,216,80,136
101000164,549,517,32
101000165,345,585,-240
101000166,451,560,-109
101000168,866,445,421
101000252,1663,1052,611
101000254,598,36,562
101000258,22,40,-18
101000261,51,238,-187
101000262,1143,1037,106
101000263,345,1533,-1188
101000265,72,646,-574
101000266,392,373,19
101000269,183,6,177
101000290,2151,2270,-119
101000293,43,128,-85
101000294,709,597,112
101000295,144,597,-453
101000301,955,328,627
101000304,2334,2679,-345
101000305,2719,1906,813
101000328,67,525,-458
101900001,41,109,-68
101900002,1,22,-21
101900003,109,147,-38
101900004,10,31,-21
101900005,7741,1758,5983
101900006,1081,44,1037
101900007,623,65,558
101900008,170,255,-85
101900009,66,526,-460
101900010,1284,771,513
101900011,506,1583,-1077
101900012,137,413,-276
101900013,1774,151,1623
101900017,26,130,-104
101900018,2822,275,2547
101900019,269,105,164
101900020,63,132,-69
101900021,0,101,-101
101900022,115,2058,-1943
101900023,103,297,-194
101900026,113,54,59
101900027,9,150,-141
102000001,3281,4569,-1288
102000002,3241,1697,1544
102000003,4074,6361,-2287
102000004,10290,3717,6573
102000005,1686,2496,-810
102000006,2066,2315,-249
102000007,1593,5114,-3521
102000008,6650,2494,4156
102000009,5443,8428,-2985
102000010,6220,4963,1257
102000011,3071,2587,484
102000012,3892,4089,-197
102000018,4648,3273,1375
102000019,3622,2164,1458
102000026,373,1311,-938
102000029,478,311,167
102000030,97,441,-344
102000031,36,284,-248
102000032,306,579,-273
102000033,206,646,-440
102000034,631,888,-257
102000035,1275,957,318
102000036,8,462,-454
102000037,189,116,73
102000038,538,152,386
102000039,482,111,371
102000040,888,193,695
102000041,369,358,11
102000042,447,206,241
102000043,555,287,268
102000044,808,816,-8
102000045,807,1688,-881
102000046,1257,727,530
102000047,725,1723,-998
102000048,262,1229,-967
102000049,1381,920,461
102000050,1429,1440,-11
102000051,466,769,-303
102000052,1785,1098,687
102000053,1216,1004,212
102000054,447,1126,-679
102000055,792,1886,-1094
102000056,694,2129,-1435
102000057,1271,792,479
102000058,1264,3054,-1790
102000059,1152,2122,-970
102000060,1106,1152,-46
102000061,1226,3248,-2022
102000062,1099,1502,-403
102000063,1609,1934,-325
102000064,549,736,-187
102000065,40,185,-145
102000066,821,2127,-1306
102000067,2783,3756,-973
102000068,13239,3882,9357
102000069,62,2709,-2647
102000070,2010,74,1936
102000071,8648,11410,-2762
102000072,3390,8170,-4780
102000073,1227,1451,-224
102000074,692,1240,-548
102000075,267,478,-211
102000076,167,740,-573
102000077,347,1720,-1373
102000078,673,1203,-530
102000079,180,431,-251
102000080,266,288,-22
102000081,215,1069,-854
102000082,803,400,403
102000083,444,758,-314
102000084,144,563,-419
102000085,1810,1779,31
102000086,1048,1414,-366
102000087,905,2477,-1572
102000088,226,385,-159
102000089,991,638,353
102000090,501,1425,-924
102000091,1477,591,886
102000092,384,968,-584
102000093,459,681,-222
102000094,1290,764,526
102000095,1241,1652,-411
102000096,1209,1148,61
102000097,1505,1659,-154
102000098,738,1530,-792
102000099,1440,839,601
102000100,1142,1553,-411
102000101,1804,740,1064
102000102,380,3715,-3335
102000103,1723,513,1210
102000104,1488,448,1040
102000105,331,1286,-955
102000106,717,1358,-641
102000107,918,870,48
102000108,499,418,81
102000109,344,918,-574
102000110,573,2576,-2003
102000111,6,509,-503
102000112,86,95,-9
102000113,4,33,-29
102000114,1800,523,1277
102000115,200,267,-67
102000116,659,358,301
102000117,335,735,-400
102000118,2288,1191,1097
102000119,3439,824,2615
102000120,215,735,-520
102000121,946,747,199
102000122,479,1016,-537
102000123,1764,1392,372
102000124,1668,1115,553
102000125,859,1176,-317
102000126,783,893,-110
102000127,1019,899,120
102000128,698,1602,-904
102000129,959,1255,-296
102000130,419,1087,-668
102000131,1641,1223,418
102000132,551,1521,-970
102000133,1316,2940,-1624
102000134,581,864,-283
102000135,1313,1320,-7
102000136,1498,744,754
102000137,1346,1207,139
102000138,211,575,-364
102000139,48,318,-270
102000140,242,277,-35
102000141,242,588,-346
102000142,213,512,-299
102000143,102,622,-520
102000144,159,557,-398
102000145,193,631,-438
102000146,330,426,-96
102000147,371,405,-34
102000148,243,306,-63
102000149,164,875,-711
102000150,229,502,-273
102000151,201,535,-334
102000152,109,263,-154
102000153,1042,482,560
102000154,653,837,-184
102000155,107,300,-193
102000156,572,74,498
102000157,192,160,32
102000158,923,582,341
102000159,2345,460,1885
102000161,5877,2129,3748
102000162,238,188,50
102000163,95,502,-407
102000164,1370,1067,303
102000165,275,172,103
102000166,22,153,-131
102000167,154,224,-70
102000168,239,128,111
102000169,70,588,-518
102000170,810,149,661
102000171,169,87,82
102000172,83,336,-253
102000173,593,261,332
102000174,17,76,-59
102000175,173,239,-66
102000176,51,62,-11
102000178,242,762,-520
102000179,260,241,19
102000180,579,843,-264
102000181,418,912,-494
102000182,461,953,-492
102000183,1564,2887,-1323
102000184,1365,1220,145
102000185,1826,2246,-420
102000186,976,2672,-1696
102000187,616,2368,-1752
102000188,603,1997,-1394
102000189,4000,1393,2607
102000190,819,3394,-2575
102000191,1517,715,802
102000192,925,1335,-410
102000193,49,243,-194
102000194,80,207,-127
102000195,441,843,-402
102000196,148,897,-749
102000197,420,787,-367
102000198,164,1461,-1297
102000199,599,520,79
102000200,290,2080,-1790
102000201,534,713,-179
102000202,1,230,-229
102000203,269,517,-248
102000204,375,1533,-1158
102000205,926,829,97
102000206,778,966,-188
102000207,1167,578,589
102000208,489,817,-328
102000209,33,64,-31
102000210,319,864,-545
102000211,579,767,-188
102000212,205,19,186
102000213,3,631,-628
102000214,150,34,116
102000215,2,853,-851
102000216,55,86,-31
102000217,9,340,-331
102000218,160,142,18
102000219,597,441,156
102000225,891,1002,-111
102000226,7679,1229,6450
102000227,183,4,179
102000228,1,174,-173
102000229,17,36,-19
102000230,281,860,-579
102000231,410,495,-85
102000232,12,295,-283
102000233,430,895,-465
102000234,90,1455,-1365
102000236,230,119,111
102000237,857,270,587
102000238,188,496,-308
102000240,733,682,51
102000241,181,173,8
102000243,16,101,-85
102000245,10,96,-86
102000246,8,34,-26
102000247,1074,1200,-126
102000248,783,751,32
102000249,170,245,-75
102000250,73,672,-599
102000254,91,568,-477
102000266,52,236,-184
102000271,35,2,33
102000286,672,444,228
102000297,2221,1547,674
102000299,0,0,0
102000301,0,0,0
102000305,0,0,0
102000307,0,4,-4
102900001,1350,1527,-177
102900002,290,32,258
102900003,58,375,-317
102900005,236,541,-305
102900006,560,385,175
102900007,329,26,303
102900008,299,170,129
102900009,626,331,295
102900010,625,500,125
102900011,2711,533,2178
102900012,352,125,227
102900013,27,60,-33
102900015,1023,414,609
102900016,46,124,-78
102900017,130,754,-624
102900018,25,152,-127
102900019,552,934,-382
102900020,133,65,68
102900021,26,173,-147
102900022,633,137,496
102900023,18,78,-60
102900024,13,43,-30
102900025,360,132,228
102900026,1006,1636,-630
102900027,57,88,-31
102900028,134,710,-576
102900029,190,181,9
102900030,382,345,37
102900031,177,262,-85
102900032,88,200,-112
102900033,98,232,-134
102900034,217,199,18
102900035,94,737,-643
102900036,217,909,-692
102900037,166,1053,-887
102900038,425,955,-530
102900039,75,419,-344
102900040,175,309,-134
102900041,90,274,-184
102900042,203,544,-341
102900043,125,323,-198
102900044,717,2862,-2145
102900045,114,757,-643
102900046,92,420,-328
102900047,136,1045,-909
102900048,600,1076,-476
102900049,118,522,-404
102900050,264,477,-213
102900051,164,268,-104
102900052,60,35,25
102900053,417,1087,-670
102900054,1162,1229,-67
102900055,167,185,-18
102900056,170,738,-568
102900057,10,46,-36
102900058,388,91,297
102900059,42,48,-6
102900060,143,640,-497
102900061,124,724,-600
102900062,170,1914,-1744
102900063,950,556,394
102900064,171,408,-237
102900065,2461,774,1687
102900066,445,81,364
102900068,114,87,27
102900070,162,952,-790
102900072,30,55,-25
102900073,163,15,148
102900075,40,36,4
102900076,373,69,304
102900077,41,35,6
102900078,54,78,-24
102900079,191,14,177
102900080,394,21,373
102900081,65,468,-403
102900082,16,344,-328
102900083,337,8,329
102900084,8,29,-21
102900085,159,113,46
102900086,7,89,-82
102900087,92,183,-91
102900088,59,52,7
102900089,317,203,114
102900090,1,666,-665
102900091,107,2,105
102900092,284,1526,-1242
102900093,275,346,-71
102900094,18,93,-75
102900095,124,2,122
102900096,45,14,31
102900097,2,168,-166
102900098,52,29,23
103000001,2632,3529,-897
103000002,2979,2923,56
103000003,6817,3394,3423
103000004,1290,906,384
103000005,3264,3177,87
103000006,838,1804,-966
103000007,474,1170,-696
103000008,1157,1516,-359
103000009,1167,1167,0
103000010,171,184,-13
103000011,1785,1364,421
103000012,1359,1736,-377
103000013,7835,2396,5439
103000014,1522,2581,-1059
103000015,3540,1064,2476
103000016,581,1316,-735
103000017,187,411,-224
103000018,1658,479,1179
103000019,237,203,34
103000020,2858,2019,839
103000021,1816,1923,-107
103000022,1223,1468,-245
103000023,653,1792,-1139
103000024,182,204,-22
103000025,56,471,-415
103000026,2141,158,1983
103000027,315,537,-222
103000028,718,517,201
103000029,396,298,98
103000030,2301,800,1501
103000031,1625,1845,-220
103000032,2081,2260,-179
103000033,3043,3145,-102
103000034,1715,1251,464
103000035,602,1415,-813
103000036,483,572,-89
103000037,693,549,144
103000038,499,1137,-638
103000039,284,704,-420
103000040,333,1761,-1428
103000041,1938,3817,-1879
103000042,946,995,-49
103000043,400,1739,-1339
103000044,143,394,-251
103000046,329,503,-174
103000047,699,842,-143
103000048,175,216,-41
103000049,120,238,-118
103000050,751,1065,-314
103000051,400,750,-350
103000052,984,684,300
103000053,198,629,-431
103000054,2351,1664,687
103000055,1920,2422,-502
103000056,684,3152,-2468
103000057,307,349,-42
103000058,450,1286,-836
103000059,298,1013,-715
103000060,818,1252,-434
103000061,359,1186,-827
103000062,1000,1052,-52
103000063,677,888,-211
103000064,124,385,-261
103000065,6,525,-519
103000066,129,10,119
103000069,207,457,-250
103000070,945,1808,-863
103000071,908,470,438
103000072,138,1382,-1244
103000073,683,188,495
103000074,736,142,594
103000075,170,1344,-1174
103000076,261,358,-97
103000077,56,601,-545
103000078,1829,652,1177
103000079,2326,539,1787
103000080,1308,390,918
103000081,692,950,-258
103000082,604,339,265
103000083,116,422,-306
103000084,260,15,245
103000085,4,117,-113
103000086,930,473,457
103000087,153,598,-445
103000088,495,353,142
103000089,291,466,-175
103000090,1621,1128,493
103000091,563,495,68
103000092,276,404,-128
103000093,352,715,-363
103000094,214,149,65
103000095,41,626,-585
103000096,806,183,623
103000097,75,992,-917
103000098,1148,249,899
103000099,459,893,-434
103000100,105,1424,-1319
103000101,760,190,570
103000102,108,1146,-1038
103000103,559,406,153
103000104,42,201,-159
103000105,148,238,-90
103000106,21,124,-103
103000107,416,91,325
103000108,894,677,217
103000109,489,342,147
103000110,474,479,-5
103000111,760,442,318
103000112,359,301,58
103000113,1003,759,244
103000114,1403,540,863
103000115,543,765,-222
103000116,510,852,-342
103000117,232,749,-517
103000118,2318,1403,915
103000119,2886,735,2151
103000120,61,84,-23
103000121,200,885,-685
103000122,340,285,55
103000125,11,649,-638
103000126,476,13,463
103000127,3,317,-314
103000128,161,1,160
103000129,2,209,-207
103000130,37,37,0
103000131,246,122,124
103000132,71,145,-74
103000133,5,168,-163
103000134,719,973,-254
103000135,1228,254,974
103000136,1020,525,495
103000137,926,740,186
103000138,1127,954,173
103000139,2,63,-61
103000140,204,27,177
103000141,30,144,-114
103000142,152,106,46
103000143,100,273,-173
103000144,234,117,117
103000145,14,23,-9
103000150,66,85,-19
103000152,435,279,156
103000153,228,180,48
103000156,7,588,-581
103000157,366,6,360
103000159,168,158,10
103000162,96,15,81
103000163,7,15,-8
103000164,8,15,-7
103000165,278,584,-306
103000166,214,210,4
103000167,257,147,110
103000168,93,221,-128
103000169,208,450,-242
103000170,414,680,-266
103000171,42,70,-28
103000172,380,408,-28
103000173,373,1277,-904
103000174,141,346,-205
103000175,168,604,-436
103000176,1178,392,786
103000177,1028,541,487
103000178,336,395,-59
103000179,126,39,87
103000183,89,44,45
103000185,84,168,-84
103000186,81,206,-125
103000187,388,1045,-657
103000188,22,98,-76
103000189,1205,1393,-188
103000191,738,1190,-452
103000292,3497,1306,2191
103000293,1739,1654,85
103000295,122,105,17
103000296,213,1,212
103000297,84,29,55
103000504,76,64,12
103000505,20,8,12
103000506,1,294,-293
103000507,159,1,158
103000508,67,33,34
103000509,316,634,-318
103900001,14,736,-722
103900002,2681,215,2466
103900003,2644,98,2546
103900004,65,2,63
103900005,3,274,-271
103900006,5,15,-10
103900007,35,20,15
103900008,19,0,19
103900009,203,465,-262
103900010,187,362,-175
103900011,233,313,-80
103900012,10,14,-4
103900013,28,117,-89
103900014,40,32,8
103900015,27,16,11
103900016,320,363,-43
103900017,46,114,-68
103900018,839,299,540
103900019,72,363,-291
103900020,267,517,-250
103900021,1122,68,1054
103900022,1541,750,791
103900023,130,1,129
103900024,78,1294,-1216
103900025,3,93,-90
103900026,14,0,14
103900027,573,482,91
103900028,20,303,-283
103900029,1121,241,880
103900030,274,42,232
103900031,25,0,25
103900032,84,82,2
103900033,147,19,128
103900034,40,503,-463
103900035,81,104,-23
103900036,59,33,26
103900037,71,66,5
103900038,80,199,-119
103900039,40,668,-628
103900040,4,258,-254
103900041,33,41,-8
103900042,49,634,-585
103900043,112,230,-118
103900044,367,237,130
103900045,198,286,-88
103900047,22,23,-1
103900048,56,24,32
103900049,297,2018,-1721
103900050,17,108,-91
103900051,0,36,-36
103900052,252,945,-693
103900053,177,1912,-1735
103900054,74,971,-897
103900055,479,367,112
103900056,43,66,-23
103900057,25,472,-447
103900058,166,1022,-856
103900059,0,0,0
103900060,45,427,-382
103900061,93,118,-25
103900062,250,93,157
103900063,3,0,3
103900064,80,6,74
103900065,1043,604,439
103900066,100,12,88
103900067,113,8,105
103900068,3,0,3
103900069,112,14,98
103900070,154,425,-271
103900071,13,248,-235
103900072,8,461,-453
103900073,52,29,23
103900074,59,124,-65
103900075,233,182,51
103900076,375,1081,-706
103900077,130,88,42
103900078,157,165,-8
103900079,92,364,-272
103900080,10,30,-20
103900081,129,17,112
103900082,11,195,-184
103900083,2715,844,1871
103900084,31,250,-219
103900085,73,144,-71
103900086,424,386,38
103900088,434,375,59
103900089,56,349,-293
103900090,63,708,-645
103900091,1179,328,851
103900092,613,756,-143
103900093,115,541,-426
103900094,8,212,-204
103900095,381,197,184
103900096,33,434,-401
103900097,17,735,-718
103900098,205,140,65
103900099,97,479,-382
103900100,190,460,-270
103900101,81,1478,-1397
103900102,1,64,-63
103900104,3,59,-56
103900105,110,288,-178
103900106,0,13,-13
103900107,108,397,-289
103900108,48,562,-514
103900109,69,160,-91
103900110,184,72,112
103900111,57,1322,-1265
103900112,23,97,-74
103900113,139,303,-164
103900114,731,498,233
103900115,273,201,72
103900116,10815,2694,8121
103900117,294,213,81
103900119,37,49,-12
103900120,73,197,-124
103900122,47,534,-487
103900123,2465,660,1805
103900124,69,778,-709
103900125,84,104,-20
103900126,474,897,-423
103900127,137,1304,-1167
103900128,51,352,-301
103900131,30,160,-130
103900133,1340,38,1302
103900134,1,0,1
103900135,11,11,0
103900137,2,149,-147
103900138,59,348,-289
103900139,554,1540,-986
103900140,9,78,-69
103900141,346,147,199
103900142,109,286,-177
103900143,45,11,34
103900144,0,118,-118
103900145,148,550,-402
103900146,315,562,-247
103900147,384,164,220
103900148,144,309,-165
103900149,125,786,-661
103900150,11324,3450,7874
103900151,50,266,-216
103900152,323,1058,-735
103900153,12,0,12
103900154,1753,1710,43
103900155,24,365,-341
103900156,16,299,-283
103900157,37,454,-417
103900158,47,312,-265
103900159,101,107,-6
103900160,53,37,16
103900161,128,313,-185
103900162,55,410,-355
103900163,6,635,-629
103900167,26,143,-117
103900168,77,235,-158
103900169,25,74,-49
103900170,2,127,-125
103900171,2,151,-149
103900172,19,75,-56
103900173,13,20,-7
103900174,100,90,10
103900175,73,35,38
103900176,8,29,-21
103900177,8,59,-51
103900178,41,176,-135
103900179,51,502,-451
103900180,15,239,-224
103900181,91,99,-8
103900182,39,27,12
103900184,961,71,890
103900185,688,241,447
103900187,110,71,39
103900188,39,33,6
103900189,134,18,116
103900190,116,74,42
103900191,45,71,-26
103900192,62,143,-81
103900193,183,268,-85
103900194,76,479,-403
103900195,3,48,-45
103900196,31,27,4
103900197,5,40,-35
103900198,13,96,-83
103900199,116,109,7
103900200,134,215,-81
103900201,101,266,-165
103900202,8,85,-77
103900203,34,34,0
103900204,3,204,-201
103900207,5,324,-319
103900208,91,5,86
103900209,8,153,-145
103900210,49,35,14
103900211,456,1020,-564
103900212,112,831,-719
103900213,132,282,-150
103900214,420,182,238
103900215,760,256,504
103900216,11,664,-653
103900217,452,56,396
103900218,2,452,-450
103900219,147,571,-424
103900233,94,8,86
103900235,51,31,20
103900236,23,2,21
103900242,1,20,-19
103900243,6,6,0
103900244,107,592,-485
103900245,122,325,-203
103900246,137,44,93
103900247,88,153,-65
103900248,2,38,-36
103900249,29,42,-13
103900250,71,22,49
103900251,9,46,-37
103900253,60,79,-19
103900254,11,29,-18
103900255,16,28,-12
103900256,23,24,-1
103900257,182,227,-45
103900258,38,2,36
103900259,88,11,77
103900261,5,5,0
103900262,17,10,7
103900263,121,77,44
103900264,98,49,49
103900265,44,16,28
103900266,2,77,-75
103900267,10,105,-95
103900268,8,228,-220
103900269,83,76,7
103900270,26,233,-207
103900271,58,313,-255
103900272,51,140,-89
103900273,18,199,-181
103900274,48,16,32
103900275,39,13,26
103900276,6,298,-292
103900277,5,295,-290
103900278,10,121,-111
103900279,0,27,-27
103900280,0,135,-135
104000001,2441,2824,-383
104000002,2004,4208,-2204
104000003,2747,2876,-129
104000004,4041,3659,382
104000005,1563,2634,-1071
104000006,3098,4093,-995
104000007,4922,5256,-334
104000008,297,531,-234
104000009,134,146,-12
104000010,183,312,-129
104000011,1211,491,720
104000012,198,716,-518
104000013,205,222,-17
104000014,291,1109,-818
104000015,320,263,57
104000016,732,581,151
104000018,643,235,408
104000019,511,169,342
104000020,326,1214,-888
104000021,354,1071,-717
104000022,164,432,-268
104000023,532,456,76
104000024,283,550,-267
104000026,81,545,-464
104000027,398,630,-232
104000028,378,352,26
104000029,543,807,-264
104000030,291,374,-83
104000031,1042,470,572
104000032,261,431,-170
104000033,571,676,-105
104000034,337,541,-204
104000035,739,671,68
104000036,737,1057,-320
104000037,342,468,-126
104000038,360,474,-114
104000039,251,644,-393
104000040,884,676,208
104000041,462,476,-14
104000042,235,691,-456
104000043,281,667,-386
104000044,347,1171,-824
104000045,1299,1856,-557
104000046,2057,2326,-269
104000047,667,1903,-1236
104000048,1398,2668,-1270
104000049,460,412,48
104000050,187,874,-687
104000051,98,1017,-919
104000052,1114,2102,-988
104000053,849,923,-74
104000054,557,815,-258
104000055,4660,3848,812
104000056,2127,380,1747
104000057,123,659,-536
104000058,607,1036,-429
104000059,561,1726,-1165
104000060,921,1503,-582
104000061,1333,1880,-547
104000062,311,209,102
104000064,679,500,179
104000065,197,618,-421
104000069,2196,1109,1087
104000070,98,496,-398
104000071,146,557,-411
104000072,546,320,226
104000075,94,495,-401
104000076,599,116,483
104000082,2251,3620,-1369
104000083,849,313,536
104000084,93,656,-563
104000085,285,315,-30
104000086,191,583,-392
104000087,517,1631,-1114
104000090,875,2388,-1513
104000092,1015,4381,-3366
104000094,1102,3267,-2165
104000095,1742,1781,-39
104000096,1219,708,511
104000097,1457,1850,-393
104000098,1441,2101,-660
104000100,1362,1041,321
104000101,1159,3548,-2389
104000106,105,807,-702
104000107,680,742,-62
104000108,455,949,-494
104000109,320,59,261
104000110,932,1332,-400
104000111,8275,2922,5353
104000112,3378,899,2479
104000116,5,1919,-1914
104000117,138,2011,-1873
104000118,522,429,93
104000119,459,437,22
104000120,220,1818,-1598
104000121,223,918,-695
104000122,578,965,-387
104000123,1236,1753,-517
104000124,1568,4021,-2453
104000125,8140,4521,3619
104000126,368,583,-215
104000127,1874,4537,-2663
104000128,998,653,345
104000129,588,34,554
104000130,9,262,-253
104000131,1302,801,501
104000132,896,965,-69
104000133,1233,1279,-46
104000134,886,1990,-1104
104000135,347,1774,-1427
104000136,900,4238,-3338
104000137,1755,414,1341
104000138,1532,506,1026
104000139,11806,4178,7628
104000141,1335,2590,-1255
104000142,816,1402,-586
104000143,708,1107,-399
104000144,75,263,-188
104000145,475,301,174
104000146,457,850,-393
104000147,125,475,-350
104000148,327,226,101
104000149,235,584,-349
104000150,809,767,42
104000151,370,907,-537
104000152,513,1143,-630
104000153,479,669,-190
104000154,1324,1017,307
104000155,423,555,-132
104000157,1292,2793,-1501
104000158,323,391,-68
104000159,679,464,215
104000160,1994,1966,28
104000161,412,232,180
104000162,69,194,-125
104000165,2168,1479,689
104000167,589,942,-353
104000168,623,9,614
104000169,59,70,-11
104000170,962,711,251
104000248,300,1784,-1484
104000251,69,447,-378
104000272,0,0,0
104000273,0,0,0
104000274,0,0,0
104000275,0,0,0
104000279,803,535,268
104000290,69,530,-461
104000291,677,1672,-995
104000293,813,1062,-249
104000294,14,0,14
104000295,589,1049,-460
104000296,348,1108,-760
104000297,948,2150,-1202
104000298,2023,1190,833
104000299,803,2362,-1559
104900001,134,741,-607
104900002,50,166,-116
104900003,57,561,-504
104900004,121,512,-391
104900005,206,290,-84
104900006,183,108,75
104900007,282,367,-85
104900009,141,702,-561
104900010,37,28,9
104900011,9,4,5
104900012,160,8,152
104900013,104,14,90
104900014,5233,504,4729
104900015,124,4,120
104900016,197,521,-324
104900017,118,243,-125
104900018,17,286,-269
104900019,459,2087,-1628
104900020,49,411,-362
104900021,2,557,-555
104900022,15,214,-199
104900023,1,223,-222
104900024,43,206,-163
104900025,58,813,-755
104900026,4,240,-236
104900027,398,364,34
104900028,25,140,-115
104900029,40,167,-127
104900030,466,275,191
104900031,177,324,-147
104900032,33,247,-214
104900033,133,376,-243
104900034,298,160,138
104900035,239,192,47
104900036,163,114,49
104900037,130,673,-543
104900038,874,569,305
104900039,1680,236,1444
104900040,234,93,141
104900041,235,271,-36
104900042,147,702,-555
104900043,5,131,-126
104900044,386,322,64
104900045,391,82,309
104900046,110,201,-91
104900047,305,229,76
104900048,212,156,56
104900049,15,9,6
104900050,180,173,7
104900051,289,67,222
104900052,30,0,30
104900053,419,107,312
104900054,169,71,98
104900055,51,0,51
104900056,213,24,189
104900057,24,1,23
104900058,961,262,699
104900059,34,63,-29
104900060,3,678,-675
104900061,446,1015,-569
104900063,3,211,-208
104900064,0,225,-225
104900065,2,215,-213
104900066,0,447,-447
104900067,16,377,-361
104900068,30,384,-354
104900070,184,414,-230
104900071,8,1275,-1267
104900072,76,323,-247
104900073,55,631,-576
104900074,92,313,-221
104900075,54,195,-141
104900076,108,585,-477
104900077,2389,165,2224
104900078,222,1082,-860
104900079,164,312,-148
104900080,67,763,-696
104900082,17,508,-491
104900085,15,420,-405
104900087,448,10,438
104900089,128,2,126
104900090,604,762,-158
104900091,451,1466,-1015
104900093,309,879,-570
104900097,5020,1675,3345
104900098,94,37,57
104900099,135,559,-424
104900100,1277,343,934
104900102,19,495,-476
104900103,562,191,371
104900104,4807,1741,3066
104900106,69,163,-94
104900107,86,456,-370
104900108,28,620,-592
104900109,93,314,-221
104900110,17,69,-52
104900111,159,237,-78
104900112,213,1690,-1477
104900113,656,761,-105
104900114,260,1300,-1040
104900115,651,915,-264
104900116,190,363,-173
104900118,17,116,-99
104900119,0,52,-52
104900120,154,129,25
104900121,1,222,-221
104900122,4,182,-178
104900123,31,7,24
104900124,23,1,22
104900125,644,31,613
104900126,88,107,-19
104900127,28,54,-26
104900128,71,142,-71
104900129,3945,1620,2325
105000001,2671,2443,228
105000002,2860,2530,330
105000003,4701,5034,-333
105000004,617,1729,-1112
105000005,681,1632,-951
105000006,1286,2243,-957
105000007,1298,1786,-488
105000008,1351,2522,-1171
105000009,1518,3545,-2027
105000010,4148,4187,-39
105000011,2200,2852,-652
105000012,4674,4445,229
105000013,760,1287,-527
105000014,1189,2200,-1011
105000015,10667,8087,2580
105000016,5568,2469,3099
105000017,2043,1610,433
105000018,1749,1212,537
105000019,1850,1108,742
105000020,276,417,-141
105000021,361,172,189
105000022,201,73,128
105000023,538,253,285
105000028,87,224,-137
105000029,474,1316,-842
105000030,4791,5125,-334
105000033,1017,3025,-2008
105000034,227,750,-523
105000037,711,1073,-362
105000038,1481,1697,-216
105000039,3368,2482,886
105000040,632,1152,-520
105000041,576,1908,-1332
105000042,2112,1481,631
105000043,2138,2809,-671
105000044,375,420,-45
105000045,354,1271,-917
105000046,823,444,379
105000047,591,1982,-1391
105000048,550,285,265
105000049,316,1037,-721
105000050,666,589,77
105000051,313,782,-469
105000052,468,1559,-1091
105000053,180,268,-88
105000054,270,1688,-1418
105000055,418,765,-347
105000056,1073,4397,-3324
105000057,1289,1526,-237
105000058,1799,2178,-379
105000059,662,709,-47
105000060,603,1123,-520
105000061,510,647,-137
105000062,1207,1995,-788
105000063,510,1228,-718
105000064,1338,959,379
105000065,511,1743,-1232
105000066,1326,3419,-2093
105000067,1232,762,470
105000068,790,1414,-624
105000069,6012,1183,4829
105000070,1334,1043,291
105000071,457,755,-298
105000072,1346,1774,-428
105000073,1037,865,172
105000074,1066,1281,-215
105000075,714,1068,-354
105000076,1658,1336,322
105000077,2254,1005,1249
105000078,1910,1630,280
105000079,2232,2162,70
105000080,2082,1136,946
105000081,1893,909,984
105000082,880,561,319
105000083,1794,846,948
105000084,682,1438,-756
105000085,1382,1152,230
105000086,649,1138,-489
105000087,4700,2712,1988
105000088,1285,1751,-466
105000089,3410,2985,425
105000090,955,1142,-187
105000091,1755,2420,-665
105000092,659,1524,-865
105000093,368,226,142
105000094,273,360,-87
105000095,91,443,-352
105000096,1255,870,385
105000097,1399,1000,399
105000098,1011,790,221
105000099,1300,1307,-7
105000100,980,1717,-737
105000101,1882,3405,-1523
105000102,1296,2099,-803
105000103,1435,3669,-2234
105000104,1771,1722,49
105000105,1044,3598,-2554
105000106,1322,2614,-1292
105000107,952,1867,-915
105000108,1230,3573,-2343
105000109,1541,2725,-1184
105000110,764,1769,-1005
105000111,703,1017,-314
105000112,1273,1549,-276
105000113,509,913,-404
105000114,7089,1648,5441
105000115,370,1127,-757
105000116,715,612,103
105000117,902,2405,-1503
105000118,321,479,-158
105000119,481,2115,-1634
105000120,727,821,-94
105000121,985,2275,-1290
105000122,288,726,-438
105000123,1427,2529,-1102
105000124,1487,1522,-35
105000125,756,2963,-2207
105000126,2319,4047,-1728
105000127,2936,2887,49
105000128,464,2410,-1946
105000129,900,418,482
105000130,176,1640,-1464
105000131,1003,618,385
105000132,760,569,191
105000133,397,1749,-1352
105000134,626,695,-69
105000135,433,1046,-613
105000136,182,578,-396
105000137,331,274,57
105000138,310,495,-185
105000139,1217,1543,-326
105000140,295,785,-490
105000141,221,969,-748
105000142,130,734,-604
105000143,288,1194,-906
105000144,379,1206,-827
105000145,683,809,-126
105000146,793,1189,-396
105000147,610,606,4
105000148,1120,1099,21
105000149,2161,3050,-889
105000150,2673,2449,224
105000151,472,498,-26
105000152,308,1118,-810
105000153,792,765,27
105000154,863,1762,-899
105000155,371,944,-573
105000156,1181,1682,-501
105000157,1225,4192,-2967
105000158,2226,1217,1009
105000159,348,2732,-2384
105000160,1967,845,1122
105000161,957,3326,-2369
105000162,782,1846,-1064
105000163,3132,2001,1131
105000164,220,462,-242
105000165,3479,5479,-2000
105000166,12884,647,12237
105000167,5817,1845,3972
105000168,323,1518,-1195
105000169,355,592,-237
105000170,137,1927,-1790
105000171,1342,679,663
105000172,52,125,-73
105000173,79,80,-1
105000174,53,43,10
105000175,93,187,-94
105000176,171,85,86
105000177,227,179,48
105000178,126,1596,-1470
105000179,230,170,60
105000180,103,156,-53
105000181,111,985,-874
105000182,60,74,-14
105000183,4741,2492,2249
105000184,1134,1067,67
105000185,1035,1014,21
105000186,351,1111,-760
105000187,686,287,399
105000188,283,132,151
105000189,192,768,-576
105000190,200,337,-137
105000191,384,500,-116
105000192,228,105,123
105000193,112,260,-148
105000194,259,76,183
105000195,369,1839,-1470
105000196,40,109,-69
105000197,276,1137,-861
105000198,821,442,379
105000199,382,403,-21
105000200,134,350,-216
105000201,107,31,76
105000203,27,450,-423
105000204,64,112,-48
105000205,57,347,-290
105000207,588,257,331
105000208,284,541,-257
105000209,306,390,-84
105000212,1109,2646,-1537
105000213,238,194,44
105000214,117,346,-229
105000215,248,440,-192
105000216,133,381,-248
105000217,129,459,-330
105000218,829,1622,-793
105000221,355,552,-197
105000222,148,99,49
105000223,135,239,-104
105000226,77,681,-604
105000227,66,367,-301
105000228,430,1151,-721
105000229,138,297,-159
105000231,312,500,-188
105000233,573,657,-84
105000234,553,1856,-1303
105000235,417,795,-378
105000237,927,102,825
105000243,32,441,-409
105000248,97,99,-2
105000262,314,3347,-3033
105000269,126,339,-213
105000270,373,169,204
105000271,7,470,-463
105000282,292,81,211
105000287,398,416,-18
105000288,407,741,-334
105000289,2054,1158,896
105000290,6,2,4
105000402,7742,2610,5132
105000426,433,660,-227
105000438,1834,844,990
105000446,21673,6599,15074
105000447,11626,4019,7607
105000454,313,1436,-1123
105000455,297,299,-2
105000474,4,1,3
105000477,364,599,-235
105000478,1466,2514,-1048
105000479,137,170,-33
105000480,3412,2619,793
105000481,3266,2549,717
105000482,6378,3603,2775
105000483,1464,1505,-41
105000484,2972,3210,-238
105000485,1225,1851,-626
105000486,3833,2920,913
105000488,5126,3991,1135
105000489,999,1179,-180
105000549,56,254,-198
105000550,574,1885,-1311
105000551,26,145,-119
105000552,5197,2829,2368
105000555,724,655,69
105900001,12,1650,-1638
105900002,2558,586,1972
105900003,12,86,-74
105900004,329,167,162
105900005,6,291,-285
105900006,14,54,-40
105900007,30,21,9
105900008,77,1089,-1012
105900009,10,12,-2
105900011,67,59,8
105900012,354,208,146
105900013,2,18,-16
105900014,8,137,-129
105900015,158,497,-339
105900016,214,1129,-915
105900017,782,90,692
105900018,305,433,-128
105900019,70,715,-645
105900020,56,67,-11
105900021,19,460,-441
105900022,272,589,-317
105900023,1,142,-141
105900024,11,181,-170
105900025,62,87,-25
105900026,308,97,211
105900027,7741,4116,3625
105900028,160,253,-93
105900029,2973,379,2594
105900030,238,332,-94
105900031,684,211,473
105900032,95,248,-153
105900033,84,172,-88
105900034,175,333,-158
105900035,160,262,-102
105900036,45,237,-192
105900037,89,89,0
105900038,173,530,-357
105900039,88,295,-207
105900040,68,118,-50
105900041,240,974,-734
105900042,56,159,-103
105900043,3080,71,3009
105900044,2,198,-196
105900045,2,770,-768
105900046,8,262,-254
105900047,3,52,-49
105900048,84,636,-552
105900050,2775,1451,1324
105900051,8,2245,-2237
105900052,356,98,258
105900053,5461,1917,3544
105900054,320,516,-196
105900056,1139,263,876
105900057,18,244,-226
105900058,20,64,-44
105900059,0,39,-39
106000001,5090,2292,2798
106000002,4055,6954,-2899
106000003,3656,3778,-122
106000004,3516,3836,-320
106000005,2731,6768,-4037
106000006,7307,7004,303
106000007,404,580,-176
106000008,370,387,-17
106000009,479,412,67
106000010,594,704,-110
106000011,819,1188,-369
106000012,923,2373,-1450
106000013,1937,2250,-313
106000014,2502,2631,-129
106000015,1420,1360,60
106000016,1339,3283,-1944
106000017,788,873,-85
106000018,651,758,-107
106000019,318,605,-287
106000020,286,603,-317
106000021,375,631,-256
106000022,344,398,-54
106000023,680,568,112
106000024,827,1163,-336
106000025,109,292,-183
106000026,137,442,-305
106000027,1046,1865,-819
106000028,659,928,-269
106000029,980,1816,-836
106000030,1189,512,677
106000034,259,748,-489
106000035,1074,1409,-335
106000036,572,573,-1
106000037,2438,2557,-119
106000038,687,104,583
106000039,263,77,186
106000040,275,942,-667
106000041,983,403,580
106000043,697,140,557
106000046,468,84,384
106000047,97,623,-526
106000049,665,205,460
106000050,336,1584,-1248
106000051,587,595,-8
106000052,101,981,-880
106000053,248,149,99
106000054,546,787,-241
106000055,950,1743,-793
106000056,382,726,-344
106000057,257,364,-107
106000058,211,328,-117
106000059,288,376,-88
106000060,819,842,-23
106000061,323,690,-367
106000062,221,975,-754
106000063,813,773,40
106000064,52,648,-596
106000065,467,311,156
106000066,185,565,-380
106000067,292,150,142
106000068,73,1072,-999
106000069,228,201,27
106000070,509,1411,-902
106000071,1076,655,421
106000072,8072,2393,5679
106000073,2518,2879,-361
106000074,525,1199,-674
106000075,434,1696,-1262
106000076,2076,2482,-406
106000077,4985,2050,2935
106000078,1164,1493,-329
106000079,646,1611,-965
106000080,1405,1255,150
106000081,666,1620,-954
106000082,3204,1431,1773
106000083,545,1985,-1440
106000084,1128,964,164
106000085,2360,1747,613
106000086,775,1082,-307
106000087,985,909,76
106000088,497,1190,-693
106000089,1335,706,629
106000090,377,867,-490
106000091,356,1158,-802
106000092,836,359,477
106000093,439,106,333
106000094,111,688,-577
106000095,653,2259,-1606
106000096,973,1094,-121
106000097,948,2141,-1193
106000098,635,1366,-731
106000099,237,1337,-1100
106000100,884,457,427
106000101,823,361,462
106000102,127,870,-743
106000103,315,976,-661
106000104,692,665,27
106000105,484,1378,-894
106000106,656,616,40
106000107,149,734,-585
106000108,212,501,-289
106000109,151,656,-505
106000110,185,377,-192
106000111,201,967,-766
106000112,166,564,-398
106000113,1996,903,1093
106000114,549,559,-10
106000115,249,871,-622
106000116,257,439,-182
106000117,1186,1307,-121
106000118,1336,1367,-31
106000119,3835,1934,1901
106000120,803,888,-85
106000121,190,370,-180
106000122,230,582,-352
106000123,245,550,-305
106000124,55,532,-477
106000125,15,546,-531
106000126,148,372,-224
106000127,866,1469,-603
106000128,725,544,181
106000129,617,1085,-468
106000130,681,720,-39
106000131,224,1314,-1090
106000132,1310,279,1031
106000133,6500,1677,4823
106000134,1369,1303,66
106000135,321,1661,-1340
106000136,846,930,-84
106000137,107,2640,-2533
106000138,997,93,904
106000139,75,227,-152
106000140,60,151,-91
106000141,49,141,-92
106000142,88,143,-55
106000143,41,123,-82
106000144,29,81,-52
106000145,301,408,-107
106000146,324,312,12
106000147,541,958,-417
106000148,678,1142,-464
106000149,631,627,4
106000150,593,2689,-2096
106000151,7868,1123,6745
106000152,1929,2007,-78
106000153,134,2169,-2035
106000154,2087,443,1644
106000155,98,344,-246
106000156,724,564,160
106000157,830,2970,-2140
106000158,4984,1213,3771
106000159,7283,1845,5438
106000160,408,2544,-2136
106000161,2431,873,1558
106000162,230,861,-631
106000163,400,1040,-640
106000164,296,459,-163
106000165,335,1254,-919
106000166,810,358,452
106000167,395,2109,-1714
106000168,367,275,92
106000169,145,1323,-1178
106000170,416,380,36
106000171,130,1837,-1707
106000172,2568,1458,1110
106000173,845,4779,-3934
106000174,969,406,563
106000175,340,1870,-1530
106000176,1342,1126,216
106000177,848,4183,-3335
106000178,2982,2861,121
106000179,1402,3569,-2167
106000180,759,2755,-1996
106000181,587,3028,-2441
106000182,914,1490,-576
106000183,944,1752,-808
106000184,1217,1786,-569
106000185,801,1478,-677
106000186,1208,206,1002
106000187,328,1105,-777
106000188,0,4,-4
106000189,3,66,-63
106000190,11,2,9
106000191,601,218,383
106000192,0,40,-40
106000193,404,193,211
106000194,193,442,-249
106000195,383,189,194
106000196,115,683,-568
106000197,380,675,-295
106000198,104,419,-315
106000199,1377,599,778
106000200,820,168,652
106000201,730,2077,-1347
106000202,12133,1046,11087
106000203,284,293,-9
106000204,73,5,68
106000205,26,217,-191
106000206,57,21,36
106000207,63,1255,-1192
106000208,831,179,652
106000209,1142,490,652
106000210,305,2229,-1924
106000211,418,2351,-1933
106000212,783,256,527
106000213,1216,1923,-707
106000214,4138,610,3528
106000215,296,824,-528
106000216,400,490,-90
106000217,337,737,-400
106000218,645,518,127
106000219,173,367,-194
106000220,462,396,66
106000221,97,420,-323
106000222,36,240,-204
106000223,143,201,-58
106000224,234,426,-192
106000225,75,97,-22
106000226,192,435,-243
106000228,86,238,-152
106000229,105,1011,-906
106000231,924,277,647
106000232,60,656,-596
106000233,350,306,44
106000234,95,271,-176
106000235,249,142,107
106000236,153,74,79
106000237,3,16,-13
106000238,6,7,-1
106000239,5,155,-150
106000240,46,6,40
106000241,16,992,-976
106000242,135,33,102
106000249,86,165,-79
106000250,44,537,-493
106000251,54,35,19
106000252,19,178,-159
106000253,46,59,-13
106000254,47,83,-36
106000255,12,147,-135
106000256,80,135,-55
106000257,152,411,-259
106000258,109,27,82
106000259,3,37,-34
106000260,15,8,7
106000261,3,63,-60
106000262,71,11,60
106000263,10,98,-88
106000264,139,8,131
106000265,7,204,-197
106000266,119,23,96
106000267,4,144,-140
106000268,677,23,654
106000269,100,107,-7
106000270,232,551,-319
106000271,35,227,-192
106000272,117,63,54
106000273,14,258,-244
106000274,197,55,142
106000275,202,287,-85
106000276,186,105,81
106000277,179,186,-7
106000278,165,73,92
106000279,13,120,-107
106000280,27,329,-302
106000281,94,180,-86
106000282,118,103,15
106000283,120,171,-51
106000284,54,166,-112
106000285,147,251,-104
106000286,90,255,-165
106000287,115,171,-56
106000288,163,226,-63
106000289,121,174,-53
106000290,82,140,-58
106000291,98,215,-117
106000292,102,204,-102
106000293,150,162,-12
106000294,181,217,-36
106000295,69,89,-20
106000296,67,180,-113
106000297,77,380,-303
106000298,174,81,93
106000299,89,266,-177
106000300,52,175,-123
106000301,68,160,-92
106000303,20,142,-122
106000304,19,74,-55
106000305,25,73,-48
106000306,78,165,-87
106000307,36,42,-6
106000308,26,345,-319
106000309,33,132,-99
106000310,243,972,-729
106000311,305,188,117
106000312,80,302,-222
106000313,185,322,-137
106000318,256,318,-62
106000319,746,82,664
106000320,1,63,-62
106000321,582,94,488
106000322,116,314,-198
106000324,5,235,-230
106000325,1494,1013,481
106000326,1166,2689,-1523
106000327,91,265,-174
106000328,13,89,-76
106000329,55,550,-495
106000330,32,64,-32
106000428,45,253,-208
106000429,152,773,-621
106000430,467,2322,-1855
106000431,1884,447,1437
106000432,2298,4618,-2320
106000433,1869,1273,596
106000434,3301,1430,1871
106000435,3173,4539,-1366
106000436,23,568,-545
106000437,217,52,165
106000438,306,139,167
106000439,70,866,-796
106000440,204,671,-467
106000441,1,0,1
106000442,277,4,273
106000443,127,823,-696
106000450,9,402,-393
106000451,23,28,-5
106000454,11,106,-95
106000455,21,211,-190
106000456,144,24,120
106000457,14,1715,-1701
106000458,354,474,-120
106000459,133,746,-613
106000460,744,88,656
106000461,68,3111,-3043
106000462,0,23,-23
106000463,2,56,-54
106000464,4,1025,-1021
106000465,312,1,311
106000466,6,1162,-1156
106000467,969,864,105
106000468,74,455,-381
106000469,638,6,632
106000470,278,2002,-1724
106000471,58,1106,-1048
106000472,152,19,133
106000473,32,65,-33
106000474,322,1151,-829
106000475,249,187,62
106000476,242,210,32
106000477,31,165,-134
106000480,0,192,-192
106900001,1,46,-45
106900002,7,1158,-1151
106900003,318,1534,-1216
106900004,2,124,-122
106900006,1,39,-38
106900007,0,59,-59
106900008,230,576,-346
106900009,299,848,-549
106900010,225,656,-431
106900012,4080,2308,1772
106900013,482,109,373
106900014,16,4,12
106900015,6,0,6
106900016,284,3,281
106900017,2,0,2
106900018,0,0,0
106900019,37,7,30
106900020,4559,1459,3100
106900021,32,92,-60
106900022,380,0,380
106900023,12,396,-384
106900024,390,33,357
106900025,56,1176,-1120
106900026,7,1355,-1348
106900027,381,7,374
107000001,4104,2351,1753
107000002,6243,5472,771
107000003,4458,5521,-1063
107000004,6284,7688,-1404
107000005,2765,5028,-2263
107000006,4535,9330,-4795
107000007,4444,9470,-5026
107000008,19070,15771,3299
107000009,4747,5795,-1048
107000010,11057,14908,-3851
107000011,1376,1817,-441
107000012,6222,5883,339
107000013,50,220,-170
107000014,36,378,-342
107000015,550,1256,-706
107000016,531,1855,-1324
107000017,2619,1150,1469
107000018,11,357,-346
107000020,1252,480,772
107000021,1003,968,35
107000022,699,1557,-858
107000023,1508,420,1088
107000024,467,2372,-1905
107000025,183,471,-288
107000026,187,979,-792
107000027,1082,1106,-24
107000028,1326,2716,-1390
107000029,1980,2149,-169
107000030,3862,4791,-929
107000031,3213,2190,1023
107000032,511,1264,-753
107000033,5231,5084,147
107000034,7425,3103,4322
107000035,469,265,204
107000036,531,1415,-884
107000037,75,809,-734
107000038,261,315,-54
107000039,745,870,-125
107000040,184,468,-284
107000041,2119,844,1275
107000042,968,2322,-1354
107000043,4258,1254,3004
107000044,933,478,455
107000045,154,420,-266
107000046,727,498,229
107000047,647,1246,-599
107000048,795,375,420
107000049,736,1098,-362
107000050,1127,715,412
107000051,830,500,330
107000052,1327,1056,271
107000053,470,252,218
107000054,70,440,-370
107000055,348,230,118
107000056,487,1007,-520
107000057,2200,239,1961
107000058,2495,2856,-361
107000059,3147,4762,-1615
107000060,3231,5947,-2716
107000061,6948,6270,678
107000062,3238,3450,-212
107000063,4879,9838,-4959
107000064,3624,2367,1257
107000065,4587,8223,-3636
107000066,1671,2222,-551
107000067,944,1143,-199
107000068,1639,655,984
107000069,981,520,461
107000070,403,8,395
107000071,2121,40,2081
107000072,68,5650,-5582
107000073,353,245,108
107000074,143,1326,-1183
107000075,1251,528,723
107000076,1298,2347,-1049
107000077,2769,1044,1725
107000078,2541,4628,-2087
107000079,2040,712,1328
107000080,1543,4458,-2915
107000081,1073,667,406
107000082,676,4008,-3332
107000083,1001,418,583
107000084,611,3643,-3032
107000085,2652,3633,-981
107000086,4021,4096,-75
107000087,2559,2283,276
107000088,2859,4637,-1778
107000089,1697,2106,-409
107000090,1308,1534,-226
107000091,1315,1156,159
107000092,896,1665,-769
107000093,1012,939,73
107000094,1126,1891,-765
107000095,513,911,-398
107000096,741,1607,-866
107000097,579,478,101
107000098,482,1406,-924
107000099,551,350,201
107000100,448,602,-154
107000101,86,238,-152
107000102,590,497,93
107000103,465,258,207
107000104,334,602,-268
107000105,427,196,231
107000106,166,537,-371
107000107,589,250,339
107000108,198,1273,-1075
107000109,481,188,293
107000110,109,1086,-977
107000111,233,46,187
107000112,37,732,-695
107000113,546,158,388
107000114,96,1370,-1274
107000115,575,139,436
107000116,198,1572,-1374
107000117,124,544,-420
107000118,253,504,-251
107000119,3087,1625,1462
107000120,5020,500,4520
107000121,645,1002,-357
107000122,1328,1217,111
107000123,365,1361,-996
107000124,566,1207,-641
107000125,703,1494,-791
107000126,789,1436,-647
107000129,246,1733,-1487
107000130,436,293,143
107000131,601,1165,-564
107000132,568,368,200
107000133,375,122,253
107000134,187,1,186
107000135,4,332,-328
107000136,471,4,467
107000137,21,599,-578
107000138,215,14,201
107000139,18,567,-549
107000140,1028,63,965
107000141,148,1227,-1079
107000142,289,62,227
107000143,81,1302,-1221
107000144,295,332,-37
107000145,150,843,-693
107000146,136,204,-68
107000147,3988,931,3057
107000150,1181,2173,-992
107000151,42,71,-29
107000152,911,740,171
107000153,855,576,279
107000154,265,139,126
107000155,556,13,543
107000156,891,29,862
107000157,18,3196,-3178
107000158,413,17,396
107000159,51,2399,-2348
107000160,729,85,644
107000161,146,3120,-2974
107000162,151,289,-138
107000163,63,0,63
107000164,249,0,249
107000165,622,2,620
107000166,78,2354,-2276
107000167,492,469,23
107000168,748,402,346
107000169,1399,1158,241
107000170,1214,686,528
107000171,616,3973,-3357
107000172,766,1075,-309
107000173,913,2001,-1088
107000174,790,3721,-2931
107000175,14276,2266,12010
107000176,0,0,0
107000177,0,1,-1
107000178,8,74,-66
107000179,277,4452,-4175
107000180,1253,542,711
107000181,436,2196,-1760
107000182,1515,1395,120
107000183,140,1348,-1208
107000184,936,1244,-308
107000185,519,1775,-1256
107000186,1119,480,639
107000187,1261,1907,-646
107000188,444,708,-264
107000189,400,1425,-1025
107000190,538,1321,-783
107000191,561,1243,-682
107000192,1721,1840,-119
107000193,378,521,-143
107000194,941,1357,-416
107000197,738,265,473
107000198,422,1055,-633
107000199,690,770,-80
107000200,1569,707,862
107000201,299,269,30
107000202,265,478,-213
107000203,935,651,284
107000204,1313,665,648
107000205,2447,1170,1277
107000206,806,1151,-345
107000207,900,1725,-825
107000208,1614,571,1043
107000209,3164,1236,1928
107000210,1519,579,940
107000211,8,34,-26
107000212,37,441,-404
107000213,12,39,-27
107000214,27,222,-195
107000215,327,689,-362
107000216,260,657,-397
107000217,94,186,-92
107000219,87,100,-13
107000220,152,443,-291
107000222,237,954,-717
107000224,325,94,231
107000225,221,972,-751
107000226,257,95,162
107000227,114,627,-513
107000228,137,221,-84
107000229,528,236,292
107000230,1719,826,893
107000231,2124,945,1179
107000232,172,160,12
107000233,1492,743,749
107000234,3,28,-25
107000235,70,9,61
107000236,27,420,-393
107000237,8,0,8
107000238,22,0,22
107000239,8320,707,7613
107000240,135,1980,-1845
107000241,185,29,156
107000242,1156,74,1082
107000243,3,112,-109
107000244,15,96,-81
107000246,4,1634,-1630
107000249,3,1484,-1481
107000251,3,425,-422
107000252,2,2005,-2003
107000255,1400,146,1254
107000257,1,861,-860
107000258,0,292,-292
107000259,5,453,-448
107000260,462,2,460
107000262,24,1236,-1212
107000263,184,4,180
107000266,7,8,-1
107000267,76,360,-284
107000268,174,261,-87
107000269,461,59,402
107000270,0,19,-19
107000271,24,1488,-1464
107000272,8,268,-260
107000273,1,308,-307
107000274,942,293,649
107000275,36,1006,-970
107000280,480,41,439
107000281,44,2023,-1979
107000282,29,1655,-1626
107000290,4,32,-28
107000291,22,14,8
107000292,1,37,-36
107000293,56,2,54
107000294,0,28,-28
107000295,29,4,25
107000296,0,15,-15
107000444,144,6,138
107000496,0,41,-41
107000497,1752,4496,-2744
107000500,366,555,-189
107000501,78,291,-213
107000502,208,626,-418
107000505,1396,1145,251
107000506,0,32,-32
107000508,7,1089,-1082
107000509,230,439,-209
107000510,26,21,5
107000514,79,337,-258
107000515,16,447,-431
107000516,263,336,-73
107000518,904,965,-61
107000519,6140,1563,4577
107000520,77,11,66
107000521,585,798,-213
107000522,515,1578,-1063
107900001,35,325,-290
107900002,37,5,32
107900003,421,16,405
107900004,49,0,49
107900005,645,3,642
107900006,148,6,142
107900007,244,28,216
107900008,52,68,-16
107900009,112,2,110
107900010,13,0,13
107900012,403,37,366
107900013,335,113,222
107900014,10,3,7
107900015,650,10,640
107900016,385,169,216
107900017,28,0,28
107900018,81,108,-27
107900019,16,127,-111
107900020,88,9,79
107900021,60,216,-156
107900023,3,2,1
107900024,0,28,-28
107900025,197,482,-285
107900026,44,205,-161
107900027,32,59,-27
107900028,35,142,-107
107900030,234,31,203
107900031,89,505,-416
107900032,9,8,1
107900033,13,8,5
107900034,367,9,358
107900035,596,18,578
107900036,22,8,14
107900037,0,65,-65
107900038,190,193,-3
107900039,16,96,-80
107900040,18,100,-82
107900041,0,7,-7
107900043,64,400,-336
107900044,5,7,-2
107900045,71,36,35
107900046,110,143,-33
107900047,20,129,-109
107900048,207,20,187
107900049,403,680,-277
107900050,102,547,-445
107900051,99,167,-68
107900052,20,46,-26
107900053,23,121,-98
107900055,832,358,474
107900056,105,38,67
107900057,0,0,0
107900058,27,1166,-1139
107900060,14,61,-47
107900061,31,5,26
107900063,160,215,-55
107900064,567,109,458
107900065,165,15,150
107900066,11,13,-2
107900067,0,0,0
107900068,205,238,-33
107900069,37,1073,-1036
107900070,95,26,69
107900071,30,1441,-1411
107900072,47,381,-334
107900073,54,177,-123
107900074,1295,177,1118
107900076,240,140,100
107900077,38,0,38
107900078,278,38,240
107900079,3,16,-13
107900080,161,269,-108
107900081,24,92,-68
107900082,25,24,1
107900083,355,151,204
107900084,127,206,-79
107900086,56,155,-99
107900087,602,96,506
107900088,10,3,7
107900089,366,1079,-713
107900090,748,1630,-882
107900091,256,745,-489
107900092,2635,680,1955
107900093,75,77,-2
107900095,3982,1909,2073
107900097,13,77,-64
107900098,96,261,-165
107900100,1318,1105,213
107900101,1637,261,1376
107900102,38,8,30
107900103,38,199,-161
107900104,191,1,190
107900105,1,739,-738
107900106,6,2295,-2289
107900107,1809,345,1464
107900108,501,132,369
107900109,863,2,861
107900110,19,166,-147
107900111,17,1917,-1900
107900112,194,439,-245
107900113,150,193,-43
107900114,86,347,-261
107900115,0,51,-51
107900116,84,421,-337
107900117,332,687,-355
107900118,76,176,-100
107900119,44,120,-76
107900120,14,19,-5
107900121,2,167,-165
107900122,0,52,-52
107900123,1,29,-28
107900124,26,30,-4
107900125,43,281,-238
107900126,6,40,-34
107900127,550,211,339
107900128,153,114,39
107900129,38,79,-41
107900130,45,30,15
107900131,654,136,518
107900132,125,657,-532
107900133,0,90,-90
107900134,41,22,19
107900135,10,275,-265
107900136,57,41,16
107900137,114,150,-36
107900138,43,51,-8
107900139,25,46,-21
107900140,24,12,12
107900141,57,65,-8
107900142,109,1945,-1836
107900143,30,68,-38
107900144,3,215,-212
107900145,8,178,-170
107900146,34,253,-219
107900147,63,25,38
107900148,169,268,-99
107900149,2948,234,2714
107900150,122,1606,-1484
107900151,16,138,-122
107900152,6,426,-420
107900153,154,359,-205
107900154,48,19,29
107900155,64,42,22
107900156,9,549,-540
107900157,43,112,-69
107900158,584,14,570
107900159,30,2264,-2234
107900160,80,213,-133
107900161,44,342,-298
107900162,0,203,-203
107900163,54,26,28
107900164,7,45,-38
107900165,11,64,-53
107900166,20,418,-398
107900167,48,68,-20
107900168,13,63,-50
107900169,2,183,-181
107900171,16,3407,-3391
107900172,1,455,-454
107900173,28,298,-270
107900174,57,11,46
107900175,12,31,-19
107900176,14,57,-43
107900177,4,165,-161
107900178,5,331,-326
107900179,9,177,-168
107900180,1503,364,1139
107900181,438,787,-349
107900182,12,2603,-2591
107900183,40,571,-531
107900184,45,398,-353
107900185,65,12,53
107900186,15,44,-29
107900187,0,153,-153
107900188,1103,142,961
107900189,20,201,-181
107900190,154,96,58
107900191,49,237,-188
107900193,13,43,-30
107900194,119,5,114
107900195,6621,727,5894
107900196,39,71,-32
107900197,1210,227,983
107900199,1,1398,-1397
107900201,99,223,-124
107900203,32,89,-57
107900204,376,294,82
107900205,253,574,-321
107900206,610,208,402
107900207,2,1068,-1066
107900208,14,1241,-1227
107900209,513,176,337
107900210,70,275,-205
107900213,566,611,-45
107900214,1,230,-229
107900215,237,364,-127
107900216,126,104,22
107900217,15,51,-36
107900218,5,2244,-2239
107900219,24,242,-218
107900220,218,216,2
107900221,238,285,-47
107900223,102,921,-819
107900224,253,502,-249
107900225,8,1334,-1326
107900226,80,169,-89
107900227,151,683,-532
107900228,10,114,-104
107900229,5,531,-526
107900230,20,238,-218
107900231,6,331,-325
107900232,66,319,-253
107900233,8,162,-154
107900234,120,256,-136
107900235,42,131,-89
107900236,102,125,-23
107900237,189,676,-487
107900238,16,199,-183
107900239,2099,508,1591
107900240,12,232,-220
107900241,7,114,-107
107900242,25,628,-603
107900243,5,59,-54
107900244,219,3,216
107900245,367,25,342
107900246,109,15,94
107900248,26,721,-695
107900249,421,13,408
107900250,2,886,-884
107900251,74,2249,-2175
107900252,706,14,692
107900253,79,1,78
107900254,60,173,-113
107900255,390,62,328
107900256,562,578,-16
107900257,150,77,73
107900258,93,348,-255
107900259,108,1264,-1156
107900261,0,598,-598
107900262,41,208,-167
107900264,216,3,213
107900265,57,373,-316
107900267,145,37,108
107900268,71,7,64
107900269,0,13,-13
107900270,0,0,0
107900271,1,13,-12
107900272,166,5,161
107900273,7,133,-126
107900274,33,0,33
107900275,10,0,10
107900276,1,88,-87
107900277,0,317,-317
107900278,201,467,-266
107900279,179,156,23
107900280,2138,2003,135
107900281,5878,1587,4291
107900282,173,327,-154
107900283,2169,559,1610
107900284,239,1111,-872
107900285,51,205,-154
107900286,169,179,-10
107900287,120,247,-127
107900290,0,157,-157
107900291,413,25,388
107900292,143,424,-281
107900293,62,927,-865
107900295,93,241,-148
107900297,3,368,-365
107900298,1009,1391,-382
107900299,5891,2844,3047
107900300,41,269,-228
107900301,524,494,30
107900302,119,32,87
107900303,103,435,-332
107900304,258,823,-565
107900305,226,12,214
107900306,21,11,10
107900307,42,382,-340
107900308,258,100,158
107900309,60,0,60
107900310,16,0,16
107900311,317,154,163
107900312,17,0,17
107900313,2,96,-94
107900314,0,60,-60
107900315,2,83,-81
107900316,85,2,83
107900317,109,3,106
107900318,6,265,-259
107900319,2,338,-336
107900320,4,292,-288
107900321,97,7,90
107900322,3,281,-278
107900323,25,304,-279
107900324,134,1,133
107900325,81,0,81
107900326,207,614,-407
107900327,0,1,-1
107900328,5,0,5
107900329,2,3,-1
107900330,5,906,-901
107900331,169,22,147
107900332,170,79,91
107900333,48,22,26
107900334,7,486,-479
107900335,65,94,-29
107900336,16,52,-36
107900337,2038,613,1425
107900338,1,183,-182
107900339,0,25,-25
107900340,0,81,-81
107900341,26,0,26
107900342,145,209,-64
107900343,43,4,39
107900344,2,139,-137
107900345,101,27,74
107900346,66,1,65
107900347,42,7,35
107900348,1,7,-6
107900349,28,13,15
107900350,42,384,-342
107900351,3,378,-375
107900352,0,64,-64
107900353,6,6,0
107900354,7,83,-76
108000001,2653,4246,-1593
108000002,2933,4777,-1844
108000003,3196,2671,525
108000004,21916,21549,367
108000005,6157,4374,1783
108000006,8580,9236,-656
108000007,4519,3975,544
108000008,6628,7987,-1359
108000009,3410,4081,-671
108000010,3861,6946,-3085
108000011,11485,11666,-181
108000012,24195,22293,1902
108000014,744,735,9
108000015,496,426,70
108000016,252,718,-466
108000017,852,458,394
108000018,1364,603,761
108000019,1459,739,720
108000020,1219,564,655
108000021,531,2335,-1804
108000022,674,2264,-1590
108000023,1202,225,977
108000024,188,985,-797
108000025,217,300,-83
108000026,357,850,-493
108000027,543,618,-75
108000028,223,409,-186
108000029,417,727,-310
108000030,444,290,154
108000031,263,644,-381
108000032,1061,733,328
108000033,702,2069,-1367
108000034,1407,558,849
108000035,1329,3780,-2451
108000036,473,2271,-1798
108000037,1742,385,1357
108000038,2125,491,1634
108000039,645,4373,-3728
108000040,1680,894,786
108000041,789,4265,-3476
108000042,136,357,-221
108000043,204,359,-155
108000044,369,198,171
108000045,280,996,-716
108000046,1134,390,744
108000047,447,1494,-1047
108000048,122,583,-461
108000049,553,238,315
108000050,143,622,-479
108000051,273,106,167
108000052,395,971,-576
108000053,306,168,138
108000054,711,1497,-786
108000055,1173,505,668
108000056,941,1602,-661
108000057,548,987,-439
108000058,2199,3185,-986
108000059,4910,2790,2120
108000060,179,453,-274
108000061,184,376,-192
108000062,711,567,144
108000063,384,903,-519
108000064,181,292,-111
108000065,581,946,-365
108000066,2385,1007,1378
108000067,1703,553,1150
108000068,642,346,296
108000069,292,1464,-1172
108000070,1615,806,809
108000071,754,2273,-1519
108000072,1406,1060,346
108000073,1831,2815,-984
108000074,366,431,-65
108000075,354,1075,-721
108000076,910,579,331
108000077,923,899,24
108000078,1841,2029,-188
108000079,1204,2541,-1337
108000080,781,822,-41
108000081,419,3809,-3390
108000082,1230,3044,-1814
108000083,1972,960,1012
108000084,482,2028,-1546
108000085,514,477,37
108000086,1112,1373,-261
108000087,210,1838,-1628
108000088,158,9,149
108000089,288,358,-70
108000090,291,165,126
108000091,126,990,-864
108000092,69,155,-86
108000093,142,1453,-1311
108000094,747,175,572
108000095,233,931,-698
108000096,211,219,-8
108000097,148,1017,-869
108000098,1078,1961,-883
108000099,124,124,0
108000100,30,190,-160
108000101,761,1402,-641
108000102,1405,2719,-1314
108000106,900,1,899
108000107,1,1103,-1102
108000108,478,52,426
108000109,9,1168,-1159
108000110,156,281,-125
108000111,239,1231,-992
108000112,39,170,-131
108000113,644,420,224
108000115,559,736,-177
108000117,899,487,412
108000118,168,142,26
108000119,896,669,227
108000120,90,901,-811
108000121,225,845,-620
108000122,308,420,-112
108000123,406,481,-75
108000124,230,815,-585
108000125,278,533,-255
108000126,107,877,-770
108000127,364,496,-132
108000128,579,968,-389
108000129,259,1855,-1596
108000130,295,338,-43
108000131,759,406,353
108000132,2279,2226,53
108000133,720,614,106
108000134,787,974,-187
108000135,1055,399,656
108000136,1343,1500,-157
108000137,336,585,-249
108000138,365,1626,-1261
108000139,263,455,-192
108000140,25,31,-6
108000141,38,285,-247
108000142,40,237,-197
108000143,21,70,-49
108000144,33,14,19
108000145,43,110,-67
108000146,44,9,35
108000147,21,99,-78
108000148,23,7,16
108000149,30,48,-18
108000150,21,2,19
108000151,26,22,4
108000152,109,1133,-1024
108000153,372,175,197
108000154,70,33,37
108000155,12,15,-3
108000156,417,138,279
108000157,175,771,-596
108000158,111,653,-542
108000159,1049,265,784
108000160,8181,1148,7033
108000161,7763,1965,5798
108000165,15,191,-176
108000172,1,288,-287
108000173,3907,1783,2124
108000175,136,114,22
108000178,467,492,-25
108000179,280,692,-412
108000181,92,41,51
108000182,189,36,153
108000183,26,35,-9
108000184,1754,2098,-344
108000185,115,919,-804
108000186,91,103,-12
108000187,51,1246,-1195
108000188,352,373,-21
108000189,882,994,-112
108000190,50,150,-100
108000192,116,929,-813
108000193,1197,80,1117
108000194,19,29,-10
108000195,4,2089,-2085
108000196,187,176,11
108000198,508,394,114
108000199,0,134,-134
108000200,224,1015,-791
108000202,0,103,-103
108000203,92,1533,-1441
108000204,79,43,36
108000205,462,900,-438
108000339,2027,383,1644
108000364,211,296,-85
108000365,40,509,-469
108000367,257,640,-383
108000368,12,61,-49
108000369,2591,148,2443
108000371,6,883,-877
108000372,465,1,464
108000373,112,213,-101
108000376,46,32,14
108000377,294,507,-213
108000378,9529,11007,-1478
108000379,37,308,-271
108000381,74,12,62
108000382,137,5,132
108000383,0,131,-131
108900001,198,1717,-1519
108900002,244,95,149
108900003,469,1669,-1200
108900004,106,256,-150
108900005,101,258,-157
108900006,603,234,369
108900007,145,210,-65
108900008,67,150,-83
108900009,67,123,-56
108900010,113,184,-71
108900011,389,520,-131
108900012,352,696,-344
108900013,149,403,-254
108900014,6,128,-122
108900015,0,23,-23
108900016,1,321,-320
108900017,145,208,-63
108900018,118,888,-770
108900019,40,1994,-1954
108900020,56,518,-462
108900021,86,512,-426
108900022,80,4,76
108900023,8,34,-26
108900024,18,194,-176
108900025,75,191,-116
108900026,13,121,-108
108900027,0,112,-112
108900028,76,685,-609
108900029,71,269,-198
108900030,1,167,-166
108900031,91,914,-823
108900032,3,522,-519
108900033,0,126,-126
108900034,0,470,-470
108900035,269,2296,-2027
108900036,223,570,-347
108900037,41,779,-738
108900038,3,681,-678
108900039,2,889,-887
108900040,3,222,-219
108900041,7745,3388,4357
108900042,4,406,-402
108900043,27,772,-745
108900044,5,1214,-1209
108900045,66,1032,-966
108900046,79,1940,-1861
108900047,0,149,-149
108900048,118,1748,-1630
108900049,8956,1142,7814
108900050,1,417,-416
108900051,2,307,-305
108900052,22,463,-441
108900053,158,210,-52
108900054,74,344,-270
108900055,95,725,-630
108900056,1,240,-239
108900057,0,312,-312
108900058,31,709,-678
108900059,344,28,316
108900060,64,222,-158
108900061,75,37,38
108900062,6,510,-504
108900063,14,609,-595
108900064,98,75,23
108900065,8,497,-489
108900066,258,128,130
108900067,10,363,-353
108900068,6,416,-410
108900069,47,209,-162
108900070,30,265,-235
108900071,71,98,-27
108900072,3835,369,3466
108900073,51,906,-855
108900074,122,813,-691
108900075,75,88,-13
108900076,311,97,214
108900077,172,971,-799
108900078,18,285,-267
108900079,1252,406,846
108900080,35,595,-560
108900081,53,459,-406
108900082,43,151,-108
108900083,18,233,-215
108900084,447,240,207
108900085,3970,234,3736
108900086,63,534,-471
108900087,163,354,-191
108900088,845,314,531
108900089,19,124,-105
108900090,36,622,-586
108900091,185,189,-4
108900092,421,346,75
108900093,125,81,44
108900094,271,122,149
108900095,61,1102,-1041
108900096,548,44,504
108900097,502,254,248
108900098,4758,617,4141
108900099,353,453,-100
108900100,65,249,-184
108900101,218,135,83
108900102,186,928,-742
108900103,74,107,-33
108900104,264,684,-420
108900105,4,995,-991
108900106,285,969,-684
108900108,291,50,241
108900109,253,83,170
108900110,147,821,-674
108900111,308,1195,-887
108900112,139,20,119
108900113,91,43,48
108900114,61,10,51
108900115,77,115,-38
108900116,40,9,31
108900117,135,24,111
108900118,571,13,558
108900119,153,54,99
108900120,176,255,-79
108900121,391,63,328
108900122,104,57,47
108900123,113,102,11
108900124,351,226,125
108900125,304,4,300
108900126,199,10,189
108900127,126,29,97
108900128,95,32,63
108900129,692,121,571
108900130,231,2,229
108900131,329,3,326
108900132,348,80,268
108900133,166,54,112
108900134,239,325,-86
108900135,112,9,103
108900136,8,1,7
108900137,66,2,64
108900138,407,24,383
108900139,287,70,217
108900140,224,305,-81
108900141,199,21,178
108900142,59,2,57
108900143,28,0,28
108900144,58,2,56
108900145,120,6,114
108900146,58,0,58
108900147,147,1,146
108900148,52,29,23
108900149,609,751,-142
108900150,285,11,274
108900151,22,1,21
108900152,60,3,57
108900153,98,794,-696
108900154,3926,478,3448
108900155,217,80,137
108900156,128,82,46
108900157,13,970,-957
108900158,265,29,236
108900159,6,611,-605
108900160,8,469,-461
108900161,15,720,-705
108900162,91,2,89
108900163,7,305,-298
108900164,54,126,-72
108900165,255,130,125
108900167,3025,4287,-1262
108900168,14567,2720,11847
108900169,41,242,-201
108900171,13314,2860,10454
108900172,277,62,215
108900173,215,598,-383
108900174,633,577,56
108900176,258,1239,-981
108900177,13440,3774,9666
108900178,8004,3450,4554
108900179,586,1263,-677
108900180,101,236,-135
108900182,28,324,-296
108900183,232,297,-65
108900184,587,262,325
108900185,45,543,-498
108900186,53,451,-398
108900187,283,87,196
108900188,403,54,349
108900189,270,176,94
108900190,53,5766,-5713
108900191,192,52,140
108900192,72,356,-284
108900193,149,39,110
108900194,16,499,-483
108900195,76,610,-534
108900196,17,1020,-1003
108900198,3,1057,-1054
108900199,213,357,-144
108900200,584,342,242
108900201,417,1561,-1144
108900203,552,44,508
108900204,468,11,457
108900205,260,15,245
108900206,336,44,292
108900207,223,77,146
108900208,28,600,-572
108900209,328,951,-623
108900210,208,388,-180
108900211,122,499,-377
108900212,1101,993,108
108900215,138,991,-853
108900216,442,97,345
108900217,63,0,63
108900218,161,14,147
108900219,73,4,69
108900220,26,19,7
108900221,52,117,-65
108900222,197,18,179
108900223,23,80,-57
108900224,23,154,-131
108900225,0,219,-219
108900226,214,10,204
108900227,158,252,-94
108900230,819,483,336
108900231,101,440,-339
108900232,4,719,-715
108900233,335,72,263
108900234,255,136,119
108900235,352,942,-590
108900236,42,540,-498
108900237,79,487,-408
108900240,73,107,-34
108900241,18,47,-29
108900245,2,1022,-1020
108900249,95,38,57
108900250,364,334,30
108900257,146,896,-750
108900258,12,409,-397
108900259,36,142,-106
108900260,3,153,-150
108900261,210,215,-5
108900262,269,180,89
108900263,36,446,-410
108900264,624,407,217
108900265,2103,369,1734
108900266,2120,503,1617
108900267,8,95,-87
108900268,6,4,2
108900269,69,13,56
108900270,62,8,54
108900271,48,7,41
108900272,154,7,147
108900273,1291,669,622
108900274,36,90,-54
109000001,5029,1430,3599
109000002,4797,1819,2978
109000003,2327,968,1359
109000004,678,3659,-2981
109000005,2199,1290,909
109000006,811,3121,-2310
109000007,1436,1044,392
109000008,611,2756,-2145
109000009,3619,1619,2000
109000010,1738,6760,-5022
109000011,2762,2125,637
109000012,1906,6314,-4408
109000013,2997,2895,102
109000014,1726,6124,-4398
109000015,3577,5978,-2401
109000016,17693,6453,11240
109000017,2237,1449,788
109000018,997,4671,-3674
109000019,2739,1660,1079
109000020,1654,3212,-1558
109000023,194,32,162
109000024,10,212,-202
109000025,421,460,-39
109000026,958,392,566
109000027,99,420,-321
109000028,157,137,20
109000029,137,172,-35
109000030,95,754,-659
109000031,145,116,29
109000032,132,726,-594
109000033,297,103,194
109000034,78,81,-3
109000035,7,74,-67
109000036,77,543,-466
109000037,176,979,-803
109000038,593,592,1
109000039,845,638,207
109000040,9481,5320,4161
109000041,8430,1516,6914
109000042,1485,1507,-22
109000044,275,60,215
109000045,104,588,-484
109000046,312,108,204
109000047,66,626,-560
109000048,721,179,542
109000049,221,794,-573
109000050,306,300,6
109000051,409,377,32
109000052,540,3154,-2614
109000053,152,82,70
109000054,260,1438,-1178
109000055,201,325,-124
109000056,258,1091,-833
109000057,504,309,195
109000058,993,373,620
109000059,770,897,-127
109000060,622,244,378
109000061,2031,780,1251
109000062,122,294,-172
109000063,174,295,-121
109000064,147,291,-144
109000065,98,507,-409
109000066,292,169,123
109000067,32,555,-523
109000068,698,7,691
109000069,739,31,708
109000070,5,1176,-1171
109000071,422,104,318
109000072,80,428,-348
109000073,39,145,-106
109000074,23,336,-313
109000075,79,479,-400
109000076,120,215,-95
109000077,418,406,12
109000078,62,145,-83
109000079,125,371,-246
109000080,124,141,-17
109000081,93,800,-707
109000082,537,388,149
109000083,276,1230,-954
109000088,121,944,-823
109000089,229,48,181
109000090,233,912,-679
109000091,217,143,74
109000092,479,1047,-568
109000093,203,201,2
109000094,297,1,296
109000095,156,1038,-882
109000096,508,268,240
109000097,102,227,-125
109000098,63,121,-58
109000099,744,628,116
109000100,227,742,-515
109000101,1048,1514,-466
109000102,277,1164,-887
109000103,309,800,-491
109000104,1090,1080,10
109000105,517,2158,-1641
109000106,1581,912,669
109000107,643,3167,-2524
109000108,1482,641,841
109000109,494,3162,-2668
109000110,1476,665,811
109000111,1192,3402,-2210
109000112,276,253,23
109000113,293,251,42
109000114,156,510,-354
109000115,1396,60,1336
109000116,2,301,-299
109000117,116,126,-10
109000118,16,411,-395
109000119,761,717,44
109000120,111,1930,-1819
109000121,306,106,200
109000122,106,1813,-1707
109000123,20,125,-105
109000124,527,439,88
109000125,601,374,227
109000126,329,1403,-1074
109000127,565,240,325
109000128,581,3838,-3257
109000129,1733,823,910
109000130,747,4126,-3379
109000131,701,453,248
109000132,716,3239,-2523
109000133,406,1362,-956
109000134,956,1900,-944
109000135,1100,1763,-663
109000136,326,608,-282
109000137,251,377,-126
109000138,432,581,-149
109000139,487,545,-58
109000140,92,841,-749
109000141,319,626,-307
109000142,121,924,-803
109000143,118,78,40
109000145,59,191,-132
109000146,74,145,-71
109000148,6135,1526,4609
109000149,30,54,-24
109000150,74,247,-173
109000155,576,779,-203
109000156,2074,1313,761
109000158,140,302,-162
109000159,141,1111,-970
109000160,747,333,414
109000161,366,2240,-1874
109000162,1695,1385,310
109000163,875,2650,-1775
109000164,1012,4076,-3064
109000165,1199,787,412
109000166,636,203,433
109000167,115,1568,-1453
109000170,41,52,-11
109000171,30,46,-16
109000172,33,69,-36
109000173,14,114,-100
109000174,77,91,-14
109000175,49,140,-91
109000176,210,345,-135
109000177,30,203,-173
109000178,552,920,-368
109000179,12909,3832,9077
109000180,7188,3441,3747
109000181,9,60,-51
109000182,32,67,-35
109000183,29,67,-38
109000184,30,24,6
109000185,15,104,-89
109000188,476,4818,-4342
109000189,1803,1158,645
109000190,619,706,-87
109000191,196,929,-733
109000192,328,276,52
109000193,174,741,-567
109000194,156,154,2
109000195,99,814,-715
109000196,231,154,77
109000197,192,896,-704
109000198,240,67,173
109000199,106,791,-685
109000206,305,37,268
109000207,116,46,70
109000208,98,76,22
109000209,163,115,48
109000210,199,889,-690
109000211,393,501,-108
109000214,304,937,-633
109000215,97,82,15
109000216,271,187,84
109000217,160,170,-10
109000218,181,227,-46
109000221,475,1743,-1268
109000222,841,206,635
109000223,220,295,-75
109000224,58,450,-392
109000225,75,56,19
109000226,73,519,-446
109000227,815,2375,-1560
109000228,1,412,-411
109000231,5,809,-804
109000232,220,643,-423
109000236,252,1132,-880
109000241,2043,3171,-1128
109000242,1763,2081,-318
109000293,4,72,-68
109000361,106,418,-312
109000364,208,970,-762
109000396,7,1245,-1238
109000397,419,16,403
109000399,157,1052,-895
109000400,72,326,-254
109000403,60,481,-421
109000406,266,16,250
109000407,296,324,-28
109000408,1,1117,-1116
109000410,787,269,518
109000411,145,41,104
109900001,60,0,60
109900002,541,18,523
109900003,183,0,183
109900004,624,389,235
109900005,15,9,6
109900006,279,568,-289
109900007,549,1522,-973
109900008,1,48,-47
109900009,144,1290,-1146
109900010,372,22,350
109900011,60,49,11
109900012,183,203,-20
109900013,332,167,165
109900014,305,83,222
109900015,440,186,254
109900016,95,62,33
109900017,127,189,-62
109900018,234,260,-26
109900019,132,152,-20
109900020,31,23,8
109900021,28,5,23
109900022,70,650,-580
109900023,9,1,8
109900024,31,3,28
109900025,13,140,-127
109900026,2,343,-341
109900027,38,17,21
109900028,4339,699,3640
109900029,10,1051,-1041
109900030,26,1,25
109900031,2,73,-71
109900032,17,414,-397
109900033,1,938,-937
109900034,13,1,12
109900035,6,12,-6
109900036,6,113,-107
109900037,67,944,-877
109900038,45,348,-303
109900039,8,2,6
109900040,29,1036,-1007
109900041,57,774,-717
109900042,12,705,-693
109900044,55,430,-375
109900045,56,49,7
109900046,28,67,-39
109900047,376,495,-119
109900048,2,105,-103
109900049,3,23,-20
109900050,2,467,-465
109900051,0,53,-53
109900052,78,451,-373
109900053,10,930,-920
109900054,501,252,249
109900055,50,425,-375
109900056,25,161,-136
109900057,11,433,-422
109900058,1,198,-197
109900059,484,154,330
109900060,485,221,264
109900061,147,460,-313
109900062,0,490,-490
109900063,4,425,-421
109900064,453,493,-40
109900065,245,155,90
109900066,297,1585,-1288
109900067,2,770,-768
109900068,53,3,50
109900069,1,69,-68
109900070,39,444,-405
109900071,3,40,-37
109900072,28,192,-164
109900073,354,1359,-1005
109900074,4,58,-54
109900075,21,40,-19
109900076,17,449,-432
109900077,25,72,-47
109900078,117,533,-416
109900080,143,526,-383
109900081,9,124,-115
109900082,44,785,-741
109900083,19,68,-49
109900084,56,307,-251
109900085,246,2046,-1800
109900086,137,292,-155
109900087,383,644,-261
109900089,520,121,399
109900090,530,2271,-1741
109900091,193,87,106
109900092,270,15,255
109900093,622,136,486
109900094,70,96,-26
109900095,116,436,-320
109900096,16,6,10
109900097,83,1,82
109900098,298,39,259
109900099,138,2,136
109900100,42,0,42
109900101,276,8,268
109900102,357,37,320
109900103,19,60,-41
109900104,414,1971,-1557
109900105,585,36,549
109900106,253,106,147
109900107,349,112,237
109900108,99,816,-717
109900109,21,256,-235
109900110,95,952,-857
109900111,439,2397,-1958
109900112,490,1674,-1184
109900113,586,493,93
109900114,1169,664,505
109900115,85,79,6
109900117,757,128,629
109900118,309,788,-479
109900119,637,447,190
109900120,37,8,29
109900121,331,296,35
109900122,223,5,218
109900123,14,320,-306
109900124,59,1328,-1269
109900125,3,429,-426
109900126,208,303,-95
109900128,207,85,122
109900130,20684,2037,18647
109900131,98,244,-146
109900132,42,276,-234
109900133,34,632,-598
109900134,51,67,-16
109900135,605,84,521
109900136,53,196,-143
109900137,52,727,-675
109900140,137,751,-614
109900142,992,354,638
109900145,5,227,-222
109900146,416,61,355
109900148,53,95,-42
109900149,44,64,-20
109900150,5,85,-80
109900151,2,63,-61
109900152,1,19,-18
109900153,2,63,-61
109900154,14,2,12
109900155,31,8,23
109900157,85,515,-430
109900158,58,182,-124
109900159,169,37,132
109900160,105,77,28
109900161,218,96,122
109900162,182,93,89
109900163,915,699,216
109900164,63,229,-166
109900165,220,8,212
109900166,2,254,-252
109900167,154,910,-756
109900168,145,804,-659
109900169,136,205,-69
109900170,355,679,-324
109900171,140,109,31
109900172,124,260,-136
109900173,6550,1974,4576
109900174,52,242,-190
109900175,42,85,-43
109900176,75,371,-296
109900177,39,524,-485
109900178,2,142,-140
109900179,8,48,-40
109900180,6,5,1
110000001,850,686,164
110000002,680,552,128
110000003,1022,739,283
110000004,653,599,54
110000005,809,1342,-533
110000006,866,467,399
110000007,163,234,-71
110000008,13,60,-47
110000009,35,107,-72
110000010,45,52,-7
110000011,39,276,-237
110000012,1014,782,232
110000013,37,393,-356
110000014,796,499,297
110000015,307,545,-238
110000016,355,1143,-788
110000017,5695,373,5322
110000018,5352,692,4660
110000019,20,305,-285
110000020,970,359,611
110000021,458,443,15
110000022,821,175,646
110000023,6,336,-330
110000024,631,673,-42
110000025,232,1,231
110000026,5,1203,-1198
110000027,785,588,197
110000028,761,872,-111
110000029,554,1619,-1065
110000030,198,346,-148
110000031,279,1144,-865
110000032,710,486,224
110000033,209,163,46
110000034,274,793,-519
110000035,551,1617,-1066
110000036,598,721,-123
110000037,146,1203,-1057
110000038,219,640,-421
110000039,666,1764,-1098
110000040,247,736,-489
110000041,273,915,-642
110000042,116,621,-505
110000043,550,246,304
110000044,41,149,-108
110000045,398,110,288
110000046,4,7,-3
110000047,14,26,-12
110000048,5,5,0
110000049,9,6,3
110000050,4,22,-18
110000051,28,4,24
110000052,24,36,-12
110000053,217,5,212
110000054,114,285,-171
110000055,279,19,260
110000056,133,52,81
110000057,335,1386,-1051
110000058,938,934,4
110000059,803,582,221
110000060,479,914,-435
110000061,918,940,-22
110000062,828,903,-75
110000063,48,99,-51
110000064,81,250,-169
110000065,62,102,-40
110000066,71,43,28
110000067,59,742,-683
110000068,178,1190,-1012
110000069,125,154,-29
110000071,83,192,-109
110000073,11,17,-6
110000075,8,93,-85
110000076,352,301,51
110000077,714,831,-117
110000078,19,75,-56
110000080,311,847,-536
110000081,15,303,-288
110000082,34,379,-345
110000083,260,714,-454
110000084,783,758,25
110000085,2890,1849,1041
110000086,1380,1798,-418
110000087,14,89,-75
110000088,52,308,-256
110000089,203,242,-39
110000090,81,564,-483
110000091,3150,434,2716
110000092,21,168,-147
110000093,36,7,29
110000094,622,286,336
110000095,130,770,-640
110000096,5774,2062,3712
110000097,1014,1195,-181
110000098,1929,781,1148
110000099,1091,2173,-1082
110000100,558,1504,-946
110000101,29,981,-952
110000102,51,33,18
110000104,116,92,24
110000105,41,354,-313
110000106,468,330,138
110000107,508,571,-63
110000108,166,50,116
110000109,316,404,-88
110000110,5968,5330,638
110000111,11530,2821,8709
110000112,1883,838,1045
110000113,931,1966,-1035
110000114,115,542,-427
110000115,211,319,-108
110000116,34,55,-21
110000117,118,982,-864
110000118,271,383,-112
110000119,206,668,-462
110000120,261,335,-74
110000121,90,414,-324
110000122,323,802,-479
110000123,491,685,-194
110000124,6,950,-944
110000125,791,6,785
110000126,281,17,264
110000127,752,43,709
110000128,37,2246,-2209
110000129,6,733,-727
110000130,157,173,-16
110000131,140,440,-300
110000132,0,799,-799
110000133,69,332,-263
110000134,37,366,-329
110000135,227,32,195
110000136,65,431,-366
110000137,478,1127,-649
110000138,603,1290,-687
110000139,714,2577,-1863
110000140,1122,537,585
110000143,806,465,341
110000144,4945,1470,3475
110000145,1420,1306,114
110000146,2275,1722,553
110000147,314,995,-681
110000148,297,557,-260
110000151,703,516,187
110000152,705,396,309
110000153,92,68,24
110000154,45,29,16
110000155,3091,3428,-337
110000156,881,1975,-1094
110000157,1526,2185,-659
110000160,322,616,-294
110000161,125,877,-752
110000166,386,163,223
110000167,717,604,113
110000168,870,433,437
110000169,720,346,374
110000170,105,139,-34
110000171,681,262,419
110000172,167,1227,-1060
110000173,1835,1558,277
110000174,100,2179,-2079
110000175,390,101,289
110000176,58,298,-240
110000177,203,882,-679
110000178,654,1006,-352
110000179,2313,624,1689
110000180,165,520,-355
110000181,260,687,-427
110000182,424,582,-158
110000183,18506,6170,12336
110000184,1712,2015,-303
110000185,862,776,86
110000186,846,775,71
110000191,495,506,-11
110000192,240,6,234
110000193,568,7,561
110000194,19,1996,-1977
110000195,382,528,-146
110000196,220,834,-614
110000197,61,297,-236
110000198,110,125,-15
110000199,54,127,-73
110000200,1508,685,823
110000201,573,801,-228
110000202,1277,657,620
110000203,906,1233,-327
110000204,5,577,-572
110000205,98,77,21
110000206,808,2692,-1884
110000207,647,476,171
110000208,121,110,11
110000209,174,1503,-1329
110000210,660,893,-233
110000211,558,1158,-600
110000212,395,1029,-634
110000213,134,54,80
110000214,139,117,22
110000215,102,1048,-946
110000216,40,1096,-1056
110000217,220,368,-148
110000218,122,820,-698
110000219,220,76,144
110000220,49,674,-625
110000221,275,88,187
110000222,30,470,-440
110000223,4,116,-112
110000224,55,16,39
110000225,199,729,-530
110000226,183,69,114
110000227,812,622,190
110000228,465,336,129
110000229,2,338,-336
110000230,442,819,-377
110000231,206,224,-18
110000232,109,235,-126
110000233,159,500,-341
110000234,559,499,60
110000235,1990,1189,801
110000236,330,1294,-964
110000237,1400,1288,112
110000238,954,1909,-955
110000239,1429,1696,-267
110000240,2,177,-175
110000242,0,28,-28
110000243,83,329,-246
110000244,118,777,-659
110000245,43,808,-765
110000246,625,1108,-483
110000247,1679,6753,-5074
110000248,2494,2187,307
110000249,58,4,54
110000250,9,412,-403
110000251,178,902,-724
110000252,173,409,-236
110000253,1130,714,416
110000254,606,2469,-1863
110000255,239,2001,-1762
110000256,553,335,218
110000257,718,652,66
110000258,14,1049,-1035
110000259,66,30,36
110000260,13,772,-759
110000263,669,163,506
110000264,177,1051,-874
110000265,966,1668,-702
110000266,2137,2530,-393
110000267,27,309,-282
110000268,327,923,-596
110000269,3,174,-171
110000270,49,3,46
110000271,3243,449,2794
110000272,986,1127,-141
110000273,3310,1526,1784
110000274,210,1132,-922
110000275,5295,651,4644
110000276,135,283,-148
110000277,184,832,-648
110000278,210,1347,-1137
110000279,675,913,-238
110000280,255,505,-250
110000281,16,256,-240
110000282,269,48,221
110000283,63,79,-16
110000284,43,69,-26
110000285,5,326,-321
110000286,19,0,19
110000287,43,2,41
110000288,0,107,-107
110000289,684,2013,-1329
110000290,1789,715,1074
110000291,10281,1684,8597
110000292,1429,4035,-2606
110000293,488,1409,-921
110000294,714,1058,-344
110000295,94,1678,-1584
110000296,302,442,-140
110000297,3315,383,2932
110000298,429,883,-454
110000299,502,51,451
110000301,177,11,166
110000302,332,2471,-2139
110000303,241,6,235
110000304,121,495,-374
110000305,730,25,705
110000306,99,3365,-3266
110000307,1087,12,1075
110000308,344,6,338
110000309,13,2108,-2095
110000310,484,149,335
110000311,25,1419,-1394
110000312,507,91,416
110000313,3454,3234,220
110000314,3,398,-395
110000315,4299,2089,2210
110000316,817,1240,-423
110000317,473,381,92
110000318,1,160,-159
110000319,5,28,-23
110000320,42,84,-42
110000321,17,69,-52
110000322,210,812,-602
110000323,288,291,-3
110000324,8277,1344,6933
110000325,2795,2150,645
110000327,495,337,158
110000328,153,679,-526
110000333,578,538,40
110000334,690,2136,-1446
110000335,779,698,81
110000336,519,1773,-1254
110000337,992,729,263
110000338,301,318,-17
110000339,171,385,-214
110000340,18,314,-296
110000341,320,752,-432
110000342,481,3,478
110000343,0,12,-12
110000344,15,252,-237
110000345,45,98,-53
110000346,2771,1410,1361
110000347,1050,782,268
110000348,22,35,-13
110000349,7,22,-15
110000350,56,3,53
110000351,592,1064,-472
110000352,497,1702,-1205
110000353,4820,842,3978
110000354,1232,2376,-1144
110000355,82,95,-13
110000356,1096,22,1074
110000357,303,26,277
110000361,23,123,-100
110000362,60,328,-268
110000363,245,175,70
110000364,126,659,-533
110000365,176,0,176
110000366,0,151,-151
110000367,223,346,-123
110000368,3,82,-79
110000369,37,0,37
110000373,6,497,-491
110000374,47,8,39
110000375,180,1131,-951
110000376,22,121,-99
110000377,75,359,-284
110000378,30,375,-345
110000379,5879,1379,4500
110000380,55,21,34
110000383,3,1084,-1081
110000384,1917,911,1006
110000385,0,270,-270
110000387,101,7,94
110000388,60,304,-244
110000389,615,4,611
110000391,335,452,-117
110000396,107,186,-79
110000397,51,377,-326
110000398,3,38,-35
110000399,158,0,158
110000587,84,46,38
110000589,144,199,-55
110000640,160,115,45
110000652,179,163,16
110000653,185,675,-490
110000654,1,28,-27
110000656,2,900,-898
110000674,9,32,-23
110000675,15,17,-2
110000676,4,101,-97
110000679,521,997,-476
110000682,117,146,-29
110000683,323,676,-353
110000684,6,89,-83
110000685,18,17,1
110000686,1,57,-56
110000687,8,2,6
110000688,51,724,-673
110000689,22,58,-36
110000692,104,443,-339
110000693,147,297,-150
110000694,0,153,-153
110000695,169,1206,-1037
110000696,244,264,-20
110900001,203,21,182
110900002,167,329,-162
110900003,400,1568,-1168
110900004,272,331,-59
110900005,7275,1880,5395
110900006,66,18,48
110900007,110,17,93
110900008,12,58,-46
110900009,422,55,367
110900010,8,112,-104
110900011,15,197,-182
110900012,12,149,-137
110900013,897,268,629
110900014,122,16,106
110900015,1482,616,866
110900016,24,273,-249
110900017,283,83,200
110900018,448,42,406
110900019,95,41,54
110900020,90,871,-781
110900021,117,1008,-891
110900022,84,603,-519
110900023,110,956,-846
110900024,50,794,-744
110900025,3,82,-79
110900027,60,495,-435
110900028,31,375,-344
110900029,39,745,-706
110900030,34,694,-660
110900031,2,235,-233
110900032,0,157,-157
110900033,38,537,-499
110900035,45,754,-709
110900036,133,52,81
110900037,69,37,32
110900038,2487,406,2081
110900039,18,374,-356
110900040,235,59,176
110900041,15,289,-274
110900042,85,88,-3
110900043,6,242,-236
110900044,409,42,367
110900045,59,1053,-994
110900046,207,419,-212
110900047,1265,174,1091
110900049,104,66,38
110900050,12,5,7
110900051,36,312,-276
110900052,5,318,-313
110900053,82,112,-30
110900054,33,466,-433
110900055,14,1,13
110900056,53,172,-119
110900057,5,409,-404
110900058,146,435,-289
110900059,843,1448,-605
110900060,509,141,368
110900061,34,62,-28
110900062,104,480,-376
110900063,34,115,-81
110900064,16,0,16
110900065,524,159,365
110900066,18,101,-83
110900067,926,694,232
110900068,280,395,-115
110900069,1,47,-46
110900070,160,55,105
110900071,433,396,37
110900073,0,27,-27
110900074,343,113,230
110900075,325,59,266
110900077,579,566,13
110900078,25,296,-271
110900079,2370,933,1437
110900080,103,91,12
110900081,4,193,-189
110900082,93,431,-338
110900083,100,23,77
110900084,41,367,-326
110900085,71,677,-606
110900086,84,280,-196
110900087,224,78,146
110900088,23,0,23
110900090,51,28,23
110900091,5,86,-81
110900093,322,114,208
110900095,45,75,-30
110900097,10,22,-12
110900098,23,241,-218
110900099,66,1045,-979
110900100,0,35,-35
110900102,44,25,19
110900105,1065,756,309
110900108,9,244,-235
110900111,331,74,257
110900112,689,6,683
110900113,754,74,680
110900115,5,169,-164
110900116,419,4338,-3919
110900118,174,2435,-2261
110900119,8341,428,7913
110900120,16,279,-263
110900121,70,0,70
110900122,307,183,124
110900125,324,356,-32
110900127,367,945,-578
110900128,195,284,-89
110900129,446,611,-165
110900130,1780,650,1130
110900131,124,95,29
110900132,301,41,260
110900133,59,418,-359
110900135,106,962,-856
110900136,259,11,248
110900137,36,1,35
110900138,480,337,143
110900139,8,37,-29
110900140,31,3,28
110900141,2,97,-95
110900142,98,360,-262
110900143,88,96,-8
110900144,5,924,-919
110900145,63,27,36
110900146,355,99,256
110900147,355,334,21
110900148,0,435,-435
110900149,5,137,-132
110900150,30,48,-18
110900151,3,139,-136
110900152,24,617,-593
110900153,84,55,29
111000001,412,486,-74
111000002,581,944,-363
111000003,865,824,41
111000004,705,1498,-793
111000005,1200,1086,114
111000006,1192,1743,-551
111000007,7067,2787,4280
111000008,5302,4417,885
111000009,320,1263,-943
111000010,660,339,321
111000011,404,1219,-815
111000012,639,442,197
111000013,302,1668,-1366
111000014,964,698,266
111000017,176,836,-660
111000018,274,417,-143
111000020,3779,3108,671
111000021,150,221,-71
111000023,114,234,-120
111000025,11890,3301,8589
111000029,75,135,-60
111000030,33,138,-105
111000031,2334,963,1371
111000032,626,255,371
111000033,357,160,197
111000034,519,215,304
111000037,5134,1582,3552
111000038,3527,3836,-309
111000039,1506,3793,-2287
111000040,1869,4079,-2210
111000041,2000,2512,-512
111000042,9364,3553,5811
111000043,2820,2178,642
111000044,1442,1102,340
111000045,1771,2592,-821
111000046,1114,1744,-630
111000047,1758,2786,-1028
111000049,308,710,-402
111000050,2749,2438,311
111000051,496,1569,-1073
111000052,594,1819,-1225
111000053,431,1772,-1341
111000054,329,1911,-1582
111000055,1607,2910,-1303
111000056,82,1110,-1028
111000057,78,1362,-1284
111000058,272,119,153
111000059,249,344,-95
111000060,2747,774,1973
111000061,456,386,70
111000062,739,306,433
111000063,1651,1149,502
111000064,415,698,-283
111000065,1019,931,88
111000066,279,369,-90
111000067,554,843,-289
111000068,340,989,-649
111000069,1897,2288,-391
111000070,3443,1561,1882
111000071,326,1256,-930
111000072,788,475,313
111000073,245,651,-406
111000074,1514,1871,-357
111000075,782,1251,-469
111000076,424,1262,-838
111000077,1324,1778,-454
111000078,2363,1497,866
111000079,1436,946,490
111000080,470,829,-359
111000081,3008,3657,-649
111000082,589,805,-216
111000084,620,666,-46
111000085,883,1983,-1100
111000086,5466,1635,3831
111000087,865,1041,-176
111000088,10760,2345,8415
111000089,720,1063,-343
111000090,1575,1815,-240
111000091,760,942,-182
111000092,1230,1479,-249
111000093,513,882,-369
111000094,1807,1020,787
111000095,915,2570,-1655
111000096,3496,8025,-4529
111000097,9584,1361,8223
111000098,826,2049,-1223
111000099,533,3514,-2981
111000100,389,3636,-3247
111000101,458,1322,-864
111000102,145,1379,-1234
111000104,325,375,-50
111000107,92,1455,-1363
111000109,295,273,22
111000110,826,678,148
111000111,1531,532,999
111000112,1343,430,913
111000113,752,933,-181
111000114,2060,2375,-315
111000115,11030,1348,9682
111000116,887,1238,-351
111000117,550,1185,-635
111000118,1566,1345,221
111000119,782,2337,-1555
111000120,390,681,-291
111000121,213,638,-425
111000122,617,1265,-648
111000123,1102,4813,-3711
111000124,545,5473,-4928
111000125,229,3188,-2959
111000126,126,1488,-1362
111000127,690,192,498
111000128,1068,398,670
111000129,1922,467,1455
111000130,1457,755,702
111000131,1132,611,521
111000132,875,517,358
111000133,118,199,-81
111000134,129,162,-33
111000135,67,138,-71
111000136,354,339,15
111000138,2,18,-16
111000140,0,4,-4
111000141,200,446,-246
111000142,25,144,-119
111000143,0,103,-103
111000144,11,115,-104
111000145,383,2,381
111000146,50,11,39
111000147,130,19,111
111000148,139,172,-33
111000149,2,39,-37
111000150,9,6,3
111000151,8,35,-27
111000153,651,794,-143
111000154,789,266,523
111000155,109,213,-104
111000156,424,512,-88
111000157,207,687,-480
111000158,940,713,227
111000159,3506,802,2704
111000160,215,490,-275
111000161,12,345,-333
111000162,4,214,-210
111000163,406,914,-508
111000164,953,2925,-1972
111000165,1707,636,1071
111000166,2063,471,1592
111000167,219,754,-535
111000168,236,615,-379
111000169,318,810,-492
111000170,512,566,-54
111000171,336,1407,-1071
111000172,111,1006,-895
111000173,267,2389,-2122
111000174,165,1228,-1063
111000175,48,402,-354
111000176,224,202,22
111000177,193,361,-168
111000178,683,450,233
111000179,108,297,-189
111000180,152,384,-232
111000181,715,411,304
111000182,151,239,-88
111000183,236,325,-89
111000184,283,299,-16
111000185,349,628,-279
111000186,217,382,-165
111000187,115,374,-259
111000188,134,705,-571
111000189,2287,669,1618
111000190,183,725,-542
111000191,140,617,-477
111000192,336,823,-487
111000193,649,559,90
111000194,30,630,-600
111000195,95,701,-606
111000196,68,509,-441
111000197,216,220,-4
111000198,345,131,214
111000199,152,182,-30
111000200,200,355,-155
111000201,380,204,176
111000202,164,262,-98
111000203,278,258,20
111000204,355,690,-335
111000213,182,463,-281
111000214,1484,2730,-1246
111000215,1104,2015,-911
111000217,1157,1635,-478
111000218,1054,1274,-220
111000219,434,311,123
111000220,4388,625,3763
111000221,904,260,644
111000224,116,360,-244
111000225,230,153,77
111000226,229,0,229
111000227,47,8,39
111000228,12,234,-222
111000229,28,490,-462
111000230,264,917,-653
111000231,696,2212,-1516
111000232,335,1000,-665
111000233,440,1037,-597
111000234,67,266,-199
111000239,158,300,-142
111000240,46,160,-114
111000241,41,653,-612
111000242,67,113,-46
111000243,86,1270,-1184
111000244,281,149,132
111000245,678,914,-236
111000246,308,997,-689
111000247,178,1487,-1309
111000248,591,640,-49
111000249,467,1193,-726
111000250,29,244,-215
111000251,33,214,-181
111000253,6,17,-11
111000255,17,11,6
111000257,34,15,19
111000260,69,1908,-1839
111000261,770,107,663
111000271,71,407,-336
111000273,11034,1839,9195
111000274,1347,2222,-875
111000275,84,81,3
111000276,377,3413,-3036
111000277,146,689,-543
111000278,532,258,274
111000291,441,3751,-3310
111000298,528,356,172
111000299,677,173,504
111000300,105,1022,-917
111000302,266,112,154
111000303,103,459,-356
111000312,51,93,-42
111000315,45,555,-510
111000320,386,917,-531
111000321,211,99,112
111000322,220,775,-555
111000323,166,26,140
111000324,390,494,-104
111000325,34,79,-45
111000326,170,434,-264
111000327,400,805,-405
111000328,163,501,-338
111000329,0,17,-17
111000330,29,14,15
111000331,2,9,-7
111000332,377,1981,-1604
111000334,491,2564,-2073
111000335,481,194,287
111000337,681,467,214
111000338,30,212,-182
111000339,248,1046,-798
111000340,83,1424,-1341
111000341,811,462,349
111000342,127,327,-200
111000344,821,1219,-398
111000345,144,44,100
111000346,21,137,-116
111000347,52,4,48
111000350,181,234,-53
111000351,119,279,-160
111000352,205,379,-174
111000353,118,327,-209
111000354,291,494,-203
111000355,244,1213,-969
111000358,107,3281,-3174
111000360,120,1606,-1486
111000361,113,755,-642
111000546,384,962,-578
111000547,230,1437,-1207
111000548,86,248,-162
111000549,217,862,-645
111000550,91,592,-501
111000551,932,299,633
111000552,711,74,637
111000907,514,15,499
111000908,28,2,26
111000916,1052,305,747
111000917,27,567,-540
111000918,153,2015,-1862
111000920,285,13,272
111000921,2,766,-764
111000922,336,419,-83
111000924,45,2012,-1967
111000925,1682,2305,-623
111000926,890,3713,-2823
111000927,2867,4612,-1745
111000928,8348,5567,2781
111000929,843,1127,-284
111000930,769,3502,-2733
111000931,1498,2099,-601
111000932,5184,3127,2057
111000933,3361,2047,1314
111000934,2759,3641,-882
111000935,967,1074,-107
111000936,1041,2891,-1850
111000937,707,1261,-554
111000938,2138,3027,-889
111000939,248,52,196
111000940,250,224,26
111000941,200,1168,-968
111000943,235,307,-72
111000944,105,877,-772
111000945,63,3612,-3549
111001109,426,238,188
111001110,257,789,-532
111001111,39,8,31
111001112,108,3,105
111001113,14,162,-148
111001114,1578,112,1466
111001115,183,457,-274
111001116,8026,2639,5387
111001117,946,1060,-114
111001120,105,627,-522
111001121,205,512,-307
111001122,193,991,-798
111001123,128,148,-20
111001124,51,534,-483
111001125,1,45,-44
111900001,17,235,-218
111900002,12,1439,-1427
111900003,0,870,-870
111900004,24,282,-258
111900006,6,32,-26
111900007,77,8,69
111900008,95,1,94
111900009,126,322,-196
111900010,281,828,-547
111900012,100,173,-73
111900013,3,77,-74
111900014,11323,2825,8498
111900015,2,117,-115
111900016,0,322,-322
111900017,2,249,-247
111900018,46,0,46
111900019,4,157,-153
111900020,5,80,-75
111900021,47,135,-88
111900022,20,94,-74
111900023,251,89,162
111900024,1,94,-93
111900025,0,54,-54
111900026,2,121,-119
111900027,7,259,-252
111900028,1,599,-598
111900029,5,190,-185
111900030,77,876,-799
111900031,21,183,-162
111900032,4,605,-601
111900033,5,167,-162
111900034,306,1399,-1093
111900035,26,331,-305
111900036,3,574,-571
111900038,494,1171,-677
111900039,43,718,-675
111900040,7,1005,-998
111900042,47,201,-154
111900043,3,800,-797
111900044,360,472,-112
111900046,59,421,-362
111900048,160,1343,-1183
111900049,38,442,-404
111900050,88,14,74
111900051,3,491,-488
111900052,510,892,-382
111900053,1791,660,1131
111900054,116,5,111
111900055,29,1050,-1021
111900056,309,134,175
111900057,27,66,-39
111900058,259,1228,-969
111900059,4758,348,4410
111900060,267,2,265
111900061,13,470,-457
111900062,17,34,-17
111900063,114,377,-263
111900064,136,551,-415
111900065,56,18,38
111900066,96,162,-66
111900067,9,604,-595
111900068,47,19,28
111900069,57,26,31
111900070,103,165,-62
111900071,3,616,-613
111900072,39,12,27
111900073,422,115,307
111900074,19,395,-376
111900075,76,6,70
111900076,109,45,64
111900077,29,0,29
111900078,204,6,198
111900079,35,28,7
111900080,265,165,100
111900082,96,15,81
111900083,77,11,66
111900084,58,2,56
111900085,34,101,-67
111900086,37,11,26
111900087,22,2,20
111900088,370,4,366
111900089,127,1,126
111900090,35,36,-1
111900091,146,9,137
111900092,39,0,39
111900093,286,1,285
111900094,70,0,70
111900095,156,11,145
111900096,105,3,102
111900097,17,0,17
111900098,120,6,114
111900099,45,0,45
111900100,74,2,72
111900101,64,21,43
111900102,272,1163,-891
111900103,72,57,15
111900104,90,66,24
111900105,239,155,84
111900106,2572,91,2481
111900110,4073,399,3674
111900111,59,380,-321
111900112,1593,1607,-14
111900113,396,101,295
111900118,236,72,164
111900119,242,114,128
111900122,91,56,35
111900123,18,24,-6
111900124,20,170,-150
111900125,319,11,308
111900126,203,3,200
111900127,2,994,-992
111900128,2,1064,-1062
111900129,181,6,175
111900130,183,26,157
111900131,305,2,303
111900132,86,2632,-2546
111900133,8,620,-612
111900134,14,498,-484
111900135,5,25,-20
111900136,58,131,-73
111900137,115,102,13
111900138,14,222,-208
111900139,32,326,-294
111900140,59,22,37
111900141,39,11,28
111900142,82,35,47
111900143,18,518,-500
111900144,3,183,-180
111900145,8,1052,-1044
111900146,4,604,-600
111900147,194,871,-677
111900148,41,1505,-1464
111900149,22,547,-525
111900150,22,256,-234
111900151,4,20,-16
111900152,141,88,53
111900153,2597,286,2311
111900154,12,192,-180
111900155,34,82,-48
111900156,34,42,-8
111900157,48,11,37
111900158,319,23,296
111900159,190,7,183
111900160,160,0,160
111900161,94,0,94
111900162,121,180,-59
111900163,47,618,-571
111900164,109,57,52
111901113,293,401,-108
111901114,180,574,-394
111901115,63,2,61
111901116,50,0,50
111901117,33,33,0
111901118,292,220,72
111901119,2695,192,2503
111901121,278,764,-486
111901122,6,1189,-1183
111901123,122,766,-644
111901124,140,2,138
111901125,296,247,49
111901127,1688,487,1201
111901128,16,223,-207
111901129,3,344,-341
111901130,6,532,-526
111901131,4,491,-487
111901132,66,5,61
111901133,34,2,32
111901134,82,0,82
111901135,10,9,1
111901136,30,22,8
111901137,1,28,-27
111901138,117,71,46
111901139,16,79,-63
111901140,4,223,-219
111901141,9,593,-584
111901142,2,381,-379
111901143,4,190,-186
111901144,25,26,-1
111901145,239,283,-44
111901146,606,11,595
112000001,1771,1212,559
112000002,738,3301,-2563
112000003,689,1421,-732
112000004,768,2546,-1778
112000005,2173,2123,50
112000006,2120,3018,-898
112000007,1831,1539,292
112000008,2227,4082,-1855
112000009,4777,5205,-428
112000010,2105,2845,-740
112000011,2167,3273,-1106
112000012,4668,2843,1825
112000013,5919,4089,1830
112000014,2877,970,1907
112000015,3235,3372,-137
112000016,4441,981,3460
112000017,1969,1967,2
112000024,3222,1057,2165
112000026,6102,7307,-1205
112000027,1018,542,476
112000028,2410,2543,-133
112000029,485,667,-182
112000030,268,161,107
112000031,1697,4045,-2348
112000032,547,82,465
112000033,1854,1257,597
112000034,269,34,235
112000035,68,350,-282
112000036,744,850,-106
112000037,799,936,-137
112000038,1191,1118,73
112000039,59,116,-57
112000040,171,360,-189
112000041,599,634,-35
112000042,1453,389,1064
112000050,894,1667,-773
112000051,759,1017,-258
112000054,1929,3134,-1205
112000057,640,435,205
112000058,337,690,-353
112000059,705,688,17
112000061,5941,2640,3301
112000062,3002,987,2015
112000063,2169,1429,740
112000064,6135,8525,-2390
112000065,2809,3914,-1105
112000066,3892,1242,2650
112000067,841,1029,-188
112000068,2618,1734,884
112000069,638,3176,-2538
112000070,1798,852,946
112000071,794,4377,-3583
112000072,1378,1155,223
112000073,1280,2363,-1083
112000074,921,1218,-297
112000075,1146,1446,-300
112000076,3563,3641,-78
112000077,396,1012,-616
112000078,1272,895,377
112000079,1127,1514,-387
112000080,566,1162,-596
112000081,1485,2619,-1134
112000082,1355,818,537
112000083,567,1943,-1376
112000084,958,887,71
112000085,808,1727,-919
112000086,1242,2005,-763
112000087,226,715,-489
112000088,358,1009,-651
112000089,207,355,-148
112000090,124,487,-363
112000091,657,1864,-1207
112000092,1333,1171,162
112000093,1616,1377,239
112000094,441,970,-529
112000095,504,1098,-594
112000096,374,868,-494
112000097,861,650,211
112000098,1125,2705,-1580
112000099,587,915,-328
112000100,1176,1539,-363
112000101,473,1492,-1019
112000102,742,911,-169
112000103,373,1903,-1530
112000105,484,3210,-2726
112000106,1003,694,309
112000107,8,163,-155
112000108,186,2727,-2541
112000109,100,69,31
112000110,1329,615,714
112000111,1517,5803,-4286
112000112,2619,893,1726
112000113,1064,2731,-1667
112000114,1879,1503,376
112000115,283,866,-583
112000116,547,1588,-1041
112000117,842,1188,-346
112000118,1117,1094,23
112000119,428,1426,-998
112000120,75,540,-465
112000121,89,1042,-953
112000122,214,158,56
112000123,432,209,223
112000124,188,93,95
112000125,135,172,-37
112000126,126,1265,-1139
112000127,2683,1807,876
112000128,1315,852,463
112000129,90,180,-90
112000130,139,64,75
112000131,22,733,-711
112000132,105,356,-251
112000133,287,633,-346
112000134,383,509,-126
112000135,605,925,-320
112000136,1016,1523,-507
112000137,1090,2018,-928
112000138,1249,1634,-385
112000139,1057,333,724
112000140,887,1468,-581
112000141,558,229,329
112000142,186,1497,-1311
112000143,844,302,542
112000144,401,3075,-2674
112000145,1673,905,768
112000146,770,3760,-2990
112000147,1646,2162,-516
112000148,1850,3610,-1760
112000149,295,1282,-987
112000150,111,909,-798
112000151,379,1261,-882
112000152,211,490,-279
112000153,226,497,-271
112000154,129,180,-51
112000155,181,161,20
112000157,725,517,208
112000158,217,1390,-1173
112000159,332,417,-85
112000167,246,56,190
112000169,469,439,30
112000173,454,327,127
112000175,316,582,-266
112000176,5048,2606,2442
112000177,469,149,320
112000178,65,1003,-938
112000179,131,210,-79
112000180,186,355,-169
112000181,1305,2949,-1644
112000182,762,3078,-2316
112000183,56,70,-14
112000184,323,1145,-822
112000185,381,721,-340
112000187,3430,2650,780
112000195,148,41,107
112000196,235,0,235
112000197,227,170,57
112000198,37,640,-603
112000199,1252,1159,93
112000202,203,1,202
112000216,51,261,-210
112000230,49,11,38
112000231,4,532,-528
112000256,39,213,-174
112000313,195,142,53
112000314,24,33,-9
112000337,207,708,-501
112000352,359,316,43
112000392,2609,1819,790
112000398,837,944,-107
112000399,3803,1822,1981
112000400,2472,5498,-3026
112000401,2810,3694,-884
112000402,1711,2345,-634
112000403,2461,2056,405
112000404,399,719,-320
112000405,1414,2672,-1258
112000406,3964,4199,-235
112000407,4326,6484,-2158
112000408,10227,9524,703
112000409,1969,7052,-5083
112000410,354,178,176
112000411,8810,1020,7790
112000412,1638,531,1107
112000413,14495,3403,11092
112000414,125,176,-51
112000415,73,93,-20
112000416,1682,1529,153
112000417,208,80,128
112000421,34,260,-226
112000422,320,1061,-741
112000424,4383,2192,2191
112000425,515,1945,-1430
112000426,106,315,-209
112000427,1,16,-15
112000428,120,768,-648
112000429,2162,3426,-1264
112000430,2476,3357,-881
112000431,77,200,-123
112000432,640,3568,-2928
112000433,583,1061,-478
112000437,65,355,-290
112900001,33,2,31
112900002,177,1719,-1542
112900003,27,466,-439
112900004,21,472,-451
112900005,155,306,-151
112900006,8,726,-718
112900007,29,284,-255
112900008,2,14,-12
112900009,389,88,301
112900010,235,1135,-900
112900011,422,482,-60
112900012,1,53,-52
112900013,1,340,-339
112900014,0,481,-481
112900015,434,1601,-1167
112900016,4,356,-352
112900017,57,402,-345
112900018,2,535,-533
112900019,83,203,-120
112900020,612,2355,-1743
112900021,9,650,-641
112900022,24,107,-83
112900023,1,428,-427
112900024,16,381,-365
112900025,126,408,-282
112900026,2,485,-483
112900027,13,1898,-1885
112900028,19,228,-209
112900029,5,991,-986
112900030,276,314,-38
112900031,1,810,-809
112900032,105,356,-251
112900034,1,97,-96
112900035,11,802,-791
112900036,30,187,-157
112900037,150,181,-31
112900038,412,221,191
112900039,21,528,-507
112900040,3,463,-460
112900041,1990,1203,787
112900042,28,877,-849
112900043,30,78,-48
112900044,1124,631,493
112900045,610,470,140
112900046,329,115,214
112900047,18,24,-6
112900049,138,124,14
112900050,77,802,-725
112900051,388,1368,-980
112900052,16,2029,-2013
112900053,385,140,245
112900054,369,29,340
112900055,175,36,139
112900056,423,173,250
112900057,14,1265,-1251
112900058,285,221,64
112900059,176,189,-13
112900060,18,552,-534
112900061,45,224,-179
112900062,39,191,-152
112900063,101,5,96
112900064,236,312,-76
112900065,46,18,28
112900066,164,100,64
112900067,684,237,447
112900068,50,20,30
112900069,3474,653,2821
112900071,8,1,7
112900072,535,1101,-566
112900073,212,49,163
112900074,98,136,-38
112900075,3076,578,2498
112900076,116,5,111
112900078,232,307,-75
112900079,163,19,144
112900080,28,3,25
112900081,40,133,-93
112900082,271,17,254
112900083,70,94,-24
112900084,153,82,71
112900086,42,1,41
112900087,461,111,350
112900088,95,4,91
112900089,554,33,521
112900090,35,9,26
112900091,100,0,100
112900092,188,146,42
112900093,957,12,945
112900095,12,0,12
112900096,223,100,123
112900097,47,738,-691
112900098,29,2,27
112900099,421,10,411
112900100,30,0,30
112900101,180,1,179
112900102,71,7,64
112900103,158,1,157
112900104,73,4,69
112900105,9,0,9
112900106,318,98,220
112900107,3,0,3
112900108,23,0,23
112900109,63,0,63
112900110,613,15,598
112900111,400,16,384
112900112,246,1,245
112900113,0,24,-24
112900114,54,20,34
112900115,585,4,581
112900116,40,29,11
112900117,156,151,5
112900118,34,117,-83
112900119,98,4,94
112900120,991,243,748
112900121,426,269,157
112900122,6,261,-255
112900123,163,21,142
112900124,8,213,-205
112900125,55,567,-512
112900126,178,277,-99
112900127,258,75,183
112900128,580,1155,-575
112900129,6,1309,-1303
112900130,185,76,109
112900131,46,346,-300
112900132,64,687,-623
112900133,20,1614,-1594
112900134,2,463,-461
112900135,56,55,1
112900137,1,1123,-1122
112900138,6,695,-689
112900139,273,1705,-1432
112900141,542,176,366
112900142,89,132,-43
112900143,38,954,-916
112900144,5,583,-578
112900145,50,806,-756
112900146,16,2292,-2276
112900147,10,3540,-3530
112900148,59,1,58
112900149,217,848,-631
112900151,28,59,-31
112900152,6589,1196,5393
112900153,2408,1501,907
112900154,1,155,-154
112900155,122,8,114
112900156,210,2694,-2484
112900157,158,106,52
112900158,35,23,12
112900159,239,61,178
112900160,45,458,-413
112900161,62,21,41
112900162,27,15,12
112900163,164,18,146
112900164,34,132,-98
112900165,97,72,25
112900166,29,40,-11
112900167,6,47,-41
112900168,0,1,-1
112900169,6,5,1
112900170,30,191,-161
112900172,78,8,70
112900173,352,145,207
112900174,304,54,250
112900175,148,167,-19
112900176,11,16,-5
112900177,218,22,196
112900178,702,1607,-905
112900179,52,699,-647
112900180,1291,2865,-1574
112900181,361,3,358
112900182,22,2004,-1982
112900183,152,319,-167
112900184,519,440,79
112900185,386,573,-187
112900186,1881,840,1041
112900187,72,363,-291
112900188,831,492,339
112900189,49,34,15
112900190,2,106,-104
112900192,519,429,90
112900193,1348,367,981
112900194,28,248,-220
112900195,575,36,539
112900196,334,865,-531
112900197,186,644,-458
112900199,320,971,-651
112900200,392,423,-31
112900201,54,113,-59
112900202,262,1403,-1141
112900203,177,493,-316
112900204,1160,505,655
112900205,2,12,-10
112900206,8,56,-48
112900207,7,0,7
112900208,45,159,-114
112900209,558,632,-74
112900210,0,61,-61
112900211,63,28,35
112900212,0,88,-88
112900213,10,16,-6
112900214,43,10,33
112900215,3,374,-371
112900216,38,92,-54
112900217,1,67,-66
112900218,22,50,-28
112900219,41,17,24
112900220,6,0,6
112900221,20,244,-224
112900222,0,37,-37
112900223,753,22,731
112900224,157,1547,-1390
112900225,334,894,-560
112900226,274,364,-90
112900227,315,2133,-1818
112900228,47,28,19
112900229,110,80,30
112900230,10888,3843,7045
112900232,168,165,3
112900233,56,454,-398
112900234,9,215,-206
112900235,53,26,27
112900236,167,22,145
112900237,111,659,-548
112900238,3,72,-69
112900239,662,434,228
113000001,5253,7725,-2472
113000002,3733,5048,-1315
113000003,2068,2949,-881
113000004,2051,3206,-1155
113000005,1507,1581,-74
113000006,1068,1847,-779
113000007,1530,1739,-209
113000008,1629,2654,-1025
113000009,909,1238,-329
113000010,1172,2336,-1164
113000011,951,2170,-1219
113000012,1042,1272,-230
113000013,1036,663,373
113000014,1888,1618,270
113000015,705,313,392
113000016,349,479,-130
113000017,62,363,-301
113000018,219,63,156
113000019,112,244,-132
113000020,120,36,84
113000021,1775,706,1069
113000022,670,1765,-1095
113000025,70,354,-284
113000026,359,664,-305
113000027,1536,549,987
113000028,1998,604,1394
113000029,1126,800,326
113000030,696,688,8
113000031,320,358,-38
113000032,312,365,-53
113000033,410,553,-143
113000034,492,429,63
113000035,14,33,-19
113000036,29,56,-27
113000037,62,27,35
113000038,10,62,-52
113000039,69,814,-745
113000040,48,108,-60
113000042,1005,785,220
113000051,841,2813,-1972
113000052,2976,1477,1499
113000053,296,962,-666
113000054,258,1160,-902
113000055,1050,1371,-321
113000056,884,1852,-968
113000058,943,992,-49
113000059,1396,971,425
113000060,198,668,-470
113000061,1068,1174,-106
113000062,1808,381,1427
113000063,107,458,-351
113000064,42,733,-691
113000065,155,1926,-1771
113000066,530,112,418
113000067,1729,1844,-115
113000068,475,3084,-2609
113000069,555,2164,-1609
113000070,1758,1462,296
113000071,336,1069,-733
113000072,592,768,-176
113000073,734,2219,-1485
113000074,1118,466,652
113000075,2394,808,1586
113000076,1800,2505,-705
113000077,1638,678,960
113000078,1073,2937,-1864
113000079,750,1089,-339
113000080,611,705,-94
113000081,874,1092,-218
113000082,1502,921,581
113000083,611,953,-342
113000084,2012,1342,670
113000085,917,788,129
113000086,1084,1695,-611
113000087,1099,981,118
113000088,3070,1598,1472
113000089,989,1670,-681
113000090,294,709,-415
113000091,955,458,497
113000094,1083,292,791
113000095,285,1764,-1479
113000096,176,1327,-1151
113000097,1189,455,734
113000098,136,59,77
113000099,1468,381,1087
113000100,199,650,-451
113000101,499,796,-297
113000102,587,416,171
113000103,2953,712,2241
113000104,436,3367,-2931
113000105,606,616,-10
113000106,378,591,-213
113000107,722,1329,-607
113000108,1173,1974,-801
113000109,577,5216,-4639
113000110,1764,557,1207
113000111,224,1120,-896
113000112,361,426,-65
113000113,2016,314,1702
113000114,397,1878,-1481
113000116,912,292,620
113000117,1136,157,979
113000118,271,418,-147
113000119,265,493,-228
113000120,55,237,-182
113000121,525,1282,-757
113000124,243,158,85
113000125,54,722,-668
113000127,5170,813,4357
113000128,742,851,-109
113000129,667,1895,-1228
113000133,6342,2000,4342
113000134,17,1498,-1481
113000135,3755,3779,-24
113000137,2442,3030,-588
113000139,471,201,270
113000140,213,395,-182
113000141,389,206,183
113000142,703,1420,-717
113000143,287,292,-5
113000144,384,999,-615
113000145,70,229,-159
113000146,106,98,8
113000147,150,159,-9
113000148,108,227,-119
113000149,60,167,-107
113000150,620,613,7
113000151,76,91,-15
113000152,17,160,-143
113000153,2784,784,2000
113000154,861,1936,-1075
113000155,327,593,-266
113000156,165,677,-512
113000157,390,1459,-1069
113000158,679,342,337
113000159,923,921,2
113000160,820,1870,-1050
113000161,267,1071,-804
113000162,723,584,139
113000163,84,84,0
113000164,18,130,-112
113000166,126,94,32
113000167,43,243,-200
113000168,71,248,-177
113000169,116,96,20
113000170,95,107,-12
113000171,52,125,-73
113000172,242,90,152
113000173,44,16,28
113000174,160,783,-623
113000175,508,154,354
113000176,520,168,352
113000177,171,579,-408
113000178,174,461,-287
113000179,302,190,112
113000180,786,2023,-1237
113000181,904,1416,-512
113000182,232,476,-244
113000183,170,696,-526
113000184,21,124,-103
113000189,696,942,-246
113000190,1647,731,916
113000192,3812,1759,2053
113000193,8046,1166,6880
113000194,2751,1312,1439
113000195,3366,763,2603
113000196,135,158,-23
113000197,2103,1310,793
113000198,76,499,-423
113000199,1326,635,691
113000201,973,190,783
113000202,5565,4351,1214
113000203,601,439,162
113000204,2564,1968,596
113000205,29,21,8
113000206,8,41,-33
113000207,82,18,64
113000208,21,54,-33
113000209,26,29,-3
113000210,6,43,-37
113000211,350,253,97
113000212,364,39,325
113000213,33,168,-135
113000214,198,357,-159
113000234,193,2023,-1830
113000410,93,180,-87
113000411,3010,5162,-2152
113000412,10973,2649,8324
113000413,4767,3731,1036
113000414,11103,13594,-2491
113000415,3047,3959,-912
113000416,12088,5342,6746
113000417,4035,4366,-331
113000418,3425,2821,604
113000419,1911,2315,-404
113000420,4209,6101,-1892
113000421,4346,6489,-2143
113000422,19260,12109,7151
113000423,3226,5796,-2570
113000424,5200,10696,-5496
113000425,5,107,-102
113000428,47,4,43
113000430,17,53,-36
113000432,2018,148,1870
113000433,176,1628,-1452
113000434,19,528,-509
113000435,23,1390,-1367
113000436,51,2306,-2255
113000437,661,26,635
113000438,239,17,222
113000439,16,252,-236
113000440,108,37,71
113000441,272,434,-162
113000442,146,456,-310
113000443,123,653,-530
113000444,135,589,-454
113000445,102,308,-206
113000446,30,146,-116
113000448,473,169,304
113000449,474,1459,-985
113000450,1236,5111,-3875
113000451,3047,226,2821
113000452,726,643,83
113000453,226,387,-161
113000454,1912,50,1862
113000455,109,190,-81
113000456,5096,2778,2318
113000468,4164,361,3803
113000469,707,285,422
113000470,996,156,840
113000471,12,715,-703
113000472,112,350,-238
113000474,311,838,-527
113000475,1665,2449,-784
113000476,899,2265,-1366
113000477,2107,2157,-50
113000478,4340,7655,-3315
113000479,56,340,-284
113000480,172,134,38
113000484,0,1,-1
113000485,2,0,2
113000486,0,0,0
113000487,0,0,0
113000488,0,0,0
113000489,0,0,0
113000490,0,0,0
113000491,0,2,-2
113000492,2,0,2
113000493,0,0,0
113000495,270,387,-117
113000496,163,139,24
113000499,0,0,0
113900001,2,314,-312
113900002,3,389,-386
113900003,3,345,-342
113900004,3,123,-120
113900005,1,65,-64
113900006,0,41,-41
113900007,119,22,97
113900008,243,0,243
113900009,761,2,759
113900010,397,1,396
113900011,60,8,52
113900012,18,4,14
113900013,1817,14,1803
113900014,516,3,513
113900015,0,56,-56
113900016,38,0,38
113900017,2,88,-86
113900018,760,192,568
113900019,120,71,49
113900020,86,2,84
113900022,18,0,18
113900023,23,0,23
113900024,48,190,-142
113900025,381,28,353
113900026,60,0,60
113900027,2,152,-150
113900028,28,713,-685
113900029,34,382,-348
113900030,172,6,166
113900031,3,2,1
113900032,15,0,15
113900033,65,132,-67
113900035,88,0,88
113900036,11,230,-219
113900037,103,832,-729
113900038,102,138,-36
113900039,136,22,114
113900040,9,3,6
113900041,4,4,0
113900042,53,63,-10
113900043,277,169,108
113900044,167,81,86
113900045,69,2,67
113900046,268,1024,-756
113900047,30,272,-242
113900048,366,98,268
113900049,1180,393,787
113900050,232,651,-419
113900051,289,713,-424
113900052,177,191,-14
113900053,609,275,334
113900054,16,23,-7
113900055,97,817,-720
113900056,126,282,-156
113900057,9,203,-194
113900058,49,326,-277
113900059,251,571,-320
113900060,93,363,-270
113900061,1314,155,1159
113900062,94,28,66
113900063,107,262,-155
113900064,49,264,-215
113900065,399,38,361
113900066,377,733,-356
113900067,95,489,-394
113900068,533,539,-6
113900069,140,49,91
113900070,153,693,-540
113900071,65,140,-75
113900072,67,235,-168
113900073,180,537,-357
113900074,47,609,-562
113900075,1437,1122,315
113900076,120,5,115
113900077,36,378,-342
113900078,85,125,-40
113900079,1,117,-116
113900080,423,245,178
113900081,48,309,-261
113900082,97,391,-294
113900083,209,991,-782
113900084,306,157,149
113900085,45,508,-463
113900086,47,34,13
113900087,35,217,-182
113900088,45,68,-23
113900089,466,63,403
113900090,575,432,143
113900091,26,53,-27
113900092,28,74,-46
113900093,132,782,-650
113900094,376,614,-238
113900095,160,159,1
113900096,261,74,187
113900097,14,188,-174
113900098,678,102,576
113900099,0,122,-122
113900100,1,1,0
113900101,24,71,-47
113900102,174,141,33
113900103,309,253,56
113900104,149,280,-131
113900105,73,640,-567
113900106,1,195,-194
113900107,1,48,-47
113900108,413,214,199
113900109,376,140,236
113900110,43,41,2
113900111,121,154,-33
113900112,117,123,-6
113900113,829,606,223
113900114,3,205,-202
113900115,1,163,-162
113900116,107,148,-41
113900117,93,37,56
113900118,211,315,-104
113900119,360,652,-292
113900120,67,59,8
113900121,55,96,-41
113900122,477,1689,-1212
113900123,516,191,325
113900124,0,142,-142
113900125,2050,198,1852
113900126,188,73,115
113900127,311,612,-301
113900128,148,83,65
113900129,19,166,-147
113900130,1,15,-14
113900131,249,92,157
113900132,57,72,-15
113900133,13,42,-29
113900135,298,812,-514
113900136,174,110,64
113900137,561,262,299
113900138,44,253,-209
113900139,728,136,592
113900140,495,408,87
113900141,483,827,-344
113900142,85,148,-63
113900143,16,42,-26
113900144,329,234,95
113900145,343,312,31
113900146,125,76,49
113900148,214,383,-169
113900149,183,61,122
113900150,1212,1108,104
113900151,303,353,-50
113900152,29,55,-26
113900153,529,895,-366
113900154,7,136,-129
113900155,286,141,145
113900156,371,846,-475
113900157,27,230,-203
113900158,526,356,170
113900159,18,225,-207
113900160,562,990,-428
113900161,42,337,-295
113900162,628,820,-192
113900163,303,372,-69
113900164,330,76,254
113900165,642,633,9
113900166,295,190,105
113900167,256,59,197
113900168,162,136,26
113900169,330,626,-296
113900171,123,100,23
113900172,8,354,-346
113900173,76,1140,-1064
113900174,539,912,-373
113900175,400,166,234
113900176,242,934,-692
113900177,324,366,-42
113900178,209,137,72
113900179,26,1004,-978
113900180,267,170,97
113900181,589,115,474
113900182,578,1264,-686
113900183,70,91,-21
113900184,18,843,-825
113900185,159,118,41
113900186,20,63,-43
113900187,50,207,-157
113900188,61,200,-139
113900189,352,97,255
113900190,394,144,250
113900191,181,321,-140
113900192,12,546,-534
113900193,42,415,-373
113900194,3542,1294,2248
113900195,380,715,-335
113900196,0,126,-126
113900197,3,537,-534
113900198,20,168,-148
113900199,251,1068,-817
113900200,17,312,-295
113900201,3,393,-390
113900202,46,413,-367
113900203,1,290,-289
113900204,59,953,-894
113900205,20,265,-245
113900206,4,224,-220
113900207,1,87,-86
113900208,0,79,-79
113900209,2,135,-133
113900210,820,749,71
113900211,110,50,60
113900212,156,1018,-862
113900214,514,631,-117
113900215,62,226,-164
113900216,115,1985,-1870
113900217,62,499,-437
113900218,111,45,66
113900219,195,832,-637
113900220,125,98,27
113900221,370,142,228
113900222,481,458,23
113900223,170,1561,-1391
113900224,148,92,56
113900225,1084,303,781
113900226,360,212,148
113900227,312,240,72
113900228,360,388,-28
113900229,58,648,-590
113900230,6528,2909,3619
113900231,157,367,-210
113900232,75,119,-44
113900233,73,65,8
113900234,335,631,-296
113900235,101,39,62
113900236,96,624,-528
113900237,133,6,127
113900238,243,580,-337
113900239,75,113,-38
113900240,18,122,-104
113900241,108,135,-27
113900242,61,318,-257
113900243,168,537,-369
113900244,588,271,317
113900245,1740,330,1410
113900246,16,16,0
113900247,255,387,-132
113900248,5362,2018,3344
113900249,1938,381,1557
113900250,77,161,-84
113900251,518,315,203
113900252,525,19,506
113900253,664,56,608
113900254,856,172,684
113900255,355,25,330
113900256,307,48,259
113900257,43,1177,-1134
113900258,22,903,-881
113900259,394,337,57
113900260,166,13,153
113900261,64,164,-100
113900262,207,1263,-1056
113900263,211,917,-706
113900264,31,973,-942
113900265,151,413,-262
113900266,33,425,-392
113900267,156,735,-579
113900268,318,439,-121
113900269,67,163,-96
113900270,381,496,-115
113900271,573,1907,-1334
113900273,21,1,20
113900274,22,14,8
113900275,26,70,-44
113900276,5,410,-405
113900277,67,5,62
113900278,340,194,146
113900279,115,140,-25
113900280,1325,923,402
113900281,476,1374,-898
113900282,1100,616,484
113900283,308,485,-177
113900284,717,222,495
113900285,127,31,96
113900286,4,168,-164
113900287,24,113,-89
113900288,3,99,-96
113900289,2042,135,1907
113900290,699,215,484
113900291,130,180,-50
113900292,9,13,-4
113900293,10,349,-339
113900294,466,56,410
113900295,562,452,110
113900296,3468,462,3006
113900297,1096,59,1037
113900298,8,2195,-2187
113900299,58,322,-264
113900300,9147,3520,5627
113900301,1446,481,965
113900302,3440,928,2512
113900303,828,352,476
113900304,3,225,-222
113900305,73,1,72
113900306,49,0,49
113900307,62,1,61
113900308,115,141,-26
113900309,8,1319,-1311
113900310,0,23,-23
113900311,6,0,6
113900312,152,189,-37
113900313,9,23,-14
114000001,1225,6022,-4797
114000002,186,804,-618
114000003,31,465,-434
114000004,330,599,-269
114000005,199,327,-128
114000006,3377,3175,202
114000007,786,2089,-1303
114000008,1631,1585,46
114000009,458,311,147
114000011,2875,5925,-3050
114000012,1795,4583,-2788
114000013,1447,3541,-2094
114000014,416,641,-225
114000015,1448,955,493
114000016,205,712,-507
114000017,152,233,-81
114000018,873,91,782
114000026,1175,2506,-1331
114000027,2279,2889,-610
114000028,2352,2794,-442
114000038,223,184,39
114000039,91,235,-144
114000040,69,178,-109
114000042,172,232,-60
114000043,57,248,-191
114000044,121,77,44
114000045,56,176,-120
114000046,3062,7053,-3991
114000047,18,71,-53
114000048,83,75,8
114000049,1667,1921,-254
114000050,1704,1996,-292
114000051,3615,2367,1248
114000052,3280,1599,1681
114000053,66,837,-771
114000054,163,2403,-2240
114000055,213,29,184
114000056,1353,916,437
114000057,15853,3462,12391
114000058,702,1435,-733
114000059,430,357,73
114000060,523,953,-430
114000061,4629,2541,2088
114000062,3061,1563,1498
114000063,3867,2037,1830
114000064,9882,3855,6027
114000065,2285,3276,-991
114000066,433,957,-524
114000067,11,514,-503
114000068,459,586,-127
114000069,931,748,183
114000070,2341,1770,571
114000071,698,972,-274
114000072,295,867,-572
114000073,13,262,-249
114000074,30,21,9
114000075,48,345,-297
114000076,23,351,-328
114000077,16,128,-112
114000078,158,1717,-1559
114000079,81,42,39
114000080,89,99,-10
114000081,44,139,-95
114000082,71,991,-920
114000083,56,527,-471
114000084,211,105,106
114000085,162,1312,-1150
114000086,255,1021,-766
114000087,66,429,-363
114000088,54,107,-53
114000089,2563,758,1805
114000090,597,663,-66
114000091,1438,618,820
114000092,910,369,541
114000093,988,829,159
114000094,334,555,-221
114000095,116,157,-41
114000096,97,782,-685
114000097,127,1347,-1220
114000098,331,83,248
114000099,395,1523,-1128
114000100,905,1408,-503
114000101,337,1654,-1317
114000102,311,401,-90
114000103,135,847,-712
114000104,5,545,-540
114000105,48,46,2
114000106,2234,749,1485
114000107,224,158,66
114000108,4572,1887,2685
114000109,371,740,-369
114000110,616,2743,-2127
114000111,1131,683,448
114000112,448,3056,-2608
114000113,774,548,226
114000114,1431,2381,-950
114000115,1424,943,481
114000116,504,1196,-692
114000117,2077,524,1553
114000118,1835,507,1328
114000119,1293,478,815
114000120,641,1410,-769
114000121,453,808,-355
114000122,314,335,-21
114000123,1310,341,969
114000124,809,403,406
114000125,1071,2972,-1901
114000126,991,272,719
114000127,160,254,-94
114000128,830,929,-99
114000130,450,730,-280
114000131,145,84,61
114000132,733,1099,-366
114000133,1029,2315,-1286
114000134,73,361,-288
114000138,44,275,-231
114000139,332,169,163
114000144,723,468,255
114000145,62,279,-217
114000146,95,489,-394
114000147,1112,1543,-431
114000148,3058,1804,1254
114000149,286,313,-27
114000150,956,749,207
114000151,1173,1141,32
114000152,92,24,68
114000153,897,1705,-808
114000154,740,636,104
114000155,1548,2323,-775
114000156,860,525,335
114000157,339,1149,-810
114000158,3477,935,2542
114000159,168,487,-319
114000160,148,295,-147
114000161,1454,2333,-879
114000162,816,1699,-883
114000163,12,231,-219
114000165,326,190,136
114000166,676,304,372
114000167,6688,1572,5116
114000168,893,863,30
114000169,2224,925,1299
114000170,966,914,52
114000171,938,2435,-1497
114000174,169,640,-471
114000176,795,475,320
114000177,3538,1080,2458
114000178,29,93,-64
114000179,1541,986,555
114000180,708,886,-178
114000181,2030,3267,-1237
114000182,9363,3238,6125
114000183,1106,1564,-458
114000184,10008,2037,7971
114000185,862,1144,-282
114000189,537,134,403
114000190,1881,302,1579
114000191,31,51,-20
114000192,355,3086,-2731
114000193,1406,5836,-4430
114000194,1365,2073,-708
114000195,100,10,90
114000196,1,715,-714
114000197,881,99,782
114000198,1886,524,1362
114000199,2736,1418,1318
114000200,648,3849,-3201
114000201,186,1848,-1662
114000202,1157,1364,-207
114000203,586,1296,-710
114000204,119,793,-674
114000205,239,2658,-2419
114000206,479,1576,-1097
114000207,867,3575,-2708
114000208,608,5729,-5121
114000209,856,5550,-4694
114000210,477,2844,-2367
114000211,1020,2434,-1414
114000212,635,1192,-557
114000213,1045,958,87
114000214,90,384,-294
114000215,197,132,65
114000216,1175,456,719
114000217,192,491,-299
114000218,106,458,-352
114000219,1007,404,603
114000220,21,2844,-2823
114000221,541,221,320
114000222,303,2198,-1895
114000223,375,126,249
114000224,152,1362,-1210
114000225,170,944,-774
114000226,105,296,-191
114000227,669,660,9
114000228,778,1599,-821
114000229,1195,1895,-700
114000230,1706,2333,-627
114000231,917,1734,-817
114000232,493,190,303
114000233,1632,172,1460
114000234,980,1558,-578
114000235,969,2319,-1350
114000236,1,829,-828
114000237,102,1833,-1731
114000238,55,298,-243
114000239,194,2394,-2200
114000240,926,989,-63
114000241,314,1707,-1393
114000242,1235,1540,-305
114000243,1370,1266,104
114000244,608,448,160
114000245,467,787,-320
114000246,173,53,120
114000247,727,984,-257
114000248,779,836,-57
114000249,521,741,-220
114000250,436,1044,-608
114000251,323,599,-276
114000252,82,170,-88
114000253,67,448,-381
114000254,22,191,-169
114000255,1126,273,853
114000256,2555,1517,1038
114000257,658,2540,-1882
114000258,154,702,-548
114000259,94,484,-390
114000260,1,38,-37
114000261,36,46,-10
114000262,58,219,-161
114000263,12,1,11
114000264,719,1129,-410
114000265,5,2,3
114000267,3,1931,-1928
114000268,12,3044,-3032
114000270,127,3,124
114000271,580,134,446
114000283,746,631,115
114000285,91,522,-431
114000288,64,839,-775
114000289,922,126,796
114000293,118,603,-485
114000294,106,302,-196
114000395,1383,111,1272
114000396,351,478,-127
114000402,396,542,-146
114000403,261,1038,-777
114000405,143,936,-793
114000423,213,786,-573
114000424,188,337,-149
114000425,426,934,-508
114000426,281,911,-630
114000427,24,132,-108
114000428,346,162,184
114000429,12,290,-278
114000432,84,246,-162
114000434,30,186,-156
114000435,8,153,-145
114900001,462,2453,-1991
114900002,375,183,192
114900003,498,3700,-3202
114900004,161,352,-191
114900005,361,1429,-1068
114900006,34,94,-60
114900007,156,20,136
114900008,100,59,41
114900010,3731,2305,1426
114900011,131,154,-23
114900013,201,114,87
114900015,57,326,-269
114900018,1013,77,936
114900020,197,76,121
114900022,9,1021,-1012
114900024,298,133,165
114900025,302,353,-51
114900026,40,121,-81
114900027,171,299,-128
114900029,22,40,-18
114900030,236,366,-130
114900031,247,26,221
114900032,240,39,201
114900033,2331,407,1924
114900034,53,412,-359
114900035,125,447,-322
114900036,341,1685,-1344
114900037,119,369,-250
114900038,163,1500,-1337
114900039,485,1078,-593
114900040,90,451,-361
114900041,491,959,-468
114900042,642,1231,-589
114900043,1489,522,967
114900044,80,25,55
114900046,46,246,-200
114900047,294,1597,-1303
114900048,95,369,-274
114900049,28,459,-431
114900050,33,967,-934
114900051,17,909,-892
114900052,83,328,-245
114900053,66,302,-236
114900054,55,209,-154
114900057,232,10,222
114900058,0,83,-83
114900059,62,37,25
114900060,1699,762,937
114900061,163,289,-126
114900062,323,435,-112
114900063,96,416,-320
114900064,949,954,-5
114900065,280,865,-585
114900067,45,440,-395
114900068,108,390,-282
114900069,266,281,-15
114900070,418,1063,-645
114900072,14,422,-408
114900073,1,249,-248
114900074,392,1726,-1334
114900075,242,2,240
114900076,6,433,-427
114900080,5564,636,4928
114900082,4932,1902,3030
114900083,1260,1195,65
114900090,220,245,-25
114900091,183,298,-115
114900095,550,195,355
114900096,494,920,-426
114900097,108,1,107
114900098,7,356,-349
114900099,132,9,123
115000001,12956,8282,4674
115000002,3590,3539,51
115000003,5113,6008,-895
115000004,3127,5394,-2267
115000005,1637,4153,-2516
115000006,702,1675,-973
115000007,59,240,-181
115000008,609,658,-49
115000009,163,715,-552
115000010,317,170,147
115000013,82,233,-151
115000015,49,304,-255
115000016,205,370,-165
115000019,30,402,-372
115000020,254,433,-179
115000021,388,426,-38
115000022,586,439,147
115000023,315,552,-237
115000024,1659,634,1025
115000025,937,660,277
115000026,160,560,-400
115000027,257,411,-154
115000028,201,1132,-931
115000029,463,212,251
115000030,568,1237,-669
115000031,1137,495,642
115000032,5,314,-309
115000033,121,27,94
115000034,251,1240,-989
115000035,1141,75,1066
115000036,2,505,-503
115000037,405,13,392
115000038,59,314,-255
115000039,3892,3224,668
115000040,9090,4736,4354
115000041,982,2955,-1973
115000042,674,1048,-374
115000043,2946,4077,-1131
115000044,3365,6607,-3242
115000045,2010,3651,-1641
115000046,1625,4325,-2700
115000047,1614,2925,-1311
115000048,1578,3642,-2064
115000049,1624,3956,-2332
115000050,3852,2613,1239
115000051,2852,2632,220
115000052,5062,2770,2292
115000053,1558,1843,-285
115000054,988,2016,-1028
115000055,116,454,-338
115000056,214,331,-117
115000057,380,586,-206
115000058,120,135,-15
115000059,217,169,48
115000061,190,91,99
115000062,190,419,-229
115000063,221,612,-391
115000064,153,208,-55
115000065,65,413,-348
115000067,244,38,206
115000069,71,321,-250
115000070,29,847,-818
115000071,77,10,67
115000072,27,79,-52
115000073,1500,35,1465
115000075,79,89,-10
115000076,5319,4877,442
115000077,1637,5518,-3881
115000078,1033,2923,-1890
115000079,1414,3441,-2027
115000080,2055,4058,-2003
115000081,522,1203,-681
115000082,3428,4617,-1189
115000083,2489,5109,-2620
115000084,1519,1851,-332
115000085,690,1375,-685
115000086,964,1679,-715
115000087,620,2010,-1390
115000088,2330,1000,1330
115000089,1766,1874,-108
115000090,1074,1017,57
115000091,575,1659,-1084
115000092,343,454,-111
115000093,526,3,523
115000094,13810,6593,7217
115000095,9701,5698,4003
115000096,576,3570,-2994
115000097,774,1059,-285
115000098,805,1067,-262
115000099,2150,6301,-4151
115000100,785,879,-94
115000101,437,2150,-1713
115000102,411,219,192
115000103,475,1416,-941
115000105,57,337,-280
115000106,338,359,-21
115000107,214,851,-637
115000108,6133,3480,2653
115000109,8705,3743,4962
115000110,1480,1251,229
115000111,806,2007,-1201
115000112,729,892,-163
115000113,767,1168,-401
115000114,1746,950,796
115000116,5015,1915,3100
115000117,5988,2578,3410
115000118,2090,2086,4
115000119,1972,2434,-462
115000120,709,1251,-542
115000121,1640,1123,517
115000122,4163,1940,2223
115000123,2785,2168,617
115000124,987,1478,-491
115000125,475,803,-328
115000126,169,308,-139
115000127,425,208,217
115000128,2035,1004,1031
115000129,317,243,74
115000130,319,1761,-1442
115000131,553,280,273
115000132,169,1072,-903
115000133,424,536,-112
115000134,188,344,-156
115000135,328,396,-68
115000136,139,268,-129
115000137,71,270,-199
115000138,259,313,-54
115000139,270,384,-114
115000140,184,257,-73
115000141,149,601,-452
115000142,138,461,-323
115000143,366,628,-262
115000144,344,103,241
115000145,197,672,-475
115000146,297,287,10
115000147,443,766,-323
115000148,306,2429,-2123
115000149,448,360,88
115000150,768,2251,-1483
115000151,832,709,123
115000152,735,2664,-1929
115000153,996,703,293
115000154,621,475,146
115000155,784,1748,-964
115000156,1416,853,563
115000157,1448,1332,116
115000158,986,513,473
115000159,1111,803,308
115000160,857,995,-138
115000161,568,828,-260
115000162,806,651,155
115000163,961,644,317
115000164,803,637,166
115000165,355,467,-112
115000167,158,93,65
115000168,703,303,400
115000169,906,402,504
115000170,153,161,-8
115000171,291,189,102
115000172,3134,761,2373
115000173,374,421,-47
115000174,123,263,-140
115000175,156,153,3
115000176,167,163,4
115000177,124,184,-60
115000178,11,422,-411
115000179,27,45,-18
115000180,78,1080,-1002
115000181,489,208,281
115000182,616,672,-56
115000183,216,1698,-1482
115000186,654,348,306
115000187,177,946,-769
115000188,433,790,-357
115000189,249,542,-293
115000190,1273,592,681
115000191,358,525,-167
115000194,215,186,29
115000195,432,407,25
115000196,75,226,-151
115000197,156,603,-447
115000198,215,485,-270
115000199,248,532,-284
115000200,283,194,89
115000201,163,668,-505
115000206,281,215,66
115000207,85,596,-511
115000208,1026,1069,-43
115000209,476,230,246
115000210,90,170,-80
115000211,214,342,-128
115000212,2158,321,1837
115000224,321,97,224
115000225,65,57,8
115000229,340,214,126
115000230,131,937,-806
115000231,387,4304,-3917
115000232,1193,495,698
115000233,128,297,-169
115000234,26,333,-307
115000241,58,417,-359
115000242,98,516,-418
115000243,35,430,-395
115000244,7,104,-97
115000246,53,24,29
115000247,20,13,7
115000248,26,28,-2
115000249,36,21,15
115000250,260,54,206
115000251,192,173,19
115000252,68,199,-131
115000253,14,375,-361
115000258,261,296,-35
115000259,490,202,288
115000261,19,30,-11
115000262,15,31,-16
115000263,7,63,-56
115000264,10,61,-51
115000267,61,127,-66
115000268,35,205,-170
115000269,149,105,44
115000270,8,38,-30
115000272,51,228,-177
115000273,321,42,279
115000280,2862,169,2693
115000281,861,473,388
115000282,2148,511,1637
115000284,334,148,186
115000296,897,8,889
115000297,253,126,127
115000298,84,292,-208
115000300,91,301,-210
115000302,380,314,66
115000303,594,207,387
115000304,518,151,367
115000305,73,2072,-1999
115000306,141,1098,-957
115000307,76,522,-446
115000308,150,24,126
115000309,27,42,-15
115000310,842,1622,-780
115000311,635,2243,-1608
115000313,129,1310,-1181
115000314,367,113,254
115000315,1460,460,1000
115000316,84,81,3
115000317,166,1079,-913
115000318,592,406,186
115000319,52,435,-383
115000320,14,298,-284
115000321,417,4,413
115000322,41,389,-348
115000449,523,202,321
115000557,1,1053,-1052
115000558,244,99,145
115000587,457,502,-45
115000588,2586,5905,-3319
115000589,3070,3855,-785
115000590,765,2257,-1492
115000591,1057,1175,-118
115000592,660,2066,-1406
115000593,1341,999,342
115000594,916,2129,-1213
115000609,91,314,-223
115000617,2951,2375,576
115000624,176,138,38
115000633,449,1861,-1412
115000634,3041,1041,2000
115000635,402,142,260
115000638,2321,996,1325
115000641,101,160,-59
115000642,387,351,36
115000643,108,694,-586
115000644,151,520,-369
115000646,835,1390,-555
115000647,242,692,-450
115000648,1298,2423,-1125
115000893,3835,1722,2113
115000894,105,1293,-1188
115000895,390,891,-501
115000896,1400,407,993
115000897,617,146,471
115000898,765,265,500
115000899,1306,1598,-292
115000900,129,556,-427
115000901,83,165,-82
115000912,286,120,166
115000913,3,103,-100
115000915,60,2,58
115000916,3,0,3
115000917,0,8,-8
115000918,117,294,-177
115000919,26,28,-2
115000920,35,47,-12
115000921,2277,155,2122
115000922,1515,859,656
115000923,468,967,-499
115000925,91,93,-2
115000927,30,42,-12
115000933,451,168,283
115000934,99,297,-198
115000935,66,128,-62
115000936,82,439,-357
115000937,1679,227,1452
115000938,130,216,-86
115000939,75,167,-92
115900001,49,144,-95
115900002,93,342,-249
115900003,136,168,-32
115900004,3,110,-107
115900005,125,6,119
115900006,106,929,-823
115900008,59,19,40
115900009,68,605,-537
115900010,159,349,-190
115900011,269,520,-251
115900012,110,172,-62
115900013,388,233,155
115900014,112,277,-165
115900015,47,180,-133
115900016,46,70,-24
115900017,2,1,1
115900018,254,136,118
115900019,517,70,447
115900020,12,0,12
115900021,2098,161,1937
115900022,4561,23,4538
115900023,2,2,0
115900025,81,293,-212
115900026,983,532,451
115900027,1,686,-685
115900028,711,96,615
115900029,12,847,-835
115900030,43,64,-21
115900031,450,256,194
115900032,462,1296,-834
115900033,0,78,-78
115900034,43,926,-883
115900035,28,65,-37
115900036,554,479,75
115900037,42,697,-655
115900038,34,8,26
115900039,123,620,-497
115900041,628,497,131
115900042,21,5,16
115900043,86,245,-159
115900044,404,270,134
115900046,228,404,-176
115900047,114,129,-15
115900049,148,434,-286
115900051,0,68,-68
115900052,12,396,-384
115900053,136,450,-314
115900054,149,77,72
115900055,25,164,-139
115900056,157,573,-416
115900057,18,6,12
115900058,24,86,-62
115900060,23,190,-167
115900061,142,1,141
115900062,42,434,-392
115900063,50,19,31
115900064,173,379,-206
115900065,79,195,-116
115900066,254,298,-44
115900067,8,1379,-1371
115900068,4811,434,4377
115900069,49,259,-210
115900070,163,352,-189
115900071,2,1111,-1109
115900072,76,332,-256
115900073,59,50,9
115900074,1,552,-551
115900075,20,472,-452
115900076,3,139,-136
115900077,7,435,-428
115900078,16,160,-144
115900079,126,18,108
115900080,754,437,317
115900081,15,125,-110
115900082,207,222,-15
115900084,224,20,204
115900085,76,43,33
115900086,2684,565,2119
115900088,27,52,-25
115900089,218,1020,-802
115900090,203,31,172
115900091,8,40,-32
115900092,44,373,-329
115900093,8,28,-20
115900094,5,586,-581
115900096,3,15,-12
115900097,11,842,-831
115900098,156,939,-783
115900099,42,134,-92
115900100,4,1016,-1012
115900101,173,744,-571
115900102,48,146,-98
115900103,329,485,-156
115900104,42,226,-184
115900105,137,1341,-1204
115900106,35,33,2
115900107,48,295,-247
115900108,52,49,3
115900109,52,674,-622
115900110,3,26,-23
115900111,1,132,-131
115900112,42,1914,-1872
115900113,31,35,-4
115900114,1,248,-247
115900115,66,232,-166
115900116,93,1896,-1803
115900117,40,26,14
115900118,10,486,-476
115900119,145,119,26
115900120,42,794,-752
115900121,122,417,-295
115900124,263,572,-309
115900125,246,41,205
115900126,514,72,442
115900127,527,63,464
115900128,10,98,-88
115900129,531,56,475
115900130,56,261,-205
115900131,229,59,170
115900132,380,15,365
115900134,318,7,311
115900135,761,954,-193
115900137,32,1,31
115900139,80,50,30
115900140,169,25,144
115900141,2,44,-42
115900142,3,18,-15
115900143,167,585,-418
115900144,66,364,-298
115900146,9,241,-232
115900147,350,255,95
115900148,11,4,7
115900149,50,41,9
115900150,64,119,-55
115900151,13,150,-137
115900152,88,689,-601
115900153,104,470,-366
115900154,1194,380,814
115900155,3,196,-193
115900156,637,1123,-486
115900157,110,625,-515
115900158,57,14,43
115900159,98,455,-357
115900160,7,2,5
115900161,33,324,-291
115900163,142,179,-37
115900164,351,45,306
115900166,253,506,-253
115900168,78,276,-198
115900171,133,707,-574
115900172,54,175,-121
115900173,195,228,-33
115900174,583,276,307
115900175,85,257,-172
115900178,4,1187,-1183
115900179,174,23,151
115900180,41,706,-665
115900181,136,369,-233
115900182,315,479,-164
115900183,48,29,19
115900184,2000,30,1970
115900187,6,151,-145
115900189,2,173,-171
115900190,603,1251,-648
115900191,69,830,-761
115900192,13,82,-69
115900193,77,133,-56
115900194,389,69,320
115900195,763,1172,-409
115900198,263,416,-153
115900199,233,411,-178
115900200,345,482,-137
115900201,351,305,46
115900202,2,7,-5
115900203,0,4,-4
115900204,0,0,0
115900205,44,11,33
115900206,192,248,-56
115900207,33,36,-3
115900208,112,587,-475
115900209,5,215,-210
115900210,3,207,-204
115900211,6,373,-367
115900212,113,355,-242
115900213,64,45,19
115900214,241,429,-188
115900215,21,55,-34
115900216,6,106,-100
115900217,0,142,-142
115900218,2,70,-68
115900219,95,4,91
115900220,76,8,68
115900221,55,38,17
115900222,64,26,38
115900223,11,171,-160
115900224,2596,539,2057
115900225,88,37,51
115900226,20,84,-64
115900227,9,91,-82
115900228,9,93,-84
115900229,6,62,-56
115900230,63,154,-91
115900231,97,1,96
115900232,47,2,45
115900233,41,9,32
115900234,46,41,5
115900235,3,27,-24
115900236,12,8,4
115900237,14,45,-31
115900238,9,26,-17
115900239,22,41,-19
115900240,12,89,-77
115900241,172,113,59
115900242,307,316,-9
115900243,17,11,6
115900244,4,27,-23
115900245,47,16,31
115900246,17,3,14
115900247,28,3,25
115900248,9,4,5
115900249,5,12,-7
115900250,5,23,-18
115900251,3,16,-13
115900252,1,6,-5
115900253,4,9,-5
115900254,28,42,-14
115900255,9,24,-15
115900256,14,17,-3
115900257,1,6,-5
115900258,0,1,-1
115900259,2,3,-1
115900260,11,0,11
115900261,0,1,-1
115900262,1,1,0
115900263,3,3,0
115900264,0,6,-6
115900265,4,8,-4
115900266,7,9,-2
115900267,6,7,-1
115900268,4,16,-12
115900269,366,507,-141
115900270,330,1410,-1080
115900271,99,1,98
115900272,24,3,21
115900273,15,18,-3
115900274,1,44,-43
115900275,10,89,-79
115900276,3,166,-163
115900277,1,322,-321
115900278,18,244,-226
115900279,6,263,-257
115900280,17,291,-274
115900281,790,154,636
115900282,33,10,23
115900283,5,23,-18
115900284,8,7,1
116000001,22783,7554,15229
116000002,4601,8480,-3879
116000003,1960,2980,-1020
116000004,3104,2759,345
116000005,3684,5008,-1324
116000006,2736,1468,1268
116000007,4540,6569,-2029
116000008,3096,2164,932
116000009,2209,3765,-1556
116000010,1683,1326,357
116000011,1090,2456,-1366
116000012,821,901,-80
116000013,26879,6552,20327
116000014,29010,11675,17335
116000015,753,1059,-306
116000016,12385,3362,9023
116000017,38,737,-699
116000018,1036,812,224
116000019,765,429,336
116000020,581,2370,-1789
116000021,408,375,33
116000022,275,847,-572
116000023,998,759,239
116000024,791,2237,-1446
116000025,919,640,279
116000026,1615,3108,-1493
116000027,880,717,163
116000028,477,824,-347
116000029,1010,661,349
116000030,674,505,169
116000031,130,242,-112
116000032,428,271,157
116000033,339,722,-383
116000034,685,1086,-401
116000035,398,598,-200
116000036,3129,786,2343
116000037,1141,871,270
116000038,903,460,443
116000039,840,293,547
116000040,1769,307,1462
116000041,296,581,-285
116000042,558,281,277
116000043,85,686,-601
116000044,35,232,-197
116000045,1897,1430,467
116000046,1590,1178,412
116000047,2708,2266,442
116000048,2339,1920,419
116000049,1060,2421,-1361
116000050,1338,1490,-152
116000051,4188,2385,1803
116000052,4163,4225,-62
116000053,1998,1427,571
116000054,958,2601,-1643
116000055,559,1672,-1113
116000056,702,1449,-747
116000057,3529,2537,992
116000058,3550,2307,1243
116000059,2891,5360,-2469
116000060,3289,1157,2132
116000061,640,986,-346
116000062,903,320,583
116000063,607,1402,-795
116000066,210,586,-376
116000067,266,955,-689
116000068,188,353,-165
116000069,374,603,-229
116000078,338,1555,-1217
116000080,1421,1439,-18
116000082,8,200,-192
116000083,1122,396,726
116000084,3491,5345,-1854
116000085,2033,1376,657
116000086,3485,2041,1444
116000087,1222,1618,-396
116000088,1271,2230,-959
116000089,142,161,-19
116000090,138,192,-54
116000091,143,162,-19
116000093,578,2155,-1577
116000094,502,1035,-533
116000095,514,1845,-1331
116000096,693,1533,-840
116000097,507,1531,-1024
116000098,818,4670,-3852
116000099,17618,734,16884
116000100,136,9,127
116000101,434,2642,-2208
116000102,314,2295,-1981
116000103,383,345,38
116000104,147,2842,-2695
116000105,725,245,480
116000106,260,2110,-1850
116000107,1264,647,617
116000108,40,274,-234
116000111,138,31,107
116000113,96,98,-2
116000114,27,176,-149
116000115,273,109,164
116000116,231,795,-564
116000117,1365,3282,-1917
116000118,1281,2430,-1149
116000119,2427,2708,-281
116000120,3234,6989,-3755
116000121,691,636,55
116000122,1672,3775,-2103
116000123,622,730,-108
116000124,384,1720,-1336
116000125,2057,874,1183
116000126,296,1937,-1641
116000127,1393,2641,-1248
116000128,1477,1098,379
116000129,803,228,575
116000130,317,343,-26
116000133,500,1485,-985
116000134,1698,5017,-3319
116000135,1577,1805,-228
116000136,1013,3802,-2789
116000137,657,718,-61
116000138,1135,629,506
116000139,1669,2931,-1262
116000140,176,337,-161
116000141,486,1515,-1029
116000142,5165,5340,-175
116000143,2079,1919,160
116000144,1296,4323,-3027
116000145,1750,2183,-433
116000146,251,668,-417
116000147,376,217,159
116000148,469,548,-79
116000149,420,705,-285
116000151,614,1673,-1059
116000153,112,878,-766
116000155,395,389,6
116000156,707,2918,-2211
116000157,49,45,4
116000158,444,369,75
116000159,8,19,-11
116000160,27,218,-191
116000161,14,204,-190
116000162,83,104,-21
116000163,27,10,17
116000164,5,20,-15
116000177,56,144,-88
116000194,67,654,-587
116000195,2312,867,1445
116000196,11,9,2
116000197,7,14,-7
116000198,2726,1190,1536
116000200,1017,299,718
116000201,814,932,-118
116000202,7,556,-549
116000203,4,91,-87
116000204,19,76,-57
116000205,1,228,-227
116000206,1,127,-126
116000207,2,54,-52
116000233,236,1454,-1218
116000287,121,835,-714
116000288,167,395,-228
116000292,69,304,-235
116000296,16,506,-490
116000297,44,2,42
116000304,64,74,-10
116000305,46,166,-120
116000346,239,333,-94
116000352,74,81,-7
116000354,70,35,35
116000357,30,13,17
116000358,226,45,181
116000361,180,3,177
116000372,15301,3706,11595
116000381,87,4,83
116000388,0,53,-53
116000389,638,894,-256
116000445,312,950,-638
116000446,392,2070,-1678
116000447,16,546,-530
116000448,779,477,302
116000563,1055,927,128
116000565,159,582,-423
116000568,63,293,-230
116000579,26,178,-152
116000584,27,25,2
116000585,18,26,-8
116000586,260,137,123
116000587,512,857,-345
116000589,13,111,-98
116000590,59,112,-53
116000591,148,501,-353
116000592,19,152,-133
116000593,3,172,-169
116000594,400,788,-388
116000595,596,185,411
116000596,90,2,88
116000597,243,74,169
116000598,24,302,-278
116000602,71,478,-407
116000605,398,307,91
116000606,47,238,-191
116000607,5,139,-134
116000609,329,1047,-718
116000611,108,685,-577
116000612,584,2265,-1681
116000613,477,531,-54
116000614,628,1280,-652
116000615,2,187,-185
116000616,43,193,-150
116000617,83,167,-84
116000618,3,293,-290
116000619,18,44,-26
116000620,64,73,-9
116000621,19,134,-115
116000622,40,180,-140
116000624,34,101,-67
116000627,43,112,-69
116000628,27,2258,-2231
116000629,48,1335,-1287
116000630,250,371,-121
116000631,114,304,-190
116000632,245,868,-623
116000633,65,1259,-1194
116000634,274,50,224
116000635,3606,1931,1675
116000636,2372,1173,1199
116000637,233,29,204
116000638,26,997,-971
116900001,169,156,13
116900002,361,6,355
116900003,12,105,-93
116900004,27,50,-23
116900005,214,89,125
116900006,277,144,133
116900007,87,211,-124
116900008,246,839,-593
116900009,15,4,11
116900010,6,3513,-3507
116900011,18,77,-59
116900012,164,316,-152
116900013,11,304,-293
116900014,58,514,-456
116900015,248,127,121
116900016,116,5,111
116900017,5,1368,-1363
116900018,80,68,12
116900019,13,798,-785
116900020,3117,583,2534
116900023,41,11,30
116900024,344,169,175
116900025,612,1651,-1039
116900026,330,1275,-945
116900027,28,118,-90
116900028,6,224,-218
116900029,4,26,-22
116900031,0,15,-15
116900032,12,639,-627
116900033,14,18,-4
116900034,7,116,-109
116900035,131,428,-297
116900036,6,128,-122
116900038,15,1,14
116900041,54,24,30
116900042,1583,397,1186
116900043,13,162,-149
116900047,185,67,118
116900049,60,474,-414
116900050,95,1020,-925
116900051,70,568,-498
116900052,150,126,24
116900055,0,5,-5
116900057,12,515,-503
116900058,30,850,-820
116900059,1,479,-478
116900060,342,343,-1
116900062,0,9,-9
116900064,79,1894,-1815
116900065,16,246,-230
116900067,72,294,-222
116900068,100,449,-349
116900070,1,8,-7
116900072,32,807,-775
116900073,8,459,-451
116900074,4,84,-80
116900076,3,33,-30
116900077,11,480,-469
116900078,313,222,91
116900079,36,788,-752
116900080,12,24,-12
116900081,335,2676,-2341
116900082,258,1096,-838
116900083,52,114,-62
116900084,242,85,157
116900085,30,224,-194
116900086,36,462,-426
116900088,676,127,549
116900090,130,84,46
116900091,186,171,15
116900092,97,1489,-1392
116900093,2250,2920,-670
116900094,8620,3332,5288
116900095,384,397,-13
116900096,118,242,-124
116900097,7094,2538,4556
116900098,1044,365,679
116900099,667,749,-82
116900100,676,33,643
116900101,295,1043,-748
116900103,7,1,6
116900104,22,133,-111
116900105,291,66,225
116900106,1182,438,744
116900107,7130,1820,5310
116900110,18,0,18
116900111,329,2027,-1698
116900112,160,2112,-1952
116900113,6017,1299,4718
116900116,171,379,-208
116900117,34,130,-96
116900118,1496,892,604
116900120,148,282,-134
116900121,50,84,-34
116900122,522,1340,-818
116900123,134,1645,-1511
116900124,162,1788,-1626
116900125,248,458,-210
116900126,495,836,-341
116900128,0,66,-66
116900129,4,524,-520
116900130,1960,2584,-624
116900131,146,270,-124
116900132,41,105,-64
116900133,84,116,-32
116900134,231,264,-33
116900136,156,257,-101
116900137,388,288,100
116900138,139,323,-184
116900139,74,608,-534
116900140,130,227,-97
116900141,589,425,164
116900142,2,37,-35
116900143,236,627,-391
116900144,36,52,-16
116900145,99,615,-516
116900147,1030,447,583
116900148,1,28,-27
116900149,28,196,-168
116900150,12,4,8
116900151,81,25,56
116900153,79,117,-38
116900154,652,359,293
116900155,80,55,25
116900157,391,491,-100
116900158,120,169,-49
116900159,64,394,-330
116900160,854,356,498
116900161,15474,5825,9649
116900162,16,224,-208
116900163,131,251,-120
116900164,47,45,2
116900165,226,179,47
116900166,15,127,-112
116900167,388,120,268
116900168,246,159,87
116900169,1096,309,787
116900170,213,377,-164
116900171,34,420,-386
116900172,364,130,234
116900173,144,93,51
116900174,11,27,-16
116900175,297,105,192
116900178,26,317,-291
116900179,107,194,-87
116900180,80,50,30
116900182,464,258,206
116900183,132,145,-13
116900185,9,35,-26
116900186,105,568,-463
116900187,20,39,-19
116900188,155,33,122
116900189,40,3,37
116900191,387,543,-156
116900192,164,316,-152
116900194,114,797,-683
116900195,39,15,24
116900196,15,180,-165
116900197,74,5,69
116900198,374,219,155
116900200,34,26,8
116900201,72,7,65
116900202,146,81,65
116900203,122,3,119
116900204,35,100,-65
116900205,0,0,0
116900206,10,68,-58
116900207,24,48,-24
116900208,12,198,-186
116900209,21,264,-243
116900210,428,288,140
116900211,339,13,326
116900212,22,116,-94
116900213,184,415,-231
116900214,113,179,-66
116900215,55,150,-95
116900216,358,542,-184
116900218,11,536,-525
116900219,1018,415,603
116900220,95,254,-159
116900221,53,412,-359
116900222,345,341,4
116900223,123,253,-130
116900226,57,110,-53
116900227,162,114,48
116900228,258,365,-107
116900230,28,623,-595
116900231,45,869,-824
116900232,17,1091,-1074
116900233,260,101,159
116900234,6,16,-10
116900235,209,411,-202
116900238,1981,641,1340
116900239,80,1072,-992
116900240,11483,3442,8041
116900241,33,599,-566
116900242,693,337,356
116900243,1,76,-75
116900245,42,9,33
116900246,70,5,65
116900247,389,24,365
116900248,63,46,17
116900249,198,219,-21
116900250,203,58,145
116900251,636,308,328
116900252,58,1902,-1844
116900253,109,186,-77
116900254,18,172,-154
116900255,95,46,49
116900256,219,152,67
116900257,13,1141,-1128
116900258,11,504,-493
116900259,80,11,69
116900260,3,171,-168
116900261,46,1,45
116900262,119,164,-45
116900263,0,8,-8
116900264,0,1,-1
116900265,28,1,27
116900266,9,160,-151
116900267,1,0,1
116900268,18,9,9
116900269,306,683,-377
116900271,2477,120,2357
116900272,615,1064,-449
116900273,521,147,374
116900274,99,142,-43
116900275,125,246,-121
116900276,2849,117,2732
116900277,1142,14,1128
116900278,6,32,-26
116900279,0,30,-30
116900280,9,55,-46
116900281,13417,3445,9972
116900282,3,327,-324
116900283,34,355,-321
116900284,18,381,-363
116900285,670,415,255
116900286,329,11,318
116900287,7,153,-146
116900288,37,191,-154
116900289,15,60,-45
116900290,1,88,-87
116900291,9,12,-3
116900292,0,11,-11
116900293,23,116,-93
116900294,49,193,-144
116900295,453,89,364
116900296,134,157,-23
116900297,8,169,-161
116900298,207,63,144
116900299,57,61,-4
116900300,8,202,-194
116900301,138,145,-7
116900302,122,71,51
116900303,894,82,812
116900304,0,215,-215
116900305,35,112,-77
116900306,79,317,-238
117000001,1885,1822,63
117000002,2669,6997,-4328
117000003,10033,3492,6541
117000004,6924,9755,-2831
117000005,2172,1945,227
117000006,1653,7444,-5791
117000007,3537,1582,1955
117000008,1986,8668,-6682
117000009,4899,2192,2707
117000010,3976,8265,-4289
117000011,1713,2606,-893
117000012,1588,3096,-1508
117000013,1672,1680,-8
117000014,1289,4204,-2915
117000015,4310,1634,2676
117000016,955,56,899
117000017,771,379,392
117000018,299,556,-257
117000019,396,4,392
117000020,1197,1394,-197
117000021,5150,746,4404
117000022,986,86,900
117000023,1179,181,998
117000024,1225,134,1091
117000025,2074,771,1303
117000026,6424,1027,5397
117000027,4088,2148,1940
117000028,5143,1282,3861
117000030,962,951,11
117000031,481,293,188
117000032,2616,1842,774
117000033,1643,1232,411
117000034,454,625,-171
117000035,300,330,-30
117000036,541,598,-57
117000037,372,286,86
117000038,476,957,-481
117000039,565,408,157
117000040,211,2506,-2295
117000041,641,231,410
117000044,46,2290,-2244
117000045,425,56,369
117000046,805,1346,-541
117000047,911,561,350
117000048,3673,3210,463
117000049,180,716,-536
117000050,197,4024,-3827
117000051,1720,225,1495
117000052,16,1013,-997
117000053,240,117,123
117000054,1427,7,1420
117000055,32,6053,-6021
117000056,561,35,526
117000057,871,3817,-2946
117000060,461,2561,-2100
117000061,1857,1191,666
117000062,230,1007,-777
117000063,1986,1027,959
117000064,1261,1809,-548
117000066,1572,1197,375
117000067,337,475,-138
117000074,213,281,-68
117000076,126,88,38
117000077,149,142,7
117000078,214,1226,-1012
117000079,289,271,18
117000080,0,563,-563
117000081,1000,164,836
117000082,27,110,-83
117000083,119,19,100
117000084,396,11,385
117000085,172,810,-638
117000086,1326,944,382
117000087,106,918,-812
117000088,268,338,-70
117000089,1478,415,1063
117000090,376,2515,-2139
117000091,598,407,191
117000092,529,2880,-2351
117000093,1085,884,201
117000094,1188,4671,-3483
117000095,2861,1151,1710
117000096,682,4746,-4064
117000097,1152,1538,-386
117000098,3916,9412,-5496
117000099,2849,1269,1580
117000100,202,247,-45
117000101,349,2085,-1736
117000102,1609,832,777
117000103,1202,3461,-2259
117000104,1356,723,633
117000105,1328,3088,-1760
117000106,1392,1219,173
117000107,820,3282,-2462
117000108,1555,1174,381
117000109,3055,4776,-1721
117000110,1441,1085,356
117000111,5107,7716,-2609
117000112,3024,3220,-196
117000113,101,573,-472
117000114,202,318,-116
117000115,72,384,-312
117000116,140,407,-267
117000117,2141,687,1454
117000118,539,179,360
117000119,465,76,389
117000120,558,228,330
117000121,273,941,-668
117000122,967,1350,-383
117000123,3466,42,3424
117000124,1225,83,1142
117000125,954,105,849
117000126,93,68,25
117000127,431,670,-239
117000128,723,1214,-491
117000129,1172,423,749
117000130,181,2,179
117000131,2,483,-481
117000132,1677,45,1632
117000133,1075,239,836
117000134,9,80,-71
117000135,6,29,-23
117000136,6,64,-58
117000137,105,82,23
117000138,4,943,-939
117000140,697,2683,-1986
117000141,2009,789,1220
117000181,2090,855,1235
117000182,370,309,61
117000195,258,2241,-1983
117000196,137,118,19
117000225,475,5,470
117000226,18,298,-280
117000276,178,10,168
117000277,10,1148,-1138
117000310,3629,4270,-641
117000315,71,1711,-1640
117000320,112,0,112
117000906,231,26,205
117000907,17,971,-954
117000908,188,11,177
117000909,67,34,33
117000910,188,220,-32
117000911,132,302,-170
117000915,23,1228,-1205
117000916,21,3,18
117000917,795,17,778
117000918,32,114,-82
117000919,11,317,-306
117000920,8,2763,-2755
117000921,17,3221,-3204
117000922,120,204,-84
117000924,524,1067,-543
117000926,2050,120,1930
117000927,2480,649,1831
117000928,7,587,-580
117000929,174,1349,-1175
117000930,144,16,128
117000931,685,165,520
117900002,311,604,-293
117900003,1231,771,460
117900005,4,76,-72
117900006,1,48,-47
117900007,177,233,-56
117900008,1,93,-92
117900010,404,204,200
117900011,49,20,29
117900012,61,368,-307
117900013,6,724,-718
117900014,883,427,456
117900015,32,290,-258
117900016,2880,776,2104
117900017,671,884,-213
117900018,455,74,381
117900019,365,923,-558
117900020,67,366,-299
117900021,52,202,-150
117900022,50,21,29
117900023,1301,591,710
117900024,117,276,-159
117900025,53,13,40
117900026,423,988,-565
117900028,150,12,138
117900029,248,2176,-1928
117900030,388,227,161
117900031,539,273,266
117900032,596,468,128
117900033,182,1508,-1326
117900034,68,107,-39
117900035,134,57,77
117900036,232,1072,-840
117900037,82,160,-78
117900038,25,698,-673
117900039,5,180,-175
117900040,146,1169,-1023
117900041,2,86,-84
117900042,7426,773,6653
117900043,40,104,-64
117900044,110,4468,-4358
117900045,177,173,4
117900048,199,462,-263
117900049,134,1610,-1476
117900050,46,134,-88
117900051,60,8,52
117900052,63,410,-347
117900053,1143,1067,76
117900054,2,24,-22
117900055,290,343,-53
117900056,502,71,431
117900057,979,1799,-820
117900058,250,17,233
117900059,640,96,544
117900060,1306,8291,-6985
117900061,18,356,-338
117900063,336,392,-56
117900065,824,1878,-1054
117900066,15,56,-41
117900067,347,581,-234
117900069,664,826,-162
117900070,487,9,478
117900071,111,207,-96
117900073,381,867,-486
117900074,346,13,333
117900075,121,131,-10
117900076,24,78,-54
117900077,204,124,80
117900078,252,613,-361
117900080,341,70,271
117900081,593,726,-133
117900082,349,309,40
117900083,327,1414,-1087
117900086,199,41,158
117900087,85,65,20
117900088,3680,3467,213
117900089,1452,646,806
117900090,493,1750,-1257
117900091,318,257,61
117900092,63,62,1
117900093,40,134,-94
117900094,32,20,12
117900095,439,1194,-755
117900096,75,329,-254
117900097,196,121,75
117900098,17,12,5
117900099,200,836,-636
117900100,142,1,141
117900101,635,1266,-631
117900102,54,56,-2
117900103,27,1,26
117900104,25,311,-286
117900105,166,486,-320
117900106,73,89,-16
117900107,29,0,29
117900109,405,395,10
117900110,59,1,58
117900111,228,12,216
117900112,57,28,29
117900113,7813,2894,4919
117900114,12,0,12
117900115,448,82,366
117900116,1275,1656,-381
117900117,352,574,-222
117900118,15,0,15
117900119,106,511,-405
117900120,129,349,-220
117900121,56,28,28
117900122,1766,2229,-463
117900123,1186,1383,-197
117900124,627,982,-355
117900125,1556,1485,71
117900126,333,1055,-722
117900127,478,1209,-731
117900128,312,1881,-1569
117900129,36,1,35
117900130,959,631,328
117900131,6,135,-129
117900132,14,136,-122
117900133,14,186,-172
117900134,81,405,-324
117900135,24,350,-326
117900136,0,88,-88
117900137,37,486,-449
117900138,1,62,-61
117900139,46,269,-223
117900140,9082,457,8625
117900141,464,474,-10
117900142,114,30,84
117900144,210,179,31
117900145,77,23,54
117900146,376,140,236
117900147,96,88,8
117900148,4710,1225,3485
117900149,29,320,-291
117900150,29,172,-143
117900151,53,240,-187
117900152,189,179,10
117900153,40,186,-146
117900154,480,1384,-904
117900156,1149,1644,-495
117900157,130,619,-489
117900158,116,134,-18
117900160,508,459,49
117900161,3413,4338,-925
117900162,350,735,-385
117900163,251,27,224
117900165,2,16,-14
117900166,126,387,-261
117900168,58,226,-168
117900169,0,209,-209
117900170,0,48,-48
117900171,4,27,-23
117900172,11,60,-49
117900173,192,88,104
117900174,46,82,-36
117900175,5,87,-82
117900176,14,62,-48
117900177,22,92,-70
117900178,112,55,57
117900180,451,41,410
117900181,232,331,-99
117900182,4,36,-32
117900183,35,192,-157
117900184,12,49,-37
117900185,13,51,-38
117900186,50,19,31
117900187,16,26,-10
117900188,273,31,242
117900189,79,11,68
117900190,6,1,5
117900191,88,0,88
117900192,200,0,200
117900193,30,74,-44
117900194,20,0,20
117900195,7,56,-49
117900196,15,49,-34
117900207,193,152,41
117900208,57,39,18
117900209,226,232,-6
117900210,175,301,-126
117900211,9,445,-436
117900212,84,282,-198
117900213,20,26,-6
117900214,0,69,-69
117900215,21,106,-85
117900216,78,45,33
117900217,241,135,106
117900218,628,382,246
117900219,4,61,-57
117900220,325,147,178
117900222,224,397,-173
117900223,178,348,-170
118000001,911,671,240
118000002,1504,2632,-1128
118000003,3098,2123,975
118000004,3660,2379,1281
118000005,7131,4887,2244
118000006,9884,10975,-1091
118000007,8493,2948,5545
118000008,6684,3465,3219
118000009,3249,4171,-922
118000010,5001,5538,-537
118000011,1193,4470,-3277
118000012,1322,4888,-3566
118000013,4971,4701,270
118000014,2178,4608,-2430
118000016,266,493,-227
118000017,231,437,-206
118000018,297,548,-251
118000019,2549,1721,828
118000020,1925,2232,-307
118000021,948,2829,-1881
118000022,2410,962,1448
118000023,1187,405,782
118000024,2451,1177,1274
118000027,23841,11146,12695
118000029,1411,790,621
118000032,1848,3867,-2019
118000033,3196,3807,-611
118000034,6677,2598,4079
118000035,1678,2278,-600
118000036,1485,1291,194
118000037,820,1354,-534
118000038,133,160,-27
118000039,138,632,-494
118000040,1457,3374,-1917
118000041,2396,2091,305
118000045,942,157,785
118000046,2768,589,2179
118000047,2707,639,2068
118000048,5210,1482,3728
118000051,2480,1573,907
118000052,1743,1019,724
118000053,1128,790,338
118000054,2210,2000,210
118000055,1571,2475,-904
118000056,165,474,-309
118000057,186,527,-341
118000058,4944,1945,2999
118000059,3538,1063,2475
118000060,780,1024,-244
118000061,791,2116,-1325
118000062,595,435,160
118000063,341,689,-348
118000064,1231,1827,-596
118000065,6357,2506,3851
118000066,1404,1970,-566
118000067,1242,748,494
118000068,2228,4670,-2442
118000069,4338,1647,2691
118000070,9992,2009,7983
118000071,4630,7453,-2823
118000072,2883,1128,1755
118000073,3512,501,3011
118000074,610,520,90
118000075,660,356,304
118000076,1881,1459,422
118000077,1554,1546,8
118000078,2520,1960,560
118000079,388,495,-107
118000080,1392,1251,141
118000081,2375,1043,1332
118000082,426,997,-571
118000083,3366,1583,1783
118000084,3330,1904,1426
118000086,289,646,-357
118000087,9912,3319,6593
118000088,2127,2402,-275
118000089,6357,2936,3421
118000090,2764,3457,-693
118000091,2688,2623,65
118000092,1889,596,1293
118000093,137,911,-774
118000096,711,759,-48
118000097,879,843,36
118000098,302,324,-22
118000099,422,1273,-851
118000101,998,395,603
118000102,330,1924,-1594
118000107,6407,698,5709
118000108,992,1935,-943
118000110,0,34,-34
118000111,5,1092,-1087
118000112,271,1,270
118000113,23,2010,-1987
118000114,252,12,240
118000115,24,19,5
118000116,66,0,66
118000117,1550,1408,142
118000118,1243,708,535
118000119,934,1425,-491
118000120,2128,2376,-248
118000121,153,739,-586
118000122,1873,401,1472
118000123,66,355,-289
118000125,2575,1769,806
118000126,1013,1539,-526
118000127,2575,741,1834
118000128,898,1694,-796
118000129,997,329,668
118000130,3532,5416,-1884
118000131,630,1270,-640
118000132,1999,1602,397
118000133,961,520,441
118000135,764,469,295
118000136,116,715,-599
118000137,1040,100,940
118000138,350,1567,-1217
118000139,272,197,75
118000140,2756,4154,-1398
118000141,1900,2559,-659
118000142,1412,2685,-1273
118000143,1507,1380,127
118000144,1829,1366,463
118000145,1529,3412,-1883
118000146,1046,1528,-482
118000147,780,2227,-1447
118000148,364,1796,-1432
118000149,762,1852,-1090
118000150,384,424,-40
118000151,339,561,-222
118000153,916,1769,-853
118000154,880,2489,-1609
118000155,926,1835,-909
118000156,3860,3303,557
118000157,740,603,137
118000158,126,555,-429
118000159,21,84,-63
118000160,444,541,-97
118000161,432,983,-551
118000162,1169,1112,57
118000163,637,1005,-368
118000164,3409,1996,1413
118000168,2363,433,1930
118000169,1199,2398,-1199
118000170,4214,8866,-4652
118000171,335,936,-601
118000172,95,484,-389
118000173,959,1784,-825
118000175,261,470,-209
118000176,245,491,-246
118000177,194,595,-401
118000178,190,48,142
118000179,2024,1067,957
118000180,964,986,-22
118000181,990,413,577
118000182,293,316,-23
118000183,270,319,-49
118000184,660,1422,-762
118000185,1266,1055,211
118000186,731,952,-221
118000187,1208,1055,153
118000188,597,375,222
118000189,447,1562,-1115
118000190,11,20,-9
118000191,11,90,-79
118000192,53,118,-65
118000193,30,360,-330
118000194,2683,1234,1449
118000195,1236,682,554
118000196,699,127,572
118000197,358,101,257
118000198,872,449,423
118000199,1193,379,814
118000200,140,454,-314
118000201,658,541,117
118000202,127,122,5
118000203,1701,429,1272
118000204,233,387,-154
118000205,367,436,-69
118000206,298,278,20
118000207,1,196,-195
118000208,1162,2012,-850
118000209,1918,2671,-753
118000210,40,44,-4
118000211,12,52,-40
118000213,1281,1594,-313
118000214,856,529,327
118000215,174,380,-206
118000216,2484,5455,-2971
118000217,18,164,-146
118000218,49,178,-129
118000219,527,625,-98
118000220,5,53,-48
118000221,103,366,-263
118000222,58,29,29
118000223,62,42,20
118000224,458,115,343
118000225,126,1797,-1671
118000226,1203,206,997
118000227,1130,383,747
118000228,180,220,-40
118000229,319,53,266
118000230,142,441,-299
118000231,94,404,-310
118000232,755,1644,-889
118000233,864,1250,-386
118000234,318,499,-181
118000236,404,790,-386
118000237,71,1043,-972
118000238,167,595,-428
118000239,259,459,-200
118000240,841,112,729
118000241,111,509,-398
118000242,377,937,-560
118000243,183,362,-179
118000244,32,306,-274
118000246,0,11,-11
118000255,35,252,-217
118000256,103,295,-192
118000259,3,69,-66
118000260,149,190,-41
118000261,60,147,-87
118000263,71,370,-299
118000266,82,746,-664
118000267,0,124,-124
118000268,519,3,516
118000270,39,52,-13
118000271,157,328,-171
118000272,83,60,23
118000273,108,131,-23
118000274,127,524,-397
118000276,359,621,-262
118000295,6,122,-116
118000298,190,558,-368
118000299,56,305,-249
118000301,0,165,-165
118000302,94,155,-61
118000311,299,189,110
118000312,240,243,-3
118000313,71,333,-262
118000314,83,158,-75
118000315,38,143,-105
118000316,545,877,-332
118000325,41,102,-61
118000326,31,56,-25
118000331,22,95,-73
118000332,12,85,-73
118000333,41,88,-47
118000335,164,0,164
118000336,3,675,-672
118000407,107,106,1
118000457,21,31,-10
118000465,4953,4588,365
118000480,37,280,-243
118000489,32,258,-226
118000490,45,590,-545
118000492,212,412,-200
118000510,52,19,33
118000514,301,642,-341
118000515,957,667,290
118000517,604,268,336
118000524,984,284,700
118000525,898,1177,-279
118000530,25,194,-169
118000531,227,404,-177
118000532,192,393,-201
118000533,459,173,286
118000534,623,465,158
118000535,228,167,61
118000536,1367,1745,-378
118000537,22,141,-119
118000538,33,229,-196
118000539,41,142,-101
118000540,393,480,-87
118000541,261,183,78
118000542,133,294,-161
118000543,309,392,-83
118000546,48,54,-6
118000553,0,4,-4
118000557,0,0,0
118000560,4908,1528,3380
118000562,43,865,-822
118000563,2588,1829,759
118000576,155,321,-166
118000577,219,155,64
118000578,131,142,-11
118000579,1041,1208,-167
118000583,0,2,-2
118000595,165,105,60
118000596,0,139,-139
118000597,109,172,-63
118000598,3,0,3
118000599,25,98,-73
118000600,2,5,-3
118000601,2,1,1
118000602,0,10,-10
118000603,0,86,-86
118900001,2112,1467,645
118900002,1750,900,850
118900003,223,64,159
118900004,14,105,-91
118900005,72,1,71
118900006,93,4,89
118900007,15,5,10
118900008,1663,67,1596
118900009,36,20,16
118900010,71,2,69
118900011,197,53,144
118900012,345,360,-15
118900013,1069,81,988
118900015,228,66,162
118900016,18,50,-32
118900017,243,322,-79
118900018,2074,22,2052
118900019,85,11,74
118900020,194,176,18
118900021,163,572,-409
118900022,120,133,-13
118900023,147,189,-42
118900024,89,368,-279
118900025,83,25,58
118900026,47,119,-72
118900027,747,421,326
118900028,171,263,-92
118900029,201,858,-657
118900030,243,124,119
118900031,142,253,-111
118900032,211,281,-70
118900033,507,1329,-822
118900034,96,19,77
118900035,126,432,-306
118900036,878,1241,-363
118900037,400,419,-19
118900038,350,482,-132
118900039,399,395,4
118900040,158,302,-144
118900041,307,294,13
118900042,148,131,17
118900045,332,238,94
118900046,1034,269,765
118900047,1314,353,961
118900048,359,222,137
118900049,97,80,17
118900050,8,242,-234
118900051,88,68,20
118900052,353,471,-118
118900053,36,136,-100
118900054,96,178,-82
118900055,23,139,-116
118900056,37,328,-291
118900057,613,439,174
118900058,439,733,-294
118900059,24,119,-95
118900060,41,273,-232
118900062,139,315,-176
118900064,837,767,70
118900065,52,209,-157
118900066,88,185,-97
118900067,7978,3078,4900
118900068,6,444,-438
118900069,402,437,-35
118900071,4,89,-85
118900072,521,535,-14
118900073,81,196,-115
118900074,99,285,-186
118900075,43,98,-55
118900076,314,119,195
118900077,188,314,-126
118900078,41,11,30
118900079,72,308,-236
118900080,23,161,-138
118900081,74,40,34
118900082,666,258,408
118900083,18,20,-2
118900084,10,41,-31
118900085,597,1348,-751
118900086,32,114,-82
118900087,20,256,-236
118900088,0,23,-23
118900089,30,19,11
118900090,374,695,-321
118900091,198,276,-78
118900092,84,122,-38
118900093,180,8,172
118900096,33,25,8
118900097,219,1383,-1164
118900099,45,776,-731
118900100,192,352,-160
118900101,111,984,-873
118900102,35,84,-49
118900103,55,107,-52
118900104,143,332,-189
118900105,181,141,40
118900107,201,124,77
118900108,70,109,-39
118900110,2784,815,1969
118900111,357,1075,-718
118900112,52,251,-199
118900113,97,1270,-1173
118900114,33,178,-145
118900115,126,671,-545
118900116,154,198,-44
118900117,71,177,-106
118900118,238,764,-526
118900119,122,433,-311
118900120,96,336,-240
118900121,14,578,-564
118900122,17,751,-734
118900123,153,390,-237
118900124,122,270,-148
118900126,30,373,-343
118900129,410,215,195
118900130,68,150,-82
118900131,100,406,-306
118900132,412,286,126
118900133,40,119,-79
118900135,165,294,-129
118900136,175,1205,-1030
118900137,3,28,-25
118900139,180,1080,-900
118900140,378,1227,-849
118900141,69,482,-413
118900144,117,793,-676
118900145,19,340,-321
118900146,302,1343,-1041
118900147,274,119,155
118900148,50,145,-95
118900150,116,681,-565
118900152,463,1343,-880
118900157,209,267,-58
118900158,51,195,-144
118900159,6,441,-435
118900161,158,4,154
118900163,523,98,425
118900164,14,155,-141
118900165,23,427,-404
118900166,85,8,77
118900167,47,271,-224
118900168,14,68,-54
118900169,107,610,-503
118900170,82,244,-162
118900171,10,40,-30
118900174,50,121,-71
118900175,317,549,-232
118900176,125,272,-147
118900177,24,107,-83
118900178,27,128,-101
118900179,6,67,-61
118900181,59,215,-156
118900182,142,57,85
118900183,15,95,-80
118900184,249,91,158
118900185,68,186,-118
118900186,88,100,-12
118900187,208,510,-302
118900188,235,459,-224
118900189,31,628,-597
118900190,17,1023,-1006
118900191,141,93,48
118900192,171,69,102
118900193,263,16,247
118900195,526,1695,-1169
118900196,41,292,-251
118900197,135,196,-61
118900198,12,50,-38
118900199,35,70,-35
118900200,8,12,-4
118900201,41,15,26
118900202,1,68,-67
118900203,6,64,-58
118900204,10,39,-29
118900205,14,38,-24
118900206,1,68,-67
119000001,1346,2453,-1107
119000002,3036,5833,-2797
119000003,2007,2525,-518
119000004,2245,2138,107
119000005,2282,2655,-373
119000006,1956,2015,-59
119000007,3215,3886,-671
119000008,1818,2954,-1136
119000009,4162,3784,378
119000010,10943,4855,6088
119000011,7491,3312,4179
119000012,5612,3987,1625
119000013,2258,1457,801
119000014,2693,4476,-1783
119000019,222,234,-12
119000020,1326,1788,-462
119000021,3310,2661,649
119000022,5832,2394,3438
119000023,272,335,-63
119000024,2853,8865,-6012
119000025,18521,1717,16804
119000026,322,339,-17
119000027,533,509,24
119000028,2894,1799,1095
119000029,164,338,-174
119000030,547,1896,-1349
119000031,729,954,-225
119000032,2793,3428,-635
119000033,2200,2814,-614
119000034,963,1474,-511
119000035,35,483,-448
119000036,1172,1833,-661
119000037,946,3369,-2423
119000038,154,1947,-1793
119000039,234,443,-209
119000040,1553,632,921
119000041,1367,1447,-80
119000048,4241,6020,-1779
119000049,1454,5482,-4028
119000050,1844,3932,-2088
119000051,2235,1335,900
119000052,3300,4721,-1421
119000053,1922,1705,217
119000054,2981,7004,-4023
119000055,2998,5064,-2066
119000056,1985,2888,-903
119000057,1551,4211,-2660
119000058,2343,3528,-1185
119000059,1140,2924,-1784
119000060,1122,1045,77
119000061,906,1258,-352
119000062,1075,1656,-581
119000063,414,309,105
119000064,1804,2258,-454
119000065,2267,4355,-2088
119000066,1653,1257,396
119000067,2207,4244,-2037
119000068,1347,1327,20
119000069,1586,4597,-3011
119000070,1882,1506,376
119000071,612,1523,-911
119000072,10724,5904,4820
119000073,6306,6836,-530
119000074,1015,6664,-5649
119000075,1197,3230,-2033
119000076,420,1284,-864
119000077,624,728,-104
119000078,293,398,-105
119000079,110,934,-824
119000080,243,371,-128
119000081,143,503,-360
119000082,625,369,256
119000083,464,486,-22
119000084,289,883,-594
119000085,844,503,341
119000086,262,435,-173
119000087,2282,1423,859
119000088,278,270,8
119000089,63,223,-160
119000090,168,237,-69
119000091,139,378,-239
119000092,701,310,391
119000093,6040,5981,59
119000094,2252,8080,-5828
119000095,1536,5246,-3710
119000097,3332,2544,788
119000098,702,2163,-1461
119000099,3010,3078,-68
119000100,2981,2849,132
119000101,2925,3122,-197
119000102,779,943,-164
119000103,1561,713,848
119000104,5560,2452,3108
119000105,912,1523,-611
119000106,362,3459,-3097
119000107,599,774,-175
119000108,301,2150,-1849
119000109,120,364,-244
119000110,439,506,-67
119000111,58,663,-605
119000112,159,142,17
119000113,2683,412,2271
119000114,1230,1018,212
119000115,208,253,-45
119000116,87,114,-27
119000117,166,490,-324
119000118,2,4,-2
119000123,4912,1092,3820
119000124,527,418,109
119000125,2426,1828,598
119000126,649,1756,-1107
119000127,416,1574,-1158
119000128,32,10,22
119000131,872,1697,-825
119000132,5,5,0
119000133,2,21,-19
119000134,4324,803,3521
119000135,96,270,-174
119000136,129,483,-354
119000137,172,823,-651
119000138,230,710,-480
119000139,200,410,-210
119000140,171,366,-195
119000284,1727,4345,-2618
119000285,3310,3209,101
119000286,9243,7121,2122
119000287,1525,3178,-1653
119000288,2225,2413,-188
119000289,3303,5786,-2483
119000290,199,956,-757
119000291,6,551,-545
119000293,84,280,-196
119000294,46,63,-17
119000295,3627,815,2812
119000296,151,154,-3
119000299,0,0,0
119000302,6073,1966,4107
119000303,53,338,-285
119000314,1789,8156,-6367
119000315,1,1132,-1131
119000316,74,210,-136
119000317,54,825,-771
119900001,250,1016,-766
119900002,124,399,-275
119900003,91,2009,-1918
119900004,466,652,-186
119900005,98,308,-210
119900006,253,458,-205
119900007,898,142,756
119900008,19,36,-17
119900009,397,661,-264
119900010,963,1263,-300
119900011,23,53,-30
119900012,20,69,-49
119900013,1775,861,914
119900014,466,302,164
119900015,78,29,49
119900016,59,199,-140
119900017,13,49,-36
119900018,2074,556,1518
119900019,35,11,24
119900020,125,220,-95
119900021,141,103,38
119900022,279,416,-137
119900023,1282,910,372
119900025,105,27,78
119900026,1430,138,1292
119900027,11,27,-16
119900028,208,107,101
119900029,6,16,-10
119900030,595,771,-176
119900031,18,297,-279
119900033,2211,279,1932
119900034,256,268,-12
119900037,95,82,13
119900038,44,228,-184
119900039,71,8,63
119900040,49,10,39
119900041,80,85,-5
119900042,47,296,-249
119900043,40,314,-274
119900044,255,511,-256
119900046,71,103,-32
119900047,230,53,177
119900048,18,80,-62
119900049,89,18,71
119900050,85,92,-7
119900051,338,4,334
119900052,28,79,-51
119900053,131,398,-267
119900054,58,6,52
119900055,940,400,540
119900057,111,123,-12
119900058,150,6,144
119900059,178,65,113
119900060,195,13,182
119900062,38,38,0
119900063,10,66,-56
119900065,228,7,221
119900066,2,0,2
119900067,43,43,0
119900068,316,0,316
119900069,49,56,-7
119900070,593,20,573
119900071,405,18,387
119900073,2828,663,2165
119900074,34,22,12
119900075,9629,2759,6870
119900076,337,877,-540
119900077,476,2217,-1741
119900078,374,1285,-911
119900079,117,534,-417
119900080,1084,2077,-993
119900081,149,84,65
119900082,826,590,236
119900083,426,90,336
119900084,1082,414,668
119900085,248,94,154
119900087,717,439,278
119900088,57,104,-47
119900089,59,1051,-992
119900090,231,70,161
119900091,78,2287,-2209
119900092,78,733,-655
119900093,1364,233,1131
119900094,45,372,-327
119900095,228,191,37
119900096,79,132,-53
119900097,741,300,441
119900098,49,123,-74
119900099,45,428,-383
119900100,4568,2359,2209
119900101,340,1359,-1019
119900102,36,556,-520
119900103,19,844,-825
119900104,38,505,-467
119900105,777,1719,-942
119900106,16,391,-375
119900107,585,6964,-6379
119900108,2880,1112,1768
119900109,25,615,-590
119900110,527,1271,-744
119900111,46,598,-552
119900112,5675,768,4907
119900113,58,750,-692
119900114,226,3121,-2895
119900115,203,2225,-2022
119900116,179,576,-397
119900117,208,1656,-1448
119900118,52,2223,-2171
119900119,214,408,-194
119900120,834,1069,-235
119900121,282,2369,-2087
119900122,434,568,-134
119900123,296,452,-156
119900124,180,1886,-1706
119900125,60,770,-710
119900126,8228,554,7674
119900127,4319,1443,2876
119900128,355,1604,-1249
119900129,180,1731,-1551
119900130,48,476,-428
119900131,48,597,-549
119900132,4,805,-801
119900133,76,55,21
119900134,3956,383,3573
119900135,0,1113,-1113
119900136,234,914,-680
119900138,612,1131,-519
119900139,9,100,-91
119900140,1,234,-233
119900141,248,679,-431
119900142,15,43,-28
119900143,13,248,-235
119900144,3601,344,3257
119900145,100,416,-316
119900146,188,198,-10
119900147,12,183,-171
119900148,127,85,42
119900149,2723,2676,47
119900150,177,315,-138
119900151,2359,1223,1136
119900152,119,754,-635
119900153,120,87,33
119900154,16,687,-671
119900155,30,47,-17
119900156,10,5,5
119900157,63,512,-449
119900158,110,101,9
119900159,11,3190,-3179
119900160,41,451,-410
119900161,231,573,-342
119900162,710,1205,-495
119900163,184,218,-34
119900164,0,0,0
119900165,103,502,-399
119900166,103,58,45
119900167,209,229,-20
119900168,573,568,5
119900169,171,401,-230
119900170,206,197,9
119900171,752,856,-104
119900172,151,34,117
119900173,13,906,-893
119900174,13,517,-504
119900175,914,925,-11
119900177,31,357,-326
119900178,28,540,-512
119900179,104,214,-110
119900180,1030,910,120
119900181,51,87,-36
119900182,9,1090,-1081
119900183,138,1366,-1228
119900184,5457,876,4581
119900185,51,134,-83
119900186,106,504,-398
119900187,27,1377,-1350
119900188,69,352,-283
119900189,453,337,116
119900190,62,171,-109
119900191,378,185,193
119900192,37,349,-312
119900193,266,291,-25
119900194,16,75,-59
119900195,44,465,-421
119900196,3069,735,2334
119900197,109,137,-28
119900198,62,688,-626
119900199,192,34,158
119900200,519,722,-203
119900201,553,262,291
119900202,339,166,173
119900203,191,430,-239
119900204,197,609,-412
119900205,386,955,-569
119900206,88,161,-73
119900208,172,157,15
119900209,366,1060,-694
119900210,26,55,-29
119900211,116,15,101
119900212,124,443,-319
119900213,3,58,-55
119900214,20,168,-148
119900215,23,142,-119
119900216,13,156,-143
119900217,8,117,-109
119900218,25,120,-95
119900219,13,240,-227
119900220,5,260,-255
119900221,27,814,-787
119900222,13,499,-486
119900223,33,227,-194
119900224,16,60,-44
119900225,2287,65,2222
119900226,1411,1936,-525
119900227,1950,657,1293
119900228,33,444,-411
119900229,379,771,-392
119900230,2111,1050,1061
119900231,161,306,-145
119900232,241,108,133
119900233,36,6,30
119900234,29,89,-60
119900235,24,28,-4
119900236,28,482,-454
119900237,53,1257,-1204
119900238,0,160,-160
119900240,76,198,-122
119900241,180,347,-167
119900242,3502,2361,1141
119900244,1164,1292,-128
119900245,129,260,-131
119900246,311,466,-155
119900247,26,113,-87
119900248,52,105,-53
119900249,216,100,116
119900253,6966,560,6406
119900254,60,373,-313
119900255,74,705,-631
119900256,300,2325,-2025
119900257,52,7,45
119900258,94,86,8
119900259,14,411,-397
119900260,96,9,87
119900261,156,277,-121
119900262,3,491,-488
119900263,1181,638,543
119900264,57,536,-479
119900265,189,480,-291
119900266,192,553,-361
119900267,200,689,-489
119900268,113,370,-257
119900269,721,2096,-1375
119900271,17,137,-120
119900272,233,103,130
119900275,91,5,86
119900276,30,4,26
119900277,6,8,-2
119900278,487,88,399
119900279,184,320,-136
119900280,1617,311,1306
119900281,1,153,-152
119900282,60,41,19
119900283,11,679,-668
119900284,65,233,-168
119900285,26,59,-33
119900286,12,22,-10
119900288,2,35,-33
119900289,0,56,-56
119900290,2,89,-87
119900291,1,65,-64
119900292,32,18,14
119900293,17,5,12
119900294,23,0,23
119900295,0,0,0
119900296,0,0,0
119900299,61,508,-447
119900300,157,413,-256
119900301,147,119,28
119900302,141,172,-31
119900303,172,500,-328
119900304,135,48,87
119900305,35,198,-163
119900306,46,2,44
119900307,25,334,-309
119900308,3,26,-23
119900309,32,68,-36
119900310,337,507,-170
119900311,52,329,-277
119900312,66,192,-126
119900313,231,659,-428
119900314,128,385,-257
119900315,864,4758,-3894
119900318,14,14,0
119900319,22,609,-587
119900320,118,1361,-1243
119900321,34,2,32
119900322,54,83,-29
119900323,9,266,-257
119900324,4,164,-160
119900325,82,800,-718
119900326,458,82,376
120000001,13194,15133,-1939
120000002,2476,4839,-2363
120000003,4059,2946,1113
120000004,3230,3758,-528
120000005,5880,2984,2896
120000006,1414,1867,-453
120000007,4972,3575,1397
120000008,1171,2141,-970
120000009,7815,1335,6480
120000010,2314,4729,-2415
120000011,1770,3624,-1854
120000012,1723,5075,-3352
120000013,2965,4527,-1562
120000014,650,2649,-1999
120000015,3257,2393,864
120000016,3679,3821,-142
120000017,2985,3342,-357
120000018,8284,12731,-4447
120000019,852,1794,-942
120000020,4210,3857,353
120000021,2381,2679,-298
120000022,3304,4772,-1468
120000023,951,2471,-1520
120000024,1655,3191,-1536
120000025,2482,3279,-797
120000026,1094,2836,-1742
120000027,1466,2286,-820
120000028,994,677,317
120000029,3481,907,2574
120000030,112,855,-743
120000031,2204,8359,-6155
120000032,15759,4814,10945
120000033,4293,3155,1138
120000034,1614,3557,-1943
120000035,2235,4400,-2165
120000036,3473,6602,-3129
120000037,756,1754,-998
120000038,16856,4879,11977
120000039,512,1453,-941
120000040,52,215,-163
120000041,617,2814,-2197
120000042,1596,6373,-4777
120000043,5077,5143,-66
120000044,4200,1841,2359
120000045,4002,1381,2621
120000046,2161,2278,-117
120000047,3431,4439,-1008
120000048,13592,5462,8130
120000049,3887,4463,-576
120000050,4256,8330,-4074
120000051,5489,7153,-1664
120000052,24351,4214,20137
120000053,1206,7092,-5886
120000054,1720,11373,-9653
120000055,1748,9419,-7671
120000056,3511,8708,-5197
120000057,1988,1222,766
120000058,533,340,193
120000059,57,1354,-1297
120000061,143,1289,-1146
120000062,227,436,-209
120000063,2477,4679,-2202
120000064,245,2835,-2590
120000065,678,3404,-2726
120000066,181,735,-554
120000067,39,951,-912
120000068,245,2046,-1801
120000069,799,2832,-2033
120000070,65,1604,-1539
120000071,221,297,-76
120000072,398,729,-331
120000073,515,132,383
120000074,54,117,-63
120000075,667,346,321
120000076,1247,526,721
120000077,1195,702,493
120000078,3473,1113,2360
120000079,192,147,45
120000080,100,183,-83
120000081,184,127,57
120000082,133,145,-12
120000083,79,393,-314
120000084,533,981,-448
120000085,263,734,-471
120000086,391,1078,-687
120000087,167,2070,-1903
120000088,794,2468,-1674
120000089,1398,1210,188
120000090,618,876,-258
120000091,834,1520,-686
120000092,1366,879,487
120000093,358,904,-546
120000094,148,769,-621
120000095,934,1287,-353
120000096,242,1952,-1710
120000098,859,1849,-990
120000099,320,1066,-746
120000100,863,1432,-569
120000101,467,801,-334
120000102,450,803,-353
120000103,954,711,243
120000104,1545,485,1060
120000105,2159,525,1634
120000106,1782,589,1193
120000107,2609,649,1960
120000108,851,183,668
120000109,939,76,863
120000110,110,1731,-1621
120000111,168,2534,-2366
120000112,894,7408,-6514
120000113,592,5513,-4921
120000114,1052,5681,-4629
120000115,476,4628,-4152
120000116,869,3732,-2863
120000117,2245,2815,-570
120000118,45,39,6
120000119,67,119,-52
120000120,58,93,-35
120000121,43,100,-57
120000122,384,449,-65
120000123,11151,4664,6487
120000124,387,917,-530
120000125,434,1152,-718
120000126,307,1218,-911
120000127,2879,1267,1612
120000128,5122,3852,1270
120000129,224,492,-268
120000130,892,1321,-429
120000131,350,684,-334
120000134,519,2546,-2027
120000135,276,533,-257
120000137,216,4034,-3818
120000138,489,758,-269
120000139,220,2078,-1858
120000140,496,1057,-561
120000141,229,885,-656
120000142,264,909,-645
120000143,1,155,-154
120000144,57,2,55
120000145,239,4,235
120000146,3803,1270,2533
120000149,631,1447,-816
120000150,7696,10442,-2746
120000151,395,875,-480
120000152,358,497,-139
120000153,170,1605,-1435
120000154,578,682,-104
120000155,97,391,-294
120000156,2949,814,2135
120000157,1156,1098,58
120000158,851,1946,-1095
120000159,2305,3544,-1239
120000160,2423,2038,385
120000161,1637,3855,-2218
120000162,141,406,-265
120000163,476,2927,-2451
120000164,365,866,-501
120000165,373,1724,-1351
120000166,920,1225,-305
120000167,32,91,-59
120000168,14,278,-264
120000169,141,608,-467
120000170,234,210,24
120000171,31,70,-39
120000172,87,31,56
120000173,3403,252,3151
120000174,911,20,891
120000175,954,22,932
120000176,466,56,410
120000177,1830,504,1326
120000178,88,10,78
120000179,541,37,504
120000180,784,154,630
120000181,200,340,-140
120000182,123,116,7
120000183,6,185,-179
120000184,138,1235,-1097
120000186,86,127,-41
120000187,141,58,83
120000188,400,82,318
120000190,1661,26,1635
120000191,2540,40,2500
120000192,2697,21,2676
120000193,806,7,799
120000195,146,8,138
120000196,271,74,197
120000197,139,242,-103
120000198,146,286,-140
120000199,65,1,64
120000200,73,1,72
120000201,44,16,28
120000202,5,99,-94
120000203,46,576,-530
120000207,2,195,-193
120000208,18,550,-532
120000209,2,132,-130
120000210,265,146,119
120000211,71,1,70
120000212,85,0,85
120000213,67,629,-562
120000214,2,692,-690
120000215,6,247,-241
120000216,38,9,29
120000217,1355,2426,-1071
120000218,322,1996,-1674
120000219,8,1221,-1213
120000220,28,4259,-4231
120000225,719,2,717
120000226,191,4,187
120000227,633,26,607
120000228,9905,3253,6652
120000230,296,15,281
120000231,1055,4247,-3192
120000233,193,78,115
120000235,156,1412,-1256
120000236,602,0,602
120000237,8,3931,-3923
120000238,0,170,-170
120000241,1795,5497,-3702
120000412,3023,79,2944
120000413,229,805,-576
120000414,75,2,73
120000415,3,318,-315
120000416,37,20,17
120000417,5,205,-200
120000418,94,44,50
120000419,26,1030,-1004
120000420,118,65,53
120000421,23701,8574,15127
120000422,377,719,-342
120000423,1,79,-78
120000424,95,341,-246
120000436,146,455,-309
120000437,251,313,-62
120000438,8085,573,7512
120000439,197,458,-261
120000443,170,0,170
120000444,942,1257,-315
120000445,1819,1968,-149
120000446,1753,480,1273
120000447,147,18,129
120000449,55,27,28
120000450,11,737,-726
120000451,167,527,-360
120000452,130,2,128
120000453,1,539,-538
120000454,127,56,71
120000455,99,126,-27
120000456,4772,4130,642
120000457,2286,1533,753
120000458,816,1312,-496
120000459,66,142,-76
120000665,1410,169,1241
120000668,90,315,-225
120000669,90,705,-615
120000670,291,594,-303
120000671,1085,374,711
120000672,105,763,-658
120900001,51,52,-1
120900002,564,493,71
120900003,179,54,125
120900004,11,94,-83
120900005,2,2044,-2042
120900006,215,232,-17
120900007,141,317,-176
120900008,262,2169,-1907
120900009,465,68,397
120900010,338,81,257
120900011,655,208,447
120900012,2261,1264,997
120900013,273,61,212
120900014,35,1498,-1463
120900015,380,128,252
120900016,583,82,501
120900017,4825,150,4675
120900018,92,927,-835
120900019,617,196,421
120900020,1402,1020,382
120900021,520,120,400
120900022,146,888,-742
120900023,165,77,88
120900024,1953,532,1421
120900025,2790,1470,1320
120900026,170,286,-116
120900027,782,107,675
120900028,228,62,166
120900029,157,347,-190
120900030,1002,689,313
120900031,173,79,94
120900032,622,303,319
120900033,950,67,883
120900034,63,2604,-2541
120900035,79,186,-107
120900037,210,14,196
120900038,33,170,-137
120900039,84,27,57
120900040,212,3,209
120900041,184,48,136
120900042,309,111,198
120900043,26,41,-15
120900044,9,742,-733
120900045,173,247,-74
120900046,307,7,300
120900047,153,63,90
120900048,79,33,46
120900049,237,1,236
120900050,6533,1730,4803
120900051,305,181,124
120900052,441,8,433
120900053,136,150,-14
120900054,1727,1544,183
120900055,297,2,295
120900056,467,21,446
120900057,102,42,60
120900058,326,0,326
120900059,64,1,63
120900060,59,66,-7
120900061,221,870,-649
120900062,143,1,142
120900063,398,3,395
120900064,330,0,330
120900065,322,3,319
120900066,208,543,-335
120900067,258,74,184
120900068,219,0,219
120900069,152,162,-10
120900071,30,5,25
120900072,533,3,530
120900073,280,470,-190
120900074,831,108,723
120900076,247,1,246
120900077,6775,307,6468
120900078,475,1317,-842
120900079,489,166,323
120900080,431,3828,-3397
120900081,460,2381,-1921
120900082,1085,347,738
120900083,36,5,31
120900084,215,362,-147
120900085,198,201,-3
120900086,303,345,-42
120900087,409,134,275
120900088,338,355,-17
120900089,7734,2086,5648
120900090,108,315,-207
120900091,520,485,35
120900092,1621,1425,196
120900093,6521,378,6143
120900094,627,429,198
120900095,314,23,291
120900096,32,261,-229
120900097,834,1762,-928
120900098,337,292,45
120900099,64,106,-42
120900100,71,669,-598
120900101,714,468,246
120900102,22,120,-98
120900103,38,213,-175
120900104,34,75,-41
120900105,48,1374,-1326
120900106,1846,1056,790
120900107,529,242,287
120900108,3,1641,-1638
120900109,47,1246,-1199
120900110,16,1092,-1076
120900111,144,684,-540
120900112,16,2384,-2368
120900113,20,1483,-1463
120900114,54,308,-254
120900115,206,258,-52
120900116,249,1355,-1106
120900117,0,991,-991
120900118,14,1546,-1532
120900119,4165,5170,-1005
120900120,67,1308,-1241
120900121,106,840,-734
120900122,284,1375,-1091
120900123,8,1038,-1030
120900124,5,1327,-1322
120900125,7,2292,-2285
120900126,1889,1467,422
120900127,7,1047,-1040
120900128,1236,1789,-553
120900129,86,669,-583
120900130,4,727,-723
120900131,25,113,-88
120900132,582,678,-96
120900133,292,2263,-1971
120900134,676,787,-111
120900135,12,1189,-1177
120900136,28,65,-37
120900137,159,241,-82
120900138,26,389,-363
120900139,9,1596,-1587
120900140,2,104,-102
120900141,87,172,-85
120900142,29,1828,-1799
120900143,10,1837,-1827
120900144,1,365,-364
120900145,56,1582,-1526
120900146,8,2002,-1994
120900147,0,585,-585
120900148,96,214,-118
120900149,2,857,-855
120900150,34,1137,-1103
120900151,5,1348,-1343
120900152,0,63,-63
120900153,14,112,-98
120900154,0,686,-686
120900155,113,2082,-1969
120900156,20,514,-494
120900157,24,425,-401
120900158,26,933,-907
120900159,52,557,-505
120900160,43,665,-622
120900161,17,956,-939
120900162,14,1028,-1014
120900163,17,231,-214
120900164,0,1,-1
120900165,6,5,1
120900166,102,367,-265
120900167,468,171,297
120900169,50,1029,-979
120900170,5247,2284,2963
120900171,1991,647,1344
120900172,1362,235,1127
120900173,1,83,-82
120900174,7,227,-220
120900175,295,443,-148
120900176,18,326,-308
120900177,2,709,-707
120900178,2,401,-399
120900179,1178,740,438
120900180,178,118,60
120900181,49,71,-22
120900182,17,729,-712
120900183,511,340,171
120900184,143,150,-7
120900185,10,655,-645
120900186,0,971,-971
120900187,420,1298,-878
120900188,94,26,68
120900189,291,764,-473
120900190,49,43,6
120900191,2,48,-46
120900192,22392,4000,18392
120900194,28,167,-139
120900195,173,523,-350
120900196,655,77,578
120900197,434,113,321
120900198,340,1215,-875
120900199,294,364,-70
120900200,126,243,-117
120900201,914,192,722
120900202,2,420,-418
120900203,29,93,-64
120900204,255,580,-325
120900205,60,153,-93
120900206,9,24,-15
120900207,89,2573,-2484
121000001,1162,1522,-360
121000002,3336,2226,1110
121000003,5827,2578,3249
121000004,3482,6734,-3252
121000005,2627,3689,-1062
121000006,4070,1914,2156
121000007,4108,3975,133
121000008,8575,4060,4515
121000009,8425,8926,-501
121000010,12599,8176,4423
121000011,13613,21319,-7706
121000012,20871,16047,4824
121000013,7358,11854,-4496
121000014,9386,10430,-1044
121000015,7757,9192,-1435
121000016,6491,5996,495
121000017,2431,4839,-2408
121000018,2649,2663,-14
121000019,27204,12494,14710
121000020,17681,12898,4783
121000021,3647,4694,-1047
121000022,1985,2605,-620
121000023,5293,4753,540
121000024,3741,4632,-891
121000025,870,1700,-830
121000026,275,155,120
121000027,1835,1352,483
121000028,972,662,310
121000029,1050,1111,-61
121000030,875,778,97
121000031,843,930,-87
121000032,193,95,98
121000034,528,224,304
121000035,224,85,139
121000036,1650,1104,546
121000037,784,953,-169
121000038,837,927,-90
121000039,545,574,-29
121000041,568,769,-201
121000042,223,461,-238
121000043,1039,1081,-42
121000044,2415,1002,1413
121000045,512,655,-143
121000046,630,1397,-767
121000047,64,122,-58
121000049,2463,827,1636
121000050,369,1428,-1059
121000051,947,490,457
121000052,250,812,-562
121000053,480,127,353
121000054,38,280,-242
121000055,1929,2069,-140
121000056,1065,1427,-362
121000057,196,499,-303
121000058,437,149,288
121000059,2480,1552,928
121000060,420,945,-525
121000061,216,257,-41
121000062,133,281,-148
121000063,821,607,214
121000064,654,965,-311
121000065,637,590,47
121000066,795,582,213
121000067,1137,520,617
121000068,744,483,261
121000069,904,593,311
121000070,2169,1755,414
121000071,1327,1321,6
121000072,1497,1239,258
121000073,1261,1022,239
121000074,116,165,-49
121000075,83,354,-271
121000076,1717,572,1145
121000077,141,230,-89
121000078,71,122,-51
121000080,3503,1009,2494
121000081,4955,3308,1647
121000082,141,314,-173
121000083,328,216,112
121000084,200,127,73
121000085,318,712,-394
121000086,216,1017,-801
121000087,78,335,-257
121000088,408,1309,-901
121000089,625,461,164
121000090,558,568,-10
121000091,2346,1467,879
121000092,202,144,58
121000093,148,356,-208
121000094,475,911,-436
121000095,405,717,-312
121000096,2866,4560,-1694
121000097,1751,3079,-1328
121000098,474,2153,-1679
121000099,550,1563,-1013
121000100,847,860,-13
121000101,242,408,-166
121000102,198,669,-471
121000103,166,483,-317
121000104,234,235,-1
121000105,355,310,45
121000106,245,625,-380
121000107,3027,5556,-2529
121000109,1947,1560,387
121000110,639,839,-200
121000114,3421,2868,553
121000115,1207,1124,83
121000116,591,1519,-928
121000117,1212,458,754
121000118,1400,478,922
121000119,222,543,-321
121000120,273,575,-302
121000121,531,1331,-800
121000123,2265,869,1396
121000126,149,560,-411
121000127,270,163,107
121000128,788,678,110
121000129,690,720,-30
121000130,522,1754,-1232
121000131,2639,1899,740
121000132,1969,2069,-100
121000135,605,838,-233
121000136,1354,603,751
121000137,569,332,237
121000138,1002,753,249
121000139,665,212,453
121000141,308,189,119
121000142,1293,804,489
121000143,199,29,170
121000144,1540,1722,-182
121000145,602,1992,-1390
121000146,1315,1284,31
121000147,945,891,54
121000148,1121,1496,-375
121000149,2428,1687,741
121000152,509,1069,-560
121000153,2286,905,1381
121000154,1006,1026,-20
121000155,1878,1570,308
121000156,495,1638,-1143
121000157,1973,3301,-1328
121000158,404,1200,-796
121000159,161,989,-828
121000160,384,1104,-720
121000161,151,495,-344
121000162,71,439,-368
121000165,2302,2197,105
121000166,50,853,-803
121000168,305,411,-106
121000169,64,252,-188
121000170,287,194,93
121000171,106,283,-177
121000172,573,615,-42
121000173,1439,1129,310
121000174,238,510,-272
121000175,881,731,150
121000176,375,316,59
121000177,1051,816,235
121000178,166,87,79
121000179,144,81,63
121000181,615,545,70
121000182,85,168,-83
121000183,35,101,-66
121000184,66,71,-5
121000185,30,155,-125
121000186,150,428,-278
121000187,153,413,-260
121000188,141,350,-209
121000192,724,556,168
121000193,686,595,91
121000194,3522,2861,661
121000195,497,1476,-979
121000196,1340,346,994
121000197,396,1311,-915
121000198,453,110,343
121000199,148,734,-586
121000200,428,114,314
121000201,3,373,-370
121000202,1200,173,1027
121000203,864,3703,-2839
121000204,2362,966,1396
121000205,206,518,-312
121000206,240,41,199
121000207,1792,753,1039
121000208,11,639,-628
121000209,206,694,-488
121000210,341,1152,-811
121000211,477,220,257
121000212,345,1671,-1326
121000213,14126,3993,10133
121000214,1269,2617,-1348
121000215,1739,1458,281
121000216,549,705,-156
121000217,5390,3587,1803
121000218,532,2471,-1939
121000219,1886,530,1356
121000220,331,83,248
121000221,187,313,-126
121000222,3309,3326,-17
121000223,720,382,338
121000224,316,142,174
121000225,2844,1342,1502
121000226,6558,856,5702
121000227,4,385,-381
121000228,19,1192,-1173
121000229,156,757,-601
121000230,80,2827,-2747
121000231,756,38,718
121000232,536,301,235
121000233,490,441,49
121000234,17,50,-33
121000235,79,38,41
121000236,3,85,-82
121000237,22,11,11
121000238,7,95,-88
121000239,9,5,4
121000240,3,372,-369
121000241,55,9,46
121000242,50,179,-129
121000243,208,41,167
121000244,1,79,-78
121000245,11,13,-2
121000246,3,85,-82
121000247,59,1,58
121000248,487,751,-264
121000249,140,306,-166
121000250,499,86,413
121000251,20,979,-959
121000252,73,47,26
121000253,326,890,-564
121000254,852,421,431
121000255,234,266,-32
121000256,365,203,162
121000257,63,108,-45
121000258,105,80,25
121000259,47,51,-4
121000260,103,226,-123
121000261,111,64,47
121000262,1428,1375,53
121000263,368,690,-322
121000271,385,2661,-2276
121000273,164,15,149
121000274,14,43,-29
121000275,5,55,-50
121000276,2,11,-9
121000278,99,94,5
121000279,87,46,41
121000280,55,67,-12
121000289,245,45,200
121000290,1876,976,900
121000294,101,321,-220
121000297,1261,1460,-199
121000299,272,383,-111
121000300,1034,816,218
121000302,143,1174,-1031
121000303,581,645,-64
121000304,428,102,326
121000305,174,54,120
121000306,104,157,-53
121000308,178,524,-346
121000309,472,858,-386
121000310,121,617,-496
121000311,87,1205,-1118
121000312,489,323,166
121000313,709,697,12
121000314,127,107,20
121000315,51,112,-61
121000530,1085,2204,-1119
121000531,1094,2141,-1047
121000532,7347,6756,591
121000533,2952,3969,-1017
121000918,49,242,-193
121000919,40,75,-35
121000938,216,176,40
121000939,264,184,80
121000956,841,2605,-1764
121000957,3,10,-7
121000958,239,73,166
121000959,546,1532,-986
121000960,1745,3620,-1875
121000961,152,80,72
121000962,416,1286,-870
121000973,4,606,-602
121000976,18,206,-188
121000979,439,115,324
121000981,249,124,125
121000982,282,463,-181
121000983,621,706,-85
121000984,30,65,-35
121000985,502,1576,-1074
121000986,289,965,-676
121000987,311,2521,-2210
121000988,579,130,449
121001302,340,153,187
121001308,6,9,-3
121001309,162,80,82
121001311,0,1,-1
121001313,221,454,-233
121001314,4639,5296,-657
121001315,5691,2603,3088
121001318,0,0,0
121900001,108,204,-96
121900002,77,24,53
121900003,322,13,309
121900004,167,642,-475
121900005,24,20,4
121900006,93,18,75
121900007,3536,2503,1033
121900008,1696,679,1017
121900009,794,15,779
121900010,283,5,278
121900011,276,697,-421
121900012,7,0,7
121900013,1600,59,1541
121900014,1544,428,1116
121900015,222,273,-51
121900016,7,40,-33
121900017,394,789,-395
121900018,274,14,260
121900019,338,401,-63
121900020,35,0,35
121900021,946,21,925
121900022,183,264,-81
121900023,126,712,-586
121900024,532,114,418
121900025,516,607,-91
121900026,537,68,469
121900027,284,188,96
121900028,341,19,322
121900029,144,381,-237
121900030,655,739,-84
121900031,2079,7557,-5478
121900032,92,109,-17
121900033,180,236,-56
121900034,503,137,366
121900035,3736,2096,1640
121900036,109,698,-589
121900037,184,815,-631
121900038,35,228,-193
121900039,374,41,333
121900040,37,132,-95
121900041,100,239,-139
121900042,319,182,137
121900043,1,6,-5
121900044,356,49,307
121900046,351,295,56
121900047,134,80,54
121900048,46,245,-199
121900050,22,53,-31
121900051,155,272,-117
121900052,152,44,108
121900053,323,364,-41
121900054,563,1094,-531
121900055,4,18,-14
121900058,284,413,-129
121900059,305,154,151
121900060,146,417,-271
121900061,229,191,38
121900062,109,104,5
121900063,953,395,558
121900064,240,1077,-837
121900066,29,52,-23
121900067,24,57,-33
121900069,203,227,-24
121900070,408,154,254
121900071,215,337,-122
121900072,17,217,-200
121900073,311,281,30
121900074,887,945,-58
121900075,1074,427,647
121900076,391,830,-439
121900077,10,68,-58
121900078,87,67,20
121900079,0,0,0
121900080,828,624,204
121900082,38,136,-98
121900084,8,294,-286
121900085,1,20,-19
121900086,9,76,-67
121900087,118,113,5
121900088,3009,4387,-1378
121900089,144,579,-435
121900090,16,161,-145
121900091,16,160,-144
121900092,61,158,-97
121900093,39,65,-26
121900094,28,15,13
121900095,166,118,48
121900096,1614,765,849
121900097,405,200,205
121900098,10,18,-8
121900099,219,126,93
121900100,208,345,-137
121900101,141,126,15
121900102,22,187,-165
121900103,624,233,391
121900104,1426,395,1031
121900105,199,131,68
121900106,4,11,-7
121900107,48,41,7
121900108,0,31,-31
121900109,364,139,225
121900110,330,1830,-1500
121900111,1063,150,913
121900112,115,133,-18
121900113,94,380,-286
121900114,29,113,-84
121900117,299,42,257
121900118,3233,556,2677
121900119,122,190,-68
121900120,41,1886,-1845
121900121,950,128,822
121900122,25,63,-38
121900123,262,621,-359
121900124,126,295,-169
121900125,1548,1645,-97
121900127,6,118,-112
121900128,74,224,-150
121900129,1177,268,909
121900130,147,336,-189
121900131,239,134,105
121900132,57,208,-151
121900133,101,531,-430
121900134,32,160,-128
121900135,3063,292,2771
121900136,239,608,-369
121900137,63,473,-410
121900138,66,376,-310
121900139,530,723,-193
121900140,86,261,-175
121900141,40,14,26
121900142,103,167,-64
121900143,18,198,-180
121900144,171,389,-218
121900145,241,230,11
121900146,759,1129,-370
121900147,54,247,-193
121900148,191,380,-189
121900149,490,1033,-543
121900150,70,232,-162
121900151,93,288,-195
121900152,64,180,-116
121900153,148,692,-544
121900154,16,219,-203
121900155,2,183,-181
121900156,157,84,73
121900157,3,656,-653
121900158,95,122,-27
121900159,6,298,-292
121900160,91,257,-166
121900161,465,493,-28
121900162,124,191,-67
121900163,146,1073,-927
121900164,440,332,108
121900165,279,289,-10
121900166,222,314,-92
121900167,156,135,21
121900168,304,151,153
121900169,7,552,-545
121900170,7,292,-285
121900171,525,959,-434
121900172,372,459,-87
121900173,1083,275,808
121900174,32,61,-29
121900175,171,210,-39
121900176,602,2666,-2064
121900177,231,96,135
121900178,52,95,-43
121900179,276,186,90
121900180,7574,3761,3813
121900182,1167,380,787
121900183,544,727,-183
121900184,49,790,-741
121900186,14,412,-398
121900187,31,198,-167
121900188,743,575,168
121900189,57,189,-132
121900190,238,727,-489
121900191,42,187,-145
121900192,492,1084,-592
121900193,50,353,-303
121900194,9,185,-176
121900195,170,154,16
121900196,997,933,64
121900197,399,3006,-2607
121900198,1451,2115,-664
121900199,2,32,-30
121900200,92,253,-161
121900201,1734,680,1054
121900202,143,451,-308
121900203,353,1737,-1384
121900204,1641,1097,544
121900205,17,136,-119
121900206,14,13,1
121900207,243,68,175
121900208,281,408,-127
121900209,58,28,30
121900210,2341,1850,491
121900211,145,489,-344
121900212,175,199,-24
121900213,163,160,3
121900214,10,716,-706
121900215,31,97,-66
121900216,66,115,-49
121900217,279,169,110
121900218,453,843,-390
121900220,193,18,175
121900221,371,711,-340
121900222,172,247,-75
121900223,226,121,105
121900224,111,136,-25
121900225,134,84,50
121900226,391,1111,-720
121900227,175,539,-364
121900228,150,400,-250
121900230,112,288,-176
121900231,471,1966,-1495
121900232,336,381,-45
121900233,358,303,55
121900234,290,532,-242
121900235,392,495,-103
121900236,293,194,99
121900237,221,253,-32
121900238,138,227,-89
121900239,121,61,60
121900240,209,227,-18
121900241,38,75,-37
121900242,2,2,0
121900243,4,1,3
121900244,14,2,12
121900245,259,250,9
121900246,2491,625,1866
121900247,320,395,-75
121900248,1901,1198,703
121900250,350,411,-61
121900251,358,37,321
121900252,677,206,471
121900253,95,1196,-1101
121900254,542,434,108
121900255,221,154,67
121900258,4122,2459,1663
121900259,424,685,-261
121900260,154,280,-126
121900261,157,631,-474
121900262,548,1215,-667
121900263,162,418,-256
121900264,2913,1821,1092
121900265,248,473,-225
121900266,227,263,-36
121900267,49,33,16
121900269,184,545,-361
121900270,44,225,-181
121900271,26,227,-201
121900273,629,1843,-1214
121900274,198,324,-126
121900277,446,2021,-1575
121900278,177,1177,-1000
121900279,183,372,-189
121900280,291,579,-288
121900281,582,411,171
121900284,118,18,100
121900286,111,237,-126
121900287,11,27,-16
121900288,0,0,0
121900290,258,448,-190
121900291,544,924,-380
121900292,370,125,245
121900293,1148,4858,-3710
121900294,266,4,262
121900295,77,338,-261
121900296,58,141,-83
121900298,535,554,-19
121900299,0,0,0
121900300,2,0,2
121900301,23,1,22
121900302,1,17,-16
121900303,510,502,8
121900304,1,6,-5
121900305,1,6,-5
121900306,109,0,109
121900307,43,25,18
121900308,33,489,-456
121900309,10,328,-318
121900310,32,658,-626
121900311,239,23,216
121900312,205,17,188
121900313,333,22,311
121900314,2,86,-84
121900315,21,1,20
121900316,0,21,-21
121900317,3,4,-1
121900318,0,28,-28
121900319,22,150,-128
121900320,104,114,-10
121900321,3,4,-1
121900322,1,30,-29
121900323,41,23,18
121900324,1,88,-87
121900325,6,4,2
121900326,3,33,-30
121900327,4,78,-74
121900328,0,48,-48
121900329,2,408,-406
121900330,1,35,-34
121900331,72,115,-43
121900332,88,36,52
121900333,24,3,21
121900334,136,53,83
122000001,2777,5153,-2376
122000002,6185,2464,3721
122000003,2424,2326,98
122000004,4244,2247,1997
122000005,4024,1605,2419
122000006,3886,732,3154
122000007,1935,2248,-313
122000008,8392,7270,1122
122000009,640,464,176
122000010,2941,4395,-1454
122000011,4205,2181,2024
122000012,1804,1580,224
122000013,4017,1824,2193
122000014,2193,3575,-1382
122000015,2435,1369,1066
122000016,737,1399,-662
122000017,1275,1385,-110
122000018,2041,1421,620
122000019,1202,2109,-907
122000020,251,333,-82
122000021,610,832,-222
122000022,2098,2363,-265
122000023,731,4496,-3765
122000024,1313,1346,-33
122000025,2537,1735,802
122000026,2228,1074,1154
122000027,754,7301,-6547
122000028,1157,598,559
122000029,610,416,194
122000030,346,161,185
122000031,256,325,-69
122000032,2531,5122,-2591
122000033,1598,1376,222
122000034,1004,773,231
122000035,333,1175,-842
122000036,606,647,-41
122000037,454,359,95
122000038,366,496,-130
122000039,737,635,102
122000040,429,524,-95
122000041,741,674,67
122000042,653,493,160
122000043,240,186,54
122000044,166,259,-93
122000045,1973,826,1147
122000046,1165,1496,-331
122000047,455,267,188
122000048,3600,6853,-3253
122000049,6670,2908,3762
122000050,2882,855,2027
122000051,609,498,111
122000052,809,288,521
122000053,207,467,-260
122000054,2879,2619,260
122000055,3287,3268,19
122000056,6985,5365,1620
122000057,5052,3781,1271
122000058,5853,1289,4564
122000059,4925,1885,3040
122000060,1072,819,253
122000061,714,538,176
122000062,1436,347,1089
122000063,2390,727,1663
122000064,5400,3438,1962
122000065,7695,3725,3970
122000066,1541,1382,159
122000067,2649,1672,977
122000068,1574,2307,-733
122000069,685,1053,-368
122000070,761,5972,-5211
122000071,1246,2633,-1387
122000072,665,643,22
122000073,736,624,112
122000074,2618,1900,718
122000075,724,2016,-1292
122000076,2500,1495,1005
122000077,1739,787,952
122000078,3698,2527,1171
122000079,3189,1178,2011
122000080,1993,549,1444
122000081,407,525,-118
122000082,1313,886,427
122000083,1703,5756,-4053
122000084,1361,1221,140
122000085,321,2962,-2641
122000086,2895,7268,-4373
122000087,574,224,350
122000088,354,433,-79
122000089,9174,4634,4540
122000090,327,548,-221
122000091,490,81,409
122000092,223,20,203
122000093,2607,1053,1554
122000094,10619,2256,8363
122000095,4565,3789,776
122000096,3965,2495,1470
122000098,4840,1887,2953
122000099,5076,718,4358
122000100,1715,994,721
122000101,352,1418,-1066
122000102,2244,1456,788
122000103,1767,1790,-23
122000104,364,314,50
122000105,322,335,-13
122000106,640,665,-25
122000107,1230,721,509
122000108,445,1165,-720
122000109,452,516,-64
122000110,478,774,-296
122000111,3347,1222,2125
122000112,1011,1717,-706
122000113,737,881,-144
122000114,7135,2188,4947
122000115,2072,3276,-1204
122000116,490,601,-111
122000117,1382,484,898
122000118,423,748,-325
122000119,3781,2042,1739
122000120,3076,3546,-470
122000121,4178,2943,1235
122000122,1069,1843,-774
122000123,2982,2003,979
122000124,1789,597,1192
122000125,617,844,-227
122000126,913,1103,-190
122000127,2061,1172,889
122000128,923,1249,-326
122000129,371,1064,-693
122000130,3262,819,2443
122000131,1785,914,871
122000132,987,670,317
122000133,1482,3007,-1525
122000134,646,624,22
122000135,827,992,-165
122000136,501,434,67
122000137,1509,904,605
122000139,2498,4327,-1829
122000140,2016,699,1317
122000141,7214,1590,5624
122000142,968,1017,-49
122000143,727,341,386
122000144,2231,1211,1020
122000145,2337,885,1452
122000146,952,1514,-562
122000147,1452,524,928
122000148,3969,1821,2148
122000149,2297,1703,594
122000150,1349,1314,35
122000151,270,434,-164
122000152,605,429,176
122000153,609,405,204
122000154,396,279,117
122000155,1480,2835,-1355
122000156,2106,2471,-365
122000157,2547,1644,903
122000158,517,712,-195
122000159,1684,2330,-646
122000160,6099,1440,4659
122000161,1231,878,353
122000162,2808,1999,809
122000163,336,99,237
122000164,26,80,-54
122000165,977,1092,-115
122000166,1396,1729,-333
122000167,200,255,-55
122000168,245,678,-433
122000169,643,246,397
122000170,305,377,-72
122000171,49,69,-20
122000172,2112,2355,-243
122000173,1813,3578,-1765
122000174,2941,1148,1793
122000175,1583,437,1146
122000176,429,1021,-592
122000177,2540,2009,531
122000178,3854,4308,-454
122000179,2667,4326,-1659
122000180,2327,1567,760
122000181,2219,4878,-2659
122000182,2777,2109,668
122000183,2327,1887,440
122000184,3232,2622,610
122000185,1409,1750,-341
122000186,917,1458,-541
122000187,2811,1541,1270
122000188,540,262,278
122000189,390,511,-121
122000190,1469,1297,172
122000191,1549,930,619
122000192,1007,517,490
122000193,396,932,-536
122000194,912,236,676
122000195,206,650,-444
122000196,1181,883,298
122000197,626,1006,-380
122000198,636,1366,-730
122000199,537,500,37
122000200,2112,867,1245
122000201,1559,1924,-365
122000202,1262,1489,-227
122000203,3292,2091,1201
122000204,1512,2689,-1177
122000205,1810,1763,47
122000206,2966,1293,1673
122000207,1475,2003,-528
122000208,2977,2139,838
122000209,3739,517,3222
122000210,2105,2656,-551
122000211,1924,1645,279
122000212,924,614,310
122000213,1273,1621,-348
122000214,2270,2097,173
122000215,2600,1775,825
122000217,2721,1871,850
122000218,990,107,883
122000219,1915,1406,509
122000220,403,896,-493
122000221,178,595,-417
122000222,548,149,399
122000223,1382,519,863
122000225,1059,333,726
122000226,1676,2667,-991
122000227,386,3365,-2979
122000228,410,483,-73
122000229,43,561,-518
122000230,82,954,-872
122000231,306,1259,-953
122000232,630,1613,-983
122000233,1,184,-183
122000234,213,316,-103
122000235,628,353,275
122000236,750,250,500
122000237,122,74,48
122000238,200,292,-92
122000239,508,108,400
122000240,1107,621,486
122000241,989,710,279
122000242,629,156,473
122000243,218,74,144
122000244,79,912,-833
122000245,96,525,-429
122000246,206,263,-57
122000247,746,1455,-709
122000248,2315,3082,-767
122000249,616,950,-334
122000250,1734,1200,534
122000251,258,596,-338
122000252,709,160,549
122000253,33,378,-345
122000254,168,113,55
122000255,929,2514,-1585
122000256,376,2090,-1714
122000257,139,583,-444
122000258,131,384,-253
122000259,14,1037,-1023
122000260,33,196,-163
122000261,6,385,-379
122000262,3,93,-90
122000263,174,171,3
122000264,1225,595,630
122000265,3131,1143,1988
122000266,6590,745,5845
122000267,77,175,-98
122000268,202,498,-296
122000269,1172,385,787
122000270,1395,163,1232
122000271,452,1830,-1378
122000272,348,1927,-1579
122000273,367,694,-327
122000274,166,256,-90
122000275,79,289,-210
122000276,485,932,-447
122000277,1017,1592,-575
122000278,940,1358,-418
122000279,199,743,-544
122000280,1134,1035,99
122000281,691,1136,-445
122000282,175,184,-9
122000283,408,76,332
122000284,96,94,2
122000285,440,198,242
122000286,133,290,-157
122000287,928,1994,-1066
122000288,393,317,76
122000291,1006,600,406
122000293,574,389,185
122000294,132,225,-93
122000295,1668,335,1333
122000296,54,627,-573
122000297,4968,3022,1946
122000299,339,759,-420
122000300,596,785,-189
122000301,22495,3563,18932
122000302,1582,1366,216
122000303,5992,1662,4330
122000304,83,288,-205
122000305,920,483,437
122000306,27,1176,-1149
122000307,126,145,-19
122000309,86,68,18
122000310,28,58,-30
122000311,191,125,66
122000312,157,78,79
122000313,77,61,16
122000314,137,309,-172
122000315,257,25,232
122000316,529,305,224
122000317,986,253,733
122000318,268,720,-452
122000319,343,1053,-710
122000320,340,3820,-3480
122000321,154,454,-300
122000322,3258,5125,-1867
122000323,2271,3170,-899
122000324,2158,2147,11
122000325,1274,1898,-624
122000326,53,229,-176
122000327,452,602,-150
122000328,1859,1277,582
122000330,3110,912,2198
122000332,261,495,-234
122000333,7,299,-292
122000337,1040,2472,-1432
122000338,508,816,-308
122000340,656,468,188
122000342,4865,1482,3383
122000343,608,2811,-2203
122000344,44,40,4
122000345,26,82,-56
122000346,311,980,-669
122000348,579,1278,-699
122000349,140,1096,-956
122000351,195,387,-192
122000352,300,140,160
122000353,89,203,-114
122000355,196,220,-24
122000356,3219,1129,2090
122000357,37,27,10
122000358,0,138,-138
122000359,0,62,-62
122000360,8,70,-62
122000362,8,171,-163
122000364,129,680,-551
122000365,1,24,-23
122000366,12,7,5
122000368,584,1197,-613
122000370,26,97,-71
122000371,5,0,5
122000372,7,3,4
122000381,87,604,-517
122000382,58,387,-329
122000384,6531,2829,3702
122000385,44,1,43
122000386,1156,1259,-103
122000387,891,915,-24
122000388,3336,565,2771
122000389,318,1092,-774
122000390,700,384,316
122000391,603,260,343
122000392,223,345,-122
122000393,35,240,-205
122000394,507,514,-7
122000395,126,268,-142
122000396,289,164,125
122000397,37,147,-110
122000398,8,78,-70
122000399,124,117,7
122000400,202,448,-246
122000401,115,153,-38
122000402,274,167,107
122000403,652,1671,-1019
122000404,143,503,-360
122000408,994,1713,-719
122000503,19,140,-121
122000524,214,156,58
122000544,98,3902,-3804
122000616,650,10,640
122000640,48,188,-140
122000641,36,650,-614
122000642,1033,1967,-934
122000643,23,133,-110
122000644,271,27,244
122000645,72,347,-275
122000651,3333,854,2479
122000664,189,55,134
122000665,1197,626,571
122000666,707,1545,-838
122000673,24,588,-564
122000674,114,72,42
122000675,1795,1898,-103
122000686,285,2245,-1960
122000687,1336,472,864
122000688,166,1254,-1088
122000689,629,914,-285
122000690,951,947,4
122000691,393,4216,-3823
122000692,1293,572,721
122000693,559,3148,-2589
122000695,214,876,-662
122000696,286,607,-321
122000698,238,1615,-1377
122000699,155,240,-85
122000701,1205,483,722
122000702,667,3370,-2703
122000703,184,116,68
122000712,0,0,0
122000717,283,119,164
122000718,341,737,-396
122000719,63,99,-36
122000720,197,455,-258
122000724,157,45,112
122900001,27,7,20
122900002,1782,3708,-1926
122900003,389,54,335
122900004,1295,30,1265
122900005,48,56,-8
122900006,820,508,312
122900007,172,52,120
122900008,857,137,720
122900009,1219,642,577
122900010,325,256,69
122900012,300,510,-210
122900014,137,522,-385
122900015,3289,769,2520
122900016,104,508,-404
122900017,528,1191,-663
122900018,256,9,247
122900019,13,169,-156
122900020,458,588,-130
122900021,61,947,-886
122900022,530,1268,-738
122900023,376,398,-22
122900024,178,128,50
122900025,19,290,-271
122900026,232,409,-177
122900027,132,959,-827
122900028,107,273,-166
122900029,6928,3230,3698
122900030,2191,550,1641
122900031,217,235,-18
122900032,161,359,-198
122900033,160,213,-53
122900034,5607,6942,-1335
122900035,117,24,93
122900036,76,350,-274
122900037,498,173,325
122900038,215,2999,-2784
122900039,111,535,-424
122900040,329,651,-322
122900041,294,278,16
122900042,194,415,-221
122900043,567,360,207
122900044,130,508,-378
122900045,75,186,-111
122900046,132,162,-30
122900047,607,234,373
122900048,82,354,-272
122900049,2626,219,2407
122900051,108,201,-93
122900052,36,209,-173
122900053,27,22,5
122900055,343,145,198
122900057,343,37,306
122900061,467,264,203
122900062,481,585,-104
122900063,152,635,-483
122900064,1368,819,549
122900065,470,193,277
122900066,556,323,233
122900067,2837,1186,1651
122900068,166,569,-403
122900069,300,1655,-1355
122900070,243,62,181
122900071,134,617,-483
122900072,21,1046,-1025
122900073,51,423,-372
122900074,392,1298,-906
122900075,1,116,-115
122900076,10,309,-299
122900077,2,273,-271
122900078,92,225,-133
122900080,107,29,78
122900081,193,214,-21
122900082,628,345,283
122900083,227,143,84
122900084,6,421,-415
122900086,10,79,-69
122900087,190,833,-643
122900088,71,184,-113
122900089,67,277,-210
122900090,25,1133,-1108
122900091,170,0,170
122900092,4,333,-329
122900093,6,670,-664
122900094,3,427,-424
122900095,186,11,175
122900096,174,654,-480
122900097,24,26,-2
122900098,115,180,-65
122900099,8,8,0
122900100,613,594,19
122900101,1388,383,1005
122900102,10,12,-2
122900103,49,11,38
122900104,61,3,58
122900105,10,14,-4
122900106,4,139,-135
122900107,8,362,-354
122900108,4,327,-323
123000001,2793,441,2352
123000002,8383,3728,4655
123000003,4157,3524,633
123000004,3587,6880,-3293
123000005,3043,3057,-14
123000006,3729,4494,-765
123000007,3599,3054,545
123000008,3173,5395,-2222
123000009,4975,3437,1538
123000010,4499,5110,-611
123000011,4558,909,3649
123000012,1340,3454,-2114
123000013,3788,983,2805
123000014,1587,5301,-3714
123000015,5715,947,4768
123000016,10676,3911,6765
123000017,4416,1637,2779
123000018,38,129,-91
123000019,175,441,-266
123000020,87,171,-84
123000021,74,278,-204
123000022,648,1776,-1128
123000023,1438,1724,-286
123000024,1322,782,540
123000025,111,142,-31
123000026,19,184,-165
123000027,365,774,-409
123000028,1363,263,1100
123000029,1359,797,562
123000030,335,899,-564
123000031,104,808,-704
123000032,258,478,-220
123000033,270,76,194
123000034,950,848,102
123000035,256,335,-79
123000036,274,808,-534
123000037,293,388,-95
123000038,69,283,-214
123000039,551,1184,-633
123000040,1591,391,1200
123000041,1775,759,1016
123000042,1394,664,730
123000043,5746,6962,-1216
123000044,8529,2830,5699
123000045,15706,3167,12539
123000046,1169,1136,33
123000047,2928,2044,884
123000048,93,508,-415
123000049,10867,6962,3905
123000050,1109,1641,-532
123000051,92,249,-157
123000052,649,4053,-3404
123000053,2433,4812,-2379
123000054,1194,1853,-659
123000055,1198,1719,-521
123000056,1673,2538,-865
123000057,25638,7967,17671
123000058,855,982,-127
123000059,505,699,-194
123000060,866,415,451
123000061,218,1276,-1058
123000063,813,918,-105
123000064,948,307,641
123000065,11270,5130,6140
123000066,1362,1528,-166
123000067,528,730,-202
123000068,4057,5810,-1753
123000069,10367,5550,4817
123000070,315,1408,-1093
123000071,852,1507,-655
123000072,1065,2613,-1548
123000073,974,1222,-248
123000074,1074,3580,-2506
123000075,333,1399,-1066
123000076,591,1935,-1344
123000077,2781,5776,-2995
123000078,1388,2273,-885
123000079,1244,2815,-1571
123000080,2482,3940,-1458
123000081,215,1003,-788
123000082,552,2103,-1551
123000083,1022,255,767
123000084,623,1296,-673
123000085,183,188,-5
123000086,366,836,-470
123000087,185,867,-682
123000088,1211,1915,-704
123000089,554,1891,-1337
123000090,1235,1808,-573
123000091,2057,1917,140
123000092,1461,1745,-284
123000094,506,412,94
123000095,478,805,-327
123000096,562,601,-39
123000097,372,2025,-1653
123000098,683,976,-293
123000099,606,1572,-966
123000100,522,816,-294
123000101,838,711,127
123000102,738,765,-27
123000104,407,405,2
123000105,693,794,-101
123000106,483,470,13
123000107,409,884,-475
123000108,851,2383,-1532
123000111,710,309,401
123000112,804,1002,-198
123000113,624,3158,-2534
123000114,550,615,-65
123000115,265,348,-83
123000116,31,246,-215
123000117,1405,3591,-2186
123000118,467,1472,-1005
123000119,249,1720,-1471
123000120,516,1564,-1048
123000121,475,845,-370
123000122,478,328,150
123000123,538,846,-308
123000124,577,739,-162
123000125,1474,1344,130
123000126,1737,3892,-2155
123000127,1200,1098,102
123000128,318,566,-248
123000129,486,316,170
123000130,500,123,377
123000131,786,774,12
123000132,439,811,-372
123000133,374,569,-195
123000134,525,276,249
123000135,1776,2131,-355
123000136,231,2159,-1928
123000137,134,617,-483
123000138,78,686,-608
123000139,417,196,221
123000140,184,1118,-934
123000141,978,193,785
123000142,1200,1467,-267
123000143,1568,3364,-1796
123000144,18,30,-12
123000145,292,282,10
123000146,66,171,-105
123000147,86,192,-106
123000149,313,418,-105
123000150,229,220,9
123000151,273,476,-203
123000152,61,532,-471
123000153,162,611,-449
123000154,2470,1846,624
123000155,3573,1063,2510
123000156,32,121,-89
123000157,668,993,-325
123000158,863,760,103
123000159,4977,2654,2323
123000160,827,626,201
123000161,1574,1131,443
123000162,680,1921,-1241
123000163,294,61,233
123000164,1081,331,750
123000165,406,2950,-2544
123000166,31,308,-277
123000167,130,466,-336
123000168,202,541,-339
123000169,619,140,479
123000170,50,623,-573
123000171,342,165,177
123000172,230,1070,-840
123000173,529,273,256
123000174,993,408,585
123000175,1338,1901,-563
123000176,1007,231,776
123000177,494,1566,-1072
123000178,679,201,478
123000179,39,1291,-1252
123000180,1293,383,910
123000181,428,2200,-1772
123000182,239,906,-667
123000183,122,367,-245
123000184,73,1323,-1250
123000185,490,742,-252
123000186,8,879,-871
123000187,343,3,340
123000188,78,1,77
123000189,191,217,-26
123000190,44,79,-35
123000192,20,490,-470
123000193,39,798,-759
123000194,659,388,271
123000195,232,19,213
123000196,218,11,207
123000197,82,105,-23
123000198,17,295,-278
123000199,16,826,-810
123000200,359,15,344
123000201,836,22,814
123000202,66,1782,-1716
123000203,778,72,706
123000204,104,1673,-1569
123000205,616,3042,-2426
123000206,1656,223,1433
123000207,135,1435,-1300
123000208,438,174,264
123000209,1783,526,1257
123000210,577,2469,-1892
123000211,664,4228,-3564
123000212,2539,519,2020
123000213,525,72,453
123000215,189,160,29
123000216,220,514,-294
123000217,206,54,152
123000218,154,488,-334
123000219,1442,70,1372
123000220,592,87,505
123000221,125,298,-173
123000222,339,950,-611
123000223,148,954,-806
123000224,451,1101,-650
123000225,203,163,40
123000226,71,648,-577
123000227,76,627,-551
123000228,252,71,181
123000229,1529,2909,-1380
123000232,114,854,-740
123000233,634,225,409
123000234,218,974,-756
123000235,508,487,21
123000236,254,1489,-1235
123000237,268,102,166
123000238,72,1095,-1023
123000239,540,3227,-2687
123000240,50,474,-424
123000241,1388,200,1188
123000242,152,331,-179
123000243,665,1295,-630
123000244,921,680,241
123000245,104,219,-115
123000249,610,999,-389
123000252,663,228,435
123000253,777,526,251
123000254,523,1395,-872
123000255,867,971,-104
123000256,41,361,-320
123000257,5652,3583,2069
123000258,1138,1819,-681
123000259,254,640,-386
123000260,463,1012,-549
123000261,165,404,-239
123000262,137,520,-383
123000263,392,154,238
123000264,143,67,76
123000265,87,280,-193
123000266,472,990,-518
123000267,399,462,-63
123000268,32,132,-100
123000269,80,52,28
123000270,23,52,-29
123000271,72,109,-37
123000272,961,179,782
123000273,198,606,-408
123000274,1109,482,627
123000275,338,1498,-1160
123000278,4741,3225,1516
123000279,106,165,-59
123000280,280,529,-249
123000281,306,103,203
123000282,134,380,-246
123000283,99,48,51
123000284,73,193,-120
123000286,312,325,-13
123000287,685,385,300
123000288,1036,643,393
123000289,546,877,-331
123000291,435,1123,-688
123000294,195,268,-73
123000295,847,926,-79
123000296,369,425,-56
123000297,407,1519,-1112
123000298,413,1232,-819
123000299,41,424,-383
123000300,974,1182,-208
123000301,75,332,-257
123000302,100,424,-324
123000303,111,151,-40
123000305,1209,1069,140
123000306,96,394,-298
123000309,40,84,-44
123000310,102,36,66
123000311,1,256,-255
123000312,1501,1423,78
123000313,292,490,-198
123000315,81,633,-552
123000316,3200,64,3136
123000317,288,62,226
123000318,73,502,-429
123000329,12,18,-6
123000337,268,311,-43
123000338,696,61,635
123000339,181,465,-284
123000340,167,599,-432
123000342,11,234,-223
123000343,97,3,94
123000344,1606,713,893
123000345,375,990,-615
123000346,274,120,154
123000352,3635,1046,2589
123000353,23,221,-198
123000354,332,29,303
123000355,2,825,-823
123000356,215,7,208
123000357,2,503,-501
123000359,3,400,-397
123000360,271,70,201
123000361,1136,390,746
123000362,307,275,32
123000363,96,388,-292
123000364,661,411,250
123000365,20,390,-370
123000366,303,1862,-1559
123000367,294,1861,-1567
123000370,30,623,-593
123000371,171,43,128
123000372,240,27,213
123000373,13,656,-643
123000374,11,331,-320
123000375,260,34,226
123000376,855,802,53
123000377,299,15,284
123000378,18,776,-758
123000379,4,384,-380
123000380,52,306,-254
123000381,195,64,131
123000382,1771,90,1681
123000383,423,1021,-598
123000384,573,166,407
123000385,357,956,-599
123000436,102,1286,-1184
123000507,131,584,-453
123000508,116,530,-414
123000517,321,35,286
123000518,22,446,-424
123000519,107,111,-4
123000520,85,362,-277
123000521,280,130,150
123000522,190,941,-751
123000541,2,0,2
123000542,0,53,-53
123000565,352,24,328
123000566,119,1251,-1132
123000567,162,425,-263
123000573,39,1396,-1357
123000574,453,124,329
123000575,1163,1994,-831
123000576,728,4507,-3779
123000577,138,991,-853
123000578,945,88,857
123000579,6684,4220,2464
123000580,92,24,68
123000582,320,36,284
123000583,14,886,-872
123000584,83,276,-193
123000585,2,185,-183
123000586,111,0,111
123000596,126,222,-96
123000597,51,119,-68
123000602,36,2,34
123000603,479,1184,-705
123000604,495,1955,-1460
123000605,982,195,787
123000606,2,198,-196
123000609,24,329,-305
123000610,177,119,58
123000613,23,247,-224
123000614,138,81,57
123000615,50,168,-118
123000616,367,72,295
123000617,94,731,-637
123000618,104,1071,-967
123000619,727,45,682
123000620,26,1127,-1101
123000622,273,17,256
123000624,68,108,-40
123000630,673,624,49
123000631,432,3976,-3544
123000632,1450,2161,-711
123000633,0,317,-317
123000634,164,71,93
123000635,424,125,299
123000636,19,1215,-1196
123000637,105,306,-201
123000638,563,256,307
123000639,1368,3380,-2012
123000640,36,1701,-1665
123000648,303,90,213
123000649,38,1070,-1032
123900001,1952,85,1867
123900002,28,1220,-1192
123900003,400,1101,-701
123900005,257,134,123
123900006,264,50,214
124000001,1700,159,1541
124000002,154,3418,-3264
124000003,588,215,373
124000004,90,1364,-1274
124000005,823,358,465
124000006,324,2095,-1771
124000007,1164,178,986
124000008,22,619,-597
124000009,459,653,-194
124000010,158,636,-478
124000011,1060,591,469
124000012,387,1280,-893
124000017,112,131,-19
124000018,109,99,10
124000019,98,137,-39
124000020,108,298,-190
124000021,157,67,90
124000022,88,308,-220
124000023,1588,1566,22
124000024,1195,1032,163
124000025,1350,1822,-472
124000026,1568,1487,81
124000027,5894,5791,103
124000028,4049,5638,-1589
124000030,4405,1668,2737
124000031,891,1613,-722
124000032,8524,1247,7277
124000033,622,505,117
124000034,5850,1117,4733
124000035,247,168,79
124000036,224,746,-522
124000037,490,747,-257
124000038,77,164,-87
124000039,1056,359,697
124000040,785,908,-123
124000041,282,73,209
124000042,64,569,-505
124000043,61,115,-54
124000044,77,407,-330
124000045,604,860,-256
124000046,294,1204,-910
124000047,1162,1403,-241
124000048,872,3547,-2675
124000049,1268,874,394
124000050,747,4185,-3438
124000051,635,648,-13
124000052,707,2295,-1588
124000053,504,1220,-716
124000054,1060,1058,2
124000055,1344,1767,-423
124000056,6733,1892,4841
124000057,820,596,224
124000058,422,2119,-1697
124000059,570,922,-352
124000060,1343,1451,-108
124000061,1586,4260,-2674
124000062,12369,2477,9892
124000063,1540,2120,-580
124000064,3258,2177,1081
124000065,498,306,192
124000066,561,70,491
124000067,108,443,-335
124000068,38,197,-159
124000069,561,518,43
124000070,192,787,-595
124000071,77,119,-42
124000072,148,746,-598
124000073,930,131,799
124000074,250,1311,-1061
124000075,138,40,98
124000076,12,327,-315
124000077,2518,1158,1360
124000078,2228,660,1568
124000079,658,1397,-739
124000080,269,148,121
124000081,199,1107,-908
124000082,20,127,-107
124000083,23,246,-223
124000084,97,340,-243
124000085,46,106,-60
124000086,64,135,-71
124000087,78,98,-20
124000088,182,723,-541
124000089,749,566,183
124000090,97,656,-559
124000091,946,238,708
124000092,174,1080,-906
124000093,105,98,7
124000094,159,638,-479
124000095,99,88,11
124000096,126,526,-400
124000097,80,121,-41
124000098,70,210,-140
124000099,179,220,-41
124000100,64,179,-115
124000101,52,132,-80
124000102,81,125,-44
124000103,80,94,-14
124000104,77,148,-71
124000105,62,68,-6
124000106,162,175,-13
124000107,14,137,-123
124000108,57,65,-8
124000109,119,136,-17
124000110,217,196,21
124000111,241,166,75
124000112,663,1126,-463
124000113,59,117,-58
124000114,285,911,-626
124000115,382,1326,-944
124000116,96,116,-20
124000117,87,155,-68
124000118,45,63,-18
124000119,1260,992,268
124000120,689,820,-131
124000121,2505,710,1795
124000122,850,1466,-616
124000123,1035,499,536
124000124,678,1212,-534
124000125,437,435,2
124000126,374,682,-308
124000127,767,458,309
124000128,642,1219,-577
124000129,2274,1732,542
124000130,846,862,-16
124000131,951,642,309
124000132,948,1049,-101
124000133,812,977,-165
124000134,989,1054,-65
124000135,1945,2141,-196
124000136,1256,1546,-290
124000137,1433,796,637
124000138,1742,1663,79
124000139,497,23,474
124000140,31,600,-569
124000141,181,19,162
124000142,26,311,-285
124000143,34,13,21
124000144,22,111,-89
124000145,56,30,26
124000146,25,148,-123
124000148,6,60,-54
124000149,810,443,367
124000150,353,751,-398
124000151,693,565,128
124000152,816,1606,-790
124000153,498,969,-471
124000154,401,1348,-947
124000155,1318,847,471
124000156,2248,1536,712
124000169,217,460,-243
124000170,1066,560,506
124000171,213,331,-118
124000172,343,974,-631
124000173,337,520,-183
124000174,305,1197,-892
124000175,6,194,-188
124000176,45,16,29
124000177,10,42,-32
124000178,14,32,-18
124000190,288,77,211
124000191,1352,134,1218
124000192,2672,447,2225
124000193,720,1738,-1018
124000194,394,741,-347
124000195,278,737,-459
124000196,1014,1448,-434
124000197,38,79,-41
124000198,18,60,-42
124000201,400,1772,-1372
124000202,639,245,394
124000203,199,1889,-1690
124000204,428,1319,-891
124000205,37,1139,-1102
124000206,297,771,-474
124000207,0,96,-96
124000209,438,1146,-708
124000210,216,384,-168
124000211,297,2,295
124000212,3,957,-954
124000213,240,637,-397
124000214,216,1697,-1481
124000215,175,8,167
124000216,1,877,-876
124000329,188,4744,-4556
124000338,69,2821,-2752
124000339,584,144,440
124000341,754,124,630
124000344,27,1,26
124000357,1120,2332,-1212
124000358,821,1398,-577
124000359,934,717,217
124000360,537,502,35
124000361,1537,757,780
124000362,2050,3887,-1837
124000363,262,602,-340
124000364,602,1402,-800
124000365,739,1605,-866
124000366,2619,1014,1605
124000367,217,1176,-959
124000368,370,278,92
124000369,142,123,19
124000370,127,1477,-1350
124000402,14,15,-1
124000403,63,16,47
124000404,9,147,-138
124000405,1150,900,250
124000406,1083,998,85
124000407,2,45,-43
124000411,2,624,-622
124000412,226,17,209
124000413,407,70,337
124000414,35,108,-73
124000415,38,334,-296
124000416,158,593,-435
124000417,95,160,-65
124000418,107,153,-46
124000419,88,335,-247
124000420,47,96,-49
124000421,46,422,-376
124000422,25,10,15
124000423,107,91,16
124000424,1,218,-217
124000425,55,27,28
124000426,13,216,-203
124000427,35,18,17
124000428,35,49,-14
124000429,34,83,-49
124000430,681,1265,-584
124000431,336,1172,-836
124000432,149,1086,-937
124000439,3,36,-33
124000443,0,4,-4
124000445,318,863,-545
124000446,4037,149,3888
124900001,439,336,103
124900002,156,773,-617
124900003,781,741,40
124900004,514,492,22
124900005,277,410,-133
124900006,584,528,56
124900008,1525,705,820
124900009,135,237,-102
124900010,89,67,22
124900011,382,188,194
124900012,383,94,289
124900013,375,135,240
124900014,191,107,84
124900015,163,339,-176
124900016,81,91,-10
124900017,779,647,132
124900018,26,6,20
124900020,72,103,-31
124900021,161,32,129
124900022,12,7,5
124900024,227,33,194
124900026,29,7,22
124900027,77,344,-267
124900028,1167,199,968
124900029,16,461,-445
124900030,4,271,-267
124900031,42,635,-593
124900032,307,227,80
124900033,125,625,-500
124900034,2,176,-174
124900035,240,755,-515
124900036,0,40,-40
124900037,215,669,-454
124900038,393,611,-218
124900039,0,23,-23
124900040,85,115,-30
124900041,316,2025,-1709
124900042,58,1,57
124900043,507,1843,-1336
124900044,59,1,58
124900045,919,1243,-324
124900046,2839,306,2533
124900047,189,349,-160
124900048,211,290,-79
124900050,203,496,-293
124900052,145,650,-505
124900053,84,575,-491
124900054,7086,488,6598
124900055,4,213,-209
124900057,5,199,-194
124900060,136,502,-366
124900061,46,12,34
124900062,114,23,91
124900066,0,20,-20
124900067,15,390,-375
124900068,283,482,-199
124900070,46,21,25
124900072,80,17,63
124900075,145,294,-149
124900076,25,705,-680
124900077,23,136,-113
124900078,79,12,67
124900079,1226,99,1127
124900080,292,1262,-970
124900081,826,324,502
124900082,463,1748,-1285
124900083,256,940,-684
124900085,1671,344,1327
124900086,109,1273,-1164
124900087,696,113,583
124900088,650,160,490
124900089,2198,52,2146
124900090,245,303,-58
124900091,301,1035,-734
124900092,273,719,-446
124900093,254,259,-5
124900094,330,333,-3
124900095,84,460,-376
124900096,667,311,356
124900097,249,80,169
124900098,104,566,-462
124900099,921,585,336
124900100,247,95,152
124900101,25,332,-307
124900102,165,52,113
124900103,137,481,-344
124900104,61,319,-258
124900105,89,345,-256
124900106,474,62,412
124900107,80,30,50
124900108,299,53,246
124900111,1,46,-45
124900112,77,1544,-1467
124900113,129,255,-126
124900114,196,110,86
124900115,48,29,19
124900116,146,149,-3
124900117,1256,245,1011
124900118,205,218,-13
124900119,406,149,257
124900120,45,699,-654
124900121,146,227,-81
124900122,842,325,517
124900123,407,107,300
124900124,170,268,-98
204000001,56,20,36
204000002,20,15,5
204000003,19,6,13
204000004,4,1,3
204000005,527,702,-175
204000006,1116,2302,-1186
204000011,10,98,-88
204000012,54,124,-70
204000019,545,730,-185
204000020,484,1265,-781
204000021,2799,1245,1554
204000022,612,639,-27
204000023,476,1350,-874
204000031,90,16,74
204000032,485,44,441
204000034,22,345,-323
204000035,5,1,4
204000036,3,23,-20
204000037,3,13,-10
204000038,3,35,-32
204000039,4,75,-71
204000040,1,50,-49
204000041,11,82,-71
204000042,38,29,9
204000043,25,8,17
204000044,27,1,26
204000045,67,5,62
204000046,18,4,14
204000057,4,48,-44
204000062,22,222,-200
204000068,13,186,-173
204000069,18,275,-257
204000070,30,105,-75
204000080,17,65,-48
204000085,1547,2229,-682
204000086,3936,2684,1252
204000087,41,34,7
204000088,5,136,-131
204000090,14,548,-534
204000093,138,86,52
204000096,652,1084,-432
204000097,276,66,210
204000099,925,1629,-704
204000100,1017,1680,-663
204000105,2227,2395,-168
204000110,729,1335,-606
204000111,344,863,-519
204000112,501,1215,-714
204000113,375,1350,-975
204000114,607,750,-143
204000115,451,537,-86
204000116,571,880,-309
204000119,1833,2970,-1137
204000132,537,271,266
204000133,569,265,304
204000134,164,137,27
204000135,325,134,191
204000136,249,281,-32
204000138,249,286,-37
204000140,190,129,61
204000141,124,78,46
204000144,8,30,-22
204000145,547,41,506
204000146,31,613,-582
204000147,17,102,-85
204000148,276,35,241
204000154,3,1,2
204000155,7,16,-9
204000177,65,89,-24
204000179,16,16,0
204000180,1,26,-25
204000222,7,14,-7
204000235,13,25,-12
204000236,75,501,-426
204000238,12,65,-53
204000240,312,99,213
204000263,616,1734,-1118
204000268,1285,1029,256
204000308,293,54,239
204000317,7,91,-84
204000322,3,54,-51
204000323,36,23,13
204000328,262,143,119
204000329,44,220,-176
204000330,219,84,135
204000331,31,210,-179
204010341,48,641,-593
205000001,1319,1952,-633
205000013,10,86,-76
205000014,19,94,-75
205000015,18,227,-209
205000016,17,212,-195
205000017,24,94,-70
205000022,279,845,-566
205000025,1834,1260,574
205000029,205,7,198
205000045,120,318,-198
205000046,82,791,-709
205000047,67,770,-703
205000048,241,1498,-1257
205000049,203,988,-785
205000050,1843,334,1509
205000059,1,381,-380
205000060,1,82,-81
205000061,9,51,-42
205000062,9,67,-58
205000063,18,100,-82
205000064,32,156,-124
205000065,91,776,-685
205000066,115,1092,-977
205000067,49,1595,-1546
205000069,130,18,112
205000082,160,555,-395
205000110,73,275,-202
205000111,196,256,-60
205000112,159,249,-90
205000113,207,304,-97
205000121,229,175,54
205000123,78,246,-168
205000126,615,355,260
205000127,762,418,344
205000128,844,221,623
205000129,1008,296,712
205000130,1108,51,1057
205000131,854,13,841
205000132,905,3,902
205000133,372,0,372
205000134,230,2,228
205000137,107,207,-100
205000138,238,379,-141
205000139,22,130,-108
205000144,55,99,-44
205000145,326,324,2
205000151,233,94,139
205000152,221,73,148
205000153,176,115,61
205000154,55,127,-72
205000155,176,36,140
205000207,3,191,-188
205000233,28,1,27
205000234,0,1,-1
205000243,1,0,1
205000244,0,14,-14
205000245,11,474,-463
205000249,0,39,-39
205000250,5,0,5
205000264,10,115,-105
206000027,8,3,5
206000028,1,2,-1
206000043,6,147,-141
206000053,3,27,-24
206000054,13,54,-41
206000055,1,50,-49
206000075,11,9,2
206000076,10,11,-1
206000077,13,2,11
206000078,9,11,-2
206000079,7,6,1
206000082,480,15,465
206000100,99,1185,-1086
206000103,10,17,-7
206000104,6,33,-27
206000105,5,22,-17
206000106,14,45,-31
206000108,593,36,557
206000125,38,0,38
206000157,82,1211,-1129
206000170,1,298,-297
206000171,2,300,-298
206000172,9,1359,-1350
206000173,3,433,-430
206000174,9,191,-182
206000175,2,252,-250
206000176,28,467,-439
206000177,2,294,-292
206000178,1,254,-253
206000179,9,180,-171
206000180,16,291,-275
206000181,10,599,-589
206000182,19,553,-534
206000183,24,1754,-1730
206000184,6,610,-604
206000185,18,515,-497
206000186,121,2704,-2583
206000223,3,368,-365
206000226,20,5,15
206000227,12,4,8
206000237,32,618,-586
206000238,45,1040,-995
206000239,915,3574,-2659
206000240,1,69,-68
206000241,2,214,-212
206000242,11,600,-589
206000243,9,617,-608
206000244,68,1437,-1369
206000245,435,63,372
206000246,38,5,33
206000247,98,7,91
206000248,140,24,116
206000252,81,40,41
206000258,24,42,-18
206000315,45,3,42
206000317,256,76,180
206000318,210,46,164
206000319,527,108,419
206000320,43,30,13
206000321,59,13,46
206000322,233,6,227
206000323,84,7,77
206000324,72,9,63
206000325,132,13,119
206000326,120,14,106
206000327,234,16,218
206000328,81,4,77
206000329,107,11,96
206000330,26,16,10
206000331,64,2,62
206000332,15,6,9
206000333,295,8,287
206000334,178,0,178
206000335,0,16,-16
206000361,5,335,-330
206000392,0,62,-62
206000405,130,2,128
206000441,19,22,-3
206000498,28,4,24
206000515,114,39,75
206000530,101,59,42
206000531,140,99,41
206000532,3639,126,3513
206000535,509,3532,-3023
206000536,19,435,-416
206000537,10,340,-330
206000613,1483,198,1285
207000001,148,660,-512
207000002,130,444,-314
207000003,168,326,-158
207000007,563,309,254
207000008,64,8,56
207000009,41,33,8
207000010,470,910,-440
207000012,267,304,-37
207000015,444,2706,-2262
207000019,244,90,154
207000021,529,162,367
207000022,211,95,116
207000023,151,33,118
207000024,3,12,-9
207000025,33,95,-62
207000026,74,50,24
207000027,14,107,-93
207000028,83,300,-217
207000029,379,594,-215
207000033,300,339,-39
207000034,275,82,193
207000039,332,157,175
207000040,168,149,19
207000041,59,60,-1
207000042,242,109,133
207000043,298,264,34
207000051,144,508,-364
207000052,7,306,-299
207000053,529,981,-452
207000054,27,203,-176
207000055,163,278,-115
207000056,366,629,-263
207000057,150,463,-313
207000058,120,866,-746
207000059,85,1481,-1396
207000060,78,515,-437
207000061,109,284,-175
207000062,230,50,180
207000063,165,172,-7
207000064,312,188,124
207000065,291,273,18
207000066,160,218,-58
207000067,41,180,-139
207000068,118,101,17
207000069,651,426,225
207000082,37,556,-519
207000083,81,582,-501
207000084,131,304,-173
207000085,124,14,110
207000086,96,5,91
207000106,28,57,-29
207000107,59,30,29
207000108,42,20,22
207000109,45,25,20
207000110,57,65,-8
207000111,87,81,6
207000112,246,514,-268
207000114,24,31,-7
207000115,23,79,-56
207000116,17,406,-389
207000117,21,175,-154
207000118,5,150,-145
207000119,39,130,-91
207000123,207,29,178
207000124,79,25,54
207000125,71,35,36
207000126,90,46,44
207000134,39,345,-306
207000135,21,461,-440
207000148,41,293,-252
207000149,76,62,14
207000152,184,439,-255
207000153,1161,1417,-256
207000154,488,201,287
207000159,72,385,-313
207000160,133,1008,-875
207000238,0,120,-120
207000242,3,281,-278
207000248,26,34,-8
207000249,131,73,58
207000250,1109,78,1031
207000251,86,101,-15
207000252,50,113,-63
207000278,56,141,-85
207000279,17,384,-367
207000280,281,79,202
207000281,126,2087,-1961
207000282,138,33,105
207000283,120,476,-356
207000284,38,100,-62
207000285,170,57,113
207000291,13,172,-159
207000304,112,52,60
207000306,63,586,-523
207000310,55,64,-9
207000353,422,4,418
207000356,10,32,-22
207000357,28,7,21
207000358,110,14,96
207000415,5,271,-266
207000417,23,1,22
207000418,119,196,-77
207000438,0,4,-4
207000439,1202,529,673
207000446,132,7,125
207000460,18,8,10
207000466,237,278,-41
207000467,168,125,43
207000468,42,918,-876
207000476,6,98,-92
207000477,566,125,441
207000478,6,25,-19
207000523,1,11,-10
207000524,31,0,31
207000527,77,178,-101
207000530,324,11,313
207000531,322,16,306
207000532,96,28,68
207000534,694,75,619
207000535,62,365,-303
207000537,32,171,-139
207000540,9,265,-256
207000541,4,465,-461
207000548,13,397,-384
207000549,282,31,251
207000561,147,212,-65
207000562,34,271,-237
207000567,201,427,-226
207000568,106,154,-48
207000569,345,1853,-1508
207000584,405,253,152
207000585,71,376,-305
207000587,33,20,13
207000616,1,325,-324
207000617,110,0,110
207000624,29,15,14
207000631,1,26,-25
207900008,129,374,-245
208000001,482,933,-451
208000002,496,749,-253
208000003,1031,869,162
208000004,1079,971,108
208000005,28,9,19
208000019,469,1116,-647
208000020,151,568,-417
208000021,165,1045,-880
208000022,822,1099,-277
208000028,1489,923,566
208000033,492,1168,-676
208000034,1531,2749,-1218
208000037,654,85,569
208000040,125,154,-29
208000041,770,576,194
208000042,778,652,126
208000047,137,683,-546
208000064,3046,1961,1085
208000066,1634,1723,-89
208000070,262,554,-292
208000071,355,1148,-793
208000072,324,1809,-1485
208000080,223,490,-267
208000081,264,282,-18
208000082,285,410,-125
208000083,127,594,-467
208000084,22,13,9
208000085,942,724,218
208000086,575,1134,-559
208000087,310,1097,-787
208000089,830,1208,-378
208000090,856,1815,-959
208000093,102,203,-101
208000094,480,958,-478
208000095,585,608,-23
208000104,976,1452,-476
208000105,608,1532,-924
208000114,69,236,-167
208000115,562,491,71
208000116,343,1090,-747
208000117,78,155,-77
208000118,108,110,-2
208000155,625,1442,-817
208000158,1945,4601,-2656
208000186,3756,4071,-315
208000204,465,1682,-1217
208000205,1117,2166,-1049
208000282,5127,2790,2337
209000004,161,259,-98
209000005,29,24,5
209000006,629,89,540
209000007,406,249,157
209000010,605,164,441
209000011,224,285,-61
209000012,99,300,-201
209000013,243,771,-528
209000014,693,2408,-1715
209000025,254,45,209
209000026,624,105,519
209000027,363,1608,-1245
209000028,340,1418,-1078
209000029,832,1514,-682
209000030,558,2807,-2249
209000031,6224,3700,2524
209000034,189,229,-40
209000035,135,179,-44
209000036,167,144,23
209000037,184,329,-145
209000038,116,246,-130
209000039,60,216,-156
209000040,433,729,-296
209000041,218,541,-323
209000042,316,410,-94
209000043,931,886,45
209000044,203,833,-630
209000045,1391,590,801
209000046,542,634,-92
209000047,366,296,70
209000048,457,359,98
209000049,98,248,-150
209000050,216,373,-157
209000051,336,690,-354
209000052,177,662,-485
209000062,43,260,-217
209000063,28,217,-189
209000064,31,258,-227
209000065,64,60,4
209000066,44,51,-7
209000067,57,98,-41
209000080,57,250,-193
209000082,81,75,6
209000091,29,170,-141
209000093,74,72,2
209000094,211,290,-79
209000110,33,90,-57
209000111,349,1420,-1071
209000112,673,744,-71
209000113,1646,558,1088
209000114,346,507,-161
209000115,75,248,-173
209000116,1321,1131,190
209000118,46,48,-2
209000119,40,11,29
209000121,169,940,-771
209000135,96,151,-55
209000142,659,1339,-680
209000143,136,115,21
209000144,65,133,-68
209000229,163,306,-143
209000240,52,672,-620
209000259,100,206,-106
209000260,73,1451,-1378
209000261,5,902,-897
209000262,4,963,-959
209000263,0,248,-248
209000264,0,97,-97
209000265,329,2,327
209000266,91,2,89
209000267,657,10,647
209000268,730,38,692
210000037,77,28,49
210000047,47,61,-14
210000048,83,91,-8
210000049,45,51,-6
210000052,28,181,-153
210000053,17,131,-114
210000054,59,145,-86
210000070,160,5,155
210000071,53,0,53
210000072,19,0,19
210000073,0,50,-50
210000074,0,121,-121
210000075,0,55,-55
210000076,20,163,-143
210000077,45,38,7
210000078,47,37,10
210000079,67,18,49
210000080,241,57,184
210000081,174,19,155
210000082,69,1,68
210000083,58,1,57
210000084,22,1,21
210000085,0,105,-105
210000086,3,156,-153
210000099,45,343,-298
210000100,54,321,-267
210000101,77,317,-240
210000105,51,342,-291
210000159,7,139,-132
210000163,247,318,-71
210000164,273,125,148
210000168,261,32,229
210000187,0,41,-41
210000188,0,20,-20
210000214,42,1,41
210000219,29,65,-36
210000220,61,160,-99
210000232,8,16,-8
210000233,36,74,-38
210000234,36,169,-133
210000235,42,184,-142
210000245,0,159,-159
210000246,9,0,9
210000258,23,113,-90
210000259,291,36,255
210000282,68,274,-206
210000285,0,152,-152
210000286,9,197,-188
210000290,4,10,-6
210000295,43,251,-208
210000296,38,124,-86
210000320,154,197,-43
210000321,127,149,-22
210000338,88,143,-55
210000339,649,1302,-653
210000340,132,454,-322
210000341,136,362,-226
210000342,146,256,-110
210000343,146,271,-125
210000344,300,188,112
210000345,277,256,21
210000346,65,154,-89
210000347,203,55,148
210000348,192,24,168
210000349,153,23,130
210000350,78,71,7
210000351,117,114,3
210000352,72,133,-61
210000353,28,140,-112
210000354,60,145,-85
210000355,75,143,-68
210000356,122,96,26
210000357,77,65,12
210000358,498,133,365
210000359,183,55,128
210000360,229,158,71
210000361,149,220,-71
210000362,248,282,-34
210000363,1140,223,917
210000364,125,152,-27
210000365,116,58,58
210000366,131,69,62
210000367,88,42,46
210000368,189,39,150
210000369,24,32,-8
210000370,83,97,-14
210000372,70,59,11
210000373,149,19,130
210000374,62,14,48
210000375,27,135,-108
210000376,65,201,-136
210000404,103,213,-110
210000439,34,87,-53
210000472,130,9,121
210000482,67,94,-27
210000564,668,341,327
210000567,2,21,-19
210000568,749,2,747
211000092,27,115,-88
211000094,28,20,8
211000169,230,15,215
211000172,13,400,-387
211000209,2,27,-25
211000226,19,54,-35
211000270,36,14,22
211000275,30,28,2
211000276,72,57,15
211000279,6,89,-83
211000281,23,115,-92
211507980,1,35,-34
211977296,20,8,12
212000003,148,89,59
212000004,95,21,74
212000005,26,39,-13
212000006,19,119,-100
212000008,137,302,-165
212000009,14,215,-201
212000012,40,87,-47
212000013,24,74,-50
212000014,220,217,3
212000015,227,285,-58
212000016,487,796,-309
212000027,584,885,-301
212000028,279,667,-388
212000029,195,434,-239
212000030,27,41,-14
212000031,38,102,-64
212000048,36,131,-95
212000049,6,90,-84
212000050,17,14,3
212000051,171,340,-169
212000052,99,516,-417
212000053,317,749,-432
212000054,173,196,-23
212000055,249,426,-177
212000056,10,78,-68
212000057,6,39,-33
212000058,548,45,503
212000070,90,454,-364
212000077,81,965,-884
212000099,206,330,-124
212000108,264,264,0
212000111,159,178,-19
212000120,194,161,33
212000138,121,21,100
212000156,9,170,-161
212000158,4,10,-6
212000159,273,68,205
212000160,395,368,27
212000161,48,16,32
212000310,36,18,18
212000311,13,150,-137
212000374,19,9,10
213000001,39,1200,-1161
213000005,315,154,161
213000006,1026,255,771
213000007,93,24,69
213000009,809,430,379
213000010,230,293,-63
213000011,257,174,83
213000012,192,499,-307
213000014,66,10,56
213000015,247,6,241
213000016,407,1,406
213000017,59,0,59
213000018,5,282,-277
213000019,2,266,-264
213000020,118,511,-393
213000021,2,213,-211
213000023,317,305,12
213000033,284,1462,-1178
213000034,861,538,323
213000035,114,300,-186
213000045,179,350,-171
213000046,212,326,-114
213000047,799,972,-173
213000056,73,35,38
213000069,104,3,101
213000073,0,21,-21
213000074,174,916,-742
213000075,455,5,450
213000076,12,0,12
213000085,6,65,-59
213000086,9,393,-384
213000091,129,19,110
213000092,74,10,64
213000099,192,1318,-1126
213000100,1555,355,1200
213000101,251,212,39
213000102,275,569,-294
213000103,891,1356,-465
213000104,55,833,-778
213000105,0,106,-106
213000106,14,304,-290
213000107,168,1162,-994
213000108,15,845,-830
213000109,4,415,-411
213000110,6,80,-74
213000111,5,80,-75
213000112,167,205,-38
213000115,27,5,22
213000116,90,1382,-1292
213000117,16,1970,-1954
213000118,298,540,-242
213000119,75,1330,-1255
213000120,150,1435,-1285
213000122,528,1319,-791
213000123,1202,2230,-1028
213000124,100,2034,-1934
213000125,172,15,157
213000126,92,125,-33
213000127,195,181,14
213000128,1251,1242,9
213000129,717,534,183
213000130,321,267,54
213000132,182,108,74
213000133,278,133,145
213000134,693,15,678
213000136,408,17,391
213000137,533,83,450
213000139,402,16,386
213000147,73,4,69
213000148,17,9,8
213000149,55,11,44
213000150,0,123,-123
213000151,1,130,-129
213000152,0,85,-85
213000153,0,50,-50
213000154,42,364,-322
213000155,33,669,-636
213000156,113,1390,-1277
213000157,1515,788,727
213000158,311,1018,-707
213000159,507,1205,-698
213000163,481,105,376
213000165,640,310,330
213000171,1,244,-243
213000172,4,542,-538
213000173,0,489,-489
213000174,3,321,-318
213000175,8,182,-174
213000176,13,23,-10
213000177,38,4,34
213000178,81,6,75
213000179,156,1,155
213000180,90,0,90
213000184,95,891,-796
213000188,312,106,206
213000189,248,42,206
213000190,849,1345,-496
213000191,213,864,-651
213000192,158,999,-841
213000193,2893,283,2610
213000194,1,40,-39
213000195,24,756,-732
213000196,304,1405,-1101
213000197,333,889,-556
213000198,24,1,23
213000200,157,1614,-1457
213000201,93,76,17
213000202,14,1288,-1274
213000203,5082,701,4381
213000204,618,56,562
213000205,227,76,151
213000206,1461,65,1396
213000207,149,18,131
213000208,57,1,56
213000209,109,1,108
213000210,311,1,310
213000211,15,12,3
213000212,4,13,-9
213000213,2,37,-35
213000218,207,1397,-1190
213000219,449,17,432
213000220,414,12,402
213000223,208,230,-22
213000224,30,62,-32
213000225,81,8,73
213000226,53,18,35
213000227,697,219,478
213000228,258,89,169
213000229,452,25,427
213000230,259,39,220
213000232,110,651,-541
213000233,18,35,-17
213000234,8,61,-53
213000293,19,76,-57
213000294,127,11,116
213000295,6,106,-100
213000296,100,55,45
213000297,14,199,-185
213000298,12,195,-183
213000299,69,69,0
213000300,5,6,-1
213000303,5,52,-47
213000304,1,11,-10
213000305,0,12,-12
213000306,92,54,38
213000307,477,105,372
213000308,134,482,-348
213000309,179,86,93
213000310,233,114,119
213000311,333,1138,-805
213000315,79,301,-222
213000316,69,82,-13
213000322,134,302,-168
213000323,59,199,-140
213000324,44,71,-27
213000325,26,193,-167
213000326,35,33,2
213000327,10,99,-89
213000328,27,142,-115
213000329,55,93,-38
213000340,174,1383,-1209
213000341,265,119,146
213000346,208,247,-39
213000347,1162,371,791
213000348,8,204,-196
213000349,21,6,15
213000350,269,2377,-2108
213000366,62,709,-647
213000367,141,41,100
213000379,65,154,-89
213000386,28,362,-334
213000406,146,592,-446
213000417,1177,569,608
213000425,112,64,48
213000426,88,151,-63
213000427,43,719,-676
213000428,50,420,-370
213000429,16,5,11
213000430,120,2169,-2049
213000431,57,3,54
213000432,1,22,-21
213000433,16,211,-195
213000434,67,124,-57
213000435,81,146,-65
213000436,17,160,-143
213000437,1,37,-36
213000438,99,138,-39
213000439,23,10,13
213000440,12,362,-350
213000441,1,1,0
213000442,0,63,-63
213000443,559,715,-156
213000444,57,107,-50
213000445,0,196,-196
213000446,0,26,-26
213000447,8,49,-41
213000448,8,137,-129
213000449,199,4,195
213000450,24,54,-30
213000451,222,126,96
213000452,15,24,-9
213000453,77,628,-551
213000455,207,3,204
213000456,0,148,-148
213000481,21,6,15
213000482,36,4,32
213000489,735,104,631
213000491,1,146,-145
213000492,300,9,291
213000493,1,98,-97
213000494,191,255,-64
213000495,0,167,-167
213000496,336,371,-35
213000497,48,531,-483
213000498,91,346,-255
213000499,133,1066,-933
213000500,291,155,136
213000501,110,47,63
213000502,201,142,59
213000503,2,86,-84
213000504,9,250,-241
213000505,6,16,-10
213000506,0,18,-18
213000507,5,213,-208
213900244,40,1,39
213900245,0,34,-34
218000003,20,16,4
218000004,33,12,21
218000005,35,54,-19
218000006,66,21,45
218000007,2,4,-2
218000012,401,171,230
218000013,73,152,-79
218000014,405,433,-28
218000019,802,789,13
218000020,287,647,-360
218000021,32,131,-99
218000022,11,67,-56
218000023,0,45,-45
218000024,3,30,-27
218000025,10,34,-24
218000026,10,74,-64
218000027,2,33,-31
218000028,2,9,-7
218000029,3,1,2
218000030,14,36,-22
218000031,3,75,-72
218000032,5,46,-41
218000040,5,6,-1
218000046,36,223,-187
218000047,8,207,-199
218000048,73,276,-203
218000049,171,242,-71
218000050,361,463,-102
218000051,75,492,-417
218000052,1,198,-197
218000053,0,9,-9
218000054,13,18,-5
218000055,6,24,-18
218000056,8,31,-23
218000057,1,42,-41
218000064,0,14,-14
218000065,36,53,-17
218000066,7,50,-43
218000067,55,147,-92
218000068,91,138,-47
218000069,136,286,-150
218000070,113,331,-218
218000071,184,273,-89
218000072,297,350,-53
218000078,719,1973,-1254
218000079,30,93,-63
218000080,49,132,-83
218000081,230,371,-141
218000082,22,182,-160
218000083,49,79,-30
218000084,75,271,-196
218000085,102,652,-550
218000086,35,268,-233
218000087,141,314,-173
218000090,4,103,-99
218000091,870,630,240
218000092,58,195,-137
218000093,60,112,-52
218000094,506,1053,-547
218000099,257,600,-343
218000100,164,328,-164
218000101,200,191,9
218000102,202,456,-254
218000103,87,253,-166
218000104,61,55,6
218000105,17,13,4
218000106,8,4,4
218000107,57,102,-45
218000108,3,68,-65
218000112,69,16,53
218000117,38,37,1
218000134,590,1309,-719
218000135,28,173,-145
218000136,233,75,158
218000137,170,155,15
218000138,14,121,-107
218000139,133,502,-369
218000140,278,292,-14
218000141,66,96,-30
218000142,117,259,-142
218000143,90,239,-149
218000144,36,84,-48
218000145,284,450,-166
218000146,66,172,-106
218000151,10,32,-22
218000152,64,59,5
218000153,4,4,0
218000154,5,2,3
218000155,3,4,-1
218000156,37,36,1
218000157,16,25,-9
218000158,3,6,-3
218000159,1,5,-4
218000160,0,3,-3
218000161,21,10,11
218000162,14,7,7
218000163,3,2,1
218000164,26,8,18
218000165,34,32,2
218000170,2,16,-14
218000171,32,7,25
218000172,15,5,10
218000173,30,14,16
218000174,20,3,17
218000176,61,47,14
218000177,183,181,2
218000178,50,170,-120
218000179,72,79,-7
218000180,43,17,26
218000181,106,62,44
218000187,9,13,-4
218000188,24,56,-32
218000189,15,80,-65
218000190,16,28,-12
218000191,55,90,-35
218000192,135,661,-526
218000193,287,858,-571
218000194,65,789,-724
218000195,118,124,-6
218000196,257,353,-96
218000197,179,467,-288
218000198,4,209,-205
218000199,47,39,8
218000200,81,83,-2
218000201,28,11,17
218000202,323,238,85
218000207,5,108,-103
218000208,34,74,-40
218000211,38,10,28
218000212,2,12,-10
218000213,107,86,21
218000214,6,31,-25
218000215,54,131,-77
218000217,4,195,-191
218000218,278,127,151
218000219,84,27,57
218000220,175,463,-288
218000221,1278,192,1086
218000222,65,13,52
218000223,36,166,-130
218000224,1,121,-120
218000225,111,36,75
218000226,69,77,-8
218000230,0,2,-2
218000232,34,159,-125
218000239,55,5,50
218000240,11,2,9
218000241,16,0,16
218000242,39,1,38
218000243,19,0,19
218000244,6,2,4
218000245,30,1,29
218000246,0,1,-1
218000247,1,0,1
218000248,1,51,-50
218000249,0,4,-4
218000250,4,58,-54
218000251,0,21,-21
218000252,0,19,-19
218000253,4,20,-16
218000254,1,18,-17
218000255,3,16,-13
218000256,7,46,-39
218000267,1314,1469,-155
218000268,9,71,-62
218000269,0,13,-13
218000270,58,77,-19
218000271,21,108,-87
218000273,37,11,26
218000274,8,10,-2
218000275,10,52,-42
218000276,4,66,-62
218000278,16,32,-16
218000279,55,95,-40
218000280,4,30,-26
218000281,19,15,4
218000282,700,331,369
218000284,156,21,135
218000301,74,93,-19
218000302,61,63,-2
218000303,24,77,-53
218000316,681,1475,-794
218000317,710,1359,-649
218000318,315,1143,-828
218000319,851,2468,-1617
218000320,627,1111,-484
218000338,40,21,19
218000345,92,59,33
218000346,58,165,-107
218000459,81,508,-427
218000490,43,65,-22
218000501,59,44,15
218000502,42,105,-63
218000503,69,20,49
218000504,173,16,157
218000505,69,252,-183
218000506,32,287,-255
218000508,2,4,-2
218000510,205,6,199
218000520,123,96,27
218000521,5,131,-126
218000522,2,230,-228
218000523,167,2,165
218000524,40,185,-145
218000525,65,15,50
218000526,12,149,-137
218000529,50,615,-565
218000530,11,6,5
218000531,14,16,-2
218000532,10,59,-49
218000534,68,8,60
218000537,51,40,11
218000538,94,165,-71
218000540,277,70,207
218000543,80,53,27
218000544,40,203,-163
218000545,34,85,-51
218000546,41,235,-194
218000547,97,103,-6
218000548,111,356,-245
218000549,424,224,200
218000550,298,754,-456
218000551,211,651,-440
218000552,681,45,636
218000553,21,67,-46
218000554,20,48,-28
218000555,20,58,-38
218000556,104,630,-526
218000557,206,214,-8
218000558,71,1,70
218000559,0,14,-14
218000560,0,18,-18
218000561,41,0,41
218000562,28,209,-181
218000563,215,33,182
218000564,11,163,-152
218000565,150,27,123
218000566,260,49,211
218000567,0,57,-57
218000568,8,1,7
218000569,9,194,-185
218000570,158,7,151
218000571,0,138,-138
218000572,98,3,95
218000573,18,54,-36
218000574,100,52,48
218000575,69,3,66
218000576,1,60,-59
218000577,96,1,95
218000578,1,99,-98
218000579,34,5,29
218000581,10,106,-96
218000582,31,12,19
218000583,2,0,2
218000584,0,26,-26
218000585,16,4,12
218000586,4,64,-60
218000587,0,8,-8
218000588,0,14,-14
218000589,0,1,-1
218000590,2,0,2
218000591,0,5,-5
218000592,3,2,1
218000593,0,0,0
218000594,0,0,0
218000597,0,0,0
218000598,0,0,0
218000599,1,0,1
218000600,0,0,0
218000601,0,2,-2
218000602,0,1,-1
218000603,0,4,-4
218000604,4,1,3
218000605,0,18,-18
218000606,60,1,59
218000607,9,64,-55
218000608,66,15,51
218000609,1,55,-54
218000610,97,2,95
218000611,15,6,9
218000612,0,38,-38
218000613,38,3,35
218000614,8,61,-53
218000615,111,0,111
218000616,10,213,-203
218000617,11,2,9
218000618,0,29,-29
218000619,38,41,-3
218000620,2,36,-34
218000621,0,2,-2
218000622,0,4,-4
218000623,35,2,33
218000624,8,18,-10
218000625,12,2,10
218000626,1,13,-12
218000628,111,50,61
218000631,26,22,4
218000632,2,179,-177
218000633,54,0,54
218000634,4,18,-14
218000635,1,10,-9
218000636,848,2253,-1405
218000637,743,671,72
218000638,95,96,-1
218000639,24,343,-319
218000640,135,61,74
218000641,56,544,-488
218000652,90,193,-103
218000653,125,71,54
218000663,6,281,-275
218000675,59,71,-12
218000676,1,51,-50
218000677,1,13,-12
218000680,196,984,-788
218000681,259,196,63
218000691,81,739,-658
218000693,104,206,-102
218000703,6,132,-126
218000718,1117,762,355
218000719,1751,262,1489
218000720,9,51,-42
218000721,34,11,23
218000725,10,3,7
218001147,2,288,-286
218001214,22,34,-12
218001258,47,4,43
218001329,146,173,-27
218001330,108,122,-14
218001351,17,20,-3
218001352,8,20,-12
218001353,4,11,-7
218001354,1,20,-19
218001355,24,800,-776
218001356,221,8,213
218001357,17,443,-426
218001358,127,0,127
218001361,104,42,62
218001362,1,586,-585
219000001,23,137,-114
219000002,35,117,-82
219000003,29,36,-7
219000004,87,56,31
219000017,199,33,166
219000020,81,35,46
219000022,107,4,103
219000023,76,0,76
219000029,0,95,-95
219000034,23,14,9
219000039,52,84,-32
219000040,44,23,21
219000041,112,47,65
219000051,0,54,-54
219000052,0,11,-11
219000053,2,335,-333
219000054,14,220,-206
219000055,73,4,69
219000056,17,0,17
219000057,60,0,60
219000062,7,423,-416
219000063,74,11,63
219000064,2,81,-79
219000110,235,62,173
219000111,57,36,21
219000112,130,66,64
219000113,83,49,34
219000114,208,41,167
219000116,86,51,35
219000117,180,147,33
219000118,116,127,-11
219000123,430,133,297
219000124,69,79,-10
219000125,17,34,-17
219000126,74,133,-59
219000127,0,3,-3
219000128,19,127,-108
219000129,36,199,-163
219000130,767,1138,-371
219000131,584,1165,-581
219000133,47,43,4
219000134,3,24,-21
219000135,39,90,-51
219000136,162,179,-17
219000138,30,24,6
219000139,17,71,-54
219000140,16,2,14
219000141,11,153,-142
219000142,31,126,-95
219000143,21,130,-109
219000145,18,73,-55
219000146,8,77,-69
219000147,3,98,-95
219000148,3,85,-82
219000149,34,246,-212
219000150,2,170,-168
219000151,2,126,-124
219000157,120,141,-21
219000158,145,338,-193
219000161,106,13,93
219000163,1798,523,1275
219000166,87,214,-127
219000167,75,332,-257
219000168,286,97,189
219000174,309,151,158
219000175,34,5,29
219000176,53,5,48
219000177,20,3,17
219000178,14,3,11
219000179,6,11,-5
219000180,20,35,-15
219000182,88,15,73
219000183,35,52,-17
219000184,74,17,57
219000185,0,103,-103
219000186,40,45,-5
219000187,16,153,-137
219000189,194,202,-8
219000190,182,360,-178
219000191,1455,1430,25
219000192,155,158,-3
219000193,745,229,516
219000195,5,98,-93
219000196,1,174,-173
219000198,33,180,-147
219000199,147,272,-125
219000200,39,231,-192
219000201,96,303,-207
219000203,23,173,-150
219000204,101,276,-175
219000205,61,297,-236
219000207,161,311,-150
219000209,15,97,-82
219000210,73,130,-57
219000213,12,528,-516
219000239,184,284,-100
219000240,222,533,-311
219000241,84,410,-326
219000242,35,318,-283
219000243,126,504,-378
219000244,39,158,-119
219000245,25,43,-18
219000246,35,20,15
219000247,113,21,92
219000248,400,251,149
219000249,92,61,31
219000250,114,105,9
219000251,356,170,186
219000252,239,151,88
219000253,188,37,151
219000255,65,133,-68
219000256,114,143,-29
219000257,64,28,36
219000262,72,312,-240
219000263,30,382,-352
219000267,6,229,-223
219000268,6,8,-2
219000269,1,2,-1
219000270,8,1,7
219000271,89,7,82
219000278,0,17,-17
219000279,1,6,-5
219000283,0,5,-5
219000295,14,140,-126
219000296,90,761,-671
219000297,9,205,-196
219000298,28,284,-256
219000299,511,85,426
219000300,26,403,-377
219000301,343,398,-55
219000302,54,271,-217
219000307,34,68,-34
219000308,48,47,1
219000311,132,47,85
219000312,496,68,428
219000313,223,21,202
219000314,107,847,-740
219000315,190,60,130
219000316,375,39,336
219000317,77,34,43
219000320,2,58,-56
219000321,1,23,-22
219000323,4,132,-128
219000325,2,45,-43
219000326,38,159,-121
219000327,68,40,28
219000328,30,65,-35
219000329,328,99,229
219000330,31,32,-1
219000331,26,44,-18
219000332,72,88,-16
219000333,17,6,11
219000335,64,5,59
219000337,10,7,3
219000338,33,13,20
219000344,47,72,-25
219000345,66,173,-107
219000346,40,184,-144
219000348,143,273,-130
219000349,45,459,-414
219000350,48,104,-56
219000351,8,3,5
219000352,233,65,168
219000353,118,70,48
219000354,123,187,-64
219000355,105,46,59
219000356,1499,775,724
219000363,254,50,204
219000364,68,36,32
219000365,96,13,83
219000366,197,221,-24
219000368,431,463,-32
219000370,1301,306,995
219000371,5,31,-26
219000382,5,14,-9
219000383,866,985,-119
219000385,669,591,78
219000386,1277,1947,-670
219000387,1,13,-12
219000390,7,2,5
219000391,1,0,1
219000397,77,91,-14
219000398,102,42,60
219000401,15,147,-132
219000402,17,100,-83
219000403,132,193,-61
219000404,15,42,-27
219000407,5,57,-52
219000409,31,43,-12
219000410,42,18,24
219000411,57,16,41
219000446,296,633,-337
219000447,2,28,-26
219000448,17,8,9
219000452,105,60,45
219000453,114,148,-34
219000454,310,200,110
219000556,151,93,58
219000558,104,533,-429
219000590,32,279,-247
219000591,42,100,-58
219000592,132,447,-315
219000595,2,59,-57
219000635,84,67,17
219000636,36,121,-85
219000657,18,9,9
219000658,21,46,-25
219000673,0,19,-19
219000676,29,2,27
219000679,42,9,33
219000684,76,3,73
219000685,2,147,-145
219000686,2,3,-1
219000688,0,105,-105
219000689,40,349,-309
219000690,183,39,144
219000691,99,191,-92
219000692,174,60,114
219000693,0,31,-31
219000694,4,0,4
219000695,10,15,-5
219000698,84,2,82
219000699,0,13,-13
219000727,0,291,-291
219000728,66,0,66
219000770,25,2,23
219000771,1,58,-57
219000788,331,247,84
219001150,2,21,-19
219001151,0,9,-9
219001166,27,11,16
219001167,2,116,-114
219001178,34,7,27
220000001,32,47,-15
220000002,21,312,-291
220000003,483,390,93
220000004,732,802,-70
220000005,1599,2344,-745
220000006,207,1301,-1094
220000007,404,896,-492
220000008,481,1669,-1188
220000009,243,973,-730
220000010,199,261,-62
220000011,943,3402,-2459
220000012,214,517,-303
220000014,117,87,30
220000015,52,254,-202
220000017,61,602,-541
220000018,9145,2854,6291
220000019,71,328,-257
220000020,376,299,77
220000021,407,262,145
220000022,379,642,-263
220000023,184,193,-9
220000024,1691,355,1336
220000025,963,1055,-92
220000026,245,266,-21
220000027,8,98,-90
220000028,18,37,-19
220000029,81,299,-218
220000030,106,113,-7
220000031,282,379,-97
220000064,83,1568,-1485
221000046,1,0,1
221000047,0,4,-4
221000048,0,1,-1
221000049,0,12,-12
221000050,8,0,8
221000055,61,58,3
221000057,51,11,40
221000068,357,161,196
221000069,338,77,261
221000070,183,44,139
221000071,136,14,122
221000072,189,25,164
221000073,156,46,110
221000074,2,21,-19
221000075,21,30,-9
221000076,11,23,-12
221000077,39,92,-53
221000081,27,12,15
221000082,36,11,25
221000083,45,6,39
221000084,8,6,2
221000085,12,98,-86
221000086,11,144,-133
221000087,6,258,-252
221000088,23,272,-249
221000089,44,414,-370
221000090,154,649,-495
221000098,107,18,89
221000099,147,19,128
221000100,67,7,60
221000101,239,10,229
221000102,141,18,123
221000109,13,132,-119
221000110,5,165,-160
221000111,9,211,-202
221000112,10,197,-187
221000113,32,256,-224
221000114,10,260,-250
221000120,38,49,-11
221000121,3,26,-23
221000122,24,57,-33
221000123,13,19,-6
221000124,23,374,-351
221000155,74,15,59
221000156,32,26,6
221000175,0,6,-6
221000176,0,3,-3
221000182,21,12,9
221000241,706,241,465
221000242,270,620,-350
221000243,496,162,334
221000244,242,588,-346
221000245,45,157,-112
221000246,30,365,-335
221000247,111,130,-19
221000248,127,214,-87
221000267,45,1062,-1017
221000325,46,85,-39
221000331,10,134,-124
221000338,37,28,9
221000378,158,26,132
221000381,55,149,-94
222000282,4,0,4
222000296,2,27,-25
222000568,254,6,248
222000569,87,25,62
222000570,86,12,74
222000571,253,10,243
222000577,14,353,-339
222000578,24,298,-274
222000579,45,188,-143
222000580,189,1137,-948
222000599,0,172,-172
222000600,0,359,-359
222000601,11,1007,-996
222000603,13,12,1
222000604,2,45,-43
222000605,13,30,-17
222000606,0,4,-4
222000607,2,6,-4
222000608,10,22,-12
222000609,54,465,-411
222000616,193,64,129
222000617,4,15,-11
222000618,0,2,-2
222000620,65,12,53
222000621,60,5,55
222000623,463,10,453
222000624,251,4,247
222000625,295,58,237
222000636,27,1,26
222000686,19,9,10
222000687,12,19,-7
222001066,553,2,551
222001067,15,23,-8
222001068,17,218,-201
222001069,17,126,-109
222001082,10,68,-58
222001083,12,78,-66
222001084,1,95,-94
222001085,0,98,-98
222001111,39,287,-248
222001112,45,65,-20
222001313,15,5,10
222001314,2,98,-96
222001464,59,72,-13
222001465,15,245,-230
222001484,58,66,-8
222001485,29,118,-89
222001494,229,180,49
222001495,173,732,-559
222001496,165,99,66
222001497,73,983,-910
222001502,26,135,-109
222001503,68,51,17
222001504,15,400,-385
222001505,290,16,274
222001506,44,334,-290
222001507,208,18,190
222001510,208,22,186
222001511,40,587,-547
222001514,411,199,212
222001515,225,905,-680
222001518,111,70,41
222001519,33,477,-444
222001527,131,80,51
222001528,95,261,-166
222001529,101,44,57
222001530,51,390,-339
222001533,138,492,-354
222001534,175,65,110
222001535,160,174,-14
222001536,99,713,-614
222001537,195,26,169
222001538,65,829,-764
222001563,330,91,239
222001564,50,1106,-1056
222001568,181,80,101
222001576,1,0,1
222001579,7,5,2
222001583,13,370,-357
222001584,39,24,15
222001596,636,2171,-1535
222001597,913,227,686
222001626,2,219,-217
222001650,31,74,-43
222001651,52,228,-176
222001914,151,100,51
222001915,82,328,-246
222001968,355,243,112
222001969,407,1471,-1064
222001970,118,437,-319
222001971,35,125,-90
222001972,4,26,-22
225000001,421,172,249
225000002,302,100,202
225000003,260,67,193
225000004,203,246,-43
225000005,34,72,-38
225000006,0,156,-156
225000007,4597,1358,3239
225000010,168,10,158
225000011,653,927,-274
225000012,168,581,-413
225000013,91,214,-123
225000014,688,75,613
225000015,107,286,-179
225000021,548,268,280
225000027,339,768,-429
225000032,517,174,343
225000042,105,1086,-981
225000049,43,58,-15
225000050,35,15,20
225000053,3,414,-411
225000058,696,131,565
225000067,146,245,-99
225000068,122,794,-672
225000069,149,751,-602
225000070,83,738,-655
225000071,24,416,-392
225000075,20,1383,-1363
225000076,62,197,-135
225000078,106,47,59
225000085,30,96,-66
225000086,248,62,186
225000087,141,17,124
225000088,27,193,-166
225000089,310,1000,-690
225000090,31,545,-514
225000091,168,358,-190
225000092,19,64,-45
225000093,163,588,-425
225000094,16,680,-664
225000095,290,827,-537
225000096,317,748,-431
225000098,545,196,349
225000099,250,121,129
225000100,171,122,49
225000104,69,557,-488
225000110,11,741,-730
225000111,232,1715,-1483
225000112,519,1319,-800
225000113,164,783,-619
225000114,52,454,-402
225000115,4099,675,3424
225000116,1142,210,932
225000117,989,306,683
225000118,886,318,568
225000119,196,127,69
225000120,521,52,469
225000121,235,38,197
225000123,1065,15,1050
225000125,260,456,-196
225000126,1400,190,1210
225000127,1062,707,355
225000128,355,615,-260
225000132,290,18,272
225000133,229,32,197
225000134,508,148,360
225000135,29,13,16
225000136,201,10,191
225000137,125,75,50
225000138,334,36,298
225000143,104,211,-107
225000144,2,339,-337
225000145,32,46,-14
225000146,57,132,-75
225000147,13,414,-401
225000148,10,327,-317
225000149,67,592,-525
225000151,25,290,-265
225000155,321,591,-270
225000156,257,955,-698
225000157,197,489,-292
225000158,121,514,-393
225000171,1,234,-233
225000180,36,1,35
225000181,0,100,-100
225000182,101,6,95
225000185,20,575,-555
225000187,39,657,-618
225000191,56,4,52
225000194,0,8,-8
225000208,4,75,-71
225000209,62,17,45
225000210,1,291,-290
225000217,0,18,-18
225000218,9,2,7
225000223,0,205,-205
225000224,485,1,484
225000225,3,62,-59
225000226,194,2,192
225000227,69,130,-61
225000228,44,12,32
225000229,0,91,-91
225000230,1,0,1
225000231,0,116,-116
225000232,75,0,75
225000241,67,0,67
225000242,0,61,-61
225000249,6,2,4
225000250,37,1012,-975
225000251,346,40,306
225000254,13,1,12
225000256,5,98,-93
225000257,1,59,-58
226000042,513,639,-126
226000043,88,394,-306
226000044,159,1063,-904
226000045,61,601,-540
226000046,431,51,380
226000047,298,62,236
226000048,288,77,211
226000049,224,137,87
226000070,0,104,-104
226000071,0,126,-126
226000072,0,25,-25
226000073,0,10,-10
226000074,0,9,-9
226000084,1,80,-79
226000085,5,5,0
226000086,0,10,-10
226000087,1,16,-15
226000088,39,19,20
226000090,103,43,60
226000091,12,11,1
226000092,1,5,-4
226000093,33,1,32
226000094,32,5,27
226000095,17,1,16
226000105,8,0,8
226000106,9,2,7
226000107,1,0,1
226000108,16,0,16
226000109,46,0,46
226000124,103,68,35
226000134,349,585,-236
226000135,786,699,87
226000136,254,398,-144
226000137,7,734,-727
226000138,7,442,-435
226000139,3,17,-14
226000156,82,0,82
226000157,94,7,87
226000163,45,47,-2
226000202,16,727,-711
226000231,175,15,160
226000232,28,3,25
227000033,227,40,187
227000036,164,30,134
227000037,138,39,99
227000038,121,18,103
227000084,1,56,-55
227000085,1,30,-29
227000088,67,3,64
227000089,82,0,82
227000090,38,2,36
227000091,10,0,10
227000092,17,0,17
227000093,79,0,79
227000094,5,2,3
227000130,25,93,-68
227000131,5,306,-301
227000132,14,288,-274
227000133,12,316,-304
227000134,9,501,-492
227000152,0,1,-1
227000153,0,39,-39
227000154,0,30,-30
227000155,1,25,-24
227000156,1,21,-20
227000165,3,24,-21
227000196,183,628,-445
227000199,152,1157,-1005
227000230,52,1123,-1071
227000232,207,36,171
227000242,55,550,-495
227000243,262,58,204
227000245,11,508,-497
227000246,71,633,-562
227000247,228,55,173
227000248,285,32,253
227000249,37,216,-179
227000250,322,118,204
227000251,182,291,-109
227000252,16,432,-416
227000253,116,22,94
227000262,189,46,143
227000266,616,18,598
227000267,73,4427,-4354
227000282,10,477,-467
227000284,198,26,172
227000286,6,130,-124
227000287,6,272,-266
227000291,14,1191,-1177
227000296,321,499,-178
227000484,230,13,217
227000485,24,1405,-1381
227000655,73,82,-9
227000656,644,42,602
227000657,35,45,-10
227000661,216,13,203
227000680,210,39,171
229000265,13,36,-23
229000296,0,36,-36
229000297,1,60,-59
229000298,7,267,-260
229000320,5,6,-1
229000321,8,6,2
229000412,8,67,-59
229000414,2,69,-67
229000415,5,1,4
229000416,1,3,-2
229000417,2,15,-13
229000419,60,313,-253
229000440,320,73,247
229000442,37,1,36
229000443,1,10,-9
229000444,3,26,-23
229000445,34,9,25
229000446,59,11,48
229000491,0,31,-31
229000492,3,171,-168
229000493,4,145,-141
229000494,17,3,14
229000495,74,9,65
229000496,25,4,21
229000507,0,40,-40
229000508,0,33,-33
229000509,1,47,-46
229000510,1,26,-25
229000511,6,62,-56
229000512,0,42,-42
229000513,0,4,-4
229000514,1,6,-5
229000517,2,11,-9
229000518,7,48,-41
229000519,0,19,-19
229000520,4,43,-39
229000521,13,21,-8
229000522,3,11,-8
229000523,7,11,-4
229000524,1,1,0
229000527,4,0,4
229000528,0,2,-2
229000529,2,0,2
229000530,58,2,56
229000531,18,0,18
229000532,24,0,24
229000533,71,0,71
229000534,50,0,50
229000564,35,0,35
229000565,8,0,8
229000566,0,9,-9
229000567,0,63,-63
229000582,82,0,82
229000583,6,1,5
229000584,0,50,-50
229000585,3,80,-77
229000718,0,1,-1
229000719,0,0,0
229000720,0,16,-16
229000721,0,17,-17
229000722,0,23,-23
229000723,0,15,-15
229000724,0,0,0
229000725,0,5,-5
229000738,0,0,0
229000739,0,0,0
229000740,0,0,0
229000741,9,0,9
229000742,3,0,3
229000743,4,0,4
229000744,1,0,1
229000745,3,0,3
229000746,12,0,12
229000847,19,0,19
229000848,6,0,6
229000849,66,0,66
229000851,12,0,12
229000854,2,99,-97
229000856,3,213,-210
229000857,0,43,-43
229000858,1,144,-143
229000919,17,86,-69
229000930,5,353,-348
229000937,46,15,31
229000966,42,16,26
229000981,12,90,-78
229000985,13,59,-46
229000986,0,5,-5
229000987,0,3,-3
229000988,6,4,2
229000989,5,15,-10
229000990,1,0,1
229000991,4,3,1
229000992,4,12,-8
229000993,234,10,224
229000998,10,80,-70
229000999,78,17,61
229001034,0,6,-6
229001035,20,1,19
229001037,39,11,28
229001042,11,19,-8
229001047,2,115,-113
229001050,42,43,-1
229001168,0,11,-11
229001200,6,4,2
229001338,7,15,-8
229001394,190,0,190
229001422,55,30,25
229001423,58,188,-130
229001431,26,42,-16
229001432,47,101,-54
229001444,117,62,55
229001445,34,222,-188
229001479,10,1,9
229001503,190,56,134
229001504,91,302,-211
229001505,87,50,37
229001506,45,267,-222
229001509,25,20,5
229001545,61,7,54
229001546,11,94,-83
229001553,35,15,20
229001554,36,131,-95
229001559,3,7,-4
229001560,0,32,-32
229001630,51,9,42
229001631,13,26,-13
229001635,0,8,-8
229001636,0,2,-2
229001658,0,139,-139
229001659,53,1,52
229001660,1,4,-3
229001661,1,15,-14
229001662,51,0,51
229001663,0,26,-26
229002584,166,172,-6
229002831,238,137,101
229002841,2,25,-23
229002842,7,14,-7
229002843,55,41,14
229002844,34,80,-46
229002845,12,65,-53
229002846,14,15,-1
229002847,2,5,-3
229002848,8,9,-1
229002849,4,69,-65
229002850,3,1,2
229002851,31,131,-100
229002852,66,25,41
229002853,64,25,39
229002854,31,67,-36
229002855,22,44,-22
229002856,13,17,-4
229002857,1,47,-46
229002858,12,10,2
229002859,52,40,12
229002860,31,6,25
229002861,56,25,31
229002862,19,47,-28
229002863,23,43,-20
229002864,5,37,-32
229002865,44,10,34
229002866,10,21,-11
229002867,2,22,-20
229002868,22,11,11
229002869,22,157,-135
229002870,35,10,25
235000066,272,107,165
235000067,91,158,-67
235000072,22,73,-51
235000073,38,310,-272
235000074,21,109,-88
235000080,14,87,-73
235000081,57,150,-93
235000082,48,53,-5
235000083,100,92,8
235000084,13,64,-51
235000085,46,93,-47
235000089,8,30,-22
235000092,5,159,-154
235000093,11,8,3
235000097,14,10,4
235000098,49,12,37
235000099,22,33,-11
235000116,46,25,21
235000117,825,17,808
235000133,13,260,-247
235000134,10,117,-107
235000206,3,4,-1
235000207,0,7,-7
235000208,1,2,-1
235000209,2,2,0
235000210,1,4,-3
235000212,5,36,-31
235000213,0,8,-8
235000220,1,8,-7
235000221,12,9,3
235000238,3,36,-33
235000239,0,7,-7
235000242,220,315,-95
235000245,765,203,562
235000246,7,82,-75
235000284,2,107,-105
235000295,86,4,82
235000305,87,17,70
235000306,102,4,98
235000307,19,1,18
235000308,13,0,13
235000309,26,0,26
235000310,37,0,37
235000311,39,5,34
235000322,1,30,-29
235000323,0,87,-87
235000324,0,17,-17
235000325,0,20,-20
235000326,2,368,-366
235000351,11,75,-64
235000352,29,73,-44
235000353,0,53,-53
235000354,6,62,-56
235000355,1,107,-106
235000356,72,14,58
235000357,19,31,-12
235000358,11,9,2
235000359,9,1,8
235000360,55,8,47
235000361,60,6,54
235000381,54,278,-224
235000382,86,37,49
235000390,4,3,1
235000391,82,19,63
235000392,63,179,-116
235000393,55,83,-28
235000395,78,12,66
235000396,197,46,151
235000400,166,14,152
235000401,70,154,-84
235000405,67,325,-258
235000406,23,310,-287
235000407,42,140,-98
235000409,132,179,-47
235000410,27,290,-263
235000411,6,101,-95
235000485,0,3,-3
235000486,3,0,3
235000549,46,90,-44
235000550,52,218,-166
235000599,60,107,-47
235000600,8,24,-16
235000601,31,42,-11
235000602,62,150,-88
235000614,0,3,-3
235000648,0,17,-17
235000649,41,4,37
235000685,1,4,-3
235000815,2,43,-41
235000834,0,4,-4
235000855,9,50,-41
235000862,26,192,-166
235000891,0,4,-4
235000892,33,1,32
235000901,52,109,-57
235000907,6,12,-6
235001010,33,77,-44
235001029,502,517,-15
235001030,251,227,24
235001078,45,61,-16
235001079,53,115,-62
235001147,0,36,-36
235001166,6,104,-98
235001167,15,60,-45
235001169,16,388,-372
235001188,0,3,-3
235001189,0,2,-2
235001197,23,7,16
235001200,17,41,-24
235001207,93,7,86
235001210,14,114,-100
235001215,28,125,-97
235001239,0,47,-47
235001244,0,7,-7
235016267,1,19,-18
277101746,0,0,0
277102712,0,0,0
277103813,0,0,0
277103814,0,0,0
277103898,0,1,-1
277104249,0,6,-6
277104250,0,17,-17
277104251,0,33,-33
277104252,0,5,-5
990011530,0,394,-394
990014944,5,603,-598
990015176,8,5,3
990015618,0,140,-140
990016032,0,715,-715
990032570,16,113,-97
990070001,60,4,56
990070103,0,2,-2
990070601,0,100,-100
990070751,377,43,334
990070766,4,1143,-1139
990071180,802,230,572
990071343,8,0,8
990071387,0,7,-7
990071823,210,0,210
990072600,3,860,-857
990072964,0,643,-643
990073285,0,1,-1
990074393,3,2011,-2008
990074870,680,62,618
990075106,589,9,580
990075746,211,1,210
990076437,609,6,603
990076458,7,2069,-2062
997000007,132,28,104
997000041,0,148,-148
997000058,37,0,37
997000062,57,0,57
997000069,0,2,-2
997000070,1,207,-206
997000100,24,0,24
997000141,11,2471,-2460
997000198,840,1181,-341
998000475,6,25,-19
998000736,5,381,-376
998000965,0,16,-16
998001031,0,61,-61
998001700,0,32,-32
998001899,0,1,-1
998001900,5,1,4
998003073,751,4,747
998101900,0,0,0
998102850,0,95,-95
998501927,597,297,300
998501929,125,31,94
998501930,109,0,109
998501931,100,5,95
998501932,28,23,5
998501933,36,5,31
998501937,14,0,14
998501944,3,0,3
998501950,0,44,-44
998501970,45,2,43
998501971,0,92,-92
998501973,0,148,-148
998501974,0,266,-266
998501975,253,5,248
998501976,88,0,88
998501977,1,22,-21
998501978,24,1,23
998501979,0,11,-11
998501980,69,0,69
998501981,39,16,23
998501982,0,119,-119
998501983,0,13,-13
998502006,0,0,0
998502024,0,1,-1
998502032,0,1,-1
998502062,21,1,20
998502063,0,0,0
998502173,31,0,31
998502269,0,2,-2
998502546,2,216,-214
998502578,0,1,-1
998601159,2,388,-386
998601292,0,33,-33
999033574,3,1410,-1407
999800001,16,0,16
999800002,0,2,-2
999800003,9,0,9
999800004,0,1,-1
999800005,0,13,-13
