ID,insum,outsum,diff
100000001,451,620,-169
100000002,3003,1298,1705
100000003,3713,3084,629
100000004,961,695,266
100000005,1478,3350,-1872
100000006,399,114,285
100000007,1143,596,547
100000008,149,357,-208
100000009,363,183,180
100000010,47,53,-6
100000011,879,114,765
100000012,127,635,-508
100000013,30,147,-117
100000014,265,242,23
100000015,1091,1504,-413
100000016,901,985,-84
100000017,465,608,-143
100000018,1135,395,740
100000019,3594,1577,2017
100000020,1228,3636,-2408
100000021,3388,1678,1710
100000022,1297,1304,-7
100000023,3849,1163,2686
100000025,1497,898,599
100000028,1566,740,826
100000029,129,174,-45
100000030,203,39,164
100000031,3167,4226,-1059
100000032,1920,2381,-461
100000033,736,1608,-872
100000034,454,405,49
100000035,1100,1026,74
100000036,1607,1006,601
100000037,624,352,272
100000038,1604,853,751
100000039,470,155,315
100000040,124,86,38
100000041,873,391,482
100000042,1006,466,540
100000043,831,458,373
100000044,386,612,-226
100000045,564,1075,-511
100000046,660,704,-44
100000047,216,431,-215
100000048,287,515,-228
100000049,1420,1580,-160
100000051,421,787,-366
100000053,303,12,291
100000054,608,34,574
100000055,1750,267,1483
100000056,554,317,237
100000057,1645,561,1084
100000058,798,960,-162
100000059,33,82,-49
100000060,243,218,25
100000061,1737,420,1317
100000062,1441,400,1041
100000063,670,182,488
100000064,1263,308,955
100000065,444,650,-206
100000066,183,470,-287
100000067,465,598,-133
100000068,483,1321,-838
100000069,300,1119,-819
100000072,278,689,-411
100000073,798,869,-71
100000075,652,232,420
100000076,1708,1833,-125
100000077,447,139,308
100000078,36,43,-7
100000079,24,54,-30
100000080,22,65,-43
100000081,129,159,-30
100000102,2205,1625,580
100000103,3190,1047,2143
100000104,3000,1778,1222
100000105,2713,1031,1682
100000106,1756,1598,158
100000107,433,666,-233
100000108,881,797,84
100000109,2949,1177,1772
100000116,1399,807,592
100000117,66,99,-33
100000118,1501,944,557
100000119,585,610,-25
100000121,222,354,-132
100000122,685,678,7
100000123,2485,2990,-505
100000124,5305,4317,988
100000125,2337,894,1443
100000126,634,240,394
100000127,1168,251,917
100000128,1866,1308,558
100000129,296,299,-3
100000130,298,377,-79
100000131,1899,1842,57
100000132,895,2125,-1230
100000133,3999,1913,2086
100000135,554,841,-287
100000139,398,244,154
100000140,444,291,153
100000142,364,453,-89
100000143,1232,558,674
100000144,2867,720,2147
100000147,948,2227,-1279
100000150,59,261,-202
100000151,809,806,3
100000153,201,263,-62
100000154,106,147,-41
100000155,25,73,-48
100000156,418,425,-7
100000157,110,129,-19
100000158,288,90,198
100000159,434,354,80
100000165,1296,732,564
100000169,178,294,-116
100000174,515,332,183
100000179,118,473,-355
100000180,926,840,86
100000181,555,186,369
100000188,63,118,-55
100000189,617,299,318
100000190,1001,901,100
100000191,571,421,150
100000192,54,85,-31
100000193,315,162,153
100000330,1232,726,506
100000355,303,457,-154
100000362,4734,2824,1910
100000363,2941,3905,-964
100000364,251,266,-15
100000365,4479,5205,-726
100000366,5819,2683,3136
100000367,4401,4542,-141
100000368,3016,1474,1542
100000369,818,1277,-459
100000370,93,572,-479
100000376,102,124,-22
100000379,1620,1021,599
100000380,4024,2454,1570
100000384,4515,3566,949
100000385,3972,3211,761
100000386,7637,3727,3910
100000387,4683,4114,569
100000388,6728,4499,2229
100000389,5532,4794,738
100000390,7035,5131,1904
100000391,5048,5421,-373
100000392,3951,3131,820
100000393,2568,3535,-967
100000394,7518,6823,695
100000395,4623,3145,1478
100000396,8881,3508,5373
100000397,5182,5679,-497
100000398,9410,7232,2178
100000413,4,4,0
100900002,6,40,-34
100900003,201,106,95
100900004,22,452,-430
100900005,73,4,69
100900006,12,91,-79
100900007,207,8,199
100900008,0,347,-347
100900009,43,122,-79
100900010,59,80,-21
100900011,92,163,-71
100900012,0,150,-150
100900013,546,14,532
100900014,2,10,-8
100900015,91,45,46
100900016,4,30,-26
100900017,417,39,378
100900018,1,12,-11
100900019,31,66,-35
100900020,187,7,180
100900021,321,0,321
100900022,14,18,-4
100900023,0,21,-21
100900024,438,2,436
100900025,6,25,-19
100900026,85,114,-29
100900027,367,1689,-1322
100900028,82,130,-48
100900029,48,6,42
100900030,2,50,-48
100900031,428,51,377
100900032,171,0,171
100900033,164,141,23
100900034,285,1,284
100900035,368,1,367
100900036,11,3,8
100900037,78,116,-38
100900038,87,36,51
100900039,210,555,-345
100900040,273,547,-274
100900041,655,500,155
100900042,1005,481,524
100900043,1,16,-15
100900044,1672,333,1339
100900045,38,4,34
100900046,728,10,718
100900047,644,171,473
100900048,111,35,76
100900049,41,120,-79
100900050,0,11,-11
100900051,22,61,-39
100900052,153,25,128
100900053,295,18,277
100900054,8,59,-51
100900055,155,449,-294
100900056,69,130,-61
100900057,552,886,-334
100900058,157,33,124
100900059,83,1,82
100900060,90,8,82
100900061,310,173,137
100900062,9,34,-25
100900063,151,430,-279
100900064,503,19,484
100900065,64,73,-9
100900066,97,114,-17
100900067,3,16,-13
100900068,72,88,-16
100900069,304,4,300
100900070,188,4,184
100900071,671,191,480
100900072,2,20,-18
100900073,89,292,-203
100900074,13,6,7
100900075,1113,269,844
100900076,5,25,-20
100900077,29,72,-43
100900078,63,166,-103
100900079,7,13,-6
100900080,22,123,-101
100900081,21,82,-61
100900082,130,446,-316
100900083,7,16,-9
100900085,11,145,-134
100900086,115,378,-263
100900088,96,497,-401
100900089,3,12,-9
100900090,80,247,-167
100900091,1,14,-13
100900092,141,137,4
100900093,174,180,-6
100900094,94,318,-224
100900095,0,23,-23
100900096,14,110,-96
100900097,1,3,-2
100900098,19,18,1
100900099,37,352,-315
100900100,3,281,-278
100900101,263,46,217
100900102,16,53,-37
100900103,19,17,2
100900104,4,105,-101
100900105,12,233,-221
100900106,39,4,35
100900107,1329,579,750
100900108,9,20,-11
100900109,14,17,-3
100900110,3,25,-22
100900111,55,115,-60
100900112,3,19,-16
100900113,5,23,-18
100900114,14,11,3
100900115,7,35,-28
100900116,447,323,124
100900117,240,533,-293
100900118,13,42,-29
100900119,15,13,2
100900120,6,10,-4
100900121,166,312,-146
100900122,117,158,-41
100900123,35,109,-74
100900124,21,15,6
100900125,10,50,-40
100900126,109,107,2
100900127,5,6,-1
100900128,67,108,-41
100900129,0,124,-124
100900131,51,128,-77
100900133,30,22,8
100900134,6,7,-1
100900135,0,115,-115
100900137,240,166,74
100900138,330,374,-44
100900139,9,6,3
100900140,4,390,-386
100900141,2,299,-297
100900142,1,9,-8
100900143,611,266,345
100900144,9,2,7
100900145,37,161,-124
100900146,6,47,-41
100900147,12,230,-218
100900148,54,453,-399
100900149,31,134,-103
100900150,5,49,-44
100900151,125,305,-180
100900152,75,1,74
100900153,1,96,-95
100900154,1,28,-27
100900155,12,10,2
100900156,16,2,14
100900157,8,106,-98
100900159,5,21,-16
100900160,12,9,3
100900161,68,5,63
100900162,12,162,-150
100900163,195,197,-2
100900164,22,22,0
100900165,4,51,-47
100900166,13,6,7
100900167,19,47,-28
100900168,38,100,-62
100900169,105,633,-528
100900170,9,2,7
100900171,15,348,-333
100900172,0,11,-11
100900173,5,271,-266
100900174,118,24,94
100900176,1004,115,889
100900177,466,222,244
100900178,179,112,67
100900179,111,85,26
100900180,3,3,0
100900181,83,62,21
100900182,22,28,-6
100900184,6,132,-126
100900186,362,432,-70
100900187,9,65,-56
100900188,13,8,5
100900189,619,170,449
100900191,947,778,169
100900192,351,334,17
100900195,106,60,46
100900197,29,50,-21
100900198,11,122,-111
100900199,11,15,-4
100900200,495,319,176
100900201,38,392,-354
100900202,54,0,54
100900203,0,140,-140
100900204,107,183,-76
100900205,158,399,-241
100900206,141,70,71
100900207,215,121,94
100900210,56,365,-309
100900211,285,84,201
100900213,42,9,33
100900214,534,108,426
100900215,10,34,-24
100900217,95,81,14
101000001,2676,1485,1191
101000002,3546,3283,263
101000003,416,857,-441
101000004,5761,4499,1262
101000005,2571,3045,-474
101000006,4265,4333,-68
101000007,1753,2096,-343
101000008,3191,2086,1105
101000009,1537,1234,303
101000010,650,945,-295
101000011,1038,416,622
101000012,1221,555,666
101000013,437,735,-298
101000014,456,557,-101
101000015,813,617,196
101000016,260,272,-12
101000017,501,399,102
101000018,3742,1861,1881
101000020,2747,831,1916
101000021,773,327,446
101000022,174,60,114
101000023,1521,559,962
101000025,148,302,-154
101000026,275,22,253
101000027,1674,1615,59
101000028,811,176,635
101000029,190,1170,-980
101000030,1551,91,1460
101000031,611,345,266
101000032,7423,3388,4035
101000033,2257,2247,10
101000034,2022,1120,902
101000035,799,281,518
101000036,1902,688,1214
101000037,3242,1390,1852
101000039,2325,1671,654
101000040,3369,2517,852
101000041,7525,4845,2680
101000042,396,804,-408
101000043,6116,4421,1695
101000045,1271,664,607
101000046,3172,1246,1926
101000047,2216,2215,1
101000048,567,556,11
101000049,657,1054,-397
101000050,1630,1256,374
101000051,1692,1784,-92
101000052,1236,758,478
101000053,1079,1186,-107
101000054,1610,1003,607
101000055,1336,1148,188
101000056,58,67,-9
101000057,1999,813,1186
101000058,1263,811,452
101000059,2458,1620,838
101000060,1885,491,1394
101000061,775,1002,-227
101000062,784,565,219
101000063,541,731,-190
101000064,1351,865,486
101000065,359,344,15
101000066,911,763,148
101000067,1274,768,506
101000068,333,403,-70
101000069,353,76,277
101000070,1475,778,697
101000071,1449,791,658
101000072,722,2288,-1566
101000073,707,739,-32
101000074,4941,2573,2368
101000075,4148,3706,442
101000077,1167,867,300
101000078,834,2093,-1259
101000079,566,377,189
101000080,564,417,147
101000081,1765,1264,501
101000082,2994,2966,28
101000083,2209,1881,328
101000084,1160,811,349
101000085,1254,1043,211
101000086,965,1008,-43
101000087,811,892,-81
101000088,948,1024,-76
101000089,838,1286,-448
101000090,1633,1276,357
101000091,309,891,-582
101000092,742,960,-218
101000093,1186,681,505
101000094,724,845,-121
101000095,335,557,-222
101000096,275,468,-193
101000097,388,342,46
101000098,397,424,-27
101000099,1033,879,154
101000100,870,584,286
101000101,276,388,-112
101000102,702,398,304
101000103,899,457,442
101000104,349,513,-164
101000105,530,311,219
101000106,652,540,112
101000107,237,275,-38
101000108,699,276,423
101000109,258,46,212
101000110,29,370,-341
101000111,97,177,-80
101000113,133,419,-286
101000114,7268,3891,3377
101000115,234,199,35
101000116,156,128,28
101000117,987,317,670
101000119,54,34,20
101000120,121,28,93
101000121,78,58,20
101000122,119,81,38
101000123,76,103,-27
101000124,670,184,486
101000125,208,391,-183
101000128,316,272,44
101000130,192,241,-49
101000131,543,465,78
101000132,476,704,-228
101000135,46,26,20
101000136,515,133,382
101000137,19,315,-296
101000141,1431,1834,-403
101000147,787,488,299
101000148,766,14,752
101000149,249,328,-79
101000150,67,547,-480
101000151,137,35,102
101000152,263,282,-19
101000153,375,261,114
101000154,170,805,-635
101000155,220,132,88
101000156,20,199,-179
101000157,34,14,20
101000160,44,66,-22
101000163,194,226,-32
101000164,413,298,115
101000165,209,353,-144
101000166,236,268,-32
101000168,648,307,341
101000252,1534,860,674
101000254,324,66,258
101000258,35,5,30
101000261,120,22,98
101000262,789,1418,-629
101000263,263,659,-396
101000265,65,534,-469
101000266,255,176,79
101000269,31,5,26
101000290,962,1560,-598
101000293,15,55,-40
101000294,573,335,238
101000295,159,438,-279
101000301,819,311,508
101000304,1669,2066,-397
101000305,2484,1139,1345
101000328,96,299,-203
101900001,22,91,-69
101900002,0,15,-15
101900003,41,78,-37
101900004,3,59,-56
101900005,3269,1645,1624
101900006,579,42,537
101900007,490,169,321
101900008,49,179,-130
101900009,22,242,-220
101900010,906,657,249
101900011,183,674,-491
101900012,129,138,-9
101900013,720,143,577
101900017,3,124,-121
101900018,980,175,805
101900019,174,116,58
101900020,71,43,28
101900021,3,53,-50
101900022,90,827,-737
101900023,78,157,-79
101900026,70,48,22
101900027,18,73,-55
102000001,1908,2919,-1011
102000002,2026,834,1192
102000003,2479,5008,-2529
102000004,5191,2271,2920
102000005,1066,1611,-545
102000006,1081,1360,-279
102000007,1169,3116,-1947
102000008,3584,1321,2263
102000009,4414,5958,-1544
102000010,4468,2747,1721
102000011,2452,1846,606
102000012,2734,2385,349
102000018,2147,2054,93
102000019,1728,1308,420
102000026,143,344,-201
102000029,206,205,1
102000030,86,200,-114
102000031,77,157,-80
102000032,348,258,90
102000033,256,301,-45
102000034,335,314,21
102000035,745,530,215
102000036,13,191,-178
102000037,126,57,69
102000038,151,308,-157
102000039,211,59,152
102000040,519,251,268
102000041,207,331,-124
102000042,201,231,-30
102000043,432,165,267
102000044,275,325,-50
102000045,651,740,-89
102000046,886,497,389
102000047,539,809,-270
102000048,220,552,-332
102000049,874,608,266
102000050,926,1002,-76
102000051,356,614,-258
102000052,1127,617,510
102000053,752,873,-121
102000054,528,850,-322
102000055,844,650,194
102000056,534,834,-300
102000057,983,460,523
102000058,903,1224,-321
102000059,1239,1238,1
102000060,935,750,185
102000061,1265,1466,-201
102000062,1171,958,213
102000063,835,962,-127
102000064,486,570,-84
102000065,52,94,-42
102000066,735,810,-75
102000067,1482,2080,-598
102000068,6628,2151,4477
102000069,34,1298,-1264
102000070,1241,48,1193
102000071,5391,6377,-986
102000072,2836,3232,-396
102000073,762,881,-119
102000074,540,619,-79
102000075,115,317,-202
102000076,179,429,-250
102000077,394,924,-530
102000078,687,804,-117
102000079,195,232,-37
102000080,252,188,64
102000081,296,664,-368
102000082,774,262,512
102000083,480,222,258
102000084,229,247,-18
102000085,1271,793,478
102000086,868,823,45
102000087,730,1486,-756
102000088,273,293,-20
102000089,903,329,574
102000090,374,924,-550
102000091,1151,437,714
102000092,335,723,-388
102000093,496,491,5
102000094,879,633,246
102000095,918,1024,-106
102000096,707,769,-62
102000097,709,785,-76
102000098,589,692,-103
102000099,668,647,21
102000100,718,1110,-392
102000101,881,688,193
102000102,235,1148,-913
102000103,936,300,636
102000104,509,254,255
102000105,196,442,-246
102000106,746,510,236
102000107,869,416,453
102000108,467,185,282
102000109,365,462,-97
102000110,739,1022,-283
102000111,14,226,-212
102000112,145,103,42
102000113,14,40,-26
102000114,617,311,306
102000115,205,245,-40
102000116,336,236,100
102000117,247,328,-81
102000118,1086,903,183
102000119,1771,524,1247
102000120,121,274,-153
102000121,767,273,494
102000122,426,603,-177
102000123,950,720,230
102000124,758,830,-72
102000125,562,564,-2
102000126,481,566,-85
102000127,905,428,477
102000128,501,690,-189
102000129,1084,524,560
102000130,460,464,-4
102000131,857,378,479
102000132,295,388,-93
102000133,1286,1529,-243
102000134,602,548,54
102000135,546,647,-101
102000136,614,436,178
102000137,693,591,102
102000138,155,287,-132
102000139,38,293,-255
102000140,229,253,-24
102000141,182,362,-180
102000142,217,281,-64
102000143,138,347,-209
102000144,207,269,-62
102000145,265,323,-58
102000146,374,240,134
102000147,355,289,66
102000148,197,301,-104
102000149,87,309,-222
102000150,268,92,176
102000151,89,226,-137
102000152,173,140,33
102000153,970,402,568
102000154,264,520,-256
102000155,86,253,-167
102000156,332,119,213
102000157,130,288,-158
102000158,547,404,143
102000159,714,315,399
102000161,2507,1501,1006
102000162,198,168,30
102000163,88,387,-299
102000164,797,776,21
102000165,230,121,109
102000166,35,120,-85
102000167,193,159,34
102000168,220,111,109
102000169,104,324,-220
102000170,354,128,226
102000171,154,86,68
102000172,75,240,-165
102000173,357,167,190
102000174,54,71,-17
102000175,90,96,-6
102000176,36,25,11
102000178,235,335,-100
102000179,250,191,59
102000180,678,327,351
102000181,438,516,-78
102000182,465,468,-3
102000183,1297,1273,24
102000184,1495,627,868
102000185,2057,1107,950
102000186,971,1724,-753
102000187,581,1299,-718
102000188,745,1054,-309
102000189,1918,652,1266
102000190,528,2092,-1564
102000191,933,366,567
102000192,809,1066,-257
102000193,59,150,-91
102000194,61,95,-34
102000195,279,298,-19
102000196,222,305,-83
102000197,535,312,223
102000198,150,536,-386
102000199,724,253,471
102000200,296,729,-433
102000201,772,319,453
102000202,3,88,-85
102000203,341,147,194
102000204,299,484,-185
102000205,797,288,509
102000206,471,432,39
102000207,517,386,131
102000208,312,355,-43
102000209,48,45,3
102000210,241,321,-80
102000211,323,217,106
102000212,158,12,146
102000213,9,212,-203
102000214,145,10,135
102000215,2,298,-296
102000216,34,41,-7
102000217,6,106,-100
102000218,280,110,170
102000219,373,248,125
102000225,578,467,111
102000226,2108,1010,1098
102000227,116,0,116
102000228,0,71,-71
102000229,38,45,-7
102000230,190,333,-143
102000231,224,253,-29
102000232,26,158,-132
102000233,313,501,-188
102000234,87,912,-825
102000236,219,69,150
102000237,389,114,275
102000238,166,181,-15
102000240,462,562,-100
102000241,100,105,-5
102000243,21,54,-33
102000245,21,103,-82
102000246,7,35,-28
102000247,1024,809,215
102000248,497,854,-357
102000249,92,109,-17
102000250,58,346,-288
102000254,101,210,-109
102000266,22,243,-221
102000271,33,0,33
102000286,342,281,61
102000297,1401,776,625
102000301,0,0,0
102000303,0,0,0
102000307,0,7,-7
102900001,1042,912,130
102900002,287,30,257
102900003,60,213,-153
102900005,263,297,-34
102900006,426,118,308
102900007,265,36,229
102900008,157,58,99
102900009,587,229,358
102900010,635,690,-55
102900011,1540,269,1271
102900012,336,81,255
102900013,22,73,-51
102900015,495,333,162
102900016,42,104,-62
102900017,125,491,-366
102900018,41,107,-66
102900019,352,248,104
102900020,113,23,90
102900021,29,60,-31
102900022,665,169,496
102900023,36,29,7
102900024,50,29,21
102900025,198,101,97
102900026,262,1452,-1190
102900027,72,53,19
102900028,102,572,-470
102900029,155,134,21
102900030,251,221,30
102900031,143,133,10
102900032,54,62,-8
102900033,88,141,-53
102900034,349,91,258
102900035,79,265,-186
102900036,210,378,-168
102900037,209,366,-157
102900038,302,408,-106
102900039,41,359,-318
102900040,106,185,-79
102900041,58,116,-58
102900042,158,258,-100
102900043,127,214,-87
102900044,394,1584,-1190
102900045,105,476,-371
102900046,106,240,-134
102900047,78,445,-367
102900048,518,534,-16
102900049,136,326,-190
102900050,159,256,-97
102900051,164,159,5
102900052,53,56,-3
102900053,352,466,-114
102900054,605,802,-197
102900055,47,152,-105
102900056,112,329,-217
102900057,3,50,-47
102900058,241,58,183
102900059,30,41,-11
102900060,104,328,-224
102900061,88,388,-300
102900062,174,706,-532
102900063,889,392,497
102900064,114,228,-114
102900065,1502,503,999
102900066,234,29,205
102900068,94,72,22
102900070,154,392,-238
102900072,10,37,-27
102900073,157,5,152
102900075,31,18,13
102900076,127,73,54
102900077,47,41,6
102900078,30,61,-31
102900079,94,14,80
102900080,292,43,249
102900081,108,217,-109
102900082,17,217,-200
102900083,182,14,168
102900084,2,31,-29
102900085,272,120,152
102900086,13,37,-24
102900087,63,52,11
102900088,26,20,6
102900089,237,115,122
102900090,2,238,-236
102900091,98,2,96
102900092,206,581,-375
102900093,206,252,-46
102900094,2,62,-60
102900095,70,2,68
102900096,47,21,26
102900097,1,96,-95
102900098,20,17,3
103000001,2160,2301,-141
103000002,1775,2077,-302
103000003,3029,2481,548
103000004,742,685,57
103000005,1430,2032,-602
103000006,594,1233,-639
103000007,295,602,-307
103000008,908,569,339
103000009,890,854,36
103000010,105,95,10
103000011,1304,1149,155
103000012,1128,1275,-147
103000013,3144,1744,1400
103000014,1139,1885,-746
103000015,1274,548,726
103000016,440,1019,-579
103000017,180,262,-82
103000018,538,351,187
103000019,251,187,64
103000020,2368,1425,943
103000021,1520,1423,97
103000022,808,1061,-253
103000023,470,1206,-736
103000024,100,156,-56
103000025,74,435,-361
103000026,1043,141,902
103000027,300,362,-62
103000028,237,332,-95
103000029,168,195,-27
103000030,1324,771,553
103000031,1042,1305,-263
103000032,1912,1696,216
103000033,2167,2107,60
103000034,1407,1076,331
103000035,360,1126,-766
103000036,359,450,-91
103000037,536,458,78
103000038,440,842,-402
103000039,398,378,20
103000040,360,737,-377
103000041,1480,2071,-591
103000042,1092,499,593
103000043,503,755,-252
103000044,231,176,55
103000046,238,413,-175
103000047,485,550,-65
103000048,123,128,-5
103000049,95,116,-21
103000050,519,360,159
103000051,301,439,-138
103000052,666,303,363
103000053,165,574,-409
103000054,2390,1523,867
103000055,2086,2083,3
103000056,574,1422,-848
103000057,485,234,251
103000058,419,770,-351
103000059,350,635,-285
103000060,773,547,226
103000061,367,846,-479
103000062,824,384,440
103000063,512,729,-217
103000064,156,143,13
103000065,4,391,-387
103000066,138,12,126
103000069,302,315,-13
103000070,737,672,65
103000071,835,417,418
103000072,86,551,-465
103000073,423,115,308
103000074,505,81,424
103000075,94,499,-405
103000076,270,270,0
103000077,39,336,-297
103000078,998,476,522
103000079,710,646,64
103000080,1045,392,653
103000081,458,917,-459
103000082,419,169,250
103000083,92,266,-174
103000084,89,3,86
103000085,7,92,-85
103000086,551,360,191
103000087,125,440,-315
103000088,296,287,9
103000089,223,351,-128
103000090,1498,749,749
103000091,643,395,248
103000092,208,263,-55
103000093,285,340,-55
103000094,149,82,67
103000095,41,303,-262
103000096,482,77,405
103000097,67,632,-565
103000098,759,133,626
103000099,291,524,-233
103000100,119,604,-485
103000101,731,119,612
103000102,83,443,-360
103000103,524,164,360
103000104,44,62,-18
103000105,117,87,30
103000106,2,104,-102
103000107,235,45,190
103000108,577,452,125
103000109,283,303,-20
103000110,401,391,10
103000111,433,379,54
103000112,312,193,119
103000113,545,523,22
103000114,1119,399,720
103000115,379,397,-18
103000116,507,350,157
103000117,293,382,-89
103000118,800,625,175
103000119,982,577,405
103000120,85,124,-39
103000121,465,884,-419
103000122,481,807,-326
103000125,14,204,-190
103000126,468,5,463
103000127,0,115,-115
103000128,107,0,107
103000129,1,95,-94
103000130,45,16,29
103000131,96,74,22
103000132,108,103,5
103000133,3,67,-64
103000134,721,636,85
103000135,421,259,162
103000136,700,394,306
103000137,491,530,-39
103000138,684,604,80
103000139,4,58,-54
103000140,100,27,73
103000141,54,118,-64
103000142,119,67,52
103000143,47,136,-89
103000144,204,60,144
103000145,12,54,-42
103000150,39,41,-2
103000152,191,230,-39
103000153,183,191,-8
103000156,5,229,-224
103000157,292,1,291
103000159,142,76,66
103000162,77,37,40
103000163,12,69,-57
103000164,47,17,30
103000165,98,229,-131
103000166,209,209,0
103000167,145,104,41
103000168,60,125,-65
103000169,144,213,-69
103000170,614,295,319
103000171,30,81,-51
103000172,368,275,93
103000173,382,360,22
103000174,145,261,-116
103000175,262,240,22
103000176,590,385,205
103000177,369,337,32
103000178,198,275,-77
103000179,177,40,137
103000183,111,12,99
103000185,88,49,39
103000186,96,164,-68
103000187,402,278,124
103000188,15,57,-42
103000189,723,642,81
103000191,521,481,40
103000292,1182,1054,128
103000293,669,1585,-916
103000295,59,71,-12
103000296,159,2,157
103000297,23,20,3
103000504,39,19,20
103000505,10,15,-5
103000506,0,224,-224
103000507,185,1,184
103000508,47,37,10
103000509,158,533,-375
103900001,14,207,-193
103900002,966,155,811
103900003,1219,75,1144
103900004,96,0,96
103900005,0,116,-116
103900006,5,0,5
103900007,36,2,34
103900008,2,1,1
103900009,178,429,-251
103900010,87,253,-166
103900011,213,143,70
103900012,4,16,-12
103900013,68,72,-4
103900014,31,9,22
103900015,28,8,20
103900016,192,153,39
103900017,17,96,-79
103900018,613,149,464
103900019,42,221,-179
103900020,189,310,-121
103900021,454,70,384
103900022,976,663,313
103900023,98,2,96
103900024,74,212,-138
103900025,20,35,-15
103900026,36,0,36
103900027,686,265,421
103900028,21,220,-199
103900029,806,166,640
103900030,275,97,178
103900031,20,0,20
103900032,73,74,-1
103900033,79,14,65
103900034,38,116,-78
103900035,35,38,-3
103900036,38,26,12
103900037,46,43,3
103900038,77,155,-78
103900039,57,281,-224
103900040,10,104,-94
103900041,18,48,-30
103900042,46,227,-181
103900043,120,36,84
103900044,99,185,-86
103900045,245,120,125
103900047,52,19,33
103900048,38,25,13
103900049,150,834,-684
103900050,10,85,-75
103900051,2,17,-15
103900052,132,268,-136
103900053,158,520,-362
103900054,96,314,-218
103900055,342,151,191
103900056,37,41,-4
103900057,22,155,-133
103900058,175,593,-418
103900059,0,8,-8
103900060,38,155,-117
103900061,98,40,58
103900062,138,45,93
103900063,8,0,8
103900064,93,4,89
103900065,661,313,348
103900066,130,24,106
103900067,123,12,111
103900068,5,0,5
103900069,50,37,13
103900070,130,220,-90
103900071,13,79,-66
103900072,8,197,-189
103900073,31,20,11
103900074,70,76,-6
103900075,152,36,116
103900076,371,449,-78
103900077,40,106,-66
103900078,189,86,103
103900079,105,104,1
103900080,8,27,-19
103900081,65,17,48
103900082,5,59,-54
103900083,1092,702,390
103900084,43,62,-19
103900085,51,86,-35
103900086,423,255,168
103900088,255,407,-152
103900089,56,107,-51
103900090,38,122,-84
103900091,1139,307,832
103900092,419,260,159
103900093,73,256,-183
103900094,15,76,-61
103900095,189,177,12
103900096,8,189,-181
103900097,9,498,-489
103900098,178,77,101
103900099,56,95,-39
103900100,142,256,-114
103900101,59,927,-868
103900102,2,30,-28
103900104,3,21,-18
103900105,88,171,-83
103900106,0,23,-23
103900107,69,169,-100
103900108,37,227,-190
103900109,90,70,20
103900110,125,51,74
103900111,53,490,-437
103900112,47,65,-18
103900113,92,180,-88
103900114,252,225,27
103900115,187,115,72
103900116,3781,1898,1883
103900117,136,46,90
103900119,23,65,-42
103900120,41,101,-60
103900122,60,149,-89
103900123,1165,491,674
103900124,53,405,-352
103900125,76,67,9
103900126,329,388,-59
103900127,127,240,-113
103900128,112,99,13
103900131,31,99,-68
103900133,629,35,594
103900134,0,5,-5
103900135,10,6,4
103900137,0,34,-34
103900138,68,174,-106
103900139,230,1271,-1041
103900140,2,78,-76
103900141,266,55,211
103900142,82,67,15
103900143,46,2,44
103900144,0,16,-16
103900145,170,187,-17
103900146,245,123,122
103900147,222,99,123
103900148,116,181,-65
103900149,206,420,-214
103900150,4025,2391,1634
103900151,39,99,-60
103900152,458,348,110
103900153,5,1,4
103900154,644,1153,-509
103900155,25,176,-151
103900156,40,137,-97
103900157,24,131,-107
103900158,73,98,-25
103900159,104,52,52
103900160,58,26,32
103900161,64,177,-113
103900162,68,96,-28
103900163,6,369,-363
103900167,11,74,-63
103900168,59,61,-2
103900169,40,17,23
103900170,1,92,-91
103900171,2,63,-61
103900172,2,14,-12
103900173,5,17,-12
103900174,127,39,88
103900175,29,47,-18
103900176,16,39,-23
103900177,5,77,-72
103900178,34,58,-24
103900179,39,87,-48
103900180,4,82,-78
103900181,52,36,16
103900182,44,13,31
103900184,442,86,356
103900185,155,236,-81
103900187,32,54,-22
103900188,34,16,18
103900189,84,6,78
103900190,47,43,4
103900191,44,28,16
103900192,17,82,-65
103900193,98,125,-27
103900194,35,161,-126
103900195,7,58,-51
103900196,31,30,1
103900197,8,13,-5
103900198,15,36,-21
103900199,87,33,54
103900200,121,62,59
103900201,106,152,-46
103900202,10,39,-29
103900203,30,17,13
103900204,0,90,-90
103900207,1,91,-90
103900208,75,0,75
103900209,8,55,-47
103900210,23,25,-2
103900211,332,248,84
103900212,130,289,-159
103900213,79,279,-200
103900214,258,155,103
103900215,487,366,121
103900216,17,288,-271
103900217,285,25,260
103900218,5,287,-282
103900219,162,210,-48
103900233,53,2,51
103900235,25,19,6
103900236,16,10,6
103900242,16,9,7
103900243,15,15,0
103900244,83,195,-112
103900245,82,150,-68
103900246,36,35,1
103900247,24,75,-51
103900248,20,78,-58
103900249,25,38,-13
103900250,26,12,14
103900251,1,34,-33
103900253,9,61,-52
103900254,1,15,-14
103900255,5,11,-6
103900256,7,39,-32
103900257,136,83,53
103900258,45,4,41
103900259,66,12,54
103900261,9,5,4
103900262,13,3,10
103900263,24,26,-2
103900264,66,41,25
103900265,111,17,94
103900266,2,36,-34
103900267,4,59,-55
103900268,21,44,-23
103900269,104,35,69
103900270,43,103,-60
103900271,31,84,-53
103900272,56,54,2
103900273,20,29,-9
103900274,51,8,43
103900275,30,4,26
103900276,4,40,-36
103900277,2,36,-34
103900278,8,26,-18
103900279,1,23,-22
103900280,0,40,-40
104000001,1841,1564,277
104000002,1300,2182,-882
104000003,1790,1739,51
104000004,2217,2172,45
104000005,1175,1452,-277
104000006,2558,2372,186
104000007,3449,3413,36
104000008,182,319,-137
104000009,185,143,42
104000010,140,233,-93
104000011,443,324,119
104000012,147,332,-185
104000013,192,159,33
104000014,177,583,-406
104000015,276,155,121
104000016,505,348,157
104000018,634,156,478
104000019,474,138,336
104000020,137,591,-454
104000021,244,615,-371
104000022,127,274,-147
104000023,493,252,241
104000024,231,276,-45
104000026,37,331,-294
104000027,212,295,-83
104000028,300,214,86
104000029,271,502,-231
104000030,223,225,-2
104000031,946,397,549
104000032,202,213,-11
104000033,567,431,136
104000034,262,227,35
104000035,707,313,394
104000036,669,452,217
104000037,217,191,26
104000038,356,243,113
104000039,194,237,-43
104000040,270,380,-110
104000041,416,274,142
104000042,186,319,-133
104000043,197,329,-132
104000044,220,442,-222
104000045,825,883,-58
104000046,1056,1478,-422
104000047,655,1038,-383
104000048,842,1407,-565
104000049,338,251,87
104000050,118,455,-337
104000051,77,440,-363
104000052,1049,1201,-152
104000053,571,423,148
104000054,474,363,111
104000055,3154,2026,1128
104000056,1052,154,898
104000057,134,370,-236
104000058,540,534,6
104000059,382,827,-445
104000060,840,928,-88
104000061,1065,949,116
104000062,254,112,142
104000064,344,208,136
104000065,260,573,-313
104000069,980,845,135
104000070,59,373,-314
104000071,82,310,-228
104000072,395,122,273
104000075,43,204,-161
104000076,319,62,257
104000082,1783,2637,-854
104000083,729,130,599
104000084,99,484,-385
104000085,212,158,54
104000086,135,366,-231
104000087,316,1172,-856
104000090,537,967,-430
104000092,881,1784,-903
104000094,585,1200,-615
104000095,1443,1028,415
104000096,1081,151,930
104000097,1130,649,481
104000098,1655,857,798
104000100,1149,499,650
104000101,941,1285,-344
104000106,33,476,-443
104000107,493,522,-29
104000108,212,337,-125
104000109,217,59,158
104000110,664,824,-160
104000111,2778,1581,1197
104000112,1726,470,1256
104000116,0,824,-824
104000117,92,347,-255
104000118,475,159,316
104000119,340,190,150
104000120,136,442,-306
104000121,114,598,-484
104000122,466,678,-212
104000123,774,1013,-239
104000124,833,1960,-1127
104000125,2099,2963,-864
104000126,300,293,7
104000127,1380,2975,-1595
104000128,499,386,113
104000129,264,27,237
104000130,14,301,-287
104000131,698,459,239
104000132,484,489,-5
104000133,1048,678,370
104000134,705,1286,-581
104000135,396,1454,-1058
104000136,698,3118,-2420
104000137,1398,312,1086
104000138,713,206,507
104000139,4953,2459,2494
104000141,863,1158,-295
104000142,532,648,-116
104000143,496,521,-25
104000144,73,151,-78
104000145,320,250,70
104000146,272,475,-203
104000147,129,249,-120
104000148,219,124,95
104000149,113,251,-138
104000150,638,347,291
104000151,279,398,-119
104000152,392,389,3
104000153,485,414,71
104000154,850,512,338
104000155,375,416,-41
104000157,785,1129,-344
104000158,303,418,-115
104000159,578,399,179
104000160,1521,1594,-73
104000161,136,182,-46
104000162,71,118,-47
104000165,885,859,26
104000167,502,693,-191
104000168,345,6,339
104000169,74,35,39
104000170,446,491,-45
104000248,243,521,-278
104000251,63,188,-125
104000272,0,0,0
104000273,0,0,0
104000274,0,0,0
104000275,0,0,0
104000279,571,343,228
104000290,68,264,-196
104000291,589,918,-329
104000293,544,588,-44
104000294,26,0,26
104000295,491,554,-63
104000296,266,651,-385
104000297,721,1409,-688
104000298,1639,689,950
104000299,536,1121,-585
104900001,176,349,-173
104900002,25,145,-120
104900003,44,249,-205
104900004,82,251,-169
104900005,185,135,50
104900006,247,55,192
104900007,182,130,52
104900009,105,240,-135
104900010,44,49,-5
104900011,24,6,18
104900012,192,22,170
104900013,136,27,109
104900014,2179,270,1909
104900015,102,2,100
104900016,172,135,37
104900017,130,120,10
104900018,6,151,-145
104900019,297,1916,-1619
104900020,43,197,-154
104900021,4,131,-127
104900022,4,100,-96
104900023,1,72,-71
104900024,22,74,-52
104900025,56,163,-107
104900026,1,77,-76
104900027,340,230,110
104900028,23,81,-58
104900029,61,98,-37
104900030,433,163,270
104900031,107,176,-69
104900032,22,92,-70
104900033,89,222,-133
104900034,302,95,207
104900035,251,108,143
104900036,156,61,95
104900037,70,148,-78
104900038,306,411,-105
104900039,612,293,319
104900040,410,92,318
104900041,197,156,41
104900042,69,145,-76
104900043,15,109,-94
104900044,456,170,286
104900045,298,57,241
104900046,87,74,13
104900047,230,125,105
104900048,211,54,157
104900049,27,23,4
104900050,140,52,88
104900051,226,39,187
104900052,35,3,32
104900053,395,80,315
104900054,112,25,87
104900055,66,0,66
104900056,112,50,62
104900057,25,0,25
104900058,376,127,249
104900059,293,87,206
104900060,0,262,-262
104900061,197,398,-201
104900063,0,66,-66
104900064,0,62,-62
104900065,0,134,-134
104900066,0,109,-109
104900067,5,259,-254
104900068,16,171,-155
104900070,166,203,-37
104900071,1,285,-284
104900072,29,221,-192
104900073,22,113,-91
104900074,35,155,-120
104900075,32,19,13
104900076,52,252,-200
104900077,548,170,378
104900078,173,398,-225
104900079,64,393,-329
104900080,65,409,-344
104900082,13,314,-301
104900085,3,157,-154
104900087,216,8,208
104900089,119,0,119
104900090,511,511,0
104900091,437,432,5
104900093,205,408,-203
104900097,1688,1385,303
104900098,52,29,23
104900099,65,402,-337
104900100,321,176,145
104900102,19,113,-94
104900103,308,38,270
104900104,2185,1444,741
104900106,64,68,-4
104900107,90,173,-83
104900108,11,148,-137
104900109,103,112,-9
104900110,5,51,-46
104900111,70,65,5
104900112,196,507,-311
104900113,519,278,241
104900114,295,327,-32
104900115,448,299,149
104900116,169,167,2
104900118,10,28,-18
104900119,10,35,-25
104900120,50,175,-125
104900121,2,67,-65
104900122,4,64,-60
104900123,18,2,16
104900124,16,0,16
104900125,379,4,375
104900126,48,48,0
104900127,24,63,-39
104900128,120,147,-27
104900129,1191,1224,-33
105000001,2080,1271,809
105000002,1992,1374,618
105000003,2834,2886,-52
105000004,387,751,-364
105000005,569,762,-193
105000006,1105,1281,-176
105000007,946,996,-50
105000008,1408,2195,-787
105000009,1578,2287,-709
105000010,2568,1858,710
105000011,2354,1944,410
105000012,3009,2571,438
105000013,708,795,-87
105000014,1195,1711,-516
105000015,6847,9209,-2362
105000016,2480,1683,797
105000017,1593,722,871
105000018,995,1147,-152
105000019,1016,737,279
105000020,146,339,-193
105000021,213,87,126
105000022,232,71,161
105000023,404,339,65
105000028,91,136,-45
105000029,490,894,-404
105000030,3554,2308,1246
105000033,810,1558,-748
105000034,81,527,-446
105000037,469,192,277
105000038,1285,1209,76
105000039,1779,1304,475
105000040,658,733,-75
105000041,279,836,-557
105000042,2140,1191,949
105000043,1367,1544,-177
105000044,466,360,106
105000045,298,644,-346
105000046,686,277,409
105000047,389,1072,-683
105000048,407,147,260
105000049,182,380,-198
105000050,485,275,210
105000051,115,384,-269
105000052,442,557,-115
105000053,112,140,-28
105000054,261,550,-289
105000055,418,205,213
105000056,863,1371,-508
105000057,832,594,238
105000058,996,919,77
105000059,567,471,96
105000060,316,517,-201
105000061,422,439,-17
105000062,595,678,-83
105000063,246,386,-140
105000064,982,595,387
105000065,246,499,-253
105000066,866,1195,-329
105000067,1153,609,544
105000068,473,696,-223
105000069,1493,1081,412
105000070,548,727,-179
105000071,222,580,-358
105000072,781,1454,-673
105000073,684,445,239
105000074,964,666,298
105000075,410,729,-319
105000076,994,846,148
105000077,2110,891,1219
105000078,1095,1102,-7
105000079,1324,2831,-1507
105000080,1427,962,465
105000081,3340,1213,2127
105000082,1016,1470,-454
105000083,3973,2700,1273
105000084,522,778,-256
105000085,1179,1432,-253
105000086,390,726,-336
105000087,1078,1451,-373
105000088,1208,1302,-94
105000089,2141,1523,618
105000090,856,669,187
105000091,1021,1276,-255
105000092,522,732,-210
105000093,212,194,18
105000094,201,145,56
105000095,112,337,-225
105000096,917,708,209
105000097,938,630,308
105000098,653,597,56
105000099,816,510,306
105000100,841,771,70
105000101,1441,1422,19
105000102,1033,1089,-56
105000103,966,1519,-553
105000104,1454,751,703
105000105,706,1445,-739
105000106,1039,1245,-206
105000107,1007,794,213
105000108,1014,1252,-238
105000109,1170,1294,-124
105000110,572,537,35
105000111,494,673,-179
105000112,1044,565,479
105000113,301,570,-269
105000114,2228,932,1296
105000115,277,948,-671
105000116,533,334,199
105000117,677,767,-90
105000118,289,224,65
105000119,503,626,-123
105000120,737,406,331
105000121,549,834,-285
105000122,272,474,-202
105000123,916,908,8
105000124,1246,588,658
105000125,648,1473,-825
105000126,1379,1318,61
105000127,1787,1506,281
105000128,454,753,-299
105000129,550,249,301
105000130,305,2051,-1746
105000131,558,347,211
105000132,605,428,177
105000133,388,670,-282
105000134,476,397,79
105000135,321,436,-115
105000136,93,213,-120
105000137,310,179,131
105000138,180,288,-108
105000139,890,791,99
105000140,296,415,-119
105000141,240,406,-166
105000142,153,402,-249
105000143,200,438,-238
105000144,217,675,-458
105000145,486,348,138
105000146,390,692,-302
105000147,487,283,204
105000148,965,489,476
105000149,1481,1447,34
105000150,1646,1124,522
105000151,403,251,152
105000152,155,428,-273
105000153,383,437,-54
105000154,521,405,116
105000155,248,604,-356
105000156,557,425,132
105000157,561,1028,-467
105000158,1410,536,874
105000159,197,751,-554
105000160,1307,431,876
105000161,434,700,-266
105000162,419,1085,-666
105000163,806,630,176
105000164,168,223,-55
105000165,650,3338,-2688
105000166,3251,522,2729
105000167,1491,930,561
105000168,283,463,-180
105000169,359,248,111
105000170,137,909,-772
105000171,779,148,631
105000172,110,16,94
105000173,104,19,85
105000174,62,20,42
105000175,43,118,-75
105000176,275,57,218
105000177,308,119,189
105000178,112,283,-171
105000179,340,106,234
105000180,89,104,-15
105000181,67,178,-111
105000182,33,33,0
105000183,1418,1157,261
105000184,1078,652,426
105000185,981,639,342
105000186,345,519,-174
105000187,627,123,504
105000188,233,77,156
105000189,165,280,-115
105000190,205,215,-10
105000191,288,225,63
105000192,175,40,135
105000193,97,105,-8
105000194,297,89,208
105000195,269,610,-341
105000196,55,186,-131
105000197,234,498,-264
105000198,477,227,250
105000199,247,464,-217
105000200,100,228,-128
105000201,92,29,63
105000203,3,186,-183
105000204,74,51,23
105000205,122,188,-66
105000207,341,174,167
105000208,162,371,-209
105000209,157,259,-102
105000212,922,902,20
105000213,133,137,-4
105000214,92,145,-53
105000215,188,143,45
105000216,89,197,-108
105000217,99,217,-118
105000218,802,777,25
105000221,131,143,-12
105000222,165,53,112
105000223,175,121,54
105000226,90,146,-56
105000227,45,83,-38
105000228,217,1205,-988
105000229,84,398,-314
105000231,309,247,62
105000233,538,464,74
105000234,375,935,-560
105000235,295,395,-100
105000237,450,63,387
105000243,17,30,-13
105000248,43,78,-35
105000262,253,950,-697
105000269,62,158,-96
105000270,422,52,370
105000271,0,168,-168
105000282,66,56,10
105000287,294,57,237
105000288,382,300,82
105000289,2707,1619,1088
105000290,13,6,7
105000402,2654,2581,73
105000426,522,433,89
105000438,3842,1553,2289
105000446,8249,4332,3917
105000447,5202,2288,2914
105000454,295,557,-262
105000455,285,196,89
105000474,27,0,27
105000477,218,401,-183
105000478,1368,2836,-1468
105000479,83,93,-10
105000480,8211,5199,3012
105000481,3739,2446,1293
105000482,4623,7107,-2484
105000483,1296,1349,-53
105000484,1769,2725,-956
105000485,1197,2249,-1052
105000486,3122,2169,953
105000488,9031,4865,4166
105000489,690,612,78
105000549,57,94,-37
105000550,479,1111,-632
105000551,24,77,-53
105000552,2304,1523,781
105000555,945,723,222
105000556,7,11,-4
105000557,6,39,-33
105900001,5,731,-726
105900002,768,422,346
105900003,12,107,-95
105900004,169,97,72
105900005,3,129,-126
105900006,9,54,-45
105900007,58,12,46
105900008,82,473,-391
105900009,7,4,3
105900011,138,29,109
105900012,324,58,266
105900013,1,25,-24
105900014,9,51,-42
105900015,88,258,-170
105900016,263,335,-72
105900017,741,21,720
105900018,152,140,12
105900019,43,236,-193
105900020,44,51,-7
105900021,25,113,-88
105900022,170,147,23
105900023,3,50,-47
105900024,3,65,-62
105900025,88,27,61
105900026,186,14,172
105900027,3810,4330,-520
105900028,189,121,68
105900029,1018,249,769
105900030,143,194,-51
105900031,208,141,67
105900032,45,115,-70
105900033,105,69,36
105900034,103,91,12
105900035,117,87,30
105900036,69,86,-17
105900037,80,47,33
105900038,133,161,-28
105900039,93,84,9
105900040,61,66,-5
105900041,133,154,-21
105900042,32,95,-63
105900043,855,59,796
105900044,6,176,-170
105900045,4,451,-447
105900046,1,179,-178
105900047,4,31,-27
105900048,79,307,-228
105900050,3597,1720,1877
105900051,43,565,-522
105900052,322,134,188
105900053,1712,1385,327
105900054,236,108,128
105900056,429,244,185
105900057,17,73,-56
105900058,11,20,-9
105900059,0,27,-27
106000001,3349,1838,1511
106000002,1833,4050,-2217
106000003,2034,2907,-873
106000004,1538,2300,-762
106000005,2446,4201,-1755
106000006,4617,3403,1214
106000007,366,465,-99
106000008,354,295,59
106000009,431,332,99
106000010,469,482,-13
106000011,815,825,-10
106000012,695,1081,-386
106000013,1262,1616,-354
106000014,1367,1368,-1
106000015,1393,893,500
106000016,1016,1805,-789
106000017,425,547,-122
106000018,463,440,23
106000019,293,337,-44
106000020,220,364,-144
106000021,277,361,-84
106000022,277,221,56
106000023,433,221,212
106000024,501,518,-17
106000025,98,189,-91
106000026,89,226,-137
106000027,969,939,30
106000028,505,479,26
106000029,703,1144,-441
106000030,442,324,118
106000034,143,468,-325
106000035,817,1394,-577
106000036,138,327,-189
106000037,1507,1073,434
106000038,324,115,209
106000039,140,77,63
106000040,107,703,-596
106000041,560,362,198
106000043,517,203,314
106000046,293,53,240
106000047,36,322,-286
106000049,816,127,689
106000050,255,591,-336
106000051,546,343,203
106000052,80,451,-371
106000053,243,94,149
106000054,257,330,-73
106000055,806,788,18
106000056,228,296,-68
106000057,235,205,30
106000058,113,150,-37
106000059,192,191,1
106000060,324,439,-115
106000061,187,405,-218
106000062,130,370,-240
106000063,491,434,57
106000064,28,312,-284
106000065,220,252,-32
106000066,88,284,-196
106000067,235,90,145
106000068,56,475,-419
106000069,152,60,92
106000070,402,623,-221
106000071,820,255,565
106000072,1957,1338,619
106000073,1357,2254,-897
106000074,436,537,-101
106000075,282,1156,-874
106000076,1573,1719,-146
106000077,2867,1316,1551
106000078,700,846,-146
106000079,534,708,-174
106000080,862,561,301
106000081,474,932,-458
106000082,1975,754,1221
106000083,353,1164,-811
106000084,907,654,253
106000085,1097,1292,-195
106000086,580,706,-126
106000087,702,549,153
106000088,367,700,-333
106000089,803,333,470
106000090,245,520,-275
106000091,239,445,-206
106000092,484,205,279
106000093,228,85,143
106000094,56,225,-169
106000095,563,615,-52
106000096,667,542,125
106000097,754,718,36
106000098,558,721,-163
106000099,160,546,-386
106000100,769,221,548
106000101,528,232,296
106000102,116,421,-305
106000103,238,406,-168
106000104,538,352,186
106000105,372,523,-151
106000106,444,388,56
106000107,147,318,-171
106000108,306,237,69
106000109,164,254,-90
106000110,202,242,-40
106000111,182,338,-156
106000112,214,402,-188
106000113,546,410,136
106000114,354,417,-63
106000115,172,384,-212
106000116,281,187,94
106000117,740,552,188
106000118,820,906,-86
106000119,1129,762,367
106000120,598,780,-182
106000121,131,115,16
106000122,89,165,-76
106000123,307,123,184
106000124,88,162,-74
106000125,46,207,-161
106000126,186,98,88
106000127,619,574,45
106000128,567,187,380
106000129,331,390,-59
106000130,546,247,299
106000131,108,630,-522
106000132,398,140,258
106000133,1423,928,495
106000134,540,1029,-489
106000135,244,537,-293
106000136,441,714,-273
106000137,67,627,-560
106000138,699,79,620
106000139,36,103,-67
106000140,17,79,-62
106000141,72,71,1
106000142,72,45,27
106000143,37,77,-40
106000144,30,40,-10
106000145,195,189,6
106000146,256,108,148
106000147,337,366,-29
106000148,472,654,-182
106000149,447,280,167
106000150,382,1369,-987
106000151,2608,672,1936
106000152,982,1206,-224
106000153,72,1199,-1127
106000154,975,180,795
106000155,104,192,-88
106000156,596,259,337
106000157,489,1204,-715
106000158,1578,669,909
106000159,2080,1190,890
106000160,304,1849,-1545
106000161,1093,273,820
106000162,143,579,-436
106000163,216,277,-61
106000164,253,236,17
106000165,149,399,-250
106000166,497,219,278
106000167,253,718,-465
106000168,336,185,151
106000169,136,479,-343
106000170,520,175,345
106000171,161,907,-746
106000172,2032,1090,942
106000173,747,1828,-1081
106000174,721,411,310
106000175,262,619,-357
106000176,1008,508,500
106000177,502,1576,-1074
106000178,2337,1146,1191
106000179,887,1590,-703
106000180,654,894,-240
106000181,534,1131,-597
106000182,906,436,470
106000183,951,422,529
106000184,1313,433,880
106000185,745,785,-40
106000186,630,108,522
106000187,192,758,-566
106000188,1,0,1
106000189,10,31,-21
106000190,21,1,20
106000191,464,161,303
106000192,2,18,-16
106000193,324,149,175
106000194,109,251,-142
106000195,178,70,108
106000196,87,263,-176
106000197,371,139,232
106000198,93,167,-74
106000199,405,486,-81
106000200,132,140,-8
106000201,320,1676,-1356
106000202,2530,378,2152
106000203,41,122,-81
106000204,68,9,59
106000205,10,82,-72
106000206,100,23,77
106000207,48,508,-460
106000208,1036,133,903
106000209,941,220,721
106000210,221,721,-500
106000211,285,910,-625
106000212,658,331,327
106000213,602,1429,-827
106000214,2052,606,1446
106000215,169,351,-182
106000216,251,303,-52
106000217,230,369,-139
106000218,424,311,113
106000219,92,278,-186
106000220,311,217,94
106000221,138,209,-71
106000222,62,84,-22
106000223,165,86,79
106000224,182,190,-8
106000225,63,86,-23
106000226,81,194,-113
106000228,72,95,-23
106000229,62,528,-466
106000231,588,63,525
106000232,55,273,-218
106000233,508,58,450
106000234,54,118,-64
106000235,214,43,171
106000236,48,45,3
106000237,1,8,-7
106000238,19,5,14
106000239,1,67,-66
106000240,13,2,11
106000241,14,527,-513
106000242,252,23,229
106000249,52,61,-9
106000250,62,376,-314
106000251,41,12,29
106000252,6,45,-39
106000253,22,62,-40
106000254,31,29,2
106000255,23,125,-102
106000256,34,33,1
106000257,114,129,-15
106000258,122,12,110
106000259,4,38,-34
106000260,11,3,8
106000261,11,32,-21
106000262,56,2,54
106000263,15,37,-22
106000264,109,5,104
106000265,13,82,-69
106000266,80,18,62
106000267,10,53,-43
106000268,430,56,374
106000269,38,45,-7
106000270,120,395,-275
106000271,74,193,-119
106000272,133,36,97
106000273,8,213,-205
106000274,109,30,79
106000275,93,175,-82
106000276,135,28,107
106000277,85,160,-75
106000278,146,26,120
106000279,11,19,-8
106000280,58,67,-9
106000281,63,42,21
106000282,40,53,-13
106000283,100,69,31
106000284,46,75,-29
106000285,65,64,1
106000286,66,105,-39
106000287,83,59,24
106000288,66,137,-71
106000289,56,50,6
106000290,34,63,-29
106000291,53,57,-4
106000292,67,82,-15
106000293,111,54,57
106000294,85,87,-2
106000295,46,30,16
106000296,26,74,-48
106000297,46,168,-122
106000298,118,46,72
106000299,48,81,-33
106000300,40,86,-46
106000301,51,89,-38
106000303,19,68,-49
106000304,26,14,12
106000305,29,20,9
106000306,26,27,-1
106000307,51,20,31
106000308,19,77,-58
106000309,10,39,-29
106000310,249,396,-147
106000311,269,122,147
106000312,88,138,-50
106000313,183,159,24
106000318,78,261,-183
106000319,777,186,591
106000320,4,40,-36
106000321,243,60,183
106000322,144,111,33
106000324,8,108,-100
106000325,1231,707,524
106000326,762,1460,-698
106000327,131,105,26
106000328,6,89,-83
106000329,27,164,-137
106000330,19,67,-48
106000428,92,194,-102
106000429,150,391,-241
106000430,308,1011,-703
106000431,1492,397,1095
106000432,1755,2465,-710
106000433,1891,1137,754
106000434,2347,1094,1253
106000435,1284,2067,-783
106000436,13,137,-124
106000437,252,26,226
106000438,370,124,246
106000439,72,271,-199
106000440,193,335,-142
106000441,0,0,0
106000442,93,8,85
106000443,153,255,-102
106000450,2,141,-139
106000451,26,31,-5
106000454,1,74,-73
106000455,21,151,-130
106000456,86,29,57
106000457,12,642,-630
106000458,553,82,471
106000459,140,278,-138
106000460,983,21,962
106000461,109,819,-710
106000462,0,22,-22
106000463,1,16,-15
106000464,0,296,-296
106000465,442,0,442
106000466,4,389,-385
106000467,295,371,-76
106000468,51,105,-54
106000469,134,4,130
106000470,283,1303,-1020
106000471,24,422,-398
106000472,161,12,149
106000473,24,16,8
106000474,257,489,-232
106000475,168,171,-3
106000476,163,173,-10
106000477,26,124,-98
106000480,1,235,-234
106900001,0,10,-10
106900002,0,351,-351
106900003,184,536,-352
106900004,2,19,-17
106900006,0,6,-6
106900007,0,5,-5
106900008,264,153,111
106900009,221,228,-7
106900010,180,197,-17
106900012,1131,1313,-182
106900013,363,116,247
106900014,18,1,17
106900015,9,2,7
106900016,204,2,202
106900017,5,2,3
106900018,0,1,-1
106900019,20,0,20
106900020,1629,1045,584
106900021,183,84,99
106900022,548,3,545
106900023,65,244,-179
106900024,357,36,321
106900025,45,438,-393
106900026,4,408,-404
106900027,573,3,570
107000001,3027,2475,552
107000002,2905,4247,-1342
107000003,4043,4876,-833
107000004,3980,4164,-184
107000005,3145,3989,-844
107000006,3582,3776,-194
107000007,4163,7760,-3597
107000008,9042,7367,1675
107000009,5227,5792,-565
107000010,8456,8614,-158
107000011,920,1110,-190
107000012,3677,2820,857
107000013,33,85,-52
107000014,41,263,-222
107000015,493,686,-193
107000016,521,702,-181
107000017,1860,850,1010
107000018,12,439,-427
107000020,987,684,303
107000021,1005,424,581
107000022,593,925,-332
107000023,1295,228,1067
107000024,461,1105,-644
107000025,147,300,-153
107000026,177,389,-212
107000027,1074,783,291
107000028,1045,1285,-240
107000029,2462,2121,341
107000030,2208,2341,-133
107000031,3243,2034,1209
107000032,502,864,-362
107000033,2163,2994,-831
107000034,2340,1267,1073
107000035,227,186,41
107000036,347,896,-549
107000037,87,699,-612
107000038,211,241,-30
107000039,674,602,72
107000040,141,254,-113
107000041,1155,557,598
107000042,692,1674,-982
107000043,1804,1000,804
107000044,493,277,216
107000045,64,232,-168
107000046,483,295,188
107000047,306,715,-409
107000048,525,230,295
107000049,581,725,-144
107000050,1014,486,528
107000051,332,404,-72
107000052,899,800,99
107000053,301,144,157
107000054,52,273,-221
107000055,335,117,218
107000056,395,639,-244
107000057,1031,198,833
107000058,1584,1699,-115
107000059,1568,2708,-1140
107000060,3191,4080,-889
107000061,4103,2782,1321
107000062,3136,2546,590
107000063,3640,4161,-521
107000064,3122,1634,1488
107000065,3165,4007,-842
107000066,1418,1782,-364
107000067,900,846,54
107000068,1116,573,543
107000069,666,391,275
107000070,1364,36,1328
107000071,2557,39,2518
107000072,44,2302,-2258
107000073,620,285,335
107000074,129,779,-650
107000075,1339,455,884
107000076,589,1281,-692
107000077,2998,1342,1656
107000078,2756,3055,-299
107000079,2052,927,1125
107000080,1047,2874,-1827
107000081,1197,559,638
107000082,485,1388,-903
107000083,1052,332,720
107000084,318,1348,-1030
107000085,2481,2891,-410
107000086,3058,2994,64
107000087,2258,1721,537
107000088,2849,2977,-128
107000089,1158,1436,-278
107000090,869,1040,-171
107000091,1226,701,525
107000092,561,932,-371
107000093,1071,630,441
107000094,757,1099,-342
107000095,589,566,23
107000096,497,669,-172
107000097,483,299,184
107000098,469,530,-61
107000099,297,280,17
107000100,230,250,-20
107000101,87,156,-69
107000102,157,265,-108
107000103,246,156,90
107000104,171,211,-40
107000105,333,116,217
107000106,122,249,-127
107000107,476,136,340
107000108,99,491,-392
107000109,632,121,511
107000110,66,482,-416
107000111,253,42,211
107000112,33,273,-240
107000113,532,129,403
107000114,79,451,-372
107000115,447,114,333
107000116,88,613,-525
107000117,108,482,-374
107000118,130,171,-41
107000119,960,1258,-298
107000120,1073,388,685
107000121,764,654,110
107000122,997,747,250
107000123,346,494,-148
107000124,445,692,-247
107000125,670,439,231
107000126,848,583,265
107000129,227,512,-285
107000130,464,227,237
107000131,318,475,-157
107000132,406,290,116
107000133,850,77,773
107000134,255,5,250
107000135,2,255,-253
107000136,602,6,596
107000137,11,328,-317
107000138,267,28,239
107000139,17,392,-375
107000140,977,87,890
107000141,100,542,-442
107000142,382,65,317
107000143,76,648,-572
107000144,388,346,42
107000145,151,372,-221
107000146,149,237,-88
107000147,3564,978,2586
107000150,554,1947,-1393
107000151,28,106,-78
107000152,317,885,-568
107000153,191,324,-133
107000154,259,207,52
107000155,575,20,555
107000156,861,18,843
107000157,29,1092,-1063
107000158,488,22,466
107000159,32,771,-739
107000160,741,99,642
107000161,57,1074,-1017
107000162,208,327,-119
107000163,338,6,332
107000164,475,2,473
107000165,783,16,767
107000166,49,969,-920
107000167,462,248,214
107000168,920,377,543
107000169,613,760,-147
107000170,1522,625,897
107000171,455,1333,-878
107000172,761,1063,-302
107000173,499,623,-124
107000174,737,3578,-2841
107000175,4768,1376,3392
107000176,1,2,-1
107000177,5,1,4
107000178,21,39,-18
107000179,239,1937,-1698
107000180,1077,266,811
107000181,383,909,-526
107000182,1394,702,692
107000183,128,716,-588
107000184,843,566,277
107000185,359,1101,-742
107000186,909,337,572
107000187,1021,1008,13
107000188,414,470,-56
107000189,298,817,-519
107000190,435,552,-117
107000191,642,1019,-377
107000192,1250,519,731
107000193,294,361,-67
107000194,820,532,288
107000197,640,249,391
107000198,262,596,-334
107000199,577,535,42
107000200,495,540,-45
107000201,314,213,101
107000202,232,413,-181
107000203,1058,637,421
107000204,1233,706,527
107000205,1741,768,973
107000206,739,983,-244
107000207,511,726,-215
107000208,779,389,390
107000209,1624,1051,573
107000210,713,316,397
107000211,4,34,-30
107000212,9,249,-240
107000213,4,17,-13
107000214,7,89,-82
107000215,288,231,57
107000216,301,256,45
107000217,118,98,20
107000219,70,127,-57
107000220,129,163,-34
107000222,224,602,-378
107000224,314,65,249
107000225,105,323,-218
107000226,264,66,198
107000227,44,164,-120
107000228,54,209,-155
107000229,113,73,40
107000230,889,400,489
107000231,1278,1248,30
107000232,122,51,71
107000233,1110,691,419
107000234,3,52,-49
107000235,46,3,43
107000236,6,279,-273
107000237,24,3,21
107000238,23,1,22
107000239,2107,390,1717
107000240,114,630,-516
107000243,0,43,-43
107000244,3,39,-36
107000246,3,932,-929
107000249,4,899,-895
107000251,1,304,-303
107000252,2,835,-833
107000255,298,82,216
107000257,1,341,-340
107000258,0,133,-133
107000259,4,143,-139
107000260,498,5,493
107000262,14,418,-404
107000263,160,3,157
107000266,11,9,2
107000267,100,104,-4
107000268,107,117,-10
107000269,557,41,516
107000270,4,7,-3
107000271,5,542,-537
107000272,9,140,-131
107000273,1,158,-157
107000274,885,166,719
107000275,35,592,-557
107000280,590,28,562
107000281,43,648,-605
107000282,18,685,-667
107000290,12,24,-12
107000291,22,3,19
107000292,1,44,-43
107000293,37,1,36
107000294,0,28,-28
107000295,31,0,31
107000296,0,31,-31
107000444,217,10,207
107000496,3,18,-15
107000497,1362,1871,-509
107000500,212,212,0
107000501,59,113,-54
107000502,163,255,-92
107000505,320,719,-399
107000506,0,20,-20
107000508,5,461,-456
107000509,190,714,-524
107000510,26,9,17
107000514,40,341,-301
107000515,6,131,-125
107000516,225,182,43
107000518,846,913,-67
107000519,1222,698,524
107000520,58,15,43
107000521,432,272,160
107000522,695,421,274
107900001,53,161,-108
107900002,19,6,13
107900003,452,35,417
107900004,18,0,18
107900005,788,6,782
107900006,99,1,98
107900007,210,28,182
107900008,55,12,43
107900009,70,3,67
107900010,39,0,39
107900012,216,40,176
107900013,153,32,121
107900014,16,12,4
107900015,691,12,679
107900016,306,59,247
107900017,25,1,24
107900018,28,110,-82
107900019,10,34,-24
107900020,36,9,27
107900021,65,86,-21
107900023,2,2,0
107900024,1,19,-18
107900025,136,174,-38
107900026,42,37,5
107900027,24,16,8
107900028,66,59,7
107900030,164,25,139
107900031,44,108,-64
107900032,15,2,13
107900033,16,8,8
107900034,291,13,278
107900035,533,34,499
107900036,65,9,56
107900037,0,36,-36
107900038,147,171,-24
107900039,11,24,-13
107900040,61,79,-18
107900041,0,1,-1
107900043,19,62,-43
107900044,8,4,4
107900045,69,52,17
107900046,112,137,-25
107900047,49,58,-9
107900048,132,5,127
107900049,279,746,-467
107900050,109,178,-69
107900051,59,36,23
107900052,17,26,-9
107900053,37,67,-30
107900055,469,149,320
107900056,76,42,34
107900057,0,0,0
107900058,29,389,-360
107900060,38,19,19
107900061,15,9,6
107900063,62,87,-25
107900064,182,84,98
107900065,106,7,99
107900066,20,2,18
107900067,0,0,0
107900068,152,316,-164
107900069,34,1270,-1236
107900070,89,19,70
107900071,15,447,-432
107900072,54,129,-75
107900073,111,59,52
107900074,756,267,489
107900076,96,56,40
107900077,59,0,59
107900079,4,9,-5
107900080,295,395,-100
107900081,42,113,-71
107900082,20,13,7
107900083,242,169,73
107900084,79,119,-40
107900086,33,109,-76
107900087,571,151,420
107900088,10,7,3
107900089,176,691,-515
107900090,322,1256,-934
107900091,194,282,-88
107900092,0,0,0
107900093,54,57,-3
107900095,2935,1621,1314
107900097,15,46,-31
107900098,48,133,-85
107900100,656,878,-222
107900101,768,162,606
107900102,31,11,20
107900103,19,113,-94
107900104,172,2,170
107900105,1,254,-253
107900106,2,884,-882
107900107,665,341,324
107900108,205,100,105
107900109,856,7,849
107900110,16,62,-46
107900111,5,601,-596
107900112,100,232,-132
107900113,145,52,93
107900114,121,113,8
107900115,2,25,-23
107900116,127,114,13
107900117,386,235,151
107900118,85,102,-17
107900119,66,177,-111
107900120,21,29,-8
107900121,1,61,-60
107900122,3,65,-62
107900123,3,34,-31
107900124,7,25,-18
107900125,30,165,-135
107900126,5,39,-34
107900127,361,213,148
107900128,92,68,24
107900129,29,21,8
107900130,47,21,26
107900131,481,215,266
107900132,103,208,-105
107900133,1,71,-70
107900134,32,81,-49
107900135,10,147,-137
107900136,21,20,1
107900137,87,54,33
107900138,30,32,-2
107900139,25,22,3
107900141,23,28,-5
107900142,45,405,-360
107900143,35,22,13
107900144,3,143,-140
107900145,9,65,-56
107900146,12,88,-76
107900147,31,35,-4
107900148,98,68,30
107900149,470,161,309
107900150,46,413,-367
107900151,23,102,-79
107900152,2,137,-135
107900153,82,216,-134
107900154,37,18,19
107900155,38,28,10
107900156,3,311,-308
107900157,25,52,-27
107900158,558,21,537
107900159,31,625,-594
107900160,72,175,-103
107900161,10,106,-96
107900162,3,55,-52
107900163,19,31,-12
107900164,7,38,-31
107900165,5,46,-41
107900166,23,136,-113
107900167,15,42,-27
107900168,9,24,-15
107900169,0,142,-142
107900171,5,754,-749
107900172,2,248,-246
107900173,15,100,-85
107900174,95,10,85
107900175,15,42,-27
107900176,11,31,-20
107900177,0,77,-77
107900178,0,117,-117
107900179,11,91,-80
107900180,380,312,68
107900181,272,206,66
107900182,5,741,-736
107900183,25,204,-179
107900184,71,157,-86
107900185,86,3,83
107900186,18,51,-33
107900187,0,120,-120
107900188,480,134,346
107900189,17,100,-83
107900190,59,79,-20
107900191,45,84,-39
107900193,0,18,-18
107900194,142,5,137
107900195,1744,290,1454
107900196,47,79,-32
107900197,613,260,353
107900199,2,725,-723
107900201,64,71,-7
107900203,33,58,-25
107900204,194,153,41
107900206,796,208,588
107900207,0,536,-536
107900208,5,371,-366
107900209,398,91,307
107900210,89,98,-9
107900213,420,372,48
107900214,4,95,-91
107900215,101,235,-134
107900216,182,94,88
107900217,28,69,-41
107900218,16,1030,-1014
107900219,29,47,-18
107900220,203,187,16
107900221,111,150,-39
107900223,72,389,-317
107900224,87,267,-180
107900225,6,493,-487
107900226,89,65,24
107900227,89,271,-182
107900228,10,70,-60
107900229,1,179,-178
107900230,5,66,-61
107900231,8,141,-133
107900232,46,77,-31
107900233,11,68,-57
107900234,46,79,-33
107900235,22,53,-31
107900236,67,47,20
107900237,55,306,-251
107900238,28,71,-43
107900239,721,347,374
107900240,30,73,-43
107900241,14,48,-34
107900242,25,181,-156
107900243,2,57,-55
107900244,194,2,192
107900245,507,38,469
107900246,161,16,145
107900248,78,283,-205
107900249,380,11,369
107900250,3,292,-289
107900251,82,998,-916
107900252,685,18,667
107900253,90,3,87
107900254,81,217,-136
107900255,217,49,168
107900256,728,504,224
107900257,99,72,27
107900258,59,156,-97
107900259,62,1383,-1321
107900261,0,208,-208
107900262,44,80,-36
107900264,178,9,169
107900265,80,106,-26
107900267,154,14,140
107900268,22,5,17
107900269,0,2,-2
107900270,0,0,0
107900271,2,36,-34
107900272,101,18,83
107900273,41,125,-84
107900274,63,0,63
107900275,22,1,21
107900276,0,76,-76
107900277,1,187,-186
107900278,194,275,-81
107900279,85,164,-79
107900280,1233,1487,-254
107900281,848,1606,-758
107900282,32,328,-296
107900283,673,358,315
107900284,487,518,-31
107900285,67,58,9
107900286,117,59,58
107900287,89,114,-25
107900290,0,69,-69
107900291,323,14,309
107900292,110,168,-58
107900293,53,337,-284
107900295,21,57,-36
107900297,3,241,-238
107900298,707,568,139
107900299,2100,1567,533
107900300,21,84,-63
107900301,319,530,-211
107900302,51,53,-2
107900303,171,273,-102
107900304,210,335,-125
107900305,189,9,180
107900306,9,29,-20
107900307,47,185,-138
107900308,183,86,97
107900309,74,1,73
107900310,236,6,230
107900311,3,143,-140
107900312,35,0,35
107900313,0,76,-76
107900314,0,36,-36
107900315,2,33,-31
107900316,22,3,19
107900317,65,9,56
107900318,3,105,-102
107900319,3,125,-122
107900320,0,113,-113
107900321,123,4,119
107900322,0,98,-98
107900323,4,126,-122
107900324,120,1,119
107900325,61,0,61
107900326,253,181,72
107900327,1,72,-71
107900328,127,1,126
107900329,79,58,21
107900330,5,267,-262
107900331,116,25,91
107900332,183,19,164
107900333,29,8,21
107900334,4,120,-116
107900335,55,33,22
107900336,25,57,-32
107900337,690,473,217
107900338,2,119,-117
107900339,1,25,-24
107900340,0,45,-45
107900341,45,0,45
107900342,76,77,-1
107900343,36,2,34
107900344,3,32,-29
107900345,78,19,59
107900346,22,1,21
107900347,18,3,15
107900348,1,1,0
107900349,14,7,7
107900350,16,192,-176
107900351,6,154,-148
107900352,0,33,-33
107900353,3,7,-4
107900354,70,20,50
108000001,2582,3186,-604
108000002,1935,2373,-438
108000003,2972,2899,73
108000004,10379,13678,-3299
108000005,6623,5661,962
108000006,7346,7168,178
108000007,4044,3696,348
108000008,3942,6082,-2140
108000009,2771,3742,-971
108000010,2562,4000,-1438
108000011,9394,9568,-174
108000012,14216,13856,360
108000014,1143,633,510
108000015,642,260,382
108000016,262,590,-328
108000017,950,369,581
108000018,1487,607,880
108000019,1751,646,1105
108000020,1314,471,843
108000021,276,1457,-1181
108000022,403,1109,-706
108000023,1035,202,833
108000024,329,465,-136
108000025,264,229,35
108000026,646,354,292
108000027,553,515,38
108000028,520,200,320
108000029,380,554,-174
108000030,503,200,303
108000031,225,499,-274
108000032,1307,543,764
108000033,629,1007,-378
108000034,1206,408,798
108000035,496,1901,-1405
108000036,273,797,-524
108000037,1304,325,979
108000038,1891,517,1374
108000039,457,1551,-1094
108000040,1466,815,651
108000041,498,1906,-1408
108000042,214,180,34
108000043,177,213,-36
108000044,404,210,194
108000045,237,471,-234
108000046,1079,321,758
108000047,313,727,-414
108000048,138,325,-187
108000049,687,212,475
108000050,78,406,-328
108000051,258,115,143
108000052,153,580,-427
108000053,319,186,133
108000054,470,821,-351
108000055,831,494,337
108000056,1035,1086,-51
108000057,469,945,-476
108000058,1625,2947,-1322
108000059,2905,1623,1282
108000060,145,413,-268
108000061,166,296,-130
108000062,510,473,37
108000063,331,389,-58
108000064,129,182,-53
108000065,455,460,-5
108000066,1259,627,632
108000067,1398,477,921
108000068,540,415,125
108000069,175,817,-642
108000070,1301,653,648
108000071,469,1230,-761
108000072,1361,1080,281
108000073,1155,1685,-530
108000074,408,388,20
108000075,303,807,-504
108000076,596,513,83
108000077,526,577,-51
108000078,1685,1209,476
108000079,815,1522,-707
108000080,894,413,481
108000081,507,1367,-860
108000082,803,1525,-722
108000083,1462,803,659
108000084,397,899,-502
108000085,530,394,136
108000086,685,536,149
108000087,115,1585,-1470
108000088,408,95,313
108000089,327,285,42
108000090,150,62,88
108000091,259,355,-96
108000092,81,95,-14
108000093,128,370,-242
108000094,406,106,300
108000095,141,294,-153
108000096,171,144,27
108000097,104,287,-183
108000098,1167,945,222
108000099,781,231,550
108000100,87,250,-163
108000101,735,1154,-419
108000102,1399,2400,-1001
108000106,925,0,925
108000107,0,560,-560
108000108,814,49,765
108000109,9,535,-526
108000110,197,266,-69
108000111,163,486,-323
108000112,63,128,-65
108000113,441,183,258
108000115,271,189,82
108000117,548,304,244
108000118,312,896,-584
108000119,574,272,302
108000120,132,613,-481
108000121,180,347,-167
108000122,349,295,54
108000123,499,167,332
108000124,251,404,-153
108000125,314,222,92
108000126,155,337,-182
108000127,473,248,225
108000128,497,440,57
108000129,289,953,-664
108000130,296,161,135
108000131,860,479,381
108000132,1931,1325,606
108000133,669,466,203
108000134,461,486,-25
108000135,756,367,389
108000136,298,790,-492
108000137,335,241,94
108000138,310,738,-428
108000139,472,254,218
108000140,122,21,101
108000141,39,55,-16
108000142,52,56,-4
108000143,49,182,-133
108000144,198,29,169
108000145,25,10,15
108000146,287,24,263
108000147,18,8,10
108000148,202,25,177
108000149,15,7,8
108000150,16,13,3
108000151,267,77,190
108000152,114,400,-286
108000153,346,94,252
108000154,44,12,32
108000155,31,12,19
108000156,494,178,316
108000157,76,667,-591
108000158,83,640,-557
108000159,430,203,227
108000160,2356,925,1431
108000161,1923,1942,-19
108000165,3,129,-126
108000172,3,287,-284
108000173,1419,1501,-82
108000175,452,115,337
108000178,306,248,58
108000179,145,607,-462
108000181,59,27,32
108000182,166,44,122
108000183,118,379,-261
108000184,802,1505,-703
108000185,147,321,-174
108000186,239,220,19
108000187,104,431,-327
108000188,412,141,271
108000189,928,3378,-2450
108000190,29,95,-66
108000192,185,535,-350
108000193,640,25,615
108000194,26,12,14
108000195,2,790,-788
108000196,101,149,-48
108000198,458,247,211
108000199,0,191,-191
108000200,279,300,-21
108000203,103,452,-349
108000204,85,51,34
108000205,229,348,-119
108000339,983,319,664
108000364,181,382,-201
108000365,79,290,-211
108000367,110,243,-133
108000368,10,37,-27
108000369,660,158,502
108000371,3,462,-459
108000372,645,10,635
108000373,207,165,42
108000376,67,28,39
108000377,353,252,101
108000378,7886,8604,-718
108000379,17,149,-132
108000381,56,17,39
108000382,163,1,162
108000383,0,115,-115
108900001,57,863,-806
108900002,136,42,94
108900003,297,530,-233
108900004,1581,346,1235
108900005,27,116,-89
108900006,343,72,271
108900007,165,166,-1
108900008,81,162,-81
108900009,58,129,-71
108900010,169,144,25
108900011,421,396,25
108900012,237,335,-98
108900013,114,197,-83
108900014,12,96,-84
108900015,0,42,-42
108900016,1,228,-227
108900017,205,303,-98
108900018,85,247,-162
108900019,28,521,-493
108900020,46,146,-100
108900021,85,155,-70
108900022,96,1,95
108900023,19,24,-5
108900024,49,79,-30
108900025,65,99,-34
108900026,11,68,-57
108900027,0,73,-73
108900028,100,244,-144
108900029,60,192,-132
108900030,0,75,-75
108900031,99,297,-198
108900032,10,181,-171
108900033,0,85,-85
108900034,0,175,-175
108900035,231,1151,-920
108900036,68,88,-20
108900037,32,130,-98
108900038,1,252,-251
108900039,0,320,-320
108900040,6,82,-76
108900041,3917,2490,1427
108900042,4,274,-270
108900043,39,304,-265
108900044,0,368,-368
108900045,60,491,-431
108900046,58,558,-500
108900047,3,100,-97
108900048,83,682,-599
108900049,2603,868,1735
108900050,0,205,-205
108900051,1,152,-151
108900052,20,167,-147
108900053,62,125,-63
108900054,66,130,-64
108900055,38,262,-224
108900056,1,114,-113
108900057,1,130,-129
108900058,21,255,-234
108900059,312,25,287
108900060,77,109,-32
108900061,112,24,88
108900062,12,177,-165
108900063,1,206,-205
108900064,121,48,73
108900065,13,156,-143
108900066,322,100,222
108900067,14,148,-134
108900068,3,92,-89
108900069,38,63,-25
108900070,35,87,-52
108900071,67,64,3
108900072,1355,448,907
108900073,44,230,-186
108900074,158,319,-161
108900075,63,32,31
108900076,243,64,179
108900077,112,324,-212
108900078,38,145,-107
108900079,906,173,733
108900080,27,639,-612
108900081,58,147,-89
108900082,67,101,-34
108900083,26,219,-193
108900084,147,46,101
108900085,1572,116,1456
108900086,78,209,-131
108900087,100,145,-45
108900088,945,349,596
108900089,11,138,-127
108900090,29,220,-191
108900091,99,66,33
108900092,361,292,69
108900093,61,73,-12
108900094,144,47,97
108900095,45,214,-169
108900096,257,11,246
108900097,166,172,-6
108900098,1649,513,1136
108900099,278,191,87
108900100,84,87,-3
108900101,153,118,35
108900102,83,675,-592
108900103,64,99,-35
108900104,53,129,-76
108900105,3,912,-909
108900106,364,291,73
108900108,353,46,307
108900109,266,43,223
108900110,150,310,-160
108900111,392,445,-53
108900112,66,13,53
108900113,23,39,-16
108900114,48,4,44
108900115,53,91,-38
108900116,43,17,26
108900117,107,17,90
108900118,441,13,428
108900119,229,18,211
108900120,182,107,75
108900121,257,87,170
108900122,83,16,67
108900123,108,122,-14
108900124,324,131,193
108900125,312,0,312
108900126,59,15,44
108900127,128,29,99
108900128,80,36,44
108900129,592,120,472
108900130,281,1,280
108900131,276,6,270
108900132,364,96,268
108900133,125,79,46
108900134,273,167,106
108900135,115,12,103
108900136,37,0,37
108900137,91,0,91
108900138,606,38,568
108900139,133,16,117
108900140,231,192,39
108900141,236,6,230
108900142,89,13,76
108900143,47,0,47
108900144,65,0,65
108900145,159,12,147
108900146,64,0,64
108900147,209,2,207
108900148,56,24,32
108900149,183,99,84
108900150,229,1,228
108900151,350,6,344
108900152,218,24,194
108900153,174,327,-153
108900154,3371,476,2895
108900155,106,33,73
108900156,58,0,58
108900157,22,360,-338
108900158,286,27,259
108900159,7,248,-241
108900160,8,246,-238
108900161,3,311,-308
108900162,55,0,55
108900163,12,182,-170
108900164,43,62,-19
108900165,64,30,34
108900167,520,1929,-1409
108900168,6043,2118,3925
108900169,41,64,-23
108900171,3722,2146,1576
108900172,145,35,110
108900173,175,281,-106
108900174,678,521,157
108900176,81,338,-257
108900177,3896,3426,470
108900178,2902,2364,538
108900179,164,588,-424
108900180,90,164,-74
108900182,14,99,-85
108900183,123,157,-34
108900184,284,144,140
108900185,82,242,-160
108900186,34,270,-236
108900187,133,10,123
108900188,210,14,196
108900189,286,108,178
108900190,46,2119,-2073
108900191,76,14,62
108900192,87,191,-104
108900193,95,27,68
108900194,17,205,-188
108900195,98,231,-133
108900196,35,198,-163
108900198,8,131,-123
108900199,207,321,-114
108900200,643,292,351
108900201,424,1162,-738
108900203,338,98,240
108900204,302,27,275
108900205,132,32,100
108900206,252,54,198
108900207,117,63,54
108900208,18,208,-190
108900209,214,419,-205
108900210,130,109,21
108900211,150,441,-291
108900212,629,1089,-460
108900215,86,344,-258
108900216,424,121,303
108900217,119,1,118
108900218,96,69,27
108900219,24,4,20
108900220,12,3,9
108900221,32,107,-75
108900222,71,12,59
108900223,2,29,-27
108900224,42,147,-105
108900225,3,123,-120
108900227,87,199,-112
108900230,180,181,-1
108900231,19,58,-39
108900232,3,174,-171
108900233,221,78,143
108900234,273,137,136
108900235,103,380,-277
108900236,16,199,-183
108900237,32,72,-40
108900240,124,73,51
108900241,40,34,6
108900245,5,986,-981
108900249,69,12,57
108900250,165,102,63
108900257,68,164,-96
108900258,10,168,-158
108900259,23,45,-22
108900260,13,86,-73
108900261,72,88,-16
108900262,136,123,13
108900263,42,94,-52
108900264,560,248,312
108900265,601,282,319
108900266,670,457,213
108900267,2,75,-73
108900268,17,5,12
108900269,68,12,56
108900270,45,6,39
108900271,18,5,13
108900272,205,10,195
108900273,878,643,235
108900274,43,58,-15
109000001,2655,1158,1497
109000002,1580,1352,228
109000003,2183,371,1812
109000004,444,1783,-1339
109000005,2244,578,1666
109000006,669,1699,-1030
109000007,1209,609,600
109000008,417,1506,-1089
109000009,3002,1149,1853
109000010,1339,3101,-1762
109000011,2569,1876,693
109000012,1498,2750,-1252
109000013,2594,2299,295
109000014,1465,2538,-1073
109000015,3074,5574,-2500
109000016,5146,3243,1903
109000017,1845,1096,749
109000018,816,2358,-1542
109000019,2132,1270,862
109000020,900,1766,-866
109000023,233,36,197
109000024,9,134,-125
109000025,306,349,-43
109000026,542,314,228
109000027,71,258,-187
109000028,138,63,75
109000029,68,140,-72
109000030,76,356,-280
109000031,153,157,-4
109000032,137,324,-187
109000033,281,171,110
109000034,86,29,57
109000035,13,60,-47
109000036,72,297,-225
109000037,202,784,-582
109000038,485,338,147
109000039,645,543,102
109000040,2920,5507,-2587
109000041,2436,1403,1033
109000042,495,1051,-556
109000044,274,65,209
109000045,105,274,-169
109000046,313,70,243
109000047,88,320,-232
109000048,684,182,502
109000049,241,422,-181
109000050,276,211,65
109000051,255,190,65
109000052,437,646,-209
109000053,179,43,136
109000054,69,317,-248
109000055,124,173,-49
109000056,341,199,142
109000057,360,332,28
109000058,1017,206,811
109000059,812,1090,-278
109000060,293,317,-24
109000061,801,720,81
109000062,76,280,-204
109000063,180,108,72
109000064,140,125,15
109000065,81,129,-48
109000066,336,62,274
109000067,28,219,-191
109000068,3302,21,3281
109000069,790,38,752
109000070,4,1113,-1109
109000071,336,80,256
109000072,85,282,-197
109000073,45,68,-23
109000074,27,155,-128
109000075,79,297,-218
109000076,78,187,-109
109000077,242,268,-26
109000078,76,175,-99
109000079,114,138,-24
109000080,175,69,106
109000081,98,396,-298
109000082,466,155,311
109000083,231,473,-242
109000088,91,408,-317
109000089,236,37,199
109000090,119,287,-168
109000091,212,139,73
109000092,254,357,-103
109000093,177,196,-19
109000094,382,4,378
109000095,106,271,-165
109000096,415,275,140
109000097,72,128,-56
109000098,39,123,-84
109000099,984,265,719
109000100,244,553,-309
109000101,1168,541,627
109000102,288,602,-314
109000103,306,516,-210
109000104,1207,560,647
109000105,395,859,-464
109000106,1508,698,810
109000107,530,1515,-985
109000108,1336,503,833
109000109,396,1572,-1176
109000110,850,505,345
109000111,693,1602,-909
109000112,301,131,170
109000113,287,154,133
109000114,139,309,-170
109000115,1034,73,961
109000116,22,239,-217
109000117,220,53,167
109000118,11,240,-229
109000119,891,199,692
109000120,120,535,-415
109000121,356,43,313
109000122,106,542,-436
109000123,48,41,7
109000124,489,316,173
109000125,613,315,298
109000126,341,567,-226
109000127,606,165,441
109000128,349,1116,-767
109000129,1543,671,872
109000130,491,1550,-1059
109000131,658,456,202
109000132,550,1422,-872
109000133,389,780,-391
109000134,672,1160,-488
109000135,955,1208,-253
109000136,281,234,47
109000137,263,285,-22
109000138,399,233,166
109000139,337,307,30
109000140,115,258,-143
109000141,333,354,-21
109000142,105,369,-264
109000143,77,71,6
109000145,112,348,-236
109000146,84,119,-35
109000148,2478,995,1483
109000149,15,62,-47
109000150,126,208,-82
109000155,620,490,130
109000156,817,477,340
109000158,64,220,-156
109000159,70,304,-234
109000160,639,172,467
109000161,238,741,-503
109000162,1294,639,655
109000163,769,1426,-657
109000164,1017,2136,-1119
109000165,931,470,461
109000166,518,93,425
109000167,112,402,-290
109000170,29,41,-12
109000171,44,29,15
109000172,19,56,-37
109000173,24,50,-26
109000174,65,40,25
109000175,52,83,-31
109000176,222,183,39
109000177,35,93,-58
109000178,499,246,253
109000179,3425,3458,-33
109000180,3680,2434,1246
109000181,14,26,-12
109000182,23,25,-2
109000183,38,20,18
109000184,51,18,33
109000185,10,38,-28
109000188,312,1392,-1080
109000189,1518,708,810
109000190,443,328,115
109000191,263,364,-101
109000192,227,174,53
109000193,146,241,-95
109000194,237,71,166
109000195,122,253,-131
109000196,262,118,144
109000197,167,295,-128
109000198,297,65,232
109000199,109,339,-230
109000206,180,25,155
109000207,112,31,81
109000208,50,68,-18
109000209,119,135,-16
109000210,162,357,-195
109000211,346,324,22
109000214,311,307,4
109000215,173,70,103
109000216,185,216,-31
109000217,111,91,20
109000218,225,151,74
109000221,506,850,-344
109000222,738,314,424
109000223,250,224,26
109000224,52,120,-68
109000225,64,30,34
109000226,53,130,-77
109000227,726,724,2
109000228,2,918,-916
109000231,0,233,-233
109000232,311,213,98
109000236,212,577,-365
109000241,1797,1723,74
109000242,1702,1248,454
109000293,16,65,-49
109000361,108,241,-133
109000364,180,373,-193
109000396,2,385,-383
109000397,361,9,352
109000399,106,344,-238
109000400,70,165,-95
109000403,92,601,-509
109000406,378,1,377
109000407,222,206,16
109000408,1,329,-328
109000410,784,249,535
109000411,139,36,103
109900001,84,0,84
109900002,679,7,672
109900003,167,2,165
109900004,910,88,822
109900005,27,6,21
109900006,244,132,112
109900007,583,350,233
109900008,0,27,-27
109900009,77,392,-315
109900010,399,12,387
109900011,99,66,33
109900012,154,188,-34
109900013,326,163,163
109900014,327,37,290
109900015,390,160,230
109900016,132,16,116
109900017,142,184,-42
109900018,141,39,102
109900019,146,28,118
109900020,18,40,-22
109900021,14,12,2
109900022,117,155,-38
109900023,13,3,10
109900024,24,1,23
109900025,20,37,-17
109900026,3,92,-89
109900027,50,56,-6
109900028,1039,709,330
109900029,3,211,-208
109900030,41,15,26
109900031,0,55,-55
109900032,12,234,-222
109900033,3,327,-324
109900034,27,0,27
109900035,12,15,-3
109900036,13,54,-41
109900037,23,422,-399
109900038,38,159,-121
109900039,20,2,18
109900040,22,417,-395
109900041,41,235,-194
109900042,16,351,-335
109900044,46,164,-118
109900045,245,76,169
109900046,22,77,-55
109900047,231,230,1
109900048,4,83,-79
109900049,5,41,-36
109900050,0,140,-140
109900051,0,71,-71
109900052,71,266,-195
109900053,2,240,-238
109900054,403,197,206
109900055,46,228,-182
109900056,14,130,-116
109900057,7,142,-135
109900058,1,66,-65
109900059,451,95,356
109900060,323,99,224
109900061,33,194,-161
109900062,0,132,-132
109900063,5,340,-335
109900064,412,137,275
109900065,50,116,-66
109900066,238,658,-420
109900067,1,147,-146
109900068,43,2,41
109900069,3,49,-46
109900070,21,260,-239
109900071,2,32,-30
109900072,18,139,-121
109900073,249,302,-53
109900074,8,50,-42
109900075,22,17,5
109900076,7,149,-142
109900077,43,54,-11
109900078,81,157,-76
109900080,63,213,-150
109900081,23,174,-151
109900082,17,213,-196
109900083,31,57,-26
109900084,59,101,-42
109900085,187,413,-226
109900086,94,265,-171
109900087,351,444,-93
109900089,485,167,318
109900090,361,746,-385
109900091,234,69,165
109900092,360,6,354
109900093,673,110,563
109900094,43,68,-25
109900095,59,146,-87
109900096,22,2,20
109900097,77,0,77
109900098,320,36,284
109900099,167,1,166
109900100,36,1,35
109900101,259,9,250
109900102,431,31,400
109900103,16,17,-1
109900104,400,547,-147
109900105,403,35,368
109900106,261,44,217
109900107,278,44,234
109900108,63,216,-153
109900109,20,136,-116
109900110,82,251,-169
109900111,255,507,-252
109900112,248,423,-175
109900113,536,449,87
109900114,938,511,427
109900115,99,69,30
109900117,700,131,569
109900118,173,324,-151
109900119,500,255,245
109900120,52,37,15
109900121,294,368,-74
109900122,447,9,438
109900123,13,102,-89
109900124,26,360,-334
109900125,1,98,-97
109900126,263,83,180
109900128,163,34,129
109900130,4497,1771,2726
109900131,60,115,-55
109900132,21,144,-123
109900133,89,277,-188
109900134,60,107,-47
109900135,359,67,292
109900136,27,79,-52
109900137,96,224,-128
109900140,136,104,32
109900142,860,213,647
109900145,2,412,-410
109900146,408,45,363
109900148,62,69,-7
109900149,30,68,-38
109900150,1,85,-84
109900151,2,61,-59
109900152,0,25,-25
109900153,2,82,-80
109900154,19,0,19
109900155,60,8,52
109900157,46,148,-102
109900158,45,126,-81
109900159,123,30,93
109900160,153,35,118
109900161,178,43,135
109900162,150,94,56
109900163,439,218,221
109900164,37,141,-104
109900165,196,3,193
109900166,2,123,-121
109900167,147,318,-171
109900168,207,469,-262
109900169,139,149,-10
109900170,209,486,-277
109900171,131,54,77
109900172,107,140,-33
109900173,2143,1848,295
109900174,23,79,-56
109900175,54,50,4
109900176,49,97,-48
109900177,35,148,-113
109900178,8,122,-114
109900179,44,12,32
109900180,5,13,-8
110000001,779,436,343
110000002,455,621,-166
110000003,807,639,168
110000004,458,495,-37
110000005,449,1087,-638
110000006,245,286,-41
110000007,106,115,-9
110000008,13,34,-21
110000009,63,20,43
110000010,17,28,-11
110000011,54,46,8
110000012,442,327,115
110000013,29,423,-394
110000014,501,380,121
110000015,200,439,-239
110000016,205,1124,-919
110000017,1769,203,1566
110000018,1599,329,1270
110000019,8,69,-61
110000020,274,175,99
110000021,314,279,35
110000022,465,153,312
110000023,3,109,-106
110000024,550,245,305
110000025,304,4,300
110000026,8,205,-197
110000027,934,489,445
110000028,569,501,68
110000029,416,574,-158
110000030,188,270,-82
110000031,220,398,-178
110000032,551,342,209
110000033,343,67,276
110000034,388,442,-54
110000035,644,308,336
110000036,653,432,221
110000037,202,232,-30
110000038,142,396,-254
110000039,543,1848,-1305
110000040,204,246,-42
110000041,218,968,-750
110000042,48,186,-138
110000043,511,167,344
110000044,73,125,-52
110000045,404,66,338
110000046,8,15,-7
110000047,28,26,2
110000048,12,21,-9
110000049,61,8,53
110000050,14,37,-23
110000051,41,13,28
110000052,35,32,3
110000053,55,14,41
110000054,168,197,-29
110000055,496,80,416
110000056,171,102,69
110000057,301,430,-129
110000058,853,313,540
110000059,729,457,272
110000060,564,813,-249
110000061,650,617,33
110000062,577,837,-260
110000063,17,68,-51
110000064,85,41,44
110000065,42,41,1
110000066,52,44,8
110000067,79,92,-13
110000068,206,101,105
110000069,147,44,103
110000071,80,64,16
110000073,6,19,-13
110000075,3,47,-44
110000076,215,219,-4
110000077,301,651,-350
110000078,23,38,-15
110000080,236,486,-250
110000081,41,185,-144
110000082,47,298,-251
110000083,203,516,-313
110000084,870,673,197
110000085,1626,1394,232
110000086,1070,1680,-610
110000087,9,35,-26
110000088,58,159,-101
110000089,170,98,72
110000090,59,144,-85
110000091,775,259,516
110000092,5,53,-48
110000093,42,13,29
110000094,425,165,260
110000095,122,457,-335
110000096,1792,1583,209
110000097,868,889,-21
110000098,1671,538,1133
110000099,548,1154,-606
110000100,598,258,340
110000101,20,222,-202
110000102,59,31,28
110000104,304,132,172
110000105,67,230,-163
110000106,425,340,85
110000107,260,313,-53
110000108,97,59,38
110000109,202,216,-14
110000110,2157,3348,-1191
110000111,3675,1990,1685
110000112,1035,859,176
110000113,324,1502,-1178
110000114,137,462,-325
110000115,223,250,-27
110000116,24,37,-13
110000117,106,226,-120
110000118,261,82,179
110000119,140,190,-50
110000120,231,100,131
110000121,52,243,-191
110000122,325,471,-146
110000123,483,450,33
110000124,2,774,-772
110000125,789,6,783
110000126,282,18,264
110000127,991,55,936
110000128,35,972,-937
110000129,3,363,-360
110000130,284,168,116
110000131,79,253,-174
110000132,1,581,-580
110000133,20,256,-236
110000134,12,264,-252
110000135,149,31,118
110000136,38,191,-153
110000137,380,454,-74
110000138,579,512,67
110000139,597,791,-194
110000140,706,623,83
110000143,456,307,149
110000144,4307,1421,2886
110000145,1777,740,1037
110000146,1229,494,735
110000147,279,364,-85
110000148,318,215,103
110000151,830,755,75
110000152,680,288,392
110000153,59,28,31
110000154,20,27,-7
110000155,1385,3464,-2079
110000156,878,1997,-1119
110000157,1412,1590,-178
110000160,246,170,76
110000161,144,168,-24
110000166,267,78,189
110000167,624,441,183
110000168,708,399,309
110000169,715,326,389
110000170,63,62,1
110000171,533,123,410
110000172,110,609,-499
110000173,890,873,17
110000174,120,635,-515
110000175,388,39,349
110000176,41,166,-125
110000177,115,566,-451
110000178,409,966,-557
110000179,859,328,531
110000180,124,167,-43
110000181,231,320,-89
110000182,328,98,230
110000183,5855,4426,1429
110000184,260,1502,-1242
110000185,603,572,31
110000186,636,562,74
110000191,738,285,453
110000192,377,9,368
110000193,723,12,711
110000194,7,814,-807
110000195,358,215,143
110000196,282,240,42
110000197,79,118,-39
110000198,127,54,73
110000199,54,82,-28
110000200,894,412,482
110000201,478,749,-271
110000202,985,525,460
110000203,611,562,49
110000204,4,154,-150
110000205,66,39,27
110000206,551,1070,-519
110000207,715,302,413
110000208,124,175,-51
110000209,106,726,-620
110000210,730,434,296
110000211,592,483,109
110000212,246,691,-445
110000213,108,46,62
110000214,197,67,130
110000215,147,240,-93
110000216,64,224,-160
110000217,236,144,92
110000218,125,223,-98
110000219,220,59,161
110000220,54,175,-121
110000221,229,51,178
110000222,63,133,-70
110000223,1,117,-116
110000224,55,6,49
110000225,211,510,-299
110000226,178,54,124
110000227,466,419,47
110000228,229,123,106
110000229,0,232,-232
110000230,419,512,-93
110000231,130,163,-33
110000232,110,155,-45
110000233,165,186,-21
110000234,569,431,138
110000235,695,862,-167
110000236,420,658,-238
110000237,1477,944,533
110000238,1021,1136,-115
110000239,1433,999,434
110000240,0,55,-55
110000242,0,10,-10
110000243,72,140,-68
110000244,103,266,-163
110000245,36,313,-277
110000246,576,391,185
110000247,939,3300,-2361
110000248,1532,1113,419
110000249,64,10,54
110000250,21,123,-102
110000251,206,369,-163
110000252,158,130,28
110000253,987,510,477
110000254,476,753,-277
110000255,138,537,-399
110000256,315,252,63
110000257,644,340,304
110000258,10,281,-271
110000259,90,7,83
110000260,8,149,-141
110000263,326,76,250
110000264,224,356,-132
110000265,744,1104,-360
110000266,1322,1885,-563
110000267,16,121,-105
110000268,292,285,7
110000269,1,57,-56
110000270,39,3,36
110000271,1043,159,884
110000272,1024,686,338
110000273,2459,1110,1349
110000274,149,875,-726
110000275,1290,378,912
110000276,192,221,-29
110000277,244,270,-26
110000278,183,421,-238
110000279,606,573,33
110000280,361,333,28
110000281,47,211,-164
110000282,209,22,187
110000283,35,70,-35
110000284,35,32,3
110000285,2,365,-363
110000286,22,2,20
110000287,50,3,47
110000288,1,77,-76
110000289,339,1208,-869
110000290,756,453,303
110000291,3000,903,2097
110000292,1071,3041,-1970
110000293,405,463,-58
110000294,570,720,-150
110000295,90,536,-446
110000296,308,249,59
110000297,1806,263,1543
110000298,169,364,-195
110000299,211,75,136
110000301,143,19,124
110000302,289,708,-419
110000303,228,5,223
110000304,126,155,-29
110000305,725,13,712
110000306,123,836,-713
110000307,1321,4,1317
110000308,483,3,480
110000309,6,453,-447
110000310,508,60,448
110000311,7,414,-407
110000312,316,70,246
110000313,1699,2404,-705
110000314,1,194,-193
110000315,2559,1854,705
110000316,408,923,-515
110000317,329,251,78
110000318,2,53,-51
110000319,6,35,-29
110000320,44,34,10
110000321,9,26,-17
110000322,203,196,7
110000323,256,111,145
110000324,2214,1304,910
110000325,2000,1806,194
110000327,375,167,208
110000328,160,244,-84
110000333,447,416,31
110000334,525,971,-446
110000335,550,290,260
110000336,483,818,-335
110000337,938,393,545
110000338,383,135,248
110000339,256,191,65
110000340,47,111,-64
110000341,333,345,-12
110000342,261,5,256
110000343,1,17,-16
110000344,37,89,-52
110000345,79,59,20
110000346,1835,1339,496
110000347,846,474,372
110000348,18,18,0
110000349,13,8,5
110000350,39,8,31
110000351,707,547,160
110000352,580,1074,-494
110000353,1836,556,1280
110000354,728,1877,-1149
110000355,52,65,-13
110000356,502,4,498
110000357,226,21,205
110000361,14,43,-29
110000362,60,29,31
110000363,302,105,197
110000364,122,276,-154
110000365,141,2,139
110000366,0,54,-54
110000367,279,131,148
110000368,1,45,-44
110000369,30,1,29
110000373,2,223,-221
110000374,108,8,100
110000375,114,636,-522
110000376,24,81,-57
110000377,62,333,-271
110000378,16,231,-215
110000379,1978,1242,736
110000380,60,15,45
110000383,2,740,-738
110000384,1636,672,964
110000385,2,146,-144
110000387,49,5,44
110000388,28,161,-133
110000389,669,7,662
110000391,470,292,178
110000396,125,93,32
110000397,141,118,23
110000398,4,27,-23
110000399,130,1,129
110000587,58,35,23
110000589,177,114,63
110000640,104,42,62
110000652,16,112,-96
110000653,236,307,-71
110000654,224,240,-16
110000656,0,531,-531
110000674,36,10,26
110000675,14,1,13
110000676,3,20,-17
110000679,219,828,-609
110000682,73,156,-83
110000683,219,371,-152
110000684,6,23,-17
110000685,10,14,-4
110000686,1,24,-23
110000687,17,2,15
110000688,44,567,-523
110000689,31,24,7
110000692,63,99,-36
110000693,36,180,-144
110000694,0,119,-119
110000695,132,388,-256
110000696,53,59,-6
110900001,203,9,194
110900002,176,123,53
110900003,472,358,114
110900004,287,125,162
110900005,1792,1457,335
110900006,50,8,42
110900007,80,15,65
110900008,18,44,-26
110900009,341,72,269
110900010,5,73,-68
110900011,20,87,-67
110900012,7,66,-59
110900013,683,106,577
110900014,121,6,115
110900015,357,500,-143
110900016,24,80,-56
110900017,297,30,267
110900018,254,38,216
110900019,113,16,97
110900020,52,173,-121
110900021,55,403,-348
110900022,29,218,-189
110900023,46,276,-230
110900024,17,254,-237
110900025,0,32,-32
110900027,21,134,-113
110900028,22,93,-71
110900029,15,235,-220
110900030,24,176,-152
110900031,5,64,-59
110900032,0,55,-55
110900033,36,90,-54
110900035,10,401,-391
110900036,76,12,64
110900037,46,20,26
110900038,625,156,469
110900039,5,205,-200
110900040,150,23,127
110900041,9,85,-76
110900042,75,36,39
110900043,2,76,-74
110900044,183,8,175
110900045,29,298,-269
110900046,20,177,-157
110900047,385,152,233
110900049,55,41,14
110900050,22,3,19
110900051,36,209,-173
110900052,3,94,-91
110900053,55,16,39
110900054,33,151,-118
110900055,20,1,19
110900056,35,77,-42
110900057,5,101,-96
110900058,166,116,50
110900059,444,318,126
110900060,352,75,277
110900061,19,24,-5
110900062,97,151,-54
110900063,47,65,-18
110900064,4,0,4
110900065,323,131,192
110900066,5,41,-36
110900067,214,388,-174
110900068,197,192,5
110900069,8,19,-11
110900070,93,63,30
110900071,202,335,-133
110900073,1,21,-20
110900074,237,64,173
110900075,267,53,214
110900077,475,469,6
110900078,20,37,-17
110900079,1514,1059,455
110900080,127,51,76
110900081,2,29,-27
110900082,118,65,53
110900083,87,33,54
110900084,32,54,-22
110900085,47,203,-156
110900086,38,267,-229
110900087,235,44,191
110900088,11,3,8
110900090,32,31,1
110900091,3,53,-50
110900093,133,75,58
110900095,30,37,-7
110900097,2,9,-7
110900098,26,65,-39
110900099,29,299,-270
110900100,0,16,-16
110900102,57,11,46
110900105,285,224,61
110900108,5,58,-53
110900111,326,68,258
110900112,611,5,606
110900113,417,26,391
110900115,8,33,-25
110900116,524,1175,-651
110900118,124,1857,-1733
110900119,2239,265,1974
110900120,15,58,-43
110900121,119,0,119
110900122,321,205,116
110900125,293,340,-47
110900127,460,1060,-600
110900128,239,304,-65
110900129,312,658,-346
110900130,759,475,284
110900131,115,30,85
110900132,168,39,129
110900133,34,133,-99
110900135,38,197,-159
110900136,223,16,207
110900139,1,0,1
110900140,0,0,0
110900141,320,147,173
110900142,58,121,-63
110900143,115,54,61
110900144,4,578,-574
110900145,167,22,145
110900146,297,107,190
110900147,140,261,-121
110900148,2,248,-246
110900149,0,55,-55
110900150,19,24,-5
110900151,3,50,-47
110900152,34,173,-139
110900153,116,46,70
111000001,424,468,-44
111000002,731,513,218
111000003,810,582,228
111000004,386,726,-340
111000005,966,921,45
111000006,790,1424,-634
111000007,3173,2314,859
111000008,1629,2528,-899
111000009,355,594,-239
111000010,643,207,436
111000011,358,745,-387
111000012,571,276,295
111000013,312,728,-416
111000014,1225,444,781
111000017,125,764,-639
111000018,224,367,-143
111000020,549,2246,-1697
111000021,64,82,-18
111000023,71,79,-8
111000025,2787,2424,363
111000029,104,86,18
111000030,36,143,-107
111000031,1461,950,511
111000032,360,278,82
111000033,236,262,-26
111000034,153,167,-14
111000037,1326,995,331
111000038,2965,2086,879
111000039,1668,2003,-335
111000040,1671,2107,-436
111000041,1610,1540,70
111000042,2530,2190,340
111000043,1456,2403,-947
111000044,1367,871,496
111000045,1654,1705,-51
111000046,1114,1297,-183
111000047,1619,2544,-925
111000049,367,337,30
111000050,1108,1164,-56
111000051,398,819,-421
111000052,528,1344,-816
111000053,353,830,-477
111000054,259,714,-455
111000055,973,1414,-441
111000056,113,409,-296
111000057,88,386,-298
111000058,294,66,228
111000059,333,256,77
111000060,2557,841,1716
111000061,360,232,128
111000062,553,206,347
111000063,1253,651,602
111000064,420,380,40
111000065,829,632,197
111000066,327,258,69
111000067,333,547,-214
111000068,562,884,-322
111000069,1474,1726,-252
111000070,989,872,117
111000071,242,577,-335
111000072,891,359,532
111000073,276,608,-332
111000074,1238,1367,-129
111000075,1006,503,503
111000076,375,403,-28
111000077,1456,1516,-60
111000078,2426,1343,1083
111000079,1136,663,473
111000080,438,584,-146
111000081,1354,2925,-1571
111000082,489,568,-79
111000084,604,464,140
111000085,817,1213,-396
111000086,1975,1009,966
111000087,573,694,-121
111000088,3420,1774,1646
111000089,557,622,-65
111000090,722,1147,-425
111000091,668,387,281
111000092,1069,806,263
111000093,472,788,-316
111000094,1274,882,392
111000095,485,1683,-1198
111000096,1419,5913,-4494
111000097,3418,1542,1876
111000098,811,1098,-287
111000099,543,1395,-852
111000100,235,1152,-917
111000101,295,595,-300
111000102,153,324,-171
111000104,433,102,331
111000107,70,503,-433
111000109,302,179,123
111000110,1033,469,564
111000111,1570,467,1103
111000112,1314,604,710
111000113,817,1192,-375
111000114,1876,2486,-610
111000115,4541,1043,3498
111000116,820,705,115
111000117,347,751,-404
111000118,1096,687,409
111000119,799,822,-23
111000120,293,432,-139
111000121,188,606,-418
111000122,564,994,-430
111000123,832,2339,-1507
111000124,393,2068,-1675
111000125,170,1057,-887
111000126,75,737,-662
111000127,659,142,517
111000128,1216,279,937
111000129,1923,360,1563
111000130,1534,509,1025
111000131,1038,520,518
111000132,1082,583,499
111000133,192,119,73
111000134,108,103,5
111000135,41,95,-54
111000136,245,240,5
111000138,6,7,-1
111000140,4,7,-3
111000141,179,322,-143
111000142,17,85,-68
111000143,3,114,-111
111000144,33,358,-325
111000145,2136,34,2102
111000146,174,11,163
111000147,330,26,304
111000148,159,33,126
111000149,6,17,-11
111000150,30,5,25
111000151,2,23,-21
111000153,525,621,-96
111000154,685,166,519
111000155,75,140,-65
111000156,307,488,-181
111000157,225,780,-555
111000158,604,547,57
111000159,1805,614,1191
111000160,406,297,109
111000161,14,199,-185
111000162,77,135,-58
111000163,703,710,-7
111000164,643,3079,-2436
111000165,878,476,402
111000166,1677,356,1321
111000167,135,327,-192
111000168,154,351,-197
111000169,297,493,-196
111000170,423,385,38
111000171,382,466,-84
111000172,183,325,-142
111000173,303,660,-357
111000174,151,250,-99
111000175,42,205,-163
111000176,180,109,71
111000177,206,148,58
111000178,853,234,619
111000179,113,126,-13
111000180,178,355,-177
111000181,725,178,547
111000182,121,129,-8
111000183,190,245,-55
111000184,269,210,59
111000185,238,369,-131
111000186,232,191,41
111000187,104,169,-65
111000188,158,290,-132
111000189,915,439,476
111000190,157,314,-157
111000191,141,352,-211
111000192,195,479,-284
111000193,242,257,-15
111000194,47,278,-231
111000195,116,265,-149
111000196,51,151,-100
111000197,333,148,185
111000198,507,100,407
111000199,150,81,69
111000200,254,247,7
111000201,451,158,293
111000202,195,152,43
111000203,216,193,23
111000204,396,742,-346
111000213,207,351,-144
111000214,1165,1040,125
111000215,885,1175,-290
111000217,1183,844,339
111000218,758,862,-104
111000219,361,189,172
111000220,1225,474,751
111000221,866,109,757
111000224,40,308,-268
111000225,316,264,52
111000226,88,2,86
111000227,32,7,25
111000228,27,237,-210
111000229,50,607,-557
111000230,206,308,-102
111000231,890,601,289
111000232,324,670,-346
111000233,709,577,132
111000234,102,314,-212
111000239,144,128,16
111000240,32,164,-132
111000241,34,261,-227
111000242,125,58,67
111000243,69,414,-345
111000244,344,67,277
111000245,699,356,343
111000246,359,369,-10
111000247,247,671,-424
111000248,458,456,2
111000249,387,518,-131
111000250,41,48,-7
111000251,54,58,-4
111000253,8,8,0
111000255,23,9,14
111000257,29,15,14
111000260,45,765,-720
111000261,971,69,902
111000271,45,213,-168
111000273,2582,1224,1358
111000274,919,1624,-705
111000275,97,56,41
111000276,208,1557,-1349
111000277,112,299,-187
111000278,584,191,393
111000291,538,3450,-2912
111000298,459,171,288
111000299,422,117,305
111000300,67,393,-326
111000302,163,52,111
111000303,84,144,-60
111000312,40,56,-16
111000315,14,101,-87
111000320,277,588,-311
111000321,292,100,192
111000322,331,379,-48
111000323,139,30,109
111000324,325,238,87
111000325,18,46,-28
111000326,166,292,-126
111000327,326,390,-64
111000328,180,423,-243
111000329,3,22,-19
111000330,44,7,37
111000331,9,3,6
111000332,390,1079,-689
111000334,254,888,-634
111000335,529,263,266
111000337,850,325,525
111000338,29,90,-61
111000339,487,225,262
111000340,110,384,-274
111000341,834,510,324
111000342,312,754,-442
111000344,807,603,204
111000345,331,65,266
111000346,21,104,-83
111000347,90,31,59
111000350,177,58,119
111000351,162,182,-20
111000352,157,65,92
111000353,83,151,-68
111000354,294,53,241
111000355,276,409,-133
111000358,135,836,-701
111000360,189,385,-196
111000361,131,197,-66
111000546,404,448,-44
111000547,317,270,47
111000548,81,239,-158
111000549,212,197,15
111000550,90,615,-525
111000551,572,127,445
111000552,2061,156,1905
111000907,463,14,449
111000908,26,0,26
111000916,1121,278,843
111000917,31,332,-301
111000918,167,523,-356
111000920,390,33,357
111000921,6,122,-116
111000922,302,230,72
111000924,43,438,-395
111000925,1692,1512,180
111000926,758,1444,-686
111000927,2271,3653,-1382
111000928,3215,3151,64
111000929,843,925,-82
111000930,525,2079,-1554
111000931,1607,2259,-652
111000932,3085,2096,989
111000933,2651,1790,861
111000934,1777,2958,-1181
111000935,1025,750,275
111000936,920,1798,-878
111000937,688,1055,-367
111000938,1232,1423,-191
111000939,394,50,344
111000940,229,87,142
111000941,237,248,-11
111000943,246,217,29
111000944,149,242,-93
111000945,103,1014,-911
111001109,373,254,119
111001110,120,453,-333
111001111,36,3,33
111001112,174,6,168
111001113,1,128,-127
111001114,733,138,595
111001115,102,386,-284
111001116,3285,2850,435
111001117,446,2156,-1710
111001120,98,204,-106
111001121,157,180,-23
111001122,177,378,-201
111001123,196,84,112
111001124,95,159,-64
111001125,2,96,-94
111900001,17,85,-68
111900002,10,426,-416
111900003,1,206,-205
111900004,25,66,-41
111900006,8,31,-23
111900007,65,6,59
111900008,104,4,100
111900009,88,119,-31
111900010,309,375,-66
111900012,47,86,-39
111900013,18,45,-27
111900014,3849,2618,1231
111900015,0,41,-41
111900016,0,96,-96
111900017,0,71,-71
111900018,140,0,140
111900019,1,63,-62
111900020,2,34,-32
111900021,43,90,-47
111900022,7,58,-51
111900023,99,76,23
111900024,5,53,-48
111900025,0,28,-28
111900026,1,68,-67
111900027,3,120,-117
111900028,1,261,-260
111900029,3,72,-69
111900030,31,199,-168
111900031,3,20,-17
111900032,2,247,-245
111900033,6,59,-53
111900034,312,307,5
111900035,29,162,-133
111900036,0,225,-225
111900038,310,484,-174
111900039,24,261,-237
111900040,6,432,-426
111900042,12,89,-77
111900043,0,243,-243
111900044,294,144,150
111900046,38,110,-72
111900048,189,476,-287
111900049,27,154,-127
111900050,78,42,36
111900051,3,162,-159
111900052,355,358,-3
111900053,788,807,-19
111900054,83,4,79
111900055,9,288,-279
111900056,125,225,-100
111900057,50,24,26
111900058,281,451,-170
111900059,1112,348,764
111900060,255,1,254
111900061,4,133,-129
111900062,15,57,-42
111900063,323,181,142
111900064,120,169,-49
111900065,54,20,34
111900066,85,105,-20
111900067,0,296,-296
111900068,40,21,19
111900069,58,8,50
111900070,88,90,-2
111900071,2,181,-179
111900072,14,15,-1
111900073,509,106,403
111900074,12,114,-102
111900075,47,1,46
111900076,87,41,46
111900077,26,0,26
111900078,210,14,196
111900079,16,25,-9
111900080,196,231,-35
111900082,83,42,41
111900083,98,5,93
111900084,66,1,65
111900085,25,101,-76
111900086,31,3,28
111900087,70,1,69
111900088,372,5,367
111900089,68,1,67
111900090,46,28,18
111900091,196,3,193
111900092,73,3,70
111900093,278,8,270
111900094,99,1,98
111900095,153,24,129
111900096,117,2,115
111900097,61,0,61
111900098,161,2,159
111900099,46,0,46
111900100,51,2,49
111900101,60,33,27
111900102,324,319,5
111900103,46,67,-21
111900104,103,45,58
111900105,205,127,78
111900106,587,36,551
111900110,1148,280,868
111900111,152,111,41
111900112,360,1498,-1138
111900113,176,68,108
111900118,216,94,122
111900119,259,138,121
111900122,78,70,8
111900123,18,14,4
111900124,13,77,-64
111900125,357,24,333
111900126,216,1,215
111900127,0,533,-533
111900128,2,412,-410
111900129,254,2,252
111900130,165,35,130
111900131,385,2,383
111900132,17,684,-667
111900133,14,202,-188
111900134,1,172,-171
111900135,7,16,-9
111900136,50,104,-54
111900137,50,56,-6
111900138,9,57,-48
111900139,17,92,-75
111900140,83,24,59
111900141,91,5,86
111900142,70,30,40
111900143,3,126,-123
111900144,1,61,-60
111900145,1,269,-268
111900146,5,139,-134
111900147,86,257,-171
111900148,7,400,-393
111900149,5,185,-180
111900150,12,90,-78
111900151,3,18,-15
111900152,67,83,-16
111900153,975,301,674
111900154,6,165,-159
111900155,46,67,-21
111900156,28,30,-2
111900157,45,17,28
111900158,335,40,295
111900159,171,5,166
111900160,197,0,197
111900161,143,0,143
111900162,58,118,-60
111900163,49,168,-119
111900164,84,44,40
111901113,268,135,133
111901114,103,202,-99
111901115,35,1,34
111901116,20,2,18
111901117,11,12,-1
111901118,54,92,-38
111901119,573,43,530
111901121,211,146,65
111901122,2,394,-392
111901123,111,275,-164
111901124,94,1,93
111901125,211,141,70
111901127,374,226,148
111901128,6,45,-39
111901129,4,62,-58
111901130,5,102,-97
111901131,7,172,-165
111901132,54,17,37
111901133,13,0,13
111901134,29,2,27
111901135,11,8,3
111901136,12,36,-24
111901137,0,20,-20
111901138,226,27,199
111901139,20,23,-3
111901140,2,51,-49
111901141,2,90,-88
111901142,0,65,-65
111901143,0,52,-52
111901144,31,55,-24
111901145,127,185,-58
111901146,360,26,334
111901147,288,84,204
111901148,14,32,-18
112000001,1578,686,892
112000002,610,1827,-1217
112000003,786,769,17
112000004,501,707,-206
112000005,2442,2711,-269
112000006,2055,1661,394
112000007,1890,1312,578
112000008,1656,2923,-1267
112000009,2661,2384,277
112000010,1964,2426,-462
112000011,1289,1274,15
112000012,3047,3048,-1
112000013,4106,2281,1825
112000014,2409,1346,1063
112000015,3531,2313,1218
112000016,3467,905,2562
112000017,1525,1509,16
112000024,2139,1034,1105
112000026,3015,3999,-984
112000027,765,477,288
112000028,1154,1233,-79
112000029,316,512,-196
112000030,158,73,85
112000031,1102,3240,-2138
112000032,361,47,314
112000033,1428,1149,279
112000034,269,34,235
112000035,80,214,-134
112000036,706,546,160
112000037,688,491,197
112000038,985,605,380
112000039,62,69,-7
112000040,107,210,-103
112000041,422,381,41
112000042,989,336,653
112000050,1023,1075,-52
112000051,767,883,-116
112000054,1520,1571,-51
112000057,283,262,21
112000058,256,461,-205
112000059,451,573,-122
112000061,2357,1734,623
112000062,1308,543,765
112000063,787,1109,-322
112000064,3220,4192,-972
112000065,1577,1945,-368
112000066,2818,1216,1602
112000067,732,668,64
112000068,2411,1894,517
112000069,618,1366,-748
112000070,1454,676,778
112000071,747,2154,-1407
112000072,1778,726,1052
112000073,1454,1765,-311
112000074,1224,846,378
112000075,1203,1045,158
112000076,2631,2093,538
112000077,457,421,36
112000078,1348,504,844
112000079,1093,898,195
112000080,644,603,41
112000081,1175,1840,-665
112000082,1247,738,509
112000083,544,994,-450
112000084,978,763,215
112000085,897,778,119
112000086,1423,1111,312
112000087,422,320,102
112000088,581,473,108
112000089,262,231,31
112000090,235,224,11
112000091,547,972,-425
112000092,1513,927,586
112000093,1348,870,478
112000094,595,767,-172
112000095,510,780,-270
112000096,439,627,-188
112000097,782,519,263
112000098,842,758,84
112000099,438,1186,-748
112000100,1337,672,665
112000101,451,744,-293
112000102,765,378,387
112000103,228,797,-569
112000105,430,1251,-821
112000106,1148,400,748
112000107,51,118,-67
112000108,209,1224,-1015
112000109,173,65,108
112000110,1452,507,945
112000111,949,2485,-1536
112000112,2860,536,2324
112000113,642,1390,-748
112000114,1943,767,1176
112000115,231,342,-111
112000116,360,711,-351
112000117,804,688,116
112000118,817,694,123
112000119,388,633,-245
112000120,90,272,-182
112000121,90,360,-270
112000122,252,144,108
112000123,501,195,306
112000124,294,66,228
112000125,185,194,-9
112000126,189,345,-156
112000127,1524,1439,85
112000128,669,397,272
112000129,121,96,25
112000130,193,72,121
112000131,28,219,-191
112000132,122,165,-43
112000133,324,169,155
112000134,324,303,21
112000135,717,517,200
112000136,728,983,-255
112000137,1090,1155,-65
112000138,1026,929,97
112000139,758,474,284
112000140,997,1024,-27
112000141,496,292,204
112000142,195,468,-273
112000143,823,161,662
112000144,241,1023,-782
112000145,1808,502,1306
112000146,492,1656,-1164
112000147,2043,1671,372
112000148,1631,1773,-142
112000149,369,417,-48
112000150,209,480,-271
112000151,328,301,27
112000152,241,327,-86
112000153,175,273,-98
112000154,71,151,-80
112000155,119,73,46
112000157,593,428,165
112000158,202,341,-139
112000159,364,261,103
112000167,267,60,207
112000169,300,337,-37
112000173,448,168,280
112000175,295,284,11
112000176,2465,1787,678
112000177,402,139,263
112000178,83,250,-167
112000179,136,65,71
112000180,176,326,-150
112000181,1073,1706,-633
112000182,938,1260,-322
112000183,25,45,-20
112000184,348,278,70
112000185,412,442,-30
112000187,3056,1729,1327
112000195,108,13,95
112000196,176,1,175
112000197,141,103,38
112000198,37,224,-187
112000199,852,766,86
112000202,261,2,259
112000216,73,282,-209
112000230,76,2,74
112000231,3,141,-138
112000256,50,170,-120
112000313,42,80,-38
112000314,46,28,18
112000337,194,456,-262
112000352,220,299,-79
112000392,872,1013,-141
112000398,940,696,244
112000399,1139,1283,-144
112000400,1277,2417,-1140
112000401,2520,1887,633
112000402,2056,2331,-275
112000403,1354,2218,-864
112000404,568,615,-47
112000405,1360,2051,-691
112000406,2841,2277,564
112000407,5068,6212,-1144
112000408,6356,6317,39
112000409,1403,4098,-2695
112000410,414,174,240
112000411,2948,1126,1822
112000412,1251,478,773
112000413,6170,3876,2294
112000414,56,65,-9
112000415,102,28,74
112000416,1780,1103,677
112000417,252,50,202
112000421,37,82,-45
112000422,381,233,148
112000424,1626,1945,-319
112000425,321,686,-365
112000426,98,280,-182
112000427,2,8,-6
112000428,178,248,-70
112000429,1927,1985,-58
112000430,2058,2191,-133
112000431,53,101,-48
112000432,566,841,-275
112000433,324,596,-272
112000437,47,201,-154
112900001,41,0,41
112900002,280,765,-485
112900003,60,342,-282
112900004,28,204,-176
112900005,159,175,-16
112900006,5,298,-293
112900007,24,218,-194
112900008,1,17,-16
112900009,283,75,208
112900010,364,697,-333
112900011,125,193,-68
112900012,1,51,-50
112900013,1,104,-103
112900014,0,191,-191
112900015,320,496,-176
112900016,12,167,-155
112900017,19,114,-95
112900018,0,228,-228
112900019,35,114,-79
112900020,313,835,-522
112900021,5,216,-211
112900022,9,48,-39
112900023,0,114,-114
112900024,20,150,-130
112900025,77,182,-105
112900026,5,166,-161
112900027,7,839,-832
112900028,23,85,-62
112900029,6,486,-480
112900030,112,146,-34
112900031,8,393,-385
112900032,147,214,-67
112900034,0,34,-34
112900035,3,294,-291
112900036,11,94,-83
112900037,117,170,-53
112900038,348,84,264
112900039,12,238,-226
112900040,2,237,-235
112900041,600,765,-165
112900042,29,266,-237
112900043,23,24,-1
112900044,448,403,45
112900045,305,223,82
112900046,200,54,146
112900047,11,10,1
112900049,156,56,100
112900050,35,376,-341
112900051,272,393,-121
112900052,10,621,-611
112900053,167,52,115
112900054,156,54,102
112900055,93,28,65
112900056,326,163,163
112900057,29,381,-352
112900058,285,287,-2
112900059,91,85,6
112900060,11,93,-82
112900061,69,93,-24
112900062,61,104,-43
112900063,161,9,152
112900064,130,179,-49
112900065,22,20,2
112900066,138,133,5
112900067,239,131,108
112900068,39,44,-5
112900069,1334,664,670
112900071,21,6,15
112900072,106,1311,-1205
112900073,193,62,131
112900074,48,192,-144
112900075,1033,671,362
112900076,78,22,56
112900078,236,280,-44
112900079,140,27,113
112900080,61,1,60
112900081,45,128,-83
112900082,410,13,397
112900083,84,73,11
112900084,202,77,125
112900086,98,1,97
112900087,515,97,418
112900088,63,12,51
112900089,628,33,595
112900090,49,15,34
112900091,201,1,200
112900092,126,202,-76
112900093,945,23,922
112900095,33,0,33
112900096,326,122,204
112900097,47,167,-120
112900098,46,3,43
112900099,655,15,640
112900100,54,2,52
112900101,235,1,234
112900102,108,6,102
112900103,198,8,190
112900104,176,8,168
112900105,24,0,24
112900106,306,96,210
112900107,2,0,2
112900108,25,1,24
112900109,117,1,116
112900110,924,14,910
112900111,528,2,526
112900112,228,1,227
112900113,0,9,-9
112900114,100,14,86
112900115,1091,1,1090
112900116,154,12,142
112900117,77,59,18
112900118,18,65,-47
112900119,134,6,128
112900120,634,223,411
112900121,99,144,-45
112900122,11,73,-62
112900123,111,15,96
112900124,5,73,-68
112900125,45,334,-289
112900126,136,177,-41
112900127,310,110,200
112900128,187,577,-390
112900129,2,653,-651
112900130,239,56,183
112900131,34,170,-136
112900132,69,287,-218
112900133,28,772,-744
112900134,0,173,-173
112900135,69,29,40
112900137,0,469,-469
112900138,0,193,-193
112900139,170,859,-689
112900141,572,15,557
112900142,73,113,-40
112900143,32,377,-345
112900144,0,183,-183
112900145,44,389,-345
112900146,4,793,-789
112900147,2,1381,-1379
112900148,45,2,43
112900149,231,357,-126
112900151,11,47,-36
112900152,2751,751,2000
112900153,1623,1640,-17
112900154,0,115,-115
112900155,128,22,106
112900156,222,976,-754
112900157,330,71,259
112900158,40,11,29
112900159,178,73,105
112900160,66,233,-167
112900161,113,34,79
112900162,11,18,-7
112900163,109,29,80
112900164,33,139,-106
112900165,90,29,61
112900166,13,52,-39
112900167,3,42,-39
112900168,2,5,-3
112900169,12,21,-9
112900170,55,83,-28
112900172,41,9,32
112900173,148,76,72
112900174,206,68,138
112900175,108,140,-32
112900176,11,38,-27
112900177,158,48,110
112900178,712,1616,-904
112900179,31,333,-302
112900180,1246,1148,98
112900181,411,4,407
112900182,49,813,-764
112900183,91,251,-160
112900184,304,306,-2
112900185,169,406,-237
112900186,973,733,240
112900187,71,516,-445
112900188,649,280,369
112900189,0,14,-14
112900190,5,30,-25
112900192,406,556,-150
112900193,913,287,626
112900194,36,53,-17
112900195,670,36,634
112900196,151,248,-97
112900197,158,282,-124
112900199,474,373,101
112900200,321,137,184
112900201,93,81,12
112900202,272,639,-367
112900203,196,160,36
112900204,858,473,385
112900205,2,21,-19
112900206,42,96,-54
112900207,21,1,20
112900208,109,218,-109
112900209,454,320,134
112900210,0,29,-29
112900211,96,49,47
112900212,0,69,-69
112900213,97,30,67
112900214,23,11,12
112900215,6,116,-110
112900216,20,64,-44
112900217,0,53,-53
112900218,38,18,20
112900219,50,12,38
112900220,5,0,5
112900221,18,81,-63
112900222,0,18,-18
112900223,830,9,821
112900224,155,324,-169
112900225,268,310,-42
112900226,181,282,-101
112900227,483,899,-416
112900228,23,19,4
112900229,160,46,114
112900230,4651,2825,1826
112900232,138,216,-78
112900233,71,88,-17
112900234,10,61,-51
112900235,102,38,64
112900236,197,12,185
112900237,178,184,-6
112900238,6,20,-14
112900239,632,300,332
112900240,4,42,-38
112900241,6,76,-70
112900242,9,76,-67
112900243,4,69,-65
112900244,4,40,-36
112900245,1,22,-21
112900246,1,14,-13
112900247,62,34,28
112900248,5,1,4
112900249,16,3,13
112900250,32,16,16
112900251,42,22,20
112900252,32,22,10
112900253,21,1,20
112900254,3,4,-1
112900255,2,11,-9
112900256,3,16,-13
112900257,5,25,-20
113000001,4408,3571,837
113000002,2847,2687,160
113000003,1502,1339,163
113000004,1489,1870,-381
113000005,1310,779,531
113000006,877,976,-99
113000007,1771,979,792
113000008,1589,1520,69
113000009,811,610,201
113000010,839,1106,-267
113000011,471,1331,-860
113000012,1492,554,938
113000013,1259,658,601
113000014,1353,1229,124
113000015,478,181,297
113000016,303,680,-377
113000017,48,285,-237
113000018,369,51,318
113000019,128,279,-151
113000020,414,73,341
113000021,1272,512,760
113000022,529,793,-264
113000025,141,351,-210
113000026,287,368,-81
113000027,566,409,157
113000028,803,341,462
113000029,622,538,84
113000030,373,541,-168
113000031,229,296,-67
113000032,212,295,-83
113000033,210,398,-188
113000034,306,290,16
113000035,25,31,-6
113000036,17,53,-36
113000037,49,19,30
113000038,14,46,-32
113000039,74,257,-183
113000040,52,63,-11
113000042,701,463,238
113000051,716,1720,-1004
113000052,1538,716,822
113000053,304,285,19
113000054,281,547,-266
113000055,948,549,399
113000056,659,753,-94
113000058,685,724,-39
113000059,899,511,388
113000060,192,430,-238
113000061,438,626,-188
113000062,631,198,433
113000063,115,79,36
113000064,33,198,-165
113000065,115,672,-557
113000066,520,104,416
113000067,1618,1074,544
113000068,250,928,-678
113000069,536,815,-279
113000070,1811,910,901
113000071,325,399,-74
113000072,681,386,295
113000073,376,1078,-702
113000074,862,363,499
113000075,1642,641,1001
113000076,557,1464,-907
113000077,1002,477,525
113000078,612,1881,-1269
113000079,716,631,85
113000080,581,534,47
113000081,565,658,-93
113000082,882,627,255
113000083,468,723,-255
113000084,1238,930,308
113000085,681,562,119
113000086,833,933,-100
113000087,667,805,-138
113000088,1999,1107,892
113000089,809,1233,-424
113000090,197,407,-210
113000091,385,274,111
113000094,728,146,582
113000095,163,590,-427
113000096,97,530,-433
113000097,670,387,283
113000098,92,18,74
113000099,581,295,286
113000100,111,288,-177
113000101,362,415,-53
113000102,385,390,-5
113000103,1691,466,1225
113000104,338,1775,-1437
113000105,462,313,149
113000106,227,415,-188
113000107,637,681,-44
113000108,491,1022,-531
113000109,377,1308,-931
113000110,1034,301,733
113000111,132,391,-259
113000112,243,245,-2
113000113,1269,340,929
113000114,263,1047,-784
113000116,474,246,228
113000117,489,108,381
113000118,106,355,-249
113000119,271,211,60
113000120,61,217,-156
113000121,505,527,-22
113000124,183,82,101
113000125,40,546,-506
113000127,2149,290,1859
113000128,356,546,-190
113000129,469,715,-246
113000133,1424,1307,117
113000134,5,788,-783
113000135,2975,3268,-293
113000137,1543,2702,-1159
113000139,247,141,106
113000140,99,177,-78
113000141,155,157,-2
113000142,336,765,-429
113000143,156,155,1
113000144,249,498,-249
113000145,72,126,-54
113000146,163,73,90
113000147,144,87,57
113000148,130,89,41
113000149,92,69,23
113000150,376,254,122
113000151,69,31,38
113000152,27,69,-42
113000153,1155,487,668
113000154,620,1215,-595
113000155,269,447,-178
113000156,122,379,-257
113000157,265,919,-654
113000158,621,211,410
113000159,805,681,124
113000160,607,988,-381
113000161,242,344,-102
113000162,681,391,290
113000163,64,58,6
113000164,23,83,-60
113000166,105,98,7
113000167,33,108,-75
113000168,59,107,-48
113000169,162,74,88
113000170,91,70,21
113000171,41,83,-42
113000172,239,61,178
113000173,44,17,27
113000174,94,388,-294
113000175,317,108,209
113000176,384,96,288
113000177,131,418,-287
113000178,189,269,-80
113000179,223,225,-2
113000180,477,801,-324
113000181,1075,717,358
113000182,153,289,-136
113000183,123,479,-356
113000184,12,76,-64
113000189,328,580,-252
113000190,747,438,309
113000192,1584,1602,-18
113000193,3435,1183,2252
113000194,1481,888,593
113000195,1877,759,1118
113000196,203,71,132
113000197,1100,827,273
113000198,43,239,-196
113000199,912,210,702
113000201,188,206,-18
113000202,2316,864,1452
113000203,281,72,209
113000204,1227,1370,-143
113000205,12,29,-17
113000206,14,31,-17
113000207,79,20,59
113000208,25,34,-9
113000209,28,26,2
113000210,6,19,-13
113000211,149,153,-4
113000212,118,17,101
113000213,29,96,-67
113000214,154,201,-47
113000234,140,668,-528
113000410,200,192,8
113000411,2119,3449,-1330
113000412,5710,2139,3571
113000413,2309,2527,-218
113000414,5306,10095,-4789
113000415,1796,2442,-646
113000416,6882,3531,3351
113000417,2179,2527,-348
113000418,3301,2344,957
113000419,1168,1445,-277
113000420,3247,4339,-1092
113000421,3399,4916,-1517
113000422,9173,8646,527
113000423,1729,4160,-2431
113000424,2841,7508,-4667
113000425,3,95,-92
113000428,59,56,3
113000430,36,82,-46
113000432,1731,146,1585
113000433,148,537,-389
113000434,11,108,-97
113000435,28,358,-330
113000436,26,762,-736
113000437,809,21,788
113000438,178,8,170
113000439,15,65,-50
113000440,76,18,58
113000441,190,153,37
113000442,112,101,11
113000443,163,123,40
113000444,138,152,-14
113000445,122,57,65
113000446,22,68,-46
113000448,151,117,34
113000449,117,700,-583
113000450,330,1518,-1188
113000451,730,121,609
113000452,287,316,-29
113000453,75,202,-127
113000454,614,72,542
113000455,58,237,-179
113000456,2712,1959,753
113000468,1320,123,1197
113000469,52,38,14
113000470,288,33,255
113000471,15,342,-327
113000472,103,221,-118
113000474,492,495,-3
113000475,1110,1261,-151
113000476,863,1406,-543
113000477,2055,1561,494
113000478,3182,4557,-1375
113000479,46,141,-95
113000483,0,0,0
113000484,0,0,0
113000485,0,0,0
113000486,5,0,5
113000487,0,0,0
113000488,0,0,0
113000489,0,4,-4
113000490,0,2,-2
113000491,4,2,2
113000492,0,4,-4
113000493,0,0,0
113000495,126,145,-19
113000496,103,89,14
113000499,0,0,0
113900001,0,64,-64
113900002,0,50,-50
113900003,0,40,-40
113900004,0,27,-27
113900005,2,37,-35
113900006,0,10,-10
113900007,42,16,26
113900008,46,0,46
113900009,121,3,118
113900010,80,3,77
113900011,44,2,42
113900012,16,0,16
113900013,275,6,269
113900014,505,1,504
113900015,0,43,-43
113900016,31,0,31
113900017,0,34,-34
113900018,276,159,117
113900019,133,44,89
113900020,114,2,112
113900022,10,0,10
113900023,15,0,15
113900024,44,31,13
113900025,163,12,151
113900026,26,0,26
113900027,3,38,-35
113900028,19,320,-301
113900029,42,181,-139
113900030,147,2,145
113900031,4,0,4
113900032,11,0,11
113900033,54,55,-1
113900035,51,1,50
113900036,33,76,-43
113900037,119,378,-259
113900038,44,85,-41
113900039,103,14,89
113900040,9,6,3
113900041,2,8,-6
113900042,54,28,26
113900043,100,98,2
113900044,381,285,96
113900045,60,0,60
113900046,189,462,-273
113900047,9,57,-48
113900048,157,69,88
113900049,333,183,150
113900050,151,195,-44
113900051,203,254,-51
113900052,92,115,-23
113900053,500,382,118
113900054,42,4,38
113900055,86,269,-183
113900056,32,163,-131
113900057,8,46,-38
113900058,41,94,-53
113900059,168,245,-77
113900060,168,242,-74
113900061,636,201,435
113900062,78,9,69
113900063,66,88,-22
113900064,27,88,-61
113900065,303,17,286
113900066,242,231,11
113900067,54,92,-38
113900068,412,328,84
113900069,66,35,31
113900070,149,317,-168
113900071,32,65,-33
113900072,49,87,-38
113900073,199,303,-104
113900074,40,150,-110
113900075,1064,867,197
113900076,105,10,95
113900077,43,118,-75
113900078,38,41,-3
113900079,7,31,-24
113900080,372,154,218
113900081,48,104,-56
113900082,69,135,-66
113900083,135,239,-104
113900084,213,76,137
113900085,33,207,-174
113900086,17,20,-3
113900087,43,98,-55
113900088,69,95,-26
113900089,374,39,335
113900090,485,378,107
113900091,10,13,-3
113900092,36,70,-34
113900093,84,515,-431
113900094,216,175,41
113900095,68,80,-12
113900096,149,49,100
113900097,15,54,-39
113900098,447,66,381
113900099,0,31,-31
113900100,0,5,-5
113900101,15,56,-41
113900102,105,93,12
113900103,211,168,43
113900104,103,171,-68
113900105,46,140,-94
113900106,2,34,-32
113900107,0,11,-11
113900108,168,200,-32
113900109,344,130,214
113900110,34,18,16
113900111,114,101,13
113900112,84,36,48
113900113,539,362,177
113900114,0,63,-63
113900115,0,62,-62
113900116,60,100,-40
113900117,79,20,59
113900118,96,143,-47
113900119,136,392,-256
113900120,43,24,19
113900121,56,63,-7
113900122,240,1374,-1134
113900123,300,202,98
113900124,0,59,-59
113900125,686,102,584
113900126,91,62,29
113900127,246,553,-307
113900128,117,49,68
113900129,8,135,-127
113900130,2,25,-23
113900131,190,69,121
113900132,48,55,-7
113900133,20,97,-77
113900135,259,277,-18
113900136,108,81,27
113900137,277,213,64
113900138,36,120,-84
113900139,226,97,129
113900140,192,264,-72
113900141,400,236,164
113900142,142,67,75
113900143,8,25,-17
113900144,151,117,34
113900145,285,116,169
113900146,102,28,74
113900148,119,205,-86
113900149,140,46,94
113900150,565,405,160
113900151,325,152,173
113900152,21,52,-31
113900153,216,390,-174
113900154,4,106,-102
113900155,130,141,-11
113900156,215,251,-36
113900157,39,208,-169
113900158,223,267,-44
113900159,8,224,-216
113900160,302,279,23
113900161,30,194,-164
113900162,303,525,-222
113900163,209,228,-19
113900164,192,39,153
113900165,450,393,57
113900166,152,136,16
113900167,198,29,169
113900168,74,60,14
113900169,171,298,-127
113900171,115,73,42
113900172,8,98,-90
113900173,37,472,-435
113900174,389,398,-9
113900175,236,88,148
113900176,281,424,-143
113900177,290,136,154
113900178,147,82,65
113900179,20,359,-339
113900180,136,78,58
113900181,442,102,340
113900182,637,733,-96
113900183,50,52,-2
113900184,20,461,-441
113900185,194,77,117
113900186,29,26,3
113900187,36,127,-91
113900188,46,88,-42
113900189,190,91,99
113900190,216,110,106
113900191,101,116,-15
113900192,7,311,-304
113900193,18,184,-166
113900194,1268,923,345
113900195,190,291,-101
113900196,5,82,-77
113900197,1,117,-116
113900198,21,148,-127
113900199,101,517,-416
113900200,10,147,-137
113900201,2,141,-139
113900202,41,250,-209
113900203,0,63,-63
113900204,45,383,-338
113900205,9,146,-137
113900206,7,131,-124
113900207,0,68,-68
113900208,4,64,-60
113900209,0,59,-59
113900210,448,571,-123
113900211,134,46,88
113900212,95,322,-227
113900214,370,286,84
113900215,88,87,1
113900216,73,520,-447
113900217,57,232,-175
113900218,172,54,118
113900219,89,248,-159
113900220,165,75,90
113900221,241,88,153
113900222,255,382,-127
113900223,100,566,-466
113900224,71,49,22
113900225,303,189,114
113900226,231,80,151
113900227,284,170,114
113900228,198,343,-145
113900229,53,482,-429
113900230,2897,2570,327
113900231,120,131,-11
113900232,87,84,3
113900233,31,52,-21
113900234,203,312,-109
113900235,103,22,81
113900236,91,280,-189
113900237,76,4,72
113900238,167,502,-335
113900239,39,60,-21
113900240,5,144,-139
113900241,77,33,44
113900242,26,98,-72
113900243,107,379,-272
113900244,251,151,100
113900245,1089,234,855
113900246,12,27,-15
113900247,143,327,-184
113900248,1902,1240,662
113900249,633,284,349
113900250,59,157,-98
113900251,520,151,369
113900252,395,10,385
113900253,527,54,473
113900254,661,102,559
113900255,299,23,276
113900256,283,22,261
113900257,29,524,-495
113900258,17,283,-266
113900259,382,120,262
113900260,139,8,131
113900261,26,67,-41
113900262,140,368,-228
113900263,157,464,-307
113900264,10,373,-363
113900265,111,175,-64
113900266,29,132,-103
113900267,88,398,-310
113900268,215,410,-195
113900269,78,129,-51
113900270,308,581,-273
113900271,513,743,-230
113900273,56,9,47
113900274,41,45,-4
113900275,19,38,-19
113900276,2,131,-129
113900277,56,5,51
113900278,220,135,85
113900279,52,41,11
113900280,1240,406,834
113900281,578,1059,-481
113900282,483,473,10
113900283,291,397,-106
113900284,660,248,412
113900285,121,53,68
113900286,10,71,-61
113900287,40,24,16
113900288,4,88,-84
113900289,567,54,513
113900290,215,140,75
113900291,60,143,-83
113900292,15,2,13
113900293,5,182,-177
113900294,346,14,332
113900295,250,280,-30
113900296,1387,384,1003
113900297,1979,47,1932
113900298,16,1393,-1377
113900299,52,118,-66
113900300,3205,1999,1206
113900301,493,214,279
113900302,2003,839,1164
113900303,320,293,27
113900304,2,109,-107
113900305,72,0,72
113900306,37,1,36
113900307,30,0,30
113900308,63,87,-24
113900309,3,762,-759
113900310,0,19,-19
113900311,3,0,3
113900312,175,184,-9
113900313,13,3,10
114000001,795,2186,-1391
114000002,221,213,8
114000003,18,159,-141
114000004,235,222,13
114000005,147,133,14
114000006,2000,1391,609
114000007,507,656,-149
114000008,863,1166,-303
114000009,468,161,307
114000011,2176,2117,59
114000012,1770,1309,461
114000013,1189,1125,64
114000014,359,205,154
114000015,1386,281,1105
114000016,163,255,-92
114000017,50,218,-168
114000018,159,42,117
114000026,1336,926,410
114000027,2227,1661,566
114000028,2007,2099,-92
114000038,225,101,124
114000039,84,37,47
114000040,66,137,-71
114000042,112,103,9
114000043,56,60,-4
114000044,138,19,119
114000045,57,55,2
114000046,3154,3101,53
114000047,13,51,-38
114000048,58,28,30
114000049,1027,951,76
114000050,1119,1415,-296
114000051,2074,1206,868
114000052,3580,955,2625
114000053,58,377,-319
114000054,198,485,-287
114000055,193,18,175
114000056,1038,660,378
114000057,3909,1649,2260
114000058,511,955,-444
114000059,198,281,-83
114000060,476,530,-54
114000061,2319,2137,182
114000062,1908,1103,805
114000063,2560,1322,1238
114000064,4921,2640,2281
114000065,1433,1908,-475
114000066,289,429,-140
114000067,24,474,-450
114000068,385,409,-24
114000069,631,402,229
114000070,1796,1411,385
114000071,489,335,154
114000072,188,138,50
114000073,46,63,-17
114000074,26,8,18
114000075,27,53,-26
114000076,14,74,-60
114000077,7,34,-27
114000078,197,346,-149
114000079,59,17,42
114000080,46,40,6
114000081,34,56,-22
114000082,25,299,-274
114000083,97,148,-51
114000084,209,89,120
114000085,72,369,-297
114000086,134,261,-127
114000087,80,97,-17
114000088,27,33,-6
114000089,531,255,276
114000090,619,638,-19
114000091,1082,512,570
114000092,654,259,395
114000093,930,523,407
114000094,270,246,24
114000095,196,104,92
114000096,130,310,-180
114000097,149,497,-348
114000098,418,78,340
114000099,425,411,14
114000100,989,557,432
114000101,326,575,-249
114000102,388,280,108
114000103,159,301,-142
114000104,8,160,-152
114000105,89,63,26
114000106,511,623,-112
114000107,230,95,135
114000108,1056,890,166
114000109,360,697,-337
114000110,463,1240,-777
114000111,1180,588,592
114000112,577,1666,-1089
114000113,887,388,499
114000114,1213,1219,-6
114000115,1341,881,460
114000116,532,1030,-498
114000117,2085,329,1756
114000118,1626,390,1236
114000119,1126,299,827
114000120,487,624,-137
114000121,287,576,-289
114000122,309,225,84
114000123,1432,318,1114
114000124,596,201,395
114000125,636,891,-255
114000126,1062,144,918
114000127,161,139,22
114000128,774,312,462
114000130,391,343,48
114000131,199,67,132
114000132,414,390,24
114000133,631,851,-220
114000134,67,84,-17
114000138,34,152,-118
114000139,304,185,119
114000144,572,370,202
114000145,59,126,-67
114000146,80,134,-54
114000147,1041,1387,-346
114000148,1519,1351,168
114000149,226,226,0
114000150,482,449,33
114000151,501,980,-479
114000152,104,26,78
114000153,542,1347,-805
114000154,594,397,197
114000155,993,1522,-529
114000156,600,450,150
114000157,284,774,-490
114000158,1064,565,499
114000159,133,320,-187
114000160,94,293,-199
114000161,1015,2457,-1442
114000162,823,1700,-877
114000163,2,78,-76
114000165,387,216,171
114000166,617,300,317
114000167,2194,1300,894
114000168,714,663,51
114000169,1053,1002,51
114000170,862,957,-95
114000171,875,2294,-1419
114000174,160,352,-192
114000176,459,378,81
114000177,1572,908,664
114000178,37,41,-4
114000179,1125,607,518
114000180,445,652,-207
114000181,1381,2870,-1489
114000182,2477,2031,446
114000183,781,854,-73
114000184,3016,1015,2001
114000185,813,706,107
114000189,609,84,525
114000190,1909,268,1641
114000191,55,66,-11
114000192,221,1189,-968
114000193,733,2581,-1848
114000194,959,793,166
114000195,124,29,95
114000196,1,169,-168
114000197,888,82,806
114000198,610,282,328
114000199,1512,1387,125
114000200,463,1097,-634
114000201,112,592,-480
114000202,793,345,448
114000203,331,490,-159
114000204,126,299,-173
114000205,145,1061,-916
114000206,449,1133,-684
114000207,487,1556,-1069
114000208,361,2009,-1648
114000209,455,1711,-1256
114000210,182,1141,-959
114000211,719,1179,-460
114000212,517,568,-51
114000213,930,433,497
114000214,100,148,-48
114000215,197,78,119
114000216,1025,189,836
114000217,236,130,106
114000218,76,214,-138
114000219,946,147,799
114000220,18,715,-697
114000221,569,97,472
114000222,133,745,-612
114000223,408,111,297
114000224,62,496,-434
114000225,206,507,-301
114000226,135,166,-31
114000227,615,363,252
114000228,641,677,-36
114000229,806,956,-150
114000230,1134,1090,44
114000231,593,1037,-444
114000232,436,94,342
114000233,1405,124,1281
114000234,881,789,92
114000235,830,1214,-384
114000236,0,363,-363
114000237,82,719,-637
114000238,98,133,-35
114000239,128,808,-680
114000240,588,541,47
114000241,284,897,-613
114000242,784,761,23
114000243,1007,714,293
114000244,351,313,38
114000245,286,539,-253
114000246,116,35,81
114000247,412,555,-143
114000248,832,433,399
114000249,355,365,-10
114000250,359,670,-311
114000251,294,226,68
114000252,80,57,23
114000253,37,57,-20
114000254,27,41,-14
114000255,320,115,205
114000256,1410,1748,-338
114000257,285,989,-704
114000258,222,276,-54
114000259,59,176,-117
114000260,0,22,-22
114000261,38,18,20
114000262,94,84,10
114000263,8,1,7
114000264,582,206,376
114000265,0,1,-1
114000267,1,1011,-1010
114000268,2,1211,-1209
114000270,153,6,147
114000271,292,44,248
114000283,922,291,631
114000285,29,137,-108
114000288,78,253,-175
114000289,781,100,681
114000293,100,291,-191
114000294,175,183,-8
114000395,950,52,898
114000396,427,377,50
114000402,347,239,108
114000403,242,268,-26
114000405,96,296,-200
114000423,288,281,7
114000424,304,115,189
114000425,621,260,361
114000426,287,617,-330
114000427,35,52,-17
114000428,215,158,57
114000429,3,166,-163
114000432,46,68,-22
114000434,23,58,-35
114000435,1,98,-97
114900001,480,709,-229
114900002,262,30,232
114900003,440,902,-462
114900004,189,338,-149
114900005,347,520,-173
114900006,56,47,9
114900007,151,25,126
114900008,73,49,24
114900010,1240,1478,-238
114900011,124,84,40
114900013,146,117,29
114900015,56,320,-264
114900018,550,17,533
114900020,123,42,81
114900022,52,424,-372
114900024,182,80,102
114900025,350,129,221
114900026,50,89,-39
114900027,156,174,-18
114900029,28,9,19
114900030,210,152,58
114900031,291,23,268
114900032,279,14,265
114900033,542,437,105
114900034,33,121,-88
114900035,156,214,-58
114900036,145,399,-254
114900037,98,126,-28
114900038,117,397,-280
114900039,334,318,16
114900040,86,63,23
114900041,507,438,69
114900042,583,573,10
114900043,397,143,254
114900044,96,33,63
114900046,24,66,-42
114900047,180,1365,-1185
114900048,108,219,-111
114900049,23,155,-132
114900050,26,233,-207
114900051,6,289,-283
114900052,16,144,-128
114900053,49,268,-219
114900054,18,107,-89
114900057,156,4,152
114900058,0,48,-48
114900059,53,42,11
114900060,915,593,322
114900061,102,102,0
114900062,181,183,-2
114900063,36,120,-84
114900064,1058,333,725
114900065,285,442,-157
114900067,30,357,-327
114900068,59,142,-83
114900069,150,67,83
114900070,365,268,97
114900072,4,215,-211
114900073,0,104,-104
114900074,445,369,76
114900075,224,4,220
114900076,6,259,-253
114900080,1164,286,878
114900082,2405,1467,938
114900083,989,965,24
114900090,188,118,70
114900091,76,142,-66
114900095,220,104,116
114900096,309,387,-78
114900097,173,2,171
114900098,9,174,-165
114900099,129,4,125
115000001,5219,3353,1866
115000002,2920,3165,-245
115000003,3921,2793,1128
115000004,2971,4289,-1318
115000005,1286,1751,-465
115000006,661,1185,-524
115000007,148,142,6
115000008,326,434,-108
115000009,180,192,-12
115000010,239,113,126
115000013,55,144,-89
115000015,99,275,-176
115000016,72,170,-98
115000019,28,400,-372
115000020,88,538,-450
115000021,277,436,-159
115000022,415,368,47
115000023,341,457,-116
115000024,910,465,445
115000025,690,636,54
115000026,142,351,-209
115000027,227,258,-31
115000028,200,811,-611
115000029,465,87,378
115000030,646,974,-328
115000031,1175,236,939
115000032,10,247,-237
115000033,115,28,87
115000034,69,921,-852
115000035,873,54,819
115000036,1,301,-300
115000037,505,6,499
115000038,23,165,-142
115000039,2789,2712,77
115000040,4476,2540,1936
115000041,924,2286,-1362
115000042,612,502,110
115000043,2901,1626,1275
115000044,2988,3381,-393
115000045,1932,1547,385
115000046,1579,1829,-250
115000047,1703,1066,637
115000048,1350,1962,-612
115000049,1438,2902,-1464
115000050,2465,1539,926
115000051,1362,2096,-734
115000052,2164,1547,617
115000053,1320,1186,134
115000054,650,1175,-525
115000055,144,510,-366
115000056,310,497,-187
115000057,560,980,-420
115000058,516,256,260
115000059,238,141,97
115000061,160,109,51
115000062,152,183,-31
115000063,196,239,-43
115000064,154,82,72
115000065,22,317,-295
115000067,178,23,155
115000069,73,252,-179
115000070,43,699,-656
115000071,125,21,104
115000072,5,75,-70
115000073,1114,53,1061
115000075,88,82,6
115000076,2686,2371,315
115000077,1511,1760,-249
115000078,969,1151,-182
115000079,937,1381,-444
115000080,1648,1938,-290
115000081,511,867,-356
115000082,2925,2966,-41
115000083,1779,2103,-324
115000084,1511,893,618
115000085,578,876,-298
115000086,725,570,155
115000087,379,1323,-944
115000088,1517,532,985
115000089,1155,1086,69
115000090,418,565,-147
115000091,206,798,-592
115000092,469,265,204
115000093,398,3,395
115000094,5034,4359,675
115000095,3519,4229,-710
115000096,588,1165,-577
115000097,591,640,-49
115000098,806,595,211
115000099,1877,2277,-400
115000100,677,295,382
115000101,289,1335,-1046
115000102,343,174,169
115000103,219,552,-333
115000105,62,164,-102
115000106,397,220,177
115000107,128,372,-244
115000108,2645,2192,453
115000109,2975,3019,-44
115000110,1275,1113,162
115000111,578,1575,-997
115000112,518,532,-14
115000113,432,745,-313
115000114,1400,541,859
115000116,3204,1798,1406
115000117,3070,2538,532
115000118,1653,1279,374
115000119,1591,1945,-354
115000120,460,1015,-555
115000121,1355,720,635
115000122,3034,1094,1940
115000123,1121,1649,-528
115000124,1175,865,310
115000125,330,444,-114
115000126,101,249,-148
115000127,401,85,316
115000128,367,696,-329
115000129,278,240,38
115000130,340,654,-314
115000131,726,233,493
115000132,179,255,-76
115000133,421,187,234
115000134,135,170,-35
115000135,172,112,60
115000136,218,226,-8
115000137,67,125,-58
115000138,248,289,-41
115000139,186,238,-52
115000140,311,236,75
115000141,136,255,-119
115000142,143,238,-95
115000143,625,427,198
115000144,528,77,451
115000145,227,319,-92
115000146,277,246,31
115000147,437,394,43
115000148,243,819,-576
115000149,464,188,276
115000150,575,655,-80
115000151,792,402,390
115000152,485,842,-357
115000153,680,378,302
115000154,622,196,426
115000155,642,691,-49
115000156,878,534,344
115000157,694,626,68
115000158,507,290,217
115000159,608,478,130
115000160,380,254,126
115000161,143,383,-240
115000162,699,608,91
115000163,487,639,-152
115000164,659,481,178
115000165,390,494,-104
115000167,87,68,19
115000168,511,333,178
115000169,536,258,278
115000170,125,107,18
115000171,247,194,53
115000172,834,549,285
115000173,314,337,-23
115000174,95,226,-131
115000175,185,75,110
115000176,178,81,97
115000177,87,62,25
115000178,61,167,-106
115000179,43,14,29
115000180,112,425,-313
115000181,528,124,404
115000182,641,205,436
115000183,243,675,-432
115000186,605,229,376
115000187,161,669,-508
115000188,359,439,-80
115000189,191,387,-196
115000190,634,376,258
115000191,175,435,-260
115000194,97,189,-92
115000195,177,234,-57
115000196,109,92,17
115000197,172,167,5
115000198,201,165,36
115000199,282,137,145
115000200,231,108,123
115000201,117,277,-160
115000206,292,47,245
115000207,82,247,-165
115000208,277,538,-261
115000209,503,197,306
115000210,89,105,-16
115000211,180,201,-21
115000212,1286,255,1031
115000224,461,41,420
115000225,23,103,-80
115000229,135,150,-15
115000230,72,283,-211
115000231,254,1472,-1218
115000232,1185,245,940
115000233,85,150,-65
115000234,24,238,-214
115000241,58,158,-100
115000242,101,226,-125
115000243,42,182,-140
115000244,10,73,-63
115000246,27,9,18
115000247,8,13,-5
115000248,19,18,1
115000249,22,16,6
115000250,213,31,182
115000251,213,83,130
115000252,62,155,-93
115000253,13,351,-338
115000258,253,147,106
115000259,239,85,154
115000261,11,15,-4
115000262,6,22,-16
115000263,6,48,-42
115000264,20,27,-7
115000267,89,49,40
115000268,24,112,-88
115000269,110,61,49
115000270,10,13,-3
115000272,41,136,-95
115000273,294,17,277
115000280,1441,135,1306
115000281,474,428,46
115000282,957,511,446
115000284,301,145,156
115000296,1133,13,1120
115000297,218,72,146
115000298,109,283,-174
115000300,151,159,-8
115000302,557,114,443
115000303,552,97,455
115000304,445,73,372
115000305,71,479,-408
115000306,140,200,-60
115000307,72,138,-66
115000308,22,13,9
115000309,12,36,-24
115000310,812,784,28
115000311,650,887,-237
115000313,96,426,-330
115000314,374,106,268
115000315,880,397,483
115000316,30,91,-61
115000317,148,347,-199
115000318,573,279,294
115000319,29,251,-222
115000320,7,246,-239
115000321,295,7,288
115000322,51,184,-133
115000449,199,171,28
115000557,3,788,-785
115000558,466,60,406
115000587,403,228,175
115000588,2008,2302,-294
115000589,2794,2023,771
115000590,809,901,-92
115000591,965,515,450
115000592,540,1366,-826
115000593,1118,451,667
115000594,832,2016,-1184
115000609,148,235,-87
115000617,1235,2209,-974
115000624,208,44,164
115000633,299,1738,-1439
115000634,2051,712,1339
115000635,428,104,324
115000638,471,618,-147
115000641,68,123,-55
115000642,272,236,36
115000643,134,397,-263
115000644,170,302,-132
115000646,707,1334,-627
115000647,167,323,-156
115000648,1183,1624,-441
115000893,2566,1333,1233
115000894,130,950,-820
115000895,432,714,-282
115000896,1038,338,700
115000897,458,123,335
115000898,523,173,350
115000899,377,932,-555
115000900,125,319,-194
115000901,68,102,-34
115000912,252,76,176
115000913,5,13,-8
115000915,20,1,19
115000916,6,1,5
115000917,0,16,-16
115000918,56,278,-222
115000919,4,11,-7
115000920,97,38,59
115000921,413,58,355
115000922,1006,576,430
115000923,442,880,-438
115000925,126,47,79
115000927,34,48,-14
115000933,191,174,17
115000934,127,194,-67
115000935,94,93,1
115000936,8,411,-403
115000937,621,122,499
115000938,152,173,-21
115000939,142,162,-20
115000940,24,18,6
115000941,8,11,-3
115000942,14,97,-83
115000943,25,11,14
115000944,27,15,12
115900001,71,26,45
115900002,60,65,-5
115900003,140,84,56
115900004,2,41,-39
115900005,142,8,134
115900006,106,164,-58
115900008,41,6,35
115900009,86,143,-57
115900010,182,119,63
115900011,273,169,104
115900012,128,46,82
115900013,276,116,160
115900014,78,112,-34
115900015,63,52,11
115900016,71,19,52
115900017,2,5,-3
115900018,98,47,51
115900019,144,11,133
115900020,36,0,36
115900021,891,114,777
115900022,811,6,805
115900023,58,4,54
115900025,38,172,-134
115900026,620,164,456
115900027,0,151,-151
115900028,515,42,473
115900029,2,230,-228
115900030,27,27,0
115900031,333,235,98
115900032,343,539,-196
115900033,0,22,-22
115900034,26,262,-236
115900035,19,17,2
115900036,61,470,-409
115900037,25,242,-217
115900038,37,9,28
115900039,143,110,33
115900041,503,417,86
115900042,14,4,10
115900043,114,60,54
115900044,170,177,-7
115900046,180,180,0
115900047,119,96,23
115900049,80,158,-78
115900051,1,31,-30
115900052,13,164,-151
115900053,155,140,15
115900054,143,36,107
115900055,17,104,-87
115900056,136,170,-34
115900057,13,6,7
115900058,42,64,-22
115900060,75,71,4
115900061,244,2,242
115900062,42,240,-198
115900063,82,12,70
115900064,127,282,-155
115900065,120,49,71
115900066,149,86,63
115900067,3,494,-491
115900068,2298,557,1741
115900069,35,180,-145
115900070,147,129,18
115900071,0,261,-261
115900072,54,106,-52
115900073,40,61,-21
115900074,0,208,-208
115900075,14,148,-134
115900076,7,40,-33
115900077,4,182,-178
115900078,35,72,-37
115900079,140,19,121
115900080,343,152,191
115900081,7,61,-54
115900082,99,110,-11
115900084,319,18,301
115900085,37,102,-65
115900086,1283,464,819
115900088,12,64,-52
115900089,224,606,-382
115900090,211,9,202
115900091,2,13,-11
115900092,13,166,-153
115900093,3,14,-11
115900094,6,247,-241
115900096,7,12,-5
115900097,16,314,-298
115900098,133,239,-106
115900099,43,41,2
115900100,5,400,-395
115900101,130,215,-85
115900102,21,37,-16
115900103,225,158,67
115900104,36,89,-53
115900105,152,382,-230
115900106,25,25,0
115900107,63,79,-16
115900108,69,35,34
115900109,42,305,-263
115900110,2,25,-23
115900111,1,64,-63
115900112,29,711,-682
115900113,56,22,34
115900114,1,85,-84
115900115,59,147,-88
115900116,84,525,-441
115900117,41,12,29
115900118,9,219,-210
115900119,120,86,34
115900120,28,172,-144
115900121,106,134,-28
115900124,98,475,-377
115900125,225,50,175
115900126,459,78,381
115900127,583,58,525
115900128,5,81,-76
115900129,551,34,517
115900130,19,189,-170
115900131,233,27,206
115900132,468,7,461
115900134,276,13,263
115900135,370,846,-476
115900137,58,1,57
115900139,39,27,12
115900140,191,25,166
115900141,16,40,-24
115900142,15,20,-5
115900143,114,170,-56
115900144,72,114,-42
115900146,4,84,-80
115900147,193,166,27
115900148,83,2,81
115900149,60,21,39
115900150,57,29,28
115900151,14,54,-40
115900152,67,249,-182
115900153,115,141,-26
115900154,383,358,25
115900155,0,28,-28
115900156,442,653,-211
115900157,113,338,-225
115900158,19,14,5
115900159,112,199,-87
115900160,15,7,8
115900161,62,157,-95
115900163,148,109,39
115900164,395,5,390
115900166,200,94,106
115900168,73,127,-54
115900171,93,339,-246
115900172,71,105,-34
115900173,235,115,120
115900174,175,208,-33
115900175,111,186,-75
115900178,4,446,-442
115900179,169,10,159
115900180,22,104,-82
115900181,111,134,-23
115900182,321,139,182
115900183,47,37,10
115900184,1295,14,1281
115900187,9,121,-112
115900189,1,151,-150
115900190,177,1068,-891
115900191,37,291,-254
115900192,2,88,-86
115900193,56,93,-37
115900194,560,49,511
115900195,469,1529,-1060
115900198,171,177,-6
115900199,103,141,-38
115900200,197,213,-16
115900201,479,294,185
115900202,0,19,-19
115900203,0,8,-8
115900204,7,16,-9
115900205,77,38,39
115900206,119,125,-6
115900207,19,19,0
115900208,114,102,12
115900209,5,90,-85
115900210,3,124,-121
115900211,1,160,-159
115900212,98,180,-82
115900213,123,49,74
115900214,331,183,148
115900215,14,73,-59
115900216,2,62,-60
115900217,0,25,-25
115900218,1,22,-21
115900219,75,4,71
115900220,130,7,123
115900221,37,12,25
115900222,38,26,12
115900223,8,227,-219
115900224,693,653,40
115900225,51,18,33
115900226,28,39,-11
115900227,10,22,-12
115900228,4,14,-10
115900229,5,33,-28
115900230,28,99,-71
115900231,97,3,94
115900232,50,1,49
115900233,52,11,41
115900234,29,16,13
115900235,9,29,-20
115900236,13,4,9
115900237,12,24,-12
115900238,16,9,7
115900239,5,28,-23
115900240,5,44,-39
115900241,143,69,74
115900242,231,235,-4
115900243,3,6,-3
115900244,5,8,-3
115900245,49,9,40
115900246,10,11,-1
115900247,40,15,25
115900248,16,7,9
115900249,0,6,-6
115900250,2,19,-17
115900251,0,12,-12
115900252,4,5,-1
115900253,4,6,-2
115900254,15,25,-10
115900255,15,17,-2
115900256,13,19,-6
115900257,6,7,-1
115900258,0,1,-1
115900259,3,1,2
115900260,10,0,10
115900261,5,2,3
115900262,3,0,3
115900263,9,0,9
115900264,8,5,3
115900265,0,9,-9
115900266,3,25,-22
115900267,14,13,1
115900268,10,6,4
115900269,265,266,-1
115900270,339,223,116
115900271,74,1,73
115900272,16,3,13
115900273,3,11,-8
115900274,2,6,-4
115900275,0,5,-5
115900276,0,8,-8
115900277,0,45,-45
115900278,17,68,-51
115900279,9,129,-120
115900280,25,255,-230
115900281,339,145,194
115900282,6,7,-1
115900283,5,20,-15
115900284,11,5,6
116000001,8573,3578,4995
116000002,3617,6811,-3194
116000003,1284,1238,46
116000004,1553,2216,-663
116000005,2060,2551,-491
116000006,2165,1497,668
116000007,2329,2768,-439
116000008,2607,1623,984
116000009,1505,2206,-701
116000010,1592,1165,427
116000011,711,1727,-1016
116000012,1038,814,224
116000013,7116,3322,3794
116000014,8637,6776,1861
116000015,204,846,-642
116000016,3857,1966,1891
116000017,18,448,-430
116000018,473,215,258
116000019,478,214,264
116000020,393,480,-87
116000021,250,210,40
116000022,287,244,43
116000023,680,427,253
116000024,558,607,-49
116000025,550,568,-18
116000026,1399,1776,-377
116000027,615,431,184
116000028,364,487,-123
116000029,535,550,-15
116000030,585,336,249
116000031,135,324,-189
116000032,322,180,142
116000033,224,392,-168
116000034,371,644,-273
116000035,218,494,-276
116000036,1594,805,789
116000037,612,344,268
116000038,379,396,-17
116000039,597,270,327
116000040,605,231,374
116000041,154,325,-171
116000042,446,187,259
116000043,62,461,-399
116000044,10,83,-73
116000045,1185,778,407
116000046,725,1059,-334
116000047,1091,1514,-423
116000048,1330,1338,-8
116000049,830,2045,-1215
116000050,934,876,58
116000051,4553,1817,2736
116000052,4539,3657,882
116000053,1441,644,797
116000054,523,1847,-1324
116000055,411,810,-399
116000056,601,774,-173
116000057,1584,1283,301
116000058,1737,1518,219
116000059,1904,2861,-957
116000060,1448,772,676
116000061,517,622,-105
116000062,611,193,418
116000063,516,694,-178
116000066,185,414,-229
116000067,165,301,-136
116000068,134,188,-54
116000069,176,317,-141
116000078,363,818,-455
116000080,1324,875,449
116000082,5,54,-49
116000083,1167,254,913
116000084,1788,3590,-1802
116000085,1828,1405,423
116000086,1714,1212,502
116000087,1319,1145,174
116000088,575,833,-258
116000089,143,70,73
116000090,93,145,-52
116000091,219,211,8
116000093,514,254,260
116000094,423,563,-140
116000095,587,308,279
116000096,464,935,-471
116000097,563,473,90
116000098,92,3319,-3227
116000099,3844,213,3631
116000100,157,9,148
116000101,635,579,56
116000102,228,886,-658
116000103,328,175,153
116000104,157,899,-742
116000105,778,129,649
116000106,259,519,-260
116000107,1139,269,870
116000108,119,126,-7
116000111,107,25,82
116000113,75,70,5
116000114,30,131,-101
116000115,165,72,93
116000116,214,389,-175
116000117,1097,1686,-589
116000118,1096,986,110
116000119,2485,1799,686
116000120,2426,3479,-1053
116000121,567,445,122
116000122,794,1245,-451
116000123,710,330,380
116000124,290,824,-534
116000125,1942,635,1307
116000126,197,1426,-1229
116000127,804,1030,-226
116000128,1106,701,405
116000129,881,169,712
116000130,420,326,94
116000133,535,609,-74
116000134,1501,1715,-214
116000135,1579,1185,394
116000136,851,1749,-898
116000137,699,487,212
116000138,632,465,167
116000139,1291,1407,-116
116000140,109,133,-24
116000141,245,497,-252
116000142,2229,2415,-186
116000143,1381,1168,213
116000144,1149,1602,-453
116000145,1156,962,194
116000146,370,217,153
116000147,207,88,119
116000148,272,358,-86
116000149,353,381,-28
116000151,525,385,140
116000153,67,383,-316
116000155,178,205,-27
116000156,317,862,-545
116000157,48,17,31
116000158,248,220,28
116000159,17,4,13
116000160,8,32,-24
116000161,2,84,-82
116000162,44,40,4
116000163,14,12,2
116000164,6,12,-6
116000177,79,52,27
116000194,63,318,-255
116000195,1222,621,601
116000196,10,1,9
116000197,3,15,-12
116000198,1752,670,1082
116000200,483,246,237
116000201,439,480,-41
116000202,8,206,-198
116000203,1,80,-79
116000204,18,70,-52
116000205,0,148,-148
116000206,2,59,-57
116000207,6,31,-25
116000233,122,312,-190
116000287,110,371,-261
116000288,188,155,33
116000292,25,77,-52
116000296,19,186,-167
116000297,98,32,66
116000304,79,26,53
116000305,16,37,-21
116000346,106,91,15
116000352,50,24,26
116000354,13,6,7
116000357,15,19,-4
116000358,261,36,225
116000361,250,7,243
116000372,4291,2600,1691
116000381,79,1,78
116000388,1,42,-41
116000389,603,416,187
116000445,248,357,-109
116000446,405,443,-38
116000447,11,392,-381
116000448,413,147,266
116000563,559,528,31
116000565,27,273,-246
116000568,28,216,-188
116000579,31,75,-44
116000584,15,7,8
116000585,11,5,6
116000586,47,51,-4
116000587,338,462,-124
116000589,18,67,-49
116000590,44,41,3
116000591,204,164,40
116000592,12,63,-51
116000593,0,15,-15
116000594,355,308,47
116000595,343,103,240
116000596,39,4,35
116000597,340,62,278
116000598,18,120,-102
116000605,200,79,121
116000606,71,202,-131
116000607,7,24,-17
116000609,122,613,-491
116000611,73,392,-319
116000612,578,1416,-838
116000613,376,254,122
116000614,342,452,-110
116000615,0,216,-216
116000616,36,49,-13
116000617,40,33,7
116000618,5,59,-54
116000619,40,48,-8
116000620,69,74,-5
116000621,39,64,-25
116000622,50,105,-55
116000624,99,47,52
116000627,37,52,-15
116000628,51,379,-328
116000629,27,283,-256
116000630,332,7,325
116000631,148,22,126
116000632,507,69,438
116000633,130,139,-9
116000634,265,158,107
116000635,2349,1572,777
116000636,722,800,-78
116000637,365,49,316
116000638,114,250,-136
116000640,15,21,-6
116000641,56,137,-81
116000644,29,401,-372
116900001,139,92,47
116900002,128,1,127
116900003,13,24,-11
116900004,33,45,-12
116900005,200,53,147
116900006,100,145,-45
116900007,69,93,-24
116900008,280,244,36
116900009,11,5,6
116900010,3,875,-872
116900011,8,20,-12
116900012,81,114,-33
116900013,2,124,-122
116900014,57,159,-102
116900015,233,43,190
116900016,162,4,158
116900017,4,407,-403
116900018,46,26,20
116900019,2,220,-218
116900020,696,575,121
116900023,31,9,22
116900024,375,42,333
116900025,634,618,16
116900026,105,429,-324
116900027,38,41,-3
116900028,6,59,-53
116900029,0,41,-41
116900031,0,1,-1
116900032,0,245,-245
116900033,8,7,1
116900034,9,51,-42
116900035,124,139,-15
116900036,0,75,-75
116900038,22,0,22
116900041,18,14,4
116900042,444,208,236
116900043,12,38,-26
116900047,17,87,-70
116900049,11,230,-219
116900050,88,283,-195
116900051,64,116,-52
116900052,156,68,88
116900055,0,11,-11
116900057,8,134,-126
116900058,18,241,-223
116900059,0,99,-99
116900060,163,148,15
116900062,9,13,-4
116900064,65,453,-388
116900065,24,71,-47
116900067,100,53,47
116900068,105,116,-11
116900070,0,0,0
116900072,18,250,-232
116900073,11,62,-51
116900074,2,28,-26
116900076,4,16,-12
116900077,8,67,-59
116900078,224,77,147
116900079,36,115,-79
116900080,20,12,8
116900081,281,860,-579
116900082,420,575,-155
116900083,51,25,26
116900084,153,48,105
116900085,45,135,-90
116900086,31,104,-73
116900088,224,51,173
116900090,159,35,124
116900091,311,18,293
116900092,67,510,-443
116900093,1245,1291,-46
116900094,2933,2368,565
116900095,145,60,85
116900096,37,198,-161
116900097,1952,1684,268
116900098,665,276,389
116900099,510,333,177
116900100,573,14,559
116900101,256,332,-76
116900103,2,1,1
116900104,75,49,26
116900105,184,84,100
116900106,1195,70,1125
116900107,2213,1610,603
116900110,3,0,3
116900111,320,341,-21
116900112,185,575,-390
116900113,1129,953,176
116900116,87,402,-315
116900117,47,80,-33
116900118,533,642,-109
116900120,343,50,293
116900121,51,9,42
116900122,494,443,51
116900123,119,540,-421
116900124,140,675,-535
116900125,267,120,147
116900126,82,395,-313
116900128,1,30,-29
116900129,0,194,-194
116900130,421,1862,-1441
116900131,45,202,-157
116900132,27,91,-64
116900133,76,90,-14
116900134,145,148,-3
116900136,122,98,24
116900137,182,95,87
116900138,108,145,-37
116900139,108,351,-243
116900140,140,90,50
116900141,510,424,86
116900142,9,73,-64
116900143,178,355,-177
116900144,16,74,-58
116900145,99,140,-41
116900147,432,391,41
116900148,1,27,-26
116900149,34,175,-141
116900150,9,8,1
116900151,39,7,32
116900153,71,55,16
116900154,436,304,132
116900155,46,50,-4
116900157,467,198,269
116900158,105,185,-80
116900159,93,217,-124
116900160,720,500,220
116900161,3507,3461,46
116900162,26,89,-63
116900163,114,132,-18
116900164,51,64,-13
116900165,183,177,6
116900166,21,55,-34
116900167,295,55,240
116900168,226,69,157
116900169,484,337,147
116900170,194,434,-240
116900171,28,103,-75
116900172,144,186,-42
116900173,149,30,119
116900174,34,62,-28
116900175,112,118,-6
116900178,27,77,-50
116900179,62,206,-144
116900180,59,31,28
116900182,316,157,159
116900183,109,129,-20
116900185,17,42,-25
116900186,47,124,-77
116900187,30,35,-5
116900188,82,27,55
116900189,81,2,79
116900191,287,414,-127
116900192,174,104,70
116900194,101,943,-842
116900195,39,37,2
116900196,9,65,-56
116900197,77,5,72
116900198,128,136,-8
116900200,70,34,36
116900201,82,6,76
116900202,94,28,66
116900203,95,1,94
116900204,29,68,-39
116900206,9,18,-9
116900207,44,19,25
116900208,2,76,-74
116900209,24,72,-48
116900210,368,169,199
116900211,120,5,115
116900212,26,36,-10
116900213,146,91,55
116900214,104,102,2
116900215,26,44,-18
116900216,146,142,4
116900218,5,123,-118
116900219,1243,282,961
116900220,72,126,-54
116900221,61,230,-169
116900222,275,204,71
116900223,72,172,-100
116900226,47,44,3
116900227,154,52,102
116900228,258,143,115
116900230,39,203,-164
116900231,20,244,-224
116900232,8,276,-268
116900233,141,65,76
116900234,5,5,0
116900235,128,258,-130
116900238,1330,263,1067
116900239,6,1164,-1158
116900240,3187,1827,1360
116900241,45,65,-20
116900242,716,312,404
116900243,1,16,-15
116900245,19,14,5
116900246,97,14,83
116900247,494,33,461
116900248,57,18,39
116900249,225,47,178
116900250,219,25,194
116900251,343,212,131
116900252,68,507,-439
116900253,126,65,61
116900254,23,77,-54
116900255,86,35,51
116900256,186,75,111
116900257,31,223,-192
116900258,1,181,-180
116900259,143,15,128
116900260,2,98,-96
116900261,37,1,36
116900262,128,114,14
116900263,0,13,-13
116900264,40,39,1
116900265,13,1,12
116900266,15,23,-8
116900267,2,0,2
116900268,56,24,32
116900269,209,418,-209
116900271,712,209,503
116900272,316,193,123
116900273,137,61,76
116900274,95,40,55
116900275,117,69,48
116900276,349,95,254
116900277,339,21,318
116900278,5,8,-3
116900279,0,12,-12
116900280,21,17,4
116900281,3806,2473,1333
116900282,7,78,-71
116900283,16,64,-48
116900284,9,163,-154
116900285,167,115,52
116900286,153,14,139
116900287,2,17,-15
116900288,41,90,-49
116900289,13,6,7
116900290,2,26,-24
116900291,12,3,9
116900292,0,19,-19
116900293,37,47,-10
116900294,14,94,-80
116900295,96,46,50
116900296,48,60,-12
116900297,14,67,-53
116900298,100,43,57
116900299,19,27,-8
116900300,1,60,-59
116900301,52,76,-24
116900302,83,66,17
116900303,225,58,167
116900304,1,131,-130
116900305,24,60,-36
116900306,112,74,38
116900307,25,2,23
116900308,0,73,-73
116900309,54,106,-52
117000001,1332,1015,317
117000002,1399,3231,-1832
117000003,4686,2307,2379
117000004,3138,4092,-954
117000005,1548,1420,128
117000006,1076,2826,-1750
117000007,2662,961,1701
117000008,904,2982,-2078
117000009,3806,1656,2150
117000010,2361,3485,-1124
117000011,1566,1385,181
117000012,877,1216,-339
117000013,1713,687,1026
117000014,1031,1865,-834
117000015,1907,1000,907
117000016,264,77,187
117000017,413,75,338
117000018,142,456,-314
117000019,97,21,76
117000020,374,858,-484
117000021,1513,462,1051
117000022,511,110,401
117000023,426,214,212
117000024,263,197,66
117000025,564,777,-213
117000026,2281,1016,1265
117000027,1980,2666,-686
117000028,2467,1087,1380
117000030,343,333,10
117000031,266,160,106
117000032,1583,859,724
117000033,903,523,380
117000034,283,251,32
117000035,259,232,27
117000036,291,266,25
117000037,196,116,80
117000038,198,439,-241
117000039,316,219,97
117000040,178,849,-671
117000041,734,154,580
117000044,20,734,-714
117000045,439,82,357
117000046,330,638,-308
117000047,710,543,167
117000048,1664,890,774
117000049,80,389,-309
117000050,84,1473,-1389
117000051,1567,137,1430
117000052,47,293,-246
117000053,497,66,431
117000054,1447,10,1437
117000055,15,2205,-2190
117000056,570,23,547
117000057,483,1937,-1454
117000060,295,1067,-772
117000061,1040,623,417
117000062,191,550,-359
117000063,1235,791,444
117000064,640,720,-80
117000066,785,677,108
117000067,110,430,-320
117000074,115,142,-27
117000076,35,36,-1
117000077,108,106,2
117000078,81,512,-431
117000079,257,218,39
117000080,2,277,-275
117000081,747,134,613
117000082,17,53,-36
117000083,121,5,116
117000084,176,1,175
117000085,223,540,-317
117000086,581,386,195
117000087,100,425,-325
117000088,224,150,74
117000089,1035,188,847
117000090,235,962,-727
117000091,611,186,425
117000092,279,1037,-758
117000093,863,616,247
117000094,1157,2492,-1335
117000095,2826,701,2125
117000096,437,2102,-1665
117000097,938,1014,-76
117000098,1999,3627,-1628
117000099,2218,917,1301
117000100,106,222,-116
117000101,177,801,-624
117000102,1158,624,534
117000103,567,1331,-764
117000104,897,514,383
117000105,672,1193,-521
117000106,681,619,62
117000107,429,1542,-1113
117000108,1062,759,303
117000109,1497,2119,-622
117000110,962,760,202
117000111,3031,3393,-362
117000112,2310,1427,883
117000113,95,208,-113
117000114,139,120,19
117000115,65,87,-22
117000116,108,162,-54
117000117,1148,662,486
117000118,212,136,76
117000119,193,104,89
117000120,168,317,-149
117000121,98,669,-571
117000122,288,567,-279
117000123,1227,33,1194
117000124,570,40,530
117000125,343,63,280
117000126,108,8,100
117000127,193,215,-22
117000128,421,576,-155
117000129,331,446,-115
117000130,104,2,102
117000131,0,98,-98
117000132,1603,15,1588
117000133,1024,31,993
117000134,1,64,-63
117000135,3,45,-42
117000136,3,23,-20
117000137,56,95,-39
117000138,1,464,-463
117000140,307,1232,-925
117000141,1150,400,750
117000181,390,538,-148
117000182,336,266,70
117000195,190,843,-653
117000196,142,108,34
117000225,161,15,146
117000226,14,200,-186
117000276,152,10,142
117000277,1,282,-281
117000310,1426,1648,-222
117000315,36,611,-575
117000320,84,0,84
117000906,259,16,243
117000907,11,235,-224
117000909,30,19,11
117000910,108,127,-19
117000911,74,167,-93
117000915,4,441,-437
117000916,19,4,15
117000917,825,19,806
117000918,32,50,-18
117000919,14,80,-66
117000920,2,953,-951
117000921,0,835,-835
117000922,30,77,-47
117000924,298,647,-349
117000926,656,92,564
117000927,1201,632,569
117000928,0,90,-90
117000929,177,245,-68
117000930,112,10,102
117000931,353,123,230
117900002,114,310,-196
117900003,635,303,332
117900005,4,60,-56
117900006,0,23,-23
117900007,100,67,33
117900008,0,17,-17
117900010,200,84,116
117900011,139,76,63
117900012,39,64,-25
117900013,0,166,-166
117900014,430,119,311
117900015,16,76,-60
117900016,824,611,213
117900017,420,193,227
117900018,272,97,175
117900019,242,204,38
117900020,42,355,-313
117900021,28,63,-35
117900022,27,4,23
117900023,613,66,547
117900024,110,54,56
117900025,33,4,29
117900026,203,160,43
117900028,53,3,50
117900029,161,457,-296
117900030,384,319,65
117900031,158,114,44
117900032,490,357,133
117900033,144,415,-271
117900034,39,46,-7
117900035,125,44,81
117900036,136,270,-134
117900037,106,71,35
117900038,38,237,-199
117900039,0,40,-40
117900040,78,350,-272
117900041,9,33,-24
117900042,2356,249,2107
117900043,28,48,-20
117900044,4,2032,-2028
117900045,155,118,37
117900048,223,285,-62
117900049,154,290,-136
117900050,4,68,-64
117900051,24,0,24
117900052,20,243,-223
117900053,1112,472,640
117900054,0,42,-42
117900055,150,147,3
117900056,236,31,205
117900057,1061,984,77
117900058,262,20,242
117900059,307,88,219
117900060,1524,3912,-2388
117900061,18,157,-139
117900063,207,162,45
117900065,486,900,-414
117900066,5,27,-22
117900067,324,138,186
117900069,422,201,221
117900070,274,17,257
117900071,59,92,-33
117900073,332,185,147
117900074,184,33,151
117900075,54,62,-8
117900076,17,56,-39
117900077,333,90,243
117900078,168,627,-459
117900080,88,36,52
117900081,374,234,140
117900082,312,258,54
117900083,201,306,-105
117900086,123,26,97
117900087,96,22,74
117900088,2963,1727,1236
117900089,1449,572,877
117900090,283,310,-27
117900091,154,171,-17
117900092,45,19,26
117900093,40,31,9
117900094,26,9,17
117900095,250,282,-32
117900096,63,191,-128
117900097,100,38,62
117900098,8,4,4
117900099,125,141,-16
117900100,130,0,130
117900101,273,1082,-809
117900102,38,36,2
117900103,54,3,51
117900104,25,74,-49
117900105,97,124,-27
117900106,48,39,9
117900107,21,0,21
117900109,377,269,108
117900110,56,0,56
117900111,177,9,168
117900112,68,10,58
117900113,2222,1095,1127
117900114,8,0,8
117900115,227,39,188
117900116,704,684,20
117900117,326,261,65
117900118,34,1,33
117900119,121,176,-55
117900120,159,69,90
117900121,31,2,29
117900122,916,2069,-1153
117900123,487,311,176
117900124,556,517,39
117900125,1270,1480,-210
117900126,163,378,-215
117900127,332,304,28
117900128,263,376,-113
117900129,40,0,40
117900130,514,292,222
117900131,1,79,-78
117900132,9,87,-78
117900133,14,116,-102
117900134,31,165,-134
117900135,21,136,-115
117900136,0,47,-47
117900137,31,275,-244
117900138,1,40,-39
117900139,112,99,13
117900140,2217,127,2090
117900141,293,159,134
117900142,88,26,62
117900144,62,147,-85
117900145,116,42,74
117900146,181,167,14
117900147,38,37,1
117900148,1972,994,978
117900149,97,183,-86
117900150,33,34,-1
117900151,44,72,-28
117900152,87,48,39
117900153,10,70,-60
117900154,300,438,-138
117900156,822,838,-16
117900157,73,431,-358
117900158,177,82,95
117900160,358,528,-170
117900161,2218,1705,513
117900162,233,331,-98
117900163,102,50,52
117900165,0,7,-7
117900166,91,392,-301
117900168,27,115,-88
117900169,0,54,-54
117900170,0,37,-37
117900171,1,14,-13
117900172,11,30,-19
117900173,141,74,67
117900174,14,63,-49
117900175,13,23,-10
117900176,18,25,-7
117900177,12,37,-25
117900178,73,34,39
117900180,253,30,223
117900181,67,220,-153
117900182,2,23,-21
117900183,53,125,-72
117900184,14,58,-44
117900185,26,48,-22
117900186,31,22,9
117900187,4,6,-2
117900188,146,44,102
117900189,46,38,8
117900190,12,1,11
117900191,90,1,89
117900192,206,2,204
117900193,10,45,-35
117900194,9,2,7
117900195,9,62,-53
117900196,9,21,-12
117900207,130,113,17
117900208,25,18,7
117900209,122,111,11
117900210,87,140,-53
117900211,10,106,-96
117900212,62,118,-56
117900213,20,10,10
117900214,4,17,-13
117900215,13,28,-15
117900216,17,11,6
117900217,75,208,-133
117900218,111,108,3
117900219,2,70,-68
117900220,104,89,15
117900222,168,170,-2
117900223,116,180,-64
118000001,616,648,-32
118000002,872,1542,-670
118000003,2080,2085,-5
118000004,3386,2446,940
118000005,3805,3636,169
118000006,4485,8018,-3533
118000007,4490,3015,1475
118000008,5359,2954,2405
118000009,1654,2129,-475
118000010,4222,3252,970
118000011,907,1544,-637
118000012,982,1383,-401
118000013,1930,1842,88
118000014,1424,1907,-483
118000016,96,351,-255
118000017,414,327,87
118000018,285,429,-144
118000019,1983,1120,863
118000020,1293,2465,-1172
118000021,637,2260,-1623
118000022,1512,626,886
118000023,879,238,641
118000024,1200,831,369
118000027,10481,8601,1880
118000029,675,535,140
118000032,903,2451,-1548
118000033,2692,3817,-1125
118000034,4360,2192,2168
118000035,1418,1993,-575
118000036,880,846,34
118000037,611,559,52
118000038,148,63,85
118000039,131,173,-42
118000040,1103,923,180
118000041,1703,923,780
118000045,605,140,465
118000046,1243,399,844
118000047,924,538,386
118000048,3717,1470,2247
118000051,1606,1224,382
118000052,1028,467,561
118000053,581,699,-118
118000054,1535,2155,-620
118000055,1630,2422,-792
118000056,259,276,-17
118000057,261,584,-323
118000058,3693,937,2756
118000059,1756,616,1140
118000060,723,410,313
118000061,787,928,-141
118000062,555,257,298
118000063,268,349,-81
118000064,672,810,-138
118000065,3831,1325,2506
118000066,506,1001,-495
118000067,1263,747,516
118000068,1790,3197,-1407
118000069,2681,834,1847
118000070,4306,1354,2952
118000071,2585,4567,-1982
118000072,1673,991,682
118000073,2567,484,2083
118000074,407,745,-338
118000075,551,224,327
118000076,1321,1699,-378
118000077,1227,954,273
118000078,1401,1681,-280
118000079,207,285,-78
118000080,1099,810,289
118000081,1602,996,606
118000082,234,881,-647
118000083,1241,1290,-49
118000084,2642,1123,1519
118000086,287,457,-170
118000087,4130,2132,1998
118000088,1532,1423,109
118000089,2534,1609,925
118000090,1221,1965,-744
118000091,656,1622,-966
118000092,876,433,443
118000093,97,603,-506
118000096,421,453,-32
118000097,680,539,141
118000098,263,118,145
118000099,325,476,-151
118000101,904,296,608
118000102,333,1164,-831
118000107,1155,376,779
118000108,508,1354,-846
118000110,0,17,-17
118000111,0,248,-248
118000112,282,2,280
118000113,0,358,-358
118000114,238,1,237
118000115,19,12,7
118000116,32,0,32
118000117,1143,638,505
118000118,713,720,-7
118000119,817,845,-28
118000120,1205,972,233
118000121,110,581,-471
118000122,1110,253,857
118000123,57,221,-164
118000125,1392,685,707
118000126,634,1068,-434
118000127,1212,487,725
118000128,652,1041,-389
118000129,1012,438,574
118000130,1877,2581,-704
118000131,963,795,168
118000132,1964,1375,589
118000133,855,424,431
118000135,439,350,89
118000136,128,344,-216
118000137,525,88,437
118000138,251,400,-149
118000139,291,95,196
118000140,1722,2788,-1066
118000141,1527,1469,58
118000142,1371,1190,181
118000143,1488,866,622
118000144,807,714,93
118000145,1182,1791,-609
118000146,898,767,131
118000147,580,1286,-706
118000148,362,905,-543
118000149,653,773,-120
118000150,297,240,57
118000151,318,268,50
118000153,876,811,65
118000154,992,1162,-170
118000155,860,1050,-190
118000156,1382,1641,-259
118000157,386,360,26
118000158,126,315,-189
118000159,21,67,-46
118000160,367,314,53
118000161,359,648,-289
118000162,1151,576,575
118000163,584,556,28
118000164,1383,944,439
118000168,682,337,345
118000169,886,1030,-144
118000170,3593,4336,-743
118000171,186,518,-332
118000172,83,157,-74
118000173,747,811,-64
118000175,206,244,-38
118000176,168,245,-77
118000177,142,366,-224
118000178,36,28,8
118000179,839,608,231
118000180,593,429,164
118000181,546,254,292
118000182,180,185,-5
118000183,158,217,-59
118000184,601,491,110
118000185,594,712,-118
118000186,595,726,-131
118000187,863,481,382
118000188,450,127,323
118000189,292,482,-190
118000190,6,26,-20
118000191,25,11,14
118000192,349,589,-240
118000193,296,453,-157
118000194,996,723,273
118000195,1111,638,473
118000196,373,136,237
118000197,283,142,141
118000198,432,447,-15
118000199,429,337,92
118000200,65,156,-91
118000201,363,310,53
118000202,48,56,-8
118000203,1370,503,867
118000204,138,267,-129
118000205,151,246,-95
118000206,138,148,-10
118000207,0,27,-27
118000208,925,1126,-201
118000209,1326,1480,-154
118000210,69,24,45
118000211,27,25,2
118000213,547,944,-397
118000214,527,443,84
118000215,211,166,45
118000216,1197,2484,-1287
118000217,21,92,-71
118000218,72,115,-43
118000219,332,267,65
118000220,0,29,-29
118000221,122,200,-78
118000222,45,10,35
118000223,33,36,-3
118000224,115,103,12
118000225,65,402,-337
118000226,623,97,526
118000227,627,249,378
118000228,112,149,-37
118000229,142,61,81
118000230,118,139,-21
118000231,70,138,-68
118000232,516,557,-41
118000233,771,528,243
118000234,314,111,203
118000236,253,203,50
118000237,91,267,-176
118000238,171,106,65
118000239,203,181,22
118000240,274,122,152
118000241,64,119,-55
118000242,226,559,-333
118000243,179,139,40
118000244,25,123,-98
118000246,0,21,-21
118000255,86,198,-112
118000256,107,194,-87
118000259,18,26,-8
118000260,127,49,78
118000261,28,35,-7
118000263,63,105,-42
118000266,94,178,-84
118000267,1,86,-85
118000268,330,47,283
118000270,79,23,56
118000271,157,203,-46
118000272,49,38,11
118000273,109,43,66
118000274,76,173,-97
118000276,301,225,76
118000295,6,75,-69
118000298,77,242,-165
118000299,44,142,-98
118000301,0,32,-32
118000302,42,109,-67
118000311,338,54,284
118000312,197,124,73
118000313,45,88,-43
118000314,61,53,8
118000315,18,34,-16
118000316,522,313,209
118000325,13,43,-30
118000326,10,24,-14
118000331,19,58,-39
118000332,10,29,-19
118000333,22,43,-21
118000335,211,0,211
118000336,0,219,-219
118000407,99,42,57
118000457,2,16,-14
118000465,2565,2995,-430
118000480,32,58,-26
118000489,89,305,-216
118000490,107,287,-180
118000492,164,125,39
118000510,45,18,27
118000514,134,222,-88
118000515,447,398,49
118000517,219,173,46
118000524,254,154,100
118000525,701,587,114
118000530,12,52,-40
118000531,153,214,-61
118000532,137,229,-92
118000533,250,113,137
118000534,416,346,70
118000535,216,96,120
118000536,440,812,-372
118000537,32,85,-53
118000538,21,20,1
118000539,6,31,-25
118000540,190,56,134
118000541,98,62,36
118000542,61,92,-31
118000543,127,112,15
118000546,40,18,22
118000553,0,0,0
118000560,1685,1303,382
118000562,16,78,-62
118000563,1090,1000,90
118000576,129,129,0
118000577,124,123,1
118000578,156,114,42
118000579,419,768,-349
118000583,0,0,0
118000595,144,56,88
118000596,0,43,-43
118000597,109,71,38
118000598,3,0,3
118000599,42,32,10
118000600,2,11,-9
118000601,6,0,6
118000602,1,2,-1
118000603,0,21,-21
118000605,56,203,-147
118900001,392,820,-428
118900002,535,539,-4
118900003,167,8,159
118900004,17,38,-21
118900005,77,2,75
118900006,119,10,109
118900007,5,0,5
118900008,841,29,812
118900009,27,13,14
118900010,54,5,49
118900011,149,25,124
118900012,252,109,143
118900013,301,73,228
118900015,139,25,114
118900016,3,6,-3
118900017,252,314,-62
118900018,514,20,494
118900019,31,17,14
118900020,171,133,38
118900021,109,216,-107
118900022,75,95,-20
118900023,107,87,20
118900024,80,126,-46
118900025,51,21,30
118900026,30,58,-28
118900027,259,149,110
118900028,107,103,4
118900029,123,193,-70
118900030,196,58,138
118900031,75,84,-9
118900032,132,166,-34
118900033,279,303,-24
118900034,102,10,92
118900035,62,157,-95
118900036,760,564,196
118900037,354,172,182
118900038,261,160,101
118900039,313,139,174
118900040,132,137,-5
118900041,296,125,171
118900042,152,64,88
118900045,176,115,61
118900046,723,263,460
118900047,319,192,127
118900048,125,143,-18
118900049,51,31,20
118900050,21,78,-57
118900051,72,61,11
118900052,284,132,152
118900053,32,74,-42
118900054,76,55,21
118900055,54,59,-5
118900056,53,230,-177
118900057,357,276,81
118900058,266,226,40
118900059,21,54,-33
118900060,45,83,-38
118900062,117,119,-2
118900064,335,337,-2
118900065,46,101,-55
118900066,51,66,-15
118900067,2520,2237,283
118900068,26,139,-113
118900069,206,159,47
118900071,1,41,-40
118900072,282,230,52
118900073,77,93,-16
118900074,78,114,-36
118900075,20,48,-28
118900076,137,95,42
118900077,71,119,-48
118900078,41,9,32
118900079,22,122,-100
118900080,8,74,-66
118900081,69,26,43
118900082,311,128,183
118900083,10,5,5
118900084,8,7,1
118900085,438,664,-226
118900086,37,57,-20
118900087,16,112,-96
118900088,0,13,-13
118900089,30,17,13
118900090,279,305,-26
118900091,102,131,-29
118900092,66,54,12
118900093,99,13,86
118900096,90,66,24
118900097,165,259,-94
118900099,53,109,-56
118900100,109,120,-11
118900101,78,239,-161
118900102,32,68,-36
118900103,25,66,-41
118900104,162,97,65
118900105,144,82,62
118900107,108,75,33
118900108,45,71,-26
118900110,1060,468,592
118900111,282,305,-23
118900112,25,109,-84
118900113,81,259,-178
118900114,21,53,-32
118900115,64,209,-145
118900116,104,139,-35
118900117,74,135,-61
118900118,217,200,17
118900119,96,143,-47
118900120,50,206,-156
118900121,6,113,-107
118900122,9,489,-480
118900123,104,138,-34
118900124,29,76,-47
118900126,9,207,-198
118900129,147,144,3
118900130,53,147,-94
118900131,69,118,-49
118900132,231,143,88
118900133,20,83,-63
118900135,238,180,58
118900136,125,283,-158
118900137,6,31,-25
118900139,103,165,-62
118900140,296,325,-29
118900141,68,78,-10
118900144,95,257,-162
118900145,22,74,-52
118900146,247,484,-237
118900147,207,89,118
118900148,54,33,21
118900150,94,345,-251
118900152,323,594,-271
118900157,74,97,-23
118900158,52,40,12
118900159,0,95,-95
118900161,71,7,64
118900163,89,65,24
118900164,4,66,-62
118900165,40,103,-63
118900166,25,0,25
118900167,57,66,-9
118900168,11,121,-110
118900169,85,156,-71
118900170,59,46,13
118900171,24,15,9
118900174,27,24,3
118900175,213,316,-103
118900176,104,157,-53
118900177,29,44,-15
118900178,30,152,-122
118900179,9,28,-19
118900181,58,82,-24
118900182,60,45,15
118900183,12,90,-78
118900184,226,51,175
118900185,41,64,-23
118900186,58,55,3
118900187,166,200,-34
118900188,222,159,63
118900189,35,515,-480
118900190,4,141,-137
118900191,86,44,42
118900192,124,13,111
118900193,265,6,259
118900195,214,385,-171
118900196,16,90,-74
118900197,48,21,27
118900198,14,17,-3
118900199,51,23,28
118900200,12,12,0
118900201,20,16,4
118900202,12,32,-20
118900203,8,6,2
118900204,9,15,-6
118900205,2,5,-3
118900206,2,15,-13
119000001,950,1100,-150
119000002,2898,2022,876
119000003,1442,843,599
119000004,1397,910,487
119000005,1193,1292,-99
119000006,1921,1151,770
119000007,2281,2205,76
119000008,1549,1533,16
119000009,2704,2898,-194
119000010,4998,3364,1634
119000011,2738,1954,784
119000012,2370,2701,-331
119000013,1719,1191,528
119000014,1599,2508,-909
119000019,213,96,117
119000020,1263,952,311
119000021,2696,1570,1126
119000022,1642,1375,267
119000023,257,199,58
119000024,1186,6757,-5571
119000025,4945,1008,3937
119000026,119,270,-151
119000027,198,308,-110
119000028,1565,823,742
119000029,100,249,-149
119000030,435,735,-300
119000031,616,592,24
119000032,1410,1825,-415
119000033,1575,1084,491
119000034,781,743,38
119000035,17,283,-266
119000036,1096,630,466
119000037,902,1221,-319
119000038,81,639,-558
119000039,250,225,25
119000040,998,466,532
119000041,731,1124,-393
119000048,2667,2616,51
119000049,1358,1961,-603
119000050,1257,1535,-278
119000051,1328,810,518
119000052,1414,2325,-911
119000053,1463,857,606
119000054,2341,2597,-256
119000055,3123,2766,357
119000056,1755,1549,206
119000057,1173,1598,-425
119000058,1426,1369,57
119000059,950,1274,-324
119000060,1118,909,209
119000061,705,715,-10
119000062,965,1028,-63
119000063,309,382,-73
119000064,659,854,-195
119000065,1541,2553,-1012
119000066,1525,910,615
119000067,1477,1617,-140
119000068,1295,884,411
119000069,1174,1668,-494
119000070,1695,789,906
119000071,360,589,-229
119000072,3703,2256,1447
119000073,3242,4745,-1503
119000074,897,1776,-879
119000075,1442,1683,-241
119000076,377,731,-354
119000077,528,338,190
119000078,310,168,142
119000079,96,429,-333
119000080,338,151,187
119000081,202,316,-114
119000082,636,191,445
119000083,463,260,203
119000084,278,328,-50
119000085,387,177,210
119000086,258,317,-59
119000087,1256,747,509
119000088,314,231,83
119000089,82,165,-83
119000090,142,138,4
119000091,113,350,-237
119000092,385,178,207
119000093,2852,2335,517
119000094,2306,4383,-2077
119000095,1321,1883,-562
119000097,1739,1250,489
119000098,620,1763,-1143
119000099,1967,1468,499
119000100,2432,2156,276
119000101,2797,1388,1409
119000102,941,749,192
119000103,1352,424,928
119000104,1883,1043,840
119000105,794,1327,-533
119000106,242,972,-730
119000107,526,292,234
119000108,352,776,-424
119000109,89,277,-188
119000110,264,264,0
119000111,23,436,-413
119000112,152,76,76
119000113,1705,182,1523
119000114,544,606,-62
119000115,101,117,-16
119000116,89,63,26
119000117,104,247,-143
119000118,2,0,2
119000123,3691,1076,2615
119000124,473,134,339
119000125,2751,625,2126
119000126,798,559,239
119000127,413,370,43
119000128,6,1,5
119000131,724,581,143
119000132,3,7,-4
119000133,2,2,0
119000134,1534,447,1087
119000135,108,142,-34
119000136,169,176,-7
119000137,144,278,-134
119000138,256,268,-12
119000139,174,165,9
119000140,128,252,-124
119000284,1021,2181,-1160
119000285,1783,1892,-109
119000286,6016,4695,1321
119000287,1028,1722,-694
119000288,1546,1119,427
119000289,1630,2050,-420
119000290,149,322,-173
119000291,6,216,-210
119000293,87,150,-63
119000294,48,31,17
119000295,888,273,615
119000296,190,116,74
119000299,0,0,0
119000302,2069,1020,1049
119000303,51,104,-53
119000310,0,0,0
119000314,1202,7089,-5887
119000315,0,348,-348
119000316,90,69,21
119000317,62,237,-175
119900001,181,901,-720
119900002,109,216,-107
119900003,42,856,-814
119900004,264,725,-461
119900005,112,109,3
119900006,144,280,-136
119900007,902,150,752
119900008,17,30,-13
119900009,523,570,-47
119900010,496,728,-232
119900011,13,71,-58
119900012,2,63,-61
119900013,1386,665,721
119900014,338,150,188
119900015,59,16,43
119900016,24,67,-43
119900017,45,30,15
119900018,1789,600,1189
119900019,26,3,23
119900020,111,152,-41
119900021,77,58,19
119900022,100,501,-401
119900023,452,1092,-640
119900025,106,26,80
119900026,573,102,471
119900027,17,16,1
119900028,163,127,36
119900029,5,0,5
119900030,333,348,-15
119900031,50,272,-222
119900033,1760,217,1543
119900034,284,70,214
119900037,173,29,144
119900038,38,221,-183
119900039,18,11,7
119900040,75,16,59
119900041,64,18,46
119900042,63,106,-43
119900043,73,110,-37
119900044,128,593,-465
119900046,84,35,49
119900047,163,64,99
119900048,49,34,15
119900049,114,5,109
119900050,54,65,-11
119900051,702,4,698
119900052,38,31,7
119900053,177,104,73
119900054,76,14,62
119900055,892,407,485
119900057,167,40,127
119900058,137,3,134
119900059,81,25,56
119900060,131,10,121
119900061,83,4,79
119900062,25,12,13
119900063,9,39,-30
119900065,147,8,139
119900066,1,0,1
119900067,87,21,66
119900068,349,1,348
119900069,65,7,58
119900070,566,3,563
119900071,356,10,346
119900073,1332,442,890
119900074,22,18,4
119900075,3509,1989,1520
119900076,394,325,69
119900077,632,698,-66
119900078,451,737,-286
119900079,203,184,19
119900080,301,273,28
119900081,372,65,307
119900082,875,136,739
119900083,319,186,133
119900084,584,199,385
119900085,55,76,-21
119900086,273,630,-357
119900087,454,221,233
119900088,21,39,-18
119900089,15,383,-368
119900090,127,45,82
119900091,28,592,-564
119900092,26,233,-207
119900093,695,153,542
119900094,25,93,-68
119900095,150,95,55
119900096,31,100,-69
119900097,453,117,336
119900098,32,36,-4
119900099,45,140,-95
119900100,1667,1873,-206
119900101,106,825,-719
119900102,85,179,-94
119900103,36,231,-195
119900104,44,143,-99
119900105,486,1072,-586
119900106,16,122,-106
119900107,266,2122,-1856
119900108,1452,476,976
119900109,28,133,-105
119900110,515,439,76
119900111,64,260,-196
119900112,1272,420,852
119900113,63,183,-120
119900114,141,747,-606
119900115,194,854,-660
119900116,100,263,-163
119900117,273,392,-119
119900118,56,682,-626
119900119,146,129,17
119900120,504,341,163
119900121,294,797,-503
119900122,550,285,265
119900123,147,207,-60
119900124,146,658,-512
119900125,40,210,-170
119900126,2410,254,2156
119900127,1632,964,668
119900128,300,470,-170
119900129,180,357,-177
119900130,23,173,-150
119900131,42,148,-106
119900132,1,145,-144
119900133,29,42,-13
119900134,1354,186,1168
119900135,0,268,-268
119900136,158,269,-111
119900138,275,348,-73
119900139,12,60,-48
119900140,3,91,-88
119900141,124,522,-398
119900142,7,34,-27
119900143,12,128,-116
119900144,1318,204,1114
119900145,83,105,-22
119900146,94,131,-37
119900147,2,141,-139
119900148,99,62,37
119900149,921,2294,-1373
119900150,134,124,10
119900151,1183,519,664
119900152,101,207,-106
119900153,84,72,12
119900154,14,256,-242
119900155,39,44,-5
119900156,19,12,7
119900157,87,142,-55
119900158,114,64,50
119900159,4,1010,-1006
119900160,13,77,-64
119900161,126,141,-15
119900162,542,718,-176
119900163,88,95,-7
119900164,0,1,-1
119900165,112,147,-35
119900166,68,42,26
119900167,57,54,3
119900168,627,356,271
119900169,31,224,-193
119900170,170,210,-40
119900171,712,294,418
119900172,116,25,91
119900173,4,254,-250
119900174,4,117,-113
119900175,782,530,252
119900177,12,172,-160
119900178,20,90,-70
119900179,74,284,-210
119900180,692,650,42
119900181,55,85,-30
119900182,8,221,-213
119900183,109,590,-481
119900184,1575,424,1151
119900185,32,131,-99
119900186,31,474,-443
119900187,13,247,-234
119900188,50,289,-239
119900189,452,366,86
119900190,41,177,-136
119900191,224,122,102
119900192,30,125,-95
119900193,204,125,79
119900194,18,78,-60
119900195,32,126,-94
119900196,780,291,489
119900197,131,133,-2
119900198,100,240,-140
119900199,117,18,99
119900200,390,499,-109
119900201,274,162,112
119900202,78,143,-65
119900203,156,392,-236
119900204,209,200,9
119900205,471,422,49
119900206,101,113,-12
119900208,114,100,14
119900209,333,873,-540
119900210,37,20,17
119900211,71,9,62
119900212,152,253,-101
119900213,10,51,-41
119900214,10,65,-55
119900215,54,68,-14
119900216,13,65,-52
119900217,10,43,-33
119900218,12,42,-30
119900219,10,104,-94
119900220,5,86,-81
119900221,19,179,-160
119900222,8,140,-132
119900223,11,50,-39
119900224,9,11,-2
119900225,685,34,651
119900226,474,1183,-709
119900227,778,221,557
119900228,22,181,-159
119900229,329,321,8
119900230,1172,419,753
119900231,147,105,42
119900232,191,87,104
119900233,23,6,17
119900234,14,32,-18
119900235,48,31,17
119900236,21,120,-99
119900237,39,250,-211
119900238,2,66,-64
119900240,82,103,-21
119900241,140,213,-73
119900242,798,1282,-484
119900244,411,1041,-630
119900245,82,114,-32
119900246,276,433,-157
119900247,18,102,-84
119900248,71,143,-72
119900249,136,59,77
119900253,1984,274,1710
119900254,51,458,-407
119900255,68,432,-364
119900256,346,513,-167
119900257,66,5,61
119900258,102,17,85
119900259,16,98,-82
119900260,59,3,56
119900261,235,112,123
119900262,0,182,-182
119900263,738,280,458
119900264,67,127,-60
119900265,215,297,-82
119900266,228,192,36
119900267,204,304,-100
119900268,104,131,-27
119900269,633,737,-104
119900271,18,62,-44
119900272,259,101,158
119900275,92,28,64
119900276,47,3,44
119900277,12,2,10
119900278,144,70,74
119900279,87,169,-82
119900280,576,127,449
119900281,2,146,-144
119900282,39,60,-21
119900283,13,162,-149
119900284,33,143,-110
119900285,21,26,-5
119900286,2,6,-4
119900288,3,23,-20
119900289,1,20,-19
119900290,7,12,-5
119900291,1,47,-46
119900292,28,15,13
119900293,16,18,-2
119900294,21,22,-1
119900295,7,13,-6
119900296,4,76,-72
119900297,0,2,-2
119900298,0,1,-1
119900299,35,78,-43
119900300,136,89,47
119900301,21,14,7
119900302,17,24,-7
119900303,105,94,11
119900304,79,32,47
119900305,12,95,-83
119900306,20,2,18
119900307,34,55,-21
119900308,4,29,-25
119900309,18,98,-80
119900310,202,250,-48
119900311,56,94,-38
119900312,64,39,25
119900313,194,209,-15
119900314,112,252,-140
119900315,1230,1480,-250
119900318,7,17,-10
119900319,1,176,-175
119900320,91,409,-318
119900321,38,1,37
119900322,14,60,-46
119900323,1,78,-77
119900324,0,25,-25
119900325,70,149,-79
119900326,34,31,3
120000001,4485,9933,-5448
120000002,2222,2857,-635
120000003,3150,1576,1574
120000004,2809,2143,666
120000005,3984,1852,2132
120000006,1106,1266,-160
120000007,3165,2621,544
120000008,897,1264,-367
120000009,2920,851,2069
120000010,1378,2305,-927
120000011,811,1597,-786
120000012,1208,2379,-1171
120000013,2222,2027,195
120000014,471,1149,-678
120000015,1903,1319,584
120000016,2798,1937,861
120000017,1820,1631,189
120000018,3143,8242,-5099
120000019,787,1068,-281
120000020,2432,2522,-90
120000021,1500,1805,-305
120000022,2247,3102,-855
120000023,871,1427,-556
120000024,1297,2002,-705
120000025,1975,1824,151
120000026,1302,1513,-211
120000027,1614,1869,-255
120000028,818,663,155
120000029,2834,688,2146
120000030,178,746,-568
120000031,1480,4386,-2906
120000032,6295,3887,2408
120000033,4214,1700,2514
120000034,1236,1474,-238
120000035,1524,1537,-13
120000036,2275,3898,-1623
120000037,564,1157,-593
120000038,5147,2687,2460
120000039,463,639,-176
120000040,76,180,-104
120000041,1896,1095,801
120000042,1444,2042,-598
120000043,3627,1539,2088
120000044,3577,1418,2159
120000045,4057,954,3103
120000046,2274,2065,209
120000047,857,3603,-2746
120000048,5643,3632,2011
120000049,2476,2340,136
120000050,3083,3402,-319
120000051,2439,3161,-722
120000052,6939,2085,4854
120000053,1129,2312,-1183
120000054,1100,3558,-2458
120000055,1560,4195,-2635
120000056,3266,2848,418
120000057,2144,624,1520
120000058,4172,595,3577
120000059,28,1380,-1352
120000061,90,437,-347
120000062,169,207,-38
120000063,1447,2213,-766
120000064,182,906,-724
120000065,469,1324,-855
120000066,183,410,-227
120000067,69,430,-361
120000068,178,765,-587
120000069,522,855,-333
120000070,64,528,-464
120000071,326,172,154
120000072,508,388,120
120000073,612,90,522
120000074,178,72,106
120000075,692,237,455
120000076,1309,357,952
120000077,1416,565,851
120000078,2460,1021,1439
120000079,240,312,-72
120000080,161,239,-78
120000081,225,138,87
120000082,208,232,-24
120000083,122,541,-419
120000084,287,259,28
120000085,197,252,-55
120000086,231,423,-192
120000087,133,490,-357
120000088,538,948,-410
120000089,873,534,339
120000090,505,364,141
120000091,535,733,-198
120000092,866,501,365
120000093,239,393,-154
120000094,169,554,-385
120000095,759,388,371
120000096,207,585,-378
120000098,666,582,84
120000099,294,700,-406
120000100,669,956,-287
120000101,362,374,-12
120000102,358,660,-302
120000103,991,706,285
120000104,1138,368,770
120000105,2392,614,1778
120000106,1776,626,1150
120000107,2642,514,2128
120000108,963,115,848
120000109,811,54,757
120000110,52,769,-717
120000111,101,937,-836
120000112,619,2322,-1703
120000113,556,1751,-1195
120000114,973,2434,-1461
120000115,220,2141,-1921
120000116,590,1728,-1138
120000117,1014,1141,-127
120000118,43,19,24
120000119,19,77,-58
120000120,45,71,-26
120000121,27,64,-37
120000122,210,275,-65
120000123,4196,3785,411
120000124,309,233,76
120000125,322,526,-204
120000126,289,686,-397
120000127,2110,601,1509
120000128,2962,2779,183
120000129,220,197,23
120000130,542,395,147
120000131,212,461,-249
120000134,342,859,-517
120000135,324,334,-10
120000137,181,892,-711
120000138,570,282,288
120000139,182,528,-346
120000140,540,387,153
120000141,210,388,-178
120000142,415,443,-28
120000143,0,93,-93
120000144,89,2,87
120000145,300,0,300
120000146,1183,763,420
120000149,513,855,-342
120000150,2601,8851,-6250
120000151,293,349,-56
120000152,293,139,154
120000153,191,392,-201
120000154,350,308,42
120000155,86,239,-153
120000156,741,662,79
120000157,718,395,323
120000158,632,668,-36
120000159,1941,2426,-485
120000160,2064,1136,928
120000161,1444,1895,-451
120000162,89,234,-145
120000163,529,973,-444
120000164,419,288,131
120000165,429,613,-184
120000166,1033,440,593
120000167,63,82,-19
120000168,12,262,-250
120000169,25,1036,-1011
120000170,26,471,-445
120000171,14,171,-157
120000172,55,101,-46
120000173,2832,611,2221
120000174,515,45,470
120000175,260,30,230
120000176,326,41,285
120000177,1041,107,934
120000178,69,6,63
120000179,240,21,219
120000180,352,83,269
120000181,67,442,-375
120000182,53,278,-225
120000183,5,207,-202
120000184,117,789,-672
120000186,120,176,-56
120000187,52,116,-64
120000188,137,165,-28
120000190,1098,39,1059
120000191,772,70,702
120000192,826,18,808
120000193,329,4,325
120000195,70,5,65
120000196,255,36,219
120000197,73,89,-16
120000198,79,62,17
120000199,81,0,81
120000200,88,2,86
120000201,7,24,-17
120000202,2,42,-40
120000203,30,148,-118
120000207,0,48,-48
120000208,4,145,-141
120000209,3,62,-59
120000210,73,70,3
120000211,104,0,104
120000212,126,1,125
120000213,91,248,-157
120000214,0,240,-240
120000215,2,102,-100
120000216,46,3,43
120000217,419,905,-486
120000218,139,593,-454
120000219,6,388,-382
120000220,19,1204,-1185
120000225,1088,2,1086
120000226,316,4,312
120000227,639,27,612
120000228,5848,2264,3584
120000230,228,8,220
120000231,768,1593,-825
120000233,206,34,172
120000235,198,620,-422
120000236,642,3,639
120000237,0,1086,-1086
120000238,2,323,-321
120000241,878,2692,-1814
120000412,896,9,887
120000413,198,256,-58
120000414,88,1,87
120000415,6,103,-97
120000416,61,2,59
120000417,14,69,-55
120000418,93,12,81
120000419,8,252,-244
120000420,48,34,14
120000421,8969,5252,3717
120000422,125,785,-660
120000423,1,40,-39
120000424,70,101,-31
120000436,156,466,-310
120000437,147,104,43
120000438,2263,212,2051
120000439,151,379,-228
120000443,208,50,158
120000444,1001,427,574
120000445,1172,781,391
120000446,539,172,367
120000447,159,3,156
120000449,95,3,92
120000450,4,171,-167
120000451,61,140,-79
120000452,117,3,114
120000453,0,249,-249
120000454,52,25,27
120000455,84,45,39
120000456,1796,2556,-760
120000457,835,472,363
120000458,375,514,-139
120000459,48,54,-6
120000665,594,184,410
120000668,141,352,-211
120000669,42,134,-92
120000670,302,384,-82
120000671,875,330,545
120000672,128,518,-390
120900001,35,93,-58
120900002,280,306,-26
120900003,256,15,241
120900004,9,47,-38
120900005,66,570,-504
120900006,261,144,117
120900007,112,63,49
120900008,204,958,-754
120900009,449,33,416
120900010,298,101,197
120900011,145,145,0
120900012,244,761,-517
120900013,184,52,132
120900014,34,311,-277
120900015,447,37,410
120900016,622,39,583
120900017,1892,103,1789
120900018,58,381,-323
120900019,487,314,173
120900020,710,997,-287
120900021,550,157,393
120900022,76,281,-205
120900023,158,10,148
120900024,1462,398,1064
120900025,1491,856,635
120900026,69,97,-28
120900027,597,19,578
120900028,214,85,129
120900029,162,322,-160
120900030,838,572,266
120900031,225,79,146
120900032,663,94,569
120900033,718,52,666
120900034,20,1932,-1912
120900035,28,50,-22
120900037,132,8,124
120900038,64,195,-131
120900039,63,37,26
120900040,151,1,150
120900041,122,28,94
120900042,343,39,304
120900043,30,18,12
120900044,6,323,-317
120900045,79,67,12
120900046,299,2,297
120900047,99,59,40
120900048,74,16,58
120900049,322,1,321
120900050,1317,800,517
120900051,289,80,209
120900052,452,7,445
120900053,203,60,143
120900054,1365,485,880
120900055,308,1,307
120900056,384,20,364
120900057,96,11,85
120900058,388,1,387
120900059,63,5,58
120900060,45,26,19
120900061,261,149,112
120900062,171,2,169
120900063,371,12,359
120900064,383,3,380
120900065,336,2,334
120900066,245,257,-12
120900067,138,74,64
120900068,146,0,146
120900069,167,34,133
120900071,10,0,10
120900072,550,8,542
120900073,345,129,216
120900074,505,69,436
120900076,202,2,200
120900077,2095,226,1869
120900078,629,797,-168
120900079,529,60,469
120900080,478,1649,-1171
120900081,394,564,-170
120900082,446,353,93
120900083,85,2,83
120900084,198,350,-152
120900085,58,88,-30
120900086,97,240,-143
120900087,272,247,25
120900088,137,265,-128
120900089,2706,1778,928
120900090,168,142,26
120900091,568,571,-3
120900092,1406,463,943
120900093,1627,156,1471
120900094,433,115,318
120900095,370,16,354
120900096,30,150,-120
120900097,493,571,-78
120900098,311,146,165
120900099,58,50,8
120900100,60,226,-166
120900101,735,223,512
120900102,24,90,-66
120900103,54,175,-121
120900104,20,35,-15
120900105,42,383,-341
120900106,1410,453,957
120900107,248,115,133
120900108,5,477,-472
120900109,73,488,-415
120900110,7,540,-533
120900111,124,275,-151
120900112,12,653,-641
120900113,13,702,-689
120900114,29,110,-81
120900115,152,176,-24
120900116,197,283,-86
120900117,1,351,-350
120900118,6,684,-678
120900119,2622,3702,-1080
120900120,70,496,-426
120900121,67,437,-370
120900122,315,336,-21
120900123,4,324,-320
120900124,1,602,-601
120900125,3,529,-526
120900126,1644,1211,433
120900127,5,411,-406
120900128,1328,1386,-58
120900129,60,222,-162
120900130,4,440,-436
120900131,39,54,-15
120900132,590,254,336
120900133,111,614,-503
120900134,990,313,677
120900135,17,443,-426
120900136,34,75,-41
120900137,134,74,60
120900138,49,140,-91
120900139,3,510,-507
120900140,9,22,-13
120900141,110,114,-4
120900142,15,401,-386
120900143,3,671,-668
120900144,0,99,-99
120900145,81,721,-640
120900146,1,951,-950
120900147,0,387,-387
120900148,87,92,-5
120900149,0,221,-221
120900150,18,508,-490
120900151,4,474,-470
120900152,2,35,-33
120900153,31,47,-16
120900154,1,172,-171
120900155,136,1000,-864
120900156,41,307,-266
120900157,70,135,-65
120900158,52,512,-460
120900159,179,279,-100
120900160,22,604,-582
120900161,28,382,-354
120900162,32,465,-433
120900163,28,518,-490
120900164,3,13,-10
120900165,17,31,-14
120900166,57,283,-226
120900167,266,86,180
120900169,69,367,-298
120900170,1132,1831,-699
120900171,907,287,620
120900172,764,557,207
120900173,0,51,-51
120900174,7,90,-83
120900175,195,138,57
120900176,12,270,-258
120900177,0,733,-733
120900178,0,290,-290
120900179,989,453,536
120900180,78,131,-53
120900181,96,55,41
120900182,14,259,-245
120900183,338,110,228
120900184,105,37,68
120900185,10,187,-177
120900186,1,386,-385
120900187,287,756,-469
120900188,129,8,121
120900189,63,753,-690
120900190,49,11,38
120900191,8,18,-10
120900192,8175,4333,3842
120900194,44,55,-11
120900195,67,200,-133
120900196,544,17,527
120900197,418,118,300
120900198,273,449,-176
120900199,227,348,-121
120900200,40,99,-59
120900201,427,119,308
120900202,2,138,-136
120900203,28,71,-43
120900204,164,190,-26
120900205,46,54,-8
120900206,10,20,-10
120900207,53,1100,-1047
121000001,591,747,-156
121000002,1770,862,908
121000003,2077,1366,711
121000004,2192,2640,-448
121000005,1562,2002,-440
121000006,3009,1255,1754
121000007,2053,2289,-236
121000008,4608,2494,2114
121000009,4085,4040,45
121000010,6552,3979,2573
121000011,6054,8895,-2841
121000012,12763,7567,5196
121000013,4045,5533,-1488
121000014,5599,4840,759
121000015,3293,5753,-2460
121000016,4177,2959,1218
121000017,1474,2843,-1369
121000018,1901,1257,644
121000019,12246,9115,3131
121000020,8893,10000,-1107
121000021,2252,2127,125
121000022,1514,2041,-527
121000023,2842,2132,710
121000024,2976,3873,-897
121000025,437,1119,-682
121000026,228,104,124
121000027,1386,961,425
121000028,608,356,252
121000029,716,476,240
121000030,460,308,152
121000031,517,610,-93
121000032,182,87,95
121000034,514,161,353
121000035,116,113,3
121000036,1107,680,427
121000037,424,356,68
121000038,435,671,-236
121000039,202,280,-78
121000041,419,344,75
121000042,202,198,4
121000043,533,423,110
121000044,1175,646,529
121000045,365,202,163
121000046,505,561,-56
121000047,120,67,53
121000049,1505,458,1047
121000050,218,927,-709
121000051,719,206,513
121000052,223,447,-224
121000053,295,80,215
121000054,49,267,-218
121000055,891,838,53
121000056,563,833,-270
121000057,327,319,8
121000058,475,232,243
121000059,1793,1043,750
121000060,518,819,-301
121000061,127,199,-72
121000062,475,282,193
121000063,626,496,130
121000064,484,570,-86
121000065,391,357,34
121000066,609,425,184
121000067,695,390,305
121000068,508,285,223
121000069,379,553,-174
121000070,1763,967,796
121000071,1100,957,143
121000072,869,592,277
121000073,690,680,10
121000074,64,115,-51
121000075,63,173,-110
121000076,1066,310,756
121000077,128,151,-23
121000078,91,152,-61
121000080,1936,501,1435
121000081,1900,2147,-247
121000082,132,233,-101
121000083,197,110,87
121000084,145,152,-7
121000085,316,321,-5
121000086,189,596,-407
121000087,44,216,-172
121000088,321,394,-73
121000089,301,244,57
121000090,264,240,24
121000091,1343,714,629
121000092,188,62,126
121000093,122,174,-52
121000094,491,552,-61
121000095,289,365,-76
121000096,1909,1966,-57
121000097,720,1649,-929
121000098,481,657,-176
121000099,519,519,0
121000100,690,365,325
121000101,230,210,20
121000102,199,199,0
121000103,231,180,51
121000104,198,115,83
121000105,268,172,96
121000106,233,220,13
121000107,1686,2744,-1058
121000109,1124,858,266
121000110,265,511,-246
121000114,2275,1780,495
121000115,807,630,177
121000116,270,705,-435
121000117,757,202,555
121000118,1150,161,989
121000119,276,264,12
121000120,160,321,-161
121000121,413,629,-216
121000123,973,426,547
121000127,96,54,42
121000128,684,297,387
121000129,603,394,209
121000130,379,521,-142
121000131,1872,1194,678
121000132,1151,1172,-21
121000135,220,265,-45
121000136,1798,667,1131
121000137,355,210,145
121000138,993,740,253
121000139,614,233,381
121000141,156,78,78
121000142,517,515,2
121000143,81,15,66
121000144,651,1225,-574
121000145,468,740,-272
121000146,919,566,353
121000147,747,315,432
121000148,684,823,-139
121000149,1546,1123,423
121000152,500,380,120
121000153,1246,443,803
121000154,635,389,246
121000155,988,872,116
121000156,303,792,-489
121000157,960,1443,-483
121000158,357,429,-72
121000159,160,375,-215
121000160,296,415,-119
121000161,184,223,-39
121000162,61,126,-65
121000165,1145,1669,-524
121000166,14,453,-439
121000168,257,162,95
121000169,39,127,-88
121000170,216,51,165
121000171,42,98,-56
121000172,497,391,106
121000173,879,833,46
121000174,273,361,-88
121000175,762,343,419
121000176,295,216,79
121000177,923,439,484
121000178,101,42,59
121000179,58,49,9
121000181,435,326,109
121000182,89,166,-77
121000183,39,60,-21
121000184,34,37,-3
121000185,36,118,-82
121000186,112,276,-164
121000187,138,138,0
121000188,115,116,-1
121000192,714,243,471
121000193,492,381,111
121000194,1714,1631,83
121000195,325,790,-465
121000196,762,240,522
121000197,146,385,-239
121000198,147,75,72
121000199,84,204,-120
121000200,330,52,278
121000201,6,118,-112
121000202,474,62,412
121000203,671,1554,-883
121000204,1919,484,1435
121000205,160,162,-2
121000206,86,36,50
121000207,1384,244,1140
121000208,8,217,-209
121000209,343,240,103
121000210,355,246,109
121000211,229,98,131
121000212,324,353,-29
121000213,5670,2124,3546
121000214,456,1752,-1296
121000215,850,561,289
121000216,385,544,-159
121000217,3490,2285,1205
121000218,414,1329,-915
121000219,1133,376,757
121000220,149,36,113
121000221,106,146,-40
121000222,2101,1826,275
121000223,903,352,551
121000224,390,159,231
121000225,1844,1401,443
121000226,2482,988,1494
121000227,20,158,-138
121000228,16,414,-398
121000229,201,213,-12
121000230,70,1195,-1125
121000231,678,15,663
121000232,400,283,117
121000233,411,328,83
121000234,27,37,-10
121000235,95,118,-23
121000236,10,26,-16
121000237,107,22,85
121000238,10,61,-51
121000239,71,10,61
121000240,10,157,-147
121000241,70,15,55
121000242,91,281,-190
121000243,823,191,632
121000244,21,57,-36
121000245,140,47,93
121000246,4,87,-83
121000247,113,8,105
121000248,1513,427,1086
121000249,92,167,-75
121000250,401,138,263
121000251,30,349,-319
121000252,118,57,61
121000253,501,302,199
121000254,527,175,352
121000255,228,100,128
121000256,324,117,207
121000257,79,58,21
121000258,128,51,77
121000259,86,48,38
121000260,95,109,-14
121000261,119,50,69
121000262,643,570,73
121000263,359,350,9
121000271,231,1169,-938
121000273,45,3,42
121000274,6,34,-28
121000275,1,11,-10
121000276,3,9,-6
121000278,26,23,3
121000279,26,5,21
121000280,25,17,8
121000289,152,31,121
121000290,1046,689,357
121000294,117,86,31
121000297,1129,882,247
121000299,242,291,-49
121000300,687,492,195
121000302,72,766,-694
121000303,321,278,43
121000304,388,44,344
121000305,133,42,91
121000306,118,93,25
121000308,177,255,-78
121000309,352,447,-95
121000310,72,336,-264
121000311,50,717,-667
121000312,195,166,29
121000313,260,380,-120
121000314,169,126,43
121000315,59,185,-126
121000530,1063,971,92
121000531,1115,1173,-58
121000532,4980,5507,-527
121000533,2481,2623,-142
121000918,69,120,-51
121000919,54,59,-5
121000938,337,670,-333
121000939,477,380,97
121000956,979,767,212
121000957,18,7,11
121000958,45,25,20
121000959,484,499,-15
121000960,1558,1392,166
121000961,215,144,71
121000962,182,514,-332
121000963,0,0,0
121000973,0,143,-143
121000976,25,120,-95
121000979,235,92,143
121000981,493,291,202
121000982,321,109,212
121000983,442,304,138
121000984,15,41,-26
121000985,512,259,253
121000986,276,154,122
121000987,208,661,-453
121000988,564,82,482
121001302,262,96,166
121001308,2,9,-7
121001309,62,48,14
121001313,261,178,83
121001314,1773,2331,-558
121001315,3663,1789,1874
121900001,93,130,-37
121900002,53,23,30
121900003,306,16,290
121900004,115,202,-87
121900005,29,6,23
121900006,119,9,110
121900007,1236,1711,-475
121900008,716,250,466
121900009,308,8,300
121900010,215,2,213
121900011,106,186,-80
121900012,13,2,11
121900013,1464,83,1381
121900014,767,297,470
121900015,147,127,20
121900016,1,38,-37
121900017,271,304,-33
121900018,265,11,254
121900019,285,157,128
121900020,28,0,28
121900021,644,17,627
121900022,204,201,3
121900023,73,151,-78
121900024,251,95,156
121900025,462,221,241
121900026,293,28,265
121900027,177,79,98
121900028,149,6,143
121900029,56,90,-34
121900030,351,485,-134
121900031,744,3780,-3036
121900032,55,65,-10
121900033,112,122,-10
121900034,245,59,186
121900035,1547,1384,163
121900036,76,175,-99
121900037,113,492,-379
121900038,39,127,-88
121900039,305,40,265
121900040,43,70,-27
121900041,50,136,-86
121900042,211,78,133
121900043,7,2,5
121900044,122,26,96
121900046,137,156,-19
121900047,133,47,86
121900048,40,110,-70
121900050,31,35,-4
121900051,74,104,-30
121900052,98,22,76
121900053,238,202,36
121900054,319,561,-242
121900055,6,6,0
121900058,185,97,88
121900059,295,98,197
121900060,93,260,-167
121900061,202,113,89
121900062,86,60,26
121900063,742,239,503
121900064,191,389,-198
121900066,38,9,29
121900067,19,29,-10
121900069,141,104,37
121900070,124,59,65
121900071,225,162,63
121900072,51,113,-62
121900073,172,139,33
121900074,385,574,-189
121900075,319,356,-37
121900076,197,335,-138
121900077,6,25,-19
121900078,62,16,46
121900079,0,0,0
121900080,779,260,519
121900082,50,80,-30
121900084,12,162,-150
121900085,2,9,-7
121900086,13,38,-25
121900087,159,86,73
121900088,1234,2104,-870
121900089,117,210,-93
121900090,16,80,-64
121900091,44,84,-40
121900092,52,39,13
121900093,54,51,3
121900094,20,11,9
121900095,176,88,88
121900096,962,347,615
121900097,371,96,275
121900098,2,6,-4
121900099,184,39,145
121900100,179,292,-113
121900101,89,100,-11
121900102,7,105,-98
121900103,386,127,259
121900104,1183,342,841
121900105,175,115,60
121900106,3,4,-1
121900107,14,11,3
121900108,0,18,-18
121900109,230,112,118
121900110,318,674,-356
121900111,777,119,658
121900112,130,82,48
121900113,54,246,-192
121900114,10,7,3
121900117,132,34,98
121900118,1405,455,950
121900119,131,106,25
121900120,36,1024,-988
121900121,400,36,364
121900122,33,23,10
121900123,128,345,-217
121900124,118,104,14
121900125,898,676,222
121900127,3,75,-72
121900128,46,72,-26
121900129,500,141,359
121900130,87,177,-90
121900131,151,44,107
121900132,27,49,-22
121900133,85,589,-504
121900134,29,147,-118
121900135,1316,217,1099
121900136,228,234,-6
121900137,51,236,-185
121900138,128,102,26
121900139,384,364,20
121900140,68,115,-47
121900141,62,34,28
121900142,82,72,10
121900143,7,114,-107
121900144,100,215,-115
121900145,116,147,-31
121900146,475,549,-74
121900147,53,153,-100
121900148,127,180,-53
121900149,188,496,-308
121900150,86,112,-26
121900151,76,162,-86
121900152,59,93,-34
121900153,70,496,-426
121900154,13,164,-151
121900155,0,92,-92
121900156,132,80,52
121900157,3,283,-280
121900158,64,69,-5
121900159,1,193,-192
121900160,44,185,-141
121900161,368,261,107
121900162,91,88,3
121900163,148,399,-251
121900164,298,121,177
121900165,176,103,73
121900166,154,91,63
121900167,63,78,-15
121900168,136,187,-51
121900169,5,187,-182
121900170,3,151,-148
121900171,506,378,128
121900172,423,212,211
121900173,731,227,504
121900174,31,45,-14
121900175,70,117,-47
121900176,435,1126,-691
121900177,131,63,68
121900178,27,42,-15
121900179,202,109,93
121900180,2621,2767,-146
121900182,396,165,231
121900183,705,649,56
121900184,63,242,-179
121900186,4,150,-146
121900187,23,79,-56
121900188,322,336,-14
121900189,32,81,-49
121900190,175,426,-251
121900191,57,128,-71
121900192,281,509,-228
121900193,38,80,-42
121900194,7,70,-63
121900195,63,55,8
121900196,568,670,-102
121900197,213,1042,-829
121900198,866,660,206
121900199,5,25,-20
121900200,102,196,-94
121900201,567,527,40
121900202,94,441,-347
121900203,141,589,-448
121900204,600,744,-144
121900205,4,48,-44
121900206,17,17,0
121900207,84,31,53
121900208,161,160,1
121900209,34,45,-11
121900210,863,718,145
121900211,225,283,-58
121900212,93,83,10
121900213,137,81,56
121900214,3,364,-361
121900215,42,44,-2
121900216,18,103,-85
121900217,178,129,49
121900218,159,288,-129
121900220,85,6,79
121900221,143,441,-298
121900222,81,87,-6
121900223,133,28,105
121900224,55,20,35
121900225,113,63,50
121900226,158,300,-142
121900227,183,297,-114
121900228,199,258,-59
121900230,69,109,-40
121900231,227,759,-532
121900232,126,333,-207
121900233,128,167,-39
121900234,196,130,66
121900235,360,136,224
121900236,253,121,132
121900237,145,211,-66
121900238,153,205,-52
121900239,134,13,121
121900240,204,83,121
121900241,17,31,-14
121900242,25,38,-13
121900243,0,0,0
121900244,4,1,3
121900245,195,49,146
121900246,1304,216,1088
121900247,166,204,-38
121900248,916,741,175
121900250,197,215,-18
121900251,200,25,175
121900252,360,94,266
121900253,161,724,-563
121900254,449,130,319
121900255,251,63,188
121900258,2076,1693,383
121900259,262,457,-195
121900260,94,124,-30
121900261,178,332,-154
121900262,264,646,-382
121900263,154,231,-77
121900264,1418,987,431
121900265,183,240,-57
121900266,313,116,197
121900267,56,20,36
121900269,140,483,-343
121900270,18,151,-133
121900271,18,97,-79
121900273,367,1158,-791
121900274,169,201,-32
121900277,279,651,-372
121900278,79,595,-516
121900279,100,138,-38
121900280,79,189,-110
121900281,200,226,-26
121900284,43,6,37
121900286,119,63,56
121900287,6,13,-7
121900288,4,1,3
121900290,165,200,-35
121900291,341,553,-212
121900292,120,163,-43
121900293,1005,2209,-1204
121900294,215,3,212
121900295,144,232,-88
121900296,20,51,-31
121900298,172,506,-334
121900299,0,4,-4
121900300,176,9,167
121900301,69,9,60
121900302,3,24,-21
121900303,242,179,63
121900304,1,75,-74
121900305,1,7,-6
121900306,233,2,231
121900307,75,10,65
121900308,7,209,-202
121900309,5,176,-171
121900310,21,340,-319
121900311,372,19,353
121900312,212,11,201
121900313,324,28,296
121900314,11,42,-31
121900315,21,0,21
121900316,0,9,-9
121900317,23,5,18
121900318,1,9,-8
121900319,25,70,-45
121900320,21,64,-43
121900321,9,0,9
121900322,4,25,-21
121900323,10,12,-2
121900324,2,48,-46
121900325,9,0,9
121900326,2,17,-15
121900327,4,30,-26
121900328,0,21,-21
121900329,1,131,-130
121900330,0,23,-23
121900331,2,6,-4
121900332,52,37,15
121900333,16,5,11
121900334,49,40,9
122000001,1602,3428,-1826
122000002,3011,1355,1656
122000003,1575,2019,-444
122000004,2195,1163,1032
122000005,1838,1394,444
122000006,1512,723,789
122000007,966,1467,-501
122000008,3260,3925,-665
122000009,301,305,-4
122000010,1897,2254,-357
122000011,2784,1275,1509
122000012,1200,1214,-14
122000013,1080,878,202
122000014,1275,1001,274
122000015,1168,909,259
122000016,540,824,-284
122000017,964,866,98
122000018,1302,1065,237
122000019,620,890,-270
122000020,178,220,-42
122000021,302,429,-127
122000022,998,847,151
122000023,540,1259,-719
122000024,736,975,-239
122000025,1274,1248,26
122000026,1209,851,358
122000027,494,1902,-1408
122000028,800,346,454
122000029,396,316,80
122000030,397,117,280
122000031,156,243,-87
122000032,1563,1793,-230
122000033,542,998,-456
122000034,616,536,80
122000035,282,616,-334
122000036,445,398,47
122000037,299,189,110
122000038,227,268,-41
122000039,541,334,207
122000040,252,257,-5
122000041,367,417,-50
122000042,298,425,-127
122000043,136,115,21
122000044,130,159,-29
122000045,1086,455,631
122000046,563,611,-48
122000047,260,179,81
122000048,2638,3207,-569
122000049,4101,2325,1776
122000050,1279,612,667
122000051,281,262,19
122000052,418,271,147
122000053,109,619,-510
122000054,1852,1649,203
122000055,1879,2374,-495
122000056,3955,3041,914
122000057,2676,2655,21
122000058,2238,1050,1188
122000059,2501,1532,969
122000060,716,528,188
122000061,468,387,81
122000062,1453,272,1181
122000063,1010,606,404
122000064,2800,2218,582
122000065,3654,1970,1684
122000066,1193,768,425
122000067,1094,890,204
122000068,898,752,146
122000069,714,473,241
122000070,647,1435,-788
122000071,948,880,68
122000072,333,288,45
122000073,393,490,-97
122000074,2178,1320,858
122000075,605,926,-321
122000076,1749,900,849
122000077,929,719,210
122000078,2178,2092,86
122000079,984,924,60
122000080,754,299,455
122000081,141,234,-93
122000082,916,712,204
122000083,1047,1693,-646
122000084,941,584,357
122000085,204,776,-572
122000086,1493,3338,-1845
122000087,272,163,109
122000088,228,281,-53
122000089,4173,1617,2556
122000090,181,312,-131
122000091,176,44,132
122000092,178,8,170
122000093,1614,1330,284
122000094,4291,1650,2641
122000095,1804,2331,-527
122000096,1286,1189,97
122000098,2249,1554,695
122000099,1743,499,1244
122000100,722,361,361
122000101,322,470,-148
122000102,1260,830,430
122000103,1434,1316,118
122000104,252,169,83
122000105,310,205,105
122000106,314,494,-180
122000107,785,335,450
122000108,409,534,-125
122000109,355,203,152
122000110,395,483,-88
122000111,2347,1015,1332
122000112,743,1033,-290
122000113,532,448,84
122000114,2353,1078,1275
122000115,1687,970,717
122000116,400,350,50
122000117,740,290,450
122000118,353,462,-109
122000119,1856,1431,425
122000120,1331,2035,-704
122000121,1425,1651,-226
122000122,583,1091,-508
122000123,1322,1201,121
122000124,657,362,295
122000125,487,524,-37
122000126,542,701,-159
122000127,805,840,-35
122000128,402,508,-106
122000129,410,865,-455
122000130,2003,904,1099
122000131,856,626,230
122000132,381,297,84
122000133,781,803,-22
122000134,663,498,165
122000135,623,514,109
122000136,529,459,70
122000137,1066,588,478
122000139,1239,2304,-1065
122000140,1010,535,475
122000141,2366,689,1677
122000142,312,433,-121
122000143,303,336,-33
122000144,952,747,205
122000145,854,523,331
122000146,360,657,-297
122000147,618,326,292
122000148,2091,1470,621
122000149,1683,1068,615
122000150,920,617,303
122000151,203,278,-75
122000152,343,289,54
122000153,219,233,-14
122000154,214,108,106
122000155,1231,1747,-516
122000156,2130,1976,154
122000157,1700,1441,259
122000158,274,377,-103
122000159,597,913,-316
122000160,1991,1401,590
122000161,755,616,139
122000162,1436,1163,273
122000163,214,66,148
122000164,28,61,-33
122000165,832,499,333
122000166,987,807,180
122000167,238,221,17
122000168,211,428,-217
122000169,417,118,299
122000170,279,217,62
122000171,32,57,-25
122000172,1083,1205,-122
122000173,1098,2012,-914
122000174,2112,776,1336
122000175,1138,225,913
122000176,378,643,-265
122000177,1121,1276,-155
122000178,2180,1712,468
122000179,1125,1991,-866
122000180,1471,1066,405
122000181,1573,2383,-810
122000182,1674,1158,516
122000183,1405,789,616
122000184,2702,1794,908
122000185,1500,1404,96
122000186,387,559,-172
122000187,1468,581,887
122000188,299,140,159
122000189,173,246,-73
122000190,766,725,41
122000191,686,518,168
122000192,827,219,608
122000193,321,453,-132
122000194,450,188,262
122000195,162,448,-286
122000196,904,475,429
122000197,392,370,22
122000198,402,664,-262
122000199,311,251,60
122000200,961,528,433
122000201,1428,1274,154
122000202,1147,1157,-10
122000203,1581,1012,569
122000204,941,1306,-365
122000205,1089,1015,74
122000206,1559,476,1083
122000207,1580,703,877
122000208,1744,901,843
122000209,1537,325,1212
122000210,1301,1217,84
122000211,997,799,198
122000212,712,373,339
122000213,788,979,-191
122000214,1428,1279,149
122000215,1405,1518,-113
122000217,1370,1070,300
122000218,710,72,638
122000219,897,711,186
122000220,278,423,-145
122000221,69,315,-246
122000222,549,79,470
122000223,954,366,588
122000225,600,198,402
122000226,1429,1185,244
122000227,195,1604,-1409
122000228,248,222,26
122000229,21,333,-312
122000230,54,305,-251
122000231,203,537,-334
122000232,586,635,-49
122000233,1,80,-79
122000234,322,91,231
122000235,538,113,425
122000236,708,96,612
122000237,158,65,93
122000238,202,212,-10
122000239,439,122,317
122000240,911,529,382
122000241,1041,374,667
122000242,471,112,359
122000243,160,34,126
122000244,43,244,-201
122000245,67,144,-77
122000246,238,145,93
122000247,355,421,-66
122000248,885,1221,-336
122000249,711,655,56
122000250,1400,826,574
122000251,221,378,-157
122000252,524,79,445
122000253,22,160,-138
122000254,232,94,138
122000255,588,1080,-492
122000256,382,699,-317
122000257,113,217,-104
122000258,196,237,-41
122000259,27,271,-244
122000260,7,41,-34
122000261,9,220,-211
122000262,0,57,-57
122000263,277,77,200
122000264,743,282,461
122000265,1800,768,1032
122000266,3581,650,2931
122000267,112,81,31
122000268,114,284,-170
122000269,705,279,426
122000270,554,120,434
122000271,302,788,-486
122000272,280,722,-442
122000273,342,293,49
122000274,173,135,38
122000275,56,167,-111
122000276,408,322,86
122000277,785,1002,-217
122000278,1233,609,624
122000279,176,297,-121
122000280,692,491,201
122000281,636,511,125
122000282,273,188,85
122000283,610,99,511
122000284,231,52,179
122000285,479,94,385
122000286,110,117,-7
122000287,963,1032,-69
122000288,387,188,199
122000291,1157,547,610
122000293,178,222,-44
122000294,108,150,-42
122000295,1178,154,1024
122000296,50,467,-417
122000297,1585,1960,-375
122000299,354,213,141
122000300,415,442,-27
122000301,6183,2819,3364
122000302,658,930,-272
122000303,2620,1081,1539
122000304,77,162,-85
122000305,801,169,632
122000306,22,543,-521
122000307,178,126,52
122000309,77,57,20
122000310,27,107,-80
122000311,290,116,174
122000312,168,134,34
122000313,193,72,121
122000314,86,166,-80
122000315,191,48,143
122000316,601,176,425
122000317,956,231,725
122000318,245,577,-332
122000319,230,302,-72
122000320,361,949,-588
122000321,138,164,-26
122000322,1970,1699,271
122000323,1638,1735,-97
122000324,994,1028,-34
122000325,683,1131,-448
122000326,46,71,-25
122000327,290,547,-257
122000328,610,407,203
122000330,1236,513,723
122000332,186,356,-170
122000333,18,99,-81
122000337,759,870,-111
122000338,284,225,59
122000340,308,333,-25
122000342,1066,693,373
122000343,350,694,-344
122000344,42,20,22
122000345,53,28,25
122000346,294,354,-60
122000348,470,444,26
122000349,65,420,-355
122000351,122,157,-35
122000352,366,104,262
122000353,57,104,-47
122000355,149,165,-16
122000356,1211,969,242
122000357,37,31,6
122000358,0,30,-30
122000359,0,17,-17
122000360,2,35,-33
122000362,3,50,-47
122000364,121,201,-80
122000365,1,31,-30
122000366,6,6,0
122000368,355,503,-148
122000370,20,35,-15
122000371,29,0,29
122000372,14,0,14
122000381,54,249,-195
122000382,78,138,-60
122000384,2113,985,1128
122000385,47,6,41
122000386,401,746,-345
122000387,417,436,-19
122000388,1063,473,590
122000389,179,506,-327
122000390,322,212,110
122000391,339,152,187
122000392,126,112,14
122000393,106,114,-8
122000394,416,201,215
122000395,105,124,-19
122000396,182,79,103
122000397,77,58,19
122000398,34,54,-20
122000399,107,51,56
122000400,178,364,-186
122000401,140,70,70
122000402,152,95,57
122000403,302,503,-201
122000404,143,136,7
122000408,808,1129,-321
122000503,9,71,-62
122000524,199,92,107
122000544,56,1589,-1533
122000616,295,1,294
122000640,76,108,-32
122000641,110,291,-181
122000642,947,940,7
122000643,31,87,-56
122000644,90,17,73
122000645,104,145,-41
122000651,1231,674,557
122000664,137,15,122
122000665,863,417,446
122000666,492,869,-377
122000673,42,223,-181
122000674,113,74,39
122000675,1653,737,916
122000686,314,664,-350
122000687,878,239,639
122000688,177,379,-202
122000689,679,363,316
122000690,1294,459,835
122000691,507,1288,-781
122000692,995,318,677
122000693,312,987,-675
122000695,213,231,-18
122000696,303,198,105
122000698,254,391,-137
122000699,165,66,99
122000701,986,265,721
122000702,369,907,-538
122000703,137,48,89
122000712,0,0,0
122000717,111,44,67
122000718,250,432,-182
122000719,94,88,6
122000720,324,157,167
122000724,79,15,64
122900001,28,11,17
122900002,970,3547,-2577
122900003,273,44,229
122900004,412,23,389
122900005,79,28,51
122900006,830,173,657
122900007,121,51,70
122900008,597,42,555
122900009,582,268,314
122900010,184,103,81
122900012,211,210,1
122900014,127,198,-71
122900015,1074,598,476
122900016,111,178,-67
122900017,316,365,-49
122900018,116,20,96
122900019,8,132,-124
122900020,330,310,20
122900021,20,469,-449
122900022,603,590,13
122900023,402,213,189
122900024,126,84,42
122900025,13,206,-193
122900026,32,281,-249
122900027,42,575,-533
122900028,107,153,-46
122900029,3057,2150,907
122900030,849,446,403
122900031,64,187,-123
122900032,75,272,-197
122900033,181,88,93
122900034,2895,3536,-641
122900035,16,27,-11
122900036,44,96,-52
122900037,310,106,204
122900038,108,1864,-1756
122900039,96,434,-338
122900040,212,361,-149
122900041,275,204,71
122900042,101,226,-125
122900043,290,147,143
122900044,95,252,-157
122900045,90,68,22
122900046,203,136,67
122900047,113,164,-51
122900048,50,161,-111
122900049,1046,96,950
122900051,72,93,-21
122900052,84,153,-69
122900053,11,21,-10
122900055,250,92,158
122900057,182,59,123
122900061,326,129,197
122900062,439,565,-126
122900063,142,203,-61
122900064,972,357,615
122900065,371,222,149
122900066,421,282,139
122900067,681,523,158
122900068,124,169,-45
122900069,194,1138,-944
122900070,280,48,232
122900071,97,280,-183
122900072,22,399,-377
122900073,21,194,-173
122900074,631,428,203
122900075,2,53,-51
122900076,11,135,-124
122900077,7,131,-124
122900078,129,101,28
122900080,47,26,21
122900081,145,142,3
122900082,524,158,366
122900083,164,124,40
122900084,3,142,-139
122900086,11,70,-59
122900087,231,331,-100
122900088,53,141,-88
122900089,17,83,-66
122900090,5,316,-311
122900091,134,3,131
122900092,0,120,-120
122900093,0,153,-153
122900094,4,109,-105
122900095,102,11,91
122900096,371,81,290
122900097,13,20,-7
122900098,46,68,-22
122900099,57,26,31
122900100,282,90,192
122900101,373,182,191
122900102,19,31,-12
122900103,124,7,117
122900104,77,11,66
122900105,15,31,-16
122900106,5,40,-35
122900107,1,104,-103
122900108,4,117,-113
123000001,1613,345,1268
123000002,2779,3476,-697
123000003,3032,3053,-21
123000004,2597,3342,-745
123000005,2150,2347,-197
123000006,1819,1959,-140
123000007,2941,2323,618
123000008,2175,2547,-372
123000009,3945,2243,1702
123000010,2923,2831,92
123000011,2293,614,1679
123000012,781,1810,-1029
123000013,2926,692,2234
123000014,896,2475,-1579
123000015,2578,794,1784
123000016,2776,2547,229
123000017,2681,1626,1055
123000018,71,83,-12
123000019,213,130,83
123000020,130,49,81
123000021,65,190,-125
123000022,281,1731,-1450
123000023,1166,1251,-85
123000024,1168,534,634
123000025,208,120,88
123000026,33,58,-25
123000027,293,255,38
123000028,1512,347,1165
123000029,1510,640,870
123000030,173,260,-87
123000031,109,208,-99
123000032,282,129,153
123000033,214,47,167
123000034,986,867,119
123000035,234,276,-42
123000036,240,632,-392
123000037,184,167,17
123000038,79,237,-158
123000039,324,986,-662
123000040,617,240,377
123000041,883,859,24
123000042,962,510,452
123000043,2344,6696,-4352
123000044,3484,1907,1577
123000045,5584,2171,3413
123000046,610,1136,-526
123000047,1827,836,991
123000048,49,558,-509
123000049,4623,6373,-1750
123000050,1005,1055,-50
123000051,78,185,-107
123000052,518,2533,-2015
123000053,1807,2601,-794
123000054,945,922,23
123000055,824,1463,-639
123000056,1001,1349,-348
123000057,8422,5427,2995
123000058,554,698,-144
123000059,370,381,-11
123000060,670,274,396
123000061,143,485,-342
123000063,518,668,-150
123000064,767,239,528
123000065,3728,2269,1459
123000066,630,400,230
123000067,553,403,150
123000068,2000,2207,-207
123000069,5209,2545,2664
123000070,308,535,-227
123000071,718,765,-47
123000072,880,779,101
123000073,797,627,170
123000074,745,955,-210
123000075,265,763,-498
123000076,541,558,-17
123000077,1758,2066,-308
123000078,1192,1477,-285
123000079,1037,1612,-575
123000080,1658,1487,171
123000081,130,327,-197
123000082,300,756,-456
123000083,602,195,407
123000084,548,431,117
123000085,212,78,134
123000086,395,155,240
123000087,199,201,-2
123000088,843,661,182
123000089,430,905,-475
123000090,899,844,55
123000091,1277,1071,206
123000092,750,923,-173
123000094,409,177,232
123000095,381,522,-141
123000096,485,287,198
123000097,326,524,-198
123000098,533,422,111
123000099,466,593,-127
123000100,426,539,-113
123000101,532,534,-2
123000102,482,483,-1
123000104,269,387,-118
123000105,457,372,85
123000106,384,339,45
123000107,378,464,-86
123000108,590,839,-249
123000111,641,249,392
123000112,751,453,298
123000113,497,857,-360
123000114,316,537,-221
123000115,222,205,17
123000116,26,72,-46
123000117,1229,1199,30
123000118,297,555,-258
123000119,202,631,-429
123000120,296,603,-307
123000121,383,534,-151
123000122,259,182,77
123000123,378,595,-217
123000124,457,453,4
123000125,825,867,-42
123000126,1092,2829,-1737
123000127,739,524,215
123000128,204,196,8
123000129,493,163,330
123000130,432,69,363
123000131,668,514,154
123000132,230,405,-175
123000133,233,221,12
123000134,241,107,134
123000135,1613,845,768
123000136,204,635,-431
123000137,146,234,-88
123000138,70,343,-273
123000139,332,61,271
123000140,75,571,-496
123000141,591,105,486
123000142,804,812,-8
123000143,1210,1683,-473
123000144,25,15,10
123000145,145,49,96
123000146,28,60,-32
123000147,82,66,16
123000149,263,281,-18
123000150,145,160,-15
123000151,243,378,-135
123000152,76,321,-245
123000153,102,458,-356
123000154,1185,1476,-291
123000155,1611,873,738
123000156,22,73,-51
123000157,506,591,-85
123000158,436,597,-161
123000159,2199,1756,443
123000160,685,545,140
123000161,1200,822,378
123000162,691,1229,-538
123000163,330,86,244
123000164,1189,324,865
123000165,336,1219,-883
123000166,57,99,-42
123000167,138,264,-126
123000168,233,224,9
123000169,575,155,420
123000170,80,104,-24
123000171,460,21,439
123000172,151,401,-250
123000173,440,223,217
123000174,748,357,391
123000175,490,919,-429
123000176,608,212,396
123000177,202,642,-440
123000178,684,96,588
123000179,30,418,-388
123000180,1300,246,1054
123000181,229,1210,-981
123000182,103,256,-153
123000183,121,433,-312
123000184,63,396,-333
123000185,426,272,154
123000186,3,550,-547
123000187,461,7,454
123000188,182,1,181
123000189,127,125,2
123000190,55,64,-9
123000192,18,342,-324
123000193,69,894,-825
123000194,354,277,77
123000195,220,50,170
123000196,269,31,238
123000197,44,122,-78
123000198,67,378,-311
123000199,6,498,-492
123000200,417,12,405
123000201,912,27,885
123000202,14,823,-809
123000203,778,64,714
123000204,93,953,-860
123000205,437,1426,-989
123000206,1726,196,1530
123000207,61,732,-671
123000208,352,167,185
123000209,1747,519,1228
123000210,421,1941,-1520
123000211,448,2040,-1592
123000212,2171,444,1727
123000213,688,83,605
123000215,83,121,-38
123000216,136,422,-286
123000217,155,28,127
123000218,65,462,-397
123000219,589,40,549
123000220,379,74,305
123000221,177,93,84
123000222,321,245,76
123000223,207,228,-21
123000224,329,399,-70
123000225,251,66,185
123000226,56,274,-218
123000227,84,247,-163
123000228,206,42,164
123000229,1073,1163,-90
123000232,53,466,-413
123000233,478,102,376
123000234,94,472,-378
123000235,610,258,352
123000236,198,445,-247
123000237,215,74,141
123000238,50,328,-278
123000239,366,951,-585
123000240,25,315,-290
123000241,574,87,487
123000242,91,160,-69
123000243,611,797,-186
123000244,772,632,140
123000245,37,127,-90
123000249,268,437,-169
123000252,694,202,492
123000253,735,407,328
123000254,493,598,-105
123000255,927,716,211
123000256,24,185,-161
123000257,2178,1658,520
123000258,639,589,50
123000259,270,337,-67
123000260,283,348,-65
123000261,158,127,31
123000262,108,153,-45
123000263,279,96,183
123000264,126,77,49
123000265,59,130,-71
123000266,418,557,-139
123000267,344,247,97
123000268,26,61,-35
123000269,58,54,4
123000270,27,58,-31
123000271,84,80,4
123000272,578,244,334
123000273,155,436,-281
123000274,897,483,414
123000275,254,634,-380
123000278,2118,1883,235
123000279,89,82,7
123000280,234,193,41
123000281,343,89,254
123000282,130,185,-55
123000283,122,63,59
123000284,56,93,-37
123000286,282,257,25
123000287,513,244,269
123000288,1254,566,688
123000289,315,651,-336
123000291,210,649,-439
123000294,162,199,-37
123000295,821,626,195
123000296,518,354,164
123000297,503,436,67
123000298,498,363,135
123000299,50,143,-93
123000300,637,791,-154
123000301,98,194,-96
123000302,83,151,-68
123000303,44,109,-65
123000305,609,660,-51
123000306,100,106,-6
123000309,59,55,4
123000310,43,40,3
123000311,3,73,-70
123000312,367,600,-233
123000313,398,228,170
123000315,66,224,-158
123000316,839,192,647
123000317,236,61,175
123000318,68,165,-97
123000329,6,9,-3
123000337,1288,241,1047
123000338,457,44,413
123000339,181,137,44
123000340,128,343,-215
123000342,16,77,-61
123000343,36,2,34
123000344,1058,351,707
123000345,335,396,-61
123000346,241,30,211
123000352,868,617,251
123000353,13,113,-100
123000354,274,12,262
123000355,0,336,-336
123000356,191,7,184
123000357,0,95,-95
123000359,3,127,-124
123000360,166,53,113
123000361,231,256,-25
123000362,276,77,199
123000363,92,137,-45
123000364,373,390,-17
123000365,19,270,-251
123000366,285,1425,-1140
123000367,193,784,-591
123000370,36,117,-81
123000371,189,11,178
123000372,244,3,241
123000373,4,194,-190
123000374,6,132,-126
123000375,214,15,199
123000376,694,534,160
123000377,213,13,200
123000378,11,138,-127
123000379,1,127,-126
123000380,40,253,-213
123000381,131,51,80
123000382,652,65,587
123000383,91,827,-736
123000384,311,103,208
123000385,161,361,-200
123000436,27,655,-628
123000507,186,346,-160
123000508,171,599,-428
123000517,248,23,225
123000518,22,202,-180
123000519,127,42,85
123000520,48,148,-100
123000521,307,74,233
123000522,121,313,-192
123000541,3,5,-2
123000542,0,10,-10
123000565,516,30,486
123000566,175,458,-283
123000567,88,163,-75
123000573,33,450,-417
123000574,459,51,408
123000575,998,715,283
123000576,505,950,-445
123000577,57,380,-323
123000578,406,55,351
123000579,2322,3433,-1111
123000580,84,21,63
123000582,237,37,200
123000583,16,218,-202
123000584,117,166,-49
123000585,0,45,-45
123000586,51,0,51
123000596,78,96,-18
123000597,55,99,-44
123000602,10,4,6
123000603,467,434,33
123000604,294,470,-176
123000605,665,120,545
123000606,0,292,-292
123000609,17,244,-227
123000610,138,88,50
123000613,30,134,-104
123000614,162,31,131
123000615,41,109,-68
123000616,312,35,277
123000617,76,153,-77
123000618,43,270,-227
123000619,354,38,316
123000620,12,214,-202
123000622,258,17,241
123000624,86,42,44
123000630,831,272,559
123000631,242,1034,-792
123000632,569,678,-109
123000633,1,120,-119
123000634,44,67,-23
123000635,96,79,17
123000636,21,346,-325
123000637,117,11,106
123000638,391,33,358
123000639,634,2515,-1881
123000640,33,646,-613
123000648,249,91,158
123000649,50,380,-330
123900001,848,39,809
123900002,16,963,-947
123900003,307,287,20
123900005,167,138,29
123900006,164,27,137
124000001,1557,168,1389
124000002,77,1221,-1144
124000003,608,105,503
124000004,65,399,-334
124000005,782,335,447
124000006,180,766,-586
124000007,323,57,266
124000008,19,356,-337
124000009,453,184,269
124000010,134,347,-213
124000011,775,294,481
124000012,235,430,-195
124000017,138,107,31
124000018,102,53,49
124000019,112,134,-22
124000020,55,138,-83
124000021,90,86,4
124000022,91,180,-89
124000023,1245,1147,98
124000024,920,492,428
124000025,1084,1417,-333
124000026,815,947,-132
124000027,3948,4230,-282
124000028,1754,3566,-1812
124000030,2611,1263,1348
124000031,1135,2123,-988
124000032,1866,770,1096
124000033,672,453,219
124000034,664,802,-138
124000035,215,163,52
124000036,95,418,-323
124000037,320,1021,-701
124000038,38,94,-56
124000039,785,438,347
124000040,504,890,-386
124000041,257,45,212
124000042,58,304,-246
124000043,88,66,22
124000044,50,153,-103
124000045,539,381,158
124000046,235,478,-243
124000047,1010,634,376
124000048,664,820,-156
124000049,1199,537,662
124000050,538,1247,-709
124000051,702,420,282
124000052,460,752,-292
124000053,387,1049,-662
124000054,789,397,392
124000055,1235,1708,-473
124000056,1580,1403,177
124000057,694,417,277
124000058,464,1130,-666
124000059,433,873,-440
124000060,1057,545,512
124000061,1226,4000,-2774
124000062,5294,2027,3267
124000063,1366,1628,-262
124000064,1852,1299,553
124000065,101,293,-192
124000066,219,94,125
124000067,138,107,31
124000068,39,119,-80
124000069,641,178,463
124000070,191,457,-266
124000071,89,61,28
124000072,137,338,-201
124000073,730,137,593
124000074,174,554,-380
124000075,171,22,149
124000076,4,114,-110
124000077,1534,621,913
124000078,2438,1104,1334
124000079,281,901,-620
124000080,347,137,210
124000081,125,344,-219
124000082,50,141,-91
124000083,71,69,2
124000084,88,293,-205
124000085,131,34,97
124000086,51,74,-23
124000087,97,70,27
124000088,108,192,-84
124000089,672,278,394
124000090,104,254,-150
124000091,430,99,331
124000092,77,504,-427
124000093,71,66,5
124000094,65,321,-256
124000095,61,78,-17
124000096,119,167,-48
124000097,80,135,-55
124000098,66,66,0
124000099,167,96,71
124000100,38,73,-35
124000101,73,83,-10
124000102,72,66,6
124000103,50,89,-39
124000104,99,56,43
124000105,68,84,-16
124000106,125,45,80
124000107,18,112,-94
124000108,50,35,15
124000109,78,68,10
124000110,218,103,115
124000111,172,117,55
124000112,546,582,-36
124000113,44,75,-31
124000114,202,361,-159
124000115,341,523,-182
124000116,107,101,6
124000117,41,74,-33
124000118,27,66,-39
124000119,605,322,283
124000120,392,300,92
124000121,1685,812,873
124000122,433,937,-504
124000123,672,407,265
124000124,336,900,-564
124000125,325,359,-34
124000126,201,507,-306
124000127,630,294,336
124000128,496,695,-199
124000129,1683,1147,536
124000130,658,504,154
124000131,843,483,360
124000132,695,658,37
124000133,610,554,56
124000134,711,475,236
124000135,1200,1363,-163
124000136,667,895,-228
124000137,871,512,359
124000138,1033,970,63
124000139,414,30,384
124000140,10,373,-363
124000141,388,16,372
124000142,44,268,-224
124000143,88,16,72
124000144,10,95,-85
124000145,75,17,58
124000146,25,52,-27
124000148,14,94,-80
124000149,838,375,463
124000150,277,564,-287
124000151,634,328,306
124000152,687,967,-280
124000153,408,534,-126
124000154,164,473,-309
124000155,1114,768,346
124000156,1342,762,580
124000169,192,298,-106
124000170,328,349,-21
124000171,212,139,73
124000172,267,403,-136
124000173,344,165,179
124000174,304,389,-85
124000175,3,77,-74
124000176,22,7,15
124000177,4,29,-25
124000178,20,42,-22
124000190,82,24,58
124000191,128,59,69
124000192,1750,279,1471
124000193,265,712,-447
124000194,308,369,-61
124000195,226,615,-389
124000196,1077,925,152
124000197,23,33,-10
124000198,23,31,-8
124000201,289,594,-305
124000202,443,227,216
124000203,288,429,-141
124000204,557,214,343
124000205,105,346,-241
124000206,510,255,255
124000207,0,34,-34
124000209,134,354,-220
124000210,327,139,188
124000211,434,0,434
124000212,0,277,-277
124000213,313,213,100
124000214,242,328,-86
124000215,366,18,348
124000216,1,270,-269
124000329,83,1102,-1019
124000338,89,535,-446
124000339,711,102,609
124000341,1164,61,1103
124000344,30,5,25
124000357,832,1738,-906
124000358,760,1217,-457
124000359,819,692,127
124000360,689,523,166
124000361,1513,829,684
124000362,1165,1499,-334
124000363,223,270,-47
124000364,558,702,-144
124000365,667,896,-229
124000366,1322,710,612
124000367,87,326,-239
124000368,388,309,79
124000369,173,136,37
124000370,78,581,-503
124000402,30,7,23
124000403,103,10,93
124000404,5,91,-86
124000405,818,625,193
124000406,618,667,-49
124000407,0,33,-33
124000411,4,246,-242
124000412,369,7,362
124000413,220,21,199
124000414,47,78,-31
124000415,33,106,-73
124000416,137,213,-76
124000417,96,103,-7
124000418,164,81,83
124000419,89,100,-11
124000420,66,55,11
124000421,31,134,-103
124000422,29,10,19
124000423,118,22,96
124000424,5,109,-104
124000425,138,27,111
124000426,10,134,-124
124000427,79,8,71
124000428,9,36,-27
124000429,74,50,24
124000430,532,333,199
124000431,168,332,-164
124000432,170,451,-281
124000439,2,3,-1
124000443,0,5,-5
124000445,607,824,-217
124000446,1099,86,1013
124000447,0,2,-2
124900001,424,270,154
124900002,113,228,-115
124900003,929,507,422
124900004,573,300,273
124900005,167,135,32
124900006,543,319,224
124900008,1002,525,477
124900009,140,274,-134
124900010,108,84,24
124900011,330,161,169
124900012,302,83,219
124900013,431,146,285
124900014,238,45,193
124900015,91,277,-186
124900016,37,72,-35
124900017,422,900,-478
124900018,42,7,35
124900020,39,58,-19
124900021,189,19,170
124900022,106,3,103
124900024,194,5,189
124900026,132,7,125
124900027,86,343,-257
124900028,288,51,237
124900029,11,434,-423
124900030,4,62,-58
124900031,23,178,-155
124900032,111,182,-71
124900033,71,216,-145
124900034,2,62,-60
124900035,130,265,-135
124900036,0,51,-51
124900037,165,212,-47
124900038,234,363,-129
124900039,2,25,-23
124900040,108,40,68
124900041,248,1105,-857
124900042,123,0,123
124900043,445,987,-542
124900044,77,1,76
124900045,493,1039,-546
124900047,125,137,-12
124900048,173,86,87
124900050,153,164,-11
124900052,85,297,-212
124900053,63,280,-217
124900054,1098,357,741
124900055,1,118,-117
124900057,6,42,-36
124900060,47,147,-100
124900061,76,9,67
124900062,103,24,79
124900066,0,14,-14
124900067,5,85,-80
124900068,185,369,-184
124900070,50,29,21
124900072,116,45,71
124900075,143,163,-20
124900076,22,846,-824
124900077,24,62,-38
124900078,77,24,53
124900079,369,95,274
124900080,217,511,-294
124900081,781,240,541
124900082,368,831,-463
124900083,226,403,-177
124900085,994,432,562
124900086,64,1094,-1030
124900087,574,110,464
124900088,584,148,436
124900089,1099,20,1079
124900090,228,208,20
124900091,211,227,-16
124900092,134,176,-42
124900093,259,142,117
124900094,214,195,19
124900095,79,312,-233
124900096,371,167,204
124900097,294,57,237
124900098,98,279,-181
124900099,430,312,118
124900100,277,29,248
124900101,29,430,-401
124900102,144,12,132
124900103,131,122,9
124900104,59,122,-63
124900105,62,62,0
124900106,231,23,208
124900107,66,4,62
124900108,165,65,100
124900111,0,118,-118
124900112,57,338,-281
124900113,85,206,-121
124900114,165,122,43
124900115,45,35,10
124900116,119,92,27
124900117,241,93,148
124900118,226,133,93
124900119,307,153,154
124900120,63,268,-205
124900121,74,290,-216
124900122,215,144,71
124900123,265,93,172
124900124,96,307,-211
204000001,58,10,48
204000002,11,2,9
204000003,14,6,8
204000004,1,2,-1
204000005,585,485,100
204000006,1146,1069,77
204000011,7,33,-26
204000012,75,95,-20
204000019,525,446,79
204000020,481,452,29
204000021,896,562,334
204000022,433,348,85
204000023,451,809,-358
204000031,122,27,95
204000032,602,30,572
204000034,17,132,-115
204000035,0,0,0
204000036,5,12,-7
204000037,1,16,-15
204000038,2,11,-9
204000039,4,17,-13
204000040,6,11,-5
204000041,11,15,-4
204000042,26,14,12
204000043,21,2,19
204000044,17,4,13
204000045,24,1,23
204000046,3,0,3
204000057,0,9,-9
204000062,26,40,-14
204000068,21,253,-232
204000069,43,274,-231
204000070,55,70,-15
204000080,45,62,-17
204000085,1711,1693,18
204000086,2384,1720,664
204000087,35,6,29
204000088,5,77,-72
204000090,24,184,-160
204000093,300,46,254
204000096,664,972,-308
204000097,305,11,294
204000099,828,1257,-429
204000100,1043,1776,-733
204000105,2024,1310,714
204000110,377,830,-453
204000111,382,430,-48
204000112,847,481,366
204000113,319,500,-181
204000114,489,358,131
204000115,391,188,203
204000116,546,342,204
204000119,1551,2369,-818
204000132,616,341,275
204000133,714,249,465
204000134,154,113,41
204000135,582,104,478
204000136,897,173,724
204000138,359,385,-26
204000140,191,130,61
204000141,139,54,85
204000144,29,25,4
204000145,395,22,373
204000146,20,262,-242
204000147,45,136,-91
204000148,188,17,171
204000154,3,6,-3
204000155,5,2,3
204000177,63,28,35
204000179,12,9,3
204000180,0,32,-32
204000222,3,4,-1
204000235,7,10,-3
204000236,57,199,-142
204000238,18,12,6
204000240,266,48,218
204000263,533,964,-431
204000268,945,609,336
204000308,129,18,111
204000317,12,53,-41
204000322,7,25,-18
204000323,8,10,-2
204000328,147,48,99
204000329,75,118,-43
204000330,175,28,147
204000331,39,114,-75
205000001,783,1529,-746
205000013,2,56,-54
205000014,12,58,-46
205000015,28,148,-120
205000016,9,145,-136
205000017,18,66,-48
205000022,318,810,-492
205000025,1094,1019,75
205000029,185,5,180
205000045,169,411,-242
205000046,57,431,-374
205000047,42,348,-306
205000048,303,895,-592
205000049,140,666,-526
205000050,639,269,370
205000059,0,192,-192
205000060,0,77,-77
205000061,2,68,-66
205000062,1,57,-56
205000063,30,66,-36
205000064,16,65,-49
205000065,57,416,-359
205000066,101,603,-502
205000067,38,675,-637
205000069,184,14,170
205000082,111,134,-23
205000110,75,234,-159
205000111,152,205,-53
205000112,147,156,-9
205000113,180,281,-101
205000121,170,50,120
205000123,35,200,-165
205000126,406,78,328
205000127,663,214,449
205000128,412,75,337
205000129,465,90,375
205000130,256,37,219
205000131,185,11,174
205000132,286,1,285
205000133,200,0,200
205000134,227,0,227
205000137,54,128,-74
205000138,103,253,-150
205000139,28,93,-65
205000144,71,55,16
205000145,236,150,86
205000151,117,40,77
205000152,126,22,104
205000153,208,24,184
205000154,96,27,69
205000155,129,9,120
205000207,5,112,-107
205000233,30,0,30
205000234,0,0,0
205000243,0,1,-1
205000244,0,4,-4
205000245,8,100,-92
205000249,0,29,-29
205000250,3,0,3
205000264,4,94,-90
206000027,2,5,-3
206000028,3,1,2
206000043,4,17,-13
206000053,5,7,-2
206000054,2,11,-9
206000055,0,24,-24
206000075,3,14,-11
206000076,10,8,2
206000077,22,8,14
206000078,14,4,10
206000079,13,2,11
206000082,255,26,229
206000100,20,317,-297
206000103,3,5,-2
206000104,7,11,-4
206000105,3,6,-3
206000106,3,14,-11
206000125,37,0,37
206000157,36,374,-338
206000170,0,118,-118
206000171,2,133,-131
206000172,5,255,-250
206000173,0,115,-115
206000174,7,56,-49
206000175,0,65,-65
206000176,10,116,-106
206000177,0,81,-81
206000178,1,114,-113
206000179,2,52,-50
206000180,7,71,-64
206000181,6,77,-71
206000182,6,85,-79
206000183,3,300,-297
206000184,4,156,-152
206000185,4,79,-75
206000186,64,571,-507
206000223,3,120,-117
206000226,8,0,8
206000227,10,4,6
206000237,18,202,-184
206000238,15,363,-348
206000239,171,1166,-995
206000240,0,40,-40
206000241,0,67,-67
206000242,7,123,-116
206000243,3,125,-122
206000244,30,300,-270
206000245,477,30,447
206000246,108,8,100
206000247,97,7,90
206000248,219,16,203
206000252,87,22,65
206000258,22,25,-3
206000315,17,4,13
206000317,312,60,252
206000318,295,37,258
206000319,777,70,707
206000320,126,24,102
206000321,128,8,120
206000322,242,10,232
206000323,83,4,79
206000324,107,6,101
206000325,100,13,87
206000326,100,5,95
206000327,192,8,184
206000328,93,1,92
206000329,161,8,153
206000330,37,4,33
206000331,92,3,89
206000332,27,1,26
206000333,347,1,346
206000334,150,2,148
206000335,0,13,-13
206000361,3,122,-119
206000392,1,12,-11
206000405,83,1,82
206000441,12,14,-2
206000498,14,3,11
206000515,63,30,33
206000530,134,43,91
206000531,127,82,45
206000532,1038,185,853
206000535,180,1039,-859
206000536,12,106,-94
206000537,9,85,-76
206000613,929,156,773
206000784,340,17,323
207000001,148,515,-367
207000002,124,287,-163
207000003,152,155,-3
207000007,700,232,468
207000008,70,12,58
207000009,53,53,0
207000010,360,315,45
207000012,275,217,58
207000015,217,991,-774
207000019,164,76,88
207000021,409,155,254
207000022,146,111,35
207000023,156,34,122
207000024,7,7,0
207000025,25,63,-38
207000026,75,38,37
207000027,12,63,-51
207000028,43,170,-127
207000029,189,420,-231
207000033,203,370,-167
207000034,291,72,219
207000039,260,137,123
207000040,230,91,139
207000041,70,26,44
207000042,204,59,145
207000043,181,194,-13
207000051,96,232,-136
207000052,24,127,-103
207000053,408,470,-62
207000054,51,99,-48
207000055,208,102,106
207000056,279,259,20
207000057,151,228,-77
207000058,178,278,-100
207000059,118,432,-314
207000060,58,169,-111
207000061,196,379,-183
207000062,288,40,248
207000063,211,98,113
207000064,369,105,264
207000065,332,182,150
207000066,178,138,40
207000067,39,85,-46
207000068,102,57,45
207000069,634,303,331
207000082,10,164,-154
207000083,73,234,-161
207000084,136,184,-48
207000085,176,15,161
207000086,147,2,145
207000106,43,36,7
207000107,59,21,38
207000108,62,8,54
207000109,50,15,35
207000110,49,76,-27
207000111,71,63,8
207000112,146,458,-312
207000114,32,45,-13
207000115,15,78,-63
207000116,24,305,-281
207000117,7,98,-91
207000118,3,59,-56
207000119,48,58,-10
207000123,180,20,160
207000124,52,22,30
207000125,61,61,0
207000126,61,81,-20
207000134,81,116,-35
207000135,14,171,-157
207000148,39,230,-191
207000149,57,43,14
207000152,107,317,-210
207000153,774,1235,-461
207000154,404,137,267
207000159,104,109,-5
207000160,120,278,-158
207000238,0,152,-152
207000242,5,139,-134
207000248,21,15,6
207000249,115,27,88
207000250,449,50,399
207000251,81,61,20
207000252,39,54,-15
207000278,58,74,-16
207000279,22,102,-80
207000280,415,70,345
207000281,126,736,-610
207000282,157,101,56
207000283,187,213,-26
207000284,103,156,-53
207000285,123,88,35
207000291,15,85,-70
207000304,118,73,45
207000306,108,336,-228
207000310,83,79,4
207000353,286,7,279
207000356,27,27,0
207000357,25,14,11
207000358,4,18,-14
207000415,7,182,-175
207000417,31,6,25
207000418,90,103,-13
207000438,0,1,-1
207000439,845,633,212
207000446,118,9,109
207000460,22,20,2
207000466,197,140,57
207000467,169,88,81
207000468,45,244,-199
207000476,3,34,-31
207000477,541,31,510
207000478,5,24,-19
207000523,0,14,-14
207000524,79,0,79
207000527,87,162,-75
207000530,450,9,441
207000531,328,12,316
207000532,68,17,51
207000534,378,45,333
207000535,45,288,-243
207000537,14,83,-69
207000540,6,156,-150
207000541,4,214,-210
207000548,10,192,-182
207000549,214,13,201
207000561,122,148,-26
207000562,40,123,-83
207000567,166,216,-50
207000568,131,54,77
207000569,280,416,-136
207000584,332,143,189
207000585,59,302,-243
207000587,56,17,39
207000616,0,118,-118
207000617,113,0,113
207000624,39,25,14
207000631,7,62,-55
207900008,137,78,59
208000001,524,720,-196
208000002,539,397,142
208000003,1011,384,627
208000004,1088,525,563
208000005,9,18,-9
208000019,426,861,-435
208000020,128,413,-285
208000021,211,252,-41
208000022,850,386,464
208000028,1009,623,386
208000033,501,407,94
208000034,840,1010,-170
208000037,215,16,199
208000040,127,176,-49
208000041,873,416,457
208000042,1455,538,917
208000047,130,198,-68
208000064,1787,1275,512
208000066,1362,1804,-442
208000070,237,258,-21
208000071,248,626,-378
208000072,267,1025,-758
208000080,327,265,62
208000081,319,116,203
208000082,296,216,80
208000083,105,364,-259
208000084,20,13,7
208000085,678,656,22
208000086,367,1014,-647
208000087,262,694,-432
208000089,938,303,635
208000090,733,463,270
208000093,194,214,-20
208000094,436,350,86
208000095,516,305,211
208000104,693,788,-95
208000105,462,801,-339
208000114,81,279,-198
208000115,398,260,138
208000116,465,848,-383
208000117,196,183,13
208000118,69,115,-46
208000155,637,833,-196
208000158,1046,2806,-1760
208000186,2993,3985,-992
208000204,521,777,-256
208000205,1050,798,252
208000282,4975,2584,2391
209000004,190,139,51
209000005,40,23,17
209000006,344,133,211
209000007,204,248,-44
209000010,392,110,282
209000011,100,194,-94
209000012,91,107,-16
209000013,212,236,-24
209000014,498,722,-224
209000025,224,30,194
209000026,457,125,332
209000027,436,525,-89
209000028,328,415,-87
209000029,550,462,88
209000030,574,899,-325
209000031,1808,1458,350
209000034,128,207,-79
209000035,127,148,-21
209000036,131,99,32
209000037,217,235,-18
209000038,75,171,-96
209000039,57,117,-60
209000040,209,398,-189
209000041,117,368,-251
209000042,175,279,-104
209000043,496,690,-194
209000044,114,674,-560
209000045,1497,459,1038
209000046,609,454,155
209000047,408,172,236
209000048,563,202,361
209000049,84,113,-29
209000050,242,159,83
209000051,321,264,57
209000052,171,270,-99
209000062,23,75,-52
209000063,61,50,11
209000064,21,62,-41
209000065,70,23,47
209000066,39,27,12
209000067,59,33,26
209000080,21,155,-134
209000082,62,21,41
209000091,28,104,-76
209000093,46,17,29
209000094,201,169,32
209000110,33,127,-94
209000111,307,786,-479
209000112,594,405,189
209000113,899,307,592
209000114,345,289,56
209000115,87,140,-53
209000116,603,370,233
209000118,20,31,-11
209000119,42,10,32
209000121,131,431,-300
209000135,64,177,-113
209000142,462,914,-452
209000143,91,57,34
209000144,70,88,-18
209000229,249,113,136
209000240,31,241,-210
209000259,127,94,33
209000260,38,711,-673
209000261,1,348,-347
209000262,4,284,-280
209000263,0,133,-133
209000264,0,66,-66
209000265,417,33,384
209000266,84,0,84
209000267,634,7,627
209000268,466,47,419
210000037,58,31,27
210000047,68,23,45
210000048,99,13,86
210000049,41,9,32
210000052,35,56,-21
210000053,34,50,-16
210000054,43,61,-18
210000070,117,2,115
210000071,39,0,39
210000072,21,0,21
210000073,0,27,-27
210000074,1,94,-93
210000075,3,93,-90
210000076,4,161,-157
210000077,17,31,-14
210000078,38,30,8
210000079,20,14,6
210000080,133,45,88
210000081,157,10,147
210000082,156,1,155
210000083,36,0,36
210000084,23,0,23
210000085,0,49,-49
210000086,1,67,-66
210000099,20,209,-189
210000100,31,169,-138
210000101,65,153,-88
210000105,31,155,-124
210000159,0,113,-113
210000163,132,183,-51
210000164,174,135,39
210000168,135,37,98
210000187,0,10,-10
210000188,0,8,-8
210000214,78,1,77
210000219,25,36,-11
210000220,76,31,45
210000232,2,13,-11
210000233,22,48,-26
210000234,15,116,-101
210000235,36,46,-10
210000245,0,31,-31
210000246,25,17,8
210000258,3,73,-70
210000259,216,66,150
210000282,77,185,-108
210000285,1,81,-80
210000286,8,110,-102
210000290,3,8,-5
210000295,33,90,-57
210000296,25,49,-24
210000320,116,42,74
210000321,121,39,82
210000338,54,40,14
210000339,277,957,-680
210000340,111,249,-138
210000341,184,220,-36
210000342,172,173,-1
210000343,107,123,-16
210000344,231,87,144
210000345,147,126,21
210000346,53,71,-18
210000347,57,38,19
210000348,120,17,103
210000349,69,19,50
210000350,93,65,28
210000351,124,104,20
210000352,59,50,9
210000353,44,73,-29
210000354,49,64,-15
210000355,47,78,-31
210000356,38,36,2
210000357,63,30,33
210000358,168,96,72
210000359,97,60,37
210000360,119,87,32
210000361,177,88,89
210000362,215,124,91
210000363,649,155,494
210000364,83,114,-31
210000365,102,59,43
210000366,84,48,36
210000367,57,28,29
210000368,151,22,129
210000369,20,29,-9
210000370,39,41,-2
210000372,15,22,-7
210000373,38,9,29
210000374,41,20,21
210000375,30,60,-30
210000376,51,68,-17
210000404,35,87,-52
210000439,22,38,-16
210000472,70,3,67
210000482,56,71,-15
210000564,248,204,44
210000567,1,24,-23
210000568,242,3,239
211000092,20,49,-29
211000094,32,6,26
211000169,155,7,148
211000172,16,189,-173
211000209,0,9,-9
211000226,4,15,-11
211000270,25,6,19
211000275,12,15,-3
211000276,58,24,34
211000279,14,23,-9
211000281,30,19,11
211000302,4,15,-11
211507980,2,46,-44
211977296,32,9,23
212000003,91,41,50
212000004,41,18,23
212000005,21,27,-6
212000006,37,47,-10
212000008,131,188,-57
212000009,26,110,-84
212000012,68,69,-1
212000013,38,40,-2
212000014,221,156,65
212000015,252,216,36
212000016,381,471,-90
212000027,461,303,158
212000028,256,324,-68
212000029,181,201,-20
212000030,35,22,13
212000031,44,43,1
212000048,47,123,-76
212000049,22,81,-59
212000050,26,9,17
212000051,141,169,-28
212000052,153,271,-118
212000053,371,556,-185
212000054,191,104,87
212000055,176,198,-22
212000056,14,30,-16
212000057,11,51,-40
212000058,176,27,149
212000070,98,173,-75
212000077,92,650,-558
212000099,207,248,-41
212000108,143,125,18
212000111,172,85,87
212000120,102,69,33
212000138,100,24,76
212000156,12,132,-120
212000158,21,9,12
212000159,281,49,232
212000160,451,224,227
212000161,62,13,49
212000310,35,18,17
212000311,12,52,-40
212000374,30,13,17
213000001,22,276,-254
213000005,246,70,176
213000006,778,245,533
213000007,234,8,226
213000009,612,408,204
213000010,140,291,-151
213000011,132,105,27
213000012,116,267,-151
213000014,66,10,56
213000015,193,4,189
213000016,279,2,277
213000017,97,0,97
213000018,0,105,-105
213000019,3,126,-123
213000020,89,325,-236
213000021,4,94,-90
213000023,288,155,133
213000033,238,1262,-1024
213000034,614,202,412
213000035,81,202,-121
213000045,162,173,-11
213000046,172,128,44
213000047,534,952,-418
213000056,75,52,23
213000069,150,11,139
213000073,0,27,-27
213000074,48,269,-221
213000075,391,18,373
213000076,39,1,38
213000085,6,32,-26
213000086,15,140,-125
213000091,130,9,121
213000092,115,8,107
213000099,155,871,-716
213000100,976,195,781
213000101,272,105,167
213000102,280,185,95
213000103,541,648,-107
213000104,46,285,-239
213000105,6,157,-151
213000106,28,127,-99
213000107,139,459,-320
213000108,21,400,-379
213000109,9,205,-196
213000110,10,71,-61
213000111,16,62,-46
213000112,183,77,106
213000115,83,5,78
213000116,18,305,-287
213000117,3,554,-551
213000118,357,192,165
213000119,62,543,-481
213000120,85,392,-307
213000122,161,472,-311
213000123,339,1237,-898
213000124,122,956,-834
213000125,96,21,75
213000126,23,106,-83
213000127,85,148,-63
213000128,396,833,-437
213000129,264,499,-235
213000130,360,220,140
213000132,196,77,119
213000133,376,89,287
213000134,644,25,619
213000136,379,53,326
213000137,485,81,404
213000139,339,27,312
213000147,75,8,67
213000148,14,6,8
213000149,54,9,45
213000150,0,135,-135
213000151,5,71,-66
213000152,2,69,-67
213000153,8,96,-88
213000154,57,163,-106
213000155,40,189,-149
213000156,139,543,-404
213000157,456,335,121
213000158,244,831,-587
213000159,429,440,-11
213000163,525,84,441
213000165,609,204,405
213000171,0,89,-89
213000172,1,243,-242
213000173,2,255,-253
213000174,2,144,-142
213000175,15,86,-71
213000176,30,30,0
213000177,52,4,48
213000178,86,5,81
213000179,146,3,143
213000180,110,1,109
213000184,79,323,-244
213000188,207,75,132
213000189,204,41,163
213000190,725,664,61
213000191,268,323,-55
213000192,183,350,-167
213000193,662,201,461
213000194,4,79,-75
213000195,22,356,-334
213000196,182,1049,-867
213000197,357,425,-68
213000198,85,0,85
213000200,130,835,-705
213000201,62,41,21
213000202,5,430,-425
213000203,2724,586,2138
213000204,547,71,476
213000205,180,77,103
213000206,340,68,272
213000207,199,13,186
213000208,112,4,108
213000209,165,3,162
213000210,438,0,438
213000211,13,28,-15
213000212,18,34,-16
213000213,25,51,-26
213000218,216,527,-311
213000219,349,13,336
213000220,262,15,247
213000223,198,194,4
213000224,58,50,8
213000225,97,7,90
213000226,84,18,66
213000227,662,251,411
213000228,303,96,207
213000229,387,22,365
213000230,364,26,338
213000232,58,736,-678
213000233,9,60,-51
213000234,8,34,-26
213000293,13,86,-73
213000294,171,17,154
213000295,39,76,-37
213000296,41,21,20
213000297,12,86,-74
213000298,42,99,-57
213000299,50,55,-5
213000300,64,4,60
213000303,29,27,2
213000304,2,9,-7
213000305,22,8,14
213000306,47,38,9
213000307,128,78,50
213000308,97,147,-50
213000309,106,52,54
213000310,337,89,248
213000311,319,586,-267
213000315,63,99,-36
213000316,100,47,53
213000322,71,133,-62
213000323,54,44,10
213000324,35,39,-4
213000325,44,66,-22
213000326,30,19,11
213000327,14,33,-19
213000328,21,158,-137
213000329,72,20,52
213000340,116,485,-369
213000341,337,81,256
213000346,200,184,16
213000347,622,294,328
213000348,23,90,-67
213000349,29,18,11
213000350,302,806,-504
213000366,62,238,-176
213000367,253,43,210
213000379,127,34,93
213000386,15,206,-191
213000406,79,220,-141
213000417,921,393,528
213000425,109,29,80
213000426,106,63,43
213000427,34,163,-129
213000428,35,118,-83
213000429,45,5,40
213000430,82,586,-504
213000431,348,8,340
213000432,5,85,-80
213000433,11,131,-120
213000434,53,80,-27
213000435,66,49,17
213000436,23,62,-39
213000437,0,11,-11
213000438,156,55,101
213000439,42,13,29
213000440,4,277,-273
213000441,3,3,0
213000442,0,26,-26
213000443,421,287,134
213000444,19,33,-14
213000445,0,54,-54
213000446,2,110,-108
213000447,5,43,-38
213000448,4,116,-112
213000449,196,2,194
213000450,20,19,1
213000451,146,75,71
213000452,10,14,-4
213000453,49,218,-169
213000455,498,5,493
213000456,3,257,-254
213000481,44,9,35
213000482,83,0,83
213000489,264,65,199
213000491,5,204,-199
213000492,259,4,255
213000493,0,101,-101
213000494,153,80,73
213000495,0,74,-74
213000496,390,154,236
213000497,69,231,-162
213000498,72,145,-73
213000499,131,386,-255
213000500,311,62,249
213000501,73,20,53
213000502,223,53,170
213000503,5,42,-37
213000504,6,101,-95
213000505,3,11,-8
213000506,0,5,-5
213000507,2,127,-125
213900244,33,0,33
213900245,0,32,-32
218000003,37,25,12
218000004,29,10,19
218000005,39,20,19
218000006,38,37,1
218000007,7,14,-7
218000012,136,151,-15
218000013,158,119,39
218000014,360,347,13
218000019,681,507,174
218000020,204,336,-132
218000021,21,25,-4
218000022,8,9,-1
218000023,0,13,-13
218000024,3,5,-2
218000025,2,9,-7
218000026,1,11,-10
218000027,0,2,-2
218000028,2,4,-2
218000029,0,2,-2
218000030,14,7,7
218000031,0,15,-15
218000032,0,6,-6
218000040,3,4,-1
218000046,46,67,-21
218000047,4,108,-104
218000048,40,69,-29
218000049,105,90,15
218000050,245,165,80
218000051,52,163,-111
218000052,0,50,-50
218000053,5,7,-2
218000054,13,36,-23
218000055,3,12,-9
218000056,14,20,-6
218000057,4,24,-20
218000064,3,9,-6
218000065,77,51,26
218000066,6,49,-43
218000067,33,60,-27
218000068,80,68,12
218000069,136,111,25
218000070,188,194,-6
218000071,124,154,-30
218000072,245,175,70
218000078,742,675,67
218000079,69,94,-25
218000080,92,79,13
218000081,301,204,97
218000082,38,97,-59
218000083,49,52,-3
218000084,90,93,-3
218000085,128,210,-82
218000086,52,88,-36
218000087,166,141,25
218000090,18,69,-51
218000091,815,391,424
218000092,56,164,-108
218000093,85,61,24
218000094,476,612,-136
218000099,254,653,-399
218000100,219,269,-50
218000101,279,151,128
218000102,333,223,110
218000103,71,122,-51
218000104,92,27,65
218000105,20,15,5
218000106,13,3,10
218000107,36,30,6
218000108,9,48,-39
218000112,59,16,43
218000117,76,19,57
218000134,509,461,48
218000135,28,60,-32
218000136,183,86,97
218000137,178,139,39
218000138,18,97,-79
218000139,127,291,-164
218000140,367,213,154
218000141,58,61,-3
218000142,186,120,66
218000143,117,204,-87
218000144,78,86,-8
218000145,281,302,-21
218000146,49,157,-108
218000151,6,14,-8
218000152,99,46,53
218000153,1,2,-1
218000154,2,1,1
218000155,11,0,11
218000156,58,14,44
218000157,17,7,10
218000158,0,5,-5
218000159,1,3,-2
218000160,3,3,0
218000161,13,1,12
218000162,16,7,9
218000163,5,4,1
218000164,26,2,24
218000165,27,14,13
218000170,7,30,-23
218000171,55,18,37
218000172,44,5,39
218000173,58,9,49
218000174,31,9,22
218000176,168,29,139
218000177,249,188,61
218000178,55,173,-118
218000179,70,63,7
218000180,60,26,34
218000181,177,44,133
218000187,8,13,-5
218000188,30,50,-20
218000189,11,53,-42
218000190,22,20,2
218000191,110,40,70
218000192,147,171,-24
218000193,335,257,78
218000194,50,229,-179
218000195,102,71,31
218000196,276,233,43
218000197,302,266,36
218000198,49,164,-115
218000199,39,38,1
218000200,66,30,36
218000201,10,8,2
218000202,70,166,-96
218000207,9,23,-14
218000208,46,29,17
218000211,41,21,20
218000212,1,5,-4
218000213,67,61,6
218000214,2,19,-17
218000215,28,35,-7
218000217,3,54,-51
218000218,99,41,58
218000219,20,13,7
218000220,89,259,-170
218000221,466,133,333
218000222,18,24,-6
218000223,24,180,-156
218000224,7,103,-96
218000225,121,15,106
218000226,84,38,46
218000230,3,7,-4
218000232,37,71,-34
218000239,219,14,205
218000240,34,3,31
218000241,65,5,60
218000242,133,3,130
218000243,154,5,149
218000244,86,5,81
218000245,40,1,39
218000246,1,1,0
218000247,3,0,3
218000248,2,14,-12
218000249,0,1,-1
218000250,1,7,-6
218000251,4,17,-13
218000252,3,32,-29
218000253,2,20,-18
218000254,0,20,-20
218000255,5,22,-17
218000256,10,62,-52
218000267,334,904,-570
218000268,13,42,-29
218000269,2,13,-11
218000270,83,51,32
218000271,33,55,-22
218000273,12,6,6
218000274,18,9,9
218000275,18,38,-20
218000276,13,35,-22
218000278,30,37,-7
218000279,63,57,6
218000280,10,48,-38
218000281,13,16,-3
218000282,455,339,116
218000284,62,5,57
218000301,69,134,-65
218000302,110,66,44
218000303,50,45,5
218000316,585,969,-384
218000317,804,1014,-210
218000318,544,809,-265
218000319,809,962,-153
218000320,617,572,45
218000338,59,27,32
218000345,100,43,57
218000346,22,123,-101
218000459,29,166,-137
218000490,41,35,6
218000501,75,42,33
218000502,22,60,-38
218000503,82,13,69
218000504,168,32,136
218000505,28,157,-129
218000506,25,238,-213
218000508,3,6,-3
218000510,149,6,143
218000520,124,61,63
218000521,1,38,-37
218000522,1,125,-124
218000523,80,2,78
218000524,38,127,-89
218000525,132,7,125
218000526,47,150,-103
218000529,36,116,-80
218000530,7,3,4
218000531,7,17,-10
218000532,21,20,1
218000534,77,17,60
218000537,21,28,-7
218000538,105,154,-49
218000540,148,64,84
218000543,95,53,42
218000544,64,78,-14
218000545,27,50,-23
218000546,41,47,-6
218000547,61,102,-41
218000548,169,83,86
218000549,296,263,33
218000550,227,246,-19
218000551,117,654,-537
218000552,394,30,364
218000553,64,78,-14
218000554,44,19,25
218000555,21,46,-25
218000556,197,164,33
218000557,166,131,35
218000558,87,0,87
218000559,0,37,-37
218000560,0,34,-34
218000561,38,0,38
218000562,23,142,-119
218000563,213,23,190
218000564,8,108,-100
218000565,180,23,157
218000566,493,24,469
218000567,0,61,-61
218000568,48,1,47
218000569,19,85,-66
218000570,174,6,168
218000571,4,91,-87
218000572,142,0,142
218000573,15,134,-119
218000574,142,35,107
218000575,102,0,102
218000576,0,61,-61
218000577,85,3,82
218000578,0,50,-50
218000579,27,12,15
218000581,1,37,-36
218000582,50,6,44
218000583,7,0,7
218000584,3,14,-11
218000585,51,3,48
218000586,16,54,-38
218000587,2,4,-2
218000588,10,3,7
218000589,6,4,2
218000590,13,0,13
218000591,8,1,7
218000592,38,1,37
218000593,3,0,3
218000594,1,1,0
218000597,0,0,0
218000598,0,0,0
218000599,0,0,0
218000600,2,0,2
218000601,0,1,-1
218000602,0,8,-8
218000603,0,4,-4
218000604,5,0,5
218000605,0,49,-49
218000606,86,1,85
218000607,4,28,-24
218000608,44,15,29
218000609,5,35,-30
218000610,49,7,42
218000611,22,1,21
218000612,2,14,-12
218000613,45,0,45
218000614,2,52,-50
218000615,179,1,178
218000616,5,122,-117
218000617,34,2,32
218000618,0,22,-22
218000619,13,22,-9
218000620,2,5,-3
218000621,0,0,0
218000622,0,9,-9
218000623,109,0,109
218000624,4,5,-1
218000625,6,0,6
218000626,0,6,-6
218000628,117,22,95
218000631,57,23,34
218000632,1,60,-59
218000633,88,5,83
218000634,14,11,3
218000635,36,6,30
218000636,548,906,-358
218000637,760,467,293
218000638,132,32,100
218000639,17,126,-109
218000640,184,27,157
218000641,44,183,-139
218000652,55,39,16
218000653,112,44,68
218000663,9,194,-185
218000675,97,41,56
218000676,1,13,-12
218000677,10,6,4
218000680,212,295,-83
218000681,325,130,195
218000691,213,179,34
218000693,179,137,42
218000703,3,17,-14
218000718,398,791,-393
218000719,664,467,197
218000720,35,236,-201
218000721,377,30,347
218000725,2,6,-4
218001147,1,83,-82
218001214,9,38,-29
218001258,103,6,97
218001329,140,137,3
218001330,94,69,25
218001351,29,6,23
218001352,24,13,11
218001353,14,16,-2
218001354,7,13,-6
218001355,7,202,-195
218001356,321,11,310
218001357,58,116,-58
218001358,169,13,156
218001361,202,4,198
218001362,0,147,-147
219000001,36,18,18
219000002,62,29,33
219000003,39,22,17
219000004,39,40,-1
219000017,85,19,66
219000020,82,37,45
219000022,103,1,102
219000023,91,1,90
219000029,0,79,-79
219000034,32,21,11
219000039,110,92,18
219000040,42,32,10
219000041,100,37,63
219000051,0,16,-16
219000052,0,19,-19
219000053,0,67,-67
219000054,25,49,-24
219000055,135,1,134
219000056,6,0,6
219000057,47,0,47
219000062,17,56,-39
219000063,45,19,26
219000064,0,54,-54
219000110,572,40,532
219000111,107,26,81
219000112,151,50,101
219000113,108,35,73
219000114,196,78,118
219000116,71,34,37
219000117,140,27,113
219000118,85,39,46
219000123,161,63,98
219000124,80,43,37
219000125,10,21,-11
219000126,74,119,-45
219000127,0,7,-7
219000128,26,75,-49
219000129,36,94,-58
219000130,427,457,-30
219000131,648,854,-206
219000133,48,18,30
219000134,8,14,-6
219000135,34,31,3
219000136,78,136,-58
219000138,36,11,25
219000139,15,36,-21
219000140,29,2,27
219000141,18,87,-69
219000142,12,61,-49
219000143,11,59,-48
219000145,24,36,-12
219000146,0,14,-14
219000147,5,17,-12
219000148,1,22,-21
219000149,7,55,-48
219000150,0,46,-46
219000151,1,12,-11
219000157,168,170,-2
219000158,182,220,-38
219000161,64,19,45
219000163,1403,459,944
219000166,131,144,-13
219000167,135,125,10
219000168,233,94,139
219000174,416,118,298
219000175,75,2,73
219000176,65,5,60
219000177,22,1,21
219000178,29,3,26
219000179,14,0,14
219000180,24,19,5
219000182,140,37,103
219000183,67,22,45
219000184,105,11,94
219000185,0,39,-39
219000186,49,20,29
219000187,8,58,-50
219000189,69,149,-80
219000190,63,195,-132
219000191,839,1081,-242
219000192,142,109,33
219000193,178,90,88
219000195,1,38,-37
219000196,9,115,-106
219000198,25,88,-63
219000199,62,187,-125
219000200,26,186,-160
219000201,95,193,-98
219000203,23,125,-102
219000204,203,201,2
219000205,47,110,-63
219000207,134,200,-66
219000209,23,67,-44
219000210,61,66,-5
219000213,18,92,-74
219000239,211,247,-36
219000240,219,318,-99
219000241,148,133,15
219000242,117,110,7
219000243,85,157,-72
219000244,20,74,-54
219000245,37,30,7
219000246,25,21,4
219000247,135,36,99
219000248,453,318,135
219000249,149,105,44
219000250,103,88,15
219000251,392,181,211
219000252,230,169,61
219000253,362,100,262
219000255,88,79,9
219000256,178,78,100
219000257,119,0,119
219000262,64,78,-14
219000263,50,94,-44
219000267,0,70,-70
219000268,1,2,-1
219000269,3,1,2
219000270,1,0,1
219000271,74,3,71
219000278,1,6,-5
219000279,2,2,0
219000283,1,5,-4
219000295,10,73,-63
219000296,42,320,-278
219000297,18,108,-90
219000298,11,128,-117
219000299,423,53,370
219000300,20,166,-146
219000301,202,325,-123
219000302,20,176,-156
219000307,45,28,17
219000308,28,23,5
219000311,184,43,141
219000312,600,87,513
219000313,244,35,209
219000314,51,333,-282
219000315,227,20,207
219000316,424,63,361
219000317,56,17,39
219000320,1,102,-101
219000321,0,31,-31
219000323,1,54,-53
219000325,0,19,-19
219000326,63,61,2
219000327,40,19,21
219000328,22,42,-20
219000329,343,99,244
219000330,27,20,7
219000331,28,27,1
219000332,93,60,33
219000333,16,3,13
219000335,29,2,27
219000337,20,0,20
219000338,64,0,64
219000344,22,70,-48
219000345,44,60,-16
219000346,34,76,-42
219000348,113,64,49
219000349,49,93,-44
219000350,112,198,-86
219000351,16,3,13
219000352,475,64,411
219000353,118,46,72
219000354,104,84,20
219000355,122,78,44
219000356,1113,1143,-30
219000363,208,66,142
219000364,90,33,57
219000365,136,10,126
219000366,198,200,-2
219000368,341,472,-131
219000370,1098,455,643
219000371,14,17,-3
219000382,42,13,29
219000383,619,797,-178
219000385,366,379,-13
219000386,604,1161,-557
219000387,2,9,-7
219000390,1,0,1
219000391,1,2,-1
219000397,60,55,5
219000398,67,31,36
219000401,14,102,-88
219000402,29,85,-56
219000403,157,254,-97
219000404,32,131,-99
219000407,2,20,-18
219000409,38,46,-8
219000410,62,35,27
219000411,67,8,59
219000446,140,263,-123
219000447,0,24,-24
219000448,17,12,5
219000452,159,71,88
219000453,88,141,-53
219000454,154,227,-73
219000556,216,101,115
219000558,122,155,-33
219000590,32,141,-109
219000591,53,52,1
219000592,103,283,-180
219000595,4,8,-4
219000635,131,54,77
219000636,23,74,-51
219000657,45,19,26
219000658,27,93,-66
219000673,0,17,-17
219000676,20,12,8
219000679,20,9,11
219000684,85,5,80
219000685,2,48,-46
219000686,0,1,-1
219000688,0,55,-55
219000689,29,175,-146
219000690,146,26,120
219000691,37,154,-117
219000692,154,23,131
219000693,1,20,-19
219000694,4,1,3
219000695,15,1,14
219000698,9,0,9
219000699,0,13,-13
219000727,2,70,-68
219000728,51,0,51
219000770,46,1,45
219000771,0,25,-25
219000788,440,162,278
219001150,0,7,-7
219001151,2,1,1
219001166,24,20,4
219001167,1,73,-72
219001178,32,0,32
220000001,29,50,-21
220000002,10,80,-70
220000003,227,149,78
220000004,435,302,133
220000005,1035,1105,-70
220000006,167,494,-327
220000007,301,354,-53
220000008,248,772,-524
220000009,191,298,-107
220000010,214,105,109
220000011,425,2174,-1749
220000012,109,213,-104
220000014,137,44,93
220000015,85,165,-80
220000017,28,139,-111
220000018,2375,1185,1190
220000019,57,199,-142
220000020,309,162,147
220000021,595,113,482
220000022,502,281,221
220000023,234,92,142
220000024,925,226,699
220000025,485,626,-141
220000026,177,142,35
220000027,59,51,8
220000028,31,36,-5
220000029,64,115,-51
220000030,85,70,15
220000031,242,206,36
220000064,14,615,-601
221000046,6,0,6
221000047,0,5,-5
221000048,0,1,-1
221000049,0,5,-5
221000050,21,0,21
221000055,32,36,-4
221000057,78,13,65
221000068,201,127,74
221000069,241,50,191
221000070,159,39,120
221000071,65,8,57
221000072,189,10,179
221000073,120,34,86
221000074,1,18,-17
221000075,29,19,10
221000076,5,26,-21
221000077,20,75,-55
221000081,39,3,36
221000082,56,2,54
221000083,56,2,54
221000084,10,1,9
221000085,14,65,-51
221000086,12,80,-68
221000087,8,131,-123
221000088,14,133,-119
221000089,27,213,-186
221000090,89,366,-277
221000098,108,14,94
221000099,157,12,145
221000100,74,4,70
221000101,187,18,169
221000102,97,32,65
221000109,2,71,-69
221000110,6,64,-58
221000111,11,195,-184
221000112,4,116,-112
221000113,12,140,-128
221000114,3,138,-135
221000120,31,22,9
221000121,2,23,-21
221000122,39,31,8
221000123,18,6,12
221000124,41,106,-65
221000155,69,8,61
221000156,60,20,40
221000175,7,6,1
221000176,6,1,5
221000182,35,4,31
221000241,737,252,485
221000242,150,383,-233
221000243,649,146,503
221000244,250,452,-202
221000245,92,87,5
221000246,30,263,-233
221000247,83,92,-9
221000248,118,170,-52
221000267,39,359,-320
221000325,48,47,1
221000331,17,37,-20
221000338,7,17,-10
221000378,142,24,118
221000381,40,44,-4
222000282,12,1,11
222000296,2,16,-14
222000568,221,20,201
222000569,150,28,122
222000570,98,22,76
222000571,167,9,158
222000577,11,122,-111
222000578,34,142,-108
222000579,33,126,-93
222000580,96,558,-462
222000599,1,114,-113
222000600,5,253,-248
222000601,5,699,-694
222000603,7,30,-23
222000604,5,25,-20
222000605,18,27,-9
222000606,1,6,-5
222000607,6,3,3
222000608,22,11,11
222000609,123,128,-5
222000616,235,56,179
222000617,10,32,-22
222000618,32,3,29
222000620,21,10,11
222000621,54,10,44
222000623,502,9,493
222000624,296,5,291
222000625,463,17,446
222000636,41,6,35
222000686,30,17,13
222000687,29,22,7
222001066,107,2,105
222001067,8,1,7
222001068,24,9,15
222001069,27,23,4
222001082,5,30,-25
222001083,17,32,-15
222001084,0,40,-40
222001085,2,49,-47
222001111,23,106,-83
222001112,66,21,45
222001313,28,7,21
222001314,14,117,-103
222001464,136,65,71
222001465,28,107,-79
222001484,91,98,-7
222001485,25,54,-29
222001494,375,145,230
222001495,204,184,20
222001496,220,127,93
222001497,153,258,-105
222001502,13,78,-65
222001503,57,33,24
222001504,9,239,-230
222001505,204,10,194
222001506,43,307,-264
222001507,205,14,191
222001510,266,27,239
222001511,40,242,-202
222001514,436,121,315
222001515,194,332,-138
222001518,170,39,131
222001519,44,143,-99
222001527,110,47,63
222001528,53,130,-77
222001529,120,28,92
222001530,33,99,-66
222001533,128,163,-35
222001534,163,50,113
222001535,119,192,-73
222001536,106,162,-56
222001537,185,38,147
222001538,67,265,-198
222001563,533,65,468
222001564,46,396,-350
222001568,363,108,255
222001576,1,0,1
222001579,0,7,-7
222001583,46,96,-50
222001584,82,21,61
222001596,350,669,-319
222001597,749,191,558
222001626,0,95,-95
222001650,40,75,-35
222001651,65,99,-34
222001914,121,40,81
222001915,33,120,-87
222001968,417,262,155
222001969,394,461,-67
222001970,130,141,-11
222001971,16,8,8
222001972,2,9,-7
225000001,318,136,182
225000002,434,125,309
225000003,406,51,355
225000004,256,156,100
225000005,62,39,23
225000006,1,127,-126
225000007,953,988,-35
225000010,249,16,233
225000011,200,666,-466
225000012,165,367,-202
225000013,84,103,-19
225000014,580,66,514
225000015,64,121,-57
225000021,447,133,314
225000027,187,336,-149
225000032,429,101,328
225000042,71,448,-377
225000049,19,41,-22
225000050,43,12,31
225000053,3,261,-258
225000058,468,95,373
225000067,148,131,17
225000068,72,194,-122
225000069,107,288,-181
225000070,61,252,-191
225000071,21,83,-62
225000075,14,668,-654
225000076,48,88,-40
225000078,45,28,17
225000085,36,116,-80
225000086,172,47,125
225000087,168,9,159
225000088,10,118,-108
225000089,170,823,-653
225000090,21,272,-251
225000091,160,106,54
225000092,19,57,-38
225000093,157,197,-40
225000094,4,211,-207
225000095,257,262,-5
225000096,311,360,-49
225000098,426,251,175
225000099,265,137,128
225000100,210,88,122
225000104,87,285,-198
225000110,15,269,-254
225000111,187,702,-515
225000112,227,759,-532
225000113,195,360,-165
225000114,36,166,-130
225000115,1132,451,681
225000116,797,145,652
225000117,524,209,315
225000118,740,175,565
225000119,140,42,98
225000120,478,24,454
225000121,189,18,171
225000123,445,10,435
225000125,280,148,132
225000126,511,120,391
225000127,525,618,-93
225000128,386,463,-77
225000132,248,24,224
225000133,165,19,146
225000134,398,105,293
225000135,52,9,43
225000136,213,18,195
225000137,130,40,90
225000138,237,51,186
225000143,42,129,-87
225000144,2,272,-270
225000145,14,24,-10
225000146,13,58,-45
225000147,16,142,-126
225000148,2,134,-132
225000149,33,350,-317
225000151,37,152,-115
225000155,351,348,3
225000156,121,569,-448
225000157,188,253,-65
225000158,58,213,-155
225000171,4,129,-125
225000180,51,1,50
225000181,1,83,-82
225000182,61,11,50
225000185,10,245,-235
225000187,38,207,-169
225000191,87,3,84
225000194,0,10,-10
225000208,1,50,-49
225000209,97,7,90
225000210,1,164,-163
225000217,0,16,-16
225000218,13,0,13
225000223,0,43,-43
225000224,97,0,97
225000225,0,78,-78
225000226,41,0,41
225000227,38,110,-72
225000228,27,20,7
225000229,0,48,-48
225000230,13,0,13
225000231,0,39,-39
225000232,143,0,143
225000241,78,0,78
225000242,0,30,-30
225000249,10,0,10
225000250,32,587,-555
225000251,210,18,192
226000042,250,348,-98
226000043,44,259,-215
226000044,89,374,-285
226000045,42,302,-260
226000046,234,50,184
226000047,329,83,246
226000048,275,117,158
226000049,193,112,81
226000070,0,29,-29
226000071,0,38,-38
226000072,0,10,-10
226000073,0,6,-6
226000074,0,9,-9
226000084,0,49,-49
226000085,2,7,-5
226000086,6,12,-6
226000087,1,13,-12
226000088,13,15,-2
226000090,94,70,24
226000091,19,10,9
226000092,4,4,0
226000093,56,0,56
226000094,17,4,13
226000095,23,1,22
226000105,11,0,11
226000106,9,0,9
226000107,5,0,5
226000108,24,0,24
226000109,51,1,50
226000124,62,52,10
226000134,419,301,118
226000135,875,421,454
226000136,318,260,58
226000137,5,273,-268
226000138,8,149,-141
226000139,0,16,-16
226000156,131,1,130
226000157,115,1,114
226000163,59,54,5
226000202,10,218,-208
226000231,266,7,259
226000232,29,3,26
227000033,268,65,203
227000036,251,24,227
227000037,227,19,208
227000038,283,34,249
227000049,0,12,-12
227000050,0,37,-37
227000055,47,3,44
227000056,23,2,21
227000084,0,78,-78
227000085,1,47,-46
227000088,39,1,38
227000089,128,2,126
227000090,43,2,41
227000091,16,1,15
227000092,4,0,4
227000093,157,0,157
227000094,19,0,19
227000130,30,57,-27
227000131,14,163,-149
227000132,8,161,-153
227000133,16,148,-132
227000134,11,297,-286
227000152,1,2,-1
227000153,0,46,-46
227000154,0,6,-6
227000155,4,23,-19
227000156,1,11,-10
227000165,5,28,-23
227000196,201,154,47
227000199,217,341,-124
227000230,17,305,-288
227000232,348,18,330
227000242,67,471,-404
227000243,411,77,334
227000245,17,283,-266
227000246,115,507,-392
227000247,339,82,257
227000248,142,44,98
227000249,59,204,-145
227000250,477,156,321
227000251,134,229,-95
227000252,22,330,-308
227000253,141,22,119
227000262,260,49,211
227000266,741,27,714
227000267,20,963,-943
227000282,4,70,-66
227000284,375,12,363
227000286,4,37,-33
227000287,12,53,-41
227000291,6,335,-329
227000484,274,6,268
227000485,19,674,-655
227000655,81,11,70
227000656,405,25,380
227000657,57,6,51
227000661,207,12,195
227000680,173,38,135
229000265,10,21,-11
229000296,0,5,-5
229000297,0,19,-19
229000298,6,101,-95
229000320,7,6,1
229000321,11,4,7
229000412,8,32,-24
229000414,3,33,-30
229000415,19,1,18
229000416,2,0,2
229000417,2,12,-10
229000419,85,147,-62
229000440,251,63,188
229000442,10,2,8
229000443,20,1,19
229000444,5,14,-9
229000445,71,1,70
229000446,55,13,42
229000491,0,9,-9
229000492,5,51,-46
229000493,2,37,-35
229000494,21,0,21
229000495,54,6,48
229000496,30,3,27
229000507,0,31,-31
229000508,0,18,-18
229000509,0,36,-36
229000510,2,15,-13
229000511,2,19,-17
229000512,0,10,-10
229000513,0,2,-2
229000514,0,2,-2
229000517,2,1,1
229000518,10,7,3
229000519,2,5,-3
229000520,6,8,-2
229000521,27,15,12
229000522,7,7,0
229000523,2,4,-2
229000524,4,4,0
229000527,0,0,0
229000528,1,0,1
229000529,2,0,2
229000530,23,0,23
229000531,27,0,27
229000532,18,0,18
229000533,25,0,25
229000534,29,0,29
229000564,25,0,25
229000565,4,0,4
229000566,0,1,-1
229000567,1,12,-11
229000582,48,2,46
229000583,0,1,-1
229000584,0,9,-9
229000585,0,28,-28
229000718,0,2,-2
229000719,0,5,-5
229000720,0,4,-4
229000721,0,2,-2
229000722,0,8,-8
229000723,0,3,-3
229000724,0,0,0
229000725,0,4,-4
229000738,1,0,1
229000739,2,0,2
229000740,0,0,0
229000741,8,0,8
229000742,4,0,4
229000743,5,0,5
229000744,1,0,1
229000745,0,0,0
229000746,11,0,11
229000847,34,0,34
229000848,10,0,10
229000849,46,0,46
229000851,7,0,7
229000854,0,12,-12
229000856,0,43,-43
229000857,0,20,-20
229000858,2,32,-30
229000919,14,83,-69
229000930,2,170,-168
229000937,55,18,37
229000966,38,12,26
229000981,13,35,-22
229000985,1,14,-13
229000986,3,6,-3
229000987,0,0,0
229000988,1,1,0
229000989,7,2,5
229000990,0,0,0
229000991,1,3,-2
229000992,10,1,9
229000993,119,6,113
229000998,5,40,-35
229000999,36,24,12
229001034,0,13,-13
229001035,3,0,3
229001037,38,7,31
229001042,6,15,-9
229001047,9,33,-24
229001050,44,33,11
229001168,0,5,-5
229001200,14,3,11
229001338,21,15,6
229001394,157,4,153
229001422,64,13,51
229001423,15,112,-97
229001431,31,57,-26
229001432,41,61,-20
229001444,110,35,75
229001445,16,103,-87
229001479,12,2,10
229001503,138,53,85
229001504,124,134,-10
229001505,75,25,50
229001506,35,130,-95
229001509,24,10,14
229001545,65,4,61
229001546,3,78,-75
229001553,53,13,40
229001554,12,74,-62
229001559,1,8,-7
229001560,2,21,-19
229001630,30,7,23
229001631,3,23,-20
229001635,0,11,-11
229001636,8,1,7
229001658,1,74,-73
229001659,38,15,23
229001660,4,4,0
229001661,9,8,1
229001662,29,0,29
229001663,1,23,-22
229002584,100,139,-39
229002831,130,74,56
229002841,4,17,-13
229002842,14,18,-4
229002843,63,7,56
229002844,21,41,-20
229002845,6,43,-37
229002846,30,16,14
229002847,0,3,-3
229002848,6,11,-5
229002849,2,59,-57
229002850,3,0,3
229002851,26,70,-44
229002852,139,16,123
229002853,82,4,78
229002854,22,30,-8
229002855,4,17,-13
229002856,47,18,29
229002857,6,50,-44
229002858,12,10,2
229002859,17,18,-1
229002860,131,10,121
229002861,43,26,17
229002862,41,7,34
229002863,15,6,9
229002864,21,18,3
229002865,21,11,10
229002866,38,13,25
229002867,0,8,-8
229002868,11,10,1
229002869,11,65,-54
229002870,46,9,37
235000066,484,34,450
235000067,161,66,95
235000072,22,61,-39
235000073,44,249,-205
235000074,33,67,-34
235000080,33,101,-68
235000081,114,96,18
235000082,114,49,65
235000083,157,131,26
235000084,42,53,-11
235000085,109,61,48
235000089,28,19,9
235000092,22,130,-108
235000093,5,2,3
235000097,2,6,-4
235000098,83,11,72
235000099,35,13,22
235000116,70,15,55
235000117,460,12,448
235000133,12,366,-354
235000134,8,157,-149
235000206,7,6,1
235000207,5,4,1
235000208,6,1,5
235000209,14,0,14
235000210,8,2,6
235000212,6,16,-10
235000213,1,9,-8
235000220,2,2,0
235000221,75,10,65
235000238,13,57,-44
235000239,2,18,-16
235000242,252,369,-117
235000245,435,137,298
235000246,18,59,-41
235000284,7,90,-83
235000295,82,13,69
235000305,263,14,249
235000306,138,3,135
235000307,17,1,16
235000308,23,3,20
235000309,44,1,43
235000310,24,0,24
235000311,65,4,61
235000322,1,39,-38
235000323,0,32,-32
235000324,1,14,-13
235000325,0,6,-6
235000326,6,116,-110
235000351,0,59,-59
235000352,8,14,-6
235000353,6,8,-2
235000354,6,10,-4
235000355,9,36,-27
235000356,109,4,105
235000357,63,10,53
235000358,103,2,101
235000359,8,1,7
235000360,51,15,36
235000361,54,9,45
235000381,84,152,-68
235000382,140,29,111
235000390,23,0,23
235000391,214,16,198
235000392,129,242,-113
235000393,103,140,-37
235000395,97,46,51
235000396,395,35,360
235000400,75,43,32
235000401,20,97,-77
235000405,108,224,-116
235000406,44,208,-164
235000407,43,55,-12
235000409,123,113,10
235000410,65,216,-151
235000411,0,57,-57
235000485,0,8,-8
235000486,3,0,3
235000549,46,91,-45
235000550,95,152,-57
235000599,92,64,28
235000600,3,10,-7
235000601,14,21,-7
235000602,61,86,-25
235000614,3,10,-7
235000648,1,17,-16
235000649,37,7,30
235000685,7,4,3
235000815,29,15,14
235000834,0,5,-5
235000855,33,85,-52
235000862,18,93,-75
235000891,0,5,-5
235000892,22,3,19
235000901,73,71,2
235000907,8,9,-1
235001010,55,74,-19
235001029,450,294,156
235001030,360,256,104
235001078,71,70,1
235001079,49,87,-38
235001147,10,27,-17
235001166,10,69,-59
235001167,38,43,-5
235001169,27,251,-224
235001188,1,13,-12
235001189,4,0,4
235001197,5,14,-9
235001200,36,38,-2
235001207,121,22,99
235001210,23,73,-50
235001215,33,112,-79
235001239,1,46,-45
235001244,0,9,-9
235016267,0,28,-28
277101746,0,1,-1
277102712,4,1,3
277103813,0,0,0
277103814,0,0,0
277103898,0,3,-3
277104249,0,1,-1
277104250,0,3,-3
277104251,0,8,-8
277104252,0,4,-4
990011530,0,156,-156
990014944,0,361,-361
990015176,12,1,11
990015618,0,104,-104
990016032,0,237,-237
990032570,1,17,-16
990070001,57,1,56
990070103,0,5,-5
990070601,0,37,-37
990070751,564,17,547
990070766,1,279,-278
990071180,400,145,255
990071343,4,0,4
990071387,0,11,-11
990071823,698,31,667
990072600,1,617,-616
990072964,0,250,-250
990073285,0,1,-1
990074393,0,593,-593
990074870,1321,6,1315
990075106,1368,4,1364
990075746,455,4,451
990076437,839,2,837
990076458,0,517,-517
997000007,697,9,688
997000041,0,136,-136
997000058,46,0,46
997000062,24,0,24
997000069,0,4,-4
997000070,1,19,-18
997000100,15,0,15
997000141,2,618,-616
997000198,361,948,-587
998000475,0,20,-20
998000736,0,107,-107
998000965,0,7,-7
998001031,0,62,-62
998001700,0,17,-17
998001899,0,1,-1
998001900,2,0,2
998003073,720,17,703
998101900,0,0,0
998102850,1,176,-175
998501927,1046,506,540
998501929,46,2,44
998501930,60,2,58
998501931,231,3,228
998501932,2,2,0
998501933,52,1,51
998501937,30,0,30
998501944,5,1,4
998501950,1,9,-8
998501970,26,1,25
998501971,0,65,-65
998501973,0,24,-24
998501974,3,243,-240
998501975,106,3,103
998501976,101,1,100
998501977,0,20,-20
998501978,17,0,17
998501979,0,24,-24
998501980,75,2,73
998501981,25,3,22
998501982,0,78,-78
998501983,0,5,-5
998502024,0,8,-8
998502032,0,4,-4
998502062,14,2,12
998502063,0,0,0
998502173,28,0,28
998502269,0,3,-3
998502546,1,100,-99
998502578,2,1,1
998502599,35,227,-192
998601159,0,93,-93
998601292,0,7,-7
999033574,2,315,-313
999800001,11,0,11
999800002,0,1,-1
999800003,1,2,-1
999800004,0,2,-2
999800005,0,5,-5
