ID,insum,outsum,diff
100000001,1149,476,673
100000002,3684,6446,-2762
100000003,3557,4660,-1103
100000004,215,1301,-1086
100000005,2967,3165,-198
100000006,487,642,-155
100000007,1966,1343,623
100000008,87,557,-470
100000009,229,1350,-1121
100000010,15,251,-236
100000011,378,39,339
100000012,18,295,-277
100000013,5,98,-93
100000014,61,1475,-1414
100000015,847,1620,-773
100000016,224,2139,-1915
100000017,120,2943,-2823
100000018,660,574,86
100000019,2295,2059,236
100000020,1069,4882,-3813
100000021,4987,1289,3698
100000022,488,3154,-2666
100000023,3699,1355,2344
100000025,417,1284,-867
100000028,210,2269,-2059
100000029,26,939,-913
100000030,41,23,18
100000031,1726,6929,-5203
100000032,1494,4311,-2817
100000033,1151,3090,-1939
100000034,88,1476,-1388
100000035,470,1193,-723
100000036,410,1618,-1208
100000037,722,284,438
100000038,2447,617,1830
100000039,171,209,-38
100000040,681,134,547
100000041,1613,327,1286
100000042,1319,184,1135
100000043,574,133,441
100000044,94,160,-66
100000045,145,300,-155
100000046,232,195,37
100000047,139,140,-1
100000048,138,196,-58
100000049,864,782,82
100000051,494,475,19
100000053,52,3,49
100000054,206,14,192
100000055,496,132,364
100000056,244,286,-42
100000057,1850,354,1496
100000058,932,399,533
100000059,106,160,-54
100000060,902,356,546
100000061,2070,549,1521
100000062,1626,809,817
100000063,1079,404,675
100000064,1514,483,1031
100000065,293,345,-52
100000066,206,390,-184
100000067,150,662,-512
100000068,230,1123,-893
100000069,230,817,-587
100000072,165,298,-133
100000073,870,621,249
100000075,686,147,539
100000076,1193,7745,-6552
100000077,45,491,-446
100000078,2,67,-65
100000079,8,91,-83
100000080,0,51,-51
100000081,11,104,-93
100000102,1926,4668,-2742
100000103,1151,4794,-3643
100000104,3019,2069,950
100000105,914,1683,-769
100000106,540,3110,-2570
100000107,73,1097,-1024
100000108,105,1000,-895
100000109,292,1232,-940
100000116,191,423,-232
100000117,23,90,-67
100000118,470,935,-465
100000119,852,894,-42
100000121,126,422,-296
100000122,493,1998,-1505
100000123,794,1723,-929
100000124,1851,2149,-298
100000125,6624,1742,4882
100000126,411,601,-190
100000127,1423,989,434
100000128,492,3165,-2673
100000129,306,1030,-724
100000130,1007,131,876
100000131,573,793,-220
100000132,879,1014,-135
100000133,966,527,439
100000135,450,779,-329
100000139,123,415,-292
100000140,75,69,6
100000142,555,414,141
100000143,923,182,741
100000144,835,245,590
100000147,1434,4342,-2908
100000150,119,405,-286
100000151,195,1636,-1441
100000153,19,364,-345
100000154,20,491,-471
100000155,1,43,-42
100000156,42,126,-84
100000157,119,149,-30
100000158,149,178,-29
100000159,106,1490,-1384
100000165,506,441,65
100000169,17,2444,-2427
100000174,298,1178,-880
100000179,96,756,-660
100000180,630,1192,-562
100000181,195,206,-11
100000188,29,72,-43
100000189,686,204,482
100000190,370,1160,-790
100000191,644,486,158
100000192,6,190,-184
100000193,305,144,161
100000330,468,808,-340
100000355,164,357,-193
100000362,1519,671,848
100000363,6053,6853,-800
100000364,89,113,-24
100000365,4414,6296,-1882
100000366,1173,698,475
100000367,4325,4726,-401
100000368,1562,1286,276
100000369,513,1897,-1384
100000370,201,1286,-1085
100000376,41,485,-444
100000379,586,3873,-3287
100000380,2570,7256,-4686
100000384,4001,5537,-1536
100000385,873,3941,-3068
100000386,996,6249,-5253
100000387,2847,6481,-3634
100000388,1307,3741,-2434
100000389,3778,5565,-1787
100000390,1986,2161,-175
100000391,1806,5518,-3712
100000392,407,1678,-1271
100000393,604,3492,-2888
100000394,1168,3784,-2616
100000395,540,3569,-3029
100000396,567,1357,-790
100000397,1150,5240,-4090
100000398,4032,2840,1192
100000413,1,1,0
100900002,16,4,12
100900003,598,301,297
100900004,10,398,-388
100900005,182,28,154
100900006,20,10,10
100900007,244,3,241
100900008,1,243,-242
100900009,16,18,-2
100900010,37,3,34
100900011,130,90,40
100900012,0,83,-83
100900013,1135,11,1124
100900014,1,0,1
100900015,46,28,18
100900016,0,15,-15
100900017,1003,34,969
100900018,0,15,-15
100900019,40,73,-33
100900020,522,3,519
100900021,567,1,566
100900022,7,2,5
100900023,0,52,-52
100900024,410,1,409
100900025,14,2,12
100900026,118,135,-17
100900027,264,2426,-2162
100900028,93,301,-208
100900029,61,6,55
100900030,0,154,-154
100900031,1164,21,1143
100900032,497,0,497
100900033,62,324,-262
100900034,1966,5,1961
100900035,152,0,152
100900036,27,0,27
100900037,194,58,136
100900038,6,35,-29
100900039,211,151,60
100900040,698,575,123
100900041,1561,108,1453
100900042,263,2976,-2713
100900043,0,19,-19
100900044,750,757,-7
100900045,28,0,28
100900046,1004,12,992
100900047,426,119,307
100900048,65,9,56
100900049,70,44,26
100900050,5,6,-1
100900051,4,125,-121
100900052,264,4,260
100900053,683,46,637
100900054,13,18,-5
100900055,470,1407,-937
100900056,30,31,-1
100900057,1772,263,1509
100900058,127,11,116
100900059,195,0,195
100900060,224,8,216
100900061,118,203,-85
100900062,8,6,2
100900063,261,1133,-872
100900064,485,9,476
100900065,27,215,-188
100900066,147,66,81
100900067,15,1,14
100900068,184,546,-362
100900069,83,0,83
100900070,817,0,817
100900071,132,44,88
100900072,3,24,-21
100900073,162,88,74
100900074,0,13,-13
100900075,1224,26,1198
100900076,7,14,-7
100900077,136,10,126
100900078,84,195,-111
100900079,1,8,-7
100900080,156,56,100
100900081,3,114,-111
100900082,332,58,274
100900083,9,41,-32
100900085,5,393,-388
100900086,15,357,-342
100900088,254,115,139
100900089,1,10,-9
100900090,37,795,-758
100900091,1,1,0
100900092,58,159,-101
100900093,329,657,-328
100900094,252,58,194
100900095,9,44,-35
100900096,8,131,-123
100900097,2,0,2
100900098,12,9,3
100900099,4,259,-255
100900100,2,145,-143
100900101,275,24,251
100900102,1,63,-62
100900103,1,11,-10
100900104,5,63,-58
100900105,2,346,-344
100900106,2,12,-10
100900107,1389,573,816
100900108,18,10,8
100900109,3,35,-32
100900110,1,21,-20
100900111,9,175,-166
100900112,6,24,-18
100900113,12,5,7
100900114,14,20,-6
100900115,18,45,-27
100900116,837,324,513
100900117,160,1101,-941
100900118,20,17,3
100900119,1,42,-41
100900120,38,17,21
100900121,386,190,196
100900122,34,69,-35
100900123,227,35,192
100900124,8,15,-7
100900125,6,13,-7
100900126,634,157,477
100900127,16,2,14
100900128,53,310,-257
100900129,0,219,-219
100900131,3,62,-59
100900133,144,11,133
100900134,19,19,0
100900135,0,261,-261
100900137,184,148,36
100900138,423,354,69
100900139,1,48,-47
100900140,0,86,-86
100900141,1,305,-304
100900142,0,4,-4
100900143,177,408,-231
100900144,3,5,-2
100900145,28,591,-563
100900146,1,20,-19
100900147,8,1704,-1696
100900148,64,99,-35
100900149,9,737,-728
100900150,3,35,-32
100900151,31,256,-225
100900152,72,1,71
100900153,2,212,-210
100900154,7,145,-138
100900155,8,4,4
100900156,10,2,8
100900157,3,368,-365
100900159,5,45,-40
100900160,32,0,32
100900161,10,0,10
100900162,11,195,-184
100900163,55,48,7
100900164,142,9,133
100900165,20,19,1
100900166,4,1,3
100900167,13,27,-14
100900168,6,69,-63
100900169,16,492,-476
100900170,17,12,5
100900171,6,373,-367
100900172,0,82,-82
100900173,2,52,-50
100900174,27,8,19
100900176,1069,171,898
100900177,261,113,148
100900178,107,115,-8
100900179,119,204,-85
100900180,0,1,-1
100900181,12,31,-19
100900182,23,6,17
100900184,88,103,-15
100900186,367,256,111
100900187,64,46,18
100900188,7,9,-2
100900189,2335,268,2067
100900191,263,936,-673
100900192,64,251,-187
100900195,62,340,-278
100900197,72,54,18
100900198,23,15,8
100900199,0,8,-8
100900200,421,132,289
100900201,26,475,-449
100900202,30,0,30
100900203,0,41,-41
100900204,18,328,-310
100900205,118,466,-348
100900206,225,232,-7
100900207,362,84,278
100900210,57,65,-8
100900211,424,85,339
100900213,80,18,62
100900214,152,110,42
100900215,36,12,24
100900217,68,112,-44
101000001,1580,2104,-524
101000002,5701,7421,-1720
101000003,326,737,-411
101000004,7542,10804,-3262
101000006,6770,9522,-2752
101000007,2171,3955,-1784
101000008,1519,2132,-613
101000009,2097,700,1397
101000010,1032,616,416
101000011,908,258,650
101000012,208,393,-185
101000013,276,1144,-868
101000014,297,259,38
101000015,2431,1198,1233
101000016,180,550,-370
101000017,206,410,-204
101000018,1056,5111,-4055
101000020,994,1014,-20
101000021,354,691,-337
101000022,41,256,-215
101000023,735,712,23
101000025,308,577,-269
101000026,422,18,404
101000027,1232,2770,-1538
101000028,676,174,502
101000029,22,820,-798
101000030,430,57,373
101000031,52,475,-423
101000032,1542,3074,-1532
101000033,851,4641,-3790
101000034,419,2441,-2022
101000035,275,426,-151
101000036,247,2196,-1949
101000037,534,3485,-2951
101000039,1352,2539,-1187
101000040,2140,5951,-3811
101000041,1219,4818,-3599
101000042,65,765,-700
101000043,2352,5380,-3028
101000045,164,633,-469
101000046,686,1371,-685
101000047,642,3372,-2730
101000048,346,247,99
101000049,430,1695,-1265
101000050,237,1244,-1007
101000051,528,1338,-810
101000052,1420,1289,131
101000053,287,1003,-716
101000054,1217,549,668
101000055,806,1116,-310
101000056,14,123,-109
101000057,473,3703,-3230
101000058,509,1951,-1442
101000059,1952,3158,-1206
101000060,1980,867,1113
101000061,177,2207,-2030
101000062,110,737,-627
101000063,127,1275,-1148
101000064,134,1529,-1395
101000065,67,975,-908
101000066,226,1224,-998
101000067,207,475,-268
101000068,46,263,-217
101000069,91,16,75
101000070,362,527,-165
101000071,2390,933,1457
101000072,390,1711,-1321
101000073,363,829,-466
101000074,1091,2095,-1004
101000075,1116,1629,-513
101000077,1132,1399,-267
101000078,422,589,-167
101000079,527,691,-164
101000080,608,611,-3
101000081,1184,1102,82
101000082,1014,1107,-93
101000083,2626,1706,920
101000084,868,416,452
101000085,1454,847,607
101000086,702,589,113
101000087,480,540,-60
101000088,1743,698,1045
101000089,1084,1438,-354
101000090,958,382,576
101000091,387,356,31
101000092,2140,373,1767
101000093,1440,374,1066
101000094,510,442,68
101000095,473,467,6
101000096,819,217,602
101000097,332,448,-116
101000098,308,377,-69
101000099,305,789,-484
101000100,674,841,-167
101000101,179,914,-735
101000102,226,1134,-908
101000103,251,678,-427
101000104,167,527,-360
101000105,296,470,-174
101000106,171,1844,-1673
101000107,210,515,-305
101000108,340,98,242
101000109,854,127,727
101000110,29,118,-89
101000111,37,98,-61
101000113,80,1009,-929
101000114,1011,4007,-2996
101000115,17,13,4
101000116,23,33,-10
101000117,954,211,743
101000119,6,104,-98
101000120,19,165,-146
101000121,14,20,-6
101000122,32,81,-49
101000123,25,82,-57
101000124,411,369,42
101000125,139,111,28
101000128,179,1379,-1200
101000130,99,212,-113
101000131,1658,233,1425
101000132,676,399,277
101000135,4,25,-21
101000136,59,103,-44
101000137,2,457,-455
101000141,560,3838,-3278
101000147,1407,309,1098
101000148,970,15,955
101000149,25,131,-106
101000150,167,160,7
101000151,513,40,473
101000152,377,251,126
101000153,226,112,114
101000154,535,381,154
101000155,681,213,468
101000156,14,606,-592
101000157,10,105,-95
101000160,9,27,-18
101000163,30,437,-407
101000164,199,109,90
101000165,159,446,-287
101000166,114,209,-95
101000168,1231,212,1019
101000252,2635,563,2072
101000254,28,51,-23
101000258,76,1,75
101000261,41,72,-31
101000262,1013,5607,-4594
101000263,279,944,-665
101000265,91,495,-404
101000266,240,142,98
101000269,19,44,-25
101000290,127,3132,-3005
101000293,10,9,1
101000294,338,322,16
101000295,286,127,159
101000301,196,661,-465
101000304,2042,3303,-1261
101000305,2427,1196,1231
101000328,119,1324,-1205
101900001,4,69,-65
101900002,0,4,-4
101900003,21,123,-102
101900004,2,165,-163
101900005,831,3738,-2907
101900006,1118,72,1046
101900007,250,322,-72
101900008,38,218,-180
101900009,8,357,-349
101900010,421,558,-137
101900011,53,1471,-1418
101900012,324,69,255
101900013,298,70,228
101900017,17,113,-96
101900018,1033,284,749
101900019,29,95,-66
101900020,80,31,49
101900021,0,21,-21
101900022,179,640,-461
101900023,187,156,31
101900026,124,15,109
101900027,27,108,-81
102000001,3338,6521,-3183
102000002,2633,2330,303
102000003,1510,4283,-2773
102000004,3405,2810,595
102000005,1227,3177,-1950
102000006,572,961,-389
102000007,1573,3718,-2145
102000008,4292,1227,3065
102000009,7070,7507,-437
102000010,3064,1852,1212
102000011,4346,3777,569
102000012,3514,2248,1266
102000018,2478,2922,-444
102000019,2316,1791,525
102000026,446,392,54
102000029,390,209,181
102000030,105,364,-259
102000031,139,82,57
102000032,850,315,535
102000033,569,192,377
102000034,363,231,132
102000035,599,320,279
102000036,46,158,-112
102000037,189,25,164
102000038,189,164,25
102000039,71,126,-55
102000040,147,152,-5
102000041,46,299,-253
102000042,60,204,-144
102000043,102,267,-165
102000044,430,931,-501
102000045,746,583,163
102000046,1431,488,943
102000047,1223,505,718
102000048,648,415,233
102000049,923,671,252
102000050,1303,995,308
102000051,124,359,-235
102000052,1211,875,336
102000053,633,699,-66
102000054,739,731,8
102000055,1056,157,899
102000056,1536,169,1367
102000057,1663,432,1231
102000058,667,489,178
102000059,656,824,-168
102000060,611,787,-176
102000061,1768,1213,555
102000062,2130,756,1374
102000063,945,1243,-298
102000064,586,638,-52
102000065,19,103,-84
102000066,574,418,156
102000067,4881,4407,474
102000068,6736,3107,3629
102000069,73,1894,-1821
102000070,1910,28,1882
102000071,5120,11656,-6536
102000072,2191,3353,-1162
102000073,477,343,134
102000074,750,412,338
102000075,192,105,87
102000076,481,118,363
102000077,707,427,280
102000078,1560,240,1320
102000079,155,30,125
102000080,312,133,179
102000081,164,370,-206
102000082,638,212,426
102000083,935,135,800
102000084,751,113,638
102000085,1376,494,882
102000086,1553,620,933
102000087,441,777,-336
102000088,510,158,352
102000089,1546,160,1386
102000090,257,1096,-839
102000091,879,479,400
102000092,174,474,-300
102000093,879,538,341
102000094,391,210,181
102000095,450,636,-186
102000096,269,271,-2
102000097,373,219,154
102000098,234,232,2
102000099,499,549,-50
102000100,153,445,-292
102000101,199,327,-128
102000102,145,1141,-996
102000103,3239,399,2840
102000104,450,293,157
102000105,199,301,-102
102000106,938,359,579
102000107,2200,113,2087
102000108,627,565,62
102000109,792,727,65
102000110,1275,361,914
102000111,5,1116,-1111
102000112,88,175,-87
102000113,6,92,-86
102000114,1582,462,1120
102000115,149,379,-230
102000116,215,604,-389
102000117,28,441,-413
102000118,832,1912,-1080
102000119,452,925,-473
102000120,233,421,-188
102000121,1096,231,865
102000122,452,560,-108
102000123,758,448,310
102000124,1278,1043,235
102000125,331,464,-133
102000126,421,580,-159
102000127,1155,476,679
102000128,786,796,-10
102000129,1215,519,696
102000130,607,771,-164
102000131,596,570,26
102000132,233,577,-344
102000133,4137,1727,2410
102000134,1563,529,1034
102000135,413,572,-159
102000136,604,375,229
102000137,343,211,132
102000138,307,81,226
102000139,64,243,-179
102000140,151,223,-72
102000141,210,354,-144
102000142,364,142,222
102000143,330,82,248
102000144,405,74,331
102000145,360,134,226
102000146,616,155,461
102000147,425,306,119
102000148,184,494,-310
102000149,434,106,328
102000150,959,57,902
102000151,112,82,30
102000152,387,51,336
102000153,661,345,316
102000154,89,182,-93
102000155,71,272,-201
102000156,202,106,96
102000157,29,472,-443
102000158,240,393,-153
102000159,924,1029,-105
102000161,2325,2179,146
102000162,125,272,-147
102000163,176,330,-154
102000164,425,701,-276
102000165,174,407,-233
102000166,28,208,-180
102000167,82,122,-40
102000168,168,178,-10
102000169,112,540,-428
102000170,548,130,418
102000171,70,58,12
102000172,9,315,-306
102000173,376,262,114
102000174,206,61,145
102000175,71,73,-2
102000176,19,29,-10
102000178,183,401,-218
102000179,435,227,208
102000180,923,250,673
102000181,1204,217,987
102000182,747,741,6
102000183,2070,606,1464
102000184,1944,376,1568
102000185,2673,347,2326
102000186,1838,498,1340
102000187,935,422,513
102000188,1366,1116,250
102000189,999,159,840
102000190,389,1915,-1526
102000191,812,186,626
102000192,1771,1661,110
102000193,74,155,-81
102000194,52,280,-228
102000195,792,284,508
102000196,322,229,93
102000197,1434,80,1354
102000198,309,287,22
102000199,1419,71,1348
102000200,339,336,3
102000201,1923,359,1564
102000202,22,214,-192
102000203,744,64,680
102000204,908,403,505
102000205,1281,797,484
102000206,694,587,107
102000207,627,708,-81
102000208,443,853,-410
102000209,146,159,-13
102000210,802,363,439
102000211,1024,214,810
102000212,671,7,664
102000213,4,309,-305
102000214,704,2,702
102000215,15,166,-151
102000216,235,154,81
102000217,15,44,-29
102000218,249,234,15
102000219,252,72,180
102000225,214,1044,-830
102000226,169,200,-31
102000227,167,2,165
102000228,0,71,-71
102000229,117,39,78
102000230,370,252,118
102000231,472,304,168
102000232,57,196,-139
102000233,1169,290,879
102000234,82,1018,-936
102000236,286,40,246
102000237,1047,322,725
102000238,358,203,155
102000240,287,785,-498
102000241,82,86,-4
102000243,1,38,-37
102000245,4,53,-49
102000246,2,48,-46
102000247,168,279,-111
102000248,242,837,-595
102000249,143,42,101
102000250,82,134,-52
102000254,397,95,302
102000266,1,165,-164
102000271,29,9,20
102000286,319,251,68
102000297,2122,723,1399
102000299,0,0,0
102000301,0,0,0
102000305,0,0,0
102000307,0,1,-1
102900001,785,349,436
102900002,202,45,157
102900003,99,40,59
102900005,485,118,367
102900006,634,26,608
102900007,814,9,805
102900008,311,13,298
102900009,120,352,-232
102900010,323,745,-422
102900011,777,392,385
102900012,291,85,206
102900013,54,17,37
102900015,497,477,20
102900016,90,11,79
102900017,237,78,159
102900018,110,56,54
102900019,625,338,287
102900020,218,17,201
102900021,57,13,44
102900022,42,37,5
102900023,16,11,5
102900024,62,18,44
102900025,73,25,48
102900026,240,2049,-1809
102900027,25,30,-5
102900028,158,888,-730
102900029,70,369,-299
102900030,382,405,-23
102900031,371,85,286
102900032,180,20,160
102900033,115,84,31
102900034,713,21,692
102900035,271,47,224
102900036,332,93,239
102900037,179,241,-62
102900038,236,148,88
102900039,36,833,-797
102900040,342,287,55
102900041,90,98,-8
102900042,341,85,256
102900043,380,129,251
102900044,459,952,-493
102900045,178,231,-53
102900046,180,97,83
102900047,157,361,-204
102900048,595,163,432
102900049,52,117,-65
102900050,108,731,-623
102900051,217,369,-152
102900053,260,466,-206
102900054,162,1117,-955
102900055,117,293,-176
102900056,119,170,-51
102900057,0,58,-58
102900058,258,69,189
102900059,13,5,8
102900060,37,312,-275
102900061,165,513,-348
102900062,321,336,-15
102900063,1981,243,1738
102900064,26,355,-329
102900065,811,210,601
102900066,237,4,233
102900068,22,114,-92
102900070,175,166,9
102900072,2,75,-73
102900073,15,3,12
102900075,0,61,-61
102900076,36,48,-12
102900077,23,7,16
102900078,17,24,-7
102900079,234,2,232
102900080,329,5,324
102900081,27,75,-48
102900082,12,51,-39
102900083,65,1,64
102900084,1,25,-24
102900085,75,39,36
102900086,16,46,-30
102900087,380,48,332
102900088,43,34,9
102900089,270,157,113
102900090,1,145,-144
102900091,440,1,439
102900092,1057,56,1001
102900094,0,46,-46
102900095,36,0,36
102900096,192,3,189
102900097,11,13,-2
103000001,1858,2042,-184
103000002,2363,2484,-121
103000003,2682,1747,935
103000004,759,381,378
103000005,1219,3901,-2682
103000006,1140,1511,-371
103000007,358,262,96
103000008,928,608,320
103000009,2565,1066,1499
103000010,225,85,140
103000011,1047,317,730
103000012,1100,1111,-11
103000013,2199,1218,981
103000014,953,2167,-1214
103000015,1276,739,537
103000016,487,1588,-1101
103000017,226,932,-706
103000018,581,148,433
103000019,346,633,-287
103000020,1169,1155,14
103000021,1670,2815,-1145
103000022,506,979,-473
103000023,910,1953,-1043
103000024,90,60,30
103000025,85,1432,-1347
103000026,248,146,102
103000027,174,489,-315
103000028,119,166,-47
103000029,131,258,-127
103000030,1827,840,987
103000031,700,2518,-1818
103000032,1410,905,505
103000033,3241,2456,785
103000034,961,580,381
103000035,137,784,-647
103000036,255,153,102
103000037,386,305,81
103000038,303,582,-279
103000039,678,212,466
103000040,730,338,392
103000041,2671,1136,1535
103000042,2179,89,2090
103000043,935,421,514
103000044,331,63,268
103000046,196,611,-415
103000047,802,268,534
103000048,242,189,53
103000049,59,81,-22
103000050,966,105,861
103000051,802,266,536
103000052,941,122,819
103000053,237,265,-28
103000054,1572,213,1359
103000055,1678,649,1029
103000056,648,633,15
103000057,1639,109,1530
103000058,820,150,670
103000059,1025,318,707
103000060,672,183,489
103000061,889,549,340
103000062,702,63,639
103000063,1211,464,747
103000064,119,35,84
103000065,2,151,-149
103000066,205,5,200
103000069,361,375,-14
103000070,643,212,431
103000071,1980,595,1385
103000072,109,281,-172
103000073,1427,98,1329
103000074,999,49,950
103000075,88,336,-248
103000076,374,990,-616
103000077,22,184,-162
103000078,733,1437,-704
103000079,394,738,-344
103000080,293,327,-34
103000081,222,813,-591
103000082,584,144,440
103000083,114,228,-114
103000084,100,1,99
103000085,0,120,-120
103000086,362,471,-109
103000087,68,583,-515
103000088,86,312,-226
103000089,368,800,-432
103000090,3412,843,2569
103000091,956,439,517
103000092,387,169,218
103000093,311,586,-275
103000094,467,118,349
103000095,72,266,-194
103000096,550,5,545
103000097,40,567,-527
103000098,491,59,432
103000099,93,703,-610
103000100,180,234,-54
103000101,1478,57,1421
103000102,80,173,-93
103000103,921,66,855
103000104,160,103,57
103000105,348,25,323
103000106,29,103,-74
103000107,273,47,226
103000108,1540,1650,-110
103000109,513,761,-248
103000110,435,720,-285
103000111,376,588,-212
103000112,275,421,-146
103000113,476,1235,-759
103000114,1757,858,899
103000115,803,575,228
103000116,764,241,523
103000117,427,427,0
103000118,323,233,90
103000119,1028,282,746
103000120,42,305,-263
103000121,42,188,-146
103000122,421,825,-404
103000125,19,44,-25
103000126,1233,3,1230
103000127,0,33,-33
103000128,136,3,133
103000129,0,34,-34
103000130,160,96,64
103000131,28,79,-51
103000132,39,98,-59
103000133,24,37,-13
103000134,132,1230,-1098
103000135,530,112,418
103000136,358,438,-80
103000137,231,469,-238
103000138,333,480,-147
103000139,1,53,-52
103000140,114,16,98
103000141,8,130,-122
103000142,81,43,38
103000143,27,104,-77
103000144,166,44,122
103000145,4,42,-38
103000150,42,19,23
103000152,142,489,-347
103000153,184,284,-100
103000156,2,82,-80
103000157,484,0,484
103000159,178,34,144
103000162,20,31,-11
103000163,14,25,-11
103000164,0,33,-33
103000165,51,77,-26
103000166,286,671,-385
103000167,205,235,-30
103000168,210,136,74
103000169,303,953,-650
103000170,1927,270,1657
103000171,5,96,-91
103000172,1030,74,956
103000173,1509,101,1408
103000174,571,198,373
103000175,449,87,362
103000176,845,1053,-208
103000177,137,564,-427
103000178,54,195,-141
103000179,99,62,37
103000183,578,0,578
103000185,199,70,129
103000186,472,52,420
103000187,1500,72,1428
103000188,8,41,-33
103000189,593,674,-81
103000191,262,138,124
103000292,385,2169,-1784
103000293,359,3702,-3343
103000295,21,155,-134
103000296,81,0,81
103000297,0,11,-11
103000504,52,7,45
103000505,1,13,-12
103000506,3,88,-85
103000507,268,2,266
103000508,35,33,2
103000509,218,461,-243
103900001,2,19,-17
103900002,450,53,397
103900003,664,193,471
103900004,141,0,141
103900005,1,43,-42
103900006,1,4,-3
103900007,313,7,306
103900008,10,0,10
103900009,421,83,338
103900010,269,73,196
103900011,939,55,884
103900012,24,97,-73
103900013,62,6,56
103900014,187,29,158
103900015,129,10,119
103900016,162,116,46
103900017,107,40,67
103900018,146,16,130
103900019,7,523,-516
103900020,349,270,79
103900021,88,64,24
103900022,509,406,103
103900023,268,0,268
103900024,147,162,-15
103900025,2,4,-2
103900026,0,0,0
103900027,206,115,91
103900028,68,346,-278
103900029,1365,88,1277
103900030,240,45,195
103900031,113,0,113
103900032,146,116,30
103900033,137,14,123
103900034,124,40,84
103900035,57,76,-19
103900036,33,21,12
103900037,207,71,136
103900038,69,188,-119
103900039,231,42,189
103900040,16,98,-82
103900041,127,14,113
103900042,158,33,125
103900043,444,21,423
103900044,15,548,-533
103900045,416,208,208
103900047,153,10,143
103900048,1,34,-33
103900049,67,819,-752
103900050,18,124,-106
103900051,0,54,-54
103900052,264,233,31
103900053,525,88,437
103900054,315,73,242
103900055,576,110,466
103900056,156,50,106
103900057,274,46,228
103900058,549,133,416
103900059,4,89,-85
103900060,153,38,115
103900061,344,8,336
103900062,1113,308,805
103900063,0,0,0
103900064,203,0,203
103900065,155,298,-143
103900066,347,47,300
103900067,371,20,351
103900068,1,0,1
103900069,115,3,112
103900070,129,160,-31
103900071,24,32,-8
103900072,58,59,-1
103900073,79,37,42
103900074,141,4,137
103900075,249,22,227
103900076,764,138,626
103900077,15,122,-107
103900078,472,79,393
103900079,51,117,-66
103900080,0,8,-8
103900081,19,18,1
103900082,61,59,2
103900083,933,1965,-1032
103900084,22,221,-199
103900085,33,82,-49
103900086,2037,270,1767
103900088,283,379,-96
103900089,53,226,-173
103900090,0,36,-36
103900091,517,81,436
103900092,792,358,434
103900093,49,198,-149
103900094,4,45,-41
103900095,208,374,-166
103900096,192,16,176
103900097,25,89,-64
103900098,398,68,330
103900099,375,22,353
103900100,468,48,420
103900101,589,676,-87
103900102,3,44,-41
103900104,0,8,-8
103900105,23,29,-6
103900106,5,648,-643
103900107,279,14,265
103900108,87,81,6
103900109,301,7,294
103900110,401,23,378
103900111,305,98,207
103900112,42,30,12
103900113,47,64,-17
103900114,515,154,361
103900115,106,121,-15
103900116,1038,3015,-1977
103900117,35,15,20
103900119,31,200,-169
103900120,123,24,99
103900122,222,49,173
103900123,216,798,-582
103900124,10,149,-139
103900125,117,22,95
103900126,764,38,726
103900127,144,99,45
103900128,187,19,168
103900131,13,56,-43
103900133,667,7,660
103900134,1,14,-13
103900135,1,0,1
103900137,0,17,-17
103900138,330,36,294
103900139,250,4299,-4049
103900140,6,602,-596
103900141,134,7,127
103900142,822,63,759
103900143,291,5,286
103900144,24,25,-1
103900145,71,97,-26
103900146,253,203,50
103900147,645,54,591
103900148,626,127,499
103900149,404,98,306
103900150,2787,5985,-3198
103900151,4,101,-97
103900152,1229,142,1087
103900153,14,35,-21
103900154,152,2542,-2390
103900155,41,29,12
103900156,78,6,72
103900157,357,12,345
103900158,489,6,483
103900159,547,4,543
103900160,23,14,9
103900161,34,60,-26
103900162,65,15,50
103900163,14,191,-177
103900167,1,103,-102
103900168,39,19,20
103900169,24,29,-5
103900170,0,20,-20
103900171,0,12,-12
103900172,6,2,4
103900173,28,18,10
103900174,428,31,397
103900175,18,194,-176
103900176,2,19,-17
103900177,2,4,-2
103900178,94,4,90
103900179,71,11,60
103900180,21,22,-1
103900181,19,43,-24
103900182,12,34,-22
103900184,168,60,108
103900185,15,1357,-1342
103900187,15,133,-118
103900188,216,101,115
103900189,154,4,150
103900190,173,21,152
103900191,25,26,-1
103900192,32,33,-1
103900193,20,34,-14
103900194,57,86,-29
103900195,2,192,-190
103900196,79,60,19
103900197,3,37,-34
103900198,1,12,-11
103900199,188,48,140
103900200,222,33,189
103900201,69,9,60
103900202,2,29,-27
103900203,39,64,-25
103900204,0,29,-29
103900207,1,31,-30
103900208,188,0,188
103900209,2,44,-42
103900210,55,34,21
103900211,1005,107,898
103900212,164,56,108
103900213,10,198,-188
103900214,144,413,-269
103900215,77,344,-267
103900216,8,64,-56
103900217,478,77,401
103900218,1,495,-494
103900219,436,81,355
103900233,157,6,151
103900235,29,122,-93
103900236,7,5,2
103900242,0,0,0
103900243,0,9,-9
103900244,113,69,44
103900245,132,48,84
103900246,15,71,-56
103900247,4,38,-34
103900248,1,40,-39
103900249,0,85,-85
103900250,29,12,17
103900251,0,15,-15
103900253,1,51,-50
103900254,2,13,-11
103900255,1,19,-18
103900256,28,32,-4
103900257,72,159,-87
103900258,31,15,16
103900259,17,11,6
103900261,107,5,102
103900262,65,1,64
103900263,44,124,-80
103900264,6,0,6
103900265,6,2,4
103900266,2,48,-46
103900267,1,53,-52
103900268,89,22,67
103900269,413,10,403
103900270,105,29,76
103900271,63,20,43
103900272,63,55,8
103900273,156,5,151
103900274,481,2,479
103900275,355,35,320
103900276,33,11,22
103900277,26,16,10
103900278,12,20,-8
103900279,2,104,-102
103900280,6,33,-27
104000001,3029,1434,1595
104000002,1999,1138,861
104000003,1976,1126,850
104000004,2732,1336,1396
104000005,2272,1328,944
104000006,2727,1640,1087
104000007,4354,2994,1360
104000008,129,143,-14
104000009,233,131,102
104000010,256,562,-306
104000011,162,104,58
104000012,177,120,57
104000013,259,486,-227
104000014,248,120,128
104000015,548,117,431
104000016,300,115,185
104000018,780,235,545
104000019,773,365,408
104000020,22,202,-180
104000021,422,155,267
104000022,477,322,155
104000023,1626,322,1304
104000024,272,162,110
104000026,58,149,-91
104000027,361,124,237
104000028,568,334,234
104000029,426,212,214
104000030,560,302,258
104000031,1513,110,1403
104000032,165,92,73
104000033,910,261,649
104000034,261,103,158
104000035,1336,196,1140
104000036,1119,218,901
104000037,126,101,25
104000038,425,321,104
104000039,247,46,201
104000040,91,637,-546
104000041,766,385,381
104000042,122,87,35
104000043,110,165,-55
104000044,241,872,-631
104000045,680,509,171
104000046,553,485,68
104000047,638,465,173
104000048,834,430,404
104000049,721,300,421
104000050,54,458,-404
104000051,282,463,-181
104000052,1776,1388,388
104000053,1423,415,1008
104000054,508,182,326
104000055,1890,1409,481
104000056,824,340,484
104000057,653,171,482
104000058,1195,608,587
104000059,735,823,-88
104000060,1186,1030,156
104000061,1192,528,664
104000062,671,98,573
104000064,566,170,396
104000065,75,407,-332
104000069,311,1670,-1359
104000070,46,562,-516
104000071,439,189,250
104000072,729,230,499
104000075,24,188,-164
104000076,728,47,681
104000082,1859,3000,-1141
104000083,559,164,395
104000084,117,178,-61
104000085,646,191,455
104000086,337,237,100
104000087,393,1382,-989
104000090,1366,386,980
104000092,1770,447,1323
104000094,735,450,285
104000095,2884,1086,1798
104000096,3262,20,3242
104000097,3145,300,2845
104000098,4352,293,4059
104000100,3125,577,2548
104000101,1669,1025,644
104000106,87,546,-459
104000107,550,185,365
104000108,213,193,20
104000109,330,114,216
104000110,773,1319,-546
104000111,1912,4677,-2765
104000112,528,396,132
104000116,0,332,-332
104000117,342,159,183
104000118,2312,150,2162
104000119,1183,264,919
104000120,394,313,81
104000121,323,204,119
104000122,654,336,318
104000123,793,446,347
104000124,206,855,-649
104000125,1244,5043,-3799
104000126,400,428,-28
104000127,1393,1066,327
104000128,553,111,442
104000129,508,24,484
104000130,4,403,-399
104000131,213,421,-208
104000132,401,743,-342
104000133,1557,599,958
104000134,822,1270,-448
104000135,444,1096,-652
104000136,470,1885,-1415
104000137,1538,288,1250
104000138,936,271,665
104000139,2016,1965,51
104000141,566,363,203
104000142,714,278,436
104000143,846,196,650
104000144,154,224,-70
104000145,323,75,248
104000146,71,435,-364
104000147,112,337,-225
104000148,493,112,381
104000149,174,52,122
104000150,973,228,745
104000151,430,112,318
104000152,660,117,543
104000153,959,356,603
104000154,548,137,411
104000155,451,701,-250
104000157,1253,719,534
104000158,85,238,-153
104000159,834,291,543
104000160,1415,2371,-956
104000161,185,81,104
104000162,117,84,33
104000165,791,736,55
104000167,648,1664,-1016
104000168,1398,4,1394
104000169,288,31,257
104000170,120,198,-78
104000248,392,444,-52
104000251,69,132,-63
104000272,0,0,0
104000273,0,0,0
104000274,0,0,0
104000275,0,0,0
104000279,554,399,155
104000290,48,168,-120
104000291,397,1115,-718
104000293,1357,1104,253
104000294,276,2,274
104000295,740,637,103
104000296,807,395,412
104000297,962,1400,-438
104000298,1342,522,820
104000299,1163,520,643
104000302,90,33,57
104000303,122,183,-61
104900001,69,92,-23
104900002,43,342,-299
104900003,75,64,11
104900004,89,36,53
104900005,791,162,629
104900006,976,106,870
104900007,785,68,717
104900009,145,120,25
104900010,180,8,172
104900011,1,1,0
104900012,162,35,127
104900013,48,26,22
104900014,758,127,631
104900015,127,13,114
104900016,209,72,137
104900017,101,147,-46
104900018,6,52,-46
104900019,70,5783,-5713
104900020,81,198,-117
104900021,3,15,-12
104900022,1,162,-161
104900023,1,28,-27
104900024,4,220,-216
104900025,53,74,-21
104900026,3,43,-40
104900027,872,275,597
104900028,32,99,-67
104900029,19,21,-2
104900030,556,120,436
104900031,9,144,-135
104900032,24,52,-28
104900033,402,102,300
104900034,299,119,180
104900035,541,207,334
104900036,382,21,361
104900037,214,58,156
104900038,78,2301,-2223
104900039,187,616,-429
104900040,528,23,505
104900041,365,52,313
104900042,218,68,150
104900043,66,571,-505
104900044,1061,51,1010
104900045,310,39,271
104900046,929,61,868
104900047,536,72,464
104900048,574,47,527
104900049,125,39,86
104900050,887,95,792
104900051,375,14,361
104900052,303,3,300
104900053,665,28,637
104900054,394,77,317
104900055,597,2,595
104900056,490,4,486
104900057,104,0,104
104900058,721,40,681
104900059,119,46,73
104900060,1,137,-136
104900061,113,93,20
104900063,4,144,-140
104900064,0,65,-65
104900065,0,256,-256
104900066,1,27,-26
104900067,0,356,-356
104900068,39,178,-139
104900070,33,100,-67
104900071,0,129,-129
104900072,26,60,-34
104900073,133,55,78
104900074,68,54,14
104900075,27,16,11
104900076,243,88,155
104900077,310,77,233
104900078,199,113,86
104900079,48,1281,-1233
104900080,120,127,-7
104900082,6,143,-137
104900085,15,173,-158
104900087,255,9,246
104900089,829,1,828
104900090,1311,573,738
104900091,322,246,76
104900093,117,157,-40
104900097,707,3075,-2368
104900098,356,55,301
104900099,90,814,-724
104900100,278,93,185
104900102,45,103,-58
104900103,208,28,180
104900104,936,1167,-231
104900106,344,65,279
104900107,56,129,-73
104900108,4,203,-199
104900109,159,271,-112
104900110,17,16,1
104900111,177,30,147
104900112,372,118,254
104900113,906,66,840
104900114,726,263,463
104900115,1174,87,1087
104900116,821,40,781
104900118,24,21,3
104900119,0,33,-33
104900120,36,1528,-1492
104900121,0,15,-15
104900122,0,37,-37
104900123,347,23,324
104900124,239,2,237
104900125,403,4,399
104900126,34,14,20
104900127,22,6,16
104900128,150,43,107
104900129,468,2936,-2468
105000001,2846,900,1946
105000002,1899,1405,494
105000003,2227,2786,-559
105000004,1366,562,804
105000005,1924,1320,604
105000006,1185,1827,-642
105000007,1644,2208,-564
105000008,691,2652,-1961
105000009,3650,3879,-229
105000010,1888,730,1158
105000011,3067,3609,-542
105000012,1421,1223,198
105000013,1269,1318,-49
105000014,4073,3352,721
105000015,5999,13077,-7078
105000016,746,600,146
105000017,1459,993,466
105000018,538,1471,-933
105000019,863,799,64
105000020,39,511,-472
105000021,274,126,148
105000022,101,103,-2
105000023,898,110,788
105000028,8,51,-43
105000029,653,905,-252
105000030,2314,1674,640
105000031,5,51,-46
105000033,1017,665,352
105000034,96,1508,-1412
105000037,767,135,632
105000038,747,1524,-777
105000039,561,635,-74
105000040,815,1336,-521
105000041,155,426,-271
105000042,1853,993,860
105000043,526,386,140
105000044,736,239,497
105000045,206,186,20
105000046,1401,199,1202
105000047,514,194,320
105000048,1551,265,1286
105000049,202,304,-102
105000050,1139,454,685
105000051,205,270,-65
105000052,657,1100,-443
105000053,57,132,-75
105000054,489,799,-310
105000055,984,330,654
105000056,2189,1813,376
105000057,1815,1063,752
105000058,1246,830,416
105000059,1885,751,1134
105000060,641,314,327
105000061,2157,527,1630
105000062,662,411,251
105000063,417,242,175
105000064,3459,556,2903
105000065,472,323,149
105000066,950,685,265
105000067,2018,847,1171
105000068,319,680,-361
105000069,943,3565,-2622
105000070,500,1150,-650
105000071,203,2206,-2003
105000072,1470,8860,-7390
105000073,1356,671,685
105000074,375,326,49
105000075,518,378,140
105000076,1086,688,398
105000077,1944,555,1389
105000078,530,772,-242
105000079,568,1603,-1035
105000080,1579,1682,-103
105000081,896,863,33
105000082,662,1103,-441
105000083,1544,1562,-18
105000084,527,521,6
105000085,2347,1828,519
105000086,763,776,-13
105000087,1521,1439,82
105000088,2098,3398,-1300
105000089,1346,876,470
105000090,329,243,86
105000091,420,326,94
105000092,447,350,97
105000093,246,253,-7
105000094,239,94,145
105000095,164,483,-319
105000096,1361,1716,-355
105000097,389,506,-117
105000098,1697,1298,399
105000099,491,882,-391
105000100,2329,1143,1186
105000101,2715,727,1988
105000102,2133,926,1207
105000103,1139,1002,137
105000104,2730,2099,631
105000105,1385,1835,-450
105000106,2085,529,1556
105000107,2057,705,1352
105000108,2337,554,1783
105000109,3676,535,3141
105000110,1165,246,919
105000111,2120,317,1803
105000112,974,385,589
105000113,716,585,131
105000114,942,1140,-198
105000115,275,2381,-2106
105000116,1548,624,924
105000117,1094,278,816
105000118,1416,296,1120
105000119,746,326,420
105000120,2258,378,1880
105000121,1329,409,920
105000122,571,649,-78
105000123,506,384,122
105000124,2607,457,2150
105000125,1342,787,555
105000126,2509,985,1524
105000127,3424,871,2553
105000128,771,1116,-345
105000129,1817,743,1074
105000130,157,3850,-3693
105000131,340,75,265
105000132,1937,965,972
105000133,350,386,-36
105000134,1767,222,1545
105000135,290,235,55
105000136,74,92,-18
105000137,901,148,753
105000138,129,70,59
105000139,937,257,680
105000140,717,228,489
105000141,554,148,406
105000142,404,406,-2
105000143,294,190,104
105000144,396,334,62
105000145,853,172,681
105000146,565,327,238
105000147,632,189,443
105000148,833,489,344
105000149,3866,1193,2673
105000150,1340,432,908
105000151,1238,253,985
105000152,274,496,-222
105000153,1757,274,1483
105000154,940,398,542
105000155,1082,275,807
105000156,246,317,-71
105000157,765,400,365
105000158,3676,445,3231
105000159,366,350,16
105000160,5101,491,4610
105000161,772,425,347
105000162,732,4081,-3349
105000163,817,499,318
105000164,136,216,-80
105000165,716,12325,-11609
105000166,2635,2678,-43
105000167,1532,4294,-2762
105000168,422,287,135
105000169,1273,82,1191
105000170,655,916,-261
105000171,1301,159,1142
105000172,616,6,610
105000173,1051,11,1040
105000174,198,29,169
105000175,312,38,274
105000176,1005,72,933
105000177,654,326,328
105000178,548,91,457
105000179,1759,71,1688
105000180,761,43,718
105000181,316,120,196
105000182,119,51,68
105000183,1679,3000,-1321
105000184,300,640,-340
105000185,382,1130,-748
105000186,385,655,-270
105000187,868,241,627
105000188,112,189,-77
105000189,96,310,-214
105000190,262,238,24
105000191,413,275,138
105000192,388,49,339
105000193,94,77,17
105000194,953,50,903
105000195,388,290,98
105000196,57,481,-424
105000197,104,332,-228
105000198,137,75,62
105000199,80,1237,-1157
105000200,160,452,-292
105000201,101,20,81
105000203,35,78,-43
105000204,106,32,74
105000205,91,59,32
105000207,167,44,123
105000208,152,330,-178
105000209,198,46,152
105000211,846,11,835
105000212,1294,386,908
105000213,58,51,7
105000214,159,76,83
105000215,364,122,242
105000216,386,67,319
105000217,250,49,201
105000218,3104,664,2440
105000221,130,156,-26
105000222,564,160,404
105000223,691,181,510
105000226,222,84,138
105000227,107,78,29
105000228,21,1299,-1278
105000229,231,655,-424
105000231,457,104,353
105000233,1342,974,368
105000234,265,641,-376
105000235,768,550,218
105000237,1492,94,1398
105000243,74,23,51
105000248,70,80,-10
105000262,844,276,568
105000269,147,131,16
105000270,850,13,837
105000271,0,200,-200
105000282,57,37,20
105000287,137,62,75
105000288,1205,809,396
105000289,544,1068,-524
105000290,41,11,30
105000402,1230,3780,-2550
105000426,206,261,-55
105000438,734,785,-51
105000440,50,9,41
105000446,4278,2806,1472
105000447,1312,869,443
105000454,782,98,684
105000455,166,78,88
105000474,200,2,198
105000477,1621,466,1155
105000478,2624,5203,-2579
105000479,85,113,-28
105000480,3632,5470,-1838
105000481,4016,3553,463
105000482,1608,1907,-299
105000483,1776,2392,-616
105000484,922,1205,-283
105000485,891,2572,-1681
105000486,1199,1467,-268
105000488,1952,1244,708
105000489,2162,757,1405
105000549,162,251,-89
105000550,441,477,-36
105000551,4,77,-73
105000552,1370,696,674
105000555,752,1545,-793
105000556,42,15,27
105000557,46,87,-41
105900001,17,1605,-1588
105900002,465,1917,-1452
105900003,11,132,-121
105900004,231,58,173
105900005,22,384,-362
105900006,8,34,-26
105900007,29,40,-11
105900008,194,141,53
105900009,69,42,27
105900011,187,12,175
105900012,429,45,384
105900013,4,28,-24
105900014,0,50,-50
105900015,97,204,-107
105900016,760,157,603
105900017,2652,45,2607
105900018,151,112,39
105900019,142,53,89
105900020,85,38,47
105900021,39,86,-47
105900022,280,103,177
105900023,36,46,-10
105900024,1,268,-267
105900025,533,5,528
105900026,141,7,134
105900027,7471,2835,4636
105900028,257,420,-163
105900029,1403,144,1259
105900030,161,203,-42
105900031,474,91,383
105900032,177,44,133
105900033,128,163,-35
105900034,650,110,540
105900035,540,192,348
105900036,99,58,41
105900037,277,18,259
105900038,183,201,-18
105900039,193,57,136
105900040,226,58,168
105900041,204,61,143
105900042,211,251,-40
105900043,560,30,530
105900044,0,443,-443
105900045,3,2114,-2111
105900046,0,100,-100
105900047,18,40,-22
105900048,93,308,-215
105900050,795,3700,-2905
105900051,32,610,-578
105900052,1024,124,900
105900053,2226,4779,-2553
105900054,129,147,-18
105900056,327,621,-294
105900057,4,53,-49
105900058,9,7,2
105900059,1,262,-261
106000001,1560,2269,-709
106000002,606,1689,-1083
106000003,3484,4074,-590
106000004,1074,1669,-595
106000005,4357,2810,1547
106000006,3649,1108,2541
106000007,583,224,359
106000008,338,165,173
106000009,512,167,345
106000010,210,311,-101
106000011,1946,613,1333
106000012,804,475,329
106000013,1538,1039,499
106000014,976,871,105
106000015,2613,642,1971
106000016,1109,965,144
106000017,851,501,350
106000018,537,267,270
106000019,556,234,322
106000020,333,177,156
106000021,572,329,243
106000022,279,102,177
106000023,910,263,647
106000024,484,265,219
106000025,139,197,-58
106000026,87,140,-53
106000027,2446,1027,1419
106000028,772,200,572
106000029,856,510,346
106000030,187,392,-205
106000034,87,285,-198
106000035,1290,1098,192
106000036,54,332,-278
106000037,775,569,206
106000038,37,191,-154
106000039,30,189,-159
106000040,43,632,-589
106000041,537,358,179
106000043,350,179,171
106000046,272,22,250
106000047,59,222,-163
106000049,1860,103,1757
106000050,203,299,-96
106000051,1525,711,814
106000052,79,131,-52
106000053,615,68,547
106000054,149,95,54
106000055,1291,316,975
106000056,180,139,41
106000057,789,116,673
106000058,159,33,126
106000059,705,190,515
106000060,149,165,-16
106000061,144,702,-558
106000062,126,132,-6
106000063,1222,772,450
106000064,7,136,-129
106000065,532,169,363
106000066,159,392,-233
106000067,648,60,588
106000068,140,168,-28
106000069,635,97,538
106000070,389,177,212
106000071,964,124,840
106000072,2147,1080,1067
106000073,1300,6663,-5363
106000074,813,578,235
106000075,530,798,-268
106000076,1096,1108,-12
106000077,1380,334,1046
106000078,1684,295,1389
106000079,1016,420,596
106000080,1379,239,1140
106000081,1103,443,660
106000082,1457,336,1121
106000083,634,603,31
106000084,759,359,400
106000085,1221,609,612
106000086,368,242,126
106000087,635,249,386
106000088,356,329,27
106000089,1325,168,1157
106000090,508,327,181
106000091,246,424,-178
106000092,973,243,730
106000093,756,28,728
106000094,207,155,52
106000095,1332,385,947
106000096,1892,246,1646
106000097,1708,647,1061
106000098,1479,325,1154
106000099,124,264,-140
106000100,2523,202,2321
106000101,1163,111,1052
106000102,71,339,-268
106000103,211,531,-320
106000104,1506,450,1056
106000105,348,384,-36
106000106,1330,164,1166
106000107,285,165,120
106000108,739,75,664
106000109,238,99,139
106000110,646,116,530
106000111,188,109,79
106000112,454,1056,-602
106000113,504,389,115
106000114,516,1202,-686
106000115,335,221,114
106000116,510,98,412
106000117,770,333,437
106000118,1546,1182,364
106000119,828,290,538
106000120,1044,2062,-1018
106000121,511,160,351
106000122,432,81,351
106000123,1264,54,1210
106000124,322,98,224
106000125,102,71,31
106000126,636,75,561
106000127,2558,405,2153
106000128,2039,193,1846
106000129,1069,224,845
106000130,1662,196,1466
106000131,279,740,-461
106000132,898,62,836
106000133,1076,2290,-1214
106000134,569,4729,-4160
106000135,151,429,-278
106000136,1167,2392,-1225
106000137,133,679,-546
106000138,4310,82,4228
106000139,97,66,31
106000140,69,39,30
106000141,151,20,131
106000142,144,50,94
106000143,27,26,1
106000144,54,81,-27
106000145,707,92,615
106000146,852,91,761
106000147,923,417,506
106000148,1264,536,728
106000149,1138,372,766
106000150,1292,2755,-1463
106000151,2845,469,2376
106000152,845,3192,-2347
106000153,179,1551,-1372
106000154,921,94,827
106000155,290,291,-1
106000156,2098,126,1972
106000157,520,1735,-1215
106000158,1033,534,499
106000159,2120,2816,-696
106000160,877,5133,-4256
106000161,575,120,455
106000162,515,1927,-1412
106000163,316,106,210
106000164,961,236,725
106000165,190,242,-52
106000166,1824,141,1683
106000167,535,457,78
106000168,1482,137,1345
106000169,336,368,-32
106000170,1229,129,1100
106000171,275,746,-471
106000172,2876,902,1974
106000173,869,1356,-487
106000174,1755,182,1573
106000175,201,200,1
106000176,3429,422,3007
106000177,1381,713,668
106000178,3907,630,3277
106000179,882,656,226
106000180,1329,486,843
106000181,3506,880,2626
106000182,2711,243,2468
106000183,2674,144,2530
106000184,1644,289,1355
106000185,2532,1647,885
106000186,379,38,341
106000187,88,2030,-1942
106000188,1,0,1
106000189,13,37,-24
106000190,44,4,40
106000191,441,49,392
106000192,2,6,-4
106000193,249,258,-9
106000194,104,362,-258
106000195,83,80,3
106000196,68,560,-492
106000197,817,380,437
106000198,270,206,64
106000199,359,2172,-1813
106000200,292,203,89
106000201,493,9871,-9378
106000202,2162,684,1478
106000203,19,107,-88
106000204,121,4,117
106000205,2,106,-104
106000206,102,25,77
106000207,21,234,-213
106000208,2151,48,2103
106000209,3030,152,2878
106000210,547,237,310
106000211,227,621,-394
106000212,2035,302,1733
106000213,283,825,-542
106000214,1085,222,863
106000215,434,511,-77
106000216,981,261,720
106000217,157,292,-135
106000218,273,85,188
106000219,154,117,37
106000220,902,164,738
106000221,391,58,333
106000222,240,55,185
106000223,512,43,469
106000224,346,76,270
106000225,132,171,-39
106000226,60,70,-10
106000228,30,60,-30
106000229,200,382,-182
106000231,1869,94,1775
106000232,176,287,-111
106000233,901,132,769
106000234,68,1097,-1029
106000235,328,947,-619
106000236,76,1071,-995
106000237,2,12,-10
106000238,8,108,-100
106000239,0,201,-201
106000240,11,13,-2
106000241,7,629,-622
106000242,422,20,402
106000249,153,100,53
106000250,69,911,-842
106000251,188,9,179
106000252,22,176,-154
106000253,148,32,116
106000254,175,30,145
106000255,82,161,-79
106000256,139,19,120
106000257,70,103,-33
106000258,103,442,-339
106000259,13,465,-452
106000260,38,10,28
106000261,2,65,-63
106000262,63,20,43
106000263,84,87,-3
106000264,191,3,188
106000265,30,91,-61
106000266,230,21,209
106000267,11,62,-51
106000268,312,11,301
106000269,84,25,59
106000270,174,192,-18
106000271,53,75,-22
106000272,142,41,101
106000273,41,119,-78
106000274,172,10,162
106000275,195,110,85
106000276,19,23,-4
106000277,114,114,0
106000278,139,3,136
106000279,16,6,10
106000280,167,6,161
106000281,88,13,75
106000282,134,49,85
106000283,194,17,177
106000284,330,51,279
106000285,107,85,22
106000286,148,56,92
106000287,60,30,30
106000288,194,34,160
106000289,57,42,15
106000290,150,48,102
106000291,131,32,99
106000292,194,33,161
106000293,117,68,49
106000294,129,17,112
106000295,28,95,-67
106000296,5,12,-7
106000297,28,98,-70
106000298,21,141,-120
106000299,45,24,21
106000300,28,33,-5
106000301,24,134,-110
106000303,182,29,153
106000304,115,9,106
106000305,160,22,138
106000306,87,32,55
106000307,369,11,358
106000308,84,41,43
106000309,26,14,12
106000310,324,116,208
106000311,497,98,399
106000312,321,53,268
106000313,381,43,338
106000318,94,348,-254
106000319,2217,615,1602
106000320,4,172,-168
106000321,248,425,-177
106000322,439,56,383
106000324,139,96,43
106000325,2166,416,1750
106000326,697,585,112
106000327,526,47,479
106000328,14,299,-285
106000329,22,398,-376
106000330,14,121,-107
106000428,70,212,-142
106000429,148,210,-62
106000430,251,944,-693
106000431,3188,337,2851
106000432,633,1295,-662
106000433,2709,964,1745
106000434,3957,741,3216
106000435,1035,985,50
106000436,6,118,-112
106000437,1295,27,1268
106000438,259,578,-319
106000439,47,763,-716
106000440,207,273,-66
106000441,15,1,14
106000442,1253,22,1231
106000443,445,125,320
106000450,1,83,-82
106000451,17,285,-268
106000454,0,214,-214
106000455,1,101,-100
106000456,210,7,203
106000457,33,236,-203
106000458,1928,80,1848
106000459,1041,40,1001
106000460,2910,21,2889
106000461,620,208,412
106000462,4,101,-97
106000463,1,10,-9
106000464,0,209,-209
106000465,1425,11,1414
106000466,1,182,-181
106000467,120,252,-132
106000468,282,99,183
106000469,108,0,108
106000470,240,2597,-2357
106000471,8,162,-154
106000472,545,5,540
106000473,45,2,43
106000474,429,265,164
106000475,1245,335,910
106000476,182,356,-174
106000477,105,54,51
106000480,1,1535,-1534
106900001,0,2,-2
106900002,0,83,-83
106900003,48,768,-720
106900004,0,3,-3
106900006,0,3,-3
106900007,0,2,-2
106900008,1110,59,1051
106900009,955,80,875
106900010,466,166,300
106900012,689,3984,-3295
106900013,997,199,798
106900014,264,6,258
106900015,60,3,57
106900016,570,43,527
106900017,24,15,9
106900018,25,0,25
106900019,424,19,405
106900020,947,3609,-2662
106900021,243,66,177
106900022,2333,14,2319
106900023,136,89,47
106900024,757,27,730
106900025,10,201,-191
106900026,0,85,-85
106900027,1957,8,1949
107000001,2708,3003,-295
107000002,1197,1591,-394
107000003,8091,5795,2296
107000004,2090,1018,1072
107000005,10275,5577,4698
107000006,2202,912,1290
107000007,4980,6071,-1091
107000008,2263,1752,511
107000009,9212,6112,3100
107000010,3663,2445,1218
107000011,441,440,1
107000012,1325,976,349
107000013,114,31,83
107000014,173,51,122
107000015,570,257,313
107000016,1154,319,835
107000017,555,684,-129
107000018,8,638,-630
107000020,639,507,132
107000021,847,316,531
107000022,1121,1186,-65
107000023,1737,111,1626
107000024,776,1280,-504
107000025,468,193,275
107000026,321,228,93
107000027,2209,318,1891
107000028,1106,354,752
107000029,4518,2364,2154
107000030,1674,932,742
107000031,5792,1937,3855
107000032,218,517,-299
107000033,1548,3257,-1709
107000034,1835,673,1162
107000035,542,120,422
107000036,283,1078,-795
107000037,171,427,-256
107000038,239,72,167
107000039,991,526,465
107000040,309,105,204
107000041,631,298,333
107000042,386,2044,-1658
107000043,842,481,361
107000044,167,99,68
107000045,63,87,-24
107000046,792,188,604
107000047,408,252,156
107000048,493,131,362
107000049,375,348,27
107000050,523,230,293
107000051,154,301,-147
107000052,645,2491,-1846
107000053,250,679,-429
107000054,33,116,-83
107000055,333,108,225
107000056,592,486,106
107000057,1051,114,937
107000058,2028,1961,67
107000059,1659,1797,-138
107000060,6405,3414,2991
107000061,2777,1272,1505
107000062,8627,2498,6129
107000063,2697,1435,1262
107000064,6576,4307,2269
107000065,1430,2085,-655
107000066,1206,2726,-1520
107000067,1421,812,609
107000068,674,655,19
107000069,1403,716,687
107000070,1058,20,1038
107000071,5478,27,5451
107000072,13,491,-478
107000073,1571,945,626
107000074,35,287,-252
107000075,2315,89,2226
107000076,183,491,-308
107000077,3079,290,2789
107000078,494,483,11
107000079,3717,571,3146
107000080,261,690,-429
107000081,4738,539,4199
107000082,399,415,-16
107000083,1680,1069,611
107000084,121,437,-316
107000085,2442,2329,113
107000086,2331,1356,975
107000087,3171,2532,639
107000088,2120,1892,228
107000089,1485,2000,-515
107000090,1200,591,609
107000091,2134,577,1557
107000092,708,432,276
107000093,1646,914,732
107000094,795,427,368
107000095,2051,708,1343
107000096,798,433,365
107000097,2419,418,2001
107000098,508,432,76
107000099,762,370,392
107000100,160,173,-13
107000101,97,212,-115
107000102,200,223,-23
107000103,604,238,366
107000104,176,249,-73
107000105,804,375,429
107000106,173,133,40
107000107,1091,162,929
107000108,238,212,26
107000109,2106,178,1928
107000110,164,134,30
107000111,1207,33,1174
107000112,13,60,-47
107000113,1953,96,1857
107000114,69,202,-133
107000115,1247,1168,79
107000116,75,221,-146
107000117,215,4646,-4431
107000118,57,51,6
107000119,1079,1883,-804
107000120,485,1420,-935
107000121,1083,316,767
107000122,495,490,5
107000123,837,290,547
107000124,808,143,665
107000125,1599,339,1260
107000126,2305,157,2148
107000129,416,270,146
107000130,982,174,808
107000131,281,231,50
107000132,751,188,563
107000133,292,67,225
107000134,218,0,218
107000135,0,188,-188
107000136,442,2,440
107000137,3,285,-282
107000138,75,16,59
107000139,1,282,-281
107000140,1797,41,1756
107000141,71,831,-760
107000142,642,47,595
107000143,15,903,-888
107000144,634,595,39
107000145,59,430,-371
107000146,183,371,-188
107000147,3479,536,2943
107000150,118,4671,-4553
107000151,1,25,-24
107000152,320,3184,-2864
107000153,47,104,-57
107000154,13,101,-88
107000155,1067,1,1066
107000156,1395,4,1391
107000157,4,269,-265
107000158,1431,11,1420
107000159,13,194,-181
107000160,2373,141,2232
107000161,71,215,-144
107000162,337,795,-458
107000163,453,3,450
107000164,1435,1,1434
107000165,2081,4,2077
107000166,17,170,-153
107000167,1336,313,1023
107000168,1141,528,613
107000169,154,218,-64
107000170,4888,462,4426
107000171,342,380,-38
107000172,2197,2268,-71
107000173,336,193,143
107000174,1125,7167,-6042
107000175,2182,432,1750
107000176,1,0,1
107000177,2,3,-1
107000178,191,4,187
107000179,395,467,-72
107000180,2187,107,2080
107000181,529,319,210
107000182,2405,247,2158
107000183,273,192,81
107000184,1982,368,1614
107000185,301,326,-25
107000186,878,125,753
107000187,1310,700,610
107000188,603,167,436
107000189,1018,402,616
107000190,1154,223,931
107000191,1206,555,651
107000192,1585,247,1338
107000193,325,263,62
107000194,529,177,352
107000197,963,119,844
107000198,320,355,-35
107000199,530,465,65
107000200,839,695,144
107000201,277,161,116
107000202,350,318,32
107000203,503,779,-276
107000204,469,1538,-1069
107000205,482,233,249
107000206,199,725,-526
107000207,388,472,-84
107000208,252,329,-77
107000209,316,418,-102
107000210,66,73,-7
107000211,1,38,-37
107000212,35,75,-40
107000213,17,5,12
107000214,24,25,-1
107000215,834,102,732
107000216,520,63,457
107000217,233,83,150
107000219,76,246,-170
107000220,72,100,-28
107000222,270,176,94
107000224,513,82,431
107000225,221,105,116
107000226,796,111,685
107000227,167,95,72
107000228,82,521,-439
107000229,46,201,-155
107000230,781,387,394
107000231,318,707,-389
107000232,115,13,102
107000233,128,400,-272
107000234,0,57,-57
107000235,30,21,9
107000236,5,586,-581
107000237,29,0,29
107000238,37,0,37
107000239,1318,527,791
107000240,94,144,-50
107000243,0,57,-57
107000244,11,62,-51
107000246,2,240,-238
107000249,0,333,-333
107000251,0,73,-73
107000252,0,96,-96
107000255,150,241,-91
107000257,1,973,-972
107000258,8,150,-142
107000259,2,62,-60
107000260,2016,14,2002
107000262,16,141,-125
107000263,646,7,639
107000266,41,7,34
107000267,34,62,-28
107000268,254,19,235
107000269,23,2,21
107000270,733,97,636
107000271,21,4,17
107000272,410,0,410
107000273,3,148,-145
107000274,282,37,245
107000275,51,1020,-969
107000280,2092,23,2069
107000281,42,185,-143
107000282,5,262,-257
107000290,2,30,-28
107000291,14,14,0
107000292,0,65,-65
107000293,25,1,24
107000294,0,139,-139
107000295,24,0,24
107000296,0,38,-38
107000444,208,2,206
107000496,22,12,10
107000497,572,725,-153
107000500,383,124,259
107000501,89,155,-66
107000502,216,191,25
107000505,283,419,-136
107000506,1,0,1
107000508,2,80,-78
107000509,74,586,-512
107000510,115,48,67
107000514,35,302,-267
107000515,9,61,-52
107000516,597,278,319
107000518,2365,4484,-2119
107000519,418,343,75
107000520,198,39,159
107000521,1808,137,1671
107000522,2788,307,2481
107900001,111,70,41
107900002,34,1,33
107900003,1078,7,1071
107900004,5,0,5
107900005,4767,43,4724
107900006,217,16,201
107900007,508,28,480
107900008,13,4,9
107900009,81,22,59
107900010,131,6,125
107900012,353,50,303
107900013,177,7,170
107900014,254,6,248
107900015,3179,13,3166
107900016,140,25,115
107900017,159,0,159
107900018,67,445,-378
107900019,10,4,6
107900020,3,33,-30
107900021,299,10,289
107900023,6,5,1
107900024,0,8,-8
107900025,244,39,205
107900026,73,13,60
107900027,2,43,-41
107900028,442,9,433
107900030,318,11,307
107900031,130,62,68
107900032,78,6,72
107900033,26,30,-4
107900034,346,4,342
107900035,2775,179,2596
107900036,27,33,-6
107900037,0,1,-1
107900038,27,353,-326
107900039,74,5,69
107900040,4,176,-172
107900041,3,1,2
107900043,122,24,98
107900044,8,27,-19
107900045,196,49,147
107900046,588,532,56
107900047,74,6,68
107900048,527,20,507
107900049,215,1201,-986
107900050,16,65,-49
107900051,36,24,12
107900052,7,93,-86
107900053,211,24,187
107900055,318,71,247
107900056,93,167,-74
107900057,3,0,3
107900058,24,213,-189
107900060,5,66,-61
107900061,2,6,-4
107900063,99,69,30
107900064,109,934,-825
107900065,954,17,937
107900066,41,3,38
107900067,3,0,3
107900068,119,766,-647
107900069,5,4616,-4611
107900070,191,153,38
107900071,17,166,-149
107900072,250,18,232
107900073,66,74,-8
107900074,207,457,-250
107900076,215,14,201
107900077,128,1,127
107900079,10,17,-7
107900080,117,652,-535
107900081,11,10,1
107900082,1,11,-10
107900083,577,158,419
107900084,264,77,187
107900086,17,460,-443
107900087,220,16,204
107900088,128,9,119
107900089,113,425,-312
107900090,558,1883,-1325
107900091,80,61,19
107900093,42,27,15
107900095,918,856,62
107900097,22,71,-49
107900098,160,244,-84
107900100,179,1737,-1558
107900101,216,17,199
107900102,37,2,35
107900103,73,81,-8
107900104,261,0,261
107900105,1,63,-62
107900106,19,211,-192
107900107,477,295,182
107900108,89,13,76
107900109,3121,95,3026
107900110,140,20,120
107900111,1,99,-98
107900112,80,614,-534
107900113,366,15,351
107900114,349,43,306
107900115,0,3,-3
107900116,378,31,347
107900117,147,144,3
107900118,10,28,-18
107900119,206,299,-93
107900120,72,12,60
107900121,1,105,-104
107900122,1,39,-38
107900123,10,168,-158
107900124,7,22,-15
107900125,8,58,-50
107900126,36,31,5
107900127,790,201,589
107900128,39,20,19
107900129,307,1,306
107900130,231,4,227
107900131,57,60,-3
107900132,10,128,-118
107900133,0,7,-7
107900134,7,40,-33
107900135,1,24,-23
107900136,29,19,10
107900137,39,54,-15
107900138,208,3,205
107900139,140,9,131
107900141,11,27,-16
107900142,4,382,-378
107900143,17,4,13
107900144,0,24,-24
107900145,3,26,-23
107900146,14,32,-18
107900147,12,4,8
107900148,169,36,133
107900149,264,21,243
107900150,25,136,-111
107900151,8,17,-9
107900152,8,62,-54
107900153,69,145,-76
107900154,134,16,118
107900155,183,15,168
107900156,0,63,-63
107900157,20,25,-5
107900158,2438,94,2344
107900159,12,255,-243
107900160,174,21,153
107900161,139,27,112
107900162,0,66,-66
107900163,27,23,4
107900164,62,18,44
107900165,1,359,-358
107900166,42,20,22
107900167,7,35,-28
107900168,127,4,123
107900169,2,819,-817
107900171,0,183,-183
107900172,2,91,-89
107900173,84,15,69
107900174,166,1,165
107900175,3,57,-54
107900176,117,13,104
107900177,0,117,-117
107900178,1,78,-77
107900179,21,35,-14
107900180,158,1522,-1364
107900181,94,106,-12
107900182,3,194,-191
107900183,101,45,56
107900184,206,71,135
107900185,186,6,180
107900186,48,8,40
107900187,0,58,-58
107900188,508,54,454
107900189,27,203,-176
107900190,14,89,-75
107900191,63,42,21
107900193,2,83,-81
107900194,148,11,137
107900195,1001,146,855
107900196,82,6,76
107900197,102,125,-23
107900199,0,248,-248
107900201,71,37,34
107900203,22,13,9
107900204,57,69,-12
107900206,160,767,-607
107900207,0,98,-98
107900208,0,129,-129
107900209,294,113,181
107900210,9,19,-10
107900213,230,100,130
107900214,1,47,-46
107900215,103,172,-69
107900216,7,7,0
107900217,24,27,-3
107900218,2,505,-503
107900219,119,22,97
107900220,45,85,-40
107900221,24,54,-30
107900223,138,67,71
107900224,47,277,-230
107900225,2,196,-194
107900226,5,23,-18
107900227,48,74,-26
107900228,71,33,38
107900229,3,42,-39
107900230,90,8,82
107900231,10,40,-30
107900232,370,20,350
107900233,0,32,-32
107900234,498,42,456
107900235,1,45,-44
107900236,729,49,680
107900237,13,137,-124
107900238,55,21,34
107900239,97,532,-435
107900240,74,11,63
107900241,2,22,-20
107900242,28,35,-7
107900243,0,18,-18
107900244,288,16,272
107900245,1355,31,1324
107900246,293,33,260
107900248,393,77,316
107900249,1439,171,1268
107900250,1,158,-157
107900251,9,433,-424
107900252,872,81,791
107900253,234,44,190
107900254,75,138,-63
107900255,86,15,71
107900256,405,1378,-973
107900257,413,125,288
107900258,90,43,47
107900259,38,4621,-4583
107900261,0,180,-180
107900262,33,37,-4
107900264,414,19,395
107900265,89,27,62
107900267,534,10,524
107900268,3,0,3
107900269,0,1,-1
107900270,0,2,-2
107900271,0,33,-33
107900272,26,44,-18
107900273,66,47,19
107900274,183,1,182
107900275,42,1,41
107900276,0,8,-8
107900277,0,18,-18
107900278,500,44,456
107900279,16,35,-19
107900280,1939,739,1200
107900281,664,10782,-10118
107900282,19,1203,-1184
107900283,243,836,-593
107900284,962,207,755
107900285,178,43,135
107900286,7,46,-39
107900287,988,72,916
107900290,4,922,-918
107900291,478,10,468
107900292,159,39,120
107900293,98,125,-27
107900295,54,24,30
107900297,1,237,-236
107900298,359,368,-9
107900299,1035,3440,-2405
107900301,821,434,387
107900302,82,14,68
107900303,629,141,488
107900304,849,60,789
107900305,431,6,425
107900306,0,33,-33
107900307,5,133,-128
107900308,248,51,197
107900309,7,0,7
107900310,22,0,22
107900311,128,205,-77
107900312,15,0,15
107900313,0,91,-91
107900314,1,99,-98
107900315,0,48,-48
107900316,38,0,38
107900317,68,1,67
107900318,1,287,-286
107900319,2,16,-14
107900320,0,43,-43
107900321,242,3,239
107900322,0,27,-27
107900323,1,50,-49
107900324,55,0,55
107900325,277,0,277
107900326,1039,91,948
107900327,0,115,-115
107900328,1,0,1
107900329,5,119,-114
107900330,14,29,-15
107900331,739,19,720
107900332,752,6,746
107900333,137,8,129
107900334,6,23,-17
107900335,8,37,-29
107900336,28,26,2
107900337,316,1422,-1106
107900338,3,53,-50
107900339,0,2,-2
107900340,0,90,-90
107900341,32,0,32
107900342,149,28,121
107900343,44,0,44
107900344,11,14,-3
107900345,102,37,65
107900346,42,6,36
107900347,11,1,10
107900348,4,2,2
107900349,15,8,7
107900350,4,57,-53
107900351,7,15,-8
107900352,0,19,-19
107900353,62,9,53
107900354,11,11,0
108000001,4936,2758,2178
108000002,925,967,-42
108000003,2528,1393,1135
108000004,5706,5820,-114
108000005,6744,2889,3855
108000006,2118,1581,537
108000007,5540,2486,3054
108000008,1630,1923,-293
108000009,6326,3180,3146
108000010,1635,1731,-96
108000011,12502,8025,4477
108000012,5314,5531,-217
108000014,429,1331,-902
108000015,886,257,629
108000016,238,425,-187
108000017,1159,215,944
108000018,1914,452,1462
108000019,955,236,719
108000020,1139,234,905
108000021,102,717,-615
108000022,208,338,-130
108000023,1965,259,1706
108000024,610,146,464
108000025,650,105,545
108000026,1248,112,1136
108000027,1195,123,1072
108000028,1257,125,1132
108000029,925,225,700
108000030,431,123,308
108000031,220,350,-130
108000032,3049,407,2642
108000033,434,331,103
108000034,1884,402,1482
108000035,443,658,-215
108000036,211,342,-131
108000037,3306,231,3075
108000038,4974,240,4734
108000039,385,540,-155
108000040,2826,895,1931
108000041,250,797,-547
108000042,741,110,631
108000043,146,156,-10
108000044,776,41,735
108000045,114,107,7
108000046,2755,143,2612
108000047,193,252,-59
108000048,57,128,-71
108000049,930,122,808
108000050,79,220,-141
108000051,298,277,21
108000052,164,164,0
108000053,503,280,223
108000054,221,320,-99
108000055,1203,292,911
108000056,566,572,-6
108000057,852,909,-57
108000058,1531,4728,-3197
108000059,1206,661,545
108000060,364,736,-372
108000061,255,202,53
108000062,1491,323,1168
108000063,402,174,228
108000064,372,149,223
108000065,647,231,416
108000066,1933,887,1046
108000067,3137,816,2321
108000068,1272,263,1009
108000069,111,319,-208
108000070,2352,245,2107
108000071,266,340,-74
108000072,1578,476,1102
108000073,383,380,3
108000074,948,346,602
108000075,140,136,4
108000076,1036,326,710
108000077,305,224,81
108000078,3520,716,2804
108000079,308,323,-15
108000080,2654,475,2179
108000081,421,579,-158
108000082,386,443,-57
108000083,2484,492,1992
108000084,187,473,-286
108000085,1363,394,969
108000086,194,209,-15
108000087,145,2442,-2297
108000088,1479,384,1095
108000089,400,293,107
108000091,144,320,-176
108000092,588,73,515
108000093,373,247,126
108000094,1760,141,1619
108000095,317,150,167
108000096,1108,202,906
108000097,302,260,42
108000098,2933,846,2087
108000099,1067,209,858
108000100,158,397,-239
108000101,1150,946,204
108000102,1138,2622,-1484
108000106,1113,2,1111
108000107,1,139,-138
108000108,751,51,700
108000109,1,301,-300
108000110,804,193,611
108000111,254,362,-108
108000112,40,100,-60
108000113,343,115,228
108000115,259,144,115
108000117,285,215,70
108000118,214,2218,-2004
108000119,440,149,291
108000120,256,1104,-848
108000121,279,245,34
108000122,1296,259,1037
108000123,1124,243,881
108000124,387,294,93
108000125,1061,196,865
108000126,328,196,132
108000127,814,829,-15
108000128,917,118,799
108000129,150,530,-380
108000130,882,268,614
108000131,913,98,815
108000132,309,290,19
108000133,1306,106,1200
108000134,353,116,237
108000135,1724,792,932
108000136,383,315,68
108000137,559,107,452
108000138,412,306,106
108000139,802,156,646
108000140,975,5,970
108000141,33,20,13
108000142,43,43,0
108000143,31,116,-85
108000144,1422,39,1383
108000145,78,5,73
108000146,1574,43,1531
108000147,29,11,18
108000148,1329,42,1287
108000149,16,4,12
108000150,70,7,63
108000151,36,20,16
108000152,100,71,29
108000153,1965,114,1851
108000154,14,3,11
108000155,124,44,80
108000156,548,208,340
108000157,139,2951,-2812
108000158,20,1162,-1142
108000159,138,137,1
108000160,1250,1653,-403
108000161,1020,5023,-4003
108000165,1,554,-553
108000172,10,229,-219
108000173,388,2243,-1855
108000175,1176,111,1065
108000178,280,91,189
108000179,105,659,-554
108000181,89,7,82
108000182,85,34,51
108000183,7,100,-93
108000184,185,4071,-3886
108000185,527,58,469
108000186,813,113,700
108000187,181,176,5
108000188,1429,135,1294
108000189,591,19574,-18983
108000190,5,42,-37
108000192,222,98,124
108000193,299,26,273
108000194,14,13,1
108000195,0,420,-420
108000196,100,353,-253
108000198,1100,82,1018
108000199,3,218,-215
108000200,1263,77,1186
108000203,472,130,342
108000204,275,74,201
108000205,41,152,-111
108000339,442,200,242
108000364,155,263,-108
108000365,78,232,-154
108000367,107,79,28
108000368,10,29,-19
108000369,189,54,135
108000371,4,285,-281
108000372,1054,8,1046
108000373,167,57,110
108000376,303,22,281
108000377,1420,79,1341
108000378,8002,13593,-5591
108000379,33,197,-164
108000381,200,12,188
108000382,47,0,47
108000383,0,200,-200
108900001,4,138,-134
108900002,154,28,126
108900003,116,191,-75
108900004,309,367,-58
108900007,392,94,298
108900008,242,50,192
108900009,165,169,-4
108900010,502,65,437
108900011,891,80,811
108900012,553,151,402
108900013,108,150,-42
108900014,18,60,-42
108900015,0,63,-63
108900016,1,61,-60
108900017,110,235,-125
108900018,102,142,-40
108900019,25,167,-142
108900020,58,49,9
108900021,69,55,14
108900022,68,4,64
108900023,21,34,-13
108900024,33,20,13
108900025,398,19,379
108900026,15,27,-12
108900027,0,20,-20
108900028,125,37,88
108900029,50,158,-108
108900030,0,6,-6
108900031,132,34,98
108900032,2,65,-63
108900033,0,22,-22
108900034,0,34,-34
108900035,197,289,-92
108900038,0,100,-100
108900039,0,81,-81
108900040,7,30,-23
108900041,2304,2644,-340
108900042,4,295,-291
108900043,31,416,-385
108900044,0,74,-74
108900045,98,63,35
108900046,2,90,-88
108900047,0,120,-120
108900048,58,152,-94
108900049,540,3433,-2893
108900050,3,49,-46
108900051,1,42,-41
108900052,30,42,-12
108900053,172,625,-453
108900054,30,76,-46
108900055,18,188,-170
108900056,1,24,-23
108900057,2,42,-40
108900058,28,68,-40
108900059,1702,56,1646
108900060,51,90,-39
108900061,29,17,12
108900062,6,51,-45
108900063,40,53,-13
108900064,539,10,529
108900065,32,64,-32
108900066,657,66,591
108900067,3,90,-87
108900068,22,49,-27
108900069,98,12,86
108900070,14,25,-11
108900071,147,14,133
108900072,1021,140,881
108900073,34,138,-104
108900074,537,34,503
108900075,6,6,0
108900076,774,9,765
108900077,31,143,-112
108900078,89,14,75
108900079,291,51,240
108900080,4,997,-993
108900081,18,86,-68
108900082,115,23,92
108900083,6,264,-258
108900085,731,67,664
108900086,397,62,335
108900087,62,94,-32
108900088,321,537,-216
108900089,18,99,-81
108900090,75,55,20
108900091,125,24,101
108900092,351,316,35
108900093,69,54,15
108900094,349,59,290
108900095,9,46,-37
108900096,179,7,172
108900097,283,46,237
108900098,742,1456,-714
108900099,558,60,498
108900100,59,23,36
108900101,375,640,-265
108900102,4,1647,-1643
108900103,389,190,199
108900105,6,2844,-2838
108900106,670,67,603
108900108,259,21,238
108900109,1808,74,1734
108900110,209,57,152
108900111,634,113,521
108900113,86,69,17
108900114,458,24,434
108900115,207,161,46
108900116,84,12,72
108900117,530,13,517
108900118,1291,17,1274
108900119,678,12,666
108900120,640,151,489
108900121,205,98,107
108900122,437,18,419
108900123,442,65,377
108900124,1112,105,1007
108900125,1413,2,1411
108900126,244,63,181
108900127,405,7,398
108900128,220,13,207
108900129,2010,75,1935
108900130,1109,8,1101
108900131,778,3,775
108900132,795,29,766
108900133,479,18,461
108900134,992,65,927
108900135,404,5,399
108900136,29,2,27
108900137,506,1,505
108900138,1029,28,1001
108900140,1214,27,1187
108900141,913,5,908
108900142,74,16,58
108900143,196,0,196
108900144,269,1,268
108900145,498,27,471
108900146,135,0,135
108900147,675,0,675
108900148,116,12,104
108900150,326,18,308
108900151,23,2,21
108900152,247,7,240
108900153,388,56,332
108900154,7588,420,7168
108900156,234,3,231
108900157,37,106,-69
108900158,937,54,883
108900159,147,109,38
108900160,34,121,-87
108900161,236,395,-159
108900162,298,1,297
108900163,6,475,-469
108900164,70,19,51
108900168,2123,1714,409
108900169,59,55,4
108900171,1523,3478,-1955
108900172,125,44,81
108900173,43,143,-100
108900174,1066,203,863
108900176,42,115,-73
108900177,1609,10980,-9371
108900178,1079,5986,-4907
108900180,71,147,-76
108900183,133,82,51
108900184,344,49,295
108900185,14,117,-103
108900186,41,143,-102
108900189,622,24,598
108900190,61,562,-501
108900192,39,102,-63
108900195,76,60,16
108900196,10,121,-111
108900199,178,136,42
108900200,694,365,329
108900201,186,472,-286
108900203,473,96,377
108900204,615,7,608
108900205,334,24,310
108900206,596,75,521
108900207,369,429,-60
108900208,5,159,-154
108900209,108,208,-100
108900210,85,76,9
108900211,189,643,-454
108900212,79,1928,-1849
108900215,44,141,-97
108900216,224,680,-456
108900217,101,0,101
108900218,32,6,26
108900221,21,76,-55
108900224,12,45,-33
108900225,0,95,-95
108900227,240,328,-88
108900230,64,90,-26
108900232,0,61,-61
108900233,467,131,336
108900234,357,240,117
108900235,63,153,-90
108900236,34,153,-119
108900240,172,34,138
108900241,117,17,100
108900245,3,2536,-2533
108900250,316,39,277
108900258,8,35,-27
108900259,13,5,8
108900260,23,10,13
108900261,23,38,-15
108900262,61,78,-17
108900263,27,143,-116
108900264,68,134,-66
108900265,243,357,-114
108900266,142,2017,-1875
108900267,0,508,-508
108900268,34,22,12
108900269,229,28,201
108900270,239,11,228
108900271,144,4,140
108900272,509,7,502
108900273,221,465,-244
108900274,126,31,95
109000001,4212,4798,-586
109000002,707,3897,-3190
109000003,4224,370,3854
109000004,935,1713,-778
109000005,2443,338,2105
109000006,1005,732,273
109000007,2862,438,2424
109000008,1210,773,437
109000009,4251,676,3575
109000010,1003,1300,-297
109000011,6995,1717,5278
109000012,1317,1539,-222
109000013,6954,5908,1046
109000014,1650,948,702
109000015,3850,15254,-11404
109000016,2581,1007,1574
109000017,4202,783,3419
109000018,1086,1092,-6
109000019,3658,1252,2406
109000020,1330,989,341
109000023,274,12,262
109000024,7,116,-109
109000025,100,720,-620
109000026,539,240,299
109000027,99,390,-291
109000028,114,26,88
109000029,21,327,-306
109000030,98,260,-162
109000031,500,57,443
109000032,63,275,-212
109000033,723,145,578
109000034,66,71,-5
109000035,31,21,10
109000036,32,215,-183
109000037,390,4517,-4127
109000038,210,132,78
109000039,978,717,261
109000040,2117,19807,-17690
109000041,851,3589,-2738
109000042,693,2236,-1543
109000044,635,38,597
109000045,161,114,47
109000046,546,12,534
109000047,90,245,-155
109000048,349,161,188
109000049,203,367,-164
109000050,298,202,96
109000051,269,102,167
109000052,400,337,63
109000053,594,56,538
109000054,88,286,-198
109000055,452,551,-99
109000056,253,186,67
109000057,1706,391,1315
109000058,133,42,91
109000059,108,1290,-1182
109000060,97,592,-495
109000061,290,1653,-1363
109000062,266,426,-160
109000063,233,37,196
109000064,898,58,840
109000065,459,76,383
109000066,690,46,644
109000067,131,101,30
109000068,634,7,627
109000069,509,16,493
109000070,6,1121,-1115
109000071,283,26,257
109000072,66,135,-69
109000073,66,48,18
109000074,29,81,-52
109000075,100,104,-4
109000076,99,379,-280
109000077,283,109,174
109000078,229,161,68
109000079,148,56,92
109000080,490,58,432
109000081,219,171,48
109000082,1287,79,1208
109000083,335,186,149
109000088,193,130,63
109000089,405,125,280
109000090,105,115,-10
109000091,817,159,658
109000092,122,104,18
109000093,515,67,448
109000094,1446,8,1438
109000095,316,166,150
109000096,1533,115,1418
109000097,81,53,28
109000098,79,90,-11
109000099,1034,121,913
109000100,456,260,196
109000101,2616,201,2415
109000102,580,243,337
109000103,1166,272,894
109000104,4039,145,3894
109000105,630,354,276
109000106,2594,310,2284
109000107,526,559,-33
109000108,3318,393,2925
109000109,444,437,7
109000110,1719,419,1300
109000111,577,857,-280
109000112,276,98,178
109000113,445,243,202
109000114,67,234,-167
109000115,743,74,669
109000116,33,276,-243
109000117,412,28,384
109000118,26,188,-162
109000119,3145,59,3086
109000120,743,202,541
109000121,1068,27,1041
109000122,470,151,319
109000123,115,17,98
109000124,1364,241,1123
109000125,1098,200,898
109000126,760,283,477
109000127,1795,74,1721
109000128,674,253,421
109000129,4807,229,4578
109000130,354,295,59
109000131,1111,710,401
109000132,293,432,-139
109000133,156,237,-81
109000134,494,432,62
109000135,466,480,-14
109000136,282,174,108
109000137,380,204,176
109000138,439,121,318
109000139,717,226,491
109000140,165,192,-27
109000141,688,334,354
109000142,114,279,-165
109000143,168,66,102
109000145,88,348,-260
109000146,26,37,-11
109000148,1143,1566,-423
109000149,21,58,-37
109000150,38,97,-59
109000155,1356,870,486
109000156,698,210,488
109000158,36,132,-96
109000159,94,279,-185
109000160,2613,137,2476
109000161,1040,612,428
109000162,2729,200,2529
109000163,1852,431,1421
109000164,2255,1088,1167
109000165,1852,317,1535
109000166,1551,52,1499
109000167,148,226,-78
109000170,30,40,-10
109000171,188,19,169
109000172,2,66,-64
109000173,20,213,-193
109000174,449,14,435
109000175,41,66,-25
109000176,646,102,544
109000177,29,35,-6
109000178,1689,124,1565
109000179,2070,8695,-6625
109000180,2579,3777,-1198
109000181,29,3,26
109000182,43,10,33
109000183,148,1,147
109000184,67,2,65
109000185,15,18,-3
109000188,392,1421,-1029
109000189,3840,1777,2063
109000190,1018,293,725
109000191,248,564,-316
109000192,875,41,834
109000193,479,92,387
109000194,568,32,536
109000195,354,39,315
109000196,330,25,305
109000197,299,123,176
109000198,403,40,363
109000199,287,136,151
109000206,144,11,133
109000207,189,23,166
109000208,97,95,2
109000209,133,65,68
109000210,187,238,-51
109000211,2333,320,2013
109000214,496,114,382
109000215,163,21,142
109000216,419,456,-37
109000217,103,150,-47
109000218,363,373,-10
109000221,160,250,-90
109000222,833,156,677
109000223,957,418,539
109000224,202,40,162
109000225,375,8,367
109000226,132,66,66
109000227,3067,226,2841
109000228,0,403,-403
109000231,0,71,-71
109000232,1415,109,1306
109000236,271,294,-23
109000241,1810,423,1387
109000242,1490,260,1230
109000293,131,127,4
109000361,269,109,160
109000364,61,409,-348
109000396,6,154,-148
109000397,1092,28,1064
109000399,137,199,-62
109000400,126,104,22
109000403,7,1366,-1359
109000406,1643,66,1577
109000407,230,54,176
109000408,1,312,-311
109000410,1125,197,928
109000411,683,26,657
109900001,213,0,213
109900002,1461,29,1432
109900003,1036,3,1033
109900004,178,68,110
109900005,44,11,33
109900006,865,49,816
109900007,2404,186,2218
109900008,0,5,-5
109900009,151,231,-80
109900010,1094,81,1013
109900011,10,13,-3
109900012,574,128,446
109900013,699,71,628
109900014,200,65,135
109900015,194,16,178
109900016,128,7,121
109900017,352,93,259
109900018,145,20,125
109900019,111,31,80
109900020,73,60,13
109900021,29,13,16
109900022,187,119,68
109900023,10,6,4
109900024,23,0,23
109900025,6,60,-54
109900026,0,63,-63
109900027,14,7,7
109900028,331,4453,-4122
109900029,0,134,-134
109900030,67,16,51
109900031,4,750,-746
109900032,5,81,-76
109900033,0,194,-194
109900034,8,1,7
109900035,218,202,16
109900036,64,209,-145
109900037,12,177,-165
109900038,108,115,-7
109900039,1,3,-2
109900040,24,166,-142
109900041,41,112,-71
109900042,37,751,-714
109900044,91,426,-335
109900045,102,28,74
109900046,198,91,107
109900047,134,145,-11
109900048,3,64,-61
109900049,61,32,29
109900050,1,13,-12
109900051,0,8,-8
109900052,89,264,-175
109900053,1,47,-46
109900054,1670,93,1577
109900055,208,95,113
109900056,69,314,-245
109900057,2,45,-43
109900058,1,24,-23
109900059,2257,31,2226
109900060,1570,57,1513
109900061,94,45,49
109900062,0,52,-52
109900063,4,436,-432
109900064,1048,56,992
109900065,47,32,15
109900066,252,242,10
109900067,0,79,-79
109900068,100,6,94
109900069,2,20,-18
109900070,16,48,-32
109900071,0,1,-1
109900072,1,40,-39
109900073,921,154,767
109900074,1,3,-2
109900075,66,43,23
109900076,56,59,-3
109900077,21,15,6
109900078,69,33,36
109900080,137,52,85
109900081,1,126,-125
109900082,101,68,33
109900083,10,15,-5
109900084,54,136,-82
109900085,87,138,-51
109900086,122,1289,-1167
109900087,29,199,-170
109900089,808,63,745
109900090,111,257,-146
109900091,808,62,746
109900092,253,168,85
109900093,1530,94,1436
109900094,72,58,14
109900095,61,89,-28
109900096,291,5,286
109900097,222,1,221
109900098,1065,36,1029
109900099,734,1,733
109900100,108,2,106
109900101,1321,5,1316
109900102,694,47,647
109900103,39,56,-17
109900104,1677,97,1580
109900105,796,49,747
109900106,535,22,513
109900107,828,27,801
109900108,132,77,55
109900109,21,46,-25
109900110,39,97,-58
109900111,63,192,-129
109900112,112,123,-11
109900113,1171,356,815
109900114,356,1161,-805
109900115,238,134,104
109900117,2411,52,2359
109900118,113,108,5
109900119,132,181,-49
109900120,109,10,99
109900121,212,82,130
109900122,1582,3,1579
109900123,33,51,-18
109900124,5,101,-96
109900125,1,50,-49
109900126,650,12,638
109900128,471,33,438
109900130,2138,4988,-2850
109900131,9,41,-32
109900132,11,64,-53
109900133,124,147,-23
109900134,65,65,0
109900135,283,38,245
109900136,89,63,26
109900137,331,108,223
109900140,175,60,115
109900142,3856,186,3670
109900145,7,689,-682
109900146,104,30,74
109900148,33,26,7
109900149,15,17,-2
109900150,1,10,-9
109900151,4,10,-6
109900152,0,16,-16
109900153,1,45,-44
109900154,23,1,22
109900155,57,21,36
109900157,50,95,-45
109900158,35,43,-8
109900159,90,13,77
109900160,240,16,224
109900161,438,31,407
109900162,279,25,254
109900163,226,59,167
109900164,38,131,-93
109900165,383,3,380
109900166,0,215,-215
109900167,187,206,-19
109900168,83,261,-178
109900169,353,107,246
109900170,357,1991,-1634
109900171,525,73,452
109900172,444,478,-34
109900173,1166,2846,-1680
109900174,32,99,-67
109900175,107,216,-109
109900176,135,44,91
109900177,27,37,-10
109900178,4,139,-135
109900179,11,14,-3
109900180,5,3,2
110000001,698,206,492
110000002,575,395,180
110000003,577,464,113
110000004,277,380,-103
110000005,232,2494,-2262
110000006,353,256,97
110000007,133,33,100
110000008,31,478,-447
110000009,65,7,58
110000010,83,170,-87
110000011,49,34,15
110000012,571,120,451
110000013,46,875,-829
110000014,583,384,199
110000015,172,828,-656
110000016,341,1858,-1517
110000017,1993,174,1819
110000018,1963,386,1577
110000019,20,32,-12
110000020,1077,460,617
110000021,142,163,-21
110000022,1318,74,1244
110000023,2,66,-64
110000024,526,74,452
110000025,2198,2,2196
110000026,0,150,-150
110000027,563,1358,-795
110000028,1333,214,1119
110000029,428,269,159
110000030,538,473,65
110000031,407,205,202
110000032,1443,87,1356
110000033,263,107,156
110000034,1190,266,924
110000035,672,320,352
110000036,2027,307,1720
110000037,352,146,206
110000038,427,1044,-617
110000039,842,8682,-7840
110000040,298,345,-47
110000041,477,3451,-2974
110000042,73,358,-285
110000043,692,335,357
110000044,12,226,-214
110000045,170,73,97
110000046,4,148,-144
110000047,5,34,-29
110000048,2,139,-137
110000049,8,9,-1
110000050,4,105,-101
110000051,21,24,-3
110000052,114,48,66
110000053,11,7,4
110000054,69,699,-630
110000055,113,170,-57
110000056,67,137,-70
110000057,326,245,81
110000058,1377,249,1128
110000059,735,365,370
110000060,1276,555,721
110000061,346,282,64
110000062,442,485,-43
110000063,77,457,-380
110000064,168,5,163
110000065,238,268,-30
110000066,67,5,62
110000067,27,42,-15
110000068,548,30,518
110000069,1016,7,1009
110000071,1499,12,1487
110000073,55,10,45
110000075,57,71,-14
110000076,582,582,0
110000077,248,2125,-1877
110000078,169,7,162
110000080,148,181,-33
110000081,54,346,-292
110000082,19,344,-325
110000083,229,238,-9
110000084,1783,1082,701
110000085,657,958,-301
110000086,691,2010,-1319
110000087,38,56,-18
110000088,190,192,-2
110000089,598,45,553
110000090,150,556,-406
110000091,521,125,396
110000092,32,24,8
110000093,41,16,25
110000094,521,89,432
110000095,103,566,-463
110000096,981,3040,-2059
110000097,721,1512,-791
110000098,1766,396,1370
110000099,1316,1399,-83
110000100,2986,99,2887
110000101,304,86,218
110000102,74,32,42
110000104,396,187,209
110000105,69,405,-336
110000106,468,434,34
110000107,178,208,-30
110000108,192,236,-44
110000109,219,179,40
110000110,1132,2990,-1858
110000111,2384,2685,-301
110000112,137,1085,-948
110000113,58,3363,-3305
110000114,912,846,66
110000115,1175,140,1035
110000116,130,89,41
110000117,731,127,604
110000118,978,94,884
110000119,882,93,789
110000120,483,83,400
110000121,86,427,-341
110000122,351,171,180
110000123,566,220,346
110000124,0,361,-361
110000125,922,2,920
110000126,251,1,250
110000127,1238,40,1198
110000128,17,280,-263
110000129,0,133,-133
110000130,389,190,199
110000131,30,135,-105
110000132,0,141,-141
110000133,25,450,-425
110000134,35,334,-299
110000135,212,16,196
110000136,93,107,-14
110000137,1039,101,938
110000138,1077,136,941
110000139,2018,245,1773
110000140,872,638,234
110000143,609,332,277
110000144,1492,1280,212
110000145,1563,1065,498
110000146,1127,466,661
110000147,279,932,-653
110000148,913,203,710
110000151,484,933,-449
110000152,218,480,-262
110000153,457,5,452
110000154,31,110,-79
110000155,254,1245,-991
110000156,899,734,165
110000157,965,1836,-871
110000160,385,143,242
110000161,237,185,52
110000166,1316,82,1234
110000167,2303,769,1534
110000168,534,921,-387
110000169,767,410,357
110000170,172,108,64
110000171,543,88,455
110000172,451,252,199
110000173,305,335,-30
110000174,113,140,-27
110000175,1803,175,1628
110000176,33,1425,-1392
110000177,205,2255,-2050
110000178,727,4178,-3451
110000179,897,268,629
110000180,587,206,381
110000181,1567,287,1280
110000182,406,81,325
110000183,3901,7961,-4060
110000184,223,4224,-4001
110000185,443,629,-186
110000186,443,1664,-1221
110000191,1845,95,1750
110000192,1256,15,1241
110000193,1983,24,1959
110000194,2,718,-716
110000195,755,98,657
110000196,969,79,890
110000197,128,51,77
110000198,78,30,48
110000199,51,189,-138
110000200,567,1055,-488
110000201,1293,2021,-728
110000202,1263,407,856
110000203,272,371,-99
110000204,1,106,-105
110000205,571,32,539
110000206,289,301,-12
110000207,2230,137,2093
110000208,160,306,-146
110000209,33,178,-145
110000210,1660,421,1239
110000211,1045,384,661
110000212,604,1722,-1118
110000213,616,18,598
110000214,704,66,638
110000215,148,71,77
110000216,226,60,166
110000217,1018,92,926
110000218,438,67,371
110000219,675,25,650
110000220,38,65,-27
110000221,862,12,850
110000222,79,86,-7
110000223,48,66,-18
110000224,1,5,-4
110000225,206,656,-450
110000226,484,40,444
110000227,804,1198,-394
110000228,409,82,327
110000229,0,78,-78
110000230,656,431,225
110000231,331,629,-298
110000232,170,178,-8
110000233,113,331,-218
110000234,294,211,83
110000235,656,616,40
110000236,910,348,562
110000237,3044,1239,1805
110000238,941,590,351
110000239,2431,555,1876
110000240,0,26,-26
110000242,0,13,-13
110000243,350,52,298
110000244,95,237,-142
110000245,33,302,-269
110000246,1721,448,1273
110000247,1131,1595,-464
110000248,1002,817,185
110000249,231,8,223
110000250,5,226,-221
110000251,622,169,453
110000252,852,148,704
110000253,2497,280,2217
110000254,1005,291,714
110000255,271,310,-39
110000256,675,175,500
110000257,355,167,188
110000258,0,172,-172
110000259,640,24,616
110000260,141,83,58
110000263,800,22,778
110000264,1020,211,809
110000265,1242,1143,99
110000266,893,1320,-427
110000267,38,29,9
110000268,207,115,92
110000269,2,35,-33
110000270,152,0,152
110000271,1268,194,1074
110000272,1064,929,135
110000273,1243,479,764
110000274,258,4337,-4079
110000275,1053,1012,41
110000276,249,1305,-1056
110000277,519,591,-72
110000278,442,726,-284
110000279,920,294,626
110000280,985,230,755
110000281,167,94,73
110000282,129,14,115
110000283,24,48,-24
110000284,16,4,12
110000285,0,116,-116
110000286,8,0,8
110000287,88,24,64
110000288,2,133,-131
110000289,296,3479,-3183
110000290,202,867,-665
110000291,2119,826,1293
110000292,586,10099,-9513
110000293,659,295,364
110000294,2186,2970,-784
110000295,187,305,-118
110000296,1093,280,813
110000297,3341,152,3189
110000298,89,290,-201
110000299,209,46,163
110000301,604,29,575
110000302,694,1469,-775
110000303,1189,19,1170
110000304,327,430,-103
110000305,2085,18,2067
110000306,624,380,244
110000307,3905,11,3894
110000308,654,53,601
110000309,0,526,-526
110000310,1463,13,1450
110000311,1,346,-345
110000312,549,39,510
110000313,2609,1259,1350
110000314,0,113,-113
110000315,1068,1025,43
110000316,283,813,-530
110000317,132,604,-472
110000318,3,93,-90
110000319,6,30,-24
110000320,49,71,-22
110000321,73,91,-18
110000322,242,392,-150
110000323,1176,212,964
110000324,2000,1142,858
110000325,1220,5741,-4521
110000327,526,209,317
110000328,60,443,-383
110000333,1406,1748,-342
110000334,328,945,-617
110000335,612,266,346
110000336,400,1345,-945
110000337,2167,618,1549
110000338,556,722,-166
110000339,651,161,490
110000340,29,170,-141
110000341,753,182,571
110000342,66,4,62
110000343,0,3,-3
110000344,30,1097,-1067
110000345,115,887,-772
110000346,1382,1787,-405
110000347,1378,377,1001
110000348,94,7,87
110000349,17,6,11
110000350,117,1,116
110000351,1780,330,1450
110000352,665,2179,-1514
110000353,2219,329,1890
110000354,1151,5517,-4366
110000355,422,24,398
110000356,237,3,234
110000357,1161,12,1149
110000361,51,12,39
110000362,421,17,404
110000363,1134,33,1101
110000364,612,206,406
110000365,133,0,133
110000366,0,162,-162
110000367,845,114,731
110000368,7,70,-63
110000369,94,14,80
110000373,1,774,-773
110000374,86,49,37
110000375,143,1024,-881
110000376,50,72,-22
110000377,112,233,-121
110000378,9,389,-380
110000379,1549,3560,-2011
110000380,229,40,189
110000383,1,532,-531
110000384,1079,140,939
110000385,0,49,-49
110000387,295,4,291
110000388,80,128,-48
110000389,979,69,910
110000391,1325,637,688
110000396,418,50,368
110000397,143,40,103
110000398,16,25,-9
110000399,262,1,261
110000587,286,264,22
110000589,263,38,225
110000640,151,5,146
110000652,9,365,-356
110000653,640,136,504
110000654,3,224,-221
110000656,0,207,-207
110000674,62,18,44
110000675,15,11,4
110000676,1,32,-31
110000679,156,1251,-1095
110000682,196,242,-46
110000683,342,116,226
110000684,0,42,-42
110000685,2,13,-11
110000686,1,113,-112
110000687,14,0,14
110000688,48,1581,-1533
110000689,63,5,58
110000692,19,110,-91
110000693,18,346,-328
110000694,0,42,-42
110000695,152,770,-618
110000696,88,21,67
110900001,519,33,486
110900002,389,169,220
110900003,2814,131,2683
110900004,944,39,905
110900005,976,6472,-5496
110900006,110,92,18
110900007,453,255,198
110900008,5,7,-2
110900009,297,1101,-804
110900010,8,5,3
110900011,30,26,4
110900012,7,14,-7
110900013,1536,66,1470
110900014,543,65,478
110900015,174,406,-232
110900016,170,49,121
110900017,760,32,728
110900018,516,12,504
110900019,890,28,862
110900020,477,28,449
110900021,188,129,59
110900022,67,76,-9
110900023,30,172,-142
110900024,191,62,129
110900025,9,48,-39
110900027,80,44,36
110900028,48,47,1
110900029,11,72,-61
110900030,14,58,-44
110900031,1,80,-79
110900032,0,32,-32
110900033,27,82,-55
110900035,5,332,-327
110900036,203,4,199
110900037,194,0,194
110900038,397,120,277
110900039,3,195,-192
110900040,360,5,355
110900041,18,27,-9
110900042,166,60,106
110900043,2,30,-28
110900044,111,35,76
110900045,197,180,17
110900046,9,89,-80
110900047,159,821,-662
110900049,303,44,259
110900050,79,0,79
110900051,31,40,-9
110900052,0,357,-357
110900053,313,18,295
110900054,12,152,-140
110900055,29,0,29
110900056,53,58,-5
110900057,3,128,-125
110900058,568,59,509
110900059,290,259,31
110900060,293,57,236
110900061,29,42,-13
110900062,417,68,349
110900063,25,52,-27
110900064,11,0,11
110900065,55,137,-82
110900066,2,32,-30
110900067,91,762,-671
110900068,188,51,137
110900069,2,3,-1
110900070,254,27,227
110900071,170,1678,-1508
110900073,0,3,-3
110900074,1003,108,895
110900075,979,59,920
110900077,2412,233,2179
110900078,245,24,221
110900079,661,816,-155
110900080,253,42,211
110900081,39,8,31
110900082,338,48,290
110900083,226,34,192
110900084,236,9,227
110900085,13,71,-58
110900086,68,299,-231
110900087,470,227,243
110900088,0,0,0
110900090,69,167,-98
110900091,1,21,-20
110900093,309,54,255
110900095,27,12,15
110900097,79,6,73
110900098,23,14,9
110900099,21,79,-58
110900100,0,4,-4
110900102,53,16,37
110900105,537,59,478
110900108,24,10,14
110900111,765,45,720
110900112,559,9,550
110900113,382,178,204
110900115,3,21,-18
110900116,2589,502,2087
110900118,70,5426,-5356
110900119,1222,117,1105
110900120,275,81,194
110900121,83,2,81
110900122,542,146,396
110900125,332,1144,-812
110900127,263,1350,-1087
110900128,66,340,-274
110900129,101,916,-815
110900130,176,345,-169
110900131,492,506,-14
110900132,805,29,776
110900133,57,613,-556
110900135,52,80,-28
110900136,595,17,578
110900138,0,0,0
110900139,36,0,36
110900140,0,0,0
110900141,385,236,149
110900142,89,73,16
110900143,472,22,450
110900144,0,108,-108
110900145,304,185,119
110900146,99,465,-366
110900147,123,351,-228
110900148,1,235,-234
110900149,5,40,-35
110900150,64,15,49
110900151,1,46,-45
110900152,10,31,-21
110900153,280,34,246
111000001,2141,845,1296
111000002,684,241,443
111000003,3829,1565,2264
111000004,878,871,7
111000005,1967,1913,54
111000006,582,1855,-1273
111000007,3719,7400,-3681
111000008,2367,3741,-1374
111000009,324,561,-237
111000010,1890,432,1458
111000011,133,589,-456
111000012,546,476,70
111000013,520,1155,-635
111000014,2737,488,2249
111000017,21,734,-713
111000018,73,372,-299
111000020,291,739,-448
111000021,53,103,-50
111000023,140,409,-269
111000025,2369,4618,-2249
111000029,92,84,8
111000030,42,31,11
111000031,1372,516,856
111000032,630,573,57
111000033,145,45,100
111000034,57,142,-85
111000037,897,264,633
111000038,1307,674,633
111000039,1748,722,1026
111000040,1368,548,820
111000041,357,375,-18
111000042,1641,2124,-483
111000043,1422,7055,-5633
111000044,1912,274,1638
111000045,2437,578,1859
111000046,2989,818,2171
111000047,2982,6330,-3348
111000049,337,215,122
111000050,848,320,528
111000051,659,526,133
111000052,480,1133,-653
111000053,243,299,-56
111000054,257,522,-265
111000055,748,1117,-369
111000056,233,680,-447
111000057,186,138,48
111000058,1022,64,958
111000059,832,342,490
111000060,6307,910,5397
111000061,1081,300,781
111000062,1308,481,827
111000063,1385,1228,157
111000064,994,240,754
111000065,1366,418,948
111000066,1192,211,981
111000067,1738,186,1552
111000068,1288,243,1045
111000069,915,996,-81
111000070,697,453,244
111000071,211,169,42
111000072,1772,715,1057
111000073,248,2355,-2107
111000074,1661,1138,523
111000075,702,250,452
111000076,846,352,494
111000077,855,323,532
111000078,1588,244,1344
111000079,750,419,331
111000080,761,441,320
111000081,1278,7160,-5882
111000082,1087,354,733
111000084,760,157,603
111000085,1140,744,396
111000086,1362,665,697
111000087,756,361,395
111000088,2642,5610,-2968
111000089,928,464,464
111000090,415,588,-173
111000091,687,172,515
111000092,2825,479,2346
111000093,1250,1306,-56
111000094,1950,1130,820
111000095,1137,3051,-1914
111000096,937,8529,-7592
111000097,1780,566,1214
111000098,270,442,-172
111000099,476,734,-258
111000100,548,574,-26
111000101,391,424,-33
111000102,373,231,142
111000104,1242,78,1164
111000107,191,269,-78
111000109,1296,122,1174
111000110,1670,383,1287
111000111,5100,105,4995
111000112,3225,259,2966
111000113,819,3189,-2370
111000114,1116,6869,-5753
111000115,2175,608,1567
111000116,759,454,305
111000117,188,566,-378
111000118,914,663,251
111000119,2052,251,1801
111000120,894,622,272
111000121,313,763,-450
111000122,455,406,49
111000123,1227,717,510
111000124,289,1029,-740
111000125,304,599,-295
111000126,81,216,-135
111000127,1719,90,1629
111000128,4177,164,4013
111000129,4802,205,4597
111000130,4095,229,3866
111000131,3953,234,3719
111000132,2911,2572,339
111000133,193,19,174
111000134,137,21,116
111000135,139,122,17
111000136,456,120,336
111000138,105,1,104
111000140,1,6,-5
111000141,154,251,-97
111000142,12,60,-48
111000143,2,239,-237
111000144,7,514,-507
111000145,51,2,49
111000146,168,12,156
111000147,66,19,47
111000148,134,35,99
111000149,2,32,-30
111000150,204,3,201
111000151,2,48,-46
111000153,255,166,89
111000154,233,57,176
111000155,127,49,78
111000156,449,175,274
111000157,205,298,-93
111000158,924,352,572
111000159,1777,582,1195
111000160,398,144,254
111000161,2,197,-195
111000162,7,24,-17
111000163,1193,712,481
111000164,409,2474,-2065
111000165,547,170,377
111000166,290,82,208
111000167,101,200,-99
111000168,161,187,-26
111000169,362,186,176
111000170,171,174,-3
111000171,414,248,166
111000172,260,217,43
111000173,400,316,84
111000174,553,66,487
111000175,61,157,-96
111000176,1001,27,974
111000177,1713,80,1633
111000178,2914,108,2806
111000179,661,40,621
111000180,241,185,56
111000181,2942,117,2825
111000182,344,146,198
111000183,265,752,-487
111000184,410,89,321
111000185,367,213,154
111000186,155,683,-528
111000187,182,85,97
111000188,425,281,144
111000189,191,156,35
111000190,232,101,131
111000191,194,112,82
111000192,185,177,8
111000193,215,110,105
111000194,78,123,-45
111000195,141,93,48
111000196,68,68,0
111000197,1126,89,1037
111000198,839,45,794
111000199,602,443,159
111000200,1141,892,249
111000201,1284,53,1231
111000202,661,66,595
111000203,591,192,399
111000204,221,1930,-1709
111000213,315,242,73
111000214,1088,541,547
111000215,1234,451,783
111000217,2342,308,2034
111000218,1665,332,1333
111000219,451,187,264
111000220,541,510,31
111000221,194,24,170
111000224,17,149,-132
111000225,436,425,11
111000226,181,4,177
111000227,34,2,32
111000228,24,765,-741
111000229,35,1815,-1780
111000230,183,77,106
111000231,966,150,816
111000232,1027,1109,-82
111000233,2704,275,2429
111000234,337,507,-170
111000239,50,18,32
111000240,65,616,-551
111000241,70,85,-15
111000242,468,27,441
111000243,231,216,15
111000244,1858,179,1679
111000245,620,370,250
111000246,862,103,759
111000247,785,313,472
111000248,782,126,656
111000249,550,126,424
111000250,59,9,50
111000251,81,31,50
111000253,24,9,15
111000255,98,2,96
111000257,70,6,64
111000260,59,489,-430
111000261,2571,63,2508
111000271,49,213,-164
111000273,1619,666,953
111000274,1298,2840,-1542
111000275,232,15,217
111000276,201,437,-236
111000277,349,154,195
111000278,406,124,282
111000291,2021,15592,-13571
111000298,492,107,385
111000299,930,68,862
111000300,74,299,-225
111000302,427,30,397
111000303,149,101,48
111000312,79,22,57
111000315,2,38,-36
111000320,233,81,152
111000321,540,108,432
111000322,849,149,700
111000323,573,68,505
111000324,169,52,117
111000325,60,54,6
111000326,344,453,-109
111000327,244,195,49
111000328,600,558,42
111000329,1,24,-23
111000330,409,8,401
111000331,77,9,68
111000332,792,771,21
111000334,134,747,-613
111000335,1692,385,1307
111000337,3129,133,2996
111000338,193,20,173
111000339,1261,43,1218
111000340,84,895,-811
111000341,2696,1598,1098
111000342,75,539,-464
111000344,1532,248,1284
111000345,62,96,-34
111000346,41,124,-83
111000347,325,4,321
111000350,220,102,118
111000351,118,246,-128
111000352,183,63,120
111000353,200,114,86
111000354,674,109,565
111000355,468,234,234
111000358,133,321,-188
111000360,229,117,112
111000361,289,80,209
111000546,1644,368,1276
111000547,699,304,395
111000548,354,129,225
111000549,375,76,299
111000550,16,1533,-1517
111000551,170,41,129
111000552,451,131,320
111000907,3086,15,3071
111000908,69,4,65
111000916,3875,216,3659
111000917,53,359,-306
111000918,202,238,-36
111000920,1377,6,1371
111000921,2,69,-67
111000922,1810,56,1754
111000924,31,308,-277
111000925,6120,2238,3882
111000926,1288,2210,-922
111000927,1958,5077,-3119
111000928,3484,1355,2129
111000929,2089,688,1401
111000930,1436,2277,-841
111000931,2102,846,1256
111000932,1924,886,1038
111000933,2507,2760,-253
111000934,1081,769,312
111000935,3662,900,2762
111000936,991,630,361
111000937,1660,1112,548
111000938,1361,797,564
111000939,1382,32,1350
111000940,1556,24,1532
111000941,648,146,502
111000943,898,113,785
111000944,242,86,156
111000945,392,763,-371
111001109,632,1103,-471
111001110,178,186,-8
111001111,294,3,291
111001112,109,1,108
111001113,1,235,-234
111001114,611,92,519
111001115,8,851,-843
111001116,1956,8324,-6368
111001117,203,3707,-3504
111001120,109,90,19
111001121,166,50,116
111001122,481,94,387
111001123,803,83,720
111001124,199,63,136
111001125,10,930,-920
111001126,10,0,10
111001127,0,34,-34
111001128,2499,410,2089
111900001,1,17,-16
111900002,0,72,-72
111900003,0,90,-90
111900004,2,46,-44
111900006,62,103,-41
111900007,494,1,493
111900008,608,1,607
111900009,571,0,571
111900010,15,100,-85
111900012,13,32,-19
111900013,68,6,62
111900014,902,9193,-8291
111900015,0,10,-10
111900016,0,35,-35
111900017,0,6,-6
111900018,265,3,262
111900019,0,94,-94
111900020,2,16,-14
111900021,15,24,-9
111900022,8,6,2
111900023,66,32,34
111900024,243,186,57
111900025,0,66,-66
111900026,0,58,-58
111900027,3,43,-40
111900028,0,31,-31
111900029,1,29,-28
111900030,14,118,-104
111900031,46,65,-19
111900032,0,54,-54
111900033,6,21,-15
111900034,17,110,-93
111900035,92,1162,-1070
111900036,0,42,-42
111900038,28,121,-93
111900039,10,141,-131
111900040,1,95,-94
111900042,4,20,-16
111900043,0,75,-75
111900044,23,80,-57
111900046,3,23,-20
111900048,793,94,699
111900049,0,48,-48
111900050,337,23,314
111900051,0,62,-62
111900052,94,51,43
111900053,456,3409,-2953
111900054,645,5,640
111900055,1,62,-61
111900056,168,296,-128
111900057,261,17,244
111900058,1350,271,1079
111900059,714,1010,-296
111900060,419,4,415
111900061,2,14,-12
111900062,87,225,-138
111900063,520,82,438
111900064,9,34,-25
111900065,290,39,251
111900066,151,131,20
111900067,3,97,-94
111900068,50,185,-135
111900069,128,15,113
111900070,345,17,328
111900071,0,37,-37
111900072,62,98,-36
111900073,1819,205,1614
111900074,1,53,-52
111900075,79,18,61
111900076,717,74,643
111900077,42,6,36
111900078,702,96,606
111900079,34,85,-51
111900080,80,68,12
111900082,354,68,286
111900083,498,72,426
111900084,309,8,301
111900085,40,31,9
111900086,280,18,262
111900087,269,5,264
111900088,1244,36,1208
111900089,153,4,149
111900090,49,186,-137
111900091,1371,22,1349
111900092,327,1,326
111900093,949,33,916
111900094,157,1,156
111900095,844,36,808
111900096,386,9,377
111900097,184,0,184
111900098,727,16,711
111900099,106,0,106
111900100,211,4,207
111900101,448,3,445
111900102,1364,468,896
111900103,73,52,21
111900104,96,12,84
111900105,107,268,-161
111900106,194,11,183
111900110,1935,142,1793
111900111,400,26,374
111900112,157,7246,-7089
111900113,207,75,132
111900118,864,49,815
111900119,241,68,173
111900122,37,35,2
111900123,11,12,-1
111900124,52,15,37
111900125,1206,78,1128
111900126,944,1,943
111900127,0,68,-68
111900128,21,128,-107
111900129,539,50,489
111900130,73,21,52
111900131,957,2,955
111900132,4,206,-202
111900133,2,151,-149
111900134,1,50,-49
111900135,4,10,-6
111900136,24,94,-70
111900137,31,4,27
111900138,6,25,-19
111900139,1,22,-21
111900140,126,23,103
111900141,135,1,134
111900142,91,0,91
111900143,97,58,39
111900144,0,26,-26
111900145,1,103,-102
111900146,0,67,-67
111900147,17,159,-142
111900148,13,258,-245
111900149,4,81,-77
111900150,3,29,-26
111900151,0,21,-21
111900152,63,47,16
111900153,346,599,-253
111900154,24,1322,-1298
111900155,91,305,-214
111900156,131,48,83
111900157,259,28,231
111900158,851,95,756
111900159,765,109,656
111900160,622,3,619
111900161,699,3,696
111900162,173,690,-517
111900163,8,72,-64
111900164,184,36,148
111901113,1749,27,1722
111901114,507,417,90
111901115,509,1,508
111901116,149,0,149
111901117,26,98,-72
111901118,17,942,-925
111901119,176,16,160
111901121,10,53,-43
111901122,1,67,-66
111901123,622,48,574
111901124,567,3,564
111901125,1964,186,1778
111901127,925,1957,-1032
111901128,9,14,-5
111901129,0,55,-55
111901130,3,513,-510
111901131,1,137,-136
111901132,169,57,112
111901133,176,0,176
111901134,480,1,479
111901135,77,5,72
111901136,3,11,-8
111901138,10,16,-6
111901139,1,22,-21
111901140,2,23,-21
111901141,3,41,-38
111901142,3,52,-49
111901143,0,19,-19
111901144,64,27,37
111901145,29,510,-481
111901146,22,1,21
111901147,181,1119,-938
111901148,1,163,-162
111901149,51,5,46
111901150,215,0,215
111901151,371,0,371
112000001,3181,709,2472
112000002,887,2048,-1161
112000003,5099,927,4172
112000004,1520,281,1239
112000005,4805,5157,-352
112000006,614,389,225
112000007,5308,3342,1966
112000008,3818,3702,116
112000009,2564,877,1687
112000010,4205,4703,-498
112000011,1475,640,835
112000012,2770,4400,-1630
112000013,1114,1290,-176
112000014,659,3229,-2570
112000015,1009,2572,-1563
112000016,1733,2865,-1132
112000017,348,3776,-3428
112000024,285,159,126
112000026,1445,778,667
112000027,583,536,47
112000028,470,665,-195
112000029,731,618,113
112000030,103,10,93
112000031,952,3158,-2206
112000032,84,8,76
112000033,1318,3861,-2543
112000034,66,13,53
112000035,26,746,-720
112000036,110,1180,-1070
112000037,481,1431,-950
112000038,868,1205,-337
112000039,159,23,136
112000040,37,159,-122
112000041,160,84,76
112000042,428,84,344
112000050,1251,553,698
112000051,1061,2429,-1368
112000054,1174,993,181
112000057,773,94,679
112000058,193,168,25
112000059,497,315,182
112000061,1706,345,1361
112000062,339,819,-480
112000063,143,3435,-3292
112000064,1509,1206,303
112000065,625,638,-13
112000066,2801,1159,1642
112000067,338,257,81
112000068,3180,2058,1122
112000069,444,929,-485
112000070,1201,764,437
112000071,985,1074,-89
112000072,3709,434,3275
112000073,1015,1698,-683
112000074,985,937,48
112000075,1453,1173,280
112000076,2744,1583,1161
112000077,1314,344,970
112000078,2572,527,2045
112000079,2324,1029,1295
112000080,977,389,588
112000081,637,493,144
112000082,1342,280,1062
112000083,971,555,416
112000084,1162,237,925
112000085,1865,278,1587
112000086,2390,401,1989
112000087,1151,121,1030
112000088,1578,199,1379
112000089,292,540,-248
112000090,286,127,159
112000091,615,172,443
112000092,2584,310,2274
112000093,1479,255,1224
112000094,753,362,391
112000095,964,204,760
112000096,1034,520,514
112000097,3815,388,3427
112000098,246,306,-60
112000099,945,2662,-1717
112000100,3209,361,2848
112000101,660,265,395
112000102,3101,259,2842
112000103,514,215,299
112000105,579,288,291
112000106,5413,242,5171
112000107,461,97,364
112000108,1889,471,1418
112000109,867,66,801
112000110,3371,492,2879
112000111,425,770,-345
112000112,2551,172,2379
112000113,932,879,53
112000114,3088,505,2583
112000115,387,173,214
112000116,837,238,599
112000117,1225,337,888
112000118,455,386,69
112000119,348,260,88
112000120,46,84,-38
112000121,439,108,331
112000122,854,53,801
112000123,1258,53,1205
112000124,802,68,734
112000125,423,279,144
112000126,1520,127,1393
112000127,1920,1722,198
112000128,654,356,298
112000129,196,35,161
112000130,522,56,466
112000131,45,96,-51
112000132,339,97,242
112000133,866,57,809
112000134,635,145,490
112000135,1621,1153,468
112000136,980,1973,-993
112000137,1719,1029,690
112000138,1253,439,814
112000139,581,470,111
112000140,136,313,-177
112000141,1475,220,1255
112000142,233,175,58
112000143,2051,117,1934
112000144,323,334,-11
112000145,3722,258,3464
112000146,539,518,21
112000147,3125,1120,2005
112000148,744,428,316
112000149,701,335,366
112000150,921,162,759
112000151,504,60,444
112000152,1010,142,868
112000153,181,69,112
112000154,192,598,-406
112000155,128,87,41
112000157,305,735,-430
112000158,368,95,273
112000159,1397,107,1290
112000167,359,272,87
112000169,156,1073,-917
112000173,1640,81,1559
112000175,899,176,723
112000176,470,790,-320
112000177,1565,414,1151
112000178,43,105,-62
112000179,441,37,404
112000180,909,139,770
112000181,799,318,481
112000182,2780,237,2543
112000183,49,21,28
112000184,473,178,295
112000185,1479,99,1380
112000187,3939,2567,1372
112000195,293,11,282
112000196,128,0,128
112000197,40,68,-28
112000198,46,89,-43
112000199,397,301,96
112000202,1264,7,1257
112000216,54,92,-38
112000230,234,5,229
112000231,2,59,-57
112000256,61,342,-281
112000313,183,9,174
112000314,58,78,-20
112000337,131,485,-354
112000352,72,249,-177
112000392,1709,416,1293
112000398,2466,416,2050
112000399,1064,5378,-4314
112000400,790,663,127
112000401,793,895,-102
112000402,4042,4060,-18
112000403,1076,8446,-7370
112000404,2404,1528,876
112000405,3829,3184,645
112000406,2187,889,1298
112000407,10134,6196,3938
112000408,3392,1102,2290
112000409,1286,912,374
112000410,157,272,-115
112000411,989,1743,-754
112000412,208,127,81
112000413,2187,7258,-5071
112000414,290,26,264
112000415,173,8,165
112000416,5525,751,4774
112000417,277,66,211
112000421,161,23,138
112000422,280,104,176
112000424,722,3690,-2968
112000425,471,164,307
112000426,730,656,74
112000427,8,15,-7
112000428,508,408,100
112000429,1831,1230,601
112000430,2209,2667,-458
112000431,192,171,21
112000432,637,311,326
112000433,228,205,23
112000437,34,53,-19
112900001,93,3,90
112900002,1030,116,914
112900003,133,44,89
112900004,77,97,-20
112900005,601,47,554
112900006,40,47,-7
112900007,61,13,48
112900008,0,80,-80
112900009,518,253,265
112900010,530,195,335
112900011,61,130,-69
112900012,0,7,-7
112900013,0,117,-117
112900014,4,18,-14
112900015,54,134,-80
112900016,0,51,-51
112900017,55,63,-8
112900018,417,93,324
112900019,16,122,-106
112900020,135,231,-96
112900021,2,52,-50
112900022,13,28,-15
112900023,0,23,-23
112900024,3,44,-41
112900025,59,50,9
112900026,1,39,-38
112900027,2,183,-181
112900028,12,38,-26
112900029,1,80,-79
112900030,48,48,0
112900031,6,156,-150
112900032,179,56,123
112900034,1,11,-10
112900035,1,44,-43
112900036,5,26,-21
112900037,196,227,-31
112900038,1015,37,978
112900039,0,122,-122
112900040,1,173,-172
112900041,328,750,-422
112900042,91,50,41
112900043,29,27,2
112900044,123,75,48
112900045,75,89,-14
112900046,31,46,-15
112900047,5,8,-3
112900049,714,25,689
112900050,14,179,-165
112900051,92,110,-18
112900052,22,236,-214
112900053,91,179,-88
112900054,99,59,40
112900055,34,14,20
112900056,186,132,54
112900057,61,166,-105
112900058,257,456,-199
112900059,81,184,-103
112900060,40,47,-7
112900061,30,64,-34
112900062,80,22,58
112900063,17,19,-2
112900064,21,38,-17
112900065,27,7,20
112900066,179,294,-115
112900067,203,44,159
112900068,32,132,-100
112900069,688,1405,-717
112900071,60,25,35
112900072,51,6918,-6867
112900073,549,297,252
112900074,198,519,-321
112900075,443,1852,-1409
112900076,9,59,-50
112900078,187,846,-659
112900079,201,39,162
112900080,254,0,254
112900081,48,575,-527
112900082,666,22,644
112900083,213,253,-40
112900084,527,394,133
112900086,276,0,276
112900087,2329,167,2162
112900088,425,20,405
112900089,1059,17,1042
112900090,115,121,-6
112900091,537,11,526
112900092,47,845,-798
112900093,1370,33,1337
112900095,276,0,276
112900096,786,166,620
112900097,106,80,26
112900098,151,2,149
112900099,1841,13,1828
112900100,186,5,181
112900101,527,12,515
112900102,75,24,51
112900103,401,8,393
112900104,656,2,654
112900105,86,0,86
112900106,587,120,467
112900107,5,0,5
112900108,2,5,-3
112900109,226,1,225
112900110,2231,21,2210
112900111,1113,6,1107
112900112,474,1,473
112900113,0,6,-6
112900114,561,2,559
112900115,3032,3,3029
112900116,113,17,96
112900117,87,12,75
112900118,3,12,-9
112900119,507,3,504
112900120,311,133,178
112900121,51,29,22
112900122,1,22,-21
112900123,490,35,455
112900124,4,24,-20
112900125,7,119,-112
112900126,37,43,-6
112900127,738,37,701
112900128,35,127,-92
112900129,1,234,-233
112900130,229,45,184
112900131,30,58,-28
112900132,57,367,-310
112900133,7,771,-764
112900134,0,91,-91
112900135,85,30,55
112900137,0,152,-152
112900138,3,28,-25
112900139,40,265,-225
112900141,973,5,968
112900142,57,424,-367
112900143,9,221,-212
112900144,1,307,-306
112900145,10,163,-153
112900146,0,153,-153
112900147,1,284,-283
112900148,31,2,29
112900149,254,228,26
112900151,3,26,-23
112900152,1867,199,1668
112900153,169,4956,-4787
112900154,0,32,-32
112900155,162,7,155
112900156,741,235,506
112900157,973,28,945
112900158,53,8,45
112900159,121,425,-304
112900160,24,85,-61
112900161,257,12,245
112900162,2,19,-17
112900163,15,57,-42
112900164,24,152,-128
112900165,18,21,-3
112900166,9,43,-34
112900167,5,487,-482
112900168,20,5,15
112900169,4,9,-5
112900170,149,18,131
112900172,8,24,-16
112900173,95,54,41
112900174,402,36,366
112900175,110,181,-71
112900176,14,54,-40
112900177,306,63,243
112900178,318,3742,-3424
112900179,5,250,-245
112900180,2059,633,1426
112900181,1332,11,1321
112900182,47,166,-119
112900183,38,120,-82
112900184,165,173,-8
112900185,27,174,-147
112900186,556,461,95
112900187,20,258,-238
112900188,372,1141,-769
112900189,6,0,6
112900190,4,4,0
112900192,329,338,-9
112900193,658,182,476
112900194,64,6,58
112900195,594,28,566
112900196,339,125,214
112900197,29,141,-112
112900199,973,123,850
112900200,546,33,513
112900201,226,191,35
112900202,723,272,451
112900203,366,58,308
112900204,223,131,92
112900205,16,0,16
112900206,55,9,46
112900207,10,1,9
112900208,50,994,-944
112900209,65,91,-26
112900210,1,8,-7
112900211,65,1,64
112900212,1,26,-25
112900213,42,27,15
112900214,4,10,-6
112900215,3,14,-11
112900216,20,10,10
112900217,3,17,-14
112900218,123,7,116
112900219,212,4,208
112900220,2,0,2
112900221,30,53,-23
112900222,0,279,-279
112900223,922,23,899
112900224,1250,93,1157
112900225,889,75,814
112900226,58,151,-93
112900227,1153,117,1036
112900228,166,23,143
112900229,631,24,607
112900230,4668,2026,2642
112900232,247,283,-36
112900233,96,34,62
112900234,97,2,95
112900235,3,4,-1
112900236,1337,17,1320
112900237,981,92,889
112900238,5,0,5
112900239,279,814,-535
112900240,11,24,-13
112900241,13,23,-10
112900242,10,27,-17
112900243,12,40,-28
112900244,7,32,-25
112900245,1,18,-17
112900246,0,5,-5
112900247,70,95,-25
112900248,2,0,2
112900249,30,0,30
112900250,240,3,237
112900251,396,7,389
112900252,414,17,397
112900253,204,5,199
112900254,44,9,35
112900255,27,24,3
112900256,1,42,-41
112900257,9,33,-24
112900258,78,1,77
113000001,4999,3493,1506
113000002,6405,2718,3687
113000003,1692,1140,552
113000004,2583,1134,1449
113000005,1936,917,1019
113000006,1812,946,866
113000007,2483,782,1701
113000008,2333,1000,1333
113000009,1535,463,1072
113000010,2176,634,1542
113000011,1009,610,399
113000012,1280,580,700
113000013,533,419,114
113000014,769,1094,-325
113000015,90,107,-17
113000016,279,518,-239
113000017,21,290,-269
113000018,567,25,542
113000019,109,246,-137
113000020,162,38,124
113000021,2210,621,1589
113000022,949,2237,-1288
113000025,60,208,-148
113000026,732,445,287
113000027,743,642,101
113000028,334,817,-483
113000029,514,550,-36
113000030,120,416,-296
113000031,154,133,21
113000032,147,146,1
113000033,138,118,20
113000034,165,41,124
113000035,16,4,12
113000036,9,18,-9
113000037,37,14,23
113000038,2,51,-49
113000039,18,197,-179
113000040,51,42,9
113000042,880,374,506
113000051,2026,2528,-502
113000052,2228,245,1983
113000053,803,234,569
113000054,791,587,204
113000055,2488,257,2231
113000056,2597,615,1982
113000058,324,689,-365
113000059,820,168,652
113000060,353,526,-173
113000061,702,750,-48
113000062,297,307,-10
113000063,460,33,427
113000064,154,139,15
113000065,224,239,-15
113000066,1319,85,1234
113000067,3797,278,3519
113000068,503,352,151
113000069,655,281,374
113000070,3325,289,3036
113000071,613,206,407
113000072,1530,214,1316
113000073,401,422,-21
113000074,901,465,436
113000075,1633,500,1133
113000076,368,1796,-1428
113000077,503,465,38
113000078,265,929,-664
113000079,342,502,-160
113000080,492,523,-31
113000081,901,970,-69
113000082,687,315,372
113000083,667,740,-73
113000084,1104,670,434
113000085,995,682,313
113000086,616,987,-371
113000087,1253,1334,-81
113000088,952,887,65
113000089,873,1264,-391
113000090,71,844,-773
113000091,104,237,-133
113000094,1800,156,1644
113000095,251,187,64
113000096,112,297,-185
113000097,1040,323,717
113000098,53,67,-14
113000099,1164,374,790
113000100,77,255,-178
113000101,106,284,-178
113000102,625,311,314
113000103,3132,210,2922
113000104,663,2268,-1605
113000105,1118,328,790
113000106,562,180,382
113000107,1545,717,828
113000108,1197,527,670
113000109,491,856,-365
113000110,5845,670,5175
113000111,431,314,117
113000112,1456,236,1220
113000113,2083,207,1876
113000114,165,507,-342
113000116,360,115,245
113000117,431,40,391
113000118,57,659,-602
113000119,230,180,50
113000120,59,323,-264
113000121,375,444,-69
113000124,264,118,146
113000125,9,1314,-1305
113000127,808,79,729
113000128,1275,85,1190
113000129,226,559,-333
113000133,1483,183,1300
113000134,3,1789,-1786
113000135,4069,3870,199
113000137,647,2129,-1482
113000139,190,36,154
113000140,61,38,23
113000141,54,29,25
113000142,114,168,-54
113000143,263,127,136
113000144,168,176,-8
113000145,99,94,5
113000146,65,7,58
113000147,224,42,182
113000148,249,43,206
113000149,161,85,76
113000150,355,157,198
113000151,32,27,5
113000152,47,174,-127
113000153,619,157,462
113000154,296,1696,-1400
113000155,282,735,-453
113000156,141,92,49
113000157,178,84,94
113000158,401,56,345
113000159,901,162,739
113000160,365,149,216
113000161,268,60,208
113000162,863,51,812
113000163,68,25,43
113000164,36,46,-10
113000166,417,26,391
113000167,84,42,42
113000168,233,46,187
113000169,387,40,347
113000170,67,55,12
113000171,24,50,-26
113000172,351,8,343
113000173,147,11,136
113000174,162,84,78
113000175,600,28,572
113000176,783,40,743
113000177,159,49,110
113000178,192,109,83
113000179,370,21,349
113000180,772,1603,-831
113000181,1994,877,1117
113000182,74,560,-486
113000183,192,617,-425
113000184,27,117,-90
113000189,184,253,-69
113000190,235,131,104
113000192,423,3182,-2759
113000193,1032,2399,-1367
113000194,993,2327,-1334
113000195,1046,1682,-636
113000196,620,65,555
113000197,967,2575,-1608
113000198,135,393,-258
113000199,1854,260,1594
113000201,894,281,613
113000202,8186,1734,6452
113000203,140,652,-512
113000204,453,3718,-3265
113000205,11,5,6
113000206,11,23,-12
113000207,66,10,56
113000208,20,34,-14
113000209,13,16,-3
113000210,6,16,-10
113000211,64,105,-41
113000212,19,16,3
113000213,39,91,-52
113000214,268,222,46
113000234,203,261,-58
113000410,23,129,-106
113000411,807,840,-33
113000412,4621,755,3866
113000413,707,1176,-469
113000414,3119,12098,-8979
113000415,1404,794,610
113000416,1091,1117,-26
113000417,451,681,-230
113000418,4506,2554,1952
113000419,907,825,82
113000420,2118,4166,-2048
113000421,4006,4841,-835
113000422,5497,7072,-1575
113000423,706,2858,-2152
113000424,883,7401,-6518
113000425,10,96,-86
113000428,1,3,-2
113000430,0,35,-35
113000432,3693,146,3547
113000433,31,328,-297
113000434,5,74,-69
113000435,9,97,-88
113000436,29,561,-532
113000437,2032,28,2004
113000438,665,11,654
113000439,41,29,12
113000440,286,13,273
113000441,270,137,133
113000442,318,33,285
113000443,582,61,521
113000444,940,15,925
113000445,98,52,46
113000446,80,196,-116
113000448,359,445,-86
113000449,164,1276,-1112
113000450,665,4847,-4182
113000451,3424,796,2628
113000452,57,845,-788
113000453,34,683,-649
113000454,191,163,28
113000455,10,809,-799
113000456,622,1061,-439
113000468,418,61,357
113000469,41,134,-93
113000470,293,16,277
113000471,10,426,-416
113000472,60,142,-82
113000474,1567,633,934
113000475,1249,455,794
113000476,3738,1639,2099
113000477,4341,1570,2771
113000478,2045,1971,74
113000479,197,149,48
113000485,0,0,0
113000486,0,0,0
113000487,0,0,0
113000488,0,0,0
113000489,0,0,0
113000490,0,0,0
113000491,0,0,0
113000492,0,0,0
113000495,309,124,185
113000496,112,103,9
113000497,0,0,0
113000499,0,0,0
113900001,14,2438,-2424
113900002,8,92,-84
113900003,0,181,-181
113900004,4,307,-303
113900005,6,536,-530
113900006,4,184,-180
113900007,0,0,0
113900008,0,0,0
113900009,0,0,0
113900010,0,0,0
113900011,0,0,0
113900012,360,0,360
113900013,103,4,99
113900014,835,1,834
113900015,0,1,-1
113900016,27,0,27
113900017,0,13,-13
113900018,59,212,-153
113900019,437,9,428
113900020,320,1,319
113900022,130,3,127
113900023,115,0,115
113900024,12,6,6
113900025,208,19,189
113900026,116,0,116
113900027,19,11,8
113900028,5,140,-135
113900029,117,15,102
113900030,878,1,877
113900031,80,5,75
113900032,74,0,74
113900033,87,11,76
113900035,68,1,67
113900036,49,19,30
113900037,123,761,-638
113900038,31,194,-163
113900039,303,22,281
113900040,9,38,-29
113900041,35,0,35
113900042,81,13,68
113900043,116,13,103
113900044,90,153,-63
113900045,88,16,72
113900046,120,355,-235
113900047,228,21,207
113900048,118,68,50
113900049,85,576,-491
113900050,147,133,14
113900051,258,37,221
113900052,36,80,-44
113900053,179,987,-808
113900054,22,16,6
113900055,91,251,-160
113900056,48,11,37
113900057,8,11,-3
113900058,74,10,64
113900059,285,79,206
113900060,50,599,-549
113900061,250,43,207
113900062,113,14,99
113900063,124,11,113
113900064,14,24,-10
113900065,595,13,582
113900066,1111,55,1056
113900067,527,76,451
113900068,226,1051,-825
113900069,32,41,-9
113900070,50,80,-30
113900071,193,18,175
113900072,19,26,-7
113900073,854,133,721
113900074,436,148,288
113900075,445,2555,-2110
113900076,106,5,101
113900077,22,16,6
113900078,63,1,62
113900079,0,11,-11
113900080,411,64,347
113900081,131,49,82
113900082,197,183,14
113900083,713,79,634
113900084,196,39,157
113900085,9,98,-89
113900086,101,18,83
113900087,90,74,16
113900088,95,102,-7
113900089,462,11,451
113900090,280,124,156
113900091,2,6,-4
113900092,6,59,-53
113900093,31,1821,-1790
113900094,827,194,633
113900095,135,60,75
113900096,279,83,196
113900097,26,55,-29
113900098,975,207,768
113900099,0,18,-18
113900100,0,1,-1
113900101,8,81,-73
113900102,45,89,-44
113900103,145,363,-218
113900104,130,120,10
113900105,513,23,490
113900106,0,19,-19
113900107,0,0,0
113900108,58,127,-69
113900109,106,273,-167
113900110,18,27,-9
113900111,276,29,247
113900112,344,31,313
113900113,1015,203,812
113900114,0,11,-11
113900115,0,19,-19
113900116,13,176,-163
113900117,20,15,5
113900118,83,1056,-973
113900119,44,175,-131
113900120,110,5,105
113900121,169,17,152
113900122,73,4735,-4662
113900123,529,50,479
113900124,1,38,-37
113900125,470,101,369
113900126,58,77,-19
113900127,288,517,-229
113900128,246,18,228
113900129,17,71,-54
113900130,2,24,-22
113900131,175,5,170
113900132,29,58,-29
113900133,21,17,4
113900135,315,136,179
113900136,41,16,25
113900137,246,111,135
113900138,5,76,-71
113900139,300,488,-188
113900140,12,76,-64
113900141,830,83,747
113900142,132,15,117
113900143,0,73,-73
113900144,31,39,-8
113900145,374,55,319
113900146,267,43,224
113900148,17,81,-64
113900149,110,196,-86
113900150,229,91,138
113900151,462,81,381
113900152,53,16,37
113900153,47,72,-25
113900154,1,59,-58
113900155,24,133,-109
113900156,185,142,43
113900157,35,291,-256
113900158,50,95,-45
113900159,3,169,-166
113900160,203,396,-193
113900161,176,211,-35
113900162,48,129,-81
113900163,259,37,222
113900164,409,13,396
113900165,304,224,80
113900166,7,18,-11
113900167,374,19,355
113900168,40,19,21
113900169,119,132,-13
113900171,282,17,265
113900172,17,37,-20
113900173,4,114,-110
113900174,221,232,-11
113900175,225,102,123
113900176,190,127,63
113900177,84,57,27
113900178,169,134,35
113900179,1,89,-88
113900180,45,20,25
113900181,1103,73,1030
113900182,404,153,251
113900183,32,23,9
113900184,24,112,-88
113900185,30,22,8
113900186,9,12,-3
113900187,16,52,-36
113900188,12,18,-6
113900189,284,142,142
113900190,105,25,80
113900191,18,35,-17
113900192,2,377,-375
113900193,1,58,-57
113900194,535,125,410
113900195,222,144,78
113900196,0,15,-15
113900197,0,28,-28
113900198,0,159,-159
113900199,30,96,-66
113900200,5,23,-18
113900201,0,42,-42
113900202,5,9,-4
113900203,0,34,-34
113900204,3,73,-70
113900205,2,18,-16
113900206,1,51,-50
113900207,1,21,-20
113900208,0,6,-6
113900209,0,4,-4
113900210,265,623,-358
113900211,164,22,142
113900212,348,143,205
113900214,111,123,-12
113900215,133,63,70
113900216,199,172,27
113900217,194,80,114
113900218,69,35,34
113900219,88,213,-125
113900220,96,159,-63
113900221,139,679,-540
113900222,40,580,-540
113900223,412,121,291
113900224,42,33,9
113900225,515,67,448
113900226,180,114,66
113900227,210,136,74
113900228,196,409,-213
113900229,16,831,-815
113900230,909,2549,-1640
113900231,74,14,60
113900232,110,11,99
113900233,109,19,90
113900234,317,483,-166
113900235,122,17,105
113900236,488,85,403
113900237,209,3,206
113900238,72,336,-264
113900239,32,65,-33
113900240,2,106,-104
113900241,27,43,-16
113900242,10,68,-58
113900243,5,64,-59
113900244,122,98,24
113900245,212,88,124
113900246,15,20,-5
113900247,32,490,-458
113900248,1199,1870,-671
113900249,182,680,-498
113900250,16,401,-385
113900251,1351,26,1325
113900252,1043,19,1024
113900253,646,28,618
113900254,414,109,305
113900255,1189,18,1171
113900256,565,6,559
113900257,11,211,-200
113900258,17,107,-90
113900259,844,66,778
113900260,311,6,305
113900261,63,54,9
113900262,182,121,61
113900263,9,80,-71
113900264,0,92,-92
113900265,103,945,-842
113900266,10,92,-82
113900267,16,290,-274
113900268,61,751,-690
113900269,69,96,-27
113900270,166,245,-79
113900271,383,208,175
113900273,5,12,-7
113900274,39,67,-28
113900275,0,51,-51
113900276,12,34,-22
113900277,355,1,354
113900278,100,42,58
113900279,35,20,15
113900280,518,244,274
113900281,28,558,-530
113900282,81,119,-38
113900283,377,324,53
113900284,1545,151,1394
113900285,60,22,38
113900286,16,12,4
113900287,136,6,130
113900288,2,75,-73
113900289,135,163,-28
113900290,443,824,-381
113900291,53,44,9
113900292,0,7,-7
113900293,0,70,-70
113900294,981,10,971
113900295,299,88,211
113900296,633,160,473
113900297,2167,32,2135
113900298,41,750,-709
113900299,165,9,156
113900300,2725,4308,-1583
113900301,109,803,-694
113900302,1371,808,563
113900303,112,1537,-1425
113900304,0,91,-91
113900305,243,1,242
113900306,150,0,150
113900307,18,0,18
113900308,12,24,-12
113900309,9,171,-162
113900310,0,2,-2
113900311,16,1,15
113900312,29,137,-108
113900313,1,1,0
113900314,3,1,2
113900315,451,2,449
114000001,850,713,137
114000002,469,174,295
114000003,595,321,274
114000004,984,132,852
114000005,879,72,807
114000006,1426,551,875
114000007,1050,460,590
114000008,2189,1226,963
114000009,1901,246,1655
114000011,3107,1142,1965
114000012,5191,1072,4119
114000013,3051,914,2137
114000014,1151,166,985
114000015,2897,119,2778
114000016,738,48,690
114000017,99,1428,-1329
114000018,97,11,86
114000026,4303,633,3670
114000027,6078,2177,3901
114000028,1837,3734,-1897
114000038,561,81,480
114000039,131,31,100
114000040,148,484,-336
114000042,183,117,66
114000043,240,203,37
114000044,673,35,638
114000045,35,11,24
114000046,1474,2753,-1279
114000047,15,93,-78
114000048,206,78,128
114000049,2511,874,1637
114000050,2031,743,1288
114000051,3464,1374,2090
114000052,3651,2991,660
114000053,35,653,-618
114000054,306,575,-269
114000055,537,55,482
114000056,137,502,-365
114000057,2356,1074,1282
114000058,51,931,-880
114000059,26,1375,-1349
114000060,731,942,-211
114000061,1766,2471,-705
114000062,219,756,-537
114000063,943,858,85
114000064,1126,4395,-3269
114000065,970,1095,-125
114000066,828,542,286
114000067,28,1874,-1846
114000068,341,849,-508
114000069,1225,298,927
114000070,1631,839,792
114000071,1086,307,779
114000072,1743,171,1572
114000073,47,17,30
114000074,176,6,170
114000075,73,14,59
114000076,52,36,16
114000077,6,5,1
114000078,774,311,463
114000079,546,62,484
114000080,89,80,9
114000081,151,107,44
114000082,221,143,78
114000083,87,18,69
114000084,320,103,217
114000085,92,135,-43
114000086,283,178,105
114000087,401,30,371
114000088,23,34,-11
114000089,395,170,225
114000090,804,808,-4
114000091,907,770,137
114000092,724,326,398
114000093,1894,303,1591
114000094,756,225,531
114000095,305,241,64
114000096,31,83,-52
114000097,61,105,-44
114000098,963,138,825
114000099,1547,141,1406
114000100,2437,308,2129
114000101,500,202,298
114000102,1442,226,1216
114000103,183,83,100
114000104,6,168,-162
114000105,469,176,293
114000106,605,3323,-2718
114000107,689,186,503
114000108,821,410,411
114000109,903,6401,-5498
114000110,852,366,486
114000111,3361,2343,1018
114000112,445,612,-167
114000113,4036,243,3793
114000114,388,486,-98
114000115,4654,365,4289
114000116,1073,6637,-5564
114000117,6666,534,6132
114000118,5770,227,5543
114000119,4978,289,4689
114000120,954,500,454
114000121,479,328,151
114000122,459,325,134
114000123,3666,262,3404
114000124,2657,222,2435
114000125,1297,888,409
114000126,2838,337,2501
114000127,260,81,179
114000128,1388,137,1251
114000130,748,339,409
114000131,623,50,573
114000132,1016,149,867
114000133,672,468,204
114000134,102,20,82
114000138,48,36,12
114000139,543,423,120
114000144,735,575,160
114000145,78,16,62
114000146,145,19,126
114000147,950,2706,-1756
114000148,629,2216,-1587
114000149,330,261,69
114000150,454,823,-369
114000151,551,4622,-4071
114000152,56,48,8
114000153,729,1643,-914
114000154,870,455,415
114000155,762,4324,-3562
114000156,655,569,86
114000157,546,1655,-1109
114000158,570,350,220
114000159,356,211,145
114000160,51,231,-180
114000161,913,1088,-175
114000162,1114,1807,-693
114000163,49,24,25
114000165,408,421,-13
114000166,349,199,150
114000167,1732,1804,-72
114000168,334,155,179
114000169,992,808,184
114000170,1197,661,536
114000171,1639,16409,-14770
114000174,117,440,-323
114000176,161,322,-161
114000177,447,244,203
114000178,177,100,77
114000179,725,1100,-375
114000180,128,196,-68
114000181,1113,8091,-6978
114000182,635,1958,-1323
114000183,521,533,-12
114000184,1679,298,1381
114000185,1440,586,854
114000189,2543,101,2442
114000190,4638,349,4289
114000191,258,742,-484
114000192,68,314,-246
114000193,145,537,-392
114000194,2322,597,1725
114000195,540,571,-31
114000196,1,112,-111
114000197,2973,21,2952
114000198,636,194,442
114000199,1156,1328,-172
114000200,632,549,83
114000201,352,502,-150
114000202,1076,482,594
114000203,1281,363,918
114000204,282,296,-14
114000205,481,2159,-1678
114000206,1160,772,388
114000207,351,380,-29
114000208,611,519,92
114000209,223,842,-619
114000210,143,411,-268
114000211,2078,836,1242
114000212,1063,1434,-371
114000213,2591,390,2201
114000214,310,37,273
114000215,173,58,115
114000216,2834,382,2452
114000217,605,197,408
114000218,647,222,425
114000219,2517,65,2452
114000220,30,273,-243
114000221,1847,89,1758
114000222,139,402,-263
114000223,1270,161,1109
114000224,49,275,-226
114000225,666,183,483
114000226,420,134,286
114000227,1289,510,779
114000228,1027,275,752
114000229,2476,672,1804
114000230,1774,406,1368
114000231,1010,1005,5
114000232,1622,194,1428
114000233,3766,65,3701
114000234,1351,489,862
114000235,2361,751,1610
114000236,0,108,-108
114000237,132,301,-169
114000238,179,392,-213
114000239,228,457,-229
114000240,1170,1927,-757
114000241,426,501,-75
114000242,922,609,313
114000243,3235,1033,2202
114000244,610,233,377
114000245,543,1343,-800
114000246,177,104,73
114000247,689,394,295
114000248,2682,470,2212
114000249,745,289,456
114000250,1082,171,911
114000251,355,91,264
114000252,101,21,80
114000253,98,53,45
114000254,71,8,63
114000255,476,152,324
114000256,308,629,-321
114000257,1056,834,222
114000258,1057,198,859
114000259,331,344,-13
114000260,0,42,-42
114000261,83,37,46
114000262,488,201,287
114000263,17,0,17
114000264,2287,183,2104
114000265,0,1,-1
114000267,8,3597,-3589
114000268,1,410,-409
114000270,504,14,490
114000271,322,69,253
114000283,2732,259,2473
114000285,15,114,-99
114000288,252,258,-6
114000289,3633,119,3514
114000293,486,432,54
114000294,329,409,-80
114000395,2955,6,2949
114000396,663,373,290
114000402,1297,116,1181
114000403,527,122,405
114000405,546,132,414
114000423,971,97,874
114000424,636,130,506
114000425,1867,61,1806
114000426,350,1062,-712
114000427,86,29,57
114000428,49,93,-44
114000429,12,113,-101
114000432,207,24,183
114000434,28,33,-5
114000435,0,8,-8
114900001,1072,177,895
114900002,318,342,-24
114900003,1030,177,853
114900004,184,596,-412
114900005,511,104,407
114900006,91,120,-29
114900007,156,4,152
114900008,497,99,398
114900010,724,2238,-1514
114900011,575,71,504
114900013,440,67,373
114900018,2628,56,2572
114900020,133,61,72
114900022,36,889,-853
114900025,722,50,672
114900026,188,80,108
114900029,345,15,330
114900030,381,71,310
114900031,1337,26,1311
114900032,1036,8,1028
114900034,26,19,7
114900035,43,184,-141
114900036,247,176,71
114900039,1085,118,967
114900040,174,6,168
114900041,2121,83,2038
114900042,2491,109,2382
114900044,233,99,134
114900047,125,6218,-6093
114900048,27,77,-50
114900049,13,59,-46
114900050,66,82,-16
114900051,18,125,-107
114900052,6,530,-524
114900053,51,271,-220
114900054,16,24,-8
114900057,244,9,235
114900058,0,13,-13
114900059,190,80,110
114900063,141,19,122
114900064,3225,88,3137
114900065,340,939,-599
114900067,50,175,-125
114900068,34,45,-11
114900069,203,19,184
114900070,884,62,822
114900072,1,75,-74
114900073,0,17,-17
114900074,1814,39,1775
114900075,307,4,303
114900076,1,66,-65
114900080,418,49,369
114900082,1008,2598,-1590
114900083,118,443,-325
114900090,825,77,748
114900091,70,52,18
114900097,368,0,368
114900098,4,91,-87
114900099,392,6,386
115000001,3898,1540,2358
115000002,4139,6656,-2517
115000003,3301,1085,2216
115000004,5047,5839,-792
115000005,1613,1788,-175
115000006,1671,1109,562
115000007,363,214,149
115000008,449,451,-2
115000009,476,196,280
115000010,323,256,67
115000013,55,179,-124
115000015,48,403,-355
115000016,28,127,-99
115000019,31,528,-497
115000020,65,1069,-1004
115000021,89,294,-205
115000022,172,123,49
115000023,358,505,-147
115000024,222,143,79
115000025,835,400,435
115000026,142,135,7
115000027,383,161,222
115000028,148,152,-4
115000029,1069,64,1005
115000030,475,277,198
115000031,618,68,550
115000032,12,161,-149
115000033,200,4,196
115000034,44,1230,-1186
115000035,753,155,598
115000036,0,182,-182
115000037,794,78,716
115000038,100,104,-4
115000039,2380,4688,-2308
115000040,3021,2866,155
115000041,1645,5141,-3496
115000042,498,583,-85
115000043,3720,2638,1082
115000044,2252,2524,-272
115000045,3313,529,2784
115000046,3999,2044,1955
115000047,3390,970,2420
115000048,3821,1695,2126
115000049,1450,2670,-1220
115000050,3261,857,2404
115000051,1602,5978,-4376
115000052,1255,836,419
115000053,2970,3237,-267
115000054,663,557,106
115000055,175,994,-819
115000056,214,333,-119
115000057,535,1243,-708
115000058,55,664,-609
115000059,108,275,-167
115000061,192,221,-29
115000062,292,440,-148
115000063,759,166,593
115000064,282,74,208
115000065,144,637,-493
115000067,368,11,357
115000069,130,285,-155
115000070,30,1005,-975
115000071,116,29,87
115000072,7,23,-16
115000073,1570,71,1499
115000075,120,43,77
115000076,1844,1069,775
115000077,2655,871,1784
115000078,2719,466,2253
115000079,2337,820,1517
115000080,5610,757,4853
115000081,248,303,-55
115000082,6497,4695,1802
115000083,3072,520,2552
115000084,4351,434,3917
115000085,1896,427,1469
115000086,1670,325,1345
115000087,477,1806,-1329
115000088,1378,427,951
115000089,1466,701,765
115000090,463,842,-379
115000091,338,271,67
115000092,1104,1509,-405
115000093,1375,1,1374
115000094,3677,10560,-6883
115000095,2753,9513,-6760
115000096,1381,607,774
115000097,3103,2244,859
115000098,2522,300,2222
115000099,3262,797,2465
115000100,2529,289,2240
115000101,745,427,318
115000102,738,218,520
115000103,292,260,32
115000105,77,42,35
115000106,1312,611,701
115000107,179,161,18
115000108,1403,1133,270
115000109,2552,6471,-3919
115000110,979,2673,-1694
115000111,213,383,-170
115000112,400,389,11
115000113,265,321,-56
115000114,487,229,258
115000116,1557,1413,144
115000117,1184,1919,-735
115000118,1569,1790,-221
115000119,1239,2684,-1445
115000120,593,707,-114
115000121,344,541,-197
115000122,358,1233,-875
115000123,670,967,-297
115000124,743,771,-28
115000125,328,670,-342
115000126,85,330,-245
115000127,364,102,262
115000128,375,838,-463
115000129,88,1174,-1086
115000130,306,306,0
115000131,1219,356,863
115000132,601,652,-51
115000133,1791,394,1397
115000134,537,594,-57
115000135,283,427,-144
115000136,233,149,84
115000137,93,266,-173
115000138,482,244,238
115000139,239,58,181
115000140,549,108,441
115000141,274,59,215
115000142,330,45,285
115000143,1123,436,687
115000144,625,56,569
115000145,310,77,233
115000146,515,337,178
115000147,312,732,-420
115000148,317,413,-96
115000149,882,258,624
115000150,666,229,437
115000151,1750,173,1577
115000152,1057,401,656
115000153,2028,258,1770
115000154,1226,113,1113
115000155,940,653,287
115000156,681,341,340
115000157,267,500,-233
115000158,78,201,-123
115000159,414,235,179
115000160,208,200,8
115000161,113,439,-326
115000162,405,1171,-766
115000163,381,362,19
115000164,239,341,-102
115000165,127,453,-326
115000167,82,62,20
115000168,569,404,165
115000169,224,635,-411
115000170,52,164,-112
115000171,246,261,-15
115000172,536,649,-113
115000173,233,1467,-1234
115000174,78,448,-370
115000175,170,189,-19
115000176,52,137,-85
115000177,28,205,-177
115000178,14,153,-139
115000179,12,177,-165
115000180,77,156,-79
115000181,1230,119,1111
115000182,1713,137,1576
115000183,532,291,241
115000186,571,94,477
115000187,160,130,30
115000188,453,261,192
115000189,427,382,45
115000190,490,562,-72
115000191,128,687,-559
115000194,244,46,198
115000195,128,103,25
115000196,490,150,340
115000197,350,149,201
115000198,739,136,603
115000199,955,80,875
115000200,637,72,565
115000201,486,164,322
115000206,614,13,601
115000207,887,218,669
115000208,278,514,-236
115000209,773,610,163
115000210,254,134,120
115000211,251,138,113
115000212,857,331,526
115000224,185,14,171
115000225,135,42,93
115000229,151,48,103
115000230,160,193,-33
115000231,428,381,47
115000232,4314,326,3988
115000233,162,95,67
115000234,68,156,-88
115000241,125,44,81
115000242,264,39,225
115000243,380,49,331
115000244,13,94,-81
115000246,52,27,25
115000247,47,24,23
115000248,47,7,40
115000249,6,31,-25
115000250,287,3,284
115000251,574,46,528
115000252,190,191,-1
115000253,8,527,-519
115000258,567,50,517
115000259,145,21,124
115000261,88,14,74
115000262,13,20,-7
115000263,26,72,-46
115000264,8,31,-23
115000267,54,39,15
115000268,33,37,-4
115000269,107,11,96
115000270,11,32,-21
115000272,113,60,53
115000273,891,9,882
115000280,834,255,579
115000281,155,1104,-949
115000282,474,1367,-893
115000284,92,303,-211
115000296,479,7,472
115000297,51,236,-185
115000298,72,601,-529
115000300,281,65,216
115000302,921,101,820
115000303,1607,34,1573
115000304,1357,72,1285
115000305,155,191,-36
115000306,436,175,261
115000307,295,291,4
115000308,35,28,7
115000309,2,37,-35
115000310,3174,195,2979
115000311,1888,430,1458
115000313,229,140,89
115000314,664,302,362
115000315,423,1093,-670
115000316,151,151,0
115000317,297,284,13
115000318,1356,345,1011
115000319,250,69,181
115000320,13,624,-611
115000321,316,10,306
115000322,95,56,39
115000449,63,204,-141
115000557,4,3046,-3042
115000558,72,105,-33
115000587,1100,192,908
115000588,1683,1942,-259
115000589,5467,2010,3457
115000590,866,1468,-602
115000591,1953,726,1227
115000592,584,1204,-620
115000593,1819,631,1188
115000594,231,2035,-1804
115000609,323,438,-115
115000617,506,3078,-2572
115000624,402,10,392
115000633,424,1154,-730
115000634,2880,618,2262
115000635,704,94,610
115000638,191,224,-33
115000641,37,456,-419
115000642,431,111,320
115000643,157,184,-27
115000644,125,141,-16
115000646,449,1246,-797
115000647,154,347,-193
115000648,4637,402,4235
115000893,1435,752,683
115000894,203,646,-443
115000895,293,665,-372
115000896,1013,344,669
115000897,339,105,234
115000898,303,233,70
115000899,125,1326,-1201
115000900,19,298,-279
115000901,70,152,-82
115000912,540,126,414
115000913,3,9,-6
115000915,16,0,16
115000916,0,0,0
115000917,0,35,-35
115000918,64,843,-779
115000919,3,73,-70
115000920,6,109,-103
115000921,168,121,47
115000922,215,591,-376
115000923,52,1282,-1230
115000925,276,195,81
115000927,17,152,-135
115000933,53,326,-273
115000934,60,187,-127
115000935,152,63,89
115000936,68,1533,-1465
115000937,666,346,320
115000938,27,145,-118
115000939,7,131,-124
115000940,0,19,-19
115000941,2,39,-37
115000942,10,117,-107
115000943,21,291,-270
115000944,0,8,-8
115900001,415,7,408
115900002,66,41,25
115900003,285,59,226
115900004,0,9,-9
115900005,436,16,420
115900006,150,110,40
115900008,234,3,231
115900009,49,108,-59
115900010,991,53,938
115900011,432,56,376
115900012,505,7,498
115900013,588,73,515
115900014,138,23,115
115900015,435,30,405
115900016,134,30,104
115900017,178,33,145
115900018,108,26,82
115900019,14,4,10
115900020,423,1,422
115900021,306,331,-25
115900022,677,0,677
115900023,12,10,2
115900025,16,91,-75
115900026,599,36,563
115900027,0,80,-80
115900028,125,19,106
115900029,1,86,-85
115900030,46,35,11
115900031,82,256,-174
115900032,328,601,-273
115900033,0,40,-40
115900034,8,95,-87
115900035,136,11,125
115900036,22,4075,-4053
115900037,9,117,-108
115900038,62,10,52
115900039,369,39,330
115900041,80,1369,-1289
115900042,107,9,98
115900043,188,94,94
115900044,90,989,-899
115900046,1030,67,963
115900047,51,166,-115
115900049,301,165,136
115900051,4,16,-12
115900052,16,52,-36
115900053,591,65,526
115900054,685,10,675
115900055,28,21,7
115900056,289,40,249
115900057,14,16,-2
115900058,12,11,1
115900060,92,25,67
115900061,639,1,638
115900062,93,28,65
115900063,33,1,32
115900064,168,271,-103
115900065,304,23,281
115900066,36,27,9
115900067,20,50,-30
115900068,964,2272,-1308
115900069,25,124,-99
115900070,475,21,454
115900071,0,97,-97
115900072,19,53,-34
115900073,262,137,125
115900074,1,51,-50
115900075,83,96,-13
115900076,2,11,-9
115900077,3,38,-35
115900078,65,574,-509
115900079,520,16,504
115900080,114,55,59
115900081,47,5,42
115900082,115,273,-158
115900084,1031,7,1024
115900085,64,62,2
115900086,623,151,472
115900088,10,127,-117
115900089,948,167,781
115900090,1226,2,1224
115900091,2,7,-5
115900092,46,39,7
115900093,1,2,-1
115900094,3,69,-66
115900096,17,1,16
115900097,5,57,-52
115900098,513,67,446
115900099,140,162,-22
115900100,15,95,-80
115900101,435,59,376
115900102,130,31,99
115900103,363,47,316
115900104,127,52,75
115900105,461,114,347
115900106,205,1,204
115900107,102,52,50
115900108,275,2,273
115900109,15,141,-126
115900110,29,0,29
115900111,1,13,-12
115900112,34,271,-237
115900113,74,8,66
115900114,0,32,-32
115900115,107,115,-8
115900116,103,251,-148
115900117,218,5,213
115900118,3,49,-46
115900119,310,75,235
115900120,32,107,-75
115900121,339,31,308
115900124,224,1012,-788
115900125,549,146,403
115900126,1132,22,1110
115900127,1484,29,1455
115900128,2,300,-298
115900129,653,10,643
115900130,4,370,-366
115900131,685,90,595
115900132,977,14,963
115900134,699,6,693
115900135,417,360,57
115900137,50,3,47
115900139,6,113,-107
115900140,843,27,816
115900141,2,74,-72
115900142,2,21,-19
115900143,351,48,303
115900144,355,49,306
115900146,32,24,8
115900147,162,453,-291
115900148,26,33,-7
115900149,434,10,424
115900150,315,4,311
115900151,135,32,103
115900152,229,55,174
115900153,163,61,102
115900154,112,233,-121
115900155,0,13,-13
115900156,719,500,219
115900157,545,473,72
115900158,20,3,17
115900159,484,89,395
115900160,0,4,-4
115900161,40,18,22
115900163,431,28,403
115900164,1622,14,1608
115900166,115,73,42
115900168,558,81,477
115900171,103,96,7
115900172,60,123,-63
115900173,373,121,252
115900174,59,121,-62
115900175,432,59,373
115900178,29,115,-86
115900179,817,12,805
115900180,16,28,-12
115900181,449,41,408
115900182,1066,60,1006
115900183,25,203,-178
115900184,375,9,366
115900187,4,183,-179
115900189,0,96,-96
115900190,143,759,-616
115900191,16,70,-54
115900192,20,128,-108
115900193,105,279,-174
115900194,1260,39,1221
115900195,317,3865,-3548
115900198,365,331,34
115900199,422,27,395
115900200,281,40,241
115900201,201,198,3
115900202,0,404,-404
115900203,3,5,-2
115900204,0,14,-14
115900205,12,6,6
115900206,653,47,606
115900207,145,12,133
115900208,163,38,125
115900209,11,92,-81
115900210,2,357,-355
115900211,1,66,-65
115900212,285,42,243
115900213,126,370,-244
115900214,1349,127,1222
115900215,30,289,-259
115900216,4,40,-36
115900217,4,15,-11
115900218,4,8,-4
115900219,372,0,372
115900220,527,4,523
115900221,205,6,199
115900222,83,53,30
115900223,3,644,-641
115900224,494,3031,-2537
115900225,41,41,0
115900226,19,15,4
115900227,5,10,-5
115900228,2,20,-18
115900229,4,20,-16
115900230,46,43,3
115900231,264,3,261
115900232,91,2,89
115900233,187,1,186
115900234,79,20,59
115900235,25,15,10
115900236,22,248,-226
115900237,35,37,-2
115900238,27,21,6
115900239,7,13,-6
115900240,10,26,-16
115900241,467,35,432
115900242,351,675,-324
115900243,3,5,-2
115900244,26,3,23
115900245,199,1,198
115900246,4,1,3
115900247,3,3,0
115900248,5,0,5
115900249,19,5,14
115900250,28,2,26
115900251,9,0,9
115900252,9,2,7
115900253,67,5,62
115900254,8,50,-42
115900255,1,20,-19
115900256,17,317,-300
115900257,4,7,-3
115900258,0,0,0
115900259,13,0,13
115900260,4,0,4
115900261,16,0,16
115900262,1,0,1
115900263,22,0,22
115900264,6,1,5
115900265,4,0,4
115900266,3,1,2
115900267,1,13,-12
115900268,0,58,-58
115900269,1586,142,1444
115900270,378,96,282
115900271,577,0,577
115900272,91,13,78
115900273,15,34,-19
115900274,0,0,0
115900275,0,2,-2
115900276,0,3,-3
115900277,1,45,-44
115900278,98,35,63
115900279,24,230,-206
115900280,7,971,-964
115900281,148,521,-373
115900282,11,109,-98
115900283,88,5,83
115900284,49,3,46
116000001,3910,1202,2708
116000002,5312,18863,-13551
116000003,891,667,224
116000004,6012,7357,-1345
116000005,896,2149,-1253
116000006,3040,5334,-2294
116000007,1178,1284,-106
116000008,6486,2591,3895
116000009,810,611,199
116000010,4020,1724,2296
116000011,762,485,277
116000012,2606,1048,1558
116000013,3058,2182,876
116000014,10145,27429,-17284
116000015,85,2223,-2138
116000016,3362,6404,-3042
116000017,49,556,-507
116000018,429,233,196
116000019,1818,188,1630
116000020,428,645,-217
116000021,1545,135,1410
116000022,765,280,485
116000023,1984,1066,918
116000024,691,513,178
116000025,691,409,282
116000026,1227,2771,-1544
116000027,390,632,-242
116000028,469,897,-428
116000029,309,220,89
116000030,579,504,75
116000031,29,79,-50
116000032,254,46,208
116000033,941,246,695
116000034,561,811,-250
116000035,484,226,258
116000036,192,1565,-1373
116000037,147,363,-216
116000038,44,742,-698
116000039,161,819,-658
116000040,389,912,-523
116000041,154,635,-481
116000042,1304,796,508
116000043,149,398,-249
116000044,11,126,-115
116000045,1095,1312,-217
116000046,674,943,-269
116000047,1716,2533,-817
116000048,2872,1165,1707
116000049,1887,1922,-35
116000050,1158,950,208
116000051,2652,2262,390
116000052,2760,1800,960
116000053,2530,542,1988
116000054,1074,1715,-641
116000055,936,946,-10
116000056,1829,794,1035
116000057,1875,841,1034
116000058,3465,2226,1239
116000059,2387,4480,-2093
116000060,2191,1250,941
116000061,499,1349,-850
116000062,778,336,442
116000063,715,2137,-1422
116000066,552,622,-70
116000067,310,204,106
116000068,222,209,13
116000069,318,125,193
116000078,818,732,86
116000080,1535,257,1278
116000082,5,8,-3
116000083,2570,194,2376
116000084,1166,1093,73
116000085,1786,2498,-712
116000086,692,342,350
116000087,3725,1523,2202
116000088,1984,426,1558
116000089,248,97,151
116000090,382,109,273
116000091,226,1353,-1127
116000093,790,138,652
116000094,1609,373,1236
116000095,864,185,679
116000096,2736,4328,-1592
116000097,957,342,615
116000098,107,16110,-16003
116000099,5128,986,4142
116000100,423,19,404
116000101,2335,247,2088
116000102,409,362,47
116000103,607,394,213
116000104,304,648,-344
116000105,2547,137,2410
116000106,769,2019,-1250
116000107,4285,508,3777
116000108,11,1535,-1524
116000111,259,39,220
116000113,122,22,100
116000114,20,61,-41
116000115,400,63,337
116000116,418,49,369
116000117,1768,910,858
116000118,2010,542,1468
116000119,4160,1025,3135
116000120,2352,1326,1026
116000121,1424,286,1138
116000122,752,348,404
116000123,2097,351,1746
116000124,742,184,558
116000125,4278,229,4049
116000126,500,283,217
116000127,756,414,342
116000128,3282,447,2835
116000129,2531,103,2428
116000130,1424,614,810
116000133,3136,420,2716
116000134,1849,614,1235
116000135,4232,861,3371
116000136,1055,697,358
116000137,1446,628,818
116000138,875,311,564
116000139,2675,3315,-640
116000140,314,357,-43
116000141,1264,366,898
116000142,3487,1750,1737
116000143,2708,1370,1338
116000144,2717,1438,1279
116000145,4005,549,3456
116000146,1509,104,1405
116000147,461,277,184
116000148,1408,1117,291
116000149,692,426,266
116000151,873,553,320
116000153,103,523,-420
116000155,166,460,-294
116000156,1214,320,894
116000157,144,4,140
116000158,841,126,715
116000159,46,5,41
116000160,90,19,71
116000161,6,62,-56
116000162,34,432,-398
116000163,118,5,113
116000164,26,17,9
116000177,92,1476,-1384
116000194,66,229,-163
116000195,2549,649,1900
116000196,87,2,85
116000197,74,41,33
116000198,1825,851,974
116000200,639,1242,-603
116000201,689,259,430
116000202,33,275,-242
116000203,2,8,-6
116000204,1,10,-9
116000205,0,53,-53
116000206,0,214,-214
116000207,21,173,-152
116000233,121,200,-79
116000287,469,103,366
116000288,751,223,528
116000292,180,99,81
116000296,41,88,-47
116000297,214,4,210
116000304,419,25,394
116000305,11,27,-16
116000346,515,94,421
116000352,143,66,77
116000354,54,62,-8
116000357,9,18,-9
116000358,744,300,444
116000361,123,0,123
116000372,3118,9375,-6257
116000381,362,0,362
116000388,10,32,-22
116000389,1038,157,881
116000445,2186,201,1985
116000446,1184,105,1079
116000447,65,559,-494
116000448,509,38,471
116000563,582,740,-158
116000565,174,240,-66
116000568,67,901,-834
116000579,48,228,-180
116000583,161,34,127
116000584,95,1,94
116000585,132,55,77
116000586,34,68,-34
116000587,309,99,210
116000589,70,51,19
116000590,252,47,205
116000591,393,78,315
116000592,3,11,-8
116000593,0,18,-18
116000594,1973,124,1849
116000595,1284,46,1238
116000596,481,4,477
116000597,929,374,555
116000598,120,161,-41
116000605,125,66,59
116000606,104,502,-398
116000607,3,33,-30
116000609,24,1920,-1896
116000611,375,96,279
116000612,2564,2192,372
116000613,1001,398,603
116000614,669,143,526
116000615,0,304,-304
116000616,113,31,82
116000617,436,6,430
116000618,2,18,-16
116000619,23,108,-85
116000620,620,100,520
116000621,128,69,59
116000622,245,66,179
116000624,141,251,-110
116000627,593,18,575
116000628,290,101,189
116000629,114,63,51
116000630,1184,7,1177
116000631,956,34,922
116000632,2479,28,2451
116000633,1181,99,1082
116000634,1134,62,1072
116000635,1846,2376,-530
116000636,515,1397,-882
116000637,1524,19,1505
116000638,393,204,189
116000639,140,12,128
116000640,17,95,-78
116000641,25,38,-13
116000643,0,54,-54
116000644,119,74,45
116000645,127,1,126
116900001,183,50,133
116900002,252,2,250
116900003,143,7,136
116900004,87,179,-92
116900005,553,9,544
116900006,72,126,-54
116900007,129,123,6
116900008,1389,91,1298
116900009,22,33,-11
116900010,0,304,-304
116900011,1,5,-4
116900012,149,249,-100
116900013,11,27,-16
116900014,351,57,294
116900016,446,2,444
116900017,1,240,-239
116900018,114,113,1
116900019,0,58,-58
116900020,372,3507,-3135
116900023,27,27,0
116900025,2374,318,2056
116900026,14,293,-279
116900027,123,48,75
116900028,1,14,-13
116900029,1,327,-326
116900031,0,1,-1
116900032,1,58,-57
116900033,74,23,51
116900034,2,13,-11
116900035,313,95,218
116900036,5,70,-65
116900038,18,3,15
116900041,135,11,124
116900042,164,142,22
116900043,6,38,-32
116900047,52,526,-474
116900049,45,107,-62
116900050,37,165,-128
116900051,707,26,681
116900052,217,100,117
116900055,0,41,-41
116900057,43,78,-35
116900058,9,227,-218
116900059,0,37,-37
116900060,173,216,-43
116900062,2,158,-156
116900064,123,103,20
116900065,2,62,-60
116900067,147,9,138
116900068,198,75,123
116900070,38,2,36
116900072,54,60,-6
116900073,0,29,-29
116900074,3,8,-5
116900076,30,90,-60
116900077,0,27,-27
116900078,63,19,44
116900079,87,79,8
116900080,0,3,-3
116900081,153,284,-131
116900082,203,1105,-902
116900083,4,3,1
116900084,67,22,45
116900085,1,23,-22
116900086,9,93,-84
116900088,166,17,149
116900090,10,5,5
116900091,928,8,920
116900092,117,167,-50
116900093,2201,1346,855
116900094,3701,7631,-3930
116900095,558,172,386
116900096,113,570,-457
116900097,857,5950,-5093
116900098,460,185,275
116900099,149,487,-338
116900100,2043,151,1892
116900101,141,441,-300
116900103,2,0,2
116900104,14,212,-198
116900105,712,303,409
116900106,5586,38,5548
116900107,802,4588,-3786
116900110,23,0,23
116900111,1257,318,939
116900112,480,188,292
116900113,779,3443,-2664
116900116,12,444,-432
116900117,376,338,38
116900118,719,1223,-504
116900120,644,64,580
116900121,542,47,495
116900122,2111,332,1779
116900123,1063,270,793
116900124,161,170,-9
116900125,857,67,790
116900126,171,1317,-1146
116900128,0,7,-7
116900129,1,222,-221
116900130,613,7206,-6593
116900131,55,242,-187
116900132,124,89,35
116900133,358,77,281
116900134,308,163,145
116900136,327,254,73
116900137,319,80,239
116900138,120,45,75
116900139,45,93,-48
116900140,163,55,108
116900141,330,69,261
116900142,5,45,-40
116900143,499,63,436
116900144,155,12,143
116900145,80,81,-1
116900147,142,1226,-1084
116900148,0,8,-8
116900149,67,243,-176
116900150,12,2,10
116900151,42,22,20
116900153,170,167,3
116900154,205,729,-524
116900155,69,66,3
116900157,1558,54,1504
116900158,185,358,-173
116900159,89,521,-432
116900160,1112,408,704
116900161,2881,13430,-10549
116900162,64,79,-15
116900163,632,36,596
116900164,109,42,67
116900165,801,288,513
116900166,165,120,45
116900167,892,18,874
116900168,1051,22,1029
116900169,130,1013,-883
116900170,689,258,431
116900171,64,80,-16
116900172,94,842,-748
116900173,734,2,732
116900174,38,213,-175
116900175,521,408,113
116900178,86,44,42
116900179,44,649,-605
116900180,182,0,182
116900182,938,193,745
116900183,379,149,230
116900185,43,22,21
116900186,217,39,178
116900187,71,47,24
116900188,268,1,267
116900189,44,0,44
116900191,175,145,30
116900192,635,135,500
116900194,112,1968,-1856
116900195,32,4,28
116900196,21,15,6
116900197,206,8,198
116900198,37,1090,-1053
116900200,285,6,279
116900201,636,6,630
116900202,67,24,43
116900203,307,2,305
116900204,34,516,-482
116900206,20,2,18
116900207,25,24,1
116900208,32,58,-26
116900209,31,15,16
116900210,381,170,211
116900211,282,3,279
116900212,212,4,208
116900213,213,33,180
116900214,503,180,323
116900215,52,16,36
116900216,317,88,229
116900218,0,79,-79
116900219,532,79,453
116900220,164,160,4
116900221,286,297,-11
116900222,395,184,211
116900223,68,71,-3
116900226,378,11,367
116900227,438,27,411
116900228,727,74,653
116900230,273,167,106
116900233,1984,143,1841
116900234,42,2,40
116900235,145,164,-19
116900238,299,68,231
116900239,29,1473,-1444
116900240,3338,5134,-1796
116900241,70,36,34
116900242,623,1648,-1025
116900243,0,16,-16
116900245,97,85,12
116900246,118,7,111
116900247,1515,38,1477
116900248,96,6,90
116900249,1051,19,1032
116900250,898,74,824
116900251,251,1705,-1454
116900252,482,275,207
116900254,74,148,-74
116900255,241,254,-13
116900256,862,241,621
116900257,55,361,-306
116900258,3,32,-29
116900259,417,36,381
116900260,1,23,-22
116900261,135,5,130
116900262,173,92,81
116900263,0,7,-7
116900264,214,166,48
116900265,333,0,333
116900266,28,6,22
116900267,34,0,34
116900268,5,396,-391
116900269,410,1234,-824
116900271,294,1222,-928
116900272,466,293,173
116900273,26,239,-213
116900274,183,37,146
116900275,441,102,339
116900276,241,599,-358
116900277,94,117,-23
116900278,0,5,-5
116900279,12,7,5
116900280,141,3,138
116900281,1890,8477,-6587
116900282,0,16,-16
116900283,4,23,-19
116900284,1,47,-46
116900285,58,660,-602
116900286,66,3,63
116900287,9,8,1
116900288,295,46,249
116900289,64,3,61
116900290,22,3,19
116900291,45,12,33
116900292,0,50,-50
116900293,269,11,258
116900294,5,63,-58
116900295,240,320,-80
116900296,88,111,-23
116900297,0,54,-54
116900298,26,123,-97
116900299,1,187,-186
116900300,3,136,-133
116900301,43,557,-514
116900302,2,86,-84
116900303,79,159,-80
116900304,0,172,-172
116900305,2,45,-43
116900306,635,76,559
116900307,197,0,197
116900308,0,46,-46
116900309,562,23,539
116900310,119,31,88
117000001,3254,4339,-1085
117000002,1929,3279,-1350
117000003,6412,2636,3776
117000004,1862,3577,-1715
117000005,5401,2059,3342
117000006,1130,1700,-570
117000007,9699,1310,8389
117000008,1274,2137,-863
117000009,5597,1458,4139
117000010,924,1473,-549
117000011,5141,1083,4058
117000012,2171,999,1172
117000013,3488,1108,2380
117000014,2026,2342,-316
117000015,3721,1751,1970
117000016,302,414,-112
117000017,92,771,-679
117000018,100,1067,-967
117000019,87,78,9
117000020,450,3082,-2632
117000021,1802,1006,796
117000022,117,398,-281
117000023,67,995,-928
117000024,121,722,-601
117000025,159,3422,-3263
117000026,1871,3503,-1632
117000027,787,2442,-1655
117000028,772,1457,-685
117000030,459,356,103
117000031,850,351,499
117000032,1572,1592,-20
117000033,1497,825,672
117000034,327,264,63
117000035,526,366,160
117000036,559,299,260
117000037,445,237,208
117000038,274,446,-172
117000039,276,309,-33
117000040,72,400,-328
117000041,1913,82,1831
117000044,17,274,-257
117000045,1415,417,998
117000046,322,954,-632
117000047,1060,877,183
117000048,1146,609,537
117000049,41,338,-297
117000050,957,1840,-883
117000051,3695,83,3612
117000052,96,117,-21
117000053,1926,15,1911
117000054,2649,2,2647
117000055,11,605,-594
117000056,691,51,640
117000057,996,1484,-488
117000060,495,742,-247
117000061,2759,1825,934
117000062,294,691,-397
117000063,1849,691,1158
117000064,515,550,-35
117000066,276,510,-234
117000067,108,530,-422
117000074,7,311,-304
117000076,37,42,-5
117000077,242,93,149
117000078,118,721,-603
117000079,312,106,206
117000080,0,427,-427
117000081,960,109,851
117000082,34,150,-116
117000083,181,17,164
117000084,211,0,211
117000085,710,1120,-410
117000086,558,325,233
117000087,252,530,-278
117000088,587,133,454
117000089,4275,120,4155
117000090,542,389,153
117000091,2315,144,2171
117000092,560,433,127
117000093,3219,215,3004
117000094,1080,645,435
117000095,4844,253,4591
117000096,989,611,378
117000097,3789,624,3165
117000098,1415,1142,273
117000099,6919,736,6183
117000100,316,288,28
117000101,124,460,-336
117000102,2923,427,2496
117000103,434,536,-102
117000104,2908,404,2504
117000105,443,569,-126
117000106,2926,275,2651
117000107,610,825,-215
117000108,3466,762,2704
117000109,568,1161,-593
117000110,2130,2158,-28
117000111,4226,3526,700
117000112,5138,958,4180
117000113,91,65,26
117000114,435,300,135
117000115,58,27,31
117000116,292,190,102
117000117,1446,935,511
117000118,623,581,42
117000119,149,651,-502
117000120,23,865,-842
117000121,30,936,-906
117000122,1080,1764,-684
117000123,2073,33,2040
117000124,14,179,-165
117000125,38,553,-515
117000126,35,52,-17
117000127,99,496,-397
117000128,88,839,-751
117000129,307,1629,-1322
117000130,377,0,377
117000131,1,108,-107
117000132,7486,10,7476
117000133,5927,22,5905
117000134,0,94,-94
117000135,1,136,-135
117000136,0,22,-22
117000137,419,102,317
117000138,1,804,-803
117000140,485,598,-113
117000141,2800,385,2415
117000181,302,135,167
117000182,2559,2128,431
117000195,151,269,-118
117000196,487,194,293
117000225,22,327,-305
117000226,4,268,-264
117000276,721,32,689
117000277,0,97,-97
117000310,781,3413,-2632
117000315,272,894,-622
117000320,124,1,123
117000906,1059,19,1040
117000907,1,126,-125
117000909,200,105,95
117000910,273,95,178
117000911,52,109,-57
117000915,0,97,-97
117000916,229,7,222
117000917,2086,78,2008
117000918,389,121,268
117000919,1,19,-18
117000920,1,1096,-1095
117000921,0,266,-266
117000922,29,67,-38
117000924,1786,1110,676
117000926,564,481,83
117000927,281,576,-295
117000928,0,124,-124
117000929,1328,121,1207
117000930,1433,10,1423
117000931,65,57,8
117900002,57,1073,-1016
117900003,93,91,2
117900005,3,225,-222
117900006,0,46,-46
117900007,318,64,254
117900008,0,37,-37
117900010,689,26,663
117900011,10,770,-760
117900012,134,65,69
117900013,1,370,-369
117900014,988,237,751
117900015,17,84,-67
117900016,912,1625,-713
117900017,1639,659,980
117900018,502,536,-34
117900019,1279,262,1017
117900020,35,190,-155
117900021,66,195,-129
117900023,3094,129,2965
117900024,122,200,-78
117900025,25,1,24
117900026,788,226,562
117900028,105,3,102
117900029,503,344,159
117900030,330,429,-99
117900031,449,635,-186
117900032,1174,514,660
117900033,876,322,554
117900034,165,34,131
117900035,299,779,-480
117900036,613,217,396
117900037,393,50,343
117900038,31,45,-14
117900039,0,39,-39
117900040,302,83,219
117900041,0,27,-27
117900042,2342,727,1615
117900043,1,8,-7
117900044,9,5967,-5958
117900045,433,117,316
117900048,515,242,273
117900049,514,438,76
117900050,40,433,-393
117900051,35,16,19
117900052,223,865,-642
117900053,2808,252,2556
117900054,3,23,-20
117900055,1699,360,1339
117900056,34,170,-136
117900057,1414,580,834
117900058,5,113,-108
117900059,147,258,-111
117900060,4504,1952,2552
117900061,8,380,-372
117900063,976,203,773
117900065,235,880,-645
117900066,12,283,-271
117900067,1538,112,1426
117900069,1621,108,1513
117900070,24,387,-363
117900071,340,137,203
117900073,1635,56,1579
117900074,20,645,-625
117900075,291,115,176
117900076,69,134,-65
117900077,1480,82,1398
117900078,701,562,139
117900080,342,34,308
117900081,202,111,91
117900082,1209,248,961
117900083,1448,510,938
117900086,317,98,219
117900087,200,11,189
117900088,738,743,-5
117900089,3871,425,3446
117900090,1477,740,737
117900091,185,30,155
117900092,299,55,244
117900093,318,10,308
117900094,91,42,49
117900095,1048,1943,-895
117900096,398,396,2
117900097,314,12,302
117900098,198,24,174
117900099,395,866,-471
117900100,1159,0,1159
117900101,1205,3344,-2139
117900102,148,22,126
117900103,156,5,151
117900104,3,371,-368
117900105,54,141,-87
117900106,142,34,108
117900107,115,0,115
117900109,2230,642,1588
117900110,513,1,512
117900111,2019,247,1772
117900112,123,5,118
117900113,1162,3116,-1954
117900114,116,1,115
117900115,35,355,-320
117900116,951,356,595
117900117,1170,122,1048
117900118,514,0,514
117900119,525,14,511
117900120,1304,53,1251
117900121,86,12,74
117900122,901,8310,-7409
117900123,1308,630,678
117900124,264,604,-340
117900125,1998,813,1185
117900126,137,176,-39
117900127,1275,205,1070
117900128,718,272,446
117900129,310,3,307
117900130,1167,652,515
117900131,3,51,-48
117900132,8,20,-12
117900133,14,29,-15
117900134,73,77,-4
117900135,58,48,10
117900136,0,4,-4
117900137,55,102,-47
117900138,0,1,-1
117900139,103,87,16
117900140,7090,1072,6018
117900141,28,285,-257
117900142,29,457,-428
117900144,17,963,-946
117900145,8,477,-469
117900146,456,329,127
117900147,168,109,59
117900148,2518,3951,-1433
117900149,160,55,105
117900150,180,79,101
117900151,35,184,-149
117900152,49,134,-85
117900153,22,242,-220
117900154,946,483,463
117900156,270,293,-23
117900157,89,303,-214
117900158,544,64,480
117900160,1293,641,652
117900161,836,410,426
117900162,1141,357,784
117900163,33,951,-918
117900165,0,9,-9
117900166,11,251,-240
117900168,88,82,6
117900169,0,44,-44
117900170,1,17,-16
117900171,1,1,0
117900172,9,1,8
117900173,30,37,-7
117900174,7,13,-6
117900175,4,14,-10
117900176,34,13,21
117900177,41,21,20
117900178,50,15,35
117900180,152,6,146
117900181,82,717,-635
117900182,5,92,-87
117900183,294,111,183
117900184,34,175,-141
117900185,71,12,59
117900186,105,18,87
117900187,52,5,47
117900188,176,38,138
117900189,90,20,70
117900190,35,0,35
117900191,92,0,92
117900192,380,2,378
117900193,120,106,14
117900194,7,5,2
117900195,24,92,-68
117900196,42,17,25
117900207,62,117,-55
117900208,29,56,-27
117900209,276,114,162
117900210,144,95,49
117900211,8,88,-80
117900212,201,104,97
117900213,47,5,42
117900214,2,9,-7
117900215,105,23,82
117900216,41,53,-12
117900217,86,157,-71
117900218,99,327,-228
117900219,0,170,-170
117900220,29,280,-251
117900222,344,140,204
117900223,177,516,-339
118000001,675,2448,-1773
118000002,260,733,-473
118000003,2096,4035,-1939
118000004,968,4137,-3169
118000005,3768,1891,1877
118000006,3075,3139,-64
118000007,4636,10895,-6259
118000008,838,8375,-7537
118000009,1422,3101,-1679
118000010,3485,3640,-155
118000011,2955,884,2071
118000012,1040,1538,-498
118000013,2300,2288,12
118000014,1582,1452,130
118000016,434,131,303
118000017,795,415,380
118000018,430,134,296
118000019,1201,1966,-765
118000020,347,1403,-1056
118000021,457,1872,-1415
118000022,1037,468,569
118000023,381,304,77
118000024,531,668,-137
118000027,8482,5168,3314
118000029,600,562,38
118000032,306,1398,-1092
118000033,1574,3711,-2137
118000034,1915,2370,-455
118000035,1617,1661,-44
118000036,1097,895,202
118000037,807,1354,-547
118000038,911,89,822
118000039,229,73,156
118000040,2336,1475,861
118000041,4625,1789,2836
118000045,156,176,-20
118000046,690,1139,-449
118000047,316,2324,-2008
118000048,1617,3270,-1653
118000051,687,2960,-2273
118000052,193,1165,-972
118000053,401,1231,-830
118000054,3045,839,2206
118000055,2276,1475,801
118000056,128,657,-529
118000057,179,536,-357
118000058,1680,5001,-3321
118000059,1240,2996,-1756
118000060,1356,663,693
118000061,1547,1629,-82
118000062,513,179,334
118000063,289,897,-608
118000064,614,1151,-537
118000065,1881,1789,92
118000066,1327,2729,-1402
118000067,474,639,-165
118000068,599,11589,-10990
118000069,852,1222,-370
118000070,6250,2339,3911
118000071,3623,13054,-9431
118000072,706,5207,-4501
118000073,360,2129,-1769
118000074,515,1185,-670
118000075,660,434,226
118000076,1823,9028,-7205
118000077,891,1046,-155
118000078,2106,2257,-151
118000079,158,446,-288
118000080,389,706,-317
118000081,1544,1547,-3
118000082,386,920,-534
118000083,1049,1173,-124
118000084,1291,2695,-1404
118000086,119,627,-508
118000087,3119,1988,1131
118000088,1330,1581,-251
118000089,3482,3470,12
118000090,1040,4233,-3193
118000091,1197,6237,-5040
118000092,803,482,321
118000093,65,593,-528
118000096,699,389,310
118000097,633,534,99
118000098,195,189,6
118000099,1006,255,751
118000101,1897,273,1624
118000102,481,368,113
118000107,1585,289,1296
118000108,616,8276,-7660
118000110,0,36,-36
118000111,0,126,-126
118000112,3148,12,3136
118000113,5,253,-248
118000114,2189,32,2157
118000115,6,32,-26
118000116,123,1,122
118000117,639,711,-72
118000118,1404,1203,201
118000119,1725,1410,315
118000120,942,632,310
118000121,18,371,-353
118000122,327,264,63
118000123,90,269,-179
118000125,692,1252,-560
118000126,683,2957,-2274
118000127,1457,771,686
118000128,410,1487,-1077
118000129,1583,953,630
118000130,1738,2723,-985
118000131,217,701,-484
118000132,2548,2215,333
118000133,2313,842,1471
118000135,644,923,-279
118000136,149,738,-589
118000137,386,77,309
118000138,556,310,246
118000139,587,128,459
118000140,4018,9615,-5597
118000141,3361,1416,1945
118000142,3927,1424,2503
118000143,3841,1626,2215
118000144,635,321,314
118000145,1442,542,900
118000146,1629,208,1421
118000147,1336,531,805
118000148,1397,1671,-274
118000149,1043,383,660
118000150,1204,340,864
118000151,892,157,735
118000153,2465,515,1950
118000154,2536,574,1962
118000155,3063,590,2473
118000156,1988,3787,-1799
118000157,800,232,568
118000158,368,710,-342
118000159,46,140,-94
118000160,881,233,648
118000161,714,283,431
118000162,1735,590,1145
118000163,1025,806,219
118000164,1892,1016,876
118000168,458,1378,-920
118000169,1181,836,345
118000170,2435,2061,374
118000171,483,469,14
118000172,73,167,-94
118000173,806,1327,-521
118000175,232,175,57
118000176,479,236,243
118000177,430,394,36
118000178,33,25,8
118000179,567,541,26
118000180,477,353,124
118000181,537,118,419
118000182,273,119,154
118000183,241,131,110
118000184,1595,344,1251
118000185,426,1894,-1468
118000186,309,1340,-1031
118000187,3028,293,2735
118000188,1150,49,1101
118000189,1724,202,1522
118000190,10,4,6
118000191,51,18,33
118000192,19,95,-76
118000193,8,223,-215
118000194,1959,1038,921
118000195,205,3594,-3389
118000196,44,823,-779
118000197,48,321,-273
118000198,252,1961,-1709
118000199,214,1064,-850
118000200,50,701,-651
118000201,137,1168,-1031
118000202,11,745,-734
118000203,292,1846,-1554
118000204,23,639,-616
118000205,93,341,-248
118000206,225,292,-67
118000207,0,76,-76
118000208,1839,1235,604
118000209,2594,442,2152
118000210,419,24,395
118000211,317,23,294
118000213,423,4279,-3856
118000214,287,786,-499
118000215,422,87,335
118000216,11242,2123,9119
118000217,12,29,-17
118000218,93,18,75
118000219,252,216,36
118000220,75,38,37
118000221,1258,1097,161
118000222,110,4,106
118000223,169,51,118
118000224,103,47,56
118000225,294,785,-491
118000226,2468,170,2298
118000227,606,712,-106
118000228,18,247,-229
118000229,40,835,-795
118000230,119,154,-35
118000231,11,167,-156
118000232,1113,214,899
118000233,1682,395,1287
118000234,710,120,590
118000236,336,336,0
118000237,187,134,53
118000238,300,144,156
118000239,348,328,20
118000240,90,98,-8
118000241,378,72,306
118000242,860,114,746
118000243,340,130,210
118000244,97,35,62
118000246,1,18,-17
118000255,47,265,-218
118000256,178,194,-16
118000259,8,89,-81
118000260,388,31,357
118000261,126,8,118
118000263,121,207,-86
118000266,217,84,133
118000267,0,177,-177
118000268,363,3,360
118000270,238,5,233
118000271,496,195,301
118000272,38,28,10
118000273,477,19,458
118000274,69,140,-71
118000276,420,83,337
118000295,7,130,-123
118000298,88,110,-22
118000299,59,39,20
118000301,0,77,-77
118000302,91,23,68
118000311,2014,92,1922
118000312,557,67,490
118000313,127,36,91
118000314,157,24,133
118000315,68,22,46
118000316,1242,274,968
118000325,118,4,114
118000326,24,37,-13
118000331,99,1,98
118000332,18,11,7
118000333,33,9,24
118000335,1398,0,1398
118000336,1,166,-165
118000407,447,22,425
118000457,3,69,-66
118000465,430,2158,-1728
118000480,83,37,46
118000489,5,791,-786
118000490,13,220,-207
118000492,1092,160,932
118000510,58,10,48
118000514,64,313,-249
118000515,671,2170,-1499
118000517,272,263,9
118000524,289,363,-74
118000525,362,429,-67
118000530,7,164,-157
118000531,617,164,453
118000532,229,104,125
118000533,193,87,106
118000534,760,191,569
118000535,501,32,469
118000536,48,342,-294
118000537,7,27,-20
118000538,68,87,-19
118000539,13,116,-103
118000540,132,103,29
118000541,106,80,26
118000542,161,261,-100
118000543,408,200,208
118000546,71,27,44
118000553,0,0,0
118000560,784,2895,-2111
118000562,119,46,73
118000563,1320,861,459
118000576,162,24,138
118000577,334,239,95
118000578,124,17,107
118000579,682,2207,-1525
118000583,0,0,0
118000595,229,54,175
118000596,1,229,-228
118000597,433,101,332
118000598,15,0,15
118000599,383,30,353
118000600,6,1,5
118000601,10,0,10
118000602,1,26,-25
118000603,0,4,-4
118000605,89,60,29
118000606,28,18,10
118900001,515,1266,-751
118900002,736,905,-169
118900003,1262,54,1208
118900004,131,26,105
118900005,83,9,74
118900006,238,1,237
118900007,1,3,-2
118900008,848,37,811
118900009,136,164,-28
118900010,85,13,72
118900011,226,12,214
118900012,278,201,77
118900013,1473,940,533
118900015,519,20,499
118900016,3,2,1
118900017,63,343,-280
118900018,1361,38,1323
118900019,22,4,18
118900020,16,87,-71
118900021,93,457,-364
118900022,134,16,118
118900023,20,98,-78
118900024,111,143,-32
118900025,29,98,-69
118900026,73,4,69
118900027,318,200,118
118900028,184,89,95
118900029,250,377,-127
118900030,1301,59,1242
118900031,96,24,72
118900032,256,109,147
118900033,388,690,-302
118900034,401,28,373
118900035,108,35,73
118900036,1528,212,1316
118900037,440,804,-364
118900038,786,32,754
118900039,1484,154,1330
118900040,305,89,216
118900041,968,125,843
118900042,78,50,28
118900045,144,184,-40
118900046,302,294,8
118900047,300,455,-155
118900048,107,435,-328
118900049,40,11,29
118900050,171,10,161
118900051,111,180,-69
118900052,237,380,-143
118900053,3,45,-42
118900054,186,41,145
118900055,173,5,168
118900056,110,193,-83
118900057,743,446,297
118900058,922,455,467
118900059,5,83,-78
118900060,221,115,106
118900062,337,108,229
118900064,148,690,-542
118900065,53,220,-167
118900066,188,39,149
118900067,2132,5173,-3041
118900068,7,887,-880
118900069,688,101,587
118900071,11,6,5
118900072,814,1096,-282
118900073,537,59,478
118900074,220,46,174
118900075,473,10,463
118900076,247,55,192
118900077,545,101,444
118900078,0,0,0
118900079,8,61,-53
118900080,255,59,196
118900081,32,40,-8
118900082,2550,254,2296
118900083,16,2,14
118900084,20,2,18
118900085,184,119,65
118900086,25,114,-89
118900087,116,1202,-1086
118900088,0,3,-3
118900089,7,13,-6
118900090,282,61,221
118900091,232,222,10
118900092,320,11,309
118900093,66,13,53
118900096,112,126,-14
118900097,321,196,125
118900099,31,90,-59
118900100,44,91,-47
118900101,279,59,220
118900102,37,95,-58
118900103,6,43,-37
118900104,199,49,150
118900105,108,30,78
118900107,41,40,1
118900108,19,119,-100
118900110,1226,1507,-281
118900111,991,332,659
118900112,310,194,116
118900113,75,176,-101
118900114,4,51,-47
118900115,88,184,-96
118900116,85,33,52
118900117,211,36,175
118900118,486,91,395
118900119,395,142,253
118900120,70,280,-210
118900121,30,104,-74
118900122,3,804,-801
118900123,149,195,-46
118900124,196,259,-63
118900126,73,156,-83
118900129,305,97,208
118900130,8,102,-94
118900131,581,141,440
118900132,472,121,351
118900133,13,212,-199
118900135,325,105,220
118900136,452,113,339
118900137,1,104,-103
118900139,731,182,549
118900140,730,240,490
118900141,198,196,2
118900144,276,146,130
118900145,12,192,-180
118900146,609,361,248
118900147,118,519,-401
118900148,44,33,11
118900150,96,523,-427
118900152,575,280,295
118900157,52,195,-143
118900158,378,18,360
118900159,1,81,-80
118900161,52,14,38
118900163,50,21,29
118900164,1,37,-36
118900165,155,81,74
118900166,2,0,2
118900167,59,54,5
118900168,24,75,-51
118900169,197,144,53
118900170,613,55,558
118900171,81,1,80
118900174,41,17,24
118900175,595,234,361
118900176,221,222,-1
118900177,138,5,133
118900178,137,16,121
118900179,1,3,-2
118900181,184,16,168
118900182,26,23,3
118900183,148,59,89
118900184,176,17,159
118900185,271,39,232
118900186,47,74,-27
118900187,136,467,-331
118900188,243,184,59
118900189,52,662,-610
118900190,142,88,54
118900191,822,41,781
118900192,858,35,823
118900193,1850,6,1844
118900195,103,392,-289
118900196,34,51,-17
118900197,620,16,604
118900198,79,3,76
118900199,87,26,61
118900200,55,25,30
118900201,67,61,6
118900202,4,38,-34
118900203,32,3,29
118900204,9,1,8
118900205,4,3,1
118900206,2,4,-2
119000001,1739,1279,460
119000002,3470,2532,938
119000003,5837,777,5060
119000004,4040,2062,1978
119000005,2518,2815,-297
119000006,6958,2492,4466
119000007,4511,4023,488
119000008,2131,1893,238
119000009,2202,7729,-5527
119000010,4101,5576,-1475
119000011,1852,2146,-294
119000012,1102,3493,-2391
119000013,3269,1886,1383
119000014,2286,2545,-259
119000019,410,113,297
119000020,3336,1633,1703
119000021,6135,3580,2555
119000022,991,4626,-3635
119000023,184,393,-209
119000024,1941,23867,-21926
119000025,3076,1231,1845
119000026,42,606,-564
119000027,88,383,-295
119000028,1646,611,1035
119000029,26,168,-142
119000030,751,593,158
119000031,1424,502,922
119000032,1252,1255,-3
119000033,2397,812,1585
119000034,1997,473,1524
119000035,52,144,-92
119000036,3623,298,3325
119000037,2213,471,1742
119000038,415,217,198
119000039,831,477,354
119000040,695,1045,-350
119000041,1242,2273,-1031
119000048,2046,793,1253
119000049,3652,1159,2493
119000050,1019,1819,-800
119000051,2872,1136,1736
119000052,2228,1872,356
119000053,2826,957,1869
119000054,3930,635,3295
119000055,7171,995,6176
119000056,4915,1035,3880
119000057,1968,401,1567
119000058,1437,562,875
119000059,705,482,223
119000060,2636,442,2194
119000061,856,259,597
119000062,1009,415,594
119000063,719,783,-64
119000064,624,457,167
119000065,976,2005,-1029
119000066,1960,1286,674
119000067,1385,629,756
119000068,2471,369,2102
119000069,2275,748,1527
119000070,5050,256,4794
119000071,323,192,131
119000072,2772,1652,1120
119000073,4836,9904,-5068
119000074,2075,830,1245
119000075,6089,1689,4400
119000076,168,265,-97
119000077,1284,226,1058
119000078,578,83,495
119000079,431,139,292
119000080,1387,145,1242
119000081,400,130,270
119000082,1091,168,923
119000083,665,430,235
119000084,537,121,416
119000085,403,78,325
119000086,315,782,-467
119000087,625,99,526
119000088,267,50,217
119000089,77,96,-19
119000090,122,38,84
119000091,57,189,-132
119000092,99,72,27
119000093,2809,1512,1297
119000094,5672,4713,959
119000095,3429,2534,895
119000097,955,545,410
119000098,1307,6708,-5401
119000099,1554,525,1029
119000100,5170,2707,2463
119000101,3778,1254,2524
119000102,375,1894,-1519
119000103,882,552,330
119000104,998,430,568
119000105,1159,3399,-2240
119000106,583,339,244
119000107,2431,626,1805
119000108,942,357,585
119000109,214,216,-2
119000110,216,132,84
119000111,37,554,-517
119000112,110,28,82
119000113,599,105,494
119000114,1149,1664,-515
119000115,83,95,-12
119000116,115,86,29
119000117,180,185,-5
119000118,37,0,37
119000123,1858,2225,-367
119000124,1742,103,1639
119000125,6642,343,6299
119000126,2940,354,2586
119000127,1127,185,942
119000128,16,3,13
119000131,1151,143,1008
119000132,2,0,2
119000133,6,5,1
119000134,682,785,-103
119000135,223,131,92
119000136,422,61,361
119000137,571,92,479
119000138,1105,31,1074
119000139,193,34,159
119000140,204,292,-88
119000284,1056,1352,-296
119000285,1356,672,684
119000286,2630,1923,707
119000287,1472,1490,-18
119000288,2293,564,1729
119000289,1353,1752,-399
119000290,256,269,-13
119000291,60,318,-258
119000293,124,262,-138
119000294,33,31,2
119000295,1664,216,1448
119000296,348,59,289
119000302,1281,1209,72
119000303,68,132,-64
119000304,0,0,0
119000314,1523,14516,-12993
119000315,0,76,-76
119000316,334,40,294
119000317,243,63,180
119900001,56,2137,-2081
119900002,378,157,221
119900003,28,167,-139
119900004,133,3740,-3607
119900005,357,49,308
119900006,65,461,-396
119900007,355,264,91
119900008,8,358,-350
119900009,470,185,285
119900010,700,220,480
119900011,35,421,-386
119900012,10,186,-176
119900013,1153,849,304
119900014,506,44,462
119900015,574,49,525
119900016,63,24,39
119900017,73,70,3
119900018,657,2391,-1734
119900019,80,2,78
119900020,84,68,16
119900021,202,30,172
119900022,41,1125,-1084
119900023,366,3668,-3302
119900025,762,15,747
119900026,461,39,422
119900027,5,9,-4
119900028,332,354,-22
119900029,6,2,4
119900030,630,382,248
119900031,64,1065,-1001
119900033,908,192,716
119900034,1365,12,1353
119900037,404,5,399
119900038,21,424,-403
119900039,115,12,103
119900040,83,31,52
119900041,386,8,378
119900042,99,545,-446
119900043,125,118,7
119900044,122,837,-715
119900046,433,10,423
119900047,615,408,207
119900048,719,23,696
119900049,203,1,202
119900050,91,95,-4
119900051,2573,12,2561
119900052,193,9,184
119900053,495,188,307
119900054,654,6,648
119900055,1426,147,1279
119900057,667,13,654
119900058,634,8,626
119900059,103,11,92
119900060,541,30,511
119900061,917,6,911
119900062,368,2,366
119900063,9,62,-53
119900065,358,4,354
119900067,121,42,79
119900068,1016,4,1012
119900069,158,10,148
119900070,993,2,991
119900071,1277,34,1243
119900073,1650,73,1577
119900074,18,37,-19
119900075,1277,1479,-202
119900076,1233,131,1102
119900077,1449,156,1293
119900078,1143,598,545
119900079,1339,57,1282
119900080,567,196,371
119900081,2162,88,2074
119900082,2948,158,2790
119900083,582,60,522
119900084,522,129,393
119900085,60,11,49
119900086,492,282,210
119900087,263,480,-217
119900088,51,10,41
119900089,16,85,-69
119900090,65,17,48
119900091,51,193,-142
119900092,11,154,-143
119900093,1056,86,970
119900094,14,170,-156
119900095,210,16,194
119900096,51,39,12
119900097,57,239,-182
119900098,27,6,21
119900099,15,69,-54
119900100,454,2566,-2112
119900101,89,450,-361
119900102,43,85,-42
119900103,54,48,6
119900104,17,43,-26
119900105,426,631,-205
119900106,9,33,-24
119900107,188,633,-445
119900108,1992,410,1582
119900109,3,67,-64
119900110,656,278,378
119900111,231,57,174
119900112,369,999,-630
119900113,55,202,-147
119900114,347,205,142
119900115,838,168,670
119900116,202,358,-156
119900117,332,133,199
119900118,161,149,12
119900119,371,77,294
119900120,387,167,220
119900121,935,207,728
119900122,57,102,-45
119900123,79,112,-33
119900124,424,145,279
119900125,42,94,-52
119900126,1093,167,926
119900127,464,177,287
119900128,598,558,40
119900129,355,62,293
119900130,1,48,-47
119900131,32,66,-34
119900132,1,31,-30
119900133,138,36,102
119900134,291,84,207
119900135,0,166,-166
119900136,84,117,-33
119900138,136,211,-75
119900139,6,479,-473
119900140,1,26,-25
119900141,60,783,-723
119900142,5,12,-7
119900143,8,63,-55
119900144,818,183,635
119900145,35,57,-22
119900146,232,114,118
119900147,1,198,-197
119900148,644,23,621
119900149,286,8405,-8119
119900150,88,47,41
119900151,1392,843,549
119900152,232,86,146
119900153,391,33,358
119900154,51,320,-269
119900155,60,35,25
119900156,4,3,1
119900157,161,82,79
119900158,280,55,225
119900159,1,138,-137
119900160,15,62,-47
119900161,187,27,160
119900162,1860,543,1317
119900163,71,92,-21
119900164,0,2,-2
119900165,194,23,171
119900166,128,24,104
119900167,3,18,-15
119900168,2400,186,2214
119900169,23,269,-246
119900170,173,201,-28
119900171,641,326,315
119900172,21,7,14
119900173,3,41,-38
119900174,1,41,-40
119900175,2949,237,2712
119900177,2,55,-53
119900178,1,92,-91
119900179,274,1398,-1124
119900180,1790,546,1244
119900181,13,65,-52
119900182,1,57,-56
119900183,87,267,-180
119900184,406,200,206
119900185,29,485,-456
119900186,6,1794,-1788
119900187,3,204,-201
119900188,160,184,-24
119900189,100,160,-60
119900190,63,317,-254
119900191,128,259,-131
119900192,35,56,-21
119900193,1159,101,1058
119900194,36,26,10
119900195,1,141,-140
119900196,178,113,65
119900197,353,89,264
119900198,104,419,-315
119900199,105,10,95
119900200,901,631,270
119900201,121,57,64
119900202,18,337,-319
119900203,162,607,-445
119900204,386,178,208
119900205,1729,218,1511
119900206,479,179,300
119900208,266,66,200
119900209,603,2207,-1604
119900210,98,12,86
119900211,72,3,69
119900212,536,248,288
119900213,0,46,-46
119900214,140,20,120
119900215,79,13,66
119900216,27,17,10
119900217,23,9,14
119900218,11,77,-66
119900219,9,41,-32
119900220,6,7,-1
119900221,45,41,4
119900222,11,22,-11
119900223,10,30,-20
119900224,31,15,16
119900225,165,27,138
119900226,113,2251,-2138
119900227,123,139,-16
119900228,2,1021,-1019
119900229,56,199,-143
119900230,843,146,697
119900231,559,38,521
119900232,119,65,54
119900233,61,17,44
119900234,1,75,-74
119900235,1,23,-22
119900236,42,73,-31
119900237,90,241,-151
119900238,2,56,-54
119900240,121,72,49
119900241,246,162,84
119900242,1162,1105,57
119900244,517,853,-336
119900245,201,126,75
119900246,224,350,-126
119900247,8,32,-24
119900248,39,720,-681
119900249,511,67,444
119900253,858,223,635
119900254,67,1893,-1826
119900255,122,263,-141
119900256,1423,229,1194
119900257,197,3,194
119900258,386,17,369
119900259,21,39,-18
119900260,267,10,257
119900261,617,746,-129
119900262,1,61,-60
119900263,1546,136,1410
119900264,250,20,230
119900265,756,275,481
119900266,618,61,557
119900267,115,135,-20
119900268,242,46,196
119900269,1226,285,941
119900271,27,65,-38
119900272,82,90,-8
119900275,186,32,154
119900276,152,4,148
119900277,18,1,17
119900278,350,28,322
119900279,113,298,-185
119900280,545,15,530
119900281,1,348,-347
119900282,12,112,-100
119900283,24,50,-26
119900284,23,120,-97
119900285,3,73,-70
119900286,0,4,-4
119900288,0,3,-3
119900289,1,1,0
119900290,4,5,-1
119900291,0,11,-11
119900292,41,122,-81
119900293,28,18,10
119900294,33,73,-40
119900295,66,27,39
119900296,140,33,107
119900297,5,13,-8
119900298,1,4,-3
119900299,167,103,64
119900300,473,292,181
119900301,50,121,-71
119900302,11,137,-126
119900303,692,477,215
119900304,391,12,379
119900305,1,34,-33
119900306,32,1,31
119900307,59,17,42
119900308,10,32,-22
119900309,23,230,-207
119900310,192,96,96
119900311,285,16,269
119900312,117,27,90
119900313,226,135,91
119900314,326,385,-59
119900315,3105,510,2595
119900318,30,112,-82
119900319,0,47,-47
119900320,434,81,353
119900321,324,21,303
120000001,7155,33944,-26789
120000002,2837,2117,720
120000003,1946,656,1290
120000004,2563,740,1823
120000005,2469,857,1612
120000006,1583,599,984
120000007,2751,4433,-1682
120000008,1496,555,941
120000009,1145,793,352
120000010,2631,2639,-8
120000011,1312,765,547
120000012,1743,972,771
120000013,4248,2200,2048
120000014,1220,979,241
120000015,2844,1164,1680
120000016,4332,1851,2481
120000017,4688,5165,-477
120000018,2770,21730,-18960
120000019,1336,1068,268
120000020,1924,2615,-691
120000021,1562,969,593
120000022,2463,2869,-406
120000023,1465,1273,192
120000024,1037,1266,-229
120000025,3189,934,2255
120000026,4696,1078,3618
120000027,2567,1661,906
120000028,513,1124,-611
120000029,938,823,115
120000030,231,989,-758
120000031,1600,4652,-3052
120000032,3271,1449,1822
120000033,4211,682,3529
120000034,5270,700,4570
120000035,4529,864,3665
120000036,3773,4699,-926
120000037,527,2244,-1717
120000038,2801,1798,1003
120000039,502,1362,-860
120000040,74,4993,-4919
120000041,627,967,-340
120000042,3607,927,2680
120000043,6906,740,6166
120000044,9490,1205,8285
120000045,10402,526,9876
120000046,6402,5076,1326
120000047,515,12336,-11821
120000048,6326,2806,3520
120000049,5068,2511,2557
120000050,3667,3148,519
120000051,1935,4218,-2283
120000052,4672,775,3897
120000053,1739,1111,628
120000054,1431,1629,-198
120000055,1309,1912,-603
120000056,3530,2332,1198
120000057,4191,1322,2869
120000058,1173,802,371
120000059,8,2163,-2155
120000061,212,698,-486
120000062,157,145,12
120000063,535,1769,-1234
120000064,527,523,4
120000065,425,1350,-925
120000066,207,184,23
120000067,11,134,-123
120000068,481,170,311
120000069,1015,242,773
120000070,279,410,-131
120000071,1444,110,1334
120000072,1609,355,1254
120000073,1698,45,1653
120000074,68,78,-10
120000075,1719,342,1377
120000076,4227,635,3592
120000077,3784,391,3393
120000078,2489,753,1736
120000079,848,276,572
120000080,251,205,46
120000081,490,84,406
120000082,676,169,507
120000083,95,894,-799
120000084,208,173,35
120000085,194,386,-192
120000086,279,136,143
120000087,353,130,223
120000088,737,604,133
120000089,1000,190,810
120000090,701,242,459
120000091,1591,906,685
120000092,1146,213,933
120000093,1645,289,1356
120000094,398,421,-23
120000095,902,104,798
120000096,499,227,272
120000098,740,699,41
120000099,372,238,134
120000100,858,514,344
120000101,1047,316,731
120000102,1145,1074,71
120000103,2088,789,1299
120000104,3452,311,3141
120000105,3721,156,3565
120000106,5872,184,5688
120000107,10069,383,9686
120000108,3890,111,3779
120000109,1661,65,1596
120000110,52,485,-433
120000111,177,425,-248
120000112,464,829,-365
120000113,330,940,-610
120000114,375,641,-266
120000115,383,598,-215
120000116,356,776,-420
120000117,414,459,-45
120000118,178,61,117
120000119,8,36,-28
120000120,199,119,80
120000121,13,55,-42
120000122,253,560,-307
120000123,1830,12837,-11007
120000124,484,1151,-667
120000125,1440,420,1020
120000126,570,1102,-532
120000127,877,630,247
120000128,2423,2676,-253
120000129,304,213,91
120000130,1084,415,669
120000131,780,375,405
120000134,355,168,187
120000135,1569,620,949
120000137,372,177,195
120000138,3317,126,3191
120000139,582,274,308
120000140,2830,147,2683
120000141,400,647,-247
120000142,1186,765,421
120000143,0,24,-24
120000144,158,22,136
120000145,972,3,969
120000146,727,1200,-473
120000149,392,323,69
120000150,1451,12926,-11475
120000151,857,219,638
120000152,1872,72,1800
120000153,1181,265,916
120000154,838,787,51
120000155,544,538,6
120000156,829,3082,-2253
120000157,1991,382,1609
120000158,1586,408,1178
120000159,2371,1019,1352
120000160,1812,1282,530
120000161,5851,2462,3389
120000162,115,210,-95
120000163,1169,344,825
120000164,1262,108,1154
120000165,1971,200,1771
120000166,3014,290,2724
120000167,92,155,-63
120000168,0,378,-378
120000169,12,1123,-1111
120000170,11,1064,-1053
120000171,2,231,-229
120000172,2,215,-213
120000173,127,455,-328
120000174,13,127,-114
120000175,29,31,-2
120000176,6,38,-32
120000177,381,54,327
120000178,7,10,-3
120000179,13,35,-22
120000180,10,45,-35
120000181,5,453,-448
120000182,2,443,-441
120000183,5,146,-141
120000184,71,402,-331
120000186,16,332,-316
120000187,12,365,-353
120000188,13,148,-135
120000190,44,19,25
120000191,59,37,22
120000192,59,3,56
120000193,13,0,13
120000195,13,0,13
120000196,35,0,35
120000197,7,15,-8
120000198,511,18,493
120000199,478,0,478
120000200,376,2,374
120000201,35,86,-51
120000202,0,27,-27
120000203,237,78,159
120000207,0,11,-11
120000208,5,36,-31
120000209,48,17,31
120000210,433,200,233
120000211,788,8,780
120000212,579,0,579
120000213,432,118,314
120000214,0,27,-27
120000215,6,23,-17
120000216,613,32,581
120000217,172,530,-358
120000218,12,452,-440
120000219,2,233,-231
120000220,1,577,-576
120000225,4287,7,4280
120000226,918,24,894
120000227,1367,236,1131
120000228,7714,5601,2113
120000230,595,29,566
120000231,2821,379,2442
120000233,1312,32,1280
120000235,681,218,463
120000236,2986,3,2983
120000237,0,392,-392
120000238,2,247,-245
120000241,1424,5955,-4531
120000412,614,10,604
120000413,981,102,879
120000414,535,8,527
120000415,0,45,-45
120000416,412,18,394
120000417,26,641,-615
120000418,609,43,566
120000419,2,35,-33
120000420,190,43,147
120000421,6862,3560,3302
120000422,92,4119,-4027
120000423,2,130,-128
120000424,579,41,538
120000436,119,1889,-1770
120000437,18,24,-6
120000438,1277,201,1076
120000439,388,809,-421
120000443,355,0,355
120000444,2643,433,2210
120000445,2828,1391,1437
120000446,1164,330,834
120000447,964,0,964
120000449,441,40,401
120000450,2,86,-84
120000451,293,71,222
120000452,20,0,20
120000453,1,20,-19
120000454,130,229,-99
120000455,216,22,194
120000456,1144,5803,-4659
120000457,294,207,87
120000458,387,267,120
120000459,350,60,290
120000665,66,313,-247
120000668,84,822,-738
120000669,687,89,598
120000670,55,349,-294
120000671,4030,1269,2761
120000672,94,293,-199
120900001,92,31,61
120900002,130,448,-318
120900003,246,4,242
120900004,16,208,-192
120900005,209,238,-29
120900006,1271,139,1132
120900007,146,76,70
120900008,709,237,472
120900009,325,13,312
120900010,1294,166,1128
120900011,11,144,-133
120900012,22,1343,-1321
120900013,405,63,342
120900014,0,148,-148
120900015,1541,70,1471
120900016,2840,45,2795
120900017,1179,19,1160
120900018,482,128,354
120900019,570,322,248
120900020,351,444,-93
120900021,620,105,515
120900022,5,103,-98
120900023,790,615,175
120900024,1160,429,731
120900025,1038,385,653
120900026,124,34,90
120900027,435,15,420
120900028,842,220,622
120900029,7,1509,-1502
120900030,2982,340,2642
120900031,547,69,478
120900032,2699,218,2481
120900033,2046,138,1908
120900034,14,4405,-4391
120900035,50,25,25
120900037,784,10,774
120900038,102,683,-581
120900039,175,74,101
120900040,867,16,851
120900041,30,10,20
120900042,1200,60,1140
120900043,164,64,100
120900044,2,534,-532
120900045,155,5,150
120900046,1419,3,1416
120900047,250,271,-21
120900048,324,23,301
120900049,1453,10,1443
120900050,664,4531,-3867
120900051,761,52,709
120900052,2369,10,2359
120900053,701,26,675
120900054,658,139,519
120900055,1280,6,1274
120900056,1065,39,1026
120900057,598,23,575
120900058,1370,4,1366
120900059,351,1,350
120900060,166,3,163
120900061,214,88,126
120900062,731,1,730
120900063,1780,40,1740
120900064,1533,2,1531
120900065,1444,0,1444
120900066,2319,69,2250
120900067,460,122,338
120900068,1036,2,1034
120900069,996,9,987
120900071,24,0,24
120900072,1888,8,1880
120900073,1653,28,1625
120900074,2114,84,2030
120900076,1178,1,1177
120900077,912,229,683
120900078,1507,201,1306
120900079,2214,97,2117
120900080,2442,293,2149
120900081,3477,337,3140
120900082,560,474,86
120900083,259,50,209
120900084,719,503,216
120900085,17,57,-40
120900086,37,886,-849
120900087,717,226,491
120900088,179,864,-685
120900089,1064,5777,-4713
120900090,498,44,454
120900091,225,834,-609
120900092,125,123,2
120900093,821,43,778
120900094,194,86,108
120900095,277,6,271
120900096,92,99,-7
120900097,518,250,268
120900098,33,103,-70
120900099,50,30,20
120900100,44,76,-32
120900101,29,77,-48
120900102,132,15,117
120900103,71,142,-71
120900104,3,4,-1
120900105,8,284,-276
120900106,266,115,151
120900107,108,107,1
120900108,17,178,-161
120900109,64,169,-105
120900110,16,186,-170
120900111,216,115,101
120900112,4,111,-107
120900113,15,156,-141
120900114,8,112,-104
120900115,126,156,-30
120900116,1421,107,1314
120900117,0,85,-85
120900118,10,115,-105
120900119,3973,2043,1930
120900120,50,199,-149
120900121,29,135,-106
120900122,1905,175,1730
120900123,1,56,-55
120900124,10,142,-132
120900125,7,148,-141
120900126,140,313,-173
120900127,2,69,-67
120900128,246,476,-230
120900129,4,102,-98
120900130,1,142,-141
120900131,49,141,-92
120900132,1842,57,1785
120900133,26,396,-370
120900134,57,126,-69
120900135,3,385,-382
120900136,33,142,-109
120900137,640,21,619
120900138,1,97,-96
120900139,6,200,-194
120900140,2,86,-84
120900141,225,132,93
120900142,2,99,-97
120900143,0,207,-207
120900144,0,40,-40
120900145,218,1292,-1074
120900146,0,167,-167
120900147,29,1,28
120900148,173,71,102
120900149,0,112,-112
120900150,153,126,27
120900151,0,78,-78
120900152,2,3,-1
120900153,0,0,0
120900154,0,58,-58
120900155,408,200,208
120900156,536,116,420
120900157,0,3,-3
120900158,71,201,-130
120900159,0,17,-17
120900160,25,423,-398
120900161,8,164,-156
120900162,15,163,-148
120900163,36,244,-208
120900164,0,17,-17
120900165,0,39,-39
120900166,59,405,-346
120900167,109,19,90
120900169,116,146,-30
120900170,284,6276,-5992
120900171,281,57,224
120900172,22,556,-534
120900173,0,15,-15
120900174,4,83,-79
120900175,134,57,77
120900176,24,320,-296
120900177,0,2053,-2053
120900178,0,939,-939
120900179,66,151,-85
120900180,46,101,-55
120900181,21,6,15
120900182,35,71,-36
120900183,239,64,175
120900184,120,68,52
120900185,170,985,-815
120900186,0,101,-101
120900187,834,531,303
120900188,762,14,748
120900189,16,5081,-5065
120900190,503,14,489
120900191,275,7,268
120900192,4300,19740,-15440
120900194,183,73,110
120900195,146,90,56
120900196,455,28,427
120900197,1106,82,1024
120900198,89,302,-213
120900199,310,370,-60
120900200,18,67,-49
120900201,146,77,69
120900202,1,60,-59
120900203,29,45,-16
120900204,23,80,-57
120900205,238,44,194
120900206,53,52,1
120900207,11,568,-557
121000001,723,1360,-637
121000002,1864,1870,-6
121000003,4877,1918,2959
121000004,1867,3284,-1417
121000005,2426,2744,-318
121000006,2181,2653,-472
121000007,3334,3941,-607
121000008,3354,4173,-819
121000009,4241,7225,-2984
121000010,4823,5171,-348
121000011,5194,4834,360
121000012,8911,3404,5507
121000013,5022,4207,815
121000014,4125,2751,1374
121000015,4131,5841,-1710
121000016,2999,3515,-516
121000017,2729,1701,1028
121000018,2796,1571,1225
121000019,6368,6469,-101
121000020,7671,11587,-3916
121000021,1361,1809,-448
121000022,2418,2664,-246
121000023,2243,1090,1153
121000024,4415,4777,-362
121000025,262,1634,-1372
121000026,238,162,76
121000027,1396,1030,366
121000028,829,518,311
121000029,986,440,546
121000030,765,347,418
121000031,266,539,-273
121000032,176,70,106
121000034,297,628,-331
121000035,136,176,-40
121000036,1146,996,150
121000037,641,944,-303
121000038,304,935,-631
121000039,132,403,-271
121000041,353,286,67
121000042,262,375,-113
121000043,427,464,-37
121000044,1075,1197,-122
121000045,482,196,286
121000046,991,602,389
121000047,39,127,-88
121000049,795,594,201
121000050,202,1330,-1128
121000051,721,294,427
121000052,504,751,-247
121000053,295,153,142
121000054,26,419,-393
121000055,785,2112,-1327
121000056,772,1482,-710
121000057,137,326,-189
121000058,169,65,104
121000059,3149,817,2332
121000060,566,970,-404
121000061,3,399,-396
121000062,67,560,-493
121000063,880,1188,-308
121000064,625,747,-122
121000065,123,404,-281
121000066,613,711,-98
121000067,363,724,-361
121000068,332,407,-75
121000069,81,1370,-1289
121000070,998,1061,-63
121000071,1796,1366,430
121000072,394,1007,-613
121000073,1021,1580,-559
121000074,50,399,-349
121000075,8,64,-56
121000076,392,231,161
121000077,137,186,-49
121000078,60,130,-70
121000080,1355,449,906
121000081,2609,3561,-952
121000082,84,188,-104
121000083,32,103,-71
121000084,160,111,49
121000085,155,437,-282
121000086,1388,659,729
121000087,101,140,-39
121000088,745,822,-77
121000089,170,535,-365
121000090,351,243,108
121000091,1224,765,459
121000092,196,60,136
121000093,277,137,140
121000094,344,874,-530
121000095,145,606,-461
121000096,5531,1156,4375
121000097,429,1473,-1044
121000098,721,330,391
121000099,1044,424,620
121000100,1238,139,1099
121000101,450,102,348
121000102,506,113,393
121000103,268,271,-3
121000104,486,139,347
121000105,456,55,401
121000106,387,247,140
121000107,1488,1987,-499
121000109,890,734,156
121000110,132,640,-508
121000114,2661,1541,1120
121000115,1801,423,1378
121000116,287,477,-190
121000117,197,279,-82
121000118,1443,161,1282
121000119,425,273,152
121000120,682,664,18
121000121,503,1373,-870
121000123,625,234,391
121000127,260,121,139
121000128,1732,118,1614
121000129,1519,218,1301
121000130,663,1057,-394
121000131,1588,766,822
121000132,521,731,-210
121000135,154,171,-17
121000136,676,1485,-809
121000137,530,369,161
121000138,350,2240,-1890
121000139,145,749,-604
121000141,211,202,9
121000142,485,471,14
121000143,68,21,47
121000144,498,633,-135
121000145,806,679,127
121000146,1276,809,467
121000147,1394,601,793
121000148,833,579,254
121000149,2977,1906,1071
121000152,260,250,10
121000153,1191,352,839
121000154,1468,455,1013
121000155,2103,804,1299
121000156,378,686,-308
121000157,486,832,-346
121000158,277,155,122
121000159,240,281,-41
121000160,273,227,46
121000161,228,317,-89
121000162,222,104,118
121000165,759,1660,-901
121000166,110,408,-298
121000168,513,184,329
121000169,97,67,30
121000170,387,69,318
121000171,41,91,-50
121000172,1095,1187,-92
121000173,1226,1286,-60
121000174,837,488,349
121000175,1929,313,1616
121000176,443,221,222
121000177,769,517,252
121000178,56,61,-5
121000179,24,68,-44
121000181,272,373,-101
121000182,222,595,-373
121000183,23,267,-244
121000184,4,271,-267
121000185,38,333,-295
121000186,197,732,-535
121000187,277,105,172
121000188,385,27,358
121000192,765,197,568
121000193,877,181,696
121000194,1623,1602,21
121000195,278,1179,-901
121000196,503,372,131
121000197,104,933,-829
121000198,113,192,-79
121000199,318,374,-56
121000200,665,170,495
121000201,0,156,-156
121000202,665,109,556
121000203,637,1216,-579
121000204,3212,496,2716
121000205,170,229,-59
121000206,86,65,21
121000207,2552,709,1843
121000208,10,256,-246
121000209,1140,69,1071
121000210,870,448,422
121000211,624,68,556
121000212,569,456,113
121000213,14384,3249,11135
121000214,1021,2372,-1351
121000215,723,1375,-652
121000216,555,633,-78
121000217,3626,4300,-674
121000218,584,1600,-1016
121000219,1544,802,742
121000220,332,59,273
121000221,716,674,42
121000222,6202,2804,3398
121000223,205,609,-404
121000224,115,457,-342
121000225,474,8883,-8409
121000226,1101,2882,-1781
121000227,54,135,-81
121000228,28,490,-462
121000229,563,276,287
121000230,60,3337,-3277
121000231,2204,22,2182
121000232,355,281,74
121000233,898,422,476
121000234,3,42,-39
121000235,31,143,-112
121000236,1,21,-20
121000237,34,31,3
121000238,3,77,-74
121000239,111,19,92
121000240,5,151,-146
121000241,129,6,123
121000242,11,161,-150
121000243,261,41,220
121000244,0,26,-26
121000245,15,13,2
121000246,0,50,-50
121000247,148,3,145
121000248,434,318,116
121000249,122,218,-96
121000250,675,849,-174
121000251,17,266,-249
121000252,192,103,89
121000253,367,665,-298
121000254,1269,325,944
121000255,103,488,-385
121000256,286,384,-98
121000257,27,337,-310
121000258,36,237,-201
121000259,11,159,-148
121000260,4,130,-126
121000261,51,313,-262
121000262,1593,231,1362
121000263,507,722,-215
121000271,895,1501,-606
121000273,36,20,16
121000274,20,272,-252
121000275,13,3,10
121000276,5,141,-136
121000278,119,98,21
121000279,50,75,-25
121000280,13,123,-110
121000289,535,12,523
121000290,903,1219,-316
121000294,448,36,412
121000297,232,1189,-957
121000299,153,4530,-4377
121000300,1334,518,816
121000302,20,421,-401
121000303,910,127,783
121000304,584,28,556
121000305,280,45,235
121000306,315,189,126
121000308,55,124,-69
121000309,135,184,-49
121000310,160,119,41
121000311,47,142,-95
121000312,476,259,217
121000313,159,130,29
121000314,26,46,-20
121000315,28,79,-51
121000530,2364,1510,854
121000531,2198,1369,829
121000532,4211,4849,-638
121000533,3568,2360,1208
121000918,2,96,-94
121000919,24,143,-119
121000938,37,80,-43
121000939,37,192,-155
121000956,2433,2159,274
121000957,5,26,-21
121000958,9,136,-127
121000959,1847,234,1613
121000960,1532,1534,-2
121000961,466,60,406
121000962,220,246,-26
121000963,0,0,0
121000973,1,423,-422
121000976,6,51,-45
121000979,268,88,180
121000981,716,53,663
121000982,620,365,255
121000983,930,59,871
121000984,1,30,-29
121000985,1471,505,966
121000986,1349,223,1126
121000987,339,532,-193
121000988,1489,81,1408
121001302,207,49,158
121001308,2,25,-23
121001309,7,646,-639
121001313,439,265,174
121001314,1982,1827,155
121001315,4865,3781,1084
121001326,430,347,83
121900001,122,462,-340
121900002,56,180,-124
121900003,454,7,447
121900004,30,814,-784
121900005,19,3,16
121900006,202,10,192
121900007,1729,1399,330
121900008,45,117,-72
121900009,1075,10,1065
121900010,296,0,296
121900011,190,55,135
121900012,1,0,1
121900013,43,52,-9
121900014,2477,408,2069
121900015,86,79,7
121900016,12,27,-15
121900017,664,984,-320
121900018,668,7,661
121900019,564,121,443
121900020,76,6,70
121900021,1307,78,1229
121900022,278,126,152
121900023,202,283,-81
121900024,320,34,286
121900025,570,311,259
121900026,250,75,175
121900027,312,140,172
121900028,218,3,215
121900029,81,317,-236
121900030,358,410,-52
121900031,1030,6941,-5911
121900032,101,52,49
121900033,76,189,-113
121900034,180,288,-108
121900035,4856,2818,2038
121900036,153,242,-89
121900037,144,793,-649
121900038,15,11,4
121900039,304,29,275
121900040,45,43,2
121900041,43,173,-130
121900042,506,82,424
121900043,1,2,-1
121900044,76,30,46
121900046,136,97,39
121900047,104,81,23
121900048,46,36,10
121900050,62,56,6
121900051,165,292,-127
121900052,217,29,188
121900053,404,410,-6
121900054,488,1568,-1080
121900055,2,13,-11
121900058,328,162,166
121900059,319,146,173
121900060,105,290,-185
121900061,174,336,-162
121900062,106,70,36
121900063,1898,268,1630
121900064,541,550,-9
121900066,80,37,43
121900067,90,108,-18
121900069,90,157,-67
121900070,57,161,-104
121900071,902,303,599
121900072,77,57,20
121900073,189,179,10
121900074,361,392,-31
121900075,262,735,-473
121900076,523,1135,-612
121900078,86,64,22
121900079,4,0,4
121900080,795,149,646
121900082,102,34,68
121900084,7,22,-15
121900086,35,68,-33
121900087,64,70,-6
121900088,1131,1440,-309
121900089,525,153,372
121900090,20,47,-27
121900091,109,23,86
121900092,236,66,170
121900093,33,32,1
121900094,9,14,-5
121900095,398,78,320
121900096,1084,466,618
121900097,705,68,637
121900098,5,1,4
121900099,446,19,427
121900100,24,168,-144
121900101,125,46,79
121900102,0,62,-62
121900103,451,226,225
121900104,1815,280,1535
121900105,177,118,59
121900106,0,19,-19
121900107,150,21,129
121900108,0,12,-12
121900109,166,82,84
121900110,705,218,487
121900111,419,324,95
121900112,109,81,28
121900113,30,582,-552
121900114,64,70,-6
121900117,72,149,-77
121900118,1566,467,1099
121900119,82,128,-46
121900120,28,601,-573
121900121,242,3,239
121900122,95,53,42
121900123,233,301,-68
121900124,246,91,155
121900125,2174,928,1246
121900127,18,50,-32
121900128,127,51,76
121900129,197,66,131
121900130,55,199,-144
121900131,319,38,281
121900132,175,76,99
121900133,29,650,-621
121900134,1,272,-271
121900135,3540,278,3262
121900136,154,331,-177
121900137,13,417,-404
121900138,72,212,-140
121900139,371,1798,-1427
121900140,53,42,11
121900141,69,38,31
121900142,70,14,56
121900143,8,66,-58
121900144,116,480,-364
121900145,107,298,-191
121900146,313,370,-57
121900147,105,247,-142
121900148,114,172,-58
121900149,316,189,127
121900150,87,161,-74
121900151,12,209,-197
121900152,139,63,76
121900153,7,150,-143
121900154,0,300,-300
121900155,2,425,-423
121900156,131,101,30
121900157,1,145,-144
121900158,116,86,30
121900159,1,54,-53
121900160,72,203,-131
121900161,76,125,-49
121900162,42,82,-40
121900163,747,161,586
121900164,120,132,-12
121900165,144,136,8
121900166,126,91,35
121900167,77,39,38
121900168,131,26,105
121900169,21,166,-145
121900170,11,84,-73
121900171,870,368,502
121900172,474,231,243
121900173,475,245,230
121900174,105,24,81
121900175,52,730,-678
121900176,719,1018,-299
121900177,189,50,139
121900178,67,37,30
121900179,190,299,-109
121900180,1003,6720,-5717
121900182,496,465,31
121900183,264,2288,-2024
121900184,18,683,-665
121900186,12,408,-396
121900187,27,42,-15
121900188,1134,103,1031
121900189,106,53,53
121900190,178,308,-130
121900191,29,364,-335
121900192,252,2179,-1927
121900193,49,90,-41
121900194,6,151,-145
121900195,2,31,-29
121900196,847,938,-91
121900197,342,478,-136
121900198,2682,2868,-186
121900199,6,29,-23
121900200,28,192,-164
121900201,703,937,-234
121900202,122,920,-798
121900203,20,911,-891
121900204,1096,1889,-793
121900205,11,70,-59
121900206,39,49,-10
121900207,44,56,-12
121900208,103,452,-349
121900209,92,60,32
121900210,2888,1343,1545
121900211,575,275,300
121900212,17,140,-123
121900213,709,54,655
121900214,2,466,-464
121900215,51,161,-110
121900216,5,293,-288
121900217,121,230,-109
121900218,96,508,-412
121900220,80,14,66
121900221,362,366,-4
121900222,330,32,298
121900223,101,119,-18
121900224,101,115,-14
121900225,66,413,-347
121900226,161,31,130
121900227,330,1509,-1179
121900228,101,187,-86
121900230,44,252,-208
121900231,26,698,-672
121900232,80,358,-278
121900233,315,172,143
121900234,216,213,3
121900235,954,71,883
121900236,315,130,185
121900237,126,516,-390
121900238,145,232,-87
121900239,116,52,64
121900240,92,87,5
121900241,25,73,-48
121900242,30,0,30
121900243,3,0,3
121900244,11,0,11
121900245,309,47,262
121900246,7092,273,6819
121900248,1110,496,614
121900250,122,167,-45
121900251,381,21,360
121900252,266,69,197
121900253,41,635,-594
121900254,169,201,-32
121900255,514,56,458
121900258,4254,1628,2626
121900259,195,382,-187
121900260,115,92,23
121900261,81,474,-393
121900262,364,1114,-750
121900263,316,143,173
121900264,420,679,-259
121900265,569,44,525
121900266,1052,204,848
121900267,172,11,161
121900269,336,776,-440
121900270,76,162,-86
121900271,53,102,-49
121900273,467,1986,-1519
121900274,796,186,610
121900277,274,893,-619
121900278,125,837,-712
121900279,242,121,121
121900280,77,336,-259
121900281,111,263,-152
121900284,24,0,24
121900286,138,127,11
121900287,7,77,-70
121900288,1,0,1
121900290,86,863,-777
121900291,292,742,-450
121900292,209,87,122
121900293,783,4631,-3848
121900294,451,18,433
121900295,178,50,128
121900296,106,166,-60
121900298,130,1019,-889
121900299,0,40,-40
121900300,34,21,13
121900301,37,0,37
121900302,11,118,-107
121900303,81,471,-390
121900304,37,23,14
121900305,35,19,16
121900306,682,3,679
121900307,457,10,447
121900308,24,91,-67
121900309,4,118,-114
121900310,46,135,-89
121900311,709,9,700
121900312,567,11,556
121900313,560,7,553
121900314,2,7,-5
121900315,73,0,73
121900316,0,3,-3
121900317,26,14,12
121900318,0,1,-1
121900319,74,297,-223
121900320,20,14,6
121900321,58,18,40
121900322,1,6,-5
121900323,15,35,-20
121900324,0,39,-39
121900325,48,0,48
121900326,2,4,-2
121900327,17,32,-15
121900328,0,11,-11
121900329,0,37,-37
121900330,0,122,-122
121900331,11,122,-111
121900332,80,38,42
121900333,124,0,124
121900334,37,43,-6
122000001,1044,2419,-1375
122000002,2337,467,1870
122000003,500,1436,-936
122000004,869,690,179
122000005,4265,1722,2543
122000006,442,653,-211
122000007,360,738,-378
122000008,568,1567,-999
122000009,246,301,-55
122000010,1730,1834,-104
122000011,2727,1044,1683
122000012,365,1377,-1012
122000013,468,1042,-574
122000014,5640,1139,4501
122000015,1044,520,524
122000016,329,461,-132
122000017,778,875,-97
122000018,1930,1246,684
122000019,586,1816,-1230
122000020,122,352,-230
122000021,128,249,-121
122000022,599,925,-326
122000023,449,1274,-825
122000024,250,1416,-1166
122000025,438,1717,-1279
122000026,300,762,-462
122000027,516,449,67
122000028,1206,470,736
122000029,280,613,-333
122000030,109,122,-13
122000031,170,385,-215
122000032,2013,1466,547
122000033,202,1030,-828
122000034,240,740,-500
122000035,106,355,-249
122000036,347,282,65
122000037,401,176,225
122000038,159,276,-117
122000039,356,324,32
122000040,162,211,-49
122000041,878,878,0
122000042,288,675,-387
122000043,77,132,-55
122000044,68,96,-28
122000045,1108,634,474
122000046,616,627,-11
122000047,38,136,-98
122000048,1802,2894,-1092
122000049,4225,3078,1147
122000050,382,345,37
122000051,189,516,-327
122000052,346,414,-68
122000053,199,1144,-945
122000054,2029,1521,508
122000055,1328,2282,-954
122000056,2152,1431,721
122000057,1841,1829,12
122000058,342,1006,-664
122000059,495,1773,-1278
122000060,219,412,-193
122000061,133,278,-145
122000062,546,231,315
122000063,217,917,-700
122000064,2037,3439,-1402
122000065,1993,2201,-208
122000066,180,832,-652
122000067,856,1289,-433
122000068,2296,1188,1108
122000069,861,1010,-149
122000070,1291,1185,106
122000071,3809,940,2869
122000072,584,453,131
122000073,128,684,-556
122000074,1944,1182,762
122000075,862,615,247
122000076,3254,1077,2177
122000077,355,1424,-1069
122000078,372,1311,-939
122000079,182,1648,-1466
122000080,416,246,170
122000081,191,145,46
122000082,200,1085,-885
122000083,5208,790,4418
122000084,4396,1377,3019
122000085,232,811,-579
122000086,2432,5910,-3478
122000087,140,195,-55
122000088,63,184,-121
122000089,4389,2628,1761
122000090,332,1041,-709
122000091,54,521,-467
122000092,55,213,-158
122000093,1038,3619,-2581
122000094,4823,2096,2727
122000095,463,3103,-2640
122000096,442,2235,-1793
122000098,3473,3122,351
122000099,304,2268,-1964
122000100,516,428,88
122000101,204,575,-371
122000102,2890,947,1943
122000103,979,1566,-587
122000104,1541,114,1427
122000105,239,416,-177
122000106,473,1523,-1050
122000107,1129,264,865
122000108,549,579,-30
122000109,275,189,86
122000110,559,428,131
122000111,1553,1038,515
122000112,1392,1480,-88
122000113,593,331,262
122000114,1032,3303,-2271
122000115,3100,1686,1414
122000116,240,628,-388
122000117,1030,580,450
122000118,765,478,287
122000119,1785,1083,702
122000120,490,2075,-1585
122000121,736,2029,-1293
122000122,368,693,-325
122000123,736,1348,-612
122000124,517,354,163
122000125,223,441,-218
122000126,178,275,-97
122000127,168,506,-338
122000128,199,206,-7
122000129,325,2626,-2301
122000130,2154,893,1261
122000131,1088,726,362
122000132,180,374,-194
122000133,1004,492,512
122000134,978,629,349
122000135,421,142,279
122000136,660,563,97
122000137,2420,520,1900
122000139,689,2920,-2231
122000140,99,856,-757
122000141,3254,1604,1650
122000142,85,1421,-1336
122000143,231,367,-136
122000144,1978,659,1319
122000145,675,1122,-447
122000146,416,1997,-1581
122000147,393,871,-478
122000148,291,1401,-1110
122000149,1457,560,897
122000150,1732,783,949
122000151,108,255,-147
122000152,314,225,89
122000153,306,274,32
122000154,162,147,15
122000155,841,2014,-1173
122000156,9154,4222,4932
122000157,422,9195,-8773
122000158,287,824,-537
122000159,1006,724,282
122000160,2056,1162,894
122000161,1246,859,387
122000162,528,990,-462
122000163,324,87,237
122000164,39,166,-127
122000165,733,1344,-611
122000166,462,2097,-1635
122000167,222,483,-261
122000168,162,1221,-1059
122000169,258,128,130
122000170,260,218,42
122000171,22,53,-31
122000172,1898,1076,822
122000173,1528,1745,-217
122000174,830,3419,-2589
122000175,410,197,213
122000176,348,1574,-1226
122000177,588,1437,-849
122000178,3326,2937,389
122000179,3288,3387,-99
122000180,455,721,-266
122000181,537,1077,-540
122000182,611,739,-128
122000183,1738,937,801
122000184,2378,2448,-70
122000185,884,2029,-1145
122000186,556,1166,-610
122000187,1895,821,1074
122000188,208,200,8
122000189,145,164,-19
122000190,481,1769,-1288
122000191,425,519,-94
122000192,953,473,480
122000193,449,738,-289
122000194,319,187,132
122000195,157,1253,-1096
122000196,1214,278,936
122000197,558,520,38
122000198,256,1959,-1703
122000199,214,259,-45
122000200,666,585,81
122000201,767,2548,-1781
122000202,602,2338,-1736
122000203,1762,1092,670
122000204,1194,1007,187
122000205,504,451,53
122000206,4715,1145,3570
122000207,1792,2027,-235
122000208,1725,1478,247
122000209,1907,377,1530
122000210,1868,1875,-7
122000211,898,1513,-615
122000212,633,482,151
122000213,813,1579,-766
122000214,1491,1429,62
122000215,2252,1956,296
122000217,892,1403,-511
122000218,515,55,460
122000219,1079,540,539
122000220,180,665,-485
122000221,103,258,-155
122000222,482,112,370
122000223,599,593,6
122000225,575,318,257
122000226,1236,1296,-60
122000227,141,1273,-1132
122000228,235,316,-81
122000229,33,829,-796
122000230,21,315,-294
122000231,256,728,-472
122000232,350,415,-65
122000233,0,62,-62
122000234,872,39,833
122000235,369,69,300
122000236,1654,70,1584
122000237,109,86,23
122000238,196,421,-225
122000239,456,464,-8
122000240,1166,382,784
122000241,3151,479,2672
122000242,508,55,453
122000243,381,77,304
122000244,80,271,-191
122000245,208,74,134
122000246,586,278,308
122000247,578,837,-259
122000248,754,595,159
122000249,2044,1348,696
122000250,1955,980,975
122000251,75,161,-86
122000252,219,20,199
122000253,91,123,-32
122000254,512,47,465
122000255,535,493,42
122000256,277,399,-122
122000257,362,182,180
122000258,413,197,216
122000259,45,160,-115
122000260,3,108,-105
122000261,10,236,-226
122000262,0,19,-19
122000263,153,73,80
122000264,1917,238,1679
122000265,2590,948,1642
122000266,3271,773,2498
122000267,64,84,-20
122000268,222,159,63
122000269,1035,223,812
122000270,590,190,400
122000271,177,2591,-2414
122000272,319,492,-173
122000273,636,236,400
122000274,278,165,113
122000275,38,172,-134
122000276,1995,589,1406
122000277,920,2816,-1896
122000278,2020,356,1664
122000279,174,237,-63
122000280,507,508,-1
122000281,476,318,158
122000282,101,743,-642
122000283,394,312,82
122000284,31,203,-172
122000285,407,97,310
122000286,106,181,-75
122000287,1711,1775,-64
122000288,469,226,243
122000291,2723,524,2199
122000293,193,118,75
122000294,147,592,-445
122000295,1321,291,1030
122000296,37,1365,-1328
122000297,1543,3920,-2377
122000299,577,180,397
122000300,359,468,-109
122000301,5750,4388,1362
122000302,362,4746,-4384
122000303,1558,924,634
122000304,27,197,-170
122000305,2045,449,1596
122000306,99,204,-105
122000307,79,121,-42
122000309,31,77,-46
122000310,8,57,-49
122000311,22,63,-41
122000312,112,192,-80
122000313,11,107,-96
122000314,218,509,-291
122000315,352,18,334
122000316,1717,255,1462
122000317,3145,176,2969
122000318,153,1117,-964
122000319,212,223,-11
122000320,255,643,-388
122000321,73,106,-33
122000322,957,1318,-361
122000323,271,1332,-1061
122000324,1474,1907,-433
122000325,651,1647,-996
122000326,170,47,123
122000327,219,791,-572
122000328,471,400,71
122000330,1836,1441,395
122000332,213,440,-227
122000333,30,40,-10
122000337,1423,599,824
122000338,523,121,402
122000340,171,3230,-3059
122000342,1139,652,487
122000343,487,427,60
122000344,85,5,80
122000345,11,10,1
122000346,191,105,86
122000348,491,409,82
122000349,69,244,-175
122000351,458,135,323
122000352,127,146,-19
122000353,243,26,217
122000355,62,484,-422
122000356,180,1403,-1223
122000357,74,23,51
122000358,0,18,-18
122000359,0,21,-21
122000360,0,4,-4
122000362,24,14,10
122000364,495,131,364
122000365,0,37,-37
122000366,35,3,32
122000368,484,658,-174
122000370,21,44,-23
122000371,34,0,34
122000372,37,1,36
122000381,197,287,-90
122000382,47,109,-62
122000384,980,856,124
122000385,73,0,73
122000386,96,1652,-1556
122000387,356,1764,-1408
122000388,1312,1098,214
122000389,134,1067,-933
122000390,179,656,-477
122000391,40,1533,-1493
122000392,101,110,-9
122000393,44,270,-226
122000394,757,153,604
122000395,184,130,54
122000396,372,59,313
122000397,59,104,-45
122000398,15,137,-122
122000399,150,58,92
122000400,51,1218,-1167
122000401,181,62,119
122000402,789,118,671
122000403,346,267,79
122000404,350,68,282
122000408,551,859,-308
122000503,14,92,-78
122000524,48,220,-172
122000544,62,2867,-2805
122000614,183,182,1
122000616,148,0,148
122000640,220,77,143
122000641,279,205,74
122000642,1458,380,1078
122000643,33,195,-162
122000644,86,52,34
122000645,42,131,-89
122000651,325,1376,-1051
122000664,223,32,191
122000665,1072,340,732
122000666,379,447,-68
122000673,33,133,-100
122000674,753,263,490
122000675,2845,482,2363
122000686,267,1630,-1363
122000687,2339,391,1948
122000688,231,378,-147
122000689,2145,217,1928
122000690,4859,316,4543
122000691,1158,496,662
122000692,1374,339,1035
122000693,268,530,-262
122000695,484,175,309
122000696,1118,137,981
122000698,413,120,293
122000699,567,72,495
122000701,3274,172,3102
122000702,669,799,-130
122000703,232,70,162
122000712,0,0,0
122000717,54,89,-35
122000718,439,4295,-3856
122000719,25,78,-53
122000720,1258,96,1162
122000724,170,187,-17
122900001,34,18,16
122900002,688,8204,-7516
122900003,670,12,658
122900004,4401,255,4146
122900005,37,273,-236
122900006,438,2226,-1788
122900007,12,80,-68
122900008,249,457,-208
122900009,394,265,129
122900010,230,102,128
122900012,202,311,-109
122900014,71,103,-32
122900015,863,613,250
122900016,167,134,33
122900017,214,849,-635
122900018,271,6,265
122900019,11,160,-149
122900020,256,696,-440
122900021,71,516,-445
122900022,1593,1068,525
122900023,567,82,485
122900024,112,66,46
122900025,11,408,-397
122900026,3,96,-93
122900027,45,880,-835
122900028,60,45,15
122900029,5795,1797,3998
122900030,1976,254,1722
122900031,59,332,-273
122900032,533,212,321
122900033,172,99,73
122900034,2887,3783,-896
122900035,88,33,55
122900036,42,34,8
122900037,451,250,201
122900038,33,2620,-2587
122900039,47,458,-411
122900040,226,1078,-852
122900041,128,638,-510
122900042,156,134,22
122900043,457,247,210
122900044,98,325,-227
122900045,141,146,-5
122900046,67,430,-363
122900047,106,83,23
122900048,33,245,-212
122900049,3294,63,3231
122900051,24,318,-294
122900052,166,58,108
122900053,27,22,5
122900055,240,64,176
122900057,268,23,245
122900061,538,28,510
122900062,507,892,-385
122900063,270,91,179
122900064,1082,660,422
122900065,479,100,379
122900066,674,164,510
122900067,480,500,-20
122900069,404,2225,-1821
122900070,424,70,354
122900071,58,182,-124
122900073,32,69,-37
122900074,1923,141,1782
122900075,1,36,-35
122900076,0,75,-75
122900077,0,44,-44
122900078,410,12,398
122900080,23,48,-25
122900081,168,47,121
122900082,2062,40,2022
122900083,191,22,169
122900084,6,89,-83
122900086,5,83,-78
122900087,481,152,329
122900088,28,645,-617
122900089,30,399,-369
122900090,0,138,-138
122900091,723,1,722
122900092,0,77,-77
122900093,1,47,-46
122900094,0,62,-62
122900095,300,35,265
122900096,1094,292,802
122900097,74,147,-73
122900098,18,118,-100
122900099,291,100,191
122900100,71,1451,-1380
122900101,395,344,51
122900102,133,128,5
122900103,686,19,667
122900104,614,13,601
122900105,48,21,27
122900106,0,26,-26
122900107,1,46,-45
122900108,2,65,-63
122900109,550,67,483
123000001,668,854,-186
123000002,1765,5447,-3682
123000003,4696,3956,740
123000004,2436,2745,-309
123000005,3556,2239,1317
123000006,2127,1297,830
123000007,4383,2316,2067
123000008,2050,2661,-611
123000009,4836,2661,2175
123000010,2671,2908,-237
123000011,1493,1162,331
123000012,487,2882,-2395
123000013,5496,1112,4384
123000014,621,2587,-1966
123000015,2519,1082,1437
123000016,2249,2265,-16
123000017,4853,2216,2637
123000018,171,80,91
123000019,1236,38,1198
123000020,804,53,751
123000021,463,685,-222
123000022,1487,2950,-1463
123000023,2129,2934,-805
123000024,2023,914,1109
123000025,725,115,610
123000026,14,122,-108
123000027,50,769,-719
123000028,587,3737,-3150
123000029,759,2252,-1493
123000030,407,247,160
123000031,763,143,620
123000032,1109,241,868
123000033,644,127,517
123000034,1263,973,290
123000035,311,563,-252
123000036,202,1453,-1251
123000037,262,168,94
123000038,28,241,-213
123000039,536,1296,-760
123000040,587,200,387
123000041,555,862,-307
123000042,457,988,-531
123000043,1177,10495,-9318
123000044,2626,1893,733
123000045,1883,1134,749
123000046,210,1074,-864
123000047,362,484,-122
123000048,102,1647,-1545
123000049,3939,9006,-5067
123000050,2582,1494,1088
123000051,119,287,-168
123000052,948,2396,-1448
123000053,2063,1980,83
123000054,2868,2116,752
123000055,2279,5176,-2897
123000056,1197,491,706
123000057,2844,4217,-1373
123000058,668,1412,-744
123000059,180,475,-295
123000060,1544,433,1111
123000061,390,476,-86
123000063,1499,1150,349
123000064,1804,137,1667
123000065,2252,2471,-219
123000066,319,415,-96
123000067,1254,332,922
123000068,1329,1283,46
123000069,1934,805,1129
123000070,177,197,-20
123000071,2461,467,1994
123000072,915,363,552
123000073,2701,570,2131
123000074,1101,465,636
123000075,346,1973,-1627
123000076,876,278,598
123000077,1831,830,1001
123000078,3578,616,2962
123000079,3572,959,2613
123000080,2703,525,2178
123000081,232,265,-33
123000082,254,468,-214
123000083,1076,213,863
123000084,722,371,351
123000085,834,56,778
123000086,1235,55,1180
123000087,504,154,350
123000088,1110,616,494
123000089,1534,688,846
123000090,1632,555,1077
123000091,2005,1138,867
123000092,1157,1090,67
123000094,903,113,790
123000095,1539,1437,102
123000096,1496,289,1207
123000097,660,177,483
123000098,1393,180,1213
123000099,863,184,679
123000100,160,513,-353
123000101,269,154,115
123000102,446,1024,-578
123000104,508,329,179
123000105,353,142,211
123000106,739,228,511
123000107,254,124,130
123000108,336,581,-245
123000111,1724,251,1473
123000112,2252,230,2022
123000113,435,349,86
123000114,358,829,-471
123000115,635,493,142
123000116,60,54,6
123000117,3330,1128,2202
123000118,722,247,475
123000119,398,363,35
123000120,168,418,-250
123000121,833,388,445
123000122,373,194,179
123000123,877,334,543
123000124,446,149,297
123000125,1324,611,713
123000126,1174,6009,-4835
123000127,497,421,76
123000128,235,99,136
123000129,1466,83,1383
123000130,1434,43,1391
123000131,1832,960,872
123000132,274,220,54
123000133,238,87,151
123000134,197,55,142
123000135,2712,918,1794
123000136,146,237,-91
123000137,251,64,187
123000138,246,145,101
123000139,974,37,937
123000140,61,293,-232
123000141,560,68,492
123000142,1160,781,379
123000143,937,1510,-573
123000144,3,32,-29
123000145,180,426,-246
123000146,22,292,-270
123000147,35,397,-362
123000149,364,183,181
123000150,122,142,-20
123000151,145,438,-293
123000152,19,280,-261
123000153,94,742,-648
123000154,922,2274,-1352
123000155,1141,1883,-742
123000156,9,47,-38
123000157,1033,982,51
123000158,407,1105,-698
123000159,2497,5008,-2511
123000160,1222,1884,-662
123000161,1309,1567,-258
123000162,2041,2374,-333
123000163,1230,204,1026
123000164,3215,151,3064
123000165,120,719,-599
123000166,10,63,-53
123000167,142,103,39
123000168,555,120,435
123000169,1526,95,1431
123000170,298,24,274
123000171,2224,15,2209
123000172,63,232,-169
123000173,700,313,387
123000174,630,526,104
123000175,209,516,-307
123000176,971,292,679
123000177,219,627,-408
123000178,1342,279,1063
123000179,20,407,-387
123000180,1745,414,1331
123000181,54,412,-358
123000183,208,717,-509
123000184,41,280,-239
123000186,0,160,-160
123000187,805,20,785
123000188,666,4,662
123000189,272,65,207
123000190,78,82,-4
123000192,6,171,-165
123000193,11,181,-170
123000194,200,104,96
123000195,534,12,522
123000196,629,95,534
123000197,126,175,-49
123000198,99,200,-101
123000199,41,280,-239
123000200,638,6,632
123000201,1493,17,1476
123000202,12,168,-156
123000203,1770,17,1753
123000204,31,323,-292
123000205,133,473,-340
123000206,3661,136,3525
123000207,49,322,-273
123000208,1264,49,1215
123000209,2196,473,1723
123000210,62,544,-482
123000211,232,779,-547
123000212,5264,358,4906
123000213,627,46,581
123000215,113,239,-126
123000216,146,1638,-1492
123000217,219,55,164
123000218,15,627,-612
123000219,479,145,334
123000220,682,273,409
123000221,286,70,216
123000222,361,192,169
123000223,882,180,702
123000224,719,208,511
123000225,482,36,446
123000226,265,106,159
123000227,116,131,-15
123000228,402,57,345
123000229,463,586,-123
123000232,61,266,-205
123000233,1188,99,1089
123000234,160,588,-428
123000235,2270,182,2088
123000236,391,380,11
123000237,841,136,705
123000238,36,256,-220
123000239,307,375,-68
123000240,83,898,-815
123000241,281,60,221
123000242,152,166,-14
123000243,940,785,155
123000244,826,468,358
123000245,5,114,-109
123000249,227,522,-295
123000252,840,415,425
123000253,2209,395,1814
123000254,636,292,344
123000255,1254,813,441
123000256,8,145,-137
123000257,1240,908,332
123000258,926,493,433
123000259,666,552,114
123000260,853,157,696
123000261,461,143,318
123000262,35,100,-65
123000263,689,82,607
123000264,205,68,137
123000265,14,62,-48
123000266,406,404,2
123000267,867,206,661
123000268,46,45,1
123000269,56,23,33
123000270,25,24,1
123000271,34,21,13
123000272,562,288,274
123000273,403,989,-586
123000274,1559,630,929
123000275,183,633,-450
123000278,1251,4062,-2811
123000279,301,93,208
123000280,299,239,60
123000281,467,85,382
123000282,66,150,-84
123000283,279,43,236
123000284,71,70,1
123000286,105,345,-240
123000287,180,212,-32
123000288,677,1220,-543
123000289,140,1811,-1671
123000291,83,590,-507
123000294,197,165,32
123000295,626,1213,-587
123000296,1182,563,619
123000297,1275,235,1040
123000298,2168,289,1879
123000299,201,136,65
123000300,2112,1226,886
123000301,251,671,-420
123000302,300,47,253
123000303,180,839,-659
123000305,582,490,92
123000306,427,82,345
123000309,76,53,23
123000310,85,24,61
123000311,1,52,-51
123000312,801,298,503
123000313,1546,1417,129
123000315,488,142,346
123000316,951,804,147
123000317,299,194,105
123000318,13,249,-236
123000329,18,10,8
123000337,262,233,29
123000338,125,236,-111
123000339,655,71,584
123000340,163,228,-65
123000342,7,35,-28
123000343,119,18,101
123000344,443,82,361
123000345,319,151,168
123000346,720,75,645
123000352,902,530,372
123000353,113,48,65
123000354,1190,5,1185
123000355,0,380,-380
123000356,517,27,490
123000357,0,78,-78
123000359,16,40,-24
123000360,219,377,-158
123000361,333,175,158
123000362,583,52,531
123000363,220,48,172
123000364,463,417,46
123000365,19,356,-337
123000366,221,2958,-2737
123000367,301,556,-255
123000370,34,204,-170
123000371,1115,72,1043
123000372,543,121,422
123000373,21,167,-146
123000374,3,109,-106
123000375,458,395,63
123000376,1096,846,250
123000377,868,8,860
123000378,5,142,-137
123000379,5,189,-184
123000380,7,193,-186
123000381,53,98,-45
123000382,589,151,438
123000383,79,667,-588
123000384,1138,133,1005
123000385,135,302,-167
123000436,69,941,-872
123000507,60,129,-69
123000508,153,1383,-1230
123000517,188,12,176
123000518,11,42,-31
123000519,141,78,63
123000520,43,67,-24
123000521,729,64,665
123000522,122,78,44
123000541,30,7,23
123000542,0,1,-1
123000565,1139,101,1038
123000566,863,134,729
123000567,194,65,129
123000573,32,354,-322
123000574,1493,99,1394
123000575,3561,225,3336
123000576,1055,575,480
123000577,104,481,-377
123000578,699,61,638
123000579,844,7012,-6168
123000580,149,150,-1
123000582,539,23,516
123000583,5,159,-154
123000584,217,117,100
123000585,0,15,-15
123000586,432,24,408
123000596,29,64,-35
123000597,107,196,-89
123000602,292,35,257
123000603,2045,757,1288
123000604,1342,217,1125
123000605,1135,32,1103
123000606,0,837,-837
123000609,26,236,-210
123000610,58,85,-27
123000613,138,38,100
123000614,497,51,446
123000615,116,84,32
123000616,1459,59,1400
123000617,77,112,-35
123000618,6,283,-277
123000619,665,19,646
123000620,6,152,-146
123000622,885,22,863
123000624,486,127,359
123000630,3117,596,2521
123000631,328,497,-169
123000632,809,468,341
123000633,63,405,-342
123000634,51,835,-784
123000635,33,285,-252
123000636,350,577,-227
123000637,429,25,404
123000638,1353,54,1299
123000639,973,9013,-8040
123000640,18,170,-152
123000648,1092,33,1059
123000649,17,246,-229
123000650,1012,553,459
123000651,267,156,111
123900001,1252,53,1199
123900002,20,1202,-1182
123900003,92,205,-113
123900005,341,202,139
123900006,795,107,688
124000001,2967,249,2718
124000002,6,452,-446
124000003,1702,219,1483
124000004,119,205,-86
124000005,1261,2225,-964
124000006,185,326,-141
124000007,1503,167,1336
124000008,5,596,-591
124000009,1223,588,635
124000010,632,509,123
124000011,950,839,111
124000012,366,220,146
124000017,363,76,287
124000018,159,95,64
124000019,312,75,237
124000020,41,73,-32
124000021,142,86,56
124000022,94,182,-88
124000023,1742,1524,218
124000024,1002,259,743
124000025,1238,1504,-266
124000026,1078,778,300
124000027,2878,2061,817
124000028,1416,2627,-1211
124000030,1112,356,756
124000031,1189,12696,-11507
124000032,948,653,295
124000033,1145,1695,-550
124000034,684,693,-9
124000035,518,140,378
124000036,349,544,-195
124000037,281,585,-304
124000038,12,166,-154
124000039,295,125,170
124000040,112,723,-611
124000041,1208,238,970
124000042,254,290,-36
124000043,231,30,201
124000044,100,151,-51
124000045,2215,189,2026
124000046,228,499,-271
124000047,3933,406,3527
124000048,1452,269,1183
124000049,2627,294,2333
124000050,1095,652,443
124000051,2097,232,1865
124000052,777,439,338
124000053,413,3249,-2836
124000054,583,184,399
124000055,974,7268,-6294
124000056,1036,664,372
124000057,2300,222,2078
124000058,1112,587,525
124000059,1747,977,770
124000060,466,459,7
124000061,1451,7651,-6200
124000062,1277,855,422
124000063,1207,497,710
124000064,1188,812,376
124000065,28,746,-718
124000066,296,142,154
124000067,97,144,-47
124000068,152,543,-391
124000069,660,104,556
124000070,580,168,412
124000071,207,578,-371
124000072,285,1331,-1046
124000073,1199,94,1105
124000074,240,682,-442
124000075,869,24,845
124000076,134,44,90
124000077,397,498,-101
124000078,1488,964,524
124000079,180,816,-636
124000080,1384,373,1011
124000081,308,647,-339
124000082,162,174,-12
124000083,17,67,-50
124000084,39,1557,-1518
124000085,61,34,27
124000086,8,331,-323
124000087,74,297,-223
124000088,168,210,-42
124000089,702,167,535
124000090,343,131,212
124000091,773,104,669
124000092,456,424,32
124000093,224,61,163
124000094,145,487,-342
124000095,176,51,125
124000096,343,84,259
124000097,295,109,186
124000098,267,26,241
124000099,397,37,360
124000100,93,114,-21
124000101,234,136,98
124000102,79,12,67
124000103,345,164,181
124000104,124,25,99
124000105,287,97,190
124000106,138,17,121
124000107,39,321,-282
124000108,65,9,56
124000109,138,73,65
124000110,121,52,69
124000111,236,92,144
124000112,1500,280,1220
124000113,230,156,74
124000114,771,220,551
124000115,438,488,-50
124000116,83,278,-195
124000117,27,54,-27
124000118,38,52,-14
124000119,1331,626,705
124000120,777,287,490
124000121,1067,1075,-8
124000122,489,1670,-1181
124000123,534,284,250
124000124,549,531,18
124000125,385,202,183
124000126,375,327,48
124000127,1118,273,845
124000128,888,238,650
124000129,1462,857,605
124000130,418,194,224
124000131,586,503,83
124000132,430,446,-16
124000133,1253,607,646
124000134,681,311,370
124000135,1458,1548,-90
124000136,414,515,-101
124000137,749,614,135
124000138,518,547,-29
124000139,1084,218,866
124000140,35,800,-765
124000141,1786,24,1762
124000142,56,321,-265
124000143,65,36,29
124000144,4,191,-187
124000145,146,246,-100
124000146,35,224,-189
124000148,3,107,-104
124000149,1343,240,1103
124000150,277,1095,-818
124000151,1584,379,1205
124000152,808,935,-127
124000153,1275,383,892
124000154,641,415,226
124000155,848,626,222
124000156,881,572,309
124000169,138,831,-693
124000170,552,380,172
124000171,441,412,29
124000172,290,313,-23
124000173,1241,174,1067
124000174,729,348,381
124000175,77,97,-20
124000176,101,22,79
124000177,5,51,-46
124000178,66,79,-13
124000185,62,5,57
124000186,12,43,-31
124000187,0,42,-42
124000188,215,4,211
124000190,33,75,-42
124000191,154,595,-441
124000192,1105,719,386
124000193,116,3609,-3493
124000194,257,133,124
124000195,534,397,137
124000196,664,567,97
124000197,98,15,83
124000198,77,49,28
124000201,61,331,-270
124000202,1046,67,979
124000203,1460,128,1332
124000204,3544,115,3429
124000205,203,422,-219
124000206,2171,174,1997
124000207,0,17,-17
124000209,198,188,10
124000210,1888,223,1665
124000211,1691,4,1687
124000212,0,93,-93
124000213,1172,204,968
124000214,1303,331,972
124000215,1295,6,1289
124000216,5,199,-194
124000329,7,256,-249
124000338,67,585,-518
124000339,4288,44,4244
124000341,3621,19,3602
124000344,172,50,122
124000357,1182,3056,-1874
124000358,615,1819,-1204
124000359,1346,749,597
124000360,1660,474,1186
124000361,1930,1228,702
124000362,1382,2661,-1279
124000363,678,236,442
124000364,605,268,337
124000365,937,605,332
124000366,2674,504,2170
124000367,73,191,-118
124000368,404,2001,-1597
124000369,47,96,-49
124000370,32,651,-619
124000402,86,34,52
124000403,237,66,171
124000404,77,25,52
124000405,627,442,185
124000406,654,223,431
124000407,6,11,-5
124000411,3,373,-370
124000412,863,3,860
124000413,182,432,-250
124000414,222,63,159
124000415,54,46,8
124000416,192,98,94
124000417,542,63,479
124000418,496,21,475
124000419,269,31,238
124000420,285,13,272
124000421,155,55,100
124000422,29,11,18
124000423,231,8,223
124000424,22,23,-1
124000425,217,81,136
124000426,17,53,-36
124000427,685,16,669
124000428,10,1200,-1190
124000429,199,13,186
124000430,890,360,530
124000431,754,209,545
124000432,572,812,-240
124000439,54,3,51
124000443,2,8,-6
124000445,300,4824,-4524
124000446,769,827,-58
124000447,15,556,-541
124000448,368,24,344
124000449,700,6,694
124000450,11,98,-87
124000451,3,24,-21
124900001,1272,112,1160
124900002,234,92,142
124900003,1611,193,1418
124900004,1438,98,1340
124900005,185,46,139
124900006,1360,169,1191
124900008,427,402,25
124900009,40,549,-509
124900010,434,91,343
124900011,1413,211,1202
124900012,274,68,206
124900013,655,65,590
124900014,300,102,198
124900015,160,563,-403
124900016,121,233,-112
124900017,389,5013,-4624
124900018,226,21,205
124900020,197,18,179
124900021,675,88,587
124900022,75,1,74
124900024,1057,14,1043
124900026,46,49,-3
124900027,156,203,-47
124900028,273,69,204
124900029,28,713,-685
124900030,2,93,-91
124900031,7,161,-154
124900032,111,117,-6
124900033,136,169,-33
124900034,4,80,-76
124900035,122,66,56
124900036,0,82,-82
124900037,208,46,162
124900039,1,111,-110
124900040,143,75,68
124900042,27,2,25
124900043,562,393,169
124900044,89,0,89
124900045,261,640,-379
124900047,292,207,85
124900048,269,58,211
124900050,150,89,61
124900052,126,148,-22
124900053,465,819,-354
124900054,598,704,-106
124900055,1,120,-119
124900057,7,125,-118
124900060,312,500,-188
124900061,237,0,237
124900062,252,19,233
124900066,0,18,-18
124900067,42,85,-43
124900068,109,1284,-1175
124900070,16,55,-39
124900072,250,19,231
124900075,852,96,756
124900076,38,2797,-2759
124900077,32,47,-15
124900078,142,4,138
124900079,246,236,10
124900080,536,198,338
124900081,2081,117,1964
124900082,714,495,219
124900083,767,502,265
124900085,876,701,175
124900086,14,857,-843
124900087,567,26,541
124900088,256,149,107
124900089,620,11,609
124900090,921,155,766
124900091,363,94,269
124900092,398,70,328
124900093,652,97,555
124900094,942,86,856
124900095,146,651,-505
124900096,227,63,164
124900097,596,22,574
124900098,275,201,74
124900099,117,470,-353
124900100,607,20,587
124900101,585,221,364
124900102,607,32,575
124900103,245,66,179
124900104,110,36,74
124900105,192,29,163
124900106,353,29,324
124900107,272,6,266
124900108,317,132,185
124900111,3,588,-585
124900112,724,296,428
124900113,47,130,-83
124900114,83,145,-62
124900115,26,199,-173
124900116,590,580,10
124900117,116,303,-187
124900118,64,2027,-1963
124900119,540,328,212
124900120,28,102,-74
124900121,63,637,-574
124900122,402,111,291
124900123,80,56,24
124900124,48,104,-56
204000001,401,15,386
204000002,26,10,16
204000003,29,7,22
204000004,13,2,11
204000005,446,310,136
204000006,1088,1167,-79
204000011,6,7,-1
204000012,70,25,45
204000019,1440,283,1157
204000020,1667,236,1431
204000021,1120,767,353
204000022,1398,628,770
204000023,664,321,343
204000031,86,4,82
204000032,281,6,275
204000034,103,83,20
204000035,3,0,3
204000036,2,58,-56
204000037,0,28,-28
204000038,0,1,-1
204000039,13,35,-22
204000040,7,16,-9
204000041,9,37,-28
204000042,28,9,19
204000043,54,4,50
204000044,88,19,69
204000045,87,9,78
204000046,21,3,18
204000057,24,12,12
204000062,77,27,50
204000068,104,404,-300
204000069,133,696,-563
204000070,72,68,4
204000080,71,59,12
204000085,981,469,512
204000086,1969,800,1169
204000087,105,1,104
204000088,19,22,-3
204000090,274,105,169
204000093,966,38,928
204000096,1724,445,1279
204000097,828,38,790
204000099,1090,2126,-1036
204000100,1681,802,879
204000105,1472,561,911
204000110,558,630,-72
204000111,625,560,65
204000112,415,322,93
204000113,323,376,-53
204000114,1409,1229,180
204000115,1732,280,1452
204000116,831,301,530
204000119,3194,967,2227
204000132,618,737,-119
204000133,927,131,796
204000134,319,60,259
204000135,866,37,829
204000136,699,232,467
204000138,282,1008,-726
204000140,236,70,166
204000141,171,27,144
204000144,2,22,-20
204000145,799,28,771
204000146,14,89,-75
204000147,9,238,-229
204000148,212,59,153
204000154,9,2,7
204000155,6,1,5
204000177,41,62,-21
204000179,7,42,-35
204000180,0,47,-47
204000222,6,7,-1
204000235,93,41,52
204000236,26,63,-37
204000238,19,17,2
204000240,468,25,443
204000263,602,643,-41
204000268,492,154,338
204000308,78,50,28
204000317,35,87,-52
204000322,35,148,-113
204000323,47,6,41
204000328,342,67,275
204000329,239,22,217
204000330,320,22,298
204000331,290,85,205
205000001,655,997,-342
205000013,46,121,-75
205000014,178,122,56
205000015,177,21,156
205000016,123,61,62
205000017,58,69,-11
205000022,286,306,-20
205000025,1446,350,1096
205000029,816,5,811
205000045,272,182,90
205000046,213,227,-14
205000047,64,106,-42
205000048,501,243,258
205000049,205,284,-79
205000050,458,85,373
205000059,0,262,-262
205000060,1,512,-511
205000061,14,1047,-1033
205000062,2,812,-810
205000063,31,1522,-1491
205000064,43,368,-325
205000065,323,678,-355
205000066,308,231,77
205000067,226,237,-11
205000069,187,18,169
205000082,177,113,64
205000110,31,81,-50
205000111,181,80,101
205000112,114,84,30
205000113,102,100,2
205000121,147,50,97
205000123,216,78,138
205000126,643,78,565
205000127,754,103,651
205000128,332,82,250
205000129,1045,101,944
205000130,340,11,329
205000131,37,23,14
205000132,58,6,52
205000133,37,9,28
205000134,262,0,262
205000137,324,53,271
205000138,460,119,341
205000139,24,39,-15
205000144,95,62,33
205000145,132,83,49
205000151,118,72,46
205000152,154,31,123
205000153,253,47,206
205000154,103,51,52
205000155,70,10,60
205000207,6,26,-20
205000233,37,0,37
205000234,0,1,-1
205000243,0,0,0
205000244,0,4,-4
205000245,2,52,-50
205000249,0,23,-23
205000250,2,0,2
205000264,39,70,-31
206000027,4,21,-17
206000028,10,4,6
206000043,2,47,-45
206000053,4,3,1
206000054,0,14,-14
206000055,0,25,-25
206000075,7,20,-13
206000076,79,12,67
206000077,49,8,41
206000078,5,13,-8
206000079,17,14,3
206000082,223,70,153
206000100,22,397,-375
206000103,0,0,0
206000104,0,2,-2
206000105,0,0,0
206000106,1,0,1
206000125,231,0,231
206000157,7,110,-103
206000170,2,77,-75
206000171,14,163,-149
206000172,27,82,-55
206000173,0,84,-84
206000174,18,28,-10
206000175,1,31,-30
206000176,21,47,-26
206000177,0,34,-34
206000178,1,290,-289
206000179,4,75,-71
206000180,2,48,-46
206000181,2,24,-22
206000182,5,28,-23
206000183,14,54,-40
206000184,1,25,-24
206000185,10,24,-14
206000186,52,171,-119
206000223,1,140,-139
206000226,42,2,40
206000227,70,14,56
206000237,50,68,-18
206000238,13,333,-320
206000239,190,1149,-959
206000240,0,1,-1
206000241,0,60,-60
206000242,3,59,-56
206000243,7,18,-11
206000244,24,48,-24
206000245,2537,33,2504
206000246,664,1,663
206000247,944,1,943
206000248,1188,22,1166
206000252,72,38,34
206000258,0,6,-6
206000315,76,3,73
206000317,684,187,497
206000318,873,61,812
206000319,3051,84,2967
206000320,826,52,774
206000321,886,8,878
206000322,1423,7,1416
206000323,630,1,629
206000324,515,4,511
206000325,310,19,291
206000326,296,16,280
206000327,158,55,103
206000328,603,8,595
206000329,1147,9,1138
206000330,246,7,239
206000331,588,0,588
206000332,83,1,82
206000333,1968,2,1966
206000334,1153,3,1150
206000335,0,12,-12
206000361,4,35,-31
206000392,2,9,-7
206000405,421,0,421
206000441,136,22,114
206000498,113,7,106
206000515,79,39,40
206000530,471,58,413
206000531,362,306,56
206000532,1225,282,943
206000535,74,2621,-2547
206000536,16,96,-80
206000537,2,106,-104
206000613,833,299,534
206000784,718,44,674
207000001,212,204,8
207000002,93,203,-110
207000003,97,123,-26
207000007,2247,94,2153
207000008,499,6,493
207000009,127,11,116
207000010,297,149,148
207000012,570,47,523
207000015,185,436,-251
207000019,551,47,504
207000021,344,242,102
207000022,262,136,126
207000023,388,47,341
207000024,1,23,-22
207000025,21,103,-82
207000026,91,43,48
207000027,16,52,-36
207000028,114,116,-2
207000029,358,237,121
207000033,347,174,173
207000034,316,36,280
207000039,891,20,871
207000040,1006,20,986
207000041,111,22,89
207000042,516,16,500
207000043,395,232,163
207000051,91,168,-77
207000052,11,75,-64
207000053,367,193,174
207000054,28,35,-7
207000055,143,66,77
207000056,173,145,28
207000057,153,67,86
207000058,132,130,2
207000059,105,205,-100
207000060,28,251,-223
207000061,138,1927,-1789
207000062,1199,60,1139
207000063,1189,29,1160
207000064,568,32,536
207000065,357,125,232
207000066,894,187,707
207000067,149,58,91
207000068,245,16,229
207000069,1257,230,1027
207000082,12,107,-95
207000083,57,150,-93
207000084,547,140,407
207000085,370,53,317
207000086,828,13,815
207000106,129,35,94
207000107,130,22,108
207000108,182,4,178
207000109,129,1,128
207000110,81,8,73
207000111,191,49,142
207000112,26,716,-690
207000114,5,10,-5
207000115,36,28,8
207000116,14,166,-152
207000117,4,33,-29
207000118,1,26,-25
207000119,15,44,-29
207000123,370,4,366
207000124,230,12,218
207000125,97,9,88
207000126,69,4,65
207000134,509,117,392
207000135,188,120,68
207000148,182,251,-69
207000149,59,7,52
207000152,170,387,-217
207000153,334,551,-217
207000154,469,57,412
207000159,67,71,-4
207000160,135,184,-49
207000238,0,52,-52
207000242,2,46,-44
207000248,29,22,7
207000249,53,10,43
207000250,327,61,266
207000251,42,98,-56
207000252,38,22,16
207000278,235,58,177
207000279,49,54,-5
207000280,1289,71,1218
207000281,163,263,-100
207000282,25,695,-670
207000283,13,118,-105
207000284,44,2498,-2454
207000285,53,121,-68
207000291,9,37,-28
207000304,56,38,18
207000306,28,178,-150
207000310,303,134,169
207000353,100,4,96
207000356,6,33,-27
207000357,3,51,-48
207000358,3,18,-15
207000415,8,29,-21
207000417,47,18,29
207000418,122,51,71
207000438,0,1,-1
207000439,424,88,336
207000446,162,12,150
207000460,184,5,179
207000466,42,81,-39
207000467,746,43,703
207000468,49,134,-85
207000476,18,2,16
207000477,533,8,525
207000478,0,15,-15
207000523,0,9,-9
207000524,69,0,69
207000527,500,128,372
207000530,679,3,676
207000531,376,1,375
207000532,67,55,12
207000534,152,18,134
207000535,7,89,-82
207000537,8,52,-44
207000540,1,23,-22
207000541,1,70,-69
207000548,5,103,-98
207000549,317,7,310
207000561,182,121,61
207000562,27,85,-58
207000567,50,128,-78
207000568,1167,75,1092
207000569,2064,122,1942
207000584,26,105,-79
207000585,16,70,-54
207000587,375,26,349
207000616,0,30,-30
207000617,225,0,225
207000624,71,33,38
207000631,14,27,-13
207900008,812,50,762
208000001,785,705,80
208000002,988,541,447
208000003,888,321,567
208000004,890,777,113
208000005,3,35,-32
208000019,1707,226,1481
208000020,493,155,338
208000021,390,182,208
208000022,653,200,453
208000028,831,1594,-763
208000033,355,141,214
208000034,422,518,-96
208000037,791,31,760
208000040,418,118,300
208000041,1183,542,641
208000042,2253,549,1704
208000047,92,111,-19
208000064,2258,1058,1200
208000066,1105,830,275
208000070,879,546,333
208000071,1023,171,852
208000072,1339,327,1012
208000080,507,619,-112
208000081,481,179,302
208000082,687,107,580
208000083,369,157,212
208000084,26,160,-134
208000085,895,399,496
208000086,774,601,173
208000087,859,400,459
208000089,1441,141,1300
208000090,951,262,689
208000093,16,110,-94
208000094,520,207,313
208000095,900,444,456
208000104,2281,254,2027
208000105,1277,348,929
208000114,219,358,-139
208000115,881,392,489
208000116,1891,1766,125
208000117,22,130,-108
208000118,199,358,-159
208000155,1097,911,186
208000158,1969,2007,-38
208000186,950,1278,-328
208000204,1001,764,237
208000205,1987,523,1464
208000282,1103,599,504
209000004,745,156,589
209000005,161,72,89
209000006,276,184,92
209000007,398,467,-69
209000010,115,206,-91
209000011,45,216,-171
209000012,70,85,-15
209000013,323,65,258
209000014,507,241,266
209000025,680,81,599
209000026,1531,166,1365
209000027,365,147,218
209000028,352,119,233
209000029,454,529,-75
209000030,394,806,-412
209000031,2417,787,1630
209000034,205,335,-130
209000035,232,397,-165
209000036,503,166,337
209000037,582,210,372
209000038,245,124,121
209000039,182,148,34
209000040,363,381,-18
209000041,270,281,-11
209000042,348,163,185
209000043,637,418,219
209000044,361,502,-141
209000045,673,231,442
209000046,723,170,553
209000047,599,301,298
209000048,700,527,173
209000049,117,52,65
209000050,267,68,199
209000051,428,78,350
209000052,223,117,106
209000062,142,52,90
209000063,141,23,118
209000064,21,21,0
209000065,220,17,203
209000066,287,13,274
209000067,287,29,258
209000080,19,96,-77
209000082,184,43,141
209000091,23,80,-57
209000093,105,85,20
209000094,27,121,-94
209000110,52,75,-23
209000111,433,2853,-2420
209000112,1785,409,1376
209000113,3643,799,2844
209000114,1389,768,621
209000115,72,36,36
209000116,310,194,116
209000118,9,103,-94
209000119,17,112,-95
209000121,94,261,-167
209000135,133,90,43
209000142,682,4564,-3882
209000143,26,46,-20
209000144,107,285,-178
209000229,344,72,272
209000240,16,144,-128
209000259,73,25,48
209000260,38,223,-185
209000261,11,134,-123
209000262,32,215,-183
209000263,1,203,-202
209000264,0,154,-154
209000265,291,3,288
209000266,90,0,90
209000267,1729,4,1725
209000268,501,75,426
210000037,148,32,116
210000047,139,8,131
210000048,194,28,166
210000049,181,7,174
210000052,122,23,99
210000053,31,17,14
210000054,57,48,9
210000070,313,14,299
210000071,140,7,133
210000072,66,0,66
210000073,0,10,-10
210000074,0,34,-34
210000075,0,65,-65
210000076,1,87,-86
210000077,2,134,-132
210000078,12,180,-168
210000079,31,23,8
210000080,81,282,-201
210000081,165,10,155
210000082,22,0,22
210000083,81,2,79
210000084,154,1,153
210000085,1,69,-68
210000086,0,50,-50
210000099,36,119,-83
210000100,40,89,-49
210000101,80,74,6
210000105,12,262,-250
210000159,0,224,-224
210000163,23,123,-100
210000164,414,147,267
210000168,401,41,360
210000187,0,3,-3
210000188,0,19,-19
210000214,6,0,6
210000219,182,64,118
210000220,197,20,177
210000232,7,28,-21
210000233,10,12,-2
210000234,30,20,10
210000235,49,12,37
210000245,1,24,-23
210000246,121,21,100
210000258,11,60,-49
210000259,366,50,316
210000282,14,97,-83
210000285,3,81,-78
210000286,19,79,-60
210000290,26,12,14
210000295,66,172,-106
210000296,87,33,54
210000320,607,33,574
210000321,461,17,444
210000338,61,132,-71
210000339,64,763,-699
210000340,58,171,-113
210000341,157,119,38
210000342,280,116,164
210000343,214,144,70
210000344,110,261,-151
210000345,94,502,-408
210000346,59,303,-244
210000347,8,293,-285
210000348,151,197,-46
210000349,60,115,-55
210000350,254,88,166
210000351,314,35,279
210000352,52,31,21
210000353,53,21,32
210000354,40,32,8
210000355,46,273,-227
210000356,9,453,-444
210000357,40,429,-389
210000358,739,504,235
210000359,105,380,-275
210000360,387,380,7
210000361,459,125,334
210000362,508,105,403
210000363,781,130,651
210000364,481,119,362
210000365,467,54,413
210000366,539,46,493
210000367,279,19,260
210000368,368,35,333
210000369,87,166,-79
210000370,235,163,72
210000372,48,97,-49
210000373,18,153,-135
210000374,103,224,-121
210000375,17,8,9
210000376,30,288,-258
210000404,47,50,-3
210000439,300,14,286
210000472,48,1,47
210000482,170,67,103
210000564,255,155,100
210000567,13,95,-82
210000568,571,0,571
211000092,86,11,75
211000094,27,8,19
211000169,313,7,306
211000172,48,61,-13
211000209,0,35,-35
211000226,20,12,8
211000270,165,9,156
211000275,24,30,-6
211000276,270,19,251
211000279,45,80,-35
211000281,241,14,227
211000302,51,20,31
211507980,0,38,-38
211977296,24,0,24
212000003,282,159,123
212000004,0,110,-110
212000005,4,151,-147
212000006,31,158,-127
212000008,218,209,9
212000009,95,86,9
212000012,216,44,172
212000013,54,24,30
212000014,323,54,269
212000015,352,81,271
212000016,532,266,266
212000027,685,136,549
212000028,486,136,350
212000029,295,136,159
212000030,44,11,33
212000031,48,30,18
212000048,25,452,-427
212000049,4,346,-342
212000050,19,31,-12
212000051,403,73,330
212000052,413,119,294
212000053,265,148,117
212000054,746,40,706
212000055,732,67,665
212000056,16,28,-12
212000057,6,22,-16
212000058,182,32,150
212000070,191,52,139
212000077,181,119,62
212000099,535,83,452
212000108,312,384,-72
212000111,643,41,602
212000120,123,279,-156
212000138,401,55,346
212000156,9,50,-41
212000158,4,37,-33
212000159,841,51,790
212000160,878,68,810
212000161,155,7,148
212000310,65,24,41
212000311,25,46,-21
212000374,42,6,36
213000001,13,217,-204
213000005,910,67,843
213000006,873,66,807
213000007,46,11,35
213000009,322,160,162
213000010,577,111,466
213000011,268,41,227
213000012,251,103,148
213000014,113,34,79
213000015,299,11,288
213000016,499,16,483
213000017,74,0,74
213000018,2,18,-16
213000019,7,28,-21
213000020,126,58,68
213000021,4,43,-39
213000023,702,149,553
213000033,363,1100,-737
213000034,459,88,371
213000035,249,468,-219
213000045,202,237,-35
213000046,44,51,-7
213000047,133,851,-718
213000056,322,6,316
213000069,255,62,193
213000073,1,37,-36
213000074,88,327,-239
213000075,1350,3,1347
213000076,31,7,24
213000085,1,9,-8
213000086,8,46,-38
213000091,704,8,696
213000092,28,10,18
213000099,198,808,-610
213000100,927,227,700
213000101,1149,64,1085
213000102,1249,59,1190
213000103,639,226,413
213000104,36,105,-69
213000105,142,2145,-2003
213000106,58,187,-129
213000107,99,207,-108
213000108,31,221,-190
213000109,4,114,-110
213000110,8,76,-68
213000111,0,52,-52
213000112,36,95,-59
213000115,104,2,102
213000116,41,282,-241
213000117,3,284,-281
213000118,1562,386,1176
213000119,29,245,-216
213000120,71,180,-109
213000122,140,203,-63
213000123,71,349,-278
213000124,257,509,-252
213000125,262,41,221
213000126,29,105,-76
213000127,4,95,-91
213000128,58,332,-274
213000129,150,2349,-2199
213000130,1699,794,905
213000132,1893,178,1715
213000133,1967,83,1884
213000134,2880,17,2863
213000136,784,7,777
213000137,895,42,853
213000139,552,23,529
213000147,38,19,19
213000148,10,43,-33
213000149,6,26,-20
213000150,0,841,-841
213000151,3,215,-212
213000152,1,251,-250
213000153,8,212,-204
213000154,109,171,-62
213000155,73,119,-46
213000156,133,119,14
213000157,1212,162,1050
213000158,549,289,260
213000159,732,210,522
213000163,3191,368,2823
213000165,739,283,456
213000171,0,8,-8
213000172,0,9,-9
213000173,2,24,-22
213000174,1,33,-32
213000175,300,90,210
213000176,143,17,126
213000177,95,1,94
213000178,349,1,348
213000179,507,1,506
213000180,653,0,653
213000184,66,154,-88
213000188,967,73,894
213000189,1596,40,1556
213000190,813,271,542
213000191,1070,112,958
213000192,696,135,561
213000193,409,183,226
213000194,13,261,-248
213000195,26,135,-109
213000196,417,1758,-1341
213000197,667,1071,-404
213000198,13,1,12
213000200,208,397,-189
213000201,31,52,-21
213000202,3,307,-304
213000203,1493,205,1288
213000204,1618,49,1569
213000205,786,20,766
213000206,1296,33,1263
213000207,50,4,46
213000208,33,1,32
213000209,100,7,93
213000210,218,7,211
213000211,5,10,-5
213000212,9,19,-10
213000213,51,49,2
213000218,507,381,126
213000219,1697,61,1636
213000220,1798,9,1789
213000223,359,73,286
213000224,56,20,36
213000225,87,16,71
213000226,64,7,57
213000227,2098,69,2029
213000228,1348,49,1299
213000229,279,36,243
213000230,677,19,658
213000232,210,15,195
213000233,26,109,-83
213000234,1,27,-26
213000293,20,142,-122
213000294,188,65,123
213000295,15,88,-73
213000296,79,10,69
213000297,21,52,-31
213000298,18,70,-52
213000299,61,20,41
213000300,1,5,-4
213000303,1,33,-32
213000304,0,15,-15
213000305,0,24,-24
213000306,33,243,-210
213000307,131,107,24
213000308,42,90,-48
213000309,339,38,301
213000310,347,124,223
213000311,110,353,-243
213000315,154,171,-17
213000316,567,41,526
213000322,172,27,145
213000323,246,95,151
213000324,136,82,54
213000325,124,186,-62
213000326,34,134,-100
213000327,372,213,159
213000328,240,47,193
213000329,270,144,126
213000340,123,220,-97
213000341,1965,78,1887
213000346,97,274,-177
213000347,243,936,-693
213000348,2,88,-86
213000349,3,18,-15
213000350,166,626,-460
213000366,128,128,0
213000367,509,5,504
213000379,31,90,-59
213000386,23,47,-24
213000406,280,100,180
213000417,2415,761,1654
213000425,739,340,399
213000426,460,353,107
213000427,95,37,58
213000428,92,65,27
213000429,2,6,-4
213000430,127,126,1
213000431,16,1,15
213000432,0,72,-72
213000433,16,32,-16
213000434,214,40,174
213000435,342,171,171
213000436,144,21,123
213000437,165,80,85
213000438,274,70,204
213000439,40,37,3
213000440,205,96,109
213000441,1,0,1
213000442,228,207,21
213000443,662,299,363
213000444,81,70,11
213000445,0,54,-54
213000446,0,29,-29
213000447,0,92,-92
213000448,7,96,-89
213000449,1802,9,1793
213000450,16,38,-22
213000451,442,14,428
213000452,31,6,25
213000453,4,153,-149
213000455,141,61,80
213000456,0,129,-129
213000481,2,2,0
213000482,55,2,53
213000489,202,142,60
213000491,11,469,-458
213000492,94,2,92
213000493,4,417,-413
213000494,361,41,320
213000495,0,17,-17
213000496,698,87,611
213000497,29,149,-120
213000498,108,52,56
213000499,214,93,121
213000500,1079,20,1059
213000501,304,45,259
213000502,104,39,65
213000503,0,84,-84
213000504,6,71,-65
213000505,142,70,72
213000506,0,1,-1
213000507,0,35,-35
213900244,282,0,282
213900245,0,16,-16
218000003,36,22,14
218000004,119,31,88
218000005,58,39,19
218000006,60,57,3
218000007,14,36,-22
218000012,130,482,-352
218000013,279,240,39
218000014,443,143,300
218000019,351,259,92
218000020,274,211,63
218000040,2,2,0
218000046,115,132,-17
218000047,23,99,-76
218000048,151,38,113
218000049,72,67,5
218000050,314,84,230
218000051,174,99,75
218000052,0,37,-37
218000053,3,9,-6
218000054,3,45,-42
218000055,10,55,-45
218000056,52,85,-33
218000057,1,56,-55
218000064,14,5,9
218000065,110,13,97
218000066,46,58,-12
218000067,175,39,136
218000068,258,23,235
218000069,628,26,602
218000070,388,276,112
218000071,229,228,1
218000072,157,199,-42
218000078,1370,214,1156
218000079,528,31,497
218000080,338,20,318
218000081,803,68,735
218000082,324,32,292
218000083,121,31,90
218000084,233,67,166
218000085,198,91,107
218000086,55,20,35
218000087,145,36,109
218000090,23,284,-261
218000091,1404,559,845
218000092,225,41,184
218000093,179,50,129
218000094,586,190,396
218000099,286,185,101
218000100,361,114,247
218000101,324,114,210
218000102,652,135,517
218000103,192,37,155
218000104,167,30,137
218000105,14,2,12
218000106,9,1,8
218000107,238,41,197
218000108,9,29,-20
218000112,72,4,68
218000117,103,92,11
218000134,408,198,210
218000135,3,74,-71
218000136,170,112,58
218000137,74,50,24
218000138,50,50,0
218000139,148,156,-8
218000140,689,371,318
218000141,93,47,46
218000142,215,128,87
218000143,15,230,-215
218000144,31,220,-189
218000145,659,203,456
218000146,155,66,89
218000151,1,23,-22
218000152,37,34,3
218000170,2,24,-22
218000171,78,6,72
218000172,2,1,1
218000173,9,5,4
218000174,12,20,-8
218000176,197,11,186
218000177,281,48,233
218000178,72,50,22
218000179,211,19,192
218000180,85,14,71
218000181,234,39,195
218000187,18,47,-29
218000188,37,48,-11
218000189,2,85,-83
218000190,1,3,-2
218000191,214,73,141
218000192,275,69,206
218000193,295,84,211
218000194,216,117,99
218000195,206,40,166
218000196,416,136,280
218000197,816,110,706
218000198,195,42,153
218000199,51,14,37
218000200,48,84,-36
218000201,3,10,-7
218000202,37,721,-684
218000207,6,7,-1
218000208,17,102,-85
218000211,24,12,12
218000213,187,87,100
218000214,2,21,-19
218000215,138,35,103
218000217,1,45,-44
218000218,335,31,304
218000219,6,91,-85
218000220,48,574,-526
218000221,820,345,475
218000222,1,75,-74
218000223,30,355,-325
218000224,5,111,-106
218000225,211,9,202
218000226,186,25,161
218000232,94,23,71
218000239,133,5,128
218000240,3,0,3
218000241,17,0,17
218000242,0,1,-1
218000243,5,0,5
218000244,25,4,21
218000245,3,16,-13
218000246,1,8,-7
218000247,1,0,1
218000248,0,22,-22
218000249,0,1,-1
218000250,2,5,-3
218000251,0,22,-22
218000252,0,52,-52
218000253,2,29,-27
218000254,0,38,-38
218000255,1,15,-14
218000256,10,20,-10
218000267,587,871,-284
218000268,1,42,-41
218000269,1,21,-20
218000270,132,46,86
218000271,35,25,10
218000273,115,0,115
218000274,33,4,29
218000275,88,87,1
218000276,48,41,7
218000278,32,37,-5
218000279,97,29,68
218000280,0,12,-12
218000281,4,17,-13
218000282,531,1201,-670
218000284,68,8,60
218000301,31,82,-51
218000302,36,37,-1
218000303,1,61,-60
218000316,1808,581,1227
218000317,3120,385,2735
218000318,1670,302,1368
218000319,1548,372,1176
218000320,1515,636,879
218000338,8,27,-19
218000345,139,96,43
218000346,59,182,-123
218000459,42,124,-82
218000490,21,71,-50
218000501,184,21,163
218000502,124,23,101
218000503,86,38,48
218000504,165,27,138
218000505,27,63,-36
218000506,28,56,-28
218000508,1,0,1
218000510,65,7,58
218000520,92,136,-44
218000521,4,51,-47
218000522,0,308,-308
218000523,231,9,222
218000524,4,146,-142
218000525,51,17,34
218000526,5,205,-200
218000529,92,87,5
218000531,68,6,62
218000532,57,12,45
218000534,507,15,492
218000537,22,68,-46
218000538,66,301,-235
218000540,24,99,-75
218000543,207,47,160
218000544,18,19,-1
218000545,242,50,192
218000546,77,15,62
218000547,259,71,188
218000548,89,41,48
218000549,978,97,881
218000550,216,68,148
218000551,96,228,-132
218000552,412,152,260
218000553,31,153,-122
218000554,4,36,-32
218000555,38,99,-61
218000556,212,210,2
218000557,1013,171,842
218000558,49,0,49
218000559,0,55,-55
218000560,0,27,-27
218000561,14,0,14
218000562,20,78,-58
218000563,176,8,168
218000564,8,104,-96
218000565,63,14,49
218000566,40,4,36
218000567,1,89,-88
218000568,7,0,7
218000569,5,178,-173
218000570,30,1,29
218000571,1,143,-142
218000572,96,1,95
218000573,3,81,-78
218000574,78,15,63
218000575,112,0,112
218000576,2,55,-53
218000577,140,13,127
218000578,2,72,-70
218000579,35,40,-5
218000581,3,128,-125
218000582,48,3,45
218000583,19,0,19
218000584,0,53,-53
218000585,20,12,8
218000586,15,10,5
218000587,2,2,0
218000588,0,9,-9
218000589,0,15,-15
218000590,1,2,-1
218000591,0,25,-25
218000592,0,7,-7
218000593,3,11,-8
218000594,0,1,-1
218000597,0,7,-7
218000598,0,1,-1
218000599,0,1,-1
218000600,2,1,1
218000601,1,20,-19
218000602,0,2,-2
218000603,0,2,-2
218000604,12,4,8
218000605,0,87,-87
218000606,115,0,115
218000607,6,68,-62
218000608,74,21,53
218000609,0,116,-116
218000610,60,10,50
218000611,20,1,19
218000612,0,12,-12
218000613,27,4,23
218000614,0,37,-37
218000615,118,7,111
218000616,0,104,-104
218000617,2,7,-5
218000618,0,48,-48
218000619,46,14,32
218000620,0,97,-97
218000621,0,1,-1
218000622,0,95,-95
218000623,18,0,18
218000624,0,154,-154
218000625,2,1,1
218000626,0,21,-21
218000628,353,143,210
218000631,104,28,76
218000632,0,121,-121
218000633,81,2,79
218000634,9,11,-2
218000635,20,22,-2
218000636,970,197,773
218000637,1578,140,1438
218000638,435,9,426
218000639,29,21,8
218000640,797,18,779
218000641,251,32,219
218000652,35,35,0
218000653,227,14,213
218000663,6,64,-58
218000675,18,86,-68
218000680,391,161,230
218000681,932,88,844
218000691,349,75,274
218000693,832,75,757
218000718,12,47,-35
218000719,106,128,-22
218000720,3,132,-129
218000721,48,2,46
218001147,3,60,-57
218001214,72,13,59
218001258,989,0,989
218001329,443,89,354
218001330,77,115,-38
218001351,24,27,-3
218001352,56,24,32
218001353,22,14,8
218001354,5,41,-36
218001355,9,71,-62
218001356,899,215,684
218001357,1,59,-58
218001358,858,9,849
218001361,994,13,981
218001362,0,45,-45
219000001,16,25,-9
219000002,38,33,5
219000003,80,48,32
219000004,57,159,-102
219000017,117,164,-47
219000020,289,12,277
219000022,215,4,211
219000023,132,0,132
219000029,0,155,-155
219000034,85,37,48
219000039,29,178,-149
219000040,19,87,-68
219000041,213,54,159
219000051,0,75,-75
219000052,0,48,-48
219000053,1,64,-63
219000054,2,11,-9
219000055,507,2,505
219000056,5,0,5
219000057,77,0,77
219000062,27,115,-88
219000063,383,8,375
219000064,0,215,-215
219000110,238,267,-29
219000111,82,36,46
219000112,341,89,252
219000113,382,53,329
219000114,280,40,240
219000116,137,26,111
219000117,202,20,182
219000118,136,52,84
219000123,260,110,150
219000124,85,34,51
219000125,56,0,56
219000126,28,67,-39
219000127,0,2,-2
219000128,30,141,-111
219000129,15,87,-72
219000130,183,290,-107
219000131,1207,653,554
219000133,34,95,-61
219000134,20,55,-35
219000135,36,42,-6
219000136,81,331,-250
219000138,170,7,163
219000139,119,34,85
219000140,261,0,261
219000141,68,34,34
219000142,49,44,5
219000143,12,22,-10
219000145,9,13,-4
219000146,1,3,-2
219000147,5,20,-15
219000148,0,22,-22
219000149,2,22,-20
219000150,0,9,-9
219000151,0,1,-1
219000157,548,59,489
219000158,352,158,194
219000161,285,0,285
219000163,1472,338,1134
219000166,134,144,-10
219000167,188,153,35
219000168,373,135,238
219000174,664,130,534
219000175,213,7,206
219000176,386,14,372
219000177,125,0,125
219000178,177,0,177
219000179,135,9,126
219000180,119,15,104
219000182,135,2,133
219000183,93,6,87
219000184,131,13,118
219000185,0,3,-3
219000186,101,16,85
219000187,10,22,-12
219000189,40,93,-53
219000190,91,138,-47
219000191,116,604,-488
219000192,240,156,84
219000193,235,93,142
219000195,1,195,-194
219000196,2,78,-76
219000198,32,49,-17
219000199,111,74,37
219000200,95,63,32
219000201,57,61,-4
219000203,22,43,-21
219000204,54,307,-253
219000205,20,141,-121
219000207,60,173,-113
219000209,58,36,22
219000210,27,192,-165
219000213,19,126,-107
219000239,200,196,4
219000240,101,415,-314
219000241,124,143,-19
219000242,54,183,-129
219000243,142,197,-55
219000244,27,148,-121
219000245,7,48,-41
219000246,24,28,-4
219000247,431,22,409
219000248,581,296,285
219000249,158,90,68
219000250,382,51,331
219000251,623,165,458
219000252,296,83,213
219000253,245,38,207
219000255,212,103,109
219000256,465,40,425
219000257,73,0,73
219000262,31,55,-24
219000263,83,71,12
219000267,0,46,-46
219000268,0,1,-1
219000269,3,2,1
219000270,20,1,19
219000271,515,1,514
219000278,0,0,0
219000279,0,0,0
219000283,0,11,-11
219000295,14,83,-69
219000296,49,132,-83
219000297,38,40,-2
219000298,46,31,15
219000299,311,52,259
219000300,47,64,-17
219000301,48,204,-156
219000302,20,97,-77
219000307,53,1,52
219000308,40,28,12
219000311,179,39,140
219000312,439,164,275
219000313,462,47,415
219000314,115,86,29
219000315,559,6,553
219000316,673,40,633
219000317,284,28,256
219000320,0,103,-103
219000321,0,30,-30
219000323,3,32,-29
219000325,0,1,-1
219000326,37,12,25
219000327,13,3,10
219000328,50,7,43
219000329,358,108,250
219000330,11,15,-4
219000331,48,5,43
219000332,235,107,128
219000333,118,11,107
219000335,72,1,71
219000337,14,3,11
219000338,42,0,42
219000344,20,46,-26
219000345,136,50,86
219000346,26,19,7
219000348,157,60,97
219000349,31,99,-68
219000350,49,292,-243
219000351,0,4,-4
219000352,98,70,28
219000353,368,40,328
219000354,661,71,590
219000355,202,62,140
219000356,321,807,-486
219000363,138,104,34
219000364,223,61,162
219000365,95,21,74
219000366,219,1027,-808
219000368,424,358,66
219000370,722,367,355
219000371,6,5,1
219000382,13,7,6
219000383,228,768,-540
219000385,150,536,-386
219000386,369,1206,-837
219000387,0,5,-5
219000390,9,0,9
219000391,2,0,2
219000397,34,3,31
219000398,20,54,-34
219000401,9,76,-67
219000402,17,57,-40
219000403,48,182,-134
219000404,25,83,-58
219000407,75,37,38
219000409,55,40,15
219000410,131,23,108
219000411,118,8,110
219000446,120,302,-182
219000447,1,14,-13
219000448,4,4,0
219000452,135,56,79
219000453,21,129,-108
219000454,343,321,22
219000556,776,68,708
219000558,114,150,-36
219000590,10,209,-199
219000591,333,63,270
219000592,77,120,-43
219000595,9,4,5
219000635,246,28,218
219000636,85,30,55
219000657,49,11,38
219000658,26,93,-67
219000673,0,2,-2
219000676,1,1,0
219000679,44,3,41
219000684,234,0,234
219000685,0,68,-68
219000686,1,6,-5
219000688,0,30,-30
219000689,5,143,-138
219000690,147,7,140
219000691,31,83,-52
219000692,146,7,139
219000693,0,1,-1
219000694,59,0,59
219000695,90,1,89
219000698,8,1,7
219000699,0,75,-75
219000727,0,117,-117
219000728,104,1,103
219000770,16,1,15
219000771,0,83,-83
219000788,219,311,-92
219001150,0,59,-59
219001151,0,5,-5
219001166,56,92,-36
219001167,2,55,-53
219001178,109,0,109
220000001,12,341,-329
220000002,3,185,-182
220000003,218,79,139
220000004,312,225,87
220000005,432,859,-427
220000006,131,346,-215
220000007,381,86,295
220000008,282,256,26
220000009,192,254,-62
220000010,89,49,40
220000011,350,3984,-3634
220000012,53,490,-437
220000014,201,89,112
220000015,53,435,-382
220000017,13,185,-172
220000018,8141,2689,5452
220000019,207,820,-613
220000020,611,145,466
220000021,1317,304,1013
220000022,1486,193,1293
220000023,356,123,233
220000024,824,525,299
220000025,462,1335,-873
220000026,516,708,-192
220000027,33,273,-240
220000028,35,99,-64
220000029,17,73,-56
220000030,44,65,-21
220000031,923,513,410
220000064,61,1076,-1015
221000046,1,0,1
221000047,0,0,0
221000048,0,0,0
221000049,0,19,-19
221000050,20,0,20
221000055,24,47,-23
221000057,170,4,166
221000068,145,41,104
221000069,298,16,282
221000070,359,26,333
221000071,142,4,138
221000072,434,8,426
221000073,252,20,232
221000074,0,18,-18
221000075,9,34,-25
221000076,3,12,-9
221000077,16,28,-12
221000081,10,4,6
221000082,103,10,93
221000083,27,1,26
221000084,1,1,0
221000085,5,27,-22
221000086,4,52,-48
221000087,3,66,-63
221000088,12,103,-91
221000089,30,76,-46
221000090,16,188,-172
221000098,175,13,162
221000099,361,13,348
221000100,252,1,251
221000101,296,9,287
221000102,117,14,103
221000109,10,33,-23
221000110,9,15,-6
221000111,1,61,-60
221000112,0,55,-55
221000113,10,32,-22
221000114,1,60,-59
221000120,12,74,-62
221000121,1,60,-59
221000122,47,46,1
221000123,7,15,-8
221000124,49,95,-46
221000155,91,30,61
221000156,203,63,140
221000175,4,20,-16
221000176,1,2,-1
221000182,177,3,174
221000241,410,202,208
221000242,36,109,-73
221000243,543,142,401
221000244,69,263,-194
221000245,269,112,157
221000246,6,223,-217
221000247,207,127,80
221000248,103,96,7
221000267,16,411,-395
221000325,23,111,-88
221000331,1,18,-17
221000338,13,28,-15
221000378,360,39,321
221000381,38,78,-40
222000282,4,4,0
222000296,0,20,-20
222000568,371,13,358
222000569,188,26,162
222000570,110,9,101
222000571,488,32,456
222000577,11,41,-30
222000578,1,60,-59
222000579,4,35,-31
222000580,14,697,-683
222000599,0,56,-56
222000600,1,85,-84
222000601,1,473,-472
222000603,11,42,-31
222000604,1,119,-118
222000605,5,93,-88
222000606,1,75,-74
222000607,1,15,-14
222000608,5,27,-22
222000609,62,32,30
222000616,832,24,808
222000617,10,34,-24
222000618,2,21,-19
222000620,49,34,15
222000621,64,32,32
222000623,718,7,711
222000624,753,11,742
222000625,1551,5,1546
222000636,49,2,47
222000686,7,68,-61
222000687,75,19,56
222001066,437,3,434
222001067,109,4,105
222001068,289,7,282
222001069,206,18,188
222001082,80,5,75
222001083,214,7,207
222001084,0,140,-140
222001085,5,380,-375
222001111,234,29,205
222001112,263,15,248
222001313,4,8,-4
222001314,1,70,-69
222001464,721,20,701
222001465,23,154,-131
222001484,509,45,464
222001485,44,11,33
222001494,1212,149,1063
222001495,198,60,138
222001496,607,73,534
222001497,90,155,-65
222001502,13,24,-11
222001503,356,6,350
222001504,12,71,-59
222001505,831,22,809
222001506,4,92,-88
222001507,559,20,539
222001510,1224,21,1203
222001511,18,90,-72
222001514,1082,17,1065
222001515,42,139,-97
222001518,1020,6,1014
222001519,8,93,-85
222001527,253,22,231
222001528,12,68,-56
222001529,640,4,636
222001530,35,70,-35
222001533,85,77,8
222001534,1055,10,1045
222001535,792,191,601
222001536,20,95,-75
222001537,577,15,562
222001538,5,78,-73
222001563,1523,28,1495
222001564,41,207,-166
222001568,189,81,108
222001576,0,3,-3
222001579,0,35,-35
222001583,20,46,-26
222001584,219,12,207
222001596,261,389,-128
222001597,1759,117,1642
222001626,0,29,-29
222001650,5,72,-67
222001651,6,163,-157
222001914,363,6,357
222001915,12,72,-60
222001968,920,199,721
222001969,247,210,37
222001970,115,136,-21
222001971,154,4,150
222001972,16,10,6
225000001,667,85,582
225000002,1551,102,1449
225000003,1566,69,1497
225000004,1001,142,859
225000005,61,21,40
225000006,3,131,-128
225000007,849,1184,-335
225000010,364,13,351
225000011,384,1976,-1592
225000012,310,815,-505
225000013,184,74,110
225000014,805,90,715
225000015,80,203,-123
225000021,994,108,886
225000027,277,230,47
225000032,981,108,873
225000042,160,283,-123
225000049,25,74,-49
225000050,223,22,201
225000053,5,79,-74
225000058,647,142,505
225000067,292,88,204
225000068,155,177,-22
225000069,58,273,-215
225000070,157,216,-59
225000071,46,47,-1
225000075,54,1022,-968
225000076,86,91,-5
225000078,57,27,30
225000085,202,29,173
225000086,733,22,711
225000087,114,9,105
225000088,7,109,-102
225000089,39,122,-83
225000090,20,137,-117
225000091,18,34,-16
225000092,41,103,-62
225000093,353,121,232
225000094,15,87,-72
225000095,293,151,142
225000096,77,128,-51
225000098,1250,169,1081
225000099,834,46,788
225000100,1035,46,989
225000104,119,406,-287
225000110,34,217,-183
225000111,488,322,166
225000112,570,694,-124
225000113,284,1197,-913
225000114,62,697,-635
225000115,1285,791,494
225000116,400,107,293
225000117,550,361,189
225000118,1306,323,983
225000119,649,65,584
225000120,1138,60,1078
225000121,154,23,131
225000123,737,17,720
225000125,816,294,522
225000126,835,256,579
225000127,671,4289,-3618
225000128,562,1609,-1047
225000132,773,20,753
225000133,313,17,296
225000134,996,116,880
225000135,128,10,118
225000136,599,5,594
225000137,672,133,539
225000138,740,177,563
225000143,68,205,-137
225000144,8,237,-229
225000145,29,22,7
225000146,86,31,55
225000147,31,38,-7
225000148,1,24,-23
225000149,70,119,-49
225000151,30,44,-14
225000155,88,113,-25
225000156,331,1103,-772
225000157,617,392,225
225000158,39,108,-69
225000171,2,150,-148
225000180,23,2,21
225000181,0,228,-228
225000182,94,4,90
225000185,13,368,-355
225000187,82,212,-130
225000191,79,0,79
225000194,0,9,-9
225000208,0,36,-36
225000209,116,19,97
225000210,1,87,-86
225000217,0,27,-27
225000218,49,0,49
225000223,0,669,-669
225000224,20,6,14
225000225,2,436,-434
225000226,49,3,46
225000227,107,286,-179
225000228,11,10,1
225000229,0,107,-107
225000230,68,32,36
225000231,1,20,-19
225000232,199,0,199
225000241,55,1,54
225000242,0,26,-26
225000249,3,0,3
225000250,60,194,-134
225000251,939,102,837
226000042,152,221,-69
226000043,35,146,-111
226000044,170,390,-220
226000045,53,232,-179
226000046,1180,133,1047
226000047,882,100,782
226000048,655,116,539
226000049,822,359,463
226000070,0,12,-12
226000071,0,62,-62
226000072,0,44,-44
226000073,0,7,-7
226000074,0,8,-8
226000084,6,214,-208
226000085,1,157,-156
226000086,1,30,-29
226000087,0,48,-48
226000088,1,7,-6
226000090,104,303,-199
226000091,1,124,-123
226000092,2,7,-5
226000093,10,1,9
226000094,3,13,-10
226000095,11,81,-70
226000105,1,2,-1
226000106,11,1,10
226000107,2,0,2
226000108,18,0,18
226000109,322,0,322
226000124,294,77,217
226000134,1330,355,975
226000135,2696,611,2085
226000136,1164,271,893
226000137,13,125,-112
226000138,6,34,-28
226000139,6,49,-43
226000156,564,12,552
226000157,611,0,611
226000163,16,82,-66
226000202,6,52,-46
226000231,1759,5,1754
226000232,36,5,31
227000033,571,5,566
227000036,1000,18,982
227000037,1094,19,1075
227000038,372,30,342
227000049,0,107,-107
227000050,0,158,-158
227000055,93,4,89
227000056,12,2,10
227000084,4,131,-127
227000085,0,150,-150
227000088,121,5,116
227000089,25,2,23
227000090,37,0,37
227000091,51,0,51
227000093,115,0,115
227000094,15,0,15
227000130,128,135,-7
227000131,43,147,-104
227000132,61,48,13
227000133,20,105,-85
227000134,66,87,-21
227000152,0,8,-8
227000153,0,147,-147
227000155,9,43,-34
227000156,2,24,-22
227000165,0,124,-124
227000196,600,79,521
227000199,989,100,889
227000230,5,169,-164
227000232,1445,41,1404
227000242,70,254,-184
227000243,503,28,475
227000245,85,169,-84
227000246,100,140,-40
227000247,777,11,766
227000248,353,70,283
227000249,37,219,-182
227000250,464,301,163
227000251,123,398,-275
227000252,85,106,-21
227000253,357,25,332
227000262,825,20,805
227000266,2682,51,2631
227000267,7,398,-391
227000282,3,49,-46
227000284,1197,8,1189
227000286,8,53,-45
227000287,12,34,-22
227000291,11,143,-132
227000484,117,8,109
227000485,4,197,-193
227000655,512,1,511
227000656,806,5,801
227000657,369,5,364
227000661,659,22,637
227000680,111,114,-3
229000265,65,61,4
229000296,0,64,-64
229000297,9,19,-10
229000298,2,239,-237
229000320,25,1,24
229000321,28,1,27
229000412,13,69,-56
229000414,43,55,-12
229000415,15,22,-7
229000416,0,12,-12
229000417,5,5,0
229000419,120,233,-113
229000440,346,128,218
229000442,18,2,16
229000443,14,1,13
229000444,0,17,-17
229000445,84,3,81
229000446,58,23,35
229000847,66,1,65
229000848,81,0,81
229000849,137,1,136
229000851,332,0,332
229000854,0,18,-18
229000856,0,91,-91
229000857,0,36,-36
229000858,0,10,-10
229000919,0,16,-16
229000930,2,24,-22
229000937,63,2,61
229000966,119,24,95
229000981,20,10,10
229000985,25,4,21
229000986,0,3,-3
229000987,0,7,-7
229000988,0,10,-10
229000989,10,18,-8
229000990,1,10,-9
229000991,0,0,0
229000992,32,3,29
229000993,340,11,329
229000998,9,31,-22
229000999,118,7,111
229001034,0,43,-43
229001035,14,4,10
229001037,65,1,64
229001042,20,1,19
229001047,3,71,-68
229001050,98,38,60
229001200,74,1,73
229001338,2,7,-5
229001394,346,2,344
229001422,160,15,145
229001423,1,42,-41
229001431,34,18,16
229001432,1,12,-11
229001444,275,61,214
229001445,147,114,33
229001503,458,23,435
229001504,49,33,16
229001505,221,23,198
229001506,11,59,-48
229001509,89,11,78
229001545,84,20,64
229001546,1,16,-15
229001553,74,7,67
229001554,0,17,-17
229001559,20,2,18
229001560,0,42,-42
229001630,98,1,97
229001631,3,37,-34
229001635,0,49,-49
229001636,0,0,0
229001658,0,13,-13
229001659,48,10,38
229001660,0,8,-8
229001661,1,80,-79
229001662,7,0,7
229001663,0,3,-3
229002584,270,209,61
229002831,159,125,34
229002841,13,50,-37
229002842,28,54,-26
229002843,32,44,-12
229002844,12,91,-79
229002845,2,157,-155
229002846,6,40,-34
229002847,0,8,-8
229002848,8,28,-20
229002849,0,156,-156
229002850,1,0,1
229002851,3,181,-178
229002852,90,45,45
229002853,68,62,6
229002854,5,53,-48
229002855,4,130,-126
229002856,69,31,38
229002857,3,85,-82
229002858,10,20,-10
229002859,22,35,-13
229002860,35,13,22
229002861,73,61,12
229002862,6,40,-34
229002863,1,8,-7
229002864,30,74,-44
229002865,3,18,-15
229002866,4,35,-31
229002867,0,49,-49
229002868,8,35,-27
229002869,5,62,-57
229002870,45,7,38
235000066,282,35,247
235000067,155,49,106
235000072,6,3,3
235000073,6,28,-22
235000074,47,20,27
235000080,7,114,-107
235000081,44,70,-26
235000082,496,30,466
235000083,457,74,383
235000084,38,77,-39
235000085,182,96,86
235000089,93,14,79
235000092,9,10,-1
235000093,0,1,-1
235000097,0,2,-2
235000098,131,6,125
235000099,32,28,4
235000116,13,14,-1
235000117,534,13,521
235000133,1,63,-62
235000134,4,29,-25
235000206,3,7,-4
235000207,1,1,0
235000208,1,1,0
235000209,3,7,-4
235000210,4,2,2
235000212,2,16,-14
235000213,1,8,-7
235000220,0,3,-3
235000221,5,16,-11
235000238,3,307,-304
235000239,1,31,-30
235000242,267,1272,-1005
235000245,360,191,169
235000246,37,61,-24
235000284,0,74,-74
235000295,72,4,68
235000305,316,11,305
235000306,625,8,617
235000307,63,7,56
235000308,7,4,3
235000309,70,0,70
235000310,31,1,30
235000311,73,62,11
235000322,0,59,-59
235000323,1,35,-34
235000324,0,55,-55
235000325,0,26,-26
235000326,26,84,-58
235000351,1,56,-55
235000352,14,21,-7
235000353,0,13,-13
235000354,15,6,9
235000355,7,39,-32
235000356,71,2,69
235000357,48,12,36
235000358,40,1,39
235000359,25,0,25
235000360,81,8,73
235000361,64,3,61
235000381,42,25,17
235000382,160,24,136
235000390,4,0,4
235000391,167,17,150
235000392,148,119,29
235000393,131,117,14
235000395,90,60,30
235000396,473,58,415
235000400,25,122,-97
235000401,8,144,-136
235000405,166,90,76
235000406,12,42,-30
235000407,57,26,31
235000409,137,35,102
235000410,54,92,-38
235000411,0,36,-36
235000485,0,3,-3
235000486,2,0,2
235000549,92,104,-12
235000550,35,39,-4
235000599,76,3,73
235000600,1,0,1
235000601,1,15,-14
235000602,99,41,58
235000614,0,1,-1
235000648,0,0,0
235000649,42,3,39
235000685,1,6,-5
235000815,5,11,-6
235000834,0,21,-21
235000855,95,15,80
235000862,32,30,2
235000891,0,0,0
235000892,8,0,8
235000901,18,21,-3
235000907,3,6,-3
235001010,183,57,126
235001029,128,95,33
235001030,140,31,109
235001078,68,90,-22
235001079,62,16,46
235001147,47,86,-39
235001166,18,15,3
235001167,25,8,17
235001169,59,122,-63
235001188,0,12,-12
235001189,0,0,0
235001197,2,12,-10
235001200,17,7,10
235001207,716,36,680
235001210,136,153,-17
235001215,7,83,-76
235001239,0,5,-5
235001244,0,12,-12
235016267,0,86,-86
277102712,12,1,11
277103813,0,0,0
277103814,0,0,0
277104249,0,0,0
277104250,0,26,-26
277104251,0,4,-4
277104252,0,5,-5
990011530,0,196,-196
990014944,0,55,-55
990015176,8,6,2
990015618,1,41,-40
990016032,0,145,-145
990032570,0,22,-22
990070001,82,5,77
990070103,0,2,-2
990070601,1,13,-12
990070751,3224,6,3218
990070766,0,102,-102
990071180,474,123,351
990071343,2,0,2
990071387,0,5,-5
990071823,405,0,405
990072600,0,314,-314
990072964,0,70,-70
990073285,0,1,-1
990074393,0,208,-208
990074870,2644,6,2638
990075106,465,5,460
990075746,695,13,682
990076437,6118,4,6114
990076458,0,270,-270
997000007,348,7,341
997000041,1,216,-215
997000058,54,1,53
997000062,10,0,10
997000069,0,1,-1
997000070,0,7,-7
997000100,169,0,169
997000141,0,167,-167
997000198,24,276,-252
998000475,0,0,0
998000736,0,195,-195
998000965,0,78,-78
998001031,0,62,-62
998001700,0,27,-27
998001899,0,1,-1
998001900,7,1,6
998003073,1923,12,1911
998101900,0,0,0
998102850,0,77,-77
998501927,404,735,-331
998501929,201,3,198
998501930,67,0,67
998501931,200,3,197
998501932,37,0,37
998501933,42,3,39
998501937,124,61,63
998501944,18,12,6
998501950,0,3,-3
998501970,366,10,356
998501971,0,113,-113
998501973,0,5,-5
998501974,0,52,-52
998501975,120,0,120
998501976,673,12,661
998501977,0,18,-18
998501978,2,0,2
998501979,0,5,-5
998501980,173,3,170
998501981,125,0,125
998501982,0,73,-73
998501983,0,2,-2
998502006,0,0,0
998502024,0,2,-2
998502032,0,0,0
998502062,8,1,7
998502063,0,0,0
998502173,18,0,18
998502269,0,0,0
998502546,0,341,-341
998502578,2,0,2
998502599,21,991,-970
998502621,0,1,-1
998601159,12,9,3
998601292,0,0,0
999033574,0,130,-130
999800001,58,15,43
999800002,0,2,-2
999800003,4,3,1
999800004,0,4,-4
999800005,0,10,-10
