ID,insum,outsum,diff
100000001,435,609,-174
100000002,2165,1774,391
100000003,3497,3457,40
100000004,661,731,-70
100000005,1693,3397,-1704
100000006,532,177,355
100000007,1327,558,769
100000008,186,400,-214
100000009,362,195,167
100000010,50,46,4
100000011,747,102,645
100000012,53,634,-581
100000013,27,189,-162
100000014,378,270,108
100000015,1067,1554,-487
100000016,624,966,-342
100000017,425,683,-258
100000018,1027,531,496
100000019,2339,1532,807
100000020,1075,3837,-2762
100000021,3057,1730,1327
100000022,633,1702,-1069
100000023,3020,1047,1973
100000025,675,841,-166
100000028,793,743,50
100000029,120,287,-167
100000030,78,33,45
100000031,2200,4382,-2182
100000032,1325,2498,-1173
100000033,766,1911,-1145
100000034,180,530,-350
100000035,853,956,-103
100000036,1010,953,57
100000037,575,367,208
100000038,1682,814,868
100000039,368,206,162
100000040,177,143,34
100000041,1062,473,589
100000042,788,463,325
100000043,703,485,218
100000044,334,665,-331
100000045,424,720,-296
100000046,414,519,-105
100000047,177,305,-128
100000048,223,461,-238
100000049,1028,1131,-103
100000051,374,587,-213
100000053,182,5,177
100000054,353,31,322
100000055,726,236,490
100000056,438,417,21
100000057,1465,530,935
100000058,578,710,-132
100000059,14,130,-116
100000060,355,236,119
100000061,1733,350,1383
100000062,1582,413,1169
100000063,681,234,447
100000064,1149,269,880
100000065,248,533,-285
100000066,165,504,-339
100000067,311,508,-197
100000068,358,957,-599
100000069,271,825,-554
100000072,212,409,-197
100000073,681,684,-3
100000075,617,220,397
100000076,1584,2228,-644
100000077,107,187,-80
100000078,16,37,-21
100000079,26,37,-11
100000080,26,77,-51
100000081,128,197,-69
100000102,1879,2104,-225
100000103,1926,1285,641
100000104,2108,2026,82
100000105,1347,1270,77
100000106,1378,1807,-429
100000107,201,900,-699
100000108,319,665,-346
100000109,1254,955,299
100000116,861,783,78
100000117,43,109,-66
100000118,965,1068,-103
100000119,468,701,-233
100000121,305,334,-29
100000122,613,914,-301
100000123,1570,2529,-959
100000124,2519,3613,-1094
100000125,2600,1227,1373
100000126,406,336,70
100000127,861,306,555
100000128,1005,1617,-612
100000129,320,426,-106
100000130,375,368,7
100000131,1234,1714,-480
100000132,714,1864,-1150
100000133,2311,1515,796
100000135,556,989,-433
100000139,331,360,-29
100000140,295,266,29
100000142,406,457,-51
100000143,995,505,490
100000144,2967,743,2224
100000147,881,2539,-1658
100000150,48,354,-306
100000151,721,1141,-420
100000153,129,326,-197
100000154,38,160,-122
100000155,10,41,-31
100000156,354,432,-78
100000157,319,126,193
100000158,270,109,161
100000159,244,431,-187
100000165,1057,776,281
100000169,130,666,-536
100000174,295,571,-276
100000179,112,395,-283
100000180,843,1712,-869
100000181,354,213,141
100000188,69,147,-78
100000189,836,283,553
100000190,619,987,-368
100000191,657,581,76
100000192,26,80,-54
100000193,267,151,116
100000330,797,688,109
100000355,162,528,-366
100000362,2723,1764,959
100000363,3550,3549,1
100000364,153,221,-68
100000365,4876,6205,-1329
100000366,3804,2212,1592
100000367,3941,5239,-1298
100000368,1853,942,911
100000369,598,1513,-915
100000370,122,665,-543
100000376,83,138,-55
100000379,1163,1092,71
100000380,3025,3342,-317
100000384,3411,3873,-462
100000385,1982,2793,-811
100000386,4053,3698,355
100000387,3100,4048,-948
100000388,3407,4361,-954
100000389,3865,4608,-743
100000390,4506,5005,-499
100000391,3705,5587,-1882
100000392,2341,3509,-1168
100000393,1897,3714,-1817
100000394,5257,6715,-1458
100000395,3710,3994,-284
100000396,5710,3239,2471
100000397,3798,6257,-2459
100000398,9109,6084,3025
100000413,11,10,1
100900002,4,21,-17
100900003,320,175,145
100900004,30,616,-586
100900005,72,23,49
100900006,21,83,-62
100900007,178,5,173
100900008,1,284,-283
100900009,64,147,-83
100900010,47,54,-7
100900011,154,168,-14
100900012,1,188,-187
100900013,617,15,602
100900014,2,12,-10
100900015,64,59,5
100900016,2,25,-23
100900017,535,59,476
100900018,0,16,-16
100900019,14,44,-30
100900020,246,7,239
100900021,324,0,324
100900022,6,15,-9
100900023,0,11,-11
100900024,357,10,347
100900025,11,2,9
100900026,103,89,14
100900027,373,1733,-1360
100900028,101,145,-44
100900029,38,5,33
100900030,6,78,-72
100900031,473,30,443
100900032,236,0,236
100900033,100,153,-53
100900034,634,1,633
100900035,243,0,243
100900036,9,0,9
100900037,106,116,-10
100900038,84,26,58
100900039,169,476,-307
100900040,524,404,120
100900041,584,429,155
100900042,847,1119,-272
100900043,0,13,-13
100900044,1041,498,543
100900045,11,1,10
100900046,735,11,724
100900047,504,126,378
100900048,110,29,81
100900049,67,95,-28
100900050,6,8,-2
100900051,27,67,-40
100900052,185,15,170
100900053,414,26,388
100900054,15,39,-24
100900055,175,508,-333
100900056,41,54,-13
100900057,979,800,179
100900058,123,33,90
100900059,66,1,65
100900060,162,9,153
100900061,296,154,142
100900062,5,20,-15
100900063,192,528,-336
100900064,488,16,472
100900065,56,92,-36
100900066,150,137,13
100900067,2,12,-10
100900068,234,85,149
100900069,205,3,202
100900070,332,4,328
100900071,651,157,494
100900072,1,41,-40
100900073,109,267,-158
100900074,3,0,3
100900075,1148,203,945
100900076,3,19,-16
100900077,30,47,-17
100900078,70,212,-142
100900079,14,9,5
100900080,21,117,-96
100900081,26,111,-85
100900082,163,454,-291
100900083,12,17,-5
100900085,18,238,-220
100900086,87,462,-375
100900088,116,331,-215
100900089,2,9,-7
100900090,75,308,-233
100900091,0,13,-13
100900092,154,130,24
100900093,218,169,49
100900094,115,278,-163
100900095,1,28,-27
100900096,55,73,-18
100900097,2,3,-1
100900098,15,16,-1
100900099,21,323,-302
100900100,7,377,-370
100900101,163,43,120
100900102,14,36,-22
100900103,3,6,-3
100900104,4,111,-107
100900105,13,542,-529
100900106,20,4,16
100900107,1233,600,633
100900108,0,3,-3
100900109,24,15,9
100900110,4,27,-23
100900111,24,135,-111
100900112,10,10,0
100900113,19,15,4
100900114,21,10,11
100900115,1,15,-14
100900116,613,431,182
100900117,195,713,-518
100900118,10,25,-15
100900119,12,8,4
100900120,17,8,9
100900121,206,307,-101
100900122,176,123,53
100900123,100,98,2
100900124,12,15,-3
100900125,17,50,-33
100900126,124,73,51
100900127,4,22,-18
100900128,67,123,-56
100900129,0,130,-130
100900131,79,178,-99
100900133,56,30,26
100900134,2,8,-6
100900135,0,111,-111
100900137,239,143,96
100900138,313,374,-61
100900139,11,6,5
100900140,1,251,-250
100900141,6,405,-399
100900142,5,4,1
100900143,459,330,129
100900144,36,5,31
100900145,68,129,-61
100900146,6,39,-33
100900147,7,423,-416
100900148,61,427,-366
100900149,30,196,-166
100900150,11,27,-16
100900151,118,318,-200
100900152,120,8,112
100900153,2,120,-118
100900154,6,56,-50
100900155,12,16,-4
100900156,21,2,19
100900157,7,128,-121
100900159,1,13,-12
100900160,19,8,11
100900161,40,5,35
100900162,30,179,-149
100900163,144,128,16
100900164,42,40,2
100900165,7,14,-7
100900166,21,2,19
100900167,16,32,-16
100900168,52,106,-54
100900169,113,687,-574
100900170,25,3,22
100900171,12,303,-291
100900172,0,30,-30
100900173,12,201,-189
100900174,135,20,115
100900176,1245,124,1121
100900177,434,147,287
100900178,182,117,65
100900179,134,167,-33
100900180,1,2,-1
100900181,59,80,-21
100900182,40,20,20
100900184,16,131,-115
100900186,390,267,123
100900187,8,81,-73
100900188,35,5,30
100900189,1052,172,880
100900191,705,839,-134
100900192,250,414,-164
100900195,99,110,-11
100900197,26,36,-10
100900198,24,106,-82
100900199,6,11,-5
100900200,580,315,265
100900201,58,396,-338
100900202,53,1,52
100900203,0,144,-144
100900204,130,611,-481
100900205,183,422,-239
100900206,154,65,89
100900207,204,111,93
100900210,77,448,-371
100900211,348,95,253
100900213,121,27,94
100900214,382,93,289
100900215,25,37,-12
100900217,101,87,14
101000001,1995,1677,318
101000002,3968,4222,-254
101000003,338,803,-465
101000004,4706,4753,-47
101000005,1505,2480,-975
101000006,4186,4828,-642
101000007,1947,2757,-810
101000008,1792,1647,145
101000009,1697,796,901
101000010,700,717,-17
101000011,930,377,553
101000012,862,623,239
101000013,571,816,-245
101000014,381,468,-87
101000015,1034,668,366
101000016,243,322,-79
101000017,350,294,56
101000018,1515,1489,26
101000020,1585,940,645
101000021,558,261,297
101000022,75,53,22
101000023,836,456,380
101000025,239,338,-99
101000026,197,15,182
101000027,1428,2120,-692
101000028,657,162,495
101000029,158,1269,-1111
101000030,1157,73,1084
101000031,462,584,-122
101000032,4292,3687,605
101000033,1366,2590,-1224
101000034,1192,1339,-147
101000035,495,331,164
101000036,1078,848,230
101000037,1376,1495,-119
101000039,1296,1934,-638
101000040,1842,3156,-1314
101000041,4740,6123,-1383
101000042,271,912,-641
101000043,4204,5596,-1392
101000045,965,918,47
101000046,2005,1466,539
101000047,1326,2905,-1579
101000048,465,365,100
101000049,439,1457,-1018
101000050,1048,1315,-267
101000051,1095,2151,-1056
101000052,1046,881,165
101000053,640,1053,-413
101000054,1313,758,555
101000055,1032,1034,-2
101000056,15,82,-67
101000057,1140,923,217
101000058,785,903,-118
101000059,1346,1637,-291
101000060,1192,547,645
101000061,497,1102,-605
101000062,403,626,-223
101000063,453,794,-341
101000064,923,997,-74
101000065,318,406,-88
101000066,928,974,-46
101000067,1240,1041,199
101000068,207,386,-179
101000069,185,66,119
101000070,673,818,-145
101000071,1461,731,730
101000072,567,2174,-1607
101000073,613,941,-328
101000074,3442,2930,512
101000075,2660,3986,-1326
101000077,1101,1023,78
101000078,655,1233,-578
101000079,1488,417,1071
101000080,1134,501,633
101000081,1409,1320,89
101000082,2527,2492,35
101000083,2193,1993,200
101000084,1026,741,285
101000085,1061,1012,49
101000086,905,894,11
101000087,750,713,37
101000088,972,978,-6
101000089,838,1200,-362
101000090,1459,982,477
101000091,415,511,-96
101000092,882,756,126
101000093,1145,600,545
101000094,772,689,83
101000095,452,368,84
101000096,375,417,-42
101000097,371,322,49
101000098,361,406,-45
101000099,621,789,-168
101000100,732,709,23
101000101,185,282,-97
101000102,489,390,99
101000103,538,415,123
101000104,266,519,-253
101000105,287,356,-69
101000106,521,732,-211
101000107,199,287,-88
101000108,565,199,366
101000109,343,55,288
101000110,24,324,-300
101000111,88,194,-106
101000113,165,439,-274
101000114,5401,5927,-526
101000115,117,82,35
101000116,84,76,8
101000117,897,207,690
101000119,59,35,24
101000120,99,43,56
101000121,54,62,-8
101000122,125,87,38
101000123,37,135,-98
101000124,1287,267,1020
101000125,192,423,-231
101000128,204,410,-206
101000130,138,220,-82
101000131,774,461,313
101000132,521,511,10
101000135,28,33,-5
101000136,411,176,235
101000137,28,261,-233
101000141,770,2445,-1675
101000147,769,428,341
101000148,636,6,630
101000149,304,304,0
101000150,87,476,-389
101000151,212,45,167
101000152,255,202,53
101000153,331,229,102
101000154,263,693,-430
101000155,230,128,102
101000156,18,223,-205
101000157,24,20,4
101000160,37,39,-2
101000163,200,361,-161
101000164,343,261,82
101000165,242,309,-67
101000166,239,213,26
101000168,838,406,432
101000252,1740,812,928
101000254,146,81,65
101000258,46,5,41
101000261,160,45,115
101000262,919,2009,-1090
101000263,216,822,-606
101000265,62,610,-548
101000266,235,208,27
101000269,27,9,18
101000290,623,1626,-1003
101000293,36,37,-1
101000294,451,331,120
101000295,130,306,-176
101000301,379,405,-26
101000304,1418,1666,-248
101000305,2149,888,1261
101000328,74,279,-205
101900001,17,57,-40
101900002,0,10,-10
101900003,34,77,-43
101900004,0,49,-49
101900005,2317,1876,441
101900006,766,50,716
101900007,537,122,415
101900008,48,164,-116
101900009,22,248,-226
101900010,686,487,199
101900011,146,733,-587
101900012,159,84,75
101900013,620,173,447
101900017,4,130,-126
101900018,932,238,694
101900019,225,98,127
101900020,49,33,16
101900021,4,35,-31
101900022,136,875,-739
101900023,109,109,0
101900026,171,37,134
101900027,19,100,-81
102000001,1732,3262,-1530
102000002,1647,798,849
102000003,2022,4857,-2835
102000004,3232,2107,1125
102000005,1033,1697,-664
102000006,760,1227,-467
102000007,1076,3324,-2248
102000008,2757,1106,1651
102000009,4602,5690,-1088
102000010,3573,2204,1369
102000011,3003,2394,609
102000012,2263,2077,186
102000018,1973,1998,-25
102000019,1612,1105,507
102000026,179,412,-233
102000029,174,205,-31
102000030,118,228,-110
102000031,79,92,-13
102000032,416,213,203
102000033,221,290,-69
102000034,309,248,61
102000035,769,541,228
102000036,10,212,-202
102000037,101,48,53
102000038,175,280,-105
102000039,187,66,121
102000040,324,199,125
102000041,137,341,-204
102000042,159,238,-79
102000043,128,154,-26
102000044,235,348,-113
102000045,517,603,-86
102000046,862,442,420
102000047,602,624,-22
102000048,298,517,-219
102000049,821,684,137
102000050,757,815,-58
102000051,310,539,-229
102000052,850,501,349
102000053,633,698,-65
102000054,548,785,-237
102000055,1045,408,637
102000056,830,649,181
102000057,1006,395,611
102000058,751,868,-117
102000059,1035,972,63
102000060,825,706,119
102000061,1219,1226,-7
102000062,1285,706,579
102000063,909,1198,-289
102000064,629,671,-42
102000065,79,133,-54
102000066,644,604,40
102000067,1336,2012,-676
102000068,5998,2044,3954
102000069,55,1642,-1587
102000070,1262,38,1224
102000071,5141,6326,-1185
102000072,2016,2685,-669
102000073,662,504,158
102000074,510,530,-20
102000075,109,201,-92
102000076,156,234,-78
102000077,423,540,-117
102000078,678,479,199
102000079,111,172,-61
102000080,192,152,40
102000081,210,721,-511
102000082,452,332,120
102000083,620,178,442
102000084,363,207,156
102000085,1317,622,695
102000086,959,711,248
102000087,617,1012,-395
102000088,270,245,25
102000089,989,298,691
102000090,335,751,-416
102000091,964,454,510
102000092,224,410,-186
102000093,629,633,-4
102000094,560,547,13
102000095,688,797,-109
102000096,398,624,-226
102000097,527,523,4
102000098,423,453,-30
102000099,579,679,-100
102000100,413,1034,-621
102000101,562,613,-51
102000102,225,980,-755
102000103,1009,323,686
102000104,426,244,182
102000105,225,381,-156
102000106,714,360,354
102000107,1148,390,758
102000108,519,117,402
102000109,530,434,96
102000110,1016,792,224
102000111,15,218,-203
102000112,129,111,18
102000113,30,22,8
102000114,602,273,329
102000115,213,219,-6
102000116,257,378,-121
102000117,140,366,-226
102000118,707,1096,-389
102000119,1034,700,334
102000120,178,360,-182
102000121,753,450,303
102000122,491,660,-169
102000123,875,644,231
102000124,793,843,-50
102000125,797,695,102
102000126,578,537,41
102000127,937,462,475
102000128,589,531,58
102000129,1110,450,660
102000130,636,448,188
102000131,756,346,410
102000132,288,494,-206
102000133,1738,1357,381
102000134,693,545,148
102000135,515,579,-64
102000136,757,396,361
102000137,528,690,-162
102000138,227,313,-86
102000139,74,395,-321
102000140,208,544,-336
102000141,158,319,-161
102000142,242,276,-34
102000143,162,224,-62
102000144,302,307,-5
102000145,348,338,10
102000146,362,242,120
102000147,371,365,6
102000148,183,455,-272
102000149,196,214,-18
102000150,287,61,226
102000151,97,138,-41
102000152,165,105,60
102000153,1026,513,513
102000154,240,503,-263
102000155,66,264,-198
102000156,254,117,137
102000157,111,304,-193
102000158,438,422,16
102000159,601,434,167
102000161,1990,1444,546
102000162,112,118,-6
102000163,100,432,-332
102000164,559,935,-376
102000165,192,111,81
102000166,72,122,-50
102000167,209,161,48
102000168,201,128,73
102000169,108,407,-299
102000170,369,169,200
102000171,109,74,35
102000172,56,272,-216
102000173,355,211,144
102000174,75,52,23
102000175,71,56,15
102000176,53,19,34
102000178,200,346,-146
102000179,397,236,161
102000180,819,286,533
102000181,585,397,188
102000182,534,439,95
102000183,1537,1085,452
102000184,1610,542,1068
102000185,2308,871,1437
102000186,1047,1234,-187
102000187,693,988,-295
102000188,973,1009,-36
102000189,1565,577,988
102000190,443,1850,-1407
102000191,830,361,469
102000192,928,1090,-162
102000193,55,108,-53
102000194,32,74,-42
102000195,307,319,-12
102000196,179,195,-16
102000197,567,216,351
102000198,208,391,-183
102000199,904,182,722
102000200,277,614,-337
102000201,938,263,675
102000202,4,85,-81
102000203,260,154,106
102000204,404,436,-32
102000205,864,245,619
102000206,490,329,161
102000207,508,275,233
102000208,271,294,-23
102000209,75,57,18
102000210,294,278,16
102000211,337,197,140
102000212,287,13,274
102000213,4,189,-185
102000214,241,11,230
102000215,5,227,-222
102000216,53,50,3
102000217,14,85,-71
102000218,269,164,105
102000219,349,197,152
102000225,481,482,-1
102000226,1154,829,325
102000227,126,1,125
102000228,0,111,-111
102000229,30,45,-15
102000230,308,316,-8
102000231,167,275,-108
102000232,20,132,-112
102000233,335,391,-56
102000234,115,744,-629
102000236,176,58,118
102000237,355,117,238
102000238,121,168,-47
102000240,384,491,-107
102000241,139,96,43
102000243,37,34,3
102000245,23,103,-80
102000246,11,42,-31
102000247,526,553,-27
102000248,472,699,-227
102000249,131,99,32
102000250,56,256,-200
102000254,155,190,-35
102000266,13,210,-197
102000271,21,0,21
102000286,255,311,-56
102000297,1408,707,701
102000301,0,0,0
102000303,0,0,0
102000305,0,0,0
102000307,0,2,-2
102900001,818,503,315
102900002,359,35,324
102900003,54,141,-87
102900005,305,183,122
102900006,398,82,316
102900007,391,18,373
102900008,153,22,131
102900009,367,203,164
102900010,294,778,-484
102900011,1283,233,1050
102900012,328,99,229
102900013,22,44,-22
102900015,413,368,45
102900016,64,85,-21
102900017,176,393,-217
102900018,34,84,-50
102900019,297,297,0
102900020,143,29,114
102900021,24,89,-65
102900022,537,172,365
102900023,19,49,-30
102900024,26,34,-8
102900025,170,98,72
102900026,224,1477,-1253
102900027,95,43,52
102900028,120,538,-418
102900029,137,155,-18
102900030,280,214,66
102900031,248,110,138
102900032,63,74,-11
102900033,108,155,-47
102900034,416,51,365
102900035,107,225,-118
102900036,268,358,-90
102900037,302,296,6
102900038,476,293,183
102900039,9,360,-351
102900040,121,238,-117
102900041,67,125,-58
102900042,130,181,-51
102900043,108,163,-55
102900044,363,1339,-976
102900045,123,433,-310
102900046,115,222,-107
102900047,149,425,-276
102900048,499,393,106
102900049,134,254,-120
102900050,141,224,-83
102900051,155,107,48
102900053,319,422,-103
102900054,347,728,-381
102900055,68,164,-96
102900056,119,369,-250
102900057,7,53,-46
102900058,266,73,193
102900059,24,59,-35
102900060,119,369,-250
102900061,145,303,-158
102900062,204,579,-375
102900063,908,306,602
102900064,67,299,-232
102900065,872,321,551
102900066,253,15,238
102900068,109,74,35
102900070,156,377,-221
102900072,9,27,-18
102900073,85,7,78
102900075,43,67,-24
102900076,102,120,-18
102900077,31,28,3
102900078,35,46,-11
102900079,154,14,140
102900080,298,36,262
102900081,76,187,-111
102900082,23,187,-164
102900083,207,11,196
102900084,4,37,-33
102900085,355,105,250
102900086,8,66,-58
102900087,155,87,68
102900088,38,21,17
102900089,238,110,128
102900090,1,220,-219
102900091,118,5,113
102900092,456,599,-143
102900094,1,114,-113
102900095,61,0,61
102900096,54,20,34
102900097,52,122,-70
103000001,1744,1729,15
103000002,1515,1789,-274
103000003,2349,1974,375
103000004,761,640,121
103000005,1470,2366,-896
103000006,674,1246,-572
103000007,309,481,-172
103000008,747,518,229
103000009,994,812,182
103000010,226,145,81
103000011,1289,966,323
103000012,1085,1016,69
103000013,2089,1145,944
103000014,1103,1899,-796
103000015,1053,495,558
103000016,498,1060,-562
103000017,168,295,-127
103000018,482,245,237
103000019,283,260,23
103000020,1714,1054,660
103000021,1796,2044,-248
103000022,972,986,-14
103000023,497,1553,-1056
103000024,78,115,-37
103000025,88,530,-442
103000026,705,79,626
103000027,292,361,-69
103000028,242,269,-27
103000029,145,216,-71
103000030,1051,872,179
103000031,868,1384,-516
103000032,1955,1034,921
103000033,2575,2322,253
103000034,999,707,292
103000035,321,912,-591
103000036,277,367,-90
103000037,432,361,71
103000038,371,645,-274
103000039,353,256,97
103000040,303,669,-366
103000041,1367,1180,187
103000042,999,343,656
103000043,482,712,-230
103000044,173,137,36
103000046,312,315,-3
103000047,515,424,91
103000048,192,187,5
103000049,103,94,9
103000050,618,262,356
103000051,447,355,92
103000052,569,238,331
103000053,163,446,-283
103000054,2154,965,1189
103000055,1756,1648,108
103000056,634,936,-302
103000057,644,193,451
103000058,493,648,-155
103000059,405,612,-207
103000060,565,379,186
103000061,343,724,-381
103000062,842,401,441
103000063,628,726,-98
103000064,136,135,1
103000065,5,351,-346
103000066,171,13,158
103000069,370,284,86
103000070,798,519,279
103000071,1133,480,653
103000072,106,425,-319
103000073,571,104,467
103000074,505,92,413
103000075,97,410,-313
103000076,211,295,-84
103000077,40,219,-179
103000078,628,534,94
103000079,407,556,-149
103000080,577,285,292
103000081,320,966,-646
103000082,334,163,171
103000083,85,213,-128
103000084,100,2,98
103000085,1,95,-94
103000086,321,253,68
103000087,81,383,-302
103000088,183,288,-105
103000089,210,361,-151
103000090,1744,790,954
103000091,461,451,10
103000092,199,179,20
103000093,228,319,-91
103000094,157,63,94
103000095,48,313,-265
103000096,431,61,370
103000097,69,550,-481
103000098,583,123,460
103000099,226,486,-260
103000100,119,495,-376
103000101,754,91,663
103000102,95,359,-264
103000103,625,149,476
103000104,40,95,-55
103000105,130,77,53
103000106,9,96,-87
103000107,197,57,140
103000108,866,517,349
103000109,336,371,-35
103000110,374,385,-11
103000111,321,303,18
103000112,243,109,134
103000113,319,459,-140
103000114,879,297,582
103000115,480,468,12
103000116,529,351,178
103000117,353,374,-21
103000118,371,406,-35
103000119,693,297,396
103000120,56,73,-17
103000121,256,551,-295
103000122,336,558,-222
103000125,9,159,-150
103000126,588,1,587
103000127,4,128,-124
103000128,171,4,167
103000129,4,90,-86
103000130,63,26,37
103000131,135,66,69
103000132,75,120,-45
103000133,22,74,-52
103000134,257,595,-338
103000135,416,237,179
103000136,396,413,-17
103000137,377,444,-67
103000138,485,499,-14
103000139,0,75,-75
103000140,79,20,59
103000141,34,97,-63
103000142,125,48,77
103000143,31,169,-138
103000144,146,55,91
103000145,24,129,-105
103000150,132,46,86
103000152,169,244,-75
103000153,167,107,60
103000156,5,277,-272
103000157,363,2,361
103000159,69,17,52
103000162,47,32,15
103000163,14,41,-27
103000164,21,19,2
103000165,62,177,-115
103000166,180,280,-100
103000167,149,76,73
103000168,87,120,-33
103000169,167,312,-145
103000170,706,278,428
103000171,39,106,-67
103000172,446,289,157
103000173,458,262,196
103000174,202,287,-85
103000175,337,154,183
103000176,721,598,123
103000177,277,260,17
103000178,135,172,-37
103000179,173,32,141
103000183,121,16,105
103000185,101,34,67
103000186,119,182,-63
103000187,486,172,314
103000188,15,81,-66
103000189,543,579,-36
103000191,379,375,4
103000292,886,1350,-464
103000293,732,1558,-826
103000295,56,100,-44
103000296,209,3,206
103000297,5,19,-14
103000504,34,15,19
103000505,5,23,-18
103000506,2,215,-213
103000507,187,0,187
103000508,51,49,2
103000509,223,474,-251
103900001,5,143,-138
103900002,752,127,625
103900003,824,293,531
103900004,92,1,91
103900005,1,117,-116
103900006,16,12,4
103900007,54,0,54
103900008,6,0,6
103900009,220,393,-173
103900010,154,228,-74
103900011,246,125,121
103900012,19,25,-6
103900013,77,53,24
103900014,64,11,53
103900015,85,8,77
103900016,171,125,46
103900017,40,50,-10
103900018,509,119,390
103900019,50,300,-250
103900020,156,388,-232
103900021,327,121,206
103900022,927,636,291
103900023,114,1,113
103900024,50,189,-139
103900025,16,41,-25
103900026,37,0,37
103900027,706,160,546
103900028,21,207,-186
103900029,1027,136,891
103900030,197,98,99
103900031,21,0,21
103900032,129,78,51
103900033,58,13,45
103900034,31,108,-77
103900035,57,35,22
103900036,25,22,3
103900037,53,44,9
103900038,92,197,-105
103900039,94,219,-125
103900040,15,108,-93
103900041,46,41,5
103900042,72,264,-192
103900043,151,53,98
103900044,63,186,-123
103900045,268,178,90
103900047,72,26,46
103900048,30,17,13
103900049,246,822,-576
103900050,15,120,-105
103900051,0,41,-41
103900052,163,217,-54
103900053,187,338,-151
103900054,115,214,-99
103900055,384,186,198
103900056,53,44,9
103900057,37,94,-57
103900058,235,384,-149
103900059,0,25,-25
103900060,54,161,-107
103900061,194,32,162
103900062,259,93,166
103900063,6,0,6
103900064,115,8,107
103900065,757,266,491
103900066,155,28,127
103900067,139,30,109
103900068,1,0,1
103900069,28,5,23
103900070,111,131,-20
103900071,17,75,-58
103900072,18,137,-119
103900073,30,19,11
103900074,97,60,37
103900075,191,55,136
103900076,478,318,160
103900077,35,61,-26
103900078,244,97,147
103900079,140,135,5
103900080,7,21,-14
103900081,117,30,87
103900082,13,111,-98
103900083,894,861,33
103900084,43,96,-53
103900085,70,105,-35
103900086,549,292,257
103900088,222,395,-173
103900089,62,107,-45
103900090,1,119,-118
103900091,924,203,721
103900092,487,300,187
103900093,57,186,-129
103900094,10,78,-68
103900095,168,194,-26
103900096,30,119,-89
103900097,3,293,-290
103900098,168,93,75
103900099,49,51,-2
103900100,243,249,-6
103900101,99,881,-782
103900102,1,25,-24
103900104,0,22,-22
103900105,87,146,-59
103900106,1,69,-68
103900107,137,145,-8
103900108,79,172,-93
103900109,106,92,14
103900110,134,42,92
103900111,82,347,-265
103900112,25,50,-25
103900113,100,212,-112
103900114,253,248,5
103900115,214,85,129
103900116,3176,2366,810
103900117,100,41,59
103900119,28,83,-55
103900120,27,72,-45
103900122,122,203,-81
103900123,918,562,356
103900124,70,284,-214
103900125,103,82,21
103900126,425,251,174
103900127,167,334,-167
103900128,127,121,6
103900131,61,81,-20
103900133,777,26,751
103900134,0,2,-2
103900135,4,3,1
103900137,1,23,-22
103900138,112,127,-15
103900139,176,1393,-1217
103900140,3,152,-149
103900141,204,41,163
103900142,183,85,98
103900143,112,4,108
103900144,0,22,-22
103900145,154,120,34
103900146,195,160,35
103900147,271,114,157
103900148,188,153,35
103900149,261,444,-183
103900150,3381,2985,396
103900151,38,97,-59
103900152,530,278,252
103900153,10,5,5
103900154,484,1253,-769
103900155,48,154,-106
103900156,53,134,-81
103900157,35,119,-84
103900158,85,99,-14
103900159,122,39,83
103900160,34,27,7
103900161,92,128,-36
103900162,54,109,-55
103900163,5,338,-333
103900167,17,68,-51
103900168,152,57,95
103900169,36,41,-5
103900170,1,83,-82
103900171,0,38,-38
103900172,3,18,-15
103900173,15,6,9
103900174,187,61,126
103900175,38,67,-29
103900176,6,41,-35
103900177,21,100,-79
103900178,57,39,18
103900179,43,77,-34
103900180,11,46,-35
103900181,39,49,-10
103900182,39,12,27
103900184,382,70,312
103900185,75,295,-220
103900187,25,51,-26
103900188,24,8,16
103900189,79,7,72
103900190,61,56,5
103900191,26,30,-4
103900192,16,58,-42
103900193,92,121,-29
103900194,48,165,-117
103900195,6,73,-67
103900196,28,22,6
103900197,12,23,-11
103900198,13,34,-21
103900199,116,36,80
103900200,130,58,72
103900201,77,119,-42
103900202,8,38,-30
103900203,16,20,-4
103900204,1,60,-59
103900207,0,40,-40
103900208,80,1,79
103900209,8,106,-98
103900210,38,20,18
103900211,442,240,202
103900212,58,210,-152
103900213,36,158,-122
103900214,158,149,9
103900215,172,276,-104
103900216,16,246,-230
103900217,266,39,227
103900218,15,215,-200
103900219,167,180,-13
103900233,24,4,20
103900235,21,40,-19
103900236,20,5,15
103900242,8,9,-1
103900243,2,5,-3
103900244,90,136,-46
103900245,92,120,-28
103900246,39,21,18
103900247,32,90,-58
103900248,6,60,-54
103900249,21,45,-24
103900250,7,30,-23
103900251,2,29,-27
103900253,10,115,-105
103900254,3,8,-5
103900255,2,14,-12
103900256,16,7,9
103900257,113,104,9
103900258,6,6,0
103900259,41,4,37
103900261,10,4,6
103900262,17,4,13
103900263,20,20,0
103900264,22,10,12
103900265,26,4,22
103900266,3,114,-111
103900267,2,63,-61
103900268,19,57,-38
103900269,156,20,136
103900270,55,95,-40
103900271,44,80,-36
103900272,42,33,9
103900273,35,33,2
103900274,101,10,91
103900275,46,18,28
103900276,8,41,-33
103900277,3,43,-40
103900278,4,19,-15
103900279,1,26,-25
103900280,0,52,-52
104000001,1448,1146,302
104000002,1335,1547,-212
104000003,1739,1402,337
104000004,2061,1916,145
104000005,1280,1228,52
104000006,2284,1669,615
104000007,2849,3311,-462
104000008,141,136,5
104000009,181,115,66
104000010,155,249,-94
104000011,319,147,172
104000012,119,217,-98
104000013,134,137,-3
104000014,197,386,-189
104000015,258,119,139
104000016,452,282,170
104000018,694,158,536
104000019,591,155,436
104000020,121,335,-214
104000021,249,325,-76
104000022,122,212,-90
104000023,674,265,409
104000024,247,230,17
104000026,39,239,-200
104000027,214,117,97
104000028,392,195,197
104000029,258,224,34
104000030,217,185,32
104000031,1031,356,675
104000032,213,197,16
104000033,514,472,42
104000034,263,197,66
104000035,720,306,414
104000036,650,365,285
104000037,234,154,80
104000038,372,226,146
104000039,183,154,29
104000040,146,278,-132
104000041,419,247,172
104000042,153,279,-126
104000043,132,255,-123
104000044,202,356,-154
104000045,753,643,110
104000046,781,981,-200
104000047,524,714,-190
104000048,794,772,22
104000049,398,236,162
104000050,131,427,-296
104000051,95,440,-345
104000052,1080,1146,-66
104000053,699,337,362
104000054,250,195,55
104000055,2395,1384,1011
104000056,1194,262,932
104000057,248,352,-104
104000058,711,596,115
104000059,384,668,-284
104000060,663,865,-202
104000061,893,671,222
104000062,422,121,301
104000064,266,186,80
104000065,185,468,-283
104000069,257,447,-190
104000070,84,322,-238
104000071,217,337,-120
104000072,591,210,381
104000075,32,170,-138
104000076,357,33,324
104000082,1658,2411,-753
104000083,644,182,462
104000084,145,314,-169
104000085,217,284,-67
104000086,158,323,-165
104000087,316,1155,-839
104000090,622,720,-98
104000092,959,1250,-291
104000094,541,828,-287
104000095,1428,1059,369
104000096,1046,37,1009
104000097,1346,494,852
104000098,1850,528,1322
104000100,1354,399,955
104000101,911,982,-71
104000106,103,457,-354
104000107,464,290,174
104000108,188,295,-107
104000109,271,72,199
104000110,563,725,-162
104000111,1881,1487,394
104000112,997,380,617
104000116,2,566,-564
104000117,150,336,-186
104000118,473,140,333
104000119,500,173,327
104000120,202,427,-225
104000121,196,538,-342
104000122,536,543,-7
104000123,472,491,-19
104000124,470,997,-527
104000125,1833,3088,-1255
104000126,315,292,23
104000127,913,1363,-450
104000128,399,254,145
104000129,305,16,289
104000130,11,144,-133
104000131,335,325,10
104000132,318,319,-1
104000133,1175,598,577
104000134,792,1109,-317
104000135,373,1284,-911
104000136,591,2680,-2089
104000137,1271,310,961
104000138,601,220,381
104000139,2924,1761,1163
104000141,759,742,17
104000142,512,412,100
104000143,527,315,212
104000144,102,134,-32
104000145,358,163,195
104000146,211,336,-125
104000147,91,210,-119
104000148,298,96,202
104000149,149,165,-16
104000150,728,348,380
104000151,202,230,-28
104000152,380,354,26
104000153,414,384,30
104000154,639,365,274
104000155,355,449,-94
104000157,783,859,-76
104000158,220,300,-80
104000159,682,333,349
104000160,1389,1426,-37
104000161,143,148,-5
104000162,77,114,-37
104000165,721,653,68
104000167,591,772,-181
104000168,412,6,406
104000169,85,29,56
104000170,281,380,-99
104000248,259,344,-85
104000251,80,176,-96
104000272,0,0,0
104000273,0,0,0
104000274,0,0,0
104000275,0,0,0
104000279,490,323,167
104000290,60,204,-144
104000291,392,811,-419
104000293,661,455,206
104000294,30,0,30
104000295,396,525,-129
104000296,432,451,-19
104000297,551,1386,-835
104000298,1238,654,584
104000299,522,982,-460
104000302,99,109,-10
104000303,127,135,-8
104900001,130,249,-119
104900002,37,126,-89
104900003,58,239,-181
104900004,83,158,-75
104900005,197,199,-2
104900006,221,60,161
104900007,243,129,114
104900009,107,190,-83
104900010,51,15,36
104900011,44,50,-6
104900012,209,44,165
104900013,75,12,63
104900014,905,155,750
104900015,73,6,67
104900016,160,101,59
104900017,155,116,39
104900018,6,109,-103
104900019,167,2171,-2004
104900020,66,167,-101
104900021,0,122,-122
104900022,8,82,-74
104900023,1,51,-50
104900024,16,85,-69
104900025,51,127,-76
104900026,3,57,-54
104900027,413,203,210
104900028,22,97,-75
104900029,52,37,15
104900030,318,153,165
104900031,61,130,-69
104900032,26,77,-51
104900033,117,183,-66
104900034,229,130,99
104900035,287,170,117
104900036,213,63,150
104900037,148,162,-14
104900038,216,541,-325
104900039,325,247,78
104900040,401,97,304
104900041,148,119,29
104900042,107,145,-38
104900043,15,116,-101
104900044,511,146,365
104900045,394,57,337
104900046,183,66,117
104900047,207,109,98
104900048,273,63,210
104900049,29,39,-10
104900050,200,55,145
104900051,259,28,231
104900052,47,1,46
104900053,402,70,332
104900054,92,24,68
104900055,115,0,115
104900056,136,9,127
104900057,39,0,39
104900058,286,137,149
104900059,194,107,87
104900060,112,249,-137
104900061,141,250,-109
104900063,8,75,-67
104900064,1,55,-54
104900065,1,104,-103
104900066,1,78,-77
104900067,0,144,-144
104900068,13,119,-106
104900070,104,110,-6
104900071,1,291,-290
104900072,29,173,-144
104900073,36,71,-35
104900074,30,134,-104
104900075,36,19,17
104900076,36,136,-100
104900077,383,168,215
104900078,132,237,-105
104900079,58,335,-277
104900080,68,359,-291
104900082,25,270,-245
104900085,39,198,-159
104900087,180,3,177
104900089,223,1,222
104900090,651,540,111
104900091,385,222,163
104900093,140,286,-146
104900097,1447,1530,-83
104900098,96,33,63
104900099,109,388,-279
104900100,266,156,110
104900102,25,82,-57
104900103,298,66,232
104900104,1494,1276,218
104900106,100,89,11
104900107,99,108,-9
104900108,22,129,-107
104900109,61,88,-27
104900110,4,44,-40
104900111,82,46,36
104900112,154,358,-204
104900113,453,211,242
104900114,273,239,34
104900115,455,260,195
104900116,214,116,98
104900118,15,51,-36
104900119,5,52,-47
104900120,33,200,-167
104900121,0,48,-48
104900122,3,32,-29
104900123,65,20,45
104900124,55,0,55
104900125,254,5,249
104900126,38,40,-2
104900127,20,35,-15
104900128,73,53,20
104900129,733,1515,-782
105000001,1349,785,564
105000002,1882,1095,787
105000003,2700,2524,176
105000004,470,580,-110
105000005,1065,862,203
105000006,982,1255,-273
105000007,913,1307,-394
105000008,1123,2559,-1436
105000009,2018,2389,-371
105000010,2128,1359,769
105000011,2892,2090,802
105000012,3039,2042,997
105000013,721,872,-151
105000014,1721,1754,-33
105000015,6776,11529,-4753
105000016,1727,1475,252
105000017,1154,661,493
105000018,971,1168,-197
105000019,790,699,91
105000020,122,370,-248
105000021,223,94,129
105000022,289,98,191
105000023,548,337,211
105000028,46,85,-39
105000029,489,897,-408
105000030,2636,1754,882
105000031,5,20,-15
105000033,716,1373,-657
105000034,140,613,-473
105000037,456,166,290
105000038,1171,1269,-98
105000039,1546,1033,513
105000040,683,822,-139
105000041,302,836,-534
105000042,2266,1340,926
105000043,1163,1323,-160
105000044,540,368,172
105000045,249,422,-173
105000046,865,229,636
105000047,371,826,-455
105000048,501,177,324
105000049,170,334,-164
105000050,617,310,307
105000051,104,328,-224
105000052,697,680,17
105000053,151,103,48
105000054,585,590,-5
105000055,488,259,229
105000056,1071,1280,-209
105000057,940,560,380
105000058,877,795,82
105000059,606,550,56
105000060,390,436,-46
105000061,532,377,155
105000062,406,549,-143
105000063,237,284,-47
105000064,1302,645,657
105000065,327,391,-64
105000066,735,810,-75
105000067,1072,590,482
105000068,313,505,-192
105000069,1127,1362,-235
105000070,384,676,-292
105000071,183,604,-421
105000072,990,1826,-836
105000073,763,505,258
105000074,646,482,164
105000075,388,582,-194
105000076,876,719,157
105000077,1786,833,953
105000078,872,1103,-231
105000079,888,2414,-1526
105000080,1342,1191,151
105000081,3248,2171,1077
105000082,1007,1998,-991
105000083,5150,3876,1274
105000084,1688,910,778
105000085,1480,2050,-570
105000086,560,803,-243
105000087,882,1262,-380
105000088,1080,1254,-174
105000089,1872,1504,368
105000090,722,524,198
105000091,802,1123,-321
105000092,375,604,-229
105000093,285,227,58
105000094,260,190,70
105000095,61,320,-259
105000096,926,900,26
105000097,641,671,-30
105000098,756,527,229
105000099,528,567,-39
105000100,1141,709,432
105000101,1597,1470,127
105000102,1027,1004,23
105000103,1023,1691,-668
105000104,1642,679,963
105000105,812,1309,-497
105000106,986,937,49
105000107,1157,632,525
105000108,1256,843,413
105000109,1290,1125,165
105000110,611,403,208
105000111,783,505,278
105000112,855,501,354
105000113,395,578,-183
105000114,1621,830,791
105000115,326,1001,-675
105000116,637,431,206
105000117,695,643,52
105000118,421,301,120
105000119,454,519,-65
105000120,791,367,424
105000121,614,597,17
105000122,361,546,-185
105000123,723,783,-60
105000124,1673,637,1036
105000125,697,1178,-481
105000126,1572,949,623
105000127,1706,1291,415
105000128,410,659,-249
105000129,672,289,383
105000130,313,2717,-2404
105000131,593,248,345
105000132,711,517,194
105000133,344,649,-305
105000134,622,416,206
105000135,298,401,-103
105000136,86,220,-134
105000137,489,150,339
105000138,167,245,-78
105000139,744,630,114
105000140,411,292,119
105000141,272,345,-73
105000142,207,280,-73
105000143,128,354,-226
105000144,176,591,-415
105000145,585,253,332
105000146,294,602,-308
105000147,563,237,326
105000148,921,406,515
105000149,1869,1417,452
105000150,1316,953,363
105000151,336,280,56
105000152,150,258,-108
105000153,408,456,-48
105000154,460,303,157
105000155,287,565,-278
105000156,469,419,50
105000157,573,858,-285
105000158,1321,551,770
105000159,224,590,-366
105000160,1659,479,1180
105000161,528,577,-49
105000162,372,1209,-837
105000163,654,583,71
105000164,186,173,13
105000165,486,3831,-3345
105000166,2965,809,2156
105000167,975,1195,-220
105000168,331,423,-92
105000169,477,175,302
105000170,225,779,-554
105000171,837,166,671
105000172,118,37,81
105000173,178,34,144
105000174,62,42,20
105000175,62,80,-18
105000176,377,87,290
105000177,231,193,38
105000178,162,266,-104
105000179,502,185,317
105000180,138,73,65
105000181,92,163,-71
105000182,54,49,5
105000183,1186,1392,-206
105000184,940,753,187
105000185,894,808,86
105000186,380,572,-192
105000187,724,170,554
105000188,164,130,34
105000189,112,379,-267
105000190,230,290,-60
105000191,290,276,14
105000192,235,48,187
105000193,98,106,-8
105000194,509,91,418
105000195,247,502,-255
105000196,102,282,-180
105000197,253,381,-128
105000198,477,203,274
105000199,262,667,-405
105000200,154,251,-97
105000201,106,32,74
105000203,26,177,-151
105000204,71,73,-2
105000205,89,179,-90
105000207,350,164,186
105000208,167,451,-284
105000209,164,288,-124
105000211,277,6,271
105000212,960,719,241
105000213,135,145,-10
105000214,136,166,-30
105000215,274,143,131
105000216,130,168,-38
105000217,148,199,-51
105000218,1046,769,277
105000221,111,128,-17
105000222,478,159,319
105000223,278,188,90
105000226,103,149,-46
105000227,48,123,-75
105000228,191,1603,-1412
105000229,161,400,-239
105000231,305,225,80
105000233,716,469,247
105000234,399,883,-484
105000235,348,455,-107
105000237,463,57,406
105000243,31,29,2
105000248,46,62,-16
105000262,302,837,-535
105000269,140,174,-34
105000270,344,54,290
105000271,0,131,-131
105000282,51,51,0
105000287,325,70,255
105000288,684,249,435
105000289,2852,1894,958
105000290,48,10,38
105000402,2446,2933,-487
105000426,320,460,-140
105000438,4539,1907,2632
105000440,32,36,-4
105000446,6643,4050,2593
105000447,3953,1895,2058
105000454,428,491,-63
105000455,210,100,110
105000474,51,1,50
105000477,364,377,-13
105000478,1488,3490,-2002
105000479,98,128,-30
105000480,10084,6753,3331
105000481,4389,2794,1595
105000482,3727,6886,-3159
105000483,1486,1694,-208
105000484,1675,2593,-918
105000485,1179,2533,-1354
105000486,2109,1852,257
105000488,9874,3965,5909
105000489,773,673,100
105000549,121,128,-7
105000550,318,988,-670
105000551,41,86,-45
105000552,1637,1160,477
105000555,1128,898,230
105000556,72,18,54
105000557,92,162,-70
105900001,3,901,-898
105900002,734,576,158
105900003,22,60,-38
105900004,114,118,-4
105900005,16,218,-202
105900006,11,102,-91
105900007,51,31,20
105900008,65,464,-399
105900009,25,15,10
105900011,111,43,68
105900012,315,69,246
105900013,5,18,-13
105900014,12,39,-27
105900015,124,242,-118
105900016,326,237,89
105900017,1002,31,971
105900018,163,130,33
105900019,42,155,-113
105900020,49,39,10
105900021,14,102,-88
105900022,197,108,89
105900023,12,56,-44
105900024,9,90,-81
105900025,176,18,158
105900026,141,16,125
105900027,4728,3918,810
105900028,292,355,-63
105900029,1068,255,813
105900030,167,159,8
105900031,209,151,58
105900032,52,75,-23
105900033,95,125,-30
105900034,137,151,-14
105900035,93,99,-6
105900036,104,70,34
105900037,78,51,27
105900038,138,181,-43
105900039,205,63,142
105900040,55,78,-23
105900041,108,116,-8
105900042,37,115,-78
105900043,800,47,753
105900044,6,169,-163
105900045,7,477,-470
105900046,6,175,-169
105900047,7,20,-13
105900048,99,355,-256
105900050,2875,1956,919
105900051,21,582,-561
105900052,411,149,262
105900053,1706,2036,-330
105900054,292,131,161
105900056,463,330,133
105900057,20,64,-44
105900058,18,18,0
105900059,0,47,-47
106000001,3230,1830,1400
106000002,1361,3734,-2373
106000003,2104,2458,-354
106000004,1275,2139,-864
106000005,2761,3512,-751
106000006,3897,2461,1436
106000007,363,412,-49
106000008,348,272,76
106000009,531,293,238
106000010,378,410,-32
106000011,1053,866,187
106000012,727,911,-184
106000013,1499,1474,25
106000014,1233,1029,204
106000015,1650,854,796
106000016,912,1274,-362
106000017,462,542,-80
106000018,456,333,123
106000019,327,324,3
106000020,232,212,20
106000021,255,319,-64
106000022,338,123,215
106000023,557,307,250
106000024,404,269,135
106000025,147,164,-17
106000026,57,158,-101
106000027,1215,961,254
106000028,435,309,126
106000029,568,737,-169
106000030,334,343,-9
106000034,153,402,-249
106000035,921,1589,-668
106000036,118,311,-193
106000037,1631,988,643
106000038,255,92,163
106000039,78,91,-13
106000040,102,618,-516
106000041,621,377,244
106000043,479,198,281
106000046,247,60,187
106000047,38,283,-245
106000049,809,141,668
106000050,214,412,-198
106000051,575,316,259
106000052,118,340,-222
106000053,339,81,258
106000054,227,262,-35
106000055,904,656,248
106000056,227,261,-34
106000057,321,251,70
106000058,93,118,-25
106000059,284,160,124
106000060,244,331,-87
106000061,155,385,-230
106000062,96,332,-236
106000063,663,451,212
106000064,32,226,-194
106000065,275,221,54
106000066,107,234,-127
106000067,281,62,219
106000068,55,402,-347
106000069,203,63,140
106000070,438,520,-82
106000071,865,203,662
106000072,1753,1124,629
106000073,1096,2365,-1269
106000074,468,477,-9
106000075,289,1144,-855
106000076,1526,1608,-82
106000077,2466,1034,1432
106000078,781,711,70
106000079,579,574,5
106000080,994,446,548
106000081,608,835,-227
106000082,1644,607,1037
106000083,399,992,-593
106000084,887,450,437
106000085,983,1241,-258
106000086,497,734,-237
106000087,749,401,348
106000088,400,618,-218
106000089,795,287,508
106000090,232,470,-238
106000091,200,354,-154
106000092,475,211,264
106000093,250,100,150
106000094,36,82,-46
106000095,597,433,164
106000096,642,442,200
106000097,829,533,296
106000098,608,652,-44
106000099,171,503,-332
106000100,841,184,657
106000101,648,213,435
106000102,157,388,-231
106000103,207,310,-103
106000104,592,307,285
106000105,378,423,-45
106000106,515,374,141
106000107,156,159,-3
106000108,288,239,49
106000109,201,152,49
106000110,209,265,-56
106000111,151,279,-128
106000112,132,428,-296
106000113,480,384,96
106000114,332,497,-165
106000115,219,283,-64
106000116,265,127,138
106000117,794,516,278
106000118,937,961,-24
106000119,954,600,354
106000120,743,975,-232
106000121,196,148,48
106000122,104,119,-15
106000123,471,122,349
106000124,91,156,-65
106000125,19,196,-177
106000126,257,89,168
106000127,635,554,81
106000128,725,181,544
106000129,364,290,74
106000130,670,267,403
106000131,133,510,-377
106000132,486,172,314
106000133,985,803,182
106000134,465,1117,-652
106000135,198,404,-206
106000136,573,792,-219
106000137,105,609,-504
106000138,831,110,721
106000139,54,79,-25
106000140,42,45,-3
106000141,83,27,56
106000142,61,41,20
106000143,32,33,-1
106000144,55,98,-43
106000145,206,191,15
106000146,365,132,233
106000147,557,463,94
106000148,747,751,-4
106000149,480,383,97
106000150,384,1438,-1054
106000151,2443,590,1853
106000152,873,1542,-669
106000153,81,1218,-1137
106000154,920,188,732
106000155,128,189,-61
106000156,635,164,471
106000157,461,999,-538
106000158,1463,638,825
106000159,1775,1371,404
106000160,358,1928,-1570
106000161,973,280,693
106000162,245,764,-519
106000163,283,258,25
106000164,415,233,182
106000165,163,339,-176
106000166,552,209,343
106000167,273,602,-329
106000168,491,212,279
106000169,221,401,-180
106000170,636,211,425
106000171,166,769,-603
106000172,1905,917,988
106000173,792,1518,-726
106000174,849,241,608
106000175,240,475,-235
106000176,1237,520,717
106000177,622,1393,-771
106000178,2260,911,1349
106000179,741,1363,-622
106000180,571,834,-263
106000181,581,981,-400
106000182,1157,420,737
106000183,1104,370,734
106000184,1062,351,711
106000185,711,747,-36
106000186,543,94,449
106000187,155,693,-538
106000188,1,2,-1
106000189,14,26,-12
106000190,23,1,22
106000191,425,130,295
106000192,1,13,-12
106000193,251,108,143
106000194,89,204,-115
106000195,196,66,130
106000196,63,232,-169
106000197,419,169,250
106000198,119,184,-65
106000199,448,483,-35
106000200,131,153,-22
106000201,341,1964,-1623
106000202,1956,413,1543
106000203,20,111,-91
106000204,94,3,91
106000205,12,114,-102
106000206,96,14,82
106000207,39,440,-401
106000208,1148,126,1022
106000209,1314,311,1003
106000210,247,531,-284
106000211,232,758,-526
106000212,704,327,377
106000213,534,1278,-744
106000214,1878,469,1409
106000215,190,338,-148
106000216,297,320,-23
106000217,218,237,-19
106000218,433,317,116
106000219,138,247,-109
106000220,369,154,215
106000221,256,194,62
106000222,71,50,21
106000223,201,82,119
106000224,164,138,26
106000225,69,90,-21
106000226,97,174,-77
106000228,52,86,-34
106000229,97,445,-348
106000231,694,60,634
106000232,99,191,-92
106000233,258,47,211
106000234,32,167,-135
106000235,305,87,218
106000236,105,63,42
106000237,5,20,-15
106000238,10,36,-26
106000239,1,93,-92
106000240,16,12,4
106000241,17,477,-460
106000242,181,34,147
106000249,82,58,24
106000250,47,421,-374
106000251,78,19,59
106000252,38,46,-8
106000253,65,48,17
106000254,51,32,19
106000255,14,118,-104
106000256,36,27,9
106000257,101,91,10
106000258,120,22,98
106000259,2,43,-41
106000260,52,3,49
106000261,3,29,-26
106000262,59,12,47
106000263,9,42,-33
106000264,116,8,108
106000265,11,71,-60
106000266,68,27,41
106000267,2,35,-33
106000268,383,64,319
106000269,49,26,23
106000270,99,280,-181
106000271,50,142,-92
106000272,151,39,112
106000273,9,146,-137
106000274,110,39,71
106000275,93,201,-108
106000276,146,27,119
106000277,107,170,-63
106000278,128,31,97
106000279,14,16,-2
106000280,73,53,20
106000281,88,40,48
106000282,42,60,-18
106000283,88,35,53
106000284,49,73,-24
106000285,102,62,40
106000286,125,107,18
106000287,110,67,43
106000288,73,110,-37
106000289,61,42,19
106000290,39,68,-29
106000291,104,75,29
106000292,55,64,-9
106000293,110,72,38
106000294,125,83,42
106000295,28,30,-2
106000296,14,72,-58
106000297,40,188,-148
106000298,74,75,-1
106000299,74,127,-53
106000300,55,92,-37
106000301,57,89,-32
106000303,32,40,-8
106000304,47,20,27
106000305,37,28,9
106000306,34,42,-8
106000307,35,22,13
106000308,14,55,-41
106000309,12,41,-29
106000310,252,379,-127
106000311,289,146,143
106000312,59,132,-73
106000313,166,148,18
106000318,45,265,-220
106000319,756,180,576
106000320,3,50,-47
106000321,182,104,78
106000322,122,97,25
106000324,19,81,-62
106000325,1437,677,760
106000326,849,1105,-256
106000327,157,48,109
106000328,57,110,-53
106000329,84,167,-83
106000330,45,36,9
106000428,94,98,-4
106000429,124,378,-254
106000430,270,840,-570
106000431,1783,327,1456
106000432,1614,2046,-432
106000433,2146,1226,920
106000434,2564,1210,1354
106000435,1068,1743,-675
106000436,3,88,-85
106000437,153,30,123
106000438,247,126,121
106000439,39,250,-211
106000440,163,372,-209
106000441,1,0,1
106000442,154,2,152
106000443,150,191,-41
106000450,2,94,-92
106000451,33,38,-5
106000454,2,100,-98
106000455,5,205,-200
106000456,76,12,64
106000457,4,543,-539
106000458,720,59,661
106000459,170,257,-87
106000460,1119,11,1108
106000461,89,603,-514
106000462,0,26,-26
106000463,9,24,-15
106000464,4,298,-294
106000465,633,5,628
106000466,0,361,-361
106000467,282,328,-46
106000468,84,95,-11
106000469,97,0,97
106000470,204,1218,-1014
106000471,31,278,-247
106000472,90,13,77
106000473,40,15,25
106000474,426,368,58
106000475,426,266,160
106000476,154,196,-42
106000477,34,79,-45
106000480,0,253,-253
106900001,0,12,-12
106900002,0,255,-255
106900003,117,578,-461
106900004,4,26,-22
106900006,0,7,-7
106900007,0,7,-7
106900008,304,90,214
106900009,243,192,51
106900010,179,175,4
106900012,880,1421,-541
106900013,379,139,240
106900014,45,1,44
106900015,18,2,16
106900016,262,9,253
106900017,5,1,4
106900018,2,0,2
106900019,31,0,31
106900020,1463,1151,312
106900021,151,127,24
106900022,674,5,669
106900023,39,202,-163
106900024,373,27,346
106900025,83,405,-322
106900026,0,348,-348
106900027,591,3,588
107000001,2971,2784,187
107000002,1743,2754,-1011
107000003,4873,4941,-68
107000004,3029,2469,560
107000005,3990,4183,-193
107000006,2918,2188,730
107000007,4270,6983,-2713
107000008,6242,4596,1646
107000009,6024,5794,230
107000010,6138,5005,1133
107000011,879,756,123
107000012,2873,1829,1044
107000013,115,111,4
107000014,33,166,-133
107000015,400,538,-138
107000016,625,589,36
107000017,1505,1410,95
107000018,8,1010,-1002
107000020,1030,1486,-456
107000021,889,287,602
107000022,695,1237,-542
107000023,1578,169,1409
107000024,561,1012,-451
107000025,173,256,-83
107000026,295,322,-27
107000027,1149,649,500
107000028,1126,908,218
107000029,2826,2218,608
107000030,2328,2069,259
107000031,3504,1951,1553
107000032,454,675,-221
107000033,1906,2478,-572
107000034,2237,1004,1233
107000035,397,192,205
107000036,321,956,-635
107000037,99,566,-467
107000038,226,218,8
107000039,609,621,-12
107000040,134,225,-91
107000041,867,501,366
107000042,532,1520,-988
107000043,1654,807,847
107000044,377,246,131
107000045,66,235,-169
107000046,627,338,289
107000047,310,647,-337
107000048,560,217,343
107000049,565,561,4
107000050,811,443,368
107000051,209,253,-44
107000052,794,869,-75
107000053,267,174,93
107000054,64,228,-164
107000055,316,122,194
107000056,422,644,-222
107000057,1319,245,1074
107000058,1678,1743,-65
107000059,806,1266,-460
107000060,3851,3978,-127
107000061,3171,2656,515
107000062,3921,2283,1638
107000063,3068,3081,-13
107000064,3777,2087,1690
107000065,3136,3859,-723
107000066,1417,2245,-828
107000067,976,1007,-31
107000068,915,583,332
107000069,702,445,257
107000070,1018,11,1007
107000071,2932,39,2893
107000072,30,1739,-1709
107000073,676,307,369
107000074,159,673,-514
107000075,1518,430,1088
107000076,539,934,-395
107000077,3169,1242,1927
107000078,2296,2181,115
107000079,2263,939,1324
107000080,870,1951,-1081
107000081,1452,500,952
107000082,442,958,-516
107000083,1157,334,823
107000084,247,920,-673
107000085,2360,2450,-90
107000086,2770,2485,285
107000087,2372,1576,796
107000088,2421,2868,-447
107000089,1351,1324,27
107000090,847,709,138
107000091,1279,696,583
107000092,635,721,-86
107000093,988,692,296
107000094,631,872,-241
107000095,648,571,77
107000096,400,474,-74
107000097,662,277,385
107000098,359,422,-63
107000099,413,231,182
107000100,185,201,-16
107000101,54,132,-78
107000102,145,184,-39
107000103,257,173,84
107000104,203,205,-2
107000105,349,112,237
107000106,107,202,-95
107000107,634,106,528
107000108,135,385,-250
107000109,440,121,319
107000110,58,314,-256
107000111,270,33,237
107000112,30,167,-137
107000113,640,110,530
107000114,88,351,-263
107000115,484,128,356
107000116,71,523,-452
107000117,114,509,-395
107000118,127,127,0
107000119,960,1219,-259
107000120,767,440,327
107000121,873,465,408
107000122,979,635,344
107000123,495,453,42
107000124,471,607,-136
107000125,825,447,378
107000126,842,562,280
107000129,192,407,-215
107000130,471,188,283
107000131,295,340,-45
107000132,425,251,174
107000133,384,90,294
107000134,221,3,218
107000135,0,177,-177
107000136,616,10,606
107000137,7,400,-393
107000138,201,22,179
107000139,21,458,-437
107000140,1067,97,970
107000141,129,565,-436
107000142,461,87,374
107000143,70,454,-384
107000144,368,360,8
107000145,137,347,-210
107000146,153,219,-66
107000147,3436,825,2611
107000150,497,2220,-1723
107000151,29,62,-33
107000152,307,1142,-835
107000153,99,260,-161
107000154,204,226,-22
107000155,726,19,707
107000156,838,19,819
107000157,57,976,-919
107000158,567,30,537
107000159,59,630,-571
107000160,943,118,825
107000161,97,766,-669
107000162,224,398,-174
107000163,218,4,214
107000164,725,4,721
107000165,948,7,941
107000166,39,677,-638
107000167,557,183,374
107000168,798,410,388
107000169,615,564,51
107000170,1768,646,1122
107000171,559,1106,-547
107000172,979,1061,-82
107000173,490,582,-92
107000174,996,3753,-2757
107000175,4017,996,3021
107000176,0,2,-2
107000177,0,0,0
107000178,27,35,-8
107000179,244,1348,-1104
107000180,1156,184,972
107000181,339,723,-384
107000182,1709,614,1095
107000183,118,432,-314
107000184,854,508,346
107000185,367,869,-502
107000186,977,278,699
107000187,1016,875,141
107000188,504,427,77
107000189,487,790,-303
107000190,511,499,12
107000191,823,893,-70
107000192,1219,462,757
107000193,291,341,-50
107000194,658,449,209
107000197,722,197,525
107000198,256,529,-273
107000199,549,463,86
107000200,439,499,-60
107000201,627,201,426
107000202,264,325,-61
107000203,735,617,118
107000204,746,829,-83
107000205,1422,686,736
107000206,551,1133,-582
107000207,443,763,-320
107000208,613,425,188
107000209,1257,996,261
107000210,454,246,208
107000211,6,37,-31
107000212,9,241,-232
107000213,5,17,-12
107000214,11,135,-124
107000215,360,233,127
107000216,335,235,100
107000217,300,109,191
107000219,69,121,-52
107000220,346,94,252
107000222,183,375,-192
107000224,344,78,266
107000225,146,247,-101
107000226,471,87,384
107000227,83,158,-75
107000228,93,274,-181
107000229,86,110,-24
107000230,725,434,291
107000231,1029,1216,-187
107000232,109,14,95
107000233,762,694,68
107000234,1,56,-55
107000235,86,6,80
107000236,12,331,-319
107000237,38,0,38
107000238,23,1,22
107000239,2119,302,1817
107000240,90,521,-431
107000243,0,32,-32
107000244,8,34,-26
107000246,0,950,-950
107000249,3,1097,-1094
107000251,0,241,-241
107000252,3,626,-623
107000255,230,100,130
107000257,2,265,-263
107000258,0,71,-71
107000259,3,118,-115
107000260,632,3,629
107000262,11,337,-326
107000263,303,12,291
107000266,4,7,-3
107000267,64,78,-14
107000268,98,113,-15
107000269,637,51,586
107000270,3,34,-31
107000271,12,359,-347
107000272,21,69,-48
107000273,11,370,-359
107000274,679,13,666
107000275,383,1514,-1131
107000280,702,16,686
107000281,53,488,-435
107000282,66,559,-493
107000290,5,23,-18
107000291,19,5,14
107000292,0,104,-104
107000293,49,7,42
107000294,1,27,-26
107000295,21,1,20
107000296,2,28,-26
107000444,246,4,242
107000496,1,10,-9
107000497,1068,1373,-305
107000500,272,204,68
107000501,98,125,-27
107000502,118,214,-96
107000505,245,531,-286
107000506,1,30,-29
107000508,4,332,-328
107000509,169,518,-349
107000510,38,23,15
107000514,46,226,-180
107000515,5,145,-140
107000516,390,190,200
107000518,864,1267,-403
107000519,994,582,412
107000520,111,25,86
107000521,522,241,281
107000522,832,375,457
107900001,62,85,-23
107900002,35,9,26
107900003,91,24,67
107900004,6,0,6
107900005,1103,6,1097
107900006,201,2,199
107900007,270,31,239
107900008,63,7,56
107900009,77,12,65
107900010,52,1,51
107900012,188,27,161
107900013,141,18,123
107900014,27,0,27
107900015,651,14,637
107900016,243,60,183
107900017,12,1,11
107900018,72,123,-51
107900019,15,31,-16
107900020,32,12,20
107900021,109,69,40
107900023,3,2,1
107900024,0,17,-17
107900025,136,174,-38
107900026,43,20,23
107900027,29,41,-12
107900028,101,56,45
107900030,163,21,142
107900031,62,55,7
107900032,20,7,13
107900033,29,9,20
107900034,265,5,260
107900035,610,42,568
107900036,46,27,19
107900037,0,31,-31
107900038,124,199,-75
107900039,46,23,23
107900040,30,101,-71
107900041,2,2,0
107900043,26,57,-31
107900044,10,7,3
107900045,57,51,6
107900046,109,102,7
107900047,59,31,28
107900048,141,8,133
107900049,274,671,-397
107900050,99,227,-128
107900051,64,33,31
107900052,32,42,-10
107900053,40,71,-31
107900055,396,154,242
107900056,88,36,52
107900057,2,0,2
107900058,13,361,-348
107900060,27,54,-27
107900061,11,1,10
107900063,68,78,-10
107900064,169,127,42
107900065,203,9,194
107900066,15,4,11
107900067,1,1,0
107900068,72,375,-303
107900069,17,1636,-1619
107900070,89,34,55
107900071,53,437,-384
107900072,117,114,3
107900073,106,74,32
107900074,488,298,190
107900076,101,30,71
107900077,90,4,86
107900079,8,14,-6
107900080,179,458,-279
107900081,39,73,-34
107900082,12,10,2
107900083,214,137,77
107900084,101,78,23
107900086,39,131,-92
107900087,484,133,351
107900088,31,11,20
107900089,137,775,-638
107900090,387,1767,-1380
107900091,116,223,-107
107900093,53,50,3
107900095,2572,1890,682
107900097,25,46,-21
107900098,35,122,-87
107900100,630,1023,-393
107900101,612,160,452
107900102,11,7,4
107900103,55,101,-46
107900104,135,10,125
107900105,4,221,-217
107900106,3,560,-557
107900107,670,379,291
107900108,166,114,52
107900109,1215,16,1199
107900110,43,69,-26
107900111,1,475,-474
107900112,95,286,-191
107900113,165,73,92
107900114,154,107,47
107900115,1,25,-24
107900116,141,98,43
107900117,179,196,-17
107900118,41,103,-62
107900119,62,135,-73
107900120,19,16,3
107900121,1,83,-82
107900122,2,73,-71
107900123,4,33,-29
107900124,22,21,1
107900125,22,173,-151
107900126,12,50,-38
107900127,341,269,72
107900128,29,79,-50
107900129,55,17,38
107900130,61,10,51
107900131,421,234,187
107900132,65,223,-158
107900133,1,64,-63
107900134,15,48,-33
107900135,4,93,-89
107900136,21,25,-4
107900137,65,92,-27
107900138,51,29,22
107900139,28,30,-2
107900141,30,21,9
107900142,53,459,-406
107900143,49,20,29
107900144,1,115,-114
107900145,14,40,-26
107900146,33,57,-24
107900147,51,20,31
107900148,78,62,16
107900149,457,144,313
107900150,44,352,-308
107900151,51,71,-20
107900152,7,76,-69
107900153,114,230,-116
107900154,36,35,1
107900155,73,44,29
107900156,2,175,-173
107900157,25,31,-6
107900158,570,17,553
107900159,26,442,-416
107900160,80,127,-47
107900161,24,118,-94
107900162,0,27,-27
107900163,31,17,14
107900164,5,32,-27
107900165,25,107,-82
107900166,18,122,-104
107900167,13,31,-18
107900168,43,44,-1
107900169,5,114,-109
107900171,1,693,-692
107900172,1,220,-219
107900173,15,102,-87
107900174,106,4,102
107900175,23,38,-15
107900176,35,37,-2
107900177,1,54,-53
107900178,0,106,-106
107900179,7,99,-92
107900180,402,537,-135
107900181,227,175,52
107900182,1,528,-527
107900183,52,167,-115
107900184,80,212,-132
107900185,138,4,134
107900186,24,21,3
107900187,0,100,-100
107900188,402,92,310
107900189,10,88,-78
107900190,37,103,-66
107900191,52,67,-15
107900193,9,50,-41
107900194,163,7,156
107900195,1146,249,897
107900196,68,84,-16
107900197,471,325,146
107900199,1,608,-607
107900201,58,47,11
107900203,30,56,-26
107900204,153,165,-12
107900206,647,232,415
107900207,4,454,-450
107900208,4,295,-291
107900209,345,113,232
107900210,67,70,-3
107900213,336,252,84
107900214,16,73,-57
107900215,131,205,-74
107900216,159,46,113
107900217,34,79,-45
107900218,10,956,-946
107900219,30,59,-29
107900220,168,203,-35
107900221,108,154,-46
107900223,63,305,-242
107900224,73,273,-200
107900225,2,340,-338
107900226,91,81,10
107900227,88,212,-124
107900228,17,67,-50
107900229,2,150,-148
107900230,12,58,-46
107900231,32,167,-135
107900232,52,78,-26
107900233,8,77,-69
107900234,115,69,46
107900235,22,80,-58
107900236,132,60,72
107900237,38,206,-168
107900238,16,89,-73
107900239,490,362,128
107900240,32,71,-39
107900241,13,57,-44
107900242,16,129,-113
107900243,1,53,-52
107900244,241,2,239
107900245,553,30,523
107900246,173,15,158
107900248,450,234,216
107900249,650,35,615
107900250,2,295,-293
107900251,86,692,-606
107900252,653,13,640
107900253,167,6,161
107900254,58,165,-107
107900255,227,70,157
107900256,670,657,13
107900257,117,81,36
107900258,89,118,-29
107900259,67,1537,-1470
107900261,2,235,-233
107900262,32,78,-46
107900264,283,2,281
107900265,275,103,172
107900267,225,9,216
107900268,19,4,15
107900269,0,6,-6
107900270,2,0,2
107900271,1,21,-20
107900272,73,45,28
107900273,34,69,-35
107900274,78,0,78
107900275,34,0,34
107900276,0,116,-116
107900277,1,144,-143
107900278,210,292,-82
107900279,61,177,-116
107900280,1519,1494,25
107900281,708,2111,-1403
107900282,31,304,-273
107900283,558,420,138
107900284,472,438,34
107900285,99,35,64
107900286,88,58,30
107900287,194,119,75
107900290,0,130,-130
107900291,406,30,376
107900292,130,104,26
107900293,65,272,-207
107900295,33,40,-7
107900297,0,191,-191
107900298,537,462,75
107900299,1557,1864,-307
107900301,426,528,-102
107900302,92,22,70
107900303,131,190,-59
107900304,274,262,12
107900305,223,6,217
107900306,10,26,-16
107900307,51,179,-128
107900308,143,75,68
107900309,79,1,78
107900310,554,9,545
107900311,6,583,-577
107900312,44,0,44
107900313,0,141,-141
107900314,2,34,-32
107900315,1,38,-37
107900316,51,0,51
107900317,56,16,40
107900318,12,65,-53
107900319,7,79,-72
107900320,2,68,-66
107900321,127,6,121
107900322,2,91,-89
107900323,2,84,-82
107900324,85,3,82
107900325,75,0,75
107900326,248,142,106
107900327,0,34,-34
107900328,53,4,49
107900329,75,66,9
107900330,5,176,-171
107900331,197,12,185
107900332,275,28,247
107900333,38,11,27
107900334,11,111,-100
107900335,52,20,32
107900336,45,58,-13
107900337,627,637,-10
107900338,4,109,-105
107900339,3,10,-7
107900340,2,52,-50
107900341,53,0,53
107900342,134,81,53
107900343,36,1,35
107900344,5,34,-29
107900345,58,27,31
107900346,8,2,6
107900347,12,3,9
107900348,2,1,1
107900349,14,3,11
107900350,17,140,-123
107900351,3,147,-144
107900352,3,12,-9
107900353,9,6,3
107900354,5,26,-21
108000001,2505,2859,-354
108000002,1106,1304,-198
108000003,2756,2699,57
108000004,7888,9005,-1117
108000005,7218,5720,1498
108000006,7155,6029,1126
108000007,4299,3167,1132
108000008,3442,4421,-979
108000009,2943,3335,-392
108000010,2048,2887,-839
108000011,9570,9243,327
108000012,11821,10403,1418
108000014,715,686,29
108000015,709,214,495
108000016,233,772,-539
108000017,845,284,561
108000018,1451,503,948
108000019,1491,584,907
108000020,1096,453,643
108000021,265,1300,-1035
108000022,395,980,-585
108000023,975,165,810
108000024,267,393,-126
108000025,235,242,-7
108000026,812,307,505
108000027,593,483,110
108000028,737,230,507
108000029,433,599,-166
108000030,413,224,189
108000031,163,392,-229
108000032,1412,502,910
108000033,650,677,-27
108000034,1202,334,868
108000035,592,1319,-727
108000036,344,653,-309
108000037,1396,358,1038
108000038,2103,404,1699
108000039,424,1203,-779
108000040,1520,694,826
108000041,591,1477,-886
108000042,294,183,111
108000043,233,219,14
108000044,511,122,389
108000045,327,348,-21
108000046,1219,240,979
108000047,288,581,-293
108000048,134,240,-106
108000049,776,199,577
108000050,146,441,-295
108000051,311,132,179
108000052,187,435,-248
108000053,363,183,180
108000054,427,719,-292
108000055,822,427,395
108000056,992,932,60
108000057,541,953,-412
108000058,1629,2882,-1253
108000059,2413,1453,960
108000060,194,502,-308
108000061,297,330,-33
108000062,731,517,214
108000063,413,326,87
108000064,246,208,38
108000065,427,295,132
108000066,1263,557,706
108000067,1514,536,978
108000068,647,343,304
108000069,169,672,-503
108000070,1691,594,1097
108000071,571,923,-352
108000072,1489,856,633
108000073,1034,1090,-56
108000074,521,264,257
108000075,290,573,-283
108000076,754,458,296
108000077,445,388,57
108000078,1982,1055,927
108000079,754,893,-139
108000080,1088,426,662
108000081,425,917,-492
108000082,678,1148,-470
108000083,1584,819,765
108000084,351,736,-385
108000085,749,342,407
108000086,543,455,88
108000087,134,1777,-1643
108000088,660,178,482
108000089,282,218,64
108000091,135,289,-154
108000092,93,67,26
108000093,137,290,-153
108000094,529,95,434
108000095,161,188,-27
108000096,327,207,120
108000097,123,209,-86
108000098,1308,947,361
108000099,726,244,482
108000100,169,428,-259
108000101,943,1153,-210
108000102,1478,2910,-1432
108000106,888,4,884
108000107,0,533,-533
108000108,600,55,545
108000109,11,681,-670
108000110,201,241,-40
108000111,132,322,-190
108000112,36,105,-69
108000113,310,150,160
108000115,214,163,51
108000117,462,241,221
108000118,463,1555,-1092
108000119,544,263,281
108000120,137,568,-431
108000121,164,332,-168
108000122,534,239,295
108000123,579,161,418
108000124,278,359,-81
108000125,379,209,170
108000126,139,306,-167
108000127,431,176,255
108000128,491,328,163
108000129,256,645,-389
108000130,409,175,234
108000131,854,418,436
108000132,1614,812,802
108000133,722,404,318
108000134,474,395,79
108000135,949,378,571
108000136,228,620,-392
108000137,390,198,192
108000138,289,688,-399
108000139,453,281,172
108000140,104,18,86
108000141,31,40,-9
108000142,37,65,-28
108000143,31,244,-213
108000144,405,52,353
108000145,19,20,-1
108000146,663,53,610
108000147,19,12,7
108000148,574,64,510
108000149,11,1,10
108000150,47,5,42
108000151,147,73,74
108000152,98,318,-220
108000153,538,121,417
108000154,52,8,44
108000155,36,18,18
108000156,598,313,285
108000157,112,764,-652
108000158,58,627,-569
108000159,366,151,215
108000160,1758,897,861
108000161,1413,1754,-341
108000165,11,127,-116
108000172,16,231,-215
108000173,1083,1394,-311
108000175,570,87,483
108000178,291,196,95
108000179,166,714,-548
108000181,47,38,9
108000182,201,92,109
108000183,28,315,-287
108000184,651,1736,-1085
108000185,123,275,-152
108000186,341,231,110
108000187,93,354,-261
108000188,567,157,410
108000189,1288,6973,-5685
108000190,29,97,-68
108000192,178,482,-304
108000193,472,24,448
108000194,32,5,27
108000195,1,703,-702
108000196,195,110,85
108000198,589,257,332
108000199,0,203,-203
108000200,383,272,111
108000203,91,337,-246
108000204,127,46,81
108000205,127,240,-113
108000339,843,331,512
108000364,240,482,-242
108000365,66,198,-132
108000367,144,168,-24
108000368,2,28,-26
108000369,536,230,306
108000371,17,677,-660
108000372,546,7,539
108000373,182,124,58
108000376,87,38,49
108000377,429,182,247
108000378,7121,7684,-563
108000379,23,167,-144
108000381,52,5,47
108000382,179,1,178
108000383,0,195,-195
108900001,88,749,-661
108900002,168,68,100
108900003,222,478,-256
108900004,429,361,68
108900007,332,151,181
108900008,132,129,3
108900009,75,101,-26
108900010,218,131,87
108900011,550,395,155
108900012,285,347,-62
108900013,156,202,-46
108900014,21,101,-80
108900015,0,127,-127
108900016,0,196,-196
108900017,181,372,-191
108900018,135,233,-98
108900019,24,350,-326
108900020,34,129,-95
108900021,138,161,-23
108900022,153,8,145
108900023,10,21,-11
108900024,42,67,-25
108900025,99,83,16
108900026,17,90,-73
108900027,0,42,-42
108900028,98,188,-90
108900029,30,171,-141
108900030,0,89,-89
108900031,125,211,-86
108900032,14,137,-123
108900033,0,101,-101
108900034,2,174,-172
108900035,266,777,-511
108900038,0,244,-244
108900039,3,305,-302
108900040,4,88,-84
108900041,3373,2489,884
108900042,11,348,-337
108900043,103,323,-220
108900044,3,298,-295
108900045,71,266,-195
108900046,41,387,-346
108900047,0,91,-91
108900048,119,613,-494
108900049,1487,981,506
108900050,0,123,-123
108900051,1,107,-106
108900052,37,139,-102
108900053,56,181,-125
108900054,59,144,-85
108900055,51,273,-222
108900056,0,91,-91
108900057,1,120,-119
108900058,36,185,-149
108900059,375,31,344
108900060,68,100,-32
108900061,116,17,99
108900062,1,147,-146
108900063,21,186,-165
108900064,180,31,149
108900065,16,110,-94
108900066,370,120,250
108900067,16,109,-93
108900068,3,90,-87
108900069,53,53,0
108900070,24,70,-46
108900071,81,73,8
108900072,1277,372,905
108900073,20,233,-213
108900074,160,187,-27
108900075,48,36,12
108900076,283,68,215
108900077,85,326,-241
108900078,24,72,-48
108900079,626,144,482
108900080,21,556,-535
108900081,42,141,-99
108900082,85,72,13
108900083,19,163,-144
108900085,1364,138,1226
108900086,105,189,-84
108900087,70,105,-35
108900088,832,332,500
108900089,23,76,-53
108900090,72,186,-114
108900091,78,32,46
108900092,418,237,181
108900093,70,71,-1
108900094,229,104,125
108900095,23,233,-210
108900096,249,8,241
108900097,264,143,121
108900098,1222,509,713
108900099,421,168,253
108900100,92,73,19
108900101,163,170,-7
108900102,85,778,-693
108900103,77,125,-48
108900105,5,1037,-1032
108900106,435,213,222
108900108,229,36,193
108900109,302,67,235
108900110,183,287,-104
108900111,415,366,49
108900113,32,46,-14
108900114,81,10,71
108900115,73,48,25
108900116,44,10,34
108900117,187,15,172
108900118,465,12,453
108900119,265,15,250
108900120,296,125,171
108900121,218,96,122
108900122,167,37,130
108900123,101,110,-9
108900124,377,108,269
108900125,363,7,356
108900126,96,39,57
108900127,170,41,129
108900128,148,49,99
108900129,660,142,518
108900130,329,0,329
108900131,337,10,327
108900132,486,37,449
108900133,203,62,141
108900134,362,197,165
108900135,138,9,129
108900136,43,1,42
108900137,147,2,145
108900138,751,55,696
108900140,311,145,166
108900141,306,13,293
108900142,63,4,59
108900143,45,1,44
108900144,137,15,122
108900145,228,19,209
108900146,78,0,78
108900147,185,2,183
108900148,51,28,23
108900150,187,23,164
108900151,116,10,106
108900152,261,36,225
108900153,217,259,-42
108900154,3659,405,3254
108900156,69,3,66
108900157,13,279,-266
108900158,330,82,248
108900159,8,148,-140
108900160,8,184,-176
108900161,7,247,-240
108900162,125,1,124
108900163,2,234,-232
108900164,40,70,-30
108900168,4821,1984,2837
108900169,73,83,-10
108900171,3411,2208,1203
108900172,176,34,142
108900173,98,251,-153
108900174,692,503,189
108900176,97,294,-197
108900177,2893,3949,-1056
108900178,2415,2763,-348
108900180,86,232,-146
108900183,148,148,0
108900184,401,185,216
108900185,71,213,-142
108900186,38,253,-215
108900189,287,97,190
108900190,35,1459,-1424
108900192,74,187,-113
108900195,105,159,-54
108900196,46,182,-136
108900199,170,221,-51
108900200,454,302,152
108900201,438,913,-475
108900203,296,133,163
108900204,214,15,199
108900205,124,32,92
108900206,345,61,284
108900207,177,94,83
108900208,27,208,-181
108900209,177,383,-206
108900210,145,156,-11
108900211,111,431,-320
108900212,513,1037,-524
108900215,75,290,-215
108900216,359,289,70
108900217,96,0,96
108900218,72,14,58
108900221,58,186,-128
108900224,49,146,-97
108900225,2,169,-167
108900227,116,248,-132
108900230,166,192,-26
108900232,1,157,-156
108900233,248,70,178
108900234,251,114,137
108900235,135,316,-181
108900236,48,159,-111
108900240,79,63,16
108900241,24,35,-11
108900245,13,959,-946
108900250,197,68,129
108900258,2,132,-130
108900259,79,73,6
108900260,10,56,-46
108900261,72,94,-22
108900262,129,114,15
108900263,29,92,-63
108900264,524,237,287
108900265,504,328,176
108900266,500,625,-125
108900267,13,98,-85
108900268,6,17,-11
108900269,80,22,58
108900270,69,8,61
108900271,40,13,27
108900272,192,14,178
108900273,742,827,-85
108900274,69,42,27
109000001,1853,1554,299
109000002,977,1715,-738
109000003,2211,338,1873
109000004,407,1387,-980
109000005,1839,457,1382
109000006,556,1530,-974
109000007,1258,460,798
109000008,545,1306,-761
109000009,2627,932,1695
109000010,1068,2395,-1327
109000011,2825,1366,1459
109000012,1080,1457,-377
109000013,2912,2207,705
109000014,1460,1615,-155
109000015,3279,5937,-2658
109000016,3358,2194,1164
109000017,2178,946,1232
109000018,1656,2540,-884
109000019,2023,1114,909
109000020,868,1262,-394
109000023,230,15,215
109000024,6,165,-159
109000025,271,393,-122
109000026,517,245,272
109000027,79,255,-176
109000028,115,68,47
109000029,82,150,-68
109000030,122,184,-62
109000031,199,129,70
109000032,174,671,-497
109000033,240,129,111
109000034,43,53,-10
109000035,28,33,-5
109000036,69,213,-144
109000037,206,1178,-972
109000038,311,214,97
109000039,756,570,186
109000040,2053,6445,-4392
109000041,1475,1426,49
109000042,364,833,-469
109000044,340,139,201
109000045,188,280,-92
109000046,317,63,254
109000047,60,285,-225
109000048,905,343,562
109000049,169,368,-199
109000050,416,413,3
109000051,238,150,88
109000052,453,517,-64
109000053,1079,249,830
109000054,435,325,110
109000055,205,143,62
109000056,307,205,102
109000057,556,473,83
109000058,1488,339,1149
109000059,745,1353,-608
109000060,574,313,261
109000061,581,606,-25
109000062,84,261,-177
109000063,173,112,61
109000064,239,98,141
109000065,89,136,-47
109000066,327,41,286
109000067,61,194,-133
109000068,1608,31,1577
109000069,534,23,511
109000070,9,1431,-1422
109000071,257,84,173
109000072,145,435,-290
109000073,41,61,-20
109000074,23,119,-96
109000075,38,247,-209
109000076,186,282,-96
109000077,351,255,96
109000078,107,158,-51
109000079,137,111,26
109000080,166,79,87
109000081,109,323,-214
109000082,615,189,426
109000083,220,456,-236
109000088,134,329,-195
109000089,169,57,112
109000090,109,249,-140
109000091,226,145,81
109000092,238,263,-25
109000093,183,139,44
109000094,467,1,466
109000095,84,250,-166
109000096,568,217,351
109000097,63,161,-98
109000098,42,134,-92
109000099,681,252,429
109000100,219,494,-275
109000101,1226,444,782
109000102,314,514,-200
109000103,755,455,300
109000104,1432,397,1035
109000105,386,699,-313
109000106,1441,585,856
109000107,448,1071,-623
109000108,1347,408,939
109000109,408,1060,-652
109000110,858,329,529
109000111,825,1514,-689
109000112,275,120,155
109000113,249,95,154
109000114,104,210,-106
109000115,832,78,754
109000116,18,447,-429
109000117,282,63,219
109000118,18,195,-177
109000119,1070,158,912
109000120,159,435,-276
109000121,735,64,671
109000122,106,398,-292
109000123,48,164,-116
109000124,507,314,193
109000125,569,265,304
109000126,375,459,-84
109000127,1384,207,1177
109000128,485,755,-270
109000129,1696,501,1195
109000130,641,1256,-615
109000131,1232,792,440
109000132,864,1679,-815
109000133,258,646,-388
109000134,647,912,-265
109000135,789,1108,-319
109000136,211,235,-24
109000137,246,244,2
109000138,365,184,181
109000139,379,277,102
109000140,171,334,-163
109000141,643,323,320
109000142,114,294,-180
109000143,116,88,28
109000145,77,265,-188
109000146,79,74,5
109000148,2018,980,1038
109000149,20,43,-23
109000150,122,202,-80
109000155,677,535,142
109000156,762,468,294
109000158,62,207,-145
109000159,65,302,-237
109000160,792,131,661
109000161,314,629,-315
109000162,1557,445,1112
109000163,862,1172,-310
109000164,1108,1731,-623
109000165,1031,380,651
109000166,642,85,557
109000167,107,269,-162
109000170,52,45,7
109000171,83,48,35
109000172,54,85,-31
109000173,12,78,-66
109000174,126,50,76
109000175,82,213,-131
109000176,293,165,128
109000177,20,67,-47
109000178,520,263,257
109000179,2637,3571,-934
109000180,2715,2259,456
109000181,14,23,-9
109000182,26,37,-11
109000183,62,6,56
109000184,59,23,36
109000185,12,19,-7
109000188,284,977,-693
109000189,1651,714,937
109000190,512,358,154
109000191,324,290,34
109000192,446,116,330
109000193,165,197,-32
109000194,203,66,137
109000195,97,242,-145
109000196,221,79,142
109000197,161,249,-88
109000198,352,66,286
109000199,106,298,-192
109000206,206,37,169
109000207,119,23,96
109000208,59,54,5
109000209,107,106,1
109000210,150,301,-151
109000211,435,295,140
109000214,418,440,-22
109000215,133,51,82
109000216,208,181,27
109000217,184,102,82
109000218,320,122,198
109000221,574,698,-124
109000222,824,238,586
109000223,272,256,16
109000224,38,76,-38
109000225,75,36,39
109000226,48,122,-74
109000227,877,542,335
109000228,9,1739,-1730
109000231,3,197,-194
109000232,304,189,115
109000236,202,569,-367
109000241,1816,1437,379
109000242,1750,963,787
109000293,70,137,-67
109000361,174,179,-5
109000364,184,354,-170
109000396,3,275,-272
109000397,477,12,465
109000399,130,241,-111
109000400,93,207,-114
109000403,123,1202,-1079
109000406,321,10,311
109000407,195,124,71
109000408,0,306,-306
109000410,751,171,580
109000411,221,30,191
109900001,103,1,102
109900002,630,14,616
109900003,220,2,218
109900004,102,20,82
109900005,25,7,18
109900006,322,90,232
109900007,750,311,439
109900008,0,30,-30
109900009,98,277,-179
109900010,362,18,344
109900011,61,26,35
109900012,201,158,43
109900013,305,127,178
109900014,274,51,223
109900015,345,200,145
109900016,109,19,90
109900017,143,143,0
109900018,168,24,144
109900019,256,21,235
109900020,34,42,-8
109900021,34,14,20
109900022,124,134,-10
109900023,16,2,14
109900024,29,3,26
109900025,18,52,-34
109900026,1,14,-13
109900027,33,32,1
109900028,797,1020,-223
109900029,0,114,-114
109900030,37,4,33
109900031,0,107,-107
109900032,7,193,-186
109900033,1,300,-299
109900034,57,1,56
109900035,16,30,-14
109900036,39,51,-12
109900037,40,265,-225
109900038,69,185,-116
109900039,10,3,7
109900040,41,325,-284
109900041,32,201,-169
109900042,49,323,-274
109900044,105,148,-43
109900045,223,174,49
109900046,137,71,66
109900047,169,256,-87
109900048,6,102,-96
109900049,15,56,-41
109900050,0,108,-108
109900051,3,57,-54
109900052,55,236,-181
109900053,2,187,-185
109900054,503,130,373
109900055,64,197,-133
109900056,28,165,-137
109900057,6,113,-107
109900058,0,48,-48
109900059,57,10,47
109900060,427,89,338
109900061,47,197,-150
109900062,1,114,-113
109900063,2,18,-16
109900064,425,142,283
109900065,50,80,-30
109900066,191,493,-302
109900067,0,124,-124
109900068,43,5,38
109900069,5,36,-31
109900070,4,21,-17
109900071,3,27,-24
109900072,9,119,-110
109900073,289,265,24
109900074,8,32,-24
109900075,16,19,-3
109900076,27,184,-157
109900077,61,50,11
109900078,82,175,-93
109900080,113,195,-82
109900081,17,214,-197
109900082,34,208,-174
109900083,20,86,-66
109900084,55,96,-41
109900085,132,381,-249
109900086,103,374,-271
109900087,335,355,-20
109900089,606,167,439
109900090,26,54,-28
109900091,24,10,14
109900092,423,29,394
109900093,793,84,709
109900094,65,59,6
109900095,114,153,-39
109900096,33,2,31
109900097,102,2,100
109900098,337,17,320
109900099,144,2,142
109900100,49,0,49
109900101,465,8,457
109900102,320,19,301
109900103,21,20,1
109900104,465,431,34
109900105,413,20,393
109900106,296,53,243
109900107,504,60,444
109900108,90,154,-64
109900109,29,86,-57
109900110,2,18,-16
109900111,209,411,-202
109900112,33,19,14
109900113,48,39,9
109900114,573,507,66
109900115,153,58,95
109900117,807,99,708
109900118,21,29,-8
109900119,55,25,30
109900120,6,1,5
109900121,264,358,-94
109900122,29,1,28
109900123,13,111,-98
109900124,6,17,-11
109900125,1,102,-101
109900126,228,52,176
109900128,12,2,10
109900130,3517,1814,1703
109900131,48,117,-69
109900132,32,102,-70
109900133,7,15,-8
109900134,54,77,-23
109900135,253,36,217
109900136,5,11,-6
109900137,139,197,-58
109900140,130,94,36
109900142,101,14,87
109900145,2,59,-57
109900146,27,6,21
109900148,12,11,1
109900149,32,51,-19
109900150,8,72,-64
109900151,8,44,-36
109900152,2,40,-38
109900153,0,62,-62
109900154,40,0,40
109900155,58,17,41
109900157,42,155,-113
109900158,5,11,-6
109900159,92,26,66
109900160,15,2,13
109900161,179,38,141
109900162,169,79,90
109900163,381,189,192
109900164,40,191,-151
109900165,231,5,226
109900166,1,117,-116
109900167,139,288,-149
109900168,191,416,-225
109900169,144,135,9
109900170,140,802,-662
109900171,144,69,75
109900172,214,160,54
109900173,1507,1783,-276
109900174,36,65,-29
109900175,93,40,53
109900176,71,114,-43
109900177,31,166,-135
109900178,14,95,-81
109900179,36,9,27
109900180,5,14,-9
110000001,748,412,336
110000002,478,554,-76
110000003,480,550,-70
110000004,413,512,-99
110000005,318,1230,-912
110000006,174,231,-57
110000007,122,77,45
110000008,19,29,-10
110000009,39,25,14
110000010,17,44,-27
110000011,36,44,-8
110000012,409,246,163
110000013,18,359,-341
110000014,484,330,154
110000015,154,468,-314
110000016,161,1070,-909
110000017,1903,183,1720
110000018,1719,291,1428
110000019,13,64,-51
110000020,336,156,180
110000021,287,294,-7
110000022,497,129,368
110000023,5,128,-123
110000024,362,290,72
110000025,341,3,338
110000026,9,175,-166
110000027,608,553,55
110000028,765,465,300
110000029,396,485,-89
110000030,206,258,-52
110000031,196,264,-68
110000032,608,259,349
110000033,211,75,136
110000034,373,491,-118
110000035,485,323,162
110000036,674,464,210
110000037,162,264,-102
110000038,189,460,-271
110000039,631,2345,-1714
110000040,255,227,28
110000041,221,1131,-910
110000042,92,301,-209
110000043,573,220,353
110000044,85,371,-286
110000045,415,94,321
110000046,6,48,-42
110000047,15,36,-21
110000048,11,21,-10
110000049,33,15,18
110000050,14,19,-5
110000051,21,18,3
110000052,36,28,8
110000053,32,3,29
110000054,133,341,-208
110000055,305,61,244
110000056,94,92,2
110000057,322,441,-119
110000058,739,327,412
110000059,689,447,242
110000060,778,740,38
110000061,505,572,-67
110000062,539,706,-167
110000063,31,82,-51
110000064,54,54,0
110000065,62,40,22
110000066,58,13,45
110000067,39,131,-92
110000068,192,118,74
110000069,187,56,131
110000071,174,56,118
110000073,10,15,-5
110000075,10,60,-50
110000076,231,219,12
110000077,238,571,-333
110000078,29,37,-8
110000080,230,440,-210
110000081,44,173,-129
110000082,33,236,-203
110000083,161,435,-274
110000084,1055,567,488
110000085,952,1092,-140
110000086,860,1462,-602
110000087,11,32,-21
110000088,76,120,-44
110000089,214,69,145
110000090,63,139,-76
110000091,581,159,422
110000092,12,37,-25
110000093,41,13,28
110000094,398,168,230
110000095,160,443,-283
110000096,1273,1313,-40
110000097,865,1173,-308
110000098,1463,565,898
110000099,662,1278,-616
110000100,811,309,502
110000101,29,164,-135
110000102,78,55,23
110000104,371,124,247
110000105,52,255,-203
110000106,441,376,65
110000107,231,317,-86
110000108,123,75,48
110000109,169,181,-12
110000110,1683,2554,-871
110000111,3371,1987,1384
110000112,681,891,-210
110000113,205,1548,-1343
110000114,159,375,-216
110000115,328,187,141
110000116,47,51,-4
110000117,195,199,-4
110000118,324,92,232
110000119,201,158,43
110000120,242,97,145
110000121,56,272,-216
110000122,402,410,-8
110000123,451,528,-77
110000124,3,605,-602
110000125,750,4,746
110000126,217,18,199
110000127,905,50,855
110000128,24,721,-697
110000129,2,440,-438
110000130,256,120,136
110000131,56,322,-266
110000132,1,442,-441
110000133,41,298,-257
110000134,20,268,-248
110000135,142,19,123
110000136,54,200,-146
110000137,446,399,47
110000138,520,352,168
110000139,739,687,52
110000140,809,550,259
110000143,496,322,174
110000144,3746,1315,2431
110000145,1422,809,613
110000146,1075,499,576
110000147,275,479,-204
110000148,419,207,212
110000151,556,638,-82
110000152,466,282,184
110000153,80,18,62
110000154,7,22,-15
110000155,862,2572,-1710
110000156,851,1702,-851
110000157,1138,1343,-205
110000160,267,188,79
110000161,162,191,-29
110000166,423,69,354
110000167,578,421,157
110000168,798,388,410
110000169,800,376,424
110000170,103,41,62
110000171,473,109,364
110000172,128,501,-373
110000173,724,706,18
110000174,112,493,-381
110000175,559,31,528
110000176,65,281,-216
110000177,176,716,-540
110000178,309,991,-682
110000179,667,207,460
110000180,177,130,47
110000181,376,244,132
110000182,150,111,39
110000183,4728,4752,-24
110000184,228,1769,-1541
110000185,527,438,89
110000186,451,474,-23
110000191,1016,209,807
110000192,423,3,420
110000193,700,8,692
110000194,14,532,-518
110000195,405,151,254
110000196,319,235,84
110000197,59,77,-18
110000198,105,46,59
110000199,35,122,-87
110000200,604,273,331
110000201,591,775,-184
110000202,922,465,457
110000203,525,366,159
110000204,1,148,-147
110000205,118,28,90
110000206,443,787,-344
110000207,942,294,648
110000208,122,144,-22
110000209,115,521,-406
110000210,994,357,637
110000211,684,479,205
110000212,317,765,-448
110000213,209,45,164
110000214,265,70,195
110000215,130,193,-63
110000216,86,197,-111
110000217,307,130,177
110000218,177,174,3
110000219,320,39,281
110000220,58,128,-70
110000221,298,45,253
110000222,51,124,-73
110000223,2,213,-211
110000224,33,7,26
110000225,251,498,-247
110000226,192,53,139
110000227,679,615,64
110000228,217,107,110
110000229,0,177,-177
110000230,380,374,6
110000231,159,140,19
110000232,247,144,103
110000233,142,193,-51
110000234,418,479,-61
110000235,643,703,-60
110000236,412,454,-42
110000237,1567,835,732
110000238,939,1200,-261
110000239,1546,889,657
110000240,1,45,-44
110000242,0,9,-9
110000243,100,101,-1
110000244,104,264,-160
110000245,27,276,-249
110000246,530,375,155
110000247,766,2408,-1642
110000248,1431,1023,408
110000249,74,12,62
110000250,16,101,-85
110000251,234,291,-57
110000252,144,126,18
110000253,983,467,516
110000254,466,571,-105
110000255,151,640,-489
110000256,336,267,69
110000257,450,347,103
110000258,5,261,-256
110000259,113,27,86
110000260,35,131,-96
110000263,393,32,361
110000264,211,204,7
110000265,899,1358,-459
110000266,1084,1813,-729
110000267,15,90,-75
110000268,187,248,-61
110000269,1,34,-33
110000270,56,2,54
110000271,912,174,738
110000272,828,686,142
110000273,1615,1052,563
110000274,152,1292,-1140
110000275,1347,423,924
110000276,230,271,-41
110000277,261,292,-31
110000278,256,498,-242
110000279,703,726,-23
110000280,365,321,44
110000281,25,223,-198
110000282,150,19,131
110000283,46,74,-28
110000284,54,21,33
110000285,4,299,-295
110000286,11,0,11
110000287,44,2,42
110000288,17,48,-31
110000289,307,1468,-1161
110000290,554,395,159
110000291,2778,937,1841
110000292,1016,3325,-2309
110000293,476,455,21
110000294,945,832,113
110000295,116,408,-292
110000296,326,243,83
110000297,1597,202,1395
110000298,116,350,-234
110000299,156,46,110
110000301,297,24,273
110000302,464,570,-106
110000303,352,1,351
110000304,146,152,-6
110000305,923,20,903
110000306,137,682,-545
110000307,1249,7,1242
110000308,384,5,379
110000309,1,483,-482
110000310,515,45,470
110000311,13,410,-397
110000312,321,82,239
110000313,1566,1860,-294
110000314,0,157,-157
110000315,2000,1943,57
110000316,385,995,-610
110000317,194,435,-241
110000318,5,35,-30
110000319,5,17,-12
110000320,39,27,12
110000321,9,25,-16
110000322,179,199,-20
110000323,371,108,263
110000324,2196,1148,1048
110000325,1827,2439,-612
110000327,298,197,101
110000328,172,259,-87
110000333,634,536,98
110000334,420,848,-428
110000335,613,290,323
110000336,717,692,25
110000337,1755,372,1383
110000338,415,154,261
110000339,190,140,50
110000340,21,116,-95
110000341,257,365,-108
110000342,227,0,227
110000343,0,12,-12
110000344,124,349,-225
110000345,291,187,104
110000346,1514,1424,90
110000347,922,576,346
110000348,16,14,2
110000349,9,11,-2
110000350,44,7,37
110000351,786,541,245
110000352,472,1108,-636
110000353,1734,555,1179
110000354,768,2048,-1280
110000355,81,56,25
110000356,430,5,425
110000357,373,13,360
110000361,3,27,-24
110000362,67,8,59
110000363,390,79,311
110000364,172,195,-23
110000365,121,1,120
110000366,1,77,-76
110000367,231,106,125
110000368,8,57,-49
110000369,45,0,45
110000373,5,191,-186
110000374,59,5,54
110000375,83,611,-528
110000376,24,45,-21
110000377,47,372,-325
110000378,23,272,-249
110000379,1662,1252,410
110000380,58,11,47
110000383,6,1162,-1156
110000384,1334,987,347
110000385,1,94,-93
110000387,53,10,43
110000388,29,132,-103
110000389,653,3,650
110000391,525,189,336
110000396,153,131,22
110000397,120,69,51
110000398,5,34,-29
110000399,106,5,101
110000587,127,75,52
110000589,189,103,86
110000640,171,28,143
110000652,9,155,-146
110000653,377,323,54
110000654,119,486,-367
110000656,2,288,-286
110000674,13,10,3
110000675,6,8,-2
110000676,0,30,-30
110000679,253,864,-611
110000682,67,114,-47
110000683,183,360,-177
110000684,2,21,-19
110000685,8,11,-3
110000686,5,21,-16
110000687,18,7,11
110000688,59,690,-631
110000689,26,29,-3
110000692,44,88,-44
110000693,50,236,-186
110000694,0,112,-112
110000695,102,352,-250
110000696,51,48,3
110900001,131,11,120
110900002,335,140,195
110900003,558,250,308
110900004,354,105,249
110900005,1461,1602,-141
110900006,22,11,11
110900007,86,22,64
110900008,14,36,-22
110900009,300,98,202
110900010,13,46,-33
110900011,28,49,-21
110900012,13,73,-60
110900013,628,109,519
110900014,178,5,173
110900015,304,479,-175
110900016,56,101,-45
110900017,343,44,299
110900018,339,41,298
110900019,142,14,128
110900020,89,126,-37
110900021,79,251,-172
110900022,78,172,-94
110900023,66,348,-282
110900024,19,154,-135
110900025,1,46,-45
110900027,27,152,-125
110900028,33,78,-45
110900029,7,182,-175
110900030,35,112,-77
110900031,129,148,-19
110900032,0,77,-77
110900033,21,100,-79
110900035,20,331,-311
110900036,66,21,45
110900037,70,13,57
110900038,491,135,356
110900039,8,182,-174
110900040,154,10,144
110900041,46,57,-11
110900042,118,39,79
110900043,5,45,-40
110900044,138,20,118
110900045,54,204,-150
110900046,18,110,-92
110900047,250,270,-20
110900049,62,40,22
110900050,26,3,23
110900051,23,161,-138
110900052,3,91,-88
110900053,84,20,64
110900054,24,123,-99
110900055,25,0,25
110900056,43,67,-24
110900057,7,64,-57
110900058,265,108,157
110900059,389,297,92
110900060,284,84,200
110900061,31,31,0
110900062,118,135,-17
110900063,33,81,-48
110900064,14,0,14
110900065,246,94,152
110900066,6,41,-35
110900067,173,451,-278
110900068,187,167,20
110900069,8,17,-9
110900070,94,37,57
110900071,144,390,-246
110900073,0,27,-27
110900074,303,49,254
110900075,258,65,193
110900077,628,345,283
110900078,42,37,5
110900079,1440,820,620
110900080,79,43,36
110900081,10,37,-27
110900082,89,78,11
110900083,92,53,39
110900084,48,58,-10
110900085,41,179,-138
110900086,69,232,-163
110900087,240,54,186
110900088,9,0,9
110900090,27,51,-24
110900091,4,45,-41
110900093,150,87,63
110900095,40,30,10
110900097,6,18,-12
110900098,38,48,-10
110900099,33,241,-208
110900100,0,28,-28
110900102,35,6,29
110900105,548,147,401
110900108,15,34,-19
110900111,370,96,274
110900112,643,3,640
110900113,210,34,176
110900115,10,38,-28
110900116,580,958,-378
110900118,102,2230,-2128
110900119,1742,170,1572
110900120,16,46,-30
110900121,115,2,113
110900122,376,120,256
110900125,348,328,20
110900127,357,827,-470
110900128,272,349,-77
110900129,242,631,-389
110900130,675,550,125
110900131,132,25,107
110900132,247,42,205
110900133,35,117,-82
110900135,36,155,-119
110900136,286,16,270
110900138,0,0,0
110900139,2,0,2
110900140,0,0,0
110900141,293,273,20
110900142,69,78,-9
110900143,135,67,68
110900144,5,510,-505
110900145,151,62,89
110900146,187,146,41
110900147,96,213,-117
110900148,2,172,-170
110900149,3,63,-60
110900150,16,8,8
110900151,1,34,-33
110900152,34,155,-121
110900153,114,42,72
111000001,537,522,15
111000002,638,478,160
111000003,1168,570,598
111000004,372,743,-371
111000005,1130,881,249
111000006,775,1346,-571
111000007,2913,2355,558
111000008,1550,2198,-648
111000009,400,650,-250
111000010,653,160,493
111000011,305,1003,-698
111000012,580,301,279
111000013,407,773,-366
111000014,1129,419,710
111000017,105,738,-633
111000018,204,273,-69
111000020,556,1574,-1018
111000021,79,71,8
111000023,69,61,8
111000025,3292,2779,513
111000029,81,92,-11
111000030,15,78,-63
111000031,1602,771,831
111000032,461,296,165
111000033,208,219,-11
111000034,106,246,-140
111000037,729,458,271
111000038,2239,1294,945
111000039,1259,1146,113
111000040,1448,1496,-48
111000041,1477,1087,390
111000042,1858,1575,283
111000043,1327,2715,-1388
111000044,1511,981,530
111000045,1906,1634,272
111000046,1037,1221,-184
111000047,2028,2939,-911
111000049,361,270,91
111000050,923,940,-17
111000051,470,651,-181
111000052,460,1041,-581
111000053,332,712,-380
111000054,293,537,-244
111000055,1036,1126,-90
111000056,162,324,-162
111000057,108,369,-261
111000058,445,38,407
111000059,484,217,267
111000060,3096,696,2400
111000061,471,292,179
111000062,733,268,465
111000063,1374,760,614
111000064,646,432,214
111000065,937,713,224
111000066,424,271,153
111000067,479,481,-2
111000068,628,778,-150
111000069,1383,1327,56
111000070,876,788,88
111000071,262,490,-228
111000072,1222,470,752
111000073,333,861,-528
111000074,1195,1291,-96
111000075,1077,500,577
111000076,458,362,96
111000077,1538,1433,105
111000078,2574,1208,1366
111000079,1037,572,465
111000080,463,518,-55
111000081,1160,3072,-1912
111000082,570,533,37
111000084,687,447,240
111000085,675,807,-132
111000086,1545,692,853
111000087,574,373,201
111000088,3109,1824,1285
111000089,567,604,-37
111000090,537,926,-389
111000091,661,320,341
111000092,1056,595,461
111000093,582,818,-236
111000094,1485,820,665
111000095,511,1698,-1187
111000096,1219,5592,-4373
111000097,3673,1406,2267
111000098,780,860,-80
111000099,538,1244,-706
111000100,372,946,-574
111000101,388,637,-249
111000102,196,395,-199
111000104,440,119,321
111000107,55,589,-534
111000109,377,171,206
111000110,1186,496,690
111000111,1880,348,1532
111000112,1607,507,1100
111000113,773,1230,-457
111000114,1925,2579,-654
111000115,3693,933,2760
111000116,802,621,181
111000117,368,673,-305
111000118,1084,585,499
111000119,1037,668,369
111000120,464,423,41
111000121,317,570,-253
111000122,453,775,-322
111000123,854,1704,-850
111000124,359,1579,-1220
111000125,258,936,-678
111000126,139,526,-387
111000127,823,149,674
111000128,1746,221,1525
111000129,2272,336,1936
111000130,1867,419,1448
111000131,1537,376,1161
111000132,1382,698,684
111000133,161,119,42
111000134,111,87,24
111000135,42,107,-65
111000136,349,227,122
111000138,31,9,22
111000140,2,4,-2
111000141,118,328,-210
111000142,20,175,-155
111000143,8,275,-267
111000144,43,1160,-1117
111000145,667,13,654
111000146,94,11,83
111000147,179,30,149
111000148,133,63,70
111000149,2,32,-30
111000150,27,14,13
111000151,5,26,-21
111000153,481,649,-168
111000154,737,194,543
111000155,82,119,-37
111000156,447,567,-120
111000157,234,813,-579
111000158,768,682,86
111000159,1947,689,1258
111000160,483,344,139
111000161,28,258,-230
111000162,60,94,-34
111000163,610,535,75
111000164,441,2007,-1566
111000165,749,320,429
111000166,1296,213,1083
111000167,178,288,-110
111000168,195,359,-164
111000169,284,530,-246
111000170,404,298,106
111000171,418,434,-16
111000172,154,302,-148
111000173,333,542,-209
111000174,181,178,3
111000175,34,200,-166
111000176,301,130,171
111000177,337,191,146
111000178,944,196,748
111000179,215,99,116
111000180,187,362,-175
111000181,1061,168,893
111000182,188,122,66
111000183,262,215,47
111000184,328,168,160
111000185,288,274,14
111000186,190,172,18
111000187,99,137,-38
111000188,219,194,25
111000189,730,412,318
111000190,162,202,-40
111000191,136,180,-44
111000192,170,307,-137
111000193,254,221,33
111000194,49,294,-245
111000195,233,210,23
111000196,86,122,-36
111000197,399,132,267
111000198,667,73,594
111000199,232,156,76
111000200,375,271,104
111000201,544,205,339
111000202,271,167,104
111000203,342,212,130
111000204,388,1083,-695
111000213,212,347,-135
111000214,1203,904,299
111000215,1109,908,201
111000217,1145,557,588
111000218,1056,749,307
111000219,274,163,111
111000220,857,347,510
111000221,443,66,377
111000224,38,192,-154
111000225,398,304,94
111000226,61,1,60
111000227,34,4,30
111000228,20,324,-304
111000229,34,667,-633
111000230,152,255,-103
111000231,816,485,331
111000232,578,668,-90
111000233,731,523,208
111000234,122,344,-222
111000239,89,103,-14
111000240,75,152,-77
111000241,37,177,-140
111000242,154,52,102
111000243,124,341,-217
111000244,428,63,365
111000245,838,266,572
111000246,574,232,342
111000247,362,546,-184
111000248,576,235,341
111000249,416,408,8
111000250,64,72,-8
111000251,35,75,-40
111000253,22,10,12
111000255,67,13,54
111000257,48,20,28
111000260,62,894,-832
111000261,995,73,922
111000271,52,221,-169
111000273,1862,900,962
111000274,1088,1660,-572
111000275,147,54,93
111000276,204,955,-751
111000277,168,236,-68
111000278,533,141,392
111000291,727,4810,-4083
111000298,419,139,280
111000299,645,114,531
111000300,119,409,-290
111000302,227,83,144
111000303,84,132,-48
111000312,38,42,-4
111000315,6,80,-74
111000320,274,457,-183
111000321,371,149,222
111000322,305,330,-25
111000323,284,19,265
111000324,306,147,159
111000325,62,47,15
111000326,169,212,-43
111000327,331,195,136
111000328,238,402,-164
111000329,1,26,-25
111000330,54,9,45
111000331,21,3,18
111000332,461,997,-536
111000334,283,892,-609
111000335,892,192,700
111000337,1130,329,801
111000338,102,71,31
111000339,550,174,376
111000340,92,392,-300
111000341,1087,418,669
111000342,196,1014,-818
111000344,805,463,342
111000345,133,71,62
111000346,61,176,-115
111000347,104,20,84
111000350,202,100,102
111000351,94,270,-176
111000352,177,66,111
111000353,95,161,-66
111000354,338,74,264
111000355,222,377,-155
111000358,160,700,-540
111000360,193,340,-147
111000361,140,142,-2
111000546,453,407,46
111000547,317,267,50
111000548,101,199,-98
111000549,262,151,111
111000550,102,670,-568
111000551,576,151,425
111000552,890,186,704
111000907,347,8,339
111000908,36,1,35
111000916,1399,234,1165
111000917,41,289,-248
111000918,213,415,-202
111000920,520,23,497
111000921,15,136,-121
111000922,391,205,186
111000924,37,455,-418
111000925,2236,1265,971
111000926,1017,1143,-126
111000927,2358,2987,-629
111000928,3281,1974,1307
111000929,1375,975,400
111000930,653,1328,-675
111000931,1608,2058,-450
111000932,3129,1470,1659
111000933,2803,1840,963
111000934,1420,2198,-778
111000935,1372,684,688
111000936,838,1328,-490
111000937,950,952,-2
111000938,1123,1038,85
111000939,515,50,465
111000940,379,98,281
111000941,284,238,46
111000943,418,178,240
111000944,145,209,-64
111000945,74,984,-910
111001109,462,356,106
111001110,120,360,-240
111001111,61,1,60
111001112,75,2,73
111001113,8,133,-125
111001114,510,158,352
111001115,60,525,-465
111001116,2822,2777,45
111001117,440,1921,-1481
111001120,100,169,-69
111001121,146,150,-4
111001122,186,286,-100
111001123,276,62,214
111001124,122,92,30
111001125,5,148,-143
111001126,6,0,6
111001127,0,27,-27
111001128,396,333,63
111900001,15,121,-106
111900002,3,396,-393
111900003,0,177,-177
111900004,13,51,-38
111900006,9,23,-14
111900007,107,6,101
111900008,112,0,112
111900009,97,4,93
111900010,283,281,2
111900012,50,53,-3
111900013,12,27,-15
111900014,2972,3614,-642
111900015,0,48,-48
111900016,0,78,-78
111900017,0,49,-49
111900018,246,2,244
111900019,1,96,-95
111900020,1,21,-20
111900021,37,65,-28
111900022,15,39,-24
111900023,74,57,17
111900024,0,83,-83
111900025,0,37,-37
111900026,2,69,-67
111900027,1,99,-98
111900028,0,214,-214
111900029,4,63,-59
111900030,28,209,-181
111900031,0,1,-1
111900032,0,203,-203
111900033,8,54,-46
111900034,258,312,-54
111900035,50,133,-83
111900036,3,190,-187
111900038,243,414,-171
111900039,29,240,-211
111900040,4,293,-289
111900042,25,109,-84
111900043,1,198,-197
111900044,260,128,132
111900046,41,93,-52
111900048,140,386,-246
111900049,28,128,-100
111900050,67,12,55
111900051,3,114,-111
111900052,330,313,17
111900053,631,1130,-499
111900054,105,4,101
111900055,3,126,-123
111900056,93,251,-158
111900057,81,39,42
111900058,439,356,83
111900059,996,477,519
111900060,263,3,260
111900061,6,71,-65
111900062,23,50,-27
111900063,293,239,54
111900064,104,105,-1
111900065,82,17,65
111900066,150,120,30
111900067,1,259,-258
111900068,45,41,4
111900069,74,12,62
111900070,120,87,33
111900071,0,157,-157
111900072,68,19,49
111900073,948,133,815
111900074,13,109,-96
111900075,85,13,72
111900076,115,63,52
111900077,46,0,46
111900078,287,23,264
111900079,55,19,36
111900080,202,201,1
111900082,105,36,69
111900083,183,9,174
111900084,85,8,77
111900085,13,98,-85
111900086,38,5,33
111900087,57,0,57
111900088,470,8,462
111900089,145,2,143
111900090,78,22,56
111900091,224,4,220
111900092,102,2,100
111900093,370,10,360
111900094,142,0,142
111900095,208,19,189
111900096,159,0,159
111900097,38,0,38
111900098,214,2,212
111900099,79,0,79
111900100,136,6,130
111900101,72,23,49
111900102,422,305,117
111900103,31,55,-24
111900104,100,50,50
111900105,177,134,43
111900106,490,43,447
111900110,957,303,654
111900111,154,41,113
111900112,334,2336,-2002
111900113,156,76,80
111900118,260,95,165
111900119,251,111,140
111900122,76,51,25
111900123,24,35,-11
111900124,17,39,-22
111900125,480,35,445
111900126,262,1,261
111900127,2,562,-560
111900128,1,329,-328
111900129,213,4,209
111900130,98,12,86
111900131,424,3,421
111900132,17,549,-532
111900133,4,207,-203
111900134,14,141,-127
111900135,11,28,-17
111900136,66,134,-68
111900137,38,42,-4
111900138,6,35,-29
111900139,13,72,-59
111900140,83,28,55
111900141,78,8,70
111900142,85,48,37
111900143,53,125,-72
111900144,4,74,-70
111900145,0,218,-218
111900146,0,148,-148
111900147,98,229,-131
111900148,15,371,-356
111900149,5,178,-173
111900150,9,90,-81
111900151,6,16,-10
111900152,66,55,11
111900153,832,521,311
111900154,11,267,-256
111900155,39,53,-14
111900156,61,31,30
111900157,107,19,88
111900158,443,57,386
111900159,246,14,232
111900160,215,1,214
111900161,170,4,166
111900162,72,140,-68
111900163,18,155,-137
111900164,66,44,22
111901113,361,96,265
111901114,165,155,10
111901115,49,0,49
111901116,35,1,34
111901117,19,24,-5
111901118,42,204,-162
111901119,471,45,426
111901121,129,122,7
111901122,1,315,-314
111901123,174,203,-29
111901124,161,1,160
111901125,479,165,314
111901127,296,355,-59
111901128,2,45,-43
111901129,3,84,-81
111901130,5,83,-78
111901131,2,204,-202
111901132,96,38,58
111901133,12,2,10
111901134,70,7,63
111901135,18,9,9
111901136,3,39,-36
111901138,285,28,257
111901139,44,25,19
111901140,3,74,-71
111901141,5,122,-117
111901142,1,76,-75
111901143,2,74,-72
111901144,35,22,13
111901145,98,213,-115
111901146,296,19,277
111901147,362,184,178
111901148,9,46,-37
111901149,14,7,7
111901150,10,1,9
111901151,0,0,0
112000001,1383,545,838
112000002,509,1290,-781
112000003,1171,789,382
112000004,444,544,-100
112000005,2763,2994,-231
112000006,1725,1004,721
112000007,2832,1765,1067
112000008,1901,3104,-1203
112000009,2221,1731,490
112000010,2268,2596,-328
112000011,1133,1061,72
112000012,2613,3513,-900
112000013,2196,2130,66
112000014,1427,1761,-334
112000015,1806,2340,-534
112000016,2329,1269,1060
112000017,895,2096,-1201
112000024,1750,631,1119
112000026,1942,2272,-330
112000027,588,571,17
112000028,695,950,-255
112000029,451,590,-139
112000030,87,44,43
112000031,834,3211,-2377
112000032,145,42,103
112000033,1174,1524,-350
112000034,120,31,89
112000035,45,291,-246
112000036,424,703,-279
112000037,642,615,27
112000038,940,766,174
112000039,88,67,21
112000040,58,165,-107
112000041,391,359,32
112000042,742,257,485
112000050,1157,916,241
112000051,894,1076,-182
112000054,955,1001,-46
112000057,330,242,88
112000058,145,345,-200
112000059,302,498,-196
112000061,1794,1275,519
112000062,1105,667,438
112000063,614,1394,-780
112000064,2422,3402,-980
112000065,1203,1483,-280
112000066,2976,1244,1732
112000067,470,472,-2
112000068,2653,2208,445
112000069,491,1096,-605
112000070,1380,782,598
112000071,755,1478,-723
112000072,1930,647,1283
112000073,919,1335,-416
112000074,995,889,106
112000075,1260,862,398
112000076,2451,1613,838
112000077,604,385,219
112000078,1548,364,1184
112000079,1062,847,215
112000080,690,508,182
112000081,1123,1665,-542
112000082,1195,516,679
112000083,535,715,-180
112000084,1096,555,541
112000085,907,524,383
112000086,1350,700,650
112000087,459,500,-41
112000088,659,311,348
112000089,228,244,-16
112000090,166,151,15
112000091,465,588,-123
112000092,1522,818,704
112000093,1368,619,749
112000094,591,701,-110
112000095,547,646,-99
112000096,539,462,77
112000097,983,533,450
112000098,751,515,236
112000099,616,1307,-691
112000100,1446,561,885
112000101,440,468,-28
112000102,1217,469,748
112000103,289,539,-250
112000105,551,880,-329
112000106,1677,403,1274
112000107,74,117,-43
112000108,311,946,-635
112000109,155,87,68
112000110,1507,523,984
112000111,637,1900,-1263
112000112,2090,494,1596
112000113,610,985,-375
112000114,1684,760,924
112000115,305,400,-95
112000116,418,572,-154
112000117,779,566,213
112000118,654,569,85
112000119,340,471,-131
112000120,71,235,-164
112000121,121,290,-169
112000122,271,149,122
112000123,740,184,556
112000124,381,76,305
112000125,245,184,61
112000126,276,299,-23
112000127,1400,1692,-292
112000128,444,491,-47
112000129,108,69,39
112000130,198,97,101
112000131,59,227,-168
112000132,164,211,-47
112000133,341,102,239
112000134,309,300,9
112000135,1005,537,468
112000136,657,719,-62
112000137,1207,1141,66
112000138,996,778,218
112000139,646,560,86
112000140,712,848,-136
112000141,761,367,394
112000142,127,325,-198
112000143,1005,250,755
112000144,264,677,-413
112000145,2127,427,1700
112000146,419,1090,-671
112000147,2422,1500,922
112000148,1361,1401,-40
112000149,372,355,17
112000150,176,371,-195
112000151,332,232,100
112000152,333,238,95
112000153,94,177,-83
112000154,147,154,-7
112000155,118,121,-3
112000157,408,399,9
112000158,244,258,-14
112000159,408,249,159
112000167,279,101,178
112000169,238,327,-89
112000173,649,186,463
112000175,349,221,128
112000176,1528,1247,281
112000177,532,137,395
112000178,61,206,-145
112000179,251,88,163
112000180,210,261,-51
112000181,963,1123,-160
112000182,1146,836,310
112000183,41,33,8
112000184,361,244,117
112000185,499,358,141
112000187,2759,1676,1083
112000195,107,17,90
112000196,197,6,191
112000197,174,113,61
112000198,21,227,-206
112000199,738,580,158
112000202,356,4,352
112000216,45,138,-93
112000230,85,7,78
112000231,1,165,-164
112000256,44,201,-157
112000313,57,86,-29
112000314,55,23,32
112000337,257,413,-156
112000352,187,288,-101
112000392,999,961,38
112000398,1129,632,497
112000399,1076,1639,-563
112000400,1128,1411,-283
112000401,1989,1240,749
112000402,2421,2513,-92
112000403,1177,2235,-1058
112000404,933,615,318
112000405,1618,2143,-525
112000406,2080,1345,735
112000407,6336,6173,163
112000408,5295,3306,1989
112000409,1348,2648,-1300
112000410,328,370,-42
112000411,2324,1265,1059
112000412,1309,485,824
112000413,5118,4770,348
112000414,115,78,37
112000415,98,20,78
112000416,2267,1001,1266
112000417,268,61,207
112000421,52,78,-26
112000422,276,195,81
112000424,1411,1922,-511
112000425,333,600,-267
112000426,117,219,-102
112000427,0,18,-18
112000428,237,239,-2
112000429,1556,1505,51
112000430,1763,1852,-89
112000431,98,93,5
112000432,477,715,-238
112000433,247,507,-260
112000437,44,131,-87
112900001,68,3,65
112900002,441,516,-75
112900003,73,359,-286
112900004,46,184,-138
112900005,202,181,21
112900007,37,147,-110
112900008,0,42,-42
112900009,331,116,215
112900010,390,660,-270
112900011,134,156,-22
112900012,0,36,-36
112900013,0,92,-92
112900014,1,146,-145
112900015,273,447,-174
112900016,5,161,-156
112900017,29,117,-88
112900018,159,377,-218
112900019,30,77,-47
112900020,277,688,-411
112900021,4,165,-161
112900022,2,53,-51
112900023,0,119,-119
112900024,23,163,-140
112900025,51,153,-102
112900026,3,155,-152
112900027,5,698,-693
112900028,14,76,-62
112900029,18,408,-390
112900030,96,89,7
112900031,0,331,-331
112900032,133,157,-24
112900034,1,23,-22
112900035,5,274,-269
112900036,22,111,-89
112900037,125,172,-47
112900038,495,140,355
112900039,8,171,-163
112900040,4,311,-307
112900041,381,653,-272
112900042,66,213,-147
112900043,29,42,-13
112900044,418,281,137
112900045,176,245,-69
112900046,89,46,43
112900047,8,19,-11
112900049,284,58,226
112900050,26,324,-298
112900051,171,316,-145
112900052,12,486,-474
112900053,192,107,85
112900054,156,47,109
112900055,87,31,56
112900056,250,153,97
112900057,27,277,-250
112900058,207,259,-52
112900059,106,77,29
112900060,22,111,-89
112900061,76,70,6
112900062,54,104,-50
112900063,158,21,137
112900064,159,168,-9
112900065,36,28,8
112900066,153,159,-6
112900067,232,129,103
112900068,30,43,-13
112900069,1046,719,327
112900071,42,7,35
112900072,104,1814,-1710
112900073,308,89,219
112900074,72,301,-229
112900075,751,765,-14
112900076,78,27,51
112900078,217,372,-155
112900079,220,33,187
112900080,64,2,62
112900081,43,170,-127
112900082,424,25,399
112900083,114,99,15
112900084,238,119,119
112900086,142,0,142
112900087,639,102,537
112900088,155,26,129
112900089,638,29,609
112900090,85,25,60
112900091,219,3,216
112900092,100,295,-195
112900093,914,24,890
112900095,45,3,42
112900096,395,140,255
112900097,77,210,-133
112900098,131,3,128
112900099,692,22,670
112900100,69,0,69
112900101,303,3,300
112900102,131,15,116
112900103,145,3,142
112900104,577,4,573
112900105,21,0,21
112900106,315,81,234
112900107,5,2,3
112900108,18,0,18
112900109,154,1,153
112900110,1102,21,1081
112900111,478,8,470
112900112,405,3,402
112900113,1,12,-11
112900114,168,16,152
112900115,1259,6,1253
112900116,124,44,80
112900117,76,53,23
112900118,37,68,-31
112900119,156,3,153
112900120,640,224,416
112900121,52,121,-69
112900122,9,58,-49
112900123,88,6,82
112900124,3,49,-46
112900125,24,285,-261
112900126,155,116,39
112900127,287,92,195
112900128,142,479,-337
112900129,1,390,-389
112900130,224,92,132
112900131,27,208,-181
112900132,92,348,-256
112900133,23,768,-745
112900134,1,138,-137
112900135,81,38,43
112900137,0,348,-348
112900138,5,113,-108
112900139,130,747,-617
112900141,539,46,493
112900142,56,139,-83
112900143,27,285,-258
112900144,0,485,-485
112900145,31,311,-280
112900146,2,742,-740
112900147,2,1036,-1034
112900148,47,0,47
112900149,216,304,-88
112900151,23,50,-27
112900152,3027,570,2457
112900153,1518,1899,-381
112900154,2,110,-108
112900155,173,37,136
112900156,279,676,-397
112900157,444,107,337
112900158,90,11,79
112900159,163,126,37
112900160,61,208,-147
112900161,93,38,55
112900162,17,17,0
112900163,94,45,49
112900164,24,167,-143
112900165,79,18,61
112900166,20,64,-44
112900167,2,54,-52
112900168,4,3,1
112900169,9,17,-8
112900170,123,88,35
112900172,50,28,22
112900173,143,62,81
112900174,197,47,150
112900175,110,113,-3
112900176,24,38,-14
112900177,204,58,146
112900178,527,2234,-1707
112900179,24,357,-333
112900180,1581,1009,572
112900181,515,6,509
112900182,44,632,-588
112900183,106,145,-39
112900184,335,244,91
112900185,161,390,-229
112900186,679,695,-16
112900187,74,353,-279
112900188,403,576,-173
112900189,9,17,-8
112900190,29,34,-5
112900192,402,509,-107
112900193,972,292,680
112900194,64,50,14
112900195,547,45,502
112900196,167,278,-111
112900197,114,252,-138
112900199,606,375,231
112900200,399,182,217
112900201,129,63,66
112900202,287,498,-211
112900203,212,177,35
112900204,668,517,151
112900205,4,5,-1
112900206,27,90,-63
112900207,28,1,27
112900208,94,237,-143
112900209,487,261,226
112900210,0,23,-23
112900211,66,16,50
112900212,0,99,-99
112900213,39,13,26
112900214,23,10,13
112900215,9,123,-114
112900216,25,57,-32
112900217,1,38,-37
112900218,46,11,35
112900219,145,44,101
112900220,13,1,12
112900221,54,60,-6
112900222,1,26,-25
112900223,678,19,659
112900224,315,293,22
112900225,337,208,129
112900226,147,213,-66
112900227,386,402,-16
112900228,66,34,32
112900229,227,44,183
112900230,4038,2417,1621
112900232,236,202,34
112900233,45,119,-74
112900234,11,89,-78
112900235,92,25,67
112900236,247,6,241
112900237,193,166,27
112900238,8,23,-15
112900239,439,349,90
112900240,4,37,-33
112900241,8,42,-34
112900242,5,94,-89
112900243,11,102,-91
112900244,6,62,-56
112900245,0,27,-27
112900246,0,8,-8
112900247,103,16,87
112900248,5,0,5
112900249,36,8,28
112900250,65,28,37
112900251,48,5,43
112900252,59,7,52
112900253,31,2,29
112900254,9,5,4
112900255,0,25,-25
112900256,2,49,-47
112900257,12,19,-7
112900258,33,20,13
113000001,3982,2888,1094
113000002,2725,2355,370
113000003,1389,1038,351
113000004,1185,1463,-278
113000005,1303,619,684
113000006,826,865,-39
113000007,1449,703,746
113000008,1006,1135,-129
113000009,862,534,328
113000010,897,837,60
113000011,547,966,-419
113000012,1338,420,918
113000013,1002,628,374
113000014,1110,1283,-173
113000015,252,153,99
113000016,275,719,-444
113000017,26,265,-239
113000018,263,38,225
113000019,82,221,-139
113000020,347,71,276
113000021,797,457,340
113000022,660,926,-266
113000025,157,354,-197
113000026,286,384,-98
113000027,372,531,-159
113000028,345,450,-105
113000029,653,579,74
113000030,233,442,-209
113000031,162,187,-25
113000032,208,242,-34
113000033,213,359,-146
113000034,259,247,12
113000035,15,27,-12
113000036,10,40,-30
113000037,52,30,22
113000038,9,39,-30
113000039,47,209,-162
113000040,49,69,-20
113000042,505,389,116
113000051,785,1699,-914
113000052,1554,475,1079
113000053,400,273,127
113000054,306,531,-225
113000055,938,353,585
113000056,930,684,246
113000058,588,641,-53
113000059,1021,447,574
113000060,197,448,-251
113000061,482,616,-134
113000062,532,218,314
113000063,165,61,104
113000064,46,160,-114
113000065,121,448,-327
113000066,579,77,502
113000067,1826,816,1010
113000068,317,656,-339
113000069,390,597,-207
113000070,1865,666,1199
113000071,341,363,-22
113000072,640,352,288
113000073,247,855,-608
113000074,690,254,436
113000075,1268,484,784
113000076,438,1712,-1274
113000077,779,505,274
113000078,533,1510,-977
113000079,345,698,-353
113000080,525,533,-8
113000081,523,554,-31
113000082,736,537,199
113000083,486,673,-187
113000084,1163,745,418
113000085,680,565,115
113000086,840,807,33
113000087,763,780,-17
113000088,1443,869,574
113000089,709,1102,-393
113000090,183,410,-227
113000091,344,288,56
113000094,861,168,693
113000095,209,509,-300
113000096,111,446,-335
113000097,850,317,533
113000098,78,28,50
113000099,746,272,474
113000100,110,261,-151
113000101,241,399,-158
113000102,444,420,24
113000103,1322,266,1056
113000104,453,1621,-1168
113000105,674,249,425
113000106,246,225,21
113000107,677,594,83
113000108,517,620,-103
113000109,493,1025,-532
113000110,1440,283,1157
113000111,205,390,-185
113000112,301,251,50
113000113,845,282,563
113000114,263,899,-636
113000116,413,247,166
113000117,557,68,489
113000118,77,290,-213
113000119,348,226,122
113000120,40,194,-154
113000121,359,584,-225
113000124,205,106,99
113000125,58,632,-574
113000127,1548,204,1344
113000128,548,310,238
113000129,333,467,-134
113000133,1269,852,417
113000134,2,643,-641
113000135,3082,3209,-127
113000137,1129,2431,-1302
113000139,186,154,32
113000140,71,144,-73
113000141,102,141,-39
113000142,305,644,-339
113000143,180,160,20
113000144,212,498,-286
113000145,55,96,-41
113000146,119,48,71
113000147,151,68,83
113000148,153,81,72
113000149,76,74,2
113000150,313,218,95
113000151,41,36,5
113000152,41,66,-25
113000153,885,371,514
113000154,502,1047,-545
113000155,263,447,-184
113000156,123,302,-179
113000157,258,542,-284
113000158,570,195,375
113000159,674,560,114
113000160,575,683,-108
113000161,189,221,-32
113000162,666,234,432
113000163,111,52,59
113000164,32,39,-7
113000166,170,98,72
113000167,31,63,-32
113000168,73,80,-7
113000169,201,77,124
113000170,87,100,-13
113000171,50,62,-12
113000172,243,63,180
113000173,69,41,28
113000174,102,280,-178
113000175,375,65,310
113000176,415,169,246
113000177,180,316,-136
113000178,154,220,-66
113000179,247,204,43
113000180,351,859,-508
113000181,1051,596,455
113000182,115,285,-170
113000183,86,399,-313
113000184,18,72,-54
113000189,252,634,-382
113000190,443,350,93
113000192,773,2326,-1553
113000193,1636,2066,-430
113000194,793,938,-145
113000195,1105,966,139
113000196,159,49,110
113000197,999,911,88
113000198,75,156,-81
113000199,861,261,600
113000201,164,300,-136
113000202,2932,562,2370
113000203,159,136,23
113000204,676,2058,-1382
113000205,14,7,7
113000206,5,35,-30
113000207,51,11,40
113000208,22,34,-12
113000209,10,22,-12
113000210,9,18,-9
113000211,122,186,-64
113000212,68,29,39
113000213,22,94,-72
113000214,118,185,-67
113000234,159,580,-421
113000410,141,182,-41
113000411,1583,2719,-1136
113000412,3684,1831,1853
113000413,1404,2032,-628
113000414,3480,8912,-5432
113000415,1467,1737,-270
113000416,4629,2551,2078
113000417,1373,1621,-248
113000418,3424,2774,650
113000419,1158,1294,-136
113000420,2970,4124,-1154
113000421,3047,4951,-1904
113000422,7506,7229,277
113000423,1318,3756,-2438
113000424,1924,7621,-5697
113000425,9,56,-47
113000428,34,24,10
113000430,3,93,-90
113000432,1577,145,1432
113000433,42,401,-359
113000434,22,95,-73
113000435,19,273,-254
113000436,28,663,-635
113000437,871,28,843
113000438,264,13,251
113000439,12,71,-59
113000440,140,23,117
113000441,193,156,37
113000442,122,127,-5
113000443,221,115,106
113000444,172,117,55
113000445,124,76,48
113000446,23,61,-38
113000448,193,106,87
113000449,121,552,-431
113000450,437,1326,-889
113000451,1227,200,1027
113000452,208,352,-144
113000453,53,289,-236
113000454,342,98,244
113000455,43,358,-315
113000456,2509,1786,723
113000468,958,93,865
113000469,46,64,-18
113000470,264,15,249
113000471,8,330,-322
113000472,69,199,-130
113000474,613,471,142
113000475,1050,1067,-17
113000476,1206,1458,-252
113000477,2702,1412,1290
113000478,2553,3379,-826
113000479,43,114,-71
113000485,0,0,0
113000486,1,0,1
113000487,0,1,-1
113000488,0,1,-1
113000489,0,3,-3
113000490,0,1,-1
113000491,6,2,4
113000492,1,0,1
113000493,0,0,0
113000495,144,129,15
113000496,116,53,63
113000499,0,0,0
113900001,1,223,-222
113900002,0,47,-47
113900003,2,26,-24
113900004,1,47,-46
113900005,1,42,-41
113900006,2,22,-20
113900007,1,0,1
113900008,10,1,9
113900009,35,0,35
113900010,28,0,28
113900011,39,1,38
113900012,28,0,28
113900013,94,4,90
113900014,334,3,331
113900015,0,51,-51
113900016,24,0,24
113900017,4,28,-24
113900018,253,125,128
113900019,86,52,34
113900020,105,1,104
113900022,34,0,34
113900023,27,0,27
113900024,42,23,19
113900025,191,7,184
113900026,71,0,71
113900027,3,32,-29
113900028,34,352,-318
113900029,59,115,-56
113900030,193,1,192
113900031,9,1,8
113900032,22,1,21
113900033,74,46,28
113900035,32,0,32
113900036,19,50,-31
113900037,174,406,-232
113900038,46,78,-32
113900039,126,12,114
113900040,5,8,-3
113900041,11,1,10
113900042,45,19,26
113900043,101,65,36
113900044,265,273,-8
113900045,38,6,32
113900046,192,404,-212
113900047,36,108,-72
113900048,129,87,42
113900049,393,215,178
113900050,181,266,-85
113900051,215,215,0
113900052,95,92,3
113900053,399,325,74
113900054,12,0,12
113900055,72,254,-182
113900056,27,120,-93
113900057,29,185,-156
113900058,44,119,-75
113900059,189,206,-17
113900060,96,149,-53
113900061,484,155,329
113900062,113,5,108
113900063,55,69,-14
113900064,18,76,-58
113900065,311,8,303
113900066,305,167,138
113900067,142,175,-33
113900068,321,325,-4
113900069,29,18,11
113900070,135,314,-179
113900071,38,63,-25
113900072,42,80,-38
113900073,249,263,-14
113900074,150,272,-122
113900075,818,864,-46
113900076,97,6,91
113900077,46,140,-94
113900078,15,66,-51
113900079,0,32,-32
113900080,315,135,180
113900081,42,106,-64
113900082,86,119,-33
113900083,284,242,42
113900084,168,103,65
113900085,30,198,-168
113900086,27,9,18
113900087,102,147,-45
113900088,50,99,-49
113900089,230,33,197
113900090,447,264,183
113900091,9,9,0
113900092,27,64,-37
113900093,58,654,-596
113900094,309,221,88
113900095,107,92,15
113900096,182,30,152
113900097,16,74,-58
113900098,585,62,523
113900099,0,20,-20
113900100,0,1,-1
113900101,7,44,-37
113900102,76,121,-45
113900103,207,211,-4
113900104,86,171,-85
113900105,114,107,7
113900106,0,30,-30
113900107,1,29,-28
113900108,153,135,18
113900109,186,154,32
113900110,27,28,-1
113900111,125,64,61
113900112,137,55,82
113900113,708,287,421
113900114,0,43,-43
113900115,2,53,-51
113900116,68,94,-26
113900117,49,16,33
113900118,142,305,-163
113900119,130,307,-177
113900120,51,58,-7
113900121,58,61,-3
113900122,268,1724,-1456
113900123,375,152,223
113900124,0,51,-51
113900125,539,84,455
113900126,72,23,49
113900127,251,465,-214
113900128,136,51,85
113900129,7,101,-94
113900130,0,57,-57
113900131,192,56,136
113900132,73,50,23
113900133,21,67,-46
113900135,258,194,64
113900136,89,38,51
113900137,246,193,53
113900138,27,93,-66
113900139,206,148,58
113900140,122,223,-101
113900141,378,178,200
113900142,101,41,60
113900143,8,35,-27
113900144,114,176,-62
113900145,327,92,235
113900146,97,30,67
113900148,104,231,-127
113900149,102,71,31
113900150,308,316,-8
113900151,253,117,136
113900152,20,33,-13
113900153,130,302,-172
113900154,3,75,-72
113900155,146,183,-37
113900156,128,255,-127
113900157,38,247,-209
113900158,166,290,-124
113900159,21,207,-186
113900160,512,310,202
113900161,56,168,-112
113900162,213,482,-269
113900163,145,200,-55
113900164,233,52,181
113900165,567,264,303
113900166,71,133,-62
113900167,199,34,165
113900168,75,65,10
113900169,145,229,-84
113900171,147,69,78
113900172,5,127,-122
113900173,43,351,-308
113900174,396,407,-11
113900175,240,117,123
113900176,246,334,-88
113900177,326,105,221
113900178,254,88,166
113900179,16,215,-199
113900180,80,55,25
113900181,606,72,534
113900182,466,630,-164
113900183,33,43,-10
113900184,9,238,-229
113900185,157,51,106
113900186,26,20,6
113900187,32,102,-70
113900188,21,89,-68
113900189,180,102,78
113900190,167,79,88
113900191,74,121,-47
113900192,4,307,-303
113900193,14,133,-119
113900194,974,742,232
113900195,207,221,-14
113900196,15,86,-71
113900197,0,87,-87
113900198,20,195,-175
113900199,105,436,-331
113900200,17,130,-113
113900201,0,125,-125
113900202,20,132,-112
113900203,0,49,-49
113900204,17,287,-270
113900205,4,117,-113
113900206,1,112,-111
113900207,2,33,-31
113900208,1,48,-47
113900209,0,56,-56
113900210,395,473,-78
113900211,125,38,87
113900212,149,273,-124
113900214,245,337,-92
113900215,29,74,-45
113900216,82,452,-370
113900217,53,162,-109
113900218,170,107,63
113900219,73,313,-240
113900220,87,120,-33
113900221,206,201,5
113900222,194,390,-196
113900223,121,482,-361
113900224,77,54,23
113900225,383,149,234
113900226,267,67,200
113900227,302,149,153
113900228,199,371,-172
113900229,58,516,-458
113900230,2231,2093,138
113900231,104,95,9
113900232,53,64,-11
113900233,43,35,8
113900234,190,312,-122
113900235,65,20,45
113900236,173,181,-8
113900237,187,3,184
113900238,158,352,-194
113900239,52,91,-39
113900240,2,112,-110
113900241,104,37,67
113900242,45,107,-62
113900243,62,336,-274
113900244,159,117,42
113900245,780,192,588
113900246,10,15,-5
113900247,134,335,-201
113900248,1357,1240,117
113900249,568,395,173
113900250,36,127,-91
113900251,581,88,493
113900252,389,5,384
113900253,522,53,469
113900254,715,85,630
113900255,425,10,415
113900256,307,17,290
113900257,28,357,-329
113900258,13,197,-184
113900259,380,91,289
113900260,134,12,122
113900261,22,43,-21
113900262,108,307,-199
113900263,104,463,-359
113900264,1,283,-282
113900265,151,162,-11
113900266,23,98,-75
113900267,96,325,-229
113900268,192,251,-59
113900269,48,76,-28
113900270,227,484,-257
113900271,477,591,-114
113900273,22,16,6
113900274,68,18,50
113900275,32,57,-25
113900276,1,93,-92
113900277,120,3,117
113900278,226,133,93
113900279,154,89,65
113900280,1079,355,724
113900281,470,934,-464
113900282,558,505,53
113900283,325,457,-132
113900284,502,105,397
113900285,82,24,58
113900286,21,67,-46
113900287,42,50,-8
113900288,0,81,-81
113900289,544,75,469
113900290,122,186,-64
113900291,75,107,-32
113900292,1,2,-1
113900293,1,131,-130
113900294,388,19,369
113900295,239,293,-54
113900296,1366,374,992
113900297,1608,17,1591
113900298,15,1227,-1212
113900299,90,93,-3
113900300,2588,2495,93
113900301,615,232,383
113900302,1793,720,1073
113900303,309,292,17
113900304,1,71,-70
113900305,106,0,106
113900306,48,6,42
113900307,13,0,13
113900308,47,102,-55
113900309,1,330,-329
113900310,0,8,-8
113900311,1,20,-19
113900312,155,233,-78
113900313,3,7,-4
113900314,0,2,-2
113900315,22,0,22
114000001,732,1496,-764
114000002,213,249,-36
114000003,164,575,-411
114000004,320,214,106
114000005,255,170,85
114000006,1425,1100,325
114000007,413,684,-271
114000008,802,1097,-295
114000009,616,231,385
114000011,2250,1617,633
114000012,2185,1217,968
114000013,1357,914,443
114000014,609,274,335
114000015,1382,225,1157
114000016,175,174,1
114000017,77,256,-179
114000018,114,22,92
114000026,1595,762,833
114000027,2540,1383,1157
114000028,2110,2077,33
114000038,211,134,77
114000039,140,147,-7
114000040,105,162,-57
114000042,149,104,45
114000043,251,245,6
114000044,267,112,155
114000045,22,42,-20
114000046,1960,2777,-817
114000047,4,68,-64
114000048,72,109,-37
114000049,998,982,16
114000050,1095,1146,-51
114000051,2004,1307,697
114000052,2654,1415,1239
114000053,58,516,-458
114000054,141,554,-413
114000055,169,23,146
114000056,474,767,-293
114000057,3081,1313,1768
114000058,235,955,-720
114000059,121,236,-115
114000060,315,565,-250
114000061,1756,2058,-302
114000062,1090,986,104
114000063,1486,891,595
114000064,2846,2487,359
114000065,1133,1461,-328
114000066,294,440,-146
114000067,18,510,-492
114000068,397,486,-89
114000069,536,298,238
114000070,1715,1176,539
114000071,435,280,155
114000072,300,156,144
114000073,8,43,-35
114000074,44,16,28
114000075,57,52,5
114000076,31,69,-38
114000077,4,13,-9
114000078,192,343,-151
114000079,96,29,67
114000080,38,81,-43
114000081,70,70,0
114000082,24,262,-238
114000083,80,128,-48
114000084,184,76,108
114000085,68,287,-219
114000086,182,259,-77
114000087,78,95,-17
114000088,42,22,20
114000089,410,213,197
114000090,682,641,41
114000091,858,545,313
114000092,599,283,316
114000093,898,411,487
114000094,300,272,28
114000095,189,136,53
114000096,52,115,-63
114000097,110,213,-103
114000098,530,78,452
114000099,549,327,222
114000100,1318,429,889
114000101,339,418,-79
114000102,427,235,192
114000103,132,303,-171
114000104,24,163,-139
114000105,90,68,22
114000106,465,830,-365
114000107,389,136,253
114000108,1226,878,348
114000109,601,1255,-654
114000110,459,904,-445
114000111,1321,582,739
114000112,555,1440,-885
114000113,1396,420,976
114000114,980,970,10
114000115,1993,832,1161
114000116,692,1479,-787
114000117,2358,360,1998
114000118,2060,355,1705
114000119,1492,339,1153
114000120,455,404,51
114000121,414,584,-170
114000122,403,273,130
114000123,1551,247,1304
114000124,764,184,580
114000125,599,712,-113
114000126,1256,180,1076
114000127,184,114,70
114000128,725,266,459
114000130,538,410,128
114000131,298,46,252
114000132,414,276,138
114000133,443,752,-309
114000134,73,61,12
114000138,22,103,-81
114000139,310,242,68
114000144,701,366,335
114000145,58,98,-40
114000146,78,133,-55
114000147,1110,1728,-618
114000148,1465,1298,167
114000149,285,232,53
114000150,949,892,57
114000151,1029,1847,-818
114000152,42,47,-5
114000153,675,1698,-1023
114000154,534,581,-47
114000155,961,1780,-819
114000156,553,500,53
114000157,225,830,-605
114000158,907,477,430
114000159,139,277,-138
114000160,75,277,-202
114000161,1001,2202,-1201
114000162,895,1884,-989
114000163,8,56,-48
114000165,374,258,116
114000166,399,241,158
114000167,1954,1095,859
114000168,532,410,122
114000169,1126,949,177
114000170,1041,809,232
114000171,909,3261,-2352
114000174,167,265,-98
114000176,274,282,-8
114000177,1278,635,643
114000178,45,35,10
114000179,972,690,282
114000180,326,487,-161
114000181,1169,2612,-1443
114000182,1380,1401,-21
114000183,753,657,96
114000184,1549,655,894
114000185,866,588,278
114000189,851,110,741
114000190,2413,371,2042
114000191,49,111,-62
114000192,100,576,-476
114000193,449,1219,-770
114000194,1204,595,609
114000195,157,29,128
114000196,1,119,-118
114000197,1294,41,1253
114000198,525,265,260
114000199,1363,1327,36
114000200,431,873,-442
114000201,129,484,-355
114000202,555,293,262
114000203,482,383,99
114000204,198,266,-68
114000205,145,831,-686
114000206,495,849,-354
114000207,591,814,-223
114000208,340,1233,-893
114000209,414,1265,-851
114000210,195,862,-667
114000211,880,1266,-386
114000212,449,537,-88
114000213,1155,426,729
114000214,66,114,-48
114000215,112,52,60
114000216,949,262,687
114000217,362,176,186
114000218,117,147,-30
114000219,1045,126,919
114000220,21,572,-551
114000221,698,100,598
114000222,102,629,-527
114000223,413,123,290
114000224,45,381,-336
114000225,202,334,-132
114000226,158,184,-26
114000227,747,370,377
114000228,664,454,210
114000229,1062,804,258
114000230,1352,736,616
114000231,733,982,-249
114000232,694,153,541
114000233,1712,101,1611
114000234,894,739,155
114000235,798,901,-103
114000236,1,261,-260
114000237,110,583,-473
114000238,119,187,-68
114000239,160,706,-546
114000240,613,543,70
114000241,205,570,-365
114000242,619,517,102
114000243,1317,628,689
114000244,750,240,510
114000245,319,614,-295
114000246,90,42,48
114000247,903,418,485
114000248,879,410,469
114000249,411,422,-11
114000250,434,434,0
114000251,356,136,220
114000252,40,34,6
114000253,36,58,-22
114000254,58,40,18
114000255,320,126,194
114000256,654,1443,-789
114000257,394,868,-474
114000258,267,235,32
114000259,137,179,-42
114000260,0,33,-33
114000261,22,23,-1
114000262,163,97,66
114000263,12,3,9
114000264,795,247,548
114000265,0,0,0
114000267,1,1164,-1163
114000268,2,868,-866
114000270,163,0,163
114000271,229,34,195
114000283,1110,288,822
114000285,27,120,-93
114000288,108,212,-104
114000289,1041,109,932
114000293,156,293,-137
114000294,166,161,5
114000395,1033,16,1017
114000396,515,456,59
114000402,442,198,244
114000403,271,245,26
114000405,167,244,-77
114000423,348,247,101
114000424,343,97,246
114000425,754,165,589
114000426,283,643,-360
114000427,59,54,5
114000428,149,130,19
114000429,15,123,-108
114000432,89,70,19
114000434,34,53,-19
114000435,0,82,-82
114900001,475,483,-8
114900002,282,45,237
114900003,560,680,-120
114900004,195,246,-51
114900005,474,417,57
114900006,41,41,0
114900007,181,14,167
114900008,101,52,49
114900010,1087,1270,-183
114900011,170,116,54
114900013,164,94,70
114900020,104,63,41
114900025,359,148,211
114900026,71,83,-12
114900029,139,20,119
114900030,237,127,110
114900031,297,26,271
114900032,226,10,216
114900034,44,112,-68
114900035,79,188,-109
114900036,141,290,-149
114900039,402,233,169
114900040,72,89,-17
114900041,559,263,296
114900042,702,291,411
114900044,137,29,108
114900047,212,1601,-1389
114900048,122,180,-58
114900049,34,139,-105
114900050,34,186,-152
114900051,28,225,-197
114900052,28,142,-114
114900053,65,203,-138
114900054,26,84,-58
114900057,126,13,113
114900058,0,42,-42
114900059,64,36,28
114900063,79,107,-28
114900064,1393,239,1154
114900065,391,500,-109
114900067,43,326,-283
114900068,50,133,-83
114900069,127,76,51
114900070,433,196,237
114900072,8,197,-189
114900073,2,92,-90
114900074,514,359,155
114900075,134,4,130
114900076,4,226,-222
114900080,1021,239,782
114900082,2303,1836,467
114900083,743,817,-74
114900090,290,109,181
114900091,90,107,-17
114900097,149,3,146
114900098,12,153,-141
114900099,148,5,143
115000001,3250,2144,1106
115000002,3016,3550,-534
115000003,3145,1741,1404
115000004,3638,4631,-993
115000005,1139,1352,-213
115000006,920,1088,-168
115000007,252,162,90
115000008,327,419,-92
115000009,217,198,19
115000010,207,150,57
115000013,73,140,-67
115000015,77,273,-196
115000016,44,185,-141
115000019,44,361,-317
115000020,75,470,-395
115000021,165,354,-189
115000022,453,251,202
115000023,281,478,-197
115000024,711,253,458
115000025,684,486,198
115000026,144,322,-178
115000027,251,218,33
115000028,176,625,-449
115000029,520,65,455
115000030,656,823,-167
115000031,1135,194,941
115000032,11,272,-261
115000033,171,55,116
115000034,73,773,-700
115000035,847,49,798
115000036,1,288,-287
115000037,465,12,453
115000038,46,130,-84
115000039,2263,2062,201
115000040,3405,2172,1233
115000041,1256,2882,-1626
115000042,476,411,65
115000043,3473,1817,1656
115000044,3328,2478,850
115000045,1807,1035,772
115000046,2189,1887,302
115000047,1930,1136,794
115000048,1337,1290,47
115000049,1326,1985,-659
115000050,2712,1419,1293
115000051,1275,2199,-924
115000052,1357,1220,137
115000053,1517,1325,192
115000054,462,796,-334
115000055,208,872,-664
115000056,318,452,-134
115000057,392,1182,-790
115000058,243,312,-69
115000059,215,174,41
115000061,172,114,58
115000062,174,190,-16
115000063,290,190,100
115000064,180,58,122
115000065,59,377,-318
115000067,178,16,162
115000069,67,231,-164
115000070,27,710,-683
115000071,82,14,68
115000072,9,70,-61
115000073,1143,54,1089
115000075,101,56,45
115000076,2106,1610,496
115000077,1335,1276,59
115000078,979,856,123
115000079,893,983,-90
115000080,1950,1260,690
115000081,411,519,-108
115000082,3201,2599,602
115000083,1598,1083,515
115000084,1946,747,1199
115000085,524,553,-29
115000086,1043,523,520
115000087,351,908,-557
115000088,1381,506,875
115000089,1097,906,191
115000090,439,616,-177
115000091,238,659,-421
115000092,628,291,337
115000093,402,0,402
115000094,4164,4347,-183
115000095,3097,4778,-1681
115000096,617,842,-225
115000097,937,723,214
115000098,988,474,514
115000099,2247,1661,586
115000100,1017,269,748
115000101,362,901,-539
115000102,397,192,205
115000103,230,502,-272
115000105,75,98,-23
115000106,506,256,250
115000107,167,308,-141
115000108,1960,1600,360
115000109,2747,3497,-750
115000110,1075,1141,-66
115000111,560,1046,-486
115000112,505,441,64
115000113,448,474,-26
115000114,1174,454,720
115000116,2977,1632,1345
115000117,2696,2322,374
115000118,1503,1129,374
115000119,1330,1483,-153
115000120,386,984,-598
115000121,923,467,456
115000122,1631,1168,463
115000123,891,1677,-786
115000124,697,784,-87
115000125,333,533,-200
115000126,125,238,-113
115000127,265,81,184
115000128,329,669,-340
115000129,213,269,-56
115000130,319,479,-160
115000131,593,218,375
115000132,218,223,-5
115000133,423,212,211
115000134,256,135,121
115000135,231,135,96
115000136,188,256,-68
115000137,115,93,22
115000138,402,250,152
115000139,258,166,92
115000140,365,193,172
115000141,172,170,2
115000142,155,156,-1
115000143,695,454,241
115000144,447,65,382
115000145,185,187,-2
115000146,312,255,57
115000147,295,273,22
115000148,237,533,-296
115000149,455,183,272
115000150,469,391,78
115000151,893,372,521
115000152,484,458,26
115000153,768,324,444
115000154,673,202,471
115000155,384,586,-202
115000156,814,542,272
115000157,463,549,-86
115000158,430,333,97
115000159,464,450,14
115000160,347,297,50
115000161,115,311,-196
115000162,507,635,-128
115000163,366,532,-166
115000164,632,488,144
115000165,316,347,-31
115000167,135,64,71
115000168,375,251,124
115000169,317,257,60
115000170,119,126,-7
115000171,267,206,61
115000172,700,451,249
115000173,268,439,-171
115000174,45,290,-245
115000175,155,59,96
115000176,80,57,23
115000177,41,51,-10
115000178,10,143,-133
115000179,36,19,17
115000180,71,329,-258
115000181,570,115,455
115000182,779,207,572
115000183,312,528,-216
115000186,656,189,467
115000187,158,423,-265
115000188,357,352,5
115000189,159,316,-157
115000190,555,393,162
115000191,145,405,-260
115000194,88,96,-8
115000195,213,226,-13
115000196,206,81,125
115000197,203,166,37
115000198,303,128,175
115000199,264,125,139
115000200,265,87,178
115000201,135,211,-76
115000206,320,36,284
115000207,107,249,-142
115000208,196,295,-99
115000209,462,231,231
115000210,105,89,16
115000211,162,147,15
115000212,981,229,752
115000224,368,63,305
115000225,34,76,-42
115000229,118,99,19
115000230,55,247,-192
115000231,251,963,-712
115000232,1611,185,1426
115000233,80,159,-79
115000234,21,231,-210
115000241,85,163,-78
115000242,66,166,-100
115000243,44,156,-112
115000244,19,121,-102
115000246,54,23,31
115000247,24,18,6
115000248,36,17,19
115000249,15,10,5
115000250,315,29,286
115000251,204,81,123
115000252,76,169,-93
115000253,17,363,-346
115000258,257,104,153
115000259,240,75,165
115000261,22,17,5
115000262,6,20,-14
115000263,18,28,-10
115000264,24,49,-25
115000267,42,66,-24
115000268,25,124,-99
115000269,129,59,70
115000270,8,13,-5
115000272,55,104,-49
115000273,263,29,234
115000280,1421,351,1070
115000281,279,1033,-754
115000282,343,436,-93
115000284,170,103,67
115000296,989,10,979
115000297,99,159,-60
115000298,55,532,-477
115000300,163,140,23
115000302,470,96,374
115000303,628,80,548
115000304,585,38,547
115000305,100,379,-279
115000306,182,200,-18
115000307,106,165,-59
115000308,41,23,18
115000310,783,443,340
115000311,835,763,72
115000313,161,345,-184
115000314,298,115,183
115000315,643,446,197
115000316,38,80,-42
115000317,131,310,-179
115000318,614,201,413
115000319,49,247,-198
115000320,12,275,-263
115000321,171,4,167
115000322,49,148,-99
115000449,164,172,-8
115000557,1,990,-989
115000558,267,76,191
115000587,439,227,212
115000588,1463,1630,-167
115000589,2918,1778,1140
115000590,844,816,28
115000591,1031,455,576
115000592,386,1184,-798
115000593,1215,403,812
115000594,541,1851,-1310
115000609,184,161,23
115000617,796,2228,-1432
115000624,182,57,125
115000633,314,1481,-1167
115000634,2114,596,1518
115000635,467,136,331
115000638,439,412,27
115000641,37,116,-79
115000642,245,200,45
115000643,104,314,-210
115000644,125,228,-103
115000646,681,1186,-505
115000647,141,292,-151
115000648,1681,1203,478
115000893,1814,1048,766
115000894,123,846,-723
115000895,345,863,-518
115000896,950,410,540
115000897,332,108,224
115000898,308,184,124
115000899,291,796,-505
115000900,46,275,-229
115000901,53,97,-44
115000912,280,61,219
115000913,4,12,-8
115000915,6,0,6
115000916,8,0,8
115000917,0,11,-11
115000918,27,279,-252
115000919,14,2,12
115000920,10,33,-23
115000921,375,71,304
115000922,701,670,31
115000923,297,1140,-843
115000925,91,66,25
115000927,35,52,-17
115000933,135,238,-103
115000934,127,131,-4
115000935,90,75,15
115000936,9,504,-495
115000937,694,128,566
115000938,152,212,-60
115000939,135,150,-15
115000940,10,10,0
115000941,4,19,-15
115000942,15,77,-62
115000943,11,24,-13
115000944,1,8,-7
115900001,136,20,116
115900002,62,73,-11
115900003,142,56,86
115900004,0,39,-39
115900005,169,12,157
115900006,103,182,-79
115900008,50,3,47
115900009,46,97,-51
115900010,280,126,154
115900011,343,143,200
115900012,125,44,81
115900013,204,83,121
115900014,125,92,33
115900015,102,37,65
115900016,101,12,89
115900017,10,8,2
115900018,138,37,101
115900019,71,8,63
115900020,61,5,56
115900021,675,157,518
115900022,780,9,771
115900023,33,9,24
115900025,25,129,-104
115900026,568,125,443
115900027,0,156,-156
115900028,515,36,479
115900029,9,207,-198
115900030,23,25,-2
115900031,243,197,46
115900032,344,401,-57
115900033,2,44,-42
115900034,20,184,-164
115900035,33,18,15
115900036,42,607,-565
115900037,55,173,-118
115900038,64,11,53
115900039,98,92,6
115900041,390,559,-169
115900042,31,4,27
115900043,62,28,34
115900044,201,198,3
115900046,240,127,113
115900047,177,117,60
115900049,116,114,2
115900051,2,45,-43
115900052,5,127,-122
115900053,162,111,51
115900054,235,21,214
115900055,16,70,-54
115900056,128,113,15
115900057,25,11,14
115900058,29,32,-3
115900060,38,48,-10
115900061,225,0,225
115900062,36,160,-124
115900063,65,4,61
115900064,112,151,-39
115900065,110,45,65
115900066,139,71,68
115900067,19,400,-381
115900068,1926,788,1138
115900069,48,112,-64
115900070,148,86,62
115900071,3,221,-218
115900072,25,99,-74
115900073,102,72,30
115900074,1,207,-206
115900075,18,163,-145
115900076,5,29,-24
115900077,6,155,-149
115900078,29,110,-81
115900079,163,5,158
115900080,236,159,77
115900081,11,39,-28
115900082,95,104,-9
115900084,368,23,345
115900085,21,87,-66
115900086,1008,367,641
115900088,29,48,-19
115900089,293,490,-197
115900090,306,14,292
115900091,5,37,-32
115900092,34,63,-29
115900093,15,27,-12
115900094,1,156,-155
115900096,3,4,-1
115900097,6,191,-185
115900098,169,235,-66
115900099,62,72,-10
115900100,10,325,-315
115900101,148,182,-34
115900102,76,54,22
115900103,226,107,119
115900104,70,56,14
115900105,217,320,-103
115900106,60,24,36
115900107,60,60,0
115900108,132,29,103
115900109,57,225,-168
115900110,3,18,-15
115900111,1,72,-71
115900112,51,506,-455
115900113,51,9,42
115900114,1,83,-82
115900115,50,112,-62
115900116,83,442,-359
115900117,57,13,44
115900118,3,193,-190
115900119,103,78,25
115900120,51,193,-142
115900121,142,136,6
115900124,200,443,-243
115900125,282,46,236
115900126,511,51,460
115900127,486,44,442
115900128,4,79,-75
115900129,420,58,362
115900130,10,175,-165
115900131,223,22,201
115900132,493,10,483
115900134,222,10,212
115900135,301,757,-456
115900137,41,7,34
115900139,35,52,-17
115900140,243,17,226
115900141,3,40,-37
115900142,7,23,-16
115900143,177,211,-34
115900144,77,143,-66
115900146,11,51,-40
115900147,184,232,-48
115900148,58,6,52
115900149,82,11,71
115900150,67,17,50
115900151,10,85,-75
115900152,89,180,-91
115900153,80,142,-62
115900154,290,330,-40
115900155,0,28,-28
115900156,485,604,-119
115900157,120,345,-225
115900158,20,13,7
115900159,108,179,-71
115900160,4,5,-1
115900161,33,127,-94
115900163,197,70,127
115900164,444,23,421
115900166,131,88,43
115900168,82,90,-8
115900171,65,231,-166
115900172,50,91,-41
115900173,246,77,169
115900174,175,165,10
115900175,93,138,-45
115900178,6,387,-381
115900179,234,6,228
115900180,33,57,-24
115900181,137,91,46
115900182,300,108,192
115900183,37,26,11
115900184,980,7,973
115900187,5,79,-74
115900189,2,157,-155
115900190,110,903,-793
115900191,29,208,-179
115900192,5,126,-121
115900193,153,62,91
115900194,459,56,403
115900195,498,1487,-989
115900198,142,158,-16
115900199,175,138,37
115900200,142,216,-74
115900201,359,380,-21
115900202,2,38,-36
115900203,1,9,-8
115900204,0,10,-10
115900205,41,23,18
115900206,155,87,68
115900207,53,17,36
115900208,73,57,16
115900209,7,162,-155
115900210,4,95,-91
115900211,1,161,-160
115900212,90,75,15
115900213,63,90,-27
115900214,501,140,361
115900215,34,148,-114
115900216,6,61,-55
115900217,1,25,-24
115900218,1,31,-30
115900219,97,6,91
115900220,157,9,148
115900221,95,2,93
115900222,37,23,14
115900223,11,283,-272
115900224,588,954,-366
115900225,54,38,16
115900226,16,22,-6
115900227,10,42,-32
115900228,12,39,-27
115900229,12,38,-26
115900230,45,74,-29
115900231,105,3,102
115900232,61,1,60
115900233,62,22,40
115900234,44,23,21
115900235,30,21,9
115900236,47,57,-10
115900237,19,23,-4
115900238,13,12,1
115900239,20,22,-2
115900240,6,29,-23
115900241,131,52,79
115900242,155,243,-88
115900243,4,3,1
115900244,17,16,1
115900245,54,7,47
115900246,9,12,-3
115900247,55,20,35
115900248,17,3,14
115900249,3,11,-8
115900250,7,22,-15
115900251,3,16,-13
115900252,2,5,-3
115900253,3,6,-3
115900254,4,25,-21
115900255,0,9,-9
115900256,13,61,-48
115900257,8,7,1
115900258,3,0,3
115900259,6,4,2
115900260,9,0,9
115900261,4,0,4
115900262,5,0,5
115900263,12,2,10
115900264,5,2,3
115900265,4,6,-2
115900266,1,13,-12
115900267,4,19,-15
115900268,2,4,-2
115900269,371,183,188
115900270,198,153,45
115900271,90,0,90
115900272,20,0,20
115900273,6,12,-6
115900274,6,13,-7
115900275,3,11,-8
115900276,0,25,-25
115900277,1,52,-51
115900278,35,78,-43
115900279,17,154,-137
115900280,18,300,-282
115900281,259,229,30
115900282,9,13,-4
115900283,16,17,-1
115900284,21,6,15
116000001,5512,2499,3013
116000002,3473,8278,-4805
116000003,1067,987,80
116000004,2198,2831,-633
116000005,1444,2054,-610
116000006,2023,2284,-261
116000007,1795,1986,-191
116000008,2953,1654,1299
116000009,1012,1360,-348
116000010,2051,1130,921
116000011,789,1320,-531
116000012,1392,882,510
116000013,4767,2538,2229
116000014,6260,9438,-3178
116000015,206,926,-720
116000016,3407,2375,1032
116000017,24,638,-614
116000018,509,151,358
116000019,556,257,299
116000020,415,471,-56
116000021,325,237,88
116000022,318,249,69
116000023,846,430,416
116000024,494,583,-89
116000025,583,607,-24
116000026,1161,1730,-569
116000027,364,490,-126
116000028,383,764,-381
116000029,402,551,-149
116000030,769,414,355
116000031,139,294,-155
116000032,278,134,144
116000033,284,346,-62
116000034,576,655,-79
116000035,235,520,-285
116000036,1135,1063,72
116000037,423,308,115
116000038,255,408,-153
116000039,371,380,-9
116000040,520,335,185
116000041,79,328,-249
116000042,518,243,275
116000043,72,470,-398
116000044,17,58,-41
116000045,1351,1068,283
116000046,766,1383,-617
116000047,1146,1633,-487
116000048,1457,1494,-37
116000049,1073,2486,-1413
116000050,1160,961,199
116000051,5627,1918,3709
116000052,4813,3967,846
116000053,1422,643,779
116000054,657,1753,-1096
116000055,705,622,83
116000056,925,1042,-117
116000057,2197,1451,746
116000058,2340,2441,-101
116000059,2492,3841,-1349
116000060,1578,869,709
116000061,426,796,-370
116000062,509,272,237
116000063,481,910,-429
116000066,201,475,-274
116000067,181,305,-124
116000068,154,204,-50
116000069,203,265,-62
116000078,525,953,-428
116000080,1453,621,832
116000082,9,43,-34
116000083,1463,335,1128
116000084,1669,2557,-888
116000085,1884,1528,356
116000086,1520,831,689
116000087,1790,1266,524
116000088,658,641,17
116000089,153,73,80
116000090,86,146,-60
116000091,231,214,17
116000093,526,253,273
116000094,611,496,115
116000095,761,322,439
116000096,574,1034,-460
116000097,751,450,301
116000098,95,4699,-4604
116000099,3632,214,3418
116000100,163,20,143
116000101,650,433,217
116000102,218,657,-439
116000103,387,231,156
116000104,136,756,-620
116000105,994,133,861
116000106,410,1085,-675
116000107,2270,291,1979
116000108,175,117,58
116000111,171,35,136
116000113,100,60,40
116000114,35,106,-71
116000115,235,55,180
116000116,236,286,-50
116000117,1093,1140,-47
116000118,853,733,120
116000119,2806,1522,1284
116000120,2253,2241,12
116000121,698,415,283
116000122,875,988,-113
116000123,918,422,496
116000124,224,526,-302
116000125,1642,420,1222
116000126,174,985,-811
116000127,864,731,133
116000128,1696,651,1045
116000129,825,148,677
116000130,393,321,72
116000133,870,599,271
116000134,1508,1177,331
116000135,2168,1159,1009
116000136,706,1279,-573
116000137,938,487,451
116000138,596,398,198
116000139,1186,1616,-430
116000140,139,119,20
116000141,241,399,-158
116000142,2184,1645,539
116000143,1471,1344,127
116000144,1192,1267,-75
116000145,1420,789,631
116000146,497,97,400
116000147,120,101,19
116000148,377,356,21
116000149,450,525,-75
116000151,444,373,71
116000153,83,262,-179
116000155,126,152,-26
116000156,357,745,-388
116000157,94,17,77
116000158,285,263,22
116000159,16,5,11
116000160,12,42,-30
116000161,18,61,-43
116000162,67,97,-30
116000163,40,4,36
116000164,3,12,-9
116000177,143,75,68
116000194,81,291,-210
116000195,1110,492,618
116000196,16,3,13
116000197,3,13,-10
116000198,1551,704,847
116000200,509,495,14
116000201,508,533,-25
116000202,7,221,-214
116000203,5,112,-107
116000204,26,54,-28
116000205,0,93,-93
116000206,2,128,-126
116000207,9,78,-69
116000233,124,261,-137
116000287,144,359,-215
116000288,202,160,42
116000292,21,60,-39
116000296,22,136,-114
116000297,118,15,103
116000304,98,25,73
116000305,19,44,-25
116000346,110,43,67
116000352,67,11,56
116000354,22,15,7
116000357,6,26,-20
116000358,292,49,243
116000361,189,1,188
116000372,2986,3333,-347
116000381,79,0,79
116000388,1,35,-34
116000389,552,392,160
116000445,415,313,102
116000446,480,433,47
116000447,26,412,-386
116000448,452,126,326
116000563,703,701,2
116000565,54,233,-179
116000568,59,142,-83
116000579,23,129,-106
116000584,24,2,22
116000585,9,19,-10
116000586,60,75,-15
116000587,437,507,-70
116000589,40,64,-24
116000590,44,54,-10
116000591,242,222,20
116000592,8,91,-83
116000593,1,32,-31
116000594,530,259,271
116000595,539,90,449
116000596,120,3,117
116000597,356,86,270
116000598,26,72,-46
116000605,202,104,98
116000606,51,172,-121
116000607,0,21,-21
116000609,123,775,-652
116000611,179,307,-128
116000612,712,1398,-686
116000613,513,244,269
116000614,326,434,-108
116000615,1,301,-300
116000616,15,65,-50
116000617,85,31,54
116000618,0,51,-51
116000619,36,59,-23
116000620,194,461,-267
116000621,58,104,-46
116000622,60,154,-94
116000624,183,75,108
116000627,90,17,73
116000628,53,145,-92
116000629,55,140,-85
116000630,242,16,226
116000631,86,33,53
116000632,700,50,650
116000633,175,147,28
116000634,300,82,218
116000635,1923,1981,-58
116000636,534,942,-408
116000637,376,43,333
116000638,145,226,-81
116000639,89,3,86
116000640,30,20,10
116000641,31,113,-82
116000643,0,108,-108
116000644,21,227,-206
116000645,27,5,22
116900001,190,131,59
116900002,168,3,165
116900003,21,33,-12
116900004,50,64,-14
116900005,239,45,194
116900006,131,172,-41
116900007,108,164,-56
116900008,275,182,93
116900009,11,8,3
116900010,0,603,-603
116900011,7,13,-6
116900012,169,134,35
116900013,0,99,-99
116900014,162,147,15
116900015,485,54,431
116900016,173,2,171
116900017,0,317,-317
116900019,3,172,-169
116900020,619,864,-245
116900023,58,8,50
116900024,545,102,443
116900025,899,513,386
116900026,76,363,-287
116900027,47,48,-1
116900028,3,104,-101
116900029,0,18,-18
116900031,0,8,-8
116900032,19,242,-223
116900033,21,33,-12
116900034,11,62,-51
116900035,113,102,11
116900036,5,52,-47
116900038,17,3,14
116900041,16,4,12
116900042,368,195,173
116900043,24,31,-7
116900047,28,107,-79
116900049,38,227,-189
116900050,78,268,-190
116900051,154,92,62
116900052,171,68,103
116900055,1,11,-10
116900057,22,135,-113
116900058,26,279,-253
116900059,2,92,-90
116900060,108,144,-36
116900062,0,23,-23
116900064,85,380,-295
116900065,19,75,-56
116900067,95,45,50
116900068,98,120,-22
116900070,2,1,1
116900072,21,218,-197
116900073,5,76,-71
116900074,5,27,-22
116900076,14,105,-91
116900077,7,80,-73
116900078,152,64,88
116900079,50,115,-65
116900080,11,18,-7
116900081,333,757,-424
116900082,302,549,-247
116900083,34,18,16
116900084,70,64,6
116900085,45,100,-55
116900086,52,128,-76
116900088,259,63,196
116900090,171,77,94
116900091,261,4,257
116900092,95,465,-370
116900093,1343,1163,180
116900094,2244,2828,-584
116900095,138,74,64
116900096,90,203,-113
116900097,1798,2346,-548
116900098,579,307,272
116900099,422,456,-34
116900100,668,37,631
116900101,203,289,-86
116900103,6,0,6
116900104,58,69,-11
116900105,226,101,125
116900106,1473,156,1317
116900107,1970,1949,21
116900110,9,1,8
116900111,479,181,298
116900112,160,493,-333
116900113,728,681,47
116900116,80,451,-371
116900117,107,71,36
116900118,534,536,-2
116900120,257,44,213
116900121,91,11,80
116900122,675,484,191
116900123,189,450,-261
116900124,135,627,-492
116900125,308,127,181
116900126,68,360,-292
116900128,0,18,-18
116900129,1,273,-272
116900130,310,2380,-2070
116900131,67,233,-166
116900132,33,60,-27
116900133,89,128,-39
116900134,160,233,-73
116900136,178,151,27
116900137,283,129,154
116900138,149,147,2
116900139,120,259,-139
116900140,193,149,44
116900141,729,297,432
116900142,2,49,-47
116900143,210,215,-5
116900144,28,38,-10
116900145,42,125,-83
116900147,289,480,-191
116900148,2,20,-18
116900149,40,219,-179
116900150,13,11,2
116900151,37,7,30
116900153,100,46,54
116900154,292,348,-56
116900155,58,63,-5
116900157,477,135,342
116900158,96,207,-111
116900159,87,216,-129
116900160,612,481,131
116900161,3219,5097,-1878
116900163,147,84,63
116900164,90,58,32
116900165,222,154,68
116900166,22,55,-33
116900167,396,50,346
116900168,281,48,233
116900169,330,483,-153
116900170,281,401,-120
116900171,48,70,-22
116900172,124,286,-162
116900173,126,16,110
116900174,65,56,9
116900175,140,166,-26
116900178,23,131,-108
116900179,69,205,-136
116900180,64,13,51
116900182,370,150,220
116900183,126,72,54
116900185,30,57,-27
116900186,34,89,-55
116900187,32,39,-7
116900188,102,18,84
116900189,45,1,44
116900191,392,465,-73
116900192,245,83,162
116900194,291,1178,-887
116900195,51,16,35
116900196,56,115,-59
116900197,83,9,74
116900198,90,183,-93
116900200,60,20,40
116900201,84,2,82
116900202,102,86,16
116900203,96,2,94
116900204,60,78,-18
116900206,13,14,-1
116900207,22,19,3
116900208,21,74,-53
116900209,20,64,-44
116900210,350,235,115
116900211,153,1,152
116900212,54,38,16
116900213,199,111,88
116900214,159,146,13
116900215,58,49,9
116900216,210,127,83
116900218,4,105,-101
116900219,1054,243,811
116900220,100,148,-48
116900221,90,294,-204
116900222,305,270,35
116900223,84,243,-159
116900226,79,37,42
116900227,132,35,97
116900228,228,121,107
116900230,65,423,-358
116900231,22,454,-432
116900232,641,97,544
116900233,609,337,272
116900234,18,7,11
116900235,474,225,249
116900238,1205,206,999
116900239,2,462,-460
116900240,3252,2657,595
116900241,51,65,-14
116900242,500,515,-15
116900243,3,13,-10
116900245,19,26,-7
116900246,74,33,41
116900247,544,20,524
116900248,82,28,54
116900249,288,82,206
116900250,370,40,330
116900251,366,536,-170
116900252,157,766,-609
116900254,289,325,-36
116900255,115,68,47
116900256,316,66,250
116900257,14,214,-200
116900258,4,123,-119
116900259,184,4,180
116900260,2,80,-78
116900261,56,1,55
116900262,146,125,21
116900263,0,6,-6
116900264,102,33,69
116900265,45,1,44
116900266,11,20,-9
116900267,4,1,3
116900268,104,105,-1
116900269,246,471,-225
116900271,587,203,384
116900272,276,164,112
116900273,92,50,42
116900274,107,52,55
116900275,141,118,23
116900276,308,147,161
116900277,289,23,266
116900278,6,4,2
116900279,0,17,-17
116900280,24,13,11
116900281,3321,3297,24
116900282,8,63,-55
116900283,19,79,-60
116900284,9,142,-133
116900285,127,121,6
116900286,136,11,125
116900287,14,19,-5
116900288,87,116,-29
116900289,9,5,4
116900290,9,14,-5
116900291,25,8,17
116900292,0,24,-24
116900293,36,29,7
116900294,28,92,-64
116900295,123,44,79
116900296,36,92,-56
116900297,10,104,-94
116900298,72,55,17
116900299,9,25,-16
116900300,1,75,-74
116900301,34,130,-96
116900302,30,64,-34
116900303,107,42,65
116900304,1,128,-127
116900305,14,16,-2
116900306,144,85,59
116900307,52,1,51
116900308,1,70,-69
116900309,74,84,-10
116900310,28,54,-26
117000001,1664,1135,529
117000002,1559,2864,-1305
117000003,5098,2369,2729
117000004,2455,3733,-1278
117000005,1897,1537,360
117000006,1051,2206,-1155
117000007,3243,885,2358
117000008,785,2220,-1435
117000009,3624,1360,2264
117000010,2011,2456,-445
117000011,1659,1205,454
117000012,972,825,147
117000013,1518,615,903
117000014,860,1568,-708
117000015,1809,914,895
117000016,188,159,29
117000017,135,85,50
117000018,82,414,-332
117000019,62,30,32
117000020,356,1036,-680
117000021,866,502,364
117000022,228,144,84
117000023,142,251,-109
117000024,160,259,-99
117000025,297,1000,-703
117000026,1438,1263,175
117000027,1088,3447,-2359
117000028,1612,1431,181
117000030,329,343,-14
117000031,313,260,53
117000032,1117,904,213
117000033,928,527,401
117000034,289,243,46
117000035,396,277,119
117000036,413,263,150
117000037,235,215,20
117000038,153,436,-283
117000039,373,180,193
117000040,207,656,-449
117000041,832,189,643
117000044,14,623,-609
117000045,419,77,342
117000046,378,715,-337
117000047,1091,590,501
117000048,1259,613,646
117000049,74,395,-321
117000050,156,1048,-892
117000051,1861,83,1778
117000052,27,212,-185
117000053,506,34,472
117000054,1469,13,1456
117000055,66,1964,-1898
117000056,617,26,591
117000057,514,1705,-1191
117000060,409,764,-355
117000061,1277,687,590
117000062,262,418,-156
117000063,1474,670,804
117000064,523,462,61
117000066,551,740,-189
117000067,100,499,-399
117000074,101,139,-38
117000076,55,38,17
117000077,108,145,-37
117000078,111,517,-406
117000079,338,171,167
117000080,0,238,-238
117000081,772,95,677
117000082,12,62,-50
117000083,534,177,357
117000084,139,1,138
117000085,207,654,-447
117000086,519,293,226
117000087,104,393,-289
117000088,172,117,55
117000089,1319,197,1122
117000090,260,810,-550
117000091,729,235,494
117000092,338,911,-573
117000093,1121,563,558
117000094,1183,1787,-604
117000095,2968,622,2346
117000096,560,1576,-1016
117000097,1269,831,438
117000098,1871,2532,-661
117000099,3090,1035,2055
117000100,203,251,-48
117000101,215,731,-516
117000102,1654,526,1128
117000103,655,1010,-355
117000104,1239,505,734
117000105,700,1006,-306
117000106,1078,583,495
117000107,486,1111,-625
117000108,1547,667,880
117000109,967,1434,-467
117000110,1294,762,532
117000111,2895,2880,15
117000112,2483,1124,1359
117000113,122,155,-33
117000114,215,95,120
117000115,79,87,-8
117000116,121,205,-84
117000117,1147,770,377
117000118,234,131,103
117000119,140,176,-36
117000120,101,479,-378
117000121,45,740,-695
117000122,281,570,-289
117000123,1201,43,1158
117000124,310,110,200
117000125,159,94,65
117000126,42,13,29
117000127,119,245,-126
117000128,347,705,-358
117000129,307,692,-385
117000130,97,3,94
117000131,0,75,-75
117000132,2328,41,2287
117000133,1452,24,1428
117000134,0,68,-68
117000135,1,46,-45
117000136,1,10,-9
117000137,118,102,16
117000138,1,620,-619
117000140,451,997,-546
117000141,1529,482,1047
117000181,363,207,156
117000182,381,557,-176
117000195,149,589,-440
117000196,172,144,28
117000225,87,41,46
117000226,5,99,-94
117000276,268,12,256
117000277,0,229,-229
117000310,1057,1568,-511
117000315,44,484,-440
117000320,77,0,77
117000906,351,14,337
117000907,13,215,-202
117000909,61,58,3
117000910,141,139,2
117000911,107,131,-24
117000915,4,321,-317
117000916,27,0,27
117000917,1027,39,988
117000918,65,72,-7
117000919,5,44,-39
117000920,2,634,-632
117000921,0,775,-775
117000922,13,75,-62
117000924,313,557,-244
117000926,417,89,328
117000927,774,743,31
117000928,0,102,-102
117000929,257,309,-52
117000930,234,23,211
117000931,176,133,43
117900002,69,359,-290
117900003,430,280,150
117900005,23,63,-40
117900006,0,36,-36
117900007,131,64,67
117900008,0,12,-12
117900010,249,63,186
117900011,27,139,-112
117900012,61,42,19
117900013,1,90,-89
117900014,609,89,520
117900015,28,81,-53
117900016,586,605,-19
117900017,554,267,287
117900018,129,155,-26
117900019,384,171,213
117900020,49,337,-288
117900021,22,41,-19
117900023,673,114,559
117900024,45,41,4
117900025,52,17,35
117900026,331,148,183
117900028,78,4,74
117900029,194,356,-162
117900031,126,87,39
117900032,666,518,148
117900033,230,343,-113
117900034,57,21,36
117900035,133,102,31
117900036,203,221,-18
117900037,180,61,119
117900038,21,197,-176
117900039,2,39,-37
117900040,122,253,-131
117900041,3,36,-33
117900042,2069,202,1867
117900043,29,38,-9
117900044,4,2695,-2691
117900045,128,97,31
117900048,318,287,31
117900049,171,281,-110
117900050,8,76,-68
117900051,16,5,11
117900052,47,316,-269
117900053,1397,497,900
117900054,0,66,-66
117900055,271,120,151
117900056,114,68,46
117900057,802,897,-95
117900058,25,31,-6
117900059,259,70,189
117900060,1927,3642,-1715
117900061,26,203,-177
117900063,324,126,198
117900065,509,870,-361
117900066,6,60,-54
117900067,444,112,332
117900069,620,217,403
117900070,139,50,89
117900071,68,99,-31
117900073,412,179,233
117900074,74,47,27
117900075,60,52,8
117900076,49,69,-20
117900077,439,123,316
117900078,288,642,-354
117900080,108,23,85
117900081,385,269,116
117900082,351,265,86
117900083,302,283,19
117900086,134,32,102
117900087,143,26,117
117900088,2705,1307,1398
117900089,1830,544,1286
117900090,480,271,209
117900091,93,150,-57
117900092,49,27,22
117900093,66,35,31
117900094,31,40,-9
117900095,282,485,-203
117900096,88,226,-138
117900097,119,39,80
117900098,47,10,37
117900099,135,166,-31
117900100,205,2,203
117900101,414,1553,-1139
117900102,71,15,56
117900103,49,6,43
117900104,12,90,-78
117900105,115,131,-16
117900106,59,39,20
117900107,34,1,33
117900109,606,333,273
117900110,126,0,126
117900111,285,15,270
117900112,51,9,42
117900113,1513,1237,276
117900114,26,1,25
117900115,136,54,82
117900116,619,527,92
117900117,506,255,251
117900118,74,0,74
117900119,208,111,97
117900120,226,56,170
117900121,87,21,66
117900122,754,2779,-2025
117900123,613,275,338
117900124,515,544,-29
117900125,1491,1461,30
117900126,160,377,-217
117900127,396,279,117
117900128,310,422,-112
117900129,57,1,56
117900130,684,291,393
117900131,2,95,-93
117900132,25,71,-46
117900133,13,68,-55
117900134,52,167,-115
117900135,18,136,-118
117900136,0,20,-20
117900137,39,200,-161
117900138,0,23,-23
117900139,140,70,70
117900140,2343,175,2168
117900141,96,153,-57
117900142,66,66,0
117900144,39,198,-159
117900145,31,48,-17
117900146,114,89,25
117900147,76,37,39
117900148,1827,1376,451
117900149,222,160,62
117900150,36,26,10
117900151,34,59,-25
117900152,66,49,17
117900153,19,78,-59
117900154,349,406,-57
117900156,666,477,189
117900157,64,450,-386
117900158,245,110,135
117900160,557,497,60
117900161,2185,1340,845
117900162,325,290,35
117900163,29,129,-100
117900165,0,13,-13
117900166,106,337,-231
117900168,59,215,-156
117900169,1,91,-90
117900170,0,31,-31
117900171,1,13,-12
117900172,21,39,-18
117900173,144,68,76
117900174,33,45,-12
117900175,4,16,-12
117900176,10,13,-3
117900177,27,18,9
117900178,72,39,33
117900180,183,21,162
117900181,40,265,-225
117900182,2,24,-22
117900183,32,166,-134
117900184,15,78,-63
117900185,40,35,5
117900186,35,26,9
117900187,31,4,27
117900188,162,54,108
117900189,50,46,4
117900190,19,2,17
117900191,88,2,86
117900192,256,4,252
117900193,26,56,-30
117900194,13,6,7
117900195,11,47,-36
117900196,24,40,-16
117900207,126,141,-15
117900208,6,25,-19
117900209,126,125,1
117900210,76,161,-85
117900211,7,126,-119
117900212,141,82,59
117900213,24,13,11
117900214,5,14,-9
117900215,48,48,0
117900216,30,18,12
117900217,58,212,-154
117900218,116,123,-7
117900219,5,102,-97
117900220,90,116,-26
117900222,181,193,-12
117900223,123,238,-115
118000001,514,793,-279
118000002,445,1132,-687
118000003,1356,2334,-978
118000004,1369,1426,-57
118000005,2985,3687,-702
118000006,2793,5951,-3158
118000007,3152,3118,34
118000008,2283,2707,-424
118000009,1318,1747,-429
118000010,3560,2297,1263
118000011,1035,1079,-44
118000012,639,1078,-439
118000013,1421,1438,-17
118000014,1461,1757,-296
118000016,162,184,-22
118000017,336,272,64
118000018,238,240,-2
118000019,1430,1075,355
118000020,770,1921,-1151
118000021,549,2132,-1583
118000022,1199,592,607
118000023,624,227,397
118000024,909,844,65
118000027,8150,8502,-352
118000029,570,623,-53
118000032,770,2783,-2013
118000033,1914,4041,-2127
118000034,3247,1969,1278
118000035,1343,2099,-756
118000036,733,926,-193
118000037,625,648,-23
118000038,192,58,134
118000039,67,127,-60
118000040,1189,995,194
118000041,1857,969,888
118000045,216,137,79
118000046,839,478,361
118000047,543,789,-246
118000048,1478,1521,-43
118000051,944,952,-8
118000052,638,404,234
118000053,180,262,-82
118000054,802,588,214
118000055,668,880,-212
118000056,191,264,-73
118000057,192,316,-124
118000058,1498,1018,480
118000059,1111,707,404
118000060,830,373,457
118000061,946,791,155
118000062,452,185,267
118000063,245,503,-258
118000064,545,759,-214
118000065,1880,1138,742
118000066,517,1085,-568
118000067,492,464,28
118000068,949,3338,-2389
118000069,1563,729,834
118000070,3272,1313,1959
118000071,1875,4768,-2893
118000072,753,1056,-303
118000073,755,441,314
118000074,279,406,-127
118000075,459,209,250
118000076,957,2172,-1215
118000077,1033,1030,3
118000078,1417,1660,-243
118000079,221,317,-96
118000080,636,727,-91
118000081,1378,1056,322
118000082,206,838,-632
118000083,1144,1149,-5
118000084,1882,1103,779
118000086,197,357,-160
118000087,2801,1853,948
118000088,1304,1162,142
118000089,2626,1727,899
118000090,1015,1987,-972
118000091,789,1824,-1035
118000092,699,338,361
118000093,87,529,-442
118000096,426,483,-57
118000097,611,489,122
118000098,211,133,78
118000099,470,428,42
118000101,897,222,675
118000102,389,620,-231
118000107,928,370,558
118000108,417,1628,-1211
118000110,0,19,-19
118000111,1,179,-178
118000112,512,3,509
118000113,4,242,-238
118000114,346,7,339
118000115,5,6,-1
118000116,28,0,28
118000117,641,520,121
118000118,727,858,-131
118000119,691,805,-114
118000120,1290,852,438
118000121,103,544,-441
118000122,1111,323,788
118000123,39,267,-228
118000125,1040,676,364
118000126,579,1132,-553
118000127,1160,537,623
118000128,369,822,-453
118000129,688,364,324
118000130,1311,1848,-537
118000131,354,522,-168
118000132,2174,1743,431
118000133,831,437,394
118000135,372,363,9
118000136,116,356,-240
118000137,418,59,359
118000138,279,349,-70
118000139,378,92,286
118000140,1851,3625,-1774
118000141,1670,1162,508
118000142,1514,1007,507
118000143,1768,939,829
118000144,977,534,443
118000145,1218,1029,189
118000146,1021,551,470
118000147,759,866,-107
118000148,372,796,-424
118000149,733,628,105
118000150,316,348,-32
118000151,393,347,46
118000153,1127,921,206
118000154,1214,1051,163
118000155,1156,1049,107
118000156,1180,1712,-532
118000157,416,353,63
118000158,193,289,-96
118000159,21,93,-72
118000160,446,322,124
118000161,414,426,-12
118000162,1242,587,655
118000163,720,637,83
118000164,1275,961,314
118000168,534,433,101
118000169,796,685,111
118000170,2224,2823,-599
118000171,283,628,-345
118000172,107,194,-87
118000173,765,786,-21
118000175,278,350,-72
118000176,237,434,-197
118000177,187,480,-293
118000178,40,40,0
118000179,922,1211,-289
118000180,716,544,172
118000181,623,230,393
118000182,251,197,54
118000183,214,200,14
118000184,795,493,302
118000185,910,1043,-133
118000186,639,835,-196
118000187,1251,397,854
118000188,434,84,350
118000189,466,314,152
118000190,8,8,0
118000191,34,10,24
118000192,108,138,-30
118000193,55,274,-219
118000194,936,667,269
118000195,290,854,-564
118000196,168,158,10
118000197,122,116,6
118000198,315,680,-365
118000199,232,231,1
118000200,56,158,-102
118000201,236,375,-139
118000202,38,55,-17
118000203,421,523,-102
118000204,75,413,-338
118000205,205,286,-81
118000206,116,154,-38
118000207,0,35,-35
118000208,1003,1191,-188
118000209,1598,946,652
118000210,63,34,29
118000211,19,31,-12
118000213,421,1065,-644
118000214,249,401,-152
118000215,241,80,161
118000216,1301,1084,217
118000217,15,70,-55
118000218,69,54,15
118000219,290,164,126
118000220,1,29,-28
118000221,250,242,8
118000222,49,6,43
118000223,26,33,-7
118000224,110,52,58
118000225,89,443,-354
118000226,633,121,512
118000227,587,420,167
118000228,81,184,-103
118000229,82,51,31
118000230,93,135,-42
118000231,80,122,-42
118000232,628,419,209
118000233,827,504,323
118000234,321,108,213
118000236,241,172,69
118000237,79,186,-107
118000238,218,117,101
118000239,206,191,15
118000240,192,110,82
118000241,144,85,59
118000242,279,239,40
118000243,185,126,59
118000244,34,73,-39
118000246,0,10,-10
118000255,45,179,-134
118000256,88,157,-69
118000259,3,24,-21
118000260,133,46,87
118000261,22,18,4
118000263,54,89,-35
118000266,104,134,-30
118000267,0,102,-102
118000268,168,1,167
118000270,51,16,35
118000271,200,204,-4
118000272,44,17,27
118000273,117,41,76
118000274,51,227,-176
118000276,401,265,136
118000295,4,81,-77
118000298,92,182,-90
118000299,51,82,-31
118000301,1,60,-59
118000302,70,33,37
118000311,421,47,374
118000312,218,101,117
118000313,27,57,-30
118000314,88,48,40
118000315,33,24,9
118000316,554,287,267
118000325,33,51,-18
118000326,11,29,-18
118000331,18,33,-15
118000332,11,19,-8
118000333,13,56,-43
118000335,322,1,321
118000336,0,155,-155
118000407,105,53,52
118000457,6,31,-25
118000465,1616,2654,-1038
118000480,33,50,-17
118000489,21,267,-246
118000490,18,196,-178
118000492,320,132,188
118000510,47,11,36
118000514,80,229,-149
118000515,518,486,32
118000517,217,133,84
118000524,205,233,-28
118000525,428,458,-30
118000530,10,77,-67
118000531,280,251,29
118000532,148,162,-14
118000533,205,105,100
118000534,356,299,57
118000535,212,102,110
118000536,306,910,-604
118000537,9,101,-92
118000538,30,45,-15
118000539,12,77,-65
118000540,161,75,86
118000541,121,65,56
118000542,79,130,-51
118000543,138,128,10
118000546,36,16,20
118000553,0,7,-7
118000560,1217,1531,-314
118000562,16,96,-80
118000563,1049,966,83
118000576,141,75,66
118000577,215,174,41
118000578,114,44,70
118000579,490,941,-451
118000583,0,0,0
118000595,208,71,137
118000596,0,69,-69
118000597,194,141,53
118000598,3,1,2
118000599,46,53,-7
118000600,5,5,0
118000601,3,0,3
118000602,0,4,-4
118000603,0,23,-23
118000605,81,137,-56
118000606,23,25,-2
118900001,351,887,-536
118900002,514,614,-100
118900003,247,5,242
118900004,57,20,37
118900005,57,5,52
118900006,70,0,70
118900007,7,3,4
118900008,1111,45,1066
118900009,44,35,9
118900010,44,5,39
118900011,114,16,98
118900012,312,158,154
118900013,355,82,273
118900015,155,30,125
118900016,7,7,0
118900017,201,284,-83
118900018,590,23,567
118900019,34,19,15
118900020,125,115,10
118900021,110,244,-134
118900022,93,94,-1
118900023,126,89,37
118900024,58,92,-34
118900025,35,36,-1
118900026,53,65,-12
118900027,332,155,177
118900028,103,102,1
118900029,205,272,-67
118900030,291,27,264
118900031,156,63,93
118900032,200,148,52
118900033,264,304,-40
118900034,88,25,63
118900035,89,115,-26
118900036,988,454,534
118900037,295,188,107
118900038,358,91,267
118900039,384,112,272
118900040,137,127,10
118900041,383,110,273
118900042,159,65,94
118900045,196,147,49
118900046,662,322,340
118900047,247,218,29
118900048,103,148,-45
118900049,40,35,5
118900050,24,46,-22
118900051,87,119,-32
118900052,177,127,50
118900053,31,80,-49
118900054,120,46,74
118900055,105,57,48
118900056,18,242,-224
118900057,518,326,192
118900058,287,203,84
118900059,12,52,-40
118900060,58,95,-37
118900062,238,183,55
118900064,320,395,-75
118900065,60,87,-27
118900066,62,60,2
118900067,2353,2648,-295
118900068,4,143,-139
118900069,342,191,151
118900071,4,54,-50
118900072,330,234,96
118900073,156,76,80
118900074,92,98,-6
118900075,57,34,23
118900076,142,71,71
118900077,147,133,14
118900078,28,3,25
118900079,48,117,-69
118900080,22,66,-44
118900081,47,31,16
118900082,750,102,648
118900083,27,3,24
118900084,26,13,13
118900085,463,519,-56
118900086,20,62,-42
118900087,31,197,-166
118900088,0,8,-8
118900089,19,17,2
118900090,397,244,153
118900091,108,120,-12
118900092,119,49,70
118900093,103,11,92
118900096,131,138,-7
118900097,221,275,-54
118900099,57,155,-98
118900100,105,156,-51
118900101,43,162,-119
118900102,15,85,-70
118900103,25,58,-33
118900104,100,42,58
118900105,119,71,48
118900107,68,40,28
118900108,75,77,-2
118900110,928,637,291
118900111,320,269,51
118900112,87,155,-68
118900113,93,182,-89
118900114,11,58,-47
118900115,73,210,-137
118900116,118,174,-56
118900117,103,156,-53
118900118,201,200,1
118900119,168,142,26
118900120,52,225,-173
118900121,8,120,-112
118900122,10,709,-699
118900123,117,139,-22
118900124,71,122,-51
118900126,11,232,-221
118900129,222,151,71
118900130,39,202,-163
118900131,111,118,-7
118900132,216,161,55
118900133,9,81,-72
118900135,142,140,2
118900136,161,268,-107
118900137,4,39,-35
118900139,174,148,26
118900140,307,292,15
118900141,62,78,-16
118900144,112,221,-109
118900145,54,76,-22
118900146,250,452,-202
118900147,149,126,23
118900148,52,16,36
118900150,130,346,-216
118900152,377,468,-91
118900157,48,104,-56
118900158,72,46,26
118900159,1,94,-93
118900161,61,7,54
118900163,95,63,32
118900164,3,88,-85
118900165,28,87,-59
118900166,24,1,23
118900167,63,66,-3
118900168,10,65,-55
118900169,114,114,0
118900170,119,58,61
118900171,18,21,-3
118900174,51,53,-2
118900175,351,358,-7
118900176,140,182,-42
118900177,60,23,37
118900178,25,59,-34
118900179,2,8,-6
118900181,60,63,-3
118900182,34,25,9
118900183,41,62,-21
118900184,246,50,196
118900185,150,83,67
118900186,73,71,2
118900187,149,208,-59
118900188,209,148,61
118900189,28,626,-598
118900190,17,153,-136
118900191,205,32,173
118900192,148,10,138
118900193,421,4,417
118900195,179,298,-119
118900196,47,63,-16
118900197,114,24,90
118900198,20,8,12
118900199,63,17,46
118900200,16,9,7
118900201,18,17,1
118900202,3,40,-37
118900203,4,6,-2
118900204,7,10,-3
118900205,1,5,-4
118900206,3,15,-12
119000001,1029,1105,-76
119000002,2993,1919,1074
119000003,2063,714,1349
119000004,1799,926,873
119000005,1362,1343,19
119000006,2447,1267,1180
119000007,2485,2457,28
119000008,1297,1253,44
119000009,2865,3689,-824
119000010,4154,3248,906
119000011,2300,2139,161
119000012,1755,2182,-427
119000013,2135,1357,778
119000014,1163,1726,-563
119000019,219,95,124
119000020,1682,1190,492
119000021,2877,1568,1309
119000022,1215,1779,-564
119000023,225,220,5
119000024,1199,8216,-7017
119000025,3321,795,2526
119000026,69,262,-193
119000027,163,248,-85
119000028,1119,532,587
119000029,87,228,-141
119000030,432,668,-236
119000031,574,506,68
119000032,1421,1524,-103
119000033,1623,876,747
119000034,691,549,142
119000035,23,197,-174
119000036,1486,579,907
119000037,969,950,19
119000038,300,589,-289
119000039,345,221,124
119000040,533,441,92
119000041,465,787,-322
119000048,2229,1859,370
119000049,1512,1370,142
119000050,1164,1115,49
119000051,1580,734,846
119000052,1111,1750,-639
119000053,1561,825,736
119000054,2586,1766,820
119000055,3759,2165,1594
119000056,2254,1410,844
119000057,1232,1191,41
119000058,1382,1132,250
119000059,947,948,-1
119000060,1124,772,352
119000061,844,534,310
119000062,898,941,-43
119000063,407,334,73
119000064,667,710,-43
119000065,1384,2114,-730
119000066,1559,838,721
119000067,1382,1407,-25
119000068,1370,736,634
119000069,1271,1481,-210
119000070,2037,672,1365
119000071,494,461,33
119000072,3007,1981,1026
119000073,3061,5147,-2086
119000074,1071,1478,-407
119000075,1914,1613,301
119000076,265,912,-647
119000077,430,474,-44
119000078,282,272,10
119000079,147,561,-414
119000080,201,33,168
119000081,234,406,-172
119000082,618,190,428
119000083,463,257,206
119000084,240,385,-145
119000085,589,181,408
119000086,273,325,-52
119000087,1300,605,695
119000088,294,254,40
119000090,117,95,22
119000091,94,220,-126
119000092,371,161,210
119000093,2439,1633,806
119000094,2564,3745,-1181
119000095,1361,1696,-335
119000097,1467,768,699
119000098,810,2195,-1385
119000099,2011,888,1123
119000100,2791,2292,499
119000101,2650,1195,1455
119000102,528,818,-290
119000103,1038,393,645
119000104,1428,764,664
119000105,764,1658,-894
119000106,259,683,-424
119000107,849,393,456
119000108,259,559,-300
119000109,76,452,-376
119000110,292,366,-74
119000111,23,487,-464
119000112,106,68,38
119000113,1365,257,1108
119000114,733,745,-12
119000115,156,116,40
119000116,58,57,1
119000117,123,237,-114
119000118,3,0,3
119000123,2418,1302,1116
119000124,649,133,516
119000125,3090,454,2636
119000126,977,489,488
119000127,406,316,90
119000128,13,0,13
119000131,734,380,354
119000132,0,1,-1
119000133,3,1,2
119000134,1202,386,816
119000135,135,165,-30
119000136,145,155,-10
119000137,177,185,-8
119000138,426,149,277
119000139,196,120,76
119000140,184,246,-62
119000284,907,1857,-950
119000285,1440,1357,83
119000286,5227,3282,1945
119000287,1035,1398,-363
119000288,1367,756,611
119000289,1116,1564,-448
119000290,133,247,-114
119000291,7,173,-166
119000293,198,227,-29
119000294,52,45,7
119000295,849,238,611
119000296,465,253,212
119000302,1390,822,568
119000303,114,64,50
119000310,0,1,-1
119000314,1020,7407,-6387
119000315,1,206,-205
119000316,147,68,79
119000317,77,163,-86
119000319,209,95,114
119900001,156,929,-773
119900002,95,195,-100
119900003,31,523,-492
119900004,304,975,-671
119900005,193,59,134
119900006,128,235,-107
119900007,1217,212,1005
119900008,67,23,44
119900009,553,531,22
119900010,562,847,-285
119900011,29,88,-59
119900012,12,65,-53
119900013,1622,909,713
119900014,349,110,239
119900015,94,28,66
119900016,22,54,-32
119900017,45,44,1
119900018,1268,678,590
119900019,39,5,34
119900020,124,158,-34
119900021,163,48,115
119900022,78,560,-482
119900023,363,1275,-912
119900025,185,18,167
119900026,517,105,412
119900027,34,26,8
119900028,197,99,98
119900029,9,4,5
119900030,473,332,141
119900031,34,360,-326
119900033,1255,234,1021
119900034,337,77,260
119900037,204,26,178
119900038,26,218,-192
119900039,35,4,31
119900040,163,16,147
119900041,72,17,55
119900042,87,306,-219
119900043,85,108,-23
119900044,129,560,-431
119900046,113,46,67
119900047,228,67,161
119900048,175,60,115
119900049,148,6,142
119900050,57,56,1
119900051,800,21,779
119900052,51,34,17
119900053,167,124,43
119900054,82,1,81
119900055,962,381,581
119900057,226,85,141
119900058,219,2,217
119900059,81,41,40
119900060,208,13,195
119900061,222,17,205
119900062,63,21,42
119900063,5,39,-34
119900065,161,7,154
119900067,74,21,53
119900068,353,3,350
119900069,111,11,100
119900070,692,5,687
119900071,442,22,420
119900073,1559,440,1119
119900074,21,44,-23
119900075,2805,1710,1095
119900076,776,269,507
119900077,599,496,103
119900078,517,695,-178
119900079,381,109,272
119900080,248,218,30
119900081,500,111,389
119900082,1409,303,1106
119900083,242,67,175
119900084,404,200,204
119900085,43,58,-15
119900086,427,703,-276
119900087,348,233,115
119900088,53,24,29
119900089,29,318,-289
119900090,92,36,56
119900091,56,624,-568
119900092,156,356,-200
119900093,711,127,584
119900094,57,196,-139
119900095,162,81,81
119900096,47,92,-45
119900097,370,128,242
119900098,38,26,12
119900099,25,145,-120
119900100,1330,1855,-525
119900101,162,1084,-922
119900102,36,176,-140
119900103,45,240,-195
119900104,25,113,-88
119900105,543,1869,-1326
119900106,9,95,-86
119900107,235,1457,-1222
119900108,2223,473,1750
119900109,17,87,-70
119900110,702,339,363
119900111,80,230,-150
119900112,812,377,435
119900113,55,171,-116
119900114,187,612,-425
119900115,248,701,-453
119900116,94,256,-162
119900117,247,388,-141
119900118,83,527,-444
119900119,213,132,81
119900120,515,326,189
119900121,300,472,-172
119900122,503,318,185
119900123,108,209,-101
119900124,159,436,-277
119900125,39,194,-155
119900126,2272,197,2075
119900127,1581,810,771
119900128,321,421,-100
119900129,149,261,-112
119900130,10,163,-153
119900131,24,160,-136
119900132,0,146,-146
119900133,31,59,-28
119900134,766,146,620
119900135,0,238,-238
119900136,161,222,-61
119900138,251,356,-105
119900139,22,90,-68
119900140,2,80,-78
119900141,71,512,-441
119900142,1,27,-26
119900143,31,160,-129
119900144,925,150,775
119900145,77,78,-1
119900146,126,123,3
119900147,3,105,-102
119900148,171,69,102
119900149,637,3063,-2426
119900150,97,105,-8
119900151,970,433,537
119900152,94,171,-77
119900153,148,92,56
119900154,9,329,-320
119900155,30,28,2
119900156,13,5,8
119900157,110,119,-9
119900158,136,60,76
119900159,1,790,-789
119900160,20,80,-60
119900161,146,102,44
119900162,697,682,15
119900163,53,100,-47
119900164,0,2,-2
119900165,112,100,12
119900166,61,42,19
119900167,85,59,26
119900168,786,349,437
119900169,58,241,-183
119900170,128,253,-125
119900171,679,235,444
119900172,122,20,102
119900173,10,241,-231
119900174,6,107,-101
119900175,1066,452,614
119900177,18,137,-119
119900178,3,113,-110
119900179,89,444,-355
119900180,749,779,-30
119900181,77,125,-48
119900182,1,205,-204
119900183,112,424,-312
119900184,1321,358,963
119900185,47,144,-97
119900186,33,661,-628
119900187,7,222,-215
119900188,93,244,-151
119900189,298,349,-51
119900190,48,233,-185
119900191,148,111,37
119900192,36,105,-69
119900193,238,136,102
119900194,32,77,-45
119900195,65,161,-96
119900196,687,249,438
119900197,170,125,45
119900198,221,250,-29
119900199,120,12,108
119900200,533,496,37
119900201,203,96,107
119900202,55,188,-133
119900203,125,397,-272
119900204,222,210,12
119900205,613,371,242
119900206,150,119,31
119900208,112,123,-11
119900209,393,983,-590
119900210,28,18,10
119900211,48,3,45
119900212,127,191,-64
119900213,6,62,-56
119900214,33,84,-51
119900215,55,69,-14
119900216,17,40,-23
119900217,14,67,-53
119900218,23,53,-30
119900219,10,62,-52
119900220,0,82,-82
119900221,15,190,-175
119900222,13,126,-113
119900223,33,30,3
119900224,16,13,3
119900225,650,44,606
119900226,302,1297,-995
119900227,638,194,444
119900228,34,197,-163
119900229,302,257,45
119900230,816,338,478
119900231,205,104,101
119900232,138,108,30
119900233,34,3,31
119900234,14,33,-19
119900235,2,25,-23
119900236,15,128,-113
119900237,28,234,-206
119900238,5,43,-38
119900240,62,115,-53
119900241,132,171,-39
119900242,750,922,-172
119900244,406,841,-435
119900245,70,110,-40
119900246,276,549,-273
119900247,27,107,-80
119900248,80,174,-94
119900249,163,70,93
119900253,1393,281,1112
119900254,70,526,-456
119900255,107,562,-455
119900256,525,553,-28
119900257,61,2,59
119900258,108,9,99
119900259,24,103,-79
119900260,111,8,103
119900261,257,260,-3
119900262,2,139,-137
119900263,994,293,701
119900264,94,106,-12
119900265,459,279,180
119900266,246,182,64
119900267,166,249,-83
119900268,113,74,39
119900269,892,652,240
119900271,19,73,-54
119900272,217,114,103
119900275,118,29,89
119900276,55,2,53
119900277,16,10,6
119900278,96,80,16
119900279,66,201,-135
119900280,469,99,370
119900281,2,204,-202
119900282,40,94,-54
119900283,22,132,-110
119900284,19,154,-135
119900285,34,62,-28
119900286,7,11,-4
119900288,0,9,-9
119900289,3,16,-13
119900290,5,17,-12
119900291,0,48,-48
119900292,25,39,-14
119900293,29,71,-42
119900294,31,40,-9
119900295,34,34,0
119900296,40,125,-85
119900297,1,26,-25
119900298,0,8,-8
119900299,63,91,-28
119900300,153,89,64
119900301,30,24,6
119900302,15,22,-7
119900303,149,105,44
119900304,191,20,171
119900305,5,72,-67
119900306,15,1,14
119900307,27,45,-18
119900308,5,7,-2
119900309,41,153,-112
119900310,203,170,33
119900311,116,56,60
119900312,86,71,15
119900313,188,173,15
119900314,139,310,-171
119900315,1009,1105,-96
119900318,22,27,-5
119900319,104,144,-40
119900320,128,241,-113
119900321,64,5,59
120000001,3931,11872,-7941
120000002,2028,1861,167
120000003,2324,1211,1113
120000004,1929,1310,619
120000005,2548,1373,1175
120000006,940,935,5
120000007,2350,2242,108
120000008,782,853,-71
120000009,1495,768,727
120000010,1478,1650,-172
120000011,824,924,-100
120000012,1260,1585,-325
120000013,2529,1936,593
120000014,637,961,-324
120000015,1891,1029,862
120000016,2881,1676,1205
120000017,2304,1869,435
120000018,2720,8980,-6260
120000019,937,1222,-285
120000020,2675,2572,103
120000021,1650,1680,-30
120000022,2085,2817,-732
120000023,1028,1312,-284
120000024,1084,2105,-1021
120000025,2154,1541,613
120000026,1827,1408,419
120000027,1808,1768,40
120000028,586,1930,-1344
120000029,1334,878,456
120000030,170,671,-501
120000031,1402,4000,-2598
120000032,5327,2611,2716
120000033,4353,1373,2980
120000034,1730,1285,445
120000035,1837,1374,463
120000036,2652,3569,-917
120000037,584,1066,-482
120000038,3442,2573,869
120000039,540,721,-181
120000040,57,473,-416
120000041,1004,1001,3
120000042,1533,1448,85
120000043,3623,1011,2612
120000044,4172,1138,3034
120000045,4815,845,3970
120000046,2982,2010,972
120000047,598,3750,-3152
120000048,4514,2957,1557
120000049,2532,2106,426
120000050,2608,2610,-2
120000051,2243,2676,-433
120000052,5401,1589,3812
120000053,1270,1568,-298
120000054,1245,2450,-1205
120000055,1722,2987,-1265
120000056,3458,2526,932
120000057,2766,1001,1765
120000058,2298,1419,879
120000059,4,1455,-1451
120000061,94,446,-352
120000062,159,267,-108
120000063,1181,1561,-380
120000064,253,760,-507
120000065,379,973,-594
120000066,281,444,-163
120000067,49,385,-336
120000068,183,662,-479
120000069,533,666,-133
120000070,77,416,-339
120000071,423,109,314
120000072,612,416,196
120000073,739,67,672
120000074,180,59,121
120000075,763,179,584
120000076,1745,311,1434
120000077,1738,518,1220
120000078,2418,1005,1413
120000079,395,304,91
120000080,267,223,44
120000081,387,144,243
120000082,365,217,148
120000083,109,588,-479
120000084,278,277,1
120000085,231,258,-27
120000086,274,423,-149
120000087,208,410,-202
120000088,665,798,-133
120000089,934,381,553
120000090,598,398,200
120000091,708,641,67
120000092,1040,402,638
120000093,384,299,85
120000094,146,594,-448
120000095,933,360,573
120000096,250,487,-237
120000098,482,493,-11
120000099,224,517,-293
120000100,628,685,-57
120000101,617,387,230
120000102,501,778,-277
120000103,1262,706,556
120000104,1494,386,1108
120000105,2629,622,2007
120000106,2058,489,1569
120000107,3405,461,2944
120000108,1332,140,1192
120000109,999,86,913
120000110,70,742,-672
120000111,150,770,-620
120000112,698,1615,-917
120000113,601,1247,-646
120000114,971,1704,-733
120000115,271,1470,-1199
120000116,555,1284,-729
120000117,761,846,-85
120000118,70,45,25
120000119,32,46,-14
120000120,73,44,29
120000121,48,54,-6
120000122,209,160,49
120000123,2426,4949,-2523
120000124,365,459,-94
120000125,549,451,98
120000126,272,637,-365
120000127,1317,727,590
120000128,2218,2912,-694
120000129,225,289,-64
120000130,737,490,247
120000131,399,498,-99
120000134,330,673,-343
120000135,439,382,57
120000137,207,677,-470
120000138,806,322,484
120000139,287,385,-98
120000140,739,322,417
120000141,826,506,320
120000142,1011,501,510
120000143,2,77,-75
120000144,81,4,77
120000145,349,1,348
120000146,812,686,126
120000149,524,767,-243
120000150,1905,7964,-6059
120000151,361,261,100
120000152,473,123,350
120000153,152,286,-134
120000154,371,349,22
120000155,171,327,-156
120000156,581,1149,-568
120000157,714,392,322
120000158,600,552,48
120000159,1754,1523,231
120000160,2045,1170,875
120000161,1952,1656,296
120000162,63,226,-163
120000163,646,962,-316
120000164,499,281,218
120000165,528,501,27
120000166,1210,388,822
120000167,101,121,-20
120000168,8,338,-330
120000169,23,1138,-1115
120000170,27,1061,-1034
120000171,22,345,-323
120000172,39,362,-323
120000173,1184,1466,-282
120000174,148,40,108
120000175,142,32,110
120000176,132,25,107
120000177,744,89,655
120000178,33,18,15
120000179,113,43,70
120000180,255,69,186
120000181,63,887,-824
120000182,76,460,-384
120000183,3,295,-292
120000184,147,776,-629
120000186,20,544,-524
120000187,19,248,-229
120000188,70,375,-305
120000190,411,51,360
120000191,348,69,279
120000192,321,14,307
120000193,89,10,79
120000195,20,3,17
120000196,106,19,87
120000197,25,52,-27
120000198,153,40,113
120000199,120,0,120
120000200,88,1,87
120000201,13,27,-14
120000202,2,35,-33
120000203,56,92,-36
120000207,0,62,-62
120000208,7,153,-146
120000209,12,69,-57
120000210,289,316,-27
120000211,102,7,95
120000212,91,0,91
120000213,86,111,-25
120000214,0,107,-107
120000215,2,71,-69
120000216,58,8,50
120000217,530,697,-167
120000218,130,490,-360
120000219,4,275,-271
120000220,4,918,-914
120000225,1444,0,1444
120000226,391,5,386
120000227,780,58,722
120000228,7737,2445,5292
120000230,328,5,323
120000231,1066,1536,-470
120000233,325,16,309
120000235,217,505,-288
120000236,908,2,906
120000237,1,683,-682
120000238,2,797,-795
120000241,951,2599,-1648
120000412,531,11,520
120000413,255,133,122
120000414,118,3,115
120000415,2,62,-60
120000416,170,2,168
120000417,14,91,-77
120000418,186,17,169
120000419,14,164,-150
120000420,191,66,125
120000421,5929,3768,2161
120000422,88,942,-854
120000423,0,45,-45
120000424,59,61,-2
120000436,133,535,-402
120000437,123,70,53
120000438,1668,155,1513
120000439,262,451,-189
120000443,174,0,174
120000444,1142,351,791
120000445,1315,812,503
120000446,557,274,283
120000447,194,0,194
120000449,130,8,122
120000450,6,133,-127
120000451,102,163,-61
120000452,68,0,68
120000453,0,116,-116
120000454,86,133,-47
120000455,64,26,38
120000456,1959,2800,-841
120000457,635,307,328
120000458,381,463,-82
120000459,78,67,11
120000665,472,216,256
120000668,103,851,-748
120000669,90,161,-71
120000670,122,818,-696
120000671,1044,379,665
120000672,85,482,-397
120900001,76,127,-51
120900002,238,367,-129
120900003,139,29,110
120900004,19,60,-41
120900005,25,675,-650
120900006,397,200,197
120900007,124,66,58
120900008,422,1151,-729
120900009,527,38,489
120900010,393,86,307
120900011,173,158,15
120900012,110,823,-713
120900013,243,91,152
120900014,8,349,-341
120900015,675,77,598
120900016,768,63,705
120900017,1602,103,1499
120900018,84,295,-211
120900019,482,396,86
120900020,691,1052,-361
120900021,664,174,490
120900022,36,190,-154
120900023,249,43,206
120900024,1508,382,1126
120900025,1161,705,456
120900026,185,136,49
120900027,834,30,804
120900028,390,111,279
120900029,149,465,-316
120900030,1180,665,515
120900031,228,75,153
120900032,950,88,862
120900033,866,62,804
120900034,22,1991,-1969
120900035,64,55,9
120900037,194,13,181
120900038,49,247,-198
120900039,107,40,67
120900040,247,7,240
120900041,111,11,100
120900042,447,23,424
120900043,38,41,-3
120900044,13,251,-238
120900045,148,42,106
120900046,481,5,476
120900047,117,115,2
120900048,107,33,74
120900049,423,0,423
120900050,1196,1069,127
120900051,298,92,206
120900052,537,9,528
120900053,331,46,285
120900054,1369,343,1026
120900055,354,1,353
120900056,420,21,399
120900057,148,13,135
120900058,500,1,499
120900059,78,2,76
120900060,81,25,56
120900061,200,145,55
120900062,206,2,204
120900063,548,6,542
120900064,553,0,553
120900065,435,7,428
120900066,379,203,176
120900067,197,108,89
120900068,209,1,208
120900069,209,37,172
120900071,48,0,48
120900072,618,2,616
120900073,539,118,421
120900074,357,7,350
120900076,323,0,323
120900077,1506,187,1319
120900078,737,458,279
120900079,706,66,640
120900080,745,1091,-346
120900081,981,460,521
120900082,407,311,96
120900083,88,3,85
120900084,343,336,7
120900085,50,94,-44
120900086,61,232,-171
120900087,415,394,21
120900088,137,297,-160
120900089,1951,2322,-371
120900090,254,58,196
120900091,664,734,-70
120900092,1119,289,830
120900093,1469,127,1342
120900094,388,115,273
120900095,238,22,216
120900096,53,147,-94
120900097,514,530,-16
120900098,232,115,117
120900099,59,38,21
120900100,66,161,-95
120900101,479,175,304
120900102,36,72,-36
120900103,57,146,-89
120900104,20,29,-9
120900105,43,296,-253
120900106,1136,346,790
120900107,189,93,96
120900108,16,380,-364
120900109,63,424,-361
120900110,8,472,-464
120900111,174,259,-85
120900112,15,551,-536
120900113,15,541,-526
120900114,25,112,-87
120900115,141,205,-64
120900116,378,266,112
120900117,3,358,-355
120900118,10,540,-530
120900119,4937,3176,1761
120900120,48,286,-238
120900121,108,321,-213
120900122,453,286,167
120900123,1,295,-294
120900124,3,413,-410
120900125,3,401,-398
120900126,1482,678,804
120900127,12,309,-297
120900128,1094,969,125
120900129,33,202,-169
120900130,11,449,-438
120900131,135,58,77
120900132,927,157,770
120900133,106,512,-406
120900134,914,340,574
120900135,9,347,-338
120900136,34,46,-12
120900137,183,55,128
120900138,21,124,-103
120900139,0,432,-432
120900140,4,48,-44
120900141,116,188,-72
120900142,16,272,-256
120900143,5,541,-536
120900144,1,65,-64
120900145,90,648,-558
120900146,2,624,-622
120900147,7,352,-345
120900148,122,143,-21
120900149,1,185,-184
120900150,38,430,-392
120900151,2,403,-401
120900152,1,23,-22
120900153,62,107,-45
120900154,0,155,-155
120900155,173,764,-591
120900156,50,307,-257
120900157,71,287,-216
120900158,66,461,-395
120900159,268,368,-100
120900160,20,548,-528
120900161,86,380,-294
120900162,120,510,-390
120900163,140,584,-444
120900164,3,56,-53
120900165,35,194,-159
120900166,26,316,-290
120900167,173,96,77
120900169,77,215,-138
120900170,698,2208,-1510
120900171,694,219,475
120900172,356,1081,-725
120900173,0,46,-46
120900174,8,102,-94
120900175,236,94,142
120900176,23,289,-266
120900177,3,1079,-1076
120900178,1,291,-290
120900179,736,313,423
120900180,52,130,-78
120900181,106,32,74
120900182,31,285,-254
120900183,567,89,478
120900184,303,40,263
120900185,11,278,-267
120900186,0,331,-331
120900187,394,775,-381
120900188,222,11,211
120900189,108,1219,-1111
120900190,125,5,120
120900191,7,15,-8
120900192,5449,6204,-755
120900194,75,46,29
120900195,80,146,-66
120900196,651,32,619
120900197,517,158,359
120900198,195,388,-193
120900199,317,377,-60
120900200,44,92,-48
120900201,362,112,250
120900202,2,78,-76
120900203,27,84,-57
120900204,108,159,-51
120900205,52,35,17
120900206,33,51,-18
120900207,92,689,-597
121000001,503,679,-176
121000002,1522,1002,520
121000003,2147,1159,988
121000004,1523,2216,-693
121000005,1202,1804,-602
121000006,2138,1413,725
121000007,1594,2096,-502
121000008,3303,2513,790
121000009,3235,3642,-407
121000010,4952,3680,1272
121000011,4829,6981,-2152
121000012,9268,6296,2972
121000013,3510,4370,-860
121000014,4520,3669,851
121000015,2577,5071,-2494
121000016,3037,2236,801
121000017,1611,2607,-996
121000018,1833,1010,823
121000019,9299,8166,1133
121000020,9373,11876,-2503
121000021,1897,1965,-68
121000022,1662,2393,-731
121000023,2354,1724,630
121000024,3349,3439,-90
121000025,408,1017,-609
121000026,375,135,240
121000027,1132,851,281
121000028,726,315,411
121000029,614,510,104
121000030,394,260,134
121000031,477,396,81
121000032,168,89,79
121000034,249,193,56
121000035,130,181,-51
121000036,683,643,40
121000037,376,426,-50
121000038,318,610,-292
121000039,263,252,11
121000041,356,277,79
121000042,207,264,-57
121000043,489,457,32
121000044,963,630,333
121000045,265,186,79
121000046,442,573,-131
121000047,127,179,-52
121000049,845,406,439
121000050,226,871,-645
121000051,425,177,248
121000052,291,410,-119
121000053,236,117,119
121000054,43,271,-228
121000055,746,903,-157
121000056,622,707,-85
121000057,174,326,-152
121000058,309,144,165
121000059,1462,740,722
121000060,410,777,-367
121000061,55,206,-151
121000062,96,266,-170
121000063,741,725,16
121000064,629,637,-8
121000065,244,316,-72
121000066,541,362,179
121000067,370,385,-15
121000068,421,274,147
121000069,226,444,-218
121000070,1397,916,481
121000071,1161,896,265
121000072,755,458,297
121000073,635,689,-54
121000074,66,127,-61
121000075,23,96,-73
121000076,419,203,216
121000077,99,119,-20
121000078,136,138,-2
121000080,1287,419,868
121000081,1552,2178,-626
121000082,70,234,-164
121000083,118,84,34
121000084,136,163,-27
121000085,278,304,-26
121000086,242,450,-208
121000087,70,171,-101
121000088,230,358,-128
121000089,201,262,-61
121000090,288,327,-39
121000091,825,643,182
121000092,125,68,57
121000093,146,167,-21
121000094,350,517,-167
121000095,256,456,-200
121000096,1948,1499,449
121000097,693,1600,-907
121000098,396,619,-223
121000099,574,523,51
121000100,660,274,386
121000101,314,206,108
121000102,255,178,77
121000103,138,194,-56
121000104,190,106,84
121000105,323,131,192
121000106,237,255,-18
121000107,1370,2001,-631
121000109,809,798,11
121000110,200,552,-352
121000114,2175,1643,532
121000115,768,486,282
121000116,218,578,-360
121000117,498,193,305
121000118,993,186,807
121000119,787,466,321
121000120,222,486,-264
121000121,386,939,-553
121000123,850,547,303
121000127,84,72,12
121000128,748,237,511
121000129,1071,400,671
121000130,497,533,-36
121000131,1557,1376,181
121000132,1113,1775,-662
121000135,210,307,-97
121000136,777,684,93
121000137,289,237,52
121000138,637,815,-178
121000139,353,277,76
121000141,162,87,75
121000142,459,665,-206
121000143,108,22,86
121000144,553,1296,-743
121000145,439,707,-268
121000146,991,839,152
121000147,712,323,389
121000148,743,784,-41
121000149,1497,1033,464
121000152,294,361,-67
121000153,1163,406,757
121000154,902,341,561
121000155,1015,804,211
121000156,364,658,-294
121000157,708,957,-249
121000158,298,303,-5
121000159,150,311,-161
121000160,234,253,-19
121000161,171,223,-52
121000162,90,91,-1
121000165,935,1551,-616
121000166,17,335,-318
121000168,287,189,98
121000169,41,103,-62
121000170,202,68,134
121000171,30,114,-84
121000172,632,455,177
121000173,878,824,54
121000174,314,294,20
121000175,795,266,529
121000176,273,158,115
121000177,559,426,133
121000178,90,49,41
121000179,89,38,51
121000181,489,258,231
121000182,69,199,-130
121000183,71,98,-27
121000184,51,117,-66
121000185,34,193,-159
121000186,213,325,-112
121000187,127,118,9
121000188,140,110,30
121000192,742,320,422
121000193,537,338,199
121000194,1569,1388,181
121000195,192,674,-482
121000196,399,149,250
121000197,125,401,-276
121000198,141,87,54
121000199,95,183,-88
121000200,420,73,347
121000201,6,175,-169
121000202,517,71,446
121000203,704,1298,-594
121000204,2198,505,1693
121000205,66,157,-91
121000206,86,35,51
121000207,1513,272,1241
121000208,1,204,-203
121000209,339,138,201
121000210,510,294,216
121000211,242,92,150
121000212,374,390,-16
121000213,6622,1939,4683
121000214,527,1275,-748
121000215,701,623,78
121000216,389,470,-81
121000217,2558,2213,345
121000218,352,1144,-792
121000219,1009,413,596
121000220,107,38,69
121000221,104,211,-107
121000222,1867,1643,224
121000223,316,334,-18
121000224,235,279,-44
121000225,858,2010,-1152
121000226,1744,995,749
121000227,1,52,-51
121000228,12,354,-342
121000229,222,247,-25
121000230,54,1048,-994
121000231,847,32,815
121000232,278,212,66
121000233,509,261,248
121000234,25,45,-20
121000235,73,82,-9
121000236,6,64,-58
121000237,46,19,27
121000238,9,78,-69
121000239,53,1,52
121000240,9,140,-131
121000241,81,20,61
121000242,73,550,-477
121000243,456,117,339
121000244,16,108,-92
121000245,94,21,73
121000246,3,81,-78
121000247,93,6,87
121000248,627,660,-33
121000249,74,158,-84
121000250,335,219,116
121000251,18,252,-234
121000252,91,50,41
121000253,231,233,-2
121000254,510,185,325
121000255,73,213,-140
121000256,173,191,-18
121000257,44,99,-55
121000258,108,71,37
121000259,33,44,-11
121000260,36,65,-29
121000261,65,67,-2
121000262,679,347,332
121000263,360,315,45
121000271,224,948,-724
121000273,30,7,23
121000274,8,50,-42
121000275,6,42,-36
121000276,1,44,-43
121000278,44,22,22
121000279,27,26,1
121000280,21,32,-11
121000289,91,4,87
121000290,810,687,123
121000294,141,81,60
121000297,507,851,-344
121000299,183,499,-316
121000300,485,374,111
121000302,23,667,-644
121000303,425,238,187
121000304,370,45,325
121000305,157,33,124
121000306,94,110,-16
121000308,113,206,-93
121000309,230,365,-135
121000310,111,173,-62
121000311,58,472,-414
121000312,212,188,24
121000313,203,301,-98
121000314,78,107,-29
121000315,25,82,-57
121000530,1219,981,238
121000531,1251,1123,128
121000532,5060,5882,-822
121000533,2367,2374,-7
121000918,34,68,-34
121000919,56,83,-27
121000938,66,122,-56
121000939,106,130,-24
121000956,1163,770,393
121000957,4,8,-4
121000958,12,21,-9
121000959,580,491,89
121000960,1074,1271,-197
121000961,200,66,134
121000962,352,450,-98
121000963,0,0,0
121000973,0,113,-113
121000976,10,139,-129
121000979,401,99,302
121000981,296,99,197
121000982,334,140,194
121000983,372,185,187
121000984,11,85,-74
121000985,481,330,151
121000986,207,108,99
121000987,211,578,-367
121000988,691,90,601
121001302,142,66,76
121001308,1,13,-12
121001309,34,102,-68
121001313,129,115,14
121001314,1353,1817,-464
121001315,3826,2095,1731
121001326,287,292,-5
121900001,76,126,-50
121900002,28,34,-6
121900003,275,2,273
121900004,61,254,-193
121900005,23,4,19
121900006,72,13,59
121900007,1305,1218,87
121900008,144,105,39
121900009,381,18,363
121900010,163,1,162
121900011,93,158,-65
121900012,11,0,11
121900013,892,101,791
121900014,850,246,604
121900015,168,112,56
121900016,2,33,-31
121900017,415,285,130
121900018,248,4,244
121900019,308,169,139
121900020,44,0,44
121900021,668,16,652
121900022,249,187,62
121900023,87,198,-111
121900024,235,119,116
121900025,453,348,105
121900026,233,19,214
121900027,199,105,94
121900028,175,9,166
121900029,65,159,-94
121900030,333,346,-13
121900031,625,4351,-3726
121900032,75,57,18
121900033,163,206,-43
121900034,227,53,174
121900035,1783,1411,372
121900036,50,209,-159
121900037,98,750,-652
121900038,25,77,-52
121900039,275,38,237
121900040,52,107,-55
121900041,92,193,-101
121900042,256,87,169
121900043,4,10,-6
121900044,85,47,38
121900046,147,159,-12
121900047,131,47,84
121900048,23,72,-49
121900050,21,61,-40
121900051,139,160,-21
121900052,113,22,91
121900053,291,185,106
121900054,336,663,-327
121900055,0,10,-10
121900058,134,107,27
121900059,267,118,149
121900060,119,323,-204
121900062,89,73,16
121900063,1116,331,785
121900064,135,400,-265
121900066,61,22,39
121900067,26,24,2
121900069,143,73,70
121900070,129,96,33
121900071,242,138,104
121900072,35,132,-97
121900073,202,194,8
121900074,486,754,-268
121900075,332,381,-49
121900076,256,561,-305
121900078,50,20,30
121900079,1,0,1
121900080,444,235,209
121900082,68,86,-18
121900084,20,93,-73
121900086,11,43,-32
121900087,127,88,39
121900088,1081,1545,-464
121900089,164,195,-31
121900090,26,86,-60
121900091,103,108,-5
121900092,52,78,-26
121900093,68,44,24
121900094,13,7,6
121900095,233,101,132
121900096,801,502,299
121900097,402,119,283
121900098,9,0,9
121900099,200,41,159
121900100,151,334,-183
121900101,95,115,-20
121900102,1,93,-92
121900103,275,218,57
121900104,1083,228,855
121900105,215,143,72
121900106,2,6,-4
121900107,27,10,17
121900108,0,10,-10
121900109,168,171,-3
121900110,416,487,-71
121900111,405,152,253
121900112,101,136,-35
121900113,55,294,-239
121900114,28,56,-28
121900117,58,44,14
121900118,1233,355,878
121900119,160,104,56
121900120,51,786,-735
121900121,279,27,252
121900122,37,30,7
121900123,141,266,-125
121900124,90,123,-33
121900125,649,575,74
121900127,12,54,-42
121900128,60,64,-4
121900129,298,116,182
121900130,70,145,-75
121900131,242,74,168
121900132,34,47,-13
121900133,116,889,-773
121900134,19,109,-90
121900135,2235,255,1980
121900136,259,180,79
121900137,27,236,-209
121900138,56,95,-39
121900139,240,458,-218
121900140,50,104,-54
121900141,57,22,35
121900142,87,56,31
121900143,16,97,-81
121900144,85,184,-99
121900145,169,220,-51
121900146,440,469,-29
121900147,62,129,-67
121900148,144,226,-82
121900149,185,310,-125
121900150,51,115,-64
121900151,59,183,-124
121900152,48,62,-14
121900153,62,453,-391
121900154,5,205,-200
121900155,1,72,-71
121900156,110,91,19
121900157,1,273,-272
121900158,46,83,-37
121900159,0,181,-181
121900160,62,167,-105
121900161,182,229,-47
121900162,67,109,-42
121900163,260,320,-60
121900164,252,141,111
121900165,156,115,41
121900166,136,89,47
121900167,61,55,6
121900168,110,162,-52
121900169,7,125,-118
121900170,0,140,-140
121900171,587,364,223
121900172,382,161,221
121900173,479,167,312
121900174,43,53,-10
121900175,77,130,-53
121900176,419,824,-405
121900177,95,49,46
121900178,27,47,-20
121900179,299,145,154
121900180,1738,3021,-1283
121900182,486,242,244
121900183,497,689,-192
121900184,33,450,-417
121900186,5,233,-228
121900187,17,85,-68
121900188,295,279,16
121900189,15,58,-43
121900190,173,253,-80
121900191,101,204,-103
121900192,210,664,-454
121900193,64,166,-102
121900194,3,114,-111
121900195,40,33,7
121900196,433,540,-107
121900197,243,824,-581
121900198,878,668,210
121900199,3,40,-37
121900200,78,187,-109
121900201,570,497,73
121900202,82,358,-276
121900203,100,532,-432
121900204,469,835,-366
121900205,22,72,-50
121900206,17,24,-7
121900207,66,17,49
121900208,97,168,-71
121900209,45,29,16
121900210,884,634,250
121900211,307,335,-28
121900212,127,86,41
121900213,158,39,119
121900214,10,332,-322
121900215,63,66,-3
121900216,36,123,-87
121900217,142,105,37
121900218,136,269,-133
121900220,98,6,92
121900221,195,350,-155
121900222,131,86,45
121900223,111,26,85
121900224,48,19,29
121900225,50,90,-40
121900226,171,63,108
121900227,164,431,-267
121900228,118,174,-56
121900230,76,98,-22
121900231,150,387,-237
121900232,111,219,-108
121900233,155,130,25
121900234,171,127,44
121900235,318,70,248
121900236,207,106,101
121900237,129,169,-40
121900238,115,178,-63
121900239,108,21,87
121900240,188,94,94
121900241,50,45,5
121900242,0,0,0
121900243,1,2,-1
121900244,6,0,6
121900245,151,53,98
121900246,1721,219,1502
121900248,799,838,-39
121900250,148,228,-80
121900251,340,48,292
121900252,281,87,194
121900253,104,614,-510
121900254,324,204,120
121900255,314,60,254
121900258,2662,1307,1355
121900259,318,423,-105
121900260,56,117,-61
121900261,155,382,-227
121900262,314,608,-294
121900263,202,183,19
121900264,1098,803,295
121900265,208,151,57
121900266,370,102,268
121900267,62,34,28
121900269,133,531,-398
121900270,28,141,-113
121900271,43,96,-53
121900273,329,1223,-894
121900274,226,124,102
121900277,312,786,-474
121900278,74,584,-510
121900279,94,126,-32
121900280,79,210,-131
121900281,130,156,-26
121900284,40,5,35
121900286,93,78,15
121900287,6,41,-35
121900288,3,1,2
121900290,146,265,-119
121900291,236,396,-160
121900292,90,121,-31
121900293,725,1934,-1209
121900294,188,3,185
121900295,101,144,-43
121900296,35,101,-66
121900298,177,637,-460
121900299,0,25,-25
121900300,79,2,77
121900301,96,2,94
121900302,2,50,-48
121900303,264,219,45
121900304,2,12,-10
121900305,2,24,-22
121900306,214,2,212
121900307,103,7,96
121900308,35,192,-157
121900309,4,146,-142
121900310,17,289,-272
121900311,311,8,303
121900312,219,15,204
121900313,288,9,279
121900314,5,42,-37
121900315,5,0,5
121900316,0,13,-13
121900317,15,2,13
121900318,2,28,-26
121900319,16,71,-55
121900320,38,53,-15
121900321,18,0,18
121900322,3,7,-4
121900323,9,18,-9
121900324,0,42,-42
121900325,10,1,9
121900326,2,26,-24
121900327,3,47,-44
121900328,1,19,-18
121900329,1,97,-96
121900330,1,63,-62
121900331,11,4,7
121900332,58,14,44
121900333,19,1,18
121900334,84,44,40
122000001,1220,3625,-2405
122000002,2414,1039,1375
122000003,1143,2010,-867
122000004,1978,1039,939
122000005,1886,1480,406
122000006,1142,785,357
122000007,732,1266,-534
122000008,1679,2974,-1295
122000009,340,311,29
122000010,1609,1850,-241
122000011,2073,1022,1051
122000012,839,1204,-365
122000013,649,816,-167
122000014,1325,827,498
122000015,922,754,168
122000016,440,558,-118
122000017,745,748,-3
122000018,1024,894,130
122000019,608,790,-182
122000020,146,201,-55
122000021,147,279,-132
122000022,870,727,143
122000023,515,962,-447
122000024,457,964,-507
122000025,598,1335,-737
122000026,562,1084,-522
122000027,449,1221,-772
122000028,600,302,298
122000029,321,326,-5
122000031,113,237,-124
122000032,1497,1322,175
122000033,407,1112,-705
122000034,346,395,-49
122000035,193,538,-345
122000036,431,380,51
122000037,263,158,105
122000038,128,238,-110
122000039,121,187,-66
122000040,387,398,-11
122000041,376,429,-53
122000042,270,360,-90
122000043,101,92,9
122000044,132,87,45
122000045,953,446,507
122000046,638,491,147
122000047,142,155,-13
122000048,2441,2869,-428
122000049,3767,2506,1261
122000050,857,628,229
122000051,159,316,-157
122000052,306,389,-83
122000053,178,764,-586
122000054,1510,1355,155
122000055,1584,2542,-958
122000056,3007,2543,464
122000057,2099,2699,-600
122000058,1312,1395,-83
122000059,1412,1831,-419
122000060,338,573,-235
122000061,267,389,-122
122000062,654,308,346
122000063,687,550,137
122000064,2232,2542,-310
122000065,2191,1694,497
122000066,286,355,-69
122000067,1004,853,151
122000068,874,628,246
122000069,819,650,169
122000070,669,932,-263
122000071,1226,667,559
122000072,258,277,-19
122000073,367,768,-401
122000074,1797,1085,712
122000075,569,794,-225
122000076,2386,986,1400
122000077,599,944,-345
122000078,1203,2769,-1566
122000079,547,1019,-472
122000080,469,324,145
122000081,147,170,-23
122000082,406,826,-420
122000083,1186,1043,143
122000084,1051,545,506
122000085,215,564,-349
122000086,1442,3303,-1861
122000087,190,145,45
122000088,156,262,-106
122000089,3062,1482,1580
122000090,123,371,-248
122000091,107,83,24
122000092,54,13,41
122000093,1082,1463,-381
122000094,3106,1634,1472
122000095,986,2094,-1108
122000096,904,990,-86
122000098,1937,1806,131
122000099,1069,561,508
122000100,558,354,204
122000101,256,335,-79
122000102,1295,772,523
122000103,1194,1169,25
122000104,338,158,180
122000105,330,195,135
122000106,297,440,-143
122000107,756,293,463
122000108,318,549,-231
122000109,379,220,159
122000110,311,471,-160
122000111,2122,912,1210
122000112,792,1042,-250
122000113,579,511,68
122000114,1769,1143,626
122000115,1432,884,548
122000116,338,434,-96
122000117,1046,292,754
122000118,457,536,-79
122000119,2038,1605,433
122000120,1098,2595,-1497
122000121,1005,2045,-1040
122000122,481,979,-498
122000123,1194,1167,27
122000124,686,421,265
122000125,400,492,-92
122000126,380,693,-313
122000127,680,816,-136
122000128,310,356,-46
122000129,498,917,-419
122000130,1943,996,947
122000131,835,672,163
122000132,246,355,-109
122000133,673,863,-190
122000134,714,638,76
122000135,525,473,52
122000136,508,393,115
122000137,1092,684,408
122000139,671,2084,-1413
122000140,541,509,32
122000141,2400,600,1800
122000142,147,592,-445
122000143,284,387,-103
122000144,808,699,109
122000145,641,474,167
122000146,522,760,-238
122000147,408,335,73
122000148,1050,1324,-274
122000149,1530,1182,348
122000150,914,717,197
122000151,105,242,-137
122000152,237,267,-30
122000153,266,231,35
122000154,179,186,-7
122000155,1406,1788,-382
122000156,1900,1930,-30
122000157,796,1588,-792
122000158,300,418,-118
122000159,446,1055,-609
122000160,2096,1630,466
122000161,918,779,139
122000162,1287,1313,-26
122000163,192,76,116
122000164,37,101,-64
122000165,606,474,132
122000166,679,863,-184
122000167,204,193,11
122000168,130,381,-251
122000169,331,179,152
122000170,286,202,84
122000171,48,67,-19
122000172,1202,962,240
122000173,1041,1497,-456
122000174,1563,739,824
122000175,359,225,134
122000176,235,559,-324
122000177,1002,1012,-10
122000178,2010,1555,455
122000179,1154,1732,-578
122000180,1090,1042,48
122000181,956,2081,-1125
122000182,1138,966,172
122000183,1271,670,601
122000184,1749,1686,63
122000185,911,1348,-437
122000186,309,568,-259
122000187,1323,699,624
122000188,284,183,101
122000189,133,173,-40
122000190,673,958,-285
122000191,549,435,114
122000192,467,224,243
122000193,309,485,-176
122000194,815,260,555
122000195,127,418,-291
122000196,811,575,236
122000197,412,512,-100
122000198,382,639,-257
122000199,144,174,-30
122000200,622,412,210
122000201,1033,1285,-252
122000202,913,1170,-257
122000203,2053,1104,949
122000204,836,1354,-518
122000205,930,1026,-96
122000206,2027,758,1269
122000207,1395,963,432
122000208,1530,981,549
122000209,1408,315,1093
122000210,1465,1312,153
122000211,901,875,26
122000212,640,413,227
122000213,755,895,-140
122000214,1606,1359,247
122000215,1542,1313,229
122000217,1570,1003,567
122000218,550,60,490
122000219,665,648,17
122000220,261,502,-241
122000221,73,284,-211
122000222,112,50,62
122000223,1004,375,629
122000225,585,232,353
122000226,1094,1207,-113
122000227,169,1567,-1398
122000228,301,332,-31
122000229,30,390,-360
122000230,99,292,-193
122000231,209,458,-249
122000232,460,545,-85
122000233,2,64,-62
122000234,222,35,187
122000235,226,60,166
122000236,1194,135,1059
122000237,64,41,23
122000238,314,386,-72
122000239,409,96,313
122000240,801,322,479
122000241,1311,398,913
122000242,394,65,329
122000243,227,42,185
122000244,56,188,-132
122000245,92,167,-75
122000246,311,161,150
122000247,555,418,137
122000248,665,852,-187
122000249,1092,701,391
122000250,1431,799,632
122000251,187,231,-44
122000252,356,89,267
122000253,111,310,-199
122000254,222,63,159
122000255,485,871,-386
122000256,283,487,-204
122000257,136,180,-44
122000258,232,237,-5
122000259,19,280,-261
122000261,18,141,-123
122000262,0,19,-19
122000263,233,128,105
122000264,1007,229,778
122000265,1542,670,872
122000266,2755,514,2241
122000267,130,99,31
122000268,118,229,-111
122000269,649,216,433
122000270,446,128,318
122000271,197,737,-540
122000272,271,650,-379
122000273,183,238,-55
122000274,168,110,58
122000275,41,100,-59
122000276,525,347,178
122000277,832,1096,-264
122000278,1543,451,1092
122000279,135,254,-119
122000280,660,416,244
122000281,571,486,85
122000282,196,256,-60
122000283,225,116,109
122000284,209,65,144
122000285,310,51,259
122000286,68,86,-18
122000287,876,933,-57
122000288,355,169,186
122000291,1572,579,993
122000293,182,173,9
122000294,122,198,-76
122000295,889,157,732
122000296,31,470,-439
122000297,1524,2669,-1145
122000299,363,231,132
122000300,441,452,-11
122000301,5216,2043,3173
122000302,327,860,-533
122000303,1743,839,904
122000304,39,133,-94
122000305,893,372,521
122000306,43,378,-335
122000307,67,123,-56
122000309,23,39,-16
122000310,26,108,-82
122000311,193,109,84
122000312,90,171,-81
122000313,181,66,115
122000314,61,150,-89
122000315,165,26,139
122000316,547,122,425
122000317,838,179,659
122000318,338,458,-120
122000319,171,181,-10
122000320,418,961,-543
122000321,75,95,-20
122000322,1437,1435,2
122000323,849,1682,-833
122000324,846,884,-38
122000325,627,1542,-915
122000326,68,77,-9
122000327,296,536,-240
122000328,440,352,88
122000330,1190,557,633
122000332,158,142,16
122000333,12,100,-88
122000337,913,746,167
122000338,319,199,120
122000340,230,392,-162
122000342,986,655,331
122000343,345,659,-314
122000344,53,7,46
122000345,114,24,90
122000346,285,240,45
122000348,469,426,43
122000349,143,458,-315
122000351,140,189,-49
122000352,525,168,357
122000353,106,80,26
122000355,104,239,-135
122000356,794,767,27
122000357,59,22,37
122000358,0,40,-40
122000359,0,13,-13
122000360,0,30,-30
122000362,6,60,-54
122000364,120,172,-52
122000365,2,39,-37
122000366,6,1,5
122000368,353,481,-128
122000370,18,30,-12
122000371,18,0,18
122000372,9,0,9
122000381,68,216,-148
122000382,75,210,-135
122000384,1399,904,495
122000385,35,1,34
122000386,190,878,-688
122000387,344,485,-141
122000388,757,426,331
122000389,140,525,-385
122000390,283,239,44
122000391,239,187,52
122000392,124,224,-100
122000393,10,21,-11
122000394,388,147,241
122000395,99,83,16
122000396,215,59,156
122000397,27,44,-17
122000398,17,43,-26
122000399,140,90,50
122000400,87,447,-360
122000401,188,121,67
122000402,221,95,126
122000403,346,480,-134
122000404,125,112,13
122000408,642,854,-212
122000503,14,98,-84
122000524,99,105,-6
122000544,55,1455,-1400
122000614,309,223,86
122000616,210,2,208
122000640,63,79,-16
122000641,151,168,-17
122000642,812,549,263
122000643,45,146,-101
122000644,82,25,57
122000645,90,131,-41
122000651,648,816,-168
122000664,118,29,89
122000665,783,417,366
122000666,488,899,-411
122000673,26,149,-123
122000674,152,44,108
122000675,1335,685,650
122000686,611,650,-39
122000687,1314,251,1063
122000688,190,356,-166
122000689,629,250,379
122000690,1780,254,1526
122000691,648,973,-325
122000692,1025,164,861
122000693,278,917,-639
122000695,246,254,-8
122000696,366,138,228
122000698,335,345,-10
122000699,112,46,66
122000701,1336,199,1137
122000702,334,691,-357
122000703,118,56,62
122000712,0,0,0
122000717,65,45,20
122000718,878,1510,-632
122000719,159,60,99
122000720,396,86,310
122000724,217,190,27
122900001,19,6,13
122900002,734,3539,-2805
122900003,243,27,216
122900004,803,44,759
122900005,94,48,46
122900006,355,311,44
122900007,99,46,53
122900008,287,156,131
122900009,372,236,136
122900010,136,91,45
122900012,144,316,-172
122900014,105,158,-53
122900015,772,584,188
122900016,94,144,-50
122900017,238,425,-187
122900018,100,15,85
122900019,24,74,-50
122900020,139,350,-211
122900021,26,304,-278
122900024,118,82,36
122900025,13,194,-181
122900026,27,203,-176
122900027,41,399,-358
122900028,95,95,0
122900029,2843,1874,969
122900030,642,339,303
122900031,21,127,-106
122900032,69,168,-99
122900033,211,127,84
122900034,3189,3259,-70
122900035,7,15,-8
122900036,35,48,-13
122900037,258,89,169
122900038,76,1751,-1675
122900039,76,336,-260
122900040,154,294,-140
122900041,198,265,-67
122900042,130,246,-116
122900043,182,234,-52
122900044,84,217,-133
122900045,93,67,26
122900046,124,230,-106
122900047,103,177,-74
122900048,34,154,-120
122900049,1046,128,918
122900051,64,112,-48
122900052,111,173,-62
122900053,38,16,22
122900055,192,64,128
122900057,147,43,104
122900061,318,130,188
122900062,350,368,-18
122900063,144,144,0
122900064,575,295,280
122900065,250,71,179
122900066,565,358,207
122900067,633,344,289
122900069,309,1005,-696
122900070,287,153,134
122900071,107,191,-84
122900073,25,133,-108
122900074,570,306,264
122900075,3,26,-23
122900076,3,140,-137
122900077,13,106,-93
122900078,102,1,101
122900080,41,48,-7
122900081,129,104,25
122900082,608,170,438
122900083,106,96,10
122900084,2,146,-144
122900086,10,70,-60
122900087,206,317,-111
122900088,25,140,-115
122900089,111,207,-96
122900090,5,234,-229
122900091,188,24,164
122900092,124,147,-23
122900093,0,126,-126
122900094,29,130,-101
122900095,122,12,110
122900096,134,55,79
122900097,21,28,-7
122900098,54,57,-3
122900099,91,11,80
122900100,96,199,-103
122900101,298,149,149
122900102,38,15,23
122900103,130,5,125
122900104,149,5,144
122900105,20,4,16
122900106,4,34,-30
122900107,2,93,-91
122900108,3,108,-105
122900109,537,312,225
123000001,931,327,604
123000002,2142,3670,-1528
123000003,2949,3143,-194
123000004,2405,2961,-556
123000005,2142,2127,15
123000006,1697,1653,44
123000007,3223,1931,1292
123000008,1940,2375,-435
123000009,3597,2248,1349
123000010,2656,2578,78
123000011,1542,637,905
123000012,497,1552,-1055
123000013,2657,672,1985
123000014,722,2332,-1610
123000015,1798,821,977
123000016,2387,2757,-370
123000017,2621,1231,1390
123000018,67,83,-16
123000019,284,102,182
123000020,185,36,149
123000021,146,109,37
123000022,246,1124,-878
123000023,1270,1307,-37
123000024,1362,695,667
123000025,253,76,177
123000026,57,64,-7
123000027,108,368,-260
123000028,827,727,100
123000029,540,988,-448
123000030,192,142,50
123000031,170,157,13
123000032,317,105,212
123000033,253,142,111
123000034,789,566,223
123000035,252,304,-52
123000036,153,695,-542
123000037,219,196,23
123000038,50,155,-105
123000039,376,1068,-692
123000040,509,218,291
123000041,792,848,-56
123000042,554,508,46
123000043,1703,7227,-5524
123000044,2731,1768,963
123000045,3581,1799,1782
123000046,428,1040,-612
123000047,997,739,258
123000048,53,688,-635
123000049,4113,6560,-2447
123000050,1056,1083,-27
123000051,80,150,-70
123000052,575,2351,-1776
123000053,1881,2090,-209
123000054,1185,998,187
123000055,976,1745,-769
123000056,936,1030,-94
123000057,5203,4432,771
123000058,418,750,-332
123000059,269,388,-119
123000060,760,261,499
123000061,287,515,-228
123000063,645,674,-29
123000064,678,212,466
123000065,3374,1573,1801
123000066,415,422,-7
123000067,721,431,290
123000068,1737,1750,-13
123000069,4071,1790,2281
123000070,202,501,-299
123000071,766,664,102
123000072,805,529,276
123000073,1068,591,477
123000074,833,705,128
123000075,273,715,-442
123000076,553,434,119
123000077,1498,1514,-16
123000078,1369,1147,222
123000079,1228,1230,-2
123000080,1444,942,502
123000081,134,227,-93
123000082,195,690,-495
123000083,740,162,578
123000084,494,381,113
123000085,310,68,242
123000086,498,85,413
123000087,243,194,49
123000088,819,531,288
123000089,419,767,-348
123000090,923,662,261
123000091,1067,920,147
123000092,844,823,21
123000094,491,157,334
123000095,387,457,-70
123000096,602,284,318
123000097,433,443,-10
123000098,628,337,291
123000099,482,413,69
123000100,355,518,-163
123000101,376,510,-134
123000102,438,514,-76
123000104,367,373,-6
123000105,328,357,-29
123000106,408,353,55
123000107,253,387,-134
123000108,363,814,-451
123000111,699,270,429
123000112,965,340,625
123000113,383,599,-216
123000114,286,503,-217
123000115,294,201,93
123000116,58,110,-52
123000117,1075,1091,-16
123000118,297,453,-156
123000119,234,513,-279
123000120,261,462,-201
123000121,439,400,39
123000122,244,235,9
123000123,393,457,-64
123000124,356,353,3
123000125,896,920,-24
123000126,903,2618,-1715
123000127,530,478,52
123000128,208,193,15
123000129,618,169,449
123000130,543,58,485
123000131,800,574,226
123000132,191,368,-177
123000133,128,266,-138
123000134,267,119,148
123000135,1644,717,927
123000136,157,429,-272
123000137,72,156,-84
123000138,63,189,-126
123000139,357,78,279
123000140,68,318,-250
123000141,520,98,422
123000142,706,652,54
123000143,1114,1563,-449
123000144,10,24,-14
123000147,111,100,11
123000149,280,309,-29
123000150,132,183,-51
123000151,173,412,-239
123000152,45,191,-146
123000153,127,463,-336
123000154,785,1146,-361
123000155,1092,580,512
123000156,32,87,-55
123000157,450,582,-132
123000158,405,593,-188
123000159,2268,2070,198
123000160,667,502,165
123000161,1158,824,334
123000162,813,1277,-464
123000163,385,77,308
123000164,709,146,563
123000165,265,612,-347
123000167,3,86,-83
123000168,239,135,104
123000169,562,78,484
123000170,75,76,-1
123000171,520,13,507
123000172,401,493,-92
123000173,510,337,173
123000174,995,364,631
123000175,405,698,-293
123000176,705,171,534
123000177,201,425,-224
123000178,643,114,529
123000179,34,335,-301
123000180,1047,197,850
123000181,171,649,-478
123000182,185,170,15
123000183,55,187,-132
123000184,83,293,-210
123000185,521,219,302
123000186,3,280,-277
123000187,414,5,409
123000188,254,1,253
123000189,76,109,-33
123000190,34,66,-32
123000192,26,320,-294
123000193,68,631,-563
123000194,203,82,121
123000195,265,40,225
123000196,253,17,236
123000197,38,79,-41
123000198,21,581,-560
123000199,3,546,-543
123000200,271,13,258
123000201,577,4,573
123000202,7,639,-632
123000203,660,42,618
123000204,47,671,-624
123000205,455,915,-460
123000206,1365,118,1247
123000207,235,803,-568
123000208,550,159,391
123000209,2650,684,1966
123000210,721,1940,-1219
123000211,515,1420,-905
123000212,2035,421,1614
123000213,544,69,475
123000215,63,166,-103
123000216,109,433,-324
123000217,174,28,146
123000218,39,445,-406
123000219,487,39,448
123000220,413,62,351
123000221,225,76,149
123000222,232,153,79
123000223,217,150,67
123000224,327,292,35
123000225,248,56,192
123000226,78,327,-249
123000227,66,245,-179
123000228,216,46,170
123000229,705,878,-173
123000232,156,406,-250
123000233,597,99,498
123000234,122,357,-235
123000235,879,235,644
123000236,168,432,-264
123000237,215,75,140
123000238,87,240,-153
123000239,364,683,-319
123000240,34,329,-295
123000241,249,45,204
123000242,92,144,-52
123000243,612,971,-359
123000244,967,579,388
123000245,29,138,-109
123000249,238,405,-167
123000252,680,202,478
123000253,919,358,561
123000254,583,627,-44
123000255,864,607,257
123000256,22,124,-102
123000257,1731,1086,645
123000258,622,460,162
123000259,347,395,-48
123000260,525,222,303
123000261,149,73,76
123000263,232,186,46
123000264,168,126,42
123000265,78,99,-21
123000266,461,420,41
123000267,455,274,181
123000268,66,87,-21
123000269,177,64,113
123000270,126,61,65
123000271,56,62,-6
123000272,559,259,300
123000273,217,507,-290
123000274,904,383,521
123000275,212,529,-317
123000278,1547,1647,-100
123000279,129,73,56
123000280,263,212,51
123000281,314,73,241
123000282,87,195,-108
123000283,33,34,-1
123000284,46,50,-4
123000286,213,260,-47
123000287,540,300,240
123000288,947,569,378
123000289,293,789,-496
123000291,173,665,-492
123000294,225,228,-3
123000295,1051,903,148
123000296,728,646,82
123000297,610,373,237
123000298,901,650,251
123000299,362,321,41
123000300,732,580,152
123000301,97,203,-106
123000302,55,105,-50
123000303,81,173,-92
123000305,590,643,-53
123000306,99,103,-4
123000309,35,49,-14
123000310,54,56,-2
123000311,0,69,-69
123000312,394,383,11
123000313,392,238,154
123000315,140,218,-78
123000316,679,300,379
123000317,306,97,209
123000318,82,288,-206
123000329,7,25,-18
123000337,897,486,411
123000338,251,62,189
123000339,179,57,122
123000340,193,378,-185
123000342,15,101,-86
123000343,49,19,30
123000344,957,264,693
123000345,243,395,-152
123000346,374,54,320
123000352,953,645,308
123000353,26,83,-57
123000354,141,2,139
123000355,1,163,-162
123000356,325,6,319
123000357,3,111,-108
123000359,3,111,-108
123000360,159,50,109
123000361,170,233,-63
123000362,278,72,206
123000363,70,119,-49
123000364,336,342,-6
123000365,24,296,-272
123000366,260,1347,-1087
123000367,210,517,-307
123000370,14,533,-519
123000371,586,62,524
123000372,268,34,234
123000373,14,188,-174
123000374,10,112,-102
123000375,285,21,264
123000376,912,727,185
123000377,223,11,212
123000378,9,237,-228
123000379,0,124,-124
123000380,39,310,-271
123000381,101,65,36
123000382,537,75,462
123000383,67,817,-750
123000384,384,76,308
123000385,91,336,-245
123000436,13,750,-737
123000507,107,191,-84
123000508,159,727,-568
123000517,187,24,163
123000518,16,181,-165
123000519,115,51,64
123000520,35,155,-120
123000521,257,93,164
123000522,97,215,-118
123000541,3,0,3
123000542,0,8,-8
123000565,713,49,664
123000566,237,341,-104
123000567,157,183,-26
123000573,42,380,-338
123000574,633,66,567
123000575,1032,587,445
123000576,705,805,-100
123000577,40,355,-315
123000578,297,72,225
123000579,1257,3992,-2735
123000580,182,62,120
123000582,288,10,278
123000583,19,220,-201
123000584,129,169,-40
123000585,0,69,-69
123000586,89,3,86
123000596,241,153,88
123000597,104,170,-66
123000602,42,6,36
123000603,676,424,252
123000604,443,375,68
123000605,585,10,575
123000606,3,308,-305
123000609,18,210,-192
123000610,137,99,38
123000613,31,128,-97
123000614,188,25,163
123000615,60,134,-74
123000616,500,29,471
123000617,72,173,-101
123000618,39,366,-327
123000619,319,34,285
123000620,26,286,-260
123000622,348,19,329
123000624,127,76,51
123000630,1027,346,681
123000631,188,707,-519
123000632,507,526,-19
123000633,1,179,-178
123000634,29,134,-105
123000635,70,74,-4
123000636,28,291,-263
123000637,193,22,171
123000638,390,19,371
123000639,579,3226,-2647
123000640,46,347,-301
123000648,374,77,297
123000649,40,291,-251
123000650,58,31,27
123000651,11,82,-71
123900001,821,33,788
123900002,27,845,-818
123900003,140,253,-113
123900005,169,132,37
123900006,228,53,175
124000001,1182,116,1066
124000002,49,701,-652
124000003,706,122,584
124000004,60,309,-249
124000005,657,198,459
124000006,167,583,-416
124000007,342,74,268
124000008,16,267,-251
124000009,548,144,404
124000010,172,306,-134
124000011,588,193,395
124000012,150,270,-120
124000017,154,94,60
124000018,79,34,45
124000019,133,90,43
124000020,20,93,-73
124000021,101,52,49
124000022,75,139,-64
124000023,573,248,325
124000024,89,149,-60
124000025,562,451,111
124000026,185,185,0
124000027,1347,838,509
124000028,1519,853,666
124000031,1086,2222,-1136
124000032,1188,673,515
124000033,838,445,393
124000034,391,741,-350
124000035,268,132,136
124000036,116,420,-304
124000037,225,727,-502
124000038,22,79,-57
124000039,601,335,266
124000040,332,551,-219
124000041,303,63,240
124000042,51,252,-201
124000043,89,73,16
124000044,63,106,-43
124000045,682,384,298
124000046,179,428,-249
124000047,1243,547,696
124000048,653,820,-167
124000049,1434,414,1020
124000050,684,932,-248
124000051,789,348,441
124000052,351,486,-135
124000053,373,1134,-761
124000054,624,306,318
124000055,1089,1937,-848
124000056,1388,928,460
124000057,909,395,514
124000058,333,781,-448
124000059,524,899,-375
124000060,685,417,268
124000061,1132,4354,-3222
124000062,2127,1054,1073
124000063,831,1030,-199
124000064,1428,950,478
124000065,10,39,-29
124000066,124,38,86
124000067,159,85,74
124000068,80,152,-72
124000069,400,121,279
124000070,130,312,-182
124000071,150,57,93
124000072,26,34,-8
124000073,413,76,337
124000074,178,438,-260
124000075,212,34,178
124000076,25,100,-75
124000077,1004,452,552
124000078,1629,758,871
124000079,223,654,-431
124000080,634,111,523
124000081,161,308,-147
124000082,70,123,-53
124000083,101,87,14
124000084,90,442,-352
124000085,61,31,30
124000086,132,64,68
124000088,75,229,-154
124000089,601,199,402
124000090,123,236,-113
124000091,507,94,413
124000092,147,450,-303
124000093,71,60,11
124000094,84,337,-253
124000095,115,73,42
124000096,124,105,19
124000097,134,107,27
124000098,60,77,-17
124000099,179,90,89
124000100,38,84,-46
124000101,83,113,-30
124000102,65,38,27
124000103,95,100,-5
124000104,68,38,30
124000105,68,82,-14
124000106,89,31,58
124000107,16,187,-171
124000108,38,20,18
124000109,160,93,67
124000110,185,74,111
124000111,173,91,82
124000112,616,377,239
124000113,85,76,9
124000114,239,277,-38
124000115,292,380,-88
124000116,89,91,-2
124000117,69,53,16
124000118,28,88,-60
124000119,587,380,207
124000120,325,323,2
124000121,1079,487,592
124000122,380,878,-498
124000123,691,318,373
124000124,279,661,-382
124000125,293,253,40
124000126,211,375,-164
124000127,753,261,492
124000128,391,558,-167
124000129,1665,1040,625
124000130,587,372,215
124000131,656,416,240
124000132,588,478,110
124000133,857,528,329
124000134,384,181,203
124000135,1765,1374,391
124000136,546,463,83
124000137,946,693,253
124000138,932,1152,-220
124000139,483,57,426
124000140,46,377,-331
124000141,597,23,574
124000142,63,349,-286
124000143,89,3,86
124000144,5,125,-120
124000145,89,24,65
124000146,23,78,-55
124000148,41,76,-35
124000149,880,302,578
124000150,233,435,-202
124000151,502,121,381
124000152,410,713,-303
124000153,577,429,148
124000154,263,472,-209
124000155,968,615,353
124000156,1014,759,255
124000169,164,320,-156
124000170,364,307,57
124000171,217,153,64
124000172,218,311,-93
124000173,410,151,259
124000174,314,349,-35
124000175,4,70,-66
124000176,37,18,19
124000177,8,16,-8
124000178,27,40,-13
124000185,36,9,27
124000186,7,36,-29
124000187,5,46,-41
124000188,81,14,67
124000190,54,44,10
124000191,64,146,-82
124000192,893,287,606
124000193,152,625,-473
124000194,324,278,46
124000195,283,389,-106
124000196,821,670,151
124000197,40,17,23
124000198,43,51,-8
124000201,236,517,-281
124000202,423,29,394
124000203,188,263,-75
124000204,659,2,657
124000205,58,235,-177
124000206,541,43,498
124000207,0,15,-15
124000209,118,208,-90
124000210,431,105,326
124000211,545,1,544
124000212,0,187,-187
124000213,311,189,122
124000214,374,476,-102
124000215,253,13,240
124000216,2,233,-231
124000329,8,409,-401
124000338,105,711,-606
124000339,777,71,706
124000341,1250,45,1205
124000344,37,17,20
124000357,1646,2444,-798
124000358,1077,1602,-525
124000359,901,541,360
124000360,740,371,369
124000361,1187,767,420
124000362,760,945,-185
124000363,213,248,-35
124000364,412,522,-110
124000365,522,783,-261
124000366,1188,994,194
124000367,90,269,-179
124000368,305,283,22
124000369,111,76,35
124000370,44,289,-245
124000402,20,12,8
124000403,103,20,83
124000404,14,67,-53
124000405,721,503,218
124000406,480,543,-63
124000407,2,23,-21
124000411,4,201,-197
124000412,320,19,301
124000413,106,30,76
124000414,81,96,-15
124000415,47,62,-15
124000416,108,134,-26
124000417,149,78,71
124000418,146,60,86
124000419,55,69,-14
124000420,112,32,80
124000421,49,90,-41
124000422,24,9,15
124000423,98,27,71
124000424,1,91,-90
124000425,105,4,101
124000426,6,118,-112
124000427,131,0,131
124000428,5,32,-27
124000429,66,38,28
124000430,399,172,227
124000431,266,224,42
124000432,165,530,-365
124000439,10,3,7
124000443,0,4,-4
124000445,263,1172,-909
124000446,730,158,572
124000447,18,100,-82
124000448,70,18,52
124000449,167,9,158
124000450,25,85,-60
124000451,1,32,-31
124000452,212,102,110
124000453,2170,2828,-658
124000454,1067,2533,-1466
124900001,531,283,248
124900002,118,156,-38
124900003,697,268,429
124900004,658,279,379
124900005,182,66,116
124900006,652,237,415
124900008,974,521,453
124900009,124,218,-94
124900010,128,105,23
124900011,407,175,232
124900012,355,90,265
124900013,456,134,322
124900014,383,122,261
124900015,94,284,-190
124900016,72,59,13
124900017,460,1268,-808
124900018,272,21,251
124900020,67,39,28
124900021,264,35,229
124900024,240,10,230
124900026,119,2,117
124900027,86,284,-198
124900028,273,56,217
124900030,3,75,-72
124900031,11,139,-128
124900033,105,166,-61
124900035,133,218,-85
124900036,8,64,-56
124900037,135,128,7
124900039,1,56,-55
124900040,23,61,-38
124900042,81,71,10
124900043,195,549,-354
124900044,68,2,66
124900045,439,761,-322
124900047,555,367,188
124900050,313,250,63
124900052,116,225,-109
124900053,284,478,-194
124900054,506,498,8
124900055,3,200,-197
124900057,9,90,-81
124900060,478,365,113
124900061,170,25,145
124900062,157,25,132
124900066,1,128,-127
124900067,20,211,-191
124900068,152,331,-179
124900070,143,257,-114
124900072,318,52,266
124900075,426,422,4
124900076,45,1281,-1236
124900077,140,213,-73
124900078,103,4,99
124900080,411,563,-152
124900081,792,258,534
124900082,523,808,-285
124900083,536,714,-178
124900085,1186,873,313
124900086,51,838,-787
124900087,1049,87,962
124900088,763,169,594
124900089,1200,132,1068
124900090,245,161,84
124900091,227,184,43
124900092,164,141,23
124900093,247,106,141
124900094,375,149,226
124900095,80,304,-224
124900096,354,201,153
124900097,305,52,253
124900098,64,190,-126
124900099,337,334,3
124900100,241,28,213
124900101,57,13,44
124900102,149,8,141
124900103,99,125,-26
124900104,53,112,-59
124900105,92,55,37
124900106,279,29,250
124900107,89,5,84
124900108,241,111,130
124900111,15,196,-181
124900112,197,435,-238
124900113,53,202,-149
124900114,107,68,39
124900115,40,12,28
124900116,180,173,7
124900117,147,151,-4
124900118,113,294,-181
124900119,261,64,197
124900120,51,238,-187
124900121,237,156,81
124900122,190,155,35
124900123,230,312,-82
124900124,221,366,-145
124900125,67,1,66
124900126,3,47,-44
204000001,125,6,119
204000002,10,10,0
204000003,8,3,5
204000004,4,1,3
204000005,573,431,142
204000006,1010,1046,-36
204000011,18,19,-1
204000012,35,95,-60
204000019,667,359,308
204000020,538,479,59
204000021,1030,647,383
204000022,445,347,98
204000023,440,454,-14
204000031,62,20,42
204000032,275,38,237
204000034,30,86,-56
204000035,0,2,-2
204000036,7,10,-3
204000037,4,11,-7
204000038,4,11,-7
204000039,5,17,-12
204000040,0,7,-7
204000041,12,11,1
204000042,31,10,21
204000043,25,1,24
204000044,18,2,16
204000045,37,2,35
204000046,9,5,4
204000057,4,1,3
204000062,20,37,-17
204000068,24,225,-201
204000069,54,304,-250
204000070,61,79,-18
204000080,63,49,14
204000085,1908,1036,872
204000086,1824,1197,627
204000087,36,8,28
204000088,8,80,-72
204000090,82,192,-110
204000093,332,77,255
204000096,749,884,-135
204000097,370,21,349
204000099,904,1127,-223
204000100,1273,1628,-355
204000105,1855,836,1019
204000110,383,737,-354
204000111,382,427,-45
204000112,454,449,5
204000113,228,463,-235
204000114,525,450,75
204000115,451,233,218
204000116,490,495,-5
204000119,1634,2071,-437
204000132,706,321,385
204000133,836,167,669
204000134,198,60,138
204000135,660,48,612
204000136,728,153,575
204000138,340,523,-183
204000140,248,135,113
204000141,165,55,110
204000144,6,25,-19
204000145,392,32,360
204000146,35,202,-167
204000147,24,126,-102
204000148,194,21,173
204000154,0,1,-1
204000155,1,7,-6
204000177,66,53,13
204000179,64,1,63
204000180,2,34,-32
204000222,2,2,0
204000235,36,9,27
204000236,29,160,-131
204000238,17,23,-6
204000240,306,37,269
204000263,610,740,-130
204000268,727,470,257
204000308,67,8,59
204000317,12,58,-46
204000322,4,23,-19
204000323,12,8,4
204000328,173,55,118
204000329,78,106,-28
204000330,188,39,149
204000331,128,86,42
205000001,719,1184,-465
205000013,6,40,-34
205000014,18,78,-60
205000015,31,111,-80
205000016,13,130,-117
205000017,10,81,-71
205000022,302,710,-408
205000025,1180,958,222
205000029,199,5,194
205000045,110,470,-360
205000046,79,581,-502
205000047,40,340,-300
205000048,286,739,-453
205000049,168,658,-490
205000050,599,280,319
205000059,0,213,-213
205000060,0,97,-97
205000061,1,158,-157
205000062,2,94,-92
205000063,29,122,-93
205000064,50,80,-30
205000065,67,428,-361
205000066,128,581,-453
205000067,29,610,-581
205000069,208,20,188
205000082,162,107,55
205000110,107,233,-126
205000111,203,210,-7
205000112,160,176,-16
205000113,178,324,-146
205000121,131,38,93
205000123,28,148,-120
205000126,345,71,274
205000127,734,121,613
205000128,351,57,294
205000129,622,49,573
205000130,145,18,127
205000131,68,6,62
205000132,102,0,102
205000133,59,2,57
205000134,215,0,215
205000137,55,120,-65
205000138,109,207,-98
205000139,23,97,-74
205000144,91,55,36
205000145,235,116,119
205000151,112,26,86
205000152,144,21,123
205000153,193,22,171
205000154,62,40,22
205000155,93,10,83
205000207,13,125,-112
205000233,14,1,13
205000234,0,1,-1
205000243,0,0,0
205000244,0,3,-3
205000245,10,125,-115
205000249,0,28,-28
205000250,4,2,2
205000264,11,66,-55
206000027,6,4,2
206000028,5,1,4
206000043,7,39,-32
206000053,0,4,-4
206000054,1,31,-30
206000055,0,18,-18
206000075,10,8,2
206000076,13,19,-6
206000077,13,2,11
206000078,8,7,1
206000079,12,10,2
206000082,312,36,276
206000100,18,222,-204
206000103,8,11,-3
206000104,17,17,0
206000105,6,13,-7
206000106,7,16,-9
206000125,50,1,49
206000157,32,313,-281
206000170,0,84,-84
206000171,2,161,-159
206000172,6,190,-184
206000173,2,107,-105
206000174,9,34,-25
206000175,1,45,-44
206000176,11,91,-80
206000177,0,58,-58
206000178,1,130,-129
206000179,1,66,-65
206000180,8,50,-42
206000181,7,47,-40
206000182,3,52,-49
206000183,18,224,-206
206000184,10,137,-127
206000185,4,70,-66
206000186,89,385,-296
206000223,7,118,-111
206000226,4,3,1
206000227,9,1,8
206000237,28,166,-138
206000238,25,290,-265
206000239,164,1006,-842
206000240,0,32,-32
206000241,0,42,-42
206000242,4,107,-103
206000243,2,91,-89
206000244,37,222,-185
206000245,654,47,607
206000246,226,12,214
206000247,238,8,230
206000248,296,29,267
206000252,40,27,13
206000258,22,26,-4
206000315,36,5,31
206000317,508,69,439
206000318,558,44,514
206000319,1257,72,1185
206000320,254,25,229
206000321,196,5,191
206000322,410,16,394
206000323,189,11,178
206000324,151,3,148
206000325,140,4,136
206000326,200,8,192
206000327,119,8,111
206000328,193,6,187
206000329,223,5,218
206000330,42,3,39
206000331,175,2,173
206000332,43,2,41
206000333,583,2,581
206000334,209,2,207
206000335,0,11,-11
206000361,3,133,-130
206000392,1,6,-5
206000405,95,0,95
206000441,27,17,10
206000498,23,0,23
206000515,74,27,47
206000530,317,72,245
206000531,213,176,37
206000532,1348,228,1120
206000535,159,1261,-1102
206000536,15,93,-78
206000537,7,95,-88
206000613,1320,185,1135
206000784,337,22,315
207000001,129,415,-286
207000002,93,271,-178
207000003,151,108,43
207000007,903,192,711
207000008,118,8,110
207000009,78,62,16
207000010,324,205,119
207000012,383,186,197
207000015,242,670,-428
207000019,198,53,145
207000021,473,148,325
207000022,148,124,24
207000023,189,52,137
207000024,5,10,-5
207000025,11,52,-41
207000026,60,30,30
207000027,7,63,-56
207000028,36,113,-77
207000029,154,304,-150
207000033,158,334,-176
207000034,262,79,183
207000039,414,80,334
207000040,402,58,344
207000041,81,23,58
207000042,173,65,108
207000043,164,132,32
207000051,73,122,-49
207000052,23,79,-56
207000053,327,354,-27
207000054,38,83,-45
207000055,140,115,25
207000056,270,247,23
207000057,119,188,-69
207000058,171,205,-34
207000059,112,299,-187
207000060,65,128,-63
207000061,219,538,-319
207000062,367,38,329
207000063,299,93,206
207000064,229,93,136
207000065,308,153,155
207000066,174,146,28
207000067,51,60,-9
207000068,106,41,65
207000069,612,229,383
207000082,2,137,-135
207000083,74,142,-68
207000084,245,205,40
207000085,240,23,217
207000086,218,10,208
207000106,46,31,15
207000107,64,27,37
207000108,97,14,83
207000109,50,18,32
207000110,56,49,7
207000111,56,75,-19
207000112,77,588,-511
207000114,18,19,-1
207000115,23,34,-11
207000116,8,262,-254
207000117,12,54,-42
207000118,7,34,-27
207000119,27,50,-23
207000123,165,22,143
207000124,47,18,29
207000125,90,48,42
207000126,53,33,20
207000134,110,98,12
207000135,36,156,-120
207000148,62,282,-220
207000149,54,22,32
207000152,104,291,-187
207000153,602,952,-350
207000154,336,129,207
207000159,68,90,-22
207000160,126,240,-114
207000238,0,158,-158
207000242,1,103,-102
207000248,21,16,5
207000249,79,21,58
207000250,344,38,306
207000251,70,52,18
207000252,79,33,46
207000278,116,56,60
207000279,12,74,-62
207000280,715,90,625
207000281,84,535,-451
207000282,161,134,27
207000283,71,185,-114
207000284,38,306,-268
207000285,88,69,19
207000291,20,76,-56
207000304,71,38,33
207000306,51,267,-216
207000310,84,96,-12
207000353,296,1,295
207000356,47,23,24
207000357,10,16,-6
207000358,7,21,-14
207000415,1,133,-132
207000417,33,6,27
207000418,96,92,4
207000438,0,1,-1
207000439,535,500,35
207000446,179,17,162
207000460,43,15,28
207000466,137,91,46
207000467,286,96,190
207000468,47,171,-124
207000476,4,39,-35
207000477,481,52,429
207000478,6,28,-22
207000523,0,22,-22
207000524,107,1,106
207000527,118,93,25
207000530,471,10,461
207000531,331,16,315
207000532,86,19,67
207000534,285,43,242
207000535,33,201,-168
207000537,12,44,-32
207000540,10,132,-122
207000541,7,230,-223
207000548,6,150,-144
207000549,253,12,241
207000561,126,144,-18
207000562,47,89,-42
207000567,116,169,-53
207000568,280,59,221
207000569,435,372,63
207000584,213,92,121
207000585,65,253,-188
207000587,150,22,128
207000616,0,58,-58
207000617,138,0,138
207000624,46,39,7
207000631,9,73,-64
207900008,272,59,213
208000001,572,897,-325
208000002,639,388,251
208000003,1042,316,726
208000004,864,582,282
208000005,7,10,-3
208000019,528,855,-327
208000020,162,440,-278
208000021,262,256,6
208000022,807,327,480
208000028,667,964,-297
208000033,491,408,83
208000034,744,893,-149
208000037,185,10,175
208000040,151,126,25
208000041,564,510,54
208000042,714,544,170
208000047,139,171,-32
208000064,1787,1108,679
208000066,1445,2230,-785
208000070,286,336,-50
208000071,400,566,-166
208000072,377,957,-580
208000080,254,278,-24
208000081,414,99,315
208000082,298,218,80
208000083,121,309,-188
208000084,12,14,-2
208000085,580,451,129
208000086,423,864,-441
208000087,268,647,-379
208000089,884,247,637
208000090,840,374,466
208000093,151,186,-35
208000094,404,336,68
208000095,675,336,339
208000104,810,737,73
208000105,563,810,-247
208000114,82,269,-187
208000115,392,184,208
208000116,520,797,-277
208000117,190,158,32
208000118,65,119,-54
208000155,637,715,-78
208000158,1097,2828,-1731
208000186,2939,3426,-487
208000204,554,677,-123
208000205,1003,669,334
208000282,4254,2405,1849
209000004,279,148,131
209000005,47,53,-6
209000006,363,130,233
209000007,202,238,-36
209000010,264,64,200
209000011,155,147,8
209000012,132,82,50
209000013,127,149,-22
209000014,386,470,-84
209000025,291,35,256
209000026,680,88,592
209000027,379,449,-70
209000028,234,389,-155
209000029,324,392,-68
209000030,326,710,-384
209000031,1564,1079,485
209000034,186,187,-1
209000035,122,181,-59
209000036,216,123,93
209000037,249,211,38
209000038,144,188,-44
209000039,68,129,-61
209000040,247,354,-107
209000041,151,297,-146
209000042,183,284,-101
209000043,494,790,-296
209000044,169,662,-493
209000045,1312,315,997
209000046,487,278,209
209000047,303,124,179
209000048,481,222,259
209000049,59,61,-2
209000050,211,75,136
209000051,188,141,47
209000052,138,158,-20
209000062,55,59,-4
209000063,60,43,17
209000064,45,42,3
209000065,80,17,63
209000066,103,15,88
209000067,75,26,49
209000080,11,130,-119
209000082,71,22,49
209000091,29,81,-52
209000093,41,23,18
209000094,146,131,15
209000110,30,103,-73
209000111,397,1099,-702
209000112,836,432,404
209000113,1185,357,828
209000114,522,275,247
209000115,91,78,13
209000116,369,218,151
209000118,21,26,-5
209000119,16,13,3
209000121,120,242,-122
209000135,42,149,-107
209000142,476,1254,-778
209000143,40,57,-17
209000144,61,68,-7
209000229,242,96,146
209000240,28,144,-116
209000259,81,69,12
209000260,38,592,-554
209000261,5,330,-325
209000262,10,254,-244
209000263,0,140,-140
209000264,0,167,-167
209000265,252,0,252
209000266,105,0,105
209000267,722,12,710
209000268,325,49,276
210000037,71,45,26
210000047,100,22,78
210000048,81,21,60
210000049,44,3,41
210000052,57,43,14
210000053,23,27,-4
210000054,61,53,8
210000070,76,0,76
210000071,89,0,89
210000072,27,0,27
210000073,1,15,-14
210000074,0,49,-49
210000075,1,71,-70
210000076,5,98,-93
210000077,15,41,-26
210000078,24,27,-3
210000079,17,22,-5
210000080,88,79,9
210000081,145,30,115
210000082,121,2,119
210000083,55,0,55
210000084,46,0,46
210000085,0,42,-42
210000086,0,72,-72
210000099,30,191,-161
210000100,34,137,-103
210000101,47,141,-94
210000105,26,119,-93
210000159,0,141,-141
210000163,97,193,-96
210000164,283,133,150
210000168,126,29,97
210000187,0,14,-14
210000188,0,15,-15
210000214,14,0,14
210000219,43,46,-3
210000220,87,39,48
210000232,4,16,-12
210000233,33,51,-18
210000234,21,94,-73
210000235,36,44,-8
210000245,0,30,-30
210000246,23,0,23
210000258,7,56,-49
210000259,294,69,225
210000282,70,143,-73
210000285,3,91,-88
210000286,20,103,-83
210000290,4,12,-8
210000295,30,82,-52
210000296,34,21,13
210000320,130,47,83
210000321,171,51,120
210000338,40,42,-2
210000339,190,883,-693
210000340,56,272,-216
210000341,182,232,-50
210000342,152,166,-14
210000343,142,165,-23
210000344,114,123,-9
210000345,100,184,-84
210000346,93,94,-1
210000347,39,40,-1
210000348,74,35,39
210000349,72,26,46
210000350,143,60,83
210000351,171,88,83
210000352,59,63,-4
210000353,32,70,-38
210000354,51,52,-1
210000355,53,48,5
210000356,15,67,-52
210000357,52,65,-13
210000358,195,115,80
210000359,41,60,-19
210000360,165,103,62
210000361,139,110,29
210000362,193,107,86
210000363,536,169,367
210000364,91,111,-20
210000365,114,77,37
210000366,125,33,92
210000367,69,25,44
210000368,105,28,77
210000369,10,31,-21
210000370,38,27,11
210000372,30,32,-2
210000373,31,17,14
210000374,52,25,27
210000375,32,45,-13
210000376,64,92,-28
210000404,44,89,-45
210000439,34,37,-3
210000472,71,2,69
210000482,52,83,-31
210000564,258,185,73
210000567,3,31,-28
210000568,249,5,244
211000092,29,28,1
211000094,27,4,23
211000169,138,2,136
211000172,5,156,-151
211000209,0,37,-37
211000226,9,30,-21
211000270,34,11,23
211000275,9,8,1
211000276,55,14,41
211000279,7,15,-8
211000281,65,34,31
211000302,26,58,-32
211507980,1,51,-50
211977296,33,2,31
212000003,149,50,99
212000004,21,31,-10
212000005,31,39,-8
212000006,18,40,-22
212000008,139,101,38
212000009,21,88,-67
212000012,123,68,55
212000013,22,45,-23
212000014,214,114,100
212000015,327,177,150
212000016,388,377,11
212000027,447,282,165
212000028,365,295,70
212000029,192,216,-24
212000030,36,23,13
212000031,66,50,16
212000048,21,129,-108
212000049,26,89,-63
212000050,10,12,-2
212000051,178,115,63
212000052,163,129,34
212000053,331,275,56
212000054,229,69,160
212000055,238,134,104
212000056,9,29,-20
212000057,4,12,-8
212000058,191,40,151
212000070,84,111,-27
212000077,128,307,-179
212000099,251,231,20
212000108,151,141,10
212000111,202,56,146
212000120,68,46,22
212000138,111,28,83
212000156,8,66,-58
212000158,2,15,-13
212000159,376,56,320
212000160,624,216,408
212000161,60,7,53
212000310,45,9,36
212000311,12,66,-54
212000374,26,8,18
213000001,34,251,-217
213000005,329,108,221
213000006,780,252,528
213000007,111,18,93
213000009,642,401,241
213000010,189,281,-92
213000011,147,100,47
213000012,99,226,-127
213000014,77,22,55
213000015,196,3,193
213000016,358,0,358
213000017,59,1,58
213000018,0,119,-119
213000019,4,108,-104
213000020,89,292,-203
213000021,3,124,-121
213000023,302,149,153
213000033,275,1525,-1250
213000034,780,184,596
213000035,127,199,-72
213000045,153,201,-48
213000046,172,131,41
213000047,567,1088,-521
213000056,70,23,47
213000069,100,3,97
213000073,3,50,-47
213000074,52,251,-199
213000075,529,13,516
213000076,33,1,32
213000085,11,42,-31
213000086,28,119,-91
213000091,164,11,153
213000092,65,9,56
213000099,202,896,-694
213000100,906,218,688
213000101,362,89,273
213000102,434,171,263
213000103,714,643,71
213000104,65,251,-186
213000105,0,171,-171
213000106,45,78,-33
213000107,127,341,-214
213000108,34,269,-235
213000109,9,195,-186
213000110,17,41,-24
213000111,6,53,-47
213000112,89,86,3
213000115,59,9,50
213000116,40,264,-224
213000117,16,441,-425
213000118,385,226,159
213000119,49,461,-412
213000120,82,337,-255
213000122,118,332,-214
213000123,255,628,-373
213000124,90,671,-581
213000125,92,31,61
213000126,36,64,-28
213000127,128,163,-35
213000128,295,680,-385
213000129,221,633,-412
213000130,509,271,238
213000132,404,68,336
213000133,517,87,430
213000134,854,33,821
213000136,395,15,380
213000137,523,59,464
213000139,262,13,249
213000147,71,12,59
213000148,29,11,18
213000149,35,9,26
213000150,0,171,-171
213000151,11,112,-101
213000152,1,104,-103
213000153,2,106,-104
213000154,42,132,-90
213000155,35,119,-84
213000156,120,289,-169
213000157,417,259,158
213000158,276,758,-482
213000159,468,371,97
213000163,784,71,713
213000165,741,186,555
213000171,33,81,-48
213000172,46,180,-134
213000173,37,143,-106
213000174,5,89,-84
213000175,48,51,-3
213000176,13,106,-93
213000177,98,20,78
213000178,202,25,177
213000179,268,52,216
213000180,198,51,147
213000184,51,251,-200
213000188,259,126,133
213000189,318,51,267
213000190,781,502,279
213000191,304,297,7
213000192,209,205,4
213000193,658,233,425
213000194,1,80,-79
213000195,26,294,-268
213000196,293,907,-614
213000197,347,403,-56
213000198,53,2,51
213000200,117,553,-436
213000201,57,33,24
213000202,21,407,-386
213000203,2614,558,2056
213000204,665,50,615
213000205,177,63,114
213000206,317,30,287
213000207,118,11,107
213000208,67,5,62
213000209,122,14,108
213000210,274,4,270
213000211,5,21,-16
213000212,8,51,-43
213000213,13,68,-55
213000218,213,255,-42
213000219,372,16,356
213000220,390,3,387
213000223,111,203,-92
213000224,34,37,-3
213000225,57,7,50
213000226,39,20,19
213000227,748,154,594
213000228,306,76,230
213000229,126,31,95
213000230,399,29,370
213000232,36,838,-802
213000233,7,64,-57
213000234,1,43,-42
213000293,16,59,-43
213000294,100,22,78
213000295,15,72,-57
213000296,53,5,48
213000297,5,52,-47
213000298,13,52,-39
213000299,37,25,12
213000300,18,10,8
213000303,3,31,-28
213000304,1,16,-15
213000305,6,12,-6
213000306,44,17,27
213000307,88,52,36
213000308,86,113,-27
213000309,157,42,115
213000310,286,78,208
213000311,197,507,-310
213000315,118,64,54
213000316,114,41,73
213000322,48,45,3
213000323,41,54,-13
213000340,149,369,-220
213000341,508,63,445
213000346,147,203,-56
213000347,558,335,223
213000348,4,106,-102
213000349,31,9,22
213000350,302,548,-246
213000366,85,198,-113
213000367,250,29,221
213000379,56,48,8
213000386,20,222,-202
213000406,82,317,-235
213000417,961,297,664
213000425,205,26,179
213000426,155,39,116
213000427,38,138,-100
213000428,47,133,-86
213000429,6,8,-2
213000430,165,438,-273
213000431,41,1,40
213000432,1,28,-27
213000433,13,97,-84
213000435,130,77,53
213000439,64,16,48
213000441,7,1,6
213000443,258,197,61
213000445,1,70,-69
213000446,0,32,-32
213000447,1,44,-43
213000448,97,226,-129
213000449,410,5,405
213000450,61,71,-10
213000451,71,39,32
213000452,220,62,158
213000453,27,181,-154
213000455,300,24,276
213000456,0,294,-294
213000481,14,3,11
213000482,49,3,46
213000489,150,51,99
213000491,0,181,-181
213000492,159,0,159
213000493,0,81,-81
213000494,236,70,166
213000495,0,49,-49
213000496,305,122,183
213000497,32,196,-164
213000498,135,123,12
213000499,176,304,-128
213000500,387,49,338
213000501,138,29,109
213000502,131,77,54
213000503,2,57,-55
213000504,21,41,-20
213000505,9,7,2
213000506,0,5,-5
213000507,5,84,-79
213900244,42,0,42
213900245,0,9,-9
218000003,17,31,-14
218000004,14,34,-20
218000005,37,25,12
218000006,38,29,9
218000007,11,17,-6
218000012,109,127,-18
218000013,82,120,-38
218000014,335,251,84
218000019,558,371,187
218000020,235,321,-86
218000040,5,4,1
218000046,43,70,-27
218000047,17,159,-142
218000048,53,110,-57
218000049,97,81,16
218000050,275,262,13
218000051,64,209,-145
218000052,2,88,-86
218000053,2,16,-14
218000054,8,76,-68
218000055,7,47,-40
218000056,31,47,-16
218000057,0,27,-27
218000064,2,12,-10
218000065,74,24,50
218000066,11,26,-15
218000067,37,71,-34
218000068,64,50,14
218000069,230,118,112
218000070,200,151,49
218000071,166,129,37
218000072,176,149,27
218000078,787,450,337
218000079,135,74,61
218000080,111,63,48
218000081,355,123,232
218000082,39,76,-37
218000083,63,48,15
218000084,118,60,58
218000085,120,142,-22
218000086,89,79,10
218000087,153,82,71
218000090,10,90,-80
218000091,955,407,548
218000092,68,111,-43
218000093,59,51,8
218000094,331,371,-40
218000099,213,484,-271
218000100,244,193,51
218000101,292,75,217
218000102,280,149,131
218000103,53,69,-16
218000104,69,30,39
218000105,16,22,-6
218000106,15,10,5
218000107,53,20,33
218000108,5,32,-27
218000112,64,20,44
218000117,44,38,6
218000134,417,376,41
218000135,27,72,-45
218000136,112,115,-3
218000137,180,132,48
218000138,20,71,-51
218000139,161,273,-112
218000140,378,227,151
218000141,54,81,-27
218000142,194,120,74
218000143,86,235,-149
218000144,42,99,-57
218000145,367,307,60
218000146,98,138,-40
218000151,6,9,-3
218000152,87,20,67
218000170,4,27,-23
218000171,23,5,18
218000172,12,5,7
218000173,28,17,11
218000174,19,7,12
218000176,136,18,118
218000177,236,116,120
218000178,80,124,-44
218000179,107,46,61
218000180,64,10,54
218000181,148,28,120
218000187,7,25,-18
218000188,20,54,-34
218000189,9,54,-45
218000190,4,11,-7
218000191,148,37,111
218000192,135,105,30
218000193,303,215,88
218000194,87,182,-95
218000195,76,35,41
218000196,300,184,116
218000197,336,217,119
218000198,31,92,-61
218000199,34,31,3
218000200,79,17,62
218000201,12,7,5
218000202,72,229,-157
218000207,3,9,-6
218000208,24,13,11
218000211,31,26,5
218000213,83,124,-41
218000214,3,35,-32
218000215,35,67,-32
218000217,6,81,-75
218000218,116,64,52
218000219,17,16,1
218000220,34,307,-273
218000221,449,126,323
218000222,5,24,-19
218000223,12,219,-207
218000224,2,88,-86
218000225,112,15,97
218000226,65,18,47
218000232,36,34,2
218000239,99,6,93
218000240,8,7,1
218000241,27,4,23
218000242,23,4,19
218000243,40,5,35
218000244,62,8,54
218000245,15,2,13
218000246,5,2,3
218000247,2,1,1
218000248,0,25,-25
218000249,0,4,-4
218000250,1,5,-4
218000251,11,37,-26
218000252,3,115,-112
218000253,4,102,-98
218000254,6,55,-49
218000255,4,48,-44
218000256,7,88,-81
218000267,313,760,-447
218000268,28,24,4
218000269,4,6,-2
218000270,92,42,50
218000271,12,38,-26
218000273,13,7,6
218000274,20,5,15
218000275,44,44,0
218000276,14,35,-21
218000278,22,37,-15
218000279,114,32,82
218000280,6,35,-29
218000281,9,18,-9
218000282,387,448,-61
218000284,49,6,43
218000301,57,113,-56
218000302,66,37,29
218000303,26,61,-35
218000316,664,612,52
218000317,1147,636,511
218000318,614,490,124
218000319,901,574,327
218000320,708,332,376
218000338,63,34,29
218000345,67,60,7
218000346,35,124,-89
218000459,39,221,-182
218000490,16,28,-12
218000501,124,41,83
218000502,63,56,7
218000503,95,17,78
218000504,240,31,209
218000505,47,108,-61
218000506,35,241,-206
218000508,1,11,-10
218000510,167,9,158
218000520,95,110,-15
218000521,4,31,-27
218000522,1,81,-80
218000523,116,3,113
218000524,16,266,-250
218000525,119,38,81
218000526,29,165,-136
218000529,33,89,-56
218000531,18,8,10
218000532,12,16,-4
218000534,105,22,83
218000537,54,62,-8
218000538,92,205,-113
218000540,153,64,89
218000543,157,41,116
218000544,35,58,-23
218000545,54,48,6
218000546,35,48,-13
218000547,100,151,-51
218000548,62,71,-9
218000549,295,410,-115
218000550,152,187,-35
218000551,68,803,-735
218000552,219,84,135
218000553,23,95,-72
218000554,36,21,15
218000555,26,57,-31
218000556,125,140,-15
218000557,206,147,59
218000558,41,1,40
218000559,0,26,-26
218000560,0,32,-32
218000561,18,0,18
218000562,33,154,-121
218000563,146,15,131
218000564,5,75,-70
218000565,91,33,58
218000566,156,49,107
218000567,1,84,-83
218000568,76,0,76
218000569,7,207,-200
218000570,114,12,102
218000571,0,94,-94
218000572,131,2,129
218000573,10,209,-199
218000574,91,21,70
218000575,102,1,101
218000576,2,63,-61
218000577,75,1,74
218000578,0,163,-163
218000579,10,7,3
218000581,5,37,-32
218000582,23,4,19
218000583,2,3,-1
218000584,1,17,-16
218000585,52,1,51
218000586,7,41,-34
218000587,2,2,0
218000588,1,6,-5
218000589,2,5,-3
218000590,1,1,0
218000591,2,5,-3
218000592,3,0,3
218000593,5,0,5
218000594,2,0,2
218000597,2,0,2
218000598,0,0,0
218000599,3,0,3
218000600,1,0,1
218000601,0,2,-2
218000602,0,5,-5
218000603,0,2,-2
218000604,5,0,5
218000605,0,42,-42
218000606,89,0,89
218000607,9,33,-24
218000608,55,20,35
218000609,1,39,-38
218000610,48,5,43
218000611,24,0,24
218000612,2,30,-28
218000613,61,1,60
218000614,0,32,-32
218000615,120,0,120
218000616,1,146,-145
218000617,26,1,25
218000618,3,21,-18
218000619,25,10,15
218000620,5,31,-26
218000621,0,0,0
218000622,2,5,-3
218000623,47,2,45
218000624,2,10,-8
218000625,5,0,5
218000626,0,11,-11
218000628,124,36,88
218000631,35,21,14
218000632,1,110,-109
218000633,107,1,106
218000634,2,16,-14
218000635,27,10,17
218000636,554,629,-75
218000637,936,378,558
218000638,140,19,121
218000639,12,88,-76
218000640,149,5,144
218000641,55,146,-91
218000652,47,55,-8
218000653,107,22,85
218000663,13,192,-179
218000675,39,49,-10
218000680,236,222,14
218000681,358,141,217
218000691,152,117,35
218000693,234,130,104
218000718,143,741,-598
218000719,352,471,-119
218000720,11,281,-270
218000721,146,10,136
218001147,2,88,-86
218001214,5,26,-21
218001258,250,4,246
218001329,122,111,11
218001330,97,80,17
218001351,30,21,9
218001352,11,34,-23
218001353,12,8,4
218001354,9,32,-23
218001355,20,126,-106
218001356,338,19,319
218001357,46,125,-79
218001358,283,19,264
218001361,292,5,287
218001362,1,79,-78
219000001,17,29,-12
219000002,47,41,6
219000003,40,20,20
219000004,68,38,30
219000017,92,36,56
219000020,131,10,121
219000022,142,4,138
219000023,63,0,63
219000029,7,54,-47
219000034,36,20,16
219000039,62,57,5
219000040,41,41,0
219000041,126,25,101
219000051,0,25,-25
219000052,2,27,-25
219000053,0,62,-62
219000055,154,2,152
219000056,8,0,8
219000057,40,0,40
219000062,20,79,-59
219000063,65,7,58
219000064,0,46,-46
219000110,376,136,240
219000111,107,54,53
219000112,143,48,95
219000113,125,38,87
219000114,178,45,133
219000116,72,40,32
219000117,99,29,70
219000118,101,23,78
219000123,208,82,126
219000124,83,40,43
219000125,8,5,3
219000126,72,120,-48
219000127,1,8,-7
219000128,17,93,-76
219000129,12,90,-78
219000130,290,382,-92
219000131,492,662,-170
219000133,38,43,-5
219000134,10,39,-29
219000135,19,33,-14
219000136,71,172,-101
219000138,52,19,33
219000139,59,30,29
219000140,57,1,56
219000141,66,62,4
219000142,14,54,-40
219000143,10,42,-32
219000145,24,38,-14
219000146,5,15,-10
219000147,2,12,-10
219000148,1,14,-13
219000149,9,34,-25
219000150,2,33,-31
219000151,1,23,-22
219000157,228,111,117
219000158,155,173,-18
219000161,83,7,76
219000163,858,390,468
219000166,118,143,-25
219000167,79,137,-58
219000168,213,93,120
219000174,419,96,323
219000175,84,4,80
219000176,97,5,92
219000177,62,3,59
219000178,35,4,31
219000179,12,5,7
219000180,37,17,20
219000182,117,9,108
219000183,50,18,32
219000184,82,8,74
219000185,2,25,-23
219000186,51,14,37
219000187,17,55,-38
219000189,45,144,-99
219000190,51,187,-136
219000191,431,1087,-656
219000192,157,134,23
219000193,207,124,83
219000195,1,42,-41
219000196,6,65,-59
219000198,19,48,-29
219000199,57,113,-56
219000200,40,111,-71
219000201,47,140,-93
219000203,21,110,-89
219000204,71,231,-160
219000205,45,172,-127
219000207,161,133,28
219000209,35,65,-30
219000210,53,108,-55
219000213,10,83,-73
219000239,140,147,-7
219000240,190,200,-10
219000241,63,123,-60
219000242,49,134,-85
219000243,77,146,-69
219000244,23,49,-26
219000245,23,44,-21
219000246,34,35,-1
219000247,197,40,157
219000248,458,371,87
219000249,141,74,67
219000250,110,82,28
219000251,430,163,267
219000252,167,138,29
219000253,494,111,383
219000255,114,96,18
219000256,220,105,115
219000257,78,3,75
219000262,83,81,2
219000263,62,95,-33
219000267,3,45,-42
219000268,8,3,5
219000269,4,4,0
219000270,10,0,10
219000271,148,1,147
219000278,2,12,-10
219000279,2,3,-1
219000283,0,12,-12
219000295,16,77,-61
219000296,52,217,-165
219000297,9,79,-70
219000298,13,66,-53
219000299,330,50,280
219000300,24,106,-82
219000301,218,235,-17
219000302,21,197,-176
219000307,36,56,-20
219000308,32,33,-1
219000311,150,37,113
219000312,486,153,333
219000313,320,58,262
219000314,57,207,-150
219000315,196,18,178
219000316,434,52,382
219000317,127,19,108
219000320,1,49,-48
219000321,0,22,-22
219000323,2,37,-35
219000325,0,9,-9
219000326,45,34,11
219000327,49,33,16
219000328,33,27,6
219000329,202,114,88
219000330,18,29,-11
219000331,35,40,-5
219000332,111,66,45
219000333,16,2,14
219000335,85,3,82
219000337,19,1,18
219000338,40,1,39
219000344,8,54,-46
219000345,23,38,-15
219000346,41,74,-33
219000348,100,45,55
219000349,40,93,-53
219000350,92,173,-81
219000351,4,5,-1
219000352,259,98,161
219000353,84,39,45
219000354,160,78,82
219000355,125,53,72
219000356,680,1058,-378
219000363,185,59,126
219000364,135,43,92
219000365,109,13,96
219000366,202,268,-66
219000368,277,410,-133
219000370,784,489,295
219000371,21,25,-4
219000382,12,19,-7
219000383,428,881,-453
219000385,330,348,-18
219000386,523,1177,-654
219000387,3,16,-13
219000390,3,2,1
219000391,3,0,3
219000397,36,58,-22
219000398,71,30,41
219000401,8,81,-73
219000402,24,66,-42
219000403,130,222,-92
219000404,5,87,-82
219000407,8,18,-10
219000409,79,40,39
219000410,90,60,30
219000411,83,10,73
219000446,96,269,-173
219000447,5,17,-12
219000448,10,7,3
219000452,81,62,19
219000453,63,150,-87
219000454,149,195,-46
219000556,243,82,161
219000558,159,76,83
219000590,12,73,-61
219000591,95,94,1
219000592,78,199,-121
219000595,0,15,-15
219000635,165,42,123
219000636,25,47,-22
219000657,20,8,12
219000658,22,85,-63
219000673,0,9,-9
219000676,5,0,5
219000679,34,8,26
219000684,75,1,74
219000685,0,31,-31
219000686,0,1,-1
219000688,0,36,-36
219000689,16,121,-105
219000690,84,9,75
219000691,56,119,-63
219000692,125,24,101
219000693,0,8,-8
219000694,5,0,5
219000695,53,0,53
219000698,19,0,19
219000699,0,49,-49
219000727,1,164,-163
219000728,157,3,154
219000770,65,1,64
219000771,2,29,-27
219000788,208,211,-3
219001150,1,18,-17
219001151,0,0,0
219001166,26,28,-2
219001167,3,61,-58
219001178,56,0,56
220000001,25,68,-43
220000002,2,65,-63
220000003,246,121,125
220000004,271,272,-1
220000005,697,876,-179
220000006,155,463,-308
220000007,306,296,10
220000008,260,470,-210
220000009,185,249,-64
220000010,120,88,32
220000011,338,2527,-2189
220000012,44,140,-96
220000014,98,39,59
220000015,48,253,-205
220000017,72,184,-112
220000018,2534,538,1996
220000019,59,296,-237
220000020,286,148,138
220000021,597,114,483
220000022,714,390,324
220000023,327,136,191
220000024,1218,320,898
220000025,557,745,-188
220000026,272,270,2
220000027,23,84,-61
220000028,33,54,-21
220000029,35,86,-51
220000030,36,57,-21
220000031,392,317,75
220000064,26,626,-600
221000046,13,0,13
221000047,0,7,-7
221000048,0,2,-2
221000049,0,4,-4
221000050,10,0,10
221000055,22,34,-12
221000068,251,95,156
221000069,227,48,179
221000070,169,25,144
221000071,76,6,70
221000072,211,11,200
221000073,120,44,76
221000074,0,15,-15
221000075,12,14,-2
221000076,9,31,-22
221000077,32,63,-31
221000081,87,20,67
221000082,48,1,47
221000083,29,1,28
221000084,6,0,6
221000085,5,43,-38
221000086,6,68,-62
221000087,3,90,-87
221000088,17,117,-100
221000089,32,172,-140
221000090,105,368,-263
221000098,82,13,69
221000099,164,14,150
221000100,95,10,85
221000101,270,13,257
221000102,0,0,0
221000107,12,1,11
221000108,15,2,13
221000109,1,13,-12
221000110,13,106,-93
221000111,25,124,-99
221000112,11,119,-108
221000113,14,101,-87
221000114,8,112,-104
221000120,29,25,4
221000121,3,34,-31
221000122,86,42,44
221000123,10,22,-12
221000124,19,77,-58
221000155,68,18,50
221000156,59,32,27
221000175,2,19,-17
221000176,0,2,-2
221000182,34,9,25
221000241,570,209,361
221000242,115,324,-209
221000243,556,140,416
221000244,237,353,-116
221000245,91,96,-5
221000246,32,197,-165
221000247,138,87,51
221000248,122,145,-23
221000267,30,397,-367
221000325,43,47,-4
221000331,5,42,-37
221000338,9,59,-50
221000378,174,33,141
221000381,73,34,39
222000282,8,2,6
222000296,3,14,-11
222000568,341,20,321
222000569,168,48,120
222000570,122,26,96
222000571,244,16,228
222000577,3,101,-98
222000578,35,117,-82
222000579,29,110,-81
222000580,69,532,-463
222000599,0,76,-76
222000600,1,185,-184
222000601,4,552,-548
222000603,14,34,-20
222000604,5,30,-25
222000605,20,43,-23
222000606,3,20,-17
222000607,7,10,-3
222000608,18,30,-12
222000609,48,85,-37
222000616,256,25,231
222000617,28,15,13
222000618,9,10,-1
222000620,33,22,11
222000621,36,12,24
222000623,391,8,383
222000624,267,6,261
222000625,482,15,467
222000636,43,6,37
222000686,77,18,59
222000687,51,10,41
222001066,165,0,165
222001067,12,2,10
222001068,40,3,37
222001069,30,15,15
222001082,4,19,-15
222001083,17,30,-13
222001084,0,27,-27
222001085,1,79,-78
222001111,31,105,-74
222001112,118,13,105
222001313,16,10,6
222001314,2,84,-82
222001464,158,23,135
222001465,18,67,-49
222001484,106,26,80
222001485,14,65,-51
222001494,434,95,339
222001495,81,164,-83
222001496,272,100,172
222001497,84,165,-81
222001502,16,74,-58
222001503,129,25,104
222001504,38,208,-170
222001505,260,11,249
222001506,23,224,-201
222001507,249,25,224
222001510,463,13,450
222001511,42,199,-157
222001514,443,98,345
222001515,131,315,-184
222001518,297,54,243
222001519,48,140,-92
222001527,141,45,96
222001528,15,87,-72
222001529,266,46,220
222001530,44,111,-67
222001533,133,151,-18
222001534,255,55,200
222001535,225,156,69
222001536,35,111,-76
222001537,234,33,201
222001538,41,238,-197
222001563,820,114,706
222001564,52,278,-226
222001568,183,122,61
222001576,1,3,-2
222001579,0,29,-29
222001583,9,57,-48
222001584,112,14,98
222001596,370,808,-438
222001597,1277,293,984
222001626,1,89,-88
222001650,38,58,-20
222001651,53,173,-120
222001914,129,64,65
222001915,35,145,-110
222001968,369,193,176
222001969,346,356,-10
222001970,166,154,12
222001971,23,2,21
222001972,4,13,-9
225000001,327,130,197
225000002,546,109,437
225000003,479,64,415
225000004,275,145,130
225000005,58,61,-3
225000006,0,109,-109
225000007,860,999,-139
225000010,230,11,219
225000011,236,794,-558
225000012,155,412,-257
225000013,74,65,9
225000014,629,61,568
225000015,75,113,-38
225000021,501,145,356
225000027,155,307,-152
225000032,498,121,377
225000042,67,431,-364
225000049,18,53,-35
225000050,64,7,57
225000053,3,156,-153
225000058,532,92,440
225000067,116,113,3
225000068,99,194,-95
225000069,95,319,-224
225000070,72,271,-199
225000071,32,77,-45
225000075,14,577,-563
225000076,79,101,-22
225000078,52,29,23
225000085,67,145,-78
225000086,239,56,183
225000087,158,25,133
225000088,6,113,-107
225000089,202,751,-549
225000090,29,341,-312
225000091,176,98,78
225000092,18,45,-27
225000093,153,205,-52
225000094,12,141,-129
225000095,254,189,65
225000096,311,238,73
225000098,649,279,370
225000099,319,122,197
225000100,511,150,361
225000104,262,482,-220
225000110,22,520,-498
225000111,360,1230,-870
225000112,660,1670,-1010
225000113,388,892,-504
225000114,66,318,-252
225000115,1702,940,762
225000116,1620,304,1316
225000117,1064,394,670
225000118,1506,362,1144
225000119,384,132,252
225000120,972,80,892
225000121,304,34,270
225000123,936,18,918
225000125,688,238,450
225000126,1022,298,724
225000127,1044,2128,-1084
225000128,826,1286,-460
225000132,444,50,394
225000133,302,46,256
225000134,1098,228,870
225000135,90,16,74
225000136,552,16,536
225000137,474,60,414
225000138,692,100,592
225000143,94,266,-172
225000144,4,478,-474
225000145,78,40,38
225000146,90,148,-58
225000147,56,288,-232
225000148,24,254,-230
225000149,78,538,-460
225000151,46,198,-152
225000155,798,644,154
225000156,266,1122,-856
225000157,360,486,-126
225000158,126,330,-204
225000171,2,258,-256
225000180,76,6,70
225000181,0,92,-92
225000182,110,10,100
225000185,18,710,-692
225000187,60,480,-420
225000191,134,8,126
225000194,2,76,-74
225000208,2,40,-38
225000209,144,18,126
225000210,30,228,-198
225000217,0,36,-36
225000218,20,0,20
225000223,0,128,-128
225000224,82,2,80
225000225,4,54,-50
225000226,160,2,158
225000227,90,152,-62
225000228,20,4,16
225000229,0,72,-72
225000230,38,2,36
225000231,0,114,-114
225000232,238,2,236
225000241,152,2,150
225000242,0,82,-82
225000249,20,2,18
225000250,62,808,-746
225000251,508,34,474
226000042,422,604,-182
226000043,78,376,-298
226000044,252,596,-344
226000045,76,476,-400
226000046,752,122,630
226000047,674,188,486
226000048,646,142,504
226000049,486,294,192
226000070,0,68,-68
226000071,0,102,-102
226000072,0,24,-24
226000073,4,10,-6
226000074,0,34,-34
226000084,10,100,-90
226000085,2,14,-12
226000086,8,20,-12
226000087,4,26,-22
226000088,16,18,-2
226000090,364,354,10
226000091,32,86,-54
226000092,4,20,-16
226000093,42,4,38
226000094,6,4,2
226000095,22,6,16
226000105,48,6,42
226000106,6,0,6
226000107,2,2,0
226000108,40,0,40
226000109,132,2,130
226000124,206,132,74
226000134,1234,616,618
226000135,2036,944,1092
226000136,822,844,-22
226000137,38,430,-392
226000138,16,232,-216
226000139,2,54,-52
226000156,364,6,358
226000157,272,34,238
226000163,208,234,-26
226000202,12,410,-398
226000231,962,38,924
226000232,66,12,54
227000033,592,138,454
227000036,664,64,600
227000037,606,88,518
227000038,412,90,322
227000049,0,70,-70
227000050,0,90,-90
227000055,198,4,194
227000056,88,0,88
227000084,2,128,-126
227000085,0,60,-60
227000088,74,10,64
227000089,220,4,216
227000090,62,10,52
227000091,68,8,60
227000093,234,0,234
227000094,66,2,64
227000130,60,170,-110
227000131,50,246,-196
227000132,6,254,-248
227000133,16,234,-218
227000134,58,392,-334
227000152,0,22,-22
227000153,0,88,-88
227000155,2,34,-32
227000156,2,10,-8
227000165,8,78,-70
227000196,458,188,270
227000199,464,328,136
227000230,18,262,-244
227000232,520,24,496
227000242,134,578,-444
227000243,804,140,664
227000245,44,518,-474
227000246,176,430,-254
227000247,604,142,462
227000248,364,70,294
227000249,64,296,-232
227000250,604,342,262
227000251,218,338,-120
227000252,46,302,-256
227000253,282,44,238
227000262,716,80,636
227000266,1754,42,1712
227000267,50,1276,-1226
227000282,6,106,-100
227000284,582,28,554
227000286,8,44,-36
227000287,16,74,-58
227000291,8,378,-370
227000484,220,14,206
227000485,18,770,-752
227000655,162,4,158
227000656,654,24,630
227000657,124,16,108
227000661,112,16,96
227000680,648,248,400
229000265,24,50,-26
229000296,2,24,-22
229000297,8,38,-30
229000298,8,190,-182
229000320,6,16,-10
229000321,30,4,26
229000412,20,86,-66
229000414,22,86,-64
229000415,40,8,32
229000416,2,20,-18
229000417,6,8,-2
229000419,98,424,-326
229000440,464,66,398
229000442,8,4,4
229000443,4,8,-4
229000444,12,74,-62
229000445,58,4,54
229000446,58,34,24
229000847,94,0,94
229000848,54,0,54
229000849,148,2,146
229000851,72,0,72
229000854,0,6,-6
229000856,2,52,-50
229000857,0,16,-16
229000858,0,30,-30
229000919,30,94,-64
229000930,0,344,-344
229000937,182,8,174
229000966,82,18,64
229000981,16,52,-36
229000985,38,40,-2
229000986,0,6,-6
229000987,0,2,-2
229000988,8,4,4
229000989,24,10,14
229000990,0,2,-2
229000991,0,0,0
229000992,18,20,-2
229000993,148,32,116
229000998,20,82,-62
229000999,62,12,50
229001034,0,16,-16
229001035,12,12,0
229001037,78,2,76
229001042,12,42,-30
229001047,22,58,-36
229001050,60,64,-4
229001200,8,6,2
229001338,4,16,-12
229001394,306,10,296
229001422,226,44,182
229001423,44,188,-144
229001431,68,124,-56
229001432,78,60,18
229001444,168,28,140
229001445,28,168,-140
229001503,400,156,244
229001504,160,214,-54
229001505,244,86,158
229001506,88,182,-94
229001509,64,30,34
229001545,152,10,142
229001546,16,150,-134
229001553,114,22,92
229001554,44,94,-50
229001559,6,4,2
229001560,10,26,-16
229001630,80,22,58
229001631,8,36,-28
229001635,6,42,-36
229001636,22,0,22
229001658,4,136,-132
229001659,144,0,144
229001660,14,0,14
229001661,4,40,-36
229001662,28,0,28
229001663,0,20,-20
229002584,234,152,82
229002831,180,180,0
229002841,16,42,-26
229002842,30,28,2
229002843,68,12,56
229002844,66,62,4
229002845,28,162,-134
229002846,98,20,78
229002847,0,10,-10
229002848,16,10,6
229002849,4,230,-226
229002850,14,0,14
229002851,58,318,-260
229002852,370,32,338
229002853,258,14,244
229002854,54,84,-30
229002855,18,42,-24
229002856,70,40,30
229002857,10,380,-370
229002858,46,10,36
229002859,46,410,-364
229002860,546,28,518
229002861,58,30,28
229002862,50,28,22
229002863,30,22,8
229002864,84,40,44
229002865,16,22,-6
229002866,28,28,0
229002867,4,20,-16
229002868,2,14,-12
229002869,30,178,-148
229002870,60,26,34
235000066,494,98,396
235000067,196,144,52
235000072,56,78,-22
235000073,188,476,-288
235000074,74,98,-24
235000080,28,160,-132
235000081,202,174,28
235000082,454,56,398
235000083,324,106,218
235000084,114,76,38
235000085,278,80,198
235000089,28,38,-10
235000092,50,264,-214
235000093,10,4,6
235000097,8,16,-8
235000098,140,22,118
235000099,48,34,14
235000116,110,22,88
235000117,800,20,780
235000133,30,836,-806
235000134,42,320,-278
235000206,20,10,10
235000207,16,2,14
235000208,4,2,2
235000209,14,8,6
235000210,6,0,6
235000212,8,32,-24
235000213,2,10,-8
235000220,6,14,-8
235000221,44,34,10
235000238,14,152,-138
235000239,0,78,-78
235000242,428,1246,-818
235000245,770,262,508
235000246,22,106,-84
235000284,10,266,-256
235000295,122,16,106
235000305,340,30,310
235000306,344,12,332
235000307,30,8,22
235000308,20,4,16
235000309,78,0,78
235000310,50,0,50
235000311,98,24,74
235000322,0,28,-28
235000323,0,122,-122
235000324,0,48,-48
235000325,0,18,-18
235000326,2,204,-202
235000351,6,142,-136
235000352,10,82,-72
235000353,8,60,-52
235000354,58,54,4
235000355,12,94,-82
235000356,90,18,72
235000357,64,20,44
235000358,160,16,144
235000359,32,16,16
235000360,40,16,24
235000361,84,4,80
235000381,156,188,-32
235000382,288,60,228
235000390,24,6,18
235000391,284,34,250
235000392,338,442,-104
235000393,250,308,-58
235000395,202,42,160
235000396,674,62,612
235000400,124,140,-16
235000401,20,148,-128
235000405,136,288,-152
235000406,86,296,-210
235000407,88,106,-18
235000409,254,160,94
235000410,76,330,-254
235000411,2,74,-72
235000485,0,16,-16
235000486,56,0,56
235000549,196,120,76
235000550,224,240,-16
235000599,266,54,212
235000600,20,32,-12
235000601,26,42,-16
235000602,132,108,24
235000614,6,6,0
235000648,2,26,-24
235000649,78,4,74
235000685,4,4,0
235000815,62,140,-78
235000834,0,14,-14
235000855,68,74,-6
235000862,56,132,-76
235000891,0,28,-28
235000892,24,2,22
235000901,94,98,-4
235000907,20,30,-10
235001010,72,58,14
235001029,632,440,192
235001030,636,274,362
235001078,178,182,-4
235001079,134,112,22
235001147,60,80,-20
235001166,16,84,-68
235001167,100,54,46
235001169,66,514,-448
235001188,6,14,-8
235001189,24,0,24
235001197,12,46,-34
235001200,102,76,26
235001207,752,116,636
235001210,168,202,-34
235001215,42,234,-192
235001239,0,42,-42
235001244,0,12,-12
235016267,0,72,-72
277102712,4,2,2
277103813,2,0,2
277103814,0,0,0
277104249,0,6,-6
277104250,0,16,-16
277104251,0,14,-14
277104252,0,2,-2
990011530,0,276,-276
990014944,0,534,-534
990015176,86,0,86
990015618,0,50,-50
990016032,2,308,-306
990032570,0,32,-32
990070001,102,2,100
990070103,0,6,-6
990070601,0,66,-66
990070751,1742,8,1734
990070766,0,588,-588
990071180,620,266,354
990071343,28,6,22
990071387,0,36,-36
990071823,40,0,40
990072600,8,1680,-1672
990072964,2,460,-458
990073285,0,0,0
990074393,2,960,-958
990074870,2214,72,2142
990075106,1744,10,1734
990075746,944,16,928
990076437,2226,10,2216
990076458,2,1046,-1044
997000007,1192,52,1140
997000041,2,300,-298
997000058,50,0,50
997000062,58,12,46
997000069,0,6,-6
997000070,0,12,-12
997000100,72,0,72
997000141,0,1524,-1524
997000198,474,1808,-1334
998000475,0,54,-54
998000736,0,176,-176
998000965,0,8,-8
998001031,0,136,-136
998001700,0,0,0
998001899,0,2,-2
998001900,12,0,12
998003073,1344,2,1342
998101900,0,0,0
998102850,2,332,-330
998501927,1244,1486,-242
998501929,98,2,96
998501930,84,0,84
998501931,192,30,162
998501932,8,0,8
998501933,146,56,90
998501937,26,0,26
998501944,20,0,20
998501950,0,8,-8
998501970,92,8,84
998501971,0,102,-102
998501973,0,42,-42
998501974,2,284,-282
998501975,174,0,174
998501976,288,2,286
998501977,10,32,-22
998501978,16,0,16
998501979,0,20,-20
998501980,38,0,38
998501981,140,2,138
998501982,0,118,-118
998501983,0,2,-2
998502006,0,0,0
998502024,0,8,-8
998502032,0,0,0
998502062,26,0,26
998502063,0,0,0
998502173,64,0,64
998502269,0,6,-6
998502546,0,256,-256
998502578,0,2,-2
998502599,72,482,-410
998502621,0,4,-4
998601159,0,152,-152
998601292,0,26,-26
999033574,2,386,-384
999800001,38,4,34
999800002,0,2,-2
999800003,6,6,0
999800004,0,2,-2
999800005,0,12,-12
