ID,insum,outsum,diff
100000001,577,457,120
100000002,1228,428,800
100000003,4814,1705,3109
100000004,1323,592,731
100000005,1288,1773,-485
100000006,190,56,134
100000007,1114,351,763
100000008,126,431,-305
100000009,128,117,11
100000010,12,37,-25
100000011,319,35,284
100000012,40,579,-539
100000013,27,134,-107
100000014,193,269,-76
100000015,1080,827,253
100000016,794,1123,-329
100000017,562,774,-212
100000018,1205,426,779
100000019,3946,1192,2754
100000020,1285,2240,-955
100000021,5648,1696,3952
100000022,1251,600,651
100000023,4822,717,4105
100000025,2291,360,1931
100000028,1637,545,1092
100000029,280,155,125
100000030,440,31,409
100000031,3896,3280,616
100000032,2008,1931,77
100000033,525,1219,-694
100000034,620,263,357
100000035,1359,491,868
100000036,2491,688,1803
100000037,344,329,15
100000038,714,602,112
100000039,473,86,387
100000040,85,53,32
100000041,512,238,274
100000042,499,226,273
100000043,541,212,329
100000044,366,587,-221
100000045,371,1115,-744
100000046,620,1004,-384
100000047,231,708,-477
100000048,324,538,-214
100000049,1393,2230,-837
100000051,343,974,-631
100000053,11,8,3
100000054,112,17,95
100000055,320,179,141
100000056,206,441,-235
100000057,1271,667,604
100000058,807,1171,-364
100000059,3,103,-100
100000060,165,220,-55
100000061,1172,328,844
100000062,970,396,574
100000063,276,174,102
100000064,600,247,353
100000065,350,830,-480
100000066,188,834,-646
100000067,332,645,-313
100000068,436,1360,-924
100000069,165,1482,-1317
100000072,323,805,-482
100000073,886,1011,-125
100000075,332,211,121
100000076,1610,1051,559
100000077,685,87,598
100000078,78,16,62
100000079,31,19,12
100000080,9,2,7
100000081,47,20,27
100000102,2264,940,1324
100000103,2965,553,2412
100000104,4233,787,3446
100000105,3203,409,2794
100000106,2122,1138,984
100000107,552,238,314
100000108,887,796,91
100000109,3117,847,2270
100000116,1150,332,818
100000117,17,23,-6
100000118,785,497,288
100000119,363,384,-21
100000121,141,512,-371
100000122,915,634,281
100000123,3077,2984,93
100000124,5906,3966,1940
100000125,2424,468,1956
100000126,480,153,327
100000127,1339,252,1087
100000128,495,624,-129
100000129,359,249,110
100000130,292,520,-228
100000131,3120,2100,1020
100000132,1516,1121,395
100000133,6665,2186,4479
100000135,311,493,-182
100000139,123,191,-68
100000140,144,242,-98
100000142,209,371,-162
100000143,1501,710,791
100000144,3479,746,2733
100000147,761,1638,-877
100000150,23,345,-322
100000151,425,312,113
100000153,275,213,62
100000154,99,41,58
100000155,5,19,-14
100000156,61,36,25
100000157,20,205,-185
100000158,31,116,-85
100000159,334,284,50
100000165,819,537,282
100000169,636,326,310
100000174,1311,344,967
100000179,64,482,-418
100000180,673,792,-119
100000181,86,241,-155
100000188,56,254,-198
100000189,440,202,238
100000190,300,286,14
100000191,434,314,120
100000192,60,48,12
100000193,69,129,-60
100000330,1847,393,1454
100000355,95,408,-313
100000362,3986,2864,1122
100000363,1663,2328,-665
100000364,279,81,198
100000365,2577,4938,-2361
100000366,3177,1880,1297
100000367,2024,2850,-826
100000368,1790,1495,295
100000369,759,778,-19
100000370,86,229,-143
100000376,72,54,18
100000379,2135,756,1379
100000380,2828,1163,1665
100000384,4295,1877,2418
100000385,4559,2363,2196
100000386,7827,2285,5542
100000387,6519,2622,3897
100000388,8824,2739,6085
100000389,8153,2839,5314
100000390,8921,2117,6804
100000391,5289,2757,2532
100000392,2620,872,1748
100000393,1112,1006,106
100000394,5407,2064,3343
100000395,3013,876,2137
100000396,4050,1154,2896
100000397,2188,1268,920
100000398,8456,5863,2593
100000413,24,1,23
100900002,1,53,-52
100900003,211,59,152
100900004,14,633,-619
100900005,76,11,65
100900006,7,126,-119
100900007,354,5,349
100900008,5,371,-366
100900009,24,40,-16
100900010,11,104,-93
100900011,35,276,-241
100900012,1,231,-230
100900013,297,7,290
100900014,0,7,-7
100900015,81,76,5
100900016,0,29,-29
100900017,333,65,268
100900018,0,7,-7
100900019,5,34,-29
100900020,181,1,180
100900021,234,0,234
100900022,7,7,0
100900023,0,15,-15
100900024,605,0,605
100900025,6,10,-4
100900026,59,160,-101
100900027,464,1347,-883
100900028,87,108,-21
100900029,62,7,55
100900030,3,10,-7
100900031,227,61,166
100900032,66,0,66
100900033,160,58,102
100900034,216,0,216
100900035,713,1,712
100900036,11,2,9
100900037,18,279,-261
100900038,57,12,45
100900039,247,572,-325
100900040,142,712,-570
100900041,186,884,-698
100900042,388,124,264
100900043,0,6,-6
100900044,2491,271,2220
100900045,56,0,56
100900046,486,6,480
100900047,664,65,599
100900048,108,11,97
100900049,52,205,-153
100900050,0,19,-19
100900051,46,38,8
100900052,86,25,61
100900053,89,17,72
100900054,6,85,-79
100900055,112,253,-141
100900056,56,237,-181
100900057,329,484,-155
100900058,115,29,86
100900059,38,5,33
100900060,67,1,66
100900061,266,184,82
100900062,0,59,-59
100900063,108,277,-169
100900064,421,6,415
100900065,54,37,17
100900066,26,51,-25
100900067,5,6,-1
100900068,26,165,-139
100900069,363,2,361
100900070,107,2,105
100900071,575,221,354
100900072,0,57,-57
100900073,46,468,-422
100900074,2,3,-1
100900075,1882,199,1683
100900076,32,40,-8
100900077,11,156,-145
100900078,34,130,-96
100900079,9,19,-10
100900080,8,153,-145
100900081,14,60,-46
100900082,58,697,-639
100900083,4,24,-20
100900085,3,42,-39
100900086,99,375,-276
100900088,32,713,-681
100900089,3,17,-14
100900090,84,256,-172
100900091,5,16,-11
100900092,115,124,-9
100900093,87,110,-23
100900094,48,642,-594
100900095,2,22,-20
100900096,22,63,-41
100900097,0,7,-7
100900098,10,11,-1
100900099,26,506,-480
100900100,8,202,-194
100900101,291,21,270
100900102,66,23,43
100900103,1,7,-6
100900104,8,153,-145
100900105,12,53,-41
100900106,34,0,34
100900107,1300,313,987
100900108,2,4,-2
100900109,6,17,-11
100900110,4,37,-33
100900111,51,124,-73
100900112,0,5,-5
100900113,8,16,-8
100900114,2,19,-17
100900115,0,20,-20
100900116,505,346,159
100900117,178,332,-154
100900118,85,79,6
100900119,3,15,-12
100900120,2,29,-27
100900121,179,248,-69
100900122,105,135,-30
100900123,68,87,-19
100900124,0,4,-4
100900125,17,108,-91
100900126,65,131,-66
100900127,0,5,-5
100900128,69,81,-12
100900129,0,75,-75
100900131,28,95,-67
100900133,34,39,-5
100900134,1,4,-3
100900135,0,79,-79
100900137,212,120,92
100900138,267,212,55
100900139,0,6,-6
100900140,6,758,-752
100900141,1,231,-230
100900142,0,5,-5
100900143,665,227,438
100900144,7,3,4
100900145,6,98,-92
100900146,3,17,-14
100900147,9,150,-141
100900148,24,891,-867
100900149,3,97,-94
100900150,0,12,-12
100900151,67,447,-380
100900152,62,7,55
100900153,0,122,-122
100900154,0,16,-16
100900155,1,6,-5
100900156,6,0,6
100900157,1,84,-83
100900159,0,16,-16
100900160,9,14,-5
100900161,94,2,92
100900162,6,116,-110
100900163,113,137,-24
100900164,10,13,-3
100900165,12,27,-15
100900166,16,2,14
100900167,5,58,-53
100900168,7,84,-77
100900169,149,881,-732
100900170,11,7,4
100900171,13,578,-565
100900172,0,3,-3
100900173,3,523,-520
100900174,246,44,202
100900176,1064,61,1003
100900177,769,170,599
100900178,292,93,199
100900179,65,22,43
100900180,3,2,1
100900181,65,9,56
100900182,20,16,4
100900184,1,125,-124
100900186,821,452,369
100900187,5,147,-142
100900188,32,6,26
100900189,584,107,477
100900191,902,585,317
100900192,279,120,159
100900195,70,102,-32
100900197,28,111,-83
100900198,6,175,-169
100900199,23,11,12
100900200,465,349,116
100900201,29,758,-729
100900202,1,0,1
100900203,0,48,-48
100900204,151,90,61
100900205,54,257,-203
100900206,33,34,-1
100900207,119,59,60
100900210,53,683,-630
100900211,222,42,180
100900213,13,4,9
100900214,750,41,709
100900215,0,28,-28
100900217,61,36,25
101000001,3696,2010,1686
101000002,3298,2688,610
101000003,658,1087,-429
101000004,6916,5259,1657
101000005,3738,3480,258
101000006,6085,4773,1312
101000007,1543,2117,-574
101000008,3040,2106,934
101000009,1028,1918,-890
101000010,657,1237,-580
101000011,1728,578,1150
101000012,1470,313,1157
101000013,360,630,-270
101000014,449,520,-71
101000015,613,677,-64
101000016,389,257,132
101000017,390,366,24
101000018,3757,1995,1762
101000020,3472,961,2511
101000021,1069,188,881
101000022,358,65,293
101000023,1480,591,889
101000025,99,262,-163
101000026,328,13,315
101000027,1304,1028,276
101000028,647,110,537
101000029,24,476,-452
101000030,639,53,586
101000031,490,103,387
101000032,4959,1427,3532
101000033,2082,1416,666
101000034,2595,773,1822
101000035,1069,191,878
101000036,1421,243,1178
101000037,4565,784,3781
101000039,2822,795,2027
101000040,3735,2129,1606
101000041,10716,2095,8621
101000042,622,405,217
101000043,7224,1640,5584
101000045,1555,239,1316
101000046,1929,462,1467
101000047,958,765,193
101000048,648,689,-41
101000049,696,632,64
101000050,1790,820,970
101000051,2371,862,1509
101000052,1496,351,1145
101000053,803,1023,-220
101000054,1276,1250,26
101000055,1169,753,416
101000056,45,41,4
101000057,2453,384,2069
101000058,1644,514,1130
101000059,3310,1216,2094
101000060,1813,201,1612
101000061,1110,610,500
101000062,937,246,691
101000063,423,336,87
101000064,1115,242,873
101000065,198,240,-42
101000066,289,152,137
101000067,615,265,350
101000068,311,112,199
101000069,231,40,191
101000070,1399,636,763
101000071,1533,612,921
101000072,840,2448,-1608
101000073,433,306,127
101000074,3132,2021,1111
101000075,4767,2781,1986
101000077,953,1290,-337
101000078,899,1376,-477
101000079,257,406,-149
101000080,395,426,-31
101000081,957,983,-26
101000082,2998,2208,790
101000083,1491,1343,148
101000084,1094,1092,2
101000085,1499,774,725
101000086,1105,953,152
101000087,841,1112,-271
101000088,782,774,8
101000089,670,1155,-485
101000090,2167,1324,843
101000091,285,1881,-1596
101000092,626,1002,-376
101000093,1220,577,643
101000094,464,1038,-574
101000095,262,699,-437
101000096,166,592,-426
101000097,278,250,28
101000098,397,386,11
101000099,710,929,-219
101000100,727,385,342
101000101,324,251,73
101000102,892,262,630
101000103,708,280,428
101000104,273,275,-2
101000105,864,182,682
101000106,573,271,302
101000107,177,354,-177
101000108,1355,323,1032
101000109,153,55,98
101000110,41,647,-606
101000111,45,173,-128
101000113,79,338,-259
101000114,2833,898,1935
101000115,121,129,-8
101000116,87,208,-121
101000117,344,194,150
101000119,119,12,107
101000120,164,16,148
101000121,44,19,25
101000122,87,48,39
101000123,30,26,4
101000124,113,357,-244
101000125,100,287,-187
101000128,779,341,438
101000130,173,181,-8
101000131,326,652,-326
101000132,303,1457,-1154
101000135,61,9,52
101000136,145,68,77
101000137,19,164,-145
101000141,1834,1302,532
101000147,712,483,229
101000148,2074,15,2059
101000149,62,47,15
101000150,36,985,-949
101000151,92,64,28
101000152,268,242,26
101000153,486,414,72
101000154,114,1719,-1605
101000155,112,150,-38
101000156,16,212,-196
101000157,24,25,-1
101000160,21,50,-29
101000163,108,73,35
101000164,412,295,117
101000165,154,353,-199
101000166,242,311,-69
101000168,617,292,325
101000252,1058,643,415
101000254,387,23,364
101000258,39,8,31
101000261,48,144,-96
101000262,578,833,-255
101000263,143,487,-344
101000265,24,395,-371
101000266,289,178,111
101000269,96,7,89
101000290,1348,1388,-40
101000293,7,39,-32
101000294,324,470,-146
101000295,145,346,-201
101000301,600,151,449
101000304,1601,1876,-275
101000305,2019,1245,774
101000328,43,297,-254
101900001,12,48,-36
101900002,0,11,-11
101900003,70,84,-14
101900004,6,44,-38
101900005,5140,891,4249
101900006,651,12,639
101900007,346,29,317
101900008,92,122,-30
101900009,24,289,-265
101900010,844,379,465
101900011,207,909,-702
101900012,65,172,-107
101900013,999,68,931
101900017,10,87,-77
101900018,1772,160,1612
101900019,182,70,112
101900020,65,80,-15
101900021,1,48,-47
101900022,63,1414,-1351
101900023,57,162,-105
101900026,90,24,66
101900027,4,78,-74
102000001,1870,3108,-1238
102000002,2288,1005,1283
102000003,3038,3623,-585
102000004,7923,2067,5856
102000005,1207,1602,-395
102000006,1752,1251,501
102000007,1132,2965,-1833
102000008,5492,1456,4036
102000009,4336,5490,-1154
102000010,5502,3010,2492
102000011,2013,1660,353
102000012,2829,2741,88
102000018,3074,2044,1030
102000019,2460,1284,1176
102000026,215,483,-268
102000029,381,190,191
102000030,68,237,-169
102000031,29,246,-217
102000032,200,261,-61
102000033,133,410,-277
102000034,389,346,43
102000035,967,511,456
102000036,5,223,-218
102000037,114,79,35
102000038,180,74,106
102000039,140,41,99
102000040,450,68,382
102000041,133,204,-71
102000042,177,79,98
102000043,349,165,184
102000044,392,455,-63
102000045,499,911,-412
102000046,714,386,328
102000047,549,1011,-462
102000048,154,640,-486
102000049,763,493,270
102000050,761,876,-115
102000051,331,481,-150
102000052,901,684,217
102000053,620,676,-56
102000054,210,706,-496
102000055,462,1092,-630
102000056,342,1248,-906
102000057,920,446,474
102000058,884,1871,-987
102000059,961,1355,-394
102000060,762,810,-48
102000061,831,2345,-1514
102000062,627,1124,-497
102000063,962,1273,-311
102000064,311,441,-130
102000065,26,113,-87
102000066,680,904,-224
102000067,1657,2370,-713
102000068,8159,2336,5823
102000069,49,1959,-1910
102000070,1876,37,1839
102000071,5383,7831,-2448
102000072,2534,4367,-1833
102000073,432,917,-485
102000074,388,745,-357
102000075,133,294,-161
102000076,113,346,-233
102000077,224,1261,-1037
102000078,460,772,-312
102000079,48,268,-220
102000080,108,177,-69
102000081,163,793,-630
102000082,492,257,235
102000083,255,716,-461
102000084,109,397,-288
102000085,1186,1291,-105
102000086,862,1035,-173
102000087,646,2220,-1574
102000088,195,258,-63
102000089,813,410,403
102000090,329,1016,-687
102000091,1099,458,641
102000092,434,747,-313
102000093,344,456,-112
102000094,993,433,560
102000095,896,956,-60
102000096,1076,699,377
102000097,1096,928,168
102000098,484,940,-456
102000099,825,431,394
102000100,932,783,149
102000101,1124,332,792
102000102,261,1553,-1292
102000103,1094,306,788
102000104,948,319,629
102000105,196,804,-608
102000106,479,822,-343
102000107,555,465,90
102000108,372,228,144
102000109,230,517,-287
102000110,363,1461,-1098
102000111,11,282,-271
102000112,129,71,58
102000113,7,19,-12
102000114,917,286,631
102000115,166,125,41
102000116,343,196,147
102000117,154,381,-227
102000118,1306,829,477
102000119,2356,427,1929
102000120,91,396,-305
102000121,820,494,326
102000122,353,654,-301
102000123,1378,954,424
102000124,739,616,123
102000125,729,758,-29
102000126,429,552,-123
102000127,787,619,168
102000128,445,882,-437
102000129,773,829,-56
102000130,273,525,-252
102000131,1973,589,1384
102000132,653,531,122
102000133,822,2185,-1363
102000134,371,614,-243
102000135,881,596,285
102000136,970,396,574
102000137,1093,729,364
102000138,221,371,-150
102000139,56,284,-228
102000140,153,167,-14
102000141,157,442,-285
102000142,126,370,-244
102000143,72,465,-393
102000144,98,415,-317
102000145,163,411,-248
102000146,197,284,-87
102000147,272,290,-18
102000148,182,223,-41
102000149,72,590,-518
102000150,159,194,-35
102000151,105,294,-189
102000152,89,130,-41
102000153,640,259,381
102000154,385,527,-142
102000155,71,211,-140
102000156,405,24,381
102000157,95,124,-29
102000158,469,235,234
102000159,1347,290,1057
102000161,4219,1203,3016
102000162,142,102,40
102000163,64,384,-320
102000164,941,712,229
102000165,216,123,93
102000166,22,55,-33
102000167,141,162,-21
102000168,231,75,156
102000169,52,361,-309
102000170,531,110,421
102000171,74,51,23
102000172,23,139,-116
102000173,244,148,96
102000174,18,27,-9
102000175,87,122,-35
102000176,27,32,-5
102000178,160,544,-384
102000179,182,192,-10
102000180,408,542,-134
102000181,277,654,-377
102000182,314,620,-306
102000183,911,1855,-944
102000184,858,780,78
102000185,1413,1607,-194
102000186,597,1816,-1219
102000187,392,1594,-1202
102000188,449,1343,-894
102000189,2778,1002,1776
102000190,664,2201,-1537
102000191,1053,491,562
102000192,532,820,-288
102000193,19,197,-178
102000194,47,149,-102
102000195,278,675,-397
102000196,108,568,-460
102000197,304,544,-240
102000198,111,956,-845
102000199,378,399,-21
102000200,190,1380,-1190
102000201,336,533,-197
102000202,0,136,-136
102000203,111,283,-172
102000204,239,843,-604
102000205,475,595,-120
102000206,378,600,-222
102000207,589,452,137
102000208,240,452,-212
102000209,40,36,4
102000210,115,462,-347
102000211,204,514,-310
102000212,88,22,66
102000213,0,368,-368
102000214,102,13,89
102000215,3,538,-535
102000216,22,40,-18
102000217,4,187,-183
102000218,63,68,-5
102000219,301,339,-38
102000225,668,618,50
102000226,3081,471,2610
102000227,127,6,121
102000228,0,101,-101
102000229,18,15,3
102000230,213,588,-375
102000231,234,276,-42
102000232,7,188,-181
102000233,300,594,-294
102000234,72,1238,-1166
102000236,229,78,151
102000237,569,164,405
102000238,109,291,-182
102000240,501,456,45
102000241,189,112,77
102000243,7,48,-41
102000245,7,106,-99
102000246,13,24,-11
102000247,584,699,-115
102000248,360,396,-36
102000249,68,146,-78
102000250,29,454,-425
102000254,54,432,-378
102000266,46,167,-121
102000271,14,0,14
102000286,334,244,90
102000297,1554,779,775
102000301,0,0,0
102000303,0,0,0
102000307,0,3,-3
102900001,1079,892,187
102900002,191,15,176
102900003,32,296,-264
102900005,140,324,-184
102900006,375,220,155
102900007,297,24,273
102900008,169,77,92
102900009,392,186,206
102900010,407,394,13
102900011,1894,296,1598
102900012,234,42,192
102900013,8,101,-93
102900015,605,197,408
102900016,37,121,-84
102900017,95,554,-459
102900018,14,132,-118
102900019,298,548,-250
102900020,58,33,25
102900021,13,110,-97
102900022,354,56,298
102900023,13,44,-31
102900024,9,20,-11
102900025,245,122,123
102900026,522,1136,-614
102900027,28,47,-19
102900028,78,373,-295
102900029,114,127,-13
102900030,288,156,132
102900031,84,132,-48
102900032,15,96,-81
102900033,97,169,-72
102900034,205,124,81
102900035,72,444,-372
102900036,120,536,-416
102900037,132,604,-472
102900038,308,570,-262
102900039,32,370,-338
102900040,113,231,-118
102900041,68,168,-100
102900042,149,383,-234
102900043,70,293,-223
102900044,575,1852,-1277
102900045,51,464,-413
102900046,72,267,-195
102900047,35,645,-610
102900048,449,717,-268
102900049,44,301,-257
102900050,194,345,-151
102900051,156,193,-37
102900052,20,15,5
102900053,295,665,-370
102900054,795,858,-63
102900055,53,100,-47
102900056,140,440,-300
102900057,2,28,-26
102900058,212,32,180
102900059,2,46,-44
102900060,47,439,-392
102900061,75,494,-419
102900062,86,1390,-1304
102900063,550,373,177
102900064,120,289,-169
102900065,1557,678,879
102900066,265,31,234
102900068,76,87,-11
102900070,124,669,-545
102900072,18,36,-18
102900073,110,3,107
102900075,13,32,-19
102900076,289,31,258
102900077,30,21,9
102900078,30,57,-27
102900079,126,8,118
102900080,207,21,186
102900081,52,219,-167
102900082,11,203,-192
102900083,296,3,293
102900084,5,24,-19
102900085,150,68,82
102900086,3,26,-23
102900087,15,106,-91
102900088,17,35,-18
102900089,179,115,64
102900090,6,494,-488
102900091,78,0,78
102900092,94,934,-840
102900093,178,170,8
102900094,0,31,-31
102900095,113,1,112
102900096,16,9,7
102900097,1,130,-129
102900098,41,8,33
103000001,1993,2158,-165
103000002,1665,1788,-123
103000003,2836,2194,642
103000004,852,597,255
103000005,1842,2016,-174
103000006,468,1112,-644
103000007,433,810,-377
103000008,654,1075,-421
103000009,583,679,-96
103000010,78,82,-4
103000011,1572,855,717
103000012,963,1147,-184
103000013,5822,1815,4007
103000014,1056,1452,-396
103000015,2326,775,1551
103000016,451,810,-359
103000017,109,294,-185
103000018,953,347,606
103000019,144,175,-31
103000020,1621,1221,400
103000021,1262,1447,-185
103000022,922,1023,-101
103000023,414,1152,-738
103000024,143,169,-26
103000025,52,318,-266
103000026,1758,145,1613
103000027,205,374,-169
103000028,600,386,214
103000029,383,138,245
103000030,1686,451,1235
103000031,1258,1090,168
103000032,1814,1554,260
103000033,1963,1915,48
103000034,1303,784,519
103000035,345,749,-404
103000036,369,335,34
103000037,537,391,146
103000038,382,690,-308
103000039,142,463,-321
103000040,210,1062,-852
103000041,1305,2931,-1626
103000042,562,636,-74
103000043,293,1112,-819
103000044,87,286,-199
103000046,181,360,-179
103000047,442,632,-190
103000048,98,128,-30
103000049,77,162,-85
103000050,607,716,-109
103000051,269,551,-282
103000052,722,451,271
103000053,148,544,-396
103000054,1505,1081,424
103000055,1209,1472,-263
103000056,387,2645,-2258
103000057,301,259,42
103000058,292,811,-519
103000059,199,630,-431
103000060,551,822,-271
103000061,315,740,-425
103000062,843,797,46
103000063,552,514,38
103000064,70,231,-161
103000065,5,334,-329
103000066,85,10,75
103000069,138,246,-108
103000070,494,1169,-675
103000071,527,309,218
103000072,76,1081,-1005
103000073,324,108,216
103000074,477,83,394
103000075,94,894,-800
103000076,158,206,-48
103000077,23,353,-330
103000078,1187,356,831
103000079,1545,387,1158
103000080,1048,190,858
103000081,495,666,-171
103000082,320,122,198
103000083,66,294,-228
103000084,119,6,113
103000085,6,64,-58
103000086,537,240,297
103000087,99,308,-209
103000088,277,268,9
103000089,204,277,-73
103000090,1388,926,462
103000091,554,341,213
103000092,187,267,-80
103000093,274,557,-283
103000094,160,132,28
103000095,25,419,-394
103000096,719,98,621
103000097,56,689,-633
103000098,887,105,782
103000099,281,493,-212
103000100,88,958,-870
103000101,512,129,383
103000102,121,664,-543
103000103,355,208,147
103000104,48,163,-115
103000105,77,138,-61
103000106,0,92,-92
103000107,227,62,165
103000108,536,466,70
103000109,322,288,34
103000110,266,422,-156
103000111,497,306,191
103000112,247,190,57
103000113,565,487,78
103000114,805,362,443
103000115,428,478,-50
103000116,363,481,-118
103000117,232,456,-224
103000118,1145,1012,133
103000119,2126,659,1467
103000120,44,84,-40
103000121,177,469,-292
103000122,175,192,-17
103000125,6,516,-510
103000126,281,6,275
103000127,6,241,-235
103000128,83,1,82
103000129,1,139,-138
103000130,37,18,19
103000131,213,71,142
103000132,50,113,-63
103000133,2,118,-116
103000134,652,545,107
103000135,737,199,538
103000136,735,286,449
103000137,502,493,9
103000138,754,615,139
103000139,2,55,-53
103000140,137,15,122
103000141,21,79,-58
103000142,108,64,44
103000143,53,135,-82
103000144,167,64,103
103000145,11,12,-1
103000150,53,37,16
103000152,250,203,47
103000153,100,117,-17
103000156,0,474,-474
103000157,169,6,163
103000159,127,143,-16
103000162,42,7,35
103000163,16,10,6
103000164,12,9,3
103000165,150,407,-257
103000166,138,132,6
103000167,110,70,40
103000168,53,143,-90
103000169,132,280,-148
103000170,337,406,-69
103000171,40,68,-28
103000172,211,317,-106
103000173,244,891,-647
103000174,103,326,-223
103000175,168,526,-358
103000176,680,242,438
103000177,723,358,365
103000178,379,226,153
103000179,71,19,52
103000183,32,32,0
103000185,35,96,-61
103000186,34,148,-114
103000187,183,691,-508
103000188,9,82,-73
103000189,720,919,-199
103000191,652,757,-105
103000292,2270,705,1565
103000293,1185,1025,160
103000295,112,82,30
103000296,122,5,117
103000297,68,11,57
103000504,61,28,33
103000505,12,4,8
103000506,0,148,-148
103000507,74,2,72
103000508,67,13,54
103000509,230,447,-217
103900001,4,311,-307
103900002,1940,181,1759
103900003,1513,36,1477
103900004,23,1,22
103900005,3,233,-230
103900006,1,0,1
103900007,19,1,18
103900008,16,0,16
103900009,163,276,-113
103900010,137,267,-130
103900011,92,208,-116
103900012,9,7,2
103900013,40,71,-31
103900014,25,29,-4
103900015,21,17,4
103900016,186,281,-95
103900017,19,64,-45
103900018,613,147,466
103900019,49,167,-118
103900020,128,245,-117
103900021,782,202,580
103900022,847,560,287
103900023,59,1,58
103900024,72,688,-616
103900025,4,63,-59
103900026,2,0,2
103900027,374,311,63
103900028,7,207,-200
103900029,745,120,625
103900030,143,26,117
103900031,9,0,9
103900032,28,44,-16
103900033,63,6,57
103900034,24,224,-200
103900035,47,47,0
103900036,32,15,17
103900037,27,33,-6
103900038,65,93,-28
103900039,37,469,-432
103900040,3,215,-212
103900041,12,23,-11
103900042,15,431,-416
103900043,108,108,0
103900044,188,141,47
103900045,108,150,-42
103900047,33,34,-1
103900048,27,14,13
103900049,188,1206,-1018
103900050,1,83,-82
103900051,0,39,-39
103900052,102,678,-576
103900053,75,1028,-953
103900054,48,651,-603
103900055,268,241,27
103900056,26,52,-26
103900057,13,289,-276
103900058,96,835,-739
103900059,0,5,-5
103900060,22,205,-183
103900061,61,52,9
103900062,156,44,112
103900063,0,0,0
103900064,57,5,52
103900065,662,299,363
103900066,58,12,46
103900067,41,2,39
103900068,0,0,0
103900069,26,0,26
103900070,100,285,-185
103900071,20,148,-128
103900072,2,307,-305
103900073,24,17,7
103900074,42,89,-47
103900075,69,87,-18
103900076,205,771,-566
103900077,54,49,5
103900078,100,130,-30
103900079,72,243,-171
103900080,11,24,-13
103900081,75,11,64
103900082,5,114,-109
103900083,2062,412,1650
103900084,29,115,-86
103900085,100,98,2
103900086,202,216,-14
103900088,303,193,110
103900089,46,211,-165
103900090,1,213,-212
103900091,822,207,615
103900092,338,462,-124
103900093,78,440,-362
103900094,4,185,-181
103900095,184,162,22
103900096,11,297,-286
103900097,3,522,-519
103900098,132,57,75
103900099,26,325,-299
103900100,163,375,-212
103900101,36,1042,-1006
103900102,0,35,-35
103900104,0,42,-42
103900105,80,181,-101
103900106,0,21,-21
103900107,55,253,-198
103900108,21,434,-413
103900109,17,104,-87
103900110,126,38,88
103900111,36,773,-737
103900112,4,34,-30
103900113,134,185,-51
103900114,466,309,157
103900115,192,78,114
103900116,6908,1425,5483
103900117,219,121,98
103900119,26,24,2
103900120,19,135,-116
103900122,34,380,-346
103900123,1471,430,1041
103900124,30,561,-531
103900125,50,86,-36
103900126,277,506,-229
103900127,70,726,-656
103900128,34,159,-125
103900131,16,112,-96
103900133,678,13,665
103900134,0,2,-2
103900135,5,8,-3
103900137,0,25,-25
103900138,37,357,-320
103900139,357,922,-565
103900140,0,37,-37
103900141,274,99,175
103900142,50,200,-150
103900143,28,1,27
103900144,0,89,-89
103900145,146,348,-202
103900146,227,343,-116
103900147,227,123,104
103900148,89,240,-151
103900149,81,723,-642
103900150,7182,1810,5372
103900151,32,144,-112
103900152,210,692,-482
103900153,3,1,2
103900154,1167,847,320
103900155,11,212,-201
103900156,14,210,-196
103900157,8,355,-347
103900158,18,180,-162
103900159,55,66,-11
103900160,26,27,-1
103900161,63,224,-161
103900162,69,186,-117
103900163,4,355,-351
103900167,14,61,-47
103900168,32,139,-107
103900169,37,36,1
103900170,4,82,-78
103900171,3,88,-85
103900172,9,42,-33
103900173,2,4,-2
103900174,31,80,-49
103900175,45,37,8
103900176,25,12,13
103900177,6,47,-41
103900178,12,86,-74
103900179,16,226,-210
103900180,6,104,-98
103900181,48,23,25
103900182,23,15,8
103900184,560,30,530
103900185,255,100,155
103900187,93,26,67
103900188,29,10,19
103900189,59,2,57
103900190,73,34,39
103900191,16,46,-30
103900192,28,89,-61
103900193,147,185,-38
103900194,31,288,-257
103900195,1,35,-34
103900196,27,11,16
103900197,6,23,-17
103900198,26,67,-41
103900199,98,92,6
103900200,99,139,-40
103900201,57,197,-140
103900202,6,43,-37
103900203,19,45,-26
103900204,5,138,-133
103900207,0,221,-221
103900208,23,3,20
103900209,6,95,-89
103900210,15,23,-8
103900211,318,604,-286
103900212,49,507,-458
103900213,157,187,-30
103900214,248,77,171
103900215,628,186,442
103900216,15,477,-462
103900217,251,41,210
103900218,1,210,-209
103900219,45,309,-264
103900233,51,2,49
103900235,20,14,6
103900236,19,1,18
103900242,2,6,-4
103900243,3,1,2
103900244,57,376,-319
103900245,57,224,-167
103900246,78,37,41
103900247,37,117,-80
103900248,0,8,-8
103900249,4,13,-9
103900250,31,14,17
103900251,1,39,-38
103900253,37,40,-3
103900254,6,8,-2
103900255,13,11,2
103900256,14,22,-8
103900257,74,94,-20
103900258,24,0,24
103900259,45,8,37
103900261,10,5,5
103900262,17,1,16
103900263,40,32,8
103900264,30,3,27
103900265,19,10,9
103900266,1,34,-33
103900267,2,43,-41
103900268,4,138,-134
103900269,85,43,42
103900270,20,140,-120
103900271,13,164,-151
103900272,28,86,-58
103900273,12,65,-53
103900274,35,5,30
103900275,15,5,10
103900276,10,138,-128
103900277,4,123,-119
103900278,6,62,-56
103900279,2,11,-9
103900280,0,191,-191
104000001,1594,1737,-143
104000002,1132,2236,-1104
104000003,1808,1907,-99
104000004,2690,2372,318
104000005,888,1603,-715
104000006,2286,2710,-424
104000007,3635,3252,383
104000008,213,563,-350
104000009,97,114,-17
104000010,133,176,-43
104000011,769,429,340
104000012,191,496,-305
104000013,110,140,-30
104000014,204,822,-618
104000015,219,157,62
104000016,409,423,-14
104000018,423,136,287
104000019,357,124,233
104000020,182,949,-767
104000021,282,706,-424
104000022,156,346,-190
104000023,379,301,78
104000024,143,389,-246
104000026,32,363,-331
104000027,239,417,-178
104000028,237,238,-1
104000029,480,564,-84
104000030,204,251,-47
104000031,536,275,261
104000032,205,350,-145
104000033,415,336,79
104000034,233,442,-209
104000035,488,408,80
104000036,374,659,-285
104000037,189,361,-172
104000038,198,256,-58
104000039,200,441,-241
104000040,534,534,0
104000041,332,332,0
104000042,192,486,-294
104000043,205,411,-206
104000044,215,778,-563
104000045,799,1213,-414
104000046,1312,1411,-99
104000047,451,1336,-885
104000048,924,2161,-1237
104000049,259,268,-9
104000050,143,548,-405
104000051,53,669,-616
104000052,799,1256,-457
104000053,526,616,-90
104000054,434,692,-258
104000055,3500,3013,487
104000056,1520,228,1292
104000057,131,495,-364
104000058,455,612,-157
104000059,410,1075,-665
104000060,622,948,-326
104000061,838,1262,-424
104000062,156,112,44
104000064,470,308,162
104000065,94,336,-242
104000069,1454,672,782
104000070,47,305,-258
104000071,87,344,-257
104000072,447,224,223
104000075,35,225,-190
104000076,310,37,273
104000082,1793,2262,-469
104000083,516,137,379
104000084,77,467,-390
104000085,186,181,5
104000086,157,395,-238
104000087,478,824,-346
104000090,631,1614,-983
104000092,625,2798,-2173
104000094,615,2070,-1455
104000095,1097,1121,-24
104000096,690,416,274
104000097,1106,1221,-115
104000098,1083,1317,-234
104000100,850,639,211
104000101,680,2208,-1528
104000106,58,477,-419
104000107,568,517,51
104000108,319,529,-210
104000109,184,45,139
104000110,666,817,-151
104000111,4989,1560,3429
104000112,2436,593,1843
104000116,4,1241,-1237
104000117,94,991,-897
104000118,323,313,10
104000119,296,257,39
104000120,134,1084,-950
104000121,130,577,-447
104000122,431,619,-188
104000123,817,1136,-319
104000124,1477,2644,-1167
104000125,4670,2699,1971
104000126,207,414,-207
104000127,1378,3335,-1957
104000128,648,463,185
104000129,326,27,299
104000130,5,165,-160
104000131,820,642,178
104000132,551,917,-366
104000133,920,758,162
104000134,590,1226,-636
104000135,319,911,-592
104000136,698,2001,-1303
104000137,1463,280,1183
104000138,1060,395,665
104000139,8336,2823,5513
104000141,981,1820,-839
104000142,574,1078,-504
104000143,371,787,-416
104000144,31,158,-127
104000145,282,174,108
104000146,413,658,-245
104000147,77,397,-320
104000148,156,122,34
104000149,144,465,-321
104000150,545,455,90
104000151,265,739,-474
104000152,416,779,-363
104000153,337,469,-132
104000154,1020,668,352
104000155,250,458,-208
104000157,995,1939,-944
104000158,184,224,-40
104000159,454,266,188
104000160,1511,1216,295
104000161,198,130,68
104000162,26,98,-72
104000165,1268,991,277
104000167,402,464,-62
104000168,444,8,436
104000169,44,35,9
104000170,663,352,311
104000248,196,916,-720
104000251,51,352,-301
104000272,0,0,0
104000273,0,0,0
104000274,0,0,0
104000275,0,0,0
104000279,545,466,79
104000290,66,327,-261
104000291,475,952,-477
104000293,459,707,-248
104000294,5,0,5
104000295,391,768,-377
104000296,279,745,-466
104000297,637,1452,-815
104000298,1576,905,671
104000299,598,1232,-634
104900001,98,426,-328
104900002,30,82,-52
104900003,28,293,-265
104900004,57,369,-312
104900005,121,138,-17
104900006,98,89,9
104900007,168,213,-45
104900009,106,482,-376
104900010,30,21,9
104900011,8,4,4
104900012,126,6,120
104900013,73,6,67
104900014,4059,425,3634
104900015,87,0,87
104900016,81,310,-229
104900017,45,155,-110
104900018,5,194,-189
104900019,291,1422,-1131
104900020,47,242,-195
104900021,0,351,-351
104900022,11,150,-139
104900023,0,105,-105
104900024,25,108,-83
104900025,46,372,-326
104900026,0,112,-112
104900027,233,185,48
104900028,22,98,-76
104900029,49,70,-21
104900030,260,166,94
104900031,140,198,-58
104900032,29,162,-133
104900033,92,184,-92
104900034,186,111,75
104900035,129,153,-24
104900036,99,69,30
104900037,119,339,-220
104900038,588,219,369
104900039,817,151,666
104900040,140,74,66
104900041,138,116,22
104900042,85,383,-298
104900043,6,46,-40
104900044,296,181,115
104900045,227,58,169
104900046,43,85,-42
104900047,183,121,62
104900048,107,89,18
104900049,18,3,15
104900050,78,63,15
104900051,117,48,69
104900052,43,1,42
104900053,257,59,198
104900054,71,25,46
104900055,42,0,42
104900056,104,9,95
104900057,13,0,13
104900058,335,138,197
104900059,55,90,-35
104900060,0,395,-395
104900061,263,711,-448
104900063,1,117,-116
104900064,1,115,-114
104900065,1,108,-107
104900066,3,184,-181
104900067,9,246,-237
104900068,7,259,-252
104900070,98,327,-229
104900071,3,757,-754
104900072,31,168,-137
104900073,15,342,-327
104900074,33,216,-183
104900075,17,107,-90
104900076,65,427,-362
104900077,1233,82,1151
104900078,129,858,-729
104900079,112,174,-62
104900080,44,467,-423
104900082,9,310,-301
104900085,9,265,-256
104900087,285,14,271
104900089,67,0,67
104900090,320,408,-88
104900091,317,992,-675
104900093,203,571,-368
104900097,3002,1265,1737
104900098,57,34,23
104900099,88,299,-211
104900100,735,199,536
104900102,12,276,-264
104900103,360,114,246
104900104,3659,1094,2565
104900106,37,113,-76
104900107,44,304,-260
104900108,9,349,-340
104900109,29,111,-82
104900110,6,48,-42
104900111,81,122,-41
104900112,169,1011,-842
104900113,449,438,11
104900114,149,712,-563
104900115,321,463,-142
104900116,73,247,-174
104900118,14,61,-47
104900119,0,33,-33
104900120,106,64,42
104900121,0,124,-124
104900122,1,78,-77
104900123,21,4,17
104900124,12,0,12
104900125,422,4,418
104900126,59,55,4
104900127,12,29,-17
104900128,73,148,-75
104900129,2440,836,1604
105000001,1989,1515,474
105000002,1630,1475,155
105000003,2197,3377,-1180
105000004,402,890,-488
105000005,530,928,-398
105000006,811,1259,-448
105000007,687,982,-295
105000008,742,1577,-835
105000009,893,2327,-1434
105000010,2902,2347,555
105000011,1270,1738,-468
105000012,3282,2980,302
105000013,430,836,-406
105000014,837,1708,-871
105000015,7575,4382,3193
105000016,3818,1502,2316
105000017,1371,931,440
105000018,1145,797,348
105000019,1402,952,450
105000020,137,298,-161
105000021,263,149,114
105000022,140,34,106
105000023,331,191,140
105000028,103,153,-50
105000029,266,799,-533
105000030,3571,3381,190
105000033,836,1911,-1075
105000034,121,470,-349
105000037,558,635,-77
105000038,1105,1039,66
105000039,2879,1712,1167
105000040,489,656,-167
105000041,533,1126,-593
105000042,1576,1031,545
105000043,1786,1976,-190
105000044,298,291,7
105000045,250,856,-606
105000046,473,297,176
105000047,320,1340,-1020
105000048,322,182,140
105000049,229,720,-491
105000050,338,360,-22
105000051,165,498,-333
105000052,584,768,-184
105000053,98,183,-85
105000054,190,944,-754
105000055,191,364,-173
105000056,606,2486,-1880
105000057,914,1045,-131
105000058,1203,1484,-281
105000059,436,470,-34
105000060,383,710,-327
105000061,323,390,-67
105000062,701,1217,-516
105000063,323,799,-476
105000064,618,622,-4
105000065,371,1168,-797
105000066,849,2362,-1513
105000067,654,467,187
105000068,458,942,-484
105000069,2797,582,2215
105000070,720,722,-2
105000071,188,385,-197
105000072,696,873,-177
105000073,591,462,129
105000074,729,1025,-296
105000075,413,772,-359
105000076,1034,1003,31
105000077,1572,581,991
105000078,1230,988,242
105000079,1611,1717,-106
105000080,1504,731,773
105000081,1035,601,434
105000082,443,392,51
105000083,872,494,378
105000084,460,1063,-603
105000085,991,840,151
105000086,494,848,-354
105000087,2320,1786,534
105000088,1088,1174,-86
105000089,2498,1903,595
105000090,875,756,119
105000091,1278,1760,-482
105000092,513,1022,-509
105000093,241,177,64
105000094,187,182,5
105000095,86,332,-246
105000096,833,555,278
105000097,869,669,200
105000098,600,497,103
105000099,642,889,-247
105000100,605,1037,-432
105000101,1320,2031,-711
105000102,931,1432,-501
105000103,1096,2105,-1009
105000104,1313,1069,244
105000105,782,1753,-971
105000106,844,1383,-539
105000107,649,860,-211
105000108,774,1751,-977
105000109,892,1492,-600
105000110,483,806,-323
105000111,413,642,-229
105000112,869,954,-85
105000113,274,527,-253
105000114,3525,865,2660
105000115,227,704,-477
105000116,377,391,-14
105000117,586,1470,-884
105000118,195,290,-95
105000119,307,1223,-916
105000120,516,496,20
105000121,620,1152,-532
105000122,239,384,-145
105000123,958,1417,-459
105000124,944,840,104
105000125,492,1863,-1371
105000126,1394,2253,-859
105000127,1803,1821,-18
105000128,224,1436,-1212
105000129,613,322,291
105000130,67,896,-829
105000131,543,342,201
105000132,531,389,142
105000133,296,1080,-784
105000134,321,532,-211
105000135,393,671,-278
105000136,79,330,-251
105000137,169,160,9
105000138,241,384,-143
105000139,880,1049,-169
105000140,129,490,-361
105000141,178,621,-443
105000142,67,467,-400
105000143,197,691,-494
105000144,188,658,-470
105000145,303,490,-187
105000146,425,676,-251
105000147,342,377,-35
105000148,785,650,135
105000149,1264,1541,-277
105000150,1862,1276,586
105000151,324,352,-28
105000152,220,694,-474
105000153,458,414,44
105000154,550,991,-441
105000155,249,559,-310
105000156,698,898,-200
105000157,931,2156,-1225
105000158,1317,728,589
105000159,288,1472,-1184
105000160,1139,513,626
105000161,469,2070,-1601
105000162,461,1170,-709
105000163,1525,1307,218
105000164,208,318,-110
105000165,1687,2956,-1269
105000166,8269,321,7948
105000167,2716,1005,1711
105000168,173,897,-724
105000169,193,473,-280
105000170,103,1133,-1030
105000171,805,315,490
105000172,32,54,-22
105000173,64,37,27
105000174,36,20,16
105000175,50,121,-71
105000176,108,88,20
105000177,87,113,-26
105000178,77,894,-817
105000179,124,105,19
105000180,62,126,-64
105000181,40,636,-596
105000182,19,40,-21
105000183,2296,1277,1019
105000184,1226,634,592
105000185,853,651,202
105000186,307,720,-413
105000187,421,207,214
105000188,108,97,11
105000189,62,493,-431
105000190,138,292,-154
105000191,262,357,-95
105000192,125,66,59
105000193,51,144,-93
105000194,160,74,86
105000195,253,1185,-932
105000196,18,97,-79
105000197,199,724,-525
105000198,517,220,297
105000199,179,217,-38
105000200,70,204,-134
105000201,84,20,64
105000203,12,286,-274
105000204,35,81,-46
105000205,66,244,-178
105000207,618,229,389
105000208,266,291,-25
105000209,126,364,-238
105000212,766,1441,-675
105000213,110,148,-38
105000214,57,184,-127
105000215,155,300,-145
105000216,44,321,-277
105000217,119,324,-205
105000218,583,791,-208
105000221,156,254,-98
105000222,71,43,28
105000223,95,154,-59
105000226,26,512,-486
105000227,32,242,-210
105000228,312,615,-303
105000229,83,202,-119
105000231,155,255,-100
105000233,422,495,-73
105000234,483,1259,-776
105000235,179,388,-209
105000237,523,63,460
105000243,16,73,-57
105000248,32,38,-6
105000262,168,1914,-1746
105000269,89,160,-71
105000270,208,115,93
105000271,1,309,-308
105000282,103,46,57
105000287,226,137,89
105000288,451,373,78
105000289,854,720,134
105000290,5,3,2
105000402,4665,1345,3320
105000426,338,439,-101
105000438,661,480,181
105000446,13027,4201,8826
105000447,7885,2471,5414
105000454,164,1045,-881
105000455,185,194,-9
105000474,8,2,6
105000477,227,335,-108
105000478,1036,1675,-639
105000479,83,109,-26
105000480,1448,1482,-34
105000481,1891,1488,403
105000482,3866,2243,1623
105000483,787,1014,-227
105000484,1854,2282,-428
105000485,816,1056,-240
105000486,2752,2000,752
105000488,2559,2296,263
105000489,401,734,-333
105000549,20,121,-101
105000550,435,1124,-689
105000551,43,108,-65
105000552,3256,1742,1514
105000555,490,583,-93
105900001,14,900,-886
105900002,1395,291,1104
105900003,14,91,-77
105900004,233,94,139
105900005,2,185,-183
105900006,7,31,-24
105900007,37,8,29
105900008,39,894,-855
105900009,10,9,1
105900011,57,32,25
105900012,297,147,150
105900013,1,16,-15
105900014,2,57,-55
105900015,71,348,-277
105900016,122,578,-456
105900017,585,43,542
105900018,236,242,-6
105900019,48,398,-350
105900020,45,37,8
105900021,8,218,-210
105900022,202,401,-199
105900023,0,101,-101
105900024,7,122,-115
105900025,44,39,5
105900026,141,49,92
105900027,3906,2529,1377
105900028,50,132,-82
105900029,1805,235,1570
105900030,154,185,-31
105900031,398,185,213
105900032,72,121,-49
105900033,38,103,-65
105900034,123,224,-101
105900035,171,186,-15
105900036,28,132,-104
105900037,59,86,-27
105900038,91,284,-193
105900039,31,143,-112
105900040,42,76,-34
105900041,109,485,-376
105900042,29,94,-65
105900043,1739,51,1688
105900044,1,132,-131
105900045,2,459,-457
105900046,2,224,-222
105900047,3,23,-20
105900048,82,457,-375
105900050,1716,470,1246
105900051,4,1266,-1262
105900052,249,71,178
105900053,3553,1041,2512
105900054,253,269,-16
105900056,849,172,677
105900057,9,159,-150
105900058,8,11,-3
105900059,0,43,-43
106000001,3137,1209,1928
106000002,2449,3708,-1259
106000003,2533,2186,347
106000004,2152,2102,50
106000005,1824,4083,-2259
106000006,4475,4218,257
106000007,355,373,-18
106000008,365,281,84
106000009,345,287,58
106000010,449,557,-108
106000011,536,840,-304
106000012,598,1547,-949
106000013,1225,1471,-246
106000014,1752,1827,-75
106000015,1062,886,176
106000016,946,2350,-1404
106000017,646,611,35
106000018,469,567,-98
106000019,178,341,-163
106000020,239,488,-249
106000021,199,432,-233
106000022,215,341,-126
106000023,539,338,201
106000024,567,833,-266
106000025,97,194,-97
106000026,128,346,-218
106000027,577,1053,-476
106000028,385,779,-394
106000029,619,1467,-848
106000030,773,285,488
106000034,134,573,-439
106000035,556,852,-296
106000036,349,304,45
106000037,1489,1516,-27
106000038,356,58,298
106000039,131,49,82
106000040,143,624,-481
106000041,672,206,466
106000043,407,68,339
106000046,283,33,250
106000047,29,289,-260
106000049,480,97,383
106000050,185,877,-692
106000051,354,312,42
106000052,47,613,-566
106000053,110,75,35
106000054,256,474,-218
106000055,561,818,-257
106000056,242,485,-243
106000057,151,206,-55
106000058,160,185,-25
106000059,160,227,-67
106000060,548,581,-33
106000061,152,419,-267
106000062,118,615,-497
106000063,412,440,-28
106000064,22,486,-464
106000065,214,198,16
106000066,85,421,-336
106000067,172,102,70
106000068,35,618,-583
106000069,84,95,-11
106000070,286,858,-572
106000071,630,260,370
106000072,4232,1353,2879
106000073,1667,1782,-115
106000074,313,616,-303
106000075,192,874,-682
106000076,1048,1355,-307
106000077,2383,1245,1138
106000078,553,883,-330
106000079,409,929,-520
106000080,864,889,-25
106000081,411,926,-515
106000082,2023,881,1142
106000083,283,1107,-824
106000084,847,593,254
106000085,1221,997,224
106000086,539,583,-44
106000087,640,559,81
106000088,267,636,-369
106000089,537,526,11
106000090,227,494,-267
106000091,197,681,-484
106000092,416,234,182
106000093,169,55,114
106000094,99,401,-302
106000095,338,1307,-969
106000096,512,689,-177
106000097,580,1503,-923
106000098,414,841,-427
106000099,135,796,-661
106000100,544,284,260
106000101,436,255,181
106000102,87,561,-474
106000103,172,582,-410
106000104,476,358,118
106000105,321,862,-541
106000106,424,354,70
106000107,85,483,-398
106000108,151,354,-203
106000109,91,407,-316
106000110,128,283,-155
106000111,136,606,-470
106000112,100,331,-231
106000113,939,681,258
106000114,353,361,-8
106000115,151,610,-459
106000116,106,200,-94
106000117,841,883,-42
106000118,758,926,-168
106000119,2421,1052,1369
106000120,607,688,-81
106000121,189,181,8
106000122,54,343,-289
106000123,193,283,-90
106000124,24,296,-272
106000125,13,362,-349
106000126,76,207,-131
106000127,394,874,-480
106000128,319,364,-45
106000129,286,701,-415
106000130,453,414,39
106000131,133,649,-516
106000132,801,148,653
106000133,3953,877,3076
106000134,743,710,33
106000135,192,954,-762
106000136,546,485,61
106000137,69,1492,-1423
106000138,603,76,527
106000139,51,137,-86
106000140,18,70,-52
106000141,35,124,-89
106000142,31,75,-44
106000143,14,119,-105
106000144,11,77,-66
106000145,128,352,-224
106000146,195,190,5
106000147,288,556,-268
106000148,520,776,-256
106000149,409,382,27
106000150,298,1556,-1258
106000151,4473,633,3840
106000152,1358,1079,279
106000153,105,1191,-1086
106000154,1377,242,1135
106000155,40,217,-177
106000156,491,298,193
106000157,465,1743,-1278
106000158,2883,652,2231
106000159,4699,1091,3608
106000160,200,1491,-1291
106000161,1338,478,860
106000162,155,557,-402
106000163,213,571,-358
106000164,202,324,-122
106000165,153,785,-632
106000166,318,264,54
106000167,246,1452,-1206
106000168,198,213,-15
106000169,108,842,-734
106000170,375,181,194
106000171,81,916,-835
106000172,1838,815,1023
106000173,659,2790,-2131
106000174,737,250,487
106000175,276,1055,-779
106000176,805,609,196
106000177,572,2219,-1647
106000178,2031,1471,560
106000179,973,2148,-1175
106000180,723,1820,-1097
106000181,334,2044,-1710
106000182,386,656,-270
106000183,512,1133,-621
106000184,505,1034,-529
106000185,388,875,-487
106000186,703,156,547
106000187,206,665,-459
106000188,0,0,0
106000189,1,48,-47
106000190,9,2,7
106000191,376,182,194
106000192,0,24,-24
106000193,238,146,92
106000194,97,295,-198
106000195,378,109,269
106000196,91,421,-330
106000197,199,332,-133
106000198,107,275,-168
106000199,624,430,194
106000200,432,119,313
106000201,431,1098,-667
106000202,6793,527,6266
106000203,219,184,35
106000204,19,11,8
106000205,28,142,-114
106000206,43,18,25
106000207,37,923,-886
106000208,567,93,474
106000209,749,230,519
106000210,159,1342,-1183
106000211,244,1571,-1327
106000212,433,136,297
106000213,599,1169,-570
106000214,2075,366,1709
106000215,143,460,-317
106000216,153,266,-113
106000217,251,442,-191
106000218,352,313,39
106000219,128,259,-131
106000220,259,245,14
106000221,73,289,-216
106000222,28,153,-125
106000223,50,110,-60
106000224,106,335,-229
106000225,51,76,-25
106000226,97,268,-171
106000228,34,98,-64
106000229,83,761,-678
106000231,384,115,269
106000232,43,381,-338
106000233,239,108,131
106000234,68,214,-146
106000235,123,89,34
106000236,85,45,40
106000237,1,8,-7
106000238,4,13,-9
106000239,0,92,-92
106000240,20,5,15
106000241,10,734,-724
106000242,155,18,137
106000249,47,79,-32
106000250,37,347,-310
106000251,28,18,10
106000252,17,106,-89
106000253,21,34,-13
106000254,25,62,-37
106000255,10,64,-54
106000256,68,76,-8
106000257,104,220,-116
106000258,87,13,74
106000259,1,29,-28
106000260,8,6,2
106000261,1,48,-47
106000262,10,12,-2
106000263,2,70,-68
106000264,105,1,104
106000265,5,114,-109
106000266,75,5,70
106000267,1,72,-71
106000268,428,23,405
106000269,65,43,22
106000270,138,308,-170
106000271,30,171,-141
106000272,77,31,46
106000273,3,189,-186
106000274,128,28,100
106000275,134,140,-6
106000276,115,80,35
106000277,113,96,17
106000278,124,50,74
106000279,11,63,-52
106000280,12,159,-147
106000281,53,77,-24
106000282,43,66,-23
106000283,70,100,-30
106000284,43,109,-66
106000285,121,149,-28
106000286,38,156,-118
106000287,73,83,-10
106000288,103,158,-55
106000289,69,92,-23
106000290,55,81,-26
106000291,72,118,-46
106000292,55,102,-47
106000293,83,80,3
106000294,106,111,-5
106000295,27,53,-26
106000296,37,107,-70
106000297,59,218,-159
106000298,105,44,61
106000299,49,141,-92
106000300,43,116,-73
106000301,50,103,-53
106000303,8,51,-43
106000304,53,44,9
106000305,8,35,-27
106000306,26,90,-64
106000307,53,7,46
106000308,18,174,-156
106000309,19,62,-43
106000310,196,597,-401
106000311,195,101,94
106000312,57,190,-133
106000313,82,236,-154
106000318,150,189,-39
106000319,401,52,349
106000320,1,59,-58
106000321,293,52,241
106000322,89,241,-152
106000324,2,181,-179
106000325,916,756,160
106000326,786,1916,-1130
106000327,33,153,-120
106000328,1,95,-94
106000329,32,288,-256
106000330,47,52,-5
106000428,37,179,-142
106000429,59,588,-529
106000430,226,1446,-1220
106000431,966,298,668
106000432,1470,2621,-1151
106000433,1182,657,525
106000434,2105,810,1295
106000435,1910,2418,-508
106000436,25,295,-270
106000437,145,36,109
106000438,199,101,98
106000439,33,449,-416
106000440,163,441,-278
106000441,0,0,0
106000442,89,2,87
106000443,81,607,-526
106000450,5,237,-232
106000451,8,19,-11
106000454,2,79,-77
106000455,8,134,-126
106000456,105,13,92
106000457,5,1125,-1120
106000458,222,210,12
106000459,68,363,-295
106000460,423,37,386
106000461,40,2037,-1997
106000462,0,18,-18
106000463,1,44,-43
106000464,0,728,-728
106000465,183,2,181
106000466,1,823,-822
106000467,553,519,34
106000468,43,159,-116
106000469,289,2,287
106000470,195,1188,-993
106000471,30,683,-653
106000472,52,12,40
106000473,24,15,9
106000474,212,733,-521
106000475,171,114,57
106000476,163,130,33
106000477,10,138,-128
106000480,0,106,-106
106900001,0,11,-11
106900002,4,727,-723
106900003,287,978,-691
106900004,2,43,-41
106900006,1,22,-21
106900007,0,9,-9
106900008,128,364,-236
106900009,105,465,-360
106900010,164,326,-162
106900012,2183,1203,980
106900013,299,68,231
106900014,15,1,14
106900015,2,2,0
106900016,123,0,123
106900017,3,0,3
106900018,3,0,3
106900019,49,0,49
106900020,3138,688,2450
106900021,17,54,-37
106900022,213,0,213
106900023,10,233,-223
106900024,206,17,189
106900025,29,694,-665
106900026,3,889,-886
106900027,253,1,252
107000001,2680,1419,1261
107000002,5150,3214,1936
107000003,2841,3813,-972
107000004,4239,5162,-923
107000005,1413,3018,-1605
107000006,2812,6029,-3217
107000007,3136,4844,-1708
107000008,13368,10177,3191
107000009,3162,3538,-376
107000010,8604,10493,-1889
107000011,1271,1151,120
107000012,4209,3718,491
107000013,21,147,-126
107000014,16,228,-212
107000015,265,789,-524
107000016,298,1213,-915
107000017,1640,686,954
107000018,3,170,-167
107000020,849,251,598
107000021,595,642,-47
107000022,450,1031,-581
107000023,1137,253,884
107000024,310,1739,-1429
107000025,103,309,-206
107000026,84,647,-563
107000027,659,702,-43
107000028,861,1564,-703
107000029,1272,1383,-111
107000030,2889,3138,-249
107000031,1903,1409,494
107000032,280,845,-565
107000033,3489,3192,297
107000034,4525,1906,2619
107000035,246,153,93
107000036,276,808,-532
107000037,33,509,-476
107000038,160,234,-74
107000039,493,456,37
107000040,106,246,-140
107000041,1211,566,645
107000042,732,1517,-785
107000043,2896,874,2022
107000044,622,377,245
107000045,91,256,-165
107000046,376,307,69
107000047,261,779,-518
107000048,362,324,38
107000049,446,732,-286
107000050,567,431,136
107000051,544,323,221
107000052,855,657,198
107000053,253,116,137
107000054,59,303,-244
107000055,308,166,142
107000056,462,726,-264
107000057,2100,197,1903
107000058,1688,1803,-115
107000059,1941,3036,-1095
107000060,2438,4103,-1665
107000061,4864,3766,1098
107000062,2061,2323,-262
107000063,3398,5892,-2494
107000064,2225,1608,617
107000065,2726,5328,-2602
107000066,910,1406,-496
107000067,438,844,-406
107000068,1008,467,541
107000069,393,336,57
107000070,257,1,256
107000071,1458,23,1435
107000072,61,3954,-3893
107000073,202,148,54
107000074,104,898,-794
107000075,804,278,526
107000076,767,1699,-932
107000077,1731,571,1160
107000078,1667,3295,-1628
107000079,1207,493,714
107000080,1101,3021,-1920
107000081,634,451,183
107000082,516,2647,-2131
107000083,576,235,341
107000084,366,2436,-2070
107000085,1980,2586,-606
107000086,3012,2398,614
107000087,1922,1597,325
107000088,2313,2866,-553
107000089,988,1556,-568
107000090,716,920,-204
107000091,847,814,33
107000092,521,1066,-545
107000093,737,754,-17
107000094,627,1300,-673
107000095,337,617,-280
107000096,575,972,-397
107000097,325,288,37
107000098,313,908,-595
107000099,302,227,75
107000100,253,367,-114
107000101,51,134,-83
107000102,296,384,-88
107000103,234,142,92
107000104,249,397,-148
107000105,240,99,141
107000106,136,356,-220
107000107,280,150,130
107000108,96,866,-770
107000109,267,103,164
107000110,63,571,-508
107000111,129,53,76
107000112,17,390,-373
107000113,257,103,154
107000114,74,813,-739
107000115,253,80,173
107000116,62,1065,-1003
107000117,70,240,-170
107000118,189,301,-112
107000119,1987,992,995
107000120,2854,302,2552
107000121,358,707,-349
107000122,826,798,28
107000123,251,883,-632
107000124,319,832,-513
107000125,359,915,-556
107000126,542,1091,-549
107000129,111,1073,-962
107000130,261,198,63
107000131,334,798,-464
107000132,336,293,43
107000133,636,98,538
107000134,236,2,234
107000135,6,192,-186
107000136,549,7,542
107000137,13,334,-321
107000138,253,21,232
107000139,9,366,-357
107000140,549,48,501
107000141,103,783,-680
107000142,200,51,149
107000143,33,932,-899
107000144,165,260,-95
107000145,108,572,-464
107000146,101,209,-108
107000147,2762,659,2103
107000150,826,1132,-306
107000151,29,50,-21
107000152,498,372,126
107000153,440,639,-199
107000154,186,96,90
107000155,304,19,285
107000156,441,13,428
107000157,24,2303,-2279
107000158,251,9,242
107000159,32,1700,-1668
107000160,415,47,368
107000161,40,2024,-1984
107000162,98,196,-98
107000163,6,0,6
107000164,124,0,124
107000165,378,1,377
107000166,53,1570,-1517
107000167,272,277,-5
107000168,463,239,224
107000169,1025,922,103
107000170,729,430,299
107000171,358,2792,-2434
107000172,464,593,-129
107000173,656,1190,-534
107000174,638,1760,-1122
107000175,9880,1566,8314
107000176,3,2,1
107000177,2,3,-1
107000178,11,57,-46
107000179,211,3446,-3235
107000180,614,334,280
107000181,309,1588,-1279
107000182,971,909,62
107000183,105,1036,-931
107000184,557,800,-243
107000185,284,1247,-963
107000186,602,321,281
107000187,845,1119,-274
107000188,300,467,-167
107000189,300,803,-503
107000190,318,824,-506
107000191,361,914,-553
107000192,913,1051,-138
107000193,303,397,-94
107000194,726,739,-13
107000197,521,223,298
107000198,224,779,-555
107000199,472,630,-158
107000200,806,426,380
107000201,256,169,87
107000202,170,352,-182
107000203,546,371,175
107000204,572,415,157
107000205,2111,824,1287
107000206,518,736,-218
107000207,609,984,-375
107000208,1031,292,739
107000209,1803,544,1259
107000210,1136,263,873
107000211,7,10,-3
107000212,9,189,-180
107000213,9,17,-8
107000214,5,106,-101
107000215,245,404,-159
107000216,125,447,-322
107000217,84,130,-46
107000219,52,106,-54
107000220,83,292,-209
107000222,234,638,-404
107000224,204,34,170
107000225,105,641,-536
107000226,129,76,53
107000227,63,447,-384
107000228,71,116,-45
107000229,175,81,94
107000230,840,494,346
107000231,1992,462,1530
107000232,73,60,13
107000233,1886,631,1255
107000234,0,20,-20
107000235,57,7,50
107000236,21,242,-221
107000237,2,0,2
107000238,19,2,17
107000239,5199,388,4811
107000240,65,1294,-1229
107000243,0,56,-56
107000244,8,82,-74
107000246,4,1168,-1164
107000249,2,1085,-1083
107000251,2,272,-270
107000252,6,1322,-1316
107000255,730,105,625
107000257,2,606,-604
107000258,2,143,-141
107000259,5,244,-239
107000260,166,4,162
107000262,16,831,-815
107000263,142,2,140
107000266,0,5,-5
107000267,35,163,-128
107000268,131,187,-56
107000269,108,24,84
107000270,0,32,-32
107000271,5,1112,-1107
107000272,4,259,-255
107000273,2,198,-196
107000274,583,200,383
107000275,20,580,-560
107000280,301,6,295
107000281,20,1236,-1216
107000282,21,1450,-1429
107000290,1,15,-14
107000291,9,5,4
107000292,1,24,-23
107000293,35,5,30
107000294,0,28,-28
107000295,15,1,14
107000296,1,22,-21
107000444,80,7,73
107000496,0,20,-20
107000497,1134,3173,-2039
107000500,256,298,-42
107000501,54,187,-133
107000502,148,403,-255
107000505,683,772,-89
107000506,0,63,-63
107000508,6,746,-740
107000509,129,457,-328
107000510,6,10,-4
107000514,16,159,-143
107000515,6,305,-299
107000516,110,147,-37
107000518,538,486,52
107000519,4049,1020,3029
107000520,39,6,33
107000521,307,498,-191
107000522,321,815,-494
107900001,13,197,-184
107900002,54,4,50
107900003,209,6,203
107900004,12,1,11
107900005,331,2,329
107900006,45,0,45
107900007,88,9,79
107900008,40,64,-24
107900009,66,5,61
107900010,11,0,11
107900012,186,16,170
107900013,214,50,164
107900014,11,1,10
107900015,251,0,251
107900016,366,97,269
107900017,13,1,12
107900018,32,43,-11
107900019,12,61,-49
107900020,38,6,32
107900021,24,139,-115
107900023,0,0,0
107900024,0,23,-23
107900025,156,332,-176
107900026,15,115,-100
107900027,6,22,-16
107900028,24,91,-67
107900030,146,6,140
107900031,39,212,-173
107900032,0,4,-4
107900033,10,2,8
107900034,200,8,192
107900035,411,13,398
107900036,18,9,9
107900037,0,55,-55
107900038,116,135,-19
107900039,7,50,-43
107900040,17,44,-27
107900041,1,0,1
107900043,34,155,-121
107900044,4,3,1
107900045,70,6,64
107900046,67,57,10
107900047,5,86,-81
107900048,71,10,61
107900049,269,357,-88
107900050,77,370,-293
107900051,74,115,-41
107900052,12,14,-2
107900053,9,92,-83
107900055,357,212,145
107900056,63,16,47
107900057,0,0,0
107900058,18,737,-719
107900060,3,46,-43
107900061,20,5,15
107900063,67,132,-65
107900064,296,31,265
107900065,66,1,65
107900066,6,11,-5
107900067,0,0,0
107900068,97,165,-68
107900069,25,680,-655
107900070,45,12,33
107900071,11,946,-935
107900072,19,165,-146
107900073,36,118,-82
107900074,890,121,769
107900076,90,66,24
107900077,25,0,25
107900078,160,10,150
107900079,7,16,-9
107900080,70,149,-79
107900081,7,56,-49
107900082,16,10,6
107900083,188,102,86
107900084,47,100,-53
107900086,63,70,-7
107900087,340,75,265
107900088,7,5,2
107900089,220,757,-537
107900090,392,962,-570
107900091,124,543,-419
107900092,1759,350,1409
107900093,37,53,-16
107900095,2460,865,1595
107900097,15,68,-53
107900098,63,161,-98
107900100,1001,597,404
107900101,1067,115,952
107900102,3,1,2
107900103,37,152,-115
107900104,104,2,102
107900105,3,510,-507
107900106,8,1538,-1530
107900107,1117,175,942
107900108,235,52,183
107900109,469,13,456
107900110,19,98,-79
107900111,4,1250,-1246
107900112,109,257,-148
107900113,72,108,-36
107900114,66,228,-162
107900115,2,28,-26
107900116,30,228,-198
107900117,203,385,-182
107900118,47,153,-106
107900119,25,68,-43
107900120,33,2,31
107900121,0,82,-82
107900122,2,35,-33
107900123,1,20,-19
107900124,3,13,-10
107900125,19,163,-144
107900126,0,40,-40
107900127,339,86,253
107900128,116,43,73
107900129,18,41,-23
107900130,19,21,-2
107900131,525,40,485
107900132,79,438,-359
107900133,2,88,-86
107900134,21,17,4
107900135,6,188,-182
107900136,38,29,9
107900137,59,81,-22
107900138,17,39,-22
107900139,6,20,-14
107900141,35,33,2
107900142,37,1053,-1016
107900143,25,41,-16
107900144,3,185,-182
107900145,14,81,-67
107900146,41,128,-87
107900147,24,18,6
107900148,113,167,-54
107900149,1687,295,1392
107900150,44,801,-757
107900151,8,90,-82
107900152,9,214,-205
107900153,102,174,-72
107900154,7,8,-1
107900155,17,31,-14
107900156,7,466,-459
107900157,22,88,-66
107900158,261,13,248
107900159,30,1187,-1157
107900160,30,168,-138
107900161,8,263,-255
107900162,1,82,-81
107900163,45,12,33
107900164,3,33,-30
107900165,2,43,-41
107900166,6,328,-322
107900167,5,25,-20
107900168,13,35,-22
107900169,1,156,-155
107900171,13,1776,-1763
107900172,0,340,-340
107900173,11,222,-211
107900174,42,6,36
107900175,3,14,-11
107900176,3,47,-44
107900177,2,123,-121
107900178,4,231,-227
107900179,7,125,-118
107900180,886,184,702
107900181,245,436,-191
107900182,3,1600,-1597
107900183,27,437,-410
107900184,18,227,-209
107900185,23,3,20
107900186,5,27,-22
107900187,0,109,-109
107900188,674,68,606
107900189,10,90,-80
107900190,93,24,69
107900191,36,145,-109
107900193,0,23,-23
107900194,127,6,121
107900195,4006,481,3525
107900196,35,48,-13
107900197,746,129,617
107900199,0,1013,-1013
107900201,70,113,-43
107900203,34,79,-45
107900204,242,181,61
107900205,122,424,-302
107900206,262,124,138
107900207,4,642,-638
107900208,5,796,-791
107900209,327,84,243
107900210,41,101,-60
107900213,468,342,126
107900214,1,188,-187
107900215,161,302,-141
107900216,73,54,19
107900217,21,46,-25
107900218,13,1467,-1454
107900219,30,126,-96
107900220,119,88,31
107900221,115,202,-87
107900223,57,600,-543
107900224,183,307,-124
107900225,2,756,-754
107900226,49,105,-56
107900227,87,501,-414
107900228,4,112,-108
107900229,2,333,-331
107900230,16,143,-127
107900231,9,203,-194
107900232,20,201,-181
107900233,2,152,-150
107900234,46,195,-149
107900235,26,92,-66
107900236,58,82,-24
107900237,123,441,-318
107900238,9,108,-99
107900239,1331,349,982
107900240,6,150,-144
107900241,12,75,-63
107900242,14,402,-388
107900243,1,27,-26
107900244,130,4,126
107900245,179,26,153
107900246,29,3,26
107900248,84,475,-391
107900249,226,14,212
107900250,3,532,-529
107900251,29,1294,-1265
107900252,488,12,476
107900253,70,1,69
107900254,44,99,-55
107900255,302,53,249
107900256,317,421,-104
107900257,77,24,53
107900258,34,197,-163
107900259,69,621,-552
107900261,0,407,-407
107900262,14,116,-102
107900264,78,3,75
107900265,30,223,-193
107900267,95,20,75
107900268,35,9,26
107900269,1,7,-6
107900270,0,0,0
107900271,2,4,-2
107900272,118,3,115
107900273,11,53,-42
107900274,25,0,25
107900275,10,2,8
107900276,0,91,-91
107900277,1,182,-181
107900278,142,322,-180
107900279,141,77,64
107900280,1482,936,546
107900281,2887,889,1998
107900282,67,153,-86
107900283,1210,366,844
107900284,114,727,-613
107900285,49,110,-61
107900286,99,81,18
107900287,56,129,-73
107900290,2,58,-56
107900291,274,4,270
107900292,101,292,-191
107900293,44,592,-548
107900295,22,111,-89
107900297,0,264,-264
107900298,602,918,-316
107900299,3865,1474,2391
107900300,19,159,-140
107900301,338,236,102
107900302,100,9,91
107900303,30,328,-298
107900304,95,566,-471
107900305,96,9,87
107900306,11,2,9
107900307,36,303,-267
107900308,181,42,139
107900309,8,0,8
107900310,21,0,21
107900311,292,107,185
107900312,0,0,0
107900313,0,57,-57
107900314,0,39,-39
107900315,0,49,-49
107900316,24,1,23
107900317,23,4,19
107900318,4,142,-138
107900319,2,230,-228
107900320,1,156,-155
107900321,48,3,45
107900322,3,201,-198
107900323,8,144,-136
107900324,92,0,92
107900325,19,0,19
107900326,76,454,-378
107900327,0,0,0
107900328,2,0,2
107900329,0,0,0
107900330,8,561,-553
107900331,82,20,62
107900332,88,31,57
107900333,41,7,34
107900334,9,370,-361
107900335,54,66,-12
107900336,13,12,1
107900337,1467,380,1087
107900338,1,138,-137
107900339,1,38,-37
107900340,0,55,-55
107900341,15,0,15
107900342,84,97,-13
107900343,28,0,28
107900344,6,86,-80
107900345,33,14,19
107900346,15,1,14
107900347,31,2,29
107900348,1,2,-1
107900349,11,6,5
107900350,53,261,-208
107900351,4,218,-214
107900352,1,38,-37
107900353,2,3,-1
107900354,9,50,-41
108000001,1863,2671,-808
108000002,2392,3166,-774
108000003,2354,1472,882
108000004,15823,15911,-88
108000005,4064,2409,1655
108000006,5645,6023,-378
108000007,3148,2709,439
108000008,4376,5456,-1080
108000009,1906,2573,-667
108000010,2258,4847,-2589
108000011,8799,6971,1828
108000012,19154,15191,3963
108000014,405,378,27
108000015,373,256,117
108000016,160,655,-495
108000017,477,276,201
108000018,880,361,519
108000019,1020,435,585
108000020,773,346,427
108000021,445,1566,-1121
108000022,472,1458,-986
108000023,760,170,590
108000024,122,735,-613
108000025,138,173,-35
108000026,260,657,-397
108000027,317,494,-177
108000028,213,256,-43
108000029,209,565,-356
108000030,299,213,86
108000031,154,559,-405
108000032,619,413,206
108000033,525,1340,-815
108000034,896,323,573
108000035,888,2582,-1694
108000036,282,1563,-1281
108000037,1138,296,842
108000038,1345,319,1026
108000039,427,2922,-2495
108000040,977,557,420
108000041,680,3042,-2362
108000042,88,250,-162
108000043,98,349,-251
108000044,249,162,87
108000045,133,821,-688
108000046,761,220,541
108000047,297,1192,-895
108000048,117,525,-408
108000049,315,164,151
108000050,91,458,-367
108000051,180,69,111
108000052,283,812,-529
108000053,194,107,87
108000054,475,922,-447
108000055,620,281,339
108000056,779,977,-198
108000057,424,610,-186
108000058,1725,2287,-562
108000059,3668,1796,1872
108000060,101,236,-135
108000061,142,264,-122
108000062,391,290,101
108000063,273,578,-305
108000064,95,148,-53
108000065,361,571,-210
108000066,1428,630,798
108000067,1175,357,818
108000068,428,257,171
108000069,135,1156,-1021
108000070,958,529,429
108000071,489,2047,-1558
108000072,904,747,157
108000073,1323,2078,-755
108000074,219,293,-74
108000075,327,806,-479
108000076,495,322,173
108000077,596,794,-198
108000078,1266,1110,156
108000079,926,1936,-1010
108000080,511,454,57
108000081,410,2697,-2287
108000082,926,1808,-882
108000083,1255,655,600
108000084,356,1415,-1059
108000085,291,264,27
108000086,737,915,-178
108000087,118,1043,-925
108000088,115,4,111
108000089,171,236,-65
108000090,137,118,19
108000091,64,626,-562
108000092,44,106,-62
108000093,72,863,-791
108000094,365,114,251
108000095,134,620,-486
108000096,209,147,62
108000097,93,610,-517
108000098,539,1258,-719
108000099,86,75,11
108000100,11,148,-137
108000101,476,809,-333
108000102,972,1655,-683
108000106,821,1,820
108000107,2,664,-662
108000108,355,31,324
108000109,6,836,-830
108000110,113,175,-62
108000111,132,766,-634
108000112,40,93,-53
108000113,495,292,203
108000115,423,355,68
108000117,658,274,384
108000118,133,108,25
108000119,724,470,254
108000120,57,495,-438
108000121,156,510,-354
108000122,245,289,-44
108000123,309,316,-7
108000124,168,520,-352
108000125,161,377,-216
108000126,87,571,-484
108000127,253,367,-114
108000128,277,798,-521
108000129,129,1575,-1446
108000130,181,284,-103
108000131,599,252,347
108000132,1692,1536,156
108000133,439,499,-60
108000134,575,751,-176
108000135,576,228,348
108000136,773,1123,-350
108000137,189,330,-141
108000138,210,1080,-870
108000139,166,407,-241
108000140,43,17,26
108000141,10,168,-158
108000142,46,128,-82
108000143,19,37,-18
108000144,13,6,7
108000145,18,38,-20
108000146,17,8,9
108000147,22,54,-32
108000148,19,10,9
108000149,12,30,-18
108000150,9,2,7
108000151,8,14,-6
108000152,71,684,-613
108000153,167,109,58
108000154,52,9,43
108000155,17,6,11
108000156,341,101,240
108000157,109,382,-273
108000158,85,409,-324
108000159,622,169,453
108000160,5321,647,4674
108000161,4453,1050,3403
108000165,1,92,-91
108000172,1,147,-146
108000173,2855,1075,1780
108000175,185,87,98
108000178,398,387,11
108000179,162,390,-228
108000181,41,29,12
108000182,158,20,138
108000183,24,15,9
108000184,1132,1383,-251
108000185,87,720,-633
108000186,45,64,-19
108000187,77,852,-775
108000188,153,270,-117
108000189,619,619,0
108000190,19,87,-68
108000192,51,697,-646
108000193,693,47,646
108000194,10,5,5
108000195,0,1210,-1210
108000196,67,99,-32
108000198,297,400,-103
108000199,0,91,-91
108000200,102,715,-613
108000203,63,1020,-957
108000204,40,14,26
108000205,388,579,-191
108000339,1404,274,1130
108000364,200,176,24
108000365,35,362,-327
108000367,149,349,-200
108000368,1,62,-61
108000369,1618,91,1527
108000371,1,552,-551
108000372,261,1,260
108000373,71,137,-66
108000376,37,18,19
108000377,182,352,-170
108000378,7680,6838,842
108000379,28,149,-121
108000381,34,13,21
108000382,65,0,65
108000383,0,86,-86
108900001,133,1227,-1094
108900002,143,37,106
108900003,360,1130,-770
108900004,137,106,31
108900005,26,107,-81
108900006,284,177,107
108900007,70,116,-46
108900008,28,133,-105
108900009,23,90,-67
108900010,73,151,-78
108900011,181,381,-200
108900012,126,412,-286
108900013,88,232,-144
108900014,4,63,-59
108900015,1,19,-18
108900016,0,207,-207
108900017,107,134,-27
108900018,67,599,-532
108900019,13,1346,-1333
108900020,16,328,-312
108900021,61,322,-261
108900022,27,2,25
108900023,9,27,-18
108900024,5,165,-160
108900025,24,150,-126
108900026,9,74,-65
108900027,0,100,-100
108900028,20,544,-524
108900029,44,231,-187
108900030,0,113,-113
108900031,33,667,-634
108900032,9,302,-293
108900033,1,79,-78
108900034,0,336,-336
108900035,188,1900,-1712
108900036,191,409,-218
108900037,25,544,-519
108900038,0,395,-395
108900039,1,656,-655
108900040,2,114,-112
108900041,5493,1914,3579
108900042,4,263,-259
108900043,35,479,-444
108900044,2,750,-748
108900045,12,748,-736
108900046,51,1089,-1038
108900047,0,75,-75
108900048,77,1242,-1165
108900049,5558,601,4957
108900050,1,325,-324
108900051,1,245,-244
108900052,13,315,-302
108900053,65,122,-57
108900054,36,199,-163
108900055,65,476,-411
108900056,0,189,-189
108900057,1,196,-195
108900058,18,543,-525
108900059,183,5,178
108900060,54,116,-62
108900061,30,14,16
108900062,8,380,-372
108900063,8,507,-499
108900064,68,46,22
108900065,3,357,-354
108900066,155,78,77
108900067,11,242,-231
108900068,7,337,-330
108900069,26,112,-86
108900070,15,171,-156
108900071,68,36,32
108900072,2326,212,2114
108900073,16,593,-577
108900074,57,467,-410
108900075,45,73,-28
108900076,161,70,91
108900077,202,732,-530
108900078,6,240,-234
108900079,912,230,682
108900080,18,328,-310
108900081,63,241,-178
108900082,22,105,-83
108900083,17,173,-156
108900084,356,122,234
108900085,2418,116,2302
108900086,35,398,-363
108900087,127,240,-113
108900088,575,239,336
108900089,16,99,-83
108900090,15,508,-493
108900091,156,125,31
108900092,222,199,23
108900093,67,52,15
108900094,144,61,83
108900095,41,763,-722
108900096,531,43,488
108900097,205,193,12
108900098,3228,279,2949
108900099,216,344,-128
108900100,116,168,-52
108900101,132,59,73
108900102,112,461,-349
108900103,39,109,-70
108900104,245,342,-97
108900105,5,519,-514
108900106,179,714,-535
108900108,138,22,116
108900109,154,46,108
108900110,84,600,-516
108900111,192,853,-661
108900112,66,19,47
108900113,15,33,-18
108900114,42,23,19
108900115,37,61,-24
108900116,43,14,29
108900117,53,18,35
108900118,286,3,283
108900119,92,32,60
108900120,179,114,65
108900121,206,30,176
108900122,59,21,38
108900123,51,51,0
108900124,255,119,136
108900125,192,2,190
108900126,57,13,44
108900127,61,16,45
108900128,44,15,29
108900129,482,91,391
108900130,93,0,93
108900131,169,0,169
108900132,307,52,255
108900133,70,36,34
108900134,118,214,-96
108900135,64,2,62
108900136,5,0,5
108900137,48,0,48
108900138,191,17,174
108900139,154,90,64
108900140,93,243,-150
108900141,106,10,96
108900142,48,2,46
108900143,17,0,17
108900144,14,0,14
108900145,55,3,52
108900146,33,0,33
108900147,84,0,84
108900148,33,35,-2
108900149,436,412,24
108900150,144,1,143
108900151,28,5,23
108900152,20,2,18
108900153,51,497,-446
108900154,2577,353,2224
108900155,109,66,43
108900156,23,3,20
108900157,8,693,-685
108900158,110,18,92
108900159,2,423,-421
108900160,7,318,-311
108900161,8,475,-467
108900162,30,1,29
108900163,6,152,-146
108900164,43,83,-40
108900165,179,62,117
108900167,1790,2186,-396
108900168,10572,1684,8888
108900169,39,168,-129
108900171,9024,1358,7666
108900172,147,23,124
108900173,204,426,-222
108900174,310,445,-135
108900176,230,812,-582
108900177,8894,2179,6715
108900178,5058,1551,3507
108900179,337,707,-370
108900180,52,149,-97
108900182,19,119,-100
108900183,186,190,-4
108900184,267,159,108
108900185,29,319,-290
108900186,31,357,-326
108900187,166,36,130
108900188,242,35,207
108900189,123,118,5
108900190,28,3811,-3783
108900191,114,13,101
108900192,45,291,-246
108900193,169,50,119
108900194,15,340,-325
108900195,45,391,-346
108900196,14,668,-654
108900198,11,623,-612
108900199,119,234,-115
108900200,209,275,-66
108900201,259,1160,-901
108900203,202,19,183
108900204,242,4,238
108900205,102,11,91
108900206,156,21,135
108900207,109,42,67
108900208,21,292,-271
108900209,221,562,-341
108900210,104,150,-46
108900211,69,282,-213
108900212,735,666,69
108900215,114,676,-562
108900216,252,55,197
108900217,48,1,47
108900218,98,2,96
108900219,37,3,34
108900220,15,3,12
108900221,29,106,-77
108900222,73,7,66
108900223,13,43,-30
108900224,34,97,-63
108900225,0,184,-184
108900226,11,2,9
108900227,74,91,-17
108900230,401,336,65
108900231,48,230,-182
108900232,1,430,-429
108900233,181,26,155
108900234,145,45,100
108900235,162,661,-499
108900236,24,324,-300
108900237,22,297,-275
108900240,85,87,-2
108900241,12,11,1
108900245,0,497,-497
108900249,45,22,23
108900250,85,118,-33
108900257,78,591,-513
108900258,19,321,-302
108900259,17,78,-61
108900260,4,72,-68
108900261,150,137,13
108900262,261,119,142
108900263,49,265,-216
108900264,374,223,151
108900265,1358,205,1153
108900266,1224,231,993
108900267,0,40,-40
108900268,1,2,-1
108900269,18,6,12
108900270,25,2,23
108900271,15,3,12
108900272,72,1,71
108900273,999,336,663
108900274,12,48,-36
109000001,2836,952,1884
109000002,2956,1250,1706
109000003,1653,566,1087
109000004,461,2541,-2080
109000005,1263,730,533
109000006,591,2194,-1603
109000007,856,679,177
109000008,331,1957,-1626
109000009,2263,970,1293
109000010,1134,4197,-3063
109000011,1698,1162,536
109000012,1381,4160,-2779
109000013,2208,1506,702
109000014,1200,4076,-2876
109000015,2543,3383,-840
109000016,9875,4281,5594
109000017,1348,895,453
109000018,743,3572,-2829
109000019,1627,1008,619
109000020,1102,2286,-1184
109000023,173,20,153
109000024,6,114,-108
109000025,340,301,39
109000026,615,245,370
109000027,52,255,-203
109000028,74,86,-12
109000029,82,94,-12
109000030,70,555,-485
109000031,109,84,25
109000032,45,555,-510
109000033,162,70,92
109000034,50,38,12
109000035,13,36,-23
109000036,58,386,-328
109000037,172,508,-336
109000038,470,333,137
109000039,517,317,200
109000040,5570,3286,2284
109000041,5514,994,4520
109000042,811,915,-104
109000044,169,68,101
109000045,63,520,-457
109000046,245,65,180
109000047,80,470,-390
109000048,627,153,474
109000049,187,497,-310
109000050,233,222,11
109000051,250,294,-44
109000052,313,1966,-1653
109000053,67,46,21
109000054,116,722,-606
109000055,92,139,-47
109000056,151,586,-435
109000057,236,177,59
109000058,553,216,337
109000059,338,707,-369
109000060,418,149,269
109000061,1367,389,978
109000062,104,161,-57
109000063,171,206,-35
109000064,62,193,-131
109000065,84,322,-238
109000066,161,112,49
109000067,25,395,-370
109000068,350,5,345
109000069,663,8,655
109000070,22,769,-747
109000071,196,62,134
109000072,74,307,-233
109000073,24,65,-41
109000074,22,215,-193
109000075,51,476,-425
109000076,60,138,-78
109000077,344,221,123
109000078,41,82,-41
109000079,95,253,-158
109000080,72,103,-31
109000081,73,603,-530
109000082,293,325,-32
109000083,117,878,-761
109000088,140,477,-337
109000089,247,21,226
109000090,137,506,-369
109000091,131,90,41
109000092,375,706,-331
109000093,139,134,5
109000094,161,2,159
109000095,67,705,-638
109000096,335,175,160
109000097,71,157,-86
109000098,23,45,-22
109000099,438,356,82
109000100,111,543,-432
109000101,651,1025,-374
109000102,173,866,-693
109000103,239,532,-293
109000104,707,580,127
109000105,344,1589,-1245
109000106,1012,497,515
109000107,416,2111,-1695
109000108,901,359,542
109000109,317,2012,-1695
109000110,819,339,480
109000111,756,2347,-1591
109000112,239,112,127
109000113,158,142,16
109000114,128,352,-224
109000115,747,46,701
109000116,0,196,-196
109000117,68,76,-8
109000118,15,317,-302
109000119,482,342,140
109000120,101,1279,-1178
109000121,134,51,83
109000122,61,1323,-1262
109000123,11,100,-89
109000124,300,311,-11
109000125,361,305,56
109000126,214,1041,-827
109000127,356,161,195
109000128,303,2539,-2236
109000129,970,431,539
109000130,527,2784,-2257
109000131,455,218,237
109000132,515,1806,-1291
109000133,230,1011,-781
109000134,559,1544,-985
109000135,739,1093,-354
109000136,187,465,-278
109000137,123,275,-152
109000138,285,583,-298
109000139,221,386,-165
109000140,53,524,-471
109000141,234,430,-196
109000142,74,657,-583
109000143,76,37,39
109000145,36,194,-158
109000146,29,72,-43
109000148,4250,893,3357
109000149,14,27,-13
109000150,66,183,-117
109000155,279,467,-188
109000156,1053,883,170
109000158,40,214,-174
109000159,46,712,-666
109000160,370,231,139
109000161,228,1467,-1239
109000162,1255,1047,208
109000163,649,1652,-1003
109000164,684,2769,-2085
109000165,715,538,177
109000166,371,121,250
109000167,95,1165,-1070
109000170,56,64,-8
109000171,48,43,5
109000172,22,58,-36
109000173,19,54,-35
109000174,27,91,-64
109000175,27,122,-95
109000176,155,286,-131
109000177,12,142,-130
109000178,341,541,-200
109000179,7526,2217,5309
109000180,4711,2351,2360
109000181,12,43,-31
109000182,26,60,-34
109000183,9,24,-15
109000184,24,17,7
109000185,14,56,-42
109000188,342,2901,-2559
109000189,1204,842,362
109000190,318,477,-159
109000191,136,611,-475
109000192,119,203,-84
109000193,105,466,-361
109000194,84,134,-50
109000195,56,460,-404
109000196,150,84,66
109000197,125,542,-417
109000198,158,66,92
109000199,70,573,-503
109000206,125,32,93
109000207,92,38,54
109000208,82,54,28
109000209,156,63,93
109000210,186,530,-344
109000211,209,406,-197
109000214,137,571,-434
109000215,53,64,-11
109000216,132,112,20
109000217,94,64,30
109000218,135,100,35
109000221,229,1332,-1103
109000222,487,72,415
109000223,138,204,-66
109000224,25,344,-319
109000225,46,41,5
109000226,30,323,-293
109000227,584,1552,-968
109000228,0,236,-236
109000231,6,582,-576
109000232,202,485,-283
109000236,194,862,-668
109000241,1279,2075,-796
109000242,1000,1190,-190
109000293,9,41,-32
109000361,49,250,-201
109000364,112,663,-551
109000396,6,867,-861
109000397,250,5,245
109000399,87,557,-470
109000400,30,278,-248
109000403,31,211,-180
109000406,205,18,187
109000407,121,250,-129
109000408,3,760,-757
109000410,500,151,349
109000411,77,33,44
109900001,51,0,51
109900002,356,8,348
109900003,84,0,84
109900004,383,255,128
109900005,16,7,9
109900006,207,279,-72
109900007,346,968,-622
109900008,1,42,-41
109900009,61,899,-838
109900010,268,10,258
109900011,45,37,8
109900012,102,138,-36
109900013,213,110,103
109900014,136,33,103
109900015,306,103,203
109900016,61,42,19
109900017,91,112,-21
109900018,92,157,-65
109900019,51,92,-41
109900020,8,26,-18
109900021,11,7,4
109900022,56,380,-324
109900023,6,1,5
109900024,12,2,10
109900025,1,84,-83
109900026,4,216,-212
109900027,25,8,17
109900028,2651,400,2251
109900029,8,710,-702
109900030,13,1,12
109900031,0,42,-42
109900032,6,240,-234
109900033,3,527,-524
109900034,2,0,2
109900035,3,11,-8
109900036,4,87,-83
109900037,18,576,-558
109900038,34,227,-193
109900039,3,0,3
109900040,10,747,-737
109900041,45,599,-554
109900042,10,465,-455
109900044,58,274,-216
109900045,26,25,1
109900046,15,47,-32
109900047,263,298,-35
109900048,0,90,-90
109900049,6,23,-17
109900050,0,338,-338
109900051,0,60,-60
109900052,32,257,-225
109900053,4,613,-609
109900054,268,144,124
109900055,17,249,-232
109900056,13,92,-79
109900057,4,235,-231
109900058,1,111,-110
109900059,243,61,182
109900060,313,156,157
109900061,67,271,-204
109900062,0,305,-305
109900063,1,268,-267
109900064,220,272,-52
109900065,102,116,-14
109900066,237,1106,-869
109900067,0,552,-552
109900068,22,0,22
109900069,3,48,-45
109900070,29,276,-247
109900071,1,51,-50
109900072,42,104,-62
109900073,124,925,-801
109900074,4,40,-36
109900075,13,11,2
109900076,4,303,-299
109900077,25,31,-6
109900078,92,338,-246
109900080,92,360,-268
109900081,8,82,-74
109900082,35,486,-451
109900083,20,25,-5
109900084,28,131,-103
109900085,138,1313,-1175
109900086,75,159,-84
109900087,244,352,-108
109900089,283,78,205
109900090,377,1362,-985
109900091,122,61,61
109900092,172,6,166
109900093,323,102,221
109900094,34,70,-36
109900095,88,276,-188
109900096,21,0,21
109900097,63,1,62
109900098,174,23,151
109900099,86,3,83
109900100,24,0,24
109900101,198,10,188
109900102,251,18,233
109900103,8,34,-26
109900104,219,1312,-1093
109900105,275,27,248
109900106,156,39,117
109900107,166,57,109
109900108,62,473,-411
109900109,9,208,-199
109900110,29,524,-495
109900111,233,1319,-1086
109900112,433,1102,-669
109900113,385,251,134
109900114,574,333,241
109900115,54,75,-21
109900117,393,96,297
109900118,215,424,-209
109900119,481,195,286
109900120,45,5,40
109900121,302,167,135
109900122,161,3,158
109900123,10,152,-142
109900124,36,917,-881
109900125,0,259,-259
109900126,62,215,-153
109900128,107,47,60
109900130,12388,1203,11185
109900131,61,161,-100
109900132,42,162,-120
109900133,22,448,-426
109900134,44,26,18
109900135,403,82,321
109900136,31,119,-88
109900137,46,413,-367
109900140,96,348,-252
109900142,511,239,272
109900145,0,108,-108
109900146,262,25,237
109900148,30,56,-26
109900149,27,53,-26
109900150,5,68,-63
109900151,1,43,-42
109900152,1,24,-23
109900153,0,56,-56
109900154,9,0,9
109900155,35,2,33
109900157,44,312,-268
109900158,25,105,-80
109900159,74,17,57
109900160,61,40,21
109900161,146,57,89
109900162,116,67,49
109900163,799,382,417
109900164,30,194,-164
109900165,156,2,154
109900166,0,183,-183
109900167,105,608,-503
109900168,126,535,-409
109900169,77,113,-36
109900170,193,370,-177
109900171,81,52,29
109900172,92,129,-37
109900173,4390,1178,3212
109900174,7,193,-186
109900175,29,64,-35
109900176,59,222,-163
109900177,19,394,-375
109900178,0,128,-128
109900179,1,28,-27
109900180,13,16,-3
110000001,526,526,0
110000002,458,438,20
110000003,748,516,232
110000004,491,426,65
110000005,600,861,-261
110000006,555,283,272
110000007,102,152,-50
110000008,6,44,-38
110000009,22,39,-17
110000010,17,63,-46
110000011,6,78,-72
110000012,628,430,198
110000013,23,271,-248
110000014,535,323,212
110000015,205,330,-125
110000016,222,614,-392
110000017,3522,185,3337
110000018,3517,464,3053
110000019,7,128,-121
110000020,469,175,294
110000021,387,355,32
110000022,567,175,392
110000023,8,176,-168
110000024,496,423,73
110000025,106,3,103
110000026,3,579,-576
110000027,468,253,215
110000028,559,563,-4
110000029,384,960,-576
110000030,164,252,-88
110000031,163,621,-458
110000032,536,349,187
110000033,134,56,78
110000034,151,744,-593
110000035,305,1035,-730
110000036,409,728,-319
110000037,77,671,-594
110000038,118,462,-344
110000039,445,1067,-622
110000040,223,501,-278
110000041,133,545,-412
110000042,83,260,-177
110000043,276,128,148
110000044,85,67,18
110000045,249,60,189
110000046,3,7,-4
110000047,6,16,-10
110000048,6,4,2
110000049,24,5,19
110000050,3,9,-6
110000051,4,1,3
110000052,12,23,-11
110000053,42,1,41
110000054,56,167,-111
110000055,125,30,95
110000056,180,26,154
110000057,232,794,-562
110000058,484,520,-36
110000059,504,527,-23
110000060,332,656,-324
110000061,809,790,19
110000062,630,648,-18
110000063,25,61,-36
110000064,48,100,-52
110000065,23,69,-46
110000066,38,50,-12
110000067,45,290,-245
110000068,112,613,-501
110000069,78,109,-31
110000071,52,167,-115
110000073,4,16,-12
110000075,8,88,-80
110000076,269,193,76
110000077,476,482,-6
110000078,13,68,-55
110000080,215,476,-261
110000081,14,229,-215
110000082,28,224,-196
110000083,246,502,-256
110000084,543,454,89
110000085,2822,1254,1568
110000086,1143,1078,65
110000087,6,48,-42
110000088,16,201,-185
110000089,153,150,3
110000090,30,296,-266
110000091,1767,222,1545
110000092,7,88,-81
110000093,24,9,15
110000094,340,206,134
110000095,53,426,-373
110000096,4138,1406,2732
110000097,676,788,-112
110000098,1282,494,788
110000099,716,1301,-585
110000100,295,912,-617
110000101,29,609,-580
110000102,44,21,23
110000104,97,82,15
110000105,29,281,-252
110000106,411,211,200
110000107,315,390,-75
110000108,124,38,86
110000109,229,274,-45
110000110,4619,2751,1868
110000111,8332,1666,6666
110000112,1400,332,1068
110000113,641,908,-267
110000114,74,341,-267
110000115,116,233,-117
110000116,26,26,0
110000117,76,670,-594
110000118,248,297,-49
110000119,110,383,-273
110000120,198,189,9
110000121,69,234,-165
110000122,185,502,-317
110000123,281,376,-95
110000124,0,777,-777
110000125,539,2,537
110000126,163,21,142
110000127,430,37,393
110000128,30,1614,-1584
110000129,1,513,-512
110000130,104,82,22
110000131,129,338,-209
110000132,3,679,-676
110000133,28,237,-209
110000134,21,288,-267
110000135,105,31,74
110000136,29,333,-304
110000137,258,718,-460
110000138,377,817,-440
110000139,498,1651,-1153
110000140,595,338,257
110000143,605,339,266
110000144,3868,933,2935
110000145,1099,590,509
110000146,1541,718,823
110000147,169,624,-455
110000148,160,396,-236
110000151,623,405,218
110000152,467,229,238
110000153,41,59,-18
110000154,42,20,22
110000155,2235,1926,309
110000156,495,1100,-605
110000157,1036,1316,-280
110000160,241,400,-159
110000161,80,414,-334
110000166,147,115,32
110000167,381,404,-23
110000168,640,300,340
110000169,484,301,183
110000170,91,74,17
110000171,430,198,232
110000172,118,789,-671
110000173,1140,1180,-40
110000174,56,1450,-1394
110000175,255,72,183
110000176,23,183,-160
110000177,131,594,-463
110000178,377,619,-242
110000179,1445,345,1100
110000180,72,359,-287
110000181,136,327,-191
110000182,429,320,109
110000183,10930,3545,7385
110000184,654,1305,-651
110000185,496,589,-93
110000186,494,513,-19
110000191,278,435,-157
110000192,209,0,209
110000193,288,2,286
110000194,12,1435,-1423
110000195,147,472,-325
110000196,175,593,-418
110000197,31,257,-226
110000198,53,61,-8
110000199,30,87,-57
110000200,1172,564,608
110000201,369,540,-171
110000202,1052,394,658
110000203,604,845,-241
110000204,2,453,-451
110000205,77,65,12
110000206,509,1823,-1314
110000207,321,287,34
110000208,82,92,-10
110000209,105,860,-755
110000210,359,588,-229
110000211,397,680,-283
110000212,237,697,-460
110000213,46,20,26
110000214,62,55,7
110000215,59,674,-615
110000216,40,699,-659
110000217,127,248,-121
110000218,90,535,-445
110000219,154,49,105
110000220,8,531,-523
110000221,130,70,60
110000222,12,376,-364
110000223,1,71,-70
110000224,55,8,47
110000225,115,578,-463
110000226,111,29,82
110000227,469,335,134
110000228,321,248,73
110000229,0,283,-283
110000230,380,653,-273
110000231,97,167,-70
110000232,88,214,-126
110000233,114,264,-150
110000234,351,299,52
110000235,1029,722,307
110000236,235,905,-670
110000237,913,1003,-90
110000238,641,1137,-496
110000239,823,1186,-363
110000240,0,114,-114
110000242,0,14,-14
110000243,40,220,-180
110000244,70,353,-283
110000245,29,510,-481
110000246,336,659,-323
110000247,1468,3906,-2438
110000248,2185,1243,942
110000249,66,7,59
110000250,1,232,-231
110000251,94,391,-297
110000252,159,225,-66
110000253,823,355,468
110000254,564,1378,-814
110000255,145,1180,-1035
110000256,284,163,121
110000257,398,389,9
110000258,3,521,-518
110000259,52,17,35
110000260,9,445,-436
110000263,561,75,486
110000264,124,699,-575
110000265,636,1076,-440
110000266,1367,1569,-202
110000267,23,189,-166
110000268,207,544,-337
110000269,1,80,-79
110000270,18,3,15
110000271,2070,249,1821
110000272,671,712,-41
110000273,2079,1143,936
110000274,133,740,-607
110000275,3172,477,2695
110000276,90,180,-90
110000277,95,396,-301
110000278,128,846,-718
110000279,407,638,-231
110000280,148,374,-226
110000281,9,152,-143
110000282,169,53,116
110000283,24,78,-54
110000284,39,42,-3
110000285,2,205,-203
110000286,20,0,20
110000287,23,1,22
110000288,0,82,-82
110000289,341,1046,-705
110000290,1302,512,790
110000291,5940,1249,4691
110000292,1060,2894,-1834
110000293,239,1105,-866
110000294,389,658,-269
110000295,60,820,-760
110000296,160,303,-143
110000297,2428,222,2206
110000298,412,435,-23
110000299,527,32,495
110000301,95,10,85
110000302,152,1412,-1260
110000303,210,5,205
110000304,55,237,-182
110000305,432,12,420
110000306,88,2115,-2027
110000307,676,0,676
110000308,232,11,221
110000309,10,1426,-1416
110000310,328,47,281
110000311,10,888,-878
110000312,382,44,338
110000313,2703,1815,888
110000314,0,202,-202
110000315,2587,1369,1218
110000316,555,944,-389
110000317,385,207,178
110000318,2,83,-81
110000319,4,21,-17
110000320,22,51,-29
110000321,16,41,-25
110000322,82,480,-398
110000323,187,232,-45
110000324,4959,1061,3898
110000325,1872,1792,80
110000327,304,169,135
110000328,132,509,-377
110000333,450,408,42
110000334,550,1375,-825
110000335,777,527,250
110000336,315,1413,-1098
110000337,742,545,197
110000338,137,244,-107
110000339,102,270,-168
110000340,18,203,-185
110000341,200,558,-358
110000342,316,5,311
110000343,0,14,-14
110000344,12,191,-179
110000345,34,63,-29
110000346,1913,1044,869
110000347,707,605,102
110000348,5,24,-19
110000349,8,23,-15
110000350,36,7,29
110000351,464,771,-307
110000352,384,1274,-890
110000353,3193,685,2508
110000354,654,1320,-666
110000355,63,63,0
110000356,640,7,633
110000357,158,12,146
110000361,12,106,-94
110000362,31,196,-165
110000363,134,90,44
110000364,80,390,-310
110000365,138,3,135
110000366,0,77,-77
110000367,173,233,-60
110000368,3,46,-43
110000369,27,0,27
110000373,5,322,-317
110000374,24,7,17
110000375,176,656,-480
110000376,25,106,-81
110000377,43,248,-205
110000378,26,247,-221
110000379,3808,954,2854
110000380,41,7,34
110000383,2,713,-711
110000384,1464,559,905
110000385,1,163,-162
110000387,34,8,26
110000388,33,201,-168
110000389,315,1,314
110000391,159,369,-210
110000396,85,157,-72
110000397,34,196,-162
110000398,0,22,-22
110000399,105,1,104
110000587,55,28,27
110000589,109,176,-67
110000640,119,88,31
110000652,12,69,-57
110000653,90,509,-419
110000654,12,17,-5
110000656,1,664,-663
110000674,11,8,3
110000675,1,6,-5
110000676,0,48,-48
110000679,526,497,29
110000682,106,88,18
110000683,275,483,-208
110000684,0,83,-83
110000685,6,7,-1
110000686,1,26,-25
110000687,10,1,9
110000688,52,402,-350
110000689,20,70,-50
110000692,52,241,-189
110000693,79,175,-96
110000694,0,103,-103
110000695,109,627,-518
110000696,113,109,4
110900001,197,11,186
110900002,88,228,-140
110900003,238,1059,-821
110900004,170,262,-92
110900005,4369,1021,3348
110900006,33,13,20
110900007,38,12,26
110900008,6,56,-50
110900009,269,31,238
110900010,4,87,-83
110900011,6,107,-101
110900012,1,119,-118
110900013,495,149,346
110900014,39,7,32
110900015,970,436,534
110900016,10,187,-177
110900017,123,42,81
110900018,252,25,227
110900019,71,31,40
110900020,29,573,-544
110900021,61,694,-633
110900022,42,409,-367
110900023,75,577,-502
110900024,15,500,-485
110900025,3,33,-30
110900027,18,287,-269
110900028,11,197,-186
110900029,32,530,-498
110900030,15,416,-401
110900031,1,120,-119
110900032,1,107,-106
110900033,30,340,-310
110900035,31,360,-329
110900036,26,43,-17
110900037,34,25,9
110900038,1326,224,1102
110900039,7,294,-287
110900040,114,30,84
110900041,8,161,-153
110900042,44,50,-6
110900043,1,146,-145
110900044,249,22,227
110900045,19,720,-701
110900046,143,297,-154
110900047,708,91,617
110900049,18,22,-4
110900050,9,1,8
110900051,35,199,-164
110900052,3,197,-194
110900053,41,61,-20
110900054,27,370,-343
110900055,18,0,18
110900056,52,92,-40
110900057,2,261,-259
110900058,73,300,-227
110900059,458,914,-456
110900060,211,48,163
110900061,34,41,-7
110900062,59,304,-245
110900063,45,86,-41
110900064,2,0,2
110900065,465,102,363
110900066,4,81,-77
110900067,554,353,201
110900068,200,316,-116
110900069,2,27,-25
110900070,88,45,43
110900071,290,282,8
110900073,1,17,-16
110900074,177,63,114
110900075,156,69,87
110900077,262,336,-74
110900078,7,158,-151
110900079,1703,471,1232
110900080,65,59,6
110900081,3,131,-128
110900082,29,266,-237
110900083,70,25,45
110900084,21,205,-184
110900085,41,378,-337
110900086,40,159,-119
110900087,112,51,61
110900088,9,0,9
110900090,18,16,2
110900091,2,58,-56
110900093,165,62,103
110900095,16,56,-40
110900097,3,22,-19
110900098,13,144,-131
110900099,47,591,-544
110900100,0,33,-33
110900102,11,16,-5
110900105,573,342,231
110900108,6,127,-121
110900111,251,74,177
110900112,422,6,416
110900113,485,42,443
110900115,4,113,-109
110900116,321,2677,-2356
110900118,150,1161,-1011
110900119,5979,219,5760
110900120,6,148,-142
110900121,53,0,53
110900122,168,115,53
110900125,192,226,-34
110900127,300,553,-253
110900128,175,149,26
110900129,303,305,-2
110900130,1293,239,1054
110900131,99,46,53
110900132,140,29,111
110900133,35,324,-289
110900135,31,615,-584
110900136,148,5,143
110900137,43,0,43
110900138,323,198,125
110900139,5,24,-19
110900140,24,1,23
110900141,16,42,-26
110900142,39,215,-176
110900143,49,59,-10
110900144,3,784,-781
110900145,59,18,41
110900146,277,39,238
110900147,208,233,-25
110900148,0,340,-340
110900149,1,81,-80
110900150,11,20,-9
110900151,0,68,-68
110900152,14,468,-454
110900153,50,45,5
111000001,189,244,-55
111000002,424,591,-167
111000003,484,433,51
111000004,431,968,-537
111000005,657,624,33
111000006,740,1030,-290
111000007,3696,1457,2239
111000008,3075,3072,3
111000009,259,874,-615
111000010,415,154,261
111000011,284,757,-473
111000012,393,211,182
111000013,190,1134,-944
111000014,700,366,334
111000017,102,491,-389
111000018,182,348,-166
111000020,2330,1873,457
111000021,68,96,-28
111000023,41,127,-86
111000025,6863,1785,5078
111000029,50,118,-68
111000030,16,129,-113
111000031,1802,554,1248
111000032,418,148,270
111000033,290,126,164
111000034,233,127,106
111000037,2840,1062,1778
111000038,3013,2434,579
111000039,1195,2358,-1163
111000040,1256,2518,-1262
111000041,1481,1638,-157
111000042,6610,2742,3868
111000043,1689,1311,378
111000044,918,571,347
111000045,989,1532,-543
111000046,730,1017,-287
111000047,1409,1627,-218
111000049,273,530,-257
111000050,1695,1608,87
111000051,365,1066,-701
111000052,433,1194,-761
111000053,245,1158,-913
111000054,181,1062,-881
111000055,1173,2116,-943
111000056,67,736,-669
111000057,70,1078,-1008
111000058,162,91,71
111000059,150,259,-109
111000060,1834,570,1264
111000061,254,243,11
111000062,439,181,258
111000063,1241,560,681
111000064,325,457,-132
111000065,645,586,59
111000066,200,231,-31
111000067,260,651,-391
111000068,227,695,-468
111000069,1421,1708,-287
111000070,2270,1128,1142
111000071,222,707,-485
111000072,537,272,265
111000073,136,468,-332
111000074,1184,1235,-51
111000075,519,748,-229
111000076,242,884,-642
111000077,999,1175,-176
111000078,1678,1008,670
111000079,1155,596,559
111000080,323,555,-232
111000081,1968,2384,-416
111000082,420,648,-228
111000084,521,476,45
111000085,683,1605,-922
111000086,3302,1267,2035
111000087,650,863,-213
111000088,6135,1645,4490
111000089,425,809,-384
111000090,1050,1450,-400
111000091,491,787,-296
111000092,684,1042,-358
111000093,355,625,-270
111000094,1253,657,596
111000095,727,1619,-892
111000096,2462,5357,-2895
111000097,6520,1011,5509
111000098,488,1427,-939
111000099,305,2606,-2301
111000100,238,2566,-2328
111000101,324,863,-539
111000102,104,882,-778
111000104,175,191,-16
111000107,46,793,-747
111000109,296,184,112
111000110,597,445,152
111000111,931,342,589
111000112,891,226,665
111000113,472,500,-28
111000114,1366,1165,201
111000115,7465,885,6580
111000116,630,721,-91
111000117,347,817,-470
111000118,1078,849,229
111000119,573,1523,-950
111000120,271,484,-213
111000121,204,486,-282
111000122,356,913,-557
111000123,592,3353,-2761
111000124,367,3916,-3549
111000125,137,2080,-1943
111000126,50,960,-910
111000127,413,183,230
111000128,669,320,349
111000129,1326,373,953
111000130,898,611,287
111000131,734,409,325
111000132,517,340,177
111000133,66,145,-79
111000134,90,100,-10
111000135,16,107,-91
111000136,221,271,-50
111000138,3,4,-1
111000140,2,4,-2
111000141,163,244,-81
111000142,22,86,-64
111000143,4,55,-51
111000144,3,101,-98
111000145,223,2,221
111000146,30,3,27
111000147,266,24,242
111000148,91,72,19
111000149,0,34,-34
111000150,4,9,-5
111000151,1,11,-10
111000153,474,534,-60
111000154,677,175,502
111000155,79,151,-72
111000156,257,305,-48
111000157,155,403,-248
111000158,719,445,274
111000159,2310,571,1739
111000160,118,353,-235
111000161,5,220,-215
111000162,6,140,-134
111000163,270,593,-323
111000164,777,1768,-991
111000165,1132,396,736
111000166,1264,323,941
111000167,184,423,-239
111000168,183,398,-215
111000169,242,501,-259
111000170,387,429,-42
111000171,284,974,-690
111000172,72,708,-636
111000173,207,1589,-1382
111000174,75,613,-538
111000175,29,270,-241
111000176,114,167,-53
111000177,62,240,-178
111000178,488,342,146
111000179,74,181,-107
111000180,128,279,-151
111000181,474,257,217
111000182,61,132,-71
111000183,136,199,-63
111000184,200,168,32
111000185,271,371,-100
111000186,147,234,-87
111000187,68,226,-158
111000188,105,414,-309
111000189,1727,451,1276
111000190,142,575,-433
111000191,99,454,-355
111000192,175,720,-545
111000193,422,417,5
111000194,20,404,-384
111000195,45,448,-403
111000196,21,314,-293
111000197,170,138,32
111000198,211,105,106
111000199,59,154,-95
111000200,109,273,-164
111000201,252,195,57
111000202,171,157,14
111000203,162,129,33
111000204,313,501,-188
111000213,87,314,-227
111000214,996,1647,-651
111000215,676,1380,-704
111000217,806,1018,-212
111000218,702,774,-72
111000219,310,144,166
111000220,2748,426,2322
111000221,521,160,361
111000224,72,244,-172
111000225,187,123,64
111000226,116,1,115
111000227,29,4,25
111000228,1,143,-142
111000229,19,316,-297
111000230,155,502,-347
111000231,462,1384,-922
111000232,144,798,-654
111000233,300,707,-407
111000234,45,189,-144
111000239,135,242,-107
111000240,16,76,-60
111000241,32,427,-395
111000242,41,54,-13
111000243,67,880,-813
111000244,145,54,91
111000245,385,629,-244
111000246,157,689,-532
111000247,94,1184,-1090
111000248,282,372,-90
111000249,436,861,-425
111000250,19,161,-142
111000251,14,149,-135
111000253,10,6,4
111000255,16,8,8
111000257,19,17,2
111000260,34,1277,-1243
111000261,419,44,375
111000271,47,270,-223
111000273,6763,1265,5498
111000274,806,1500,-694
111000275,65,62,3
111000276,243,2623,-2380
111000277,103,415,-312
111000278,380,215,165
111000291,322,2277,-1955
111000298,251,227,24
111000299,319,87,232
111000300,59,631,-572
111000302,185,51,134
111000303,60,354,-294
111000312,47,71,-24
111000315,15,291,-276
111000320,274,661,-387
111000321,149,54,95
111000322,121,537,-416
111000323,61,21,40
111000324,305,351,-46
111000325,22,61,-39
111000326,76,354,-278
111000327,331,553,-222
111000328,152,383,-231
111000329,1,13,-12
111000330,6,8,-2
111000331,26,4,22
111000332,316,996,-680
111000334,331,1486,-1155
111000335,255,117,138
111000337,329,351,-22
111000338,8,114,-106
111000339,87,721,-634
111000340,61,965,-904
111000341,569,226,343
111000342,64,182,-118
111000344,530,645,-115
111000345,119,20,99
111000346,8,72,-64
111000347,33,0,33
111000350,131,123,8
111000351,57,204,-147
111000352,92,111,-19
111000353,59,166,-107
111000354,484,115,369
111000355,727,549,178
111000358,57,1902,-1845
111000360,97,1011,-914
111000361,60,424,-364
111000546,222,661,-439
111000547,124,766,-642
111000548,44,170,-126
111000549,125,522,-397
111000550,63,287,-224
111000551,624,120,504
111000552,204,45,159
111000907,146,15,131
111000908,9,1,8
111000916,456,213,243
111000917,30,308,-278
111000918,81,1209,-1128
111000920,168,5,163
111000921,1,348,-347
111000922,155,276,-121
111000924,28,1134,-1106
111000925,1117,1138,-21
111000926,707,2663,-1956
111000927,2374,2292,82
111000928,5226,3679,1547
111000929,639,639,0
111000930,480,2324,-1844
111000931,1111,1247,-136
111000932,3422,2185,1237
111000933,2526,1528,998
111000934,1952,2470,-518
111000935,570,861,-291
111000936,635,2076,-1441
111000937,470,846,-376
111000938,1428,2137,-709
111000939,162,54,108
111000940,155,217,-62
111000941,83,634,-551
111000943,109,210,-101
111000944,77,574,-497
111000945,48,2444,-2396
111001109,260,140,120
111001110,146,589,-443
111001111,14,2,12
111001112,52,1,51
111001113,10,94,-84
111001114,1384,92,1292
111001115,161,256,-95
111001116,4812,1301,3511
111001117,576,607,-31
111001120,73,392,-319
111001121,143,334,-191
111001122,111,684,-573
111001123,77,106,-29
111001124,57,427,-370
111001125,0,15,-15
111900001,7,123,-116
111900002,8,795,-787
111900003,6,508,-502
111900004,16,205,-189
111900006,6,27,-21
111900007,53,14,39
111900008,77,0,77
111900009,59,208,-149
111900010,208,589,-381
111900012,97,118,-21
111900013,10,90,-80
111900014,7936,1785,6151
111900015,0,66,-66
111900016,0,171,-171
111900017,0,169,-169
111900018,45,3,42
111900019,8,79,-71
111900020,2,46,-44
111900021,19,73,-54
111900022,7,56,-49
111900023,138,55,83
111900024,8,75,-67
111900025,0,38,-38
111900026,0,68,-68
111900027,3,139,-136
111900028,3,468,-465
111900029,1,95,-94
111900030,50,488,-438
111900031,9,78,-69
111900032,3,454,-451
111900033,4,95,-91
111900034,228,756,-528
111900035,16,250,-234
111900036,1,398,-397
111900038,317,735,-418
111900039,34,476,-442
111900040,2,808,-806
111900042,23,82,-59
111900043,2,505,-503
111900044,211,268,-57
111900046,33,235,-202
111900048,71,893,-822
111900049,41,296,-255
111900050,85,16,69
111900051,1,348,-347
111900052,381,616,-235
111900053,1396,338,1058
111900054,45,0,45
111900055,16,813,-797
111900056,199,84,115
111900057,30,36,-6
111900058,119,890,-771
111900059,2635,239,2396
111900060,121,5,116
111900061,7,342,-335
111900062,8,23,-15
111900063,108,271,-163
111900064,135,300,-165
111900065,21,10,11
111900066,101,102,-1
111900067,1,427,-426
111900068,10,13,-3
111900069,23,10,13
111900070,51,115,-64
111900071,3,347,-344
111900072,14,12,2
111900073,288,61,227
111900074,6,176,-170
111900075,13,3,10
111900076,51,19,32
111900077,17,4,13
111900078,101,9,92
111900079,18,10,8
111900080,148,145,3
111900082,60,8,52
111900083,25,5,20
111900084,17,3,14
111900085,20,52,-32
111900086,47,0,47
111900087,13,0,13
111900088,230,7,223
111900089,9,0,9
111900090,43,17,26
111900091,87,4,83
111900092,19,0,19
111900093,142,5,137
111900094,21,0,21
111900095,66,11,55
111900096,65,0,65
111900097,16,0,16
111900098,59,1,58
111900099,18,0,18
111900100,23,0,23
111900101,28,21,7
111900102,162,841,-679
111900103,68,35,33
111900104,57,61,-4
111900105,118,88,30
111900106,1663,54,1609
111900110,3370,214,3156
111900111,47,230,-183
111900112,907,820,87
111900113,271,64,207
111900118,133,32,101
111900119,187,29,158
111900122,49,12,37
111900123,6,12,-6
111900124,20,118,-98
111900125,172,9,163
111900126,98,3,95
111900127,4,691,-687
111900128,0,666,-666
111900129,79,3,76
111900130,140,13,127
111900131,141,0,141
111900132,21,1358,-1337
111900133,1,299,-298
111900134,12,359,-347
111900135,3,16,-13
111900136,66,118,-52
111900137,69,45,24
111900138,7,80,-73
111900139,11,176,-165
111900140,20,10,10
111900141,9,3,6
111900142,27,8,19
111900143,10,365,-355
111900144,1,114,-113
111900145,3,718,-715
111900146,1,406,-405
111900147,185,600,-415
111900148,25,1057,-1032
111900149,5,445,-440
111900150,7,238,-231
111900151,3,20,-17
111900152,97,39,58
111900153,1444,148,1296
111900154,10,130,-120
111900155,43,22,21
111900156,17,12,5
111900157,43,10,33
111900158,137,29,108
111900159,92,7,85
111900160,78,0,78
111900161,49,0,49
111900162,90,91,-1
111900163,34,302,-268
111900164,88,30,58
111901113,104,233,-129
111901114,35,445,-410
111901115,24,0,24
111901116,14,0,14
111901117,11,7,4
111901118,142,48,94
111901119,1274,88,1186
111901121,183,372,-189
111901122,3,696,-693
111901123,75,499,-424
111901124,88,3,85
111901125,116,211,-95
111901127,990,276,714
111901128,10,83,-73
111901129,1,158,-157
111901130,11,333,-322
111901131,1,338,-337
111901132,29,5,24
111901133,27,0,27
111901134,27,1,26
111901135,13,1,12
111901136,18,9,9
111901137,0,17,-17
111901138,56,36,20
111901139,11,49,-38
111901140,8,175,-167
111901141,13,232,-219
111901142,2,166,-164
111901143,0,88,-88
111901144,27,19,8
111901145,136,128,8
111901146,329,16,313
111901147,140,17,123
111901148,3,5,-2
112000001,928,685,243
112000002,588,2484,-1896
112000003,422,727,-305
112000004,417,1613,-1196
112000005,1372,1112,260
112000006,1189,1914,-725
112000007,1074,969,105
112000008,1617,2529,-912
112000009,3319,3195,124
112000010,1461,1834,-373
112000011,1295,2061,-766
112000012,3737,1545,2192
112000013,4431,2720,1711
112000014,1983,588,1395
112000015,2325,1808,517
112000016,2751,545,2206
112000017,1185,943,242
112000024,1914,589,1325
112000026,4198,4806,-608
112000027,593,311,282
112000028,1487,1619,-132
112000029,251,457,-206
112000030,146,85,61
112000031,991,2103,-1112
112000032,429,43,386
112000033,1327,641,686
112000034,173,25,148
112000035,47,186,-139
112000036,568,411,157
112000037,520,721,-201
112000038,595,754,-159
112000039,16,74,-58
112000040,149,270,-121
112000041,380,498,-118
112000042,896,261,635
112000050,497,1041,-544
112000051,413,572,-159
112000054,1309,2251,-942
112000057,426,225,201
112000058,233,304,-71
112000059,584,318,266
112000061,4655,1381,3274
112000062,2431,423,2008
112000063,1626,583,1043
112000064,4273,5049,-776
112000065,2060,2537,-477
112000066,2856,747,2109
112000067,727,584,143
112000068,1615,929,686
112000069,509,1984,-1475
112000070,1076,468,608
112000071,678,3221,-2543
112000072,845,740,105
112000073,1208,1696,-488
112000074,784,743,41
112000075,646,754,-108
112000076,2513,2695,-182
112000077,271,675,-404
112000078,768,695,73
112000079,800,1154,-354
112000080,314,829,-515
112000081,885,1696,-811
112000082,863,541,322
112000083,433,1424,-991
112000084,712,589,123
112000085,665,1138,-473
112000086,815,1386,-571
112000087,147,480,-333
112000088,158,616,-458
112000089,92,255,-163
112000090,97,367,-270
112000091,585,1271,-686
112000092,1002,770,232
112000093,1230,1034,196
112000094,307,697,-390
112000095,401,682,-281
112000096,235,625,-390
112000097,410,420,-10
112000098,731,1648,-917
112000099,416,516,-100
112000100,698,740,-42
112000101,320,955,-635
112000102,432,452,-20
112000103,187,1240,-1053
112000105,352,2109,-1757
112000106,561,337,224
112000107,16,92,-76
112000108,128,1769,-1641
112000109,68,60,8
112000110,871,460,411
112000111,1179,4007,-2828
112000112,1814,500,1314
112000113,871,2219,-1348
112000114,1202,808,394
112000115,183,605,-422
112000116,228,932,-704
112000117,443,808,-365
112000118,659,833,-174
112000119,263,1016,-753
112000120,42,347,-305
112000121,33,801,-768
112000122,137,160,-23
112000123,229,142,87
112000124,177,67,110
112000125,55,114,-59
112000126,119,777,-658
112000127,1998,911,1087
112000128,977,427,550
112000129,57,104,-47
112000130,104,57,47
112000131,23,526,-503
112000132,68,292,-224
112000133,142,327,-185
112000134,304,383,-79
112000135,469,551,-82
112000136,653,1117,-464
112000137,735,1205,-470
112000138,986,1193,-207
112000139,599,183,416
112000140,804,955,-151
112000141,262,162,100
112000142,99,861,-762
112000143,488,192,296
112000144,238,1964,-1726
112000145,1248,585,663
112000146,563,2435,-1872
112000147,1100,1313,-213
112000148,1315,2319,-1004
112000149,167,825,-658
112000150,100,592,-492
112000151,230,594,-364
112000152,170,362,-192
112000153,199,273,-74
112000154,83,152,-69
112000155,97,51,46
112000157,488,364,124
112000158,127,790,-663
112000159,169,291,-122
112000167,105,17,88
112000169,309,318,-9
112000173,207,220,-13
112000175,201,381,-180
112000176,4739,1615,3124
112000177,186,84,102
112000178,34,486,-452
112000179,102,151,-49
112000180,139,267,-128
112000181,894,1989,-1095
112000182,432,2145,-1713
112000183,34,54,-20
112000184,163,614,-451
112000185,160,572,-412
112000187,2104,1805,299
112000195,45,12,33
112000196,78,0,78
112000197,87,85,2
112000198,29,421,-392
112000199,808,711,97
112000202,148,1,147
112000216,36,163,-127
112000230,22,8,14
112000231,7,319,-312
112000256,22,122,-100
112000313,70,117,-47
112000314,7,13,-6
112000337,105,412,-307
112000352,212,158,54
112000392,1556,1041,515
112000398,540,685,-145
112000399,2559,1233,1326
112000400,1470,3816,-2346
112000401,2346,2499,-153
112000402,990,1561,-571
112000403,1706,1278,428
112000404,225,548,-323
112000405,1004,1978,-974
112000406,2950,3140,-190
112000407,3218,4291,-1073
112000408,7743,6353,1390
112000409,1377,4699,-3322
112000410,211,74,137
112000411,5257,643,4614
112000412,1046,265,781
112000413,9793,1961,7832
112000414,67,83,-16
112000415,26,43,-17
112000416,1004,1097,-93
112000417,131,54,77
112000421,21,186,-165
112000422,190,536,-346
112000424,2484,1344,1140
112000425,242,1140,-898
112000426,68,237,-169
112000427,0,6,-6
112000428,60,375,-315
112000429,1426,2285,-859
112000430,1407,2322,-915
112000431,28,94,-66
112000432,511,2116,-1605
112000433,528,478,50
112000437,18,329,-311
112900001,36,1,35
112900002,125,1322,-1197
112900003,9,271,-262
112900004,18,458,-440
112900005,82,224,-142
112900006,3,504,-501
112900007,12,236,-224
112900008,1,2,-1
112900009,285,60,225
112900010,148,840,-692
112900011,295,310,-15
112900012,1,41,-40
112900013,1,143,-142
112900014,1,299,-298
112900015,311,976,-665
112900016,4,305,-301
112900017,20,216,-196
112900018,1,380,-379
112900019,76,144,-68
112900020,376,1519,-1143
112900021,7,402,-395
112900022,5,104,-99
112900023,0,289,-289
112900024,13,221,-208
112900025,47,277,-230
112900026,2,304,-302
112900027,9,1466,-1457
112900028,9,142,-133
112900029,18,757,-739
112900030,258,187,71
112900031,6,498,-492
112900032,70,243,-173
112900034,2,57,-55
112900035,7,526,-519
112900036,24,129,-105
112900037,196,87,109
112900038,292,118,174
112900039,9,400,-391
112900040,1,303,-302
112900041,1079,619,460
112900042,43,478,-435
112900043,8,52,-44
112900044,549,369,180
112900045,478,250,228
112900046,379,66,313
112900047,20,14,6
112900049,60,83,-23
112900050,76,557,-481
112900051,272,663,-391
112900052,6,1171,-1165
112900053,289,82,207
112900054,206,18,188
112900055,130,20,110
112900056,202,89,113
112900057,7,906,-899
112900058,253,112,141
112900059,59,105,-46
112900060,9,262,-253
112900061,50,139,-89
112900062,46,156,-110
112900063,66,1,65
112900064,193,144,49
112900065,29,14,15
112900066,125,52,73
112900067,539,147,392
112900068,23,16,7
112900069,2516,344,2172
112900071,11,3,8
112900072,177,667,-490
112900073,140,23,117
112900074,30,69,-39
112900075,1940,396,1544
112900076,62,3,59
112900078,118,180,-62
112900079,66,19,47
112900080,28,0,28
112900081,61,108,-47
112900082,187,9,178
112900083,38,35,3
112900084,110,44,66
112900086,33,0,33
112900087,348,49,299
112900088,58,3,55
112900089,434,14,420
112900090,14,6,8
112900091,58,1,57
112900092,100,96,4
112900093,589,4,585
112900095,32,1,31
112900096,138,70,68
112900097,29,409,-380
112900098,49,2,47
112900099,259,6,253
112900100,15,1,14
112900101,109,0,109
112900102,17,3,14
112900103,84,2,82
112900104,39,2,37
112900105,3,1,2
112900106,247,43,204
112900107,9,0,9
112900108,49,0,49
112900109,47,0,47
112900110,353,4,349
112900111,298,1,297
112900112,93,1,92
112900113,0,7,-7
112900114,35,10,25
112900115,353,2,351
112900116,36,30,6
112900117,75,88,-13
112900118,30,67,-37
112900119,39,16,23
112900120,706,196,510
112900121,197,130,67
112900122,6,128,-122
112900123,100,8,92
112900124,2,112,-110
112900125,42,259,-217
112900126,102,234,-132
112900127,192,38,154
112900128,377,790,-413
112900129,4,869,-865
112900130,104,47,57
112900131,32,258,-226
112900132,62,424,-362
112900133,16,1265,-1249
112900134,0,241,-241
112900135,32,17,15
112900137,2,720,-718
112900138,1,407,-406
112900139,161,1302,-1141
112900141,261,19,242
112900142,96,72,24
112900143,52,738,-686
112900144,0,385,-385
112900145,33,470,-437
112900146,5,1496,-1491
112900147,7,2387,-2380
112900148,32,0,32
112900149,178,517,-339
112900151,17,33,-16
112900152,4607,821,3786
112900153,1569,934,635
112900154,5,102,-97
112900155,75,10,65
112900156,131,1718,-1587
112900157,115,162,-47
112900158,10,10,0
112900159,129,35,94
112900160,15,228,-213
112900161,40,30,10
112900162,35,9,26
112900163,121,18,103
112900164,25,53,-28
112900165,48,40,8
112900166,16,21,-5
112900167,5,23,-18
112900168,0,0,0
112900169,13,2,11
112900170,36,130,-94
112900172,62,3,59
112900173,236,60,176
112900174,182,12,170
112900175,115,56,59
112900176,8,9,-1
112900177,104,9,95
112900178,471,798,-327
112900179,32,565,-533
112900180,602,1899,-1297
112900181,173,5,168
112900182,22,1380,-1358
112900183,100,214,-114
112900184,282,214,68
112900185,254,373,-119
112900186,1503,457,1046
112900187,46,234,-188
112900188,528,270,258
112900189,12,8,4
112900190,4,48,-44
112900192,321,262,59
112900193,779,197,582
112900194,15,100,-85
112900195,500,16,484
112900196,202,511,-309
112900197,117,391,-274
112900199,254,690,-436
112900200,229,315,-86
112900201,55,72,-17
112900202,168,1063,-895
112900203,63,329,-266
112900204,682,281,401
112900205,0,1,-1
112900206,2,33,-31
112900207,0,0,0
112900208,50,106,-56
112900209,380,442,-62
112900210,0,10,-10
112900211,21,27,-6
112900212,0,58,-58
112900213,7,17,-10
112900214,22,5,17
112900215,1,250,-249
112900216,22,56,-34
112900217,0,76,-76
112900218,9,12,-3
112900219,31,0,31
112900220,6,0,6
112900221,9,111,-102
112900222,0,9,-9
112900223,359,4,355
112900224,71,796,-725
112900225,192,613,-421
112900226,223,212,11
112900227,217,1456,-1239
112900228,24,24,0
112900229,66,56,10
112900230,7282,2232,5050
112900232,147,125,22
112900233,23,201,-178
112900234,5,105,-100
112900235,37,12,25
112900236,117,13,104
112900237,56,420,-364
112900238,2,45,-43
112900239,374,249,125
112900240,1,25,-24
112900241,0,43,-43
112900242,1,40,-39
112900243,0,27,-27
112900244,0,12,-12
112900245,0,8,-8
112900246,0,4,-4
112900247,17,0,17
112900248,6,0,6
112900249,4,1,3
112900250,3,6,-3
112900251,4,7,-3
112900252,10,5,5
112900253,5,0,5
112900254,1,0,1
112900255,1,10,-9
112900256,0,9,-9
112900257,1,3,-2
113000001,3543,4177,-634
113000002,2784,2914,-130
113000003,1523,1500,23
113000004,1608,1849,-241
113000005,1003,1037,-34
113000006,769,1052,-283
113000007,1053,1225,-172
113000008,1159,1760,-601
113000009,505,737,-232
113000010,604,1606,-1002
113000011,637,1699,-1062
113000012,781,773,8
113000013,700,434,266
113000014,1560,1394,166
113000015,595,239,356
113000016,274,287,-13
113000017,18,214,-196
113000018,162,36,126
113000019,12,231,-219
113000020,68,10,58
113000021,851,567,284
113000022,329,1083,-754
113000025,29,198,-169
113000026,147,432,-285
113000027,770,386,384
113000028,897,280,617
113000029,708,540,168
113000030,467,534,-67
113000031,337,295,42
113000032,241,221,20
113000033,309,341,-32
113000034,428,304,124
113000035,18,26,-8
113000036,13,33,-20
113000037,51,20,31
113000038,6,56,-50
113000039,59,528,-469
113000040,49,63,-14
113000042,750,510,240
113000051,489,1574,-1085
113000052,1966,971,995
113000053,199,577,-378
113000054,160,637,-477
113000055,694,923,-229
113000056,458,1278,-820
113000058,661,890,-229
113000059,1038,570,468
113000060,119,652,-533
113000061,515,702,-187
113000062,1095,154,941
113000063,92,216,-124
113000064,15,403,-388
113000065,137,1066,-929
113000066,301,65,236
113000067,1052,1123,-71
113000068,364,2000,-1636
113000069,377,1341,-964
113000070,739,734,5
113000071,233,767,-534
113000072,319,436,-117
113000073,443,1527,-1084
113000074,912,310,602
113000075,1699,569,1130
113000076,1241,1541,-300
113000077,1238,351,887
113000078,825,1446,-621
113000079,653,542,111
113000080,501,417,84
113000081,612,631,-19
113000082,986,549,437
113000083,463,660,-197
113000084,1173,965,208
113000085,671,420,251
113000086,756,1002,-246
113000087,757,634,123
113000088,1823,1038,785
113000089,745,978,-233
113000090,164,323,-159
113000091,660,257,403
113000094,578,116,462
113000095,210,1068,-858
113000096,116,782,-666
113000097,530,251,279
113000098,58,21,37
113000099,748,220,528
113000100,132,423,-291
113000101,375,480,-105
113000102,325,177,148
113000103,2128,435,1693
113000104,281,1982,-1701
113000105,390,394,-4
113000106,168,426,-258
113000107,405,791,-386
113000108,674,1445,-771
113000109,286,2707,-2421
113000110,1291,346,945
113000111,118,580,-462
113000112,238,261,-23
113000113,1611,233,1378
113000114,307,896,-589
113000116,540,175,365
113000117,648,106,542
113000118,130,194,-64
113000119,148,358,-210
113000120,38,163,-125
113000121,350,747,-397
113000124,120,117,3
113000125,30,461,-431
113000127,3473,486,2987
113000128,439,455,-16
113000129,442,1378,-936
113000133,3357,924,2433
113000134,1,627,-626
113000135,2476,1957,519
113000137,2094,1464,630
113000139,301,171,130
113000140,151,275,-124
113000141,293,128,165
113000142,586,735,-149
113000143,223,149,74
113000144,295,553,-258
113000145,24,154,-130
113000146,83,66,17
113000147,93,127,-34
113000148,72,157,-85
113000149,34,117,-83
113000150,438,416,22
113000151,106,53,53
113000152,56,181,-125
113000153,1834,526,1308
113000154,576,1158,-582
113000155,262,310,-48
113000156,147,357,-210
113000157,278,748,-470
113000158,491,198,293
113000159,661,538,123
113000160,600,1186,-586
113000161,248,666,-418
113000162,490,374,116
113000163,28,28,0
113000164,32,83,-51
113000166,46,48,-2
113000167,19,138,-119
113000168,67,246,-179
113000169,89,38,51
113000170,36,80,-44
113000171,50,85,-35
113000172,170,59,111
113000173,22,18,4
113000174,126,498,-372
113000175,303,95,208
113000176,359,82,277
113000177,133,415,-282
113000178,145,368,-223
113000179,200,73,127
113000180,432,1165,-733
113000181,673,1121,-448
113000182,156,258,-102
113000183,150,488,-338
113000184,28,112,-84
113000189,366,466,-100
113000190,1227,375,852
113000192,2704,1154,1550
113000193,5150,837,4313
113000194,2138,996,1142
113000195,2411,436,1975
113000196,78,75,3
113000197,1216,598,618
113000198,21,251,-230
113000199,651,290,361
113000201,422,201,221
113000202,3011,2149,862
113000203,450,179,271
113000204,1932,1001,931
113000205,13,20,-7
113000206,4,30,-26
113000207,54,18,36
113000208,16,28,-12
113000209,18,25,-7
113000210,10,28,-18
113000211,250,108,142
113000212,269,16,253
113000213,24,111,-87
113000214,73,199,-126
113000234,147,1322,-1175
113000410,39,129,-90
113000411,2345,3281,-936
113000412,8741,1577,7164
113000413,3483,2132,1351
113000414,8738,7115,1623
113000415,2158,2046,112
113000416,9400,2839,6561
113000417,2806,2336,470
113000418,2542,1841,701
113000419,1445,1411,34
113000420,3388,2850,538
113000421,2947,3618,-671
113000422,13536,6359,7177
113000423,2270,3077,-807
113000424,3655,5823,-2168
113000425,4,81,-77
113000428,69,11,58
113000430,22,7,15
113000432,1034,97,937
113000433,112,1018,-906
113000434,9,399,-390
113000435,10,963,-953
113000436,36,1381,-1345
113000437,343,13,330
113000438,125,9,116
113000439,18,171,-153
113000440,70,18,52
113000441,111,225,-114
113000442,124,353,-229
113000443,52,318,-266
113000444,71,345,-274
113000445,48,157,-109
113000446,15,94,-79
113000448,212,89,123
113000449,237,1106,-869
113000450,582,2991,-2409
113000451,1634,133,1501
113000452,467,477,-10
113000453,233,221,12
113000454,1274,55,1219
113000455,96,102,-6
113000456,3363,1570,1793
113000468,2736,284,2452
113000469,269,62,207
113000470,492,91,401
113000471,14,363,-349
113000472,66,224,-158
113000474,246,570,-324
113000475,1089,1517,-428
113000476,590,1497,-907
113000477,1369,1541,-172
113000478,2958,5201,-2243
113000479,27,237,-210
113000483,0,0,0
113000484,0,0,0
113000485,0,0,0
113000486,0,0,0
113000487,0,2,-2
113000488,0,0,0
113000489,0,0,0
113000490,0,0,0
113000491,1,6,-5
113000492,0,0,0
113000493,0,0,0
113000495,191,206,-15
113000496,85,90,-5
113000497,0,0,0
113000499,0,0,0
113900001,1,96,-95
113900002,1,221,-220
113900003,2,123,-121
113900004,2,34,-32
113900005,1,40,-39
113900006,1,21,-20
113900007,73,25,48
113900008,126,1,125
113900009,433,1,432
113900010,273,2,271
113900011,26,4,22
113900012,5,1,4
113900013,1061,13,1048
113900014,326,0,326
113900015,2,35,-33
113900016,16,0,16
113900017,2,66,-64
113900018,388,83,305
113900019,39,48,-9
113900020,47,0,47
113900022,5,0,5
113900023,12,0,12
113900024,28,90,-62
113900025,304,11,293
113900026,18,0,18
113900027,1,61,-60
113900028,26,440,-414
113900029,41,312,-271
113900030,85,1,84
113900031,3,0,3
113900032,6,1,5
113900033,51,89,-38
113900035,50,0,50
113900036,7,119,-112
113900037,37,513,-476
113900038,84,47,37
113900039,98,6,92
113900040,5,5,0
113900041,0,3,-3
113900042,51,43,8
113900043,113,95,18
113900044,133,54,79
113900045,19,0,19
113900046,158,721,-563
113900047,16,147,-131
113900048,294,41,253
113900049,722,129,593
113900050,174,398,-224
113900051,116,403,-287
113900052,137,99,38
113900053,385,197,188
113900054,16,2,14
113900055,123,564,-441
113900056,91,142,-51
113900057,10,122,-112
113900058,29,211,-182
113900059,112,311,-199
113900060,100,258,-158
113900061,804,135,669
113900062,42,18,24
113900063,57,138,-81
113900064,10,141,-131
113900065,272,9,263
113900066,188,355,-167
113900067,34,302,-268
113900068,291,311,-20
113900069,158,10,148
113900070,159,437,-278
113900071,75,67,8
113900072,44,193,-149
113900073,101,350,-249
113900074,36,475,-439
113900075,719,749,-30
113900076,92,5,87
113900077,13,277,-264
113900078,47,52,-5
113900079,7,48,-41
113900080,249,111,138
113900081,25,161,-136
113900082,104,204,-100
113900083,101,682,-581
113900084,215,74,141
113900085,38,396,-358
113900086,12,18,-6
113900087,19,163,-144
113900088,15,44,-29
113900089,330,26,304
113900090,305,218,87
113900091,15,18,-3
113900092,21,51,-30
113900093,65,456,-391
113900094,200,375,-175
113900095,71,59,12
113900096,117,31,86
113900097,6,88,-82
113900098,367,67,300
113900099,0,70,-70
113900100,0,0,0
113900101,15,35,-20
113900102,96,73,23
113900103,229,195,34
113900104,92,90,2
113900105,35,377,-342
113900106,0,100,-100
113900107,1,28,-27
113900108,159,159,0
113900109,271,96,175
113900110,23,3,20
113900111,78,116,-38
113900112,47,87,-40
113900113,445,349,96
113900114,3,133,-130
113900115,2,118,-116
113900116,100,85,15
113900117,67,19,48
113900118,98,222,-124
113900119,262,269,-7
113900120,59,19,40
113900121,49,79,-30
113900122,274,1016,-742
113900123,308,123,185
113900124,1,57,-56
113900125,1179,153,1026
113900126,75,38,37
113900127,162,309,-147
113900128,61,52,9
113900129,18,107,-89
113900130,0,18,-18
113900131,100,59,41
113900132,35,46,-11
113900133,13,16,-3
113900135,156,478,-322
113900136,59,72,-13
113900137,297,136,161
113900138,47,115,-68
113900139,455,79,376
113900140,403,145,258
113900141,194,389,-195
113900142,72,76,-4
113900143,5,9,-4
113900144,264,118,146
113900145,179,188,-9
113900146,67,70,-3
113900148,119,205,-86
113900149,113,36,77
113900150,1079,635,444
113900151,176,199,-23
113900152,26,53,-27
113900153,413,521,-108
113900154,1,103,-102
113900155,168,60,108
113900156,197,599,-402
113900157,40,202,-162
113900158,362,151,211
113900159,10,295,-285
113900160,316,631,-315
113900161,65,191,-126
113900162,498,414,84
113900163,244,240,4
113900164,196,40,156
113900165,355,531,-176
113900166,169,106,63
113900167,137,38,99
113900168,131,104,27
113900169,166,433,-267
113900171,67,31,36
113900172,3,152,-149
113900173,47,740,-693
113900174,281,622,-341
113900175,245,70,175
113900176,150,626,-476
113900177,194,221,-27
113900178,163,104,59
113900179,25,688,-663
113900180,182,134,48
113900181,373,85,288
113900182,358,836,-478
113900183,18,61,-43
113900184,8,513,-505
113900185,104,68,36
113900186,11,30,-19
113900187,23,129,-106
113900188,48,129,-81
113900189,195,75,120
113900190,259,89,170
113900191,75,213,-138
113900192,4,265,-261
113900193,23,262,-239
113900194,2128,890,1238
113900195,259,407,-148
113900196,3,128,-125
113900197,0,302,-302
113900198,26,124,-98
113900199,225,608,-383
113900200,16,211,-195
113900201,1,289,-288
113900202,29,260,-231
113900203,1,254,-253
113900204,35,628,-593
113900205,3,134,-131
113900206,8,159,-151
113900207,1,40,-39
113900208,0,52,-52
113900209,1,80,-79
113900210,394,436,-42
113900211,85,22,63
113900212,81,653,-572
113900214,392,305,87
113900215,18,145,-127
113900216,43,1139,-1096
113900217,25,330,-305
113900218,46,34,12
113900219,137,481,-344
113900220,103,51,52
113900221,213,116,97
113900222,314,285,29
113900223,74,1037,-963
113900224,108,54,54
113900225,598,196,402
113900226,244,104,140
113900227,224,162,62
113900228,262,245,17
113900229,35,420,-385
113900230,4216,1319,2897
113900231,111,210,-99
113900232,75,98,-23
113900233,15,73,-58
113900234,159,336,-177
113900235,36,24,12
113900236,46,328,-282
113900237,84,3,81
113900238,176,291,-115
113900239,51,50,1
113900240,3,98,-95
113900241,69,51,18
113900242,46,151,-105
113900243,115,341,-226
113900244,411,170,241
113900245,1111,202,909
113900246,12,11,1
113900247,130,192,-62
113900248,3519,924,2595
113900249,1128,190,938
113900250,40,122,-82
113900251,303,181,122
113900252,315,6,309
113900253,484,17,467
113900254,472,50,422
113900255,204,19,185
113900256,215,8,207
113900257,29,783,-754
113900258,12,632,-620
113900259,224,218,6
113900260,75,9,66
113900261,22,144,-122
113900262,136,748,-612
113900263,87,448,-361
113900264,5,635,-630
113900265,124,291,-167
113900266,28,220,-192
113900267,96,463,-367
113900268,210,233,-23
113900269,25,138,-113
113900270,222,320,-98
113900271,493,1253,-760
113900273,97,5,92
113900274,15,9,6
113900275,8,58,-50
113900276,3,289,-286
113900277,32,1,31
113900278,206,122,84
113900279,110,51,59
113900280,1027,437,590
113900281,335,826,-491
113900282,767,374,393
113900283,188,324,-136
113900284,345,65,280
113900285,44,24,20
113900286,9,121,-112
113900287,12,20,-8
113900288,0,60,-60
113900289,1310,59,1251
113900290,418,89,329
113900291,121,132,-11
113900292,11,2,9
113900293,6,215,-209
113900294,264,17,247
113900295,280,245,35
113900296,2292,320,1972
113900297,761,31,730
113900298,13,1394,-1381
113900299,30,225,-195
113900300,6023,1781,4242
113900301,826,336,490
113900302,2287,520,1767
113900303,584,172,412
113900304,1,136,-135
113900305,57,0,57
113900306,14,0,14
113900307,34,0,34
113900308,119,92,27
113900309,6,731,-725
113900310,0,10,-10
113900311,1,0,1
113900312,66,83,-17
113900313,23,7,16
114000001,830,3403,-2573
114000002,112,453,-341
114000003,22,252,-230
114000004,158,338,-180
114000005,113,210,-97
114000006,2620,1852,768
114000007,436,1216,-780
114000008,1134,881,253
114000009,231,162,69
114000011,1900,3263,-1363
114000012,1135,2783,-1648
114000013,955,2063,-1108
114000014,307,412,-105
114000015,736,506,230
114000016,153,425,-272
114000017,75,130,-55
114000018,495,59,436
114000026,816,1524,-708
114000027,1395,1993,-598
114000028,1464,1830,-366
114000038,81,153,-72
114000039,43,137,-94
114000040,47,165,-118
114000042,57,127,-70
114000043,41,147,-106
114000044,74,83,-9
114000045,29,87,-58
114000046,1945,3839,-1894
114000047,14,58,-44
114000048,56,65,-9
114000049,1406,951,455
114000050,1120,965,155
114000051,2604,1214,1390
114000052,2187,1021,1166
114000053,28,402,-374
114000054,51,1472,-1421
114000055,153,26,127
114000056,1241,431,810
114000057,8565,2282,6283
114000058,530,541,-11
114000059,274,199,75
114000060,397,584,-187
114000061,3312,1244,2068
114000062,3345,696,2649
114000063,2954,1416,1538
114000064,8651,2269,6382
114000065,1753,1896,-143
114000066,273,659,-386
114000067,22,359,-337
114000068,326,354,-28
114000069,552,362,190
114000070,2074,1085,989
114000071,386,572,-186
114000072,107,429,-322
114000073,19,145,-126
114000074,9,21,-12
114000075,37,195,-158
114000076,5,206,-201
114000077,3,69,-66
114000078,79,1274,-1195
114000079,44,24,20
114000080,63,97,-34
114000081,30,104,-74
114000082,28,605,-577
114000083,46,363,-317
114000084,122,52,70
114000085,88,865,-777
114000086,113,651,-538
114000087,34,337,-303
114000088,29,41,-12
114000089,1451,465,986
114000090,464,424,40
114000091,1284,359,925
114000092,638,265,373
114000093,654,458,196
114000094,219,314,-95
114000095,94,80,14
114000096,64,590,-526
114000097,108,1014,-906
114000098,181,54,127
114000099,185,964,-779
114000100,549,731,-182
114000101,223,1374,-1151
114000102,197,309,-112
114000103,69,503,-434
114000104,4,339,-335
114000105,21,46,-25
114000106,830,338,492
114000107,74,130,-56
114000108,2555,1251,1304
114000109,204,452,-248
114000110,416,1853,-1437
114000111,666,459,207
114000112,321,1831,-1510
114000113,516,396,120
114000114,1078,1536,-458
114000115,1121,548,573
114000116,298,859,-561
114000117,1274,347,927
114000118,1159,317,842
114000119,701,269,432
114000120,440,1098,-658
114000121,301,529,-228
114000122,290,232,58
114000123,633,199,434
114000124,387,265,122
114000125,726,1902,-1176
114000126,528,151,377
114000127,76,150,-74
114000128,547,441,106
114000130,226,363,-137
114000131,101,36,65
114000132,588,642,-54
114000133,869,1234,-365
114000134,31,220,-189
114000138,29,180,-151
114000139,251,92,159
114000144,438,316,122
114000145,61,183,-122
114000146,75,336,-261
114000147,659,846,-187
114000148,1899,1009,890
114000149,210,162,48
114000150,698,310,388
114000151,690,679,11
114000152,140,15,125
114000153,825,894,-69
114000154,570,349,221
114000155,885,1257,-372
114000156,527,331,196
114000157,209,673,-464
114000158,2409,536,1873
114000159,166,288,-122
114000160,128,128,0
114000161,1152,1148,4
114000162,551,813,-262
114000163,1,167,-166
114000165,136,99,37
114000166,514,157,357
114000167,3758,1051,2707
114000168,790,635,155
114000169,1450,641,809
114000170,773,597,176
114000171,512,1298,-786
114000174,130,396,-266
114000176,478,316,162
114000177,2262,840,1422
114000178,25,97,-72
114000179,1008,570,438
114000180,360,503,-143
114000181,1171,1802,-631
114000182,5302,2179,3123
114000183,809,995,-186
114000184,6489,1490,4999
114000185,633,686,-53
114000189,347,60,287
114000190,1123,174,949
114000191,20,49,-29
114000192,360,1673,-1313
114000193,1113,3709,-2596
114000194,901,1399,-498
114000195,67,17,50
114000196,1,436,-435
114000197,571,21,550
114000198,1159,381,778
114000199,1791,921,870
114000200,421,2662,-2241
114000201,145,1139,-994
114000202,742,891,-149
114000203,373,968,-595
114000204,89,458,-369
114000205,179,1708,-1529
114000206,367,1047,-680
114000207,505,2419,-1914
114000208,377,3542,-3165
114000209,654,3551,-2897
114000210,328,1867,-1539
114000211,795,1329,-534
114000212,440,714,-274
114000213,778,595,183
114000214,60,228,-168
114000215,111,82,29
114000216,598,216,382
114000217,147,291,-144
114000218,55,386,-331
114000219,520,319,201
114000220,8,1718,-1710
114000221,288,80,208
114000222,212,1292,-1080
114000223,284,69,215
114000224,112,804,-692
114000225,145,485,-340
114000226,43,250,-207
114000227,437,363,74
114000228,486,1006,-520
114000229,523,1286,-763
114000230,1055,1565,-510
114000231,641,1144,-503
114000232,363,141,222
114000233,1171,142,1029
114000234,718,1034,-316
114000235,550,1626,-1076
114000236,0,524,-524
114000237,72,1217,-1145
114000238,38,154,-116
114000239,118,1407,-1289
114000240,464,558,-94
114000241,211,1184,-973
114000242,870,931,-61
114000243,918,653,265
114000244,432,381,51
114000245,194,556,-362
114000246,116,31,85
114000247,364,609,-245
114000248,618,470,148
114000249,310,403,-93
114000250,362,536,-174
114000251,201,318,-117
114000252,49,94,-45
114000253,20,227,-207
114000254,21,89,-68
114000255,464,122,342
114000256,2628,593,2035
114000257,428,1790,-1362
114000258,105,513,-408
114000259,24,248,-224
114000260,0,42,-42
114000261,31,11,20
114000262,33,172,-139
114000263,13,4,9
114000264,316,653,-337
114000265,0,2,-2
114000267,1,1138,-1137
114000268,1,2502,-2501
114000270,113,4,109
114000271,313,88,225
114000283,365,421,-56
114000285,66,405,-339
114000288,56,460,-404
114000289,645,141,504
114000293,47,344,-297
114000294,107,325,-218
114000395,864,69,795
114000396,193,326,-133
114000402,266,341,-75
114000403,138,583,-445
114000405,73,588,-515
114000423,80,530,-450
114000424,146,233,-87
114000425,176,658,-482
114000426,195,472,-277
114000427,32,82,-50
114000428,330,89,241
114000429,5,206,-201
114000432,67,148,-81
114000434,12,99,-87
114000435,7,139,-132
114900001,299,1664,-1365
114900002,286,96,190
114900003,229,2190,-1961
114900004,85,124,-39
114900005,191,1095,-904
114900006,19,35,-16
114900007,75,8,67
114900008,49,40,9
114900010,2468,1280,1188
114900011,60,95,-35
114900013,88,69,19
114900015,35,152,-117
114900018,513,46,467
114900020,78,32,46
114900022,1,715,-714
114900024,117,143,-26
114900025,209,242,-33
114900026,43,67,-24
114900027,131,218,-87
114900029,29,17,12
114900030,105,240,-135
114900031,97,11,86
114900032,158,21,137
114900033,1272,231,1041
114900034,51,234,-183
114900035,121,285,-164
114900036,225,1105,-880
114900037,63,282,-219
114900038,137,973,-836
114900039,298,791,-493
114900040,55,272,-217
114900041,271,724,-453
114900042,454,998,-544
114900043,774,326,448
114900044,58,24,34
114900046,42,147,-105
114900047,174,1070,-896
114900048,67,233,-166
114900049,13,189,-176
114900050,21,659,-638
114900051,31,535,-504
114900052,73,228,-155
114900053,62,248,-186
114900054,39,148,-109
114900057,185,4,181
114900058,0,93,-93
114900059,34,21,13
114900060,1341,338,1003
114900061,102,187,-85
114900062,250,213,37
114900063,55,286,-231
114900064,546,796,-250
114900065,157,621,-464
114900067,19,342,-323
114900068,70,134,-64
114900069,221,122,99
114900070,196,735,-539
114900072,11,275,-264
114900073,2,179,-177
114900074,148,1030,-882
114900075,77,3,74
114900076,7,323,-316
114900080,3324,382,2942
114900082,3672,1262,2410
114900083,692,705,-13
114900090,143,87,56
114900091,78,220,-142
114900095,398,125,273
114900096,477,490,-13
114900097,48,1,47
114900098,2,218,-216
114900099,68,0,68
115000001,8633,5654,2979
115000002,2401,2797,-396
115000003,3382,4042,-660
115000004,1840,3628,-1788
115000005,942,2856,-1914
115000006,408,1196,-788
115000007,87,120,-33
115000008,342,441,-99
115000009,114,317,-203
115000010,142,119,23
115000013,99,161,-62
115000015,95,178,-83
115000016,71,216,-145
115000019,8,356,-348
115000020,169,422,-253
115000021,255,387,-132
115000022,371,276,95
115000023,278,333,-55
115000024,1103,482,621
115000025,568,406,162
115000026,108,403,-295
115000027,207,196,11
115000028,139,670,-531
115000029,279,99,180
115000030,272,859,-587
115000031,640,151,489
115000032,10,304,-294
115000033,119,34,85
115000034,121,1009,-888
115000035,724,64,660
115000036,0,363,-363
115000037,266,6,260
115000038,31,184,-153
115000039,2968,1682,1286
115000040,6451,3547,2904
115000041,696,2048,-1352
115000042,617,662,-45
115000043,2327,2631,-304
115000044,2661,4555,-1894
115000045,1513,2546,-1033
115000046,989,2343,-1354
115000047,1165,1733,-568
115000048,1057,2809,-1752
115000049,1249,2448,-1199
115000050,2437,1714,723
115000051,2072,1643,429
115000052,3195,1820,1375
115000053,1217,1262,-45
115000054,747,1263,-516
115000055,158,346,-188
115000056,135,270,-135
115000057,252,436,-184
115000058,100,105,-5
115000059,173,144,29
115000061,160,78,82
115000062,98,271,-173
115000063,205,316,-111
115000064,170,166,4
115000065,32,189,-157
115000067,176,34,142
115000069,34,320,-286
115000070,37,615,-578
115000071,70,5,65
115000072,23,58,-35
115000073,910,28,882
115000075,38,72,-34
115000076,3152,3387,-235
115000077,1026,3584,-2558
115000078,526,1927,-1401
115000079,739,2353,-1614
115000080,1218,2525,-1307
115000081,390,832,-442
115000082,2213,2594,-381
115000083,1229,3440,-2211
115000084,801,931,-130
115000085,379,897,-518
115000086,421,1004,-583
115000087,487,1315,-828
115000088,1308,562,746
115000089,1279,1382,-103
115000090,669,539,130
115000091,227,1324,-1097
115000092,209,369,-160
115000093,291,0,291
115000094,8260,4067,4193
115000095,6468,3591,2877
115000096,407,2273,-1866
115000097,435,669,-234
115000098,487,824,-337
115000099,1314,3584,-2270
115000100,548,513,35
115000101,275,1475,-1200
115000102,291,170,121
115000103,244,938,-694
115000105,44,235,-191
115000106,252,260,-8
115000107,117,549,-432
115000108,3918,2591,1327
115000109,5426,2280,3146
115000110,900,682,218
115000111,538,1272,-734
115000112,399,376,23
115000113,579,641,-62
115000114,1386,651,735
115000116,2876,1057,1819
115000117,3323,1459,1864
115000118,1287,1182,105
115000119,1347,1450,-103
115000120,411,666,-255
115000121,1362,614,748
115000122,3208,709,2499
115000123,1657,1153,504
115000124,623,744,-121
115000125,238,484,-246
115000126,102,192,-90
115000127,227,104,123
115000128,1137,712,425
115000129,194,181,13
115000130,224,1221,-997
115000131,373,247,126
115000132,76,584,-508
115000133,187,338,-151
115000134,82,195,-113
115000135,73,261,-188
115000136,72,194,-122
115000137,64,182,-118
115000138,118,228,-110
115000139,140,261,-121
115000140,126,202,-76
115000141,97,325,-228
115000142,60,339,-279
115000143,292,439,-147
115000144,302,86,216
115000145,135,455,-320
115000146,195,183,12
115000147,411,530,-119
115000148,216,1586,-1370
115000149,281,159,122
115000150,564,1292,-728
115000151,508,368,140
115000152,493,1710,-1217
115000153,420,356,64
115000154,356,242,114
115000155,394,1175,-781
115000156,977,471,506
115000157,672,839,-167
115000158,512,310,202
115000159,754,329,425
115000160,508,217,291
115000161,150,547,-397
115000162,563,400,163
115000163,590,543,47
115000164,554,452,102
115000165,321,362,-41
115000167,99,49,50
115000168,457,231,226
115000169,594,250,344
115000170,117,92,25
115000171,175,127,48
115000172,1867,447,1420
115000173,173,215,-42
115000174,45,180,-135
115000175,91,82,9
115000176,111,94,17
115000177,152,103,49
115000178,7,244,-237
115000179,26,19,7
115000180,48,679,-631
115000181,240,119,121
115000182,326,366,-40
115000183,232,1115,-883
115000186,427,243,184
115000187,133,543,-410
115000188,319,322,-3
115000189,217,445,-228
115000190,781,374,407
115000191,202,346,-144
115000194,171,109,62
115000195,260,153,107
115000196,58,106,-48
115000197,122,444,-322
115000198,155,263,-108
115000199,103,370,-267
115000200,187,101,86
115000201,83,410,-327
115000206,135,114,21
115000207,44,372,-328
115000208,559,698,-139
115000209,414,129,285
115000210,61,119,-58
115000211,172,211,-39
115000212,1514,300,1214
115000224,148,61,87
115000225,40,45,-5
115000229,267,169,98
115000230,90,393,-303
115000231,246,2778,-2532
115000232,769,423,346
115000233,67,191,-124
115000234,16,288,-272
115000241,22,286,-264
115000242,35,291,-256
115000243,20,262,-242
115000244,3,76,-73
115000246,23,14,9
115000247,12,8,4
115000248,19,8,11
115000249,58,15,43
115000250,206,47,159
115000251,102,132,-30
115000252,18,143,-125
115000253,2,173,-171
115000258,118,225,-107
115000259,251,147,104
115000261,8,30,-22
115000262,5,29,-24
115000263,19,52,-33
115000264,15,37,-22
115000267,25,67,-42
115000268,40,125,-85
115000269,83,64,19
115000270,1,11,-10
115000272,29,129,-100
115000273,385,8,377
115000280,2213,96,2117
115000281,743,183,560
115000282,1681,427,1254
115000284,172,64,108
115000296,582,15,567
115000297,149,94,55
115000298,58,157,-99
115000300,44,209,-165
115000302,180,200,-20
115000303,323,119,204
115000304,391,89,302
115000305,31,1304,-1273
115000306,87,563,-476
115000307,47,362,-315
115000308,70,8,62
115000309,14,14,0
115000310,489,1130,-641
115000311,401,1317,-916
115000313,91,869,-778
115000314,185,56,129
115000315,1300,429,871
115000316,36,76,-40
115000317,135,616,-481
115000318,507,201,306
115000319,51,298,-247
115000320,16,196,-180
115000321,398,10,388
115000322,43,262,-219
115000449,264,94,170
115000557,0,600,-600
115000558,154,59,95
115000587,210,253,-43
115000588,1922,3836,-1914
115000589,2219,2554,-335
115000590,694,1635,-941
115000591,898,704,194
115000592,517,1472,-955
115000593,1258,566,692
115000594,739,1351,-612
115000609,97,219,-122
115000617,1755,1247,508
115000624,119,94,25
115000633,282,1366,-1084
115000634,2063,750,1313
115000635,209,110,99
115000638,1198,571,627
115000641,49,97,-48
115000642,337,232,105
115000643,57,398,-341
115000644,98,380,-282
115000646,514,905,-391
115000647,140,412,-272
115000648,789,1487,-698
115000893,3155,1045,2110
115000894,65,991,-926
115000895,287,682,-395
115000896,843,257,586
115000897,421,53,368
115000898,527,216,311
115000899,903,1071,-168
115000900,86,331,-245
115000901,69,77,-8
115000912,200,57,143
115000913,1,60,-59
115000915,16,0,16
115000916,2,0,2
115000917,0,2,-2
115000918,57,192,-135
115000919,5,6,-1
115000920,25,33,-8
115000921,1296,68,1228
115000922,1015,465,550
115000923,414,671,-257
115000925,33,68,-35
115000927,10,30,-20
115000933,336,93,243
115000934,67,247,-180
115000935,67,76,-9
115000936,46,203,-157
115000937,908,114,794
115000938,121,122,-1
115000939,84,106,-22
115000940,0,16,-16
115000941,0,6,-6
115000942,26,77,-51
115000943,61,4,57
115000944,0,5,-5
115900001,26,89,-63
115900002,65,242,-177
115900003,97,106,-9
115900004,2,73,-71
115900005,82,4,78
115900006,78,492,-414
115900008,21,10,11
115900009,54,348,-294
115900010,79,213,-134
115900011,171,244,-73
115900012,35,123,-88
115900013,335,185,150
115900014,94,162,-68
115900015,33,169,-136
115900016,71,38,33
115900017,0,2,-2
115900018,161,83,78
115900019,299,26,273
115900020,36,1,35
115900021,1661,90,1571
115900022,2769,9,2760
115900023,6,1,5
115900025,49,192,-143
115900026,785,390,395
115900027,0,407,-407
115900028,520,56,464
115900029,5,456,-451
115900030,61,20,41
115900031,250,138,112
115900032,185,830,-645
115900033,0,39,-39
115900034,28,599,-571
115900035,27,117,-90
115900036,208,271,-63
115900037,30,534,-504
115900038,34,6,28
115900039,65,398,-333
115900041,326,243,83
115900042,1,1,0
115900043,58,167,-109
115900044,226,242,-16
115900046,139,293,-154
115900047,41,46,-5
115900049,91,237,-146
115900051,0,25,-25
115900052,5,300,-295
115900053,87,256,-169
115900054,54,33,21
115900055,7,130,-123
115900056,86,432,-346
115900057,4,2,2
115900058,22,73,-51
115900060,22,160,-138
115900061,71,1,70
115900062,19,309,-290
115900063,39,12,27
115900064,100,219,-119
115900065,37,159,-122
115900066,110,152,-42
115900067,1,880,-879
115900068,3622,215,3407
115900069,41,160,-119
115900070,71,262,-191
115900071,0,724,-724
115900072,59,247,-188
115900073,23,33,-10
115900074,2,416,-414
115900075,10,290,-280
115900076,2,105,-103
115900077,4,356,-352
115900078,12,137,-125
115900079,96,10,86
115900080,606,244,362
115900081,8,96,-88
115900082,163,143,20
115900084,152,36,116
115900085,59,51,8
115900086,1642,437,1205
115900088,47,26,21
115900089,129,781,-652
115900090,105,43,62
115900091,1,15,-14
115900092,28,220,-192
115900093,1,21,-20
115900094,2,489,-487
115900096,2,9,-7
115900097,4,556,-552
115900098,74,543,-469
115900099,20,86,-66
115900100,6,632,-626
115900101,108,552,-444
115900102,11,112,-101
115900103,209,338,-129
115900104,35,195,-160
115900105,75,753,-678
115900106,33,14,19
115900107,13,234,-221
115900108,40,15,25
115900109,40,432,-392
115900110,0,17,-17
115900111,2,75,-73
115900112,44,941,-897
115900113,18,21,-3
115900114,1,150,-149
115900115,56,160,-104
115900116,56,1166,-1110
115900117,25,11,14
115900118,3,400,-397
115900119,92,81,11
115900120,36,390,-354
115900121,90,227,-137
115900124,165,281,-116
115900125,101,28,73
115900126,332,48,284
115900127,365,64,301
115900128,6,42,-36
115900129,372,22,350
115900130,31,148,-117
115900131,138,18,120
115900132,145,3,142
115900134,168,6,162
115900135,558,543,15
115900137,2,0,2
115900139,48,73,-25
115900140,124,12,112
115900141,1,66,-65
115900142,3,23,-20
115900143,103,293,-190
115900144,37,195,-158
115900146,10,167,-157
115900147,193,220,-27
115900148,11,6,5
115900149,40,29,11
115900150,20,69,-49
115900151,12,91,-79
115900152,45,446,-401
115900153,32,198,-166
115900154,589,257,332
115900155,0,69,-69
115900156,377,797,-420
115900157,68,350,-282
115900158,24,6,18
115900159,54,243,-189
115900160,7,2,5
115900161,20,175,-155
115900163,122,108,14
115900164,180,38,142
115900166,181,289,-108
115900168,16,147,-131
115900171,83,426,-343
115900172,28,140,-112
115900173,138,129,9
115900174,322,192,130
115900175,47,169,-122
115900178,2,723,-721
115900179,92,11,81
115900180,55,402,-347
115900181,72,294,-222
115900182,176,377,-201
115900183,75,31,44
115900184,1706,13,1693
115900187,5,70,-65
115900189,0,91,-91
115900190,318,598,-280
115900191,64,489,-425
115900192,6,63,-57
115900193,53,46,7
115900194,226,40,186
115900195,420,699,-279
115900198,129,223,-94
115900199,109,242,-133
115900200,233,308,-75
115900201,263,191,72
115900202,0,3,-3
115900203,1,16,-15
115900204,0,2,-2
115900205,22,4,18
115900206,91,154,-63
115900207,15,22,-7
115900208,77,402,-325
115900209,2,141,-139
115900210,6,155,-149
115900211,2,211,-209
115900212,65,207,-142
115900213,21,34,-13
115900214,180,290,-110
115900215,12,26,-14
115900216,2,89,-87
115900217,2,75,-73
115900218,1,34,-33
115900219,42,6,36
115900220,41,11,30
115900221,27,8,19
115900222,29,11,18
115900223,5,86,-81
115900224,1580,342,1238
115900225,48,24,24
115900226,36,42,-6
115900227,7,40,-33
115900228,5,41,-36
115900229,4,45,-41
115900230,41,92,-51
115900231,63,1,62
115900232,21,1,20
115900233,52,3,49
115900234,26,19,7
115900235,5,14,-9
115900236,5,11,-6
115900237,5,16,-11
115900238,2,13,-11
115900239,17,21,-4
115900240,1,57,-56
115900241,95,75,20
115900242,180,131,49
115900243,2,8,-6
115900244,3,17,-14
115900245,18,32,-14
115900246,5,4,1
115900247,13,3,10
115900248,14,2,12
115900249,4,5,-1
115900250,2,9,-7
115900251,0,7,-7
115900252,2,2,0
115900253,4,4,0
115900254,15,21,-6
115900255,3,10,-7
115900256,13,14,-1
115900257,3,5,-2
115900258,0,0,0
115900259,11,2,9
115900260,19,4,15
115900261,11,0,11
115900262,0,0,0
115900263,5,1,4
115900264,3,4,-1
115900265,2,6,-4
115900266,4,7,-3
115900267,1,4,-3
115900268,0,16,-16
115900269,201,360,-159
115900270,161,824,-663
115900271,37,0,37
115900272,11,0,11
115900273,4,8,-4
115900274,3,8,-5
115900275,0,31,-31
115900276,0,92,-92
115900277,0,159,-159
115900278,14,113,-99
115900279,1,133,-132
115900280,9,127,-118
115900281,500,115,385
115900282,15,12,3
115900283,6,4,2
115900284,4,6,-2
116000001,17684,4683,13001
116000002,2990,4178,-1188
116000003,1437,1752,-315
116000004,1285,1502,-217
116000005,2301,3024,-723
116000006,1476,979,497
116000007,2573,3925,-1352
116000008,1716,1378,338
116000009,1478,2593,-1115
116000010,1242,951,291
116000011,735,1556,-821
116000012,559,488,71
116000013,15898,3695,12203
116000014,19201,6249,12952
116000015,390,574,-184
116000016,8257,1600,6657
116000017,33,399,-366
116000018,778,348,430
116000019,343,222,121
116000020,301,1145,-844
116000021,261,218,43
116000022,225,487,-262
116000023,595,495,100
116000024,539,1573,-1034
116000025,522,515,7
116000026,1396,2109,-713
116000027,401,432,-31
116000028,283,352,-69
116000029,673,433,240
116000030,281,324,-43
116000031,127,164,-37
116000032,241,177,64
116000033,186,435,-249
116000034,346,779,-433
116000035,227,353,-126
116000036,1872,465,1407
116000037,698,383,315
116000038,561,252,309
116000039,752,274,478
116000040,956,667,289
116000041,373,542,-169
116000042,296,415,-119
116000043,86,480,-394
116000044,10,135,-125
116000045,1061,767,294
116000046,781,766,15
116000047,1547,1389,158
116000048,1455,1266,189
116000049,671,1403,-732
116000050,900,943,-43
116000051,2102,1209,893
116000052,2717,2595,122
116000053,970,806,164
116000054,460,1671,-1211
116000055,244,1039,-795
116000056,392,781,-389
116000057,1903,1619,284
116000058,2051,1415,636
116000059,1956,3406,-1450
116000060,2608,704,1904
116000061,401,673,-272
116000062,556,220,336
116000063,493,1008,-515
116000066,155,387,-232
116000067,240,503,-263
116000068,132,173,-41
116000069,194,368,-174
116000078,245,898,-653
116000080,925,914,11
116000082,15,90,-75
116000083,710,245,465
116000084,2220,3689,-1469
116000085,1414,772,642
116000086,2325,1443,882
116000087,868,842,26
116000088,646,1328,-682
116000089,128,128,0
116000090,135,171,-36
116000091,96,81,15
116000093,459,1058,-599
116000094,338,587,-249
116000095,436,851,-415
116000096,323,897,-574
116000097,294,793,-499
116000098,357,2775,-2418
116000099,9690,322,9368
116000100,74,6,68
116000101,297,1828,-1531
116000102,148,1391,-1243
116000103,313,223,90
116000104,143,1787,-1644
116000105,416,183,233
116000106,140,1241,-1101
116000107,643,394,249
116000108,13,172,-159
116000111,50,15,35
116000113,40,46,-6
116000114,28,122,-94
116000115,126,61,65
116000116,145,545,-400
116000117,942,1955,-1013
116000118,896,1620,-724
116000119,1698,1514,184
116000120,2359,4400,-2041
116000121,394,299,95
116000122,1333,2582,-1249
116000123,422,376,46
116000124,231,1250,-1019
116000125,1302,500,802
116000126,217,1517,-1300
116000127,971,1638,-667
116000128,823,580,243
116000129,545,165,380
116000130,173,191,-18
116000133,327,883,-556
116000134,1114,2983,-1869
116000135,918,1170,-252
116000136,820,2747,-1927
116000137,402,489,-87
116000138,1099,348,751
116000139,1276,2506,-1230
116000140,77,197,-120
116000141,291,994,-703
116000142,3618,4250,-632
116000143,1605,1138,467
116000144,1031,3032,-2001
116000145,1086,1359,-273
116000146,189,433,-244
116000147,202,91,111
116000148,218,381,-163
116000149,343,382,-39
116000151,449,1245,-796
116000153,51,495,-444
116000155,257,257,0
116000156,621,1566,-945
116000157,36,21,15
116000158,187,220,-33
116000159,9,9,0
116000160,4,159,-155
116000161,5,121,-116
116000162,38,29,9
116000163,10,7,3
116000164,8,17,-9
116000177,15,90,-75
116000194,51,327,-276
116000195,1268,584,684
116000196,5,5,0
116000197,7,11,-4
116000198,2373,774,1599
116000200,595,152,443
116000201,503,572,-69
116000202,9,277,-268
116000203,2,78,-76
116000204,12,49,-37
116000205,1,159,-158
116000206,4,87,-83
116000207,1,38,-37
116000233,109,836,-727
116000287,91,614,-523
116000288,75,272,-197
116000292,24,152,-128
116000296,13,236,-223
116000297,36,21,15
116000304,29,38,-9
116000305,5,89,-84
116000346,114,190,-76
116000352,112,49,63
116000354,55,16,39
116000357,11,3,8
116000358,128,44,84
116000361,409,4,405
116000372,8869,1995,6874
116000381,86,3,83
116000388,1,30,-29
116000389,549,523,26
116000445,193,795,-602
116000446,228,1147,-919
116000447,13,465,-452
116000448,585,275,310
116000563,653,466,187
116000565,103,374,-271
116000568,41,160,-119
116000579,7,136,-129
116000584,7,16,-9
116000585,14,17,-3
116000586,181,104,77
116000587,196,413,-217
116000589,25,70,-45
116000590,62,44,18
116000591,54,273,-219
116000592,23,133,-110
116000593,1,85,-84
116000594,208,630,-422
116000595,396,153,243
116000596,26,6,20
116000597,152,45,107
116000598,11,197,-186
116000602,104,138,-34
116000605,189,126,63
116000606,32,144,-112
116000607,3,67,-64
116000609,181,610,-429
116000611,60,575,-515
116000612,512,1498,-986
116000613,194,294,-100
116000614,364,902,-538
116000615,0,80,-80
116000616,20,106,-86
116000617,31,124,-93
116000618,1,202,-201
116000619,16,40,-24
116000620,34,35,-1
116000621,21,78,-57
116000622,10,95,-85
116000624,25,66,-41
116000627,51,49,2
116000628,22,1459,-1437
116000629,27,667,-640
116000630,143,99,44
116000631,58,83,-25
116000632,238,265,-27
116000633,55,508,-453
116000634,108,353,-245
116000635,2483,1107,1376
116000636,1401,919,482
116000637,170,104,66
116000638,46,536,-490
116000640,4,8,-4
116000641,58,164,-106
116000644,13,1318,-1305
116900001,163,106,57
116900002,287,4,283
116900003,26,85,-59
116900004,26,33,-7
116900005,142,41,101
116900006,149,112,37
116900007,74,156,-82
116900008,198,605,-407
116900009,13,0,13
116900010,2,2082,-2080
116900011,8,28,-20
116900012,100,190,-90
116900013,14,149,-135
116900014,42,428,-386
116900015,120,63,57
116900016,47,0,47
116900017,8,797,-789
116900018,23,38,-15
116900019,6,466,-460
116900020,1610,307,1303
116900023,13,6,7
116900024,270,68,202
116900025,231,1177,-946
116900026,235,769,-534
116900027,15,62,-47
116900028,9,151,-142
116900029,0,10,-10
116900031,0,19,-19
116900032,4,419,-415
116900033,6,5,1
116900034,5,87,-82
116900035,77,166,-89
116900036,3,94,-91
116900038,5,3,2
116900041,24,10,14
116900042,1103,202,901
116900043,4,81,-77
116900047,126,30,96
116900049,37,315,-278
116900050,57,379,-322
116900051,24,294,-270
116900052,125,91,34
116900055,0,4,-4
116900057,13,336,-323
116900058,13,414,-401
116900059,2,186,-184
116900060,141,194,-53
116900062,4,9,-5
116900064,44,1141,-1097
116900065,7,95,-88
116900067,63,149,-86
116900068,90,365,-275
116900070,0,0,0
116900072,10,540,-530
116900073,3,207,-204
116900074,2,35,-33
116900076,9,22,-13
116900077,4,228,-224
116900078,262,159,103
116900079,13,417,-404
116900080,1,21,-20
116900081,293,1542,-1249
116900082,161,742,-581
116900083,52,76,-24
116900084,205,49,156
116900085,18,132,-114
116900086,32,277,-245
116900088,385,61,324
116900090,125,41,84
116900091,127,69,58
116900092,66,846,-780
116900093,1624,1737,-113
116900094,5945,1923,4022
116900095,308,251,57
116900096,80,87,-7
116900097,3888,1481,2407
116900098,876,219,657
116900099,544,318,226
116900100,379,12,367
116900101,232,643,-411
116900103,21,0,21
116900104,34,80,-46
116900105,160,41,119
116900106,586,204,382
116900107,4091,935,3156
116900110,23,0,23
116900111,140,1272,-1132
116900112,123,1263,-1140
116900113,3475,864,2611
116900116,96,298,-202
116900117,28,87,-59
116900118,1069,578,491
116900120,68,126,-58
116900121,21,56,-35
116900122,311,1016,-705
116900123,52,1051,-999
116900124,109,802,-693
116900125,135,249,-114
116900126,205,472,-267
116900128,0,56,-56
116900129,0,315,-315
116900130,1121,1531,-410
116900131,53,150,-97
116900132,25,56,-31
116900133,74,83,-9
116900134,127,189,-62
116900136,80,142,-62
116900137,236,196,40
116900138,129,250,-121
116900139,65,411,-346
116900140,93,160,-67
116900141,322,296,26
116900142,1,25,-24
116900143,128,486,-358
116900144,13,34,-21
116900145,77,359,-282
116900147,609,293,316
116900148,2,28,-26
116900149,19,125,-106
116900150,4,2,2
116900151,101,29,72
116900153,62,60,2
116900154,557,172,385
116900155,51,25,26
116900157,177,303,-126
116900158,63,68,-5
116900159,16,148,-132
116900160,503,181,322
116900161,8604,3206,5398
116900162,2,196,-194
116900163,45,206,-161
116900164,39,36,3
116900165,138,62,76
116900166,10,117,-107
116900167,179,62,117
116900168,137,89,48
116900169,698,181,517
116900170,160,182,-22
116900171,14,247,-233
116900172,220,69,151
116900173,64,49,15
116900174,11,21,-10
116900175,123,58,65
116900178,12,183,-171
116900179,54,98,-44
116900180,50,38,12
116900182,236,162,74
116900183,71,75,-4
116900185,12,8,4
116900186,73,359,-286
116900187,15,23,-8
116900188,75,12,63
116900189,23,0,23
116900191,256,303,-47
116900192,137,208,-71
116900194,61,418,-357
116900195,16,9,7
116900196,11,112,-101
116900197,33,3,30
116900198,312,154,158
116900200,20,30,-10
116900201,47,9,38
116900202,86,71,15
116900203,53,3,50
116900204,36,86,-50
116900206,3,26,-23
116900207,20,38,-18
116900208,6,126,-120
116900209,13,152,-139
116900210,269,179,90
116900211,149,10,139
116900212,11,90,-79
116900213,163,228,-65
116900214,59,88,-29
116900215,21,97,-76
116900216,132,390,-258
116900218,3,307,-304
116900219,635,248,387
116900220,49,156,-107
116900221,35,253,-218
116900222,265,178,87
116900223,59,142,-83
116900226,38,79,-41
116900227,73,58,15
116900228,142,265,-123
116900230,47,453,-406
116900231,7,508,-501
116900232,12,605,-593
116900233,91,70,21
116900234,3,3,0
116900235,134,403,-269
116900238,1334,310,1024
116900239,60,764,-704
116900240,6130,2102,4028
116900241,26,150,-124
116900242,1457,255,1202
116900243,1,59,-58
116900245,17,4,13
116900246,22,14,8
116900247,225,23,202
116900248,48,25,23
116900249,109,110,-1
116900250,177,35,142
116900251,393,190,203
116900252,41,1237,-1196
116900253,58,86,-28
116900254,13,57,-44
116900255,87,32,55
116900256,144,97,47
116900257,15,774,-759
116900258,8,433,-425
116900259,53,6,47
116900260,0,128,-128
116900261,14,0,14
116900262,72,131,-59
116900263,0,6,-6
116900264,21,24,-3
116900265,11,0,11
116900266,9,80,-71
116900267,3,0,3
116900268,10,8,2
116900269,192,400,-208
116900271,1924,62,1862
116900272,494,606,-112
116900273,313,48,265
116900274,42,42,0
116900275,97,120,-23
116900276,931,45,886
116900277,593,18,575
116900278,7,18,-11
116900279,3,26,-23
116900280,9,30,-21
116900281,7642,1813,5829
116900282,4,153,-149
116900283,9,155,-146
116900284,11,216,-205
116900285,382,293,89
116900286,257,3,254
116900287,4,92,-88
116900288,29,142,-113
116900289,8,54,-46
116900290,4,53,-49
116900291,4,18,-14
116900292,0,3,-3
116900293,13,100,-87
116900294,27,122,-95
116900295,154,196,-42
116900296,63,79,-16
116900297,1,60,-59
116900298,133,38,95
116900299,47,88,-41
116900300,10,460,-450
116900301,85,101,-16
116900302,48,37,11
116900303,505,22,483
116900304,0,76,-76
116900305,28,53,-25
116900306,77,212,-135
116900307,14,5,9
116900308,4,210,-206
116900309,15,225,-210
117000001,897,904,-7
117000002,1409,3668,-2259
117000003,5385,1922,3463
117000004,4072,5359,-1287
117000005,1227,1093,134
117000006,928,4392,-3464
117000007,1924,913,1011
117000008,1261,4785,-3524
117000009,3339,1224,2115
117000010,2457,4597,-2140
117000011,990,1574,-584
117000012,976,1862,-886
117000013,886,1136,-250
117000014,719,2491,-1772
117000015,2399,1002,1397
117000016,609,59,550
117000017,522,197,325
117000018,235,266,-31
117000019,226,11,215
117000020,845,819,26
117000021,3851,617,3234
117000022,697,44,653
117000023,893,186,707
117000024,532,81,451
117000025,1170,656,514
117000026,3222,638,2584
117000027,2941,1164,1777
117000028,3102,598,2504
117000030,802,523,279
117000031,426,229,197
117000032,1642,1445,197
117000033,1001,589,412
117000034,330,382,-52
117000035,279,165,114
117000036,394,365,29
117000037,205,149,56
117000038,256,544,-288
117000039,270,274,-4
117000040,95,1527,-1432
117000041,392,121,271
117000044,17,1507,-1490
117000045,256,63,193
117000046,437,1099,-662
117000047,484,367,117
117000048,2061,1745,316
117000049,130,328,-198
117000050,80,2749,-2669
117000051,1198,109,1089
117000052,4,775,-771
117000053,117,78,39
117000054,1084,1,1083
117000055,9,3700,-3691
117000056,359,12,347
117000057,607,2323,-1716
117000060,357,1714,-1357
117000061,1057,718,339
117000062,125,562,-437
117000063,1155,525,630
117000064,819,924,-105
117000066,928,644,284
117000067,117,300,-183
117000074,189,155,34
117000076,62,36,26
117000077,91,91,0
117000078,119,542,-423
117000079,216,126,90
117000080,1,404,-403
117000081,521,134,387
117000082,11,48,-37
117000083,105,7,98
117000084,239,0,239
117000085,130,449,-319
117000086,969,674,295
117000087,90,591,-501
117000088,143,157,-14
117000089,962,327,635
117000090,227,1590,-1363
117000091,404,265,139
117000092,316,1959,-1643
117000093,559,602,-43
117000094,736,2742,-2006
117000095,1695,658,1037
117000096,421,2644,-2223
117000097,755,967,-212
117000098,2589,5684,-3095
117000099,1829,718,1111
117000100,112,145,-33
117000101,185,1514,-1329
117000102,958,422,536
117000103,654,2049,-1395
117000104,939,442,497
117000105,699,1939,-1240
117000106,712,641,71
117000107,436,2256,-1820
117000108,1054,818,236
117000109,1641,3041,-1400
117000110,842,605,237
117000111,3130,4362,-1232
117000112,1920,1893,27
117000113,90,382,-292
117000114,56,108,-52
117000115,36,199,-163
117000116,63,201,-138
117000117,1256,372,884
117000118,229,133,96
117000119,595,60,535
117000120,403,87,316
117000121,211,409,-198
117000122,642,770,-128
117000123,1939,17,1922
117000124,680,28,652
117000125,410,42,368
117000126,64,36,28
117000127,234,252,-18
117000128,424,557,-133
117000129,602,278,324
117000130,103,4,99
117000131,2,312,-310
117000132,901,23,878
117000133,580,135,445
117000134,0,78,-78
117000135,2,22,-20
117000136,0,49,-49
117000137,39,49,-10
117000138,6,609,-603
117000140,453,1623,-1170
117000141,1070,514,556
117000181,1063,519,544
117000182,224,188,36
117000195,153,1296,-1143
117000196,109,60,49
117000225,233,6,227
117000226,12,130,-118
117000276,115,9,106
117000277,4,718,-714
117000310,2055,2832,-777
117000315,56,914,-858
117000320,77,1,76
117000906,111,14,97
117000907,22,505,-483
117000909,87,25,62
117000910,143,107,36
117000911,107,180,-73
117000915,5,702,-697
117000916,1,0,1
117000917,411,18,393
117000918,29,29,0
117000919,17,159,-142
117000920,3,1827,-1824
117000921,9,2602,-2593
117000922,37,130,-93
117000924,235,527,-292
117000926,1409,120,1289
117000927,1592,311,1281
117000928,2,312,-310
117000929,90,687,-597
117000930,84,12,72
117000931,524,76,448
117900002,106,322,-216
117900003,768,299,469
117900005,7,7,0
117900006,0,30,-30
117900007,59,190,-131
117900008,0,37,-37
117900010,298,162,136
117900011,39,11,28
117900012,28,241,-213
117900013,1,409,-408
117900014,376,253,123
117900015,18,245,-227
117900016,1280,434,846
117900017,373,621,-248
117900018,241,35,206
117900019,247,726,-479
117900020,38,224,-186
117900021,43,149,-106
117900022,12,11,1
117900023,811,244,567
117900024,80,157,-77
117900025,21,5,16
117900026,195,579,-384
117900028,80,3,77
117900029,175,1229,-1054
117900030,184,148,36
117900031,256,80,176
117900032,425,338,87
117900033,97,950,-853
117900034,62,74,-12
117900035,122,43,79
117900036,157,765,-608
117900037,46,135,-89
117900038,13,447,-434
117900039,12,99,-87
117900040,54,615,-561
117900041,4,38,-34
117900042,4488,457,4031
117900043,31,48,-17
117900044,19,2617,-2598
117900045,94,98,-4
117900048,114,366,-252
117900049,80,927,-847
117900050,8,29,-21
117900051,54,0,54
117900052,63,235,-172
117900053,683,753,-70
117900054,0,15,-15
117900055,177,203,-26
117900056,431,51,380
117900057,667,1144,-477
117900058,107,5,102
117900059,392,78,314
117900060,602,5812,-5210
117900061,23,208,-185
117900063,195,252,-57
117900065,636,1129,-493
117900066,6,29,-23
117900067,229,375,-146
117900069,416,579,-163
117900070,325,6,319
117900071,86,125,-39
117900073,242,433,-191
117900074,222,8,214
117900075,31,72,-41
117900076,32,46,-14
117900077,173,96,77
117900078,158,340,-182
117900080,174,48,126
117900081,494,381,113
117900082,205,163,42
117900083,193,826,-633
117900086,54,53,1
117900087,45,43,2
117900088,2613,1830,783
117900089,920,304,616
117900090,268,1084,-816
117900091,141,141,0
117900092,57,49,8
117900093,15,75,-60
117900094,9,4,5
117900095,326,824,-498
117900096,38,220,-182
117900097,36,73,-37
117900098,4,3,1
117900099,85,478,-393
117900100,120,4,116
117900101,431,765,-334
117900102,19,59,-40
117900103,10,2,8
117900104,14,171,-157
117900105,138,209,-71
117900106,41,73,-32
117900107,8,0,8
117900109,230,294,-64
117900110,19,0,19
117900111,179,6,173
117900112,20,14,6
117900113,3999,1482,2517
117900114,7,0,7
117900115,354,26,328
117900116,837,785,52
117900117,203,363,-160
117900118,11,0,11
117900119,66,304,-238
117900120,81,192,-111
117900121,33,8,25
117900122,1063,1269,-206
117900123,547,933,-386
117900124,428,538,-110
117900125,991,777,214
117900126,222,555,-333
117900127,317,747,-430
117900128,207,1040,-833
117900129,18,0,18
117900130,760,286,474
117900131,1,69,-68
117900132,14,110,-96
117900133,2,141,-139
117900134,26,209,-183
117900135,21,253,-232
117900136,0,78,-78
117900137,13,405,-392
117900138,0,60,-60
117900139,21,186,-165
117900140,5661,203,5458
117900141,223,275,-52
117900142,102,6,96
117900144,115,147,-32
117900145,87,4,83
117900146,188,103,85
117900147,41,57,-16
117900148,2615,784,1831
117900149,19,178,-159
117900150,20,67,-47
117900151,26,155,-129
117900152,162,79,83
117900153,18,117,-99
117900154,328,718,-390
117900156,775,793,-18
117900157,44,495,-451
117900158,85,66,19
117900160,241,272,-31
117900161,2426,2552,-126
117900162,196,323,-127
117900163,98,21,77
117900165,0,21,-21
117900166,81,149,-68
117900168,37,120,-83
117900169,7,93,-86
117900170,2,20,-18
117900171,0,9,-9
117900172,13,21,-8
117900173,91,43,48
117900174,15,41,-26
117900175,3,22,-19
117900176,9,33,-24
117900177,5,39,-34
117900178,56,30,26
117900180,214,20,194
117900181,129,128,1
117900182,2,27,-25
117900183,20,121,-101
117900184,0,52,-52
117900185,19,37,-18
117900186,9,15,-6
117900187,9,10,-1
117900188,144,22,122
117900189,39,18,21
117900190,5,0,5
117900191,39,0,39
117900192,114,0,114
117900193,2,34,-32
117900194,10,6,4
117900195,7,17,-10
117900196,14,36,-22
117900207,92,64,28
117900208,16,56,-40
117900209,155,143,12
117900210,125,167,-42
117900211,6,185,-179
117900212,65,150,-85
117900213,4,7,-3
117900214,0,64,-64
117900215,12,39,-27
117900216,47,16,31
117900217,157,50,107
117900218,305,235,70
117900219,5,44,-39
117900220,112,55,57
117900222,120,267,-147
117900223,94,185,-91
118000001,567,385,182
118000002,1218,1647,-429
118000003,1646,1183,463
118000004,2881,1807,1074
118000005,5427,1917,3510
118000006,7750,5980,1770
118000007,5368,2082,3286
118000008,4622,2323,2299
118000009,1677,2347,-670
118000010,2914,3511,-597
118000011,692,2767,-2075
118000012,913,2920,-2007
118000013,2989,2742,247
118000014,1687,3009,-1322
118000016,144,454,-310
118000017,206,234,-28
118000018,170,575,-405
118000019,1617,1125,492
118000020,1019,1129,-110
118000021,538,1377,-839
118000022,1565,492,1073
118000023,883,199,684
118000024,1561,550,1011
118000027,17381,5265,12116
118000029,1040,393,647
118000032,1400,1721,-321
118000033,2104,2112,-8
118000034,4276,1610,2666
118000035,1291,1268,23
118000036,979,860,119
118000037,479,757,-278
118000038,89,92,-3
118000039,46,472,-426
118000040,1220,2306,-1086
118000041,1730,1396,334
118000045,601,56,545
118000046,1716,506,1210
118000047,1718,502,1216
118000048,3227,992,2235
118000051,2267,954,1313
118000052,1555,660,895
118000053,495,349,146
118000054,1337,1055,282
118000055,1021,1379,-358
118000056,110,209,-99
118000057,237,304,-67
118000058,3813,1079,2734
118000059,2244,678,1566
118000060,554,681,-127
118000061,555,1151,-596
118000062,588,230,358
118000063,323,402,-79
118000064,815,1097,-282
118000065,5039,1497,3542
118000066,792,1004,-212
118000067,954,528,426
118000068,1595,2976,-1381
118000069,3378,985,2393
118000070,7569,1376,6193
118000071,3568,4250,-682
118000072,1793,893,900
118000073,2542,382,2160
118000074,375,513,-138
118000075,687,218,469
118000076,1138,1005,133
118000077,1139,901,238
118000078,1499,1334,165
118000079,237,249,-12
118000080,1041,715,326
118000081,1303,866,437
118000082,262,619,-357
118000083,2052,1015,1037
118000084,2359,1258,1101
118000086,188,465,-277
118000087,6560,2169,4391
118000088,1774,1506,268
118000089,3724,1906,1818
118000090,1727,2065,-338
118000091,1368,1527,-159
118000092,1205,317,888
118000093,93,631,-538
118000096,470,495,-25
118000097,502,524,-22
118000098,189,190,-1
118000099,226,885,-659
118000101,476,292,184
118000102,275,1465,-1190
118000107,3672,415,3257
118000108,503,1101,-598
118000110,0,27,-27
118000111,4,657,-653
118000112,153,0,153
118000113,10,1251,-1241
118000114,105,3,102
118000115,22,19,3
118000116,46,1,45
118000117,1130,882,248
118000118,619,573,46
118000119,613,851,-238
118000120,1395,1512,-117
118000121,62,436,-374
118000122,1068,185,883
118000123,53,247,-194
118000125,1556,1088,468
118000126,511,1336,-825
118000127,1532,618,914
118000128,542,1048,-506
118000129,458,187,271
118000130,2383,3339,-956
118000131,318,772,-454
118000132,1501,1218,283
118000133,387,383,4
118000135,303,249,54
118000136,92,470,-378
118000137,550,98,452
118000138,180,880,-700
118000139,117,76,41
118000140,1591,2376,-785
118000141,1392,1873,-481
118000142,975,1815,-840
118000143,1103,821,282
118000144,1168,843,325
118000145,1084,2542,-1458
118000146,643,1118,-475
118000147,501,1615,-1114
118000148,281,1186,-905
118000149,575,1155,-580
118000150,174,239,-65
118000151,183,408,-225
118000153,520,953,-433
118000154,589,1364,-775
118000155,478,1010,-532
118000156,2035,1820,215
118000157,279,288,-9
118000158,87,367,-280
118000159,16,33,-17
118000160,282,295,-13
118000161,191,777,-586
118000162,788,707,81
118000163,313,554,-241
118000164,1832,1272,560
118000168,1251,140,1111
118000169,788,1700,-912
118000170,3158,6070,-2912
118000171,221,560,-339
118000172,79,248,-169
118000173,658,937,-279
118000175,172,268,-96
118000176,142,293,-151
118000177,118,370,-252
118000178,80,29,51
118000179,1014,475,539
118000180,446,587,-141
118000181,525,242,283
118000182,169,169,0
118000183,158,171,-13
118000184,343,817,-474
118000185,540,501,39
118000186,381,514,-133
118000187,501,796,-295
118000188,364,215,149
118000189,185,866,-681
118000190,4,5,-1
118000191,17,31,-14
118000192,26,101,-75
118000193,29,194,-165
118000194,1476,730,746
118000195,1001,385,616
118000196,447,81,366
118000197,247,68,179
118000198,487,294,193
118000199,585,248,337
118000200,97,255,-158
118000201,490,259,231
118000202,35,49,-14
118000203,1547,251,1296
118000204,154,211,-57
118000205,354,208,146
118000206,117,154,-37
118000207,0,129,-129
118000208,770,1242,-472
118000209,1108,1672,-564
118000210,18,22,-4
118000211,6,23,-17
118000213,938,820,118
118000214,542,279,263
118000215,162,284,-122
118000216,1242,4103,-2861
118000217,13,101,-88
118000218,24,100,-76
118000219,436,273,163
118000220,1,11,-10
118000221,49,226,-177
118000222,31,28,3
118000223,12,24,-12
118000224,180,76,104
118000225,107,879,-772
118000226,779,92,687
118000227,782,195,587
118000228,141,94,47
118000229,294,26,268
118000230,61,312,-251
118000231,47,189,-142
118000232,432,926,-494
118000233,532,706,-174
118000234,138,312,-174
118000236,206,512,-306
118000237,26,749,-723
118000238,91,353,-262
118000239,164,230,-66
118000240,563,72,491
118000241,116,215,-99
118000242,225,651,-426
118000243,80,231,-151
118000244,19,220,-201
118000246,0,1,-1
118000255,57,201,-144
118000256,110,232,-122
118000259,2,48,-46
118000260,52,81,-29
118000261,18,68,-50
118000263,58,229,-171
118000266,70,503,-433
118000267,1,96,-95
118000268,273,0,273
118000270,23,35,-12
118000271,144,244,-100
118000272,27,31,-4
118000273,71,57,14
118000274,103,404,-301
118000276,217,253,-36
118000295,3,58,-55
118000298,107,382,-275
118000299,66,172,-106
118000301,0,55,-55
118000302,52,76,-24
118000311,131,147,-16
118000312,144,170,-26
118000313,26,135,-109
118000314,26,81,-55
118000315,22,58,-36
118000316,332,514,-182
118000325,23,86,-63
118000326,15,28,-13
118000331,20,54,-34
118000332,8,67,-59
118000333,11,70,-59
118000335,122,0,122
118000336,1,505,-504
118000407,78,66,12
118000457,9,32,-23
118000465,4041,2325,1716
118000480,30,153,-123
118000489,20,101,-81
118000490,46,323,-277
118000492,118,171,-53
118000510,43,7,36
118000514,124,329,-205
118000515,540,394,146
118000517,312,177,135
118000524,660,125,535
118000525,632,734,-102
118000530,7,72,-65
118000531,90,235,-145
118000532,96,193,-97
118000533,279,148,131
118000534,381,294,87
118000535,118,68,50
118000536,874,540,334
118000537,19,56,-37
118000538,20,83,-63
118000539,4,35,-31
118000540,160,242,-82
118000541,123,110,13
118000542,60,129,-69
118000543,158,142,16
118000546,31,20,11
118000553,0,2,-2
118000560,3415,745,2670
118000562,8,455,-447
118000563,1431,1204,227
118000576,142,187,-45
118000577,129,116,13
118000578,135,133,2
118000579,707,823,-116
118000583,0,1,-1
118000595,82,57,25
118000596,0,62,-62
118000597,80,143,-63
118000598,2,1,1
118000599,29,40,-11
118000600,0,6,-6
118000601,5,0,5
118000602,0,5,-5
118000603,0,34,-34
118000605,40,547,-507
118900001,1232,778,454
118900002,950,507,443
118900003,134,20,114
118900004,14,70,-56
118900005,61,2,59
118900006,56,2,54
118900007,1,5,-4
118900008,745,38,707
118900009,18,10,8
118900010,38,5,33
118900011,70,24,46
118900012,236,181,55
118900013,729,34,695
118900015,118,39,79
118900016,2,28,-26
118900017,182,176,6
118900018,1280,13,1267
118900019,58,7,51
118900020,142,92,50
118900021,135,303,-168
118900022,52,117,-65
118900023,50,79,-29
118900024,30,224,-194
118900025,39,33,6
118900026,28,97,-69
118900027,424,241,183
118900028,63,101,-38
118900029,103,620,-517
118900030,120,70,50
118900031,47,125,-78
118900032,100,233,-133
118900033,259,786,-527
118900034,80,8,72
118900035,55,300,-245
118900036,563,618,-55
118900037,209,376,-167
118900038,155,346,-191
118900039,178,287,-109
118900040,122,123,-1
118900041,164,165,-1
118900042,97,87,10
118900045,157,141,16
118900046,659,154,505
118900047,683,164,519
118900048,140,206,-66
118900049,54,27,27
118900050,1,117,-116
118900051,67,59,8
118900052,123,212,-89
118900053,19,65,-46
118900054,40,77,-37
118900055,16,136,-120
118900056,74,185,-111
118900057,313,212,101
118900058,227,496,-269
118900059,27,115,-88
118900060,42,130,-88
118900062,103,215,-112
118900064,548,346,202
118900065,28,141,-113
118900066,37,128,-91
118900067,5623,1930,3693
118900068,0,143,-143
118900069,239,220,19
118900071,0,45,-45
118900072,228,412,-184
118900073,35,83,-48
118900074,42,186,-144
118900075,21,67,-46
118900076,194,81,113
118900077,133,146,-13
118900078,20,1,19
118900079,39,156,-117
118900080,9,76,-67
118900081,42,23,19
118900082,481,171,310
118900083,6,27,-21
118900084,9,25,-16
118900085,345,791,-446
118900086,22,67,-45
118900087,18,121,-103
118900088,1,14,-13
118900089,32,5,27
118900090,239,336,-97
118900091,218,172,46
118900092,38,98,-60
118900093,91,16,75
118900096,54,52,2
118900097,104,831,-727
118900099,50,273,-223
118900100,132,193,-61
118900101,20,567,-547
118900102,10,40,-30
118900103,12,36,-24
118900104,55,158,-103
118900105,104,74,30
118900107,113,83,30
118900108,59,101,-42
118900110,1750,456,1294
118900111,220,751,-531
118900112,23,111,-88
118900113,43,713,-670
118900114,9,89,-80
118900115,99,343,-244
118900116,62,116,-54
118900117,53,130,-77
118900118,162,400,-238
118900119,51,254,-203
118900120,47,207,-160
118900121,3,334,-331
118900122,11,354,-343
118900123,82,172,-90
118900124,28,145,-117
118900126,13,170,-157
118900129,146,150,-4
118900130,66,88,-22
118900131,59,217,-158
118900132,224,160,64
118900133,15,45,-30
118900135,94,181,-87
118900136,189,826,-637
118900137,0,14,-14
118900139,99,602,-503
118900140,292,760,-468
118900141,32,316,-284
118900144,78,652,-574
118900145,9,174,-165
118900146,167,832,-665
118900147,134,140,-6
118900148,40,64,-24
118900150,117,352,-235
118900152,404,861,-457
118900157,174,134,40
118900158,38,172,-134
118900159,1,242,-241
118900161,102,4,98
118900163,266,48,218
118900164,5,127,-122
118900165,25,220,-195
118900166,68,5,63
118900167,48,149,-101
118900168,5,35,-30
118900169,88,380,-292
118900170,21,75,-54
118900171,6,9,-3
118900174,31,45,-14
118900175,134,297,-163
118900176,47,141,-94
118900177,13,72,-59
118900178,34,76,-42
118900179,0,40,-40
118900181,71,99,-28
118900182,51,54,-3
118900183,6,41,-35
118900184,153,41,112
118900185,23,93,-70
118900186,54,54,0
118900187,121,260,-139
118900188,114,243,-129
118900189,25,319,-294
118900190,16,671,-655
118900191,98,56,42
118900192,66,36,30
118900193,115,9,106
118900195,342,902,-560
118900196,13,186,-173
118900197,59,106,-47
118900198,7,61,-54
118900199,20,68,-48
118900200,6,6,0
118900201,13,9,4
118900202,4,56,-52
118900203,2,39,-37
118900204,7,31,-24
118900205,4,22,-18
118900206,1,42,-41
119000001,732,1065,-333
119000002,1987,3100,-1113
119000003,1068,1530,-462
119000004,1273,1285,-12
119000005,1319,1499,-180
119000006,1312,1387,-75
119000007,2007,2480,-473
119000008,1242,2039,-797
119000009,2749,2190,559
119000010,7322,3101,4221
119000011,5102,1769,3333
119000012,4638,2869,1769
119000013,1687,969,718
119000014,1752,3159,-1407
119000019,130,145,-15
119000020,873,1110,-237
119000021,2084,1717,367
119000022,3401,1291,2110
119000023,213,186,27
119000024,1992,4980,-2988
119000025,11216,1192,10024
119000026,255,215,40
119000027,349,318,31
119000028,1821,985,836
119000029,77,194,-117
119000030,349,1003,-654
119000031,484,666,-182
119000032,1880,2037,-157
119000033,1364,1527,-163
119000034,794,1086,-292
119000035,30,341,-311
119000036,663,1186,-523
119000037,780,2474,-1694
119000038,59,1278,-1219
119000039,104,291,-187
119000040,811,310,501
119000041,783,842,-59
119000048,3080,4314,-1234
119000049,985,3690,-2705
119000050,1514,2226,-712
119000051,1367,828,539
119000052,1764,2780,-1016
119000053,1328,1052,276
119000054,2251,3939,-1688
119000055,2023,3539,-1516
119000056,1349,1967,-618
119000057,1131,2534,-1403
119000058,1410,2110,-700
119000059,672,1628,-956
119000060,805,677,128
119000061,671,797,-126
119000062,763,1176,-413
119000063,252,211,41
119000064,954,1379,-425
119000065,1565,2864,-1299
119000066,1111,797,314
119000067,1344,2593,-1249
119000068,891,864,27
119000069,1039,2465,-1426
119000070,1230,1026,204
119000071,375,862,-487
119000072,6080,3260,2820
119000073,3926,4621,-695
119000074,576,3480,-2904
119000075,669,2368,-1699
119000076,353,845,-492
119000077,392,382,10
119000078,178,251,-73
119000079,43,564,-521
119000080,158,228,-70
119000081,91,328,-237
119000082,284,218,66
119000083,261,277,-16
119000084,217,497,-280
119000085,493,238,255
119000086,208,269,-61
119000087,1425,899,526
119000088,163,200,-37
119000089,44,158,-114
119000090,108,160,-52
119000091,115,223,-108
119000092,574,190,384
119000093,3954,3716,238
119000094,1703,5343,-3640
119000095,990,2901,-1911
119000097,2302,1627,675
119000098,467,1325,-858
119000099,1756,1630,126
119000100,1849,1800,49
119000101,1857,1920,-63
119000102,536,648,-112
119000103,1042,479,563
119000104,3375,1525,1850
119000105,521,873,-352
119000106,168,2059,-1891
119000107,293,456,-163
119000108,185,1426,-1241
119000109,73,324,-251
119000110,217,385,-168
119000111,23,429,-406
119000112,130,113,17
119000113,1929,241,1688
119000114,562,589,-27
119000115,138,170,-32
119000116,71,96,-25
119000117,85,312,-227
119000118,0,2,-2
119000123,2974,570,2404
119000124,269,239,30
119000125,1518,1203,315
119000126,362,1108,-746
119000127,222,880,-658
119000128,30,4,26
119000131,545,1170,-625
119000132,0,7,-7
119000133,0,9,-9
119000134,2541,507,2034
119000135,62,196,-134
119000136,103,269,-166
119000137,105,694,-589
119000138,150,501,-351
119000139,117,329,-212
119000140,102,215,-113
119000284,1490,2638,-1148
119000285,2416,2015,401
119000286,6322,4383,1939
119000287,1048,1958,-910
119000288,1338,1591,-253
119000289,2153,3728,-1575
119000290,114,462,-348
119000291,7,338,-331
119000293,58,145,-87
119000294,26,39,-13
119000295,2111,536,1575
119000296,94,97,-3
119000302,4337,1378,2959
119000303,38,106,-68
119000310,0,0,0
119000314,1407,4605,-3198
119000315,5,775,-770
119000316,27,135,-108
119000317,21,555,-534
119900001,134,718,-584
119900002,66,262,-196
119900003,53,1391,-1338
119900004,359,333,26
119900005,62,169,-107
119900006,129,294,-165
119900007,438,59,379
119900008,27,26,1
119900009,302,503,-201
119900010,601,867,-266
119900011,14,34,-20
119900012,8,42,-34
119900013,1254,528,726
119900014,417,212,205
119900015,69,11,58
119900016,24,120,-96
119900017,19,43,-24
119900018,1381,285,1096
119900019,20,5,15
119900020,61,146,-85
119900021,40,48,-8
119900022,98,251,-153
119900023,803,501,302
119900025,73,26,47
119900026,1069,107,962
119900027,0,21,-21
119900028,123,55,68
119900029,1,7,-6
119900030,329,421,-92
119900031,17,170,-153
119900033,1724,112,1612
119900034,105,167,-62
119900037,39,57,-18
119900038,30,167,-137
119900039,64,3,61
119900040,12,5,7
119900041,51,53,-2
119900042,23,162,-139
119900043,26,163,-137
119900044,170,286,-116
119900046,36,74,-38
119900047,117,91,26
119900048,16,35,-19
119900049,77,58,19
119900050,66,57,9
119900051,195,12,183
119900052,13,58,-45
119900053,67,226,-159
119900054,38,2,36
119900055,633,323,310
119900057,61,81,-20
119900058,133,1,132
119900059,46,45,1
119900060,121,7,114
119900062,23,30,-7
119900063,13,34,-21
119900065,118,3,115
119900066,0,1,-1
119900067,22,28,-6
119900068,165,1,164
119900069,24,38,-14
119900070,295,1,294
119900071,226,11,215
119900073,1709,383,1326
119900074,11,11,0
119900075,5985,1822,4163
119900076,186,553,-367
119900077,294,1591,-1297
119900078,198,786,-588
119900079,68,410,-342
119900080,703,1345,-642
119900081,137,87,50
119900082,499,221,278
119900083,310,69,241
119900084,678,117,561
119900085,109,54,55
119900087,330,242,88
119900088,33,46,-13
119900089,9,630,-621
119900090,217,49,168
119900091,32,1159,-1127
119900092,11,399,-388
119900093,582,88,494
119900094,16,208,-192
119900095,156,87,69
119900096,39,88,-49
119900097,421,129,292
119900098,9,37,-28
119900099,45,258,-213
119900100,2689,1603,1086
119900101,169,751,-582
119900102,18,348,-330
119900103,14,545,-531
119900104,35,332,-297
119900105,449,902,-453
119900106,18,295,-277
119900107,353,3991,-3638
119900108,1794,726,1068
119900109,24,252,-228
119900110,405,838,-433
119900111,27,441,-414
119900112,3025,430,2595
119900113,70,542,-472
119900114,161,1919,-1758
119900115,101,1457,-1356
119900116,126,262,-136
119900117,132,1008,-876
119900118,19,1378,-1359
119900119,61,259,-198
119900120,579,729,-150
119900121,159,1562,-1403
119900122,266,422,-156
119900123,174,264,-90
119900124,85,1134,-1049
119900125,41,456,-415
119900126,5189,248,4941
119900127,2763,932,1831
119900128,227,922,-695
119900129,68,1041,-973
119900130,45,256,-211
119900131,18,423,-405
119900132,1,472,-471
119900133,11,71,-60
119900134,2341,265,2076
119900135,1,621,-620
119900136,135,564,-429
119900138,362,629,-267
119900139,19,68,-49
119900140,2,164,-162
119900141,157,307,-150
119900142,6,22,-16
119900143,6,184,-178
119900144,2294,239,2055
119900145,74,319,-245
119900146,132,132,0
119900147,4,117,-113
119900148,57,52,5
119900149,1628,1666,-38
119900150,152,218,-66
119900151,1367,666,701
119900152,74,483,-409
119900153,65,54,11
119900154,5,384,-379
119900155,12,38,-26
119900156,5,3,2
119900157,26,332,-306
119900158,80,53,27
119900159,4,1925,-1921
119900160,15,315,-300
119900161,149,315,-166
119900162,605,602,3
119900163,166,85,81
119900164,0,0,0
119900165,54,319,-265
119900166,54,18,36
119900167,87,136,-49
119900168,239,348,-109
119900169,143,298,-155
119900170,96,119,-23
119900171,422,533,-111
119900172,99,12,87
119900173,4,704,-700
119900174,2,335,-333
119900175,573,594,-21
119900177,13,323,-310
119900178,2,282,-280
119900179,49,191,-142
119900180,634,599,35
119900181,38,38,0
119900182,8,569,-561
119900183,87,1077,-990
119900184,3365,554,2811
119900185,28,73,-45
119900186,37,356,-319
119900187,7,735,-728
119900188,23,300,-277
119900189,359,197,162
119900190,58,107,-49
119900191,271,95,176
119900192,19,242,-223
119900193,131,202,-71
119900194,6,35,-29
119900195,14,225,-211
119900196,2197,460,1737
119900197,83,108,-25
119900198,39,467,-428
119900199,122,20,102
119900200,277,511,-234
119900201,396,188,208
119900202,192,96,96
119900203,115,266,-151
119900204,95,325,-230
119900205,227,723,-496
119900206,65,139,-74
119900208,127,91,36
119900209,259,571,-312
119900210,5,56,-51
119900211,88,20,68
119900212,69,334,-265
119900213,6,53,-47
119900214,10,121,-111
119900215,9,121,-112
119900216,7,92,-85
119900217,8,98,-90
119900218,10,68,-58
119900219,3,148,-145
119900220,4,182,-178
119900221,18,562,-544
119900222,7,408,-401
119900223,15,160,-145
119900224,12,60,-48
119900225,1561,49,1512
119900226,1050,1021,29
119900227,1582,406,1176
119900228,34,263,-229
119900229,238,389,-151
119900230,1364,671,693
119900231,112,225,-113
119900232,120,44,76
119900233,20,1,19
119900234,10,64,-54
119900235,11,20,-9
119900236,16,248,-232
119900237,29,623,-594
119900238,1,105,-104
119900240,46,129,-83
119900241,139,265,-126
119900242,1554,1004,550
119900244,672,905,-233
119900245,69,124,-55
119900246,191,230,-39
119900247,10,36,-26
119900248,30,33,-3
119900249,114,50,64
119900253,4080,283,3797
119900254,50,191,-141
119900255,54,447,-393
119900256,192,1616,-1424
119900257,11,0,11
119900258,41,12,29
119900259,2,268,-266
119900260,65,3,62
119900261,110,184,-74
119900262,1,297,-296
119900263,773,397,376
119900264,22,282,-260
119900265,93,300,-207
119900266,109,404,-295
119900267,86,362,-276
119900268,84,283,-199
119900269,242,1302,-1060
119900271,11,102,-91
119900272,105,23,82
119900275,61,5,56
119900276,24,0,24
119900277,3,3,0
119900278,262,46,216
119900279,119,218,-99
119900280,872,194,678
119900281,0,84,-84
119900282,39,16,23
119900283,8,360,-352
119900284,50,148,-98
119900285,16,61,-45
119900286,8,7,1
119900288,1,31,-30
119900289,1,39,-38
119900290,0,28,-28
119900291,0,40,-40
119900292,44,9,35
119900293,13,3,10
119900294,13,2,11
119900295,0,0,0
119900296,0,0,0
119900299,22,292,-270
119900300,99,218,-119
119900301,122,53,69
119900302,73,69,4
119900303,154,168,-14
119900304,56,13,43
119900305,14,117,-103
119900306,9,2,7
119900307,15,164,-149
119900308,0,20,-20
119900309,6,32,-26
119900310,155,349,-194
119900311,24,215,-191
119900312,31,99,-68
119900313,162,320,-158
119900314,80,279,-199
119900315,643,3197,-2554
119900318,8,19,-11
119900319,1,420,-419
119900320,119,870,-751
119900321,27,0,27
119900322,43,55,-12
119900323,1,147,-146
119900324,1,91,-90
119900325,60,612,-552
119900326,256,31,225
120000001,8117,7948,169
120000002,1999,3491,-1492
120000003,3641,1918,1723
120000004,2810,2515,295
120000005,4846,2055,2791
120000006,1098,1391,-293
120000007,3154,2373,781
120000008,917,1447,-530
120000009,4950,979,3971
120000010,1474,3297,-1823
120000011,1097,2181,-1084
120000012,1400,3261,-1861
120000013,2063,2904,-841
120000014,511,1652,-1141
120000015,2188,1471,717
120000016,2765,2160,605
120000017,1739,1734,5
120000018,4888,7275,-2387
120000019,690,985,-295
120000020,2724,2162,562
120000021,1765,1642,123
120000022,2465,3062,-597
120000023,720,1608,-888
120000024,1367,2233,-866
120000025,1789,2183,-394
120000026,697,1881,-1184
120000027,1113,1523,-410
120000028,398,320,78
120000029,1870,371,1499
120000030,114,554,-440
120000031,1634,4492,-2858
120000032,9967,3169,6798
120000033,2357,1764,593
120000034,1086,2311,-1225
120000035,1321,2589,-1268
120000036,2078,3952,-1874
120000037,553,893,-340
120000038,10853,3101,7752
120000039,419,1089,-670
120000040,52,115,-63
120000041,395,1897,-1502
120000042,1230,4530,-3300
120000043,3772,2857,915
120000044,2721,1301,1420
120000045,2888,1076,1812
120000046,1461,1617,-156
120000047,2160,2808,-648
120000048,8465,3241,5224
120000049,3088,2811,277
120000050,3002,4877,-1875
120000051,3649,4477,-828
120000052,15656,2851,12805
120000053,876,4970,-4094
120000054,1247,7565,-6318
120000055,1081,5187,-4106
120000056,2690,5226,-2536
120000057,1252,794,458
120000058,299,193,106
120000059,46,1014,-968
120000061,84,760,-676
120000062,169,234,-65
120000063,1909,3378,-1469
120000064,188,1804,-1616
120000065,354,2071,-1717
120000066,91,492,-401
120000067,24,691,-667
120000068,127,1339,-1212
120000069,436,1790,-1354
120000070,18,1231,-1213
120000071,133,175,-42
120000072,275,491,-216
120000073,281,89,192
120000074,25,93,-68
120000075,321,246,75
120000076,866,286,580
120000077,843,391,452
120000078,2769,638,2131
120000079,159,451,-292
120000080,133,230,-97
120000081,171,161,10
120000082,132,202,-70
120000083,100,375,-275
120000084,422,696,-274
120000085,253,468,-215
120000086,280,832,-552
120000087,143,1453,-1310
120000088,478,1624,-1146
120000089,696,678,18
120000090,359,539,-180
120000091,572,890,-318
120000092,786,477,309
120000093,198,476,-278
120000094,114,378,-264
120000095,683,771,-88
120000096,173,1363,-1190
120000098,593,1211,-618
120000099,185,852,-667
120000100,496,1053,-557
120000101,330,550,-220
120000102,287,447,-160
120000103,800,397,403
120000104,1092,248,844
120000105,1516,336,1180
120000106,1129,378,751
120000107,1571,475,1096
120000108,493,114,379
120000109,571,52,519
120000110,77,1079,-1002
120000111,97,1485,-1388
120000112,593,4845,-4252
120000113,570,3305,-2735
120000114,668,3116,-2448
120000115,327,2725,-2398
120000116,592,2387,-1795
120000117,1291,1735,-444
120000118,62,29,33
120000119,41,52,-11
120000120,67,50,17
120000121,35,48,-13
120000122,289,317,-28
120000123,7151,3432,3719
120000124,286,570,-284
120000125,250,765,-515
120000126,171,729,-558
120000127,2290,632,1658
120000128,4731,1890,2841
120000129,206,278,-72
120000130,534,745,-211
120000131,229,502,-273
120000134,259,1490,-1231
120000135,173,315,-142
120000137,77,2661,-2584
120000138,242,470,-228
120000139,100,1227,-1127
120000140,256,653,-397
120000141,91,625,-534
120000142,202,706,-504
120000143,2,116,-114
120000144,28,3,25
120000145,110,4,106
120000146,2396,1079,1317
120000149,425,928,-503
120000150,5325,7088,-1763
120000151,383,469,-86
120000152,259,269,-10
120000153,101,709,-608
120000154,486,329,157
120000155,87,317,-230
120000156,1607,462,1145
120000157,706,667,39
120000158,533,1019,-486
120000159,1496,2440,-944
120000160,1704,1150,554
120000161,980,2914,-1934
120000162,44,280,-236
120000163,234,2022,-1788
120000164,229,624,-395
120000165,213,1188,-975
120000166,520,784,-264
120000167,10,28,-18
120000168,2,103,-101
120000169,105,290,-185
120000170,152,150,2
120000171,36,28,8
120000172,37,29,8
120000173,2012,103,1909
120000174,393,8,385
120000175,566,11,555
120000176,272,66,206
120000177,1256,378,878
120000178,69,4,65
120000179,365,20,345
120000180,337,59,278
120000181,95,126,-31
120000182,55,73,-18
120000183,5,139,-134
120000184,113,987,-874
120000186,47,65,-18
120000187,130,36,94
120000188,192,35,157
120000190,1167,15,1152
120000191,1672,14,1658
120000192,2238,7,2231
120000193,666,2,664
120000195,89,0,89
120000196,212,34,178
120000197,105,120,-15
120000198,74,208,-134
120000199,46,0,46
120000200,36,1,35
120000201,16,10,6
120000202,0,85,-85
120000203,17,486,-469
120000207,2,133,-131
120000208,7,340,-333
120000209,6,108,-102
120000210,193,123,70
120000211,30,0,30
120000212,53,0,53
120000213,62,492,-430
120000214,3,618,-615
120000215,4,265,-261
120000216,49,10,39
120000217,941,1594,-653
120000218,264,1415,-1151
120000219,17,991,-974
120000220,10,3606,-3596
120000225,508,2,506
120000226,120,1,119
120000227,564,36,528
120000228,7564,1950,5614
120000230,175,9,166
120000231,557,2634,-2077
120000233,209,91,118
120000235,78,976,-898
120000236,440,1,439
120000237,4,2649,-2645
120000238,0,104,-104
120000241,927,3029,-2102
120000412,1992,26,1966
120000413,111,581,-470
120000414,51,7,44
120000415,2,229,-227
120000416,18,13,5
120000417,1,103,-102
120000418,86,25,61
120000419,10,663,-653
120000420,75,35,40
120000421,15563,6343,9220
120000422,241,390,-149
120000423,0,43,-43
120000424,46,225,-179
120000436,97,323,-226
120000437,129,199,-70
120000438,5112,420,4692
120000439,156,293,-137
120000443,98,0,98
120000444,693,720,-27
120000445,1421,1266,155
120000446,1137,314,823
120000447,126,9,117
120000449,30,15,15
120000450,2,510,-508
120000451,93,265,-172
120000452,79,3,76
120000453,1,422,-421
120000454,87,23,64
120000455,37,83,-46
120000456,3088,2296,792
120000457,1353,1116,237
120000458,563,841,-278
120000459,48,109,-61
120000665,915,125,790
120000668,82,176,-94
120000669,87,484,-397
120000670,193,339,-146
120000671,557,245,312
120000672,86,540,-454
120900001,61,44,17
120900002,468,261,207
120900003,104,22,82
120900004,7,50,-43
120900005,22,1462,-1440
120900006,147,218,-71
120900007,64,172,-108
120900008,121,1269,-1148
120900009,247,58,189
120900010,202,62,140
120900011,419,103,316
120900012,1116,717,399
120900013,179,39,140
120900014,2,658,-656
120900015,212,81,131
120900016,379,62,317
120900017,3461,128,3333
120900018,42,475,-433
120900019,385,106,279
120900020,668,636,32
120900021,338,68,270
120900022,69,514,-445
120900023,86,42,44
120900024,1472,491,981
120900025,2267,815,1452
120900026,47,154,-107
120900027,502,83,419
120900028,171,46,125
120900029,111,218,-107
120900030,701,481,220
120900031,118,32,86
120900032,372,202,170
120900033,487,43,444
120900034,35,1443,-1408
120900035,44,145,-101
120900037,74,9,65
120900038,46,119,-73
120900039,55,24,31
120900040,91,1,90
120900041,161,82,79
120900042,133,58,75
120900043,19,11,8
120900044,7,407,-400
120900045,97,151,-54
120900046,190,6,184
120900047,79,30,49
120900048,53,10,43
120900049,181,0,181
120900050,3953,1095,2858
120900051,172,192,-20
120900052,238,6,232
120900053,94,67,27
120900054,1348,1001,347
120900055,123,4,119
120900056,235,7,228
120900057,66,19,47
120900058,190,1,189
120900059,50,3,47
120900060,14,28,-14
120900061,161,404,-243
120900062,83,5,78
120900063,171,0,171
120900064,147,1,146
120900065,172,0,172
120900066,97,364,-267
120900067,275,160,115
120900068,88,0,88
120900069,91,102,-11
120900071,5,1,4
120900072,236,0,236
120900073,153,240,-87
120900074,488,101,387
120900076,113,1,112
120900077,4032,182,3850
120900078,319,979,-660
120900079,228,87,141
120900080,279,2915,-2636
120900081,404,1356,-952
120900082,659,302,357
120900083,37,0,37
120900084,132,197,-65
120900085,143,134,9
120900086,131,165,-34
120900087,213,94,119
120900088,119,198,-79
120900089,5357,1215,4142
120900090,51,251,-200
120900091,396,244,152
120900092,982,1005,-23
120900093,4810,246,4564
120900094,550,253,297
120900095,225,19,206
120900096,25,155,-130
120900097,569,1373,-804
120900098,243,213,30
120900099,25,70,-45
120900100,58,428,-370
120900101,514,388,126
120900102,13,88,-75
120900103,35,173,-138
120900104,11,51,-40
120900105,23,1086,-1063
120900106,1429,694,735
120900107,462,183,279
120900108,4,1316,-1312
120900109,39,937,-898
120900110,3,609,-606
120900111,120,467,-347
120900112,6,1742,-1736
120900113,13,1234,-1221
120900114,35,245,-210
120900115,141,138,3
120900116,92,885,-793
120900117,1,646,-645
120900118,9,1402,-1393
120900119,3071,2851,220
120900120,42,930,-888
120900121,78,548,-470
120900122,135,884,-749
120900123,1,708,-707
120900124,0,980,-980
120900125,1,1364,-1363
120900126,1436,915,521
120900127,4,714,-710
120900128,852,1138,-286
120900129,58,543,-485
120900130,5,328,-323
120900131,23,59,-36
120900132,317,446,-129
120900133,189,1487,-1298
120900134,420,566,-146
120900135,8,931,-923
120900136,14,19,-5
120900137,75,102,-27
120900138,15,253,-238
120900139,2,1067,-1065
120900140,2,59,-57
120900141,41,75,-34
120900142,21,1134,-1113
120900143,4,1317,-1313
120900144,2,270,-268
120900145,47,1108,-1061
120900146,6,1540,-1534
120900147,1,412,-411
120900148,56,97,-41
120900149,0,551,-551
120900150,24,763,-739
120900151,1,963,-962
120900152,0,71,-71
120900153,7,66,-59
120900154,0,446,-446
120900155,105,1361,-1256
120900156,10,553,-543
120900157,24,239,-215
120900158,47,686,-639
120900159,43,415,-372
120900160,18,403,-385
120900161,11,779,-768
120900162,14,880,-866
120900163,9,108,-99
120900164,2,0,2
120900165,0,5,-5
120900166,39,118,-79
120900167,209,82,127
120900169,29,641,-612
120900170,2590,1327,1263
120900171,1471,482,989
120900172,1083,115,968
120900173,1,63,-62
120900174,3,121,-118
120900175,231,291,-60
120900176,5,158,-153
120900177,0,404,-404
120900178,1,221,-220
120900179,931,512,419
120900180,120,82,38
120900181,27,62,-35
120900182,8,386,-378
120900183,385,81,304
120900184,154,89,65
120900185,3,405,-402
120900186,4,626,-622
120900187,245,686,-441
120900188,44,8,36
120900189,147,377,-230
120900190,23,11,12
120900191,3,22,-19
120900192,16189,2634,13555
120900194,7,83,-76
120900195,133,327,-194
120900196,269,60,209
120900197,328,34,294
120900198,218,748,-530
120900199,190,175,15
120900200,119,103,16
120900201,717,167,550
120900202,1,299,-298
120900203,18,56,-38
120900204,234,444,-210
120900205,73,107,-34
120900206,8,15,-7
120900207,46,1409,-1363
121000001,1010,961,49
121000002,1942,1228,714
121000003,3996,1805,2191
121000004,2336,3415,-1079
121000005,2083,2546,-463
121000006,2582,1040,1542
121000007,2938,2656,282
121000008,5107,2466,2641
121000009,6289,4562,1727
121000010,8592,3574,5018
121000011,9443,9500,-57
121000012,13907,7049,6858
121000013,4651,6213,-1562
121000014,6256,5772,484
121000015,3935,4996,-1061
121000016,4128,3016,1112
121000017,1435,3158,-1723
121000018,1767,1634,133
121000019,17633,7408,10225
121000020,11620,6656,4964
121000021,2408,2654,-246
121000022,1182,1288,-106
121000023,3531,2718,813
121000024,2185,2589,-404
121000025,504,773,-269
121000026,196,99,97
121000027,1227,741,486
121000028,619,421,198
121000029,718,761,-43
121000030,466,351,115
121000031,431,548,-117
121000032,185,65,120
121000034,196,137,59
121000035,88,88,0
121000036,1159,715,444
121000037,545,492,53
121000038,486,419,67
121000039,323,245,78
121000041,292,380,-88
121000042,154,236,-82
121000043,771,571,200
121000044,1563,545,1018
121000045,264,320,-56
121000046,342,666,-324
121000047,22,62,-40
121000049,1686,520,1166
121000050,228,871,-643
121000051,552,394,158
121000052,176,514,-338
121000053,300,60,240
121000054,34,137,-103
121000055,1261,1001,260
121000056,776,904,-128
121000057,118,220,-102
121000058,357,87,270
121000059,1654,762,892
121000060,336,539,-203
121000061,126,156,-30
121000062,99,169,-70
121000063,551,371,180
121000064,515,537,-22
121000065,403,292,111
121000066,524,359,165
121000067,883,263,620
121000068,450,233,217
121000069,350,191,159
121000070,1423,1074,349
121000071,682,738,-56
121000072,904,631,273
121000073,762,600,162
121000074,78,92,-14
121000075,44,33,11
121000076,1130,230,900
121000077,84,62,22
121000078,66,98,-32
121000080,2383,567,1816
121000081,2144,1694,450
121000082,114,161,-47
121000083,215,135,80
121000084,161,78,83
121000085,293,398,-105
121000086,117,817,-700
121000087,62,231,-169
121000088,352,696,-344
121000089,492,242,250
121000090,324,346,-22
121000091,1660,747,913
121000092,116,113,3
121000093,131,240,-109
121000094,415,435,-20
121000095,254,395,-141
121000096,1982,2518,-536
121000097,1252,1577,-325
121000098,200,1201,-1001
121000099,253,844,-591
121000100,424,531,-107
121000101,120,235,-115
121000102,89,404,-315
121000103,58,334,-276
121000104,124,165,-41
121000105,194,256,-62
121000106,114,350,-236
121000107,1898,3557,-1659
121000109,1336,1040,296
121000110,375,446,-71
121000114,2391,2053,338
121000115,664,723,-59
121000116,440,825,-385
121000117,895,240,655
121000118,961,242,719
121000119,164,303,-139
121000120,153,397,-244
121000121,284,688,-404
121000123,1167,509,658
121000127,109,112,-3
121000128,414,391,23
121000129,368,353,15
121000130,294,1081,-787
121000131,1523,936,587
121000132,1050,1032,18
121000135,316,155,161
121000136,859,391,468
121000137,407,142,265
121000138,690,633,57
121000139,455,96,359
121000141,135,80,55
121000142,678,469,209
121000143,143,21,122
121000144,1004,779,225
121000145,320,1152,-832
121000146,786,713,73
121000147,449,386,63
121000148,637,840,-203
121000149,1373,941,432
121000152,331,478,-147
121000153,1415,525,890
121000154,640,456,184
121000155,942,1018,-76
121000156,290,829,-539
121000157,1554,1774,-220
121000158,332,646,-314
121000159,131,589,-458
121000160,234,733,-499
121000161,64,353,-289
121000162,34,305,-271
121000165,1648,1513,135
121000166,21,442,-421
121000168,155,212,-57
121000169,40,151,-111
121000170,94,83,11
121000171,25,177,-152
121000172,413,377,36
121000173,867,659,208
121000174,167,366,-199
121000175,516,505,11
121000176,227,256,-29
121000177,507,488,19
121000178,66,54,12
121000179,76,61,15
121000181,370,316,54
121000182,42,128,-86
121000183,20,53,-33
121000184,16,52,-36
121000185,7,111,-104
121000186,62,186,-124
121000187,90,242,-152
121000188,65,237,-172
121000192,433,281,152
121000193,435,404,31
121000194,2344,1733,611
121000195,326,740,-414
121000196,748,208,540
121000197,230,744,-514
121000198,208,55,153
121000199,71,411,-340
121000200,195,81,114
121000201,4,160,-156
121000202,535,110,425
121000203,675,2543,-1868
121000204,1677,574,1103
121000205,139,216,-77
121000206,99,19,80
121000207,1020,439,581
121000208,3,410,-407
121000209,101,459,-358
121000210,137,586,-449
121000211,180,123,57
121000212,227,846,-619
121000213,8822,2294,6528
121000214,690,1451,-761
121000215,1117,633,484
121000216,326,371,-45
121000217,3883,2052,1831
121000218,413,1599,-1186
121000219,1145,337,808
121000220,361,89,272
121000221,130,227,-97
121000222,2552,2081,471
121000223,577,356,221
121000224,256,122,134
121000225,1462,837,625
121000226,3100,525,2575
121000227,6,203,-197
121000228,15,834,-819
121000229,71,512,-441
121000230,43,1777,-1734
121000231,448,23,425
121000232,353,159,194
121000233,327,295,32
121000234,8,16,-8
121000235,29,55,-26
121000236,13,46,-33
121000237,27,13,14
121000238,2,69,-67
121000239,13,10,3
121000240,4,203,-199
121000241,117,14,103
121000242,57,191,-134
121000243,442,44,398
121000244,2,52,-50
121000245,12,11,1
121000246,2,55,-53
121000247,14,5,9
121000248,303,611,-308
121000249,121,207,-86
121000250,136,77,59
121000251,17,598,-581
121000252,54,28,26
121000253,265,521,-256
121000254,465,268,197
121000255,112,146,-34
121000256,110,179,-69
121000257,64,63,1
121000258,50,67,-17
121000259,41,42,-1
121000260,65,121,-56
121000261,29,52,-23
121000262,912,600,312
121000263,270,500,-230
121000271,214,1756,-1542
121000273,80,12,68
121000274,1,29,-28
121000275,3,16,-13
121000276,3,8,-5
121000278,62,75,-13
121000279,35,16,19
121000280,28,51,-23
121000289,229,14,215
121000290,1122,573,549
121000294,59,207,-148
121000297,834,714,120
121000299,115,193,-78
121000300,622,430,192
121000302,107,466,-359
121000303,365,289,76
121000304,349,60,289
121000305,138,43,95
121000306,62,85,-23
121000308,121,282,-161
121000309,340,566,-226
121000310,86,410,-324
121000311,67,636,-569
121000312,244,180,64
121000313,485,454,31
121000314,127,70,57
121000315,54,76,-22
121000530,718,1242,-524
121000531,784,1221,-437
121000532,4801,4068,733
121000533,1987,2147,-160
121000918,10,264,-254
121000919,8,42,-34
121000938,316,150,166
121000939,238,116,122
121000956,438,1417,-979
121000957,0,10,-10
121000958,110,33,77
121000959,295,1119,-824
121000960,1340,2209,-869
121000961,115,34,81
121000962,290,851,-561
121000973,2,491,-489
121000976,7,131,-124
121000979,209,51,158
121000981,272,77,195
121000982,139,257,-118
121000983,320,454,-134
121000984,17,49,-32
121000985,244,794,-550
121000986,181,431,-250
121000987,154,1413,-1259
121000988,319,109,210
121001302,290,132,158
121001308,6,8,-2
121001309,74,39,35
121001313,123,343,-220
121001314,3201,3805,-604
121001315,3505,1469,2036
121900001,36,134,-98
121900002,27,10,17
121900003,280,6,274
121900004,86,277,-191
121900005,51,43,8
121900006,53,19,34
121900007,1826,1605,221
121900008,823,78,745
121900009,441,26,415
121900010,215,2,213
121900011,128,344,-216
121900012,1,0,1
121900013,1109,68,1041
121900014,762,400,362
121900015,107,140,-33
121900016,7,23,-16
121900017,222,417,-195
121900018,313,8,305
121900019,164,228,-64
121900020,25,2,23
121900021,703,30,673
121900022,118,120,-2
121900023,77,395,-318
121900024,433,80,353
121900025,304,303,1
121900026,239,42,197
121900027,119,110,9
121900028,176,15,161
121900029,162,182,-20
121900030,479,418,61
121900031,1022,3749,-2727
121900032,46,65,-19
121900033,118,76,42
121900034,268,51,217
121900035,2040,1229,811
121900036,43,348,-305
121900037,66,515,-449
121900038,24,141,-117
121900039,254,19,235
121900040,35,68,-33
121900041,70,128,-58
121900042,222,98,124
121900043,0,10,-10
121900044,226,28,198
121900046,153,136,17
121900047,81,43,38
121900048,25,111,-86
121900050,10,27,-17
121900051,55,122,-67
121900052,94,19,75
121900053,151,178,-27
121900054,431,644,-213
121900055,3,19,-16
121900058,107,240,-133
121900059,184,70,114
121900060,65,287,-222
121900061,111,122,-11
121900062,59,42,17
121900063,522,294,228
121900064,73,596,-523
121900066,17,22,-5
121900067,5,20,-15
121900069,192,106,86
121900070,162,96,66
121900071,75,210,-135
121900072,24,160,-136
121900073,248,156,92
121900074,527,409,118
121900075,454,229,225
121900076,194,479,-285
121900077,5,49,-44
121900078,35,33,2
121900079,0,0,0
121900080,377,458,-81
121900082,11,84,-73
121900084,5,221,-216
121900085,2,20,-18
121900086,16,56,-40
121900087,138,68,70
121900088,1909,1786,123
121900089,83,386,-303
121900090,5,117,-112
121900091,11,106,-95
121900092,44,99,-55
121900093,30,53,-23
121900094,9,4,5
121900095,116,81,35
121900096,1127,337,790
121900097,220,126,94
121900098,1,7,-6
121900099,115,62,53
121900100,87,156,-69
121900101,65,76,-11
121900102,10,85,-75
121900103,316,182,134
121900104,869,221,648
121900105,76,71,5
121900106,1,7,-6
121900107,16,22,-6
121900108,0,20,-20
121900109,306,101,205
121900110,161,1192,-1031
121900111,650,63,587
121900112,90,62,28
121900113,34,160,-126
121900114,28,33,-5
121900117,114,18,96
121900118,1897,278,1619
121900119,73,137,-64
121900120,26,1138,-1112
121900121,446,41,405
121900122,11,31,-20
121900123,136,327,-191
121900124,84,168,-84
121900125,704,776,-72
121900127,10,74,-64
121900128,27,151,-124
121900129,855,88,767
121900130,84,226,-142
121900131,150,107,43
121900132,26,143,-117
121900133,76,239,-163
121900134,9,119,-110
121900135,1828,172,1656
121900136,153,409,-256
121900137,34,212,-178
121900138,32,161,-129
121900139,347,431,-84
121900140,30,122,-92
121900141,33,7,26
121900142,70,128,-58
121900143,4,118,-114
121900144,128,251,-123
121900145,85,130,-45
121900146,453,624,-171
121900147,45,182,-137
121900148,111,229,-118
121900149,320,599,-279
121900150,53,129,-76
121900151,39,176,-137
121900152,66,114,-48
121900153,56,354,-298
121900154,10,125,-115
121900155,1,60,-59
121900156,85,74,11
121900157,2,413,-411
121900158,29,76,-47
121900159,2,197,-195
121900160,23,180,-157
121900161,433,289,144
121900162,123,61,62
121900163,77,746,-669
121900164,310,189,121
121900165,118,176,-58
121900166,68,123,-55
121900167,120,64,56
121900168,190,135,55
121900169,5,280,-275
121900170,1,138,-137
121900171,323,514,-191
121900172,233,330,-97
121900173,759,126,633
121900174,5,27,-22
121900175,133,152,-19
121900176,376,1652,-1276
121900177,120,45,75
121900178,17,64,-47
121900179,121,110,11
121900180,5102,2327,2775
121900182,532,192,340
121900183,313,386,-73
121900184,39,394,-355
121900186,8,324,-316
121900187,32,106,-74
121900188,454,282,172
121900189,7,82,-75
121900190,144,433,-289
121900191,65,104,-39
121900192,364,504,-140
121900193,24,174,-150
121900194,3,133,-130
121900195,61,64,-3
121900196,636,577,59
121900197,279,1855,-1576
121900198,902,903,-1
121900199,0,21,-21
121900200,65,173,-108
121900201,860,377,483
121900202,90,234,-144
121900203,211,705,-494
121900204,1076,707,369
121900205,8,105,-97
121900206,1,8,-7
121900207,117,18,99
121900208,141,273,-132
121900209,31,13,18
121900210,956,875,81
121900211,118,273,-155
121900212,140,121,19
121900213,75,81,-6
121900214,4,293,-289
121900215,22,45,-23
121900216,29,69,-40
121900217,141,63,78
121900218,263,340,-77
121900220,152,6,146
121900221,198,504,-306
121900222,77,167,-90
121900223,114,55,59
121900224,55,52,3
121900225,66,41,25
121900226,178,410,-232
121900227,76,243,-167
121900228,91,173,-82
121900230,72,80,-8
121900231,283,266,17
121900232,183,286,-103
121900233,186,223,-37
121900234,122,263,-141
121900235,196,263,-67
121900236,211,99,112
121900237,99,206,-107
121900238,126,163,-37
121900239,73,35,38
121900240,104,78,26
121900241,8,61,-53
121900242,1,0,1
121900243,1,0,1
121900244,6,0,6
121900245,137,135,2
121900246,1239,297,942
121900247,200,199,1
121900248,1044,608,436
121900250,186,255,-69
121900251,227,15,212
121900252,495,96,399
121900253,169,861,-692
121900254,378,203,175
121900255,123,64,59
121900258,2124,1422,702
121900259,353,349,4
121900260,55,191,-136
121900261,124,331,-207
121900262,375,588,-213
121900263,74,232,-158
121900264,2019,1015,1004
121900265,98,228,-130
121900266,115,182,-67
121900267,27,15,12
121900269,81,240,-159
121900270,30,136,-106
121900271,23,134,-111
121900273,375,1183,-808
121900274,173,193,-20
121900277,236,1356,-1120
121900278,86,683,-597
121900279,207,247,-40
121900280,156,222,-66
121900281,321,60,261
121900284,55,7,48
121900286,59,205,-146
121900287,18,13,5
121900288,1,2,-1
121900290,175,171,4
121900291,402,431,-29
121900292,178,55,123
121900293,737,3070,-2333
121900294,208,1,207
121900295,64,206,-142
121900296,33,19,14
121900298,489,366,123
121900299,0,0,0
121900300,20,0,20
121900301,20,0,20
121900302,0,45,-45
121900303,236,412,-176
121900304,3,1,2
121900305,3,2,1
121900306,55,1,54
121900307,14,31,-17
121900308,9,320,-311
121900309,5,245,-240
121900310,49,448,-399
121900311,142,3,139
121900312,110,5,105
121900313,191,12,179
121900314,5,55,-50
121900315,2,0,2
121900316,1,9,-8
121900317,2,2,0
121900318,0,12,-12
121900319,3,78,-75
121900320,56,58,-2
121900321,2,1,1
121900322,0,28,-28
121900323,10,10,0
121900324,3,46,-43
121900325,12,1,11
121900326,2,21,-19
121900327,1,37,-36
121900328,0,26,-26
121900329,0,192,-192
121900330,0,48,-48
121900331,127,10,117
121900332,56,20,36
121900333,8,2,6
121900334,54,17,37
122000001,2020,2621,-601
122000002,4437,1247,3190
122000003,1751,1072,679
122000004,2728,946,1782
122000005,2828,904,1924
122000006,2017,432,1585
122000007,1358,1180,178
122000008,5482,3726,1756
122000009,436,173,263
122000010,1745,1969,-224
122000011,2713,996,1717
122000012,1055,851,204
122000013,2273,1148,1125
122000014,1262,1876,-614
122000015,1297,792,505
122000016,361,712,-351
122000017,893,929,-36
122000018,1178,979,199
122000019,652,1328,-676
122000020,192,147,45
122000021,480,410,70
122000022,1159,1318,-159
122000023,424,2418,-1994
122000024,891,796,95
122000025,1539,850,689
122000026,1818,545,1273
122000027,580,4363,-3783
122000028,722,326,396
122000029,378,219,159
122000030,358,90,268
122000031,147,197,-50
122000032,1342,2830,-1488
122000033,931,680,251
122000034,574,450,124
122000035,310,624,-314
122000036,353,517,-164
122000037,310,211,99
122000038,256,328,-72
122000039,509,418,91
122000040,341,253,88
122000041,361,463,-102
122000042,246,340,-94
122000043,112,102,10
122000044,110,126,-16
122000045,1173,450,723
122000046,670,810,-140
122000047,219,143,76
122000048,2359,3589,-1230
122000049,4452,1779,2673
122000050,1437,480,957
122000051,381,512,-131
122000052,376,191,185
122000053,146,410,-264
122000054,2002,1522,480
122000055,1999,1849,150
122000056,7041,2812,4229
122000057,4145,1834,2311
122000058,4113,961,3152
122000059,3515,1137,2378
122000060,832,410,422
122000061,512,223,289
122000062,1155,277,878
122000063,1584,352,1232
122000064,3112,2710,402
122000065,4898,2639,2259
122000066,967,946,21
122000067,1462,1232,230
122000068,760,1269,-509
122000069,557,668,-111
122000070,452,2796,-2344
122000071,670,1508,-838
122000072,309,228,81
122000073,455,312,143
122000074,1564,977,587
122000075,357,1109,-752
122000076,1417,844,573
122000077,1266,492,774
122000078,3040,1273,1767
122000079,1665,592,1073
122000080,1018,303,715
122000081,215,259,-44
122000082,1063,513,550
122000083,1024,3401,-2377
122000084,727,691,36
122000085,138,1540,-1402
122000086,1821,4019,-2198
122000087,321,101,220
122000088,177,224,-47
122000089,5272,2534,2738
122000090,209,314,-105
122000091,272,61,211
122000092,169,15,154
122000093,1652,738,914
122000094,7076,1167,5909
122000095,3012,1710,1302
122000096,2583,1178,1405
122000098,3431,1091,2340
122000099,3069,466,2603
122000100,1228,536,692
122000101,229,725,-496
122000102,1345,930,415
122000103,1363,1209,154
122000104,200,156,44
122000105,185,258,-73
122000106,371,454,-83
122000107,833,476,357
122000108,340,778,-438
122000109,279,278,1
122000110,304,457,-153
122000111,2385,835,1550
122000112,434,1008,-574
122000113,367,543,-176
122000114,3654,1283,2371
122000115,1484,1285,199
122000116,407,376,31
122000117,706,271,435
122000118,317,430,-113
122000119,2748,1037,1711
122000120,2156,1815,341
122000121,2471,1772,699
122000122,660,913,-253
122000123,1605,1017,588
122000124,1177,351,826
122000125,410,449,-39
122000126,712,569,143
122000127,1201,629,572
122000128,531,674,-143
122000129,242,479,-237
122000130,1842,484,1358
122000131,1150,489,661
122000132,621,347,274
122000133,888,1654,-766
122000134,393,498,-105
122000135,539,695,-156
122000136,248,191,57
122000137,675,598,77
122000139,1401,2014,-613
122000140,1114,442,672
122000141,4374,724,3650
122000142,546,506,40
122000143,355,182,173
122000144,1622,683,939
122000145,1263,523,740
122000146,481,678,-197
122000147,672,284,388
122000148,3178,1044,2134
122000149,1879,933,946
122000150,987,682,305
122000151,275,229,46
122000152,351,193,158
122000153,454,230,224
122000154,272,136,136
122000155,1357,1576,-219
122000156,2015,1472,543
122000157,2053,999,1054
122000158,359,377,-18
122000159,935,1160,-225
122000160,3484,797,2687
122000161,965,433,532
122000162,2083,1076,1007
122000163,263,48,215
122000164,35,60,-25
122000165,635,619,16
122000166,802,920,-118
122000167,183,197,-14
122000168,173,435,-262
122000169,467,114,353
122000170,198,240,-42
122000171,22,80,-58
122000172,1361,1359,2
122000173,1382,1841,-459
122000174,1813,727,1086
122000175,1157,237,920
122000176,271,669,-398
122000177,1503,1178,325
122000178,3145,2041,1104
122000179,1715,2379,-664
122000180,1734,772,962
122000181,1604,2402,-798
122000182,1903,927,976
122000183,1467,899,568
122000184,2538,1379,1159
122000185,1233,1022,211
122000186,654,738,-84
122000187,1481,874,607
122000188,417,176,241
122000189,255,288,-33
122000190,1037,887,150
122000191,914,410,504
122000192,799,291,508
122000193,283,549,-266
122000194,594,161,433
122000195,156,458,-302
122000196,715,543,172
122000197,421,584,-163
122000198,449,935,-486
122000199,333,318,15
122000200,1380,503,877
122000201,1252,1333,-81
122000202,977,902,75
122000203,2225,1266,959
122000204,1131,1632,-501
122000205,1372,899,473
122000206,1910,717,1193
122000207,963,1058,-95
122000208,1630,1281,349
122000209,2086,357,1729
122000210,1384,1849,-465
122000211,1048,1047,1
122000212,525,380,145
122000213,728,949,-221
122000214,1308,1282,26
122000215,1777,1191,586
122000217,1772,1173,599
122000218,568,39,529
122000219,1220,849,371
122000220,278,669,-391
122000221,108,329,-221
122000222,457,58,399
122000223,1004,384,620
122000225,490,205,285
122000226,1034,1615,-581
122000227,342,1575,-1233
122000228,301,399,-98
122000229,14,320,-306
122000230,46,688,-642
122000231,140,692,-552
122000232,457,926,-469
122000233,1,127,-126
122000234,96,175,-79
122000235,286,194,92
122000236,336,164,172
122000237,81,53,28
122000238,75,172,-97
122000239,303,66,237
122000240,612,293,319
122000241,504,359,145
122000242,287,86,201
122000243,96,53,43
122000244,40,533,-493
122000245,59,302,-243
122000246,132,170,-38
122000247,341,890,-549
122000248,1387,1808,-421
122000249,285,408,-123
122000250,1131,526,605
122000251,154,382,-228
122000252,535,80,455
122000253,11,247,-236
122000254,124,85,39
122000255,511,1775,-1264
122000256,315,1263,-948
122000257,109,371,-262
122000258,91,169,-78
122000259,7,660,-653
122000260,3,99,-96
122000261,8,255,-247
122000262,0,52,-52
122000263,92,87,5
122000264,551,391,160
122000265,1682,653,1029
122000266,4032,500,3532
122000267,59,86,-27
122000268,75,382,-307
122000269,615,223,392
122000270,745,97,648
122000271,245,1117,-872
122000272,242,1097,-855
122000273,229,422,-193
122000274,68,172,-104
122000275,18,133,-115
122000276,325,652,-327
122000277,495,1148,-653
122000278,448,895,-447
122000279,151,463,-312
122000280,619,671,-52
122000281,508,649,-141
122000282,89,72,17
122000283,264,34,230
122000284,89,60,29
122000285,388,104,284
122000286,73,190,-117
122000287,702,1151,-449
122000288,211,211,0
122000291,669,366,303
122000293,304,251,53
122000294,98,156,-58
122000295,1102,155,947
122000296,45,483,-438
122000297,3318,1885,1433
122000299,313,437,-124
122000300,479,395,84
122000301,13770,2400,11370
122000302,1059,727,332
122000303,4104,1199,2905
122000304,44,110,-66
122000305,576,193,383
122000306,17,858,-841
122000307,121,91,30
122000309,55,46,9
122000310,24,19,5
122000311,114,62,52
122000312,140,28,112
122000313,54,28,26
122000314,96,190,-94
122000315,186,16,170
122000316,380,178,202
122000317,614,156,458
122000318,208,399,-191
122000319,335,581,-246
122000320,310,2305,-1995
122000321,99,255,-156
122000322,2732,2253,479
122000323,1507,1467,40
122000324,1372,1202,170
122000325,857,852,5
122000326,13,132,-119
122000327,201,382,-181
122000328,962,701,261
122000330,1746,486,1260
122000332,144,262,-118
122000333,5,148,-143
122000337,643,1684,-1041
122000338,422,445,-23
122000340,448,228,220
122000342,2566,919,1647
122000343,385,1643,-1258
122000344,28,22,6
122000345,7,53,-46
122000346,213,567,-354
122000348,373,767,-394
122000349,92,528,-436
122000351,126,234,-108
122000352,228,73,155
122000353,54,95,-41
122000355,96,119,-23
122000356,1516,721,795
122000357,35,16,19
122000358,0,76,-76
122000359,0,59,-59
122000360,0,83,-83
122000362,13,116,-103
122000364,77,421,-344
122000365,0,13,-13
122000366,3,8,-5
122000368,371,873,-502
122000370,19,64,-45
122000371,18,1,17
122000372,2,0,2
122000381,47,312,-265
122000382,51,223,-172
122000384,4073,1985,2088
122000385,20,0,20
122000386,510,613,-103
122000387,417,561,-144
122000388,1286,270,1016
122000389,150,744,-594
122000390,327,230,97
122000391,297,104,193
122000392,140,206,-66
122000393,9,197,-188
122000394,296,264,32
122000395,64,147,-83
122000396,211,87,124
122000397,30,71,-41
122000398,6,68,-62
122000399,52,89,-37
122000400,210,243,-33
122000401,99,122,-23
122000402,149,90,59
122000403,385,1154,-769
122000404,77,314,-237
122000408,693,956,-263
122000503,13,79,-66
122000524,217,91,126
122000544,42,1897,-1855
122000616,533,6,527
122000640,21,218,-197
122000641,33,492,-459
122000642,798,1383,-585
122000643,5,128,-123
122000644,132,24,108
122000645,52,151,-99
122000651,1868,603,1265
122000664,92,39,53
122000665,812,527,285
122000666,431,885,-454
122000673,20,351,-331
122000674,72,39,33
122000675,1049,1117,-68
122000686,181,1324,-1143
122000687,615,425,190
122000688,106,825,-719
122000689,291,608,-317
122000690,535,679,-144
122000691,345,2726,-2381
122000692,791,425,366
122000693,393,1799,-1406
122000695,96,506,-410
122000696,142,398,-256
122000698,132,1141,-1009
122000699,123,55,68
122000701,774,357,417
122000702,436,2261,-1825
122000703,104,47,57
122000712,0,0,0
122000717,251,73,178
122000718,440,419,21
122000719,43,40,3
122000720,140,328,-188
122000724,104,8,96
122900001,17,5,12
122900002,1125,1870,-745
122900003,239,26,213
122900004,617,19,598
122900005,28,48,-20
122900006,633,228,405
122900007,57,14,43
122900008,659,87,572
122900009,648,240,408
122900010,139,128,11
122900012,255,376,-121
122900014,138,301,-163
122900015,2019,308,1711
122900016,83,318,-235
122900017,317,678,-361
122900018,169,10,159
122900019,7,114,-107
122900020,332,351,-19
122900021,31,544,-513
122900022,271,996,-725
122900023,206,380,-174
122900024,92,88,4
122900025,9,115,-106
122900026,110,271,-161
122900027,51,648,-597
122900028,102,161,-59
122900029,4292,1812,2480
122900030,1171,432,739
122900031,68,152,-84
122900032,80,189,-109
122900033,139,191,-52
122900034,3372,3922,-550
122900035,16,12,4
122900036,25,169,-144
122900037,210,101,109
122900038,113,1560,-1447
122900039,90,395,-305
122900040,242,432,-190
122900041,181,199,-18
122900042,108,271,-163
122900043,243,183,60
122900044,64,246,-182
122900045,90,89,1
122900046,76,89,-13
122900047,288,127,161
122900048,37,180,-143
122900049,1552,134,1418
122900051,67,91,-24
122900052,33,116,-83
122900053,13,12,1
122900055,201,79,122
122900057,250,26,224
122900061,337,142,195
122900062,279,351,-72
122900063,155,387,-232
122900064,895,526,369
122900065,340,131,209
122900066,313,227,86
122900067,1728,740,988
122900068,176,423,-247
122900069,152,1241,-1089
122900070,129,32,97
122900071,105,441,-336
122900072,13,595,-582
122900073,42,309,-267
122900074,147,802,-655
122900075,0,61,-61
122900076,6,207,-201
122900077,0,199,-199
122900078,68,152,-84
122900080,70,10,60
122900081,143,157,-14
122900082,556,253,303
122900083,241,139,102
122900084,3,249,-246
122900086,3,30,-27
122900087,82,595,-513
122900088,60,77,-17
122900089,9,160,-151
122900090,10,659,-649
122900091,71,0,71
122900092,0,240,-240
122900093,3,503,-500
122900094,3,284,-281
122900095,76,5,71
122900096,82,327,-245
122900097,23,7,16
122900098,97,116,-19
122900099,11,2,9
122900100,411,216,195
122900101,692,235,457
122900102,4,13,-9
122900103,36,3,33
122900104,65,3,62
122900105,1,0,1
122900106,2,96,-94
122900107,4,208,-204
122900108,7,181,-174
123000001,1831,292,1539
123000002,5486,2134,3352
123000003,3204,2197,1007
123000004,2978,4457,-1479
123000005,2181,2029,152
123000006,2541,2828,-287
123000007,2329,1797,532
123000008,2074,3683,-1609
123000009,3837,2456,1381
123000010,3057,4027,-970
123000011,2771,613,2158
123000012,1034,2263,-1229
123000013,2701,727,1974
123000014,1297,3841,-2544
123000015,3556,638,2918
123000016,5940,2436,3504
123000017,3058,1345,1713
123000018,54,87,-33
123000019,95,380,-285
123000020,100,156,-56
123000021,42,176,-134
123000022,430,1270,-840
123000023,1065,977,88
123000024,802,441,361
123000025,53,95,-42
123000026,12,116,-104
123000027,447,369,78
123000028,873,220,653
123000029,1139,355,784
123000030,130,736,-606
123000031,95,391,-296
123000032,143,376,-233
123000033,153,81,72
123000034,670,571,99
123000035,143,245,-102
123000036,170,512,-342
123000037,167,258,-91
123000038,64,217,-153
123000039,427,670,-243
123000040,1208,236,972
123000041,1146,457,689
123000042,1006,408,598
123000043,3523,3892,-369
123000044,5899,1845,4054
123000045,9171,1558,7613
123000046,707,628,79
123000047,2044,1056,988
123000048,65,318,-253
123000049,6775,3382,3393
123000050,670,844,-174
123000051,91,128,-37
123000052,371,2056,-1685
123000053,1905,2753,-848
123000054,845,958,-113
123000055,606,859,-253
123000056,1152,1660,-508
123000057,16608,4437,12171
123000058,545,603,-58
123000059,394,397,-3
123000060,495,272,223
123000061,120,684,-564
123000063,624,567,57
123000064,631,223,408
123000065,6656,3098,3558
123000066,1025,797,228
123000067,332,590,-258
123000068,2701,3187,-486
123000069,8461,3426,5035
123000070,270,802,-532
123000071,474,1056,-582
123000072,755,1499,-744
123000073,565,762,-197
123000074,675,2191,-1516
123000075,299,674,-375
123000076,375,1063,-688
123000077,2062,3700,-1638
123000078,988,1628,-640
123000079,803,1885,-1082
123000080,1759,2666,-907
123000081,175,702,-527
123000082,370,1223,-853
123000083,761,128,633
123000084,363,708,-345
123000085,94,106,-12
123000086,177,525,-348
123000087,85,630,-545
123000088,660,1349,-689
123000089,351,1276,-925
123000090,1001,1196,-195
123000091,1394,1340,54
123000092,1116,1098,18
123000094,234,230,4
123000095,209,504,-295
123000096,235,439,-204
123000097,224,1216,-992
123000098,392,600,-208
123000099,433,970,-537
123000100,379,510,-131
123000101,502,384,118
123000102,576,439,137
123000104,278,283,-5
123000105,464,562,-98
123000106,505,249,256
123000107,402,591,-189
123000108,806,1327,-521
123000111,488,221,267
123000112,496,533,-37
123000113,477,1836,-1359
123000114,351,325,26
123000115,141,236,-95
123000116,22,158,-136
123000117,1056,2115,-1059
123000118,327,985,-658
123000119,189,1061,-872
123000120,319,923,-604
123000121,342,585,-243
123000122,487,253,234
123000123,343,506,-163
123000124,620,493,127
123000125,1091,640,451
123000126,1680,1980,-300
123000127,1192,762,430
123000128,200,397,-197
123000129,334,152,182
123000130,397,57,340
123000131,558,456,102
123000132,292,503,-211
123000133,327,342,-15
123000134,460,139,321
123000135,951,1024,-73
123000136,185,1551,-1366
123000137,96,453,-357
123000138,66,501,-435
123000139,247,90,157
123000140,134,706,-572
123000141,786,86,700
123000142,923,998,-75
123000143,1059,2604,-1545
123000144,13,17,-4
123000145,204,122,82
123000146,62,79,-17
123000147,77,113,-36
123000149,298,234,64
123000150,154,189,-35
123000151,212,350,-138
123000152,32,300,-268
123000153,110,406,-296
123000154,1828,1200,628
123000155,2304,758,1546
123000156,52,61,-9
123000157,462,687,-225
123000158,574,488,86
123000159,2575,1477,1098
123000160,475,412,63
123000161,945,693,252
123000162,282,1072,-790
123000163,150,41,109
123000164,694,240,454
123000165,251,2032,-1781
123000166,24,160,-136
123000167,59,359,-300
123000168,187,349,-162
123000169,363,81,282
123000170,36,307,-271
123000171,202,72,130
123000172,194,662,-468
123000173,414,143,271
123000174,581,165,416
123000175,904,1187,-283
123000176,522,105,417
123000177,321,1004,-683
123000178,344,92,252
123000179,33,734,-701
123000180,938,354,584
123000181,368,1478,-1110
123000182,97,460,-363
123000183,106,258,-152
123000184,67,794,-727
123000185,245,440,-195
123000186,5,601,-596
123000187,211,2,209
123000188,139,0,139
123000189,115,161,-46
123000190,30,79,-49
123000192,37,340,-303
123000193,39,562,-523
123000194,499,271,228
123000195,133,14,119
123000196,130,13,117
123000197,32,107,-75
123000198,12,185,-173
123000199,7,511,-504
123000200,329,6,323
123000201,526,18,508
123000202,20,1312,-1292
123000203,482,39,443
123000204,81,1176,-1095
123000205,376,2019,-1643
123000206,1074,120,954
123000207,51,1138,-1087
123000208,223,87,136
123000209,1260,294,966
123000210,395,1612,-1217
123000211,466,2673,-2207
123000212,1398,286,1112
123000213,235,40,195
123000215,147,102,45
123000216,115,285,-170
123000217,110,23,87
123000218,130,371,-241
123000219,897,32,865
123000220,350,62,288
123000221,120,134,-14
123000222,279,583,-304
123000223,89,505,-416
123000224,209,640,-431
123000225,228,112,116
123000226,90,297,-207
123000227,49,344,-295
123000228,176,66,110
123000229,1069,1945,-876
123000232,98,518,-420
123000233,393,145,248
123000234,135,621,-486
123000235,341,347,-6
123000236,146,816,-670
123000237,147,57,90
123000238,60,676,-616
123000239,348,1932,-1584
123000240,59,254,-195
123000241,836,139,697
123000242,72,205,-133
123000243,342,981,-639
123000244,608,485,123
123000245,76,156,-80
123000249,286,647,-361
123000252,517,146,371
123000253,473,283,190
123000254,423,953,-530
123000255,632,582,50
123000256,33,228,-195
123000257,3441,2192,1249
123000258,782,1054,-272
123000259,124,353,-229
123000260,267,618,-351
123000261,82,239,-157
123000262,82,301,-219
123000263,219,90,129
123000264,184,45,139
123000265,66,217,-151
123000266,359,582,-223
123000267,263,241,22
123000268,21,81,-60
123000269,30,27,3
123000270,33,20,13
123000271,49,91,-42
123000272,731,230,501
123000273,161,440,-279
123000274,1030,272,758
123000275,212,1005,-793
123000278,2933,2336,597
123000279,60,92,-32
123000280,211,337,-126
123000281,180,58,122
123000282,65,214,-149
123000283,87,25,62
123000284,44,156,-112
123000286,246,206,40
123000287,484,192,292
123000288,750,394,356
123000289,363,561,-198
123000291,330,713,-383
123000294,164,237,-73
123000295,554,974,-420
123000296,208,450,-242
123000297,188,972,-784
123000298,284,730,-446
123000299,25,283,-258
123000300,554,558,-4
123000301,62,149,-87
123000302,62,273,-211
123000303,77,130,-53
123000305,755,715,40
123000306,63,265,-202
123000309,33,66,-33
123000310,47,22,25
123000311,0,107,-107
123000312,748,910,-162
123000313,212,293,-81
123000315,99,440,-341
123000316,1652,64,1588
123000317,181,45,136
123000318,29,262,-233
123000329,3,6,-3
123000337,155,244,-89
123000338,520,86,434
123000339,67,247,-180
123000340,96,351,-255
123000342,7,189,-182
123000343,64,2,62
123000344,1069,436,633
123000345,253,579,-326
123000346,184,66,118
123000352,2090,681,1409
123000353,12,121,-109
123000354,109,3,106
123000355,1,432,-431
123000356,99,4,95
123000357,1,304,-303
123000359,0,250,-250
123000360,131,24,107
123000361,588,273,315
123000362,143,130,13
123000363,69,175,-106
123000364,364,258,106
123000365,15,262,-247
123000366,244,1130,-886
123000367,223,1013,-790
123000370,34,421,-387
123000371,113,9,104
123000372,104,12,92
123000373,7,463,-456
123000374,11,236,-225
123000375,118,20,98
123000376,519,484,35
123000377,195,9,186
123000378,11,500,-489
123000379,0,228,-228
123000380,44,181,-137
123000381,143,26,117
123000382,1019,34,985
123000383,278,627,-349
123000384,491,59,432
123000385,370,713,-343
123000436,31,636,-605
123000507,110,299,-189
123000508,101,309,-208
123000517,283,22,261
123000518,26,288,-262
123000519,107,91,16
123000520,57,207,-150
123000521,228,115,113
123000522,143,538,-395
123000541,1,0,1
123000542,0,26,-26
123000565,208,17,191
123000566,60,909,-849
123000567,116,239,-123
123000573,36,1021,-985
123000574,241,49,192
123000575,963,1439,-476
123000576,476,1998,-1522
123000577,75,517,-442
123000578,598,76,522
123000579,5626,2402,3224
123000580,78,6,72
123000582,178,28,150
123000583,9,544,-535
123000584,88,193,-105
123000585,1,122,-121
123000586,74,0,74
123000596,92,124,-32
123000597,58,78,-20
123000602,13,0,13
123000603,199,780,-581
123000604,350,1344,-994
123000605,606,127,479
123000606,2,170,-168
123000609,21,294,-273
123000610,125,76,49
123000613,34,172,-138
123000614,135,46,89
123000615,27,295,-268
123000616,220,38,182
123000617,51,548,-497
123000618,107,658,-551
123000619,405,16,389
123000620,12,577,-565
123000622,212,14,198
123000624,83,101,-18
123000630,404,342,62
123000631,178,2214,-2036
123000632,1031,1188,-157
123000633,1,199,-198
123000634,63,58,5
123000635,266,96,170
123000636,8,612,-604
123000637,101,62,39
123000638,266,116,150
123000639,1008,1822,-814
123000640,58,1150,-1092
123000648,132,66,66
123000649,13,693,-680
123900001,1386,47,1339
123900002,14,941,-927
123900003,338,698,-360
123900005,123,88,35
123900006,151,36,115
124000001,1244,104,1140
124000002,98,1774,-1676
124000003,328,167,161
124000004,54,637,-583
124000005,561,217,344
124000006,250,1497,-1247
124000007,532,88,444
124000008,5,468,-463
124000009,196,340,-144
124000010,112,523,-411
124000011,655,306,349
124000012,276,1038,-762
124000017,81,87,-6
124000018,106,102,4
124000019,81,74,7
124000020,54,223,-169
124000021,66,73,-7
124000022,74,257,-183
124000023,994,1046,-52
124000024,950,677,273
124000025,957,977,-20
124000026,1031,966,65
124000027,4743,3017,1726
124000028,3095,3379,-284
124000030,3427,1225,2202
124000031,598,881,-283
124000032,4654,800,3854
124000033,435,375,60
124000034,3094,957,2137
124000035,128,94,34
124000036,134,578,-444
124000037,367,410,-43
124000038,36,118,-82
124000039,815,240,575
124000040,631,596,35
124000041,171,56,115
124000042,71,354,-283
124000043,39,60,-21
124000044,57,305,-248
124000045,364,448,-84
124000046,182,864,-682
124000047,732,796,-64
124000048,540,2159,-1619
124000049,847,515,332
124000050,479,2602,-2123
124000051,316,402,-86
124000052,383,1449,-1066
124000053,306,767,-461
124000054,777,664,113
124000055,985,1095,-110
124000056,3940,1366,2574
124000057,499,437,62
124000058,277,1532,-1255
124000059,332,530,-198
124000060,812,944,-132
124000061,1171,2501,-1330
124000062,8768,1727,7041
124000063,1320,1506,-186
124000064,2517,1735,782
124000065,163,209,-46
124000066,353,50,303
124000067,70,280,-210
124000068,26,105,-79
124000069,278,284,-6
124000070,140,588,-448
124000071,78,87,-9
124000072,126,542,-416
124000073,548,91,457
124000074,241,954,-713
124000075,94,32,62
124000076,3,264,-261
124000077,1574,732,842
124000078,1719,469,1250
124000079,519,920,-401
124000080,189,123,66
124000081,129,813,-684
124000082,9,95,-86
124000083,19,152,-133
124000084,62,245,-183
124000085,81,41,40
124000086,33,66,-33
124000087,108,39,69
124000088,153,394,-241
124000089,367,366,1
124000090,91,446,-355
124000091,329,144,185
124000092,108,829,-721
124000093,98,64,34
124000094,145,372,-227
124000095,55,47,8
124000096,78,304,-226
124000097,29,47,-18
124000098,24,118,-94
124000099,105,104,1
124000100,28,156,-128
124000101,43,90,-47
124000102,88,94,-6
124000103,43,81,-38
124000104,106,110,-4
124000105,40,32,8
124000106,90,125,-35
124000107,16,91,-75
124000108,62,46,16
124000109,74,63,11
124000110,132,98,34
124000111,132,105,27
124000112,401,677,-276
124000113,36,69,-33
124000114,179,583,-404
124000115,266,856,-590
124000116,59,89,-30
124000117,62,95,-33
124000118,19,44,-25
124000119,705,595,110
124000120,404,518,-114
124000121,1725,458,1267
124000122,550,973,-423
124000123,575,270,305
124000124,471,812,-341
124000125,289,292,-3
124000126,298,425,-127
124000127,514,298,216
124000128,498,807,-309
124000129,1581,1065,516
124000130,653,527,126
124000131,725,422,303
124000132,697,646,51
124000133,554,644,-90
124000134,603,625,-22
124000135,1199,1245,-46
124000136,865,951,-86
124000137,922,509,413
124000138,1280,892,388
124000139,347,29,318
124000140,23,359,-336
124000141,215,11,204
124000142,15,394,-379
124000143,20,9,11
124000144,3,137,-134
124000145,22,15,7
124000146,11,136,-125
124000148,1,37,-36
124000149,589,214,375
124000150,241,473,-232
124000151,485,206,279
124000152,596,1069,-473
124000153,491,414,77
124000154,530,752,-222
124000155,985,536,449
124000156,1309,894,415
124000169,141,234,-93
124000170,688,427,261
124000171,150,200,-50
124000172,298,650,-352
124000173,203,259,-56
124000174,218,851,-633
124000175,8,132,-124
124000176,23,6,17
124000177,8,38,-30
124000178,10,20,-10
124000190,156,45,111
124000191,488,73,415
124000192,2605,271,2334
124000193,613,1292,-679
124000194,355,459,-104
124000195,177,459,-282
124000196,830,1135,-305
124000197,25,50,-25
124000198,8,31,-23
124000201,312,1185,-873
124000202,349,165,184
124000203,103,1107,-1004
124000204,276,608,-332
124000205,36,756,-720
124000206,183,449,-266
124000207,0,52,-52
124000209,187,703,-516
124000210,128,236,-108
124000211,142,3,139
124000212,0,616,-616
124000213,194,370,-176
124000214,152,920,-768
124000215,120,17,103
124000216,7,578,-571
124000329,80,2734,-2654
124000338,50,1493,-1443
124000339,222,135,87
124000341,406,100,306
124000344,108,73,35
124000357,631,1451,-820
124000358,558,885,-327
124000359,660,399,261
124000360,312,278,34
124000361,978,644,334
124000362,1618,2540,-922
124000363,235,454,-219
124000364,431,896,-465
124000365,582,1164,-582
124000366,1858,845,1013
124000367,118,610,-492
124000368,290,167,123
124000369,87,67,20
124000370,76,845,-769
124000402,22,2,20
124000403,53,6,47
124000404,7,82,-75
124000405,728,549,179
124000406,866,614,252
124000407,2,29,-27
124000411,4,436,-432
124000412,177,13,164
124000413,305,43,262
124000414,48,102,-54
124000415,35,219,-184
124000416,94,452,-358
124000417,94,102,-8
124000418,88,74,14
124000419,76,217,-141
124000420,29,79,-50
124000421,30,353,-323
124000422,17,10,7
124000423,76,43,33
124000424,2,204,-202
124000425,36,32,4
124000426,7,304,-297
124000427,40,19,21
124000428,18,57,-39
124000429,24,60,-36
124000430,406,606,-200
124000431,162,722,-560
124000432,105,700,-595
124000439,0,13,-13
124000443,0,6,-6
124000445,206,605,-399
124000446,2875,95,2780
124900001,295,308,-13
124900002,94,437,-343
124900003,480,540,-60
124900004,261,355,-94
124900005,174,291,-117
124900006,497,390,107
124900008,1029,373,656
124900009,111,142,-31
124900010,100,28,72
124900011,234,82,152
124900012,229,77,152
124900013,245,114,131
124900014,79,91,-12
124900015,106,118,-12
124900016,37,64,-27
124900017,470,326,144
124900018,17,2,15
124900020,36,44,-8
124900021,93,30,63
124900022,19,7,12
124900024,109,4,105
124900026,59,15,44
124900027,36,191,-155
124900028,582,99,483
124900029,14,299,-285
124900030,0,107,-107
124900031,25,401,-376
124900032,227,147,80
124900033,37,409,-372
124900034,1,117,-116
124900035,133,448,-315
124900036,0,37,-37
124900037,117,333,-216
124900038,253,400,-147
124900039,2,28,-26
124900040,35,73,-38
124900041,173,1416,-1243
124900042,31,1,30
124900043,314,1252,-938
124900044,25,2,23
124900045,553,848,-295
124900046,1208,171,1037
124900047,116,183,-67
124900048,126,168,-42
124900050,121,325,-204
124900052,71,371,-300
124900053,49,363,-314
124900054,3461,270,3191
124900055,0,121,-121
124900057,10,94,-84
124900060,45,233,-188
124900061,38,7,31
124900062,39,15,24
124900066,0,16,-16
124900067,3,147,-144
124900068,178,214,-36
124900070,28,17,11
124900072,51,20,31
124900075,112,230,-118
124900076,19,472,-453
124900077,18,117,-99
124900078,42,12,30
124900079,684,55,629
124900080,185,868,-683
124900081,510,212,298
124900082,342,1176,-834
124900083,172,589,-417
124900085,1207,190,1017
124900086,42,696,-654
124900087,550,76,474
124900088,608,93,515
124900089,1328,17,1311
124900090,146,167,-21
124900091,161,672,-511
124900092,173,450,-277
124900093,142,172,-30
124900094,128,211,-83
124900095,84,325,-241
124900096,436,114,322
124900097,143,39,104
124900098,95,397,-302
124900099,542,295,247
124900100,268,20,248
124900101,10,360,-350
124900102,88,8,80
124900103,84,324,-240
124900104,30,161,-131
124900105,56,178,-122
124900106,226,24,202
124900107,31,6,25
124900108,123,21,102
124900111,3,57,-54
124900112,26,819,-793
124900113,66,102,-36
124900114,145,36,109
124900115,34,20,14
124900116,69,66,3
124900117,662,94,568
124900118,153,128,25
124900119,218,99,119
124900120,33,398,-365
124900121,107,158,-51
124900122,586,210,376
124900123,412,47,365
124900124,155,173,-18
204000001,29,14,15
204000002,11,20,-9
204000003,23,4,19
204000004,2,1,1
204000005,344,310,34
204000006,686,902,-216
204000011,11,48,-37
204000012,38,96,-58
204000019,412,494,-82
204000020,279,766,-487
204000021,1713,766,947
204000022,390,413,-23
204000023,377,1102,-725
204000031,82,29,53
204000032,464,47,417
204000034,18,298,-280
204000035,1,3,-2
204000036,4,24,-20
204000037,2,11,-9
204000038,3,25,-22
204000039,3,49,-46
204000040,2,40,-38
204000041,4,57,-53
204000042,21,12,9
204000043,24,4,20
204000044,19,5,14
204000045,34,10,24
204000046,16,4,12
204000057,6,39,-33
204000062,8,122,-114
204000068,17,150,-133
204000069,15,181,-166
204000070,21,61,-40
204000080,18,55,-37
204000085,1149,1444,-295
204000086,2743,1683,1060
204000087,37,12,25
204000088,6,60,-54
204000090,8,392,-384
204000093,107,65,42
204000096,563,594,-31
204000097,176,33,143
204000099,667,1093,-426
204000100,671,855,-184
204000105,1781,1509,272
204000110,501,970,-469
204000111,205,721,-516
204000112,462,911,-449
204000113,292,871,-579
204000114,445,437,8
204000115,276,302,-26
204000116,371,480,-109
204000119,1303,1598,-295
204000132,316,172,144
204000133,430,227,203
204000134,103,132,-29
204000135,259,74,185
204000136,225,177,48
204000138,156,181,-25
204000140,112,73,39
204000141,66,61,5
204000144,0,24,-24
204000145,373,27,346
204000146,31,384,-353
204000147,10,126,-116
204000148,148,38,110
204000154,2,0,2
204000155,0,6,-6
204000177,118,50,68
204000179,5,10,-5
204000180,0,56,-56
204000222,3,34,-31
204000235,8,9,-1
204000236,62,358,-296
204000238,10,31,-21
204000240,239,56,183
204000263,464,1232,-768
204000268,779,437,342
204000308,169,25,144
204000317,5,85,-80
204000322,4,35,-31
204000323,17,7,10
204000328,153,88,65
204000329,100,100,0
204000330,135,50,85
204000331,26,151,-125
205000001,1010,1241,-231
205000013,14,78,-64
205000014,14,97,-83
205000015,40,189,-149
205000016,13,194,-181
205000017,20,80,-60
205000022,217,515,-298
205000025,1118,766,352
205000029,144,6,138
205000045,109,190,-81
205000046,54,537,-483
205000047,52,516,-464
205000048,159,1091,-932
205000049,147,718,-571
205000050,1177,281,896
205000059,0,270,-270
205000060,1,70,-69
205000061,3,103,-100
205000062,4,99,-95
205000063,12,54,-42
205000064,20,96,-76
205000065,90,671,-581
205000066,93,718,-625
205000067,29,880,-851
205000069,168,16,152
205000082,113,265,-152
205000110,53,191,-138
205000111,166,231,-65
205000112,66,120,-54
205000113,158,230,-72
205000121,161,48,113
205000123,45,174,-129
205000126,286,114,172
205000127,514,165,349
205000128,350,66,284
205000129,445,71,374
205000130,199,33,166
205000131,354,11,343
205000132,386,2,384
205000133,263,1,262
205000134,132,0,132
205000137,74,117,-43
205000138,215,313,-98
205000139,16,75,-59
205000144,63,39,24
205000145,275,147,128
205000151,90,37,53
205000152,91,20,71
205000153,129,33,96
205000154,43,60,-17
205000155,42,11,31
205000207,2,125,-123
205000233,14,2,12
205000234,0,0,0
205000243,0,0,0
205000244,0,2,-2
205000245,16,274,-258
205000249,0,32,-32
205000250,1,0,1
205000264,3,89,-86
206000027,10,1,9
206000028,2,1,1
206000043,14,149,-135
206000053,3,11,-8
206000054,2,47,-45
206000055,2,18,-16
206000075,5,6,-1
206000076,13,4,9
206000077,7,7,0
206000078,11,4,7
206000079,22,4,18
206000082,384,8,376
206000100,42,610,-568
206000103,4,7,-3
206000104,10,19,-9
206000105,4,36,-32
206000106,6,23,-17
206000108,405,22,383
206000125,41,0,41
206000157,65,710,-645
206000170,1,317,-316
206000171,7,281,-274
206000172,9,1414,-1405
206000173,5,420,-415
206000174,3,211,-208
206000175,4,255,-251
206000176,18,478,-460
206000177,4,308,-304
206000178,3,257,-254
206000179,5,110,-105
206000180,14,289,-275
206000181,19,475,-456
206000182,22,475,-453
206000183,15,1365,-1350
206000184,5,543,-538
206000185,11,465,-454
206000186,94,2073,-1979
206000223,3,331,-328
206000226,9,7,2
206000227,23,0,23
206000237,20,440,-420
206000238,25,767,-742
206000239,623,2410,-1787
206000240,1,49,-48
206000241,1,168,-167
206000242,8,678,-670
206000243,8,546,-538
206000244,48,1281,-1233
206000245,301,37,264
206000246,44,6,38
206000247,53,8,45
206000248,128,16,112
206000252,49,14,35
206000258,21,45,-24
206000315,21,2,19
206000317,199,72,127
206000318,110,30,80
206000319,354,62,292
206000320,39,20,19
206000321,45,10,35
206000322,136,4,132
206000323,74,3,71
206000324,41,6,35
206000325,86,5,81
206000326,73,10,63
206000327,135,4,131
206000328,34,3,31
206000329,62,3,59
206000330,19,6,13
206000331,94,6,88
206000332,14,4,10
206000333,184,3,181
206000334,99,1,98
206000335,0,23,-23
206000361,2,210,-208
206000392,2,35,-33
206000405,108,2,106
206000441,10,22,-12
206000498,34,1,33
206000515,98,16,82
206000530,87,33,54
206000531,84,36,48
206000532,3138,64,3074
206000535,434,2165,-1731
206000536,22,291,-269
206000537,4,188,-184
206000613,1143,148,995
207000001,149,441,-292
207000002,68,340,-272
207000003,66,195,-129
207000007,428,228,200
207000008,23,8,15
207000009,54,48,6
207000010,459,755,-296
207000012,199,159,40
207000015,393,1905,-1512
207000019,122,62,60
207000021,445,134,311
207000022,104,70,34
207000023,98,23,75
207000024,0,12,-12
207000025,11,40,-29
207000026,83,39,44
207000027,17,76,-59
207000028,89,252,-163
207000029,270,466,-196
207000033,200,198,2
207000034,189,49,140
207000039,181,117,64
207000040,116,87,29
207000041,20,35,-15
207000042,154,54,100
207000043,109,172,-63
207000051,96,478,-382
207000052,13,301,-288
207000053,437,698,-261
207000054,19,154,-135
207000055,84,206,-122
207000056,239,497,-258
207000057,111,342,-231
207000058,80,541,-461
207000059,51,974,-923
207000060,34,324,-290
207000061,88,157,-69
207000062,114,44,70
207000063,151,128,23
207000064,242,183,59
207000065,208,217,-9
207000066,77,177,-100
207000067,27,111,-84
207000068,100,75,25
207000069,534,356,178
207000082,54,397,-343
207000083,66,506,-440
207000084,119,149,-30
207000085,126,20,106
207000086,105,3,102
207000106,26,30,-4
207000107,31,24,7
207000108,31,9,22
207000109,26,9,17
207000110,41,40,1
207000111,73,78,-5
207000112,151,240,-89
207000114,22,27,-5
207000115,11,70,-59
207000116,6,338,-332
207000117,9,108,-99
207000118,6,75,-69
207000119,16,115,-99
207000123,152,10,142
207000124,63,24,39
207000125,31,31,0
207000126,35,34,1
207000134,24,256,-232
207000135,27,342,-315
207000148,28,124,-96
207000149,60,40,20
207000152,156,358,-202
207000153,1104,947,157
207000154,515,134,381
207000159,70,413,-343
207000160,97,851,-754
207000238,0,94,-94
207000242,5,179,-174
207000248,26,13,13
207000249,149,83,66
207000250,797,80,717
207000251,67,55,12
207000252,41,69,-28
207000278,22,57,-35
207000279,11,293,-282
207000280,164,62,102
207000281,73,1423,-1350
207000282,128,21,107
207000283,92,256,-164
207000284,39,63,-24
207000285,128,28,100
207000291,8,120,-112
207000304,62,35,27
207000306,46,439,-393
207000310,41,56,-15
207000353,144,3,141
207000356,9,16,-7
207000357,6,3,3
207000358,28,7,21
207000415,3,198,-195
207000417,11,2,9
207000418,68,153,-85
207000438,0,2,-2
207000439,1013,329,684
207000446,157,0,157
207000460,2,8,-6
207000466,131,204,-73
207000467,84,81,3
207000468,26,778,-752
207000476,2,90,-88
207000477,278,110,168
207000478,9,11,-2
207000523,0,13,-13
207000524,20,1,19
207000527,63,104,-41
207000530,170,11,159
207000531,159,9,150
207000532,74,6,68
207000534,542,23,519
207000535,43,203,-160
207000537,31,126,-95
207000540,8,187,-179
207000541,0,292,-292
207000548,6,343,-337
207000549,119,10,109
207000561,53,99,-46
207000562,22,233,-211
207000567,139,286,-147
207000568,58,113,-55
207000569,137,1297,-1160
207000584,438,148,290
207000585,65,167,-102
207000587,23,10,13
207000616,2,281,-279
207000617,85,0,85
207000624,50,38,12
207000631,0,29,-29
207900008,93,276,-183
208000001,277,548,-271
208000002,338,494,-156
208000003,580,552,28
208000004,709,645,64
208000005,22,23,-1
208000019,351,753,-402
208000020,157,361,-204
208000021,116,522,-406
208000022,517,798,-281
208000028,926,603,323
208000033,298,707,-409
208000034,862,1775,-913
208000037,342,47,295
208000040,44,135,-91
208000041,703,382,321
208000042,450,433,17
208000047,62,423,-361
208000064,2320,1115,1205
208000066,1210,746,464
208000070,198,352,-154
208000071,251,740,-489
208000072,227,1092,-865
208000080,139,302,-163
208000081,187,168,19
208000082,219,338,-119
208000083,84,365,-281
208000084,17,11,6
208000085,779,514,265
208000086,401,819,-418
208000087,228,723,-495
208000089,661,722,-61
208000090,478,1098,-620
208000093,57,112,-55
208000094,250,539,-289
208000095,367,355,12
208000104,707,811,-104
208000105,375,995,-620
208000114,49,118,-69
208000115,415,311,104
208000116,184,756,-572
208000117,65,114,-49
208000118,55,113,-58
208000155,394,875,-481
208000158,1431,2454,-1023
208000186,2826,1943,883
208000204,308,884,-576
208000205,670,1241,-571
208000282,3427,1406,2021
209000004,117,142,-25
209000005,17,20,-3
209000006,547,79,468
209000007,207,191,16
209000010,460,136,324
209000011,147,191,-44
209000012,80,208,-128
209000013,135,569,-434
209000014,616,1567,-951
209000025,135,28,107
209000026,390,75,315
209000027,259,990,-731
209000028,253,1019,-766
209000029,549,930,-381
209000030,473,1653,-1180
209000031,3600,2590,1010
209000034,95,156,-61
209000035,84,94,-10
209000036,105,75,30
209000037,124,174,-50
209000038,62,127,-65
209000039,42,125,-83
209000040,224,435,-211
209000041,165,383,-218
209000042,153,289,-136
209000043,552,530,22
209000044,155,476,-321
209000045,749,412,337
209000046,238,463,-225
209000047,165,171,-6
209000048,270,190,80
209000049,107,176,-69
209000050,145,214,-69
209000051,266,474,-208
209000052,137,453,-316
209000062,25,177,-152
209000063,19,140,-121
209000064,27,168,-141
209000065,16,19,-3
209000066,27,32,-5
209000067,31,61,-30
209000080,14,148,-134
209000082,44,45,-1
209000091,23,92,-69
209000093,78,42,36
209000094,172,156,16
209000110,21,48,-27
209000111,288,860,-572
209000112,525,348,177
209000113,965,357,608
209000114,207,296,-89
209000115,69,244,-175
209000116,947,710,237
209000118,14,29,-15
209000119,34,12,22
209000121,164,716,-552
209000135,65,60,5
209000142,551,719,-168
209000143,98,66,32
209000144,58,59,-1
209000229,144,192,-48
209000240,23,410,-387
209000259,70,134,-64
209000260,47,881,-834
209000261,7,515,-508
209000262,1,502,-501
209000263,0,125,-125
209000264,1,60,-59
209000265,292,1,291
209000266,45,0,45
209000267,380,5,375
209000268,354,22,332
210000037,41,26,15
210000047,30,23,7
210000048,34,39,-5
210000049,49,26,23
210000052,17,168,-151
210000053,14,94,-80
210000054,24,76,-52
210000070,30,1,29
210000071,27,0,27
210000072,4,0,4
210000073,0,26,-26
210000074,1,68,-67
210000075,1,40,-39
210000076,6,102,-96
210000077,28,19,9
210000078,32,36,-4
210000079,55,11,44
210000080,127,44,83
210000081,122,7,115
210000082,45,0,45
210000083,63,0,63
210000084,27,0,27
210000085,1,79,-78
210000086,2,91,-89
210000099,31,205,-174
210000100,28,222,-194
210000101,23,223,-200
210000105,23,169,-146
210000159,1,109,-108
210000163,199,242,-43
210000164,359,122,237
210000168,139,17,122
210000187,0,8,-8
210000188,0,10,-10
210000214,144,0,144
210000219,26,53,-27
210000220,23,99,-76
210000232,0,16,-16
210000233,15,42,-27
210000234,20,143,-123
210000235,18,125,-107
210000245,10,21,-11
210000246,36,1,35
210000258,6,65,-59
210000259,144,26,118
210000282,52,155,-103
210000285,1,94,-93
210000286,13,133,-120
210000290,1,4,-3
210000295,13,164,-151
210000296,41,77,-36
210000320,114,159,-45
210000321,86,82,4
210000338,58,93,-35
210000339,397,683,-286
210000340,78,223,-145
210000341,150,234,-84
210000342,93,160,-67
210000343,153,181,-28
210000344,210,84,126
210000345,177,154,23
210000346,73,108,-35
210000347,148,37,111
210000348,121,18,103
210000349,121,41,80
210000350,64,45,19
210000351,79,88,-9
210000352,47,110,-63
210000353,26,133,-107
210000354,47,124,-77
210000355,36,80,-44
210000356,85,56,29
210000357,53,72,-19
210000358,357,93,264
210000359,121,51,70
210000360,130,102,28
210000361,136,144,-8
210000362,144,168,-24
210000363,743,119,624
210000364,75,94,-19
210000365,64,40,24
210000366,93,42,51
210000367,53,31,22
210000368,91,16,75
210000369,12,26,-14
210000370,63,57,6
210000372,32,31,1
210000373,105,7,98
210000374,48,16,32
210000375,16,104,-88
210000376,45,136,-91
210000404,85,110,-25
210000439,45,57,-12
210000472,93,4,89
210000482,49,45,4
210000564,397,122,275
210000567,0,12,-12
210000568,578,3,575
211000092,20,57,-37
211000094,10,11,-1
211000169,169,4,165
211000172,2,208,-206
211000209,2,9,-7
211000226,10,41,-31
211000270,9,10,-1
211000275,11,28,-17
211000276,49,29,20
211000279,9,64,-55
211000281,11,88,-77
211507980,0,22,-22
211977296,15,1,14
212000003,109,49,60
212000004,62,28,34
212000005,24,8,16
212000006,26,77,-51
212000008,81,222,-141
212000009,8,135,-127
212000012,35,55,-20
212000013,8,41,-33
212000014,173,158,15
212000015,204,209,-5
212000016,299,526,-227
212000027,305,416,-111
212000028,181,319,-138
212000029,158,235,-77
212000030,13,32,-19
212000031,31,65,-34
212000048,22,81,-59
212000049,9,52,-43
212000050,18,6,12
212000051,110,204,-94
212000052,138,391,-253
212000053,249,532,-283
212000054,88,114,-26
212000055,142,228,-86
212000056,2,40,-38
212000057,4,25,-21
212000058,321,34,287
212000070,73,298,-225
212000077,72,667,-595
212000099,139,212,-73
212000108,157,233,-76
212000111,90,122,-32
212000120,107,102,5
212000138,71,13,58
212000156,1,83,-82
212000158,5,7,-2
212000159,169,39,130
212000160,259,157,102
212000161,22,9,13
212000310,16,19,-3
212000311,5,110,-105
212000374,16,2,14
213000001,23,712,-689
213000005,211,82,129
213000006,876,156,720
213000007,56,10,46
213000009,430,206,224
213000010,135,169,-34
213000011,193,99,94
213000012,101,487,-386
213000014,30,18,12
213000015,123,5,118
213000016,191,2,189
213000017,12,1,11
213000018,1,193,-192
213000019,2,194,-192
213000020,75,404,-329
213000021,5,138,-133
213000023,188,187,1
213000033,196,779,-583
213000034,418,308,110
213000035,69,152,-83
213000045,101,266,-165
213000046,127,158,-31
213000047,447,641,-194
213000056,56,15,41
213000069,46,1,45
213000073,0,20,-20
213000074,239,674,-435
213000075,361,12,349
213000076,24,0,24
213000085,6,39,-33
213000086,9,263,-254
213000091,104,14,90
213000092,53,11,42
213000099,146,841,-695
213000100,1017,208,809
213000101,158,137,21
213000102,171,424,-253
213000103,570,859,-289
213000104,46,523,-477
213000105,0,73,-73
213000106,11,192,-181
213000107,90,836,-746
213000108,9,610,-601
213000109,4,319,-315
213000110,19,81,-62
213000111,16,72,-56
213000112,170,130,40
213000115,24,5,19
213000116,113,911,-798
213000117,11,1273,-1262
213000118,260,331,-71
213000119,71,960,-889
213000120,110,1020,-910
213000122,244,972,-728
213000123,709,1866,-1157
213000124,73,1771,-1698
213000125,118,11,107
213000126,100,60,40
213000127,173,102,71
213000128,819,618,201
213000129,536,271,265
213000130,225,152,73
213000132,153,51,102
213000133,192,78,114
213000134,602,33,569
213000136,273,4,269
213000137,357,63,294
213000139,328,8,320
213000147,24,3,21
213000148,16,6,10
213000149,21,4,17
213000150,0,58,-58
213000151,0,76,-76
213000152,0,59,-59
213000153,1,44,-43
213000154,13,222,-209
213000155,24,393,-369
213000156,79,689,-610
213000157,671,603,68
213000158,285,691,-406
213000159,369,652,-283
213000163,344,109,235
213000165,688,177,511
213000171,0,152,-152
213000172,1,460,-459
213000173,2,329,-327
213000174,0,210,-210
213000175,7,158,-151
213000176,17,15,2
213000177,21,1,20
213000178,78,0,78
213000179,108,0,108
213000180,40,1,39
213000184,60,509,-449
213000188,228,75,153
213000189,150,27,123
213000190,614,752,-138
213000191,124,592,-468
213000192,137,749,-612
213000193,1746,209,1537
213000194,0,24,-24
213000195,14,489,-475
213000196,165,873,-708
213000197,211,337,-126
213000198,10,1,9
213000200,91,1107,-1016
213000201,123,41,82
213000202,15,916,-901
213000203,2936,371,2565
213000204,489,31,458
213000205,151,24,127
213000206,190,38,152
213000207,57,10,47
213000208,148,1,147
213000209,54,2,52
213000210,298,1,297
213000211,12,7,5
213000212,8,21,-13
213000213,2,32,-30
213000218,109,1096,-987
213000219,322,11,311
213000220,289,21,268
213000223,156,120,36
213000224,29,16,13
213000225,42,3,39
213000226,30,6,24
213000227,412,160,252
213000228,164,44,120
213000229,413,20,393
213000230,188,17,171
213000232,94,505,-411
213000233,1,19,-18
213000234,14,34,-20
213000293,10,68,-58
213000294,115,14,101
213000295,8,39,-31
213000296,58,24,34
213000297,10,90,-80
213000298,17,116,-99
213000299,42,27,15
213000300,5,3,2
213000303,7,26,-19
213000304,1,5,-4
213000305,1,10,-9
213000306,70,28,42
213000307,235,77,158
213000308,91,322,-231
213000309,153,53,100
213000310,174,89,85
213000311,305,661,-356
213000315,67,169,-102
213000316,56,46,10
213000322,83,158,-75
213000323,23,107,-84
213000324,22,60,-38
213000325,9,107,-98
213000326,18,21,-3
213000327,5,66,-61
213000328,21,63,-42
213000329,32,31,1
213000340,97,1198,-1101
213000341,170,69,101
213000346,198,110,88
213000347,840,128,712
213000348,7,216,-209
213000349,74,16,58
213000350,233,1830,-1597
213000366,34,334,-300
213000367,118,15,103
213000379,111,297,-186
213000386,8,201,-193
213000406,93,355,-262
213000417,827,369,458
213000425,73,63,10
213000426,33,101,-68
213000427,19,441,-422
213000428,41,300,-259
213000429,3,1,2
213000430,148,1237,-1089
213000431,18,0,18
213000432,0,19,-19
213000433,9,152,-143
213000434,42,92,-50
213000435,80,68,12
213000436,9,88,-79
213000437,0,25,-25
213000438,83,70,13
213000439,16,8,8
213000440,7,193,-186
213000441,0,1,-1
213000442,0,27,-27
213000443,334,345,-11
213000444,23,49,-26
213000445,0,131,-131
213000446,0,8,-8
213000447,3,15,-12
213000448,3,73,-70
213000449,132,3,129
213000450,11,55,-44
213000451,148,63,85
213000452,3,18,-15
213000453,42,354,-312
213000455,234,0,234
213000456,2,176,-174
213000481,14,10,4
213000482,46,3,43
213000489,440,46,394
213000491,1,91,-90
213000492,188,2,186
213000493,1,66,-65
213000494,127,146,-19
213000495,0,123,-123
213000496,259,244,15
213000497,39,442,-403
213000498,92,322,-230
213000499,65,788,-723
213000500,214,111,103
213000501,63,22,41
213000502,148,57,91
213000503,0,55,-55
213000504,14,241,-227
213000505,4,8,-4
213000506,0,8,-8
213000507,3,154,-151
213900244,5,0,5
213900245,0,42,-42
218000003,20,13,7
218000004,28,20,8
218000005,25,15,10
218000006,70,7,63
218000007,5,5,0
218000012,194,75,119
218000013,70,94,-24
218000014,394,349,45
218000019,701,419,282
218000020,212,369,-157
218000021,13,89,-76
218000022,8,54,-46
218000023,2,52,-50
218000024,2,36,-34
218000025,7,23,-16
218000026,6,41,-35
218000027,1,27,-26
218000028,7,7,0
218000029,0,5,-5
218000030,14,27,-13
218000031,1,43,-42
218000032,0,32,-32
218000040,8,1,7
218000046,23,159,-136
218000047,5,216,-211
218000048,72,219,-147
218000049,125,179,-54
218000050,340,285,55
218000051,45,318,-273
218000052,2,125,-123
218000053,9,10,-1
218000054,19,19,0
218000055,11,11,0
218000056,7,17,-10
218000057,2,23,-21
218000064,0,1,-1
218000065,35,61,-26
218000066,5,19,-14
218000067,16,79,-63
218000068,49,59,-10
218000069,62,189,-127
218000070,76,216,-140
218000071,99,210,-111
218000072,182,201,-19
218000078,436,1426,-990
218000079,45,69,-24
218000080,41,53,-12
218000081,173,212,-39
218000082,22,116,-94
218000083,27,80,-53
218000084,43,218,-175
218000085,44,494,-450
218000086,26,200,-174
218000087,147,238,-91
218000090,5,82,-77
218000091,693,381,312
218000092,37,102,-65
218000093,63,82,-19
218000094,410,739,-329
218000099,214,358,-144
218000100,159,239,-80
218000101,102,130,-28
218000102,140,297,-157
218000103,47,217,-170
218000104,32,41,-9
218000105,11,4,7
218000106,21,10,11
218000107,26,112,-86
218000108,1,50,-49
218000112,43,5,38
218000117,15,23,-8
218000134,458,810,-352
218000135,20,107,-87
218000136,159,53,106
218000137,65,141,-76
218000138,4,74,-70
218000139,76,367,-291
218000140,156,180,-24
218000141,23,79,-56
218000142,88,125,-37
218000143,59,154,-95
218000144,10,91,-81
218000145,191,367,-176
218000146,47,118,-71
218000151,1,15,-14
218000152,24,40,-16
218000153,1,6,-5
218000154,0,1,-1
218000155,3,0,3
218000156,17,11,6
218000157,10,4,6
218000158,1,3,-2
218000159,2,0,2
218000160,1,1,0
218000161,4,2,2
218000162,12,2,10
218000163,0,2,-2
218000164,15,12,3
218000165,11,20,-9
218000170,0,34,-34
218000171,19,4,15
218000172,11,8,3
218000173,43,14,29
218000174,10,3,7
218000176,83,20,63
218000177,209,78,131
218000178,58,81,-23
218000179,39,36,3
218000180,19,11,8
218000181,84,20,64
218000187,5,11,-6
218000188,32,50,-18
218000189,12,65,-53
218000190,21,22,-1
218000191,44,69,-25
218000192,108,484,-376
218000193,252,571,-319
218000194,53,482,-429
218000195,94,81,13
218000196,215,253,-38
218000197,101,268,-167
218000198,2,105,-103
218000199,12,29,-17
218000200,60,47,13
218000201,6,6,0
218000202,133,114,19
218000207,6,50,-44
218000208,18,56,-38
218000211,38,3,35
218000212,4,10,-6
218000213,73,61,12
218000214,0,17,-17
218000215,37,77,-40
218000217,4,103,-99
218000218,207,65,142
218000219,27,14,13
218000220,106,283,-177
218000221,552,108,444
218000222,20,17,3
218000223,12,83,-71
218000224,8,61,-53
218000225,99,22,77
218000226,36,42,-6
218000230,0,1,-1
218000232,25,70,-45
218000239,58,1,57
218000240,16,3,13
218000241,12,1,11
218000242,61,1,60
218000243,30,0,30
218000244,2,0,2
218000245,7,3,4
218000246,0,0,0
218000247,0,0,0
218000248,0,28,-28
218000249,0,0,0
218000250,2,10,-8
218000251,3,11,-8
218000252,5,8,-3
218000253,31,4,27
218000254,0,3,-3
218000255,1,6,-5
218000256,3,41,-38
218000267,705,921,-216
218000268,6,66,-60
218000269,8,9,-1
218000270,24,59,-35
218000271,30,74,-44
218000273,20,10,10
218000274,10,10,0
218000275,14,41,-27
218000276,3,46,-43
218000278,9,20,-11
218000279,17,60,-43
218000280,1,22,-21
218000281,12,19,-7
218000282,439,127,312
218000284,124,7,117
218000301,53,83,-30
218000302,53,25,28
218000303,29,55,-26
218000316,512,799,-287
218000317,499,882,-383
218000318,263,714,-451
218000319,517,1713,-1196
218000320,385,746,-361
218000338,24,19,5
218000345,78,44,34
218000346,48,121,-73
218000459,49,330,-281
218000490,22,56,-34
218000501,17,20,-3
218000502,61,98,-37
218000503,42,8,34
218000504,99,10,89
218000505,23,157,-134
218000506,22,151,-129
218000508,0,0,0
218000510,115,1,114
218000520,122,86,36
218000521,4,68,-64
218000522,1,133,-132
218000523,55,1,54
218000524,30,97,-67
218000525,79,10,69
218000526,47,59,-12
218000529,46,333,-287
218000530,1,1,0
218000531,6,12,-6
218000532,4,25,-21
218000534,65,19,46
218000537,15,43,-28
218000538,53,83,-30
218000540,251,63,188
218000543,57,34,23
218000544,32,121,-89
218000545,14,64,-50
218000546,47,138,-91
218000547,40,51,-11
218000548,71,213,-142
218000549,251,113,138
218000550,178,610,-432
218000551,158,281,-123
218000552,427,22,405
218000553,46,76,-30
218000554,11,20,-9
218000555,18,43,-25
218000556,62,442,-380
218000557,159,147,12
218000558,37,1,36
218000559,0,36,-36
218000560,0,10,-10
218000561,11,0,11
218000562,22,170,-148
218000563,113,19,94
218000564,21,97,-76
218000565,129,45,84
218000566,466,24,442
218000567,3,57,-54
218000568,9,4,5
218000569,2,93,-91
218000570,219,7,212
218000571,1,82,-81
218000572,76,0,76
218000573,10,66,-56
218000574,130,42,88
218000575,74,1,73
218000576,1,58,-57
218000577,26,0,26
218000578,1,87,-86
218000579,10,0,10
218000581,3,74,-71
218000582,19,2,17
218000583,0,0,0
218000584,0,27,-27
218000585,14,0,14
218000586,2,37,-35
218000587,1,1,0
218000588,0,0,0
218000589,0,1,-1
218000590,0,0,0
218000591,2,2,0
218000592,4,0,4
218000593,1,0,1
218000594,0,0,0
218000597,0,0,0
218000598,0,0,0
218000599,0,0,0
218000600,0,0,0
218000601,0,0,0
218000602,0,1,-1
218000603,0,3,-3
218000604,4,0,4
218000605,0,12,-12
218000606,23,0,23
218000607,13,27,-14
218000608,38,12,26
218000609,3,45,-42
218000610,21,0,21
218000611,6,2,4
218000612,1,17,-16
218000613,33,2,31
218000614,0,55,-55
218000615,95,0,95
218000616,0,129,-129
218000617,5,1,4
218000618,0,16,-16
218000619,12,31,-19
218000620,2,56,-54
218000621,1,0,1
218000622,0,11,-11
218000623,9,0,9
218000624,0,17,-17
218000625,6,2,4
218000626,0,7,-7
218000628,43,18,25
218000631,23,28,-5
218000632,0,96,-96
218000633,22,0,22
218000634,9,12,-3
218000635,11,2,9
218000636,528,1584,-1056
218000637,442,502,-60
218000638,123,61,62
218000639,13,239,-226
218000640,68,26,42
218000641,64,437,-373
218000652,60,94,-34
218000653,103,44,59
218000663,5,129,-124
218000675,45,52,-7
218000676,0,45,-45
218000677,1,5,-4
218000680,155,649,-494
218000681,268,108,160
218000691,57,485,-428
218000693,72,106,-34
218000703,12,88,-76
218000718,678,296,382
218000719,944,82,862
218000720,9,31,-22
218000721,39,7,32
218000725,3,10,-7
218001147,5,214,-209
218001214,26,3,23
218001258,31,2,29
218001329,91,136,-45
218001330,121,121,0
218001351,23,14,9
218001352,7,21,-14
218001353,12,10,2
218001354,2,23,-21
218001355,17,575,-558
218001356,87,1,86
218001357,38,353,-315
218001358,119,4,115
218001361,91,24,67
218001362,2,400,-398
219000001,29,48,-19
219000002,16,50,-34
219000003,25,21,4
219000004,34,30,4
219000017,86,12,74
219000020,46,19,27
219000022,63,4,59
219000023,53,0,53
219000029,0,64,-64
219000034,11,6,5
219000039,21,46,-25
219000040,27,11,16
219000041,49,37,12
219000051,0,44,-44
219000052,0,32,-32
219000053,1,325,-324
219000054,10,136,-126
219000055,50,0,50
219000056,9,0,9
219000057,35,0,35
219000062,8,351,-343
219000063,33,4,29
219000064,6,50,-44
219000110,188,15,173
219000111,69,9,60
219000112,135,32,103
219000113,95,14,81
219000114,204,24,180
219000116,58,34,24
219000117,101,78,23
219000118,41,63,-22
219000123,193,84,109
219000124,47,50,-3
219000125,4,12,-8
219000126,55,99,-44
219000127,0,3,-3
219000128,18,71,-53
219000129,24,97,-73
219000130,724,784,-60
219000131,742,813,-71
219000133,37,19,18
219000134,6,11,-5
219000135,6,30,-24
219000136,120,91,29
219000138,43,18,25
219000139,24,58,-34
219000140,25,1,24
219000141,11,106,-95
219000142,13,57,-44
219000143,9,68,-59
219000145,14,33,-19
219000146,7,97,-90
219000147,2,58,-56
219000148,1,63,-62
219000149,28,244,-216
219000150,5,141,-136
219000151,4,127,-123
219000157,98,143,-45
219000158,92,214,-122
219000161,125,4,121
219000163,1021,324,697
219000166,54,128,-74
219000167,74,271,-197
219000168,225,59,166
219000174,230,92,138
219000175,20,1,19
219000176,31,8,23
219000177,6,4,2
219000178,15,0,15
219000179,7,4,3
219000180,36,19,17
219000182,54,9,45
219000183,34,39,-5
219000184,50,2,48
219000185,0,75,-75
219000186,17,48,-31
219000187,13,152,-139
219000189,130,87,43
219000190,93,174,-81
219000191,1207,790,417
219000192,110,92,18
219000193,564,105,459
219000195,1,53,-52
219000196,3,129,-126
219000198,20,142,-122
219000199,93,143,-50
219000200,30,161,-131
219000201,65,224,-159
219000203,26,109,-83
219000204,56,183,-127
219000205,28,203,-175
219000207,142,224,-82
219000209,22,102,-80
219000210,62,112,-50
219000213,3,362,-359
219000239,129,233,-104
219000240,124,290,-166
219000241,102,258,-156
219000242,26,239,-213
219000243,73,388,-315
219000244,15,108,-93
219000245,107,28,79
219000246,22,7,15
219000247,54,14,40
219000248,302,155,147
219000249,103,55,48
219000250,85,75,10
219000251,290,105,185
219000252,159,114,45
219000253,135,40,95
219000255,46,65,-19
219000256,58,66,-8
219000257,36,1,35
219000262,37,263,-226
219000263,34,248,-214
219000267,5,178,-173
219000268,6,4,2
219000269,3,0,3
219000270,3,1,2
219000271,56,5,51
219000278,0,13,-13
219000279,0,4,-4
219000283,0,13,-13
219000295,3,116,-113
219000296,57,497,-440
219000297,7,108,-101
219000298,9,194,-185
219000299,349,56,293
219000300,15,301,-286
219000301,201,240,-39
219000302,23,147,-124
219000307,20,36,-16
219000308,36,17,19
219000311,111,33,78
219000312,339,32,307
219000313,149,22,127
219000314,100,486,-386
219000315,140,27,113
219000316,213,25,188
219000317,36,17,19
219000320,0,42,-42
219000321,0,22,-22
219000323,3,105,-102
219000325,1,42,-41
219000326,42,93,-51
219000327,55,37,18
219000328,26,30,-4
219000329,171,63,108
219000330,18,24,-6
219000331,24,26,-2
219000332,38,82,-44
219000333,4,4,0
219000335,46,1,45
219000337,3,0,3
219000338,30,0,30
219000344,15,78,-63
219000345,55,145,-90
219000346,18,162,-144
219000348,58,196,-138
219000349,26,340,-314
219000350,51,82,-31
219000351,8,3,5
219000352,188,44,144
219000353,67,28,39
219000354,84,125,-41
219000355,78,20,58
219000356,1412,453,959
219000363,245,25,220
219000364,57,16,41
219000365,54,10,44
219000366,141,113,28
219000368,255,244,11
219000370,715,159,556
219000371,8,14,-6
219000382,1,13,-12
219000383,609,609,0
219000385,508,455,53
219000386,851,1110,-259
219000387,0,3,-3
219000390,6,1,5
219000391,0,0,0
219000397,61,84,-23
219000398,45,21,24
219000401,6,104,-98
219000402,24,82,-58
219000403,54,112,-58
219000404,16,74,-58
219000407,1,29,-28
219000409,20,28,-8
219000410,43,14,29
219000411,30,17,13
219000446,199,393,-194
219000447,1,23,-22
219000448,10,2,8
219000452,83,34,49
219000453,67,85,-18
219000454,237,150,87
219000556,77,69,8
219000558,77,352,-275
219000590,9,207,-198
219000591,19,35,-16
219000592,66,360,-294
219000595,0,43,-43
219000635,46,19,27
219000636,5,74,-69
219000657,16,16,0
219000658,13,34,-21
219000673,0,5,-5
219000676,7,1,6
219000679,12,8,4
219000684,58,0,58
219000685,1,99,-98
219000686,6,0,6
219000688,1,59,-58
219000689,44,175,-131
219000690,147,9,138
219000691,58,88,-30
219000692,143,18,125
219000693,0,25,-25
219000694,3,0,3
219000695,11,3,8
219000698,4,0,4
219000699,0,13,-13
219000727,1,199,-198
219000728,28,1,27
219000770,17,1,16
219000771,1,45,-44
219000788,248,190,58
219001150,1,13,-12
219001151,0,1,-1
219001166,22,6,16
219001167,0,65,-65
219001178,16,0,16
220000001,20,25,-5
220000002,11,173,-162
220000003,352,250,102
220000004,544,524,20
220000005,1279,1371,-92
220000006,117,679,-562
220000007,233,626,-393
220000008,266,1019,-753
220000009,118,509,-391
220000010,127,139,-12
220000011,557,2040,-1483
220000012,153,229,-76
220000014,62,57,5
220000015,39,176,-137
220000017,64,374,-310
220000018,5015,1336,3679
220000019,61,217,-156
220000020,220,167,53
220000021,407,136,271
220000022,278,486,-208
220000023,115,129,-14
220000024,1179,214,965
220000025,592,361,231
220000026,127,118,9
220000027,8,82,-74
220000028,12,30,-18
220000029,44,148,-104
220000030,182,84,98
220000031,135,219,-84
220000064,16,975,-959
221000046,1,0,1
221000047,0,1,-1
221000048,0,1,-1
221000049,0,11,-11
221000050,9,0,9
221000055,35,26,9
221000057,15,4,11
221000068,240,88,152
221000069,181,32,149
221000070,90,9,81
221000071,55,3,52
221000072,120,7,113
221000073,151,33,118
221000074,3,15,-12
221000075,17,12,5
221000076,5,27,-22
221000077,19,61,-42
221000081,15,2,13
221000082,27,6,21
221000083,38,6,32
221000084,6,2,4
221000085,13,60,-47
221000086,8,132,-124
221000087,2,129,-127
221000088,9,151,-142
221000089,35,242,-207
221000090,90,453,-363
221000098,70,3,67
221000099,83,12,71
221000100,47,3,44
221000101,152,4,148
221000102,58,16,42
221000109,6,74,-68
221000110,11,98,-87
221000111,19,130,-111
221000112,13,114,-101
221000113,18,164,-146
221000114,10,164,-154
221000120,17,23,-6
221000121,2,15,-13
221000122,8,21,-13
221000123,4,24,-20
221000124,22,230,-208
221000155,31,6,25
221000156,20,24,-4
221000175,0,5,-5
221000176,0,2,-2
221000182,24,5,19
221000241,553,165,388
221000242,161,328,-167
221000243,390,72,318
221000244,130,366,-236
221000245,48,91,-43
221000246,15,262,-247
221000247,64,113,-49
221000248,72,188,-116
221000267,47,768,-721
221000325,47,50,-3
221000331,3,68,-65
221000338,4,9,-5
221000378,97,22,75
221000381,46,114,-68
222000282,2,0,2
222000296,0,17,-17
222000568,206,13,193
222000569,86,32,54
222000570,100,5,95
222000571,114,13,101
222000577,9,262,-253
222000578,11,254,-243
222000579,25,169,-144
222000580,92,804,-712
222000599,0,140,-140
222000600,6,319,-313
222000601,9,879,-870
222000603,31,17,14
222000604,20,33,-13
222000605,22,4,18
222000606,0,5,-5
222000607,2,6,-4
222000608,5,18,-13
222000609,27,381,-354
222000616,91,41,50
222000617,2,22,-20
222000618,4,1,3
222000620,48,13,35
222000621,72,13,59
222000623,405,7,398
222000624,193,4,189
222000625,254,50,204
222000636,33,1,32
222000686,14,17,-3
222000687,22,25,-3
222001066,208,2,206
222001067,3,20,-17
222001068,14,37,-23
222001069,13,42,-29
222001082,5,54,-49
222001083,0,73,-73
222001084,1,52,-51
222001085,1,90,-89
222001111,32,290,-258
222001112,13,56,-43
222001313,4,3,1
222001314,0,88,-88
222001464,151,43,108
222001465,47,301,-254
222001484,43,43,0
222001485,27,90,-63
222001494,157,115,42
222001495,110,559,-449
222001496,90,83,7
222001497,54,849,-795
222001502,33,100,-67
222001503,48,38,10
222001504,12,269,-257
222001505,183,8,175
222001506,36,270,-234
222001507,144,27,117
222001510,150,18,132
222001511,28,453,-425
222001514,304,91,213
222001515,200,743,-543
222001518,64,27,37
222001519,34,430,-396
222001527,150,49,101
222001528,69,203,-134
222001529,78,25,53
222001530,34,311,-277
222001533,106,456,-350
222001534,106,35,71
222001535,49,123,-74
222001536,96,486,-390
222001537,205,12,193
222001538,40,536,-496
222001563,212,72,140
222001564,45,890,-845
222001568,155,94,61
222001576,0,1,-1
222001579,0,0,0
222001583,20,250,-230
222001584,35,23,12
222001596,438,1426,-988
222001597,628,180,448
222001626,1,172,-171
222001650,28,72,-44
222001651,42,138,-96
222001914,143,51,92
222001915,62,184,-122
222001968,300,196,104
222001969,401,1036,-635
222001970,98,207,-109
222001971,2,26,-24
222001972,0,27,-27
225000001,238,67,171
225000002,173,54,119
225000003,196,46,150
225000004,159,133,26
225000005,18,31,-13
225000006,0,91,-91
225000007,3288,943,2345
225000010,94,9,85
225000011,478,567,-89
225000012,101,395,-294
225000013,88,114,-26
225000014,561,57,504
225000015,48,196,-148
225000021,429,142,287
225000027,183,508,-325
225000032,426,100,326
225000042,55,637,-582
225000049,20,49,-29
225000050,35,7,28
225000053,2,164,-162
225000058,388,135,253
225000067,130,211,-81
225000068,39,557,-518
225000069,156,565,-409
225000070,45,528,-483
225000071,10,318,-308
225000075,13,671,-658
225000076,61,139,-78
225000078,51,15,36
225000085,12,64,-52
225000086,90,28,62
225000087,92,17,75
225000088,6,136,-130
225000089,296,555,-259
225000090,24,306,-282
225000091,59,217,-158
225000092,35,72,-37
225000093,112,437,-325
225000094,9,476,-467
225000095,287,616,-329
225000096,173,456,-283
225000098,330,83,247
225000099,131,70,61
225000100,70,77,-7
225000104,52,314,-262
225000110,9,378,-369
225000111,149,1068,-919
225000112,191,946,-755
225000113,84,543,-459
225000114,28,237,-209
225000115,2458,485,1973
225000116,691,90,601
225000117,629,239,390
225000118,525,244,281
225000119,74,44,30
225000120,334,38,296
225000121,151,22,129
225000123,552,6,546
225000125,210,295,-85
225000126,886,125,761
225000127,807,396,411
225000128,242,313,-71
225000132,181,26,155
225000133,156,19,137
225000134,411,74,337
225000135,15,8,7
225000136,77,11,66
225000137,79,33,46
225000138,197,34,163
225000143,72,144,-72
225000144,0,266,-266
225000145,13,25,-12
225000146,29,103,-74
225000147,7,301,-294
225000148,12,203,-191
225000149,54,449,-395
225000151,27,214,-187
225000155,204,338,-134
225000156,137,576,-439
225000157,150,349,-199
225000158,59,338,-279
225000171,7,151,-144
225000180,31,12,19
225000181,0,34,-34
225000182,42,3,39
225000185,5,235,-230
225000187,48,319,-271
225000191,47,2,45
225000194,1,2,-1
225000208,0,48,-48
225000209,31,14,17
225000210,4,150,-146
225000217,0,14,-14
225000218,1,2,-1
225000223,1,34,-33
225000224,301,0,301
225000225,0,4,-4
225000226,43,1,42
225000227,25,46,-21
225000228,2,5,-3
225000229,0,61,-61
225000230,4,0,4
225000231,0,74,-74
225000232,34,0,34
225000241,52,0,52
225000242,1,59,-58
225000249,4,0,4
225000250,47,833,-786
225000251,252,20,232
225000256,0,0,0
225000257,0,0,0
226000042,259,324,-65
226000043,61,220,-159
226000044,147,732,-585
226000045,43,391,-348
226000046,271,34,237
226000047,284,49,235
226000048,191,32,159
226000049,142,59,83
226000070,0,47,-47
226000071,0,94,-94
226000072,0,8,-8
226000073,0,15,-15
226000074,0,9,-9
226000084,2,47,-45
226000085,1,2,-1
226000086,0,5,-5
226000087,0,8,-8
226000088,22,12,10
226000090,57,9,48
226000091,23,10,13
226000092,4,1,3
226000093,48,3,45
226000094,20,1,19
226000095,18,3,15
226000105,10,0,10
226000106,1,0,1
226000107,2,0,2
226000108,21,0,21
226000109,37,0,37
226000124,78,57,21
226000134,223,339,-116
226000135,502,431,71
226000136,133,239,-106
226000137,3,366,-363
226000138,5,189,-184
226000139,1,17,-16
226000156,37,2,35
226000157,61,2,59
226000163,23,34,-11
226000202,5,392,-387
226000231,81,6,75
226000232,18,2,16
227000033,222,25,197
227000036,108,17,91
227000037,85,17,68
227000038,106,11,95
227000084,0,42,-42
227000085,0,23,-23
227000088,33,3,30
227000089,45,0,45
227000090,18,0,18
227000091,5,0,5
227000092,8,1,7
227000093,29,1,28
227000094,1,0,1
227000130,23,54,-31
227000131,5,282,-277
227000132,10,268,-258
227000133,12,297,-285
227000134,7,438,-431
227000152,0,0,0
227000153,0,18,-18
227000154,0,28,-28
227000155,1,21,-20
227000156,0,21,-21
227000165,1,16,-15
227000196,92,387,-295
227000199,83,680,-597
227000230,21,540,-519
227000232,101,14,87
227000242,38,451,-413
227000243,225,35,190
227000245,12,362,-350
227000246,70,461,-391
227000247,126,39,87
227000248,94,34,60
227000249,9,187,-178
227000250,227,92,135
227000251,128,329,-201
227000252,12,403,-391
227000253,36,12,24
227000262,157,34,123
227000266,353,22,331
227000267,26,2625,-2599
227000282,8,277,-269
227000284,167,11,156
227000286,3,108,-105
227000287,4,164,-160
227000291,9,749,-740
227000484,262,15,247
227000485,41,819,-778
227000655,27,22,5
227000656,534,27,507
227000657,21,19,2
227000661,171,5,166
227000680,68,25,43
229000265,4,30,-26
229000296,0,12,-12
229000297,5,56,-51
229000298,9,154,-145
229000320,5,8,-3
229000321,12,1,11
229000412,5,32,-27
229000414,13,48,-35
229000415,30,0,30
229000416,1,0,1
229000417,0,5,-5
229000419,63,233,-170
229000440,159,56,103
229000442,3,1,2
229000443,1,4,-3
229000444,1,22,-21
229000445,22,12,10
229000446,43,11,32
229000491,2,43,-41
229000492,13,200,-187
229000493,0,97,-97
229000494,16,2,14
229000495,46,5,41
229000496,13,3,10
229000507,0,20,-20
229000508,0,28,-28
229000509,0,67,-67
229000510,0,14,-14
229000511,4,41,-37
229000512,0,48,-48
229000513,0,5,-5
229000514,0,3,-3
229000517,0,6,-6
229000518,6,43,-37
229000519,0,18,-18
229000520,3,31,-28
229000521,15,16,-1
229000522,0,11,-11
229000523,3,6,-3
229000524,1,3,-2
229000527,0,0,0
229000528,0,0,0
229000529,2,0,2
229000530,42,1,41
229000531,8,4,4
229000532,19,2,17
229000533,42,0,42
229000534,43,0,43
229000564,27,0,27
229000565,3,0,3
229000566,0,15,-15
229000567,0,46,-46
229000582,88,1,87
229000583,3,0,3
229000584,0,41,-41
229000585,1,33,-32
229000718,0,0,0
229000719,0,0,0
229000720,0,13,-13
229000721,0,10,-10
229000722,0,36,-36
229000723,0,13,-13
229000724,0,2,-2
229000725,0,3,-3
229000738,0,0,0
229000739,0,0,0
229000740,1,0,1
229000741,2,0,2
229000742,5,0,5
229000743,0,0,0
229000744,0,0,0
229000745,1,0,1
229000746,2,0,2
229000847,11,0,11
229000848,3,0,3
229000849,47,0,47
229000851,14,0,14
229000854,1,64,-63
229000856,6,125,-119
229000857,0,41,-41
229000858,0,89,-89
229000919,7,64,-57
229000930,5,106,-101
229000937,57,9,48
229000966,29,24,5
229000981,4,34,-30
229000985,4,25,-21
229000986,0,22,-22
229000987,0,0,0
229000988,0,9,-9
229000989,2,5,-3
229000990,0,1,-1
229000991,0,1,-1
229000992,0,4,-4
229000993,112,10,102
229000998,15,47,-32
229000999,45,14,31
229001034,0,9,-9
229001035,2,0,2
229001037,20,6,14
229001042,2,8,-6
229001047,0,54,-54
229001050,20,40,-20
229001168,0,6,-6
229001200,11,0,11
229001338,39,25,14
229001394,206,1,205
229001422,61,24,37
229001423,14,87,-73
229001431,26,24,2
229001432,15,56,-41
229001444,58,33,25
229001445,21,152,-131
229001479,3,10,-7
229001503,84,55,29
229001504,51,144,-93
229001505,49,60,-11
229001506,22,85,-63
229001509,23,20,3
229001545,46,0,46
229001546,3,58,-55
229001553,22,11,11
229001554,8,89,-81
229001559,0,7,-7
229001560,1,36,-35
229001630,57,9,48
229001631,2,26,-24
229001635,0,11,-11
229001636,0,0,0
229001658,0,59,-59
229001659,36,6,30
229001660,0,3,-3
229001661,0,12,-12
229001662,14,0,14
229001663,0,8,-8
229002584,131,113,18
229002831,117,113,4
229002841,2,16,-14
229002842,2,17,-15
229002843,10,12,-2
229002844,33,48,-15
229002845,16,46,-30
229002846,21,14,7
229002847,0,4,-4
229002848,1,4,-3
229002849,2,76,-74
229002850,1,1,0
229002851,11,87,-76
229002852,37,15,22
229002853,35,10,25
229002854,20,41,-21
229002855,5,35,-30
229002856,9,8,1
229002857,3,42,-39
229002858,4,3,1
229002859,12,12,0
229002860,11,18,-7
229002861,11,16,-5
229002862,13,28,-15
229002863,11,55,-44
229002864,2,15,-13
229002865,20,3,17
229002866,30,25,5
229002867,0,17,-17
229002868,5,3,2
229002869,9,118,-109
229002870,14,9,5
235000066,229,43,186
235000067,58,76,-18
235000072,28,28,0
235000073,63,152,-89
235000074,15,76,-61
235000080,16,80,-64
235000081,26,137,-111
235000082,29,53,-24
235000083,40,93,-53
235000084,9,48,-39
235000085,31,34,-3
235000089,6,15,-9
235000092,9,127,-118
235000093,0,5,-5
235000097,1,2,-1
235000098,13,5,8
235000099,9,21,-12
235000116,27,24,3
235000117,650,5,645
235000133,7,189,-182
235000134,10,68,-58
235000206,5,4,1
235000207,1,1,0
235000208,1,0,1
235000209,2,0,2
235000210,1,1,0
235000212,0,11,-11
235000213,0,6,-6
235000220,0,1,-1
235000221,8,9,-1
235000238,15,11,4
235000239,1,1,0
235000242,138,150,-12
235000245,747,130,617
235000246,3,41,-38
235000284,0,94,-94
235000295,73,4,69
235000305,48,8,40
235000306,21,12,9
235000307,7,6,1
235000308,9,0,9
235000309,27,0,27
235000310,20,0,20
235000311,27,1,26
235000322,1,26,-25
235000323,2,47,-45
235000324,2,14,-12
235000325,0,19,-19
235000326,9,361,-352
235000351,11,63,-52
235000352,15,80,-65
235000353,2,48,-46
235000354,3,58,-55
235000355,18,71,-53
235000356,41,13,28
235000357,19,10,9
235000358,9,11,-2
235000359,0,0,0
235000360,45,5,40
235000361,24,3,21
235000381,30,243,-213
235000382,47,34,13
235000390,13,2,11
235000391,72,13,59
235000392,41,124,-83
235000393,46,42,4
235000395,38,8,30
235000396,115,27,88
235000400,47,8,39
235000401,25,159,-134
235000405,67,280,-213
235000406,16,242,-226
235000407,49,90,-41
235000409,180,126,54
235000410,22,222,-200
235000411,0,77,-77
235000485,0,7,-7
235000486,3,0,3
235000549,56,39,17
235000550,59,179,-120
235000599,40,71,-31
235000600,4,8,-4
235000601,8,35,-27
235000602,39,168,-129
235000614,2,3,-1
235000648,0,23,-23
235000649,25,10,15
235000685,0,2,-2
235000815,9,16,-7
235000834,0,15,-15
235000855,8,19,-11
235000862,12,163,-151
235000891,0,3,-3
235000892,9,0,9
235000901,39,59,-20
235000907,2,7,-5
235001010,25,55,-30
235001029,510,368,142
235001030,275,130,145
235001078,26,45,-19
235001079,21,114,-93
235001147,1,41,-40
235001166,7,69,-62
235001167,13,45,-32
235001169,41,296,-255
235001188,0,8,-8
235001189,1,0,1
235001197,12,13,-1
235001200,26,21,5
235001207,92,8,84
235001210,27,101,-74
235001215,16,100,-84
235001239,1,36,-35
235001244,0,2,-2
235016267,1,47,-46
277101746,0,1,-1
277102712,10,1,9
277103813,0,0,0
277103898,0,0,0
277104249,0,2,-2
277104250,0,12,-12
277104251,0,5,-5
277104252,0,8,-8
990011530,0,214,-214
990014944,1,484,-483
990015176,16,2,14
990015618,0,75,-75
990016032,0,410,-410
990032570,16,51,-35
990070001,27,4,23
990070103,0,5,-5
990070601,1,44,-43
990070751,193,1,192
990070766,1,801,-800
990071180,350,196,154
990071343,33,0,33
990071387,0,11,-11
990071823,174,0,174
990072600,1,570,-569
990072964,0,531,-531
990073285,0,0,0
990074393,1,1244,-1243
990074870,381,7,374
990075106,291,2,289
990075746,145,6,139
990076437,343,18,325
990076458,3,1496,-1493
997000007,132,33,99
997000041,0,124,-124
997000058,38,1,37
997000062,24,1,23
997000069,0,6,-6
997000070,0,59,-59
997000100,2,1,1
997000141,0,232,-232
997000198,293,660,-367
998000475,1,11,-10
998000736,6,326,-320
998000965,0,5,-5
998001031,1,50,-49
998001700,0,22,-22
998001899,0,0,0
998001900,50,32,18
998003073,398,2,396
998101900,0,0,0
998102850,0,91,-91
998501927,280,269,11
998501929,83,5,78
998501930,88,19,69
998501931,60,3,57
998501932,5,0,5
998501933,7,1,6
998501937,6,1,5
998501944,1,1,0
998501950,0,35,-35
998501970,23,13,10
998501971,0,95,-95
998501973,1,55,-54
998501974,1,228,-227
998501975,139,4,135
998501976,49,0,49
998501977,1,86,-85
998501978,32,0,32
998501979,0,4,-4
998501980,109,3,106
998501981,18,9,9
998501982,1,89,-88
998501983,0,16,-16
998502006,0,0,0
998502024,0,0,0
998502032,0,0,0
998502062,8,1,7
998502063,0,0,0
998502173,23,0,23
998502269,0,1,-1
998502546,0,154,-154
998502578,2,1,1
998502599,69,177,-108
998601159,1,267,-266
998601292,0,11,-11
999033574,1,735,-734
999800001,10,2,8
999800002,0,2,-2
999800003,2,0,2
999800004,0,2,-2
999800005,0,8,-8
