ID,insum,outsum,diff
100000001,85,69,16
100000002,1510,2327,-817
100000003,1086,1992,-906
100000004,89,595,-506
100000005,835,1244,-409
100000006,9,14,-5
100000007,135,120,15
100000008,0,0,0
100000009,0,21,-21
100000010,0,11,-11
100000011,18,9,9
100000012,0,0,0
100000013,0,0,0
100000014,0,0,0
100000015,125,188,-63
100000016,0,0,0
100000017,0,0,0
100000018,52,35,17
100000019,123,272,-149
100000020,39,288,-249
100000021,0,0,0
100000022,78,171,-93
100000023,5,0,5
100000025,1,9,-8
100000028,10,19,-9
100000029,0,0,0
100000030,0,0,0
100000031,113,356,-243
100000032,156,187,-31
100000033,76,144,-68
100000034,0,0,0
100000035,29,83,-54
100000036,56,66,-10
100000037,48,30,18
100000038,270,78,192
100000039,103,2,101
100000040,0,11,-11
100000041,49,29,20
100000042,81,36,45
100000043,22,25,-3
100000044,0,0,0
100000045,0,0,0
100000046,0,0,0
100000047,0,0,0
100000048,0,0,0
100000049,0,0,0
100000051,0,0,0
100000053,1,0,1
100000054,5,11,-6
100000055,0,0,0
100000056,7,40,-33
100000057,90,38,52
100000058,0,0,0
100000059,1,0,1
100000060,89,43,46
100000061,93,36,57
100000062,103,69,34
100000063,110,40,70
100000064,159,15,144
100000065,28,4,24
100000066,5,3,2
100000067,1,5,-4
100000068,5,6,-1
100000069,5,20,-15
100000072,0,0,0
100000073,0,0,0
100000075,0,0,0
100000076,161,925,-764
100000077,32,58,-26
100000078,12,204,-192
100000079,5,121,-116
100000080,0,82,-82
100000081,2,47,-45
100000102,342,1272,-930
100000103,82,73,9
100000104,116,111,5
100000105,0,0,0
100000106,134,1458,-1324
100000107,19,435,-416
100000108,1,16,-15
100000109,92,25,67
100000116,64,112,-48
100000117,3,98,-95
100000118,299,44,255
100000119,143,38,105
100000121,28,6,22
100000122,80,107,-27
100000123,270,78,192
100000124,43,75,-32
100000125,13,48,-35
100000126,6,17,-11
100000127,0,3,-3
100000128,0,3,-3
100000129,14,28,-14
100000130,0,0,0
100000131,0,0,0
100000132,13,101,-88
100000133,256,81,175
100000135,75,58,17
100000139,109,138,-29
100000140,0,0,0
100000142,85,24,61
100000143,0,0,0
100000144,0,0,0
100000147,378,843,-465
100000150,2,22,-20
100000151,101,521,-420
100000153,0,0,0
100000154,0,0,0
100000155,1,54,-53
100000156,15,132,-117
100000157,284,98,186
100000158,31,88,-57
100000159,7,69,-62
100000165,14,4,10
100000169,0,0,0
100000174,0,0,0
100000179,5,12,-7
100000180,0,0,0
100000181,0,1,-1
100000188,0,0,0
100000189,119,21,98
100000190,62,193,-131
100000191,11,249,-238
100000192,2,240,-238
100000193,29,62,-33
100000330,0,0,0
100000355,13,1,12
100000362,22,27,-5
100000363,1953,2746,-793
100000364,0,0,0
100000365,2718,1186,1532
100000366,345,226,119
100000367,2181,1588,593
100000368,49,42,7
100000369,30,791,-761
100000370,0,41,-41
100000376,0,2,-2
100000379,122,565,-443
100000380,920,1758,-838
100000384,1245,2181,-936
100000385,99,822,-723
100000386,316,1274,-958
100000387,328,1318,-990
100000388,1077,936,141
100000389,1339,2093,-754
100000390,528,391,137
100000391,482,2013,-1531
100000392,213,230,-17
100000393,105,741,-636
100000394,83,276,-193
100000395,63,208,-145
100000396,308,254,54
100000397,385,625,-240
100000398,2305,937,1368
100000413,0,0,0
100000414,1,25,-24
100900002,0,0,0
100900003,0,0,0
100900004,0,0,0
100900005,0,0,0
100900006,0,0,0
100900007,0,0,0
100900008,0,0,0
100900009,0,0,0
100900010,0,0,0
100900011,0,0,0
100900012,0,0,0
100900013,0,0,0
100900014,0,0,0
100900015,0,0,0
100900016,0,0,0
100900017,0,0,0
100900018,0,0,0
100900019,0,0,0
100900020,0,0,0
100900021,0,0,0
100900022,0,0,0
100900023,0,0,0
100900024,0,0,0
100900025,0,0,0
100900026,0,0,0
100900027,0,0,0
100900028,0,0,0
100900029,0,0,0
100900030,0,0,0
100900031,0,0,0
100900032,0,0,0
100900033,0,0,0
100900034,0,0,0
100900035,0,0,0
100900036,0,0,0
100900037,0,0,0
100900038,0,0,0
100900039,0,0,0
100900040,0,0,0
100900041,0,0,0
100900042,0,0,0
100900043,0,0,0
100900044,0,0,0
100900045,0,0,0
100900046,0,0,0
100900047,0,0,0
100900048,0,0,0
100900049,0,0,0
100900050,0,0,0
100900051,0,0,0
100900052,0,0,0
100900053,0,0,0
100900054,0,0,0
100900055,0,0,0
100900056,0,0,0
100900057,0,0,0
100900058,0,0,0
100900059,0,0,0
100900060,0,0,0
100900061,0,0,0
100900062,0,0,0
100900063,0,0,0
100900064,0,0,0
100900065,0,0,0
100900066,0,0,0
100900067,0,0,0
100900068,0,0,0
100900069,0,0,0
100900070,0,0,0
100900071,0,0,0
100900072,0,0,0
100900073,0,0,0
100900074,0,0,0
100900075,0,0,0
100900076,0,0,0
100900077,0,0,0
100900078,0,0,0
100900079,0,0,0
100900080,0,0,0
100900081,0,0,0
100900082,0,0,0
100900083,0,0,0
100900085,0,0,0
100900086,0,0,0
100900088,0,0,0
100900089,0,0,0
100900090,0,0,0
100900091,0,0,0
100900092,0,0,0
100900093,0,0,0
100900094,0,0,0
100900095,0,0,0
100900096,0,0,0
100900097,0,0,0
100900098,0,0,0
100900099,0,0,0
100900100,0,0,0
100900101,0,0,0
100900102,0,0,0
100900103,0,0,0
100900104,0,0,0
100900105,0,0,0
100900106,0,0,0
100900107,0,0,0
100900108,0,0,0
100900109,0,0,0
100900110,0,0,0
100900111,0,0,0
100900112,0,0,0
100900113,0,0,0
100900114,0,0,0
100900115,0,0,0
100900116,0,0,0
100900117,0,0,0
100900118,0,0,0
100900119,0,0,0
100900120,0,0,0
100900121,0,0,0
100900122,0,0,0
100900123,0,0,0
100900124,0,0,0
100900125,0,0,0
100900126,0,0,0
100900127,0,0,0
100900128,0,0,0
100900129,0,0,0
100900131,0,0,0
100900133,0,0,0
100900134,0,0,0
100900135,0,0,0
100900137,0,0,0
100900138,0,0,0
100900139,0,0,0
100900140,0,0,0
100900141,0,0,0
100900142,0,0,0
100900143,0,0,0
100900144,0,0,0
100900145,0,0,0
100900146,0,0,0
100900147,0,0,0
100900148,0,0,0
100900149,0,0,0
100900150,0,0,0
100900151,0,0,0
100900152,0,0,0
100900153,0,0,0
100900154,0,0,0
100900155,0,0,0
100900156,0,0,0
100900157,0,0,0
100900159,0,0,0
100900160,0,0,0
100900161,0,0,0
100900162,0,0,0
100900163,0,0,0
100900164,0,0,0
100900165,0,0,0
100900166,0,0,0
100900167,0,0,0
100900168,0,0,0
100900169,0,0,0
100900170,0,0,0
100900171,0,0,0
100900172,0,0,0
100900173,0,0,0
100900174,0,0,0
100900176,0,0,0
100900177,0,0,0
100900178,0,0,0
100900179,0,0,0
100900180,0,0,0
100900181,0,0,0
100900182,0,0,0
100900184,0,0,0
100900186,0,0,0
100900187,0,0,0
100900188,0,0,0
100900189,0,0,0
100900191,0,0,0
100900192,0,0,0
100900195,0,0,0
100900197,0,0,0
100900198,0,0,0
100900199,0,0,0
100900200,0,0,0
100900201,0,0,0
100900202,0,0,0
100900203,0,0,0
100900204,0,0,0
100900205,0,0,0
100900206,0,0,0
100900207,0,0,0
100900210,0,0,0
100900211,0,0,0
100900213,0,0,0
100900214,0,0,0
100900215,0,0,0
100900217,0,0,0
101000001,120,280,-160
101000002,43,102,-59
101000003,1,60,-59
101000004,341,771,-430
101000005,484,959,-475
101000006,5,65,-60
101000007,13,384,-371
101000008,838,1010,-172
101000009,187,27,160
101000010,57,41,16
101000011,20,65,-45
101000012,0,0,0
101000013,27,122,-95
101000014,13,114,-101
101000015,14,9,5
101000016,0,0,0
101000017,0,0,0
101000018,161,35,126
101000020,179,72,107
101000021,24,125,-101
101000022,0,0,0
101000023,39,183,-144
101000025,0,0,0
101000026,0,0,0
101000027,119,203,-84
101000028,0,0,0
101000029,0,0,0
101000030,0,0,0
101000031,3,20,-17
101000032,592,1091,-499
101000033,8,22,-14
101000034,62,80,-18
101000035,0,0,0
101000036,4,37,-33
101000037,47,328,-281
101000039,0,0,0
101000040,180,211,-31
101000041,932,1830,-898
101000042,26,217,-191
101000043,17,175,-158
101000045,44,237,-193
101000046,282,436,-154
101000047,499,292,207
101000048,74,87,-13
101000049,0,4,-4
101000050,71,195,-124
101000051,30,443,-413
101000052,125,643,-518
101000053,150,140,10
101000054,203,71,132
101000055,224,601,-377
101000056,0,0,0
101000057,24,2,22
101000058,68,442,-374
101000059,228,1246,-1018
101000060,8,2,6
101000061,66,1085,-1019
101000062,16,2,14
101000063,89,614,-525
101000064,9,2,7
101000065,58,329,-271
101000066,68,204,-136
101000067,20,1,19
101000068,52,78,-26
101000069,67,6,61
101000070,73,7,66
101000071,50,62,-12
101000072,753,353,400
101000073,206,240,-34
101000074,1075,437,638
101000075,1560,271,1289
101000077,425,87,338
101000078,177,63,114
101000079,234,192,42
101000080,60,5,55
101000081,343,96,247
101000082,45,31,14
101000083,416,187,229
101000084,14,3,11
101000085,369,228,141
101000086,0,0,0
101000087,0,0,0
101000088,356,154,202
101000089,150,95,55
101000090,0,0,0
101000091,17,8,9
101000092,271,38,233
101000093,134,56,78
101000094,2,15,-13
101000095,4,5,-1
101000096,55,49,6
101000097,2,6,-4
101000098,0,6,-6
101000099,26,126,-100
101000100,3,6,-3
101000101,115,40,75
101000102,18,157,-139
101000103,81,70,11
101000104,23,142,-119
101000105,2,18,-16
101000106,0,0,0
101000107,0,0,0
101000108,0,0,0
101000109,0,0,0
101000110,0,0,0
101000111,0,0,0
101000113,0,0,0
101000114,120,172,-52
101000115,0,0,0
101000116,0,0,0
101000117,0,0,0
101000119,0,0,0
101000120,0,0,0
101000121,0,0,0
101000122,0,0,0
101000123,0,0,0
101000124,0,0,0
101000125,2,0,2
101000128,0,0,0
101000130,24,7,17
101000131,52,9,43
101000132,9,13,-4
101000135,0,0,0
101000136,0,0,0
101000137,0,0,0
101000141,184,1658,-1474
101000147,5,3,2
101000148,0,0,0
101000149,0,0,0
101000150,0,0,0
101000151,0,0,0
101000152,12,4,8
101000153,13,23,-10
101000154,47,17,30
101000155,0,0,0
101000156,0,0,0
101000157,0,0,0
101000160,0,0,0
101000163,22,168,-146
101000164,0,0,0
101000165,76,94,-18
101000166,35,8,27
101000168,0,0,0
101000252,427,104,323
101000254,0,0,0
101000258,0,0,0
101000261,0,0,0
101000262,197,2008,-1811
101000263,51,187,-136
101000265,0,0,0
101000266,0,0,0
101000269,0,0,0
101000290,147,151,-4
101000293,0,0,0
101000294,29,4,25
101000295,9,11,-2
101000301,6,12,-6
101000304,145,479,-334
101000305,356,278,78
101000328,48,163,-115
101900001,0,0,0
101900002,0,0,0
101900003,0,0,0
101900004,0,0,0
101900005,0,0,0
101900006,0,0,0
101900007,0,0,0
101900008,0,0,0
101900009,0,0,0
101900010,0,0,0
101900011,0,0,0
101900012,0,0,0
101900013,0,0,0
101900017,0,0,0
101900018,0,0,0
101900019,0,0,0
101900020,0,0,0
101900021,0,0,0
101900022,0,0,0
101900023,0,0,0
101900026,0,0,0
101900027,0,0,0
102000001,251,508,-257
102000002,83,43,40
102000003,105,280,-175
102000004,105,255,-150
102000005,52,321,-269
102000006,38,307,-269
102000007,65,412,-347
102000008,252,233,19
102000009,437,552,-115
102000010,215,239,-24
102000011,236,592,-356
102000012,613,544,69
102000018,2,0,2
102000019,0,0,0
102000026,0,0,0
102000029,0,0,0
102000030,0,0,0
102000031,0,0,0
102000032,0,0,0
102000033,0,0,0
102000034,0,0,0
102000035,0,0,0
102000036,0,0,0
102000038,0,0,0
102000039,0,0,0
102000040,0,0,0
102000041,0,0,0
102000042,0,0,0
102000043,0,0,0
102000044,0,0,0
102000045,86,92,-6
102000046,0,0,0
102000047,49,50,-1
102000048,0,0,0
102000049,0,0,0
102000050,107,60,47
102000051,0,0,0
102000052,128,73,55
102000053,0,0,0
102000054,126,24,102
102000055,72,15,57
102000056,391,59,332
102000057,52,113,-61
102000058,74,15,59
102000059,26,3,23
102000060,612,425,187
102000061,2,6,-4
102000062,203,197,6
102000063,4,7,-3
102000064,11,37,-26
102000065,4,0,4
102000066,24,18,6
102000067,14,65,-51
102000068,337,317,20
102000069,0,0,0
102000070,0,0,0
102000071,730,485,245
102000072,231,300,-69
102000073,0,0,0
102000074,0,0,0
102000075,0,0,0
102000076,0,0,0
102000077,0,0,0
102000078,0,0,0
102000079,1,0,1
102000080,0,0,0
102000081,55,3,52
102000082,0,0,0
102000083,0,0,0
102000084,182,23,159
102000085,2,0,2
102000086,120,52,68
102000087,3,7,-4
102000088,1,50,-49
102000089,99,58,41
102000090,78,130,-52
102000091,261,150,111
102000092,75,65,10
102000093,130,107,23
102000094,104,63,41
102000095,0,0,0
102000096,282,115,167
102000097,0,0,0
102000098,58,24,34
102000099,27,5,22
102000100,7,35,-28
102000101,3,29,-26
102000102,24,67,-43
102000103,15,16,-1
102000104,0,0,0
102000105,0,0,0
102000106,0,0,0
102000107,0,0,0
102000108,0,0,0
102000109,0,0,0
102000110,0,0,0
102000111,0,0,0
102000112,0,0,0
102000113,0,0,0
102000114,0,0,0
102000115,0,0,0
102000116,0,93,-93
102000117,0,0,0
102000118,55,376,-321
102000119,0,0,0
102000120,0,0,0
102000121,0,0,0
102000122,0,0,0
102000123,0,0,0
102000124,0,0,0
102000125,0,0,0
102000126,0,0,0
102000127,0,0,0
102000128,0,0,0
102000129,0,0,0
102000130,0,0,0
102000131,0,0,0
102000132,0,0,0
102000133,175,39,136
102000134,26,70,-44
102000135,0,0,0
102000136,0,0,0
102000137,0,0,0
102000138,0,0,0
102000139,0,0,0
102000140,0,0,0
102000141,0,0,0
102000142,0,0,0
102000143,0,0,0
102000144,0,0,0
102000145,0,0,0
102000146,0,0,0
102000147,0,0,0
102000148,0,0,0
102000149,0,0,0
102000150,0,0,0
102000151,0,0,0
102000152,0,0,0
102000153,0,0,0
102000154,0,0,0
102000155,0,0,0
102000156,0,0,0
102000157,0,0,0
102000158,0,0,0
102000159,0,0,0
102000161,0,0,0
102000162,0,0,0
102000163,0,1,-1
102000164,0,0,0
102000165,0,0,0
102000166,0,5,-5
102000167,0,0,0
102000168,0,2,-2
102000169,0,0,0
102000170,0,0,0
102000171,0,0,0
102000172,0,0,0
102000173,3,9,-6
102000174,0,0,0
102000175,7,6,1
102000176,0,0,0
102000178,2,0,2
102000179,5,15,-10
102000180,43,5,38
102000181,43,11,32
102000182,28,4,24
102000183,117,80,37
102000184,55,4,51
102000185,257,53,204
102000186,15,7,8
102000187,34,10,24
102000188,197,75,122
102000189,44,5,39
102000190,82,133,-51
102000191,64,24,40
102000192,0,0,0
102000193,0,0,0
102000194,0,0,0
102000195,0,0,0
102000196,0,0,0
102000197,0,0,0
102000198,0,0,0
102000199,0,0,0
102000200,0,0,0
102000201,0,0,0
102000202,0,0,0
102000203,0,0,0
102000204,0,0,0
102000205,0,0,0
102000206,0,0,0
102000207,0,0,0
102000208,0,0,0
102000209,0,0,0
102000210,0,0,0
102000211,0,0,0
102000212,0,0,0
102000213,0,0,0
102000214,0,0,0
102000215,0,0,0
102000216,0,0,0
102000217,0,0,0
102000218,0,0,0
102000219,0,0,0
102000225,169,122,47
102000226,0,0,0
102000227,0,0,0
102000228,0,0,0
102000229,0,0,0
102000230,23,34,-11
102000231,0,0,0
102000232,0,0,0
102000233,154,173,-19
102000234,8,218,-210
102000236,0,0,0
102000237,0,0,0
102000238,0,0,0
102000240,0,0,0
102000241,0,0,0
102000243,0,6,-6
102000245,0,0,0
102000246,0,0,0
102000247,12,27,-15
102000248,43,207,-164
102000249,0,0,0
102000250,2,0,2
102000254,14,15,-1
102000266,0,0,0
102000271,0,0,0
102000286,0,0,0
102000297,0,0,0
102000303,0,0,0
102000305,0,0,0
102000307,0,0,0
102900001,0,0,0
102900002,0,0,0
102900003,0,0,0
102900005,0,0,0
102900006,0,0,0
102900007,0,0,0
102900008,0,0,0
102900009,0,0,0
102900010,0,0,0
102900011,0,0,0
102900012,0,0,0
102900013,0,0,0
102900015,0,0,0
102900016,0,0,0
102900017,0,0,0
102900018,0,0,0
102900019,0,0,0
102900020,0,0,0
102900021,0,0,0
102900022,0,0,0
102900023,0,0,0
102900024,0,0,0
102900025,0,0,0
102900026,0,0,0
102900027,0,0,0
102900028,0,0,0
102900029,0,0,0
102900030,0,0,0
102900031,0,0,0
102900032,0,0,0
102900033,0,0,0
102900034,0,0,0
102900035,0,0,0
102900036,0,0,0
102900037,0,0,0
102900038,0,0,0
102900039,0,0,0
102900040,0,0,0
102900041,0,0,0
102900042,0,0,0
102900043,0,0,0
102900044,0,0,0
102900045,0,0,0
102900046,0,0,0
102900047,0,0,0
102900048,0,0,0
102900049,0,0,0
102900050,0,0,0
102900051,0,0,0
102900053,0,0,0
102900054,0,0,0
102900055,0,0,0
102900056,0,0,0
102900057,0,0,0
102900058,0,0,0
102900059,0,0,0
102900060,0,0,0
102900061,0,0,0
102900062,0,0,0
102900063,0,0,0
102900064,0,0,0
102900065,0,0,0
102900066,0,0,0
102900068,0,0,0
102900070,0,0,0
102900072,0,0,0
102900073,0,0,0
102900075,0,0,0
102900076,0,0,0
102900077,0,0,0
102900078,0,0,0
102900079,0,0,0
102900080,0,0,0
102900081,0,0,0
102900082,0,0,0
102900083,0,0,0
102900084,0,0,0
102900085,0,0,0
102900086,0,0,0
102900087,0,0,0
102900088,0,0,0
102900089,0,0,0
102900090,0,0,0
102900091,0,0,0
102900092,0,0,0
102900094,0,0,0
102900095,0,0,0
102900096,0,0,0
102900097,0,0,0
103000001,0,0,0
103000002,100,75,25
103000003,82,118,-36
103000004,11,19,-8
103000005,591,304,287
103000006,137,134,3
103000007,16,12,4
103000008,0,0,0
103000009,104,124,-20
103000010,0,0,0
103000011,12,19,-7
103000012,436,405,31
103000013,158,40,118
103000014,322,716,-394
103000015,0,0,0
103000016,65,77,-12
103000017,78,37,41
103000018,0,0,0
103000019,94,124,-30
103000020,3,117,-114
103000021,885,617,268
103000022,17,34,-17
103000023,310,766,-456
103000024,0,0,0
103000025,15,104,-89
103000026,0,0,0
103000027,34,42,-8
103000028,16,60,-44
103000029,29,53,-24
103000030,4,37,-33
103000031,127,337,-210
103000032,203,190,13
103000033,1651,700,951
103000034,7,20,-13
103000035,52,214,-162
103000036,15,165,-150
103000037,7,13,-6
103000038,191,201,-10
103000039,2,12,-10
103000040,30,60,-30
103000041,154,163,-9
103000042,24,9,15
103000043,109,93,16
103000044,0,0,0
103000046,0,0,0
103000047,0,0,0
103000048,0,0,0
103000049,0,0,0
103000050,0,0,0
103000051,0,0,0
103000052,0,0,0
103000053,0,0,0
103000054,309,8,301
103000055,480,77,403
103000056,37,33,4
103000057,233,204,29
103000058,140,29,111
103000059,54,48,6
103000060,149,13,136
103000061,78,107,-29
103000062,0,0,0
103000063,124,76,48
103000064,0,0,0
103000065,0,0,0
103000066,0,0,0
103000069,0,0,0
103000070,0,0,0
103000071,48,28,20
103000072,0,0,0
103000073,82,4,78
103000074,75,12,63
103000075,0,0,0
103000076,17,53,-36
103000077,0,0,0
103000078,90,75,15
103000079,22,25,-3
103000080,142,15,127
103000081,0,151,-151
103000082,119,12,107
103000083,0,0,0
103000084,9,0,9
103000085,0,0,0
103000086,157,151,6
103000087,62,129,-67
103000088,0,0,0
103000089,58,97,-39
103000090,647,330,317
103000091,53,77,-24
103000092,277,12,265
103000093,0,0,0
103000094,87,10,77
103000095,0,0,0
103000096,152,21,131
103000097,0,0,0
103000098,291,40,251
103000099,0,0,0
103000100,0,0,0
103000101,111,11,100
103000102,0,0,0
103000103,102,9,93
103000104,3,0,3
103000105,11,3,8
103000106,0,0,0
103000107,37,38,-1
103000108,88,22,66
103000109,31,37,-6
103000110,77,78,-1
103000111,0,0,0
103000112,54,32,22
103000113,0,0,0
103000114,298,89,209
103000115,58,29,29
103000116,48,21,27
103000117,59,8,51
103000118,0,0,0
103000119,0,0,0
103000120,0,0,0
103000121,5,9,-4
103000122,311,1079,-768
103000125,0,18,-18
103000126,83,1,82
103000127,0,12,-12
103000128,5,0,5
103000129,0,6,-6
103000130,35,1,34
103000131,2,39,-37
103000132,2,8,-6
103000133,0,26,-26
103000134,183,45,138
103000135,77,31,46
103000136,271,54,217
103000137,18,130,-112
103000138,46,256,-210
103000139,0,0,0
103000140,12,23,-11
103000141,0,0,0
103000142,32,8,24
103000143,0,0,0
103000144,39,6,33
103000145,0,1,-1
103000150,0,0,0
103000152,0,0,0
103000153,71,49,22
103000156,1,16,-15
103000157,25,0,25
103000159,0,0,0
103000162,1,0,1
103000163,0,62,-62
103000164,0,0,0
103000165,0,0,0
103000166,54,48,6
103000167,14,11,3
103000168,0,0,0
103000169,54,9,45
103000170,364,350,14
103000171,1,3,-2
103000172,126,10,116
103000173,0,0,0
103000174,132,18,114
103000175,0,0,0
103000176,11,26,-15
103000177,0,0,0
103000178,0,0,0
103000179,0,0,0
103000183,59,0,59
103000185,39,2,37
103000186,41,2,39
103000187,0,0,0
103000188,1,0,1
103000189,0,0,0
103000191,2,1,1
103000292,2,38,-36
103000293,34,159,-125
103000295,77,8,69
103000296,14,0,14
103000297,0,0,0
103000504,0,0,0
103000505,0,0,0
103000506,0,0,0
103000507,0,0,0
103000508,0,0,0
103000509,0,0,0
103900001,0,0,0
103900002,0,0,0
103900003,0,0,0
103900004,0,0,0
103900005,0,0,0
103900006,0,0,0
103900007,0,0,0
103900008,0,0,0
103900010,0,0,0
103900012,0,0,0
103900014,0,0,0
103900015,0,0,0
103900017,0,0,0
103900018,0,0,0
103900019,0,0,0
103900020,0,0,0
103900021,0,0,0
103900022,0,0,0
103900023,0,0,0
103900024,0,0,0
103900025,0,0,0
103900026,0,0,0
103900027,0,0,0
103900028,0,0,0
103900029,0,0,0
103900030,0,0,0
103900031,0,0,0
103900032,0,0,0
103900033,0,0,0
103900034,0,0,0
103900035,0,0,0
103900036,0,0,0
103900037,0,0,0
103900038,0,0,0
103900039,0,0,0
103900040,0,0,0
103900041,0,0,0
103900042,0,0,0
103900043,0,0,0
103900044,0,0,0
103900045,0,0,0
103900047,0,0,0
103900048,0,0,0
103900049,0,0,0
103900050,0,0,0
103900051,0,0,0
103900052,0,0,0
103900053,0,0,0
103900054,0,0,0
103900055,0,0,0
103900056,0,0,0
103900057,0,0,0
103900058,0,0,0
103900059,0,0,0
103900060,0,0,0
103900061,0,0,0
103900062,0,0,0
103900063,0,0,0
103900064,0,0,0
103900065,0,0,0
103900066,0,0,0
103900067,0,0,0
103900068,0,0,0
103900069,0,0,0
103900070,0,0,0
103900071,0,0,0
103900072,0,0,0
103900073,0,0,0
103900074,0,0,0
103900075,0,0,0
103900076,0,0,0
103900077,0,0,0
103900078,0,0,0
103900079,0,0,0
103900080,0,0,0
103900081,0,0,0
103900082,0,0,0
103900083,0,0,0
103900084,0,0,0
103900085,0,0,0
103900086,0,0,0
103900088,0,0,0
103900089,0,0,0
103900090,0,0,0
103900091,0,0,0
103900092,0,0,0
103900093,0,0,0
103900094,0,0,0
103900095,0,0,0
103900096,0,0,0
103900097,0,0,0
103900098,0,0,0
103900099,0,0,0
103900100,0,0,0
103900101,0,0,0
103900102,0,0,0
103900104,0,0,0
103900105,0,0,0
103900106,0,0,0
103900107,0,0,0
103900108,0,0,0
103900109,0,0,0
103900110,0,0,0
103900111,0,0,0
103900112,0,0,0
103900113,0,0,0
103900114,0,0,0
103900115,0,0,0
103900116,0,0,0
103900117,0,0,0
103900119,0,0,0
103900120,0,0,0
103900122,0,0,0
103900123,0,0,0
103900124,0,0,0
103900125,0,0,0
103900126,0,0,0
103900127,0,0,0
103900128,0,0,0
103900131,0,0,0
103900133,0,0,0
103900134,0,0,0
103900135,0,0,0
103900137,0,0,0
103900138,0,0,0
103900139,0,0,0
103900140,0,0,0
103900141,0,0,0
103900142,0,0,0
103900143,0,0,0
103900144,0,0,0
103900145,0,0,0
103900146,0,0,0
103900147,0,0,0
103900148,0,0,0
103900149,0,0,0
103900150,0,0,0
103900151,0,0,0
103900152,0,0,0
103900153,0,0,0
103900154,0,0,0
103900155,0,0,0
103900156,0,0,0
103900157,0,0,0
103900158,0,0,0
103900159,0,0,0
103900160,0,0,0
103900161,0,0,0
103900162,0,0,0
103900163,0,0,0
103900167,0,0,0
103900168,0,0,0
103900169,0,0,0
103900170,0,0,0
103900171,0,0,0
103900172,0,0,0
103900173,0,0,0
103900174,0,0,0
103900175,0,0,0
103900176,0,0,0
103900177,0,0,0
103900178,0,0,0
103900179,0,0,0
103900180,0,0,0
103900181,0,0,0
103900182,0,0,0
103900184,0,0,0
103900185,0,0,0
103900187,0,0,0
103900188,0,0,0
103900189,0,0,0
103900190,0,0,0
103900191,0,0,0
103900192,0,0,0
103900193,0,0,0
103900194,0,0,0
103900195,0,0,0
103900196,0,0,0
103900197,0,0,0
103900198,0,0,0
103900199,0,0,0
103900200,0,0,0
103900201,0,0,0
103900202,0,0,0
103900203,0,0,0
103900204,0,0,0
103900207,0,0,0
103900208,0,0,0
103900209,0,0,0
103900210,0,0,0
103900211,0,0,0
103900212,0,0,0
103900213,2,103,-101
103900214,10,97,-87
103900215,28,62,-34
103900216,0,0,0
103900217,0,0,0
103900218,0,0,0
103900219,0,0,0
103900233,0,0,0
103900235,0,0,0
103900236,0,0,0
103900242,0,0,0
103900243,0,0,0
103900244,0,0,0
103900245,0,0,0
103900246,0,0,0
103900247,0,0,0
103900248,0,0,0
103900249,0,0,0
103900250,0,0,0
103900251,0,0,0
103900253,0,0,0
103900254,0,0,0
103900255,0,0,0
103900256,0,0,0
103900257,0,0,0
103900258,0,0,0
103900259,0,0,0
103900261,0,0,0
103900262,0,0,0
103900263,0,0,0
103900264,0,0,0
103900265,0,0,0
103900266,0,0,0
103900267,0,0,0
103900268,0,0,0
103900269,0,0,0
103900270,0,0,0
103900271,0,0,0
103900272,0,0,0
103900273,0,0,0
103900274,0,0,0
103900275,0,0,0
103900276,0,0,0
103900277,0,0,0
103900278,0,0,0
103900279,0,0,0
103900280,0,0,0
104000001,650,269,381
104000002,79,146,-67
104000003,683,298,385
104000004,597,342,255
104000005,453,593,-140
104000006,941,260,681
104000007,803,67,736
104000008,88,51,37
104000009,153,47,106
104000010,86,71,15
104000011,0,0,0
104000012,0,0,0
104000013,159,105,54
104000014,0,0,0
104000015,129,33,96
104000016,0,0,0
104000018,203,46,157
104000019,174,150,24
104000020,88,73,15
104000021,62,64,-2
104000022,19,20,-1
104000023,245,16,229
104000024,0,0,0
104000026,0,0,0
104000027,33,15,18
104000028,151,42,109
104000029,12,13,-1
104000030,248,77,171
104000031,221,71,150
104000032,0,0,0
104000033,334,16,318
104000034,0,0,0
104000035,356,41,315
104000036,382,112,270
104000037,0,0,0
104000038,156,40,116
104000039,30,38,-8
104000040,15,57,-42
104000041,52,33,19
104000042,32,27,5
104000043,42,23,19
104000044,113,21,92
104000045,83,19,64
104000046,106,70,36
104000047,33,172,-139
104000048,88,301,-213
104000049,2,2,0
104000050,1,1,0
104000051,0,0,0
104000052,296,170,126
104000053,139,56,83
104000054,3,13,-10
104000055,444,218,226
104000056,43,0,43
104000057,0,0,0
104000058,232,51,181
104000059,68,157,-89
104000060,206,57,149
104000061,80,30,50
104000062,39,1,38
104000064,0,0,0
104000065,0,5,-5
104000069,0,0,0
104000070,0,0,0
104000071,0,0,0
104000072,28,18,10
104000075,0,0,0
104000076,0,0,0
104000082,180,272,-92
104000083,28,16,12
104000084,0,34,-34
104000085,13,10,3
104000086,0,21,-21
104000087,1,3,-2
104000090,0,0,0
104000092,0,0,0
104000094,0,0,0
104000095,39,306,-267
104000096,303,0,303
104000097,665,62,603
104000098,948,46,902
104000100,1182,127,1055
104000101,132,193,-61
104000106,16,13,3
104000107,191,31,160
104000108,74,6,68
104000109,63,8,55
104000110,25,12,13
104000111,86,46,40
104000112,8,5,3
104000116,0,0,0
104000117,90,17,73
104000118,52,1,51
104000119,14,17,-3
104000120,38,16,22
104000121,6,33,-27
104000122,254,67,187
104000123,57,103,-46
104000124,172,435,-263
104000125,85,38,47
104000126,229,91,138
104000127,66,305,-239
104000128,214,19,195
104000129,129,0,129
104000130,10,2,8
104000131,0,0,0
104000132,0,0,0
104000133,21,16,5
104000134,90,65,25
104000135,43,239,-196
104000136,302,206,96
104000137,319,78,241
104000138,0,0,0
104000139,411,325,86
104000141,110,190,-80
104000142,0,0,0
104000143,0,0,0
104000144,0,0,0
104000145,250,36,214
104000146,0,0,0
104000147,0,0,0
104000148,54,36,18
104000149,0,0,0
104000150,286,100,186
104000151,0,0,0
104000152,0,0,0
104000153,146,68,78
104000154,0,0,0
104000155,123,100,23
104000157,60,4,56
104000158,11,16,-5
104000159,13,2,11
104000160,106,53,53
104000161,18,19,-1
104000162,36,72,-36
104000165,174,417,-243
104000167,202,180,22
104000168,54,0,54
104000169,79,1,78
104000170,0,0,0
104000248,0,0,0
104000251,0,0,0
104000272,0,0,0
104000273,0,0,0
104000274,0,0,0
104000275,0,0,0
104000279,25,123,-98
104000290,0,0,0
104000291,123,194,-71
104000293,90,100,-10
104000294,0,0,0
104000295,64,86,-22
104000296,234,165,69
104000297,45,84,-39
104000298,283,78,205
104000299,303,226,77
104000302,0,0,0
104000303,0,0,0
104900001,0,0,0
104900002,0,0,0
104900003,0,0,0
104900004,0,0,0
104900005,0,0,0
104900006,0,0,0
104900007,0,0,0
104900009,0,0,0
104900010,0,0,0
104900011,0,0,0
104900012,0,0,0
104900013,0,0,0
104900014,0,0,0
104900015,0,0,0
104900016,0,0,0
104900017,0,0,0
104900018,0,0,0
104900019,0,0,0
104900020,0,0,0
104900021,0,0,0
104900022,0,0,0
104900023,0,0,0
104900024,0,0,0
104900025,0,0,0
104900026,0,0,0
104900027,0,0,0
104900028,0,0,0
104900029,0,0,0
104900030,0,0,0
104900031,0,0,0
104900032,0,0,0
104900033,0,0,0
104900034,0,0,0
104900035,0,0,0
104900036,0,0,0
104900037,0,0,0
104900038,0,0,0
104900039,0,0,0
104900040,0,0,0
104900041,0,0,0
104900042,0,0,0
104900043,0,0,0
104900044,0,0,0
104900045,0,0,0
104900046,0,0,0
104900047,0,0,0
104900048,0,0,0
104900049,0,0,0
104900050,0,0,0
104900051,0,0,0
104900052,0,0,0
104900053,0,0,0
104900054,0,0,0
104900055,0,0,0
104900056,0,0,0
104900057,0,0,0
104900058,0,0,0
104900059,0,0,0
104900061,0,0,0
104900063,0,0,0
104900064,0,0,0
104900065,0,0,0
104900066,0,0,0
104900067,0,0,0
104900068,0,0,0
104900070,0,0,0
104900071,0,0,0
104900072,0,0,0
104900073,0,0,0
104900074,0,0,0
104900075,0,0,0
104900076,0,0,0
104900077,0,0,0
104900078,0,0,0
104900079,0,0,0
104900080,0,0,0
104900082,0,0,0
104900085,0,0,0
104900089,0,0,0
104900091,0,0,0
104900093,0,0,0
104900097,0,0,0
104900098,0,0,0
104900099,0,0,0
104900100,0,0,0
104900102,0,0,0
104900103,0,0,0
104900106,0,0,0
104900107,0,0,0
104900108,0,0,0
104900109,0,0,0
104900110,0,0,0
104900111,0,0,0
104900112,0,0,0
104900113,0,0,0
104900114,0,0,0
104900115,0,0,0
104900116,0,0,0
104900118,0,0,0
104900119,0,0,0
104900120,0,0,0
104900121,0,0,0
104900122,0,0,0
104900123,0,0,0
104900124,0,0,0
104900125,0,0,0
104900126,0,0,0
104900127,0,0,0
104900128,0,0,0
104900129,0,0,0
105000001,794,143,651
105000002,295,210,85
105000003,372,265,107
105000004,164,129,35
105000005,99,244,-145
105000006,93,299,-206
105000007,55,174,-119
105000008,6,334,-328
105000009,1669,896,773
105000010,50,117,-67
105000011,739,890,-151
105000012,26,65,-39
105000013,219,559,-340
105000014,2250,1044,1206
105000015,1528,2364,-836
105000016,153,128,25
105000017,32,46,-14
105000018,72,75,-3
105000019,0,4,-4
105000020,0,0,0
105000021,0,0,0
105000022,3,11,-8
105000023,0,0,0
105000028,0,0,0
105000029,0,6,-6
105000030,160,146,14
105000031,0,0,0
105000033,41,81,-40
105000034,0,0,0
105000037,0,0,0
105000038,289,308,-19
105000039,84,165,-81
105000040,196,412,-216
105000041,20,77,-57
105000042,890,382,508
105000043,51,36,15
105000044,176,90,86
105000045,4,30,-26
105000046,318,50,268
105000047,4,43,-39
105000048,499,249,250
105000049,4,0,4
105000050,404,176,228
105000051,0,0,0
105000052,67,75,-8
105000053,1,0,1
105000054,81,70,11
105000055,0,1,-1
105000056,396,194,202
105000057,23,0,23
105000058,19,26,-7
105000059,419,187,232
105000060,7,1,6
105000061,412,76,336
105000062,0,0,0
105000063,0,0,0
105000064,463,77,386
105000065,0,0,0
105000066,54,6,48
105000067,342,179,163
105000068,7,71,-64
105000069,47,56,-9
105000070,59,46,13
105000071,213,213,0
105000072,358,86,272
105000073,197,93,104
105000074,0,0,0
105000075,52,31,21
105000076,16,18,-2
105000077,171,6,165
105000078,13,94,-81
105000079,13,18,-5
105000080,409,597,-188
105000081,23,2,21
105000082,306,607,-301
105000083,845,683,162
105000084,0,0,0
105000085,661,795,-134
105000086,0,0,0
105000087,0,0,0
105000088,328,422,-94
105000089,74,64,10
105000090,48,34,14
105000091,0,0,0
105000092,0,0,0
105000093,0,0,0
105000094,12,4,8
105000095,0,0,0
105000096,148,191,-43
105000097,0,0,0
105000098,161,75,86
105000099,0,0,0
105000100,0,0,0
105000101,123,61,62
105000102,0,0,0
105000103,207,85,122
105000104,1,0,1
105000105,232,35,197
105000106,27,3,24
105000107,1,0,1
105000108,8,3,5
105000109,27,0,27
105000110,5,3,2
105000111,27,3,24
105000112,78,19,59
105000113,6,0,6
105000114,16,86,-70
105000115,0,0,0
105000116,120,10,110
105000117,0,0,0
105000118,26,33,-7
105000119,0,0,0
105000120,223,38,185
105000121,0,0,0
105000122,81,7,74
105000123,149,11,138
105000124,134,89,45
105000125,144,30,114
105000126,40,75,-35
105000127,103,30,73
105000128,7,10,-3
105000129,29,26,3
105000130,13,501,-488
105000131,0,0,0
105000132,138,92,46
105000133,0,0,0
105000134,239,41,198
105000135,0,0,0
105000136,0,0,0
105000137,226,7,219
105000138,0,0,0
105000139,0,0,0
105000140,368,35,333
105000141,0,0,0
105000142,146,21,125
105000143,0,0,0
105000144,0,0,0
105000145,203,58,145
105000146,0,0,0
105000147,280,55,225
105000148,250,44,206
105000149,611,255,356
105000150,0,0,0
105000151,0,0,0
105000152,1,0,1
105000153,0,0,0
105000154,1,1,0
105000155,0,0,0
105000156,1,8,-7
105000157,19,4,15
105000158,44,8,36
105000159,14,21,-7
105000160,47,75,-28
105000161,74,16,58
105000162,38,28,10
105000163,47,14,33
105000164,6,4,2
105000165,18,62,-44
105000166,15,67,-52
105000167,56,143,-87
105000168,171,102,69
105000169,39,24,15
105000170,0,0,0
105000171,0,0,0
105000172,0,0,0
105000173,18,0,18
105000174,1,0,1
105000175,0,0,0
105000176,0,6,-6
105000177,27,38,-11
105000178,7,1,6
105000179,21,2,19
105000180,0,0,0
105000181,1,0,1
105000182,0,0,0
105000183,0,0,0
105000184,0,0,0
105000185,80,229,-149
105000186,0,0,0
105000187,79,43,36
105000188,3,65,-62
105000189,0,0,0
105000190,147,55,92
105000191,8,9,-1
105000192,153,16,137
105000193,0,16,-16
105000194,106,12,94
105000195,0,24,-24
105000196,6,75,-69
105000197,1,0,1
105000198,0,0,0
105000199,13,64,-51
105000200,5,89,-84
105000201,17,0,17
105000203,0,5,-5
105000204,2,13,-11
105000205,0,0,0
105000207,0,0,0
105000208,11,128,-117
105000209,0,0,0
105000211,0,0,0
105000212,73,3,70
105000213,106,24,82
105000214,42,11,31
105000215,128,97,31
105000216,21,1,20
105000217,0,0,0
105000218,155,45,110
105000221,17,1,16
105000222,98,0,98
105000223,34,2,32
105000226,1,1,0
105000227,3,6,-3
105000228,0,8,-8
105000229,37,304,-267
105000231,212,40,172
105000233,341,371,-30
105000234,40,170,-130
105000235,197,140,57
105000237,72,2,70
105000243,0,0,0
105000248,0,0,0
105000262,0,0,0
105000269,0,0,0
105000270,103,0,103
105000271,0,0,0
105000282,9,0,9
105000287,0,0,0
105000288,0,17,-17
105000289,269,461,-192
105000290,0,0,0
105000402,23,106,-83
105000426,0,2,-2
105000438,44,181,-137
105000440,0,0,0
105000446,403,424,-21
105000447,191,39,152
105000454,0,0,0
105000455,0,0,0
105000474,5,11,-6
105000477,0,0,0
105000478,418,1262,-844
105000479,0,0,0
105000480,1638,1525,113
105000481,798,354,444
105000482,121,297,-176
105000483,246,848,-602
105000484,85,339,-254
105000485,235,1012,-777
105000486,252,287,-35
105000488,47,195,-148
105000489,301,56,245
105000549,3,31,-28
105000550,0,0,0
105000551,10,10,0
105000552,197,63,134
105000555,369,269,100
105000556,0,0,0
105000557,0,0,0
105900001,0,0,0
105900002,0,0,0
105900003,0,0,0
105900004,0,0,0
105900005,0,0,0
105900006,0,0,0
105900007,0,0,0
105900008,0,0,0
105900009,0,0,0
105900011,0,0,0
105900012,0,0,0
105900013,0,0,0
105900014,0,0,0
105900015,0,0,0
105900016,0,0,0
105900017,0,0,0
105900018,0,0,0
105900019,0,0,0
105900020,0,0,0
105900021,0,0,0
105900022,0,0,0
105900023,0,0,0
105900024,0,0,0
105900025,0,0,0
105900026,0,0,0
105900027,0,0,0
105900028,0,0,0
105900029,0,0,0
105900030,0,0,0
105900031,0,0,0
105900032,0,0,0
105900033,0,0,0
105900034,0,0,0
105900035,0,0,0
105900036,0,0,0
105900037,0,0,0
105900038,0,0,0
105900039,0,0,0
105900040,0,0,0
105900041,0,0,0
105900042,0,0,0
105900043,0,0,0
105900044,0,0,0
105900045,0,0,0
105900046,0,0,0
105900047,0,0,0
105900048,24,6,18
105900050,0,0,0
105900051,0,0,0
105900052,0,0,0
105900053,0,0,0
105900054,0,0,0
105900056,0,0,0
105900057,0,0,0
105900058,0,0,0
105900059,0,0,0
106000001,556,371,185
106000002,3,123,-120
106000003,1050,788,262
106000004,63,253,-190
106000005,2103,1303,800
106000006,86,298,-212
106000007,673,53,620
106000008,43,58,-15
106000009,640,177,463
106000010,36,83,-47
106000011,538,450,88
106000012,36,23,13
106000013,1125,407,718
106000014,38,64,-26
106000015,1277,441,836
106000016,79,100,-21
106000017,636,136,500
106000018,89,93,-4
106000019,213,157,56
106000020,2,40,-38
106000021,254,93,161
106000022,39,33,6
106000023,474,48,426
106000024,17,36,-19
106000025,199,131,68
106000026,17,50,-33
106000027,849,511,338
106000028,4,24,-20
106000029,26,34,-8
106000030,0,0,0
106000034,0,0,0
106000035,198,291,-93
106000036,0,0,0
106000037,0,0,0
106000038,0,0,0
106000039,0,0,0
106000040,0,0,0
106000041,244,61,183
106000043,91,22,69
106000046,0,0,0
106000047,0,0,0
106000049,209,10,199
106000050,0,0,0
106000051,83,89,-6
106000052,0,0,0
106000053,233,39,194
106000054,0,0,0
106000055,148,10,138
106000056,0,0,0
106000057,213,71,142
106000058,0,0,0
106000059,228,81,147
106000060,0,0,0
106000061,12,142,-130
106000062,0,0,0
106000063,569,147,422
106000064,0,0,0
106000065,144,12,132
106000066,12,2,10
106000067,138,9,129
106000068,0,0,0
106000069,45,8,37
106000070,24,1,23
106000071,203,28,175
106000072,196,153,43
106000073,399,85,314
106000074,171,138,33
106000075,150,148,2
106000076,668,142,526
106000077,564,40,524
106000078,193,49,144
106000079,509,22,487
106000080,335,31,304
106000081,561,48,513
106000082,430,9,421
106000083,299,170,129
106000084,299,10,289
106000085,657,187,470
106000086,629,61,568
106000087,217,12,205
106000088,168,41,127
106000089,352,18,334
106000090,366,89,277
106000091,1,0,1
106000092,148,55,93
106000093,230,10,220
106000094,0,0,0
106000095,228,27,201
106000096,348,49,299
106000097,324,36,288
106000098,344,21,323
106000099,17,13,4
106000100,443,10,433
106000101,317,0,317
106000102,1,24,-23
106000103,1,50,-49
106000104,102,16,86
106000105,15,53,-38
106000106,128,10,118
106000107,5,92,-87
106000108,56,4,52
106000109,2,60,-58
106000110,72,2,70
106000111,4,41,-37
106000112,57,10,47
106000113,17,50,-33
106000114,24,11,13
106000115,13,76,-63
106000116,70,62,8
106000117,0,0,0
106000118,251,54,197
106000119,0,0,0
106000120,333,176,157
106000121,18,8,10
106000122,0,0,0
106000123,30,4,26
106000124,0,0,0
106000125,0,0,0
106000126,32,0,32
106000127,0,0,0
106000128,88,16,72
106000129,0,0,0
106000130,299,47,252
106000131,0,0,0
106000132,248,29,219
106000133,0,0,0
106000134,242,60,182
106000135,0,0,0
106000136,451,69,382
106000137,0,0,0
106000138,285,8,277
106000139,76,33,43
106000140,0,0,0
106000141,0,0,0
106000142,42,14,28
106000143,0,0,0
106000144,121,13,108
106000145,0,0,0
106000146,329,112,217
106000147,73,5,68
106000148,53,47,6
106000149,250,41,209
106000150,76,58,18
106000151,254,60,194
106000152,95,92,3
106000153,6,10,-4
106000154,37,2,35
106000155,20,28,-8
106000156,237,27,210
106000157,87,97,-10
106000158,577,118,459
106000159,159,98,61
106000160,198,199,-1
106000161,61,9,52
106000162,181,35,146
106000163,60,3,57
106000164,209,13,196
106000165,39,32,7
106000166,327,8,319
106000167,87,24,63
106000168,214,16,198
106000169,35,31,4
106000170,162,26,136
106000171,17,127,-110
106000172,413,35,378
106000173,108,150,-42
106000174,240,2,238
106000175,111,3,108
106000176,374,61,313
106000177,0,0,0
106000178,285,29,256
106000179,0,0,0
106000180,119,53,66
106000181,26,51,-25
106000182,532,19,513
106000183,447,44,403
106000184,286,45,241
106000185,26,23,3
106000186,99,3,96
106000187,0,8,-8
106000188,0,0,0
106000189,0,2,-2
106000190,1,0,1
106000191,112,10,102
106000192,0,0,0
106000193,67,40,27
106000194,1,11,-10
106000195,48,1,47
106000196,0,14,-14
106000197,124,1,123
106000198,0,31,-31
106000199,121,15,106
106000200,1,84,-83
106000201,36,14,22
106000202,20,11,9
106000203,0,0,0
106000204,37,1,36
106000205,0,0,0
106000206,10,2,8
106000207,0,16,-16
106000208,349,27,322
106000209,607,60,547
106000210,1,25,-24
106000211,14,56,-42
106000212,739,60,679
106000213,0,0,0
106000214,273,44,229
106000215,9,43,-34
106000216,154,13,141
106000217,5,50,-45
106000218,53,30,23
106000219,1,63,-62
106000220,119,14,105
106000221,0,0,0
106000222,72,20,52
106000223,167,35,132
106000224,0,0,0
106000225,4,136,-132
106000226,0,0,0
106000228,0,0,0
106000229,0,0,0
106000231,227,6,221
106000232,0,0,0
106000233,48,0,48
106000234,0,0,0
106000235,45,31,14
106000236,0,0,0
106000237,0,0,0
106000238,1,0,1
106000239,0,0,0
106000240,2,0,2
106000241,0,51,-51
106000242,84,7,77
106000249,91,24,67
106000250,2,31,-29
106000251,0,0,0
106000252,0,0,0
106000253,0,0,0
106000254,0,0,0
106000255,0,0,0
106000256,0,0,0
106000257,15,7,8
106000258,0,0,0
106000259,0,0,0
106000260,0,0,0
106000261,0,0,0
106000262,0,0,0
106000263,0,0,0
106000264,0,0,0
106000265,0,0,0
106000266,0,0,0
106000267,0,0,0
106000268,0,0,0
106000269,0,0,0
106000270,44,1,43
106000271,0,0,0
106000272,0,0,0
106000273,0,0,0
106000274,0,0,0
106000275,0,0,0
106000276,0,0,0
106000277,0,0,0
106000278,0,0,0
106000279,0,0,0
106000280,0,0,0
106000281,0,0,0
106000282,0,0,0
106000283,0,0,0
106000284,0,0,0
106000285,0,0,0
106000286,0,0,0
106000287,0,0,0
106000288,0,0,0
106000289,0,0,0
106000290,0,0,0
106000291,0,0,0
106000292,0,0,0
106000293,0,0,0
106000294,0,0,0
106000295,0,0,0
106000296,0,0,0
106000297,0,0,0
106000298,0,0,0
106000299,0,0,0
106000300,0,0,0
106000301,0,0,0
106000303,0,0,0
106000304,0,0,0
106000305,0,0,0
106000306,0,0,0
106000307,0,0,0
106000308,0,0,0
106000309,0,0,0
106000310,41,1,40
106000311,140,9,131
106000312,0,15,-15
106000313,61,2,59
106000318,0,0,0
106000319,399,23,376
106000320,0,0,0
106000321,0,0,0
106000322,0,0,0
106000324,0,0,0
106000325,1231,258,973
106000326,68,57,11
106000327,119,10,109
106000328,0,0,0
106000329,0,1,-1
106000330,0,21,-21
106000428,41,107,-66
106000429,0,0,0
106000430,0,0,0
106000431,237,223,14
106000432,2,140,-138
106000433,778,538,240
106000434,1211,338,873
106000435,0,96,-96
106000436,0,0,0
106000437,75,3,72
106000438,14,6,8
106000439,0,0,0
106000440,4,29,-25
106000441,0,1,-1
106000442,28,0,28
106000443,0,2,-2
106000450,0,0,0
106000451,23,58,-35
106000454,0,0,0
106000455,0,18,-18
106000456,25,1,24
106000457,0,0,0
106000458,155,4,151
106000459,0,0,0
106000460,229,2,227
106000461,0,0,0
106000462,0,0,0
106000463,0,0,0
106000464,0,0,0
106000465,129,0,129
106000466,0,0,0
106000467,0,22,-22
106000468,56,18,38
106000469,8,0,8
106000470,0,0,0
106000471,0,0,0
106000472,21,1,20
106000473,0,0,0
106000474,9,63,-54
106000475,145,97,48
106000476,2,3,-1
106000477,0,0,0
106000480,0,0,0
106900001,0,0,0
106900002,0,0,0
106900003,0,0,0
106900004,0,0,0
106900006,0,0,0
106900007,0,0,0
106900008,0,0,0
106900009,0,0,0
106900010,0,0,0
106900012,0,0,0
106900013,0,0,0
106900014,0,0,0
106900015,0,0,0
106900016,0,0,0
106900017,0,0,0
106900018,0,0,0
106900019,0,0,0
106900020,0,0,0
106900021,0,0,0
106900022,0,0,0
106900023,0,0,0
106900024,0,0,0
106900025,0,0,0
106900026,0,0,0
106900027,132,0,132
107000001,1478,2174,-696
107000002,141,223,-82
107000003,4251,4041,210
107000004,350,333,17
107000005,4767,2949,1818
107000006,300,223,77
107000007,1739,2453,-714
107000008,427,219,208
107000009,3926,2945,981
107000010,388,368,20
107000011,0,0,0
107000012,0,0,0
107000013,0,0,0
107000014,0,0,0
107000015,0,0,0
107000016,0,0,0
107000017,7,2,5
107000018,0,0,0
107000020,53,301,-248
107000021,28,9,19
107000022,66,318,-252
107000023,254,3,251
107000024,82,129,-47
107000025,31,56,-25
107000026,15,55,-40
107000027,143,40,103
107000028,25,105,-80
107000029,855,69,786
107000030,43,74,-31
107000031,929,258,671
107000032,67,105,-38
107000033,203,22,181
107000034,0,0,0
107000035,23,36,-13
107000036,0,0,0
107000037,43,101,-58
107000038,3,2,1
107000039,109,296,-187
107000040,17,1,16
107000041,351,40,311
107000042,59,70,-11
107000043,282,82,200
107000044,35,18,17
107000045,4,24,-20
107000046,390,39,351
107000047,19,44,-25
107000048,247,34,213
107000049,13,88,-75
107000050,386,103,283
107000051,32,177,-145
107000052,243,51,192
107000053,210,44,166
107000054,7,150,-143
107000055,173,17,156
107000056,19,30,-11
107000057,35,203,-168
107000058,941,1118,-177
107000059,0,0,0
107000060,2178,1898,280
107000061,17,3,14
107000062,1699,1139,560
107000063,5,39,-34
107000064,1362,912,450
107000065,4,34,-30
107000066,804,679,125
107000067,184,123,61
107000068,102,143,-41
107000069,180,235,-55
107000070,177,0,177
107000071,645,1,644
107000072,0,0,0
107000073,229,12,217
107000074,0,0,0
107000075,1251,34,1217
107000076,0,0,0
107000077,1086,32,1054
107000078,0,0,0
107000079,855,39,816
107000080,0,0,0
107000081,873,165,708
107000082,0,0,0
107000083,333,393,-60
107000084,0,0,0
107000085,645,597,48
107000086,170,313,-143
107000087,372,198,174
107000088,76,101,-25
107000089,371,207,164
107000090,56,68,-12
107000091,410,148,262
107000092,53,47,6
107000093,187,285,-98
107000094,84,105,-21
107000095,1120,592,528
107000096,0,0,0
107000097,314,191,123
107000098,0,0,0
107000099,193,106,87
107000100,0,0,0
107000101,86,140,-54
107000102,0,0,0
107000103,205,79,126
107000104,0,0,0
107000105,345,59,286
107000106,0,0,0
107000107,382,161,221
107000108,0,0,0
107000109,165,11,154
107000110,0,0,0
107000111,74,0,74
107000112,0,0,0
107000113,365,34,331
107000114,0,0,0
107000115,392,28,364
107000116,0,0,0
107000117,149,74,75
107000118,0,0,0
107000119,727,219,508
107000120,0,0,0
107000121,546,34,512
107000122,5,97,-92
107000123,419,24,395
107000124,22,35,-13
107000125,559,41,518
107000126,42,37,5
107000129,0,0,0
107000130,152,45,107
107000131,0,0,0
107000132,244,86,158
107000133,3,0,3
107000134,49,0,49
107000135,0,0,0
107000136,95,0,95
107000137,0,4,-4
107000138,1,0,1
107000139,0,6,-6
107000140,75,0,75
107000141,0,1,-1
107000142,65,0,65
107000143,0,6,-6
107000144,34,1,33
107000145,0,9,-9
107000146,0,0,0
107000147,1,14,-13
107000150,0,0,0
107000151,0,0,0
107000152,35,117,-82
107000153,0,0,0
107000154,0,0,0
107000155,42,2,40
107000156,152,2,150
107000157,0,1,-1
107000158,6,0,6
107000159,0,1,-1
107000160,72,12,60
107000161,0,0,0
107000162,21,38,-17
107000163,42,0,42
107000164,0,0,0
107000165,0,0,0
107000166,0,0,0
107000167,0,0,0
107000168,519,52,467
107000169,10,8,2
107000170,485,40,445
107000171,12,10,2
107000172,288,49,239
107000173,4,7,-3
107000174,188,208,-20
107000175,20,9,11
107000176,19,0,19
107000177,5,0,5
107000178,0,6,-6
107000179,0,0,0
107000180,504,18,486
107000181,0,0,0
107000182,561,18,543
107000183,0,0,0
107000184,306,19,287
107000185,0,0,0
107000186,346,50,296
107000187,78,58,20
107000188,0,0,0
107000189,51,25,26
107000190,0,0,0
107000191,89,82,7
107000192,0,0,0
107000193,82,52,30
107000194,0,0,0
107000197,187,17,170
107000198,0,0,0
107000199,93,35,58
107000200,15,20,-5
107000201,51,93,-42
107000202,80,72,8
107000203,41,190,-149
107000204,75,520,-445
107000205,71,28,43
107000206,21,379,-358
107000207,15,30,-15
107000208,18,30,-12
107000209,0,0,0
107000210,0,0,0
107000211,0,0,0
107000212,0,0,0
107000213,0,0,0
107000214,0,0,0
107000215,0,0,0
107000216,0,0,0
107000217,0,0,0
107000219,0,0,0
107000220,0,0,0
107000222,16,31,-15
107000224,13,0,13
107000225,0,0,0
107000226,118,7,111
107000227,0,0,0
107000228,0,0,0
107000229,0,0,0
107000230,31,9,22
107000231,75,113,-38
107000232,0,0,0
107000233,0,0,0
107000234,0,0,0
107000235,138,2,136
107000236,0,0,0
107000237,5,0,5
107000238,20,0,20
107000239,0,0,0
107000240,0,0,0
107000243,0,0,0
107000244,14,0,14
107000246,0,0,0
107000249,0,0,0
107000251,0,0,0
107000252,0,0,0
107000255,0,0,0
107000257,0,0,0
107000258,0,0,0
107000259,0,0,0
107000260,0,0,0
107000262,0,0,0
107000263,0,0,0
107000266,0,0,0
107000267,0,0,0
107000268,0,0,0
107000269,1,0,1
107000270,0,0,0
107000271,0,0,0
107000272,0,0,0
107000273,0,0,0
107000274,2,0,2
107000275,0,0,0
107000280,92,0,92
107000281,0,0,0
107000282,0,0,0
107000290,0,0,0
107000291,0,0,0
107000292,0,0,0
107000293,0,0,0
107000294,0,0,0
107000295,0,0,0
107000296,0,0,0
107000444,16,0,16
107000496,0,4,-4
107000497,0,0,0
107000500,0,0,0
107000501,0,0,0
107000502,0,0,0
107000505,3,37,-34
107000506,0,0,0
107000508,0,0,0
107000509,41,67,-26
107000510,0,0,0
107000514,0,0,0
107000515,0,0,0
107000516,146,59,87
107000518,364,40,324
107000519,0,0,0
107000520,0,0,0
107000521,0,0,0
107000522,512,213,299
107900001,0,0,0
107900002,0,0,0
107900003,0,0,0
107900004,0,0,0
107900005,0,0,0
107900006,0,0,0
107900007,0,0,0
107900008,0,0,0
107900009,0,0,0
107900010,0,0,0
107900012,0,0,0
107900013,0,0,0
107900014,0,0,0
107900015,0,0,0
107900016,0,0,0
107900017,0,0,0
107900018,0,0,0
107900019,0,0,0
107900020,0,0,0
107900021,0,0,0
107900023,0,0,0
107900024,0,0,0
107900025,0,0,0
107900026,0,0,0
107900027,0,0,0
107900028,0,0,0
107900030,0,0,0
107900031,0,0,0
107900032,0,0,0
107900033,0,0,0
107900034,0,0,0
107900035,0,0,0
107900036,0,0,0
107900037,0,0,0
107900038,0,0,0
107900039,0,0,0
107900040,0,0,0
107900041,0,0,0
107900043,0,0,0
107900044,0,0,0
107900045,0,0,0
107900046,0,0,0
107900047,0,0,0
107900048,0,0,0
107900049,0,0,0
107900050,0,0,0
107900051,0,0,0
107900052,0,0,0
107900053,0,0,0
107900055,0,0,0
107900056,0,0,0
107900057,0,0,0
107900058,0,0,0
107900060,0,0,0
107900061,0,0,0
107900063,0,0,0
107900064,0,0,0
107900065,0,0,0
107900066,0,0,0
107900067,0,0,0
107900068,0,0,0
107900069,0,0,0
107900070,0,0,0
107900071,0,0,0
107900072,0,0,0
107900073,0,0,0
107900074,0,0,0
107900076,0,0,0
107900077,0,0,0
107900079,0,0,0
107900080,0,0,0
107900081,0,0,0
107900082,0,0,0
107900083,0,0,0
107900084,0,0,0
107900086,0,0,0
107900087,0,0,0
107900088,0,0,0
107900089,0,0,0
107900090,0,0,0
107900091,0,0,0
107900093,0,0,0
107900095,0,0,0
107900097,0,0,0
107900098,0,0,0
107900100,0,0,0
107900101,0,0,0
107900102,0,0,0
107900103,0,0,0
107900104,0,0,0
107900105,0,0,0
107900106,0,0,0
107900107,0,0,0
107900108,0,0,0
107900109,0,0,0
107900110,0,0,0
107900111,0,0,0
107900112,0,0,0
107900113,0,0,0
107900114,0,0,0
107900115,0,0,0
107900116,0,0,0
107900117,0,0,0
107900118,0,0,0
107900119,0,0,0
107900120,0,0,0
107900121,0,0,0
107900122,0,0,0
107900123,0,0,0
107900124,0,0,0
107900125,0,0,0
107900126,0,0,0
107900127,0,0,0
107900128,0,0,0
107900129,0,0,0
107900130,0,0,0
107900131,0,0,0
107900132,0,0,0
107900133,0,0,0
107900134,0,0,0
107900135,0,0,0
107900136,0,0,0
107900137,0,0,0
107900138,0,0,0
107900139,0,0,0
107900141,0,0,0
107900142,0,0,0
107900143,0,0,0
107900144,0,0,0
107900145,0,0,0
107900146,0,0,0
107900147,0,0,0
107900148,0,0,0
107900149,0,0,0
107900150,0,0,0
107900151,0,0,0
107900152,0,0,0
107900153,0,0,0
107900154,0,0,0
107900155,0,0,0
107900156,0,0,0
107900157,0,0,0
107900158,0,0,0
107900159,0,0,0
107900160,0,0,0
107900161,0,0,0
107900162,0,0,0
107900163,0,0,0
107900164,0,0,0
107900165,0,0,0
107900166,0,0,0
107900167,0,0,0
107900168,0,0,0
107900169,0,0,0
107900171,0,0,0
107900172,0,0,0
107900173,0,0,0
107900174,0,0,0
107900175,0,0,0
107900176,0,0,0
107900177,0,0,0
107900178,0,0,0
107900179,0,0,0
107900180,0,0,0
107900181,0,0,0
107900182,0,0,0
107900183,0,0,0
107900184,0,0,0
107900185,0,0,0
107900186,0,0,0
107900187,0,0,0
107900188,0,0,0
107900189,0,0,0
107900190,0,0,0
107900191,0,0,0
107900193,0,0,0
107900194,0,0,0
107900195,0,0,0
107900196,0,0,0
107900197,0,0,0
107900199,0,0,0
107900201,0,0,0
107900203,0,0,0
107900204,0,0,0
107900206,0,0,0
107900207,0,0,0
107900208,0,0,0
107900209,0,0,0
107900210,0,0,0
107900213,0,0,0
107900214,0,0,0
107900215,0,0,0
107900216,0,0,0
107900217,0,0,0
107900218,0,0,0
107900219,0,0,0
107900220,0,0,0
107900221,0,0,0
107900223,0,0,0
107900224,0,0,0
107900225,0,0,0
107900226,0,0,0
107900227,0,0,0
107900228,0,0,0
107900229,0,0,0
107900230,0,0,0
107900231,0,0,0
107900232,0,0,0
107900233,0,0,0
107900234,0,0,0
107900235,0,0,0
107900236,0,0,0
107900237,0,0,0
107900238,0,0,0
107900239,0,0,0
107900240,0,0,0
107900241,0,0,0
107900242,0,0,0
107900243,0,0,0
107900244,0,0,0
107900245,0,0,0
107900246,0,0,0
107900248,0,0,0
107900249,0,0,0
107900250,0,0,0
107900251,0,0,0
107900252,0,0,0
107900253,0,0,0
107900254,0,0,0
107900255,0,0,0
107900256,0,0,0
107900257,0,0,0
107900258,0,0,0
107900259,0,0,0
107900261,0,0,0
107900262,0,0,0
107900264,0,0,0
107900265,0,0,0
107900267,0,0,0
107900268,0,0,0
107900269,0,0,0
107900270,0,0,0
107900271,0,0,0
107900272,0,0,0
107900273,0,0,0
107900274,0,0,0
107900275,0,0,0
107900276,0,0,0
107900277,0,0,0
107900278,0,0,0
107900279,0,0,0
107900280,0,0,0
107900281,0,0,0
107900282,0,0,0
107900283,0,0,0
107900284,0,0,0
107900285,0,0,0
107900286,0,0,0
107900287,0,0,0
107900290,0,0,0
107900291,0,0,0
107900292,0,0,0
107900293,0,0,0
107900295,0,0,0
107900297,0,0,0
107900298,0,0,0
107900299,0,0,0
107900301,3,48,-45
107900302,0,0,0
107900303,0,0,0
107900304,0,0,0
107900305,0,0,0
107900306,0,0,0
107900307,0,0,0
107900308,0,0,0
107900309,0,0,0
107900310,0,0,0
107900311,0,0,0
107900312,0,0,0
107900313,0,0,0
107900314,0,0,0
107900315,0,0,0
107900316,0,0,0
107900317,0,0,0
107900318,0,0,0
107900319,0,0,0
107900320,0,0,0
107900321,0,0,0
107900322,0,0,0
107900323,0,0,0
107900324,0,0,0
107900325,0,0,0
107900326,0,0,0
107900327,0,0,0
107900328,0,0,0
107900329,0,0,0
107900330,0,0,0
107900331,0,0,0
107900332,0,0,0
107900333,0,0,0
107900334,0,0,0
107900335,0,0,0
107900336,0,0,0
107900337,0,0,0
107900338,0,0,0
107900339,0,0,0
107900340,0,0,0
107900341,0,0,0
107900342,0,0,0
107900343,0,0,0
107900344,0,0,0
107900345,0,0,0
107900346,0,0,0
107900347,0,0,0
107900348,0,0,0
107900349,0,0,0
107900350,0,0,0
107900351,0,0,0
107900352,0,0,0
107900353,0,0,0
107900354,0,0,0
108000001,1946,1038,908
108000002,42,122,-80
108000003,1325,704,621
108000004,434,1028,-594
108000005,4453,1393,3060
108000006,122,632,-510
108000007,4103,929,3174
108000008,384,267,117
108000009,2557,1173,1384
108000010,163,291,-128
108000011,4330,1610,2720
108000012,565,710,-145
108000014,305,1,304
108000015,624,15,609
108000016,0,2,-2
108000017,806,36,770
108000018,1094,57,1037
108000019,162,27,135
108000020,481,85,396
108000021,0,0,0
108000022,32,98,-66
108000023,642,54,588
108000024,246,22,224
108000025,43,1,42
108000026,399,9,390
108000027,42,0,42
108000028,272,7,265
108000029,33,1,32
108000030,379,0,379
108000031,14,0,14
108000032,1120,89,1031
108000033,0,0,0
108000034,1098,55,1043
108000035,0,0,0
108000036,8,36,-28
108000037,664,61,603
108000038,836,65,771
108000039,11,28,-17
108000040,966,172,794
108000041,20,9,11
108000042,244,4,240
108000043,35,0,35
108000044,611,8,603
108000045,12,0,12
108000046,1098,230,868
108000047,0,0,0
108000048,0,0,0
108000049,286,89,197
108000050,0,4,-4
108000051,217,24,193
108000052,1,8,-7
108000053,272,17,255
108000054,25,7,18
108000055,365,101,264
108000056,30,10,20
108000057,285,422,-137
108000058,509,607,-98
108000059,3,85,-82
108000060,161,137,24
108000061,0,0,0
108000062,285,60,225
108000063,0,0,0
108000064,102,88,14
108000065,0,0,0
108000066,517,49,468
108000067,833,45,788
108000068,671,132,539
108000069,0,0,0
108000070,1353,114,1239
108000071,0,0,0
108000072,1619,183,1436
108000073,0,0,0
108000074,528,126,402
108000075,0,0,0
108000076,766,235,531
108000077,0,0,0
108000078,1948,702,1246
108000079,0,0,0
108000080,1062,190,872
108000081,0,0,0
108000082,0,0,0
108000083,89,39,50
108000084,0,0,0
108000085,58,72,-14
108000086,0,0,0
108000087,42,234,-192
108000088,529,41,488
108000089,0,0,0
108000091,0,0,0
108000092,516,49,467
108000093,0,0,0
108000094,855,78,777
108000095,0,0,0
108000096,371,362,9
108000097,0,0,0
108000098,1212,131,1081
108000099,84,39,45
108000100,142,81,61
108000101,938,267,671
108000102,324,604,-280
108000106,265,0,265
108000107,0,0,0
108000108,98,3,95
108000109,0,0,0
108000110,14,3,11
108000111,0,0,0
108000112,1,45,-44
108000113,110,38,72
108000115,55,11,44
108000117,161,16,145
108000118,1,101,-100
108000119,64,5,59
108000120,618,166,452
108000121,72,24,48
108000122,631,32,599
108000123,639,49,590
108000124,0,0,0
108000125,355,70,285
108000126,0,0,0
108000127,526,63,463
108000128,0,0,0
108000129,0,0,0
108000130,380,70,310
108000131,320,83,237
108000132,0,0,0
108000133,711,45,666
108000134,0,0,0
108000135,1280,23,1257
108000136,0,0,0
108000137,40,8,32
108000138,0,21,-21
108000139,20,31,-11
108000140,0,0,0
108000141,0,0,0
108000142,0,0,0
108000143,0,0,0
108000144,0,0,0
108000145,0,0,0
108000146,0,0,0
108000147,0,0,0
108000148,0,0,0
108000149,0,0,0
108000150,0,0,0
108000151,0,0,0
108000152,0,0,0
108000153,0,0,0
108000154,0,0,0
108000155,0,0,0
108000156,0,0,0
108000157,0,0,0
108000158,0,0,0
108000159,13,17,-4
108000160,122,9,113
108000161,199,63,136
108000165,0,0,0
108000172,0,0,0
108000173,0,0,0
108000175,257,49,208
108000178,0,0,0
108000179,48,473,-425
108000181,0,0,0
108000182,0,0,0
108000183,0,0,0
108000184,6,113,-107
108000185,0,0,0
108000186,0,0,0
108000187,0,0,0
108000188,0,0,0
108000189,76,18,58
108000190,0,0,0
108000192,0,0,0
108000193,0,144,-144
108000194,9,1,8
108000195,0,0,0
108000196,30,0,30
108000198,0,0,0
108000199,0,0,0
108000200,0,0,0
108000203,0,0,0
108000204,0,0,0
108000205,0,0,0
108000339,157,8,149
108000364,23,27,-4
108000365,0,15,-15
108000367,0,0,0
108000368,0,0,0
108000369,0,0,0
108000371,0,0,0
108000372,206,0,206
108000373,28,19,9
108000376,0,0,0
108000377,29,41,-12
108000378,5227,2569,2658
108000379,0,0,0
108000381,0,0,0
108000382,38,0,38
108000383,0,0,0
108900001,0,0,0
108900002,0,0,0
108900003,0,0,0
108900004,96,27,69
108900007,40,4,36
108900008,4,2,2
108900009,19,0,19
108900010,0,0,0
108900011,75,13,62
108900012,3,1,2
108900013,61,10,51
108900014,0,0,0
108900015,0,0,0
108900016,0,0,0
108900017,0,0,0
108900018,0,0,0
108900019,0,0,0
108900020,0,0,0
108900021,0,0,0
108900022,0,0,0
108900023,0,0,0
108900024,0,0,0
108900025,0,0,0
108900026,0,0,0
108900027,0,0,0
108900028,0,0,0
108900029,0,0,0
108900030,0,0,0
108900031,0,0,0
108900032,0,0,0
108900033,0,0,0
108900034,0,0,0
108900035,0,0,0
108900038,0,0,0
108900039,0,0,0
108900040,0,0,0
108900041,212,87,125
108900042,0,0,0
108900043,0,0,0
108900044,0,0,0
108900045,0,0,0
108900046,0,0,0
108900047,0,0,0
108900048,0,0,0
108900049,0,0,0
108900050,0,0,0
108900051,0,0,0
108900052,0,0,0
108900053,0,0,0
108900054,0,0,0
108900055,0,0,0
108900056,0,0,0
108900057,0,0,0
108900058,0,0,0
108900059,0,0,0
108900060,2,5,-3
108900061,0,0,0
108900062,0,0,0
108900063,0,0,0
108900064,0,0,0
108900065,0,0,0
108900066,28,0,28
108900067,0,0,0
108900068,0,0,0
108900069,0,0,0
108900070,0,0,0
108900071,4,0,4
108900072,0,0,0
108900073,0,0,0
108900074,0,0,0
108900075,0,0,0
108900076,8,1,7
108900077,0,0,0
108900078,0,0,0
108900079,0,0,0
108900080,0,0,0
108900081,0,0,0
108900082,0,0,0
108900083,0,0,0
108900085,0,0,0
108900086,0,0,0
108900087,0,0,0
108900088,22,4,18
108900089,0,0,0
108900090,0,0,0
108900091,0,0,0
108900092,127,22,105
108900093,0,0,0
108900094,0,0,0
108900095,0,0,0
108900096,0,0,0
108900097,38,3,35
108900098,0,0,0
108900099,47,9,38
108900100,0,0,0
108900101,0,0,0
108900102,0,0,0
108900103,0,0,0
108900105,0,0,0
108900106,8,1,7
108900108,0,0,0
108900109,0,0,0
108900110,20,3,17
108900111,23,2,21
108900113,0,0,0
108900114,0,0,0
108900115,0,0,0
108900116,0,0,0
108900117,0,0,0
108900118,0,0,0
108900119,0,0,0
108900120,0,0,0
108900121,0,0,0
108900122,0,0,0
108900123,0,0,0
108900124,0,0,0
108900125,0,0,0
108900126,0,0,0
108900127,0,0,0
108900128,0,0,0
108900129,0,0,0
108900130,0,0,0
108900131,0,0,0
108900132,0,0,0
108900133,0,0,0
108900134,0,0,0
108900135,0,0,0
108900136,0,0,0
108900137,0,0,0
108900138,0,0,0
108900140,0,0,0
108900141,0,0,0
108900142,0,0,0
108900143,0,0,0
108900144,0,0,0
108900145,0,0,0
108900146,0,0,0
108900147,0,0,0
108900148,0,0,0
108900150,0,0,0
108900151,0,0,0
108900152,0,0,0
108900153,0,0,0
108900154,9,2,7
108900156,0,0,0
108900157,0,0,0
108900158,0,0,0
108900159,0,0,0
108900160,0,0,0
108900161,0,0,0
108900162,0,0,0
108900163,0,0,0
108900164,0,0,0
108900168,0,0,0
108900169,0,0,0
108900171,66,65,1
108900172,0,0,0
108900173,0,0,0
108900174,0,0,0
108900176,0,0,0
108900177,0,0,0
108900178,0,0,0
108900180,1,25,-24
108900183,0,0,0
108900184,20,1,19
108900185,0,0,0
108900186,0,0,0
108900189,41,2,39
108900190,0,0,0
108900192,0,0,0
108900195,11,0,11
108900196,0,0,0
108900199,0,0,0
108900200,0,0,0
108900201,0,0,0
108900203,0,0,0
108900204,0,0,0
108900205,0,0,0
108900206,0,0,0
108900207,0,0,0
108900208,0,0,0
108900209,0,0,0
108900210,0,0,0
108900211,0,0,0
108900212,0,0,0
108900215,0,0,0
108900216,0,0,0
108900217,0,0,0
108900218,0,0,0
108900221,0,0,0
108900224,0,0,0
108900225,0,0,0
108900227,0,0,0
108900230,0,0,0
108900232,0,0,0
108900233,0,0,0
108900234,0,0,0
108900235,0,0,0
108900236,0,0,0
108900240,0,0,0
108900241,0,0,0
108900245,0,0,0
108900250,0,0,0
108900258,0,0,0
108900259,0,0,0
108900260,0,0,0
108900261,0,0,0
108900262,0,0,0
108900263,0,0,0
108900264,0,0,0
108900265,0,0,0
108900266,0,0,0
108900267,0,0,0
108900268,0,0,0
108900269,0,0,0
108900270,0,0,0
108900271,0,0,0
108900272,0,0,0
108900273,0,0,0
108900274,0,0,0
109000001,787,548,239
109000002,0,300,-300
109000003,1793,169,1624
109000004,1,213,-212
109000005,1539,114,1425
109000006,3,140,-137
109000007,1333,155,1178
109000008,6,84,-78
109000009,1722,222,1500
109000010,35,223,-188
109000011,2177,443,1734
109000012,30,125,-95
109000013,2875,918,1957
109000014,52,173,-121
109000015,3693,533,3160
109000016,54,197,-143
109000017,2037,511,1526
109000018,145,373,-228
109000019,1761,306,1455
109000020,3,156,-153
109000023,13,0,13
109000024,0,0,0
109000025,0,0,0
109000026,40,0,40
109000027,0,0,0
109000028,15,0,15
109000029,0,0,0
109000030,0,0,0
109000031,221,38,183
109000032,0,0,0
109000033,178,23,155
109000034,0,0,0
109000035,0,0,0
109000036,1,10,-9
109000037,0,0,0
109000038,28,17,11
109000039,0,0,0
109000040,0,0,0
109000041,81,81,0
109000042,11,70,-59
109000044,165,21,144
109000045,0,0,0
109000046,116,13,103
109000047,0,0,0
109000048,165,31,134
109000049,0,0,0
109000050,182,43,139
109000051,0,0,0
109000052,0,0,0
109000053,0,0,0
109000054,0,0,0
109000055,0,0,0
109000056,0,0,0
109000057,0,0,0
109000058,0,0,0
109000059,0,0,0
109000060,2,5,-3
109000061,0,0,0
109000062,1,2,-1
109000063,0,0,0
109000064,0,25,-25
109000065,0,0,0
109000066,2,0,2
109000067,0,0,0
109000068,108,0,108
109000069,272,19,253
109000070,0,0,0
109000071,0,0,0
109000072,0,0,0
109000073,0,0,0
109000074,0,0,0
109000075,0,0,0
109000076,4,46,-42
109000077,24,4,20
109000078,1,9,-8
109000079,3,3,0
109000080,23,3,20
109000081,3,6,-3
109000082,72,4,68
109000083,44,10,34
109000088,0,22,-22
109000089,0,0,0
109000090,0,5,-5
109000091,0,0,0
109000092,3,24,-21
109000093,0,0,0
109000094,0,0,0
109000095,0,12,-12
109000096,58,15,43
109000097,0,0,0
109000098,21,23,-2
109000099,174,14,160
109000100,7,5,2
109000101,346,47,299
109000102,14,37,-23
109000103,18,4,14
109000104,481,16,465
109000105,19,62,-43
109000106,274,20,254
109000107,19,47,-28
109000108,451,40,411
109000109,8,31,-23
109000110,94,59,35
109000111,29,201,-172
109000112,0,0,0
109000113,7,0,7
109000114,158,43,115
109000115,245,8,237
109000116,0,0,0
109000117,93,0,93
109000118,0,6,-6
109000119,268,2,266
109000120,0,3,-3
109000121,229,15,214
109000122,1,0,1
109000123,0,0,0
109000124,55,1,54
109000125,638,1,637
109000126,1,5,-4
109000127,612,12,600
109000128,21,10,11
109000129,515,40,475
109000130,0,4,-4
109000131,126,301,-175
109000132,38,46,-8
109000133,0,0,0
109000134,0,0,0
109000135,0,0,0
109000136,57,15,42
109000137,40,2,38
109000138,31,6,25
109000139,76,25,51
109000140,10,13,-3
109000141,106,11,95
109000142,0,1,-1
109000143,0,0,0
109000145,0,0,0
109000146,19,3,16
109000148,0,0,0
109000149,0,0,0
109000150,9,60,-51
109000155,0,0,0
109000156,307,14,293
109000158,0,0,0
109000159,44,10,34
109000160,0,0,0
109000161,584,39,545
109000162,62,2,60
109000163,466,29,437
109000164,33,34,-1
109000165,380,134,246
109000166,45,1,44
109000167,22,4,18
109000170,0,0,0
109000171,0,0,0
109000172,0,0,0
109000173,0,0,0
109000174,0,0,0
109000175,0,0,0
109000176,24,2,22
109000177,0,0,0
109000178,15,4,11
109000179,0,0,0
109000180,0,0,0
109000181,0,0,0
109000182,0,0,0
109000183,1,0,1
109000184,0,0,0
109000185,8,13,-5
109000188,35,20,15
109000189,48,0,48
109000190,0,0,0
109000191,415,18,397
109000192,0,0,0
109000193,0,0,0
109000194,0,0,0
109000195,0,0,0
109000196,0,0,0
109000197,0,0,0
109000198,0,0,0
109000199,0,0,0
109000206,0,0,0
109000207,0,0,0
109000208,0,0,0
109000209,0,0,0
109000210,1,0,1
109000211,0,0,0
109000214,20,41,-21
109000215,228,21,207
109000216,18,199,-181
109000217,0,0,0
109000218,0,0,0
109000221,1,58,-57
109000222,4,22,-18
109000223,13,106,-93
109000224,0,0,0
109000225,20,8,12
109000226,30,3,27
109000227,66,11,55
109000228,0,0,0
109000231,0,0,0
109000232,71,5,66
109000236,0,0,0
109000241,81,23,58
109000242,371,52,319
109000293,0,0,0
109000361,22,18,4
109000364,0,0,0
109000396,0,1,-1
109000397,0,0,0
109000399,1,4,-3
109000400,0,0,0
109000403,0,0,0
109000406,76,2,74
109000407,0,0,0
109000408,0,100,-100
109000410,0,0,0
109000411,56,1,55
109000412,0,0,0
109900001,0,0,0
109900002,0,0,0
109900003,0,0,0
109900005,0,0,0
109900006,0,0,0
109900007,0,0,0
109900008,0,0,0
109900009,0,0,0
109900010,0,0,0
109900011,0,0,0
109900012,0,0,0
109900013,0,0,0
109900014,0,0,0
109900015,0,0,0
109900016,0,0,0
109900017,0,0,0
109900018,0,0,0
109900019,0,0,0
109900020,0,0,0
109900021,0,0,0
109900022,29,0,29
109900023,0,0,0
109900024,0,0,0
109900025,0,0,0
109900027,0,0,0
109900028,0,0,0
109900029,0,0,0
109900030,0,0,0
109900031,0,0,0
109900032,0,0,0
109900033,0,0,0
109900034,0,0,0
109900035,0,0,0
109900036,0,0,0
109900037,0,0,0
109900038,0,0,0
109900039,0,0,0
109900040,0,0,0
109900041,0,0,0
109900042,0,0,0
109900044,0,0,0
109900045,0,0,0
109900046,140,2,138
109900047,0,0,0
109900048,0,0,0
109900049,0,0,0
109900050,0,0,0
109900051,0,0,0
109900052,0,0,0
109900053,0,0,0
109900054,0,0,0
109900055,0,0,0
109900056,0,0,0
109900057,0,0,0
109900058,0,0,0
109900060,0,0,0
109900061,0,0,0
109900062,0,0,0
109900064,16,0,16
109900065,0,0,0
109900066,0,0,0
109900067,0,0,0
109900068,0,0,0
109900069,0,0,0
109900071,0,0,0
109900072,0,0,0
109900073,0,0,0
109900074,0,0,0
109900075,0,0,0
109900076,0,0,0
109900077,0,0,0
109900078,0,0,0
109900080,0,0,0
109900081,0,0,0
109900082,0,0,0
109900083,0,0,0
109900084,0,0,0
109900085,0,0,0
109900086,0,0,0
109900087,0,0,0
109900089,0,0,0
109900092,0,0,0
109900093,0,0,0
109900094,0,0,0
109900095,0,0,0
109900096,0,0,0
109900097,0,0,0
109900098,0,0,0
109900099,0,0,0
109900100,0,0,0
109900101,0,0,0
109900102,0,0,0
109900103,0,0,0
109900104,0,0,0
109900105,0,0,0
109900106,0,0,0
109900107,0,0,0
109900108,0,0,0
109900109,0,0,0
109900111,0,0,0
109900114,0,0,0
109900115,0,0,0
109900117,0,0,0
109900121,0,0,0
109900123,0,0,0
109900125,0,0,0
109900126,0,0,0
109900130,0,0,0
109900131,0,0,0
109900132,0,0,0
109900134,0,0,0
109900135,0,0,0
109900137,0,0,0
109900140,0,0,0
109900149,0,0,0
109900150,0,0,0
109900151,0,0,0
109900152,0,0,0
109900153,0,0,0
109900154,0,0,0
109900155,0,0,0
109900157,0,0,0
109900159,0,0,0
109900161,0,0,0
109900162,0,0,0
109900163,0,0,0
109900164,0,0,0
109900165,0,0,0
109900166,0,0,0
109900167,0,0,0
109900168,0,0,0
109900169,0,0,0
109900170,0,0,0
109900171,0,0,0
109900172,0,0,0
109900173,0,0,0
109900174,0,0,0
109900175,0,0,0
109900176,0,0,0
109900177,0,0,0
109900178,0,0,0
109900179,0,0,0
109900180,0,0,0
110000001,57,93,-36
110000002,609,270,339
110000003,81,309,-228
110000004,506,207,299
110000005,51,79,-28
110000006,3,13,-10
110000007,17,1,16
110000008,0,0,0
110000009,1,0,1
110000010,0,0,0
110000011,0,0,0
110000012,0,0,0
110000013,0,11,-11
110000014,22,22,0
110000015,9,3,6
110000016,23,40,-17
110000017,46,67,-21
110000018,10,25,-15
110000019,0,0,0
110000020,0,0,0
110000021,19,5,14
110000022,0,0,0
110000023,0,0,0
110000024,0,0,0
110000025,0,0,0
110000026,0,0,0
110000027,13,53,-40
110000028,130,9,121
110000029,0,0,0
110000030,48,11,37
110000031,0,0,0
110000032,91,8,83
110000033,1,2,-1
110000034,6,0,6
110000035,33,38,-5
110000036,44,0,44
110000037,3,24,-21
110000038,16,6,10
110000039,218,54,164
110000040,0,0,0
110000041,196,138,58
110000042,0,0,0
110000043,78,59,19
110000044,0,0,0
110000045,13,19,-6
110000046,0,0,0
110000047,1,15,-14
110000048,0,0,0
110000049,2,0,2
110000050,0,0,0
110000051,0,0,0
110000052,1,17,-16
110000053,0,0,0
110000054,0,0,0
110000055,23,7,16
110000056,105,21,84
110000057,0,0,0
110000058,84,66,18
110000059,19,93,-74
110000060,858,213,645
110000061,33,113,-80
110000062,661,196,465
110000063,0,0,0
110000064,10,9,1
110000065,0,0,0
110000066,0,0,0
110000067,2,0,2
110000068,0,1,-1
110000069,0,0,0
110000071,0,0,0
110000073,0,0,0
110000075,0,0,0
110000076,0,0,0
110000077,0,0,0
110000078,0,0,0
110000080,43,4,39
110000081,0,0,0
110000082,0,0,0
110000083,19,96,-77
110000084,433,141,292
110000085,145,221,-76
110000086,322,168,154
110000087,0,23,-23
110000088,0,78,-78
110000089,247,0,247
110000090,0,0,0
110000091,0,0,0
110000092,0,0,0
110000093,82,7,75
110000094,0,0,0
110000095,407,26,381
110000096,75,38,37
110000097,598,79,519
110000098,357,28,329
110000099,21,53,-32
110000100,71,0,71
110000101,0,0,0
110000102,0,0,0
110000104,0,0,0
110000105,18,4,14
110000106,0,0,0
110000107,5,35,-30
110000108,382,7,375
110000109,0,0,0
110000110,682,61,621
110000111,0,0,0
110000112,0,0,0
110000113,0,2,-2
110000114,1,2,-1
110000115,14,32,-18
110000116,1,9,-8
110000117,0,0,0
110000118,108,12,96
110000119,0,0,0
110000120,59,11,48
110000121,0,0,0
110000122,19,6,13
110000123,74,64,10
110000124,0,0,0
110000125,299,8,291
110000126,94,8,86
110000127,293,20,273
110000128,0,0,0
110000129,0,0,0
110000130,66,21,45
110000131,0,0,0
110000132,0,0,0
110000133,0,0,0
110000134,0,0,0
110000135,23,0,23
110000136,0,0,0
110000137,168,3,165
110000138,0,0,0
110000139,120,12,108
110000140,708,29,679
110000143,96,12,84
110000144,1110,255,855
110000145,394,86,308
110000146,653,98,555
110000147,0,0,0
110000148,74,14,60
110000151,36,158,-122
110000152,0,32,-32
110000153,0,0,0
110000154,0,0,0
110000155,30,245,-215
110000156,30,84,-54
110000157,39,253,-214
110000160,0,0,0
110000161,0,0,0
110000166,0,0,0
110000167,395,28,367
110000168,497,42,455
110000169,250,100,150
110000170,3,7,-4
110000171,129,3,126
110000172,15,45,-30
110000173,96,24,72
110000174,0,0,0
110000175,31,1,30
110000176,22,26,-4
110000177,6,59,-53
110000178,153,56,97
110000179,75,105,-30
110000180,104,61,43
110000181,134,9,125
110000182,79,6,73
110000183,204,99,105
110000184,82,78,4
110000185,0,0,0
110000186,0,0,0
110000191,109,0,109
110000192,0,0,0
110000193,0,0,0
110000194,0,0,0
110000195,0,0,0
110000196,0,0,0
110000197,0,0,0
110000198,0,0,0
110000199,0,0,0
110000200,1,0,1
110000201,0,0,0
110000202,0,0,0
110000203,0,0,0
110000204,0,0,0
110000205,0,0,0
110000206,0,0,0
110000207,0,0,0
110000208,0,0,0
110000209,0,0,0
110000210,870,138,732
110000211,540,143,397
110000212,146,69,77
110000213,18,0,18
110000214,3,0,3
110000215,0,0,0
110000216,0,0,0
110000217,146,0,146
110000218,0,0,0
110000219,72,0,72
110000220,0,0,0
110000221,30,0,30
110000222,0,0,0
110000223,0,0,0
110000224,0,0,0
110000225,0,0,0
110000226,289,6,283
110000227,0,0,0
110000228,86,17,69
110000229,0,0,0
110000230,255,75,180
110000231,56,89,-33
110000232,0,0,0
110000233,60,14,46
110000234,105,14,91
110000235,148,49,99
110000236,0,0,0
110000237,0,0,0
110000238,396,73,323
110000239,0,0,0
110000240,0,0,0
110000242,0,0,0
110000243,0,0,0
110000244,0,0,0
110000245,0,0,0
110000246,7,9,-2
110000247,90,99,-9
110000248,70,39,31
110000249,0,0,0
110000250,0,1,-1
110000251,0,4,-4
110000252,43,26,17
110000253,78,16,62
110000254,0,0,0
110000255,0,0,0
110000256,14,32,-18
110000257,35,0,35
110000258,3,17,-14
110000259,0,0,0
110000260,0,4,-4
110000263,0,0,0
110000264,11,10,1
110000265,954,92,862
110000266,409,320,89
110000267,0,0,0
110000268,0,0,0
110000269,0,0,0
110000270,0,0,0
110000271,170,20,150
110000272,238,143,95
110000273,99,195,-96
110000274,0,227,-227
110000275,127,52,75
110000276,29,58,-29
110000277,340,29,311
110000278,1,112,-111
110000279,431,71,360
110000280,277,30,247
110000281,0,0,0
110000282,20,0,20
110000283,0,0,0
110000284,0,0,0
110000285,0,0,0
110000286,11,53,-42
110000287,32,0,32
110000288,0,0,0
110000289,0,0,0
110000290,0,0,0
110000291,162,17,145
110000292,0,0,0
110000293,109,7,102
110000294,0,0,0
110000295,58,4,54
110000296,0,0,0
110000297,0,0,0
110000298,0,0,0
110000299,0,0,0
110000301,0,0,0
110000302,0,0,0
110000303,0,0,0
110000304,0,0,0
110000305,68,0,68
110000306,0,0,0
110000307,113,0,113
110000308,84,4,80
110000309,0,0,0
110000310,98,0,98
110000311,0,0,0
110000312,25,0,25
110000313,0,0,0
110000314,0,0,0
110000315,27,163,-136
110000316,2,99,-97
110000317,0,0,0
110000318,0,0,0
110000319,0,0,0
110000320,0,0,0
110000321,0,0,0
110000322,1,11,-10
110000323,0,0,0
110000324,0,0,0
110000325,374,226,148
110000327,130,1,129
110000328,0,0,0
110000333,106,114,-8
110000334,0,12,-12
110000335,43,13,30
110000336,1,14,-13
110000337,583,156,427
110000338,31,3,28
110000339,16,10,6
110000340,0,0,0
110000341,116,0,116
110000342,25,0,25
110000343,0,0,0
110000344,0,0,0
110000345,3,1,2
110000346,305,218,87
110000347,551,221,330
110000348,0,0,0
110000349,0,0,0
110000350,0,0,0
110000351,370,83,287
110000352,0,0,0
110000353,604,68,536
110000354,0,6,-6
110000355,0,0,0
110000356,184,2,182
110000357,0,0,0
110000361,0,0,0
110000362,0,0,0
110000363,65,0,65
110000364,68,51,17
110000365,30,0,30
110000366,0,0,0
110000367,0,0,0
110000368,0,0,0
110000369,38,1,37
110000373,0,0,0
110000374,0,0,0
110000375,91,19,72
110000376,0,0,0
110000377,71,145,-74
110000378,0,0,0
110000379,490,166,324
110000380,125,0,125
110000383,0,0,0
110000384,104,0,104
110000385,0,0,0
110000387,34,0,34
110000388,0,0,0
110000389,602,3,599
110000391,187,46,141
110000396,0,0,0
110000397,0,0,0
110000398,0,0,0
110000399,447,4,443
110000587,0,0,0
110000589,5,1,4
110000640,0,0,0
110000652,0,0,0
110000653,0,0,0
110000654,0,0,0
110000656,0,0,0
110000674,0,0,0
110000675,0,0,0
110000676,0,0,0
110000679,6,5,1
110000682,28,33,-5
110000683,110,23,87
110000684,0,0,0
110000685,0,0,0
110000686,0,0,0
110000687,0,0,0
110000688,28,0,28
110000689,0,0,0
110000692,3,3,0
110000693,0,0,0
110000694,0,0,0
110000695,0,0,0
110000696,33,24,9
110000698,48,52,-4
110000699,0,0,0
110900001,0,0,0
110900002,0,0,0
110900003,0,0,0
110900004,0,0,0
110900005,0,0,0
110900006,0,0,0
110900007,0,0,0
110900008,0,0,0
110900009,0,0,0
110900010,0,0,0
110900011,0,0,0
110900012,0,0,0
110900013,0,0,0
110900014,0,0,0
110900015,0,0,0
110900016,0,0,0
110900017,0,0,0
110900018,0,0,0
110900019,0,0,0
110900020,0,0,0
110900021,0,0,0
110900022,0,0,0
110900023,0,0,0
110900024,0,0,0
110900025,0,0,0
110900027,0,0,0
110900028,0,0,0
110900029,0,0,0
110900030,0,0,0
110900031,0,0,0
110900032,0,0,0
110900033,0,0,0
110900035,0,0,0
110900036,0,0,0
110900037,0,0,0
110900038,0,0,0
110900039,0,0,0
110900040,0,0,0
110900041,0,0,0
110900042,0,0,0
110900043,0,0,0
110900044,0,0,0
110900045,0,0,0
110900046,0,0,0
110900047,0,0,0
110900049,0,0,0
110900050,0,0,0
110900051,0,0,0
110900052,0,0,0
110900053,0,0,0
110900054,0,0,0
110900055,0,0,0
110900056,0,0,0
110900057,0,0,0
110900058,0,0,0
110900059,0,0,0
110900060,0,0,0
110900061,0,0,0
110900062,0,0,0
110900063,0,0,0
110900064,0,0,0
110900065,0,0,0
110900066,0,0,0
110900067,0,0,0
110900068,0,0,0
110900069,0,0,0
110900070,0,0,0
110900071,0,0,0
110900073,0,0,0
110900074,0,0,0
110900075,0,0,0
110900077,0,0,0
110900078,0,0,0
110900079,49,12,37
110900080,0,0,0
110900081,0,0,0
110900082,0,0,0
110900083,0,0,0
110900084,0,0,0
110900085,0,0,0
110900086,0,0,0
110900087,0,0,0
110900088,0,0,0
110900090,0,0,0
110900091,0,0,0
110900093,0,0,0
110900095,0,0,0
110900097,0,0,0
110900098,0,0,0
110900099,0,0,0
110900100,0,0,0
110900102,0,0,0
110900105,0,0,0
110900108,0,0,0
110900111,0,0,0
110900112,0,0,0
110900113,0,0,0
110900115,0,0,0
110900116,0,0,0
110900118,0,0,0
110900119,0,0,0
110900120,0,0,0
110900121,0,0,0
110900122,0,0,0
110900125,0,0,0
110900127,0,0,0
110900128,0,0,0
110900129,0,0,0
110900130,0,0,0
110900131,0,0,0
110900132,0,0,0
110900133,0,0,0
110900135,0,0,0
110900136,0,0,0
110900138,0,0,0
110900139,0,0,0
110900140,0,0,0
110900141,0,0,0
110900142,0,0,0
110900143,0,0,0
110900144,0,0,0
110900145,0,0,0
110900146,0,0,0
110900147,0,0,0
110900148,0,0,0
110900149,0,0,0
110900150,0,0,0
110900151,0,0,0
110900152,0,0,0
110900153,0,0,0
111000001,77,48,29
111000002,0,0,0
111000003,488,77,411
111000004,0,0,0
111000005,615,79,536
111000006,0,0,0
111000007,683,99,584
111000008,0,0,0
111000009,22,154,-132
111000010,527,178,349
111000011,24,36,-12
111000012,393,38,355
111000013,10,60,-50
111000014,789,109,680
111000017,0,0,0
111000018,0,0,0
111000020,0,0,0
111000021,33,4,29
111000023,80,0,80
111000025,112,126,-14
111000029,0,0,0
111000030,0,0,0
111000031,436,89,347
111000032,31,6,25
111000033,87,6,81
111000034,6,34,-28
111000037,0,0,0
111000038,39,10,29
111000039,0,1,-1
111000040,2,23,-21
111000041,0,0,0
111000042,0,0,0
111000043,899,91,808
111000044,852,97,755
111000045,1211,392,819
111000046,570,130,440
111000047,696,186,510
111000049,95,13,82
111000050,0,0,0
111000051,0,0,0
111000052,0,0,0
111000053,0,0,0
111000054,0,0,0
111000055,0,0,0
111000056,0,0,0
111000057,0,0,0
111000058,115,0,115
111000059,373,131,242
111000060,1709,200,1509
111000061,170,29,141
111000062,513,10,503
111000063,708,32,676
111000064,592,42,550
111000065,613,39,574
111000066,264,35,229
111000067,0,0,0
111000068,0,0,0
111000069,0,0,0
111000070,0,0,0
111000071,0,0,0
111000072,916,88,828
111000073,380,103,277
111000074,1138,223,915
111000075,173,7,166
111000076,345,22,323
111000077,820,171,649
111000078,220,23,197
111000079,254,46,208
111000080,109,51,58
111000081,85,65,20
111000082,140,14,126
111000084,82,161,-79
111000085,42,26,16
111000086,144,23,121
111000087,111,15,96
111000088,87,33,54
111000089,128,22,106
111000090,76,31,45
111000091,0,0,0
111000092,0,0,0
111000093,0,0,0
111000094,41,2,39
111000095,17,8,9
111000096,48,63,-15
111000097,0,0,0
111000098,0,0,0
111000099,0,0,0
111000100,0,0,0
111000101,0,0,0
111000102,0,0,0
111000104,116,24,92
111000107,0,0,0
111000109,86,34,52
111000110,346,65,281
111000111,1045,36,1009
111000112,826,25,801
111000113,480,171,309
111000114,280,126,154
111000115,1182,180,1002
111000116,269,32,237
111000117,43,18,25
111000118,159,36,123
111000119,348,79,269
111000120,333,33,300
111000121,116,36,80
111000122,3,6,-3
111000123,2,4,-2
111000124,0,0,0
111000125,0,0,0
111000126,0,0,0
111000127,284,4,280
111000128,712,19,693
111000129,1029,31,998
111000130,1375,25,1350
111000131,908,27,881
111000132,431,59,372
111000133,23,25,-2
111000134,24,3,21
111000135,0,0,0
111000136,336,0,336
111000138,4,0,4
111000140,0,0,0
111000141,6,1,5
111000142,0,0,0
111000143,0,0,0
111000144,0,0,0
111000145,2,0,2
111000146,1,0,1
111000147,29,2,27
111000148,57,11,46
111000149,0,0,0
111000150,39,1,38
111000151,0,0,0
111000153,106,0,106
111000154,23,4,19
111000155,41,17,24
111000156,157,57,100
111000157,79,123,-44
111000158,209,177,32
111000159,233,99,134
111000160,38,26,12
111000161,1,77,-76
111000162,0,0,0
111000163,0,0,0
111000164,0,0,0
111000165,150,9,141
111000166,0,0,0
111000167,0,0,0
111000168,4,25,-21
111000169,50,24,26
111000170,52,0,52
111000171,47,10,37
111000172,3,10,-7
111000173,52,16,36
111000174,4,8,-4
111000175,1,10,-9
111000176,0,0,0
111000177,0,0,0
111000178,0,0,0
111000179,0,0,0
111000180,0,0,0
111000181,91,0,91
111000182,48,1,47
111000183,47,8,39
111000184,100,23,77
111000185,27,2,25
111000186,21,0,21
111000187,24,1,23
111000188,5,4,1
111000189,0,0,0
111000190,0,0,0
111000191,0,0,0
111000192,0,0,0
111000193,0,0,0
111000194,0,0,0
111000195,0,0,0
111000196,0,0,0
111000197,64,8,56
111000198,104,1,103
111000199,115,3,112
111000200,298,5,293
111000201,140,4,136
111000202,85,11,74
111000203,162,10,152
111000204,49,177,-128
111000213,91,54,37
111000214,265,50,215
111000215,146,84,62
111000217,263,19,244
111000218,60,139,-79
111000219,0,0,0
111000220,155,70,85
111000221,31,13,18
111000224,0,0,0
111000225,52,16,36
111000226,1,0,1
111000227,3,0,3
111000228,0,0,0
111000229,0,0,0
111000230,9,13,-4
111000231,155,9,146
111000232,0,0,0
111000233,0,0,0
111000234,0,0,0
111000239,0,0,0
111000240,16,32,-16
111000241,0,0,0
111000242,53,0,53
111000243,0,0,0
111000244,34,2,32
111000245,155,12,143
111000246,146,38,108
111000247,0,0,0
111000248,122,56,66
111000249,0,0,0
111000250,0,0,0
111000251,0,0,0
111000253,0,0,0
111000255,0,0,0
111000257,0,0,0
111000260,0,0,0
111000261,94,10,84
111000271,0,0,0
111000273,104,13,91
111000274,286,219,67
111000275,28,7,21
111000276,0,0,0
111000277,0,0,0
111000278,161,8,153
111000291,314,514,-200
111000298,1,1,0
111000299,77,0,77
111000300,0,0,0
111000302,0,0,0
111000303,0,0,0
111000312,0,0,0
111000315,1,1,0
111000320,0,21,-21
111000321,17,28,-11
111000322,33,8,25
111000323,10,1,9
111000324,3,1,2
111000325,0,0,0
111000326,2,0,2
111000327,55,17,38
111000328,49,48,1
111000329,0,0,0
111000330,15,0,15
111000331,43,1,42
111000332,96,99,-3
111000334,8,24,-16
111000335,53,0,53
111000337,154,9,145
111000338,1,0,1
111000339,4,7,-3
111000340,2,0,2
111000341,178,3,175
111000342,0,0,0
111000344,272,30,242
111000345,8,20,-12
111000346,0,0,0
111000347,0,0,0
111000350,25,1,24
111000351,0,0,0
111000352,31,0,31
111000353,0,0,0
111000354,8,3,5
111000355,0,0,0
111000358,40,8,32
111000360,6,1,5
111000361,48,10,38
111000546,3,1,2
111000547,104,9,95
111000548,0,0,0
111000549,118,2,116
111000550,0,0,0
111000551,79,4,75
111000552,9,15,-6
111000907,290,16,274
111000908,5,0,5
111000916,115,5,110
111000917,0,0,0
111000918,20,12,8
111000920,42,0,42
111000921,0,0,0
111000922,1,0,1
111000924,0,0,0
111000925,2003,244,1759
111000926,107,49,58
111000927,1813,435,1378
111000928,325,333,-8
111000929,1371,230,1141
111000930,24,129,-105
111000931,1510,347,1163
111000932,151,136,15
111000933,1671,496,1175
111000934,12,128,-116
111000935,906,82,824
111000936,4,53,-49
111000937,694,229,465
111000938,10,109,-99
111000939,128,3,125
111000940,0,0,0
111000941,35,9,26
111000943,0,0,0
111000944,7,9,-2
111000945,9,0,9
111001109,208,16,192
111001110,0,0,0
111001111,0,0,0
111001112,239,35,204
111001113,0,86,-86
111001114,2,2,0
111001115,0,0,0
111001116,487,93,394
111001117,0,0,0
111001120,6,30,-24
111001121,0,0,0
111001122,0,0,0
111001123,27,20,7
111001124,0,0,0
111001125,3,88,-85
111001126,0,0,0
111001127,0,0,0
111001128,105,20,85
111900001,0,0,0
111900002,0,0,0
111900003,0,0,0
111900004,0,0,0
111900006,0,0,0
111900007,0,0,0
111900008,0,0,0
111900009,0,0,0
111900010,0,0,0
111900012,0,0,0
111900013,0,0,0
111900014,11,1,10
111900015,0,0,0
111900016,0,0,0
111900017,0,0,0
111900018,0,0,0
111900019,0,0,0
111900020,0,0,0
111900021,0,0,0
111900022,0,0,0
111900023,0,0,0
111900024,0,0,0
111900025,0,0,0
111900026,0,0,0
111900027,0,0,0
111900028,0,0,0
111900029,0,0,0
111900030,0,0,0
111900032,0,0,0
111900033,0,0,0
111900034,0,0,0
111900035,0,0,0
111900036,0,0,0
111900038,0,0,0
111900039,0,0,0
111900040,0,0,0
111900042,0,0,0
111900043,0,0,0
111900044,0,0,0
111900046,0,0,0
111900048,0,0,0
111900049,0,0,0
111900050,0,0,0
111900051,0,0,0
111900052,0,0,0
111900053,0,0,0
111900054,0,0,0
111900055,0,0,0
111900056,0,0,0
111900057,9,0,9
111900058,0,0,0
111900059,38,16,22
111900060,0,0,0
111900061,0,0,0
111900062,0,0,0
111900063,0,0,0
111900064,0,0,0
111900065,0,0,0
111900066,0,0,0
111900067,0,0,0
111900068,0,0,0
111900069,0,0,0
111900070,0,0,0
111900071,0,0,0
111900072,0,0,0
111900073,0,0,0
111900074,0,0,0
111900075,0,0,0
111900076,0,0,0
111900077,0,0,0
111900078,0,0,0
111900079,0,0,0
111900080,0,0,0
111900082,0,0,0
111900083,0,0,0
111900084,0,0,0
111900085,0,0,0
111900086,0,0,0
111900087,0,0,0
111900088,0,0,0
111900089,0,0,0
111900090,0,0,0
111900091,0,0,0
111900092,0,0,0
111900093,0,0,0
111900094,0,0,0
111900095,0,0,0
111900096,0,0,0
111900097,0,0,0
111900098,0,0,0
111900099,1,0,1
111900100,0,0,0
111900101,0,0,0
111900102,0,0,0
111900103,0,0,0
111900104,0,0,0
111900105,0,0,0
111900106,0,0,0
111900110,0,0,0
111900111,26,0,26
111900112,0,0,0
111900113,0,0,0
111900118,0,0,0
111900119,0,0,0
111900122,0,0,0
111900123,0,0,0
111900124,0,0,0
111900125,0,0,0
111900126,0,0,0
111900127,0,0,0
111900128,0,0,0
111900129,0,0,0
111900130,0,0,0
111900131,0,0,0
111900132,0,0,0
111900133,0,0,0
111900134,0,0,0
111900135,0,0,0
111900136,0,0,0
111900137,0,0,0
111900138,0,0,0
111900139,0,0,0
111900140,0,0,0
111900141,0,0,0
111900142,0,0,0
111900143,0,0,0
111900144,0,0,0
111900145,0,0,0
111900146,0,0,0
111900147,0,0,0
111900148,0,0,0
111900149,0,0,0
111900150,0,0,0
111900151,0,0,0
111900152,0,0,0
111900153,0,0,0
111900154,0,0,0
111900155,0,0,0
111900156,0,0,0
111900157,0,0,0
111900158,0,0,0
111900159,0,0,0
111900160,0,0,0
111900161,0,0,0
111900162,0,0,0
111900163,0,0,0
111900164,0,0,0
111901113,0,0,0
111901114,0,0,0
111901115,0,0,0
111901116,0,0,0
111901117,0,0,0
111901118,0,0,0
111901119,0,0,0
111901121,0,0,0
111901122,0,0,0
111901123,0,0,0
111901124,0,0,0
111901125,3,27,-24
111901127,0,0,0
111901128,0,0,0
111901129,0,0,0
111901130,0,0,0
111901131,0,0,0
111901132,0,0,0
111901133,0,0,0
111901134,0,0,0
111901135,0,0,0
111901138,0,0,0
111901139,0,0,0
111901140,0,0,0
111901141,0,0,0
111901142,0,0,0
111901143,0,0,0
111901144,0,0,0
111901145,0,0,0
111901146,0,0,0
111901147,0,0,0
111901148,0,0,0
111901149,0,0,0
111901150,0,0,0
111901151,0,0,0
111901152,0,0,0
112000001,1161,287,874
112000002,0,0,0
112000003,587,137,450
112000004,0,0,0
112000005,2869,1171,1698
112000006,0,0,0
112000007,824,858,-34
112000008,1890,1728,162
112000009,675,96,579
112000010,201,738,-537
112000011,128,31,97
112000012,551,1313,-762
112000013,118,84,34
112000014,147,629,-482
112000015,0,0,0
112000016,62,300,-238
112000017,0,0,0
112000024,0,0,0
112000026,0,0,0
112000027,443,409,34
112000028,0,0,0
112000029,0,0,0
112000030,0,0,0
112000031,2,48,-46
112000032,0,0,0
112000033,2,46,-44
112000034,0,0,0
112000035,0,0,0
112000036,0,0,0
112000037,0,0,0
112000038,0,0,0
112000039,37,1,36
112000040,0,0,0
112000041,0,0,0
112000042,0,0,0
112000050,740,415,325
112000051,755,955,-200
112000054,22,167,-145
112000057,0,0,0
112000058,0,3,-3
112000059,0,0,0
112000061,0,0,0
112000062,11,69,-58
112000063,0,0,0
112000064,0,0,0
112000065,0,0,0
112000066,77,246,-169
112000067,0,0,0
112000068,84,156,-72
112000069,0,0,0
112000070,23,36,-13
112000071,0,0,0
112000072,117,15,102
112000073,0,0,0
112000074,34,18,16
112000075,252,57,195
112000076,89,54,35
112000077,78,3,75
112000078,207,12,195
112000079,52,9,43
112000080,45,19,26
112000081,16,202,-186
112000082,186,122,64
112000083,84,7,77
112000084,169,55,114
112000085,313,32,281
112000086,316,78,238
112000087,37,25,12
112000088,82,30,52
112000089,1,9,-8
112000090,33,13,20
112000091,22,15,7
112000092,1047,82,965
112000093,110,20,90
112000094,348,111,237
112000095,206,18,188
112000096,566,116,450
112000097,510,226,284
112000098,0,0,0
112000099,64,1103,-1039
112000100,683,106,577
112000101,0,0,0
112000102,357,69,288
112000103,0,0,0
112000105,0,0,0
112000106,440,145,295
112000107,5,1,4
112000108,0,0,0
112000109,58,3,55
112000110,276,25,251
112000111,2,52,-50
112000112,315,17,298
112000113,24,7,17
112000114,310,32,278
112000115,0,0,0
112000116,0,0,0
112000117,0,0,0
112000118,0,0,0
112000119,0,0,0
112000120,0,0,0
112000121,0,0,0
112000122,25,10,15
112000123,112,13,99
112000124,6,2,4
112000125,22,7,15
112000126,0,0,0
112000127,61,61,0
112000128,0,0,0
112000129,58,3,55
112000130,0,0,0
112000131,0,0,0
112000132,0,0,0
112000133,48,1,47
112000134,112,5,107
112000135,174,20,154
112000136,1,19,-18
112000137,302,93,209
112000138,15,5,10
112000139,0,25,-25
112000140,0,0,0
112000141,5,3,2
112000142,0,0,0
112000143,182,3,179
112000144,0,0,0
112000145,372,7,365
112000146,0,0,0
112000147,127,15,112
112000148,0,0,0
112000149,14,25,-11
112000150,0,0,0
112000151,68,9,59
112000152,0,0,0
112000153,4,1,3
112000154,25,0,25
112000155,0,0,0
112000157,27,423,-396
112000158,7,2,5
112000159,0,0,0
112000167,0,0,0
112000169,0,0,0
112000173,0,0,0
112000175,2,0,2
112000176,0,0,0
112000177,0,0,0
112000178,0,0,0
112000179,0,0,0
112000180,0,0,0
112000181,62,8,54
112000182,219,11,208
112000183,35,0,35
112000184,4,7,-3
112000185,0,0,0
112000187,0,0,0
112000195,0,0,0
112000196,0,0,0
112000197,0,0,0
112000198,0,0,0
112000199,0,0,0
112000202,392,0,392
112000216,0,0,0
112000230,0,0,0
112000231,0,0,0
112000256,12,50,-38
112000313,0,0,0
112000314,0,0,0
112000337,0,0,0
112000352,0,0,0
112000392,60,136,-76
112000398,295,59,236
112000399,251,1844,-1593
112000400,8,16,-8
112000401,68,37,31
112000402,600,1709,-1109
112000403,120,1031,-911
112000404,121,288,-167
112000405,987,523,464
112000406,8,72,-64
112000407,2754,394,2360
112000408,62,70,-8
112000409,1,71,-70
112000410,0,0,0
112000411,0,0,0
112000412,0,0,0
112000413,0,0,0
112000414,0,0,0
112000415,0,0,0
112000416,682,197,485
112000417,14,4,10
112000421,0,0,0
112000422,15,2,13
112000424,0,0,0
112000425,0,0,0
112000426,0,0,0
112000427,0,0,0
112000428,0,0,0
112000429,337,315,22
112000430,365,584,-219
112000431,68,21,47
112000432,0,0,0
112000433,14,100,-86
112000437,2,12,-10
112900001,0,0,0
112900002,0,0,0
112900003,0,0,0
112900004,0,0,0
112900005,0,0,0
112900007,0,0,0
112900008,0,0,0
112900009,0,0,0
112900010,0,0,0
112900011,0,0,0
112900012,0,0,0
112900013,0,0,0
112900014,0,0,0
112900015,0,0,0
112900016,0,0,0
112900017,0,0,0
112900018,0,0,0
112900019,0,0,0
112900020,0,0,0
112900021,0,0,0
112900022,0,0,0
112900023,0,0,0
112900024,0,0,0
112900025,0,0,0
112900026,0,0,0
112900027,0,0,0
112900028,0,0,0
112900029,0,0,0
112900030,0,0,0
112900031,0,0,0
112900032,0,0,0
112900034,0,0,0
112900035,0,0,0
112900036,0,0,0
112900037,0,0,0
112900038,0,0,0
112900039,0,0,0
112900040,0,0,0
112900041,0,0,0
112900042,0,0,0
112900043,0,0,0
112900044,0,0,0
112900045,0,0,0
112900046,0,0,0
112900047,0,0,0
112900049,0,0,0
112900050,0,0,0
112900051,0,0,0
112900052,0,0,0
112900053,0,0,0
112900054,0,0,0
112900055,0,0,0
112900056,0,0,0
112900057,0,0,0
112900058,0,0,0
112900059,0,0,0
112900060,0,0,0
112900061,0,0,0
112900062,0,0,0
112900063,0,0,0
112900064,0,0,0
112900065,0,0,0
112900066,0,0,0
112900067,0,0,0
112900068,0,0,0
112900069,0,0,0
112900071,0,0,0
112900072,0,0,0
112900073,0,0,0
112900074,0,0,0
112900075,0,0,0
112900076,0,0,0
112900078,0,0,0
112900079,0,0,0
112900080,0,0,0
112900081,0,0,0
112900082,0,0,0
112900083,0,0,0
112900084,0,0,0
112900086,0,0,0
112900087,0,0,0
112900088,0,0,0
112900089,0,0,0
112900090,0,0,0
112900091,0,0,0
112900092,0,0,0
112900093,0,0,0
112900095,0,0,0
112900096,0,0,0
112900097,0,0,0
112900098,0,0,0
112900099,0,0,0
112900100,0,0,0
112900101,0,0,0
112900102,0,0,0
112900103,0,0,0
112900104,0,0,0
112900105,0,0,0
112900106,0,0,0
112900107,0,0,0
112900108,0,0,0
112900109,0,0,0
112900110,0,0,0
112900111,0,0,0
112900112,0,0,0
112900113,0,0,0
112900114,0,0,0
112900115,0,0,0
112900116,0,0,0
112900117,0,0,0
112900118,0,0,0
112900119,0,0,0
112900120,0,0,0
112900121,0,0,0
112900122,0,0,0
112900123,0,0,0
112900124,0,0,0
112900125,0,0,0
112900126,0,0,0
112900127,0,0,0
112900128,0,0,0
112900129,0,0,0
112900130,0,0,0
112900131,0,0,0
112900132,0,0,0
112900133,0,0,0
112900134,0,0,0
112900135,0,0,0
112900137,0,0,0
112900138,0,0,0
112900139,0,0,0
112900141,0,0,0
112900142,0,0,0
112900143,0,0,0
112900144,0,0,0
112900145,0,0,0
112900146,0,0,0
112900147,0,0,0
112900148,0,0,0
112900149,0,0,0
112900151,0,0,0
112900152,0,0,0
112900153,0,0,0
112900154,0,0,0
112900155,0,0,0
112900156,0,0,0
112900157,0,0,0
112900158,0,0,0
112900159,0,0,0
112900160,0,0,0
112900161,0,0,0
112900162,0,0,0
112900163,0,0,0
112900164,0,0,0
112900165,0,0,0
112900166,0,0,0
112900167,0,0,0
112900168,0,0,0
112900169,0,0,0
112900170,0,0,0
112900172,0,0,0
112900173,0,0,0
112900174,0,0,0
112900175,0,0,0
112900176,0,0,0
112900177,0,0,0
112900178,0,0,0
112900179,0,0,0
112900180,0,0,0
112900181,0,0,0
112900182,0,0,0
112900183,0,0,0
112900184,0,0,0
112900185,0,0,0
112900186,0,0,0
112900187,0,0,0
112900188,0,0,0
112900189,0,0,0
112900190,0,0,0
112900192,0,0,0
112900193,0,0,0
112900194,0,0,0
112900195,0,0,0
112900196,0,0,0
112900197,0,0,0
112900199,0,0,0
112900200,0,0,0
112900201,0,0,0
112900202,0,0,0
112900203,0,0,0
112900204,0,0,0
112900205,0,0,0
112900206,0,0,0
112900207,0,0,0
112900208,0,0,0
112900209,0,0,0
112900210,0,0,0
112900211,0,0,0
112900212,0,0,0
112900213,0,0,0
112900214,0,0,0
112900215,0,0,0
112900216,0,0,0
112900217,0,0,0
112900218,0,0,0
112900219,0,0,0
112900220,0,0,0
112900221,0,0,0
112900222,0,0,0
112900223,0,0,0
112900224,0,0,0
112900225,0,0,0
112900226,0,0,0
112900227,0,0,0
112900228,0,0,0
112900229,0,0,0
112900230,0,0,0
112900232,0,0,0
112900233,0,0,0
112900234,0,0,0
112900235,0,0,0
112900236,0,0,0
112900237,0,0,0
112900238,0,0,0
112900239,0,0,0
112900240,0,0,0
112900241,0,0,0
112900242,0,0,0
112900243,0,0,0
112900244,0,0,0
112900245,0,0,0
112900246,0,0,0
112900247,0,0,0
112900248,0,0,0
112900249,0,0,0
112900250,0,0,0
112900251,0,0,0
112900252,0,0,0
112900253,0,0,0
112900254,0,0,0
112900255,0,0,0
112900256,0,0,0
112900257,0,0,0
112900258,0,0,0
113000001,305,299,6
113000002,320,269,51
113000003,143,84,59
113000004,120,148,-28
113000005,53,96,-43
113000006,31,116,-85
113000007,98,46,52
113000008,117,66,51
113000009,92,36,56
113000010,245,48,197
113000011,0,0,0
113000012,622,110,512
113000013,17,76,-59
113000014,71,9,62
113000015,9,0,9
113000016,0,0,0
113000017,0,0,0
113000018,26,26,0
113000019,0,0,0
113000020,203,0,203
113000021,266,12,254
113000022,21,1,20
113000025,0,0,0
113000026,32,1,31
113000027,101,1,100
113000028,3,1,2
113000029,48,29,19
113000030,0,0,0
113000031,0,0,0
113000032,47,39,8
113000033,48,61,-13
113000034,0,0,0
113000035,0,0,0
113000036,0,0,0
113000037,0,0,0
113000038,0,0,0
113000039,0,0,0
113000040,0,0,0
113000042,0,0,0
113000051,97,100,-3
113000052,103,60,43
113000053,26,14,12
113000054,22,33,-11
113000055,127,21,106
113000056,103,17,86
113000058,0,0,0
113000059,201,59,142
113000060,1,1,0
113000061,65,54,11
113000062,0,0,0
113000063,0,0,0
113000064,0,0,0
113000065,10,12,-2
113000066,129,8,121
113000067,32,1,31
113000068,6,27,-21
113000069,5,14,-9
113000070,107,21,86
113000071,17,29,-12
113000072,101,0,101
113000073,1,64,-63
113000074,91,2,89
113000075,215,7,208
113000076,0,112,-112
113000077,74,75,-1
113000078,0,0,0
113000079,0,0,0
113000080,68,52,16
113000081,84,61,23
113000082,0,0,0
113000083,166,132,34
113000084,12,1,11
113000085,204,130,74
113000086,6,8,-2
113000087,108,497,-389
113000088,8,2,6
113000089,253,453,-200
113000090,7,20,-13
113000091,19,0,19
113000094,113,29,84
113000095,0,1,-1
113000096,0,0,0
113000097,43,3,40
113000098,0,0,0
113000099,31,3,28
113000100,0,0,0
113000101,4,0,4
113000102,23,42,-19
113000103,0,0,0
113000104,282,169,113
113000105,666,81,585
113000106,0,0,0
113000107,326,424,-98
113000108,49,30,19
113000109,0,0,0
113000110,75,121,-46
113000111,0,0,0
113000112,14,38,-24
113000113,28,32,-4
113000114,0,0,0
113000116,0,0,0
113000117,0,0,0
113000118,0,1,-1
113000119,0,0,0
113000120,0,2,-2
113000121,0,0,0
113000124,52,8,44
113000125,0,0,0
113000127,0,0,0
113000128,0,0,0
113000129,0,0,0
113000133,16,0,16
113000134,1,82,-81
113000135,921,917,4
113000137,298,230,68
113000139,22,30,-8
113000140,0,0,0
113000141,22,28,-6
113000142,0,0,0
113000143,3,22,-19
113000144,0,0,0
113000145,0,0,0
113000146,0,0,0
113000147,0,0,0
113000148,0,0,0
113000149,0,0,0
113000150,0,0,0
113000151,0,0,0
113000152,0,0,0
113000153,0,0,0
113000154,13,60,-47
113000155,70,84,-14
113000156,0,0,0
113000157,0,0,0
113000158,2,0,2
113000159,3,0,3
113000160,0,0,0
113000161,0,0,0
113000162,0,0,0
113000163,0,0,0
113000164,0,0,0
113000166,71,0,71
113000167,0,0,0
113000168,0,0,0
113000169,103,2,101
113000170,209,8,201
113000171,0,0,0
113000172,54,15,39
113000173,12,16,-4
113000174,0,0,0
113000175,77,6,71
113000176,325,3,322
113000177,0,0,0
113000178,0,0,0
113000179,139,15,124
113000180,80,0,80
113000181,44,8,36
113000182,10,0,10
113000183,1,44,-43
113000184,0,0,0
113000189,0,0,0
113000190,0,0,0
113000192,103,205,-102
113000193,100,29,71
113000194,14,36,-22
113000195,48,37,11
113000196,120,9,111
113000197,55,12,43
113000198,0,0,0
113000199,3,0,3
113000201,0,0,0
113000202,0,0,0
113000203,6,5,1
113000204,12,91,-79
113000205,0,0,0
113000206,0,0,0
113000207,0,0,0
113000208,0,0,0
113000209,0,0,0
113000210,0,0,0
113000211,0,0,0
113000212,0,0,0
113000213,2,0,2
113000214,0,0,0
113000234,0,0,0
113000410,0,1,-1
113000411,24,106,-82
113000412,442,316,126
113000413,212,282,-70
113000414,262,376,-114
113000415,18,65,-47
113000416,35,50,-15
113000417,14,48,-34
113000418,450,174,276
113000419,78,101,-23
113000420,380,152,228
113000421,1673,1221,452
113000422,298,428,-130
113000423,284,320,-36
113000424,837,387,450
113000425,0,0,0
113000428,1,0,1
113000430,0,0,0
113000432,226,5,221
113000433,0,0,0
113000434,0,0,0
113000435,0,0,0
113000436,0,0,0
113000437,63,0,63
113000438,1,0,1
113000439,0,0,0
113000440,0,1,-1
113000441,1,3,-2
113000442,0,0,0
113000443,2,1,1
113000444,0,0,0
113000445,0,0,0
113000446,0,0,0
113000448,0,0,0
113000449,0,1,-1
113000450,0,18,-18
113000451,0,0,0
113000452,4,11,-7
113000453,0,0,0
113000454,2,5,-3
113000455,0,0,0
113000456,0,0,0
113000468,0,0,0
113000469,0,0,0
113000470,0,0,0
113000471,0,0,0
113000472,0,0,0
113000474,19,75,-56
113000475,49,60,-11
113000476,245,238,7
113000477,834,432,402
113000478,440,104,336
113000479,0,0,0
113000484,0,0,0
113000485,0,0,0
113000486,0,0,0
113000487,0,0,0
113000488,0,0,0
113000489,0,0,0
113000490,0,0,0
113000491,0,0,0
113000492,0,0,0
113000493,0,0,0
113000495,0,0,0
113000496,0,1,-1
113000497,0,0,0
113000499,0,0,0
113900001,0,0,0
113900002,0,0,0
113900003,0,0,0
113900004,0,0,0
113900005,0,0,0
113900006,0,0,0
113900007,0,0,0
113900008,0,0,0
113900009,0,0,0
113900010,0,0,0
113900011,0,0,0
113900012,0,0,0
113900013,0,0,0
113900014,0,0,0
113900015,0,0,0
113900016,0,0,0
113900017,0,0,0
113900018,0,0,0
113900019,0,0,0
113900020,0,0,0
113900022,0,0,0
113900023,0,0,0
113900024,0,0,0
113900025,0,0,0
113900026,0,0,0
113900027,0,0,0
113900028,0,0,0
113900029,0,0,0
113900030,0,0,0
113900031,0,0,0
113900032,0,0,0
113900033,0,0,0
113900035,0,0,0
113900036,0,0,0
113900037,0,0,0
113900038,0,0,0
113900039,0,0,0
113900040,0,0,0
113900041,0,0,0
113900042,0,0,0
113900043,0,0,0
113900044,0,0,0
113900045,0,0,0
113900046,0,0,0
113900047,0,0,0
113900048,0,0,0
113900049,0,0,0
113900050,0,0,0
113900051,0,0,0
113900052,0,0,0
113900053,0,0,0
113900054,0,0,0
113900055,0,0,0
113900056,0,0,0
113900057,0,0,0
113900058,0,0,0
113900059,0,0,0
113900060,0,0,0
113900061,0,0,0
113900062,0,0,0
113900063,0,0,0
113900064,0,0,0
113900065,0,0,0
113900066,0,0,0
113900067,0,0,0
113900068,0,0,0
113900069,0,0,0
113900070,0,0,0
113900071,0,0,0
113900072,0,0,0
113900073,0,0,0
113900074,0,0,0
113900075,0,0,0
113900076,0,0,0
113900077,0,0,0
113900078,0,0,0
113900079,0,0,0
113900080,0,0,0
113900081,0,0,0
113900082,0,0,0
113900083,0,0,0
113900084,0,0,0
113900085,0,0,0
113900086,0,0,0
113900087,0,0,0
113900088,0,0,0
113900089,0,0,0
113900090,0,0,0
113900091,0,0,0
113900092,0,0,0
113900093,0,0,0
113900094,0,0,0
113900095,0,0,0
113900096,0,0,0
113900097,0,0,0
113900098,0,0,0
113900099,0,0,0
113900100,0,0,0
113900101,0,0,0
113900102,0,0,0
113900103,0,0,0
113900104,0,0,0
113900105,0,0,0
113900106,0,0,0
113900107,0,0,0
113900108,0,0,0
113900109,0,0,0
113900110,0,0,0
113900111,0,0,0
113900112,0,0,0
113900113,0,0,0
113900114,0,0,0
113900115,0,0,0
113900116,0,0,0
113900117,0,0,0
113900118,0,0,0
113900119,0,0,0
113900120,0,0,0
113900121,0,0,0
113900122,0,0,0
113900123,0,0,0
113900124,0,0,0
113900125,0,0,0
113900126,0,0,0
113900127,0,0,0
113900128,0,0,0
113900129,0,0,0
113900130,0,0,0
113900131,0,0,0
113900132,0,0,0
113900133,0,0,0
113900135,0,0,0
113900136,0,0,0
113900137,0,0,0
113900138,0,0,0
113900139,0,0,0
113900140,0,0,0
113900141,0,0,0
113900142,0,0,0
113900143,0,0,0
113900144,0,0,0
113900145,0,0,0
113900146,0,0,0
113900148,0,0,0
113900149,0,0,0
113900150,0,0,0
113900151,0,0,0
113900152,0,0,0
113900153,0,0,0
113900154,0,0,0
113900155,0,0,0
113900156,0,0,0
113900157,0,0,0
113900158,0,0,0
113900159,0,0,0
113900160,0,0,0
113900161,0,0,0
113900162,0,0,0
113900163,0,0,0
113900164,0,0,0
113900165,0,0,0
113900166,0,0,0
113900167,0,0,0
113900168,0,0,0
113900169,0,0,0
113900171,0,0,0
113900172,0,0,0
113900173,0,0,0
113900174,0,0,0
113900175,0,0,0
113900176,0,0,0
113900177,0,0,0
113900178,0,0,0
113900179,0,0,0
113900180,0,0,0
113900181,0,0,0
113900182,0,0,0
113900183,0,0,0
113900184,0,0,0
113900185,0,0,0
113900186,0,0,0
113900187,0,0,0
113900188,0,0,0
113900189,0,0,0
113900190,0,0,0
113900191,0,0,0
113900192,0,0,0
113900193,0,0,0
113900194,0,0,0
113900195,0,0,0
113900196,0,0,0
113900197,0,0,0
113900198,0,0,0
113900199,0,0,0
113900200,0,0,0
113900201,0,0,0
113900202,0,0,0
113900203,0,0,0
113900204,0,0,0
113900205,0,0,0
113900206,0,0,0
113900207,0,0,0
113900208,0,0,0
113900209,0,0,0
113900210,0,0,0
113900211,0,0,0
113900212,0,0,0
113900214,0,0,0
113900215,0,0,0
113900216,0,0,0
113900217,0,0,0
113900218,0,0,0
113900219,0,0,0
113900220,0,0,0
113900221,0,0,0
113900222,0,0,0
113900223,0,0,0
113900224,0,0,0
113900225,0,0,0
113900226,0,0,0
113900227,0,0,0
113900228,0,0,0
113900229,0,0,0
113900230,0,0,0
113900231,0,0,0
113900232,0,0,0
113900233,0,0,0
113900234,0,0,0
113900235,0,0,0
113900236,0,0,0
113900237,0,0,0
113900238,0,0,0
113900239,0,0,0
113900240,0,0,0
113900241,0,0,0
113900242,0,0,0
113900243,0,0,0
113900244,0,0,0
113900245,0,0,0
113900246,0,0,0
113900247,0,0,0
113900248,0,0,0
113900249,0,0,0
113900250,0,0,0
113900251,0,0,0
113900252,0,0,0
113900253,0,0,0
113900254,0,0,0
113900255,0,0,0
113900256,0,0,0
113900257,0,0,0
113900258,0,0,0
113900259,0,0,0
113900260,2,0,2
113900261,0,0,0
113900262,0,0,0
113900263,0,0,0
113900264,0,0,0
113900265,0,0,0
113900266,0,0,0
113900267,0,0,0
113900268,0,0,0
113900269,0,0,0
113900270,0,0,0
113900271,0,0,0
113900273,0,0,0
113900274,0,0,0
113900275,0,0,0
113900276,0,0,0
113900277,0,0,0
113900278,0,0,0
113900279,0,0,0
113900280,0,0,0
113900281,0,0,0
113900282,0,0,0
113900283,0,0,0
113900284,0,0,0
113900285,0,0,0
113900286,0,0,0
113900287,0,0,0
113900288,0,0,0
113900289,0,0,0
113900290,0,0,0
113900291,0,0,0
113900292,0,0,0
113900293,0,0,0
113900294,0,0,0
113900295,2,17,-15
113900296,0,0,0
113900297,0,0,0
113900298,0,0,0
113900299,0,0,0
113900300,0,0,0
113900301,0,0,0
113900302,0,0,0
113900303,0,0,0
113900304,0,0,0
113900305,0,0,0
113900306,0,0,0
113900307,0,0,0
113900308,0,0,0
113900309,0,0,0
113900310,0,0,0
113900311,0,0,0
113900312,0,0,0
113900313,0,0,0
113900314,0,0,0
113900315,0,0,0
114000001,209,54,155
114000002,47,32,15
114000003,0,0,0
114000004,0,0,0
114000005,0,0,0
114000006,0,0,0
114000007,0,0,0
114000008,0,87,-87
114000009,36,45,-9
114000011,632,149,483
114000012,513,36,477
114000013,336,79,257
114000014,0,0,0
114000015,0,0,0
114000016,0,0,0
114000017,24,2,22
114000018,0,0,0
114000026,248,104,144
114000027,206,165,41
114000028,270,185,85
114000038,0,0,0
114000039,0,0,0
114000040,26,2,24
114000042,0,0,0
114000043,0,0,0
114000044,15,18,-3
114000045,0,0,0
114000046,0,0,0
114000047,0,0,0
114000048,0,33,-33
114000049,51,75,-24
114000050,12,128,-116
114000051,63,296,-233
114000052,71,134,-63
114000053,0,0,0
114000054,0,0,0
114000055,0,0,0
114000056,0,0,0
114000057,335,101,234
114000058,0,0,0
114000059,0,0,0
114000060,0,0,0
114000061,89,159,-70
114000062,17,162,-145
114000063,5,7,-2
114000064,9,3,6
114000065,15,20,-5
114000066,91,44,47
114000067,3,25,-22
114000068,46,1,45
114000069,73,7,66
114000070,769,337,432
114000071,0,0,0
114000072,0,0,0
114000073,1,1,0
114000074,0,0,0
114000075,57,1,56
114000076,6,8,-2
114000077,7,1,6
114000078,1,2,-1
114000079,0,0,0
114000080,0,3,-3
114000081,22,5,17
114000082,0,0,0
114000083,0,0,0
114000084,0,0,0
114000085,0,0,0
114000086,0,0,0
114000087,0,0,0
114000088,0,0,0
114000089,4,3,1
114000090,73,84,-11
114000091,30,31,-1
114000092,45,18,27
114000093,78,23,55
114000094,67,75,-8
114000095,6,14,-8
114000096,0,0,0
114000097,0,0,0
114000098,82,7,75
114000099,0,0,0
114000100,976,2,974
114000101,0,0,0
114000102,113,21,92
114000103,0,0,0
114000104,0,0,0
114000105,0,0,0
114000106,0,0,0
114000107,0,0,0
114000108,0,0,0
114000109,417,199,218
114000110,0,0,0
114000111,556,136,420
114000112,0,0,0
114000113,390,30,360
114000114,0,0,0
114000115,730,94,636
114000116,340,130,210
114000117,1022,48,974
114000118,603,89,514
114000119,693,50,643
114000120,76,16,60
114000121,0,0,0
114000122,125,3,122
114000123,389,41,348
114000124,59,67,-8
114000125,54,92,-38
114000126,280,32,248
114000127,2,0,2
114000128,27,5,22
114000130,3,7,-4
114000131,21,9,12
114000132,0,0,0
114000133,0,0,0
114000134,0,0,0
114000138,0,0,0
114000139,3,37,-34
114000144,127,64,63
114000145,0,0,0
114000146,0,0,0
114000147,248,44,204
114000148,10,13,-3
114000149,29,57,-28
114000150,0,0,0
114000151,68,59,9
114000152,1,1,0
114000153,0,0,0
114000154,9,13,-4
114000155,225,176,49
114000156,34,59,-25
114000157,43,47,-4
114000158,0,0,0
114000159,0,0,0
114000160,0,0,0
114000161,276,456,-180
114000162,799,651,148
114000163,0,0,0
114000165,54,39,15
114000166,32,7,25
114000167,340,99,241
114000168,0,0,0
114000169,380,400,-20
114000170,481,205,276
114000171,826,123,703
114000174,0,0,0
114000176,0,0,0
114000177,0,0,0
114000178,1,2,-1
114000179,185,60,125
114000180,0,0,0
114000181,241,635,-394
114000182,119,114,5
114000183,81,65,16
114000184,67,97,-30
114000185,205,73,132
114000189,305,11,294
114000190,839,11,828
114000191,0,0,0
114000192,0,41,-41
114000193,0,0,0
114000194,86,11,75
114000195,0,0,0
114000196,0,0,0
114000197,447,0,447
114000198,0,0,0
114000199,0,0,0
114000200,33,1,32
114000201,1,6,-5
114000202,221,89,132
114000203,85,16,69
114000204,0,0,0
114000205,0,16,-16
114000206,0,0,0
114000207,9,77,-68
114000208,1,23,-22
114000209,2,50,-48
114000210,0,65,-65
114000211,596,203,393
114000212,139,297,-158
114000213,573,257,316
114000214,5,0,5
114000215,0,0,0
114000216,271,89,182
114000217,123,14,109
114000218,19,1,18
114000219,314,2,312
114000220,0,30,-30
114000221,218,15,203
114000222,37,30,7
114000223,291,77,214
114000224,71,38,33
114000225,61,3,58
114000226,154,36,118
114000227,437,121,316
114000228,309,39,270
114000229,137,24,113
114000230,555,53,502
114000231,103,51,52
114000232,314,147,167
114000233,786,39,747
114000234,701,118,583
114000235,103,8,95
114000236,0,0,0
114000237,0,0,0
114000238,1,87,-86
114000239,0,0,0
114000240,86,65,21
114000241,28,42,-14
114000242,50,36,14
114000243,525,157,368
114000244,470,75,395
114000245,0,0,0
114000246,0,0,0
114000247,261,71,190
114000248,287,142,145
114000249,266,218,48
114000250,93,0,93
114000251,95,46,49
114000252,0,0,0
114000253,19,7,12
114000254,0,0,0
114000255,0,0,0
114000256,5,66,-61
114000257,0,109,-109
114000258,51,0,51
114000259,1,14,-13
114000260,0,0,0
114000261,84,15,69
114000262,0,0,0
114000263,29,2,27
114000264,0,0,0
114000265,0,0,0
114000267,0,243,-243
114000268,0,0,0
114000270,59,2,57
114000271,110,0,110
114000283,194,10,184
114000285,0,0,0
114000288,0,6,-6
114000289,0,0,0
114000293,29,2,27
114000294,3,10,-7
114000395,401,4,397
114000396,136,22,114
114000402,0,0,0
114000403,140,9,131
114000405,63,20,43
114000423,77,25,52
114000424,49,6,43
114000425,173,13,160
114000426,92,37,55
114000427,0,0,0
114000428,0,0,0
114000429,2,20,-18
114000432,0,0,0
114000434,0,0,0
114000435,0,0,0
114900001,0,0,0
114900002,0,0,0
114900003,0,0,0
114900004,0,0,0
114900005,0,0,0
114900006,0,0,0
114900007,0,0,0
114900008,0,0,0
114900010,0,0,0
114900011,0,0,0
114900013,0,0,0
114900018,0,0,0
114900020,0,0,0
114900022,0,0,0
114900025,0,0,0
114900026,0,0,0
114900029,0,0,0
114900030,0,0,0
114900031,0,0,0
114900032,0,0,0
114900034,0,0,0
114900035,0,0,0
114900036,0,0,0
114900039,0,0,0
114900040,0,0,0
114900041,0,0,0
114900042,0,0,0
114900044,0,0,0
114900047,0,0,0
114900048,0,0,0
114900049,0,0,0
114900050,0,0,0
114900051,0,0,0
114900052,0,0,0
114900053,0,0,0
114900054,0,0,0
114900057,0,0,0
114900058,0,0,0
114900059,0,0,0
114900063,0,0,0
114900064,0,0,0
114900065,0,0,0
114900067,0,0,0
114900068,0,0,0
114900069,0,0,0
114900070,0,0,0
114900072,0,0,0
114900073,0,0,0
114900074,0,0,0
114900075,0,0,0
114900076,0,0,0
114900080,0,0,0
114900082,0,0,0
114900083,0,0,0
114900090,0,0,0
114900091,0,0,0
114900097,0,0,0
114900098,0,0,0
114900099,0,0,0
115000001,117,119,-2
115000002,1397,465,932
115000003,180,101,79
115000004,1063,997,66
115000005,60,128,-68
115000006,487,341,146
115000007,0,0,0
115000008,192,126,66
115000009,0,0,0
115000010,157,201,-44
115000013,0,0,0
115000015,0,0,0
115000016,0,0,0
115000019,41,171,-130
115000020,0,0,0
115000021,2,212,-210
115000022,5,17,-12
115000023,540,246,294
115000024,4,49,-45
115000025,395,97,298
115000026,0,0,0
115000027,283,104,179
115000028,0,0,0
115000029,707,9,698
115000030,3,43,-40
115000031,554,10,544
115000032,0,0,0
115000033,152,2,150
115000034,0,0,0
115000035,580,2,578
115000036,0,0,0
115000037,189,0,189
115000038,17,37,-20
115000039,2,29,-27
115000040,220,31,189
115000041,13,59,-46
115000042,77,20,57
115000043,800,649,151
115000044,449,85,364
115000045,138,14,124
115000046,704,213,491
115000047,1096,153,943
115000048,94,105,-11
115000049,161,187,-26
115000050,1141,300,841
115000051,457,231,226
115000052,148,167,-19
115000053,363,197,166
115000054,62,60,2
115000055,0,0,0
115000056,40,75,-35
115000057,0,0,0
115000058,33,20,13
115000059,0,0,0
115000061,39,5,34
115000062,0,0,0
115000063,0,0,0
115000064,116,10,106
115000065,0,0,0
115000067,17,19,-2
115000069,0,0,0
115000070,1,39,-38
115000071,30,1,29
115000072,0,0,0
115000073,279,8,271
115000075,0,0,0
115000076,451,253,198
115000077,321,169,152
115000078,168,129,39
115000079,298,155,143
115000080,453,227,226
115000081,0,0,0
115000082,1144,576,568
115000083,0,0,0
115000084,732,160,572
115000085,0,0,0
115000086,628,66,562
115000087,0,0,0
115000088,699,180,519
115000089,0,0,0
115000090,82,84,-2
115000091,100,23,77
115000092,279,5,274
115000093,423,1,422
115000094,1282,314,968
115000095,1068,231,837
115000096,171,21,150
115000097,222,77,145
115000098,304,17,287
115000099,758,208,550
115000100,564,73,491
115000101,4,19,-15
115000102,398,102,296
115000103,0,0,0
115000105,9,3,6
115000106,329,45,284
115000107,5,12,-7
115000108,90,63,27
115000109,894,784,110
115000110,250,73,177
115000111,32,88,-56
115000112,76,15,61
115000113,13,75,-62
115000114,58,67,-9
115000116,104,62,42
115000117,51,25,26
115000118,93,227,-134
115000119,71,80,-9
115000120,17,244,-227
115000121,83,81,2
115000122,79,12,67
115000123,148,403,-255
115000124,54,46,8
115000125,136,62,74
115000126,15,48,-33
115000127,29,0,29
115000128,43,46,-3
115000129,40,21,19
115000130,67,1,66
115000131,94,29,65
115000132,120,1,119
115000133,79,0,79
115000134,83,2,81
115000135,39,1,38
115000136,78,7,71
115000137,0,0,0
115000138,152,11,141
115000139,0,0,0
115000140,189,30,159
115000141,0,0,0
115000142,0,0,0
115000143,203,58,145
115000144,0,0,0
115000145,0,0,0
115000146,95,45,50
115000147,0,0,0
115000148,0,0,0
115000149,2,10,-8
115000150,0,0,0
115000151,20,31,-11
115000152,0,0,0
115000153,3,20,-17
115000154,15,5,10
115000155,0,0,0
115000156,25,31,-6
115000157,0,0,0
115000158,0,0,0
115000159,0,0,0
115000160,2,0,2
115000161,0,0,0
115000162,296,62,234
115000163,0,0,0
115000164,0,0,0
115000165,56,60,-4
115000167,13,7,6
115000168,69,17,52
115000169,0,0,0
115000170,0,0,0
115000171,78,81,-3
115000172,0,0,0
115000173,6,8,-2
115000174,16,60,-44
115000175,0,0,0
115000176,4,4,0
115000177,0,0,0
115000178,0,0,0
115000179,7,1,6
115000180,0,0,0
115000181,156,14,142
115000182,210,26,184
115000183,0,0,0
115000186,149,0,149
115000187,27,37,-10
115000188,113,27,86
115000189,6,38,-32
115000190,489,12,477
115000191,1,13,-12
115000194,0,0,0
115000195,27,3,24
115000196,3,0,3
115000197,0,0,0
115000198,43,3,40
115000199,0,0,0
115000200,38,1,37
115000201,0,0,0
115000206,155,1,154
115000207,0,0,0
115000208,10,37,-27
115000209,366,1,365
115000210,25,41,-16
115000211,8,1,7
115000212,23,1,22
115000224,0,0,0
115000225,0,0,0
115000229,3,5,-2
115000230,1,2,-1
115000231,112,5,107
115000232,416,2,414
115000233,0,0,0
115000234,0,0,0
115000241,0,0,0
115000242,0,0,0
115000243,0,0,0
115000244,0,0,0
115000246,0,0,0
115000247,0,0,0
115000248,0,0,0
115000249,0,0,0
115000250,0,0,0
115000251,0,0,0
115000252,0,0,0
115000253,0,0,0
115000258,0,0,0
115000259,0,0,0
115000261,0,0,0
115000262,0,0,0
115000263,0,0,0
115000264,0,0,0
115000267,0,0,0
115000268,0,0,0
115000269,0,0,0
115000270,0,0,0
115000272,0,0,0
115000273,0,0,0
115000280,45,369,-324
115000281,0,0,0
115000282,216,137,79
115000284,0,0,0
115000296,199,0,199
115000297,4,208,-204
115000298,0,0,0
115000300,0,0,0
115000302,51,17,34
115000303,86,5,81
115000304,100,25,75
115000305,0,0,0
115000306,0,0,0
115000307,0,0,0
115000308,0,0,0
115000310,0,0,0
115000311,351,45,306
115000313,0,0,0
115000314,33,45,-12
115000315,6,43,-37
115000316,0,0,0
115000317,45,2,43
115000318,332,3,329
115000319,0,30,-30
115000320,1,50,-49
115000321,64,4,60
115000322,0,38,-38
115000449,0,0,0
115000557,0,0,0
115000558,96,0,96
115000587,8,3,5
115000588,42,177,-135
115000589,1853,951,902
115000590,25,36,-11
115000591,460,360,100
115000592,21,82,-61
115000593,669,150,519
115000594,46,119,-73
115000609,8,7,1
115000617,123,21,102
115000624,0,0,0
115000633,197,98,99
115000634,1169,167,1002
115000635,308,32,276
115000638,0,0,0
115000641,0,0,0
115000642,127,3,124
115000643,1,13,-12
115000644,0,10,-10
115000646,53,124,-71
115000647,38,27,11
115000648,325,29,296
115000893,1226,358,868
115000894,0,76,-76
115000895,12,73,-61
115000896,813,133,680
115000897,51,26,25
115000898,49,6,43
115000899,4,17,-13
115000900,2,73,-71
115000901,1,6,-5
115000912,89,4,85
115000913,0,0,0
115000915,0,0,0
115000916,0,0,0
115000917,0,0,0
115000918,0,0,0
115000919,0,0,0
115000920,0,0,0
115000921,0,0,0
115000922,133,314,-181
115000923,8,70,-62
115000925,0,0,0
115000927,0,0,0
115000933,0,17,-17
115000934,0,0,0
115000935,0,0,0
115000936,0,1,-1
115000937,18,50,-32
115000938,11,2,9
115000939,7,35,-28
115000940,0,0,0
115000941,0,1,-1
115000942,0,1,-1
115000943,0,0,0
115000944,0,0,0
115900001,0,0,0
115900002,0,0,0
115900003,0,0,0
115900004,0,0,0
115900005,0,0,0
115900006,0,0,0
115900008,0,0,0
115900009,0,0,0
115900010,0,0,0
115900011,0,0,0
115900012,0,0,0
115900013,0,0,0
115900014,0,0,0
115900015,0,0,0
115900016,0,0,0
115900017,0,0,0
115900018,0,0,0
115900019,0,0,0
115900020,0,0,0
115900021,0,0,0
115900022,0,0,0
115900023,0,0,0
115900025,0,0,0
115900026,0,0,0
115900027,0,0,0
115900028,0,0,0
115900029,0,0,0
115900030,0,0,0
115900031,0,0,0
115900032,0,0,0
115900033,0,0,0
115900034,0,0,0
115900035,0,0,0
115900036,0,0,0
115900037,0,0,0
115900038,0,0,0
115900039,0,0,0
115900041,0,0,0
115900042,0,0,0
115900043,0,0,0
115900044,0,0,0
115900046,0,0,0
115900047,0,0,0
115900049,0,0,0
115900051,0,0,0
115900052,0,0,0
115900053,0,0,0
115900054,0,0,0
115900055,0,0,0
115900056,0,0,0
115900057,0,0,0
115900058,0,0,0
115900060,0,0,0
115900061,0,0,0
115900062,0,0,0
115900063,0,0,0
115900064,0,0,0
115900065,0,0,0
115900066,0,0,0
115900067,0,0,0
115900068,0,0,0
115900069,0,0,0
115900070,0,0,0
115900071,0,0,0
115900072,0,0,0
115900073,0,0,0
115900074,0,0,0
115900075,0,0,0
115900076,0,0,0
115900077,0,0,0
115900078,0,0,0
115900079,0,0,0
115900080,0,0,0
115900081,0,0,0
115900082,0,0,0
115900084,0,0,0
115900085,0,0,0
115900086,0,0,0
115900088,0,0,0
115900089,0,0,0
115900090,0,0,0
115900091,0,0,0
115900092,0,0,0
115900093,0,0,0
115900094,0,0,0
115900096,0,0,0
115900097,0,0,0
115900098,0,0,0
115900099,0,0,0
115900100,0,0,0
115900101,0,0,0
115900102,0,0,0
115900103,0,0,0
115900104,0,0,0
115900105,0,0,0
115900106,0,0,0
115900107,0,0,0
115900108,0,0,0
115900109,0,0,0
115900110,0,0,0
115900111,0,0,0
115900112,0,0,0
115900113,0,0,0
115900114,0,0,0
115900115,0,0,0
115900116,0,0,0
115900117,0,0,0
115900118,0,0,0
115900119,0,0,0
115900120,0,0,0
115900121,0,0,0
115900124,0,0,0
115900125,0,0,0
115900126,0,0,0
115900127,0,0,0
115900128,0,0,0
115900129,0,0,0
115900130,0,0,0
115900131,0,0,0
115900132,0,0,0
115900134,0,0,0
115900135,0,0,0
115900137,0,0,0
115900139,0,0,0
115900140,0,0,0
115900141,0,0,0
115900142,0,0,0
115900143,0,0,0
115900144,0,0,0
115900146,0,0,0
115900147,0,0,0
115900148,0,0,0
115900149,0,0,0
115900150,0,0,0
115900151,0,0,0
115900152,0,0,0
115900153,0,0,0
115900154,0,0,0
115900155,0,0,0
115900156,0,0,0
115900157,0,0,0
115900158,0,0,0
115900159,0,0,0
115900160,0,0,0
115900161,0,0,0
115900163,0,0,0
115900164,0,0,0
115900166,0,0,0
115900168,0,0,0
115900171,0,0,0
115900172,0,0,0
115900173,0,0,0
115900174,0,0,0
115900175,0,0,0
115900178,0,0,0
115900179,0,0,0
115900180,0,0,0
115900181,0,0,0
115900182,0,0,0
115900183,0,0,0
115900184,0,0,0
115900187,0,0,0
115900189,0,0,0
115900190,0,0,0
115900191,0,0,0
115900192,0,0,0
115900193,0,0,0
115900194,0,0,0
115900195,0,0,0
115900198,0,0,0
115900199,0,0,0
115900200,0,0,0
115900201,0,0,0
115900202,0,0,0
115900203,0,0,0
115900204,0,0,0
115900205,0,0,0
115900206,0,0,0
115900207,0,0,0
115900208,0,0,0
115900209,0,0,0
115900210,0,0,0
115900211,0,0,0
115900212,0,0,0
115900213,0,0,0
115900214,0,0,0
115900215,0,0,0
115900216,0,0,0
115900217,0,0,0
115900218,0,0,0
115900219,0,0,0
115900220,0,0,0
115900221,0,0,0
115900222,0,0,0
115900223,0,0,0
115900224,0,0,0
115900225,0,0,0
115900226,0,0,0
115900227,0,0,0
115900228,0,0,0
115900229,0,0,0
115900230,0,0,0
115900231,0,0,0
115900232,0,0,0
115900233,0,0,0
115900234,0,0,0
115900235,0,0,0
115900236,0,0,0
115900237,0,0,0
115900238,0,0,0
115900239,0,0,0
115900240,0,0,0
115900241,0,0,0
115900242,0,3,-3
115900243,0,0,0
115900244,0,0,0
115900245,0,0,0
115900246,0,0,0
115900247,0,0,0
115900248,0,0,0
115900249,0,0,0
115900250,0,0,0
115900251,0,0,0
115900252,0,0,0
115900253,0,0,0
115900254,0,0,0
115900255,0,0,0
115900256,0,0,0
115900257,0,0,0
115900258,0,0,0
115900259,0,0,0
115900260,0,0,0
115900261,0,0,0
115900262,0,0,0
115900263,0,0,0
115900264,0,0,0
115900265,0,0,0
115900266,0,0,0
115900267,0,0,0
115900268,0,0,0
115900269,0,0,0
115900270,0,0,0
115900271,0,0,0
115900272,0,0,0
115900273,0,0,0
115900274,0,0,0
115900275,0,0,0
115900276,0,0,0
115900277,0,0,0
115900278,0,0,0
115900279,0,0,0
115900280,0,0,0
115900281,0,0,0
115900282,0,0,0
115900283,0,0,0
115900284,0,0,0
116000001,107,211,-104
116000002,1572,2134,-562
116000003,20,86,-66
116000004,470,2034,-1564
116000005,32,144,-112
116000006,298,635,-337
116000007,56,175,-119
116000008,577,483,94
116000009,9,91,-82
116000010,620,410,210
116000011,46,151,-105
116000012,742,173,569
116000013,101,474,-373
116000014,0,1,-1
116000015,2,5,-3
116000016,868,42,826
116000017,52,7,45
116000018,85,37,48
116000019,28,0,28
116000020,556,61,495
116000021,85,0,85
116000022,110,43,67
116000023,1,5,-4
116000024,235,11,224
116000025,20,16,4
116000026,443,36,407
116000027,184,56,128
116000028,484,661,-177
116000029,0,0,0
116000030,502,340,162
116000031,0,0,0
116000032,165,2,163
116000033,422,245,177
116000034,1281,1289,-8
116000035,380,97,283
116000036,0,0,0
116000037,2,35,-33
116000038,4,100,-96
116000039,0,0,0
116000040,44,178,-134
116000041,0,0,0
116000042,259,301,-42
116000043,0,0,0
116000044,0,0,0
116000045,1749,1991,-242
116000046,127,118,9
116000047,157,49,108
116000048,1609,720,889
116000049,1380,640,740
116000050,503,297,206
116000051,1726,455,1271
116000052,742,180,562
116000053,837,346,491
116000054,0,0,0
116000055,0,0,0
116000056,412,1039,-627
116000057,0,0,0
116000058,79,151,-72
116000059,471,2503,-2032
116000060,102,79,23
116000061,65,352,-287
116000062,60,12,48
116000063,143,538,-395
116000066,53,342,-289
116000067,0,0,0
116000068,33,78,-45
116000069,0,0,0
116000078,159,306,-147
116000080,0,0,0
116000082,0,0,0
116000083,206,62,144
116000084,49,260,-211
116000085,301,79,222
116000086,7,86,-79
116000087,692,198,494
116000088,32,44,-12
116000089,0,0,0
116000090,5,6,-1
116000091,0,0,0
116000093,209,200,9
116000094,3,49,-46
116000095,319,17,302
116000096,41,114,-73
116000097,428,17,411
116000098,7,207,-200
116000099,487,2,485
116000100,55,0,55
116000101,19,0,19
116000102,100,29,71
116000103,78,24,54
116000104,2,10,-8
116000105,79,4,75
116000106,24,11,13
116000107,193,7,186
116000108,0,3,-3
116000111,8,0,8
116000113,50,2,48
116000114,0,0,0
116000115,53,15,38
116000116,0,0,0
116000117,236,469,-233
116000118,0,0,0
116000119,1138,389,749
116000120,0,0,0
116000121,227,140,87
116000122,0,0,0
116000123,775,72,703
116000124,0,0,0
116000125,798,42,756
116000126,0,0,0
116000127,0,0,0
116000128,746,113,633
116000129,0,0,0
116000130,0,0,0
116000133,365,9,356
116000134,182,16,166
116000135,769,180,589
116000136,114,116,-2
116000137,326,104,222
116000138,0,0,0
116000139,402,934,-532
116000140,1,0,1
116000141,36,0,36
116000142,280,550,-270
116000143,465,177,288
116000144,191,158,33
116000145,1481,232,1249
116000146,135,7,128
116000147,139,310,-171
116000148,0,3,-3
116000149,0,0,0
116000151,20,81,-61
116000153,128,613,-485
116000155,241,455,-214
116000156,3,23,-20
116000157,95,2,93
116000158,545,45,500
116000159,69,1,68
116000160,0,0,0
116000161,0,0,0
116000162,0,0,0
116000163,0,0,0
116000164,0,0,0
116000177,15,2,13
116000194,0,0,0
116000195,597,142,455
116000196,0,0,0
116000197,0,0,0
116000198,508,400,108
116000200,1,28,-27
116000201,0,0,0
116000202,1,0,1
116000203,0,0,0
116000204,0,0,0
116000205,0,0,0
116000206,0,0,0
116000207,0,0,0
116000233,0,0,0
116000287,0,0,0
116000288,144,105,39
116000292,0,0,0
116000296,0,7,-7
116000297,0,0,0
116000304,0,0,0
116000305,0,0,0
116000346,0,0,0
116000352,0,0,0
116000354,0,0,0
116000357,0,0,0
116000358,0,0,0
116000361,0,0,0
116000372,0,0,0
116000381,0,0,0
116000388,0,0,0
116000389,129,14,115
116000445,0,0,0
116000446,373,25,348
116000447,0,0,0
116000448,518,240,278
116000563,179,1167,-988
116000565,0,0,0
116000568,0,0,0
116000579,0,0,0
116000583,0,0,0
116000584,0,0,0
116000585,0,0,0
116000586,0,0,0
116000587,610,0,610
116000589,0,0,0
116000590,7,1,6
116000591,157,29,128
116000592,1,0,1
116000593,0,0,0
116000594,0,0,0
116000595,0,0,0
116000596,0,0,0
116000597,131,1,130
116000598,0,0,0
116000605,0,0,0
116000606,10,10,0
116000607,0,0,0
116000609,0,0,0
116000611,0,0,0
116000612,1129,326,803
116000613,341,145,196
116000614,0,0,0
116000615,0,0,0
116000616,0,0,0
116000617,0,0,0
116000618,0,0,0
116000619,0,5,-5
116000620,622,14,608
116000621,1,54,-53
116000622,33,21,12
116000624,0,0,0
116000627,0,0,0
116000628,0,0,0
116000629,0,0,0
116000630,12,0,12
116000631,0,0,0
116000632,221,0,221
116000633,80,2,78
116000634,0,0,0
116000635,1177,1328,-151
116000636,106,182,-76
116000637,0,0,0
116000638,118,10,108
116000639,5,0,5
116000640,32,0,32
116000641,0,0,0
116000643,0,0,0
116000644,0,0,0
116000645,0,0,0
116900001,0,0,0
116900002,0,0,0
116900003,0,0,0
116900004,0,0,0
116900005,0,0,0
116900006,2,3,-1
116900007,0,0,0
116900008,0,0,0
116900009,0,0,0
116900010,0,0,0
116900011,0,0,0
116900012,0,0,0
116900013,0,0,0
116900014,0,0,0
116900015,0,0,0
116900016,0,0,0
116900017,0,0,0
116900018,0,0,0
116900019,0,0,0
116900020,0,0,0
116900023,0,0,0
116900024,0,0,0
116900025,0,0,0
116900026,0,0,0
116900027,0,0,0
116900028,0,0,0
116900029,0,0,0
116900031,0,0,0
116900032,0,0,0
116900033,0,0,0
116900034,0,0,0
116900035,0,0,0
116900036,0,0,0
116900038,0,0,0
116900041,0,0,0
116900042,0,0,0
116900043,0,0,0
116900047,0,0,0
116900049,0,0,0
116900050,0,0,0
116900051,0,0,0
116900052,0,0,0
116900055,0,0,0
116900057,0,0,0
116900058,0,0,0
116900059,0,0,0
116900060,0,0,0
116900062,0,0,0
116900064,0,0,0
116900065,0,0,0
116900067,0,0,0
116900068,0,0,0
116900070,0,0,0
116900072,0,0,0
116900073,0,0,0
116900074,0,0,0
116900076,0,0,0
116900077,0,0,0
116900078,0,0,0
116900079,0,0,0
116900080,0,0,0
116900081,0,0,0
116900082,0,0,0
116900083,0,0,0
116900084,0,0,0
116900085,0,0,0
116900086,0,0,0
116900088,0,0,0
116900090,0,0,0
116900091,0,0,0
116900092,0,0,0
116900093,0,0,0
116900094,0,0,0
116900095,0,0,0
116900096,0,0,0
116900097,0,0,0
116900098,0,0,0
116900099,0,0,0
116900100,0,0,0
116900101,0,0,0
116900103,0,0,0
116900104,0,0,0
116900105,0,0,0
116900106,0,0,0
116900107,0,0,0
116900110,0,0,0
116900111,223,2,221
116900112,75,1,74
116900113,39,41,-2
116900116,0,0,0
116900117,0,0,0
116900118,0,0,0
116900120,0,0,0
116900121,0,0,0
116900122,0,0,0
116900123,0,0,0
116900124,0,0,0
116900125,0,0,0
116900126,0,0,0
116900128,0,0,0
116900129,0,0,0
116900130,0,0,0
116900131,0,0,0
116900132,0,0,0
116900133,0,0,0
116900134,0,0,0
116900136,0,0,0
116900137,0,0,0
116900138,0,0,0
116900139,0,0,0
116900140,0,0,0
116900141,0,0,0
116900142,0,0,0
116900143,0,0,0
116900144,0,0,0
116900145,0,0,0
116900147,0,0,0
116900148,0,0,0
116900149,0,0,0
116900150,0,0,0
116900151,0,0,0
116900153,0,0,0
116900154,0,0,0
116900155,0,0,0
116900157,0,0,0
116900158,0,0,0
116900159,0,0,0
116900160,0,0,0
116900161,1,0,1
116900162,0,0,0
116900163,0,0,0
116900164,0,0,0
116900165,0,0,0
116900166,0,0,0
116900167,0,0,0
116900168,0,0,0
116900169,0,0,0
116900170,0,0,0
116900171,0,0,0
116900172,0,0,0
116900173,0,0,0
116900174,0,0,0
116900175,0,0,0
116900178,0,0,0
116900179,0,0,0
116900180,0,0,0
116900182,0,0,0
116900183,0,0,0
116900185,0,0,0
116900186,0,0,0
116900187,0,0,0
116900188,0,0,0
116900189,0,0,0
116900191,0,0,0
116900192,0,0,0
116900194,0,0,0
116900195,0,0,0
116900196,0,0,0
116900197,0,0,0
116900198,0,0,0
116900200,0,0,0
116900201,0,0,0
116900202,0,0,0
116900203,0,0,0
116900204,0,0,0
116900206,0,0,0
116900207,0,0,0
116900208,15,0,15
116900209,0,0,0
116900210,0,0,0
116900211,0,0,0
116900212,0,0,0
116900213,0,0,0
116900214,0,0,0
116900215,0,0,0
116900216,0,0,0
116900218,0,0,0
116900219,0,0,0
116900220,0,0,0
116900221,0,0,0
116900222,136,83,53
116900223,0,0,0
116900226,0,0,0
116900227,0,0,0
116900228,0,0,0
116900230,0,0,0
116900231,0,0,0
116900232,0,0,0
116900233,0,0,0
116900234,0,0,0
116900235,0,0,0
116900238,0,0,0
116900239,0,0,0
116900240,0,0,0
116900241,0,0,0
116900242,0,0,0
116900243,0,0,0
116900245,0,0,0
116900246,0,0,0
116900247,0,0,0
116900248,0,0,0
116900249,0,0,0
116900250,0,0,0
116900251,0,0,0
116900252,161,4,157
116900254,0,0,0
116900255,0,0,0
116900256,0,0,0
116900257,0,0,0
116900258,0,0,0
116900259,0,0,0
116900260,0,0,0
116900261,0,0,0
116900262,0,0,0
116900263,0,0,0
116900264,104,2,102
116900265,0,0,0
116900266,0,0,0
116900267,0,0,0
116900268,0,0,0
116900269,268,92,176
116900271,0,0,0
116900272,0,0,0
116900273,0,0,0
116900274,0,0,0
116900275,0,0,0
116900276,52,0,52
116900277,0,0,0
116900278,0,0,0
116900279,0,0,0
116900280,0,0,0
116900281,0,0,0
116900282,0,0,0
116900283,0,0,0
116900284,0,0,0
116900285,0,0,0
116900286,0,0,0
116900287,0,0,0
116900288,0,0,0
116900289,0,0,0
116900290,0,0,0
116900291,0,0,0
116900292,0,0,0
116900293,0,0,0
116900294,0,0,0
116900295,0,0,0
116900296,0,0,0
116900297,0,0,0
116900298,0,0,0
116900299,0,0,0
116900300,0,0,0
116900301,0,0,0
116900302,0,0,0
116900303,0,0,0
116900304,0,0,0
116900305,0,0,0
116900306,20,5,15
116900307,0,0,0
116900308,0,0,0
116900309,0,0,0
116900310,0,0,0
117000001,1066,556,510
117000002,6,48,-42
117000003,2359,1165,1194
117000004,282,169,113
117000005,1668,619,1049
117000006,92,155,-63
117000007,3281,657,2624
117000008,106,141,-35
117000009,1813,384,1429
117000010,142,126,16
117000011,1089,263,826
117000012,199,80,119
117000013,1135,161,974
117000014,21,265,-244
117000015,583,193,390
117000016,41,4,37
117000017,37,16,21
117000018,8,8,0
117000019,10,12,-2
117000020,58,22,36
117000021,48,0,48
117000022,80,32,48
117000023,15,26,-11
117000024,0,0,0
117000025,0,0,0
117000026,700,1095,-395
117000027,0,0,0
117000028,342,227,115
117000030,148,35,113
117000031,195,280,-85
117000032,494,294,200
117000033,326,304,22
117000034,147,88,59
117000035,614,143,471
117000036,79,117,-38
117000037,620,62,558
117000038,85,89,-4
117000039,527,55,472
117000040,0,0,0
117000041,461,17,444
117000044,0,0,0
117000045,63,55,8
117000046,0,0,0
117000047,721,364,357
117000048,0,0,0
117000049,1,49,-48
117000050,3,2,1
117000051,525,162,363
117000052,0,0,0
117000053,0,0,0
117000054,1252,57,1195
117000055,0,16,-16
117000056,349,61,288
117000057,0,18,-18
117000060,0,0,0
117000061,511,384,127
117000062,0,0,0
117000063,348,101,247
117000064,0,0,0
117000066,1,2,-1
117000067,40,40,0
117000074,0,45,-45
117000076,2,4,-2
117000077,104,82,22
117000078,0,0,0
117000079,39,5,34
117000080,0,0,0
117000081,179,1,178
117000082,0,0,0
117000083,48,0,48
117000084,45,1,44
117000085,25,35,-10
117000086,239,206,33
117000087,20,50,-30
117000088,261,106,155
117000089,1299,327,972
117000090,3,46,-43
117000091,889,115,774
117000092,8,40,-32
117000093,1449,147,1302
117000094,40,71,-31
117000095,2155,120,2035
117000096,29,96,-67
117000097,1317,234,1083
117000098,64,73,-9
117000099,1669,246,1423
117000100,0,0,0
117000101,0,0,0
117000102,863,285,578
117000103,30,36,-6
117000104,790,208,582
117000105,28,30,-2
117000106,1036,292,744
117000107,71,25,46
117000108,868,667,201
117000109,130,30,100
117000110,892,1044,-152
117000111,2092,1442,650
117000112,821,465,356
117000113,0,0,0
117000114,1,1,0
117000115,0,0,0
117000116,0,6,-6
117000117,108,83,25
117000118,16,37,-21
117000119,4,90,-86
117000120,0,47,-47
117000121,1,64,-63
117000122,2,69,-67
117000123,51,93,-42
117000124,4,7,-3
117000125,0,0,0
117000126,15,0,15
117000127,3,1,2
117000128,1,1,0
117000129,171,715,-544
117000130,3,0,3
117000131,0,0,0
117000132,1703,24,1679
117000133,0,0,0
117000134,0,0,0
117000135,0,0,0
117000136,0,0,0
117000137,0,0,0
117000138,0,0,0
117000140,10,46,-36
117000141,1265,243,1022
117000181,0,0,0
117000182,0,0,0
117000195,0,0,0
117000196,0,0,0
117000225,0,0,0
117000226,0,0,0
117000276,0,0,0
117000277,0,0,0
117000310,1,392,-391
117000315,0,0,0
117000320,106,0,106
117000906,105,7,98
117000907,0,0,0
117000909,1,25,-24
117000910,0,0,0
117000911,2,42,-40
117000915,0,0,0
117000916,12,24,-12
117000917,335,4,331
117000918,57,79,-22
117000919,0,0,0
117000920,0,34,-34
117000921,0,0,0
117000922,0,1,-1
117000924,76,206,-130
117000926,50,8,42
117000927,66,476,-410
117000928,0,0,0
117000929,0,0,0
117000930,0,0,0
117000931,0,0,0
117900002,0,0,0
117900003,0,0,0
117900005,0,0,0
117900006,0,0,0
117900007,0,0,0
117900008,0,0,0
117900010,0,0,0
117900011,0,0,0
117900012,0,0,0
117900013,0,0,0
117900014,0,0,0
117900015,0,0,0
117900016,0,0,0
117900017,0,0,0
117900018,0,0,0
117900019,0,0,0
117900020,0,0,0
117900021,0,0,0
117900023,0,0,0
117900024,0,0,0
117900025,0,0,0
117900026,0,0,0
117900028,0,0,0
117900029,0,0,0
117900031,0,0,0
117900032,0,0,0
117900033,0,0,0
117900034,0,0,0
117900035,0,0,0
117900036,0,0,0
117900037,0,0,0
117900038,0,0,0
117900039,0,0,0
117900040,0,0,0
117900041,0,0,0
117900042,0,0,0
117900043,0,0,0
117900044,0,0,0
117900045,0,0,0
117900048,0,0,0
117900049,0,0,0
117900050,0,0,0
117900051,0,0,0
117900052,0,0,0
117900053,0,0,0
117900054,0,0,0
117900055,0,0,0
117900056,0,0,0
117900057,0,0,0
117900058,0,0,0
117900059,0,0,0
117900060,0,0,0
117900061,0,0,0
117900063,0,0,0
117900065,0,0,0
117900066,0,0,0
117900067,0,0,0
117900069,0,0,0
117900070,0,0,0
117900071,0,0,0
117900073,0,0,0
117900074,0,0,0
117900075,0,0,0
117900076,0,0,0
117900077,0,0,0
117900078,0,0,0
117900080,0,0,0
117900081,0,0,0
117900082,0,0,0
117900083,0,0,0
117900086,0,0,0
117900087,0,0,0
117900088,0,0,0
117900089,0,0,0
117900090,0,0,0
117900091,0,0,0
117900092,0,0,0
117900093,0,0,0
117900094,0,0,0
117900095,0,0,0
117900096,0,0,0
117900097,0,0,0
117900098,0,0,0
117900099,0,0,0
117900100,0,0,0
117900101,0,0,0
117900102,0,0,0
117900103,0,0,0
117900104,0,0,0
117900105,0,0,0
117900106,0,0,0
117900107,0,0,0
117900109,0,0,0
117900110,0,0,0
117900111,0,0,0
117900112,0,0,0
117900113,0,0,0
117900114,0,0,0
117900115,0,0,0
117900116,0,0,0
117900117,0,0,0
117900118,0,0,0
117900119,0,0,0
117900120,0,0,0
117900121,6,0,6
117900122,0,0,0
117900123,0,0,0
117900124,0,0,0
117900125,0,0,0
117900126,0,0,0
117900127,0,0,0
117900128,0,0,0
117900129,0,0,0
117900130,0,0,0
117900131,0,0,0
117900132,0,0,0
117900133,0,0,0
117900134,0,0,0
117900135,0,0,0
117900136,0,0,0
117900137,0,0,0
117900138,0,0,0
117900139,0,0,0
117900140,0,0,0
117900141,0,0,0
117900142,0,0,0
117900144,0,0,0
117900145,0,0,0
117900146,0,0,0
117900147,0,0,0
117900148,0,0,0
117900149,0,0,0
117900150,0,0,0
117900151,0,0,0
117900152,0,0,0
117900153,0,0,0
117900154,0,0,0
117900156,0,0,0
117900157,0,0,0
117900158,0,0,0
117900160,0,0,0
117900161,0,0,0
117900162,0,0,0
117900163,0,0,0
117900165,0,0,0
117900166,0,0,0
117900168,0,0,0
117900169,0,0,0
117900170,0,0,0
117900171,0,0,0
117900172,0,0,0
117900173,0,0,0
117900174,0,0,0
117900175,0,0,0
117900176,0,0,0
117900177,0,0,0
117900178,0,0,0
117900180,0,0,0
117900181,0,0,0
117900182,0,0,0
117900183,0,0,0
117900184,0,0,0
117900185,0,0,0
117900186,0,0,0
117900187,0,0,0
117900188,0,0,0
117900189,0,0,0
117900190,0,0,0
117900191,0,0,0
117900192,0,0,0
117900193,0,0,0
117900194,0,0,0
117900195,0,0,0
117900196,0,0,0
117900207,0,0,0
117900208,0,0,0
117900209,0,0,0
117900210,0,0,0
117900211,0,0,0
117900212,0,0,0
117900213,0,0,0
117900214,0,0,0
117900215,0,0,0
117900216,0,0,0
117900217,0,0,0
117900218,0,0,0
117900219,0,0,0
117900220,0,0,0
117900222,0,0,0
117900223,0,0,0
118000001,225,682,-457
118000002,12,87,-75
118000003,994,1951,-957
118000004,41,65,-24
118000005,1569,1670,-101
118000006,125,149,-24
118000007,115,822,-707
118000008,151,438,-287
118000009,37,255,-218
118000010,147,473,-326
118000011,0,0,0
118000012,0,0,0
118000013,0,0,0
118000014,0,0,0
118000016,0,0,0
118000017,24,32,-8
118000018,0,0,0
118000019,2,3,-1
118000020,0,0,0
118000021,0,0,0
118000022,55,56,-1
118000023,207,147,60
118000024,210,292,-82
118000027,93,99,-6
118000029,54,376,-322
118000032,211,764,-553
118000033,594,1333,-739
118000034,48,82,-34
118000035,71,307,-236
118000036,53,134,-81
118000037,0,0,0
118000038,34,96,-62
118000039,0,0,0
118000040,170,208,-38
118000041,0,0,0
118000045,0,0,0
118000046,2,408,-406
118000047,0,0,0
118000048,19,90,-71
118000051,6,286,-280
118000052,3,89,-86
118000053,11,60,-49
118000054,26,79,-53
118000055,0,31,-31
118000056,0,0,0
118000057,0,0,0
118000058,0,0,0
118000059,3,12,-9
118000060,2,2,0
118000061,50,112,-62
118000062,0,0,0
118000063,0,17,-17
118000064,3,66,-63
118000065,37,64,-27
118000066,1,154,-153
118000067,5,45,-40
118000068,25,126,-101
118000069,9,32,-23
118000070,0,89,-89
118000071,101,219,-118
118000072,232,581,-349
118000073,3,123,-120
118000074,0,15,-15
118000075,0,57,-57
118000076,823,2293,-1470
118000077,0,0,0
118000078,655,838,-183
118000079,23,63,-40
118000080,0,0,0
118000081,322,626,-304
118000082,0,0,0
118000083,0,0,0
118000084,0,0,0
118000086,0,0,0
118000087,52,67,-15
118000088,244,413,-169
118000089,400,196,204
118000090,1,81,-80
118000091,63,160,-97
118000092,0,0,0
118000093,0,0,0
118000096,0,0,0
118000097,0,0,0
118000098,0,0,0
118000099,0,0,0
118000101,320,276,44
118000102,120,10,110
118000107,29,27,2
118000108,55,19,36
118000110,0,0,0
118000111,0,0,0
118000112,164,1,163
118000113,0,0,0
118000114,147,2,145
118000115,4,0,4
118000116,13,0,13
118000117,15,8,7
118000118,307,372,-65
118000119,200,308,-108
118000120,44,1,43
118000121,0,0,0
118000122,0,0,0
118000123,0,0,0
118000125,0,0,0
118000126,7,18,-11
118000127,71,264,-193
118000128,0,0,0
118000129,74,34,40
118000130,15,23,-8
118000131,13,13,0
118000132,249,359,-110
118000133,68,153,-85
118000135,129,243,-114
118000136,6,14,-8
118000137,0,0,0
118000138,1,0,1
118000139,0,0,0
118000140,0,17,-17
118000141,964,894,70
118000142,0,0,0
118000143,377,556,-179
118000144,98,119,-21
118000145,532,102,430
118000146,451,51,400
118000147,457,37,420
118000148,46,91,-45
118000149,7,1,6
118000150,363,131,232
118000151,44,26,18
118000153,609,552,57
118000154,389,291,98
118000155,588,875,-287
118000156,171,162,9
118000157,359,65,294
118000158,8,3,5
118000159,46,133,-87
118000160,515,269,246
118000161,0,0,0
118000162,172,75,97
118000163,158,182,-24
118000164,664,199,465
118000168,0,0,0
118000169,0,0,0
118000170,21,4,17
118000171,0,4,-4
118000172,0,0,0
118000173,289,167,122
118000175,288,535,-247
118000176,308,458,-150
118000177,222,445,-223
118000178,0,0,0
118000179,721,803,-82
118000180,614,353,261
118000181,11,27,-16
118000182,65,54,11
118000183,68,98,-30
118000184,1005,246,759
118000185,0,0,0
118000186,0,0,0
118000187,104,0,104
118000188,0,0,0
118000189,0,0,0
118000190,0,0,0
118000191,1,0,1
118000192,0,10,-10
118000193,0,0,0
118000194,593,700,-107
118000195,27,40,-13
118000196,0,0,0
118000197,5,10,-5
118000198,3,83,-80
118000199,188,193,-5
118000200,0,0,0
118000201,0,0,0
118000202,0,0,0
118000203,0,0,0
118000204,1,54,-53
118000205,39,45,-6
118000206,46,9,37
118000207,0,0,0
118000208,184,349,-165
118000209,193,29,164
118000210,31,14,17
118000211,71,13,58
118000213,1,30,-29
118000214,54,31,23
118000215,0,0,0
118000216,0,0,0
118000217,0,0,0
118000218,0,0,0
118000219,0,0,0
118000220,37,20,17
118000221,0,0,0
118000222,0,0,0
118000223,4,7,-3
118000224,0,0,0
118000225,0,0,0
118000226,10,9,1
118000227,26,60,-34
118000228,0,0,0
118000229,0,0,0
118000230,0,0,0
118000231,0,0,0
118000232,0,0,0
118000233,133,17,116
118000234,0,0,0
118000236,1,0,1
118000237,0,0,0
118000238,0,0,0
118000239,165,25,140
118000240,0,0,0
118000241,0,0,0
118000242,0,0,0
118000243,0,0,0
118000244,0,0,0
118000246,0,0,0
118000255,7,3,4
118000256,1,11,-10
118000259,0,0,0
118000260,0,0,0
118000261,0,0,0
118000263,0,0,0
118000266,2,0,2
118000267,0,0,0
118000268,15,0,15
118000270,0,0,0
118000271,1,3,-2
118000272,0,0,0
118000273,0,0,0
118000274,0,0,0
118000276,0,0,0
118000295,0,0,0
118000298,0,0,0
118000299,0,0,0
118000301,0,0,0
118000302,0,0,0
118000311,0,0,0
118000312,0,0,0
118000313,0,0,0
118000314,0,0,0
118000315,0,0,0
118000316,0,0,0
118000325,51,0,51
118000326,0,0,0
118000331,4,0,4
118000332,25,0,25
118000333,63,0,63
118000335,61,0,61
118000336,0,0,0
118000407,0,0,0
118000457,0,0,0
118000465,56,147,-91
118000480,0,0,0
118000489,38,57,-19
118000490,0,0,0
118000492,166,42,124
118000510,0,0,0
118000514,13,15,-2
118000515,97,3,94
118000517,0,0,0
118000524,0,0,0
118000525,0,0,0
118000530,1,36,-35
118000531,141,21,120
118000532,0,0,0
118000533,0,0,0
118000534,0,0,0
118000535,81,57,24
118000536,0,0,0
118000537,0,0,0
118000538,0,0,0
118000539,0,35,-35
118000540,0,0,0
118000541,0,0,0
118000542,25,23,2
118000543,3,24,-21
118000546,0,0,0
118000553,0,0,0
118000557,0,0,0
118000560,0,0,0
118000562,0,0,0
118000563,235,655,-420
118000576,32,2,30
118000577,2,34,-32
118000578,26,2,24
118000579,8,10,-2
118000583,0,0,0
118000595,43,98,-55
118000596,0,0,0
118000597,16,22,-6
118000598,0,0,0
118000599,0,0,0
118000600,0,0,0
118000601,0,0,0
118000602,0,0,0
118000603,0,0,0
118000605,0,0,0
118000606,0,0,0
118900001,0,0,0
118900002,0,0,0
118900003,0,0,0
118900004,0,0,0
118900005,0,0,0
118900006,0,0,0
118900007,0,0,0
118900008,0,0,0
118900009,0,0,0
118900010,0,0,0
118900011,0,0,0
118900012,35,4,31
118900013,0,0,0
118900015,0,0,0
118900016,0,0,0
118900017,0,0,0
118900018,0,0,0
118900019,0,0,0
118900020,0,0,0
118900021,0,0,0
118900022,0,0,0
118900023,0,0,0
118900024,0,0,0
118900025,0,0,0
118900026,0,0,0
118900027,0,0,0
118900028,0,0,0
118900029,0,0,0
118900030,0,0,0
118900031,0,0,0
118900032,0,0,0
118900033,0,0,0
118900034,0,0,0
118900035,0,0,0
118900036,0,0,0
118900037,0,0,0
118900038,0,0,0
118900039,0,0,0
118900040,0,0,0
118900041,0,0,0
118900042,0,0,0
118900045,0,0,0
118900046,0,0,0
118900047,0,0,0
118900048,0,0,0
118900049,0,0,0
118900050,0,0,0
118900051,7,0,7
118900052,0,0,0
118900053,0,0,0
118900054,0,0,0
118900055,0,0,0
118900056,0,0,0
118900057,0,0,0
118900058,0,0,0
118900059,0,0,0
118900060,0,0,0
118900062,0,0,0
118900064,0,0,0
118900065,0,0,0
118900066,0,0,0
118900067,0,0,0
118900068,0,0,0
118900069,0,0,0
118900071,0,0,0
118900072,0,0,0
118900073,0,0,0
118900074,0,0,0
118900075,0,0,0
118900076,0,0,0
118900077,0,0,0
118900078,0,0,0
118900079,0,0,0
118900080,0,0,0
118900081,0,0,0
118900082,0,0,0
118900083,0,0,0
118900084,0,0,0
118900085,0,0,0
118900086,0,0,0
118900087,0,0,0
118900088,0,0,0
118900089,0,0,0
118900090,0,0,0
118900091,0,0,0
118900092,0,0,0
118900093,0,0,0
118900096,0,93,-93
118900097,0,0,0
118900099,0,0,0
118900100,0,0,0
118900101,0,0,0
118900102,0,0,0
118900103,0,0,0
118900104,0,0,0
118900105,0,0,0
118900107,0,0,0
118900108,0,0,0
118900110,0,0,0
118900111,0,0,0
118900112,0,0,0
118900113,0,0,0
118900114,0,0,0
118900115,0,0,0
118900116,0,0,0
118900117,0,0,0
118900118,0,0,0
118900119,0,0,0
118900120,0,0,0
118900121,0,0,0
118900122,0,0,0
118900123,0,0,0
118900124,0,0,0
118900126,0,0,0
118900129,0,0,0
118900130,0,0,0
118900131,0,0,0
118900132,0,0,0
118900133,0,0,0
118900135,0,0,0
118900136,0,0,0
118900137,0,0,0
118900139,0,0,0
118900140,0,0,0
118900141,0,0,0
118900144,0,0,0
118900145,0,0,0
118900146,0,0,0
118900147,0,0,0
118900148,0,0,0
118900150,0,0,0
118900152,0,0,0
118900157,0,0,0
118900158,0,0,0
118900159,0,0,0
118900161,0,0,0
118900163,0,0,0
118900164,0,0,0
118900165,0,0,0
118900166,0,0,0
118900167,0,0,0
118900168,0,0,0
118900169,0,0,0
118900170,0,0,0
118900171,0,0,0
118900174,0,0,0
118900175,0,0,0
118900176,0,0,0
118900177,0,0,0
118900178,0,0,0
118900179,0,0,0
118900181,5,0,5
118900182,0,0,0
118900183,0,0,0
118900184,0,0,0
118900185,0,0,0
118900186,0,0,0
118900187,0,0,0
118900188,0,0,0
118900189,0,0,0
118900190,0,0,0
118900191,0,0,0
118900192,0,0,0
118900193,0,0,0
118900195,0,0,0
118900196,0,0,0
118900197,0,0,0
118900198,0,0,0
118900199,0,0,0
118900200,0,0,0
118900201,0,0,0
118900202,0,0,0
118900203,0,0,0
118900204,0,0,0
118900205,0,0,0
118900206,0,0,0
119000001,595,458,137
119000002,660,164,496
119000003,74,104,-30
119000004,41,104,-63
119000005,160,50,110
119000006,198,44,154
119000007,686,588,98
119000008,0,0,0
119000009,275,378,-103
119000010,0,0,0
119000011,528,366,162
119000012,0,0,0
119000013,1325,534,791
119000014,40,135,-95
119000019,0,0,0
119000020,75,32,43
119000021,118,92,26
119000022,0,0,0
119000023,136,133,3
119000024,242,1298,-1056
119000025,3,30,-27
119000026,0,0,0
119000027,13,37,-24
119000028,48,31,17
119000029,0,0,0
119000030,17,138,-121
119000031,0,0,0
119000032,0,52,-52
119000033,330,95,235
119000034,2,0,2
119000035,0,11,-11
119000036,147,34,113
119000037,4,38,-34
119000038,1,17,-16
119000039,20,27,-7
119000040,2,276,-274
119000041,3,36,-33
119000048,356,103,253
119000049,32,36,-4
119000050,11,1,10
119000051,57,90,-33
119000052,0,4,-4
119000053,72,114,-42
119000054,158,16,142
119000055,1084,125,959
119000056,622,296,326
119000057,68,58,10
119000058,73,38,35
119000059,631,138,493
119000060,0,0,0
119000061,47,61,-14
119000062,0,0,0
119000063,21,48,-27
119000064,32,61,-29
119000065,28,17,11
119000066,119,101,18
119000067,235,60,175
119000068,104,11,93
119000069,309,89,220
119000070,143,29,114
119000071,0,0,0
119000072,280,102,178
119000073,140,88,52
119000074,364,90,274
119000075,195,53,142
119000076,0,0,0
119000077,0,0,0
119000078,0,0,0
119000079,0,0,0
119000080,0,0,0
119000081,0,0,0
119000082,0,0,0
119000083,0,0,0
119000084,0,0,0
119000085,0,0,0
119000086,0,0,0
119000087,0,0,0
119000088,0,0,0
119000089,0,0,0
119000090,0,0,0
119000091,0,0,0
119000092,0,0,0
119000093,277,94,183
119000094,979,191,788
119000095,77,94,-17
119000097,159,67,92
119000098,182,589,-407
119000099,439,88,351
119000100,561,266,295
119000101,0,0,0
119000102,0,0,0
119000103,16,16,0
119000104,0,0,0
119000105,99,91,8
119000106,0,0,0
119000107,130,149,-19
119000108,0,0,0
119000109,0,0,0
119000110,0,0,0
119000111,0,0,0
119000112,0,0,0
119000113,0,0,0
119000114,19,29,-10
119000115,0,0,0
119000116,4,62,-58
119000117,0,0,0
119000118,0,0,0
119000123,0,0,0
119000124,133,20,113
119000125,323,19,304
119000126,339,34,305
119000127,0,0,0
119000128,0,0,0
119000131,0,0,0
119000132,0,0,0
119000133,0,0,0
119000134,178,235,-57
119000135,0,0,0
119000136,0,0,0
119000137,0,0,0
119000138,0,0,0
119000139,0,0,0
119000140,0,0,0
119000284,0,0,0
119000285,0,0,0
119000286,0,0,0
119000287,0,0,0
119000288,0,0,0
119000289,0,0,0
119000290,70,4,66
119000291,0,0,0
119000293,1,4,-3
119000294,148,96,52
119000295,0,0,0
119000296,0,0,0
119000302,0,0,0
119000303,0,4,-4
119000314,0,0,0
119000315,0,0,0
119000316,0,0,0
119000317,0,0,0
119000319,0,0,0
119900001,0,0,0
119900002,0,0,0
119900003,0,0,0
119900004,0,0,0
119900005,0,0,0
119900006,0,0,0
119900007,0,0,0
119900008,0,0,0
119900009,0,0,0
119900010,0,0,0
119900011,0,0,0
119900012,0,0,0
119900013,0,0,0
119900014,0,0,0
119900015,0,0,0
119900016,0,0,0
119900017,0,0,0
119900018,0,0,0
119900019,0,0,0
119900020,0,0,0
119900021,0,0,0
119900022,0,0,0
119900023,0,0,0
119900025,0,0,0
119900026,0,0,0
119900027,0,0,0
119900028,0,0,0
119900029,0,0,0
119900030,0,0,0
119900031,0,0,0
119900033,0,0,0
119900034,0,0,0
119900037,0,0,0
119900038,0,0,0
119900039,0,0,0
119900040,0,0,0
119900041,0,0,0
119900042,0,0,0
119900043,0,0,0
119900044,0,0,0
119900046,0,0,0
119900047,0,0,0
119900049,0,0,0
119900050,0,0,0
119900051,0,0,0
119900052,0,0,0
119900053,0,0,0
119900054,0,0,0
119900055,0,0,0
119900057,0,0,0
119900058,0,0,0
119900059,0,0,0
119900060,0,0,0
119900061,0,0,0
119900062,0,0,0
119900063,0,0,0
119900065,0,0,0
119900067,0,0,0
119900068,0,0,0
119900069,0,0,0
119900070,0,0,0
119900071,0,0,0
119900073,0,0,0
119900074,0,0,0
119900075,0,0,0
119900076,0,0,0
119900077,0,0,0
119900078,0,0,0
119900079,0,0,0
119900080,0,0,0
119900081,0,0,0
119900082,0,0,0
119900083,0,0,0
119900084,0,0,0
119900085,0,0,0
119900086,0,0,0
119900087,0,0,0
119900088,0,0,0
119900089,0,0,0
119900090,0,0,0
119900091,0,0,0
119900092,0,0,0
119900093,0,0,0
119900094,0,0,0
119900095,0,0,0
119900096,0,0,0
119900097,0,0,0
119900098,0,0,0
119900099,0,0,0
119900100,0,0,0
119900101,0,0,0
119900102,0,0,0
119900103,0,0,0
119900104,0,0,0
119900105,0,0,0
119900106,0,0,0
119900107,0,0,0
119900108,0,0,0
119900109,0,0,0
119900110,0,0,0
119900111,0,0,0
119900112,0,0,0
119900113,0,0,0
119900114,0,0,0
119900115,0,0,0
119900116,0,0,0
119900117,0,0,0
119900118,0,0,0
119900119,0,0,0
119900120,0,0,0
119900121,0,0,0
119900122,0,0,0
119900123,0,0,0
119900124,0,0,0
119900125,0,0,0
119900126,0,0,0
119900127,0,0,0
119900128,0,0,0
119900129,0,0,0
119900130,0,0,0
119900131,0,0,0
119900132,0,0,0
119900133,0,0,0
119900134,0,0,0
119900135,0,0,0
119900136,0,0,0
119900138,0,0,0
119900139,0,0,0
119900140,0,0,0
119900141,0,0,0
119900142,0,0,0
119900143,0,0,0
119900144,0,0,0
119900145,0,0,0
119900146,0,0,0
119900147,0,0,0
119900148,0,0,0
119900149,0,0,0
119900150,0,0,0
119900151,0,0,0
119900152,0,0,0
119900153,0,0,0
119900154,0,0,0
119900155,0,0,0
119900156,0,0,0
119900157,0,0,0
119900158,0,0,0
119900159,0,0,0
119900160,0,0,0
119900161,0,0,0
119900162,0,0,0
119900163,0,0,0
119900164,0,0,0
119900165,0,0,0
119900166,0,0,0
119900167,0,0,0
119900168,0,0,0
119900169,0,0,0
119900170,0,0,0
119900171,0,0,0
119900172,0,0,0
119900173,0,0,0
119900174,0,0,0
119900175,0,0,0
119900177,0,0,0
119900178,0,0,0
119900179,0,0,0
119900180,0,0,0
119900181,0,0,0
119900182,0,0,0
119900183,0,0,0
119900184,0,0,0
119900185,0,0,0
119900186,0,0,0
119900187,0,0,0
119900188,0,0,0
119900189,0,0,0
119900190,0,0,0
119900191,0,0,0
119900192,0,0,0
119900193,0,0,0
119900194,0,0,0
119900195,0,0,0
119900196,0,0,0
119900197,0,0,0
119900198,0,0,0
119900199,0,0,0
119900200,0,0,0
119900201,0,0,0
119900202,0,0,0
119900203,0,0,0
119900204,0,0,0
119900205,0,0,0
119900206,0,0,0
119900208,0,0,0
119900209,0,0,0
119900210,0,0,0
119900211,0,0,0
119900212,0,0,0
119900213,0,0,0
119900214,0,0,0
119900215,0,0,0
119900216,0,0,0
119900217,0,0,0
119900218,0,0,0
119900219,0,0,0
119900220,0,0,0
119900221,0,0,0
119900222,0,0,0
119900223,0,0,0
119900224,0,0,0
119900225,0,0,0
119900226,0,0,0
119900227,0,0,0
119900228,0,0,0
119900229,0,0,0
119900230,0,0,0
119900231,0,0,0
119900232,0,0,0
119900233,0,0,0
119900234,0,0,0
119900235,0,0,0
119900236,0,0,0
119900237,0,0,0
119900238,0,0,0
119900240,0,0,0
119900241,0,0,0
119900242,0,0,0
119900244,0,0,0
119900245,0,0,0
119900246,0,0,0
119900247,0,0,0
119900248,0,0,0
119900249,0,0,0
119900253,0,0,0
119900254,0,0,0
119900255,0,0,0
119900256,1,1,0
119900257,0,0,0
119900258,0,0,0
119900259,0,0,0
119900260,0,0,0
119900261,0,0,0
119900262,0,0,0
119900263,0,0,0
119900264,0,0,0
119900265,0,0,0
119900266,0,0,0
119900267,0,0,0
119900268,0,0,0
119900269,0,0,0
119900271,0,0,0
119900272,0,0,0
119900275,0,0,0
119900276,0,0,0
119900277,0,0,0
119900278,0,0,0
119900279,0,0,0
119900280,0,0,0
119900281,0,0,0
119900282,0,0,0
119900283,0,0,0
119900284,0,0,0
119900285,0,0,0
119900286,0,0,0
119900288,0,0,0
119900289,0,0,0
119900290,0,0,0
119900291,0,0,0
119900292,0,0,0
119900293,0,0,0
119900294,0,0,0
119900295,0,0,0
119900296,0,0,0
119900297,0,0,0
119900298,0,0,0
119900299,0,0,0
119900300,0,0,0
119900301,0,0,0
119900302,0,0,0
119900303,0,0,0
119900304,0,0,0
119900305,0,0,0
119900306,0,0,0
119900307,0,0,0
119900308,0,0,0
119900309,0,0,0
119900310,0,0,0
119900311,0,0,0
119900312,0,0,0
119900313,0,0,0
119900314,0,0,0
119900315,0,0,0
119900318,0,0,0
119900319,0,0,0
119900320,0,0,0
119900321,0,0,0
120000001,1898,2400,-502
120000002,98,87,11
120000003,46,89,-43
120000004,93,102,-9
120000005,164,135,29
120000006,50,70,-20
120000007,148,66,82
120000008,18,80,-62
120000009,15,12,3
120000010,124,66,58
120000011,26,120,-94
120000012,84,242,-158
120000013,775,228,547
120000014,271,330,-59
120000015,1222,521,701
120000016,2223,800,1423
120000017,610,395,215
120000018,1347,589,758
120000019,328,111,217
120000020,822,359,463
120000021,321,930,-609
120000022,2015,1237,778
120000023,534,336,198
120000024,374,341,33
120000025,872,300,572
120000026,462,481,-19
120000027,601,775,-174
120000028,1,0,1
120000029,19,239,-220
120000030,39,170,-131
120000031,869,471,398
120000032,431,136,295
120000033,240,57,183
120000034,272,83,189
120000035,476,105,371
120000036,1309,984,325
120000037,374,704,-330
120000038,225,665,-440
120000039,1,38,-37
120000040,5,17,-12
120000041,10,28,-18
120000042,40,59,-19
120000043,93,47,46
120000044,53,2,51
120000045,9,0,9
120000046,41,15,26
120000047,8,14,-6
120000048,606,168,438
120000049,569,229,340
120000050,79,170,-91
120000051,53,203,-150
120000052,0,0,0
120000053,119,2,117
120000054,43,19,24
120000055,45,1,44
120000056,467,274,193
120000057,384,98,286
120000058,60,47,13
120000059,4,194,-190
120000061,0,0,0
120000062,0,0,0
120000063,85,2,83
120000064,76,1,75
120000065,129,3,126
120000066,49,12,37
120000067,0,1,-1
120000068,1,66,-65
120000069,126,26,100
120000070,16,10,6
120000071,404,203,201
120000072,441,197,244
120000073,205,157,48
120000074,68,79,-11
120000075,509,159,350
120000076,907,96,811
120000077,339,249,90
120000078,633,314,319
120000079,0,0,0
120000080,0,0,0
120000081,0,0,0
120000082,0,0,0
120000083,0,0,0
120000084,31,6,25
120000085,43,0,43
120000086,44,14,30
120000087,16,7,9
120000088,437,99,338
120000089,748,59,689
120000090,270,71,199
120000091,526,156,370
120000092,580,143,437
120000093,149,148,1
120000094,98,373,-275
120000095,0,0,0
120000096,0,0,0
120000098,143,0,143
120000099,49,0,49
120000100,108,0,108
120000101,42,3,39
120000102,78,686,-608
120000103,727,638,89
120000104,1069,112,957
120000105,1726,63,1663
120000106,1511,30,1481
120000107,1802,56,1746
120000108,760,11,749
120000109,321,24,297
120000110,0,41,-41
120000111,0,6,-6
120000112,4,10,-6
120000113,4,3,1
120000114,7,8,-1
120000115,2,13,-11
120000116,20,37,-17
120000117,0,0,0
120000118,0,0,0
120000119,3,68,-65
120000120,0,0,0
120000121,0,85,-85
120000122,157,69,88
120000123,389,206,183
120000124,194,124,70
120000125,24,6,18
120000126,154,135,19
120000127,187,78,109
120000128,137,3,134
120000129,149,73,76
120000130,561,150,411
120000131,95,90,5
120000134,0,0,0
120000135,0,0,0
120000137,0,0,0
120000138,0,0,0
120000139,0,0,0
120000140,0,0,0
120000141,0,0,0
120000142,0,0,0
120000143,0,0,0
120000144,0,0,0
120000145,0,0,0
120000146,358,755,-397
120000149,0,0,0
120000150,0,0,0
120000151,220,53,167
120000152,154,40,114
120000153,0,0,0
120000154,78,5,73
120000155,116,42,74
120000156,175,28,147
120000157,207,31,176
120000158,0,0,0
120000159,80,238,-158
120000160,639,295,344
120000161,316,199,117
120000162,3,158,-155
120000163,0,0,0
120000164,0,0,0
120000165,114,17,97
120000166,87,84,3
120000167,0,0,0
120000168,0,0,0
120000169,0,0,0
120000170,0,0,0
120000171,0,0,0
120000172,0,0,0
120000173,0,0,0
120000174,0,0,0
120000175,0,0,0
120000176,0,0,0
120000177,0,0,0
120000178,0,0,0
120000179,0,0,0
120000180,0,0,0
120000181,0,0,0
120000182,0,0,0
120000183,0,0,0
120000184,0,0,0
120000186,0,0,0
120000187,0,0,0
120000188,0,0,0
120000190,0,0,0
120000191,0,0,0
120000192,0,0,0
120000193,0,0,0
120000195,0,0,0
120000196,0,0,0
120000197,0,0,0
120000198,0,0,0
120000199,0,0,0
120000200,0,0,0
120000201,0,0,0
120000202,0,0,0
120000203,0,0,0
120000207,0,0,0
120000208,0,0,0
120000209,0,0,0
120000210,0,0,0
120000211,0,0,0
120000212,0,0,0
120000213,0,0,0
120000214,0,0,0
120000215,0,0,0
120000216,0,0,0
120000217,0,0,0
120000218,0,0,0
120000219,0,0,0
120000220,0,0,0
120000225,0,0,0
120000226,0,0,0
120000227,0,0,0
120000228,0,0,0
120000230,0,0,0
120000231,0,0,0
120000233,231,0,231
120000235,3,17,-14
120000236,938,7,931
120000237,0,0,0
120000238,0,0,0
120000241,578,483,95
120000412,0,0,0
120000413,0,0,0
120000414,0,0,0
120000415,0,0,0
120000416,0,0,0
120000417,0,0,0
120000418,0,0,0
120000419,0,0,0
120000420,20,2,18
120000421,475,353,122
120000422,0,0,0
120000423,0,0,0
120000424,0,0,0
120000436,164,44,120
120000437,0,0,0
120000438,0,0,0
120000439,456,165,291
120000443,0,0,0
120000444,672,113,559
120000445,271,288,-17
120000446,269,36,233
120000447,502,0,502
120000449,0,0,0
120000450,0,0,0
120000451,51,37,14
120000452,0,0,0
120000453,0,0,0
120000454,30,0,30
120000455,22,167,-145
120000456,11,128,-117
120000457,64,36,28
120000458,5,0,5
120000459,36,38,-2
120000665,5,101,-96
120000668,1,47,-46
120000669,12,2,10
120000670,0,39,-39
120000671,96,75,21
120000672,0,83,-83
120900001,0,0,0
120900002,0,0,0
120900003,0,0,0
120900004,0,0,0
120900005,0,0,0
120900006,0,0,0
120900007,0,0,0
120900008,0,0,0
120900009,0,0,0
120900010,0,0,0
120900011,0,0,0
120900012,0,0,0
120900013,0,0,0
120900014,0,0,0
120900015,0,0,0
120900016,0,0,0
120900017,0,0,0
120900018,0,0,0
120900019,0,0,0
120900020,0,0,0
120900021,0,0,0
120900022,0,0,0
120900023,0,0,0
120900024,0,0,0
120900025,0,0,0
120900026,0,0,0
120900027,0,0,0
120900028,0,0,0
120900029,0,0,0
120900030,0,0,0
120900031,0,0,0
120900032,0,0,0
120900033,0,0,0
120900034,0,0,0
120900035,0,0,0
120900037,0,0,0
120900038,0,0,0
120900039,0,0,0
120900040,0,0,0
120900041,0,0,0
120900042,0,0,0
120900043,0,0,0
120900044,0,0,0
120900045,0,0,0
120900046,0,0,0
120900047,0,0,0
120900048,0,0,0
120900049,0,0,0
120900050,0,0,0
120900051,0,0,0
120900052,0,0,0
120900053,0,0,0
120900054,0,0,0
120900055,0,0,0
120900056,0,0,0
120900057,0,0,0
120900058,0,0,0
120900059,0,0,0
120900060,0,0,0
120900061,0,0,0
120900062,0,0,0
120900063,0,0,0
120900064,0,0,0
120900065,0,0,0
120900066,0,0,0
120900067,0,0,0
120900068,0,0,0
120900069,0,0,0
120900071,0,0,0
120900072,0,0,0
120900073,0,0,0
120900074,0,0,0
120900076,0,0,0
120900077,0,0,0
120900078,0,0,0
120900079,0,0,0
120900080,0,0,0
120900081,0,0,0
120900082,0,0,0
120900083,0,0,0
120900084,0,0,0
120900085,0,0,0
120900086,0,0,0
120900087,0,0,0
120900088,0,0,0
120900089,0,0,0
120900090,0,0,0
120900091,0,0,0
120900092,0,0,0
120900093,0,0,0
120900094,0,0,0
120900095,0,0,0
120900096,0,0,0
120900097,0,0,0
120900098,0,0,0
120900099,0,0,0
120900100,0,0,0
120900101,0,0,0
120900102,0,0,0
120900103,0,0,0
120900104,0,0,0
120900105,0,0,0
120900106,0,0,0
120900107,0,0,0
120900108,0,0,0
120900109,0,0,0
120900110,0,0,0
120900111,0,0,0
120900112,0,0,0
120900113,0,0,0
120900114,0,0,0
120900115,32,26,6
120900116,0,0,0
120900117,0,0,0
120900118,0,0,0
120900119,0,0,0
120900120,0,0,0
120900121,0,0,0
120900122,0,0,0
120900123,0,0,0
120900124,0,0,0
120900125,0,0,0
120900126,0,0,0
120900127,0,0,0
120900128,0,0,0
120900129,0,0,0
120900130,0,0,0
120900131,0,0,0
120900132,0,0,0
120900133,0,0,0
120900134,0,0,0
120900135,0,0,0
120900136,0,0,0
120900137,0,0,0
120900138,0,0,0
120900139,0,0,0
120900140,0,0,0
120900141,0,0,0
120900142,0,0,0
120900143,0,0,0
120900144,0,0,0
120900145,0,0,0
120900146,0,0,0
120900147,0,0,0
120900148,0,0,0
120900149,0,0,0
120900150,0,0,0
120900151,0,0,0
120900152,0,0,0
120900153,0,0,0
120900154,0,0,0
120900155,0,0,0
120900156,0,0,0
120900157,0,0,0
120900158,0,0,0
120900159,0,0,0
120900160,0,0,0
120900161,0,0,0
120900162,0,0,0
120900163,0,0,0
120900164,0,0,0
120900165,0,0,0
120900166,0,0,0
120900167,0,0,0
120900169,0,0,0
120900170,0,0,0
120900171,0,0,0
120900172,0,0,0
120900173,0,0,0
120900174,0,0,0
120900175,0,0,0
120900176,0,0,0
120900177,0,0,0
120900178,0,0,0
120900179,0,0,0
120900180,0,0,0
120900181,0,0,0
120900182,0,0,0
120900183,0,0,0
120900184,0,0,0
120900185,0,0,0
120900186,0,0,0
120900187,0,0,0
120900188,0,0,0
120900189,0,0,0
120900190,0,0,0
120900191,0,0,0
120900192,0,0,0
120900194,0,0,0
120900195,0,0,0
120900196,0,0,0
120900197,0,0,0
120900198,0,0,0
120900199,0,0,0
120900200,0,0,0
120900201,0,0,0
120900202,0,0,0
120900203,0,0,0
120900204,0,0,0
120900205,0,0,0
120900206,0,0,0
120900207,0,0,0
121000001,0,2,-2
121000002,218,120,98
121000003,1,4,-3
121000004,155,210,-55
121000005,4,48,-44
121000006,118,278,-160
121000007,15,37,-22
121000008,423,366,57
121000009,44,89,-45
121000010,577,297,280
121000011,224,171,53
121000012,1110,525,585
121000013,286,346,-60
121000014,1538,625,913
121000015,509,979,-470
121000016,735,579,156
121000017,35,160,-125
121000018,126,286,-160
121000019,183,167,16
121000020,733,999,-266
121000021,24,11,13
121000022,56,415,-359
121000023,19,13,6
121000024,887,700,187
121000025,45,90,-45
121000026,34,55,-21
121000027,58,84,-26
121000028,6,66,-60
121000029,58,6,52
121000030,0,0,0
121000031,1,3,-2
121000032,0,0,0
121000034,0,18,-18
121000035,0,0,0
121000036,24,50,-26
121000037,28,38,-10
121000038,24,109,-85
121000039,0,0,0
121000041,0,0,0
121000042,1,35,-34
121000043,25,54,-29
121000044,6,56,-50
121000045,9,8,1
121000046,0,0,0
121000047,0,0,0
121000049,93,57,36
121000050,71,265,-194
121000051,9,44,-35
121000052,16,78,-62
121000053,8,11,-3
121000054,0,0,0
121000055,0,0,0
121000056,218,342,-124
121000057,0,0,0
121000058,0,0,0
121000059,8,20,-12
121000060,40,35,5
121000061,0,6,-6
121000062,0,27,-27
121000063,5,21,-16
121000064,25,24,1
121000065,20,19,1
121000066,0,0,0
121000067,0,0,0
121000068,15,6,9
121000069,1,22,-21
121000070,62,124,-62
121000071,62,226,-164
121000072,26,27,-1
121000073,18,151,-133
121000074,0,0,0
121000075,0,0,0
121000076,0,1,-1
121000077,3,19,-16
121000078,0,0,0
121000080,87,82,5
121000081,182,190,-8
121000082,7,51,-44
121000083,3,4,-1
121000084,0,0,0
121000085,45,43,2
121000086,2,105,-103
121000087,0,74,-74
121000088,0,0,0
121000089,3,193,-190
121000090,0,0,0
121000091,348,91,257
121000092,18,23,-5
121000093,3,53,-50
121000094,59,31,28
121000095,0,22,-22
121000096,0,0,0
121000097,0,0,0
121000098,30,28,2
121000099,8,19,-11
121000100,0,0,0
121000101,5,29,-24
121000102,0,0,0
121000103,0,2,-2
121000104,0,0,0
121000105,0,0,0
121000106,4,5,-1
121000107,221,234,-13
121000109,73,272,-199
121000110,0,3,-3
121000114,240,342,-102
121000115,0,0,0
121000116,0,0,0
121000117,34,1,33
121000118,1,0,1
121000119,0,1,-1
121000120,0,29,-29
121000121,2,6,-4
121000123,0,1,-1
121000127,0,0,0
121000128,0,0,0
121000129,0,0,0
121000130,15,12,3
121000131,0,0,0
121000132,25,34,-9
121000135,0,0,0
121000136,30,92,-62
121000137,0,0,0
121000138,7,17,-10
121000139,0,0,0
121000141,0,0,0
121000142,0,0,0
121000143,0,0,0
121000144,0,0,0
121000145,0,0,0
121000146,47,7,40
121000147,18,84,-66
121000148,0,0,0
121000149,303,468,-165
121000152,12,25,-13
121000153,87,15,72
121000154,141,17,124
121000155,107,51,56
121000156,90,34,56
121000157,48,20,28
121000158,6,4,2
121000159,19,20,-1
121000160,7,2,5
121000161,0,0,0
121000162,0,0,0
121000165,71,710,-639
121000166,50,37,13
121000168,32,77,-45
121000169,3,8,-5
121000170,69,32,37
121000171,18,38,-20
121000172,18,30,-12
121000173,0,1,-1
121000174,3,4,-1
121000175,15,3,12
121000176,3,7,-4
121000177,3,0,3
121000178,0,0,0
121000179,13,5,8
121000181,26,78,-52
121000182,70,93,-23
121000183,18,31,-13
121000184,6,37,-31
121000185,0,28,-28
121000186,0,16,-16
121000187,0,0,0
121000188,0,0,0
121000192,15,5,10
121000193,0,0,0
121000194,51,169,-118
121000195,0,0,0
121000196,0,0,0
121000197,2,5,-3
121000198,0,0,0
121000199,1,1,0
121000200,0,0,0
121000201,0,0,0
121000202,0,0,0
121000203,0,0,0
121000204,0,0,0
121000205,37,26,11
121000206,0,0,0
121000207,0,0,0
121000208,0,0,0
121000209,79,1,78
121000210,0,0,0
121000211,2,1,1
121000212,0,0,0
121000213,34,112,-78
121000214,33,122,-89
121000215,81,51,30
121000216,44,36,8
121000217,600,139,461
121000218,4,18,-14
121000219,143,98,45
121000220,0,0,0
121000221,4,68,-64
121000222,5,42,-37
121000223,0,0,0
121000224,0,0,0
121000225,0,26,-26
121000226,11,204,-193
121000227,0,0,0
121000228,0,0,0
121000229,0,0,0
121000230,0,0,0
121000231,171,1,170
121000232,0,0,0
121000233,113,29,84
121000234,0,2,-2
121000235,0,8,-8
121000236,0,2,-2
121000237,24,0,24
121000238,0,0,0
121000239,0,0,0
121000240,0,11,-11
121000241,46,0,46
121000242,0,0,0
121000243,12,0,12
121000244,0,0,0
121000245,1,0,1
121000246,0,0,0
121000247,22,0,22
121000248,26,4,22
121000249,0,0,0
121000250,25,108,-83
121000251,0,0,0
121000252,2,25,-23
121000253,0,0,0
121000254,55,12,43
121000255,0,0,0
121000256,15,25,-10
121000257,0,0,0
121000258,20,38,-18
121000259,0,0,0
121000260,0,0,0
121000261,1,24,-23
121000262,0,0,0
121000263,12,27,-15
121000271,0,0,0
121000273,0,0,0
121000274,1,8,-7
121000275,0,0,0
121000276,1,2,-1
121000278,48,4,44
121000279,0,0,0
121000280,0,25,-25
121000289,19,4,15
121000290,55,21,34
121000294,0,0,0
121000297,72,42,30
121000299,0,0,0
121000300,0,0,0
121000302,0,110,-110
121000303,7,0,7
121000304,184,186,-2
121000305,57,134,-77
121000306,61,90,-29
121000308,0,0,0
121000309,0,0,0
121000310,0,0,0
121000311,0,0,0
121000312,77,27,50
121000313,0,0,0
121000314,0,0,0
121000315,0,0,0
121000530,183,112,71
121000531,318,155,163
121000532,992,322,670
121000533,3752,1117,2635
121000918,0,0,0
121000919,0,0,0
121000938,0,0,0
121000939,22,39,-17
121000956,0,0,0
121000957,0,0,0
121000958,1,2,-1
121000959,59,4,55
121000960,66,42,24
121000961,84,0,84
121000962,1,6,-5
121000973,0,0,0
121000976,0,0,0
121000979,0,0,0
121000981,26,1,25
121000982,0,0,0
121000983,19,0,19
121000984,0,0,0
121000985,0,0,0
121000986,0,0,0
121000987,0,0,0
121000988,208,16,192
121001302,0,0,0
121001308,0,0,0
121001309,0,0,0
121001313,0,0,0
121001314,0,0,0
121001315,1314,137,1177
121001326,0,0,0
121900001,2,51,-49
121900002,0,0,0
121900003,0,0,0
121900004,0,0,0
121900005,0,0,0
121900006,0,0,0
121900007,0,0,0
121900008,0,0,0
121900009,0,0,0
121900010,0,0,0
121900011,0,0,0
121900012,0,0,0
121900013,0,0,0
121900014,0,0,0
121900015,0,0,0
121900016,0,0,0
121900017,0,0,0
121900018,0,0,0
121900019,0,0,0
121900020,0,0,0
121900021,0,0,0
121900022,0,0,0
121900023,0,0,0
121900024,0,0,0
121900025,0,0,0
121900026,0,0,0
121900027,0,0,0
121900028,0,0,0
121900029,0,0,0
121900030,0,0,0
121900031,0,0,0
121900032,0,0,0
121900033,0,0,0
121900034,0,0,0
121900035,0,0,0
121900036,0,0,0
121900037,0,0,0
121900038,0,0,0
121900039,0,0,0
121900040,0,0,0
121900041,0,0,0
121900042,0,0,0
121900043,0,0,0
121900044,0,0,0
121900046,0,0,0
121900047,0,0,0
121900048,0,0,0
121900050,0,0,0
121900051,0,0,0
121900052,0,0,0
121900053,0,0,0
121900054,0,0,0
121900055,0,0,0
121900058,0,0,0
121900059,0,0,0
121900060,0,0,0
121900062,0,0,0
121900063,0,0,0
121900064,0,0,0
121900066,0,0,0
121900067,0,0,0
121900069,0,0,0
121900070,0,0,0
121900071,0,0,0
121900072,0,0,0
121900073,0,0,0
121900074,0,0,0
121900075,0,0,0
121900076,0,0,0
121900078,0,0,0
121900079,0,0,0
121900080,0,0,0
121900082,0,0,0
121900084,0,0,0
121900086,0,0,0
121900087,0,0,0
121900088,0,0,0
121900089,0,0,0
121900090,0,0,0
121900091,0,0,0
121900092,0,0,0
121900093,0,0,0
121900094,0,0,0
121900095,0,0,0
121900096,0,0,0
121900097,0,0,0
121900098,0,0,0
121900099,0,0,0
121900100,0,0,0
121900101,0,0,0
121900102,0,0,0
121900103,0,0,0
121900104,0,0,0
121900105,0,0,0
121900106,0,0,0
121900107,0,0,0
121900108,0,0,0
121900109,0,0,0
121900110,0,0,0
121900111,0,0,0
121900112,0,0,0
121900113,0,0,0
121900114,0,0,0
121900117,0,0,0
121900118,0,0,0
121900119,0,0,0
121900120,0,0,0
121900121,0,0,0
121900122,0,0,0
121900123,0,0,0
121900124,0,0,0
121900125,0,0,0
121900127,0,0,0
121900128,0,0,0
121900129,0,0,0
121900130,0,0,0
121900131,0,0,0
121900132,0,0,0
121900133,0,0,0
121900134,0,0,0
121900135,0,0,0
121900136,0,0,0
121900137,0,0,0
121900138,0,0,0
121900139,0,0,0
121900140,0,0,0
121900141,0,0,0
121900142,0,0,0
121900143,0,0,0
121900144,0,0,0
121900145,0,0,0
121900146,0,0,0
121900147,0,0,0
121900148,0,0,0
121900149,0,0,0
121900150,0,0,0
121900151,0,0,0
121900152,0,0,0
121900153,0,0,0
121900154,0,0,0
121900155,0,0,0
121900156,0,0,0
121900157,0,0,0
121900158,0,0,0
121900159,0,0,0
121900160,0,0,0
121900161,0,0,0
121900162,0,0,0
121900163,0,0,0
121900164,0,0,0
121900165,0,0,0
121900166,0,0,0
121900167,0,0,0
121900168,0,0,0
121900169,0,0,0
121900170,0,0,0
121900171,0,0,0
121900172,0,0,0
121900173,0,0,0
121900174,0,0,0
121900175,0,0,0
121900176,0,0,0
121900177,0,0,0
121900178,0,0,0
121900179,0,0,0
121900180,0,0,0
121900182,0,0,0
121900183,0,0,0
121900184,0,0,0
121900186,0,0,0
121900187,0,0,0
121900188,0,0,0
121900189,0,0,0
121900190,0,0,0
121900191,0,0,0
121900192,0,0,0
121900193,0,0,0
121900194,0,0,0
121900195,0,0,0
121900196,0,0,0
121900197,0,0,0
121900198,0,0,0
121900199,0,0,0
121900200,0,0,0
121900201,0,0,0
121900202,0,0,0
121900203,0,0,0
121900204,0,0,0
121900205,0,0,0
121900206,0,0,0
121900207,0,0,0
121900208,0,0,0
121900209,0,0,0
121900210,0,0,0
121900211,0,0,0
121900212,0,0,0
121900213,0,0,0
121900214,0,0,0
121900215,0,0,0
121900216,0,0,0
121900217,0,0,0
121900218,0,0,0
121900220,0,0,0
121900221,0,0,0
121900222,0,0,0
121900223,0,0,0
121900224,0,0,0
121900225,0,0,0
121900226,0,0,0
121900227,0,0,0
121900228,0,0,0
121900230,0,0,0
121900231,0,0,0
121900232,0,0,0
121900233,0,0,0
121900234,0,0,0
121900235,0,0,0
121900236,0,0,0
121900237,0,0,0
121900238,0,0,0
121900239,0,0,0
121900240,0,0,0
121900241,0,0,0
121900242,0,0,0
121900243,0,0,0
121900244,0,0,0
121900245,0,0,0
121900246,0,0,0
121900248,0,0,0
121900250,0,0,0
121900251,0,0,0
121900252,0,0,0
121900253,0,0,0
121900254,0,0,0
121900255,0,0,0
121900258,0,0,0
121900259,0,0,0
121900260,0,0,0
121900261,0,0,0
121900262,0,0,0
121900263,0,0,0
121900264,0,0,0
121900265,0,0,0
121900266,0,0,0
121900267,0,0,0
121900269,0,0,0
121900270,0,0,0
121900271,0,0,0
121900273,0,0,0
121900274,0,0,0
121900277,0,0,0
121900278,0,0,0
121900279,0,0,0
121900280,0,0,0
121900281,0,0,0
121900284,0,0,0
121900286,0,0,0
121900287,0,0,0
121900288,0,0,0
121900290,0,0,0
121900291,0,0,0
121900292,0,0,0
121900293,0,0,0
121900294,0,0,0
121900295,0,0,0
121900296,0,0,0
121900298,0,0,0
121900299,0,0,0
121900300,0,0,0
121900301,0,0,0
121900302,0,0,0
121900303,0,0,0
121900304,0,0,0
121900305,0,0,0
121900306,0,0,0
121900307,0,0,0
121900308,0,0,0
121900309,0,0,0
121900310,0,0,0
121900311,0,0,0
121900312,0,0,0
121900313,0,0,0
121900314,0,0,0
121900315,0,0,0
121900316,0,0,0
121900317,0,0,0
121900318,0,0,0
121900319,0,0,0
121900320,0,0,0
121900321,0,0,0
121900322,0,0,0
121900323,0,0,0
121900324,0,0,0
121900325,0,0,0
121900326,0,0,0
121900327,0,0,0
121900328,0,0,0
121900329,0,0,0
121900330,0,0,0
121900331,0,0,0
121900332,0,0,0
121900333,0,0,0
121900334,0,0,0
122000001,59,100,-41
122000002,66,29,37
122000003,29,148,-119
122000004,48,46,2
122000005,318,717,-399
122000006,81,252,-171
122000007,54,212,-158
122000008,84,221,-137
122000009,17,52,-35
122000010,529,288,241
122000011,143,127,16
122000012,98,84,14
122000013,4,57,-53
122000014,1,13,-12
122000015,25,43,-18
122000016,6,69,-63
122000017,1,0,1
122000018,0,0,0
122000019,0,8,-8
122000020,0,0,0
122000021,0,0,0
122000022,65,21,44
122000023,16,35,-19
122000024,229,123,106
122000025,53,125,-72
122000026,391,204,187
122000027,0,0,0
122000028,76,16,60
122000029,18,5,13
122000030,0,0,0
122000031,0,1,-1
122000032,49,65,-16
122000033,88,230,-142
122000034,0,0,0
122000035,0,0,0
122000036,0,0,0
122000037,0,7,-7
122000038,9,7,2
122000039,0,0,0
122000040,0,0,0
122000041,0,1,-1
122000042,0,2,-2
122000043,2,2,0
122000044,0,4,-4
122000045,109,27,82
122000046,73,20,53
122000047,0,0,0
122000048,292,510,-218
122000049,508,170,338
122000050,26,12,14
122000051,0,4,-4
122000052,1,3,-2
122000053,9,495,-486
122000054,53,127,-74
122000055,466,529,-63
122000056,230,118,112
122000057,69,183,-114
122000058,81,65,16
122000059,57,47,10
122000060,0,0,0
122000061,0,0,0
122000062,83,25,58
122000063,3,11,-8
122000064,86,166,-80
122000065,188,282,-94
122000066,78,63,15
122000067,117,462,-345
122000068,14,261,-247
122000069,42,49,-7
122000070,250,63,187
122000071,13,77,-64
122000072,0,0,0
122000073,0,0,0
122000074,53,44,9
122000075,36,66,-30
122000076,77,99,-22
122000077,0,0,0
122000078,399,206,193
122000079,11,79,-68
122000080,0,4,-4
122000081,0,0,0
122000082,90,100,-10
122000083,0,0,0
122000084,0,0,0
122000085,7,8,-1
122000086,12,170,-158
122000087,12,26,-14
122000088,0,0,0
122000089,103,255,-152
122000090,0,0,0
122000091,0,0,0
122000092,0,0,0
122000093,189,607,-418
122000094,254,388,-134
122000095,9,56,-47
122000096,30,253,-223
122000098,280,453,-173
122000099,2,33,-31
122000100,7,7,0
122000101,0,4,-4
122000102,0,0,0
122000103,0,0,0
122000104,3,7,-4
122000105,10,20,-10
122000106,0,17,-17
122000107,5,17,-12
122000108,0,0,0
122000109,2,3,-1
122000110,0,0,0
122000111,304,84,220
122000112,98,31,67
122000113,39,14,25
122000114,242,662,-420
122000115,278,280,-2
122000116,9,51,-42
122000117,113,2,111
122000118,39,13,26
122000119,0,0,0
122000120,0,0,0
122000121,51,27,24
122000122,26,8,18
122000123,50,45,5
122000124,10,35,-25
122000125,2,71,-69
122000126,5,32,-27
122000127,8,40,-32
122000128,0,0,0
122000129,31,2,29
122000130,117,74,43
122000131,20,26,-6
122000132,0,0,0
122000133,0,0,0
122000134,59,26,33
122000135,6,19,-13
122000136,33,18,15
122000137,9,13,-4
122000139,5,107,-102
122000140,0,0,0
122000141,8,2,6
122000142,0,0,0
122000143,0,0,0
122000144,21,30,-9
122000145,3,0,3
122000146,6,72,-66
122000147,38,107,-69
122000148,149,161,-12
122000149,126,38,88
122000150,90,35,55
122000151,0,0,0
122000152,0,0,0
122000153,94,75,19
122000154,64,14,50
122000155,115,42,73
122000156,285,312,-27
122000157,205,225,-20
122000158,0,0,0
122000159,63,20,43
122000160,181,46,135
122000161,44,50,-6
122000162,21,66,-45
122000163,0,0,0
122000164,0,0,0
122000165,0,0,0
122000166,54,41,13
122000167,0,0,0
122000168,0,0,0
122000169,0,0,0
122000170,0,0,0
122000171,0,0,0
122000172,0,0,0
122000173,0,0,0
122000174,248,318,-70
122000175,0,0,0
122000176,0,0,0
122000177,253,422,-169
122000178,379,99,280
122000179,0,0,0
122000180,293,288,5
122000181,346,372,-26
122000182,60,44,16
122000183,25,3,22
122000184,280,397,-117
122000185,161,175,-14
122000186,0,0,0
122000187,127,43,84
122000188,0,0,0
122000189,17,24,-7
122000190,158,65,93
122000191,2,10,-8
122000192,0,0,0
122000193,0,0,0
122000194,0,0,0
122000195,0,0,0
122000196,0,0,0
122000197,2,14,-12
122000198,0,0,0
122000199,9,31,-22
122000200,69,27,42
122000201,181,260,-79
122000202,118,236,-118
122000203,0,0,0
122000204,0,0,0
122000205,0,0,0
122000206,112,41,71
122000207,86,51,35
122000208,84,59,25
122000209,164,48,116
122000210,7,7,0
122000211,2,18,-16
122000212,35,56,-21
122000213,36,86,-50
122000214,139,229,-90
122000215,107,130,-23
122000217,10,25,-15
122000218,102,27,75
122000219,54,46,8
122000220,2,48,-46
122000221,0,0,0
122000222,17,0,17
122000223,37,51,-14
122000225,105,18,87
122000226,1,35,-34
122000227,0,8,-8
122000228,0,2,-2
122000229,0,0,0
122000230,0,13,-13
122000231,0,25,-25
122000232,0,22,-22
122000233,0,0,0
122000234,28,1,27
122000235,25,4,21
122000236,6,0,6
122000237,0,0,0
122000238,1,16,-15
122000239,38,3,35
122000240,52,2,50
122000241,29,48,-19
122000242,0,0,0
122000243,0,0,0
122000244,0,0,0
122000245,17,0,17
122000246,15,101,-86
122000247,20,0,20
122000248,8,1,7
122000249,116,100,16
122000250,166,37,129
122000251,0,0,0
122000252,11,1,10
122000253,0,0,0
122000254,2,2,0
122000255,0,0,0
122000256,12,26,-14
122000257,2,19,-17
122000258,18,24,-6
122000259,0,0,0
122000260,0,0,0
122000261,2,0,2
122000262,0,0,0
122000263,0,0,0
122000264,144,34,110
122000265,202,31,171
122000266,211,17,194
122000267,0,0,0
122000268,0,0,0
122000269,0,0,0
122000270,0,0,0
122000271,0,0,0
122000272,0,0,0
122000273,0,0,0
122000274,0,0,0
122000275,0,0,0
122000276,46,105,-59
122000277,111,99,12
122000278,129,55,74
122000279,13,12,1
122000280,6,8,-2
122000281,3,5,-2
122000282,30,0,30
122000283,0,0,0
122000284,0,0,0
122000285,0,0,0
122000286,0,0,0
122000287,508,104,404
122000288,54,5,49
122000291,745,61,684
122000293,0,0,0
122000294,48,5,43
122000295,145,2,143
122000296,43,86,-43
122000297,815,362,453
122000299,99,20,79
122000300,2,6,-4
122000301,58,42,16
122000302,0,1,-1
122000303,25,70,-45
122000304,0,0,0
122000305,302,37,265
122000306,16,29,-13
122000307,0,0,0
122000309,0,0,0
122000310,0,0,0
122000311,0,0,0
122000312,5,67,-62
122000313,1,68,-67
122000314,44,50,-6
122000315,0,0,0
122000316,22,25,-3
122000317,63,15,48
122000318,23,30,-7
122000319,7,18,-11
122000320,0,0,0
122000321,0,0,0
122000322,82,70,12
122000323,54,80,-26
122000324,0,1,-1
122000325,57,160,-103
122000326,0,0,0
122000327,1,13,-12
122000328,0,0,0
122000330,63,157,-94
122000333,0,0,0
122000337,11,23,-12
122000338,3,1,2
122000340,0,3,-3
122000342,22,7,15
122000343,7,6,1
122000344,26,0,26
122000345,5,1,4
122000346,0,0,0
122000348,27,28,-1
122000349,0,0,0
122000351,3,0,3
122000352,0,0,0
122000353,0,0,0
122000355,0,0,0
122000356,10,8,2
122000357,0,7,-7
122000358,0,0,0
122000359,0,0,0
122000360,0,0,0
122000362,0,0,0
122000364,0,0,0
122000365,0,1,-1
122000366,0,0,0
122000368,0,0,0
122000370,0,0,0
122000371,0,0,0
122000372,0,0,0
122000381,0,0,0
122000382,0,0,0
122000384,0,5,-5
122000385,0,0,0
122000386,0,130,-130
122000387,0,0,0
122000388,29,59,-30
122000389,0,0,0
122000390,6,36,-30
122000391,0,0,0
122000392,0,0,0
122000393,0,0,0
122000394,0,0,0
122000395,0,0,0
122000396,0,0,0
122000397,0,0,0
122000398,21,38,-17
122000399,0,0,0
122000400,27,55,-28
122000401,0,0,0
122000402,45,12,33
122000403,0,0,0
122000404,108,11,97
122000408,261,250,11
122000503,0,0,0
122000524,0,0,0
122000544,0,0,0
122000614,5,7,-2
122000616,0,0,0
122000640,0,0,0
122000641,0,0,0
122000642,0,0,0
122000643,39,21,18
122000644,0,0,0
122000645,0,0,0
122000651,5,8,-3
122000664,18,5,13
122000665,0,0,0
122000666,33,64,-31
122000673,0,0,0
122000674,46,19,27
122000675,24,31,-7
122000686,64,31,33
122000687,30,7,23
122000688,66,24,42
122000689,111,9,102
122000690,293,1,292
122000691,339,52,287
122000692,15,3,12
122000693,14,15,-1
122000695,0,0,0
122000696,73,16,57
122000698,0,0,0
122000699,17,1,16
122000701,108,11,97
122000702,43,59,-16
122000703,47,6,41
122000712,0,0,0
122000717,0,0,0
122000718,47,109,-62
122000719,3,11,-8
122000720,65,7,58
122000724,0,0,0
122900001,0,0,0
122900002,0,0,0
122900003,0,0,0
122900004,0,0,0
122900005,0,0,0
122900006,0,0,0
122900007,0,0,0
122900008,0,0,0
122900009,0,0,0
122900010,0,0,0
122900012,0,0,0
122900014,0,0,0
122900015,0,0,0
122900016,0,0,0
122900017,0,0,0
122900018,0,0,0
122900020,0,0,0
122900021,0,0,0
122900022,0,0,0
122900023,0,0,0
122900024,0,0,0
122900025,0,0,0
122900026,0,0,0
122900027,0,0,0
122900028,0,0,0
122900029,0,0,0
122900030,0,0,0
122900031,0,0,0
122900032,0,0,0
122900033,0,0,0
122900034,0,0,0
122900035,0,0,0
122900036,0,0,0
122900037,0,0,0
122900038,0,0,0
122900039,0,0,0
122900040,0,0,0
122900041,0,0,0
122900042,0,0,0
122900043,0,0,0
122900044,0,0,0
122900045,0,0,0
122900046,0,0,0
122900047,0,0,0
122900048,0,0,0
122900049,0,0,0
122900051,0,0,0
122900052,0,0,0
122900053,0,1,-1
122900055,0,0,0
122900057,0,0,0
122900061,0,0,0
122900062,0,0,0
122900063,0,0,0
122900064,0,0,0
122900065,0,0,0
122900066,0,0,0
122900067,0,0,0
122900069,0,0,0
122900070,0,0,0
122900071,0,0,0
122900073,0,0,0
122900074,0,0,0
122900075,0,0,0
122900076,0,0,0
122900077,0,0,0
122900078,0,0,0
122900080,0,0,0
122900081,0,0,0
122900082,0,0,0
122900083,0,0,0
122900084,0,0,0
122900086,0,0,0
122900087,0,0,0
122900088,0,0,0
122900089,0,0,0
122900090,0,0,0
122900091,0,0,0
122900092,0,0,0
122900093,0,0,0
122900094,0,0,0
122900095,0,0,0
122900096,0,0,0
122900097,0,0,0
122900098,0,0,0
122900099,0,0,0
122900100,0,0,0
122900101,0,0,0
122900102,0,0,0
122900103,0,0,0
122900104,0,0,0
122900105,0,0,0
122900106,0,0,0
122900107,0,0,0
122900108,0,0,0
122900109,0,0,0
123000001,121,36,85
123000002,169,1021,-852
123000003,815,271,544
123000004,70,313,-243
123000005,790,302,488
123000006,191,336,-145
123000007,658,429,229
123000008,54,111,-57
123000009,1970,1456,514
123000010,86,161,-75
123000011,669,691,-22
123000012,34,148,-114
123000013,828,232,596
123000014,4,139,-135
123000015,1087,298,789
123000016,25,139,-114
123000017,652,193,459
123000018,111,2,109
123000019,122,0,122
123000020,23,1,22
123000021,141,5,136
123000022,303,10,293
123000023,176,69,107
123000024,95,80,15
123000025,10,1,9
123000026,0,0,0
123000027,0,0,0
123000028,9,143,-134
123000029,0,0,0
123000030,0,0,0
123000031,32,3,29
123000032,41,27,14
123000033,1,19,-18
123000034,121,13,108
123000035,38,112,-74
123000036,12,379,-367
123000037,0,0,0
123000038,0,0,0
123000039,0,0,0
123000040,0,0,0
123000041,20,441,-421
123000042,0,0,0
123000043,144,113,31
123000044,42,38,4
123000045,0,0,0
123000046,0,0,0
123000047,0,0,0
123000048,4,128,-124
123000049,2771,1124,1647
123000050,105,102,3
123000051,0,1,-1
123000052,176,273,-97
123000053,815,358,457
123000054,130,299,-169
123000055,625,855,-230
123000056,3,58,-55
123000057,52,99,-47
123000058,0,0,0
123000059,0,4,-4
123000060,0,0,0
123000061,1,7,-6
123000063,35,30,5
123000064,3,3,0
123000065,5,11,-6
123000066,1,16,-15
123000067,1,1,0
123000068,27,63,-36
123000069,57,65,-8
123000070,0,0,0
123000071,37,21,16
123000072,0,0,0
123000073,145,33,112
123000074,0,0,0
123000075,23,125,-102
123000076,0,0,0
123000077,0,0,0
123000078,309,85,224
123000079,482,190,292
123000080,0,0,0
123000081,0,0,0
123000082,0,0,0
123000083,3,2,1
123000084,0,0,0
123000085,0,0,0
123000086,0,0,0
123000087,0,0,0
123000088,0,0,0
123000089,265,137,128
123000090,0,0,0
123000091,176,76,100
123000092,0,0,0
123000094,3,9,-6
123000095,35,27,8
123000096,46,5,41
123000097,0,0,0
123000098,114,8,106
123000099,0,0,0
123000100,0,0,0
123000101,70,19,51
123000102,112,76,36
123000104,0,0,0
123000105,0,0,0
123000106,0,0,0
123000107,0,0,0
123000108,0,0,0
123000111,13,3,10
123000112,22,3,19
123000113,0,0,0
123000114,9,27,-18
123000115,9,8,1
123000116,0,0,0
123000117,15,7,8
123000118,1,6,-5
123000119,0,9,-9
123000120,0,12,-12
123000121,0,0,0
123000122,0,0,0
123000123,0,0,0
123000124,0,0,0
123000125,62,108,-46
123000126,212,242,-30
123000127,0,0,0
123000128,0,0,0
123000129,228,19,209
123000130,41,12,29
123000131,102,16,86
123000132,0,0,0
123000133,0,0,0
123000134,0,0,0
123000135,53,34,19
123000136,0,0,0
123000137,0,0,0
123000138,0,0,0
123000139,73,26,47
123000140,0,0,0
123000141,43,20,23
123000142,0,0,0
123000143,0,0,0
123000144,0,0,0
123000145,0,0,0
123000146,0,0,0
123000147,0,0,0
123000149,16,29,-13
123000150,40,25,15
123000151,23,41,-18
123000152,0,4,-4
123000153,4,34,-30
123000154,30,77,-47
123000155,47,32,15
123000156,0,0,0
123000157,23,24,-1
123000158,51,33,18
123000159,131,157,-26
123000160,29,74,-45
123000161,100,26,74
123000162,181,76,105
123000163,33,3,30
123000164,209,15,194
123000165,0,0,0
123000166,0,0,0
123000167,9,1,8
123000168,46,1,45
123000169,153,35,118
123000170,0,0,0
123000171,273,0,273
123000172,0,0,0
123000173,151,63,88
123000174,95,10,85
123000175,0,0,0
123000176,73,2,71
123000177,0,0,0
123000178,175,20,155
123000179,0,0,0
123000180,625,106,519
123000181,0,0,0
123000182,0,0,0
123000183,63,72,-9
123000184,0,0,0
123000185,193,21,172
123000186,1,9,-8
123000187,411,8,403
123000188,430,2,428
123000189,26,7,19
123000190,10,3,7
123000192,0,0,0
123000193,0,0,0
123000194,0,0,0
123000195,278,12,266
123000196,354,6,348
123000197,95,5,90
123000198,0,0,0
123000199,0,0,0
123000200,320,4,316
123000201,455,22,433
123000202,0,0,0
123000203,412,26,386
123000204,0,0,0
123000205,0,0,0
123000206,463,27,436
123000207,0,0,0
123000208,100,10,90
123000209,272,14,258
123000210,0,0,0
123000211,0,0,0
123000212,508,26,482
123000213,217,10,207
123000215,147,141,6
123000216,22,79,-57
123000217,27,13,14
123000218,0,0,0
123000219,77,11,66
123000220,126,5,121
123000221,2,17,-15
123000222,3,16,-13
123000223,39,13,26
123000224,66,42,24
123000225,30,8,22
123000226,59,0,59
123000227,1,3,-2
123000228,28,7,21
123000229,0,0,0
123000232,0,0,0
123000233,255,12,243
123000234,0,0,0
123000235,124,29,95
123000236,0,1,-1
123000237,53,15,38
123000238,0,0,0
123000239,0,0,0
123000240,0,0,0
123000241,16,9,7
123000242,0,0,0
123000243,16,45,-29
123000244,22,56,-34
123000245,0,0,0
123000249,0,0,0
123000252,216,116,100
123000253,365,163,202
123000254,2,12,-10
123000255,68,109,-41
123000256,0,0,0
123000257,0,0,0
123000258,0,0,0
123000259,9,2,7
123000260,7,6,1
123000261,0,0,0
123000262,0,0,0
123000263,45,0,45
123000264,6,0,6
123000265,0,0,0
123000266,21,20,1
123000267,40,148,-108
123000268,0,0,0
123000269,0,25,-25
123000270,11,1,10
123000271,0,0,0
123000272,264,32,232
123000273,59,519,-460
123000274,131,96,35
123000275,0,0,0
123000278,1,11,-10
123000279,1,29,-28
123000280,3,4,-1
123000281,61,6,55
123000282,0,0,0
123000283,3,2,1
123000284,0,0,0
123000286,1,1,0
123000287,26,33,-7
123000288,217,111,106
123000289,88,59,29
123000291,0,0,0
123000294,0,0,0
123000295,333,227,106
123000296,107,243,-136
123000297,0,0,0
123000298,9,26,-17
123000299,4,85,-81
123000300,54,19,35
123000301,0,0,0
123000302,113,13,100
123000303,19,69,-50
123000305,0,0,0
123000306,0,0,0
123000309,0,0,0
123000310,14,2,12
123000311,1,4,-3
123000312,0,0,0
123000313,95,9,86
123000315,42,27,15
123000316,627,9,618
123000317,0,0,0
123000318,0,0,0
123000329,0,0,0
123000337,59,7,52
123000338,0,12,-12
123000339,0,0,0
123000340,1,19,-18
123000342,0,0,0
123000343,1,0,1
123000344,14,0,14
123000345,5,0,5
123000346,79,4,75
123000352,0,0,0
123000353,0,0,0
123000354,396,1,395
123000355,0,0,0
123000356,66,1,65
123000357,0,0,0
123000359,0,0,0
123000360,156,21,135
123000361,0,0,0
123000362,112,3,109
123000363,38,0,38
123000364,5,8,-3
123000365,0,0,0
123000366,3,72,-69
123000367,0,9,-9
123000370,0,0,0
123000371,105,3,102
123000372,101,1,100
123000373,0,0,0
123000374,0,0,0
123000375,114,3,111
123000376,61,58,3
123000377,115,0,115
123000378,0,0,0
123000379,0,0,0
123000380,0,0,0
123000381,50,21,29
123000382,104,7,97
123000383,0,0,0
123000384,21,3,18
123000385,0,0,0
123000436,4,256,-252
123000507,0,18,-18
123000508,283,783,-500
123000517,0,0,0
123000518,0,0,0
123000519,0,0,0
123000520,0,0,0
123000521,0,0,0
123000522,0,0,0
123000541,2,0,2
123000542,0,0,0
123000565,75,0,75
123000566,2,0,2
123000567,0,0,0
123000573,0,0,0
123000574,39,5,34
123000575,136,20,116
123000576,52,1,51
123000577,0,0,0
123000578,35,14,21
123000579,628,233,395
123000580,4,2,2
123000582,67,1,66
123000583,0,0,0
123000584,28,40,-12
123000585,0,0,0
123000586,25,0,25
123000596,0,0,0
123000597,25,2,23
123000602,0,1,-1
123000603,159,2,157
123000604,47,3,44
123000605,821,7,814
123000606,0,0,0
123000609,0,0,0
123000610,35,32,3
123000613,0,0,0
123000614,53,10,43
123000615,0,0,0
123000616,67,12,55
123000617,0,0,0
123000618,0,0,0
123000619,10,10,0
123000620,0,0,0
123000622,41,15,26
123000624,41,27,14
123000630,451,30,421
123000631,52,21,31
123000632,0,0,0
123000633,0,494,-494
123000634,2,2,0
123000635,0,0,0
123000636,0,0,0
123000637,2,0,2
123000638,24,7,17
123000639,167,246,-79
123000640,0,0,0
123000648,6,1,5
123000649,0,0,0
123000650,5,19,-14
123000651,0,0,0
123000652,42,0,42
123000653,0,0,0
123000654,0,0,0
123900001,0,0,0
123900002,0,0,0
123900003,0,0,0
123900005,0,0,0
123900006,0,0,0
124000001,352,19,333
124000002,0,81,-81
124000003,279,18,261
124000004,1,188,-187
124000005,314,21,293
124000006,7,21,-14
124000007,137,20,117
124000008,0,0,0
124000009,204,48,156
124000010,0,0,0
124000011,238,89,149
124000012,0,0,0
124000017,193,55,138
124000018,0,0,0
124000019,197,26,171
124000020,0,0,0
124000021,135,12,123
124000022,0,0,0
124000023,79,10,69
124000024,0,0,0
124000025,41,33,8
124000026,0,0,0
124000027,0,0,0
124000028,0,0,0
124000031,388,127,261
124000032,15,25,-10
124000033,287,15,272
124000034,0,41,-41
124000035,46,2,44
124000036,2,42,-40
124000037,15,45,-30
124000038,0,9,-9
124000039,56,3,53
124000040,17,54,-37
124000041,122,19,103
124000042,2,18,-16
124000043,38,4,34
124000044,1,9,-8
124000045,141,33,108
124000046,0,0,0
124000047,190,19,171
124000048,0,0,0
124000049,225,31,194
124000050,0,0,0
124000051,183,10,173
124000052,0,0,0
124000053,197,76,121
124000054,0,0,0
124000055,419,90,329
124000056,0,0,0
124000057,189,56,133
124000058,0,0,0
124000059,62,94,-32
124000060,0,0,0
124000061,103,120,-17
124000062,0,0,0
124000063,0,0,0
124000064,0,0,0
124000065,0,0,0
124000066,23,3,20
124000067,31,8,23
124000068,0,0,0
124000069,128,39,89
124000070,0,0,0
124000071,68,28,40
124000072,0,0,0
124000073,220,11,209
124000074,0,0,0
124000075,111,38,73
124000076,0,0,0
124000077,0,0,0
124000078,109,145,-36
124000079,0,0,0
124000080,152,64,88
124000081,0,0,0
124000082,5,95,-90
124000083,0,0,0
124000084,22,50,-28
124000085,0,0,0
124000086,0,0,0
124000087,0,0,0
124000088,1,9,-8
124000089,70,1,69
124000090,0,0,0
124000091,60,39,21
124000092,0,0,0
124000093,4,16,-12
124000094,0,0,0
124000095,64,1,63
124000096,0,0,0
124000097,55,21,34
124000098,0,0,0
124000099,39,1,38
124000100,0,0,0
124000101,6,25,-19
124000102,0,0,0
124000103,5,14,-9
124000104,0,0,0
124000105,10,0,10
124000106,0,0,0
124000107,0,6,-6
124000108,0,0,0
124000109,28,9,19
124000110,0,0,0
124000111,123,18,105
124000112,0,0,0
124000113,2,11,-9
124000114,0,0,0
124000115,0,0,0
124000116,26,44,-18
124000117,0,0,0
124000118,0,24,-24
124000119,0,0,0
124000120,100,5,95
124000121,98,59,39
124000122,6,0,6
124000123,287,24,263
124000124,4,7,-3
124000125,176,8,168
124000126,10,14,-4
124000127,150,15,135
124000128,18,0,18
124000129,169,98,71
124000130,13,0,13
124000131,70,129,-59
124000132,55,17,38
124000133,335,59,276
124000134,0,0,0
124000135,290,36,254
124000136,0,0,0
124000137,20,24,-4
124000138,0,0,0
124000139,37,5,32
124000140,0,0,0
124000141,12,0,12
124000142,0,0,0
124000143,5,0,5
124000144,0,0,0
124000145,14,1,13
124000146,0,0,0
124000148,0,1,-1
124000149,33,21,12
124000150,0,0,0
124000151,35,32,3
124000152,0,0,0
124000153,109,70,39
124000154,0,0,0
124000155,211,27,184
124000156,0,0,0
124000169,4,43,-39
124000170,0,0,0
124000171,28,20,8
124000172,0,0,0
124000173,0,28,-28
124000174,0,0,0
124000175,0,0,0
124000176,97,68,29
124000177,0,0,0
124000178,80,44,36
124000185,0,0,0
124000186,0,0,0
124000187,0,0,0
124000188,2,0,2
124000190,1,67,-66
124000191,0,0,0
124000192,127,103,24
124000193,0,0,0
124000194,29,34,-5
124000195,99,38,61
124000196,0,0,0
124000197,0,0,0
124000198,10,17,-7
124000201,0,0,0
124000202,140,1,139
124000203,0,0,0
124000204,200,7,193
124000205,28,0,28
124000206,371,0,371
124000207,0,0,0
124000209,53,4,49
124000210,104,4,100
124000211,355,0,355
124000212,0,0,0
124000213,0,0,0
124000214,157,1,156
124000215,69,6,63
124000216,0,0,0
124000329,0,0,0
124000338,0,0,0
124000339,186,0,186
124000341,207,0,207
124000344,55,13,42
124000357,691,228,463
124000358,1159,394,765
124000359,351,125,226
124000360,224,89,135
124000361,627,71,556
124000362,0,0,0
124000363,0,0,0
124000364,0,0,0
124000365,28,51,-23
124000366,4,82,-78
124000367,0,0,0
124000368,26,94,-68
124000369,7,71,-64
124000370,0,0,0
124000402,1,0,1
124000403,22,4,18
124000404,0,0,0
124000405,353,38,315
124000406,10,34,-24
124000407,0,0,0
124000411,0,0,0
124000412,27,3,24
124000413,0,19,-19
124000414,59,19,40
124000415,0,0,0
124000416,0,0,0
124000417,33,1,32
124000418,9,13,-4
124000419,0,0,0
124000420,61,14,47
124000421,0,0,0
124000422,0,0,0
124000423,0,0,0
124000424,0,0,0
124000425,11,0,11
124000426,0,0,0
124000427,3,0,3
124000428,0,0,0
124000429,7,0,7
124000430,0,0,0
124000431,0,0,0
124000432,0,0,0
124000439,20,0,20
124000443,0,0,0
124000445,4,116,-112
124000446,0,0,0
124000447,0,10,-10
124000448,3,0,3
124000449,0,0,0
124000450,0,0,0
124000451,0,0,0
124000452,0,0,0
124000453,1229,235,994
124000454,54,429,-375
124000457,0,0,0
124000458,0,0,0
124900001,0,0,0
124900002,0,0,0
124900003,0,0,0
124900004,0,0,0
124900005,0,0,0
124900006,0,0,0
124900008,0,0,0
124900009,0,0,0
124900010,0,0,0
124900011,0,0,0
124900012,0,0,0
124900013,0,0,0
124900014,0,0,0
124900015,0,0,0
124900016,0,0,0
124900017,0,0,0
124900018,0,0,0
124900020,0,0,0
124900021,0,0,0
124900022,0,0,0
124900024,0,0,0
124900026,0,0,0
124900027,0,0,0
124900028,0,0,0
124900029,0,0,0
124900030,0,0,0
124900031,0,0,0
124900032,0,0,0
124900033,0,0,0
124900034,0,0,0
124900035,0,0,0
124900036,0,0,0
124900037,0,0,0
124900038,0,0,0
124900039,0,0,0
124900040,0,0,0
124900041,0,0,0
124900042,0,0,0
124900043,0,0,0
124900044,0,0,0
124900045,0,0,0
124900047,0,0,0
124900048,0,0,0
124900050,0,0,0
124900052,0,0,0
124900053,0,0,0
124900054,0,0,0
124900055,0,0,0
124900057,0,0,0
124900060,0,0,0
124900061,0,0,0
124900062,0,0,0
124900066,0,0,0
124900067,0,0,0
124900068,0,0,0
124900070,0,0,0
124900072,0,0,0
124900075,0,0,0
124900076,0,0,0
124900077,0,0,0
124900078,0,0,0
124900079,0,0,0
124900080,0,0,0
124900081,0,0,0
124900082,0,0,0
124900083,0,0,0
124900085,0,0,0
124900086,0,0,0
124900087,0,0,0
124900088,0,0,0
124900089,0,0,0
124900090,0,0,0
124900091,0,0,0
124900092,0,0,0
124900093,0,0,0
124900094,0,0,0
124900095,0,0,0
124900096,0,0,0
124900097,0,0,0
124900098,0,0,0
124900099,0,0,0
124900100,0,0,0
124900101,0,0,0
124900102,0,0,0
124900103,0,0,0
124900104,0,0,0
124900105,0,0,0
124900106,0,0,0
124900107,0,0,0
124900108,0,0,0
124900111,0,0,0
124900112,0,0,0
124900113,0,0,0
124900114,0,0,0
124900115,0,0,0
124900116,0,0,0
124900117,0,0,0
124900118,0,0,0
124900119,0,0,0
124900120,0,0,0
124900121,0,0,0
124900122,0,0,0
124900123,0,0,0
124900124,0,0,0
124900125,0,0,0
124900126,0,0,0
204000001,37,3,34
204000002,26,2,24
204000003,1,18,-17
204000004,5,0,5
204000005,445,300,145
204000006,1613,1040,573
204000011,0,0,0
204000012,0,0,0
204000019,538,234,304
204000020,129,109,20
204000021,141,43,98
204000022,533,97,436
204000023,0,0,0
204000031,0,48,-48
204000032,292,19,273
204000034,0,0,0
204000035,0,0,0
204000036,0,0,0
204000037,0,0,0
204000038,0,0,0
204000039,0,0,0
204000040,0,0,0
204000041,0,0,0
204000042,0,4,-4
204000043,16,4,12
204000044,16,1,15
204000045,1,4,-3
204000046,1,1,0
204000057,0,0,0
204000062,0,0,0
204000068,0,0,0
204000069,0,0,0
204000070,323,310,13
204000080,0,0,0
204000085,0,0,0
204000086,0,0,0
204000087,0,0,0
204000088,0,0,0
204000090,0,0,0
204000093,351,5,346
204000096,502,157,345
204000097,109,2,107
204000099,779,502,277
204000100,633,376,257
204000105,0,0,0
204000110,0,0,0
204000111,0,0,0
204000112,0,0,0
204000113,0,0,0
204000114,126,210,-84
204000115,50,59,-9
204000116,105,73,32
204000119,1121,525,596
204000132,618,73,545
204000133,680,62,618
204000134,91,54,37
204000135,370,18,352
204000136,359,248,111
204000138,498,72,426
204000140,228,149,79
204000141,262,46,216
204000144,0,8,-8
204000145,35,6,29
204000146,0,0,0
204000147,0,0,0
204000148,227,6,221
204000154,0,3,-3
204000155,0,0,0
204000177,148,28,120
204000179,3,1,2
204000180,0,0,0
204000222,0,0,0
204000235,0,0,0
204000236,4,29,-25
204000238,12,14,-2
204000240,26,0,26
204000263,0,0,0
204000268,593,173,420
204000308,33,10,23
204000317,0,0,0
204000322,0,0,0
204000323,4,17,-13
204000328,132,31,101
204000329,0,0,0
204000330,94,4,90
204000331,0,0,0
205000001,0,0,0
205000013,0,0,0
205000014,0,0,0
205000015,0,0,0
205000016,0,0,0
205000017,0,0,0
205000022,0,0,0
205000025,0,0,0
205000029,37,2,35
205000045,0,0,0
205000046,0,0,0
205000047,0,0,0
205000048,0,0,0
205000049,0,0,0
205000050,0,0,0
205000059,0,0,0
205000060,0,0,0
205000061,0,0,0
205000062,0,0,0
205000063,0,0,0
205000064,0,0,0
205000065,0,0,0
205000066,0,0,0
205000067,0,0,0
205000069,0,0,0
205000082,153,39,114
205000110,0,0,0
205000111,0,0,0
205000112,127,75,52
205000113,0,0,0
205000121,231,79,152
205000123,0,0,0
205000126,657,97,560
205000127,826,84,742
205000128,432,14,418
205000129,449,25,424
205000130,144,2,142
205000131,7,2,5
205000132,103,23,80
205000133,12,0,12
205000134,242,0,242
205000137,0,0,0
205000138,0,0,0
205000139,0,0,0
205000144,87,49,38
205000145,89,24,65
205000151,44,42,2
205000152,120,17,103
205000153,182,24,158
205000154,52,69,-17
205000155,70,3,67
205000207,0,0,0
205000233,19,0,19
205000234,0,0,0
205000243,0,0,0
205000244,0,0,0
205000245,0,0,0
205000249,0,0,0
205000250,2,4,-2
205000264,0,0,0
206000027,17,5,12
206000028,3,1,2
206000043,0,0,0
206000053,0,0,0
206000054,0,0,0
206000055,0,0,0
206000075,0,0,0
206000076,0,0,0
206000077,0,0,0
206000078,0,0,0
206000079,0,0,0
206000082,199,2,197
206000100,0,0,0
206000103,0,0,0
206000104,0,0,0
206000105,0,0,0
206000106,0,0,0
206000125,158,0,158
206000157,0,0,0
206000170,0,0,0
206000171,0,0,0
206000172,0,0,0
206000173,0,0,0
206000174,0,0,0
206000175,0,0,0
206000176,0,0,0
206000177,0,0,0
206000178,0,0,0
206000179,0,0,0
206000180,0,0,0
206000181,0,0,0
206000182,0,0,0
206000183,0,0,0
206000184,0,0,0
206000185,0,0,0
206000186,0,0,0
206000223,0,0,0
206000226,2,0,2
206000227,4,1,3
206000237,0,0,0
206000238,0,0,0
206000239,0,0,0
206000240,0,0,0
206000241,0,0,0
206000242,0,0,0
206000243,0,0,0
206000244,0,0,0
206000245,115,4,111
206000246,51,0,51
206000247,18,0,18
206000248,50,0,50
206000252,0,0,0
206000258,0,0,0
206000315,0,0,0
206000317,80,2,78
206000318,43,1,42
206000319,106,3,103
206000320,67,2,65
206000321,22,1,21
206000322,32,0,32
206000323,20,0,20
206000324,35,0,35
206000325,21,0,21
206000326,51,27,24
206000327,19,4,15
206000328,100,1,99
206000329,62,2,60
206000330,4,0,4
206000331,51,0,51
206000332,2,0,2
206000333,163,1,162
206000334,64,2,62
206000335,0,0,0
206000361,0,0,0
206000392,0,0,0
206000405,134,0,134
206000441,57,33,24
206000498,21,0,21
206000515,0,0,0
206000530,19,21,-2
206000531,8,22,-14
206000532,60,3,57
206000535,0,0,0
206000536,0,0,0
206000537,0,0,0
206000613,93,2,91
206000784,250,53,197
207000001,0,0,0
207000002,0,0,0
207000003,0,0,0
207000007,266,75,191
207000008,0,0,0
207000009,0,0,0
207000010,0,5,-5
207000012,64,67,-3
207000015,2,3,-1
207000019,143,22,121
207000021,306,56,250
207000022,95,16,79
207000023,195,3,192
207000024,2,14,-12
207000025,0,29,-29
207000026,0,0,0
207000027,0,0,0
207000028,0,0,0
207000029,0,0,0
207000033,257,194,63
207000034,55,24,31
207000039,120,44,76
207000040,254,3,251
207000041,6,2,4
207000042,174,29,145
207000043,156,61,95
207000051,0,0,0
207000052,0,0,0
207000053,0,0,0
207000054,0,0,0
207000055,0,0,0
207000056,0,0,0
207000057,0,0,0
207000058,0,0,0
207000059,0,0,0
207000060,0,0,0
207000061,14,297,-283
207000062,158,102,56
207000063,121,173,-52
207000064,298,48,250
207000065,295,60,235
207000066,345,110,235
207000067,50,8,42
207000068,129,3,126
207000069,532,63,469
207000082,0,0,0
207000083,2,0,2
207000084,92,40,52
207000085,0,0,0
207000086,0,0,0
207000106,6,1,5
207000107,55,0,55
207000108,50,0,50
207000109,40,1,39
207000110,65,13,52
207000111,170,8,162
207000112,71,33,38
207000114,0,0,0
207000115,0,0,0
207000116,0,0,0
207000117,0,0,0
207000118,0,0,0
207000119,0,0,0
207000123,122,3,119
207000124,89,7,82
207000125,69,2,67
207000126,35,14,21
207000134,0,0,0
207000135,0,0,0
207000148,216,44,172
207000149,0,0,0
207000152,0,0,0
207000153,0,0,0
207000154,213,12,201
207000159,0,0,0
207000160,0,0,0
207000238,0,0,0
207000242,0,0,0
207000248,0,0,0
207000249,0,0,0
207000250,0,0,0
207000251,0,0,0
207000252,0,0,0
207000278,13,39,-26
207000279,0,0,0
207000280,196,16,180
207000281,25,12,13
207000282,0,20,-20
207000283,0,4,-4
207000284,0,0,0
207000285,0,12,-12
207000291,0,0,0
207000304,25,33,-8
207000306,0,0,0
207000310,104,73,31
207000353,42,0,42
207000356,0,0,0
207000357,0,39,-39
207000358,0,11,-11
207000415,0,0,0
207000417,29,1,28
207000418,99,38,61
207000438,0,0,0
207000439,464,69,395
207000446,73,0,73
207000460,0,0,0
207000466,0,0,0
207000467,107,7,100
207000468,0,0,0
207000476,0,0,0
207000477,3,3,0
207000478,0,0,0
207000523,0,0,0
207000524,27,0,27
207000527,272,51,221
207000530,195,1,194
207000531,69,2,67
207000532,30,2,28
207000534,142,11,131
207000535,0,0,0
207000537,0,0,0
207000540,0,0,0
207000541,0,0,0
207000548,0,0,0
207000549,99,5,94
207000561,107,21,86
207000562,0,0,0
207000567,0,0,0
207000568,0,0,0
207000569,0,0,0
207000584,0,0,0
207000585,38,51,-13
207000587,178,5,173
207000616,0,0,0
207000617,135,1,134
207000624,13,8,5
207000631,1,3,-2
207900008,0,0,0
208000001,101,169,-68
208000002,141,87,54
208000003,113,146,-33
208000004,201,162,39
208000005,0,0,0
208000019,274,146,128
208000020,315,133,182
208000021,0,0,0
208000022,0,0,0
208000028,0,0,0
208000033,0,0,0
208000034,0,0,0
208000037,154,0,154
208000040,4,69,-65
208000041,193,26,167
208000042,255,42,213
208000047,0,0,0
208000064,639,315,324
208000066,287,268,19
208000070,137,21,116
208000071,203,44,159
208000072,72,61,11
208000080,88,125,-37
208000081,82,20,62
208000082,0,0,0
208000083,0,0,0
208000084,16,9,7
208000085,0,0,0
208000086,0,0,0
208000087,0,0,0
208000089,0,0,0
208000090,0,0,0
208000093,0,0,0
208000094,0,0,0
208000095,0,0,0
208000104,717,128,589
208000105,448,135,313
208000114,156,172,-16
208000115,200,81,119
208000116,196,255,-59
208000117,1,11,-10
208000118,28,27,1
208000155,0,0,0
208000158,0,0,0
208000186,484,363,121
208000204,0,0,0
208000205,0,0,0
208000282,0,0,0
209000004,21,20,1
209000005,46,0,46
209000006,180,22,158
209000007,0,0,0
209000010,0,0,0
209000011,0,0,0
209000012,0,0,0
209000013,0,0,0
209000014,0,0,0
209000025,183,50,133
209000026,197,38,159
209000027,0,0,0
209000028,0,0,0
209000029,0,0,0
209000030,0,0,0
209000031,0,0,0
209000034,0,0,0
209000035,0,0,0
209000036,0,0,0
209000037,0,0,0
209000038,0,0,0
209000039,0,0,0
209000040,0,0,0
209000041,0,0,0
209000042,0,0,0
209000043,0,0,0
209000044,0,0,0
209000045,266,48,218
209000046,141,37,104
209000047,237,12,225
209000048,320,38,282
209000049,0,0,0
209000050,0,0,0
209000051,0,0,0
209000052,0,0,0
209000062,0,0,0
209000063,0,0,0
209000064,0,0,0
209000065,9,1,8
209000066,13,2,11
209000067,55,8,47
209000080,0,0,0
209000082,12,2,10
209000091,0,0,0
209000093,0,0,0
209000094,0,0,0
209000110,31,46,-15
209000111,124,37,87
209000112,49,24,25
209000113,145,36,109
209000114,62,23,39
209000115,0,0,0
209000116,0,0,0
209000118,2,35,-33
209000119,0,0,0
209000121,0,0,0
209000135,46,39,7
209000142,90,13,77
209000143,0,0,0
209000144,0,0,0
209000229,73,20,53
209000240,0,0,0
209000259,0,0,0
209000260,0,0,0
209000261,0,0,0
209000262,0,0,0
209000263,0,0,0
209000264,0,0,0
209000265,25,0,25
209000266,11,0,11
209000267,335,0,335
209000268,362,7,355
210000037,30,0,30
210000047,49,0,49
210000048,52,1,51
210000049,1,0,1
210000052,0,0,0
210000053,0,0,0
210000054,0,0,0
210000070,55,0,55
210000071,25,0,25
210000072,21,0,21
210000073,0,0,0
210000074,0,0,0
210000075,0,0,0
210000076,0,0,0
210000077,0,0,0
210000078,0,0,0
210000079,9,2,7
210000080,90,11,79
210000081,4,9,-5
210000082,4,0,4
210000083,32,0,32
210000084,71,0,71
210000085,0,0,0
210000086,0,0,0
210000099,0,0,0
210000100,0,0,0
210000101,0,0,0
210000105,0,0,0
210000159,0,0,0
210000163,0,0,0
210000164,69,20,49
210000168,7,2,5
210000187,0,0,0
210000188,0,0,0
210000214,31,0,31
210000219,24,2,22
210000220,3,2,1
210000232,0,0,0
210000233,0,0,0
210000234,0,0,0
210000235,0,0,0
210000245,0,0,0
210000246,26,0,26
210000258,0,0,0
210000259,123,6,117
210000282,0,0,0
210000285,0,0,0
210000286,0,0,0
210000290,0,1,-1
210000295,0,0,0
210000296,0,0,0
210000320,77,2,75
210000321,8,1,7
210000338,0,0,0
210000339,0,0,0
210000340,0,0,0
210000341,0,0,0
210000342,0,0,0
210000343,0,0,0
210000344,0,0,0
210000345,0,0,0
210000346,0,0,0
210000347,0,0,0
210000348,0,0,0
210000349,0,0,0
210000350,0,0,0
210000351,0,0,0
210000352,23,12,11
210000353,81,6,75
210000354,25,19,6
210000355,33,20,13
210000356,0,17,-17
210000357,7,36,-29
210000358,25,22,3
210000359,30,20,10
210000360,161,39,122
210000361,45,75,-30
210000362,93,22,71
210000363,213,68,145
210000364,65,41,24
210000365,103,3,100
210000366,96,2,94
210000367,57,5,52
210000368,64,0,64
210000369,17,2,15
210000370,52,0,52
210000372,11,5,6
210000373,2,3,-1
210000374,99,2,97
210000375,26,2,24
210000376,87,22,65
210000404,0,0,0
210000439,52,1,51
210000472,9,1,8
210000482,40,6,34
210000564,210,55,155
210000567,0,0,0
210000568,33,0,33
211000092,0,0,0
211000094,0,0,0
211000169,0,0,0
211000172,0,0,0
211000209,0,0,0
211000226,1,3,-2
211000270,0,0,0
211000275,0,0,0
211000276,0,0,0
211000279,0,0,0
211000281,0,0,0
211000302,0,0,0
211507980,0,0,0
211977296,0,0,0
212000003,43,10,33
212000004,0,0,0
212000005,0,0,0
212000006,0,0,0
212000008,0,0,0
212000009,0,0,0
212000012,0,0,0
212000013,0,0,0
212000014,0,0,0
212000015,0,0,0
212000016,0,0,0
212000027,502,50,452
212000028,225,107,118
212000029,188,134,54
212000030,13,22,-9
212000031,30,4,26
212000048,0,0,0
212000049,0,0,0
212000050,0,0,0
212000051,0,0,0
212000052,0,0,0
212000053,0,0,0
212000054,148,12,136
212000055,174,34,140
212000056,3,8,-5
212000057,2,20,-18
212000058,34,5,29
212000070,0,0,0
212000077,0,0,0
212000099,158,29,129
212000108,141,26,115
212000111,63,5,58
212000120,0,0,0
212000138,0,0,0
212000156,0,0,0
212000158,2,40,-38
212000159,427,23,404
212000160,342,39,303
212000161,9,18,-9
212000310,0,0,0
212000311,1,29,-28
212000374,0,0,0
213000001,0,0,0
213000005,219,10,209
213000006,176,63,113
213000007,3,0,3
213000009,262,43,219
213000010,337,21,316
213000011,129,6,123
213000014,46,15,31
213000015,124,1,123
213000016,82,0,82
213000017,32,1,31
213000018,0,0,0
213000019,0,0,0
213000020,0,0,0
213000021,0,0,0
213000023,1057,22,1035
213000033,0,0,0
213000034,111,14,97
213000035,242,20,222
213000045,0,0,0
213000046,0,0,0
213000047,0,0,0
213000056,143,0,143
213000069,7,0,7
213000073,0,0,0
213000074,0,0,0
213000075,376,7,369
213000076,0,0,0
213000085,0,0,0
213000086,0,0,0
213000091,255,4,251
213000092,57,0,57
213000099,0,0,0
213000100,297,90,207
213000101,387,9,378
213000102,497,4,493
213000103,232,1,231
213000104,0,0,0
213000105,0,0,0
213000106,0,0,0
213000107,0,0,0
213000108,0,0,0
213000109,0,0,0
213000110,0,0,0
213000111,0,0,0
213000112,0,0,0
213000115,52,1,51
213000116,0,0,0
213000117,0,0,0
213000118,105,175,-70
213000119,0,0,0
213000120,0,0,0
213000122,0,0,0
213000123,0,0,0
213000124,0,0,0
213000125,74,98,-24
213000126,0,0,0
213000127,0,0,0
213000128,0,0,0
213000129,186,76,110
213000130,442,89,353
213000132,276,63,213
213000133,432,104,328
213000134,312,1,311
213000136,171,2,169
213000137,375,12,363
213000139,85,1,84
213000147,0,2,-2
213000148,2,0,2
213000149,1,0,1
213000150,0,0,0
213000151,0,0,0
213000152,0,0,0
213000153,0,0,0
213000154,0,0,0
213000155,0,0,0
213000156,0,0,0
213000157,0,0,0
213000158,0,0,0
213000159,249,39,210
213000163,260,138,122
213000165,437,81,356
213000171,0,0,0
213000172,0,0,0
213000173,0,0,0
213000174,0,0,0
213000175,0,0,0
213000176,247,1,246
213000177,8,0,8
213000178,65,0,65
213000179,68,0,68
213000180,177,1,176
213000184,0,0,0
213000188,107,10,97
213000189,176,3,173
213000190,148,2,146
213000191,151,1,150
213000192,90,1,89
213000193,0,0,0
213000194,0,0,0
213000195,0,0,0
213000196,0,0,0
213000197,515,9,506
213000198,0,0,0
213000200,0,0,0
213000201,0,0,0
213000202,0,0,0
213000203,765,78,687
213000204,532,25,507
213000205,163,3,160
213000206,523,2,521
213000207,11,0,11
213000208,1,0,1
213000209,4,0,4
213000210,49,0,49
213000211,0,0,0
213000212,0,0,0
213000213,0,0,0
213000218,17,103,-86
213000219,220,9,211
213000220,114,35,79
213000223,25,64,-39
213000224,2,6,-4
213000225,21,1,20
213000226,18,0,18
213000227,495,34,461
213000228,310,14,296
213000229,12,3,9
213000230,163,0,163
213000232,0,0,0
213000233,0,0,0
213000234,0,0,0
213000293,0,0,0
213000294,12,2,10
213000295,0,0,0
213000296,24,0,24
213000297,0,0,0
213000298,0,0,0
213000299,29,1,28
213000300,0,2,-2
213000303,0,0,0
213000304,0,0,0
213000305,0,30,-30
213000306,0,0,0
213000307,9,13,-4
213000308,0,0,0
213000309,79,13,66
213000310,127,34,93
213000311,0,0,0
213000315,0,0,0
213000316,64,0,64
213000322,0,0,0
213000323,0,0,0
213000340,0,0,0
213000341,207,12,195
213000346,9,25,-16
213000347,123,18,105
213000348,0,0,0
213000349,0,0,0
213000350,0,0,0
213000366,0,0,0
213000367,102,2,100
213000379,0,0,0
213000386,0,0,0
213000406,0,0,0
213000417,500,108,392
213000425,0,0,0
213000426,0,0,0
213000427,0,0,0
213000428,0,0,0
213000429,0,0,0
213000430,0,0,0
213000431,0,0,0
213000432,0,0,0
213000433,0,0,0
213000434,0,0,0
213000435,0,0,0
213000439,0,0,0
213000441,0,0,0
213000443,0,0,0
213000445,0,0,0
213000446,0,0,0
213000447,0,0,0
213000448,0,0,0
213000449,0,0,0
213000450,0,0,0
213000451,0,0,0
213000452,0,0,0
213000453,0,0,0
213000455,19,0,19
213000456,0,0,0
213000481,5,0,5
213000482,7,0,7
213000489,42,1,41
213000491,0,0,0
213000492,26,0,26
213000493,0,0,0
213000494,63,30,33
213000495,0,0,0
213000496,492,85,407
213000497,0,0,0
213000498,0,0,0
213000499,0,0,0
213000500,216,9,207
213000501,18,5,13
213000502,11,4,7
213000504,0,0,0
213000505,68,0,68
213000506,0,0,0
213000507,0,0,0
213900244,58,0,58
213900245,0,0,0
218000003,0,0,0
218000004,0,0,0
218000005,0,4,-4
218000006,0,0,0
218000007,0,0,0
218000012,0,0,0
218000013,4,11,-7
218000014,79,35,44
218000019,0,0,0
218000020,0,0,0
218000040,2,1,1
218000046,1,4,-3
218000047,0,5,-5
218000048,9,19,-10
218000049,11,19,-8
218000050,8,19,-11
218000051,1,39,-38
218000052,1,19,-18
218000053,0,2,-2
218000054,0,28,-28
218000055,1,5,-4
218000056,11,31,-20
218000057,0,8,-8
218000064,0,0,0
218000065,74,1,73
218000066,6,9,-3
218000067,0,0,0
218000068,0,0,0
218000069,0,0,0
218000070,0,0,0
218000071,0,0,0
218000072,0,0,0
218000078,0,0,0
218000079,0,0,0
218000080,0,0,0
218000081,0,0,0
218000082,0,0,0
218000083,0,0,0
218000084,0,0,0
218000085,0,0,0
218000086,0,0,0
218000087,0,0,0
218000090,0,0,0
218000091,133,43,90
218000092,0,0,0
218000093,17,4,13
218000094,0,0,0
218000099,57,68,-11
218000100,10,10,0
218000101,9,4,5
218000102,140,38,102
218000103,40,6,34
218000104,29,1,28
218000105,0,0,0
218000106,0,0,0
218000107,0,0,0
218000108,0,0,0
218000112,0,0,0
218000117,18,9,9
218000134,0,0,0
218000135,0,0,0
218000136,0,0,0
218000137,0,0,0
218000138,0,0,0
218000139,0,0,0
218000140,0,0,0
218000141,0,0,0
218000142,0,0,0
218000143,0,0,0
218000144,0,0,0
218000145,0,0,0
218000146,0,0,0
218000151,0,2,-2
218000152,62,1,61
218000170,1,1,0
218000171,35,0,35
218000172,22,2,20
218000173,2,11,-9
218000174,16,4,12
218000176,127,7,120
218000177,277,8,269
218000178,125,2,123
218000179,239,2,237
218000180,37,0,37
218000181,94,0,94
218000187,0,0,0
218000188,0,0,0
218000189,0,0,0
218000190,0,0,0
218000191,0,0,0
218000192,0,0,0
218000193,0,0,0
218000194,0,0,0
218000195,0,0,0
218000196,0,0,0
218000197,0,0,0
218000198,0,0,0
218000199,0,0,0
218000200,0,0,0
218000201,0,0,0
218000202,0,0,0
218000207,0,0,0
218000208,0,0,0
218000211,0,0,0
218000213,24,10,14
218000214,1,4,-3
218000215,2,11,-9
218000217,0,8,-8
218000218,21,71,-50
218000219,2,29,-27
218000220,50,70,-20
218000221,193,100,93
218000222,1,11,-10
218000223,58,90,-32
218000224,2,121,-119
218000225,136,142,-6
218000226,152,15,137
218000232,0,0,0
218000239,12,0,12
218000240,0,0,0
218000241,2,0,2
218000242,0,0,0
218000243,0,0,0
218000244,8,0,8
218000245,2,0,2
218000246,0,0,0
218000247,0,0,0
218000248,0,0,0
218000249,0,0,0
218000250,0,0,0
218000251,0,0,0
218000252,0,0,0
218000253,0,0,0
218000254,0,0,0
218000255,0,0,0
218000256,0,0,0
218000267,0,0,0
218000268,0,0,0
218000269,0,0,0
218000270,0,0,0
218000271,0,0,0
218000273,20,23,-3
218000274,35,0,35
218000275,0,0,0
218000276,0,0,0
218000278,0,0,0
218000279,0,0,0
218000280,0,0,0
218000281,0,0,0
218000282,62,4,58
218000284,169,37,132
218000301,0,0,0
218000302,0,0,0
218000303,0,0,0
218000316,3,11,-8
218000317,0,0,0
218000318,0,0,0
218000319,0,0,0
218000320,0,0,0
218000338,0,0,0
218000345,0,0,0
218000346,47,22,25
218000459,10,13,-3
218000490,0,0,0
218000501,22,0,22
218000502,0,0,0
218000503,18,1,17
218000504,47,2,45
218000505,0,0,0
218000506,0,0,0
218000508,0,0,0
218000510,19,3,16
218000520,0,0,0
218000521,0,0,0
218000522,0,0,0
218000523,29,0,29
218000524,0,0,0
218000525,32,1,31
218000526,0,0,0
218000529,0,0,0
218000531,56,1,55
218000532,0,0,0
218000534,3,0,3
218000537,21,9,12
218000538,0,0,0
218000540,0,0,0
218000543,0,0,0
218000544,0,0,0
218000545,0,0,0
218000546,0,0,0
218000547,0,0,0
218000548,0,0,0
218000549,163,3,160
218000550,0,0,0
218000551,0,0,0
218000552,59,2,57
218000553,0,0,0
218000554,0,0,0
218000555,10,2,8
218000556,0,0,0
218000557,25,16,9
218000558,29,1,28
218000559,0,0,0
218000560,0,0,0
218000561,0,0,0
218000562,0,0,0
218000563,134,0,134
218000564,0,0,0
218000565,4,0,4
218000566,1,0,1
218000568,0,0,0
218000569,0,0,0
218000570,0,0,0
218000571,0,0,0
218000572,6,0,6
218000573,0,0,0
218000574,0,0,0
218000575,23,1,22
218000576,0,0,0
218000577,27,0,27
218000578,0,0,0
218000579,0,0,0
218000581,0,0,0
218000582,0,0,0
218000583,0,0,0
218000584,0,0,0
218000585,0,0,0
218000586,0,0,0
218000587,0,0,0
218000588,0,0,0
218000589,0,0,0
218000590,0,0,0
218000591,0,0,0
218000592,0,0,0
218000593,0,0,0
218000594,0,0,0
218000597,0,0,0
218000598,0,0,0
218000599,0,0,0
218000600,0,0,0
218000601,0,0,0
218000602,0,0,0
218000603,0,0,0
218000604,0,0,0
218000605,0,0,0
218000606,0,0,0
218000607,0,0,0
218000608,0,0,0
218000609,0,0,0
218000610,0,0,0
218000611,0,0,0
218000612,0,0,0
218000613,0,0,0
218000614,0,0,0
218000615,0,0,0
218000616,0,0,0
218000617,0,0,0
218000618,0,0,0
218000619,0,0,0
218000620,0,0,0
218000621,0,0,0
218000622,0,0,0
218000623,0,0,0
218000624,0,1,-1
218000625,0,0,0
218000626,0,0,0
218000628,78,20,58
218000631,22,1,21
218000632,0,0,0
218000633,0,0,0
218000634,0,0,0
218000635,0,0,0
218000636,0,0,0
218000637,0,0,0
218000638,112,32,80
218000639,0,0,0
218000640,103,2,101
218000641,0,0,0
218000652,24,7,17
218000653,189,26,163
218000663,0,0,0
218000675,1,3,-2
218000680,0,0,0
218000681,70,4,66
218000691,0,0,0
218000693,76,12,64
218000718,0,0,0
218000719,8,21,-13
218000720,0,0,0
218000721,0,0,0
218001147,0,0,0
218001214,0,0,0
218001258,110,0,110
218001329,47,13,34
218001330,0,0,0
218001351,0,1,-1
218001352,0,0,0
218001353,0,0,0
218001354,0,0,0
218001355,0,0,0
218001356,46,13,33
218001357,0,0,0
218001358,6,0,6
218001361,169,6,163
218001362,0,0,0
219000001,0,0,0
219000002,0,0,0
219000003,25,1,24
219000004,12,31,-19
219000017,0,0,0
219000020,62,0,62
219000022,57,0,57
219000023,38,0,38
219000029,0,0,0
219000034,19,9,10
219000039,0,0,0
219000040,0,0,0
219000041,0,0,0
219000051,0,0,0
219000052,0,0,0
219000053,0,0,0
219000055,0,0,0
219000056,0,0,0
219000057,0,0,0
219000062,0,0,0
219000063,0,0,0
219000064,0,0,0
219000110,26,9,17
219000111,41,24,17
219000112,45,0,45
219000113,67,0,67
219000114,67,0,67
219000116,0,0,0
219000117,0,0,0
219000118,6,3,3
219000123,55,0,55
219000124,4,0,4
219000125,0,0,0
219000126,0,0,0
219000127,0,0,0
219000128,0,0,0
219000129,0,0,0
219000130,0,0,0
219000131,138,59,79
219000133,0,2,-2
219000134,4,9,-5
219000135,10,3,7
219000136,30,30,0
219000138,10,0,10
219000139,0,0,0
219000140,7,0,7
219000141,0,0,0
219000142,0,0,0
219000143,0,0,0
219000145,24,1,23
219000146,0,0,0
219000147,0,0,0
219000148,0,0,0
219000149,0,0,0
219000150,0,0,0
219000151,0,0,0
219000157,3,0,3
219000158,3,3,0
219000161,0,0,0
219000163,17,4,13
219000166,0,25,-25
219000167,0,0,0
219000168,39,7,32
219000174,40,1,39
219000175,0,0,0
219000176,0,0,0
219000177,0,0,0
219000178,0,0,0
219000179,0,0,0
219000180,0,0,0
219000182,20,0,20
219000183,17,0,17
219000184,18,0,18
219000185,0,0,0
219000186,15,0,15
219000187,4,0,4
219000189,0,0,0
219000190,0,0,0
219000191,0,0,0
219000192,58,15,43
219000193,0,0,0
219000195,0,0,0
219000196,0,0,0
219000198,0,0,0
219000199,0,0,0
219000200,0,0,0
219000201,0,0,0
219000203,0,0,0
219000204,0,0,0
219000205,0,0,0
219000207,0,0,0
219000209,0,0,0
219000210,0,0,0
219000213,0,0,0
219000239,0,0,0
219000240,0,0,0
219000241,0,0,0
219000242,0,0,0
219000243,0,0,0
219000244,0,0,0
219000245,0,0,0
219000246,25,18,7
219000247,59,4,55
219000248,127,23,104
219000249,56,11,45
219000250,14,13,1
219000251,37,82,-45
219000252,94,102,-8
219000253,50,17,33
219000255,5,12,-7
219000256,13,1,12
219000257,77,0,77
219000262,0,0,0
219000263,0,0,0
219000267,0,0,0
219000268,0,0,0
219000269,0,0,0
219000270,0,0,0
219000271,0,0,0
219000278,0,0,0
219000279,0,0,0
219000283,0,0,0
219000295,0,0,0
219000296,0,0,0
219000297,0,0,0
219000298,0,0,0
219000299,91,3,88
219000300,0,0,0
219000301,0,0,0
219000302,0,0,0
219000307,0,0,0
219000308,0,0,0
219000311,91,2,89
219000312,125,6,119
219000313,88,7,81
219000314,0,0,0
219000315,143,0,143
219000316,138,3,135
219000317,20,0,20
219000320,0,0,0
219000321,0,0,0
219000323,0,0,0
219000325,0,0,0
219000326,0,0,0
219000327,0,0,0
219000328,0,0,0
219000329,0,0,0
219000330,0,0,0
219000331,0,0,0
219000332,2,2,0
219000333,0,0,0
219000335,0,0,0
219000337,2,0,2
219000338,6,0,6
219000344,0,0,0
219000345,0,0,0
219000346,0,0,0
219000348,0,0,0
219000349,0,0,0
219000350,0,0,0
219000351,0,0,0
219000352,2,22,-20
219000353,5,4,1
219000354,4,3,1
219000355,15,19,-4
219000356,22,55,-33
219000363,92,5,87
219000364,81,2,79
219000365,31,0,31
219000366,87,4,83
219000368,40,20,20
219000370,24,62,-38
219000371,0,0,0
219000382,0,0,0
219000383,0,0,0
219000385,0,0,0
219000386,0,0,0
219000387,0,0,0
219000390,0,0,0
219000391,0,0,0
219000397,0,0,0
219000398,0,0,0
219000401,0,0,0
219000402,0,0,0
219000403,0,0,0
219000404,0,0,0
219000407,0,0,0
219000409,7,12,-5
219000410,20,0,20
219000411,19,1,18
219000446,0,0,0
219000447,0,0,0
219000448,17,2,15
219000452,0,0,0
219000453,0,0,0
219000454,56,15,41
219000556,35,4,31
219000558,0,0,0
219000590,0,0,0
219000591,26,6,20
219000592,0,0,0
219000595,0,0,0
219000635,44,1,43
219000636,0,0,0
219000657,0,0,0
219000658,0,0,0
219000673,0,0,0
219000676,2,0,2
219000679,2,0,2
219000684,0,0,0
219000685,0,0,0
219000686,0,0,0
219000688,0,0,0
219000689,0,0,0
219000690,176,5,171
219000691,0,0,0
219000692,58,0,58
219000693,0,0,0
219000694,0,0,0
219000695,0,0,0
219000698,10,0,10
219000699,0,0,0
219000727,0,0,0
219000728,0,0,0
219000770,4,0,4
219000771,0,0,0
219000788,0,0,0
219001150,0,0,0
219001151,0,0,0
219001166,6,0,6
219001167,0,0,0
219001178,37,0,37
220000001,0,2,-2
220000002,0,0,0
220000003,0,0,0
220000004,0,0,0
220000005,0,0,0
220000006,0,0,0
220000007,0,0,0
220000008,0,0,0
220000009,0,0,0
220000010,0,0,0
220000011,3,6,-3
220000012,0,1,-1
220000014,0,0,0
220000015,0,0,0
220000017,0,0,0
220000018,0,0,0
220000019,0,0,0
220000020,4,0,4
220000021,0,0,0
220000022,0,0,0
220000023,0,1,-1
220000024,5,3,2
220000025,0,12,-12
220000026,0,2,-2
220000027,0,1,-1
220000028,1,19,-18
220000029,0,0,0
220000030,0,0,0
220000031,4,13,-9
220000064,0,0,0
221000046,2,0,2
221000047,0,0,0
221000048,0,0,0
221000049,0,0,0
221000050,18,0,18
221000055,31,0,31
221000068,247,21,226
221000069,188,49,139
221000070,103,7,96
221000071,91,2,89
221000072,143,1,142
221000073,60,3,57
221000074,0,0,0
221000075,0,0,0
221000076,0,0,0
221000077,0,0,0
221000081,46,1,45
221000082,57,1,56
221000083,22,0,22
221000084,8,0,8
221000085,1,0,1
221000086,0,0,0
221000087,0,0,0
221000088,0,0,0
221000089,0,0,0
221000090,0,0,0
221000098,126,15,111
221000099,112,2,110
221000100,138,0,138
221000101,196,0,196
221000103,0,0,0
221000104,0,0,0
221000107,34,0,34
221000108,22,2,20
221000111,0,0,0
221000112,0,0,0
221000113,0,0,0
221000114,0,0,0
221000120,0,0,0
221000121,0,2,-2
221000122,0,2,-2
221000123,0,0,0
221000124,0,0,0
221000155,32,8,24
221000156,1,0,1
221000175,0,0,0
221000176,0,0,0
221000182,6,0,6
221000241,593,35,558
221000242,0,0,0
221000243,297,31,266
221000244,0,0,0
221000245,131,27,104
221000246,0,0,0
221000247,215,21,194
221000248,0,0,0
221000267,0,0,0
221000325,0,0,0
221000331,0,0,0
221000338,0,2,-2
221000378,85,12,73
221000381,0,0,0
222000282,0,0,0
222000296,0,0,0
222000568,76,1,75
222000569,62,4,58
222000570,37,0,37
222000571,240,7,233
222000577,0,0,0
222000578,0,0,0
222000579,0,0,0
222000580,0,0,0
222000599,0,0,0
222000600,0,0,0
222000601,0,0,0
222000603,0,0,0
222000604,0,0,0
222000605,0,0,0
222000606,0,0,0
222000607,0,0,0
222000608,0,0,0
222000609,0,0,0
222000616,73,1,72
222000617,0,1,-1
222000618,0,1,-1
222000620,0,0,0
222000621,53,0,53
222000623,210,1,209
222000624,197,0,197
222000625,236,5,231
222000636,4,0,4
222000686,12,0,12
222000687,3,0,3
222001066,149,0,149
222001067,47,0,47
222001068,17,0,17
222001069,1,0,1
222001082,0,0,0
222001083,0,0,0
222001084,0,0,0
222001085,0,0,0
222001111,0,0,0
222001112,29,11,18
222001313,0,0,0
222001314,0,0,0
222001464,22,1,21
222001465,0,0,0
222001484,10,0,10
222001485,0,0,0
222001494,82,3,79
222001495,0,0,0
222001496,96,3,93
222001497,0,0,0
222001503,42,3,39
222001504,0,0,0
222001505,151,1,150
222001506,0,0,0
222001507,110,0,110
222001510,148,1,147
222001514,157,22,135
222001518,102,17,85
222001519,0,0,0
222001527,23,1,22
222001529,181,1,180
222001530,0,0,0
222001533,0,0,0
222001534,309,2,307
222001535,14,12,2
222001536,0,0,0
222001537,49,4,45
222001538,0,0,0
222001563,295,3,292
222001564,0,0,0
222001568,9,1,8
222001576,0,1,-1
222001579,0,0,0
222001583,0,0,0
222001584,3,0,3
222001596,0,0,0
222001597,121,32,89
222001626,0,0,0
222001650,1,13,-12
222001651,1,0,1
222001914,46,0,46
222001915,0,0,0
222001968,41,4,37
222001969,0,0,0
222001970,8,0,8
222001971,2,0,2
222001972,0,0,0
225000001,106,47,59
225000002,151,19,132
225000003,140,4,136
225000004,151,38,113
225000005,44,25,19
225000006,0,0,0
225000007,0,0,0
225000010,8,0,8
225000011,69,211,-142
225000012,69,66,3
225000013,57,27,30
225000014,78,21,57
225000015,0,0,0
225000021,184,25,159
225000027,0,0,0
225000032,157,31,126
225000042,0,0,0
225000049,0,0,0
225000050,9,1,8
225000053,0,0,0
225000058,164,55,109
225000067,0,0,0
225000068,0,0,0
225000069,0,0,0
225000070,0,0,0
225000071,0,0,0
225000075,0,0,0
225000076,0,0,0
225000078,1,37,-36
225000085,11,0,11
225000086,18,1,17
225000087,118,0,118
225000088,0,0,0
225000089,0,0,0
225000090,0,0,0
225000091,0,0,0
225000092,0,0,0
225000093,0,0,0
225000094,0,0,0
225000095,0,0,0
225000096,0,0,0
225000098,97,45,52
225000099,192,28,164
225000100,33,36,-3
225000104,0,0,0
225000110,0,0,0
225000111,0,0,0
225000112,0,0,0
225000113,0,0,0
225000114,0,0,0
225000115,0,0,0
225000116,148,35,113
225000117,265,102,163
225000118,299,39,260
225000119,34,5,29
225000120,151,4,147
225000121,108,2,106
225000123,543,15,528
225000125,96,27,69
225000126,199,49,150
225000127,327,86,241
225000128,323,118,205
225000132,0,0,0
225000133,0,0,0
225000134,113,46,67
225000135,19,0,19
225000136,30,0,30
225000137,11,1,10
225000138,138,0,138
225000143,0,0,0
225000144,0,0,0
225000145,51,6,45
225000146,0,0,0
225000147,0,0,0
225000148,0,0,0
225000149,0,0,0
225000151,0,0,0
225000155,0,0,0
225000156,0,0,0
225000157,0,0,0
225000158,0,0,0
225000171,0,0,0
225000180,13,0,13
225000181,0,0,0
225000182,42,4,38
225000185,0,0,0
225000187,0,0,0
225000191,36,0,36
225000194,0,0,0
225000208,0,0,0
225000209,70,22,48
225000210,0,0,0
225000217,0,0,0
225000218,18,0,18
225000223,0,0,0
225000224,8,1,7
225000225,0,0,0
225000226,297,4,293
225000227,0,0,0
225000228,0,7,-7
225000229,0,0,0
225000230,3,0,3
225000231,0,0,0
225000232,62,1,61
225000241,154,1,153
225000242,0,0,0
225000249,24,0,24
225000250,0,0,0
225000251,0,0,0
226000042,0,0,0
226000043,0,0,0
226000044,0,0,0
226000045,0,0,0
226000046,186,3,183
226000047,66,12,54
226000048,108,15,93
226000049,95,79,16
226000070,0,0,0
226000071,0,0,0
226000072,0,0,0
226000073,0,0,0
226000074,0,0,0
226000084,0,0,0
226000085,0,0,0
226000086,0,0,0
226000087,0,0,0
226000088,0,0,0
226000090,5,1,4
226000091,0,4,-4
226000092,3,4,-1
226000093,0,0,0
226000094,0,14,-14
226000095,2,54,-52
226000105,0,0,0
226000106,3,0,3
226000107,0,0,0
226000108,1,0,1
226000109,11,0,11
226000124,47,2,45
226000134,55,77,-22
226000135,122,30,92
226000136,11,12,-1
226000137,0,0,0
226000138,0,0,0
226000139,0,0,0
226000156,91,9,82
226000157,88,1,87
226000163,0,0,0
226000202,0,0,0
226000231,180,1,179
226000232,0,0,0
227000033,57,4,53
227000036,4,0,4
227000037,98,0,98
227000038,33,0,33
227000049,0,0,0
227000050,0,0,0
227000055,10,0,10
227000056,0,0,0
227000084,0,0,0
227000085,0,0,0
227000088,3,0,3
227000089,1,0,1
227000090,1,0,1
227000091,14,0,14
227000093,2,0,2
227000094,0,0,0
227000130,0,0,0
227000131,0,0,0
227000132,0,0,0
227000133,0,0,0
227000134,0,0,0
227000152,0,0,0
227000153,0,0,0
227000155,0,0,0
227000156,0,0,0
227000165,0,0,0
227000196,18,17,1
227000199,130,5,125
227000230,0,0,0
227000232,58,7,51
227000241,161,0,161
227000242,0,0,0
227000243,137,0,137
227000245,0,0,0
227000246,0,0,0
227000247,131,6,125
227000248,26,2,24
227000249,0,0,0
227000250,17,25,-8
227000251,0,0,0
227000252,0,0,0
227000253,102,2,100
227000262,220,7,213
227000266,110,1,109
227000267,0,0,0
227000282,0,0,0
227000284,36,1,35
227000286,0,0,0
227000287,0,0,0
227000291,0,0,0
227000484,28,0,28
227000485,0,0,0
227000655,75,0,75
227000656,9,1,8
227000657,16,0,16
227000661,107,3,104
227000680,0,0,0
229000265,1,0,1
229000296,0,0,0
229000297,0,0,0
229000298,0,0,0
229000320,0,0,0
229000321,0,0,0
229000412,0,0,0
229000414,0,0,0
229000415,0,0,0
229000416,0,0,0
229000417,0,0,0
229000419,0,1,-1
229000440,100,0,100
229000442,0,0,0
229000443,0,0,0
229000444,0,0,0
229000445,2,0,2
229000446,24,0,24
229000847,0,0,0
229000848,0,0,0
229000849,0,0,0
229000851,0,0,0
229000854,0,0,0
229000856,0,0,0
229000857,0,0,0
229000858,0,0,0
229000919,0,0,0
229000930,0,0,0
229000937,90,1,89
229000966,16,1,15
229000981,0,0,0
229000985,0,0,0
229000986,0,0,0
229000987,0,0,0
229000988,0,0,0
229000989,0,0,0
229000990,0,0,0
229000991,0,0,0
229000992,2,0,2
229000993,9,0,9
229000998,0,0,0
229000999,12,0,12
229001034,0,0,0
229001035,0,0,0
229001037,6,0,6
229001042,0,0,0
229001047,0,0,0
229001050,20,0,20
229001200,0,0,0
229001338,0,0,0
229001394,210,1,209
229001422,95,4,91
229001423,0,0,0
229001431,72,4,68
229001432,0,0,0
229001444,59,0,59
229001445,2,2,0
229001503,59,5,54
229001504,0,0,0
229001505,123,5,118
229001506,0,0,0
229001509,0,0,0
229001545,27,0,27
229001546,0,0,0
229001553,10,0,10
229001554,0,0,0
229001559,0,0,0
229001560,0,0,0
229001630,3,0,3
229001631,0,0,0
229001635,0,0,0
229001636,0,0,0
229001658,0,0,0
229001659,28,0,28
229001660,0,0,0
229001661,0,5,-5
229001662,1,0,1
229001663,0,0,0
229002584,54,2,52
229002831,0,1,-1
229002841,0,1,-1
229002842,0,3,-3
229002843,1,4,-3
229002844,0,0,0
229002845,0,2,-2
229002846,1,0,1
229002847,0,0,0
229002848,0,0,0
229002849,0,4,-4
229002850,18,0,18
229002851,0,13,-13
229002852,5,0,5
229002853,4,1,3
229002854,0,0,0
229002855,0,0,0
229002856,1,1,0
229002857,0,0,0
229002858,1,0,1
229002859,0,0,0
229002860,8,0,8
229002861,1,9,-8
229002862,0,0,0
229002863,0,0,0
229002864,7,1,6
229002865,0,0,0
229002866,0,8,-8
229002867,0,0,0
229002868,3,0,3
229002869,0,3,-3
229002870,0,0,0
235000066,199,0,199
235000067,66,2,64
235000072,0,0,0
235000073,0,0,0
235000074,0,0,0
235000080,0,0,0
235000081,0,0,0
235000082,119,3,116
235000083,81,5,76
235000084,7,1,6
235000085,201,3,198
235000089,15,1,14
235000092,0,0,0
235000093,0,0,0
235000097,1,1,0
235000098,73,2,71
235000099,11,3,8
235000116,21,0,21
235000117,79,0,79
235000133,0,0,0
235000134,0,0,0
235000206,0,5,-5
235000207,1,0,1
235000208,0,0,0
235000209,0,0,0
235000210,1,0,1
235000212,0,0,0
235000213,0,0,0
235000220,0,0,0
235000238,11,172,-161
235000239,0,3,-3
235000242,25,294,-269
235000245,0,0,0
235000246,0,0,0
235000284,0,0,0
235000295,9,1,8
235000305,47,17,30
235000306,98,1,97
235000307,39,0,39
235000308,0,0,0
235000309,0,0,0
235000310,0,0,0
235000311,3,0,3
235000322,0,0,0
235000323,0,0,0
235000324,0,0,0
235000325,0,0,0
235000326,0,0,0
235000351,0,0,0
235000352,0,0,0
235000353,0,0,0
235000354,0,0,0
235000355,0,0,0
235000356,20,0,20
235000357,6,0,6
235000358,2,0,2
235000359,0,5,-5
235000360,2,1,1
235000361,33,0,33
235000381,0,0,0
235000382,86,2,84
235000390,1,1,0
235000391,100,1,99
235000392,128,16,112
235000393,84,32,52
235000395,66,9,57
235000396,277,9,268
235000400,6,4,2
235000401,0,0,0
235000405,0,0,0
235000406,0,0,0
235000407,0,0,0
235000409,0,0,0
235000410,0,0,0
235000411,0,0,0
235000485,0,0,0
235000486,1,0,1
235000549,24,31,-7
235000550,0,0,0
235000599,0,0,0
235000600,0,0,0
235000601,2,0,2
235000602,28,1,27
235000614,0,0,0
235000648,0,0,0
235000649,65,0,65
235000685,0,0,0
235000815,0,0,0
235000834,0,0,0
235000855,77,8,69
235000862,0,0,0
235000891,0,0,0
235000892,11,0,11
235000901,0,0,0
235000907,0,0,0
235001010,38,2,36
235001029,0,0,0
235001030,258,11,247
235001078,66,27,39
235001079,0,0,0
235001147,3,7,-4
235001166,4,5,-1
235001167,0,0,0
235001169,0,0,0
235001188,0,0,0
235001189,6,2,4
235001197,0,0,0
235001200,0,0,0
235001207,194,25,169
235001210,0,0,0
235001215,0,0,0
235001239,0,0,0
235001244,0,0,0
235016267,0,0,0
277102712,12,1,11
277103813,0,0,0
277103814,0,0,0
277104249,0,0,0
277104250,0,0,0
277104251,0,0,0
277104252,0,0,0
990011530,0,0,0
990014944,0,0,0
990015176,6,0,6
990016032,0,0,0
990032570,0,0,0
990070001,25,0,25
990070103,0,0,0
990070601,0,0,0
990070751,0,0,0
990070766,0,0,0
990071180,333,2,331
990071343,6,0,6
990071387,0,0,0
990071823,9,0,9
990072600,0,0,0
990072964,0,0,0
990073285,0,0,0
990074393,0,0,0
990074870,409,1,408
990075106,128,1,127
990075746,158,0,158
990076437,1144,20,1124
990076458,0,0,0
997000007,170,3,167
997000041,0,0,0
997000058,39,1,38
997000062,16,1,15
997000069,0,0,0
997000070,0,0,0
997000100,0,0,0
997000141,0,0,0
997000198,0,0,0
998000475,0,0,0
998000736,0,0,0
998000965,0,0,0
998001031,0,0,0
998001700,0,0,0
998001899,0,0,0
998001900,61,156,-95
998003073,322,34,288
998101900,0,42,-42
998102850,0,0,0
998501927,163,1,162
998501929,519,23,496
998501930,66,0,66
998501931,157,2,155
998501932,2,2,0
998501933,410,4,406
998501937,13,0,13
998501944,0,0,0
998501950,0,0,0
998501970,70,2,68
998501971,0,104,-104
998501973,0,0,0
998501974,0,0,0
998501975,101,0,101
998501976,22,0,22
998501977,0,3,-3
998501978,3,0,3
998501979,0,0,0
998501980,32,0,32
998501981,116,4,112
998501982,0,0,0
998501983,0,0,0
998502006,0,0,0
998502024,0,0,0
998502032,0,4,-4
998502062,3,0,3
998502063,0,0,0
998502173,3,0,3
998502269,0,0,0
998502546,0,0,0
998502578,0,0,0
998502599,0,0,0
998502621,0,0,0
998601159,0,0,0
998601292,0,0,0
999033574,0,0,0
999800001,28,0,28
999800002,0,0,0
999800003,3,0,3
999800004,0,0,0
999800005,0,0,0
