ID,insum,outsum,diff
100000001,575,819,-244
100000002,6314,987,5327
100000003,6842,3366,3476
100000004,1662,1282,380
100000005,2419,4504,-2085
100000006,1026,187,839
100000007,3631,792,2839
100000008,380,529,-149
100000009,819,276,543
100000010,129,84,45
100000011,1552,131,1421
100000012,192,870,-678
100000013,79,239,-160
100000014,505,354,151
100000015,2467,3192,-725
100000016,1285,1736,-451
100000017,1163,1050,113
100000018,2585,747,1838
100000019,6135,2584,3551
100000020,2363,9619,-7256
100000021,6181,2894,3287
100000022,2985,2012,973
100000023,6889,1626,5263
100000025,2941,920,2021
100000028,2748,1025,1723
100000029,319,274,45
100000030,517,81,436
100000031,5272,9047,-3775
100000032,3388,5735,-2347
100000033,1561,3465,-1904
100000034,707,514,193
100000035,2523,1348,1175
100000036,3302,1764,1538
100000037,644,603,41
100000038,2440,1312,1128
100000039,1275,334,941
100000040,310,205,105
100000041,1531,496,1035
100000042,2042,595,1447
100000043,1764,487,1277
100000044,547,855,-308
100000045,837,1352,-515
100000046,913,1293,-380
100000047,616,802,-186
100000048,1268,786,482
100000049,2159,2807,-648
100000051,796,1246,-450
100000053,189,19,170
100000054,731,51,680
100000055,2100,317,1783
100000056,786,644,142
100000057,2201,820,1381
100000058,1192,1334,-142
100000059,17,115,-98
100000060,429,527,-98
100000061,2761,682,2079
100000062,2632,766,1866
100000063,851,335,516
100000064,1945,596,1349
100000065,634,1139,-505
100000066,381,913,-532
100000067,655,851,-196
100000068,696,1774,-1078
100000069,560,1937,-1377
100000072,489,1391,-902
100000073,1513,1376,137
100000075,1039,406,633
100000076,5868,3489,2379
100000077,504,219,285
100000078,114,41,73
100000079,40,65,-25
100000080,32,24,8
100000081,112,81,31
100000102,4584,1670,2914
100000103,5270,804,4466
100000104,6150,2333,3817
100000105,4055,1440,2615
100000106,3240,2335,905
100000107,935,997,-62
100000108,1048,894,154
100000109,4733,1196,3537
100000116,1636,798,838
100000117,101,69,32
100000118,2364,920,1444
100000119,897,698,199
100000121,313,627,-314
100000122,1507,1018,489
100000123,4162,5758,-1596
100000124,6211,8707,-2496
100000125,3378,1172,2206
100000126,1161,413,748
100000127,3074,461,2613
100000128,1850,1479,371
100000129,723,600,123
100000130,335,582,-247
100000131,3052,3704,-652
100000132,1476,2738,-1262
100000133,6449,3225,3224
100000135,624,1085,-461
100000139,501,231,270
100000140,467,225,242
100000142,430,673,-243
100000143,2061,750,1311
100000144,4916,1079,3837
100000147,1057,3073,-2016
100000150,47,455,-408
100000151,951,996,-45
100000153,492,422,70
100000154,315,125,190
100000155,43,42,1
100000156,306,139,167
100000157,70,68,2
100000158,249,74,175
100000159,895,638,257
100000165,2003,807,1196
100000169,741,564,177
100000174,1674,605,1069
100000179,169,637,-468
100000180,5897,1565,4332
100000181,675,278,397
100000188,100,307,-207
100000189,2033,445,1588
100000190,1055,600,455
100000191,751,452,299
100000192,78,107,-29
100000193,139,172,-33
100000330,1924,1008,916
100000355,434,646,-212
100000362,4664,3102,1562
100000363,3921,5792,-1871
100000364,389,199,190
100000365,4909,5259,-350
100000366,7074,2721,4353
100000367,5352,4821,531
100000368,3683,1961,1722
100000369,1621,2203,-582
100000370,299,724,-425
100000376,210,129,81
100000379,5914,1712,4202
100000380,9399,2917,6482
100000384,7195,4740,2455
100000385,6888,4729,2159
100000386,9287,5577,3710
100000387,8418,4978,3440
100000388,9282,6635,2647
100000389,9301,6289,3012
100000390,9442,5459,3983
100000391,6791,7234,-443
100000392,5943,2845,3098
100000393,3058,3618,-560
100000394,11132,5870,5262
100000395,5515,2776,2739
100000396,10052,2916,7136
100000397,6727,3508,3219
100000398,13185,8051,5134
100000413,54,25,29
100000414,2052,948,1104
100900002,7,56,-49
100900003,420,185,235
100900004,27,646,-619
100900005,170,32,138
100900006,29,160,-131
100900007,608,9,599
100900008,2,406,-404
100900009,51,77,-26
100900010,115,115,0
100900011,149,279,-130
100900012,0,269,-269
100900013,1305,9,1296
100900014,1,13,-12
100900015,137,128,9
100900016,10,50,-40
100900017,844,69,775
100900018,0,32,-32
100900019,20,163,-143
100900020,668,4,664
100900021,490,1,489
100900022,12,36,-24
100900023,1,83,-82
100900024,1267,11,1256
100900025,11,6,5
100900026,118,111,7
100900027,530,3138,-2608
100900028,137,171,-34
100900029,121,16,105
100900030,5,28,-23
100900031,703,41,662
100900032,300,0,300
100900033,220,213,7
100900034,558,6,552
100900035,1169,5,1164
100900036,20,1,19
100900037,115,270,-155
100900038,308,25,283
100900039,341,778,-437
100900040,292,721,-429
100900041,610,734,-124
100900042,1457,313,1144
100900043,0,15,-15
100900044,2943,670,2273
100900045,107,1,106
100900046,1420,13,1407
100900047,884,190,694
100900048,190,40,150
100900049,85,200,-115
100900050,0,27,-27
100900051,47,42,5
100900052,360,27,333
100900053,261,30,231
100900054,40,76,-36
100900055,273,676,-403
100900056,234,386,-152
100900057,481,1633,-1152
100900058,407,31,376
100900059,153,7,146
100900060,156,9,147
100900061,386,296,90
100900062,2,68,-66
100900063,194,638,-444
100900064,849,15,834
100900065,155,116,39
100900066,81,242,-161
100900067,8,15,-7
100900068,143,81,62
100900069,1435,7,1428
100900070,297,8,289
100900071,774,321,453
100900072,5,73,-68
100900073,153,491,-338
100900074,8,25,-17
100900075,1762,402,1360
100900076,36,35,1
100900077,18,100,-82
100900078,175,577,-402
100900079,8,17,-9
100900080,32,188,-156
100900081,156,226,-70
100900082,114,716,-602
100900083,7,45,-38
100900085,17,91,-74
100900086,267,1484,-1217
100900088,119,696,-577
100900089,1,40,-39
100900090,186,558,-372
100900091,6,29,-23
100900092,432,330,102
100900093,198,547,-349
100900094,127,605,-478
100900095,3,69,-66
100900096,27,94,-67
100900097,3,9,-6
100900098,45,21,24
100900099,39,539,-500
100900100,14,377,-363
100900101,352,34,318
100900102,82,95,-13
100900103,13,33,-20
100900104,25,156,-131
100900105,13,356,-343
100900106,66,0,66
100900107,1968,748,1220
100900108,14,21,-7
100900109,22,49,-27
100900110,0,15,-15
100900111,47,186,-139
100900112,2,15,-13
100900113,15,17,-2
100900114,15,27,-12
100900115,0,47,-47
100900116,754,1297,-543
100900117,292,753,-461
100900118,76,60,16
100900119,29,25,4
100900120,8,15,-7
100900121,253,890,-637
100900122,171,241,-70
100900123,85,252,-167
100900124,4,30,-26
100900125,11,87,-76
100900126,122,343,-221
100900127,10,17,-7
100900128,102,203,-101
100900129,0,127,-127
100900131,65,276,-211
100900133,69,49,20
100900134,3,13,-10
100900135,0,175,-175
100900137,301,167,134
100900138,690,442,248
100900139,31,10,21
100900140,6,693,-687
100900141,3,452,-449
100900142,3,18,-15
100900143,1145,505,640
100900144,14,2,12
100900145,199,194,5
100900146,15,34,-19
100900147,25,230,-205
100900148,47,957,-910
100900149,37,142,-105
100900150,2,51,-49
100900151,135,463,-328
100900152,115,25,90
100900153,8,184,-176
100900154,22,33,-11
100900155,25,24,1
100900156,9,0,9
100900157,10,181,-171
100900159,5,22,-17
100900160,29,22,7
100900161,78,12,66
100900162,18,302,-284
100900163,231,258,-27
100900164,35,57,-22
100900165,11,135,-124
100900166,17,11,6
100900167,16,81,-65
100900168,41,147,-106
100900169,155,966,-811
100900170,42,12,30
100900171,32,729,-697
100900172,0,3,-3
100900173,10,631,-621
100900174,873,80,793
100900176,1477,206,1271
100900177,793,392,401
100900178,769,163,606
100900179,169,135,34
100900180,8,6,2
100900181,94,81,13
100900182,32,17,15
100900184,15,187,-172
100900186,849,675,174
100900187,16,122,-106
100900188,25,30,-5
100900189,986,248,738
100900191,1540,1301,239
100900192,394,288,106
100900195,232,175,57
100900197,18,47,-29
100900198,16,266,-250
100900199,7,2,5
100900200,740,447,293
100900201,48,711,-663
100900202,83,0,83
100900203,0,87,-87
100900204,1149,538,611
100900205,181,513,-332
100900206,124,106,18
100900207,237,127,110
100900210,85,661,-576
100900211,491,191,300
100900213,72,39,33
100900214,786,177,609
100900215,10,58,-48
100900217,171,88,83
101000001,5198,3021,2177
101000002,4827,5180,-353
101000003,916,2577,-1661
101000004,1655,4592,-2937
101000005,3269,5379,-2110
101000006,2606,8221,-5615
101000007,1495,1947,-452
101000008,12406,6172,6234
101000009,2787,1977,810
101000010,1246,1508,-262
101000011,2147,622,1525
101000012,2564,961,1603
101000013,628,1185,-557
101000014,703,768,-65
101000015,1187,868,319
101000016,739,463,276
101000017,1039,598,441
101000018,7863,3251,4612
101000020,6803,1833,4970
101000021,2187,460,1727
101000022,295,41,254
101000023,2882,889,1993
101000025,72,175,-103
101000026,731,32,699
101000027,2521,1640,881
101000028,1637,331,1306
101000029,242,1110,-868
101000030,1989,106,1883
101000031,807,242,565
101000032,12401,3315,9086
101000033,3606,3238,368
101000034,4503,1765,2738
101000035,1795,588,1207
101000036,2533,1122,1411
101000037,5690,1809,3881
101000039,4840,2347,2493
101000040,5175,4129,1046
101000041,13935,6891,7044
101000042,945,1077,-132
101000043,7933,4726,3207
101000045,2087,759,1328
101000046,4731,743,3988
101000047,2490,1595,895
101000048,1045,925,120
101000049,1196,1497,-301
101000050,1733,1362,371
101000051,2300,1999,301
101000052,2117,747,1370
101000053,1006,2222,-1216
101000054,1411,1254,157
101000055,1619,1498,121
101000056,58,85,-27
101000057,2980,1229,1751
101000058,1931,1155,776
101000059,4727,2032,2695
101000060,1905,674,1231
101000061,1110,1695,-585
101000062,1144,812,332
101000063,989,956,33
101000064,1753,858,895
101000065,472,425,47
101000066,798,564,234
101000067,1390,621,769
101000068,711,389,322
101000069,619,66,553
101000070,1534,831,703
101000071,2201,901,1300
101000072,1015,3966,-2951
101000073,892,563,329
101000074,7033,3092,3941
101000075,7191,3514,3677
101000077,1272,1217,55
101000078,859,1548,-689
101000079,712,486,226
101000080,834,356,478
101000081,1403,1579,-176
101000082,3730,3438,292
101000083,2312,2498,-186
101000084,1525,1278,247
101000085,1823,1328,495
101000086,981,1297,-316
101000087,896,1414,-518
101000088,1063,1203,-140
101000089,970,1769,-799
101000090,2460,1615,845
101000091,343,1322,-979
101000092,808,1373,-565
101000093,1489,884,605
101000094,795,1429,-634
101000095,303,834,-531
101000096,426,636,-210
101000097,1623,387,1236
101000098,825,615,210
101000099,1317,1672,-355
101000100,1143,852,291
101000101,506,431,75
101000102,1864,454,1410
101000103,1150,465,685
101000104,443,577,-134
101000105,1426,348,1078
101000106,1077,599,478
101000107,153,423,-270
101000108,1286,401,885
101000109,304,86,218
101000110,53,779,-726
101000111,186,247,-61
101000113,491,1307,-816
101000114,11556,4333,7223
101000115,121,261,-140
101000116,251,244,7
101000117,671,322,349
101000119,182,59,123
101000120,267,24,243
101000121,99,46,53
101000122,167,85,82
101000123,88,80,8
101000124,491,161,330
101000125,327,618,-291
101000128,1224,340,884
101000130,569,745,-176
101000131,794,584,210
101000132,599,1851,-1252
101000135,75,25,50
101000136,662,103,559
101000137,33,286,-253
101000141,2265,3233,-968
101000147,1305,656,649
101000148,2814,29,2785
101000149,264,142,122
101000150,64,1089,-1025
101000151,163,51,112
101000152,439,477,-38
101000153,727,479,248
101000154,299,1598,-1299
101000155,286,162,124
101000156,28,339,-311
101000157,48,34,14
101000160,167,64,103
101000163,317,170,147
101000164,633,521,112
101000165,260,384,-124
101000166,235,445,-210
101000168,990,406,584
101000252,1785,1085,700
101000254,480,35,445
101000258,38,12,26
101000261,290,26,264
101000262,1337,1860,-523
101000263,283,793,-510
101000265,79,869,-790
101000266,904,276,628
101000269,161,16,145
101000290,2346,4833,-2487
101000293,21,94,-73
101000294,489,460,29
101000295,165,583,-418
101000301,1024,484,540
101000304,2633,3130,-497
101000305,3997,2103,1894
101000328,190,473,-283
101900001,20,58,-38
101900002,0,14,-14
101900003,123,93,30
101900004,10,68,-58
101900005,5460,1728,3732
101900006,1175,439,736
101900007,836,98,738
101900008,200,476,-276
101900009,97,811,-714
101900010,1135,716,419
101900011,234,2161,-1927
101900012,155,690,-535
101900013,1562,167,1395
101900017,20,163,-143
101900018,1456,251,1205
101900019,482,163,319
101900020,163,83,80
101900021,1,53,-52
101900022,155,1365,-1210
101900023,120,272,-152
101900026,154,35,119
101900027,22,167,-145
102000001,3408,2891,517
102000002,1231,500,731
102000003,4674,7165,-2491
102000004,6389,2670,3719
102000005,1907,3022,-1115
102000006,5033,2927,2106
102000007,1860,5360,-3500
102000008,4195,2240,1955
102000009,5737,8142,-2405
102000010,5851,3566,2285
102000011,4979,4750,229
102000012,10648,7400,3248
102000018,2898,3043,-145
102000019,3053,2075,978
102000026,290,1248,-958
102000029,355,249,106
102000030,163,369,-206
102000031,96,190,-94
102000032,428,501,-73
102000033,253,501,-248
102000034,522,560,-38
102000035,903,771,132
102000036,28,439,-411
102000038,48,49,-1
102000039,262,115,147
102000040,422,182,240
102000041,262,361,-99
102000042,352,281,71
102000043,490,251,239
102000044,1397,552,845
102000045,916,1242,-326
102000046,1149,973,176
102000047,790,1482,-692
102000048,255,696,-441
102000049,1008,925,83
102000050,1250,1443,-193
102000051,416,798,-382
102000052,1348,1033,315
102000053,1111,842,269
102000054,601,983,-382
102000055,963,983,-20
102000056,709,2043,-1334
102000057,1493,721,772
102000058,1132,2047,-915
102000059,1527,1431,96
102000060,1588,1242,346
102000061,1909,2305,-396
102000062,1673,1179,494
102000063,1294,1992,-698
102000064,814,1054,-240
102000065,61,170,-109
102000066,1195,1528,-333
102000067,2923,3343,-420
102000068,13135,4095,9040
102000069,100,2207,-2107
102000070,2370,76,2294
102000071,10810,11845,-1035
102000072,3985,5933,-1948
102000073,1700,1185,515
102000074,1021,918,103
102000075,189,410,-221
102000076,436,820,-384
102000077,457,1317,-860
102000078,849,1129,-280
102000079,144,267,-123
102000080,82,86,-4
102000081,633,887,-254
102000082,1291,1125,166
102000083,653,429,224
102000084,183,407,-224
102000085,1654,1356,298
102000086,1063,1588,-525
102000087,919,1868,-949
102000088,389,371,18
102000089,1182,391,791
102000090,511,1292,-781
102000091,2027,556,1471
102000092,443,1147,-704
102000093,891,840,51
102000094,1012,635,377
102000095,891,945,-54
102000096,753,924,-171
102000097,931,880,51
102000098,628,859,-231
102000099,1038,738,300
102000100,995,1382,-387
102000101,1517,707,810
102000102,361,3376,-3015
102000103,1569,483,1086
102000104,1157,375,782
102000105,286,836,-550
102000106,734,927,-193
102000107,767,559,208
102000108,767,267,500
102000109,1133,759,374
102000110,661,808,-147
102000111,603,1395,-792
102000112,243,131,112
102000113,8,53,-45
102000114,1028,721,307
102000115,251,342,-91
102000116,1417,378,1039
102000117,524,577,-53
102000118,2231,1341,890
102000119,2799,855,1944
102000120,428,483,-55
102000121,1123,917,206
102000122,563,869,-306
102000123,1577,1099,478
102000124,1128,1192,-64
102000125,930,1457,-527
102000126,747,776,-29
102000127,1064,1061,3
102000128,796,986,-190
102000129,1573,994,579
102000130,807,743,64
102000131,1825,690,1135
102000132,924,861,63
102000133,1639,2323,-684
102000134,633,848,-215
102000135,927,1400,-473
102000136,1199,715,484
102000137,1006,775,231
102000138,313,399,-86
102000139,257,377,-120
102000140,884,325,559
102000141,314,529,-215
102000142,534,403,131
102000143,133,582,-449
102000144,257,564,-307
102000145,384,581,-197
102000146,359,338,21
102000147,420,527,-107
102000148,235,713,-478
102000149,188,759,-571
102000150,298,193,105
102000151,127,330,-203
102000152,138,170,-32
102000153,1158,604,554
102000154,476,831,-355
102000155,151,346,-195
102000156,625,106,519
102000157,151,250,-99
102000158,666,574,92
102000159,1366,537,829
102000161,4129,2275,1854
102000162,400,268,132
102000163,139,668,-529
102000164,1105,1189,-84
102000165,399,113,286
102000166,136,235,-99
102000167,324,217,107
102000168,288,170,118
102000169,140,915,-775
102000170,599,222,377
102000171,418,94,324
102000172,446,451,-5
102000173,598,305,293
102000174,51,88,-37
102000175,139,151,-12
102000176,73,35,38
102000178,451,567,-116
102000179,716,263,453
102000180,808,594,214
102000181,581,778,-197
102000182,645,757,-112
102000183,1821,2230,-409
102000184,804,344,460
102000185,2522,1674,848
102000186,1539,1574,-35
102000187,1340,1918,-578
102000188,1499,1795,-296
102000189,3283,1994,1289
102000190,592,2976,-2384
102000191,1345,688,657
102000192,1367,1459,-92
102000193,74,185,-111
102000194,98,197,-99
102000195,530,589,-59
102000196,220,530,-310
102000197,725,493,232
102000198,258,959,-701
102000199,861,399,462
102000200,325,1195,-870
102000201,877,547,330
102000202,2,142,-140
102000203,524,363,161
102000204,477,1140,-663
102000205,1107,671,436
102000206,1083,809,274
102000207,1952,484,1468
102000208,713,605,108
102000209,72,52,20
102000210,638,635,3
102000211,474,347,127
102000212,392,26,366
102000213,5,393,-388
102000214,348,20,328
102000215,9,459,-450
102000216,63,42,21
102000217,18,193,-175
102000218,196,157,39
102000219,467,314,153
102000225,766,808,-42
102000226,3400,863,2537
102000227,173,2,171
102000228,0,108,-108
102000229,33,35,-2
102000230,275,593,-318
102000231,778,707,71
102000232,29,309,-280
102000233,981,1361,-380
102000234,127,1343,-1216
102000236,477,188,289
102000237,1001,212,789
102000238,349,527,-178
102000240,835,758,77
102000241,259,106,153
102000243,47,107,-60
102000245,41,149,-108
102000246,21,26,-5
102000247,2042,1204,838
102000248,1724,1425,299
102000249,563,570,-7
102000250,55,472,-417
102000254,66,370,-304
102000266,36,200,-164
102000271,39,5,34
102000286,576,509,67
102000297,2279,1609,670
102000303,0,0,0
102000305,0,0,0
102000307,0,7,-7
102900001,1247,1012,235
102900002,353,38,315
102900003,67,289,-222
102900005,270,457,-187
102900006,471,223,248
102900007,481,40,441
102900008,234,87,147
102900009,592,235,357
102900010,805,531,274
102900011,2046,414,1632
102900012,423,84,339
102900013,24,86,-62
102900015,777,500,277
102900016,57,143,-86
102900017,109,674,-565
102900018,32,180,-148
102900019,519,560,-41
102900020,119,25,94
102900021,14,160,-146
102900022,831,113,718
102900023,24,68,-44
102900024,46,48,-2
102900025,328,135,193
102900026,690,1750,-1060
102900027,49,60,-11
102900028,177,849,-672
102900029,162,228,-66
102900030,656,393,263
102900031,205,157,48
102900032,78,102,-24
102900033,121,251,-130
102900034,428,139,289
102900035,154,399,-245
102900036,337,651,-314
102900037,442,725,-283
102900038,601,788,-187
102900039,22,459,-437
102900040,140,228,-88
102900041,107,195,-88
102900042,162,379,-217
102900043,165,289,-124
102900044,589,2077,-1488
102900045,130,597,-467
102900046,133,288,-155
102900047,101,601,-500
102900048,577,778,-201
102900049,132,369,-237
102900050,262,409,-147
102900051,259,208,51
102900053,417,866,-449
102900054,827,1037,-210
102900055,88,177,-89
102900056,163,525,-362
102900057,12,49,-37
102900058,307,87,220
102900059,22,65,-43
102900060,146,488,-342
102900061,149,508,-359
102900062,157,1169,-1012
102900063,1225,509,716
102900064,107,578,-471
102900065,1897,390,1507
102900066,349,39,310
102900068,115,84,31
102900070,191,559,-368
102900072,26,69,-43
102900073,193,14,179
102900075,100,62,38
102900076,291,99,192
102900077,29,55,-26
102900078,46,191,-145
102900079,196,20,176
102900080,395,49,346
102900081,89,265,-176
102900082,7,241,-234
102900083,422,13,409
102900084,5,27,-22
102900085,326,120,206
102900086,22,48,-26
102900087,102,114,-12
102900088,67,22,45
102900089,345,174,171
102900090,4,481,-477
102900091,213,3,210
102900092,244,1159,-915
102900094,0,79,-79
102900095,132,1,131
102900096,85,35,50
102900097,0,122,-122
103000001,2786,3213,-427
103000002,3099,3037,62
103000003,5060,3355,1705
103000004,973,817,156
103000005,2120,4280,-2160
103000006,666,1704,-1038
103000007,385,953,-568
103000008,1029,607,422
103000009,1328,1134,194
103000010,322,243,79
103000011,1686,1291,395
103000012,1277,1717,-440
103000013,5973,2644,3329
103000014,1372,3187,-1815
103000015,2264,910,1354
103000016,502,1733,-1231
103000017,192,436,-244
103000018,984,552,432
103000019,260,327,-67
103000020,3348,1518,1830
103000021,2077,1580,497
103000022,1148,1183,-35
103000023,660,2145,-1485
103000024,100,253,-153
103000025,88,617,-529
103000026,1588,167,1421
103000027,335,547,-212
103000028,558,387,171
103000029,285,334,-49
103000030,2124,928,1196
103000031,1712,2573,-861
103000032,2040,2245,-205
103000033,3174,3205,-31
103000034,2110,1247,863
103000035,476,1778,-1302
103000036,440,580,-140
103000037,654,506,148
103000038,491,1134,-643
103000039,407,540,-133
103000040,480,1338,-858
103000041,1804,2983,-1179
103000042,1175,721,454
103000043,535,1386,-851
103000044,232,226,6
103000046,208,613,-405
103000047,764,785,-21
103000048,160,259,-99
103000049,121,231,-110
103000050,784,791,-7
103000051,563,640,-77
103000052,947,455,492
103000053,246,613,-367
103000054,2604,1446,1158
103000055,2051,2462,-411
103000056,631,2249,-1618
103000057,466,388,78
103000058,616,919,-303
103000059,495,1081,-586
103000060,1236,943,293
103000061,437,1091,-654
103000062,1185,794,391
103000063,750,937,-187
103000064,192,324,-132
103000065,6,500,-494
103000066,280,18,262
103000069,394,494,-100
103000070,1205,1142,63
103000071,1156,500,656
103000072,121,882,-761
103000073,632,124,508
103000074,622,111,511
103000075,123,834,-711
103000076,365,372,-7
103000077,86,379,-293
103000078,1882,674,1208
103000079,1323,722,601
103000080,1295,413,882
103000081,548,1059,-511
103000082,519,208,311
103000083,117,383,-266
103000084,149,14,135
103000085,3,155,-152
103000086,1084,404,680
103000087,187,698,-511
103000088,587,425,162
103000089,243,739,-496
103000090,2060,751,1309
103000091,549,587,-38
103000092,353,330,23
103000093,298,498,-200
103000094,196,89,107
103000095,71,429,-358
103000096,611,83,528
103000097,105,821,-716
103000098,1210,187,1023
103000099,489,653,-164
103000100,116,942,-826
103000101,860,115,745
103000102,91,797,-706
103000103,706,250,456
103000104,96,132,-36
103000105,127,130,-3
103000106,18,123,-105
103000107,244,74,170
103000108,1263,696,567
103000109,452,417,35
103000110,458,465,-7
103000111,578,441,137
103000112,431,221,210
103000113,1090,789,301
103000114,2948,354,2594
103000115,356,712,-356
103000116,468,651,-183
103000117,312,461,-149
103000118,1371,1022,349
103000119,1948,671,1277
103000120,183,131,52
103000121,817,798,19
103000122,895,533,362
103000125,9,387,-378
103000126,606,12,594
103000127,1,218,-217
103000128,175,5,170
103000129,1,154,-153
103000130,48,40,8
103000131,232,81,151
103000132,112,167,-55
103000133,17,153,-136
103000134,871,917,-46
103000135,831,329,502
103000136,726,540,186
103000137,733,637,96
103000138,871,745,126
103000139,3,60,-57
103000140,165,28,137
103000141,51,124,-73
103000142,174,87,87
103000143,104,205,-101
103000144,218,79,139
103000145,43,150,-107
103000150,139,45,94
103000152,409,268,141
103000153,421,212,209
103000156,7,546,-539
103000157,435,2,433
103000159,100,20,80
103000162,228,26,202
103000163,20,32,-12
103000164,81,19,62
103000165,169,416,-247
103000166,213,292,-79
103000167,194,112,82
103000168,105,221,-116
103000169,221,535,-314
103000170,803,553,250
103000171,78,81,-3
103000172,392,413,-21
103000173,440,730,-290
103000174,204,474,-270
103000175,197,495,-298
103000176,938,655,283
103000177,804,596,208
103000178,308,406,-98
103000179,134,37,97
103000183,127,20,107
103000185,86,49,37
103000186,149,260,-111
103000187,476,678,-202
103000188,11,56,-45
103000189,2185,1151,1034
103000191,409,436,-27
103000292,2360,2009,351
103000293,1349,2080,-731
103000295,140,127,13
103000296,778,4,774
103000297,26,18,8
103000504,65,13,52
103000505,24,14,10
103000506,5,321,-316
103000507,209,8,201
103000508,73,35,38
103000509,825,967,-142
103900001,4,407,-403
103900002,1560,170,1390
103900003,1242,12,1230
103900004,123,0,123
103900005,0,304,-304
103900006,0,0,0
103900007,40,0,40
103900008,24,3,21
103900010,236,436,-200
103900012,7,36,-29
103900014,40,18,22
103900015,62,9,53
103900017,25,126,-101
103900018,810,228,582
103900019,49,367,-318
103900020,216,453,-237
103900021,886,78,808
103900022,1175,840,335
103900023,118,2,116
103900024,97,505,-408
103900025,17,47,-30
103900026,150,1,149
103900027,721,345,376
103900028,175,418,-243
103900029,1157,140,1017
103900030,769,56,713
103900031,47,14,33
103900032,80,99,-19
103900033,205,5,200
103900034,11,253,-242
103900035,56,68,-12
103900036,48,33,15
103900037,138,40,98
103900038,72,211,-139
103900039,91,457,-366
103900040,5,195,-190
103900041,48,36,12
103900042,40,395,-355
103900043,130,119,11
103900044,170,363,-193
103900045,320,232,88
103900047,67,29,38
103900048,108,22,86
103900049,276,1496,-1220
103900050,5,133,-128
103900051,1,35,-34
103900052,236,614,-378
103900053,198,928,-730
103900054,149,520,-371
103900055,457,277,180
103900056,72,64,8
103900057,29,280,-251
103900058,249,829,-580
103900059,0,7,-7
103900060,32,234,-202
103900061,131,42,89
103900062,352,105,247
103900063,16,0,16
103900064,78,5,73
103900065,844,309,535
103900066,163,20,143
103900067,150,11,139
103900068,10,1,9
103900069,130,20,110
103900070,154,312,-158
103900071,22,169,-147
103900072,11,295,-284
103900073,59,35,24
103900074,78,131,-53
103900075,242,110,132
103900076,379,829,-450
103900077,72,132,-60
103900078,212,186,26
103900079,87,255,-168
103900080,9,47,-38
103900081,217,43,174
103900082,15,134,-119
103900083,2028,1339,689
103900084,77,154,-77
103900085,83,144,-61
103900086,574,305,269
103900088,457,422,35
103900089,39,198,-159
103900090,2,237,-235
103900091,1094,276,818
103900092,1264,536,728
103900093,108,326,-218
103900094,4,151,-147
103900095,785,206,579
103900096,23,300,-277
103900097,13,492,-479
103900098,153,107,46
103900099,61,220,-159
103900100,202,502,-300
103900101,52,1187,-1135
103900102,2,17,-15
103900104,2,21,-19
103900105,108,229,-121
103900106,0,57,-57
103900107,116,262,-146
103900108,41,500,-459
103900109,71,114,-43
103900110,300,50,250
103900111,88,762,-674
103900112,16,49,-33
103900113,142,192,-50
103900114,536,370,166
103900115,247,283,-36
103900116,7103,2795,4308
103900117,198,99,99
103900119,39,65,-26
103900120,67,122,-55
103900122,121,297,-176
103900123,2029,707,1322
103900124,34,578,-544
103900125,113,99,14
103900126,559,616,-57
103900127,229,459,-230
103900128,268,393,-125
103900131,28,158,-130
103900133,1092,93,999
103900134,1,3,-2
103900135,6,16,-10
103900137,1,44,-43
103900138,69,452,-383
103900139,993,2057,-1064
103900140,10,85,-75
103900141,297,100,197
103900142,151,214,-63
103900143,32,1,31
103900144,1,45,-44
103900145,204,338,-134
103900146,408,325,83
103900147,537,132,405
103900148,485,548,-63
103900149,295,904,-609
103900150,8297,4434,3863
103900151,59,189,-130
103900152,471,577,-106
103900153,9,1,8
103900154,1193,1983,-790
103900155,37,300,-263
103900156,46,282,-236
103900157,33,328,-295
103900158,45,229,-184
103900159,169,102,67
103900160,96,26,70
103900161,130,207,-77
103900162,274,686,-412
103900163,8,534,-526
103900167,18,77,-59
103900168,106,98,8
103900169,82,51,31
103900170,2,165,-163
103900171,2,65,-63
103900172,3,31,-28
103900173,8,22,-14
103900174,134,72,62
103900175,97,66,31
103900176,2,37,-35
103900177,18,57,-39
103900178,50,89,-39
103900179,49,230,-181
103900180,6,106,-100
103900181,94,55,39
103900182,43,22,21
103900184,559,89,470
103900185,315,319,-4
103900187,88,63,25
103900188,41,16,25
103900189,118,10,108
103900190,101,71,30
103900191,28,49,-21
103900192,43,88,-45
103900193,210,119,91
103900194,78,327,-249
103900195,10,60,-50
103900196,37,31,6
103900197,16,35,-19
103900198,8,62,-54
103900199,199,64,135
103900200,115,178,-63
103900201,97,200,-103
103900202,6,40,-34
103900203,35,38,-3
103900204,0,142,-142
103900207,2,124,-122
103900208,57,1,56
103900209,15,97,-82
103900210,30,19,11
103900211,519,468,51
103900212,196,663,-467
103900213,163,347,-184
103900214,419,154,265
103900215,523,392,131
103900216,12,504,-492
103900217,424,16,408
103900218,53,664,-611
103900219,246,370,-124
103900233,30,1,29
103900235,35,3,32
103900236,26,2,24
103900242,19,32,-13
103900243,13,12,1
103900244,84,280,-196
103900245,88,221,-133
103900246,78,47,31
103900247,48,163,-115
103900248,40,48,-8
103900249,51,87,-36
103900250,54,47,7
103900251,3,61,-58
103900253,157,88,69
103900254,13,51,-38
103900255,62,24,38
103900256,28,68,-40
103900257,280,350,-70
103900258,67,5,62
103900259,174,3,171
103900261,15,4,11
103900262,57,7,50
103900263,59,107,-48
103900264,77,47,30
103900265,129,18,111
103900266,3,68,-65
103900267,11,97,-86
103900268,12,111,-99
103900269,193,44,149
103900270,48,206,-158
103900271,11,146,-135
103900272,63,118,-55
103900273,42,89,-47
103900274,84,6,78
103900275,33,5,28
103900276,9,175,-166
103900277,6,116,-110
103900278,7,69,-62
103900279,3,33,-30
103900280,3,183,-180
104000001,2345,2617,-272
104000002,1918,3707,-1789
104000003,2600,2983,-383
104000004,3436,3349,87
104000005,1669,2364,-695
104000006,3273,3991,-718
104000007,4876,4881,-5
104000008,346,451,-105
104000009,153,183,-30
104000010,133,228,-95
104000011,843,416,427
104000012,170,472,-302
104000013,193,193,0
104000014,319,766,-447
104000015,275,169,106
104000016,588,521,67
104000018,739,253,486
104000019,558,191,367
104000020,224,752,-528
104000021,364,661,-297
104000022,126,250,-124
104000023,803,511,292
104000024,262,408,-146
104000026,74,375,-301
104000027,439,460,-21
104000028,377,337,40
104000029,497,580,-83
104000030,270,295,-25
104000031,1075,390,685
104000032,224,375,-151
104000033,575,459,116
104000034,321,409,-88
104000035,772,430,342
104000036,742,625,117
104000037,262,299,-37
104000038,400,624,-224
104000039,171,323,-152
104000040,428,432,-4
104000041,1297,470,827
104000042,336,455,-119
104000043,493,491,2
104000044,384,847,-463
104000045,1231,1446,-215
104000046,1665,1856,-191
104000047,942,1271,-329
104000048,910,1843,-933
104000049,583,406,177
104000050,323,814,-491
104000051,173,763,-590
104000052,2279,2475,-196
104000053,1187,723,464
104000054,411,462,-51
104000055,4219,2741,1478
104000056,1730,378,1352
104000057,343,817,-474
104000058,1031,977,54
104000059,726,1595,-869
104000060,1437,1366,71
104000061,1652,1296,356
104000062,562,337,225
104000064,726,455,271
104000065,281,526,-245
104000069,1683,1176,507
104000070,84,594,-510
104000071,351,701,-350
104000072,788,512,276
104000075,62,392,-330
104000076,676,119,557
104000082,2347,3577,-1230
104000083,909,303,606
104000084,169,594,-425
104000085,273,312,-39
104000086,239,446,-207
104000087,484,1539,-1055
104000090,798,1568,-770
104000092,994,2846,-1852
104000094,898,1958,-1060
104000095,2194,1908,286
104000096,1487,465,1022
104000097,1816,1107,709
104000098,1814,1356,458
104000100,1666,739,927
104000101,1406,2721,-1315
104000106,255,876,-621
104000107,639,497,142
104000108,356,657,-301
104000109,376,88,288
104000110,1004,1148,-144
104000111,4610,2407,2203
104000112,2554,652,1902
104000116,6,1139,-1133
104000117,164,932,-768
104000118,583,279,304
104000119,546,341,205
104000120,207,1028,-821
104000121,203,772,-569
104000122,666,849,-183
104000123,1135,1318,-183
104000124,1009,2618,-1609
104000125,4653,3886,767
104000126,328,420,-92
104000127,1744,3565,-1821
104000128,858,520,338
104000129,390,35,355
104000130,16,247,-231
104000131,928,618,310
104000132,1498,757,741
104000133,1366,1079,287
104000134,971,2027,-1056
104000135,410,1641,-1231
104000136,682,3563,-2881
104000137,1511,383,1128
104000138,1374,624,750
104000139,7716,2867,4849
104000141,1166,1677,-511
104000142,691,877,-186
104000143,545,609,-64
104000144,74,245,-171
104000145,439,211,228
104000146,377,759,-382
104000147,120,330,-210
104000148,282,170,112
104000149,176,389,-213
104000150,1065,527,538
104000151,556,554,2
104000152,581,682,-101
104000153,480,554,-74
104000154,1235,802,433
104000155,371,577,-206
104000157,1116,1792,-676
104000158,570,443,127
104000159,770,458,312
104000160,1702,1943,-241
104000161,302,252,50
104000162,115,193,-78
104000165,1668,1164,504
104000167,534,1117,-583
104000168,545,9,536
104000169,78,70,8
104000170,490,499,-9
104000248,301,907,-606
104000251,67,294,-227
104000272,0,0,0
104000273,0,0,0
104000274,0,0,0
104000275,0,0,0
104000279,3822,2036,1786
104000290,185,380,-195
104000291,982,1605,-623
104000293,1076,842,234
104000294,18,0,18
104000295,755,1065,-310
104000296,474,1064,-590
104000297,1012,2027,-1015
104000298,2408,1180,1228
104000299,942,1954,-1012
104000302,148,217,-69
104000303,193,222,-29
104900001,170,392,-222
104900002,40,167,-127
104900003,37,340,-303
104900004,101,322,-221
104900005,328,181,147
104900006,273,110,163
104900007,250,275,-25
104900009,89,421,-332
104900010,45,58,-13
104900011,50,19,31
104900012,268,32,236
104900013,131,22,109
104900014,3065,281,2784
104900015,109,16,93
104900016,139,295,-156
104900017,202,202,0
104900018,9,198,-189
104900019,396,2537,-2141
104900020,77,334,-257
104900021,2,311,-309
104900022,14,166,-152
104900023,2,116,-114
104900024,35,230,-195
104900025,111,313,-202
104900026,2,93,-91
104900027,411,307,104
104900028,22,104,-82
104900029,95,128,-33
104900030,483,266,217
104900031,95,282,-187
104900032,43,201,-158
104900033,106,290,-184
104900034,297,129,168
104900035,229,158,71
104900036,164,88,76
104900037,109,299,-190
104900038,563,827,-264
104900039,1036,278,758
104900040,326,90,236
104900041,199,188,11
104900042,131,320,-189
104900043,14,101,-87
104900044,393,212,181
104900045,424,43,381
104900046,154,148,6
104900047,325,156,169
104900048,192,84,108
104900049,26,25,1
104900050,308,160,148
104900051,301,57,244
104900052,41,3,38
104900053,412,82,330
104900054,135,45,90
104900055,90,0,90
104900056,180,8,172
104900057,39,1,38
104900058,1165,159,1006
104900059,107,56,51
104900061,220,617,-397
104900063,87,158,-71
104900064,0,95,-95
104900065,1,174,-173
104900066,1,174,-173
104900067,3,330,-327
104900068,22,232,-210
104900070,196,286,-90
104900071,1,640,-639
104900072,61,279,-218
104900073,49,257,-208
104900074,51,254,-203
104900075,51,82,-31
104900076,87,344,-257
104900077,1232,193,1039
104900078,183,632,-449
104900079,109,459,-350
104900080,87,490,-403
104900082,10,381,-371
104900085,1,273,-272
104900089,145,0,145
104900091,574,655,-81
104900093,247,579,-332
104900097,3215,2037,1178
104900098,103,48,55
104900099,39,497,-458
104900100,620,347,273
104900102,35,271,-236
104900103,348,121,227
104900106,78,154,-76
104900107,80,325,-245
104900108,18,315,-297
104900109,107,324,-217
104900110,4,70,-66
104900111,158,117,41
104900112,244,832,-588
104900113,638,451,187
104900114,334,608,-274
104900115,505,454,51
104900116,221,206,15
104900118,27,79,-52
104900119,8,28,-20
104900120,82,250,-168
104900121,0,112,-112
104900122,4,98,-94
104900123,48,4,44
104900124,46,0,46
104900125,415,169,246
104900126,86,74,12
104900127,27,59,-32
104900128,108,191,-83
104900129,2407,1740,667
105000001,2664,1825,839
105000002,2647,2090,557
105000003,4519,4158,361
105000004,606,1359,-753
105000005,962,1356,-394
105000006,1332,1796,-464
105000007,1474,1619,-145
105000008,2349,3038,-689
105000009,2019,3215,-1196
105000010,3451,2917,534
105000011,2878,2815,63
105000012,5114,3474,1640
105000013,992,1504,-512
105000014,1947,2690,-743
105000015,9707,10638,-931
105000016,4183,2494,1689
105000017,2307,930,1377
105000018,1595,1787,-192
105000019,2190,966,1224
105000020,275,499,-224
105000021,710,166,544
105000022,297,58,239
105000023,553,277,276
105000028,101,185,-84
105000029,661,1133,-472
105000030,4982,3845,1137
105000031,4,59,-55
105000033,2272,2635,-363
105000034,273,828,-555
105000037,785,439,346
105000038,1895,1768,127
105000039,3348,2062,1286
105000040,867,1076,-209
105000041,660,1722,-1062
105000042,3829,1541,2288
105000043,2371,2104,267
105000044,515,441,74
105000045,412,968,-556
105000046,838,382,456
105000047,524,1626,-1102
105000048,841,256,585
105000049,297,854,-557
105000050,767,468,299
105000051,295,695,-400
105000052,609,1049,-440
105000053,228,215,13
105000054,573,1206,-633
105000055,1303,398,905
105000056,1367,2850,-1483
105000057,1551,1016,535
105000058,1768,1656,112
105000059,830,802,28
105000060,699,915,-216
105000061,658,707,-49
105000062,1240,1216,24
105000063,432,708,-276
105000064,1327,994,333
105000065,577,910,-333
105000066,1385,2093,-708
105000067,1337,901,436
105000068,887,1110,-223
105000069,3258,1741,1517
105000070,1052,818,234
105000071,440,960,-520
105000072,1415,2336,-921
105000073,939,592,347
105000074,1346,1123,223
105000075,853,818,35
105000076,1994,1164,830
105000077,2872,1011,1861
105000078,1498,1368,130
105000079,2258,2699,-441
105000080,1867,1257,610
105000081,3808,1042,2766
105000082,1428,897,531
105000083,3640,1750,1890
105000084,1042,1240,-198
105000085,1805,1400,405
105000086,878,1365,-487
105000087,2688,2470,218
105000088,2007,2065,-58
105000089,3746,2303,1443
105000090,1196,944,252
105000091,1902,1787,115
105000092,917,1211,-294
105000093,470,290,180
105000094,334,225,109
105000095,155,743,-588
105000096,1737,1132,605
105000097,1329,549,780
105000098,1651,734,917
105000099,2096,1200,896
105000100,1317,1455,-138
105000101,2382,2478,-96
105000102,2099,1899,200
105000103,1971,2676,-705
105000104,2402,1203,1199
105000105,1387,2468,-1081
105000106,1513,1921,-408
105000107,1160,1123,37
105000108,1292,1839,-547
105000109,1494,2011,-517
105000110,595,862,-267
105000111,764,935,-171
105000112,1233,1027,206
105000113,414,892,-478
105000114,4189,1384,2805
105000115,459,1351,-892
105000116,641,606,35
105000117,1173,1440,-267
105000118,477,539,-62
105000119,708,1305,-597
105000120,1082,681,401
105000121,865,1484,-619
105000122,425,765,-340
105000123,1484,1696,-212
105000124,1786,1155,631
105000125,956,2261,-1305
105000126,2028,2414,-386
105000127,2523,2587,-64
105000128,1020,1520,-500
105000129,987,530,457
105000130,389,2216,-1827
105000131,1174,580,594
105000132,828,620,208
105000133,517,1290,-773
105000134,635,686,-51
105000135,578,874,-296
105000136,177,459,-282
105000137,407,266,141
105000138,243,478,-235
105000139,1220,1315,-95
105000140,299,602,-303
105000141,342,770,-428
105000142,161,607,-446
105000143,271,896,-625
105000144,352,1023,-671
105000145,630,575,55
105000146,596,1089,-493
105000147,582,477,105
105000148,1316,798,518
105000149,2264,2154,110
105000150,2238,2011,227
105000151,542,465,77
105000152,211,705,-494
105000153,672,736,-64
105000154,722,758,-36
105000155,418,821,-403
105000156,1117,896,221
105000157,999,2088,-1089
105000158,2109,843,1266
105000159,278,1242,-964
105000160,1700,754,946
105000161,829,1601,-772
105000162,771,1783,-1012
105000163,1681,1379,302
105000164,230,334,-104
105000165,1731,5393,-3662
105000166,7760,819,6941
105000167,3122,1503,1619
105000168,307,876,-569
105000169,525,454,71
105000170,220,1590,-1370
105000171,1205,356,849
105000172,222,47,175
105000173,183,55,128
105000174,88,43,45
105000175,76,126,-50
105000176,272,201,71
105000177,308,204,104
105000178,147,689,-542
105000179,395,226,169
105000180,119,141,-22
105000181,95,501,-406
105000182,48,69,-21
105000183,3316,2104,1212
105000184,1966,1102,864
105000185,1868,868,1000
105000186,835,927,-92
105000187,1107,226,881
105000188,529,178,351
105000189,410,554,-144
105000190,358,559,-201
105000191,472,436,36
105000192,352,72,280
105000193,153,160,-7
105000194,403,113,290
105000195,239,876,-637
105000196,100,236,-136
105000197,294,651,-357
105000198,742,335,407
105000199,470,685,-215
105000200,143,266,-123
105000201,138,50,88
105000203,23,293,-270
105000204,106,96,10
105000205,134,293,-159
105000207,676,222,454
105000208,269,496,-227
105000209,231,349,-118
105000211,269,19,250
105000212,1234,1559,-325
105000213,207,246,-39
105000214,168,363,-195
105000215,275,296,-21
105000216,145,427,-282
105000217,138,388,-250
105000218,1118,1359,-241
105000221,240,326,-86
105000222,580,55,525
105000223,431,221,210
105000226,82,395,-313
105000227,60,221,-161
105000228,359,1265,-906
105000229,150,326,-176
105000231,325,326,-1
105000233,866,895,-29
105000234,714,1501,-787
105000235,449,760,-311
105000237,829,78,751
105000243,41,52,-11
105000248,134,74,60
105000262,307,1858,-1551
105000269,123,291,-168
105000270,425,94,331
105000271,1,288,-287
105000282,203,63,140
105000287,405,150,255
105000288,567,529,38
105000289,3303,1577,1726
105000290,73,3,70
105000402,4605,3232,1373
105000426,566,486,80
105000438,3860,1077,2783
105000440,19,39,-20
105000446,15344,6193,9151
105000447,8262,3377,4885
105000454,357,985,-628
105000455,305,211,94
105000474,27,1,26
105000477,284,493,-209
105000478,1866,3519,-1653
105000479,190,138,52
105000480,7306,4023,3283
105000481,3744,3143,601
105000482,6637,5704,933
105000483,1509,1856,-347
105000484,3428,3340,88
105000485,1819,2602,-783
105000486,5158,3263,1895
105000488,10523,5860,4663
105000489,919,1105,-186
105000549,177,187,-10
105000550,731,1704,-973
105000551,44,123,-79
105000552,4338,2525,1813
105000555,1905,1118,787
105000556,45,80,-35
105000557,82,380,-298
105900001,8,1214,-1206
105900002,1629,697,932
105900003,17,160,-143
105900004,390,145,245
105900005,7,340,-333
105900006,1,86,-85
105900007,116,15,101
105900008,79,779,-700
105900009,32,19,13
105900011,182,64,118
105900012,602,115,487
105900013,1,20,-19
105900014,9,68,-59
105900015,207,380,-173
105900016,525,668,-143
105900017,1120,51,1069
105900018,180,262,-82
105900019,102,472,-370
105900020,46,77,-31
105900021,24,299,-275
105900022,307,297,10
105900023,4,95,-91
105900024,6,165,-159
105900025,149,34,115
105900026,346,37,309
105900027,5644,9130,-3486
105900028,414,193,221
105900029,1898,446,1452
105900030,307,331,-24
105900031,494,191,303
105900032,88,195,-107
105900033,281,154,127
105900034,165,251,-86
105900035,199,207,-8
105900036,50,168,-118
105900037,83,83,0
105900038,142,470,-328
105900039,115,190,-75
105900040,82,120,-38
105900041,250,381,-131
105900042,55,156,-101
105900043,2111,38,2073
105900044,6,388,-382
105900045,2,800,-798
105900046,6,268,-262
105900047,11,47,-36
105900048,134,692,-558
105900050,7517,1337,6180
105900051,7,1172,-1165
105900052,573,374,199
105900053,4443,2543,1900
105900054,401,222,179
105900056,717,262,455
105900057,24,126,-102
105900058,10,36,-26
105900059,0,62,-62
106000001,4588,2717,1871
106000002,2864,5783,-2919
106000003,3412,4383,-971
106000004,2559,3522,-963
106000005,2706,6025,-3319
106000006,6368,5386,982
106000007,496,627,-131
106000008,500,411,89
106000009,506,423,83
106000010,584,678,-94
106000011,830,1286,-456
106000012,724,1416,-692
106000013,1987,2234,-247
106000014,1875,1925,-50
106000015,1406,1439,-33
106000016,1825,3185,-1360
106000017,656,953,-297
106000018,739,629,110
106000019,380,563,-183
106000020,307,540,-233
106000021,306,507,-201
106000022,488,314,174
106000023,671,584,87
106000024,647,840,-193
106000025,140,236,-96
106000026,134,410,-276
106000027,1115,1729,-614
106000028,666,695,-29
106000029,1126,1469,-343
106000030,745,393,352
106000034,319,786,-467
106000035,1319,1911,-592
106000036,294,415,-121
106000037,2286,1780,506
106000038,534,140,394
106000039,244,101,143
106000040,228,969,-741
106000041,994,531,463
106000043,702,205,497
106000046,496,63,433
106000047,92,460,-368
106000049,1009,280,729
106000050,378,1050,-672
106000051,685,411,274
106000052,121,734,-613
106000053,238,150,88
106000054,437,505,-68
106000055,938,1240,-302
106000056,393,471,-78
106000057,240,405,-165
106000058,191,263,-72
106000059,254,295,-41
106000060,464,679,-215
106000061,213,591,-378
106000062,167,674,-507
106000063,626,664,-38
106000064,76,438,-362
106000065,383,310,73
106000066,117,384,-267
106000067,408,114,294
106000068,98,787,-689
106000069,212,91,121
106000070,451,1025,-574
106000071,961,344,617
106000072,4753,2075,2678
106000073,2105,3308,-1203
106000074,621,968,-347
106000075,388,1539,-1151
106000076,1776,2436,-660
106000077,3982,1639,2343
106000078,896,1214,-318
106000079,649,1243,-594
106000080,1408,826,582
106000081,583,1330,-747
106000082,2433,1003,1430
106000083,334,1618,-1284
106000084,1195,736,459
106000085,1565,1610,-45
106000086,593,892,-299
106000087,895,584,311
106000088,432,939,-507
106000089,915,443,472
106000090,294,761,-467
106000091,271,665,-394
106000092,617,289,328
106000093,373,138,235
106000094,139,400,-261
106000095,638,1206,-568
106000096,1021,846,175
106000097,955,1317,-362
106000098,759,1294,-535
106000099,307,1426,-1119
106000100,1669,323,1346
106000101,1956,523,1433
106000102,378,1169,-791
106000103,294,843,-549
106000104,1237,557,680
106000105,498,934,-436
106000106,531,608,-77
106000107,188,556,-368
106000108,380,453,-73
106000109,135,447,-312
106000110,245,428,-183
106000111,201,647,-446
106000112,183,611,-428
106000113,1189,718,471
106000114,592,668,-76
106000115,248,710,-462
106000116,212,316,-104
106000117,934,608,326
106000118,1218,1534,-316
106000119,1431,1179,252
106000120,759,1270,-511
106000121,189,205,-16
106000122,122,301,-179
106000123,331,200,131
106000124,66,325,-259
106000125,52,336,-284
106000126,295,180,115
106000127,910,1192,-282
106000128,802,323,479
106000129,678,717,-39
106000130,642,538,104
106000131,165,959,-794
106000132,861,229,632
106000133,3867,1566,2301
106000134,860,2479,-1619
106000135,266,930,-664
106000136,672,1047,-375
106000137,128,1341,-1213
106000138,1136,113,1023
106000139,64,170,-106
106000140,63,122,-59
106000141,124,104,20
106000142,78,88,-10
106000143,90,106,-16
106000144,43,92,-49
106000145,298,308,-10
106000146,250,212,38
106000147,924,1045,-121
106000148,1156,1258,-102
106000149,524,895,-371
106000150,571,2473,-1902
106000151,5354,947,4407
106000152,1603,1946,-343
106000153,128,2317,-2189
106000154,1794,370,1424
106000155,105,302,-197
106000156,661,265,396
106000157,629,2135,-1506
106000158,3150,918,2232
106000159,4185,1889,2296
106000160,375,2777,-2402
106000161,1654,450,1204
106000162,244,1039,-795
106000163,343,541,-198
106000164,430,425,5
106000165,209,753,-544
106000166,737,290,447
106000167,399,1360,-961
106000168,390,303,87
106000169,216,842,-626
106000170,607,309,298
106000171,166,1186,-1020
106000172,3013,1362,1651
106000173,1177,3191,-2014
106000174,1097,567,530
106000175,384,1132,-748
106000176,1567,852,715
106000177,972,2824,-1852
106000178,3370,1943,1427
106000179,1222,2751,-1529
106000180,879,1856,-977
106000181,705,2035,-1330
106000182,989,771,218
106000183,1039,859,180
106000184,2252,871,1381
106000185,1529,1163,366
106000186,899,154,745
106000187,224,1204,-980
106000188,0,4,-4
106000189,13,76,-63
106000190,7,0,7
106000191,649,230,419
106000192,16,29,-13
106000193,398,269,129
106000194,176,383,-207
106000195,511,134,377
106000196,156,406,-250
106000197,476,339,137
106000198,145,374,-229
106000199,933,935,-2
106000200,368,268,100
106000201,541,3264,-2723
106000202,5631,693,4938
106000203,119,295,-176
106000204,135,28,107
106000205,21,209,-188
106000206,94,22,72
106000207,61,915,-854
106000208,1159,181,978
106000209,1379,323,1056
106000210,273,1317,-1044
106000211,456,1536,-1080
106000212,825,412,413
106000213,901,1844,-943
106000214,2732,572,2160
106000215,380,574,-194
106000216,447,447,0
106000217,386,622,-236
106000218,608,450,158
106000219,191,416,-225
106000220,499,373,126
106000221,148,250,-102
106000222,20,139,-119
106000223,149,125,24
106000224,159,272,-113
106000225,92,78,14
106000226,145,352,-207
106000228,47,184,-137
106000229,170,835,-665
106000231,850,213,637
106000232,87,441,-354
106000233,536,149,387
106000234,135,221,-86
106000235,957,115,842
106000236,356,111,245
106000237,17,22,-5
106000238,204,23,181
106000239,4,262,-258
106000240,65,0,65
106000241,19,870,-851
106000242,389,41,348
106000249,63,107,-44
106000250,88,579,-491
106000251,76,68,8
106000252,34,105,-71
106000253,48,94,-46
106000254,70,68,2
106000255,23,208,-185
106000256,78,84,-6
106000257,142,272,-130
106000258,526,41,485
106000259,4,52,-48
106000260,52,5,47
106000261,5,45,-40
106000262,127,15,112
106000263,29,69,-40
106000264,272,19,253
106000265,12,141,-129
106000266,150,32,118
106000267,6,90,-84
106000268,645,88,557
106000269,62,68,-6
106000270,131,607,-476
106000271,92,288,-196
106000272,222,97,125
106000273,19,311,-292
106000274,214,60,154
106000275,155,300,-145
106000276,163,54,109
106000277,148,274,-126
106000278,276,51,225
106000279,27,53,-26
106000280,141,134,7
106000281,86,59,27
106000282,63,74,-11
106000283,129,93,36
106000284,51,116,-65
106000285,115,123,-8
106000286,79,151,-72
106000287,157,121,36
106000288,72,182,-110
106000289,79,104,-25
106000290,28,97,-69
106000291,86,142,-56
106000292,94,109,-15
106000293,86,106,-20
106000294,142,124,18
106000295,58,47,11
106000296,38,114,-76
106000297,73,273,-200
106000298,126,50,76
106000299,56,174,-118
106000300,54,126,-72
106000301,78,116,-38
106000303,23,86,-63
106000304,19,38,-19
106000305,30,68,-38
106000306,26,69,-43
106000307,39,24,15
106000308,28,143,-115
106000309,23,66,-43
106000310,312,629,-317
106000311,282,163,119
106000312,104,258,-154
106000313,173,221,-48
106000318,156,382,-226
106000319,1240,321,919
106000320,3,30,-27
106000321,352,78,274
106000322,116,182,-66
106000324,11,154,-143
106000325,1480,1181,299
106000326,1944,2804,-860
106000327,116,132,-16
106000328,12,121,-109
106000329,114,305,-191
106000330,40,58,-18
106000428,78,207,-129
106000429,157,610,-453
106000430,496,1557,-1061
106000431,2733,516,2217
106000432,2435,3704,-1269
106000433,2247,1527,720
106000434,3221,1753,1468
106000435,2318,3405,-1087
106000436,9,315,-306
106000437,398,27,371
106000438,950,221,729
106000439,43,431,-388
106000440,307,762,-455
106000441,0,1,-1
106000442,328,5,323
106000443,122,502,-380
106000450,7,241,-234
106000451,35,69,-34
106000454,7,238,-231
106000455,15,218,-203
106000456,228,71,157
106000457,28,1142,-1114
106000458,743,204,539
106000459,580,494,86
106000460,1252,74,1178
106000461,157,1801,-1644
106000462,0,89,-89
106000463,13,56,-43
106000464,6,564,-558
106000465,474,0,474
106000466,6,807,-801
106000467,609,740,-131
106000468,58,167,-109
106000469,353,3,350
106000470,258,1754,-1496
106000471,43,722,-679
106000472,152,27,125
106000473,25,24,1
106000474,519,653,-134
106000475,438,375,63
106000476,224,225,-1
106000477,53,306,-253
106000480,0,674,-674
106900001,0,13,-13
106900002,0,606,-606
106900003,268,1410,-1142
106900004,1,77,-76
106900006,0,21,-21
106900007,1,9,-8
106900008,249,295,-46
106900009,405,453,-48
106900010,258,369,-111
106900012,1996,2361,-365
106900013,816,161,655
106900014,30,1,29
106900015,20,0,20
106900016,301,4,297
106900017,9,0,9
106900018,1,2,-1
106900019,30,1,29
106900020,3444,1404,2040
106900021,209,98,111
106900022,564,4,560
106900023,15,263,-248
106900024,732,48,684
106900025,48,780,-732
106900026,3,815,-812
106900027,1219,10,1209
107000001,4574,3410,1164
107000002,3587,4311,-724
107000003,5054,7737,-2683
107000004,5714,6349,-635
107000005,4042,6150,-2108
107000006,5337,6289,-952
107000007,5130,11044,-5914
107000008,13240,10276,2964
107000009,6375,7753,-1378
107000010,15341,14735,606
107000011,1626,1649,-23
107000012,5194,4000,1194
107000013,238,255,-17
107000014,52,326,-274
107000015,588,973,-385
107000016,743,1272,-529
107000017,6874,1471,5403
107000018,16,705,-689
107000020,4409,810,3599
107000021,1703,824,879
107000022,1216,1522,-306
107000023,2184,396,1788
107000024,571,1776,-1205
107000025,309,543,-234
107000026,252,628,-376
107000027,1422,1542,-120
107000028,1457,1972,-515
107000029,3573,3224,349
107000030,3569,4087,-518
107000031,3939,2944,995
107000032,484,1191,-707
107000033,3851,7097,-3246
107000034,5210,2308,2902
107000035,518,397,121
107000036,595,1883,-1288
107000037,87,1075,-988
107000038,323,284,39
107000039,1027,940,87
107000040,179,363,-184
107000041,1634,742,892
107000042,782,2034,-1252
107000043,3087,1114,1973
107000044,724,349,375
107000045,174,331,-157
107000046,773,481,292
107000047,552,992,-440
107000048,659,358,301
107000049,634,956,-322
107000050,1084,710,374
107000051,629,426,203
107000052,1376,1073,303
107000053,389,303,86
107000054,69,319,-250
107000055,383,177,206
107000056,611,1049,-438
107000057,2361,293,2068
107000058,2345,2392,-47
107000059,2639,4492,-1853
107000060,4044,6116,-2072
107000061,6161,4622,1539
107000062,3920,3419,501
107000063,5078,6342,-1264
107000064,5180,2581,2599
107000065,5395,5983,-588
107000066,2217,2982,-765
107000067,1027,1255,-228
107000068,1846,672,1174
107000069,935,571,364
107000070,974,10,964
107000071,2808,47,2761
107000072,58,2820,-2762
107000073,639,368,271
107000074,188,1604,-1416
107000075,1523,593,930
107000076,736,1394,-658
107000077,3134,1285,1849
107000078,2686,3446,-760
107000079,2561,1026,1535
107000080,1643,3848,-2205
107000081,1495,783,712
107000082,426,1719,-1293
107000083,1223,467,756
107000084,792,2767,-1975
107000085,3121,3980,-859
107000086,4734,4578,156
107000087,2944,2593,351
107000088,3573,4378,-805
107000089,1408,2243,-835
107000090,1231,1445,-214
107000091,1296,1022,274
107000092,904,1418,-514
107000093,1282,926,356
107000094,1794,1929,-135
107000095,757,788,-31
107000096,718,1104,-386
107000097,976,496,480
107000098,768,1001,-233
107000099,589,311,278
107000100,341,357,-16
107000101,95,239,-144
107000102,507,408,99
107000103,338,350,-12
107000104,260,470,-210
107000105,405,211,194
107000106,195,442,-247
107000107,732,249,483
107000108,311,947,-636
107000109,714,224,490
107000110,104,654,-550
107000111,345,47,298
107000112,46,451,-405
107000113,701,140,561
107000114,133,885,-752
107000115,521,168,353
107000116,123,1052,-929
107000117,110,860,-750
107000118,171,308,-137
107000119,1844,1830,14
107000120,2522,459,2063
107000121,656,899,-243
107000122,1148,1100,48
107000123,348,969,-621
107000124,627,1049,-422
107000125,763,997,-234
107000126,971,1054,-83
107000129,425,1208,-783
107000130,734,256,478
107000131,526,849,-323
107000132,608,374,234
107000133,1128,128,1000
107000134,378,1,377
107000135,18,255,-237
107000136,1184,12,1172
107000137,20,442,-422
107000138,511,38,473
107000139,24,541,-517
107000140,1719,102,1617
107000141,140,941,-801
107000142,748,123,625
107000143,88,879,-791
107000144,483,703,-220
107000145,187,664,-477
107000146,178,446,-268
107000147,5101,1428,3673
107000150,856,3439,-2583
107000151,53,88,-35
107000152,686,1305,-619
107000153,331,495,-164
107000154,323,221,102
107000155,1129,38,1091
107000156,1106,38,1068
107000157,78,2099,-2021
107000158,681,50,631
107000159,64,1566,-1502
107000160,897,184,713
107000161,119,1823,-1704
107000162,253,699,-446
107000163,238,24,214
107000164,608,0,608
107000165,820,6,814
107000166,79,1423,-1344
107000167,558,309,249
107000168,867,540,327
107000169,1076,1211,-135
107000170,1796,838,958
107000171,644,1984,-1340
107000172,1188,1621,-433
107000173,763,1868,-1105
107000174,878,4743,-3865
107000175,8801,2980,5821
107000176,1,1,0
107000177,1,1,0
107000178,14,31,-17
107000179,249,2919,-2670
107000180,1193,432,761
107000181,452,1753,-1301
107000182,1390,1032,358
107000183,152,1022,-870
107000184,992,822,170
107000185,506,1532,-1026
107000186,1063,418,645
107000187,1365,1532,-167
107000188,673,771,-98
107000189,463,1279,-816
107000190,617,961,-344
107000191,890,1645,-755
107000192,1588,974,614
107000193,415,499,-84
107000194,1245,846,399
107000197,839,300,539
107000198,382,961,-579
107000199,520,1069,-549
107000200,1097,881,216
107000201,432,212,220
107000202,297,696,-399
107000203,1091,537,554
107000204,2149,594,1555
107000205,2571,1104,1467
107000206,1135,1304,-169
107000207,921,1081,-160
107000208,1453,446,1007
107000209,2294,1131,1163
107000210,777,436,341
107000211,14,38,-24
107000212,12,561,-549
107000213,10,49,-39
107000214,17,255,-238
107000215,506,565,-59
107000216,400,436,-36
107000217,195,133,62
107000219,77,101,-24
107000220,166,281,-115
107000222,291,874,-583
107000224,285,87,198
107000225,207,560,-353
107000226,358,97,261
107000227,81,360,-279
107000228,90,251,-161
107000229,371,224,147
107000230,1450,620,830
107000231,2157,1340,817
107000232,145,103,42
107000233,1610,834,776
107000234,3,64,-61
107000235,67,10,57
107000236,14,800,-786
107000237,20,3,17
107000238,33,5,28
107000239,5093,653,4440
107000240,92,1164,-1072
107000243,0,76,-76
107000244,5,84,-79
107000246,5,1708,-1703
107000249,2,1374,-1372
107000251,1,262,-261
107000252,4,1257,-1253
107000255,617,98,519
107000257,2,591,-589
107000258,0,173,-173
107000259,5,239,-234
107000260,594,11,583
107000262,12,713,-701
107000263,231,11,220
107000266,6,20,-14
107000267,78,152,-74
107000268,183,164,19
107000269,762,50,712
107000270,0,11,-11
107000271,19,962,-943
107000272,22,197,-175
107000273,6,325,-319
107000274,2585,6,2579
107000275,1779,1509,270
107000280,686,53,633
107000281,57,1221,-1164
107000282,65,1177,-1112
107000290,5,33,-28
107000291,54,17,37
107000292,0,63,-63
107000293,257,2,255
107000294,0,50,-50
107000295,30,2,28
107000296,1,21,-20
107000444,244,4,240
107000496,4,26,-22
107000497,1515,3006,-1491
107000500,444,408,36
107000501,142,192,-50
107000502,377,404,-27
107000505,649,913,-264
107000506,2,24,-22
107000508,6,700,-694
107000509,245,1288,-1043
107000510,29,25,4
107000514,61,282,-221
107000515,40,250,-210
107000516,356,296,60
107000518,1220,1303,-83
107000519,3381,1518,1863
107000520,70,25,45
107000521,757,659,98
107000522,1073,925,148
107900001,36,177,-141
107900002,22,3,19
107900003,185,65,120
107900004,0,1,-1
107900005,1284,3,1281
107900006,298,7,291
107900007,345,32,313
107900008,92,38,54
107900009,159,6,153
107900010,32,1,31
107900012,276,20,256
107900013,240,55,185
107900014,32,5,27
107900015,899,11,888
107900016,494,84,410
107900017,9,4,5
107900018,47,135,-88
107900019,23,49,-26
107900020,118,16,102
107900021,72,176,-104
107900023,1,0,1
107900024,1,40,-39
107900025,172,277,-105
107900026,87,95,-8
107900027,77,44,33
107900028,45,77,-32
107900030,164,15,149
107900031,94,240,-146
107900032,40,2,38
107900033,16,3,13
107900034,299,17,282
107900035,819,43,776
107900036,69,8,61
107900037,0,39,-39
107900038,138,189,-51
107900039,39,56,-17
107900040,59,90,-31
107900041,1,2,-1
107900043,45,177,-132
107900044,10,7,3
107900045,49,39,10
107900046,161,164,-3
107900047,28,54,-26
107900048,172,6,166
107900049,396,1829,-1433
107900050,135,393,-258
107900051,87,69,18
107900052,79,26,53
107900053,43,90,-47
107900055,419,206,213
107900056,123,28,95
107900057,3,0,3
107900058,38,754,-716
107900060,36,42,-6
107900061,33,5,28
107900063,103,100,3
107900064,356,131,225
107900065,156,16,140
107900066,13,10,3
107900067,1,0,1
107900068,251,205,46
107900069,65,2054,-1989
107900070,123,30,93
107900071,37,874,-837
107900072,75,201,-126
107900073,117,126,-9
107900074,873,223,650
107900076,107,47,60
107900077,32,2,30
107900079,9,26,-17
107900080,331,273,58
107900081,31,159,-128
107900082,35,17,18
107900083,334,136,198
107900084,127,126,1
107900086,67,134,-67
107900087,721,129,592
107900088,22,16,6
107900089,361,1028,-667
107900090,671,2398,-1727
107900091,219,496,-277
107900093,69,92,-23
107900095,3870,2276,1594
107900097,15,73,-58
107900098,61,197,-136
107900100,1051,1031,20
107900101,1217,218,999
107900102,23,6,17
107900103,47,210,-163
107900104,278,9,269
107900105,0,657,-657
107900106,3,1317,-1314
107900107,1067,522,545
107900108,400,114,286
107900109,997,11,986
107900110,54,78,-24
107900111,12,1128,-1116
107900112,90,356,-266
107900113,176,168,8
107900114,147,202,-55
107900115,3,43,-40
107900116,145,273,-128
107900117,611,504,107
107900118,76,194,-118
107900119,85,245,-160
107900120,11,21,-10
107900121,3,137,-134
107900122,6,47,-41
107900123,5,28,-23
107900124,48,30,18
107900125,51,192,-141
107900126,8,57,-49
107900127,466,326,140
107900128,117,72,45
107900129,43,28,15
107900130,71,23,48
107900131,650,205,445
107900132,112,474,-362
107900133,1,84,-83
107900134,26,37,-11
107900135,8,190,-182
107900136,23,31,-8
107900137,127,139,-12
107900138,55,32,23
107900139,28,79,-51
107900141,63,40,23
107900142,104,1081,-977
107900143,74,36,38
107900144,8,212,-204
107900145,11,102,-91
107900146,29,203,-174
107900147,42,20,22
107900148,165,109,56
107900149,1422,238,1184
107900150,90,868,-778
107900151,29,102,-73
107900152,5,245,-240
107900153,211,332,-121
107900154,42,25,17
107900155,64,73,-9
107900156,0,276,-276
107900157,28,68,-40
107900158,718,20,698
107900159,36,955,-919
107900160,136,167,-31
107900161,27,173,-146
107900162,0,38,-38
107900163,83,29,54
107900164,6,35,-29
107900165,15,86,-71
107900166,24,226,-202
107900167,36,7,29
107900168,20,38,-18
107900169,0,237,-237
107900171,13,1880,-1867
107900172,1,328,-327
107900173,6,197,-191
107900174,84,8,76
107900175,13,5,8
107900176,22,58,-36
107900177,0,64,-64
107900178,0,224,-224
107900179,11,142,-131
107900180,857,532,325
107900181,373,422,-49
107900182,5,1588,-1583
107900183,23,314,-291
107900184,83,206,-123
107900185,89,9,80
107900186,23,54,-31
107900187,1,150,-149
107900188,901,133,768
107900189,26,104,-78
107900190,75,124,-49
107900191,48,140,-92
107900193,5,53,-48
107900194,265,17,248
107900195,3845,473,3372
107900196,49,85,-36
107900197,1144,270,874
107900199,4,1428,-1424
107900201,105,99,6
107900203,79,46,33
107900204,171,195,-24
107900206,1361,135,1226
107900207,1,817,-816
107900208,8,698,-690
107900209,346,143,203
107900210,76,145,-69
107900213,371,379,-8
107900214,16,127,-111
107900215,157,320,-163
107900216,136,105,31
107900217,31,95,-64
107900218,24,1763,-1739
107900219,38,127,-89
107900220,188,256,-68
107900221,170,204,-34
107900223,107,593,-486
107900224,121,322,-201
107900225,4,935,-931
107900226,118,153,-35
107900227,139,499,-360
107900228,25,113,-88
107900229,13,288,-275
107900230,10,106,-96
107900231,14,237,-223
107900232,83,228,-145
107900233,4,155,-151
107900234,98,166,-68
107900235,12,111,-99
107900236,103,105,-2
107900237,95,408,-313
107900238,22,111,-89
107900239,1146,461,685
107900240,26,117,-91
107900241,17,101,-84
107900242,13,298,-285
107900243,2,58,-56
107900244,343,3,340
107900245,538,45,493
107900246,299,2,297
107900248,282,272,10
107900249,616,10,606
107900250,0,599,-599
107900251,81,1660,-1579
107900252,848,10,838
107900253,158,6,152
107900254,67,589,-522
107900255,326,100,226
107900256,2241,760,1481
107900257,156,108,48
107900258,93,355,-262
107900259,105,1805,-1700
107900261,3,373,-370
107900262,45,148,-103
107900264,336,4,332
107900265,143,184,-41
107900267,215,21,194
107900268,33,5,28
107900269,0,7,-7
107900270,0,0,0
107900271,3,3,0
107900272,111,31,80
107900273,23,94,-71
107900274,38,0,38
107900275,28,0,28
107900276,0,91,-91
107900277,0,191,-191
107900278,174,401,-227
107900279,112,187,-75
107900280,1698,2317,-619
107900281,3056,2522,534
107900282,94,478,-384
107900283,1502,430,1072
107900284,522,837,-315
107900285,98,117,-19
107900286,92,74,18
107900287,147,186,-39
107900290,0,120,-120
107900291,354,7,347
107900292,146,289,-143
107900293,112,718,-606
107900295,39,109,-70
107900297,1,340,-339
107900298,994,963,31
107900299,3543,2000,1543
107900301,695,581,114
107900302,96,66,30
107900303,164,333,-169
107900304,204,544,-340
107900305,264,11,253
107900306,43,27,16
107900307,47,276,-229
107900308,168,79,89
107900309,343,1,342
107900310,439,3,436
107900311,11,144,-133
107900312,136,0,136
107900313,2,157,-155
107900314,2,85,-83
107900315,0,52,-52
107900316,50,0,50
107900317,108,24,84
107900318,10,186,-176
107900319,5,238,-233
107900320,1,176,-175
107900321,137,12,125
107900322,0,153,-153
107900323,11,133,-122
107900324,178,2,176
107900325,107,2,105
107900326,325,407,-82
107900327,9,62,-53
107900328,190,1,189
107900329,315,82,233
107900330,4,524,-520
107900331,173,43,130
107900332,152,47,105
107900333,31,14,17
107900334,3,204,-201
107900335,49,68,-19
107900336,40,42,-2
107900337,1167,593,574
107900338,1,140,-139
107900339,3,20,-17
107900340,2,64,-62
107900341,42,3,39
107900342,178,154,24
107900343,71,4,67
107900344,3,103,-100
107900345,81,34,47
107900346,20,3,17
107900347,19,0,19
107900348,5,1,4
107900349,15,7,8
107900350,28,340,-312
107900351,5,237,-232
107900352,23,49,-26
107900353,9,7,2
107900354,18,74,-56
108000001,2702,3775,-1073
108000002,2539,3277,-738
108000003,3443,3030,413
108000004,16919,18472,-1553
108000005,8475,5637,2838
108000006,8751,8772,-21
108000007,4991,4275,716
108000008,6139,7861,-1722
108000009,3660,4419,-759
108000010,3852,5942,-2090
108000011,11087,11936,-849
108000012,20853,19697,1156
108000014,1248,714,534
108000015,736,321,415
108000016,287,628,-341
108000017,1001,452,549
108000018,1676,707,969
108000019,2665,880,1785
108000020,1424,611,813
108000021,447,1815,-1368
108000022,536,1669,-1133
108000023,1144,240,904
108000024,310,729,-419
108000025,211,50,161
108000026,686,663,23
108000027,579,709,-130
108000028,693,325,368
108000029,535,1003,-468
108000030,876,321,555
108000031,383,640,-257
108000032,1457,675,782
108000033,818,1379,-561
108000034,1515,505,1010
108000035,876,2941,-2065
108000036,340,1435,-1095
108000037,1633,430,1203
108000038,2419,607,1812
108000039,616,2674,-2058
108000040,1657,1015,642
108000041,769,3004,-2235
108000042,259,349,-90
108000043,283,521,-238
108000044,425,250,175
108000045,254,497,-243
108000046,1437,396,1041
108000047,443,1244,-801
108000048,139,595,-456
108000049,820,300,520
108000050,235,891,-656
108000051,304,174,130
108000052,189,833,-644
108000053,424,239,185
108000054,629,1173,-544
108000055,1145,491,654
108000056,2163,1724,439
108000057,888,1073,-185
108000058,1994,3664,-1670
108000059,4037,2553,1484
108000060,261,717,-456
108000061,307,636,-329
108000062,706,647,59
108000063,396,584,-188
108000064,214,270,-56
108000065,688,659,29
108000066,1786,950,836
108000067,1602,547,1055
108000068,723,445,278
108000069,295,1293,-998
108000070,1710,876,834
108000071,761,1878,-1117
108000072,1491,1143,348
108000073,1624,2137,-513
108000074,512,429,83
108000075,360,1052,-692
108000076,605,673,-68
108000077,786,821,-35
108000078,2045,1546,499
108000079,794,1570,-776
108000080,1071,667,404
108000081,912,2725,-1813
108000082,1149,2248,-1099
108000083,1871,1051,820
108000084,467,1537,-1070
108000085,699,477,222
108000086,890,926,-36
108000087,114,1849,-1735
108000088,800,219,581
108000089,436,332,104
108000091,203,672,-469
108000092,184,102,82
108000093,191,838,-647
108000094,550,132,418
108000095,193,581,-388
108000096,309,251,58
108000097,135,645,-510
108000098,1430,1781,-351
108000099,1134,334,800
108000100,152,574,-422
108000101,1496,1566,-70
108000102,1750,3576,-1826
108000106,1381,3,1378
108000107,1,775,-774
108000108,677,69,608
108000109,5,850,-845
108000110,149,528,-379
108000111,205,863,-658
108000112,84,138,-54
108000113,631,347,284
108000115,440,381,59
108000117,835,438,397
108000118,595,1649,-1054
108000119,792,492,300
108000120,107,789,-682
108000121,200,637,-437
108000122,436,418,18
108000123,673,231,442
108000124,321,398,-77
108000125,303,336,-33
108000126,192,615,-423
108000127,563,450,113
108000128,664,688,-24
108000129,391,1083,-692
108000130,391,410,-19
108000131,922,510,412
108000132,2118,1785,333
108000133,831,611,220
108000134,799,813,-14
108000135,1075,517,558
108000136,742,1903,-1161
108000137,493,566,-73
108000138,335,1308,-973
108000139,381,386,-5
108000140,77,18,59
108000141,52,120,-68
108000142,88,148,-60
108000143,46,660,-614
108000144,366,82,284
108000145,54,42,12
108000146,421,75,346
108000147,166,60,106
108000148,577,93,484
108000149,65,43,22
108000150,44,12,32
108000151,306,83,223
108000152,116,630,-514
108000153,444,151,293
108000154,127,26,101
108000155,38,26,12
108000156,926,630,296
108000157,206,784,-578
108000158,108,638,-530
108000159,712,234,478
108000160,4758,1169,3589
108000161,3837,2383,1454
108000165,5,154,-149
108000172,5,342,-337
108000173,2786,1843,943
108000175,440,165,275
108000178,567,435,132
108000179,237,763,-526
108000181,68,43,25
108000182,350,100,250
108000183,116,425,-309
108000184,1286,1928,-642
108000185,189,624,-435
108000186,381,641,-260
108000187,74,739,-665
108000188,572,280,292
108000189,2965,6482,-3517
108000190,114,411,-297
108000192,195,696,-501
108000193,864,36,828
108000194,52,12,40
108000195,4,1319,-1315
108000196,200,214,-14
108000198,884,510,374
108000199,0,192,-192
108000200,356,696,-340
108000203,125,848,-723
108000204,115,48,67
108000205,369,500,-131
108000339,1745,426,1319
108000364,337,934,-597
108000365,68,343,-275
108000367,104,478,-374
108000368,11,106,-95
108000369,1538,211,1327
108000371,4,752,-748
108000372,641,9,632
108000373,294,213,81
108000376,59,22,37
108000377,380,397,-17
108000378,9296,10984,-1688
108000379,19,215,-196
108000381,67,27,40
108000382,261,0,261
108000383,1,257,-256
108900001,110,1225,-1115
108900002,180,75,105
108900003,435,973,-538
108900004,180,353,-173
108900007,214,195,19
108900008,66,179,-113
108900009,71,140,-69
108900010,179,181,-2
108900011,317,453,-136
108900012,316,454,-138
108900013,127,301,-174
108900014,3,113,-110
108900015,5,31,-26
108900016,0,239,-239
108900017,283,246,37
108900018,114,588,-474
108900019,65,1019,-954
108900020,52,269,-217
108900021,87,282,-195
108900022,103,0,103
108900023,24,27,-3
108900024,15,149,-134
108900025,97,156,-59
108900026,12,108,-96
108900027,0,62,-62
108900028,62,385,-323
108900029,54,322,-268
108900030,0,88,-88
108900031,85,575,-490
108900032,6,234,-228
108900033,0,62,-62
108900034,0,276,-276
108900035,326,1545,-1219
108900038,0,398,-398
108900039,0,566,-566
108900040,2,133,-131
108900041,5835,2656,3179
108900042,8,344,-336
108900043,46,489,-443
108900044,3,678,-675
108900045,65,595,-530
108900046,67,818,-751
108900047,6,125,-119
108900048,100,1116,-1016
108900049,5169,1128,4041
108900050,3,273,-270
108900051,2,231,-229
108900052,48,303,-255
108900053,102,192,-90
108900054,65,223,-158
108900055,55,420,-365
108900056,0,187,-187
108900057,1,162,-161
108900058,40,419,-379
108900059,340,25,315
108900060,103,247,-144
108900061,84,41,43
108900062,6,346,-340
108900063,11,367,-356
108900064,165,89,76
108900065,7,371,-364
108900066,232,120,112
108900067,22,211,-189
108900068,8,244,-236
108900069,38,139,-101
108900070,20,155,-135
108900071,69,77,-8
108900072,2547,545,2002
108900073,24,435,-411
108900074,142,687,-545
108900075,99,66,33
108900076,235,90,145
108900077,178,570,-392
108900078,15,219,-204
108900079,977,227,750
108900080,19,854,-835
108900081,58,279,-221
108900082,61,142,-81
108900083,14,269,-255
108900085,2386,186,2200
108900086,82,318,-236
108900087,124,228,-104
108900088,1032,393,639
108900089,11,129,-118
108900090,34,443,-409
108900091,124,92,32
108900092,452,328,124
108900093,69,110,-41
108900094,238,102,136
108900095,69,551,-482
108900096,378,27,351
108900097,252,243,9
108900098,3060,495,2565
108900099,266,321,-55
108900100,55,169,-114
108900101,159,116,43
108900102,138,678,-540
108900103,79,100,-21
108900105,4,1115,-1111
108900106,348,496,-148
108900108,686,58,628
108900109,344,91,253
108900110,207,529,-322
108900111,408,680,-272
108900113,67,100,-33
108900114,39,41,-2
108900115,57,87,-30
108900116,72,23,49
108900117,153,23,130
108900118,434,10,424
108900119,229,42,187
108900120,250,157,93
108900121,294,77,217
108900122,99,26,73
108900123,147,111,36
108900124,376,222,154
108900125,221,3,218
108900126,101,17,84
108900127,132,23,109
108900128,103,39,64
108900129,682,166,516
108900130,211,3,208
108900131,396,4,392
108900132,366,80,286
108900133,209,45,164
108900134,257,342,-85
108900135,133,6,127
108900136,22,1,21
108900137,106,1,105
108900138,647,30,617
108900140,249,291,-42
108900141,296,15,281
108900142,76,10,66
108900143,33,1,32
108900144,105,0,105
108900145,132,7,125
108900146,41,0,41
108900147,198,0,198
108900148,88,37,51
108900150,230,6,224
108900151,129,0,129
108900152,130,0,130
108900153,166,562,-396
108900154,4219,435,3784
108900156,70,9,61
108900157,23,586,-563
108900158,293,47,246
108900159,4,317,-313
108900160,16,299,-283
108900161,5,530,-525
108900162,63,3,60
108900163,4,287,-283
108900164,42,112,-70
108900168,9692,2203,7489
108900169,52,145,-93
108900171,8911,2844,6067
108900172,216,53,163
108900173,185,399,-214
108900174,658,612,46
108900176,100,568,-468
108900177,7630,4769,2861
108900178,4821,2669,2152
108900180,123,395,-272
108900183,182,209,-27
108900184,376,212,164
108900185,125,361,-236
108900186,73,391,-318
108900189,298,173,125
108900190,45,3191,-3146
108900192,62,233,-171
108900195,129,354,-225
108900196,37,543,-506
108900199,233,374,-141
108900200,943,391,552
108900201,441,1491,-1050
108900203,464,85,379
108900204,335,23,312
108900205,137,42,95
108900206,351,26,325
108900207,169,59,110
108900208,22,359,-337
108900209,301,555,-254
108900210,144,216,-72
108900211,165,406,-241
108900212,729,1222,-493
108900215,114,586,-472
108900216,493,93,400
108900217,144,0,144
108900218,185,11,174
108900221,41,116,-75
108900224,26,148,-122
108900225,1,199,-198
108900227,95,258,-163
108900230,340,322,18
108900232,1,297,-296
108900233,308,79,229
108900234,264,145,119
108900235,197,643,-446
108900236,27,342,-315
108900240,81,104,-23
108900241,25,43,-18
108900245,11,1128,-1117
108900250,119,138,-19
108900258,10,307,-297
108900259,81,88,-7
108900260,16,98,-82
108900261,140,164,-24
108900262,239,232,7
108900263,42,225,-183
108900264,745,313,432
108900265,1212,341,871
108900266,1052,425,627
108900267,6,63,-57
108900268,4,5,-1
108900269,64,8,56
108900270,68,8,60
108900271,77,9,68
108900272,177,10,167
108900273,1171,662,509
108900274,62,99,-37
109000001,4469,1425,3044
109000002,2298,1433,865
109000003,2571,623,1948
109000004,626,2957,-2331
109000005,2855,919,1936
109000006,927,2552,-1625
109000007,1401,875,526
109000008,634,2286,-1652
109000009,3867,1650,2217
109000010,1667,3981,-2314
109000011,3404,2351,1053
109000012,2234,4401,-2167
109000013,3017,3153,-136
109000014,1835,4158,-2323
109000015,4903,8622,-3719
109000016,9138,4713,4425
109000017,2388,1465,923
109000018,1826,4488,-2662
109000019,3259,1645,1614
109000020,1659,3038,-1379
109000023,269,43,226
109000024,7,283,-276
109000025,482,672,-190
109000026,1091,452,639
109000027,81,365,-284
109000028,158,131,27
109000029,142,264,-122
109000030,85,634,-549
109000031,179,154,25
109000032,131,482,-351
109000033,453,174,279
109000034,62,38,24
109000035,25,79,-54
109000036,128,386,-258
109000037,253,1214,-961
109000038,627,418,209
109000039,797,586,211
109000040,2921,4847,-1926
109000041,4994,1769,3225
109000042,936,1365,-429
109000044,459,220,239
109000045,263,539,-276
109000046,319,101,218
109000047,149,494,-345
109000048,1527,562,965
109000049,366,537,-171
109000050,655,713,-58
109000051,434,259,175
109000052,581,1443,-862
109000053,1428,520,908
109000054,292,736,-444
109000055,345,382,-37
109000056,316,520,-204
109000057,483,458,25
109000058,2019,454,1565
109000059,746,868,-122
109000060,751,518,233
109000061,1398,909,489
109000062,126,302,-176
109000063,195,236,-41
109000064,207,173,34
109000065,108,390,-282
109000066,349,119,230
109000067,70,363,-293
109000068,1972,11,1961
109000069,960,32,928
109000070,4,1168,-1164
109000071,369,87,282
109000072,244,756,-512
109000073,65,135,-70
109000074,65,299,-234
109000075,111,386,-275
109000076,193,308,-115
109000077,463,455,8
109000078,91,194,-103
109000079,173,197,-24
109000080,139,148,-9
109000081,116,656,-540
109000082,600,260,340
109000083,331,909,-578
109000088,162,545,-383
109000089,243,46,197
109000090,181,509,-328
109000091,290,166,124
109000092,380,619,-239
109000093,220,204,16
109000094,505,2,503
109000095,164,570,-406
109000096,606,295,311
109000097,90,189,-99
109000098,63,140,-77
109000099,801,432,369
109000100,239,810,-571
109000101,1242,888,354
109000102,320,951,-631
109000103,745,754,-9
109000104,1278,716,562
109000105,612,1501,-889
109000106,1800,847,953
109000107,664,2444,-1780
109000108,1491,644,847
109000109,516,2262,-1746
109000110,1164,626,538
109000111,1125,2352,-1227
109000112,475,157,318
109000113,545,270,275
109000114,144,556,-412
109000115,1640,139,1501
109000116,22,714,-692
109000117,158,133,25
109000118,14,337,-323
109000119,920,444,476
109000120,154,1072,-918
109000121,574,154,420
109000122,144,1109,-965
109000123,43,316,-273
109000124,490,539,-49
109000125,897,479,418
109000126,509,1144,-635
109000127,1234,381,853
109000128,541,2168,-1627
109000129,1689,714,975
109000130,1056,3904,-2848
109000131,1419,1030,389
109000132,1301,3763,-2462
109000133,447,1092,-645
109000134,976,1828,-852
109000135,1605,1946,-341
109000136,405,375,30
109000137,376,444,-68
109000138,593,454,139
109000139,435,611,-176
109000140,351,955,-604
109000141,735,648,87
109000142,148,528,-380
109000143,152,116,36
109000145,62,359,-297
109000146,96,82,14
109000148,4123,1692,2431
109000149,50,48,2
109000150,211,253,-42
109000155,627,755,-128
109000156,1534,797,737
109000158,156,348,-192
109000159,137,612,-475
109000160,869,245,624
109000161,336,1382,-1046
109000162,1861,856,1005
109000163,957,2156,-1199
109000164,1239,2801,-1562
109000165,1033,644,389
109000166,522,77,445
109000167,86,587,-501
109000170,54,67,-13
109000171,59,68,-9
109000172,64,98,-34
109000173,34,93,-59
109000174,108,73,35
109000175,134,437,-303
109000176,417,323,94
109000177,35,141,-106
109000178,589,438,151
109000179,6700,4342,2358
109000180,6805,3716,3089
109000181,35,41,-6
109000182,22,53,-31
109000183,22,40,-18
109000184,103,65,38
109000185,57,113,-56
109000188,818,2590,-1772
109000189,3187,1120,2067
109000190,661,566,95
109000191,341,620,-279
109000192,354,311,43
109000193,189,403,-214
109000194,197,180,17
109000195,128,476,-348
109000196,271,138,133
109000197,137,479,-342
109000198,281,71,210
109000199,109,534,-425
109000206,267,33,234
109000207,136,61,75
109000208,91,99,-8
109000209,159,165,-6
109000210,236,685,-449
109000211,551,713,-162
109000214,517,1220,-703
109000215,209,105,104
109000216,307,206,101
109000217,270,117,153
109000218,325,268,57
109000221,563,1280,-717
109000222,889,296,593
109000223,337,385,-48
109000224,50,214,-164
109000225,114,79,35
109000226,141,426,-285
109000227,911,1293,-382
109000228,4,466,-462
109000231,7,384,-377
109000232,358,569,-211
109000236,280,1102,-822
109000241,2393,2542,-149
109000242,1811,1843,-32
109000293,64,253,-189
109000361,194,316,-122
109000364,216,642,-426
109000396,8,721,-713
109000397,449,6,443
109000399,225,582,-357
109000400,87,485,-398
109000403,100,1130,-1030
109000406,517,5,512
109000407,286,283,3
109000408,1,885,-884
109000410,1156,320,836
109000411,141,55,86
109000412,12,135,-123
109900001,126,0,126
109900002,813,12,801
109900003,276,0,276
109900005,13,6,7
109900006,340,251,89
109900007,620,814,-194
109900008,0,39,-39
109900009,142,712,-570
109900010,440,20,420
109900011,88,35,53
109900012,274,194,80
109900013,364,143,221
109900014,309,57,252
109900015,640,258,382
109900016,121,36,85
109900017,200,187,13
109900018,206,100,106
109900019,271,65,206
109900020,26,46,-20
109900021,34,20,14
109900022,139,354,-215
109900023,38,6,32
109900024,28,3,25
109900025,13,36,-23
109900027,35,42,-7
109900028,2371,995,1376
109900029,4,465,-461
109900030,50,6,44
109900031,2,82,-80
109900032,10,358,-348
109900033,0,454,-454
109900034,19,4,15
109900035,8,11,-3
109900036,7,93,-86
109900037,35,576,-541
109900038,63,221,-158
109900039,8,0,8
109900040,15,711,-696
109900041,55,426,-371
109900042,52,368,-316
109900044,104,327,-223
109900045,147,46,101
109900046,145,113,32
109900047,403,405,-2
109900048,0,85,-85
109900049,11,35,-24
109900050,1,310,-309
109900051,0,79,-79
109900052,84,353,-269
109900053,13,484,-471
109900054,487,193,294
109900055,53,352,-299
109900056,24,306,-282
109900057,8,299,-291
109900058,0,121,-121
109900060,389,179,210
109900061,74,293,-219
109900062,3,235,-232
109900064,512,287,225
109900065,118,105,13
109900066,404,1082,-678
109900067,2,396,-394
109900068,49,3,46
109900069,1,46,-45
109900071,0,34,-34
109900072,34,194,-160
109900073,287,659,-372
109900074,6,67,-61
109900075,19,28,-9
109900076,36,504,-468
109900077,26,87,-61
109900078,95,243,-148
109900080,112,327,-215
109900081,27,166,-139
109900082,30,462,-432
109900083,35,97,-62
109900084,81,151,-70
109900085,231,994,-763
109900086,144,578,-434
109900087,476,501,-25
109900089,615,185,430
109900092,1267,12,1255
109900093,730,118,612
109900094,72,115,-43
109900095,156,278,-122
109900096,31,1,30
109900097,71,2,69
109900098,389,31,358
109900099,169,1,168
109900100,62,0,62
109900101,376,9,367
109900102,407,29,378
109900103,27,57,-30
109900104,496,983,-487
109900105,507,21,486
109900106,352,60,292
109900107,491,122,369
109900108,102,506,-404
109900109,34,163,-129
109900111,309,1099,-790
109900114,1559,377,1182
109900115,172,119,53
109900117,762,131,631
109900121,383,403,-20
109900123,9,190,-181
109900125,0,227,-227
109900126,182,154,28
109900130,10224,2429,7795
109900131,72,215,-143
109900132,41,163,-122
109900134,78,127,-49
109900135,471,94,377
109900137,156,400,-244
109900140,175,324,-149
109900149,42,74,-32
109900150,3,83,-80
109900151,2,65,-63
109900152,1,37,-36
109900153,0,38,-38
109900154,52,1,51
109900155,62,28,34
109900157,42,275,-233
109900159,180,27,153
109900161,171,57,114
109900162,156,110,46
109900163,793,406,387
109900164,43,332,-289
109900165,182,8,174
109900166,0,190,-190
109900167,213,602,-389
109900168,166,739,-573
109900169,146,219,-73
109900170,340,731,-391
109900171,146,125,21
109900172,144,304,-160
109900173,4226,2148,2078
109900174,75,141,-66
109900175,76,90,-14
109900176,88,188,-100
109900177,33,244,-211
109900178,7,103,-96
109900179,77,21,56
109900180,7,7,0
110000001,1159,594,565
110000002,743,744,-1
110000003,914,723,191
110000004,492,692,-200
110000005,746,2083,-1337
110000006,673,419,254
110000007,139,158,-19
110000008,22,63,-41
110000009,62,42,20
110000010,49,66,-17
110000011,56,98,-42
110000012,842,509,333
110000013,39,748,-709
110000014,741,483,258
110000015,285,812,-527
110000016,303,2067,-1764
110000017,3537,245,3292
110000018,3100,485,2615
110000019,6,96,-90
110000020,409,229,180
110000021,1062,574,488
110000022,824,204,620
110000023,13,165,-152
110000024,850,484,366
110000025,258,2,256
110000026,5,482,-477
110000027,1587,421,1166
110000028,1078,858,220
110000029,530,922,-392
110000030,245,491,-246
110000031,310,629,-319
110000032,819,635,184
110000033,531,95,436
110000034,522,869,-347
110000035,1414,735,679
110000036,1655,884,771
110000037,292,632,-340
110000038,254,824,-570
110000039,848,3691,-2843
110000040,841,495,346
110000041,350,1539,-1189
110000042,212,364,-152
110000043,1038,466,572
110000044,300,227,73
110000045,1887,181,1706
110000046,67,34,33
110000047,82,44,38
110000048,19,10,9
110000049,109,16,93
110000050,16,35,-19
110000051,130,13,117
110000052,65,51,14
110000053,214,14,200
110000054,230,188,42
110000055,815,45,770
110000056,246,68,178
110000057,470,833,-363
110000058,1460,658,802
110000059,963,676,287
110000060,710,1150,-440
110000061,968,853,115
110000062,619,1059,-440
110000063,32,79,-47
110000064,140,112,28
110000065,68,70,-2
110000066,96,42,54
110000067,136,306,-170
110000068,420,365,55
110000069,162,132,30
110000071,116,195,-79
110000073,4,25,-21
110000075,10,134,-124
110000076,263,338,-75
110000077,459,1399,-940
110000078,15,70,-55
110000080,371,814,-443
110000081,60,350,-290
110000082,82,353,-271
110000083,290,820,-530
110000084,1147,760,387
110000085,2678,1935,743
110000086,1481,2064,-583
110000087,8,62,-54
110000088,80,312,-232
110000089,192,183,9
110000090,198,385,-187
110000091,1904,479,1425
110000092,40,67,-27
110000093,62,14,48
110000094,583,280,303
110000095,215,741,-526
110000096,3165,1930,1235
110000097,992,1410,-418
110000098,2243,873,1370
110000099,1058,1941,-883
110000100,577,679,-102
110000101,26,510,-484
110000102,76,52,24
110000104,412,112,300
110000105,86,288,-202
110000106,756,484,272
110000107,435,489,-54
110000108,173,52,121
110000109,319,319,0
110000110,3410,1454,1956
110000111,4248,2436,1812
110000112,1482,1106,376
110000113,542,2312,-1770
110000114,179,590,-411
110000115,334,370,-36
110000116,43,67,-24
110000117,200,449,-249
110000118,434,225,209
110000119,195,411,-216
110000120,372,208,164
110000121,135,432,-297
110000122,1759,735,1024
110000123,498,633,-135
110000124,4,953,-949
110000125,1069,5,1064
110000126,305,25,280
110000127,1219,43,1176
110000128,24,1183,-1159
110000129,9,699,-690
110000130,519,196,323
110000131,90,726,-636
110000132,7,931,-924
110000133,47,559,-512
110000134,21,494,-473
110000135,176,30,146
110000136,88,380,-292
110000137,712,760,-48
110000138,775,878,-103
110000139,777,1538,-761
110000140,1456,688,768
110000143,738,454,284
110000144,5500,1566,3934
110000145,1933,891,1042
110000146,1748,807,941
110000147,501,895,-394
110000148,752,303,449
110000151,1484,1913,-429
110000152,3362,860,2502
110000153,80,86,-6
110000154,7,20,-13
110000155,1361,3849,-2488
110000156,1174,2054,-880
110000157,1841,1777,64
110000160,416,414,2
110000161,224,461,-237
110000166,356,114,242
110000167,823,648,175
110000168,878,526,352
110000169,698,399,299
110000170,175,115,60
110000171,584,197,387
110000172,148,969,-821
110000173,1318,1591,-273
110000174,251,1375,-1124
110000175,525,111,414
110000176,80,298,-218
110000177,157,986,-829
110000178,505,1385,-880
110000179,1464,430,1034
110000180,189,356,-167
110000181,419,548,-129
110000182,328,232,96
110000183,12090,6981,5109
110000184,840,2467,-1627
110000185,2058,947,1111
110000186,872,1143,-271
110000191,553,428,125
110000192,435,7,428
110000193,849,3,846
110000194,19,1396,-1377
110000195,364,465,-101
110000196,332,464,-132
110000197,130,211,-81
110000198,140,74,66
110000199,61,140,-79
110000200,1321,529,792
110000201,1035,859,176
110000202,1163,560,603
110000203,866,937,-71
110000204,10,320,-310
110000205,94,71,23
110000206,704,1608,-904
110000207,804,412,392
110000208,231,206,25
110000209,121,1024,-903
110000210,846,723,123
110000211,1019,1015,4
110000212,424,1077,-653
110000213,277,80,197
110000214,236,127,109
110000215,210,496,-286
110000216,85,538,-453
110000217,241,189,52
110000218,123,463,-340
110000219,248,99,149
110000220,94,349,-255
110000221,322,143,179
110000222,88,234,-146
110000223,10,214,-204
110000224,127,14,113
110000225,262,711,-449
110000226,298,92,206
110000227,875,788,87
110000228,451,359,92
110000229,1,328,-327
110000230,722,814,-92
110000231,163,206,-43
110000232,254,241,13
110000233,162,312,-150
110000234,1092,574,518
110000235,1234,1153,81
110000236,692,1054,-362
110000237,2944,1441,1503
110000238,1298,1630,-332
110000239,2098,1350,748
110000240,0,125,-125
110000242,0,8,-8
110000243,91,184,-93
110000244,137,365,-228
110000245,44,428,-384
110000246,858,648,210
110000247,1158,3993,-2835
110000248,2561,1082,1479
110000249,126,6,120
110000250,71,312,-241
110000251,285,874,-589
110000252,185,272,-87
110000253,1345,795,550
110000254,786,1810,-1024
110000255,257,1107,-850
110000256,589,322,267
110000257,629,216,413
110000258,5,527,-522
110000259,136,31,105
110000260,10,420,-410
110000263,694,166,528
110000264,269,539,-270
110000265,1199,2197,-998
110000266,2198,2410,-212
110000267,33,219,-186
110000268,272,523,-251
110000269,1,82,-81
110000270,68,0,68
110000271,2013,308,1705
110000272,1210,1147,63
110000273,3921,1462,2459
110000274,232,1278,-1046
110000275,2454,508,1946
110000276,318,490,-172
110000277,324,389,-65
110000278,368,883,-515
110000279,673,802,-129
110000280,368,468,-100
110000281,49,304,-255
110000282,342,56,286
110000283,105,156,-51
110000284,98,43,55
110000285,1,369,-368
110000286,25,0,25
110000287,42,8,34
110000288,6,107,-101
110000289,601,1477,-876
110000290,1067,682,385
110000291,3913,764,3149
110000292,1386,4295,-2909
110000293,885,2668,-1783
110000294,857,1226,-369
110000295,1380,2095,-715
110000296,374,335,39
110000297,2721,390,2331
110000298,318,802,-484
110000299,594,78,516
110000301,369,34,335
110000302,457,1367,-910
110000303,505,14,491
110000304,202,301,-99
110000305,1078,16,1062
110000306,144,1039,-895
110000307,1412,4,1408
110000308,564,9,555
110000309,58,1272,-1214
110000310,571,85,486
110000311,68,2557,-2489
110000312,520,105,415
110000313,3343,4925,-1582
110000314,9,484,-475
110000315,3705,2236,1469
110000316,545,1320,-775
110000317,619,466,153
110000318,8,110,-102
110000319,29,29,0
110000320,129,53,76
110000321,15,53,-38
110000322,323,487,-164
110000323,485,225,260
110000324,3816,845,2971
110000325,2920,2902,18
110000327,528,323,205
110000328,371,580,-209
110000333,933,650,283
110000334,839,1139,-300
110000335,904,585,319
110000336,708,1305,-597
110000337,1403,588,815
110000338,393,209,184
110000339,274,283,-9
110000340,104,224,-120
110000341,521,906,-385
110000342,490,6,484
110000343,6,42,-36
110000344,274,171,103
110000345,385,130,255
110000346,2545,1809,736
110000347,1313,868,445
110000348,60,25,35
110000349,23,31,-8
110000350,40,3,37
110000351,823,893,-70
110000352,744,1906,-1162
110000353,3292,823,2469
110000354,2146,4434,-2288
110000355,77,92,-15
110000356,838,15,823
110000357,498,13,485
110000361,13,98,-85
110000362,47,20,27
110000363,217,154,63
110000364,208,542,-334
110000365,159,5,154
110000366,2,122,-120
110000367,415,181,234
110000368,2,61,-59
110000369,26,0,26
110000373,3,307,-304
110000374,302,18,284
110000375,116,1162,-1046
110000376,35,153,-118
110000377,72,663,-591
110000378,18,483,-465
110000379,3869,1826,2043
110000380,57,13,44
110000383,3,1211,-1208
110000384,2558,855,1703
110000385,1,519,-518
110000387,70,15,55
110000388,41,310,-269
110000389,669,7,662
110000391,590,360,230
110000396,185,156,29
110000397,112,170,-58
110000398,9,89,-80
110000399,235,5,230
110000587,123,52,71
110000589,257,235,22
110000640,271,118,153
110000652,89,279,-190
110000653,382,481,-99
110000654,109,39,70
110000656,6,657,-651
110000674,13,16,-3
110000675,11,15,-4
110000676,2,48,-46
110000679,615,1241,-626
110000682,169,181,-12
110000683,494,632,-138
110000684,3,59,-56
110000685,7,13,-6
110000686,0,32,-32
110000687,72,3,69
110000688,102,795,-693
110000689,53,63,-10
110000692,96,214,-118
110000693,251,283,-32
110000694,0,187,-187
110000695,336,1189,-853
110000696,110,121,-11
110000698,354,1722,-1368
110000699,1819,614,1205
110900001,289,8,281
110900002,748,293,455
110900003,604,916,-312
110900004,268,217,51
110900005,3495,1916,1579
110900006,40,16,24
110900007,115,24,91
110900008,31,69,-38
110900009,454,86,368
110900010,11,81,-70
110900011,26,112,-86
110900012,10,113,-103
110900013,963,204,759
110900014,249,16,233
110900015,837,550,287
110900016,41,175,-134
110900017,384,54,330
110900018,436,50,386
110900019,145,29,116
110900020,77,409,-332
110900021,71,627,-556
110900022,80,324,-244
110900023,76,619,-543
110900024,38,459,-421
110900025,49,95,-46
110900027,43,245,-202
110900028,51,131,-80
110900029,29,379,-350
110900030,44,291,-247
110900031,26,163,-137
110900032,0,85,-85
110900033,44,271,-227
110900035,15,605,-590
110900036,113,39,74
110900037,73,45,28
110900038,1251,216,1035
110900039,15,266,-251
110900040,203,48,155
110900041,10,142,-132
110900042,134,64,70
110900043,5,186,-181
110900044,243,25,218
110900045,36,479,-443
110900046,74,307,-233
110900047,636,221,415
110900049,56,63,-7
110900050,29,7,22
110900051,48,247,-199
110900052,7,220,-213
110900053,115,46,69
110900054,23,282,-259
110900055,20,2,18
110900056,64,106,-42
110900057,1,238,-237
110900058,216,219,-3
110900059,634,712,-78
110900060,425,120,305
110900061,33,61,-28
110900062,122,288,-166
110900063,45,156,-111
110900064,11,1,10
110900065,466,148,318
110900066,8,99,-91
110900067,408,677,-269
110900068,248,230,18
110900069,4,27,-23
110900070,131,54,77
110900071,311,559,-248
110900073,2,27,-25
110900074,231,111,120
110900075,311,76,235
110900077,703,589,114
110900078,37,115,-78
110900079,2814,1137,1677
110900080,84,75,9
110900081,10,90,-80
110900082,117,191,-74
110900083,114,46,68
110900084,60,146,-86
110900085,55,384,-329
110900086,43,255,-212
110900087,273,66,207
110900088,9,1,8
110900090,18,51,-33
110900091,0,51,-51
110900093,314,160,154
110900095,60,32,28
110900097,12,39,-27
110900098,49,127,-78
110900099,49,505,-456
110900100,0,23,-23
110900102,97,37,60
110900105,678,407,271
110900108,2,123,-121
110900111,448,152,296
110900112,789,4,785
110900113,528,72,456
110900115,9,126,-117
110900116,614,2202,-1588
110900118,157,2768,-2611
110900119,4795,359,4436
110900120,9,135,-126
110900121,89,0,89
110900122,309,169,140
110900125,338,379,-41
110900127,555,1212,-657
110900128,428,523,-95
110900129,369,616,-247
110900130,1344,603,741
110900131,203,53,150
110900132,244,39,205
110900133,70,240,-170
110900135,86,392,-306
110900136,315,21,294
110900138,0,0,0
110900139,37,1,36
110900140,0,0,0
110900141,948,267,681
110900142,72,219,-147
110900143,161,93,68
110900144,2,836,-834
110900145,137,32,105
110900146,515,90,425
110900147,150,336,-186
110900148,3,310,-307
110900149,13,120,-107
110900150,75,8,67
110900151,1,76,-75
110900152,21,289,-268
110900153,85,34,51
111000001,1228,922,306
111000002,1077,1086,-9
111000003,1728,1472,256
111000004,808,1617,-809
111000005,1817,1744,73
111000006,1358,2250,-892
111000007,4954,4322,632
111000008,4436,4568,-132
111000009,465,1128,-663
111000010,850,420,430
111000011,638,1496,-858
111000012,966,499,467
111000013,517,1327,-810
111000014,1680,818,862
111000017,181,898,-717
111000018,300,427,-127
111000020,1199,2037,-838
111000021,90,165,-75
111000023,99,148,-49
111000025,6613,3850,2763
111000029,93,98,-5
111000030,32,114,-82
111000031,2118,1424,694
111000032,731,372,359
111000033,368,271,97
111000034,384,273,111
111000037,1010,672,338
111000038,4665,3171,1494
111000039,2217,2768,-551
111000040,1953,3058,-1105
111000041,1668,1907,-239
111000042,4346,3019,1327
111000043,2084,3117,-1033
111000044,1611,1130,481
111000045,2091,2178,-87
111000046,1503,1827,-324
111000047,2302,4567,-2265
111000049,561,685,-124
111000050,2382,2023,359
111000051,519,1419,-900
111000052,630,2074,-1444
111000053,443,1203,-760
111000054,415,1280,-865
111000055,242,952,-710
111000056,461,816,-355
111000057,82,734,-652
111000058,307,115,192
111000059,567,326,241
111000060,4031,1159,2872
111000061,503,512,-9
111000062,672,444,228
111000063,2142,1168,974
111000064,532,761,-229
111000065,1038,1101,-63
111000066,477,492,-15
111000067,652,772,-120
111000068,597,1188,-591
111000069,2049,2570,-521
111000070,2281,1460,821
111000071,295,789,-494
111000072,985,504,481
111000073,325,1162,-837
111000074,1556,1802,-246
111000075,1081,840,241
111000076,462,928,-466
111000077,1778,2125,-347
111000078,3273,1567,1706
111000079,1583,850,733
111000080,557,891,-334
111000081,2141,5323,-3182
111000082,640,892,-252
111000084,888,741,147
111000085,1326,1952,-626
111000086,3367,1651,1716
111000087,817,866,-49
111000088,6918,2457,4461
111000089,778,936,-158
111000090,1027,1524,-497
111000091,752,725,27
111000092,1142,1104,38
111000093,660,1107,-447
111000094,1987,1250,737
111000095,734,2438,-1704
111000096,2314,7868,-5554
111000097,5700,1784,3916
111000098,1227,1406,-179
111000099,657,2386,-1729
111000100,355,2130,-1775
111000101,514,1046,-532
111000102,221,790,-569
111000104,521,261,260
111000107,97,798,-701
111000109,576,326,250
111000110,1655,834,821
111000111,1895,595,1300
111000112,1597,633,964
111000113,963,1422,-459
111000114,2441,3429,-988
111000115,7537,1296,6241
111000116,1001,1261,-260
111000117,609,1274,-665
111000118,1774,1212,562
111000119,1092,1424,-332
111000120,520,732,-212
111000121,323,725,-402
111000122,821,1296,-475
111000123,774,1740,-966
111000124,601,3518,-2917
111000125,297,2174,-1877
111000126,884,2251,-1367
111000127,843,199,644
111000128,1525,367,1158
111000129,2754,526,2228
111000130,1778,818,960
111000131,1359,689,670
111000132,1121,768,353
111000133,213,214,-1
111000134,148,143,5
111000135,75,147,-72
111000136,352,433,-81
111000138,19,25,-6
111000140,2,4,-2
111000141,315,257,58
111000142,21,155,-134
111000143,4,101,-97
111000144,67,199,-132
111000145,1968,23,1945
111000146,114,8,106
111000147,308,45,263
111000148,386,70,316
111000149,3,56,-53
111000150,100,11,89
111000151,10,33,-23
111000153,667,724,-57
111000154,1006,237,769
111000155,105,198,-93
111000156,506,563,-57
111000157,228,906,-678
111000158,1120,821,299
111000159,3212,712,2500
111000160,302,420,-118
111000161,35,323,-288
111000162,64,206,-142
111000163,744,1349,-605
111000164,950,4774,-3824
111000165,1625,634,991
111000166,2266,497,1769
111000167,240,672,-432
111000168,248,559,-311
111000169,326,771,-445
111000170,615,604,11
111000171,495,898,-403
111000172,185,694,-509
111000173,440,1424,-984
111000174,237,627,-390
111000175,72,341,-269
111000176,366,202,164
111000177,308,378,-70
111000178,1519,385,1134
111000179,183,242,-59
111000180,218,515,-297
111000181,924,432,492
111000182,152,313,-161
111000183,453,453,0
111000184,437,322,115
111000185,397,630,-233
111000186,381,311,70
111000187,148,294,-146
111000188,246,556,-310
111000189,1470,746,724
111000190,204,550,-346
111000191,174,551,-377
111000192,195,679,-484
111000193,465,524,-59
111000194,36,461,-425
111000195,133,418,-285
111000196,54,287,-233
111000197,329,205,124
111000198,479,117,362
111000199,198,191,7
111000200,308,387,-79
111000201,505,289,216
111000202,236,285,-49
111000203,270,261,9
111000204,543,858,-315
111000213,210,570,-360
111000214,1712,2214,-502
111000215,1243,1721,-478
111000217,1353,908,445
111000218,1145,1058,87
111000219,558,296,262
111000220,2572,816,1756
111000221,1098,133,965
111000224,202,603,-401
111000225,409,355,54
111000226,225,8,217
111000227,86,3,83
111000228,16,360,-344
111000229,36,702,-666
111000230,306,517,-211
111000231,966,1198,-232
111000232,546,997,-451
111000233,634,947,-313
111000234,136,368,-232
111000239,128,201,-73
111000240,26,248,-222
111000241,57,466,-409
111000242,108,110,-2
111000243,166,923,-757
111000244,377,122,255
111000245,1191,659,532
111000246,442,515,-73
111000247,209,1010,-801
111000248,558,536,22
111000249,418,861,-443
111000250,50,140,-90
111000251,50,139,-89
111000253,7,24,-17
111000255,19,14,5
111000257,20,20,0
111000260,61,857,-796
111000261,1152,100,1052
111000271,102,378,-276
111000273,6563,2433,4130
111000274,1300,2710,-1410
111000275,179,97,82
111000276,1492,4328,-2836
111000277,240,446,-206
111000278,593,310,283
111000291,903,5723,-4820
111000298,593,305,288
111000299,699,127,572
111000300,94,660,-566
111000302,254,94,160
111000303,93,279,-186
111000312,69,94,-25
111000315,42,347,-305
111000320,420,800,-380
111000321,288,124,164
111000322,320,575,-255
111000323,197,21,176
111000324,344,305,39
111000325,23,85,-62
111000326,198,501,-303
111000327,445,620,-175
111000328,281,632,-351
111000329,5,45,-40
111000330,66,40,26
111000331,12,18,-6
111000332,601,1616,-1015
111000334,444,1962,-1518
111000335,867,282,585
111000337,1174,484,690
111000338,61,135,-74
111000339,471,576,-105
111000340,107,854,-747
111000341,1299,901,398
111000342,452,803,-351
111000344,1043,797,246
111000345,345,95,250
111000346,21,131,-110
111000347,140,8,132
111000350,233,189,44
111000351,99,255,-156
111000352,179,125,54
111000353,143,347,-204
111000354,584,152,432
111000355,467,609,-142
111000358,143,1714,-1571
111000360,128,984,-856
111000361,105,388,-283
111000546,669,757,-88
111000547,263,677,-414
111000548,114,270,-156
111000549,268,425,-157
111000550,124,772,-648
111000551,761,202,559
111000552,2454,142,2312
111000907,736,7,729
111000908,42,2,40
111000916,1697,378,1319
111000917,48,510,-462
111000918,156,1232,-1076
111000920,457,34,423
111000921,8,380,-372
111000922,398,353,45
111000924,49,1562,-1513
111000925,2183,2522,-339
111000926,1037,2782,-1745
111000927,2684,5581,-2897
111000928,5131,4565,566
111000929,1435,1386,49
111000930,1335,3296,-1961
111000931,1893,2518,-625
111000932,4705,2873,1832
111000933,3930,2396,1534
111000934,2879,3604,-725
111000935,1543,1270,273
111000936,1429,2971,-1542
111000937,1063,1712,-649
111000938,1956,2705,-749
111000939,381,89,292
111000940,400,235,165
111000941,320,647,-327
111000943,339,314,25
111000944,187,604,-417
111000945,81,2197,-2116
111001109,468,312,156
111001110,263,671,-408
111001111,43,7,36
111001112,263,7,256
111001113,17,246,-229
111001114,1765,137,1628
111001115,165,426,-261
111001116,6474,4328,2146
111001117,794,2709,-1915
111001120,136,392,-256
111001121,225,456,-231
111001122,224,670,-446
111001123,222,180,42
111001124,135,325,-190
111001125,4,157,-153
111001126,3,0,3
111001127,0,120,-120
111001128,615,770,-155
111900001,4,308,-304
111900002,4,881,-877
111900003,2,415,-413
111900004,32,153,-121
111900006,6,28,-22
111900007,63,5,58
111900008,104,0,104
111900009,112,4,108
111900010,271,570,-299
111900012,50,144,-94
111900013,12,28,-16
111900014,6732,2848,3884
111900015,0,73,-73
111900016,0,192,-192
111900017,3,143,-140
111900018,264,7,257
111900019,7,82,-75
111900020,3,57,-54
111900021,45,125,-80
111900022,16,70,-54
111900023,122,130,-8
111900024,15,90,-75
111900025,0,28,-28
111900026,0,107,-107
111900027,9,206,-197
111900028,16,458,-442
111900029,3,140,-137
111900030,69,386,-317
111900032,1,398,-397
111900033,4,131,-127
111900034,363,634,-271
111900035,40,300,-260
111900036,1,319,-318
111900038,356,769,-413
111900039,56,534,-478
111900040,4,673,-669
111900042,31,166,-135
111900043,5,473,-468
111900044,346,367,-21
111900046,45,212,-167
111900048,92,611,-519
111900049,44,284,-240
111900050,170,34,136
111900051,1,141,-140
111900052,553,720,-167
111900053,1267,925,342
111900054,115,3,112
111900055,9,291,-282
111900056,216,245,-29
111900057,78,117,-39
111900058,266,758,-492
111900059,2958,517,2441
111900060,307,1,306
111900061,4,164,-160
111900062,26,78,-52
111900063,256,229,27
111900064,116,184,-68
111900065,131,27,104
111900066,109,176,-67
111900067,1,438,-437
111900068,39,51,-12
111900069,51,25,26
111900070,84,135,-51
111900071,0,287,-287
111900072,28,13,15
111900073,551,130,421
111900074,13,170,-157
111900075,49,5,44
111900076,113,51,62
111900077,15,1,14
111900078,173,32,141
111900079,25,50,-25
111900080,258,217,41
111900082,67,20,47
111900083,73,20,53
111900084,90,14,76
111900085,39,71,-32
111900086,20,2,18
111900087,36,1,35
111900088,405,3,402
111900089,60,2,58
111900090,51,25,26
111900091,74,0,74
111900092,70,0,70
111900093,346,5,341
111900094,77,0,77
111900095,179,19,160
111900096,86,0,86
111900097,34,0,34
111900098,156,1,155
111900099,58,0,58
111900100,107,2,105
111900101,114,15,99
111900102,492,708,-216
111900103,65,70,-5
111900104,167,97,70
111900105,351,159,192
111900106,1120,70,1050
111900110,2259,339,1920
111900111,155,185,-30
111900112,790,1889,-1099
111900113,359,88,271
111900118,281,76,205
111900119,324,114,210
111900122,121,75,46
111900123,5,35,-30
111900124,17,170,-153
111900125,419,13,406
111900126,230,4,226
111900127,4,909,-905
111900128,0,650,-650
111900129,195,8,187
111900130,118,22,96
111900131,346,2,344
111900132,36,1305,-1269
111900133,29,492,-463
111900134,18,289,-271
111900135,9,27,-18
111900136,70,154,-84
111900137,72,105,-33
111900138,19,126,-107
111900139,31,201,-170
111900140,43,16,27
111900141,49,7,42
111900142,57,24,33
111900143,11,114,-103
111900144,0,133,-133
111900145,1,561,-560
111900146,2,296,-294
111900147,178,468,-290
111900148,15,841,-826
111900149,12,379,-367
111900150,18,182,-164
111900151,2,20,-18
111900152,105,70,35
111900153,1877,414,1463
111900154,14,176,-162
111900155,30,77,-47
111900156,22,78,-56
111900157,73,16,57
111900158,438,33,405
111900159,213,12,201
111900160,231,3,228
111900161,112,1,111
111900162,96,186,-90
111900163,70,251,-181
111900164,67,60,7
111901113,320,390,-70
111901114,191,262,-71
111901115,69,2,67
111901116,52,1,51
111901117,12,20,-8
111901118,144,204,-60
111901119,1046,64,982
111901121,194,262,-68
111901122,6,623,-617
111901123,83,358,-275
111901124,113,0,113
111901125,270,230,40
111901127,750,240,510
111901128,13,71,-58
111901129,8,127,-119
111901130,15,216,-201
111901131,4,260,-256
111901132,263,23,240
111901133,32,4,28
111901134,35,1,34
111901135,9,10,-1
111901138,219,47,172
111901139,14,43,-29
111901140,4,131,-127
111901141,6,245,-239
111901142,2,146,-144
111901143,2,110,-108
111901144,60,36,24
111901145,278,297,-19
111901146,568,35,533
111901147,931,268,663
111901148,31,49,-18
111901149,13,1,12
111901150,60,4,56
111901151,0,0,0
111901152,14,61,-47
112000001,1836,1077,759
112000002,966,2765,-1799
112000003,1041,1136,-95
112000004,791,1423,-632
112000005,2601,3063,-462
112000006,2401,2288,113
112000007,2392,1850,542
112000008,2924,4255,-1331
112000009,4342,4610,-268
112000010,3208,2987,221
112000011,2544,2676,-132
112000012,5384,2577,2807
112000013,6698,3483,3215
112000014,4970,973,3997
112000015,5121,2844,2277
112000016,10034,1128,8906
112000017,4433,1669,2764
112000024,2806,1008,1798
112000026,4427,5706,-1279
112000027,1101,660,441
112000028,2291,1722,569
112000029,400,749,-349
112000030,224,154,70
112000031,1839,3887,-2048
112000032,550,60,490
112000033,2738,1215,1523
112000034,455,55,400
112000035,170,248,-78
112000036,1820,812,1008
112000037,1661,728,933
112000038,1376,876,500
112000039,63,102,-39
112000040,126,245,-119
112000041,787,594,193
112000042,1336,367,969
112000050,1313,2269,-956
112000051,1008,1411,-403
112000054,1747,2578,-831
112000057,452,412,40
112000058,385,570,-185
112000059,448,891,-443
112000061,4207,2144,2063
112000062,1650,582,1068
112000063,1438,1880,-442
112000064,5210,6619,-1409
112000065,2551,2888,-337
112000066,4287,1746,2541
112000067,891,818,73
112000068,3585,2461,1124
112000069,1086,2090,-1004
112000070,2502,1028,1474
112000071,1273,2828,-1555
112000072,2054,1053,1001
112000073,1996,2045,-49
112000074,1641,1128,513
112000075,1661,1383,278
112000076,3791,3197,594
112000077,428,791,-363
112000078,1740,794,946
112000079,1304,1512,-208
112000080,815,1132,-317
112000081,1706,2424,-718
112000082,1493,959,534
112000083,681,1459,-778
112000084,1175,1003,172
112000085,1580,1392,188
112000086,2005,1751,254
112000087,392,857,-465
112000088,630,737,-107
112000089,355,333,22
112000090,374,397,-23
112000091,715,1331,-616
112000092,1649,1357,292
112000093,1579,1114,465
112000094,522,1160,-638
112000095,642,957,-315
112000096,529,940,-411
112000097,1076,629,447
112000098,924,1477,-553
112000099,643,1108,-465
112000100,1548,1211,337
112000101,576,1169,-593
112000102,975,711,264
112000103,384,1342,-958
112000105,759,2293,-1534
112000106,1527,649,878
112000107,111,255,-144
112000108,382,2045,-1663
112000109,157,212,-55
112000110,2187,801,1386
112000111,1351,3467,-2116
112000112,4702,700,4002
112000113,1034,2072,-1038
112000114,2799,1091,1708
112000115,431,624,-193
112000116,610,1156,-546
112000117,1517,1332,185
112000118,1283,1119,164
112000119,579,1081,-502
112000120,71,456,-385
112000121,115,639,-524
112000122,251,184,67
112000123,524,220,304
112000124,287,90,197
112000125,237,207,30
112000126,197,749,-552
112000127,2568,1907,661
112000128,1039,608,431
112000129,131,134,-3
112000130,150,111,39
112000131,67,438,-371
112000132,119,305,-186
112000133,452,294,158
112000134,460,429,31
112000135,1679,829,850
112000136,1546,1654,-108
112000137,2867,1867,1000
112000138,3500,1458,2042
112000139,1144,525,619
112000140,1277,1260,17
112000141,874,369,505
112000142,293,826,-533
112000143,1141,309,832
112000144,372,1571,-1199
112000145,2103,678,1425
112000146,751,2681,-1930
112000147,2407,1859,548
112000148,1903,2922,-1019
112000149,446,791,-345
112000150,377,794,-417
112000151,384,599,-215
112000152,342,556,-214
112000153,233,327,-94
112000154,139,234,-95
112000155,192,104,88
112000157,940,673,267
112000158,296,718,-422
112000159,539,473,66
112000167,317,104,213
112000169,491,580,-89
112000173,535,206,329
112000175,384,465,-81
112000176,3607,2085,1522
112000177,543,166,377
112000178,101,546,-445
112000179,201,146,55
112000180,243,434,-191
112000181,1499,2240,-741
112000182,858,2123,-1265
112000183,42,51,-9
112000184,387,624,-237
112000185,454,706,-252
112000187,3485,2245,1240
112000195,177,19,158
112000196,226,2,224
112000197,164,103,61
112000198,27,283,-256
112000199,1321,1134,187
112000202,315,1,314
112000216,55,258,-203
112000230,89,8,81
112000231,1,287,-286
112000256,33,251,-218
112000313,107,127,-20
112000314,58,34,24
112000337,312,573,-261
112000352,561,408,153
112000392,1596,1411,185
112000398,1092,930,162
112000399,4481,2646,1835
112000400,1523,3843,-2320
112000401,3885,4221,-336
112000402,2717,2786,-69
112000403,3297,3267,30
112000404,893,762,131
112000405,1795,2985,-1190
112000406,4953,4411,542
112000407,5965,7658,-1693
112000408,8521,8161,360
112000409,3363,8100,-4737
112000410,415,251,164
112000411,5137,1636,3501
112000412,1450,510,940
112000413,10605,4908,5697
112000414,68,132,-64
112000415,121,58,63
112000416,2213,1689,524
112000417,264,85,179
112000421,48,150,-102
112000422,350,543,-193
112000424,3125,3020,105
112000425,486,1430,-944
112000426,104,377,-273
112000427,1,6,-5
112000428,231,414,-183
112000429,2689,3843,-1154
112000430,2983,3641,-658
112000431,117,145,-28
112000432,643,1993,-1350
112000433,655,885,-230
112000437,47,287,-240
112900001,60,4,56
112900002,323,1284,-961
112900003,68,433,-365
112900004,22,274,-252
112900005,205,272,-67
112900007,26,192,-166
112900008,0,32,-32
112900009,314,155,159
112900010,244,992,-748
112900011,333,310,23
112900012,1,54,-53
112900013,2,208,-206
112900014,0,329,-329
112900015,334,805,-471
112900016,7,299,-292
112900017,43,293,-250
112900018,178,998,-820
112900019,67,192,-125
112900020,433,1302,-869
112900021,2,340,-338
112900022,5,96,-91
112900023,0,232,-232
112900024,32,325,-293
112900025,70,358,-288
112900026,8,296,-288
112900027,8,1603,-1595
112900028,38,154,-116
112900029,18,809,-791
112900030,282,259,23
112900031,4,650,-646
112900032,197,324,-127
112900034,0,52,-52
112900035,8,492,-484
112900036,30,151,-121
112900037,171,229,-58
112900038,488,123,365
112900039,33,378,-345
112900040,3,484,-481
112900041,1149,1102,47
112900042,56,392,-336
112900043,32,39,-7
112900044,707,475,232
112900045,508,380,128
112900046,293,82,211
112900047,20,39,-19
112900049,178,88,90
112900050,66,492,-426
112900051,283,720,-437
112900052,12,1071,-1059
112900053,460,174,286
112900054,259,32,227
112900055,85,17,68
112900056,399,204,195
112900057,21,718,-697
112900058,298,360,-62
112900059,151,180,-29
112900060,9,242,-233
112900061,101,143,-42
112900062,135,147,-12
112900063,171,10,161
112900064,184,271,-87
112900065,45,19,26
112900066,160,156,4
112900067,591,194,397
112900068,38,53,-15
112900069,2462,789,1673
112900071,23,0,23
112900072,312,2012,-1700
112900073,493,86,407
112900074,78,263,-185
112900075,1840,1002,838
112900076,116,19,97
112900078,222,447,-225
112900079,297,24,273
112900080,46,1,45
112900081,78,218,-140
112900082,402,37,365
112900083,108,96,12
112900084,254,100,154
112900086,22,3,19
112900087,643,143,500
112900088,128,51,77
112900089,554,21,533
112900090,30,35,-5
112900091,189,22,167
112900092,180,277,-97
112900093,1614,20,1594
112900095,40,2,38
112900096,344,141,203
112900097,61,368,-307
112900098,132,3,129
112900099,950,6,944
112900100,66,1,65
112900101,199,7,192
112900102,250,8,242
112900103,182,2,180
112900104,516,7,509
112900105,13,0,13
112900106,478,162,316
112900107,4,0,4
112900108,145,0,145
112900109,96,0,96
112900110,791,16,775
112900111,800,2,798
112900112,293,3,290
112900113,0,16,-16
112900114,84,55,29
112900115,844,4,840
112900116,115,2,113
112900117,224,135,89
112900118,37,89,-52
112900119,164,4,160
112900120,869,217,652
112900121,288,248,40
112900122,20,157,-137
112900123,156,21,135
112900124,15,117,-102
112900125,49,355,-306
112900126,188,274,-86
112900127,340,88,252
112900128,435,852,-417
112900129,4,901,-897
112900130,362,53,309
112900131,44,317,-273
112900132,98,624,-526
112900133,30,1336,-1306
112900134,3,247,-244
112900135,129,44,85
112900137,6,851,-845
112900138,7,364,-357
112900139,241,1209,-968
112900141,683,33,650
112900142,115,155,-40
112900143,39,750,-711
112900144,13,1242,-1229
112900145,68,476,-408
112900146,9,1456,-1447
112900147,5,2415,-2410
112900148,69,1,68
112900149,253,594,-341
112900151,22,70,-48
112900152,5570,1061,4509
112900153,2112,1884,228
112900154,1,185,-184
112900155,183,46,137
112900156,395,1481,-1086
112900157,173,134,39
112900158,41,26,15
112900159,208,131,77
112900160,62,283,-221
112900161,95,37,58
112900162,39,17,22
112900163,118,38,80
112900164,33,168,-135
112900165,177,35,142
112900166,24,57,-33
112900167,5,51,-46
112900168,2,1,1
112900169,10,11,-1
112900170,54,113,-59
112900172,60,13,47
112900173,218,113,105
112900174,362,62,300
112900175,169,177,-8
112900176,13,37,-24
112900177,277,62,215
112900178,743,2854,-2111
112900179,37,559,-522
112900180,1980,1978,2
112900181,454,19,435
112900182,37,1445,-1408
112900183,122,239,-117
112900184,529,384,145
112900185,234,555,-321
112900186,1606,962,644
112900187,100,506,-406
112900188,756,299,457
112900189,3,34,-31
112900190,44,94,-50
112900192,535,532,3
112900193,1152,311,841
112900194,49,163,-114
112900195,894,36,858
112900196,219,441,-222
112900197,217,436,-219
112900199,304,303,1
112900200,520,309,211
112900201,56,139,-83
112900202,411,983,-572
112900203,181,374,-193
112900204,1101,599,502
112900205,14,10,4
112900206,38,82,-44
112900207,13,0,13
112900208,75,292,-217
112900209,655,439,216
112900210,1,45,-44
112900211,92,124,-32
112900212,0,167,-167
112900213,34,15,19
112900214,36,10,26
112900215,4,211,-207
112900216,38,84,-46
112900217,0,89,-89
112900218,76,1,75
112900219,94,44,50
112900220,0,0,0
112900221,2,138,-136
112900222,0,30,-30
112900223,950,14,936
112900224,276,615,-339
112900225,410,525,-115
112900226,142,292,-150
112900227,222,862,-640
112900228,50,24,26
112900229,186,74,112
112900230,7279,4297,2982
112900232,235,200,35
112900233,103,213,-110
112900234,12,98,-86
112900235,98,24,74
112900236,176,13,163
112900237,199,393,-194
112900238,2,62,-60
112900239,1316,435,881
112900240,10,133,-123
112900241,4,186,-182
112900242,5,254,-249
112900243,9,246,-237
112900244,3,106,-103
112900245,0,67,-67
112900246,0,4,-4
112900247,195,32,163
112900248,18,2,16
112900249,38,9,29
112900250,66,31,35
112900251,71,6,65
112900252,87,42,45
112900253,46,10,36
112900254,7,3,4
112900255,3,33,-30
112900256,26,51,-25
112900257,28,42,-14
112900258,13,36,-23
113000001,6018,8615,-2597
113000002,3765,4491,-726
113000003,1918,3411,-1493
113000004,2258,3589,-1331
113000005,1820,1401,419
113000006,1163,1938,-775
113000007,2285,1709,576
113000008,2131,2296,-165
113000009,859,1164,-305
113000010,1225,2118,-893
113000011,782,1575,-793
113000012,1298,1080,218
113000013,1799,763,1036
113000014,1755,1375,380
113000015,616,168,448
113000016,567,504,63
113000017,49,350,-301
113000018,750,84,666
113000019,169,293,-124
113000020,547,37,510
113000021,2517,944,1573
113000022,679,1489,-810
113000025,230,391,-161
113000026,719,467,252
113000027,1609,485,1124
113000028,1065,382,683
113000029,778,912,-134
113000030,498,634,-136
113000031,251,327,-76
113000032,273,358,-85
113000033,262,421,-159
113000034,376,385,-9
113000035,18,49,-31
113000036,20,41,-21
113000037,65,33,32
113000038,7,45,-38
113000039,117,690,-573
113000040,63,122,-59
113000042,1055,693,362
113000051,899,3349,-2450
113000052,2545,1391,1154
113000053,444,611,-167
113000054,335,1145,-810
113000055,1299,885,414
113000056,987,1388,-401
113000058,834,851,-17
113000059,1139,780,359
113000060,217,572,-355
113000061,562,1032,-470
113000062,1258,238,1020
113000063,205,223,-18
113000064,31,462,-431
113000065,205,1268,-1063
113000066,709,161,548
113000067,1868,1537,331
113000068,518,2169,-1651
113000069,708,1703,-995
113000070,2013,1243,770
113000071,373,724,-351
113000072,815,586,229
113000073,538,1823,-1285
113000074,1099,659,440
113000075,2545,978,1567
113000076,1272,2304,-1032
113000077,1459,650,809
113000078,1031,2357,-1326
113000079,1163,962,201
113000080,1110,821,289
113000081,719,967,-248
113000082,1362,938,424
113000083,543,1150,-607
113000084,1805,1381,424
113000085,829,869,-40
113000086,1520,1560,-40
113000087,1055,1215,-160
113000088,2591,1537,1054
113000089,1033,1892,-859
113000090,295,732,-437
113000091,695,430,265
113000094,1548,304,1244
113000095,373,1076,-703
113000096,183,945,-762
113000097,1448,412,1036
113000098,111,35,76
113000099,1390,388,1002
113000100,196,503,-307
113000101,489,665,-176
113000102,744,452,292
113000103,3025,683,2342
113000104,489,3424,-2935
113000105,807,541,266
113000106,476,682,-206
113000107,1023,1035,-12
113000108,1146,1934,-788
113000109,733,5459,-4726
113000110,1642,545,1097
113000111,316,1144,-828
113000112,401,491,-90
113000113,1474,481,993
113000114,445,1976,-1531
113000116,800,319,481
113000117,1023,145,878
113000118,227,674,-447
113000119,483,349,134
113000120,115,314,-199
113000121,965,890,75
113000124,340,152,188
113000125,69,813,-744
113000127,3123,444,2679
113000128,463,497,-34
113000129,405,1050,-645
113000133,3653,1724,1929
113000134,12,1636,-1624
113000135,4122,5325,-1203
113000137,1955,3132,-1177
113000139,318,179,139
113000140,167,276,-109
113000141,390,191,199
113000142,892,1213,-321
113000143,275,163,112
113000144,395,810,-415
113000145,63,140,-77
113000146,153,87,66
113000147,183,144,39
113000148,149,158,-9
113000149,91,141,-50
113000150,482,512,-30
113000151,114,97,17
113000152,22,102,-80
113000153,1585,460,1125
113000154,580,1707,-1127
113000155,250,554,-304
113000156,146,425,-279
113000157,351,880,-529
113000158,586,282,304
113000159,748,778,-30
113000160,760,1221,-461
113000161,236,553,-317
113000162,610,475,135
113000163,102,63,39
113000164,37,81,-44
113000166,171,113,58
113000167,45,197,-152
113000168,82,175,-93
113000169,115,106,9
113000170,139,137,2
113000171,57,113,-56
113000172,245,107,138
113000173,51,16,35
113000174,119,575,-456
113000175,413,135,278
113000176,453,204,249
113000177,221,484,-263
113000178,233,447,-214
113000179,327,229,98
113000180,958,1920,-962
113000181,1613,1146,467
113000182,257,771,-514
113000183,236,667,-431
113000184,36,78,-42
113000189,528,1054,-526
113000190,1175,634,541
113000192,2655,1766,889
113000193,5932,1264,4668
113000194,2780,1254,1526
113000195,2875,808,2067
113000196,504,124,380
113000197,2203,1252,951
113000198,65,393,-328
113000199,1619,364,1255
113000201,2070,296,1774
113000202,4367,4257,110
113000203,489,362,127
113000204,2193,1790,403
113000205,22,15,7
113000206,17,39,-22
113000207,48,15,33
113000208,30,37,-7
113000209,29,33,-4
113000210,7,20,-13
113000211,453,306,147
113000212,302,35,267
113000213,60,303,-243
113000214,264,523,-259
113000234,223,1166,-943
113000410,880,240,640
113000411,3115,4870,-1755
113000412,8562,2904,5658
113000413,4070,3471,599
113000414,8434,15444,-7010
113000415,2968,4025,-1057
113000416,9639,4915,4724
113000417,3280,3778,-498
113000418,4924,3538,1386
113000419,1537,1943,-406
113000420,4112,5195,-1083
113000421,4117,6790,-2673
113000422,14760,11884,2876
113000423,2682,5127,-2445
113000424,4027,11259,-7232
113000425,11,157,-146
113000428,178,29,149
113000430,49,50,-1
113000432,2804,261,2543
113000433,111,1088,-977
113000434,34,186,-152
113000435,54,740,-686
113000436,79,1301,-1222
113000437,771,26,745
113000438,328,15,313
113000439,37,156,-119
113000440,153,21,132
113000441,153,315,-162
113000442,186,220,-34
113000443,226,335,-109
113000444,246,322,-76
113000445,109,164,-55
113000446,31,115,-84
113000448,398,216,182
113000449,316,2102,-1786
113000450,872,7567,-6695
113000451,2060,254,1806
113000452,647,1180,-533
113000453,160,351,-191
113000454,3532,82,3450
113000455,141,226,-85
113000456,4133,2649,1484
113000468,2514,368,2146
113000469,364,156,208
113000470,558,72,486
113000471,17,635,-618
113000472,143,448,-305
113000474,514,785,-271
113000475,2127,2452,-325
113000476,1625,2141,-516
113000477,2861,2510,351
113000478,4990,7744,-2754
113000479,87,282,-195
113000484,0,0,0
113000485,0,0,0
113000486,12,0,12
113000487,0,0,0
113000488,0,0,0
113000489,0,9,-9
113000490,0,0,0
113000491,1,4,-3
113000492,0,0,0
113000493,0,0,0
113000495,285,190,95
113000496,158,159,-1
113000497,0,0,0
113000499,0,0,0
113900001,8,363,-355
113900002,1,217,-216
113900003,0,183,-183
113900004,1,103,-102
113900005,3,102,-99
113900006,23,55,-32
113900007,355,0,355
113900008,514,0,514
113900009,857,2,855
113900010,926,10,916
113900011,159,2,157
113900012,54,0,54
113900013,2489,28,2461
113900014,666,0,666
113900015,5,44,-39
113900016,21,0,21
113900017,0,58,-58
113900018,430,158,272
113900019,110,69,41
113900020,138,0,138
113900022,20,0,20
113900023,72,0,72
113900024,63,94,-31
113900025,305,22,283
113900026,32,0,32
113900027,12,85,-73
113900028,9,522,-513
113900029,65,259,-194
113900030,207,4,203
113900031,2,0,2
113900032,20,1,19
113900033,115,75,40
113900035,34,1,33
113900036,24,106,-82
113900037,83,502,-419
113900038,100,155,-55
113900039,143,9,134
113900040,5,3,2
113900041,4,5,-1
113900042,133,54,79
113900043,264,137,127
113900044,347,270,77
113900045,68,2,66
113900046,258,587,-329
113900047,47,133,-86
113900048,313,80,233
113900049,787,408,379
113900050,283,372,-89
113900051,264,435,-171
113900052,129,184,-55
113900053,585,620,-35
113900054,13,0,13
113900055,79,461,-382
113900056,48,125,-77
113900057,21,84,-63
113900058,64,189,-125
113900059,315,370,-55
113900060,102,208,-106
113900061,963,256,707
113900062,86,11,75
113900063,75,144,-69
113900064,19,140,-121
113900065,607,23,584
113900066,367,462,-95
113900067,181,385,-204
113900068,551,457,94
113900069,22,26,-4
113900070,168,498,-330
113900071,48,102,-54
113900072,69,227,-158
113900073,231,457,-226
113900074,254,388,-134
113900075,1273,1351,-78
113900076,97,15,82
113900077,44,205,-161
113900078,41,52,-11
113900079,1,33,-32
113900080,472,230,242
113900081,81,282,-201
113900082,117,313,-196
113900083,199,472,-273
113900084,292,120,172
113900085,46,336,-290
113900086,12,17,-5
113900087,66,149,-83
113900088,63,115,-52
113900089,495,43,452
113900090,620,382,238
113900091,25,15,10
113900092,64,153,-89
113900093,133,861,-728
113900094,348,387,-39
113900095,124,141,-17
113900096,204,37,167
113900097,28,123,-95
113900098,533,105,428
113900099,1,91,-90
113900100,0,3,-3
113900101,40,86,-46
113900102,156,163,-7
113900103,242,264,-22
113900104,169,299,-130
113900105,89,317,-228
113900106,2,62,-60
113900107,7,27,-20
113900108,369,252,117
113900109,401,182,219
113900110,22,7,15
113900111,204,87,117
113900112,91,60,31
113900113,912,580,332
113900114,0,139,-139
113900115,0,128,-128
113900116,121,124,-3
113900117,146,41,105
113900118,226,344,-118
113900119,277,513,-236
113900120,60,30,30
113900121,43,89,-46
113900122,312,2017,-1705
113900123,408,280,128
113900124,0,77,-77
113900125,1348,144,1204
113900126,188,68,120
113900127,214,629,-415
113900128,190,83,107
113900129,8,130,-122
113900130,1,15,-14
113900131,221,86,135
113900132,103,65,38
113900133,12,86,-74
113900135,380,525,-145
113900136,92,89,3
113900137,481,328,153
113900138,49,77,-28
113900139,507,145,362
113900140,303,289,14
113900141,414,501,-87
113900142,136,54,82
113900143,5,39,-34
113900144,431,225,206
113900145,345,256,89
113900146,106,52,54
113900148,159,319,-160
113900149,191,99,92
113900150,835,549,286
113900151,338,206,132
113900152,32,47,-15
113900153,364,630,-266
113900154,1,99,-98
113900155,203,167,36
113900156,326,549,-223
113900157,55,279,-224
113900158,598,342,256
113900159,17,217,-200
113900160,666,714,-48
113900161,73,268,-195
113900162,731,663,68
113900163,300,290,10
113900164,239,67,172
113900165,846,467,379
113900166,252,148,104
113900167,210,35,175
113900168,170,136,34
113900169,241,427,-186
113900171,156,69,87
113900172,16,255,-239
113900173,49,670,-621
113900174,514,674,-160
113900175,334,118,216
113900176,295,671,-376
113900177,394,209,185
113900178,382,116,266
113900179,20,600,-580
113900180,189,125,64
113900181,748,119,629
113900182,687,955,-268
113900183,81,62,19
113900184,16,577,-561
113900185,209,81,128
113900186,21,30,-9
113900187,39,175,-136
113900188,33,100,-67
113900189,248,114,134
113900190,359,126,233
113900191,66,148,-82
113900192,2515,2012,503
113900193,29,223,-194
113900194,1861,1233,628
113900195,435,427,8
113900196,3,105,-102
113900197,1,261,-260
113900198,27,211,-184
113900199,139,717,-578
113900200,16,199,-183
113900201,1,208,-207
113900202,16,241,-225
113900203,6,151,-145
113900204,58,530,-472
113900205,5,105,-100
113900206,4,122,-118
113900207,2,59,-57
113900208,1,50,-49
113900209,0,75,-75
113900210,820,657,163
113900211,193,76,117
113900212,214,527,-313
113900214,463,473,-10
113900215,28,141,-113
113900216,79,1090,-1011
113900217,85,263,-178
113900218,120,87,33
113900219,129,384,-255
113900220,178,119,59
113900221,371,215,156
113900222,1254,706,548
113900223,140,1336,-1196
113900224,112,60,52
113900225,640,215,425
113900226,295,103,192
113900227,339,214,125
113900228,332,427,-95
113900229,35,782,-747
113900230,4779,2648,2131
113900231,237,191,46
113900232,49,129,-80
113900233,53,66,-13
113900234,296,486,-190
113900235,74,19,55
113900236,77,377,-300
113900237,114,9,105
113900238,262,562,-300
113900239,81,108,-27
113900240,12,121,-109
113900241,150,43,107
113900242,51,144,-93
113900243,95,483,-388
113900244,383,229,154
113900245,1443,294,1149
113900246,37,25,12
113900247,160,343,-183
113900248,3116,1887,1229
113900249,1145,429,716
113900250,39,202,-163
113900251,625,233,392
113900252,581,21,560
113900253,716,46,670
113900254,915,150,765
113900255,416,7,409
113900256,423,23,400
113900257,18,692,-674
113900258,14,543,-529
113900259,505,214,291
113900260,159,9,150
113900261,54,137,-83
113900262,148,579,-431
113900263,163,669,-506
113900264,5,561,-556
113900265,162,292,-130
113900266,38,185,-147
113900267,96,516,-420
113900268,300,414,-114
113900269,68,163,-95
113900270,343,510,-167
113900271,613,1499,-886
113900273,82,12,70
113900274,128,51,77
113900275,27,62,-35
113900276,3,219,-216
113900277,118,3,115
113900278,287,183,104
113900279,104,107,-3
113900280,1467,509,958
113900281,555,1325,-770
113900282,569,369,200
113900283,469,554,-85
113900284,792,223,569
113900285,135,17,118
113900286,12,97,-85
113900287,34,24,10
113900288,7,363,-356
113900289,1362,130,1232
113900290,501,195,306
113900291,108,205,-97
113900292,9,8,1
113900293,87,308,-221
113900294,461,20,441
113900295,388,401,-13
113900296,1269,223,1046
113900297,2032,27,2005
113900298,23,1772,-1749
113900299,50,271,-221
113900300,3104,1603,1501
113900301,962,320,642
113900302,2624,1128,1496
113900303,554,439,115
113900304,0,163,-163
113900305,86,0,86
113900306,16,0,16
113900307,160,0,160
113900308,77,149,-72
113900309,3,779,-776
113900310,0,17,-17
113900311,4,0,4
113900312,146,218,-72
113900313,24,18,6
113900314,4,39,-35
113900315,80,4,76
114000001,1015,3574,-2559
114000002,302,467,-165
114000003,231,1127,-896
114000004,377,362,15
114000005,301,276,25
114000006,2982,2371,611
114000007,971,1587,-616
114000008,1649,1757,-108
114000009,740,264,476
114000011,2599,3572,-973
114000012,2157,2517,-360
114000013,1577,2086,-509
114000014,1014,675,339
114000015,1872,624,1248
114000016,248,389,-141
114000017,174,356,-182
114000018,454,69,385
114000026,1584,1637,-53
114000027,2954,2247,707
114000028,2436,2859,-423
114000038,248,159,89
114000039,247,326,-79
114000040,96,223,-127
114000042,203,230,-27
114000043,384,285,99
114000044,272,287,-15
114000045,89,90,-1
114000046,3602,5491,-1889
114000047,48,67,-19
114000048,189,222,-33
114000049,1894,2005,-111
114000050,1840,2885,-1045
114000051,3598,2472,1126
114000052,5313,1697,3616
114000053,93,646,-553
114000054,122,1045,-923
114000055,502,14,488
114000056,1095,862,233
114000057,8047,2324,5723
114000058,529,1421,-892
114000059,311,440,-129
114000060,1006,1110,-104
114000061,4292,2618,1674
114000062,2575,1292,1283
114000063,3295,1915,1380
114000064,6386,3926,2460
114000065,1717,2676,-959
114000066,488,772,-284
114000067,19,762,-743
114000068,443,760,-317
114000069,1063,542,521
114000070,2390,1832,558
114000071,691,461,230
114000072,423,339,84
114000073,18,109,-91
114000074,66,13,53
114000075,68,154,-86
114000076,11,149,-138
114000077,5,35,-30
114000078,309,803,-494
114000079,93,36,57
114000080,79,115,-36
114000081,76,92,-16
114000082,51,643,-592
114000083,59,305,-246
114000084,291,73,218
114000085,130,739,-609
114000086,262,491,-229
114000087,95,218,-123
114000088,43,55,-12
114000089,1482,473,1009
114000090,818,940,-122
114000091,1520,1057,463
114000092,1109,645,464
114000093,1212,1057,155
114000094,689,462,227
114000095,415,129,286
114000096,280,451,-171
114000097,150,731,-581
114000098,502,151,351
114000099,615,885,-270
114000100,1145,825,320
114000101,422,886,-464
114000102,540,439,101
114000103,228,488,-260
114000104,22,299,-277
114000105,125,87,38
114000106,1158,966,192
114000107,346,160,186
114000108,3637,1250,2387
114000109,514,1502,-988
114000110,741,1879,-1138
114000111,1447,769,678
114000112,494,2947,-2453
114000113,1504,454,1050
114000114,1328,2177,-849
114000115,2459,972,1487
114000116,723,1587,-864
114000117,2561,481,2080
114000118,2303,518,1785
114000119,1647,474,1173
114000120,644,1013,-369
114000121,692,741,-49
114000122,601,391,210
114000123,1751,432,1319
114000124,922,360,562
114000125,919,1863,-944
114000126,2002,241,1761
114000127,181,219,-38
114000128,908,476,432
114000130,706,610,96
114000131,298,116,182
114000132,692,740,-48
114000133,1001,1795,-794
114000134,63,152,-89
114000138,40,207,-167
114000139,600,232,368
114000144,679,475,204
114000145,69,194,-125
114000146,88,264,-176
114000147,1271,1565,-294
114000148,2468,2013,455
114000149,412,318,94
114000150,2300,1720,580
114000151,2528,1815,713
114000152,205,29,176
114000153,1498,2777,-1279
114000154,1124,1125,-1
114000155,1412,2660,-1248
114000156,1247,558,689
114000157,325,1147,-822
114000158,2281,954,1327
114000159,222,525,-303
114000160,137,291,-154
114000161,1991,2525,-534
114000162,955,2068,-1113
114000163,11,165,-154
114000165,497,260,237
114000166,843,374,469
114000167,4497,1691,2806
114000168,733,361,372
114000169,1777,1198,579
114000170,1411,1109,302
114000171,1099,3218,-2119
114000174,257,449,-192
114000176,794,686,108
114000177,2428,944,1484
114000178,51,52,-1
114000179,1323,1046,277
114000180,979,989,-10
114000181,1717,3636,-1919
114000182,4948,2465,2483
114000183,913,1153,-240
114000184,7102,1503,5599
114000185,1033,940,93
114000189,790,136,654
114000190,2254,323,1931
114000191,39,63,-24
114000192,343,1781,-1438
114000193,861,2667,-1806
114000194,1468,1163,305
114000195,174,19,155
114000196,1,358,-357
114000197,1204,95,1109
114000198,1272,436,836
114000199,2638,1763,875
114000200,903,2174,-1271
114000201,272,1160,-888
114000202,1097,855,242
114000203,686,1019,-333
114000204,177,538,-361
114000205,310,1927,-1617
114000206,558,1561,-1003
114000207,822,2261,-1439
114000208,472,3552,-3080
114000209,601,3122,-2521
114000210,362,1763,-1401
114000211,1210,2018,-808
114000212,742,832,-90
114000213,1564,703,861
114000214,88,219,-131
114000215,241,91,150
114000216,1695,589,1106
114000217,251,466,-215
114000218,207,294,-87
114000219,1444,281,1163
114000220,66,1464,-1398
114000221,731,198,533
114000222,160,1301,-1141
114000223,456,137,319
114000224,106,831,-725
114000225,296,741,-445
114000226,148,337,-189
114000227,940,651,289
114000228,793,958,-165
114000229,995,1430,-435
114000230,1869,1600,269
114000231,959,1388,-429
114000232,670,159,511
114000233,1897,147,1750
114000234,1422,977,445
114000235,988,1664,-676
114000236,1,518,-517
114000237,78,1118,-1040
114000238,215,283,-68
114000239,182,1578,-1396
114000240,786,769,17
114000241,270,1247,-977
114000242,1098,1158,-60
114000243,1693,914,779
114000244,922,412,510
114000245,443,749,-306
114000246,228,51,177
114000247,1012,671,341
114000248,1028,687,341
114000249,564,738,-174
114000250,519,1462,-943
114000251,327,424,-97
114000252,90,113,-23
114000253,57,186,-129
114000254,46,59,-13
114000255,1026,236,790
114000256,2086,1590,496
114000257,879,1860,-981
114000258,338,402,-64
114000259,155,314,-159
114000260,0,47,-47
114000261,69,46,23
114000262,122,144,-22
114000263,27,3,24
114000264,1074,491,583
114000265,0,0,0
114000267,2,2392,-2390
114000268,8,1816,-1808
114000270,178,6,172
114000271,828,94,734
114000283,1179,434,745
114000285,42,283,-241
114000288,96,421,-325
114000289,1442,222,1220
114000293,141,564,-423
114000294,193,361,-168
114000395,2565,71,2494
114000396,500,435,65
114000402,435,359,76
114000403,266,481,-215
114000405,131,647,-516
114000423,266,531,-265
114000424,383,184,199
114000425,559,563,-4
114000426,365,970,-605
114000427,60,133,-73
114000428,291,180,111
114000429,12,196,-184
114000432,135,180,-45
114000434,74,114,-40
114000435,1,172,-171
114900001,665,1410,-745
114900002,616,81,535
114900003,677,1982,-1305
114900004,265,446,-181
114900005,589,1099,-510
114900006,113,70,43
114900007,228,21,207
114900008,169,141,28
114900010,2871,2445,426
114900011,186,142,44
114900013,266,172,94
114900018,802,15,787
114900020,255,110,145
114900022,22,769,-747
114900025,458,296,162
114900026,104,123,-19
114900029,189,46,143
114900030,385,294,91
114900031,464,70,394
114900032,284,49,235
114900034,43,249,-206
114900035,179,302,-123
114900036,282,965,-683
114900039,669,652,17
114900040,87,217,-130
114900041,674,623,51
114900042,777,771,6
114900044,144,19,125
114900047,228,1843,-1615
114900048,81,473,-392
114900049,53,343,-290
114900050,76,557,-481
114900051,24,369,-345
114900052,53,212,-159
114900053,84,390,-306
114900054,48,99,-51
114900057,238,11,227
114900058,0,106,-106
114900059,57,32,25
114900063,94,250,-156
114900064,1073,632,441
114900065,344,789,-445
114900067,64,439,-375
114900068,106,381,-275
114900069,212,191,21
114900070,562,536,26
114900072,7,254,-247
114900073,4,234,-230
114900074,461,778,-317
114900075,208,2,206
114900076,5,350,-345
114900080,2795,481,2314
114900082,4485,2049,2436
114900083,1548,1230,318
114900090,350,414,-64
114900091,135,208,-73
114900097,115,0,115
114900098,5,281,-276
114900099,254,9,245
115000001,8973,5815,3158
115000002,3915,4187,-272
115000003,5889,4640,1249
115000004,4069,6263,-2194
115000005,1899,2863,-964
115000006,1276,1809,-533
115000007,177,238,-61
115000008,538,594,-56
115000009,314,423,-109
115000010,443,171,272
115000013,82,285,-203
115000015,134,500,-366
115000016,54,217,-163
115000019,48,596,-548
115000020,163,530,-367
115000021,305,566,-261
115000022,508,392,116
115000023,345,496,-151
115000024,1047,547,500
115000025,786,641,145
115000026,146,431,-285
115000027,225,269,-44
115000028,167,836,-669
115000029,655,113,542
115000030,676,996,-320
115000031,1191,249,942
115000032,26,309,-283
115000033,246,35,211
115000034,151,1198,-1047
115000035,1036,58,978
115000036,1,469,-468
115000037,540,11,529
115000038,59,236,-177
115000039,4101,2992,1109
115000040,6878,3735,3143
115000041,1653,3171,-1518
115000042,1126,621,505
115000043,3523,2224,1299
115000044,3812,4282,-470
115000045,2918,2334,584
115000046,2152,2864,-712
115000047,1973,2045,-72
115000048,1757,3115,-1358
115000049,1764,3843,-2079
115000050,3123,2194,929
115000051,1712,2878,-1166
115000052,3148,2175,973
115000053,1643,1958,-315
115000054,794,1712,-918
115000055,213,570,-357
115000056,285,409,-124
115000057,923,794,129
115000058,331,202,129
115000059,196,135,61
115000061,419,153,266
115000062,268,347,-79
115000063,285,413,-128
115000064,275,98,177
115000065,61,531,-470
115000067,301,44,257
115000069,63,396,-333
115000070,42,983,-941
115000071,133,14,119
115000072,5,65,-60
115000073,1618,59,1559
115000075,119,76,43
115000076,3977,3460,517
115000077,2042,3255,-1213
115000078,1285,2076,-791
115000079,1589,2292,-703
115000080,2253,3046,-793
115000081,512,970,-458
115000082,3565,3923,-358
115000083,2063,2603,-540
115000084,1935,1424,511
115000085,688,1121,-433
115000086,961,950,11
115000087,547,1681,-1134
115000088,1694,795,899
115000089,1797,1447,350
115000090,557,1042,-485
115000091,282,1248,-966
115000092,477,428,49
115000093,451,4,447
115000094,8127,5492,2635
115000095,6585,5915,670
115000096,590,2138,-1548
115000097,806,1021,-215
115000098,998,995,3
115000099,2397,3237,-840
115000100,998,526,472
115000101,607,1852,-1245
115000102,412,273,139
115000103,412,831,-419
115000105,58,226,-168
115000106,559,317,242
115000107,130,649,-519
115000108,4315,2846,1469
115000109,5588,3965,1623
115000110,1440,1359,81
115000111,666,1952,-1286
115000112,614,655,-41
115000113,699,899,-200
115000114,1696,890,806
115000116,3763,1848,1915
115000117,4016,2956,1060
115000118,2311,1940,371
115000119,2271,2394,-123
115000120,716,1176,-460
115000121,1632,992,640
115000122,3617,1762,1855
115000123,1542,1882,-340
115000124,1244,1052,192
115000125,589,669,-80
115000126,197,264,-67
115000127,614,109,505
115000128,804,884,-80
115000129,442,410,32
115000130,412,1142,-730
115000131,821,326,495
115000132,186,476,-290
115000133,605,367,238
115000134,354,234,120
115000135,335,216,119
115000136,329,266,63
115000137,149,179,-30
115000138,272,354,-82
115000139,264,251,13
115000140,262,244,18
115000141,262,301,-39
115000142,182,367,-185
115000143,537,672,-135
115000144,554,98,456
115000145,301,463,-162
115000146,402,271,131
115000147,573,537,36
115000148,303,1314,-1011
115000149,660,245,415
115000150,656,1280,-624
115000151,1122,522,600
115000152,593,1612,-1019
115000153,1072,610,462
115000154,872,397,475
115000155,609,1123,-514
115000156,1475,640,835
115000157,933,899,34
115000158,761,411,350
115000159,900,454,446
115000160,574,287,287
115000161,161,545,-384
115000162,832,823,9
115000163,611,654,-43
115000164,686,580,106
115000165,469,424,45
115000167,240,116,124
115000168,815,363,452
115000169,922,326,596
115000170,340,129,211
115000171,501,237,264
115000172,1447,605,842
115000173,438,532,-94
115000174,216,401,-185
115000175,324,76,248
115000176,173,45,128
115000177,155,27,128
115000178,35,254,-219
115000179,56,15,41
115000180,195,766,-571
115000181,638,131,507
115000182,636,355,281
115000183,294,1056,-762
115000186,705,264,441
115000187,201,972,-771
115000188,500,632,-132
115000189,251,476,-225
115000190,729,545,184
115000191,236,561,-325
115000194,162,191,-29
115000195,316,353,-37
115000196,149,164,-15
115000197,296,372,-76
115000198,240,219,21
115000199,326,275,51
115000200,325,130,195
115000201,212,444,-232
115000206,402,54,348
115000207,108,367,-259
115000208,506,664,-158
115000209,641,350,291
115000210,143,139,4
115000211,230,274,-44
115000212,1820,265,1555
115000224,499,72,427
115000225,55,88,-33
115000229,202,176,26
115000230,100,349,-249
115000231,351,2489,-2138
115000232,1538,327,1211
115000233,228,200,28
115000234,29,300,-271
115000241,67,284,-217
115000242,65,380,-315
115000243,64,260,-196
115000244,7,105,-98
115000246,60,17,43
115000247,65,19,46
115000248,45,29,16
115000249,36,10,26
115000250,377,59,318
115000251,220,127,93
115000252,128,233,-105
115000253,27,422,-395
115000258,334,183,151
115000259,338,179,159
115000261,17,23,-6
115000262,5,26,-21
115000263,18,64,-46
115000264,26,56,-30
115000267,71,52,19
115000268,38,133,-95
115000269,129,59,70
115000270,13,20,-7
115000272,48,204,-156
115000273,318,44,274
115000280,2165,161,2004
115000281,491,780,-289
115000282,805,607,198
115000284,388,245,143
115000296,1226,14,1212
115000297,325,114,211
115000298,115,412,-297
115000300,222,149,73
115000302,627,248,379
115000303,646,150,496
115000304,730,109,621
115000305,91,1043,-952
115000306,202,472,-270
115000307,79,199,-120
115000308,27,20,7
115000310,855,1019,-164
115000311,690,1484,-794
115000313,147,777,-630
115000314,408,182,226
115000315,1285,582,703
115000316,78,126,-48
115000317,211,532,-321
115000318,925,408,517
115000319,47,365,-318
115000320,11,285,-274
115000321,550,7,543
115000322,35,317,-282
115000449,220,261,-41
115000557,101,1116,-1015
115000558,770,85,685
115000587,586,423,163
115000588,2915,3641,-726
115000589,4079,2849,1230
115000590,1412,1618,-206
115000591,1567,824,743
115000592,848,2122,-1274
115000593,1647,746,901
115000594,983,2734,-1751
115000609,280,263,17
115000617,2023,3382,-1359
115000624,198,82,116
115000633,415,2467,-2052
115000634,2852,774,2078
115000635,539,194,345
115000638,1140,809,331
115000641,64,112,-48
115000642,382,327,55
115000643,107,625,-518
115000644,141,466,-325
115000646,775,1504,-729
115000647,146,584,-438
115000648,1637,2127,-490
115000893,4352,1789,2563
115000894,151,1368,-1217
115000895,766,1062,-296
115000896,2009,452,1557
115000897,494,160,334
115000898,555,256,299
115000899,766,1612,-846
115000900,144,537,-393
115000901,116,179,-63
115000912,396,137,259
115000913,2,19,-17
115000915,111,1,110
115000916,8,0,8
115000917,0,8,-8
115000918,64,289,-225
115000919,15,13,2
115000920,147,84,63
115000921,864,170,694
115000922,2410,880,1530
115000923,861,1271,-410
115000925,112,80,32
115000927,54,80,-26
115000933,677,263,414
115000934,131,215,-84
115000935,80,90,-10
115000936,65,771,-706
115000937,1639,267,1372
115000938,316,263,53
115000939,373,211,162
115000940,82,29,53
115000941,20,31,-11
115000942,240,140,100
115000943,144,25,119
115000944,7,7,0
115900001,77,42,35
115900002,83,134,-51
115900003,138,115,23
115900004,2,86,-84
115900005,119,7,112
115900006,102,391,-289
115900008,51,17,34
115900009,83,375,-292
115900010,210,209,1
115900011,721,308,413
115900012,117,89,28
115900013,354,164,190
115900014,110,169,-59
115900015,127,94,33
115900016,75,34,41
115900017,8,8,0
115900018,182,121,61
115900019,203,8,195
115900020,60,1,59
115900021,1522,218,1304
115900022,2161,7,2154
115900023,60,2,58
115900025,54,217,-163
115900026,888,260,628
115900027,0,379,-379
115900028,655,67,588
115900029,21,472,-451
115900030,19,32,-13
115900031,449,219,230
115900032,444,773,-329
115900033,0,33,-33
115900034,18,504,-486
115900035,67,22,45
115900036,238,660,-422
115900037,46,392,-346
115900038,46,9,37
115900039,143,296,-153
115900041,465,434,31
115900042,39,2,37
115900043,111,86,25
115900044,258,266,-8
115900046,176,250,-74
115900047,143,126,17
115900049,150,298,-148
115900051,6,90,-84
115900052,13,316,-303
115900053,168,265,-97
115900054,173,51,122
115900055,27,187,-160
115900056,181,324,-143
115900057,77,6,71
115900058,35,86,-51
115900060,128,136,-8
115900061,235,1,234
115900062,19,441,-422
115900063,50,12,38
115900064,203,332,-129
115900065,109,84,25
115900066,235,203,32
115900067,5,838,-833
115900068,3912,735,3177
115900069,33,201,-168
115900070,219,186,33
115900071,5,513,-508
115900072,53,163,-110
115900073,52,56,-4
115900074,6,428,-422
115900075,35,281,-246
115900076,7,97,-90
115900077,5,316,-311
115900078,66,126,-60
115900079,177,10,167
115900080,564,258,306
115900081,10,82,-72
115900082,140,168,-28
115900084,318,34,284
115900085,54,80,-26
115900086,1548,530,1018
115900088,12,51,-39
115900089,224,810,-586
115900090,262,16,246
115900091,6,25,-19
115900092,19,233,-214
115900093,4,31,-27
115900094,4,395,-391
115900096,1,28,-27
115900097,8,471,-463
115900098,138,470,-332
115900099,60,63,-3
115900100,3,647,-644
115900101,160,450,-290
115900102,58,71,-13
115900103,305,282,23
115900104,46,94,-48
115900105,148,676,-528
115900106,51,21,30
115900107,58,178,-120
115900108,67,45,22
115900109,62,440,-378
115900110,5,24,-19
115900111,2,125,-123
115900112,43,915,-872
115900113,29,32,-3
115900114,15,139,-124
115900115,88,189,-101
115900116,77,935,-858
115900117,66,27,39
115900118,3,372,-369
115900119,141,104,37
115900120,34,396,-362
115900121,104,255,-151
115900124,214,573,-359
115900125,273,44,229
115900126,556,84,472
115900127,487,60,427
115900128,18,120,-102
115900129,604,47,557
115900130,18,249,-231
115900131,302,34,268
115900132,507,28,479
115900134,307,11,296
115900135,525,793,-268
115900137,32,3,29
115900139,95,74,21
115900140,178,18,160
115900141,13,78,-65
115900142,11,39,-28
115900143,337,322,15
115900144,73,193,-120
115900146,3,177,-174
115900147,277,210,67
115900148,33,4,29
115900149,41,37,4
115900150,68,100,-32
115900151,9,83,-74
115900152,117,305,-188
115900153,114,218,-104
115900154,575,347,228
115900155,0,69,-69
115900156,633,686,-53
115900157,156,459,-303
115900158,31,17,14
115900159,88,323,-235
115900160,6,10,-4
115900161,94,193,-99
115900163,116,131,-15
115900164,481,1,480
115900166,160,226,-66
115900168,117,164,-47
115900171,119,416,-297
115900172,103,127,-24
115900173,209,141,68
115900174,267,227,40
115900175,64,186,-122
115900178,6,710,-704
115900179,193,14,179
115900180,39,230,-191
115900181,130,226,-96
115900182,279,270,9
115900183,129,42,87
115900184,1698,13,1685
115900187,7,135,-128
115900189,1,163,-162
115900190,385,1007,-622
115900191,37,416,-379
115900192,11,68,-57
115900193,159,107,52
115900194,452,61,391
115900195,576,1680,-1104
115900198,186,369,-183
115900199,129,286,-157
115900200,342,295,47
115900201,319,291,28
115900202,4,73,-69
115900203,5,8,-3
115900204,1,4,-3
115900205,184,13,171
115900206,146,137,9
115900207,25,23,2
115900208,136,309,-173
115900209,2,151,-149
115900210,1,129,-128
115900211,2,263,-261
115900212,124,301,-177
115900213,255,62,193
115900214,347,172,175
115900215,36,70,-34
115900216,2,67,-65
115900217,4,44,-40
115900218,1,50,-49
115900219,75,3,72
115900220,86,14,72
115900221,45,31,14
115900222,23,20,3
115900223,10,260,-250
115900224,1435,877,558
115900225,90,22,68
115900226,31,36,-5
115900227,17,31,-14
115900228,11,47,-36
115900229,6,66,-60
115900230,46,110,-64
115900231,105,2,103
115900232,109,2,107
115900233,109,9,100
115900234,64,46,18
115900235,41,35,6
115900236,71,14,57
115900237,20,28,-8
115900238,27,24,3
115900239,13,33,-20
115900240,13,71,-58
115900241,147,106,41
115900242,362,387,-25
115900243,16,7,9
115900244,5,38,-33
115900245,26,3,23
115900246,8,5,3
115900247,22,8,14
115900248,10,5,5
115900249,4,8,-4
115900250,4,31,-27
115900251,1,12,-11
115900252,5,1,4
115900253,7,13,-6
115900254,18,30,-12
115900255,3,22,-19
115900256,29,94,-65
115900257,0,6,-6
115900258,0,1,-1
115900259,9,1,8
115900260,10,2,8
115900261,3,3,0
115900262,2,5,-3
115900263,5,3,2
115900264,4,4,0
115900265,7,10,-3
115900266,6,11,-5
115900267,10,7,3
115900268,5,9,-4
115900269,380,446,-66
115900270,253,702,-449
115900271,120,1,119
115900272,17,2,15
115900273,4,13,-9
115900274,1,4,-3
115900275,0,21,-21
115900276,0,40,-40
115900277,0,103,-103
115900278,38,104,-66
115900279,25,169,-144
115900280,24,340,-316
115900281,669,242,427
115900282,33,9,24
115900283,8,18,-10
115900284,9,15,-6
116000001,13754,6328,7426
116000002,4813,10756,-5943
116000003,1758,2188,-430
116000004,2671,3574,-903
116000005,4758,4122,636
116000006,4301,2203,2098
116000007,3999,4436,-437
116000008,5189,2333,2856
116000009,2069,2909,-840
116000010,2579,1376,1203
116000011,1173,2283,-1110
116000012,1324,983,341
116000013,11542,3871,7671
116000014,19831,14429,5402
116000015,490,1452,-962
116000016,6781,3511,3270
116000017,40,908,-868
116000018,621,506,115
116000019,1304,400,904
116000020,561,1178,-617
116000021,416,430,-14
116000022,497,523,-26
116000023,1114,987,127
116000024,771,1029,-258
116000025,1099,672,427
116000026,2144,2637,-493
116000027,1397,627,770
116000028,581,1062,-481
116000029,1165,810,355
116000030,754,512,242
116000031,159,283,-124
116000032,408,293,115
116000033,368,524,-156
116000034,1316,1397,-81
116000035,651,1025,-374
116000036,1814,849,965
116000037,731,632,99
116000038,743,389,354
116000039,729,244,485
116000040,2256,296,1960
116000041,217,454,-237
116000042,590,209,381
116000043,60,680,-620
116000044,13,89,-76
116000045,2421,1599,822
116000046,1661,1675,-14
116000047,3408,4437,-1029
116000048,3198,2027,1171
116000049,1223,2726,-1503
116000050,1461,2319,-858
116000051,6397,2644,3753
116000052,7063,5468,1595
116000053,3545,1553,1992
116000054,1658,2992,-1334
116000055,675,1681,-1006
116000056,1097,1854,-757
116000057,5229,2400,2829
116000058,4062,2801,1261
116000059,3650,5827,-2177
116000060,2812,973,1839
116000061,964,1369,-405
116000062,1245,241,1004
116000063,1034,1398,-364
116000066,292,687,-395
116000067,337,677,-340
116000068,335,346,-11
116000069,289,437,-148
116000078,474,1330,-856
116000080,1980,1229,751
116000082,18,85,-67
116000083,1542,518,1024
116000084,2408,4400,-1992
116000085,2026,1808,218
116000086,2481,1858,623
116000087,1691,1431,260
116000088,856,1176,-320
116000089,242,130,112
116000090,148,173,-25
116000091,401,277,124
116000093,491,436,55
116000094,605,755,-150
116000095,732,661,71
116000096,737,1732,-995
116000097,812,949,-137
116000098,239,6964,-6725
116000099,9432,419,9013
116000100,220,14,206
116000101,645,1230,-585
116000102,332,1825,-1493
116000103,521,351,170
116000104,251,2004,-1753
116000105,1224,211,1013
116000106,796,1336,-540
116000107,2896,630,2266
116000108,1085,234,851
116000111,210,48,162
116000113,66,104,-38
116000114,66,148,-82
116000115,197,120,77
116000116,325,581,-256
116000117,1390,2246,-856
116000118,1211,1452,-241
116000119,2393,2357,36
116000120,2827,4591,-1764
116000121,904,649,255
116000122,1659,2051,-392
116000123,833,610,223
116000124,473,1046,-573
116000125,2508,680,1828
116000126,319,1737,-1418
116000127,1298,1595,-297
116000128,1413,875,538
116000129,929,221,708
116000130,539,368,171
116000133,738,1201,-463
116000134,1976,2575,-599
116000135,2225,1651,574
116000136,1479,2493,-1014
116000137,1197,873,324
116000138,758,534,224
116000139,1819,2219,-400
116000140,193,293,-100
116000141,338,897,-559
116000142,4570,4043,527
116000143,2105,2119,-14
116000144,1502,3088,-1586
116000145,1769,1783,-14
116000146,415,356,59
116000147,466,148,318
116000148,558,520,38
116000149,698,665,33
116000151,935,920,15
116000153,103,1085,-982
116000155,222,336,-114
116000156,476,1111,-635
116000157,50,31,19
116000158,399,446,-47
116000159,23,19,4
116000160,13,70,-57
116000161,9,107,-98
116000162,90,94,-4
116000163,25,7,18
116000164,6,13,-7
116000177,939,140,799
116000194,130,413,-283
116000195,2078,773,1305
116000196,5,1,4
116000197,7,18,-11
116000198,3304,1366,1938
116000200,948,655,293
116000201,678,797,-119
116000202,5,342,-337
116000203,1,168,-167
116000204,6,79,-73
116000205,0,241,-241
116000206,0,125,-125
116000207,3,52,-49
116000233,241,625,-384
116000287,151,674,-523
116000288,242,297,-55
116000292,45,118,-73
116000296,22,255,-233
116000297,149,44,105
116000304,97,27,70
116000305,32,92,-60
116000346,146,112,34
116000352,168,28,140
116000354,43,14,29
116000357,18,15,3
116000358,235,49,186
116000361,620,0,620
116000372,11679,4507,7172
116000381,78,0,78
116000388,1,35,-34
116000389,1056,572,484
116000445,314,752,-438
116000446,512,975,-463
116000447,23,619,-596
116000448,632,285,347
116000563,1222,1144,78
116000565,60,562,-502
116000568,57,163,-106
116000579,50,105,-55
116000583,150,98,52
116000584,50,11,39
116000585,29,22,7
116000586,184,136,48
116000587,691,666,25
116000589,62,86,-24
116000590,52,93,-41
116000591,165,327,-162
116000592,18,124,-106
116000593,0,53,-53
116000594,512,602,-90
116000595,796,159,637
116000596,74,11,63
116000597,341,101,240
116000598,16,213,-197
116000605,322,168,154
116000606,85,259,-174
116000607,3,51,-48
116000609,236,857,-621
116000611,112,563,-451
116000612,846,2357,-1511
116000613,524,430,94
116000614,489,830,-341
116000615,2,266,-264
116000616,51,137,-86
116000617,85,104,-19
116000618,7,182,-175
116000619,53,68,-15
116000620,128,587,-459
116000621,47,115,-68
116000622,57,213,-156
116000624,194,110,84
116000627,76,125,-49
116000628,79,509,-430
116000629,22,386,-364
116000630,261,51,210
116000631,135,66,69
116000632,506,135,371
116000633,147,423,-276
116000634,284,207,77
116000635,4223,2195,2028
116000636,2048,1470,578
116000637,436,90,346
116000638,98,543,-445
116000639,116,4,112
116000640,12,16,-4
116000641,45,168,-123
116000643,0,155,-155
116000644,26,687,-661
116000645,93,22,71
116900001,209,205,4
116900002,246,7,239
116900003,32,81,-49
116900004,37,31,6
116900005,250,46,204
116900006,232,191,41
116900007,119,214,-95
116900008,265,326,-61
116900009,16,4,12
116900010,666,2046,-1380
116900011,14,42,-28
116900012,176,211,-35
116900013,3,161,-158
116900014,94,310,-216
116900015,239,70,169
116900016,174,2,172
116900017,1,724,-723
116900018,41,66,-25
116900019,14,385,-371
116900020,1479,723,756
116900023,59,9,50
116900024,426,50,376
116900025,1009,1084,-75
116900026,144,759,-615
116900027,10,62,-52
116900028,5,130,-125
116900029,2,29,-27
116900031,0,20,-20
116900032,3,466,-463
116900033,11,15,-4
116900034,2,88,-86
116900035,147,304,-157
116900036,1,112,-111
116900038,20,2,18
116900041,33,10,23
116900042,876,261,615
116900043,18,99,-81
116900047,95,100,-5
116900049,41,394,-353
116900050,100,653,-553
116900051,102,246,-144
116900052,265,77,188
116900055,0,8,-8
116900057,22,285,-263
116900058,40,466,-426
116900059,1,145,-144
116900060,178,202,-24
116900062,2,3,-1
116900064,66,949,-883
116900065,18,179,-161
116900067,130,155,-25
116900068,137,364,-227
116900070,2,0,2
116900072,18,435,-417
116900073,10,161,-151
116900074,4,41,-37
116900076,11,71,-60
116900077,8,255,-247
116900078,265,135,130
116900079,30,361,-331
116900080,6,13,-7
116900081,350,1632,-1282
116900082,405,1059,-654
116900083,67,89,-22
116900084,267,68,199
116900085,47,184,-137
116900086,101,235,-134
116900088,467,83,384
116900090,145,74,71
116900091,247,98,149
116900092,90,878,-788
116900093,1567,2433,-866
116900094,5631,5025,606
116900095,374,172,202
116900096,89,162,-73
116900097,4937,2784,2153
116900098,955,258,697
116900099,774,636,138
116900100,623,24,599
116900101,195,652,-457
116900103,3,1,2
116900104,50,89,-39
116900105,293,92,201
116900106,811,4,807
116900107,4989,2159,2830
116900110,6,1,5
116900111,444,1057,-613
116900112,236,1200,-964
116900113,2806,1348,1458
116900116,198,399,-201
116900117,123,88,35
116900118,905,741,164
116900120,241,92,149
116900121,84,22,62
116900122,567,877,-310
116900123,117,835,-718
116900124,197,1233,-1036
116900125,227,265,-38
116900126,216,518,-302
116900128,0,47,-47
116900129,2,371,-369
116900130,884,3263,-2379
116900131,96,260,-164
116900132,48,111,-63
116900133,72,118,-46
116900134,193,250,-57
116900136,214,218,-4
116900137,437,225,212
116900138,200,222,-22
116900139,125,393,-268
116900140,210,153,57
116900141,694,406,288
116900142,4,62,-58
116900143,279,461,-182
116900144,20,77,-57
116900145,129,308,-179
116900147,1053,331,722
116900148,15,29,-14
116900149,34,210,-176
116900150,6,11,-5
116900151,28,11,17
116900153,95,81,14
116900154,846,512,334
116900155,72,75,-3
116900157,453,413,40
116900158,1186,216,970
116900159,36,363,-327
116900160,2825,364,2461
116900161,8229,5593,2636
116900162,48,155,-107
116900163,151,159,-8
116900164,165,51,114
116900165,256,130,126
116900166,21,125,-104
116900167,412,74,338
116900168,404,79,325
116900169,1226,304,922
116900170,235,438,-203
116900171,40,267,-227
116900172,258,232,26
116900173,165,52,113
116900174,37,49,-12
116900175,325,135,190
116900178,14,175,-161
116900179,90,263,-173
116900180,71,18,53
116900182,300,276,24
116900183,138,113,25
116900185,28,35,-7
116900186,77,301,-224
116900187,46,34,12
116900188,160,34,126
116900189,44,1,43
116900191,373,622,-249
116900192,195,164,31
116900194,107,1018,-911
116900195,35,12,23
116900196,27,121,-94
116900197,59,8,51
116900198,193,174,19
116900200,34,49,-15
116900201,119,10,109
116900202,121,60,61
116900203,92,5,87
116900204,57,70,-13
116900206,12,57,-45
116900207,38,33,5
116900208,13,131,-118
116900209,46,153,-107
116900210,474,311,163
116900211,203,9,194
116900212,61,143,-82
116900213,178,224,-46
116900214,163,147,16
116900215,27,84,-57
116900216,459,202,257
116900218,6,273,-267
116900219,1128,507,621
116900220,107,233,-126
116900221,85,366,-281
116900222,376,426,-50
116900223,97,287,-190
116900226,45,95,-50
116900227,257,118,139
116900228,282,359,-77
116900230,35,353,-318
116900231,20,458,-438
116900232,3,560,-557
116900233,194,85,109
116900234,2,8,-6
116900235,372,424,-52
116900238,1710,426,1284
116900239,31,1373,-1342
116900240,7695,4508,3187
116900241,82,149,-67
116900242,1353,448,905
116900243,0,51,-51
116900245,30,23,7
116900246,88,65,23
116900247,687,24,663
116900248,130,43,87
116900249,190,73,117
116900250,320,66,254
116900251,546,482,64
116900252,99,1060,-961
116900254,25,102,-77
116900255,95,55,40
116900256,327,135,192
116900257,17,647,-630
116900258,3,335,-332
116900259,149,0,149
116900260,2,184,-182
116900261,49,2,47
116900262,125,156,-31
116900263,0,14,-14
116900264,72,70,2
116900265,14,0,14
116900266,4,49,-45
116900267,1,1,0
116900268,65,7,58
116900269,343,620,-277
116900271,1235,103,1132
116900272,750,700,50
116900273,377,85,292
116900274,58,77,-19
116900275,93,116,-23
116900276,364,111,253
116900277,639,35,604
116900278,6,15,-9
116900279,2,22,-20
116900280,18,39,-21
116900281,8044,3581,4463
116900282,1,158,-157
116900283,21,176,-155
116900284,7,257,-250
116900285,324,386,-62
116900286,199,24,175
116900287,1,70,-69
116900288,82,150,-68
116900289,7,20,-13
116900290,3,50,-47
116900291,13,13,0
116900292,0,30,-30
116900293,50,74,-24
116900294,40,159,-119
116900295,553,27,526
116900296,174,44,130
116900297,11,91,-80
116900298,81,52,29
116900299,109,51,58
116900300,12,88,-76
116900301,88,100,-12
116900302,97,52,45
116900303,457,190,267
116900304,0,145,-145
116900305,28,112,-84
116900306,203,244,-41
116900307,82,2,80
116900308,0,226,-226
116900309,45,118,-73
116900310,11,61,-50
117000001,1865,2183,-318
117000002,3855,6351,-2496
117000003,9287,3979,5308
117000004,5322,6993,-1671
117000005,3346,2325,1021
117000006,1877,5519,-3642
117000007,4005,1722,2283
117000008,1489,5975,-4486
117000009,5764,2462,3302
117000010,3250,5662,-2412
117000011,2289,2372,-83
117000012,1652,2200,-548
117000013,2643,1296,1347
117000014,2262,3222,-960
117000015,4770,1685,3085
117000016,733,56,677
117000017,1003,182,821
117000018,204,493,-289
117000019,450,46,404
117000020,458,1246,-788
117000021,2873,863,2010
117000022,690,79,611
117000023,1284,226,1058
117000024,719,100,619
117000025,1781,345,1436
117000026,6117,1090,5027
117000027,2776,2845,-69
117000028,5402,1516,3886
117000030,917,634,283
117000031,424,369,55
117000032,3124,1509,1615
117000033,1396,1212,184
117000034,601,438,163
117000035,325,387,-62
117000036,561,521,40
117000037,362,380,-18
117000038,362,835,-473
117000039,666,362,304
117000040,214,1095,-881
117000041,1128,214,914
117000044,20,1159,-1139
117000045,657,77,580
117000046,726,895,-169
117000047,1334,872,462
117000048,2431,1672,759
117000049,118,634,-516
117000050,115,1775,-1660
117000051,1368,107,1261
117000052,44,751,-707
117000053,848,111,737
117000054,1617,9,1608
117000055,120,3894,-3774
117000056,591,27,564
117000057,798,2812,-2014
117000060,506,2093,-1587
117000061,2257,1242,1015
117000062,363,647,-284
117000063,2338,1091,1247
117000064,1058,1012,46
117000066,1154,787,367
117000067,190,460,-270
117000074,202,346,-144
117000076,93,70,23
117000077,161,153,8
117000078,175,565,-390
117000079,511,318,193
117000080,3,473,-470
117000081,1192,174,1018
117000082,50,239,-189
117000083,615,454,161
117000084,594,2,592
117000085,291,754,-463
117000086,1191,675,516
117000087,116,677,-561
117000088,356,294,62
117000089,1486,345,1141
117000090,281,1878,-1597
117000091,825,358,467
117000092,443,2032,-1589
117000093,1174,898,276
117000094,1230,3438,-2208
117000095,3222,1100,2122
117000096,841,3215,-2374
117000097,1428,1545,-117
117000098,2801,6124,-3323
117000099,3061,1433,1628
117000100,175,253,-78
117000101,259,1513,-1254
117000102,1453,793,660
117000103,1079,2327,-1248
117000104,1333,819,514
117000105,932,2173,-1241
117000106,1087,1113,-26
117000107,554,1950,-1396
117000108,1628,1004,624
117000109,2967,3588,-621
117000110,1572,1035,537
117000111,4145,6235,-2090
117000112,3254,2380,874
117000113,179,379,-200
117000114,138,150,-12
117000115,88,188,-100
117000116,113,320,-207
117000117,2188,715,1473
117000118,594,226,368
117000119,1383,221,1162
117000120,890,580,310
117000121,215,1720,-1505
117000122,526,1743,-1217
117000123,2563,18,2545
117000124,930,65,865
117000125,880,72,808
117000126,196,24,172
117000127,287,353,-66
117000128,621,739,-118
117000129,1313,791,522
117000130,152,2,150
117000131,0,131,-131
117000132,2553,68,2485
117000133,1143,111,1032
117000134,1,46,-45
117000135,7,24,-17
117000136,1,44,-43
117000137,125,121,4
117000138,6,532,-526
117000140,763,2434,-1671
117000141,1672,741,931
117000181,677,245,432
117000182,409,571,-162
117000195,262,1422,-1160
117000196,281,83,198
117000225,361,18,343
117000226,16,290,-274
117000276,281,12,269
117000277,1,585,-584
117000310,2743,3466,-723
117000315,49,1970,-1921
117000320,130,0,130
117000906,276,27,249
117000907,11,441,-430
117000909,116,48,68
117000910,205,165,40
117000911,120,280,-160
117000915,4,801,-797
117000916,44,4,40
117000917,1012,50,962
117000918,74,87,-13
117000919,6,202,-196
117000920,2,1636,-1634
117000921,6,1727,-1721
117000922,53,148,-95
117000924,1167,1194,-27
117000926,1300,75,1225
117000927,2450,593,1857
117000928,0,168,-168
117000929,211,913,-702
117000930,778,381,397
117000931,452,125,327
117900002,213,464,-251
117900003,690,376,314
117900005,11,47,-36
117900006,2,17,-15
117900007,176,131,45
117900008,2,59,-57
117900010,1202,151,1051
117900011,47,21,26
117900012,56,106,-50
117900013,1,302,-301
117900014,1805,214,1591
117900015,18,137,-119
117900016,1690,689,1001
117900017,1536,516,1020
117900018,230,70,160
117900019,385,425,-40
117900020,72,413,-341
117900021,36,87,-51
117900023,544,717,-173
117900024,87,90,-3
117900025,63,12,51
117900026,344,516,-172
117900028,217,9,208
117900029,209,1284,-1075
117900031,654,101,553
117900032,1255,733,522
117900033,208,1223,-1015
117900034,129,66,63
117900035,497,134,363
117900036,217,787,-570
117900037,80,222,-142
117900038,19,422,-403
117900039,6,91,-85
117900040,127,534,-407
117900041,10,51,-41
117900042,5752,585,5167
117900043,66,59,7
117900044,206,7155,-6949
117900045,210,172,38
117900048,216,397,-181
117900049,252,940,-688
117900050,42,73,-31
117900051,186,5,181
117900052,69,405,-336
117900053,1294,748,546
117900054,2,15,-13
117900055,102,543,-441
117900056,496,22,474
117900057,1272,1528,-256
117900058,145,21,124
117900059,594,132,462
117900060,1249,6817,-5568
117900061,48,479,-431
117900063,450,229,221
117900065,946,1517,-571
117900066,8,62,-54
117900067,353,253,100
117900069,1156,434,722
117900070,614,17,597
117900071,112,160,-48
117900073,440,404,36
117900074,961,20,941
117900075,140,83,57
117900076,23,66,-43
117900077,286,176,110
117900078,232,659,-427
117900080,277,70,207
117900081,591,488,103
117900082,343,378,-35
117900083,345,632,-287
117900086,255,54,201
117900087,153,83,70
117900088,3512,2503,1009
117900089,1629,604,1025
117900090,1145,730,415
117900091,216,205,11
117900092,83,55,28
117900093,61,125,-64
117900094,24,6,18
117900095,1115,821,294
117900096,113,335,-222
117900097,186,107,79
117900098,12,8,4
117900099,296,318,-22
117900100,157,3,154
117900101,548,1614,-1066
117900102,48,70,-22
117900103,44,1,43
117900104,30,131,-101
117900105,168,301,-133
117900106,85,94,-9
117900107,30,0,30
117900109,378,327,51
117900110,83,3,80
117900111,433,26,407
117900112,68,26,42
117900113,6144,1943,4201
117900114,19,0,19
117900115,308,66,242
117900116,1173,1167,6
117900117,356,457,-101
117900118,31,2,29
117900119,91,326,-235
117900120,221,83,138
117900121,104,36,68
117900122,1284,3211,-1927
117900123,1051,626,425
117900124,984,832,152
117900125,1849,1426,423
117900126,271,724,-453
117900127,556,658,-102
117900128,318,834,-516
117900129,110,4,106
117900130,1328,568,760
117900131,0,131,-131
117900132,19,131,-112
117900133,14,143,-129
117900134,57,199,-142
117900135,20,229,-209
117900136,0,28,-28
117900137,43,313,-270
117900138,0,40,-40
117900139,143,138,5
117900140,5772,85,5687
117900141,329,248,81
117900142,439,92,347
117900144,131,84,47
117900145,24,17,7
117900146,427,106,321
117900147,66,84,-18
117900148,3957,1289,2668
117900149,70,173,-103
117900150,32,65,-33
117900151,68,133,-65
117900152,156,96,60
117900153,29,124,-95
117900154,649,855,-206
117900156,1005,962,43
117900157,94,573,-479
117900158,184,186,-2
117900160,653,558,95
117900161,2884,2864,20
117900162,647,750,-103
117900163,317,54,263
117900165,0,15,-15
117900166,140,429,-289
117900168,35,238,-203
117900169,2,154,-152
117900170,2,57,-55
117900171,1,19,-18
117900172,14,49,-35
117900173,223,72,151
117900174,44,72,-28
117900175,1,48,-47
117900176,10,45,-35
117900177,15,48,-33
117900178,130,39,91
117900180,317,49,268
117900181,151,271,-120
117900182,7,45,-38
117900183,61,244,-183
117900184,15,65,-50
117900185,21,59,-38
117900186,20,18,2
117900187,14,5,9
117900188,298,40,258
117900189,83,29,54
117900190,34,0,34
117900191,96,3,93
117900192,192,0,192
117900193,2,143,-141
117900194,9,5,4
117900195,24,76,-52
117900196,7,22,-15
117900207,152,143,9
117900208,34,48,-14
117900209,193,271,-78
117900210,148,293,-145
117900211,11,216,-205
117900212,93,202,-109
117900213,25,18,7
117900214,14,45,-31
117900215,49,50,-1
117900216,124,23,101
117900217,157,188,-31
117900218,266,347,-81
117900219,48,115,-67
117900220,387,237,150
117900222,266,452,-186
117900223,203,308,-105
118000001,1169,920,249
118000002,1786,2374,-588
118000003,5069,2953,2116
118000004,5148,2403,2745
118000005,5633,5655,-22
118000006,7188,10888,-3700
118000007,11312,2531,8781
118000008,8579,3456,5123
118000009,6156,4103,2053
118000010,5384,4386,998
118000011,1510,3002,-1492
118000012,1297,3007,-1710
118000013,3604,3259,345
118000014,2991,4115,-1124
118000016,301,442,-141
118000017,370,530,-160
118000018,751,524,227
118000019,2898,1623,1275
118000020,1716,2440,-724
118000021,1092,2630,-1538
118000022,2324,840,1484
118000023,1673,446,1227
118000024,1743,1087,656
118000027,18184,11587,6597
118000029,1080,826,254
118000032,1690,3671,-1981
118000033,3841,4342,-501
118000034,6581,2637,3944
118000035,2252,2606,-354
118000036,1761,1324,437
118000037,1051,1068,-17
118000038,156,93,63
118000039,132,413,-281
118000040,2119,2124,-5
118000041,2769,1744,1025
118000045,1253,54,1199
118000046,3442,591,2851
118000047,4828,816,4012
118000048,5671,1358,4313
118000051,2936,691,2245
118000052,2159,594,1565
118000053,974,544,430
118000054,2628,2151,477
118000055,1754,2445,-691
118000056,309,402,-93
118000057,185,524,-339
118000058,4909,1469,3440
118000059,4207,863,3344
118000060,1199,842,357
118000061,1282,1472,-190
118000062,855,318,537
118000063,623,463,160
118000064,1375,1269,106
118000065,6211,2303,3908
118000066,1267,1579,-312
118000067,1777,846,931
118000068,3266,5028,-1762
118000069,5264,1314,3950
118000070,7970,2069,5901
118000071,4534,7598,-3064
118000072,4876,1173,3703
118000073,5015,580,4435
118000074,1016,749,267
118000075,1180,321,859
118000076,2780,2108,672
118000077,1804,1347,457
118000078,2448,2246,202
118000079,253,378,-125
118000080,1548,987,561
118000081,2271,1107,1164
118000082,342,1182,-840
118000083,1912,1763,149
118000084,3253,2176,1077
118000086,422,742,-320
118000087,6054,2954,3100
118000088,2123,2054,69
118000089,4393,2376,2017
118000090,2225,3421,-1196
118000091,956,2721,-1765
118000092,1283,560,723
118000093,170,859,-689
118000096,731,691,40
118000097,934,829,105
118000098,356,182,174
118000099,510,891,-381
118000101,1133,448,685
118000102,476,1525,-1049
118000107,3003,634,2369
118000108,685,2830,-2145
118000110,2,33,-31
118000111,3,690,-687
118000112,554,11,543
118000113,3,1046,-1043
118000114,409,9,400
118000115,20,15,5
118000116,79,2,77
118000117,1604,947,657
118000118,1115,839,276
118000119,1061,1201,-140
118000120,1978,1389,589
118000121,175,525,-350
118000122,1926,364,1562
118000123,62,332,-270
118000125,2548,1700,848
118000126,1748,1966,-218
118000127,2322,858,1464
118000128,1708,1776,-68
118000129,1876,431,1445
118000130,3411,4946,-1535
118000131,1125,1184,-59
118000132,2795,1947,848
118000133,1738,607,1131
118000135,831,502,329
118000136,148,603,-455
118000137,1180,87,1093
118000138,451,608,-157
118000139,469,140,329
118000140,2768,5006,-2238
118000141,2120,2686,-566
118000142,1915,2729,-814
118000143,1946,1482,464
118000144,1977,1343,634
118000145,1786,2443,-657
118000146,1633,1563,70
118000147,1369,2065,-696
118000148,754,1760,-1006
118000149,879,1296,-417
118000150,290,471,-181
118000151,342,573,-231
118000153,1135,1723,-588
118000154,1671,2128,-457
118000155,1105,1911,-806
118000156,2911,2959,-48
118000157,569,486,83
118000158,225,510,-285
118000159,31,107,-76
118000160,496,584,-88
118000161,486,934,-448
118000162,2460,1352,1108
118000163,814,1342,-528
118000164,2747,2361,386
118000168,1398,410,988
118000169,1645,2152,-507
118000170,5394,6953,-1559
118000171,368,740,-372
118000172,137,387,-250
118000173,1421,1686,-265
118000175,321,410,-89
118000176,287,541,-254
118000177,234,639,-405
118000178,120,82,38
118000179,1923,1391,532
118000180,853,984,-131
118000181,537,150,387
118000182,540,352,188
118000183,688,618,70
118000184,791,1319,-528
118000185,1252,1025,227
118000186,805,1042,-237
118000187,1177,859,318
118000188,1045,200,845
118000189,565,787,-222
118000190,19,14,5
118000191,18,57,-39
118000192,994,498,496
118000193,331,542,-211
118000194,3139,1427,1712
118000195,1337,838,499
118000196,1065,154,911
118000197,774,90,684
118000198,1410,676,734
118000199,2414,555,1859
118000200,80,231,-151
118000201,943,559,384
118000202,87,59,28
118000203,2665,500,2165
118000204,310,387,-77
118000205,395,423,-28
118000206,292,246,46
118000207,1,80,-79
118000208,1536,1866,-330
118000209,2111,2429,-318
118000210,61,35,26
118000211,18,51,-33
118000213,1554,907,647
118000214,704,819,-115
118000215,357,607,-250
118000216,1637,4769,-3132
118000217,52,113,-61
118000218,42,96,-54
118000219,471,519,-48
118000220,2,32,-30
118000221,129,255,-126
118000222,42,19,23
118000223,43,30,13
118000224,302,96,206
118000225,171,1065,-894
118000226,1877,181,1696
118000227,949,407,542
118000228,134,158,-24
118000229,374,62,312
118000230,117,261,-144
118000231,86,277,-191
118000232,742,1131,-389
118000233,920,847,73
118000234,295,195,100
118000236,486,357,129
118000237,83,371,-288
118000238,184,263,-79
118000239,313,296,17
118000240,566,99,467
118000241,154,291,-137
118000242,307,666,-359
118000243,249,215,34
118000244,41,186,-145
118000246,82,12,70
118000255,88,273,-185
118000256,149,259,-110
118000259,6,44,-38
118000260,225,103,122
118000261,15,74,-59
118000263,117,283,-166
118000266,2470,492,1978
118000267,0,95,-95
118000268,924,3,921
118000270,86,24,62
118000271,277,379,-102
118000272,88,28,60
118000273,147,61,86
118000274,104,301,-197
118000276,385,410,-25
118000295,2,96,-94
118000298,168,487,-319
118000299,74,212,-138
118000301,0,71,-71
118000302,90,113,-23
118000311,365,116,249
118000312,228,210,18
118000313,32,220,-188
118000314,46,70,-24
118000315,28,83,-55
118000316,716,631,85
118000325,37,93,-56
118000326,22,54,-32
118000331,27,55,-28
118000332,48,35,13
118000333,50,91,-41
118000335,302,2,300
118000336,1,361,-360
118000407,124,79,45
118000457,10,70,-60
118000465,3862,4697,-835
118000480,53,169,-116
118000489,65,363,-298
118000490,89,478,-389
118000492,283,218,65
118000510,71,15,56
118000514,246,397,-151
118000515,745,865,-120
118000517,462,300,162
118000524,677,186,491
118000525,936,864,72
118000530,14,91,-77
118000531,255,376,-121
118000532,256,411,-155
118000533,660,298,362
118000534,1262,695,567
118000535,225,162,63
118000536,902,1236,-334
118000537,40,83,-43
118000538,62,69,-7
118000539,56,127,-71
118000540,278,169,109
118000541,218,57,161
118000542,152,217,-65
118000543,122,212,-90
118000546,31,19,12
118000553,0,1,-1
118000557,0,0,0
118000560,3178,1648,1530
118000562,36,324,-288
118000563,2975,1696,1279
118000576,222,259,-37
118000577,209,249,-40
118000578,222,164,58
118000579,1015,1350,-335
118000583,0,0,0
118000595,243,118,125
118000596,2,58,-56
118000597,178,207,-29
118000598,4,2,2
118000599,54,59,-5
118000600,3,14,-11
118000601,1,0,1
118000602,0,6,-6
118000603,0,79,-79
118000605,58,543,-485
118000606,38,45,-7
118900001,939,1187,-248
118900002,1234,973,261
118900003,166,12,154
118900004,94,53,41
118900005,154,16,138
118900006,120,4,116
118900007,5,3,2
118900008,1747,61,1686
118900009,52,23,29
118900010,48,13,35
118900011,133,24,109
118900012,561,254,307
118900013,523,104,419
118900015,208,48,160
118900016,8,24,-16
118900017,324,216,108
118900018,859,21,838
118900019,57,12,45
118900020,252,108,144
118900021,206,423,-217
118900022,140,83,57
118900023,163,87,76
118900024,75,150,-75
118900025,76,37,39
118900026,65,96,-31
118900027,422,283,139
118900028,167,210,-43
118900029,306,352,-46
118900030,232,128,104
118900031,128,122,6
118900032,277,227,50
118900033,799,570,229
118900034,128,31,97
118900035,214,218,-4
118900036,1025,828,197
118900037,769,243,526
118900038,391,242,149
118900039,386,231,155
118900040,174,236,-62
118900041,491,248,243
118900042,241,123,118
118900045,308,252,56
118900046,1030,258,772
118900047,831,268,563
118900048,282,146,136
118900049,59,38,21
118900050,21,133,-112
118900051,181,106,75
118900052,543,219,324
118900053,31,94,-63
118900054,157,83,74
118900055,41,91,-50
118900056,56,234,-178
118900057,679,448,231
118900058,578,291,287
118900059,15,80,-65
118900060,70,231,-161
118900062,187,146,41
118900064,716,616,100
118900065,26,215,-189
118900066,82,109,-27
118900067,6028,4068,1960
118900068,5,615,-610
118900069,361,319,42
118900071,2,62,-60
118900072,387,445,-58
118900073,91,143,-52
118900074,110,236,-126
118900075,53,84,-31
118900076,246,72,174
118900077,249,189,60
118900078,62,3,59
118900079,46,238,-192
118900080,25,90,-65
118900081,98,32,66
118900082,602,183,419
118900083,30,15,15
118900084,17,22,-5
118900085,677,1164,-487
118900086,20,66,-46
118900087,6,231,-225
118900088,1,13,-12
118900089,32,12,20
118900090,528,539,-11
118900091,117,152,-35
118900092,116,106,10
118900093,191,15,176
118900096,111,109,2
118900097,185,920,-735
118900099,72,303,-231
118900100,133,257,-124
118900101,72,517,-445
118900102,21,89,-68
118900103,34,87,-53
118900104,177,131,46
118900105,166,89,77
118900107,113,130,-17
118900108,118,69,49
118900110,1064,654,410
118900111,410,592,-182
118900112,73,146,-73
118900113,198,585,-387
118900114,21,77,-56
118900115,128,325,-197
118900116,81,199,-118
118900117,101,196,-95
118900118,238,463,-225
118900119,169,339,-170
118900120,113,445,-332
118900121,10,266,-256
118900122,19,953,-934
118900123,167,288,-121
118900124,84,184,-100
118900126,33,463,-430
118900129,356,177,179
118900130,94,122,-28
118900131,192,291,-99
118900132,681,187,494
118900133,24,97,-73
118900135,275,237,38
118900136,237,745,-508
118900137,20,30,-10
118900139,194,458,-264
118900140,524,920,-396
118900141,75,180,-105
118900144,102,640,-538
118900145,23,161,-138
118900146,293,917,-624
118900147,310,140,170
118900148,58,43,15
118900150,508,713,-205
118900152,478,933,-455
118900157,113,206,-93
118900158,67,70,-3
118900159,0,173,-173
118900161,169,6,163
118900163,240,77,163
118900164,8,122,-114
118900165,34,225,-191
118900166,16,2,14
118900167,61,118,-57
118900168,115,101,14
118900169,132,446,-314
118900170,119,168,-49
118900171,8,46,-38
118900174,65,38,27
118900175,333,568,-235
118900176,206,290,-84
118900177,31,68,-37
118900178,35,137,-102
118900179,15,37,-22
118900181,66,104,-38
118900182,107,56,51
118900183,36,110,-74
118900184,495,96,399
118900185,213,202,11
118900186,92,115,-23
118900187,247,357,-110
118900188,306,335,-29
118900189,33,849,-816
118900190,7,544,-537
118900191,182,72,110
118900192,203,33,170
118900193,405,8,397
118900195,346,913,-567
118900196,23,172,-149
118900197,80,84,-4
118900198,25,36,-11
118900199,74,53,21
118900200,13,8,5
118900201,28,12,16
118900202,8,63,-55
118900203,5,41,-36
118900204,5,33,-28
118900205,3,12,-9
118900206,4,36,-32
119000001,1533,1557,-24
119000002,4212,2851,1361
119000003,2549,1573,976
119000004,2621,1856,765
119000005,2039,2339,-300
119000006,2668,2143,525
119000007,3901,3590,311
119000008,2576,2188,388
119000009,3757,4834,-1077
119000010,7928,4633,3295
119000011,4907,2795,2112
119000012,4191,3543,648
119000013,2339,1557,782
119000014,3583,4519,-936
119000019,252,210,42
119000020,2143,1746,397
119000021,4893,2796,2097
119000022,3709,3277,432
119000023,419,345,74
119000024,2096,9285,-7189
119000025,7244,534,6710
119000026,172,290,-118
119000027,4017,768,3249
119000028,2376,1777,599
119000029,151,291,-140
119000030,557,911,-354
119000031,937,955,-18
119000032,2021,2521,-500
119000033,2549,1861,688
119000034,1547,1146,401
119000035,34,389,-355
119000036,1779,1210,569
119000037,1140,2149,-1009
119000038,134,1067,-933
119000039,247,354,-107
119000040,1300,616,684
119000041,1362,1839,-477
119000048,3407,3948,-541
119000049,1951,3417,-1466
119000050,1777,2820,-1043
119000051,2274,1165,1109
119000052,2425,3789,-1364
119000053,1879,1295,584
119000054,2007,2394,-387
119000055,2888,3620,-732
119000056,2245,2596,-351
119000057,1657,3256,-1599
119000058,1896,2724,-828
119000059,1409,2082,-673
119000060,1393,1242,151
119000061,1085,995,90
119000062,1186,1545,-359
119000063,463,486,-23
119000064,1840,1773,67
119000065,2443,4132,-1689
119000066,2429,1410,1019
119000067,2163,2803,-640
119000068,1692,1435,257
119000069,1633,2925,-1292
119000070,2159,1298,861
119000071,621,812,-191
119000072,7071,4012,3059
119000073,5897,7236,-1339
119000074,1863,4059,-2196
119000075,1906,3222,-1316
119000076,613,952,-339
119000077,1098,458,640
119000078,446,305,141
119000079,169,710,-541
119000080,375,213,162
119000081,340,415,-75
119000082,942,228,714
119000083,516,450,66
119000084,312,546,-234
119000085,514,327,187
119000086,246,565,-319
119000087,1836,1043,793
119000088,295,281,14
119000089,86,240,-154
119000090,171,189,-18
119000091,114,380,-266
119000092,546,197,349
119000093,4172,3699,473
119000094,3064,6954,-3890
119000095,1919,3374,-1455
119000097,4301,2067,2234
119000098,868,3156,-2288
119000099,3129,3112,17
119000100,3423,3182,241
119000101,4771,2657,2114
119000102,1128,888,240
119000103,1957,480,1477
119000104,3025,1516,1509
119000105,1005,1682,-677
119000106,579,1824,-1245
119000107,729,548,181
119000108,434,1398,-964
119000109,188,372,-184
119000110,643,287,356
119000111,79,573,-494
119000112,292,91,201
119000113,2659,330,2329
119000114,786,1101,-315
119000115,193,256,-63
119000116,204,102,102
119000117,178,383,-205
119000118,4,0,4
119000123,6468,703,5765
119000124,871,243,628
119000125,3018,1046,1972
119000126,931,953,-22
119000127,161,573,-412
119000128,30,6,24
119000131,1318,1601,-283
119000132,6,6,0
119000133,6,5,1
119000134,3392,742,2650
119000135,113,208,-95
119000136,218,221,-3
119000137,151,505,-354
119000138,340,379,-39
119000139,209,270,-61
119000140,170,364,-194
119000284,1349,3368,-2019
119000285,2526,2665,-139
119000286,7766,6269,1497
119000287,1774,2982,-1208
119000288,2208,1866,342
119000289,3697,4562,-865
119000290,219,912,-693
119000291,10,539,-529
119000293,117,204,-87
119000294,53,51,2
119000295,2974,1159,1815
119000296,168,179,-11
119000302,4251,1847,2404
119000303,58,186,-128
119000314,957,5090,-4133
119000315,0,740,-740
119000316,127,153,-26
119000317,75,458,-383
119000319,471,312,159
119900001,215,1275,-1060
119900002,175,393,-218
119900003,48,1218,-1170
119900004,453,734,-281
119900005,148,183,-35
119900006,156,374,-218
119900007,1072,177,895
119900008,156,20,136
119900009,639,769,-130
119900010,1227,1168,59
119900011,15,70,-55
119900012,35,49,-14
119900013,1960,829,1131
119900014,830,257,573
119900015,67,27,40
119900016,24,95,-71
119900017,34,60,-26
119900018,2357,741,1616
119900019,39,4,35
119900020,143,220,-77
119900021,138,81,57
119900022,165,476,-311
119900023,878,1465,-587
119900025,109,25,84
119900026,854,61,793
119900027,88,56,32
119900028,388,93,295
119900029,0,3,-3
119900030,453,624,-171
119900031,47,274,-227
119900033,2216,226,1990
119900034,285,133,152
119900037,150,50,100
119900038,33,276,-243
119900039,75,6,69
119900040,203,9,194
119900041,89,37,52
119900042,84,164,-80
119900043,66,176,-110
119900044,193,721,-528
119900046,75,84,-9
119900047,270,70,200
119900049,133,15,118
119900050,66,114,-48
119900051,875,9,866
119900052,31,53,-22
119900053,177,178,-1
119900054,107,7,100
119900055,951,417,534
119900057,207,95,112
119900058,265,7,258
119900059,180,67,113
119900060,255,12,243
119900061,207,7,200
119900062,31,26,5
119900063,14,61,-47
119900065,272,7,265
119900067,68,42,26
119900068,387,0,387
119900069,70,17,53
119900070,733,6,727
119900071,505,14,491
119900073,1964,657,1307
119900074,81,36,45
119900075,6370,2256,4114
119900076,105,143,-38
119900077,691,1396,-705
119900078,435,835,-400
119900079,170,340,-170
119900080,416,375,41
119900081,471,21,450
119900082,1307,182,1125
119900083,347,133,214
119900084,985,341,644
119900085,123,90,33
119900086,348,1470,-1122
119900087,882,320,562
119900088,46,35,11
119900089,28,695,-667
119900090,172,34,138
119900091,89,1439,-1350
119900092,45,420,-375
119900093,1037,257,780
119900094,68,239,-171
119900095,204,109,95
119900096,31,83,-52
119900097,724,172,552
119900098,42,44,-2
119900099,28,195,-167
119900100,3181,2542,639
119900101,244,1210,-966
119900102,41,299,-258
119900103,16,382,-366
119900104,29,205,-176
119900105,980,1586,-606
119900106,20,253,-233
119900107,432,4255,-3823
119900108,2591,866,1725
119900109,36,270,-234
119900110,534,914,-380
119900111,182,642,-460
119900112,3014,680,2334
119900113,73,388,-315
119900114,196,2040,-1844
119900115,200,1438,-1238
119900116,175,556,-381
119900117,263,1002,-739
119900118,33,1291,-1258
119900119,163,299,-136
119900120,590,755,-165
119900121,427,1607,-1180
119900122,513,366,147
119900123,237,439,-202
119900124,198,1264,-1066
119900125,46,365,-319
119900126,5484,256,5228
119900127,2787,1003,1784
119900128,436,1013,-577
119900129,248,938,-690
119900130,26,298,-272
119900131,63,383,-320
119900132,6,399,-393
119900133,19,62,-43
119900134,2674,290,2384
119900135,2,454,-452
119900136,141,468,-327
119900138,370,654,-284
119900139,68,105,-37
119900140,3,157,-154
119900141,157,702,-545
119900142,0,22,-22
119900143,10,211,-201
119900144,2289,258,2031
119900145,159,245,-86
119900146,186,206,-20
119900147,4,128,-124
119900148,146,62,84
119900149,1846,3478,-1632
119900150,200,225,-25
119900151,2100,976,1124
119900152,80,514,-434
119900153,120,79,41
119900154,18,1125,-1107
119900155,57,41,16
119900156,29,10,19
119900157,132,300,-168
119900158,107,94,13
119900159,6,2021,-2015
119900160,29,231,-202
119900161,240,296,-56
119900162,742,778,-36
119900163,128,170,-42
119900164,0,2,-2
119900165,99,282,-183
119900166,34,32,2
119900167,147,115,32
119900168,774,530,244
119900169,108,305,-197
119900170,196,184,12
119900171,1140,544,596
119900172,113,17,96
119900173,8,540,-532
119900174,1,180,-179
119900175,1080,938,142
119900177,62,287,-225
119900178,9,213,-204
119900179,97,419,-322
119900180,978,872,106
119900181,37,88,-51
119900182,4,558,-554
119900183,280,1016,-736
119900184,3183,701,2482
119900185,44,150,-106
119900186,70,649,-579
119900187,7,558,-551
119900188,74,426,-352
119900189,444,305,139
119900190,70,219,-149
119900191,400,185,215
119900192,36,251,-215
119900193,280,261,19
119900194,9,60,-51
119900195,23,180,-157
119900196,1473,435,1038
119900197,127,161,-34
119900198,94,442,-348
119900199,131,29,102
119900200,625,741,-116
119900201,362,156,206
119900202,154,188,-34
119900203,183,501,-318
119900204,256,369,-113
119900205,510,779,-269
119900206,146,180,-34
119900208,223,213,10
119900209,569,1072,-503
119900210,18,32,-14
119900211,97,16,81
119900212,415,802,-387
119900213,16,75,-59
119900214,24,149,-125
119900215,28,87,-59
119900216,6,67,-61
119900217,16,75,-59
119900218,27,88,-61
119900219,10,159,-149
119900220,1,106,-105
119900221,17,360,-343
119900222,27,232,-205
119900223,14,94,-80
119900224,8,22,-14
119900225,1001,66,935
119900226,710,1515,-805
119900227,1184,386,798
119900228,114,265,-151
119900229,280,497,-217
119900230,1885,682,1203
119900231,176,235,-59
119900232,170,87,83
119900233,30,2,28
119900234,24,32,-8
119900235,17,35,-18
119900236,25,283,-258
119900237,50,551,-501
119900238,2,105,-103
119900240,97,170,-73
119900241,192,224,-32
119900242,1790,2287,-497
119900244,919,1507,-588
119900245,122,192,-70
119900246,219,482,-263
119900247,15,77,-62
119900248,67,159,-92
119900249,159,88,71
119900253,3730,462,3268
119900254,86,615,-529
119900255,101,563,-462
119900256,406,1172,-766
119900257,69,2,67
119900258,76,2,74
119900259,6,191,-185
119900260,78,3,75
119900261,263,218,45
119900262,2,315,-313
119900263,1274,462,812
119900264,124,262,-138
119900265,558,548,10
119900266,237,354,-117
119900267,299,422,-123
119900268,152,211,-59
119900269,974,1533,-559
119900271,23,102,-79
119900272,312,79,233
119900275,99,17,82
119900276,37,1,36
119900277,7,5,2
119900278,246,70,176
119900279,105,251,-146
119900280,1077,248,829
119900281,0,173,-173
119900282,37,53,-16
119900283,15,369,-354
119900284,55,207,-152
119900285,18,62,-44
119900286,5,26,-21
119900288,3,31,-28
119900289,3,38,-35
119900290,2,47,-45
119900291,1,41,-40
119900292,22,39,-17
119900293,36,137,-101
119900294,55,79,-24
119900295,28,75,-47
119900296,24,352,-328
119900297,0,26,-26
119900298,2,3,-1
119900299,40,249,-209
119900300,187,233,-46
119900301,123,29,94
119900302,63,103,-40
119900303,175,209,-34
119900304,164,28,136
119900305,15,135,-120
119900306,11,1,10
119900307,18,149,-131
119900308,5,18,-13
119900309,32,101,-69
119900310,356,322,34
119900311,58,157,-99
119900312,155,109,46
119900313,266,435,-169
119900314,129,367,-238
119900315,1185,2947,-1762
119900318,8,18,-10
119900319,1,369,-368
119900320,120,674,-554
119900321,68,1,67
120000001,9331,16888,-7557
120000002,2835,3439,-604
120000003,3979,2001,1978
120000004,3286,2532,754
120000005,4578,1947,2631
120000006,1613,1777,-164
120000007,3440,2073,1367
120000008,1533,1949,-416
120000009,3015,448,2567
120000010,2017,2680,-663
120000011,1271,2570,-1299
120000012,1594,3280,-1686
120000013,2535,3302,-767
120000014,870,1985,-1115
120000015,3338,2823,515
120000016,3618,2942,676
120000017,3184,2779,405
120000018,4744,10596,-5852
120000019,954,1704,-750
120000020,3527,3481,46
120000021,2014,2718,-704
120000022,2812,4007,-1195
120000023,906,1976,-1070
120000024,1620,2688,-1068
120000025,2447,2671,-224
120000026,1416,2228,-812
120000027,1543,2218,-675
120000028,1194,491,703
120000029,4729,680,4049
120000030,707,1553,-846
120000031,1894,11371,-9477
120000032,10342,4461,5881
120000033,5083,2370,2713
120000034,2032,2683,-651
120000035,1989,3106,-1117
120000036,2848,5728,-2880
120000037,666,1681,-1015
120000038,8709,2933,5776
120000039,938,1249,-311
120000040,235,258,-23
120000041,1738,1418,320
120000042,1934,3486,-1552
120000043,5282,2693,2589
120000044,4065,1597,2468
120000045,4997,1318,3679
120000046,2937,5309,-2372
120000047,1884,5305,-3421
120000048,8494,5340,3154
120000049,4667,3437,1230
120000050,4397,5517,-1120
120000051,3714,5319,-1605
120000052,13417,2850,10567
120000053,1199,3330,-2131
120000054,1488,6352,-4864
120000055,1818,6602,-4784
120000056,3930,4210,-280
120000057,2885,769,2116
120000058,2930,335,2595
120000059,21,1430,-1409
120000061,143,665,-522
120000062,277,421,-144
120000063,2138,3175,-1037
120000064,420,1867,-1447
120000065,849,2158,-1309
120000066,329,673,-344
120000067,93,644,-551
120000068,236,1174,-938
120000069,902,1793,-891
120000070,210,1956,-1746
120000071,600,282,318
120000072,590,521,69
120000073,645,206,439
120000074,198,87,111
120000075,606,280,326
120000076,1728,494,1234
120000077,1811,671,1140
120000078,4711,1436,3275
120000079,384,646,-262
120000080,287,433,-146
120000081,384,313,71
120000082,267,347,-80
120000083,203,695,-492
120000084,429,499,-70
120000085,332,443,-111
120000086,338,820,-482
120000087,268,1082,-814
120000088,911,1529,-618
120000089,1037,829,208
120000090,732,633,99
120000091,870,1356,-486
120000092,1179,852,327
120000093,403,580,-177
120000094,183,893,-710
120000095,1038,715,323
120000096,246,1146,-900
120000098,882,1358,-476
120000099,389,925,-536
120000100,739,1324,-585
120000101,521,626,-105
120000102,558,745,-187
120000103,1362,941,421
120000104,1503,602,901
120000105,2386,823,1563
120000106,2019,655,1364
120000107,3280,705,2575
120000108,1072,183,889
120000109,1292,119,1173
120000110,38,1006,-968
120000111,138,1604,-1466
120000112,737,3958,-3221
120000113,789,3453,-2664
120000114,1087,3718,-2631
120000115,534,3182,-2648
120000116,704,2761,-2057
120000117,1844,2286,-442
120000118,67,28,39
120000119,55,74,-19
120000120,48,67,-19
120000121,53,96,-43
120000122,369,451,-82
120000123,7078,5348,1730
120000124,493,517,-24
120000125,504,920,-416
120000126,523,971,-448
120000127,2755,1067,1688
120000128,4577,2954,1623
120000129,340,397,-57
120000130,894,779,115
120000131,291,730,-439
120000134,478,1366,-888
120000135,427,504,-77
120000137,213,2134,-1921
120000138,744,639,105
120000139,247,1062,-815
120000140,667,725,-58
120000141,282,649,-367
120000142,412,725,-313
120000143,3,135,-132
120000144,87,1,86
120000145,326,1,325
120000146,2875,1117,1758
120000149,691,1285,-594
120000150,4790,11191,-6401
120000151,412,705,-293
120000152,462,266,196
120000153,211,802,-591
120000154,645,987,-342
120000155,126,296,-170
120000156,2487,887,1600
120000157,935,881,54
120000158,1205,1859,-654
120000159,3431,3414,17
120000160,2387,1787,600
120000161,2811,4059,-1248
120000162,149,360,-211
120000163,520,1024,-504
120000164,506,887,-381
120000165,527,1098,-571
120000166,1201,694,507
120000167,61,62,-1
120000168,12,171,-159
120000169,31,477,-446
120000170,71,430,-359
120000171,20,162,-142
120000172,47,72,-25
120000173,4258,497,3761
120000174,1008,23,985
120000175,1383,20,1363
120000176,587,46,541
120000177,2013,145,1868
120000178,414,5,409
120000179,717,40,677
120000180,1019,94,925
120000181,247,446,-199
120000182,115,296,-181
120000183,22,300,-278
120000184,130,946,-816
120000186,126,224,-98
120000187,103,110,-7
120000188,758,191,567
120000190,1930,32,1898
120000191,1865,55,1810
120000192,1148,21,1127
120000193,397,6,391
120000195,77,9,68
120000196,321,59,262
120000197,80,211,-131
120000198,115,126,-11
120000199,91,1,90
120000200,121,0,121
120000201,15,14,1
120000202,3,49,-46
120000203,24,284,-260
120000207,0,74,-74
120000208,20,366,-346
120000209,2,111,-109
120000210,111,118,-7
120000211,83,0,83
120000212,109,1,108
120000213,56,405,-349
120000214,2,415,-413
120000215,5,161,-156
120000216,55,4,51
120000217,676,1206,-530
120000218,264,1023,-759
120000219,14,650,-636
120000220,4,2379,-2375
120000225,1079,0,1079
120000226,346,5,341
120000227,806,42,764
120000228,7036,2928,4108
120000230,320,9,311
120000231,1148,2731,-1583
120000233,238,27,211
120000235,167,1012,-845
120000236,919,2,917
120000237,3,2466,-2463
120000238,3,317,-314
120000241,1199,3925,-2726
120000412,705,8,697
120000413,214,377,-163
120000414,61,4,57
120000415,4,229,-225
120000416,68,3,65
120000417,1,113,-112
120000418,52,5,47
120000419,9,439,-430
120000420,64,32,32
120000421,13993,7423,6570
120000422,174,838,-664
120000423,3,57,-54
120000424,39,182,-143
120000436,133,629,-496
120000437,236,211,25
120000438,5817,465,5352
120000439,158,463,-305
120000443,216,2,214
120000444,1232,810,422
120000445,1757,1545,212
120000446,1120,418,702
120000447,137,12,125
120000449,41,8,33
120000450,9,364,-355
120000451,121,306,-185
120000452,79,1,78
120000453,0,511,-511
120000454,122,39,83
120000455,99,126,-27
120000456,4611,4967,-356
120000457,2242,1504,738
120000458,749,1639,-890
120000459,105,104,1
120000665,2922,258,2664
120000668,114,345,-231
120000669,43,265,-222
120000670,349,680,-331
120000671,1321,583,738
120000672,166,634,-468
120900001,82,109,-27
120900002,536,381,155
120900003,496,49,447
120900004,9,76,-67
120900005,5,2726,-2721
120900006,328,213,115
120900007,122,173,-51
120900008,156,1547,-1391
120900009,1634,109,1525
120900010,394,79,315
120900011,359,146,213
120900012,711,971,-260
120900013,340,90,250
120900014,3,702,-699
120900015,800,73,727
120900016,762,91,671
120900017,3776,96,3680
120900018,122,614,-492
120900019,572,249,323
120900020,935,1045,-110
120900021,622,114,508
120900022,62,387,-325
120900023,164,30,134
120900024,1825,473,1352
120900025,2157,1164,993
120900026,251,244,7
120900027,1125,53,1072
120900028,286,52,234
120900029,207,358,-151
120900030,1176,738,438
120900031,212,80,132
120900032,827,188,639
120900033,1044,52,992
120900034,47,2730,-2683
120900035,33,66,-33
120900037,208,8,200
120900038,43,196,-153
120900039,116,61,55
120900040,200,1,199
120900041,161,40,121
120900042,414,56,358
120900043,30,29,1
120900044,13,483,-470
120900045,171,103,68
120900046,388,7,381
120900047,154,68,86
120900048,160,20,140
120900049,267,3,264
120900050,3582,1366,2216
120900051,291,171,120
120900052,557,3,554
120900053,191,99,92
120900054,1931,732,1199
120900055,283,6,277
120900056,476,12,464
120900057,128,14,114
120900058,352,0,352
120900059,95,4,91
120900060,56,37,19
120900061,260,348,-88
120900062,164,3,161
120900063,495,5,490
120900064,419,1,418
120900065,327,1,326
120900066,128,265,-137
120900067,167,67,100
120900068,216,0,216
120900069,178,59,119
120900071,5,0,5
120900072,591,2,589
120900073,353,129,224
120900074,385,7,378
120900076,246,0,246
120900077,4009,273,3736
120900078,643,1601,-958
120900079,426,147,279
120900080,663,2721,-2058
120900081,1063,55,1008
120900082,628,429,199
120900083,84,4,80
120900084,248,344,-96
120900085,122,215,-93
120900086,152,340,-188
120900087,423,280,143
120900088,233,315,-82
120900089,5079,2098,2981
120900090,155,272,-117
120900091,723,621,102
120900092,1502,885,617
120900093,4078,314,3764
120900094,660,276,384
120900095,782,43,739
120900096,52,249,-197
120900097,740,1073,-333
120900098,367,226,141
120900099,76,85,-9
120900100,140,411,-271
120900101,920,415,505
120900102,31,157,-126
120900103,50,216,-166
120900104,19,54,-35
120900105,42,834,-792
120900106,1742,611,1131
120900107,296,137,159
120900108,4,927,-923
120900109,67,819,-752
120900110,37,1592,-1555
120900111,230,419,-189
120900112,3,1284,-1281
120900113,29,1140,-1111
120900114,50,155,-105
120900115,188,273,-85
120900116,305,693,-388
120900117,4,700,-696
120900118,9,1163,-1154
120900119,3761,8584,-4823
120900120,52,813,-761
120900121,116,586,-470
120900122,378,805,-427
120900123,1,594,-593
120900124,3,863,-860
120900125,7,1205,-1198
120900126,1821,1114,707
120900127,18,818,-800
120900128,1421,1537,-116
120900129,58,395,-337
120900130,2,198,-196
120900131,51,145,-94
120900132,706,377,329
120900133,237,1241,-1004
120900134,1032,520,512
120900135,11,772,-761
120900136,19,40,-21
120900137,207,100,107
120900138,19,288,-269
120900139,7,892,-885
120900140,3,140,-137
120900141,149,119,30
120900142,31,942,-911
120900143,0,1151,-1151
120900144,0,198,-198
120900145,230,1155,-925
120900146,3,1317,-1314
120900147,32,599,-567
120900148,74,188,-114
120900149,1,516,-515
120900150,22,759,-737
120900151,39,878,-839
120900152,116,25,91
120900153,9,77,-68
120900154,1,429,-428
120900155,177,1395,-1218
120900156,91,472,-381
120900157,38,315,-277
120900158,62,737,-675
120900159,202,497,-295
120900160,68,754,-686
120900161,66,590,-524
120900162,42,640,-598
120900163,39,325,-286
120900164,3,3,0
120900165,19,9,10
120900166,216,203,13
120900167,471,124,347
120900169,74,543,-469
120900170,2710,2430,280
120900171,1171,451,720
120900172,1842,426,1416
120900173,24,81,-57
120900174,11,124,-113
120900175,364,188,176
120900176,1,351,-350
120900177,1,911,-910
120900178,0,309,-309
120900179,1207,561,646
120900180,158,147,11
120900181,300,79,221
120900182,16,780,-764
120900183,332,172,160
120900184,177,96,81
120900185,19,436,-417
120900186,0,738,-738
120900187,448,1065,-617
120900188,182,31,151
120900189,185,1003,-818
120900190,71,27,44
120900191,7,19,-12
120900192,14954,6249,8705
120900194,48,87,-39
120900195,143,317,-174
120900196,1586,84,1502
120900197,501,104,397
120900198,328,737,-409
120900199,269,376,-107
120900200,99,168,-69
120900201,549,152,397
120900202,2,207,-205
120900203,51,83,-32
120900204,181,419,-238
120900205,44,79,-35
120900206,7,23,-16
120900207,86,1566,-1480
121000001,1473,1092,381
121000002,5056,2748,2308
121000003,3913,2169,1744
121000004,3476,8591,-5115
121000005,2661,3191,-530
121000006,3935,1971,1964
121000007,4441,3124,1317
121000008,10920,4700,6220
121000009,7321,6858,463
121000010,12438,8217,4221
121000011,9888,14502,-4614
121000012,17262,12554,4708
121000013,6507,9170,-2663
121000014,7881,8456,-575
121000015,7418,9352,-1934
121000016,5851,5800,51
121000017,2359,4083,-1724
121000018,2232,2067,165
121000019,21767,13293,8474
121000020,13509,15766,-2257
121000021,4628,3643,985
121000022,3043,2673,370
121000023,4465,3770,695
121000024,5165,5157,8
121000025,752,1752,-1000
121000026,384,177,207
121000027,1620,1115,505
121000028,960,513,447
121000029,1094,760,334
121000030,808,426,382
121000031,921,663,258
121000032,250,111,139
121000034,750,268,482
121000035,330,126,204
121000036,2287,1174,1113
121000037,995,693,302
121000038,981,781,200
121000039,681,479,202
121000041,727,458,269
121000042,347,417,-70
121000043,1007,702,305
121000044,2576,1029,1547
121000045,482,324,158
121000046,594,959,-365
121000047,774,317,457
121000049,2287,786,1501
121000050,502,1402,-900
121000051,1249,355,894
121000052,835,772,63
121000053,459,110,349
121000054,58,337,-279
121000055,1712,1237,475
121000056,956,1104,-148
121000057,423,621,-198
121000058,413,145,268
121000059,2296,1517,779
121000060,532,1070,-538
121000061,270,131,139
121000062,143,387,-244
121000063,1014,794,220
121000064,816,1020,-204
121000065,535,387,148
121000066,735,524,211
121000067,1125,411,714
121000068,1012,311,701
121000069,987,606,381
121000070,2928,1399,1529
121000071,2231,1637,594
121000072,2017,774,1243
121000073,2240,972,1268
121000074,171,223,-52
121000075,119,151,-32
121000076,1579,382,1197
121000077,193,157,36
121000078,153,145,8
121000080,2569,673,1896
121000081,3250,4460,-1210
121000082,177,273,-96
121000083,331,104,227
121000084,234,140,94
121000085,326,672,-346
121000086,197,834,-637
121000087,99,300,-201
121000088,572,698,-126
121000089,343,356,-13
121000090,692,402,290
121000091,1471,828,643
121000092,206,88,118
121000093,132,220,-88
121000094,459,878,-419
121000095,372,627,-255
121000096,2070,1596,474
121000097,1159,1948,-789
121000098,758,1392,-634
121000099,761,984,-223
121000100,1279,724,555
121000101,457,357,100
121000102,342,393,-51
121000103,235,318,-83
121000104,342,191,151
121000105,433,291,142
121000106,273,378,-105
121000107,2948,3888,-940
121000109,1717,1260,457
121000110,349,1042,-693
121000114,3250,2303,947
121000115,1055,1061,-6
121000116,748,1719,-971
121000117,840,331,509
121000118,1674,233,1441
121000119,462,414,48
121000120,230,448,-218
121000121,896,1220,-324
121000123,2063,538,1525
121000127,264,156,108
121000128,1316,622,694
121000129,990,608,382
121000130,680,1094,-414
121000131,2853,2062,791
121000132,1819,1590,229
121000135,326,278,48
121000136,1835,543,1292
121000137,450,207,243
121000138,2024,707,1317
121000139,972,114,858
121000141,506,170,336
121000142,1147,1215,-68
121000143,82,21,61
121000144,893,1535,-642
121000145,941,1338,-397
121000146,1746,983,763
121000147,1462,664,798
121000148,1336,1278,58
121000149,3427,1517,1910
121000152,632,1061,-429
121000153,2035,1031,1004
121000154,1013,1140,-127
121000155,1412,1638,-226
121000156,454,1483,-1029
121000157,1249,3005,-1756
121000158,400,875,-475
121000159,176,631,-455
121000160,318,670,-352
121000161,179,377,-198
121000162,76,251,-175
121000165,1646,1600,46
121000166,16,797,-781
121000168,611,293,318
121000169,90,170,-80
121000170,343,180,163
121000171,82,173,-91
121000172,816,697,119
121000173,1531,1122,409
121000174,332,504,-172
121000175,1044,453,591
121000176,491,227,264
121000177,1598,754,844
121000178,250,61,189
121000179,119,84,35
121000181,500,525,-25
121000182,139,227,-88
121000183,117,99,18
121000184,212,76,136
121000185,47,193,-146
121000186,234,394,-160
121000187,175,256,-81
121000188,210,260,-50
121000192,751,417,334
121000193,804,724,80
121000194,2870,2315,555
121000195,423,986,-563
121000196,1442,322,1120
121000197,637,764,-127
121000198,642,127,515
121000199,393,421,-28
121000200,1161,82,1079
121000201,5,232,-227
121000202,1316,132,1184
121000203,1057,2135,-1078
121000204,4029,789,3240
121000205,418,301,117
121000206,398,29,369
121000207,2775,504,2271
121000208,5,460,-455
121000209,424,437,-13
121000210,494,524,-30
121000211,378,251,127
121000212,381,884,-503
121000213,9563,3254,6309
121000214,829,4237,-3408
121000215,1420,934,486
121000216,807,1148,-341
121000217,6649,4418,2231
121000218,925,1999,-1074
121000219,3094,513,2581
121000220,419,51,368
121000221,218,353,-135
121000222,3428,2259,1169
121000223,1333,397,936
121000224,550,209,341
121000225,4701,1391,3310
121000226,11726,1811,9915
121000227,17,283,-266
121000228,29,705,-676
121000229,342,409,-67
121000230,47,1733,-1686
121000231,936,48,888
121000232,404,359,45
121000233,824,430,394
121000234,46,56,-10
121000235,86,61,25
121000236,9,58,-49
121000237,31,17,14
121000238,8,104,-96
121000239,79,9,70
121000240,8,397,-389
121000241,125,15,110
121000242,32,213,-181
121000243,465,129,336
121000244,11,53,-42
121000245,97,21,76
121000246,1,97,-96
121000247,69,4,65
121000248,1315,643,672
121000249,189,340,-151
121000250,878,179,699
121000251,36,555,-519
121000252,122,100,22
121000253,1071,514,557
121000254,1849,343,1506
121000255,469,155,314
121000256,798,242,556
121000257,142,84,58
121000258,528,52,476
121000259,320,138,182
121000260,374,212,162
121000261,554,73,481
121000262,1095,1161,-66
121000263,475,567,-92
121000271,431,2292,-1861
121000273,328,8,320
121000274,58,41,17
121000275,4,13,-9
121000276,7,36,-29
121000278,452,90,362
121000279,103,13,90
121000280,286,45,241
121000289,207,23,184
121000290,1394,887,507
121000294,163,178,-15
121000297,1119,1591,-472
121000299,622,349,273
121000300,636,650,-14
121000302,167,1315,-1148
121000303,740,512,228
121000304,550,58,492
121000305,133,49,84
121000306,126,157,-31
121000308,248,545,-297
121000309,598,684,-86
121000310,166,336,-170
121000311,75,862,-787
121000312,341,240,101
121000313,427,793,-366
121000314,536,417,119
121000315,70,151,-81
121000530,1553,1617,-64
121000531,1804,1781,23
121000532,6787,6467,320
121000533,2825,3302,-477
121000918,168,178,-10
121000919,108,73,35
121000938,324,219,105
121000939,325,212,113
121000956,1156,1767,-611
121000957,3,12,-9
121000958,217,44,173
121000959,867,1071,-204
121000960,3498,2404,1094
121000961,258,128,130
121000962,358,1446,-1088
121000973,0,129,-129
121000976,17,201,-184
121000979,373,161,212
121000981,408,312,96
121000982,612,273,339
121000983,550,503,47
121000984,58,68,-10
121000985,722,769,-47
121000986,919,332,587
121000987,289,1568,-1279
121000988,951,188,763
121001302,396,185,211
121001308,8,28,-20
121001309,211,112,99
121001313,588,264,324
121001314,3956,4494,-538
121001315,4846,3060,1786
121001326,527,461,66
121900001,150,235,-85
121900002,231,13,218
121900003,520,11,509
121900004,170,405,-235
121900005,18,7,11
121900006,115,21,94
121900007,2049,2950,-901
121900008,846,187,659
121900009,630,24,606
121900010,252,3,249
121900011,164,390,-226
121900012,38,0,38
121900013,2068,47,2021
121900014,1420,387,1033
121900015,233,194,39
121900016,13,45,-32
121900017,370,621,-251
121900018,385,9,376
121900019,456,317,139
121900020,77,3,74
121900021,772,29,743
121900022,238,193,45
121900023,126,334,-208
121900024,362,112,250
121900025,480,392,88
121900026,284,43,241
121900027,400,119,281
121900028,293,28,265
121900029,106,222,-116
121900030,707,894,-187
121900031,1192,9805,-8613
121900032,73,73,0
121900033,167,186,-19
121900034,743,113,630
121900035,2730,2301,429
121900036,87,378,-291
121900037,202,671,-469
121900038,31,164,-133
121900039,494,49,445
121900040,46,99,-53
121900041,56,182,-126
121900042,398,127,271
121900043,17,11,6
121900044,202,63,139
121900046,324,239,85
121900047,180,77,103
121900048,21,138,-117
121900050,17,48,-31
121900051,137,209,-72
121900052,137,48,89
121900053,681,603,78
121900054,713,1086,-373
121900055,1,7,-6
121900058,265,137,128
121900059,406,187,219
121900060,98,355,-257
121900062,148,136,12
121900063,2469,383,2086
121900064,318,730,-412
121900066,153,28,125
121900067,61,52,9
121900069,168,80,88
121900070,560,125,435
121900071,259,227,32
121900072,60,239,-179
121900073,312,211,101
121900074,690,1152,-462
121900075,1299,413,886
121900076,1217,678,539
121900078,56,18,38
121900079,1,0,1
121900080,845,286,559
121900082,52,122,-70
121900084,8,173,-165
121900086,27,51,-24
121900087,177,98,79
121900088,1491,2771,-1280
121900089,197,452,-255
121900090,20,129,-109
121900091,60,183,-123
121900092,77,77,0
121900093,82,66,16
121900094,17,2,15
121900095,184,170,14
121900096,1555,825,730
121900097,750,178,572
121900098,3,0,3
121900099,276,59,217
121900100,268,368,-100
121900101,152,129,23
121900102,6,119,-113
121900103,1282,252,1030
121900104,1437,364,1073
121900105,256,209,47
121900106,6,1,5
121900107,57,40,17
121900108,1,29,-28
121900109,390,173,217
121900110,377,1166,-789
121900111,1591,138,1453
121900112,217,90,127
121900113,64,769,-705
121900114,46,93,-47
121900117,338,42,296
121900118,2493,638,1855
121900119,146,142,4
121900120,62,1717,-1655
121900121,462,46,416
121900122,20,72,-52
121900123,190,477,-287
121900124,76,161,-85
121900125,1003,1291,-288
121900127,14,65,-51
121900128,157,112,45
121900129,600,178,422
121900130,135,256,-121
121900131,393,60,333
121900132,80,73,7
121900133,123,426,-303
121900134,75,147,-72
121900135,2386,279,2107
121900136,275,501,-226
121900137,46,445,-399
121900138,135,192,-57
121900139,517,516,1
121900140,67,222,-155
121900141,82,45,37
121900142,133,118,15
121900143,3,118,-115
121900144,133,262,-129
121900145,178,202,-24
121900146,708,893,-185
121900147,68,147,-79
121900148,198,280,-82
121900149,351,664,-313
121900150,66,119,-53
121900151,77,258,-181
121900152,100,166,-66
121900153,117,579,-462
121900154,14,248,-234
121900155,0,118,-118
121900156,135,83,52
121900157,5,495,-490
121900158,90,66,24
121900159,1,224,-223
121900160,4,300,-296
121900161,394,341,53
121900162,115,164,-49
121900163,305,711,-406
121900164,513,199,314
121900165,284,149,135
121900166,360,218,142
121900167,166,127,39
121900168,274,202,72
121900169,4,290,-286
121900170,4,314,-310
121900171,632,540,92
121900172,664,222,442
121900173,943,304,639
121900174,42,94,-52
121900175,358,175,183
121900176,714,1588,-874
121900177,161,76,85
121900178,71,66,5
121900179,509,212,297
121900180,4947,4122,825
121900182,1039,349,690
121900183,932,698,234
121900184,35,608,-573
121900186,5,278,-273
121900187,48,116,-68
121900188,507,693,-186
121900189,36,111,-75
121900190,571,601,-30
121900191,143,334,-191
121900192,332,770,-438
121900193,71,225,-154
121900194,10,129,-119
121900195,94,73,21
121900196,1292,1357,-65
121900197,489,1949,-1460
121900198,1137,1624,-487
121900199,7,19,-12
121900200,144,239,-95
121900201,1221,833,388
121900202,176,585,-409
121900203,169,890,-721
121900204,875,1380,-505
121900205,15,127,-112
121900206,15,10,5
121900207,146,20,126
121900208,297,319,-22
121900209,32,43,-11
121900210,2029,1134,895
121900211,490,1148,-658
121900212,187,141,46
121900213,156,67,89
121900214,7,600,-593
121900215,95,106,-11
121900216,80,122,-42
121900217,211,114,97
121900218,232,481,-249
121900220,112,11,101
121900221,297,720,-423
121900222,229,177,52
121900223,166,47,119
121900224,97,40,57
121900225,330,146,184
121900226,263,517,-254
121900227,198,609,-411
121900228,254,520,-266
121900230,185,176,9
121900231,573,878,-305
121900232,418,429,-11
121900233,267,208,59
121900234,550,397,153
121900235,541,232,309
121900236,356,191,165
121900237,185,277,-92
121900238,139,307,-168
121900239,169,33,136
121900240,198,93,105
121900241,58,66,-8
121900242,8,0,8
121900243,12,1,11
121900244,11,0,11
121900245,189,69,120
121900246,2414,289,2125
121900248,1457,1164,293
121900250,202,254,-52
121900251,323,35,288
121900252,560,119,441
121900253,338,1046,-708
121900254,580,283,297
121900255,256,90,166
121900258,2998,2250,748
121900259,387,733,-346
121900260,56,164,-108
121900261,184,592,-408
121900262,435,1371,-936
121900263,158,410,-252
121900264,2222,2038,184
121900265,250,339,-89
121900266,407,204,203
121900267,65,35,30
121900269,165,607,-442
121900270,17,262,-245
121900271,63,139,-76
121900273,908,2801,-1893
121900274,296,247,49
121900277,601,1117,-516
121900278,178,815,-637
121900279,244,169,75
121900280,476,325,151
121900281,671,228,443
121900284,95,14,81
121900286,449,131,318
121900287,23,38,-15
121900288,16,2,14
121900290,270,283,-13
121900291,469,631,-162
121900292,246,150,96
121900293,1046,2961,-1915
121900294,262,4,258
121900295,90,314,-224
121900296,104,96,8
121900298,572,679,-107
121900299,0,0,0
121900300,58,0,58
121900301,82,1,81
121900302,0,21,-21
121900303,1103,357,746
121900304,2,4,-2
121900305,7,7,0
121900306,54,0,54
121900307,70,3,67
121900308,18,305,-287
121900309,15,242,-227
121900310,28,439,-411
121900311,456,18,438
121900312,246,32,214
121900313,816,27,789
121900314,0,75,-75
121900315,5,0,5
121900316,0,17,-17
121900317,3,6,-3
121900318,3,18,-15
121900319,21,463,-442
121900320,62,168,-106
121900321,4,0,4
121900322,8,38,-30
121900323,14,13,1
121900324,7,113,-106
121900325,14,1,13
121900326,5,30,-25
121900327,3,73,-70
121900328,0,30,-30
121900329,2,296,-294
121900330,1,30,-29
121900331,11,36,-25
121900332,90,72,18
121900333,56,1,55
121900334,257,87,170
122000001,2994,5219,-2225
122000002,6013,1893,4120
122000003,2364,2520,-156
122000004,3555,1628,1927
122000005,2878,1479,1399
122000006,2326,806,1520
122000007,1650,2078,-428
122000008,5270,5818,-548
122000009,531,424,107
122000010,2332,3521,-1189
122000011,3204,1449,1755
122000012,1586,1373,213
122000013,2704,1343,1361
122000014,1810,2159,-349
122000015,1500,1092,408
122000016,587,824,-237
122000017,1201,1002,199
122000018,1569,1235,334
122000019,812,1420,-608
122000020,145,210,-65
122000021,416,331,85
122000022,1478,1379,99
122000023,831,2842,-2011
122000024,988,1033,-45
122000025,2608,1591,1017
122000026,1473,937,536
122000027,585,5128,-4543
122000028,674,466,208
122000029,511,381,130
122000030,317,169,148
122000031,239,339,-100
122000032,2169,3869,-1700
122000033,1325,1062,263
122000034,1077,728,349
122000035,297,1053,-756
122000036,596,651,-55
122000037,409,308,101
122000038,296,399,-103
122000039,760,738,22
122000040,380,656,-276
122000041,660,617,43
122000042,578,569,9
122000043,125,147,-22
122000044,120,202,-82
122000045,2271,543,1728
122000046,939,1245,-306
122000047,280,232,48
122000048,4028,5411,-1383
122000049,6919,2924,3995
122000050,2219,901,1318
122000051,600,374,226
122000052,653,361,292
122000053,228,744,-516
122000054,2781,2268,513
122000055,3412,3014,398
122000056,5491,4489,1002
122000057,3783,3858,-75
122000058,4396,1329,3067
122000059,3762,1747,2015
122000060,946,681,265
122000061,603,523,80
122000062,1569,357,1212
122000063,1854,865,989
122000064,4557,3020,1537
122000065,6810,2945,3865
122000066,612,462,150
122000067,2910,1446,1464
122000068,1643,2145,-502
122000069,1219,951,268
122000070,772,4939,-4167
122000071,1446,1795,-349
122000072,422,404,18
122000073,483,596,-113
122000074,3021,1732,1289
122000075,632,1819,-1187
122000076,1969,1156,813
122000077,2440,793,1647
122000078,3201,2792,409
122000079,3378,1253,2125
122000080,1483,479,1004
122000081,255,397,-142
122000082,1378,924,454
122000083,1683,3923,-2240
122000084,1386,913,473
122000085,313,2192,-1879
122000086,2776,6885,-4109
122000087,437,207,230
122000088,360,364,-4
122000089,8014,3870,4144
122000090,370,672,-302
122000091,584,84,500
122000092,347,26,321
122000093,2686,1185,1501
122000094,9171,2098,7073
122000095,3590,3248,342
122000096,2677,2259,418
122000098,3390,1866,1524
122000099,5432,732,4700
122000100,1421,891,530
122000101,303,1746,-1443
122000102,1951,1173,778
122000103,2209,1581,628
122000104,725,203,522
122000105,786,235,551
122000106,644,624,20
122000107,1028,588,440
122000108,412,778,-366
122000109,364,512,-148
122000110,406,488,-82
122000111,2989,1235,1754
122000112,989,1739,-750
122000113,796,756,40
122000114,6665,2109,4556
122000115,1708,3029,-1321
122000116,567,612,-45
122000117,1593,553,1040
122000118,593,1000,-407
122000119,4158,2966,1192
122000120,3240,5925,-2685
122000121,3433,3402,31
122000122,910,1656,-746
122000123,2451,2416,35
122000124,1224,641,583
122000125,512,474,38
122000126,828,1542,-714
122000127,1313,1736,-423
122000128,812,900,-88
122000129,569,1978,-1409
122000130,3933,2117,1816
122000131,2161,2466,-305
122000132,839,738,101
122000133,1234,1806,-572
122000134,904,1045,-141
122000135,1031,1005,26
122000136,1098,856,242
122000137,1615,1098,517
122000139,2172,3931,-1759
122000140,1865,613,1252
122000141,4977,1227,3750
122000142,484,869,-385
122000143,539,907,-368
122000144,2023,2248,-225
122000145,1918,1048,870
122000146,666,1667,-1001
122000147,1105,685,420
122000148,2979,1611,1368
122000149,2299,1831,468
122000150,1554,1138,416
122000151,269,562,-293
122000152,607,592,15
122000153,527,374,153
122000154,314,241,73
122000155,1694,3130,-1436
122000156,2026,2015,11
122000157,2314,1372,942
122000158,445,888,-443
122000159,1315,2543,-1228
122000160,5483,4218,1265
122000161,1648,1370,278
122000162,2480,2064,416
122000163,182,75,107
122000164,26,70,-44
122000165,1192,832,360
122000166,2141,1486,655
122000167,248,182,66
122000168,218,520,-302
122000169,706,237,469
122000170,349,296,53
122000171,34,67,-33
122000172,1408,1905,-497
122000173,1361,2315,-954
122000174,3244,954,2290
122000175,1908,405,1503
122000176,321,687,-366
122000177,2330,1454,876
122000178,3545,4121,-576
122000179,1866,2730,-864
122000180,1746,1459,287
122000181,2198,3542,-1344
122000182,1711,1597,114
122000183,2006,1431,575
122000184,2131,2202,-71
122000185,1023,1485,-462
122000186,612,804,-192
122000187,2809,1312,1497
122000188,512,195,317
122000189,283,374,-91
122000190,1487,1275,212
122000191,1280,635,645
122000192,1469,366,1103
122000193,546,540,6
122000194,1019,224,795
122000195,363,404,-41
122000196,1383,660,723
122000197,650,550,100
122000198,595,846,-251
122000199,484,379,105
122000200,1849,1002,847
122000201,1354,1463,-109
122000202,1559,1086,473
122000203,2985,1670,1315
122000204,2145,2169,-24
122000205,1808,1606,202
122000206,2727,902,1825
122000207,2274,1280,994
122000208,4140,1668,2472
122000209,4148,430,3718
122000210,3472,1893,1579
122000211,2180,1138,1042
122000212,1027,619,408
122000213,1240,1561,-321
122000214,2173,2022,151
122000215,2024,1775,249
122000217,2945,1415,1530
122000218,1020,139,881
122000219,1609,1151,458
122000220,521,844,-323
122000221,148,518,-370
122000222,795,215,580
122000223,2144,928,1216
122000225,1257,386,871
122000226,2217,2510,-293
122000227,433,3588,-3155
122000228,570,367,203
122000229,47,515,-468
122000230,59,698,-639
122000231,390,931,-541
122000232,892,1078,-186
122000233,4,132,-128
122000234,438,196,242
122000235,1197,210,987
122000236,1272,181,1091
122000237,119,107,12
122000238,439,436,3
122000239,644,196,448
122000240,1792,544,1248
122000241,2017,664,1353
122000242,945,171,774
122000243,322,83,239
122000244,87,511,-424
122000245,74,220,-146
122000246,501,252,249
122000247,727,806,-79
122000248,1653,2192,-539
122000249,1567,1151,416
122000250,2793,1439,1354
122000251,347,420,-73
122000252,630,132,498
122000253,105,277,-172
122000254,267,85,182
122000255,920,1854,-934
122000256,488,1492,-1004
122000257,343,380,-37
122000258,639,301,338
122000259,30,726,-696
122000260,457,1017,-560
122000261,29,267,-238
122000262,1,78,-77
122000263,299,114,185
122000264,1509,580,929
122000265,3738,910,2828
122000266,8646,765,7881
122000267,207,170,37
122000268,276,442,-166
122000269,1388,343,1045
122000270,2728,160,2568
122000271,568,1123,-555
122000272,387,1193,-806
122000273,512,489,23
122000274,277,389,-112
122000275,385,336,49
122000276,1079,557,522
122000277,1729,1773,-44
122000278,2377,1115,1262
122000279,251,486,-235
122000280,1532,848,684
122000281,895,827,68
122000282,305,97,208
122000283,1204,125,1079
122000284,255,105,150
122000285,654,78,576
122000286,241,115,126
122000287,1887,1679,208
122000288,1255,345,910
122000291,2005,1087,918
122000293,456,337,119
122000294,139,249,-110
122000295,1816,216,1600
122000296,71,887,-816
122000297,2955,3491,-536
122000299,445,442,3
122000300,674,719,-45
122000301,14186,3544,10642
122000302,1027,1420,-393
122000303,4571,1440,3131
122000304,87,344,-257
122000305,1054,1129,-75
122000306,30,945,-915
122000307,175,168,7
122000309,176,100,76
122000310,86,63,23
122000311,433,261,172
122000312,248,95,153
122000313,191,85,106
122000314,160,320,-160
122000315,293,55,238
122000316,803,256,547
122000317,1371,319,1052
122000318,258,519,-261
122000319,297,522,-225
122000320,553,2263,-1710
122000321,150,283,-133
122000322,2608,3714,-1106
122000323,1721,2545,-824
122000324,1546,1517,29
122000325,1071,1618,-547
122000326,91,145,-54
122000327,694,1418,-724
122000328,1457,830,627
122000330,2620,984,1636
122000333,12,224,-212
122000337,977,2038,-1061
122000338,683,583,100
122000340,561,405,156
122000342,2784,1156,1628
122000343,575,1522,-947
122000344,86,38,48
122000345,242,136,106
122000346,333,635,-302
122000348,892,719,173
122000349,130,784,-654
122000351,169,227,-58
122000352,520,145,375
122000353,93,130,-37
122000355,189,184,5
122000356,2522,988,1534
122000357,132,23,109
122000358,0,75,-75
122000359,0,26,-26
122000360,0,42,-42
122000362,14,93,-79
122000364,109,412,-303
122000365,4,78,-74
122000366,19,9,10
122000368,515,682,-167
122000370,26,87,-61
122000371,57,1,56
122000372,58,0,58
122000381,73,402,-329
122000382,88,417,-329
122000384,5676,2280,3396
122000385,65,0,65
122000386,1118,1661,-543
122000387,1175,494,681
122000388,2280,926,1354
122000389,227,640,-413
122000390,764,246,518
122000391,505,117,388
122000392,213,220,-7
122000393,657,536,121
122000394,597,305,292
122000395,186,167,19
122000396,468,135,333
122000397,147,108,39
122000398,52,98,-46
122000399,251,73,178
122000400,243,425,-182
122000401,229,77,152
122000402,297,183,114
122000403,492,1040,-548
122000404,203,414,-211
122000408,934,1446,-512
122000503,9,174,-165
122000524,202,128,74
122000544,90,5872,-5782
122000614,607,575,32
122000616,230,6,224
122000640,94,182,-88
122000641,125,442,-317
122000642,1987,1074,913
122000643,39,178,-139
122000644,336,22,314
122000645,100,409,-309
122000651,2851,790,2061
122000664,208,56,152
122000665,1294,587,707
122000666,614,1145,-531
122000673,59,386,-327
122000674,200,69,131
122000675,2250,1606,644
122000686,499,1451,-952
122000687,2673,398,2275
122000688,258,896,-638
122000689,1095,687,408
122000690,1576,696,880
122000691,516,2597,-2081
122000692,1747,474,1273
122000693,517,2025,-1508
122000695,197,320,-123
122000696,546,419,127
122000698,537,1398,-861
122000699,261,63,198
122000701,1814,452,1362
122000702,561,1939,-1378
122000703,167,84,83
122000712,0,0,0
122000717,872,234,638
122000718,1198,2516,-1318
122000719,157,104,53
122000720,519,383,136
122000724,302,326,-24
122900001,27,10,17
122900002,1432,5436,-4004
122900003,498,59,439
122900004,560,47,513
122900005,83,18,65
122900006,1853,176,1677
122900007,133,42,91
122900008,1174,81,1093
122900009,852,491,361
122900010,191,227,-36
122900012,257,258,-1
122900014,175,323,-148
122900015,2359,752,1607
122900016,249,283,-34
122900017,479,990,-511
122900018,278,21,257
122900020,722,322,400
122900021,68,1273,-1205
122900022,824,943,-119
122900023,304,166,138
122900024,147,149,-2
122900025,14,200,-186
122900026,138,325,-187
122900027,89,981,-892
122900028,162,233,-71
122900029,5078,3121,1957
122900030,1307,495,812
122900031,138,299,-161
122900032,107,424,-317
122900033,382,158,224
122900034,4330,7388,-3058
122900035,12,16,-4
122900036,60,208,-148
122900037,723,120,603
122900038,172,4300,-4128
122900039,116,701,-585
122900040,412,314,98
122900041,339,180,159
122900042,231,260,-29
122900043,705,158,547
122900044,149,368,-219
122900045,85,96,-11
122900046,290,84,206
122900047,508,255,253
122900048,60,369,-309
122900049,2231,127,2104
122900051,127,145,-18
122900052,86,186,-100
122900053,25,27,-2
122900055,548,183,365
122900057,494,68,426
122900061,548,211,337
122900062,470,771,-301
122900063,212,334,-122
122900064,1875,480,1395
122900065,717,208,509
122900066,630,313,317
122900067,1401,807,594
122900069,306,2457,-2151
122900070,442,67,375
122900071,155,532,-377
122900073,37,344,-307
122900074,663,639,24
122900075,4,95,-91
122900076,4,289,-285
122900077,5,128,-123
122900078,174,125,49
122900080,48,30,18
122900081,508,208,300
122900082,939,349,590
122900083,280,210,70
122900084,6,343,-337
122900086,6,123,-117
122900087,372,491,-119
122900088,35,125,-90
122900089,368,276,92
122900090,14,765,-751
122900091,299,2,297
122900092,0,111,-111
122900093,0,286,-286
122900094,3,233,-230
122900095,211,5,206
122900096,255,384,-129
122900097,67,38,29
122900098,125,105,20
122900099,57,11,46
122900100,1106,178,928
122900101,1056,344,712
122900102,25,23,2
122900103,136,7,129
122900104,138,4,134
122900105,16,8,8
122900106,1,81,-80
122900107,5,242,-237
122900108,2,326,-324
122900109,181,147,34
123000001,2238,509,1729
123000002,5699,4302,1397
123000003,4457,4767,-310
123000004,3502,5027,-1525
123000005,3224,3611,-387
123000006,3342,3336,6
123000007,4569,3537,1032
123000008,3237,4069,-832
123000009,5776,3896,1880
123000010,3923,4258,-335
123000011,5749,1085,4664
123000012,1474,2794,-1320
123000013,4497,1311,3186
123000014,1726,4041,-2315
123000015,5454,1389,4065
123000016,6559,4193,2366
123000017,3430,1929,1501
123000018,78,171,-93
123000019,281,346,-65
123000020,142,166,-24
123000021,90,589,-499
123000022,377,4398,-4021
123000023,1620,1551,69
123000024,1893,788,1105
123000025,296,397,-101
123000026,69,90,-21
123000027,1666,246,1420
123000028,2397,255,2142
123000029,3343,384,2959
123000030,555,505,50
123000031,184,441,-257
123000032,357,270,87
123000033,442,84,358
123000034,1468,1517,-49
123000035,398,495,-97
123000036,660,1399,-739
123000037,226,250,-24
123000038,172,257,-85
123000039,517,1283,-766
123000040,857,309,548
123000041,2175,1553,622
123000042,1714,861,853
123000043,3690,8003,-4313
123000044,5346,2064,3282
123000045,10766,2993,7773
123000046,926,1527,-601
123000047,2586,1403,1183
123000048,47,581,-534
123000049,7488,8526,-1038
123000050,1430,1647,-217
123000051,222,259,-37
123000052,810,3566,-2756
123000053,3005,3520,-515
123000054,1777,1706,71
123000055,1236,2119,-883
123000056,1783,2054,-271
123000057,17127,6857,10270
123000058,790,957,-167
123000059,572,615,-43
123000060,968,406,562
123000061,333,962,-629
123000063,978,1136,-158
123000064,1040,330,710
123000065,7445,3918,3527
123000066,1086,867,219
123000067,1192,887,305
123000068,3703,3801,-98
123000069,6664,3876,2788
123000070,347,934,-587
123000071,1114,1325,-211
123000072,1251,1462,-211
123000073,1305,1060,245
123000074,1372,1919,-547
123000075,418,1122,-704
123000076,714,1097,-383
123000077,2526,3715,-1189
123000078,1660,2340,-680
123000079,1464,2523,-1059
123000080,2386,2491,-105
123000081,137,500,-363
123000082,348,1065,-717
123000083,990,302,688
123000084,565,1030,-465
123000085,248,129,119
123000086,428,363,65
123000087,366,391,-25
123000088,1126,1127,-1
123000089,608,1577,-969
123000090,1295,1209,86
123000091,2035,2217,-182
123000092,1373,1610,-237
123000094,560,295,265
123000095,509,722,-213
123000096,741,492,249
123000097,555,1085,-530
123000098,822,815,7
123000099,625,868,-243
123000100,608,752,-144
123000101,622,696,-74
123000102,714,675,39
123000104,809,824,-15
123000105,585,514,71
123000106,690,658,32
123000107,505,673,-168
123000108,767,1496,-729
123000111,968,495,473
123000112,1082,736,346
123000113,708,1736,-1028
123000114,608,895,-287
123000115,333,376,-43
123000116,43,225,-182
123000117,1752,2194,-442
123000118,525,1035,-510
123000119,304,1033,-729
123000120,419,908,-489
123000121,517,805,-288
123000122,551,304,247
123000123,494,789,-295
123000124,610,526,84
123000125,1488,1372,116
123000126,1965,3647,-1682
123000127,1184,904,280
123000128,438,419,19
123000129,636,299,337
123000130,561,68,493
123000131,822,956,-134
123000132,632,816,-184
123000133,409,548,-139
123000134,488,268,220
123000135,2039,1626,413
123000136,246,1153,-907
123000137,134,335,-201
123000138,124,432,-308
123000139,519,261,258
123000140,145,799,-654
123000141,760,249,511
123000142,1099,1133,-34
123000143,2390,2816,-426
123000144,44,24,20
123000145,276,102,174
123000146,58,78,-20
123000147,209,128,81
123000149,529,620,-91
123000150,347,327,20
123000151,370,540,-170
123000152,185,452,-267
123000153,214,817,-603
123000154,2284,2585,-301
123000155,2573,1081,1492
123000156,76,239,-163
123000157,830,977,-147
123000158,687,1120,-433
123000159,4010,2572,1438
123000160,1355,949,406
123000161,2069,1636,433
123000162,1542,1827,-285
123000163,426,135,291
123000164,1542,397,1145
123000165,462,2043,-1581
123000166,38,233,-195
123000167,196,389,-193
123000168,281,381,-100
123000169,881,189,692
123000170,107,296,-189
123000171,499,41,458
123000172,224,639,-415
123000173,541,302,239
123000174,1017,434,583
123000175,883,1625,-742
123000176,1445,285,1160
123000177,316,1080,-764
123000178,1111,216,895
123000179,69,883,-814
123000180,1729,473,1256
123000181,363,1672,-1309
123000182,276,456,-180
123000183,275,428,-153
123000184,125,728,-603
123000185,527,745,-218
123000186,60,936,-876
123000187,664,12,652
123000188,291,63,228
123000189,70,14,56
123000190,48,158,-110
123000192,50,613,-563
123000193,135,1037,-902
123000194,244,254,-10
123000195,393,48,345
123000196,311,133,178
123000197,109,124,-15
123000198,62,307,-245
123000199,29,698,-669
123000200,547,46,501
123000201,785,44,741
123000202,41,1502,-1461
123000203,870,99,771
123000204,101,1472,-1371
123000205,485,1903,-1418
123000206,1565,226,1339
123000207,210,1077,-867
123000208,806,456,350
123000209,2550,702,1848
123000210,718,2441,-1723
123000211,622,2809,-2187
123000212,3179,514,2665
123000213,615,79,536
123000215,326,294,32
123000216,164,2243,-2079
123000217,189,52,137
123000218,121,541,-420
123000219,1339,212,1127
123000220,545,108,437
123000221,349,138,211
123000222,487,462,25
123000223,193,507,-314
123000224,420,707,-287
123000225,306,93,213
123000226,111,334,-223
123000227,99,307,-208
123000228,276,75,201
123000229,1403,1912,-509
123000232,104,871,-767
123000233,871,313,558
123000234,175,889,-714
123000235,808,377,431
123000236,313,952,-639
123000237,364,89,275
123000238,105,783,-678
123000239,587,1750,-1163
123000240,40,524,-484
123000241,868,142,726
123000242,111,283,-172
123000243,1070,969,101
123000244,1079,824,255
123000245,71,168,-97
123000249,833,1207,-374
123000252,1074,288,786
123000253,1088,523,565
123000254,606,1075,-469
123000255,1217,1023,194
123000256,33,298,-265
123000257,3466,2755,711
123000258,1541,1340,201
123000259,367,521,-154
123000260,481,544,-63
123000261,165,192,-27
123000262,117,279,-162
123000263,375,134,241
123000264,191,77,114
123000265,51,201,-150
123000266,572,841,-269
123000267,510,401,109
123000268,57,61,-4
123000269,62,80,-18
123000270,21,76,-55
123000271,98,76,22
123000272,844,338,506
123000273,296,737,-441
123000274,1373,662,711
123000275,388,1181,-793
123000278,4077,3160,917
123000279,147,196,-49
123000280,466,376,90
123000281,476,125,351
123000282,155,382,-227
123000283,147,93,54
123000284,65,109,-44
123000286,370,278,92
123000287,725,278,447
123000288,1355,786,569
123000289,702,1286,-584
123000291,348,953,-605
123000294,320,327,-7
123000295,1019,934,85
123000296,768,418,350
123000297,768,1224,-456
123000298,696,622,74
123000299,224,565,-341
123000300,1156,1235,-79
123000301,213,363,-150
123000302,40,226,-186
123000303,233,95,138
123000305,1276,1018,258
123000306,150,269,-119
123000309,69,73,-4
123000310,82,45,37
123000311,10,205,-195
123000312,1284,1037,247
123000313,420,738,-318
123000315,63,417,-354
123000316,2395,699,1696
123000317,302,60,242
123000318,70,247,-177
123000329,17,22,-5
123000337,748,350,398
123000338,1302,59,1243
123000339,185,189,-4
123000340,187,608,-421
123000342,40,180,-140
123000343,85,6,79
123000344,1417,573,844
123000345,403,716,-313
123000346,418,121,297
123000352,1821,868,953
123000353,50,216,-166
123000354,871,6,865
123000355,4,828,-824
123000356,338,14,324
123000357,2,309,-307
123000359,7,226,-219
123000360,226,173,53
123000361,587,378,209
123000362,225,122,103
123000363,77,224,-147
123000364,517,650,-133
123000365,33,397,-364
123000366,434,1864,-1430
123000367,513,1419,-906
123000370,59,323,-264
123000371,599,32,567
123000372,495,19,476
123000373,4,344,-340
123000374,27,278,-251
123000375,334,84,250
123000376,1200,763,437
123000377,322,27,295
123000378,9,306,-297
123000379,3,481,-478
123000380,44,133,-89
123000381,271,55,216
123000382,1383,178,1205
123000383,331,1522,-1191
123000384,664,92,572
123000385,672,1123,-451
123000436,105,1529,-1424
123000507,193,449,-256
123000508,226,993,-767
123000517,321,32,289
123000518,23,275,-252
123000519,142,83,59
123000520,58,227,-169
123000521,331,128,203
123000522,117,494,-377
123000541,13,12,1
123000542,1,35,-34
123000565,556,22,534
123000566,245,886,-641
123000567,461,402,59
123000573,32,971,-939
123000574,727,76,651
123000575,1543,1361,182
123000576,687,2037,-1350
123000577,114,868,-754
123000578,723,91,632
123000579,5086,6268,-1182
123000580,304,141,163
123000582,378,39,339
123000583,9,414,-405
123000584,249,391,-142
123000585,0,188,-188
123000586,94,0,94
123000596,130,174,-44
123000597,106,178,-72
123000602,33,14,19
123000603,561,1086,-525
123000604,678,1122,-444
123000605,1418,50,1368
123000606,0,537,-537
123000609,20,337,-317
123000610,186,160,26
123000613,93,239,-146
123000614,332,73,259
123000615,88,259,-171
123000616,583,61,522
123000617,167,526,-359
123000618,92,662,-570
123000619,761,53,708
123000620,17,483,-466
123000622,387,22,365
123000624,187,98,89
123000630,962,560,402
123000631,348,2296,-1948
123000632,1499,1403,96
123000633,2,491,-489
123000634,88,136,-48
123000635,216,138,78
123000636,94,977,-883
123000637,271,56,215
123000638,767,118,649
123000639,1180,4398,-3218
123000640,37,978,-941
123000648,513,111,402
123000649,77,725,-648
123000650,671,122,549
123000651,209,231,-22
123000652,218,10,208
123000653,31,170,-139
123000654,37,212,-175
123900001,1386,73,1313
123900002,41,1856,-1815
123900003,387,718,-331
123900005,262,195,67
123900006,366,42,324
124000001,1799,86,1713
124000002,54,2103,-2049
124000003,730,143,587
124000004,54,624,-570
124000005,953,413,540
124000006,230,1185,-955
124000007,579,150,429
124000008,25,964,-939
124000009,541,279,262
124000010,247,829,-582
124000011,1456,358,1098
124000012,452,739,-287
124000017,157,142,15
124000018,126,100,26
124000019,126,214,-88
124000020,59,217,-158
124000021,157,82,75
124000022,125,282,-157
124000023,1028,195,833
124000024,1230,654,576
124000025,900,457,443
124000026,923,604,319
124000027,1503,773,730
124000028,2855,1180,1675
124000031,1705,2522,-817
124000032,3359,1460,1899
124000033,1335,877,458
124000034,989,1743,-754
124000035,432,263,169
124000036,587,938,-351
124000037,563,1287,-724
124000038,49,152,-103
124000039,1250,483,767
124000040,753,1029,-276
124000041,384,112,272
124000042,144,551,-407
124000043,273,142,131
124000044,136,358,-222
124000045,582,530,52
124000046,301,823,-522
124000047,1115,870,245
124000048,903,1415,-512
124000049,1621,856,765
124000050,834,2074,-1240
124000051,1005,683,322
124000052,876,1491,-615
124000053,483,1645,-1162
124000054,1035,1010,25
124000055,1412,2701,-1289
124000056,3067,1683,1384
124000057,902,633,269
124000058,678,1508,-830
124000059,820,1250,-430
124000060,1830,1123,707
124000061,1716,4961,-3245
124000062,7459,2251,5208
124000063,1807,2397,-590
124000064,3745,2056,1689
124000065,293,567,-274
124000066,415,128,287
124000067,166,212,-46
124000068,69,146,-77
124000069,673,293,380
124000070,272,651,-379
124000071,318,110,208
124000072,287,514,-227
124000073,998,183,815
124000074,392,780,-388
124000075,225,70,155
124000076,12,267,-255
124000077,2059,783,1276
124000078,4049,1796,2253
124000079,533,1141,-608
124000080,595,165,430
124000081,258,728,-470
124000082,110,217,-107
124000083,109,179,-70
124000084,157,585,-428
124000085,140,41,99
124000086,111,129,-18
124000087,335,83,252
124000088,221,351,-130
124000089,834,474,360
124000090,160,486,-326
124000091,524,178,346
124000092,188,854,-666
124000093,118,153,-35
124000094,129,536,-407
124000095,66,132,-66
124000096,103,302,-199
124000097,157,203,-46
124000098,79,160,-81
124000099,416,198,218
124000100,94,134,-40
124000101,88,164,-76
124000102,188,89,99
124000103,96,134,-38
124000104,195,103,92
124000105,54,118,-64
124000106,238,104,134
124000107,22,169,-147
124000108,75,40,35
124000109,158,151,7
124000110,384,205,179
124000111,247,191,56
124000112,698,793,-95
124000113,84,147,-63
124000114,452,606,-154
124000115,467,805,-338
124000116,144,196,-52
124000117,129,114,15
124000118,41,127,-86
124000119,1489,615,874
124000120,794,550,244
124000121,2733,1114,1619
124000122,629,1624,-995
124000123,1111,654,457
124000124,593,1391,-798
124000125,384,574,-190
124000126,437,819,-382
124000127,870,522,348
124000128,703,1137,-434
124000129,2130,1676,454
124000130,867,814,53
124000131,1068,506,562
124000132,1115,991,124
124000133,988,1023,-35
124000134,974,1003,-29
124000135,1747,1840,-93
124000136,1009,1419,-410
124000137,1506,735,771
124000138,1658,1549,109
124000139,1588,97,1491
124000140,140,754,-614
124000141,792,43,749
124000142,60,842,-782
124000143,156,22,134
124000144,1,245,-244
124000145,113,72,41
124000146,30,135,-105
124000148,27,186,-159
124000149,1309,592,717
124000150,726,681,45
124000151,1022,492,530
124000152,915,1473,-558
124000153,971,1071,-100
124000154,440,1104,-664
124000155,1673,1295,378
124000156,2079,1424,655
124000169,214,550,-336
124000170,810,570,240
124000171,327,254,73
124000172,482,612,-130
124000173,506,296,210
124000174,538,734,-196
124000175,19,187,-168
124000176,57,18,39
124000177,10,38,-28
124000178,45,39,6
124000185,50,11,39
124000186,6,97,-91
124000187,2,149,-147
124000188,62,9,53
124000190,168,59,109
124000191,804,150,654
124000192,3509,396,3113
124000193,1128,1040,88
124000194,513,608,-95
124000195,321,614,-293
124000196,1541,1434,107
124000197,58,53,5
124000198,27,76,-49
124000201,431,1467,-1036
124000202,592,309,283
124000203,350,1007,-657
124000204,702,528,174
124000205,76,550,-474
124000206,560,457,103
124000207,0,57,-57
124000209,180,469,-289
124000210,460,186,274
124000211,555,0,555
124000212,2,549,-547
124000213,364,429,-65
124000214,321,680,-359
124000215,386,21,365
124000216,3,516,-513
124000329,217,2301,-2084
124000338,110,1045,-935
124000339,735,145,590
124000341,1226,141,1085
124000344,181,109,72
124000357,1842,4211,-2369
124000358,1624,3355,-1731
124000359,1040,903,137
124000360,845,725,120
124000361,2236,741,1495
124000362,1659,1754,-95
124000363,399,491,-92
124000364,821,1090,-269
124000365,906,1423,-517
124000366,2533,1673,860
124000367,216,639,-423
124000368,582,402,180
124000369,195,192,3
124000370,71,697,-626
124000402,56,18,38
124000403,163,16,147
124000404,10,156,-146
124000405,881,886,-5
124000406,876,1033,-157
124000407,8,55,-47
124000411,18,418,-400
124000412,465,22,443
124000413,1407,30,1377
124000414,81,148,-67
124000415,57,208,-151
124000416,149,294,-145
124000417,137,138,-1
124000418,132,121,11
124000419,113,153,-40
124000420,68,99,-31
124000421,51,317,-266
124000422,49,36,13
124000423,185,34,151
124000424,0,184,-184
124000425,134,30,104
124000426,5,259,-254
124000427,118,14,104
124000428,93,56,37
124000429,48,63,-15
124000430,929,637,292
124000431,542,628,-86
124000432,194,1256,-1062
124000439,30,20,10
124000443,0,0,0
124000445,1080,1360,-280
124000446,2974,147,2827
124000447,32,274,-242
124000448,87,26,61
124000449,132,15,117
124000450,20,377,-357
124000451,1,225,-224
124000452,440,84,356
124000453,2737,3950,-1213
124000454,3537,5671,-2134
124000457,13,76,-63
124000458,5,171,-166
124900001,451,402,49
124900002,167,426,-259
124900003,845,763,82
124900004,486,382,104
124900005,300,181,119
124900006,513,429,84
124900008,1368,554,814
124900009,202,311,-109
124900010,174,93,81
124900011,394,289,105
124900012,427,122,305
124900013,508,160,348
124900014,240,77,163
124900015,143,328,-185
124900016,68,72,-4
124900017,628,1624,-996
124900018,31,20,11
124900020,46,51,-5
124900021,191,57,134
124900022,61,25,36
124900024,224,85,139
124900026,398,27,371
124900027,135,320,-185
124900028,536,109,427
124900029,10,417,-407
124900030,15,131,-116
124900031,25,363,-338
124900032,183,230,-47
124900033,110,319,-209
124900034,2,88,-86
124900035,202,415,-213
124900036,0,59,-59
124900037,173,294,-121
124900038,279,568,-289
124900039,1,38,-37
124900040,195,85,110
124900041,401,1350,-949
124900042,254,3,251
124900043,554,1330,-776
124900044,82,3,79
124900045,671,1171,-500
124900047,159,189,-30
124900048,224,199,25
124900050,172,300,-128
124900052,177,346,-169
124900053,79,335,-256
124900054,2614,473,2141
124900055,1,146,-145
124900057,4,161,-157
124900060,52,210,-158
124900061,58,7,51
124900062,139,20,119
124900066,1,11,-10
124900067,12,219,-207
124900068,225,487,-262
124900070,62,24,38
124900072,88,62,26
124900075,209,246,-37
124900076,28,1027,-999
124900077,16,141,-125
124900078,109,24,85
124900079,774,265,509
124900080,251,869,-618
124900081,1006,355,651
124900082,408,1265,-857
124900083,311,713,-402
124900085,1359,226,1133
124900086,54,1098,-1044
124900087,691,86,605
124900088,612,130,482
124900089,1529,65,1464
124900090,243,276,-33
124900091,280,466,-186
124900092,218,393,-175
124900093,277,215,62
124900094,272,286,-14
124900095,77,420,-343
124900096,578,225,353
124900097,284,86,198
124900098,106,462,-356
124900099,564,499,65
124900100,242,127,115
124900101,108,277,-169
124900102,209,73,136
124900103,146,311,-165
124900104,67,229,-162
124900105,118,171,-53
124900106,313,73,240
124900107,109,12,97
124900108,211,90,121
124900111,11,87,-76
124900112,84,590,-506
124900113,133,327,-194
124900114,348,157,191
124900115,79,32,47
124900116,139,149,-10
124900117,684,98,586
124900118,351,298,53
124900119,306,200,106
124900120,75,384,-309
124900121,135,385,-250
124900122,445,264,181
124900123,420,172,248
124900124,132,454,-322
124900125,435,10,425
124900126,1,253,-252
204000001,163,21,142
204000002,50,17,33
204000003,59,4,55
204000004,48,0,48
204000005,898,708,190
204000006,1459,2400,-941
204000011,11,75,-64
204000012,91,161,-70
204000019,780,765,15
204000020,814,904,-90
204000021,2538,957,1581
204000022,583,668,-85
204000023,731,1256,-525
204000031,217,39,178
204000032,672,30,642
204000034,44,230,-186
204000035,5,5,0
204000036,13,15,-2
204000037,8,25,-17
204000038,0,21,-21
204000039,10,42,-32
204000040,2,22,-20
204000041,26,45,-19
204000042,97,15,82
204000043,39,6,33
204000044,43,8,35
204000045,40,4,36
204000046,25,2,23
204000057,11,27,-16
204000062,50,154,-104
204000068,90,366,-276
204000069,69,391,-322
204000070,122,185,-63
204000080,93,87,6
204000085,2239,2077,162
204000086,3415,3012,403
204000087,64,23,41
204000088,11,131,-120
204000090,156,351,-195
204000093,374,146,228
204000096,1401,1310,91
204000097,373,124,249
204000099,1201,2500,-1299
204000100,1313,2269,-956
204000105,2567,1872,695
204000110,1242,2199,-957
204000111,757,1152,-395
204000112,2322,1181,1141
204000113,799,1208,-409
204000114,949,1099,-150
204000115,836,494,342
204000116,4150,788,3362
204000119,2577,3162,-585
204000132,619,539,80
204000133,713,625,88
204000134,242,246,-4
204000135,1100,271,829
204000136,568,438,130
204000138,421,860,-439
204000140,285,228,57
204000141,239,128,111
204000144,13,27,-14
204000145,520,64,456
204000146,20,410,-390
204000147,127,273,-146
204000148,1061,40,1021
204000154,10,1,9
204000155,3,9,-6
204000177,76,96,-20
204000179,27,15,12
204000180,0,59,-59
204000222,11,7,4
204000235,14,19,-5
204000236,94,331,-237
204000238,11,29,-18
204000240,505,108,397
204000263,795,1388,-593
204000268,1379,1026,353
204000308,260,46,214
204000317,22,120,-98
204000322,10,45,-35
204000323,24,12,12
204000328,256,156,100
204000329,125,240,-115
204000330,335,170,165
204000331,258,183,75
205000001,1426,2207,-781
205000013,6,114,-108
205000014,33,115,-82
205000015,46,301,-255
205000016,26,225,-199
205000017,34,91,-57
205000022,534,1021,-487
205000025,2018,1558,460
205000029,238,7,231
205000045,176,341,-165
205000046,174,730,-556
205000047,77,698,-621
205000048,412,1659,-1247
205000049,198,1175,-977
205000050,1308,493,815
205000059,0,304,-304
205000060,0,113,-113
205000061,7,101,-94
205000062,4,64,-60
205000063,33,239,-206
205000064,19,176,-157
205000065,69,671,-602
205000066,139,1013,-874
205000067,58,1269,-1211
205000069,220,20,200
205000082,203,360,-157
205000110,112,401,-289
205000111,225,385,-160
205000112,224,207,17
205000113,245,347,-102
205000121,238,155,83
205000123,75,261,-186
205000126,514,388,126
205000127,704,501,203
205000128,780,331,449
205000129,871,362,509
205000130,1650,132,1518
205000131,1844,40,1804
205000132,1137,1,1136
205000133,1339,1,1338
205000134,694,0,694
205000137,71,179,-108
205000138,254,384,-130
205000139,49,166,-117
205000144,233,109,124
205000145,545,310,235
205000151,194,83,111
205000152,220,50,170
205000153,264,136,128
205000154,100,187,-87
205000155,170,31,139
205000207,15,258,-243
205000233,121,6,115
205000234,0,2,-2
205000243,0,0,0
205000244,0,3,-3
205000245,14,245,-231
205000249,1,34,-33
205000250,3,1,2
205000264,27,107,-80
206000027,8,5,3
206000028,7,2,5
206000043,28,121,-93
206000053,3,11,-8
206000054,4,21,-17
206000055,0,24,-24
206000075,8,15,-7
206000076,30,21,9
206000077,37,18,19
206000078,31,13,18
206000079,8,15,-7
206000082,598,56,542
206000100,61,637,-576
206000103,11,17,-6
206000104,23,38,-15
206000105,5,17,-12
206000106,21,26,-5
206000125,41,0,41
206000157,63,585,-522
206000170,0,222,-222
206000171,2,185,-183
206000172,6,702,-696
206000173,3,299,-296
206000174,11,131,-120
206000175,1,158,-157
206000176,41,260,-219
206000177,1,196,-195
206000178,6,181,-175
206000179,12,68,-56
206000180,10,175,-165
206000181,14,210,-196
206000182,7,229,-222
206000183,35,763,-728
206000184,8,361,-353
206000185,10,218,-208
206000186,177,1445,-1268
206000223,8,194,-186
206000226,23,6,17
206000227,17,2,15
206000237,22,359,-337
206000238,32,724,-692
206000239,426,2151,-1725
206000240,2,81,-79
206000241,0,95,-95
206000242,8,344,-336
206000243,11,253,-242
206000244,105,711,-606
206000245,727,54,673
206000246,168,12,156
206000247,173,9,164
206000248,340,31,309
206000252,81,37,44
206000258,41,40,1
206000315,37,7,30
206000317,701,117,584
206000318,394,67,327
206000319,1167,188,979
206000320,132,66,66
206000321,161,16,145
206000322,502,20,482
206000323,127,10,117
206000324,99,11,88
206000325,138,10,128
206000326,176,8,168
206000327,809,7,802
206000328,146,6,140
206000329,208,11,197
206000330,33,6,27
206000331,158,1,157
206000332,35,7,28
206000333,502,6,496
206000334,192,1,191
206000335,0,24,-24
206000361,8,208,-200
206000392,5,18,-13
206000405,192,1,191
206000441,24,28,-4
206000498,52,2,50
206000515,93,47,46
206000530,223,77,146
206000531,245,223,22
206000532,3091,311,2780
206000535,367,2602,-2235
206000536,37,232,-195
206000537,43,259,-216
206000613,1599,300,1299
206000784,483,37,446
207000001,250,691,-441
207000002,159,382,-223
207000003,202,203,-1
207000007,938,425,513
207000008,55,35,20
207000009,51,50,1
207000010,689,557,132
207000012,342,481,-139
207000015,580,1718,-1138
207000019,390,108,282
207000021,771,211,560
207000022,212,153,59
207000023,260,70,190
207000024,14,17,-3
207000025,22,94,-72
207000026,270,46,224
207000027,63,103,-40
207000028,105,225,-120
207000029,374,502,-128
207000033,357,456,-99
207000034,363,143,220
207000039,309,277,32
207000040,325,188,137
207000041,317,61,256
207000042,268,95,173
207000043,271,234,37
207000051,203,382,-179
207000052,303,248,55
207000053,473,769,-296
207000054,64,218,-154
207000055,212,222,-10
207000056,392,470,-78
207000057,135,304,-169
207000058,257,385,-128
207000059,135,767,-632
207000060,95,304,-209
207000061,338,476,-138
207000062,312,51,261
207000063,341,150,191
207000064,453,189,264
207000065,332,269,63
207000066,184,193,-9
207000067,64,127,-63
207000068,175,104,71
207000069,675,493,182
207000082,24,365,-341
207000083,113,423,-310
207000084,264,339,-75
207000085,152,20,132
207000086,160,8,152
207000106,58,54,4
207000107,176,26,150
207000108,66,14,52
207000109,62,23,39
207000110,84,140,-56
207000111,112,140,-28
207000112,382,801,-419
207000114,28,67,-39
207000115,26,127,-101
207000116,22,554,-532
207000117,5,181,-176
207000118,18,121,-103
207000119,39,120,-81
207000123,271,64,207
207000124,71,57,14
207000125,56,83,-27
207000126,80,120,-40
207000134,93,229,-136
207000135,15,362,-347
207000148,51,439,-388
207000149,76,85,-9
207000152,180,551,-371
207000153,1059,1310,-251
207000154,470,206,264
207000159,138,263,-125
207000160,155,633,-478
207000238,0,254,-254
207000242,1,215,-214
207000248,73,27,46
207000249,258,57,201
207000250,1164,73,1091
207000251,168,109,59
207000252,71,116,-45
207000278,89,152,-63
207000279,27,257,-230
207000280,473,131,342
207000281,157,1319,-1162
207000282,272,89,183
207000283,164,275,-111
207000284,99,171,-72
207000285,252,57,195
207000291,16,208,-192
207000304,163,83,80
207000306,158,517,-359
207000310,74,113,-39
207000353,233,13,220
207000356,15,37,-22
207000357,30,18,12
207000358,10,43,-33
207000415,5,264,-259
207000417,75,7,68
207000418,132,200,-68
207000438,0,2,-2
207000439,1094,703,391
207000446,163,3,160
207000460,32,6,26
207000466,322,176,146
207000467,240,154,86
207000468,91,500,-409
207000476,6,124,-118
207000477,616,124,492
207000478,7,36,-29
207000523,0,8,-8
207000524,99,0,99
207000527,138,267,-129
207000530,375,17,358
207000531,422,13,409
207000532,77,24,53
207000534,660,89,571
207000535,85,560,-475
207000537,39,174,-135
207000540,13,343,-330
207000541,4,481,-477
207000548,13,379,-366
207000549,741,23,718
207000561,121,237,-116
207000562,50,301,-251
207000567,266,266,0
207000568,180,98,82
207000569,482,1073,-591
207000584,420,280,140
207000585,143,423,-280
207000587,130,31,99
207000616,1,166,-165
207000617,141,0,141
207000624,134,40,94
207000631,23,195,-172
207900008,296,251,45
208000001,823,1060,-237
208000002,1117,699,418
208000003,1368,683,685
208000004,2031,1025,1006
208000005,45,24,21
208000019,769,1360,-591
208000020,216,750,-534
208000021,237,579,-342
208000022,1226,670,556
208000028,2578,1384,1194
208000033,567,719,-152
208000034,1365,1861,-496
208000037,586,17,569
208000040,203,258,-55
208000041,1042,760,282
208000042,1793,809,984
208000047,184,466,-282
208000064,3480,2082,1398
208000066,2214,2362,-148
208000070,437,566,-129
208000071,396,1103,-707
208000072,361,1493,-1132
208000080,367,549,-182
208000081,425,206,219
208000082,590,455,135
208000083,211,550,-339
208000084,113,16,97
208000085,1692,885,807
208000086,851,1369,-518
208000087,636,1086,-450
208000089,945,677,268
208000090,1049,1157,-108
208000093,252,217,35
208000094,649,522,127
208000095,893,529,364
208000104,1075,1344,-269
208000105,1290,1488,-198
208000114,107,313,-206
208000115,543,433,110
208000116,873,1464,-591
208000117,239,262,-23
208000118,134,162,-28
208000155,1401,1246,155
208000158,2382,3566,-1184
208000186,3948,4134,-186
208000204,945,1370,-425
208000205,1326,1561,-235
208000282,5858,2507,3351
209000004,394,223,171
209000005,53,36,17
209000006,610,242,368
209000007,507,371,136
209000010,681,181,500
209000011,323,360,-37
209000012,291,217,74
209000013,281,536,-255
209000014,710,1216,-506
209000025,387,70,317
209000026,842,201,641
209000027,663,1380,-717
209000028,635,1098,-463
209000029,1144,1061,83
209000030,1096,1801,-705
209000031,3477,3014,463
209000034,183,309,-126
209000035,145,216,-71
209000036,218,174,44
209000037,271,305,-34
209000038,120,227,-107
209000039,95,211,-116
209000040,289,667,-378
209000041,209,528,-319
209000042,284,550,-266
209000043,808,1018,-210
209000044,220,977,-757
209000045,1577,527,1050
209000046,515,655,-140
209000047,435,262,173
209000048,572,282,290
209000049,131,164,-33
209000050,317,245,72
209000051,371,545,-174
209000052,234,463,-229
209000062,47,181,-134
209000063,73,132,-59
209000064,63,213,-150
209000065,77,26,51
209000066,75,73,2
209000067,78,82,-4
209000080,42,378,-336
209000082,53,38,15
209000091,67,102,-35
209000093,71,47,24
209000094,230,252,-22
209000110,42,140,-98
209000111,523,1931,-1408
209000112,1083,765,318
209000113,2752,670,2082
209000114,648,485,163
209000115,124,201,-77
209000116,1000,753,247
209000118,75,62,13
209000119,99,19,80
209000121,243,756,-513
209000135,77,190,-113
209000142,692,1922,-1230
209000143,174,162,12
209000144,200,141,59
209000229,251,223,28
209000240,90,614,-524
209000259,137,175,-38
209000260,75,1077,-1002
209000261,3,628,-625
209000262,4,508,-504
209000263,0,191,-191
209000264,0,106,-106
209000265,521,0,521
209000266,125,0,125
209000267,787,10,777
209000268,866,56,810
210000037,79,24,55
210000047,105,46,59
210000048,121,47,74
210000049,48,29,19
210000052,46,125,-79
210000053,41,69,-28
210000054,84,113,-29
210000070,111,4,107
210000071,104,1,103
210000072,92,0,92
210000073,0,46,-46
210000074,0,153,-153
210000075,1,97,-96
210000076,16,202,-186
210000077,175,45,130
210000078,64,38,26
210000079,123,20,103
210000080,306,47,259
210000081,254,15,239
210000082,189,5,184
210000083,124,2,122
210000084,46,0,46
210000085,2,159,-157
210000086,7,206,-199
210000099,59,322,-263
210000100,43,280,-237
210000101,110,314,-204
210000105,53,434,-381
210000159,0,193,-193
210000163,135,264,-129
210000164,328,170,158
210000168,178,30,148
210000187,0,11,-11
210000188,0,30,-30
210000214,25,0,25
210000219,49,110,-61
210000220,85,85,0
210000232,8,25,-17
210000233,31,84,-53
210000234,29,152,-123
210000235,59,91,-32
210000245,1,48,-47
210000246,30,0,30
210000258,20,133,-113
210000259,415,66,349
210000282,132,322,-190
210000285,0,175,-175
210000286,12,230,-218
210000290,1,11,-10
210000295,69,308,-239
210000296,72,88,-16
210000320,165,111,54
210000321,114,69,45
210000338,217,98,119
210000339,444,1634,-1190
210000340,164,547,-383
210000341,370,363,7
210000342,285,262,23
210000343,404,293,111
210000344,581,159,422
210000345,330,409,-79
210000346,227,262,-35
210000347,614,62,552
210000348,368,18,350
210000349,346,25,321
210000350,152,84,68
210000351,140,154,-14
210000352,68,122,-54
210000353,56,188,-132
210000354,297,123,174
210000355,141,142,-1
210000356,255,74,181
210000357,197,46,151
210000358,370,143,227
210000359,349,104,245
210000360,289,140,149
210000361,210,157,53
210000362,338,217,121
210000363,863,250,613
210000364,176,146,30
210000365,140,73,67
210000366,129,75,54
210000367,77,56,21
210000368,180,41,139
210000369,40,22,18
210000370,99,49,50
210000372,141,27,114
210000373,121,23,98
210000374,92,16,76
210000375,57,116,-59
210000376,146,211,-65
210000404,66,244,-178
210000439,29,56,-27
210000472,143,4,139
210000482,105,98,7
210000564,443,268,175
210000567,3,52,-49
210000568,696,1,695
211000092,53,58,-5
211000094,29,7,22
211000169,251,25,226
211000172,10,328,-318
211000209,3,25,-22
211000226,5,60,-55
211000270,66,24,42
211000275,26,31,-5
211000276,71,28,43
211000279,48,38,10
211000281,47,46,1
211000302,27,113,-86
211507980,1,45,-44
211977296,89,5,84
212000003,229,49,180
212000004,221,47,174
212000005,75,32,43
212000006,106,86,20
212000008,273,200,73
212000009,104,174,-70
212000012,73,113,-40
212000013,35,64,-29
212000014,301,176,125
212000015,424,301,123
212000016,642,634,8
212000027,424,610,-186
212000028,279,606,-327
212000029,242,496,-254
212000030,49,64,-15
212000031,82,97,-15
212000048,46,193,-147
212000049,30,139,-109
212000050,31,14,17
212000051,195,242,-47
212000052,182,377,-195
212000053,397,855,-458
212000054,169,182,-13
212000055,233,392,-159
212000056,17,61,-44
212000057,9,51,-42
212000058,433,38,395
212000070,92,313,-221
212000077,176,893,-717
212000099,314,389,-75
212000108,468,256,212
212000111,287,161,126
212000120,346,116,230
212000138,262,48,214
212000156,23,172,-149
212000158,10,19,-9
212000159,368,77,291
212000160,439,371,68
212000161,119,10,109
212000310,54,19,35
212000311,12,95,-83
212000374,45,12,33
213000001,101,431,-330
213000005,421,188,233
213000006,1255,399,856
213000007,325,13,312
213000009,810,624,186
213000010,272,345,-73
213000011,371,204,167
213000014,70,15,55
213000015,266,9,257
213000016,651,1,650
213000017,105,0,105
213000018,4,189,-185
213000019,1,195,-194
213000020,89,367,-278
213000021,8,148,-140
213000023,305,244,61
213000033,272,1649,-1377
213000034,761,343,418
213000035,107,667,-560
213000045,169,336,-167
213000046,178,274,-96
213000047,875,1214,-339
213000056,108,101,7
213000069,242,7,235
213000073,0,33,-33
213000074,66,248,-182
213000075,680,7,673
213000076,106,3,103
213000085,7,42,-35
213000086,17,176,-159
213000091,123,10,113
213000092,63,15,48
213000099,188,1352,-1164
213000100,1670,447,1223
213000101,295,164,131
213000102,426,360,66
213000103,1017,919,98
213000104,70,453,-383
213000105,2,68,-66
213000106,28,143,-115
213000107,171,459,-288
213000108,15,185,-170
213000109,23,449,-426
213000110,6,159,-153
213000111,14,79,-65
213000112,74,46,28
213000115,50,6,44
213000116,48,761,-713
213000117,7,1149,-1142
213000118,359,377,-18
213000119,43,375,-332
213000120,116,399,-283
213000122,324,754,-430
213000123,544,1282,-738
213000124,87,1187,-1100
213000125,141,32,109
213000126,73,181,-108
213000127,160,216,-56
213000128,647,1115,-468
213000129,425,726,-301
213000130,444,415,29
213000132,285,167,118
213000133,472,148,324
213000134,955,29,926
213000136,531,27,504
213000137,673,127,546
213000139,1142,49,1093
213000147,262,31,231
213000148,89,9,80
213000149,85,10,75
213000150,0,139,-139
213000151,7,114,-107
213000152,4,94,-90
213000153,4,67,-63
213000154,26,347,-321
213000155,38,298,-260
213000156,103,832,-729
213000157,873,549,324
213000158,398,787,-389
213000159,370,833,-463
213000163,576,92,484
213000165,600,312,288
213000171,38,185,-147
213000172,64,379,-315
213000173,15,193,-178
213000174,3,67,-64
213000175,22,46,-24
213000176,9,155,-146
213000177,24,20,4
213000178,87,8,79
213000179,206,65,141
213000180,200,107,93
213000184,43,127,-84
213000188,482,118,364
213000189,290,33,257
213000190,839,823,16
213000191,315,519,-204
213000192,240,545,-305
213000193,1215,275,940
213000194,1,92,-91
213000195,22,542,-520
213000196,336,1184,-848
213000197,355,1681,-1326
213000198,215,1,214
213000200,275,1474,-1199
213000201,147,124,23
213000202,9,872,-863
213000203,4061,1092,2969
213000204,914,180,734
213000205,263,216,47
213000206,1594,159,1435
213000207,324,34,290
213000208,334,1,333
213000209,325,11,314
213000210,1213,2,1211
213000211,17,9,8
213000212,67,22,45
213000213,56,26,30
213000218,290,703,-413
213000219,506,25,481
213000220,535,8,527
213000223,316,396,-80
213000224,83,82,1
213000225,178,12,166
213000226,111,18,93
213000227,1059,383,676
213000228,382,148,234
213000229,855,75,780
213000230,1003,74,929
213000232,85,783,-698
213000233,19,64,-45
213000234,6,25,-19
213000293,57,55,2
213000294,449,12,437
213000295,67,114,-47
213000296,64,25,39
213000297,21,123,-102
213000298,31,108,-77
213000299,79,67,12
213000300,17,4,13
213000303,10,33,-23
213000304,9,10,-1
213000305,13,13,0
213000306,137,40,97
213000307,639,159,480
213000308,134,274,-140
213000309,242,115,127
213000310,409,118,291
213000311,507,1046,-539
213000315,149,168,-19
213000316,240,141,99
213000322,46,28,18
213000323,31,53,-22
213000340,181,960,-779
213000341,507,179,328
213000346,207,278,-71
213000347,995,598,397
213000348,7,116,-109
213000349,25,9,16
213000350,646,1907,-1261
213000366,74,488,-414
213000367,269,47,222
213000379,60,77,-17
213000386,37,438,-401
213000406,160,481,-321
213000417,1494,691,803
213000425,130,32,98
213000426,138,80,58
213000427,44,287,-243
213000428,21,164,-143
213000429,37,13,24
213000430,104,748,-644
213000431,164,4,160
213000432,1,55,-54
213000433,23,143,-120
213000434,65,118,-53
213000435,79,93,-14
213000439,153,32,121
213000441,3,0,3
213000443,673,572,101
213000445,0,128,-128
213000446,3,15,-12
213000447,6,53,-47
213000448,6,92,-86
213000449,273,3,270
213000450,17,57,-40
213000451,249,112,137
213000452,22,45,-23
213000453,58,313,-255
213000455,417,32,385
213000456,0,227,-227
213000481,140,11,129
213000482,61,2,59
213000489,652,122,530
213000491,4,222,-218
213000492,1120,5,1115
213000493,1,162,-161
213000494,226,149,77
213000495,1,129,-128
213000496,326,238,88
213000497,98,280,-182
213000498,60,154,-94
213000499,144,462,-318
213000500,324,107,217
213000501,99,37,62
213000502,391,139,252
213000504,61,197,-136
213000505,32,38,-6
213000506,0,17,-17
213000507,57,170,-113
213900244,26,0,26
213900245,0,32,-32
218000003,45,31,14
218000004,86,25,61
218000005,131,35,96
218000006,115,23,92
218000007,16,8,8
218000012,396,279,117
218000013,152,260,-108
218000014,408,574,-166
218000019,711,696,15
218000020,318,639,-321
218000040,8,5,3
218000046,42,132,-90
218000047,20,220,-200
218000048,53,142,-89
218000049,96,160,-64
218000050,319,285,34
218000051,112,372,-260
218000052,3,105,-102
218000053,6,18,-12
218000054,14,44,-30
218000055,17,18,-1
218000056,19,35,-16
218000057,9,34,-25
218000064,1,29,-28
218000065,82,66,16
218000066,9,95,-86
218000067,54,94,-40
218000068,90,125,-35
218000069,253,201,52
218000070,300,263,37
218000071,242,270,-28
218000072,311,327,-16
218000078,973,1300,-327
218000079,83,66,17
218000080,83,70,13
218000081,277,242,35
218000082,52,128,-76
218000083,60,91,-31
218000084,86,190,-104
218000085,150,428,-278
218000086,83,215,-132
218000087,213,247,-34
218000090,21,397,-376
218000091,1054,736,318
218000092,50,191,-141
218000093,151,94,57
218000094,612,934,-322
218000099,277,812,-535
218000100,280,356,-76
218000101,675,189,486
218000102,409,322,87
218000103,102,219,-117
218000104,86,52,34
218000105,41,25,16
218000106,10,7,3
218000107,74,114,-40
218000108,11,55,-44
218000112,117,29,88
218000117,56,89,-33
218000134,483,955,-472
218000135,181,139,42
218000136,179,62,117
218000137,249,111,138
218000138,42,107,-65
218000139,175,332,-157
218000140,418,360,58
218000141,89,67,22
218000142,202,239,-37
218000143,151,293,-142
218000144,206,66,140
218000145,385,407,-22
218000146,48,198,-150
218000151,29,36,-7
218000152,222,115,107
218000170,11,77,-66
218000171,104,12,92
218000172,36,13,23
218000173,86,10,76
218000174,74,10,64
218000176,310,30,280
218000177,377,273,104
218000178,93,272,-179
218000179,91,114,-23
218000180,79,49,30
218000181,227,76,151
218000187,12,22,-10
218000188,38,99,-61
218000189,35,68,-33
218000190,5,15,-10
218000191,196,94,102
218000192,213,325,-112
218000193,500,471,29
218000194,92,419,-327
218000195,111,80,31
218000196,235,437,-202
218000197,230,406,-176
218000198,72,189,-117
218000199,42,39,3
218000200,95,34,61
218000201,24,8,16
218000202,179,459,-280
218000207,11,40,-29
218000208,66,80,-14
218000211,99,14,85
218000213,122,71,51
218000214,9,22,-13
218000215,50,78,-28
218000217,2,195,-193
218000218,149,93,56
218000219,69,22,47
218000220,330,361,-31
218000221,1968,321,1647
218000222,117,42,75
218000223,75,371,-296
218000224,24,214,-190
218000225,220,33,187
218000226,169,106,63
218000232,36,137,-101
218000239,233,9,224
218000240,32,7,25
218000241,35,3,32
218000242,97,0,97
218000243,200,4,196
218000244,76,3,73
218000245,37,0,37
218000246,2,0,2
218000247,1,0,1
218000248,0,24,-24
218000249,0,3,-3
218000250,9,13,-4
218000251,3,19,-16
218000252,5,36,-31
218000253,6,28,-22
218000254,3,8,-5
218000255,7,13,-6
218000256,7,51,-44
218000267,1034,1513,-479
218000268,14,92,-78
218000269,4,9,-5
218000270,161,80,81
218000271,66,92,-26
218000273,12,17,-5
218000274,9,19,-10
218000275,28,84,-56
218000276,15,67,-52
218000278,28,43,-15
218000279,51,79,-28
218000280,8,59,-51
218000281,13,16,-3
218000282,765,557,208
218000284,203,59,144
218000301,80,117,-37
218000302,141,74,67
218000303,49,83,-34
218000316,875,1723,-848
218000317,1034,1778,-744
218000318,687,1178,-491
218000319,1334,1733,-399
218000320,1130,1098,32
218000338,149,34,115
218000345,177,108,69
218000346,90,234,-144
218000459,39,385,-346
218000490,71,60,11
218000501,184,81,103
218000502,75,143,-68
218000503,134,44,90
218000504,236,29,207
218000505,53,225,-172
218000506,31,326,-295
218000508,20,15,5
218000510,280,24,256
218000520,150,139,11
218000521,6,53,-47
218000522,0,147,-147
218000523,295,14,281
218000524,60,13,47
218000525,309,14,295
218000526,53,169,-116
218000529,42,210,-168
218000531,18,62,-44
218000532,55,29,26
218000534,170,30,140
218000537,39,65,-26
218000538,212,281,-69
218000540,405,73,332
218000543,156,77,79
218000544,68,112,-44
218000545,65,80,-15
218000546,60,91,-31
218000547,189,122,67
218000548,268,194,74
218000549,593,295,298
218000550,272,434,-162
218000551,182,846,-664
218000552,533,72,461
218000553,52,120,-68
218000554,91,43,48
218000555,54,70,-16
218000556,236,479,-243
218000557,358,237,121
218000558,70,0,70
218000559,0,16,-16
218000560,0,8,-8
218000561,30,0,30
218000562,43,151,-108
218000563,332,17,315
218000564,23,250,-227
218000565,253,18,235
218000566,319,26,293
218000568,32,9,23
218000569,24,166,-142
218000570,215,5,210
218000571,2,190,-188
218000572,232,4,228
218000573,22,268,-246
218000574,135,46,89
218000575,176,1,175
218000576,0,35,-35
218000577,161,0,161
218000578,1,94,-93
218000579,75,98,-23
218000581,9,75,-66
218000582,104,4,100
218000583,42,2,40
218000584,0,13,-13
218000585,64,4,60
218000586,9,69,-60
218000587,4,1,3
218000588,5,8,-3
218000589,1,2,-1
218000590,9,0,9
218000591,5,2,3
218000592,7,1,6
218000593,104,6,98
218000594,59,0,59
218000597,17,3,14
218000598,2,0,2
218000599,56,0,56
218000600,61,2,59
218000601,0,0,0
218000602,0,21,-21
218000603,0,2,-2
218000604,25,5,20
218000605,0,211,-211
218000606,693,0,693
218000607,14,51,-37
218000608,128,14,114
218000609,4,97,-93
218000610,81,4,77
218000611,35,3,32
218000612,0,25,-25
218000613,33,0,33
218000614,2,31,-29
218000615,310,2,308
218000616,4,107,-103
218000617,51,3,48
218000618,1,24,-23
218000619,175,33,142
218000620,1,10,-9
218000621,1,7,-6
218000622,0,16,-16
218000623,358,4,354
218000624,17,19,-2
218000625,35,3,32
218000626,0,9,-9
218000628,154,51,103
218000631,95,38,57
218000632,1,304,-303
218000633,143,2,141
218000634,14,63,-49
218000635,28,14,14
218000636,1051,1866,-815
218000637,913,796,117
218000638,119,80,39
218000639,39,215,-176
218000640,267,40,227
218000641,374,386,-12
218000652,87,135,-48
218000653,239,120,119
218000663,11,165,-154
218000675,92,74,18
218000680,246,589,-343
218000681,481,211,270
218000691,124,359,-235
218000693,239,205,34
218000718,793,833,-40
218000719,1506,348,1158
218000720,15,239,-224
218000721,259,10,249
218001147,16,472,-456
218001214,37,31,6
218001258,339,10,329
218001329,260,175,85
218001330,221,185,36
218001351,87,35,52
218001352,20,24,-4
218001353,18,19,-1
218001354,16,26,-10
218001355,82,515,-433
218001356,369,35,334
218001357,87,369,-282
218001358,342,39,303
218001361,327,28,299
218001362,0,562,-562
219000001,56,83,-27
219000002,58,75,-17
219000003,52,30,22
219000004,78,84,-6
219000017,166,12,154
219000020,110,82,28
219000022,162,13,149
219000023,204,1,203
219000029,0,114,-114
219000034,168,15,153
219000039,154,72,82
219000040,42,27,15
219000041,115,31,84
219000051,0,39,-39
219000052,1,16,-15
219000053,1,171,-170
219000055,153,4,149
219000056,57,1,56
219000057,102,7,95
219000062,55,116,-61
219000063,66,19,47
219000064,2,229,-227
219000110,754,70,684
219000111,177,77,100
219000112,278,78,200
219000113,171,100,71
219000114,278,145,133
219000116,87,58,29
219000117,137,92,45
219000118,238,63,175
219000123,375,100,275
219000124,130,53,77
219000125,11,23,-12
219000126,99,137,-38
219000127,0,4,-4
219000128,35,123,-88
219000129,35,165,-130
219000130,761,700,61
219000131,837,999,-162
219000133,88,57,31
219000134,24,44,-20
219000135,34,79,-45
219000136,193,243,-50
219000138,71,26,45
219000139,29,68,-39
219000140,30,5,25
219000141,13,125,-112
219000142,17,137,-120
219000143,17,144,-127
219000145,32,54,-22
219000146,11,49,-38
219000147,2,39,-37
219000148,1,34,-33
219000149,9,133,-124
219000150,4,80,-76
219000151,5,61,-56
219000157,331,215,116
219000158,194,329,-135
219000161,170,16,154
219000163,1830,554,1276
219000166,103,274,-171
219000167,140,281,-141
219000168,373,288,85
219000174,433,97,336
219000175,47,7,40
219000176,69,13,56
219000177,36,1,35
219000178,32,1,31
219000179,33,3,30
219000180,39,32,7
219000182,138,23,115
219000183,89,21,68
219000184,121,11,110
219000185,1,77,-76
219000186,53,52,1
219000187,40,99,-59
219000189,188,240,-52
219000190,205,310,-105
219000191,1502,1360,142
219000192,237,158,79
219000193,469,201,268
219000195,1,92,-91
219000196,19,144,-125
219000198,25,256,-231
219000199,102,685,-583
219000200,69,537,-468
219000201,135,362,-227
219000203,82,180,-98
219000204,452,268,184
219000205,114,215,-101
219000207,311,373,-62
219000209,28,120,-92
219000210,122,152,-30
219000213,17,231,-214
219000239,255,428,-173
219000240,373,464,-91
219000241,105,273,-168
219000242,190,218,-28
219000243,97,309,-212
219000244,100,135,-35
219000245,63,75,-12
219000246,99,35,64
219000247,153,25,128
219000248,846,389,457
219000249,316,102,214
219000250,161,123,38
219000251,588,194,394
219000252,223,195,28
219000253,449,114,335
219000255,131,144,-13
219000256,258,92,166
219000257,175,0,175
219000262,164,229,-65
219000263,100,256,-156
219000267,4,182,-178
219000268,4,4,0
219000269,8,1,7
219000270,18,0,18
219000271,146,9,137
219000278,2,14,-12
219000279,2,1,1
219000283,1,41,-40
219000295,12,164,-152
219000296,121,722,-601
219000297,23,172,-149
219000298,23,233,-210
219000299,403,112,291
219000300,27,307,-280
219000301,291,424,-133
219000302,55,364,-309
219000307,55,43,12
219000308,61,40,21
219000311,208,69,139
219000312,533,155,378
219000313,338,90,248
219000314,76,627,-551
219000315,259,86,173
219000316,496,80,416
219000317,120,15,105
219000320,0,89,-89
219000321,0,17,-17
219000323,4,62,-58
219000325,2,40,-38
219000326,95,133,-38
219000327,82,46,36
219000328,36,60,-24
219000329,346,147,199
219000330,60,40,20
219000331,90,53,37
219000332,92,136,-44
219000333,18,9,9
219000335,67,2,65
219000337,26,0,26
219000338,93,1,92
219000344,41,102,-61
219000345,80,114,-34
219000346,66,184,-118
219000348,144,103,41
219000349,73,222,-149
219000350,148,169,-21
219000351,18,4,14
219000352,362,78,284
219000353,160,70,90
219000354,171,146,25
219000355,193,110,83
219000356,1569,1264,305
219000363,326,104,222
219000364,124,57,67
219000365,196,28,168
219000366,292,563,-271
219000368,719,637,82
219000370,1479,405,1074
219000371,12,23,-11
219000382,22,28,-6
219000383,1031,1111,-80
219000385,987,619,368
219000386,1123,1708,-585
219000387,13,7,6
219000390,13,3,10
219000391,7,2,5
219000397,77,82,-5
219000398,98,58,40
219000401,14,219,-205
219000402,46,219,-173
219000403,146,395,-249
219000404,27,164,-137
219000407,2,67,-65
219000409,63,51,12
219000410,115,63,52
219000411,37,31,6
219000446,215,355,-140
219000447,5,27,-22
219000448,61,12,49
219000452,146,79,67
219000453,125,232,-107
219000454,428,313,115
219000556,297,108,189
219000558,785,255,530
219000590,45,181,-136
219000591,78,82,-4
219000592,154,487,-333
219000595,10,25,-15
219000635,187,78,109
219000636,35,145,-110
219000657,23,19,4
219000658,27,70,-43
219000673,0,31,-31
219000676,98,6,92
219000679,70,8,62
219000684,171,3,168
219000685,8,77,-69
219000686,0,1,-1
219000688,0,110,-110
219000689,23,351,-328
219000690,191,36,155
219000691,60,307,-247
219000692,150,34,116
219000693,0,19,-19
219000694,6,0,6
219000695,23,1,22
219000698,62,1,61
219000699,0,21,-21
219000727,5,206,-201
219000728,241,6,235
219000770,86,3,83
219000771,2,52,-50
219000788,511,345,166
219001150,2,28,-26
219001151,13,4,9
219001166,76,23,53
219001167,2,154,-152
219001178,65,3,62
220000001,296,82,214
220000002,70,209,-139
220000003,699,268,431
220000004,1065,631,434
220000005,1762,1611,151
220000006,595,1216,-621
220000007,454,894,-440
220000008,459,1267,-808
220000009,426,858,-432
220000010,228,209,19
220000011,966,5424,-4458
220000012,122,563,-441
220000014,179,61,118
220000015,150,226,-76
220000017,40,364,-324
220000018,6048,2179,3869
220000019,147,404,-257
220000020,573,323,250
220000021,678,296,382
220000022,714,676,38
220000023,362,230,132
220000024,1857,481,1376
220000025,1045,1137,-92
220000026,407,256,151
220000027,170,137,33
220000028,92,60,32
220000029,1309,909,400
220000030,338,159,179
220000031,540,483,57
220000064,26,730,-704
221000046,6,0,6
221000047,0,1,-1
221000048,0,2,-2
221000049,0,10,-10
221000050,30,1,29
221000055,72,75,-3
221000068,262,143,119
221000069,314,86,228
221000070,198,40,158
221000071,75,18,57
221000072,247,17,230
221000073,202,71,131
221000074,2,39,-37
221000075,34,25,9
221000076,16,50,-34
221000077,50,129,-79
221000081,63,21,42
221000082,67,15,52
221000083,39,10,29
221000084,12,6,6
221000085,30,68,-38
221000086,18,172,-154
221000087,8,189,-181
221000088,12,225,-213
221000089,29,358,-329
221000090,176,572,-396
221000098,117,19,98
221000099,239,15,224
221000100,116,6,110
221000101,358,44,314
221000103,13,31,-18
221000104,11,65,-54
221000107,71,13,58
221000108,35,26,9
221000111,25,290,-265
221000112,5,207,-202
221000113,24,189,-165
221000114,12,195,-183
221000120,59,39,20
221000121,2,22,-20
221000122,64,23,41
221000123,26,32,-6
221000124,56,203,-147
221000155,86,17,69
221000156,116,50,66
221000175,5,8,-3
221000176,1,4,-3
221000182,63,32,31
221000241,687,278,409
221000242,212,466,-254
221000243,855,169,686
221000244,278,637,-359
221000245,208,153,55
221000246,72,354,-282
221000247,105,190,-85
221000248,119,220,-101
221000267,84,790,-706
221000325,146,51,95
221000331,32,95,-63
221000338,11,26,-15
221000378,299,59,240
221000381,63,98,-35
222000282,27,0,27
222000296,4,25,-21
222000568,319,5,314
222000569,218,28,190
222000570,115,6,109
222000571,295,9,286
222000577,10,216,-206
222000578,25,223,-198
222000579,29,214,-185
222000580,87,1087,-1000
222000599,2,166,-164
222000600,1,342,-341
222000601,8,1196,-1188
222000603,30,42,-12
222000604,9,94,-85
222000605,23,33,-10
222000606,10,15,-5
222000607,16,9,7
222000608,89,10,79
222000609,61,398,-337
222000616,247,51,196
222000617,23,9,14
222000618,2,5,-3
222000620,62,22,40
222000621,76,8,68
222000623,847,3,844
222000624,314,4,310
222000625,495,40,455
222000636,69,2,67
222000686,35,27,8
222000687,69,40,29
222001066,261,4,257
222001067,13,5,8
222001068,19,26,-7
222001069,29,46,-17
222001082,14,40,-26
222001083,10,65,-55
222001084,0,53,-53
222001085,2,109,-107
222001111,28,161,-133
222001112,143,56,87
222001313,109,5,104
222001314,9,148,-139
222001464,184,63,121
222001465,54,267,-213
222001484,135,84,51
222001485,26,72,-46
222001494,295,231,64
222001495,109,384,-275
222001496,354,201,153
222001497,240,651,-411
222001503,107,90,17
222001504,25,260,-235
222001505,289,24,265
222001506,27,274,-247
222001507,244,37,207
222001510,315,38,277
222001514,574,138,436
222001518,257,65,192
222001519,86,413,-327
222001527,262,84,178
222001529,171,43,128
222001530,46,269,-223
222001533,127,464,-337
222001534,227,94,133
222001535,291,280,11
222001536,129,407,-278
222001537,260,33,227
222001538,255,1155,-900
222001563,557,103,454
222001564,54,545,-491
222001568,564,172,392
222001576,1,0,1
222001579,0,12,-12
222001583,24,247,-223
222001584,69,26,43
222001596,1018,2195,-1177
222001597,2458,374,2084
222001626,1,172,-171
222001650,133,141,-8
222001651,107,152,-45
222001914,225,88,137
222001915,102,525,-423
222001968,604,395,209
222001969,546,926,-380
222001970,174,307,-133
222001971,17,17,0
222001972,1,25,-24
225000001,507,324,183
225000002,747,246,501
225000003,685,179,506
225000004,345,428,-83
225000005,71,75,-4
225000006,0,236,-236
225000007,3410,1924,1486
225000010,383,10,373
225000011,592,1566,-974
225000012,242,742,-500
225000013,216,234,-18
225000014,1805,113,1692
225000015,110,240,-130
225000021,823,346,477
225000027,352,769,-417
225000032,718,243,475
225000042,165,889,-724
225000049,108,84,24
225000050,90,20,70
225000053,10,304,-294
225000058,1077,187,890
225000067,322,218,104
225000068,183,509,-326
225000069,199,612,-413
225000070,97,561,-464
225000071,43,282,-239
225000075,50,1767,-1717
225000076,104,158,-54
225000078,73,113,-40
225000085,65,207,-142
225000086,287,78,209
225000087,336,32,304
225000088,15,260,-245
225000089,528,1401,-873
225000090,59,659,-600
225000091,271,270,1
225000092,44,100,-56
225000093,265,423,-158
225000094,27,422,-395
225000095,375,587,-212
225000096,458,658,-200
225000098,584,389,195
225000099,365,298,67
225000100,402,269,133
225000104,160,694,-534
225000110,25,593,-568
225000111,386,1419,-1033
225000112,595,1450,-855
225000113,297,712,-415
225000114,76,356,-280
225000115,2852,810,2042
225000116,1290,455,835
225000117,1147,399,748
225000118,1041,396,645
225000119,267,183,84
225000120,804,147,657
225000121,292,57,235
225000123,1314,45,1269
225000125,389,293,96
225000126,1392,284,1108
225000127,1119,1291,-172
225000128,588,900,-312
225000132,262,91,171
225000133,284,74,210
225000134,596,215,381
225000135,47,10,37
225000136,235,34,201
225000137,342,95,247
225000138,500,93,407
225000143,115,384,-269
225000144,3,521,-518
225000145,166,80,86
225000146,124,204,-80
225000147,36,436,-400
225000148,1,261,-260
225000149,88,523,-435
225000151,31,345,-314
225000155,537,730,-193
225000156,365,1317,-952
225000157,496,589,-93
225000158,109,485,-376
225000171,5,209,-204
225000180,40,1,39
225000181,0,67,-67
225000182,109,53,56
225000185,15,509,-494
225000187,109,489,-380
225000191,132,3,129
225000194,0,13,-13
225000208,1,80,-79
225000209,145,35,110
225000210,12,369,-357
225000217,0,24,-24
225000218,57,3,54
225000223,0,56,-56
225000224,569,2,567
225000225,2,75,-73
225000226,87,8,79
225000227,47,192,-145
225000228,16,71,-55
225000229,0,131,-131
225000230,240,0,240
225000231,2,153,-151
225000232,413,0,413
225000241,217,0,217
225000242,1,68,-67
225000249,9,2,7
225000250,63,1155,-1092
225000251,399,46,353
226000042,384,346,38
226000043,259,446,-187
226000044,238,698,-460
226000045,272,828,-556
226000046,495,109,386
226000047,468,130,338
226000048,593,171,422
226000049,361,255,106
226000070,0,20,-20
226000071,0,65,-65
226000072,0,31,-31
226000073,0,15,-15
226000074,0,13,-13
226000084,12,71,-59
226000085,11,42,-31
226000086,10,24,-14
226000087,18,12,6
226000088,27,20,7
226000090,391,151,240
226000091,17,36,-19
226000092,6,2,4
226000093,91,5,86
226000094,37,17,20
226000095,321,12,309
226000105,14,0,14
226000106,19,0,19
226000107,11,0,11
226000108,108,0,108
226000109,97,1,96
226000124,179,103,76
226000134,533,582,-49
226000135,1268,898,370
226000136,480,514,-34
226000137,13,351,-338
226000138,16,485,-469
226000139,1,66,-65
226000156,231,12,219
226000157,306,13,293
226000163,253,336,-83
226000202,34,775,-741
226000231,451,19,432
226000232,77,10,67
227000033,326,87,239
227000036,17,4,13
227000037,199,35,164
227000038,266,87,179
227000049,0,72,-72
227000050,0,91,-91
227000055,217,0,217
227000056,93,0,93
227000084,1,63,-62
227000085,0,48,-48
227000088,115,11,104
227000089,178,2,176
227000090,50,2,48
227000091,40,2,38
227000093,261,0,261
227000094,36,0,36
227000130,64,61,3
227000131,15,265,-250
227000132,63,287,-224
227000133,12,262,-250
227000134,34,425,-391
227000152,0,4,-4
227000153,0,32,-32
227000155,1,23,-22
227000156,1,28,-27
227000165,0,19,-19
227000196,290,365,-75
227000199,297,368,-71
227000230,12,390,-378
227000232,298,20,278
227000241,227,44,183
227000242,49,542,-493
227000243,384,121,263
227000245,36,433,-397
227000246,121,586,-465
227000247,276,104,172
227000248,501,35,466
227000249,57,271,-214
227000250,603,206,397
227000251,273,365,-92
227000252,34,397,-363
227000253,90,24,66
227000262,272,59,213
227000266,908,11,897
227000267,62,1466,-1404
227000282,4,63,-59
227000284,194,5,189
227000286,1,16,-15
227000287,2,23,-21
227000291,3,124,-121
227000484,142,14,128
227000485,5,266,-261
227000655,218,22,196
227000656,156,20,136
227000657,145,5,140
227000661,142,16,126
227000680,495,35,460
229000265,44,64,-20
229000296,10,16,-6
229000297,6,33,-27
229000298,9,191,-182
229000320,13,14,-1
229000321,58,5,53
229000412,60,58,2
229000414,16,86,-70
229000415,24,0,24
229000416,4,7,-3
229000417,1,28,-27
229000419,171,246,-75
229000440,394,94,300
229000442,9,3,6
229000443,5,3,2
229000444,20,34,-14
229000445,59,8,51
229000446,70,46,24
229000847,25,1,24
229000848,19,0,19
229000849,112,0,112
229000851,18,0,18
229000854,0,46,-46
229000856,1,151,-150
229000857,0,28,-28
229000858,0,76,-76
229000919,15,149,-134
229000930,4,418,-414
229000937,125,18,107
229000966,51,23,28
229000981,23,65,-42
229000985,8,46,-38
229000986,2,6,-4
229000987,0,0,0
229000988,7,10,-3
229000989,18,13,5
229000990,2,1,1
229000991,0,0,0
229000992,13,13,0
229000993,186,31,155
229000998,13,64,-51
229000999,85,25,60
229001034,2,22,-20
229001035,21,2,19
229001037,76,10,66
229001042,6,43,-37
229001047,4,48,-44
229001050,63,85,-22
229001200,7,1,6
229001338,1,50,-49
229001394,191,22,169
229001422,119,27,92
229001423,41,175,-134
229001431,73,74,-1
229001432,106,117,-11
229001444,144,65,79
229001445,22,169,-147
229001503,200,106,94
229001504,152,252,-100
229001505,105,52,53
229001506,123,243,-120
229001509,77,40,37
229001545,80,6,74
229001546,8,153,-145
229001553,81,7,74
229001554,56,140,-84
229001559,6,5,1
229001560,1,26,-25
229001630,60,16,44
229001631,21,68,-47
229001635,0,9,-9
229001636,1,1,0
229001658,1,173,-172
229001659,74,2,72
229001660,7,6,1
229001661,31,33,-2
229001662,102,0,102
229001663,0,23,-23
229002584,204,195,9
229002831,268,158,110
229002841,7,14,-7
229002842,31,32,-1
229002843,91,14,77
229002844,80,49,31
229002845,20,55,-35
229002846,102,21,81
229002847,27,16,11
229002848,6,20,-14
229002849,19,62,-43
229002850,7,0,7
229002851,159,77,82
229002852,166,28,138
229002853,126,19,107
229002854,75,35,40
229002855,29,13,16
229002856,183,18,165
229002857,19,39,-20
229002858,39,5,34
229002859,42,21,21
229002860,149,10,139
229002861,57,27,30
229002862,50,22,28
229002863,46,7,39
229002864,21,18,3
229002865,8,14,-6
229002866,15,9,6
229002867,4,22,-18
229002868,43,8,35
229002869,40,133,-93
229002870,39,5,34
235000066,369,132,237
235000067,119,185,-66
235000072,42,52,-10
235000073,64,380,-316
235000074,36,83,-47
235000080,42,106,-64
235000081,131,114,17
235000082,207,109,98
235000083,154,143,11
235000084,111,88,23
235000085,45,77,-32
235000089,26,74,-48
235000092,42,216,-174
235000093,20,4,16
235000097,3,7,-4
235000098,79,19,60
235000099,26,38,-12
235000116,71,44,27
235000117,1194,18,1176
235000133,9,489,-480
235000134,14,144,-130
235000206,9,4,5
235000207,2,1,1
235000208,10,5,5
235000209,8,3,5
235000210,11,0,11
235000212,2,23,-21
235000213,1,10,-9
235000220,1,7,-6
235000238,26,81,-55
235000239,5,21,-16
235000242,420,555,-135
235000245,831,266,565
235000246,29,92,-63
235000284,12,166,-154
235000295,203,10,193
235000305,326,49,277
235000306,158,20,138
235000307,23,3,20
235000308,79,3,76
235000309,124,3,121
235000310,34,0,34
235000311,245,67,178
235000322,0,29,-29
235000323,0,85,-85
235000324,1,17,-16
235000325,5,18,-13
235000326,13,230,-217
235000351,3,73,-70
235000352,24,49,-25
235000353,1,19,-18
235000354,16,33,-17
235000355,21,54,-33
235000356,106,7,99
235000357,57,9,48
235000358,91,6,85
235000359,14,6,8
235000360,86,10,76
235000361,75,7,68
235000381,95,326,-231
235000382,134,42,92
235000390,18,4,14
235000391,129,23,106
235000392,164,258,-94
235000393,125,146,-21
235000395,146,55,91
235000396,309,123,186
235000400,175,183,-8
235000401,62,156,-94
235000405,146,251,-105
235000406,44,230,-186
235000407,100,110,-10
235000409,230,193,37
235000410,39,272,-233
235000411,2,86,-84
235000485,0,7,-7
235000486,15,0,15
235000549,75,106,-31
235000550,86,178,-92
235000599,63,36,27
235000600,20,11,9
235000601,31,25,6
235000602,62,75,-13
235000614,2,2,0
235000648,1,21,-20
235000649,60,9,51
235000685,0,3,-3
235000815,19,21,-2
235000834,0,19,-19
235000855,88,63,25
235000862,73,226,-153
235000891,0,6,-6
235000892,46,15,31
235000901,115,85,30
235000907,5,9,-4
235001010,56,87,-31
235001029,528,455,73
235001030,408,287,121
235001078,94,119,-25
235001079,107,122,-15
235001147,18,104,-86
235001166,40,79,-39
235001167,73,56,17
235001169,39,303,-264
235001188,3,4,-1
235001189,4,1,3
235001197,9,25,-16
235001200,39,23,16
235001207,366,86,280
235001210,113,344,-231
235001215,33,269,-236
235001239,1,69,-68
235001244,1,4,-3
235016267,1,147,-146
277102712,5,0,5
277103813,0,0,0
277103814,0,0,0
277104249,0,3,-3
277104250,0,15,-15
277104251,0,6,-6
277104252,0,9,-9
990011530,0,281,-281
990014944,1,554,-553
990015176,105,1,104
990016032,0,456,-456
990032570,0,40,-40
990070001,135,1,134
990070103,0,3,-3
990070601,0,37,-37
990070751,546,0,546
990070766,5,674,-669
990071180,466,237,229
990071343,93,1,92
990071387,1,19,-18
990071823,32,2,30
990072600,2,691,-689
990072964,4,505,-501
990073285,0,2,-2
990074393,1,1038,-1037
990074870,1032,7,1025
990075106,1022,8,1014
990075746,507,5,502
990076437,967,5,962
990076458,11,1242,-1231
997000007,408,5,403
997000041,1,135,-134
997000058,23,0,23
997000062,83,0,83
997000069,0,1,-1
997000070,0,27,-27
997000100,10,0,10
997000141,2,1048,-1046
997000198,496,877,-381
998000475,2,67,-65
998000736,0,230,-230
998000965,0,30,-30
998001031,1,102,-101
998001700,1,34,-33
998001899,0,0,0
998001900,10,1,9
998003073,1288,51,1237
998101900,0,0,0
998102850,1,89,-88
998501927,983,586,397
998501929,71,1,70
998501930,81,0,81
998501931,176,69,107
998501932,9,0,9
998501933,79,1,78
998501937,17,3,14
998501944,6,0,6
998501950,2,39,-37
998501970,18,2,16
998501971,1,87,-86
998501973,0,53,-53
998501974,2,307,-305
998501975,588,2,586
998501976,170,1,169
998501977,7,25,-18
998501978,21,2,19
998501979,1,31,-30
998501980,203,1,202
998501981,41,7,34
998501982,0,98,-98
998501983,0,0,0
998502006,0,0,0
998502024,0,22,-22
998502032,0,2,-2
998502062,18,0,18
998502063,0,0,0
998502173,45,0,45
998502269,0,5,-5
998502546,0,182,-182
998502578,0,5,-5
998502599,95,424,-329
998502621,0,2,-2
998601159,6,240,-234
998601292,0,26,-26
999033574,2,890,-888
999800001,32,1,31
999800002,0,1,-1
999800003,1,0,1
999800004,0,1,-1
999800005,0,4,-4
