ID,insum,outsum,diff
100000001,544,307,237
100000002,1042,443,599
100000003,5289,1177,4112
100000004,1289,471,818
100000005,1408,1401,7
100000006,199,61,138
100000007,647,204,443
100000008,115,366,-251
100000009,138,93,45
100000010,36,30,6
100000011,315,49,266
100000012,47,518,-471
100000013,16,119,-103
100000014,203,247,-44
100000015,805,619,186
100000016,810,952,-142
100000017,431,774,-343
100000018,788,310,478
100000019,3745,1115,2630
100000020,1219,1610,-391
100000021,4845,1219,3626
100000022,994,437,557
100000023,4921,526,4395
100000025,1990,238,1752
100000028,1278,469,809
100000029,193,105,88
100000030,547,31,516
100000031,3570,2560,1010
100000032,2098,1613,485
100000033,520,1052,-532
100000034,516,169,347
100000035,1658,465,1193
100000036,1803,532,1271
100000037,160,279,-119
100000038,614,498,116
100000039,356,115,241
100000040,101,75,26
100000041,315,156,159
100000042,295,215,80
100000043,320,133,187
100000044,409,556,-147
100000045,369,965,-596
100000046,477,987,-510
100000047,204,598,-394
100000048,173,347,-174
100000049,1132,1974,-842
100000051,252,844,-592
100000053,15,1,14
100000054,66,23,43
100000055,276,233,43
100000056,147,379,-232
100000057,1015,525,490
100000058,607,1018,-411
100000059,2,69,-67
100000060,199,190,9
100000061,807,316,491
100000062,920,298,622
100000063,274,130,144
100000064,507,238,269
100000065,263,829,-566
100000066,114,672,-558
100000067,328,645,-317
100000068,323,1189,-866
100000069,162,1355,-1193
100000072,354,750,-396
100000073,669,896,-227
100000075,357,285,72
100000076,1587,1078,509
100000077,467,87,380
100000078,81,16,65
100000079,42,14,28
100000080,10,6,4
100000081,29,15,14
100000102,1537,794,743
100000103,2613,470,2143
100000104,3907,691,3216
100000105,3642,316,3326
100000106,1940,730,1210
100000107,358,237,121
100000108,576,847,-271
100000109,2023,675,1348
100000116,816,272,544
100000117,15,33,-18
100000118,838,337,501
100000119,470,384,86
100000121,103,559,-456
100000122,492,420,72
100000123,3186,2847,339
100000124,6565,3442,3123
100000125,2854,607,2247
100000126,542,174,368
100000127,1515,359,1156
100000128,767,609,158
100000129,529,388,141
100000130,234,481,-247
100000131,3363,1696,1667
100000132,1503,910,593
100000133,7717,2012,5705
100000135,317,416,-99
100000139,118,213,-95
100000140,59,82,-23
100000142,239,404,-165
100000143,1368,795,573
100000144,3135,980,2155
100000147,586,1217,-631
100000150,14,490,-476
100000151,347,221,126
100000153,193,131,62
100000154,60,35,25
100000155,6,14,-8
100000156,35,63,-28
100000157,30,178,-148
100000158,46,72,-26
100000159,241,376,-135
100000165,881,601,280
100000169,435,238,197
100000174,1217,257,960
100000179,98,502,-404
100000180,460,664,-204
100000181,141,179,-38
100000188,31,223,-192
100000189,363,201,162
100000190,277,253,24
100000191,291,250,41
100000192,79,51,28
100000193,69,80,-11
100000330,1570,283,1287
100000355,94,404,-310
100000362,3465,2362,1103
100000363,1307,2183,-876
100000364,266,106,160
100000365,2239,3022,-783
100000366,2741,1687,1054
100000367,1762,2285,-523
100000368,1433,1367,66
100000369,589,570,19
100000370,101,211,-110
100000376,34,74,-40
100000379,1736,621,1115
100000380,2365,1045,1320
100000384,4355,1341,3014
100000385,4228,1773,2455
100000386,7037,1792,5245
100000387,6257,1890,4367
100000388,9845,1951,7894
100000389,8734,2004,6730
100000390,9870,1708,8162
100000391,6049,2041,4008
100000392,2480,691,1789
100000393,833,854,-21
100000394,4245,1562,2683
100000395,2095,536,1559
100000396,3294,1054,2240
100000397,1649,860,789
100000398,7891,5805,2086
100000413,29,3,26
100900002,0,58,-58
100900003,127,58,69
100900004,21,669,-648
100900005,93,6,87
100900006,7,191,-184
100900007,251,0,251
100900008,11,431,-420
100900009,9,27,-18
100900010,11,149,-138
100900011,25,227,-202
100900012,4,228,-224
100900013,190,7,183
100900014,4,16,-12
100900015,114,71,43
100900016,0,49,-49
100900017,286,41,245
100900018,1,15,-14
100900019,7,22,-15
100900020,186,0,186
100900021,346,0,346
100900022,1,9,-8
100900023,0,6,-6
100900024,576,2,574
100900025,7,10,-3
100900026,29,108,-79
100900027,393,1176,-783
100900028,63,73,-10
100900029,96,3,93
100900030,4,5,-1
100900031,132,54,78
100900032,95,0,95
100900033,147,63,84
100900034,198,0,198
100900035,487,1,486
100900036,18,1,17
100900037,13,221,-208
100900038,22,7,15
100900039,224,555,-331
100900040,105,735,-630
100900041,131,721,-590
100900042,200,258,-58
100900043,0,12,-12
100900044,2058,248,1810
100900045,33,0,33
100900046,549,1,548
100900047,757,64,693
100900048,28,4,24
100900049,18,204,-186
100900050,0,19,-19
100900051,19,32,-13
100900052,45,8,37
100900053,94,13,81
100900054,4,110,-106
100900055,92,210,-118
100900056,79,181,-102
100900057,300,209,91
100900058,131,20,111
100900059,24,1,23
100900060,43,9,34
100900061,193,159,34
100900062,1,65,-64
100900063,63,252,-189
100900064,306,6,300
100900065,34,33,1
100900066,30,25,5
100900067,2,5,-3
100900068,10,85,-75
100900069,239,1,238
100900070,44,3,41
100900071,403,99,304
100900072,0,75,-75
100900073,25,414,-389
100900074,0,6,-6
100900075,2009,190,1819
100900076,15,24,-9
100900077,3,136,-133
100900078,52,79,-27
100900079,4,28,-24
100900080,1,122,-121
100900081,15,45,-30
100900082,50,671,-621
100900083,2,37,-35
100900085,1,40,-39
100900086,64,230,-166
100900088,16,588,-572
100900089,0,32,-32
100900090,100,275,-175
100900091,0,10,-10
100900092,76,64,12
100900093,43,88,-45
100900094,34,604,-570
100900095,0,41,-41
100900096,19,59,-40
100900097,2,6,-4
100900098,13,23,-10
100900099,33,447,-414
100900100,5,184,-179
100900101,237,14,223
100900102,23,15,8
100900103,0,21,-21
100900104,4,95,-91
100900105,0,47,-47
100900106,60,2,58
100900107,1239,327,912
100900108,0,3,-3
100900109,9,31,-22
100900110,2,25,-23
100900111,54,81,-27
100900112,0,5,-5
100900113,3,16,-13
100900114,1,17,-16
100900115,0,13,-13
100900116,366,249,117
100900117,121,200,-79
100900118,6,40,-34
100900119,9,23,-14
100900120,0,14,-14
100900121,126,164,-38
100900122,97,130,-33
100900123,48,44,4
100900124,1,9,-8
100900125,12,35,-23
100900126,62,84,-22
100900127,1,8,-7
100900128,51,84,-33
100900129,0,88,-88
100900131,29,72,-43
100900133,18,35,-17
100900134,5,5,0
100900135,1,99,-98
100900137,284,127,157
100900138,264,123,141
100900139,0,8,-8
100900140,0,711,-711
100900141,0,212,-212
100900142,0,0,0
100900143,758,168,590
100900144,18,2,16
100900145,7,74,-67
100900146,16,4,12
100900147,4,145,-141
100900148,48,847,-799
100900149,22,65,-43
100900150,1,7,-6
100900151,64,403,-339
100900152,80,2,78
100900153,0,100,-100
100900154,3,19,-16
100900155,3,1,2
100900156,25,0,25
100900157,1,56,-55
100900159,2,9,-7
100900160,2,7,-5
100900161,163,0,163
100900162,3,108,-105
100900163,99,153,-54
100900164,9,24,-15
100900165,16,61,-45
100900166,22,1,21
100900167,24,51,-27
100900168,21,49,-28
100900169,142,869,-727
100900170,19,10,9
100900171,10,570,-560
100900172,0,7,-7
100900173,5,457,-452
100900174,238,45,193
100900176,868,33,835
100900177,721,133,588
100900178,97,53,44
100900179,63,23,40
100900180,0,3,-3
100900181,57,20,37
100900182,10,8,2
100900184,1,94,-93
100900186,726,324,402
100900187,2,116,-114
100900188,8,2,6
100900189,465,104,361
100900191,703,422,281
100900192,169,86,83
100900195,48,108,-60
100900197,3,110,-107
100900198,17,142,-125
100900199,5,9,-4
100900200,368,210,158
100900201,18,598,-580
100900202,1,0,1
100900203,1,18,-17
100900204,85,69,16
100900205,61,169,-108
100900206,30,30,0
100900207,71,47,24
100900210,30,634,-604
100900211,176,35,141
100900213,8,23,-15
100900214,597,44,553
100900215,3,12,-9
100900217,56,34,22
101000001,3174,1769,1405
101000002,2572,1820,752
101000003,587,862,-275
101000004,9344,6818,2526
101000006,8409,4274,4135
101000007,1596,1836,-240
101000008,2319,1800,519
101000009,969,1559,-590
101000010,534,1126,-592
101000011,1754,426,1328
101000012,1443,268,1175
101000013,395,474,-79
101000014,322,327,-5
101000015,615,609,6
101000016,298,247,51
101000017,328,364,-36
101000018,3015,1657,1358
101000020,2846,695,2151
101000021,681,111,570
101000022,174,43,131
101000023,1243,433,810
101000025,102,215,-113
101000026,293,11,282
101000027,955,901,54
101000028,686,97,589
101000029,21,467,-446
101000030,349,48,301
101000031,156,45,111
101000032,3048,1201,1847
101000033,1913,1223,690
101000034,2132,680,1452
101000035,826,171,655
101000036,1218,212,1006
101000037,4095,645,3450
101000039,2779,648,2131
101000040,3185,1583,1602
101000041,6884,1694,5190
101000042,514,298,216
101000043,5734,1269,4465
101000045,736,155,581
101000046,984,561,423
101000047,748,639,109
101000048,421,554,-133
101000049,531,478,53
101000050,1413,349,1064
101000051,2019,544,1475
101000052,1226,293,933
101000053,788,929,-141
101000054,1356,1002,354
101000055,1135,490,645
101000056,41,35,6
101000057,2043,333,1710
101000058,1549,360,1189
101000059,2563,957,1606
101000060,1644,170,1474
101000061,1008,511,497
101000062,1373,170,1203
101000063,364,244,120
101000064,1047,242,805
101000065,156,253,-97
101000066,249,161,88
101000067,445,224,221
101000068,177,137,40
101000069,202,33,169
101000070,1250,480,770
101000071,1430,563,867
101000072,710,1992,-1282
101000073,540,366,174
101000074,3335,1619,1716
101000075,5414,1883,3531
101000077,670,811,-141
101000078,690,1174,-484
101000079,317,494,-177
101000080,418,314,104
101000081,807,817,-10
101000082,2435,1842,593
101000083,1089,980,109
101000084,957,1084,-127
101000085,1074,764,310
101000086,970,745,225
101000087,716,1074,-358
101000088,510,574,-64
101000089,616,867,-251
101000090,1879,1342,537
101000091,266,1415,-1149
101000092,624,961,-337
101000093,958,614,344
101000094,368,783,-415
101000095,146,640,-494
101000096,173,453,-280
101000097,180,235,-55
101000098,285,455,-170
101000099,774,875,-101
101000100,690,407,283
101000101,234,211,23
101000102,630,185,445
101000103,569,334,235
101000104,129,190,-61
101000105,894,159,735
101000106,455,492,-37
101000107,106,163,-57
101000108,985,235,750
101000109,106,32,74
101000110,25,494,-469
101000111,49,172,-123
101000113,83,241,-158
101000114,1435,851,584
101000115,73,88,-15
101000116,66,120,-54
101000117,228,286,-58
101000119,142,12,130
101000120,198,1,197
101000121,51,6,45
101000122,56,25,31
101000123,40,13,27
101000124,134,174,-40
101000125,94,295,-201
101000128,516,331,185
101000130,205,186,19
101000131,311,513,-202
101000132,218,1338,-1120
101000135,59,10,49
101000136,153,52,101
101000137,32,108,-76
101000141,1900,1025,875
101000147,680,511,169
101000148,1953,13,1940
101000149,123,38,85
101000150,18,948,-930
101000151,54,60,-6
101000152,244,226,18
101000153,445,308,137
101000154,63,1409,-1346
101000155,104,103,1
101000156,16,202,-186
101000157,34,8,26
101000160,34,56,-22
101000163,80,70,10
101000164,522,321,201
101000165,146,224,-78
101000166,238,249,-11
101000168,505,242,263
101000252,912,444,468
101000254,199,10,189
101000258,57,7,50
101000261,55,75,-20
101000262,431,703,-272
101000263,141,357,-216
101000265,45,456,-411
101000266,171,191,-20
101000269,87,9,78
101000290,1161,1151,10
101000293,7,91,-84
101000294,368,402,-34
101000295,90,385,-295
101000301,608,120,488
101000304,1265,1675,-410
101000305,1595,1203,392
101000328,88,228,-140
101900001,5,62,-57
101900002,0,20,-20
101900003,83,88,-5
101900004,4,28,-24
101900005,4058,554,3504
101900006,632,9,623
101900007,309,26,283
101900008,71,193,-122
101900009,49,243,-194
101900010,791,301,490
101900011,190,849,-659
101900012,81,116,-35
101900013,943,87,856
101900017,28,54,-26
101900018,1639,114,1525
101900019,117,37,80
101900020,88,53,35
101900021,0,24,-24
101900022,26,1143,-1117
101900023,36,219,-183
101900026,53,35,18
101900027,3,90,-87
102000001,1467,2731,-1264
102000002,2302,867,1435
102000003,3266,2818,448
102000004,8023,1565,6458
102000005,1201,1341,-140
102000006,1535,926,609
102000007,1078,2426,-1348
102000008,5091,1184,3907
102000009,4212,4990,-778
102000010,4927,2296,2631
102000011,1628,1459,169
102000012,2240,2468,-228
102000018,2483,1652,831
102000019,2031,910,1121
102000026,195,354,-159
102000029,398,156,242
102000030,72,152,-80
102000031,30,160,-130
102000032,149,246,-97
102000033,68,333,-265
102000034,304,263,41
102000035,681,376,305
102000036,4,135,-131
102000037,89,33,56
102000038,95,82,13
102000039,66,36,30
102000040,352,74,278
102000041,107,115,-8
102000042,88,48,40
102000043,115,129,-14
102000044,212,350,-138
102000045,431,661,-230
102000046,571,256,315
102000047,447,832,-385
102000048,105,559,-454
102000049,488,376,112
102000050,729,799,-70
102000051,193,346,-153
102000052,752,652,100
102000053,412,509,-97
102000054,178,628,-450
102000055,501,767,-266
102000056,381,992,-611
102000057,1010,335,675
102000058,825,1566,-741
102000059,968,992,-24
102000060,939,757,182
102000061,762,2001,-1239
102000062,593,949,-356
102000063,902,1127,-225
102000064,361,503,-142
102000065,11,87,-76
102000066,1287,773,514
102000067,1711,1832,-121
102000068,7047,1961,5086
102000069,35,1378,-1343
102000070,2030,37,1993
102000071,5487,7125,-1638
102000072,2527,3696,-1169
102000073,536,944,-408
102000074,469,689,-220
102000075,137,238,-101
102000076,254,338,-84
102000077,217,1073,-856
102000078,497,659,-162
102000079,41,225,-184
102000080,101,152,-51
102000081,162,718,-556
102000082,578,253,325
102000083,182,584,-402
102000084,94,480,-386
102000085,1075,1009,66
102000086,745,887,-142
102000087,416,1777,-1361
102000088,141,208,-67
102000089,622,471,151
102000090,309,961,-652
102000091,1025,420,605
102000092,330,559,-229
102000093,604,488,116
102000094,795,397,398
102000095,684,687,-3
102000096,805,445,360
102000097,959,681,278
102000098,511,546,-35
102000099,519,426,93
102000100,1082,431,651
102000101,1230,222,1008
102000102,286,1146,-860
102000103,897,308,589
102000104,789,269,520
102000105,120,747,-627
102000106,373,768,-395
102000107,402,454,-52
102000108,371,157,214
102000109,189,458,-269
102000110,325,1363,-1038
102000111,5,252,-247
102000112,79,51,28
102000113,5,10,-5
102000114,740,227,513
102000115,150,106,44
102000116,409,210,199
102000117,235,350,-115
102000118,1527,792,735
102000119,2084,379,1705
102000120,48,318,-270
102000121,700,366,334
102000122,321,500,-179
102000123,1020,590,430
102000124,610,616,-6
102000125,909,530,379
102000126,350,463,-113
102000127,794,449,345
102000128,366,757,-391
102000129,741,678,63
102000130,303,482,-179
102000131,757,422,335
102000132,353,366,-13
102000133,805,2097,-1292
102000134,292,436,-144
102000135,856,434,422
102000136,784,255,529
102000137,724,507,217
102000138,145,285,-140
102000139,44,243,-199
102000140,171,124,47
102000141,92,419,-327
102000142,93,294,-201
102000143,33,406,-373
102000144,74,381,-307
102000145,140,373,-233
102000146,136,222,-86
102000147,204,173,31
102000148,155,133,22
102000149,108,516,-408
102000150,145,207,-62
102000151,66,290,-224
102000152,92,97,-5
102000153,621,202,419
102000154,333,446,-113
102000155,58,166,-108
102000156,304,36,268
102000157,54,92,-38
102000158,315,178,137
102000159,1183,127,1056
102000161,4049,995,3054
102000162,203,92,111
102000163,89,271,-182
102000164,1098,501,597
102000165,209,82,127
102000166,32,73,-41
102000167,133,150,-17
102000168,106,94,12
102000169,66,331,-265
102000170,542,92,450
102000171,115,49,66
102000172,36,166,-130
102000173,209,168,41
102000174,12,39,-27
102000175,54,95,-41
102000176,19,18,1
102000178,177,527,-350
102000179,149,181,-32
102000180,329,556,-227
102000181,355,613,-258
102000182,330,589,-259
102000183,846,1628,-782
102000184,862,788,74
102000185,1023,1473,-450
102000186,503,1688,-1185
102000187,402,1574,-1172
102000188,325,1190,-865
102000189,2047,670,1377
102000190,422,1554,-1132
102000191,1099,461,638
102000192,561,881,-320
102000193,17,177,-160
102000194,43,142,-99
102000195,196,410,-214
102000196,96,447,-351
102000197,186,423,-237
102000198,52,797,-745
102000199,238,297,-59
102000200,149,995,-846
102000201,268,455,-187
102000202,0,149,-149
102000203,118,237,-119
102000204,205,745,-540
102000205,440,556,-116
102000206,307,551,-244
102000207,457,384,73
102000208,145,450,-305
102000209,44,52,-8
102000210,104,427,-323
102000211,206,444,-238
102000212,59,13,46
102000213,0,292,-292
102000214,78,19,59
102000215,3,494,-491
102000216,25,28,-3
102000217,7,187,-180
102000218,100,31,69
102000219,252,345,-93
102000225,785,663,122
102000226,2857,305,2552
102000227,54,1,53
102000228,0,67,-67
102000229,28,14,14
102000230,168,538,-370
102000231,143,358,-215
102000232,9,113,-104
102000233,275,392,-117
102000234,80,1224,-1144
102000236,175,73,102
102000237,398,133,265
102000238,147,249,-102
102000240,607,508,99
102000241,134,84,50
102000243,6,35,-29
102000245,21,173,-152
102000246,8,6,2
102000247,1429,815,614
102000248,627,538,89
102000249,71,103,-32
102000250,17,330,-313
102000254,31,401,-370
102000266,51,105,-54
102000271,12,0,12
102000286,327,189,138
102000297,1092,579,513
102000299,1,0,1
102000301,0,1,-1
102000305,0,2,-2
102000307,0,1,-1
102900001,810,660,150
102900002,226,25,201
102900003,21,277,-256
102900005,166,296,-130
102900006,343,171,172
102900007,388,20,368
102900008,167,59,108
102900009,439,124,315
102900010,407,542,-135
102900011,1585,163,1422
102900012,284,28,256
102900013,13,67,-54
102900015,630,139,491
102900016,26,124,-98
102900017,83,557,-474
102900018,6,141,-135
102900019,158,326,-168
102900020,45,27,18
102900021,3,87,-84
102900022,275,33,242
102900023,8,54,-46
102900024,15,36,-21
102900025,264,96,168
102900026,317,971,-654
102900027,34,43,-9
102900028,53,334,-281
102900029,78,73,5
102900030,236,129,107
102900031,54,97,-43
102900032,18,120,-102
102900033,66,176,-110
102900034,119,118,1
102900035,40,476,-436
102900036,99,495,-396
102900037,144,597,-453
102900038,276,436,-160
102900039,26,294,-268
102900040,83,161,-78
102900041,40,125,-85
102900042,88,258,-170
102900043,61,184,-123
102900044,366,1502,-1136
102900045,52,395,-343
102900046,69,291,-222
102900047,61,651,-590
102900048,363,584,-221
102900049,53,272,-219
102900050,122,254,-132
102900051,90,128,-38
102900053,228,533,-305
102900054,617,510,107
102900055,52,80,-28
102900056,90,350,-260
102900057,4,12,-8
102900058,254,32,222
102900059,4,42,-38
102900060,36,346,-310
102900061,61,344,-283
102900062,54,1255,-1201
102900063,478,396,82
102900064,146,363,-217
102900065,1307,483,824
102900066,229,30,199
102900068,50,78,-28
102900070,94,554,-460
102900072,6,18,-12
102900073,110,11,99
102900075,51,13,38
102900076,236,36,200
102900077,26,25,1
102900078,40,61,-21
102900079,188,4,184
102900080,156,16,140
102900081,48,162,-114
102900082,14,238,-224
102900083,333,5,328
102900084,3,16,-13
102900085,80,46,34
102900086,4,18,-14
102900087,40,89,-49
102900088,6,22,-16
102900089,187,84,103
102900090,0,325,-325
102900091,48,1,47
102900092,124,973,-849
102900094,0,57,-57
102900095,65,1,64
102900096,13,9,4
102900097,1,100,-99
103000001,1510,1937,-427
103000002,1424,1524,-100
103000003,2566,1916,650
103000004,787,507,280
103000005,1443,1631,-188
103000006,410,925,-515
103000007,374,644,-270
103000008,787,870,-83
103000009,484,610,-126
103000010,204,161,43
103000011,1494,674,820
103000012,768,1038,-270
103000013,5359,1667,3692
103000014,913,964,-51
103000015,1978,629,1349
103000016,473,538,-65
103000017,78,220,-142
103000018,737,293,444
103000019,126,127,-1
103000020,1243,1036,207
103000021,869,1053,-184
103000022,641,968,-327
103000023,268,782,-514
103000024,89,156,-67
103000025,49,225,-176
103000026,1507,126,1381
103000027,247,273,-26
103000028,574,264,310
103000029,360,104,256
103000030,1410,393,1017
103000031,1084,867,217
103000032,1406,1368,38
103000033,1734,1600,134
103000034,1304,630,674
103000035,287,737,-450
103000036,316,367,-51
103000037,548,263,285
103000038,386,616,-230
103000039,186,415,-229
103000040,162,1012,-850
103000041,1102,2456,-1354
103000042,476,521,-45
103000043,178,1011,-833
103000044,93,263,-170
103000046,141,268,-127
103000047,321,611,-290
103000048,97,98,-1
103000049,72,163,-91
103000050,410,546,-136
103000051,181,398,-217
103000052,536,343,193
103000053,107,269,-162
103000054,1337,820,517
103000055,998,1129,-131
103000056,378,2284,-1906
103000057,409,270,139
103000058,228,773,-545
103000059,222,553,-331
103000060,542,576,-34
103000061,280,628,-348
103000062,759,659,100
103000063,395,538,-143
103000064,105,232,-127
103000065,1,273,-272
103000066,63,13,50
103000069,61,253,-192
103000070,409,937,-528
103000071,466,321,145
103000072,128,745,-617
103000073,213,80,133
103000074,290,45,245
103000075,85,620,-535
103000076,156,144,12
103000077,27,252,-225
103000078,1036,256,780
103000079,982,279,703
103000080,1185,125,1060
103000081,398,490,-92
103000082,275,94,181
103000083,48,257,-209
103000084,138,2,136
103000085,7,89,-82
103000086,619,158,461
103000087,58,302,-244
103000088,269,240,29
103000089,124,263,-139
103000090,1199,765,434
103000091,356,310,46
103000092,210,277,-67
103000093,222,466,-244
103000094,119,91,28
103000095,27,328,-301
103000096,593,70,523
103000097,31,540,-509
103000098,969,82,887
103000099,342,559,-217
103000100,51,686,-635
103000101,298,98,200
103000102,91,587,-496
103000103,341,188,153
103000104,37,122,-85
103000105,39,97,-58
103000106,4,83,-79
103000107,169,50,119
103000108,466,488,-22
103000109,278,217,61
103000110,336,282,54
103000111,417,226,191
103000112,227,232,-5
103000113,491,425,66
103000114,664,197,467
103000115,276,415,-139
103000116,234,446,-212
103000117,111,349,-238
103000118,942,895,47
103000119,1473,565,908
103000120,25,62,-37
103000121,206,479,-273
103000122,211,162,49
103000125,4,488,-484
103000126,191,5,186
103000127,0,303,-303
103000128,83,1,82
103000129,0,137,-137
103000130,23,9,14
103000131,179,66,113
103000132,52,35,17
103000133,6,145,-139
103000134,710,312,398
103000135,653,179,474
103000136,615,248,367
103000137,402,442,-40
103000138,753,425,328
103000139,1,55,-54
103000140,120,21,99
103000141,22,75,-53
103000142,105,28,77
103000143,38,164,-126
103000144,154,62,92
103000145,6,32,-26
103000150,68,51,17
103000152,216,164,52
103000153,107,107,0
103000156,4,515,-511
103000157,182,6,176
103000159,35,36,-1
103000162,53,41,12
103000163,2,14,-12
103000164,8,11,-3
103000165,90,356,-266
103000166,70,114,-44
103000167,111,124,-13
103000168,41,147,-106
103000169,111,222,-111
103000170,355,425,-70
103000171,29,61,-32
103000172,143,260,-117
103000173,146,569,-423
103000174,91,216,-125
103000175,84,419,-335
103000176,481,153,328
103000177,497,351,146
103000178,284,190,94
103000179,57,11,46
103000183,38,23,15
103000185,47,60,-13
103000186,23,145,-122
103000187,141,530,-389
103000188,10,89,-79
103000189,766,817,-51
103000191,425,441,-16
103000292,2109,664,1445
103000293,1398,693,705
103000295,94,54,40
103000296,149,2,147
103000297,20,6,14
103000504,46,9,37
103000505,10,5,5
103000506,2,209,-207
103000507,80,0,80
103000508,48,18,30
103000509,181,417,-236
103900001,5,331,-326
103900002,1495,113,1382
103900003,1091,101,990
103900004,17,2,15
103900005,6,200,-194
103900006,0,2,-2
103900007,17,9,8
103900008,4,0,4
103900009,165,184,-19
103900010,95,181,-86
103900011,60,210,-150
103900012,3,15,-12
103900013,11,73,-62
103900014,30,32,-2
103900015,27,22,5
103900016,172,273,-101
103900017,18,60,-42
103900018,657,102,555
103900019,30,135,-105
103900020,105,198,-93
103900021,663,66,597
103900022,599,572,27
103900023,40,1,39
103900024,57,420,-363
103900025,6,40,-34
103900026,2,0,2
103900027,323,203,120
103900028,12,136,-124
103900029,447,89,358
103900030,72,16,56
103900031,4,0,4
103900032,22,19,3
103900033,41,2,39
103900034,7,189,-182
103900035,3,52,-49
103900036,15,8,7
103900037,40,18,22
103900038,29,87,-58
103900039,43,390,-347
103900040,10,249,-239
103900041,5,17,-12
103900042,32,407,-375
103900043,41,92,-51
103900044,179,107,72
103900045,90,111,-21
103900047,22,31,-9
103900048,34,27,7
103900049,143,896,-753
103900050,2,77,-75
103900051,0,23,-23
103900052,74,528,-454
103900053,48,833,-785
103900054,27,542,-515
103900055,205,173,32
103900056,16,40,-24
103900057,6,254,-248
103900058,59,680,-621
103900059,0,4,-4
103900060,30,169,-139
103900061,37,38,-1
103900062,61,32,29
103900063,0,0,0
103900064,18,2,16
103900065,612,197,415
103900066,41,5,36
103900067,18,6,12
103900068,0,0,0
103900069,33,1,32
103900070,67,224,-157
103900071,21,180,-159
103900072,2,247,-245
103900073,17,10,7
103900074,15,77,-62
103900075,70,67,3
103900076,150,631,-481
103900077,44,25,19
103900078,40,70,-30
103900079,55,202,-147
103900080,5,16,-11
103900081,114,21,93
103900082,2,46,-44
103900083,1701,248,1453
103900084,14,86,-72
103900085,89,88,1
103900086,167,152,15
103900088,320,107,213
103900089,21,157,-136
103900090,2,225,-223
103900091,701,175,526
103900092,159,449,-290
103900093,91,295,-204
103900094,5,166,-161
103900095,95,125,-30
103900096,16,277,-261
103900097,1,370,-369
103900098,85,41,44
103900099,10,244,-234
103900100,72,288,-216
103900101,36,727,-691
103900102,0,20,-20
103900104,3,21,-18
103900105,72,161,-89
103900106,0,15,-15
103900107,13,160,-147
103900108,45,362,-317
103900109,32,72,-40
103900110,82,26,56
103900111,12,624,-612
103900112,7,41,-34
103900113,86,114,-28
103900114,381,264,117
103900115,124,62,62
103900116,6120,959,5161
103900117,222,119,103
103900119,10,29,-19
103900120,18,81,-63
103900122,24,313,-289
103900123,1250,413,837
103900124,27,551,-524
103900125,38,51,-13
103900126,169,337,-168
103900127,47,567,-520
103900128,14,223,-209
103900131,9,112,-103
103900133,496,15,481
103900134,0,1,-1
103900135,8,8,0
103900137,0,41,-41
103900138,40,310,-270
103900139,301,610,-309
103900140,0,38,-38
103900141,143,47,96
103900142,36,160,-124
103900143,11,0,11
103900144,0,79,-79
103900145,71,238,-167
103900146,137,251,-114
103900147,126,98,28
103900148,56,178,-122
103900149,52,662,-610
103900150,5865,1121,4744
103900151,16,104,-88
103900152,130,582,-452
103900153,0,0,0
103900154,988,541,447
103900155,6,250,-244
103900156,5,123,-118
103900157,9,153,-144
103900158,16,149,-133
103900159,29,52,-23
103900160,9,10,-1
103900161,33,132,-99
103900162,38,157,-119
103900163,8,286,-278
103900167,4,36,-32
103900168,27,98,-71
103900169,5,15,-10
103900170,2,90,-88
103900171,0,66,-66
103900172,6,20,-14
103900173,1,5,-4
103900174,26,27,-1
103900175,24,27,-3
103900176,17,11,6
103900177,13,33,-20
103900178,14,58,-44
103900179,5,127,-122
103900180,0,82,-82
103900181,29,31,-2
103900182,27,27,0
103900184,455,17,438
103900185,136,72,64
103900187,76,24,52
103900188,16,4,12
103900189,43,1,42
103900190,24,34,-10
103900191,11,27,-16
103900192,5,55,-50
103900193,114,106,8
103900194,29,299,-270
103900195,0,13,-13
103900196,8,8,0
103900197,5,31,-26
103900198,14,33,-19
103900199,59,102,-43
103900200,88,139,-51
103900201,54,147,-93
103900202,5,37,-32
103900203,14,13,1
103900204,0,94,-94
103900207,1,96,-95
103900208,21,1,20
103900209,3,87,-84
103900210,7,24,-17
103900211,211,558,-347
103900212,26,435,-409
103900213,121,208,-87
103900214,144,44,100
103900215,705,248,457
103900216,6,381,-375
103900217,224,61,163
103900218,1,134,-133
103900219,56,292,-236
103900233,35,0,35
103900235,29,14,15
103900236,29,0,29
103900242,8,8,0
103900243,6,4,2
103900244,20,243,-223
103900245,36,195,-159
103900246,28,22,6
103900247,17,104,-87
103900248,0,21,-21
103900249,7,18,-11
103900250,11,24,-13
103900251,1,22,-21
103900253,19,27,-8
103900254,1,6,-5
103900255,7,5,2
103900256,26,7,19
103900257,70,72,-2
103900258,29,2,27
103900259,84,2,82
103900261,1,2,-1
103900262,10,0,10
103900263,73,44,29
103900264,63,4,59
103900265,51,5,46
103900266,1,27,-26
103900267,2,49,-47
103900268,10,141,-131
103900269,44,31,13
103900270,10,113,-103
103900271,49,148,-99
103900272,50,64,-14
103900273,7,35,-28
103900274,15,7,8
103900275,34,2,32
103900276,3,100,-97
103900277,1,74,-73
103900278,1,35,-34
103900279,0,14,-14
103900280,2,153,-151
104000001,1334,1862,-528
104000002,1083,1915,-832
104000003,1814,1727,87
104000004,2665,1926,739
104000005,775,1479,-704
104000006,1828,2304,-476
104000007,2948,2977,-29
104000008,190,531,-341
104000009,71,119,-48
104000010,97,160,-63
104000011,598,448,150
104000012,116,441,-325
104000013,75,95,-20
104000014,150,705,-555
104000015,144,128,16
104000016,358,399,-41
104000018,421,110,311
104000019,333,117,216
104000020,173,873,-700
104000021,228,574,-346
104000022,94,307,-213
104000023,282,219,63
104000024,193,347,-154
104000026,32,263,-231
104000027,154,380,-226
104000028,190,208,-18
104000029,304,539,-235
104000030,129,240,-111
104000031,428,214,214
104000032,187,329,-142
104000033,308,260,48
104000034,209,454,-245
104000035,368,375,-7
104000036,308,556,-248
104000037,154,293,-139
104000038,170,211,-41
104000039,88,408,-320
104000040,413,390,23
104000041,324,220,104
104000042,144,392,-248
104000043,153,325,-172
104000044,154,731,-577
104000045,496,1053,-557
104000046,1103,1394,-291
104000047,432,1195,-763
104000048,839,1628,-789
104000049,316,268,48
104000050,115,396,-281
104000051,89,649,-560
104000052,634,1020,-386
104000053,464,658,-194
104000054,199,388,-189
104000055,3032,2315,717
104000056,1673,243,1430
104000057,170,619,-449
104000058,400,587,-187
104000059,330,942,-612
104000060,387,828,-441
104000061,671,1038,-367
104000062,218,255,-37
104000064,519,263,256
104000065,67,288,-221
104000069,1186,464,722
104000070,42,241,-199
104000071,191,353,-162
104000072,622,343,279
104000075,21,162,-141
104000076,333,32,301
104000082,1544,1678,-134
104000083,630,183,447
104000084,55,417,-362
104000085,214,207,7
104000086,145,353,-208
104000087,434,699,-265
104000090,369,1412,-1043
104000092,434,2264,-1830
104000094,570,1843,-1273
104000095,944,1156,-212
104000096,586,298,288
104000097,929,1024,-95
104000098,860,1201,-341
104000100,842,596,246
104000101,723,1958,-1235
104000106,149,501,-352
104000107,431,510,-79
104000108,270,494,-224
104000109,150,47,103
104000110,648,754,-106
104000111,4022,1135,2887
104000112,2076,421,1655
104000116,4,1033,-1029
104000117,56,805,-749
104000118,209,209,0
104000119,265,208,57
104000120,85,771,-686
104000121,131,533,-402
104000122,354,622,-268
104000123,786,1538,-752
104000124,1324,2538,-1214
104000125,3695,2087,1608
104000126,204,363,-159
104000127,1414,4124,-2710
104000128,707,469,238
104000129,357,29,328
104000130,8,223,-215
104000131,904,765,139
104000132,662,949,-287
104000133,892,605,287
104000134,577,1094,-517
104000135,311,593,-282
104000136,612,1523,-911
104000137,1439,245,1194
104000138,1091,326,765
104000139,7419,2708,4711
104000141,1183,1783,-600
104000142,517,1031,-514
104000143,419,841,-422
104000144,57,178,-121
104000145,306,134,172
104000146,398,612,-214
104000147,61,345,-284
104000148,133,129,4
104000149,176,387,-211
104000150,280,292,-12
104000151,200,604,-404
104000152,305,689,-384
104000153,161,275,-114
104000154,1045,627,418
104000155,152,445,-293
104000157,1026,1575,-549
104000158,134,169,-35
104000159,409,245,164
104000160,1237,984,253
104000161,133,121,12
104000162,21,68,-47
104000165,1221,779,442
104000167,313,385,-72
104000168,465,7,458
104000169,30,34,-4
104000170,675,195,480
104000248,175,659,-484
104000251,35,306,-271
104000272,0,0,0
104000273,0,0,0
104000274,0,0,0
104000275,0,0,0
104000279,574,438,136
104000290,30,301,-271
104000291,549,935,-386
104000293,469,502,-33
104000294,5,0,5
104000295,352,560,-208
104000296,177,595,-418
104000297,647,1114,-467
104000298,1480,685,795
104000299,388,1002,-614
104000302,122,107,15
104000303,186,140,46
104900001,53,373,-320
104900002,20,55,-35
104900003,13,251,-238
104900004,34,266,-232
104900005,104,131,-27
104900006,90,91,-1
104900007,115,198,-83
104900009,48,423,-375
104900010,18,5,13
104900011,5,0,5
104900012,112,11,101
104900013,22,2,20
104900014,2469,206,2263
104900015,84,1,83
104900016,57,282,-225
104900017,61,127,-66
104900018,0,148,-148
104900019,194,705,-511
104900020,25,213,-188
104900021,2,287,-285
104900022,10,135,-125
104900023,0,206,-206
104900024,5,109,-104
104900025,41,273,-232
104900026,3,138,-135
104900027,119,141,-22
104900028,16,72,-56
104900029,23,88,-65
104900030,149,96,53
104900031,132,188,-56
104900032,35,118,-83
104900033,80,120,-40
104900034,119,37,82
104900035,83,57,26
104900036,67,35,32
104900037,44,220,-176
104900038,356,172,184
104900039,735,109,626
104900040,91,52,39
104900041,97,92,5
104900042,54,294,-240
104900043,6,42,-36
104900044,185,94,91
104900045,170,32,138
104900046,34,97,-63
104900047,84,64,20
104900048,78,43,35
104900049,5,4,1
104900050,58,74,-16
104900051,88,20,68
104900052,10,0,10
104900053,149,17,132
104900054,48,21,27
104900055,33,0,33
104900056,79,6,73
104900057,14,1,13
104900058,237,93,144
104900059,22,37,-15
104900060,1,241,-240
104900061,182,461,-279
104900063,0,106,-106
104900064,1,83,-82
104900065,0,89,-89
104900066,2,117,-115
104900067,1,163,-162
104900068,4,217,-213
104900070,45,279,-234
104900071,1,584,-583
104900072,23,145,-122
104900073,26,210,-184
104900074,11,181,-170
104900075,17,51,-34
104900076,40,325,-285
104900077,890,70,820
104900078,101,721,-620
104900079,90,102,-12
104900080,22,413,-391
104900082,10,247,-237
104900085,1,169,-168
104900087,163,2,161
104900089,49,0,49
104900090,240,333,-93
104900091,312,660,-348
104900093,147,436,-289
104900097,2470,909,1561
104900098,13,33,-20
104900099,275,341,-66
104900100,532,110,422
104900102,12,189,-177
104900103,352,80,272
104900104,2821,618,2203
104900106,33,93,-60
104900107,20,281,-261
104900108,5,245,-240
104900109,39,90,-51
104900110,5,31,-26
104900111,67,67,0
104900112,133,751,-618
104900113,318,375,-57
104900114,155,605,-450
104900115,244,455,-211
104900116,64,314,-250
104900118,9,49,-40
104900119,1,29,-28
104900120,149,46,103
104900121,0,108,-108
104900122,2,84,-82
104900123,12,4,8
104900124,14,0,14
104900125,234,38,196
104900126,50,41,9
104900127,17,15,2
104900128,30,112,-82
104900129,1994,573,1421
105000001,1480,1429,51
105000002,1326,1455,-129
105000003,1744,3172,-1428
105000004,336,873,-537
105000005,352,881,-529
105000006,682,1176,-494
105000007,519,863,-344
105000008,462,1201,-739
105000009,854,1877,-1023
105000010,2411,1899,512
105000011,1233,1541,-308
105000012,2986,2782,204
105000013,469,743,-274
105000014,841,1385,-544
105000015,5101,3315,1786
105000016,2295,1290,1005
105000017,1223,769,454
105000018,958,683,275
105000019,1198,813,385
105000020,141,204,-63
105000021,234,92,142
105000022,94,19,75
105000023,253,197,56
105000028,43,148,-105
105000029,214,564,-350
105000030,2953,2998,-45
105000031,7,23,-16
105000033,855,1920,-1065
105000034,74,354,-280
105000037,428,335,93
105000038,876,819,57
105000039,2600,1490,1110
105000040,373,480,-107
105000041,440,1055,-615
105000042,1439,752,687
105000043,1577,1683,-106
105000044,165,232,-67
105000045,165,742,-577
105000046,399,285,114
105000047,309,1170,-861
105000048,316,115,201
105000049,192,528,-336
105000050,279,281,-2
105000051,137,427,-290
105000052,211,640,-429
105000053,87,123,-36
105000054,82,712,-630
105000055,225,305,-80
105000056,483,1815,-1332
105000057,752,821,-69
105000058,987,1174,-187
105000059,277,389,-112
105000060,276,441,-165
105000061,280,334,-54
105000062,511,946,-435
105000063,264,588,-324
105000064,489,409,80
105000065,301,906,-605
105000066,640,1624,-984
105000067,430,436,-6
105000068,328,769,-441
105000069,2170,517,1653
105000070,626,634,-8
105000071,129,331,-202
105000072,621,748,-127
105000073,424,349,75
105000074,646,806,-160
105000075,322,708,-386
105000076,908,797,111
105000077,1260,528,732
105000078,1196,805,391
105000079,1208,1364,-156
105000080,1070,624,446
105000081,686,477,209
105000082,307,246,61
105000083,525,383,142
105000084,318,953,-635
105000085,737,673,64
105000086,469,736,-267
105000087,1702,1450,252
105000088,1011,1014,-3
105000089,2509,1904,605
105000090,849,753,96
105000091,1597,1525,72
105000092,389,850,-461
105000093,277,141,136
105000094,214,173,41
105000095,33,313,-280
105000096,694,518,176
105000097,766,554,212
105000098,375,345,30
105000099,552,776,-224
105000100,491,1037,-546
105000101,1001,1560,-559
105000102,713,1217,-504
105000103,901,1652,-751
105000104,879,744,135
105000105,648,1358,-710
105000106,551,947,-396
105000107,517,619,-102
105000108,555,1347,-792
105000109,599,1150,-551
105000110,352,628,-276
105000111,372,429,-57
105000112,700,734,-34
105000113,313,394,-81
105000114,2748,666,2082
105000115,192,515,-323
105000116,379,378,1
105000117,561,1240,-679
105000118,135,246,-111
105000119,317,1040,-723
105000120,307,423,-116
105000121,442,942,-500
105000122,155,285,-130
105000123,745,1155,-410
105000124,828,828,0
105000125,477,1416,-939
105000126,1181,1682,-501
105000127,1368,1436,-68
105000128,225,1118,-893
105000129,448,280,168
105000130,71,606,-535
105000131,314,298,16
105000132,405,301,104
105000133,229,815,-586
105000134,173,444,-271
105000135,241,534,-293
105000136,93,291,-198
105000137,262,195,67
105000138,217,319,-102
105000139,585,885,-300
105000140,124,412,-288
105000141,131,531,-400
105000142,52,388,-336
105000143,139,527,-388
105000144,212,545,-333
105000145,339,382,-43
105000146,347,543,-196
105000147,306,274,32
105000148,817,507,310
105000149,1217,1164,53
105000150,1853,968,885
105000151,200,230,-30
105000152,128,557,-429
105000153,336,322,14
105000154,689,666,23
105000155,176,345,-169
105000156,642,676,-34
105000157,819,1485,-666
105000158,1179,574,605
105000159,302,1026,-724
105000160,929,450,479
105000161,456,1596,-1140
105000162,289,951,-662
105000163,871,1049,-178
105000164,161,242,-81
105000165,1068,2472,-1404
105000166,6173,257,5916
105000167,2038,763,1275
105000168,154,761,-607
105000169,192,380,-188
105000170,87,925,-838
105000171,720,200,520
105000172,34,32,2
105000173,25,23,2
105000174,16,39,-23
105000175,89,118,-29
105000176,45,51,-6
105000177,74,95,-21
105000178,110,496,-386
105000179,83,81,2
105000180,72,103,-31
105000181,28,358,-330
105000182,31,73,-42
105000183,1813,907,906
105000184,1081,645,436
105000185,879,493,386
105000186,413,798,-385
105000187,431,198,233
105000188,98,82,16
105000189,137,493,-356
105000190,116,272,-156
105000191,249,401,-152
105000192,75,66,9
105000193,46,84,-38
105000194,201,67,134
105000195,142,820,-678
105000196,26,74,-48
105000197,191,535,-344
105000198,463,166,297
105000199,173,127,46
105000200,86,144,-58
105000201,42,14,28
105000203,11,248,-237
105000204,35,85,-50
105000205,55,167,-112
105000207,543,178,365
105000208,194,220,-26
105000209,147,343,-196
105000211,56,16,40
105000212,660,1039,-379
105000213,155,115,40
105000214,65,160,-95
105000215,117,223,-106
105000216,33,319,-286
105000217,94,309,-215
105000218,382,823,-441
105000221,90,229,-139
105000222,57,47,10
105000223,59,143,-84
105000226,11,306,-295
105000227,23,152,-129
105000228,176,521,-345
105000229,64,203,-139
105000231,108,179,-71
105000233,411,452,-41
105000234,361,1013,-652
105000235,197,307,-110
105000237,381,40,341
105000243,18,31,-13
105000248,27,48,-21
105000262,125,1405,-1280
105000269,59,159,-100
105000270,140,76,64
105000271,1,237,-236
105000282,96,34,62
105000287,208,92,116
105000288,259,328,-69
105000289,483,551,-68
105000290,7,1,6
105000402,3728,990,2738
105000426,254,392,-138
105000438,331,407,-76
105000440,0,40,-40
105000446,9285,3408,5877
105000447,5341,2071,3270
105000454,103,777,-674
105000455,206,229,-23
105000474,5,1,4
105000477,131,258,-127
105000478,788,1412,-624
105000479,61,101,-40
105000480,1029,1301,-272
105000481,1422,1556,-134
105000482,3146,2089,1057
105000483,791,936,-145
105000484,1890,2040,-150
105000485,635,938,-303
105000486,2323,1825,498
105000488,1913,1887,26
105000489,431,546,-115
105000549,21,101,-80
105000550,373,872,-499
105000551,17,75,-58
105000552,2601,1455,1146
105000555,566,520,46
105000556,46,36,10
105000557,41,240,-199
105900001,5,773,-768
105900002,1310,233,1077
105900003,9,98,-89
105900004,199,93,106
105900005,3,134,-131
105900006,3,25,-22
105900007,19,15,4
105900008,36,683,-647
105900009,4,9,-5
105900011,58,37,21
105900012,245,138,107
105900013,2,14,-12
105900014,3,91,-88
105900015,63,222,-159
105900016,135,639,-504
105900017,452,20,432
105900018,171,235,-64
105900019,71,459,-388
105900020,14,46,-32
105900021,11,203,-192
105900022,107,223,-116
105900023,0,83,-83
105900024,5,83,-78
105900025,35,24,11
105900026,145,13,132
105900027,3539,1793,1746
105900028,32,95,-63
105900029,1420,220,1200
105900030,108,180,-72
105900031,291,125,166
105900032,29,109,-80
105900033,43,91,-48
105900034,57,201,-144
105900035,71,97,-26
105900036,47,101,-54
105900037,61,84,-23
105900038,78,200,-122
105900039,33,143,-110
105900040,45,69,-24
105900041,141,263,-122
105900042,23,84,-61
105900043,1270,37,1233
105900044,2,94,-92
105900045,1,317,-316
105900046,2,115,-113
105900047,4,25,-21
105900048,20,331,-311
105900050,1106,235,871
105900051,4,993,-989
105900052,143,40,103
105900053,2779,901,1878
105900054,187,178,9
105900056,753,138,615
105900057,10,98,-88
105900058,4,31,-27
105900059,0,33,-33
106000001,3168,907,2261
106000002,2224,2834,-610
106000003,2180,1717,463
106000004,1882,1683,199
106000005,1512,3715,-2203
106000006,4176,3547,629
106000007,367,351,16
106000008,346,221,125
106000009,328,269,59
106000010,323,519,-196
106000011,445,718,-273
106000012,419,1275,-856
106000013,1044,1416,-372
106000014,1459,1588,-129
106000015,770,845,-75
106000016,834,2049,-1215
106000017,529,549,-20
106000018,470,528,-58
106000019,202,357,-155
106000020,205,439,-234
106000021,183,379,-196
106000022,222,352,-130
106000023,317,358,-41
106000024,353,668,-315
106000025,71,156,-85
106000026,137,354,-217
106000027,535,988,-453
106000028,358,708,-350
106000029,639,1299,-660
106000030,691,243,448
106000034,101,453,-352
106000035,628,707,-79
106000036,268,281,-13
106000037,1280,1254,26
106000038,396,55,341
106000039,109,35,74
106000040,119,508,-389
106000041,682,169,513
106000043,398,60,338
106000046,220,19,201
106000047,15,310,-295
106000049,329,72,257
106000050,217,650,-433
106000051,261,248,13
106000052,37,510,-473
106000053,93,88,5
106000054,242,353,-111
106000055,371,563,-192
106000056,224,428,-204
106000057,108,157,-49
106000058,113,163,-50
106000059,141,202,-61
106000060,359,508,-149
106000061,117,276,-159
106000062,127,546,-419
106000063,346,299,47
106000064,17,306,-289
106000065,147,143,4
106000066,53,286,-233
106000067,109,71,38
106000068,39,507,-468
106000069,75,74,1
106000070,217,648,-431
106000071,433,249,184
106000072,3595,1047,2548
106000073,1463,1546,-83
106000074,222,504,-282
106000075,183,770,-587
106000076,970,1155,-185
106000077,1988,950,1038
106000078,422,764,-342
106000079,401,864,-463
106000080,661,781,-120
106000081,327,787,-460
106000082,1563,772,791
106000083,244,916,-672
106000084,658,480,178
106000085,1088,864,224
106000086,479,480,-1
106000087,624,415,209
106000088,257,621,-364
106000089,468,404,64
106000090,197,491,-294
106000091,181,494,-313
106000092,401,198,203
106000093,175,44,131
106000094,82,300,-218
106000095,301,1080,-779
106000096,444,603,-159
106000097,434,1283,-849
106000098,254,826,-572
106000099,110,705,-595
106000100,436,267,169
106000101,332,242,90
106000102,81,409,-328
106000103,191,582,-391
106000104,371,355,16
106000105,247,858,-611
106000106,263,398,-135
106000107,72,526,-454
106000108,111,314,-203
106000109,68,445,-377
106000110,87,277,-190
106000111,102,648,-546
106000112,91,313,-222
106000113,896,570,326
106000114,311,254,57
106000115,110,460,-350
106000116,94,210,-116
106000117,703,694,9
106000118,623,738,-115
106000119,1949,791,1158
106000120,633,582,51
106000121,59,124,-65
106000122,29,298,-269
106000123,148,251,-103
106000124,28,295,-267
106000125,34,325,-291
106000126,62,211,-149
106000127,317,777,-460
106000128,300,366,-66
106000129,237,566,-329
106000130,309,371,-62
106000131,81,524,-443
106000132,761,110,651
106000133,3241,714,2527
106000134,619,465,154
106000135,235,801,-566
106000136,367,312,55
106000137,33,1268,-1235
106000138,345,41,304
106000139,17,127,-110
106000140,12,108,-96
106000141,27,132,-105
106000142,30,70,-40
106000143,15,131,-116
106000144,29,78,-49
106000145,122,327,-205
106000146,176,157,19
106000147,376,594,-218
106000148,781,721,60
106000149,335,416,-81
106000150,322,1381,-1059
106000151,3946,660,3286
106000152,1196,801,395
106000153,61,1004,-943
106000154,1224,191,1033
106000155,35,127,-92
106000156,376,213,163
106000157,307,1209,-902
106000158,2453,558,1895
106000159,3738,908,2830
106000160,121,1256,-1135
106000161,892,367,525
106000162,58,507,-449
106000163,108,435,-327
106000164,144,314,-170
106000165,126,569,-443
106000166,226,178,48
106000167,211,1313,-1102
106000168,79,178,-99
106000169,86,738,-652
106000170,216,213,3
106000171,54,629,-575
106000172,1726,562,1164
106000173,567,1832,-1265
106000174,775,253,522
106000175,189,794,-605
106000176,636,428,208
106000177,381,1742,-1361
106000178,1801,966,835
106000179,810,1590,-780
106000180,634,1427,-793
106000181,279,1620,-1341
106000182,402,479,-77
106000183,390,839,-449
106000184,331,879,-548
106000185,262,767,-505
106000186,580,122,458
106000187,132,610,-478
106000188,0,0,0
106000189,1,34,-33
106000190,1,0,1
106000191,304,119,185
106000192,0,16,-16
106000193,165,73,92
106000194,84,251,-167
106000195,172,51,121
106000196,35,237,-202
106000197,128,187,-59
106000198,62,238,-176
106000199,659,292,367
106000200,312,123,189
106000201,425,696,-271
106000202,5111,440,4671
106000203,163,171,-8
106000204,32,3,29
106000205,14,135,-121
106000206,28,12,16
106000207,52,699,-647
106000208,316,55,261
106000209,725,152,573
106000210,207,1067,-860
106000211,306,1448,-1142
106000212,325,98,227
106000213,628,982,-354
106000214,2044,394,1650
106000215,154,401,-247
106000216,174,251,-77
106000217,200,405,-205
106000218,325,251,74
106000219,65,240,-175
106000220,273,221,52
106000221,65,222,-157
106000222,17,130,-113
106000223,41,60,-19
106000224,60,321,-261
106000225,37,46,-9
106000226,96,238,-142
106000228,15,97,-82
106000229,47,666,-619
106000231,279,72,207
106000232,55,399,-344
106000233,190,104,86
106000234,30,173,-143
106000235,84,37,47
106000236,56,46,10
106000237,0,2,-2
106000238,4,5,-1
106000239,5,41,-36
106000240,17,7,10
106000241,10,600,-590
106000242,121,11,110
106000249,38,67,-29
106000250,26,366,-340
106000251,24,17,7
106000252,9,58,-49
106000253,9,22,-13
106000254,30,56,-26
106000255,10,39,-29
106000256,55,123,-68
106000257,74,231,-157
106000258,71,24,47
106000259,0,21,-21
106000260,5,9,-4
106000261,0,41,-41
106000262,14,25,-11
106000263,0,59,-59
106000264,178,7,171
106000265,8,90,-82
106000266,102,4,98
106000267,8,86,-78
106000268,352,7,345
106000269,49,42,7
106000270,129,291,-162
106000271,43,153,-110
106000272,80,33,47
106000273,4,146,-142
106000274,152,33,119
106000275,70,112,-42
106000276,95,55,40
106000277,93,116,-23
106000278,123,32,91
106000279,16,59,-43
106000280,39,123,-84
106000281,57,65,-8
106000282,60,47,13
106000283,52,73,-21
106000284,28,79,-51
106000285,80,113,-33
106000286,41,170,-129
106000287,73,87,-14
106000288,76,133,-57
106000289,32,60,-28
106000290,51,81,-30
106000291,42,74,-32
106000292,50,112,-62
106000293,72,56,16
106000294,87,104,-17
106000295,14,39,-25
106000296,39,84,-45
106000297,48,157,-109
106000298,120,26,94
106000299,39,95,-56
106000300,66,78,-12
106000301,44,72,-28
106000303,4,22,-18
106000304,49,28,21
106000305,10,20,-10
106000306,41,74,-33
106000307,14,6,8
106000308,22,98,-76
106000309,12,47,-35
106000310,112,505,-393
106000311,186,92,94
106000312,54,138,-84
106000313,79,212,-133
106000318,124,156,-32
106000319,297,26,271
106000320,3,38,-35
106000321,161,53,108
106000322,54,176,-122
106000324,13,132,-119
106000325,665,712,-47
106000326,586,1569,-983
106000327,68,92,-24
106000328,4,63,-59
106000329,31,224,-193
106000330,11,39,-28
106000428,30,159,-129
106000429,81,477,-396
106000430,202,1278,-1076
106000431,689,251,438
106000432,1157,2074,-917
106000433,983,623,360
106000434,1883,606,1277
106000435,1553,1985,-432
106000436,9,244,-235
106000437,73,30,43
106000438,84,63,21
106000439,23,503,-480
106000440,157,388,-231
106000441,1,0,1
106000442,107,6,101
106000443,62,537,-475
106000450,6,149,-143
106000451,20,9,11
106000454,4,58,-54
106000455,9,144,-135
106000456,102,8,94
106000457,3,993,-990
106000458,149,129,20
106000459,33,367,-334
106000460,317,21,296
106000461,25,1624,-1599
106000462,0,15,-15
106000463,2,20,-18
106000464,4,459,-455
106000465,136,3,133
106000466,2,593,-591
106000467,435,382,53
106000468,15,177,-162
106000469,164,3,161
106000470,195,929,-734
106000471,12,470,-458
106000472,42,13,29
106000473,8,18,-10
106000474,235,713,-478
106000475,204,135,69
106000476,142,143,-1
106000477,26,146,-120
106000480,0,57,-57
106900001,0,8,-8
106900002,5,538,-533
106900003,206,541,-335
106900004,0,62,-62
106900006,0,19,-19
106900007,0,17,-17
106900008,64,207,-143
106900009,77,364,-287
106900010,91,277,-186
106900012,1569,725,844
106900013,187,35,152
106900014,15,3,12
106900015,7,0,7
106900016,45,0,45
106900017,6,0,6
106900018,1,0,1
106900019,14,0,14
106900020,2169,487,1682
106900021,5,54,-49
106900022,109,0,109
106900023,3,211,-208
106900024,144,4,140
106900025,36,549,-513
106900026,1,771,-770
106900027,162,4,158
107000001,1280,1032,248
107000002,2139,2794,-655
107000003,2206,3013,-807
107000004,3494,4590,-1096
107000005,1271,2296,-1025
107000006,2232,5088,-2856
107000007,3206,3669,-463
107000008,14842,8743,6099
107000009,3113,3122,-9
107000010,8115,9721,-1606
107000011,977,960,17
107000012,3285,3047,238
107000013,37,130,-93
107000014,16,197,-181
107000015,300,787,-487
107000016,243,987,-744
107000017,1315,612,703
107000018,2,185,-183
107000020,721,240,481
107000021,594,659,-65
107000022,455,1079,-624
107000023,881,223,658
107000024,260,1673,-1413
107000025,74,259,-185
107000026,112,615,-503
107000027,774,544,230
107000028,886,1237,-351
107000029,1044,1154,-110
107000030,2571,2649,-78
107000031,1684,1116,568
107000032,148,702,-554
107000033,2519,2621,-102
107000034,3532,1507,2025
107000035,206,120,86
107000036,279,654,-375
107000037,74,448,-374
107000038,156,210,-54
107000039,304,383,-79
107000040,96,278,-182
107000041,771,389,382
107000042,452,1140,-688
107000043,2057,574,1483
107000044,480,342,138
107000045,65,276,-211
107000046,259,259,0
107000047,229,724,-495
107000048,242,212,30
107000049,247,627,-380
107000050,429,426,3
107000051,327,224,103
107000052,669,499,170
107000053,220,117,103
107000054,33,241,-208
107000055,258,104,154
107000056,421,708,-287
107000057,1557,213,1344
107000058,1155,1325,-170
107000059,1637,2241,-604
107000060,2057,3003,-946
107000061,3878,2860,1018
107000062,1503,1904,-401
107000063,2692,4732,-2040
107000064,1665,1280,385
107000065,2196,4434,-2238
107000066,1044,1364,-320
107000067,438,657,-219
107000068,947,436,511
107000069,283,245,38
107000070,304,64,240
107000071,858,11,847
107000072,37,3012,-2975
107000073,250,100,150
107000074,102,723,-621
107000075,559,218,341
107000076,553,1431,-878
107000077,1278,367,911
107000078,1292,2672,-1380
107000079,1020,346,674
107000080,852,2590,-1738
107000081,563,287,276
107000082,336,2412,-2076
107000083,444,184,260
107000084,284,2035,-1751
107000085,2091,2263,-172
107000086,3111,2030,1081
107000087,1711,1354,357
107000088,1868,2426,-558
107000089,782,1225,-443
107000090,549,980,-431
107000091,689,778,-89
107000092,467,977,-510
107000093,657,648,9
107000094,705,1165,-460
107000095,247,425,-178
107000096,386,742,-356
107000097,275,267,8
107000098,248,644,-396
107000099,228,178,50
107000100,176,259,-83
107000101,34,121,-87
107000102,207,269,-62
107000103,185,143,42
107000104,152,308,-156
107000105,194,80,114
107000106,87,278,-191
107000107,197,148,49
107000108,81,754,-673
107000109,284,104,180
107000110,67,397,-330
107000111,91,30,61
107000112,16,296,-280
107000113,209,104,105
107000114,67,534,-467
107000115,195,76,119
107000116,36,845,-809
107000117,69,167,-98
107000118,124,236,-112
107000119,1307,696,611
107000120,1884,244,1640
107000121,299,523,-224
107000122,745,650,95
107000123,166,698,-532
107000124,279,731,-452
107000125,323,692,-369
107000126,411,989,-578
107000129,77,893,-816
107000130,148,148,0
107000131,145,557,-412
107000132,216,261,-45
107000133,543,90,453
107000134,150,2,148
107000135,4,136,-132
107000136,422,5,417
107000137,13,281,-268
107000138,259,9,250
107000139,4,190,-186
107000140,428,30,398
107000141,96,677,-581
107000142,171,37,134
107000143,39,777,-738
107000144,168,225,-57
107000145,102,471,-369
107000146,132,115,17
107000147,3499,857,2642
107000150,623,852,-229
107000151,18,23,-5
107000152,404,358,46
107000153,285,200,85
107000154,149,79,70
107000155,260,8,252
107000156,427,16,411
107000157,22,2089,-2067
107000158,301,12,289
107000159,31,1281,-1250
107000160,296,56,240
107000161,57,1633,-1576
107000162,70,134,-64
107000163,14,0,14
107000164,72,0,72
107000165,221,2,219
107000166,58,1156,-1098
107000167,209,217,-8
107000168,385,182,203
107000169,786,851,-65
107000170,543,308,235
107000171,385,2467,-2082
107000172,440,425,15
107000173,564,970,-406
107000174,640,1170,-530
107000175,8493,1252,7241
107000176,0,0,0
107000177,0,0,0
107000178,5,49,-44
107000179,148,2870,-2722
107000180,435,244,191
107000181,187,1200,-1013
107000182,579,628,-49
107000183,47,832,-785
107000184,338,663,-325
107000185,156,1008,-852
107000186,256,221,35
107000187,665,867,-202
107000188,326,247,79
107000189,251,595,-344
107000190,254,506,-252
107000191,405,898,-493
107000192,833,772,61
107000193,271,257,14
107000194,754,493,261
107000197,287,191,96
107000198,147,608,-461
107000199,405,614,-209
107000200,752,366,386
107000201,257,240,17
107000202,177,327,-150
107000203,443,394,49
107000204,399,554,-155
107000205,1856,869,987
107000206,529,663,-134
107000207,588,658,-70
107000208,977,233,744
107000209,1666,388,1278
107000210,1069,194,875
107000211,1,21,-20
107000212,4,163,-159
107000213,18,17,1
107000214,4,89,-85
107000215,175,384,-209
107000216,98,344,-246
107000217,51,85,-34
107000219,35,119,-84
107000220,58,244,-186
107000222,184,517,-333
107000224,127,30,97
107000225,114,516,-402
107000226,123,43,80
107000227,62,422,-360
107000228,76,107,-31
107000229,162,64,98
107000230,709,483,226
107000231,620,278,342
107000232,43,66,-23
107000233,467,240,227
107000234,1,13,-12
107000235,56,11,45
107000236,21,267,-246
107000237,2,1,1
107000238,7,1,6
107000239,4227,271,3956
107000240,42,895,-853
107000243,0,28,-28
107000244,6,80,-74
107000246,6,907,-901
107000249,1,751,-750
107000251,1,248,-247
107000252,2,1098,-1096
107000255,520,66,454
107000257,3,559,-556
107000258,1,119,-118
107000259,0,226,-226
107000260,159,3,156
107000262,9,855,-846
107000263,98,3,95
107000266,0,2,-2
107000267,44,145,-101
107000268,154,163,-9
107000269,105,14,91
107000270,1,2,-1
107000271,6,859,-853
107000272,5,176,-171
107000273,3,218,-215
107000274,252,16,236
107000275,99,558,-459
107000280,210,15,195
107000281,16,958,-942
107000282,10,1287,-1277
107000290,0,38,-38
107000291,5,5,0
107000292,1,49,-48
107000293,22,2,20
107000294,0,27,-27
107000295,26,0,26
107000296,0,4,-4
107000444,92,6,86
107000496,0,6,-6
107000497,872,2719,-1847
107000500,201,298,-97
107000501,49,166,-117
107000502,112,288,-176
107000505,452,658,-206
107000506,0,24,-24
107000508,6,600,-594
107000509,206,503,-297
107000510,11,13,-2
107000514,38,246,-208
107000515,12,273,-261
107000516,91,93,-2
107000518,384,276,108
107000519,2955,887,2068
107000520,25,5,20
107000521,238,425,-187
107000522,324,608,-284
107900001,16,257,-241
107900002,22,1,21
107900003,49,4,45
107900004,4,0,4
107900005,254,1,253
107900006,25,0,25
107900007,68,22,46
107900008,15,28,-13
107900009,60,5,55
107900010,3,0,3
107900012,110,10,100
107900013,140,35,105
107900014,3,0,3
107900015,150,1,149
107900016,387,63,324
107900017,1,2,-1
107900018,10,17,-7
107900019,6,55,-49
107900020,39,9,30
107900021,16,145,-129
107900023,0,1,-1
107900024,0,21,-21
107900025,174,261,-87
107900026,8,87,-79
107900027,9,59,-50
107900028,7,78,-71
107900030,86,5,81
107900031,26,207,-181
107900032,0,1,-1
107900033,6,2,4
107900034,131,2,129
107900035,255,8,247
107900036,20,1,19
107900037,0,35,-35
107900038,104,52,52
107900039,4,56,-52
107900040,11,52,-41
107900041,1,1,0
107900043,15,101,-86
107900044,1,1,0
107900045,17,7,10
107900046,36,19,17
107900047,4,64,-60
107900048,46,8,38
107900049,188,194,-6
107900050,60,264,-204
107900051,35,75,-40
107900052,1,4,-3
107900053,12,59,-47
107900055,190,102,88
107900056,28,6,22
107900057,0,0,0
107900058,14,562,-548
107900060,5,33,-28
107900061,17,3,14
107900063,42,90,-48
107900064,164,26,138
107900065,65,7,58
107900066,5,5,0
107900067,0,0,0
107900068,95,251,-156
107900069,13,397,-384
107900070,20,9,11
107900071,7,703,-696
107900072,40,180,-140
107900073,17,84,-67
107900074,878,91,787
107900076,84,45,39
107900077,12,0,12
107900079,3,3,0
107900080,62,131,-69
107900081,10,50,-40
107900082,15,8,7
107900083,99,56,43
107900084,36,48,-12
107900086,32,63,-31
107900087,200,35,165
107900088,8,4,4
107900089,159,645,-486
107900090,294,464,-170
107900091,84,314,-230
107900093,21,40,-19
107900095,1979,667,1312
107900097,13,29,-16
107900098,18,100,-82
107900100,722,376,346
107900101,798,76,722
107900102,20,1,19
107900103,26,142,-116
107900104,56,3,53
107900105,2,426,-424
107900106,4,1233,-1229
107900107,831,99,732
107900108,176,39,137
107900109,332,16,316
107900110,2,81,-79
107900111,14,1065,-1051
107900112,113,134,-21
107900113,55,72,-17
107900114,59,175,-116
107900115,1,41,-40
107900116,73,202,-129
107900117,132,246,-114
107900118,44,103,-59
107900119,21,36,-15
107900120,31,9,22
107900121,0,96,-96
107900122,0,44,-44
107900123,2,18,-16
107900124,3,33,-30
107900125,23,127,-104
107900126,3,21,-18
107900127,285,56,229
107900128,77,29,48
107900129,9,30,-21
107900130,14,5,9
107900131,210,20,190
107900132,55,313,-258
107900133,0,42,-42
107900134,15,12,3
107900135,1,142,-141
107900136,35,10,25
107900137,36,41,-5
107900138,12,19,-7
107900139,9,12,-3
107900141,21,6,15
107900142,29,795,-766
107900143,16,34,-18
107900144,0,117,-117
107900145,8,82,-74
107900146,20,60,-40
107900147,18,12,6
107900148,58,78,-20
107900149,1130,93,1037
107900150,58,480,-422
107900151,5,77,-72
107900152,7,183,-176
107900153,101,117,-16
107900154,19,8,11
107900155,19,12,7
107900156,0,351,-351
107900157,22,62,-40
107900158,120,4,116
107900159,31,732,-701
107900160,16,120,-104
107900161,9,222,-213
107900162,0,43,-43
107900163,30,15,15
107900164,7,8,-1
107900165,12,36,-24
107900166,4,222,-218
107900167,6,2,4
107900168,12,48,-36
107900169,0,150,-150
107900171,11,1353,-1342
107900172,0,251,-251
107900173,8,135,-127
107900174,17,5,12
107900175,3,7,-4
107900176,14,26,-12
107900177,0,23,-23
107900178,0,175,-175
107900179,2,89,-87
107900180,698,157,541
107900181,209,352,-143
107900182,1,1238,-1237
107900183,9,272,-263
107900184,47,231,-184
107900185,28,1,27
107900186,5,18,-13
107900187,0,74,-74
107900188,641,66,575
107900189,2,107,-105
107900190,102,32,70
107900191,21,122,-101
107900193,6,16,-10
107900194,107,0,107
107900195,3388,279,3109
107900196,23,52,-29
107900197,278,50,228
107900199,3,1129,-1126
107900201,28,121,-93
107900203,32,35,-3
107900204,138,154,-16
107900206,104,137,-33
107900207,3,621,-618
107900208,4,710,-706
107900209,230,92,138
107900210,44,75,-31
107900213,135,214,-79
107900214,7,126,-119
107900215,119,187,-68
107900216,63,40,23
107900217,9,36,-27
107900218,8,1408,-1400
107900219,12,103,-91
107900220,91,89,2
107900221,126,208,-82
107900223,29,488,-459
107900224,102,219,-117
107900225,1,659,-658
107900226,55,116,-61
107900227,62,343,-281
107900228,2,92,-90
107900229,4,262,-258
107900230,7,110,-103
107900231,5,137,-132
107900232,16,172,-156
107900233,6,142,-136
107900234,30,127,-97
107900235,14,68,-54
107900236,37,79,-42
107900237,81,359,-278
107900238,9,106,-97
107900239,992,256,736
107900240,2,143,-141
107900241,8,55,-47
107900242,17,322,-305
107900243,5,44,-39
107900244,130,8,122
107900245,92,15,77
107900246,30,1,29
107900248,100,415,-315
107900249,169,3,166
107900250,1,392,-391
107900251,25,891,-866
107900252,231,2,229
107900253,46,0,46
107900254,40,70,-30
107900255,311,40,271
107900256,197,352,-155
107900257,29,25,4
107900258,43,187,-144
107900259,61,394,-333
107900261,1,366,-365
107900262,14,78,-64
107900264,49,2,47
107900265,34,163,-129
107900267,42,10,32
107900268,31,11,20
107900269,1,5,-4
107900270,0,0,0
107900271,0,2,-2
107900272,97,3,94
107900273,13,57,-44
107900274,10,0,10
107900275,3,0,3
107900276,1,41,-40
107900277,1,175,-174
107900278,67,269,-202
107900279,122,39,83
107900280,1540,752,788
107900281,2438,549,1889
107900282,28,85,-57
107900283,935,255,680
107900284,85,683,-598
107900285,24,105,-81
107900286,106,49,57
107900287,97,90,7
107900290,0,28,-28
107900291,177,1,176
107900292,66,208,-142
107900293,23,440,-417
107900295,20,112,-92
107900297,0,239,-239
107900298,551,605,-54
107900299,3039,840,2199
107900301,203,161,42
107900302,51,11,40
107900303,30,237,-207
107900304,54,414,-360
107900305,83,9,74
107900306,5,7,-2
107900307,18,267,-249
107900308,92,21,71
107900309,8,0,8
107900310,1,0,1
107900311,103,70,33
107900312,0,0,0
107900313,2,54,-52
107900314,2,43,-41
107900315,0,20,-20
107900316,10,0,10
107900317,32,1,31
107900318,8,86,-78
107900319,1,154,-153
107900320,4,105,-101
107900321,27,4,23
107900322,2,163,-161
107900323,7,90,-83
107900324,77,3,74
107900325,27,0,27
107900326,95,306,-211
107900327,0,1,-1
107900328,0,0,0
107900329,0,0,0
107900330,5,375,-370
107900331,41,28,13
107900332,73,39,34
107900333,29,8,21
107900334,5,175,-170
107900335,33,57,-24
107900336,8,20,-12
107900337,907,291,616
107900338,3,66,-63
107900339,0,9,-9
107900340,0,35,-35
107900341,10,0,10
107900342,47,81,-34
107900343,12,1,11
107900344,5,87,-82
107900345,29,15,14
107900346,17,1,16
107900347,17,4,13
107900348,0,0,0
107900349,8,0,8
107900350,20,196,-176
107900351,11,146,-135
107900352,0,47,-47
107900353,4,5,-1
107900354,5,52,-47
108000001,1674,1962,-288
108000002,1969,2837,-868
108000003,1828,1229,599
108000004,13202,12491,711
108000005,2831,2028,803
108000006,3868,4740,-872
108000007,2655,2169,486
108000008,3430,4613,-1183
108000009,1564,1993,-429
108000010,1827,4048,-2221
108000011,6408,5084,1324
108000012,13723,12554,1169
108000014,681,373,308
108000015,304,275,29
108000016,152,646,-494
108000017,377,304,73
108000018,712,293,419
108000019,860,370,490
108000020,761,276,485
108000021,316,1250,-934
108000022,342,1073,-731
108000023,556,74,482
108000024,107,609,-502
108000025,126,150,-24
108000026,235,524,-289
108000027,291,605,-314
108000028,167,236,-69
108000029,129,802,-673
108000030,209,126,83
108000031,170,477,-307
108000032,579,306,273
108000033,330,1026,-696
108000034,849,267,582
108000035,613,2095,-1482
108000036,248,1144,-896
108000037,889,222,667
108000038,1014,289,725
108000039,287,2002,-1715
108000040,725,518,207
108000041,541,2232,-1691
108000042,75,203,-128
108000043,102,211,-109
108000044,133,115,18
108000045,99,635,-536
108000046,560,157,403
108000047,214,986,-772
108000048,92,355,-263
108000049,295,107,188
108000050,126,635,-509
108000051,131,65,66
108000052,232,634,-402
108000053,130,67,63
108000054,374,799,-425
108000055,581,241,340
108000056,921,876,45
108000057,361,505,-144
108000058,1468,1700,-232
108000059,2988,1363,1625
108000060,105,312,-207
108000061,225,482,-257
108000062,275,231,44
108000063,265,521,-256
108000064,78,202,-124
108000065,308,528,-220
108000066,1112,591,521
108000067,813,236,577
108000068,345,321,24
108000069,129,1057,-928
108000070,630,483,147
108000071,328,1665,-1337
108000072,689,590,99
108000073,1044,1669,-625
108000074,181,224,-43
108000075,232,778,-546
108000076,307,271,36
108000077,593,683,-90
108000078,881,784,97
108000079,850,1549,-699
108000080,351,325,26
108000081,305,2301,-1996
108000082,682,1241,-559
108000083,808,513,295
108000084,271,1010,-739
108000085,236,163,73
108000086,832,670,162
108000087,142,871,-729
108000088,314,108,206
108000089,144,171,-27
108000091,84,401,-317
108000092,44,69,-25
108000093,64,596,-532
108000094,249,101,148
108000095,55,338,-283
108000096,119,103,16
108000097,72,421,-349
108000098,498,983,-485
108000099,443,266,177
108000100,41,246,-205
108000101,417,462,-45
108000102,701,1173,-472
108000106,511,4,507
108000107,1,488,-487
108000108,370,24,346
108000109,3,617,-614
108000110,82,158,-76
108000111,110,488,-378
108000112,42,95,-53
108000113,472,254,218
108000115,370,269,101
108000117,544,194,350
108000118,290,494,-204
108000119,709,406,303
108000120,51,347,-296
108000121,176,458,-282
108000122,129,225,-96
108000123,245,209,36
108000124,151,480,-329
108000125,83,345,-262
108000126,51,539,-488
108000127,147,381,-234
108000128,219,693,-474
108000129,109,1481,-1372
108000130,90,291,-201
108000131,454,144,310
108000132,1219,1075,144
108000133,350,254,96
108000134,486,635,-149
108000135,345,199,146
108000136,618,887,-269
108000137,109,377,-268
108000138,163,917,-754
108000139,90,330,-240
108000140,22,24,-2
108000141,13,127,-114
108000142,18,90,-72
108000143,14,547,-533
108000144,86,57,29
108000145,12,25,-13
108000146,149,37,112
108000147,8,38,-30
108000148,81,28,53
108000149,20,21,-1
108000150,4,5,-1
108000151,169,38,131
108000152,53,464,-411
108000153,93,73,20
108000154,22,9,13
108000155,12,3,9
108000156,648,358,290
108000157,48,297,-249
108000158,61,321,-260
108000159,558,106,452
108000160,4107,520,3587
108000161,3360,809,2551
108000165,2,88,-86
108000172,4,107,-103
108000173,2445,703,1742
108000175,182,71,111
108000178,283,264,19
108000179,148,400,-252
108000181,42,31,11
108000182,309,59,250
108000183,45,317,-272
108000184,936,829,107
108000185,61,550,-489
108000186,88,443,-355
108000187,22,701,-679
108000188,124,188,-64
108000189,1360,1835,-475
108000190,25,86,-61
108000192,36,567,-531
108000193,516,20,496
108000194,32,9,23
108000195,5,929,-924
108000196,51,84,-33
108000198,302,337,-35
108000199,1,138,-137
108000200,91,512,-421
108000203,24,822,-798
108000204,55,23,32
108000205,377,433,-56
108000339,1008,235,773
108000364,374,295,79
108000365,36,312,-276
108000367,88,237,-149
108000368,5,16,-11
108000369,1022,58,964
108000371,9,562,-553
108000372,243,6,237
108000373,81,168,-87
108000376,66,23,43
108000377,220,300,-80
108000378,6152,5073,1079
108000379,11,100,-89
108000381,33,7,26
108000382,90,1,89
108000383,0,144,-144
108900001,79,933,-854
108900002,118,31,87
108900003,275,838,-563
108900004,1111,201,910
108900007,37,121,-84
108900008,29,98,-69
108900009,12,86,-74
108900010,67,134,-67
108900011,166,253,-87
108900012,66,364,-298
108900013,23,213,-190
108900014,7,72,-65
108900015,0,12,-12
108900016,1,135,-134
108900017,78,135,-57
108900018,31,472,-441
108900019,12,934,-922
108900020,25,257,-232
108900021,39,217,-178
108900022,27,4,23
108900023,4,36,-32
108900024,11,152,-141
108900025,15,106,-91
108900026,10,50,-40
108900027,0,101,-101
108900028,21,434,-413
108900029,30,166,-136
108900030,0,113,-113
108900031,36,658,-622
108900032,5,153,-148
108900033,0,57,-57
108900034,0,267,-267
108900035,127,1620,-1493
108900038,0,412,-412
108900039,0,514,-514
108900040,1,79,-78
108900041,4451,1277,3174
108900042,3,161,-158
108900043,20,339,-319
108900044,2,639,-637
108900045,14,586,-572
108900046,40,859,-819
108900047,0,67,-67
108900048,63,812,-749
108900049,4281,399,3882
108900050,2,254,-252
108900051,1,166,-165
108900052,16,236,-220
108900053,48,68,-20
108900054,22,245,-223
108900055,50,389,-339
108900056,0,160,-160
108900057,0,139,-139
108900058,18,415,-397
108900059,110,14,96
108900060,15,57,-42
108900061,28,10,18
108900062,5,352,-347
108900063,3,349,-346
108900064,29,63,-34
108900065,2,266,-264
108900066,77,71,6
108900067,1,192,-191
108900068,3,240,-237
108900069,17,102,-85
108900070,4,136,-132
108900071,25,55,-30
108900072,1924,172,1752
108900073,3,480,-477
108900074,28,430,-402
108900075,55,66,-11
108900076,84,46,38
108900077,147,534,-387
108900078,7,174,-167
108900079,575,175,400
108900080,10,240,-230
108900081,63,210,-147
108900082,20,101,-81
108900083,2,101,-99
108900085,1691,87,1604
108900086,28,335,-307
108900087,81,140,-59
108900088,361,106,255
108900089,7,59,-52
108900090,11,426,-415
108900091,83,82,1
108900092,165,133,32
108900093,37,43,-6
108900094,98,40,58
108900095,42,557,-515
108900096,418,11,407
108900097,107,147,-40
108900098,2400,198,2202
108900099,170,286,-116
108900100,17,102,-85
108900101,84,45,39
108900102,115,336,-221
108900103,39,21,18
108900105,3,399,-396
108900106,140,430,-290
108900108,115,24,91
108900109,109,22,87
108900110,34,379,-345
108900111,106,568,-462
108900113,34,14,20
108900114,54,44,10
108900115,26,47,-21
108900116,15,8,7
108900117,34,16,18
108900118,178,4,174
108900119,82,25,57
108900120,129,52,77
108900121,139,26,113
108900122,32,13,19
108900123,30,28,2
108900124,174,50,124
108900125,105,2,103
108900126,20,10,10
108900127,32,10,22
108900128,41,9,32
108900129,216,41,175
108900130,100,1,99
108900131,128,1,127
108900132,112,29,83
108900133,63,27,36
108900134,83,207,-124
108900135,21,5,16
108900136,6,0,6
108900137,34,0,34
108900138,166,12,154
108900140,54,177,-123
108900141,90,5,85
108900142,42,1,41
108900143,4,0,4
108900144,12,0,12
108900145,76,2,74
108900146,14,0,14
108900147,53,1,52
108900148,68,17,51
108900150,101,2,99
108900151,26,0,26
108900152,24,1,23
108900153,35,439,-404
108900154,1806,266,1540
108900156,38,3,35
108900157,13,474,-461
108900158,64,16,48
108900159,4,257,-253
108900160,3,210,-207
108900161,4,401,-397
108900162,25,0,25
108900163,20,89,-69
108900164,17,65,-48
108900168,8619,1166,7453
108900169,21,100,-79
108900171,5583,932,4651
108900172,144,27,117
108900173,145,249,-104
108900174,222,350,-128
108900176,48,471,-423
108900177,6768,1186,5582
108900178,4328,1119,3209
108900180,25,110,-85
108900183,112,161,-49
108900184,122,113,9
108900185,27,226,-199
108900186,14,251,-237
108900189,73,94,-21
108900190,67,2441,-2374
108900192,24,209,-185
108900195,36,239,-203
108900196,9,465,-456
108900199,76,253,-177
108900200,238,239,-1
108900201,178,838,-660
108900203,139,18,121
108900204,114,3,111
108900205,75,8,67
108900206,94,9,85
108900207,107,32,75
108900208,25,281,-256
108900209,154,446,-292
108900210,104,161,-57
108900211,73,179,-106
108900212,529,482,47
108900215,68,514,-446
108900216,290,54,236
108900217,46,0,46
108900218,46,6,40
108900221,16,33,-17
108900224,25,66,-41
108900225,0,118,-118
108900227,61,57,4
108900230,329,236,93
108900232,2,362,-360
108900233,118,25,93
108900234,189,62,127
108900235,91,541,-450
108900236,10,302,-292
108900240,36,56,-20
108900241,4,6,-2
108900245,0,365,-365
108900250,84,90,-6
108900258,4,270,-266
108900259,26,66,-40
108900260,0,112,-112
108900261,107,109,-2
108900262,227,87,140
108900263,59,245,-186
108900264,283,182,101
108900265,1228,180,1048
108900266,1054,142,912
108900267,1,38,-37
108900268,2,7,-5
108900269,22,7,15
108900270,27,5,22
108900271,3,0,3
108900272,53,0,53
108900273,727,282,445
108900274,25,42,-17
109000001,2073,701,1372
109000002,2498,1016,1482
109000003,1269,358,911
109000004,369,2304,-1935
109000005,1148,571,577
109000006,455,1747,-1292
109000007,547,567,-20
109000008,266,1656,-1390
109000009,1969,757,1212
109000010,1111,3081,-1970
109000011,1344,1041,303
109000012,1198,3431,-2233
109000013,1667,1139,528
109000014,873,2981,-2108
109000015,1999,2544,-545
109000016,7992,3405,4587
109000017,1153,763,390
109000018,503,2813,-2310
109000019,1473,781,692
109000020,1039,1893,-854
109000023,115,8,107
109000024,0,109,-109
109000025,283,213,70
109000026,412,180,232
109000027,49,202,-153
109000028,71,75,-4
109000029,120,81,39
109000030,74,572,-498
109000031,86,68,18
109000032,74,430,-356
109000033,130,56,74
109000034,32,25,7
109000035,4,27,-23
109000036,75,291,-216
109000037,160,458,-298
109000038,351,244,107
109000039,431,223,208
109000040,4117,2193,1924
109000041,4307,831,3476
109000042,726,718,8
109000044,132,45,87
109000045,58,345,-287
109000046,111,53,58
109000047,55,336,-281
109000048,467,50,417
109000049,184,369,-185
109000050,198,120,78
109000051,245,224,21
109000052,208,1406,-1198
109000053,61,50,11
109000054,53,469,-416
109000055,63,141,-78
109000056,124,480,-356
109000057,154,138,16
109000058,581,182,399
109000059,441,797,-356
109000060,252,161,91
109000061,1191,305,886
109000062,42,157,-115
109000063,129,154,-25
109000064,49,103,-54
109000065,33,262,-229
109000066,167,79,88
109000067,26,307,-281
109000068,209,0,209
109000069,359,4,355
109000070,5,692,-687
109000071,147,50,97
109000072,52,240,-188
109000073,13,31,-18
109000074,15,181,-166
109000075,35,402,-367
109000076,50,129,-79
109000077,248,247,1
109000078,18,97,-79
109000079,127,210,-83
109000080,57,92,-35
109000081,50,473,-423
109000082,175,294,-119
109000083,129,707,-578
109000088,76,363,-287
109000089,112,18,94
109000090,104,396,-292
109000091,161,50,111
109000092,264,517,-253
109000093,84,94,-10
109000094,121,1,120
109000095,51,683,-632
109000096,204,85,119
109000097,49,80,-31
109000098,33,62,-29
109000099,436,242,194
109000100,124,439,-315
109000101,506,555,-49
109000102,185,680,-495
109000103,178,488,-310
109000104,634,495,139
109000105,207,1166,-959
109000106,949,464,485
109000107,304,1701,-1397
109000108,604,355,249
109000109,337,1494,-1157
109000110,686,344,342
109000111,614,1794,-1180
109000112,162,97,65
109000113,83,133,-50
109000114,42,241,-199
109000115,688,99,589
109000116,7,167,-160
109000117,55,101,-46
109000118,7,273,-266
109000119,304,311,-7
109000120,101,1025,-924
109000121,101,45,56
109000122,77,973,-896
109000123,17,85,-68
109000124,229,282,-53
109000125,221,252,-31
109000126,182,740,-558
109000127,227,139,88
109000128,251,1961,-1710
109000129,691,248,443
109000130,373,2190,-1817
109000131,346,156,190
109000132,474,1437,-963
109000133,170,856,-686
109000134,431,1173,-742
109000135,747,975,-228
109000136,131,331,-200
109000137,68,198,-130
109000138,213,357,-144
109000139,196,376,-180
109000140,56,392,-336
109000141,137,348,-211
109000142,82,428,-346
109000143,46,54,-8
109000145,43,180,-137
109000146,74,76,-2
109000148,3042,402,2640
109000149,15,39,-24
109000150,87,99,-12
109000155,205,404,-199
109000156,890,727,163
109000158,29,187,-158
109000159,25,533,-508
109000160,346,208,138
109000161,133,1155,-1022
109000162,810,789,21
109000163,429,1308,-879
109000164,661,2171,-1510
109000165,591,513,78
109000166,256,102,154
109000167,67,799,-732
109000170,20,36,-16
109000171,43,40,3
109000172,46,49,-3
109000173,19,35,-16
109000174,34,59,-25
109000175,16,112,-96
109000176,97,243,-146
109000177,13,98,-85
109000178,250,374,-124
109000179,5819,1609,4210
109000180,3873,1891,1982
109000181,7,32,-25
109000182,13,28,-15
109000183,14,27,-13
109000184,20,11,9
109000185,4,52,-48
109000188,301,2118,-1817
109000189,1009,637,372
109000190,286,423,-137
109000191,159,537,-378
109000192,107,176,-69
109000193,59,338,-279
109000194,41,89,-48
109000195,38,343,-305
109000196,83,72,11
109000197,72,464,-392
109000198,104,40,64
109000199,54,463,-409
109000206,67,10,57
109000207,60,35,25
109000208,48,43,5
109000209,135,73,62
109000210,176,483,-307
109000211,125,213,-88
109000214,150,603,-453
109000215,62,55,7
109000216,154,108,46
109000217,84,51,33
109000218,187,66,121
109000221,140,968,-828
109000222,462,62,400
109000223,134,156,-22
109000224,35,292,-257
109000225,59,35,24
109000226,24,253,-229
109000227,390,1153,-763
109000228,0,248,-248
109000231,3,358,-355
109000232,86,427,-341
109000236,150,708,-558
109000241,978,1464,-486
109000242,665,914,-249
109000293,8,38,-30
109000361,73,218,-145
109000364,84,474,-390
109000396,1,745,-744
109000397,162,6,156
109000399,98,454,-356
109000400,48,331,-283
109000403,31,180,-149
109000406,320,69,251
109000407,96,187,-91
109000408,2,657,-655
109000410,395,128,267
109000411,38,23,15
109900001,41,0,41
109900002,275,11,264
109900003,38,0,38
109900004,354,185,169
109900005,5,4,1
109900006,199,246,-47
109900007,195,724,-529
109900008,0,22,-22
109900009,63,632,-569
109900010,186,15,171
109900011,21,15,6
109900012,89,103,-14
109900013,144,46,98
109900014,109,33,76
109900015,212,63,149
109900016,32,41,-9
109900017,40,59,-19
109900018,46,110,-64
109900019,30,40,-10
109900020,10,24,-14
109900021,4,11,-7
109900022,83,292,-209
109900023,4,4,0
109900024,2,0,2
109900025,12,50,-38
109900026,0,129,-129
109900027,24,4,20
109900028,2085,271,1814
109900029,3,374,-371
109900030,11,0,11
109900031,0,62,-62
109900032,4,218,-214
109900033,1,340,-339
109900034,4,1,3
109900035,4,14,-10
109900036,4,81,-77
109900037,9,505,-496
109900038,18,208,-190
109900039,6,0,6
109900040,18,549,-531
109900041,26,420,-394
109900042,2,330,-328
109900044,53,271,-218
109900045,70,24,46
109900046,31,67,-36
109900047,184,273,-89
109900048,0,58,-58
109900049,1,16,-15
109900050,1,252,-251
109900051,1,26,-25
109900052,22,174,-152
109900053,2,465,-463
109900054,280,84,196
109900055,17,184,-167
109900056,15,71,-56
109900057,4,188,-184
109900058,0,95,-95
109900059,181,79,102
109900060,158,143,15
109900061,39,243,-204
109900062,0,262,-262
109900063,3,241,-238
109900064,165,187,-22
109900065,85,77,8
109900066,143,790,-647
109900067,2,434,-432
109900068,15,4,11
109900069,0,15,-15
109900070,35,245,-210
109900071,0,33,-33
109900072,5,101,-96
109900073,71,575,-504
109900074,1,28,-27
109900075,8,12,-4
109900076,17,467,-450
109900077,21,29,-8
109900078,54,231,-177
109900080,64,242,-178
109900081,8,65,-57
109900082,16,310,-294
109900083,4,23,-19
109900084,39,119,-80
109900085,114,1005,-891
109900086,78,131,-53
109900087,196,270,-74
109900089,180,57,123
109900090,318,859,-541
109900091,81,63,18
109900092,142,8,134
109900093,249,56,193
109900094,25,52,-27
109900095,55,164,-109
109900096,9,0,9
109900097,67,1,66
109900098,87,12,75
109900099,49,1,48
109900100,15,0,15
109900101,81,4,77
109900102,172,12,160
109900103,5,29,-24
109900104,134,919,-785
109900105,186,17,169
109900106,64,50,14
109900107,111,50,61
109900108,29,368,-339
109900109,16,108,-92
109900110,29,374,-345
109900111,143,917,-774
109900112,294,764,-470
109900113,256,140,116
109900114,393,215,178
109900115,63,47,16
109900117,219,66,153
109900118,129,302,-173
109900119,467,201,266
109900120,21,8,13
109900121,185,98,87
109900122,143,1,142
109900123,6,128,-122
109900124,19,654,-635
109900125,0,231,-231
109900126,47,155,-108
109900128,50,39,11
109900130,9144,772,8372
109900131,56,110,-54
109900132,34,153,-119
109900133,48,308,-260
109900134,25,29,-4
109900135,350,30,320
109900136,16,78,-62
109900137,24,304,-280
109900140,56,227,-171
109900142,272,148,124
109900145,2,85,-83
109900146,229,40,189
109900148,25,47,-22
109900149,34,36,-2
109900150,0,63,-63
109900151,3,42,-39
109900152,0,15,-15
109900153,0,33,-33
109900154,1,0,1
109900155,10,6,4
109900157,22,161,-139
109900158,28,79,-51
109900159,32,34,-2
109900160,67,16,51
109900161,135,40,95
109900162,59,41,18
109900163,413,203,210
109900164,26,159,-133
109900165,67,3,64
109900166,1,153,-152
109900167,78,504,-426
109900168,68,469,-401
109900169,46,89,-43
109900170,189,272,-83
109900171,50,65,-15
109900172,42,143,-101
109900173,3352,676,2676
109900174,19,120,-101
109900175,17,34,-17
109900176,32,134,-102
109900177,19,185,-166
109900178,3,70,-67
109900179,0,16,-16
109900180,1,5,-4
110000001,544,476,68
110000002,396,390,6
110000003,652,465,187
110000004,445,365,80
110000005,545,810,-265
110000006,593,249,344
110000007,76,126,-50
110000008,22,41,-19
110000009,20,58,-38
110000010,11,37,-26
110000011,12,55,-43
110000012,546,280,266
110000013,20,259,-239
110000014,497,319,178
110000015,359,341,18
110000016,297,666,-369
110000017,3118,235,2883
110000018,2633,376,2257
110000019,11,121,-110
110000020,417,177,240
110000021,292,277,15
110000022,313,77,236
110000023,13,133,-120
110000024,445,257,188
110000025,65,2,63
110000026,7,492,-485
110000027,381,287,94
110000028,491,547,-56
110000029,380,707,-327
110000030,159,222,-63
110000031,155,516,-361
110000032,384,334,50
110000033,69,61,8
110000034,106,621,-515
110000035,180,799,-619
110000036,180,609,-429
110000037,63,538,-475
110000038,108,436,-328
110000039,411,970,-559
110000040,182,349,-167
110000041,125,577,-452
110000042,62,191,-129
110000043,271,138,133
110000044,38,34,4
110000045,107,52,55
110000046,4,7,-3
110000047,2,5,-3
110000048,5,5,0
110000049,6,0,6
110000050,6,9,-3
110000051,11,2,9
110000052,18,12,6
110000053,33,0,33
110000054,53,134,-81
110000055,111,18,93
110000056,267,25,242
110000057,274,656,-382
110000058,509,416,93
110000059,390,478,-88
110000060,402,664,-262
110000061,698,691,7
110000062,557,646,-89
110000063,27,61,-34
110000064,65,82,-17
110000065,26,46,-20
110000066,39,31,8
110000067,29,212,-183
110000068,73,406,-333
110000069,64,82,-18
110000071,43,130,-87
110000073,5,10,-5
110000075,8,86,-78
110000076,213,109,104
110000077,418,270,148
110000078,6,38,-32
110000080,171,520,-349
110000081,15,169,-154
110000082,15,131,-116
110000083,133,413,-280
110000084,360,257,103
110000085,2380,1062,1318
110000086,1159,539,620
110000087,0,46,-46
110000088,24,189,-165
110000089,67,131,-64
110000090,30,231,-201
110000091,1344,245,1099
110000092,13,68,-55
110000093,31,6,25
110000094,359,216,143
110000095,70,258,-188
110000096,3151,1278,1873
110000097,681,708,-27
110000098,1124,394,730
110000099,719,1016,-297
110000100,192,629,-437
110000101,9,495,-486
110000102,24,40,-16
110000104,92,73,19
110000105,46,267,-221
110000106,270,186,84
110000107,282,360,-78
110000108,133,21,112
110000109,210,189,21
110000110,3489,1752,1737
110000111,6641,1327,5314
110000112,965,267,698
110000113,629,559,70
110000114,80,221,-141
110000115,135,237,-102
110000116,19,31,-12
110000117,118,467,-349
110000118,178,202,-24
110000119,94,289,-195
110000120,190,132,58
110000121,36,169,-133
110000122,178,452,-274
110000123,218,344,-126
110000124,1,736,-735
110000125,563,3,560
110000126,124,10,114
110000127,325,21,304
110000128,24,1240,-1216
110000129,6,614,-608
110000130,81,60,21
110000131,85,462,-377
110000132,2,639,-637
110000133,20,237,-217
110000134,15,227,-212
110000135,105,18,87
110000136,24,228,-204
110000137,190,514,-324
110000138,294,721,-427
110000139,358,1201,-843
110000140,511,269,242
110000143,556,284,272
110000144,3176,632,2544
110000145,932,414,518
110000146,958,406,552
110000147,162,458,-296
110000148,256,283,-27
110000151,691,425,266
110000152,617,220,397
110000153,20,99,-79
110000154,2,12,-10
110000155,832,1329,-497
110000156,538,910,-372
110000157,773,1195,-422
110000160,278,305,-27
110000161,123,338,-215
110000166,94,108,-14
110000167,374,314,60
110000168,386,225,161
110000169,210,171,39
110000170,62,69,-7
110000171,308,109,199
110000172,106,591,-485
110000173,789,1099,-310
110000174,29,1150,-1121
110000175,123,67,56
110000176,15,127,-112
110000177,134,467,-333
110000178,270,435,-165
110000179,1115,251,864
110000180,65,223,-158
110000181,117,250,-133
110000182,319,198,121
110000183,8830,3206,5624
110000184,374,1208,-834
110000185,408,506,-98
110000186,437,386,51
110000191,177,308,-131
110000192,145,0,145
110000193,163,0,163
110000194,7,1032,-1025
110000195,101,314,-213
110000196,111,427,-316
110000197,18,183,-165
110000198,38,60,-22
110000199,26,77,-51
110000200,940,513,427
110000201,208,362,-154
110000202,560,265,295
110000203,415,590,-175
110000204,5,227,-222
110000205,29,38,-9
110000206,353,1327,-974
110000207,279,269,10
110000208,57,117,-60
110000209,44,645,-601
110000210,294,441,-147
110000211,223,580,-357
110000212,215,622,-407
110000213,59,51,8
110000214,70,122,-52
110000215,53,518,-465
110000216,25,561,-536
110000217,106,220,-114
110000218,79,380,-301
110000219,97,51,46
110000220,9,318,-309
110000221,116,42,74
110000222,25,273,-248
110000223,6,63,-57
110000224,187,11,176
110000225,137,412,-275
110000226,126,35,91
110000227,395,301,94
110000228,219,439,-220
110000229,1,178,-177
110000230,190,396,-206
110000231,88,114,-26
110000232,50,171,-121
110000233,88,164,-76
110000234,259,291,-32
110000235,705,592,113
110000236,175,745,-570
110000237,751,849,-98
110000238,578,1018,-440
110000239,808,1021,-213
110000240,1,96,-95
110000242,0,12,-12
110000243,44,152,-108
110000244,90,246,-156
110000245,23,329,-306
110000246,283,517,-234
110000247,1604,2395,-791
110000248,2479,1020,1459
110000249,72,5,67
110000250,3,153,-150
110000251,58,299,-241
110000252,123,189,-66
110000253,622,265,357
110000254,569,992,-423
110000255,159,881,-722
110000256,248,113,135
110000257,592,302,290
110000258,7,377,-370
110000259,40,12,28
110000260,14,326,-312
110000263,562,56,506
110000264,145,476,-331
110000265,726,1218,-492
110000266,1518,1491,27
110000267,14,104,-90
110000268,150,400,-250
110000269,0,73,-73
110000270,16,1,15
110000271,1811,211,1600
110000272,600,694,-94
110000273,2109,875,1234
110000274,113,633,-520
110000275,2196,326,1870
110000276,69,196,-127
110000277,79,299,-220
110000278,148,694,-546
110000279,437,568,-131
110000280,105,293,-188
110000281,12,116,-104
110000282,167,40,127
110000283,62,51,11
110000284,18,28,-10
110000285,0,124,-124
110000286,10,0,10
110000287,10,4,6
110000288,1,55,-54
110000289,271,842,-571
110000290,1112,482,630
110000291,4579,1054,3525
110000292,885,2786,-1901
110000293,257,810,-553
110000294,328,569,-241
110000295,41,617,-576
110000296,143,277,-134
110000297,2402,209,2193
110000298,379,367,12
110000299,664,19,645
110000301,68,6,62
110000302,143,1114,-971
110000303,186,0,186
110000304,69,193,-124
110000305,322,11,311
110000306,61,1612,-1551
110000307,367,3,364
110000308,237,5,232
110000309,2,1101,-1099
110000310,258,62,196
110000311,13,772,-759
110000312,535,27,508
110000313,3297,1266,2031
110000314,1,156,-155
110000315,2377,1143,1234
110000316,438,882,-444
110000317,322,202,120
110000318,0,55,-55
110000319,5,13,-8
110000320,31,38,-7
110000321,6,42,-36
110000322,77,428,-351
110000323,134,204,-70
110000324,3842,882,2960
110000325,1671,1483,188
110000327,446,201,245
110000328,154,420,-266
110000333,388,415,-27
110000334,421,1096,-675
110000335,655,404,251
110000336,255,1100,-845
110000337,483,378,105
110000338,108,194,-86
110000339,80,199,-119
110000340,7,154,-147
110000341,161,511,-350
110000342,282,7,275
110000343,0,11,-11
110000344,60,183,-123
110000345,93,61,32
110000346,1641,983,658
110000347,767,606,161
110000348,1,20,-19
110000349,6,20,-14
110000350,37,2,35
110000351,292,649,-357
110000352,255,1030,-775
110000353,2480,597,1883
110000354,488,1166,-678
110000355,38,84,-46
110000356,326,8,318
110000357,151,1,150
110000361,10,88,-78
110000362,24,84,-60
110000363,76,153,-77
110000364,74,293,-219
110000365,86,2,84
110000366,2,99,-97
110000367,259,198,61
110000368,0,56,-56
110000369,26,0,26
110000373,7,294,-287
110000374,13,1,12
110000375,118,471,-353
110000376,25,117,-92
110000377,37,209,-172
110000378,13,212,-199
110000379,2897,598,2299
110000380,11,7,4
110000383,1,476,-475
110000384,2340,428,1912
110000385,0,107,-107
110000387,27,10,17
110000388,22,187,-165
110000389,251,31,220
110000391,100,296,-196
110000396,73,110,-37
110000397,28,175,-147
110000398,3,26,-23
110000399,158,1,157
110000587,46,30,16
110000589,101,122,-21
110000640,106,87,19
110000652,3,64,-61
110000653,108,385,-277
110000654,1,18,-17
110000656,2,549,-547
110000674,20,10,10
110000675,3,8,-5
110000676,4,27,-23
110000679,539,267,272
110000682,58,81,-23
110000683,226,417,-191
110000684,3,46,-43
110000685,12,3,9
110000686,0,12,-12
110000687,33,2,31
110000688,68,332,-264
110000689,16,59,-43
110000692,27,215,-188
110000693,50,180,-130
110000694,0,97,-97
110000695,87,483,-396
110000696,82,124,-42
110900001,113,9,104
110900002,311,203,108
110900003,178,874,-696
110900004,59,188,-129
110900005,3270,728,2542
110900006,24,8,16
110900007,27,9,18
110900008,9,64,-55
110900009,162,26,136
110900010,9,50,-41
110900011,6,80,-74
110900012,4,101,-97
110900013,279,93,186
110900014,65,18,47
110900015,639,200,439
110900016,13,228,-215
110900017,136,43,93
110900018,255,48,207
110900019,50,16,34
110900020,30,405,-375
110900021,31,428,-397
110900022,36,338,-302
110900023,49,372,-323
110900024,15,443,-428
110900025,0,23,-23
110900027,16,224,-208
110900028,20,116,-96
110900029,17,367,-350
110900030,11,322,-311
110900031,3,96,-93
110900032,0,68,-68
110900033,12,275,-263
110900035,10,300,-290
110900036,28,20,8
110900037,14,8,6
110900038,948,155,793
110900039,7,188,-181
110900040,86,19,67
110900041,1,124,-123
110900042,27,28,-1
110900043,2,140,-138
110900044,192,20,172
110900045,34,579,-545
110900046,99,280,-181
110900047,605,60,545
110900049,22,19,3
110900050,3,0,3
110900051,27,103,-76
110900052,4,196,-192
110900053,29,49,-20
110900054,12,284,-272
110900055,10,0,10
110900056,35,83,-48
110900057,2,203,-201
110900058,62,191,-129
110900059,327,558,-231
110900060,166,46,120
110900061,21,26,-5
110900062,17,268,-251
110900063,6,83,-77
110900064,6,0,6
110900065,395,68,327
110900066,2,39,-37
110900067,434,240,194
110900068,137,225,-88
110900069,5,11,-6
110900070,80,37,43
110900071,157,154,3
110900073,0,9,-9
110900074,151,40,111
110900075,143,44,99
110900077,134,261,-127
110900078,9,86,-77
110900079,1964,386,1578
110900080,29,40,-11
110900081,4,95,-91
110900082,37,178,-141
110900083,36,29,7
110900084,17,162,-145
110900085,14,242,-228
110900086,49,106,-57
110900087,86,51,35
110900088,7,0,7
110900090,9,15,-6
110900091,0,58,-58
110900093,81,52,29
110900095,21,29,-8
110900097,8,43,-35
110900098,8,84,-76
110900099,41,429,-388
110900100,0,16,-16
110900102,10,19,-9
110900105,392,341,51
110900108,4,91,-87
110900111,152,48,104
110900112,262,4,258
110900113,447,45,402
110900115,1,84,-83
110900116,251,2135,-1884
110900118,130,736,-606
110900119,4858,190,4668
110900120,4,115,-111
110900121,29,0,29
110900122,118,125,-7
110900125,156,148,8
110900127,389,485,-96
110900128,288,201,87
110900129,131,153,-22
110900130,790,177,613
110900131,43,41,2
110900132,99,17,82
110900133,26,235,-209
110900135,39,352,-313
110900136,144,7,137
110900138,0,2,-2
110900139,20,1,19
110900140,2,0,2
110900141,194,115,79
110900142,40,165,-125
110900143,45,51,-6
110900144,2,525,-523
110900145,39,7,32
110900146,190,31,159
110900147,97,166,-69
110900148,1,190,-189
110900149,4,69,-65
110900150,5,11,-6
110900151,2,55,-53
110900152,9,310,-301
110900153,27,22,5
111000001,198,298,-100
111000002,555,484,71
111000003,352,339,13
111000004,290,1061,-771
111000005,548,542,6
111000006,590,1158,-568
111000007,2871,1128,1743
111000008,2607,2466,141
111000009,228,517,-289
111000010,416,215,201
111000011,360,660,-300
111000012,565,266,299
111000013,220,1159,-939
111000014,732,553,179
111000017,105,427,-322
111000018,107,281,-174
111000020,1796,1540,256
111000021,68,122,-54
111000023,98,167,-69
111000025,5598,1292,4306
111000029,61,88,-27
111000030,33,94,-61
111000031,1643,553,1090
111000032,384,186,198
111000033,263,127,136
111000034,186,145,41
111000037,2427,1310,1117
111000038,1805,1343,462
111000039,1080,1718,-638
111000040,1106,1911,-805
111000041,1572,1174,398
111000042,5037,2192,2845
111000043,1395,1076,319
111000044,892,485,407
111000045,466,730,-264
111000046,596,911,-315
111000047,1192,1501,-309
111000049,243,452,-209
111000050,1242,1261,-19
111000051,288,901,-613
111000052,442,1136,-694
111000053,277,806,-529
111000054,186,877,-691
111000055,960,1700,-740
111000056,47,609,-562
111000057,30,750,-720
111000058,142,133,9
111000059,144,288,-144
111000060,1863,864,999
111000061,220,235,-15
111000062,465,158,307
111000063,1349,590,759
111000064,308,388,-80
111000065,608,650,-42
111000066,204,203,1
111000067,194,499,-305
111000068,183,492,-309
111000069,1113,1367,-254
111000070,2055,1121,934
111000071,233,593,-360
111000072,471,276,195
111000073,150,442,-292
111000074,913,818,95
111000075,405,461,-56
111000076,250,625,-375
111000077,537,691,-154
111000078,1274,917,357
111000079,973,556,417
111000080,308,532,-224
111000081,1866,2099,-233
111000082,431,638,-207
111000084,291,305,-14
111000085,568,1415,-847
111000086,2427,1291,1136
111000087,577,734,-157
111000088,4843,1379,3464
111000089,357,743,-386
111000090,889,1199,-310
111000091,477,629,-152
111000092,666,1156,-490
111000093,330,626,-296
111000094,906,617,289
111000095,653,1248,-595
111000096,2308,4008,-1700
111000097,4506,827,3679
111000098,321,1104,-783
111000099,247,2336,-2089
111000100,166,2196,-2030
111000101,293,664,-371
111000102,55,610,-555
111000104,131,140,-9
111000107,27,528,-501
111000109,92,168,-76
111000110,499,430,69
111000111,608,392,216
111000112,792,235,557
111000113,572,359,213
111000114,1079,870,209
111000115,6325,601,5724
111000116,740,576,164
111000117,484,561,-77
111000118,1094,730,364
111000119,685,1447,-762
111000120,257,439,-182
111000121,128,450,-322
111000122,266,845,-579
111000123,539,2882,-2343
111000124,267,3427,-3160
111000125,120,1970,-1850
111000126,69,914,-845
111000127,340,155,185
111000128,522,281,241
111000129,861,374,487
111000130,653,469,184
111000131,489,547,-58
111000132,351,331,20
111000133,70,110,-40
111000134,72,103,-31
111000135,14,97,-83
111000136,166,210,-44
111000138,13,12,1
111000140,0,0,0
111000141,111,202,-91
111000142,21,117,-96
111000143,2,78,-76
111000144,7,92,-85
111000145,176,4,172
111000146,24,6,18
111000147,291,13,278
111000148,58,74,-16
111000149,1,15,-14
111000150,2,5,-3
111000151,3,8,-5
111000153,439,439,0
111000154,650,169,481
111000155,66,125,-59
111000156,357,286,71
111000157,127,355,-228
111000158,688,442,246
111000159,2078,467,1611
111000160,131,382,-251
111000161,3,218,-215
111000162,10,144,-134
111000163,267,616,-349
111000164,696,1487,-791
111000165,1086,355,731
111000166,989,189,800
111000167,202,424,-222
111000168,188,326,-138
111000169,217,404,-187
111000170,422,351,71
111000171,330,884,-554
111000172,64,525,-461
111000173,115,1172,-1057
111000174,39,459,-420
111000175,17,195,-178
111000176,79,147,-68
111000177,80,266,-186
111000178,366,325,41
111000179,42,202,-160
111000180,120,242,-122
111000181,318,223,95
111000182,71,157,-86
111000183,153,230,-77
111000184,240,179,61
111000185,247,442,-195
111000186,134,328,-194
111000187,89,298,-209
111000188,93,494,-401
111000189,1544,559,985
111000190,108,491,-383
111000191,104,392,-288
111000192,119,604,-485
111000193,314,333,-19
111000194,23,391,-368
111000195,100,438,-338
111000196,16,327,-311
111000197,126,177,-51
111000198,256,121,135
111000199,45,135,-90
111000200,78,265,-187
111000201,165,209,-44
111000202,129,144,-15
111000203,119,123,-4
111000204,229,303,-74
111000213,132,319,-187
111000214,857,1522,-665
111000215,605,1251,-646
111000217,610,754,-144
111000218,454,454,0
111000219,526,449,77
111000220,2251,345,1906
111000221,508,123,385
111000224,121,311,-190
111000225,136,117,19
111000226,115,0,115
111000227,42,11,31
111000228,5,140,-135
111000229,15,206,-191
111000230,116,417,-301
111000231,275,1114,-839
111000232,140,735,-595
111000233,184,598,-414
111000234,26,130,-104
111000239,120,159,-39
111000240,7,57,-50
111000241,21,379,-358
111000242,48,28,20
111000243,31,776,-745
111000244,96,67,29
111000245,295,455,-160
111000246,136,569,-433
111000247,88,1093,-1005
111000248,187,314,-127
111000249,303,818,-515
111000250,16,116,-100
111000251,25,101,-76
111000253,3,4,-1
111000255,10,4,6
111000257,16,20,-4
111000260,23,1072,-1049
111000261,241,49,192
111000271,40,288,-248
111000273,3911,1063,2848
111000274,705,1190,-485
111000275,65,92,-27
111000276,166,2041,-1875
111000277,89,357,-268
111000278,392,257,135
111000291,426,1657,-1231
111000298,193,193,0
111000299,424,62,362
111000300,45,589,-544
111000302,127,58,69
111000303,54,224,-170
111000312,49,34,15
111000315,24,195,-171
111000320,211,425,-214
111000321,140,39,101
111000322,107,494,-387
111000323,79,21,58
111000324,243,240,3
111000325,22,62,-40
111000326,280,364,-84
111000327,196,569,-373
111000328,353,489,-136
111000329,0,5,-5
111000330,26,4,22
111000331,7,1,6
111000332,539,1622,-1083
111000334,288,1418,-1130
111000335,191,91,100
111000337,221,290,-69
111000338,9,122,-113
111000339,86,582,-496
111000340,57,754,-697
111000341,418,171,247
111000342,61,188,-127
111000344,444,588,-144
111000345,309,28,281
111000346,24,69,-45
111000347,14,3,11
111000350,134,98,36
111000351,42,237,-195
111000352,78,72,6
111000353,36,191,-155
111000354,171,112,59
111000355,154,513,-359
111000358,50,1459,-1409
111000360,46,811,-765
111000361,47,356,-309
111000546,119,490,-371
111000547,128,550,-422
111000548,50,110,-60
111000549,103,322,-219
111000550,62,227,-165
111000551,486,83,403
111000552,412,47,365
111000907,89,10,79
111000908,5,0,5
111000916,490,162,328
111000917,28,301,-273
111000918,62,919,-857
111000920,140,4,136
111000921,2,355,-353
111000922,114,179,-65
111000924,8,745,-737
111000925,1073,1356,-283
111000926,830,2525,-1695
111000927,2254,2396,-142
111000928,4425,2877,1548
111000929,480,706,-226
111000930,338,1825,-1487
111000931,968,1030,-62
111000932,2759,1724,1035
111000933,2168,1116,1052
111000934,1758,2085,-327
111000935,583,817,-234
111000936,577,1822,-1245
111000937,566,873,-307
111000938,1240,2213,-973
111000939,140,74,66
111000940,160,194,-34
111000941,66,475,-409
111000943,128,228,-100
111000944,56,560,-504
111000945,27,1980,-1953
111001109,213,97,116
111001110,171,615,-444
111001111,10,0,10
111001112,57,3,54
111001113,14,107,-93
111001114,1058,50,1008
111001115,118,221,-103
111001116,4726,1074,3652
111001117,534,539,-5
111001120,83,229,-146
111001121,95,353,-258
111001122,95,597,-502
111001123,69,114,-45
111001124,47,370,-323
111001125,0,16,-16
111001126,0,1,-1
111001127,1,30,-29
111001128,408,741,-333
111900001,0,212,-212
111900002,6,543,-537
111900003,2,289,-287
111900004,10,96,-86
111900006,2,9,-7
111900007,11,0,11
111900008,30,0,30
111900009,12,0,12
111900010,174,470,-296
111900012,69,72,-3
111900013,3,43,-40
111900014,6744,1101,5643
111900015,0,70,-70
111900016,0,152,-152
111900017,0,119,-119
111900018,49,2,47
111900019,1,39,-38
111900020,3,19,-16
111900021,17,41,-24
111900022,5,44,-39
111900023,74,51,23
111900024,11,77,-66
111900025,0,37,-37
111900026,1,78,-77
111900027,5,177,-172
111900028,2,411,-409
111900029,0,129,-129
111900030,38,263,-225
111900031,1,26,-25
111900032,1,385,-384
111900033,7,118,-111
111900034,156,512,-356
111900035,3,159,-156
111900036,1,300,-299
111900038,221,447,-226
111900039,30,348,-318
111900040,4,715,-711
111900042,32,64,-32
111900043,3,477,-474
111900044,176,188,-12
111900046,75,184,-109
111900048,44,894,-850
111900049,16,299,-283
111900050,31,8,23
111900051,0,254,-254
111900052,333,534,-201
111900053,1246,182,1064
111900054,25,1,24
111900055,10,595,-585
111900056,110,62,48
111900057,27,37,-10
111900058,103,774,-671
111900059,1838,166,1672
111900060,136,0,136
111900061,4,235,-231
111900062,3,38,-35
111900063,143,157,-14
111900064,117,200,-83
111900065,31,11,20
111900066,63,80,-17
111900067,0,250,-250
111900068,7,11,-4
111900069,30,3,27
111900070,39,114,-75
111900071,0,186,-186
111900072,11,1,10
111900073,149,33,116
111900074,5,143,-138
111900075,17,5,12
111900076,36,11,25
111900077,0,0,0
111900078,70,13,57
111900079,10,9,1
111900080,155,68,87
111900082,28,5,23
111900083,20,9,11
111900084,26,2,24
111900085,33,18,15
111900086,7,2,5
111900087,17,0,17
111900088,126,6,120
111900089,17,2,15
111900090,48,18,30
111900091,43,2,41
111900092,7,0,7
111900093,92,3,89
111900094,9,0,9
111900095,74,7,67
111900096,61,0,61
111900097,3,0,3
111900098,31,1,30
111900099,7,0,7
111900100,14,0,14
111900101,52,14,38
111900102,79,584,-505
111900103,28,24,4
111900104,60,45,15
111900105,107,69,38
111900106,971,32,939
111900110,2729,206,2523
111900111,20,176,-156
111900112,591,605,-14
111900113,330,57,273
111900118,87,18,69
111900119,84,28,56
111900122,52,12,40
111900123,7,8,-1
111900124,18,95,-77
111900125,119,5,114
111900126,51,2,49
111900127,0,720,-720
111900128,3,479,-476
111900129,76,26,50
111900130,33,6,27
111900131,80,0,80
111900132,29,1080,-1051
111900133,0,271,-271
111900134,27,271,-244
111900135,1,4,-3
111900136,58,69,-11
111900137,44,41,3
111900138,7,73,-66
111900139,19,141,-122
111900140,19,17,2
111900141,13,2,11
111900142,24,12,12
111900143,8,202,-194
111900144,2,141,-139
111900145,2,604,-602
111900146,4,337,-333
111900147,124,420,-296
111900148,26,846,-820
111900149,7,405,-398
111900150,18,159,-141
111900151,0,20,-20
111900152,104,45,59
111900153,1494,175,1319
111900154,3,72,-69
111900155,25,32,-7
111900156,14,31,-17
111900157,24,9,15
111900158,123,6,117
111900159,65,10,55
111900160,64,0,64
111900161,23,2,21
111900162,89,71,18
111900163,25,163,-138
111900164,50,12,38
111901113,112,231,-119
111901114,21,357,-336
111901115,10,1,9
111901116,8,1,7
111901117,11,5,6
111901118,71,22,49
111901119,1079,33,1046
111901121,205,248,-43
111901122,6,610,-604
111901123,40,379,-339
111901124,44,0,44
111901125,110,114,-4
111901127,777,89,688
111901128,14,98,-84
111901129,3,87,-84
111901130,5,226,-221
111901131,1,212,-211
111901132,52,4,48
111901133,24,0,24
111901134,14,0,14
111901135,10,1,9
111901136,1,2,-1
111901138,43,30,13
111901139,10,41,-31
111901140,3,123,-120
111901141,4,208,-204
111901142,2,100,-98
111901143,2,73,-71
111901144,15,15,0
111901145,212,110,102
111901146,160,4,156
111901147,957,46,911
111901148,11,20,-9
111901149,0,1,-1
111901150,5,0,5
111901151,0,0,0
112000001,847,556,291
112000002,615,2028,-1413
112000003,300,525,-225
112000004,315,1147,-832
112000005,953,875,78
112000006,944,1410,-466
112000007,961,817,144
112000008,1673,2269,-596
112000009,3361,2737,624
112000010,1366,1804,-438
112000011,1453,1829,-376
112000012,3762,1418,2344
112000013,4312,2361,1951
112000014,1556,657,899
112000015,1974,1668,306
112000016,1938,607,1331
112000017,932,894,38
112000024,1474,409,1065
112000026,3679,3928,-249
112000027,481,234,247
112000028,1376,1397,-21
112000029,153,318,-165
112000030,153,79,74
112000031,958,1567,-609
112000032,405,25,380
112000033,1224,697,527
112000034,197,11,186
112000035,43,146,-103
112000036,587,400,187
112000037,414,643,-229
112000038,546,699,-153
112000039,22,76,-54
112000040,132,240,-108
112000041,223,307,-84
112000042,644,237,407
112000050,449,878,-429
112000051,372,492,-120
112000054,1277,1934,-657
112000057,381,209,172
112000058,255,299,-44
112000059,629,324,305
112000061,4816,970,3846
112000062,2218,339,1879
112000063,1584,489,1095
112000064,4371,4734,-363
112000065,2298,2290,8
112000066,2467,622,1845
112000067,642,542,100
112000068,1388,779,609
112000069,557,1632,-1075
112000070,1090,365,725
112000071,436,2526,-2090
112000072,557,592,-35
112000073,914,1319,-405
112000074,648,515,133
112000075,610,604,6
112000076,2373,2277,96
112000077,221,536,-315
112000078,632,525,107
112000079,752,961,-209
112000080,291,761,-470
112000081,587,1099,-512
112000082,722,526,196
112000083,351,1287,-936
112000084,632,534,98
112000085,613,1196,-583
112000086,660,1186,-526
112000087,117,440,-323
112000088,412,623,-211
112000089,127,379,-252
112000090,197,434,-237
112000091,555,1060,-505
112000092,618,535,83
112000093,1044,933,111
112000094,340,609,-269
112000095,319,601,-282
112000096,266,796,-530
112000097,390,397,-7
112000098,434,1225,-791
112000099,356,395,-39
112000100,652,622,30
112000101,210,703,-493
112000102,308,403,-95
112000103,157,1020,-863
112000105,372,1857,-1485
112000106,518,396,122
112000107,31,121,-90
112000108,178,1482,-1304
112000109,74,79,-5
112000110,737,335,402
112000111,882,3315,-2433
112000112,1562,327,1235
112000113,690,1909,-1219
112000114,915,554,361
112000115,90,451,-361
112000116,159,755,-596
112000117,288,452,-164
112000118,515,679,-164
112000119,260,821,-561
112000120,87,279,-192
112000121,58,687,-629
112000122,107,135,-28
112000123,226,123,103
112000124,136,46,90
112000125,56,101,-45
112000126,86,581,-495
112000127,2001,776,1225
112000128,1020,343,677
112000129,72,129,-57
112000130,28,28,0
112000131,14,327,-313
112000132,30,329,-299
112000133,77,198,-121
112000134,207,364,-157
112000135,334,464,-130
112000136,585,1046,-461
112000137,574,901,-327
112000138,838,1131,-293
112000139,659,164,495
112000140,891,875,16
112000141,210,161,49
112000142,111,829,-718
112000143,374,190,184
112000144,159,1561,-1402
112000145,940,567,373
112000146,446,2002,-1556
112000147,956,1027,-71
112000148,1162,2000,-838
112000149,106,653,-547
112000150,79,515,-436
112000151,246,586,-340
112000152,154,264,-110
112000153,152,276,-124
112000154,84,74,10
112000155,100,61,39
112000157,431,309,122
112000158,132,460,-328
112000159,130,172,-42
112000167,92,19,73
112000169,254,225,29
112000173,271,198,73
112000175,146,281,-135
112000176,3944,1242,2702
112000177,167,65,102
112000178,34,385,-351
112000179,88,113,-25
112000180,243,289,-46
112000181,909,1573,-664
112000182,285,1692,-1407
112000183,20,42,-22
112000184,110,445,-335
112000185,120,544,-424
112000187,1716,1626,90
112000195,41,4,37
112000196,46,0,46
112000197,28,60,-32
112000198,17,357,-340
112000199,486,689,-203
112000202,107,1,106
112000216,41,115,-74
112000230,17,3,14
112000231,0,313,-313
112000256,12,82,-70
112000313,110,127,-17
112000314,6,10,-4
112000337,126,480,-354
112000352,171,87,84
112000392,1432,809,623
112000398,389,518,-129
112000399,1651,878,773
112000400,1192,3139,-1947
112000401,2032,2462,-430
112000402,802,1314,-512
112000403,1142,1133,9
112000404,239,460,-221
112000405,1078,2053,-975
112000406,3864,3235,629
112000407,2533,3790,-1257
112000408,6250,5114,1136
112000409,1400,4093,-2693
112000410,156,84,72
112000411,3997,425,3572
112000412,724,189,535
112000413,7650,1216,6434
112000414,38,79,-41
112000415,64,29,35
112000416,1008,1038,-30
112000417,101,73,28
112000421,17,108,-91
112000422,220,391,-171
112000424,1772,1058,714
112000425,220,1066,-846
112000426,69,289,-220
112000427,0,15,-15
112000428,52,395,-343
112000429,1205,2231,-1026
112000430,1286,2486,-1200
112000431,36,96,-60
112000432,368,1782,-1414
112000433,452,442,10
112000437,9,331,-322
112900001,12,1,11
112900002,62,1140,-1078
112900003,20,292,-272
112900004,19,364,-345
112900005,59,195,-136
112900006,10,392,-382
112900007,7,190,-183
112900008,11,6,5
112900009,157,61,96
112900010,100,672,-572
112900011,236,215,21
112900012,3,25,-22
112900013,1,98,-97
112900014,1,234,-233
112900015,279,672,-393
112900016,2,265,-263
112900017,21,110,-89
112900018,10,485,-475
112900019,69,124,-55
112900020,346,1107,-761
112900021,1,308,-307
112900022,4,64,-60
112900023,0,309,-309
112900024,9,177,-168
112900025,41,115,-74
112900026,2,202,-200
112900027,2,1235,-1233
112900028,13,109,-96
112900029,3,586,-583
112900030,228,115,113
112900031,3,425,-422
112900032,49,154,-105
112900034,0,37,-37
112900035,5,478,-473
112900036,20,110,-90
112900037,99,82,17
112900038,151,85,66
112900039,25,321,-296
112900040,3,224,-221
112900041,1019,424,595
112900042,31,358,-327
112900043,8,29,-21
112900044,380,214,166
112900045,447,242,205
112900046,169,40,129
112900047,13,19,-6
112900049,32,65,-33
112900050,28,521,-493
112900051,207,510,-303
112900052,7,890,-883
112900053,273,47,226
112900054,210,18,192
112900055,69,17,52
112900056,95,82,13
112900057,9,593,-584
112900058,176,67,109
112900059,70,71,-1
112900060,6,198,-192
112900061,72,117,-45
112900062,19,75,-56
112900063,57,2,55
112900064,132,80,52
112900065,44,2,42
112900066,82,57,25
112900067,416,75,341
112900068,5,11,-6
112900069,1970,193,1777
112900071,21,3,18
112900072,134,401,-267
112900073,110,31,79
112900074,26,42,-16
112900075,1815,227,1588
112900076,46,8,38
112900078,83,146,-63
112900079,67,5,62
112900080,10,1,9
112900081,16,64,-48
112900082,116,13,103
112900083,12,32,-20
112900084,69,29,40
112900086,11,1,10
112900087,190,26,164
112900088,18,7,11
112900089,282,19,263
112900090,8,6,2
112900091,31,0,31
112900092,60,50,10
112900093,363,7,356
112900095,9,0,9
112900096,192,26,166
112900097,22,286,-264
112900098,17,3,14
112900099,219,3,216
112900100,10,1,9
112900101,65,3,62
112900102,18,3,15
112900103,82,4,78
112900104,72,0,72
112900105,3,0,3
112900106,154,39,115
112900107,0,0,0
112900108,64,1,63
112900109,17,0,17
112900110,268,25,243
112900111,190,1,189
112900112,106,0,106
112900113,0,12,-12
112900114,12,10,2
112900115,226,2,224
112900116,28,50,-22
112900117,101,103,-2
112900118,9,50,-41
112900119,36,1,35
112900120,641,134,507
112900121,204,139,65
112900122,17,113,-96
112900123,98,12,86
112900124,3,111,-108
112900125,35,174,-139
112900126,85,239,-154
112900127,119,26,93
112900128,311,578,-267
112900129,0,741,-741
112900130,58,43,15
112900131,45,176,-131
112900132,36,296,-260
112900133,14,1097,-1083
112900134,0,226,-226
112900135,23,12,11
112900137,2,630,-628
112900138,0,371,-371
112900139,148,1027,-879
112900141,150,17,133
112900142,28,50,-22
112900143,50,538,-488
112900144,1,509,-508
112900145,35,358,-323
112900146,5,1333,-1328
112900147,6,2123,-2117
112900148,11,0,11
112900149,109,300,-191
112900151,17,30,-13
112900152,4344,886,3458
112900153,1202,459,743
112900154,0,62,-62
112900155,33,12,21
112900156,44,1395,-1351
112900157,76,245,-169
112900158,10,7,3
112900159,114,24,90
112900160,17,224,-207
112900161,42,19,23
112900162,19,10,9
112900163,139,11,128
112900164,24,56,-32
112900165,42,23,19
112900166,21,29,-8
112900167,4,25,-21
112900168,5,0,5
112900169,4,3,1
112900170,17,90,-73
112900172,86,7,79
112900173,160,73,87
112900174,93,22,71
112900175,68,31,37
112900176,7,5,2
112900177,84,12,72
112900178,369,627,-258
112900179,28,507,-479
112900180,454,1752,-1298
112900181,145,9,136
112900182,16,1371,-1355
112900183,53,133,-80
112900184,233,210,23
112900185,151,236,-85
112900186,1271,364,907
112900187,44,170,-126
112900188,427,175,252
112900189,8,13,-5
112900190,4,27,-23
112900192,205,117,88
112900193,717,133,584
112900194,29,69,-40
112900195,254,11,243
112900196,130,371,-241
112900197,86,274,-188
112900199,124,516,-392
112900200,120,158,-38
112900201,32,68,-36
112900202,104,734,-630
112900203,36,200,-164
112900204,589,223,366
112900205,7,3,4
112900206,4,38,-34
112900207,1,0,1
112900208,31,62,-31
112900209,219,271,-52
112900210,0,2,-2
112900211,13,9,4
112900212,0,32,-32
112900213,7,6,1
112900214,11,1,10
112900215,6,171,-165
112900216,33,48,-15
112900217,0,60,-60
112900218,8,7,1
112900219,15,15,0
112900220,2,0,2
112900221,2,85,-83
112900222,1,12,-11
112900223,194,2,192
112900224,79,564,-485
112900225,162,463,-301
112900226,162,163,-1
112900227,107,1354,-1247
112900228,13,17,-4
112900229,35,74,-39
112900230,6089,1658,4431
112900232,105,99,6
112900233,31,133,-102
112900234,3,74,-71
112900235,22,14,8
112900236,50,10,40
112900237,29,308,-279
112900238,1,27,-26
112900239,269,178,91
112900240,2,131,-129
112900241,4,226,-222
112900242,5,251,-246
112900243,5,183,-178
112900244,17,157,-140
112900245,2,37,-35
112900246,0,11,-11
112900247,76,13,63
112900248,16,3,13
112900249,17,4,13
112900250,17,17,0
112900251,14,12,2
112900252,10,25,-15
112900253,5,6,-1
112900254,5,2,3
112900255,0,16,-16
112900256,0,12,-12
112900257,2,12,-10
112900258,10,19,-9
113000001,3611,3498,113
113000002,2977,2466,511
113000003,1520,1317,203
113000004,1598,1556,42
113000005,971,783,188
113000006,789,956,-167
113000007,967,879,88
113000008,1105,1374,-269
113000009,388,659,-271
113000010,534,1182,-648
113000011,402,1350,-948
113000012,650,515,135
113000013,761,305,456
113000014,1534,1038,496
113000015,606,203,403
113000016,294,231,63
113000017,9,168,-159
113000018,148,28,120
113000019,22,162,-140
113000020,37,8,29
113000021,542,467,75
113000022,265,919,-654
113000025,48,188,-140
113000026,149,238,-89
113000027,481,206,275
113000028,623,226,397
113000029,660,476,184
113000030,431,404,27
113000031,307,162,145
113000032,195,142,53
113000033,272,276,-4
113000034,474,182,292
113000035,18,15,3
113000036,15,21,-6
113000037,28,20,8
113000038,11,43,-32
113000039,46,288,-242
113000040,60,104,-44
113000042,617,403,214
113000051,460,1284,-824
113000052,1931,871,1060
113000053,202,509,-307
113000054,136,573,-437
113000055,554,734,-180
113000056,390,1514,-1124
113000058,520,787,-267
113000059,990,593,397
113000060,47,515,-468
113000061,471,599,-128
113000062,989,141,848
113000063,59,173,-114
113000064,8,336,-328
113000065,96,992,-896
113000066,259,85,174
113000067,659,808,-149
113000068,254,1695,-1441
113000069,235,1102,-867
113000070,698,604,94
113000071,189,547,-358
113000072,209,318,-109
113000073,251,915,-664
113000074,644,249,395
113000075,1777,317,1460
113000076,937,1217,-280
113000077,1249,296,953
113000078,883,976,-93
113000079,692,454,238
113000080,695,404,291
113000081,705,580,125
113000082,812,539,273
113000083,392,535,-143
113000084,1050,729,321
113000085,624,395,229
113000086,861,765,96
113000087,1049,614,435
113000088,1582,803,779
113000089,809,1172,-363
113000090,205,219,-14
113000091,600,164,436
113000094,435,118,317
113000095,182,834,-652
113000096,96,627,-531
113000097,378,197,181
113000098,33,20,13
113000099,821,163,658
113000100,98,284,-186
113000101,319,449,-130
113000102,402,180,222
113000103,1981,547,1434
113000104,252,1629,-1377
113000105,348,370,-22
113000106,190,458,-268
113000107,383,701,-318
113000108,730,1323,-593
113000109,415,2107,-1692
113000110,963,300,663
113000111,143,411,-268
113000112,254,337,-83
113000113,1518,286,1232
113000114,347,637,-290
113000116,449,225,224
113000117,518,110,408
113000118,103,218,-115
113000119,190,270,-80
113000120,23,179,-156
113000121,202,609,-407
113000124,95,107,-12
113000125,17,344,-327
113000127,2683,372,2311
113000128,254,265,-11
113000129,362,727,-365
113000133,2950,490,2460
113000134,3,486,-483
113000135,2380,1512,868
113000137,1771,1170,601
113000139,277,83,194
113000140,132,174,-42
113000141,261,52,209
113000142,526,487,39
113000143,221,113,108
113000144,348,372,-24
113000145,31,130,-99
113000146,64,32,32
113000147,42,87,-45
113000148,54,117,-63
113000149,56,73,-17
113000150,377,263,114
113000151,65,36,29
113000152,27,115,-88
113000153,1292,294,998
113000154,526,741,-215
113000155,144,184,-40
113000156,121,245,-124
113000157,207,457,-250
113000158,345,114,231
113000159,526,374,152
113000160,424,850,-426
113000161,115,509,-394
113000162,387,265,122
113000163,44,46,-2
113000164,28,84,-56
113000166,50,56,-6
113000167,15,196,-181
113000168,62,196,-134
113000169,66,44,22
113000170,48,49,-1
113000171,70,91,-21
113000172,161,68,93
113000173,33,15,18
113000174,104,512,-408
113000175,246,100,146
113000176,374,127,247
113000177,150,322,-172
113000178,117,328,-211
113000179,169,83,86
113000180,336,1030,-694
113000181,574,820,-246
113000182,123,189,-66
113000183,218,422,-204
113000184,8,82,-74
113000189,390,430,-40
113000190,1263,296,967
113000192,2294,855,1439
113000193,3845,708,3137
113000194,1503,558,945
113000195,2133,303,1830
113000196,63,83,-20
113000197,876,564,312
113000198,12,187,-175
113000199,395,277,118
113000201,297,148,149
113000202,2262,1424,838
113000203,458,70,388
113000204,1544,864,680
113000205,10,22,-12
113000206,3,23,-20
113000207,24,6,18
113000208,31,40,-9
113000209,8,11,-3
113000210,8,42,-34
113000211,281,110,171
113000212,251,15,236
113000213,24,80,-56
113000214,94,163,-69
113000234,105,1147,-1042
113000410,97,82,15
113000411,1973,3172,-1199
113000412,9694,1305,8389
113000413,3577,1269,2308
113000414,9615,5759,3856
113000415,2136,1568,568
113000416,7668,2171,5497
113000417,2773,1580,1193
113000418,2508,1921,587
113000419,1464,1126,338
113000420,3182,2075,1107
113000421,3268,2904,364
113000422,13968,4622,9346
113000423,2118,2173,-55
113000424,4122,4835,-713
113000425,7,75,-68
113000428,17,3,14
113000430,6,11,-5
113000432,689,72,617
113000433,123,767,-644
113000434,9,285,-276
113000435,14,521,-507
113000436,58,1595,-1537
113000437,233,8,225
113000438,58,6,52
113000439,10,126,-116
113000440,28,29,-1
113000441,88,223,-135
113000442,92,227,-135
113000443,63,228,-165
113000444,57,311,-254
113000445,44,110,-66
113000446,15,90,-75
113000448,154,101,53
113000449,168,752,-584
113000450,418,1543,-1125
113000451,1310,97,1213
113000452,388,284,104
113000453,151,177,-26
113000454,648,18,630
113000455,58,90,-32
113000456,2544,1374,1170
113000468,2299,225,2074
113000469,183,62,121
113000470,409,56,353
113000471,12,244,-232
113000472,41,204,-163
113000474,215,621,-406
113000475,1001,1490,-489
113000476,608,1537,-929
113000477,1309,1698,-389
113000478,2257,4709,-2452
113000479,19,296,-277
113000485,0,0,0
113000486,0,0,0
113000487,0,0,0
113000488,0,0,0
113000489,0,0,0
113000490,0,0,0
113000491,0,0,0
113000492,0,0,0
113000495,147,191,-44
113000496,50,36,14
113000497,0,0,0
113000499,0,0,0
113900001,2,78,-76
113900002,0,55,-55
113900003,0,66,-66
113900004,1,24,-23
113900005,2,32,-30
113900006,0,14,-14
113900007,35,2,33
113900008,23,0,23
113900009,196,0,196
113900010,73,0,73
113900011,12,1,11
113900012,3,0,3
113900013,399,1,398
113900014,472,1,471
113900015,0,33,-33
113900016,16,0,16
113900017,1,32,-31
113900018,347,51,296
113900019,38,51,-13
113900020,36,0,36
113900022,4,0,4
113900023,5,0,5
113900024,33,54,-21
113900025,231,4,227
113900026,18,0,18
113900027,4,49,-45
113900028,14,363,-349
113900029,43,256,-213
113900030,46,1,45
113900031,1,0,1
113900032,2,0,2
113900033,59,40,19
113900035,12,0,12
113900036,10,70,-60
113900037,24,525,-501
113900038,87,37,50
113900039,54,2,52
113900040,2,3,-1
113900041,2,2,0
113900042,35,13,22
113900043,128,92,36
113900044,142,32,110
113900045,12,2,10
113900046,225,606,-381
113900047,32,110,-78
113900048,274,28,246
113900049,639,141,498
113900050,94,248,-154
113900051,118,307,-189
113900052,197,82,115
113900053,241,100,141
113900054,6,2,4
113900055,82,386,-304
113900056,85,103,-18
113900057,24,80,-56
113900058,17,190,-173
113900059,63,268,-205
113900060,113,200,-87
113900061,714,48,666
113900062,58,14,44
113900063,73,116,-43
113900064,16,90,-74
113900065,315,11,304
113900066,120,310,-190
113900067,29,281,-252
113900068,253,259,-6
113900069,56,12,44
113900070,175,387,-212
113900071,37,51,-14
113900072,21,125,-104
113900073,97,311,-214
113900074,11,425,-414
113900075,520,648,-128
113900076,127,3,124
113900077,28,212,-184
113900078,45,39,6
113900079,1,51,-50
113900080,191,109,82
113900081,20,162,-142
113900082,84,160,-76
113900083,51,660,-609
113900084,117,46,71
113900085,26,299,-273
113900086,3,13,-10
113900087,24,143,-119
113900088,18,70,-52
113900089,242,34,208
113900090,261,189,72
113900091,13,16,-3
113900092,43,38,5
113900093,47,337,-290
113900094,111,394,-283
113900095,60,61,-1
113900096,84,39,45
113900097,3,78,-75
113900098,271,48,223
113900099,0,46,-46
113900100,0,1,-1
113900101,13,32,-19
113900102,66,84,-18
113900103,139,210,-71
113900104,57,84,-27
113900105,18,304,-286
113900106,1,83,-82
113900107,0,10,-10
113900108,127,105,22
113900109,236,94,142
113900110,7,15,-8
113900111,21,73,-52
113900112,93,124,-31
113900113,378,233,145
113900114,1,109,-108
113900115,0,68,-68
113900116,52,75,-23
113900117,39,9,30
113900118,101,104,-3
113900119,206,161,45
113900120,51,35,16
113900121,29,50,-21
113900122,198,1006,-808
113900123,164,168,-4
113900124,0,52,-52
113900125,996,130,866
113900126,132,32,100
113900127,143,274,-131
113900128,54,39,15
113900129,8,48,-40
113900130,0,7,-7
113900131,54,54,0
113900132,45,22,23
113900133,4,13,-9
113900135,114,300,-186
113900136,45,69,-24
113900137,200,177,23
113900138,28,126,-98
113900139,405,71,334
113900140,294,118,176
113900141,146,352,-206
113900142,42,70,-28
113900143,0,13,-13
113900144,263,80,183
113900145,119,165,-46
113900146,24,30,-6
113900148,113,139,-26
113900149,54,23,31
113900150,1030,384,646
113900151,90,145,-55
113900152,8,58,-50
113900153,319,300,19
113900154,1,85,-84
113900155,182,43,139
113900156,140,460,-320
113900157,52,209,-157
113900158,276,76,200
113900159,7,177,-170
113900160,261,564,-303
113900161,36,140,-104
113900162,393,231,162
113900163,211,127,84
113900164,104,39,65
113900165,441,440,1
113900166,195,66,129
113900167,197,18,179
113900168,79,68,11
113900169,108,317,-209
113900171,34,41,-7
113900172,5,179,-174
113900173,34,546,-512
113900174,284,569,-285
113900175,165,43,122
113900176,102,555,-453
113900177,166,135,31
113900178,131,77,54
113900179,4,605,-601
113900180,120,76,44
113900181,331,73,258
113900182,232,687,-455
113900183,34,47,-13
113900184,14,458,-444
113900185,96,48,48
113900186,14,18,-4
113900187,16,148,-132
113900188,24,91,-67
113900189,171,42,129
113900190,255,58,197
113900191,46,124,-78
113900192,2,141,-139
113900193,11,204,-193
113900194,1431,729,702
113900195,270,315,-45
113900196,2,91,-89
113900197,0,242,-242
113900198,11,92,-81
113900199,113,476,-363
113900200,5,151,-146
113900201,1,202,-201
113900202,27,174,-147
113900203,0,172,-172
113900204,25,546,-521
113900205,12,81,-69
113900206,2,114,-112
113900207,1,45,-44
113900208,0,33,-33
113900209,0,73,-73
113900210,308,373,-65
113900211,127,17,110
113900212,52,395,-343
113900214,366,201,165
113900215,17,70,-53
113900216,13,995,-982
113900217,19,278,-259
113900218,60,33,27
113900219,75,422,-347
113900220,69,33,36
113900221,196,71,125
113900222,249,188,61
113900223,31,895,-864
113900224,94,47,47
113900225,582,138,444
113900226,185,72,113
113900227,312,88,224
113900228,286,204,82
113900229,38,399,-361
113900230,3468,933,2535
113900231,51,138,-87
113900232,29,79,-50
113900233,19,36,-17
113900234,96,243,-147
113900235,38,16,22
113900236,25,301,-276
113900237,37,6,31
113900238,102,209,-107
113900239,52,34,18
113900240,1,73,-72
113900241,52,19,33
113900242,26,116,-90
113900243,81,302,-221
113900244,395,115,280
113900245,988,164,824
113900246,6,3,3
113900247,84,104,-20
113900248,2903,585,2318
113900249,998,141,857
113900250,17,86,-69
113900251,210,165,45
113900252,245,7,238
113900253,328,15,313
113900254,283,54,229
113900255,236,17,219
113900256,226,18,208
113900257,38,654,-616
113900258,3,449,-446
113900259,166,196,-30
113900260,54,12,42
113900261,12,128,-116
113900262,82,610,-528
113900263,39,405,-366
113900264,3,480,-477
113900265,119,170,-51
113900266,13,195,-182
113900267,72,365,-293
113900268,130,130,0
113900269,26,93,-67
113900270,160,240,-80
113900271,311,1103,-792
113900273,13,7,6
113900274,8,10,-2
113900275,6,38,-32
113900276,0,222,-222
113900277,23,1,22
113900278,206,101,105
113900279,92,78,14
113900280,867,475,392
113900281,158,629,-471
113900282,613,305,308
113900283,196,271,-75
113900284,378,89,289
113900285,77,17,60
113900286,8,121,-113
113900287,7,27,-20
113900288,2,55,-53
113900289,1231,54,1177
113900290,384,58,326
113900291,113,134,-21
113900292,0,3,-3
113900293,1,141,-140
113900294,174,12,162
113900295,383,170,213
113900296,2252,307,1945
113900297,378,21,357
113900298,5,1043,-1038
113900299,14,103,-89
113900300,4810,1728,3082
113900301,635,325,310
113900302,2094,433,1661
113900303,470,105,365
113900304,1,105,-104
113900305,35,0,35
113900306,5,0,5
113900307,11,0,11
113900308,67,72,-5
113900309,2,603,-601
113900310,0,5,-5
113900311,5,2,3
113900312,52,68,-16
113900313,14,2,12
113900314,0,7,-7
113900315,43,27,16
114000001,756,2538,-1782
114000002,94,415,-321
114000003,173,1156,-983
114000004,184,307,-123
114000005,148,206,-58
114000006,2760,1455,1305
114000007,312,1013,-701
114000008,922,643,279
114000009,157,142,15
114000011,1630,2637,-1007
114000012,1013,2395,-1382
114000013,676,1848,-1172
114000014,338,534,-196
114000015,494,482,12
114000016,150,337,-187
114000017,68,141,-73
114000018,281,63,218
114000026,480,1293,-813
114000027,1024,1680,-656
114000028,1138,1431,-293
114000038,60,114,-54
114000039,64,238,-174
114000040,40,154,-114
114000042,38,178,-140
114000043,86,262,-176
114000044,84,228,-144
114000045,32,81,-49
114000046,1739,3533,-1794
114000047,8,58,-50
114000048,60,198,-138
114000049,973,626,347
114000050,1281,716,565
114000051,2812,924,1888
114000052,1806,909,897
114000053,28,394,-366
114000054,33,1051,-1018
114000055,102,13,89
114000056,1350,407,943
114000057,6609,1731,4878
114000058,374,357,17
114000059,156,107,49
114000060,353,694,-341
114000061,2613,875,1738
114000062,1847,394,1453
114000063,3161,1289,1872
114000064,7223,1851,5372
114000065,1571,1479,92
114000066,191,525,-334
114000067,17,224,-207
114000068,380,273,107
114000069,530,266,264
114000070,1799,898,901
114000071,349,404,-55
114000072,87,283,-196
114000073,11,91,-80
114000074,5,18,-13
114000075,18,124,-106
114000076,22,171,-149
114000077,4,60,-56
114000078,72,1020,-948
114000079,29,33,-4
114000080,72,86,-14
114000081,41,74,-33
114000082,31,467,-436
114000083,9,244,-235
114000084,67,37,30
114000085,106,685,-579
114000086,75,450,-375
114000087,30,203,-173
114000088,58,84,-26
114000089,1142,313,829
114000090,493,334,159
114000091,1348,305,1043
114000092,630,199,431
114000093,481,379,102
114000094,231,295,-64
114000095,73,55,18
114000096,70,268,-198
114000097,60,510,-450
114000098,243,40,203
114000099,130,809,-679
114000100,390,568,-178
114000101,125,943,-818
114000102,141,218,-77
114000103,103,560,-457
114000104,5,244,-239
114000105,19,30,-11
114000106,538,234,304
114000107,80,81,-1
114000108,2672,1245,1427
114000109,202,442,-240
114000110,318,1543,-1225
114000111,509,308,201
114000112,221,2241,-2020
114000113,506,306,200
114000114,895,1584,-689
114000115,1018,437,581
114000116,219,600,-381
114000117,830,288,542
114000118,803,250,553
114000119,576,171,405
114000120,435,908,-473
114000121,270,496,-226
114000122,275,225,50
114000123,549,190,359
114000124,232,214,18
114000125,608,1624,-1016
114000126,495,141,354
114000127,59,156,-97
114000128,477,575,-98
114000130,240,329,-89
114000131,106,25,81
114000132,443,646,-203
114000133,806,984,-178
114000134,25,158,-133
114000138,14,160,-146
114000139,282,91,191
114000144,399,204,195
114000145,48,137,-89
114000146,92,273,-181
114000147,511,575,-64
114000148,2059,935,1124
114000149,227,139,88
114000150,1906,683,1223
114000151,1453,721,732
114000152,120,12,108
114000153,1350,1144,206
114000154,642,552,90
114000155,936,1041,-105
114000156,575,290,285
114000157,199,546,-347
114000158,2036,497,1539
114000159,209,293,-84
114000160,139,129,10
114000161,1128,785,343
114000162,549,572,-23
114000163,6,128,-122
114000165,181,105,76
114000166,492,128,364
114000167,3618,885,2733
114000168,640,549,91
114000169,1253,397,856
114000170,619,400,219
114000171,490,753,-263
114000174,110,299,-189
114000176,437,263,174
114000177,1582,604,978
114000178,28,59,-31
114000179,929,499,430
114000180,302,502,-200
114000181,920,1420,-500
114000182,3975,1627,2348
114000183,902,849,53
114000184,5451,1486,3965
114000185,662,693,-31
114000189,247,46,201
114000190,873,101,772
114000191,19,30,-11
114000192,243,1284,-1041
114000193,777,2653,-1876
114000194,796,1027,-231
114000195,24,8,16
114000196,7,270,-263
114000197,442,128,314
114000198,877,298,579
114000199,1485,825,660
114000200,541,1959,-1418
114000201,106,885,-779
114000202,579,709,-130
114000203,389,1045,-656
114000204,82,305,-223
114000205,189,1547,-1358
114000206,254,1090,-836
114000207,410,1883,-1473
114000208,285,2700,-2415
114000209,497,2997,-2500
114000210,263,1522,-1259
114000211,617,1151,-534
114000212,322,631,-309
114000213,710,474,236
114000214,38,185,-147
114000215,66,57,9
114000216,511,181,330
114000217,82,277,-195
114000218,65,308,-243
114000219,461,223,238
114000220,4,1312,-1308
114000221,197,62,135
114000222,124,1078,-954
114000223,189,34,155
114000224,77,591,-514
114000225,91,427,-336
114000226,28,186,-158
114000227,526,439,87
114000228,373,735,-362
114000229,423,1114,-691
114000230,1058,1329,-271
114000231,475,1031,-556
114000232,221,106,115
114000233,862,83,779
114000234,667,878,-211
114000235,512,1410,-898
114000236,0,385,-385
114000237,79,1103,-1024
114000238,9,123,-114
114000239,71,1324,-1253
114000240,406,538,-132
114000241,170,1023,-853
114000242,660,769,-109
114000243,597,620,-23
114000244,367,296,71
114000245,214,433,-219
114000246,121,40,81
114000247,337,579,-242
114000248,446,406,40
114000249,289,434,-145
114000250,207,358,-151
114000251,98,284,-186
114000252,36,105,-69
114000253,18,182,-164
114000254,4,75,-71
114000255,324,114,210
114000256,1732,327,1405
114000257,695,1922,-1227
114000258,69,432,-363
114000259,30,199,-169
114000260,0,13,-13
114000261,17,9,8
114000262,24,120,-96
114000263,10,3,7
114000264,207,445,-238
114000265,0,0,0
114000267,4,951,-947
114000268,0,1619,-1619
114000270,75,0,75
114000271,203,54,149
114000283,307,347,-40
114000285,32,261,-229
114000288,22,387,-365
114000289,660,157,503
114000293,71,290,-219
114000294,134,257,-123
114000395,687,55,632
114000396,136,234,-98
114000402,222,273,-51
114000403,157,512,-355
114000405,88,552,-464
114000423,78,460,-382
114000424,125,196,-71
114000425,154,510,-356
114000426,150,373,-223
114000427,46,68,-22
114000428,250,50,200
114000429,5,130,-125
114000432,56,120,-64
114000434,21,82,-61
114000435,1,110,-109
114900001,217,1261,-1044
114900002,201,46,155
114900003,149,1830,-1681
114900004,101,145,-44
114900005,164,776,-612
114900006,9,16,-7
114900007,48,14,34
114900008,38,19,19
114900010,2423,1195,1228
114900011,21,82,-61
114900013,59,75,-16
114900018,642,71,571
114900020,38,31,7
114900022,6,799,-793
114900025,139,175,-36
114900026,49,57,-8
114900029,45,18,27
114900030,66,149,-83
114900031,94,23,71
114900032,62,27,35
114900034,39,183,-144
114900035,117,159,-42
114900036,135,949,-814
114900039,218,640,-422
114900040,27,161,-134
114900041,179,612,-433
114900042,239,818,-579
114900044,54,11,43
114900047,116,870,-754
114900048,43,282,-239
114900049,28,327,-299
114900050,39,564,-525
114900051,24,528,-504
114900052,56,136,-80
114900053,13,204,-191
114900054,32,109,-77
114900057,117,5,112
114900058,0,58,-58
114900059,40,20,20
114900063,41,198,-157
114900064,402,628,-226
114900065,151,561,-410
114900067,12,292,-280
114900068,92,284,-192
114900069,163,115,48
114900070,148,573,-425
114900072,10,208,-198
114900073,1,165,-164
114900074,104,807,-703
114900075,79,0,79
114900076,4,294,-290
114900080,2589,293,2296
114900082,3092,902,2190
114900083,382,561,-179
114900090,85,105,-20
114900091,97,131,-34
114900097,30,1,29
114900098,3,163,-160
114900099,57,2,55
115000001,7946,5444,2502
115000002,2050,2290,-240
115000003,2989,3632,-643
115000004,1602,3032,-1430
115000005,1018,2506,-1488
115000006,365,1139,-774
115000007,58,110,-52
115000008,412,343,69
115000009,94,279,-185
115000010,172,87,85
115000013,104,85,19
115000015,104,135,-31
115000016,42,130,-88
115000019,10,253,-243
115000020,105,210,-105
115000021,197,299,-102
115000022,345,264,81
115000023,177,310,-133
115000024,723,341,382
115000025,521,311,210
115000026,103,229,-126
115000027,76,218,-142
115000028,110,508,-398
115000029,215,89,126
115000030,148,595,-447
115000031,463,123,340
115000032,6,263,-257
115000033,96,9,87
115000034,103,829,-726
115000035,496,32,464
115000036,0,331,-331
115000037,174,4,170
115000038,32,169,-137
115000039,2464,1464,1000
115000040,5401,2501,2900
115000041,637,1657,-1020
115000042,413,470,-57
115000043,1995,1779,216
115000044,2305,3628,-1323
115000045,1388,2508,-1120
115000046,920,1790,-870
115000047,1063,1715,-652
115000048,1066,2612,-1546
115000049,1154,2260,-1106
115000050,1612,1503,109
115000051,1710,1059,651
115000052,2712,1599,1113
115000053,1095,903,192
115000054,692,1124,-432
115000055,68,295,-227
115000056,140,177,-37
115000057,216,535,-319
115000058,143,125,18
115000059,96,222,-126
115000061,106,59,47
115000062,91,281,-190
115000063,126,280,-154
115000064,202,136,66
115000065,21,189,-168
115000067,209,39,170
115000069,21,211,-190
115000070,22,375,-353
115000071,65,7,58
115000072,17,43,-26
115000073,1275,21,1254
115000075,24,40,-16
115000076,2597,2948,-351
115000077,812,3284,-2472
115000078,380,1789,-1409
115000079,564,2064,-1500
115000080,1020,2436,-1416
115000081,259,753,-494
115000082,1999,2025,-26
115000083,1172,3003,-1831
115000084,689,864,-175
115000085,277,993,-716
115000086,433,921,-488
115000087,407,1256,-849
115000088,1159,434,725
115000089,1274,1230,44
115000090,723,458,265
115000091,231,1212,-981
115000092,263,315,-52
115000093,267,3,264
115000094,6511,3664,2847
115000095,5527,3136,2391
115000096,417,1753,-1336
115000097,333,731,-398
115000098,350,775,-425
115000099,1057,2885,-1828
115000100,388,347,41
115000101,318,1310,-992
115000102,194,135,59
115000103,271,772,-501
115000105,43,235,-192
115000106,219,239,-20
115000107,92,592,-500
115000108,3260,2610,650
115000109,4601,1883,2718
115000110,820,497,323
115000111,525,1207,-682
115000112,322,317,5
115000113,366,634,-268
115000114,1358,700,658
115000116,2113,839,1274
115000117,2649,1139,1510
115000118,1044,1031,13
115000119,1239,1107,132
115000120,351,510,-159
115000121,1579,523,1056
115000122,3755,504,3251
115000123,1465,869,596
115000124,495,473,22
115000125,198,433,-235
115000126,78,208,-130
115000127,236,81,155
115000128,751,536,215
115000129,179,119,60
115000130,204,841,-637
115000131,225,226,-1
115000132,44,387,-343
115000133,140,316,-176
115000134,64,161,-97
115000135,65,239,-174
115000136,77,191,-114
115000137,51,141,-90
115000138,95,196,-101
115000139,127,213,-86
115000140,87,173,-86
115000141,55,271,-216
115000142,70,250,-180
115000143,235,395,-160
115000144,250,53,197
115000145,150,455,-305
115000146,164,175,-11
115000147,227,445,-218
115000148,248,1170,-922
115000149,239,151,88
115000150,484,1094,-610
115000151,407,315,92
115000152,329,1403,-1074
115000153,346,286,60
115000154,300,195,105
115000155,262,959,-697
115000156,686,391,295
115000157,701,741,-40
115000158,485,260,225
115000159,737,238,499
115000160,408,163,245
115000161,151,438,-287
115000162,475,385,90
115000163,464,492,-28
115000164,409,410,-1
115000165,334,263,71
115000167,63,67,-4
115000168,583,228,355
115000169,485,263,222
115000170,98,126,-28
115000171,202,168,34
115000172,1378,337,1041
115000173,229,154,75
115000174,55,157,-102
115000175,81,82,-1
115000176,73,32,41
115000177,92,55,37
115000178,7,200,-193
115000179,11,16,-5
115000180,38,467,-429
115000181,226,111,115
115000182,256,276,-20
115000183,75,750,-675
115000186,375,203,172
115000187,90,532,-442
115000188,303,357,-54
115000189,116,404,-288
115000190,421,353,68
115000191,144,293,-149
115000194,70,86,-16
115000195,192,124,68
115000196,40,111,-71
115000197,75,356,-281
115000198,99,241,-142
115000199,89,280,-191
115000200,112,105,7
115000201,55,327,-272
115000206,88,55,33
115000207,28,292,-264
115000208,392,550,-158
115000209,306,80,226
115000210,62,101,-39
115000211,94,135,-41
115000212,1149,191,958
115000224,94,54,40
115000225,19,32,-13
115000229,183,119,64
115000230,70,321,-251
115000231,285,2377,-2092
115000232,784,335,449
115000233,50,219,-169
115000234,9,151,-142
115000241,16,314,-298
115000242,38,326,-288
115000243,17,226,-209
115000244,6,83,-77
115000246,24,15,9
115000247,15,5,10
115000248,15,8,7
115000249,26,8,18
115000250,103,32,71
115000251,78,107,-29
115000252,19,133,-114
115000253,11,146,-135
115000258,120,150,-30
115000259,208,113,95
115000261,2,30,-28
115000262,6,37,-31
115000263,7,36,-29
115000264,10,40,-30
115000267,24,53,-29
115000268,37,76,-39
115000269,87,76,11
115000270,0,7,-7
115000272,24,119,-95
115000273,137,37,100
115000280,3037,57,2980
115000281,712,84,628
115000282,625,233,392
115000284,308,55,253
115000296,380,5,375
115000297,50,26,24
115000298,13,61,-48
115000300,24,177,-153
115000302,134,173,-39
115000303,214,108,106
115000304,257,69,188
115000305,30,876,-846
115000306,45,574,-529
115000307,15,313,-298
115000308,42,12,30
115000309,1,2,-1
115000310,378,1222,-844
115000311,266,1145,-879
115000313,76,586,-510
115000314,158,41,117
115000315,1120,251,869
115000316,48,48,0
115000317,108,456,-348
115000318,413,150,263
115000319,51,258,-207
115000320,2,85,-83
115000321,364,3,361
115000322,31,272,-241
115000449,213,67,146
115000557,2,366,-364
115000558,167,70,97
115000587,214,270,-56
115000588,1666,3474,-1808
115000589,1856,2180,-324
115000590,549,1285,-736
115000591,1183,612,571
115000592,642,1236,-594
115000593,791,357,434
115000594,624,1226,-602
115000609,109,126,-17
115000617,1457,1099,358
115000624,112,76,36
115000633,250,1418,-1168
115000634,1876,498,1378
115000635,205,110,95
115000638,1050,762,288
115000641,72,112,-40
115000642,280,179,101
115000643,78,338,-260
115000644,113,320,-207
115000646,467,654,-187
115000647,58,290,-232
115000648,704,1457,-753
115000893,3363,765,2598
115000894,52,914,-862
115000895,367,712,-345
115000896,981,257,724
115000897,354,52,302
115000898,420,129,291
115000899,872,829,43
115000900,60,260,-200
115000901,78,74,4
115000912,99,55,44
115000913,1,28,-27
115000915,8,1,7
115000916,0,0,0
115000917,0,3,-3
115000918,76,130,-54
115000919,16,1,15
115000920,24,24,0
115000921,1001,55,946
115000922,1236,354,882
115000923,423,640,-217
115000925,35,67,-32
115000927,15,14,1
115000933,357,119,238
115000934,64,160,-96
115000935,32,82,-50
115000936,45,180,-135
115000937,1166,89,1077
115000938,316,113,203
115000939,388,117,271
115000940,10,1,9
115000941,1,6,-5
115000942,37,37,0
115000943,54,6,48
115000944,4,8,-4
115900001,22,72,-50
115900002,93,114,-21
115900003,65,90,-25
115900004,2,68,-66
115900005,42,4,38
115900006,46,377,-331
115900008,18,9,9
115900009,44,249,-205
115900010,60,183,-123
115900011,132,247,-115
115900012,39,72,-33
115900013,213,108,105
115900014,70,154,-84
115900015,13,125,-112
115900016,21,18,3
115900017,1,1,0
115900018,185,86,99
115900019,133,18,115
115900020,6,0,6
115900021,1788,72,1716
115900022,1890,6,1884
115900023,10,1,9
115900025,53,121,-68
115900026,660,308,352
115900027,1,337,-336
115900028,456,43,413
115900029,4,464,-460
115900030,18,5,13
115900031,379,96,283
115900032,224,608,-384
115900033,1,26,-25
115900034,18,488,-470
115900035,23,108,-85
115900036,173,230,-57
115900037,11,529,-518
115900038,8,8,0
115900039,73,255,-182
115900041,197,301,-104
115900042,2,4,-2
115900043,15,134,-119
115900044,137,150,-13
115900046,101,272,-171
115900047,39,36,3
115900049,47,147,-100
115900051,0,81,-81
115900052,8,294,-286
115900053,46,258,-212
115900054,64,37,27
115900055,18,138,-120
115900056,61,299,-238
115900057,15,0,15
115900058,49,91,-42
115900060,17,94,-77
115900061,30,0,30
115900062,8,332,-324
115900063,58,6,52
115900064,111,228,-117
115900065,21,119,-98
115900066,125,152,-27
115900067,2,792,-790
115900068,3710,108,3602
115900069,31,143,-112
115900070,64,226,-162
115900071,0,519,-519
115900072,66,185,-119
115900073,16,17,-1
115900074,5,342,-337
115900075,6,273,-267
115900076,6,89,-83
115900077,9,328,-319
115900078,14,115,-101
115900079,62,9,53
115900080,293,149,144
115900081,4,79,-75
115900082,106,107,-1
115900084,99,36,63
115900085,57,43,14
115900086,1135,304,831
115900088,27,38,-11
115900089,69,784,-715
115900090,92,11,81
115900091,2,9,-7
115900092,38,231,-193
115900093,4,45,-41
115900094,4,425,-421
115900096,1,10,-9
115900097,7,524,-517
115900098,47,402,-355
115900099,14,77,-63
115900100,4,391,-387
115900101,63,370,-307
115900102,12,97,-85
115900103,111,205,-94
115900104,7,141,-134
115900105,63,592,-529
115900106,23,21,2
115900107,11,181,-170
115900108,34,54,-20
115900109,26,342,-316
115900110,1,12,-11
115900111,1,42,-41
115900112,12,604,-592
115900113,9,13,-4
115900114,0,157,-157
115900115,20,114,-94
115900116,68,635,-567
115900117,25,11,14
115900118,1,422,-421
115900119,19,51,-32
115900120,15,261,-246
115900121,69,156,-87
115900124,115,226,-111
115900125,108,25,83
115900126,295,53,242
115900127,276,20,256
115900128,3,74,-71
115900129,281,19,262
115900130,17,157,-140
115900131,84,10,74
115900132,124,9,115
115900134,93,6,87
115900135,424,291,133
115900137,5,3,2
115900139,46,49,-3
115900140,92,6,86
115900141,9,39,-30
115900142,6,14,-8
115900143,51,160,-109
115900144,27,128,-101
115900146,0,144,-144
115900147,110,136,-26
115900148,4,16,-12
115900149,30,34,-4
115900150,18,80,-62
115900151,5,34,-29
115900152,26,348,-322
115900153,21,184,-163
115900154,380,257,123
115900155,0,74,-74
115900156,315,461,-146
115900157,30,267,-237
115900158,24,2,22
115900159,19,165,-146
115900160,13,3,10
115900161,22,131,-109
115900163,54,80,-26
115900164,76,40,36
115900166,114,145,-31
115900168,18,123,-105
115900171,29,221,-192
115900172,12,121,-109
115900173,113,139,-26
115900174,185,178,7
115900175,41,156,-115
115900178,3,602,-599
115900179,79,24,55
115900180,28,287,-259
115900181,39,268,-229
115900182,147,298,-151
115900183,64,20,44
115900184,1365,19,1346
115900187,10,78,-68
115900189,0,47,-47
115900190,224,308,-84
115900191,27,368,-341
115900192,1,51,-50
115900193,51,19,32
115900194,162,22,140
115900195,260,591,-331
115900198,106,148,-42
115900199,139,158,-19
115900200,186,192,-6
115900201,229,107,122
115900202,1,1,0
115900203,2,3,-1
115900204,0,0,0
115900205,13,7,6
115900206,42,130,-88
115900207,7,25,-18
115900208,45,325,-280
115900209,2,133,-131
115900210,4,121,-117
115900211,2,135,-133
115900212,53,161,-108
115900213,31,18,13
115900214,118,229,-111
115900215,20,29,-9
115900216,1,60,-59
115900217,1,66,-65
115900218,1,45,-44
115900219,32,4,28
115900220,29,3,26
115900221,17,7,10
115900222,9,1,8
115900223,9,49,-40
115900224,1359,248,1111
115900225,84,11,73
115900226,12,13,-1
115900227,1,16,-15
115900228,1,42,-41
115900229,4,34,-30
115900230,48,54,-6
115900231,40,1,39
115900232,11,2,9
115900233,51,3,48
115900234,24,12,12
115900235,3,10,-7
115900236,7,5,2
115900237,2,29,-27
115900238,5,11,-6
115900239,1,29,-28
115900240,4,76,-72
115900241,63,64,-1
115900242,163,156,7
115900243,9,7,2
115900244,0,8,-8
115900245,22,6,16
115900246,4,1,3
115900247,7,0,7
115900248,7,3,4
115900249,2,3,-1
115900250,0,9,-9
115900251,0,5,-5
115900252,0,2,-2
115900253,2,7,-5
115900254,6,11,-5
115900255,1,11,-10
115900256,17,18,-1
115900257,0,1,-1
115900258,0,0,0
115900259,2,2,0
115900260,19,2,17
115900261,4,1,3
115900262,1,1,0
115900263,1,2,-1
115900264,10,3,7
115900265,1,4,-3
115900266,5,5,0
115900267,4,2,2
115900268,3,4,-1
115900269,117,313,-196
115900270,97,673,-576
115900271,24,0,24
115900272,4,0,4
115900273,1,0,1
115900274,6,7,-1
115900275,1,30,-29
115900276,1,66,-65
115900277,0,144,-144
115900278,14,64,-50
115900279,4,101,-97
115900280,13,104,-91
115900281,492,96,396
115900282,12,9,3
115900283,4,3,1
115900284,4,11,-7
116000001,15075,3949,11126
116000002,3075,2988,87
116000003,970,1466,-496
116000004,894,1100,-206
116000005,1768,2689,-921
116000006,1118,824,294
116000007,2615,3343,-728
116000008,2303,1173,1130
116000009,1382,2454,-1072
116000010,914,620,294
116000011,524,1756,-1232
116000012,401,392,9
116000013,13186,3249,9937
116000014,17680,4584,13096
116000015,392,449,-57
116000016,6595,1278,5317
116000017,24,322,-298
116000018,606,307,299
116000019,385,204,181
116000020,321,924,-603
116000021,145,215,-70
116000022,241,453,-212
116000023,353,258,95
116000024,585,1226,-641
116000025,321,321,0
116000026,1194,1795,-601
116000027,210,393,-183
116000028,174,393,-219
116000029,709,472,237
116000030,206,208,-2
116000031,85,144,-59
116000032,218,309,-91
116000033,178,362,-184
116000034,283,698,-415
116000035,241,471,-230
116000036,1753,332,1421
116000037,514,300,214
116000038,415,251,164
116000039,487,234,253
116000040,609,169,440
116000041,239,482,-243
116000042,263,170,93
116000043,47,393,-346
116000044,9,77,-68
116000045,912,822,90
116000046,843,677,166
116000047,1458,1280,178
116000048,1459,1261,198
116000049,483,1450,-967
116000050,844,1105,-261
116000051,1570,1449,121
116000052,2015,2813,-798
116000053,899,939,-40
116000054,418,2151,-1733
116000055,280,1432,-1152
116000056,378,771,-393
116000057,2253,1883,370
116000058,1965,1460,505
116000059,1674,2722,-1048
116000060,3242,820,2422
116000061,373,643,-270
116000062,501,381,120
116000063,389,832,-443
116000066,120,222,-102
116000067,220,478,-258
116000068,110,174,-64
116000069,181,410,-229
116000078,196,772,-576
116000080,632,795,-163
116000082,4,91,-87
116000083,668,259,409
116000084,1534,3415,-1881
116000085,1207,654,553
116000086,1745,1381,364
116000087,794,732,62
116000088,512,985,-473
116000089,137,59,78
116000090,91,110,-19
116000091,105,142,-37
116000093,508,302,206
116000094,198,484,-286
116000095,297,399,-102
116000096,349,794,-445
116000097,235,573,-338
116000098,204,2468,-2264
116000099,7045,268,6777
116000100,47,18,29
116000101,208,1222,-1014
116000102,113,1044,-931
116000103,220,166,54
116000104,58,1291,-1233
116000105,356,201,155
116000106,310,1046,-736
116000107,876,398,478
116000108,48,127,-79
116000111,25,11,14
116000113,99,34,65
116000114,22,143,-121
116000115,62,33,29
116000116,115,465,-350
116000117,725,1386,-661
116000118,659,1250,-591
116000119,1054,1057,-3
116000120,1667,3828,-2161
116000121,379,228,151
116000122,1066,2174,-1108
116000123,241,343,-102
116000124,153,1054,-901
116000125,780,400,380
116000126,159,1310,-1151
116000127,768,1286,-518
116000128,741,469,272
116000129,420,196,224
116000130,188,178,10
116000133,254,774,-520
116000134,971,2366,-1395
116000135,757,1072,-315
116000136,752,2183,-1431
116000137,505,435,70
116000138,1057,264,793
116000139,1300,1807,-507
116000140,63,190,-127
116000141,263,835,-572
116000142,3333,3758,-425
116000143,1578,1138,440
116000144,830,2731,-1901
116000145,1023,1162,-139
116000146,161,366,-205
116000147,169,90,79
116000148,192,273,-81
116000149,254,464,-210
116000151,361,902,-541
116000153,32,330,-298
116000155,143,162,-19
116000156,569,758,-189
116000157,23,12,11
116000158,222,288,-66
116000159,13,6,7
116000160,9,82,-73
116000161,9,89,-80
116000162,32,57,-25
116000163,8,3,5
116000164,2,4,-2
116000177,25,71,-46
116000194,33,245,-212
116000195,953,465,488
116000196,1,9,-8
116000197,0,5,-5
116000198,2004,812,1192
116000200,527,150,377
116000201,373,523,-150
116000202,5,278,-273
116000203,4,76,-72
116000204,11,42,-31
116000205,0,105,-105
116000206,1,82,-81
116000207,0,15,-15
116000233,74,692,-618
116000287,51,559,-508
116000288,54,210,-156
116000292,10,138,-128
116000296,3,181,-178
116000297,56,20,36
116000304,43,21,22
116000305,15,40,-25
116000346,74,190,-116
116000352,52,37,15
116000354,19,1,18
116000357,35,16,19
116000358,77,19,58
116000361,580,1,579
116000372,8228,1727,6501
116000381,31,0,31
116000388,3,32,-29
116000389,436,421,15
116000445,98,668,-570
116000446,120,840,-720
116000447,2,410,-408
116000448,392,210,182
116000563,619,398,221
116000565,71,379,-308
116000568,31,102,-71
116000579,24,83,-59
116000583,28,47,-19
116000584,9,16,-7
116000585,9,13,-4
116000586,148,56,92
116000587,208,398,-190
116000589,13,69,-56
116000590,23,43,-20
116000591,37,239,-202
116000592,12,109,-97
116000593,0,34,-34
116000594,138,480,-342
116000595,224,142,82
116000596,42,6,36
116000597,78,31,47
116000598,6,162,-156
116000605,130,91,39
116000606,12,99,-87
116000607,3,44,-41
116000609,103,323,-220
116000611,55,502,-447
116000612,436,1533,-1097
116000613,180,233,-53
116000614,316,715,-399
116000615,1,86,-85
116000616,18,98,-80
116000617,26,107,-81
116000618,1,133,-132
116000619,6,40,-34
116000620,16,26,-10
116000621,10,45,-35
116000622,20,108,-88
116000624,41,50,-9
116000627,14,84,-70
116000628,28,517,-489
116000629,10,312,-302
116000630,101,24,77
116000631,39,37,2
116000632,168,102,66
116000633,37,294,-257
116000634,165,288,-123
116000635,2885,1310,1575
116000636,1445,757,688
116000637,95,97,-2
116000638,45,359,-314
116000639,16,1,15
116000640,9,7,2
116000641,52,140,-88
116000643,0,144,-144
116000644,7,946,-939
116000645,8,20,-12
116900001,123,117,6
116900002,209,2,207
116900003,15,71,-56
116900004,13,19,-6
116900005,74,32,42
116900006,114,115,-1
116900007,96,191,-95
116900008,94,494,-400
116900009,4,3,1
116900010,3,1717,-1714
116900011,14,28,-14
116900012,57,181,-124
116900013,1,135,-134
116900014,24,397,-373
116900016,37,0,37
116900017,1,586,-585
116900018,18,24,-6
116900019,0,281,-281
116900020,1203,193,1010
116900023,30,5,25
116900025,241,879,-638
116900026,122,617,-495
116900027,4,15,-11
116900028,2,89,-87
116900029,1,7,-6
116900031,1,7,-6
116900032,4,280,-276
116900033,3,7,-4
116900034,3,57,-54
116900035,48,155,-107
116900036,4,93,-89
116900038,14,1,13
116900041,28,15,13
116900042,814,130,684
116900043,10,58,-48
116900047,67,12,55
116900049,57,216,-159
116900050,62,400,-338
116900051,24,257,-233
116900052,96,55,41
116900055,3,5,-2
116900057,8,231,-223
116900058,13,287,-274
116900059,0,151,-151
116900060,118,216,-98
116900062,0,1,-1
116900064,31,899,-868
116900065,9,68,-59
116900067,44,107,-63
116900068,71,403,-332
116900070,0,0,0
116900072,7,375,-368
116900073,4,144,-140
116900074,2,41,-39
116900076,2,14,-12
116900077,6,181,-175
116900078,188,87,101
116900079,14,296,-282
116900080,4,14,-10
116900081,183,1031,-848
116900082,60,983,-923
116900083,40,44,-4
116900084,129,45,84
116900085,8,127,-119
116900086,11,160,-149
116900088,319,49,270
116900090,104,29,75
116900091,47,51,-4
116900092,58,752,-694
116900093,1420,1385,35
116900094,5679,1400,4279
116900095,105,149,-44
116900096,58,83,-25
116900097,2966,1014,1952
116900098,812,146,666
116900099,372,304,68
116900100,308,20,288
116900101,190,615,-425
116900103,1,0,1
116900104,20,52,-32
116900105,227,30,197
116900106,503,206,297
116900107,3438,754,2684
116900110,7,0,7
116900111,129,913,-784
116900112,86,619,-533
116900113,1981,600,1381
116900116,67,205,-138
116900117,11,59,-48
116900118,986,487,499
116900120,82,95,-13
116900121,35,37,-2
116900122,170,745,-575
116900123,42,830,-788
116900124,93,653,-560
116900125,76,190,-114
116900126,154,409,-255
116900128,0,32,-32
116900129,1,307,-306
116900130,786,1260,-474
116900131,34,116,-82
116900132,8,51,-43
116900133,64,81,-17
116900134,84,172,-88
116900136,54,137,-83
116900137,119,137,-18
116900138,137,179,-42
116900139,41,362,-321
116900140,83,120,-37
116900141,241,237,4
116900142,0,19,-19
116900143,107,404,-297
116900144,4,36,-32
116900145,32,261,-229
116900147,471,210,261
116900148,0,20,-20
116900149,12,73,-61
116900150,7,8,-1
116900151,68,10,58
116900153,36,40,-4
116900154,422,114,308
116900155,46,31,15
116900157,104,224,-120
116900158,42,70,-28
116900159,26,140,-114
116900160,249,143,106
116900161,7820,2463,5357
116900162,12,116,-104
116900163,42,118,-76
116900164,20,12,8
116900165,86,89,-3
116900166,8,79,-71
116900167,115,36,79
116900168,78,60,18
116900169,475,143,332
116900170,66,182,-116
116900171,23,184,-161
116900172,193,77,116
116900173,44,33,11
116900174,9,33,-24
116900175,105,57,48
116900178,4,132,-128
116900179,38,66,-28
116900180,52,13,39
116900182,182,143,39
116900183,66,47,19
116900185,8,16,-8
116900186,56,276,-220
116900187,5,20,-15
116900188,46,8,38
116900189,6,0,6
116900191,175,204,-29
116900192,121,94,27
116900194,50,337,-287
116900195,26,5,21
116900196,15,91,-76
116900197,21,2,19
116900198,172,112,60
116900200,29,41,-12
116900201,25,3,22
116900202,114,37,77
116900203,38,0,38
116900204,19,31,-12
116900206,8,39,-31
116900207,6,6,0
116900208,4,114,-110
116900209,7,109,-102
116900210,169,108,61
116900211,122,11,111
116900212,3,76,-73
116900213,142,135,7
116900214,54,129,-75
116900215,20,93,-73
116900216,97,322,-225
116900218,2,298,-296
116900219,543,280,263
116900220,48,158,-110
116900221,32,224,-192
116900222,282,186,96
116900223,75,96,-21
116900226,8,84,-76
116900227,63,53,10
116900228,106,255,-149
116900230,42,843,-801
116900233,158,150,8
116900234,15,3,12
116900235,66,250,-184
116900238,1118,211,907
116900239,19,454,-435
116900240,4989,1731,3258
116900241,18,103,-85
116900242,1036,149,887
116900243,6,38,-32
116900245,31,10,21
116900246,27,16,11
116900247,182,9,173
116900248,27,11,16
116900249,66,79,-13
116900250,88,38,50
116900251,305,101,204
116900252,25,728,-703
116900254,1,52,-51
116900255,92,28,64
116900256,96,69,27
116900257,1,494,-493
116900258,4,342,-338
116900259,39,1,38
116900260,0,168,-168
116900261,10,1,9
116900262,49,155,-106
116900263,0,14,-14
116900264,14,15,-1
116900265,17,0,17
116900266,7,62,-55
116900267,0,2,-2
116900268,16,1,15
116900269,187,350,-163
116900271,1632,59,1573
116900272,504,499,5
116900273,221,38,183
116900274,23,50,-27
116900275,55,110,-55
116900276,305,27,278
116900277,492,16,476
116900278,0,15,-15
116900279,0,28,-28
116900280,4,19,-15
116900281,5600,1271,4329
116900282,3,117,-114
116900283,9,128,-119
116900284,23,150,-127
116900285,314,90,224
116900286,191,14,177
116900287,2,50,-48
116900288,26,142,-116
116900289,6,28,-22
116900290,1,28,-27
116900291,2,7,-5
116900292,10,7,3
116900293,18,84,-66
116900294,20,94,-74
116900295,90,28,62
116900296,30,72,-42
116900297,4,69,-65
116900298,96,31,65
116900299,30,32,-2
116900300,3,115,-112
116900301,46,89,-43
116900302,30,37,-7
116900303,342,38,304
116900304,0,97,-97
116900305,15,22,-7
116900306,41,151,-110
116900307,16,0,16
116900308,4,243,-239
116900309,16,116,-100
116900310,5,56,-51
117000001,710,944,-234
117000002,1169,3292,-2123
117000003,4511,2169,2342
117000004,3369,4092,-723
117000005,1041,1096,-55
117000006,726,4009,-3283
117000007,1762,1196,566
117000008,867,3596,-2729
117000009,3166,1213,1953
117000010,2177,3683,-1506
117000011,819,1814,-995
117000012,911,1584,-673
117000013,784,1178,-394
117000014,583,2067,-1484
117000015,2317,902,1415
117000016,439,62,377
117000017,498,132,366
117000018,123,167,-44
117000019,86,14,72
117000020,734,649,85
117000021,3066,517,2549
117000022,394,39,355
117000023,509,154,355
117000024,314,51,263
117000025,661,515,146
117000026,2503,507,1996
117000027,3590,805,2785
117000028,3851,398,3453
117000030,1117,556,561
117000031,461,230,231
117000032,1664,1205,459
117000033,784,694,90
117000034,321,296,25
117000035,213,180,33
117000036,313,283,30
117000037,241,153,88
117000038,214,388,-174
117000039,293,256,37
117000040,72,1235,-1163
117000041,321,106,215
117000044,9,1072,-1063
117000045,235,51,184
117000046,313,710,-397
117000047,478,495,-17
117000048,1481,1038,443
117000049,123,362,-239
117000050,61,2314,-2253
117000051,1005,167,838
117000052,6,605,-599
117000053,70,45,25
117000054,789,1,788
117000055,153,3021,-2868
117000056,269,8,261
117000057,531,1785,-1254
117000060,281,1853,-1572
117000061,686,571,115
117000062,159,528,-369
117000063,810,511,299
117000064,878,770,108
117000066,880,592,288
117000067,98,267,-169
117000074,130,178,-48
117000076,92,36,56
117000077,82,52,30
117000078,105,496,-391
117000079,145,136,9
117000080,1,357,-356
117000081,528,100,428
117000082,14,55,-41
117000083,78,11,67
117000084,247,3,244
117000085,105,396,-291
117000086,893,614,279
117000087,155,354,-199
117000088,119,173,-54
117000089,817,303,514
117000090,136,1249,-1113
117000091,311,337,-26
117000092,217,1589,-1372
117000093,532,484,48
117000094,426,2318,-1892
117000095,1161,619,542
117000096,334,2265,-1931
117000097,535,1030,-495
117000098,1993,5122,-3129
117000099,1182,694,488
117000100,89,130,-41
117000101,135,1331,-1196
117000102,625,378,247
117000103,646,1789,-1143
117000104,632,381,251
117000105,604,2060,-1456
117000106,573,629,-56
117000107,319,2350,-2031
117000108,727,616,111
117000109,1475,2657,-1182
117000110,830,437,393
117000111,2895,4109,-1214
117000112,1641,1489,152
117000113,45,321,-276
117000114,96,116,-20
117000115,52,132,-80
117000116,62,219,-157
117000117,956,338,618
117000118,180,141,39
117000119,246,33,213
117000120,393,71,322
117000121,296,294,2
117000122,494,616,-122
117000123,1613,26,1587
117000124,774,20,754
117000125,459,25,434
117000126,58,56,2
117000127,118,260,-142
117000128,440,457,-17
117000129,633,314,319
117000130,61,4,57
117000131,0,219,-219
117000132,765,30,735
117000133,304,63,241
117000134,1,53,-52
117000135,3,32,-29
117000136,0,51,-51
117000137,35,29,6
117000138,1,513,-512
117000140,384,1721,-1337
117000141,948,515,433
117000181,795,328,467
117000182,201,127,74
117000195,140,1169,-1029
117000196,38,43,-5
117000225,122,3,119
117000226,1,78,-77
117000276,59,3,56
117000277,0,478,-478
117000310,1797,2000,-203
117000315,30,498,-468
117000320,77,0,77
117000906,90,12,78
117000907,1,436,-435
117000909,69,18,51
117000910,206,98,108
117000911,97,259,-162
117000915,8,547,-539
117000916,21,2,19
117000917,345,9,336
117000918,24,54,-30
117000919,9,154,-145
117000920,4,1396,-1392
117000921,4,2045,-2041
117000922,36,153,-117
117000924,260,551,-291
117000926,1269,64,1205
117000927,2041,215,1826
117000928,3,251,-248
117000929,54,433,-379
117000930,81,21,60
117000931,910,41,869
117900002,67,333,-266
117900003,725,267,458
117900005,0,5,-5
117900006,0,46,-46
117900007,62,190,-128
117900008,0,37,-37
117900010,148,127,21
117900011,24,24,0
117900012,33,170,-137
117900013,0,270,-270
117900014,499,253,246
117900015,18,240,-222
117900016,1036,270,766
117900017,354,580,-226
117900018,232,17,215
117900019,231,582,-351
117900020,40,220,-180
117900021,8,101,-93
117900023,629,101,528
117900024,65,129,-64
117900025,8,7,1
117900026,115,406,-291
117900028,35,2,33
117900029,111,916,-805
117900030,114,130,-16
117900031,114,52,62
117900032,344,235,109
117900033,88,1018,-930
117900034,32,55,-23
117900035,67,34,33
117900036,99,769,-670
117900037,41,113,-72
117900038,15,378,-363
117900039,2,68,-66
117900040,44,533,-489
117900041,1,67,-66
117900042,4003,321,3682
117900043,22,42,-20
117900044,22,1904,-1882
117900045,76,74,2
117900048,107,298,-191
117900049,60,755,-695
117900050,11,22,-11
117900051,27,3,24
117900052,20,157,-137
117900053,473,683,-210
117900054,0,6,-6
117900055,83,129,-46
117900056,394,20,374
117900057,595,1128,-533
117900058,91,8,83
117900059,203,49,154
117900060,475,4690,-4215
117900061,8,119,-111
117900063,106,222,-116
117900065,609,1006,-397
117900066,1,26,-25
117900067,296,322,-26
117900069,286,453,-167
117900070,207,4,203
117900071,56,95,-39
117900073,150,364,-214
117900074,94,6,88
117900075,44,83,-39
117900076,16,62,-46
117900077,143,118,25
117900078,124,291,-167
117900080,109,42,67
117900081,456,431,25
117900082,141,203,-62
117900083,123,688,-565
117900086,71,56,15
117900087,38,45,-7
117900088,2188,1337,851
117900089,741,201,540
117900090,257,829,-572
117900091,101,99,2
117900092,32,65,-33
117900093,19,53,-34
117900094,14,6,8
117900095,199,759,-560
117900096,32,212,-180
117900097,80,58,22
117900098,4,6,-2
117900099,59,444,-385
117900100,58,0,58
117900101,257,706,-449
117900102,40,22,18
117900103,6,0,6
117900104,17,105,-88
117900105,111,201,-90
117900106,44,26,18
117900107,4,0,4
117900109,201,193,8
117900110,18,1,17
117900111,108,5,103
117900112,10,16,-6
117900113,3339,1084,2255
117900114,5,0,5
117900115,335,16,319
117900116,727,632,95
117900117,210,200,10
117900118,11,1,10
117900119,35,283,-248
117900120,26,79,-53
117900121,38,20,18
117900122,806,978,-172
117900123,369,744,-375
117900124,410,451,-41
117900125,757,570,187
117900126,248,458,-210
117900127,185,571,-386
117900128,74,797,-723
117900129,9,0,9
117900130,475,214,261
117900131,1,91,-90
117900132,7,87,-80
117900133,4,145,-141
117900134,32,227,-195
117900135,5,269,-264
117900136,0,44,-44
117900137,13,329,-316
117900138,0,41,-41
117900139,18,121,-103
117900140,4928,213,4715
117900141,113,216,-103
117900142,85,6,79
117900144,31,79,-48
117900145,35,8,27
117900146,175,180,-5
117900147,20,42,-22
117900148,2477,648,1829
117900149,19,138,-119
117900150,24,81,-57
117900151,28,148,-120
117900152,91,65,26
117900153,8,89,-81
117900154,242,659,-417
117900156,559,610,-51
117900157,22,357,-335
117900158,81,49,32
117900160,236,189,47
117900161,1926,1908,18
117900162,125,354,-229
117900163,74,7,67
117900165,0,3,-3
117900166,63,161,-98
117900168,39,138,-99
117900169,1,119,-118
117900170,1,20,-19
117900171,2,9,-7
117900172,14,56,-42
117900173,101,44,57
117900174,17,35,-18
117900175,3,21,-18
117900176,1,47,-46
117900177,3,40,-37
117900178,83,37,46
117900180,195,12,183
117900181,118,113,5
117900182,2,23,-21
117900183,11,87,-76
117900184,3,37,-34
117900185,10,29,-19
117900186,15,13,2
117900187,12,4,8
117900188,92,16,76
117900189,22,12,10
117900190,25,0,25
117900191,40,0,40
117900192,73,1,72
117900193,11,22,-11
117900194,0,6,-6
117900195,4,4,0
117900196,6,11,-5
117900207,60,49,11
117900208,22,37,-15
117900209,131,76,55
117900210,178,96,82
117900211,24,122,-98
117900212,60,164,-104
117900213,4,6,-2
117900214,2,48,-46
117900215,21,48,-27
117900216,49,8,41
117900217,218,25,193
117900218,252,182,70
117900219,3,16,-13
117900220,70,61,9
117900222,144,236,-92
117900223,147,141,6
118000001,588,324,264
118000002,1270,1423,-153
118000003,1468,850,618
118000004,2505,1773,732
118000005,4762,1268,3494
118000006,7225,5183,2042
118000007,5068,1604,3464
118000008,4748,2206,2542
118000009,1613,1850,-237
118000010,1522,3076,-1554
118000011,475,2121,-1646
118000012,668,2279,-1611
118000013,2419,2324,95
118000014,1595,3040,-1445
118000016,215,574,-359
118000017,120,260,-140
118000018,195,696,-501
118000019,1491,1052,439
118000020,773,887,-114
118000021,571,1281,-710
118000022,1526,458,1068
118000023,839,222,617
118000024,1309,482,827
118000027,16109,3832,12277
118000029,1103,441,662
118000032,1472,1067,405
118000033,2130,1587,543
118000034,4115,1430,2685
118000035,1409,1133,276
118000036,1038,804,234
118000037,431,733,-302
118000038,65,115,-50
118000039,74,315,-241
118000040,1356,1871,-515
118000041,1571,1199,372
118000045,700,99,601
118000046,1766,374,1392
118000047,1392,356,1036
118000048,3395,841,2554
118000051,1793,313,1480
118000052,1008,229,779
118000053,300,259,41
118000054,1438,928,510
118000055,940,926,14
118000056,165,201,-36
118000057,179,220,-41
118000058,2400,848,1552
118000059,1292,594,698
118000060,410,512,-102
118000061,330,878,-548
118000062,335,169,166
118000063,189,307,-118
118000064,663,882,-219
118000065,4786,1107,3679
118000066,565,608,-43
118000067,1550,867,683
118000068,1708,2153,-445
118000069,3121,982,2139
118000070,6896,1014,5882
118000071,3180,2884,296
118000072,1577,746,831
118000073,2472,370,2102
118000074,166,370,-204
118000075,587,218,369
118000076,1110,991,119
118000077,965,859,106
118000078,1439,1348,91
118000079,194,235,-41
118000080,939,622,317
118000081,1199,842,357
118000082,235,535,-300
118000083,1697,861,836
118000084,2232,1068,1164
118000086,141,372,-231
118000087,5228,1849,3379
118000088,1675,1452,223
118000089,3196,1719,1477
118000090,1696,1749,-53
118000091,1249,1173,76
118000092,1043,313,730
118000093,95,515,-420
118000096,327,363,-36
118000097,397,394,3
118000098,194,156,38
118000099,185,855,-670
118000101,483,237,246
118000102,197,1488,-1291
118000107,2920,317,2603
118000108,377,784,-407
118000110,0,18,-18
118000111,4,668,-664
118000112,174,3,171
118000113,4,981,-977
118000114,118,2,116
118000115,11,2,9
118000116,13,0,13
118000117,1105,735,370
118000118,776,524,252
118000119,490,778,-288
118000120,1177,1247,-70
118000121,55,411,-356
118000122,863,123,740
118000123,28,266,-238
118000125,1377,840,537
118000126,490,1021,-531
118000127,1372,494,878
118000128,577,838,-261
118000129,457,173,284
118000130,2304,3338,-1034
118000131,474,936,-462
118000132,1558,1260,298
118000133,358,346,12
118000135,287,216,71
118000136,62,515,-453
118000137,453,82,371
118000138,173,640,-467
118000139,103,68,35
118000140,1419,2336,-917
118000141,1042,1857,-815
118000142,760,1864,-1104
118000143,827,807,20
118000144,1316,960,356
118000145,929,2883,-1954
118000146,780,1610,-830
118000147,446,1728,-1282
118000148,212,1233,-1021
118000149,586,1107,-521
118000150,96,259,-163
118000151,144,472,-328
118000153,401,953,-552
118000154,418,1299,-881
118000155,495,1213,-718
118000156,1802,1606,196
118000157,218,271,-53
118000158,170,469,-299
118000159,11,51,-40
118000160,200,308,-108
118000161,204,831,-627
118000162,508,609,-101
118000163,242,532,-290
118000164,2042,862,1180
118000168,1013,135,878
118000169,691,1546,-855
118000170,2840,5524,-2684
118000171,106,575,-469
118000172,100,221,-121
118000173,622,962,-340
118000175,129,257,-128
118000176,188,389,-201
118000177,102,573,-471
118000178,27,27,0
118000179,1231,551,680
118000180,543,637,-94
118000181,548,305,243
118000182,207,301,-94
118000183,125,219,-94
118000184,204,909,-705
118000185,863,625,238
118000186,334,654,-320
118000187,546,933,-387
118000188,196,170,26
118000189,180,664,-484
118000190,8,8,0
118000191,16,24,-8
118000192,140,89,51
118000193,55,174,-119
118000194,1657,851,806
118000195,926,329,597
118000196,316,57,259
118000197,135,72,63
118000198,521,214,307
118000199,436,212,224
118000200,34,128,-94
118000201,424,189,235
118000202,46,29,17
118000203,1676,211,1465
118000204,235,133,102
118000205,663,309,354
118000206,108,146,-38
118000207,0,84,-84
118000208,709,1246,-537
118000209,1005,1554,-549
118000210,14,17,-3
118000211,15,20,-5
118000213,624,429,195
118000214,539,240,299
118000215,112,283,-171
118000216,673,2603,-1930
118000217,12,143,-131
118000218,42,99,-57
118000219,329,306,23
118000220,0,13,-13
118000221,60,222,-162
118000222,46,11,35
118000223,5,16,-11
118000224,157,125,32
118000225,79,745,-666
118000226,481,70,411
118000227,930,305,625
118000228,119,75,44
118000229,163,21,142
118000230,46,235,-189
118000231,67,166,-99
118000232,361,836,-475
118000233,437,748,-311
118000234,92,296,-204
118000236,185,311,-126
118000237,37,584,-547
118000238,89,204,-115
118000239,123,268,-145
118000240,503,69,434
118000241,31,279,-248
118000242,187,620,-433
118000243,62,142,-80
118000244,41,201,-160
118000246,0,7,-7
118000255,30,163,-133
118000256,47,148,-101
118000259,3,34,-31
118000260,56,87,-31
118000261,7,75,-68
118000263,68,203,-135
118000266,85,335,-250
118000267,0,71,-71
118000268,180,0,180
118000270,40,24,16
118000271,112,234,-122
118000272,48,26,22
118000273,65,82,-17
118000274,77,335,-258
118000276,145,209,-64
118000295,11,43,-32
118000298,125,397,-272
118000299,43,174,-131
118000301,0,40,-40
118000302,57,107,-50
118000311,92,116,-24
118000312,54,188,-134
118000313,16,91,-75
118000314,38,73,-35
118000315,0,85,-85
118000316,318,492,-174
118000325,13,73,-60
118000326,11,33,-22
118000331,8,72,-64
118000332,7,28,-21
118000333,11,54,-43
118000335,77,0,77
118000336,0,301,-301
118000407,72,71,1
118000457,1,22,-21
118000465,3621,1795,1826
118000480,13,124,-111
118000489,38,99,-61
118000490,94,360,-266
118000492,124,141,-17
118000510,57,5,52
118000514,103,246,-143
118000515,465,267,198
118000517,354,121,233
118000524,577,121,456
118000525,629,822,-193
118000530,3,79,-76
118000531,82,218,-136
118000532,79,239,-160
118000533,250,105,145
118000534,323,360,-37
118000535,84,73,11
118000536,746,295,451
118000537,20,28,-8
118000538,12,69,-57
118000539,10,42,-32
118000540,135,134,1
118000541,132,78,54
118000542,50,116,-66
118000543,126,186,-60
118000546,14,17,-3
118000553,0,3,-3
118000560,3038,504,2534
118000562,2,368,-366
118000563,1541,1393,148
118000576,105,150,-45
118000577,195,183,12
118000578,95,57,38
118000579,754,745,9
118000583,0,0,0
118000595,94,52,42
118000596,0,64,-64
118000597,129,168,-39
118000598,0,0,0
118000599,27,37,-10
118000600,6,8,-2
118000601,1,0,1
118000602,0,11,-11
118000603,0,40,-40
118000605,26,553,-527
118000606,5,44,-39
118900001,890,440,450
118900002,1020,373,647
118900003,68,1,67
118900004,13,52,-39
118900005,22,4,18
118900006,26,1,25
118900007,10,2,8
118900008,787,51,736
118900009,10,5,5
118900010,21,1,20
118900011,57,8,49
118900012,216,201,15
118900013,550,14,536
118900015,57,10,47
118900016,5,28,-23
118900017,104,91,13
118900018,812,5,807
118900019,23,8,15
118900020,165,67,98
118900021,91,282,-191
118900022,77,131,-54
118900023,33,67,-34
118900024,17,103,-86
118900025,14,22,-8
118900026,32,83,-51
118900027,256,165,91
118900028,46,193,-147
118900029,72,362,-290
118900030,62,50,12
118900031,77,132,-55
118900032,114,218,-104
118900033,211,651,-440
118900034,49,5,44
118900035,79,249,-170
118900036,346,581,-235
118900037,160,256,-96
118900038,117,272,-155
118900039,114,192,-78
118900040,111,95,16
118900041,129,180,-51
118900042,90,76,14
118900045,85,107,-22
118900046,640,120,520
118900047,684,171,513
118900048,82,181,-99
118900049,48,22,26
118900050,12,227,-215
118900051,56,61,-5
118900052,42,214,-172
118900053,10,63,-53
118900054,53,52,1
118900055,19,109,-90
118900056,109,102,7
118900057,114,196,-82
118900058,195,334,-139
118900059,7,58,-51
118900060,49,101,-52
118900062,59,164,-105
118900064,465,278,187
118900065,13,64,-51
118900066,47,84,-37
118900067,5534,1455,4079
118900068,0,106,-106
118900069,137,250,-113
118900071,2,58,-56
118900072,193,317,-124
118900073,43,124,-81
118900074,85,98,-13
118900075,18,50,-32
118900076,100,57,43
118900077,165,118,47
118900078,12,3,9
118900079,21,164,-143
118900080,10,48,-38
118900081,49,12,37
118900082,260,99,161
118900083,3,13,-10
118900084,3,7,-4
118900085,352,851,-499
118900086,14,32,-18
118900087,12,111,-99
118900088,0,14,-14
118900089,14,4,10
118900090,258,441,-183
118900091,155,68,87
118900092,32,66,-34
118900093,67,8,59
118900096,70,104,-34
118900097,118,565,-447
118900099,53,193,-140
118900100,56,142,-86
118900101,15,309,-294
118900102,10,51,-41
118900103,14,17,-3
118900104,13,22,-9
118900105,62,100,-38
118900107,104,67,37
118900108,25,47,-22
118900110,1076,257,819
118900111,101,504,-403
118900112,12,93,-81
118900113,54,453,-399
118900114,12,66,-54
118900115,37,220,-183
118900116,51,144,-93
118900117,45,158,-113
118900118,137,465,-328
118900119,41,263,-222
118900120,52,256,-204
118900121,2,261,-259
118900122,0,392,-392
118900123,72,214,-142
118900124,24,102,-78
118900126,6,184,-178
118900129,85,96,-11
118900130,50,40,10
118900131,77,234,-157
118900132,190,110,80
118900133,12,45,-33
118900135,89,197,-108
118900136,133,750,-617
118900137,5,19,-14
118900139,71,401,-330
118900140,302,812,-510
118900141,18,278,-260
118900144,77,565,-488
118900145,18,147,-129
118900146,127,622,-495
118900147,83,128,-45
118900148,25,40,-15
118900150,115,257,-142
118900152,239,901,-662
118900157,65,115,-50
118900158,47,97,-50
118900159,5,157,-152
118900161,73,2,71
118900163,180,48,132
118900164,4,71,-67
118900165,10,214,-204
118900166,15,6,9
118900167,33,165,-132
118900168,1,46,-45
118900169,38,322,-284
118900170,35,92,-57
118900171,2,16,-14
118900174,20,30,-10
118900175,136,257,-121
118900176,38,116,-78
118900177,9,43,-34
118900178,4,52,-48
118900179,0,10,-10
118900181,35,56,-21
118900182,34,19,15
118900183,26,45,-19
118900184,74,21,53
118900185,45,117,-72
118900186,86,87,-1
118900187,117,239,-122
118900188,105,261,-156
118900189,24,305,-281
118900190,5,646,-641
118900191,65,30,35
118900192,74,22,52
118900193,108,5,103
118900195,218,762,-544
118900196,13,139,-126
118900197,54,93,-39
118900198,3,38,-35
118900199,8,42,-34
118900200,10,6,4
118900201,13,10,3
118900202,9,52,-43
118900203,4,36,-32
118900204,4,44,-40
118900205,1,23,-22
118900206,0,13,-13
119000001,556,792,-236
119000002,1253,1860,-607
119000003,594,1242,-648
119000004,1057,1005,52
119000005,967,1180,-213
119000006,1071,1246,-175
119000007,1937,2332,-395
119000008,1245,1795,-550
119000009,2851,1764,1087
119000010,7088,2980,4108
119000011,4766,1382,3384
119000012,4610,2413,2197
119000013,1708,979,729
119000014,1793,2926,-1133
119000019,120,134,-14
119000020,647,1017,-370
119000021,1472,1513,-41
119000022,2375,995,1380
119000023,295,190,105
119000024,1863,3863,-2000
119000025,9739,1064,8675
119000026,285,179,106
119000027,492,278,214
119000028,1534,988,546
119000029,112,241,-129
119000030,217,884,-667
119000031,483,722,-239
119000032,1639,1728,-89
119000033,1206,1336,-130
119000034,781,812,-31
119000035,22,350,-328
119000036,600,1039,-439
119000037,677,2045,-1368
119000038,74,956,-882
119000039,96,259,-163
119000040,834,348,486
119000041,692,881,-189
119000048,3110,3468,-358
119000049,899,3416,-2517
119000050,1209,1913,-704
119000051,1371,877,494
119000052,1625,2290,-665
119000053,1192,866,326
119000054,2006,3226,-1220
119000055,1715,3270,-1555
119000056,1263,1858,-595
119000057,1061,2169,-1108
119000058,1200,1798,-598
119000059,671,1265,-594
119000060,609,658,-49
119000061,529,739,-210
119000062,703,1038,-335
119000063,242,250,-8
119000064,1005,1486,-481
119000065,1355,2682,-1327
119000066,954,736,218
119000067,1323,2334,-1011
119000068,788,897,-109
119000069,864,2089,-1225
119000070,953,1029,-76
119000071,298,691,-393
119000072,5102,2889,2213
119000073,3125,3753,-628
119000074,592,3353,-2761
119000075,586,2081,-1495
119000076,280,643,-363
119000077,433,424,9
119000078,200,322,-122
119000079,52,657,-605
119000080,139,174,-35
119000081,90,319,-229
119000082,194,204,-10
119000083,170,219,-49
119000084,208,538,-330
119000085,433,294,139
119000086,188,238,-50
119000087,1383,919,464
119000088,260,214,46
119000089,32,110,-78
119000090,175,121,54
119000091,143,192,-49
119000092,601,207,394
119000093,3188,3172,16
119000094,1450,3910,-2460
119000095,833,2649,-1816
119000097,2255,1341,914
119000098,466,1119,-653
119000099,1511,1415,96
119000100,1467,1707,-240
119000101,1592,1905,-313
119000102,593,497,96
119000103,961,382,579
119000104,2632,1234,1398
119000105,411,584,-173
119000106,112,1847,-1735
119000107,249,373,-124
119000108,177,1352,-1175
119000109,80,262,-182
119000110,287,263,24
119000111,29,330,-301
119000112,166,83,83
119000113,2148,214,1934
119000114,464,288,176
119000115,152,117,35
119000116,79,82,-3
119000117,47,210,-163
119000118,0,0,0
119000123,1891,587,1304
119000124,239,227,12
119000125,970,949,21
119000126,342,1074,-732
119000127,169,864,-695
119000128,35,5,30
119000131,298,1007,-709
119000132,4,6,-2
119000133,0,3,-3
119000134,2157,468,1689
119000135,41,180,-139
119000136,64,306,-242
119000137,37,536,-499
119000138,82,438,-356
119000139,85,265,-180
119000140,84,154,-70
119000284,1304,2432,-1128
119000285,2180,1851,329
119000286,4989,3750,1239
119000287,987,1771,-784
119000288,1257,1519,-262
119000289,1942,3571,-1629
119000290,116,475,-359
119000291,6,330,-324
119000293,57,131,-74
119000294,25,22,3
119000295,1638,434,1204
119000296,98,72,26
119000302,4195,1200,2995
119000303,164,80,84
119000304,0,0,0
119000314,1323,3723,-2400
119000315,0,580,-580
119000316,8,88,-80
119000317,23,488,-465
119900001,84,451,-367
119900002,30,234,-204
119900003,37,1213,-1176
119900004,221,324,-103
119900005,37,125,-88
119900006,84,257,-173
119900007,539,60,479
119900008,8,15,-7
119900009,240,483,-243
119900010,662,733,-71
119900011,7,42,-35
119900012,1,16,-15
119900013,1054,396,658
119900014,471,173,298
119900015,44,9,35
119900016,11,79,-68
119900017,5,29,-24
119900018,994,136,858
119900019,17,2,15
119900020,46,140,-94
119900021,65,40,25
119900022,69,167,-98
119900023,652,359,293
119900025,74,25,49
119900026,722,44,678
119900027,12,25,-13
119900028,166,41,125
119900029,0,4,-4
119900030,335,297,38
119900031,16,131,-115
119900033,1604,105,1499
119900034,121,154,-33
119900037,53,24,29
119900038,34,128,-94
119900039,28,1,27
119900040,30,3,27
119900041,49,44,5
119900042,27,106,-79
119900043,22,165,-143
119900044,107,199,-92
119900046,26,81,-55
119900047,86,88,-2
119900048,49,43,6
119900049,21,5,16
119900050,15,31,-16
119900051,198,11,187
119900052,30,42,-12
119900053,51,206,-155
119900054,25,2,23
119900055,430,230,200
119900057,76,80,-4
119900058,37,3,34
119900059,48,39,9
119900060,67,3,64
119900061,51,2,49
119900062,16,17,-1
119900063,11,11,0
119900065,112,8,104
119900067,44,20,24
119900068,107,1,106
119900069,24,12,12
119900070,194,7,187
119900071,123,5,118
119900073,1501,281,1220
119900074,21,6,15
119900075,5223,1315,3908
119900076,127,579,-452
119900077,210,1229,-1019
119900078,206,762,-556
119900079,361,317,44
119900080,145,324,-179
119900081,143,129,14
119900082,377,334,43
119900083,235,59,176
119900084,288,95,193
119900085,126,40,86
119900086,129,839,-710
119900087,99,104,-5
119900088,27,43,-16
119900089,2,444,-442
119900090,162,42,120
119900091,10,1061,-1051
119900092,3,325,-322
119900093,426,53,373
119900094,17,202,-185
119900095,123,68,55
119900096,18,99,-81
119900097,276,101,175
119900098,16,32,-16
119900099,17,235,-218
119900100,2315,1162,1153
119900101,191,574,-383
119900102,27,340,-313
119900103,11,487,-476
119900104,17,235,-218
119900105,303,973,-670
119900106,7,220,-213
119900107,224,3493,-3269
119900108,1398,617,781
119900109,10,220,-210
119900110,305,591,-286
119900111,18,385,-367
119900112,2804,320,2484
119900113,41,543,-502
119900114,101,1435,-1334
119900115,79,1393,-1314
119900116,113,164,-51
119900117,103,862,-759
119900118,18,1207,-1189
119900119,46,192,-146
119900120,512,659,-147
119900121,112,1408,-1296
119900122,191,309,-118
119900123,107,218,-111
119900124,67,869,-802
119900125,40,396,-356
119900126,4555,173,4382
119900127,2805,729,2076
119900128,162,702,-540
119900129,47,739,-692
119900130,37,291,-254
119900131,8,297,-289
119900132,2,318,-316
119900133,8,20,-12
119900134,1937,183,1754
119900135,4,369,-365
119900136,115,487,-372
119900138,331,559,-228
119900139,1,52,-51
119900140,1,182,-181
119900141,61,302,-241
119900142,0,11,-11
119900143,8,207,-199
119900144,2295,215,2080
119900145,39,257,-218
119900146,118,82,36
119900147,1,62,-61
119900148,55,29,26
119900149,1345,1326,19
119900150,128,144,-16
119900151,929,465,464
119900152,43,411,-368
119900153,35,42,-7
119900154,33,815,-782
119900155,10,26,-16
119900156,8,3,5
119900157,24,270,-246
119900158,62,56,6
119900159,6,1642,-1636
119900160,7,237,-230
119900161,139,248,-109
119900162,394,444,-50
119900163,117,53,64
119900164,0,0,0
119900165,46,217,-171
119900166,22,18,4
119900167,62,107,-45
119900168,226,331,-105
119900169,103,142,-39
119900170,157,122,35
119900171,308,428,-120
119900172,39,9,30
119900173,5,493,-488
119900174,3,201,-198
119900175,344,594,-250
119900177,14,232,-218
119900178,6,150,-144
119900179,22,162,-140
119900180,429,501,-72
119900181,34,23,11
119900182,3,401,-398
119900183,81,975,-894
119900184,2298,400,1898
119900185,10,56,-46
119900186,25,145,-120
119900187,13,464,-451
119900188,17,296,-279
119900189,239,130,109
119900190,34,98,-64
119900191,170,66,104
119900192,9,214,-205
119900193,114,134,-20
119900194,1,20,-19
119900195,36,201,-165
119900196,1510,427,1083
119900197,36,82,-46
119900198,23,422,-399
119900199,132,18,114
119900200,167,504,-337
119900201,349,149,200
119900202,179,44,135
119900203,50,175,-125
119900204,59,322,-263
119900205,146,627,-481
119900206,33,99,-66
119900208,74,75,-1
119900209,225,383,-158
119900210,16,33,-17
119900211,50,4,46
119900212,53,214,-161
119900213,2,28,-26
119900214,7,80,-73
119900215,8,88,-80
119900216,8,98,-90
119900217,1,52,-51
119900218,14,65,-51
119900219,7,106,-99
119900220,6,148,-142
119900221,13,471,-458
119900222,5,307,-302
119900223,14,134,-120
119900224,14,50,-36
119900225,1207,27,1180
119900226,835,715,120
119900227,1255,251,1004
119900228,11,209,-198
119900229,234,314,-80
119900230,1010,426,584
119900231,60,192,-132
119900232,133,39,94
119900233,11,4,7
119900234,5,15,-10
119900235,0,8,-8
119900236,2,156,-154
119900237,13,366,-353
119900238,0,92,-92
119900240,27,146,-119
119900241,90,240,-150
119900242,1027,387,640
119900244,543,828,-285
119900245,45,101,-56
119900246,159,202,-43
119900247,6,20,-14
119900248,14,42,-28
119900249,111,42,69
119900253,3323,203,3120
119900254,50,157,-107
119900255,59,431,-372
119900256,119,1267,-1148
119900257,12,2,10
119900258,16,1,15
119900259,3,217,-214
119900260,21,1,20
119900261,123,147,-24
119900262,0,314,-314
119900263,769,351,418
119900264,28,256,-228
119900265,96,298,-202
119900266,60,261,-201
119900267,48,271,-223
119900268,78,223,-145
119900269,236,1260,-1024
119900271,9,54,-45
119900272,66,14,52
119900275,29,0,29
119900276,14,0,14
119900277,3,2,1
119900278,121,23,98
119900279,69,52,17
119900280,975,182,793
119900281,0,28,-28
119900282,17,26,-9
119900283,2,369,-367
119900284,32,135,-103
119900285,4,21,-17
119900286,4,6,-2
119900288,3,29,-26
119900289,0,57,-57
119900290,1,23,-22
119900291,1,22,-21
119900292,25,10,15
119900293,7,65,-58
119900294,6,62,-56
119900295,5,69,-64
119900296,9,205,-196
119900297,0,14,-14
119900298,1,3,-2
119900299,3,168,-165
119900300,53,177,-124
119900301,29,7,22
119900302,12,31,-19
119900303,124,239,-115
119900304,35,5,30
119900305,22,79,-57
119900306,9,0,9
119900307,13,100,-87
119900308,5,10,-5
119900309,9,34,-25
119900310,133,270,-137
119900311,19,187,-168
119900312,30,74,-44
119900313,85,361,-276
119900314,28,168,-140
119900315,299,2196,-1897
119900318,5,11,-6
119900319,1,304,-303
119900320,36,805,-769
119900321,27,0,27
120000001,6378,6338,40
120000002,1775,3093,-1318
120000003,3352,1953,1399
120000004,2807,2431,376
120000005,4525,2051,2474
120000006,1173,1282,-109
120000007,3049,2015,1034
120000008,906,1259,-353
120000009,4644,951,3693
120000010,1350,3002,-1652
120000011,948,1949,-1001
120000012,1160,2808,-1648
120000013,1726,2698,-972
120000014,500,1470,-970
120000015,2054,1405,649
120000016,2332,2175,157
120000017,1371,1413,-42
120000018,4513,5513,-1000
120000019,710,904,-194
120000020,2409,1813,596
120000021,1532,1305,227
120000022,2446,2643,-197
120000023,695,1427,-732
120000024,1162,1895,-733
120000025,1344,2025,-681
120000026,661,1742,-1081
120000027,945,1539,-594
120000028,411,267,144
120000029,1593,293,1300
120000030,82,454,-372
120000031,1641,3149,-1508
120000032,9042,2851,6191
120000033,1920,1550,370
120000034,791,2132,-1341
120000035,910,2101,-1191
120000036,1712,3243,-1531
120000037,423,770,-347
120000038,9386,2462,6924
120000039,365,888,-523
120000040,30,93,-63
120000041,233,1614,-1381
120000042,1077,4271,-3194
120000043,3056,2064,992
120000044,2235,935,1300
120000045,2218,947,1271
120000046,1151,1398,-247
120000047,1644,1855,-211
120000048,7552,2860,4692
120000049,1747,2315,-568
120000050,1903,4208,-2305
120000051,3290,3215,75
120000052,13767,2243,11524
120000053,886,4527,-3641
120000054,1264,6515,-5251
120000055,733,4018,-3285
120000056,2282,4228,-1946
120000057,1154,868,286
120000058,293,142,151
120000059,45,855,-810
120000061,45,480,-435
120000062,307,214,93
120000063,1755,2969,-1214
120000064,165,1485,-1320
120000065,258,1723,-1465
120000066,90,412,-322
120000067,19,540,-521
120000068,104,1047,-943
120000069,314,1389,-1075
120000070,15,820,-805
120000071,86,148,-62
120000072,132,466,-334
120000073,186,88,98
120000074,17,75,-58
120000075,202,197,5
120000076,516,269,247
120000077,753,395,358
120000078,2760,504,2256
120000079,157,642,-485
120000080,103,216,-113
120000081,156,205,-49
120000082,156,231,-75
120000083,88,274,-186
120000084,442,549,-107
120000085,304,467,-163
120000086,193,784,-591
120000087,138,1262,-1124
120000088,534,1140,-606
120000089,614,423,191
120000090,313,389,-76
120000091,455,603,-148
120000092,620,416,204
120000093,133,477,-344
120000094,122,373,-251
120000095,566,711,-145
120000096,138,1094,-956
120000098,308,869,-561
120000099,153,704,-551
120000100,401,1046,-645
120000101,449,588,-139
120000102,269,414,-145
120000103,716,320,396
120000104,826,165,661
120000105,1189,216,973
120000106,793,246,547
120000107,1199,322,877
120000108,410,86,324
120000109,492,52,440
120000110,74,974,-900
120000111,84,1418,-1334
120000112,469,4345,-3876
120000113,373,2982,-2609
120000114,438,2556,-2118
120000115,315,2127,-1812
120000116,549,1937,-1388
120000117,1110,1590,-480
120000118,41,31,10
120000119,25,69,-44
120000120,55,26,29
120000121,48,47,1
120000122,239,141,98
120000123,5907,2170,3737
120000124,278,498,-220
120000125,232,566,-334
120000126,259,505,-246
120000127,971,455,516
120000128,2425,1539,886
120000129,253,304,-51
120000130,608,774,-166
120000131,229,398,-169
120000134,212,1399,-1187
120000135,96,242,-146
120000137,56,2218,-2162
120000138,148,387,-239
120000139,91,918,-827
120000140,165,571,-406
120000141,51,567,-516
120000142,111,511,-400
120000143,2,134,-132
120000144,24,1,23
120000145,101,2,99
120000146,1865,570,1295
120000149,421,755,-334
120000150,5005,5842,-837
120000151,318,379,-61
120000152,120,265,-145
120000153,64,576,-512
120000154,402,333,69
120000155,129,195,-66
120000156,1472,470,1002
120000157,674,552,122
120000158,447,693,-246
120000159,1738,2223,-485
120000160,1705,1014,691
120000161,822,2283,-1461
120000162,58,147,-89
120000163,154,1453,-1299
120000164,192,484,-292
120000165,128,814,-686
120000166,345,538,-193
120000167,10,22,-12
120000168,0,56,-56
120000169,117,133,-16
120000170,147,95,52
120000171,15,24,-9
120000172,10,17,-7
120000173,1735,108,1627
120000174,353,3,350
120000175,507,8,499
120000176,180,80,100
120000177,771,379,392
120000178,57,6,51
120000179,260,7,253
120000180,300,23,277
120000181,96,60,36
120000182,45,48,-3
120000183,2,137,-135
120000184,42,961,-919
120000186,26,47,-21
120000187,39,28,11
120000188,212,33,179
120000190,841,4,837
120000191,1486,14,1472
120000192,1396,5,1391
120000193,368,2,366
120000195,49,1,48
120000196,180,20,160
120000197,35,72,-37
120000198,74,201,-127
120000199,52,0,52
120000200,51,0,51
120000201,7,14,-7
120000202,1,69,-68
120000203,20,390,-370
120000207,1,78,-77
120000208,18,360,-342
120000209,4,203,-199
120000210,177,102,75
120000211,34,2,32
120000212,49,2,47
120000213,52,597,-545
120000214,2,500,-498
120000215,1,145,-144
120000216,29,6,23
120000217,717,1272,-555
120000218,266,1568,-1302
120000219,10,813,-803
120000220,13,3123,-3110
120000225,566,2,564
120000226,102,1,101
120000227,605,22,583
120000228,7467,1256,6211
120000230,101,21,80
120000231,333,2159,-1826
120000233,61,28,33
120000235,89,782,-693
120000236,400,2,398
120000237,2,2249,-2247
120000238,8,62,-54
120000241,968,2415,-1447
120000412,1744,12,1732
120000413,76,546,-470
120000414,44,2,42
120000415,3,212,-209
120000416,10,7,3
120000417,12,125,-113
120000418,25,15,10
120000419,10,477,-467
120000420,194,71,123
120000421,13921,5638,8283
120000422,241,295,-54
120000423,1,50,-49
120000424,17,213,-196
120000436,87,261,-174
120000437,208,157,51
120000438,4745,278,4467
120000439,95,199,-104
120000443,67,0,67
120000444,397,454,-57
120000445,1213,1152,61
120000446,837,301,536
120000447,53,1,52
120000449,69,5,64
120000450,2,447,-445
120000451,51,217,-166
120000452,6,0,6
120000453,1,269,-268
120000454,75,103,-28
120000455,25,52,-27
120000456,2866,1759,1107
120000457,1093,844,249
120000458,355,581,-226
120000459,44,55,-11
120000665,722,124,598
120000668,53,109,-56
120000669,43,417,-374
120000670,176,302,-126
120000671,424,192,232
120000672,85,407,-322
120900001,26,21,5
120900002,77,163,-86
120900003,110,30,80
120900004,0,28,-28
120900005,4,1454,-1450
120900006,126,125,1
120900007,72,169,-97
120900008,82,1160,-1078
120900009,205,62,143
120900010,181,47,134
120900011,289,65,224
120900012,1027,516,511
120900013,191,18,173
120900014,3,732,-729
120900015,196,39,157
120900016,265,37,228
120900017,3177,77,3100
120900018,19,483,-464
120900019,262,93,169
120900020,401,387,14
120900021,224,46,178
120900022,16,381,-365
120900023,59,42,17
120900024,1049,310,739
120900025,1993,606,1387
120900026,37,102,-65
120900027,369,78,291
120900028,88,17,71
120900029,58,156,-98
120900030,395,327,68
120900031,96,23,73
120900032,289,146,143
120900033,329,28,301
120900034,49,1213,-1164
120900035,18,30,-12
120900037,48,7,41
120900038,23,116,-93
120900039,30,21,9
120900040,69,2,67
120900041,70,21,49
120900042,121,42,79
120900043,14,12,2
120900044,1,323,-322
120900045,55,65,-10
120900046,132,1,131
120900047,61,28,33
120900048,60,10,50
120900049,123,2,121
120900050,3671,662,3009
120900051,89,100,-11
120900052,193,3,190
120900053,81,78,3
120900054,1193,598,595
120900055,106,0,106
120900056,110,1,109
120900057,43,16,27
120900058,137,0,137
120900059,15,2,13
120900060,15,33,-18
120900061,170,274,-104
120900062,69,1,68
120900063,146,3,143
120900064,105,2,103
120900065,105,4,101
120900066,153,342,-189
120900067,111,24,87
120900068,49,0,49
120900069,101,98,3
120900071,0,3,-3
120900072,228,2,226
120900073,133,259,-126
120900074,147,0,147
120900076,89,8,81
120900077,3073,177,2896
120900078,245,792,-547
120900079,193,64,129
120900080,201,2594,-2393
120900081,241,1193,-952
120900082,428,175,253
120900083,149,94,55
120900084,105,147,-42
120900085,127,93,34
120900086,180,115,65
120900087,179,61,118
120900088,94,141,-47
120900089,4817,851,3966
120900090,43,163,-120
120900091,239,188,51
120900092,601,764,-163
120900093,4772,262,4510
120900094,424,175,249
120900095,95,15,80
120900096,13,71,-58
120900097,499,1342,-843
120900098,203,246,-43
120900099,33,72,-39
120900100,50,428,-378
120900101,330,347,-17
120900102,11,89,-78
120900103,28,106,-78
120900104,22,38,-16
120900105,19,1035,-1016
120900106,1168,664,504
120900107,370,180,190
120900108,4,1145,-1141
120900109,24,959,-935
120900110,4,370,-366
120900111,97,385,-288
120900112,6,1528,-1522
120900113,12,1038,-1026
120900114,24,233,-209
120900115,113,132,-19
120900116,90,575,-485
120900117,1,591,-590
120900118,7,983,-976
120900119,3373,2559,814
120900120,43,785,-742
120900121,50,383,-333
120900122,96,725,-629
120900123,1,591,-590
120900124,0,823,-823
120900125,7,1071,-1064
120900126,1128,707,421
120900127,2,644,-642
120900128,726,817,-91
120900129,56,434,-378
120900130,0,333,-333
120900131,9,72,-63
120900132,244,383,-139
120900133,129,1064,-935
120900134,273,468,-195
120900135,5,738,-733
120900136,11,20,-9
120900137,49,79,-30
120900138,23,244,-221
120900139,5,928,-923
120900140,1,42,-41
120900141,24,50,-26
120900142,17,875,-858
120900143,0,1278,-1278
120900144,1,177,-176
120900145,29,911,-882
120900146,4,1122,-1118
120900147,0,318,-318
120900148,78,77,1
120900149,0,361,-361
120900150,11,548,-537
120900151,1,823,-822
120900152,0,58,-58
120900153,1,63,-62
120900154,0,289,-289
120900155,58,1210,-1152
120900156,6,433,-427
120900157,17,223,-206
120900158,25,535,-510
120900159,35,645,-610
120900160,7,346,-339
120900161,11,807,-796
120900162,18,958,-940
120900163,8,65,-57
120900164,0,0,0
120900165,1,3,-2
120900166,8,78,-70
120900167,69,46,23
120900169,21,541,-520
120900170,2746,1070,1676
120900171,1190,361,829
120900172,803,83,720
120900173,0,66,-66
120900174,1,75,-74
120900175,247,168,79
120900176,6,137,-131
120900177,1,343,-342
120900178,0,134,-134
120900179,641,351,290
120900180,86,49,37
120900181,23,52,-29
120900182,4,228,-224
120900183,284,33,251
120900184,119,58,61
120900185,2,284,-282
120900186,0,588,-588
120900187,183,398,-215
120900188,32,5,27
120900189,84,244,-160
120900190,13,5,8
120900191,1,14,-13
120900192,13706,1664,12042
120900194,13,57,-44
120900195,65,262,-197
120900196,262,48,214
120900197,235,21,214
120900198,116,575,-459
120900199,158,142,16
120900200,117,70,47
120900201,669,128,541
120900202,1,244,-243
120900203,14,23,-9
120900204,284,387,-103
120900205,95,100,-5
120900206,11,7,4
120900207,36,1064,-1028
121000001,860,885,-25
121000002,1484,838,646
121000003,3255,1537,1718
121000004,1962,2123,-161
121000005,1823,2050,-227
121000006,2489,976,1513
121000007,2671,2222,449
121000008,3868,2050,1818
121000009,6926,3835,3091
121000010,8233,2593,5640
121000011,10282,6893,3389
121000012,14745,4988,9757
121000013,4485,4721,-236
121000014,5982,4583,1399
121000015,3585,4277,-692
121000016,3986,2564,1422
121000017,1186,2699,-1513
121000018,1644,1339,305
121000019,15814,6811,9003
121000020,9182,5676,3506
121000021,2344,2246,98
121000022,1001,1203,-202
121000023,3534,2406,1128
121000024,1986,2275,-289
121000025,525,644,-119
121000026,298,126,172
121000027,1224,686,538
121000028,475,328,147
121000029,693,453,240
121000030,386,315,71
121000031,373,461,-88
121000032,156,80,76
121000034,316,88,228
121000035,118,60,58
121000036,856,598,258
121000037,424,489,-65
121000038,463,373,90
121000039,256,251,5
121000041,257,353,-96
121000042,165,219,-54
121000043,675,439,236
121000044,1644,541,1103
121000045,204,242,-38
121000046,235,447,-212
121000047,17,67,-50
121000049,1665,545,1120
121000050,248,846,-598
121000051,398,304,94
121000052,184,456,-272
121000053,248,47,201
121000054,17,141,-124
121000055,1442,706,736
121000056,740,849,-109
121000057,134,282,-148
121000058,332,84,248
121000059,1670,654,1016
121000060,450,632,-182
121000061,56,133,-77
121000062,101,123,-22
121000063,582,381,201
121000064,434,473,-39
121000065,359,250,109
121000066,548,312,236
121000067,918,231,687
121000068,387,294,93
121000069,503,167,336
121000070,1684,966,718
121000071,769,629,140
121000072,895,516,379
121000073,706,489,217
121000074,76,90,-14
121000075,48,40,8
121000076,943,210,733
121000077,156,50,106
121000078,68,100,-32
121000080,2381,400,1981
121000081,1825,1382,443
121000082,169,200,-31
121000083,330,107,223
121000084,178,96,82
121000085,360,343,17
121000086,117,653,-536
121000087,42,156,-114
121000088,229,459,-230
121000089,401,173,228
121000090,300,251,49
121000091,1583,500,1083
121000092,102,63,39
121000093,126,158,-32
121000094,409,301,108
121000095,204,390,-186
121000096,2126,1627,499
121000097,1114,1136,-22
121000098,273,1019,-746
121000099,308,691,-383
121000100,329,518,-189
121000101,101,181,-80
121000102,58,336,-278
121000103,53,236,-183
121000104,81,128,-47
121000105,145,237,-92
121000106,124,262,-138
121000107,1832,3264,-1432
121000109,1266,889,377
121000110,254,394,-140
121000114,2149,1954,195
121000115,635,659,-24
121000116,386,584,-198
121000117,1131,258,873
121000118,860,217,643
121000119,132,226,-94
121000120,143,342,-199
121000121,335,748,-413
121000123,1170,481,689
121000127,82,74,8
121000128,382,494,-112
121000129,184,354,-170
121000130,256,831,-575
121000131,2218,805,1413
121000132,1001,732,269
121000135,379,153,226
121000136,629,427,202
121000137,417,120,297
121000138,564,747,-183
121000139,273,84,189
121000141,109,65,44
121000142,762,393,369
121000143,107,15,92
121000144,797,672,125
121000145,263,1066,-803
121000146,888,550,338
121000147,447,295,152
121000148,708,819,-111
121000149,1280,860,420
121000152,270,481,-211
121000153,1083,353,730
121000154,581,353,228
121000155,800,881,-81
121000156,275,648,-373
121000157,1078,1443,-365
121000158,361,485,-124
121000159,92,509,-417
121000160,209,610,-401
121000161,48,303,-255
121000162,13,256,-243
121000165,1327,1342,-15
121000166,50,467,-417
121000168,149,185,-36
121000169,32,113,-81
121000170,93,66,27
121000171,34,127,-93
121000172,348,362,-14
121000173,702,447,255
121000174,159,270,-111
121000175,331,401,-70
121000176,247,209,38
121000177,460,455,5
121000178,53,46,7
121000179,44,45,-1
121000181,278,285,-7
121000182,45,116,-71
121000183,28,49,-21
121000184,9,68,-59
121000185,11,132,-121
121000186,115,247,-132
121000187,85,236,-151
121000188,38,247,-209
121000192,406,247,159
121000193,572,278,294
121000194,2260,1714,546
121000195,449,911,-462
121000196,759,173,586
121000197,178,548,-370
121000198,134,51,83
121000199,69,406,-337
121000200,134,56,78
121000201,2,130,-128
121000202,284,39,245
121000203,426,2007,-1581
121000204,1041,384,657
121000205,75,248,-173
121000206,53,29,24
121000207,1191,368,823
121000208,6,324,-318
121000209,98,386,-288
121000210,152,442,-290
121000211,107,86,21
121000212,151,705,-554
121000213,6775,1845,4930
121000214,633,1311,-678
121000215,978,493,485
121000216,287,449,-162
121000217,3176,1676,1500
121000218,449,1346,-897
121000219,996,284,712
121000220,289,53,236
121000221,104,158,-54
121000222,2144,1731,413
121000223,509,215,294
121000224,264,71,193
121000225,1001,807,194
121000226,1584,637,947
121000227,17,189,-172
121000228,17,748,-731
121000229,48,413,-365
121000230,62,1552,-1490
121000231,281,14,267
121000232,400,136,264
121000233,331,262,69
121000234,4,27,-23
121000235,28,48,-20
121000236,0,18,-18
121000237,29,14,15
121000238,3,70,-67
121000239,6,7,-1
121000240,5,156,-151
121000241,85,8,77
121000242,20,123,-103
121000243,435,69,366
121000244,1,54,-53
121000245,8,18,-10
121000246,1,81,-80
121000247,25,5,20
121000248,629,491,138
121000249,31,205,-174
121000250,112,68,44
121000251,13,518,-505
121000252,23,14,9
121000253,132,509,-377
121000254,242,161,81
121000255,156,89,67
121000256,158,92,66
121000257,100,54,46
121000258,74,63,11
121000259,23,33,-10
121000260,28,86,-58
121000261,17,46,-29
121000262,854,438,416
121000263,288,376,-88
121000271,180,1455,-1275
121000273,67,13,54
121000274,2,30,-28
121000275,1,19,-18
121000276,0,9,-9
121000278,15,41,-26
121000279,38,15,23
121000280,13,25,-12
121000289,106,16,90
121000290,942,552,390
121000294,42,191,-149
121000297,803,494,309
121000299,87,181,-94
121000300,546,326,220
121000302,83,434,-351
121000303,370,278,92
121000304,319,22,297
121000305,72,32,40
121000306,34,86,-52
121000308,89,226,-137
121000309,270,455,-185
121000310,54,349,-295
121000311,51,632,-581
121000312,171,110,61
121000313,421,455,-34
121000314,139,88,51
121000315,42,54,-12
121000530,588,1045,-457
121000531,789,1078,-289
121000532,3785,3036,749
121000533,1755,1694,61
121000918,5,210,-205
121000919,5,46,-41
121000938,203,169,34
121000939,371,73,298
121000956,338,1101,-763
121000957,0,14,-14
121000958,21,28,-7
121000959,172,824,-652
121000960,1254,1720,-466
121000961,146,29,117
121000962,274,522,-248
121000963,0,0,0
121000973,0,187,-187
121000976,6,113,-107
121000979,162,33,129
121000981,376,81,295
121000982,120,221,-101
121000983,213,315,-102
121000984,8,36,-28
121000985,234,611,-377
121000986,34,267,-233
121000987,89,1362,-1273
121000988,235,80,155
121001302,328,74,254
121001308,3,8,-5
121001309,89,49,40
121001313,68,342,-274
121001314,3070,3379,-309
121001315,3318,1127,2191
121001326,221,262,-41
121900001,61,109,-48
121900002,49,21,28
121900003,215,4,211
121900004,73,219,-146
121900005,13,8,5
121900006,46,24,22
121900007,1320,1864,-544
121900008,1307,44,1263
121900009,327,11,316
121900010,236,1,235
121900011,91,255,-164
121900012,2,0,2
121900013,748,26,722
121900014,744,350,394
121900015,86,74,12
121900016,6,30,-24
121900017,305,370,-65
121900018,202,5,197
121900019,163,156,7
121900020,15,1,14
121900021,497,7,490
121900022,113,122,-9
121900023,41,257,-216
121900024,246,42,204
121900025,338,180,158
121900026,138,21,117
121900027,101,69,32
121900028,163,4,159
121900029,55,166,-111
121900030,412,335,77
121900031,709,2803,-2094
121900032,38,33,5
121900033,144,61,83
121900034,162,76,86
121900035,1616,1179,437
121900036,24,198,-174
121900037,83,424,-341
121900038,2,79,-77
121900039,446,18,428
121900040,18,75,-57
121900041,110,107,3
121900042,197,89,108
121900043,2,1,1
121900044,239,21,218
121900046,88,122,-34
121900047,71,47,24
121900048,9,66,-57
121900050,7,27,-20
121900051,76,113,-37
121900052,47,28,19
121900053,160,159,1
121900054,362,531,-169
121900055,5,12,-7
121900058,80,152,-72
121900059,176,108,68
121900060,58,242,-184
121900061,86,84,2
121900062,68,33,35
121900063,349,184,165
121900064,123,519,-396
121900066,16,11,5
121900067,15,10,5
121900069,142,88,54
121900070,100,56,44
121900071,75,219,-144
121900072,13,127,-114
121900073,241,120,121
121900074,378,345,33
121900075,411,228,183
121900076,194,417,-223
121900078,17,22,-5
121900079,1,0,1
121900080,253,238,15
121900082,17,66,-49
121900084,2,206,-204
121900086,3,28,-25
121900087,218,79,139
121900088,1756,1186,570
121900089,34,269,-235
121900090,3,72,-69
121900091,19,106,-87
121900092,25,55,-30
121900093,45,28,17
121900094,11,9,2
121900095,139,75,64
121900096,1177,241,936
121900097,149,70,79
121900098,1,0,1
121900099,58,51,7
121900100,135,123,12
121900101,41,73,-32
121900102,4,69,-65
121900103,360,148,212
121900104,549,192,357
121900105,54,58,-4
121900106,1,0,1
121900107,8,21,-13
121900108,0,7,-7
121900109,378,111,267
121900110,124,987,-863
121900111,497,73,424
121900112,197,51,146
121900113,43,105,-62
121900114,5,33,-28
121900117,50,24,26
121900118,1474,189,1285
121900119,49,93,-44
121900120,23,1258,-1235
121900121,344,22,322
121900122,14,14,0
121900123,125,344,-219
121900124,87,204,-117
121900125,561,721,-160
121900127,3,52,-49
121900128,48,100,-52
121900129,1033,58,975
121900130,68,143,-75
121900131,133,62,71
121900132,18,96,-78
121900133,90,126,-36
121900134,25,84,-59
121900135,1663,152,1511
121900136,85,426,-341
121900137,23,173,-150
121900138,49,146,-97
121900139,288,338,-50
121900140,24,89,-65
121900141,22,17,5
121900142,38,92,-54
121900143,4,99,-95
121900144,137,223,-86
121900145,64,92,-28
121900146,434,506,-72
121900147,55,110,-55
121900148,79,196,-117
121900149,252,581,-329
121900150,45,99,-54
121900151,34,149,-115
121900152,67,147,-80
121900153,54,341,-287
121900154,6,117,-111
121900155,1,55,-54
121900156,106,89,17
121900157,2,333,-331
121900158,27,78,-51
121900159,0,144,-144
121900160,13,179,-166
121900161,492,208,284
121900162,85,93,-8
121900163,27,538,-511
121900164,309,138,171
121900165,68,142,-74
121900166,62,153,-91
121900167,69,54,15
121900168,193,103,90
121900169,7,244,-237
121900170,0,171,-171
121900171,324,325,-1
121900172,187,141,46
121900173,611,159,452
121900174,6,22,-16
121900175,27,108,-81
121900176,355,1269,-914
121900177,86,34,52
121900178,19,44,-25
121900179,128,84,44
121900180,4416,1732,2684
121900182,300,189,111
121900183,192,448,-256
121900184,29,355,-326
121900186,3,249,-246
121900187,9,54,-45
121900188,463,216,247
121900189,18,57,-39
121900190,127,350,-223
121900191,49,96,-47
121900192,404,355,49
121900193,19,146,-127
121900194,3,119,-116
121900195,59,50,9
121900196,436,559,-123
121900197,179,1560,-1381
121900198,662,637,25
121900199,3,11,-8
121900200,40,127,-87
121900201,743,434,309
121900202,72,234,-162
121900203,144,488,-344
121900204,806,750,56
121900205,0,71,-71
121900206,3,5,-2
121900207,98,19,79
121900208,124,166,-42
121900209,18,16,2
121900210,694,664,30
121900211,138,332,-194
121900212,121,97,24
121900213,48,68,-20
121900214,5,244,-239
121900215,21,41,-20
121900216,14,68,-54
121900217,137,45,92
121900218,162,256,-94
121900220,74,5,69
121900221,126,550,-424
121900222,50,103,-53
121900223,63,38,25
121900224,36,35,1
121900225,83,47,36
121900226,137,794,-657
121900227,60,237,-177
121900228,128,192,-64
121900230,52,41,11
121900231,235,183,52
121900232,172,252,-80
121900233,157,208,-51
121900234,107,231,-124
121900235,139,169,-30
121900236,228,114,114
121900237,131,135,-4
121900238,78,129,-51
121900239,61,27,34
121900240,123,75,48
121900241,39,28,11
121900242,0,0,0
121900243,1,0,1
121900244,2,0,2
121900245,133,83,50
121900246,789,253,536
121900248,850,683,167
121900250,389,158,231
121900251,204,7,197
121900252,619,92,527
121900253,128,694,-566
121900254,622,147,475
121900255,104,57,47
121900258,1591,1287,304
121900259,271,318,-47
121900260,11,81,-70
121900261,89,255,-166
121900262,294,352,-58
121900263,47,224,-177
121900264,1603,800,803
121900265,79,221,-142
121900266,77,158,-81
121900267,12,8,4
121900269,33,195,-162
121900270,16,91,-75
121900271,20,106,-86
121900273,291,941,-650
121900274,79,158,-79
121900277,151,993,-842
121900278,39,588,-549
121900279,97,235,-138
121900280,87,154,-67
121900281,356,41,315
121900284,54,3,51
121900286,33,106,-73
121900287,9,14,-5
121900288,3,2,1
121900290,116,136,-20
121900291,336,348,-12
121900292,146,81,65
121900293,705,2140,-1435
121900294,171,4,167
121900295,18,166,-148
121900296,35,7,28
121900298,202,311,-109
121900299,0,0,0
121900300,10,0,10
121900301,11,3,8
121900302,0,51,-51
121900303,105,326,-221
121900304,0,12,-12
121900305,0,10,-10
121900306,34,0,34
121900307,42,18,24
121900308,15,274,-259
121900309,18,183,-165
121900310,15,409,-394
121900311,118,8,110
121900312,60,4,56
121900313,102,14,88
121900314,1,52,-51
121900315,2,0,2
121900316,0,9,-9
121900317,0,0,0
121900318,1,16,-15
121900319,4,10,-6
121900320,31,39,-8
121900321,2,1,1
121900322,1,16,-15
121900323,17,6,11
121900324,1,20,-19
121900325,3,0,3
121900326,1,13,-12
121900327,3,31,-28
121900328,0,17,-17
121900329,3,145,-142
121900330,0,35,-35
121900331,12,2,10
121900332,29,8,21
121900333,13,0,13
121900334,67,34,33
122000001,2291,2169,122
122000002,5151,813,4338
122000003,1803,1025,778
122000004,2436,607,1829
122000005,2226,651,1575
122000006,1803,315,1488
122000007,935,733,202
122000008,5158,2431,2727
122000009,496,161,335
122000010,1646,1591,55
122000011,2801,508,2293
122000012,1033,642,391
122000013,1545,922,623
122000014,1018,1538,-520
122000015,1062,716,346
122000016,383,597,-214
122000017,849,979,-130
122000018,1026,873,153
122000019,531,1016,-485
122000020,120,158,-38
122000021,451,287,164
122000022,940,1096,-156
122000023,342,2056,-1714
122000024,1068,550,518
122000025,1881,758,1123
122000026,2185,549,1636
122000027,554,3787,-3233
122000028,591,203,388
122000029,295,181,114
122000030,271,70,201
122000031,92,142,-50
122000032,1215,2218,-1003
122000033,778,510,268
122000034,504,404,100
122000035,301,521,-220
122000036,351,551,-200
122000037,236,180,56
122000038,266,220,46
122000039,521,357,164
122000040,391,245,146
122000041,322,385,-63
122000042,197,299,-102
122000043,113,71,42
122000044,78,115,-37
122000045,1223,404,819
122000046,549,716,-167
122000047,237,116,121
122000048,2310,2527,-217
122000049,3612,1823,1789
122000050,1317,394,923
122000051,279,264,15
122000052,443,149,294
122000053,122,342,-220
122000054,1959,1153,806
122000055,1918,1592,326
122000056,4159,2259,1900
122000057,2847,1647,1200
122000058,4103,868,3235
122000059,3079,980,2099
122000060,1130,376,754
122000061,787,150,637
122000062,1098,269,829
122000063,989,360,629
122000064,2923,2424,499
122000065,4724,2241,2483
122000066,685,453,232
122000067,1109,926,183
122000068,520,960,-440
122000069,659,537,122
122000070,357,2201,-1844
122000071,691,1228,-537
122000072,282,194,88
122000073,451,319,132
122000074,1413,942,471
122000075,298,875,-577
122000076,1114,777,337
122000077,983,513,470
122000078,2873,1388,1485
122000079,1138,447,691
122000080,708,252,456
122000081,103,183,-80
122000082,1237,531,706
122000083,965,3204,-2239
122000084,560,505,55
122000085,141,1048,-907
122000086,1668,3139,-1471
122000087,347,137,210
122000088,292,128,164
122000089,4888,1916,2972
122000090,175,253,-78
122000091,280,60,220
122000092,80,6,74
122000093,1095,794,301
122000094,5590,1142,4448
122000095,3037,1314,1723
122000096,2425,949,1476
122000098,2684,982,1702
122000099,1820,443,1377
122000100,1553,455,1098
122000101,217,663,-446
122000102,1203,832,371
122000103,1319,987,332
122000104,164,134,30
122000105,189,197,-8
122000106,626,446,180
122000107,579,370,209
122000108,268,687,-419
122000109,236,272,-36
122000110,234,383,-149
122000111,1749,829,920
122000112,549,1003,-454
122000113,358,456,-98
122000114,2296,1066,1230
122000115,1415,859,556
122000116,383,392,-9
122000117,767,220,547
122000118,216,348,-132
122000119,2519,1029,1490
122000120,3355,1660,1695
122000121,3952,1539,2413
122000122,587,944,-357
122000123,1762,903,859
122000124,1006,295,711
122000125,350,497,-147
122000126,644,518,126
122000127,1120,622,498
122000128,443,674,-231
122000129,293,430,-137
122000130,1509,322,1187
122000131,2083,381,1702
122000132,1143,285,858
122000133,865,1513,-648
122000134,362,376,-14
122000135,517,685,-168
122000136,271,154,117
122000137,599,456,143
122000139,1071,1955,-884
122000140,896,361,535
122000141,3809,553,3256
122000142,487,372,115
122000143,663,148,515
122000144,1880,535,1345
122000145,1259,565,694
122000146,640,647,-7
122000147,772,239,533
122000148,2091,904,1187
122000149,1709,732,977
122000150,947,620,327
122000151,347,328,19
122000152,517,258,259
122000153,395,190,205
122000154,326,126,200
122000155,1353,1546,-193
122000156,2257,1444,813
122000157,1580,894,686
122000158,260,456,-196
122000159,1062,1058,4
122000160,5440,612,4828
122000161,1341,521,820
122000162,1707,1111,596
122000163,255,44,211
122000164,26,57,-31
122000165,573,573,0
122000166,617,890,-273
122000167,196,170,26
122000168,154,372,-218
122000169,476,116,360
122000170,171,247,-76
122000171,30,62,-32
122000172,1142,1218,-76
122000173,1072,1744,-672
122000174,1461,581,880
122000175,1101,276,825
122000176,253,388,-135
122000177,1464,1018,446
122000178,2459,1952,507
122000179,1491,2003,-512
122000180,1709,639,1070
122000181,1408,1663,-255
122000182,2195,614,1581
122000183,1291,710,581
122000184,2659,1108,1551
122000185,1300,818,482
122000186,500,596,-96
122000187,1209,924,285
122000188,511,142,369
122000189,260,279,-19
122000190,847,738,109
122000191,737,296,441
122000192,995,219,776
122000193,269,519,-250
122000194,422,116,306
122000195,124,312,-188
122000196,724,448,276
122000197,362,444,-82
122000198,371,720,-349
122000199,278,218,60
122000200,1023,448,575
122000201,1140,1212,-72
122000202,851,799,52
122000203,2035,1127,908
122000204,1033,1341,-308
122000205,1115,691,424
122000206,1671,802,869
122000207,704,977,-273
122000208,1449,1101,348
122000209,2139,275,1864
122000210,1156,1427,-271
122000211,839,951,-112
122000212,432,354,78
122000213,722,842,-120
122000214,1260,1226,34
122000215,1441,1125,316
122000217,1528,1101,427
122000218,595,50,545
122000219,1240,849,391
122000220,367,628,-261
122000221,81,283,-202
122000222,528,62,466
122000223,871,367,504
122000225,472,244,228
122000226,765,1480,-715
122000227,181,1266,-1085
122000228,201,339,-138
122000229,24,316,-292
122000230,52,672,-620
122000231,140,562,-422
122000232,317,743,-426
122000233,0,92,-92
122000234,112,152,-40
122000235,251,158,93
122000236,318,155,163
122000237,51,44,7
122000238,91,161,-70
122000239,294,57,237
122000240,661,278,383
122000241,400,316,84
122000242,185,74,111
122000243,102,56,46
122000244,25,449,-424
122000245,52,325,-273
122000246,124,101,23
122000247,386,953,-567
122000248,985,1857,-872
122000249,311,414,-103
122000250,1026,440,586
122000251,197,244,-47
122000252,401,45,356
122000253,20,193,-173
122000254,73,49,24
122000255,417,1498,-1081
122000256,292,1180,-888
122000257,96,389,-293
122000258,54,156,-102
122000259,11,560,-549
122000260,3,87,-84
122000261,1,131,-130
122000262,2,67,-65
122000263,66,80,-14
122000264,444,301,143
122000265,1418,554,864
122000266,3480,459,3021
122000267,34,72,-38
122000268,102,258,-156
122000269,523,189,334
122000270,395,70,325
122000271,218,867,-649
122000272,197,784,-587
122000273,271,357,-86
122000274,77,132,-55
122000275,22,101,-79
122000276,196,467,-271
122000277,409,1072,-663
122000278,354,737,-383
122000279,106,490,-384
122000280,434,641,-207
122000281,291,552,-261
122000282,61,260,-199
122000283,151,44,107
122000284,44,58,-14
122000285,237,66,171
122000286,44,148,-104
122000287,426,947,-521
122000288,184,199,-15
122000291,570,303,267
122000293,286,289,-3
122000294,67,138,-71
122000295,1065,130,935
122000296,44,414,-370
122000297,2267,1414,853
122000299,247,298,-51
122000300,840,386,454
122000301,10355,1834,8521
122000302,682,455,227
122000303,3623,924,2699
122000304,12,95,-83
122000305,419,658,-239
122000306,16,645,-629
122000307,197,101,96
122000309,48,78,-30
122000310,40,9,31
122000311,28,45,-17
122000312,59,18,41
122000313,14,20,-6
122000314,76,171,-95
122000315,109,10,99
122000316,203,152,51
122000317,642,139,503
122000318,355,198,157
122000319,483,429,54
122000320,268,1768,-1500
122000321,34,210,-176
122000322,2133,1762,371
122000323,1457,1024,433
122000324,1319,989,330
122000325,775,701,74
122000326,15,137,-122
122000327,156,369,-213
122000328,1005,721,284
122000330,1325,481,844
122000332,108,228,-120
122000333,4,187,-183
122000337,368,1764,-1396
122000338,167,380,-213
122000340,323,185,138
122000342,1859,795,1064
122000343,286,1348,-1062
122000344,14,24,-10
122000345,6,13,-7
122000346,196,423,-227
122000348,294,607,-313
122000349,57,487,-430
122000351,77,138,-61
122000352,209,40,169
122000353,35,103,-68
122000355,90,180,-90
122000356,1235,580,655
122000357,18,13,5
122000358,1,50,-49
122000359,1,27,-26
122000360,0,58,-58
122000362,5,91,-86
122000364,60,345,-285
122000365,0,11,-11
122000366,6,6,0
122000368,347,651,-304
122000370,8,81,-73
122000371,0,0,0
122000372,2,0,2
122000381,26,292,-266
122000382,29,182,-153
122000384,3933,1796,2137
122000385,13,0,13
122000386,387,593,-206
122000387,295,438,-143
122000388,1264,253,1011
122000389,167,653,-486
122000390,283,196,87
122000391,166,64,102
122000392,156,154,2
122000393,16,115,-99
122000394,194,225,-31
122000395,69,149,-80
122000396,216,85,131
122000397,14,86,-72
122000398,5,58,-53
122000399,59,73,-14
122000400,106,225,-119
122000401,66,79,-13
122000402,116,58,58
122000403,206,970,-764
122000404,74,240,-166
122000408,900,968,-68
122000503,8,47,-39
122000524,159,70,89
122000544,21,1376,-1355
122000614,306,144,162
122000616,508,2,506
122000640,23,195,-172
122000641,36,440,-404
122000642,683,990,-307
122000643,8,90,-82
122000644,147,22,125
122000645,78,133,-55
122000651,1769,488,1281
122000664,121,34,87
122000665,866,465,401
122000666,421,811,-390
122000673,29,313,-284
122000674,52,53,-1
122000675,792,837,-45
122000686,163,982,-819
122000687,478,271,207
122000688,102,582,-480
122000689,232,453,-221
122000690,316,558,-242
122000691,191,2054,-1863
122000692,460,247,213
122000693,256,1304,-1048
122000695,103,411,-308
122000696,115,254,-139
122000698,78,804,-726
122000699,94,31,63
122000701,729,301,428
122000702,355,1917,-1562
122000703,110,40,70
122000712,0,0,0
122000717,158,44,114
122000718,758,677,81
122000719,37,30,7
122000720,95,203,-108
122000724,250,322,-72
122900001,11,6,5
122900002,777,1189,-412
122900003,131,16,115
122900004,769,19,750
122900005,30,65,-35
122900006,200,330,-130
122900007,147,6,141
122900008,391,134,257
122900009,563,145,418
122900010,125,118,7
122900012,252,267,-15
122900014,101,219,-118
122900015,1822,252,1570
122900016,41,226,-185
122900017,458,539,-81
122900018,180,10,170
122900019,7,118,-111
122900020,186,278,-92
122900021,33,435,-402
122900022,226,808,-582
122900023,136,169,-33
122900024,59,65,-6
122900025,10,107,-97
122900026,115,305,-190
122900027,45,553,-508
122900028,62,79,-17
122900029,3253,1362,1891
122900030,1006,339,667
122900031,71,119,-48
122900032,71,170,-99
122900033,98,166,-68
122900034,2654,2696,-42
122900035,51,32,19
122900036,13,100,-87
122900037,277,95,182
122900038,109,1145,-1036
122900039,119,332,-213
122900040,118,280,-162
122900041,89,161,-72
122900042,87,218,-131
122900043,285,119,166
122900044,62,270,-208
122900045,62,51,11
122900046,39,92,-53
122900047,155,82,73
122900048,50,102,-52
122900049,1285,69,1216
122900051,87,58,29
122900052,43,91,-48
122900053,20,11,9
122900055,194,58,136
122900057,198,9,189
122900061,304,71,233
122900062,200,282,-82
122900063,90,341,-251
122900064,633,506,127
122900065,194,111,83
122900066,217,150,67
122900067,1179,596,583
122900069,94,516,-422
122900070,166,30,136
122900071,52,365,-313
122900073,20,234,-214
122900074,134,540,-406
122900075,0,40,-40
122900076,5,129,-124
122900077,0,120,-120
122900078,28,75,-47
122900080,48,11,37
122900081,90,82,8
122900082,502,120,382
122900083,141,89,52
122900084,2,220,-218
122900086,4,19,-15
122900087,67,484,-417
122900088,27,43,-16
122900089,2,187,-185
122900090,6,446,-440
122900091,49,2,47
122900092,2,225,-223
122900093,0,327,-327
122900094,4,208,-204
122900095,52,1,51
122900096,194,322,-128
122900097,42,45,-3
122900098,80,71,9
122900099,2,4,-2
122900100,151,146,5
122900101,574,111,463
122900102,4,7,-3
122900103,27,3,24
122900104,23,3,20
122900105,3,5,-2
122900106,1,51,-50
122900107,4,127,-123
122900108,1,156,-155
122900109,62,180,-118
123000001,1616,309,1307
123000002,4648,1823,2825
123000003,3257,1892,1365
123000004,3262,3689,-427
123000005,1606,1888,-282
123000006,2842,2407,435
123000007,2352,1880,472
123000008,2365,3423,-1058
123000009,3363,2496,867
123000010,2791,3351,-560
123000011,2620,762,1858
123000012,1116,1963,-847
123000013,2710,808,1902
123000014,1236,2971,-1735
123000015,3693,506,3187
123000016,5178,1716,3462
123000017,2898,1524,1374
123000018,64,59,5
123000019,96,357,-261
123000020,78,112,-34
123000021,74,137,-63
123000022,384,846,-462
123000023,961,897,64
123000024,734,403,331
123000025,85,84,1
123000026,6,104,-98
123000027,266,244,22
123000028,396,722,-326
123000029,540,500,40
123000030,88,622,-534
123000031,125,345,-220
123000032,150,300,-150
123000033,174,64,110
123000034,504,406,98
123000035,151,166,-15
123000036,143,332,-189
123000037,126,238,-112
123000038,59,194,-135
123000039,535,663,-128
123000040,980,255,725
123000041,789,362,427
123000042,728,363,365
123000043,2821,2414,407
123000044,5027,1537,3490
123000045,7817,1130,6687
123000046,740,494,246
123000047,2525,930,1595
123000048,57,223,-166
123000049,5378,2657,2721
123000050,535,705,-170
123000051,91,111,-20
123000052,416,1463,-1047
123000053,1966,1776,190
123000054,1022,853,169
123000055,941,816,125
123000056,982,1522,-540
123000057,14472,3780,10692
123000058,349,499,-150
123000059,327,299,28
123000060,451,248,203
123000061,104,506,-402
123000063,663,506,157
123000064,566,147,419
123000065,6049,2887,3162
123000066,997,576,421
123000067,250,451,-201
123000068,2712,2646,66
123000069,7225,2915,4310
123000070,260,679,-419
123000071,465,1071,-606
123000072,844,1311,-467
123000073,533,773,-240
123000074,673,1895,-1222
123000075,389,643,-254
123000076,340,1039,-699
123000077,1888,3438,-1550
123000078,795,1693,-898
123000079,702,1722,-1020
123000080,1387,2225,-838
123000081,189,453,-264
123000082,341,894,-553
123000083,709,76,633
123000084,300,648,-348
123000085,48,129,-81
123000086,149,359,-210
123000087,56,452,-396
123000088,509,1258,-749
123000089,270,1187,-917
123000090,1011,1135,-124
123000091,1306,1078,228
123000092,1082,1025,57
123000094,222,187,35
123000095,124,512,-388
123000096,250,349,-99
123000097,203,971,-768
123000098,378,443,-65
123000099,424,787,-363
123000100,390,414,-24
123000101,498,287,211
123000102,469,433,36
123000104,311,309,2
123000105,466,554,-88
123000106,518,247,271
123000107,497,594,-97
123000108,1184,847,337
123000111,450,190,260
123000112,446,422,24
123000113,362,1141,-779
123000114,329,384,-55
123000115,113,239,-126
123000116,28,144,-116
123000117,900,1793,-893
123000118,262,767,-505
123000119,179,912,-733
123000120,309,821,-512
123000121,356,453,-97
123000122,312,296,16
123000123,421,469,-48
123000124,646,551,95
123000125,835,423,412
123000126,2107,1995,112
123000127,1569,776,793
123000128,209,369,-160
123000129,224,119,105
123000130,231,64,167
123000131,490,423,67
123000132,356,482,-126
123000133,456,317,139
123000134,495,154,341
123000135,673,709,-36
123000136,202,1263,-1061
123000137,68,375,-307
123000138,54,412,-358
123000139,217,73,144
123000140,129,557,-428
123000141,619,40,579
123000142,844,933,-89
123000143,901,2301,-1400
123000144,16,9,7
123000145,129,104,25
123000146,15,63,-48
123000147,71,93,-22
123000149,197,250,-53
123000150,164,138,26
123000151,290,352,-62
123000152,19,297,-278
123000153,124,347,-223
123000154,1567,1231,336
123000155,1957,664,1293
123000156,24,62,-38
123000157,493,752,-259
123000158,673,402,271
123000159,1730,1034,696
123000160,580,453,127
123000161,698,578,120
123000162,362,893,-531
123000163,156,26,130
123000164,633,174,459
123000165,224,1748,-1524
123000166,22,133,-111
123000167,107,213,-106
123000168,124,283,-159
123000169,209,78,131
123000170,28,229,-201
123000171,113,32,81
123000172,230,560,-330
123000173,302,92,210
123000174,473,103,370
123000175,796,1258,-462
123000176,423,104,319
123000177,217,862,-645
123000178,429,52,377
123000179,28,701,-673
123000180,634,222,412
123000181,187,773,-586
123000183,151,174,-23
123000184,52,785,-733
123000186,6,632,-626
123000187,259,3,256
123000188,155,2,153
123000189,105,172,-67
123000190,35,40,-5
123000192,8,441,-433
123000193,30,517,-487
123000194,435,261,174
123000195,199,6,193
123000196,143,3,140
123000197,19,119,-100
123000198,8,179,-171
123000199,5,433,-428
123000200,177,6,171
123000201,356,11,345
123000202,20,1250,-1230
123000203,324,28,296
123000204,59,1174,-1115
123000205,247,1958,-1711
123000206,878,127,751
123000207,60,979,-919
123000208,209,65,144
123000209,816,216,600
123000210,331,1543,-1212
123000211,539,2492,-1953
123000212,1185,220,965
123000213,198,27,171
123000215,116,63,53
123000216,120,215,-95
123000217,100,24,76
123000218,67,254,-187
123000219,754,20,734
123000220,370,60,310
123000221,135,111,24
123000222,167,394,-227
123000223,71,559,-488
123000224,274,665,-391
123000225,229,48,181
123000226,104,332,-228
123000227,45,358,-313
123000228,113,44,69
123000229,1076,1496,-420
123000232,47,519,-472
123000233,399,109,290
123000234,92,542,-450
123000235,156,206,-50
123000236,89,741,-652
123000237,170,56,114
123000238,61,545,-484
123000239,339,1635,-1296
123000240,39,196,-157
123000241,839,97,742
123000242,38,122,-84
123000243,292,910,-618
123000244,508,423,85
123000245,48,126,-78
123000249,395,581,-186
123000252,604,116,488
123000253,367,234,133
123000254,268,824,-556
123000255,479,533,-54
123000256,30,212,-182
123000257,2321,1470,851
123000258,870,1583,-713
123000259,116,319,-203
123000260,238,453,-215
123000261,72,107,-35
123000262,76,218,-142
123000263,181,74,107
123000264,165,31,134
123000265,65,104,-39
123000266,373,527,-154
123000267,123,190,-67
123000268,12,49,-37
123000269,19,24,-5
123000270,12,22,-10
123000271,33,99,-66
123000272,546,197,349
123000273,127,496,-369
123000274,797,245,552
123000275,239,913,-674
123000278,2500,1992,508
123000279,32,91,-59
123000280,160,277,-117
123000281,122,46,76
123000282,65,257,-192
123000283,67,14,53
123000284,34,111,-77
123000286,267,180,87
123000287,598,195,403
123000288,593,434,159
123000289,357,501,-144
123000291,214,688,-474
123000294,158,253,-95
123000295,643,1201,-558
123000296,186,627,-441
123000297,186,789,-603
123000298,225,652,-427
123000299,27,300,-273
123000300,473,584,-111
123000301,54,120,-66
123000302,68,135,-67
123000303,20,176,-156
123000305,912,707,205
123000306,30,189,-159
123000309,26,62,-36
123000310,44,25,19
123000311,0,189,-189
123000312,738,1310,-572
123000313,358,355,3
123000315,167,285,-118
123000316,1481,125,1356
123000317,245,35,210
123000318,60,254,-194
123000329,9,11,-2
123000337,109,165,-56
123000338,327,92,235
123000339,78,138,-60
123000340,170,433,-263
123000342,6,185,-179
123000343,33,0,33
123000344,816,332,484
123000345,310,436,-126
123000346,173,72,101
123000352,1588,655,933
123000353,34,133,-99
123000354,98,1,97
123000355,0,337,-337
123000356,73,3,70
123000357,4,293,-289
123000359,4,235,-231
123000360,136,7,129
123000361,461,274,187
123000362,105,71,34
123000363,115,216,-101
123000364,320,261,59
123000365,23,153,-130
123000366,235,898,-663
123000367,540,1315,-775
123000370,16,261,-245
123000371,80,4,76
123000372,76,7,69
123000373,2,346,-344
123000374,11,191,-180
123000375,83,8,75
123000376,464,441,23
123000377,154,2,152
123000378,5,294,-289
123000379,1,186,-185
123000380,50,142,-92
123000381,83,31,52
123000382,872,18,854
123000383,142,508,-366
123000384,422,62,360
123000385,351,539,-188
123000436,19,377,-358
123000507,183,309,-126
123000508,157,313,-156
123000517,278,17,261
123000518,30,172,-142
123000519,93,66,27
123000520,55,163,-108
123000521,229,82,147
123000522,175,471,-296
123000541,2,0,2
123000542,0,27,-27
123000565,264,19,245
123000566,46,848,-802
123000567,112,263,-151
123000573,11,801,-790
123000574,227,37,190
123000575,1059,949,110
123000576,519,1424,-905
123000577,73,406,-333
123000578,563,76,487
123000579,4380,1774,2606
123000580,56,12,44
123000582,197,20,177
123000583,6,309,-303
123000584,76,169,-93
123000585,0,76,-76
123000586,24,1,23
123000596,100,129,-29
123000597,32,64,-32
123000602,13,1,12
123000603,187,343,-156
123000604,276,993,-717
123000605,504,26,478
123000606,1,137,-136
123000609,6,299,-293
123000610,74,62,12
123000613,55,117,-62
123000614,126,23,103
123000615,48,232,-184
123000616,205,27,178
123000617,33,304,-271
123000618,22,550,-528
123000619,429,26,403
123000620,5,479,-474
123000622,190,18,172
123000624,104,41,63
123000630,444,170,274
123000631,160,1840,-1680
123000632,1193,1406,-213
123000633,9,268,-259
123000634,67,26,41
123000635,184,85,99
123000636,43,782,-739
123000637,131,29,102
123000638,282,93,189
123000639,754,1700,-946
123000640,51,901,-850
123000648,138,56,82
123000649,16,563,-547
123000650,131,269,-138
123000651,34,464,-430
123900001,1217,43,1174
123900002,12,643,-631
123900003,257,485,-228
123900005,82,74,8
123900006,155,13,142
124000001,990,133,857
124000002,73,1356,-1283
124000003,260,79,181
124000004,39,551,-512
124000005,471,202,269
124000006,210,1337,-1127
124000007,400,67,333
124000008,23,376,-353
124000009,240,165,75
124000010,93,515,-422
124000011,348,162,186
124000012,173,734,-561
124000017,45,70,-25
124000018,61,116,-55
124000019,47,52,-5
124000020,36,293,-257
124000021,41,48,-7
124000022,122,243,-121
124000023,830,982,-152
124000024,952,586,366
124000025,765,803,-38
124000026,932,854,78
124000027,4159,2203,1956
124000028,2667,2831,-164
124000030,1934,852,1082
124000031,621,719,-98
124000032,3338,1099,2239
124000033,465,232,233
124000034,934,1095,-161
124000035,128,46,82
124000036,81,568,-487
124000037,183,264,-81
124000038,29,70,-41
124000039,824,194,630
124000040,469,366,103
124000041,93,60,33
124000042,46,249,-203
124000043,49,85,-36
124000044,49,215,-166
124000045,330,414,-84
124000046,136,701,-565
124000047,521,559,-38
124000048,352,1614,-1262
124000049,544,522,22
124000050,362,2122,-1760
124000051,232,388,-156
124000052,256,1306,-1050
124000053,453,593,-140
124000054,633,705,-72
124000055,922,878,44
124000056,2984,1274,1710
124000057,492,338,154
124000058,302,1332,-1030
124000059,264,460,-196
124000060,908,790,118
124000061,1033,2078,-1045
124000062,4255,1588,2667
124000063,1283,1493,-210
124000064,2195,1740,455
124000065,86,102,-16
124000066,246,49,197
124000067,44,156,-112
124000068,70,120,-50
124000069,199,206,-7
124000070,101,442,-341
124000071,77,64,13
124000072,51,260,-209
124000073,426,84,342
124000074,142,791,-649
124000075,84,30,54
124000076,4,227,-223
124000077,1367,517,850
124000078,1918,320,1598
124000079,525,657,-132
124000080,168,84,84
124000081,91,722,-631
124000082,20,97,-77
124000083,29,165,-136
124000084,99,207,-108
124000085,99,37,62
124000086,31,60,-29
124000087,78,59,19
124000088,78,214,-136
124000089,256,255,1
124000090,99,435,-336
124000091,278,97,181
124000092,94,719,-625
124000093,99,54,45
124000094,134,282,-148
124000095,38,56,-18
124000096,71,195,-124
124000097,56,72,-16
124000098,33,140,-107
124000099,113,72,41
124000100,30,101,-71
124000101,23,121,-98
124000102,84,80,4
124000103,41,96,-55
124000104,55,84,-29
124000105,26,42,-16
124000106,138,98,40
124000107,14,72,-58
124000108,52,34,18
124000109,83,36,47
124000110,111,126,-15
124000111,138,117,21
124000112,316,548,-232
124000113,29,62,-33
124000114,134,562,-428
124000115,265,664,-399
124000116,40,93,-53
124000117,62,58,4
124000118,55,73,-18
124000119,719,398,321
124000120,319,423,-104
124000121,1190,342,848
124000122,470,822,-352
124000123,598,266,332
124000124,413,714,-301
124000125,276,235,41
124000126,352,483,-131
124000127,387,233,154
124000128,496,884,-388
124000129,1263,833,430
124000130,725,471,254
124000131,726,406,320
124000132,823,631,192
124000133,479,578,-99
124000134,532,626,-94
124000135,1003,901,102
124000136,700,900,-200
124000137,946,352,594
124000138,1119,823,296
124000139,431,24,407
124000140,63,532,-469
124000141,172,29,143
124000142,29,527,-498
124000143,39,6,33
124000144,5,161,-156
124000145,50,20,30
124000146,7,124,-117
124000148,7,26,-19
124000149,609,204,405
124000150,266,414,-148
124000151,417,226,191
124000152,557,928,-371
124000153,608,365,243
124000154,810,667,143
124000155,837,494,343
124000156,1171,773,398
124000169,247,252,-5
124000170,602,326,276
124000171,170,177,-7
124000172,314,524,-210
124000173,198,253,-55
124000174,180,730,-550
124000175,2,139,-137
124000176,13,6,7
124000177,16,39,-23
124000178,12,17,-5
124000185,13,2,11
124000186,2,58,-56
124000187,3,95,-92
124000188,17,4,13
124000190,252,28,224
124000191,349,141,208
124000192,1548,212,1336
124000193,291,848,-557
124000194,329,523,-194
124000195,126,362,-236
124000196,797,1078,-281
124000197,58,65,-7
124000198,15,37,-22
124000201,162,888,-726
124000202,269,7,262
124000203,74,934,-860
124000204,196,250,-54
124000205,44,559,-515
124000206,109,58,51
124000207,0,32,-32
124000209,106,485,-379
124000210,90,178,-88
124000211,97,1,96
124000212,1,459,-458
124000213,66,296,-230
124000214,135,885,-750
124000215,67,3,64
124000216,1,520,-519
124000329,10,1054,-1044
124000338,63,1687,-1624
124000339,201,41,160
124000341,324,35,289
124000344,26,3,23
124000357,606,1171,-565
124000358,557,834,-277
124000359,518,361,157
124000360,311,308,3
124000361,801,619,182
124000362,1306,1324,-18
124000363,218,526,-308
124000364,391,872,-481
124000365,626,1051,-425
124000366,1578,751,827
124000367,80,439,-359
124000368,135,160,-25
124000369,88,68,20
124000370,58,357,-299
124000402,6,4,2
124000403,25,2,23
124000404,6,93,-87
124000405,815,534,281
124000406,801,702,99
124000407,1,23,-22
124000411,3,333,-330
124000412,110,21,89
124000413,297,54,243
124000414,33,125,-92
124000415,25,226,-201
124000416,96,319,-223
124000417,94,96,-2
124000418,51,128,-77
124000419,69,168,-99
124000420,52,60,-8
124000421,23,312,-289
124000422,29,8,21
124000423,90,26,64
124000424,0,155,-155
124000425,20,2,18
124000426,3,200,-197
124000427,42,8,34
124000428,8,23,-15
124000429,22,64,-42
124000430,178,164,14
124000431,220,440,-220
124000432,64,626,-562
124000439,1,1,0
124000443,0,7,-7
124000445,119,326,-207
124000446,2442,153,2289
124000447,10,58,-48
124000448,13,5,8
124000449,38,4,34
124000450,8,370,-362
124000451,1,204,-203
124900001,275,203,72
124900002,66,408,-342
124900003,412,464,-52
124900004,169,310,-141
124900005,146,171,-25
124900006,201,306,-105
124900008,870,360,510
124900009,145,110,35
124900010,39,22,17
124900011,142,87,55
124900012,190,54,136
124900013,193,70,123
124900014,142,61,81
124900015,63,72,-9
124900016,18,21,-3
124900017,437,226,211
124900018,11,3,8
124900020,20,18,2
124900021,67,21,46
124900022,8,4,4
124900024,88,1,87
124900026,130,32,98
124900027,36,110,-74
124900028,495,102,393
124900029,5,323,-318
124900030,3,117,-114
124900031,8,337,-329
124900032,195,126,69
124900033,41,358,-317
124900034,2,92,-90
124900035,66,297,-231
124900036,0,50,-50
124900037,92,248,-156
124900039,0,23,-23
124900040,47,66,-19
124900042,23,0,23
124900043,272,1518,-1246
124900044,41,0,41
124900045,671,515,156
124900047,653,353,300
124900048,87,132,-45
124900050,112,279,-167
124900052,77,293,-216
124900053,102,480,-378
124900054,1399,222,1177
124900055,3,184,-181
124900057,3,88,-85
124900060,965,607,358
124900061,7,4,3
124900062,12,14,-2
124900066,0,71,-71
124900067,2,140,-138
124900068,165,185,-20
124900070,21,21,0
124900072,39,13,26
124900075,65,220,-155
124900076,22,285,-263
124900077,21,97,-76
124900078,18,6,12
124900079,577,41,536
124900080,175,869,-694
124900081,405,214,191
124900082,401,1733,-1332
124900083,248,867,-619
124900085,2774,382,2392
124900086,32,405,-373
124900087,2009,80,1929
124900088,902,240,662
124900089,1246,15,1231
124900090,79,151,-72
124900091,121,453,-332
124900092,124,382,-258
124900093,74,154,-80
124900094,126,175,-49
124900095,44,228,-184
124900096,382,91,291
124900097,102,38,64
124900098,84,274,-190
124900099,375,259,116
124900100,128,17,111
124900101,35,457,-422
124900102,68,3,65
124900103,57,246,-189
124900104,27,234,-207
124900105,37,153,-116
124900106,163,21,142
124900107,35,13,22
124900108,204,29,175
124900111,0,59,-59
124900112,170,860,-690
124900113,108,77,31
124900114,222,39,183
124900115,42,24,18
124900116,33,63,-30
124900117,538,106,432
124900118,118,79,39
124900119,159,60,99
124900120,32,304,-272
124900121,66,111,-45
124900122,353,131,222
124900123,468,47,421
124900124,125,150,-25
204000001,30,20,10
204000002,8,16,-8
204000003,9,0,9
204000004,8,1,7
204000005,299,256,43
204000006,585,680,-95
204000011,6,54,-48
204000012,31,112,-81
204000019,386,445,-59
204000020,238,728,-490
204000021,1355,643,712
204000022,308,402,-94
204000023,261,1439,-1178
204000031,91,29,62
204000032,436,32,404
204000034,20,250,-230
204000035,0,1,-1
204000036,7,20,-13
204000037,7,28,-21
204000038,1,25,-24
204000039,6,55,-49
204000040,2,47,-45
204000041,4,43,-39
204000042,10,8,2
204000043,12,4,8
204000044,19,1,18
204000045,11,8,3
204000046,5,7,-2
204000057,0,53,-53
204000062,7,211,-204
204000068,25,103,-78
204000069,11,143,-132
204000070,38,123,-85
204000080,9,44,-35
204000085,943,1490,-547
204000086,2686,2014,672
204000087,46,9,37
204000088,7,98,-91
204000090,17,311,-294
204000093,152,69,83
204000096,406,538,-132
204000097,145,40,105
204000099,698,1007,-309
204000100,483,689,-206
204000105,1444,1254,190
204000110,411,1174,-763
204000111,312,661,-349
204000112,488,787,-299
204000113,329,735,-406
204000114,484,262,222
204000115,245,250,-5
204000116,308,401,-93
204000119,1195,1222,-27
204000132,303,187,116
204000133,343,194,149
204000134,116,135,-19
204000135,255,73,182
204000136,182,168,14
204000138,163,195,-32
204000140,105,82,23
204000141,69,51,18
204000144,3,20,-17
204000145,597,16,581
204000146,49,252,-203
204000147,34,161,-127
204000148,306,25,281
204000154,4,1,3
204000155,0,9,-9
204000177,74,47,27
204000179,13,5,8
204000180,0,59,-59
204000222,3,17,-14
204000235,9,10,-1
204000236,86,240,-154
204000238,18,15,3
204000240,329,46,283
204000263,378,1289,-911
204000268,834,378,456
204000308,118,11,107
204000317,14,49,-35
204000322,2,18,-16
204000323,14,10,4
204000328,166,62,104
204000329,108,74,34
204000330,113,78,35
204000331,37,167,-130
205000001,934,1059,-125
205000013,8,107,-99
205000014,11,124,-113
205000015,18,237,-219
205000016,18,165,-147
205000017,11,77,-66
205000022,313,474,-161
205000025,1282,833,449
205000029,158,5,153
205000045,46,166,-120
205000046,30,466,-436
205000047,36,450,-414
205000048,108,906,-798
205000049,98,554,-456
205000050,998,227,771
205000059,1,204,-203
205000060,0,54,-54
205000061,2,26,-24
205000062,0,32,-32
205000063,11,70,-59
205000064,6,101,-95
205000065,52,600,-548
205000066,69,722,-653
205000067,42,1035,-993
205000069,197,18,179
205000082,117,107,10
205000110,65,189,-124
205000111,117,262,-145
205000112,62,94,-32
205000113,141,183,-42
205000121,121,49,72
205000123,47,160,-113
205000126,266,94,172
205000127,509,121,388
205000128,357,62,295
205000129,304,103,201
205000130,139,21,118
205000131,130,7,123
205000132,383,2,381
205000133,97,0,97
205000134,111,0,111
205000137,81,140,-59
205000138,187,290,-103
205000139,26,80,-54
205000144,55,33,22
205000145,144,80,64
205000151,56,18,38
205000152,88,16,72
205000153,98,26,72
205000154,26,36,-10
205000155,52,3,49
205000207,8,137,-129
205000233,12,1,11
205000234,0,0,0
205000243,0,0,0
205000244,0,1,-1
205000245,12,239,-227
205000249,0,15,-15
205000250,3,0,3
205000264,5,66,-61
206000027,5,2,3
206000028,2,2,0
206000043,10,94,-84
206000053,0,6,-6
206000054,4,19,-15
206000055,0,25,-25
206000075,12,7,5
206000076,26,4,22
206000077,12,4,8
206000078,6,1,5
206000079,15,3,12
206000082,323,18,305
206000100,45,440,-395
206000103,6,15,-9
206000104,7,29,-22
206000105,6,21,-15
206000106,25,33,-8
206000125,38,0,38
206000157,73,578,-505
206000170,1,171,-170
206000171,0,186,-186
206000172,3,814,-811
206000173,0,330,-330
206000174,6,134,-128
206000175,0,209,-209
206000176,13,375,-362
206000177,1,235,-234
206000178,2,150,-148
206000179,1,80,-79
206000180,25,190,-165
206000181,4,317,-313
206000182,28,285,-257
206000183,13,877,-864
206000184,3,373,-370
206000185,3,329,-326
206000186,102,1462,-1360
206000223,1,234,-233
206000226,11,3,8
206000227,23,2,21
206000237,22,340,-318
206000238,37,662,-625
206000239,421,2091,-1670
206000240,1,51,-50
206000241,0,147,-147
206000242,5,438,-433
206000243,12,400,-388
206000244,33,891,-858
206000245,243,34,209
206000246,41,10,31
206000247,51,8,43
206000248,112,10,102
206000252,53,18,35
206000258,10,51,-41
206000315,28,5,23
206000317,225,65,160
206000318,157,41,116
206000319,389,62,327
206000320,35,21,14
206000321,47,15,32
206000322,148,7,141
206000323,56,11,45
206000324,52,10,42
206000325,60,6,54
206000326,103,1,102
206000327,97,5,92
206000328,32,3,29
206000329,58,3,55
206000330,17,4,13
206000331,69,3,66
206000332,24,5,19
206000333,126,6,120
206000334,139,0,139
206000335,0,13,-13
206000361,5,195,-190
206000392,1,38,-37
206000405,100,0,100
206000441,13,11,2
206000498,21,2,19
206000515,89,12,77
206000530,87,22,65
206000531,112,29,83
206000532,1753,56,1697
206000535,238,1844,-1606
206000536,23,259,-236
206000537,7,147,-140
206000613,919,139,780
206000784,421,29,392
207000001,110,324,-214
207000002,46,277,-231
207000003,154,179,-25
207000007,484,185,299
207000008,36,14,22
207000009,65,34,31
207000010,388,507,-119
207000012,156,143,13
207000015,226,1715,-1489
207000019,107,63,44
207000021,381,132,249
207000022,45,88,-43
207000023,79,33,46
207000024,0,7,-7
207000025,22,63,-41
207000026,120,54,66
207000027,13,61,-48
207000028,40,215,-175
207000029,210,408,-198
207000033,163,166,-3
207000034,167,57,110
207000039,149,87,62
207000040,103,89,14
207000041,20,29,-9
207000042,76,64,12
207000043,140,159,-19
207000051,63,320,-257
207000052,12,186,-174
207000053,311,655,-344
207000054,38,97,-59
207000055,86,178,-92
207000056,144,425,-281
207000057,129,265,-136
207000058,53,510,-457
207000059,38,994,-956
207000060,30,311,-281
207000061,92,133,-41
207000062,96,38,58
207000063,122,153,-31
207000064,181,154,27
207000065,160,180,-20
207000066,75,150,-75
207000067,31,94,-63
207000068,72,50,22
207000069,465,289,176
207000082,34,370,-336
207000083,33,367,-334
207000084,123,155,-32
207000085,152,9,143
207000086,76,5,71
207000106,12,28,-16
207000107,24,14,10
207000108,22,18,4
207000109,23,5,18
207000110,29,30,-1
207000111,37,70,-33
207000112,93,147,-54
207000114,11,20,-9
207000115,15,61,-46
207000116,9,202,-193
207000117,4,94,-90
207000118,1,81,-80
207000119,7,88,-81
207000123,137,14,123
207000124,67,7,60
207000125,61,14,47
207000126,54,9,45
207000134,27,219,-192
207000135,44,299,-255
207000148,42,93,-51
207000149,58,36,22
207000152,134,294,-160
207000153,949,727,222
207000154,363,103,260
207000159,26,236,-210
207000160,78,619,-541
207000238,0,68,-68
207000242,3,146,-143
207000248,22,21,1
207000249,124,47,77
207000250,418,39,379
207000251,35,52,-17
207000252,41,39,2
207000278,32,76,-44
207000279,23,257,-234
207000280,183,57,126
207000281,58,1241,-1183
207000282,170,37,133
207000283,147,163,-16
207000284,92,141,-49
207000285,138,37,101
207000291,9,123,-114
207000304,86,61,25
207000306,63,343,-280
207000310,23,51,-28
207000353,169,4,165
207000356,1,14,-13
207000357,16,15,1
207000358,33,9,24
207000415,10,124,-114
207000417,16,7,9
207000418,78,141,-63
207000438,0,1,-1
207000439,956,256,700
207000446,93,8,85
207000460,7,8,-1
207000466,157,149,8
207000467,110,72,38
207000468,26,466,-440
207000476,0,71,-71
207000477,162,90,72
207000478,4,8,-4
207000523,0,17,-17
207000524,55,0,55
207000527,68,110,-42
207000530,97,10,87
207000531,127,6,121
207000532,69,12,57
207000534,544,31,513
207000535,29,162,-133
207000537,18,75,-57
207000540,5,130,-125
207000541,5,205,-200
207000548,9,211,-202
207000549,100,21,79
207000561,59,78,-19
207000562,13,131,-118
207000567,111,215,-104
207000568,37,92,-55
207000569,100,1069,-969
207000584,293,85,208
207000585,58,168,-110
207000587,28,23,5
207000616,0,147,-147
207000617,53,0,53
207000624,48,24,24
207000631,25,59,-34
207900008,65,210,-145
208000001,251,475,-224
208000002,262,405,-143
208000003,618,452,166
208000004,707,716,-9
208000005,26,22,4
208000019,439,685,-246
208000020,135,365,-230
208000021,78,415,-337
208000022,480,649,-169
208000028,917,540,377
208000033,303,509,-206
208000034,867,1246,-379
208000037,266,30,236
208000040,152,148,4
208000041,1288,415,873
208000042,915,486,429
208000047,61,306,-245
208000064,2162,1304,858
208000066,997,602,395
208000070,175,352,-177
208000071,233,728,-495
208000072,294,1057,-763
208000080,124,334,-210
208000081,96,204,-108
208000082,144,335,-191
208000083,77,434,-357
208000084,41,9,32
208000085,727,623,104
208000086,355,844,-489
208000087,192,634,-442
208000089,449,565,-116
208000090,432,922,-490
208000093,109,74,35
208000094,229,480,-251
208000095,431,336,95
208000104,707,920,-213
208000105,318,1089,-771
208000114,79,147,-68
208000115,345,310,35
208000116,194,791,-597
208000117,108,107,1
208000118,42,98,-56
208000155,356,882,-526
208000158,1410,1844,-434
208000186,2456,1462,994
208000204,296,787,-491
208000205,734,1163,-429
208000282,2573,877,1696
209000004,55,112,-57
209000005,10,19,-9
209000006,351,122,229
209000007,135,188,-53
209000010,383,101,282
209000011,122,176,-54
209000012,92,195,-103
209000013,112,572,-460
209000014,665,1448,-783
209000025,116,36,80
209000026,262,56,206
209000027,206,861,-655
209000028,219,855,-636
209000029,495,772,-277
209000030,410,1361,-951
209000031,3227,2262,965
209000034,127,176,-49
209000035,85,126,-41
209000036,82,119,-37
209000037,114,217,-103
209000038,74,150,-76
209000039,48,195,-147
209000040,214,387,-173
209000041,168,337,-169
209000042,148,313,-165
209000043,644,493,151
209000044,149,427,-278
209000045,834,350,484
209000046,212,369,-157
209000047,227,149,78
209000048,289,260,29
209000049,125,154,-29
209000050,168,253,-85
209000051,240,332,-92
209000052,102,335,-233
209000062,40,196,-156
209000063,21,154,-133
209000064,13,162,-149
209000065,30,31,-1
209000066,36,26,10
209000067,41,81,-40
209000080,12,140,-128
209000082,41,41,0
209000091,44,82,-38
209000093,111,43,68
209000094,257,108,149
209000110,26,46,-20
209000111,287,791,-504
209000112,375,329,46
209000113,902,322,580
209000114,176,186,-10
209000115,83,196,-113
209000116,821,496,325
209000118,5,27,-22
209000119,29,7,22
209000121,132,675,-543
209000135,56,53,3
209000142,556,610,-54
209000143,99,61,38
209000144,43,43,0
209000229,124,130,-6
209000240,33,345,-312
209000259,217,117,100
209000260,53,797,-744
209000261,8,443,-435
209000262,5,483,-478
209000263,0,85,-85
209000264,0,46,-46
209000265,590,3,587
209000266,51,7,44
209000267,269,24,245
209000268,588,51,537
210000037,32,14,18
210000047,45,26,19
210000048,27,33,-6
210000049,51,25,26
210000052,28,130,-102
210000053,19,71,-52
210000054,30,71,-41
210000070,44,1,43
210000071,17,0,17
210000072,16,0,16
210000073,0,25,-25
210000074,1,112,-111
210000075,0,61,-61
210000076,2,143,-141
210000077,74,35,39
210000078,52,21,31
210000079,41,5,36
210000080,71,51,20
210000081,103,6,97
210000082,54,0,54
210000083,50,0,50
210000084,14,0,14
210000085,0,100,-100
210000086,2,106,-104
210000099,18,211,-193
210000100,29,231,-202
210000101,62,244,-182
210000105,19,179,-160
210000159,1,88,-87
210000163,142,267,-125
210000164,232,75,157
210000168,148,21,127
210000187,0,16,-16
210000188,0,16,-16
210000214,53,0,53
210000219,8,47,-39
210000220,26,59,-33
210000232,2,15,-13
210000233,23,44,-21
210000234,30,144,-114
210000235,25,101,-76
210000245,1,44,-43
210000246,15,4,11
210000258,14,141,-127
210000259,218,14,204
210000282,48,187,-139
210000285,0,93,-93
210000286,12,164,-152
210000290,2,7,-5
210000295,34,151,-117
210000296,58,49,9
210000320,75,84,-9
210000321,28,63,-35
210000338,65,86,-21
210000339,498,650,-152
210000340,134,175,-41
210000341,149,196,-47
210000342,131,187,-56
210000343,145,196,-51
210000344,211,110,101
210000345,185,110,75
210000346,38,74,-36
210000347,102,33,69
210000348,110,18,92
210000349,81,25,56
210000350,48,46,2
210000351,46,107,-61
210000352,37,85,-48
210000353,27,124,-97
210000354,34,117,-83
210000355,23,85,-62
210000356,75,59,16
210000357,52,29,23
210000358,350,78,272
210000359,75,54,21
210000360,110,98,12
210000361,100,136,-36
210000362,149,136,13
210000363,864,151,713
210000364,93,68,25
210000365,69,42,27
210000366,91,35,56
210000367,36,36,0
210000368,96,28,68
210000369,21,27,-6
210000370,62,54,8
210000372,31,18,13
210000373,36,12,24
210000374,41,17,24
210000375,25,74,-49
210000376,48,136,-88
210000404,105,133,-28
210000439,20,53,-33
210000472,87,4,83
210000482,51,50,1
210000564,557,121,436
210000567,1,23,-22
210000568,435,2,433
211000092,17,60,-43
211000094,106,9,97
211000169,206,5,201
211000172,17,181,-164
211000209,1,9,-8
211000226,11,25,-14
211000270,19,16,3
211000275,12,19,-7
211000276,31,11,20
211000279,4,61,-57
211000281,40,79,-39
211000302,8,65,-57
211507980,0,13,-13
211977296,4,8,-4
212000003,58,56,2
212000004,106,31,75
212000005,27,31,-4
212000006,18,78,-60
212000008,79,198,-119
212000009,7,125,-118
212000012,53,92,-39
212000013,13,47,-34
212000014,167,176,-9
212000015,138,172,-34
212000016,310,431,-121
212000027,273,394,-121
212000028,175,391,-216
212000029,128,240,-112
212000030,25,24,1
212000031,21,69,-48
212000048,41,66,-25
212000049,7,44,-37
212000050,7,5,2
212000051,160,192,-32
212000052,91,371,-280
212000053,266,447,-181
212000054,99,107,-8
212000055,67,209,-142
212000056,10,35,-25
212000057,5,16,-11
212000058,291,29,262
212000070,59,290,-231
212000077,77,621,-544
212000099,115,165,-50
212000108,133,148,-15
212000111,93,97,-4
212000120,127,103,24
212000138,44,20,24
212000156,1,96,-95
212000158,1,10,-9
212000159,142,55,87
212000160,246,188,58
212000161,26,6,20
212000310,20,19,1
212000311,4,69,-65
212000374,10,10,0
213000001,17,499,-482
213000005,247,80,167
213000006,1005,99,906
213000007,65,6,59
213000009,469,154,315
213000010,149,114,35
213000011,161,74,87
213000012,73,367,-294
213000014,26,7,19
213000015,180,2,178
213000016,127,2,125
213000017,11,0,11
213000018,2,159,-157
213000019,1,159,-158
213000020,77,253,-176
213000021,4,96,-92
213000023,157,157,0
213000033,170,522,-352
213000034,284,300,-16
213000035,95,103,-8
213000045,81,232,-151
213000046,87,167,-80
213000047,377,576,-199
213000056,32,16,16
213000069,33,3,30
213000073,3,12,-9
213000074,131,446,-315
213000075,472,7,465
213000076,7,0,7
213000085,6,24,-18
213000086,7,234,-227
213000091,58,7,51
213000092,41,9,32
213000099,107,722,-615
213000100,1201,194,1007
213000101,194,149,45
213000102,160,383,-223
213000103,544,578,-34
213000104,45,368,-323
213000105,5,84,-79
213000106,16,169,-153
213000107,94,639,-545
213000108,7,504,-497
213000109,0,263,-263
213000110,4,83,-79
213000111,14,28,-14
213000112,163,97,66
213000115,32,4,28
213000116,107,535,-428
213000117,7,678,-671
213000118,188,231,-43
213000119,32,786,-754
213000120,45,610,-565
213000122,238,901,-663
213000123,588,1641,-1053
213000124,55,1483,-1428
213000125,99,8,91
213000126,34,78,-44
213000127,176,127,49
213000128,645,441,204
213000129,397,397,0
213000130,252,178,74
213000132,134,63,71
213000133,161,74,87
213000134,432,32,400
213000136,190,34,156
213000137,363,68,295
213000139,502,10,492
213000147,16,1,15
213000148,15,5,10
213000149,10,2,8
213000150,0,44,-44
213000151,2,41,-39
213000152,1,53,-52
213000153,0,22,-22
213000154,9,239,-230
213000155,16,246,-230
213000156,52,639,-587
213000157,579,549,30
213000158,199,507,-308
213000159,267,518,-251
213000163,233,91,142
213000165,488,133,355
213000171,1,130,-129
213000172,3,289,-286
213000173,2,223,-221
213000174,1,183,-182
213000175,56,186,-130
213000176,2,25,-23
213000177,12,0,12
213000178,22,0,22
213000179,60,0,60
213000180,22,0,22
213000184,40,329,-289
213000188,230,54,176
213000189,102,27,75
213000190,651,637,14
213000191,132,522,-390
213000192,110,693,-583
213000193,1164,134,1030
213000194,0,15,-15
213000195,12,427,-415
213000196,133,767,-634
213000197,248,203,45
213000198,32,1,31
213000200,91,859,-768
213000201,121,44,77
213000202,11,654,-643
213000203,2333,330,2003
213000204,410,30,380
213000205,114,25,89
213000206,213,32,181
213000207,41,11,30
213000208,106,2,104
213000209,53,1,52
213000210,142,3,139
213000211,1,8,-7
213000212,5,28,-23
213000213,2,10,-8
213000218,114,819,-705
213000219,392,22,370
213000220,397,15,382
213000223,208,70,138
213000224,68,48,20
213000225,18,2,16
213000226,27,3,24
213000227,377,168,209
213000228,92,66,26
213000229,708,24,684
213000230,260,27,233
213000232,67,389,-322
213000233,8,10,-2
213000234,5,29,-24
213000293,11,57,-46
213000294,62,9,53
213000295,11,86,-75
213000296,76,19,57
213000297,7,55,-48
213000298,12,59,-47
213000299,56,28,28
213000300,60,1,59
213000303,12,28,-16
213000304,1,7,-6
213000305,3,7,-4
213000306,38,23,15
213000307,273,114,159
213000308,60,210,-150
213000309,72,45,27
213000310,147,151,-4
213000311,325,526,-201
213000315,40,92,-52
213000316,30,77,-47
213000322,48,103,-55
213000323,47,188,-141
213000324,26,78,-52
213000325,16,92,-76
213000326,32,57,-25
213000327,60,36,24
213000328,100,105,-5
213000329,42,65,-23
213000340,93,879,-786
213000341,177,74,103
213000346,128,72,56
213000347,823,147,676
213000348,48,165,-117
213000349,133,38,95
213000350,159,1178,-1019
213000366,15,206,-191
213000367,92,23,69
213000379,470,238,232
213000386,10,181,-171
213000406,96,299,-203
213000417,676,298,378
213000425,352,135,217
213000426,243,189,54
213000427,18,308,-290
213000428,16,244,-228
213000429,38,5,33
213000430,43,931,-888
213000431,82,2,80
213000432,1,8,-7
213000433,10,107,-97
213000434,32,82,-50
213000435,77,139,-62
213000436,18,37,-19
213000437,49,56,-7
213000438,52,56,-4
213000439,12,6,6
213000440,60,217,-157
213000441,0,0,0
213000442,301,96,205
213000443,360,267,93
213000444,31,131,-100
213000445,0,64,-64
213000446,0,13,-13
213000447,2,40,-38
213000448,0,42,-42
213000449,79,0,79
213000450,6,26,-20
213000451,75,62,13
213000452,11,14,-3
213000453,37,266,-229
213000455,904,3,901
213000456,0,615,-615
213000481,14,4,10
213000482,74,1,73
213000489,502,41,461
213000491,1,75,-74
213000492,116,2,114
213000493,1,26,-25
213000494,82,116,-34
213000495,0,91,-91
213000496,108,181,-73
213000497,20,309,-289
213000498,52,212,-160
213000499,93,629,-536
213000500,167,74,93
213000501,49,17,32
213000502,41,26,15
213000503,1,59,-58
213000504,4,184,-180
213000505,3,9,-6
213000506,0,11,-11
213000507,1,123,-122
213900244,3,0,3
213900245,0,25,-25
218000003,21,9,12
218000004,9,19,-10
218000005,24,28,-4
218000006,58,37,21
218000007,8,11,-3
218000012,223,115,108
218000013,54,112,-58
218000014,365,287,78
218000019,751,309,442
218000020,192,291,-99
218000040,11,2,9
218000046,21,199,-178
218000047,10,208,-198
218000048,73,227,-154
218000049,93,144,-51
218000050,202,334,-132
218000051,29,309,-280
218000052,4,109,-105
218000053,4,13,-9
218000054,63,36,27
218000055,1,15,-14
218000056,12,43,-31
218000057,2,37,-35
218000064,1,12,-11
218000065,24,32,-8
218000066,15,47,-32
218000067,30,87,-57
218000068,46,82,-36
218000069,80,163,-83
218000070,68,265,-197
218000071,110,221,-111
218000072,240,215,25
218000078,401,1068,-667
218000079,24,57,-33
218000080,44,39,5
218000081,113,190,-77
218000082,11,124,-113
218000083,24,86,-62
218000084,55,162,-107
218000085,71,397,-326
218000086,32,146,-114
218000087,157,208,-51
218000090,5,51,-46
218000091,593,387,206
218000092,25,139,-114
218000093,46,108,-62
218000094,347,715,-368
218000099,256,331,-75
218000100,189,232,-43
218000101,70,133,-63
218000102,106,299,-193
218000103,25,143,-118
218000104,21,50,-29
218000105,21,11,10
218000106,6,7,-1
218000107,14,69,-55
218000108,4,45,-41
218000112,25,6,19
218000117,28,30,-2
218000134,277,680,-403
218000135,13,82,-69
218000136,158,31,127
218000137,70,107,-37
218000138,17,80,-63
218000139,94,248,-154
218000140,138,170,-32
218000141,23,69,-46
218000142,94,102,-8
218000143,17,110,-93
218000144,24,57,-33
218000145,154,332,-178
218000146,24,70,-46
218000151,6,17,-11
218000152,44,66,-22
218000170,0,30,-30
218000171,27,8,19
218000172,12,7,5
218000173,77,12,65
218000174,5,4,1
218000176,88,9,79
218000177,249,76,173
218000178,32,96,-64
218000179,51,31,20
218000180,22,11,11
218000181,74,20,54
218000187,5,6,-1
218000188,26,60,-34
218000189,6,63,-57
218000190,1,12,-11
218000191,76,102,-26
218000192,116,370,-254
218000193,316,497,-181
218000194,51,461,-410
218000195,62,93,-31
218000196,173,216,-43
218000197,110,325,-215
218000198,3,177,-174
218000199,27,29,-2
218000200,76,52,24
218000201,12,3,9
218000202,141,152,-11
218000207,9,21,-12
218000208,26,59,-33
218000211,40,13,27
218000213,82,36,46
218000214,2,11,-9
218000215,26,55,-29
218000217,0,89,-89
218000218,123,45,78
218000219,13,9,4
218000220,60,233,-173
218000221,385,132,253
218000222,35,10,25
218000223,22,74,-52
218000224,3,24,-21
218000225,167,18,149
218000226,43,38,5
218000232,35,53,-18
218000239,46,1,45
218000240,14,3,11
218000241,15,0,15
218000242,40,0,40
218000243,57,1,56
218000244,3,10,-7
218000245,6,0,6
218000246,0,0,0
218000247,0,0,0
218000248,0,21,-21
218000249,0,0,0
218000250,0,6,-6
218000251,3,19,-16
218000252,0,20,-20
218000253,3,6,-3
218000254,0,6,-6
218000255,2,9,-7
218000256,3,38,-35
218000267,751,1106,-355
218000268,3,51,-48
218000269,14,7,7
218000270,40,92,-52
218000271,53,68,-15
218000273,8,5,3
218000274,20,8,12
218000275,6,29,-23
218000276,3,40,-37
218000278,15,41,-26
218000279,30,72,-42
218000280,18,63,-45
218000281,30,15,15
218000282,339,165,174
218000284,58,6,52
218000301,19,60,-41
218000302,46,22,24
218000303,28,55,-27
218000316,423,1046,-623
218000317,424,1060,-636
218000318,201,766,-565
218000319,468,1296,-828
218000320,444,603,-159
218000338,48,31,17
218000345,94,54,40
218000346,54,121,-67
218000459,67,240,-173
218000490,65,65,0
218000501,26,37,-11
218000502,16,115,-99
218000503,35,12,23
218000504,65,12,53
218000505,34,189,-155
218000506,23,175,-152
218000508,55,1,54
218000510,145,5,140
218000520,56,88,-32
218000521,2,89,-87
218000522,0,136,-136
218000523,69,21,48
218000524,58,117,-59
218000525,109,10,99
218000526,89,55,34
218000529,49,230,-181
218000531,6,27,-21
218000532,15,29,-14
218000534,64,18,46
218000537,9,71,-62
218000538,51,75,-24
218000540,228,63,165
218000543,44,47,-3
218000544,46,98,-52
218000545,11,41,-30
218000546,44,83,-39
218000547,36,45,-9
218000548,59,134,-75
218000549,308,78,230
218000550,275,428,-153
218000551,273,255,18
218000552,485,41,444
218000553,60,102,-42
218000554,7,20,-13
218000555,13,48,-35
218000556,68,398,-330
218000557,165,147,18
218000558,37,0,37
218000559,0,26,-26
218000560,0,14,-14
218000561,20,0,20
218000562,31,166,-135
218000563,123,25,98
218000564,11,64,-53
218000565,378,19,359
218000566,932,33,899
218000567,5,57,-52
218000568,1,5,-4
218000569,36,92,-56
218000570,452,4,448
218000571,2,86,-84
218000572,60,0,60
218000573,40,62,-22
218000574,266,57,209
218000575,62,0,62
218000576,0,81,-81
218000577,15,1,14
218000578,1,71,-70
218000579,20,0,20
218000581,1,74,-73
218000582,6,1,5
218000583,2,0,2
218000584,0,8,-8
218000585,3,1,2
218000586,6,31,-25
218000587,0,3,-3
218000588,0,1,-1
218000589,0,0,0
218000590,0,0,0
218000591,1,0,1
218000592,0,0,0
218000593,1,1,0
218000594,0,0,0
218000597,0,0,0
218000598,0,0,0
218000599,0,0,0
218000600,1,0,1
218000601,0,0,0
218000602,0,3,-3
218000603,0,2,-2
218000604,3,0,3
218000605,0,11,-11
218000606,17,0,17
218000607,18,23,-5
218000608,23,3,20
218000609,0,43,-43
218000610,10,3,7
218000611,18,0,18
218000612,0,30,-30
218000613,6,0,6
218000614,0,44,-44
218000615,41,1,40
218000616,1,91,-90
218000617,8,0,8
218000618,0,22,-22
218000619,13,17,-4
218000620,4,22,-18
218000621,0,3,-3
218000622,0,5,-5
218000623,0,1,-1
218000624,0,12,-12
218000625,4,2,2
218000626,1,9,-8
218000628,107,31,76
218000631,23,19,4
218000632,0,59,-59
218000633,56,0,56
218000634,6,11,-5
218000635,14,6,8
218000636,428,1340,-912
218000637,455,531,-76
218000638,42,22,20
218000639,10,198,-188
218000640,50,21,29
218000641,34,306,-272
218000652,84,82,2
218000653,141,42,99
218000663,6,87,-81
218000675,100,49,51
218000680,155,498,-343
218000681,242,88,154
218000691,80,287,-207
218000693,49,104,-55
218000718,936,232,704
218000719,1295,56,1239
218000720,7,38,-31
218000721,32,8,24
218001147,3,351,-348
218001214,6,13,-7
218001258,54,4,50
218001329,99,80,19
218001330,177,87,90
218001351,29,14,15
218001352,4,8,-4
218001353,14,10,4
218001354,2,18,-16
218001355,10,412,-402
218001356,113,3,110
218001357,32,272,-240
218001358,118,7,111
218001361,45,11,34
218001362,1,236,-235
219000001,16,69,-53
219000002,22,93,-71
219000003,43,27,16
219000004,33,42,-9
219000017,101,18,83
219000020,79,10,69
219000022,67,1,66
219000023,52,0,52
219000029,0,67,-67
219000034,8,16,-8
219000039,15,56,-41
219000040,16,41,-25
219000041,79,27,52
219000051,0,44,-44
219000052,0,15,-15
219000053,4,253,-249
219000054,0,10,-10
219000055,40,1,39
219000056,6,1,5
219000057,27,1,26
219000062,5,171,-166
219000063,40,4,36
219000064,6,41,-35
219000110,154,39,115
219000111,68,24,44
219000112,158,41,117
219000113,95,48,47
219000114,260,23,237
219000116,46,41,5
219000117,113,88,25
219000118,53,56,-3
219000123,203,84,119
219000124,22,46,-24
219000125,13,16,-3
219000126,58,95,-37
219000127,0,4,-4
219000128,35,61,-26
219000129,14,102,-88
219000130,869,560,309
219000131,789,643,146
219000133,62,27,35
219000134,9,24,-15
219000135,22,45,-23
219000136,118,127,-9
219000138,36,13,23
219000139,15,55,-40
219000140,20,2,18
219000141,10,158,-148
219000142,7,76,-69
219000143,6,122,-116
219000145,6,30,-24
219000146,7,65,-58
219000147,3,66,-63
219000148,1,41,-40
219000149,20,140,-120
219000150,2,101,-99
219000151,3,75,-72
219000157,103,128,-25
219000158,89,189,-100
219000161,120,8,112
219000163,1315,380,935
219000166,54,140,-86
219000167,81,218,-137
219000168,323,78,245
219000174,206,50,156
219000175,23,0,23
219000176,26,3,23
219000177,13,1,12
219000178,22,1,21
219000179,4,3,1
219000180,22,17,5
219000182,55,10,45
219000183,30,44,-14
219000184,22,1,21
219000185,0,82,-82
219000186,5,29,-24
219000187,10,102,-92
219000189,128,122,6
219000190,103,151,-48
219000191,1520,605,915
219000192,120,99,21
219000193,503,118,385
219000195,6,56,-50
219000196,2,111,-109
219000198,28,143,-115
219000199,68,146,-78
219000200,24,146,-122
219000201,83,229,-146
219000203,22,80,-58
219000204,70,159,-89
219000205,47,188,-141
219000207,214,148,66
219000209,7,94,-87
219000210,37,115,-78
219000213,7,232,-225
219000239,156,192,-36
219000240,214,319,-105
219000241,137,153,-16
219000242,64,214,-150
219000243,42,309,-267
219000244,5,103,-98
219000245,37,19,18
219000246,29,16,13
219000247,49,26,23
219000248,341,196,145
219000249,117,54,63
219000250,122,57,65
219000251,299,118,181
219000252,138,116,22
219000253,139,59,80
219000255,47,66,-19
219000256,75,51,24
219000257,97,0,97
219000262,84,254,-170
219000263,32,200,-168
219000267,3,190,-187
219000268,4,5,-1
219000269,6,0,6
219000270,8,0,8
219000271,53,4,49
219000278,0,15,-15
219000279,0,2,-2
219000283,0,11,-11
219000295,4,88,-84
219000296,52,515,-463
219000297,13,125,-112
219000298,14,255,-241
219000299,270,37,233
219000300,26,305,-279
219000301,163,236,-73
219000302,16,173,-157
219000307,70,23,47
219000308,28,24,4
219000311,70,36,34
219000312,223,37,186
219000313,121,16,105
219000314,82,493,-411
219000315,81,24,57
219000316,188,10,178
219000317,59,9,50
219000320,3,62,-59
219000321,1,13,-12
219000323,6,96,-90
219000325,0,24,-24
219000326,71,153,-82
219000327,30,25,5
219000328,32,41,-9
219000329,204,85,119
219000330,31,20,11
219000331,32,26,6
219000332,72,61,11
219000333,5,2,3
219000335,39,1,38
219000337,4,0,4
219000338,20,0,20
219000344,18,66,-48
219000345,102,129,-27
219000346,24,154,-130
219000348,48,98,-50
219000349,15,228,-213
219000350,28,97,-69
219000351,2,0,2
219000352,128,70,58
219000353,57,51,6
219000354,83,72,11
219000355,83,35,48
219000356,1390,286,1104
219000363,175,26,149
219000364,72,24,48
219000365,98,1,97
219000366,219,107,112
219000368,352,306,46
219000370,867,174,693
219000371,7,5,2
219000382,8,19,-11
219000383,733,462,271
219000385,491,368,123
219000386,891,991,-100
219000387,3,2,1
219000390,0,0,0
219000391,2,0,2
219000397,45,68,-23
219000398,49,19,30
219000401,6,105,-99
219000402,11,113,-102
219000403,51,131,-80
219000404,5,70,-65
219000407,4,20,-16
219000409,16,46,-30
219000410,36,32,4
219000411,35,7,28
219000446,197,366,-169
219000447,1,22,-21
219000448,0,1,-1
219000452,91,46,45
219000453,49,82,-33
219000454,238,138,100
219000556,83,60,23
219000558,107,229,-122
219000590,36,182,-146
219000591,18,54,-36
219000592,60,381,-321
219000595,1,20,-19
219000635,30,14,16
219000636,7,80,-73
219000657,22,23,-1
219000658,4,49,-45
219000673,0,15,-15
219000676,5,0,5
219000679,9,10,-1
219000684,29,6,23
219000685,2,92,-90
219000686,1,0,1
219000688,0,103,-103
219000689,38,235,-197
219000690,198,29,169
219000691,55,94,-39
219000692,142,25,117
219000693,0,17,-17
219000694,5,0,5
219000695,16,1,15
219000698,5,0,5
219000699,0,17,-17
219000727,1,221,-220
219000728,88,3,85
219000770,13,2,11
219000771,2,19,-17
219000788,282,276,6
219001150,1,15,-14
219001151,0,6,-6
219001166,49,8,41
219001167,1,46,-45
219001178,20,0,20
220000001,12,36,-24
220000002,7,121,-114
220000003,244,221,23
220000004,415,469,-54
220000005,1416,1150,266
220000006,98,726,-628
220000007,224,662,-438
220000008,165,1000,-835
220000009,149,447,-298
220000010,147,97,50
220000011,493,1684,-1191
220000012,227,217,10
220000014,36,56,-20
220000015,26,123,-97
220000017,28,259,-231
220000018,3901,888,3013
220000019,76,208,-132
220000020,225,195,30
220000021,307,184,123
220000022,225,440,-215
220000023,115,148,-33
220000024,1153,237,916
220000025,427,354,73
220000026,147,153,-6
220000027,27,81,-54
220000028,25,22,3
220000029,42,111,-69
220000030,97,89,8
220000031,93,192,-99
220000064,20,682,-662
221000046,3,0,3
221000047,0,2,-2
221000048,0,2,-2
221000049,0,9,-9
221000050,6,0,6
221000055,26,56,-30
221000057,42,8,34
221000068,251,83,168
221000069,205,53,152
221000070,102,20,82
221000071,51,6,45
221000072,78,14,64
221000073,70,89,-19
221000074,2,17,-15
221000075,49,12,37
221000076,11,29,-18
221000077,23,49,-26
221000081,3,9,-6
221000082,19,3,16
221000083,78,4,74
221000084,0,2,-2
221000085,10,70,-60
221000086,16,109,-93
221000087,3,147,-144
221000088,14,127,-113
221000089,30,171,-141
221000090,120,360,-240
221000098,105,14,91
221000099,77,13,64
221000100,48,4,44
221000101,226,12,214
221000102,81,20,61
221000109,6,81,-75
221000110,7,118,-111
221000111,13,123,-110
221000112,2,121,-119
221000113,12,116,-104
221000114,13,149,-136
221000120,12,24,-12
221000121,1,18,-17
221000122,6,24,-18
221000123,17,43,-26
221000124,16,189,-173
221000155,34,7,27
221000156,18,29,-11
221000175,0,9,-9
221000176,2,6,-4
221000182,35,5,30
221000241,467,131,336
221000242,181,229,-48
221000243,316,55,261
221000244,195,336,-141
221000245,68,129,-61
221000246,12,202,-190
221000247,20,94,-74
221000248,41,155,-114
221000267,73,546,-473
221000325,74,30,44
221000331,1,66,-65
221000338,25,16,9
221000378,71,13,58
221000381,44,87,-43
222000282,0,2,-2
222000296,5,14,-9
222000568,179,9,170
222000569,70,19,51
222000570,88,3,85
222000571,82,7,75
222000577,3,162,-159
222000578,14,219,-205
222000579,27,133,-106
222000580,117,687,-570
222000599,1,120,-119
222000600,1,279,-278
222000601,4,683,-679
222000603,27,15,12
222000604,24,36,-12
222000605,4,7,-3
222000606,1,5,-4
222000607,0,0,0
222000608,10,7,3
222000609,15,288,-273
222000616,60,32,28
222000617,2,3,-1
222000618,3,1,2
222000620,63,12,51
222000621,106,15,91
222000623,311,3,308
222000624,160,1,159
222000625,213,25,188
222000636,18,5,13
222000686,17,20,-3
222000687,12,12,0
222001066,131,3,128
222001067,3,3,0
222001068,10,39,-29
222001069,10,19,-9
222001082,6,42,-36
222001083,3,58,-55
222001084,0,29,-29
222001085,0,98,-98
222001111,11,218,-207
222001112,20,21,-1
222001313,9,0,9
222001314,1,63,-62
222001464,73,30,43
222001465,32,228,-196
222001484,40,47,-7
222001485,23,70,-47
222001494,124,89,35
222001495,52,353,-301
222001496,104,63,41
222001497,62,475,-413
222001502,28,91,-63
222001503,30,30,0
222001504,25,224,-199
222001505,93,12,81
222001506,42,175,-133
222001507,197,9,188
222001510,133,28,105
222001511,18,347,-329
222001514,468,59,409
222001515,163,513,-350
222001518,86,41,45
222001519,31,360,-329
222001527,179,26,153
222001528,60,118,-58
222001529,93,30,63
222001530,23,181,-158
222001533,98,297,-199
222001534,47,35,12
222001535,51,78,-27
222001536,63,297,-234
222001537,122,16,106
222001538,23,365,-342
222001563,153,96,57
222001564,28,691,-663
222001568,227,103,124
222001576,0,0,0
222001579,0,2,-2
222001583,20,155,-135
222001584,48,24,24
222001596,342,1050,-708
222001597,815,207,608
222001626,0,149,-149
222001650,93,70,23
222001651,82,110,-28
222001914,250,76,174
222001915,39,166,-127
222001968,517,151,366
222001969,362,720,-358
222001970,83,169,-86
222001971,7,12,-5
222001972,2,29,-27
225000001,216,91,125
225000002,307,60,247
225000003,136,60,76
225000004,104,138,-34
225000005,8,27,-19
225000006,1,122,-121
225000007,2731,971,1760
225000010,162,1,161
225000011,319,546,-227
225000012,94,268,-174
225000013,51,158,-107
225000014,319,70,249
225000015,64,210,-146
225000021,473,124,349
225000027,171,467,-296
225000032,502,124,378
225000042,40,563,-523
225000049,18,43,-25
225000050,28,13,15
225000053,3,111,-108
225000058,372,140,232
225000067,119,176,-57
225000068,96,458,-362
225000069,139,462,-323
225000070,54,454,-400
225000071,12,285,-273
225000075,12,523,-511
225000076,53,134,-81
225000078,29,10,19
225000085,10,46,-36
225000086,85,26,59
225000087,108,12,96
225000088,3,138,-135
225000089,340,523,-183
225000090,27,304,-277
225000091,49,197,-148
225000092,12,71,-59
225000093,114,383,-269
225000094,6,409,-403
225000095,266,516,-250
225000096,92,288,-196
225000098,251,73,178
225000099,121,74,47
225000100,75,66,9
225000104,47,334,-287
225000110,9,346,-337
225000111,128,1010,-882
225000112,187,826,-639
225000113,69,556,-487
225000114,32,221,-189
225000115,2491,458,2033
225000116,919,50,869
225000117,707,199,508
225000118,472,219,253
225000119,89,40,49
225000120,419,19,400
225000121,168,13,155
225000123,609,13,596
225000125,123,243,-120
225000126,901,217,684
225000127,880,364,516
225000128,281,273,8
225000132,156,31,125
225000133,147,23,124
225000134,323,59,264
225000135,23,6,17
225000136,125,6,119
225000137,58,35,23
225000138,215,23,192
225000143,65,166,-101
225000144,0,312,-312
225000145,20,34,-14
225000146,36,109,-73
225000147,11,305,-294
225000148,2,206,-204
225000149,62,374,-312
225000151,36,283,-247
225000155,202,237,-35
225000156,141,527,-386
225000157,92,314,-222
225000158,41,299,-258
225000171,1,120,-119
225000180,15,1,14
225000181,0,39,-39
225000182,100,11,89
225000185,5,241,-236
225000187,35,319,-284
225000191,98,3,95
225000194,0,10,-10
225000208,0,41,-41
225000209,19,17,2
225000210,4,127,-123
225000217,0,16,-16
225000218,7,1,6
225000223,0,44,-44
225000224,63,0,63
225000225,0,6,-6
225000226,23,0,23
225000227,32,57,-25
225000228,5,1,4
225000229,0,73,-73
225000230,2,0,2
225000231,0,75,-75
225000232,49,3,46
225000241,88,0,88
225000242,1,44,-43
225000249,15,14,1
225000250,22,887,-865
225000251,209,14,195
226000042,349,297,52
226000043,72,227,-155
226000044,147,631,-484
226000045,41,367,-326
226000046,179,29,150
226000047,165,61,104
226000048,220,63,157
226000049,91,67,24
226000070,1,28,-27
226000071,0,48,-48
226000072,0,5,-5
226000073,0,7,-7
226000074,0,13,-13
226000084,3,30,-27
226000085,0,3,-3
226000086,14,16,-2
226000087,4,7,-3
226000088,9,11,-2
226000090,37,15,22
226000091,33,3,30
226000092,0,0,0
226000093,69,1,68
226000094,14,2,12
226000095,10,0,10
226000105,1,0,1
226000106,2,0,2
226000107,5,0,5
226000108,17,0,17
226000109,25,0,25
226000124,70,27,43
226000134,183,271,-88
226000135,495,375,120
226000136,119,181,-62
226000137,4,421,-417
226000138,7,273,-266
226000139,0,13,-13
226000156,29,0,29
226000157,55,6,49
226000163,41,37,4
226000202,2,405,-403
226000231,101,10,91
226000232,47,4,43
227000033,236,19,217
227000036,134,13,121
227000037,71,29,42
227000038,154,45,109
227000049,0,11,-11
227000050,1,33,-32
227000055,23,0,23
227000056,11,0,11
227000084,1,37,-36
227000085,0,24,-24
227000088,57,2,55
227000089,54,1,53
227000090,9,0,9
227000091,10,0,10
227000093,33,1,32
227000094,1,1,0
227000130,17,59,-42
227000131,9,256,-247
227000132,15,234,-219
227000133,20,260,-240
227000134,12,334,-322
227000152,0,1,-1
227000153,0,28,-28
227000155,1,8,-7
227000156,0,8,-8
227000165,4,21,-17
227000196,90,251,-161
227000199,75,355,-280
227000230,24,307,-283
227000232,91,22,69
227000242,44,354,-310
227000243,363,53,310
227000245,17,310,-293
227000246,60,372,-312
227000247,141,40,101
227000248,108,23,85
227000249,23,246,-223
227000250,380,142,238
227000251,175,329,-154
227000252,9,366,-357
227000253,35,22,13
227000262,215,15,200
227000266,276,15,261
227000267,48,1309,-1261
227000282,4,111,-107
227000284,129,9,120
227000286,0,79,-79
227000287,5,75,-70
227000291,6,386,-380
227000484,303,22,281
227000485,20,359,-339
227000655,32,6,26
227000656,469,9,460
227000657,22,15,7
227000661,128,13,115
227000680,71,22,49
229000265,3,33,-30
229000296,2,8,-6
229000297,0,36,-36
229000298,1,163,-162
229000320,2,8,-6
229000321,7,3,4
229000412,17,27,-10
229000414,4,50,-46
229000415,2,1,1
229000416,1,3,-2
229000417,3,15,-12
229000419,90,139,-49
229000440,143,56,87
229000442,24,0,24
229000443,2,2,0
229000444,1,30,-29
229000445,23,15,8
229000446,29,10,19
229000847,8,0,8
229000848,9,0,9
229000849,20,1,19
229000851,6,0,6
229000854,0,51,-51
229000856,3,130,-127
229000857,0,41,-41
229000858,0,61,-61
229000919,1,59,-58
229000930,9,137,-128
229000937,46,23,23
229000966,38,20,18
229000981,22,77,-55
229000985,0,9,-9
229000986,0,2,-2
229000987,1,0,1
229000988,1,1,0
229000989,1,6,-5
229000990,0,0,0
229000991,0,1,-1
229000992,3,2,1
229000993,98,4,94
229000998,10,45,-35
229000999,51,4,47
229001034,1,5,-4
229001035,4,1,3
229001037,23,16,7
229001042,12,7,5
229001047,7,44,-37
229001050,36,63,-27
229001200,4,2,2
229001338,7,17,-10
229001394,184,1,183
229001422,69,8,61
229001423,31,103,-72
229001431,36,21,15
229001432,28,44,-16
229001444,63,27,36
229001445,42,122,-80
229001503,99,88,11
229001504,57,145,-88
229001505,69,36,33
229001506,32,140,-108
229001509,41,27,14
229001545,37,2,35
229001546,4,68,-64
229001553,22,12,10
229001554,2,71,-69
229001559,5,6,-1
229001560,0,12,-12
229001630,29,11,18
229001631,3,40,-37
229001635,0,3,-3
229001636,0,1,-1
229001658,0,75,-75
229001659,70,1,69
229001660,0,0,0
229001661,0,19,-19
229001662,29,1,28
229001663,0,30,-30
229002584,131,107,24
229002831,121,88,33
229002841,1,17,-16
229002842,4,10,-6
229002843,15,13,2
229002844,16,47,-31
229002845,12,42,-30
229002846,5,11,-6
229002847,3,12,-9
229002848,5,4,1
229002849,2,57,-55
229002850,2,0,2
229002851,20,75,-55
229002852,35,15,20
229002853,15,23,-8
229002854,25,22,3
229002855,5,28,-23
229002856,17,11,6
229002857,0,40,-40
229002858,2,3,-1
229002859,9,10,-1
229002860,27,3,24
229002861,3,19,-16
229002862,3,27,-24
229002863,3,19,-16
229002864,8,15,-7
229002865,3,3,0
229002866,6,6,0
229002867,0,7,-7
229002868,3,6,-3
229002869,6,113,-107
229002870,8,8,0
235000066,306,47,259
235000067,66,92,-26
235000072,31,30,1
235000073,32,123,-91
235000074,10,73,-63
235000080,27,60,-33
235000081,33,143,-110
235000082,66,75,-9
235000083,84,71,13
235000084,109,50,59
235000085,43,87,-44
235000089,23,21,2
235000092,2,72,-70
235000093,4,4,0
235000097,1,5,-4
235000098,26,15,11
235000099,16,21,-5
235000116,32,16,16
235000117,705,7,698
235000133,7,149,-142
235000134,8,53,-45
235000206,2,0,2
235000207,0,4,-4
235000208,4,0,4
235000209,2,1,1
235000210,1,2,-1
235000212,2,12,-10
235000213,0,8,-8
235000220,0,2,-2
235000221,18,7,11
235000238,3,24,-21
235000239,0,5,-5
235000242,116,166,-50
235000245,849,130,719
235000246,7,30,-23
235000284,5,94,-89
235000295,91,2,89
235000305,62,24,38
235000306,33,2,31
235000307,9,0,9
235000308,30,0,30
235000309,15,1,14
235000310,15,0,15
235000311,25,6,19
235000322,0,19,-19
235000323,2,42,-40
235000324,0,6,-6
235000325,0,13,-13
235000326,4,254,-250
235000351,2,49,-47
235000352,15,36,-21
235000353,0,24,-24
235000354,1,25,-24
235000355,17,42,-25
235000356,12,21,-9
235000357,11,8,3
235000358,41,6,35
235000359,4,1,3
235000360,33,5,28
235000361,47,4,43
235000381,18,258,-240
235000382,64,43,21
235000390,19,0,19
235000391,41,15,26
235000392,39,109,-70
235000393,65,101,-36
235000395,40,30,10
235000396,181,39,142
235000400,86,131,-45
235000401,30,139,-109
235000405,72,289,-217
235000406,48,206,-158
235000407,27,90,-63
235000409,168,103,65
235000410,21,137,-116
235000411,0,55,-55
235000485,1,5,-4
235000486,0,0,0
235000549,16,55,-39
235000550,16,181,-165
235000599,27,68,-41
235000600,3,5,-2
235000601,23,34,-11
235000602,27,111,-84
235000614,0,1,-1
235000648,0,41,-41
235000649,27,0,27
235000685,0,0,0
235000815,5,9,-4
235000834,0,7,-7
235000855,18,33,-15
235000862,12,183,-171
235000891,0,9,-9
235000892,3,0,3
235000901,22,88,-66
235000907,0,6,-6
235001010,7,43,-36
235001029,372,262,110
235001030,207,94,113
235001078,63,93,-30
235001079,68,86,-18
235001147,70,26,44
235001166,4,58,-54
235001167,4,37,-33
235001169,23,238,-215
235001188,0,8,-8
235001189,1,0,1
235001197,12,27,-15
235001200,21,23,-2
235001207,195,44,151
235001210,43,290,-247
235001215,23,213,-190
235001239,0,16,-16
235001244,0,6,-6
235016267,0,26,-26
277102712,51,55,-4
277103813,0,0,0
277103814,0,0,0
277104249,0,1,-1
277104250,0,7,-7
277104251,0,7,-7
277104252,0,0,0
990011530,2,259,-257
990014944,1,383,-382
990015176,20,2,18
990015618,0,35,-35
990016032,0,205,-205
990032570,0,35,-35
990070001,34,2,32
990070103,0,2,-2
990070601,1,23,-22
990070751,136,3,133
990070766,3,800,-797
990071180,221,118,103
990071343,25,9,16
990071387,0,6,-6
990071823,104,0,104
990072600,3,478,-475
990072964,1,463,-462
990073285,0,2,-2
990074393,5,979,-974
990074870,310,16,294
990075106,279,1,278
990075746,92,0,92
990076437,271,2,269
990076458,2,962,-960
997000007,65,3,62
997000041,0,105,-105
997000058,15,0,15
997000062,9,0,9
997000069,0,2,-2
997000070,0,49,-49
997000100,7,1,6
997000141,1,342,-341
997000198,564,281,283
998000475,0,10,-10
998000736,3,245,-242
998000965,0,5,-5
998001031,0,56,-56
998001700,1,17,-16
998001899,0,1,-1
998001900,7,1,6
998003073,267,8,259
998101900,0,0,0
998102850,0,78,-78
998501927,428,333,95
998501929,78,4,74
998501930,37,0,37
998501931,57,10,47
998501932,5,0,5
998501933,16,1,15
998501937,3,1,2
998501944,1,1,0
998501950,0,2,-2
998501970,13,4,9
998501971,0,48,-48
998501973,0,73,-73
998501974,1,276,-275
998501975,81,1,80
998501976,97,46,51
998501977,0,26,-26
998501978,10,0,10
998501979,0,6,-6
998501980,56,1,55
998501981,7,0,7
998501982,0,43,-43
998501983,0,2,-2
998502006,0,0,0
998502024,0,4,-4
998502032,0,2,-2
998502062,7,1,6
998502063,0,0,0
998502173,36,0,36
998502269,0,0,0
998502546,1,105,-104
998502578,0,3,-3
998502599,47,162,-115
998502621,1,2,-1
998601159,0,229,-229
998601292,0,8,-8
999033574,3,548,-545
999800001,7,0,7
999800002,0,5,-5
999800003,1,2,-1
999800004,0,2,-2
999800005,0,0,0
