ID,insum,outsum,diff
100000001,390,301,89
100000002,1672,3379,-1707
100000003,2209,2812,-603
100000004,130,897,-767
100000005,1949,2009,-60
100000006,254,235,19
100000007,975,1123,-148
100000008,27,193,-166
100000009,125,626,-501
100000010,10,117,-107
100000011,160,65,95
100000012,50,191,-141
100000013,0,88,-88
100000014,31,362,-331
100000015,478,888,-410
100000016,95,932,-837
100000017,96,1231,-1135
100000018,278,231,47
100000019,1086,1396,-310
100000020,541,2318,-1777
100000021,2081,601,1480
100000022,231,1608,-1377
100000023,1686,703,983
100000025,158,806,-648
100000028,280,829,-549
100000029,6,301,-295
100000030,44,9,35
100000031,1007,4022,-3015
100000032,730,2292,-1562
100000033,416,1726,-1310
100000034,35,624,-589
100000035,213,465,-252
100000036,141,678,-537
100000037,510,264,246
100000038,1655,605,1050
100000039,132,135,-3
100000040,226,91,135
100000041,738,349,389
100000042,550,198,352
100000043,327,168,159
100000044,69,71,-2
100000045,83,216,-133
100000046,102,179,-77
100000047,65,154,-89
100000048,100,225,-125
100000049,612,535,77
100000051,274,194,80
100000053,71,1,70
100000054,121,6,115
100000055,280,151,129
100000056,164,259,-95
100000057,1256,220,1036
100000058,385,290,95
100000059,44,125,-81
100000060,434,259,175
100000061,1644,436,1208
100000062,733,442,291
100000063,578,287,291
100000064,866,353,513
100000065,202,291,-89
100000066,76,281,-205
100000067,160,241,-81
100000068,122,604,-482
100000069,137,542,-405
100000072,90,239,-149
100000073,595,407,188
100000075,453,45,408
100000076,712,3127,-2415
100000077,41,338,-297
100000078,4,17,-13
100000079,5,106,-101
100000080,1,53,-52
100000081,5,45,-40
100000102,1073,2615,-1542
100000103,794,1798,-1004
100000104,1690,1249,441
100000105,574,589,-15
100000106,304,1633,-1329
100000107,79,632,-553
100000108,138,280,-142
100000109,266,601,-335
100000116,120,232,-112
100000117,9,53,-44
100000118,375,472,-97
100000119,527,610,-83
100000121,58,379,-321
100000122,258,1089,-831
100000123,667,1097,-430
100000124,758,1506,-748
100000125,3033,2007,1026
100000126,275,289,-14
100000127,437,324,113
100000128,121,1685,-1564
100000129,102,440,-338
100000130,482,115,367
100000131,387,666,-279
100000132,434,994,-560
100000133,735,307,428
100000135,422,632,-210
100000139,100,447,-347
100000140,75,84,-9
100000142,465,224,241
100000143,399,182,217
100000144,800,146,654
100000147,757,3076,-2319
100000150,50,271,-221
100000151,87,914,-827
100000153,14,189,-175
100000154,7,379,-372
100000155,1,43,-42
100000156,27,149,-122
100000157,135,265,-130
100000158,106,170,-64
100000159,68,763,-695
100000165,441,236,205
100000169,8,904,-896
100000174,258,461,-203
100000179,28,419,-391
100000180,272,821,-549
100000181,97,103,-6
100000188,27,52,-25
100000189,379,144,235
100000190,178,597,-419
100000191,330,243,87
100000192,1,80,-79
100000193,159,77,82
100000330,162,504,-342
100000355,111,276,-165
100000362,952,498,454
100000363,3925,4309,-384
100000364,116,141,-25
100000365,3725,5104,-1379
100000366,868,517,351
100000367,3106,3847,-741
100000368,626,514,112
100000369,135,1119,-984
100000370,52,641,-589
100000376,33,334,-301
100000379,275,1449,-1174
100000380,1440,3758,-2318
100000384,2668,3613,-945
100000385,537,2266,-1729
100000386,714,2967,-2253
100000387,1138,3261,-2123
100000388,998,2156,-1158
100000389,1849,3036,-1187
100000390,1241,1370,-129
100000391,1439,4231,-2792
100000392,314,1041,-727
100000393,291,2086,-1795
100000394,776,2349,-1573
100000395,357,2016,-1659
100000396,510,1165,-655
100000397,686,3710,-3024
100000398,4117,2027,2090
100000413,0,0,0
100900002,12,1,11
100900003,381,228,153
100900004,0,135,-135
100900005,148,4,144
100900006,28,12,16
100900007,85,1,84
100900008,0,64,-64
100900009,2,11,-9
100900010,62,2,60
100900011,111,82,29
100900012,0,28,-28
100900013,656,12,644
100900014,1,1,0
100900015,16,6,10
100900016,0,27,-27
100900017,546,24,522
100900018,0,4,-4
100900019,2,40,-38
100900020,176,1,175
100900021,241,1,240
100900022,6,5,1
100900023,0,6,-6
100900024,124,1,123
100900025,2,0,2
100900026,103,13,90
100900027,149,1211,-1062
100900028,61,111,-50
100900029,33,1,32
100900030,0,32,-32
100900031,584,23,561
100900032,249,1,248
100900033,47,159,-112
100900034,826,1,825
100900035,108,1,107
100900036,3,0,3
100900037,114,19,95
100900038,8,6,2
100900039,165,87,78
100900040,576,141,435
100900041,975,28,947
100900042,39,2148,-2109
100900043,1,17,-16
100900044,404,233,171
100900045,1,0,1
100900046,527,4,523
100900047,510,78,432
100900048,54,0,54
100900049,27,19,8
100900050,1,4,-3
100900051,27,54,-27
100900052,113,5,108
100900053,491,7,484
100900054,12,6,6
100900055,117,711,-594
100900056,1,24,-23
100900057,848,59,789
100900058,159,31,128
100900059,72,0,72
100900060,217,10,207
100900061,18,112,-94
100900062,0,0,0
100900063,91,414,-323
100900064,230,11,219
100900065,29,138,-109
100900066,117,11,106
100900067,5,0,5
100900068,63,87,-24
100900069,60,0,60
100900070,367,4,363
100900071,103,15,88
100900072,0,6,-6
100900073,60,131,-71
100900074,1,1,0
100900075,420,27,393
100900076,1,9,-8
100900077,29,0,29
100900078,30,89,-59
100900079,0,1,-1
100900080,93,80,13
100900081,7,93,-86
100900082,125,57,68
100900083,1,3,-2
100900085,0,201,-201
100900086,4,200,-196
100900088,101,97,4
100900089,0,53,-53
100900090,18,169,-151
100900091,0,1,-1
100900092,20,115,-95
100900093,241,158,83
100900094,60,35,25
100900095,2,7,-5
100900096,13,22,-9
100900097,3,0,3
100900098,25,28,-3
100900099,1,92,-91
100900100,0,31,-31
100900101,121,1,120
100900102,0,66,-66
100900103,2,0,2
100900104,0,58,-58
100900105,3,44,-41
100900106,0,2,-2
100900107,632,256,376
100900108,1,6,-5
100900109,16,28,-12
100900110,0,11,-11
100900111,11,62,-51
100900112,0,1,-1
100900113,14,25,-11
100900114,9,13,-4
100900115,13,4,9
100900116,298,169,129
100900117,52,849,-797
100900118,2,52,-50
100900119,0,16,-16
100900120,18,0,18
100900121,181,158,23
100900122,22,37,-15
100900123,109,4,105
100900124,0,3,-3
100900125,1,6,-5
100900126,266,22,244
100900127,0,0,0
100900128,25,104,-79
100900129,1,123,-122
100900131,4,22,-18
100900133,32,5,27
100900134,2,0,2
100900135,0,93,-93
100900137,65,31,34
100900138,74,93,-19
100900139,0,0,0
100900140,0,31,-31
100900141,0,198,-198
100900142,0,1,-1
100900143,123,102,21
100900144,1,7,-6
100900145,13,85,-72
100900146,2,31,-29
100900147,3,551,-548
100900148,29,76,-47
100900149,1,278,-277
100900150,1,37,-36
100900151,11,108,-97
100900152,35,0,35
100900153,1,262,-261
100900154,9,43,-34
100900155,25,5,20
100900156,0,0,0
100900157,8,182,-174
100900159,0,1,-1
100900160,16,1,15
100900161,2,0,2
100900162,12,68,-56
100900163,25,14,11
100900164,41,1,40
100900165,89,46,43
100900166,1,0,1
100900167,11,11,0
100900168,7,14,-7
100900169,29,223,-194
100900170,7,0,7
100900171,2,192,-190
100900172,1,169,-168
100900173,1,39,-38
100900174,1,9,-8
100900176,338,35,303
100900177,94,40,54
100900178,96,124,-28
100900179,47,45,2
100900180,0,0,0
100900181,3,5,-2
100900182,4,7,-3
100900184,2,37,-35
100900186,173,47,126
100900187,44,41,3
100900188,72,2,70
100900189,986,210,776
100900191,98,563,-465
100900192,38,160,-122
100900195,24,57,-33
100900197,20,34,-14
100900198,5,13,-8
100900199,5,9,-4
100900200,354,75,279
100900201,2,261,-259
100900202,34,0,34
100900203,0,59,-59
100900204,19,37,-18
100900205,17,482,-465
100900206,104,89,15
100900207,162,26,136
100900210,17,33,-16
100900211,50,45,5
100900213,33,15,18
100900214,87,42,45
100900215,8,4,4
100900217,51,42,9
101000001,760,1235,-475
101000002,2478,3224,-746
101000003,67,584,-517
101000004,2557,4353,-1796
101000005,2158,3583,-1425
101000006,1936,5854,-3918
101000007,670,2506,-1836
101000008,853,1337,-484
101000009,1202,339,863
101000010,419,291,128
101000011,274,108,166
101000012,137,210,-73
101000013,241,665,-424
101000014,152,237,-85
101000015,1651,651,1000
101000016,68,266,-198
101000017,157,212,-55
101000018,747,1887,-1140
101000020,706,422,284
101000021,217,212,5
101000022,15,97,-82
101000023,331,408,-77
101000025,168,327,-159
101000026,261,23,238
101000027,780,1856,-1076
101000028,459,283,176
101000029,23,507,-484
101000030,305,122,183
101000031,29,470,-441
101000032,982,2521,-1539
101000033,505,2016,-1511
101000034,187,1571,-1384
101000035,106,196,-90
101000036,130,1087,-957
101000037,321,1801,-1480
101000039,775,1276,-501
101000040,996,2459,-1463
101000041,886,3340,-2454
101000042,8,472,-464
101000043,1462,2546,-1084
101000045,126,486,-360
101000046,445,1264,-819
101000047,411,2199,-1788
101000048,156,249,-93
101000049,173,537,-364
101000050,140,876,-736
101000051,212,1094,-882
101000052,619,877,-258
101000053,125,559,-434
101000054,331,203,128
101000055,488,891,-403
101000056,1,102,-101
101000057,298,1128,-830
101000058,240,767,-527
101000059,739,1798,-1059
101000060,706,521,185
101000061,79,1469,-1390
101000062,74,308,-234
101000063,64,762,-698
101000064,102,590,-488
101000065,73,508,-435
101000066,166,830,-664
101000067,189,350,-161
101000068,89,259,-170
101000069,99,19,80
101000070,240,271,-31
101000071,1561,661,900
101000072,181,1136,-955
101000073,248,979,-731
101000074,882,1646,-764
101000075,1357,1159,198
101000077,1100,1039,61
101000078,437,475,-38
101000079,605,705,-100
101000080,689,260,429
101000081,642,906,-264
101000082,948,907,41
101000083,1899,1136,763
101000084,391,204,187
101000085,1158,695,463
101000086,483,384,99
101000087,377,456,-79
101000088,890,488,402
101000089,488,805,-317
101000090,654,306,348
101000091,259,203,56
101000092,1389,432,957
101000093,578,263,315
101000094,325,229,96
101000095,293,294,-1
101000096,379,176,203
101000097,163,219,-56
101000098,220,311,-91
101000099,219,463,-244
101000100,522,801,-279
101000101,86,322,-236
101000102,211,433,-222
101000103,185,312,-127
101000104,79,488,-409
101000105,194,413,-219
101000106,98,1477,-1379
101000107,142,158,-16
101000108,200,33,167
101000109,354,79,275
101000110,11,73,-62
101000111,40,43,-3
101000113,51,509,-458
101000114,1014,2747,-1733
101000115,0,0,0
101000116,0,1,-1
101000117,104,11,93
101000119,19,102,-83
101000120,13,66,-53
101000121,7,46,-39
101000122,39,104,-65
101000123,15,72,-57
101000124,664,421,243
101000125,45,57,-12
101000128,73,563,-490
101000130,91,115,-24
101000131,881,188,693
101000132,341,196,145
101000135,1,54,-53
101000136,24,110,-86
101000137,4,249,-245
101000141,285,2500,-2215
101000147,734,138,596
101000148,300,6,294
101000149,5,14,-9
101000150,80,103,-23
101000151,267,38,229
101000152,119,121,-2
101000153,134,67,67
101000154,428,247,181
101000155,361,119,242
101000156,14,161,-147
101000157,27,30,-3
101000160,0,6,-6
101000163,42,469,-427
101000164,192,97,95
101000165,140,238,-98
101000166,44,171,-127
101000168,659,154,505
101000252,1762,390,1372
101000254,20,4,16
101000258,123,2,121
101000261,128,74,54
101000262,548,3018,-2470
101000263,122,702,-580
101000265,11,332,-321
101000266,114,149,-35
101000269,4,11,-7
101000290,62,1702,-1640
101000293,0,2,-2
101000294,177,142,35
101000295,148,118,30
101000301,133,529,-396
101000304,837,1473,-636
101000305,1381,576,805
101000328,31,752,-721
101900001,1,84,-83
101900002,0,6,-6
101900003,42,24,18
101900004,1,26,-25
101900005,562,1917,-1355
101900006,476,32,444
101900007,62,77,-15
101900008,4,96,-92
101900009,9,258,-249
101900010,196,295,-99
101900011,71,581,-510
101900012,100,26,74
101900013,101,42,59
101900017,2,76,-74
101900018,284,113,171
101900019,22,22,0
101900020,65,17,48
101900021,0,12,-12
101900022,48,218,-170
101900023,47,30,17
101900026,34,26,8
101900027,5,66,-61
102000001,1867,3326,-1459
102000002,1286,541,745
102000003,834,3734,-2900
102000004,1165,1556,-391
102000005,353,1900,-1547
102000006,236,831,-595
102000007,598,2547,-1949
102000008,2047,790,1257
102000009,3795,4093,-298
102000010,1729,1179,550
102000011,2528,2447,81
102000012,2132,1421,711
102000018,1344,1650,-306
102000019,995,699,296
102000026,159,261,-102
102000029,92,81,11
102000030,86,241,-155
102000031,58,56,2
102000032,359,143,216
102000033,233,200,33
102000034,187,86,101
102000035,334,189,145
102000036,7,149,-142
102000037,57,18,39
102000038,21,68,-47
102000039,27,59,-32
102000040,83,83,0
102000041,17,304,-287
102000042,15,243,-228
102000043,9,151,-142
102000044,153,498,-345
102000045,201,428,-227
102000046,811,295,516
102000047,352,251,101
102000048,288,232,56
102000049,579,333,246
102000050,437,804,-367
102000051,101,196,-95
102000052,641,592,49
102000053,449,612,-163
102000054,585,311,274
102000055,463,130,333
102000056,756,125,631
102000057,764,273,491
102000058,257,265,-8
102000059,312,486,-174
102000060,496,829,-333
102000061,954,748,206
102000062,1413,565,848
102000063,556,757,-201
102000064,321,397,-76
102000065,14,105,-91
102000066,370,237,133
102000067,1292,2094,-802
102000068,3112,1399,1713
102000069,21,1022,-1001
102000070,1019,10,1009
102000071,3242,6002,-2760
102000072,1248,1438,-190
102000073,163,218,-55
102000074,295,255,40
102000075,105,88,17
102000076,197,62,135
102000077,383,196,187
102000078,776,94,682
102000079,66,47,19
102000080,218,52,166
102000081,71,242,-171
102000082,202,206,-4
102000083,458,82,376
102000084,594,55,539
102000085,539,206,333
102000086,1100,275,825
102000087,196,439,-243
102000088,329,98,231
102000089,968,133,835
102000090,144,640,-496
102000091,649,316,333
102000092,68,292,-224
102000093,370,461,-91
102000094,202,98,104
102000095,243,451,-208
102000096,64,98,-34
102000097,175,156,19
102000098,73,86,-13
102000099,369,320,49
102000100,61,247,-186
102000101,75,217,-142
102000102,72,398,-326
102000103,998,270,728
102000104,240,231,9
102000105,97,145,-48
102000106,454,82,372
102000107,1232,88,1144
102000108,247,127,120
102000109,212,176,36
102000110,794,305,489
102000111,3,232,-229
102000112,57,95,-38
102000113,4,11,-7
102000114,497,280,217
102000115,98,141,-43
102000116,154,497,-343
102000117,30,283,-253
102000118,493,1337,-844
102000119,308,732,-424
102000120,153,272,-119
102000121,480,139,341
102000122,308,482,-174
102000123,445,245,200
102000124,561,648,-87
102000125,252,189,63
102000126,189,266,-77
102000127,564,154,410
102000128,323,371,-48
102000129,469,174,295
102000130,236,351,-115
102000131,441,363,78
102000132,260,543,-283
102000133,2231,466,1765
102000134,754,318,436
102000135,168,384,-216
102000136,331,222,109
102000137,198,130,68
102000138,110,52,58
102000139,71,115,-44
102000140,72,123,-51
102000141,35,257,-222
102000142,108,127,-19
102000143,169,81,88
102000144,200,38,162
102000145,188,54,134
102000146,207,61,146
102000147,187,177,10
102000148,34,139,-105
102000149,236,67,169
102000150,419,15,404
102000151,102,38,64
102000152,206,122,84
102000153,332,255,77
102000154,85,177,-92
102000155,26,272,-246
102000156,136,53,83
102000157,23,148,-125
102000158,68,275,-207
102000159,484,578,-94
102000161,900,1100,-200
102000162,66,85,-19
102000163,34,218,-184
102000164,124,410,-286
102000165,104,51,53
102000166,4,76,-72
102000167,48,71,-23
102000168,49,84,-35
102000169,22,468,-446
102000170,187,42,145
102000171,0,62,-62
102000172,3,171,-168
102000173,224,200,24
102000174,66,17,49
102000175,59,25,34
102000176,7,24,-17
102000178,82,234,-152
102000179,185,122,63
102000180,580,178,402
102000181,668,170,498
102000182,349,144,205
102000183,1127,425,702
102000184,937,264,673
102000185,1678,251,1427
102000186,735,385,350
102000187,448,220,228
102000188,697,480,217
102000189,742,96,646
102000190,233,1066,-833
102000191,417,153,264
102000192,581,572,9
102000193,23,64,-41
102000194,11,89,-78
102000195,443,164,279
102000196,211,132,79
102000197,814,116,698
102000198,113,158,-45
102000199,766,85,681
102000200,122,188,-66
102000201,1060,204,856
102000202,0,15,-15
102000203,185,68,117
102000204,469,159,310
102000205,651,130,521
102000206,152,85,67
102000207,332,223,109
102000208,192,192,0
102000209,19,21,-2
102000210,370,57,313
102000211,348,77,271
102000212,338,16,322
102000213,2,61,-59
102000214,411,4,407
102000215,8,73,-65
102000216,130,62,68
102000217,1,36,-35
102000218,97,91,6
102000219,31,28,3
102000225,144,374,-230
102000226,102,115,-13
102000227,58,0,58
102000228,0,50,-50
102000229,35,59,-24
102000230,172,187,-15
102000231,186,227,-41
102000232,42,181,-139
102000233,374,102,272
102000234,50,540,-490
102000236,103,18,85
102000237,251,90,161
102000238,64,138,-74
102000240,28,259,-231
102000241,83,20,63
102000243,1,23,-22
102000245,4,30,-26
102000246,14,75,-61
102000247,124,198,-74
102000248,261,413,-152
102000249,117,35,82
102000250,28,91,-63
102000254,388,52,336
102000266,3,52,-49
102000271,21,0,21
102000286,176,185,-9
102000297,801,324,477
102000301,0,0,0
102000303,0,0,0
102000307,0,2,-2
102900001,638,146,492
102900002,126,10,116
102900003,53,52,1
102900005,223,101,122
102900006,269,46,223
102900007,319,3,316
102900008,143,8,135
102900009,78,73,5
102900010,90,338,-248
102900011,369,124,245
102900012,126,20,106
102900013,11,6,5
102900015,354,178,176
102900016,77,3,74
102900017,99,39,60
102900018,12,5,7
102900019,117,194,-77
102900020,113,5,108
102900021,30,2,28
102900022,12,4,8
102900023,0,0,0
102900024,29,13,16
102900025,12,5,7
102900026,113,1096,-983
102900027,60,7,53
102900028,28,447,-419
102900029,6,105,-99
102900030,143,192,-49
102900031,116,6,110
102900032,32,14,18
102900033,46,71,-25
102900034,405,17,388
102900035,81,63,18
102900036,97,90,7
102900037,49,68,-19
102900038,79,61,18
102900039,47,298,-251
102900040,20,81,-61
102900041,28,25,3
102900042,59,37,22
102900043,124,19,105
102900044,162,411,-249
102900045,81,114,-33
102900046,167,52,115
102900047,49,97,-48
102900048,160,95,65
102900049,12,55,-43
102900050,30,75,-45
102900051,54,55,-1
102900053,109,68,41
102900054,40,266,-226
102900055,23,181,-158
102900056,14,75,-61
102900057,1,28,-27
102900058,197,31,166
102900059,5,3,2
102900060,10,86,-76
102900061,70,99,-29
102900062,146,151,-5
102900063,1111,57,1054
102900064,9,169,-160
102900065,444,156,288
102900066,131,2,129
102900068,8,55,-47
102900070,121,74,47
102900072,0,12,-12
102900073,4,0,4
102900075,0,21,-21
102900076,6,20,-14
102900077,4,0,4
102900078,4,1,3
102900079,58,0,58
102900080,262,5,257
102900081,5,61,-56
102900082,8,15,-7
102900083,15,0,15
102900084,0,1,-1
102900085,29,2,27
102900086,0,7,-7
102900087,91,39,52
102900088,7,8,-1
102900089,113,20,93
102900090,0,9,-9
102900091,179,0,179
102900092,262,69,193
102900094,0,12,-12
102900095,48,0,48
102900096,15,1,14
102900097,0,24,-24
103000001,1564,1234,330
103000002,1731,1686,45
103000003,1555,1262,293
103000004,403,283,120
103000005,777,1826,-1049
103000006,636,853,-217
103000007,272,209,63
103000008,546,371,175
103000009,983,676,307
103000010,82,20,62
103000011,880,357,523
103000012,677,872,-195
103000013,1264,698,566
103000014,772,1369,-597
103000015,577,349,228
103000016,234,681,-447
103000017,140,535,-395
103000018,163,140,23
103000019,131,366,-235
103000020,849,870,-21
103000021,1440,2127,-687
103000022,261,716,-455
103000023,570,1265,-695
103000024,28,73,-45
103000025,41,768,-727
103000026,146,61,85
103000027,56,495,-439
103000028,166,143,23
103000029,53,101,-48
103000030,768,845,-77
103000031,556,1514,-958
103000032,1064,465,599
103000033,2497,2134,363
103000034,582,349,233
103000035,97,652,-555
103000036,76,126,-50
103000037,367,218,149
103000038,184,492,-308
103000039,236,112,124
103000040,616,310,306
103000041,947,696,251
103000042,607,57,550
103000043,527,246,281
103000044,196,61,135
103000046,118,160,-42
103000047,374,141,233
103000048,177,36,141
103000049,56,53,3
103000050,418,58,360
103000051,481,218,263
103000052,409,65,344
103000053,160,105,55
103000054,1002,94,908
103000055,1005,484,521
103000056,379,516,-137
103000057,1034,101,933
103000058,347,134,213
103000059,471,279,192
103000060,387,104,283
103000061,445,293,152
103000062,323,63,260
103000063,719,445,274
103000064,55,51,4
103000065,3,103,-100
103000066,78,4,74
103000069,125,75,50
103000070,249,63,186
103000071,696,334,362
103000072,138,188,-50
103000073,543,27,516
103000074,569,42,527
103000075,41,185,-144
103000076,152,393,-241
103000077,5,147,-142
103000078,400,472,-72
103000079,142,496,-354
103000080,239,157,82
103000081,140,890,-750
103000082,272,96,176
103000083,52,138,-86
103000084,39,0,39
103000085,1,41,-40
103000086,294,279,15
103000087,58,489,-431
103000088,187,328,-141
103000089,124,512,-388
103000090,2708,966,1742
103000091,618,388,230
103000092,119,85,34
103000093,114,267,-153
103000094,151,46,105
103000095,40,142,-102
103000096,266,2,264
103000097,12,331,-319
103000098,308,3,305
103000099,46,186,-140
103000100,102,152,-50
103000101,903,19,884
103000102,101,114,-13
103000103,471,40,431
103000104,96,33,63
103000105,120,29,91
103000106,5,73,-68
103000107,137,23,114
103000108,901,825,76
103000109,270,590,-320
103000110,338,752,-414
103000111,259,317,-58
103000112,106,145,-39
103000113,95,657,-562
103000114,866,271,595
103000115,571,582,-11
103000116,648,234,414
103000117,400,269,131
103000118,172,224,-52
103000119,441,168,273
103000120,35,110,-75
103000121,49,121,-72
103000122,348,686,-338
103000125,2,34,-32
103000126,336,3,333
103000127,0,47,-47
103000128,108,0,108
103000129,0,64,-64
103000130,28,5,23
103000131,30,60,-30
103000132,40,43,-3
103000133,15,175,-160
103000134,141,503,-362
103000135,254,173,81
103000136,151,134,17
103000137,162,452,-290
103000138,241,417,-176
103000139,0,17,-17
103000140,36,6,30
103000141,13,32,-19
103000142,24,27,-3
103000143,29,86,-57
103000144,163,35,128
103000145,9,86,-77
103000150,30,18,12
103000152,60,233,-173
103000153,105,144,-39
103000156,3,72,-69
103000157,221,0,221
103000159,169,30,139
103000162,12,15,-3
103000163,0,16,-16
103000164,18,6,12
103000165,51,102,-51
103000166,158,332,-174
103000167,96,109,-13
103000168,106,66,40
103000169,153,473,-320
103000170,1339,190,1149
103000171,7,8,-1
103000172,550,53,497
103000173,417,85,332
103000174,286,157,129
103000175,203,65,138
103000176,487,486,1
103000177,119,204,-85
103000178,35,121,-86
103000179,46,7,39
103000183,294,22,272
103000185,128,38,90
103000186,254,34,220
103000187,737,80,657
103000188,12,59,-47
103000189,332,399,-67
103000191,236,152,84
103000292,264,799,-535
103000293,174,1721,-1547
103000295,42,34,8
103000296,36,0,36
103000297,13,3,10
103000504,34,4,30
103000505,2,5,-3
103000506,1,69,-68
103000507,88,1,87
103000508,48,30,18
103000509,150,202,-52
103900001,27,25,2
103900002,229,23,206
103900003,309,95,214
103900004,46,0,46
103900005,0,18,-18
103900006,0,2,-2
103900007,107,0,107
103900008,2,0,2
103900009,147,53,94
103900010,151,18,133
103900011,224,8,216
103900012,1,62,-61
103900013,27,4,23
103900014,72,6,66
103900015,25,0,25
103900016,28,16,12
103900017,54,23,31
103900018,76,13,63
103900019,4,208,-204
103900020,108,229,-121
103900021,58,5,53
103900022,199,103,96
103900023,165,0,165
103900024,6,66,-60
103900025,3,0,3
103900026,0,0,0
103900027,152,27,125
103900028,18,82,-64
103900029,651,58,593
103900030,120,64,56
103900031,27,0,27
103900032,102,100,2
103900033,27,2,25
103900034,18,19,-1
103900035,25,19,6
103900036,9,47,-38
103900037,31,11,20
103900038,28,141,-113
103900039,85,67,18
103900040,22,90,-68
103900041,69,1,68
103900042,142,47,95
103900043,263,16,247
103900044,9,209,-200
103900045,163,145,18
103900047,112,13,99
103900048,14,10,4
103900049,13,364,-351
103900050,4,80,-76
103900051,0,38,-38
103900052,119,124,-5
103900053,248,57,191
103900054,112,54,58
103900055,272,101,171
103900056,5,5,0
103900057,91,14,77
103900058,285,82,203
103900059,0,30,-30
103900060,64,17,47
103900061,250,16,234
103900062,238,77,161
103900063,1,0,1
103900064,106,0,106
103900065,103,98,5
103900066,195,55,140
103900067,188,8,180
103900068,1,0,1
103900069,37,4,33
103900070,61,95,-34
103900071,1,27,-26
103900072,4,85,-81
103900073,37,12,25
103900074,57,3,54
103900075,156,29,127
103900076,562,139,423
103900077,10,77,-67
103900078,133,52,81
103900079,27,8,19
103900080,1,8,-7
103900081,7,6,1
103900082,24,34,-10
103900083,403,875,-472
103900084,25,39,-14
103900085,16,19,-3
103900086,550,85,465
103900088,106,150,-44
103900089,2,51,-49
103900090,0,17,-17
103900091,260,31,229
103900092,428,159,269
103900093,9,72,-63
103900094,9,21,-12
103900095,47,104,-57
103900096,87,14,73
103900097,6,50,-44
103900098,103,41,62
103900099,140,11,129
103900100,253,17,236
103900101,154,216,-62
103900102,2,12,-10
103900104,0,3,-3
103900105,6,3,3
103900106,1,139,-138
103900107,202,18,184
103900108,34,32,2
103900109,90,7,83
103900110,68,12,56
103900111,145,85,60
103900112,0,6,-6
103900113,27,84,-57
103900114,183,123,60
103900115,46,57,-11
103900116,335,713,-378
103900117,48,5,43
103900119,30,200,-170
103900120,41,13,28
103900122,163,53,110
103900123,101,311,-210
103900124,4,54,-50
103900125,163,13,150
103900126,405,14,391
103900127,53,35,18
103900128,122,6,116
103900131,14,17,-3
103900133,507,1,506
103900134,0,11,-11
103900135,6,1,5
103900137,0,1,-1
103900138,207,36,171
103900139,73,1759,-1686
103900140,6,316,-310
103900141,79,22,57
103900142,406,23,383
103900143,109,0,109
103900144,1,2,-1
103900145,83,55,28
103900146,218,68,150
103900147,291,54,237
103900148,193,30,163
103900149,125,92,33
103900150,1171,2493,-1322
103900151,17,20,-3
103900152,562,61,501
103900153,9,0,9
103900154,46,1129,-1083
103900155,8,24,-16
103900156,5,10,-5
103900157,87,15,72
103900158,171,12,159
103900159,187,3,184
103900160,8,12,-4
103900161,23,49,-26
103900162,30,9,21
103900163,0,71,-71
103900167,0,22,-22
103900168,40,18,22
103900169,28,30,-2
103900170,0,11,-11
103900171,0,1,-1
103900172,0,1,-1
103900173,10,5,5
103900174,158,10,148
103900175,8,137,-129
103900176,1,13,-12
103900177,1,1,0
103900178,28,0,28
103900179,32,4,28
103900180,4,5,-1
103900181,5,9,-4
103900182,0,3,-3
103900184,19,1,18
103900185,15,283,-268
103900187,16,67,-51
103900188,40,32,8
103900189,75,1,74
103900190,42,11,31
103900191,9,23,-14
103900192,20,23,-3
103900193,7,5,2
103900194,15,7,8
103900195,2,40,-38
103900196,16,17,-1
103900197,0,1,-1
103900198,1,0,1
103900199,111,20,91
103900200,128,10,118
103900201,26,10,16
103900202,0,5,-5
103900203,56,22,34
103900204,0,11,-11
103900207,0,5,-5
103900208,55,0,55
103900209,0,2,-2
103900210,35,6,29
103900211,424,42,382
103900212,15,18,-3
103900213,3,52,-49
103900214,82,161,-79
103900215,70,100,-30
103900216,5,46,-41
103900217,126,40,86
103900218,0,97,-97
103900219,288,6,282
103900233,32,3,29
103900235,64,22,42
103900236,9,9,0
103900242,5,4,1
103900243,0,6,-6
103900244,37,41,-4
103900245,71,17,54
103900246,3,4,-1
103900247,8,10,-2
103900248,0,6,-6
103900249,0,67,-67
103900250,5,17,-12
103900251,0,17,-17
103900253,3,12,-9
103900254,1,7,-6
103900255,1,0,1
103900256,23,24,-1
103900257,17,92,-75
103900258,12,0,12
103900259,11,0,11
103900261,6,0,6
103900262,11,1,10
103900263,12,10,2
103900264,1,1,0
103900265,0,7,-7
103900266,0,27,-27
103900267,0,12,-12
103900268,5,8,-3
103900269,109,2,107
103900270,21,21,0
103900271,4,9,-5
103900272,9,5,4
103900273,32,1,31
103900274,50,0,50
103900275,19,1,18
103900276,0,2,-2
103900277,0,3,-3
103900278,4,5,-1
103900279,0,15,-15
103900280,0,1,-1
104000001,1469,818,651
104000002,1211,1282,-71
104000003,1228,988,240
104000004,1513,1042,471
104000005,1188,1103,85
104000006,1560,1140,420
104000007,3046,2198,848
104000008,194,123,71
104000009,246,139,107
104000010,90,209,-119
104000011,141,136,5
104000012,66,120,-54
104000013,175,254,-79
104000014,132,138,-6
104000015,223,77,146
104000016,97,98,-1
104000018,494,66,428
104000019,481,118,363
104000020,23,144,-121
104000021,195,87,108
104000022,131,201,-70
104000023,906,188,718
104000024,122,93,29
104000026,22,47,-25
104000027,221,72,149
104000028,513,259,254
104000029,204,127,77
104000030,410,326,84
104000031,886,81,805
104000032,109,87,22
104000033,655,90,565
104000034,223,97,126
104000035,852,80,772
104000036,618,215,403
104000037,69,57,12
104000038,358,171,187
104000039,163,66,97
104000040,35,211,-176
104000041,450,156,294
104000042,142,107,35
104000043,115,78,37
104000044,169,232,-63
104000045,417,267,150
104000046,228,364,-136
104000047,246,292,-46
104000048,444,398,46
104000049,355,249,106
104000050,50,477,-427
104000051,95,187,-92
104000052,1275,830,445
104000053,644,199,445
104000054,444,90,354
104000055,1234,778,456
104000056,247,49,198
104000057,184,74,110
104000058,680,626,54
104000059,486,511,-25
104000060,874,962,-88
104000061,585,448,137
104000062,171,60,111
104000064,432,90,342
104000065,40,262,-222
104000069,180,930,-750
104000070,11,351,-340
104000071,74,36,38
104000072,354,66,288
104000075,1,88,-87
104000076,237,31,206
104000082,1271,1613,-342
104000083,218,58,160
104000084,49,158,-109
104000085,212,75,137
104000086,212,242,-30
104000087,125,373,-248
104000090,467,246,221
104000092,878,318,560
104000094,301,348,-47
104000095,1526,641,885
104000096,1202,10,1192
104000097,1437,143,1294
104000098,2593,156,2437
104000100,1782,211,1571
104000101,669,586,83
104000106,9,363,-354
104000107,364,134,230
104000108,121,79,42
104000109,147,58,89
104000110,333,738,-405
104000111,765,1603,-838
104000112,194,227,-33
104000116,0,358,-358
104000117,248,125,123
104000118,729,55,674
104000119,518,136,382
104000120,337,138,199
104000121,147,202,-55
104000122,457,325,132
104000123,387,310,77
104000124,176,441,-265
104000125,631,1834,-1203
104000126,236,226,10
104000127,862,838,24
104000128,328,71,257
104000129,111,3,108
104000130,0,326,-326
104000131,179,203,-24
104000132,302,168,134
104000133,835,568,267
104000134,548,907,-359
104000135,195,677,-482
104000136,365,1067,-702
104000137,1026,162,864
104000138,751,326,425
104000139,1076,1088,-12
104000141,229,359,-130
104000142,401,205,196
104000143,451,144,307
104000144,58,145,-87
104000145,222,76,146
104000146,91,177,-86
104000147,76,173,-97
104000148,220,81,139
104000149,91,54,37
104000150,615,230,385
104000151,210,172,38
104000152,219,189,30
104000153,555,305,250
104000154,284,209,75
104000155,254,633,-379
104000157,738,508,230
104000158,60,202,-142
104000159,426,161,265
104000160,1119,1529,-410
104000161,83,51,32
104000162,93,45,48
104000165,452,345,107
104000167,409,1047,-638
104000168,714,2,712
104000169,237,34,203
104000170,75,128,-53
104000248,283,246,37
104000251,4,59,-55
104000272,0,0,0
104000273,0,0,0
104000274,0,0,0
104000275,0,0,0
104000279,346,308,38
104000290,12,406,-394
104000291,532,598,-66
104000293,588,373,215
104000294,43,0,43
104000295,755,721,34
104000296,342,288,54
104000297,829,1479,-650
104000298,1209,399,810
104000299,462,501,-39
104900001,21,25,-4
104900002,10,107,-97
104900003,30,75,-45
104900004,30,20,10
104900005,241,61,180
104900006,266,31,235
104900007,212,69,143
104900009,63,84,-21
104900010,40,0,40
104900011,1,2,-1
104900012,48,0,48
104900013,36,1,35
104900014,763,90,673
104900015,34,0,34
104900016,74,40,34
104900017,39,43,-4
104900018,0,23,-23
104900019,64,3239,-3175
104900020,24,55,-31
104900021,0,13,-13
104900022,1,42,-41
104900023,0,11,-11
104900024,5,91,-86
104900025,26,72,-46
104900026,0,14,-14
104900027,526,179,347
104900028,9,48,-39
104900029,5,31,-26
104900030,292,84,208
104900031,15,44,-29
104900032,4,7,-3
104900033,164,71,93
104900034,265,97,168
104900035,281,184,97
104900036,479,46,433
104900037,85,35,50
104900038,34,774,-740
104900039,177,396,-219
104900040,560,21,539
104900041,191,55,136
104900042,135,58,77
104900043,43,368,-325
104900044,823,53,770
104900045,136,24,112
104900046,335,47,288
104900047,382,55,327
104900048,516,60,456
104900049,88,25,63
104900050,489,12,477
104900051,198,15,183
104900052,211,1,210
104900053,255,34,221
104900054,226,14,212
104900055,330,1,329
104900056,255,13,242
104900057,23,0,23
104900058,200,18,182
104900059,67,28,39
104900060,0,62,-62
104900061,48,66,-18
104900063,0,20,-20
104900064,0,59,-59
104900065,3,67,-64
104900066,0,23,-23
104900067,4,102,-98
104900068,1,45,-44
104900070,24,52,-28
104900071,0,36,-36
104900072,3,63,-60
104900073,63,8,55
104900074,18,20,-2
104900075,20,3,17
104900076,45,17,28
104900077,46,26,20
104900078,59,34,25
104900079,19,464,-445
104900080,57,57,0
104900082,0,40,-40
104900085,0,110,-110
104900087,244,2,242
104900089,516,0,516
104900090,720,449,271
104900091,160,174,-14
104900093,48,69,-21
104900097,390,1269,-879
104900098,55,11,44
104900099,68,352,-284
104900100,136,30,106
104900102,53,33,20
104900103,59,15,44
104900104,553,1163,-610
104900106,48,32,16
104900107,21,53,-32
104900108,1,23,-22
104900109,48,55,-7
104900110,4,29,-25
104900111,81,4,77
104900112,168,72,96
104900113,330,30,300
104900114,371,82,289
104900115,372,34,338
104900116,276,22,254
104900118,0,1,-1
104900119,0,26,-26
104900120,25,712,-687
104900121,0,15,-15
104900122,0,21,-21
104900123,172,34,138
104900124,93,0,93
104900125,244,0,244
104900126,13,4,9
104900127,2,4,-2
104900128,63,24,39
104900129,288,1554,-1266
105000001,1675,634,1041
105000002,1034,746,288
105000003,1348,1656,-308
105000004,685,447,238
105000005,983,681,302
105000006,681,995,-314
105000007,779,1173,-394
105000008,295,1384,-1089
105000009,2263,2241,22
105000010,1173,510,663
105000011,1865,2115,-250
105000012,975,940,35
105000013,562,567,-5
105000014,1951,1541,410
105000015,4172,7530,-3358
105000016,568,700,-132
105000017,1026,645,381
105000018,476,696,-220
105000019,477,538,-61
105000020,36,261,-225
105000021,171,104,67
105000022,36,52,-16
105000023,496,118,378
105000028,2,40,-38
105000029,315,563,-248
105000030,1681,1116,565
105000031,1,4,-3
105000033,530,551,-21
105000034,21,623,-602
105000037,245,63,182
105000038,394,667,-273
105000039,325,387,-62
105000040,443,553,-110
105000041,115,271,-156
105000042,747,687,60
105000043,383,356,27
105000044,317,131,186
105000045,110,148,-38
105000046,633,76,557
105000047,152,144,8
105000048,776,139,637
105000049,96,133,-37
105000050,649,241,408
105000051,108,165,-57
105000052,386,410,-24
105000053,45,57,-12
105000054,247,332,-85
105000055,389,126,263
105000056,1169,829,340
105000057,972,236,736
105000058,611,494,117
105000059,798,443,355
105000060,314,199,115
105000061,1084,311,773
105000062,343,299,44
105000063,132,208,-76
105000064,1808,290,1518
105000065,282,200,82
105000066,503,380,123
105000067,1140,470,670
105000068,204,411,-207
105000069,650,1618,-968
105000070,234,604,-370
105000071,148,1265,-1117
105000072,709,2823,-2114
105000073,682,430,252
105000074,245,191,54
105000075,273,229,44
105000076,702,447,255
105000077,924,231,693
105000078,364,431,-67
105000079,550,1048,-498
105000080,1207,1048,159
105000081,670,596,74
105000082,433,1081,-648
105000083,1422,1675,-253
105000084,218,417,-199
105000085,1662,1305,357
105000086,394,446,-52
105000087,623,750,-127
105000088,1115,1560,-445
105000089,952,471,481
105000090,173,168,5
105000091,270,262,8
105000092,312,190,122
105000093,169,230,-61
105000094,97,75,22
105000095,85,238,-153
105000096,766,1186,-420
105000097,189,251,-62
105000098,965,978,-13
105000099,319,393,-74
105000100,1285,439,846
105000101,1173,455,718
105000102,956,555,401
105000103,582,518,64
105000104,1181,259,922
105000105,579,346,233
105000106,1021,276,745
105000107,1195,196,999
105000108,1084,308,776
105000109,1559,279,1280
105000110,675,142,533
105000111,1073,192,881
105000112,486,187,299
105000113,428,466,-38
105000114,523,930,-407
105000115,226,1130,-904
105000116,904,293,611
105000117,454,294,160
105000118,688,184,504
105000119,300,290,10
105000120,1288,220,1068
105000121,643,278,365
105000122,376,210,166
105000123,251,273,-22
105000124,1208,262,946
105000125,611,413,198
105000126,1191,501,690
105000127,1690,553,1137
105000128,368,786,-418
105000129,796,153,643
105000130,103,2585,-2482
105000131,157,79,78
105000132,952,509,443
105000133,133,204,-71
105000134,1102,205,897
105000135,192,73,119
105000136,17,13,4
105000137,445,39,406
105000138,84,29,55
105000139,443,120,323
105000140,615,113,502
105000141,232,74,158
105000142,247,173,74
105000143,61,159,-98
105000144,215,206,9
105000145,735,141,594
105000146,153,145,8
105000147,596,110,486
105000148,575,359,216
105000149,1970,961,1009
105000150,557,274,283
105000151,502,238,264
105000152,189,179,10
105000153,763,165,598
105000154,354,192,162
105000155,366,205,161
105000156,131,193,-62
105000157,401,323,78
105000158,1321,349,972
105000159,156,299,-143
105000160,2464,356,2108
105000161,428,275,153
105000162,426,1639,-1213
105000163,470,263,207
105000164,38,89,-51
105000165,298,5414,-5116
105000166,1379,1153,226
105000167,582,1652,-1070
105000168,179,84,95
105000169,488,72,416
105000170,238,546,-308
105000171,698,63,635
105000172,295,3,292
105000173,629,3,626
105000174,90,15,75
105000175,77,40,37
105000176,406,33,373
105000177,345,144,201
105000178,227,92,135
105000179,992,18,974
105000180,145,15,130
105000181,117,80,37
105000182,41,17,24
105000183,867,1626,-759
105000184,160,142,18
105000185,164,718,-554
105000186,166,304,-138
105000187,345,182,163
105000188,123,162,-39
105000189,44,250,-206
105000190,184,115,69
105000191,98,162,-64
105000192,199,69,130
105000193,67,35,32
105000194,615,21,594
105000195,121,155,-34
105000196,39,205,-166
105000197,90,185,-95
105000198,44,56,-12
105000199,50,519,-469
105000200,55,268,-213
105000201,82,16,66
105000203,2,65,-63
105000204,77,9,68
105000205,24,42,-18
105000207,86,11,75
105000208,84,205,-121
105000209,64,25,39
105000211,287,0,287
105000212,609,317,292
105000213,32,77,-45
105000214,144,60,84
105000215,82,55,27
105000216,99,36,63
105000217,63,53,10
105000218,1823,374,1449
105000221,152,97,55
105000222,173,64,109
105000223,310,54,256
105000226,48,79,-31
105000227,96,41,55
105000228,30,731,-701
105000229,92,281,-189
105000231,133,71,62
105000233,607,346,261
105000234,263,490,-227
105000235,458,334,124
105000237,862,41,821
105000243,78,21,57
105000248,10,23,-13
105000262,150,137,13
105000269,101,34,67
105000270,477,14,463
105000271,1,79,-78
105000282,17,8,9
105000287,99,55,44
105000288,748,257,491
105000289,615,998,-383
105000290,17,1,16
105000402,720,1850,-1130
105000426,176,154,22
105000438,768,772,-4
105000440,22,0,22
105000446,2206,1895,311
105000447,1076,857,219
105000454,397,49,348
105000455,124,57,67
105000474,67,1,66
105000477,620,290,330
105000478,1573,2785,-1212
105000479,82,59,23
105000480,3109,4073,-964
105000481,2673,2175,498
105000482,1272,1829,-557
105000483,769,1218,-449
105000484,680,854,-174
105000485,568,1637,-1069
105000486,557,677,-120
105000488,1571,1247,324
105000489,982,317,665
105000549,178,55,123
105000550,119,343,-224
105000551,11,59,-48
105000552,869,463,406
105000555,424,716,-292
105000556,45,9,36
105000557,43,95,-52
105900001,8,837,-829
105900002,426,681,-255
105900003,1,46,-45
105900004,24,5,19
105900005,1,100,-99
105900006,5,19,-14
105900007,9,3,6
105900008,33,114,-81
105900009,61,6,55
105900011,33,19,14
105900012,186,19,167
105900013,3,16,-13
105900014,0,10,-10
105900015,25,105,-80
105900016,297,88,209
105900017,1294,6,1288
105900018,74,68,6
105900019,17,18,-1
105900020,42,43,-1
105900021,3,90,-87
105900022,95,80,15
105900023,7,21,-14
105900024,1,54,-53
105900025,213,0,213
105900026,47,1,46
105900027,2529,1011,1518
105900028,113,58,55
105900029,801,90,711
105900030,76,72,4
105900031,216,33,183
105900032,25,11,14
105900033,19,19,0
105900034,121,48,73
105900035,125,41,84
105900036,74,12,62
105900037,89,10,79
105900038,47,72,-25
105900039,71,23,48
105900040,53,5,48
105900041,62,23,39
105900042,16,40,-24
105900043,342,21,321
105900044,2,123,-121
105900045,2,398,-396
105900046,0,23,-23
105900047,6,4,2
105900048,121,100,21
105900050,194,603,-409
105900051,1,245,-244
105900052,199,2,197
105900053,826,2101,-1275
105900054,41,78,-37
105900056,128,222,-94
105900057,3,20,-17
105900058,4,7,-3
105900059,1,64,-63
106000001,1075,925,150
106000002,389,1194,-805
106000003,1891,1922,-31
106000004,1048,1226,-178
106000005,3005,2280,725
106000006,2425,937,1488
106000007,492,116,376
106000008,158,164,-6
106000009,395,59,336
106000010,158,317,-159
106000011,1235,387,848
106000012,501,318,183
106000013,1570,695,875
106000014,643,429,214
106000015,1754,449,1305
106000016,627,677,-50
106000017,736,266,470
106000018,271,210,61
106000019,510,209,301
106000020,141,224,-83
106000021,385,176,209
106000022,195,367,-172
106000023,861,210,651
106000024,236,374,-138
106000025,211,137,74
106000026,91,68,23
106000027,1813,660,1153
106000028,344,144,200
106000029,282,266,16
106000030,66,255,-189
106000034,17,96,-79
106000035,819,1020,-201
106000036,61,263,-202
106000037,269,424,-155
106000038,7,35,-28
106000039,39,88,-49
106000040,52,923,-871
106000041,473,213,260
106000043,188,91,97
106000046,169,50,119
106000047,31,271,-240
106000049,914,40,874
106000050,25,199,-174
106000051,777,301,476
106000052,3,11,-8
106000053,550,77,473
106000054,3,8,-5
106000055,552,184,368
106000056,3,12,-9
106000057,507,75,432
106000058,15,4,11
106000059,450,167,283
106000060,11,77,-66
106000061,135,546,-411
106000062,84,69,15
106000063,490,503,-13
106000064,1,6,-5
106000065,492,132,360
106000066,53,13,40
106000067,313,18,295
106000068,46,10,36
106000069,376,11,365
106000070,166,24,142
106000071,633,85,548
106000072,927,578,349
106000073,883,3447,-2564
106000074,351,368,-17
106000075,224,407,-183
106000076,619,399,220
106000077,1170,272,898
106000078,809,250,559
106000079,679,179,500
106000080,882,246,636
106000081,636,298,338
106000082,792,272,520
106000083,270,478,-208
106000084,452,273,179
106000085,680,427,253
106000086,226,149,77
106000087,400,218,182
106000088,204,185,19
106000089,719,93,626
106000090,226,219,7
106000091,179,297,-118
106000092,508,170,338
106000093,380,48,332
106000094,37,180,-143
106000095,1076,322,754
106000096,1274,139,1135
106000097,956,320,636
106000098,728,141,587
106000099,56,306,-250
106000100,874,103,771
106000101,689,87,602
106000102,60,181,-121
106000103,173,171,2
106000104,1046,169,877
106000105,300,190,110
106000106,693,102,591
106000107,45,124,-79
106000108,562,100,462
106000109,84,69,15
106000110,427,49,378
106000111,134,84,50
106000112,217,644,-427
106000113,159,282,-123
106000114,255,653,-398
106000115,172,235,-63
106000116,211,84,127
106000117,400,173,227
106000118,728,712,16
106000119,341,271,70
106000120,539,894,-355
106000121,207,56,151
106000122,211,135,76
106000123,742,23,719
106000124,92,73,19
106000125,25,147,-122
106000126,426,26,400
106000127,857,292,565
106000128,860,104,756
106000129,394,198,196
106000130,994,139,855
106000131,58,413,-355
106000132,387,94,293
106000133,959,823,136
106000134,269,1808,-1539
106000135,131,309,-178
106000136,655,973,-318
106000137,102,523,-421
106000138,1450,31,1419
106000139,88,88,0
106000140,2,2,0
106000141,19,2,17
106000142,194,88,106
106000143,1,9,-8
106000144,9,38,-29
106000145,82,33,49
106000146,475,55,420
106000147,205,216,-11
106000148,283,472,-189
106000149,675,146,529
106000150,619,1134,-515
106000151,1365,183,1182
106000152,541,962,-421
106000153,36,479,-443
106000154,737,86,651
106000155,160,188,-28
106000156,840,58,782
106000157,361,650,-289
106000158,721,346,375
106000159,1003,1121,-118
106000160,385,1925,-1540
106000161,421,67,354
106000162,467,931,-464
106000163,172,78,94
106000164,531,37,494
106000165,95,211,-116
106000166,618,36,582
106000167,277,255,22
106000168,661,46,615
106000169,86,131,-45
106000170,633,95,538
106000171,75,399,-324
106000172,1362,374,988
106000173,513,694,-181
106000174,1007,100,907
106000175,144,126,18
106000176,1524,236,1288
106000177,660,525,135
106000178,1965,463,1502
106000179,464,291,173
106000180,453,264,189
106000181,1411,576,835
106000182,1349,167,1182
106000183,1167,137,1030
106000184,824,179,645
106000185,836,700,136
106000186,120,15,105
106000187,37,499,-462
106000188,0,0,0
106000189,25,2,23
106000190,38,0,38
106000191,332,29,303
106000192,0,2,-2
106000193,50,121,-71
106000194,35,93,-58
106000195,30,39,-9
106000196,24,115,-91
106000197,448,136,312
106000198,163,58,105
106000199,341,875,-534
106000200,129,124,5
106000201,172,4301,-4129
106000202,871,269,602
106000203,2,44,-42
106000204,45,4,41
106000205,0,70,-70
106000206,79,10,69
106000207,3,139,-136
106000208,1265,36,1229
106000209,1875,136,1739
106000210,176,303,-127
106000211,121,566,-445
106000212,1246,149,1097
106000213,136,771,-635
106000214,703,157,546
106000215,284,199,85
106000216,526,81,445
106000217,161,221,-60
106000218,297,104,193
106000219,104,165,-61
106000220,589,111,478
106000221,140,52,88
106000222,61,35,26
106000223,253,28,225
106000224,125,57,68
106000225,49,76,-27
106000226,48,63,-15
106000228,0,5,-5
106000229,76,154,-78
106000231,1008,20,988
106000232,85,85,0
106000233,466,33,433
106000234,39,136,-97
106000235,130,99,31
106000236,53,171,-118
106000237,3,242,-239
106000238,15,11,4
106000239,0,63,-63
106000240,4,6,-2
106000241,5,349,-344
106000242,146,19,127
106000249,129,64,65
106000250,24,293,-269
106000251,78,2,76
106000252,9,24,-15
106000253,56,9,47
106000254,32,12,20
106000255,59,39,20
106000256,16,6,10
106000257,20,72,-52
106000258,24,32,-8
106000259,5,25,-20
106000260,8,1,7
106000261,0,14,-14
106000262,54,2,52
106000263,16,29,-13
106000264,80,0,80
106000265,15,46,-31
106000266,77,2,75
106000267,3,36,-33
106000268,127,5,122
106000269,7,14,-7
106000270,47,75,-28
106000271,40,17,23
106000272,49,4,45
106000273,3,70,-67
106000274,97,6,91
106000275,111,65,46
106000276,6,7,-1
106000277,101,111,-10
106000278,48,1,47
106000279,11,4,7
106000280,126,5,121
106000281,30,18,12
106000282,65,11,54
106000283,31,8,23
106000284,83,31,52
106000285,18,43,-25
106000286,77,33,44
106000287,36,19,17
106000288,58,11,47
106000289,56,49,7
106000290,66,9,57
106000291,57,18,39
106000292,10,2,8
106000293,66,7,59
106000294,72,5,67
106000295,39,8,31
106000296,2,12,-10
106000297,30,57,-27
106000298,31,30,1
106000299,21,18,3
106000300,33,37,-4
106000301,14,38,-24
106000303,29,9,20
106000304,7,2,5
106000305,46,25,21
106000306,15,2,13
106000307,125,2,123
106000308,0,43,-43
106000309,12,28,-16
106000310,173,180,-7
106000311,259,47,212
106000312,109,35,74
106000313,127,70,57
106000318,11,127,-116
106000319,670,207,463
106000320,2,108,-106
106000321,32,213,-181
106000322,131,59,72
106000324,61,114,-53
106000325,1672,322,1350
106000326,400,492,-92
106000327,289,27,262
106000328,14,9,5
106000329,37,101,-64
106000330,6,66,-60
106000428,59,137,-78
106000429,100,257,-157
106000430,245,607,-362
106000431,1948,168,1780
106000432,466,798,-332
106000433,1826,727,1099
106000434,2905,669,2236
106000435,734,855,-121
106000436,2,80,-78
106000437,537,58,479
106000438,214,276,-62
106000439,7,280,-273
106000440,199,193,6
106000441,0,0,0
106000442,238,9,229
106000443,176,114,62
106000450,0,62,-62
106000451,36,81,-45
106000454,2,67,-65
106000455,0,83,-83
106000456,82,11,71
106000457,5,158,-153
106000458,809,467,342
106000459,157,142,15
106000460,1754,40,1714
106000461,182,193,-11
106000462,0,27,-27
106000463,12,138,-126
106000464,1,99,-98
106000465,787,3,784
106000466,0,78,-78
106000467,57,265,-208
106000468,159,66,93
106000469,605,8,597
106000470,54,792,-738
106000471,0,176,-176
106000472,189,3,186
106000473,26,11,15
106000474,253,349,-96
106000475,413,196,217
106000476,164,187,-23
106000477,21,32,-11
106000480,0,289,-289
106900001,0,1,-1
106900002,0,72,-72
106900003,46,368,-322
106900004,3,7,-4
106900006,0,9,-9
106900007,0,2,-2
106900008,397,11,386
106900009,308,72,236
106900010,223,116,107
106900012,417,1924,-1507
106900013,427,168,259
106900014,86,11,75
106900015,8,0,8
106900016,343,7,336
106900017,7,0,7
106900018,18,2,16
106900019,188,1,187
106900020,600,1060,-460
106900021,159,51,108
106900022,1389,11,1378
106900023,11,50,-39
106900024,416,31,385
106900025,6,166,-160
106900026,0,101,-101
106900027,725,3,722
107000001,1979,2525,-546
107000002,823,649,174
107000003,5708,5132,576
107000004,1698,855,843
107000005,5928,3620,2308
107000006,1663,781,882
107000007,2940,3498,-558
107000008,1799,1066,733
107000009,5947,4065,1882
107000010,2642,1948,694
107000011,363,337,26
107000012,965,711,254
107000013,59,4,55
107000014,32,14,18
107000015,191,98,93
107000016,313,123,190
107000017,472,450,22
107000018,0,341,-341
107000020,532,438,94
107000021,386,187,199
107000022,589,620,-31
107000023,941,116,825
107000024,697,816,-119
107000025,202,109,93
107000026,312,203,109
107000027,1043,301,742
107000028,783,315,468
107000029,2664,1690,974
107000030,1230,771,459
107000031,3198,1180,2018
107000032,134,368,-234
107000033,913,1467,-554
107000034,1247,406,841
107000035,134,123,11
107000036,298,667,-369
107000037,77,611,-534
107000038,145,81,64
107000039,492,534,-42
107000040,110,62,48
107000041,595,155,440
107000042,200,959,-759
107000043,576,196,380
107000044,79,144,-65
107000045,23,99,-76
107000046,411,79,332
107000047,200,244,-44
107000048,319,73,246
107000049,188,245,-57
107000050,417,184,233
107000051,170,193,-23
107000052,553,1221,-668
107000053,231,301,-70
107000054,22,91,-69
107000055,190,105,85
107000056,304,308,-4
107000057,644,139,505
107000058,1770,1250,520
107000059,855,1318,-463
107000060,4654,3108,1546
107000061,2078,1100,978
107000062,5060,1483,3577
107000063,1336,1173,163
107000064,3643,2164,1479
107000065,1144,1316,-172
107000066,857,1542,-685
107000067,549,483,66
107000068,419,510,-91
107000069,596,439,157
107000070,764,5,759
107000071,2628,17,2611
107000072,4,600,-596
107000073,769,313,456
107000074,37,167,-130
107000075,1362,81,1281
107000076,94,361,-267
107000077,2007,263,1744
107000078,260,481,-221
107000079,2462,464,1998
107000080,183,494,-311
107000081,3431,393,3038
107000082,258,229,29
107000083,1144,493,651
107000084,120,162,-42
107000085,1426,1246,180
107000086,1220,844,376
107000087,1569,1072,497
107000088,935,971,-36
107000089,1004,956,48
107000090,517,294,223
107000091,1006,521,485
107000092,286,300,-14
107000093,904,480,424
107000094,345,345,0
107000095,1082,453,629
107000096,288,377,-89
107000097,1793,172,1621
107000098,179,332,-153
107000099,340,189,151
107000100,80,151,-71
107000101,90,145,-55
107000102,145,163,-18
107000103,327,124,203
107000104,127,168,-41
107000105,435,121,314
107000106,49,117,-68
107000107,661,126,535
107000108,91,192,-101
107000109,864,64,800
107000110,6,185,-179
107000111,391,16,375
107000112,5,184,-179
107000113,792,59,733
107000114,9,377,-368
107000115,689,290,399
107000116,42,264,-222
107000117,102,1229,-1127
107000118,47,63,-16
107000119,580,1497,-917
107000120,702,389,313
107000121,603,228,375
107000122,325,279,46
107000123,440,186,254
107000124,272,151,121
107000125,860,118,742
107000126,996,148,848
107000129,156,214,-58
107000130,798,182,616
107000131,235,477,-242
107000132,418,166,252
107000133,254,39,215
107000134,144,0,144
107000135,1,215,-214
107000136,338,0,338
107000137,4,152,-148
107000138,13,8,5
107000139,8,159,-151
107000140,788,40,748
107000141,79,320,-241
107000142,337,29,308
107000143,18,255,-237
107000144,210,379,-169
107000145,42,124,-82
107000146,165,216,-51
107000147,2095,412,1683
107000150,51,2750,-2699
107000151,3,10,-7
107000152,254,2297,-2043
107000153,21,79,-58
107000154,1,88,-87
107000155,786,0,786
107000156,944,1,943
107000157,8,249,-241
107000158,870,3,867
107000159,6,191,-185
107000160,1279,65,1214
107000161,3,277,-274
107000162,126,356,-230
107000163,90,1,89
107000164,875,1,874
107000165,1328,9,1319
107000166,6,90,-84
107000167,551,91,460
107000168,760,193,567
107000169,110,148,-38
107000170,2929,276,2653
107000171,113,228,-115
107000172,1087,1327,-240
107000173,162,144,18
107000174,790,4208,-3418
107000175,1371,274,1097
107000176,0,0,0
107000177,1,0,1
107000178,37,3,34
107000179,253,540,-287
107000180,1669,109,1560
107000181,238,272,-34
107000182,1866,221,1645
107000183,120,265,-145
107000184,1207,243,964
107000185,200,293,-93
107000186,514,112,402
107000187,702,507,195
107000188,420,196,224
107000189,533,228,305
107000190,567,252,315
107000191,819,306,513
107000192,1105,187,918
107000193,168,150,18
107000194,284,124,160
107000197,697,62,635
107000198,209,365,-156
107000199,188,239,-51
107000200,501,335,166
107000201,111,105,6
107000202,108,228,-120
107000203,207,426,-219
107000204,110,1136,-1026
107000205,256,96,160
107000206,104,474,-370
107000207,120,235,-115
107000208,120,186,-66
107000209,315,292,23
107000210,62,125,-63
107000211,7,9,-2
107000212,75,29,46
107000213,1,9,-8
107000214,2,53,-51
107000215,341,54,287
107000216,233,85,148
107000217,70,18,52
107000219,34,107,-73
107000220,40,65,-25
107000222,72,81,-9
107000224,274,75,199
107000225,70,108,-38
107000226,414,39,375
107000227,18,57,-39
107000228,41,152,-111
107000229,36,66,-30
107000230,334,178,156
107000231,225,506,-281
107000232,56,4,52
107000233,54,362,-308
107000234,1,29,-28
107000235,43,1,42
107000236,0,83,-83
107000237,72,0,72
107000238,24,1,23
107000239,910,340,570
107000240,20,75,-55
107000243,0,76,-76
107000244,6,11,-5
107000246,3,239,-236
107000249,4,484,-480
107000251,0,22,-22
107000252,0,139,-139
107000255,59,91,-32
107000257,1,366,-365
107000258,1,109,-108
107000259,0,66,-66
107000260,1420,5,1415
107000262,6,126,-120
107000263,416,2,414
107000266,11,1,10
107000267,6,31,-25
107000268,107,13,94
107000269,19,3,16
107000270,173,40,133
107000271,8,0,8
107000272,130,0,130
107000273,1,75,-74
107000274,193,62,131
107000275,5,318,-313
107000280,1102,10,1092
107000281,5,150,-145
107000282,3,228,-225
107000290,23,19,4
107000291,20,9,11
107000292,0,43,-43
107000293,7,4,3
107000294,0,39,-39
107000295,12,4,8
107000296,0,11,-11
107000444,157,0,157
107000496,1,13,-12
107000497,471,494,-23
107000500,344,92,252
107000501,49,75,-26
107000502,154,138,16
107000505,136,305,-169
107000506,0,5,-5
107000508,1,33,-32
107000509,65,327,-262
107000510,10,12,-2
107000514,70,412,-342
107000515,8,39,-31
107000516,533,167,366
107000518,990,1519,-529
107000519,392,159,233
107000520,145,16,129
107000521,933,114,819
107000522,1185,275,910
107900001,39,22,17
107900002,13,13,0
107900003,217,11,206
107900004,19,0,19
107900005,2090,34,2056
107900006,51,9,42
107900007,281,10,271
107900008,36,7,29
107900009,75,3,72
107900010,61,0,61
107900012,306,38,268
107900013,102,7,95
107900014,99,0,99
107900015,1337,16,1321
107900016,102,16,86
107900017,45,0,45
107900018,62,444,-382
107900019,2,3,-1
107900020,16,27,-11
107900021,130,6,124
107900023,0,0,0
107900024,0,1,-1
107900025,89,46,43
107900026,48,11,37
107900027,2,211,-209
107900028,214,10,204
107900030,227,10,217
107900031,118,29,89
107900032,18,0,18
107900033,28,6,22
107900034,114,3,111
107900035,1275,50,1225
107900036,20,18,2
107900037,0,10,-10
107900038,17,145,-128
107900039,26,1,25
107900040,15,140,-125
107900041,1,1,0
107900043,89,29,60
107900044,1,12,-11
107900045,51,33,18
107900046,405,100,305
107900047,61,8,53
107900048,287,9,278
107900049,92,505,-413
107900050,4,71,-67
107900051,11,4,7
107900052,2,72,-70
107900053,79,54,25
107900055,118,55,63
107900056,19,82,-63
107900057,2,0,2
107900058,14,86,-72
107900060,2,28,-26
107900061,0,33,-33
107900063,65,47,18
107900064,72,345,-273
107900065,436,4,432
107900066,10,3,7
107900067,1,0,1
107900068,25,411,-386
107900069,3,2355,-2352
107900070,128,136,-8
107900071,8,112,-104
107900072,87,28,59
107900073,48,18,30
107900074,91,191,-100
107900076,122,13,109
107900077,102,0,102
107900079,11,7,4
107900080,10,214,-204
107900081,12,28,-16
107900082,4,5,-1
107900083,344,116,228
107900084,101,110,-9
107900086,19,158,-139
107900087,106,11,95
107900088,34,6,28
107900089,36,142,-106
107900090,107,1067,-960
107900091,86,44,42
107900093,27,8,19
107900095,389,672,-283
107900097,22,18,4
107900098,92,142,-50
107900100,137,701,-564
107900101,143,35,108
107900102,50,0,50
107900103,14,35,-21
107900104,292,2,290
107900105,0,23,-23
107900106,1,83,-82
107900107,252,122,130
107900108,37,6,31
107900109,1562,13,1549
107900110,59,18,41
107900111,4,134,-130
107900112,14,264,-250
107900113,168,10,158
107900114,308,43,265
107900115,1,2,-1
107900116,224,45,179
107900117,111,91,20
107900118,3,62,-59
107900119,64,80,-16
107900120,12,1,11
107900121,0,28,-28
107900122,0,10,-10
107900123,5,34,-29
107900124,5,19,-14
107900125,5,24,-19
107900126,21,10,11
107900127,332,73,259
107900128,54,17,37
107900129,111,6,105
107900130,139,6,133
107900131,2,46,-44
107900132,3,78,-75
107900133,0,11,-11
107900134,1,3,-2
107900135,3,25,-22
107900136,6,17,-11
107900137,6,14,-8
107900138,103,8,95
107900139,87,7,80
107900141,14,2,12
107900142,9,96,-87
107900143,10,0,10
107900144,1,25,-24
107900145,0,13,-13
107900146,8,27,-19
107900147,4,4,0
107900148,117,28,89
107900149,195,15,180
107900150,2,88,-86
107900151,50,30,20
107900152,4,15,-11
107900153,16,92,-76
107900154,29,7,22
107900155,45,6,39
107900156,0,34,-34
107900157,10,12,-2
107900158,945,65,880
107900159,21,110,-89
107900160,83,86,-3
107900161,25,35,-10
107900162,1,15,-14
107900163,2,15,-13
107900164,5,4,1
107900165,5,92,-87
107900166,24,28,-4
107900167,3,67,-64
107900168,27,1,26
107900169,0,162,-162
107900171,0,116,-116
107900172,1,32,-31
107900173,121,22,99
107900174,87,3,84
107900175,1,27,-26
107900176,51,2,49
107900177,1,67,-66
107900178,0,49,-49
107900179,4,16,-12
107900180,86,804,-718
107900181,76,77,-1
107900182,0,152,-152
107900183,26,58,-32
107900184,90,10,80
107900185,40,3,37
107900186,7,11,-4
107900187,0,28,-28
107900188,123,27,96
107900189,3,10,-7
107900190,21,41,-20
107900191,32,17,15
107900193,1,42,-41
107900194,64,5,59
107900195,210,65,145
107900196,40,3,37
107900197,65,93,-28
107900199,0,177,-177
107900201,39,23,16
107900203,11,6,5
107900204,84,65,19
107900206,29,407,-378
107900207,0,42,-42
107900208,1,70,-69
107900209,58,14,44
107900210,28,19,9
107900213,84,61,23
107900214,0,41,-41
107900215,69,173,-104
107900216,1,11,-10
107900217,46,8,38
107900218,2,218,-216
107900219,3,6,-3
107900220,14,38,-24
107900221,24,50,-26
107900223,48,36,12
107900224,16,174,-158
107900225,1,76,-75
107900226,4,86,-82
107900227,26,50,-24
107900228,5,20,-15
107900229,0,41,-41
107900230,48,24,24
107900231,32,35,-3
107900232,183,16,167
107900233,1,45,-44
107900234,193,10,183
107900235,3,45,-42
107900236,317,38,279
107900237,15,176,-161
107900238,5,8,-3
107900239,79,271,-192
107900240,10,7,3
107900241,0,65,-65
107900242,3,25,-22
107900243,1,0,1
107900244,337,18,319
107900245,729,11,718
107900246,128,26,102
107900248,413,31,382
107900249,740,47,693
107900250,0,81,-81
107900251,2,122,-120
107900252,510,60,450
107900253,200,2,198
107900254,13,58,-45
107900255,15,17,-2
107900256,90,352,-262
107900257,97,61,36
107900258,69,26,43
107900259,11,2078,-2067
107900261,0,65,-65
107900262,23,8,15
107900264,333,9,324
107900265,55,52,3
107900267,375,0,375
107900268,3,0,3
107900269,0,0,0
107900270,0,5,-5
107900271,2,30,-28
107900272,16,30,-14
107900273,29,37,-8
107900274,80,1,79
107900275,3,4,-1
107900276,0,31,-31
107900277,0,15,-15
107900278,307,35,272
107900279,13,20,-7
107900280,756,195,561
107900281,338,4541,-4203
107900282,36,668,-632
107900283,286,397,-111
107900284,679,322,357
107900285,119,32,87
107900286,7,3,4
107900287,393,43,350
107900290,2,374,-372
107900291,394,4,390
107900292,35,28,7
107900293,32,94,-62
107900295,14,11,3
107900297,1,127,-126
107900298,209,247,-38
107900299,1145,2169,-1024
107900301,206,311,-105
107900302,26,4,22
107900303,347,148,199
107900304,245,39,206
107900305,208,0,208
107900306,0,7,-7
107900307,9,75,-66
107900308,151,31,120
107900309,9,2,7
107900310,3,0,3
107900311,207,258,-51
107900312,44,0,44
107900313,0,56,-56
107900314,0,59,-59
107900315,1,28,-27
107900316,23,0,23
107900317,53,0,53
107900318,3,90,-87
107900319,1,17,-16
107900320,0,31,-31
107900321,61,0,61
107900322,0,23,-23
107900323,0,48,-48
107900324,29,0,29
107900325,219,1,218
107900326,445,18,427
107900327,1,70,-69
107900328,0,0,0
107900329,7,43,-36
107900330,12,48,-36
107900331,448,3,445
107900332,401,4,397
107900333,79,2,77
107900334,10,41,-31
107900335,28,5,23
107900336,47,15,32
107900337,245,723,-478
107900338,8,108,-100
107900339,1,13,-12
107900340,0,111,-111
107900341,27,0,27
107900342,149,47,102
107900343,40,0,40
107900344,2,47,-45
107900345,23,5,18
107900346,0,0,0
107900347,2,2,0
107900348,0,0,0
107900349,29,0,29
107900350,4,62,-58
107900351,9,11,-2
107900352,0,10,-10
107900353,19,1,18
107900354,1,241,-240
108000001,3149,1817,1332
108000002,559,837,-278
108000003,1846,909,937
108000004,3981,4142,-161
108000005,5649,2421,3228
108000006,1331,1376,-45
108000007,3798,1784,2014
108000008,1210,1264,-54
108000009,3823,1977,1846
108000010,1094,1401,-307
108000011,9069,5285,3784
108000012,3760,3744,16
108000014,313,1079,-766
108000015,555,139,416
108000016,77,371,-294
108000017,917,174,743
108000018,1152,286,866
108000019,349,228,121
108000020,609,184,425
108000021,117,332,-215
108000022,189,306,-117
108000023,979,103,876
108000024,280,145,135
108000025,301,46,255
108000026,831,102,729
108000027,733,106,627
108000028,889,102,787
108000029,415,172,243
108000030,268,99,169
108000031,63,135,-72
108000032,2021,275,1746
108000033,261,245,16
108000034,1590,210,1380
108000035,257,369,-112
108000036,127,295,-168
108000037,1708,101,1607
108000038,2673,99,2574
108000039,133,451,-318
108000040,1677,339,1338
108000041,162,506,-344
108000042,493,62,431
108000043,36,57,-21
108000044,793,27,766
108000045,43,148,-105
108000046,1288,89,1199
108000047,154,230,-76
108000048,55,58,-3
108000049,755,103,652
108000050,29,121,-92
108000051,274,127,147
108000052,33,112,-79
108000053,275,115,160
108000054,135,353,-218
108000055,511,203,308
108000056,179,426,-247
108000057,512,733,-221
108000058,1018,2389,-1371
108000059,738,467,271
108000060,204,384,-180
108000061,160,187,-27
108000062,771,220,551
108000063,312,174,138
108000064,266,157,109
108000065,333,182,151
108000066,767,276,491
108000067,1464,376,1088
108000068,776,168,608
108000069,79,227,-148
108000070,1999,249,1750
108000071,182,350,-168
108000072,1092,278,814
108000073,339,396,-57
108000074,714,184,530
108000075,124,174,-50
108000076,719,137,582
108000077,214,216,-2
108000078,2428,421,2007
108000079,132,297,-165
108000080,1668,180,1488
108000081,169,373,-204
108000082,248,338,-90
108000083,1321,388,933
108000084,146,238,-92
108000085,922,229,693
108000086,133,132,1
108000087,95,1369,-1274
108000088,881,193,688
108000089,80,144,-64
108000091,31,211,-180
108000092,477,10,467
108000093,189,184,5
108000094,977,24,953
108000095,76,124,-48
108000096,546,105,441
108000097,50,126,-76
108000098,1856,495,1361
108000099,896,97,799
108000100,239,332,-93
108000101,1162,563,599
108000102,1014,2249,-1235
108000106,410,1,409
108000107,1,321,-320
108000108,465,55,410
108000109,2,199,-197
108000110,395,76,319
108000111,151,210,-59
108000112,17,122,-105
108000113,165,135,30
108000115,108,129,-21
108000117,230,201,29
108000118,75,1006,-931
108000119,251,101,150
108000120,101,626,-525
108000121,239,158,81
108000122,686,186,500
108000123,436,79,357
108000124,189,75,114
108000125,422,100,322
108000126,137,79,58
108000127,468,104,364
108000128,659,54,605
108000129,147,127,20
108000130,426,79,347
108000131,699,82,617
108000132,161,200,-39
108000133,1129,66,1063
108000134,142,51,91
108000135,1362,294,1068
108000136,88,111,-23
108000137,551,91,460
108000138,273,230,43
108000139,544,127,417
108000140,512,9,503
108000141,10,10,0
108000142,8,18,-10
108000143,10,82,-72
108000144,765,24,741
108000145,45,4,41
108000146,774,21,753
108000147,0,2,-2
108000148,607,30,577
108000149,21,3,18
108000150,47,4,43
108000151,12,37,-25
108000152,39,27,12
108000153,815,50,765
108000154,21,2,19
108000155,76,41,35
108000156,376,98,278
108000157,47,1274,-1227
108000158,18,430,-412
108000159,75,94,-19
108000160,884,844,40
108000161,647,2438,-1791
108000165,3,165,-162
108000172,10,138,-128
108000173,290,1019,-729
108000175,860,58,802
108000178,194,113,81
108000179,30,541,-511
108000181,85,5,80
108000182,63,19,44
108000183,4,91,-87
108000184,173,1988,-1815
108000185,161,77,84
108000186,625,31,594
108000187,47,122,-75
108000188,924,35,889
108000189,444,9323,-8879
108000190,4,17,-13
108000192,128,80,48
108000193,122,0,122
108000194,10,1,9
108000195,1,203,-202
108000196,73,84,-11
108000198,464,50,414
108000199,0,35,-35
108000200,806,57,749
108000203,82,110,-28
108000204,210,54,156
108000205,47,97,-50
108000339,341,214,127
108000364,67,198,-131
108000365,25,66,-41
108000367,43,78,-35
108000368,7,15,-8
108000369,197,104,93
108000371,4,396,-392
108000372,530,6,524
108000373,255,61,194
108000376,150,11,139
108000377,538,108,430
108000378,6355,8201,-1846
108000379,1,51,-50
108000381,181,18,163
108000382,48,0,48
108000383,0,144,-144
108900001,11,96,-85
108900002,124,19,105
108900003,30,227,-197
108900004,297,369,-72
108900007,215,83,132
108900008,170,22,148
108900009,94,70,24
108900010,439,34,405
108900011,907,65,842
108900012,504,101,403
108900013,153,52,101
108900014,39,26,13
108900015,0,150,-150
108900016,2,118,-116
108900017,30,163,-133
108900018,105,120,-15
108900019,0,53,-53
108900020,17,32,-15
108900021,31,55,-24
108900022,95,3,92
108900023,3,42,-39
108900024,46,49,-3
108900025,203,16,187
108900026,31,16,15
108900027,0,20,-20
108900028,88,69,19
108900029,20,39,-19
108900030,0,11,-11
108900031,55,38,17
108900032,0,14,-14
108900033,0,39,-39
108900034,1,17,-16
108900035,99,296,-197
108900038,0,77,-77
108900039,1,61,-60
108900040,3,21,-18
108900041,1480,1519,-39
108900042,1,209,-208
108900043,15,209,-194
108900044,0,74,-74
108900045,88,83,5
108900046,3,112,-109
108900047,0,111,-111
108900048,22,155,-133
108900049,301,1108,-807
108900050,0,96,-96
108900051,0,33,-33
108900052,7,31,-24
108900053,13,205,-192
108900054,29,49,-20
108900055,7,98,-91
108900056,0,28,-28
108900057,0,47,-47
108900058,20,60,-40
108900059,539,53,486
108900060,42,36,6
108900061,11,4,7
108900062,1,67,-66
108900063,41,72,-31
108900064,272,1,271
108900065,14,71,-57
108900066,256,24,232
108900067,0,59,-59
108900068,19,60,-41
108900069,49,15,34
108900070,1,20,-19
108900071,124,22,102
108900072,716,97,619
108900073,3,38,-35
108900074,310,32,278
108900075,2,18,-16
108900076,564,4,560
108900077,67,130,-63
108900078,78,18,60
108900079,139,60,79
108900080,8,662,-654
108900081,19,97,-78
108900082,26,61,-35
108900083,3,130,-127
108900085,343,38,305
108900086,118,80,38
108900087,51,26,25
108900088,244,79,165
108900089,3,37,-34
108900090,64,39,25
108900091,55,29,26
108900092,177,97,80
108900093,20,15,5
108900094,148,25,123
108900095,29,45,-16
108900096,75,1,74
108900097,71,77,-6
108900098,530,575,-45
108900099,186,49,137
108900100,62,25,37
108900101,108,80,28
108900102,5,870,-865
108900103,259,129,130
108900105,5,1733,-1728
108900106,286,36,250
108900108,220,17,203
108900109,720,7,713
108900110,9,50,-41
108900111,132,129,3
108900113,60,33,27
108900114,124,2,122
108900115,168,52,116
108900116,29,0,29
108900117,178,5,173
108900118,552,22,530
108900119,392,12,380
108900120,358,147,211
108900121,143,24,119
108900122,187,9,178
108900123,397,55,342
108900124,550,45,505
108900125,634,5,629
108900126,94,54,40
108900127,210,36,174
108900128,219,6,213
108900129,784,73,711
108900130,329,0,329
108900131,555,1,554
108900132,423,12,411
108900133,250,73,177
108900134,679,31,648
108900135,309,2,307
108900136,16,0,16
108900137,209,0,209
108900138,391,4,387
108900140,542,29,513
108900141,414,17,397
108900142,52,2,50
108900143,100,0,100
108900144,76,1,75
108900145,158,8,150
108900146,64,0,64
108900147,319,1,318
108900148,44,2,42
108900150,137,16,121
108900151,45,2,43
108900152,61,4,57
108900153,73,59,14
108900154,3650,178,3472
108900156,105,1,104
108900157,4,91,-87
108900158,401,3,398
108900159,9,82,-73
108900160,1,117,-116
108900161,12,101,-89
108900162,171,22,149
108900163,5,381,-376
108900164,21,3,18
108900168,1723,1196,527
108900169,16,34,-18
108900171,847,2416,-1569
108900172,114,12,102
108900173,44,74,-30
108900174,997,61,936
108900176,73,93,-20
108900177,1459,5311,-3852
108900178,889,3040,-2151
108900180,51,120,-69
108900183,61,53,8
108900184,295,56,239
108900185,22,86,-64
108900186,18,130,-112
108900189,135,10,125
108900190,7,302,-295
108900192,25,64,-39
108900195,63,25,38
108900196,0,61,-61
108900199,117,73,44
108900200,610,241,369
108900201,157,274,-117
108900203,275,54,221
108900204,293,2,291
108900205,159,21,138
108900206,306,47,259
108900207,129,133,-4
108900208,8,89,-81
108900209,118,123,-5
108900210,147,24,123
108900211,79,263,-184
108900212,34,709,-675
108900215,32,99,-67
108900216,117,182,-65
108900217,41,0,41
108900218,19,6,13
108900221,23,44,-21
108900224,70,58,12
108900225,1,121,-120
108900227,75,112,-37
108900230,36,53,-17
108900232,3,67,-64
108900233,337,62,275
108900234,97,64,33
108900235,83,157,-74
108900236,11,132,-121
108900240,80,16,64
108900241,62,40,22
108900245,2,911,-909
108900250,157,21,136
108900258,0,34,-34
108900259,1,14,-13
108900260,7,1,6
108900261,7,5,2
108900262,55,6,49
108900263,23,20,3
108900264,23,11,12
108900265,93,211,-118
108900266,67,578,-511
108900267,10,153,-143
108900268,9,5,4
108900269,32,8,24
108900270,78,2,76
108900271,24,1,23
108900272,181,0,181
108900273,93,201,-108
108900274,46,11,35
109000001,2331,2531,-200
109000002,388,1300,-912
109000003,2308,263,2045
109000004,349,852,-503
109000005,1725,340,1385
109000006,332,468,-136
109000007,1777,257,1520
109000008,326,465,-139
109000009,2889,425,2464
109000010,277,849,-572
109000011,3856,1075,2781
109000012,778,853,-75
109000013,4033,3093,940
109000014,764,520,244
109000015,2522,8160,-5638
109000016,1163,660,503
109000017,2878,512,2366
109000018,520,714,-194
109000019,2123,639,1484
109000020,519,522,-3
109000023,109,3,106
109000024,21,138,-117
109000025,165,372,-207
109000026,192,115,77
109000027,72,303,-231
109000028,61,28,33
109000029,73,223,-150
109000030,1,79,-78
109000031,375,36,339
109000032,14,65,-51
109000033,439,93,346
109000034,14,6,8
109000035,1,10,-9
109000036,35,293,-258
109000037,313,2490,-2177
109000038,163,164,-1
109000039,658,560,98
109000040,1186,12276,-11090
109000041,577,1862,-1285
109000042,407,1248,-841
109000044,274,10,264
109000045,72,42,30
109000046,428,6,422
109000047,27,34,-7
109000048,241,94,147
109000049,29,17,12
109000050,278,94,184
109000051,24,8,16
109000052,275,232,43
109000053,264,36,228
109000054,25,144,-119
109000055,125,66,59
109000056,88,113,-25
109000057,640,219,421
109000058,142,65,77
109000059,44,580,-536
109000060,51,424,-373
109000061,196,1066,-870
109000062,61,225,-164
109000063,96,18,78
109000064,548,32,516
109000065,156,38,118
109000066,368,59,309
109000067,30,45,-15
109000068,279,3,276
109000069,336,7,329
109000070,0,422,-422
109000071,137,14,123
109000072,55,128,-73
109000073,51,60,-9
109000074,5,107,-102
109000075,33,28,5
109000076,101,111,-10
109000077,173,114,59
109000078,96,99,-3
109000079,46,101,-55
109000080,191,63,128
109000081,109,145,-36
109000082,786,76,710
109000083,226,183,43
109000088,140,81,59
109000089,331,66,265
109000090,59,89,-30
109000091,472,32,440
109000092,98,96,2
109000093,397,18,379
109000094,888,0,888
109000095,113,152,-39
109000096,869,56,813
109000097,28,51,-23
109000098,21,77,-56
109000099,581,64,517
109000100,266,277,-11
109000101,1317,175,1142
109000102,253,204,49
109000103,476,129,347
109000104,1911,142,1769
109000105,254,204,50
109000106,1367,114,1253
109000107,329,249,80
109000108,2042,216,1826
109000109,293,200,93
109000110,932,298,634
109000111,390,342,48
109000112,63,72,-9
109000113,132,60,72
109000114,78,82,-4
109000115,359,34,325
109000116,5,162,-157
109000117,208,22,186
109000118,9,92,-83
109000119,1790,43,1747
109000120,256,146,110
109000121,732,3,729
109000122,150,166,-16
109000123,31,41,-10
109000124,631,125,506
109000125,792,128,664
109000126,315,96,219
109000127,1121,72,1049
109000128,385,253,132
109000129,3078,123,2955
109000130,195,262,-67
109000131,520,474,46
109000132,139,501,-362
109000133,49,237,-188
109000134,172,333,-161
109000135,235,290,-55
109000136,124,123,1
109000137,180,168,12
109000138,275,126,149
109000139,433,127,306
109000140,109,69,40
109000141,246,133,113
109000142,74,91,-17
109000143,23,13,10
109000145,31,81,-50
109000146,21,23,-2
109000148,541,563,-22
109000149,10,32,-22
109000150,29,44,-15
109000155,526,551,-25
109000156,458,81,377
109000158,24,110,-86
109000159,37,138,-101
109000160,1113,52,1061
109000161,490,275,215
109000162,1368,147,1221
109000163,993,342,651
109000164,935,699,236
109000165,1089,225,864
109000166,767,67,700
109000167,68,118,-50
109000170,20,23,-3
109000171,46,6,40
109000172,16,7,9
109000173,1,95,-94
109000174,178,11,167
109000175,19,30,-11
109000176,208,63,145
109000177,18,43,-25
109000178,721,77,644
109000179,1293,4339,-3046
109000180,1311,1570,-259
109000181,43,2,41
109000182,12,1,11
109000183,58,5,53
109000184,44,18,26
109000185,11,5,6
109000188,230,492,-262
109000189,2412,261,2151
109000190,488,241,247
109000191,191,224,-33
109000192,601,24,577
109000193,329,16,313
109000194,201,21,180
109000195,147,28,119
109000196,126,15,111
109000197,113,68,45
109000198,240,44,196
109000199,54,35,19
109000206,135,9,126
109000207,132,9,123
109000208,104,93,11
109000209,110,18,92
109000210,83,104,-21
109000211,1298,164,1134
109000214,137,143,-6
109000215,64,26,38
109000216,320,289,31
109000217,45,97,-52
109000218,98,98,0
109000221,75,179,-104
109000222,356,24,332
109000223,385,233,152
109000224,83,40,43
109000225,195,13,182
109000226,31,40,-9
109000227,1477,178,1299
109000228,0,220,-220
109000231,0,38,-38
109000232,617,35,582
109000236,113,229,-116
109000241,913,294,619
109000242,881,176,705
109000293,36,27,9
109000361,170,87,83
109000364,33,106,-73
109000396,2,143,-141
109000397,609,2,607
109000399,55,96,-41
109000400,146,95,51
109000403,5,631,-626
109000406,600,8,592
109000407,53,20,33
109000408,0,0,0
109000410,411,71,340
109000411,158,4,154
109900001,52,0,52
109900002,524,5,519
109900003,558,0,558
109900004,89,46,43
109900005,3,0,3
109900006,350,21,329
109900007,1014,85,929
109900008,0,2,-2
109900009,53,144,-91
109900010,548,4,544
109900011,64,14,50
109900012,286,97,189
109900013,315,60,255
109900014,192,21,171
109900015,87,9,78
109900016,56,9,47
109900017,222,71,151
109900018,106,5,101
109900019,43,23,20
109900020,38,12,26
109900021,25,3,22
109900022,118,51,67
109900023,33,7,26
109900024,5,1,4
109900025,1,19,-18
109900026,0,88,-88
109900027,30,14,16
109900028,206,1680,-1474
109900029,0,32,-32
109900030,13,18,-5
109900031,0,199,-199
109900032,24,47,-23
109900033,1,131,-130
109900034,8,10,-2
109900035,17,27,-10
109900036,0,9,-9
109900037,2,74,-72
109900038,55,35,20
109900039,2,3,-1
109900040,11,102,-91
109900041,12,85,-73
109900042,18,85,-67
109900044,23,48,-25
109900045,104,54,50
109900046,226,11,215
109900047,50,57,-7
109900048,1,27,-26
109900049,7,10,-3
109900050,0,40,-40
109900051,1,5,-4
109900052,16,35,-19
109900053,0,67,-67
109900054,1255,32,1223
109900055,135,78,57
109900056,4,64,-60
109900057,0,38,-38
109900058,0,15,-15
109900059,1374,34,1340
109900060,768,11,757
109900061,37,31,6
109900062,2,39,-37
109900063,18,242,-224
109900064,422,35,387
109900065,47,61,-14
109900066,34,184,-150
109900067,0,58,-58
109900068,74,9,65
109900069,1,3,-2
109900070,8,36,-28
109900071,0,3,-3
109900072,2,25,-23
109900073,455,60,395
109900074,3,7,-4
109900075,1,9,-8
109900076,11,45,-34
109900077,12,21,-9
109900078,37,37,0
109900080,70,43,27
109900081,1,70,-69
109900082,25,46,-21
109900083,7,17,-10
109900084,4,35,-31
109900085,37,80,-43
109900086,26,680,-654
109900087,47,96,-49
109900089,422,38,384
109900090,222,189,33
109900091,612,13,599
109900092,124,13,111
109900093,1018,57,961
109900094,13,21,-8
109900095,33,64,-31
109900096,34,2,32
109900097,136,0,136
109900098,689,7,682
109900099,315,1,314
109900100,38,0,38
109900101,1082,3,1079
109900102,198,1,197
109900103,13,54,-41
109900104,1101,170,931
109900105,612,20,592
109900106,304,17,287
109900107,408,15,393
109900108,45,81,-36
109900109,7,29,-22
109900110,27,110,-83
109900111,24,87,-63
109900112,75,85,-10
109900113,681,176,505
109900114,74,537,-463
109900115,86,27,59
109900117,1305,35,1270
109900118,95,53,42
109900119,51,71,-20
109900120,31,15,16
109900121,63,51,12
109900122,801,7,794
109900123,1,35,-34
109900124,3,28,-25
109900125,0,54,-54
109900126,532,13,519
109900128,292,18,274
109900130,1221,2163,-942
109900131,8,35,-27
109900132,1,38,-37
109900133,62,89,-27
109900134,28,9,19
109900135,40,26,14
109900136,0,16,-16
109900137,125,81,44
109900140,53,20,33
109900142,1588,67,1521
109900145,2,332,-330
109900146,45,32,13
109900148,9,12,-3
109900149,32,18,14
109900150,4,6,-2
109900151,10,7,3
109900152,2,11,-9
109900153,1,12,-11
109900154,6,0,6
109900155,9,19,-10
109900157,34,23,11
109900158,28,15,13
109900159,38,7,31
109900160,53,9,44
109900161,306,15,291
109900162,183,16,167
109900163,195,20,175
109900164,56,93,-37
109900165,45,0,45
109900166,0,26,-26
109900167,90,140,-50
109900168,68,171,-103
109900169,254,64,190
109900170,65,810,-745
109900171,229,59,170
109900172,113,142,-29
109900173,480,1477,-997
109900174,7,14,-7
109900175,28,30,-2
109900176,19,13,6
109900177,1,3,-2
109900178,4,50,-46
109900179,17,26,-9
109900180,6,1,5
110000001,195,147,48
110000002,420,288,132
110000003,221,299,-78
110000004,346,338,8
110000005,198,1643,-1445
110000006,153,262,-109
110000007,73,34,39
110000008,27,175,-148
110000009,4,9,-5
110000010,14,58,-44
110000011,13,23,-10
110000012,261,138,123
110000013,13,420,-407
110000014,430,232,198
110000015,97,282,-185
110000016,139,950,-811
110000017,1239,179,1060
110000018,952,222,730
110000019,10,22,-12
110000020,146,128,18
110000021,133,121,12
110000022,640,49,591
110000023,1,17,-16
110000024,241,166,75
110000025,807,4,803
110000026,4,57,-53
110000027,201,314,-113
110000028,534,131,403
110000029,245,270,-25
110000030,198,206,-8
110000031,157,130,27
110000032,629,80,549
110000033,43,94,-51
110000034,733,218,515
110000035,302,367,-65
110000036,1141,222,919
110000037,71,236,-165
110000038,139,541,-402
110000039,493,4033,-3540
110000040,201,148,53
110000041,247,2343,-2096
110000042,41,101,-60
110000043,593,232,361
110000044,39,66,-27
110000045,75,65,10
110000046,2,54,-52
110000047,9,42,-33
110000048,2,115,-113
110000049,10,7,3
110000050,7,135,-128
110000051,5,16,-11
110000052,22,33,-11
110000053,19,6,13
110000054,49,180,-131
110000055,222,57,165
110000056,71,41,30
110000057,151,407,-256
110000058,358,197,161
110000059,266,261,5
110000060,758,242,516
110000061,262,305,-43
110000062,514,251,263
110000063,43,155,-112
110000064,45,12,33
110000065,191,94,97
110000066,55,12,43
110000067,21,30,-9
110000068,200,47,153
110000069,622,4,618
110000071,446,6,440
110000073,13,1,12
110000075,44,14,30
110000076,399,283,116
110000077,105,794,-689
110000078,71,18,53
110000080,62,117,-55
110000081,22,25,-3
110000082,11,109,-98
110000083,97,159,-62
110000084,957,544,413
110000085,570,420,150
110000086,396,1207,-811
110000087,13,7,6
110000088,184,52,132
110000089,230,29,201
110000090,78,80,-2
110000091,211,81,130
110000092,1,30,-29
110000093,14,8,6
110000094,115,47,68
110000095,80,493,-413
110000096,511,1682,-1171
110000097,378,1139,-761
110000098,940,152,788
110000099,597,880,-283
110000100,1586,77,1509
110000101,119,67,52
110000102,79,62,17
110000104,245,121,124
110000105,75,167,-92
110000106,128,373,-245
110000107,99,150,-51
110000108,88,94,-6
110000109,47,98,-51
110000110,769,1675,-906
110000111,1271,1923,-652
110000112,104,464,-360
110000113,42,1846,-1804
110000114,249,407,-158
110000115,469,89,380
110000116,52,29,23
110000117,436,76,360
110000118,709,51,658
110000119,549,57,492
110000120,212,29,183
110000121,67,307,-240
110000122,157,221,-64
110000123,364,203,161
110000124,0,332,-332
110000125,276,0,276
110000126,134,6,128
110000127,609,7,602
110000128,2,270,-268
110000129,2,147,-145
110000130,264,71,193
110000131,59,81,-22
110000132,1,125,-124
110000133,25,143,-118
110000134,24,145,-121
110000135,175,5,170
110000136,36,73,-37
110000137,607,92,515
110000138,589,145,444
110000139,872,117,755
110000140,389,370,19
110000143,162,136,26
110000144,746,691,55
110000145,532,405,127
110000146,433,188,245
110000147,137,460,-323
110000148,548,58,490
110000151,249,466,-217
110000152,243,222,21
110000153,243,13,230
110000154,9,30,-21
110000155,180,719,-539
110000156,325,488,-163
110000157,316,1186,-870
110000160,93,92,1
110000161,72,130,-58
110000166,728,23,705
110000167,1349,433,916
110000168,385,442,-57
110000169,461,230,231
110000170,98,42,56
110000171,299,63,236
110000172,156,151,5
110000173,200,139,61
110000174,36,126,-90
110000175,1281,69,1212
110000176,18,588,-570
110000177,80,1164,-1084
110000178,198,2130,-1932
110000179,492,121,371
110000180,217,131,86
110000181,760,193,567
110000182,139,72,67
110000183,3190,4999,-1809
110000184,214,1994,-1780
110000185,115,417,-302
110000186,202,734,-532
110000191,1209,213,996
110000192,513,10,503
110000193,1068,16,1052
110000194,13,168,-155
110000195,353,21,332
110000196,454,27,427
110000197,59,10,49
110000198,23,4,19
110000199,50,53,-3
110000200,246,127,119
110000201,617,722,-105
110000202,724,253,471
110000203,76,132,-56
110000204,8,64,-56
110000205,388,20,368
110000206,124,207,-83
110000207,1352,41,1311
110000208,85,167,-82
110000209,44,96,-52
110000210,1513,226,1287
110000211,706,236,470
110000212,292,868,-576
110000213,241,14,227
110000214,364,5,359
110000215,22,77,-55
110000216,47,63,-16
110000217,347,33,314
110000218,109,35,74
110000219,238,8,230
110000220,5,41,-36
110000221,431,5,426
110000222,63,58,5
110000223,8,37,-29
110000224,1,0,1
110000225,79,226,-147
110000226,303,25,278
110000227,125,273,-148
110000228,230,11,219
110000229,0,62,-62
110000230,334,264,70
110000231,160,141,19
110000232,66,61,5
110000233,25,104,-79
110000234,270,145,125
110000235,499,349,150
110000236,271,113,158
110000237,1374,543,831
110000238,522,314,208
110000239,1185,327,858
110000240,0,1,-1
110000242,0,3,-3
110000243,113,51,62
110000244,25,71,-46
110000245,5,181,-176
110000246,854,122,732
110000247,549,758,-209
110000248,743,201,542
110000249,77,9,68
110000250,15,36,-21
110000251,245,63,182
110000252,431,57,374
110000253,1485,77,1408
110000254,676,141,535
110000255,130,169,-39
110000256,444,30,414
110000257,99,69,30
110000258,3,44,-41
110000259,177,4,173
110000260,79,33,46
110000263,445,35,410
110000264,444,126,318
110000265,847,615,232
110000266,461,791,-330
110000267,26,19,7
110000268,178,30,148
110000269,0,10,-10
110000270,56,1,55
110000271,606,71,535
110000272,471,525,-54
110000273,492,396,96
110000274,71,1830,-1759
110000275,484,256,228
110000276,151,350,-199
110000277,292,93,199
110000278,207,300,-93
110000279,685,220,465
110000280,577,125,452
110000281,79,20,59
110000282,84,4,80
110000283,9,25,-16
110000284,1,18,-17
110000285,1,59,-58
110000286,9,0,9
110000287,51,0,51
110000288,0,16,-16
110000289,240,1825,-1585
110000290,193,535,-342
110000291,1141,372,769
110000292,262,5440,-5178
110000293,380,194,186
110000294,1364,1375,-11
110000295,73,305,-232
110000296,548,119,429
110000297,2132,53,2079
110000298,31,172,-141
110000299,123,41,82
110000301,292,17,275
110000302,356,334,22
110000303,523,1,522
110000304,138,61,77
110000305,1578,14,1564
110000306,361,190,171
110000307,1958,5,1953
110000308,276,4,272
110000309,0,130,-130
110000310,752,24,728
110000311,1,108,-107
110000312,474,18,456
110000313,1332,500,832
110000314,1,59,-58
110000315,702,903,-201
110000316,168,460,-292
110000317,158,281,-123
110000318,0,21,-21
110000319,24,12,12
110000320,4,19,-15
110000321,56,21,35
110000322,80,109,-29
110000323,598,50,548
110000324,662,530,132
110000325,1002,3141,-2139
110000327,150,81,69
110000328,58,130,-72
110000333,705,586,119
110000334,130,331,-201
110000335,580,136,444
110000336,190,218,-28
110000337,1425,150,1275
110000338,289,101,188
110000339,491,45,446
110000340,39,59,-20
110000341,340,102,238
110000342,30,0,30
110000343,0,0,0
110000344,28,142,-114
110000345,35,188,-153
110000346,557,770,-213
110000347,789,265,524
110000348,33,10,23
110000349,13,6,7
110000350,48,0,48
110000351,1301,217,1084
110000352,248,1134,-886
110000353,1552,189,1363
110000354,381,2313,-1932
110000355,290,30,260
110000356,126,3,123
110000357,513,0,513
110000361,15,12,3
110000362,156,4,152
110000363,548,11,537
110000364,268,89,179
110000365,55,1,54
110000366,0,95,-95
110000367,310,45,265
110000368,0,67,-67
110000369,62,2,60
110000373,0,90,-90
110000374,57,20,37
110000375,58,336,-278
110000376,9,13,-4
110000377,49,250,-201
110000378,6,259,-253
110000379,1052,2047,-995
110000380,61,3,58
110000383,1,204,-203
110000384,475,42,433
110000385,0,54,-54
110000387,86,0,86
110000388,17,64,-47
110000389,303,2,301
110000391,813,129,684
110000396,168,22,146
110000397,85,5,80
110000398,3,4,-1
110000399,57,0,57
110000587,103,101,2
110000589,185,10,175
110000640,71,26,45
110000652,5,150,-145
110000653,269,155,114
110000654,0,242,-242
110000656,0,125,-125
110000674,52,12,40
110000675,0,3,-3
110000676,0,9,-9
110000679,76,532,-456
110000682,94,104,-10
110000683,121,69,52
110000684,0,24,-24
110000685,2,16,-14
110000686,0,33,-33
110000687,15,0,15
110000688,26,1009,-983
110000689,12,9,3
110000692,44,21,23
110000693,12,150,-138
110000694,0,9,-9
110000695,24,151,-127
110000696,42,18,24
110900001,223,7,216
110900002,191,32,159
110900003,1213,49,1164
110900004,510,10,500
110900005,673,2969,-2296
110900006,55,45,10
110900007,205,83,122
110900008,0,4,-4
110900009,212,312,-100
110900010,0,12,-12
110900011,1,14,-13
110900012,2,30,-28
110900013,885,41,844
110900014,278,1,277
110900015,87,418,-331
110900016,32,49,-17
110900017,459,14,445
110900018,406,9,397
110900019,423,1,422
110900020,189,96,93
110900021,76,87,-11
110900022,52,106,-54
110900023,10,156,-146
110900024,48,40,8
110900025,1,20,-19
110900027,21,23,-2
110900028,0,20,-20
110900029,2,66,-64
110900030,11,23,-12
110900031,2,68,-66
110900032,0,30,-30
110900033,28,46,-18
110900035,25,280,-255
110900036,86,0,86
110900037,60,3,57
110900038,122,47,75
110900039,0,106,-106
110900040,144,7,137
110900041,2,10,-8
110900042,76,28,48
110900043,0,5,-5
110900044,39,9,30
110900045,68,92,-24
110900046,6,11,-5
110900047,35,332,-297
110900049,90,64,26
110900050,39,0,39
110900051,6,74,-68
110900052,0,85,-85
110900053,92,7,85
110900054,11,27,-16
110900055,7,1,6
110900056,25,60,-35
110900057,1,144,-143
110900058,294,24,270
110900059,161,166,-5
110900060,237,10,227
110900061,5,6,-1
110900062,143,44,99
110900063,6,46,-40
110900064,29,0,29
110900065,51,51,0
110900066,30,12,18
110900067,69,589,-520
110900068,129,34,95
110900069,15,6,9
110900070,79,12,67
110900071,100,1025,-925
110900073,1,38,-37
110900074,643,26,617
110900075,551,25,526
110900077,1063,105,958
110900078,103,12,91
110900079,552,288,264
110900080,177,19,158
110900081,14,15,-1
110900082,233,27,206
110900083,108,55,53
110900084,66,13,53
110900085,47,52,-5
110900086,11,123,-112
110900087,340,21,319
110900088,1,0,1
110900090,12,62,-50
110900091,0,15,-15
110900093,134,34,100
110900095,6,10,-4
110900097,7,0,7
110900098,1,7,-6
110900099,29,83,-54
110900100,0,7,-7
110900102,44,62,-18
110900105,121,52,69
110900108,16,30,-14
110900111,218,26,192
110900112,471,3,468
110900113,88,35,53
110900115,0,4,-4
110900116,1223,285,938
110900118,36,3552,-3516
110900119,1071,68,1003
110900120,100,18,82
110900121,30,0,30
110900122,330,59,271
110900125,132,436,-304
110900127,91,455,-364
110900128,96,183,-87
110900129,46,491,-445
110900130,129,228,-99
110900131,151,9,142
110900132,422,14,408
110900133,29,26,3
110900135,45,72,-27
110900136,331,1,330
110900139,13,3,10
110900140,0,0,0
110900141,131,41,90
110900142,31,18,13
110900143,289,43,246
110900144,0,72,-72
110900145,101,112,-11
110900146,103,169,-66
110900147,8,16,-8
110900148,0,10,-10
110900149,0,4,-4
110900150,21,13,8
110900151,2,30,-28
110900152,4,18,-14
110900153,199,5,194
111000001,858,409,449
111000002,616,590,26
111000003,1824,791,1033
111000004,413,671,-258
111000005,541,887,-346
111000006,625,1219,-594
111000007,2278,2352,-74
111000008,1816,2481,-665
111000009,272,606,-334
111000010,1084,366,718
111000011,66,493,-427
111000012,186,403,-217
111000013,256,650,-394
111000014,1538,291,1247
111000017,23,405,-382
111000018,65,186,-121
111000020,225,483,-258
111000021,1,43,-42
111000023,44,41,3
111000025,1703,1570,133
111000029,75,29,46
111000030,24,17,7
111000031,940,401,539
111000032,517,104,413
111000033,125,35,90
111000034,160,118,42
111000037,429,238,191
111000038,949,489,460
111000039,608,502,106
111000040,703,415,288
111000041,131,165,-34
111000042,1125,1133,-8
111000043,1285,2572,-1287
111000044,1261,219,1042
111000045,2209,841,1368
111000046,1522,781,741
111000047,2225,4257,-2032
111000049,131,160,-29
111000050,411,225,186
111000051,226,233,-7
111000052,122,377,-255
111000053,86,190,-104
111000054,128,192,-64
111000055,540,542,-2
111000056,128,285,-157
111000057,52,196,-144
111000058,588,61,527
111000059,504,182,322
111000060,3438,458,2980
111000061,698,127,571
111000062,921,145,776
111000063,948,493,455
111000064,1095,171,924
111000065,1145,377,768
111000066,633,101,532
111000067,897,149,748
111000068,417,169,248
111000069,541,585,-44
111000070,323,240,83
111000071,82,90,-8
111000072,1070,379,691
111000073,141,1115,-974
111000074,884,561,323
111000075,447,138,309
111000076,542,181,361
111000077,658,372,286
111000078,966,255,711
111000079,742,165,577
111000080,407,209,198
111000081,1228,3755,-2527
111000082,753,141,612
111000084,604,319,285
111000085,719,608,111
111000086,1027,299,728
111000087,507,162,345
111000088,1743,2131,-388
111000089,480,386,94
111000090,295,414,-119
111000091,448,193,255
111000092,1219,329,890
111000093,767,498,269
111000094,870,482,388
111000095,541,1554,-1013
111000096,468,4831,-4363
111000097,1230,458,772
111000098,93,267,-174
111000099,235,505,-270
111000100,284,376,-92
111000101,233,302,-69
111000102,86,116,-30
111000104,1008,43,965
111000107,59,90,-31
111000109,940,61,879
111000110,987,330,657
111000111,3112,69,3043
111000112,1764,72,1692
111000113,791,1796,-1005
111000114,806,3026,-2220
111000115,1601,341,1260
111000116,482,257,225
111000117,216,273,-57
111000118,485,287,198
111000119,1096,313,783
111000120,732,295,437
111000121,273,236,37
111000122,240,269,-29
111000123,648,597,51
111000124,167,712,-545
111000125,223,306,-83
111000126,86,148,-62
111000127,937,43,894
111000128,2237,57,2180
111000129,2610,76,2534
111000130,2434,96,2338
111000131,2626,153,2473
111000132,1872,1351,521
111000133,39,25,14
111000134,73,25,48
111000135,42,79,-37
111000136,395,70,325
111000138,28,10,18
111000140,0,59,-59
111000141,40,199,-159
111000142,0,117,-117
111000143,6,134,-128
111000144,8,314,-306
111000145,46,6,40
111000146,123,3,120
111000147,34,7,27
111000148,68,51,17
111000149,1,171,-170
111000150,88,3,85
111000151,2,12,-10
111000153,143,88,55
111000154,258,90,168
111000155,143,37,106
111000156,409,117,292
111000157,188,214,-26
111000158,586,462,124
111000159,1245,376,869
111000160,427,131,296
111000161,1,202,-201
111000162,1,25,-24
111000163,507,385,122
111000164,208,1091,-883
111000165,356,97,259
111000166,78,63,15
111000167,65,129,-64
111000168,132,137,-5
111000169,180,114,66
111000170,132,78,54
111000171,152,138,14
111000172,122,252,-130
111000173,127,472,-345
111000174,265,80,185
111000175,82,76,6
111000176,450,24,426
111000177,1171,231,940
111000178,2067,180,1887
111000179,559,44,515
111000180,287,146,141
111000181,1566,56,1510
111000182,196,75,121
111000183,151,133,18
111000184,194,76,118
111000185,94,84,10
111000186,140,101,39
111000187,169,47,122
111000188,233,61,172
111000189,96,198,-102
111000190,102,62,40
111000191,150,31,119
111000192,91,107,-16
111000193,156,31,125
111000194,33,49,-16
111000195,37,88,-51
111000196,32,31,1
111000197,522,23,499
111000198,266,11,255
111000199,427,82,345
111000200,487,207,280
111000201,776,51,725
111000202,393,17,376
111000203,413,67,346
111000204,210,1052,-842
111000213,125,160,-35
111000214,668,255,413
111000215,781,331,450
111000217,1378,200,1178
111000218,1982,338,1644
111000219,145,78,67
111000220,467,367,100
111000221,133,30,103
111000224,14,86,-72
111000225,384,338,46
111000226,24,2,22
111000227,22,2,20
111000228,5,645,-640
111000229,6,1615,-1609
111000230,38,58,-20
111000231,644,94,550
111000232,660,279,381
111000233,1395,165,1230
111000234,157,182,-25
111000239,14,24,-10
111000240,34,288,-254
111000241,25,44,-19
111000242,191,47,144
111000243,135,65,70
111000244,777,59,718
111000245,429,112,317
111000246,642,60,582
111000247,450,153,297
111000248,520,69,451
111000249,397,112,285
111000250,42,31,11
111000251,33,26,7
111000253,44,14,30
111000255,93,11,82
111000257,41,10,31
111000260,10,387,-377
111000261,1330,46,1284
111000271,19,122,-103
111000273,1059,426,633
111000274,1075,1246,-171
111000275,44,6,38
111000276,149,302,-153
111000277,170,78,92
111000278,176,56,120
111000291,1125,8700,-7575
111000298,326,59,267
111000299,403,59,344
111000300,26,101,-75
111000302,292,52,240
111000303,113,54,59
111000312,23,18,5
111000315,2,103,-101
111000320,106,74,32
111000321,307,67,240
111000322,278,90,188
111000323,438,35,403
111000324,169,39,130
111000325,18,14,4
111000326,95,90,5
111000327,285,90,195
111000328,413,258,155
111000329,0,9,-9
111000330,35,1,34
111000331,1,4,-3
111000332,362,237,125
111000334,101,320,-219
111000335,957,49,908
111000337,1790,99,1691
111000338,41,40,1
111000339,847,27,820
111000340,46,202,-156
111000341,1644,631,1013
111000342,27,503,-476
111000344,863,242,621
111000345,46,125,-79
111000346,27,106,-79
111000347,128,3,125
111000350,87,35,52
111000351,49,180,-131
111000352,184,19,165
111000353,85,85,0
111000354,276,34,242
111000355,224,132,92
111000358,122,229,-107
111000360,99,160,-61
111000361,201,99,102
111000546,568,106,462
111000547,423,65,358
111000548,63,25,38
111000549,179,35,144
111000550,10,398,-388
111000551,115,37,78
111000552,196,62,134
111000907,930,10,920
111000908,27,1,26
111000916,2514,67,2447
111000917,36,181,-145
111000918,141,206,-65
111000920,660,22,638
111000921,2,42,-40
111000922,566,25,541
111000924,13,157,-144
111000925,3313,1178,2135
111000926,781,513,268
111000927,1971,2766,-795
111000928,2001,692,1309
111000929,1835,433,1402
111000930,550,603,-53
111000931,1507,663,844
111000932,1422,582,840
111000933,2331,1818,513
111000934,533,624,-91
111000935,1889,525,1364
111000936,316,459,-143
111000937,1169,615,554
111000938,509,405,104
111000939,658,10,648
111000940,1200,27,1173
111000941,350,33,317
111000943,833,71,762
111000944,86,72,14
111000945,110,372,-262
111001109,288,518,-230
111001110,68,102,-34
111001111,149,7,142
111001112,118,1,117
111001113,1,126,-125
111001114,197,56,141
111001115,13,217,-204
111001116,766,4784,-4018
111001117,117,1405,-1288
111001120,108,39,69
111001121,51,63,-12
111001122,215,72,143
111001123,582,51,531
111001124,117,38,79
111001125,6,365,-359
111001126,14,0,14
111001127,0,0,0
111900001,4,6,-2
111900002,1,23,-22
111900003,0,16,-16
111900004,2,4,-2
111900006,17,61,-44
111900007,275,0,275
111900008,403,0,403
111900009,333,0,333
111900010,27,116,-89
111900012,29,22,7
111900013,11,5,6
111900014,856,4500,-3644
111900015,0,45,-45
111900016,0,11,-11
111900017,0,27,-27
111900018,136,1,135
111900019,2,72,-70
111900020,2,22,-20
111900021,3,2,1
111900022,13,2,11
111900023,84,6,78
111900024,112,4,108
111900025,0,24,-24
111900026,0,19,-19
111900027,1,4,-3
111900028,1,66,-65
111900029,1,5,-4
111900030,4,132,-128
111900031,14,12,2
111900032,1,62,-61
111900033,4,5,-1
111900034,32,108,-76
111900035,42,172,-130
111900036,0,52,-52
111900038,32,118,-86
111900039,15,80,-65
111900040,0,120,-120
111900042,5,20,-15
111900043,0,39,-39
111900044,12,25,-13
111900046,5,19,-14
111900048,352,126,226
111900049,1,68,-67
111900050,189,3,186
111900051,0,53,-53
111900052,72,36,36
111900053,261,2000,-1739
111900054,289,0,289
111900055,4,71,-67
111900056,33,198,-165
111900057,105,8,97
111900058,583,96,487
111900059,467,663,-196
111900060,217,0,217
111900061,0,37,-37
111900062,26,34,-8
111900063,192,37,155
111900064,20,59,-39
111900065,197,11,186
111900066,175,79,96
111900067,0,82,-82
111900068,8,35,-27
111900069,52,3,49
111900070,219,6,213
111900071,0,40,-40
111900072,17,16,1
111900073,851,96,755
111900074,2,26,-24
111900075,50,0,50
111900076,234,30,204
111900077,37,2,35
111900078,423,35,388
111900079,25,45,-20
111900080,57,95,-38
111900082,136,61,75
111900083,209,26,183
111900084,102,17,85
111900085,23,27,-4
111900086,78,8,70
111900087,131,0,131
111900088,716,14,702
111900089,71,1,70
111900090,21,71,-50
111900091,602,7,595
111900092,236,0,236
111900093,586,17,569
111900094,70,0,70
111900095,304,5,299
111900096,347,3,344
111900097,140,0,140
111900098,307,3,304
111900099,60,0,60
111900100,75,1,74
111900101,235,5,230
111900102,864,203,661
111900103,21,9,12
111900104,58,8,50
111900105,104,123,-19
111900106,43,3,40
111900110,545,82,463
111900111,300,7,293
111900112,144,3613,-3469
111900113,238,43,195
111900118,367,20,347
111900119,120,49,71
111900122,10,40,-30
111900123,4,1,3
111900124,18,22,-4
111900125,294,60,234
111900126,321,4,317
111900127,0,110,-110
111900128,0,92,-92
111900129,242,36,206
111900130,104,50,54
111900131,462,1,461
111900132,12,108,-96
111900133,1,75,-74
111900134,1,30,-29
111900135,3,20,-17
111900136,4,54,-50
111900137,19,13,6
111900138,14,12,2
111900139,19,32,-13
111900140,99,1,98
111900141,87,0,87
111900142,45,5,40
111900143,56,26,30
111900144,0,17,-17
111900145,0,34,-34
111900146,0,26,-26
111900147,9,46,-37
111900148,3,80,-77
111900149,2,31,-29
111900150,0,14,-14
111900151,0,7,-7
111900152,20,18,2
111900153,164,664,-500
111900154,18,554,-536
111900155,45,100,-55
111900156,67,73,-6
111900157,232,15,217
111900158,561,66,495
111900159,496,45,451
111900160,410,5,405
111900161,448,0,448
111900162,61,175,-114
111900163,5,25,-20
111900164,87,30,57
111901113,771,58,713
111901114,237,140,97
111901115,170,1,169
111901116,41,0,41
111901117,3,41,-38
111901118,4,377,-373
111901119,139,9,130
111901121,8,16,-8
111901122,0,67,-67
111901123,338,40,298
111901124,463,3,460
111901125,988,164,824
111901127,134,827,-693
111901128,12,19,-7
111901129,3,12,-9
111901130,0,29,-29
111901131,0,190,-190
111901132,47,21,26
111901133,102,0,102
111901134,195,0,195
111901135,44,2,42
111901136,3,12,-9
111901138,10,4,6
111901139,0,9,-9
111901140,4,31,-27
111901141,1,11,-10
111901142,0,39,-39
111901143,0,11,-11
111901144,50,13,37
111901145,51,133,-82
111901146,5,2,3
111901147,75,269,-194
111901148,1,52,-51
111901149,5,0,5
111901150,0,0,0
112000001,2499,703,1796
112000002,660,1524,-864
112000003,3086,436,2650
112000004,517,203,314
112000005,3197,3034,163
112000006,389,278,111
112000007,3927,2461,1466
112000008,2472,3008,-536
112000009,1446,774,672
112000010,2013,2774,-761
112000011,786,551,235
112000012,2316,2968,-652
112000013,1115,1051,64
112000014,576,2252,-1676
112000015,894,1559,-665
112000016,1003,2284,-1281
112000017,261,1835,-1574
112000024,172,221,-49
112000026,1124,994,130
112000027,526,302,224
112000028,330,394,-64
112000029,283,450,-167
112000030,137,12,125
112000031,506,1936,-1430
112000032,108,10,98
112000033,763,1902,-1139
112000034,145,18,127
112000035,72,273,-201
112000036,130,730,-600
112000037,316,616,-300
112000038,294,582,-288
112000039,89,17,72
112000040,14,107,-93
112000041,90,219,-129
112000042,273,53,220
112000050,853,345,508
112000051,734,1104,-370
112000054,634,464,170
112000057,258,169,89
112000058,151,197,-46
112000059,281,207,74
112000061,1020,307,713
112000062,286,473,-187
112000063,169,1065,-896
112000064,1356,1012,344
112000065,487,488,-1
112000066,1237,797,440
112000067,265,130,135
112000068,1591,994,597
112000069,227,525,-298
112000070,712,390,322
112000071,380,488,-108
112000072,1852,471,1381
112000073,383,691,-308
112000074,450,334,116
112000075,764,711,53
112000076,1425,890,535
112000077,715,266,449
112000078,1467,262,1205
112000079,1159,645,514
112000080,489,338,151
112000081,507,672,-165
112000082,707,166,541
112000083,464,476,-12
112000084,978,260,718
112000085,1178,493,685
112000086,1544,373,1171
112000087,606,102,504
112000088,424,220,204
112000089,158,94,64
112000090,85,125,-40
112000091,298,149,149
112000092,1895,317,1578
112000093,866,195,671
112000094,581,257,324
112000095,713,155,558
112000096,599,222,377
112000097,1691,276,1415
112000098,144,184,-40
112000099,527,1610,-1083
112000100,1972,211,1761
112000101,319,128,191
112000102,1667,194,1473
112000103,203,180,23
112000105,396,221,175
112000106,2830,108,2722
112000107,292,39,253
112000108,924,300,624
112000109,500,43,457
112000110,1696,286,1410
112000111,301,868,-567
112000112,1277,132,1145
112000113,347,320,27
112000114,1695,301,1394
112000115,328,35,293
112000116,471,214,257
112000117,372,238,134
112000118,299,242,57
112000119,115,217,-102
112000120,31,86,-55
112000121,68,93,-25
112000122,402,23,379
112000123,637,23,614
112000124,465,21,444
112000125,185,90,95
112000126,581,118,463
112000127,836,1170,-334
112000128,306,335,-29
112000129,70,11,59
112000130,175,69,106
112000131,22,17,5
112000132,110,35,75
112000133,387,29,358
112000134,279,121,158
112000135,753,407,346
112000136,406,508,-102
112000137,952,621,331
112000138,663,365,298
112000139,218,255,-37
112000140,105,266,-161
112000141,654,83,571
112000142,76,149,-73
112000143,1109,50,1059
112000144,146,268,-122
112000145,2528,178,2350
112000146,308,478,-170
112000147,2243,621,1622
112000148,428,432,-4
112000149,361,143,218
112000150,237,108,129
112000151,226,124,102
112000152,622,74,548
112000153,100,58,42
112000154,71,133,-62
112000155,58,45,13
112000157,160,362,-202
112000158,190,73,117
112000159,934,89,845
112000167,118,82,36
112000169,84,570,-486
112000173,1124,61,1063
112000175,255,63,192
112000176,513,544,-31
112000177,945,196,749
112000178,32,74,-42
112000179,282,21,261
112000180,282,71,211
112000181,424,253,171
112000182,1609,230,1379
112000183,6,14,-8
112000184,423,109,314
112000185,729,77,652
112000187,2169,1276,893
112000195,56,1,55
112000196,31,0,31
112000197,13,95,-82
112000198,29,66,-37
112000199,234,243,-9
112000202,442,0,442
112000216,7,53,-46
112000230,131,1,130
112000231,3,60,-57
112000256,53,157,-104
112000313,47,31,16
112000314,4,22,-18
112000337,45,280,-235
112000352,34,72,-38
112000392,727,301,426
112000398,1373,266,1107
112000399,419,2621,-2202
112000400,428,463,-35
112000401,552,591,-39
112000402,2689,2773,-84
112000403,539,3445,-2906
112000404,891,506,385
112000405,2447,1955,492
112000406,998,727,271
112000407,6467,4991,1476
112000408,2277,859,1418
112000409,683,736,-53
112000410,62,200,-138
112000411,1064,950,114
112000412,218,115,103
112000413,1208,4616,-3408
112000414,146,31,115
112000415,91,1,90
112000416,2776,355,2421
112000417,143,35,108
112000421,65,11,54
112000422,167,91,76
112000424,420,1342,-922
112000425,223,117,106
112000426,168,242,-74
112000427,2,23,-21
112000428,196,144,52
112000429,917,797,120
112000430,1405,1428,-23
112000431,39,78,-39
112000432,220,179,41
112000433,222,155,67
112000437,25,60,-35
112900001,32,0,32
112900002,582,141,441
112900003,54,46,8
112900004,45,84,-39
112900005,172,12,160
112900006,6,40,-34
112900007,22,22,0
112900008,0,19,-19
112900009,266,139,127
112900010,269,109,160
112900011,112,39,73
112900012,0,11,-11
112900013,0,34,-34
112900014,0,28,-28
112900015,16,143,-127
112900016,0,39,-39
112900017,12,37,-25
112900018,1,20,-19
112900019,5,47,-42
112900020,121,175,-54
112900021,2,93,-91
112900022,2,14,-12
112900023,0,21,-21
112900024,4,29,-25
112900025,29,38,-9
112900026,1,28,-27
112900027,0,108,-108
112900028,3,22,-19
112900029,3,22,-19
112900030,31,19,12
112900031,9,55,-46
112900032,50,26,24
112900034,1,8,-7
112900035,0,21,-21
112900036,1,36,-35
112900037,31,107,-76
112900038,668,28,640
112900039,1,15,-14
112900040,1,114,-113
112900041,53,486,-433
112900042,152,108,44
112900043,35,14,21
112900044,36,66,-30
112900045,43,21,22
112900046,38,7,31
112900047,3,9,-6
112900049,238,4,234
112900050,6,177,-171
112900051,42,95,-53
112900052,1,151,-150
112900053,21,111,-90
112900054,53,53,0
112900055,32,8,24
112900056,196,165,31
112900057,3,91,-88
112900058,221,157,64
112900059,37,59,-22
112900060,5,21,-16
112900061,31,15,16
112900062,46,15,31
112900063,5,10,-5
112900064,32,14,18
112900065,1,2,-1
112900066,174,290,-116
112900067,131,7,124
112900068,30,70,-40
112900069,307,635,-328
112900071,37,6,31
112900072,17,2565,-2548
112900073,297,156,141
112900074,53,324,-271
112900075,262,646,-384
112900076,5,24,-19
112900078,188,436,-248
112900079,114,3,111
112900080,124,0,124
112900081,83,251,-168
112900082,471,10,461
112900083,143,90,53
112900084,145,142,3
112900086,100,0,100
112900087,898,32,866
112900088,133,2,131
112900089,658,9,649
112900090,45,35,10
112900091,257,4,253
112900092,42,436,-394
112900093,995,16,979
112900095,93,0,93
112900096,472,83,389
112900097,26,49,-23
112900098,59,0,59
112900099,884,3,881
112900100,91,0,91
112900101,335,5,330
112900102,52,14,38
112900103,182,3,179
112900104,218,1,217
112900105,1,0,1
112900106,185,34,151
112900107,4,0,4
112900108,1,0,1
112900109,199,0,199
112900110,1524,5,1519
112900111,596,1,595
112900112,260,0,260
112900113,0,1,-1
112900114,336,21,315
112900115,2049,1,2048
112900116,78,12,66
112900117,25,9,16
112900118,0,4,-4
112900119,60,0,60
112900120,141,107,34
112900121,216,10,206
112900122,0,9,-9
112900123,157,11,146
112900124,0,17,-17
112900125,17,48,-31
112900126,20,40,-20
112900127,259,36,223
112900128,23,33,-10
112900129,0,145,-145
112900130,94,26,68
112900131,3,55,-52
112900132,20,232,-212
112900133,2,327,-325
112900134,3,44,-41
112900135,31,6,25
112900137,0,111,-111
112900138,0,24,-24
112900139,11,224,-213
112900141,585,2,583
112900142,19,93,-74
112900143,1,301,-300
112900144,6,853,-847
112900145,3,95,-92
112900146,6,41,-35
112900147,0,191,-191
112900148,10,0,10
112900149,67,90,-23
112900151,1,8,-7
112900152,1801,146,1655
112900153,105,1099,-994
112900154,0,10,-10
112900155,53,2,51
112900156,261,197,64
112900157,443,14,429
112900158,40,0,40
112900159,118,133,-15
112900160,12,56,-44
112900161,58,11,47
112900162,4,13,-9
112900163,7,48,-41
112900164,3,41,-38
112900165,12,16,-4
112900166,3,22,-19
112900167,0,30,-30
112900168,4,0,4
112900169,2,4,-2
112900170,196,4,192
112900172,24,28,-4
112900173,69,9,60
112900174,158,29,129
112900175,36,23,13
112900176,11,62,-51
112900177,277,19,258
112900178,217,1665,-1448
112900179,2,167,-165
112900180,871,539,332
112900181,730,0,730
112900182,9,179,-170
112900183,27,83,-56
112900184,50,93,-43
112900185,14,102,-88
112900186,317,264,53
112900187,22,259,-237
112900188,248,571,-323
112900189,2,0,2
112900190,2,0,2
112900192,224,128,96
112900193,249,59,190
112900194,63,0,63
112900195,279,4,275
112900196,130,106,24
112900197,7,86,-79
112900199,490,32,458
112900200,298,18,280
112900201,156,16,140
112900202,310,113,197
112900203,184,8,176
112900204,78,64,14
112900205,5,1,4
112900206,14,6,8
112900207,62,0,62
112900208,34,77,-43
112900209,18,92,-74
112900210,0,2,-2
112900211,25,0,25
112900212,0,3,-3
112900213,58,1,57
112900214,3,6,-3
112900215,8,11,-3
112900216,5,14,-9
112900217,0,5,-5
112900218,47,4,43
112900219,109,2,107
112900220,1,0,1
112900221,18,21,-3
112900222,0,41,-41
112900223,406,7,399
112900224,680,56,624
112900225,452,30,422
112900226,30,78,-48
112900227,755,156,599
112900228,67,39,28
112900229,371,14,357
112900230,2378,1089,1289
112900232,170,195,-25
112900233,31,4,27
112900234,83,1,82
112900235,13,7,6
112900236,673,3,670
112900237,316,99,217
112900238,13,0,13
112900239,117,618,-501
112900240,0,6,-6
112900241,5,18,-13
112900242,1,17,-16
112900243,0,32,-32
112900244,0,9,-9
112900245,1,10,-9
112900246,0,2,-2
112900247,58,14,44
112900248,1,0,1
112900249,5,17,-12
112900250,31,5,26
112900251,63,1,62
112900252,119,2,117
112900253,28,3,25
112900254,19,8,11
112900255,0,27,-27
112900256,0,16,-16
112900257,0,4,-4
112900258,17,2,15
113000001,2665,1996,669
113000002,2069,1722,347
113000003,690,656,34
113000004,796,985,-189
113000005,731,475,256
113000006,653,721,-68
113000007,1088,423,665
113000008,1053,412,641
113000009,632,243,389
113000010,762,411,351
113000011,354,427,-73
113000012,598,217,381
113000013,291,241,50
113000014,334,521,-187
113000015,19,108,-89
113000016,98,292,-194
113000017,44,120,-76
113000018,296,36,260
113000019,30,55,-25
113000020,180,27,153
113000021,810,138,672
113000022,622,613,9
113000025,16,84,-68
113000026,497,232,265
113000027,476,233,243
113000028,167,160,7
113000029,203,292,-89
113000030,44,156,-112
113000031,59,55,4
113000032,81,46,35
113000033,141,92,49
113000034,66,48,18
113000035,5,1,4
113000036,24,15,9
113000037,11,18,-7
113000038,1,22,-21
113000039,17,139,-122
113000040,26,14,12
113000042,202,210,-8
113000051,443,1095,-652
113000052,788,128,660
113000053,286,74,212
113000054,239,364,-125
113000055,910,135,775
113000056,1068,274,794
113000058,166,389,-223
113000059,747,124,623
113000060,126,260,-134
113000061,338,357,-19
113000062,150,184,-34
113000063,306,21,285
113000064,164,75,89
113000065,161,214,-53
113000066,810,75,735
113000067,2011,201,1810
113000068,263,188,75
113000069,239,134,105
113000070,2259,200,2059
113000071,224,118,106
113000072,762,123,639
113000073,202,360,-158
113000074,473,257,216
113000075,1120,343,777
113000076,131,815,-684
113000077,332,306,26
113000078,214,467,-253
113000079,125,204,-79
113000080,207,283,-76
113000081,439,371,68
113000082,320,136,184
113000083,398,303,95
113000084,569,179,390
113000085,656,260,396
113000086,286,341,-55
113000087,651,602,49
113000088,531,432,99
113000089,455,657,-202
113000090,25,265,-240
113000091,54,82,-28
113000094,667,69,598
113000095,90,88,2
113000096,19,142,-123
113000097,549,163,386
113000098,42,5,37
113000099,550,155,395
113000100,49,52,-3
113000101,97,107,-10
113000102,357,156,201
113000103,1793,153,1640
113000104,470,1272,-802
113000105,655,148,507
113000106,350,73,277
113000107,835,493,342
113000108,544,305,239
113000109,245,642,-397
113000110,1782,382,1400
113000111,144,240,-96
113000112,486,177,309
113000113,782,190,592
113000114,80,389,-309
113000116,134,97,37
113000117,241,95,146
113000118,36,258,-222
113000119,160,285,-125
113000120,37,253,-216
113000121,188,256,-68
113000124,220,68,152
113000125,6,610,-604
113000127,505,60,445
113000128,359,118,241
113000129,152,179,-27
113000133,572,68,504
113000134,2,651,-649
113000135,2188,2085,103
113000137,461,1706,-1245
113000139,96,44,52
113000140,40,24,16
113000141,29,18,11
113000142,92,100,-8
113000143,125,46,79
113000144,77,72,5
113000145,87,32,55
113000146,28,8,20
113000147,71,8,63
113000148,164,33,131
113000149,102,66,36
113000150,183,88,95
113000151,11,4,7
113000152,25,83,-58
113000153,235,94,141
113000154,164,756,-592
113000155,117,309,-192
113000156,51,91,-40
113000157,111,111,0
113000158,123,34,89
113000159,391,53,338
113000160,116,129,-13
113000161,169,83,86
113000162,264,28,236
113000163,66,9,57
113000164,22,6,16
113000166,192,15,177
113000167,50,29,21
113000168,83,31,52
113000169,179,3,176
113000170,60,17,43
113000171,12,19,-7
113000172,204,16,188
113000173,54,8,46
113000174,97,37,60
113000175,308,15,293
113000176,530,27,503
113000177,110,60,50
113000178,57,60,-3
113000179,271,32,239
113000180,676,1279,-603
113000181,1442,724,718
113000182,41,151,-110
113000183,203,306,-103
113000184,0,6,-6
113000189,61,150,-89
113000190,167,56,111
113000192,431,1418,-987
113000193,881,1061,-180
113000194,529,1050,-521
113000195,873,547,326
113000196,439,93,346
113000197,769,997,-228
113000198,41,124,-83
113000199,540,167,373
113000201,68,128,-60
113000202,1911,500,1411
113000203,28,47,-19
113000204,172,1238,-1066
113000205,0,1,-1
113000206,9,14,-5
113000207,24,5,19
113000208,16,17,-1
113000209,2,9,-7
113000210,0,23,-23
113000211,39,61,-22
113000212,12,9,3
113000213,5,38,-33
113000214,107,113,-6
113000234,100,225,-125
113000410,28,86,-58
113000411,616,1094,-478
113000412,2101,709,1392
113000413,531,884,-353
113000414,1283,5533,-4250
113000415,755,532,223
113000416,898,642,256
113000417,387,407,-20
113000418,2389,1975,414
113000419,547,644,-97
113000420,1545,2364,-819
113000421,2399,3608,-1209
113000422,3616,3948,-332
113000423,418,1460,-1042
113000424,661,4193,-3532
113000425,1,25,-24
113000428,47,7,40
113000430,11,68,-57
113000432,2168,77,2091
113000433,128,268,-140
113000434,22,75,-53
113000435,15,67,-52
113000436,5,351,-346
113000437,822,34,788
113000438,185,21,164
113000439,27,16,11
113000440,97,25,72
113000441,152,120,32
113000442,83,14,69
113000443,380,43,337
113000444,216,7,209
113000445,114,19,95
113000446,32,17,15
113000448,64,140,-76
113000449,31,790,-759
113000450,183,1709,-1526
113000451,645,211,434
113000452,43,288,-245
113000453,20,147,-127
113000454,68,108,-40
113000455,2,217,-215
113000456,395,664,-269
113000468,490,106,384
113000469,50,77,-27
113000470,214,6,208
113000471,1,228,-227
113000472,41,70,-29
113000474,923,329,594
113000475,613,645,-32
113000476,1268,1188,80
113000477,2890,896,1994
113000478,1512,1453,59
113000479,39,69,-30
113000483,0,0,0
113000484,0,0,0
113000485,0,0,0
113000486,0,0,0
113000487,0,0,0
113000488,0,0,0
113000489,0,0,0
113000490,0,0,0
113000491,0,0,0
113000492,0,0,0
113000493,0,0,0
113000495,71,29,42
113000496,31,88,-57
113000499,0,0,0
113900001,42,130,-88
113900002,2,22,-20
113900003,15,83,-68
113900004,78,61,17
113900005,146,61,85
113900006,0,46,-46
113900007,4,6,-2
113900008,0,0,0
113900009,0,0,0
113900010,0,0,0
113900011,14,0,14
113900012,155,47,108
113900013,12,56,-44
113900014,254,2,252
113900015,0,15,-15
113900016,21,0,21
113900017,1,21,-20
113900018,14,151,-137
113900019,96,6,90
113900020,162,2,160
113900022,17,1,16
113900023,9,0,9
113900024,22,2,20
113900025,85,14,71
113900026,16,0,16
113900027,7,17,-10
113900028,7,138,-131
113900029,28,47,-19
113900030,363,3,360
113900031,15,0,15
113900032,19,0,19
113900033,12,2,10
113900035,17,0,17
113900036,9,7,2
113900037,121,243,-122
113900038,28,64,-36
113900039,198,7,191
113900040,1,3,-2
113900041,19,0,19
113900042,39,7,32
113900043,48,20,28
113900044,25,99,-74
113900045,30,1,29
113900046,30,232,-202
113900047,92,7,85
113900048,15,37,-22
113900049,72,236,-164
113900050,49,40,9
113900051,60,12,48
113900052,7,13,-6
113900053,124,452,-328
113900054,24,1,23
113900055,20,86,-66
113900056,15,11,4
113900057,3,20,-17
113900058,46,12,34
113900059,79,19,60
113900060,48,29,19
113900061,140,48,92
113900062,42,5,37
113900063,20,1,19
113900064,1,7,-6
113900065,420,24,396
113900066,286,18,268
113900067,218,19,199
113900068,258,374,-116
113900069,7,5,2
113900070,19,76,-57
113900071,73,8,65
113900072,2,19,-17
113900073,228,104,124
113900074,118,59,59
113900075,254,800,-546
113900076,55,1,54
113900077,27,36,-9
113900078,10,10,0
113900079,0,14,-14
113900080,179,37,142
113900081,12,19,-7
113900082,31,45,-14
113900083,273,53,220
113900084,72,51,21
113900085,2,32,-30
113900086,42,4,38
113900087,28,64,-36
113900088,70,110,-40
113900089,131,9,122
113900090,77,68,9
113900091,0,0,0
113900092,2,0,2
113900093,2,416,-414
113900094,290,99,191
113900095,97,22,75
113900096,112,25,87
113900097,13,11,2
113900098,469,104,365
113900099,0,2,-2
113900100,0,0,0
113900101,1,34,-33
113900102,9,33,-24
113900103,56,187,-131
113900104,32,36,-4
113900105,115,14,101
113900106,0,0,0
113900107,0,3,-3
113900108,7,35,-28
113900109,19,43,-24
113900110,3,5,-2
113900111,68,16,52
113900112,128,3,125
113900113,356,59,297
113900114,0,1,-1
113900115,1,11,-10
113900116,1,30,-29
113900117,12,1,11
113900118,36,307,-271
113900119,40,131,-91
113900120,35,10,25
113900121,54,5,49
113900122,96,2027,-1931
113900123,146,34,112
113900124,0,23,-23
113900125,192,21,171
113900126,6,14,-8
113900127,53,227,-174
113900128,106,5,101
113900129,1,21,-20
113900130,0,12,-12
113900131,89,5,84
113900132,8,15,-7
113900133,0,10,-10
113900135,137,65,72
113900136,32,9,23
113900137,112,93,19
113900138,1,26,-25
113900139,34,77,-43
113900140,30,115,-85
113900141,274,82,192
113900142,25,3,22
113900143,1,5,-4
113900144,55,52,3
113900145,70,10,60
113900146,112,18,94
113900148,4,33,-29
113900149,45,49,-4
113900150,274,57,217
113900151,283,22,261
113900152,2,33,-31
113900153,60,48,12
113900154,1,21,-20
113900155,4,31,-27
113900156,52,74,-22
113900157,11,164,-153
113900158,45,52,-7
113900159,3,67,-64
113900160,96,87,9
113900161,41,55,-14
113900162,38,119,-81
113900163,163,48,115
113900164,212,7,205
113900165,89,117,-28
113900166,13,15,-2
113900167,245,30,215
113900168,8,5,3
113900169,29,48,-19
113900171,136,22,114
113900172,0,8,-8
113900173,1,96,-95
113900174,62,135,-73
113900175,50,100,-50
113900176,42,42,0
113900177,18,44,-26
113900178,89,69,20
113900179,3,140,-137
113900180,21,16,5
113900181,489,44,445
113900182,161,55,106
113900183,10,6,4
113900184,0,158,-158
113900185,18,9,9
113900186,1,4,-3
113900187,9,13,-4
113900188,20,9,11
113900189,136,58,78
113900190,89,14,75
113900191,2,25,-23
113900192,2,111,-109
113900193,4,45,-41
113900194,402,64,338
113900195,76,73,3
113900196,0,14,-14
113900197,0,28,-28
113900198,0,55,-55
113900199,33,71,-38
113900200,0,18,-18
113900201,0,30,-30
113900202,0,25,-25
113900203,0,15,-15
113900204,11,47,-36
113900205,1,5,-4
113900206,0,34,-34
113900207,0,26,-26
113900208,0,4,-4
113900209,0,5,-5
113900210,87,104,-17
113900211,55,12,43
113900212,255,110,145
113900214,50,42,8
113900215,213,44,169
113900216,60,44,16
113900217,76,69,7
113900218,28,29,-1
113900219,28,74,-46
113900220,32,72,-40
113900221,51,179,-128
113900222,4,215,-211
113900223,59,60,-1
113900224,5,4,1
113900225,108,39,69
113900226,63,15,48
113900227,75,62,13
113900228,30,167,-137
113900229,6,292,-286
113900230,456,827,-371
113900231,6,23,-17
113900232,23,1,22
113900233,27,26,1
113900234,59,134,-75
113900235,64,2,62
113900236,255,30,225
113900237,79,11,68
113900238,73,102,-29
113900239,8,38,-30
113900240,0,27,-27
113900241,5,16,-11
113900242,9,26,-17
113900243,5,38,-33
113900244,76,50,26
113900245,168,52,116
113900246,1,15,-14
113900247,19,234,-215
113900248,489,516,-27
113900249,96,198,-102
113900250,11,84,-73
113900251,602,25,577
113900252,401,8,393
113900253,257,2,255
113900254,147,19,128
113900255,671,14,657
113900256,227,27,200
113900257,3,100,-97
113900258,0,173,-173
113900259,316,40,276
113900260,126,3,123
113900261,13,7,6
113900262,144,91,53
113900263,1,53,-52
113900264,2,84,-82
113900265,54,63,-9
113900266,13,56,-43
113900267,14,137,-123
113900268,20,74,-54
113900269,18,42,-24
113900270,78,87,-9
113900271,70,101,-31
113900273,3,2,1
113900274,25,6,19
113900275,0,8,-8
113900276,2,37,-35
113900277,161,4,157
113900278,15,29,-14
113900279,4,7,-3
113900280,143,146,-3
113900281,63,414,-351
113900282,51,81,-30
113900283,130,166,-36
113900284,547,41,506
113900285,62,10,52
113900286,27,8,19
113900287,28,1,27
113900288,0,69,-69
113900289,110,56,54
113900290,50,94,-44
113900291,34,35,-1
113900292,1,6,-5
113900293,7,89,-82
113900294,420,31,389
113900295,168,47,121
113900296,425,163,262
113900297,956,21,935
113900298,8,176,-168
113900299,94,86,8
113900300,1132,2083,-951
113900301,92,287,-195
113900302,809,282,527
113900303,38,357,-319
113900304,0,12,-12
113900305,138,2,136
113900306,24,0,24
113900307,15,0,15
113900308,4,5,-1
113900309,1,262,-261
113900310,2,4,-2
113900311,4,0,4
113900312,14,39,-25
113900313,1,1,0
113900314,0,0,0
113900315,201,27,174
114000001,488,463,25
114000002,145,106,39
114000003,155,192,-37
114000004,445,70,375
114000005,380,73,307
114000006,479,313,166
114000007,412,419,-7
114000008,687,487,200
114000009,1096,61,1035
114000011,1656,791,865
114000012,2748,691,2057
114000013,1414,433,981
114000014,301,86,215
114000015,1381,87,1294
114000016,207,18,189
114000017,102,542,-440
114000018,48,5,43
114000026,2395,380,2015
114000027,3427,1025,2402
114000028,1118,1680,-562
114000038,286,64,222
114000039,99,10,89
114000040,154,219,-65
114000042,87,109,-22
114000043,55,80,-25
114000044,438,15,423
114000045,20,3,17
114000046,564,1330,-766
114000047,1,78,-77
114000048,89,32,57
114000049,1348,584,764
114000050,1214,408,806
114000051,1908,983,925
114000052,1758,1510,248
114000053,3,616,-613
114000054,120,354,-234
114000055,252,12,240
114000056,14,235,-221
114000057,1397,785,612
114000058,15,307,-292
114000059,22,416,-394
114000060,140,227,-87
114000061,768,892,-124
114000062,156,364,-208
114000063,443,384,59
114000064,656,1588,-932
114000065,462,550,-88
114000066,400,358,42
114000067,12,689,-677
114000068,152,342,-190
114000069,571,97,474
114000070,978,785,193
114000071,672,54,618
114000072,693,43,650
114000073,26,34,-8
114000074,55,5,50
114000075,69,11,58
114000076,4,16,-12
114000077,0,10,-10
114000078,231,104,127
114000079,367,17,350
114000080,44,39,5
114000081,96,21,75
114000082,16,116,-100
114000083,31,8,23
114000084,133,71,62
114000085,25,49,-24
114000086,177,100,77
114000087,186,18,168
114000088,84,24,60
114000089,236,66,170
114000090,482,243,239
114000091,458,340,118
114000092,239,80,159
114000093,861,118,743
114000094,269,141,128
114000095,262,180,82
114000096,33,161,-128
114000097,81,157,-76
114000098,740,101,639
114000099,470,93,377
114000100,1657,193,1464
114000101,211,136,75
114000102,838,112,726
114000103,78,101,-23
114000104,0,49,-49
114000105,260,33,227
114000106,274,1264,-990
114000107,294,65,229
114000108,362,317,45
114000109,547,1702,-1155
114000110,389,247,142
114000111,1619,787,832
114000112,160,436,-276
114000113,1863,152,1711
114000114,207,307,-100
114000115,2018,331,1687
114000116,681,3011,-2330
114000117,3288,245,3043
114000118,2808,126,2682
114000119,2326,216,2110
114000120,642,495,147
114000121,152,157,-5
114000122,317,138,179
114000123,1796,163,1633
114000124,1019,151,868
114000125,676,581,95
114000126,1148,168,980
114000127,91,103,-12
114000128,701,121,580
114000130,274,402,-128
114000131,325,19,306
114000132,389,82,307
114000133,272,140,132
114000134,35,5,30
114000138,2,7,-5
114000139,168,100,68
114000144,406,241,165
114000145,11,1,10
114000146,41,23,18
114000147,435,1429,-994
114000148,373,751,-378
114000149,177,125,52
114000150,89,189,-100
114000151,223,2227,-2004
114000152,50,6,44
114000153,279,431,-152
114000154,210,121,89
114000155,507,1942,-1435
114000156,480,272,208
114000157,194,707,-513
114000158,234,211,23
114000159,127,104,23
114000160,41,89,-48
114000161,548,641,-93
114000162,625,988,-363
114000163,1,4,-3
114000165,192,118,74
114000166,146,148,-2
114000167,1106,710,396
114000168,289,43,246
114000169,523,505,18
114000170,495,436,59
114000171,946,6733,-5787
114000174,65,48,17
114000176,136,91,45
114000177,246,216,30
114000178,27,15,12
114000179,537,541,-4
114000180,182,155,27
114000181,776,3041,-2265
114000182,413,1001,-588
114000183,267,233,34
114000184,1119,215,904
114000185,845,481,364
114000189,1327,79,1248
114000190,2558,245,2313
114000191,73,284,-211
114000192,80,303,-223
114000193,146,478,-332
114000194,1277,553,724
114000195,223,124,99
114000196,4,55,-51
114000197,1773,31,1742
114000198,210,189,21
114000199,462,832,-370
114000200,351,548,-197
114000201,189,273,-84
114000202,736,448,288
114000203,716,468,248
114000204,26,120,-94
114000205,210,523,-313
114000206,343,501,-158
114000207,166,304,-138
114000208,389,330,59
114000209,293,395,-102
114000210,107,306,-199
114000211,1634,540,1094
114000212,1005,712,293
114000213,1999,312,1687
114000214,49,8,41
114000215,30,8,22
114000216,1049,307,742
114000217,311,139,172
114000218,258,107,151
114000219,1232,95,1137
114000220,16,182,-166
114000221,1183,102,1081
114000222,112,216,-104
114000223,504,72,432
114000224,19,141,-122
114000225,274,115,159
114000226,295,51,244
114000227,1237,395,842
114000228,842,226,616
114000229,1442,729,713
114000230,1342,318,1024
114000231,901,820,81
114000232,1141,125,1016
114000233,1692,44,1648
114000234,1293,417,876
114000235,1293,727,566
114000236,0,120,-120
114000237,107,264,-157
114000238,72,247,-175
114000239,75,368,-293
114000240,665,1031,-366
114000241,313,381,-68
114000242,563,314,249
114000243,1792,827,965
114000244,335,159,176
114000245,343,829,-486
114000246,71,22,49
114000247,436,349,87
114000248,1273,413,860
114000249,809,222,587
114000250,761,122,639
114000251,172,79,93
114000252,56,14,42
114000253,47,15,32
114000254,36,0,36
114000255,107,83,24
114000256,133,320,-187
114000257,348,448,-100
114000258,249,82,167
114000259,103,115,-12
114000260,0,5,-5
114000261,90,23,67
114000262,172,29,143
114000263,2,0,2
114000264,1236,106,1130
114000265,0,2,-2
114000267,1,1423,-1422
114000268,1,462,-461
114000270,143,0,143
114000271,155,130,25
114000283,1503,147,1356
114000285,5,102,-97
114000288,97,94,3
114000289,1642,41,1601
114000293,203,121,82
114000294,149,210,-61
114000395,1091,14,1077
114000396,375,180,195
114000402,569,90,479
114000403,396,95,301
114000405,342,120,222
114000423,453,152,301
114000424,552,65,487
114000425,1095,91,1004
114000426,292,633,-341
114000427,22,5,17
114000428,70,40,30
114000429,5,25,-20
114000432,79,10,69
114000434,11,34,-23
114000435,1,61,-60
114900001,493,117,376
114900002,233,19,214
114900003,464,123,341
114900004,100,215,-115
114900005,241,115,126
114900006,60,39,21
114900007,76,12,64
114900008,308,6,302
114900010,350,954,-604
114900011,400,67,333
114900013,223,29,194
114900015,10,252,-242
114900018,943,24,919
114900020,35,34,1
114900022,35,312,-277
114900024,42,39,3
114900025,356,41,315
114900026,81,30,51
114900027,47,32,15
114900029,236,19,217
114900030,253,50,203
114900031,399,7,392
114900032,574,4,570
114900033,62,634,-572
114900034,9,4,5
114900035,15,72,-57
114900036,57,86,-29
114900037,21,6,15
114900038,74,53,21
114900039,553,59,494
114900040,134,6,128
114900041,891,20,871
114900042,801,49,752
114900043,66,15,51
114900044,51,44,7
114900046,9,4,5
114900047,20,2084,-2064
114900048,12,32,-20
114900049,4,33,-29
114900050,15,57,-42
114900051,12,45,-33
114900052,17,51,-34
114900053,6,92,-86
114900054,13,12,1
114900057,55,8,47
114900058,0,31,-31
114900059,108,36,72
114900060,22,98,-76
114900061,26,1,25
114900062,10,32,-22
114900063,35,11,24
114900064,1306,59,1247
114900065,325,452,-127
114900067,2,33,-31
114900068,4,9,-5
114900069,105,21,84
114900070,391,35,356
114900072,1,21,-20
114900073,0,27,-27
114900074,950,21,929
114900075,171,0,171
114900076,1,25,-24
114900080,163,72,91
114900082,907,1046,-139
114900083,35,163,-128
114900090,521,67,454
114900091,34,45,-11
114900095,13,12,1
114900096,20,29,-9
114900097,161,0,161
114900098,1,32,-31
114900099,171,19,152
115000001,1760,1059,701
115000002,2238,4202,-1964
115000003,1831,831,1000
115000004,2989,3713,-724
115000005,763,908,-145
115000006,936,559,377
115000007,119,167,-48
115000008,179,234,-55
115000009,134,111,23
115000010,135,129,6
115000013,7,91,-84
115000015,7,84,-77
115000016,30,106,-76
115000019,10,335,-325
115000020,23,557,-534
115000021,88,193,-105
115000022,94,136,-42
115000023,178,300,-122
115000024,195,70,125
115000025,565,257,308
115000026,137,72,65
115000027,261,145,116
115000028,65,80,-15
115000029,634,28,606
115000030,255,150,105
115000031,388,37,351
115000032,2,79,-77
115000033,48,8,40
115000034,48,273,-225
115000035,434,61,373
115000036,0,70,-70
115000037,422,46,376
115000038,45,89,-44
115000039,1333,2045,-712
115000040,1671,1648,23
115000041,724,2704,-1980
115000042,269,313,-44
115000043,1872,1309,563
115000044,1491,1308,183
115000045,1507,514,993
115000046,2520,1163,1357
115000047,1737,867,870
115000048,1094,834,260
115000049,933,1165,-232
115000050,2013,883,1130
115000051,882,2893,-2011
115000052,615,888,-273
115000053,1568,2052,-484
115000054,477,515,-38
115000055,80,417,-337
115000056,168,105,63
115000057,424,789,-365
115000058,54,297,-243
115000059,107,378,-271
115000061,109,132,-23
115000062,200,344,-144
115000063,328,181,147
115000064,123,53,70
115000065,33,366,-333
115000067,192,13,179
115000069,41,195,-154
115000070,42,575,-533
115000071,75,23,52
115000072,6,36,-30
115000073,805,26,779
115000075,30,57,-27
115000076,1002,654,348
115000077,1122,482,640
115000078,971,303,668
115000079,818,502,316
115000080,2371,631,1740
115000081,125,208,-83
115000082,2901,2045,856
115000083,1395,468,927
115000084,2482,427,2055
115000085,791,214,577
115000086,661,305,356
115000087,299,740,-441
115000088,1167,330,837
115000089,825,576,249
115000090,293,521,-228
115000091,189,298,-109
115000092,803,303,500
115000093,613,0,613
115000094,2359,5247,-2888
115000095,1752,4236,-2484
115000096,680,276,404
115000097,1366,934,432
115000098,1232,205,1027
115000099,1564,615,949
115000100,1326,273,1053
115000101,379,321,58
115000102,411,112,299
115000103,232,278,-46
115000105,77,54,23
115000106,585,218,367
115000107,94,104,-10
115000108,831,620,211
115000109,1696,3549,-1853
115000110,617,1457,-840
115000111,124,309,-185
115000112,332,238,94
115000113,137,181,-44
115000114,292,79,213
115000116,659,805,-146
115000117,736,813,-77
115000118,754,796,-42
115000119,541,748,-207
115000120,260,800,-540
115000121,242,268,-26
115000122,304,644,-340
115000123,253,643,-390
115000124,338,497,-159
115000125,173,524,-351
115000126,73,223,-150
115000127,210,62,148
115000128,120,418,-298
115000129,123,336,-213
115000130,187,136,51
115000131,481,113,368
115000132,250,130,120
115000133,472,58,414
115000134,269,76,193
115000135,113,119,-6
115000136,150,89,61
115000137,34,65,-31
115000138,171,90,81
115000139,68,29,39
115000140,323,65,258
115000141,172,63,109
115000142,75,30,45
115000143,607,185,422
115000144,256,31,225
115000145,193,74,119
115000146,292,126,166
115000147,178,112,66
115000148,125,318,-193
115000149,380,96,284
115000150,265,130,135
115000151,757,167,590
115000152,361,221,140
115000153,945,172,773
115000154,681,128,553
115000155,369,222,147
115000156,280,436,-156
115000157,136,167,-31
115000158,44,103,-59
115000159,162,177,-15
115000160,152,152,0
115000161,97,244,-147
115000162,266,689,-423
115000163,144,165,-21
115000164,134,317,-183
115000165,96,227,-131
115000167,35,11,24
115000168,350,185,165
115000169,102,381,-279
115000170,42,130,-88
115000171,127,234,-107
115000172,369,458,-89
115000173,140,640,-500
115000174,53,243,-190
115000175,81,78,3
115000176,12,95,-83
115000177,22,154,-132
115000178,3,133,-130
115000179,18,58,-40
115000180,12,166,-154
115000181,528,68,460
115000182,830,122,708
115000183,291,193,98
115000186,299,28,271
115000187,154,99,55
115000188,233,158,75
115000189,184,244,-60
115000190,352,218,134
115000191,151,311,-160
115000194,70,21,49
115000195,17,40,-23
115000196,247,21,226
115000197,170,84,86
115000198,386,26,360
115000199,351,64,287
115000200,331,36,295
115000201,149,127,22
115000206,438,5,433
115000207,168,65,103
115000208,74,241,-167
115000209,275,194,81
115000210,152,80,72
115000211,66,82,-16
115000212,317,131,186
115000224,156,8,148
115000225,105,12,93
115000229,49,68,-19
115000230,18,66,-48
115000231,218,389,-171
115000232,2033,151,1882
115000233,78,51,27
115000234,44,83,-39
115000241,62,69,-7
115000242,118,23,95
115000243,36,39,-3
115000244,20,39,-19
115000246,21,11,10
115000247,3,5,-2
115000248,28,2,26
115000249,2,0,2
115000250,155,4,151
115000251,244,6,238
115000252,85,68,17
115000253,9,259,-250
115000258,188,13,175
115000259,38,6,32
115000261,32,2,30
115000262,1,11,-10
115000263,5,12,-7
115000264,0,1,-1
115000267,18,25,-7
115000268,21,30,-9
115000269,61,18,43
115000270,2,10,-8
115000272,64,27,37
115000273,311,4,307
115000280,270,246,24
115000281,61,1035,-974
115000282,244,709,-465
115000284,29,156,-127
115000296,218,2,216
115000297,21,291,-270
115000298,13,461,-448
115000300,49,146,-97
115000302,364,42,322
115000303,799,39,760
115000304,676,50,626
115000305,57,45,12
115000306,288,54,234
115000307,144,85,59
115000308,8,2,6
115000309,6,89,-83
115000310,1383,216,1167
115000311,989,521,468
115000313,48,67,-19
115000314,296,125,171
115000315,80,405,-325
115000316,26,71,-45
115000317,110,169,-59
115000318,586,165,421
115000319,44,74,-30
115000320,5,273,-268
115000321,222,27,195
115000322,28,104,-76
115000449,60,131,-71
115000557,1,1979,-1978
115000558,80,22,58
115000587,591,99,492
115000588,985,1187,-202
115000589,2602,1297,1305
115000590,290,573,-283
115000591,884,398,486
115000592,406,508,-102
115000593,1376,268,1108
115000594,213,1037,-824
115000609,172,166,6
115000617,192,1698,-1506
115000624,244,11,233
115000633,210,659,-449
115000634,1747,294,1453
115000635,342,42,300
115000638,118,213,-95
115000641,24,222,-198
115000642,130,77,53
115000643,31,136,-105
115000644,60,120,-60
115000646,200,439,-239
115000647,78,198,-120
115000648,1787,254,1533
115000893,729,382,347
115000894,91,391,-300
115000895,116,474,-358
115000896,517,185,332
115000897,126,37,89
115000898,114,127,-13
115000899,72,484,-412
115000900,4,113,-109
115000901,23,180,-157
115000912,208,68,140
115000913,1,0,1
115000915,6,0,6
115000916,1,0,1
115000917,0,13,-13
115000918,4,474,-470
115000919,0,22,-22
115000920,4,26,-22
115000921,66,26,40
115000922,217,354,-137
115000923,36,621,-585
115000925,99,70,29
115000927,38,36,2
115000933,7,199,-192
115000934,45,91,-46
115000935,62,30,32
115000936,29,587,-558
115000937,175,121,54
115000938,7,38,-31
115000939,2,66,-64
115000940,8,19,-11
115000941,0,26,-26
115000942,0,37,-37
115000943,2,35,-33
115000944,0,3,-3
115900001,231,3,228
115900002,26,41,-15
115900003,138,9,129
115900004,0,8,-8
115900005,375,4,371
115900006,37,38,-1
115900008,124,2,122
115900009,8,17,-9
115900010,370,18,352
115900011,194,40,154
115900012,199,1,198
115900013,281,39,242
115900014,63,28,35
115900015,197,8,189
115900016,91,14,77
115900017,53,28,25
115900018,49,11,38
115900019,2,6,-4
115900020,141,0,141
115900021,221,136,85
115900022,217,3,214
115900023,4,23,-19
115900025,4,22,-18
115900026,327,22,305
115900027,0,52,-52
115900028,96,10,86
115900029,1,58,-57
115900030,58,21,37
115900031,20,106,-86
115900032,92,129,-37
115900033,1,10,-9
115900034,10,50,-40
115900035,1,11,-10
115900036,3,1135,-1132
115900037,13,62,-49
115900038,14,10,4
115900039,67,28,39
115900041,46,464,-418
115900042,17,0,17
115900043,70,17,53
115900044,46,314,-268
115900046,409,59,350
115900047,59,113,-54
115900049,111,87,24
115900051,0,4,-4
115900052,4,57,-53
115900053,228,8,220
115900054,314,6,308
115900055,40,54,-14
115900056,57,21,36
115900057,22,21,1
115900058,2,11,-9
115900060,27,42,-15
115900061,263,1,262
115900062,16,23,-7
115900063,26,0,26
115900064,78,86,-8
115900065,136,19,117
115900066,25,30,-5
115900067,21,58,-37
115900068,750,1237,-487
115900069,26,64,-38
115900070,124,13,111
115900071,0,66,-66
115900072,12,56,-44
115900073,251,103,148
115900074,2,88,-86
115900075,8,40,-32
115900076,0,27,-27
115900077,1,35,-34
115900078,23,34,-11
115900079,295,1,294
115900080,58,5,53
115900081,20,21,-1
115900082,41,27,14
115900084,622,1,621
115900085,11,11,0
115900086,336,85,251
115900088,0,61,-61
115900089,397,158,239
115900090,535,2,533
115900091,0,10,-10
115900092,32,25,7
115900093,1,1,0
115900094,4,58,-54
115900096,1,0,1
115900097,5,116,-111
115900098,252,83,169
115900099,46,55,-9
115900100,0,140,-140
115900101,130,30,100
115900102,96,20,76
115900103,170,24,146
115900104,135,22,113
115900105,270,100,170
115900106,115,1,114
115900107,89,12,77
115900108,124,0,124
115900109,3,170,-167
115900110,31,1,30
115900111,0,4,-4
115900112,20,169,-149
115900113,56,4,52
115900114,1,35,-34
115900115,67,59,8
115900116,14,93,-79
115900117,93,1,92
115900118,7,95,-88
115900119,112,22,90
115900120,26,34,-8
115900121,229,9,220
115900124,105,537,-432
115900125,330,15,315
115900126,771,3,768
115900127,546,5,541
115900128,0,48,-48
115900129,260,4,256
115900130,2,273,-271
115900131,368,10,358
115900132,500,1,499
115900134,242,2,240
115900135,197,288,-91
115900137,36,9,27
115900139,15,33,-18
115900140,486,4,482
115900141,1,10,-9
115900142,0,11,-11
115900143,167,70,97
115900144,136,50,86
115900146,1,27,-26
115900147,58,199,-141
115900148,14,4,10
115900149,83,7,76
115900150,102,4,98
115900151,46,25,21
115900152,18,61,-43
115900153,154,27,127
115900154,72,127,-55
115900155,0,7,-7
115900156,269,237,32
115900157,172,194,-22
115900158,5,5,0
115900159,217,56,161
115900160,0,3,-3
115900161,8,22,-14
115900163,181,12,169
115900164,627,5,622
115900166,44,21,23
115900168,345,37,308
115900171,49,43,6
115900172,3,35,-32
115900173,76,12,64
115900174,75,34,41
115900175,97,10,87
115900178,36,77,-41
115900179,300,4,296
115900180,51,58,-7
115900181,192,50,142
115900182,459,35,424
115900183,1,95,-94
115900184,67,7,60
115900187,2,173,-171
115900189,0,63,-63
115900190,39,322,-283
115900191,4,56,-52
115900192,7,53,-46
115900193,22,23,-1
115900194,660,14,646
115900195,76,1694,-1618
115900198,120,159,-39
115900199,178,7,171
115900200,124,22,102
115900201,140,214,-74
115900202,1,161,-160
115900203,1,2,-1
115900204,1,37,-36
115900205,2,3,-1
115900206,432,48,384
115900207,31,7,24
115900208,106,9,97
115900209,12,52,-40
115900210,1,79,-78
115900211,20,16,4
115900212,198,24,174
115900213,28,193,-165
115900214,429,23,406
115900215,13,125,-112
115900216,0,22,-22
115900217,23,9,14
115900218,1,4,-3
115900219,224,1,223
115900220,289,7,282
115900221,157,3,154
115900222,92,2,90
115900223,0,239,-239
115900224,220,1286,-1066
115900225,13,18,-5
115900226,4,18,-14
115900227,3,14,-11
115900228,1,2,-1
115900229,1,6,-5
115900230,15,11,4
115900231,96,2,94
115900232,54,0,54
115900233,108,1,107
115900234,33,12,21
115900235,7,16,-9
115900236,6,26,-20
115900237,27,6,21
115900238,6,6,0
115900239,6,7,-1
115900240,3,4,-1
115900241,319,5,314
115900242,154,240,-86
115900243,0,8,-8
115900244,0,4,-4
115900245,68,0,68
115900246,3,0,3
115900247,1,0,1
115900248,0,0,0
115900249,2,3,-1
115900250,4,2,2
115900251,2,0,2
115900252,1,0,1
115900253,11,2,9
115900254,2,13,-11
115900255,2,11,-9
115900256,26,18,8
115900257,0,17,-17
115900258,0,0,0
115900259,1,0,1
115900260,5,0,5
115900261,1,1,0
115900262,7,0,7
115900263,1,0,1
115900264,1,0,1
115900265,0,1,-1
115900266,29,7,22
115900267,1,0,1
115900268,0,1,-1
115900269,888,43,845
115900270,304,48,256
115900271,189,1,188
115900272,17,1,16
115900273,1,27,-26
115900274,0,1,-1
115900275,0,1,-1
115900276,0,15,-15
115900277,1,6,-5
115900278,56,37,19
115900279,23,161,-138
115900280,4,403,-399
115900281,103,235,-132
115900282,0,49,-49
115900283,58,1,57
115900284,1,1,0
116000001,2291,825,1466
116000002,2602,10794,-8192
116000003,514,463,51
116000004,2661,4605,-1944
116000005,469,1272,-803
116000006,1503,2590,-1087
116000007,893,1079,-186
116000008,2632,1225,1407
116000009,469,1048,-579
116000010,2277,847,1430
116000011,379,536,-157
116000012,1419,635,784
116000013,2330,1539,791
116000014,5289,12845,-7556
116000015,22,410,-388
116000016,1624,3482,-1858
116000017,31,252,-221
116000018,58,94,-36
116000019,663,147,516
116000020,203,228,-25
116000021,410,165,245
116000022,288,137,151
116000023,647,514,133
116000024,392,206,186
116000025,604,310,294
116000026,542,1026,-484
116000027,182,279,-97
116000028,363,541,-178
116000029,151,153,-2
116000030,402,355,47
116000031,6,16,-10
116000032,200,24,176
116000033,501,119,382
116000034,529,321,208
116000035,130,60,70
116000036,82,451,-369
116000037,110,216,-106
116000038,39,168,-129
116000039,164,305,-141
116000040,190,360,-170
116000041,27,313,-286
116000042,440,280,160
116000043,43,223,-180
116000044,2,34,-32
116000045,736,602,134
116000046,476,490,-14
116000047,896,1126,-230
116000048,1708,603,1105
116000049,1088,1011,77
116000050,811,464,347
116000051,1863,1012,851
116000052,1381,1286,95
116000053,1571,212,1359
116000054,617,729,-112
116000055,530,298,232
116000056,1297,523,774
116000057,995,224,771
116000058,1316,1467,-151
116000059,1146,3206,-2060
116000060,866,718,148
116000061,158,1098,-940
116000062,354,232,122
116000063,287,1160,-873
116000066,201,382,-181
116000067,86,203,-117
116000068,64,212,-148
116000069,167,92,75
116000078,242,688,-446
116000080,776,253,523
116000082,1,7,-6
116000083,1409,170,1239
116000084,466,992,-526
116000085,1197,1334,-137
116000086,297,316,-19
116000087,2431,1263,1168
116000088,602,422,180
116000089,131,47,84
116000090,150,95,55
116000091,152,491,-339
116000093,515,121,394
116000094,719,184,535
116000095,613,149,464
116000096,842,1220,-378
116000097,627,219,408
116000098,29,5902,-5873
116000099,2562,335,2227
116000100,175,7,168
116000101,1067,68,999
116000102,232,238,-6
116000103,228,171,57
116000104,179,329,-150
116000105,1123,51,1072
116000106,393,460,-67
116000107,1640,208,1432
116000108,25,259,-234
116000111,90,9,81
116000113,31,8,23
116000114,7,32,-25
116000115,203,64,139
116000116,157,88,69
116000117,1071,683,388
116000118,1084,391,693
116000119,3066,873,2193
116000120,1543,986,557
116000121,1066,212,854
116000122,482,350,132
116000123,1623,103,1520
116000124,350,160,190
116000125,2319,148,2171
116000126,115,235,-120
116000127,418,247,171
116000128,1899,220,1679
116000129,973,85,888
116000130,649,235,414
116000133,1357,143,1214
116000134,796,393,403
116000135,2444,452,1992
116000136,401,572,-171
116000137,967,232,735
116000138,378,156,222
116000139,1266,2427,-1161
116000140,292,206,86
116000141,296,290,6
116000142,2761,1497,1264
116000143,1963,1500,463
116000144,1658,1023,635
116000145,2316,661,1655
116000146,742,74,668
116000147,125,137,-12
116000148,555,462,93
116000149,213,266,-53
116000151,582,271,311
116000153,89,256,-167
116000155,132,212,-80
116000156,445,253,192
116000157,70,2,68
116000158,311,40,271
116000159,2,6,-4
116000160,29,36,-7
116000161,13,38,-25
116000162,16,142,-126
116000163,16,3,13
116000164,9,29,-20
116000177,54,156,-102
116000194,39,118,-79
116000195,1311,226,1085
116000196,14,3,11
116000197,21,18,3
116000198,810,499,311
116000200,250,637,-387
116000201,396,152,244
116000202,3,71,-68
116000203,0,7,-7
116000204,1,1,0
116000205,0,21,-21
116000206,0,87,-87
116000207,6,34,-28
116000233,93,110,-17
116000287,144,62,82
116000288,324,140,184
116000292,0,0,0
116000296,4,49,-45
116000297,162,8,154
116000304,249,3,246
116000305,14,10,4
116000346,174,40,134
116000352,98,23,75
116000354,45,4,41
116000357,5,2,3
116000358,260,104,156
116000361,47,0,47
116000372,1697,3845,-2148
116000381,157,16,141
116000388,13,46,-33
116000389,592,59,533
116000445,924,94,830
116000446,675,54,621
116000447,11,335,-324
116000448,264,43,221
116000563,337,585,-248
116000565,139,121,18
116000568,30,409,-379
116000579,14,142,-128
116000583,58,25,33
116000584,32,3,29
116000585,15,27,-12
116000586,12,36,-24
116000587,285,119,166
116000589,72,52,20
116000590,120,18,102
116000591,304,64,240
116000592,19,30,-11
116000593,0,12,-12
116000594,984,122,862
116000595,635,35,600
116000596,168,0,168
116000597,517,157,360
116000598,26,115,-89
116000605,90,55,35
116000606,65,232,-167
116000607,47,34,13
116000609,29,866,-837
116000611,209,74,135
116000612,1255,1960,-705
116000613,686,258,428
116000614,333,97,236
116000615,0,0,0
116000616,48,25,23
116000617,116,2,114
116000618,9,18,-9
116000619,19,88,-69
116000620,321,93,228
116000621,109,48,61
116000622,79,54,25
116000624,70,58,12
116000627,258,23,235
116000628,40,91,-51
116000629,19,140,-121
116000630,1055,1,1054
116000631,433,13,420
116000632,1346,13,1333
116000633,293,76,217
116000634,750,9,741
116000635,1014,1068,-54
116000636,227,947,-720
116000637,773,1,772
116000638,167,115,52
116000639,15,1,14
116000640,9,6,3
116000641,1,0,1
116000643,0,4,-4
116000644,17,30,-13
116000645,13,7,6
116900001,44,19,25
116900002,181,0,181
116900003,68,0,68
116900004,29,48,-19
116900005,270,3,267
116900006,122,129,-7
116900007,46,50,-4
116900008,640,37,603
116900009,19,6,13
116900010,0,166,-166
116900011,0,2,-2
116900012,48,56,-8
116900013,13,15,-2
116900014,156,27,129
116900016,246,7,239
116900017,0,214,-214
116900018,67,46,21
116900019,1,68,-67
116900020,264,592,-328
116900023,25,11,14
116900025,1206,206,1000
116900026,49,159,-110
116900027,78,23,55
116900028,0,4,-4
116900029,31,1166,-1135
116900031,2,0,2
116900032,4,87,-83
116900033,36,1,35
116900034,13,4,9
116900035,92,52,40
116900036,0,44,-44
116900038,24,1,23
116900041,86,5,81
116900042,42,58,-16
116900043,35,22,13
116900047,5,219,-214
116900049,1,64,-63
116900050,29,59,-30
116900051,262,10,252
116900052,102,32,70
116900055,1,4,-3
116900057,22,17,5
116900058,5,88,-83
116900059,0,13,-13
116900060,64,86,-22
116900062,3,32,-29
116900064,39,72,-33
116900065,1,31,-30
116900067,22,8,14
116900068,118,79,39
116900070,20,1,19
116900072,8,42,-34
116900073,3,30,-27
116900074,6,7,-1
116900076,13,34,-21
116900077,1,46,-45
116900078,36,25,11
116900079,13,39,-26
116900080,0,4,-4
116900081,34,167,-133
116900082,72,518,-446
116900083,8,5,3
116900084,19,11,8
116900085,0,20,-20
116900086,29,277,-248
116900088,46,3,43
116900090,11,4,7
116900091,330,5,325
116900092,31,142,-111
116900093,734,627,107
116900094,1621,3635,-2014
116900095,178,21,157
116900096,225,138,87
116900097,604,2266,-1662
116900098,128,66,62
116900099,57,757,-700
116900100,941,74,867
116900101,70,127,-57
116900103,2,0,2
116900104,15,1520,-1505
116900105,287,189,98
116900106,2837,28,2809
116900107,665,2762,-2097
116900110,4,0,4
116900111,631,233,398
116900112,312,183,129
116900113,499,1881,-1382
116900116,11,152,-141
116900117,184,22,162
116900118,361,738,-377
116900120,399,27,372
116900121,221,15,206
116900122,1157,130,1027
116900123,196,113,83
116900124,64,139,-75
116900125,301,34,267
116900126,34,317,-283
116900128,0,1,-1
116900129,0,66,-66
116900130,320,3195,-2875
116900131,7,80,-73
116900132,30,37,-7
116900133,125,52,73
116900134,179,149,30
116900136,109,12,97
116900137,51,33,18
116900138,98,18,80
116900139,19,41,-22
116900140,86,41,45
116900141,293,46,247
116900142,2,87,-85
116900143,248,40,208
116900144,29,17,12
116900145,12,38,-26
116900147,67,271,-204
116900148,0,5,-5
116900149,42,174,-132
116900150,0,0,0
116900151,57,14,43
116900153,92,35,57
116900154,43,259,-216
116900155,61,17,44
116900157,892,6,886
116900158,101,196,-95
116900159,20,184,-164
116900160,477,303,174
116900161,1048,5610,-4562
116900162,1,25,-24
116900163,286,7,279
116900164,89,40,49
116900165,417,157,260
116900166,107,39,68
116900167,463,6,457
116900168,362,31,331
116900169,48,226,-178
116900170,343,181,162
116900171,40,73,-33
116900172,64,373,-309
116900173,497,1,496
116900174,57,131,-74
116900175,85,158,-73
116900178,31,34,-3
116900179,29,334,-305
116900180,82,1,81
116900182,391,89,302
116900183,159,68,91
116900185,3,10,-7
116900186,130,81,49
116900187,45,50,-5
116900188,99,10,89
116900189,0,0,0
116900191,100,55,45
116900192,289,88,201
116900194,32,520,-488
116900195,46,5,41
116900196,1,40,-39
116900197,105,1,104
116900198,36,409,-373
116900200,85,2,83
116900201,338,1,337
116900202,39,11,28
116900203,125,2,123
116900204,71,178,-107
116900206,13,1,12
116900207,7,8,-1
116900208,5,22,-17
116900209,28,23,5
116900210,96,49,47
116900211,206,0,206
116900212,99,4,95
116900213,101,19,82
116900214,163,53,110
116900215,31,11,20
116900216,65,40,25
116900218,39,247,-208
116900219,215,74,141
116900220,43,84,-41
116900221,92,195,-103
116900222,187,68,119
116900223,23,24,-1
116900226,159,6,153
116900227,253,16,237
116900228,310,22,288
116900230,62,106,-44
116900233,904,61,843
116900234,15,0,15
116900235,38,28,10
116900238,278,44,234
116900239,14,1143,-1129
116900240,3315,2797,518
116900241,37,24,13
116900242,356,659,-303
116900243,1,6,-5
116900245,12,31,-19
116900246,68,34,34
116900247,904,32,872
116900248,60,2,58
116900249,448,59,389
116900250,311,21,290
116900251,140,657,-517
116900252,177,170,7
116900254,20,71,-51
116900255,78,69,9
116900256,445,109,336
116900257,9,68,-59
116900258,5,5,0
116900259,177,2,175
116900260,1,5,-4
116900261,49,0,49
116900262,106,35,71
116900263,0,2,-2
116900264,10,10,0
116900265,99,0,99
116900266,77,4,73
116900267,1,0,1
116900268,1,184,-183
116900269,221,427,-206
116900271,184,343,-159
116900272,81,86,-5
116900273,21,49,-28
116900274,89,29,60
116900275,157,24,133
116900276,149,244,-95
116900277,31,1,30
116900278,0,3,-3
116900279,1,23,-22
116900280,74,14,60
116900281,1384,4132,-2748
116900282,0,33,-33
116900283,5,11,-6
116900284,10,65,-55
116900285,28,164,-136
116900286,31,1,30
116900287,2,3,-1
116900288,151,27,124
116900289,20,2,18
116900290,9,2,7
116900291,31,14,17
116900292,1,34,-33
116900293,56,2,54
116900294,0,45,-45
116900295,127,353,-226
116900296,36,28,8
116900297,0,22,-22
116900298,5,203,-198
116900299,5,764,-759
116900300,1,22,-21
116900301,41,76,-35
116900302,2,62,-60
116900303,79,59,20
116900304,0,63,-63
116900305,1,7,-6
116900306,284,31,253
116900307,281,3,278
116900308,0,28,-28
116900309,765,50,715
117000001,1949,1699,250
117000002,1455,1714,-259
117000003,3755,1279,2476
117000004,1465,2009,-544
117000005,2690,755,1935
117000006,646,1098,-452
117000007,4546,893,3653
117000008,634,1229,-595
117000009,2553,809,1744
117000010,592,788,-196
117000011,2426,513,1913
117000012,1372,576,796
117000013,1799,467,1332
117000014,1130,1732,-602
117000015,1844,1023,821
117000016,119,213,-94
117000017,50,261,-211
117000018,31,661,-630
117000019,19,173,-154
117000020,295,1766,-1471
117000021,760,538,222
117000022,117,261,-144
117000023,42,393,-351
117000024,86,188,-102
117000025,153,1528,-1375
117000026,765,1640,-875
117000027,360,1101,-741
117000028,263,418,-155
117000030,174,272,-98
117000031,222,122,100
117000032,820,1032,-212
117000033,869,395,474
117000034,169,163,6
117000035,187,62,125
117000036,250,319,-69
117000037,224,106,118
117000038,107,385,-278
117000039,136,135,1
117000040,51,230,-179
117000041,1193,25,1168
117000044,4,265,-261
117000045,624,143,481
117000046,204,563,-359
117000047,552,568,-16
117000048,769,484,285
117000049,7,154,-147
117000050,173,651,-478
117000051,2305,19,2286
117000052,67,105,-38
117000053,1049,10,1039
117000054,1346,2,1344
117000055,14,562,-548
117000056,599,21,578
117000057,295,704,-409
117000060,308,522,-214
117000061,1987,903,1084
117000062,196,401,-205
117000063,995,547,448
117000064,344,237,107
117000066,191,280,-89
117000067,64,320,-256
117000074,4,40,-36
117000076,11,12,-1
117000077,60,31,29
117000078,125,174,-49
117000079,117,63,54
117000080,0,277,-277
117000081,289,44,245
117000082,56,68,-12
117000083,42,4,38
117000084,88,0,88
117000085,221,345,-124
117000086,299,176,123
117000087,52,223,-171
117000088,286,55,231
117000089,2229,125,2104
117000090,270,398,-128
117000091,1118,80,1038
117000092,238,363,-125
117000093,1908,86,1822
117000094,446,547,-101
117000095,2627,90,2537
117000096,416,633,-217
117000097,1587,361,1226
117000098,812,1144,-332
117000099,4053,513,3540
117000100,209,139,70
117000101,65,217,-152
117000102,1727,168,1559
117000103,176,463,-287
117000104,1779,183,1596
117000105,224,492,-268
117000106,1705,134,1571
117000107,224,506,-282
117000108,2240,625,1615
117000109,541,801,-260
117000110,1342,1141,201
117000111,2614,2595,19
117000112,2780,667,2113
117000113,30,47,-17
117000114,285,63,222
117000115,65,25,40
117000116,244,47,197
117000117,961,830,131
117000118,200,302,-102
117000119,82,364,-282
117000120,10,335,-325
117000121,3,365,-362
117000122,473,770,-297
117000123,399,62,337
117000124,29,36,-7
117000125,10,370,-360
117000126,12,8,4
117000127,42,199,-157
117000128,32,223,-191
117000129,148,696,-548
117000130,171,26,145
117000131,0,55,-55
117000132,2919,5,2914
117000133,3175,7,3168
117000134,0,0,0
117000135,2,40,-38
117000136,0,16,-16
117000137,261,63,198
117000138,0,1,-1
117000140,162,292,-130
117000141,1923,162,1761
117000181,37,46,-9
117000182,638,893,-255
117000195,18,222,-204
117000196,490,155,335
117000225,4,90,-86
117000226,3,93,-90
117000276,393,13,380
117000277,0,93,-93
117000310,608,2276,-1668
117000315,35,366,-331
117000320,48,2,46
117000906,730,8,722
117000907,1,72,-71
117000909,33,81,-48
117000910,199,66,133
117000911,22,61,-39
117000915,1,122,-121
117000916,90,1,89
117000917,1062,30,1032
117000918,172,29,143
117000919,0,17,-17
117000920,2,360,-358
117000921,1,266,-265
117000922,12,8,4
117000924,1011,552,459
117000926,245,111,134
117000927,79,250,-171
117000928,0,50,-50
117000929,460,89,371
117000930,454,5,449
117000931,54,87,-33
117900002,45,427,-382
117900003,45,12,33
117900005,0,57,-57
117900006,0,48,-48
117900007,87,38,49
117900008,0,10,-10
117900010,295,133,162
117900011,0,170,-170
117900012,22,27,-5
117900013,0,56,-56
117900014,474,171,303
117900015,2,102,-100
117900016,294,703,-409
117900017,555,240,315
117900018,117,233,-116
117900019,580,113,467
117900020,32,63,-31
117900021,29,26,3
117900023,755,23,732
117900024,62,77,-15
117900025,8,1,7
117900026,327,118,209
117900028,3,0,3
117900029,178,264,-86
117900030,115,204,-89
117900031,143,82,61
117900032,745,222,523
117900033,295,147,148
117900034,39,13,26
117900035,200,63,137
117900036,230,116,114
117900037,196,33,163
117900038,12,46,-34
117900039,0,12,-12
117900040,37,45,-8
117900041,0,9,-9
117900042,899,188,711
117900043,0,7,-7
117900044,4,2820,-2816
117900045,99,32,67
117900048,218,82,136
117900049,231,233,-2
117900050,3,80,-77
117900051,2,4,-2
117900052,44,507,-463
117900053,1664,99,1565
117900054,0,7,-7
117900055,250,72,178
117900056,5,17,-12
117900057,393,313,80
117900058,3,51,-48
117900059,32,68,-36
117900060,1925,650,1275
117900061,1,189,-188
117900063,448,80,368
117900065,128,325,-197
117900066,1,110,-109
117900067,573,45,528
117900069,545,51,494
117900070,58,200,-142
117900071,156,30,126
117900073,543,16,527
117900074,37,76,-39
117900075,128,28,100
117900076,3,77,-74
117900077,459,16,443
117900078,428,195,233
117900080,125,52,73
117900081,101,78,23
117900082,491,130,361
117900083,597,290,307
117900086,181,27,154
117900087,137,20,117
117900088,275,266,9
117900089,1956,322,1634
117900090,365,300,65
117900091,212,19,193
117900092,151,13,138
117900093,138,6,132
117900094,30,67,-37
117900095,410,597,-187
117900096,157,92,65
117900097,144,7,137
117900098,72,12,60
117900099,173,1828,-1655
117900100,481,1,480
117900101,639,1972,-1333
117900102,85,9,76
117900103,80,0,80
117900104,3,935,-932
117900105,75,84,-9
117900106,74,21,53
117900107,51,0,51
117900109,1031,560,471
117900110,172,1,171
117900111,748,41,707
117900112,15,1,14
117900113,642,1786,-1144
117900114,28,0,28
117900115,43,58,-15
117900116,337,258,79
117900117,672,175,497
117900118,113,0,113
117900119,315,14,301
117900120,335,2,333
117900121,79,13,66
117900122,234,4003,-3769
117900123,597,205,392
117900124,59,171,-112
117900125,989,399,590
117900126,45,173,-128
117900127,350,76,274
117900128,303,266,37
117900129,54,0,54
117900130,409,133,276
117900131,1,13,-12
117900132,25,14,11
117900133,13,13,0
117900134,30,12,18
117900135,2,46,-44
117900136,0,7,-7
117900137,2,50,-48
117900138,0,7,-7
117900139,24,12,12
117900140,4797,239,4558
117900141,28,121,-93
117900142,37,269,-232
117900144,5,72,-67
117900145,1,73,-72
117900146,55,199,-144
117900147,32,35,-3
117900148,998,1743,-745
117900149,28,19,9
117900150,60,38,22
117900151,20,81,-61
117900152,10,36,-26
117900153,6,104,-98
117900154,303,208,95
117900156,274,194,80
117900157,82,162,-80
117900158,428,11,417
117900160,626,467,159
117900161,387,256,131
117900162,512,257,255
117900163,19,442,-423
117900165,1,4,-3
117900166,3,111,-108
117900168,101,65,36
117900169,0,17,-17
117900170,2,8,-6
117900171,2,1,1
117900172,25,4,21
117900173,53,4,49
117900174,0,5,-5
117900175,2,8,-6
117900176,0,10,-10
117900177,2,2,0
117900178,8,13,-5
117900180,56,7,49
117900181,13,482,-469
117900182,4,70,-66
117900183,122,98,24
117900184,49,20,29
117900185,80,2,78
117900186,59,7,52
117900187,24,5,19
117900188,36,5,31
117900189,50,5,45
117900190,49,0,49
117900191,67,0,67
117900192,197,1,196
117900193,83,104,-21
117900194,11,0,11
117900195,0,28,-28
117900196,6,5,1
117900207,14,85,-71
117900208,6,15,-9
117900209,111,38,73
117900210,27,7,20
117900211,0,17,-17
117900212,105,39,66
117900213,39,0,39
117900214,0,2,-2
117900215,13,72,-59
117900216,9,54,-45
117900217,43,30,13
117900218,57,80,-23
117900219,2,42,-40
117900220,9,75,-66
117900222,84,21,63
117900223,48,208,-160
118000001,344,912,-568
118000002,279,624,-345
118000003,1199,2234,-1035
118000004,923,1199,-276
118000005,1603,1382,221
118000006,739,1623,-884
118000007,2793,5306,-2513
118000008,682,3290,-2608
118000009,844,1993,-1149
118000010,1340,2092,-752
118000011,1418,367,1051
118000012,445,500,-55
118000013,956,821,135
118000014,949,678,271
118000016,114,129,-15
118000017,439,271,168
118000018,216,102,114
118000019,606,1352,-746
118000020,275,1255,-980
118000021,234,1457,-1223
118000022,620,286,334
118000023,201,128,73
118000024,339,361,-22
118000027,3575,3270,305
118000029,569,616,-47
118000032,192,940,-748
118000033,1034,2047,-1013
118000034,1356,1223,133
118000035,1010,1122,-112
118000036,503,553,-50
118000037,347,563,-216
118000038,327,30,297
118000039,80,32,48
118000040,961,600,361
118000041,1447,600,847
118000045,90,146,-56
118000046,252,595,-343
118000047,168,907,-739
118000048,491,1222,-731
118000051,672,1840,-1168
118000052,231,850,-619
118000053,83,499,-416
118000054,1319,693,626
118000055,812,779,33
118000056,102,235,-133
118000057,45,280,-235
118000058,691,2138,-1447
118000059,426,1790,-1364
118000060,642,212,430
118000061,605,734,-129
118000062,263,75,188
118000063,178,694,-516
118000064,253,749,-496
118000065,976,684,292
118000066,630,1623,-993
118000067,303,370,-67
118000068,279,5923,-5644
118000069,468,750,-282
118000070,1798,1348,450
118000071,1315,5440,-4125
118000072,315,2540,-2225
118000073,269,1346,-1077
118000074,269,993,-724
118000075,378,861,-483
118000076,943,3485,-2542
118000077,516,662,-146
118000078,1074,1169,-95
118000079,37,192,-155
118000080,291,235,56
118000081,732,651,81
118000082,135,603,-468
118000083,704,921,-217
118000084,567,1008,-441
118000086,209,345,-136
118000087,1960,1407,553
118000088,687,618,69
118000089,1704,1945,-241
118000090,658,1696,-1038
118000091,593,2385,-1792
118000092,248,182,66
118000093,76,403,-327
118000096,368,264,104
118000097,210,233,-23
118000098,165,112,53
118000099,446,91,355
118000101,1048,165,883
118000102,317,279,38
118000107,567,133,434
118000108,172,2783,-2611
118000110,0,7,-7
118000111,1,37,-36
118000112,1143,0,1143
118000113,4,92,-88
118000114,596,2,594
118000115,4,3,1
118000116,21,0,21
118000117,264,424,-160
118000118,687,644,43
118000119,753,674,79
118000120,456,508,-52
118000121,2,142,-140
118000122,188,113,75
118000123,75,69,6
118000125,534,841,-307
118000126,269,1383,-1114
118000127,416,511,-95
118000128,213,1135,-922
118000129,648,346,302
118000130,867,1495,-628
118000131,176,406,-230
118000132,1959,1700,259
118000133,975,526,449
118000135,315,326,-11
118000136,69,247,-178
118000137,266,53,213
118000138,268,124,144
118000139,257,76,181
118000140,1643,5031,-3388
118000141,2137,1172,965
118000142,1665,756,909
118000143,2070,956,1114
118000144,381,196,185
118000145,500,482,18
118000146,754,154,600
118000147,552,324,228
118000148,669,1065,-396
118000149,480,205,275
118000150,649,64,585
118000151,546,102,444
118000153,1361,480,881
118000154,1346,570,776
118000155,1722,588,1134
118000156,1084,1564,-480
118000157,342,101,241
118000158,105,426,-321
118000159,75,87,-12
118000160,485,160,325
118000161,408,125,283
118000162,704,524,180
118000163,720,654,66
118000164,1336,783,553
118000168,228,405,-177
118000169,381,436,-55
118000170,1252,1252,0
118000171,184,226,-42
118000172,75,100,-25
118000173,516,703,-187
118000175,76,76,0
118000176,177,198,-21
118000177,155,290,-135
118000178,4,12,-8
118000179,499,383,116
118000180,514,234,280
118000181,291,66,225
118000182,98,56,42
118000183,146,117,29
118000184,938,254,684
118000185,205,826,-621
118000186,124,643,-519
118000187,1371,150,1221
118000188,714,19,695
118000189,759,39,720
118000190,2,2,0
118000191,1,0,1
118000192,8,71,-63
118000193,4,137,-133
118000194,720,604,116
118000195,69,777,-708
118000196,24,103,-79
118000197,28,746,-718
118000198,213,1280,-1067
118000199,107,863,-756
118000200,22,157,-135
118000201,102,356,-254
118000202,18,112,-94
118000203,103,731,-628
118000204,19,250,-231
118000205,14,108,-94
118000206,92,105,-13
118000207,0,35,-35
118000208,881,898,-17
118000209,1454,403,1051
118000210,162,15,147
118000211,90,55,35
118000213,218,1758,-1540
118000214,52,274,-222
118000215,378,30,348
118000216,3729,690,3039
118000217,4,36,-32
118000218,25,8,17
118000219,90,52,38
118000220,3,22,-19
118000221,309,366,-57
118000222,70,7,63
118000223,48,13,35
118000224,51,23,28
118000225,74,273,-199
118000226,834,45,789
118000227,174,166,8
118000228,11,101,-90
118000229,22,96,-74
118000230,56,110,-54
118000231,34,121,-87
118000232,510,115,395
118000233,975,305,670
118000234,296,52,244
118000236,197,110,87
118000237,138,81,57
118000238,199,36,163
118000239,181,176,5
118000240,38,55,-17
118000241,106,34,72
118000242,203,28,175
118000243,137,91,46
118000244,20,21,-1
118000246,0,7,-7
118000255,30,159,-129
118000256,74,84,-10
118000259,1,43,-42
118000260,183,10,173
118000261,16,4,12
118000263,49,49,0
118000266,53,59,-6
118000267,0,48,-48
118000268,59,5,54
118000270,74,15,59
118000271,275,44,231
118000272,19,6,13
118000273,166,8,158
118000274,24,25,-1
118000276,347,97,250
118000295,24,66,-42
118000298,20,42,-22
118000299,6,38,-32
118000301,0,23,-23
118000302,22,4,18
118000311,913,7,906
118000312,284,31,253
118000313,33,19,14
118000314,107,7,100
118000315,27,4,23
118000316,663,124,539
118000325,72,2,70
118000326,32,13,19
118000331,52,3,49
118000332,11,1,10
118000333,25,20,5
118000335,409,0,409
118000336,0,41,-41
118000407,234,33,201
118000457,0,25,-25
118000465,391,1233,-842
118000480,16,9,7
118000489,4,278,-274
118000490,3,152,-149
118000492,601,32,569
118000510,5,1,4
118000514,35,129,-94
118000515,324,733,-409
118000517,112,68,44
118000524,163,207,-44
118000525,102,335,-233
118000530,29,69,-40
118000531,325,101,224
118000532,48,86,-38
118000533,102,52,50
118000534,390,132,258
118000535,373,20,353
118000536,19,158,-139
118000537,25,40,-15
118000538,25,12,13
118000539,8,45,-37
118000540,110,35,75
118000541,25,59,-34
118000542,35,108,-73
118000543,47,59,-12
118000546,54,10,44
118000553,0,0,0
118000557,0,0,0
118000560,262,995,-733
118000562,42,18,24
118000563,901,414,487
118000576,69,49,20
118000577,91,89,2
118000578,92,34,58
118000579,206,845,-639
118000583,0,0,0
118000595,200,22,178
118000596,0,45,-45
118000597,141,53,88
118000598,2,0,2
118000599,175,7,168
118000600,0,3,-3
118000601,0,0,0
118000602,2,9,-7
118000603,0,2,-2
118000605,55,34,21
118000606,0,0,0
118900001,389,323,66
118900002,335,385,-50
118900003,360,6,354
118900004,80,37,43
118900005,38,0,38
118900006,59,0,59
118900007,0,0,0
118900008,516,6,510
118900009,83,102,-19
118900010,50,5,45
118900011,55,2,53
118900012,67,48,19
118900013,170,214,-44
118900015,262,5,257
118900016,5,1,4
118900017,4,51,-47
118900018,471,47,424
118900019,0,6,-6
118900020,6,22,-16
118900021,82,209,-127
118900022,99,12,87
118900023,3,53,-50
118900024,58,14,44
118900025,18,52,-34
118900026,43,13,30
118900027,187,85,102
118900028,112,41,71
118900029,159,87,72
118900030,674,17,657
118900031,40,13,27
118900032,277,64,213
118900033,193,232,-39
118900034,142,32,110
118900035,27,27,0
118900036,881,160,721
118900037,125,248,-123
118900038,401,30,371
118900039,377,59,318
118900040,152,63,89
118900041,330,96,234
118900042,63,54,9
118900045,75,107,-32
118900046,299,266,33
118900047,138,258,-120
118900048,20,204,-184
118900049,4,11,-7
118900050,26,19,7
118900051,40,26,14
118900052,59,218,-159
118900053,0,19,-19
118900054,144,16,128
118900055,74,13,61
118900056,13,35,-22
118900057,445,252,193
118900058,218,128,90
118900059,0,34,-34
118900060,110,43,67
118900062,61,45,16
118900064,126,297,-171
118900065,5,70,-65
118900066,63,26,37
118900067,1323,3261,-1938
118900068,0,157,-157
118900069,481,38,443
118900071,1,8,-7
118900072,160,175,-15
118900073,254,37,217
118900074,16,8,8
118900075,36,2,34
118900076,185,8,177
118900077,202,69,133
118900078,17,1,16
118900079,23,3,20
118900080,21,10,11
118900081,25,19,6
118900082,964,106,858
118900083,11,2,9
118900084,6,0,6
118900085,229,141,88
118900086,24,34,-10
118900087,67,384,-317
118900088,0,0,0
118900089,3,14,-11
118900090,97,40,57
118900091,144,77,67
118900092,129,24,105
118900093,28,3,25
118900096,9,16,-7
118900097,41,91,-50
118900099,17,21,-4
118900100,12,34,-22
118900101,55,31,24
118900102,18,11,7
118900103,1,40,-39
118900104,129,36,93
118900105,23,25,-2
118900107,18,31,-13
118900108,16,17,-1
118900110,336,564,-228
118900111,170,91,79
118900112,103,62,41
118900113,28,57,-29
118900114,2,14,-12
118900115,26,103,-77
118900116,78,31,47
118900117,76,37,39
118900118,178,84,94
118900119,56,52,4
118900120,29,107,-78
118900121,14,336,-322
118900122,1,295,-294
118900123,38,34,4
118900124,75,35,40
118900126,15,87,-72
118900129,126,78,48
118900130,0,37,-37
118900131,168,39,129
118900132,192,75,117
118900133,1,50,-49
118900135,72,64,8
118900136,209,84,125
118900137,10,23,-13
118900139,149,129,20
118900140,386,148,238
118900141,41,23,18
118900144,125,93,32
118900145,1,45,-44
118900146,151,116,35
118900147,19,150,-131
118900148,38,13,25
118900150,47,248,-201
118900152,310,139,171
118900157,23,79,-56
118900158,113,8,105
118900159,0,63,-63
118900161,28,20,8
118900163,31,20,11
118900164,0,17,-17
118900165,13,67,-54
118900166,8,2,6
118900167,23,35,-12
118900168,1,34,-33
118900169,49,63,-14
118900170,173,2,171
118900171,22,5,17
118900174,12,6,6
118900175,410,185,225
118900176,87,83,4
118900177,70,9,61
118900178,45,20,25
118900179,0,3,-3
118900181,36,9,27
118900182,2,6,-4
118900183,14,38,-24
118900184,49,13,36
118900185,37,9,28
118900186,61,20,41
118900187,62,145,-83
118900188,116,117,-1
118900189,12,321,-309
118900190,11,29,-18
118900191,299,7,292
118900192,321,2,319
118900193,992,4,988
118900195,90,99,-9
118900196,11,31,-20
118900197,256,2,254
118900198,21,0,21
118900199,69,1,68
118900200,28,1,27
118900201,4,3,1
118900202,0,38,-38
118900203,7,3,4
118900204,5,14,-9
118900205,0,1,-1
118900206,1,2,-1
119000001,1087,767,320
119000002,2417,1466,951
119000003,2850,409,2441
119000004,1858,1134,724
119000005,1394,1457,-63
119000006,3162,1152,2010
119000007,2845,2278,567
119000008,926,659,267
119000009,1556,3997,-2441
119000010,2026,2712,-686
119000011,1767,1373,394
119000012,617,1771,-1154
119000013,2698,1419,1279
119000014,869,1400,-531
119000019,115,63,52
119000020,1772,1175,597
119000021,3490,2273,1217
119000022,534,1915,-1381
119000023,155,142,13
119000024,1043,11927,-10884
119000025,1471,607,864
119000026,18,562,-544
119000027,82,276,-194
119000028,920,302,618
119000029,25,107,-82
119000030,414,508,-94
119000031,677,416,261
119000032,530,748,-218
119000033,1258,711,547
119000034,845,291,554
119000035,13,79,-66
119000036,1793,217,1576
119000037,1121,391,730
119000038,134,251,-117
119000039,498,205,293
119000040,347,631,-284
119000041,411,968,-557
119000048,1245,770,475
119000049,1538,784,754
119000050,712,797,-85
119000051,1318,469,849
119000052,902,1020,-118
119000053,1351,556,795
119000054,1812,475,1337
119000055,3554,799,2755
119000056,2705,681,2024
119000057,1038,346,692
119000058,583,433,150
119000059,445,380,65
119000060,1224,255,969
119000061,336,248,88
119000062,615,267,348
119000063,334,276,58
119000064,216,316,-100
119000065,731,1066,-335
119000066,1240,632,608
119000067,879,554,325
119000068,1172,245,927
119000069,1109,331,778
119000070,2224,413,1811
119000071,160,142,18
119000072,1599,987,612
119000073,2621,4365,-1744
119000074,1061,621,440
119000075,3281,816,2465
119000076,86,172,-86
119000077,411,216,195
119000078,377,33,344
119000079,183,192,-9
119000080,526,61,465
119000081,182,73,109
119000082,418,71,347
119000083,366,132,234
119000084,231,132,99
119000085,233,39,194
119000086,229,157,72
119000087,322,104,218
119000088,233,34,199
119000089,60,58,2
119000090,82,42,40
119000091,56,172,-116
119000092,72,109,-37
119000093,1518,926,592
119000094,2932,2079,853
119000095,1343,1405,-62
119000097,660,451,209
119000098,575,2732,-2157
119000099,846,424,422
119000100,3009,1374,1635
119000101,1750,883,867
119000102,79,967,-888
119000103,473,237,236
119000104,363,171,192
119000105,588,1514,-926
119000106,171,192,-21
119000107,1143,327,816
119000108,347,240,107
119000109,89,204,-115
119000110,69,76,-7
119000111,23,321,-298
119000112,62,25,37
119000113,282,38,244
119000114,292,753,-461
119000115,55,104,-49
119000116,39,72,-33
119000117,14,141,-127
119000118,3,2,1
119000123,587,1647,-1060
119000124,756,92,664
119000125,3224,310,2914
119000126,1513,409,1104
119000127,668,130,538
119000128,42,0,42
119000131,891,98,793
119000132,0,0,0
119000133,0,2,-2
119000134,580,355,225
119000135,201,74,127
119000136,193,12,181
119000137,287,62,225
119000138,607,58,549
119000139,70,20,50
119000140,107,64,43
119000284,392,1039,-647
119000285,715,521,194
119000286,1712,1130,582
119000287,708,679,29
119000288,1153,342,811
119000289,583,819,-236
119000290,86,156,-70
119000291,11,164,-153
119000293,120,182,-62
119000294,25,22,3
119000295,472,102,370
119000296,280,51,229
119000297,0,0,0
119000302,855,713,142
119000303,17,56,-39
119000310,0,0,0
119000314,953,8266,-7313
119000315,0,36,-36
119000316,131,19,112
119000317,74,54,20
119900001,56,557,-501
119900002,89,34,55
119900003,2,74,-72
119900004,29,1190,-1161
119900005,170,32,138
119900006,50,149,-99
119900007,280,174,106
119900008,23,20,3
119900009,218,90,128
119900010,223,213,10
119900011,16,156,-140
119900012,4,61,-57
119900013,719,569,150
119900014,233,41,192
119900015,166,8,158
119900016,32,14,18
119900017,47,22,25
119900018,496,1034,-538
119900019,42,1,41
119900020,42,31,11
119900021,45,6,39
119900022,37,619,-582
119900023,148,1576,-1428
119900025,290,4,286
119900026,181,64,117
119900027,7,11,-4
119900028,129,123,6
119900029,2,1,1
119900030,265,85,180
119900031,24,537,-513
119900033,254,134,120
119900034,483,8,475
119900037,213,1,212
119900038,9,158,-149
119900039,53,12,41
119900040,130,16,114
119900041,129,4,125
119900042,8,45,-37
119900043,83,40,43
119900044,71,425,-354
119900046,152,12,140
119900047,163,118,45
119900048,340,5,335
119900049,154,0,154
119900050,41,118,-77
119900051,1144,3,1141
119900052,88,23,65
119900053,167,50,117
119900054,216,2,214
119900055,824,192,632
119900057,337,26,311
119900058,260,7,253
119900059,20,6,14
119900060,374,14,360
119900061,516,6,510
119900062,109,2,107
119900063,0,17,-17
119900065,251,0,251
119900067,46,5,41
119900068,535,2,533
119900069,79,3,76
119900070,577,1,576
119900071,790,8,782
119900073,461,51,410
119900074,16,76,-60
119900075,759,1147,-388
119900076,732,155,577
119900077,1020,92,928
119900078,511,208,303
119900079,454,67,387
119900080,372,190,182
119900081,972,133,839
119900082,1633,147,1486
119900083,147,43,104
119900084,181,19,162
119900085,2,5,-3
119900086,298,137,161
119900087,66,91,-25
119900088,16,3,13
119900089,7,72,-65
119900090,13,1,12
119900091,3,127,-124
119900092,8,107,-99
119900093,321,75,246
119900094,2,37,-35
119900095,52,36,16
119900096,43,28,15
119900097,30,148,-118
119900098,28,5,23
119900099,6,32,-26
119900100,332,1097,-765
119900101,43,298,-255
119900102,15,20,-5
119900103,35,25,10
119900104,44,22,22
119900105,197,597,-400
119900106,1,86,-85
119900107,58,666,-608
119900108,1201,319,882
119900109,7,64,-57
119900110,290,92,198
119900111,106,39,67
119900112,516,425,91
119900113,9,96,-87
119900114,125,177,-52
119900115,322,130,192
119900116,21,120,-99
119900117,84,121,-37
119900118,57,139,-82
119900119,105,21,84
119900120,156,134,22
119900121,334,160,174
119900122,9,65,-56
119900123,15,57,-42
119900124,103,169,-66
119900125,0,55,-55
119900126,736,126,610
119900127,304,132,172
119900128,227,99,128
119900129,169,45,124
119900130,0,18,-18
119900131,23,24,-1
119900132,16,24,-8
119900133,35,15,20
119900134,172,19,153
119900135,0,31,-31
119900136,11,32,-21
119900138,60,90,-30
119900139,1,34,-33
119900140,0,11,-11
119900141,23,420,-397
119900142,0,17,-17
119900143,2,88,-86
119900144,414,36,378
119900145,1,19,-18
119900146,36,29,7
119900147,0,82,-82
119900148,290,7,283
119900149,134,2965,-2831
119900150,56,13,43
119900151,478,351,127
119900152,105,41,64
119900153,174,16,158
119900154,55,100,-45
119900155,7,3,4
119900156,2,2,0
119900157,120,48,72
119900158,136,28,108
119900159,2,158,-156
119900160,31,39,-8
119900161,84,36,48
119900162,614,386,228
119900163,23,63,-40
119900164,0,0,0
119900165,148,31,117
119900166,106,3,103
119900167,1,26,-25
119900168,735,107,628
119900169,7,162,-155
119900170,72,55,17
119900171,186,159,27
119900172,10,14,-4
119900173,3,39,-36
119900174,0,7,-7
119900175,1345,91,1254
119900177,8,22,-14
119900178,16,55,-39
119900179,67,774,-707
119900180,621,173,448
119900181,5,10,-5
119900182,1,50,-49
119900183,40,256,-216
119900184,227,80,147
119900185,25,192,-167
119900186,2,986,-984
119900187,0,63,-63
119900188,115,105,10
119900189,36,99,-63
119900190,21,155,-134
119900191,61,66,-5
119900192,10,52,-42
119900193,456,68,388
119900194,29,7,22
119900195,6,41,-35
119900196,75,84,-9
119900197,205,55,150
119900198,44,79,-35
119900199,82,1,81
119900200,463,196,267
119900201,68,39,29
119900202,9,69,-60
119900203,46,268,-222
119900204,36,70,-34
119900205,736,52,684
119900206,275,50,225
119900208,96,22,74
119900209,330,689,-359
119900210,48,12,36
119900211,15,0,15
119900212,366,160,206
119900213,3,43,-40
119900214,43,5,38
119900215,37,5,32
119900216,30,8,22
119900217,3,14,-11
119900218,52,27,25
119900219,1,20,-19
119900220,1,23,-22
119900221,13,41,-28
119900222,3,31,-28
119900223,2,8,-6
119900224,2,1,1
119900225,171,9,162
119900226,75,969,-894
119900227,148,60,88
119900228,6,121,-115
119900229,19,73,-54
119900230,301,59,242
119900231,278,17,261
119900232,123,20,103
119900233,109,3,106
119900234,5,25,-20
119900235,4,9,-5
119900236,27,16,11
119900237,6,94,-88
119900238,0,8,-8
119900240,48,47,1
119900241,90,68,22
119900242,554,390,164
119900244,158,292,-134
119900245,75,76,-1
119900246,49,150,-101
119900247,9,19,-10
119900248,9,192,-183
119900249,157,12,145
119900253,475,270,205
119900254,43,656,-613
119900255,49,208,-159
119900256,746,147,599
119900257,113,2,111
119900258,179,14,165
119900259,4,19,-15
119900260,208,8,200
119900261,222,45,177
119900262,0,26,-26
119900263,590,77,513
119900264,129,33,96
119900265,457,44,413
119900266,333,26,307
119900267,48,58,-10
119900268,69,22,47
119900269,513,150,363
119900271,0,10,-10
119900272,17,52,-35
119900275,107,28,79
119900276,85,0,85
119900277,16,2,14
119900278,83,53,30
119900279,22,112,-90
119900280,156,17,139
119900281,0,104,-104
119900282,14,61,-47
119900283,9,31,-22
119900284,18,66,-48
119900285,1,72,-71
119900286,0,6,-6
119900288,0,0,0
119900289,0,0,0
119900290,1,0,1
119900291,0,1,-1
119900292,11,47,-36
119900293,34,28,6
119900294,21,60,-39
119900295,13,51,-38
119900296,34,45,-11
119900297,0,17,-17
119900298,0,3,-3
119900299,17,23,-6
119900300,172,68,104
119900301,3,90,-87
119900302,5,9,-4
119900303,278,73,205
119900304,126,4,122
119900305,1,1,0
119900306,3,0,3
119900307,79,10,69
119900308,1,3,-2
119900309,24,150,-126
119900310,76,55,21
119900311,157,9,148
119900312,105,9,96
119900313,36,36,0
119900314,141,201,-60
119900315,1478,490,988
119900318,21,52,-31
119900319,0,38,-38
119900320,146,79,67
119900321,140,1,139
120000001,4607,16716,-12109
120000002,1531,1095,436
120000003,1109,426,683
120000004,1340,554,786
120000005,1351,557,794
120000006,710,376,334
120000007,1331,2131,-800
120000008,556,323,233
120000009,867,432,435
120000010,1115,969,146
120000011,625,435,190
120000012,974,761,213
120000013,2230,1557,673
120000014,499,644,-145
120000015,1553,756,797
120000016,2708,1597,1111
120000017,2625,2030,595
120000018,1971,10893,-8922
120000019,670,540,130
120000020,1244,1700,-456
120000021,1178,747,431
120000022,2349,2810,-461
120000023,1013,907,106
120000024,812,972,-160
120000025,2163,823,1340
120000026,3064,1212,1852
120000027,1863,1401,462
120000028,335,540,-205
120000029,444,489,-45
120000030,75,406,-331
120000031,912,2462,-1550
120000032,2032,988,1044
120000033,2280,449,1831
120000034,2444,416,2028
120000035,2165,568,1597
120000036,1915,2120,-205
120000037,418,1132,-714
120000038,1433,1110,323
120000039,217,689,-472
120000040,16,586,-570
120000041,328,579,-251
120000042,1204,607,597
120000043,3173,471,2702
120000044,4928,969,3959
120000045,5987,421,5566
120000046,4291,2894,1397
120000047,177,3691,-3514
120000048,3765,1886,1879
120000049,2758,1213,1545
120000050,1755,1573,182
120000051,1460,2033,-573
120000052,3367,825,2542
120000053,719,1074,-355
120000054,550,1716,-1166
120000055,689,1200,-511
120000056,1942,1439,503
120000057,2024,552,1472
120000058,892,657,235
120000059,11,1612,-1601
120000061,46,245,-199
120000062,87,159,-72
120000063,363,539,-176
120000064,166,366,-200
120000065,213,395,-182
120000066,145,157,-12
120000067,30,160,-130
120000068,178,203,-25
120000069,346,189,157
120000070,117,267,-150
120000071,987,19,968
120000072,1005,212,793
120000073,954,27,927
120000074,37,42,-5
120000075,1041,115,926
120000076,2323,199,2124
120000077,1897,182,1715
120000078,1510,341,1169
120000079,384,231,153
120000080,92,90,2
120000081,360,60,300
120000082,575,204,371
120000083,120,709,-589
120000084,135,164,-29
120000085,133,106,27
120000086,97,131,-34
120000087,101,113,-12
120000088,273,326,-53
120000089,435,121,314
120000090,328,97,231
120000091,1062,247,815
120000092,655,122,533
120000093,814,136,678
120000094,206,249,-43
120000095,292,154,138
120000096,237,180,57
120000098,445,191,254
120000099,93,213,-120
120000100,409,220,189
120000101,357,90,267
120000102,404,803,-399
120000103,792,467,325
120000104,1970,129,1841
120000105,2161,114,2047
120000106,2564,108,2456
120000107,4921,136,4785
120000108,1463,47,1416
120000109,999,21,978
120000110,85,391,-306
120000111,75,356,-281
120000112,150,848,-698
120000113,124,639,-515
120000114,130,464,-334
120000115,84,449,-365
120000116,120,465,-345
120000117,250,393,-143
120000118,41,15,26
120000119,0,16,-16
120000120,86,78,8
120000121,1,4,-3
120000122,83,510,-427
120000123,1071,7034,-5963
120000124,282,250,32
120000125,483,208,275
120000126,175,511,-336
120000127,377,248,129
120000128,1043,1317,-274
120000129,99,125,-26
120000130,351,176,175
120000131,332,194,138
120000134,119,108,11
120000135,814,350,464
120000137,208,109,99
120000138,1296,86,1210
120000139,174,160,14
120000140,1092,34,1058
120000141,200,156,44
120000142,586,208,378
120000143,0,41,-41
120000144,105,6,99
120000145,490,0,490
120000146,551,774,-223
120000149,183,194,-11
120000150,650,7481,-6831
120000151,466,100,366
120000152,1025,81,944
120000153,423,107,316
120000154,261,322,-61
120000155,120,143,-23
120000156,276,1249,-973
120000157,872,102,770
120000158,558,125,433
120000159,980,615,365
120000160,1302,1271,31
120000161,2592,1560,1032
120000162,164,193,-29
120000163,579,132,447
120000164,613,62,551
120000165,862,115,747
120000166,1819,137,1682
120000167,22,76,-54
120000168,1,214,-213
120000169,4,416,-412
120000170,16,410,-394
120000171,0,106,-106
120000172,3,125,-122
120000173,139,188,-49
120000174,31,29,2
120000175,39,48,-9
120000176,15,23,-8
120000177,205,92,113
120000178,16,10,6
120000179,25,8,17
120000180,36,28,8
120000181,3,282,-279
120000182,6,318,-312
120000183,3,135,-132
120000184,30,398,-368
120000186,22,251,-229
120000187,8,70,-62
120000188,25,95,-70
120000190,76,22,54
120000191,142,24,118
120000192,56,5,51
120000193,75,2,73
120000195,14,0,14
120000196,52,3,49
120000197,6,20,-14
120000198,201,3,198
120000199,269,1,268
120000200,231,0,231
120000201,35,61,-26
120000202,0,33,-33
120000203,65,11,54
120000207,0,13,-13
120000208,0,25,-25
120000209,4,24,-20
120000210,17,19,-2
120000211,217,0,217
120000212,305,0,305
120000213,187,75,112
120000214,0,20,-20
120000215,0,17,-17
120000216,127,17,110
120000217,153,208,-55
120000218,17,220,-203
120000219,0,149,-149
120000220,1,475,-474
120000225,2259,3,2256
120000226,507,1,506
120000227,767,37,730
120000228,3833,2671,1162
120000230,294,28,266
120000231,1325,191,1134
120000233,456,1,455
120000235,105,157,-52
120000236,1408,1,1407
120000237,0,192,-192
120000238,0,127,-127
120000241,1089,2332,-1243
120000412,214,10,204
120000413,361,66,295
120000414,308,0,308
120000415,0,21,-21
120000416,78,0,78
120000417,1,56,-55
120000418,309,3,306
120000419,1,35,-34
120000420,8,5,3
120000421,3772,2219,1553
120000422,57,1614,-1557
120000423,0,39,-39
120000424,57,8,49
120000436,69,951,-882
120000437,20,32,-12
120000438,931,149,782
120000439,147,385,-238
120000443,228,0,228
120000444,1620,165,1455
120000445,1378,664,714
120000446,276,90,186
120000447,425,1,424
120000449,160,0,160
120000450,1,19,-18
120000451,103,41,62
120000452,147,0,147
120000453,0,9,-9
120000454,24,26,-2
120000455,61,16,45
120000456,611,2360,-1749
120000457,244,182,62
120000458,186,140,46
120000459,99,25,74
120000665,85,216,-131
120000668,33,486,-453
120000669,119,80,39
120000670,30,279,-249
120000671,1190,507,683
120000672,29,117,-88
120900001,166,16,150
120900002,66,83,-17
120900003,31,2,29
120900004,1,55,-54
120900005,148,148,0
120900006,515,29,486
120900007,22,34,-12
120900008,600,329,271
120900009,103,9,94
120900010,575,87,488
120900011,9,119,-110
120900012,25,929,-904
120900013,334,62,272
120900014,1,117,-116
120900015,941,43,898
120900016,1459,20,1439
120900017,635,40,595
120900018,143,114,29
120900019,278,217,61
120900020,221,324,-103
120900021,481,39,442
120900022,6,53,-47
120900023,627,43,584
120900024,600,158,442
120900025,571,292,279
120900026,42,67,-25
120900027,122,20,102
120900028,547,102,445
120900029,6,799,-793
120900030,1750,161,1589
120900031,530,62,468
120900032,1566,78,1488
120900033,1157,35,1122
120900034,15,1738,-1723
120900035,28,19,9
120900037,309,2,307
120900038,46,575,-529
120900039,193,16,177
120900040,390,2,388
120900041,1,18,-17
120900042,421,17,404
120900043,118,15,103
120900044,4,224,-220
120900045,45,23,22
120900046,836,0,836
120900047,156,216,-60
120900048,76,7,69
120900049,594,0,594
120900050,489,2125,-1636
120900051,319,82,237
120900052,1218,2,1216
120900053,338,21,317
120900054,318,62,256
120900055,704,4,700
120900056,646,14,632
120900057,148,20,128
120900058,792,1,791
120900059,112,1,111
120900060,55,1,54
120900061,102,29,73
120900062,360,4,356
120900063,858,10,848
120900064,842,0,842
120900065,1003,1,1002
120900066,520,61,459
120900067,111,25,86
120900068,473,1,472
120900069,355,10,345
120900071,36,0,36
120900072,934,4,930
120900073,879,29,850
120900074,688,6,682
120900076,442,1,441
120900077,598,202,396
120900078,809,60,749
120900079,1066,35,1031
120900080,1167,266,901
120900081,2099,361,1738
120900082,230,233,-3
120900083,156,28,128
120900084,366,327,39
120900085,10,16,-6
120900086,24,402,-378
120900087,454,114,340
120900088,76,512,-436
120900089,586,3004,-2418
120900090,205,23,182
120900091,140,485,-345
120900092,48,109,-61
120900093,722,64,658
120900094,58,29,29
120900095,137,3,134
120900096,31,68,-37
120900097,180,272,-92
120900098,64,38,26
120900099,12,3,9
120900100,5,39,-34
120900101,34,79,-45
120900102,23,19,4
120900103,20,52,-32
120900104,5,3,2
120900105,1,138,-137
120900106,190,53,137
120900107,137,21,116
120900108,0,147,-147
120900109,2,90,-88
120900110,4,59,-55
120900111,59,70,-11
120900112,3,163,-160
120900113,8,108,-100
120900114,6,59,-53
120900115,81,135,-54
120900116,549,87,462
120900117,0,85,-85
120900118,12,102,-90
120900119,2504,1130,1374
120900120,6,166,-160
120900121,5,108,-103
120900122,813,93,720
120900123,0,107,-107
120900124,2,99,-97
120900125,0,134,-134
120900126,166,191,-25
120900127,0,104,-104
120900128,103,233,-130
120900129,2,78,-76
120900130,10,89,-79
120900131,30,33,-3
120900132,962,99,863
120900133,9,162,-153
120900134,30,132,-102
120900135,1,187,-186
120900136,28,33,-5
120900137,361,13,348
120900138,0,154,-154
120900139,0,168,-168
120900140,3,49,-46
120900141,172,81,91
120900142,1,125,-124
120900143,0,173,-173
120900144,0,92,-92
120900145,35,178,-143
120900146,1,158,-157
120900147,39,4,35
120900148,61,24,37
120900149,0,87,-87
120900150,52,56,-4
120900151,0,50,-50
120900152,0,1,-1
120900153,25,0,25
120900154,0,74,-74
120900155,112,136,-24
120900156,93,77,16
120900157,0,0,0
120900158,58,82,-24
120900159,0,37,-37
120900160,4,140,-136
120900161,12,291,-279
120900162,10,222,-212
120900163,19,202,-183
120900164,1,30,-29
120900165,0,73,-73
120900166,15,227,-212
120900167,44,9,35
120900169,49,65,-16
120900170,159,3557,-3398
120900171,286,56,230
120900172,39,464,-425
120900173,0,41,-41
120900174,0,21,-21
120900175,57,25,32
120900176,2,206,-204
120900177,1,1227,-1226
120900178,0,459,-459
120900179,61,33,28
120900180,29,119,-90
120900181,11,12,-1
120900182,8,39,-31
120900183,342,65,277
120900184,32,28,4
120900185,100,509,-409
120900186,8,53,-45
120900187,482,136,346
120900188,276,26,250
120900189,29,2178,-2149
120900190,107,13,94
120900191,49,0,49
120900192,3034,9550,-6516
120900194,79,4,75
120900195,27,42,-15
120900196,83,17,66
120900197,668,16,652
120900198,49,300,-251
120900199,171,212,-41
120900200,13,40,-27
120900201,189,19,170
120900202,0,27,-27
120900203,26,8,18
120900204,19,53,-34
120900205,33,4,29
120900206,44,10,34
120900207,3,201,-198
121000001,520,543,-23
121000002,839,1142,-303
121000003,2774,1218,1556
121000004,809,2030,-1221
121000005,1803,2277,-474
121000006,1215,1686,-471
121000007,1295,2200,-905
121000008,1837,2271,-434
121000009,2633,3353,-720
121000010,2410,2236,174
121000011,2389,3299,-910
121000012,4594,2196,2398
121000013,3047,2736,311
121000014,2380,1522,858
121000015,2601,3714,-1113
121000016,1494,1209,285
121000017,1337,1473,-136
121000018,1381,793,588
121000019,3353,4361,-1008
121000020,4625,7634,-3009
121000021,762,738,24
121000022,1037,1890,-853
121000023,1032,446,586
121000024,2343,2706,-363
121000025,125,509,-384
121000026,75,58,17
121000027,762,809,-47
121000028,389,525,-136
121000029,267,280,-13
121000030,239,393,-154
121000031,151,281,-130
121000032,77,99,-22
121000034,118,175,-57
121000035,45,181,-136
121000036,536,463,73
121000037,249,925,-676
121000038,160,401,-241
121000039,35,158,-123
121000041,168,432,-264
121000042,66,331,-265
121000043,198,570,-372
121000044,428,349,79
121000045,241,275,-34
121000046,323,404,-81
121000047,24,92,-68
121000049,478,527,-49
121000050,79,1145,-1066
121000051,316,143,173
121000052,159,1326,-1167
121000053,129,148,-19
121000054,43,237,-194
121000055,405,806,-401
121000056,435,993,-558
121000057,88,134,-46
121000058,137,48,89
121000059,2420,522,1898
121000060,651,807,-156
121000061,9,432,-423
121000062,47,283,-236
121000063,601,861,-260
121000064,571,444,127
121000065,129,249,-120
121000066,257,335,-78
121000067,217,201,16
121000068,146,449,-303
121000069,85,1068,-983
121000070,396,371,25
121000071,804,892,-88
121000072,302,218,84
121000073,456,554,-98
121000074,38,149,-111
121000075,10,30,-20
121000076,207,83,124
121000077,68,106,-38
121000078,18,155,-137
121000080,440,223,217
121000081,878,1884,-1006
121000082,78,99,-21
121000083,49,68,-19
121000084,94,207,-113
121000085,116,156,-40
121000086,276,302,-26
121000087,29,136,-107
121000088,279,109,170
121000089,101,300,-199
121000090,115,237,-122
121000091,490,491,-1
121000092,111,12,99
121000093,225,85,140
121000094,154,322,-168
121000095,137,451,-314
121000096,2752,565,2187
121000097,167,808,-641
121000098,263,245,18
121000099,399,178,221
121000100,754,125,629
121000101,167,37,130
121000102,263,42,221
121000103,69,74,-5
121000104,182,22,160
121000105,109,42,67
121000106,93,70,23
121000107,921,1277,-356
121000109,406,744,-338
121000110,84,438,-354
121000114,1326,971,355
121000115,382,194,188
121000116,146,137,9
121000117,196,54,142
121000118,840,30,810
121000119,284,140,144
121000120,271,476,-205
121000121,380,2394,-2014
121000123,245,141,104
121000127,41,92,-51
121000128,825,106,719
121000129,774,81,693
121000130,244,987,-743
121000131,600,425,175
121000132,205,635,-430
121000135,49,157,-108
121000136,361,1048,-687
121000137,202,220,-18
121000138,168,2615,-2447
121000139,33,455,-422
121000141,171,38,133
121000142,219,365,-146
121000143,20,8,12
121000144,226,648,-422
121000145,313,334,-21
121000146,511,570,-59
121000147,714,239,475
121000148,324,337,-13
121000149,1090,820,270
121000152,160,143,17
121000153,965,242,723
121000154,622,244,378
121000155,1655,423,1232
121000156,158,434,-276
121000157,290,392,-102
121000158,146,212,-66
121000159,147,159,-12
121000160,214,116,98
121000161,149,193,-44
121000162,133,50,83
121000165,340,1302,-962
121000166,8,268,-260
121000168,178,368,-190
121000169,19,103,-84
121000170,149,31,118
121000171,114,99,15
121000172,512,392,120
121000173,938,678,260
121000174,427,465,-38
121000175,882,222,660
121000176,254,156,98
121000177,308,403,-95
121000178,91,31,60
121000179,74,36,38
121000181,58,204,-146
121000182,178,431,-253
121000183,17,255,-238
121000184,27,261,-234
121000185,36,455,-419
121000186,127,646,-519
121000187,203,45,158
121000188,135,27,108
121000192,322,272,50
121000193,372,121,251
121000194,799,954,-155
121000195,193,656,-463
121000196,220,135,85
121000197,41,178,-137
121000198,69,112,-43
121000199,113,111,2
121000200,414,82,332
121000201,1,161,-160
121000202,422,30,392
121000203,360,521,-161
121000204,2016,319,1697
121000205,147,217,-70
121000206,39,88,-49
121000207,1552,726,826
121000208,0,217,-217
121000209,822,62,760
121000210,498,222,276
121000211,180,27,153
121000212,285,319,-34
121000213,5456,1605,3851
121000214,364,1123,-759
121000215,465,545,-80
121000216,239,363,-124
121000217,1936,2504,-568
121000218,356,757,-401
121000219,758,253,505
121000220,237,42,195
121000221,331,383,-52
121000222,2939,2131,808
121000223,128,447,-319
121000224,86,252,-166
121000225,232,4250,-4018
121000226,557,1607,-1050
121000227,12,116,-104
121000228,13,159,-146
121000229,147,223,-76
121000230,80,656,-576
121000231,1107,30,1077
121000232,239,70,169
121000233,437,181,256
121000234,0,57,-57
121000235,30,64,-34
121000236,0,35,-35
121000237,6,12,-6
121000238,1,31,-30
121000239,25,0,25
121000240,2,44,-42
121000241,59,0,59
121000242,9,130,-121
121000243,138,21,117
121000244,0,39,-39
121000245,29,3,26
121000246,0,43,-43
121000247,125,2,123
121000248,77,299,-222
121000249,44,110,-66
121000250,465,572,-107
121000251,6,248,-242
121000252,50,53,-3
121000253,241,339,-98
121000254,879,221,658
121000255,40,441,-401
121000256,233,356,-123
121000257,4,251,-247
121000258,22,285,-263
121000259,3,186,-183
121000260,2,102,-100
121000261,24,246,-222
121000262,595,242,353
121000263,196,247,-51
121000271,357,713,-356
121000273,17,3,14
121000274,31,158,-127
121000275,2,3,-1
121000276,4,95,-91
121000278,55,34,21
121000279,11,28,-17
121000280,6,104,-98
121000289,213,37,176
121000290,496,606,-110
121000294,134,31,103
121000297,129,528,-399
121000299,59,985,-926
121000300,616,308,308
121000302,11,571,-560
121000303,309,83,226
121000304,201,26,175
121000305,129,28,101
121000306,137,51,86
121000308,45,48,-3
121000309,81,136,-55
121000310,35,59,-24
121000311,12,122,-110
121000312,330,123,207
121000313,110,88,22
121000314,1,30,-29
121000315,6,28,-22
121000530,1198,817,381
121000531,1102,785,317
121000532,2751,3583,-832
121000533,2158,1531,627
121000918,18,103,-85
121000919,38,89,-51
121000938,27,90,-63
121000939,64,135,-71
121000956,1112,660,452
121000957,20,41,-21
121000958,6,95,-89
121000959,903,274,629
121000960,1100,538,562
121000961,178,10,168
121000962,149,118,31
121000973,0,168,-168
121000976,2,19,-17
121000979,75,133,-58
121000981,345,29,316
121000982,446,298,148
121000983,339,46,293
121000984,1,19,-18
121000985,792,409,383
121000986,632,79,553
121000987,95,248,-153
121000988,867,61,806
121001302,80,42,38
121001308,1,6,-5
121001309,6,308,-302
121001313,137,118,19
121001314,636,1219,-583
121001315,3122,2259,863
121001326,166,153,13
121900001,54,207,-153
121900002,34,11,23
121900003,125,3,122
121900004,31,152,-121
121900005,4,0,4
121900006,52,4,48
121900007,1711,742,969
121900008,6,50,-44
121900009,437,65,372
121900010,55,0,55
121900011,180,34,146
121900012,21,1,20
121900013,40,28,12
121900014,737,159,578
121900015,161,42,119
121900016,10,18,-8
121900017,183,260,-77
121900018,180,1,179
121900019,229,28,201
121900020,34,1,33
121900021,644,20,624
121900022,72,55,17
121900023,34,233,-199
121900024,61,41,20
121900025,228,87,141
121900026,141,19,122
121900027,154,51,103
121900028,107,1,106
121900029,21,292,-271
121900030,161,157,4
121900031,267,3192,-2925
121900032,43,11,32
121900033,103,139,-36
121900034,141,79,62
121900035,1318,651,667
121900036,45,348,-303
121900037,80,673,-593
121900038,17,7,10
121900039,132,0,132
121900040,26,9,17
121900041,65,266,-201
121900042,293,53,240
121900043,1,2,-1
121900044,9,27,-18
121900046,59,65,-6
121900047,28,63,-35
121900048,24,14,10
121900050,29,1,28
121900051,94,256,-162
121900052,26,38,-12
121900053,270,155,115
121900054,102,326,-224
121900055,8,24,-16
121900058,99,14,85
121900059,65,42,23
121900060,60,177,-117
121900061,73,1178,-1105
121900062,103,64,39
121900063,1018,152,866
121900064,204,220,-16
121900066,18,37,-19
121900067,20,0,20
121900069,64,42,22
121900070,43,126,-83
121900071,439,82,357
121900072,28,10,18
121900073,20,178,-158
121900074,183,251,-68
121900075,159,319,-160
121900076,208,288,-80
121900077,5,1,4
121900078,24,57,-33
121900079,1,0,1
121900080,219,85,134
121900082,47,33,14
121900084,3,3,0
121900085,1,1,0
121900086,4,40,-36
121900087,18,39,-21
121900088,380,564,-184
121900089,112,74,38
121900090,17,3,14
121900091,19,8,11
121900092,85,38,47
121900093,52,44,8
121900094,2,2,0
121900095,140,65,75
121900096,427,323,104
121900097,149,66,83
121900098,1,0,1
121900099,132,21,111
121900100,18,62,-44
121900101,58,64,-6
121900102,0,11,-11
121900103,135,172,-37
121900104,1105,120,985
121900105,66,53,13
121900106,0,3,-3
121900107,42,3,39
121900108,0,1,-1
121900109,154,64,90
121900110,406,104,302
121900111,74,73,1
121900112,21,35,-14
121900113,24,57,-33
121900114,7,13,-6
121900117,6,14,-8
121900118,402,49,353
121900119,115,9,106
121900120,15,173,-158
121900121,30,2,28
121900122,12,9,3
121900123,80,118,-38
121900124,36,39,-3
121900125,805,306,499
121900127,4,130,-126
121900128,15,21,-6
121900129,78,43,35
121900130,18,1147,-1129
121900131,100,9,91
121900132,13,8,5
121900133,2,263,-261
121900134,10,115,-105
121900135,4841,451,4390
121900136,59,35,24
121900137,0,89,-89
121900138,38,68,-30
121900139,237,1603,-1366
121900140,7,7,0
121900141,37,9,28
121900142,16,6,10
121900143,0,48,-48
121900144,47,149,-102
121900145,57,45,12
121900146,50,63,-13
121900147,9,63,-54
121900148,20,52,-32
121900149,41,39,2
121900150,33,43,-10
121900151,4,72,-68
121900152,10,1,9
121900153,1,66,-65
121900154,1,39,-38
121900155,0,41,-41
121900156,4,66,-62
121900157,0,18,-18
121900158,13,13,0
121900159,0,12,-12
121900160,2,41,-39
121900161,16,55,-39
121900162,35,4,31
121900163,232,117,115
121900164,59,85,-26
121900165,60,28,32
121900166,98,61,37
121900167,103,5,98
121900168,34,15,19
121900169,0,0,0
121900170,9,10,-1
121900171,428,149,279
121900172,213,57,156
121900173,135,119,16
121900174,25,7,18
121900175,11,109,-98
121900176,182,605,-423
121900177,19,35,-16
121900178,18,1,17
121900179,73,116,-43
121900180,621,3627,-3006
121900182,289,163,126
121900183,94,1359,-1265
121900184,14,978,-964
121900186,1,202,-201
121900187,4,69,-65
121900188,596,61,535
121900189,0,3,-3
121900190,66,283,-217
121900191,5,229,-224
121900192,128,847,-719
121900193,0,46,-46
121900194,2,69,-67
121900195,0,7,-7
121900196,128,581,-453
121900197,94,357,-263
121900198,3339,593,2746
121900199,0,30,-30
121900200,10,69,-59
121900201,137,259,-122
121900202,15,204,-189
121900203,9,239,-230
121900204,276,430,-154
121900205,15,24,-9
121900206,1,29,-28
121900207,5,21,-16
121900208,39,286,-247
121900209,22,45,-23
121900210,592,329,263
121900211,271,143,128
121900212,13,51,-38
121900213,119,6,113
121900214,0,214,-214
121900215,21,74,-53
121900216,2,118,-116
121900217,35,70,-35
121900218,121,123,-2
121900220,53,5,48
121900221,272,108,164
121900222,85,9,76
121900223,36,40,-4
121900224,34,32,2
121900225,20,100,-80
121900226,71,1,70
121900227,80,298,-218
121900228,40,40,0
121900230,29,101,-72
121900231,36,139,-103
121900232,41,109,-68
121900233,59,41,18
121900234,65,73,-8
121900235,243,37,206
121900236,143,25,118
121900237,36,169,-133
121900238,41,89,-48
121900239,48,10,38
121900240,45,19,26
121900241,5,15,-10
121900242,0,0,0
121900243,1,0,1
121900244,0,0,0
121900245,141,14,127
121900246,1822,120,1702
121900248,278,196,82
121900250,36,182,-146
121900251,246,24,222
121900252,79,40,39
121900253,26,419,-393
121900254,30,108,-78
121900255,179,35,144
121900258,2332,789,1543
121900259,51,168,-117
121900260,61,11,50
121900261,27,167,-140
121900262,84,161,-77
121900263,30,66,-36
121900264,227,157,70
121900265,164,24,140
121900266,289,45,244
121900267,59,24,35
121900269,118,282,-164
121900270,37,110,-73
121900271,13,344,-331
121900273,193,996,-803
121900274,234,89,145
121900277,87,180,-93
121900278,44,320,-276
121900279,71,57,14
121900280,19,211,-192
121900281,43,139,-96
121900284,37,2,35
121900286,96,35,61
121900287,4,11,-7
121900288,1,1,0
121900290,19,185,-166
121900291,210,271,-61
121900292,33,74,-41
121900293,297,1263,-966
121900294,87,0,87
121900295,45,19,26
121900296,64,104,-40
121900298,49,440,-391
121900299,1,78,-77
121900300,22,31,-9
121900301,27,0,27
121900302,0,33,-33
121900303,39,83,-44
121900304,1,8,-7
121900305,2,3,-1
121900306,230,2,228
121900307,160,2,158
121900308,6,21,-15
121900309,0,42,-42
121900310,5,65,-60
121900311,264,2,262
121900312,197,3,194
121900313,243,13,230
121900314,0,2,-2
121900315,32,0,32
121900316,0,1,-1
121900317,11,21,-10
121900318,0,0,0
121900319,56,87,-31
121900320,23,1,22
121900321,5,0,5
121900322,0,2,-2
121900323,7,22,-15
121900324,0,7,-7
121900325,8,1,7
121900326,1,9,-8
121900327,0,11,-11
121900328,0,3,-3
121900329,0,41,-41
121900330,0,65,-65
121900331,0,15,-15
121900332,32,16,16
121900333,52,1,51
121900334,13,14,-1
122000001,466,1088,-622
122000002,1136,243,893
122000003,444,757,-313
122000004,530,372,158
122000005,1900,1600,300
122000006,310,505,-195
122000007,222,574,-352
122000008,461,934,-473
122000009,61,151,-90
122000010,991,1166,-175
122000011,829,501,328
122000012,301,656,-355
122000013,154,808,-654
122000014,1869,729,1140
122000015,464,358,106
122000016,223,304,-81
122000017,410,743,-333
122000018,748,711,37
122000019,228,858,-630
122000020,117,188,-71
122000021,25,109,-84
122000022,282,453,-171
122000023,136,562,-426
122000024,199,558,-359
122000025,278,703,-425
122000026,259,378,-119
122000027,211,312,-101
122000028,403,250,153
122000029,122,176,-54
122000030,109,38,71
122000031,54,336,-282
122000032,890,772,118
122000033,131,528,-397
122000034,77,414,-337
122000035,42,169,-127
122000036,125,152,-27
122000037,193,95,98
122000038,139,189,-50
122000039,317,152,165
122000040,133,55,78
122000041,289,661,-372
122000042,271,603,-332
122000043,40,50,-10
122000044,23,29,-6
122000045,419,282,137
122000046,297,303,-6
122000047,65,72,-7
122000048,964,1914,-950
122000049,2679,1287,1392
122000050,249,419,-170
122000051,81,455,-374
122000052,270,459,-189
122000053,145,1237,-1092
122000054,1196,924,272
122000055,1348,2062,-714
122000056,1382,982,400
122000057,990,1597,-607
122000058,367,932,-565
122000059,348,995,-647
122000060,183,241,-58
122000061,94,132,-38
122000062,346,137,209
122000063,119,548,-429
122000064,1396,2682,-1286
122000065,1193,1658,-465
122000066,335,574,-239
122000067,499,1176,-677
122000068,708,745,-37
122000069,300,264,36
122000070,274,669,-395
122000071,1538,565,973
122000072,128,196,-68
122000073,40,344,-304
122000074,887,595,292
122000075,369,317,52
122000076,1461,504,957
122000077,317,923,-606
122000078,354,939,-585
122000079,118,984,-866
122000080,196,238,-42
122000081,42,186,-144
122000082,150,576,-426
122000083,1407,439,968
122000084,1273,399,874
122000085,59,269,-210
122000086,891,3015,-2124
122000087,149,133,16
122000088,62,169,-107
122000089,1973,1470,503
122000090,94,462,-368
122000091,87,231,-144
122000092,48,55,-7
122000093,706,1739,-1033
122000094,2604,1350,1254
122000095,320,1587,-1267
122000096,263,882,-619
122000098,1334,2195,-861
122000099,176,840,-664
122000100,389,193,196
122000101,75,170,-95
122000102,724,413,311
122000103,440,728,-288
122000104,340,253,87
122000105,140,212,-72
122000106,139,598,-459
122000107,749,207,542
122000108,189,355,-166
122000109,129,186,-57
122000110,166,260,-94
122000111,930,492,438
122000112,543,856,-313
122000113,251,184,67
122000114,450,1571,-1121
122000115,842,1104,-262
122000116,90,211,-121
122000117,213,188,25
122000118,458,86,372
122000119,529,378,151
122000120,321,537,-216
122000121,377,500,-123
122000122,84,322,-238
122000123,453,663,-210
122000124,219,190,29
122000125,79,220,-141
122000126,107,218,-111
122000127,140,136,4
122000128,180,165,15
122000129,143,840,-697
122000130,932,354,578
122000131,394,153,241
122000132,126,137,-11
122000133,362,276,86
122000134,467,503,-36
122000135,260,210,50
122000136,299,272,27
122000137,823,257,566
122000139,309,1118,-809
122000140,90,377,-287
122000141,1871,618,1253
122000142,72,763,-691
122000143,196,159,37
122000144,760,203,557
122000145,367,287,80
122000146,99,1074,-975
122000147,122,283,-161
122000148,168,434,-266
122000149,661,201,460
122000150,850,283,567
122000151,21,75,-54
122000152,98,89,9
122000153,102,71,31
122000154,62,75,-13
122000155,450,786,-336
122000156,2208,1742,466
122000157,342,2482,-2140
122000158,101,195,-94
122000159,550,363,187
122000160,934,350,584
122000161,476,217,259
122000162,212,448,-236
122000163,169,33,136
122000164,18,70,-52
122000165,218,713,-495
122000166,237,1142,-905
122000167,88,159,-71
122000168,96,1071,-975
122000169,169,90,79
122000170,139,119,20
122000171,5,16,-11
122000172,943,622,321
122000173,849,1193,-344
122000174,368,1569,-1201
122000175,196,196,0
122000176,94,1520,-1426
122000177,505,974,-469
122000178,1667,1242,425
122000179,1102,1655,-553
122000180,371,614,-243
122000181,273,968,-695
122000182,393,506,-113
122000183,551,388,163
122000184,1324,1118,206
122000185,312,860,-548
122000186,165,394,-229
122000187,1002,359,643
122000188,128,82,46
122000189,84,76,8
122000190,426,831,-405
122000191,235,181,54
122000192,623,199,424
122000193,309,418,-109
122000194,216,56,160
122000195,88,532,-444
122000196,476,177,299
122000197,296,393,-97
122000198,127,873,-746
122000199,201,91,110
122000200,296,258,38
122000201,422,1760,-1338
122000202,352,1304,-952
122000203,844,561,283
122000204,354,485,-131
122000205,196,332,-136
122000206,1550,451,1099
122000207,1392,841,551
122000208,983,562,421
122000209,729,105,624
122000210,717,595,122
122000211,383,665,-282
122000212,433,414,19
122000213,343,713,-370
122000214,882,816,66
122000215,1401,1281,120
122000217,603,614,-11
122000218,290,41,249
122000219,701,263,438
122000220,102,376,-274
122000221,127,364,-237
122000222,211,46,165
122000223,222,296,-74
122000225,368,155,213
122000226,677,697,-20
122000227,88,458,-370
122000228,101,113,-12
122000229,4,227,-223
122000230,14,272,-258
122000231,86,239,-153
122000232,194,239,-45
122000233,2,66,-64
122000234,341,83,258
122000235,238,89,149
122000236,901,24,877
122000237,39,43,-4
122000238,74,277,-203
122000239,287,52,235
122000240,559,131,428
122000241,983,169,814
122000242,150,30,120
122000243,205,37,168
122000244,38,83,-45
122000245,81,33,48
122000246,314,143,171
122000247,146,258,-112
122000248,552,357,195
122000249,859,506,353
122000250,835,435,400
122000251,98,32,66
122000252,104,35,69
122000253,3,43,-40
122000254,199,43,156
122000255,208,583,-375
122000256,145,412,-267
122000257,195,259,-64
122000258,91,222,-131
122000259,25,324,-299
122000260,18,348,-330
122000261,20,93,-73
122000262,1,53,-52
122000263,34,182,-148
122000264,860,110,750
122000265,1148,412,736
122000266,1697,238,1459
122000267,35,177,-142
122000268,73,41,32
122000269,487,104,383
122000270,160,45,115
122000271,96,376,-280
122000272,115,111,4
122000273,176,100,76
122000274,86,108,-22
122000275,3,87,-84
122000276,726,265,461
122000277,522,1199,-677
122000278,1148,125,1023
122000279,95,120,-25
122000280,305,127,178
122000281,378,79,299
122000282,28,676,-648
122000283,28,161,-133
122000284,48,38,10
122000285,292,69,223
122000286,22,139,-117
122000287,779,1408,-629
122000288,211,160,51
122000291,1192,343,849
122000293,85,73,12
122000294,60,272,-212
122000295,857,155,702
122000296,46,766,-720
122000297,908,3241,-2333
122000299,311,121,190
122000300,128,254,-126
122000301,3099,3076,23
122000302,200,1642,-1442
122000303,800,457,343
122000304,6,163,-157
122000305,1286,343,943
122000306,45,225,-180
122000307,67,74,-7
122000309,14,114,-100
122000310,3,87,-84
122000311,68,57,11
122000312,77,185,-108
122000313,19,162,-143
122000314,84,428,-344
122000315,140,14,126
122000316,822,175,647
122000317,1798,190,1608
122000318,190,1012,-822
122000319,78,216,-138
122000320,145,320,-175
122000321,49,32,17
122000322,650,679,-29
122000323,230,589,-359
122000324,549,1114,-565
122000325,308,757,-449
122000326,110,54,56
122000327,125,308,-183
122000328,283,188,95
122000330,970,622,348
122000332,152,704,-552
122000333,43,106,-63
122000337,669,257,412
122000338,279,49,230
122000340,39,783,-744
122000342,739,480,259
122000343,352,281,71
122000344,72,5,67
122000345,23,75,-52
122000346,41,26,15
122000348,305,290,15
122000349,36,117,-81
122000351,92,165,-73
122000352,173,40,133
122000353,23,34,-11
122000355,79,357,-278
122000356,117,453,-336
122000357,43,3,40
122000358,0,1,-1
122000359,0,1,-1
122000360,0,0,0
122000362,7,7,0
122000364,225,107,118
122000365,0,22,-22
122000366,20,4,16
122000368,233,197,36
122000370,0,1,-1
122000371,65,0,65
122000372,4,3,1
122000381,139,152,-13
122000382,19,156,-137
122000384,471,588,-117
122000385,41,0,41
122000386,62,676,-614
122000387,143,466,-323
122000388,615,328,287
122000389,97,250,-153
122000390,114,230,-116
122000391,26,595,-569
122000392,55,83,-28
122000393,5,623,-618
122000394,302,182,120
122000395,26,74,-48
122000396,195,10,185
122000397,28,46,-18
122000398,9,120,-111
122000399,58,19,39
122000400,6,350,-344
122000401,27,5,22
122000402,360,53,307
122000403,172,195,-23
122000404,272,71,201
122000408,190,505,-315
122000503,3,65,-62
122000524,52,85,-33
122000544,40,1170,-1130
122000616,83,0,83
122000640,103,49,54
122000641,89,134,-45
122000642,907,236,671
122000643,30,190,-160
122000644,56,16,40
122000645,12,98,-86
122000651,162,665,-503
122000664,86,31,55
122000665,337,184,153
122000666,135,285,-150
122000673,19,119,-100
122000674,430,130,300
122000675,1608,470,1138
122000686,254,511,-257
122000687,1431,152,1279
122000688,288,214,74
122000689,1116,151,965
122000690,2532,109,2423
122000691,1006,349,657
122000692,953,61,892
122000693,213,439,-226
122000695,344,139,205
122000696,440,45,395
122000698,173,163,10
122000699,300,49,251
122000701,1176,218,958
122000702,290,612,-322
122000703,66,28,38
122000712,0,0,0
122000717,21,83,-62
122000718,52,1143,-1091
122000719,4,30,-26
122000720,750,60,690
122000724,55,70,-15
122900001,18,15,3
122900002,314,4729,-4415
122900003,264,7,257
122900004,2104,67,2037
122900005,29,148,-119
122900006,79,1135,-1056
122900007,37,76,-39
122900008,98,251,-153
122900009,95,67,28
122900010,96,52,44
122900012,200,148,52
122900014,45,19,26
122900015,835,192,643
122900016,39,37,2
122900017,183,340,-157
122900018,34,2,32
122900019,14,259,-245
122900020,48,617,-569
122900021,12,157,-145
122900022,645,630,15
122900024,130,50,80
122900025,0,50,-50
122900026,0,25,-25
122900027,10,470,-460
122900028,56,18,38
122900029,2509,1021,1488
122900030,325,50,275
122900031,11,226,-215
122900032,99,103,-4
122900033,146,111,35
122900034,1228,1847,-619
122900035,2,0,2
122900036,20,7,13
122900037,155,49,106
122900038,20,1087,-1067
122900039,12,194,-182
122900040,213,315,-102
122900041,54,308,-254
122900042,93,70,23
122900043,183,181,2
122900044,47,173,-126
122900045,50,62,-12
122900046,35,238,-203
122900047,37,25,12
122900048,11,157,-146
122900049,1612,67,1545
122900051,7,127,-120
122900052,114,51,63
122900053,4,27,-23
122900055,100,20,80
122900057,119,4,115
122900061,223,7,216
122900062,161,322,-161
122900063,119,50,69
122900064,622,348,274
122900065,97,22,75
122900066,246,113,133
122900067,254,135,119
122900069,174,854,-680
122900070,325,14,311
122900071,21,80,-59
122900072,20,60,-40
122900073,26,43,-17
122900074,1149,72,1077
122900075,0,18,-18
122900076,2,58,-56
122900077,0,7,-7
122900078,162,9,153
122900080,1,23,-22
122900081,135,50,85
122900082,1122,51,1071
122900083,32,28,4
122900084,0,73,-73
122900086,1,53,-52
122900087,277,614,-337
122900088,21,169,-148
122900089,3,221,-218
122900090,2,72,-70
122900091,314,1,313
122900092,0,23,-23
122900093,1,19,-18
122900094,1,57,-56
122900095,82,4,78
122900096,425,8,417
122900097,27,7,20
122900098,3,68,-65
122900099,137,23,114
122900100,17,439,-422
122900101,114,64,50
122900102,32,30,2
122900103,313,1,312
122900104,160,1,159
122900105,3,5,-2
122900106,0,6,-6
122900107,0,14,-14
122900108,0,24,-24
122900109,267,41,226
123000001,381,372,9
123000002,1545,4361,-2816
123000003,2136,1655,481
123000004,1484,2343,-859
123000005,2127,1169,958
123000006,1245,1222,23
123000007,1658,1188,470
123000008,957,1561,-604
123000009,2278,2078,200
123000010,1637,2145,-508
123000011,961,709,252
123000012,239,1246,-1007
123000013,2460,579,1881
123000014,241,1505,-1264
123000015,1288,797,491
123000016,1523,1615,-92
123000017,3790,1737,2053
123000018,147,26,121
123000019,484,17,467
123000020,326,20,306
123000021,202,204,-2
123000022,684,1348,-664
123000023,1749,1340,409
123000024,992,548,444
123000025,324,40,284
123000026,39,121,-82
123000027,53,566,-513
123000028,84,2822,-2738
123000029,175,1286,-1111
123000030,191,60,131
123000031,387,70,317
123000032,574,140,434
123000033,198,61,137
123000034,537,457,80
123000035,125,314,-189
123000036,103,511,-408
123000037,94,77,17
123000038,26,280,-254
123000039,300,1091,-791
123000040,234,49,185
123000041,246,478,-232
123000042,232,376,-144
123000043,687,6647,-5960
123000044,1857,1016,841
123000045,1942,657,1285
123000046,81,521,-440
123000047,233,415,-182
123000048,37,1082,-1045
123000049,2550,4230,-1680
123000050,1167,812,355
123000051,38,68,-30
123000052,328,1038,-710
123000053,1041,1042,-1
123000054,1117,996,121
123000055,1261,2525,-1264
123000056,518,339,179
123000057,1631,2141,-510
123000058,267,724,-457
123000059,45,230,-185
123000060,736,242,494
123000061,135,211,-76
123000063,553,359,194
123000064,798,49,749
123000065,1523,1087,436
123000066,186,203,-17
123000067,372,208,164
123000068,660,614,46
123000069,1456,495,961
123000070,85,194,-109
123000071,1004,316,688
123000072,463,319,144
123000073,1087,308,779
123000074,386,462,-76
123000075,134,692,-558
123000076,338,147,191
123000077,851,485,366
123000078,1551,487,1064
123000079,1369,591,778
123000080,1299,252,1047
123000081,57,124,-67
123000082,58,311,-253
123000083,536,83,453
123000084,481,270,211
123000085,459,47,412
123000086,561,24,537
123000087,235,78,157
123000088,555,275,280
123000089,506,326,180
123000090,595,326,269
123000091,758,507,251
123000092,421,493,-72
123000094,362,27,335
123000095,586,180,406
123000096,549,125,424
123000097,371,92,279
123000098,606,107,499
123000099,342,98,244
123000100,142,460,-318
123000101,202,108,94
123000102,363,610,-247
123000104,134,160,-26
123000105,232,47,185
123000106,303,127,176
123000107,151,104,47
123000108,237,385,-148
123000111,613,75,538
123000112,729,133,596
123000113,264,303,-39
123000114,119,211,-92
123000115,166,191,-25
123000116,67,45,22
123000117,1354,603,751
123000118,277,149,128
123000119,149,156,-7
123000120,140,188,-48
123000121,309,254,55
123000122,158,151,7
123000123,207,213,-6
123000124,249,154,95
123000125,733,535,198
123000126,630,1771,-1141
123000127,240,173,67
123000128,117,108,9
123000129,833,57,776
123000130,652,12,640
123000131,934,388,546
123000132,169,176,-7
123000133,91,57,34
123000134,156,15,141
123000135,1338,215,1123
123000136,83,175,-92
123000137,53,50,3
123000138,53,81,-28
123000139,453,30,423
123000140,18,113,-95
123000141,246,39,207
123000142,721,428,293
123000143,471,724,-253
123000144,2,12,-10
123000145,80,409,-329
123000146,8,245,-237
123000147,13,210,-197
123000149,206,239,-33
123000150,32,120,-88
123000151,102,351,-249
123000152,8,106,-98
123000153,42,480,-438
123000154,667,1400,-733
123000155,908,1092,-184
123000156,21,24,-3
123000157,329,526,-197
123000158,192,397,-205
123000159,888,2380,-1492
123000160,408,587,-179
123000161,786,799,-13
123000162,857,1272,-415
123000163,433,98,335
123000164,1578,55,1523
123000165,115,389,-274
123000166,6,31,-25
123000167,86,50,36
123000168,202,75,127
123000169,695,25,670
123000170,96,22,74
123000171,984,3,981
123000172,15,159,-144
123000173,362,94,268
123000174,534,240,294
123000175,115,301,-186
123000176,513,136,377
123000177,102,271,-169
123000178,620,60,560
123000179,2,296,-294
123000180,934,174,760
123000181,221,408,-187
123000182,247,77,170
123000183,93,270,-177
123000184,24,140,-116
123000185,661,385,276
123000186,13,220,-207
123000187,499,4,495
123000188,243,3,240
123000189,728,55,673
123000190,45,184,-139
123000192,1,121,-120
123000193,9,171,-162
123000194,172,158,14
123000195,282,11,271
123000196,267,12,255
123000197,42,51,-9
123000198,39,460,-421
123000199,2,359,-357
123000200,613,6,607
123000201,1042,8,1034
123000202,4,196,-192
123000203,931,15,916
123000204,38,284,-246
123000205,92,350,-258
123000206,2480,144,2336
123000207,52,373,-321
123000208,569,39,530
123000209,1520,240,1280
123000210,86,424,-338
123000211,198,633,-435
123000212,2759,185,2574
123000213,377,44,333
123000215,70,114,-44
123000216,89,624,-535
123000217,135,12,123
123000218,74,193,-119
123000219,341,74,267
123000220,223,71,152
123000221,84,9,75
123000222,208,132,76
123000223,433,96,337
123000224,304,131,173
123000225,156,9,147
123000226,138,93,45
123000227,48,86,-38
123000228,284,16,268
123000229,346,196,150
123000232,36,128,-92
123000233,514,30,484
123000234,115,195,-80
123000235,824,181,643
123000236,127,195,-68
123000237,417,83,334
123000238,20,61,-41
123000239,164,173,-9
123000240,41,450,-409
123000241,76,6,70
123000242,35,105,-70
123000243,442,571,-129
123000244,371,251,120
123000245,2,40,-38
123000249,207,313,-106
123000252,528,88,440
123000253,972,264,708
123000254,424,244,180
123000255,539,408,131
123000256,2,54,-52
123000257,718,502,216
123000258,556,207,349
123000259,403,376,27
123000260,494,51,443
123000261,213,50,163
123000262,16,39,-23
123000263,364,10,354
123000264,148,68,80
123000265,11,16,-5
123000266,236,179,57
123000267,575,121,454
123000268,14,3,11
123000269,36,39,-3
123000270,61,59,2
123000271,20,31,-11
123000272,385,139,246
123000273,129,784,-655
123000274,985,412,573
123000275,110,288,-178
123000278,632,1818,-1186
123000279,175,32,143
123000280,160,119,41
123000281,130,22,108
123000282,15,115,-100
123000283,246,31,215
123000284,16,17,-1
123000286,94,195,-101
123000287,125,93,32
123000288,447,695,-248
123000289,68,880,-812
123000291,68,248,-180
123000294,145,205,-60
123000295,584,1260,-676
123000296,587,794,-207
123000297,609,186,423
123000298,1001,146,855
123000299,139,94,45
123000300,761,341,420
123000301,106,187,-81
123000302,198,24,174
123000303,21,483,-462
123000305,267,313,-46
123000306,217,26,191
123000309,12,40,-28
123000310,64,7,57
123000311,0,56,-56
123000312,367,224,143
123000313,468,381,87
123000315,298,53,245
123000316,710,158,552
123000317,165,148,17
123000318,19,131,-112
123000329,6,8,-2
123000337,208,881,-673
123000338,80,298,-218
123000339,345,44,301
123000340,40,80,-40
123000342,1,13,-12
123000343,136,1,135
123000344,231,74,157
123000345,68,165,-97
123000346,503,58,445
123000352,371,265,106
123000353,98,52,46
123000354,323,1,322
123000355,3,785,-782
123000356,261,0,261
123000357,0,29,-29
123000359,0,24,-24
123000360,61,83,-22
123000361,476,100,376
123000362,180,30,150
123000363,140,44,96
123000364,217,190,27
123000365,15,149,-134
123000366,123,1138,-1015
123000367,105,175,-70
123000370,7,41,-34
123000371,497,11,486
123000372,196,6,190
123000373,0,44,-44
123000374,2,12,-10
123000375,342,30,312
123000376,581,420,161
123000377,534,1,533
123000378,2,54,-52
123000379,2,119,-117
123000380,1,82,-81
123000381,62,140,-78
123000382,546,68,478
123000383,19,326,-307
123000384,661,142,519
123000385,24,100,-76
123000436,23,1082,-1059
123000507,74,89,-15
123000508,85,1027,-942
123000517,59,1,58
123000518,16,36,-20
123000519,57,29,28
123000520,12,74,-62
123000521,278,42,236
123000522,50,89,-39
123000541,14,4,10
123000542,0,0,0
123000565,872,17,855
123000566,308,248,60
123000567,115,83,32
123000573,0,75,-75
123000574,700,23,677
123000575,2138,77,2061
123000576,470,217,253
123000577,10,153,-143
123000578,262,81,181
123000579,602,3207,-2605
123000580,66,66,0
123000582,380,11,369
123000583,4,110,-106
123000584,163,117,46
123000585,0,4,-4
123000586,85,0,85
123000596,57,14,43
123000597,41,126,-85
123000602,70,10,60
123000603,1216,130,1086
123000604,582,119,463
123000605,204,2,202
123000606,0,38,-38
123000609,18,155,-137
123000610,41,86,-45
123000613,47,31,16
123000614,272,37,235
123000615,34,87,-53
123000616,720,13,707
123000617,60,86,-26
123000618,7,247,-240
123000619,267,8,259
123000620,0,100,-100
123000622,367,2,365
123000624,302,28,274
123000630,1658,342,1316
123000631,76,402,-326
123000632,271,227,44
123000633,0,149,-149
123000634,7,204,-197
123000635,8,40,-32
123000636,53,374,-321
123000637,203,10,193
123000638,470,171,299
123000639,751,4263,-3512
123000640,30,132,-102
123000648,351,6,345
123000649,10,124,-114
123900001,748,23,725
123900002,36,583,-547
123900003,27,146,-119
123900005,180,204,-24
123900006,252,17,235
124000001,1359,142,1217
124000002,2,358,-356
124000003,1029,132,897
124000004,10,103,-93
124000005,959,902,57
124000006,47,153,-106
124000007,394,31,363
124000008,36,178,-142
124000009,748,201,547
124000010,80,177,-97
124000011,656,146,510
124000012,97,226,-129
124000017,209,90,119
124000018,10,9,1
124000019,179,34,145
124000020,5,20,-15
124000021,90,47,43
124000022,49,21,28
124000023,740,912,-172
124000024,625,199,426
124000025,739,931,-192
124000026,732,783,-51
124000027,2188,1447,741
124000028,1104,3757,-2653
124000030,942,450,492
124000031,874,7237,-6363
124000032,1226,320,906
124000033,614,866,-252
124000034,258,379,-121
124000035,290,105,185
124000036,29,218,-189
124000037,116,312,-196
124000038,1,3,-2
124000039,134,61,73
124000040,64,250,-186
124000041,525,19,506
124000042,183,46,137
124000043,84,39,45
124000044,45,23,22
124000045,1075,114,961
124000046,96,170,-74
124000047,1767,173,1594
124000048,416,205,211
124000049,1651,161,1490
124000050,332,516,-184
124000051,1319,151,1168
124000052,325,323,2
124000053,460,1446,-986
124000054,348,137,211
124000055,654,2554,-1900
124000056,706,253,453
124000057,1185,260,925
124000058,248,304,-56
124000059,602,619,-17
124000060,222,351,-129
124000061,769,3491,-2722
124000062,1501,629,872
124000063,749,328,421
124000064,675,492,183
124000065,49,179,-130
124000066,148,58,90
124000067,120,75,45
124000068,19,30,-11
124000069,453,65,388
124000070,123,67,56
124000071,77,49,28
124000072,62,202,-140
124000073,698,45,653
124000074,57,110,-53
124000075,511,41,470
124000076,0,0,0
124000077,176,480,-304
124000078,535,555,-20
124000079,76,414,-338
124000080,682,81,601
124000081,78,148,-70
124000082,63,101,-38
124000083,3,29,-26
124000084,6,389,-383
124000085,17,20,-3
124000086,15,212,-197
124000087,18,141,-123
124000088,65,174,-109
124000089,380,42,338
124000090,163,103,60
124000091,440,20,420
124000092,185,245,-60
124000093,125,52,73
124000094,57,159,-102
124000095,125,19,106
124000096,59,54,5
124000097,110,64,46
124000098,190,77,113
124000099,174,70,104
124000100,44,160,-116
124000101,109,117,-8
124000102,81,15,66
124000103,130,42,88
124000104,49,48,1
124000105,99,46,53
124000106,59,22,37
124000107,23,164,-141
124000108,12,12,0
124000109,193,51,142
124000110,117,22,95
124000111,132,93,39
124000112,646,223,423
124000113,61,144,-83
124000114,305,251,54
124000115,116,447,-331
124000116,78,212,-134
124000117,47,37,10
124000118,17,75,-58
124000119,471,157,314
124000120,334,122,212
124000121,429,935,-506
124000122,251,703,-452
124000123,255,172,83
124000124,157,110,47
124000125,213,119,94
124000126,98,85,13
124000127,737,163,574
124000128,403,198,205
124000129,755,422,333
124000130,220,109,111
124000131,449,314,135
124000132,303,225,78
124000133,844,390,454
124000134,331,163,168
124000135,893,980,-87
124000136,146,314,-168
124000137,385,461,-76
124000138,180,288,-108
124000139,204,45,159
124000140,20,219,-199
124000141,687,134,553
124000142,65,251,-186
124000143,127,2,125
124000144,1,62,-61
124000145,171,28,143
124000146,18,53,-35
124000148,3,66,-63
124000149,696,168,528
124000150,153,307,-154
124000151,958,273,685
124000152,277,396,-119
124000153,588,442,146
124000154,366,251,115
124000155,566,272,294
124000156,384,262,122
124000169,79,214,-135
124000170,136,153,-17
124000171,204,161,43
124000172,133,89,44
124000173,421,90,331
124000174,378,172,206
124000175,0,0,0
124000176,52,13,39
124000177,0,0,0
124000178,25,48,-23
124000185,3,150,-147
124000186,0,0,0
124000187,0,0,0
124000188,0,0,0
124000190,50,57,-7
124000191,69,307,-238
124000192,681,368,313
124000193,44,1107,-1063
124000194,180,121,59
124000195,309,167,142
124000196,281,284,-3
124000197,57,8,49
124000198,30,25,5
124000201,15,437,-422
124000202,468,12,456
124000203,668,81,587
124000204,1229,29,1200
124000205,85,35,50
124000206,1114,85,1029
124000207,0,38,-38
124000209,102,21,81
124000210,956,167,789
124000211,900,0,900
124000212,0,46,-46
124000213,405,57,348
124000214,627,23,604
124000215,489,19,470
124000216,15,536,-521
124000329,11,698,-687
124000338,19,266,-247
124000339,2179,27,2152
124000341,2315,33,2282
124000344,66,5,61
124000357,771,1850,-1079
124000358,621,1426,-805
124000359,1032,425,607
124000360,972,350,622
124000361,1956,1068,888
124000362,749,1705,-956
124000363,239,156,83
124000364,258,218,40
124000365,348,478,-130
124000366,1142,432,710
124000367,14,328,-314
124000368,583,1237,-654
124000369,62,60,2
124000370,35,580,-545
124000402,26,4,22
124000403,147,14,133
124000404,3,37,-34
124000405,479,198,281
124000406,574,113,461
124000407,0,12,-12
124000411,3,113,-110
124000412,449,1,448
124000413,69,76,-7
124000414,105,23,82
124000415,51,69,-18
124000416,94,80,14
124000417,201,55,146
124000418,221,39,182
124000419,54,42,12
124000420,111,7,104
124000421,61,56,5
124000422,25,10,15
124000423,95,14,81
124000424,1,15,-14
124000425,135,7,128
124000426,3,46,-43
124000427,143,4,139
124000428,4,207,-203
124000429,147,35,112
124000430,754,294,460
124000431,288,249,39
124000432,255,803,-548
124000439,13,17,-4
124000443,0,0,0
124000445,69,1442,-1373
124000446,621,308,313
124000447,5,241,-236
124000448,254,544,-290
124000449,20,30,-10
124000450,24,56,-32
124000451,13,54,-41
124900001,599,52,547
124900002,69,50,19
124900003,692,112,580
124900004,523,122,401
124900005,78,45,33
124900006,525,78,447
124900008,158,171,-13
124900009,28,218,-190
124900010,105,40,65
124900011,453,150,303
124900012,169,20,149
124900013,363,31,332
124900014,170,22,148
124900015,62,266,-204
124900016,63,103,-40
124900017,82,2207,-2125
124900018,88,4,84
124900020,72,7,65
124900021,247,25,222
124900022,48,2,46
124900024,320,0,320
124900026,21,0,21
124900027,45,64,-19
124900028,155,6,149
124900029,17,246,-229
124900030,1,8,-7
124900031,3,39,-36
124900032,109,63,46
124900033,20,37,-17
124900034,21,61,-40
124900035,30,19,11
124900036,0,55,-55
124900037,54,45,9
124900038,35,86,-51
124900039,1,76,-75
124900040,25,47,-22
124900041,175,125,50
124900042,8,0,8
124900043,266,101,165
124900044,34,1,33
124900045,70,243,-173
124900047,20,32,-12
124900048,177,19,158
124900050,98,15,83
124900052,23,53,-30
124900053,22,47,-25
124900054,550,102,448
124900055,0,28,-28
124900057,0,2,-2
124900060,2,28,-26
124900061,45,0,45
124900062,139,5,134
124900066,0,0,0
124900067,0,0,0
124900068,70,340,-270
124900070,5,4,1
124900072,168,7,161
124900075,209,22,187
124900076,39,752,-713
124900077,10,29,-19
124900078,24,2,22
124900079,78,27,51
124900080,220,67,153
124900081,801,56,745
124900082,122,105,17
124900083,137,83,54
124900085,202,146,56
124900086,10,350,-340
124900087,52,24,28
124900088,29,15,14
124900089,186,0,186
124900090,458,77,381
124900091,107,45,62
124900092,74,35,39
124900093,419,29,390
124900094,500,20,480
124900095,89,281,-192
124900096,90,49,41
124900097,253,12,241
124900098,63,84,-21
124900099,81,95,-14
124900100,277,8,269
124900101,192,13,179
124900102,302,2,300
124900103,22,25,-3
124900104,8,41,-33
124900105,43,20,23
124900106,161,24,137
124900107,208,2,206
124900108,75,55,20
124900111,0,0,0
124900112,85,72,13
124900113,1,46,-45
124900114,5,37,-32
124900115,0,4,-4
124900116,188,222,-34
124900117,92,110,-18
124900118,10,656,-646
124900119,159,121,38
124900120,2,36,-34
124900121,9,257,-248
124900122,109,12,97
124900123,54,20,34
124900124,16,24,-8
204000001,181,13,168
204000002,10,4,6
204000003,19,0,19
204000004,14,2,12
204000005,284,224,60
204000006,872,993,-121
204000012,3,7,-4
204000019,1034,230,804
204000020,929,219,710
204000021,526,547,-21
204000022,1035,274,761
204000023,271,309,-38
204000031,21,2,19
204000032,93,10,83
204000034,52,10,42
204000035,7,12,-5
204000036,0,7,-7
204000037,0,16,-16
204000038,4,26,-22
204000039,19,18,1
204000040,3,5,-2
204000041,5,9,-4
204000042,9,13,-4
204000043,13,19,-6
204000044,40,1,39
204000045,31,0,31
204000046,30,3,27
204000057,1,42,-41
204000062,6,56,-50
204000068,2,55,-53
204000069,10,113,-103
204000070,95,37,58
204000080,28,17,11
204000085,409,176,233
204000086,517,568,-51
204000087,29,4,25
204000088,0,0,0
204000090,74,16,58
204000093,497,14,483
204000096,816,238,578
204000097,396,5,391
204000099,675,1402,-727
204000100,1274,450,824
204000105,386,128,258
204000110,87,360,-273
204000111,198,260,-62
204000112,94,206,-112
204000113,106,256,-150
204000114,692,878,-186
204000115,641,220,421
204000116,313,132,181
204000119,2238,649,1589
204000132,547,390,157
204000133,513,64,449
204000134,233,28,205
204000135,469,11,458
204000136,462,79,383
204000138,220,557,-337
204000140,242,57,185
204000141,157,26,131
204000144,0,39,-39
204000145,227,17,210
204000146,5,11,-6
204000147,0,23,-23
204000148,69,17,52
204000154,3,0,3
204000155,1,38,-37
204000177,44,42,2
204000179,22,5,17
204000180,0,17,-17
204000222,11,36,-25
204000235,3,21,-18
204000236,3,7,-4
204000238,28,9,19
204000240,139,12,127
204000263,154,223,-69
204000268,508,161,347
204000308,9,3,6
204000317,0,26,-26
204000322,17,19,-2
204000323,1,22,-21
204000328,241,20,221
204000329,30,19,11
204000330,131,24,107
204000331,75,6,69
205000001,195,314,-119
205000013,4,32,-28
205000014,3,6,-3
205000015,7,14,-7
205000016,8,29,-21
205000017,38,11,27
205000022,86,159,-73
205000025,321,150,171
205000029,648,10,638
205000045,97,85,12
205000046,39,45,-6
205000047,32,32,0
205000048,156,45,111
205000049,56,38,18
205000050,137,11,126
205000059,0,21,-21
205000060,0,64,-64
205000061,0,103,-103
205000062,1,91,-90
205000063,3,129,-126
205000064,6,55,-49
205000065,26,270,-244
205000066,53,73,-20
205000067,35,149,-114
205000069,95,4,91
205000082,82,70,12
205000110,46,14,32
205000111,34,10,24
205000112,77,110,-33
205000113,20,41,-21
205000121,108,71,37
205000123,20,9,11
205000126,587,94,493
205000127,481,32,449
205000128,241,46,195
205000129,544,58,486
205000130,127,15,112
205000131,22,14,8
205000132,46,5,41
205000133,49,3,46
205000134,220,0,220
205000137,25,9,16
205000138,38,7,31
205000139,1,9,-8
205000144,35,41,-6
205000145,129,39,90
205000151,148,21,127
205000152,62,16,46
205000153,219,20,199
205000154,43,39,4
205000155,66,26,40
205000207,0,0,0
205000233,19,0,19
205000234,0,1,-1
205000243,0,0,0
205000244,0,1,-1
205000245,0,17,-17
205000249,0,26,-26
205000250,0,0,0
205000264,1,12,-11
206000027,3,7,-4
206000028,2,5,-3
206000043,0,25,-25
206000053,0,2,-2
206000054,0,7,-7
206000055,1,2,-1
206000075,2,6,-4
206000076,2,1,1
206000077,27,4,23
206000078,16,0,16
206000079,36,4,32
206000082,261,64,197
206000100,4,188,-184
206000103,0,0,0
206000104,0,0,0
206000105,0,0,0
206000106,0,0,0
206000125,275,0,275
206000157,0,28,-28
206000170,1,96,-95
206000171,0,103,-103
206000172,10,47,-37
206000173,2,32,-30
206000174,5,16,-11
206000175,0,11,-11
206000176,11,17,-6
206000177,0,14,-14
206000178,1,113,-112
206000179,0,26,-26
206000180,4,32,-28
206000181,0,35,-35
206000182,10,32,-22
206000183,17,64,-47
206000184,2,23,-21
206000185,2,5,-3
206000186,7,134,-127
206000223,1,96,-95
206000226,29,0,29
206000227,33,0,33
206000237,13,40,-27
206000238,0,93,-93
206000239,79,348,-269
206000240,0,0,0
206000241,0,53,-53
206000242,2,29,-27
206000243,6,23,-17
206000244,18,59,-41
206000245,2510,35,2475
206000246,663,3,660
206000247,937,3,934
206000248,940,2,938
206000252,29,48,-19
206000258,0,0,0
206000315,7,4,3
206000317,596,174,422
206000318,731,54,677
206000319,3316,13,3303
206000320,1140,25,1115
206000321,1117,11,1106
206000322,1534,6,1528
206000323,395,1,394
206000324,648,5,643
206000325,326,18,308
206000326,399,16,383
206000327,24,4,20
206000328,307,0,307
206000329,930,2,928
206000330,274,1,273
206000331,559,0,559
206000332,86,1,85
206000333,1865,1,1864
206000334,1051,0,1051
206000335,0,10,-10
206000361,0,20,-20
206000392,0,1,-1
206000405,283,1,282
206000441,55,38,17
206000498,41,1,40
206000515,62,29,33
206000530,528,51,477
206000531,290,198,92
206000532,878,197,681
206000535,29,776,-747
206000536,2,51,-49
206000537,2,72,-70
206000613,1068,344,724
206000784,438,29,409
207000001,33,134,-101
207000002,23,231,-208
207000003,36,130,-94
207000007,1741,126,1615
207000008,345,4,341
207000009,54,6,48
207000010,73,120,-47
207000012,526,89,437
207000015,39,317,-278
207000019,357,32,325
207000021,318,137,181
207000022,119,92,27
207000023,256,52,204
207000024,2,6,-4
207000025,12,32,-20
207000026,0,0,0
207000027,0,0,0
207000028,0,63,-63
207000029,26,76,-50
207000033,151,205,-54
207000034,159,38,121
207000039,701,44,657
207000040,980,10,970
207000041,83,7,76
207000042,289,23,266
207000043,235,144,91
207000051,0,5,-5
207000052,1,5,-4
207000053,103,193,-90
207000054,20,45,-25
207000055,57,22,35
207000056,80,142,-62
207000057,50,76,-26
207000058,56,117,-61
207000059,45,141,-96
207000060,24,257,-233
207000061,104,1168,-1064
207000062,917,48,869
207000063,708,39,669
207000064,366,29,337
207000065,294,93,201
207000066,618,105,513
207000067,89,30,59
207000068,117,30,87
207000069,756,196,560
207000082,10,93,-83
207000083,25,110,-85
207000084,519,113,406
207000085,440,69,371
207000086,578,4,574
207000106,126,11,115
207000107,108,0,108
207000108,121,0,121
207000109,62,3,59
207000110,22,9,13
207000111,45,5,40
207000112,35,277,-242
207000114,0,0,0
207000115,0,0,0
207000116,0,0,0
207000117,0,0,0
207000118,0,0,0
207000119,0,0,0
207000123,268,4,264
207000124,131,6,125
207000125,30,2,28
207000126,106,12,94
207000134,236,60,176
207000135,41,148,-107
207000148,128,116,12
207000149,0,0,0
207000152,10,162,-152
207000153,15,426,-411
207000154,207,93,114
207000159,3,8,-5
207000160,9,25,-16
207000238,0,0,0
207000242,0,0,0
207000248,0,0,0
207000249,0,0,0
207000250,0,0,0
207000251,0,0,0
207000252,0,0,0
207000278,161,91,70
207000279,1,14,-13
207000280,1364,21,1343
207000281,25,184,-159
207000282,17,470,-453
207000283,22,67,-45
207000284,23,1395,-1372
207000285,56,110,-54
207000291,0,0,0
207000304,50,35,15
207000306,11,166,-155
207000310,230,91,139
207000353,59,4,55
207000356,4,4,0
207000357,0,13,-13
207000358,0,9,-9
207000415,0,0,0
207000417,16,2,14
207000418,84,57,27
207000438,1,4,-3
207000439,273,70,203
207000446,66,7,59
207000460,229,8,221
207000466,0,1,-1
207000467,690,35,655
207000468,16,24,-8
207000476,4,34,-30
207000477,264,32,232
207000478,0,1,-1
207000523,0,0,0
207000524,27,0,27
207000527,335,39,296
207000530,183,5,178
207000531,190,2,188
207000532,14,28,-14
207000534,159,19,140
207000535,0,0,0
207000537,0,0,0
207000540,0,0,0
207000541,0,0,0
207000548,0,0,0
207000549,109,1,108
207000561,97,43,54
207000562,0,0,0
207000567,15,92,-77
207000568,219,30,189
207000569,694,100,594
207000584,0,0,0
207000585,15,26,-11
207000587,337,6,331
207000616,0,56,-56
207000617,257,0,257
207000624,15,21,-6
207000631,0,26,-26
207900008,619,35,584
208000001,434,547,-113
208000002,509,631,-122
208000003,591,416,175
208000004,650,435,215
208000005,0,0,0
208000019,867,326,541
208000020,241,145,96
208000021,211,139,72
208000022,289,242,47
208000028,444,785,-341
208000033,150,161,-11
208000034,288,568,-280
208000037,198,12,186
208000040,162,49,113
208000041,402,291,111
208000042,873,252,621
208000047,74,64,10
208000064,1253,899,354
208000066,778,544,234
208000070,691,331,360
208000071,662,128,534
208000072,811,224,587
208000080,200,257,-57
208000081,250,42,208
208000082,130,54,76
208000083,73,98,-25
208000084,4,94,-90
208000085,212,97,115
208000086,317,303,14
208000087,284,416,-132
208000089,584,98,486
208000090,452,173,279
208000093,16,35,-19
208000094,111,163,-52
208000095,486,276,210
208000104,1086,240,846
208000105,626,294,332
208000114,36,264,-228
208000115,328,191,137
208000116,1181,888,293
208000117,13,87,-74
208000118,89,186,-97
208000155,413,440,-27
208000158,820,1218,-398
208000186,448,966,-518
208000204,476,601,-125
208000205,868,418,450
208000282,551,367,184
209000004,493,96,397
209000005,40,23,17
209000006,356,93,263
209000007,288,322,-34
209000010,0,0,0
209000011,0,0,0
209000012,13,33,-20
209000013,31,21,10
209000014,18,63,-45
209000025,651,41,610
209000026,1474,128,1346
209000027,21,26,-5
209000028,35,28,7
209000029,101,18,83
209000030,140,112,28
209000031,533,150,383
209000034,226,220,6
209000035,237,255,-18
209000036,440,62,378
209000037,586,148,438
209000038,345,77,268
209000039,86,78,8
209000040,348,162,186
209000041,161,184,-23
209000042,278,240,38
209000043,480,343,137
209000044,389,335,54
209000045,373,98,275
209000046,399,111,288
209000047,301,91,210
209000048,434,272,162
209000049,22,33,-11
209000050,130,37,93
209000051,133,32,101
209000052,39,36,3
209000062,0,0,0
209000063,1,3,-2
209000064,1,1,0
209000065,241,7,234
209000066,286,12,274
209000067,255,18,237
209000080,8,9,-1
209000082,122,28,94
209000091,0,0,0
209000093,0,0,0
209000094,0,0,0
209000110,52,104,-52
209000111,430,1952,-1522
209000112,1445,364,1081
209000113,2200,411,1789
209000114,1267,327,940
209000115,18,22,-4
209000116,94,114,-20
209000118,7,98,-91
209000119,0,0,0
209000121,15,47,-32
209000135,44,72,-28
209000142,557,1877,-1320
209000143,0,0,0
209000144,40,170,-130
209000229,134,34,100
209000240,0,20,-20
209000259,19,10,9
209000260,13,112,-99
209000261,1,61,-60
209000262,0,37,-37
209000263,0,67,-67
209000264,1,57,-56
209000265,195,0,195
209000266,60,1,59
209000267,867,0,867
209000268,320,66,254
210000037,224,12,212
210000047,20,2,18
210000048,53,13,40
210000049,45,0,45
210000052,21,2,19
210000053,11,1,10
210000054,14,32,-18
210000070,149,10,139
210000071,106,2,104
210000072,31,1,30
210000073,0,0,0
210000074,0,1,-1
210000075,0,3,-3
210000076,0,8,-8
210000077,0,22,-22
210000078,1,78,-77
210000079,27,15,12
210000080,19,149,-130
210000081,66,1,65
210000082,42,0,42
210000083,24,0,24
210000084,73,0,73
210000085,0,5,-5
210000086,0,3,-3
210000099,4,9,-5
210000100,6,23,-17
210000101,1,20,-19
210000105,3,57,-54
210000159,0,1,-1
210000163,2,58,-56
210000164,230,160,70
210000168,226,38,188
210000187,0,0,0
210000188,0,1,-1
210000214,29,1,28
210000219,147,33,114
210000220,201,6,195
210000232,0,3,-3
210000233,0,1,-1
210000234,0,8,-8
210000235,6,0,6
210000245,0,0,0
210000246,13,0,13
210000258,0,5,-5
210000259,179,23,156
210000282,0,9,-9
210000285,0,3,-3
210000286,0,2,-2
210000290,5,3,2
210000295,14,55,-41
210000296,12,8,4
210000320,250,16,234
210000321,114,10,104
210000338,28,28,0
210000339,13,108,-95
210000340,11,21,-10
210000341,63,30,33
210000342,102,21,81
210000343,65,71,-6
210000344,32,45,-13
210000345,24,90,-66
210000346,8,48,-40
210000347,3,44,-41
210000348,24,27,-3
210000349,11,34,-23
210000350,47,34,13
210000351,97,24,73
210000352,24,29,-5
210000353,52,25,27
210000354,45,30,15
210000355,19,93,-74
210000356,32,86,-54
210000357,37,131,-94
210000358,149,162,-13
210000359,90,161,-71
210000360,137,197,-60
210000361,218,101,117
210000362,277,65,212
210000363,298,88,210
210000364,182,50,132
210000365,131,20,111
210000366,313,47,266
210000367,49,13,36
210000368,90,20,70
210000369,37,20,17
210000370,138,21,117
210000372,16,30,-14
210000373,5,14,-9
210000374,84,39,45
210000375,8,6,2
210000376,15,88,-73
210000404,2,11,-9
210000439,14,9,5
210000472,24,0,24
210000482,145,54,91
210000564,175,94,81
210000567,0,60,-60
210000568,217,1,216
211000092,43,40,3
211000094,27,3,24
211000169,328,1,327
211000172,18,136,-118
211000209,0,21,-21
211000226,8,3,5
211000270,59,1,58
211000275,52,12,40
211000276,165,22,143
211000279,29,14,15
211000281,141,10,131
211000302,32,37,-5
211507980,1,31,-30
211977296,20,8,12
212000003,246,57,189
212000004,2,27,-25
212000005,0,29,-29
212000006,19,123,-104
212000008,44,126,-82
212000009,17,55,-38
212000012,25,22,3
212000013,12,8,4
212000014,121,41,80
212000015,136,42,94
212000016,171,140,31
212000027,530,113,417
212000028,325,128,197
212000029,242,110,132
212000030,52,13,39
212000031,48,29,19
212000048,6,159,-153
212000049,1,136,-135
212000050,3,7,-4
212000051,182,20,162
212000052,168,80,88
212000053,76,105,-29
212000054,604,48,556
212000055,511,62,449
212000056,26,23,3
212000057,20,29,-9
212000058,131,33,98
212000070,84,38,46
212000077,66,120,-54
212000099,441,58,383
212000108,328,144,184
212000111,439,63,376
212000120,36,83,-47
212000138,77,15,62
212000156,1,31,-30
212000158,3,50,-47
212000159,547,55,492
212000160,614,54,560
212000161,99,15,84
212000310,12,10,2
212000311,22,39,-17
212000374,19,9,10
213000001,9,166,-157
213000005,530,28,502
213000006,490,61,429
213000007,52,24,28
213000009,154,95,59
213000010,273,35,238
213000011,190,42,148
213000012,101,139,-38
213000014,46,8,38
213000015,140,9,131
213000016,221,2,219
213000017,17,1,16
213000018,0,9,-9
213000019,0,24,-24
213000020,49,44,5
213000021,1,14,-13
213000023,313,127,186
213000033,226,574,-348
213000034,381,61,320
213000035,132,291,-159
213000045,133,135,-2
213000046,80,50,30
213000047,151,518,-367
213000056,139,4,135
213000069,64,1,63
213000073,0,40,-40
213000074,81,216,-135
213000075,464,5,459
213000076,17,0,17
213000085,1,0,1
213000086,2,13,-11
213000091,268,10,258
213000092,12,10,2
213000099,112,606,-494
213000100,642,155,487
213000101,512,62,450
213000102,477,104,373
213000103,297,147,150
213000104,20,156,-136
213000105,30,831,-801
213000106,26,91,-65
213000107,123,181,-58
213000108,31,150,-119
213000109,5,96,-91
213000110,1,80,-79
213000111,0,126,-126
213000112,11,262,-251
213000115,31,1,30
213000116,30,177,-147
213000117,0,166,-166
213000118,1010,291,719
213000119,23,190,-167
213000120,12,105,-93
213000122,50,163,-113
213000123,36,256,-220
213000124,61,357,-296
213000125,174,29,145
213000126,8,52,-44
213000127,8,119,-111
213000128,39,344,-305
213000129,129,1197,-1068
213000130,945,335,610
213000132,938,89,849
213000133,892,52,840
213000134,926,6,920
213000136,533,25,508
213000137,460,16,444
213000139,315,16,299
213000147,1,7,-6
213000148,28,34,-6
213000149,9,4,5
213000150,0,265,-265
213000151,1,135,-134
213000152,1,195,-194
213000153,1,166,-165
213000154,70,235,-165
213000155,36,124,-88
213000156,105,370,-265
213000157,825,185,640
213000158,319,246,73
213000159,656,158,498
213000163,1823,137,1686
213000165,490,113,377
213000171,0,6,-6
213000172,0,5,-5
213000173,0,20,-20
213000174,0,8,-8
213000175,0,8,-8
213000176,62,75,-13
213000177,138,5,133
213000178,310,0,310
213000179,318,0,318
213000180,339,0,339
213000184,47,137,-90
213000188,471,63,408
213000189,774,17,757
213000190,572,69,503
213000191,608,93,515
213000192,205,27,178
213000193,271,106,165
213000194,1,208,-207
213000195,48,297,-249
213000196,211,659,-448
213000197,470,395,75
213000198,6,2,4
213000200,80,235,-155
213000201,14,85,-71
213000202,15,256,-241
213000203,908,182,726
213000204,902,14,888
213000205,366,16,350
213000206,519,4,515
213000207,23,2,21
213000208,17,4,13
213000209,66,6,60
213000210,96,3,93
213000211,0,30,-30
213000212,4,58,-54
213000213,7,89,-82
213000218,268,264,4
213000219,806,13,793
213000220,1024,4,1020
213000223,179,81,98
213000224,22,61,-39
213000225,62,21,41
213000226,24,14,10
213000227,1152,105,1047
213000228,555,43,512
213000229,158,22,136
213000230,562,5,557
213000232,69,1052,-983
213000233,17,81,-64
213000234,0,22,-22
213000293,2,232,-230
213000294,62,17,45
213000295,10,196,-186
213000296,151,42,109
213000297,3,12,-9
213000298,0,21,-21
213000299,29,14,15
213000300,2,20,-18
213000303,0,9,-9
213000304,0,10,-10
213000305,0,19,-19
213000306,14,8,6
213000307,64,117,-53
213000308,9,28,-19
213000309,88,3,85
213000310,139,56,83
213000311,56,322,-266
213000315,26,24,2
213000316,197,35,162
213000322,88,13,75
213000323,147,23,124
213000324,34,3,31
213000325,55,24,31
213000326,46,21,25
213000327,6,18,-12
213000328,17,43,-26
213000329,36,8,28
213000340,33,134,-101
213000341,1159,44,1115
213000346,99,249,-150
213000347,112,249,-137
213000348,0,65,-65
213000349,3,34,-31
213000350,141,308,-167
213000366,36,107,-71
213000367,325,8,317
213000379,35,106,-71
213000386,16,123,-107
213000406,102,203,-101
213000417,1198,338,860
213000425,350,28,322
213000426,181,26,155
213000427,28,37,-9
213000428,24,13,11
213000429,3,17,-14
213000430,37,50,-13
213000431,14,0,14
213000432,2,257,-255
213000433,26,34,-8
213000434,84,22,62
213000435,46,14,32
213000436,51,22,29
213000437,0,3,-3
213000438,101,21,80
213000439,16,6,10
213000440,1,102,-101
213000441,1,4,-3
213000442,0,9,-9
213000443,273,336,-63
213000444,12,1,11
213000445,0,61,-61
213000446,25,244,-219
213000447,0,52,-52
213000448,41,72,-31
213000449,880,1,879
213000450,16,11,5
213000451,275,5,270
213000452,6,10,-4
213000453,2,32,-30
213000455,48,3,45
213000456,1,167,-166
213000481,1,4,-3
213000482,31,0,31
213000489,74,18,56
213000491,22,353,-331
213000492,107,27,80
213000493,0,187,-187
213000494,359,14,345
213000495,0,2,-2
213000496,382,80,302
213000497,53,331,-278
213000498,9,193,-184
213000499,58,215,-157
213000500,507,17,490
213000501,120,6,114
213000502,75,17,58
213000503,0,43,-43
213000504,8,65,-57
213000505,70,34,36
213000506,0,1,-1
213000507,3,30,-27
213900244,82,0,82
213900245,0,3,-3
218000003,57,18,39
218000004,30,24,6
218000005,26,51,-25
218000006,36,31,5
218000007,6,10,-4
218000012,60,200,-140
218000013,73,65,8
218000014,81,47,34
218000019,225,171,54
218000020,158,269,-111
218000021,0,0,0
218000022,0,0,0
218000023,0,0,0
218000024,0,0,0
218000025,0,0,0
218000026,0,0,0
218000027,0,0,0
218000028,0,0,0
218000029,0,0,0
218000030,0,0,0
218000031,0,0,0
218000032,0,0,0
218000040,2,3,-1
218000046,114,115,-1
218000047,19,62,-43
218000048,122,52,70
218000049,32,87,-55
218000050,219,102,117
218000051,108,108,0
218000052,0,36,-36
218000053,0,3,-3
218000054,3,22,-19
218000055,8,28,-20
218000056,48,38,10
218000057,1,30,-29
218000064,7,1,6
218000065,51,2,49
218000066,7,52,-45
218000067,113,46,67
218000068,185,10,175
218000069,372,22,350
218000070,343,146,197
218000071,204,123,81
218000072,129,141,-12
218000078,653,262,391
218000079,288,5,283
218000080,141,3,138
218000081,621,37,584
218000082,228,50,178
218000083,39,11,28
218000084,51,33,18
218000085,22,36,-14
218000086,26,20,6
218000087,45,11,34
218000090,36,161,-125
218000091,1105,269,836
218000092,116,116,0
218000093,76,19,57
218000094,284,166,118
218000099,104,55,49
218000100,123,44,79
218000101,76,49,27
218000102,139,46,93
218000103,58,5,53
218000104,26,4,22
218000105,30,3,27
218000106,47,4,43
218000107,76,45,31
218000108,0,17,-17
218000112,23,5,18
218000117,60,75,-15
218000134,258,197,61
218000135,1,99,-98
218000136,96,139,-43
218000137,114,38,76
218000138,25,21,4
218000139,93,165,-72
218000140,337,155,182
218000141,12,31,-19
218000142,69,63,6
218000143,36,148,-112
218000144,4,149,-145
218000145,378,152,226
218000146,82,16,66
218000151,2,16,-14
218000152,44,43,1
218000153,5,7,-2
218000154,6,0,6
218000155,24,0,24
218000156,89,3,86
218000157,8,5,3
218000158,5,2,3
218000159,3,1,2
218000160,5,6,-1
218000161,21,0,21
218000162,17,0,17
218000163,26,0,26
218000164,52,1,51
218000165,118,11,107
218000170,0,42,-42
218000171,26,5,21
218000172,1,4,-3
218000173,17,4,13
218000174,10,15,-5
218000176,241,9,232
218000177,336,37,299
218000178,134,20,114
218000179,117,51,66
218000180,81,22,59
218000181,242,33,209
218000187,9,7,2
218000188,9,11,-2
218000189,1,19,-18
218000190,32,18,14
218000191,59,7,52
218000192,67,52,15
218000193,112,56,56
218000194,82,30,52
218000195,176,39,137
218000196,340,55,285
218000197,603,69,534
218000198,109,33,76
218000199,23,1,22
218000200,41,9,32
218000201,1,6,-5
218000202,9,218,-209
218000207,22,5,17
218000208,26,43,-17
218000211,33,8,25
218000212,0,0,0
218000213,206,131,75
218000214,1,66,-65
218000215,119,88,31
218000217,2,63,-61
218000218,370,75,295
218000219,0,26,-26
218000220,51,308,-257
218000221,608,295,313
218000222,1,73,-72
218000223,15,278,-263
218000224,2,110,-108
218000225,125,8,117
218000226,219,13,206
218000230,0,14,-14
218000232,53,63,-10
218000239,89,15,74
218000240,2,0,2
218000241,4,1,3
218000242,1,0,1
218000243,7,1,6
218000244,29,0,29
218000245,5,6,-1
218000246,0,6,-6
218000247,0,0,0
218000248,0,23,-23
218000249,0,1,-1
218000250,3,1,2
218000251,0,8,-8
218000252,0,27,-27
218000253,0,11,-11
218000254,1,6,-5
218000255,1,10,-9
218000256,25,22,3
218000267,403,498,-95
218000268,1,29,-28
218000269,0,12,-12
218000270,35,3,32
218000271,2,11,-9
218000273,54,0,54
218000274,26,0,26
218000275,95,69,26
218000276,36,13,23
218000278,6,31,-25
218000279,64,29,35
218000280,0,20,-20
218000281,4,8,-4
218000282,413,623,-210
218000284,18,2,16
218000301,12,48,-36
218000302,13,22,-9
218000303,4,57,-53
218000316,1441,362,1079
218000317,2380,213,2167
218000318,1422,146,1276
218000319,732,279,453
218000320,308,176,132
218000338,26,41,-15
218000345,119,35,84
218000346,72,60,12
218000459,18,114,-96
218000490,2,20,-18
218000501,86,24,62
218000502,15,12,3
218000503,150,12,138
218000504,61,3,58
218000505,25,52,-27
218000506,6,84,-78
218000508,0,0,0
218000510,67,2,65
218000520,110,81,29
218000521,0,28,-28
218000522,1,327,-326
218000523,68,8,60
218000524,0,185,-185
218000525,16,6,10
218000526,1,155,-154
218000529,36,38,-2
218000530,12,2,10
218000531,6,11,-5
218000532,81,10,71
218000534,517,20,497
218000537,2,144,-142
218000538,24,92,-68
218000540,60,103,-43
218000543,163,45,118
218000544,2,10,-8
218000545,193,51,142
218000546,2,6,-4
218000547,126,89,37
218000548,58,71,-13
218000549,713,44,669
218000550,55,81,-26
218000551,57,196,-139
218000552,411,46,365
218000553,53,60,-7
218000554,10,22,-12
218000555,61,41,20
218000556,94,34,60
218000557,680,137,543
218000558,55,16,39
218000559,0,39,-39
218000560,0,17,-17
218000561,5,0,5
218000562,0,85,-85
218000563,53,9,44
218000564,0,79,-79
218000565,56,23,33
218000566,79,4,75
218000567,0,88,-88
218000568,7,1,6
218000569,3,164,-161
218000570,54,3,51
218000571,1,120,-119
218000572,42,0,42
218000573,0,144,-144
218000574,20,18,2
218000575,55,0,55
218000576,1,84,-83
218000577,26,2,24
218000578,0,65,-65
218000579,0,5,-5
218000581,3,17,-14
218000582,105,0,105
218000583,15,10,5
218000584,0,13,-13
218000585,29,3,26
218000586,1,22,-21
218000587,0,0,0
218000588,0,7,-7
218000589,0,34,-34
218000590,1,1,0
218000591,3,117,-114
218000592,0,34,-34
218000593,4,88,-84
218000594,0,22,-22
218000596,0,0,0
218000597,0,35,-35
218000598,0,20,-20
218000599,1,129,-128
218000600,2,35,-33
218000601,0,137,-137
218000602,0,1,-1
218000603,0,3,-3
218000604,31,0,31
218000605,1,607,-606
218000606,409,1,408
218000607,10,75,-65
218000608,13,3,10
218000609,0,29,-29
218000610,88,0,88
218000611,1,0,1
218000612,0,12,-12
218000613,21,0,21
218000614,3,19,-16
218000615,154,0,154
218000616,2,175,-173
218000617,0,0,0
218000618,0,31,-31
218000619,75,2,73
218000620,2,13,-11
218000621,0,0,0
218000622,1,70,-69
218000623,3,0,3
218000624,2,57,-55
218000625,7,0,7
218000626,0,25,-25
218000628,176,73,103
218000631,184,26,158
218000632,2,152,-150
218000633,42,1,41
218000634,0,2,-2
218000635,20,13,7
218000636,348,190,158
218000637,1122,101,1021
218000638,458,3,455
218000639,21,35,-14
218000640,663,13,650
218000641,114,44,70
218000652,53,77,-24
218000653,246,18,228
218000663,1,15,-14
218000675,10,43,-33
218000676,0,0,0
218000677,34,0,34
218000680,113,98,15
218000681,747,27,720
218000691,173,146,27
218000693,792,20,772
218000703,0,0,0
218000718,21,56,-35
218000719,22,87,-65
218000720,1,115,-114
218000721,7,2,5
218000725,0,0,0
218001147,0,31,-31
218001214,15,27,-12
218001258,437,3,434
218001329,160,109,51
218001330,43,83,-40
218001351,3,13,-10
218001352,1,15,-14
218001353,3,9,-6
218001354,13,36,-23
218001355,3,20,-17
218001356,832,60,772
218001357,0,41,-41
218001358,520,3,517
218001361,885,79,806
218001362,0,27,-27
219000001,0,0,0
219000002,0,0,0
219000003,21,22,-1
219000004,23,96,-73
219000017,45,23,22
219000020,209,10,199
219000022,175,1,174
219000023,18,3,15
219000029,0,0,0
219000034,45,50,-5
219000039,0,0,0
219000040,11,24,-13
219000041,141,45,96
219000051,0,0,0
219000052,0,0,0
219000053,0,0,0
219000054,0,0,0
219000055,308,0,308
219000056,1,0,1
219000057,44,0,44
219000062,5,23,-18
219000063,208,2,206
219000064,0,9,-9
219000110,189,214,-25
219000111,80,45,35
219000112,214,23,191
219000113,210,15,195
219000114,90,21,69
219000116,65,41,24
219000117,46,34,12
219000118,35,28,7
219000123,85,0,85
219000124,1,0,1
219000125,0,0,0
219000126,0,0,0
219000127,0,0,0
219000128,1,5,-4
219000129,1,7,-6
219000130,60,86,-26
219000131,635,739,-104
219000133,14,106,-92
219000134,6,19,-13
219000135,5,13,-8
219000136,33,176,-143
219000138,88,0,88
219000139,60,0,60
219000140,129,0,129
219000141,111,5,106
219000142,5,4,1
219000143,0,3,-3
219000145,1,11,-10
219000146,0,0,0
219000147,0,0,0
219000148,0,0,0
219000149,0,0,0
219000150,0,0,0
219000151,0,0,0
219000157,269,46,223
219000158,188,32,156
219000161,217,1,216
219000163,809,210,599
219000166,121,60,61
219000167,34,33,1
219000168,225,32,193
219000174,552,57,495
219000175,125,1,124
219000176,219,10,209
219000177,120,2,118
219000178,83,0,83
219000179,59,29,30
219000180,36,0,36
219000182,61,1,60
219000183,63,0,63
219000184,73,0,73
219000185,0,0,0
219000186,49,9,40
219000187,26,10,16
219000189,4,8,-4
219000190,3,3,0
219000191,28,151,-123
219000192,353,176,177
219000193,13,11,2
219000195,0,0,0
219000196,0,0,0
219000198,0,0,0
219000199,0,1,-1
219000200,0,1,-1
219000201,4,5,-1
219000203,1,1,0
219000204,1,35,-34
219000205,0,27,-27
219000207,6,29,-23
219000209,0,0,0
219000210,0,1,-1
219000213,0,30,-30
219000239,45,123,-78
219000240,58,151,-93
219000241,58,30,28
219000242,15,67,-52
219000243,82,289,-207
219000244,2,180,-178
219000245,30,85,-55
219000246,36,24,12
219000247,262,26,236
219000248,467,381,86
219000249,195,99,96
219000250,182,23,159
219000251,407,84,323
219000252,221,61,160
219000253,206,5,201
219000255,122,127,-5
219000256,362,24,338
219000257,78,0,78
219000262,2,22,-20
219000263,7,14,-7
219000267,1,0,1
219000268,0,0,0
219000269,0,0,0
219000270,0,0,0
219000271,248,3,245
219000278,0,0,0
219000279,0,0,0
219000283,0,3,-3
219000295,0,27,-27
219000296,10,73,-63
219000297,0,1,-1
219000298,0,0,0
219000299,158,35,123
219000300,14,7,7
219000301,2,13,-11
219000302,4,10,-6
219000307,0,0,0
219000308,67,20,47
219000311,168,22,146
219000312,234,52,182
219000313,238,39,199
219000314,7,4,3
219000315,220,5,215
219000316,371,23,348
219000317,71,7,64
219000320,0,0,0
219000321,0,0,0
219000323,0,0,0
219000325,0,0,0
219000326,3,4,-1
219000327,0,0,0
219000328,0,0,0
219000329,251,112,139
219000330,1,4,-3
219000331,19,3,16
219000332,131,15,116
219000333,40,0,40
219000335,85,1,84
219000337,6,0,6
219000338,31,0,31
219000344,0,0,0
219000345,0,0,0
219000346,0,0,0
219000348,7,8,-1
219000349,0,32,-32
219000350,0,0,0
219000351,0,1,-1
219000352,19,39,-20
219000353,126,35,91
219000354,622,56,566
219000355,89,24,65
219000356,203,521,-318
219000363,98,49,49
219000364,137,32,105
219000365,48,5,43
219000366,184,698,-514
219000368,148,258,-110
219000370,462,302,160
219000371,0,0,0
219000382,0,7,-7
219000383,48,207,-159
219000385,48,183,-135
219000386,48,389,-341
219000387,0,6,-6
219000390,2,2,0
219000391,0,0,0
219000397,0,0,0
219000398,40,25,15
219000401,15,14,1
219000402,4,11,-7
219000403,18,74,-56
219000404,26,26,0
219000407,5,6,-1
219000409,43,18,25
219000410,54,4,50
219000411,107,7,100
219000446,3,47,-44
219000447,0,0,0
219000448,2,17,-15
219000452,72,105,-33
219000453,2,115,-113
219000454,222,201,21
219000556,575,29,546
219000558,9,35,-26
219000590,13,79,-66
219000591,263,21,242
219000592,1,29,-28
219000595,0,0,0
219000635,57,58,-1
219000636,3,1,2
219000657,18,1,17
219000658,0,1,-1
219000673,0,0,0
219000676,1,0,1
219000679,24,0,24
219000684,87,0,87
219000685,0,9,-9
219000686,0,3,-3
219000688,0,5,-5
219000689,3,61,-58
219000690,88,5,83
219000691,24,18,6
219000692,109,0,109
219000693,0,0,0
219000694,24,0,24
219000695,82,3,79
219000698,5,0,5
219000699,0,0,0
219000727,0,3,-3
219000728,166,2,164
219000770,13,1,12
219000771,0,0,0
219000788,67,263,-196
219001150,0,62,-62
219001151,0,1,-1
219001166,13,35,-22
219001167,0,26,-26
219001178,54,0,54
220000001,8,84,-76
220000002,0,45,-45
220000003,33,25,8
220000004,59,87,-28
220000005,133,263,-130
220000006,58,92,-34
220000007,165,48,117
220000008,65,110,-45
220000009,18,75,-57
220000010,41,35,6
220000011,212,2305,-2093
220000012,11,255,-244
220000014,81,75,6
220000015,48,357,-309
220000017,28,160,-132
220000018,4630,865,3765
220000019,89,352,-263
220000020,319,156,163
220000021,625,115,510
220000022,943,124,819
220000023,252,75,177
220000024,670,337,333
220000025,418,1149,-731
220000026,210,544,-334
220000027,15,167,-152
220000028,41,288,-247
220000029,9,28,-19
220000030,13,26,-13
220000031,564,357,207
220000064,26,406,-380
221000046,1,0,1
221000047,0,0,0
221000048,0,0,0
221000049,0,3,-3
221000050,2,0,2
221000055,17,60,-43
221000057,156,1,155
221000068,266,98,168
221000069,220,19,201
221000070,158,7,151
221000071,73,4,69
221000072,186,2,184
221000073,187,11,176
221000074,1,6,-5
221000075,0,25,-25
221000076,5,9,-4
221000077,3,14,-11
221000081,16,1,15
221000082,68,0,68
221000083,18,0,18
221000084,7,4,3
221000085,1,97,-96
221000086,5,138,-133
221000087,0,92,-92
221000088,4,89,-85
221000089,4,74,-70
221000090,16,139,-123
221000098,116,18,98
221000099,167,9,158
221000100,172,4,168
221000101,127,4,123
221000102,108,11,97
221000109,1,14,-13
221000110,6,6,0
221000111,2,18,-16
221000112,0,21,-21
221000113,0,22,-22
221000114,1,26,-25
221000120,9,44,-35
221000121,1,15,-14
221000122,24,35,-11
221000123,5,54,-49
221000124,5,151,-146
221000155,72,10,62
221000156,120,10,110
221000175,24,7,17
221000176,0,20,-20
221000182,66,0,66
221000241,357,247,110
221000242,18,119,-101
221000243,350,115,235
221000244,40,321,-281
221000245,102,18,84
221000246,12,209,-197
221000247,228,72,156
221000248,93,113,-20
221000267,37,204,-167
221000325,39,87,-48
221000331,0,62,-62
221000338,5,26,-21
221000378,351,19,332
221000381,11,39,-28
222000282,2,1,1
222000296,1,35,-34
222000568,265,24,241
222000569,89,20,69
222000570,135,12,123
222000571,355,0,355
222000577,7,55,-48
222000578,0,83,-83
222000579,13,33,-20
222000580,24,669,-645
222000599,0,51,-51
222000600,0,48,-48
222000601,2,213,-211
222000603,6,29,-23
222000604,1,58,-57
222000605,23,47,-24
222000606,1,8,-7
222000607,0,3,-3
222000608,1,7,-6
222000609,18,38,-20
222000616,707,14,693
222000617,1,4,-3
222000618,1,2,-1
222000620,6,9,-3
222000621,6,8,-2
222000623,429,3,426
222000624,331,2,329
222000625,966,4,962
222000636,17,2,15
222000686,1,44,-43
222000687,12,3,9
222001066,365,0,365
222001067,87,0,87
222001068,196,17,179
222001069,204,10,194
222001082,38,13,25
222001083,52,8,44
222001084,0,29,-29
222001085,3,169,-166
222001111,89,12,77
222001112,339,14,325
222001313,5,0,5
222001314,0,48,-48
222001464,574,35,539
222001465,37,48,-11
222001484,291,28,263
222001485,8,20,-12
222001494,939,162,777
222001495,62,49,13
222001496,479,30,449
222001497,51,189,-138
222001502,0,1,-1
222001503,234,11,223
222001504,0,7,-7
222001505,316,12,304
222001506,0,6,-6
222001507,166,10,156
222001510,731,4,727
222001511,1,80,-79
222001514,703,11,692
222001515,8,102,-94
222001518,555,20,535
222001519,1,48,-47
222001527,103,24,79
222001528,1,11,-10
222001529,369,35,334
222001530,1,50,-49
222001533,2,27,-25
222001534,719,12,707
222001535,503,98,405
222001536,30,187,-157
222001537,408,3,405
222001538,2,82,-80
222001563,1245,25,1220
222001564,8,96,-88
222001568,118,27,91
222001576,0,0,0
222001579,0,26,-26
222001583,2,40,-38
222001584,285,15,270
222001596,109,239,-130
222001597,1123,91,1032
222001626,0,23,-23
222001650,1,26,-25
222001651,50,183,-133
222001914,301,26,275
222001915,3,10,-7
222001968,548,110,438
222001969,88,198,-110
222001970,35,185,-150
222001971,51,4,47
222001972,11,2,9
225000001,469,95,374
225000002,598,56,542
225000003,1025,63,962
225000004,553,66,487
225000005,32,21,11
225000006,0,0,0
225000007,100,365,-265
225000010,168,24,144
225000011,105,966,-861
225000012,199,605,-406
225000013,64,54,10
225000014,418,60,358
225000015,64,66,-2
225000021,444,76,368
225000027,45,84,-39
225000032,600,44,556
225000042,33,99,-66
225000049,8,11,-3
225000050,119,5,114
225000053,0,0,0
225000058,401,60,341
225000067,17,4,13
225000068,5,21,-16
225000069,2,50,-48
225000070,6,59,-53
225000071,1,55,-54
225000075,25,345,-320
225000076,0,0,0
225000078,33,36,-3
225000085,117,15,102
225000086,261,37,224
225000087,103,4,99
225000088,5,11,-6
225000089,0,0,0
225000090,0,0,0
225000091,0,0,0
225000092,7,18,-11
225000093,36,29,7
225000094,0,11,-11
225000095,26,28,-2
225000096,9,32,-23
225000098,732,53,679
225000099,488,34,454
225000100,620,90,530
225000104,70,110,-40
225000110,0,56,-56
225000111,222,103,119
225000112,184,291,-107
225000113,28,303,-275
225000114,13,129,-116
225000115,547,333,214
225000116,174,65,109
225000117,397,310,87
225000118,704,188,516
225000119,301,34,267
225000120,553,16,537
225000121,160,12,148
225000123,567,25,542
225000125,563,143,420
225000126,444,160,284
225000127,338,1922,-1584
225000128,377,1060,-683
225000132,440,15,425
225000133,198,10,188
225000134,485,52,433
225000135,78,6,72
225000136,375,4,371
225000137,391,11,380
225000138,406,67,339
225000143,0,0,0
225000144,0,0,0
225000145,46,34,12
225000146,0,0,0
225000147,0,0,0
225000148,0,0,0
225000149,0,0,0
225000151,0,0,0
225000155,4,22,-18
225000156,38,535,-497
225000157,179,136,43
225000158,8,11,-3
225000171,1,37,-36
225000180,9,0,9
225000181,0,4,-4
225000182,20,12,8
225000185,1,92,-91
225000187,28,55,-27
225000191,22,1,21
225000194,0,12,-12
225000208,0,5,-5
225000209,56,2,54
225000210,0,0,0
225000217,0,1,-1
225000218,13,0,13
225000223,0,212,-212
225000224,6,1,5
225000225,0,222,-222
225000226,105,7,98
225000227,8,95,-87
225000228,4,8,-4
225000229,0,22,-22
225000230,5,0,5
225000231,0,17,-17
225000232,165,1,164
225000241,26,0,26
225000242,0,13,-13
225000249,7,0,7
225000250,0,0,0
225000251,515,45,470
226000042,3,7,-4
226000043,0,15,-15
226000044,37,28,9
226000045,3,23,-20
226000046,808,57,751
226000047,458,77,381
226000048,432,75,357
226000049,356,132,224
226000070,0,0,0
226000071,0,0,0
226000072,0,0,0
226000073,0,0,0
226000074,0,0,0
226000084,0,0,0
226000085,0,0,0
226000086,0,1,-1
226000087,0,0,0
226000088,0,0,0
226000090,15,57,-42
226000091,1,52,-51
226000092,12,61,-49
226000093,2,37,-35
226000094,3,1,2
226000095,54,11,43
226000105,6,0,6
226000106,2,0,2
226000107,8,0,8
226000108,6,0,6
226000109,131,0,131
226000124,248,74,174
226000134,1150,248,902
226000135,2006,271,1735
226000136,641,113,528
226000137,0,0,0
226000138,0,0,0
226000139,0,0,0
226000156,287,2,285
226000157,210,3,207
226000163,1,0,1
226000202,0,0,0
226000231,910,10,900
226000232,42,4,38
227000033,519,10,509
227000036,879,37,842
227000037,686,11,675
227000038,215,25,190
227000049,0,0,0
227000050,0,0,0
227000055,45,0,45
227000056,11,0,11
227000084,0,0,0
227000085,0,0,0
227000088,65,0,65
227000089,28,0,28
227000090,37,0,37
227000091,121,0,121
227000093,125,0,125
227000094,23,0,23
227000130,0,0,0
227000131,0,0,0
227000132,0,0,0
227000133,0,0,0
227000134,0,0,0
227000152,0,0,0
227000153,0,0,0
227000155,0,0,0
227000156,0,0,0
227000165,0,0,0
227000196,663,32,631
227000199,709,52,657
227000230,2,156,-154
227000232,1053,40,1013
227000242,0,0,0
227000243,447,41,406
227000245,0,2,-2
227000246,1,2,-1
227000247,604,8,596
227000248,197,67,130
227000249,2,16,-14
227000250,386,230,156
227000251,12,68,-56
227000252,1,9,-8
227000253,403,50,353
227000262,737,22,715
227000266,2284,34,2250
227000267,2,249,-247
227000282,0,1,-1
227000284,831,13,818
227000286,0,6,-6
227000287,0,10,-10
227000291,1,4,-3
227000484,290,4,286
227000485,1,36,-35
227000655,491,5,486
227000656,719,8,711
227000657,364,11,353
227000661,870,16,854
227000680,97,194,-97
229000265,69,12,57
229000296,0,7,-7
229000297,1,52,-51
229000298,3,123,-120
229000320,35,0,35
229000321,10,0,10
229000412,18,8,10
229000414,2,25,-23
229000415,6,5,1
229000416,2,1,1
229000417,1,2,-1
229000419,147,124,23
229000440,133,40,93
229000442,6,1,5
229000443,5,1,4
229000444,2,39,-37
229000445,39,1,38
229000446,43,4,39
229000491,0,0,0
229000492,0,0,0
229000493,0,0,0
229000494,10,0,10
229000495,30,0,30
229000496,123,1,122
229000507,0,0,0
229000508,0,0,0
229000509,0,0,0
229000510,0,0,0
229000511,0,0,0
229000512,0,0,0
229000513,0,0,0
229000514,0,0,0
229000517,0,0,0
229000518,0,0,0
229000519,0,0,0
229000520,0,0,0
229000521,59,0,59
229000522,6,0,6
229000523,0,0,0
229000524,1,2,-1
229000527,0,1,-1
229000528,0,0,0
229000529,3,0,3
229000530,54,0,54
229000531,3,0,3
229000532,3,0,3
229000533,35,0,35
229000534,3,0,3
229000564,46,0,46
229000565,53,0,53
229000566,0,0,0
229000567,0,0,0
229000582,29,0,29
229000583,3,1,2
229000584,0,0,0
229000585,0,0,0
229000718,0,0,0
229000719,0,0,0
229000720,0,0,0
229000721,0,0,0
229000722,0,0,0
229000723,0,0,0
229000724,0,0,0
229000725,0,0,0
229000738,0,0,0
229000739,0,0,0
229000740,1,0,1
229000741,6,0,6
229000742,0,0,0
229000743,1,0,1
229000744,0,0,0
229000745,0,0,0
229000746,0,0,0
229000847,93,0,93
229000848,147,0,147
229000849,245,5,240
229000851,183,1,182
229000854,0,0,0
229000856,0,0,0
229000857,0,0,0
229000858,0,0,0
229000919,0,0,0
229000930,0,0,0
229000937,64,20,44
229000966,40,24,16
229000981,0,0,0
229000985,1,5,-4
229000986,1,2,-1
229000987,0,8,-8
229000988,0,12,-12
229000989,12,0,12
229000990,0,21,-21
229000991,0,1,-1
229000992,31,2,29
229000993,174,9,165
229000998,16,21,-5
229000999,162,7,155
229001034,1,10,-9
229001035,4,0,4
229001037,53,1,52
229001042,6,1,5
229001047,1,32,-31
229001050,68,19,49
229001168,0,0,0
229001200,25,0,25
229001338,1,4,-3
229001394,189,22,167
229001422,143,2,141
229001423,0,0,0
229001431,17,11,6
229001432,0,0,0
229001444,183,3,180
229001445,59,52,7
229001479,35,0,35
229001503,329,34,295
229001504,0,0,0
229001505,140,7,133
229001506,0,0,0
229001509,60,3,57
229001545,57,14,43
229001546,0,0,0
229001553,62,7,55
229001554,0,0,0
229001559,0,0,0
229001560,4,21,-17
229001630,137,3,134
229001631,0,18,-18
229001635,0,8,-8
229001636,0,0,0
229001658,0,0,0
229001659,65,3,62
229001660,0,2,-2
229001661,0,19,-19
229001662,43,0,43
229001663,0,0,0
229002584,294,142,152
229002831,67,56,11
229002841,7,23,-16
229002842,15,10,5
229002843,48,31,17
229002844,9,80,-71
229002845,1,85,-84
229002846,2,3,-1
229002847,0,0,0
229002848,2,26,-24
229002849,0,54,-54
229002850,4,19,-15
229002851,14,135,-121
229002852,54,69,-15
229002853,48,7,41
229002854,21,26,-5
229002855,1,25,-24
229002856,48,19,29
229002857,54,42,12
229002858,34,8,26
229002859,22,6,16
229002860,57,6,51
229002861,37,67,-30
229002862,6,5,1
229002863,2,30,-28
229002864,43,28,15
229002865,2,5,-3
229002866,27,7,20
229002867,0,21,-21
229002868,5,7,-2
229002869,0,49,-49
229002870,41,1,40
235000066,103,8,95
235000067,59,32,27
235000072,0,0,0
235000073,0,0,0
235000074,0,0,0
235000080,0,0,0
235000081,0,0,0
235000082,586,19,567
235000083,266,45,221
235000084,42,30,12
235000085,210,16,194
235000089,4,36,-32
235000092,0,0,0
235000093,0,0,0
235000097,1,1,0
235000098,88,4,84
235000099,7,14,-7
235000116,10,9,1
235000117,400,18,382
235000133,0,0,0
235000134,0,0,0
235000206,0,3,-3
235000207,0,1,-1
235000208,0,1,-1
235000209,0,2,-2
235000210,5,0,5
235000212,0,0,0
235000213,0,0,0
235000220,0,0,0
235000221,0,0,0
235000238,5,269,-264
235000239,0,13,-13
235000242,179,1143,-964
235000245,0,0,0
235000246,0,0,0
235000284,3,80,-77
235000295,65,4,61
235000305,211,2,209
235000306,447,3,444
235000307,7,0,7
235000308,4,0,4
235000309,59,0,59
235000310,27,0,27
235000311,49,17,32
235000322,0,7,-7
235000323,1,28,-27
235000324,0,12,-12
235000325,1,11,-10
235000326,2,63,-61
235000351,21,91,-70
235000352,20,60,-40
235000353,17,17,0
235000354,2,13,-11
235000355,13,49,-36
235000356,48,1,47
235000357,19,4,15
235000358,26,16,10
235000359,0,5,-5
235000360,24,6,18
235000361,88,13,75
235000381,0,0,0
235000382,174,9,165
235000390,7,2,5
235000391,168,2,166
235000392,126,114,12
235000393,137,116,21
235000395,119,19,100
235000396,442,45,397
235000400,56,66,-10
235000401,0,0,0
235000405,0,0,0
235000406,0,0,0
235000407,0,0,0
235000409,0,0,0
235000410,0,0,0
235000411,0,0,0
235000485,0,0,0
235000486,3,0,3
235000549,68,69,-1
235000550,0,0,0
235000599,0,0,0
235000600,0,0,0
235000601,48,11,37
235000602,64,38,26
235000614,0,0,0
235000648,0,0,0
235000649,20,10,10
235000685,0,0,0
235000815,23,15,8
235000834,0,16,-16
235000855,33,22,11
235000862,0,0,0
235000891,0,0,0
235000892,6,0,6
235000901,0,0,0
235000907,0,0,0
235001010,71,45,26
235001029,0,0,0
235001030,215,23,192
235001078,162,77,85
235001079,0,0,0
235001147,36,36,0
235001166,5,36,-31
235001167,0,0,0
235001169,16,105,-89
235001188,0,0,0
235001189,0,1,-1
235001197,0,0,0
235001200,0,0,0
235001207,579,33,546
235001210,0,0,0
235001215,0,0,0
235001239,0,0,0
235001244,0,2,-2
235016267,0,64,-64
277101746,0,0,0
277102712,1,1,0
277103813,0,0,0
277103814,0,0,0
277103898,0,0,0
277104249,0,1,-1
277104250,0,6,-6
277104251,0,1,-1
277104252,0,0,0
990011530,0,83,-83
990014944,0,53,-53
990015176,20,12,8
990015618,1,19,-18
990016032,0,87,-87
990032570,6,26,-20
990070001,61,0,61
990070103,0,1,-1
990070601,0,8,-8
990070751,1579,1,1578
990070766,0,51,-51
990071180,342,19,323
990071343,6,0,6
990071387,0,0,0
990071823,311,2,309
990072600,0,565,-565
990072964,0,90,-90
990073285,0,0,0
990074393,3,199,-196
990074870,1371,5,1366
990075106,165,1,164
990075746,585,20,565
990076437,3289,11,3278
990076458,1,286,-285
997000007,167,12,155
997000041,2,137,-135
997000058,69,1,68
997000062,14,0,14
997000069,0,3,-3
997000070,0,12,-12
997000100,26,0,26
997000141,0,0,0
997000198,0,0,0
998000475,0,0,0
998000736,0,30,-30
998000965,0,9,-9
998001031,0,23,-23
998001700,0,13,-13
998001899,0,1,-1
998001900,0,6,-6
998003073,1736,36,1700
998101900,0,0,0
998102850,0,132,-132
998501927,156,110,46
998501929,62,1,61
998501930,61,3,58
998501931,86,1,85
998501932,16,2,14
998501933,24,0,24
998501937,8,0,8
998501944,26,14,12
998501950,0,4,-4
998501970,64,0,64
998501971,0,20,-20
998501973,0,3,-3
998501974,1,102,-101
998501975,118,4,114
998501976,135,0,135
998501977,0,27,-27
998501978,2,0,2
998501979,0,0,0
998501980,78,26,52
998501981,41,0,41
998501982,0,54,-54
998501983,0,0,0
998502006,0,0,0
998502024,0,5,-5
998502032,0,1,-1
998502062,8,1,7
998502063,0,0,0
998502173,22,0,22
998502269,0,0,0
998502546,0,74,-74
998502578,0,0,0
998502599,16,290,-274
998502621,0,0,0
998601159,0,9,-9
998601292,0,1,-1
999033574,0,450,-450
999800001,20,9,11
999800002,0,1,-1
999800003,3,1,2
999800004,0,4,-4
999800005,0,0,0
