ID,insum,outsum,diff
100000001,507,562,-55
100000002,3240,1201,2039
100000003,4162,2562,1600
100000004,877,712,165
100000005,1605,3115,-1510
100000006,772,84,688
100000007,1520,623,897
100000008,197,380,-183
100000009,512,186,326
100000010,122,124,-2
100000011,1091,116,975
100000012,147,528,-381
100000013,214,167,47
100000014,399,294,105
100000015,1317,1618,-301
100000016,931,1132,-201
100000017,574,710,-136
100000018,1251,419,832
100000019,3695,1554,2141
100000020,1319,4363,-3044
100000021,3870,1817,2053
100000022,1301,1333,-32
100000023,4389,1076,3313
100000025,1438,748,690
100000028,1601,797,804
100000029,204,191,13
100000030,300,35,265
100000031,2572,4234,-1662
100000032,2044,2452,-408
100000033,791,1547,-756
100000034,326,354,-28
100000035,1125,851,274
100000036,1803,951,852
100000037,612,398,214
100000038,1549,821,728
100000039,497,203,294
100000040,174,159,15
100000041,1022,386,636
100000042,800,336,464
100000043,749,365,384
100000044,379,528,-149
100000045,505,928,-423
100000046,776,826,-50
100000047,313,510,-197
100000048,434,490,-56
100000049,1484,1766,-282
100000051,452,807,-355
100000053,212,4,208
100000054,678,29,649
100000055,1534,276,1258
100000056,534,361,173
100000057,1545,573,972
100000058,950,926,24
100000059,8,121,-113
100000060,372,244,128
100000061,1744,422,1322
100000062,1834,464,1370
100000063,536,229,307
100000064,1137,350,787
100000065,470,666,-196
100000066,137,497,-360
100000067,596,663,-67
100000068,526,1410,-884
100000069,303,1294,-991
100000072,321,614,-293
100000073,847,907,-60
100000075,533,290,243
100000076,1658,1628,30
100000077,397,134,263
100000078,22,23,-1
100000079,31,39,-8
100000080,22,43,-21
100000081,138,159,-21
100000102,2124,1487,637
100000103,3129,814,2315
100000104,3129,1708,1421
100000105,2899,1078,1821
100000106,1996,1541,455
100000107,450,669,-219
100000108,680,783,-103
100000109,2869,1130,1739
100000116,1397,788,609
100000117,75,110,-35
100000118,1305,850,455
100000119,528,620,-92
100000121,234,325,-91
100000122,707,750,-43
100000123,2628,2845,-217
100000124,5795,3832,1963
100000125,2615,1071,1544
100000126,736,255,481
100000127,1386,316,1070
100000128,2042,1279,763
100000129,326,362,-36
100000130,308,407,-99
100000131,2230,1843,387
100000132,922,1559,-637
100000133,4284,1946,2338
100000135,602,868,-266
100000139,455,291,164
100000140,359,237,122
100000142,401,538,-137
100000143,1180,554,626
100000144,3382,854,2528
100000147,1014,2269,-1255
100000150,30,397,-367
100000151,785,790,-5
100000153,185,285,-100
100000154,109,101,8
100000155,18,32,-14
100000156,362,395,-33
100000157,91,91,0
100000158,222,89,133
100000159,410,413,-3
100000165,1525,751,774
100000169,297,352,-55
100000174,559,338,221
100000179,69,434,-365
100000180,1466,1365,101
100000181,524,196,328
100000188,68,190,-122
100000189,706,316,390
100000190,805,701,104
100000191,679,477,202
100000192,22,71,-49
100000193,266,204,62
100000330,1346,649,697
100000355,272,499,-227
100000362,5221,3226,1995
100000363,3137,4402,-1265
100000364,253,241,12
100000365,4934,5352,-418
100000366,6510,2910,3600
100000367,4625,4673,-48
100000368,3322,1477,1845
100000369,845,1216,-371
100000370,102,558,-456
100000376,136,112,24
100000379,2069,1305,764
100000380,4216,2562,1654
100000384,4898,3734,1164
100000385,4629,3386,1243
100000386,7684,3666,4018
100000387,4846,3897,949
100000388,6571,4396,2175
100000389,5300,4290,1010
100000390,6391,4540,1851
100000391,4637,4944,-307
100000392,4060,3085,975
100000393,2617,3290,-673
100000394,8294,6405,1889
100000395,4698,3332,1366
100000396,8650,3387,5263
100000397,5062,5431,-369
100000398,10811,7679,3132
100000413,4,4,0
100000414,251,272,-21
100900002,10,36,-26
100900003,260,167,93
100900004,18,592,-574
100900005,82,13,69
100900006,10,105,-95
100900007,269,7,262
100900008,2,254,-252
100900009,51,98,-47
100900010,50,68,-18
100900011,86,152,-66
100900012,1,190,-189
100900013,576,7,569
100900014,1,3,-2
100900015,75,55,20
100900016,3,48,-45
100900017,555,51,504
100900018,0,39,-39
100900019,12,60,-48
100900020,294,12,282
100900021,312,0,312
100900022,7,16,-9
100900023,0,18,-18
100900024,494,6,488
100900025,14,8,6
100900026,52,61,-9
100900027,359,2066,-1707
100900028,109,165,-56
100900029,48,7,41
100900030,1,44,-43
100900031,630,27,603
100900032,190,0,190
100900033,151,125,26
100900034,437,0,437
100900035,376,0,376
100900036,12,0,12
100900037,68,166,-98
100900038,142,41,101
100900039,283,466,-183
100900040,387,632,-245
100900041,430,540,-110
100900042,1343,707,636
100900043,0,3,-3
100900044,1699,433,1266
100900045,86,0,86
100900046,907,18,889
100900047,482,119,363
100900048,123,41,82
100900049,64,146,-82
100900050,4,8,-4
100900051,28,45,-17
100900052,184,28,156
100900053,260,11,249
100900054,8,64,-56
100900055,137,473,-336
100900056,130,143,-13
100900057,592,1070,-478
100900058,149,29,120
100900059,95,7,88
100900060,119,16,103
100900061,375,163,212
100900062,8,31,-23
100900063,170,504,-334
100900064,617,19,598
100900065,43,79,-36
100900066,113,179,-66
100900067,4,3,1
100900068,73,60,13
100900069,426,11,415
100900070,201,5,196
100900071,770,235,535
100900072,2,43,-41
100900073,92,346,-254
100900074,11,8,3
100900075,1366,271,1095
100900076,7,31,-24
100900077,38,57,-19
100900078,53,175,-122
100900079,5,27,-22
100900080,18,135,-117
100900081,23,89,-66
100900082,102,577,-475
100900083,6,24,-18
100900085,24,211,-187
100900086,143,658,-515
100900088,102,471,-369
100900089,2,26,-24
100900090,101,247,-146
100900091,2,18,-16
100900092,127,159,-32
100900093,161,197,-36
100900094,111,384,-273
100900095,0,31,-31
100900096,29,58,-29
100900097,5,2,3
100900098,27,26,1
100900099,37,383,-346
100900100,3,193,-190
100900101,165,32,133
100900102,15,45,-30
100900103,9,22,-13
100900104,7,95,-88
100900105,8,175,-167
100900106,34,2,32
100900107,1318,572,746
100900108,5,9,-4
100900109,17,19,-2
100900110,5,9,-4
100900111,48,93,-45
100900112,0,13,-13
100900113,21,24,-3
100900114,17,26,-9
100900115,2,29,-27
100900116,542,460,82
100900117,230,514,-284
100900118,9,53,-44
100900119,12,27,-15
100900120,3,12,-9
100900121,183,378,-195
100900122,163,137,26
100900123,53,162,-109
100900124,18,11,7
100900125,10,56,-46
100900126,137,157,-20
100900127,6,0,6
100900128,79,78,1
100900129,0,119,-119
100900131,47,122,-75
100900133,23,30,-7
100900134,8,3,5
100900135,0,147,-147
100900137,222,156,66
100900138,460,355,105
100900139,2,4,-2
100900140,2,394,-392
100900141,2,263,-261
100900142,0,3,-3
100900143,681,331,350
100900144,6,3,3
100900145,103,200,-97
100900146,0,0,0
100900147,25,421,-396
100900148,40,576,-536
100900149,62,157,-95
100900150,0,0,0
100900151,156,400,-244
100900152,109,8,101
100900153,1,116,-115
100900154,34,77,-43
100900155,22,16,6
100900156,16,6,10
100900157,2,97,-95
100900159,3,15,-12
100900160,7,5,2
100900161,53,5,48
100900162,10,139,-129
100900163,207,232,-25
100900164,37,43,-6
100900165,0,8,-8
100900166,13,7,6
100900167,7,40,-33
100900168,26,87,-61
100900169,145,779,-634
100900170,27,12,15
100900171,14,529,-515
100900172,0,9,-9
100900173,7,337,-330
100900174,133,40,93
100900176,929,97,832
100900177,466,131,335
100900178,211,111,100
100900179,86,76,10
100900180,30,5,25
100900181,95,48,47
100900182,25,8,17
100900184,9,109,-100
100900186,463,366,97
100900187,10,96,-86
100900188,15,4,11
100900189,720,169,551
100900191,986,865,121
100900192,304,281,23
100900195,87,99,-12
100900197,13,22,-9
100900198,28,148,-120
100900199,5,8,-3
100900200,488,343,145
100900201,36,434,-398
100900202,105,0,105
100900203,1,119,-118
100900204,251,386,-135
100900205,154,380,-226
100900206,113,50,63
100900207,145,99,46
100900210,45,385,-340
100900211,310,121,189
100900213,81,47,34
100900214,534,117,417
100900215,3,32,-29
100900217,99,75,24
101000001,2723,1910,813
101000002,3637,3187,450
101000003,413,1166,-753
101000004,7287,6280,1007
101000005,2535,3213,-678
101000006,5359,4861,498
101000007,2109,2318,-209
101000009,1621,1381,240
101000010,726,1098,-372
101000011,1189,485,704
101000012,1717,722,995
101000013,426,790,-364
101000014,447,531,-84
101000015,814,644,170
101000016,317,283,34
101000017,558,392,166
101000018,4127,2014,2113
101000020,3254,908,2346
101000021,839,384,455
101000022,2,2,0
101000023,1721,613,1108
101000025,236,364,-128
101000026,293,18,275
101000027,1548,1645,-97
101000028,711,162,549
101000029,145,1051,-906
101000030,1575,70,1505
101000031,632,355,277
101000032,8489,3920,4569
101000033,2384,2215,169
101000034,2120,1193,927
101000035,766,252,514
101000036,2030,759,1271
101000037,3270,1314,1956
101000039,2499,1513,986
101000040,3408,2459,949
101000041,9799,6294,3505
101000042,489,909,-420
101000043,7350,5128,2222
101000045,1553,881,672
101000046,3471,1267,2204
101000047,1934,2274,-340
101000048,600,478,122
101000049,627,1245,-618
101000050,1532,1204,328
101000051,1809,1870,-61
101000052,1332,737,595
101000053,857,1084,-227
101000054,1102,842,260
101000055,1134,964,170
101000056,62,71,-9
101000057,2091,768,1323
101000058,1265,857,408
101000059,2335,1679,656
101000060,1869,479,1390
101000061,776,991,-215
101000062,810,629,181
101000063,669,731,-62
101000064,1552,863,689
101000065,345,309,36
101000066,1109,824,285
101000067,1455,951,504
101000068,375,361,14
101000069,379,86,293
101000070,1572,850,722
101000071,1565,725,840
101000072,615,2156,-1541
101000073,854,798,56
101000074,5037,2550,2487
101000075,4097,3797,300
101000077,1220,956,264
101000078,859,1739,-880
101000079,574,319,255
101000080,640,392,248
101000081,1720,1324,396
101000082,3416,3006,410
101000083,2384,2132,252
101000084,1241,825,416
101000085,1398,1131,267
101000086,1021,1003,18
101000087,830,1043,-213
101000088,880,1022,-142
101000089,814,1348,-534
101000090,1802,1234,568
101000091,367,931,-564
101000092,748,1023,-275
101000093,1064,810,254
101000094,779,804,-25
101000095,449,601,-152
101000096,386,515,-129
101000097,306,285,21
101000098,364,399,-35
101000099,1029,858,171
101000100,802,649,153
101000101,322,345,-23
101000102,847,465,382
101000103,834,455,379
101000104,356,477,-121
101000105,604,252,352
101000106,591,498,93
101000107,222,266,-44
101000108,728,241,487
101000109,213,70,143
101000110,27,415,-388
101000111,82,133,-51
101000113,146,452,-306
101000114,7273,4286,2987
101000115,306,164,142
101000116,113,76,37
101000117,683,252,431
101000119,71,42,29
101000120,89,41,48
101000121,71,52,19
101000122,147,92,55
101000123,76,79,-3
101000124,645,196,449
101000125,234,457,-223
101000128,358,248,110
101000130,186,250,-64
101000131,600,512,88
101000132,476,815,-339
101000135,78,23,55
101000136,502,118,384
101000137,27,221,-194
101000141,1531,2066,-535
101000147,899,452,447
101000148,1125,13,1112
101000149,261,251,10
101000150,72,698,-626
101000151,132,49,83
101000152,318,356,-38
101000153,567,264,303
101000154,168,920,-752
101000155,212,102,110
101000156,15,269,-254
101000157,22,19,3
101000160,56,56,0
101000163,198,324,-126
101000164,446,350,96
101000165,219,340,-121
101000166,210,285,-75
101000168,725,426,299
101000252,1507,912,595
101000254,349,80,269
101000258,25,7,18
101000261,153,27,126
101000262,930,1492,-562
101000263,243,670,-427
101000265,75,535,-460
101000266,292,207,85
101000269,37,5,32
101000290,622,1832,-1210
101000293,25,77,-52
101000294,499,388,111
101000295,96,437,-341
101000301,740,349,391
101000304,1763,2246,-483
101000305,2650,1270,1380
101000328,154,308,-154
101900001,16,67,-51
101900002,0,16,-16
101900003,53,65,-12
101900004,4,61,-57
101900005,3266,1514,1752
101900006,630,304,326
101900007,410,121,289
101900008,65,259,-194
101900009,45,348,-303
101900010,913,732,181
101900011,92,669,-577
101900012,127,157,-30
101900013,1008,210,798
101900017,26,131,-105
101900018,912,150,762
101900019,269,132,137
101900020,81,48,33
101900021,0,41,-41
101900022,110,892,-782
101900023,93,206,-113
101900026,112,31,81
101900027,24,111,-87
102000001,1863,3124,-1261
102000002,2237,929,1308
102000003,2741,5478,-2737
102000004,5651,2610,3041
102000005,992,1375,-383
102000006,1232,1340,-108
102000007,1315,2905,-1590
102000008,3900,1319,2581
102000009,4346,5697,-1351
102000010,4732,2599,2133
102000011,2544,2005,539
102000012,3159,2617,542
102000018,2488,2095,393
102000019,1823,1193,630
102000026,149,398,-249
102000029,262,212,50
102000030,97,257,-160
102000031,52,162,-110
102000032,316,259,57
102000033,217,338,-121
102000034,323,278,45
102000035,686,546,140
102000036,12,199,-187
102000037,138,52,86
102000038,143,298,-155
102000039,197,61,136
102000040,481,226,255
102000041,183,284,-101
102000042,163,208,-45
102000043,394,163,231
102000044,288,285,3
102000045,596,673,-77
102000046,832,445,387
102000047,625,858,-233
102000048,242,572,-330
102000049,871,547,324
102000050,886,1062,-176
102000051,354,603,-249
102000052,1073,670,403
102000053,717,844,-127
102000054,541,778,-237
102000055,943,630,313
102000056,586,972,-386
102000057,1095,372,723
102000058,880,1267,-387
102000059,1368,1062,306
102000060,953,822,131
102000061,1153,1525,-372
102000062,1228,1007,221
102000063,947,1040,-93
102000064,544,622,-78
102000065,29,109,-80
102000066,723,596,127
102000067,1382,2074,-692
102000068,6758,2130,4628
102000069,42,1092,-1050
102000070,1412,43,1369
102000071,6245,6890,-645
102000072,2837,3143,-306
102000073,361,377,-16
102000074,489,566,-77
102000075,95,195,-100
102000076,201,356,-155
102000077,352,770,-418
102000078,626,711,-85
102000079,155,251,-96
102000080,221,219,2
102000081,248,681,-433
102000082,594,294,300
102000083,435,290,145
102000084,179,274,-95
102000085,1223,926,297
102000086,804,742,62
102000087,668,1345,-677
102000088,229,260,-31
102000089,829,319,510
102000090,341,894,-553
102000091,1073,381,692
102000092,362,563,-201
102000093,579,585,-6
102000094,873,628,245
102000095,901,910,-9
102000096,500,582,-82
102000097,719,562,157
102000098,600,561,39
102000099,628,568,60
102000100,687,822,-135
102000101,857,520,337
102000102,340,976,-636
102000103,913,286,627
102000104,594,221,373
102000105,206,487,-281
102000106,679,482,197
102000107,955,486,469
102000108,550,138,412
102000109,386,488,-102
102000110,717,1033,-316
102000111,4,231,-227
102000112,300,91,209
102000113,13,28,-15
102000114,700,281,419
102000115,197,265,-68
102000116,412,324,88
102000117,271,414,-143
102000118,1111,952,159
102000119,1728,512,1216
102000120,211,350,-139
102000121,828,422,406
102000122,468,696,-228
102000123,1152,833,319
102000124,865,920,-55
102000125,779,701,78
102000126,571,572,-1
102000127,1051,517,534
102000128,561,774,-213
102000129,1195,628,567
102000130,586,576,10
102000131,1115,459,656
102000132,383,515,-132
102000133,1385,1476,-91
102000134,571,609,-38
102000135,558,610,-52
102000136,640,412,228
102000137,600,518,82
102000138,195,282,-87
102000139,94,259,-165
102000140,232,259,-27
102000141,160,335,-175
102000142,264,274,-10
102000143,123,350,-227
102000144,214,289,-75
102000145,222,379,-157
102000146,349,248,101
102000147,422,398,24
102000148,200,396,-196
102000149,106,333,-227
102000150,247,95,152
102000151,91,314,-223
102000152,118,152,-34
102000153,1134,547,587
102000154,283,673,-390
102000155,90,285,-195
102000156,283,90,193
102000157,161,341,-180
102000158,534,426,108
102000159,918,399,519
102000161,3213,1809,1404
102000162,139,117,22
102000163,97,390,-293
102000164,811,908,-97
102000165,279,155,124
102000166,88,145,-57
102000167,206,224,-18
102000168,255,144,111
102000169,67,422,-355
102000170,468,127,341
102000171,131,109,22
102000172,68,205,-137
102000173,387,205,182
102000174,38,60,-22
102000175,130,73,57
102000176,35,27,8
102000178,207,413,-206
102000179,287,266,21
102000180,695,455,240
102000181,585,527,58
102000182,449,511,-62
102000183,1354,1611,-257
102000184,1515,749,766
102000185,2210,1369,841
102000186,1237,1889,-652
102000187,771,1555,-784
102000188,879,1164,-285
102000189,2017,685,1332
102000190,465,1940,-1475
102000191,1020,443,577
102000192,779,1078,-299
102000193,56,126,-70
102000194,50,113,-63
102000195,354,349,5
102000196,135,359,-224
102000197,531,335,196
102000198,169,727,-558
102000199,874,238,636
102000200,192,802,-610
102000201,821,346,475
102000202,3,84,-81
102000203,294,174,120
102000204,352,470,-118
102000205,797,303,494
102000206,491,515,-24
102000207,513,425,88
102000208,296,405,-109
102000209,75,50,25
102000210,505,423,82
102000211,222,203,19
102000212,276,10,266
102000213,6,289,-283
102000214,223,7,216
102000215,11,368,-357
102000216,59,56,3
102000217,10,110,-100
102000218,279,163,116
102000219,420,283,137
102000225,699,446,253
102000226,1978,535,1443
102000227,123,0,123
102000228,0,87,-87
102000229,28,44,-16
102000230,201,387,-186
102000231,250,332,-82
102000232,16,122,-106
102000233,283,492,-209
102000234,113,940,-827
102000236,207,57,150
102000237,442,130,312
102000238,133,167,-34
102000240,554,612,-58
102000241,124,106,18
102000243,13,55,-42
102000245,21,96,-75
102000246,1,17,-16
102000247,882,740,142
102000248,485,683,-198
102000249,137,132,5
102000250,75,335,-260
102000254,54,239,-185
102000266,28,186,-158
102000271,26,1,25
102000286,325,380,-55
102000297,1412,850,562
102000305,0,0,0
102000307,0,6,-6
102000316,303,318,-15
102900001,970,720,250
102900002,293,34,259
102900003,95,227,-132
102900005,302,276,26
102900006,390,113,277
102900007,353,35,318
102900008,128,54,74
102900009,597,251,346
102900010,631,609,22
102900011,1432,250,1182
102900012,283,88,195
102900013,29,73,-44
102900015,590,518,72
102900016,39,117,-78
102900017,167,639,-472
102900018,47,126,-79
102900019,412,293,119
102900020,133,27,106
102900021,19,112,-93
102900022,781,196,585
102900023,23,51,-28
102900024,25,74,-49
102900025,254,129,125
102900026,334,1449,-1115
102900027,40,52,-12
102900028,147,549,-402
102900029,182,173,9
102900030,370,250,120
102900031,153,144,9
102900032,63,80,-17
102900033,84,143,-59
102900034,371,76,295
102900035,142,312,-170
102900036,258,382,-124
102900037,278,534,-256
102900038,407,494,-87
102900039,4,349,-345
102900040,109,191,-82
102900041,38,121,-83
102900042,136,203,-67
102900043,112,231,-119
102900044,372,1671,-1299
102900045,102,436,-334
102900046,116,195,-79
102900047,63,423,-360
102900048,531,463,68
102900049,125,290,-165
102900050,184,242,-58
102900051,149,139,10
102900053,356,542,-186
102900054,572,706,-134
102900055,59,168,-109
102900056,117,387,-270
102900057,2,60,-58
102900058,214,64,150
102900059,35,54,-19
102900060,97,352,-255
102900061,181,459,-278
102900062,189,825,-636
102900063,863,373,490
102900064,110,312,-202
102900065,1097,361,736
102900066,287,30,257
102900068,101,63,38
102900070,195,445,-250
102900072,24,46,-22
102900073,184,14,170
102900075,18,45,-27
102900076,180,108,72
102900077,64,52,12
102900078,33,83,-50
102900079,156,10,146
102900080,304,68,236
102900081,112,263,-151
102900082,14,164,-150
102900083,211,13,198
102900084,3,26,-23
102900085,404,128,276
102900086,11,49,-38
102900087,80,93,-13
102900088,33,26,7
102900089,233,101,132
102900090,1,274,-273
102900091,154,3,151
102900092,198,726,-528
102900094,0,58,-58
102900095,79,1,78
102900096,74,41,33
102900097,5,94,-89
103000001,1986,2498,-512
103000002,1739,2216,-477
103000003,2919,2460,459
103000004,656,661,-5
103000005,1448,2360,-912
103000006,517,1200,-683
103000007,401,584,-183
103000008,954,700,254
103000009,783,811,-28
103000010,194,101,93
103000011,1534,1136,398
103000012,1087,1343,-256
103000013,3824,2013,1811
103000014,1153,1956,-803
103000015,1567,628,939
103000016,440,949,-509
103000017,162,286,-124
103000018,513,355,158
103000019,228,217,11
103000020,2678,1432,1246
103000021,1746,1611,135
103000022,837,993,-156
103000023,545,1340,-795
103000024,64,148,-84
103000025,115,402,-287
103000026,1269,118,1151
103000027,265,380,-115
103000028,346,332,14
103000029,209,164,45
103000030,1409,751,658
103000031,1124,1360,-236
103000032,1977,1684,293
103000033,2177,2188,-11
103000034,1155,864,291
103000035,314,1072,-758
103000036,359,456,-97
103000037,469,332,137
103000038,351,716,-365
103000039,330,352,-22
103000040,365,781,-416
103000041,1411,2092,-681
103000042,1004,492,512
103000043,531,805,-274
103000044,223,188,35
103000046,254,439,-185
103000047,570,630,-60
103000048,143,146,-3
103000049,89,126,-37
103000050,535,388,147
103000051,325,424,-99
103000052,741,259,482
103000053,139,535,-396
103000054,2466,1452,1014
103000055,1979,2188,-209
103000056,634,1661,-1027
103000057,415,259,156
103000058,455,752,-297
103000059,296,674,-378
103000060,698,532,166
103000061,306,898,-592
103000062,838,479,359
103000063,498,753,-255
103000064,137,127,10
103000065,4,529,-525
103000066,211,12,199
103000069,393,402,-9
103000070,969,725,244
103000071,874,407,467
103000072,109,580,-471
103000073,417,95,322
103000074,440,65,375
103000075,92,515,-423
103000076,239,235,4
103000077,34,221,-187
103000078,854,479,375
103000079,735,460,275
103000080,910,307,603
103000081,479,754,-275
103000082,446,158,288
103000083,86,233,-147
103000084,94,13,81
103000085,1,101,-100
103000086,482,283,199
103000087,141,399,-258
103000088,309,257,52
103000089,199,315,-116
103000090,1478,703,775
103000091,540,412,128
103000092,215,268,-53
103000093,241,339,-98
103000094,144,116,28
103000095,49,307,-258
103000096,530,93,437
103000097,62,656,-594
103000098,823,188,635
103000099,294,592,-298
103000100,50,658,-608
103000101,635,114,521
103000102,83,579,-496
103000103,548,178,370
103000104,38,64,-26
103000105,90,120,-30
103000106,4,69,-65
103000107,233,45,188
103000108,729,718,11
103000109,320,312,8
103000110,381,371,10
103000111,414,389,25
103000112,293,147,146
103000113,628,574,54
103000114,1391,353,1038
103000115,461,428,33
103000116,453,357,96
103000117,314,374,-60
103000118,746,685,61
103000119,1041,628,413
103000120,86,81,5
103000121,335,532,-197
103000122,364,395,-31
103000125,7,238,-231
103000126,498,4,494
103000127,1,181,-180
103000128,137,3,134
103000129,0,108,-108
103000130,52,32,20
103000131,156,103,53
103000132,126,106,20
103000133,11,93,-82
103000134,498,479,19
103000135,439,166,273
103000136,567,324,243
103000137,463,408,55
103000138,558,469,89
103000139,3,52,-49
103000140,156,27,129
103000141,62,107,-45
103000142,181,63,118
103000143,39,160,-121
103000144,143,59,84
103000145,33,66,-33
103000150,88,42,46
103000152,254,239,15
103000153,175,149,26
103000156,0,358,-358
103000157,328,2,326
103000159,79,35,44
103000162,52,27,25
103000163,13,34,-21
103000164,34,9,25
103000165,115,263,-148
103000166,165,230,-65
103000167,156,83,73
103000168,68,201,-133
103000169,161,308,-147
103000170,619,331,288
103000171,71,88,-17
103000172,192,348,-156
103000173,379,326,53
103000174,122,324,-202
103000175,264,295,-31
103000176,588,408,180
103000177,458,373,85
103000178,210,312,-102
103000179,187,39,148
103000183,81,17,64
103000185,79,50,29
103000186,107,200,-93
103000187,383,330,53
103000188,20,48,-28
103000189,890,803,87
103000191,329,350,-21
103000292,1903,1272,631
103000293,837,1485,-648
103000295,72,102,-30
103000296,252,5,247
103000297,12,7,5
103000504,2,14,-12
103000505,7,17,-10
103000506,2,281,-279
103000507,215,0,215
103000508,38,34,4
103000509,292,509,-217
103900001,0,155,-155
103900002,967,203,764
103900003,804,22,782
103900004,125,0,125
103900005,2,195,-193
103900006,2,0,2
103900007,27,0,27
103900008,4,0,4
103900009,179,488,-309
103900010,96,325,-229
103900011,192,177,15
103900012,14,24,-10
103900013,40,54,-14
103900014,35,11,24
103900015,66,6,60
103900016,235,180,55
103900017,19,100,-81
103900018,466,278,188
103900019,58,205,-147
103900020,245,373,-128
103900021,363,68,295
103900022,892,676,216
103900023,100,2,98
103900024,70,245,-175
103900025,24,16,8
103900026,118,1,117
103900027,707,271,436
103900028,14,251,-237
103900029,764,138,626
103900030,304,65,239
103900031,28,4,24
103900032,33,41,-8
103900033,73,13,60
103900034,20,158,-138
103900035,53,42,11
103900036,57,22,35
103900037,59,63,-4
103900038,62,146,-84
103900039,58,337,-279
103900040,21,111,-90
103900041,43,47,-4
103900042,60,282,-222
103900043,130,48,82
103900044,94,203,-109
103900045,296,140,156
103900047,42,13,29
103900048,50,28,22
103900049,173,911,-738
103900050,6,93,-87
103900051,1,39,-38
103900052,139,370,-231
103900053,143,544,-401
103900054,81,314,-233
103900055,369,196,173
103900056,38,41,-3
103900057,32,196,-164
103900058,216,589,-373
103900059,0,29,-29
103900060,36,178,-142
103900061,131,40,91
103900062,177,64,113
103900063,5,0,5
103900064,91,5,86
103900065,764,370,394
103900066,106,14,92
103900067,116,6,110
103900068,6,0,6
103900069,34,30,4
103900070,101,143,-42
103900071,27,102,-75
103900072,26,174,-148
103900073,22,39,-17
103900074,75,61,14
103900075,149,73,76
103900076,382,465,-83
103900077,45,116,-71
103900078,198,90,108
103900079,135,156,-21
103900080,5,21,-16
103900081,151,23,128
103900082,5,97,-92
103900083,1359,708,651
103900084,49,105,-56
103900085,65,136,-71
103900086,512,298,214
103900088,326,379,-53
103900089,62,110,-48
103900090,3,98,-95
103900091,1159,247,912
103900092,433,349,84
103900093,87,255,-168
103900094,9,120,-111
103900095,221,175,46
103900096,9,199,-190
103900097,4,375,-371
103900098,146,74,72
103900099,61,116,-55
103900100,134,364,-230
103900101,104,932,-828
103900102,1,14,-13
103900104,1,29,-28
103900105,41,136,-95
103900106,0,75,-75
103900107,71,182,-111
103900108,49,181,-132
103900109,100,65,35
103900110,126,43,83
103900111,68,530,-462
103900112,38,99,-61
103900113,150,193,-43
103900114,269,264,5
103900115,210,157,53
103900116,3841,1911,1930
103900117,145,65,80
103900119,20,73,-53
103900120,44,95,-51
103900122,86,189,-103
103900123,929,462,467
103900124,80,433,-353
103900125,89,85,4
103900126,342,293,49
103900127,131,326,-195
103900128,113,138,-25
103900131,24,138,-114
103900133,769,53,716
103900134,0,4,-4
103900135,1,6,-5
103900137,0,29,-29
103900138,79,207,-128
103900139,575,1402,-827
103900140,9,84,-75
103900141,187,77,110
103900142,102,97,5
103900143,56,3,53
103900144,0,35,-35
103900145,131,189,-58
103900146,200,178,22
103900147,200,98,102
103900148,147,199,-52
103900149,252,534,-282
103900150,4803,2466,2337
103900151,37,132,-95
103900152,343,334,9
103900153,7,2,5
103900154,594,974,-380
103900155,38,203,-165
103900156,64,142,-78
103900157,27,137,-110
103900158,49,132,-83
103900159,127,63,64
103900160,54,52,2
103900161,108,193,-85
103900162,42,149,-107
103900163,4,381,-377
103900167,9,80,-71
103900168,59,84,-25
103900169,54,34,20
103900170,6,113,-107
103900171,1,62,-61
103900172,7,16,-9
103900173,6,14,-8
103900174,108,46,62
103900175,41,38,3
103900176,14,39,-25
103900177,18,61,-43
103900178,41,48,-7
103900179,40,98,-58
103900180,5,76,-71
103900181,41,47,-6
103900182,31,17,14
103900184,394,62,332
103900185,143,230,-87
103900187,22,70,-48
103900188,26,16,10
103900189,94,10,84
103900190,41,44,-3
103900191,37,58,-21
103900192,31,108,-77
103900193,132,117,15
103900194,53,214,-161
103900195,5,94,-89
103900196,30,31,-1
103900197,33,41,-8
103900198,18,42,-24
103900199,96,63,33
103900200,129,89,40
103900201,110,135,-25
103900202,14,53,-39
103900203,24,16,8
103900204,1,105,-104
103900207,0,94,-94
103900208,63,2,61
103900209,6,70,-64
103900210,21,13,8
103900211,422,357,65
103900212,78,322,-244
103900213,81,206,-125
103900214,253,111,142
103900215,434,258,176
103900216,23,48,-25
103900217,191,10,181
103900218,58,280,-222
103900219,111,188,-77
103900233,14,2,12
103900235,19,14,5
103900236,18,1,17
103900242,3,13,-10
103900243,2,4,-2
103900244,85,217,-132
103900245,79,175,-96
103900246,37,32,5
103900247,37,105,-68
103900248,9,33,-24
103900249,15,18,-3
103900250,31,22,9
103900251,3,30,-27
103900253,15,77,-62
103900254,1,13,-12
103900255,7,9,-2
103900256,9,17,-8
103900257,106,75,31
103900258,26,4,22
103900259,62,4,58
103900261,11,2,9
103900262,15,6,9
103900263,25,35,-10
103900264,38,16,22
103900265,61,9,52
103900266,3,61,-58
103900267,27,99,-72
103900268,86,133,-47
103900269,222,101,121
103900270,61,249,-188
103900271,187,161,26
103900272,49,67,-18
103900273,14,31,-17
103900274,46,6,40
103900275,12,1,11
103900277,2,57,-55
103900278,307,155,152
103900279,76,35,41
103900280,2,137,-135
103900281,65,46,19
103900282,78,9,69
103900283,143,15,128
103900284,13,11,2
103900285,67,62,5
103900286,19,43,-24
103900287,5,66,-61
103900288,115,168,-53
103900289,462,180,282
103900290,244,39,205
103900291,41,42,-1
103900292,182,89,93
103900293,5,67,-62
103900294,16,180,-164
104000001,1872,1680,192
104000002,1317,2202,-885
104000003,1885,1730,155
104000004,2359,2192,167
104000005,1114,1625,-511
104000006,2516,2458,58
104000007,3558,3628,-70
104000008,222,316,-94
104000009,241,97,144
104000010,113,276,-163
104000011,451,257,194
104000012,138,357,-219
104000013,169,143,26
104000014,184,699,-515
104000015,281,140,141
104000016,533,409,124
104000018,621,191,430
104000019,493,171,322
104000020,148,691,-543
104000021,255,734,-479
104000022,128,290,-162
104000023,625,323,302
104000024,229,320,-91
104000026,43,307,-264
104000027,184,376,-192
104000028,295,209,86
104000029,345,391,-46
104000030,223,193,30
104000031,943,414,529
104000032,178,234,-56
104000033,440,462,-22
104000034,271,246,25
104000035,709,356,353
104000036,566,497,69
104000037,238,211,27
104000038,336,391,-55
104000039,121,229,-108
104000040,283,339,-56
104000041,984,272,712
104000042,178,322,-144
104000043,211,370,-159
104000044,195,573,-378
104000045,925,1152,-227
104000046,1112,1430,-318
104000047,632,1047,-415
104000048,945,1531,-586
104000049,365,217,148
104000050,179,427,-248
104000051,86,524,-438
104000052,1559,1607,-48
104000053,710,525,185
104000054,247,346,-99
104000055,3203,2050,1153
104000056,1279,254,1025
104000057,179,565,-386
104000058,689,624,65
104000059,424,1002,-578
104000060,879,1084,-205
104000061,1066,917,149
104000062,425,161,264
104000064,431,245,186
104000065,240,544,-304
104000069,946,815,131
104000070,50,399,-349
104000071,207,417,-210
104000072,551,277,274
104000075,35,213,-178
104000076,431,71,360
104000082,1759,2640,-881
104000083,742,147,595
104000084,123,560,-437
104000085,254,248,6
104000086,144,393,-249
104000087,373,1428,-1055
104000090,610,1103,-493
104000092,858,1967,-1109
104000094,638,1399,-761
104000095,1528,1217,311
104000096,959,167,792
104000097,1222,811,411
104000098,1676,941,735
104000100,1263,643,620
104000101,1004,1435,-431
104000106,162,624,-462
104000107,548,427,121
104000108,228,337,-109
104000109,248,61,187
104000110,702,779,-77
104000111,2952,1511,1441
104000112,2118,473,1645
104000116,1,811,-810
104000117,137,483,-346
104000118,357,216,141
104000119,450,219,231
104000120,213,526,-313
104000121,161,522,-361
104000122,505,576,-71
104000123,672,868,-196
104000124,874,1625,-751
104000125,2370,2851,-481
104000126,392,303,89
104000127,1376,3125,-1749
104000128,586,368,218
104000129,237,31,206
104000130,6,135,-129
104000131,686,503,183
104000132,575,573,2
104000133,1161,725,436
104000134,678,1197,-519
104000135,346,1343,-997
104000136,554,2859,-2305
104000137,1129,394,735
104000138,683,184,499
104000139,5753,2400,3353
104000141,865,1154,-289
104000142,578,747,-169
104000143,444,567,-123
104000144,78,142,-64
104000145,280,184,96
104000146,365,531,-166
104000147,114,281,-167
104000148,251,141,110
104000149,146,275,-129
104000150,739,389,350
104000151,289,425,-136
104000152,426,478,-52
104000153,412,429,-17
104000154,1004,555,449
104000155,384,483,-99
104000157,823,1310,-487
104000158,277,303,-26
104000159,648,371,277
104000160,1335,1568,-233
104000161,154,149,5
104000162,64,176,-112
104000165,1203,905,298
104000167,470,735,-265
104000168,344,10,334
104000169,75,37,38
104000170,392,387,5
104000248,203,555,-352
104000251,51,191,-140
104000272,0,0,0
104000273,0,0,0
104000274,0,0,0
104000275,0,0,0
104000279,2617,1601,1016
104000290,75,210,-135
104000291,670,1005,-335
104000293,548,674,-126
104000294,14,0,14
104000295,472,567,-95
104000296,282,628,-346
104000297,750,1426,-676
104000298,1586,725,861
104000299,569,1234,-665
104000302,112,98,14
104000303,157,130,27
104900001,148,345,-197
104900002,24,123,-99
104900003,52,267,-215
104900004,69,222,-153
104900005,165,150,15
104900006,208,74,134
104900007,161,185,-24
104900009,86,210,-124
104900010,43,36,7
104900011,31,10,21
104900012,177,19,158
104900013,96,17,79
104900014,2233,254,1979
104900015,72,2,70
104900016,172,179,-7
104900017,105,182,-77
104900018,4,140,-136
104900019,289,1708,-1419
104900020,49,245,-196
104900021,3,129,-126
104900022,8,138,-130
104900023,0,78,-78
104900024,24,156,-132
104900025,83,170,-87
104900026,1,91,-90
104900027,329,221,108
104900028,12,77,-65
104900029,52,93,-41
104900030,305,169,136
104900031,102,219,-117
104900032,38,66,-28
104900033,99,259,-160
104900034,289,114,175
104900035,224,158,66
104900036,131,77,54
104900037,96,155,-59
104900038,354,541,-187
104900039,578,288,290
104900040,394,113,281
104900041,180,151,29
104900042,114,161,-47
104900043,24,118,-94
104900044,467,196,271
104900045,397,47,350
104900046,105,99,6
104900047,198,140,58
104900048,213,57,156
104900049,21,15,6
104900050,225,60,165
104900051,243,43,200
104900052,45,2,43
104900053,298,90,208
104900054,107,19,88
104900055,86,0,86
104900056,115,23,92
104900057,19,0,19
104900058,416,125,291
104900059,191,57,134
104900061,173,419,-246
104900063,21,84,-63
104900064,0,48,-48
104900065,5,112,-107
104900066,1,92,-91
104900067,2,190,-188
104900068,8,165,-157
104900070,131,218,-87
104900071,0,378,-378
104900072,25,285,-260
104900073,28,125,-97
104900074,36,175,-139
104900075,33,23,10
104900076,57,230,-173
104900077,631,186,445
104900078,161,411,-250
104900079,86,258,-172
104900080,65,436,-371
104900082,15,387,-372
104900085,3,175,-172
104900089,106,1,105
104900091,486,438,48
104900093,205,381,-176
104900097,1986,1530,456
104900098,64,31,33
104900099,38,370,-332
104900100,342,202,140
104900102,22,107,-85
104900103,339,40,299
104900106,90,95,-5
104900107,89,148,-59
104900108,17,177,-160
104900109,72,112,-40
104900110,6,39,-33
104900111,65,60,5
104900112,151,574,-423
104900113,511,255,256
104900114,247,381,-134
104900115,450,372,78
104900116,167,168,-1
104900118,24,65,-41
104900119,4,36,-32
104900120,70,216,-146
104900121,0,60,-60
104900122,3,77,-74
104900123,31,9,22
104900124,41,1,40
104900125,339,104,235
104900126,66,46,20
104900127,21,55,-34
104900128,81,69,12
104900129,1166,1075,91
105000001,2185,1360,825
105000002,2133,1447,686
105000003,2826,2931,-105
105000004,410,806,-396
105000005,601,886,-285
105000006,1148,1484,-336
105000007,999,1140,-141
105000008,1474,2152,-678
105000009,1739,2473,-734
105000010,2936,2116,820
105000011,2676,2094,582
105000012,3541,2860,681
105000013,793,836,-43
105000014,1247,1858,-611
105000015,7382,10573,-3191
105000016,2936,1782,1154
105000017,1621,786,835
105000018,1069,1091,-22
105000019,1037,651,386
105000020,207,351,-144
105000021,262,98,164
105000022,268,80,188
105000023,466,368,98
105000028,86,118,-32
105000029,482,935,-453
105000030,3448,2509,939
105000031,2,30,-28
105000033,1003,1753,-750
105000034,111,720,-609
105000037,570,296,274
105000038,1440,1270,170
105000039,2119,1378,741
105000040,851,821,30
105000041,542,1099,-557
105000042,2250,1347,903
105000043,1498,1729,-231
105000044,492,435,57
105000045,366,714,-348
105000046,867,301,566
105000047,411,1122,-711
105000048,462,163,299
105000049,264,519,-255
105000050,563,325,238
105000051,170,451,-281
105000052,454,665,-211
105000053,110,162,-52
105000054,282,720,-438
105000055,691,307,384
105000056,1022,1627,-605
105000057,1022,701,321
105000058,1018,1116,-98
105000059,565,493,72
105000060,407,549,-142
105000061,425,434,-9
105000062,545,722,-177
105000063,260,435,-175
105000064,999,662,337
105000065,339,572,-233
105000066,1041,1388,-347
105000067,1099,675,424
105000068,534,793,-259
105000069,1608,1256,352
105000070,617,765,-148
105000071,250,640,-390
105000072,911,1642,-731
105000073,652,449,203
105000074,1003,785,218
105000075,423,751,-328
105000076,1009,876,133
105000077,2203,931,1272
105000078,1118,1253,-135
105000079,1447,3142,-1695
105000080,1370,1121,249
105000081,3985,1320,2665
105000082,956,1526,-570
105000083,4585,2976,1609
105000084,733,896,-163
105000085,1448,1531,-83
105000086,616,866,-250
105000087,1270,1553,-283
105000088,1204,1360,-156
105000089,2409,1717,692
105000090,912,714,198
105000091,1195,1204,-9
105000092,603,766,-163
105000093,280,196,84
105000094,236,167,69
105000095,116,432,-316
105000096,1092,828,264
105000097,1007,717,290
105000098,654,566,88
105000099,888,639,249
105000100,1025,925,100
105000101,1667,1807,-140
105000102,1369,1217,152
105000103,1062,1922,-860
105000104,1791,809,982
105000105,984,1711,-727
105000106,992,1415,-423
105000107,993,797,196
105000108,1211,1327,-116
105000109,1274,1352,-78
105000110,635,539,96
105000111,591,761,-170
105000112,1074,605,469
105000113,349,635,-286
105000114,2358,939,1419
105000115,292,979,-687
105000116,494,477,17
105000117,780,895,-115
105000118,347,340,7
105000119,547,779,-232
105000120,713,446,267
105000121,669,870,-201
105000122,323,629,-306
105000123,1036,1134,-98
105000124,1413,635,778
105000125,609,1651,-1042
105000126,1621,1456,165
105000127,1833,1631,202
105000128,704,883,-179
105000129,649,345,304
105000130,296,2317,-2021
105000131,673,360,313
105000132,599,490,109
105000133,367,804,-437
105000134,514,502,12
105000135,400,590,-190
105000136,102,304,-202
105000137,422,204,218
105000138,198,346,-148
105000139,875,824,51
105000140,282,459,-177
105000141,227,511,-284
105000142,169,445,-276
105000143,172,512,-340
105000144,244,797,-553
105000145,489,380,109
105000146,433,759,-326
105000147,503,311,192
105000148,1035,550,485
105000149,1782,1558,224
105000150,1753,1235,518
105000151,439,348,91
105000152,219,446,-227
105000153,466,502,-36
105000154,538,461,77
105000155,263,731,-468
105000156,749,565,184
105000157,665,1311,-646
105000158,1429,717,712
105000159,295,806,-511
105000160,1309,564,745
105000161,568,840,-272
105000162,411,1252,-841
105000163,907,753,154
105000164,185,218,-33
105000165,810,3421,-2611
105000166,3859,640,3219
105000167,1691,1069,622
105000168,265,576,-311
105000169,431,347,84
105000170,143,1239,-1096
105000171,859,173,686
105000172,127,33,94
105000173,101,23,78
105000174,39,26,13
105000175,56,139,-83
105000176,291,116,175
105000177,233,161,72
105000178,96,337,-241
105000179,348,139,209
105000180,110,99,11
105000181,86,198,-112
105000182,55,50,5
105000183,1988,1420,568
105000184,1547,837,710
105000185,1068,731,337
105000186,544,652,-108
105000187,664,155,509
105000188,240,116,124
105000189,190,460,-270
105000190,198,296,-98
105000191,318,342,-24
105000192,259,68,191
105000193,58,105,-47
105000194,393,118,275
105000195,258,552,-294
105000196,93,258,-165
105000197,271,536,-265
105000198,635,281,354
105000199,328,618,-290
105000200,124,200,-76
105000201,101,32,69
105000203,20,174,-154
105000204,101,73,28
105000205,119,230,-111
105000207,438,193,245
105000208,151,428,-277
105000209,184,291,-107
105000211,246,17,229
105000212,1002,1004,-2
105000213,129,167,-38
105000214,135,210,-75
105000215,224,149,75
105000216,142,296,-154
105000217,120,243,-123
105000218,972,1074,-102
105000221,142,163,-21
105000222,537,122,415
105000223,295,152,143
105000226,98,209,-111
105000227,49,100,-51
105000228,247,1216,-969
105000229,135,421,-286
105000231,308,217,91
105000233,694,654,40
105000234,500,1029,-529
105000235,309,456,-147
105000237,566,75,491
105000243,18,27,-9
105000248,59,80,-21
105000262,239,1183,-944
105000269,130,226,-96
105000270,345,65,280
105000271,0,203,-203
105000282,55,61,-6
105000287,415,109,306
105000288,442,356,86
105000289,3118,1759,1359
105000290,36,7,29
105000402,3088,2714,374
105000426,426,499,-73
105000438,4477,1713,2764
105000440,53,49,4
105000446,9864,4827,5037
105000447,6130,2569,3561
105000454,623,740,-117
105000455,316,204,112
105000474,49,2,47
105000477,290,473,-183
105000478,1250,3074,-1824
105000479,149,88,61
105000480,9113,5859,3254
105000481,4090,2628,1462
105000482,5065,7689,-2624
105000483,1304,1472,-168
105000484,2129,2981,-852
105000485,1099,2298,-1199
105000486,3302,2203,1099
105000488,10919,5632,5287
105000489,670,736,-66
105000549,138,147,-9
105000550,563,1302,-739
105000551,24,133,-109
105000552,2705,1820,885
105000555,1349,906,443
105000556,47,40,7
105000557,53,222,-169
105900001,5,871,-866
105900002,915,393,522
105900003,8,106,-98
105900004,190,104,86
105900005,4,177,-173
105900006,14,62,-48
105900007,67,16,51
105900008,49,477,-428
105900009,18,20,-2
105900011,120,38,82
105900012,374,92,282
105900013,1,24,-23
105900014,8,66,-58
105900015,153,265,-112
105900016,287,457,-170
105900017,897,40,857
105900018,152,129,23
105900019,38,185,-147
105900020,36,39,-3
105900021,26,154,-128
105900022,156,137,19
105900023,4,85,-81
105900024,10,118,-108
105900025,182,38,144
105900026,198,20,178
105900027,4386,5434,-1048
105900028,676,255,421
105900029,1052,274,778
105900030,139,213,-74
105900031,280,148,132
105900032,59,107,-48
105900033,102,92,10
105900034,150,146,4
105900035,86,92,-6
105900036,60,83,-23
105900037,57,63,-6
105900038,147,177,-30
105900039,124,95,29
105900040,55,83,-28
105900041,140,154,-14
105900042,29,99,-70
105900043,942,47,895
105900044,6,179,-173
105900045,5,486,-481
105900046,12,165,-153
105900047,5,37,-32
105900048,52,386,-334
105900050,4792,2274,2518
105900051,25,584,-559
105900052,361,239,122
105900053,2168,1960,208
105900054,274,107,167
105900056,649,249,400
105900057,12,80,-68
105900058,24,19,5
105900059,1,33,-32
106000001,3921,2075,1846
106000002,2177,4971,-2794
106000003,2087,2819,-732
106000004,1665,2498,-833
106000005,2332,4495,-2163
106000006,5035,3856,1179
106000007,374,580,-206
106000008,422,261,161
106000009,480,335,145
106000010,467,511,-44
106000011,800,855,-55
106000012,687,1259,-572
106000013,1237,1710,-473
106000014,1543,1454,89
106000015,1216,983,233
106000016,1008,1914,-906
106000017,497,547,-50
106000018,516,451,65
106000019,311,372,-61
106000020,224,362,-138
106000021,341,415,-74
106000022,250,221,29
106000023,454,372,82
106000024,381,545,-164
106000025,103,163,-60
106000026,98,380,-282
106000027,857,1137,-280
106000028,495,531,-36
106000029,618,1103,-485
106000030,492,377,115
106000034,204,590,-386
106000035,1053,1820,-767
106000036,161,387,-226
106000037,1870,1385,485
106000038,407,118,289
106000039,142,76,66
106000040,150,697,-547
106000041,622,379,243
106000043,560,268,292
106000046,302,75,227
106000047,51,336,-285
106000049,740,131,609
106000050,269,658,-389
106000051,591,333,258
106000052,104,563,-459
106000053,210,93,117
106000054,293,464,-171
106000055,397,188,209
106000056,210,357,-147
106000057,262,249,13
106000058,122,148,-26
106000059,234,210,24
106000060,308,495,-187
106000061,219,394,-175
106000062,150,436,-286
106000063,593,495,98
106000064,22,328,-306
106000065,259,265,-6
106000066,134,280,-146
106000067,302,88,214
106000068,40,549,-509
106000069,167,66,101
106000070,417,640,-223
106000071,815,252,563
106000072,2288,1332,956
106000073,1328,2357,-1029
106000074,529,581,-52
106000075,289,1289,-1000
106000076,1571,1836,-265
106000077,3092,1376,1716
106000078,712,853,-141
106000079,508,791,-283
106000080,982,542,440
106000081,446,987,-541
106000082,2110,717,1393
106000083,364,1182,-818
106000084,981,600,381
106000085,1106,1305,-199
106000086,611,837,-226
106000087,805,518,287
106000088,412,690,-278
106000089,716,438,278
106000090,263,594,-331
106000091,247,432,-185
106000092,483,249,234
106000093,257,147,110
106000094,71,193,-122
106000095,528,613,-85
106000096,633,574,59
106000097,724,722,2
106000098,603,794,-191
106000099,209,579,-370
106000100,949,212,737
106000101,832,257,575
106000102,178,372,-194
106000103,238,417,-179
106000104,655,376,279
106000105,438,616,-178
106000106,425,461,-36
106000107,181,368,-187
106000108,298,321,-23
106000109,150,341,-191
106000110,180,333,-153
106000111,180,346,-166
106000112,172,448,-276
106000113,646,486,160
106000114,429,453,-24
106000115,191,491,-300
106000116,210,190,20
106000117,851,573,278
106000118,889,1050,-161
106000119,1327,889,438
106000120,713,911,-198
106000121,158,133,25
106000122,87,199,-112
106000123,321,145,176
106000124,67,199,-132
106000125,33,216,-183
106000126,253,118,135
106000127,255,550,-295
106000128,635,171,464
106000129,391,437,-46
106000130,517,316,201
106000131,114,704,-590
106000132,451,180,271
106000133,1629,1001,628
106000134,560,1162,-602
106000135,242,646,-404
106000136,695,1002,-307
106000137,58,686,-628
106000138,759,108,651
106000139,42,101,-59
106000140,45,64,-19
106000141,70,51,19
106000142,68,59,9
106000143,54,68,-14
106000144,44,73,-29
106000145,133,201,-68
106000146,267,161,106
106000147,641,616,25
106000148,884,925,-41
106000149,443,500,-57
106000150,441,1520,-1079
106000151,3101,603,2498
106000152,951,1467,-516
106000153,100,1303,-1203
106000154,1050,231,819
106000155,85,244,-159
106000156,492,266,226
106000157,490,1304,-814
106000158,2041,899,1142
106000159,2409,1456,953
106000160,354,1876,-1522
106000161,1123,318,805
106000162,221,757,-536
106000163,275,367,-92
106000164,271,316,-45
106000165,121,448,-327
106000166,479,245,234
106000167,291,864,-573
106000168,344,231,113
106000169,186,490,-304
106000170,620,276,344
106000171,218,962,-744
106000172,2337,1122,1215
106000173,995,2051,-1056
106000174,745,303,442
106000175,279,661,-382
106000176,1078,605,473
106000177,547,1801,-1254
106000178,2442,1284,1158
106000179,931,1760,-829
106000180,632,1013,-381
106000181,559,1301,-742
106000182,947,570,377
106000183,1028,507,521
106000184,1534,522,1012
106000185,799,858,-59
106000186,638,140,498
106000187,192,817,-625
106000188,0,2,-2
106000189,4,41,-37
106000190,20,0,20
106000191,584,174,410
106000192,0,10,-10
106000193,343,185,158
106000194,126,234,-108
106000195,335,84,251
106000196,97,251,-154
106000197,410,232,178
106000198,129,215,-86
106000199,595,495,100
106000200,144,169,-25
106000201,402,1744,-1342
106000202,2848,434,2414
106000203,52,202,-150
106000204,86,1,85
106000205,40,116,-76
106000206,83,11,72
106000207,44,570,-526
106000208,1006,124,882
106000209,1038,242,796
106000210,293,742,-449
106000211,255,956,-701
106000212,609,388,221
106000213,634,1486,-852
106000214,2221,608,1613
106000215,227,531,-304
106000216,350,331,19
106000217,259,387,-128
106000218,491,394,97
106000219,111,307,-196
106000220,326,244,82
106000221,135,172,-37
106000222,42,107,-65
106000223,141,99,42
106000224,163,234,-71
106000225,70,89,-19
106000226,103,290,-187
106000228,37,90,-53
106000229,70,657,-587
106000231,708,69,639
106000232,81,285,-204
106000233,383,54,329
106000234,62,145,-83
106000235,792,66,726
106000236,309,51,258
106000237,12,16,-4
106000238,89,18,71
106000239,1,110,-109
106000240,20,2,18
106000241,21,601,-580
106000242,227,38,189
106000249,63,48,15
106000250,57,440,-383
106000251,80,20,60
106000252,32,65,-33
106000253,26,72,-46
106000254,38,22,16
106000255,29,141,-112
106000256,43,45,-2
106000257,126,181,-55
106000258,300,19,281
106000259,18,42,-24
106000260,27,3,24
106000261,1,36,-35
106000262,109,15,94
106000263,11,59,-48
106000264,108,3,105
106000265,9,113,-104
106000266,90,34,56
106000267,7,71,-64
106000268,579,59,520
106000269,70,23,47
106000270,115,378,-263
106000271,54,203,-149
106000272,169,59,110
106000273,4,274,-270
106000274,108,26,82
106000275,132,252,-120
106000276,144,41,103
106000277,120,221,-101
106000278,193,47,146
106000279,21,19,2
106000280,65,62,3
106000281,71,45,26
106000282,67,53,14
106000283,90,55,35
106000284,56,84,-28
106000285,106,76,30
106000286,76,111,-35
106000287,81,86,-5
106000288,62,152,-90
106000289,74,47,27
106000290,41,82,-41
106000291,83,79,4
106000292,70,133,-63
106000293,124,94,30
106000294,127,93,34
106000295,27,38,-11
106000296,29,90,-61
106000297,64,197,-133
106000298,137,57,80
106000299,84,110,-26
106000300,59,85,-26
106000301,48,107,-59
106000303,20,61,-41
106000304,22,19,3
106000305,37,34,3
106000306,18,44,-26
106000307,14,30,-16
106000308,13,76,-63
106000309,15,43,-28
106000310,257,484,-227
106000311,306,133,173
106000312,93,143,-50
106000313,111,191,-80
106000318,73,336,-263
106000319,751,162,589
106000320,1,45,-44
106000321,191,101,90
106000322,111,112,-1
106000324,19,101,-82
106000325,1211,789,422
106000326,795,1600,-805
106000327,122,130,-8
106000328,18,122,-104
106000329,42,205,-163
106000330,30,63,-33
106000428,79,182,-103
106000429,106,432,-326
106000430,272,1035,-763
106000431,1767,381,1386
106000432,2081,2778,-697
106000433,2008,1390,618
106000434,2594,1273,1321
106000435,1412,2343,-931
106000436,21,136,-115
106000437,239,27,212
106000438,393,120,273
106000439,84,275,-191
106000440,320,614,-294
106000441,0,0,0
106000442,137,16,121
106000443,138,314,-176
106000450,6,145,-139
106000451,34,31,3
106000454,4,220,-216
106000455,10,172,-162
106000456,74,34,40
106000457,15,785,-770
106000458,637,148,489
106000459,254,351,-97
106000460,969,27,942
106000461,58,1065,-1007
106000462,0,50,-50
106000463,3,21,-18
106000464,6,374,-368
106000465,525,3,522
106000466,4,440,-436
106000467,353,485,-132
106000468,56,106,-50
106000469,219,2,217
106000470,243,1263,-1020
106000471,23,452,-429
106000472,103,9,94
106000473,27,18,9
106000474,422,564,-142
106000475,327,227,100
106000476,190,194,-4
106000477,49,148,-99
106000480,1,279,-278
106900001,0,24,-24
106900002,5,342,-337
106900003,31,62,-31
106900004,0,28,-28
106900006,0,7,-7
106900007,0,11,-11
106900008,399,806,-407
106900009,212,216,-4
106900010,421,132,289
106900012,341,350,-9
106900013,1063,1178,-115
106900014,32,6,26
106900015,6,0,6
106900016,234,0,234
106900017,5,0,5
106900018,2,0,2
106900019,27,1,26
106900020,1667,931,736
106900021,139,139,0
106900022,517,3,514
106900023,244,340,-96
106900024,393,29,364
106900025,89,461,-372
106900026,0,74,-74
106900027,647,3,644
106900028,2,5,-3
106900029,368,107,261
106900030,2,433,-431
107000001,3294,2728,566
107000002,2869,4413,-1544
107000003,4015,5030,-1015
107000004,4187,4245,-58
107000005,3053,4130,-1077
107000006,4295,4184,111
107000007,3919,7376,-3457
107000008,10520,7668,2852
107000009,5012,5670,-658
107000010,9441,9044,397
107000011,1271,1247,24
107000012,3918,2974,944
107000013,69,94,-25
107000014,56,195,-139
107000015,528,670,-142
107000016,612,644,-32
107000017,2525,1091,1434
107000018,22,662,-640
107000020,1430,820,610
107000021,1003,465,538
107000022,611,1129,-518
107000023,1441,256,1185
107000024,424,1236,-812
107000025,203,326,-123
107000026,211,473,-262
107000027,1193,799,394
107000028,1008,1343,-335
107000029,2419,2305,114
107000030,2702,2739,-37
107000031,3443,2098,1345
107000032,522,896,-374
107000033,2560,3485,-925
107000034,2582,1457,1125
107000035,277,215,62
107000036,317,1049,-732
107000037,94,727,-633
107000038,233,253,-20
107000039,713,644,69
107000040,101,346,-245
107000041,1401,676,725
107000042,664,1635,-971
107000043,1994,1056,938
107000044,474,260,214
107000045,107,264,-157
107000046,583,400,183
107000047,423,837,-414
107000048,595,220,375
107000049,556,782,-226
107000050,989,553,436
107000051,423,347,76
107000052,1012,865,147
107000053,286,186,100
107000054,69,243,-174
107000055,339,146,193
107000056,453,715,-262
107000057,1481,213,1268
107000058,1848,1928,-80
107000059,1881,3010,-1129
107000060,3280,4144,-864
107000061,4424,3265,1159
107000062,3169,2734,435
107000063,4076,4934,-858
107000064,3534,1871,1663
107000065,4035,4483,-448
107000066,1323,2097,-774
107000067,877,935,-58
107000068,1020,603,417
107000069,688,368,320
107000070,1234,4,1230
107000071,2492,106,2386
107000072,51,2604,-2553
107000073,592,292,300
107000074,182,826,-644
107000075,1414,478,936
107000076,677,1340,-663
107000077,2910,1466,1444
107000078,2968,3294,-326
107000079,2296,1082,1214
107000080,1336,3000,-1664
107000081,1268,577,691
107000082,522,1536,-1014
107000083,1028,403,625
107000084,360,1482,-1122
107000085,2674,3235,-561
107000086,3379,3176,203
107000087,2385,1893,492
107000088,3225,3338,-113
107000089,1259,1472,-213
107000090,777,1063,-286
107000091,1355,781,574
107000092,713,933,-220
107000093,1126,713,413
107000094,954,1105,-151
107000095,530,602,-72
107000096,501,708,-207
107000097,633,332,301
107000098,686,636,50
107000099,412,261,151
107000100,227,317,-90
107000101,72,146,-74
107000102,225,295,-70
107000103,252,208,44
107000104,192,277,-85
107000105,337,145,192
107000106,204,254,-50
107000107,495,145,350
107000108,171,578,-407
107000109,476,161,315
107000110,82,398,-316
107000111,214,39,175
107000112,17,263,-246
107000113,552,136,416
107000114,111,563,-452
107000115,438,129,309
107000116,116,681,-565
107000117,102,458,-356
107000118,124,164,-40
107000119,1166,1285,-119
107000120,1123,393,730
107000121,728,692,36
107000122,1128,897,231
107000123,391,613,-222
107000124,465,884,-419
107000125,740,588,152
107000126,778,692,86
107000129,189,716,-527
107000130,377,150,227
107000131,283,512,-229
107000132,389,308,81
107000133,887,86,801
107000134,220,3,217
107000135,1,179,-178
107000136,636,10,626
107000137,15,347,-332
107000138,355,27,328
107000139,18,352,-334
107000140,1004,83,921
107000141,99,622,-523
107000142,448,95,353
107000143,75,669,-594
107000144,475,354,121
107000145,180,457,-277
107000146,148,346,-198
107000147,3535,1070,2465
107000150,609,2132,-1523
107000151,29,82,-53
107000152,381,1111,-730
107000153,175,330,-155
107000154,304,234,70
107000155,743,13,730
107000156,856,27,829
107000157,35,1336,-1301
107000158,410,18,392
107000159,44,902,-858
107000160,779,97,682
107000161,60,1272,-1212
107000162,220,376,-156
107000163,190,6,184
107000164,466,2,464
107000165,727,1,726
107000166,53,1078,-1025
107000167,453,203,250
107000168,855,387,468
107000169,598,869,-271
107000170,1523,743,780
107000171,553,1566,-1013
107000172,812,1144,-332
107000173,652,794,-142
107000174,782,3369,-2587
107000175,5568,1477,4091
107000176,0,5,-5
107000177,3,0,3
107000178,15,47,-32
107000179,252,2005,-1753
107000180,981,299,682
107000181,487,1314,-827
107000182,1491,783,708
107000183,110,801,-691
107000184,827,592,235
107000185,373,1225,-852
107000186,907,362,545
107000187,1191,1173,18
107000188,498,557,-59
107000189,368,1047,-679
107000190,467,590,-123
107000191,778,1132,-354
107000192,1318,661,657
107000193,293,427,-134
107000194,882,586,296
107000197,777,254,523
107000198,303,766,-463
107000199,533,535,-2
107000200,557,593,-36
107000201,478,223,255
107000202,264,439,-175
107000203,1085,563,522
107000204,1273,814,459
107000205,2015,703,1312
107000206,625,873,-248
107000207,547,744,-197
107000208,821,364,457
107000209,1829,984,845
107000210,714,357,357
107000211,4,42,-38
107000212,10,238,-228
107000213,4,20,-16
107000214,20,119,-99
107000215,389,268,121
107000216,337,251,86
107000217,166,108,58
107000219,76,103,-27
107000220,139,182,-43
107000222,208,610,-402
107000224,297,73,224
107000225,194,364,-170
107000226,304,75,229
107000227,93,228,-135
107000228,88,196,-108
107000229,158,97,61
107000230,770,340,430
107000231,1617,1460,157
107000232,109,52,57
107000233,1360,841,519
107000234,0,41,-41
107000235,42,5,37
107000236,14,412,-398
107000237,28,5,23
107000238,17,1,16
107000239,2519,356,2163
107000240,99,819,-720
107000243,0,36,-36
107000244,7,61,-54
107000246,5,921,-916
107000249,2,1114,-1112
107000251,2,268,-266
107000252,3,942,-939
107000255,290,104,186
107000257,0,447,-447
107000258,0,92,-92
107000259,1,186,-185
107000260,499,2,497
107000262,12,535,-523
107000263,209,5,204
107000266,7,5,2
107000267,61,129,-68
107000268,148,131,17
107000269,509,80,429
107000270,6,8,-2
107000271,10,584,-574
107000272,26,123,-97
107000273,3,193,-190
107000274,908,9,899
107000275,385,1043,-658
107000280,630,22,608
107000281,45,730,-685
107000282,39,713,-674
107000290,18,36,-18
107000291,17,15,2
107000292,0,69,-69
107000293,61,0,61
107000294,0,33,-33
107000295,41,13,28
107000296,0,12,-12
107000444,226,2,224
107000496,0,24,-24
107000497,1393,2121,-728
107000500,235,291,-56
107000501,70,181,-111
107000502,172,322,-150
107000505,363,680,-317
107000506,2,18,-16
107000508,6,522,-516
107000509,226,671,-445
107000510,64,22,42
107000514,49,209,-160
107000515,18,189,-171
107000516,229,183,46
107000518,862,942,-80
107000519,1544,799,745
107000520,49,17,32
107000521,585,356,229
107000522,878,474,404
107900001,59,170,-111
107900002,33,5,28
107900003,195,90,105
107900004,1,1,0
107900005,931,3,928
107900006,168,2,166
107900007,169,19,150
107900008,46,16,30
107900009,87,6,81
107900010,27,4,23
107900012,221,21,200
107900013,172,40,132
107900014,22,0,22
107900015,672,14,658
107900016,297,71,226
107900017,10,5,5
107900018,43,89,-46
107900019,16,30,-14
107900020,34,7,27
107900021,58,124,-66
107900023,2,1,1
107900024,0,27,-27
107900025,124,175,-51
107900026,61,48,13
107900027,35,30,5
107900028,71,57,14
107900030,159,25,134
107900031,51,89,-38
107900032,8,2,6
107900033,14,5,9
107900034,333,10,323
107900035,556,28,528
107900036,74,12,62
107900037,0,26,-26
107900038,147,146,1
107900039,16,35,-19
107900040,47,74,-27
107900041,1,0,1
107900043,31,93,-62
107900044,12,2,10
107900045,65,42,23
107900046,103,133,-30
107900047,21,53,-32
107900048,99,1,98
107900049,260,880,-620
107900050,97,214,-117
107900051,41,41,0
107900052,33,12,21
107900053,31,70,-39
107900055,442,130,312
107900056,68,34,34
107900057,1,0,1
107900058,29,450,-421
107900060,26,45,-19
107900061,18,5,13
107900063,61,100,-39
107900064,198,65,133
107900065,113,4,109
107900066,34,13,21
107900067,0,0,0
107900068,105,343,-238
107900069,41,1248,-1207
107900070,98,15,83
107900071,21,528,-507
107900072,109,145,-36
107900073,152,75,77
107900074,829,266,563
107900076,88,63,25
107900077,45,2,43
107900079,11,11,0
107900080,288,442,-154
107900081,29,94,-65
107900082,19,23,-4
107900083,231,143,88
107900084,82,105,-23
107900086,95,105,-10
107900087,623,168,455
107900088,23,3,20
107900089,218,628,-410
107900090,361,1281,-920
107900091,183,347,-164
107900093,53,64,-11
107900095,3104,1773,1331
107900097,14,61,-47
107900098,37,156,-119
107900100,784,889,-105
107900101,839,233,606
107900102,24,5,19
107900103,35,143,-108
107900104,149,2,147
107900105,0,410,-410
107900106,2,906,-904
107900107,670,273,397
107900108,206,130,76
107900109,837,19,818
107900110,30,46,-16
107900111,6,680,-674
107900112,62,280,-218
107900113,135,82,53
107900114,127,135,-8
107900115,1,38,-37
107900116,97,108,-11
107900117,330,279,51
107900118,74,124,-50
107900119,44,179,-135
107900120,21,37,-16
107900121,1,99,-98
107900122,0,58,-58
107900123,3,31,-28
107900124,15,36,-21
107900125,27,164,-137
107900126,5,56,-51
107900127,371,248,123
107900128,64,65,-1
107900129,39,19,20
107900130,38,24,14
107900131,550,228,322
107900132,110,271,-161
107900133,0,61,-61
107900134,23,69,-46
107900135,4,177,-173
107900136,20,16,4
107900137,131,77,54
107900138,40,30,10
107900139,31,51,-20
107900141,68,27,41
107900142,87,602,-515
107900143,51,23,28
107900144,4,122,-118
107900145,23,55,-32
107900146,35,80,-45
107900147,21,37,-16
107900148,86,74,12
107900149,643,159,484
107900150,88,507,-419
107900151,24,93,-69
107900152,13,118,-105
107900153,137,227,-90
107900154,28,20,8
107900155,40,62,-22
107900156,2,329,-327
107900157,38,58,-20
107900158,568,19,549
107900159,34,545,-511
107900160,106,210,-104
107900161,16,164,-148
107900162,2,31,-29
107900163,20,18,2
107900164,5,47,-42
107900165,25,64,-39
107900166,7,174,-167
107900167,13,8,5
107900168,29,29,0
107900169,0,113,-113
107900171,8,1082,-1074
107900172,2,283,-281
107900173,8,132,-124
107900174,72,2,70
107900175,17,46,-29
107900176,11,31,-20
107900177,0,45,-45
107900178,2,118,-116
107900179,13,121,-108
107900180,468,331,137
107900181,247,207,40
107900182,3,968,-965
107900183,37,219,-182
107900184,61,211,-150
107900185,66,7,59
107900186,16,29,-13
107900187,1,120,-119
107900188,560,128,432
107900189,27,59,-32
107900190,64,106,-42
107900191,41,102,-61
107900193,10,36,-26
107900194,126,6,120
107900195,2044,342,1702
107900196,46,109,-63
107900197,853,305,548
107900199,0,930,-930
107900201,53,110,-57
107900203,43,55,-12
107900204,177,129,48
107900206,1041,199,842
107900207,1,510,-509
107900208,4,428,-424
107900209,283,73,210
107900210,64,116,-52
107900213,366,315,51
107900214,20,105,-85
107900215,111,238,-127
107900216,198,69,129
107900217,30,84,-54
107900218,7,1211,-1204
107900219,19,73,-54
107900220,224,170,54
107900221,111,183,-72
107900223,63,439,-376
107900224,105,275,-170
107900225,6,551,-545
107900226,139,101,38
107900227,108,414,-306
107900228,18,93,-75
107900229,0,163,-163
107900230,11,86,-75
107900231,26,155,-129
107900232,36,120,-84
107900233,7,117,-110
107900234,71,75,-4
107900235,13,80,-67
107900236,54,57,-3
107900237,54,293,-239
107900238,22,64,-42
107900239,851,445,406
107900240,15,95,-80
107900241,8,54,-46
107900242,18,220,-202
107900243,2,72,-70
107900244,132,0,132
107900245,437,36,401
107900246,219,6,213
107900248,232,187,45
107900249,410,16,394
107900250,0,428,-428
107900251,89,1077,-988
107900252,580,24,556
107900253,116,2,114
107900254,57,288,-231
107900255,207,64,143
107900256,1110,685,425
107900257,92,76,16
107900258,109,155,-46
107900259,96,1200,-1104
107900261,0,158,-158
107900262,54,95,-41
107900264,235,6,229
107900265,238,163,75
107900267,152,24,128
107900268,21,7,14
107900269,0,1,-1
107900270,0,0,0
107900271,1,11,-10
107900272,126,10,116
107900273,28,104,-76
107900274,44,0,44
107900275,25,0,25
107900276,2,72,-70
107900277,1,225,-224
107900278,246,262,-16
107900279,86,209,-123
107900280,1299,1775,-476
107900281,1066,1779,-713
107900282,55,299,-244
107900283,836,426,410
107900284,426,539,-113
107900285,91,85,6
107900286,127,72,55
107900287,128,151,-23
107900290,1,59,-58
107900291,385,22,363
107900292,104,207,-103
107900293,49,356,-307
107900295,63,34,29
107900297,3,167,-164
107900298,675,674,1
107900299,2268,1606,662
107900301,435,578,-143
107900302,93,31,62
107900303,108,216,-108
107900304,169,395,-226
107900305,182,3,179
107900306,5,19,-14
107900307,92,210,-118
107900308,197,92,105
107900309,72,1,71
107900310,233,2,231
107900311,4,155,-151
107900312,29,1,28
107900313,1,99,-98
107900314,3,39,-36
107900315,1,26,-25
107900316,27,5,22
107900317,66,6,60
107900318,10,95,-85
107900319,8,137,-129
107900320,2,127,-125
107900321,102,9,93
107900322,2,115,-113
107900323,0,116,-116
107900324,99,3,96
107900325,62,0,62
107900326,175,224,-49
107900327,1,62,-61
107900328,156,0,156
107900329,62,49,13
107900330,4,293,-289
107900331,143,22,121
107900332,201,34,167
107900333,30,12,18
107900334,6,134,-128
107900335,67,27,40
107900336,40,50,-10
107900337,792,505,287
107900338,8,105,-97
107900339,3,24,-21
107900340,1,41,-40
107900341,41,0,41
107900342,135,88,47
107900343,24,2,22
107900344,8,59,-51
107900345,93,19,74
107900346,17,1,16
107900347,11,1,10
107900348,1,2,-1
107900349,17,7,10
107900350,20,239,-219
107900351,1,118,-117
107900352,2,28,-26
107900353,10,11,-1
107900354,8,49,-41
108000001,2558,3089,-531
108000002,2031,2461,-430
108000003,3042,2992,50
108000004,11618,13501,-1883
108000005,7190,6169,1021
108000006,8471,8079,392
108000007,4306,3871,435
108000008,4146,6304,-2158
108000009,2784,3821,-1037
108000010,2859,4214,-1355
108000011,9541,10538,-997
108000012,16234,14443,1791
108000014,1015,572,443
108000015,749,229,520
108000016,244,618,-374
108000017,874,328,546
108000018,1535,489,1046
108000019,1765,714,1051
108000020,1321,465,856
108000021,300,1616,-1316
108000022,395,1221,-826
108000023,999,221,778
108000024,260,517,-257
108000025,256,223,33
108000026,710,419,291
108000027,658,678,-20
108000028,638,236,402
108000029,400,776,-376
108000030,471,214,257
108000031,215,570,-355
108000032,1133,588,545
108000033,706,1122,-416
108000034,1246,368,878
108000035,546,1981,-1435
108000036,300,965,-665
108000037,1316,378,938
108000038,2067,495,1572
108000039,555,1957,-1402
108000040,1303,772,531
108000041,656,2166,-1510
108000042,260,236,24
108000043,175,285,-110
108000044,391,193,198
108000045,260,500,-240
108000046,1058,280,778
108000047,413,820,-407
108000048,129,329,-200
108000049,695,229,466
108000050,148,600,-452
108000051,341,124,217
108000052,154,637,-483
108000053,365,145,220
108000054,461,923,-462
108000055,848,532,316
108000056,1341,1147,194
108000057,463,995,-532
108000058,1927,3270,-1343
108000059,3333,1855,1478
108000060,174,564,-390
108000061,355,481,-126
108000062,539,474,65
108000063,428,448,-20
108000064,153,173,-20
108000065,531,432,99
108000066,1415,707,708
108000067,1575,590,985
108000068,595,383,212
108000069,194,934,-740
108000070,1422,660,762
108000071,576,1312,-736
108000072,1382,1089,293
108000073,1273,1610,-337
108000074,414,350,64
108000075,426,930,-504
108000076,590,469,121
108000077,560,654,-94
108000078,1539,1215,324
108000079,955,1769,-814
108000080,915,455,460
108000081,482,1636,-1154
108000082,865,1570,-705
108000083,1471,963,508
108000084,462,1000,-538
108000085,617,416,201
108000086,701,531,170
108000087,104,1600,-1496
108000088,634,190,444
108000089,278,238,40
108000091,250,440,-190
108000092,95,86,9
108000093,139,523,-384
108000094,369,103,266
108000095,114,354,-240
108000096,225,176,49
108000097,111,318,-207
108000098,1167,1185,-18
108000099,920,300,620
108000100,199,436,-237
108000101,923,1204,-281
108000102,1393,2955,-1562
108000106,1134,0,1134
108000107,1,428,-427
108000108,521,41,480
108000109,10,604,-594
108000110,196,298,-102
108000111,178,577,-399
108000112,57,175,-118
108000113,445,245,200
108000115,316,256,60
108000117,670,274,396
108000118,692,1502,-810
108000119,663,320,343
108000120,116,677,-561
108000121,183,415,-232
108000122,377,275,102
108000123,581,194,387
108000124,255,490,-235
108000125,239,291,-52
108000126,141,343,-202
108000127,508,283,225
108000128,538,546,-8
108000129,334,1142,-808
108000130,399,240,159
108000131,830,506,324
108000132,2033,1325,708
108000133,776,434,342
108000134,520,556,-36
108000135,868,407,461
108000136,340,867,-527
108000137,369,291,78
108000138,292,834,-542
108000139,473,344,129
108000140,104,45,59
108000141,17,83,-66
108000142,54,79,-25
108000143,79,405,-326
108000144,338,59,279
108000145,31,18,13
108000146,442,72,370
108000147,42,15,27
108000148,420,68,352
108000149,16,22,-6
108000150,33,8,25
108000151,229,71,158
108000152,103,373,-270
108000153,442,150,292
108000154,51,15,36
108000155,50,19,31
108000156,747,378,369
108000157,103,662,-559
108000158,82,569,-487
108000159,581,209,372
108000160,2844,888,1956
108000161,2069,1666,403
108000165,3,96,-93
108000172,9,283,-274
108000173,1795,1538,257
108000175,399,146,253
108000178,316,292,24
108000179,178,749,-571
108000181,64,37,27
108000182,291,116,175
108000183,70,304,-234
108000184,922,1770,-848
108000185,183,413,-230
108000186,342,423,-81
108000187,89,508,-419
108000188,431,223,208
108000189,1741,5787,-4046
108000190,23,114,-91
108000192,177,533,-356
108000193,629,16,613
108000194,52,10,42
108000195,2,996,-994
108000196,112,147,-35
108000198,623,362,261
108000199,0,199,-199
108000200,350,471,-121
108000203,90,498,-408
108000204,129,62,67
108000205,263,346,-83
108000339,1118,371,747
108000364,270,579,-309
108000365,42,297,-255
108000367,91,249,-158
108000368,23,59,-36
108000369,1292,208,1084
108000371,16,492,-476
108000372,658,11,647
108000373,180,105,75
108000376,43,34,9
108000377,359,262,97
108000378,8202,8566,-364
108000379,23,165,-142
108000381,44,16,28
108000382,174,2,172
108000383,0,168,-168
108900001,89,1040,-951
108900002,157,56,101
108900003,273,556,-283
108900004,247,378,-131
108900007,186,191,-5
108900008,71,152,-81
108900009,68,119,-51
108900010,191,191,0
108900011,447,438,9
108900012,233,471,-238
108900013,182,271,-89
108900014,16,109,-93
108900015,9,42,-33
108900016,1,168,-167
108900017,294,337,-43
108900018,90,339,-249
108900019,34,663,-629
108900020,51,168,-117
108900021,97,194,-97
108900022,50,0,50
108900023,64,16,48
108900024,22,105,-83
108900025,82,140,-58
108900026,11,67,-56
108900027,1,67,-66
108900028,67,291,-224
108900029,33,188,-155
108900030,0,67,-67
108900031,99,378,-279
108900032,5,186,-181
108900033,0,65,-65
108900034,0,219,-219
108900035,320,1155,-835
108900038,1,269,-268
108900039,2,427,-425
108900040,7,106,-99
108900041,4406,2550,1856
108900042,6,297,-291
108900043,26,289,-263
108900044,2,378,-376
108900045,50,550,-500
108900046,54,653,-599
108900047,26,106,-80
108900048,107,808,-701
108900049,2857,736,2121
108900050,0,227,-227
108900051,0,138,-138
108900052,34,240,-206
108900053,72,120,-48
108900054,65,169,-104
108900055,54,318,-264
108900056,1,135,-134
108900057,1,153,-152
108900058,44,298,-254
108900059,283,15,268
108900060,63,120,-57
108900061,99,34,65
108900062,4,177,-173
108900063,7,257,-250
108900064,124,60,64
108900065,6,242,-236
108900066,289,83,206
108900067,15,130,-115
108900068,4,130,-126
108900069,41,64,-23
108900070,30,106,-76
108900071,50,68,-18
108900072,1504,477,1027
108900073,13,254,-241
108900074,122,321,-199
108900075,58,42,16
108900076,209,77,132
108900077,112,398,-286
108900078,20,122,-102
108900079,905,196,709
108900080,28,561,-533
108900081,49,173,-124
108900082,56,98,-42
108900083,21,197,-176
108900085,1638,143,1495
108900086,91,250,-159
108900087,111,168,-57
108900088,788,354,434
108900089,15,106,-91
108900090,27,245,-218
108900091,114,71,43
108900092,434,328,106
108900093,85,62,23
108900094,234,70,164
108900095,21,302,-281
108900096,297,20,277
108900097,233,192,41
108900098,2066,612,1454
108900099,403,206,197
108900100,87,112,-25
108900101,168,138,30
108900102,77,672,-595
108900103,56,121,-65
108900105,3,828,-825
108900106,392,323,69
108900108,330,38,292
108900109,231,43,188
108900110,189,404,-215
108900111,430,505,-75
108900113,32,45,-13
108900114,62,7,55
108900115,54,61,-7
108900116,46,13,33
108900117,139,11,128
108900118,490,7,483
108900119,214,31,183
108900120,162,115,47
108900121,198,100,98
108900122,100,19,81
108900123,98,148,-50
108900124,344,160,184
108900125,296,2,294
108900126,81,19,62
108900127,125,17,108
108900128,97,51,46
108900129,570,113,457
108900130,217,0,217
108900131,256,6,250
108900132,354,76,278
108900133,131,40,91
108900134,283,243,40
108900135,124,16,108
108900136,28,0,28
108900137,114,2,112
108900138,630,32,598
108900140,247,200,47
108900141,348,9,339
108900142,72,11,61
108900143,22,0,22
108900144,73,0,73
108900145,138,8,130
108900146,39,0,39
108900147,165,1,164
108900148,64,30,34
108900150,183,4,179
108900151,250,2,248
108900152,169,1,168
108900153,125,275,-150
108900154,3644,430,3214
108900156,56,7,49
108900157,69,417,-348
108900158,285,25,260
108900159,2,225,-223
108900160,17,254,-237
108900161,3,321,-318
108900162,102,3,99
108900163,23,206,-183
108900164,46,74,-28
108900168,6911,2159,4752
108900169,30,62,-32
108900171,5503,2132,3371
108900172,133,40,93
108900173,158,290,-132
108900174,657,596,61
108900176,106,353,-247
108900177,4324,3476,848
108900178,3186,2341,845
108900180,69,263,-194
108900183,171,169,2
108900184,480,209,271
108900185,144,334,-190
108900186,65,346,-281
108900189,393,110,283
108900190,34,2305,-2271
108900192,66,186,-120
108900195,79,231,-152
108900196,22,277,-255
108900199,258,321,-63
108900200,497,318,179
108900201,481,1343,-862
108900203,351,81,270
108900204,256,16,240
108900205,110,8,102
108900206,254,22,232
108900207,125,57,68
108900208,14,256,-242
108900209,224,424,-200
108900210,137,159,-22
108900211,146,398,-252
108900212,793,1047,-254
108900215,57,347,-290
108900216,383,102,281
108900217,94,1,93
108900218,63,59,4
108900221,40,105,-65
108900224,20,117,-97
108900225,0,130,-130
108900227,70,222,-152
108900230,176,249,-73
108900232,0,224,-224
108900233,226,82,144
108900234,200,135,65
108900235,140,448,-308
108900236,16,217,-201
108900240,88,89,-1
108900241,15,44,-29
108900245,7,846,-839
108900250,102,79,23
108900258,2,189,-187
108900259,71,70,1
108900260,10,100,-90
108900261,75,135,-60
108900262,174,201,-27
108900263,23,154,-131
108900264,626,239,387
108900265,891,338,553
108900266,724,384,340
108900267,6,62,-56
108900268,8,4,4
108900269,59,20,39
108900270,47,11,36
108900271,44,11,33
108900272,158,4,154
108900273,1050,680,370
108900274,63,56,7
109000001,2707,1064,1643
109000002,1619,1407,212
109000003,1993,431,1562
109000004,442,2069,-1627
109000005,2111,638,1473
109000006,735,1957,-1222
109000007,1283,561,722
109000008,366,1693,-1327
109000009,3124,1338,1786
109000010,1519,3326,-1807
109000011,2525,1846,679
109000012,1657,3053,-1396
109000013,2380,2269,111
109000014,1603,2744,-1141
109000015,4259,6591,-2332
109000016,5791,3447,2344
109000017,1989,1225,764
109000018,816,2676,-1860
109000019,2187,1308,879
109000020,995,1850,-855
109000023,205,36,169
109000024,8,193,-185
109000025,342,465,-123
109000026,674,316,358
109000027,56,280,-224
109000028,149,86,63
109000029,86,137,-51
109000030,88,425,-337
109000031,135,154,-19
109000032,97,361,-264
109000033,301,164,137
109000034,38,29,9
109000035,31,49,-18
109000036,110,297,-187
109000037,238,924,-686
109000038,499,360,139
109000039,636,545,91
109000040,1841,4012,-2171
109000041,2894,1451,1443
109000042,562,1005,-443
109000044,383,186,197
109000045,263,316,-53
109000046,249,76,173
109000047,107,349,-242
109000048,1036,538,498
109000049,203,417,-214
109000050,546,466,80
109000051,162,213,-51
109000052,420,787,-367
109000053,925,280,645
109000054,156,360,-204
109000055,172,267,-95
109000056,323,308,15
109000057,475,414,61
109000058,1926,313,1613
109000059,953,1207,-254
109000060,763,330,433
109000061,853,741,112
109000062,111,309,-198
109000063,236,144,92
109000064,179,184,-5
109000065,104,170,-66
109000066,273,68,205
109000067,62,271,-209
109000068,2682,38,2644
109000069,877,38,839
109000070,8,1041,-1033
109000071,341,89,252
109000072,152,637,-485
109000073,55,81,-26
109000074,24,169,-145
109000075,73,321,-248
109000076,205,251,-46
109000077,347,332,15
109000078,73,145,-72
109000079,124,181,-57
109000080,143,110,33
109000081,109,541,-432
109000082,612,213,399
109000083,284,660,-376
109000088,115,409,-294
109000089,239,30,209
109000090,141,362,-221
109000091,222,189,33
109000092,295,434,-139
109000093,151,165,-14
109000094,423,3,420
109000095,126,392,-266
109000096,475,311,164
109000097,104,154,-50
109000098,74,101,-27
109000099,765,244,521
109000100,141,482,-341
109000101,1243,569,674
109000102,278,638,-360
109000103,801,575,226
109000104,1145,575,570
109000105,440,914,-474
109000106,1452,712,740
109000107,495,1649,-1154
109000108,1433,522,911
109000109,416,1574,-1158
109000110,927,529,398
109000111,730,1696,-966
109000112,296,108,188
109000113,330,143,187
109000114,129,311,-182
109000115,1204,90,1114
109000116,29,520,-491
109000117,211,80,131
109000118,7,256,-249
109000119,853,245,608
109000120,105,635,-530
109000121,538,96,442
109000122,106,685,-579
109000123,60,177,-117
109000124,455,342,113
109000125,628,338,290
109000126,328,700,-372
109000127,1092,289,803
109000128,401,1124,-723
109000129,1497,598,899
109000130,907,2240,-1333
109000131,1230,975,255
109000132,1150,2389,-1239
109000133,384,944,-560
109000134,724,1369,-645
109000135,1028,1272,-244
109000136,383,263,120
109000137,246,349,-103
109000138,424,263,161
109000139,359,391,-32
109000140,243,568,-325
109000141,612,525,87
109000142,96,410,-314
109000143,99,64,35
109000145,113,374,-261
109000146,132,100,32
109000148,2731,1073,1658
109000149,6,52,-46
109000150,186,222,-36
109000155,564,550,14
109000156,883,577,306
109000158,73,236,-163
109000159,78,395,-317
109000160,769,156,613
109000161,192,864,-672
109000162,1493,575,918
109000163,839,1550,-711
109000164,1043,2403,-1360
109000165,1021,503,518
109000166,509,127,382
109000167,110,452,-342
109000170,28,44,-16
109000171,48,51,-3
109000172,49,77,-28
109000173,18,72,-54
109000174,93,55,38
109000175,139,272,-133
109000176,197,211,-14
109000177,21,97,-76
109000178,538,346,192
109000179,3791,3462,329
109000180,3618,2407,1211
109000181,22,27,-5
109000182,27,18,9
109000183,44,32,12
109000184,18,15,3
109000185,10,32,-22
109000188,637,1566,-929
109000189,2353,857,1496
109000190,452,405,47
109000191,337,385,-48
109000192,328,172,156
109000193,164,284,-120
109000194,230,88,142
109000195,107,326,-219
109000196,239,91,148
109000197,146,342,-196
109000198,249,60,189
109000199,81,389,-308
109000206,188,38,150
109000207,96,23,73
109000208,58,44,14
109000209,101,120,-19
109000210,132,433,-301
109000211,384,410,-26
109000214,479,720,-241
109000215,130,63,67
109000216,279,215,64
109000217,179,74,105
109000218,415,156,259
109000221,584,1102,-518
109000222,905,259,646
109000223,263,259,4
109000224,53,145,-92
109000225,69,28,41
109000226,64,186,-122
109000227,704,834,-130
109000228,3,765,-762
109000231,1,287,-286
109000232,290,349,-59
109000236,206,701,-495
109000241,1869,1937,-68
109000242,1766,1326,440
109000293,68,140,-72
109000361,229,260,-31
109000364,199,433,-234
109000396,2,400,-398
109000397,379,11,368
109000399,133,331,-198
109000400,78,216,-138
109000403,113,1094,-981
109000406,391,2,389
109000407,274,198,76
109000408,0,433,-433
109000410,762,230,532
109000411,179,37,142
109000412,4,67,-63
109900001,69,0,69
109900002,774,18,756
109900003,187,0,187
109900005,25,0,25
109900006,310,154,156
109900007,535,460,75
109900008,0,37,-37
109900009,116,475,-359
109900010,446,14,432
109900011,78,51,27
109900012,199,177,22
109900013,310,172,138
109900014,353,46,307
109900015,288,141,147
109900016,116,19,97
109900017,136,175,-39
109900018,154,52,102
109900019,188,31,157
109900020,15,25,-10
109900021,27,8,19
109900022,143,165,-22
109900023,10,3,7
109900024,14,7,7
109900025,7,10,-3
109900027,30,44,-14
109900028,1248,766,482
109900029,2,223,-221
109900030,36,7,29
109900031,0,57,-57
109900032,8,305,-297
109900033,5,383,-378
109900034,33,8,25
109900035,19,16,3
109900036,37,37,0
109900037,20,417,-397
109900038,71,176,-105
109900039,15,0,15
109900040,21,472,-451
109900041,32,332,-300
109900042,43,377,-334
109900044,131,203,-72
109900045,157,58,99
109900046,95,87,8
109900047,256,258,-2
109900048,2,96,-94
109900049,6,35,-29
109900050,0,142,-142
109900051,0,72,-72
109900052,62,214,-152
109900053,7,297,-290
109900054,392,152,240
109900055,49,233,-184
109900056,19,162,-143
109900057,5,175,-170
109900058,0,67,-67
109900060,303,113,190
109900061,40,214,-174
109900062,0,149,-149
109900064,466,185,281
109900065,73,129,-56
109900066,302,762,-460
109900067,2,195,-193
109900068,46,4,42
109900069,2,30,-28
109900071,4,36,-32
109900072,18,124,-106
109900073,240,392,-152
109900074,14,39,-25
109900075,38,25,13
109900076,29,245,-216
109900077,38,65,-27
109900078,79,177,-98
109900080,116,207,-91
109900081,10,198,-188
109900082,32,270,-238
109900083,21,75,-54
109900084,27,98,-71
109900085,175,520,-345
109900086,142,326,-184
109900087,146,366,-220
109900089,513,169,344
109900092,442,28,414
109900093,572,125,447
109900094,65,81,-16
109900095,146,179,-33
109900096,28,5,23
109900097,61,3,58
109900098,299,35,264
109900099,160,2,158
109900100,32,0,32
109900101,272,8,264
109900102,319,15,304
109900103,37,18,19
109900104,421,643,-222
109900105,438,29,409
109900106,254,41,213
109900107,430,69,361
109900108,111,311,-200
109900109,41,128,-87
109900111,243,713,-470
109900114,1029,548,481
109900115,141,70,71
109900117,655,109,546
109900121,347,349,-2
109900123,11,119,-108
109900125,1,142,-141
109900126,217,106,111
109900130,5182,1861,3321
109900131,73,153,-80
109900132,29,115,-86
109900134,73,92,-19
109900135,375,65,310
109900137,111,235,-124
109900140,160,160,0
109900149,39,88,-49
109900150,3,102,-99
109900151,8,36,-28
109900152,1,30,-29
109900153,2,34,-32
109900154,58,0,58
109900155,55,18,37
109900157,42,229,-187
109900159,134,31,103
109900161,211,65,146
109900162,143,106,37
109900163,529,219,310
109900164,45,193,-148
109900165,257,3,254
109900166,4,142,-138
109900167,126,328,-202
109900168,160,469,-309
109900169,116,152,-36
109900170,206,557,-351
109900171,130,50,80
109900172,121,198,-77
109900173,2403,1844,559
109900174,29,77,-48
109900175,69,80,-11
109900176,70,123,-53
109900177,40,191,-151
109900178,21,116,-95
109900179,49,13,36
109900180,8,14,-6
110000001,846,473,373
110000002,506,632,-126
110000003,705,553,152
110000004,436,575,-139
110000005,405,1293,-888
110000006,297,278,19
110000007,102,65,37
110000008,20,33,-13
110000009,60,38,22
110000010,52,47,5
110000011,49,76,-27
110000012,479,338,141
110000013,34,335,-301
110000014,632,373,259
110000015,201,500,-299
110000016,243,1158,-915
110000017,2056,208,1848
110000018,1884,325,1559
110000019,7,89,-82
110000020,282,211,71
110000021,485,307,178
110000022,580,106,474
110000023,4,90,-86
110000024,590,238,352
110000025,280,5,275
110000026,7,191,-184
110000027,990,486,504
110000028,683,612,71
110000029,391,598,-207
110000030,205,282,-77
110000031,205,358,-153
110000032,572,358,214
110000033,374,61,313
110000034,352,562,-210
110000035,737,391,346
110000036,739,500,239
110000037,177,333,-156
110000038,153,455,-302
110000039,549,1948,-1399
110000040,218,250,-32
110000041,248,831,-583
110000042,69,233,-164
110000043,568,245,323
110000044,116,219,-103
110000045,684,96,588
110000046,10,21,-11
110000047,27,32,-5
110000048,18,22,-4
110000049,47,5,42
110000050,15,22,-7
110000051,84,4,80
110000052,73,36,37
110000053,69,4,65
110000054,156,198,-42
110000055,371,22,349
110000056,156,88,68
110000057,340,492,-152
110000058,856,382,474
110000059,895,525,370
110000060,689,821,-132
110000061,647,631,16
110000062,550,753,-203
110000063,28,88,-60
110000064,104,63,41
110000065,50,74,-24
110000066,48,44,4
110000067,77,148,-71
110000068,204,156,48
110000069,148,60,88
110000071,86,104,-18
110000073,7,12,-5
110000075,14,92,-78
110000076,199,223,-24
110000077,328,768,-440
110000078,23,27,-4
110000080,331,663,-332
110000081,47,241,-194
110000082,55,346,-291
110000083,222,664,-442
110000084,1058,650,408
110000085,1865,1407,458
110000086,1141,1663,-522
110000087,5,57,-52
110000088,80,168,-88
110000089,204,151,53
110000090,244,197,47
110000091,1008,268,740
110000092,11,76,-65
110000093,48,11,37
110000094,390,251,139
110000095,153,463,-310
110000096,1897,1688,209
110000097,890,1005,-115
110000098,1563,528,1035
110000099,700,1300,-600
110000100,600,441,159
110000101,17,285,-268
110000102,82,36,46
110000104,396,133,263
110000105,81,279,-198
110000106,481,318,163
110000107,332,342,-10
110000108,116,60,56
110000109,241,188,53
110000110,2418,2863,-445
110000111,4461,2260,2201
110000112,1237,1079,158
110000113,364,1627,-1263
110000114,157,413,-256
110000115,303,212,91
110000116,46,54,-8
110000117,151,243,-92
110000118,297,127,170
110000119,166,259,-93
110000120,252,135,117
110000121,70,305,-235
110000122,353,483,-130
110000123,415,362,53
110000124,0,843,-843
110000125,875,8,867
110000126,272,41,231
110000127,948,49,899
110000128,64,994,-930
110000129,2,524,-522
110000130,315,140,175
110000131,77,427,-350
110000132,1,626,-625
110000133,23,471,-448
110000134,13,361,-348
110000135,149,30,119
110000136,42,264,-222
110000137,394,454,-60
110000138,642,462,180
110000139,617,914,-297
110000140,744,582,162
110000143,507,383,124
110000144,5051,1488,3563
110000145,2101,880,1221
110000146,1350,637,713
110000147,315,403,-88
110000148,382,213,169
110000151,738,961,-223
110000152,792,317,475
110000153,61,37,24
110000154,7,28,-21
110000155,1322,3704,-2382
110000156,1039,2210,-1171
110000157,1827,1700,127
110000160,343,213,130
110000161,159,248,-89
110000166,350,82,268
110000167,596,456,140
110000168,795,458,337
110000169,846,337,509
110000170,89,65,24
110000171,507,120,387
110000172,145,657,-512
110000173,1065,1092,-27
110000174,129,771,-642
110000175,451,47,404
110000176,207,240,-33
110000177,174,661,-487
110000178,333,1030,-697
110000179,968,280,688
110000180,170,166,4
110000181,310,339,-29
110000182,283,142,141
110000183,6624,4834,1790
110000184,309,1697,-1388
110000185,855,527,328
110000186,577,610,-33
110000191,779,305,474
110000192,420,5,415
110000193,886,8,878
110000194,15,916,-901
110000195,310,263,47
110000196,303,350,-47
110000197,65,130,-65
110000198,104,65,39
110000199,93,110,-17
110000200,918,359,559
110000201,622,728,-106
110000202,1003,630,373
110000203,700,688,12
110000204,7,183,-176
110000205,72,53,19
110000206,629,1071,-442
110000207,731,354,377
110000208,146,162,-16
110000209,159,709,-550
110000210,852,493,359
110000211,636,616,20
110000212,372,783,-411
110000213,120,93,27
110000214,211,110,101
110000215,137,314,-177
110000216,86,251,-165
110000217,190,190,0
110000218,129,276,-147
110000219,264,60,204
110000220,66,220,-154
110000221,283,72,211
110000222,69,202,-133
110000223,8,178,-170
110000224,100,20,80
110000225,250,563,-313
110000226,208,49,159
110000227,632,584,48
110000228,281,246,35
110000229,2,214,-212
110000230,502,608,-106
110000231,100,182,-82
110000232,289,183,106
110000233,223,186,37
110000234,542,501,41
110000235,779,840,-61
110000236,514,671,-157
110000237,1662,1039,623
110000238,941,1317,-376
110000239,1712,1052,660
110000240,0,100,-100
110000242,0,8,-8
110000243,78,125,-47
110000244,105,291,-186
110000245,40,319,-279
110000246,691,459,232
110000247,957,3358,-2401
110000248,1588,1105,483
110000249,80,12,68
110000250,31,134,-103
110000251,233,366,-133
110000252,205,170,35
110000253,983,615,368
110000254,461,848,-387
110000255,234,734,-500
110000256,379,269,110
110000257,644,345,299
110000258,5,294,-289
110000259,65,16,49
110000260,11,185,-174
110000263,372,89,283
110000264,276,311,-35
110000265,887,1348,-461
110000266,1444,2188,-744
110000267,33,127,-94
110000268,222,291,-69
110000269,3,49,-46
110000270,28,0,28
110000271,1142,222,920
110000272,1309,785,524
110000273,2564,1156,1408
110000274,224,970,-746
110000275,1419,428,991
110000276,368,236,132
110000277,313,322,-9
110000278,344,573,-229
110000279,761,732,29
110000280,309,383,-74
110000281,25,267,-242
110000282,261,29,232
110000283,68,90,-22
110000284,68,57,11
110000285,5,361,-356
110000286,21,0,21
110000287,66,0,66
110000288,9,81,-72
110000289,328,1179,-851
110000290,919,525,394
110000291,3524,1166,2358
110000292,1192,3177,-1985
110000293,614,642,-28
110000294,668,805,-137
110000295,85,609,-524
110000296,331,272,59
110000297,1764,248,1516
110000298,196,465,-269
110000299,227,68,159
110000301,224,11,213
110000302,355,759,-404
110000303,359,4,355
110000304,147,215,-68
110000305,791,8,783
110000306,123,928,-805
110000307,1301,4,1297
110000308,382,6,376
110000309,3,572,-569
110000310,481,57,424
110000311,15,435,-420
110000312,337,82,255
110000313,2013,2656,-643
110000314,0,200,-200
110000315,2724,2014,710
110000316,465,1132,-667
110000317,311,351,-40
110000318,10,56,-46
110000319,22,16,6
110000320,40,28,12
110000321,19,44,-25
110000322,242,259,-17
110000323,298,150,148
110000324,2569,1229,1340
110000325,2017,2078,-61
110000327,402,237,165
110000328,134,296,-162
110000333,522,430,92
110000334,578,1072,-494
110000335,551,408,143
110000336,686,922,-236
110000337,1169,481,688
110000338,474,221,253
110000339,275,202,73
110000340,17,158,-141
110000341,361,405,-44
110000342,325,4,321
110000343,0,16,-16
110000344,194,121,73
110000345,273,111,162
110000346,1967,1454,513
110000347,942,663,279
110000348,23,22,1
110000349,10,20,-10
110000350,51,3,48
110000351,734,702,32
110000352,611,1227,-616
110000353,2110,588,1522
110000354,831,2187,-1356
110000355,48,61,-13
110000356,504,10,494
110000357,262,14,248
110000361,13,60,-47
110000362,46,16,30
110000363,267,87,180
110000364,157,298,-141
110000365,137,3,134
110000366,0,58,-58
110000367,312,153,159
110000368,2,39,-37
110000369,18,2,16
110000373,2,210,-208
110000374,121,20,101
110000375,87,713,-626
110000376,41,114,-73
110000377,63,371,-308
110000378,11,310,-299
110000379,2266,1397,869
110000380,40,8,32
110000383,3,1239,-1236
110000384,2582,1302,1280
110000385,1,113,-112
110000387,30,12,18
110000388,30,184,-154
110000389,625,6,619
110000391,460,299,161
110000396,153,146,7
110000397,130,105,25
110000398,2,42,-40
110000399,223,86,137
110000587,95,47,48
110000589,155,177,-22
110000640,142,39,103
110000652,9,91,-82
110000653,309,353,-44
110000654,203,230,-27
110000656,1,521,-520
110000674,19,7,12
110000675,2,4,-2
110000676,0,12,-12
110000679,375,881,-506
110000682,92,128,-36
110000683,220,475,-255
110000684,0,25,-25
110000685,6,16,-10
110000686,3,22,-19
110000687,11,1,10
110000688,51,584,-533
110000689,32,21,11
110000692,66,97,-31
110000693,54,166,-112
110000694,0,128,-128
110000695,149,418,-269
110000696,68,102,-34
110000698,35,530,-495
110000699,95,420,-325
110900001,184,26,158
110900002,278,148,130
110900003,428,445,-17
110900004,316,140,176
110900005,2009,1507,502
110900006,39,5,34
110900007,80,22,58
110900008,18,66,-48
110900009,314,63,251
110900010,7,74,-67
110900011,11,79,-68
110900012,10,63,-53
110900013,725,117,608
110900014,405,11,394
110900015,423,417,6
110900016,45,141,-96
110900017,301,28,273
110900018,244,51,193
110900019,125,19,106
110900020,53,225,-172
110900021,56,421,-365
110900022,78,248,-170
110900023,78,341,-263
110900024,17,256,-239
110900025,9,48,-39
110900027,57,150,-93
110900028,27,115,-88
110900029,13,240,-227
110900030,31,168,-137
110900031,7,117,-110
110900032,0,60,-60
110900033,16,114,-98
110900035,18,373,-355
110900036,88,29,59
110900037,31,18,13
110900038,668,158,510
110900039,4,193,-189
110900040,124,35,89
110900041,8,68,-60
110900042,99,45,54
110900043,4,84,-80
110900044,185,13,172
110900045,30,298,-268
110900046,27,190,-163
110900047,321,184,137
110900049,40,47,-7
110900050,19,3,16
110900052,9,123,-114
110900053,79,26,53
110900054,27,133,-106
110900055,17,4,13
110900056,47,90,-43
110900057,8,153,-145
110900058,170,117,53
110900059,580,477,103
110900060,363,108,255
110900061,24,27,-3
110900062,95,159,-64
110900063,15,74,-59
110900064,13,0,13
110900065,345,99,246
110900066,7,55,-48
110900067,215,376,-161
110900068,218,175,43
110900069,6,20,-14
110900070,125,54,71
110900071,185,333,-148
110900073,0,13,-13
110900074,239,81,158
110900075,242,57,185
110900077,566,428,138
110900078,20,50,-30
110900079,2184,1150,1034
110900080,70,74,-4
110900081,1,46,-45
110900082,93,69,24
110900083,91,45,46
110900084,31,85,-54
110900085,23,202,-179
110900086,46,252,-206
110900087,228,60,168
110900088,12,0,12
110900090,30,23,7
110900091,1,39,-38
110900093,150,90,60
110900095,41,35,6
110900097,12,17,-5
110900098,18,122,-104
110900099,28,250,-222
110900100,0,21,-21
110900102,68,18,50
110900105,404,179,225
110900108,5,38,-33
110900111,307,133,174
110900112,573,2,571
110900113,357,28,329
110900115,10,63,-53
110900116,462,1464,-1002
110900118,104,2109,-2005
110900119,2826,241,2585
110900120,5,56,-51
110900121,117,0,117
110900122,311,152,159
110900125,335,356,-21
110900127,522,1005,-483
110900128,413,409,4
110900129,305,678,-373
110900130,1089,653,436
110900131,108,29,79
110900132,212,46,166
110900133,78,152,-74
110900135,32,183,-151
110900136,256,11,245
110900139,10,0,10
110900140,0,0,0
110900141,316,134,182
110900142,44,144,-100
110900143,94,73,21
110900144,1,673,-672
110900145,152,30,122
110900146,257,108,149
110900147,122,290,-168
110900148,4,260,-256
110900149,0,47,-47
110900150,24,21,3
110900151,5,52,-47
110900152,41,229,-188
110900153,108,21,87
111000001,479,548,-69
111000002,934,687,247
111000003,1145,605,540
111000004,503,953,-450
111000005,1406,1044,362
111000006,956,1811,-855
111000007,3247,2493,754
111000008,1939,2697,-758
111000009,365,666,-301
111000010,634,201,433
111000011,472,1008,-536
111000012,748,311,437
111000013,357,929,-572
111000014,1788,572,1216
111000017,94,775,-681
111000018,230,358,-128
111000020,713,2139,-1426
111000021,82,79,3
111000023,97,59,38
111000025,3445,2992,453
111000029,66,90,-24
111000030,17,77,-60
111000031,1581,939,642
111000032,559,311,248
111000033,265,262,3
111000034,153,195,-42
111000037,1420,1272,148
111000038,3751,2227,1524
111000039,1794,2074,-280
111000040,1733,2461,-728
111000041,2061,1895,166
111000042,2878,2249,629
111000043,1461,2299,-838
111000044,1691,1137,554
111000045,1984,2072,-88
111000046,1190,1600,-410
111000047,1846,3203,-1357
111000049,384,426,-42
111000050,1317,1318,-1
111000051,456,920,-464
111000052,627,1546,-919
111000053,383,869,-486
111000054,335,788,-453
111000055,940,1684,-744
111000056,142,456,-314
111000057,64,450,-386
111000058,317,61,256
111000059,535,244,291
111000060,3163,741,2422
111000061,394,302,92
111000062,561,299,262
111000063,1634,791,843
111000064,501,498,3
111000065,905,801,104
111000066,383,366,17
111000067,377,638,-261
111000068,592,1085,-493
111000069,1659,1788,-129
111000070,1232,1119,113
111000071,305,663,-358
111000072,1063,408,655
111000073,271,819,-548
111000074,1228,1459,-231
111000075,1101,672,429
111000076,423,462,-39
111000077,1731,1927,-196
111000078,3139,1722,1417
111000079,1159,680,479
111000080,418,553,-135
111000081,1353,3201,-1848
111000082,507,578,-71
111000084,636,503,133
111000085,801,1121,-320
111000086,1979,1118,861
111000087,638,695,-57
111000088,3958,1982,1976
111000089,646,671,-25
111000090,789,1364,-575
111000091,592,483,109
111000092,1051,922,129
111000093,594,969,-375
111000094,1564,1025,539
111000095,487,1792,-1305
111000096,1651,6093,-4442
111000097,3810,1658,2152
111000098,796,1210,-414
111000099,621,1766,-1145
111000100,349,1470,-1121
111000101,406,706,-300
111000102,185,495,-310
111000104,413,153,260
111000107,78,511,-433
111000109,385,240,145
111000110,1157,566,591
111000111,1620,437,1183
111000112,1399,553,846
111000113,883,1254,-371
111000114,2258,2614,-356
111000115,4785,1053,3732
111000116,861,774,87
111000117,412,798,-386
111000118,1248,814,434
111000119,779,917,-138
111000120,391,538,-147
111000121,209,548,-339
111000122,541,1007,-466
111000123,921,2544,-1623
111000124,376,2387,-2011
111000125,186,1245,-1059
111000126,88,785,-697
111000127,754,135,619
111000128,1265,249,1016
111000129,2100,416,1684
111000130,1590,641,949
111000131,1190,449,741
111000132,964,545,419
111000133,169,153,16
111000134,131,116,15
111000135,23,119,-96
111000136,307,290,17
111000138,11,7,4
111000140,4,5,-1
111000141,183,281,-98
111000142,8,121,-113
111000143,6,93,-87
111000144,25,278,-253
111000145,1860,12,1848
111000146,155,13,142
111000147,293,27,266
111000148,131,67,64
111000149,4,27,-23
111000150,24,9,15
111000151,12,42,-30
111000153,528,680,-152
111000154,895,190,705
111000155,129,172,-43
111000156,321,505,-184
111000157,245,905,-660
111000158,707,626,81
111000159,1882,620,1262
111000160,366,310,56
111000161,17,263,-246
111000162,64,144,-80
111000163,632,724,-92
111000164,628,3105,-2477
111000165,1015,499,516
111000166,2117,381,1736
111000167,195,417,-222
111000168,201,370,-169
111000169,320,649,-329
111000170,520,467,53
111000171,439,627,-188
111000172,166,486,-320
111000173,344,790,-446
111000174,132,313,-181
111000175,52,219,-167
111000176,273,118,155
111000177,294,236,58
111000178,1047,327,720
111000179,163,173,-10
111000180,167,375,-208
111000181,805,203,602
111000182,160,163,-3
111000183,369,291,78
111000184,272,181,91
111000185,381,334,47
111000186,316,250,66
111000187,87,198,-111
111000188,204,398,-194
111000189,1007,555,452
111000190,190,339,-149
111000191,179,314,-135
111000192,148,556,-408
111000193,268,303,-35
111000194,73,252,-179
111000195,116,264,-148
111000196,42,211,-169
111000197,357,154,203
111000198,501,116,385
111000199,180,132,48
111000200,308,337,-29
111000201,499,233,266
111000202,214,196,18
111000203,246,239,7
111000204,437,935,-498
111000213,174,475,-301
111000214,1448,1344,104
111000215,1102,1334,-232
111000217,1051,738,313
111000218,879,975,-96
111000219,451,240,211
111000220,1436,505,931
111000221,952,94,858
111000224,67,386,-319
111000225,374,328,46
111000226,96,5,91
111000227,66,9,57
111000228,25,260,-235
111000229,33,581,-548
111000230,220,283,-63
111000231,980,741,239
111000232,415,815,-400
111000233,717,650,67
111000234,131,360,-229
111000239,104,138,-34
111000240,25,147,-122
111000241,28,273,-245
111000242,131,69,62
111000243,132,507,-375
111000244,359,91,268
111000245,1095,414,681
111000246,443,366,77
111000247,246,713,-467
111000248,530,466,64
111000249,339,639,-300
111000250,42,56,-14
111000251,33,96,-63
111000253,12,14,-2
111000255,37,5,32
111000257,24,15,9
111000260,58,730,-672
111000261,947,77,870
111000271,62,287,-225
111000273,2899,1593,1306
111000274,1011,1743,-732
111000275,130,72,58
111000276,259,1724,-1465
111000277,173,340,-167
111000278,522,213,309
111000291,735,3897,-3162
111000298,426,252,174
111000299,455,97,358
111000300,109,544,-435
111000302,241,94,147
111000303,59,186,-127
111000312,47,64,-17
111000315,20,125,-105
111000320,307,681,-374
111000321,274,121,153
111000322,299,446,-147
111000323,178,18,160
111000324,276,267,9
111000325,34,72,-38
111000326,161,308,-147
111000327,370,404,-34
111000328,231,508,-277
111000329,1,28,-27
111000330,49,20,29
111000331,28,2,26
111000332,431,1261,-830
111000334,360,1182,-822
111000335,730,278,452
111000337,889,345,544
111000338,87,106,-19
111000339,477,303,174
111000340,107,469,-362
111000341,1031,611,420
111000342,242,410,-168
111000344,833,650,183
111000345,285,65,220
111000346,19,111,-92
111000347,126,20,106
111000350,181,84,97
111000351,128,241,-113
111000352,172,84,88
111000353,86,208,-122
111000354,359,102,257
111000355,311,373,-62
111000358,174,899,-725
111000360,226,517,-291
111000361,116,256,-140
111000546,530,511,19
111000547,301,408,-107
111000548,71,224,-153
111000549,256,278,-22
111000550,94,654,-560
111000551,642,186,456
111000552,1618,91,1527
111000907,396,31,365
111000908,23,0,23
111000916,1207,259,948
111000917,40,307,-267
111000918,165,684,-519
111000920,352,29,323
111000921,4,153,-149
111000922,344,279,65
111000924,29,592,-563
111000925,1931,1587,344
111000926,899,1726,-827
111000927,2470,3723,-1253
111000928,3811,3485,326
111000929,1077,1084,-7
111000930,737,2167,-1430
111000931,1642,2513,-871
111000932,3752,2337,1415
111000933,3008,2029,979
111000934,1842,3145,-1303
111000935,1048,976,72
111000936,1028,1880,-852
111000937,821,1273,-452
111000938,1438,1637,-199
111000939,343,41,302
111000940,258,108,150
111000941,302,381,-79
111000943,277,265,12
111000944,132,324,-192
111000945,59,1333,-1274
111001109,365,271,94
111001110,146,490,-344
111001111,61,3,58
111001112,136,2,134
111001113,1,170,-169
111001114,813,118,695
111001115,79,367,-288
111001116,4512,3176,1336
111001117,578,2006,-1428
111001120,97,220,-123
111001121,206,240,-34
111001122,245,463,-218
111001123,222,132,90
111001124,81,221,-140
111001125,7,127,-120
111001126,0,0,0
111001127,0,54,-54
111001128,528,582,-54
111900001,0,188,-188
111900002,2,552,-550
111900003,2,268,-266
111900004,29,94,-65
111900006,8,25,-17
111900007,53,7,46
111900008,112,1,111
111900009,94,1,93
111900010,385,354,31
111900012,68,84,-16
111900013,7,12,-5
111900014,4174,2603,1571
111900015,0,40,-40
111900016,0,112,-112
111900017,0,70,-70
111900018,169,4,165
111900019,2,42,-40
111900020,5,36,-31
111900021,41,85,-44
111900022,5,65,-60
111900023,72,102,-30
111900024,214,149,65
111900025,0,27,-27
111900026,0,72,-72
111900027,2,125,-123
111900028,11,280,-269
111900029,6,68,-62
111900030,37,267,-230
111900032,0,260,-260
111900033,10,80,-70
111900034,351,404,-53
111900035,49,178,-129
111900036,0,229,-229
111900038,288,514,-226
111900039,35,338,-303
111900040,3,431,-428
111900042,17,107,-90
111900043,5,278,-273
111900044,396,154,242
111900046,46,107,-61
111900048,111,627,-516
111900049,34,163,-129
111900050,70,15,55
111900051,3,204,-201
111900052,455,361,94
111900053,867,826,41
111900054,72,5,67
111900055,19,336,-317
111900056,197,213,-16
111900057,86,75,11
111900058,282,481,-199
111900059,1258,385,873
111900060,300,1,299
111900061,8,140,-132
111900062,27,66,-39
111900063,214,186,28
111900064,166,187,-21
111900065,66,33,33
111900066,116,154,-38
111900067,0,237,-237
111900068,27,33,-6
111900069,57,28,29
111900070,110,120,-10
111900071,4,166,-162
111900072,30,13,17
111900073,551,111,440
111900074,7,107,-100
111900075,56,4,52
111900076,154,38,116
111900077,27,0,27
111900078,140,17,123
111900079,32,30,2
111900080,242,254,-12
111900082,107,29,78
111900083,75,7,68
111900084,49,7,42
111900085,21,103,-82
111900086,31,3,28
111900087,46,0,46
111900088,306,6,300
111900089,61,3,58
111900090,29,27,2
111900091,184,8,176
111900092,59,1,58
111900093,267,2,265
111900094,78,0,78
111900095,193,13,180
111900096,109,15,94
111900097,50,1,49
111900098,126,2,124
111900099,38,0,38
111900100,76,5,71
111900101,69,28,41
111900102,343,500,-157
111900103,41,50,-9
111900104,112,50,62
111900105,314,146,168
111900106,726,49,677
111900110,1276,237,1039
111900111,69,12,57
111900112,404,1604,-1200
111900113,243,87,156
111900118,229,80,149
111900119,286,109,177
111900122,87,82,5
111900123,19,36,-17
111900124,31,99,-68
111900125,328,22,306
111900126,246,1,245
111900127,3,646,-643
111900128,2,456,-454
111900129,188,3,185
111900130,129,13,116
111900131,417,1,416
111900132,13,741,-728
111900133,43,301,-258
111900134,11,231,-220
111900135,14,34,-20
111900136,64,126,-62
111900137,75,76,-1
111900138,17,100,-83
111900139,20,114,-94
111900140,71,21,50
111900141,114,13,101
111900142,103,27,76
111900143,26,46,-20
111900144,0,62,-62
111900145,2,357,-355
111900146,1,177,-176
111900147,124,367,-243
111900148,18,540,-522
111900149,2,197,-195
111900150,9,111,-102
111900151,3,21,-18
111900152,83,79,4
111900153,1363,481,882
111900154,4,151,-147
111900155,15,57,-42
111900156,27,68,-41
111900157,97,17,80
111900158,405,56,349
111900159,215,12,203
111900160,220,0,220
111900161,117,0,117
111900162,65,127,-62
111900163,31,185,-154
111900164,89,46,43
111901113,327,224,103
111901114,165,165,0
111901115,35,0,35
111901116,31,3,28
111901117,11,24,-13
111901118,73,128,-55
111901119,725,41,684
111901121,172,197,-25
111901122,5,524,-519
111901123,107,346,-239
111901124,110,1,109
111901125,284,187,97
111901127,356,204,152
111901128,14,31,-17
111901129,3,45,-42
111901130,6,109,-103
111901131,3,193,-190
111901132,169,28,141
111901133,32,2,30
111901134,37,5,32
111901135,15,5,10
111901138,326,25,301
111901139,16,15,1
111901140,14,71,-57
111901141,7,113,-106
111901142,2,70,-68
111901143,1,53,-52
111901144,44,51,-7
111901145,140,245,-105
111901146,438,31,407
111901147,411,176,235
111901148,15,36,-21
111901149,9,4,5
111901150,14,0,14
111901151,0,0,0
111901152,7,25,-18
112000001,1451,671,780
112000002,625,1882,-1257
112000003,775,794,-19
112000004,513,842,-329
112000005,2487,3088,-601
112000006,2285,1540,745
112000007,1940,1466,474
112000008,1740,3060,-1320
112000009,2915,2502,413
112000010,2034,2344,-310
112000011,1350,1397,-47
112000012,2818,2579,239
112000013,4238,2183,2055
112000014,2548,1348,1200
112000015,3849,2150,1699
112000016,3832,995,2837
112000017,1826,1493,333
112000024,2675,974,1701
112000026,3020,4365,-1345
112000027,720,478,242
112000028,1400,1180,220
112000029,341,508,-167
112000030,150,77,73
112000031,994,2846,-1852
112000032,330,49,281
112000033,1546,1270,276
112000034,273,55,218
112000035,108,204,-96
112000036,677,566,111
112000037,835,615,220
112000038,1022,571,451
112000039,80,91,-11
112000040,119,217,-98
112000041,483,425,58
112000042,1014,389,625
112000050,1008,1128,-120
112000051,767,943,-176
112000054,1330,1582,-252
112000057,325,333,-8
112000058,201,379,-178
112000059,307,493,-186
112000061,2594,1323,1271
112000062,1391,529,862
112000063,1035,1284,-249
112000064,3526,4425,-899
112000065,1741,1969,-228
112000066,2899,1168,1731
112000067,780,552,228
112000068,2419,2032,387
112000069,725,1360,-635
112000070,1566,663,903
112000071,839,2182,-1343
112000072,1738,825,913
112000073,1391,1799,-408
112000074,1232,975,257
112000075,1238,1130,108
112000076,3057,2506,551
112000077,478,494,-16
112000078,1402,599,803
112000079,1181,1078,103
112000080,592,744,-152
112000081,1475,2009,-534
112000082,1241,734,507
112000083,594,1032,-438
112000084,899,822,77
112000085,911,894,17
112000086,1455,1333,122
112000087,348,686,-338
112000088,634,598,36
112000089,293,304,-11
112000090,251,238,13
112000091,617,936,-319
112000092,1534,1080,454
112000093,1630,827,803
112000094,494,839,-345
112000095,519,949,-430
112000096,441,620,-179
112000097,846,575,271
112000098,805,818,-13
112000099,472,1260,-788
112000100,1444,730,714
112000101,441,924,-483
112000102,881,589,292
112000103,280,933,-653
112000105,707,1590,-883
112000106,1374,513,861
112000107,84,157,-73
112000108,237,1399,-1162
112000109,173,101,72
112000110,1708,684,1024
112000111,990,2416,-1426
112000112,3134,546,2588
112000113,716,1504,-788
112000114,1829,814,1015
112000115,325,416,-91
112000116,406,894,-488
112000117,942,870,72
112000118,867,811,56
112000119,396,823,-427
112000120,95,341,-246
112000121,59,349,-290
112000122,261,156,105
112000123,581,184,397
112000124,345,96,249
112000125,184,262,-78
112000126,171,425,-254
112000127,1588,1410,178
112000128,616,380,236
112000129,117,98,19
112000130,209,64,145
112000131,51,311,-260
112000132,108,255,-147
112000133,257,199,58
112000134,317,318,-1
112000135,1097,653,444
112000136,999,1055,-56
112000137,1290,1150,140
112000138,1297,1140,157
112000139,756,485,271
112000140,1034,955,79
112000141,584,278,306
112000142,166,535,-369
112000143,827,216,611
112000144,300,1074,-774
112000145,1968,557,1411
112000146,502,1744,-1242
112000147,2398,1812,586
112000148,1666,2034,-368
112000149,345,530,-185
112000150,229,487,-258
112000151,374,304,70
112000152,281,415,-134
112000153,214,325,-111
112000154,96,160,-64
112000155,109,85,24
112000157,658,436,222
112000158,244,437,-193
112000159,382,333,49
112000167,249,56,193
112000169,306,305,1
112000173,467,169,298
112000175,285,375,-90
112000176,2491,1475,1016
112000177,381,155,226
112000178,76,272,-196
112000179,178,118,60
112000180,201,349,-148
112000181,1271,1753,-482
112000182,901,1360,-459
112000183,44,49,-5
112000184,379,338,41
112000185,406,550,-144
112000187,2701,1648,1053
112000195,120,13,107
112000196,148,0,148
112000197,79,83,-4
112000198,39,207,-168
112000199,1064,793,271
112000202,274,1,273
112000216,55,240,-185
112000230,85,0,85
112000231,1,172,-171
112000256,53,170,-117
112000313,64,109,-45
112000314,38,33,5
112000337,197,440,-243
112000352,289,275,14
112000392,1007,938,69
112000398,989,737,252
112000399,1521,1778,-257
112000400,1500,2826,-1326
112000401,2804,2073,731
112000402,2043,2423,-380
112000403,1393,2196,-803
112000404,570,641,-71
112000405,1533,2438,-905
112000406,3110,2486,624
112000407,5344,7042,-1698
112000408,7131,6909,222
112000409,1449,4467,-3018
112000410,340,253,87
112000411,3482,1332,2150
112000412,1531,580,951
112000413,7539,4273,3266
112000414,75,65,10
112000415,100,32,68
112000416,1946,1271,675
112000417,257,54,203
112000421,49,81,-32
112000422,344,298,46
112000424,2068,2182,-114
112000425,358,860,-502
112000426,115,352,-237
112000427,0,13,-13
112000428,191,303,-112
112000429,1710,2089,-379
112000430,2114,2441,-327
112000431,62,95,-33
112000432,575,1170,-595
112000433,317,522,-205
112000437,68,208,-140
112900001,49,0,49
112900002,375,869,-494
112900003,57,267,-210
112900004,22,225,-203
112900005,149,189,-40
112900007,28,186,-158
112900008,0,17,-17
112900009,267,55,212
112900010,331,770,-439
112900011,177,249,-72
112900012,1,62,-61
112900013,1,142,-141
112900014,3,205,-202
112900015,317,608,-291
112900016,2,239,-237
112900017,33,153,-120
112900018,224,691,-467
112900019,51,132,-81
112900020,332,866,-534
112900021,3,237,-234
112900022,6,56,-50
112900023,1,192,-191
112900024,33,193,-160
112900025,66,209,-143
112900026,12,208,-196
112900027,10,1084,-1074
112900028,22,120,-98
112900029,13,619,-606
112900030,119,133,-14
112900031,2,478,-476
112900032,150,246,-96
112900034,5,32,-27
112900035,7,416,-409
112900036,34,119,-85
112900037,144,188,-44
112900038,367,112,255
112900039,18,241,-223
112900040,2,231,-229
112900041,525,673,-148
112900042,44,281,-237
112900043,25,38,-13
112900044,457,369,88
112900045,284,335,-51
112900046,135,56,79
112900047,8,17,-9
112900049,147,70,77
112900050,28,380,-352
112900051,279,494,-215
112900052,9,718,-709
112900053,273,69,204
112900054,154,47,107
112900055,79,39,40
112900056,243,162,81
112900057,35,377,-342
112900058,230,314,-84
112900059,80,100,-20
112900060,11,129,-118
112900061,79,101,-22
112900062,67,116,-49
112900063,192,24,168
112900064,138,159,-21
112900065,30,17,13
112900066,182,109,73
112900067,325,151,174
112900068,39,28,11
112900069,1472,588,884
112900071,24,8,16
112900072,165,1378,-1213
112900073,295,64,231
112900074,67,198,-131
112900075,1062,647,415
112900076,69,31,38
112900078,269,367,-98
112900079,208,43,165
112900080,53,4,49
112900081,35,163,-128
112900082,352,13,339
112900083,63,76,-13
112900084,164,90,74
112900086,70,0,70
112900087,536,105,431
112900088,75,10,65
112900089,560,39,521
112900090,35,22,13
112900091,210,4,206
112900092,127,205,-78
112900093,1067,16,1051
112900095,54,0,54
112900096,416,133,283
112900097,61,218,-157
112900098,55,1,54
112900099,634,11,623
112900100,75,2,73
112900101,310,4,306
112900102,131,6,125
112900103,177,3,174
112900104,468,3,465
112900105,11,0,11
112900106,364,90,274
112900107,3,2,1
112900108,29,0,29
112900109,79,1,78
112900110,991,7,984
112900111,620,3,617
112900112,290,3,287
112900113,0,5,-5
112900114,122,48,74
112900115,1077,3,1074
112900116,137,3,134
112900117,131,90,41
112900118,32,81,-49
112900119,118,3,115
112900120,776,273,503
112900121,161,170,-9
112900122,8,100,-92
112900123,79,6,73
112900124,14,91,-77
112900125,38,289,-251
112900126,192,212,-20
112900127,271,82,189
112900128,267,700,-433
112900129,5,687,-682
112900130,283,71,212
112900131,55,244,-189
112900132,99,341,-242
112900133,23,810,-787
112900134,1,207,-206
112900135,82,35,47
112900137,31,563,-532
112900138,8,223,-215
112900139,185,929,-744
112900141,526,26,500
112900142,53,125,-72
112900143,27,478,-451
112900144,2,704,-702
112900145,49,423,-374
112900146,7,963,-956
112900147,3,1628,-1625
112900148,43,5,38
112900149,208,471,-263
112900151,19,60,-41
112900152,3305,870,2435
112900153,1877,1717,160
112900154,0,101,-101
112900155,135,18,117
112900156,351,1067,-716
112900157,120,62,58
112900158,45,11,34
112900159,150,79,71
112900160,70,217,-147
112900161,154,45,109
112900162,31,27,4
112900163,106,43,63
112900164,31,132,-101
112900165,193,35,158
112900166,7,37,-30
112900167,11,109,-98
112900168,4,5,-1
112900169,9,9,0
112900170,100,68,32
112900172,55,18,37
112900173,143,71,72
112900174,201,39,162
112900175,139,92,47
112900176,14,63,-49
112900177,256,50,206
112900178,652,2076,-1424
112900179,37,317,-280
112900180,1304,1256,48
112900181,403,17,386
112900182,52,910,-858
112900183,97,204,-107
112900184,331,316,15
112900185,152,403,-251
112900186,1035,628,407
112900187,63,473,-410
112900188,662,297,365
112900189,4,13,-9
112900190,13,30,-17
112900192,413,471,-58
112900193,795,261,534
112900194,55,66,-11
112900195,696,36,660
112900196,174,280,-106
112900197,193,284,-91
112900199,345,328,17
112900200,370,182,188
112900201,113,80,33
112900202,351,822,-471
112900203,233,197,36
112900204,992,565,427
112900205,13,29,-16
112900206,28,64,-36
112900207,14,0,14
112900208,98,308,-210
112900209,610,329,281
112900210,0,75,-75
112900211,106,70,36
112900212,1,143,-142
112900213,113,15,98
112900214,22,39,-17
112900215,16,175,-159
112900216,36,45,-9
112900217,0,86,-86
112900218,79,5,74
112900219,68,14,54
112900220,3,0,3
112900221,4,126,-122
112900222,0,13,-13
112900223,626,11,615
112900224,131,328,-197
112900225,252,345,-93
112900226,112,215,-103
112900227,263,581,-318
112900228,53,24,29
112900229,160,28,132
112900230,4919,2914,2005
112900232,158,204,-46
112900233,66,138,-72
112900234,11,54,-43
112900235,132,50,82
112900236,193,16,177
112900237,255,346,-91
112900238,0,40,-40
112900239,760,307,453
112900240,4,64,-60
112900241,9,94,-85
112900242,4,109,-105
112900243,7,135,-128
112900244,6,60,-54
112900245,0,23,-23
112900246,1,11,-10
112900247,139,30,109
112900248,20,2,18
112900249,42,4,38
112900250,83,32,51
112900251,41,8,33
112900252,42,25,17
112900253,23,15,8
112900254,10,2,8
112900255,2,31,-29
112900256,5,40,-35
112900257,8,31,-23
112900258,14,35,-21
113000001,4581,3561,1020
113000002,2856,2730,126
113000003,1607,1336,271
113000004,1557,2020,-463
113000005,1475,787,688
113000006,802,1067,-265
113000007,1667,1010,657
113000008,1425,1324,101
113000009,643,680,-37
113000010,925,1098,-173
113000011,525,1345,-820
113000012,1337,637,700
113000013,1126,655,471
113000014,1366,1196,170
113000015,372,153,219
113000016,201,485,-284
113000017,41,350,-309
113000018,321,26,295
113000019,211,295,-84
113000020,521,91,430
113000021,1240,529,711
113000022,557,925,-368
113000025,134,281,-147
113000026,298,364,-66
113000027,578,388,190
113000028,823,307,516
113000029,495,556,-61
113000030,369,524,-155
113000031,263,285,-22
113000032,198,214,-16
113000033,226,287,-61
113000034,273,253,20
113000035,22,20,2
113000036,15,44,-29
113000037,46,24,22
113000038,9,52,-43
113000039,36,284,-248
113000040,78,72,6
113000042,672,448,224
113000051,775,1999,-1224
113000052,1665,721,944
113000053,307,327,-20
113000054,274,636,-362
113000055,900,520,380
113000056,666,753,-87
113000058,647,781,-134
113000059,848,588,260
113000060,185,436,-251
113000061,388,648,-260
113000062,811,189,622
113000063,152,109,43
113000064,46,245,-199
113000065,122,697,-575
113000066,493,109,384
113000067,1447,1166,281
113000068,332,1114,-782
113000069,517,993,-476
113000070,2072,840,1232
113000071,337,424,-87
113000072,670,384,286
113000073,269,1094,-825
113000074,752,347,405
113000075,1668,660,1008
113000076,594,1450,-856
113000077,932,552,380
113000078,528,1536,-1008
113000079,485,582,-97
113000080,568,537,31
113000081,493,612,-119
113000082,875,551,324
113000083,424,701,-277
113000084,1184,978,206
113000085,620,556,64
113000086,1055,991,64
113000087,786,765,21
113000088,1931,969,962
113000089,753,1322,-569
113000090,190,394,-204
113000091,484,341,143
113000094,861,218,643
113000095,171,650,-479
113000096,121,651,-530
113000097,943,339,604
113000098,100,33,67
113000099,768,287,481
113000100,132,323,-191
113000101,364,400,-36
113000102,469,391,78
113000103,1788,456,1332
113000104,317,1521,-1204
113000105,524,303,221
113000106,280,466,-186
113000107,648,705,-57
113000108,644,1059,-415
113000109,423,1325,-902
113000110,1034,296,738
113000111,168,404,-236
113000112,292,310,-18
113000113,1038,315,723
113000114,304,989,-685
113000116,501,270,231
113000117,601,125,476
113000118,92,346,-254
113000119,320,270,50
113000120,63,214,-151
113000121,414,585,-171
113000124,224,124,100
113000125,39,591,-552
113000127,2124,300,1824
113000128,353,378,-25
113000129,325,624,-299
113000133,1842,1153,689
113000134,8,885,-877
113000135,3002,3363,-361
113000137,1382,2582,-1200
113000139,214,132,82
113000140,119,167,-48
113000141,162,132,30
113000142,486,788,-302
113000143,185,163,22
113000144,299,429,-130
113000145,49,113,-64
113000146,146,65,81
113000147,121,92,29
113000148,112,86,26
113000149,89,84,5
113000150,362,299,63
113000151,53,44,9
113000152,21,72,-51
113000153,1149,401,748
113000154,614,1290,-676
113000155,281,464,-183
113000156,112,292,-180
113000157,279,747,-468
113000158,554,219,335
113000159,666,719,-53
113000160,644,854,-210
113000161,273,416,-143
113000162,613,317,296
113000163,102,69,33
113000164,18,69,-51
113000166,100,113,-13
113000167,38,111,-73
113000168,87,128,-41
113000169,133,84,49
113000170,67,92,-25
113000171,67,72,-5
113000172,208,64,144
113000173,56,12,44
113000174,90,403,-313
113000175,330,126,204
113000176,392,150,242
113000177,195,380,-185
113000178,167,295,-128
113000179,236,213,23
113000180,529,923,-394
113000181,1125,829,296
113000182,101,323,-222
113000183,122,444,-322
113000184,37,97,-60
113000189,375,535,-160
113000190,684,434,250
113000192,1494,1519,-25
113000193,3295,1151,2144
113000194,1539,954,585
113000195,2065,657,1408
113000196,176,81,95
113000197,1247,854,393
113000198,79,248,-169
113000199,902,239,663
113000201,223,188,35
113000202,2485,849,1636
113000203,283,65,218
113000204,1420,1480,-60
113000205,25,22,3
113000206,6,22,-16
113000207,43,18,25
113000208,40,45,-5
113000209,14,24,-10
113000210,11,18,-7
113000211,239,195,44
113000212,145,24,121
113000213,30,109,-79
113000214,178,213,-35
113000234,161,744,-583
113000410,139,223,-84
113000411,1957,3168,-1211
113000412,5541,2030,3511
113000413,2272,2332,-60
113000414,5207,9534,-4327
113000415,1704,2176,-472
113000416,7113,3526,3587
113000417,1628,2259,-631
113000418,3122,2660,462
113000419,1122,1276,-154
113000420,3488,4285,-797
113000421,2989,4707,-1718
113000422,9419,7790,1629
113000423,1606,3548,-1942
113000424,2568,6417,-3849
113000425,4,55,-51
113000428,41,19,22
113000430,17,62,-45
113000432,1928,132,1796
113000433,95,575,-480
113000434,36,140,-104
113000435,31,412,-381
113000436,25,1020,-995
113000437,725,27,698
113000438,259,18,241
113000439,27,96,-69
113000440,114,38,76
113000441,218,181,37
113000442,117,146,-29
113000443,225,134,91
113000444,149,179,-30
113000445,138,87,51
113000446,34,90,-56
113000448,151,136,15
113000449,136,688,-552
113000450,377,1733,-1356
113000451,910,168,742
113000452,286,365,-79
113000453,83,207,-124
113000454,797,85,712
113000455,58,185,-127
113000456,3052,2175,877
113000468,1165,140,1025
113000469,66,36,30
113000470,337,21,316
113000471,9,365,-356
113000472,82,229,-147
113000474,488,522,-34
113000475,1212,1476,-264
113000476,1048,1757,-709
113000477,2438,1927,511
113000478,3394,4759,-1365
113000479,38,147,-109
113000485,0,0,0
113000486,1,0,1
113000487,0,0,0
113000488,0,2,-2
113000489,0,2,-2
113000490,0,4,-4
113000491,5,0,5
113000492,2,0,2
113000493,0,0,0
113000495,174,192,-18
113000496,105,115,-10
113900001,0,83,-83
113900002,0,51,-51
113900003,0,62,-62
113900004,1,28,-27
113900005,4,49,-45
113900006,0,30,-30
113900007,20,0,20
113900008,23,0,23
113900009,193,5,188
113900010,82,1,81
113900011,46,2,44
113900012,23,1,22
113900013,224,6,218
113900014,385,1,384
113900015,2,36,-34
113900016,8,3,5
113900017,3,39,-36
113900018,309,144,165
113900019,138,38,100
113900020,85,1,84
113900022,8,0,8
113900023,11,0,11
113900024,36,34,2
113900025,177,11,166
113900026,20,1,19
113900027,1,56,-55
113900028,37,422,-385
113900029,46,220,-174
113900030,174,0,174
113900031,11,4,7
113900032,8,0,8
113900033,62,56,6
113900035,25,1,24
113900036,20,98,-78
113900037,144,430,-286
113900038,66,104,-38
113900039,127,19,108
113900040,2,12,-10
113900041,7,5,2
113900042,56,44,12
113900043,95,92,3
113900044,335,262,73
113900045,48,5,43
113900046,239,409,-170
113900047,32,63,-31
113900048,186,82,104
113900049,516,230,286
113900050,182,266,-84
113900051,228,294,-66
113900052,115,155,-40
113900053,515,442,73
113900054,8,7,1
113900055,87,314,-227
113900056,23,98,-75
113900057,9,56,-47
113900058,30,126,-96
113900059,128,247,-119
113900060,69,108,-39
113900061,666,216,450
113900062,61,3,58
113900063,40,90,-50
113900064,10,93,-83
113900065,306,7,299
113900066,250,250,0
113900067,79,175,-96
113900068,408,313,95
113900069,16,13,3
113900070,158,370,-212
113900071,33,39,-6
113900072,51,121,-70
113900073,238,317,-79
113900074,52,226,-174
113900075,949,845,104
113900076,72,4,68
113900077,32,140,-108
113900078,20,33,-13
113900079,0,26,-26
113900080,299,192,107
113900081,39,139,-100
113900082,108,149,-41
113900083,184,371,-187
113900084,161,75,86
113900085,34,226,-192
113900086,15,21,-6
113900087,35,158,-123
113900088,41,94,-53
113900089,302,32,270
113900090,366,383,-17
113900091,22,15,7
113900092,27,60,-33
113900093,73,563,-490
113900094,257,287,-30
113900095,75,80,-5
113900096,170,33,137
113900097,54,56,-2
113900098,383,60,323
113900099,0,20,-20
113900100,0,5,-5
113900101,34,62,-28
113900102,104,128,-24
113900103,262,232,30
113900104,91,163,-72
113900105,54,193,-139
113900106,0,39,-39
113900107,2,23,-21
113900108,233,139,94
113900109,306,154,152
113900110,28,9,19
113900111,156,112,44
113900112,73,38,35
113900113,620,359,261
113900114,0,58,-58
113900115,3,66,-63
113900116,92,106,-14
113900117,62,20,42
113900118,181,230,-49
113900119,158,356,-198
113900120,32,25,7
113900121,41,67,-26
113900122,268,1445,-1177
113900123,345,171,174
113900124,0,80,-80
113900125,666,107,559
113900126,136,28,108
113900127,237,569,-332
113900128,131,49,82
113900129,12,111,-99
113900130,1,19,-18
113900131,162,60,102
113900132,46,58,-12
113900133,40,96,-56
113900135,259,319,-60
113900136,97,56,41
113900137,244,176,68
113900138,22,105,-83
113900139,206,130,76
113900140,194,225,-31
113900141,446,256,190
113900142,84,55,29
113900143,11,30,-19
113900144,177,166,11
113900145,305,128,177
113900146,136,41,95
113900148,120,169,-49
113900149,103,60,43
113900150,486,290,196
113900151,318,107,211
113900152,23,69,-46
113900153,206,324,-118
113900154,3,75,-72
113900155,157,125,32
113900156,230,312,-82
113900157,20,220,-200
113900158,253,270,-17
113900159,11,185,-174
113900160,457,447,10
113900161,49,202,-153
113900162,375,498,-123
113900163,184,224,-40
113900164,174,33,141
113900165,475,354,121
113900166,137,94,43
113900167,218,29,189
113900168,88,101,-13
113900169,222,293,-71
113900171,155,57,98
113900172,6,139,-133
113900173,43,431,-388
113900174,374,491,-117
113900175,259,87,172
113900176,233,447,-214
113900177,304,158,146
113900178,222,95,127
113900179,18,333,-315
113900180,141,80,61
113900181,329,106,223
113900182,590,762,-172
113900183,47,58,-11
113900184,8,316,-308
113900185,184,94,90
113900186,28,19,9
113900187,32,108,-76
113900188,11,90,-79
113900189,183,87,96
113900190,251,112,139
113900191,62,150,-88
113900192,1165,1023,142
113900193,16,167,-151
113900194,1043,923,120
113900195,222,253,-31
113900196,2,79,-77
113900197,1,164,-163
113900198,15,156,-141
113900199,103,467,-364
113900200,13,172,-159
113900201,0,146,-146
113900202,15,129,-114
113900203,11,96,-85
113900204,42,356,-314
113900205,4,89,-85
113900206,8,75,-67
113900207,0,26,-26
113900208,1,26,-25
113900209,0,54,-54
113900210,443,622,-179
113900211,172,53,119
113900212,121,326,-205
113900214,284,270,14
113900215,14,59,-45
113900216,68,726,-658
113900217,57,191,-134
113900218,182,93,89
113900219,93,315,-222
113900220,130,82,48
113900221,376,146,230
113900222,1191,650,541
113900223,101,819,-718
113900224,90,74,16
113900225,354,151,203
113900226,278,76,202
113900227,303,154,149
113900228,266,291,-25
113900229,63,522,-459
113900230,3245,2639,606
113900231,121,159,-38
113900232,52,76,-24
113900233,63,52,11
113900234,241,319,-78
113900235,61,10,51
113900236,138,318,-180
113900237,105,4,101
113900238,180,390,-210
113900239,28,76,-48
113900240,4,176,-172
113900241,93,35,58
113900242,53,79,-26
113900243,78,318,-240
113900244,236,140,96
113900245,1045,234,811
113900246,13,22,-9
113900247,146,370,-224
113900248,1905,1196,709
113900249,780,353,427
113900250,24,111,-87
113900251,551,114,437
113900252,428,6,422
113900253,470,43,427
113900254,762,110,652
113900255,319,12,307
113900256,296,25,271
113900257,38,332,-294
113900258,10,306,-296
113900259,400,137,263
113900260,121,13,108
113900261,29,67,-38
113900262,122,458,-336
113900263,134,520,-386
113900264,3,326,-323
113900265,137,222,-85
113900266,41,107,-66
113900267,84,450,-366
113900268,180,350,-170
113900269,54,87,-33
113900270,373,625,-252
113900271,484,786,-302
113900273,33,8,25
113900274,58,31,27
113900275,25,72,-47
113900276,1,98,-97
113900277,118,5,113
113900278,254,136,118
113900279,60,79,-19
113900280,1146,469,677
113900281,468,885,-417
113900282,467,396,71
113900283,330,436,-106
113900284,550,161,389
113900285,134,40,94
113900286,20,79,-59
113900287,35,21,14
113900288,2,120,-118
113900289,752,81,671
113900290,325,152,173
113900291,69,152,-83
113900292,4,2,2
113900293,19,168,-149
113900294,351,15,336
113900295,311,235,76
113900296,771,176,595
113900297,1991,33,1958
113900298,9,1473,-1464
113900299,93,144,-51
113900300,2310,1235,1075
113900301,441,183,258
113900302,2229,854,1375
113900303,345,306,39
113900304,1,117,-116
113900305,58,0,58
113900306,23,0,23
113900307,17,0,17
113900308,53,81,-28
113900309,0,476,-476
113900310,0,13,-13
113900311,2,0,2
113900312,144,229,-85
113900313,15,12,3
113900314,1,13,-12
113900315,28,1,27
114000001,803,2442,-1639
114000002,229,248,-19
114000003,136,696,-560
114000004,230,258,-28
114000005,164,182,-18
114000006,2216,1351,865
114000007,515,793,-278
114000008,992,1299,-307
114000009,499,158,341
114000011,2133,2195,-62
114000012,1778,1515,263
114000013,1180,1332,-152
114000014,508,376,132
114000015,1381,351,1030
114000016,229,329,-100
114000017,69,182,-113
114000018,135,33,102
114000026,1166,1019,147
114000027,2170,1695,475
114000028,1894,2237,-343
114000038,192,123,69
114000039,230,190,40
114000040,52,148,-96
114000042,151,111,40
114000043,276,190,86
114000044,220,193,27
114000045,45,49,-4
114000046,3536,3320,216
114000047,22,43,-21
114000048,111,145,-34
114000049,1174,1156,18
114000050,1027,1494,-467
114000051,2220,1397,823
114000052,4093,1374,2719
114000053,65,403,-338
114000054,314,554,-240
114000055,338,30,308
114000056,1066,683,383
114000057,4386,1908,2478
114000058,405,1122,-717
114000059,200,259,-59
114000060,466,621,-155
114000061,2384,2074,310
114000062,1883,1042,841
114000063,2909,1379,1530
114000064,5339,2876,2463
114000065,1550,1905,-355
114000066,383,527,-144
114000067,19,448,-429
114000068,391,435,-44
114000069,669,320,349
114000070,1885,1559,326
114000071,553,340,213
114000072,242,179,63
114000073,17,60,-43
114000074,45,8,37
114000075,52,79,-27
114000076,21,82,-61
114000077,7,33,-26
114000078,224,485,-261
114000079,67,36,31
114000080,52,71,-19
114000081,96,87,9
114000082,46,340,-294
114000083,82,183,-101
114000084,250,50,200
114000085,78,390,-312
114000086,134,335,-201
114000087,56,117,-61
114000088,45,42,3
114000089,646,325,321
114000090,648,628,20
114000091,1172,577,595
114000092,677,337,340
114000093,921,647,274
114000094,342,325,17
114000095,174,107,67
114000096,134,208,-74
114000097,97,363,-266
114000098,454,80,374
114000099,480,527,-47
114000100,944,569,375
114000101,377,656,-279
114000102,344,300,44
114000103,144,326,-182
114000104,16,200,-184
114000105,72,72,0
114000106,517,659,-142
114000107,243,121,122
114000108,1973,1112,861
114000109,461,1174,-713
114000110,445,1416,-971
114000111,1175,616,559
114000112,578,2287,-1709
114000113,1226,444,782
114000114,1293,1536,-243
114000115,1761,930,831
114000116,597,1163,-566
114000117,1877,402,1475
114000118,1658,381,1277
114000119,1125,363,762
114000120,459,706,-247
114000121,384,668,-284
114000122,427,230,197
114000123,1379,314,1065
114000124,677,209,468
114000125,702,1034,-332
114000126,1298,204,1094
114000127,224,152,72
114000128,744,372,372
114000130,399,368,31
114000131,243,86,157
114000132,409,430,-21
114000133,887,994,-107
114000134,77,101,-24
114000138,37,158,-121
114000139,320,245,75
114000144,619,401,218
114000145,65,121,-56
114000146,79,188,-109
114000147,1023,1536,-513
114000148,1872,1665,207
114000149,245,190,55
114000150,1771,1137,634
114000151,1177,1437,-260
114000152,164,26,138
114000153,1002,2019,-1017
114000154,728,739,-11
114000155,1197,1780,-583
114000156,728,495,233
114000157,285,823,-538
114000158,1286,677,609
114000159,215,359,-144
114000160,108,325,-217
114000161,1202,2414,-1212
114000162,783,1765,-982
114000163,10,65,-55
114000165,477,265,212
114000166,667,256,411
114000167,2584,1275,1309
114000168,642,696,-54
114000169,1115,863,252
114000170,920,932,-12
114000171,998,2186,-1188
114000174,180,366,-186
114000176,652,414,238
114000177,1937,1009,928
114000178,43,41,2
114000179,1109,704,405
114000180,423,733,-310
114000181,1481,2636,-1155
114000182,2471,2100,371
114000183,789,934,-145
114000184,3440,1103,2337
114000185,816,680,136
114000189,556,92,464
114000190,1861,229,1632
114000191,31,49,-18
114000192,266,1304,-1038
114000193,777,2554,-1777
114000194,1080,825,255
114000195,112,12,100
114000196,2,263,-261
114000197,811,65,746
114000198,676,293,383
114000199,1727,1376,351
114000200,576,1324,-748
114000201,113,666,-553
114000202,861,467,394
114000203,530,668,-138
114000204,117,336,-219
114000205,146,1273,-1127
114000206,387,1087,-700
114000207,637,1591,-954
114000208,358,1999,-1641
114000209,464,1938,-1474
114000210,249,1272,-1023
114000211,732,1260,-528
114000212,428,633,-205
114000213,1086,479,607
114000214,82,136,-54
114000215,148,51,97
114000216,1034,278,756
114000217,220,218,2
114000218,115,247,-132
114000219,920,186,734
114000220,25,778,-753
114000221,504,125,379
114000222,139,784,-645
114000223,352,94,258
114000224,58,489,-431
114000225,156,536,-380
114000226,91,199,-108
114000227,636,435,201
114000228,646,724,-78
114000229,776,1025,-249
114000230,1303,1203,100
114000231,743,1103,-360
114000232,465,108,357
114000233,1538,128,1410
114000234,890,783,107
114000235,703,1251,-548
114000236,0,393,-393
114000237,89,747,-658
114000238,151,153,-2
114000239,134,966,-832
114000240,621,583,38
114000241,290,990,-700
114000242,903,771,132
114000243,1022,818,204
114000244,454,331,123
114000245,349,552,-203
114000246,153,77,76
114000247,496,600,-104
114000248,888,465,423
114000249,420,401,19
114000250,340,639,-299
114000251,341,243,98
114000252,51,57,-6
114000253,39,95,-56
114000254,35,42,-7
114000255,356,128,228
114000256,1412,1643,-231
114000257,515,1189,-674
114000258,221,283,-62
114000259,89,195,-106
114000260,0,20,-20
114000261,49,23,26
114000262,88,86,2
114000263,6,1,5
114000264,698,307,391
114000265,0,0,0
114000267,1,1602,-1601
114000268,3,1415,-1412
114000270,104,0,104
114000271,398,47,351
114000283,1051,313,738
114000285,21,201,-180
114000288,64,280,-216
114000289,855,146,709
114000293,155,324,-169
114000294,166,249,-83
114000395,1409,56,1353
114000396,404,352,52
114000402,377,249,128
114000403,206,310,-104
114000405,88,344,-256
114000423,278,358,-80
114000424,346,126,220
114000425,586,302,284
114000426,233,636,-403
114000427,64,70,-6
114000428,213,147,66
114000429,9,185,-176
114000432,63,90,-27
114000434,32,65,-33
114000435,1,112,-111
114900001,465,792,-327
114900002,419,78,341
114900003,444,1231,-787
114900004,210,335,-125
114900005,485,719,-234
114900006,86,65,21
114900007,170,15,155
114900008,98,72,26
114900010,1517,1548,-31
114900011,118,91,27
114900013,189,135,54
114900018,628,29,599
114900020,153,45,108
114900022,57,463,-406
114900025,299,158,141
114900026,87,91,-4
114900029,87,30,57
114900030,230,137,93
114900031,300,68,232
114900032,210,22,188
114900034,41,131,-90
114900035,119,200,-81
114900036,171,511,-340
114900039,326,436,-110
114900040,76,87,-11
114900041,491,470,21
114900042,545,657,-112
114900044,118,26,92
114900047,206,1275,-1069
114900048,106,276,-170
114900049,34,155,-121
114900050,35,359,-324
114900051,11,209,-198
114900052,50,174,-124
114900053,64,320,-256
114900054,26,91,-65
114900057,176,5,171
114900058,1,66,-65
114900059,55,52,3
114900063,39,204,-165
114900064,960,450,510
114900065,317,484,-167
114900067,37,368,-331
114900068,69,176,-107
114900069,174,89,85
114900070,451,318,133
114900072,1,201,-200
114900073,0,144,-144
114900074,488,520,-32
114900075,244,1,243
114900076,3,263,-260
114900080,1491,378,1113
114900082,2736,1627,1109
114900083,1060,1006,54
114900090,188,176,12
114900091,108,188,-80
114900097,151,1,150
114900098,4,212,-208
114900099,160,5,155
115000001,5604,3459,2145
115000002,2449,3224,-775
115000003,4467,2922,1545
115000004,2656,4848,-2192
115000005,1348,1905,-557
115000006,660,1299,-639
115000007,76,161,-85
115000008,349,479,-130
115000009,147,203,-56
115000010,215,137,78
115000013,69,173,-104
115000015,78,274,-196
115000016,24,140,-116
115000019,50,400,-350
115000020,101,547,-446
115000021,325,480,-155
115000022,448,332,116
115000023,321,440,-119
115000024,932,483,449
115000025,685,678,7
115000026,115,441,-326
115000027,168,227,-59
115000028,234,811,-577
115000029,437,116,321
115000030,661,1130,-469
115000031,1197,254,943
115000032,14,262,-248
115000033,183,35,148
115000034,73,1006,-933
115000035,961,54,907
115000036,2,303,-301
115000037,516,9,507
115000038,41,180,-139
115000039,2800,2632,168
115000040,5204,2617,2587
115000041,1126,2482,-1356
115000042,792,573,219
115000043,3169,1918,1251
115000044,3630,3453,177
115000045,2083,1796,287
115000046,1715,2131,-416
115000047,1576,1386,190
115000048,1266,2208,-942
115000049,1386,3037,-1651
115000050,2577,1646,931
115000051,1312,2026,-714
115000052,2235,1656,579
115000053,1319,1304,15
115000054,608,1222,-614
115000055,178,629,-451
115000056,294,522,-228
115000057,806,1174,-368
115000058,729,308,421
115000059,201,140,61
115000061,246,135,111
115000062,212,219,-7
115000063,209,302,-93
115000064,155,86,69
115000065,42,368,-326
115000067,164,16,148
115000069,93,293,-200
115000070,25,643,-618
115000071,118,30,88
115000072,7,90,-83
115000073,943,40,903
115000075,87,55,32
115000076,2787,2284,503
115000077,1481,1984,-503
115000078,951,1258,-307
115000079,1142,1445,-303
115000080,1817,2014,-197
115000081,423,933,-510
115000082,3205,2918,287
115000083,1745,2029,-284
115000084,1478,970,508
115000085,460,833,-373
115000086,706,594,112
115000087,374,1274,-900
115000088,1406,560,846
115000089,1131,1089,42
115000090,419,599,-180
115000091,201,858,-657
115000092,447,326,121
115000093,363,3,360
115000094,5698,4398,1300
115000095,3756,4498,-742
115000096,611,1241,-630
115000097,620,724,-104
115000098,782,731,51
115000099,1953,2378,-425
115000100,777,380,397
115000101,343,1501,-1158
115000102,314,196,118
115000103,293,607,-314
115000105,88,148,-60
115000106,458,242,216
115000107,133,413,-280
115000108,2720,2271,449
115000109,3309,3132,177
115000110,1021,1054,-33
115000111,567,1526,-959
115000112,589,538,51
115000113,578,730,-152
115000114,1395,662,733
115000116,3351,1817,1534
115000117,3159,2661,498
115000118,1660,1354,306
115000119,1782,1883,-101
115000120,451,1028,-577
115000121,1594,650,944
115000122,2899,1257,1642
115000123,1117,1709,-592
115000124,1043,771,272
115000125,346,551,-205
115000126,104,257,-153
115000127,346,108,238
115000128,472,596,-124
115000129,244,276,-32
115000130,320,725,-405
115000131,697,233,464
115000132,251,332,-81
115000133,502,226,276
115000134,211,206,5
115000135,241,150,91
115000136,222,252,-30
115000137,115,170,-55
115000138,243,252,-9
115000139,218,195,23
115000140,326,247,79
115000141,148,240,-92
115000142,178,230,-52
115000143,579,543,36
115000144,517,69,448
115000145,223,331,-108
115000146,353,318,35
115000147,396,416,-20
115000148,203,868,-665
115000149,431,172,259
115000150,604,663,-59
115000151,748,514,234
115000152,621,842,-221
115000153,680,434,246
115000154,616,264,352
115000155,673,768,-95
115000156,832,568,264
115000157,836,714,122
115000158,595,344,251
115000159,558,475,83
115000160,345,289,56
115000161,132,384,-252
115000162,716,558,158
115000163,504,617,-113
115000164,647,601,46
115000165,282,384,-102
115000167,138,102,36
115000168,466,296,170
115000169,445,255,190
115000170,215,136,79
115000171,329,206,123
115000172,899,485,414
115000173,264,383,-119
115000174,102,278,-176
115000175,216,90,126
115000176,119,91,28
115000177,74,53,21
115000178,37,164,-127
115000179,56,18,38
115000180,146,448,-302
115000181,515,112,403
115000182,560,262,298
115000183,290,716,-426
115000186,488,222,266
115000187,159,647,-488
115000188,436,384,52
115000189,173,374,-201
115000190,564,313,251
115000191,102,381,-279
115000194,77,133,-56
115000195,199,250,-51
115000196,110,74,36
115000197,203,212,-9
115000198,236,204,32
115000199,235,156,79
115000200,260,107,153
115000201,129,274,-145
115000206,271,33,238
115000207,81,244,-163
115000208,370,559,-189
115000209,449,212,237
115000210,108,104,4
115000211,218,193,25
115000212,1429,232,1197
115000224,367,52,315
115000225,31,88,-57
115000229,140,125,15
115000230,84,358,-274
115000231,213,1490,-1277
115000232,1233,223,1010
115000233,77,157,-80
115000234,37,270,-233
115000241,54,172,-118
115000242,67,223,-156
115000243,30,188,-158
115000244,5,102,-97
115000246,38,24,14
115000247,28,14,14
115000248,21,9,12
115000249,24,16,8
115000250,254,49,205
115000251,169,107,62
115000252,65,168,-103
115000253,22,314,-292
115000258,276,187,89
115000259,289,120,169
115000261,18,36,-18
115000262,8,55,-47
115000263,10,57,-47
115000264,36,38,-2
115000267,72,59,13
115000268,29,160,-131
115000269,109,61,48
115000270,4,11,-7
115000272,79,121,-42
115000273,267,36,231
115000280,1702,124,1578
115000281,517,509,8
115000282,497,440,57
115000284,365,145,220
115000296,1147,17,1130
115000297,164,108,56
115000298,84,288,-204
115000300,157,157,0
115000302,489,151,338
115000303,573,91,482
115000304,465,81,384
115000305,77,530,-453
115000306,162,281,-119
115000307,66,212,-146
115000308,33,11,22
115000310,766,810,-44
115000311,619,917,-298
115000313,152,454,-302
115000314,310,121,189
115000315,936,418,518
115000316,61,105,-44
115000317,119,406,-287
115000318,573,236,337
115000319,23,317,-294
115000320,6,227,-221
115000321,297,40,257
115000322,64,166,-102
115000449,231,141,90
115000557,35,896,-861
115000558,522,102,420
115000587,342,236,106
115000588,2174,2350,-176
115000589,2706,2143,563
115000590,986,926,60
115000591,1420,630,790
115000592,572,1355,-783
115000593,987,438,549
115000594,918,1931,-1013
115000609,163,180,-17
115000617,1354,2590,-1236
115000624,239,70,169
115000633,371,1712,-1341
115000634,2005,648,1357
115000635,458,153,305
115000638,642,590,52
115000641,53,90,-37
115000642,267,239,28
115000643,154,405,-251
115000644,131,331,-200
115000646,728,1255,-527
115000647,154,388,-234
115000648,1357,1810,-453
115000893,2838,1289,1549
115000894,139,937,-798
115000895,505,894,-389
115000896,1203,392,811
115000897,391,104,287
115000898,542,129,413
115000899,439,899,-460
115000900,100,364,-264
115000901,78,83,-5
115000912,351,80,271
115000913,3,14,-11
115000915,28,1,27
115000916,2,0,2
115000917,0,10,-10
115000918,49,207,-158
115000919,12,16,-4
115000920,71,32,39
115000921,552,76,476
115000922,1141,652,489
115000923,523,974,-451
115000925,92,62,30
115000927,30,53,-23
115000933,300,198,102
115000934,146,187,-41
115000935,85,96,-11
115000936,17,389,-372
115000937,746,116,630
115000938,207,208,-1
115000939,320,187,133
115000940,18,9,9
115000941,6,12,-6
115000942,33,99,-66
115000943,47,15,32
115000944,1,3,-2
115900001,74,31,43
115900002,62,80,-18
115900003,132,99,33
115900004,3,51,-48
115900005,122,4,118
115900006,64,180,-116
115900008,36,9,27
115900009,51,129,-78
115900010,213,147,66
115900011,293,207,86
115900012,121,56,65
115900013,301,129,172
115900014,77,115,-38
115900015,104,72,32
115900016,60,22,38
115900017,6,1,5
115900018,106,48,58
115900019,58,7,51
115900020,40,2,38
115900021,1048,133,915
115900022,995,5,990
115900023,22,3,19
115900025,24,119,-95
115900026,598,172,426
115900027,1,216,-215
115900028,561,33,528
115900029,13,343,-330
115900030,23,9,14
115900031,357,224,133
115900032,335,601,-266
115900033,0,28,-28
115900034,19,285,-266
115900035,37,13,24
115900036,69,503,-434
115900037,28,274,-246
115900038,25,14,11
115900039,133,133,0
115900041,440,422,18
115900042,23,5,18
115900043,66,54,12
115900044,157,195,-38
115900046,173,177,-4
115900047,142,110,32
115900049,112,174,-62
115900051,2,43,-41
115900052,22,167,-145
115900053,177,135,42
115900054,154,56,98
115900055,8,108,-100
115900056,160,193,-33
115900057,36,2,34
115900058,35,50,-15
115900060,62,61,1
115900061,200,0,200
115900062,38,305,-267
115900063,57,5,52
115900064,135,281,-146
115900065,149,79,70
115900066,170,91,79
115900067,10,529,-519
115900068,2672,663,2009
115900069,50,183,-133
115900070,168,136,32
115900071,2,408,-406
115900072,44,106,-62
115900073,45,42,3
115900074,2,335,-333
115900075,28,179,-151
115900076,3,49,-46
115900077,7,233,-226
115900078,51,73,-22
115900079,171,14,157
115900080,305,172,133
115900081,12,57,-45
115900082,98,152,-54
115900084,305,25,280
115900085,30,60,-30
115900086,1227,468,759
115900088,8,73,-65
115900089,229,642,-413
115900090,275,13,262
115900091,2,25,-23
115900092,18,163,-145
115900093,3,37,-34
115900094,5,220,-215
115900096,3,23,-20
115900097,10,264,-254
115900098,163,266,-103
115900099,125,59,66
115900100,7,377,-370
115900101,112,227,-115
115900102,43,51,-8
115900103,195,142,53
115900104,36,85,-49
115900105,165,404,-239
115900106,45,21,24
115900107,76,81,-5
115900108,91,48,43
115900109,52,275,-223
115900110,1,8,-7
115900111,2,76,-74
115900112,27,550,-523
115900113,36,16,20
115900114,1,104,-103
115900115,48,141,-93
115900116,62,681,-619
115900117,37,10,27
115900118,0,276,-276
115900119,66,98,-32
115900120,26,251,-225
115900121,110,153,-43
115900124,193,443,-250
115900125,206,33,173
115900126,416,73,343
115900127,469,63,406
115900128,11,85,-74
115900129,569,46,523
115900130,28,188,-160
115900131,194,19,175
115900132,509,7,502
115900134,251,18,233
115900135,456,736,-280
115900137,34,8,26
115900139,30,35,-5
115900140,165,15,150
115900141,7,33,-26
115900142,21,22,-1
115900143,148,207,-59
115900144,75,169,-94
115900146,6,62,-56
115900147,199,169,30
115900148,67,6,61
115900149,59,19,40
115900150,47,29,18
115900151,11,61,-50
115900152,59,217,-158
115900153,79,171,-92
115900154,331,275,56
115900155,0,30,-30
115900156,428,648,-220
115900157,116,288,-172
115900158,12,9,3
115900159,80,201,-121
115900160,9,8,1
115900161,44,124,-80
115900163,135,104,31
115900164,332,4,328
115900166,156,111,45
115900168,69,112,-43
115900171,71,303,-232
115900172,55,122,-67
115900173,193,130,63
115900174,182,208,-26
115900175,103,157,-54
115900178,15,460,-445
115900179,184,13,171
115900180,28,101,-73
115900181,99,144,-45
115900182,349,170,179
115900183,54,20,34
115900184,1429,19,1410
115900187,13,104,-91
115900189,1,160,-159
115900190,240,812,-572
115900191,32,297,-265
115900192,11,101,-90
115900193,161,88,73
115900194,398,53,345
115900195,472,1364,-892
115900198,146,227,-81
115900199,117,163,-46
115900200,173,216,-43
115900201,502,370,132
115900202,0,22,-22
115900203,8,7,1
115900204,0,8,-8
115900205,101,41,60
115900206,132,107,25
115900207,21,14,7
115900208,106,118,-12
115900209,5,135,-130
115900210,3,120,-117
115900211,1,149,-148
115900212,102,168,-66
115900213,128,62,66
115900214,316,114,202
115900215,14,73,-59
115900216,1,83,-82
115900217,4,31,-27
115900218,1,23,-22
115900219,55,5,50
115900220,98,9,89
115900221,61,14,47
115900222,26,28,-2
115900223,8,254,-246
115900224,830,710,120
115900225,69,21,48
115900226,16,31,-15
115900227,4,30,-26
115900228,6,29,-23
115900229,2,36,-34
115900230,28,69,-41
115900231,123,2,121
115900232,45,3,42
115900233,57,7,50
115900234,24,25,-1
115900235,21,21,0
115900236,95,32,63
115900237,28,32,-4
115900238,19,18,1
115900239,12,31,-19
115900240,9,39,-30
115900241,104,67,37
115900242,212,233,-21
115900243,7,1,6
115900244,2,7,-5
115900245,11,8,3
115900246,10,6,4
115900247,31,6,25
115900248,10,9,1
115900249,4,6,-2
115900250,7,15,-8
115900251,3,10,-7
115900252,1,2,-1
115900253,17,10,7
115900254,10,18,-8
115900255,2,25,-23
115900256,24,76,-52
115900257,4,2,2
115900258,0,5,-5
115900259,4,1,3
115900260,7,0,7
115900261,14,0,14
115900262,2,0,2
115900263,13,1,12
115900264,6,2,4
115900265,2,9,-7
115900266,5,16,-11
115900267,8,17,-9
115900268,6,8,-2
115900269,280,252,28
115900270,284,335,-51
115900271,91,0,91
115900272,18,2,16
115900273,7,6,1
115900274,2,3,-1
115900275,0,20,-20
115900276,0,20,-20
115900277,1,47,-46
115900278,26,59,-33
115900279,16,104,-88
115900280,14,294,-280
115900281,379,205,174
115900282,11,13,-2
115900283,7,19,-12
115900284,17,10,7
116000001,9448,4218,5230
116000002,3562,7025,-3463
116000003,1202,1483,-281
116000004,1754,2463,-709
116000005,2167,2811,-644
116000006,2149,1523,626
116000007,2585,3151,-566
116000008,2863,1641,1222
116000009,1877,2586,-709
116000010,1617,1103,514
116000011,873,2047,-1174
116000012,1119,904,215
116000013,8031,3615,4416
116000014,10490,7246,3244
116000015,286,934,-648
116000016,3712,2278,1434
116000017,20,582,-562
116000018,617,232,385
116000019,620,247,373
116000020,453,587,-134
116000021,264,272,-8
116000022,320,265,55
116000023,650,469,181
116000024,517,655,-138
116000025,605,617,-12
116000026,1681,2089,-408
116000027,573,488,85
116000028,347,607,-260
116000029,598,603,-5
116000030,684,403,281
116000031,135,276,-141
116000032,358,164,194
116000033,227,428,-201
116000034,462,784,-322
116000035,258,570,-312
116000036,1746,958,788
116000037,643,379,264
116000038,407,324,83
116000039,545,277,268
116000040,813,228,585
116000041,200,347,-147
116000042,559,193,366
116000043,57,562,-505
116000044,41,95,-54
116000045,1441,1015,426
116000046,873,1342,-469
116000047,1373,1931,-558
116000048,1512,1505,7
116000049,959,2655,-1696
116000050,1312,1118,194
116000051,6303,2135,4168
116000052,5743,4563,1180
116000053,1702,837,865
116000054,593,2115,-1522
116000055,478,869,-391
116000056,703,1062,-359
116000057,2362,1715,647
116000058,2350,2065,285
116000059,3012,3923,-911
116000060,1854,941,913
116000061,552,771,-219
116000062,742,413,329
116000063,573,850,-277
116000066,162,442,-280
116000067,215,456,-241
116000068,188,207,-19
116000069,189,358,-169
116000078,401,822,-421
116000080,1541,1043,498
116000082,9,67,-58
116000083,1300,325,975
116000084,1977,3955,-1978
116000085,1718,1569,149
116000086,2130,1483,647
116000087,1483,1378,105
116000088,596,887,-291
116000089,170,91,79
116000090,78,155,-77
116000091,189,210,-21
116000093,447,247,200
116000094,492,642,-150
116000095,644,378,266
116000096,577,1132,-555
116000097,821,486,335
116000098,132,4515,-4383
116000099,4412,221,4191
116000100,199,15,184
116000101,710,687,23
116000102,192,1041,-849
116000103,441,226,215
116000104,188,976,-788
116000105,799,148,651
116000106,536,770,-234
116000107,2171,298,1873
116000108,514,141,373
116000111,146,47,99
116000113,108,93,15
116000114,68,149,-81
116000115,235,103,132
116000116,247,453,-206
116000117,1079,1483,-404
116000118,1162,1153,9
116000119,2389,1895,494
116000120,2520,3654,-1134
116000121,692,451,241
116000122,1027,1524,-497
116000123,736,375,361
116000124,333,805,-472
116000125,2055,634,1421
116000126,219,1482,-1263
116000127,902,1143,-241
116000128,1168,745,423
116000129,975,283,692
116000130,453,364,89
116000133,718,759,-41
116000134,1655,1943,-288
116000135,1824,1312,512
116000136,932,1880,-948
116000137,733,568,165
116000138,592,452,140
116000139,1466,1829,-363
116000140,126,163,-37
116000141,282,613,-331
116000142,2490,2740,-250
116000143,1515,1325,190
116000144,1249,1953,-704
116000145,1294,1055,239
116000146,342,199,143
116000147,184,119,65
116000148,355,404,-49
116000149,454,479,-25
116000151,596,555,41
116000153,106,432,-326
116000155,182,212,-30
116000156,294,868,-574
116000157,59,14,45
116000158,293,262,31
116000159,23,12,11
116000160,5,38,-33
116000161,4,51,-47
116000162,91,94,-3
116000163,18,3,15
116000164,2,19,-17
116000177,546,96,450
116000194,81,335,-254
116000195,1145,688,457
116000196,7,7,0
116000197,5,6,-1
116000198,2199,849,1350
116000200,535,274,261
116000201,452,523,-71
116000202,9,214,-205
116000203,1,121,-120
116000204,14,93,-79
116000205,1,138,-137
116000206,0,110,-110
116000207,13,67,-54
116000233,127,361,-234
116000287,85,405,-320
116000288,166,214,-48
116000292,32,83,-51
116000296,10,159,-149
116000297,112,39,73
116000304,99,41,58
116000305,27,74,-47
116000346,117,81,36
116000352,48,9,39
116000354,16,6,10
116000357,9,15,-6
116000358,221,28,193
116000361,331,1,330
116000372,5054,2676,2378
116000381,95,0,95
116000388,0,55,-55
116000389,764,488,276
116000445,277,482,-205
116000446,450,586,-136
116000447,31,498,-467
116000448,469,189,280
116000563,824,667,157
116000565,26,298,-272
116000568,41,126,-85
116000579,28,74,-46
116000583,112,78,34
116000584,18,7,11
116000585,17,24,-7
116000586,97,75,22
116000587,448,543,-95
116000589,61,69,-8
116000590,37,74,-37
116000591,191,231,-40
116000592,16,80,-64
116000593,0,17,-17
116000594,377,337,40
116000595,423,147,276
116000596,75,2,73
116000597,286,75,211
116000598,12,145,-133
116000605,243,129,114
116000606,71,201,-130
116000607,2,31,-29
116000609,137,685,-548
116000611,84,461,-377
116000612,485,1561,-1076
116000613,424,351,73
116000614,368,532,-164
116000615,3,215,-212
116000616,44,57,-13
116000617,79,57,22
116000618,0,83,-83
116000619,31,70,-39
116000620,104,484,-380
116000621,52,85,-33
116000622,49,125,-76
116000624,199,80,119
116000627,27,54,-27
116000628,34,305,-271
116000629,18,196,-178
116000630,260,25,235
116000631,97,54,43
116000632,511,57,454
116000633,112,163,-51
116000634,250,179,71
116000635,2687,1728,959
116000636,1134,1122,12
116000637,467,68,399
116000638,71,324,-253
116000639,59,4,55
116000640,16,16,0
116000641,26,179,-153
116000643,2,100,-98
116000644,23,433,-410
116000645,42,8,34
116900001,161,129,32
116900002,166,3,163
116900003,17,42,-25
116900004,24,41,-17
116900005,197,51,146
116900006,96,142,-46
116900007,67,145,-78
116900008,287,268,19
116900009,10,8,2
116900010,545,1189,-644
116900011,14,20,-6
116900012,99,107,-8
116900013,6,162,-156
116900014,58,182,-124
116900015,255,50,205
116900016,159,6,153
116900017,10,428,-418
116900018,40,43,-3
116900019,4,239,-235
116900020,663,587,76
116900023,91,5,86
116900024,355,48,307
116900025,659,634,25
116900026,115,476,-361
116900027,20,40,-20
116900028,4,79,-75
116900029,0,32,-32
116900031,1,3,-2
116900032,3,314,-311
116900033,14,7,7
116900034,8,58,-50
116900035,102,116,-14
116900036,4,79,-75
116900038,50,2,48
116900041,19,11,8
116900042,542,229,313
116900043,16,39,-23
116900047,18,101,-83
116900049,22,262,-240
116900050,74,334,-260
116900051,69,143,-74
116900052,142,50,92
116900055,0,4,-4
116900057,35,177,-142
116900058,21,295,-274
116900059,3,110,-107
116900060,136,153,-17
116900062,0,6,-6
116900064,80,581,-501
116900065,21,82,-61
116900067,93,78,15
116900068,96,146,-50
116900070,4,7,-3
116900072,14,294,-280
116900073,14,90,-76
116900074,1,29,-28
116900076,12,36,-24
116900077,6,145,-139
116900078,182,92,90
116900079,34,180,-146
116900080,13,11,2
116900081,282,1120,-838
116900082,432,722,-290
116900083,50,34,16
116900084,140,54,86
116900085,57,143,-86
116900086,68,162,-94
116900088,211,61,150
116900090,174,37,137
116900091,317,43,274
116900092,72,593,-521
116900093,1098,1341,-243
116900094,3200,2409,791
116900095,104,69,35
116900096,77,193,-116
116900097,2529,1886,643
116900098,655,329,326
116900099,646,486,160
116900100,548,22,526
116900101,258,380,-122
116900103,5,0,5
116900104,64,70,-6
116900105,150,92,58
116900106,665,4,661
116900107,2695,1667,1028
116900110,4,1,3
116900111,444,452,-8
116900112,141,655,-514
116900113,1260,1144,116
116900116,128,431,-303
116900117,74,84,-10
116900118,622,589,33
116900120,322,42,280
116900121,67,17,50
116900122,554,743,-189
116900123,103,632,-529
116900124,151,880,-729
116900125,207,161,46
116900126,79,345,-266
116900128,0,36,-36
116900129,0,228,-228
116900130,458,2139,-1681
116900131,56,217,-161
116900132,23,78,-55
116900133,57,89,-32
116900134,127,205,-78
116900136,175,146,29
116900137,245,102,143
116900138,146,140,6
116900139,145,328,-183
116900140,131,114,17
116900141,618,382,236
116900142,1,52,-51
116900143,191,269,-78
116900144,22,65,-43
116900145,83,148,-65
116900147,384,283,101
116900148,1,27,-26
116900149,48,179,-131
116900150,6,4,2
116900151,40,16,24
116900153,85,60,25
116900154,401,370,31
116900155,75,40,35
116900157,401,262,139
116900158,230,197,33
116900159,97,186,-89
116900160,818,468,350
116900161,5624,3960,1664
116900162,14,96,-82
116900163,114,120,-6
116900164,97,58,39
116900165,201,199,2
116900166,19,59,-40
116900167,299,46,253
116900168,270,61,209
116900169,458,303,155
116900170,173,405,-232
116900171,25,130,-105
116900172,144,232,-88
116900173,140,29,111
116900174,42,57,-15
116900175,93,106,-13
116900178,25,102,-77
116900179,59,217,-158
116900180,66,11,55
116900182,269,177,92
116900183,116,82,34
116900185,26,46,-20
116900186,61,202,-141
116900187,49,26,23
116900188,137,18,119
116900189,35,1,34
116900191,309,485,-176
116900192,148,90,58
116900194,118,896,-778
116900195,40,28,12
116900196,11,74,-63
116900197,87,15,72
116900198,162,148,14
116900200,58,21,37
116900201,53,1,52
116900202,63,50,13
116900203,100,9,91
116900204,57,70,-13
116900206,15,20,-5
116900207,29,40,-11
116900208,11,76,-65
116900209,35,82,-47
116900210,296,186,110
116900211,147,2,145
116900212,48,59,-11
116900213,193,121,72
116900214,113,146,-33
116900215,24,66,-42
116900216,160,139,21
116900218,12,192,-180
116900219,1286,433,853
116900220,80,115,-35
116900221,54,271,-217
116900222,300,320,-20
116900223,77,175,-98
116900226,31,48,-17
116900227,127,71,56
116900228,209,153,56
116900230,58,227,-169
116900231,27,325,-298
116900232,15,346,-331
116900233,147,87,60
116900234,25,1,24
116900235,359,349,10
116900238,1554,309,1245
116900239,26,1057,-1031
116900240,4268,2350,1918
116900241,53,119,-66
116900242,775,413,362
116900243,0,18,-18
116900245,27,8,19
116900246,66,16,50
116900247,528,26,502
116900248,99,35,64
116900249,151,62,89
116900250,265,32,233
116900251,348,308,40
116900252,105,572,-467
116900254,18,83,-65
116900255,97,40,57
116900256,311,124,187
116900257,14,430,-416
116900258,1,241,-240
116900259,117,8,109
116900260,2,107,-105
116900261,55,1,54
116900262,167,117,50
116900263,0,16,-16
116900264,88,55,33
116900265,25,2,23
116900266,6,25,-19
116900267,1,1,0
116900268,85,26,59
116900269,238,517,-279
116900271,865,123,742
116900272,395,252,143
116900273,153,77,76
116900274,93,60,33
116900275,107,71,36
116900276,296,127,169
116900277,366,17,349
116900278,4,5,-1
116900279,0,21,-21
116900280,8,37,-29
116900281,4378,2685,1693
116900282,4,66,-62
116900283,14,96,-82
116900284,6,184,-178
116900285,209,130,79
116900286,174,24,150
116900287,2,32,-30
116900288,103,121,-18
116900289,16,14,2
116900290,2,17,-15
116900291,18,4,14
116900292,0,11,-11
116900293,19,38,-19
116900294,19,125,-106
116900295,156,34,122
116900296,50,52,-2
116900297,6,84,-78
116900298,74,27,47
116900299,21,59,-38
116900300,4,59,-55
116900301,38,80,-42
116900302,116,61,55
116900303,228,103,125
116900304,1,100,-99
116900305,18,37,-19
116900306,169,118,51
116900307,69,2,67
116900308,1,94,-93
116900309,68,51,17
116900310,19,54,-35
117000001,1478,1126,352
117000002,1737,3756,-2019
117000003,5290,2632,2658
117000004,3402,4622,-1220
117000005,1688,1676,12
117000006,1199,3160,-1961
117000007,2952,1071,1881
117000008,1013,3357,-2344
117000009,4044,1701,2343
117000010,2671,3843,-1172
117000011,1749,1455,294
117000012,999,1333,-334
117000013,1596,748,848
117000014,1066,2112,-1046
117000015,1951,1044,907
117000016,356,83,273
117000017,400,80,320
117000018,152,442,-290
117000019,136,26,110
117000020,448,915,-467
117000021,1865,459,1406
117000022,559,119,440
117000023,389,188,201
117000024,283,177,106
117000025,591,727,-136
117000026,2325,933,1392
117000027,2174,3234,-1060
117000028,3238,1291,1947
117000030,590,461,129
117000031,270,259,11
117000032,1574,1079,495
117000033,1027,629,398
117000034,486,324,162
117000035,288,301,-13
117000036,403,300,103
117000037,189,205,-16
117000038,198,534,-336
117000039,427,215,212
117000040,187,850,-663
117000041,679,164,515
117000044,15,800,-785
117000045,390,91,299
117000046,399,714,-315
117000047,829,482,347
117000048,1745,1047,698
117000049,86,494,-408
117000050,91,1674,-1583
117000051,1535,119,1416
117000052,48,249,-201
117000053,369,48,321
117000054,1391,9,1382
117000055,108,2777,-2669
117000056,563,17,546
117000057,516,1995,-1479
117000060,360,1362,-1002
117000061,1029,687,342
117000062,257,590,-333
117000063,1367,835,532
117000064,853,857,-4
117000066,784,827,-43
117000067,139,446,-307
117000074,177,175,2
117000076,98,36,62
117000077,106,135,-29
117000078,98,625,-527
117000079,301,195,106
117000080,1,285,-284
117000081,975,136,839
117000082,19,57,-38
117000083,521,321,200
117000084,158,2,156
117000085,189,532,-343
117000086,577,377,200
117000087,187,399,-212
117000088,176,158,18
117000089,1187,211,976
117000090,203,1050,-847
117000091,670,230,440
117000092,350,1195,-845
117000093,914,699,215
117000094,1253,2745,-1492
117000095,2948,876,2072
117000096,588,2247,-1659
117000097,1034,1102,-68
117000098,2447,4221,-1774
117000099,2361,1110,1251
117000100,139,240,-101
117000101,191,1006,-815
117000102,1074,670,404
117000103,720,1517,-797
117000104,977,570,407
117000105,845,1433,-588
117000106,860,652,208
117000107,465,1711,-1246
117000108,1097,842,255
117000109,1380,2237,-857
117000110,980,711,269
117000111,3072,3863,-791
117000112,2352,1483,869
117000113,107,262,-155
117000114,206,113,93
117000115,76,88,-12
117000116,92,233,-141
117000117,1239,835,404
117000118,244,175,69
117000119,374,186,188
117000120,175,374,-199
117000121,130,826,-696
117000122,320,720,-400
117000123,1493,29,1464
117000124,855,56,799
117000125,352,74,278
117000126,121,24,97
117000127,170,368,-198
117000128,577,834,-257
117000129,418,620,-202
117000130,123,0,123
117000131,0,126,-126
117000132,1902,18,1884
117000133,1022,45,977
117000134,1,45,-44
117000135,2,47,-45
117000136,0,21,-21
117000137,57,99,-42
117000138,3,500,-497
117000140,420,1414,-994
117000141,1296,480,816
117000181,525,610,-85
117000182,311,256,55
117000195,180,840,-660
117000196,143,71,72
117000225,192,15,177
117000226,27,233,-206
117000276,205,8,197
117000277,0,392,-392
117000310,1352,1922,-570
117000315,32,817,-785
117000320,84,0,84
117000906,234,28,206
117000907,12,294,-282
117000909,58,38,20
117000910,146,145,1
117000911,85,185,-100
117000915,6,545,-539
117000916,25,0,25
117000917,827,32,795
117000918,111,68,43
117000919,2,113,-111
117000920,5,1051,-1046
117000921,4,1093,-1089
117000922,44,115,-71
117000924,327,658,-331
117000926,702,89,613
117000927,1587,635,952
117000928,0,143,-143
117000929,158,373,-215
117000930,163,23,140
117000931,406,170,236
117900002,103,282,-179
117900003,664,327,337
117900005,8,26,-18
117900006,0,23,-23
117900007,138,80,58
117900008,0,28,-28
117900010,206,75,131
117900011,159,70,89
117900012,38,61,-23
117900013,3,168,-165
117900014,641,124,517
117900015,19,93,-74
117900016,1068,569,499
117900017,487,321,166
117900018,243,76,167
117900019,275,260,15
117900020,62,352,-290
117900021,34,69,-35
117900023,626,131,495
117900024,45,61,-16
117900025,33,7,26
117900026,257,223,34
117900028,61,8,53
117900029,216,566,-350
117900031,180,108,72
117900032,797,423,374
117900033,173,481,-308
117900034,57,50,7
117900035,362,102,260
117900036,182,320,-138
117900037,89,76,13
117900038,25,285,-260
117900039,2,49,-47
117900040,127,365,-238
117900041,2,43,-41
117900042,3034,328,2706
117900043,29,56,-27
117900044,59,2798,-2739
117900045,108,111,-3
117900048,280,326,-46
117900049,206,371,-165
117900050,8,45,-37
117900051,25,5,20
117900052,42,223,-181
117900053,1314,637,677
117900054,26,40,-14
117900055,147,238,-91
117900056,201,35,166
117900057,973,1031,-58
117900058,214,40,174
117900059,395,96,299
117900060,1438,4618,-3180
117900061,33,208,-175
117900063,217,133,84
117900065,569,1070,-501
117900066,5,49,-44
117900067,299,181,118
117900069,508,265,243
117900070,245,22,223
117900071,57,97,-40
117900073,314,248,66
117900074,209,31,178
117900075,45,64,-19
117900076,22,71,-49
117900077,299,97,202
117900078,301,672,-371
117900080,122,36,86
117900081,479,355,124
117900082,352,301,51
117900083,219,323,-104
117900086,90,35,55
117900087,117,41,76
117900088,3521,2041,1480
117900089,1528,624,904
117900090,339,383,-44
117900091,146,180,-34
117900092,50,31,19
117900093,48,64,-16
117900094,16,17,-1
117900095,297,501,-204
117900096,69,187,-118
117900097,146,93,53
117900098,12,9,3
117900099,111,169,-58
117900100,144,2,142
117900101,377,1362,-985
117900102,46,34,12
117900103,49,1,48
117900104,31,102,-71
117900105,105,168,-63
117900106,80,27,53
117900107,23,0,23
117900109,372,237,135
117900110,85,2,83
117900111,251,27,224
117900112,51,7,44
117900113,2779,1187,1592
117900114,15,0,15
117900115,222,45,177
117900116,812,812,0
117900117,373,283,90
117900118,41,0,41
117900119,103,161,-58
117900120,145,128,17
117900121,157,58,99
117900122,1191,2507,-1316
117900123,552,363,189
117900124,707,631,76
117900125,1551,1726,-175
117900126,162,510,-348
117900127,371,413,-42
117900128,403,497,-94
117900129,28,0,28
117900130,707,361,346
117900131,0,111,-111
117900132,12,115,-103
117900133,5,112,-107
117900134,29,202,-173
117900135,22,159,-137
117900136,0,34,-34
117900137,31,257,-226
117900138,1,26,-25
117900139,144,119,25
117900140,2910,54,2856
117900141,221,169,52
117900142,163,36,127
117900144,81,87,-6
117900145,47,33,14
117900146,187,123,64
117900147,40,26,14
117900148,2172,1267,905
117900149,82,180,-98
117900150,38,47,-9
117900151,42,73,-31
117900152,92,63,29
117900153,18,70,-52
117900154,283,474,-191
117900156,891,804,87
117900157,76,571,-495
117900158,172,89,83
117900160,524,526,-2
117900161,2501,1920,581
117900162,311,357,-46
117900163,168,77,91
117900165,1,12,-11
117900166,108,505,-397
117900168,86,124,-38
117900169,2,88,-86
117900170,1,28,-27
117900171,0,10,-10
117900172,13,24,-11
117900173,107,63,44
117900174,25,37,-12
117900175,2,20,-18
117900176,4,20,-16
117900177,11,43,-32
117900178,90,27,63
117900180,190,26,164
117900181,58,196,-138
117900182,1,27,-26
117900183,31,123,-92
117900184,7,39,-32
117900185,32,41,-9
117900186,37,7,30
117900187,9,8,1
117900188,117,37,80
117900189,55,56,-1
117900190,18,3,15
117900191,96,2,94
117900192,136,3,133
117900193,4,45,-41
117900194,6,3,3
117900195,9,61,-52
117900196,17,26,-9
117900207,117,122,-5
117900208,39,24,15
117900209,176,177,-1
117900210,158,222,-64
117900211,2,133,-131
117900212,76,127,-51
117900213,10,16,-6
117900214,8,28,-20
117900215,25,56,-31
117900216,39,24,15
117900217,124,222,-98
117900218,123,116,7
117900219,6,92,-86
117900220,104,72,32
117900222,176,263,-87
117900223,178,242,-64
118000001,619,626,-7
118000002,848,1640,-792
118000003,2016,2104,-88
118000004,3259,2204,1055
118000005,4084,4175,-91
118000006,5005,8159,-3154
118000007,4497,2564,1933
118000008,4852,2868,1984
118000009,1762,2265,-503
118000010,4519,3328,1191
118000011,966,1705,-739
118000012,1074,1540,-466
118000013,2474,1962,512
118000014,1714,2188,-474
118000016,189,482,-293
118000017,327,290,37
118000018,233,484,-251
118000019,2116,1352,764
118000020,1317,2487,-1170
118000021,774,2266,-1492
118000022,1629,657,972
118000023,994,301,693
118000024,1311,831,480
118000027,12612,9977,2635
118000029,803,604,199
118000032,1274,3088,-1814
118000033,2783,4264,-1481
118000034,4873,2132,2741
118000035,1523,2132,-609
118000036,1039,963,76
118000037,630,712,-82
118000038,125,54,71
118000039,95,163,-68
118000040,1438,1230,208
118000041,1944,1185,759
118000045,604,144,460
118000046,1333,339,994
118000047,923,646,277
118000048,3316,1288,2028
118000051,1405,501,904
118000052,822,393,429
118000053,393,264,129
118000054,949,693,256
118000055,863,1124,-261
118000056,229,222,7
118000057,152,296,-144
118000058,3313,930,2383
118000059,1767,611,1156
118000060,734,409,325
118000061,1112,899,213
118000062,607,248,359
118000063,239,379,-140
118000064,635,824,-189
118000065,3841,1456,2385
118000066,526,964,-438
118000067,1413,788,625
118000068,1764,3177,-1413
118000069,2824,926,1898
118000070,4563,1318,3245
118000071,2434,4627,-2193
118000072,1829,1012,817
118000073,2459,451,2008
118000074,409,384,25
118000075,683,210,473
118000076,1325,1516,-191
118000077,1284,1129,155
118000078,1555,1798,-243
118000079,248,283,-35
118000080,1097,825,272
118000081,1667,985,682
118000082,270,953,-683
118000083,1288,1572,-284
118000084,3082,1309,1773
118000086,313,485,-172
118000087,4019,2187,1832
118000088,1610,1263,347
118000089,2817,1750,1067
118000090,1145,2179,-1034
118000091,826,1637,-811
118000092,956,378,578
118000093,101,598,-497
118000096,442,542,-100
118000097,810,590,220
118000098,233,159,74
118000099,352,606,-254
118000101,690,288,402
118000102,263,1159,-896
118000107,1354,362,992
118000108,477,1303,-826
118000110,3,19,-16
118000111,1,309,-308
118000112,374,2,372
118000113,3,524,-521
118000114,297,8,289
118000115,31,6,25
118000116,21,1,20
118000117,1205,690,515
118000118,693,664,29
118000119,681,1006,-325
118000120,1313,1062,251
118000121,149,708,-559
118000122,1425,405,1020
118000123,62,295,-233
118000125,1461,763,698
118000126,642,1101,-459
118000127,1404,490,914
118000128,639,995,-356
118000129,881,336,545
118000130,1836,2541,-705
118000131,774,621,153
118000132,1846,1405,441
118000133,749,379,370
118000135,490,353,137
118000136,117,407,-290
118000137,494,107,387
118000138,301,418,-117
118000139,267,103,164
118000140,2103,3158,-1055
118000141,1511,1735,-224
118000142,1406,1231,175
118000143,1713,1091,622
118000144,878,740,138
118000145,1486,1913,-427
118000146,1017,867,150
118000147,669,1616,-947
118000148,531,974,-443
118000149,784,890,-106
118000150,238,354,-116
118000151,364,362,2
118000153,936,977,-41
118000154,1387,1447,-60
118000155,945,1113,-168
118000156,1512,1969,-457
118000157,446,398,48
118000158,158,343,-185
118000159,12,88,-76
118000160,395,368,27
118000161,431,690,-259
118000162,1621,836,785
118000163,634,659,-25
118000164,1501,1195,306
118000168,786,302,484
118000169,866,948,-82
118000170,3546,4512,-966
118000171,217,496,-279
118000172,103,262,-159
118000173,1047,1122,-75
118000175,219,294,-75
118000176,180,335,-155
118000177,171,452,-281
118000178,55,38,17
118000179,1192,860,332
118000180,607,582,25
118000181,613,261,352
118000182,236,176,60
118000183,191,217,-26
118000184,544,612,-68
118000185,955,872,83
118000186,685,833,-148
118000187,957,649,308
118000188,402,145,257
118000189,304,491,-187
118000190,9,27,-18
118000191,20,10,10
118000192,166,107,59
118000193,55,268,-213
118000194,1093,719,374
118000195,836,622,214
118000196,368,141,227
118000197,250,123,127
118000198,416,514,-98
118000199,497,259,238
118000200,47,118,-71
118000201,244,351,-107
118000202,24,32,-8
118000203,1358,424,934
118000204,112,235,-123
118000205,551,366,185
118000206,137,158,-21
118000207,0,39,-39
118000208,918,1241,-323
118000209,1576,1768,-192
118000210,44,46,-2
118000211,22,36,-14
118000213,629,765,-136
118000214,494,368,126
118000215,204,141,63
118000216,998,2103,-1105
118000217,21,124,-103
118000218,62,91,-29
118000219,337,253,84
118000220,3,20,-17
118000221,133,179,-46
118000222,30,3,27
118000223,29,33,-4
118000224,91,107,-16
118000225,102,458,-356
118000226,596,101,495
118000227,739,304,435
118000228,115,186,-71
118000229,141,33,108
118000230,125,151,-26
118000231,63,149,-86
118000232,548,746,-198
118000233,804,624,180
118000234,317,163,154
118000236,252,205,47
118000237,69,234,-165
118000238,146,138,8
118000239,246,213,33
118000240,376,147,229
118000241,73,123,-50
118000242,220,493,-273
118000243,231,143,88
118000244,16,138,-122
118000246,22,19,3
118000255,37,188,-151
118000256,75,189,-114
118000259,8,26,-18
118000260,129,60,69
118000261,15,35,-20
118000263,29,113,-84
118000266,104,180,-76
118000267,0,84,-84
118000268,351,1,350
118000270,76,24,52
118000271,216,307,-91
118000272,77,22,55
118000273,120,60,60
118000274,53,196,-143
118000276,327,246,81
118000295,10,78,-68
118000298,101,305,-204
118000299,31,159,-128
118000301,0,35,-35
118000302,45,57,-12
118000311,300,76,224
118000312,169,152,17
118000313,35,122,-87
118000314,60,60,0
118000315,9,58,-49
118000316,487,453,34
118000325,41,35,6
118000326,17,39,-22
118000331,24,45,-21
118000332,7,18,-11
118000333,21,64,-43
118000335,209,1,208
118000336,0,165,-165
118000407,88,37,51
118000457,14,21,-7
118000465,3242,3528,-286
118000480,19,80,-61
118000489,113,235,-122
118000490,40,200,-160
118000492,208,163,45
118000510,60,10,50
118000514,173,212,-39
118000515,553,510,43
118000517,310,182,128
118000524,286,168,118
118000525,763,705,58
118000530,15,66,-51
118000531,249,301,-52
118000532,173,243,-70
118000533,276,105,171
118000534,493,374,119
118000535,187,132,55
118000536,599,1136,-537
118000537,17,125,-108
118000538,72,56,16
118000539,19,52,-33
118000540,192,77,115
118000541,122,32,90
118000542,42,119,-77
118000543,111,160,-49
118000546,33,15,18
118000553,0,4,-4
118000560,1966,1318,648
118000562,17,117,-100
118000563,1250,1077,173
118000576,127,110,17
118000577,216,288,-72
118000578,109,66,43
118000579,656,813,-157
118000583,0,0,0
118000595,180,80,100
118000596,0,51,-51
118000597,187,221,-34
118000598,0,4,-4
118000599,52,32,20
118000600,0,2,-2
118000601,1,0,1
118000602,1,5,-4
118000603,0,27,-27
118000605,74,267,-193
118000606,28,39,-11
118900001,505,1006,-501
118900002,723,665,58
118900003,177,10,167
118900004,75,46,29
118900005,60,7,53
118900006,85,4,81
118900007,9,1,8
118900008,1170,43,1127
118900009,41,13,28
118900010,58,7,51
118900011,96,14,82
118900012,361,155,206
118900013,281,54,227
118900015,100,29,71
118900016,5,4,1
118900017,306,295,11
118900018,525,19,506
118900019,37,11,26
118900020,166,110,56
118900021,141,253,-112
118900022,115,93,22
118900023,95,76,19
118900024,47,72,-25
118900025,38,12,26
118900026,27,58,-31
118900027,260,162,98
118900028,138,158,-20
118900029,218,240,-22
118900030,156,44,112
118900031,115,91,24
118900032,139,181,-42
118900033,257,259,-2
118900034,96,30,66
118900035,111,162,-51
118900036,862,556,306
118900037,349,148,201
118900038,277,130,147
118900039,287,125,162
118900040,144,152,-8
118900041,366,156,210
118900042,194,89,105
118900045,213,138,75
118900046,720,257,463
118900047,422,216,206
118900048,144,121,23
118900049,34,39,-5
118900050,11,71,-60
118900051,116,96,20
118900052,233,165,68
118900053,25,70,-45
118900054,63,42,21
118900055,40,101,-61
118900056,86,229,-143
118900057,465,373,92
118900058,247,252,-5
118900059,10,78,-68
118900060,56,131,-75
118900062,303,150,153
118900064,389,368,21
118900065,23,101,-78
118900066,59,93,-34
118900067,3183,2283,900
118900068,18,139,-121
118900069,267,213,54
118900071,0,52,-52
118900072,357,261,96
118900073,96,107,-11
118900074,66,106,-40
118900075,36,55,-19
118900076,135,98,37
118900077,85,117,-32
118900078,58,8,50
118900079,24,143,-119
118900080,9,73,-64
118900081,82,53,29
118900082,472,105,367
118900083,19,8,11
118900084,2,13,-11
118900085,589,800,-211
118900086,40,84,-44
118900087,12,142,-130
118900088,2,8,-6
118900089,17,15,2
118900090,370,326,44
118900091,134,166,-32
118900092,61,57,4
118900093,115,14,101
118900096,156,153,3
118900097,215,402,-187
118900099,52,170,-118
118900100,89,151,-62
118900101,35,261,-226
118900102,26,43,-17
118900103,25,44,-19
118900104,124,83,41
118900105,133,72,61
118900107,144,67,77
118900108,46,62,-16
118900110,984,441,543
118900111,318,349,-31
118900112,47,122,-75
118900113,150,327,-177
118900114,14,37,-23
118900115,53,266,-213
118900116,115,172,-57
118900117,93,181,-88
118900118,165,279,-114
118900119,131,184,-53
118900120,65,363,-298
118900121,18,158,-140
118900122,14,596,-582
118900123,117,193,-76
118900124,20,136,-116
118900126,24,304,-280
118900129,214,187,27
118900130,40,115,-75
118900131,106,166,-60
118900132,243,174,69
118900133,24,99,-75
118900135,236,178,58
118900136,148,395,-247
118900137,7,26,-19
118900139,132,227,-95
118900140,308,496,-188
118900141,69,97,-28
118900144,76,327,-251
118900145,28,107,-79
118900146,221,570,-349
118900147,143,84,59
118900148,63,42,21
118900150,210,394,-184
118900152,354,665,-311
118900157,70,98,-28
118900158,49,46,3
118900159,0,118,-118
118900161,78,7,71
118900163,121,84,37
118900164,5,78,-73
118900165,24,87,-63
118900166,23,0,23
118900167,61,78,-17
118900168,42,124,-82
118900169,84,167,-83
118900170,65,49,16
118900171,21,21,0
118900174,33,39,-6
118900175,299,410,-111
118900176,96,184,-88
118900177,51,80,-29
118900178,50,177,-127
118900179,29,22,7
118900181,44,91,-47
118900182,67,32,35
118900183,19,92,-73
118900184,181,46,135
118900185,128,113,15
118900186,96,84,12
118900187,185,237,-52
118900188,233,238,-5
118900189,32,636,-604
118900190,12,291,-279
118900191,84,47,37
118900192,117,13,104
118900193,294,6,288
118900195,245,419,-174
118900196,43,119,-76
118900197,67,34,33
118900198,11,13,-2
118900199,43,37,6
118900200,14,14,0
118900201,20,17,3
118900202,8,27,-19
118900203,2,18,-16
118900204,6,11,-5
118900205,9,14,-5
118900206,5,17,-12
119000001,965,1315,-350
119000002,3030,2324,706
119000003,1651,913,738
119000004,1578,958,620
119000005,1142,1376,-234
119000006,2065,1462,603
119000007,2298,2566,-268
119000008,1646,1647,-1
119000009,2870,3315,-445
119000010,5477,3828,1649
119000011,2841,1756,1085
119000012,2183,2557,-374
119000013,1662,1311,351
119000014,1657,2641,-984
119000019,229,96,133
119000020,1395,1068,327
119000021,2993,1861,1132
119000022,1857,1546,311
119000023,288,231,57
119000024,1216,6375,-5159
119000025,5590,1045,4545
119000026,89,243,-154
119000027,188,323,-135
119000028,1686,832,854
119000029,90,271,-181
119000030,453,769,-316
119000031,694,589,105
119000032,1474,1964,-490
119000033,1627,1211,416
119000034,688,892,-204
119000035,30,260,-230
119000036,1279,742,537
119000037,933,1471,-538
119000038,97,652,-555
119000039,220,185,35
119000040,582,380,202
119000041,558,859,-301
119000048,2632,2779,-147
119000049,1519,2200,-681
119000050,1704,1631,73
119000051,1892,880,1012
119000052,1569,2618,-1049
119000053,1454,944,510
119000054,2484,3033,-549
119000055,3260,3158,102
119000056,1682,1816,-134
119000057,1224,1833,-609
119000058,1490,1486,4
119000059,1093,1423,-330
119000060,1219,839,380
119000061,816,650,166
119000062,1007,1124,-117
119000063,300,296,4
119000064,978,1141,-163
119000065,1742,2583,-841
119000066,1514,1047,467
119000067,1526,1810,-284
119000068,1204,940,264
119000069,1200,1930,-730
119000070,1707,901,806
119000071,461,536,-75
119000072,4143,2490,1653
119000073,3390,5258,-1868
119000074,927,2216,-1289
119000075,1458,1952,-494
119000076,339,706,-367
119000077,476,399,77
119000078,281,285,-4
119000079,165,521,-356
119000080,300,134,166
119000081,243,329,-86
119000082,619,191,428
119000083,423,325,98
119000084,268,384,-116
119000085,428,196,232
119000086,180,446,-266
119000087,1529,861,668
119000088,267,242,25
119000089,55,132,-77
119000090,120,148,-28
119000091,102,257,-155
119000092,403,162,241
119000093,3024,2386,638
119000094,2310,4482,-2172
119000095,1343,2200,-857
119000097,2034,1288,746
119000098,697,2006,-1309
119000099,2050,1429,621
119000100,2467,2407,60
119000101,2934,1440,1494
119000102,893,947,-54
119000103,1392,424,968
119000104,1999,1100,899
119000105,668,1280,-612
119000106,305,1130,-825
119000107,505,413,92
119000108,274,886,-612
119000109,117,325,-208
119000110,323,288,35
119000111,38,451,-413
119000112,188,93,95
119000113,1789,265,1524
119000114,613,617,-4
119000115,127,118,9
119000116,107,65,42
119000117,108,251,-143
119000118,3,3,0
119000123,3899,1182,2717
119000124,430,202,228
119000125,2638,631,2007
119000126,777,602,175
119000127,416,552,-136
119000128,21,4,17
119000131,768,734,34
119000132,2,1,1
119000133,0,5,-5
119000134,1736,479,1257
119000135,103,160,-57
119000136,205,159,46
119000137,174,313,-139
119000138,321,229,92
119000139,216,207,9
119000140,152,310,-158
119000284,1190,2325,-1135
119000285,1856,1759,97
119000286,6327,4717,1610
119000287,1035,1889,-854
119000288,1712,1115,597
119000289,1638,2381,-743
119000290,163,358,-195
119000291,4,205,-201
119000293,104,127,-23
119000294,20,39,-19
119000295,995,287,708
119000296,188,122,66
119000302,2322,1072,1250
119000303,78,138,-60
119000314,1207,7118,-5911
119000315,7,498,-491
119000316,74,126,-52
119000317,63,303,-240
119000319,432,196,236
119900001,205,975,-770
119900002,132,192,-60
119900003,59,936,-877
119900004,271,685,-414
119900005,127,106,21
119900006,162,271,-109
119900007,1137,148,989
119900008,152,24,128
119900009,486,523,-37
119900010,624,738,-114
119900011,16,68,-52
119900012,15,55,-40
119900013,1485,703,782
119900014,386,169,217
119900015,58,19,39
119900016,14,49,-35
119900017,13,32,-19
119900018,1810,649,1161
119900019,27,2,25
119900020,107,138,-31
119900021,113,51,62
119900022,86,364,-278
119900023,500,945,-445
119900025,85,14,71
119900026,544,102,442
119900027,28,19,9
119900028,342,79,263
119900029,0,2,-2
119900030,392,375,17
119900031,28,216,-188
119900033,1705,190,1515
119900034,214,113,101
119900037,137,32,105
119900038,38,227,-189
119900039,27,3,24
119900040,129,15,114
119900041,76,29,47
119900042,89,113,-24
119900043,49,119,-70
119900044,171,603,-432
119900046,70,42,28
119900047,176,55,121
119900049,98,5,93
119900050,50,69,-19
119900051,746,13,733
119900052,62,28,34
119900053,164,116,48
119900054,77,2,75
119900055,894,352,542
119900057,144,49,95
119900058,169,5,164
119900059,66,55,11
119900060,162,11,151
119900061,192,3,189
119900062,35,18,17
119900063,6,35,-29
119900065,149,10,139
119900067,65,10,55
119900068,325,2,323
119900069,70,18,52
119900070,541,4,537
119900071,445,9,436
119900073,1323,532,791
119900074,36,22,14
119900075,4070,2077,1993
119900076,84,61,23
119900077,629,813,-184
119900078,334,545,-211
119900079,95,155,-60
119900080,319,228,91
119900081,443,24,419
119900082,676,32,644
119900083,267,143,124
119900084,492,231,261
119900085,54,42,12
119900086,326,1027,-701
119900087,437,182,255
119900088,27,23,4
119900089,22,467,-445
119900090,105,32,73
119900091,49,835,-786
119900092,44,268,-224
119900093,724,147,577
119900094,49,184,-135
119900095,174,81,93
119900096,35,75,-40
119900097,517,192,325
119900098,19,28,-9
119900099,9,143,-134
119900100,2116,1834,282
119900101,170,766,-596
119900102,48,213,-165
119900103,25,239,-214
119900104,23,125,-102
119900105,492,1167,-675
119900106,7,136,-129
119900107,225,2344,-2119
119900108,1609,538,1071
119900109,65,127,-62
119900110,510,513,-3
119900111,135,502,-367
119900112,1417,392,1025
119900113,67,215,-148
119900114,184,961,-777
119900115,191,968,-777
119900116,149,372,-223
119900117,267,502,-235
119900118,50,802,-752
119900119,201,167,34
119900120,427,382,45
119900121,300,1045,-745
119900122,434,277,157
119900123,124,249,-125
119900124,147,720,-573
119900125,40,206,-166
119900126,2798,161,2637
119900127,2139,918,1221
119900128,400,525,-125
119900129,198,463,-265
119900130,14,225,-211
119900131,25,191,-166
119900132,12,226,-214
119900133,21,64,-43
119900134,1513,155,1358
119900135,0,291,-291
119900136,143,255,-112
119900138,307,353,-46
119900139,20,69,-49
119900140,1,99,-98
119900141,109,542,-433
119900142,0,10,-10
119900143,22,145,-123
119900144,1339,172,1167
119900145,78,145,-67
119900146,97,134,-37
119900147,3,107,-104
119900148,96,36,60
119900149,864,2479,-1615
119900150,159,134,25
119900151,962,504,458
119900152,62,287,-225
119900153,111,56,55
119900154,6,655,-649
119900155,20,25,-5
119900156,14,8,6
119900157,122,219,-97
119900158,96,58,38
119900159,9,1209,-1200
119900160,24,134,-110
119900161,160,160,0
119900162,505,648,-143
119900163,89,117,-28
119900164,2,4,-2
119900165,105,198,-93
119900166,45,55,-10
119900167,65,50,15
119900168,697,364,333
119900169,72,229,-157
119900170,149,240,-91
119900171,801,334,467
119900172,78,18,60
119900173,5,361,-356
119900174,0,93,-93
119900175,789,595,194
119900177,20,183,-163
119900178,6,127,-121
119900179,61,294,-233
119900180,628,702,-74
119900181,53,81,-28
119900182,3,255,-252
119900183,93,630,-537
119900184,1767,453,1314
119900185,34,106,-72
119900186,40,439,-399
119900187,9,238,-229
119900188,64,317,-253
119900189,430,371,59
119900190,32,213,-181
119900191,246,165,81
119900192,34,111,-77
119900193,222,172,50
119900194,12,57,-45
119900195,22,112,-90
119900196,905,293,612
119900197,118,150,-32
119900198,141,236,-95
119900199,112,13,99
119900200,409,553,-144
119900201,349,130,219
119900202,100,196,-96
119900203,121,363,-242
119900204,220,222,-2
119900205,440,421,19
119900206,110,116,-6
119900208,174,198,-24
119900209,319,834,-515
119900210,45,18,27
119900211,76,3,73
119900212,289,524,-235
119900213,9,55,-46
119900214,15,79,-64
119900215,37,61,-24
119900216,7,63,-56
119900217,16,44,-28
119900218,9,64,-55
119900219,12,80,-68
119900220,13,66,-53
119900221,26,186,-160
119900222,7,135,-128
119900223,8,45,-37
119900224,12,8,4
119900225,670,40,630
119900226,405,1042,-637
119900227,739,181,558
119900228,141,208,-67
119900229,275,315,-40
119900230,1129,435,694
119900231,191,163,28
119900232,161,73,88
119900233,23,4,19
119900234,22,34,-12
119900235,26,28,-2
119900236,26,138,-112
119900237,40,266,-226
119900238,1,77,-76
119900240,59,106,-47
119900241,126,231,-105
119900242,849,1125,-276
119900244,454,1154,-700
119900245,123,138,-15
119900246,169,425,-256
119900247,20,91,-71
119900248,57,123,-66
119900249,145,52,93
119900253,2269,277,1992
119900254,74,457,-383
119900255,57,472,-415
119900256,417,681,-264
119900257,52,0,52
119900258,49,2,47
119900259,6,117,-111
119900260,40,3,37
119900261,253,161,92
119900262,0,216,-216
119900263,821,284,537
119900264,60,163,-103
119900265,414,385,29
119900266,203,224,-21
119900267,174,328,-154
119900268,146,111,35
119900269,903,956,-53
119900271,21,76,-55
119900272,258,116,142
119900275,84,1,83
119900276,45,1,44
119900277,4,2,2
119900278,140,50,90
119900279,89,149,-60
119900280,687,133,554
119900281,0,133,-133
119900282,39,55,-16
119900283,5,219,-214
119900284,41,177,-136
119900285,18,49,-31
119900286,2,11,-9
119900288,5,40,-35
119900289,0,19,-19
119900290,2,19,-17
119900291,1,47,-46
119900292,21,41,-20
119900293,14,61,-47
119900294,38,49,-11
119900295,28,49,-21
119900296,25,219,-194
119900297,1,18,-17
119900298,1,1,0
119900299,51,149,-98
119900300,140,107,33
119900301,44,24,20
119900302,20,40,-20
119900303,135,144,-9
119900304,132,26,106
119900305,8,85,-77
119900306,21,0,21
119900307,31,54,-23
119900308,2,17,-15
119900309,24,92,-68
119900310,224,247,-23
119900311,52,91,-39
119900312,49,60,-11
119900313,219,233,-14
119900314,106,226,-120
119900315,1238,1811,-573
119900318,9,27,-18
119900319,1,169,-168
119900320,93,396,-303
119900321,36,0,36
120000001,4925,9813,-4888
120000002,2316,2858,-542
120000003,3145,1573,1572
120000004,2740,2170,570
120000005,4103,1896,2207
120000006,1220,1423,-203
120000007,3508,2718,790
120000008,976,1421,-445
120000009,3092,841,2251
120000010,1627,2529,-902
120000011,974,1829,-855
120000012,1282,2329,-1047
120000013,2468,2401,67
120000014,550,1263,-713
120000015,2125,1307,818
120000016,2968,2089,879
120000017,2189,1789,400
120000018,3381,8192,-4811
120000019,835,1326,-491
120000020,2576,2693,-117
120000021,1496,1911,-415
120000022,2226,3135,-909
120000023,945,1443,-498
120000024,1146,2262,-1116
120000025,1976,2027,-51
120000026,1394,1537,-143
120000027,1530,1856,-326
120000028,765,569,196
120000029,2602,584,2018
120000030,993,718,275
120000031,1410,4392,-2982
120000032,7358,4132,3226
120000033,4714,1913,2801
120000034,1335,1792,-457
120000035,1518,1862,-344
120000036,2476,4445,-1969
120000037,598,1078,-480
120000038,5667,2721,2946
120000039,532,792,-260
120000040,281,260,21
120000041,1432,1163,269
120000042,1737,2369,-632
120000043,3917,1664,2253
120000044,3788,1404,2384
120000045,4208,1060,3148
120000046,2464,2096,368
120000047,1036,3524,-2488
120000048,6053,3721,2332
120000049,2339,2537,-198
120000050,3580,3744,-164
120000051,2651,3432,-781
120000052,7998,2276,5722
120000053,1130,2565,-1435
120000054,1118,4083,-2965
120000055,1823,4714,-2891
120000056,3121,3163,-42
120000057,2166,638,1528
120000058,3181,494,2687
120000059,20,1416,-1396
120000061,113,477,-364
120000062,181,190,-9
120000063,1686,2288,-602
120000064,213,1056,-843
120000065,581,1470,-889
120000066,247,377,-130
120000067,57,454,-397
120000068,210,840,-630
120000069,586,1076,-490
120000070,71,668,-597
120000071,307,142,165
120000072,594,411,183
120000073,614,70,544
120000074,164,70,94
120000075,623,288,335
120000076,1633,410,1223
120000077,1449,618,831
120000078,2671,1018,1653
120000079,350,499,-149
120000080,220,353,-133
120000081,270,210,60
120000082,201,310,-109
120000083,148,633,-485
120000084,357,306,51
120000085,211,298,-87
120000086,314,557,-243
120000087,185,582,-397
120000088,603,1116,-513
120000089,894,505,389
120000090,592,449,143
120000091,582,813,-231
120000092,1001,565,436
120000093,255,427,-172
120000094,197,650,-453
120000095,859,519,340
120000096,213,702,-489
120000098,585,645,-60
120000099,304,742,-438
120000100,637,962,-325
120000101,634,530,104
120000102,463,719,-256
120000103,1179,857,322
120000104,1300,442,858
120000105,2336,692,1644
120000106,1662,688,974
120000107,2879,573,2306
120000108,1040,150,890
120000109,1052,83,969
120000110,81,929,-848
120000111,91,1037,-946
120000112,844,2846,-2002
120000113,737,2140,-1403
120000114,1044,2876,-1832
120000115,314,2361,-2047
120000116,809,2039,-1230
120000117,1153,1372,-219
120000118,47,20,27
120000119,41,86,-45
120000120,52,62,-10
120000121,95,112,-17
120000122,190,242,-52
120000123,4389,4002,387
120000124,393,362,31
120000125,353,561,-208
120000126,275,542,-267
120000127,2355,735,1620
120000128,3321,3199,122
120000129,256,274,-18
120000130,698,643,55
120000131,319,578,-259
120000134,317,997,-680
120000135,352,367,-15
120000137,250,1063,-813
120000138,565,362,203
120000139,186,672,-486
120000140,553,407,146
120000141,344,617,-273
120000142,502,546,-44
120000143,2,119,-117
120000144,66,3,63
120000145,268,3,265
120000146,1357,790,567
120000149,623,1041,-418
120000150,2855,8910,-6055
120000151,355,396,-41
120000152,298,157,141
120000153,143,495,-352
120000154,446,392,54
120000155,163,308,-145
120000156,1584,675,909
120000157,778,502,276
120000158,663,725,-62
120000159,2230,2503,-273
120000160,2116,1326,790
120000161,1601,2102,-501
120000162,70,238,-168
120000163,676,1148,-472
120000164,385,333,52
120000165,424,683,-259
120000166,1073,486,587
120000167,53,65,-12
120000168,13,220,-207
120000169,49,784,-735
120000170,33,618,-585
120000171,19,194,-175
120000172,43,124,-81
120000173,2632,861,1771
120000174,349,20,329
120000175,337,27,310
120000176,315,29,286
120000177,945,107,838
120000178,120,17,103
120000179,301,29,272
120000180,474,60,414
120000181,95,474,-379
120000182,61,351,-290
120000183,13,241,-228
120000184,89,739,-650
120000186,72,298,-226
120000187,47,135,-88
120000188,159,209,-50
120000190,1026,32,994
120000191,871,48,823
120000192,702,18,684
120000193,369,5,364
120000195,59,7,52
120000196,300,29,271
120000197,71,92,-21
120000198,87,73,14
120000199,44,0,44
120000200,84,1,83
120000201,15,21,-6
120000202,1,39,-38
120000203,45,168,-123
120000207,0,63,-63
120000208,8,250,-242
120000209,6,57,-51
120000210,93,81,12
120000211,99,2,97
120000212,115,1,114
120000213,83,284,-201
120000214,2,287,-285
120000215,3,137,-134
120000216,49,8,41
120000217,626,839,-213
120000218,187,706,-519
120000219,6,507,-501
120000220,25,1591,-1566
120000225,1197,3,1194
120000226,309,6,303
120000227,672,68,604
120000228,6148,2182,3966
120000230,269,12,257
120000231,965,2071,-1106
120000233,153,8,145
120000235,164,659,-495
120000236,716,64,652
120000237,0,1194,-1194
120000238,1,453,-452
120000241,905,2577,-1672
120000412,401,12,389
120000413,170,203,-33
120000414,49,5,44
120000415,5,94,-89
120000416,85,3,82
120000417,10,62,-52
120000418,63,14,49
120000419,2,244,-242
120000420,482,75,407
120000421,9513,5408,4105
120000422,85,673,-588
120000423,2,36,-34
120000424,52,144,-92
120000436,154,466,-312
120000437,187,146,41
120000438,2892,303,2589
120000439,183,490,-307
120000443,155,0,155
120000444,1316,566,750
120000445,1214,913,301
120000446,670,347,323
120000447,181,7,174
120000449,63,6,57
120000450,4,193,-189
120000451,72,181,-109
120000452,85,1,84
120000453,1,246,-245
120000454,88,58,30
120000455,66,47,19
120000456,2149,2612,-463
120000457,878,462,416
120000458,439,719,-280
120000459,54,63,-9
120000665,755,208,547
120000668,131,313,-182
120000669,47,172,-125
120000670,279,315,-36
120000671,982,322,660
120000672,111,527,-416
120900001,51,86,-35
120900002,270,288,-18
120900003,212,21,191
120900004,11,60,-49
120900005,8,1458,-1450
120900006,309,214,95
120900007,130,108,22
120900008,188,1164,-976
120900009,612,46,566
120900010,278,115,163
120900011,189,147,42
120900012,294,750,-456
120900013,197,58,139
120900014,3,343,-340
120900015,562,84,478
120900016,587,47,540
120900017,2118,100,2018
120900018,101,363,-262
120900019,414,366,48
120900020,757,1003,-246
120900021,584,150,434
120900022,25,228,-203
120900023,179,25,154
120900024,1460,423,1037
120900025,1515,947,568
120900026,113,118,-5
120900027,589,23,566
120900028,304,76,228
120900029,218,333,-115
120900030,953,525,428
120900031,143,81,62
120900032,760,150,610
120900033,676,58,618
120900034,21,1987,-1966
120900035,10,13,-3
120900037,203,10,193
120900038,44,215,-171
120900039,73,22,51
120900040,177,5,172
120900041,141,25,116
120900042,375,41,334
120900043,55,16,39
120900044,9,337,-328
120900045,124,66,58
120900046,367,9,358
120900047,126,70,56
120900048,90,17,73
120900049,340,4,336
120900050,1787,1067,720
120900051,307,111,196
120900052,390,3,387
120900053,141,43,98
120900054,1542,483,1059
120900055,294,0,294
120900056,385,17,368
120900057,98,12,86
120900058,344,0,344
120900059,62,5,57
120900060,54,19,35
120900061,258,167,91
120900062,233,3,230
120900063,440,7,433
120900064,377,1,376
120900065,331,2,329
120900066,77,132,-55
120900067,128,57,71
120900068,199,2,197
120900069,146,35,111
120900071,9,0,9
120900072,562,2,560
120900073,366,77,289
120900074,276,6,270
120900076,217,0,217
120900077,2349,227,2122
120900078,689,1248,-559
120900079,479,121,358
120900080,564,1821,-1257
120900081,815,140,675
120900082,442,328,114
120900083,61,4,57
120900084,231,276,-45
120900085,84,120,-36
120900086,117,276,-159
120900087,357,324,33
120900088,85,215,-130
120900089,3240,1838,1402
120900090,175,150,25
120900091,683,677,6
120900092,1575,616,959
120900093,2086,186,1900
120900094,551,167,384
120900095,361,27,334
120900096,26,137,-111
120900097,511,635,-124
120900098,336,166,170
120900099,51,41,10
120900100,79,269,-190
120900101,861,216,645
120900102,29,54,-25
120900103,58,171,-113
120900104,17,29,-12
120900105,36,394,-358
120900106,1423,498,925
120900107,244,135,109
120900108,6,515,-509
120900109,44,583,-539
120900110,22,524,-502
120900111,138,328,-190
120900112,6,777,-771
120900113,7,777,-770
120900114,41,151,-110
120900115,137,171,-34
120900116,188,352,-164
120900117,0,542,-542
120900118,7,743,-736
120900119,3000,3944,-944
120900120,41,575,-534
120900121,111,479,-368
120900122,276,406,-130
120900123,6,405,-399
120900124,0,634,-634
120900125,4,674,-670
120900126,1755,1213,542
120900127,14,459,-445
120900128,1386,1433,-47
120900129,43,311,-268
120900130,0,195,-195
120900131,51,64,-13
120900132,824,295,529
120900133,129,837,-708
120900134,948,397,551
120900135,10,504,-494
120900136,34,83,-49
120900137,169,44,125
120900138,22,185,-163
120900139,4,575,-571
120900140,8,48,-40
120900141,102,137,-35
120900142,23,478,-455
120900143,4,770,-766
120900144,0,139,-139
120900145,89,796,-707
120900146,0,978,-978
120900147,24,457,-433
120900148,73,97,-24
120900149,3,250,-247
120900150,27,644,-617
120900151,39,628,-589
120900152,100,33,67
120900153,31,59,-28
120900154,5,267,-262
120900155,144,1060,-916
120900156,168,371,-203
120900157,55,177,-122
120900158,43,642,-599
120900159,193,336,-143
120900160,40,670,-630
120900161,74,420,-346
120900162,47,528,-481
120900163,39,428,-389
120900164,3,4,-1
120900165,22,38,-16
120900166,70,231,-161
120900167,261,111,150
120900169,64,393,-329
120900170,1318,2006,-688
120900171,1005,265,740
120900172,838,751,87
120900173,4,67,-63
120900174,4,91,-87
120900175,266,112,154
120900176,10,260,-250
120900177,1,858,-857
120900178,2,294,-292
120900179,1147,510,637
120900180,101,156,-55
120900181,85,51,34
120900182,6,168,-162
120900183,331,79,252
120900184,149,54,95
120900185,9,194,-185
120900186,2,449,-447
120900187,374,991,-617
120900188,164,10,154
120900189,85,863,-778
120900190,41,14,27
120900191,7,11,-4
120900192,9790,4696,5094
120900194,24,56,-32
120900195,96,195,-99
120900196,569,44,525
120900197,416,149,267
120900198,291,488,-197
120900199,208,312,-104
120900200,49,94,-45
120900201,450,136,314
120900202,3,177,-174
120900203,31,71,-40
120900204,147,237,-90
120900205,29,46,-17
120900206,15,25,-10
120900207,81,1246,-1165
121000001,680,781,-101
121000002,1819,1062,757
121000003,2237,1455,782
121000004,2212,2649,-437
121000005,1544,2035,-491
121000006,2629,1234,1395
121000007,2205,2396,-191
121000008,4452,2504,1948
121000009,3844,4039,-195
121000010,6132,3884,2248
121000011,6184,8375,-2191
121000012,11361,7339,4022
121000013,4150,5310,-1160
121000014,5318,4542,776
121000015,3107,5383,-2276
121000016,3825,2713,1112
121000017,1439,2781,-1342
121000018,1721,1301,420
121000019,14893,10177,4716
121000020,9949,12078,-2129
121000021,2648,2203,445
121000022,1835,1954,-119
121000023,3130,2276,854
121000024,3623,3381,242
121000025,454,1099,-645
121000026,297,134,163
121000027,1239,947,292
121000028,598,376,222
121000029,798,472,326
121000030,450,292,158
121000031,601,516,85
121000032,178,92,86
121000034,485,209,276
121000035,154,127,27
121000036,961,718,243
121000037,510,442,68
121000038,396,549,-153
121000039,241,270,-29
121000041,411,354,57
121000042,233,302,-69
121000043,569,524,45
121000044,1083,635,448
121000045,329,237,92
121000046,448,669,-221
121000047,297,290,7
121000049,1533,506,1027
121000050,258,893,-635
121000051,723,275,448
121000052,289,508,-219
121000053,328,70,258
121000054,47,296,-249
121000055,960,938,22
121000056,654,841,-187
121000057,293,369,-76
121000058,357,167,190
121000059,1607,965,642
121000060,500,765,-265
121000061,107,209,-102
121000062,382,286,96
121000063,651,603,48
121000064,558,723,-165
121000065,392,393,-1
121000066,629,548,81
121000067,781,384,397
121000068,569,262,307
121000069,305,389,-84
121000070,1822,1135,687
121000071,1228,978,250
121000072,877,640,237
121000073,767,662,105
121000074,132,166,-34
121000075,45,108,-63
121000076,1062,409,653
121000077,125,160,-35
121000078,81,107,-26
121000080,2059,468,1591
121000081,1727,2302,-575
121000082,127,249,-122
121000083,202,126,76
121000084,146,127,19
121000085,252,334,-82
121000086,157,622,-465
121000087,73,227,-154
121000088,446,485,-39
121000089,248,237,11
121000090,285,251,34
121000091,984,633,351
121000092,138,74,64
121000093,131,176,-45
121000094,446,574,-128
121000095,351,459,-108
121000096,1840,1720,120
121000097,761,1464,-703
121000098,373,915,-542
121000099,485,652,-167
121000100,761,347,414
121000101,278,229,49
121000102,308,245,63
121000103,172,223,-51
121000104,202,112,90
121000105,267,177,90
121000106,218,243,-25
121000107,1687,2562,-875
121000109,1025,832,193
121000110,280,549,-269
121000114,2187,1621,566
121000115,691,638,53
121000116,337,700,-363
121000117,655,196,459
121000118,1210,187,1023
121000119,285,265,20
121000120,173,372,-199
121000121,502,731,-229
121000123,1149,460,689
121000127,118,63,55
121000128,930,315,615
121000129,847,441,406
121000130,452,689,-237
121000131,1993,1636,357
121000132,1474,1433,41
121000135,286,286,0
121000136,1709,522,1187
121000137,361,221,140
121000138,1048,740,308
121000139,654,239,415
121000141,144,100,44
121000142,583,612,-29
121000143,84,27,57
121000144,778,1220,-442
121000145,437,777,-340
121000146,1084,750,334
121000147,852,392,460
121000148,793,829,-36
121000149,1795,1061,734
121000152,429,483,-54
121000153,1389,495,894
121000154,662,520,142
121000155,921,965,-44
121000156,332,836,-504
121000157,1024,1353,-329
121000158,412,476,-64
121000159,175,358,-183
121000160,287,377,-90
121000161,140,249,-109
121000162,76,145,-69
121000165,1039,1443,-404
121000166,19,508,-489
121000168,351,195,156
121000169,70,134,-64
121000170,247,89,158
121000171,66,118,-52
121000172,521,409,112
121000173,956,823,133
121000174,265,325,-60
121000175,744,300,444
121000176,274,219,55
121000177,1030,626,404
121000178,91,73,18
121000179,98,62,36
121000181,484,430,54
121000182,76,151,-75
121000183,78,84,-6
121000184,49,47,2
121000185,35,129,-94
121000186,153,277,-124
121000187,113,150,-37
121000188,149,170,-21
121000192,603,316,287
121000193,517,484,33
121000194,1878,1541,337
121000195,278,762,-484
121000196,775,206,569
121000197,197,452,-255
121000198,168,67,101
121000199,123,273,-150
121000200,321,64,257
121000201,8,173,-165
121000202,672,95,577
121000203,714,1732,-1018
121000204,2029,580,1449
121000205,161,179,-18
121000206,104,30,74
121000207,1626,268,1358
121000208,4,225,-221
121000209,350,252,98
121000210,452,415,37
121000211,299,143,156
121000212,328,418,-90
121000213,6819,2199,4620
121000214,524,1857,-1333
121000215,913,631,282
121000216,452,552,-100
121000217,3199,2296,903
121000218,447,1218,-771
121000219,1142,313,829
121000220,151,51,100
121000221,66,151,-85
121000222,1943,1572,371
121000223,880,475,405
121000224,448,218,230
121000225,1758,1325,433
121000226,2542,910,1632
121000227,13,125,-112
121000228,15,453,-438
121000229,210,282,-72
121000230,49,1283,-1234
121000231,667,39,628
121000232,352,251,101
121000233,474,336,138
121000234,24,36,-12
121000235,68,66,2
121000236,11,28,-17
121000237,55,18,37
121000238,6,62,-56
121000239,40,19,21
121000240,10,144,-134
121000241,101,7,94
121000242,46,251,-205
121000243,575,186,389
121000244,9,66,-57
121000245,88,35,53
121000246,1,91,-90
121000247,81,5,76
121000248,1403,325,1078
121000249,115,159,-44
121000250,385,146,239
121000251,8,318,-310
121000252,103,54,49
121000253,407,347,60
121000254,536,205,331
121000255,325,129,196
121000256,362,191,171
121000257,75,78,-3
121000258,138,31,107
121000259,90,47,43
121000260,149,131,18
121000261,210,33,177
121000262,626,476,150
121000263,481,363,118
121000271,270,1170,-900
121000273,44,6,38
121000274,12,26,-14
121000275,0,6,-6
121000276,3,7,-4
121000278,55,37,18
121000279,27,16,11
121000280,45,33,12
121000289,175,18,157
121000290,963,670,293
121000294,132,90,42
121000297,870,962,-92
121000299,173,265,-92
121000300,638,438,200
121000302,50,660,-610
121000303,333,220,113
121000304,421,52,369
121000305,84,33,51
121000306,81,100,-19
121000308,127,253,-126
121000309,247,379,-132
121000310,86,260,-174
121000311,54,589,-535
121000312,181,132,49
121000313,217,347,-130
121000314,90,85,5
121000315,30,69,-39
121000530,1028,1042,-14
121000531,1231,1192,39
121000532,5208,5651,-443
121000533,2324,2492,-168
121000918,101,123,-22
121000919,57,60,-3
121000938,136,118,18
121000939,171,133,38
121000956,1189,994,195
121000957,4,10,-6
121000958,69,18,51
121000959,565,659,-94
121000960,1673,1711,-38
121000961,237,193,44
121000962,195,503,-308
121000973,0,107,-107
121000976,15,162,-147
121000979,307,109,198
121000981,457,285,172
121000982,321,150,171
121000983,324,305,19
121000984,21,65,-44
121000985,528,370,158
121000986,254,151,103
121000987,318,888,-570
121000988,549,112,437
121001302,317,93,224
121001308,4,6,-2
121001309,38,66,-28
121001313,310,229,81
121001314,2072,2423,-351
121001315,3298,1919,1379
121001326,317,305,12
121900001,112,158,-46
121900002,24,13,11
121900003,332,4,328
121900004,133,221,-88
121900005,17,7,10
121900006,73,13,60
121900007,1210,1696,-486
121900008,379,80,299
121900009,326,12,314
121900010,147,3,144
121900011,116,257,-141
121900012,10,1,9
121900013,1645,108,1537
121900014,908,290,618
121900015,157,197,-40
121900016,1,36,-35
121900017,565,402,163
121900018,276,8,268
121900019,342,193,149
121900020,24,3,21
121900021,764,19,745
121900022,208,184,24
121900023,72,195,-123
121900024,229,110,119
121900025,407,266,141
121900026,198,22,176
121900027,230,90,140
121900028,157,13,144
121900029,40,67,-27
121900030,424,441,-17
121900031,862,4676,-3814
121900032,68,62,6
121900033,141,136,5
121900034,232,62,170
121900035,1657,1476,181
121900036,47,243,-196
121900037,126,516,-390
121900038,23,126,-103
121900039,327,47,280
121900040,53,64,-11
121900041,63,128,-65
121900042,238,100,138
121900043,5,5,0
121900044,142,38,104
121900046,233,211,22
121900047,132,48,84
121900048,52,82,-30
121900050,22,40,-18
121900051,117,120,-3
121900052,74,25,49
121900053,370,294,76
121900054,416,663,-247
121900055,1,13,-12
121900058,153,106,47
121900059,331,111,220
121900060,84,235,-151
121900062,82,71,11
121900063,1013,346,667
121900064,230,455,-225
121900066,48,17,31
121900067,18,52,-34
121900069,167,108,59
121900070,179,50,129
121900071,250,178,72
121900072,39,129,-90
121900073,185,164,21
121900074,517,748,-231
121900075,373,410,-37
121900076,318,420,-102
121900078,44,22,22
121900079,0,0,0
121900080,754,263,491
121900082,34,87,-53
121900084,9,162,-153
121900086,8,25,-17
121900087,157,72,85
121900088,1107,1739,-632
121900089,144,260,-116
121900090,11,79,-68
121900091,50,104,-54
121900092,61,73,-12
121900093,70,39,31
121900094,25,5,20
121900095,221,93,128
121900096,859,536,323
121900097,396,159,237
121900098,2,0,2
121900099,157,72,85
121900100,196,326,-130
121900101,121,105,16
121900102,14,95,-81
121900103,397,166,231
121900104,1134,325,809
121900105,187,147,40
121900106,1,7,-6
121900107,34,19,15
121900108,1,19,-18
121900109,283,179,104
121900110,323,719,-396
121900111,1012,119,893
121900112,131,84,47
121900113,69,275,-206
121900114,47,55,-8
121900117,120,34,86
121900118,1510,536,974
121900119,204,108,96
121900120,34,1057,-1023
121900121,315,40,275
121900122,49,41,8
121900123,109,369,-260
121900124,131,167,-36
121900125,725,719,6
121900127,11,79,-68
121900128,52,60,-8
121900129,548,154,394
121900130,69,192,-123
121900131,225,81,144
121900132,29,56,-27
121900133,120,853,-733
121900134,26,147,-121
121900135,1706,199,1507
121900136,300,336,-36
121900137,31,249,-218
121900138,99,99,0
121900139,333,497,-164
121900140,65,153,-88
121900141,51,35,16
121900142,96,110,-14
121900143,12,94,-82
121900144,134,220,-86
121900145,114,155,-41
121900146,441,577,-136
121900147,76,117,-41
121900148,166,226,-60
121900149,229,525,-296
121900150,78,120,-42
121900151,73,229,-156
121900152,75,103,-28
121900153,77,560,-483
121900154,24,238,-214
121900155,0,47,-47
121900156,138,85,53
121900157,1,338,-337
121900158,66,70,-4
121900159,1,179,-178
121900160,7,224,-217
121900161,321,229,92
121900162,80,153,-73
121900163,327,541,-214
121900164,387,154,233
121900165,131,115,16
121900166,180,128,52
121900167,80,97,-17
121900168,119,205,-86
121900169,3,227,-224
121900170,5,128,-123
121900171,529,338,191
121900172,362,167,195
121900173,669,144,525
121900174,31,48,-17
121900175,107,174,-67
121900176,433,1232,-799
121900177,208,55,153
121900178,28,59,-31
121900179,289,87,202
121900180,2942,2894,48
121900182,554,193,361
121900183,660,744,-84
121900184,58,357,-299
121900186,0,255,-255
121900187,18,109,-91
121900188,420,296,124
121900189,19,72,-53
121900190,226,472,-246
121900191,61,195,-134
121900192,318,514,-196
121900193,26,132,-106
121900194,3,130,-127
121900195,52,55,-3
121900196,724,776,-52
121900197,284,1292,-1008
121900198,1036,736,300
121900199,9,26,-17
121900200,72,179,-107
121900201,784,595,189
121900202,80,391,-311
121900203,129,539,-410
121900204,679,950,-271
121900205,21,81,-60
121900206,13,21,-8
121900207,59,32,27
121900208,135,216,-81
121900209,43,44,-1
121900210,867,692,175
121900211,287,444,-157
121900212,127,79,48
121900213,157,55,102
121900214,5,272,-267
121900215,56,76,-20
121900216,51,126,-75
121900217,164,118,46
121900218,134,318,-184
121900220,82,6,76
121900221,167,487,-320
121900222,116,111,5
121900223,112,32,80
121900224,47,26,21
121900225,84,71,13
121900226,146,184,-38
121900227,185,344,-159
121900228,181,306,-125
121900230,101,88,13
121900231,169,477,-308
121900232,180,317,-137
121900233,111,125,-14
121900234,229,174,55
121900235,324,119,205
121900236,318,114,204
121900237,219,208,11
121900238,141,222,-81
121900239,144,19,125
121900240,198,65,133
121900241,26,54,-28
121900242,5,1,4
121900243,11,1,10
121900244,10,1,9
121900245,125,50,75
121900246,1467,224,1243
121900248,1135,921,214
121900250,181,231,-50
121900251,268,42,226
121900252,402,104,298
121900253,150,594,-444
121900254,515,181,334
121900255,255,63,192
121900258,2250,2005,245
121900259,327,497,-170
121900260,49,125,-76
121900261,171,448,-277
121900262,328,675,-347
121900263,180,173,7
121900264,1305,1104,201
121900265,165,216,-51
121900266,331,162,169
121900267,61,26,35
121900269,120,409,-289
121900270,19,154,-135
121900271,39,100,-61
121900273,369,1316,-947
121900274,237,168,69
121900277,432,862,-430
121900278,111,746,-635
121900279,97,169,-72
121900280,113,221,-108
121900281,201,148,53
121900284,61,9,52
121900286,122,90,32
121900287,15,28,-13
121900288,6,1,5
121900290,222,281,-59
121900291,444,472,-28
121900292,115,153,-38
121900293,913,2354,-1441
121900294,180,1,179
121900295,92,167,-75
121900296,48,57,-9
121900298,252,552,-300
121900299,0,1,-1
121900300,143,7,136
121900301,60,4,56
121900302,3,29,-26
121900303,261,282,-21
121900304,3,13,-10
121900305,1,15,-14
121900306,225,37,188
121900307,72,0,72
121900308,36,257,-221
121900309,8,184,-176
121900310,35,449,-414
121900311,362,27,335
121900312,266,30,236
121900313,295,15,280
121900314,3,53,-50
121900315,28,0,28
121900316,0,23,-23
121900317,11,4,7
121900318,1,16,-15
121900319,27,109,-82
121900320,25,53,-28
121900321,10,5,5
121900322,2,19,-17
121900323,24,11,13
121900324,5,55,-50
121900325,11,2,9
121900326,0,24,-24
121900327,2,52,-50
121900328,0,19,-19
121900329,1,162,-161
121900330,0,15,-15
121900331,50,9,41
121900332,82,17,65
121900333,30,0,30
121900334,61,49,12
122000001,1700,3464,-1764
122000002,3383,1221,2162
122000003,1624,2021,-397
122000004,2221,1269,952
122000005,1782,1359,423
122000006,1578,748,830
122000007,966,1458,-492
122000008,3340,3531,-191
122000009,290,294,-4
122000010,1804,2055,-251
122000011,2572,1066,1506
122000012,1245,1229,16
122000013,1114,774,340
122000014,1258,1061,197
122000015,1129,852,277
122000016,530,708,-178
122000017,866,787,79
122000018,1231,979,252
122000019,564,877,-313
122000020,111,167,-56
122000021,263,343,-80
122000022,942,797,145
122000023,600,1267,-667
122000024,751,908,-157
122000025,1420,1170,250
122000026,1179,833,346
122000027,516,2172,-1656
122000028,659,342,317
122000029,341,354,-13
122000030,333,127,206
122000031,177,264,-87
122000032,1514,1916,-402
122000033,560,941,-381
122000034,700,501,199
122000035,227,638,-411
122000036,570,433,137
122000037,300,183,117
122000038,216,246,-30
122000039,650,390,260
122000040,247,269,-22
122000041,400,447,-47
122000042,281,414,-133
122000043,103,97,6
122000044,97,113,-16
122000045,1071,462,609
122000046,617,601,16
122000047,282,163,119
122000048,2582,3396,-814
122000049,4600,2563,2037
122000050,1293,608,685
122000051,346,254,92
122000052,453,284,169
122000053,171,644,-473
122000054,1967,1772,195
122000055,2002,2307,-305
122000056,4030,3211,819
122000057,2755,2734,21
122000058,2484,1050,1434
122000059,2352,1385,967
122000060,657,491,166
122000061,450,371,79
122000062,1341,311,1030
122000063,1103,550,553
122000064,2709,2308,401
122000065,3824,2060,1764
122000066,611,364,247
122000067,1439,904,535
122000068,844,805,39
122000069,932,660,272
122000070,602,1371,-769
122000071,1041,1038,3
122000072,318,297,21
122000073,403,505,-102
122000074,2484,1365,1119
122000075,651,1056,-405
122000076,1665,884,781
122000077,1064,549,515
122000078,2364,2211,153
122000079,1203,1001,202
122000080,747,307,440
122000081,151,226,-75
122000082,782,704,78
122000083,1231,1943,-712
122000084,906,628,278
122000085,218,740,-522
122000086,1497,3761,-2264
122000087,249,133,116
122000088,206,272,-66
122000089,4331,1900,2431
122000090,175,353,-178
122000091,141,57,84
122000092,136,16,120
122000093,1467,1303,164
122000094,4719,1825,2894
122000095,2063,2680,-617
122000096,1774,1262,512
122000098,2389,1618,771
122000099,1945,553,1392
122000100,825,447,378
122000101,348,638,-290
122000102,1624,923,701
122000103,1752,1540,212
122000104,320,154,166
122000105,362,243,119
122000106,353,459,-106
122000107,747,322,425
122000108,328,613,-285
122000109,332,240,92
122000110,351,457,-106
122000111,2052,1044,1008
122000112,727,1073,-346
122000113,550,518,32
122000114,2256,983,1273
122000115,1471,1135,336
122000116,348,396,-48
122000117,1035,367,668
122000118,393,538,-145
122000119,2355,1631,724
122000120,1613,2753,-1140
122000121,1594,2186,-592
122000122,671,1418,-747
122000123,1392,1253,139
122000124,771,369,402
122000125,564,517,47
122000126,483,699,-216
122000127,855,950,-95
122000128,449,635,-186
122000129,393,1146,-753
122000130,2333,957,1376
122000131,992,729,263
122000132,388,380,8
122000133,765,993,-228
122000134,626,553,73
122000135,711,554,157
122000136,600,478,122
122000137,1029,594,435
122000139,1163,2680,-1517
122000140,1030,509,521
122000141,2743,714,2029
122000142,309,498,-189
122000143,310,304,6
122000144,1145,818,327
122000145,1062,580,482
122000146,651,727,-76
122000147,546,354,192
122000148,2087,1623,464
122000149,1756,1229,527
122000150,971,710,261
122000151,136,254,-118
122000152,316,281,35
122000153,317,209,108
122000154,236,159,77
122000155,1133,1837,-704
122000156,1844,1832,12
122000157,1686,1381,305
122000158,294,384,-90
122000159,589,988,-399
122000160,2312,1683,629
122000161,879,750,129
122000162,1484,1363,121
122000163,180,67,113
122000164,27,65,-38
122000165,1016,574,442
122000166,1239,929,310
122000167,194,152,42
122000168,232,441,-209
122000169,450,145,305
122000170,277,168,109
122000171,28,53,-25
122000172,1180,1105,75
122000173,1127,1786,-659
122000174,2083,684,1399
122000175,1072,266,806
122000176,309,616,-307
122000177,1106,1112,-6
122000178,2272,2029,243
122000179,1254,2018,-764
122000180,1485,1031,454
122000181,1396,2093,-697
122000182,1221,897,324
122000183,1291,808,483
122000184,2166,1650,516
122000185,1310,1112,198
122000186,385,645,-260
122000187,1602,747,855
122000188,330,162,168
122000189,196,278,-82
122000190,775,802,-27
122000191,679,461,218
122000192,827,247,580
122000193,373,537,-164
122000194,427,165,262
122000195,155,355,-200
122000196,1082,608,474
122000197,544,497,47
122000198,388,667,-279
122000199,279,287,-8
122000200,916,549,367
122000201,1289,1271,18
122000202,1237,1063,174
122000203,1832,1119,713
122000204,1109,1531,-422
122000205,1260,1153,107
122000206,1855,649,1206
122000207,1623,946,677
122000208,1867,1098,769
122000209,1900,321,1579
122000210,1530,1390,140
122000211,1235,915,320
122000212,694,396,298
122000213,857,984,-127
122000214,1622,1292,330
122000215,1508,1378,130
122000217,1554,1070,484
122000218,636,71,565
122000219,933,634,299
122000220,352,509,-157
122000221,100,362,-262
122000222,507,118,389
122000223,1133,370,763
122000225,605,260,345
122000226,1750,1351,399
122000227,243,1788,-1545
122000228,287,281,6
122000229,38,435,-397
122000230,56,356,-300
122000231,345,686,-341
122000232,628,737,-109
122000233,0,86,-86
122000234,347,142,205
122000235,710,150,560
122000236,700,112,588
122000237,135,91,44
122000238,244,244,0
122000239,593,134,459
122000240,970,611,359
122000241,1393,392,1001
122000242,470,122,348
122000243,207,72,135
122000244,58,307,-249
122000245,90,207,-117
122000246,303,147,156
122000247,425,498,-73
122000248,1052,1360,-308
122000249,826,719,107
122000250,1662,997,665
122000251,236,394,-158
122000252,437,93,344
122000253,41,164,-123
122000254,182,83,99
122000255,637,1309,-672
122000256,406,813,-407
122000257,129,264,-135
122000258,194,242,-48
122000259,24,423,-399
122000260,197,652,-455
122000261,30,195,-165
122000262,0,61,-61
122000263,262,103,159
122000264,1010,382,628
122000265,1816,722,1094
122000266,3466,668,2798
122000267,152,101,51
122000268,104,299,-195
122000269,664,278,386
122000270,596,138,458
122000271,392,759,-367
122000272,340,802,-462
122000273,318,379,-61
122000274,227,263,-36
122000275,237,240,-3
122000276,510,444,66
122000277,855,1215,-360
122000278,1305,734,571
122000279,186,316,-130
122000280,711,463,248
122000281,589,576,13
122000282,279,188,91
122000283,814,114,700
122000284,214,90,124
122000285,547,89,458
122000286,167,139,28
122000287,1083,1212,-129
122000288,406,221,185
122000291,1225,652,573
122000293,227,250,-23
122000294,119,187,-68
122000295,1352,258,1094
122000296,36,564,-528
122000297,1776,2180,-404
122000299,341,268,73
122000300,425,515,-90
122000301,8101,2933,5168
122000302,631,980,-349
122000303,2770,1100,1670
122000304,59,205,-146
122000305,891,549,342
122000306,65,609,-544
122000307,137,175,-38
122000309,111,48,63
122000310,35,93,-58
122000311,330,136,194
122000312,154,120,34
122000313,164,83,81
122000314,92,149,-57
122000315,209,52,157
122000316,606,175,431
122000317,1062,249,813
122000318,197,356,-159
122000319,189,344,-155
122000320,437,1113,-676
122000321,114,187,-73
122000322,1921,1881,40
122000323,1611,1864,-253
122000324,1066,994,72
122000325,645,1114,-469
122000326,59,86,-27
122000327,330,569,-239
122000328,651,419,232
122000330,1462,490,972
122000333,10,121,-111
122000337,768,1020,-252
122000338,301,288,13
122000340,329,340,-11
122000342,1438,801,637
122000343,433,812,-379
122000344,57,36,21
122000345,139,93,46
122000346,297,420,-123
122000348,578,553,25
122000349,64,441,-377
122000351,142,192,-50
122000352,466,130,336
122000353,77,125,-48
122000355,163,198,-35
122000356,1210,898,312
122000357,65,22,43
122000358,1,39,-38
122000359,0,22,-22
122000360,0,39,-39
122000362,11,43,-32
122000364,112,234,-122
122000365,3,25,-22
122000366,24,11,13
122000368,373,505,-132
122000370,23,42,-19
122000371,33,0,33
122000372,19,2,17
122000381,63,322,-259
122000382,70,264,-194
122000384,2247,1098,1149
122000385,55,1,54
122000386,387,894,-507
122000387,403,524,-121
122000388,1173,576,597
122000389,149,446,-297
122000390,287,190,97
122000391,242,109,133
122000392,137,166,-29
122000393,197,318,-121
122000394,477,243,234
122000395,125,126,-1
122000396,281,103,178
122000397,145,51,94
122000398,55,59,-4
122000399,120,64,56
122000400,139,390,-251
122000401,113,97,16
122000402,210,95,115
122000403,361,687,-326
122000404,122,211,-89
122000408,720,868,-148
122000503,12,67,-55
122000524,126,79,47
122000544,48,1970,-1922
122000614,341,283,58
122000616,243,1,242
122000640,89,121,-32
122000641,75,296,-221
122000642,1264,964,300
122000643,37,116,-79
122000644,113,33,80
122000645,98,158,-60
122000651,1402,689,713
122000664,132,42,90
122000665,985,468,517
122000666,604,887,-283
122000673,32,240,-208
122000674,159,47,112
122000675,1658,785,873
122000686,369,817,-448
122000687,1029,288,741
122000688,188,524,-336
122000689,639,347,292
122000690,1426,455,971
122000691,577,1631,-1054
122000692,1119,344,775
122000693,305,1261,-956
122000695,220,315,-95
122000696,274,223,51
122000698,306,433,-127
122000699,157,39,118
122000701,1091,257,834
122000702,371,1020,-649
122000703,128,58,70
122000717,126,54,72
122000718,642,1199,-557
122000719,110,68,42
122000720,364,243,121
122000724,213,224,-11
122900001,18,4,14
122900002,990,3313,-2323
122900003,282,48,234
122900004,349,26,323
122900005,86,23,63
122900006,916,165,751
122900007,133,66,67
122900008,659,30,629
122900009,426,285,141
122900010,166,106,60
122900012,153,238,-85
122900014,118,243,-125
122900015,1346,579,767
122900016,87,199,-112
122900017,365,495,-130
122900018,141,15,126
122900020,371,282,89
122900021,35,497,-462
122900022,670,585,85
122900023,199,88,111
122900024,93,88,5
122900025,11,187,-176
122900026,43,245,-202
122900027,44,567,-523
122900028,145,157,-12
122900029,3684,2464,1220
122900030,851,475,376
122900031,65,199,-134
122900032,88,274,-186
122900033,236,107,129
122900034,3432,3798,-366
122900035,6,10,-4
122900036,36,68,-32
122900037,284,81,203
122900038,105,2034,-1929
122900039,95,404,-309
122900040,254,312,-58
122900041,306,234,72
122900042,158,255,-97
122900043,321,177,144
122900044,87,254,-167
122900045,73,89,-16
122900046,150,161,-11
122900047,140,143,-3
122900048,50,122,-72
122900049,1380,119,1261
122900051,77,89,-12
122900052,128,154,-26
122900053,18,38,-20
122900055,298,81,217
122900057,201,76,125
122900061,404,131,273
122900062,418,519,-101
122900063,118,243,-125
122900064,1028,307,721
122900065,439,226,213
122900066,455,269,186
122900067,921,588,333
122900069,371,1129,-758
122900070,301,41,260
122900071,159,356,-197
122900073,28,214,-186
122900074,585,454,131
122900075,0,52,-52
122900076,7,140,-133
122900077,1,128,-127
122900078,131,64,67
122900080,44,52,-8
122900081,176,139,37
122900082,768,211,557
122900083,181,152,29
122900084,4,188,-184
122900086,7,94,-87
122900087,296,459,-163
122900088,35,136,-101
122900089,121,213,-92
122900090,11,464,-453
122900091,177,4,173
122900092,0,87,-87
122900093,0,204,-204
122900094,11,139,-128
122900095,118,11,107
122900096,329,161,168
122900097,18,32,-14
122900098,53,82,-29
122900099,54,21,33
122900100,287,72,215
122900101,343,170,173
122900102,22,47,-25
122900103,91,5,86
122900104,112,5,107
122900105,12,16,-4
122900106,2,48,-46
122900107,3,136,-133
122900108,5,168,-163
122900109,141,123,18
123000001,1551,376,1175
123000002,3360,3788,-428
123000003,3111,2950,161
123000004,2764,3332,-568
123000005,2179,2283,-104
123000006,2073,2213,-140
123000007,3513,2325,1188
123000008,2817,2812,5
123000009,4298,2532,1766
123000010,3193,3145,48
123000011,2398,719,1679
123000012,924,1773,-849
123000013,2808,747,2061
123000014,1116,2656,-1540
123000015,2928,1097,1831
123000016,3390,3387,3
123000017,2686,1690,996
123000018,74,91,-17
123000019,197,193,4
123000020,103,115,-12
123000021,55,188,-133
123000022,273,1964,-1691
123000023,1389,1254,135
123000024,1303,593,710
123000025,223,180,43
123000026,34,70,-36
123000027,333,322,11
123000028,1870,402,1468
123000029,1922,720,1202
123000030,190,308,-118
123000031,135,236,-101
123000032,288,177,111
123000033,216,77,139
123000034,1092,837,255
123000035,282,294,-12
123000036,224,744,-520
123000037,170,242,-72
123000038,48,183,-135
123000039,347,1120,-773
123000040,730,287,443
123000041,971,956,15
123000042,916,472,444
123000043,1558,4265,-2707
123000044,4150,2069,2081
123000045,4698,1918,2780
123000046,630,1257,-627
123000047,2222,837,1385
123000048,65,648,-583
123000049,5260,7329,-2069
123000050,941,1084,-143
123000051,75,165,-90
123000052,560,2412,-1852
123000053,1812,2579,-767
123000054,1000,1038,-38
123000055,781,1286,-505
123000056,1094,1378,-284
123000057,9484,5113,4371
123000058,1696,1356,340
123000059,661,438,223
123000060,742,438,304
123000061,255,545,-290
123000063,577,728,-151
123000064,845,221,624
123000065,3747,2225,1522
123000066,627,485,142
123000067,637,510,127
123000068,2148,2258,-110
123000069,5352,2428,2924
123000070,235,526,-291
123000071,578,824,-246
123000072,938,834,104
123000073,928,623,305
123000074,797,977,-180
123000075,283,702,-419
123000076,569,580,-11
123000077,1898,2283,-385
123000078,1162,1525,-363
123000079,1005,1704,-699
123000080,1865,1624,241
123000081,132,310,-178
123000082,344,794,-450
123000083,487,173,314
123000084,627,508,119
123000085,402,84,318
123000086,285,121,164
123000087,288,195,93
123000088,1377,1042,335
123000089,409,987,-578
123000090,949,767,182
123000091,1199,1208,-9
123000092,827,1001,-174
123000094,318,197,121
123000095,400,594,-194
123000096,514,349,165
123000097,315,614,-299
123000098,644,492,152
123000099,480,706,-226
123000100,501,634,-133
123000101,550,639,-89
123000102,602,518,84
123000104,319,395,-76
123000105,392,379,13
123000106,367,353,14
123000107,380,389,-9
123000108,759,804,-45
123000111,680,345,335
123000112,777,481,296
123000113,372,616,-244
123000114,358,542,-184
123000115,282,233,49
123000116,59,105,-46
123000117,1499,1325,174
123000118,372,736,-364
123000119,235,633,-398
123000120,379,634,-255
123000121,350,544,-194
123000122,277,197,80
123000123,447,582,-135
123000124,432,418,14
123000125,638,450,188
123000126,1964,4547,-2583
123000127,746,528,218
123000128,275,257,18
123000129,501,180,321
123000130,494,70,424
123000131,660,669,-9
123000132,289,425,-136
123000133,218,266,-48
123000134,283,128,155
123000135,1155,632,523
123000136,212,679,-467
123000137,142,209,-67
123000138,77,303,-226
123000139,343,80,263
123000140,91,584,-493
123000141,645,105,540
123000142,821,855,-34
123000143,1224,1743,-519
123000144,30,14,16
123000145,177,117,60
123000146,29,85,-56
123000147,98,74,24
123000149,346,290,56
123000150,158,155,3
123000151,230,388,-158
123000152,105,269,-164
123000153,265,531,-266
123000154,1346,1450,-104
123000155,1691,886,805
123000156,23,72,-49
123000157,544,671,-127
123000158,432,604,-172
123000159,2259,1627,632
123000160,1057,959,98
123000161,996,755,241
123000162,898,1077,-179
123000163,324,325,-1
123000164,1131,355,776
123000165,382,1343,-961
123000166,39,108,-69
123000167,140,330,-190
123000168,229,190,39
123000169,536,142,394
123000170,76,161,-85
123000171,384,26,358
123000172,163,436,-273
123000173,383,230,153
123000174,742,341,401
123000175,559,930,-371
123000176,597,203,394
123000177,211,684,-473
123000178,702,140,562
123000179,56,555,-499
123000180,1239,248,991
123000181,281,1416,-1135
123000182,169,350,-181
123000183,154,462,-308
123000185,569,402,167
123000186,5,614,-609
123000187,534,2,532
123000188,183,2,181
123000189,31,134,-103
123000190,44,181,-137
123000192,25,311,-286
123000193,160,965,-805
123000194,487,396,91
123000195,308,56,252
123000196,297,90,207
123000197,123,118,5
123000198,33,224,-191
123000199,32,389,-357
123000200,234,6,228
123000201,807,38,769
123000202,38,727,-689
123000203,693,76,617
123000204,72,935,-863
123000205,420,1466,-1046
123000206,1715,238,1477
123000207,203,1049,-846
123000208,630,175,455
123000209,1782,637,1145
123000210,413,1868,-1455
123000211,521,2268,-1747
123000212,2042,516,1526
123000213,604,126,478
123000215,106,190,-84
123000216,103,743,-640
123000217,174,28,146
123000218,53,429,-376
123000219,664,86,578
123000220,373,93,280
123000221,235,83,152
123000222,281,290,-9
123000223,186,287,-101
123000224,429,432,-3
123000225,221,54,167
123000226,27,217,-190
123000227,76,265,-189
123000228,174,56,118
123000229,1166,1399,-233
123000232,128,491,-363
123000233,485,164,321
123000234,126,617,-491
123000235,586,274,312
123000236,191,555,-364
123000237,197,61,136
123000238,78,359,-281
123000239,434,1033,-599
123000240,45,331,-286
123000241,528,68,460
123000242,92,148,-56
123000243,724,795,-71
123000244,749,708,41
123000245,48,156,-108
123000249,369,577,-208
123000252,695,193,502
123000253,755,403,352
123000254,458,757,-299
123000255,888,756,132
123000256,52,223,-171
123000257,1586,1271,315
123000258,1183,1239,-56
123000259,281,333,-52
123000260,400,347,53
123000261,162,89,73
123000262,140,166,-26
123000263,277,127,150
123000264,109,89,20
123000265,42,152,-110
123000266,402,581,-179
123000267,357,271,86
123000268,31,59,-28
123000269,46,69,-23
123000270,11,57,-46
123000271,87,50,37
123000272,606,292,314
123000273,246,462,-216
123000274,895,495,400
123000275,242,676,-434
123000278,2254,2007,247
123000279,91,105,-14
123000280,385,282,103
123000281,340,86,254
123000282,75,252,-177
123000283,90,74,16
123000284,51,102,-51
123000286,238,266,-28
123000287,531,202,329
123000288,1162,546,616
123000289,401,705,-304
123000291,262,674,-412
123000294,227,253,-26
123000295,944,697,247
123000296,535,365,170
123000297,618,597,21
123000298,353,350,3
123000299,184,310,-126
123000300,997,1069,-72
123000301,132,199,-67
123000302,60,138,-78
123000303,67,133,-66
123000305,751,695,56
123000306,94,116,-22
123000309,46,86,-40
123000310,51,58,-7
123000311,96,158,-62
123000312,646,910,-264
123000313,475,421,54
123000315,56,262,-206
123000316,1058,309,749
123000317,308,69,239
123000318,57,172,-115
123000329,2,16,-14
123000337,1054,298,756
123000338,526,42,484
123000339,163,190,-27
123000340,165,421,-256
123000342,51,105,-54
123000343,33,4,29
123000344,1181,399,782
123000345,301,432,-131
123000346,269,72,197
123000352,1083,683,400
123000353,18,126,-108
123000354,658,11,647
123000355,0,659,-659
123000356,296,30,266
123000357,4,142,-138
123000359,9,150,-141
123000360,119,62,57
123000361,332,269,63
123000362,233,77,156
123000363,78,109,-31
123000364,442,403,39
123000365,17,289,-272
123000366,337,1564,-1227
123000367,1046,1428,-382
123000370,21,162,-141
123000371,295,18,277
123000372,230,29,201
123000373,7,288,-281
123000374,41,173,-132
123000375,288,44,244
123000376,694,588,106
123000377,193,20,173
123000378,11,157,-146
123000379,1,186,-185
123000380,54,280,-226
123000381,136,41,95
123000382,879,116,763
123000383,154,930,-776
123000384,313,76,237
123000385,195,425,-230
123000436,26,754,-728
123000507,195,259,-64
123000508,145,654,-509
123000517,239,26,213
123000518,16,161,-145
123000519,125,59,66
123000520,40,148,-108
123000521,247,68,179
123000522,120,292,-172
123000541,6,2,4
123000542,0,17,-17
123000565,649,38,611
123000566,178,534,-356
123000567,51,198,-147
123000573,46,518,-472
123000574,503,56,447
123000575,981,873,108
123000576,523,1105,-582
123000577,56,446,-390
123000578,473,67,406
123000579,2696,4044,-1348
123000580,117,38,79
123000582,235,39,196
123000583,18,234,-216
123000584,129,174,-45
123000585,0,73,-73
123000586,88,0,88
123000596,78,81,-3
123000597,40,133,-93
123000602,20,8,12
123000603,437,577,-140
123000604,433,626,-193
123000605,832,14,818
123000606,2,327,-325
123000609,24,258,-234
123000610,113,94,19
123000613,36,181,-145
123000614,154,58,96
123000615,135,164,-29
123000616,361,40,321
123000617,83,280,-197
123000618,41,313,-272
123000619,421,41,380
123000620,15,231,-216
123000622,244,23,221
123000624,152,44,108
123000630,1004,380,624
123000631,220,1226,-1006
123000632,857,1045,-188
123000633,2,300,-298
123000634,53,77,-24
123000635,115,94,21
123000636,31,397,-366
123000637,167,20,147
123000638,470,26,444
123000639,741,2587,-1846
123000640,47,585,-538
123000648,825,180,645
123000649,245,1049,-804
123000650,252,93,159
123000651,51,227,-176
123000652,268,38,230
123000653,42,201,-159
123000654,78,140,-62
123900001,956,40,916
123900002,29,1103,-1074
123900003,290,270,20
123900005,139,158,-19
123900006,178,42,136
124000001,1437,119,1318
124000002,18,603,-585
124000003,568,150,418
124000004,54,404,-350
124000005,791,296,495
124000006,188,837,-649
124000007,434,79,355
124000008,9,383,-374
124000009,415,180,235
124000010,147,383,-236
124000011,564,288,276
124000012,204,370,-166
124000017,100,116,-16
124000018,89,61,28
124000019,83,113,-30
124000020,64,150,-86
124000021,99,73,26
124000022,94,146,-52
124000023,645,171,474
124000024,983,421,562
124000025,755,408,347
124000026,632,375,257
124000027,1215,798,417
124000028,2110,876,1234
124000031,1405,1658,-253
124000032,1835,1112,723
124000033,774,473,301
124000034,601,919,-318
124000035,278,198,80
124000036,118,461,-343
124000037,335,888,-553
124000038,50,104,-54
124000039,971,522,449
124000040,491,881,-390
124000041,252,81,171
124000042,79,307,-228
124000043,138,84,54
124000044,67,129,-62
124000045,544,409,135
124000046,254,476,-222
124000047,1147,730,417
124000048,783,969,-186
124000049,1352,629,723
124000050,619,1474,-855
124000051,621,460,161
124000052,543,880,-337
124000053,439,1125,-686
124000054,914,464,450
124000055,1270,1950,-680
124000056,1736,1439,297
124000057,839,444,395
124000058,354,1181,-827
124000059,515,919,-404
124000060,1036,587,449
124000061,1238,4308,-3070
124000062,5482,1783,3699
124000063,1260,1578,-318
124000064,2043,1340,703
124000065,150,378,-228
124000066,305,124,181
124000067,120,146,-26
124000068,39,117,-78
124000069,451,161,290
124000070,215,408,-193
124000071,525,97,428
124000072,286,400,-114
124000073,756,135,621
124000074,216,627,-411
124000075,179,34,145
124000076,12,106,-94
124000077,1820,622,1198
124000078,2403,1100,1303
124000079,312,919,-607
124000080,351,188,163
124000081,153,347,-194
124000082,41,133,-92
124000083,89,101,-12
124000084,80,321,-241
124000085,145,25,120
124000086,49,77,-28
124000087,161,88,73
124000088,110,219,-109
124000089,670,318,352
124000090,83,303,-220
124000091,460,116,344
124000092,106,562,-456
124000093,92,83,9
124000094,83,336,-253
124000095,107,66,41
124000096,124,175,-51
124000097,114,127,-13
124000098,68,115,-47
124000099,198,108,90
124000100,89,88,1
124000101,73,113,-40
124000102,76,62,14
124000103,76,128,-52
124000104,101,49,52
124000105,63,110,-47
124000106,99,69,30
124000107,7,113,-106
124000108,56,26,30
124000109,117,101,16
124000110,290,126,164
124000111,156,129,27
124000112,579,650,-71
124000113,62,77,-15
124000114,279,439,-160
124000115,411,592,-181
124000116,94,131,-37
124000117,45,83,-38
124000118,50,90,-40
124000119,698,329,369
124000120,325,305,20
124000121,1833,800,1033
124000122,424,1027,-603
124000123,752,398,354
124000124,453,1001,-548
124000125,280,372,-92
124000126,224,500,-276
124000127,645,311,334
124000128,476,782,-306
124000129,1748,1465,283
124000130,741,585,156
124000131,848,528,320
124000132,825,719,106
124000133,607,705,-98
124000134,663,580,83
124000135,1326,1330,-4
124000136,738,970,-232
124000137,897,534,363
124000138,969,1003,-34
124000139,639,46,593
124000140,46,483,-437
124000141,537,32,505
124000142,47,537,-490
124000143,73,8,65
124000144,14,188,-174
124000145,72,26,46
124000146,39,91,-52
124000148,16,82,-66
124000149,895,391,504
124000150,318,574,-256
124000151,700,303,397
124000152,670,936,-266
124000153,511,545,-34
124000154,317,472,-155
124000155,1018,804,214
124000156,1470,791,679
124000169,151,278,-127
124000170,385,367,18
124000171,169,161,8
124000172,303,397,-94
124000173,358,195,163
124000174,356,368,-12
124000175,3,91,-88
124000176,36,14,22
124000177,8,27,-19
124000178,22,33,-11
124000185,40,11,29
124000186,8,50,-42
124000187,7,76,-69
124000188,55,2,53
124000190,111,29,82
124000191,136,101,35
124000192,1419,283,1136
124000193,339,696,-357
124000194,403,416,-13
124000195,208,468,-260
124000196,1000,928,72
124000197,40,37,3
124000198,14,43,-29
124000201,370,705,-335
124000202,594,316,278
124000203,396,446,-50
124000204,534,353,181
124000205,124,420,-296
124000206,640,327,313
124000207,0,49,-49
124000209,143,239,-96
124000210,378,133,245
124000211,487,4,483
124000212,2,343,-341
124000213,338,235,103
124000214,252,375,-123
124000215,418,41,377
124000216,9,398,-389
124000329,132,1307,-1175
124000338,120,590,-470
124000339,676,121,555
124000341,1085,128,957
124000344,20,0,20
124000357,1288,2325,-1037
124000358,1222,2275,-1053
124000359,899,749,150
124000360,658,482,176
124000361,1301,616,685
124000362,859,1122,-263
124000363,244,343,-99
124000364,592,716,-124
124000365,738,1042,-304
124000366,1712,1345,367
124000367,127,399,-272
124000368,318,249,69
124000369,93,77,16
124000370,39,399,-360
124000402,47,8,39
124000403,83,33,50
124000404,6,113,-107
124000405,799,673,126
124000406,581,768,-187
124000407,5,36,-31
124000411,9,246,-237
124000412,367,8,359
124000413,345,37,308
124000414,59,114,-55
124000415,69,114,-45
124000416,122,226,-104
124000417,125,81,44
124000418,118,75,43
124000419,73,87,-14
124000420,50,50,0
124000421,42,183,-141
124000422,28,23,5
124000423,132,31,101
124000424,6,127,-121
124000425,77,16,61
124000426,2,150,-148
124000427,101,11,90
124000428,9,40,-31
124000429,50,50,0
124000430,524,299,225
124000431,257,350,-93
124000432,156,620,-464
124000439,30,3,27
124000443,2,66,-64
124000445,722,687,35
124000446,1340,91,1249
124000447,23,122,-99
124000448,54,10,44
124000449,124,13,111
124000450,18,182,-164
124000451,6,95,-89
124000452,426,75,351
124000453,2062,3262,-1200
124000454,2594,4434,-1840
124000455,12,761,-749
124000456,272,6,266
124000457,36,225,-189
124000458,5,225,-220
124000459,183,1,182
124000460,5,218,-213
124900001,444,380,64
124900002,109,269,-160
124900003,885,573,312
124900004,431,322,109
124900005,203,108,95
124900006,545,313,232
124900008,930,470,460
124900009,127,200,-73
124900010,115,75,40
124900011,270,270,0
124900012,315,104,211
124900013,474,151,323
124900014,219,79,140
124900015,111,192,-81
124900016,43,53,-10
124900017,614,1053,-439
124900018,40,19,21
124900020,67,38,29
124900021,135,33,102
124900022,74,15,59
124900024,223,12,211
124900026,126,4,122
124900027,94,315,-221
124900028,274,63,211
124900029,18,433,-415
124900030,6,65,-59
124900031,29,220,-191
124900032,132,174,-42
124900033,87,192,-105
124900034,2,64,-62
124900035,134,287,-153
124900036,0,52,-52
124900037,178,194,-16
124900038,217,348,-131
124900039,6,38,-32
124900040,132,68,64
124900041,228,974,-746
124900042,109,1,108
124900043,428,999,-571
124900044,42,3,39
124900045,422,899,-477
124900047,108,160,-52
124900048,138,104,34
124900050,132,235,-103
124900052,100,293,-193
124900053,145,255,-110
124900054,1708,414,1294
124900055,1,165,-164
124900057,11,304,-293
124900060,59,175,-116
124900061,85,9,76
124900062,139,19,120
124900066,0,11,-11
124900067,17,150,-133
124900068,221,343,-122
124900070,48,23,25
124900072,74,54,20
124900075,177,171,6
124900076,22,933,-911
124900077,41,81,-40
124900078,57,13,44
124900079,596,137,459
124900080,227,577,-350
124900081,768,301,467
124900082,412,923,-511
124900083,252,394,-142
124900085,1171,298,873
124900086,48,995,-947
124900087,600,68,532
124900088,473,83,390
124900089,1204,17,1187
124900090,223,188,35
124900091,226,295,-69
124900092,164,198,-34
124900093,266,110,156
124900094,258,247,11
124900095,60,317,-257
124900096,337,146,191
124900097,195,51,144
124900098,128,248,-120
124900099,417,347,70
124900100,229,38,191
124900101,59,284,-225
124900102,145,19,126
124900103,114,156,-42
124900104,83,160,-77
124900105,74,90,-16
124900106,226,40,186
124900107,77,10,67
124900108,186,57,129
124900111,0,85,-85
124900112,46,345,-299
124900113,106,201,-95
124900114,153,141,12
124900115,47,26,21
124900116,137,109,28
124900117,266,100,166
124900118,205,199,6
124900119,294,161,133
124900120,41,295,-254
124900121,92,291,-199
124900122,291,183,108
124900123,304,95,209
124900124,67,261,-194
124900125,479,9,470
124900126,2,363,-361
204000001,64,6,58
204000002,23,8,15
204000003,16,4,12
204000004,2,0,2
204000005,720,569,151
204000006,1241,1252,-11
204000011,12,38,-26
204000012,71,103,-32
204000019,530,516,14
204000020,594,614,-20
204000021,1440,730,710
204000022,538,417,121
204000023,459,830,-371
204000031,224,21,203
204000032,727,20,707
204000034,36,146,-110
204000035,0,3,-3
204000036,9,15,-6
204000037,4,10,-6
204000038,1,12,-11
204000039,2,15,-13
204000040,2,10,-8
204000041,6,15,-9
204000042,18,8,10
204000043,31,2,29
204000044,31,6,25
204000045,12,0,12
204000046,6,2,4
204000057,9,16,-7
204000062,30,66,-36
204000068,39,246,-207
204000069,36,283,-247
204000070,68,79,-11
204000080,55,94,-39
204000085,2307,1909,398
204000086,2650,2005,645
204000087,38,15,23
204000088,7,87,-80
204000090,59,195,-136
204000093,232,65,167
204000096,639,1203,-564
204000097,328,29,299
204000099,1057,1309,-252
204000100,1285,1999,-714
204000105,2457,1536,921
204000110,593,1119,-526
204000111,446,572,-126
204000112,1325,637,688
204000113,402,684,-282
204000114,583,607,-24
204000115,441,376,65
204000116,1399,570,829
204000119,1838,2709,-871
204000132,650,309,341
204000133,826,422,404
204000134,204,157,47
204000135,701,104,597
204000136,647,216,431
204000138,452,439,13
204000140,223,177,46
204000141,132,61,71
204000144,28,16,12
204000145,372,37,335
204000146,13,279,-266
204000147,49,179,-130
204000148,269,22,247
204000154,4,8,-4
204000155,3,2,1
204000177,54,26,28
204000179,32,6,26
204000180,1,35,-34
204000222,2,6,-4
204000235,24,9,15
204000236,70,284,-214
204000238,19,20,-1
204000240,287,108,179
204000263,740,1015,-275
204000268,1044,738,306
204000308,199,19,180
204000317,11,56,-45
204000322,14,30,-16
204000323,15,11,4
204000328,164,72,92
204000329,87,138,-51
204000330,145,59,86
204000331,113,206,-93
205000001,983,1644,-661
205000013,6,51,-45
205000014,17,65,-48
205000015,14,160,-146
205000016,25,142,-117
205000017,21,82,-61
205000022,437,826,-389
205000025,1564,1228,336
205000029,157,6,151
205000045,107,294,-187
205000046,97,611,-514
205000047,40,452,-412
205000048,389,1293,-904
205000049,202,983,-781
205000050,830,401,429
205000059,0,236,-236
205000060,1,89,-88
205000061,3,77,-74
205000062,2,59,-57
205000063,28,69,-41
205000064,23,66,-43
205000065,50,578,-528
205000066,135,767,-632
205000067,28,876,-848
205000069,126,12,114
205000082,171,111,60
205000110,94,283,-189
205000111,214,281,-67
205000112,193,192,1
205000113,202,391,-189
205000121,212,46,166
205000123,31,199,-168
205000126,386,124,262
205000127,840,222,618
205000128,558,80,478
205000129,572,119,453
205000130,325,31,294
205000131,178,6,172
205000132,403,7,396
205000133,241,0,241
205000134,268,0,268
205000137,46,138,-92
205000138,142,266,-124
205000139,35,130,-95
205000144,106,82,24
205000145,327,146,181
205000151,98,39,59
205000152,148,18,130
205000153,203,43,160
205000154,83,53,30
205000155,108,9,99
205000207,3,142,-139
205000233,26,0,26
205000234,0,3,-3
205000243,0,0,0
205000244,0,5,-5
205000245,9,138,-129
205000249,0,34,-34
205000250,3,2,1
205000264,5,85,-80
206000027,3,2,1
206000028,5,4,1
206000043,3,41,-38
206000053,3,7,-4
206000054,0,18,-18
206000055,1,14,-13
206000075,9,20,-11
206000076,13,16,-3
206000077,10,8,2
206000078,13,5,8
206000079,10,8,2
206000082,222,39,183
206000100,45,339,-294
206000103,4,10,-6
206000104,9,16,-7
206000105,6,6,0
206000106,6,12,-6
206000125,55,0,55
206000157,42,362,-320
206000170,0,116,-116
206000171,1,106,-105
206000172,4,278,-274
206000173,0,207,-207
206000174,9,48,-39
206000175,1,66,-65
206000176,8,128,-120
206000177,0,128,-128
206000178,5,96,-91
206000179,5,74,-69
206000180,13,100,-87
206000181,7,98,-91
206000182,9,119,-110
206000183,13,321,-308
206000184,3,200,-197
206000185,9,101,-92
206000186,67,670,-603
206000223,3,145,-142
206000226,14,0,14
206000227,13,1,12
206000237,19,214,-195
206000238,17,423,-406
206000239,215,1362,-1147
206000240,5,69,-64
206000241,1,58,-57
206000242,10,177,-167
206000243,9,170,-161
206000244,59,391,-332
206000245,457,44,413
206000246,121,14,107
206000247,170,11,159
206000248,242,11,231
206000252,80,42,38
206000258,35,31,4
206000315,20,2,18
206000317,365,90,275
206000318,284,60,224
206000319,687,66,621
206000320,100,36,64
206000321,111,9,102
206000322,229,14,215
206000323,88,6,82
206000324,99,5,94
206000325,109,11,98
206000326,117,15,102
206000327,296,11,285
206000328,115,3,112
206000329,168,5,163
206000330,41,9,32
206000331,137,8,129
206000332,27,0,27
206000333,319,2,317
206000334,134,1,133
206000335,0,13,-13
206000361,6,115,-109
206000392,3,8,-5
206000405,99,0,99
206000441,12,14,-2
206000498,27,5,22
206000515,73,32,41
206000530,150,43,107
206000531,111,148,-37
206000532,1047,222,825
206000535,229,1262,-1033
206000536,25,106,-81
206000537,13,135,-122
206000613,899,187,712
206000784,365,33,332
207000001,191,520,-329
207000002,83,289,-206
207000003,141,156,-15
207000007,742,236,506
207000008,81,12,69
207000009,49,45,4
207000010,362,381,-19
207000012,230,241,-11
207000015,285,1075,-790
207000019,214,68,146
207000021,466,171,295
207000022,145,100,45
207000023,174,42,132
207000024,3,11,-8
207000025,20,74,-54
207000026,98,40,58
207000027,26,62,-36
207000028,44,162,-118
207000029,194,374,-180
207000033,241,302,-61
207000034,255,68,187
207000039,264,131,133
207000040,229,75,154
207000041,153,26,127
207000042,178,62,116
207000043,167,180,-13
207000051,116,204,-88
207000052,76,141,-65
207000053,393,476,-83
207000054,56,101,-45
207000055,151,123,28
207000056,294,265,29
207000057,111,221,-110
207000058,180,253,-73
207000059,117,497,-380
207000060,66,184,-118
207000061,234,404,-170
207000062,287,47,240
207000063,288,131,157
207000064,277,139,138
207000065,299,204,95
207000066,186,123,63
207000067,38,113,-75
207000068,125,60,65
207000069,597,333,264
207000082,8,226,-218
207000083,53,267,-214
207000084,172,256,-84
207000085,160,12,148
207000086,139,6,133
207000106,35,30,5
207000107,78,35,43
207000108,37,10,27
207000109,69,13,56
207000110,58,54,4
207000111,56,87,-31
207000112,131,495,-364
207000114,30,54,-24
207000115,22,58,-36
207000116,25,271,-246
207000117,8,79,-71
207000118,10,66,-56
207000119,34,60,-26
207000123,170,25,145
207000124,51,19,32
207000125,54,49,5
207000126,54,57,-3
207000134,84,120,-36
207000135,12,200,-188
207000148,57,254,-197
207000149,80,29,51
207000152,115,282,-167
207000153,813,1096,-283
207000154,374,147,227
207000159,87,186,-99
207000160,131,387,-256
207000238,1,217,-216
207000242,3,151,-148
207000248,29,18,11
207000249,162,33,129
207000250,651,63,588
207000251,98,64,34
207000252,77,63,14
207000278,68,97,-29
207000279,31,149,-118
207000280,425,59,366
207000281,82,829,-747
207000282,164,63,101
207000283,94,152,-58
207000284,67,169,-102
207000285,114,36,78
207000291,21,94,-73
207000304,75,65,10
207000306,70,354,-284
207000310,63,94,-31
207000353,329,5,324
207000356,21,21,0
207000357,12,10,2
207000358,3,14,-11
207000415,3,164,-161
207000417,35,3,32
207000418,116,132,-16
207000438,0,1,-1
207000439,907,530,377
207000446,123,15,108
207000460,9,10,-1
207000466,183,118,65
207000467,158,107,51
207000468,50,282,-232
207000476,7,52,-45
207000477,456,58,398
207000478,2,21,-19
207000523,0,5,-5
207000524,86,0,86
207000527,105,178,-73
207000530,400,8,392
207000531,287,17,270
207000532,103,27,76
207000534,331,41,290
207000535,48,243,-195
207000537,66,111,-45
207000540,12,201,-189
207000541,3,337,-334
207000548,7,236,-229
207000549,352,18,334
207000561,121,161,-40
207000562,49,153,-104
207000567,163,232,-69
207000568,208,84,124
207000569,448,698,-250
207000584,316,136,180
207000585,44,248,-204
207000587,147,25,122
207000616,0,112,-112
207000617,124,0,124
207000624,58,54,4
207000631,12,69,-57
207900008,234,143,91
208000001,582,868,-286
208000002,672,483,189
208000003,1121,429,692
208000004,1124,710,414
208000005,11,11,0
208000019,479,998,-519
208000020,132,506,-374
208000021,258,323,-65
208000022,946,403,543
208000028,1147,785,362
208000033,505,469,36
208000034,888,1035,-147
208000037,250,20,230
208000040,135,182,-47
208000041,804,505,299
208000042,1163,574,589
208000047,160,288,-128
208000064,2090,1327,763
208000066,1542,2147,-605
208000070,272,331,-59
208000071,345,807,-462
208000072,307,1222,-915
208000080,298,307,-9
208000081,316,159,157
208000082,268,283,-15
208000083,123,449,-326
208000084,11,16,-5
208000085,907,664,243
208000086,432,1140,-708
208000087,337,921,-584
208000089,1052,352,700
208000090,844,559,285
208000093,253,161,92
208000094,580,367,213
208000095,567,356,211
208000104,679,910,-231
208000105,618,981,-363
208000114,106,258,-152
208000115,406,301,105
208000116,499,920,-421
208000117,183,182,1
208000118,89,127,-38
208000155,700,1106,-406
208000158,1254,2819,-1565
208000186,3626,4049,-423
208000204,566,889,-323
208000205,1169,902,267
208000282,5674,2802,2872
209000004,251,169,82
209000005,78,26,52
209000006,387,160,227
209000007,206,254,-48
209000010,369,112,257
209000011,135,193,-58
209000012,153,156,-3
209000013,186,286,-100
209000014,648,777,-129
209000025,243,33,210
209000026,565,129,436
209000027,608,708,-100
209000028,388,551,-163
209000029,603,477,126
209000030,660,974,-314
209000031,2231,1694,537
209000034,111,170,-59
209000035,77,168,-91
209000036,134,128,6
209000037,223,204,19
209000038,126,157,-31
209000039,38,153,-115
209000040,185,440,-255
209000041,122,401,-279
209000042,264,392,-128
209000043,529,816,-287
209000044,163,704,-541
209000045,1561,419,1142
209000046,569,553,16
209000047,434,130,304
209000048,484,267,217
209000049,114,102,12
209000050,184,132,52
209000051,312,302,10
209000052,193,276,-83
209000062,33,83,-50
209000063,54,63,-9
209000064,48,84,-36
209000065,67,28,39
209000066,57,32,25
209000067,87,44,43
209000080,24,251,-227
209000082,86,37,49
209000091,31,102,-71
209000093,27,17,10
209000094,193,162,31
209000110,27,112,-85
209000111,316,1062,-746
209000112,644,571,73
209000113,1019,565,454
209000114,428,312,116
209000115,80,157,-77
209000116,639,470,169
209000118,21,46,-25
209000119,40,15,25
209000121,149,408,-259
209000135,42,157,-115
209000142,520,1011,-491
209000143,79,71,8
209000144,32,92,-60
209000229,250,157,93
209000240,45,252,-207
209000259,132,109,23
209000260,39,686,-647
209000261,3,375,-372
209000262,1,356,-355
209000263,0,216,-216
209000264,0,50,-50
209000265,594,2,592
209000266,130,3,127
209000267,735,8,727
209000268,487,35,452
210000037,53,24,29
210000047,65,32,33
210000048,104,16,88
210000049,41,7,34
210000052,59,78,-19
210000053,67,57,10
210000054,91,69,22
210000070,137,2,135
210000071,103,0,103
210000072,42,0,42
210000073,0,20,-20
210000074,0,84,-84
210000075,1,125,-124
210000076,18,152,-134
210000077,31,55,-24
210000078,37,35,2
210000079,24,11,13
210000080,142,56,86
210000081,168,8,160
210000082,191,3,188
210000083,90,0,90
210000084,42,0,42
210000085,0,78,-78
210000086,0,101,-101
210000099,31,220,-189
210000100,41,168,-127
210000101,62,182,-120
210000105,56,169,-113
210000159,0,172,-172
210000163,123,195,-72
210000164,223,178,45
210000168,165,29,136
210000187,0,11,-11
210000188,0,17,-17
210000214,50,0,50
210000219,22,58,-36
210000220,74,44,30
210000232,2,28,-26
210000233,44,50,-6
210000234,15,116,-101
210000235,31,58,-27
210000245,0,46,-46
210000246,99,60,39
210000258,13,87,-74
210000259,282,51,231
210000282,86,242,-156
210000285,1,132,-131
210000286,11,130,-119
210000290,2,5,-3
210000295,34,147,-113
210000296,38,31,7
210000320,114,37,77
210000321,106,57,49
210000338,59,65,-6
210000339,270,898,-628
210000340,115,275,-160
210000341,200,223,-23
210000342,217,162,55
210000343,147,155,-8
210000344,239,97,142
210000345,116,131,-15
210000346,43,70,-27
210000347,44,31,13
210000348,92,14,78
210000349,71,15,56
210000350,93,71,22
210000351,124,78,46
210000352,46,74,-28
210000353,61,99,-38
210000354,70,84,-14
210000355,60,71,-11
210000356,27,37,-10
210000357,71,19,52
210000358,164,94,70
210000359,84,77,7
210000360,145,118,27
210000361,167,151,16
210000362,205,206,-1
210000363,693,255,438
210000364,100,113,-13
210000365,135,67,68
210000366,112,40,72
210000367,98,27,71
210000368,94,29,65
210000369,15,16,-1
210000370,45,41,4
210000372,25,50,-25
210000373,41,26,15
210000374,37,12,25
210000375,38,46,-8
210000376,61,117,-56
210000404,47,104,-57
210000439,34,35,-1
210000472,133,3,130
210000482,91,90,1
210000564,344,218,126
210000567,2,28,-26
210000568,250,2,248
211000092,24,28,-4
211000094,19,10,9
211000169,180,11,169
211000172,10,237,-227
211000209,1,20,-19
211000226,9,47,-38
211000270,20,14,6
211000275,16,12,4
211000276,68,23,45
211000279,11,20,-9
211000281,75,24,51
211000302,26,57,-31
211507980,8,44,-36
211977296,22,10,12
212000003,122,38,84
212000004,52,22,30
212000005,20,28,-8
212000006,57,71,-14
212000008,133,251,-118
212000009,20,91,-71
212000012,68,68,0
212000013,33,56,-23
212000014,174,153,21
212000015,281,243,38
212000016,334,531,-197
212000027,468,406,62
212000028,326,382,-56
212000029,181,275,-94
212000030,41,29,12
212000031,62,54,8
212000048,53,141,-88
212000049,15,109,-94
212000050,35,11,24
212000051,199,204,-5
212000052,153,256,-103
212000053,457,581,-124
212000054,162,118,44
212000055,199,212,-13
212000056,13,43,-30
212000057,13,29,-16
212000058,195,28,167
212000070,102,178,-76
212000077,138,641,-503
212000099,150,297,-147
212000108,174,143,31
212000111,151,100,51
212000120,132,98,34
212000138,92,33,59
212000156,14,101,-87
212000158,8,19,-11
212000159,315,55,260
212000160,474,251,223
212000161,44,12,32
212000310,62,24,38
212000311,12,38,-26
212000374,22,17,5
213000001,20,323,-303
213000005,246,131,115
213000006,774,233,541
213000007,137,11,126
213000009,788,470,318
213000010,118,241,-123
213000011,143,91,52
213000012,107,307,-200
213000014,68,7,61
213000015,175,3,172
213000016,342,3,339
213000017,93,0,93
213000018,0,139,-139
213000019,1,185,-184
213000020,95,409,-314
213000021,0,111,-111
213000023,279,120,159
213000033,266,1452,-1186
213000034,704,213,491
213000035,92,207,-115
213000045,133,256,-123
213000046,170,185,-15
213000047,717,1250,-533
213000056,119,28,91
213000069,82,3,79
213000073,0,21,-21
213000074,34,353,-319
213000075,488,5,483
213000076,45,2,43
213000085,8,46,-38
213000086,33,167,-134
213000091,132,22,110
213000092,84,5,79
213000099,146,998,-852
213000100,980,219,761
213000101,284,106,178
213000102,377,237,140
213000103,658,671,-13
213000104,47,338,-291
213000105,3,160,-157
213000106,37,91,-54
213000107,122,468,-346
213000108,37,428,-391
213000109,13,228,-215
213000110,10,61,-51
213000111,17,68,-51
213000112,163,91,72
213000115,45,0,45
213000116,52,348,-296
213000117,12,648,-636
213000118,244,200,44
213000119,46,580,-534
213000120,97,421,-324
213000122,126,453,-327
213000123,309,1070,-761
213000124,103,987,-884
213000125,78,19,59
213000126,37,112,-75
213000127,138,165,-27
213000128,421,807,-386
213000129,244,363,-119
213000130,341,238,103
213000132,179,81,98
213000133,390,65,325
213000134,562,49,513
213000136,395,20,375
213000137,424,97,327
213000139,394,14,380
213000147,66,5,61
213000148,32,5,27
213000149,66,11,55
213000150,0,95,-95
213000151,4,75,-71
213000152,5,85,-80
213000153,7,51,-44
213000154,33,184,-151
213000155,24,165,-141
213000156,91,447,-356
213000157,423,372,51
213000158,266,675,-409
213000159,354,494,-140
213000163,587,82,505
213000165,590,202,388
213000171,33,148,-115
213000172,52,301,-249
213000173,3,148,-145
213000174,2,31,-29
213000175,29,34,-5
213000176,6,127,-121
213000177,12,14,-2
213000178,51,3,48
213000179,147,71,76
213000180,158,73,85
213000184,139,292,-153
213000188,257,103,154
213000189,227,48,179
213000190,810,676,134
213000191,255,385,-130
213000192,184,383,-199
213000193,704,200,504
213000194,1,56,-55
213000195,9,382,-373
213000196,223,982,-759
213000197,324,454,-130
213000198,43,2,41
213000200,137,812,-675
213000201,52,23,29
213000202,7,500,-493
213000203,3168,605,2563
213000204,567,85,482
213000205,132,96,36
213000206,316,73,243
213000207,136,15,121
213000208,119,2,117
213000209,158,3,155
213000210,495,2,493
213000211,4,23,-19
213000212,37,40,-3
213000213,34,33,1
213000218,189,526,-337
213000219,320,14,306
213000220,358,19,339
213000223,184,176,8
213000224,34,47,-13
213000225,91,3,88
213000226,56,21,35
213000227,620,204,416
213000228,331,115,216
213000229,373,25,348
213000230,428,26,402
213000232,79,808,-729
213000233,7,33,-26
213000234,6,42,-36
213000293,27,63,-36
213000294,113,19,94
213000295,49,70,-21
213000296,48,30,18
213000297,7,72,-65
213000298,26,91,-65
213000299,63,52,11
213000300,44,5,39
213000303,5,38,-33
213000304,4,10,-6
213000305,21,7,14
213000306,56,28,28
213000307,165,74,91
213000308,89,172,-83
213000309,151,55,96
213000310,347,137,210
213000311,291,580,-289
213000315,62,99,-37
213000316,126,47,79
213000322,33,31,2
213000323,23,36,-13
213000340,145,459,-314
213000341,333,116,217
213000346,248,161,87
213000347,711,284,427
213000348,15,74,-59
213000349,27,15,12
213000350,285,853,-568
213000366,54,239,-185
213000367,264,33,231
213000379,91,48,43
213000386,22,197,-175
213000406,48,282,-234
213000417,933,470,463
213000425,108,25,83
213000426,107,24,83
213000427,52,154,-102
213000428,22,183,-161
213000429,26,4,22
213000430,132,597,-465
213000431,255,5,250
213000432,1,96,-95
213000433,16,127,-111
213000434,51,69,-18
213000435,70,81,-11
213000439,57,32,25
213000441,4,4,0
213000443,435,298,137
213000445,0,60,-60
213000446,1,131,-130
213000447,3,35,-32
213000448,8,83,-75
213000449,168,1,167
213000450,10,35,-25
213000451,146,42,104
213000452,18,21,-3
213000453,39,226,-187
213000455,442,45,397
213000456,0,199,-199
213000481,69,3,66
213000482,70,1,69
213000489,346,60,286
213000491,0,218,-218
213000492,233,4,229
213000493,0,76,-76
213000494,96,103,-7
213000495,0,82,-82
213000496,263,134,129
213000497,62,190,-128
213000498,92,135,-43
213000499,148,316,-168
213000500,269,52,217
213000501,80,20,60
213000502,172,72,100
213000503,1,50,-49
213000504,4,62,-58
213000505,1,19,-18
213000506,0,5,-5
213000507,1,79,-78
213900244,14,0,14
213900245,0,22,-22
218000003,27,44,-17
218000004,31,19,12
218000005,97,29,68
218000006,47,32,15
218000007,7,23,-16
218000012,168,138,30
218000013,140,116,24
218000014,300,369,-69
218000019,870,557,313
218000020,234,391,-157
218000040,11,2,9
218000046,42,73,-31
218000047,8,114,-106
218000048,30,87,-57
218000049,79,106,-27
218000050,259,215,44
218000051,61,250,-189
218000052,1,93,-92
218000053,0,11,-11
218000054,14,26,-12
218000055,5,13,-8
218000056,21,18,3
218000057,3,20,-17
218000064,3,10,-7
218000065,69,36,33
218000066,21,56,-35
218000067,35,81,-46
218000068,64,77,-13
218000069,166,147,19
218000070,273,211,62
218000071,152,207,-55
218000072,230,148,82
218000078,745,687,58
218000079,60,78,-18
218000080,81,70,11
218000081,268,227,41
218000082,33,115,-82
218000083,65,47,18
218000084,86,94,-8
218000085,128,226,-98
218000086,54,124,-70
218000087,220,134,86
218000090,16,148,-132
218000091,838,440,398
218000092,58,150,-92
218000093,92,52,40
218000094,384,658,-274
218000099,202,564,-362
218000100,231,291,-60
218000101,274,153,121
218000102,389,225,164
218000103,69,97,-28
218000104,76,24,52
218000105,17,29,-12
218000106,19,12,7
218000107,46,58,-12
218000108,7,49,-42
218000112,44,25,19
218000117,61,40,21
218000134,404,540,-136
218000135,13,106,-93
218000136,127,119,8
218000137,188,146,42
218000138,27,105,-78
218000139,106,295,-189
218000140,282,223,59
218000141,78,63,15
218000142,193,177,16
218000143,88,212,-124
218000144,58,84,-26
218000145,216,302,-86
218000146,68,175,-107
218000151,4,22,-18
218000152,120,85,35
218000170,11,42,-31
218000171,54,6,48
218000172,40,7,33
218000173,31,10,21
218000174,21,6,15
218000176,179,27,152
218000177,244,162,82
218000178,67,163,-96
218000179,128,42,86
218000180,51,20,31
218000181,128,38,90
218000187,8,29,-21
218000188,18,41,-23
218000189,32,64,-32
218000190,12,5,7
218000191,155,72,83
218000192,131,206,-75
218000193,306,285,21
218000194,66,232,-166
218000195,91,69,22
218000196,224,269,-45
218000197,212,318,-106
218000198,19,171,-152
218000199,37,46,-9
218000200,96,29,67
218000201,16,20,-4
218000202,66,239,-173
218000207,8,13,-5
218000208,43,39,4
218000211,89,12,77
218000213,81,55,26
218000214,0,12,-12
218000215,31,40,-9
218000217,3,72,-69
218000218,104,36,68
218000219,34,20,14
218000220,103,276,-173
218000221,635,180,455
218000222,20,25,-5
218000223,25,187,-162
218000224,6,82,-76
218000225,147,16,131
218000226,133,42,91
218000232,52,53,-1
218000239,264,22,242
218000240,51,6,45
218000241,60,3,57
218000242,89,1,88
218000243,103,3,100
218000244,71,10,61
218000245,26,4,22
218000246,16,1,15
218000247,10,1,9
218000248,0,23,-23
218000249,1,4,-3
218000250,4,7,-3
218000251,9,8,1
218000252,12,14,-2
218000253,7,14,-7
218000254,1,3,-2
218000255,0,16,-16
218000256,10,57,-47
218000267,513,966,-453
218000268,10,44,-34
218000269,3,9,-6
218000270,129,63,66
218000271,16,63,-47
218000273,9,8,1
218000274,19,7,12
218000275,25,55,-30
218000276,13,46,-33
218000278,13,25,-12
218000279,64,83,-19
218000280,11,48,-37
218000281,11,6,5
218000282,445,345,100
218000284,86,7,79
218000301,72,103,-31
218000302,78,42,36
218000303,59,36,23
218000316,551,1031,-480
218000317,822,1104,-282
218000318,494,865,-371
218000319,850,949,-99
218000320,605,595,10
218000338,56,23,33
218000345,99,66,33
218000346,50,161,-111
218000459,24,151,-127
218000490,71,28,43
218000501,62,49,13
218000502,25,73,-48
218000503,71,27,44
218000504,181,33,148
218000505,39,145,-106
218000506,28,311,-283
218000508,0,8,-8
218000510,181,11,170
218000520,109,94,15
218000521,25,43,-18
218000522,1,127,-126
218000523,136,2,134
218000524,45,118,-73
218000525,113,11,102
218000526,61,120,-59
218000529,34,128,-94
218000531,10,12,-2
218000532,15,28,-13
218000534,75,16,59
218000537,33,45,-12
218000538,131,208,-77
218000540,241,77,164
218000543,92,33,59
218000544,27,97,-70
218000545,34,40,-6
218000546,32,65,-33
218000547,65,115,-50
218000548,182,84,98
218000549,330,339,-9
218000550,147,253,-106
218000551,113,967,-854
218000552,415,34,381
218000553,42,93,-51
218000554,57,21,36
218000555,35,40,-5
218000556,192,198,-6
218000557,242,174,68
218000558,36,3,33
218000559,0,17,-17
218000560,0,19,-19
218000561,44,0,44
218000562,27,132,-105
218000563,135,17,118
218000564,12,86,-74
218000565,212,12,200
218000566,311,22,289
218000567,3,61,-58
218000568,13,1,12
218000569,16,115,-99
218000570,132,4,128
218000571,5,134,-129
218000572,137,2,135
218000573,19,81,-62
218000574,119,53,66
218000575,68,0,68
218000576,0,70,-70
218000577,91,4,87
218000578,0,54,-54
218000579,48,12,36
218000581,3,56,-53
218000582,39,8,31
218000583,2,2,0
218000584,0,20,-20
218000585,20,4,16
218000586,8,56,-48
218000587,7,4,3
218000588,2,6,-4
218000589,0,3,-3
218000590,6,0,6
218000591,5,4,1
218000592,14,0,14
218000593,30,6,24
218000594,13,2,11
218000597,2,2,0
218000598,0,1,-1
218000599,8,1,7
218000600,11,0,11
218000601,0,0,0
218000602,0,11,-11
218000603,0,10,-10
218000604,11,0,11
218000605,0,79,-79
218000606,221,1,220
218000607,14,34,-20
218000608,41,14,27
218000609,5,47,-42
218000610,53,6,47
218000611,23,0,23
218000612,2,15,-13
218000613,31,0,31
218000614,2,35,-33
218000615,115,0,115
218000616,3,113,-110
218000617,16,2,14
218000618,0,28,-28
218000619,12,31,-19
218000620,2,4,-2
218000621,0,1,-1
218000622,0,3,-3
218000623,122,1,121
218000624,2,12,-10
218000625,11,2,9
218000626,1,9,-8
218000628,115,41,74
218000631,64,18,46
218000632,1,95,-94
218000633,127,2,125
218000634,9,10,-1
218000635,20,14,6
218000636,652,1014,-362
218000637,768,485,283
218000638,105,37,68
218000639,10,136,-126
218000640,184,40,144
218000641,112,155,-43
218000652,50,56,-6
218000653,135,35,100
218000663,2,176,-174
218000675,105,58,47
218000680,245,440,-195
218000681,393,146,247
218000691,210,252,-42
218000693,166,144,22
218000718,588,1055,-467
218000719,996,563,433
218000720,26,96,-70
218000721,200,19,181
218001147,5,180,-175
218001214,8,35,-27
218001258,213,3,210
218001329,108,116,-8
218001330,203,105,98
218001351,21,19,2
218001352,16,13,3
218001353,19,28,-9
218001354,13,19,-6
218001355,35,227,-192
218001356,274,36,238
218001357,49,143,-94
218001358,253,24,229
218001361,314,9,305
218001362,2,234,-232
219000001,64,49,15
219000002,52,63,-11
219000003,51,29,22
219000004,49,44,5
219000017,114,30,84
219000020,83,80,3
219000022,105,5,100
219000023,224,3,221
219000029,1,76,-75
219000034,61,32,29
219000039,128,78,50
219000040,50,52,-2
219000041,77,32,45
219000051,1,26,-25
219000052,0,25,-25
219000053,0,121,-121
219000055,191,1,190
219000056,11,0,11
219000057,53,0,53
219000062,26,57,-31
219000063,84,11,73
219000064,0,47,-47
219000110,508,54,454
219000111,112,35,77
219000112,151,53,98
219000113,107,83,24
219000114,179,180,-1
219000116,72,55,17
219000117,151,40,111
219000118,221,41,180
219000123,292,70,222
219000124,108,61,47
219000125,23,13,10
219000126,128,105,23
219000127,1,3,-2
219000128,24,111,-87
219000129,29,103,-74
219000130,560,482,78
219000131,698,704,-6
219000133,81,38,43
219000134,20,30,-10
219000135,41,69,-28
219000136,84,213,-129
219000138,45,18,27
219000139,32,47,-15
219000140,47,2,45
219000141,16,104,-88
219000142,12,99,-87
219000143,17,84,-67
219000145,23,13,10
219000146,2,30,-28
219000147,3,20,-17
219000148,7,27,-20
219000149,9,64,-55
219000150,1,58,-57
219000151,0,14,-14
219000157,196,161,35
219000158,199,230,-31
219000161,97,26,71
219000163,1544,569,975
219000166,200,197,3
219000167,111,150,-39
219000168,223,103,120
219000174,379,102,277
219000175,41,10,31
219000176,81,9,72
219000177,19,4,15
219000178,37,5,32
219000179,23,5,18
219000180,30,24,6
219000182,113,19,94
219000183,71,19,52
219000184,97,6,91
219000185,3,26,-23
219000186,40,42,-2
219000187,28,44,-16
219000189,152,154,-2
219000190,99,296,-197
219000191,903,965,-62
219000192,177,101,76
219000193,253,155,98
219000195,0,77,-77
219000196,10,129,-119
219000198,18,108,-90
219000199,57,228,-171
219000200,71,213,-142
219000201,80,212,-132
219000203,34,101,-67
219000204,345,162,183
219000205,97,117,-20
219000207,154,198,-44
219000209,29,49,-20
219000210,59,81,-22
219000213,16,128,-112
219000239,187,219,-32
219000240,189,299,-110
219000241,133,131,2
219000242,71,124,-53
219000243,100,170,-70
219000244,19,72,-53
219000245,67,42,25
219000246,54,29,25
219000247,134,41,93
219000248,441,362,79
219000249,125,90,35
219000250,117,85,32
219000251,438,199,239
219000252,231,138,93
219000253,487,103,384
219000255,83,93,-10
219000256,197,80,117
219000257,113,1,112
219000262,137,145,-8
219000263,62,159,-97
219000267,0,93,-93
219000268,1,4,-3
219000269,6,4,2
219000270,11,2,9
219000271,98,3,95
219000278,0,12,-12
219000279,4,5,-1
219000283,1,10,-9
219000295,10,82,-72
219000296,57,411,-354
219000297,9,123,-114
219000298,12,147,-135
219000299,372,92,280
219000300,42,175,-133
219000301,250,399,-149
219000302,39,245,-206
219000307,42,27,15
219000308,52,33,19
219000311,161,54,107
219000312,594,109,485
219000313,262,46,216
219000314,57,461,-404
219000315,227,48,179
219000316,397,72,325
219000317,84,19,65
219000320,2,83,-81
219000321,0,18,-18
219000323,3,50,-47
219000325,0,10,-10
219000326,75,66,9
219000327,39,42,-3
219000328,36,33,3
219000329,361,120,241
219000330,28,26,2
219000331,49,30,19
219000332,94,81,13
219000333,8,5,3
219000335,49,1,48
219000337,7,1,6
219000338,61,1,60
219000344,50,78,-28
219000345,55,78,-23
219000346,42,102,-60
219000348,177,90,87
219000349,61,146,-85
219000350,183,195,-12
219000351,7,0,7
219000352,555,76,479
219000353,71,60,11
219000354,127,90,37
219000355,145,71,74
219000356,1124,1104,20
219000363,226,79,147
219000364,78,38,40
219000365,122,33,89
219000366,232,261,-29
219000368,363,545,-182
219000370,1048,437,611
219000371,34,32,2
219000382,21,15,6
219000383,728,777,-49
219000385,447,354,93
219000386,721,1209,-488
219000387,5,15,-10
219000390,9,2,7
219000391,1,0,1
219000397,36,82,-46
219000398,49,46,3
219000401,18,103,-85
219000402,55,97,-42
219000403,165,306,-141
219000404,27,128,-101
219000407,6,24,-18
219000409,55,63,-8
219000410,89,43,46
219000411,76,12,64
219000446,170,275,-105
219000447,16,14,2
219000448,12,5,7
219000452,151,71,80
219000453,115,120,-5
219000454,147,256,-109
219000556,218,104,114
219000558,127,186,-59
219000590,44,113,-69
219000591,64,83,-19
219000592,94,296,-202
219000595,7,10,-3
219000635,228,44,184
219000636,15,91,-76
219000657,46,24,22
219000658,33,79,-46
219000673,0,17,-17
219000676,6,5,1
219000679,33,8,25
219000684,86,5,81
219000685,4,57,-53
219000686,0,7,-7
219000688,0,62,-62
219000689,21,164,-143
219000690,112,18,94
219000691,49,149,-100
219000692,172,24,148
219000693,1,13,-12
219000694,3,0,3
219000695,14,1,13
219000698,6,0,6
219000699,0,14,-14
219000727,3,108,-105
219000728,147,0,147
219000770,31,1,30
219000771,3,25,-22
219000788,551,303,248
219001150,3,22,-19
219001151,0,0,0
219001166,50,24,26
219001167,0,88,-88
219001178,33,1,32
220000001,40,35,5
220000002,11,74,-63
220000003,342,245,97
220000004,486,331,155
220000005,1350,1326,24
220000006,280,721,-441
220000007,420,467,-47
220000008,370,790,-420
220000009,245,307,-62
220000010,269,105,164
220000011,422,2482,-2060
220000012,87,237,-150
220000014,81,55,26
220000015,63,203,-140
220000017,31,154,-123
220000018,3061,1032,2029
220000019,72,225,-153
220000020,286,270,16
220000021,625,168,457
220000022,621,404,217
220000023,338,157,181
220000024,1285,340,945
220000025,523,668,-145
220000026,225,233,-8
220000027,59,78,-19
220000028,50,36,14
220000029,77,104,-27
220000030,100,56,44
220000031,294,283,11
220000064,10,664,-654
221000046,6,0,6
221000047,0,1,-1
221000048,0,4,-4
221000049,0,14,-14
221000050,15,0,15
221000055,31,25,6
221000068,290,116,174
221000069,233,51,182
221000070,148,25,123
221000071,59,11,48
221000072,129,12,117
221000073,135,25,110
221000074,1,6,-5
221000075,7,24,-17
221000076,5,24,-19
221000077,21,59,-38
221000081,84,24,60
221000082,55,3,52
221000083,36,5,31
221000084,13,2,11
221000085,10,34,-24
221000086,12,83,-71
221000087,3,120,-117
221000088,23,135,-112
221000089,29,184,-155
221000090,109,415,-306
221000098,110,8,102
221000099,126,12,114
221000100,85,5,80
221000101,226,16,210
221000107,20,2,18
221000108,32,5,27
221000109,3,29,-26
221000110,4,28,-24
221000111,23,245,-222
221000112,3,129,-126
221000113,14,146,-132
221000114,16,144,-128
221000120,63,19,44
221000121,5,26,-21
221000122,24,36,-12
221000123,30,30,0
221000124,28,105,-77
221000155,54,14,40
221000156,68,24,44
221000175,5,6,-1
221000176,0,15,-15
221000182,32,9,23
221000241,663,240,423
221000242,103,396,-293
221000243,595,160,435
221000244,244,408,-164
221000245,99,117,-18
221000246,51,231,-180
221000247,82,143,-61
221000248,93,158,-65
221000267,65,440,-375
221000325,120,38,82
221000331,12,45,-33
221000338,9,14,-5
221000378,144,20,124
221000381,38,55,-17
222000282,4,3,1
222000296,2,10,-8
222000568,214,13,201
222000569,159,48,111
222000570,84,23,61
222000571,184,10,174
222000577,10,116,-106
222000578,31,143,-112
222000579,38,122,-84
222000580,72,715,-643
222000599,0,111,-111
222000600,1,263,-262
222000601,13,777,-764
222000603,13,54,-41
222000604,8,37,-29
222000605,14,31,-17
222000606,0,8,-8
222000607,2,5,-3
222000608,33,12,21
222000609,106,179,-73
222000616,224,45,179
222000617,12,15,-3
222000618,7,3,4
222000620,19,8,11
222000621,98,11,87
222000623,514,9,505
222000624,325,5,320
222000625,509,78,431
222000636,36,2,34
222000686,12,10,2
222000687,36,20,16
222001066,109,0,109
222001067,7,2,5
222001068,24,7,17
222001069,15,21,-6
222001082,7,38,-31
222001083,11,39,-28
222001084,1,35,-34
222001085,1,77,-76
222001111,23,105,-82
222001112,75,11,64
222001313,34,8,26
222001314,4,97,-93
222001464,129,46,83
222001465,23,132,-109
222001484,82,38,44
222001485,13,30,-17
222001494,334,125,209
222001495,181,179,2
222001496,209,109,100
222001497,113,435,-322
222001502,13,92,-79
222001503,109,46,63
222001504,14,194,-180
222001505,225,9,216
222001506,51,291,-240
222001507,219,18,201
222001510,279,23,256
222001511,38,282,-244
222001514,392,161,231
222001515,207,453,-246
222001518,214,54,160
222001519,47,206,-159
222001527,174,48,126
222001528,38,130,-92
222001529,132,30,102
222001530,42,150,-108
222001533,124,171,-47
222001534,197,57,140
222001535,152,209,-57
222001536,170,221,-51
222001537,230,39,191
222001538,41,335,-294
222001563,473,82,391
222001564,46,464,-418
222001568,332,113,219
222001576,1,1,0
222001579,0,1,-1
222001583,29,113,-84
222001584,77,31,46
222001596,583,915,-332
222001597,1402,290,1112
222001626,0,112,-112
222001650,31,100,-69
222001651,62,100,-38
222001914,156,49,107
222001915,38,129,-91
222001968,356,253,103
222001969,499,576,-77
222001970,129,135,-6
222001971,10,13,-3
222001972,0,9,-9
225000001,311,131,180
225000002,454,95,359
225000003,490,60,430
225000004,328,130,198
225000005,84,62,22
225000006,1,169,-168
225000007,1138,1114,24
225000010,322,8,314
225000011,282,685,-403
225000012,189,441,-252
225000013,87,97,-10
225000014,695,69,626
225000015,66,133,-67
225000021,438,122,316
225000027,169,363,-194
225000032,490,117,373
225000042,74,494,-420
225000049,28,44,-16
225000050,51,11,40
225000053,3,223,-220
225000058,505,146,359
225000067,188,124,64
225000068,89,219,-130
225000069,103,312,-209
225000070,72,254,-182
225000071,36,130,-94
225000075,10,641,-631
225000076,49,93,-44
225000078,49,47,2
225000085,36,160,-124
225000086,237,75,162
225000087,136,14,122
225000088,4,113,-109
225000089,238,836,-598
225000090,23,340,-317
225000091,147,132,15
225000092,56,49,7
225000093,111,226,-115
225000094,15,184,-169
225000095,188,266,-78
225000096,360,419,-59
225000098,474,373,101
225000099,265,164,101
225000100,236,117,119
225000104,128,333,-205
225000110,8,306,-298
225000111,213,802,-589
225000112,233,911,-678
225000113,178,463,-285
225000114,68,217,-149
225000115,1345,476,869
225000116,819,169,650
225000117,636,245,391
225000118,767,183,584
225000119,156,49,107
225000120,581,28,553
225000121,257,19,238
225000123,509,11,498
225000125,266,179,87
225000126,673,168,505
225000127,618,644,-26
225000128,476,515,-39
225000132,254,27,227
225000133,147,33,114
225000134,428,114,314
225000135,43,14,29
225000136,221,14,207
225000137,172,58,114
225000138,345,65,280
225000143,62,205,-143
225000144,5,334,-329
225000145,19,43,-24
225000146,56,93,-37
225000147,19,207,-188
225000148,4,189,-185
225000149,51,412,-361
225000151,45,178,-133
225000155,501,426,75
225000156,178,703,-525
225000157,226,319,-93
225000158,72,213,-141
225000171,8,173,-165
225000180,49,2,47
225000181,0,54,-54
225000182,93,20,73
225000185,12,344,-332
225000187,49,229,-180
225000191,100,2,98
225000194,0,11,-11
225000208,2,38,-36
225000209,58,13,45
225000210,9,170,-161
225000217,0,13,-13
225000218,7,1,6
225000223,1,30,-29
225000224,110,0,110
225000225,0,24,-24
225000226,25,1,24
225000227,29,75,-46
225000228,19,18,1
225000229,0,66,-66
225000230,15,0,15
225000231,1,65,-64
225000232,117,0,117
225000241,80,1,79
225000242,0,48,-48
225000249,24,10,14
225000250,48,648,-600
225000251,294,20,274
226000042,287,475,-188
226000043,56,267,-211
226000044,145,540,-395
226000045,42,307,-265
226000046,309,50,259
226000047,362,87,275
226000048,341,84,257
226000049,205,119,86
226000070,0,41,-41
226000071,0,60,-60
226000072,0,3,-3
226000073,0,2,-2
226000074,0,4,-4
226000084,1,43,-42
226000085,1,9,-8
226000086,3,13,-10
226000087,7,7,0
226000088,81,9,72
226000090,177,53,124
226000091,19,35,-16
226000092,4,1,3
226000093,32,1,31
226000094,10,1,9
226000095,20,17,3
226000105,11,2,9
226000106,3,1,2
226000107,5,0,5
226000108,31,0,31
226000109,56,2,54
226000124,94,69,25
226000134,385,317,68
226000135,865,532,333
226000136,662,311,351
226000137,4,326,-322
226000138,10,242,-232
226000139,7,15,-8
226000156,123,2,121
226000157,84,14,70
226000163,88,142,-54
226000202,7,227,-220
226000231,288,10,278
226000232,40,6,34
227000033,19,3,16
227000037,218,32,186
227000038,303,33,270
227000049,0,17,-17
227000050,3,61,-58
227000055,84,0,84
227000056,34,1,33
227000084,4,74,-70
227000085,1,47,-46
227000088,68,6,62
227000089,156,3,153
227000090,45,1,44
227000091,23,2,21
227000093,125,0,125
227000094,23,0,23
227000130,33,59,-26
227000131,14,196,-182
227000132,12,181,-169
227000133,6,179,-173
227000134,38,262,-224
227000152,0,5,-5
227000153,0,33,-33
227000155,1,16,-15
227000156,0,7,-7
227000165,8,34,-26
227000196,40,203,-163
227000199,246,38,208
227000230,11,396,-385
227000232,238,7,231
227000241,258,43,215
227000242,65,389,-324
227000243,349,86,263
227000244,169,61,108
227000245,26,246,-220
227000246,92,401,-309
227000247,233,100,133
227000248,176,30,146
227000249,34,211,-177
227000250,26,10,16
227000251,169,202,-33
227000252,20,290,-270
227000253,96,25,71
227000262,221,36,185
227000266,553,27,526
227000267,29,919,-890
227000486,399,135,264
227000655,209,12,197
227000661,84,16,68
227000680,170,35,135
229000265,13,21,-8
229000296,6,15,-9
229000297,3,33,-30
229000298,4,104,-100
229000320,20,8,12
229000321,19,5,14
229000412,24,34,-10
229000414,14,24,-10
229000415,20,0,20
229000416,3,2,1
229000417,0,6,-6
229000419,73,184,-111
229000440,223,54,169
229000442,12,3,9
229000443,12,3,9
229000444,5,9,-4
229000445,54,2,52
229000446,27,20,7
229000847,39,0,39
229000848,8,1,7
229000849,33,0,33
229000851,6,0,6
229000854,0,20,-20
229000856,1,62,-61
229000857,0,23,-23
229000858,0,37,-37
229000919,12,105,-93
229000930,3,245,-242
229000937,102,15,87
229000966,42,21,21
229000981,41,45,-4
229000985,6,12,-6
229000986,0,2,-2
229000987,1,2,-1
229000988,0,1,-1
229000989,2,3,-1
229000990,0,0,0
229000991,1,0,1
229000992,6,11,-5
229000993,78,39,39
229000998,7,33,-26
229000999,38,16,22
229001034,0,10,-10
229001035,5,2,3
229001037,36,6,30
229001042,12,10,2
229001047,5,39,-34
229001050,40,33,7
229001200,12,0,12
229001338,5,24,-19
229001394,186,4,182
229001422,81,17,64
229001423,30,177,-147
229001431,40,67,-27
229001432,63,103,-40
229001444,119,40,79
229001445,28,100,-72
229001503,170,108,62
229001504,215,195,20
229001505,110,56,54
229001506,91,132,-41
229001509,39,21,18
229001545,93,9,84
229001546,4,145,-141
229001553,69,10,59
229001554,52,96,-44
229001559,3,3,0
229001560,8,20,-12
229001630,48,5,43
229001631,11,36,-25
229001635,0,7,-7
229001636,9,0,9
229001658,0,119,-119
229001659,56,12,44
229001660,8,0,8
229001661,6,11,-5
229001662,28,0,28
229001663,0,20,-20
229002584,100,101,-1
229002831,103,76,27
229002841,1,6,-5
229002842,9,18,-9
229002843,61,8,53
229002844,27,42,-15
229002845,49,67,-18
229002846,27,17,10
229002847,4,4,0
229002848,26,21,5
229002849,2,61,-59
229002850,6,0,6
229002851,21,91,-70
229002852,146,20,126
229002853,71,12,59
229002854,28,31,-3
229002855,5,16,-11
229002856,30,11,19
229002857,3,48,-45
229002858,13,4,9
229002859,19,23,-4
229002860,124,5,119
229002861,48,15,33
229002862,30,15,15
229002863,8,6,2
229002864,11,26,-15
229002865,4,8,-4
229002866,23,15,8
229002867,0,12,-12
229002868,6,5,1
229002869,10,88,-78
229002870,20,3,17
235000066,341,69,272
235000067,105,109,-4
235000072,30,71,-41
235000073,48,220,-172
235000074,24,59,-35
235000080,22,72,-50
235000081,121,103,18
235000082,125,45,80
235000083,128,75,53
235000084,46,50,-4
235000085,142,43,99
235000089,27,29,-2
235000092,18,153,-135
235000093,12,7,5
235000097,1,7,-6
235000098,67,9,58
235000099,57,25,32
235000116,89,29,60
235000117,596,8,588
235000133,6,353,-347
235000134,7,162,-155
235000206,1,5,-4
235000207,1,2,-1
235000208,5,0,5
235000209,6,1,5
235000210,6,1,5
235000212,10,22,-12
235000213,1,10,-9
235000220,0,3,-3
235000221,57,8,49
235000238,5,48,-43
235000239,1,16,-15
235000242,223,381,-158
235000245,481,197,284
235000246,7,58,-51
235000284,23,77,-54
235000295,123,2,121
235000305,228,18,210
235000306,181,12,169
235000307,26,3,23
235000308,12,1,11
235000309,44,0,44
235000310,12,0,12
235000311,89,12,77
235000322,0,24,-24
235000323,0,50,-50
235000324,1,25,-24
235000325,0,11,-11
235000326,6,153,-147
235000351,5,45,-40
235000352,7,24,-17
235000353,5,15,-10
235000354,9,18,-9
235000355,10,42,-32
235000356,89,8,81
235000357,28,3,25
235000358,105,5,100
235000359,10,5,5
235000360,41,19,22
235000361,52,9,43
235000381,37,209,-172
235000382,122,31,91
235000390,19,4,15
235000391,153,30,123
235000392,123,252,-129
235000393,67,147,-80
235000395,100,34,66
235000396,371,59,312
235000400,42,80,-38
235000401,12,92,-80
235000405,103,204,-101
235000406,57,169,-112
235000407,75,56,19
235000409,184,92,92
235000410,47,196,-149
235000411,0,72,-72
235000485,0,11,-11
235000486,0,0,0
235000549,48,87,-39
235000550,93,118,-25
235000599,78,46,32
235000600,14,11,3
235000601,24,19,5
235000602,39,89,-50
235000614,0,3,-3
235000648,0,13,-13
235000649,33,2,31
235000685,5,4,1
235000815,9,25,-16
235000834,0,9,-9
235000855,47,54,-7
235000862,43,106,-63
235000891,15,37,-22
235000892,18,2,16
235000901,65,68,-3
235000907,6,15,-9
235001010,47,66,-19
235001029,447,272,175
235001030,260,227,33
235001078,100,107,-7
235001079,65,79,-14
235001147,27,33,-6
235001166,8,73,-65
235001167,38,41,-3
235001169,39,226,-187
235001188,6,5,1
235001189,3,1,2
235001197,11,30,-19
235001200,38,32,6
235001207,313,41,272
235001210,82,193,-111
235001215,27,187,-160
235001239,0,37,-37
235001244,1,7,-6
235016267,0,31,-31
277102712,3,0,3
277103813,0,0,0
277104249,0,0,0
277104250,0,5,-5
277104251,0,3,-3
277104252,0,0,0
990011530,0,179,-179
990014944,3,354,-351
990015176,33,20,13
990016032,0,193,-193
990032570,5,45,-40
990070001,48,1,47
990070103,0,2,-2
990070601,0,21,-21
990070751,592,0,592
990070766,2,504,-502
990071180,362,209,153
990071343,71,59,12
990071387,6,14,-8
990071823,26,1,25
990072600,2,705,-703
990072964,1,274,-273
990073285,0,4,-4
990074393,0,482,-482
990074870,1159,8,1151
990075106,1316,6,1310
990075746,414,8,406
990076437,817,1,816
990076458,0,592,-592
997000007,503,8,495
997000041,0,134,-134
997000058,43,1,42
997000062,22,1,21
997000069,0,0,0
997000070,0,22,-22
997000100,17,0,17
997000141,1,772,-771
997000198,315,698,-383
998000475,0,31,-31
998000736,6,132,-126
998000965,0,13,-13
998001031,0,81,-81
998001700,0,18,-18
998001899,0,1,-1
998001900,5,0,5
998003073,584,5,579
998101900,0,0,0
998102850,0,145,-145
998501927,867,562,305
998501929,86,23,63
998501930,24,0,24
998501931,159,6,153
998501932,12,0,12
998501933,39,3,36
998501937,4,0,4
998501944,5,1,4
998501950,3,4,-1
998501970,35,3,32
998501971,1,53,-52
998501973,0,43,-43
998501974,1,222,-221
998501975,97,0,97
998501976,106,1,105
998501977,0,12,-12
998501978,11,1,10
998501979,0,18,-18
998501980,70,0,70
998501981,12,4,8
998501982,0,68,-68
998501983,0,2,-2
998502006,0,0,0
998502024,0,8,-8
998502032,0,7,-7
998502062,13,0,13
998502063,0,0,0
998502173,48,0,48
998502269,1,4,-3
998502546,1,128,-127
998502578,0,0,0
998502599,13,227,-214
998502621,0,5,-5
998601159,1,125,-124
998601292,0,13,-13
999033574,1,407,-406
999800001,34,1,33
999800002,0,1,-1
999800003,3,1,2
999800004,0,3,-3
999800005,0,6,-6
