ID,insum,outsum,diff
100000001,645,1152,-507
100000002,4582,877,3705
100000003,5833,3181,2652
100000004,1767,1173,594
100000005,2400,4602,-2202
100000006,940,140,800
100000007,3733,681,3052
100000008,210,666,-456
100000009,742,212,530
100000010,84,52,32
100000011,1030,92,938
100000012,162,1021,-859
100000013,32,255,-223
100000014,470,281,189
100000015,2499,2648,-149
100000016,1498,1704,-206
100000017,1306,963,343
100000018,1929,599,1330
100000019,7425,2538,4887
100000020,2328,7431,-5103
100000021,7296,3589,3707
100000022,3782,1653,2129
100000023,8781,1535,7246
100000025,4081,1088,2993
100000028,3603,1253,2350
100000029,464,283,181
100000030,704,94,610
100000031,11266,8872,2394
100000032,3849,4932,-1083
100000033,1373,3169,-1796
100000034,1283,504,779
100000035,2963,1032,1931
100000036,3624,1384,2240
100000037,644,592,52
100000038,1999,1123,876
100000039,1130,251,879
100000040,308,171,137
100000041,1338,431,907
100000042,1488,473,1015
100000043,1531,523,1008
100000044,627,1011,-384
100000045,735,1637,-902
100000046,971,1571,-600
100000047,597,924,-327
100000048,902,773,129
100000049,2204,2816,-612
100000051,683,1325,-642
100000053,130,9,121
100000054,591,33,558
100000055,1534,235,1299
100000056,624,680,-56
100000057,2001,915,1086
100000058,1145,1464,-319
100000059,14,120,-106
100000060,506,478,28
100000061,2650,591,2059
100000062,2108,646,1462
100000063,787,314,473
100000064,1960,492,1468
100000065,728,1153,-425
100000066,292,968,-676
100000067,666,956,-290
100000068,787,1916,-1129
100000069,474,2171,-1697
100000072,445,1146,-701
100000073,1818,1543,275
100000075,856,373,483
100000076,3614,3904,-290
100000077,1143,173,970
100000078,99,92,7
100000079,42,87,-45
100000080,59,46,13
100000081,140,69,71
100000102,7625,1676,5949
100000103,6370,1209,5161
100000104,6409,2683,3726
100000105,4762,1313,3449
100000106,3992,2117,1875
100000107,1156,787,369
100000108,2010,1218,792
100000109,6957,1746,5211
100000116,2056,1009,1047
100000117,110,65,45
100000118,2558,1061,1497
100000119,1038,556,482
100000121,356,631,-275
100000122,3476,1169,2307
100000123,4410,7887,-3477
100000124,6103,11496,-5393
100000125,3346,1254,2092
100000126,2030,396,1634
100000127,4067,431,3636
100000128,1581,1647,-66
100000129,744,544,200
100000130,302,674,-372
100000131,3215,4357,-1142
100000132,1383,3076,-1693
100000133,6874,3548,3326
100000135,634,846,-212
100000139,575,234,341
100000140,629,317,312
100000142,424,711,-287
100000143,2040,904,1136
100000144,5122,951,4171
100000147,1451,3108,-1657
100000150,90,531,-441
100000151,1101,1205,-104
100000153,1101,417,684
100000154,547,86,461
100000155,31,89,-58
100000156,247,137,110
100000157,68,89,-21
100000158,252,79,173
100000159,1256,545,711
100000165,1827,973,854
100000169,1426,473,953
100000174,2784,479,2305
100000179,198,558,-360
100000180,2158,1303,855
100000181,319,297,22
100000188,131,467,-336
100000189,1105,374,731
100000190,1109,555,554
100000191,686,437,249
100000192,102,163,-61
100000193,185,179,6
100000330,2815,850,1965
100000355,387,709,-322
100000362,6914,3624,3290
100000363,3402,5654,-2252
100000364,675,181,494
100000365,4754,5355,-601
100000366,7628,3184,4444
100000367,5121,4596,525
100000368,2741,1929,812
100000369,1502,1922,-420
100000370,219,588,-369
100000376,206,158,48
100000379,7662,1979,5683
100000380,10636,3263,7373
100000384,9275,5414,3861
100000385,8441,4432,4009
100000386,13095,6953,6142
100000387,11783,5629,6154
100000388,11055,8338,2717
100000389,10790,7385,3405
100000390,11172,5666,5506
100000391,7601,7932,-331
100000392,7355,2772,4583
100000393,3507,3430,77
100000394,12623,6174,6449
100000395,6908,2436,4472
100000396,9716,2993,6723
100000397,6054,3027,3027
100000398,13889,9195,4694
100000413,19,23,-4
100900002,37,38,-1
100900003,266,97,169
100900004,21,685,-664
100900005,182,22,160
100900006,23,227,-204
100900007,578,9,569
100900008,6,413,-407
100900009,62,60,2
100900010,42,115,-73
100900011,103,378,-275
100900012,2,230,-228
100900013,526,4,522
100900014,1,9,-8
100900015,146,228,-82
100900016,3,41,-38
100900017,813,71,742
100900018,0,16,-16
100900019,29,107,-78
100900020,408,7,401
100900021,363,0,363
100900022,4,10,-6
100900023,0,28,-28
100900024,1274,3,1271
100900025,15,17,-2
100900026,88,190,-102
100900027,420,2575,-2155
100900028,175,148,27
100900029,79,15,64
100900030,11,25,-14
100900031,549,76,473
100900032,158,0,158
100900033,310,255,55
100900034,474,4,470
100900035,849,1,848
100900036,20,0,20
100900037,60,286,-226
100900038,306,14,292
100900039,300,747,-447
100900040,255,826,-571
100900041,680,1028,-348
100900042,829,324,505
100900043,0,25,-25
100900044,3810,529,3281
100900045,247,0,247
100900046,924,10,914
100900047,795,177,618
100900048,191,33,158
100900049,71,235,-164
100900050,5,37,-32
100900051,93,33,60
100900052,320,29,291
100900053,321,15,306
100900054,21,131,-110
100900055,387,497,-110
100900056,190,344,-154
100900057,685,1422,-737
100900058,437,32,405
100900059,128,5,123
100900060,105,7,98
100900061,355,356,-1
100900062,1,78,-77
100900063,163,467,-304
100900064,650,20,630
100900065,209,139,70
100900066,106,141,-35
100900067,5,15,-10
100900068,107,101,6
100900069,2397,8,2389
100900070,233,4,229
100900071,732,346,386
100900072,6,33,-27
100900073,104,474,-370
100900074,4,11,-7
100900075,1937,440,1497
100900076,32,56,-24
100900077,9,138,-129
100900078,94,613,-519
100900079,6,29,-23
100900080,27,186,-159
100900081,54,220,-166
100900082,76,897,-821
100900083,4,60,-56
100900085,7,91,-84
100900086,251,1613,-1362
100900088,98,917,-819
100900089,1,26,-25
100900090,148,438,-290
100900091,7,32,-25
100900092,331,229,102
100900093,181,252,-71
100900094,101,771,-670
100900095,4,15,-11
100900096,21,83,-62
100900097,2,10,-8
100900098,34,15,19
100900099,49,766,-717
100900100,10,353,-343
100900101,401,53,348
100900102,41,68,-27
100900103,35,14,21
100900104,13,199,-186
100900105,20,242,-222
100900106,52,5,47
100900107,2219,718,1501
100900108,14,17,-3
100900109,14,34,-20
100900110,2,53,-51
100900111,59,284,-225
100900112,3,15,-12
100900113,20,36,-16
100900114,15,30,-15
100900115,3,36,-33
100900116,788,1378,-590
100900117,293,610,-317
100900118,21,48,-27
100900119,17,12,5
100900120,7,12,-5
100900121,267,821,-554
100900122,160,226,-66
100900123,71,133,-62
100900124,9,11,-2
100900125,7,110,-103
100900126,121,259,-138
100900127,3,14,-11
100900128,93,125,-32
100900129,0,147,-147
100900131,84,221,-137
100900133,42,31,11
100900134,1,9,-8
100900135,0,178,-178
100900137,355,232,123
100900138,585,425,160
100900139,10,6,4
100900140,2,869,-867
100900141,3,458,-455
100900142,3,11,-8
100900143,1051,432,619
100900144,11,10,1
100900145,80,145,-65
100900146,4,48,-44
100900147,28,312,-284
100900148,21,1145,-1124
100900149,10,99,-89
100900150,1,35,-34
100900151,133,501,-368
100900152,84,13,71
100900153,5,185,-180
100900154,7,33,-26
100900155,9,9,0
100900156,24,3,21
100900157,2,131,-129
100900159,8,25,-17
100900160,23,12,11
100900161,100,3,97
100900162,18,241,-223
100900163,168,224,-56
100900164,70,47,23
100900165,35,73,-38
100900166,21,2,19
100900167,28,110,-82
100900168,69,128,-59
100900169,149,906,-757
100900170,20,5,15
100900171,16,594,-578
100900172,0,16,-16
100900173,8,659,-651
100900174,600,58,542
100900176,1834,224,1610
100900177,911,602,309
100900178,605,158,447
100900179,127,122,5
100900180,2,3,-1
100900181,96,33,63
100900182,32,23,9
100900184,12,165,-153
100900186,995,831,164
100900187,13,139,-126
100900188,52,38,14
100900189,973,226,747
100900191,1594,1080,514
100900192,433,272,161
100900195,196,123,73
100900197,67,223,-156
100900198,19,384,-365
100900199,20,28,-8
100900200,591,462,129
100900201,29,679,-650
100900202,40,0,40
100900203,2,130,-128
100900204,323,266,57
100900205,203,378,-175
100900206,99,72,27
100900207,176,126,50
100900210,70,1122,-1052
100900211,421,177,244
100900213,40,35,5
100900214,1227,195,1032
100900215,14,55,-41
100900217,281,109,172
101000001,5253,2100,3153
101000002,4545,5481,-936
101000003,1165,2807,-1642
101000004,11293,12214,-921
101000005,5210,7413,-2203
101000006,8663,11972,-3309
101000007,3425,3611,-186
101000008,7437,4116,3321
101000009,2064,2452,-388
101000010,1294,1830,-536
101000011,3035,847,2188
101000012,2437,720,1717
101000013,657,1378,-721
101000014,954,845,109
101000015,1535,1027,508
101000016,1429,566,863
101000017,1411,773,638
101000018,8781,2822,5959
101000020,7455,983,6472
101000021,3374,477,2897
101000022,401,48,353
101000023,2960,961,1999
101000025,321,421,-100
101000026,650,37,613
101000027,3970,1751,2219
101000028,1597,222,1375
101000029,141,920,-779
101000030,1818,76,1742
101000031,818,238,580
101000032,10145,2929,7216
101000033,4709,2989,1720
101000034,6855,1811,5044
101000035,2208,588,1620
101000036,3546,668,2878
101000037,7455,1689,5766
101000039,5151,2581,2570
101000040,6108,3938,2170
101000041,15290,6187,9103
101000042,1655,921,734
101000043,10595,5487,5108
101000045,2303,717,1586
101000046,3608,761,2847
101000047,2307,1622,685
101000048,1273,980,293
101000049,1456,1178,278
101000050,2277,1269,1008
101000051,2869,2016,853
101000052,2840,910,1930
101000053,1803,1804,-1
101000054,1967,1417,550
101000055,1520,2020,-500
101000056,150,166,-16
101000057,3699,1011,2688
101000058,3285,1329,1956
101000059,6995,1827,5168
101000060,2411,662,1749
101000061,1509,1618,-109
101000062,1435,1059,376
101000063,1276,995,281
101000064,2251,842,1409
101000065,589,389,200
101000066,858,419,439
101000067,1403,605,798
101000068,653,428,225
101000069,666,67,599
101000070,1913,993,920
101000071,2602,1113,1489
101000072,1320,4631,-3311
101000073,749,714,35
101000074,6048,3765,2283
101000075,6753,3049,3704
101000077,1336,1152,184
101000078,1141,2204,-1063
101000079,564,412,152
101000080,750,384,366
101000081,1395,1798,-403
101000082,4438,3266,1172
101000083,2517,2416,101
101000084,1607,1198,409
101000085,2017,1376,641
101000086,1423,1398,25
101000087,1123,1500,-377
101000088,1026,1327,-301
101000089,1090,2097,-1007
101000090,2927,1824,1103
101000091,384,1750,-1366
101000092,797,1426,-629
101000093,1829,1050,779
101000094,678,1603,-925
101000095,235,964,-729
101000096,345,758,-413
101000097,1095,385,710
101000098,916,659,257
101000099,1419,1902,-483
101000100,1309,890,419
101000101,654,414,240
101000102,2738,456,2282
101000103,1204,502,702
101000104,599,698,-99
101000105,2234,360,1874
101000106,1344,545,799
101000107,175,492,-317
101000108,2004,468,1536
101000109,253,91,162
101000110,66,930,-864
101000111,140,210,-70
101000113,264,874,-610
101000114,6977,2405,4572
101000115,121,180,-59
101000116,159,221,-62
101000117,875,364,511
101000119,250,72,178
101000120,416,47,369
101000121,154,52,102
101000122,261,72,189
101000123,92,74,18
101000124,283,192,91
101000125,279,607,-328
101000128,1902,319,1583
101000130,292,309,-17
101000131,793,799,-6
101000132,544,2414,-1870
101000135,134,31,103
101000136,504,88,416
101000137,43,426,-383
101000141,3639,3435,204
101000147,1296,695,601
101000148,2438,24,2414
101000149,192,125,67
101000150,92,1449,-1357
101000151,147,81,66
101000152,474,474,0
101000153,692,611,81
101000154,318,2175,-1857
101000155,161,185,-24
101000156,19,333,-314
101000157,122,33,89
101000160,180,38,142
101000163,347,150,197
101000164,592,487,105
101000165,268,443,-175
101000166,296,430,-134
101000168,927,407,520
101000252,1854,1091,763
101000254,755,52,703
101000258,33,14,19
101000261,73,30,43
101000262,2987,1521,1466
101000263,348,846,-498
101000265,111,762,-651
101000266,489,325,164
101000269,262,8,254
101000290,3011,4428,-1417
101000293,31,101,-70
101000294,597,496,101
101000295,186,711,-525
101000301,1253,397,856
101000304,4909,3397,1512
101000305,4522,2678,1844
101000328,200,450,-250
101900001,30,101,-71
101900002,0,19,-19
101900003,262,132,130
101900004,9,72,-63
101900005,7024,1789,5235
101900006,1276,82,1194
101900007,896,108,788
101900008,331,414,-83
101900009,119,607,-488
101900010,1247,816,431
101900011,517,2182,-1665
101900012,176,567,-391
101900013,1588,138,1450
101900017,40,202,-162
101900018,2177,326,1851
101900019,422,227,195
101900020,52,90,-38
101900021,1,80,-79
101900022,105,1575,-1470
101900023,113,328,-215
101900026,162,39,123
101900027,8,126,-118
102000001,6844,4967,1877
102000002,5009,2047,2962
102000003,4324,7809,-3485
102000004,9879,4352,5527
102000005,2654,3199,-545
102000006,3500,3144,356
102000007,1985,6898,-4913
102000008,6836,3213,3623
102000009,6684,10062,-3378
102000010,6742,6954,-212
102000011,4085,2945,1140
102000012,5588,5513,75
102000018,4689,3612,1077
102000019,3749,2819,930
102000026,423,1713,-1290
102000029,509,259,250
102000030,132,452,-320
102000031,105,292,-187
102000032,432,580,-148
102000033,280,753,-473
102000034,563,986,-423
102000035,1263,963,300
102000036,19,734,-715
102000037,291,166,125
102000038,673,205,468
102000039,897,116,781
102000040,1056,189,867
102000041,333,586,-253
102000042,449,303,146
102000043,692,243,449
102000044,1826,939,887
102000045,1245,1855,-610
102000046,1620,830,790
102000047,669,1839,-1170
102000048,361,1343,-982
102000049,2081,1196,885
102000050,1967,1619,348
102000051,587,1112,-525
102000052,2051,1130,921
102000053,2099,1221,878
102000054,540,1016,-476
102000055,949,1391,-442
102000056,788,2218,-1430
102000057,1243,640,603
102000058,1101,2562,-1461
102000059,1932,1626,306
102000060,1648,1311,337
102000061,1432,2937,-1505
102000062,1463,1754,-291
102000063,1356,2227,-871
102000064,809,1096,-287
102000065,57,218,-161
102000066,1320,2757,-1437
102000067,3129,4420,-1291
102000068,15279,4684,10595
102000069,56,2342,-2286
102000070,2215,102,2113
102000071,11828,12034,-206
102000072,4031,7258,-3227
102000073,1294,1179,115
102000074,724,1025,-301
102000075,219,428,-209
102000076,297,763,-466
102000077,442,1502,-1060
102000078,762,1256,-494
102000079,170,299,-129
102000080,198,323,-125
102000081,346,872,-526
102000082,880,325,555
102000083,529,512,17
102000084,195,529,-334
102000085,2055,1832,223
102000086,1164,1553,-389
102000087,1212,2130,-918
102000088,232,342,-110
102000089,1236,498,738
102000090,471,1300,-829
102000091,1951,563,1388
102000092,420,1011,-591
102000093,872,917,-45
102000094,1212,626,586
102000095,1051,1034,17
102000096,751,775,-24
102000097,813,855,-42
102000098,593,747,-154
102000099,1131,603,528
102000100,828,944,-116
102000101,1385,611,774
102000102,357,4409,-4052
102000103,1548,504,1044
102000104,1473,459,1014
102000105,382,1102,-720
102000106,720,1416,-696
102000107,1113,735,378
102000108,708,473,235
102000109,766,819,-53
102000110,822,2276,-1454
102000111,13,557,-544
102000112,178,119,59
102000113,12,50,-38
102000114,1488,577,911
102000115,315,315,0
102000116,935,388,547
102000117,439,579,-140
102000118,2964,1291,1673
102000119,3620,747,2873
102000120,222,681,-459
102000121,1121,664,457
102000122,583,1180,-597
102000123,1860,1175,685
102000124,1272,1468,-196
102000125,950,1329,-379
102000126,647,877,-230
102000127,1099,844,255
102000128,683,1310,-627
102000129,1307,1017,290
102000130,608,749,-141
102000131,1779,722,1057
102000132,752,692,60
102000133,1398,2886,-1488
102000134,677,1147,-470
102000135,1332,1942,-610
102000136,1452,1068,384
102000137,1040,1004,36
102000138,255,466,-211
102000139,124,388,-264
102000140,457,259,198
102000141,213,649,-436
102000142,282,484,-202
102000143,161,640,-479
102000144,292,510,-218
102000145,325,527,-202
102000146,454,390,64
102000147,440,450,-10
102000148,277,530,-253
102000149,186,761,-575
102000150,226,481,-255
102000151,234,505,-271
102000152,143,283,-140
102000153,1222,522,700
102000154,660,932,-272
102000155,155,365,-210
102000156,837,109,728
102000157,313,250,63
102000158,1029,677,352
102000159,1711,520,1191
102000161,4692,2368,2324
102000162,347,134,213
102000163,146,550,-404
102000164,1311,1064,247
102000165,337,138,199
102000166,45,178,-133
102000167,321,224,97
102000168,303,148,155
102000169,179,900,-721
102000170,924,207,717
102000171,348,94,254
102000172,446,479,-33
102000173,792,310,482
102000174,52,70,-18
102000175,123,273,-150
102000176,56,93,-37
102000178,351,704,-353
102000179,483,253,230
102000180,668,744,-76
102000181,503,835,-332
102000182,492,773,-281
102000183,1557,2279,-722
102000184,1785,1025,760
102000185,2205,1884,321
102000186,1019,2319,-1300
102000187,674,2050,-1376
102000188,743,1702,-959
102000189,3019,998,2021
102000190,530,2729,-2199
102000191,1394,737,657
102000192,1248,1586,-338
102000193,78,187,-109
102000194,129,181,-52
102000195,805,733,72
102000196,194,660,-466
102000197,555,562,-7
102000198,232,1144,-912
102000199,762,404,358
102000200,495,1358,-863
102000201,725,638,87
102000202,2,143,-141
102000203,440,439,1
102000204,465,1462,-997
102000205,1291,743,548
102000206,1211,953,258
102000207,1732,598,1134
102000208,721,872,-151
102000209,69,61,8
102000210,368,622,-254
102000211,860,596,264
102000212,190,10,180
102000213,3,414,-411
102000214,263,12,251
102000215,4,598,-594
102000216,53,52,1
102000217,12,197,-185
102000218,220,190,30
102000219,512,394,118
102000225,895,1129,-234
102000226,2447,959,1488
102000227,354,5,349
102000228,0,142,-142
102000229,27,33,-6
102000230,355,698,-343
102000231,258,585,-327
102000232,33,498,-465
102000233,506,1394,-888
102000234,130,1174,-1044
102000236,242,136,106
102000237,1312,220,1092
102000238,189,538,-349
102000240,907,583,324
102000241,199,167,32
102000243,16,139,-123
102000245,45,150,-105
102000246,35,52,-17
102000247,1492,1685,-193
102000248,789,1220,-431
102000249,153,181,-28
102000250,50,546,-496
102000254,54,486,-432
102000266,52,254,-202
102000271,39,0,39
102000286,695,613,82
102000297,2512,1497,1015
102000299,0,0,0
102000301,0,0,0
102000303,0,0,0
102000305,0,0,0
102000307,11,8,3
102900001,1252,1359,-107
102900002,331,43,288
102900003,48,359,-311
102900005,311,468,-157
102900006,554,295,259
102900007,337,46,291
102900008,213,83,130
102900009,435,188,247
102900010,710,450,260
102900011,2337,587,1750
102900012,336,97,239
102900013,10,78,-68
102900015,773,476,297
102900016,39,174,-135
102900017,139,708,-569
102900018,53,156,-103
102900019,683,763,-80
102900020,148,39,109
102900021,18,156,-138
102900022,645,115,530
102900023,13,74,-61
102900024,16,66,-50
102900025,326,152,174
102900026,898,1654,-756
102900027,64,85,-21
102900028,175,748,-573
102900029,208,247,-39
102900030,417,387,30
102900031,147,169,-22
102900032,71,145,-74
102900033,83,240,-157
102900034,437,147,290
102900035,180,485,-305
102900036,274,688,-414
102900037,268,961,-693
102900038,549,884,-335
102900039,32,481,-449
102900040,106,254,-148
102900041,64,275,-211
102900042,150,525,-375
102900043,145,385,-240
102900044,672,2348,-1676
102900045,119,650,-531
102900046,126,359,-233
102900047,56,702,-646
102900048,618,855,-237
102900049,106,370,-264
102900050,274,418,-144
102900051,175,292,-117
102900053,382,1115,-733
102900054,990,986,4
102900055,63,135,-72
102900056,126,685,-559
102900057,2,37,-35
102900058,321,77,244
102900059,13,50,-37
102900060,161,584,-423
102900061,105,718,-613
102900062,186,1799,-1613
102900063,1117,538,579
102900064,172,675,-503
102900065,2307,548,1759
102900066,340,63,277
102900068,159,83,76
102900070,255,861,-606
102900072,14,46,-32
102900073,174,4,170
102900075,54,32,22
102900076,275,96,179
102900077,47,47,0
102900078,48,136,-88
102900079,298,10,288
102900080,388,43,345
102900081,94,310,-216
102900082,2,252,-250
102900083,466,10,456
102900084,6,37,-31
102900085,228,113,115
102900086,8,46,-38
102900087,98,127,-29
102900088,71,38,33
102900089,329,136,193
102900090,1,538,-537
102900091,201,0,201
102900092,242,913,-671
102900094,0,49,-49
102900095,244,0,244
102900096,38,12,26
102900097,216,659,-443
103000001,2996,3989,-993
103000002,4012,3303,709
103000003,5922,3831,2091
103000004,1040,929,111
103000005,2905,4421,-1516
103000006,839,1919,-1080
103000007,556,979,-423
103000008,1714,1335,379
103000009,1690,1414,276
103000010,142,143,-1
103000011,1730,1491,239
103000012,1194,1936,-742
103000013,7650,2587,5063
103000014,1648,3554,-1906
103000015,3577,975,2602
103000016,664,1712,-1048
103000017,236,567,-331
103000018,1494,575,919
103000019,283,320,-37
103000020,3272,1959,1313
103000021,2682,1833,849
103000022,1277,1442,-165
103000023,688,2275,-1587
103000024,123,256,-133
103000025,124,677,-553
103000026,1918,214,1704
103000027,285,821,-536
103000028,653,488,165
103000029,337,234,103
103000030,2280,926,1354
103000031,2145,2925,-780
103000032,2234,2411,-177
103000033,3044,3679,-635
103000034,1855,1255,600
103000035,518,1930,-1412
103000036,598,689,-91
103000037,714,576,138
103000038,548,1459,-911
103000039,308,686,-378
103000040,497,1787,-1290
103000041,1876,3458,-1582
103000042,941,911,30
103000043,499,1729,-1230
103000044,151,296,-145
103000046,262,731,-469
103000047,851,1005,-154
103000048,264,275,-11
103000049,102,270,-168
103000050,1046,905,141
103000051,528,874,-346
103000052,1036,632,404
103000053,218,824,-606
103000054,3049,1813,1236
103000055,2051,2778,-727
103000056,739,2628,-1889
103000057,418,445,-27
103000058,629,1237,-608
103000059,392,1122,-730
103000060,992,1038,-46
103000061,424,1257,-833
103000062,1412,1006,406
103000063,759,1074,-315
103000064,222,360,-138
103000065,5,510,-505
103000066,242,5,237
103000069,300,579,-279
103000070,1184,1529,-345
103000071,1307,478,829
103000072,116,1176,-1060
103000073,765,160,605
103000074,776,108,668
103000075,128,1063,-935
103000076,354,427,-73
103000077,114,537,-423
103000078,2587,704,1883
103000079,1893,947,946
103000080,1709,535,1174
103000081,837,1248,-411
103000082,612,285,327
103000083,105,477,-372
103000084,190,13,177
103000085,5,154,-149
103000086,1646,612,1034
103000087,330,729,-399
103000088,702,456,246
103000089,517,799,-282
103000090,2207,905,1302
103000091,660,557,103
103000092,585,330,255
103000093,326,541,-215
103000094,235,125,110
103000095,64,504,-440
103000096,890,155,735
103000097,101,884,-783
103000098,1144,300,844
103000099,475,715,-240
103000100,98,1217,-1119
103000101,885,223,662
103000102,128,930,-802
103000103,761,279,482
103000104,147,121,26
103000105,145,147,-2
103000106,6,92,-86
103000107,331,79,252
103000108,740,714,26
103000109,657,466,191
103000110,616,503,113
103000111,1113,494,619
103000112,752,236,516
103000113,1541,950,591
103000114,3181,461,2720
103000115,402,737,-335
103000116,503,774,-271
103000117,315,665,-350
103000118,2406,1218,1188
103000119,2391,802,1589
103000120,135,95,40
103000121,779,985,-206
103000122,931,622,309
103000125,10,455,-445
103000126,453,13,440
103000127,0,264,-264
103000128,149,3,146
103000129,2,157,-155
103000130,45,34,11
103000131,168,125,43
103000132,84,150,-66
103000133,10,122,-112
103000134,1003,1110,-107
103000135,1056,449,607
103000136,1236,549,687
103000137,1147,692,455
103000138,1318,995,323
103000139,5,91,-86
103000140,349,24,325
103000141,49,154,-105
103000142,140,116,24
103000143,123,273,-150
103000144,236,107,129
103000145,22,17,5
103000150,96,71,25
103000152,680,333,347
103000153,535,233,302
103000156,9,578,-569
103000157,309,5,304
103000159,248,155,93
103000162,208,23,185
103000163,28,53,-25
103000164,98,37,61
103000165,313,536,-223
103000166,309,373,-64
103000167,531,146,385
103000168,81,197,-116
103000169,230,672,-442
103000170,673,754,-81
103000171,56,80,-24
103000172,376,388,-12
103000173,428,1017,-589
103000174,175,487,-312
103000175,178,457,-279
103000176,1214,557,657
103000177,873,497,376
103000178,315,346,-31
103000179,159,42,117
103000183,121,27,94
103000185,59,122,-63
103000186,130,267,-137
103000187,498,866,-368
103000188,14,80,-66
103000189,1973,1195,778
103000191,662,859,-197
103000292,3288,1351,1937
103000293,1551,1965,-414
103000295,125,116,9
103000296,274,3,271
103000297,58,8,50
103000504,128,35,93
103000505,22,23,-1
103000506,0,283,-283
103000507,212,2,210
103000508,69,29,40
103000509,294,695,-401
103900001,1,480,-479
103900002,2527,242,2285
103900003,2653,131,2522
103900004,98,25,73
103900005,5,290,-285
103900006,3,1,2
103900007,44,9,35
103900008,79,1,78
103900009,286,488,-202
103900010,150,374,-224
103900011,218,263,-45
103900012,17,26,-9
103900013,52,101,-49
103900014,39,40,-1
103900015,45,26,19
103900016,422,307,115
103900017,27,92,-65
103900018,846,275,571
103900019,66,334,-268
103900020,257,561,-304
103900021,1160,91,1069
103900022,1351,723,628
103900023,98,3,95
103900024,114,764,-650
103900025,11,70,-59
103900026,29,0,29
103900027,868,457,411
103900028,23,304,-281
103900029,1222,193,1029
103900030,572,37,535
103900031,27,1,26
103900032,68,50,18
103900033,336,14,322
103900034,38,316,-278
103900035,34,63,-29
103900036,51,21,30
103900037,127,62,65
103900038,106,217,-111
103900039,54,530,-476
103900040,30,379,-349
103900041,33,42,-9
103900042,40,549,-509
103900043,139,138,1
103900044,294,323,-29
103900045,265,294,-29
103900047,48,32,16
103900048,52,17,35
103900049,269,1667,-1398
103900050,4,80,-76
103900051,1,37,-36
103900052,209,670,-461
103900053,229,1347,-1118
103900054,79,618,-539
103900055,515,275,240
103900056,25,56,-31
103900057,32,252,-220
103900058,188,1007,-819
103900059,1,4,-3
103900060,57,324,-267
103900061,136,58,78
103900062,278,140,138
103900063,4,0,4
103900064,88,5,83
103900065,916,536,380
103900066,137,10,127
103900067,142,7,135
103900068,6,0,6
103900069,171,15,156
103900070,149,373,-224
103900071,22,258,-236
103900072,10,322,-312
103900073,58,41,17
103900074,74,129,-55
103900075,156,123,33
103900076,349,932,-583
103900077,91,106,-15
103900078,200,198,2
103900079,238,303,-65
103900080,11,30,-19
103900081,131,21,110
103900082,11,98,-87
103900083,2183,1255,928
103900084,64,186,-122
103900085,115,163,-48
103900086,592,408,184
103900088,456,401,55
103900089,32,241,-209
103900090,0,261,-261
103900091,1055,279,776
103900092,1261,608,653
103900093,99,362,-263
103900094,7,137,-130
103900095,1021,183,838
103900096,27,287,-260
103900097,7,577,-570
103900098,215,137,78
103900099,43,311,-268
103900100,229,511,-282
103900101,80,1297,-1217
103900102,4,42,-38
103900104,2,50,-48
103900105,132,251,-119
103900106,0,13,-13
103900107,121,350,-229
103900108,42,501,-459
103900109,101,130,-29
103900110,275,71,204
103900111,106,1022,-916
103900112,16,49,-33
103900113,167,340,-173
103900114,663,444,219
103900115,252,338,-86
103900116,8942,2908,6034
103900117,194,194,0
103900119,14,83,-69
103900120,73,195,-122
103900122,70,466,-396
103900123,2534,694,1840
103900124,59,627,-568
103900125,147,105,42
103900126,476,823,-347
103900127,111,851,-740
103900128,65,223,-158
103900131,31,184,-153
103900133,1079,42,1037
103900134,0,5,-5
103900135,4,15,-11
103900137,0,51,-51
103900138,96,600,-504
103900139,455,1704,-1249
103900140,5,102,-97
103900141,300,115,185
103900142,219,387,-168
103900143,35,5,30
103900144,3,143,-140
103900145,160,433,-273
103900146,326,490,-164
103900147,447,163,284
103900148,229,276,-47
103900149,330,1116,-786
103900150,10175,4392,5783
103900151,53,185,-132
103900152,376,678,-302
103900153,18,0,18
103900154,1597,2648,-1051
103900155,32,331,-299
103900156,13,276,-263
103900157,43,382,-339
103900158,72,263,-191
103900159,96,94,2
103900160,67,32,35
103900161,105,296,-191
103900162,62,296,-234
103900163,6,617,-611
103900167,10,90,-80
103900168,125,166,-41
103900169,26,46,-20
103900170,2,128,-126
103900171,8,91,-83
103900172,19,48,-29
103900173,16,16,0
103900174,99,51,48
103900175,64,72,-8
103900176,4,32,-28
103900177,4,68,-64
103900178,63,133,-70
103900179,50,276,-226
103900180,17,250,-233
103900181,91,69,22
103900182,29,39,-10
103900184,779,85,694
103900185,519,221,298
103900187,134,83,51
103900188,56,23,33
103900189,86,16,70
103900190,75,74,1
103900191,33,42,-9
103900192,30,66,-36
103900193,173,187,-14
103900194,112,372,-260
103900195,4,57,-53
103900196,21,31,-10
103900197,9,20,-11
103900198,11,69,-58
103900199,222,80,142
103900200,130,204,-74
103900201,127,222,-95
103900202,5,47,-42
103900203,34,28,6
103900204,0,177,-177
103900207,2,224,-222
103900208,105,1,104
103900209,19,90,-71
103900210,73,18,55
103900211,530,768,-238
103900212,88,557,-469
103900213,275,318,-43
103900214,832,165,667
103900215,777,366,411
103900216,14,639,-625
103900217,475,127,348
103900218,7,494,-487
103900219,192,522,-330
103900233,67,4,63
103900235,84,33,51
103900236,76,0,76
103900242,9,48,-39
103900243,36,26,10
103900244,100,601,-501
103900245,142,308,-166
103900246,115,56,59
103900247,72,178,-106
103900248,30,44,-14
103900249,61,51,10
103900250,68,53,15
103900251,4,68,-64
103900253,50,69,-19
103900254,30,79,-49
103900255,53,24,29
103900256,120,72,48
103900257,275,270,5
103900258,120,6,114
103900259,93,8,85
103900261,18,4,14
103900262,39,7,32
103900263,126,146,-20
103900264,94,49,45
103900265,119,40,79
103900266,1,65,-64
103900267,24,71,-47
103900268,7,145,-138
103900269,131,53,78
103900270,50,189,-139
103900271,48,236,-188
103900272,69,151,-82
103900273,30,141,-111
103900274,61,10,51
103900275,46,10,36
103900276,9,246,-237
103900277,2,183,-181
103900278,16,115,-99
103900279,1,34,-33
103900280,12,305,-293
104000001,2772,2648,124
104000002,2117,4420,-2303
104000003,2843,2935,-92
104000004,3705,4059,-354
104000005,1786,2439,-653
104000006,3741,4156,-415
104000007,5379,5769,-390
104000008,456,603,-147
104000009,193,138,55
104000010,174,281,-107
104000011,1021,463,558
104000012,180,541,-361
104000013,219,230,-11
104000014,317,926,-609
104000015,286,267,19
104000016,642,595,47
104000018,789,190,599
104000019,685,182,503
104000020,238,856,-618
104000021,406,825,-419
104000022,148,360,-212
104000023,493,518,-25
104000024,323,539,-216
104000026,72,505,-433
104000027,472,583,-111
104000028,402,359,43
104000029,574,669,-95
104000030,234,310,-76
104000031,1006,442,564
104000032,274,458,-184
104000033,599,534,65
104000034,357,493,-136
104000035,800,539,261
104000036,815,717,98
104000037,266,397,-131
104000038,363,431,-68
104000039,235,430,-195
104000040,537,538,-1
104000041,489,475,14
104000042,302,519,-217
104000043,386,552,-166
104000044,266,888,-622
104000045,1535,1663,-128
104000046,2065,2324,-259
104000047,1078,1708,-630
104000048,1339,2347,-1008
104000049,621,480,141
104000050,201,958,-757
104000051,168,857,-689
104000052,1576,2276,-700
104000053,973,943,30
104000054,598,670,-72
104000055,6249,3733,2516
104000056,2113,309,1804
104000057,223,507,-284
104000058,825,1076,-251
104000059,769,1838,-1069
104000060,1357,1609,-252
104000061,1941,1631,310
104000062,328,301,27
104000064,903,529,374
104000065,282,556,-274
104000069,2371,1396,975
104000070,115,528,-413
104000071,223,557,-334
104000072,710,461,249
104000075,80,479,-399
104000076,732,90,642
104000082,3332,3897,-565
104000083,1027,285,742
104000084,181,713,-532
104000085,385,366,19
104000086,201,536,-335
104000087,536,1856,-1320
104000090,785,2270,-1485
104000092,1042,3916,-2874
104000094,1142,2618,-1476
104000095,2175,1977,198
104000096,1787,633,1154
104000097,2036,1538,498
104000098,1965,1877,88
104000100,1881,931,950
104000101,1352,4381,-3029
104000106,147,654,-507
104000107,715,754,-39
104000108,419,785,-366
104000109,415,107,308
104000110,1146,1315,-169
104000111,6569,2769,3800
104000112,2742,723,2019
104000116,3,1882,-1879
104000117,166,1550,-1384
104000118,472,375,97
104000119,534,394,140
104000120,229,1405,-1176
104000121,298,1056,-758
104000122,689,908,-219
104000123,1393,1563,-170
104000124,1428,3750,-2322
104000125,7148,4458,2690
104000126,317,563,-246
104000127,1961,4393,-2432
104000128,1090,566,524
104000129,621,57,564
104000130,19,539,-520
104000131,2022,625,1397
104000132,1131,790,341
104000133,1415,1184,231
104000134,937,1992,-1055
104000135,417,2085,-1668
104000136,761,3765,-3004
104000137,1473,419,1054
104000138,1438,764,674
104000139,9591,3998,5593
104000141,1182,2331,-1149
104000142,822,1067,-245
104000143,757,833,-76
104000144,112,316,-204
104000145,509,264,245
104000146,492,925,-433
104000147,161,546,-385
104000148,234,166,68
104000149,207,428,-221
104000150,867,535,332
104000151,477,644,-167
104000152,641,783,-142
104000153,486,605,-119
104000154,1446,904,542
104000155,349,504,-155
104000157,1286,2285,-999
104000158,473,486,-13
104000159,923,530,393
104000160,1794,2354,-560
104000161,305,245,60
104000162,39,148,-109
104000165,1949,1535,414
104000167,688,1054,-366
104000168,731,12,719
104000169,84,75,9
104000170,690,629,61
104000248,374,1263,-889
104000251,82,325,-243
104000272,0,0,0
104000273,0,0,0
104000274,0,0,0
104000275,0,0,0
104000279,770,533,237
104000290,101,448,-347
104000291,952,1869,-917
104000293,1177,810,367
104000294,15,0,15
104000295,686,1184,-498
104000296,409,962,-553
104000297,957,2081,-1124
104000298,2720,950,1770
104000299,987,2606,-1619
104900001,191,675,-484
104900002,44,179,-135
104900003,38,502,-464
104900004,103,487,-384
104900005,293,242,51
104900006,226,124,102
104900007,238,303,-65
104900009,157,595,-438
104900010,50,53,-3
104900011,12,10,2
104900012,221,17,204
104900013,152,16,136
104900014,4597,390,4207
104900015,157,7,150
104900016,177,354,-177
104900017,195,237,-42
104900018,7,228,-221
104900019,520,2458,-1938
104900020,55,346,-291
104900021,2,350,-348
104900022,32,191,-159
104900023,0,150,-150
104900024,13,142,-129
104900025,82,612,-530
104900026,2,126,-124
104900027,449,399,50
104900028,8,149,-141
104900029,34,122,-88
104900030,608,288,320
104900031,146,261,-115
104900032,37,183,-146
104900033,143,271,-128
104900034,324,134,190
104900035,241,169,72
104900036,150,87,63
104900037,124,417,-293
104900038,740,654,86
104900039,926,212,714
104900040,305,109,196
104900041,305,219,86
104900042,105,518,-413
104900043,18,76,-58
104900044,379,289,90
104900045,482,87,395
104900046,150,204,-54
104900047,292,187,105
104900048,204,117,87
104900049,21,26,-5
104900050,225,88,137
104900051,322,83,239
104900052,46,0,46
104900053,421,97,324
104900054,135,88,47
104900055,85,1,84
104900056,145,9,136
104900057,37,1,36
104900058,972,165,807
104900059,133,44,89
104900060,1,478,-477
104900061,341,762,-421
104900063,1,176,-175
104900064,0,156,-156
104900065,0,224,-224
104900066,4,263,-259
104900067,2,345,-343
104900068,14,330,-316
104900070,194,332,-138
104900071,5,1136,-1131
104900072,62,256,-194
104900073,49,387,-338
104900074,61,298,-237
104900075,52,130,-78
104900076,89,463,-374
104900077,2022,130,1892
104900078,171,778,-607
104900079,184,505,-321
104900080,98,611,-513
104900082,11,468,-457
104900085,2,289,-287
104900087,446,11,435
104900089,126,0,126
104900090,665,667,-2
104900091,561,1057,-496
104900093,266,827,-561
104900097,3834,1736,2098
104900098,73,56,17
104900099,963,965,-2
104900100,1156,343,813
104900102,33,357,-324
104900103,487,177,310
104900104,4619,1878,2741
104900106,47,189,-142
104900107,91,359,-268
104900108,28,523,-495
104900109,106,491,-385
104900110,8,67,-59
104900111,148,161,-13
104900112,302,1209,-907
104900113,667,578,89
104900114,270,837,-567
104900115,622,764,-142
104900116,258,338,-80
104900118,22,111,-89
104900119,0,37,-37
104900120,113,170,-57
104900121,0,134,-134
104900122,3,115,-112
104900123,25,4,21
104900124,29,2,27
104900125,560,4,556
104900126,68,81,-13
104900127,24,102,-78
104900128,89,190,-101
104900129,3588,2348,1240
105000001,3348,2206,1142
105000002,3510,2339,1171
105000003,5103,4701,402
105000004,671,1929,-1258
105000005,805,1573,-768
105000006,1940,2523,-583
105000007,1658,2007,-349
105000008,2674,3515,-841
105000009,2128,3827,-1699
105000010,4680,4100,580
105000011,2263,3114,-851
105000012,5096,4164,932
105000013,1059,1481,-422
105000014,1893,2772,-879
105000015,9330,10326,-996
105000016,5416,2945,2471
105000017,3342,1207,2135
105000018,2247,1664,583
105000019,2653,1291,1362
105000020,437,514,-77
105000021,662,190,472
105000022,373,57,316
105000023,439,273,166
105000028,99,252,-153
105000029,468,1338,-870
105000030,5677,5038,639
105000031,4,21,-17
105000033,1599,2893,-1294
105000034,271,822,-551
105000037,771,689,82
105000038,1870,1909,-39
105000039,3323,2512,811
105000040,795,1229,-434
105000041,636,1686,-1050
105000042,2584,1696,888
105000043,2277,2490,-213
105000044,457,488,-31
105000045,387,1105,-718
105000046,865,454,411
105000047,478,1771,-1293
105000048,909,329,580
105000049,308,1066,-758
105000050,686,498,188
105000051,413,1032,-619
105000052,752,1313,-561
105000053,215,278,-63
105000054,430,1372,-942
105000055,1069,584,485
105000056,1270,3792,-2522
105000057,1415,1224,191
105000058,2224,1892,332
105000059,687,868,-181
105000060,821,979,-158
105000061,616,828,-212
105000062,1241,1622,-381
105000063,553,1031,-478
105000064,1538,1020,518
105000065,729,1299,-570
105000066,1689,2720,-1031
105000067,1754,880,874
105000068,1261,1251,10
105000069,5579,1624,3955
105000070,1448,1033,415
105000071,887,1084,-197
105000072,1673,2766,-1093
105000073,1285,856,429
105000074,1668,1217,451
105000075,1175,969,206
105000076,2339,1402,937
105000077,2912,1314,1598
105000078,2431,1676,755
105000079,3160,2387,773
105000080,2688,1366,1322
105000081,3337,1043,2294
105000082,1785,862,923
105000083,3217,1472,1745
105000084,1242,1423,-181
105000085,1992,1429,563
105000086,851,1550,-699
105000087,3783,2487,1296
105000088,1949,2155,-206
105000089,3371,2724,647
105000090,1281,982,299
105000091,2048,2182,-134
105000092,1091,1500,-409
105000093,531,259,272
105000094,370,265,105
105000095,133,577,-444
105000096,1574,982,592
105000097,1700,1105,595
105000098,1903,754,1149
105000099,2544,1171,1373
105000100,1079,1742,-663
105000101,2494,2965,-471
105000102,2055,2026,29
105000103,2079,3323,-1244
105000104,2432,1622,810
105000105,1300,3295,-1995
105000106,1739,2361,-622
105000107,1315,1498,-183
105000108,1289,2823,-1534
105000109,1475,2578,-1103
105000110,640,1431,-791
105000111,758,1056,-298
105000112,1347,1259,88
105000113,491,881,-390
105000114,6364,1640,4724
105000115,456,1253,-797
105000116,988,696,292
105000117,1212,1994,-782
105000118,429,495,-66
105000119,608,1905,-1297
105000120,1046,815,231
105000121,1282,1947,-665
105000122,419,777,-358
105000123,1583,2137,-554
105000124,1980,1278,702
105000125,1043,3103,-2060
105000126,2577,3228,-651
105000127,2853,2967,-114
105000128,926,2049,-1123
105000129,1424,441,983
105000130,293,2539,-2246
105000131,1036,804,232
105000132,854,674,180
105000133,640,1752,-1112
105000134,953,685,268
105000135,643,1059,-416
105000136,179,622,-443
105000137,379,327,52
105000138,285,551,-266
105000139,1288,1465,-177
105000140,219,666,-447
105000141,270,978,-708
105000142,177,647,-470
105000143,319,1118,-799
105000144,412,1142,-730
105000145,808,615,193
105000146,941,1425,-484
105000147,688,560,128
105000148,1472,1058,414
105000149,2450,2810,-360
105000150,2535,2145,390
105000151,643,505,138
105000152,231,886,-655
105000153,895,682,213
105000154,1131,1404,-273
105000155,423,927,-504
105000156,1185,1430,-245
105000157,1227,3155,-1928
105000158,2483,1163,1320
105000159,354,1955,-1601
105000160,2261,855,1406
105000161,1133,2172,-1039
105000162,790,2142,-1352
105000163,3034,1514,1520
105000164,190,382,-192
105000165,3031,6559,-3528
105000166,10278,595,9683
105000167,4994,1963,3031
105000168,405,1392,-987
105000169,471,466,5
105000170,213,2216,-2003
105000171,1386,470,916
105000172,214,78,136
105000173,125,54,71
105000174,72,44,28
105000175,45,182,-137
105000176,231,116,115
105000177,298,157,141
105000178,151,1096,-945
105000179,336,171,165
105000180,95,153,-58
105000181,93,725,-632
105000182,23,73,-50
105000183,4224,2636,1588
105000184,1158,1165,-7
105000185,1278,891,387
105000186,543,1159,-616
105000187,847,272,575
105000188,577,161,416
105000189,428,636,-208
105000190,502,440,62
105000191,597,474,123
105000192,373,105,268
105000193,218,169,49
105000194,431,101,330
105000195,337,1281,-944
105000196,84,232,-148
105000197,323,880,-557
105000198,711,450,261
105000199,676,759,-83
105000200,206,209,-3
105000201,235,36,199
105000203,18,454,-436
105000204,80,120,-40
105000205,126,371,-245
105000207,594,303,291
105000208,338,595,-257
105000209,346,377,-31
105000211,137,14,123
105000212,1340,2129,-789
105000213,256,268,-12
105000214,95,367,-272
105000215,276,382,-106
105000216,152,371,-219
105000217,165,379,-214
105000218,1027,1535,-508
105000221,255,411,-156
105000222,419,62,357
105000223,217,216,1
105000226,85,487,-402
105000227,49,285,-236
105000228,450,1467,-1017
105000229,178,426,-248
105000231,370,405,-35
105000233,787,720,67
105000234,642,1901,-1259
105000235,513,811,-298
105000237,1000,104,896
105000243,29,76,-47
105000248,137,79,58
105000262,344,2171,-1827
105000269,135,222,-87
105000270,467,99,368
105000271,3,358,-355
105000282,318,80,238
105000287,370,193,177
105000288,447,699,-252
105000289,4158,1562,2596
105000290,20,7,13
105000402,5452,2970,2482
105000426,669,622,47
105000438,3297,1049,2248
105000440,21,23,-2
105000446,18590,7523,11067
105000447,9740,4289,5451
105000454,377,1277,-900
105000455,286,289,-3
105000474,16,1,15
105000477,366,553,-187
105000478,1944,3469,-1525
105000479,312,202,110
105000480,5858,3598,2260
105000481,3903,3078,825
105000482,7798,5655,2143
105000483,1624,1945,-321
105000484,3753,3644,109
105000485,1972,2227,-255
105000486,6150,3811,2339
105000488,8414,6094,2320
105000489,1227,1211,16
105000549,90,182,-92
105000550,889,1931,-1042
105000551,58,147,-89
105000552,5306,2746,2560
105000555,1754,1023,731
105000556,27,53,-26
105000557,36,254,-218
105900001,6,1239,-1233
105900002,2138,518,1620
105900003,7,129,-122
105900004,340,158,182
105900005,10,262,-252
105900006,6,73,-67
105900007,84,27,57
105900008,63,1003,-940
105900009,10,16,-6
105900011,114,64,50
105900012,400,154,246
105900013,1,16,-15
105900014,4,63,-59
105900015,192,493,-301
105900016,309,688,-379
105900017,982,62,920
105900018,212,470,-258
105900019,51,366,-315
105900020,63,88,-25
105900021,21,239,-218
105900022,283,475,-192
105900023,2,99,-97
105900024,3,100,-97
105900025,140,52,88
105900026,417,78,339
105900027,5270,4112,1158
105900028,266,182,84
105900029,2636,448,2188
105900030,264,280,-16
105900031,560,195,365
105900032,71,155,-84
105900033,199,133,66
105900034,221,276,-55
105900035,195,195,0
105900036,49,219,-170
105900037,56,95,-39
105900038,179,520,-341
105900039,94,243,-149
105900040,73,97,-24
105900041,209,625,-416
105900042,117,166,-49
105900043,3342,60,3282
105900044,6,275,-269
105900045,10,978,-968
105900046,14,276,-262
105900047,13,63,-50
105900048,104,744,-640
105900050,2673,818,1855
105900051,5,1551,-1546
105900052,406,86,320
105900053,5294,2819,2475
105900054,318,367,-49
105900056,935,313,622
105900057,17,148,-131
105900058,20,70,-50
105900059,1,35,-34
106000001,4792,2732,2060
106000002,3302,6447,-3145
106000003,3809,4463,-654
106000004,2915,4352,-1437
106000005,3139,7242,-4103
106000006,7954,7156,798
106000007,531,843,-312
106000008,540,477,63
106000009,587,454,133
106000010,708,725,-17
106000011,1094,1295,-201
106000012,1058,2142,-1084
106000013,2043,2394,-351
106000014,2521,2644,-123
106000015,1559,1512,47
106000016,1523,3540,-2017
106000017,766,913,-147
106000018,862,728,134
106000019,436,542,-106
106000020,318,614,-296
106000021,298,598,-300
106000022,526,358,168
106000023,744,476,268
106000024,808,1094,-286
106000025,153,278,-125
106000026,198,371,-173
106000027,1114,1833,-719
106000028,654,767,-113
106000029,1009,1725,-716
106000030,982,472,510
106000034,231,929,-698
106000035,1187,1996,-809
106000036,358,417,-59
106000037,2485,2124,361
106000038,475,172,303
106000039,244,114,130
106000040,201,1062,-861
106000041,1213,540,673
106000043,915,236,679
106000046,420,64,356
106000047,90,497,-407
106000049,1063,221,842
106000050,502,1323,-821
106000051,941,513,428
106000052,140,872,-732
106000053,216,171,45
106000054,480,587,-107
106000055,973,1472,-499
106000056,339,591,-252
106000057,250,337,-87
106000058,180,301,-121
106000059,270,336,-66
106000060,644,896,-252
106000061,243,686,-443
106000062,178,882,-704
106000063,534,747,-213
106000064,25,508,-483
106000065,290,288,2
106000066,169,536,-367
106000067,333,134,199
106000068,44,878,-834
106000069,222,121,101
106000070,505,1202,-697
106000071,960,427,533
106000072,6659,2432,4227
106000073,2500,3668,-1168
106000074,689,1050,-361
106000075,396,1688,-1292
106000076,1881,2339,-458
106000077,4710,1944,2766
106000078,978,1324,-346
106000079,690,1309,-619
106000080,1291,1002,289
106000081,635,1517,-882
106000082,2640,1183,1457
106000083,485,1891,-1406
106000084,1406,982,424
106000085,2029,1854,175
106000086,741,1113,-372
106000087,1045,817,228
106000088,406,873,-467
106000089,1214,616,598
106000090,325,666,-341
106000091,368,1137,-769
106000092,867,299,568
106000093,334,118,216
106000094,135,516,-381
106000095,630,1506,-876
106000096,986,916,70
106000097,943,1547,-604
106000098,724,1226,-502
106000099,213,1052,-839
106000100,997,298,699
106000101,888,282,606
106000102,152,743,-591
106000103,308,863,-555
106000104,866,556,310
106000105,509,1085,-576
106000106,519,620,-101
106000107,161,625,-464
106000108,314,457,-143
106000109,136,553,-417
106000110,204,341,-137
106000111,221,800,-579
106000112,247,547,-300
106000113,1512,935,577
106000114,568,527,41
106000115,332,868,-536
106000116,197,331,-134
106000117,1055,1105,-50
106000118,1327,1578,-251
106000119,2646,1560,1086
106000120,869,1253,-384
106000121,237,259,-22
106000122,151,484,-333
106000123,399,375,24
106000124,75,396,-321
106000125,55,403,-348
106000126,218,286,-68
106000127,900,1288,-388
106000128,788,451,337
106000129,600,874,-274
106000130,725,577,148
106000131,184,1159,-975
106000132,1340,219,1121
106000133,4810,1616,3194
106000134,979,1655,-676
106000135,303,1221,-918
106000136,693,953,-260
106000137,101,1864,-1763
106000138,1168,110,1058
106000139,42,180,-138
106000140,65,140,-75
106000141,129,149,-20
106000142,72,97,-25
106000143,31,103,-72
106000144,26,111,-85
106000145,216,414,-198
106000146,331,231,100
106000147,504,778,-274
106000148,853,1178,-325
106000149,572,626,-54
106000150,695,2608,-1913
106000151,6757,959,5798
106000152,1716,2596,-880
106000153,126,2101,-1975
106000154,2104,424,1680
106000155,94,324,-230
106000156,769,447,322
106000157,781,2603,-1822
106000158,4274,1094,3180
106000159,6095,2056,4039
106000160,325,3608,-3283
106000161,1866,750,1116
106000162,180,1175,-995
106000163,390,816,-426
106000164,392,446,-54
106000165,183,961,-778
106000166,1331,315,1016
106000167,559,1667,-1108
106000168,451,301,150
106000169,160,1021,-861
106000170,837,280,557
106000171,164,1491,-1327
106000172,4164,1280,2884
106000173,1465,3999,-2534
106000174,1254,443,811
106000175,319,1381,-1062
106000176,1604,934,670
106000177,934,3204,-2270
106000178,3676,2288,1388
106000179,1431,2997,-1566
106000180,960,2111,-1151
106000181,641,2205,-1564
106000182,1061,1063,-2
106000183,988,1341,-353
106000184,1220,1172,48
106000185,754,1121,-367
106000186,1171,161,1010
106000187,258,1184,-926
106000188,0,2,-2
106000189,5,70,-65
106000190,18,2,16
106000191,783,186,597
106000192,1,27,-26
106000193,457,183,274
106000194,186,467,-281
106000195,418,102,316
106000196,188,386,-198
106000197,427,384,43
106000198,111,356,-245
106000199,999,724,275
106000200,579,217,362
106000201,638,2623,-1985
106000202,8796,780,8016
106000203,150,273,-123
106000204,115,16,99
106000205,26,154,-128
106000206,128,32,96
106000207,99,1025,-926
106000208,1119,139,980
106000209,1281,389,892
106000210,268,1942,-1674
106000211,512,1981,-1469
106000212,1042,356,686
106000213,836,1741,-905
106000214,3020,711,2309
106000215,332,692,-360
106000216,383,447,-64
106000217,357,733,-376
106000218,594,511,83
106000219,198,399,-201
106000220,464,349,115
106000221,138,339,-201
106000222,83,183,-100
106000223,159,211,-52
106000224,243,345,-102
106000225,172,105,67
106000226,248,435,-187
106000228,58,166,-108
106000229,118,968,-850
106000231,838,252,586
106000232,59,558,-499
106000233,586,211,375
106000234,81,230,-149
106000235,281,165,116
106000236,153,81,72
106000237,6,18,-12
106000238,41,22,19
106000239,7,122,-115
106000240,71,2,69
106000241,13,1018,-1005
106000242,375,30,345
106000249,88,122,-34
106000250,96,568,-472
106000251,65,39,26
106000252,14,103,-89
106000253,47,70,-23
106000254,36,80,-44
106000255,26,184,-158
106000256,145,96,49
106000257,169,340,-171
106000258,197,49,148
106000259,8,23,-15
106000260,8,17,-9
106000261,9,62,-53
106000262,77,11,66
106000263,21,87,-66
106000264,179,21,158
106000265,7,165,-158
106000266,204,30,174
106000267,7,102,-95
106000268,697,42,655
106000269,90,82,8
106000270,260,643,-383
106000271,95,272,-177
106000272,163,65,98
106000273,32,262,-230
106000274,239,46,193
106000275,188,268,-80
106000276,177,66,111
106000277,152,233,-81
106000278,270,34,236
106000279,43,94,-51
106000280,49,260,-211
106000281,88,165,-77
106000282,64,76,-12
106000283,112,154,-42
106000284,78,127,-49
106000285,144,224,-80
106000286,75,193,-118
106000287,117,117,0
106000288,122,204,-82
106000289,85,107,-22
106000290,102,141,-39
106000291,96,143,-47
106000292,129,136,-7
106000293,189,137,52
106000294,161,170,-9
106000295,44,62,-18
106000296,73,159,-86
106000297,72,341,-269
106000298,203,94,109
106000299,100,204,-104
106000300,106,136,-30
106000301,86,136,-50
106000303,22,131,-109
106000304,51,38,13
106000305,27,38,-11
106000306,36,99,-63
106000307,38,15,23
106000308,31,234,-203
106000309,24,93,-69
106000310,273,841,-568
106000311,327,210,117
106000312,106,285,-179
106000313,216,285,-69
106000318,190,302,-112
106000319,917,182,735
106000320,2,56,-54
106000321,509,98,411
106000322,135,213,-78
106000324,8,201,-193
106000325,1810,1155,655
106000326,1154,2670,-1516
106000327,111,169,-58
106000328,19,123,-104
106000329,136,403,-267
106000330,45,63,-18
106000428,73,280,-207
106000429,182,740,-558
106000430,388,1898,-1510
106000431,1968,560,1408
106000432,2654,4498,-1844
106000433,2410,1573,837
106000434,3433,1550,1883
106000435,2540,4196,-1656
106000436,15,398,-383
106000437,361,28,333
106000438,363,150,213
106000439,36,613,-577
106000440,236,675,-439
106000441,0,5,-5
106000442,373,9,364
106000443,113,633,-520
106000450,5,271,-266
106000451,32,30,2
106000454,8,161,-153
106000455,10,202,-192
106000456,176,28,148
106000457,16,1374,-1358
106000458,541,260,281
106000459,166,610,-444
106000460,995,71,924
106000461,105,2023,-1918
106000462,0,27,-27
106000463,3,62,-59
106000464,4,612,-608
106000465,443,1,442
106000466,5,875,-870
106000467,727,775,-48
106000468,90,343,-253
106000469,391,2,389
106000470,347,2173,-1826
106000471,37,860,-823
106000472,186,13,173
106000473,26,32,-6
106000474,468,931,-463
106000475,304,240,64
106000476,253,217,36
106000477,47,205,-158
106000480,1,281,-280
106900001,0,26,-26
106900002,2,674,-672
106900003,319,1031,-712
106900004,1,95,-94
106900006,0,14,-14
106900007,0,22,-22
106900008,296,379,-83
106900009,312,555,-243
106900010,273,399,-126
106900012,3126,2078,1048
106900013,560,122,438
106900014,45,1,44
106900015,8,1,7
106900016,287,7,280
106900017,6,1,5
106900018,1,1,0
106900019,22,5,17
106900020,3468,1561,1907
106900021,136,110,26
106900022,543,0,543
106900023,68,286,-218
106900024,425,39,386
106900025,61,826,-765
106900026,7,979,-972
106900027,587,6,581
107000001,4131,3117,1014
107000002,4944,6566,-1622
107000003,5412,7175,-1763
107000004,6561,7839,-1278
107000005,3553,5944,-2391
107000006,5135,8583,-3448
107000007,5073,11381,-6308
107000008,17905,13716,4189
107000009,6141,7792,-1651
107000010,13230,14619,-1389
107000011,1360,1808,-448
107000012,5458,4986,472
107000013,73,157,-84
107000014,56,402,-346
107000015,687,1122,-435
107000016,735,1513,-778
107000017,3229,1234,1995
107000018,25,377,-352
107000020,1826,558,1268
107000021,1417,1011,406
107000022,1049,1398,-349
107000023,2166,540,1626
107000024,603,2155,-1552
107000025,310,624,-314
107000026,293,901,-608
107000027,1464,1520,-56
107000028,1485,2406,-921
107000029,2960,2598,362
107000030,3524,4722,-1198
107000031,4074,2711,1363
107000032,496,1277,-781
107000033,5136,6058,-922
107000034,6371,2775,3596
107000035,461,301,160
107000036,568,1990,-1422
107000037,91,1021,-930
107000038,452,291,161
107000039,1198,882,316
107000040,237,390,-153
107000041,2090,949,1141
107000042,926,2297,-1371
107000043,4091,1250,2841
107000044,962,415,547
107000045,211,352,-141
107000046,789,541,248
107000047,609,982,-373
107000048,803,352,451
107000049,664,982,-318
107000050,1131,763,368
107000051,817,544,273
107000052,1683,1125,558
107000053,492,288,204
107000054,88,488,-400
107000055,377,230,147
107000056,659,1095,-436
107000057,2990,362,2628
107000058,2379,2857,-478
107000059,2956,4697,-1741
107000060,4258,6771,-2513
107000061,7760,5332,2428
107000062,3889,3771,118
107000063,5074,8057,-2983
107000064,4281,2733,1548
107000065,4792,7237,-2445
107000066,1922,2943,-1021
107000067,1049,1288,-239
107000068,1782,784,998
107000069,1012,654,358
107000070,861,6,855
107000071,2540,48,2492
107000072,81,4645,-4564
107000073,569,270,299
107000074,219,1335,-1116
107000075,1540,549,991
107000076,1048,2112,-1064
107000077,3357,1301,2056
107000078,2803,4341,-1538
107000079,2591,937,1654
107000080,1519,4119,-2600
107000081,1380,641,739
107000082,631,2956,-2325
107000083,1324,468,856
107000084,595,2840,-2245
107000085,3404,4134,-730
107000086,4491,4898,-407
107000087,4097,2556,1541
107000088,4301,5413,-1112
107000089,1743,2648,-905
107000090,1371,1872,-501
107000091,1293,1256,37
107000092,972,1735,-763
107000093,1418,1054,364
107000094,1592,1831,-239
107000095,801,1007,-206
107000096,755,1447,-692
107000097,822,542,280
107000098,568,1182,-614
107000099,574,441,133
107000100,444,426,18
107000101,120,318,-198
107000102,486,563,-77
107000103,500,243,257
107000104,336,728,-392
107000105,468,189,279
107000106,283,603,-320
107000107,690,256,434
107000108,274,1133,-859
107000109,748,250,498
107000110,129,944,-815
107000111,344,65,279
107000112,61,570,-509
107000113,513,156,357
107000114,145,1213,-1068
107000115,497,152,345
107000116,122,1460,-1338
107000117,142,530,-388
107000118,183,422,-239
107000119,2680,1758,922
107000120,4693,571,4122
107000121,675,964,-289
107000122,1282,1318,-36
107000123,367,1164,-797
107000124,604,1330,-726
107000125,842,1314,-472
107000126,995,1352,-357
107000129,299,1609,-1310
107000130,518,285,233
107000131,539,1071,-532
107000132,555,423,132
107000133,767,139,628
107000134,330,1,329
107000135,15,349,-334
107000136,845,5,840
107000137,23,539,-516
107000138,382,20,362
107000139,19,558,-539
107000140,1603,91,1512
107000141,179,1056,-877
107000142,515,106,409
107000143,77,1174,-1097
107000144,502,507,-5
107000145,205,816,-611
107000146,194,418,-224
107000147,5712,1531,4181
107000150,1085,2984,-1899
107000151,51,102,-51
107000152,845,1047,-202
107000153,743,622,121
107000154,280,204,76
107000155,747,25,722
107000156,1073,33,1040
107000157,35,2643,-2608
107000158,675,38,637
107000159,48,1923,-1875
107000160,750,125,625
107000161,97,2126,-2029
107000162,253,469,-216
107000163,160,4,156
107000164,511,3,508
107000165,715,8,707
107000166,35,1803,-1768
107000167,579,375,204
107000168,1025,474,551
107000169,1347,1186,161
107000170,1896,852,1044
107000171,543,2854,-2311
107000172,892,1351,-459
107000173,754,1587,-833
107000174,858,5081,-4223
107000175,11098,2295,8803
107000176,1,2,-1
107000177,4,0,4
107000178,13,73,-60
107000179,274,3516,-3242
107000180,1108,404,704
107000181,396,1856,-1460
107000182,1725,1218,507
107000183,125,1154,-1029
107000184,1042,918,124
107000185,471,1634,-1163
107000186,1000,388,612
107000187,1313,1764,-451
107000188,596,661,-65
107000189,406,1444,-1038
107000190,649,1060,-411
107000191,980,1910,-930
107000192,1929,1365,564
107000193,445,520,-75
107000194,1560,1074,486
107000197,784,301,483
107000198,292,990,-698
107000199,777,1097,-320
107000200,1795,891,904
107000201,515,255,260
107000202,333,583,-250
107000203,1114,660,454
107000204,1671,707,964
107000205,2289,1276,1013
107000206,1097,1407,-310
107000207,1173,1521,-348
107000208,1594,568,1026
107000209,2639,1406,1233
107000210,1083,624,459
107000211,11,40,-29
107000212,13,533,-520
107000213,14,38,-24
107000214,30,275,-245
107000215,381,553,-172
107000216,346,563,-217
107000217,106,119,-13
107000219,81,146,-65
107000220,139,318,-179
107000222,338,1001,-663
107000224,354,97,257
107000225,220,749,-529
107000226,275,76,199
107000227,78,501,-423
107000228,57,183,-126
107000229,746,260,486
107000230,1685,861,824
107000231,2035,1209,826
107000232,146,162,-16
107000233,1552,906,646
107000234,1,45,-44
107000235,92,8,84
107000236,25,597,-572
107000237,13,2,11
107000238,19,3,16
107000239,6501,877,5624
107000240,108,1530,-1422
107000243,0,75,-75
107000244,9,93,-84
107000246,8,1470,-1462
107000249,1,1426,-1425
107000251,7,346,-339
107000252,9,1496,-1487
107000255,1032,109,923
107000257,5,684,-679
107000258,2,193,-191
107000259,2,286,-284
107000260,551,6,545
107000262,13,848,-835
107000263,233,2,231
107000266,16,9,7
107000267,97,227,-130
107000268,172,187,-15
107000269,477,32,445
107000270,3,9,-6
107000271,12,1102,-1090
107000272,7,222,-215
107000273,0,250,-250
107000274,2143,213,1930
107000275,197,717,-520
107000280,666,36,630
107000281,38,1491,-1453
107000282,25,1366,-1341
107000290,5,13,-8
107000291,27,23,4
107000292,2,34,-32
107000293,160,4,156
107000294,0,24,-24
107000295,26,3,23
107000296,0,17,-17
107000444,416,7,409
107000496,0,20,-20
107000497,1441,3505,-2064
107000500,447,452,-5
107000501,114,224,-110
107000502,518,519,-1
107000505,911,1210,-299
107000506,1,25,-24
107000508,9,715,-706
107000509,272,876,-604
107000510,17,25,-8
107000514,84,462,-378
107000515,14,371,-357
107000516,238,287,-49
107000518,1356,1059,297
107000519,4820,1384,3436
107000520,102,26,76
107000521,631,635,-4
107000522,857,1192,-335
107900001,32,219,-187
107900002,37,5,32
107900003,138,5,133
107900004,10,1,9
107900005,904,2,902
107900006,165,2,163
107900007,277,29,248
107900008,82,30,52
107900009,157,4,153
107900010,29,1,28
107900012,314,36,278
107900013,272,47,225
107900014,11,4,7
107900015,731,5,726
107900016,579,111,468
107900017,14,2,12
107900018,56,130,-74
107900019,10,69,-59
107900020,96,16,80
107900021,48,178,-130
107900023,1,0,1
107900024,0,40,-40
107900025,223,384,-161
107900026,88,129,-41
107900027,50,50,0
107900028,36,92,-56
107900030,237,22,215
107900031,55,259,-204
107900032,9,3,6
107900033,14,4,10
107900034,439,14,425
107900035,833,35,798
107900036,45,8,37
107900037,0,50,-50
107900038,202,174,28
107900039,24,114,-90
107900040,49,70,-21
107900041,5,0,5
107900043,34,260,-226
107900044,6,12,-6
107900045,71,33,38
107900046,127,181,-54
107900047,15,87,-72
107900048,162,9,153
107900049,445,861,-416
107900050,136,518,-382
107900051,77,106,-29
107900052,32,14,18
107900053,22,118,-96
107900055,570,280,290
107900056,103,41,62
107900057,3,0,3
107900058,37,1037,-1000
107900060,36,50,-14
107900061,31,9,22
107900063,100,165,-65
107900064,425,96,329
107900065,113,15,98
107900066,18,12,6
107900067,0,0,0
107900068,207,298,-91
107900069,70,2196,-2126
107900070,83,45,38
107900071,47,1314,-1267
107900072,66,250,-184
107900073,58,215,-157
107900074,993,197,796
107900076,146,64,82
107900077,42,2,40
107900079,7,14,-7
107900080,212,288,-76
107900081,32,124,-92
107900082,27,22,5
107900083,514,160,354
107900084,160,118,42
107900086,57,135,-78
107900087,629,120,509
107900088,25,26,-1
107900089,342,1125,-783
107900090,659,2239,-1580
107900091,240,539,-299
107900093,109,82,27
107900095,4130,1919,2211
107900097,42,84,-42
107900098,51,146,-95
107900100,1209,1124,85
107900101,1445,234,1211
107900102,12,4,8
107900103,64,203,-139
107900104,206,2,204
107900105,1,770,-769
107900106,5,1935,-1930
107900107,1073,426,647
107900108,492,154,338
107900109,1157,11,1146
107900110,29,136,-107
107900111,11,1334,-1323
107900112,206,482,-276
107900113,163,197,-34
107900114,155,295,-140
107900115,3,53,-50
107900116,144,272,-128
107900117,328,467,-139
107900118,107,199,-92
107900119,112,186,-74
107900120,22,29,-7
107900121,1,187,-186
107900122,3,51,-48
107900123,6,22,-16
107900124,18,26,-8
107900125,44,241,-197
107900126,2,43,-41
107900127,409,233,176
107900128,101,90,11
107900129,41,51,-10
107900130,73,53,20
107900131,692,218,474
107900132,126,542,-416
107900133,2,87,-85
107900134,35,43,-8
107900135,8,238,-230
107900136,19,30,-11
107900137,113,189,-76
107900138,27,44,-17
107900139,39,72,-33
107900141,73,94,-21
107900142,71,1291,-1220
107900143,31,26,5
107900144,1,208,-207
107900145,0,93,-93
107900146,49,180,-131
107900147,45,43,2
107900148,196,214,-18
107900149,1930,286,1644
107900150,111,1181,-1070
107900151,35,160,-125
107900152,6,261,-255
107900153,235,334,-99
107900154,41,26,15
107900155,58,27,31
107900156,6,493,-487
107900157,63,110,-47
107900158,672,20,652
107900159,53,1523,-1470
107900160,113,226,-113
107900161,22,343,-321
107900162,3,55,-52
107900163,83,21,62
107900164,6,42,-36
107900165,100,99,1
107900166,22,338,-316
107900167,23,19,4
107900168,16,58,-42
107900169,0,173,-173
107900171,15,2503,-2488
107900172,4,371,-367
107900173,9,294,-285
107900174,82,7,75
107900175,18,9,9
107900176,14,38,-24
107900177,0,43,-43
107900178,1,292,-291
107900179,13,154,-141
107900180,1108,480,628
107900181,315,546,-231
107900182,4,2014,-2010
107900183,34,417,-383
107900184,86,196,-110
107900185,80,3,77
107900186,20,43,-23
107900187,1,135,-134
107900188,983,155,828
107900189,22,123,-101
107900190,111,79,32
107900191,59,166,-107
107900193,36,59,-23
107900194,216,11,205
107900195,5344,667,4677
107900196,62,73,-11
107900197,1082,315,767
107900199,2,1228,-1226
107900201,130,194,-64
107900203,60,99,-39
107900204,281,310,-29
107900206,789,192,597
107900207,0,661,-661
107900208,9,1050,-1041
107900209,399,145,254
107900210,120,153,-33
107900213,477,454,23
107900214,3,212,-209
107900215,178,345,-167
107900216,125,122,3
107900217,20,95,-75
107900218,8,1657,-1649
107900219,39,175,-136
107900220,203,246,-43
107900221,223,294,-71
107900223,99,744,-645
107900224,184,376,-192
107900225,13,968,-955
107900226,85,138,-53
107900227,147,557,-410
107900228,10,119,-109
107900229,7,341,-334
107900230,15,166,-151
107900231,19,265,-246
107900232,33,272,-239
107900233,8,156,-148
107900234,78,245,-167
107900235,13,96,-83
107900236,80,115,-35
107900237,121,543,-422
107900238,18,174,-156
107900239,1638,523,1115
107900240,22,163,-141
107900241,13,97,-84
107900242,19,565,-546
107900243,0,67,-67
107900244,340,23,317
107900245,676,50,626
107900246,128,15,113
107900248,323,575,-252
107900249,589,23,566
107900250,2,713,-711
107900251,89,1762,-1673
107900252,1195,12,1183
107900253,188,0,188
107900254,58,209,-151
107900255,335,80,255
107900256,712,398,314
107900257,112,65,47
107900258,78,456,-378
107900259,83,1717,-1634
107900261,7,576,-569
107900262,33,203,-170
107900264,230,5,225
107900265,77,212,-135
107900267,185,24,161
107900268,66,19,47
107900269,0,13,-13
107900270,0,0,0
107900271,2,12,-10
107900272,168,9,159
107900273,43,104,-61
107900274,53,0,53
107900275,14,0,14
107900276,1,92,-91
107900277,0,330,-330
107900278,233,406,-173
107900279,185,133,52
107900280,1999,2155,-156
107900281,4781,2198,2583
107900282,104,320,-216
107900283,1827,583,1244
107900284,405,906,-501
107900285,62,151,-89
107900286,139,98,41
107900287,134,209,-75
107900290,5,74,-69
107900291,505,24,481
107900292,121,335,-214
107900293,100,801,-701
107900295,45,141,-96
107900297,1,285,-284
107900298,1005,1143,-138
107900299,5091,2418,2673
107900301,599,687,-88
107900302,107,21,86
107900303,154,402,-248
107900304,263,610,-347
107900305,255,14,241
107900306,31,13,18
107900307,27,373,-346
107900308,201,85,116
107900309,198,0,198
107900310,241,1,240
107900311,3,98,-95
107900312,70,2,68
107900313,0,105,-105
107900314,3,63,-60
107900315,0,56,-56
107900316,25,0,25
107900317,140,28,112
107900318,6,156,-150
107900319,4,326,-322
107900320,5,241,-236
107900321,116,3,113
107900322,8,259,-251
107900323,10,210,-200
107900324,173,1,172
107900325,115,0,115
107900326,350,444,-94
107900327,8,34,-26
107900328,148,0,148
107900329,212,38,174
107900330,6,504,-498
107900331,215,50,165
107900332,163,56,107
107900333,33,13,20
107900334,8,346,-338
107900335,67,95,-28
107900336,26,33,-7
107900337,1922,899,1023
107900338,3,186,-183
107900339,1,40,-39
107900340,1,76,-75
107900341,40,0,40
107900342,108,152,-44
107900343,57,2,55
107900344,2,121,-119
107900345,146,27,119
107900346,39,3,36
107900347,41,1,40
107900348,5,1,4
107900349,28,7,21
107900350,43,309,-266
107900351,4,355,-351
107900352,5,96,-91
107900353,22,18,4
107900354,5,81,-76
108000001,3093,4964,-1871
108000002,3079,4048,-969
108000003,4101,3294,807
108000004,20476,21075,-599
108000005,8099,5689,2410
108000006,9854,9780,74
108000007,5527,5061,466
108000008,6788,8343,-1555
108000009,4053,4845,-792
108000010,4518,6671,-2153
108000011,11691,14314,-2623
108000012,23256,22309,947
108000014,1195,873,322
108000015,771,443,328
108000016,328,854,-526
108000017,927,486,441
108000018,1624,725,899
108000019,2304,1088,1216
108000020,1520,553,967
108000021,564,2219,-1655
108000022,613,2066,-1453
108000023,1263,273,990
108000024,261,829,-568
108000025,282,333,-51
108000026,664,750,-86
108000027,724,881,-157
108000028,616,347,269
108000029,497,1265,-768
108000030,594,269,325
108000031,316,657,-341
108000032,1276,750,526
108000033,750,1685,-935
108000034,1647,546,1101
108000035,1062,3292,-2230
108000036,395,1982,-1587
108000037,1678,399,1279
108000038,2360,497,1863
108000039,573,3333,-2760
108000040,1842,971,871
108000041,694,3579,-2885
108000042,268,293,-25
108000043,199,355,-156
108000044,430,216,214
108000045,344,714,-370
108000046,1252,343,909
108000047,508,1378,-870
108000048,184,464,-280
108000049,541,292,249
108000050,151,860,-709
108000051,266,110,156
108000052,269,893,-624
108000053,332,125,207
108000054,643,1338,-695
108000055,1218,478,740
108000056,1472,1437,35
108000057,755,1113,-358
108000058,2346,4058,-1712
108000059,4982,2832,2150
108000060,282,808,-526
108000061,369,649,-280
108000062,647,603,44
108000063,361,696,-335
108000064,232,277,-45
108000065,788,680,108
108000066,2381,961,1420
108000067,1887,580,1307
108000068,792,407,385
108000069,320,1462,-1142
108000070,1705,769,936
108000071,986,2071,-1085
108000072,1596,1166,430
108000073,1711,2451,-740
108000074,430,405,25
108000075,403,1065,-662
108000076,724,682,42
108000077,941,947,-6
108000078,1955,1845,110
108000079,1090,2474,-1384
108000080,985,715,270
108000081,552,3066,-2514
108000082,1224,2668,-1444
108000083,2066,1043,1023
108000084,492,1688,-1196
108000085,643,476,167
108000086,1017,988,29
108000087,134,2066,-1932
108000088,1106,254,852
108000089,487,362,125
108000091,264,874,-610
108000092,161,157,4
108000093,235,1135,-900
108000094,701,178,523
108000095,220,718,-498
108000096,306,251,55
108000097,201,760,-559
108000098,1343,1817,-474
108000099,1301,387,914
108000100,116,649,-533
108000101,1063,1613,-550
108000102,1887,3518,-1631
108000106,988,0,988
108000107,2,887,-885
108000108,806,48,758
108000109,18,1034,-1016
108000110,157,406,-249
108000111,167,1043,-876
108000112,63,191,-128
108000113,695,342,353
108000115,452,522,-70
108000117,989,403,586
108000118,926,1853,-927
108000119,999,600,399
108000120,154,972,-818
108000121,205,843,-638
108000122,520,435,85
108000123,570,321,249
108000124,266,712,-446
108000125,313,437,-124
108000126,150,756,-606
108000127,541,471,70
108000128,581,786,-205
108000129,274,1624,-1350
108000130,297,335,-38
108000131,1127,535,592
108000132,2423,2043,380
108000133,878,720,158
108000134,695,791,-96
108000135,1214,468,746
108000136,1084,1256,-172
108000137,419,531,-112
108000138,358,1447,-1089
108000139,358,497,-139
108000140,99,35,64
108000141,55,186,-131
108000142,63,191,-128
108000143,47,796,-749
108000144,362,123,239
108000145,42,93,-51
108000146,522,84,438
108000147,50,95,-45
108000148,567,104,463
108000149,30,58,-28
108000150,36,8,28
108000151,542,90,452
108000152,166,825,-659
108000153,422,183,239
108000154,106,33,73
108000155,29,28,1
108000156,1177,753,424
108000157,156,866,-710
108000158,121,774,-653
108000159,925,248,677
108000160,6749,1140,5609
108000161,5727,2255,3472
108000165,2,145,-143
108000172,4,304,-300
108000173,3586,2139,1447
108000175,421,119,302
108000178,475,419,56
108000179,283,776,-493
108000181,102,69,33
108000182,457,132,325
108000183,121,520,-399
108000184,1547,2069,-522
108000185,280,820,-540
108000186,303,706,-403
108000187,108,1034,-926
108000188,507,270,237
108000189,3884,7110,-3226
108000190,41,131,-90
108000192,187,879,-692
108000193,1140,32,1108
108000194,56,24,32
108000195,3,2051,-2048
108000196,146,215,-69
108000198,999,486,513
108000199,1,280,-279
108000200,291,790,-499
108000203,134,1158,-1024
108000204,114,21,93
108000205,367,679,-312
108000339,1946,418,1528
108000364,379,992,-613
108000365,101,405,-304
108000367,286,421,-135
108000368,14,77,-63
108000369,1947,207,1740
108000371,8,836,-828
108000372,571,7,564
108000373,257,295,-38
108000376,54,11,43
108000377,408,405,3
108000378,10730,12242,-1512
108000379,30,267,-237
108000381,37,16,21
108000382,212,1,211
108000383,1,203,-202
108900001,123,1493,-1370
108900002,275,74,201
108900003,364,1221,-857
108900004,2353,488,1865
108900007,205,210,-5
108900008,69,174,-105
108900009,73,143,-70
108900010,149,216,-67
108900011,389,453,-64
108900012,251,451,-200
108900013,127,256,-129
108900014,3,80,-77
108900015,0,29,-29
108900016,0,278,-278
108900017,185,206,-21
108900018,90,592,-502
108900019,30,1272,-1242
108900020,44,319,-275
108900021,135,304,-169
108900022,130,13,117
108900023,7,22,-15
108900024,17,157,-140
108900025,82,142,-60
108900026,23,128,-105
108900027,0,101,-101
108900028,68,490,-422
108900029,36,268,-232
108900030,0,155,-155
108900031,59,586,-527
108900032,13,342,-329
108900033,0,87,-87
108900034,0,276,-276
108900035,308,1777,-1469
108900038,0,519,-519
108900039,1,715,-714
108900040,3,126,-123
108900041,6325,3099,3226
108900042,9,462,-453
108900043,64,559,-495
108900044,4,876,-872
108900045,42,776,-734
108900046,78,1368,-1290
108900047,1,106,-105
108900048,93,1263,-1170
108900049,6748,1136,5612
108900050,3,300,-297
108900051,1,261,-260
108900052,20,283,-263
108900053,95,174,-79
108900054,71,266,-195
108900055,73,565,-492
108900056,1,229,-228
108900057,1,212,-211
108900058,22,481,-459
108900059,354,50,304
108900060,91,173,-82
108900061,70,42,28
108900062,1,377,-376
108900063,16,384,-368
108900064,126,61,65
108900065,16,422,-406
108900066,256,158,98
108900067,21,280,-259
108900068,4,269,-265
108900069,61,108,-47
108900070,38,187,-149
108900071,102,70,32
108900072,2951,511,2440
108900073,26,632,-606
108900074,134,591,-457
108900075,63,68,-5
108900076,214,85,129
108900077,167,774,-607
108900078,31,204,-173
108900079,935,309,626
108900080,28,812,-784
108900081,43,320,-277
108900082,40,128,-88
108900083,16,306,-290
108900085,2899,235,2664
108900086,99,389,-290
108900087,129,294,-165
108900088,1006,320,686
108900089,20,147,-127
108900090,44,473,-429
108900091,141,114,27
108900092,415,356,59
108900093,71,97,-26
108900094,233,105,128
108900095,59,673,-614
108900096,505,42,463
108900097,381,240,141
108900098,3955,643,3312
108900099,318,342,-24
108900100,40,222,-182
108900101,235,117,118
108900102,123,918,-795
108900103,59,107,-48
108900105,1,1137,-1136
108900106,358,509,-151
108900108,391,48,343
108900109,303,63,240
108900110,175,516,-341
108900111,331,797,-466
108900113,59,71,-12
108900114,42,15,27
108900115,44,79,-35
108900116,57,17,40
108900117,123,22,101
108900118,480,11,469
108900119,178,49,129
108900120,212,268,-56
108900121,362,82,280
108900122,117,47,70
108900123,89,70,19
108900124,386,174,212
108900125,284,4,280
108900126,97,14,83
108900127,161,36,125
108900128,95,26,69
108900129,727,137,590
108900130,196,0,196
108900131,403,2,401
108900132,374,91,283
108900133,171,72,99
108900134,255,316,-61
108900135,112,8,104
108900136,21,1,20
108900137,126,1,125
108900138,608,17,591
108900140,266,273,-7
108900141,275,10,265
108900142,68,3,65
108900143,24,0,24
108900144,92,2,90
108900145,121,5,116
108900146,56,0,56
108900147,182,1,181
108900148,66,35,31
108900150,270,2,268
108900151,124,0,124
108900152,111,20,91
108900153,105,519,-414
108900154,5093,890,4203
108900156,41,13,28
108900157,17,754,-737
108900158,316,94,222
108900159,7,343,-336
108900160,8,319,-311
108900161,5,598,-593
108900162,68,1,67
108900163,4,233,-229
108900164,55,114,-59
108900168,11502,2742,8760
108900169,24,169,-145
108900171,9496,2941,6555
108900172,230,48,182
108900173,190,496,-306
108900174,760,777,-17
108900176,156,720,-564
108900177,10024,4142,5882
108900178,6741,3201,3540
108900180,151,237,-86
108900183,242,231,11
108900184,525,197,328
108900185,93,366,-273
108900186,46,441,-395
108900189,365,112,253
108900190,78,3996,-3918
108900192,104,264,-160
108900195,89,426,-337
108900196,26,650,-624
108900199,246,350,-104
108900200,768,418,350
108900201,435,1674,-1239
108900203,491,70,421
108900204,333,26,307
108900205,209,39,170
108900206,373,58,315
108900207,218,80,138
108900208,14,477,-463
108900209,283,763,-480
108900210,159,252,-93
108900211,138,420,-282
108900212,867,1240,-373
108900215,115,724,-609
108900216,639,163,476
108900217,137,0,137
108900218,103,13,90
108900221,45,189,-144
108900224,23,173,-150
108900225,1,191,-190
108900227,169,198,-29
108900230,563,379,184
108900232,5,488,-483
108900233,399,71,328
108900234,259,117,142
108900235,280,640,-360
108900236,36,352,-316
108900240,97,85,12
108900241,24,34,-10
108900245,7,1216,-1209
108900250,236,130,106
108900258,13,351,-338
108900259,38,92,-54
108900260,11,123,-112
108900261,177,183,-6
108900262,284,166,118
108900263,82,259,-177
108900264,635,350,285
108900265,1438,312,1126
108900266,1705,468,1237
108900267,10,77,-67
108900268,29,6,23
108900269,74,10,64
108900270,57,7,50
108900271,19,7,12
108900272,171,11,160
108900273,1210,751,459
108900274,50,115,-65
109000001,5711,1555,4156
109000002,3227,2138,1089
109000003,2985,839,2146
109000004,700,3715,-3015
109000005,3306,1150,2156
109000006,1080,3085,-2005
109000007,1549,1050,499
109000008,614,2550,-1936
109000009,4344,1823,2521
109000010,1919,5730,-3811
109000011,3688,2449,1239
109000012,2540,5463,-2923
109000013,3614,3301,313
109000014,1969,5088,-3119
109000015,3771,7833,-4062
109000016,13536,5965,7571
109000017,2412,1825,587
109000018,1307,4988,-3681
109000019,3713,1822,1891
109000020,1773,2902,-1129
109000023,323,51,272
109000024,4,209,-205
109000025,518,596,-78
109000026,1357,441,916
109000027,98,382,-284
109000028,127,106,21
109000029,162,268,-106
109000030,89,625,-536
109000031,249,151,98
109000032,119,548,-429
109000033,594,199,395
109000034,82,51,31
109000035,15,66,-51
109000036,81,454,-373
109000037,242,1127,-885
109000038,595,449,146
109000039,920,640,280
109000040,7396,6723,673
109000041,6173,1510,4663
109000042,1409,1299,110
109000044,516,90,426
109000045,153,553,-400
109000046,291,115,176
109000047,103,527,-424
109000048,1074,153,921
109000049,511,607,-96
109000050,410,227,183
109000051,397,358,39
109000052,448,1921,-1473
109000053,171,107,64
109000054,192,842,-650
109000055,261,312,-51
109000056,304,640,-336
109000057,531,349,182
109000058,1114,312,802
109000059,992,1466,-474
109000060,547,346,201
109000061,1954,845,1109
109000062,138,258,-120
109000063,210,283,-73
109000064,184,176,8
109000065,110,404,-294
109000066,336,150,186
109000067,39,393,-354
109000068,2119,14,2105
109000069,1067,56,1011
109000070,12,1345,-1333
109000071,514,88,426
109000072,102,434,-332
109000073,62,139,-77
109000074,51,270,-219
109000075,86,462,-376
109000076,142,262,-120
109000077,474,320,154
109000078,76,229,-153
109000079,121,290,-169
109000080,123,195,-72
109000081,126,743,-617
109000082,584,327,257
109000083,295,960,-665
109000088,139,708,-569
109000089,243,45,198
109000090,198,544,-346
109000091,233,156,77
109000092,451,717,-266
109000093,210,179,31
109000094,402,3,399
109000095,125,668,-543
109000096,498,324,174
109000097,74,189,-115
109000098,79,120,-41
109000099,906,475,431
109000100,271,847,-576
109000101,1194,1062,132
109000102,396,1031,-635
109000103,344,825,-481
109000104,1387,836,551
109000105,571,1736,-1165
109000106,1949,979,970
109000107,640,2501,-1861
109000108,1948,809,1139
109000109,437,2532,-2095
109000110,1722,618,1104
109000111,1483,2817,-1334
109000112,355,199,156
109000113,509,279,230
109000114,131,492,-361
109000115,1820,175,1645
109000116,9,322,-313
109000117,128,139,-11
109000118,16,390,-374
109000119,998,661,337
109000120,175,1309,-1134
109000121,363,115,248
109000122,118,1118,-1000
109000123,39,132,-93
109000124,709,504,205
109000125,727,585,142
109000126,452,1046,-594
109000127,747,349,398
109000128,624,2582,-1958
109000129,1779,783,996
109000130,617,3482,-2865
109000131,790,432,358
109000132,740,2652,-1912
109000133,431,1408,-977
109000134,1005,2027,-1022
109000135,1576,1819,-243
109000136,362,423,-61
109000137,344,467,-123
109000138,493,485,8
109000139,435,567,-132
109000140,209,675,-466
109000141,432,527,-95
109000142,135,643,-508
109000143,54,111,-57
109000145,116,472,-356
109000146,107,129,-22
109000148,5180,1351,3829
109000149,48,58,-10
109000150,264,291,-27
109000155,648,702,-54
109000156,1798,1069,729
109000158,123,335,-212
109000159,136,784,-648
109000160,1162,311,851
109000161,441,1787,-1346
109000162,2145,1029,1116
109000163,1136,2464,-1328
109000164,1330,3565,-2235
109000165,1164,796,368
109000166,578,195,383
109000167,107,1207,-1100
109000170,53,68,-15
109000171,46,58,-12
109000172,50,92,-42
109000173,48,108,-60
109000174,66,76,-10
109000175,52,160,-108
109000176,312,334,-22
109000177,24,181,-157
109000178,668,670,-2
109000179,9460,4510,4950
109000180,6684,3786,2898
109000181,18,74,-56
109000182,52,66,-14
109000183,41,79,-38
109000184,29,25,4
109000185,34,113,-79
109000188,480,3310,-2830
109000189,2145,1275,870
109000190,512,732,-220
109000191,339,791,-452
109000192,332,289,43
109000193,193,580,-387
109000194,214,174,40
109000195,117,546,-429
109000196,265,132,133
109000197,127,612,-485
109000198,243,74,169
109000199,102,727,-625
109000206,266,53,213
109000207,102,38,64
109000208,89,81,8
109000209,132,184,-52
109000210,245,733,-488
109000211,519,538,-19
109000214,409,680,-271
109000215,212,105,107
109000216,398,186,212
109000217,213,91,122
109000218,252,198,54
109000221,519,1540,-1021
109000222,975,285,690
109000223,249,309,-60
109000224,40,270,-230
109000225,91,67,24
109000226,46,414,-368
109000227,909,1512,-603
109000228,1,586,-585
109000231,1,438,-437
109000232,289,455,-166
109000236,280,1065,-785
109000241,2224,2686,-462
109000242,1751,2080,-329
109000293,16,55,-39
109000361,141,357,-216
109000364,217,813,-596
109000396,3,915,-912
109000397,440,8,432
109000399,153,897,-744
109000400,76,404,-328
109000403,77,620,-543
109000406,758,10,748
109000407,246,267,-21
109000408,0,1371,-1371
109000410,1123,318,805
109000411,216,54,162
109900001,114,1,113
109900002,651,12,639
109900003,166,0,166
109900004,887,274,613
109900005,25,4,21
109900006,315,411,-96
109900007,603,995,-392
109900008,1,52,-51
109900009,110,853,-743
109900010,466,14,452
109900011,120,37,83
109900012,184,229,-45
109900013,375,142,233
109900014,379,64,315
109900015,442,165,277
109900016,139,49,90
109900017,160,170,-10
109900018,180,75,105
109900019,167,54,113
109900020,35,53,-18
109900021,36,38,-2
109900022,113,409,-296
109900023,11,7,4
109900024,11,7,4
109900025,15,66,-51
109900026,6,247,-241
109900027,44,64,-20
109900028,2901,875,2026
109900029,8,636,-628
109900030,34,7,27
109900031,20,82,-62
109900032,16,355,-339
109900033,1,882,-881
109900034,33,2,31
109900035,12,17,-5
109900036,12,117,-105
109900037,34,743,-709
109900038,39,368,-329
109900039,18,0,18
109900040,22,806,-784
109900041,55,535,-480
109900042,31,517,-486
109900044,84,341,-257
109900045,222,58,164
109900046,67,132,-65
109900047,395,420,-25
109900048,15,118,-103
109900049,5,41,-36
109900050,2,313,-311
109900051,1,60,-59
109900052,62,390,-328
109900053,6,562,-556
109900054,646,221,425
109900055,45,336,-291
109900056,11,221,-210
109900057,5,261,-256
109900058,1,155,-154
109900059,496,119,377
109900060,392,151,241
109900061,102,406,-304
109900062,2,324,-322
109900063,7,466,-459
109900064,509,341,168
109900065,164,124,40
109900066,348,1222,-874
109900067,0,498,-498
109900068,48,7,41
109900069,3,62,-59
109900070,53,373,-320
109900071,1,41,-40
109900072,11,199,-188
109900073,240,920,-680
109900074,11,37,-26
109900075,19,41,-22
109900076,28,656,-628
109900077,29,52,-23
109900078,82,286,-204
109900080,140,444,-304
109900081,27,147,-120
109900082,45,544,-499
109900083,22,63,-41
109900084,95,225,-130
109900085,217,1319,-1102
109900086,122,371,-249
109900087,324,489,-165
109900089,687,123,564
109900090,542,1687,-1145
109900091,256,103,153
109900092,730,14,716
109900093,674,112,562
109900094,130,125,5
109900095,142,323,-181
109900096,11,5,6
109900097,65,3,62
109900098,362,30,332
109900099,146,2,144
109900100,52,0,52
109900101,385,4,381
109900102,359,23,336
109900103,26,55,-29
109900104,417,1222,-805
109900105,467,21,446
109900106,291,66,225
109900107,415,70,345
109900108,111,482,-371
109900109,29,190,-161
109900110,61,610,-549
109900111,323,1749,-1426
109900112,431,1212,-781
109900113,721,405,316
109900114,667,434,233
109900115,127,91,36
109900117,844,173,671
109900118,281,548,-267
109900119,658,389,269
109900120,64,22,42
109900121,622,346,276
109900122,386,5,381
109900123,20,269,-249
109900124,40,791,-751
109900125,4,226,-222
109900126,193,253,-60
109900128,207,70,137
109900130,15558,1875,13683
109900131,81,187,-106
109900132,26,234,-208
109900133,63,488,-425
109900134,57,70,-13
109900135,465,107,358
109900136,51,166,-115
109900137,86,520,-434
109900140,274,430,-156
109900142,1013,386,627
109900145,5,330,-325
109900146,639,42,597
109900148,35,94,-59
109900149,34,84,-50
109900150,7,63,-56
109900151,2,50,-48
109900152,1,29,-28
109900153,1,48,-47
109900154,62,0,62
109900155,50,23,27
109900157,62,291,-229
109900158,61,196,-135
109900159,136,27,109
109900160,138,45,93
109900161,190,81,109
109900162,174,70,104
109900163,927,417,510
109900164,41,354,-313
109900165,196,5,191
109900166,0,162,-162
109900167,215,718,-503
109900168,213,821,-608
109900169,156,237,-81
109900170,395,926,-531
109900171,143,110,33
109900172,166,236,-70
109900173,5306,2319,2987
109900174,28,180,-152
109900175,55,66,-11
109900176,77,224,-147
109900177,30,349,-319
109900178,17,127,-110
109900179,43,38,5
109900180,6,21,-15
110000001,1142,775,367
110000002,881,877,4
110000003,1198,894,304
110000004,773,780,-7
110000005,792,1769,-977
110000006,914,498,416
110000007,150,217,-67
110000008,15,75,-60
110000009,67,56,11
110000010,65,73,-8
110000011,25,169,-144
110000012,1011,687,324
110000013,35,582,-547
110000014,823,546,277
110000015,372,640,-268
110000016,363,1559,-1196
110000017,4194,331,3863
110000018,4421,594,3827
110000019,10,191,-181
110000020,612,307,305
110000021,1188,452,736
110000022,1104,218,886
110000023,6,257,-251
110000024,745,540,205
110000025,203,6,197
110000026,3,642,-639
110000027,901,489,412
110000028,937,871,66
110000029,572,1256,-684
110000030,273,383,-110
110000031,249,858,-609
110000032,812,487,325
110000033,329,62,267
110000034,347,905,-558
110000035,872,1080,-208
110000036,789,798,-9
110000037,193,653,-460
110000038,256,821,-565
110000039,864,3003,-2139
110000040,416,477,-61
110000041,283,1417,-1134
110000042,99,220,-121
110000043,555,389,166
110000044,117,89,28
110000045,514,148,366
110000046,5,13,-8
110000047,62,18,44
110000048,15,6,9
110000049,148,4,144
110000050,11,14,-3
110000051,174,10,164
110000052,50,51,-1
110000053,435,9,426
110000054,200,335,-135
110000055,488,52,436
110000056,370,94,276
110000057,375,1032,-657
110000058,1240,685,555
110000059,979,587,392
110000060,880,1133,-253
110000061,1124,1095,29
110000062,847,953,-106
110000063,42,112,-70
110000064,83,211,-128
110000065,70,114,-44
110000066,92,33,59
110000067,116,569,-453
110000068,279,645,-366
110000069,161,124,37
110000071,134,168,-34
110000073,1,21,-20
110000075,4,133,-129
110000076,265,332,-67
110000077,498,1086,-588
110000078,24,52,-28
110000080,368,885,-517
110000081,63,390,-327
110000082,49,504,-455
110000083,316,786,-470
110000084,1059,775,284
110000085,2857,1976,881
110000086,1516,2156,-640
110000087,7,93,-86
110000088,71,345,-274
110000089,217,186,31
110000090,99,454,-355
110000091,2314,411,1903
110000092,21,138,-117
110000093,42,14,28
110000094,672,303,369
110000095,184,789,-605
110000096,4295,2220,2075
110000097,1191,1315,-124
110000098,2285,785,1500
110000099,929,2100,-1171
110000100,745,1002,-257
110000101,32,613,-581
110000102,56,67,-11
110000104,263,123,140
110000105,104,298,-194
110000106,599,393,206
110000107,530,598,-68
110000108,185,50,135
110000109,261,368,-107
110000110,4780,5202,-422
110000111,9002,2904,6098
110000112,1696,940,756
110000113,863,2546,-1683
110000114,123,686,-563
110000115,235,358,-123
110000116,33,44,-11
110000117,153,603,-450
110000118,330,325,5
110000119,191,451,-260
110000120,318,239,79
110000121,143,419,-276
110000122,384,809,-425
110000123,460,710,-250
110000124,4,1008,-1004
110000125,1188,6,1182
110000126,296,33,263
110000127,1253,80,1173
110000128,33,1650,-1617
110000129,5,870,-865
110000130,293,190,103
110000131,86,632,-546
110000132,4,787,-783
110000133,60,504,-444
110000134,29,423,-394
110000135,193,42,151
110000136,77,396,-319
110000137,627,821,-194
110000138,722,1140,-418
110000139,752,1711,-959
110000140,1206,766,440
110000143,881,490,391
110000144,5776,1814,3962
110000145,1517,921,596
110000146,1857,838,1019
110000147,449,984,-535
110000148,408,429,-21
110000151,1619,665,954
110000152,1422,472,950
110000153,54,147,-93
110000154,5,19,-14
110000155,1522,3789,-2267
110000156,1115,2470,-1355
110000157,1341,2137,-796
110000160,306,451,-145
110000161,163,505,-342
110000166,456,131,325
110000167,937,604,333
110000168,1006,475,531
110000169,719,372,347
110000170,139,94,45
110000171,610,217,393
110000172,193,1136,-943
110000173,1521,1664,-143
110000174,196,1720,-1524
110000175,446,121,325
110000176,60,331,-271
110000177,178,876,-698
110000178,519,1026,-507
110000179,1997,498,1499
110000180,146,434,-288
110000181,355,529,-174
110000182,407,314,93
110000183,16456,7348,9108
110000184,1700,2726,-1026
110000185,1062,805,257
110000186,867,906,-39
110000191,576,350,226
110000192,443,13,430
110000193,646,1,645
110000194,15,1501,-1486
110000195,479,501,-22
110000196,323,562,-239
110000197,60,240,-180
110000198,144,96,48
110000199,66,137,-71
110000200,1494,615,879
110000201,619,779,-160
110000202,1281,611,670
110000203,825,1085,-260
110000204,4,443,-439
110000205,77,55,22
110000206,797,1964,-1167
110000207,632,399,233
110000208,138,147,-9
110000209,118,1035,-917
110000210,790,913,-123
110000211,804,1139,-335
110000212,552,1233,-681
110000213,176,81,95
110000214,149,141,8
110000215,129,712,-583
110000216,90,813,-723
110000217,203,244,-41
110000218,128,637,-509
110000219,231,97,134
110000220,72,510,-438
110000221,311,87,224
110000222,64,382,-318
110000223,8,132,-124
110000224,98,15,83
110000225,199,812,-613
110000226,245,76,169
110000227,767,814,-47
110000228,499,320,179
110000229,6,346,-340
110000230,610,770,-160
110000231,159,199,-40
110000232,223,240,-17
110000233,215,307,-92
110000234,664,527,137
110000235,1688,1123,565
110000236,626,1222,-596
110000237,2124,1409,715
110000238,1287,1645,-358
110000239,2131,1492,639
110000240,1,101,-100
110000242,0,20,-20
110000243,62,189,-127
110000244,185,609,-424
110000245,67,661,-594
110000246,778,784,-6
110000247,1496,6551,-5055
110000248,3004,2354,650
110000249,128,17,111
110000250,45,345,-300
110000251,282,856,-574
110000252,207,298,-91
110000253,1458,724,734
110000254,812,1759,-947
110000255,234,1449,-1215
110000256,621,231,390
110000257,926,468,458
110000258,5,555,-550
110000259,103,33,70
110000260,13,422,-409
110000263,658,128,530
110000264,265,682,-417
110000265,1115,1951,-836
110000266,2091,2775,-684
110000267,19,291,-272
110000268,300,690,-390
110000269,4,94,-90
110000270,53,6,47
110000271,3347,361,2986
110000272,1232,1187,45
110000273,3953,1559,2394
110000274,181,1344,-1163
110000275,3298,509,2789
110000276,213,307,-94
110000277,199,475,-276
110000278,238,1095,-857
110000279,835,764,71
110000280,333,391,-58
110000281,34,268,-234
110000282,443,61,382
110000283,74,136,-62
110000284,66,63,3
110000285,5,281,-276
110000286,30,0,30
110000287,44,4,40
110000288,0,90,-90
110000289,608,1761,-1153
110000290,1515,672,843
110000291,8422,1754,6668
110000292,1325,4834,-3509
110000293,578,1132,-554
110000294,800,1139,-339
110000295,97,1306,-1209
110000296,261,277,-16
110000297,2909,385,2524
110000298,354,854,-500
110000299,710,71,639
110000301,256,23,233
110000302,371,1773,-1402
110000303,422,24,398
110000304,225,384,-159
110000305,1108,10,1098
110000306,174,2198,-2024
110000307,1396,4,1392
110000308,454,3,451
110000309,7,1465,-1458
110000310,710,91,619
110000311,29,1096,-1067
110000312,783,80,703
110000313,3903,4421,-518
110000314,9,493,-484
110000315,4204,2505,1699
110000316,712,1481,-769
110000317,679,300,379
110000318,7,188,-181
110000319,15,24,-9
110000320,51,73,-22
110000321,20,63,-43
110000322,259,556,-297
110000323,395,244,151
110000324,5675,1512,4163
110000325,3224,3027,197
110000327,588,264,324
110000328,174,529,-355
110000333,1052,711,341
110000334,797,1808,-1011
110000335,811,542,269
110000336,726,1279,-553
110000337,1517,598,919
110000338,345,201,144
110000339,240,257,-17
110000340,31,203,-172
110000341,633,550,83
110000342,618,3,615
110000343,1,32,-31
110000344,94,207,-113
110000345,105,96,9
110000346,2807,1932,875
110000347,1238,891,347
110000348,49,34,15
110000349,12,21,-9
110000350,41,3,38
110000351,821,935,-114
110000352,506,2041,-1535
110000353,4301,949,3352
110000354,1342,3080,-1738
110000355,91,103,-12
110000356,955,20,935
110000357,339,10,329
110000361,15,160,-145
110000362,41,30,11
110000363,333,139,194
110000364,159,535,-376
110000365,159,3,156
110000366,4,120,-116
110000367,339,261,78
110000368,10,80,-70
110000369,27,2,25
110000373,9,302,-293
110000374,79,11,68
110000375,225,1052,-827
110000376,48,121,-73
110000377,89,587,-498
110000378,28,395,-367
110000379,4461,1608,2853
110000380,63,21,42
110000383,4,962,-958
110000384,2300,629,1671
110000385,1,245,-244
110000387,108,5,103
110000388,43,350,-307
110000389,770,2,768
110000391,358,481,-123
110000396,145,154,-9
110000397,121,232,-111
110000398,12,51,-39
110000399,219,0,219
110000587,96,58,38
110000589,213,199,14
110000640,203,144,59
110000652,42,162,-120
110000653,334,474,-140
110000654,85,50,35
110000656,1,879,-878
110000674,41,21,20
110000675,31,13,18
110000676,2,55,-53
110000679,706,1290,-584
110000682,124,233,-109
110000683,456,682,-226
110000684,3,69,-66
110000685,15,7,8
110000686,20,36,-16
110000687,22,3,19
110000688,82,949,-867
110000689,55,85,-30
110000692,286,277,9
110000693,440,251,189
110000694,0,233,-233
110000695,174,891,-717
110000696,179,200,-21
110900001,388,6,382
110900002,402,744,-342
110900003,595,1270,-675
110900004,314,227,87
110900005,4811,1859,2952
110900006,56,19,37
110900007,128,14,114
110900008,14,75,-61
110900009,406,79,327
110900010,6,83,-77
110900011,36,144,-108
110900012,12,93,-81
110900013,962,153,809
110900014,146,15,131
110900015,1258,645,613
110900016,32,218,-186
110900017,330,50,280
110900018,381,71,310
110900019,136,22,114
110900020,59,491,-432
110900021,88,779,-691
110900022,108,499,-391
110900023,65,817,-752
110900024,21,667,-646
110900025,15,105,-90
110900027,31,339,-308
110900028,63,230,-167
110900029,33,497,-464
110900030,39,417,-378
110900031,0,199,-199
110900032,0,117,-117
110900033,30,319,-289
110900035,24,733,-709
110900036,143,30,113
110900037,78,35,43
110900038,1729,240,1489
110900039,10,296,-286
110900040,222,44,178
110900041,22,200,-178
110900042,113,72,41
110900043,1,166,-165
110900044,332,20,312
110900045,47,720,-673
110900046,150,415,-265
110900047,1113,254,859
110900049,51,58,-7
110900050,10,8,2
110900051,67,255,-188
110900052,8,261,-253
110900053,54,67,-13
110900054,22,338,-316
110900055,32,2,30
110900056,44,115,-71
110900057,10,235,-225
110900058,212,324,-112
110900059,830,875,-45
110900060,464,145,319
110900061,35,47,-12
110900062,165,408,-243
110900063,48,144,-96
110900064,11,0,11
110900065,468,147,321
110900066,5,99,-94
110900067,696,817,-121
110900068,279,293,-14
110900069,5,38,-33
110900070,147,50,97
110900071,364,491,-127
110900073,0,43,-43
110900074,286,139,147
110900075,323,106,217
110900077,644,681,-37
110900078,12,159,-147
110900079,3067,1019,2048
110900080,104,91,13
110900081,4,111,-107
110900082,137,296,-159
110900083,136,51,85
110900084,30,180,-150
110900085,59,567,-508
110900086,54,319,-265
110900087,288,86,202
110900088,20,0,20
110900090,32,42,-10
110900091,0,79,-79
110900093,349,108,241
110900095,57,52,5
110900097,20,19,1
110900098,35,156,-121
110900099,49,822,-773
110900100,0,28,-28
110900102,40,23,17
110900105,676,580,96
110900108,24,122,-98
110900111,381,146,235
110900112,686,2,684
110900113,715,62,653
110900115,27,130,-103
110900116,555,2925,-2370
110900118,140,2514,-2374
110900119,6572,541,6031
110900120,7,177,-170
110900121,108,0,108
110900122,326,199,127
110900125,291,319,-28
110900127,812,1240,-428
110900128,480,459,21
110900129,388,576,-188
110900130,1421,637,784
110900131,188,44,144
110900132,241,49,192
110900133,67,326,-259
110900135,124,604,-480
110900136,279,26,253
110900139,0,0,0
110900140,8,0,8
110900141,556,93,463
110900142,58,302,-244
110900143,137,133,4
110900144,3,895,-892
110900145,123,31,92
110900146,380,126,254
110900147,235,351,-116
110900148,5,387,-382
110900149,2,115,-113
110900150,53,18,35
110900151,0,125,-125
110900152,29,441,-412
110900153,85,61,24
111000001,764,698,66
111000002,1135,1133,2
111000003,1719,1479,240
111000004,1071,1521,-450
111000005,1927,1578,349
111000006,1398,1857,-459
111000007,7074,4676,2398
111000008,5545,4649,896
111000009,495,1195,-700
111000010,911,341,570
111000011,448,1267,-819
111000012,841,506,335
111000013,462,1623,-1161
111000014,1345,822,523
111000017,140,904,-764
111000018,281,441,-160
111000020,2727,3388,-661
111000021,141,169,-28
111000023,108,197,-89
111000025,8616,3725,4891
111000029,51,166,-115
111000030,21,127,-106
111000031,2166,1395,771
111000032,645,288,357
111000033,392,369,23
111000034,635,301,334
111000037,3518,1581,1937
111000038,4375,3327,1048
111000039,2247,3539,-1292
111000040,1931,3960,-2029
111000041,1689,2177,-488
111000042,7315,3263,4052
111000043,2587,2949,-362
111000044,1546,1200,346
111000045,2345,2402,-57
111000046,1770,1626,144
111000047,2560,3641,-1081
111000049,464,679,-215
111000050,2565,2050,515
111000051,509,1500,-991
111000052,670,2264,-1594
111000053,515,1485,-970
111000054,383,1526,-1143
111000055,1285,2520,-1235
111000056,138,716,-578
111000057,68,906,-838
111000058,318,152,166
111000059,277,400,-123
111000060,3540,1279,2261
111000061,554,426,128
111000062,875,338,537
111000063,2056,1155,901
111000064,563,655,-92
111000065,1130,1061,69
111000066,518,445,73
111000067,572,934,-362
111000068,469,1179,-710
111000069,1945,2516,-571
111000070,2813,1369,1444
111000071,306,1026,-720
111000072,971,563,408
111000073,367,958,-591
111000074,1676,1966,-290
111000075,929,1110,-181
111000076,515,1073,-558
111000077,1566,2043,-477
111000078,2876,1636,1240
111000079,1588,1017,571
111000080,466,948,-482
111000081,2565,4583,-2018
111000082,657,1008,-351
111000084,881,683,198
111000085,1408,2072,-664
111000086,4766,1842,2924
111000087,847,1119,-272
111000088,9211,2370,6841
111000089,786,948,-162
111000090,1279,1589,-310
111000091,875,766,109
111000092,1327,1189,138
111000093,599,1045,-446
111000094,2228,1197,1031
111000095,870,2839,-1969
111000096,2717,8661,-5944
111000097,7280,1413,5867
111000098,980,1865,-885
111000099,539,2919,-2380
111000100,341,2479,-2138
111000101,495,1081,-586
111000102,198,994,-796
111000104,520,292,228
111000107,110,995,-885
111000109,457,302,155
111000110,1732,834,898
111000111,1907,583,1324
111000112,1748,552,1196
111000113,945,1400,-455
111000114,2466,3686,-1220
111000115,9103,1588,7515
111000116,1062,1437,-375
111000117,553,1212,-659
111000118,1708,1113,595
111000119,1072,1838,-766
111000120,470,736,-266
111000121,268,781,-513
111000122,764,1280,-516
111000123,1103,3755,-2652
111000124,489,3925,-3436
111000125,239,2298,-2059
111000126,115,1251,-1136
111000127,805,264,541
111000128,1591,476,1115
111000129,2450,572,1878
111000130,1625,857,768
111000131,1419,597,822
111000132,1040,636,404
111000133,130,170,-40
111000134,125,135,-10
111000135,40,184,-144
111000136,272,383,-111
111000138,5,19,-14
111000140,1,9,-8
111000141,225,475,-250
111000142,27,137,-110
111000143,6,109,-103
111000144,24,206,-182
111000145,1801,16,1785
111000146,67,16,51
111000147,308,51,257
111000148,224,101,123
111000149,8,47,-39
111000150,9,14,-5
111000151,9,49,-40
111000153,714,686,28
111000154,1121,244,877
111000155,136,199,-63
111000156,536,710,-174
111000157,244,973,-729
111000158,1154,916,238
111000159,3664,917,2747
111000160,389,435,-46
111000161,13,385,-372
111000162,66,265,-199
111000163,655,1172,-517
111000164,1073,4198,-3125
111000165,1738,598,1140
111000166,2128,551,1577
111000167,204,678,-474
111000168,309,631,-322
111000169,466,630,-164
111000170,585,576,9
111000171,531,1104,-573
111000172,121,965,-844
111000173,336,1989,-1653
111000174,169,957,-788
111000175,68,370,-302
111000176,253,201,52
111000177,234,378,-144
111000178,1099,437,662
111000179,133,317,-184
111000180,216,440,-224
111000181,699,350,349
111000182,163,315,-152
111000183,251,443,-192
111000184,365,369,-4
111000185,395,594,-199
111000186,281,345,-64
111000187,139,344,-205
111000188,182,604,-422
111000189,1883,742,1141
111000190,221,593,-372
111000191,167,563,-396
111000192,319,728,-409
111000193,614,441,173
111000194,86,455,-369
111000195,175,569,-394
111000196,55,439,-384
111000197,356,188,168
111000198,464,136,328
111000199,187,220,-33
111000200,263,470,-207
111000201,425,307,118
111000202,200,270,-70
111000203,265,256,9
111000204,468,864,-396
111000213,249,512,-263
111000214,1612,2712,-1100
111000215,981,2050,-1069
111000217,1541,1487,54
111000218,1109,1436,-327
111000219,698,301,397
111000220,3578,675,2903
111000221,1471,164,1307
111000224,99,709,-610
111000225,403,318,85
111000226,321,4,317
111000227,60,4,56
111000228,21,279,-258
111000229,43,595,-552
111000230,346,723,-377
111000231,1090,1470,-380
111000232,408,1103,-695
111000233,587,949,-362
111000234,88,347,-259
111000239,155,266,-111
111000240,32,272,-240
111000241,17,497,-480
111000242,122,110,12
111000243,121,974,-853
111000244,330,200,130
111000245,936,741,195
111000246,372,774,-402
111000247,199,1184,-985
111000248,636,679,-43
111000249,436,1016,-580
111000250,57,115,-58
111000251,26,151,-125
111000253,16,12,4
111000255,21,2,19
111000257,56,20,36
111000260,80,1416,-1336
111000261,1032,91,941
111000271,70,414,-344
111000273,9753,1874,7879
111000274,1320,2524,-1204
111000275,159,86,73
111000276,322,2631,-2309
111000277,192,518,-326
111000278,757,312,445
111000291,707,5804,-5097
111000298,597,321,276
111000299,781,167,614
111000300,142,841,-699
111000302,277,102,175
111000303,89,304,-215
111000312,51,65,-14
111000315,27,496,-469
111000320,348,889,-541
111000321,314,84,230
111000322,334,599,-265
111000323,177,28,149
111000324,354,303,51
111000325,39,84,-45
111000326,179,490,-311
111000327,402,802,-400
111000328,270,583,-313
111000329,0,30,-30
111000330,48,33,15
111000331,2,10,-8
111000332,463,1689,-1226
111000334,360,2094,-1734
111000335,623,244,379
111000337,963,461,502
111000338,30,118,-88
111000339,387,627,-240
111000340,100,957,-857
111000341,1044,605,439
111000342,319,426,-107
111000344,929,931,-2
111000345,329,68,261
111000346,38,174,-136
111000347,112,5,107
111000350,220,175,45
111000351,115,250,-135
111000352,134,164,-30
111000353,138,295,-157
111000354,499,218,281
111000355,338,813,-475
111000358,129,2191,-2062
111000360,186,1073,-887
111000361,109,475,-366
111000546,489,938,-449
111000547,299,941,-642
111000548,91,230,-139
111000549,267,530,-263
111000550,122,621,-499
111000551,800,221,579
111000552,2252,129,2123
111000907,641,55,586
111000908,25,0,25
111000916,1331,345,986
111000917,34,527,-493
111000918,178,1396,-1218
111000920,473,22,451
111000921,5,460,-455
111000922,287,337,-50
111000924,45,1272,-1227
111000925,1935,2799,-864
111000926,1029,3339,-2310
111000927,3161,6097,-2936
111000928,6716,5873,843
111000929,891,1296,-405
111000930,826,3589,-2763
111000931,2049,2644,-595
111000932,5268,3215,2053
111000933,4250,2306,1944
111000934,3220,3986,-766
111000935,1520,1161,359
111000936,1355,3097,-1742
111000937,940,1527,-587
111000938,2469,3057,-588
111000939,401,98,303
111000940,370,230,140
111000941,258,870,-612
111000943,307,349,-42
111000944,165,722,-557
111000945,82,2593,-2511
111001109,655,291,364
111001110,258,786,-528
111001111,48,6,42
111001112,293,7,286
111001113,12,242,-230
111001114,1800,138,1662
111001115,164,377,-213
111001116,7156,4022,3134
111001117,739,1753,-1014
111001120,136,530,-394
111001121,191,425,-234
111001122,244,817,-573
111001123,167,246,-79
111001124,136,370,-234
111001125,4,41,-37
111001126,14,90,-76
111900001,5,217,-212
111900002,5,1097,-1092
111900003,4,395,-391
111900004,11,174,-163
111900006,8,19,-11
111900007,43,6,37
111900008,74,1,73
111900009,72,53,19
111900010,375,786,-411
111900012,158,192,-34
111900013,2,65,-63
111900014,9275,2960,6315
111900015,1,88,-87
111900016,0,161,-161
111900017,2,145,-143
111900018,120,5,115
111900019,1,120,-119
111900020,7,53,-46
111900021,49,125,-76
111900022,9,79,-70
111900023,104,83,21
111900024,18,60,-42
111900025,1,38,-37
111900026,0,106,-106
111900027,7,208,-201
111900028,1,484,-483
111900029,0,137,-137
111900030,59,529,-470
111900031,1,40,-39
111900032,3,523,-520
111900033,4,109,-105
111900034,444,932,-488
111900035,16,252,-236
111900036,2,538,-536
111900038,329,924,-595
111900039,45,495,-450
111900040,8,758,-750
111900042,51,144,-93
111900043,2,544,-542
111900044,348,524,-176
111900046,58,303,-245
111900048,168,1132,-964
111900049,38,334,-296
111900050,119,23,96
111900051,1,413,-412
111900052,529,720,-191
111900053,1838,891,947
111900054,92,3,89
111900055,39,776,-737
111900056,346,266,80
111900057,102,77,25
111900058,246,986,-740
111900059,4804,505,4299
111900060,230,1,229
111900061,15,409,-394
111900062,24,62,-38
111900063,315,349,-34
111900064,179,368,-189
111900065,49,37,12
111900066,90,173,-83
111900067,1,436,-435
111900068,50,63,-13
111900069,70,15,55
111900070,104,137,-33
111900071,2,355,-353
111900072,42,17,25
111900073,582,112,470
111900074,20,267,-247
111900075,64,2,62
111900076,129,64,65
111900077,15,0,15
111900078,181,15,166
111900079,34,19,15
111900080,271,287,-16
111900082,102,25,77
111900083,74,8,66
111900084,35,2,33
111900085,34,113,-79
111900086,34,5,29
111900087,32,0,32
111900088,360,2,358
111900089,34,5,29
111900090,78,20,58
111900091,148,5,143
111900092,61,0,61
111900093,297,5,292
111900094,149,1,148
111900095,184,15,169
111900096,85,0,85
111900097,36,0,36
111900098,130,0,130
111900099,82,0,82
111900100,66,4,62
111900101,86,24,62
111900102,194,736,-542
111900103,81,51,30
111900104,140,72,68
111900105,345,176,169
111900106,1655,56,1599
111900110,3316,495,2821
111900111,92,208,-116
111900112,1149,1832,-683
111900113,336,61,275
111900118,282,86,196
111900119,323,127,196
111900122,71,33,38
111900123,16,37,-21
111900124,12,84,-72
111900125,427,17,410
111900126,198,0,198
111900127,3,891,-888
111900128,1,750,-749
111900129,211,6,205
111900130,367,12,355
111900131,340,3,337
111900132,37,1579,-1542
111900133,12,455,-443
111900134,11,474,-463
111900135,9,21,-12
111900136,60,183,-123
111900137,67,56,11
111900138,16,106,-90
111900139,8,137,-129
111900140,80,19,61
111900141,64,10,54
111900142,79,31,48
111900143,29,255,-226
111900144,6,170,-164
111900145,3,649,-646
111900146,3,377,-374
111900147,167,613,-446
111900148,21,972,-951
111900149,6,435,-429
111900150,21,243,-222
111900151,6,31,-25
111900152,77,91,-14
111900153,1923,356,1567
111900154,5,243,-238
111900155,73,79,-6
111900156,28,45,-17
111900157,67,12,55
111900158,458,20,438
111900159,209,3,206
111900160,239,0,239
111900161,121,22,99
111900162,114,227,-113
111900163,34,391,-357
111900164,124,77,47
111901113,268,305,-37
111901114,159,518,-359
111901115,63,3,60
111901116,31,1,30
111901117,29,32,-3
111901118,202,160,42
111901119,1795,156,1639
111901121,267,538,-271
111901122,9,793,-784
111901123,111,464,-353
111901124,126,4,122
111901125,332,387,-55
111901127,1390,451,939
111901128,14,212,-198
111901129,5,262,-257
111901130,11,465,-454
111901131,1,235,-234
111901132,126,6,120
111901133,44,6,38
111901134,68,5,63
111901135,7,8,-1
111901136,3,16,-13
111901138,151,62,89
111901139,18,57,-39
111901140,6,212,-206
111901141,5,465,-460
111901142,13,316,-303
111901143,4,182,-178
111901144,46,43,3
111901145,278,326,-48
111901146,452,21,431
111901147,1290,113,1177
111901148,16,70,-54
111901149,6,4,2
112000001,1979,1416,563
112000002,892,3083,-2191
112000003,1019,1431,-412
112000004,819,2093,-1274
112000005,2670,2796,-126
112000006,2367,3051,-684
112000007,2364,1848,516
112000008,2885,4771,-1886
112000009,4954,5320,-366
112000010,3069,3525,-456
112000011,2587,3208,-621
112000012,5584,3068,2516
112000013,6394,3692,2702
112000014,3333,905,2428
112000015,3620,3386,234
112000016,6713,1048,5665
112000017,2636,1679,957
112000024,2798,1046,1752
112000026,5614,7079,-1465
112000027,1226,673,553
112000028,2898,2187,711
112000029,390,892,-502
112000030,236,152,84
112000031,1809,4457,-2648
112000032,574,60,514
112000033,2073,1302,771
112000034,376,58,318
112000035,90,274,-184
112000036,1138,814,324
112000037,1216,756,460
112000038,1197,981,216
112000039,77,100,-23
112000040,167,305,-138
112000041,755,570,185
112000042,1729,366,1363
112000050,1220,1871,-651
112000051,999,1333,-334
112000054,2752,3496,-744
112000057,615,519,96
112000058,418,630,-212
112000059,596,1113,-517
112000061,5464,2445,3019
112000062,1974,794,1180
112000063,2031,1605,426
112000064,5513,7469,-1956
112000065,2498,3111,-613
112000066,4172,1635,2537
112000067,908,858,50
112000068,3594,2349,1245
112000069,924,2355,-1431
112000070,2078,1105,973
112000071,1038,3170,-2132
112000072,1780,1202,578
112000073,2715,2020,695
112000074,2472,1185,1287
112000075,1590,1508,82
112000076,3884,3387,497
112000077,483,832,-349
112000078,1607,801,806
112000079,1413,1513,-100
112000080,721,1016,-295
112000081,1801,2603,-802
112000082,1661,983,678
112000083,722,1751,-1029
112000084,1318,1127,191
112000085,1378,1624,-246
112000086,1830,2150,-320
112000087,343,536,-193
112000088,528,941,-413
112000089,317,393,-76
112000090,287,432,-145
112000091,803,1533,-730
112000092,1495,1408,87
112000093,2064,1316,748
112000094,550,1244,-694
112000095,756,1038,-282
112000096,462,884,-422
112000097,1063,615,448
112000098,1107,1888,-781
112000099,757,1155,-398
112000100,1362,1140,222
112000101,613,1163,-550
112000102,793,877,-84
112000103,406,1399,-993
112000105,816,2713,-1897
112000106,1299,687,612
112000107,74,176,-102
112000108,306,2489,-2183
112000109,196,138,58
112000110,1828,736,1092
112000111,1539,4422,-2883
112000112,3469,827,2642
112000113,1041,2160,-1119
112000114,2467,1429,1038
112000115,371,631,-260
112000116,518,1440,-922
112000117,1300,1114,186
112000118,1369,999,370
112000119,620,1138,-518
112000120,98,507,-409
112000121,128,879,-751
112000122,212,175,37
112000123,624,220,404
112000124,240,70,170
112000125,191,172,19
112000126,153,1032,-879
112000127,2467,1832,635
112000128,1011,903,108
112000129,150,172,-22
112000130,166,65,101
112000131,48,655,-607
112000132,128,351,-223
112000133,377,508,-131
112000134,470,463,7
112000135,976,885,91
112000136,1315,1585,-270
112000137,1367,1924,-557
112000138,1670,1387,283
112000139,1158,469,689
112000140,1165,1291,-126
112000141,675,340,335
112000142,218,1028,-810
112000143,1055,335,720
112000144,357,2264,-1907
112000145,2133,775,1358
112000146,814,3160,-2346
112000147,2083,2019,64
112000148,2030,3263,-1233
112000149,357,1190,-833
112000150,191,825,-634
112000151,453,778,-325
112000152,315,554,-239
112000153,313,477,-164
112000154,97,194,-97
112000155,303,138,165
112000157,1439,680,759
112000158,275,1125,-850
112000159,426,394,32
112000167,416,37,379
112000169,1188,469,719
112000173,473,232,241
112000175,388,563,-175
112000176,4745,2530,2215
112000177,608,131,477
112000178,107,702,-595
112000179,207,180,27
112000180,277,414,-137
112000181,1465,2340,-875
112000182,891,2291,-1400
112000183,62,93,-31
112000184,324,755,-431
112000185,445,743,-298
112000187,3743,2442,1301
112000195,192,21,171
112000196,206,0,206
112000197,153,137,16
112000198,21,383,-362
112000199,1728,1254,474
112000202,311,2,309
112000216,66,331,-265
112000230,93,14,79
112000231,2,321,-319
112000256,55,222,-167
112000313,140,201,-61
112000314,34,9,25
112000337,257,688,-431
112000352,435,363,72
112000392,2023,1837,186
112000398,1293,1025,268
112000399,10418,2911,7507
112000400,2084,5349,-3265
112000401,3281,3664,-383
112000402,2566,2820,-254
112000403,5147,3071,2076
112000404,618,808,-190
112000405,1773,3188,-1415
112000406,4566,4202,364
112000407,5502,8069,-2567
112000408,9922,9734,188
112000409,2075,6676,-4601
112000410,478,233,245
112000411,6267,1319,4948
112000412,1539,535,1004
112000413,12599,4515,8084
112000414,96,212,-116
112000415,101,63,38
112000416,2153,1620,533
112000417,248,87,161
112000421,28,259,-231
112000422,395,776,-381
112000424,4321,3153,1168
112000425,542,2032,-1490
112000426,105,350,-245
112000427,0,18,-18
112000428,108,563,-455
112000429,3547,4615,-1068
112000430,4932,4164,768
112000431,56,149,-93
112000432,643,2793,-2150
112000433,590,1066,-476
112000437,67,294,-227
112900001,65,0,65
112900002,327,1558,-1231
112900003,48,454,-406
112900004,28,292,-264
112900005,177,277,-100
112900006,8,479,-471
112900007,23,239,-216
112900008,5,60,-55
112900009,370,89,281
112900010,275,868,-593
112900011,343,346,-3
112900012,2,77,-75
112900013,0,160,-160
112900014,2,285,-283
112900015,432,1182,-750
112900016,5,309,-304
112900017,38,313,-275
112900018,0,366,-366
112900019,60,219,-159
112900020,494,1856,-1362
112900021,2,251,-249
112900022,4,82,-78
112900023,0,311,-311
112900024,33,283,-250
112900025,85,433,-348
112900026,2,416,-414
112900027,9,1520,-1511
112900028,24,169,-145
112900029,12,1038,-1026
112900030,268,243,25
112900031,11,642,-631
112900032,164,374,-210
112900034,0,95,-95
112900035,10,633,-623
112900036,40,191,-151
112900037,346,138,208
112900038,481,163,318
112900039,25,376,-351
112900040,5,366,-361
112900041,1957,1316,641
112900042,47,517,-470
112900043,28,32,-4
112900044,949,516,433
112900045,548,394,154
112900046,239,88,151
112900047,20,22,-2
112900049,151,93,58
112900050,111,752,-641
112900051,274,829,-555
112900052,9,1258,-1249
112900053,450,149,301
112900054,306,45,261
112900055,176,34,142
112900056,439,222,217
112900057,36,812,-776
112900058,283,330,-47
112900059,107,234,-127
112900060,10,325,-315
112900061,89,210,-121
112900062,85,157,-72
112900063,157,12,145
112900064,190,274,-84
112900065,52,30,22
112900066,163,154,9
112900067,649,214,435
112900068,28,34,-6
112900069,3249,653,2596
112900071,17,5,12
112900072,407,1403,-996
112900073,318,63,255
112900074,69,201,-132
112900075,2782,865,1917
112900076,104,12,92
112900078,285,366,-81
112900079,212,32,180
112900080,21,4,17
112900081,53,148,-95
112900082,425,23,402
112900083,118,87,31
112900084,223,101,122
112900086,48,0,48
112900087,491,127,364
112900088,76,34,42
112900089,651,28,623
112900090,25,11,14
112900091,179,2,177
112900092,177,284,-107
112900093,1281,21,1260
112900095,38,0,38
112900096,264,116,148
112900097,47,592,-545
112900098,121,0,121
112900099,600,11,589
112900100,44,0,44
112900101,263,1,262
112900102,97,9,88
112900103,195,7,188
112900104,116,9,107
112900105,18,1,17
112900106,442,121,321
112900107,3,0,3
112900108,145,1,144
112900109,103,1,102
112900110,825,3,822
112900111,612,5,607
112900112,241,0,241
112900113,0,15,-15
112900114,110,45,65
112900115,749,2,747
112900116,86,53,33
112900117,125,112,13
112900118,29,131,-102
112900119,172,5,167
112900120,911,305,606
112900121,348,256,92
112900122,25,213,-188
112900123,183,25,158
112900124,17,133,-116
112900125,47,400,-353
112900126,219,279,-60
112900127,403,96,307
112900128,454,1050,-596
112900129,2,1224,-1222
112900130,208,70,138
112900131,46,319,-273
112900132,100,512,-412
112900133,24,1393,-1369
112900134,1,341,-340
112900135,95,50,45
112900137,3,944,-941
112900138,9,636,-627
112900139,306,1482,-1176
112900141,890,28,862
112900142,65,138,-73
112900143,69,742,-673
112900144,0,541,-541
112900145,47,648,-601
112900146,11,2030,-2019
112900147,5,2675,-2670
112900148,79,3,76
112900149,211,737,-526
112900151,15,85,-70
112900152,5554,1200,4354
112900153,2373,2107,266
112900154,1,194,-193
112900155,245,34,211
112900156,301,2302,-2001
112900157,298,98,200
112900158,82,12,70
112900159,195,67,128
112900160,65,357,-292
112900161,140,18,122
112900162,45,16,29
112900163,138,32,106
112900164,38,145,-107
112900165,55,38,17
112900166,66,62,4
112900167,2,48,-46
112900168,2,5,-3
112900169,6,13,-7
112900170,40,105,-65
112900172,81,17,64
112900173,220,141,79
112900174,282,43,239
112900175,161,203,-42
112900176,19,18,1
112900177,253,23,230
112900178,754,2613,-1859
112900179,39,649,-610
112900180,2022,2084,-62
112900181,478,4,474
112900182,58,1719,-1661
112900183,156,278,-122
112900184,646,455,191
112900185,328,503,-175
112900186,1615,965,650
112900187,93,547,-454
112900188,762,321,441
112900189,3,30,-27
112900190,35,57,-22
112900192,565,659,-94
112900193,1278,490,788
112900194,69,187,-118
112900195,1452,38,1414
112900196,255,590,-335
112900197,180,474,-294
112900199,441,760,-319
112900200,492,358,134
112900201,64,129,-65
112900202,279,1189,-910
112900203,145,378,-233
112900204,1172,511,661
112900205,10,18,-8
112900206,28,107,-79
112900207,12,0,12
112900208,74,251,-177
112900209,551,437,114
112900210,0,24,-24
112900211,87,49,38
112900212,0,131,-131
112900213,51,20,31
112900214,36,8,28
112900215,2,286,-284
112900216,25,76,-51
112900217,0,71,-71
112900218,29,35,-6
112900219,57,40,17
112900220,4,0,4
112900221,17,189,-172
112900222,0,38,-38
112900223,1072,16,1056
112900224,188,894,-706
112900225,333,606,-273
112900226,155,336,-181
112900227,397,1665,-1268
112900228,39,59,-20
112900229,137,83,54
112900230,9452,4307,5145
112900232,199,199,0
112900233,95,213,-118
112900234,11,150,-139
112900235,94,30,64
112900236,266,15,251
112900237,145,489,-344
112900238,9,60,-51
112900239,1056,433,623
112900240,8,165,-157
112900241,19,290,-271
112900242,6,346,-340
112900243,5,259,-254
112900244,3,121,-118
112900245,4,63,-59
112900246,1,10,-9
112900247,116,33,83
112900248,12,2,10
112900249,36,19,17
112900250,39,36,3
112900251,47,12,35
112900252,37,14,23
112900253,26,6,20
112900254,5,9,-4
112900255,0,31,-31
112900256,0,25,-25
112900257,14,28,-14
112900258,9,26,-17
113000001,6492,10785,-4293
113000002,4411,5426,-1015
113000003,2432,4536,-2104
113000004,2533,4468,-1935
113000005,2605,1870,735
113000006,1825,2624,-799
113000007,2622,2078,544
113000008,2825,3265,-440
113000009,1330,1557,-227
113000010,1299,2649,-1350
113000011,1164,1734,-570
113000012,1408,1461,-53
113000013,1745,906,839
113000014,1926,1481,445
113000015,687,261,426
113000016,613,604,9
113000017,45,281,-236
113000018,611,146,465
113000019,85,251,-166
113000020,220,31,189
113000021,3624,821,2803
113000022,843,1668,-825
113000025,158,407,-249
113000026,576,595,-19
113000027,2857,471,2386
113000028,1313,370,943
113000029,989,888,101
113000030,709,746,-37
113000031,359,443,-84
113000032,322,403,-81
113000033,323,505,-182
113000034,550,459,91
113000035,35,49,-14
113000036,38,37,1
113000037,109,49,60
113000038,11,77,-66
113000039,63,1428,-1365
113000040,112,147,-35
113000042,1227,856,371
113000051,940,3402,-2462
113000052,3014,1875,1139
113000053,496,923,-427
113000054,408,1413,-1005
113000055,1252,1294,-42
113000056,1058,1748,-690
113000058,964,1003,-39
113000059,1350,809,541
113000060,197,665,-468
113000061,901,1249,-348
113000062,1975,327,1648
113000063,121,445,-324
113000064,25,637,-612
113000065,189,1531,-1342
113000066,729,176,553
113000067,1855,1723,132
113000068,507,2693,-2186
113000069,661,1923,-1262
113000070,2080,1293,787
113000071,369,991,-622
113000072,769,664,105
113000073,930,2079,-1149
113000074,1175,817,358
113000075,2949,1014,1935
113000076,2117,2363,-246
113000077,1549,727,822
113000078,1378,2846,-1468
113000079,888,1043,-155
113000080,946,831,115
113000081,857,1043,-186
113000082,1379,911,468
113000083,651,1136,-485
113000084,2198,1472,726
113000085,915,937,-22
113000086,1448,1708,-260
113000087,1001,1155,-154
113000088,3959,1897,2062
113000089,1220,2066,-846
113000090,409,869,-460
113000091,820,456,364
113000094,1789,279,1510
113000095,531,1325,-794
113000096,325,1137,-812
113000097,1576,445,1131
113000098,149,57,92
113000099,1915,475,1440
113000100,278,629,-351
113000101,653,775,-122
113000102,905,458,447
113000103,4015,726,3289
113000104,611,5630,-5019
113000105,832,727,105
113000106,507,622,-115
113000107,1015,1448,-433
113000108,1466,2241,-775
113000109,942,8566,-7624
113000110,2010,740,1270
113000111,344,1636,-1292
113000112,507,647,-140
113000113,2097,668,1429
113000114,445,2509,-2064
113000116,897,294,603
113000117,1151,130,1021
113000118,356,620,-264
113000119,411,382,29
113000120,73,301,-228
113000121,596,963,-367
113000124,314,174,140
113000125,53,891,-838
113000127,4361,592,3769
113000128,572,738,-166
113000129,586,1349,-763
113000133,5155,1666,3489
113000134,15,1916,-1901
113000135,3944,4603,-659
113000137,2400,3324,-924
113000139,368,196,172
113000140,130,296,-166
113000141,266,181,85
113000142,613,1050,-437
113000143,281,197,84
113000144,335,921,-586
113000145,69,212,-143
113000146,155,164,-9
113000147,180,188,-8
113000148,166,198,-32
113000149,98,171,-73
113000150,716,568,148
113000151,140,129,11
113000152,50,198,-148
113000153,2102,637,1465
113000154,707,1857,-1150
113000155,305,643,-338
113000156,150,544,-394
113000157,371,1144,-773
113000158,703,313,390
113000159,839,870,-31
113000160,764,1555,-791
113000161,255,658,-403
113000162,559,508,51
113000163,93,92,1
113000164,28,102,-74
113000166,150,88,62
113000167,23,212,-189
113000168,92,155,-63
113000169,155,94,61
113000170,103,143,-40
113000171,70,148,-78
113000172,277,150,127
113000173,59,36,23
113000174,107,702,-595
113000175,421,183,238
113000176,494,251,243
113000177,168,629,-461
113000178,169,479,-310
113000179,403,248,155
113000180,1091,2405,-1314
113000181,1541,1249,292
113000182,303,765,-462
113000183,216,744,-528
113000184,38,111,-73
113000189,607,984,-377
113000190,1294,634,660
113000192,3785,1646,2139
113000193,8799,1281,7518
113000194,4223,1192,3031
113000195,5032,700,4332
113000196,431,192,239
113000197,3140,1190,1950
113000198,77,423,-346
113000199,1322,442,880
113000201,2289,252,2037
113000202,5622,6314,-692
113000203,873,402,471
113000204,2795,1725,1070
113000205,44,26,18
113000206,26,33,-7
113000207,98,20,78
113000208,56,37,19
113000209,42,17,25
113000210,7,35,-28
113000211,625,325,300
113000212,536,35,501
113000213,54,434,-380
113000214,259,568,-309
113000234,183,1496,-1313
113000410,354,300,54
113000411,3426,6664,-3238
113000412,13645,3633,10012
113000413,5487,3586,1901
113000414,10331,14410,-4079
113000415,3317,4147,-830
113000416,11158,5796,5362
113000417,3866,4802,-936
113000418,4211,3656,555
113000419,1792,2258,-466
113000420,4343,5701,-1358
113000421,4858,7807,-2949
113000422,16611,13477,3134
113000423,3334,5169,-1835
113000424,5487,14449,-8962
113000425,14,269,-255
113000428,283,75,208
113000430,69,169,-100
113000432,2701,200,2501
113000433,133,1057,-924
113000434,24,278,-254
113000435,44,886,-842
113000436,93,1636,-1543
113000437,726,27,699
113000438,271,17,254
113000439,59,211,-152
113000440,143,28,115
113000441,235,449,-214
113000442,169,294,-125
113000443,176,572,-396
113000444,201,331,-130
113000445,105,265,-160
113000446,52,135,-83
113000448,583,341,242
113000449,528,2095,-1567
113000450,1448,8960,-7512
113000451,2670,366,2304
113000452,741,1213,-472
113000453,185,380,-195
113000454,3878,80,3798
113000455,186,194,-8
113000456,4486,2941,1545
113000468,3807,317,3490
113000469,789,200,589
113000470,969,120,849
113000471,29,993,-964
113000472,123,437,-314
113000474,401,966,-565
113000475,1935,3019,-1084
113000476,1181,2493,-1312
113000477,2803,2651,152
113000478,5149,8708,-3559
113000479,33,281,-248
113000484,0,0,0
113000485,11,0,11
113000486,13,0,13
113000487,2,2,0
113000488,1,2,-1
113000489,0,2,-2
113000490,0,7,-7
113000491,5,32,-27
113000492,1,3,-2
113000493,0,0,0
113000495,299,352,-53
113000496,170,244,-74
113000499,1,6,-5
113900001,1,303,-302
113900002,0,309,-309
113900003,2,284,-282
113900004,9,106,-97
113900005,0,85,-85
113900006,17,42,-25
113900007,495,57,438
113900008,789,2,787
113900009,1660,6,1654
113900010,963,4,959
113900011,185,4,181
113900012,39,2,37
113900013,2699,28,2671
113900014,871,5,866
113900015,0,42,-42
113900016,34,0,34
113900017,10,53,-43
113900018,487,166,321
113900019,79,52,27
113900020,125,0,125
113900022,23,0,23
113900023,34,0,34
113900024,56,112,-56
113900025,454,17,437
113900026,50,1,49
113900027,3,92,-89
113900028,34,650,-616
113900029,56,275,-219
113900030,189,6,183
113900031,24,0,24
113900032,35,0,35
113900033,90,88,2
113900035,63,0,63
113900036,19,160,-141
113900037,95,669,-574
113900038,121,225,-104
113900039,114,11,103
113900040,9,6,3
113900041,3,1,2
113900042,116,56,60
113900043,266,125,141
113900044,290,212,78
113900045,88,1,87
113900046,282,797,-515
113900047,42,182,-140
113900048,283,98,185
113900049,1082,494,588
113900050,200,465,-265
113900051,410,541,-131
113900052,164,192,-28
113900053,589,579,10
113900054,30,2,28
113900055,166,603,-437
113900056,85,216,-131
113900057,15,129,-114
113900058,72,286,-214
113900059,398,422,-24
113900060,89,268,-179
113900061,1045,209,836
113900062,107,21,86
113900063,77,160,-83
113900064,15,195,-180
113900065,800,29,771
113900066,365,569,-204
113900067,165,370,-205
113900068,430,470,-40
113900069,128,37,91
113900070,218,445,-227
113900071,71,95,-24
113900072,64,226,-162
113900073,374,562,-188
113900074,38,509,-471
113900075,1357,1504,-147
113900076,142,12,130
113900077,45,187,-142
113900078,48,61,-13
113900079,0,55,-55
113900080,536,254,282
113900081,69,254,-185
113900082,131,390,-259
113900083,187,749,-562
113900084,384,138,246
113900085,51,329,-278
113900086,20,13,7
113900087,45,188,-143
113900088,43,79,-36
113900089,435,65,370
113900090,708,433,275
113900091,40,42,-2
113900092,46,123,-77
113900093,149,1168,-1019
113900094,262,511,-249
113900095,170,91,79
113900096,249,44,205
113900097,9,188,-179
113900098,741,100,641
113900099,0,118,-118
113900100,1,4,-3
113900101,26,67,-41
113900102,196,135,61
113900103,499,252,247
113900104,159,189,-30
113900105,74,459,-385
113900106,1,105,-104
113900107,2,49,-47
113900108,373,223,150
113900109,446,194,252
113900110,68,13,55
113900111,114,126,-12
113900112,142,70,72
113900113,836,705,131
113900114,1,156,-155
113900115,0,99,-99
113900116,136,173,-37
113900117,184,43,141
113900118,218,279,-61
113900119,303,440,-137
113900120,71,40,31
113900121,41,115,-74
113900122,326,2224,-1898
113900123,495,306,189
113900124,0,81,-81
113900125,2203,216,1987
113900126,168,66,102
113900127,206,782,-576
113900128,154,77,77
113900129,11,151,-140
113900130,2,7,-5
113900131,145,81,64
113900132,123,66,57
113900133,10,15,-5
113900135,466,650,-184
113900136,114,105,9
113900137,497,348,149
113900138,84,171,-87
113900139,591,133,458
113900140,359,286,73
113900141,432,734,-302
113900142,153,82,71
113900143,10,25,-15
113900144,356,202,154
113900145,558,315,243
113900146,138,48,90
113900148,242,393,-151
113900149,190,132,58
113900150,1050,674,376
113900151,349,331,18
113900152,16,43,-27
113900153,394,617,-223
113900154,9,151,-142
113900155,226,172,54
113900156,277,711,-434
113900157,20,301,-281
113900158,414,299,115
113900159,25,300,-275
113900160,568,740,-172
113900161,62,302,-240
113900162,579,606,-27
113900163,418,365,53
113900164,279,88,191
113900165,919,588,331
113900166,236,123,113
113900167,210,50,160
113900168,186,120,66
113900169,298,484,-186
113900171,128,50,78
113900172,13,226,-213
113900173,50,957,-907
113900174,545,780,-235
113900175,280,133,147
113900176,290,729,-439
113900177,450,252,198
113900178,310,133,177
113900179,15,806,-791
113900180,225,96,129
113900181,875,119,756
113900182,680,1181,-501
113900183,128,99,29
113900184,19,907,-888
113900185,241,101,140
113900186,40,49,-9
113900187,42,155,-113
113900188,32,149,-117
113900189,332,80,252
113900190,492,164,328
113900191,196,208,-12
113900192,3,361,-358
113900193,34,329,-295
113900194,2918,1456,1462
113900195,475,671,-196
113900196,2,113,-111
113900197,4,358,-354
113900198,30,149,-119
113900199,191,913,-722
113900200,15,325,-310
113900201,3,274,-271
113900202,44,425,-381
113900203,0,203,-203
113900204,50,753,-703
113900205,8,249,-241
113900206,4,181,-177
113900207,4,72,-68
113900208,2,49,-47
113900209,0,89,-89
113900210,782,877,-95
113900211,180,91,89
113900212,214,767,-553
113900214,565,475,90
113900215,118,133,-15
113900216,99,1325,-1226
113900217,63,334,-271
113900218,156,55,101
113900219,146,625,-479
113900220,318,128,190
113900221,464,140,324
113900222,348,511,-163
113900223,72,1288,-1216
113900224,152,106,46
113900225,740,279,461
113900226,342,144,198
113900227,373,280,93
113900228,362,486,-124
113900229,53,698,-645
113900230,5456,3205,2251
113900231,202,317,-115
113900232,78,113,-35
113900233,77,76,1
113900234,365,785,-420
113900235,79,34,45
113900236,123,556,-433
113900237,173,10,163
113900238,310,662,-352
113900239,199,89,110
113900240,10,118,-108
113900241,164,71,93
113900242,48,241,-193
113900243,167,561,-394
113900244,579,331,248
113900245,1594,339,1255
113900246,31,23,8
113900247,183,398,-215
113900248,3895,1893,2002
113900249,1467,499,968
113900250,67,207,-140
113900251,588,294,294
113900252,480,17,463
113900253,798,68,730
113900254,778,135,643
113900255,400,31,369
113900256,453,42,411
113900257,37,983,-946
113900258,9,773,-764
113900259,480,322,158
113900260,192,19,173
113900261,4,106,-102
113900262,162,849,-687
113900263,232,752,-520
113900264,13,708,-695
113900265,175,305,-130
113900266,35,296,-261
113900267,162,513,-351
113900268,366,460,-94
113900269,82,207,-125
113900270,439,510,-71
113900271,641,1350,-709
113900273,132,11,121
113900274,82,42,40
113900275,33,49,-16
113900276,6,308,-302
113900277,154,1,153
113900278,251,209,42
113900279,84,130,-46
113900280,1461,543,918
113900281,643,1375,-732
113900282,939,558,381
113900283,453,508,-55
113900284,1088,206,882
113900285,138,26,112
113900286,11,143,-132
113900287,32,95,-63
113900288,2,137,-135
113900289,1545,168,1377
113900290,480,152,328
113900291,126,217,-91
113900292,9,23,-14
113900293,41,373,-332
113900294,522,23,499
113900295,393,435,-42
113900296,3141,457,2684
113900297,1744,40,1704
113900298,34,1892,-1858
113900299,74,296,-222
113900300,7178,3736,3442
113900301,1139,388,751
113900302,3124,1191,1933
113900303,737,405,332
113900304,1,209,-208
113900305,85,1,84
113900306,26,0,26
113900307,109,2,107
113900308,104,164,-60
113900309,4,1212,-1208
113900310,0,26,-26
113900311,5,0,5
113900312,217,221,-4
113900313,30,12,18
114000001,1289,4919,-3630
114000002,213,646,-433
114000003,40,419,-379
114000004,322,369,-47
114000005,209,321,-112
114000006,3328,2995,333
114000007,773,1825,-1052
114000008,1899,1674,225
114000009,707,276,431
114000011,3035,4730,-1695
114000012,2421,3999,-1578
114000013,1842,2890,-1048
114000014,456,372,84
114000015,1401,665,736
114000016,199,473,-274
114000017,193,271,-78
114000018,590,67,523
114000026,1631,2198,-567
114000027,2953,2874,79
114000028,2899,3328,-429
114000038,202,165,37
114000039,115,89,26
114000040,72,208,-136
114000042,251,260,-9
114000043,60,211,-151
114000044,125,82,43
114000045,71,103,-32
114000046,3346,6539,-3193
114000047,39,107,-68
114000048,99,57,42
114000049,1864,1810,54
114000050,1969,2526,-557
114000051,3599,2062,1537
114000052,3664,1401,2263
114000053,107,602,-495
114000054,181,1706,-1525
114000055,392,21,371
114000056,1599,776,823
114000057,13103,2914,10189
114000058,705,1482,-777
114000059,298,361,-63
114000060,892,1043,-151
114000061,5063,2652,2411
114000062,3245,1234,2011
114000063,3823,2206,1617
114000064,7524,4034,3490
114000065,2236,3134,-898
114000066,473,839,-366
114000067,59,775,-716
114000068,449,693,-244
114000069,1337,593,744
114000070,3107,2093,1014
114000071,697,601,96
114000072,355,637,-282
114000073,23,106,-83
114000074,40,25,15
114000075,55,211,-156
114000076,43,189,-146
114000077,9,75,-66
114000078,237,894,-657
114000079,90,27,63
114000080,89,115,-26
114000081,47,86,-39
114000082,63,704,-641
114000083,64,318,-254
114000084,282,129,153
114000085,131,946,-815
114000086,249,693,-444
114000087,54,258,-204
114000088,30,62,-32
114000089,2313,639,1674
114000090,911,822,89
114000091,2515,904,1611
114000092,1281,486,795
114000093,1140,804,336
114000094,556,582,-26
114000095,238,145,93
114000096,150,558,-408
114000097,183,962,-779
114000098,517,98,419
114000099,510,1190,-680
114000100,1198,1100,98
114000101,414,1150,-736
114000102,451,410,41
114000103,157,634,-477
114000104,6,541,-535
114000105,121,69,52
114000106,1669,886,783
114000107,261,166,95
114000108,4670,1415,3255
114000109,434,1065,-631
114000110,646,2430,-1784
114000111,1457,754,703
114000112,498,3391,-2893
114000113,1320,443,877
114000114,1334,2508,-1174
114000115,2419,894,1525
114000116,718,1651,-933
114000117,2427,516,1911
114000118,2407,473,1934
114000119,1775,489,1286
114000120,774,1106,-332
114000121,613,860,-247
114000122,477,345,132
114000123,1514,314,1200
114000124,1649,342,1307
114000125,958,2108,-1150
114000126,1393,253,1140
114000127,190,187,3
114000128,1080,631,449
114000130,658,707,-49
114000131,260,88,172
114000132,667,973,-306
114000133,965,1932,-967
114000134,42,163,-121
114000138,44,217,-173
114000139,453,198,255
114000144,800,543,257
114000145,99,199,-100
114000146,113,409,-296
114000147,1312,1883,-571
114000148,3157,2143,1014
114000149,387,310,77
114000150,1020,813,207
114000151,1371,1264,107
114000152,237,48,189
114000153,1149,1876,-727
114000154,948,883,65
114000155,1431,2956,-1525
114000156,1645,572,1073
114000157,446,1419,-973
114000158,2894,937,1957
114000159,232,422,-190
114000160,150,220,-70
114000161,2337,2605,-268
114000162,1127,2205,-1078
114000163,13,142,-129
114000165,568,240,328
114000166,930,379,551
114000167,6651,1686,4965
114000168,823,699,124
114000169,2671,1079,1592
114000170,1448,1201,247
114000171,932,3164,-2232
114000174,297,561,-264
114000176,1101,448,653
114000177,3046,953,2093
114000178,37,64,-27
114000179,1657,1255,402
114000180,637,804,-167
114000181,1831,3790,-1959
114000182,8073,2997,5076
114000183,1229,1234,-5
114000184,8611,1798,6813
114000185,1203,1137,66
114000189,646,90,556
114000190,2199,302,1897
114000191,41,68,-27
114000192,394,2352,-1958
114000193,754,3983,-3229
114000194,1561,1468,93
114000195,139,16,123
114000196,4,407,-403
114000197,1156,92,1064
114000198,1605,504,1101
114000199,2731,1766,965
114000200,707,2631,-1924
114000201,418,1230,-812
114000202,1520,1036,484
114000203,592,1203,-611
114000204,136,724,-588
114000205,224,2247,-2023
114000206,598,1683,-1085
114000207,955,2678,-1723
114000208,665,4196,-3531
114000209,693,3979,-3286
114000210,373,2158,-1785
114000211,1363,2067,-704
114000212,947,1122,-175
114000213,1600,825,775
114000214,113,266,-153
114000215,195,78,117
114000216,1589,492,1097
114000217,246,453,-207
114000218,167,339,-172
114000219,1552,312,1240
114000220,46,2150,-2104
114000221,724,210,514
114000222,228,1853,-1625
114000223,542,138,404
114000224,136,1155,-1019
114000225,223,670,-447
114000226,119,331,-212
114000227,1015,626,389
114000228,977,1251,-274
114000229,1215,1670,-455
114000230,1875,1769,106
114000231,1108,1634,-526
114000232,590,148,442
114000233,2048,148,1900
114000234,1405,1211,194
114000235,1280,2188,-908
114000236,1,675,-674
114000237,106,1196,-1090
114000238,149,401,-252
114000239,211,1798,-1587
114000240,670,785,-115
114000241,296,1604,-1308
114000242,1098,1524,-426
114000243,2042,1083,959
114000244,945,443,502
114000245,475,885,-410
114000246,285,65,220
114000247,858,818,40
114000248,1091,805,286
114000249,667,730,-63
114000250,530,750,-220
114000251,348,496,-148
114000252,112,140,-28
114000253,70,384,-314
114000254,29,82,-53
114000255,1232,280,952
114000256,3192,1610,1582
114000257,625,2179,-1554
114000258,251,445,-194
114000259,56,350,-294
114000260,0,40,-40
114000261,51,42,9
114000262,95,185,-90
114000263,24,8,16
114000264,864,676,188
114000265,0,3,-3
114000267,6,2111,-2105
114000268,5,2094,-2089
114000270,194,8,186
114000271,640,91,549
114000283,873,470,403
114000285,31,349,-318
114000288,85,471,-386
114000289,1386,247,1139
114000293,133,606,-473
114000294,190,340,-150
114000395,1887,85,1802
114000396,466,537,-71
114000402,544,462,82
114000403,338,774,-436
114000405,85,735,-650
114000423,304,589,-285
114000424,188,185,3
114000425,560,576,-16
114000426,355,1048,-693
114000427,54,170,-116
114000428,401,214,187
114000429,23,253,-230
114000432,178,169,9
114000434,43,106,-63
114000435,1,236,-235
114900001,550,1910,-1360
114900002,537,85,452
114900003,540,2636,-2096
114900004,200,421,-221
114900005,438,1068,-630
114900006,69,60,9
114900007,159,18,141
114900008,148,119,29
114900010,3001,2418,583
114900011,192,159,33
114900013,223,148,75
114900015,75,405,-330
114900018,953,43,910
114900020,254,75,179
114900022,36,811,-775
114900024,345,189,156
114900025,377,339,38
114900026,85,109,-24
114900027,175,347,-172
114900029,155,37,118
114900030,308,329,-21
114900031,362,39,323
114900032,274,40,234
114900033,2405,554,1851
114900034,79,247,-168
114900035,185,392,-207
114900036,346,1075,-729
114900037,146,239,-93
114900038,171,969,-798
114900039,547,770,-223
114900040,85,392,-307
114900041,643,696,-53
114900042,694,917,-223
114900043,1346,377,969
114900044,175,29,146
114900046,77,147,-70
114900047,321,1797,-1476
114900048,79,468,-389
114900049,24,423,-399
114900050,35,802,-767
114900051,14,605,-591
114900052,49,236,-187
114900053,87,355,-268
114900054,31,149,-118
114900057,247,8,239
114900058,1,105,-104
114900059,58,46,12
114900060,1575,830,745
114900061,137,171,-34
114900062,318,433,-115
114900063,61,280,-219
114900064,1087,706,381
114900065,341,800,-459
114900067,57,427,-370
114900068,63,427,-364
114900069,263,271,-8
114900070,443,836,-393
114900072,9,358,-349
114900073,2,277,-275
114900074,491,1133,-642
114900075,148,8,140
114900076,9,382,-373
114900080,3825,532,3293
114900082,4889,1950,2939
114900083,1414,1347,67
114900090,314,333,-19
114900091,305,306,-1
114900095,489,173,316
114900096,633,779,-146
114900097,111,0,111
114900098,1,321,-320
114900099,203,1,202
115000001,12231,8163,4068
115000002,5085,4861,224
115000003,6522,5688,834
115000004,4652,6665,-2013
115000005,2623,3851,-1228
115000006,1406,2302,-896
115000007,177,291,-114
115000008,785,713,72
115000009,286,573,-287
115000010,571,198,373
115000013,115,316,-201
115000015,131,668,-537
115000016,69,186,-117
115000019,56,555,-499
115000020,250,583,-333
115000021,342,680,-338
115000022,641,440,201
115000023,372,629,-257
115000024,1426,593,833
115000025,975,765,210
115000026,123,534,-411
115000027,232,271,-39
115000028,197,1022,-825
115000029,578,146,432
115000030,533,1202,-669
115000031,1287,290,997
115000032,14,377,-363
115000033,171,30,141
115000034,132,1302,-1170
115000035,1022,39,983
115000036,1,429,-428
115000037,562,6,556
115000038,54,276,-222
115000039,4655,3077,1578
115000040,8215,5085,3130
115000041,1835,3527,-1692
115000042,893,1021,-128
115000043,3820,2904,916
115000044,4126,5785,-1659
115000045,3271,3333,-62
115000046,2201,3354,-1153
115000047,1814,2471,-657
115000048,1786,3895,-2109
115000049,1831,4788,-2957
115000050,3812,2730,1082
115000051,2716,3185,-469
115000052,4443,2594,1849
115000053,1813,2075,-262
115000054,827,1967,-1140
115000055,144,630,-486
115000056,325,328,-3
115000057,689,678,11
115000058,253,195,58
115000059,171,142,29
115000061,268,145,123
115000062,387,392,-5
115000063,328,421,-93
115000064,229,187,42
115000065,158,457,-299
115000067,303,53,250
115000069,77,474,-397
115000070,55,1102,-1047
115000071,212,22,190
115000072,22,64,-42
115000073,2123,74,2049
115000075,130,105,25
115000076,5964,4321,1643
115000077,2053,4062,-2009
115000078,1268,2426,-1158
115000079,1387,3084,-1697
115000080,2485,3820,-1335
115000081,485,1319,-834
115000082,3650,4524,-874
115000083,2416,3419,-1003
115000084,2080,1737,343
115000085,731,1266,-535
115000086,1048,1331,-283
115000087,598,2036,-1438
115000088,2142,807,1335
115000089,1952,1783,169
115000090,796,1216,-420
115000091,495,1364,-869
115000092,347,468,-121
115000093,700,1,699
115000094,11517,6427,5090
115000095,8353,5948,2405
115000096,764,2820,-2056
115000097,833,1142,-309
115000098,1021,1057,-36
115000099,2373,4677,-2304
115000100,1029,807,222
115000101,450,1926,-1476
115000102,535,292,243
115000103,403,1054,-651
115000105,57,218,-161
115000106,426,327,99
115000107,156,796,-640
115000108,5225,3253,1972
115000109,7160,3955,3205
115000110,1596,1391,205
115000111,769,2286,-1517
115000112,628,699,-71
115000113,580,1103,-523
115000114,1796,983,813
115000116,4656,2082,2574
115000117,4799,3080,1719
115000118,2059,1942,117
115000119,2003,2511,-508
115000120,757,1327,-570
115000121,1889,1096,793
115000122,4425,2556,1869
115000123,1996,2259,-263
115000124,1271,1291,-20
115000125,732,641,91
115000126,290,298,-8
115000127,755,179,576
115000128,1280,940,340
115000129,561,411,150
115000130,476,1237,-761
115000131,950,354,596
115000132,172,644,-472
115000133,551,471,80
115000134,239,265,-26
115000135,401,278,123
115000136,317,316,1
115000137,222,184,38
115000138,279,382,-103
115000139,369,303,66
115000140,354,270,84
115000141,220,398,-178
115000142,223,330,-107
115000143,647,793,-146
115000144,673,122,551
115000145,385,590,-205
115000146,702,399,303
115000147,962,636,326
115000148,412,1955,-1543
115000149,910,350,560
115000150,774,1693,-919
115000151,1047,619,428
115000152,765,2141,-1376
115000153,1663,617,1046
115000154,958,482,476
115000155,944,1676,-732
115000156,2614,776,1838
115000157,1405,1295,110
115000158,837,441,396
115000159,1566,545,1021
115000160,839,344,495
115000161,185,683,-498
115000162,923,856,67
115000163,794,697,97
115000164,839,714,125
115000165,526,555,-29
115000167,330,127,203
115000168,1380,376,1004
115000169,1337,339,998
115000170,339,173,166
115000171,670,270,400
115000172,2390,800,1590
115000173,655,507,148
115000174,203,313,-110
115000175,354,84,270
115000176,194,71,123
115000177,184,72,112
115000178,43,336,-293
115000179,71,23,48
115000180,97,991,-894
115000181,621,205,416
115000182,741,465,276
115000183,266,1478,-1212
115000186,776,334,442
115000187,189,1148,-959
115000188,570,815,-245
115000189,361,606,-245
115000190,1048,619,429
115000191,306,598,-292
115000194,293,199,94
115000195,332,374,-42
115000196,120,136,-16
115000197,234,406,-172
115000198,200,267,-67
115000199,290,311,-21
115000200,283,151,132
115000201,285,470,-185
115000206,383,68,315
115000207,100,406,-306
115000208,632,834,-202
115000209,624,307,317
115000210,127,179,-52
115000211,301,257,44
115000212,3008,260,2748
115000224,454,107,347
115000225,56,76,-20
115000229,257,233,24
115000230,109,569,-460
115000231,320,2945,-2625
115000232,1755,410,1345
115000233,306,237,69
115000234,32,349,-317
115000241,53,362,-309
115000242,73,414,-341
115000243,63,379,-316
115000244,5,129,-124
115000246,100,16,84
115000247,48,14,34
115000248,26,19,7
115000249,61,30,31
115000250,663,60,603
115000251,216,157,59
115000252,138,217,-79
115000253,16,467,-451
115000258,300,338,-38
115000259,374,161,213
115000261,19,62,-43
115000262,6,47,-41
115000263,20,106,-86
115000264,16,93,-77
115000267,73,120,-47
115000268,38,207,-169
115000269,162,89,73
115000270,48,43,5
115000272,61,196,-135
115000273,346,62,284
115000280,2537,186,2351
115000281,721,486,235
115000282,1485,491,994
115000284,386,230,156
115000296,994,7,987
115000297,465,82,383
115000298,201,232,-31
115000300,260,265,-5
115000302,503,251,252
115000303,697,162,535
115000304,805,149,656
115000305,116,1231,-1115
115000306,181,723,-542
115000307,65,344,-279
115000308,84,20,64
115000309,13,30,-17
115000310,918,1209,-291
115000311,833,2065,-1232
115000313,191,1035,-844
115000314,336,187,149
115000315,1581,617,964
115000316,64,84,-20
115000317,163,722,-559
115000318,950,445,505
115000319,78,453,-375
115000320,20,325,-305
115000321,657,4,653
115000322,63,358,-295
115000449,225,275,-50
115000557,2,1234,-1232
115000558,635,74,561
115000587,742,410,332
115000588,3627,5118,-1491
115000589,4311,3832,479
115000590,1423,2023,-600
115000591,1600,1191,409
115000592,1032,2442,-1410
115000593,1936,896,1040
115000594,1215,3163,-1948
115000609,236,308,-72
115000617,2329,3603,-1274
115000624,212,96,116
115000633,468,2878,-2410
115000634,3649,1081,2568
115000635,612,175,437
115000638,1554,1153,401
115000641,106,163,-57
115000642,397,373,24
115000643,93,739,-646
115000644,189,522,-333
115000646,955,1608,-653
115000647,237,595,-358
115000648,1615,2315,-700
115000893,5385,2247,3138
115000894,131,1674,-1543
115000895,741,1251,-510
115000896,2807,512,2295
115000897,631,157,474
115000898,1011,310,701
115000899,1232,1822,-590
115000900,142,595,-453
115000901,100,230,-130
115000912,373,162,211
115000913,2,30,-28
115000915,64,2,62
115000916,39,0,39
115000917,0,18,-18
115000918,85,302,-217
115000919,23,2,21
115000920,126,79,47
115000921,1241,198,1043
115000922,3104,1009,2095
115000923,947,1274,-327
115000925,111,130,-19
115000927,55,57,-2
115000933,801,257,544
115000934,140,250,-110
115000935,79,141,-62
115000936,73,750,-677
115000937,1718,253,1465
115000938,297,240,57
115000939,383,276,107
115000940,22,12,10
115000941,25,21,4
115000942,184,157,27
115000943,171,16,155
115000944,48,8,40
115900001,60,94,-34
115900002,104,213,-109
115900003,119,163,-44
115900004,1,66,-65
115900005,180,10,170
115900006,147,563,-416
115900008,39,15,24
115900009,90,436,-346
115900010,233,267,-34
115900011,354,336,18
115900012,131,110,21
115900013,440,193,247
115900014,111,216,-105
115900015,60,125,-65
115900016,73,34,39
115900017,3,5,-2
115900018,169,135,34
115900019,87,24,63
115900020,32,6,26
115900021,2175,202,1973
115900022,3912,22,3890
115900023,67,6,61
115900025,52,301,-249
115900026,1055,393,662
115900027,2,481,-479
115900028,711,71,640
115900029,6,590,-584
115900030,53,33,20
115900031,684,232,452
115900032,447,1094,-647
115900033,1,35,-34
115900034,29,603,-574
115900035,148,13,135
115900036,341,651,-310
115900037,49,548,-499
115900038,101,13,88
115900039,213,497,-284
115900041,522,469,53
115900042,64,6,58
115900043,81,193,-112
115900044,411,318,93
115900046,147,347,-200
115900047,163,109,54
115900049,128,328,-200
115900051,2,122,-120
115900052,10,285,-275
115900053,132,370,-238
115900054,193,77,116
115900055,15,166,-151
115900056,124,426,-302
115900057,114,15,99
115900058,41,68,-27
115900060,111,145,-34
115900061,219,0,219
115900062,20,338,-318
115900063,57,19,38
115900064,197,474,-277
115900065,143,154,-11
115900066,245,215,30
115900067,5,976,-971
115900068,3747,750,2997
115900069,61,352,-291
115900070,253,313,-60
115900071,0,807,-807
115900072,41,236,-195
115900073,51,80,-29
115900074,6,350,-344
115900075,20,303,-283
115900076,2,99,-97
115900077,6,310,-304
115900078,48,154,-106
115900079,213,9,204
115900080,647,358,289
115900081,10,81,-71
115900082,145,182,-37
115900084,285,40,245
115900085,86,85,1
115900086,2014,529,1485
115900088,47,77,-30
115900089,263,821,-558
115900090,218,33,185
115900091,9,38,-29
115900092,30,248,-218
115900093,3,31,-28
115900094,5,490,-485
115900096,3,29,-26
115900097,9,586,-577
115900098,162,690,-528
115900099,37,91,-54
115900100,8,694,-686
115900101,144,514,-370
115900102,44,112,-68
115900103,277,365,-88
115900104,78,186,-108
115900105,151,739,-588
115900106,49,33,16
115900107,40,203,-163
115900108,59,43,16
115900109,48,519,-471
115900110,0,26,-26
115900111,3,95,-92
115900112,37,1257,-1220
115900113,30,22,8
115900114,2,157,-155
115900115,65,223,-158
115900116,61,1191,-1130
115900117,55,20,35
115900118,3,337,-334
115900119,266,115,151
115900120,22,433,-411
115900121,157,349,-192
115900124,188,631,-443
115900125,192,27,165
115900126,491,74,417
115900127,538,59,479
115900128,14,86,-72
115900129,713,43,670
115900130,24,325,-301
115900131,264,55,209
115900132,499,16,483
115900134,299,18,281
115900135,731,1056,-325
115900137,42,6,36
115900139,84,80,4
115900140,117,19,98
115900141,16,65,-49
115900142,28,34,-6
115900143,216,370,-154
115900144,75,348,-273
115900146,4,189,-185
115900147,388,265,123
115900148,52,19,33
115900149,65,57,8
115900150,37,62,-25
115900151,17,116,-99
115900152,114,454,-340
115900153,152,325,-173
115900154,873,361,512
115900155,2,110,-108
115900156,678,839,-161
115900157,154,589,-435
115900158,37,14,23
115900159,72,356,-284
115900160,6,20,-14
115900161,56,306,-250
115900163,176,207,-31
115900164,435,37,398
115900166,237,296,-59
115900168,123,144,-21
115900171,117,520,-403
115900172,78,125,-47
115900173,270,190,80
115900174,509,218,291
115900175,118,218,-100
115900178,16,890,-874
115900179,174,27,147
115900180,30,401,-371
115900181,116,389,-273
115900182,312,408,-96
115900183,109,45,64
115900184,2045,21,2024
115900187,17,153,-136
115900189,1,178,-177
115900190,674,1433,-759
115900191,42,533,-491
115900192,14,91,-77
115900193,84,125,-41
115900194,508,65,443
115900195,682,1590,-908
115900198,169,397,-228
115900199,196,319,-123
115900200,270,377,-107
115900201,364,279,85
115900202,0,26,-26
115900203,4,13,-9
115900204,0,1,-1
115900205,85,17,68
115900206,129,162,-33
115900207,17,32,-15
115900208,118,479,-361
115900209,7,176,-169
115900210,2,137,-135
115900211,3,271,-268
115900212,128,323,-195
115900213,145,57,88
115900214,385,338,47
115900215,48,95,-47
115900216,6,105,-99
115900217,0,55,-55
115900218,6,56,-50
115900219,84,5,79
115900220,102,19,83
115900221,50,18,32
115900222,34,18,16
115900223,5,259,-254
115900224,2135,804,1331
115900225,50,37,13
115900226,12,33,-21
115900227,6,53,-47
115900228,11,67,-56
115900229,11,69,-58
115900230,46,148,-102
115900231,144,7,137
115900232,108,3,105
115900233,113,8,105
115900234,39,53,-14
115900235,20,37,-17
115900236,17,13,4
115900237,12,28,-16
115900238,28,32,-4
115900239,9,39,-30
115900240,11,71,-60
115900241,192,125,67
115900242,466,423,43
115900243,11,4,7
115900244,8,11,-3
115900245,66,11,55
115900246,5,8,-3
115900247,23,11,12
115900248,11,6,5
115900249,11,7,4
115900250,28,11,17
115900251,4,5,-1
115900252,5,3,2
115900253,8,5,3
115900254,18,31,-13
115900255,11,29,-18
115900256,24,42,-18
115900257,19,3,16
115900258,2,1,1
115900259,12,2,10
115900260,16,4,12
115900261,7,9,-2
115900262,5,4,1
115900263,15,8,7
115900264,5,10,-5
115900265,1,5,-4
115900266,3,3,0
115900267,16,12,4
115900268,9,7,2
115900269,348,582,-234
115900270,392,977,-585
115900271,48,0,48
115900272,22,3,19
115900273,2,14,-12
115900274,1,10,-9
115900275,0,40,-40
115900276,0,51,-51
115900277,0,151,-151
115900278,22,177,-155
115900279,6,185,-179
115900280,9,270,-261
115900281,858,199,659
115900282,27,12,15
115900283,7,22,-15
115900284,10,23,-13
116000001,16396,8956,7440
116000002,5135,12137,-7002
116000003,1836,2690,-854
116000004,4089,3854,235
116000005,5990,4262,1728
116000006,5186,1737,3449
116000007,3779,4818,-1039
116000008,3927,2065,1862
116000009,2223,3313,-1090
116000010,2225,1267,958
116000011,1136,2515,-1379
116000012,1135,913,222
116000013,26454,6765,19689
116000014,25270,15832,9438
116000015,609,1925,-1316
116000016,11142,4554,6588
116000017,22,993,-971
116000018,738,552,186
116000019,1036,477,559
116000020,594,1447,-853
116000021,708,488,220
116000022,377,682,-305
116000023,1620,1041,579
116000024,907,1701,-794
116000025,1668,820,848
116000026,2313,2629,-316
116000027,977,715,262
116000028,619,899,-280
116000029,1072,755,317
116000030,884,588,296
116000031,156,285,-129
116000032,617,269,348
116000033,543,703,-160
116000034,1258,1456,-198
116000035,844,839,5
116000036,2382,721,1661
116000037,1095,781,314
116000038,1031,553,478
116000039,666,267,399
116000040,2031,267,1764
116000041,207,555,-348
116000042,632,221,411
116000043,73,531,-458
116000044,56,241,-185
116000045,2673,1548,1125
116000046,1829,1677,152
116000047,3279,3331,-52
116000048,3111,1994,1117
116000049,1127,2644,-1517
116000050,1412,2076,-664
116000051,5657,2484,3173
116000052,5203,5138,65
116000053,2211,1498,713
116000054,982,2781,-1799
116000055,586,1681,-1095
116000056,767,1688,-921
116000057,4499,2400,2099
116000058,3506,2290,1216
116000059,2384,6917,-4533
116000060,2649,1131,1518
116000061,1435,1543,-108
116000062,1706,268,1438
116000063,1410,1807,-397
116000066,327,716,-389
116000067,282,804,-522
116000068,446,445,1
116000069,373,493,-120
116000078,436,1230,-794
116000080,1919,1360,559
116000082,3,100,-97
116000083,1482,531,951
116000084,2789,5194,-2405
116000085,2017,1703,314
116000086,3359,2050,1309
116000087,1492,1451,41
116000088,1025,1524,-499
116000089,238,115,123
116000090,239,228,11
116000091,211,228,-17
116000093,766,831,-65
116000094,630,892,-262
116000095,644,1121,-477
116000096,966,1535,-569
116000097,714,1444,-730
116000098,427,6206,-5779
116000099,15051,508,14543
116000100,119,16,103
116000101,522,1784,-1262
116000102,329,2305,-1976
116000103,332,297,35
116000104,182,2627,-2445
116000105,1152,281,871
116000106,410,1815,-1405
116000107,1441,643,798
116000108,344,282,62
116000111,138,26,112
116000113,96,74,22
116000114,23,155,-132
116000115,396,390,6
116000116,227,492,-265
116000117,1529,3221,-1692
116000118,1326,2114,-788
116000119,2193,2759,-566
116000120,3187,5823,-2636
116000121,743,666,77
116000122,1623,2348,-725
116000123,759,685,74
116000124,368,1135,-767
116000125,2294,862,1432
116000126,250,1778,-1528
116000127,1165,1966,-801
116000128,1392,1129,263
116000129,953,235,718
116000130,467,411,56
116000133,740,1609,-869
116000134,2044,3224,-1180
116000135,2139,1812,327
116000136,1391,2993,-1602
116000137,1001,909,92
116000138,780,591,189
116000139,1930,2693,-763
116000140,308,317,-9
116000141,409,1007,-598
116000142,5223,4515,708
116000143,2482,2584,-102
116000144,1405,3367,-1962
116000145,1708,2102,-394
116000146,412,404,8
116000147,724,184,540
116000148,614,517,97
116000149,570,610,-40
116000151,1033,1057,-24
116000153,114,778,-664
116000155,327,340,-13
116000156,909,1348,-439
116000157,45,40,5
116000158,516,485,31
116000159,23,10,13
116000160,11,127,-116
116000161,5,140,-135
116000162,48,93,-45
116000163,25,15,10
116000164,4,28,-24
116000177,162,167,-5
116000194,163,452,-289
116000195,2935,1037,1898
116000196,4,4,0
116000197,5,33,-28
116000198,4883,1606,3277
116000200,949,437,512
116000201,827,871,-44
116000202,12,446,-434
116000203,2,119,-117
116000204,9,81,-72
116000205,0,171,-171
116000206,1,121,-120
116000207,1,51,-50
116000233,226,1093,-867
116000287,143,702,-559
116000288,173,379,-206
116000292,69,159,-90
116000296,20,384,-364
116000297,104,26,78
116000304,76,87,-11
116000305,22,116,-94
116000346,161,160,1
116000352,204,28,176
116000354,235,13,222
116000357,14,20,-6
116000358,188,36,152
116000361,870,13,857
116000372,16204,4872,11332
116000381,111,1,110
116000388,3,43,-40
116000389,947,754,193
116000445,302,736,-434
116000446,484,1474,-990
116000447,11,575,-564
116000448,847,526,321
116000563,838,1107,-269
116000565,66,447,-381
116000568,61,235,-174
116000579,26,100,-74
116000583,139,145,-6
116000584,57,15,42
116000585,17,21,-4
116000586,214,118,96
116000587,537,745,-208
116000589,123,111,12
116000590,82,191,-109
116000591,151,454,-303
116000592,15,155,-140
116000593,0,67,-67
116000594,464,520,-56
116000595,767,199,568
116000596,87,6,81
116000597,284,49,235
116000598,20,212,-192
116000605,422,215,207
116000606,91,309,-218
116000607,9,85,-76
116000609,291,1055,-764
116000611,132,663,-531
116000612,730,2717,-1987
116000613,487,463,24
116000614,572,936,-364
116000615,2,318,-316
116000616,88,169,-81
116000617,84,114,-30
116000618,0,249,-249
116000619,24,33,-9
116000620,73,66,7
116000621,37,140,-103
116000622,41,249,-208
116000624,143,70,73
116000627,82,186,-104
116000628,72,1412,-1340
116000629,36,736,-700
116000630,402,70,332
116000631,183,93,90
116000632,501,211,290
116000633,210,673,-463
116000634,356,298,58
116000635,5578,2160,3418
116000636,3740,1288,2452
116000637,313,136,177
116000638,106,736,-630
116000640,8,29,-21
116000641,1,1,0
116000644,18,1065,-1047
116900001,240,161,79
116900002,301,2,299
116900003,18,89,-71
116900004,42,55,-13
116900005,213,63,150
116900006,250,133,117
116900007,154,246,-92
116900008,267,468,-201
116900009,45,3,42
116900010,2,2079,-2077
116900011,10,64,-54
116900012,124,202,-78
116900013,4,184,-180
116900014,64,314,-250
116900015,304,79,225
116900016,126,0,126
116900017,1,1034,-1033
116900018,91,67,24
116900019,18,485,-467
116900020,2241,805,1436
116900023,91,12,79
116900024,383,77,306
116900025,759,1208,-449
116900026,187,979,-792
116900027,22,109,-87
116900028,2,218,-216
116900029,1,53,-52
116900031,1,7,-6
116900032,3,491,-488
116900033,10,28,-18
116900034,6,109,-103
116900035,183,392,-209
116900036,3,142,-139
116900038,33,1,32
116900041,41,11,30
116900042,886,299,587
116900043,20,130,-110
116900047,136,77,59
116900049,37,550,-513
116900050,137,787,-650
116900051,90,348,-258
116900052,374,47,327
116900055,0,5,-5
116900057,13,470,-457
116900058,29,799,-770
116900059,2,249,-247
116900060,361,285,76
116900062,3,8,-5
116900064,68,1386,-1318
116900065,27,252,-225
116900067,59,138,-79
116900068,156,334,-178
116900070,0,9,-9
116900072,23,513,-490
116900073,15,286,-271
116900074,4,64,-60
116900076,23,38,-15
116900077,2,156,-154
116900078,325,159,166
116900079,48,628,-580
116900080,7,18,-11
116900081,340,2324,-1984
116900082,343,994,-651
116900083,69,98,-29
116900084,548,71,477
116900085,20,138,-118
116900086,43,342,-299
116900088,198,89,109
116900090,147,107,40
116900091,184,91,93
116900092,73,1299,-1226
116900093,1618,3155,-1537
116900094,6943,5199,1744
116900095,749,234,515
116900096,104,325,-221
116900097,6680,2791,3889
116900098,1028,272,756
116900099,746,686,60
116900100,819,23,796
116900101,245,816,-571
116900103,5,0,5
116900104,51,96,-45
116900105,374,64,310
116900106,1234,681,553
116900107,6762,2567,4195
116900110,15,0,15
116900111,420,1545,-1125
116900112,185,1773,-1588
116900113,4823,1641,3182
116900116,190,411,-221
116900117,39,120,-81
116900118,1215,970,245
116900120,212,162,50
116900121,55,52,3
116900122,509,918,-409
116900123,151,994,-843
116900124,157,1749,-1592
116900125,264,404,-140
116900126,330,705,-375
116900128,2,43,-41
116900129,5,331,-326
116900130,1268,3551,-2283
116900131,17,76,-59
116900132,35,133,-98
116900133,85,119,-34
116900134,284,195,89
116900136,186,199,-13
116900137,494,241,253
116900138,143,310,-167
116900139,70,512,-442
116900140,137,164,-27
116900141,638,350,288
116900142,1,52,-51
116900143,227,405,-178
116900144,11,56,-45
116900145,198,305,-107
116900147,1160,344,816
116900148,6,39,-33
116900149,35,227,-192
116900150,10,8,2
116900151,61,19,42
116900153,85,83,2
116900154,756,439,317
116900155,67,66,1
116900157,430,368,62
116900158,541,203,338
116900159,31,404,-373
116900160,1276,485,791
116900161,11788,6690,5098
116900162,18,169,-151
116900163,134,165,-31
116900164,86,45,41
116900165,268,211,57
116900166,27,146,-119
116900167,353,96,257
116900168,356,100,256
116900169,1378,357,1021
116900170,221,473,-252
116900171,24,262,-238
116900172,373,234,139
116900173,164,72,92
116900174,28,28,0
116900175,475,156,319
116900178,31,231,-200
116900179,137,208,-71
116900180,172,35,137
116900182,387,324,63
116900183,111,83,28
116900185,38,24,14
116900186,101,379,-278
116900187,55,24,31
116900188,161,16,145
116900189,65,2,63
116900191,353,508,-155
116900192,167,244,-77
116900194,116,964,-848
116900195,37,7,30
116900196,22,152,-130
116900197,85,6,79
116900198,295,219,76
116900200,29,43,-14
116900201,84,9,75
116900202,124,65,59
116900203,110,2,108
116900204,53,86,-33
116900206,8,33,-25
116900207,43,27,16
116900208,16,172,-156
116900209,40,198,-158
116900210,437,290,147
116900211,271,8,263
116900212,25,129,-104
116900213,121,218,-97
116900214,140,113,27
116900215,9,49,-40
116900216,520,203,317
116900218,3,418,-415
116900219,1192,424,768
116900220,96,246,-150
116900221,38,340,-302
116900222,453,384,69
116900223,131,251,-120
116900226,45,108,-63
116900227,166,117,49
116900228,363,391,-28
116900230,40,549,-509
116900231,39,674,-635
116900232,18,714,-696
116900233,302,101,201
116900234,11,13,-2
116900235,193,331,-138
116900238,1684,613,1071
116900239,184,1716,-1532
116900240,10129,3737,6392
116900241,36,230,-194
116900242,2256,555,1701
116900243,0,66,-66
116900245,25,10,15
116900246,104,39,65
116900247,413,13,400
116900248,81,39,42
116900249,307,168,139
116900250,258,61,197
116900251,642,389,253
116900252,70,1527,-1457
116900254,19,130,-111
116900255,115,47,68
116900256,217,112,105
116900257,19,666,-647
116900258,9,359,-350
116900259,121,8,113
116900260,2,171,-169
116900261,36,2,34
116900262,161,181,-20
116900263,0,20,-20
116900264,3,8,-5
116900265,37,1,36
116900266,11,83,-72
116900267,2,2,0
116900268,161,12,149
116900269,537,867,-330
116900271,1214,174,1040
116900272,591,709,-118
116900273,753,77,676
116900274,215,131,84
116900275,107,170,-63
116900276,1239,93,1146
116900277,813,24,789
116900278,3,16,-13
116900279,0,14,-14
116900280,20,34,-14
116900281,11288,3771,7517
116900282,9,355,-346
116900283,16,205,-189
116900284,22,331,-309
116900285,561,752,-191
116900286,273,59,214
116900287,6,115,-109
116900288,29,164,-135
116900289,13,60,-47
116900290,1,61,-60
116900291,10,16,-6
116900292,0,14,-14
116900293,27,75,-48
116900294,44,191,-147
116900295,699,35,664
116900296,159,65,94
116900297,11,159,-148
116900298,112,38,74
116900299,108,56,52
116900300,4,103,-99
116900301,80,99,-19
116900302,147,67,80
116900303,974,89,885
116900304,1,244,-243
116900305,50,139,-89
116900306,131,190,-59
116900307,78,1,77
116900308,1,258,-257
116900309,60,228,-168
117000001,2520,2606,-86
117000002,3654,7402,-3748
117000003,12682,4152,8530
117000004,6753,8975,-2222
117000005,2731,2361,370
117000006,1865,7552,-5687
117000007,4929,1884,3045
117000008,1782,8288,-6506
117000009,6059,2619,3440
117000010,3982,7937,-3955
117000011,2430,2838,-408
117000012,1741,2686,-945
117000013,2640,1725,915
117000014,2410,4011,-1601
117000015,5184,1935,3249
117000016,1795,62,1733
117000017,1271,181,1090
117000018,411,542,-131
117000019,497,51,446
117000020,619,1883,-1264
117000021,3247,1054,2193
117000022,1044,70,974
117000023,1381,274,1107
117000024,1000,79,921
117000025,4002,477,3525
117000026,8820,972,7848
117000027,3613,2503,1110
117000028,6145,1447,4698
117000030,1398,880,518
117000031,595,397,198
117000032,4291,1819,2472
117000033,1694,1569,125
117000034,554,593,-39
117000035,364,403,-39
117000036,589,650,-61
117000037,396,300,96
117000038,511,910,-399
117000039,591,405,186
117000040,197,1361,-1164
117000041,873,249,624
117000044,50,1627,-1577
117000045,883,86,797
117000046,807,1015,-208
117000047,1270,855,415
117000048,3380,2801,579
117000049,105,826,-721
117000050,193,3577,-3384
117000051,2396,200,2196
117000052,37,700,-663
117000053,378,92,286
117000054,1680,7,1673
117000055,88,5007,-4919
117000056,594,19,575
117000057,827,3235,-2408
117000060,439,2614,-2175
117000061,2503,1573,930
117000062,310,807,-497
117000063,2607,1113,1494
117000064,1213,1414,-201
117000066,1361,1098,263
117000067,361,491,-130
117000074,180,406,-226
117000076,101,85,16
117000077,215,153,62
117000078,156,959,-803
117000079,435,269,166
117000080,3,549,-546
117000081,1637,111,1526
117000082,41,123,-82
117000083,221,11,210
117000084,625,3,622
117000085,277,732,-455
117000086,1395,966,429
117000087,126,752,-626
117000088,344,412,-68
117000089,1594,467,1127
117000090,276,2228,-1952
117000091,710,416,294
117000092,427,2330,-1903
117000093,1069,892,177
117000094,1281,3993,-2712
117000095,3369,1141,2228
117000096,738,3647,-2909
117000097,1142,1549,-407
117000098,3158,7284,-4126
117000099,2976,1392,1584
117000100,160,263,-103
117000101,260,1756,-1496
117000102,1456,838,618
117000103,1019,2594,-1575
117000104,1327,758,569
117000105,1065,2341,-1276
117000106,1179,1210,-31
117000107,628,2617,-1989
117000108,1449,1224,225
117000109,2827,3457,-630
117000110,1556,1134,422
117000111,5144,8062,-2918
117000112,3430,3362,68
117000113,150,466,-316
117000114,134,233,-99
117000115,84,184,-100
117000116,123,335,-212
117000117,2643,626,2017
117000118,717,166,551
117000119,781,265,516
117000120,807,715,92
117000121,237,1812,-1575
117000122,887,1910,-1023
117000123,3672,51,3621
117000124,1385,55,1330
117000125,1363,100,1263
117000126,173,32,141
117000127,370,437,-67
117000128,544,935,-391
117000129,2407,698,1709
117000130,215,2,213
117000131,0,185,-185
117000132,2221,47,2174
117000133,1021,86,935
117000134,2,69,-67
117000135,8,18,-10
117000136,0,43,-43
117000137,114,81,33
117000138,6,613,-607
117000140,563,2107,-1544
117000141,1579,897,682
117000181,1035,246,789
117000182,368,367,1
117000195,187,1607,-1420
117000196,163,80,83
117000225,366,18,348
117000226,14,205,-191
117000276,250,15,235
117000277,3,659,-656
117000310,3564,4959,-1395
117000315,47,1889,-1842
117000320,161,0,161
117000906,304,13,291
117000907,7,528,-521
117000909,140,38,102
117000910,238,171,67
117000911,105,335,-230
117000915,14,961,-947
117000916,33,11,22
117000917,920,32,888
117000918,79,145,-66
117000919,8,198,-190
117000920,11,2072,-2061
117000921,2,2271,-2269
117000922,76,254,-178
117000924,1399,1558,-159
117000926,1198,127,1071
117000927,2582,791,1791
117000928,2,219,-217
117000929,227,991,-764
117000930,201,41,160
117000931,552,189,363
117900002,512,470,42
117900003,817,481,336
117900005,19,262,-243
117900006,0,53,-53
117900007,245,132,113
117900008,0,47,-47
117900010,831,127,704
117900011,31,33,-2
117900012,56,217,-161
117900013,0,481,-481
117900014,1443,279,1164
117900015,26,229,-203
117900016,2424,689,1735
117900017,1300,673,627
117900018,380,89,291
117900019,442,656,-214
117900020,88,522,-434
117900021,34,128,-94
117900023,699,785,-86
117900024,93,152,-59
117900025,55,18,37
117900026,371,530,-159
117900028,269,22,247
117900029,235,1373,-1138
117900030,495,255,240
117900031,712,149,563
117900032,908,626,282
117900033,194,1294,-1100
117900034,136,107,29
117900035,130,87,43
117900036,252,910,-658
117900037,88,144,-56
117900038,31,487,-456
117900039,6,75,-69
117900040,91,671,-580
117900041,6,54,-48
117900042,7444,727,6717
117900043,52,46,6
117900044,71,5224,-5153
117900045,278,173,105
117900048,204,299,-95
117900049,215,1074,-859
117900050,8,79,-71
117900051,167,3,164
117900052,71,413,-342
117900053,1410,852,558
117900054,6,24,-18
117900055,163,505,-342
117900056,602,31,571
117900057,1261,1838,-577
117900058,280,18,262
117900059,1063,85,978
117900060,1693,7622,-5929
117900061,40,428,-388
117900063,464,348,116
117900065,900,1635,-735
117900066,19,79,-60
117900067,417,427,-10
117900069,1107,593,514
117900070,638,14,624
117900071,295,181,114
117900073,390,634,-244
117900074,497,22,475
117900075,167,105,62
117900076,25,76,-51
117900077,319,174,145
117900078,227,774,-547
117900080,538,58,480
117900081,722,670,52
117900082,400,467,-67
117900083,407,951,-544
117900086,187,42,145
117900087,129,73,56
117900088,3362,3313,49
117900089,1905,579,1326
117900090,911,1069,-158
117900091,355,250,105
117900092,91,33,58
117900093,65,90,-25
117900094,46,16,30
117900095,893,918,-25
117900096,91,304,-213
117900097,134,99,35
117900098,20,5,15
117900099,256,415,-159
117900100,136,0,136
117900101,594,1672,-1078
117900102,38,80,-42
117900103,26,0,26
117900104,23,148,-125
117900105,192,341,-149
117900106,84,67,17
117900107,14,0,14
117900109,489,437,52
117900110,54,0,54
117900111,292,15,277
117900112,54,12,42
117900113,8879,2719,6160
117900114,9,5,4
117900115,375,88,287
117900116,1212,1525,-313
117900117,415,552,-137
117900118,52,1,51
117900119,123,336,-213
117900120,97,191,-94
117900121,115,34,81
117900122,1926,3008,-1082
117900123,1204,909,295
117900124,791,906,-115
117900125,1808,1635,173
117900126,373,947,-574
117900127,681,863,-182
117900128,397,1208,-811
117900129,51,0,51
117900130,927,541,386
117900131,2,149,-147
117900132,18,151,-133
117900133,7,148,-141
117900134,41,229,-188
117900135,14,212,-198
117900136,1,60,-59
117900137,40,363,-323
117900138,0,55,-55
117900139,112,134,-22
117900140,7452,672,6780
117900141,748,347,401
117900142,149,45,104
117900144,204,96,108
117900145,25,69,-44
117900146,960,146,814
117900147,78,86,-8
117900148,4652,1307,3345
117900149,74,214,-140
117900150,35,123,-88
117900151,74,156,-82
117900152,163,138,25
117900153,68,95,-27
117900154,722,1072,-350
117900156,1180,1590,-410
117900157,98,693,-595
117900158,170,112,58
117900160,670,428,242
117900161,3053,3573,-520
117900162,356,649,-293
117900163,333,32,301
117900165,1,15,-14
117900166,128,495,-367
117900168,31,189,-158
117900169,2,150,-148
117900170,2,41,-39
117900171,0,42,-42
117900172,12,36,-24
117900173,167,62,105
117900174,36,72,-36
117900175,5,66,-61
117900176,8,77,-69
117900177,5,59,-54
117900178,105,64,41
117900180,339,60,279
117900181,262,322,-60
117900182,4,24,-20
117900183,59,236,-177
117900184,12,50,-38
117900185,35,53,-18
117900186,41,27,14
117900187,10,16,-6
117900188,215,40,175
117900189,76,36,40
117900190,9,1,8
117900191,97,1,96
117900192,211,4,207
117900193,2,90,-88
117900194,11,2,9
117900195,4,39,-35
117900196,7,17,-10
117900207,246,124,122
117900208,32,44,-12
117900209,252,283,-31
117900210,213,329,-116
117900211,15,243,-228
117900212,77,258,-181
117900213,29,27,2
117900214,11,60,-49
117900215,35,43,-8
117900216,89,21,68
117900217,267,250,17
117900218,360,324,36
117900219,17,96,-79
117900220,224,93,131
117900222,227,450,-223
117900223,250,414,-164
118000001,1475,982,493
118000002,1814,3492,-1678
118000003,8511,3412,5099
118000004,9257,2994,6263
118000005,6821,6846,-25
118000006,8337,13715,-5378
118000007,12279,3151,9128
118000008,10096,4926,5170
118000009,3657,3989,-332
118000010,4006,5021,-1015
118000011,1435,3610,-2175
118000012,2321,3686,-1365
118000013,5213,4575,638
118000014,2679,5262,-2583
118000016,261,479,-218
118000017,334,621,-287
118000018,433,527,-94
118000019,2898,1835,1063
118000020,1723,2681,-958
118000021,1651,3063,-1412
118000022,2786,1065,1721
118000023,1664,435,1229
118000024,1887,1271,616
118000027,20749,14153,6596
118000029,1215,1032,183
118000032,1721,6165,-4444
118000033,3883,5373,-1490
118000034,6667,2686,3981
118000035,2079,3127,-1048
118000036,3321,1439,1882
118000037,1374,1310,64
118000038,175,147,28
118000039,174,645,-471
118000040,2449,2748,-299
118000041,3578,2132,1446
118000045,1157,171,986
118000046,4227,678,3549
118000047,6420,811,5609
118000048,9094,1764,7330
118000051,4578,1160,3418
118000052,4140,615,3525
118000053,2824,1069,1755
118000054,3664,4903,-1239
118000055,2997,4952,-1955
118000056,321,451,-130
118000057,259,1042,-783
118000058,8801,1607,7194
118000059,7156,988,6168
118000060,1953,862,1091
118000061,963,2265,-1302
118000062,758,655,103
118000063,776,584,192
118000064,1777,1595,182
118000065,7793,3486,4307
118000066,1701,2031,-330
118000067,1997,997,1000
118000068,3692,6060,-2368
118000069,5865,1787,4078
118000070,10881,2621,8260
118000071,4995,11381,-6386
118000072,5374,1205,4169
118000073,5030,686,4344
118000074,886,1046,-160
118000075,1165,333,832
118000076,3266,1914,1352
118000077,2429,1764,665
118000078,3804,2497,1307
118000079,436,517,-81
118000080,2286,1183,1103
118000081,3700,1263,2437
118000082,538,1352,-814
118000083,3154,1858,1296
118000084,4217,2536,1681
118000086,586,748,-162
118000087,9127,3272,5855
118000088,3252,3072,180
118000089,5248,3236,2012
118000090,2871,4336,-1465
118000091,2316,4298,-1982
118000092,1788,697,1091
118000093,160,1030,-870
118000096,891,850,41
118000097,1415,969,446
118000098,402,263,139
118000099,531,1148,-617
118000101,1098,535,563
118000102,520,2308,-1788
118000107,4701,722,3979
118000108,1029,3339,-2310
118000110,2,31,-29
118000111,1,900,-899
118000112,472,26,446
118000113,10,1318,-1308
118000114,341,24,317
118000115,20,37,-17
118000116,77,0,77
118000117,2862,1031,1831
118000118,2819,884,1935
118000119,1546,1390,156
118000120,2289,1609,680
118000121,115,635,-520
118000122,2313,286,2027
118000123,107,326,-219
118000125,3698,1452,2246
118000126,2448,2076,372
118000127,3758,1019,2739
118000128,1378,1627,-249
118000129,2584,640,1944
118000130,4042,6153,-2111
118000131,1664,1668,-4
118000132,2902,2245,657
118000133,2901,772,2129
118000135,1085,528,557
118000136,178,863,-685
118000137,2337,138,2199
118000138,432,1088,-656
118000139,504,151,353
118000140,3036,5573,-2537
118000141,2307,2988,-681
118000142,2015,3135,-1120
118000143,1910,1548,362
118000144,2194,1380,814
118000145,1916,3363,-1447
118000146,1323,1500,-177
118000147,1054,2337,-1283
118000148,645,2423,-1778
118000149,1035,1834,-799
118000150,365,615,-250
118000151,343,647,-304
118000153,1170,1935,-765
118000154,1465,2476,-1011
118000155,1075,2127,-1052
118000156,3999,3345,654
118000157,682,657,25
118000158,233,680,-447
118000159,27,135,-108
118000160,482,568,-86
118000161,520,956,-436
118000162,1172,1183,-11
118000163,889,1111,-222
118000164,3823,2017,1806
118000168,2299,562,1737
118000169,1670,2328,-658
118000170,5395,9153,-3758
118000171,414,964,-550
118000172,119,483,-364
118000173,1298,1493,-195
118000175,354,471,-117
118000176,267,567,-300
118000177,200,672,-472
118000178,260,62,198
118000179,1954,1376,578
118000180,1074,1174,-100
118000181,1250,489,761
118000182,425,370,55
118000183,268,402,-134
118000184,718,1734,-1016
118000185,1021,1139,-118
118000186,728,1011,-283
118000187,1319,934,385
118000188,1224,327,897
118000189,477,1314,-837
118000190,25,16,9
118000191,19,59,-40
118000192,460,409,51
118000193,373,642,-269
118000194,4492,1914,2578
118000195,2080,891,1189
118000196,1343,176,1167
118000197,648,134,514
118000198,1100,731,369
118000199,2396,605,1791
118000200,86,277,-191
118000201,1218,600,618
118000202,119,62,57
118000203,2928,458,2470
118000204,413,484,-71
118000205,409,604,-195
118000206,336,286,50
118000207,2,139,-137
118000208,1435,2375,-940
118000209,1973,2828,-855
118000210,49,43,6
118000211,26,43,-17
118000213,2687,1365,1322
118000214,1026,1107,-81
118000215,318,742,-424
118000216,1962,7047,-5085
118000217,38,171,-133
118000218,68,167,-99
118000219,1004,807,197
118000220,1,40,-39
118000221,113,409,-296
118000222,85,11,74
118000223,31,59,-28
118000224,551,140,411
118000225,188,1406,-1218
118000226,2677,211,2466
118000227,1342,551,791
118000228,141,215,-74
118000229,638,72,566
118000230,179,347,-168
118000231,125,288,-163
118000232,943,1324,-381
118000233,1056,1190,-134
118000234,455,404,51
118000236,482,429,53
118000237,97,666,-569
118000238,252,306,-54
118000239,360,469,-109
118000240,680,158,522
118000241,201,402,-201
118000242,430,971,-541
118000243,231,257,-26
118000244,33,166,-133
118000246,0,6,-6
118000255,111,446,-335
118000256,173,476,-303
118000259,12,86,-74
118000260,309,169,140
118000261,42,137,-95
118000263,116,283,-167
118000266,134,610,-476
118000267,2,69,-67
118000268,1250,4,1246
118000270,87,48,39
118000271,249,534,-285
118000272,136,58,78
118000273,83,132,-49
118000274,122,438,-316
118000276,367,433,-66
118000295,2,120,-118
118000298,139,629,-490
118000299,110,280,-170
118000301,0,100,-100
118000302,115,157,-42
118000311,423,168,255
118000312,279,276,3
118000313,33,191,-158
118000314,79,99,-20
118000315,20,89,-69
118000316,790,934,-144
118000325,29,60,-31
118000326,20,48,-28
118000331,15,57,-42
118000332,17,44,-27
118000333,62,89,-27
118000335,196,3,193
118000336,1,416,-415
118000407,108,115,-7
118000457,14,52,-38
118000465,4061,6013,-1952
118000480,40,243,-203
118000489,131,579,-448
118000490,139,800,-661
118000492,188,361,-173
118000510,117,22,95
118000514,307,488,-181
118000515,1205,975,230
118000517,530,482,48
118000524,1200,315,885
118000525,1104,1076,28
118000530,12,128,-116
118000531,251,433,-182
118000532,307,384,-77
118000533,633,161,472
118000534,963,513,450
118000535,313,209,104
118000536,954,1726,-772
118000537,132,125,7
118000538,56,163,-107
118000539,7,159,-152
118000540,487,199,288
118000541,407,83,324
118000542,226,162,64
118000543,539,224,315
118000546,28,26,2
118000553,0,0,0
118000557,0,0,0
118000560,4365,2058,2307
118000562,23,616,-593
118000563,3650,2124,1526
118000576,195,329,-134
118000577,313,231,82
118000578,321,262,59
118000579,1161,1760,-599
118000583,0,0,0
118000595,202,104,98
118000596,0,97,-97
118000597,249,270,-21
118000598,6,1,5
118000599,28,88,-60
118000600,2,6,-4
118000601,5,0,5
118000602,2,11,-9
118000603,1,113,-112
118000605,64,659,-595
118900001,1459,1495,-36
118900002,1489,1105,384
118900003,244,18,226
118900004,26,59,-33
118900005,95,7,88
118900006,132,7,125
118900007,14,3,11
118900008,1611,42,1569
118900009,24,29,-5
118900010,36,3,33
118900011,199,38,161
118900012,444,236,208
118900013,821,85,736
118900015,179,68,111
118900016,2,23,-21
118900017,297,253,44
118900018,1419,34,1385
118900019,37,15,22
118900020,261,189,72
118900021,230,469,-239
118900022,120,124,-4
118900023,293,151,142
118900024,88,227,-139
118900025,69,46,23
118900026,49,77,-28
118900027,742,443,299
118900028,185,263,-78
118900029,356,609,-253
118900030,230,184,46
118900031,165,159,6
118900032,297,239,58
118900033,1247,839,408
118900034,247,25,222
118900035,138,280,-142
118900036,1076,1073,3
118900037,681,330,351
118900038,416,360,56
118900039,423,304,119
118900040,217,267,-50
118900041,662,294,368
118900042,235,169,66
118900045,374,254,120
118900046,957,387,570
118900047,1212,441,771
118900048,949,194,755
118900049,76,54,22
118900050,9,158,-149
118900051,254,96,158
118900052,466,290,176
118900053,32,123,-91
118900054,144,172,-28
118900055,61,167,-106
118900056,174,402,-228
118900057,718,507,211
118900058,821,465,356
118900059,31,134,-103
118900060,68,312,-244
118900062,176,322,-146
118900064,783,844,-61
118900065,43,362,-319
118900066,138,155,-17
118900067,7170,4178,2992
118900068,6,963,-957
118900069,397,464,-67
118900071,4,87,-83
118900072,571,536,35
118900073,110,222,-112
118900074,134,285,-151
118900075,53,117,-64
118900076,519,75,444
118900077,241,255,-14
118900078,43,13,30
118900079,75,311,-236
118900080,11,118,-107
118900081,71,29,42
118900082,734,196,538
118900083,24,11,13
118900084,16,23,-7
118900085,701,1441,-740
118900086,29,91,-62
118900087,18,319,-301
118900088,2,18,-16
118900089,81,14,67
118900090,499,673,-174
118900091,181,276,-95
118900092,88,100,-12
118900093,234,19,215
118900096,96,144,-48
118900097,223,1010,-787
118900099,46,460,-414
118900100,147,312,-165
118900101,96,758,-662
118900102,65,75,-10
118900103,34,152,-118
118900104,138,205,-67
118900105,229,151,78
118900107,199,163,36
118900108,137,155,-18
118900110,2128,945,1183
118900111,452,698,-246
118900112,112,188,-76
118900113,131,920,-789
118900114,22,99,-77
118900115,84,384,-300
118900116,117,201,-84
118900117,105,189,-84
118900118,262,699,-437
118900119,141,384,-243
118900120,123,417,-294
118900121,22,310,-288
118900122,11,1083,-1072
118900123,150,349,-199
118900124,107,258,-151
118900126,34,438,-404
118900129,358,236,122
118900130,111,174,-63
118900131,126,407,-281
118900132,777,277,500
118900133,28,124,-96
118900135,201,296,-95
118900136,229,852,-623
118900137,6,24,-18
118900139,212,887,-675
118900140,557,849,-292
118900141,37,288,-251
118900144,282,629,-347
118900145,21,237,-216
118900146,352,1144,-792
118900147,615,204,411
118900148,82,83,-1
118900150,177,735,-558
118900152,472,1208,-736
118900157,237,252,-15
118900158,44,135,-91
118900159,0,225,-225
118900161,265,9,256
118900163,282,65,217
118900164,8,122,-114
118900165,54,341,-287
118900166,20,1,19
118900167,110,205,-95
118900168,11,80,-69
118900169,147,668,-521
118900170,126,109,17
118900171,18,29,-11
118900174,52,108,-56
118900175,354,593,-239
118900176,126,298,-172
118900177,42,63,-21
118900178,66,185,-119
118900179,8,52,-44
118900181,80,209,-129
118900182,140,52,88
118900183,38,122,-84
118900184,197,47,150
118900185,77,165,-88
118900186,86,121,-35
118900187,327,425,-98
118900188,351,398,-47
118900189,27,861,-834
118900190,20,856,-836
118900191,182,73,109
118900192,220,28,192
118900193,421,17,404
118900195,447,1403,-956
118900196,33,301,-268
118900197,135,126,9
118900198,32,48,-16
118900199,52,84,-32
118900200,43,23,20
118900201,44,35,9
118900202,16,97,-81
118900203,14,42,-28
118900204,6,30,-24
118900205,4,18,-14
118900206,2,24,-22
119000001,1536,1824,-288
119000002,3079,3591,-512
119000003,2206,2262,-56
119000004,3294,2285,1009
119000005,4271,3323,948
119000006,2743,2472,271
119000007,4567,4699,-132
119000008,3086,2839,247
119000009,4877,4769,108
119000010,11080,5335,5745
119000011,7593,3339,4254
119000012,5547,4119,1428
119000013,2712,1881,831
119000014,3612,4934,-1322
119000019,354,213,141
119000020,2340,2195,145
119000021,4161,3158,1003
119000022,4884,3921,963
119000023,611,344,267
119000024,3383,11040,-7657
119000025,19745,1765,17980
119000026,370,428,-58
119000027,829,613,216
119000028,3203,2143,1060
119000029,197,371,-174
119000030,671,1880,-1209
119000031,1003,1020,-17
119000032,2477,3323,-846
119000033,2730,2776,-46
119000034,1262,1401,-139
119000035,26,509,-483
119000036,1540,1545,-5
119000037,1113,2895,-1782
119000038,145,1653,-1508
119000039,307,438,-131
119000040,2064,796,1268
119000041,1643,2013,-370
119000048,4637,4962,-325
119000049,2459,4507,-2048
119000050,2452,4041,-1589
119000051,2695,1427,1268
119000052,2924,4735,-1811
119000053,2059,1373,686
119000054,3144,5964,-2820
119000055,3347,4629,-1282
119000056,2080,2819,-739
119000057,1568,3967,-2399
119000058,2243,3463,-1220
119000059,1478,2697,-1219
119000060,1650,1284,366
119000061,1147,1246,-99
119000062,1233,1687,-454
119000063,484,669,-185
119000064,2606,2472,134
119000065,2289,4243,-1954
119000066,2471,1456,1015
119000067,2412,4025,-1613
119000068,1630,1576,54
119000069,1759,4442,-2683
119000070,2221,1621,600
119000071,574,1303,-729
119000072,10383,5034,5349
119000073,6386,8053,-1667
119000074,1309,5366,-4057
119000075,1595,3483,-1888
119000076,522,1144,-622
119000077,897,618,279
119000078,409,335,74
119000079,154,959,-805
119000080,382,398,-16
119000081,364,407,-43
119000082,990,429,561
119000083,582,477,105
119000084,334,598,-264
119000085,645,442,203
119000086,257,529,-272
119000087,2315,1274,1041
119000088,318,316,2
119000089,93,246,-153
119000090,153,247,-94
119000091,149,406,-257
119000092,641,320,321
119000093,5532,5042,490
119000094,2753,10498,-7745
119000095,1513,4237,-2724
119000097,4511,2364,2147
119000098,919,2666,-1747
119000099,2725,3129,-404
119000100,3673,3008,665
119000101,3528,2197,1331
119000102,897,1068,-171
119000103,1699,544,1155
119000104,4267,2100,2167
119000105,989,1656,-667
119000106,354,2768,-2414
119000107,677,635,42
119000108,397,1814,-1417
119000109,174,332,-158
119000110,730,392,338
119000111,82,613,-531
119000112,306,85,221
119000113,2915,277,2638
119000114,912,1018,-106
119000115,165,401,-236
119000116,228,156,72
119000117,143,425,-282
119000118,3,5,-2
119000123,7376,695,6681
119000124,623,269,354
119000125,2595,1420,1175
119000126,840,1394,-554
119000127,590,1221,-631
119000128,20,5,15
119000131,1048,1243,-195
119000132,1,13,-12
119000133,3,14,-11
119000134,5082,895,4187
119000135,191,227,-36
119000136,189,314,-125
119000137,190,658,-468
119000138,318,552,-234
119000139,241,370,-129
119000140,171,425,-254
119000284,1621,4488,-2867
119000285,3370,3330,40
119000286,9144,7831,1313
119000287,1825,3394,-1569
119000288,3163,2104,1059
119000289,4691,5456,-765
119000290,230,889,-659
119000291,6,577,-571
119000293,90,274,-184
119000294,30,40,-10
119000295,3957,845,3112
119000296,167,171,-4
119000297,0,1,-1
119000299,0,0,0
119000302,5159,2036,3123
119000303,70,297,-227
119000314,1769,9269,-7500
119000315,7,846,-839
119000316,103,164,-61
119000317,68,613,-545
119900001,236,1396,-1160
119900002,220,437,-217
119900003,75,1489,-1414
119900004,374,738,-364
119900005,182,199,-17
119900006,226,438,-212
119900007,884,143,741
119900008,34,33,1
119900009,678,763,-85
119900010,1340,1158,182
119900011,16,64,-48
119900012,22,87,-65
119900013,1876,790,1086
119900014,862,231,631
119900015,68,28,40
119900016,34,154,-120
119900017,30,57,-27
119900018,2303,636,1667
119900019,47,3,44
119900020,128,187,-59
119900021,126,63,63
119900022,169,362,-193
119900023,1450,1127,323
119900025,146,31,115
119900026,1421,144,1277
119900027,19,49,-30
119900028,194,120,74
119900029,1,3,-2
119900030,461,667,-206
119900031,41,286,-245
119900033,2023,243,1780
119900034,242,171,71
119900037,242,49,193
119900038,89,367,-278
119900039,51,5,46
119900040,120,12,108
119900041,83,27,56
119900042,70,252,-182
119900043,84,225,-141
119900044,320,666,-346
119900046,97,87,10
119900047,227,53,174
119900048,117,67,50
119900049,101,15,86
119900050,96,69,27
119900051,743,12,731
119900052,22,48,-26
119900053,112,327,-215
119900054,139,10,129
119900055,1153,483,670
119900057,164,84,80
119900058,192,1,191
119900059,260,61,199
119900060,250,12,238
119900061,214,14,200
119900062,37,27,10
119900063,11,45,-34
119900065,215,4,211
119900067,61,21,40
119900068,326,1,325
119900069,100,14,86
119900070,785,7,778
119900071,516,7,509
119900073,2371,646,1725
119900074,95,23,72
119900075,8219,2994,5225
119900076,490,633,-143
119900077,805,1804,-999
119900078,440,1280,-840
119900079,761,436,325
119900080,387,388,-1
119900081,382,243,139
119900082,1177,391,786
119900083,389,133,256
119900084,998,298,700
119900085,244,116,128
119900086,527,1571,-1044
119900087,1291,308,983
119900088,39,57,-18
119900089,16,788,-772
119900090,208,89,119
119900091,76,1717,-1641
119900092,32,515,-483
119900093,1208,208,1000
119900094,48,238,-190
119900095,217,121,96
119900096,29,121,-92
119900097,829,221,608
119900098,29,87,-58
119900099,23,369,-346
119900100,3855,2891,964
119900101,198,1359,-1161
119900102,40,506,-466
119900103,33,865,-832
119900104,18,325,-307
119900105,909,1361,-452
119900106,39,291,-252
119900107,572,5593,-5021
119900108,2769,933,1836
119900109,32,503,-471
119900110,536,1292,-756
119900111,74,461,-387
119900112,4647,838,3809
119900113,109,500,-391
119900114,248,2734,-2486
119900115,163,1715,-1552
119900116,136,565,-429
119900117,248,1392,-1144
119900118,51,1595,-1544
119900119,245,385,-140
119900120,731,951,-220
119900121,262,2204,-1942
119900122,697,532,165
119900123,247,396,-149
119900124,200,1593,-1393
119900125,46,658,-612
119900126,7896,440,7456
119900127,3290,1438,1852
119900128,404,1220,-816
119900129,245,1291,-1046
119900130,31,502,-471
119900131,26,427,-401
119900132,4,532,-528
119900133,17,52,-35
119900134,3491,383,3108
119900135,1,696,-695
119900136,197,803,-606
119900138,416,1045,-629
119900139,22,99,-77
119900140,6,227,-221
119900141,184,1023,-839
119900142,10,33,-23
119900143,15,262,-247
119900144,3862,415,3447
119900145,170,306,-136
119900146,128,205,-77
119900147,5,220,-215
119900148,199,76,123
119900149,2947,3572,-625
119900150,270,251,19
119900151,3111,1180,1931
119900152,92,711,-619
119900153,121,88,33
119900154,19,955,-936
119900155,38,43,-5
119900156,7,3,4
119900157,210,388,-178
119900158,153,71,82
119900159,18,2531,-2513
119900160,30,238,-208
119900161,210,414,-204
119900162,792,1048,-256
119900163,145,179,-34
119900164,0,0,0
119900165,160,426,-266
119900166,46,43,3
119900167,185,114,71
119900168,671,530,141
119900169,175,536,-361
119900170,211,288,-77
119900171,789,661,128
119900172,156,32,124
119900173,8,768,-760
119900174,40,245,-205
119900175,947,839,108
119900177,39,319,-280
119900178,94,307,-213
119900179,103,287,-184
119900180,1095,893,202
119900181,61,105,-44
119900182,3,700,-697
119900183,156,1306,-1150
119900184,3860,704,3156
119900185,34,164,-130
119900186,139,737,-598
119900187,6,837,-831
119900188,64,437,-373
119900189,447,321,126
119900190,77,202,-125
119900191,379,126,253
119900192,24,313,-289
119900193,276,301,-25
119900194,20,52,-32
119900195,25,256,-231
119900196,1727,481,1246
119900197,236,145,91
119900198,91,562,-471
119900199,163,28,135
119900200,504,794,-290
119900201,392,210,182
119900202,205,194,11
119900203,168,468,-300
119900204,209,351,-142
119900205,551,1075,-524
119900206,152,218,-66
119900208,184,189,-5
119900209,537,1177,-640
119900210,10,50,-40
119900211,124,20,104
119900212,190,482,-292
119900213,6,57,-51
119900214,18,136,-118
119900215,58,121,-63
119900216,17,92,-75
119900217,27,88,-61
119900218,22,110,-88
119900219,12,191,-179
119900220,9,177,-168
119900221,25,578,-553
119900222,23,399,-376
119900223,20,168,-148
119900224,9,53,-44
119900225,1801,67,1734
119900226,1045,1949,-904
119900227,1519,544,975
119900228,28,327,-299
119900229,375,787,-412
119900230,2090,901,1189
119900231,181,315,-134
119900232,219,110,109
119900233,27,9,18
119900234,48,46,2
119900235,88,52,36
119900236,14,291,-277
119900237,31,584,-553
119900238,4,159,-155
119900240,89,210,-121
119900241,210,325,-115
119900242,2097,3188,-1091
119900244,1162,1564,-402
119900245,156,249,-93
119900246,319,418,-99
119900247,20,107,-87
119900248,88,125,-37
119900249,198,104,94
119900253,5679,504,5175
119900254,66,547,-481
119900255,86,665,-579
119900256,401,1418,-1017
119900257,36,3,33
119900258,76,28,48
119900259,13,177,-164
119900260,51,5,46
119900261,190,259,-69
119900262,2,488,-486
119900263,1459,432,1027
119900264,46,322,-276
119900265,363,497,-134
119900266,186,433,-247
119900267,282,585,-303
119900268,150,360,-210
119900269,749,1797,-1048
119900271,19,96,-77
119900272,313,78,235
119900275,92,5,87
119900276,30,2,28
119900277,19,4,15
119900278,304,117,187
119900279,201,371,-170
119900280,1435,247,1188
119900281,5,211,-206
119900282,49,41,8
119900283,7,502,-495
119900284,74,313,-239
119900285,7,35,-28
119900286,1,18,-17
119900288,4,34,-30
119900289,0,44,-44
119900290,0,46,-46
119900291,0,47,-47
119900292,27,25,2
119900293,19,83,-64
119900294,12,97,-85
119900295,32,78,-46
119900296,10,313,-303
119900297,4,14,-10
119900298,7,5,2
119900299,51,274,-223
119900300,152,194,-42
119900301,239,18,221
119900302,102,57,45
119900303,177,221,-44
119900304,108,38,70
119900305,15,127,-112
119900306,10,6,4
119900307,25,150,-125
119900308,13,5,8
119900309,27,151,-124
119900310,431,485,-54
119900311,66,184,-118
119900312,116,82,34
119900313,276,466,-190
119900314,139,365,-226
119900315,1009,3282,-2273
119900318,7,23,-16
119900319,40,509,-469
119900320,128,892,-764
119900321,59,2,57
120000001,12978,17794,-4816
120000002,2952,4771,-1819
120000003,4205,2495,1710
120000004,3483,3228,255
120000005,6309,2768,3541
120000006,1844,1888,-44
120000007,5142,3494,1648
120000008,1317,2020,-703
120000009,6184,1389,4795
120000010,1810,3922,-2112
120000011,1246,2995,-1749
120000012,1731,4345,-2614
120000013,2662,3700,-1038
120000014,768,2420,-1652
120000015,3162,2280,882
120000016,4577,4307,270
120000017,2885,3441,-556
120000018,6891,12999,-6108
120000019,1176,1810,-634
120000020,3938,3933,5
120000021,2556,3200,-644
120000022,3437,5000,-1563
120000023,1042,2468,-1426
120000024,1892,3094,-1202
120000025,2640,3197,-557
120000026,1422,2768,-1346
120000027,1687,2674,-987
120000028,1398,647,751
120000029,5327,796,4531
120000030,146,1587,-1441
120000031,2373,12850,-10477
120000032,14148,4885,9263
120000033,4855,2812,2043
120000034,2143,3375,-1232
120000035,2157,4101,-1944
120000036,3420,6798,-3378
120000037,836,1886,-1050
120000038,13475,4442,9033
120000039,634,1031,-397
120000040,103,175,-72
120000041,1449,2358,-909
120000042,1954,4598,-2644
120000043,5880,3851,2029
120000044,4983,1980,3003
120000045,4908,1374,3534
120000046,2308,2854,-546
120000047,2768,5053,-2285
120000048,11411,5223,6188
120000049,7185,4127,3058
120000050,6816,7265,-449
120000051,4459,7190,-2731
120000052,19108,3831,15277
120000053,1323,5264,-3941
120000054,1474,8774,-7300
120000055,1843,7631,-5788
120000056,3745,5921,-2176
120000057,2599,765,1834
120000058,2531,379,2152
120000059,51,1468,-1417
120000061,200,911,-711
120000062,252,441,-189
120000063,2738,3898,-1160
120000064,250,2015,-1765
120000065,574,2443,-1869
120000066,249,577,-328
120000067,43,704,-661
120000068,242,1401,-1159
120000069,859,2109,-1250
120000070,93,1379,-1286
120000071,382,317,65
120000072,485,773,-288
120000073,668,158,510
120000074,140,99,41
120000075,636,334,302
120000076,1752,540,1212
120000077,1476,788,688
120000078,4511,1301,3210
120000079,365,862,-497
120000080,214,437,-223
120000081,314,334,-20
120000082,249,368,-119
120000083,258,772,-514
120000084,653,657,-4
120000085,424,522,-98
120000086,482,909,-427
120000087,250,1503,-1253
120000088,782,1812,-1030
120000089,1054,883,171
120000090,652,706,-54
120000091,858,1493,-635
120000092,1270,912,358
120000093,366,695,-329
120000094,171,752,-581
120000095,1069,865,204
120000096,245,1463,-1218
120000098,927,1519,-592
120000099,400,977,-577
120000100,736,1304,-568
120000101,479,674,-195
120000102,527,959,-432
120000103,1424,767,657
120000104,1668,518,1150
120000105,3033,701,2332
120000106,1995,643,1352
120000107,3173,808,2365
120000108,928,147,781
120000109,1116,84,1032
120000110,98,1461,-1363
120000111,152,1920,-1768
120000112,976,5641,-4665
120000113,735,4144,-3409
120000114,1138,4730,-3592
120000115,433,3856,-3423
120000116,809,3051,-2242
120000117,2111,2074,37
120000118,105,36,69
120000119,67,105,-38
120000120,64,56,8
120000121,50,113,-63
120000122,475,478,-3
120000123,8454,6269,2185
120000124,394,765,-371
120000125,538,1284,-746
120000126,647,1186,-539
120000127,3575,1219,2356
120000128,8176,3451,4725
120000129,429,432,-3
120000130,943,978,-35
120000131,356,688,-332
120000134,436,1931,-1495
120000135,416,508,-92
120000137,258,2955,-2697
120000138,653,701,-48
120000139,280,1606,-1326
120000140,634,963,-329
120000141,177,624,-447
120000142,361,768,-407
120000143,0,118,-118
120000144,106,4,102
120000145,281,2,279
120000146,4160,1600,2560
120000149,671,1342,-671
120000150,6433,10569,-4136
120000151,551,820,-269
120000152,396,377,19
120000153,179,1508,-1329
120000154,617,654,-37
120000155,124,430,-306
120000156,2663,1132,1531
120000157,1113,746,367
120000158,846,1725,-879
120000159,2092,3408,-1316
120000160,2471,1970,501
120000161,2245,4442,-2197
120000162,262,408,-146
120000163,622,2066,-1444
120000164,461,643,-182
120000165,456,1495,-1039
120000166,1248,921,327
120000167,39,58,-19
120000168,13,147,-134
120000169,46,496,-450
120000170,67,211,-144
120000171,22,70,-48
120000172,45,56,-11
120000173,5303,313,4990
120000174,823,15,808
120000175,1743,20,1723
120000176,942,36,906
120000177,2435,173,2262
120000178,213,10,203
120000179,775,34,741
120000180,620,78,542
120000181,141,238,-97
120000182,138,147,-9
120000183,24,163,-139
120000184,189,946,-757
120000186,166,108,58
120000187,176,55,121
120000188,1028,92,936
120000190,2050,24,2026
120000191,2454,30,2424
120000192,1535,22,1513
120000193,554,83,471
120000195,99,1,98
120000196,262,74,188
120000197,124,223,-99
120000198,134,174,-40
120000199,78,2,76
120000200,105,2,103
120000201,14,15,-1
120000202,4,72,-68
120000203,23,373,-350
120000207,1,90,-89
120000208,9,338,-329
120000209,6,119,-113
120000210,152,89,63
120000211,61,1,60
120000212,104,0,104
120000213,69,413,-344
120000214,1,427,-426
120000215,2,172,-170
120000216,59,12,47
120000217,956,1693,-737
120000218,293,1259,-966
120000219,9,782,-773
120000220,8,3014,-3006
120000225,1044,4,1040
120000226,272,4,268
120000227,657,40,617
120000228,7513,3109,4404
120000230,296,14,282
120000231,1151,3458,-2307
120000233,296,63,233
120000235,147,1145,-998
120000236,727,1,726
120000237,7,3010,-3003
120000238,7,174,-167
120000241,1223,5555,-4332
120000412,2596,26,2570
120000413,378,625,-247
120000414,91,2,89
120000415,1,359,-358
120000416,94,12,82
120000417,4,135,-131
120000418,161,32,129
120000419,16,675,-659
120000420,84,35,49
120000421,18019,7844,10175
120000422,231,898,-667
120000423,3,63,-60
120000424,83,236,-153
120000436,169,665,-496
120000437,201,246,-45
120000438,6984,811,6173
120000439,163,436,-273
120000443,186,0,186
120000444,1400,1167,233
120000445,2085,2010,75
120000446,1617,472,1145
120000447,139,8,131
120000449,79,38,41
120000450,7,516,-509
120000451,105,383,-278
120000452,122,9,113
120000453,0,647,-647
120000454,185,38,147
120000455,80,91,-11
120000456,3923,4789,-866
120000457,1671,1196,475
120000458,767,936,-169
120000459,62,147,-85
120000665,2744,270,2474
120000668,159,272,-113
120000669,64,612,-548
120000670,360,552,-192
120000671,1438,584,854
120000672,187,618,-431
120900001,85,70,15
120900002,1089,409,680
120900003,346,49,297
120900004,12,120,-108
120900005,6,2104,-2098
120900006,267,267,0
120900007,139,213,-74
120900008,180,1586,-1406
120900009,991,84,907
120900010,323,106,217
120900011,537,189,348
120900012,1436,1126,310
120900013,288,74,214
120900014,68,1134,-1066
120900015,413,107,306
120900016,775,47,728
120900017,5151,138,5013
120900018,89,676,-587
120900019,670,225,445
120900020,1164,1244,-80
120900021,638,175,463
120900022,36,559,-523
120900023,185,51,134
120900024,1917,471,1446
120900025,2447,1515,932
120900026,199,245,-46
120900027,1228,66,1162
120900028,305,83,222
120900029,206,345,-139
120900030,1228,788,440
120900031,164,105,59
120900032,787,192,595
120900033,910,49,861
120900034,54,2992,-2938
120900035,89,167,-78
120900037,220,4,216
120900038,56,249,-193
120900039,69,55,14
120900040,218,6,212
120900041,193,45,148
120900042,367,94,273
120900043,59,26,33
120900044,5,641,-636
120900045,138,181,-43
120900046,317,4,313
120900047,133,48,85
120900048,76,12,64
120900049,305,3,302
120900050,5105,1463,3642
120900051,274,161,113
120900052,504,8,496
120900053,214,128,86
120900054,1733,1159,574
120900055,304,1,303
120900056,401,12,389
120900057,104,14,90
120900058,408,1,407
120900059,52,3,49
120900060,97,47,50
120900061,241,693,-452
120900062,152,1,151
120900063,490,5,485
120900064,399,0,399
120900065,314,2,312
120900066,239,371,-132
120900067,221,40,181
120900068,208,1,207
120900069,124,91,33
120900071,26,5,21
120900072,520,2,518
120900073,366,277,89
120900074,358,1,357
120900076,232,0,232
120900077,5518,393,5125
120900078,615,1202,-587
120900079,574,143,431
120900080,501,3042,-2541
120900081,746,1415,-669
120900082,806,400,406
120900083,109,5,104
120900084,295,409,-114
120900085,151,195,-44
120900086,183,329,-146
120900087,459,211,248
120900088,207,416,-209
120900089,6342,2244,4098
120900090,148,304,-156
120900091,751,652,99
120900092,1479,993,486
120900093,5592,374,5218
120900094,605,268,337
120900095,389,46,343
120900096,72,264,-192
120900097,810,1298,-488
120900098,325,241,84
120900099,81,68,13
120900100,59,536,-477
120900101,841,472,369
120900102,24,330,-306
120900103,57,232,-175
120900104,26,58,-32
120900105,43,1051,-1008
120900106,1786,854,932
120900107,351,153,198
120900108,5,1390,-1385
120900109,59,986,-927
120900110,7,1679,-1672
120900111,172,560,-388
120900112,6,1976,-1970
120900113,32,1423,-1391
120900114,55,278,-223
120900115,190,323,-133
120900116,284,828,-544
120900117,3,913,-910
120900118,17,1259,-1242
120900119,3468,8089,-4621
120900120,92,1005,-913
120900121,88,604,-516
120900122,348,941,-593
120900123,4,690,-686
120900124,4,1098,-1094
120900125,7,1788,-1781
120900126,1666,1217,449
120900127,9,736,-727
120900128,1322,1648,-326
120900129,63,453,-390
120900130,4,525,-521
120900131,37,81,-44
120900132,636,499,137
120900133,211,1631,-1420
120900134,874,574,300
120900135,15,885,-870
120900136,29,53,-24
120900137,258,125,133
120900138,31,309,-278
120900139,9,1026,-1017
120900140,6,87,-81
120900141,185,168,17
120900142,26,1220,-1194
120900143,2,1217,-1215
120900144,0,249,-249
120900145,71,1095,-1024
120900146,7,1311,-1304
120900147,1,548,-547
120900148,125,264,-139
120900149,2,543,-541
120900150,39,864,-825
120900151,3,1020,-1017
120900152,0,60,-60
120900153,14,69,-55
120900154,2,442,-440
120900155,148,1501,-1353
120900156,89,482,-393
120900157,49,224,-175
120900158,59,821,-762
120900159,143,451,-308
120900160,27,675,-648
120900161,41,732,-691
120900162,26,783,-757
120900163,22,347,-325
120900164,0,4,-4
120900165,7,19,-12
120900166,383,234,149
120900167,653,128,525
120900169,81,816,-735
120900170,3824,2356,1468
120900171,1383,526,857
120900172,2071,251,1820
120900173,0,106,-106
120900174,21,174,-153
120900175,285,375,-90
120900176,15,399,-384
120900177,1,987,-986
120900178,0,331,-331
120900179,1151,608,543
120900180,121,102,19
120900181,116,114,2
120900182,16,1374,-1358
120900183,414,345,69
120900184,148,72,76
120900185,2,485,-483
120900186,2,795,-793
120900187,454,1170,-716
120900188,161,18,143
120900189,217,901,-684
120900190,39,4,35
120900191,5,28,-23
120900192,18778,5174,13604
120900194,33,110,-77
120900195,126,281,-155
120900196,1343,59,1284
120900197,539,106,433
120900198,298,746,-448
120900199,321,375,-54
120900200,99,150,-51
120900201,772,134,638
120900202,3,292,-289
120900203,32,97,-65
120900204,239,422,-183
120900205,90,133,-43
120900206,13,39,-26
120900207,72,2056,-1984
121000001,2023,1564,459
121000002,6395,3959,2436
121000003,5809,2867,2942
121000004,4342,14021,-9679
121000005,3670,4235,-565
121000006,5209,2655,2554
121000007,5361,3584,1777
121000008,13664,5431,8233
121000009,10322,8998,1324
121000010,16287,10916,5371
121000011,11516,18726,-7210
121000012,20785,16122,4663
121000013,7355,11384,-4029
121000014,9507,11969,-2462
121000015,9761,10393,-632
121000016,7079,8467,-1388
121000017,2835,5091,-2256
121000018,2713,2591,122
121000019,24742,14088,10654
121000020,15537,15930,-393
121000021,4082,4215,-133
121000022,2573,2954,-381
121000023,4792,4500,292
121000024,4309,5661,-1352
121000025,1040,2112,-1072
121000026,527,247,280
121000027,2049,1327,722
121000028,1069,541,528
121000029,1470,915,555
121000030,834,480,354
121000031,1066,895,171
121000032,282,100,182
121000034,1874,215,1659
121000035,773,147,626
121000036,2510,1293,1217
121000037,1421,810,611
121000038,1238,945,293
121000039,1065,542,523
121000041,645,544,101
121000042,370,436,-66
121000043,1256,914,342
121000044,3352,1054,2298
121000045,545,350,195
121000046,586,1046,-460
121000047,139,107,32
121000049,2980,813,2167
121000050,413,1574,-1161
121000051,1370,352,1018
121000052,583,883,-300
121000053,805,159,646
121000054,70,500,-430
121000055,2283,1513,770
121000056,1116,1495,-379
121000057,337,627,-290
121000058,428,141,287
121000059,3239,1890,1349
121000060,641,1246,-605
121000061,743,202,541
121000062,219,383,-164
121000063,1138,883,255
121000064,1185,1094,91
121000065,990,470,520
121000066,1193,613,580
121000067,1722,386,1336
121000068,922,419,503
121000069,966,536,430
121000070,3421,1458,1963
121000071,1821,1855,-34
121000072,2276,987,1289
121000073,3647,1031,2616
121000074,203,201,2
121000075,95,128,-33
121000076,1843,484,1359
121000077,249,215,34
121000078,140,136,4
121000080,3276,875,2401
121000081,3457,5832,-2375
121000082,241,347,-106
121000083,458,188,270
121000084,270,127,143
121000085,337,677,-340
121000086,180,1029,-849
121000087,89,346,-257
121000088,474,788,-314
121000089,536,413,123
121000090,795,411,384
121000091,2256,1077,1179
121000092,176,104,72
121000093,136,253,-117
121000094,498,827,-329
121000095,427,566,-139
121000096,2611,3035,-424
121000097,1394,2356,-962
121000098,645,1605,-960
121000099,720,1165,-445
121000100,1065,709,356
121000101,402,315,87
121000102,212,393,-181
121000103,175,342,-167
121000104,281,236,45
121000105,423,251,172
121000106,276,473,-197
121000107,3883,4905,-1022
121000109,2096,1307,789
121000110,354,1206,-852
121000114,4198,2716,1482
121000115,1357,1043,314
121000116,465,1256,-791
121000117,1076,389,687
121000118,1806,399,1407
121000119,388,453,-65
121000120,321,556,-235
121000121,627,1243,-616
121000123,1845,646,1199
121000127,379,185,194
121000128,1051,590,461
121000129,802,591,211
121000130,612,1326,-714
121000131,2673,2087,586
121000132,1700,1742,-42
121000135,356,323,33
121000136,1598,560,1038
121000137,463,291,172
121000138,1379,1046,333
121000139,782,119,663
121000141,584,169,415
121000142,1278,834,444
121000143,127,24,103
121000144,1116,2120,-1004
121000145,919,1637,-718
121000146,2198,1154,1044
121000147,1391,809,582
121000148,1333,1326,7
121000149,3999,1777,2222
121000152,763,1203,-440
121000153,2584,1263,1321
121000154,1155,1967,-812
121000155,2011,1873,138
121000156,495,1820,-1325
121000157,1566,3737,-2171
121000158,512,1236,-724
121000159,222,922,-700
121000160,342,849,-507
121000161,295,474,-179
121000162,76,275,-199
121000165,2332,2051,281
121000166,32,1177,-1145
121000168,887,530,357
121000169,111,220,-109
121000170,477,445,32
121000171,51,226,-175
121000172,863,694,169
121000173,1580,1299,281
121000174,348,485,-137
121000175,1282,482,800
121000176,582,326,256
121000177,2182,885,1297
121000178,162,41,121
121000179,155,44,111
121000181,393,706,-313
121000182,108,204,-96
121000183,49,74,-25
121000184,156,61,95
121000185,74,166,-92
121000186,229,358,-129
121000187,215,282,-67
121000188,253,264,-11
121000192,1112,546,566
121000193,953,731,222
121000194,3763,3002,761
121000195,860,1248,-388
121000196,2173,337,1836
121000197,694,1038,-344
121000198,857,151,706
121000199,395,525,-130
121000200,1319,106,1213
121000201,26,288,-262
121000202,3349,132,3217
121000203,985,2587,-1602
121000204,3210,831,2379
121000205,495,396,99
121000206,299,39,260
121000207,2297,582,1715
121000208,33,493,-460
121000209,399,563,-164
121000210,368,844,-476
121000211,360,237,123
121000212,366,1230,-864
121000213,11947,4215,7732
121000214,985,5069,-4084
121000215,1967,1216,751
121000216,1133,1290,-157
121000217,9562,5418,4144
121000218,1207,2759,-1552
121000219,4244,698,3546
121000220,508,60,448
121000221,216,536,-320
121000222,4305,3351,954
121000223,1600,411,1189
121000224,862,160,702
121000225,4743,1618,3125
121000226,13221,1632,11589
121000227,10,486,-476
121000228,55,932,-877
121000229,438,601,-163
121000230,77,2203,-2126
121000231,1057,39,1018
121000232,492,488,4
121000233,970,361,609
121000234,35,54,-19
121000235,86,58,28
121000236,21,90,-69
121000237,42,18,24
121000238,6,115,-109
121000239,61,4,57
121000240,5,461,-456
121000241,102,14,88
121000242,84,288,-204
121000243,543,136,407
121000244,17,78,-61
121000245,118,18,100
121000246,3,114,-111
121000247,99,7,92
121000248,1391,1038,353
121000249,256,362,-106
121000250,1083,212,871
121000251,28,791,-763
121000252,172,118,54
121000253,889,709,180
121000254,1492,452,1040
121000255,477,175,302
121000256,948,218,730
121000257,178,109,69
121000258,421,62,359
121000259,142,54,88
121000260,444,203,241
121000261,486,69,417
121000262,1180,1517,-337
121000263,327,526,-199
121000271,380,2373,-1993
121000273,417,19,398
121000274,63,79,-16
121000275,13,41,-28
121000276,5,33,-28
121000278,208,89,119
121000279,103,20,83
121000280,222,72,150
121000289,318,22,296
121000290,1972,870,1102
121000294,121,167,-46
121000297,1644,1937,-293
121000299,815,375,440
121000300,909,763,146
121000302,144,1577,-1433
121000303,787,633,154
121000304,612,94,518
121000305,218,59,159
121000306,197,179,18
121000308,247,777,-530
121000309,649,847,-198
121000310,240,450,-210
121000311,85,1282,-1197
121000312,451,396,55
121000313,558,857,-299
121000314,237,236,1
121000315,117,190,-73
121000530,1704,2016,-312
121000531,1558,2051,-493
121000532,7679,7214,465
121000533,3213,3970,-757
121000918,123,221,-98
121000919,81,94,-13
121000938,426,664,-238
121000939,644,639,5
121000956,986,2126,-1140
121000957,15,16,-1
121000958,668,57,611
121000959,882,1067,-185
121000960,3017,2284,733
121000961,259,199,60
121000962,485,1889,-1404
121000973,1,161,-160
121000976,24,212,-188
121000979,415,128,287
121000981,467,270,197
121000982,357,355,2
121000983,752,616,136
121000984,137,89,48
121000985,597,1126,-529
121000986,462,606,-144
121000987,356,1969,-1613
121000988,1210,220,990
121001302,470,254,216
121001308,41,14,27
121001309,186,60,126
121001311,0,0,0
121001313,329,377,-48
121001314,4178,5100,-922
121001315,5818,3674,2144
121001326,403,494,-91
121900001,101,218,-117
121900002,256,34,222
121900003,533,35,498
121900004,398,442,-44
121900005,21,5,16
121900006,122,28,94
121900007,2638,3211,-573
121900008,912,172,740
121900009,562,14,548
121900010,266,4,262
121900011,287,436,-149
121900012,40,0,40
121900013,2018,66,1952
121900014,1700,514,1186
121900015,227,204,23
121900016,4,48,-44
121900017,528,650,-122
121900018,368,3,365
121900019,449,306,143
121900020,94,0,94
121900021,1297,28,1269
121900022,255,257,-2
121900023,96,360,-264
121900024,457,92,365
121900025,686,478,208
121900026,478,36,442
121900027,438,125,313
121900028,333,20,313
121900029,144,187,-43
121900030,862,1186,-324
121900031,1976,11213,-9237
121900032,100,97,3
121900033,229,234,-5
121900034,1116,117,999
121900035,2780,3015,-235
121900036,159,387,-228
121900037,151,655,-504
121900038,32,214,-182
121900039,579,62,517
121900040,54,63,-9
121900041,61,181,-120
121900042,359,148,211
121900043,10,10,0
121900044,256,94,162
121900046,268,203,65
121900047,213,54,159
121900048,49,171,-122
121900050,25,29,-4
121900051,176,205,-29
121900052,131,35,96
121900053,435,692,-257
121900054,1017,991,26
121900055,2,19,-17
121900058,566,237,329
121900059,460,173,287
121900060,104,366,-262
121900061,212,128,84
121900062,142,145,-3
121900063,2139,318,1821
121900064,306,914,-608
121900066,54,26,28
121900067,37,35,2
121900069,240,158,82
121900070,457,136,321
121900071,258,271,-13
121900072,32,204,-172
121900073,290,264,26
121900074,747,1385,-638
121900075,1512,411,1101
121900076,1210,660,550
121900077,14,51,-37
121900078,70,26,44
121900079,4,0,4
121900080,959,394,565
121900082,42,149,-107
121900084,9,263,-254
121900085,1,14,-13
121900086,26,36,-10
121900087,213,117,96
121900088,2066,3700,-1634
121900089,210,411,-201
121900090,27,148,-121
121900091,38,142,-104
121900092,69,62,7
121900093,87,119,-32
121900094,20,14,6
121900095,243,142,101
121900096,1961,722,1239
121900097,769,167,602
121900098,10,7,3
121900099,245,44,201
121900100,252,389,-137
121900101,218,142,76
121900102,9,123,-114
121900103,788,217,571
121900104,1748,542,1206
121900105,293,199,94
121900106,6,11,-5
121900107,30,18,12
121900108,0,30,-30
121900109,569,215,354
121900110,434,1486,-1052
121900111,1015,121,894
121900112,135,150,-15
121900113,148,849,-701
121900114,21,81,-60
121900117,239,40,199
121900118,3289,803,2486
121900119,143,131,12
121900120,39,2378,-2339
121900121,843,75,768
121900122,39,80,-41
121900123,206,686,-480
121900124,84,212,-128
121900125,987,1501,-514
121900127,13,80,-67
121900128,90,115,-25
121900129,887,210,677
121900130,259,196,63
121900131,380,107,273
121900132,71,103,-32
121900133,124,359,-235
121900134,45,147,-102
121900135,2654,264,2390
121900136,378,609,-231
121900137,41,471,-430
121900138,189,267,-78
121900139,563,560,3
121900140,118,207,-89
121900141,72,33,39
121900142,121,163,-42
121900143,4,224,-220
121900144,162,313,-151
121900145,158,197,-39
121900146,1006,863,143
121900147,90,229,-139
121900148,213,326,-113
121900149,657,906,-249
121900150,81,217,-136
121900151,68,279,-211
121900152,128,156,-28
121900153,92,653,-561
121900154,15,244,-229
121900155,0,85,-85
121900156,181,106,75
121900157,6,597,-591
121900158,82,73,9
121900159,2,337,-335
121900160,56,286,-230
121900161,533,469,64
121900162,153,163,-10
121900163,280,732,-452
121900164,496,214,282
121900165,257,192,65
121900166,219,160,59
121900167,191,120,71
121900168,235,181,54
121900169,4,313,-309
121900170,6,431,-425
121900171,604,691,-87
121900172,552,305,247
121900173,1360,289,1071
121900174,21,76,-55
121900175,581,154,427
121900176,794,2195,-1401
121900177,188,83,105
121900178,68,90,-22
121900179,556,143,413
121900180,6420,4370,2050
121900182,1772,286,1486
121900183,485,937,-452
121900184,68,686,-618
121900186,7,327,-320
121900187,29,165,-136
121900188,595,729,-134
121900189,47,94,-47
121900190,393,613,-220
121900191,71,363,-292
121900192,551,852,-301
121900193,73,217,-144
121900194,3,145,-142
121900195,121,91,30
121900196,1415,1686,-271
121900197,434,2471,-2037
121900198,1151,2020,-869
121900199,4,23,-19
121900200,291,274,17
121900201,1396,682,714
121900202,245,740,-495
121900203,192,1395,-1203
121900204,1136,2220,-1084
121900205,19,109,-90
121900206,5,10,-5
121900207,273,57,216
121900208,308,327,-19
121900209,63,22,41
121900210,2319,1656,663
121900211,450,1414,-964
121900212,154,116,38
121900213,123,143,-20
121900214,11,849,-838
121900215,51,76,-25
121900216,236,133,103
121900217,241,77,164
121900218,262,687,-425
121900220,169,20,149
121900221,368,800,-432
121900222,180,154,26
121900223,258,37,221
121900224,99,54,45
121900225,563,104,459
121900226,275,487,-212
121900227,199,554,-355
121900228,302,498,-196
121900230,198,159,39
121900231,469,653,-184
121900232,472,524,-52
121900233,285,252,33
121900234,526,419,107
121900235,503,299,204
121900236,398,208,190
121900237,341,276,65
121900238,170,326,-156
121900239,157,39,118
121900240,172,130,42
121900241,41,86,-45
121900242,11,25,-14
121900243,2,0,2
121900244,1,0,1
121900245,225,98,127
121900246,3101,561,2540
121900248,1653,1373,280
121900250,254,327,-73
121900251,333,57,276
121900252,590,194,396
121900253,214,1316,-1102
121900254,684,264,420
121900255,265,119,146
121900258,3460,2649,811
121900259,393,852,-459
121900260,204,288,-84
121900261,235,992,-757
121900262,549,2034,-1485
121900263,153,568,-415
121900264,2854,2507,347
121900265,353,431,-78
121900266,231,198,33
121900267,97,25,72
121900269,241,634,-393
121900270,28,235,-207
121900271,43,167,-124
121900273,1049,2936,-1887
121900274,378,235,143
121900277,492,1391,-899
121900278,312,902,-590
121900279,137,255,-118
121900280,430,345,85
121900281,637,174,463
121900284,57,13,44
121900286,128,123,5
121900287,28,28,0
121900288,4,2,2
121900290,283,336,-53
121900291,609,878,-269
121900292,593,223,370
121900293,1204,4099,-2895
121900294,255,4,251
121900295,156,400,-244
121900296,206,66,140
121900298,753,742,11
121900299,0,0,0
121900300,27,3,24
121900301,71,1,70
121900302,0,32,-32
121900303,926,418,508
121900304,16,8,8
121900305,0,3,-3
121900306,116,3,113
121900307,14,9,5
121900308,14,308,-294
121900309,25,302,-277
121900310,23,507,-484
121900311,351,18,333
121900312,253,10,243
121900313,524,16,508
121900314,3,70,-67
121900315,13,0,13
121900316,1,15,-14
121900317,8,0,8
121900318,1,10,-9
121900319,15,172,-157
121900320,91,207,-116
121900321,6,0,6
121900322,2,28,-26
121900323,18,23,-5
121900324,15,114,-99
121900325,6,0,6
121900326,4,21,-17
121900327,7,30,-23
121900328,0,9,-9
121900329,1,74,-73
121900330,0,34,-34
121900331,7,4,3
121900332,106,54,52
121900333,51,5,46
121900334,368,106,262
122000001,3374,5532,-2158
122000002,6511,2110,4401
122000003,2604,2582,22
122000004,3693,2025,1668
122000005,3852,1744,2108
122000006,3481,929,2552
122000007,2161,2408,-247
122000008,7567,7634,-67
122000009,695,488,207
122000010,2676,5065,-2389
122000011,3979,1657,2322
122000012,2057,1550,507
122000013,4994,2093,2901
122000014,2376,3902,-1526
122000015,2262,1230,1032
122000016,880,982,-102
122000017,1444,1479,-35
122000018,1820,1285,535
122000019,1209,1910,-701
122000020,206,260,-54
122000021,813,486,327
122000022,2253,2114,139
122000023,965,4679,-3714
122000024,1539,1275,264
122000025,3793,1684,2109
122000026,1910,1001,909
122000027,774,7866,-7092
122000028,950,493,457
122000029,800,445,355
122000030,425,243,182
122000031,322,424,-102
122000032,3175,5513,-2338
122000033,1952,1179,773
122000034,1744,812,932
122000035,433,1455,-1022
122000036,964,597,367
122000037,399,360,39
122000038,398,359,39
122000039,771,807,-36
122000040,380,1494,-1114
122000041,867,642,225
122000042,642,530,112
122000043,179,253,-74
122000044,203,277,-74
122000045,2484,604,1880
122000046,1497,1638,-141
122000047,504,284,220
122000048,4615,7001,-2386
122000049,7600,3049,4551
122000050,3065,827,2238
122000051,783,427,356
122000052,970,418,552
122000053,334,740,-406
122000054,3739,2442,1297
122000055,4915,3577,1338
122000056,6892,6194,698
122000057,4542,4448,94
122000058,5767,1394,4373
122000059,4520,2103,2417
122000060,1162,830,332
122000061,760,603,157
122000062,2310,368,1942
122000063,2127,919,1208
122000064,7089,2796,4293
122000065,10097,3273,6824
122000066,2600,1179,1421
122000067,5340,1717,3623
122000068,2020,2919,-899
122000069,879,820,59
122000070,1038,8792,-7754
122000071,1513,3118,-1605
122000072,638,518,120
122000073,721,648,73
122000074,4113,2018,2095
122000075,819,3078,-2259
122000076,2457,1496,961
122000077,2097,849,1248
122000078,3376,2863,513
122000079,2732,1221,1511
122000080,1947,474,1473
122000081,412,516,-104
122000082,1233,828,405
122000083,1843,5302,-3459
122000084,1645,1176,469
122000085,356,4348,-3992
122000086,3114,9615,-6501
122000087,600,226,374
122000088,368,354,14
122000089,11686,5916,5770
122000090,394,589,-195
122000091,936,63,873
122000092,538,26,512
122000093,4303,1232,3071
122000094,11920,2188,9732
122000095,4420,3938,482
122000096,3412,3003,409
122000098,4039,1899,2140
122000099,6213,837,5376
122000100,1724,1074,650
122000101,409,2107,-1698
122000102,2133,1220,913
122000103,3002,1586,1416
122000104,519,212,307
122000105,594,396,198
122000106,598,668,-70
122000107,1295,691,604
122000108,473,837,-364
122000109,413,568,-155
122000110,418,517,-99
122000111,3609,1372,2237
122000112,1122,1923,-801
122000113,993,854,139
122000114,7796,2146,5650
122000115,2080,3559,-1479
122000116,536,638,-102
122000117,1534,418,1116
122000118,550,805,-255
122000119,3623,2651,972
122000120,2463,4732,-2269
122000121,3272,3536,-264
122000122,959,1834,-875
122000123,2492,2507,-15
122000124,1301,673,628
122000125,738,829,-91
122000126,735,1198,-463
122000127,1773,1384,389
122000128,912,999,-87
122000129,609,1925,-1316
122000130,3824,1412,2412
122000131,1650,1582,68
122000132,864,591,273
122000133,1487,2517,-1030
122000134,879,902,-23
122000135,862,938,-76
122000136,807,635,172
122000137,1971,1099,872
122000139,3498,5352,-1854
122000140,2904,714,2190
122000141,6753,1446,5307
122000142,1055,948,107
122000143,536,557,-21
122000144,2382,1705,677
122000145,3800,890,2910
122000146,1096,1202,-106
122000147,1859,586,1273
122000148,3849,1488,2361
122000149,2158,1798,360
122000150,1723,1176,547
122000151,315,456,-141
122000152,570,479,91
122000153,572,418,154
122000154,349,258,91
122000155,1771,3228,-1457
122000156,1673,2294,-621
122000157,2525,1345,1180
122000158,745,817,-72
122000159,1562,2370,-808
122000160,3954,2903,1051
122000161,1143,1378,-235
122000162,2342,2051,291
122000163,293,71,222
122000164,35,78,-43
122000165,961,847,114
122000166,1877,1864,13
122000167,234,217,17
122000168,241,725,-484
122000169,987,246,741
122000170,324,356,-32
122000171,54,83,-29
122000172,1638,2152,-514
122000173,1674,2819,-1145
122000174,3974,1170,2804
122000175,1861,470,1391
122000176,457,763,-306
122000177,1981,1714,267
122000178,4219,6200,-1981
122000179,2297,3494,-1197
122000180,2126,1686,440
122000181,2885,4212,-1327
122000182,2855,2214,641
122000183,2266,2076,190
122000184,2544,2399,145
122000185,1248,1463,-215
122000186,905,798,107
122000187,4061,1403,2658
122000188,605,293,312
122000189,335,556,-221
122000190,2224,1416,808
122000191,1964,1088,876
122000192,1600,406,1194
122000193,558,608,-50
122000194,1755,299,1456
122000195,522,468,54
122000196,1091,678,413
122000197,574,616,-42
122000198,943,867,76
122000199,801,518,283
122000200,2490,1171,1319
122000201,1334,1491,-157
122000202,1502,1163,339
122000203,3339,1749,1590
122000204,1866,2665,-799
122000205,1800,2517,-717
122000206,3301,946,2355
122000207,2127,1547,580
122000208,5304,1894,3410
122000209,5192,568,4624
122000210,4139,2260,1879
122000211,3610,1268,2342
122000212,1420,687,733
122000213,1803,1801,2
122000214,3161,2950,211
122000215,2644,1965,679
122000217,3762,1661,2101
122000218,1490,226,1264
122000219,2088,1347,741
122000220,431,800,-369
122000221,159,664,-505
122000222,820,189,631
122000223,1839,550,1289
122000225,1358,330,1028
122000226,1970,2807,-837
122000227,518,5635,-5117
122000228,515,426,89
122000229,30,616,-586
122000230,83,883,-800
122000231,346,1003,-657
122000232,822,1422,-600
122000233,0,140,-140
122000234,432,323,109
122000235,882,290,592
122000236,1041,238,803
122000237,100,93,7
122000238,280,426,-146
122000239,585,176,409
122000240,1412,556,856
122000241,1506,562,944
122000242,753,112,641
122000243,357,112,245
122000244,64,692,-628
122000245,147,399,-252
122000246,314,322,-8
122000247,764,1059,-295
122000248,1858,2865,-1007
122000249,963,1171,-208
122000250,2431,1643,788
122000251,281,579,-298
122000252,581,142,439
122000253,34,363,-329
122000254,284,128,156
122000255,882,2218,-1336
122000256,492,2329,-1837
122000257,177,559,-382
122000258,229,362,-133
122000259,22,844,-822
122000260,4,103,-99
122000261,10,321,-311
122000262,2,117,-115
122000263,294,165,129
122000264,2238,594,1644
122000265,5396,1076,4320
122000266,11357,808,10549
122000267,84,133,-49
122000268,286,518,-232
122000269,1860,403,1457
122000270,3377,194,3183
122000271,933,1358,-425
122000272,488,1424,-936
122000273,534,604,-70
122000274,296,222,74
122000275,79,315,-236
122000276,784,741,43
122000277,1351,1833,-482
122000278,1494,1228,266
122000279,233,594,-361
122000280,1183,866,317
122000281,1089,997,92
122000282,214,230,-16
122000283,335,84,251
122000284,230,108,122
122000285,536,140,396
122000286,118,259,-141
122000287,1146,1779,-633
122000288,528,385,143
122000291,1664,722,942
122000293,540,324,216
122000294,166,359,-193
122000295,2206,296,1910
122000296,81,892,-811
122000297,3873,3684,189
122000299,393,567,-174
122000300,698,853,-155
122000301,19276,3822,15454
122000302,1263,1491,-228
122000303,6327,1736,4591
122000304,119,304,-185
122000305,1110,373,737
122000306,47,1151,-1104
122000307,193,215,-22
122000309,198,85,113
122000310,90,103,-13
122000311,369,256,113
122000312,277,109,168
122000313,90,57,33
122000314,230,347,-117
122000315,297,19,278
122000316,828,296,532
122000317,1222,373,849
122000318,298,948,-650
122000319,355,869,-514
122000320,516,3365,-2849
122000321,257,389,-132
122000322,2994,5326,-2332
122000323,2134,3257,-1123
122000324,1940,2194,-254
122000325,1211,1936,-725
122000326,67,208,-141
122000327,659,997,-338
122000328,2184,901,1283
122000330,2840,856,1984
122000332,309,429,-120
122000333,20,220,-200
122000337,954,2258,-1304
122000338,412,457,-45
122000340,836,416,420
122000342,3865,1353,2512
122000343,565,2029,-1464
122000344,63,37,26
122000345,28,55,-27
122000346,315,795,-480
122000348,691,923,-232
122000349,109,815,-706
122000351,197,302,-105
122000352,349,169,180
122000353,107,156,-49
122000355,194,216,-22
122000356,4064,1033,3031
122000357,56,21,35
122000358,0,61,-61
122000359,0,37,-37
122000360,1,48,-47
122000362,12,139,-127
122000364,113,488,-375
122000365,8,44,-36
122000366,5,11,-6
122000368,736,775,-39
122000370,11,84,-73
122000371,10,0,10
122000372,10,2,8
122000381,46,485,-439
122000382,82,270,-188
122000384,7757,3214,4543
122000385,32,0,32
122000386,2327,1761,566
122000387,2053,581,1472
122000388,5959,821,5138
122000389,467,717,-250
122000390,1109,337,772
122000391,662,150,512
122000392,248,199,49
122000393,64,246,-182
122000394,632,405,227
122000395,201,198,3
122000396,543,154,389
122000397,80,151,-71
122000398,75,122,-47
122000399,219,68,151
122000400,438,449,-11
122000401,180,131,49
122000402,334,201,133
122000403,600,1442,-842
122000404,167,531,-364
122000408,1021,2044,-1023
122000503,16,261,-245
122000524,223,107,116
122000544,125,7039,-6914
122000616,384,2,382
122000640,73,192,-119
122000641,91,518,-427
122000642,1408,1469,-61
122000643,38,263,-225
122000644,226,30,196
122000645,133,408,-275
122000651,3986,895,3091
122000664,341,51,290
122000665,1175,584,591
122000666,812,1521,-709
122000673,50,503,-453
122000674,176,62,114
122000675,2148,2151,-3
122000686,514,1629,-1115
122000687,3502,501,3001
122000688,212,976,-764
122000689,1064,804,260
122000690,1360,802,558
122000691,451,3428,-2977
122000692,1356,491,865
122000693,511,2187,-1676
122000695,319,795,-476
122000696,429,394,35
122000698,327,1315,-988
122000699,244,85,159
122000701,1646,563,1083
122000702,683,2829,-2146
122000703,183,131,52
122000712,0,1,-1
122000717,340,76,264
122000718,1021,2049,-1028
122000719,313,111,202
122000720,383,385,-2
122000724,312,513,-201
122900001,33,5,28
122900002,1841,6221,-4380
122900003,466,49,417
122900004,817,40,777
122900005,82,47,35
122900006,842,343,499
122900007,262,32,230
122900008,755,84,671
122900009,1136,599,537
122900010,260,225,35
122900012,227,329,-102
122900014,192,375,-183
122900015,3057,794,2263
122900016,220,399,-179
122900017,989,1043,-54
122900018,404,10,394
122900019,9,179,-170
122900020,468,458,10
122900021,67,818,-751
122900022,647,1218,-571
122900023,456,391,65
122900024,133,134,-1
122900025,18,172,-154
122900026,188,373,-185
122900027,89,1081,-992
122900028,180,192,-12
122900029,6137,3618,2519
122900030,1878,543,1335
122900031,332,293,39
122900032,115,356,-241
122900033,318,143,175
122900034,4930,10868,-5938
122900035,128,17,111
122900036,91,450,-359
122900037,744,112,632
122900038,285,4243,-3958
122900039,107,625,-518
122900040,603,343,260
122900041,250,235,15
122900042,188,346,-158
122900043,908,245,663
122900044,170,512,-342
122900045,121,98,23
122900046,142,86,56
122900047,849,295,554
122900048,42,473,-431
122900049,2123,151,1972
122900051,128,117,11
122900052,80,180,-100
122900053,23,38,-15
122900055,412,151,261
122900057,546,44,502
122900061,509,201,308
122900062,502,572,-70
122900063,232,393,-161
122900064,1330,636,694
122900065,622,160,462
122900066,613,276,337
122900067,1859,971,888
122900069,271,1595,-1324
122900070,394,63,331
122900071,165,560,-395
122900072,14,835,-821
122900073,26,411,-385
122900074,634,891,-257
122900075,3,121,-118
122900076,6,305,-299
122900077,8,168,-160
122900078,164,165,-1
122900080,61,34,27
122900081,755,179,576
122900082,1099,229,870
122900083,183,163,20
122900084,9,341,-332
122900086,12,25,-13
122900087,230,510,-280
122900088,65,98,-33
122900089,19,137,-118
122900090,13,835,-822
122900091,206,0,206
122900092,0,363,-363
122900093,1,396,-395
122900094,2,312,-310
122900095,167,9,158
122900096,291,260,31
122900097,43,34,9
122900098,83,182,-99
122900099,39,7,32
122900100,415,232,183
122900101,1650,421,1229
122900102,23,10,13
122900103,134,17,117
122900104,70,3,67
122900105,9,5,4
122900106,0,118,-118
122900107,8,365,-357
122900108,5,383,-378
123000001,3583,564,3019
123000002,8934,4606,4328
123000003,5174,5545,-371
123000004,4047,6618,-2571
123000005,3612,4826,-1214
123000006,3923,4199,-276
123000007,4490,4396,94
123000008,3735,5275,-1540
123000009,7665,4477,3188
123000010,4997,4992,5
123000011,10431,1283,9148
123000012,2521,3450,-929
123000013,6024,1275,4749
123000014,2412,5610,-3198
123000015,6872,1227,5645
123000016,8803,4918,3885
123000017,4274,1633,2641
123000018,56,115,-59
123000019,173,335,-162
123000020,122,152,-30
123000021,44,204,-160
123000022,522,2285,-1763
123000023,1918,1736,182
123000024,2403,862,1541
123000025,373,144,229
123000026,34,122,-88
123000027,420,292,128
123000028,1082,229,853
123000029,1238,423,815
123000030,503,641,-138
123000031,112,473,-361
123000032,362,425,-63
123000033,710,99,611
123000034,1306,975,331
123000035,270,474,-204
123000036,272,1083,-811
123000037,260,340,-80
123000038,197,349,-152
123000039,703,1505,-802
123000040,1592,389,1203
123000041,2339,897,1442
123000042,2140,605,1535
123000043,5403,9158,-3755
123000044,7557,2774,4783
123000045,13323,3131,10192
123000046,1556,1693,-137
123000047,3496,1922,1574
123000048,96,631,-535
123000049,9789,8553,1236
123000050,1238,1929,-691
123000051,136,285,-149
123000052,806,4402,-3596
123000053,2730,4651,-1921
123000054,1673,1665,8
123000055,1186,1982,-796
123000056,1958,2539,-581
123000057,23631,8860,14771
123000058,966,1161,-195
123000059,532,703,-171
123000060,975,461,514
123000061,205,1086,-881
123000063,951,1138,-187
123000064,1066,363,703
123000065,10009,5002,5007
123000066,1354,1327,27
123000067,969,740,229
123000068,4432,4963,-531
123000069,8510,5349,3161
123000070,364,1174,-810
123000071,893,1590,-697
123000072,1077,2056,-979
123000073,1379,1270,109
123000074,1382,2851,-1469
123000075,525,1464,-939
123000076,855,1305,-450
123000077,3065,4665,-1600
123000078,1568,2771,-1203
123000079,1633,3036,-1403
123000080,2782,3253,-471
123000081,221,767,-546
123000082,453,1541,-1088
123000083,1137,226,911
123000084,803,1361,-558
123000085,236,143,93
123000086,534,447,87
123000087,425,569,-144
123000088,1526,1400,126
123000089,706,2223,-1517
123000090,1670,1700,-30
123000091,2187,2389,-202
123000092,1400,1940,-540
123000094,701,410,291
123000095,491,1077,-586
123000096,736,599,137
123000097,480,1435,-955
123000098,733,956,-223
123000099,718,1198,-480
123000100,577,837,-260
123000101,768,869,-101
123000102,756,796,-40
123000104,409,592,-183
123000105,730,668,62
123000106,599,681,-82
123000107,534,880,-346
123000108,976,2028,-1052
123000111,819,513,306
123000112,982,995,-13
123000113,809,2393,-1584
123000114,755,962,-207
123000115,328,482,-154
123000116,44,265,-221
123000117,2175,3400,-1225
123000118,563,1219,-656
123000119,396,1421,-1025
123000120,582,1282,-700
123000121,672,804,-132
123000122,544,288,256
123000123,671,852,-181
123000124,792,680,112
123000125,1689,1654,35
123000126,2610,3941,-1331
123000127,1703,1044,659
123000128,403,627,-224
123000129,608,294,314
123000130,652,98,554
123000131,1095,959,136
123000132,612,843,-231
123000133,464,606,-142
123000134,576,390,186
123000135,2194,1916,278
123000136,245,1463,-1218
123000137,129,452,-323
123000138,204,573,-369
123000139,692,198,494
123000140,135,981,-846
123000141,948,148,800
123000142,1357,1442,-85
123000143,2625,3768,-1143
123000144,41,24,17
123000145,368,110,258
123000146,135,112,23
123000147,205,181,24
123000149,571,552,19
123000150,467,413,54
123000151,493,664,-171
123000152,100,551,-451
123000153,257,808,-551
123000154,2728,3211,-483
123000155,3360,1117,2243
123000156,71,210,-139
123000157,851,1068,-217
123000158,850,1213,-363
123000159,6360,3027,3333
123000160,1170,972,198
123000161,1715,1558,157
123000162,934,1959,-1025
123000163,502,82,420
123000164,1559,390,1169
123000165,427,2272,-1845
123000166,47,197,-150
123000167,160,399,-239
123000168,250,404,-154
123000169,894,139,755
123000170,119,456,-337
123000171,473,49,424
123000172,211,891,-680
123000173,786,291,495
123000174,1028,458,570
123000175,887,1589,-702
123000176,1081,282,799
123000177,330,1334,-1004
123000178,1113,182,931
123000179,44,957,-913
123000180,1694,463,1231
123000181,526,2308,-1782
123000182,269,664,-395
123000183,161,610,-449
123000184,96,1048,-952
123000185,445,654,-209
123000186,5,821,-816
123000187,515,5,510
123000188,293,1,292
123000189,194,273,-79
123000190,67,92,-25
123000192,30,436,-406
123000193,78,948,-870
123000194,675,486,189
123000195,293,20,273
123000196,322,37,285
123000197,77,115,-38
123000198,28,301,-273
123000199,18,790,-772
123000200,443,25,418
123000201,865,33,832
123000202,36,1542,-1506
123000203,913,77,836
123000204,88,1440,-1352
123000205,587,2703,-2116
123000206,1812,238,1574
123000207,143,1216,-1073
123000208,689,143,546
123000209,2552,529,2023
123000210,542,2328,-1786
123000211,640,3575,-2935
123000212,2992,473,2519
123000213,871,81,790
123000215,341,282,59
123000216,258,997,-739
123000217,232,49,183
123000218,118,648,-530
123000219,1372,95,1277
123000220,676,119,557
123000221,244,162,82
123000222,475,576,-101
123000223,249,785,-536
123000224,569,887,-318
123000225,250,103,147
123000226,45,353,-308
123000227,86,412,-326
123000228,214,87,127
123000229,1969,2572,-603
123000232,86,871,-785
123000233,931,233,698
123000234,220,940,-720
123000235,829,392,437
123000236,284,1045,-761
123000237,392,67,325
123000238,92,877,-785
123000239,643,2427,-1784
123000240,69,542,-473
123000241,1344,187,1157
123000242,126,224,-98
123000243,995,1218,-223
123000244,1194,851,343
123000245,142,227,-85
123000249,682,1457,-775
123000252,1191,279,912
123000253,1037,554,483
123000254,742,1356,-614
123000255,1224,1007,217
123000256,42,298,-256
123000257,4469,3541,928
123000258,1213,1622,-409
123000259,307,501,-194
123000260,541,756,-215
123000261,174,242,-68
123000262,126,335,-209
123000263,445,134,311
123000264,231,72,159
123000265,53,247,-194
123000266,685,995,-310
123000267,464,421,43
123000268,55,90,-35
123000269,35,61,-26
123000270,28,64,-36
123000271,140,73,67
123000272,1074,388,686
123000273,468,723,-255
123000274,1661,677,984
123000275,353,1381,-1028
123000278,4630,3815,815
123000279,143,178,-35
123000280,550,518,32
123000281,544,114,430
123000282,255,384,-129
123000283,123,73,50
123000284,63,180,-117
123000286,412,369,43
123000287,744,396,348
123000288,2152,908,1244
123000289,852,1238,-386
123000291,368,1077,-709
123000294,458,376,82
123000295,1147,1062,85
123000296,490,424,66
123000297,596,1451,-855
123000298,631,897,-266
123000299,57,400,-343
123000300,1120,1226,-106
123000301,154,322,-168
123000302,69,242,-173
123000303,319,105,214
123000305,1696,1208,488
123000306,98,281,-183
123000309,62,110,-48
123000310,128,50,78
123000311,0,148,-148
123000312,1404,1306,98
123000313,431,604,-173
123000315,58,435,-377
123000316,3491,378,3113
123000317,275,85,190
123000318,72,333,-261
123000329,22,27,-5
123000337,609,316,293
123000338,711,96,615
123000339,187,285,-98
123000340,186,726,-540
123000342,23,230,-207
123000343,197,9,188
123000344,1635,641,994
123000345,397,781,-384
123000346,531,122,409
123000352,2875,1061,1814
123000353,18,239,-221
123000354,446,4,442
123000355,3,767,-764
123000356,261,6,255
123000357,3,399,-396
123000359,7,203,-196
123000360,181,110,71
123000361,799,355,444
123000362,369,149,220
123000363,81,203,-122
123000364,966,582,384
123000365,34,423,-389
123000366,362,2209,-1847
123000367,391,1739,-1348
123000370,50,413,-363
123000371,231,38,193
123000372,286,21,265
123000373,7,566,-559
123000374,9,302,-293
123000375,227,38,189
123000376,1241,937,304
123000377,385,14,371
123000378,6,526,-520
123000379,2,309,-307
123000380,86,406,-320
123000381,390,31,359
123000382,1533,100,1433
123000383,374,1443,-1069
123000384,959,101,858
123000385,692,998,-306
123000436,135,1542,-1407
123000507,232,887,-655
123000508,290,906,-616
123000517,364,47,317
123000518,31,397,-366
123000519,146,96,50
123000520,96,319,-223
123000521,387,155,232
123000522,176,611,-435
123000541,3,2,1
123000542,0,50,-50
123000565,648,42,606
123000566,206,1008,-802
123000567,128,336,-208
123000573,43,1285,-1242
123000574,687,91,596
123000575,1497,1644,-147
123000576,724,3310,-2586
123000577,212,1150,-938
123000578,1120,74,1046
123000579,6209,6285,-76
123000580,103,23,80
123000582,463,27,436
123000583,13,608,-595
123000584,250,499,-249
123000585,0,181,-181
123000586,81,0,81
123000596,172,184,-12
123000597,87,228,-141
123000602,29,3,26
123000603,514,1122,-608
123000604,666,1535,-869
123000605,1639,108,1531
123000606,1,528,-527
123000609,34,468,-434
123000610,221,199,22
123000613,54,310,-256
123000614,230,41,189
123000615,76,380,-304
123000616,436,50,386
123000617,115,544,-429
123000618,103,904,-801
123000619,859,33,826
123000620,19,788,-769
123000622,340,17,323
123000624,122,111,11
123000630,997,586,411
123000631,387,3249,-2862
123000632,1540,1671,-131
123000633,1,715,-714
123000634,188,146,42
123000635,341,150,191
123000636,39,1129,-1090
123000637,217,54,163
123000638,722,154,568
123000639,1316,4341,-3025
123000640,51,1359,-1308
123000648,548,136,412
123000649,63,850,-787
123900001,1874,67,1807
123900002,41,1658,-1617
123900003,473,1021,-548
123900005,472,165,307
123900006,665,58,607
124000001,2356,157,2199
124000002,140,2491,-2351
124000003,733,172,561
124000004,69,887,-818
124000005,1097,532,565
124000006,398,1828,-1430
124000007,773,143,630
124000008,21,1071,-1050
124000009,648,412,236
124000010,172,920,-748
124000011,2371,413,1958
124000012,808,1202,-394
124000017,271,166,105
124000018,157,146,11
124000019,170,149,21
124000020,77,258,-181
124000021,245,76,169
124000022,109,309,-200
124000023,1984,1938,46
124000024,1518,829,689
124000025,1140,1979,-839
124000026,1352,1245,107
124000027,4521,5072,-551
124000028,3146,5473,-2327
124000030,3494,1461,2033
124000031,1693,3073,-1380
124000032,8160,1476,6684
124000033,1020,992,28
124000034,3059,1635,1424
124000035,345,207,138
124000036,204,889,-685
124000037,438,1091,-653
124000038,53,126,-73
124000039,1045,504,541
124000040,669,1110,-441
124000041,346,163,183
124000042,89,549,-460
124000043,146,178,-32
124000044,70,379,-309
124000045,698,707,-9
124000046,274,1127,-853
124000047,1463,1185,278
124000048,1034,2556,-1522
124000049,1727,837,890
124000050,781,3008,-2227
124000051,825,729,96
124000052,674,1548,-874
124000053,573,1495,-922
124000054,1112,842,270
124000055,1419,2409,-990
124000056,5085,1914,3171
124000057,968,634,334
124000058,602,1904,-1302
124000059,546,1217,-671
124000060,1462,1138,324
124000061,1722,4910,-3188
124000062,10172,2655,7517
124000063,1661,2922,-1261
124000064,3707,2449,1258
124000065,448,434,14
124000066,540,106,434
124000067,182,276,-94
124000068,97,166,-69
124000069,646,377,269
124000070,209,666,-457
124000071,127,152,-25
124000072,228,570,-342
124000073,997,198,799
124000074,240,934,-694
124000075,203,50,153
124000076,4,249,-245
124000077,2883,969,1914
124000078,2610,1497,1113
124000079,669,1393,-724
124000080,434,177,257
124000081,206,1174,-968
124000082,71,183,-112
124000083,100,260,-160
124000084,111,682,-571
124000085,87,102,-15
124000086,120,153,-33
124000087,183,168,15
124000088,334,517,-183
124000089,717,430,287
124000090,164,571,-407
124000091,856,193,663
124000092,281,989,-708
124000093,105,156,-51
124000094,137,667,-530
124000095,65,85,-20
124000096,136,403,-267
124000097,136,156,-20
124000098,51,171,-120
124000099,238,142,96
124000100,68,152,-84
124000101,113,119,-6
124000102,179,161,18
124000103,86,120,-34
124000104,180,149,31
124000105,98,84,14
124000106,273,136,137
124000107,26,190,-164
124000108,87,72,15
124000109,90,93,-3
124000110,285,225,60
124000111,339,194,145
124000112,688,1031,-343
124000113,64,124,-60
124000114,238,700,-462
124000115,574,990,-416
124000116,109,142,-33
124000117,144,161,-17
124000118,88,111,-23
124000119,2645,770,1875
124000120,1493,736,757
124000121,3524,1039,2485
124000122,717,1629,-912
124000123,998,664,334
124000124,714,1340,-626
124000125,441,555,-114
124000126,418,806,-388
124000127,990,503,487
124000128,854,1309,-455
124000129,2085,1536,549
124000130,1042,832,210
124000131,1365,574,791
124000132,1294,1114,180
124000133,1065,1128,-63
124000134,856,1023,-167
124000135,1781,2052,-271
124000136,1118,1398,-280
124000137,1746,729,1017
124000138,2173,1523,650
124000139,727,46,681
124000140,33,488,-455
124000141,597,20,577
124000142,56,553,-497
124000143,84,15,69
124000144,3,276,-273
124000145,78,52,26
124000146,18,136,-118
124000148,37,112,-75
124000149,1146,471,675
124000150,362,821,-459
124000151,770,514,256
124000152,1066,1808,-742
124000153,646,801,-155
124000154,408,987,-579
124000155,1212,1137,75
124000156,2298,1253,1045
124000169,350,880,-530
124000170,1138,571,567
124000171,465,462,3
124000172,592,716,-124
124000173,569,426,143
124000174,501,981,-480
124000175,6,139,-133
124000176,39,9,30
124000177,6,33,-27
124000178,34,29,5
124000190,256,63,193
124000191,1958,162,1796
124000192,4124,439,3685
124000193,949,1464,-515
124000194,542,612,-70
124000195,337,739,-402
124000196,1766,1521,245
124000197,46,93,-47
124000198,22,54,-32
124000201,270,1400,-1130
124000202,545,232,313
124000203,237,1441,-1204
124000204,548,793,-245
124000205,56,853,-797
124000206,414,644,-230
124000207,0,59,-59
124000209,342,857,-515
124000210,369,263,106
124000211,483,3,480
124000212,1,647,-646
124000213,262,541,-279
124000214,277,977,-700
124000215,361,16,345
124000216,4,689,-685
124000329,106,3250,-3144
124000338,76,1706,-1630
124000339,718,100,618
124000341,1159,60,1099
124000344,27,6,21
124000357,830,4246,-3416
124000358,732,2336,-1604
124000359,994,1001,-7
124000360,697,862,-165
124000361,3249,1004,2245
124000362,2178,3197,-1019
124000363,305,469,-164
124000364,772,1004,-232
124000365,993,1245,-252
124000366,2647,847,1800
124000367,215,944,-729
124000368,500,385,115
124000369,300,231,69
124000370,148,1235,-1087
124000402,20,12,8
124000403,106,12,94
124000404,7,159,-152
124000405,1092,896,196
124000406,1183,998,185
124000407,11,29,-18
124000411,5,467,-462
124000412,468,12,456
124000413,1071,41,1030
124000414,88,137,-49
124000415,54,291,-237
124000416,185,497,-312
124000417,106,147,-41
124000418,113,162,-49
124000419,90,240,-150
124000420,82,122,-40
124000421,47,424,-377
124000422,64,29,35
124000423,186,67,119
124000424,5,203,-198
124000425,109,21,88
124000426,10,280,-270
124000427,101,16,85
124000428,60,45,15
124000429,41,69,-28
124000430,859,777,82
124000431,480,817,-337
124000432,173,1384,-1211
124000439,2,13,-11
124000443,0,7,-7
124000445,484,2248,-1764
124000446,4239,157,4082
124000447,21,202,-181
124900001,429,435,-6
124900002,189,554,-365
124900003,1021,728,293
124900004,576,430,146
124900005,358,331,27
124900006,633,513,120
124900008,1403,556,847
124900009,150,272,-122
124900010,143,85,58
124900011,437,291,146
124900012,452,96,356
124900013,470,202,268
124900014,297,127,170
124900015,217,324,-107
124900016,83,123,-40
124900017,691,1142,-451
124900018,86,13,73
124900020,53,60,-7
124900021,173,51,122
124900022,132,25,107
124900024,264,46,218
124900026,437,12,425
124900027,108,373,-265
124900028,859,179,680
124900029,8,544,-536
124900030,6,202,-196
124900031,33,424,-391
124900032,217,256,-39
124900033,112,461,-349
124900034,4,104,-100
124900035,241,599,-358
124900036,0,42,-42
124900037,219,526,-307
124900038,324,447,-123
124900039,7,34,-27
124900040,153,92,61
124900041,292,1427,-1135
124900042,75,1,74
124900043,555,1521,-966
124900044,164,4,160
124900045,705,1229,-524
124900047,137,217,-80
124900048,226,216,10
124900050,201,414,-213
124900052,182,350,-168
124900053,85,459,-374
124900054,4065,488,3577
124900055,2,124,-122
124900057,18,114,-96
124900060,79,232,-153
124900061,55,8,47
124900062,94,21,73
124900066,1,21,-20
124900067,11,244,-233
124900068,230,485,-255
124900070,41,35,6
124900072,80,49,31
124900075,223,268,-45
124900076,28,975,-947
124900077,20,156,-136
124900078,76,11,65
124900079,1246,245,1001
124900080,316,972,-656
124900081,911,300,611
124900082,443,1339,-896
124900083,223,716,-493
124900085,1095,302,793
124900086,69,1409,-1340
124900087,749,102,647
124900088,810,105,705
124900089,1970,44,1926
124900090,222,291,-69
124900091,312,685,-373
124900092,326,442,-116
124900093,356,247,109
124900094,301,356,-55
124900095,121,524,-403
124900096,752,260,492
124900097,307,103,204
124900098,122,497,-375
124900099,656,531,125
124900100,242,90,152
124900101,66,251,-185
124900102,200,57,143
124900103,235,436,-201
124900104,98,296,-198
124900105,121,185,-64
124900106,447,73,374
124900107,73,20,53
124900108,209,74,135
124900111,2,108,-106
124900112,78,732,-654
124900113,169,359,-190
124900114,266,169,97
124900115,38,66,-28
124900116,172,139,33
124900117,1070,167,903
124900118,209,263,-54
124900119,407,177,230
124900120,67,539,-472
124900121,162,324,-162
124900122,686,266,420
124900123,498,120,378
124900124,163,414,-251
204000001,126,16,110
204000002,22,14,8
204000003,37,4,33
204000004,12,5,7
204000005,821,1035,-214
204000006,1589,3387,-1798
204000011,14,89,-75
204000012,69,200,-131
204000019,655,728,-73
204000020,869,1031,-162
204000021,2704,1157,1547
204000022,552,632,-80
204000023,625,1582,-957
204000031,168,29,139
204000032,791,53,738
204000034,49,324,-275
204000035,9,5,4
204000036,10,28,-18
204000037,2,29,-27
204000038,4,23,-19
204000039,7,50,-43
204000040,10,51,-41
204000041,8,32,-24
204000042,71,17,54
204000043,65,2,63
204000044,29,3,26
204000045,73,6,67
204000046,19,1,18
204000057,13,32,-19
204000062,35,154,-119
204000068,123,435,-312
204000069,45,403,-358
204000070,102,187,-85
204000080,47,98,-51
204000085,2201,2545,-344
204000086,4437,3537,900
204000087,74,24,50
204000088,5,133,-128
204000090,83,512,-429
204000093,277,172,105
204000096,945,1673,-728
204000097,416,149,267
204000099,1206,2334,-1128
204000100,1277,2130,-853
204000105,2730,2290,440
204000110,1038,1764,-726
204000111,746,1118,-372
204000112,1228,1114,114
204000113,717,1386,-669
204000114,884,817,67
204000115,819,480,339
204000116,976,792,184
204000119,2277,3539,-1262
204000132,662,436,226
204000133,950,487,463
204000134,255,199,56
204000135,713,175,538
204000136,617,405,212
204000138,412,509,-97
204000140,265,168,97
204000141,241,115,126
204000144,14,41,-27
204000145,632,41,591
204000146,25,527,-502
204000147,149,277,-128
204000148,584,66,518
204000154,12,2,10
204000155,4,13,-9
204000177,84,132,-48
204000179,17,17,0
204000180,0,41,-41
204000222,19,6,13
204000235,11,4,7
204000236,62,407,-345
204000238,9,78,-69
204000240,448,77,371
204000263,889,1861,-972
204000268,1371,1342,29
204000308,321,74,247
204000317,22,115,-93
204000322,5,66,-61
204000323,45,27,18
204000328,147,191,-44
204000329,83,254,-171
204000330,435,184,251
204000331,131,243,-112
205000001,1390,2358,-968
205000013,11,79,-68
205000014,21,93,-72
205000015,45,334,-289
205000016,26,209,-183
205000017,52,101,-49
205000022,502,1060,-558
205000025,2108,1533,575
205000029,302,8,294
205000045,320,352,-32
205000046,104,773,-669
205000047,76,660,-584
205000048,389,1731,-1342
205000049,211,1106,-895
205000050,1682,404,1278
205000059,0,398,-398
205000060,1,135,-134
205000061,3,44,-41
205000062,7,49,-42
205000063,20,262,-242
205000064,32,263,-231
205000065,83,828,-745
205000066,177,1189,-1012
205000067,28,1634,-1606
205000069,205,28,177
205000082,171,677,-506
205000110,102,324,-222
205000111,203,405,-202
205000112,154,287,-133
205000113,248,396,-148
205000121,291,279,12
205000123,55,292,-237
205000126,575,448,127
205000127,907,728,179
205000128,840,456,384
205000129,1115,431,684
205000130,1468,153,1315
205000131,1492,37,1455
205000132,2061,6,2055
205000133,2015,4,2011
205000134,831,1,830
205000137,103,160,-57
205000138,186,348,-162
205000139,36,142,-106
205000144,70,148,-78
205000145,268,513,-245
205000151,190,157,33
205000152,194,125,69
205000153,273,192,81
205000154,116,210,-94
205000155,233,80,153
205000207,9,254,-245
205000233,114,2,112
205000234,0,0,0
205000243,0,1,-1
205000244,0,2,-2
205000245,17,394,-377
205000249,1,47,-46
205000250,1,0,1
205000264,7,121,-114
206000027,7,4,3
206000028,5,2,3
206000043,12,135,-123
206000053,5,11,-6
206000054,13,26,-13
206000055,3,23,-20
206000075,11,13,-2
206000076,31,25,6
206000077,16,7,9
206000078,21,9,12
206000079,14,5,9
206000082,811,41,770
206000100,122,1124,-1002
206000103,5,26,-21
206000104,22,37,-15
206000105,12,20,-8
206000106,27,46,-19
206000125,73,0,73
206000157,70,897,-827
206000170,3,218,-215
206000171,2,208,-206
206000172,9,1032,-1023
206000173,3,376,-373
206000174,9,111,-102
206000175,3,178,-175
206000176,23,322,-299
206000177,1,218,-217
206000178,7,188,-181
206000179,16,87,-71
206000180,19,219,-200
206000181,5,399,-394
206000182,23,379,-356
206000183,17,1172,-1155
206000184,6,473,-467
206000185,8,373,-365
206000186,126,1762,-1636
206000223,27,210,-183
206000226,5,3,2
206000227,16,3,13
206000237,35,513,-478
206000238,53,839,-786
206000239,585,2594,-2009
206000240,2,70,-68
206000241,1,201,-200
206000242,28,411,-383
206000243,8,374,-366
206000244,105,929,-824
206000245,477,75,402
206000246,113,11,102
206000247,138,16,122
206000248,700,20,680
206000252,134,48,86
206000258,23,47,-24
206000315,41,4,37
206000317,544,104,440
206000318,384,51,333
206000319,737,138,599
206000320,83,63,20
206000321,82,12,70
206000322,343,30,313
206000323,122,15,107
206000324,98,15,83
206000325,264,25,239
206000326,367,9,358
206000327,638,15,623
206000328,97,7,90
206000329,152,7,145
206000330,23,10,13
206000331,77,2,75
206000332,27,11,16
206000333,398,2,396
206000334,197,1,196
206000335,0,37,-37
206000361,7,263,-256
206000392,2,23,-21
206000405,173,1,172
206000441,27,17,10
206000498,51,3,48
206000515,197,46,151
206000530,139,70,69
206000531,244,222,22
206000532,3586,271,3315
206000535,413,3384,-2971
206000536,31,249,-218
206000537,24,191,-167
206000613,1848,271,1577
206000784,736,45,691
207000001,229,780,-551
207000002,156,396,-240
207000003,255,284,-29
207000007,809,325,484
207000008,78,7,71
207000009,91,27,64
207000010,549,666,-117
207000012,391,333,58
207000015,348,2000,-1652
207000019,381,132,249
207000021,780,217,563
207000022,202,167,35
207000023,221,94,127
207000024,8,28,-20
207000025,67,147,-80
207000026,169,79,90
207000027,38,107,-69
207000028,90,254,-164
207000029,318,606,-288
207000033,343,453,-110
207000034,380,109,271
207000039,325,232,93
207000040,237,158,79
207000041,51,35,16
207000042,304,113,191
207000043,371,227,144
207000051,194,357,-163
207000052,27,243,-216
207000053,595,1075,-480
207000054,99,197,-98
207000055,235,263,-28
207000056,495,607,-112
207000057,233,420,-187
207000058,241,567,-326
207000059,123,1146,-1023
207000060,146,399,-253
207000061,393,416,-23
207000062,331,71,260
207000063,317,212,105
207000064,513,242,271
207000065,335,296,39
207000066,217,273,-56
207000067,93,186,-93
207000068,193,93,100
207000069,898,497,401
207000082,17,453,-436
207000083,120,512,-392
207000084,231,336,-105
207000085,142,12,130
207000086,139,2,137
207000106,29,31,-2
207000107,62,14,48
207000108,54,20,34
207000109,78,18,60
207000110,50,82,-32
207000111,86,94,-8
207000112,423,625,-202
207000114,24,50,-26
207000115,19,91,-72
207000116,22,437,-415
207000117,5,173,-168
207000118,4,96,-92
207000119,50,133,-83
207000123,218,43,175
207000124,84,37,47
207000125,64,75,-11
207000126,57,66,-9
207000134,68,197,-129
207000135,29,362,-333
207000148,40,258,-218
207000149,98,90,8
207000152,241,470,-229
207000153,1297,1610,-313
207000154,547,205,342
207000159,122,341,-219
207000160,235,735,-500
207000238,1,185,-184
207000242,5,263,-258
207000248,39,28,11
207000249,220,51,169
207000250,1387,78,1309
207000251,143,100,43
207000252,74,82,-8
207000278,123,123,0
207000279,35,273,-238
207000280,407,93,314
207000281,87,1595,-1508
207000282,296,90,206
207000283,219,379,-160
207000284,123,197,-74
207000285,240,64,176
207000291,13,146,-133
207000304,225,122,103
207000306,95,663,-568
207000310,64,116,-52
207000353,360,4,356
207000356,26,32,-6
207000357,46,20,26
207000358,10,19,-9
207000415,13,322,-309
207000417,43,7,36
207000418,168,183,-15
207000438,0,1,-1
207000439,1223,753,470
207000446,188,6,182
207000460,10,18,-8
207000466,286,205,81
207000467,230,159,71
207000468,96,513,-417
207000476,6,129,-123
207000477,576,160,416
207000478,4,44,-40
207000523,0,29,-29
207000524,113,1,112
207000527,119,224,-105
207000530,344,10,334
207000531,302,20,282
207000532,71,18,53
207000534,916,59,857
207000535,54,421,-367
207000537,24,167,-143
207000540,12,367,-355
207000541,3,439,-436
207000548,20,410,-390
207000549,313,11,302
207000561,187,172,15
207000562,83,329,-246
207000567,256,377,-121
207000568,141,150,-9
207000569,401,1313,-912
207000584,500,339,161
207000585,96,372,-276
207000587,87,38,49
207000616,0,271,-271
207000617,111,0,111
207000624,83,39,44
207000631,5,61,-56
207900008,114,186,-72
208000001,721,1481,-760
208000002,782,857,-75
208000003,1685,981,704
208000004,2133,1400,733
208000005,29,27,2
208000019,595,1245,-650
208000020,197,660,-463
208000021,263,799,-536
208000022,1029,870,159
208000028,1811,1229,582
208000033,604,1062,-458
208000034,1722,3032,-1310
208000037,632,73,559
208000040,123,217,-94
208000041,1045,729,316
208000042,1497,814,683
208000047,190,696,-506
208000064,3399,2549,850
208000066,2343,2892,-549
208000070,492,600,-108
208000071,545,1359,-814
208000072,438,1960,-1522
208000080,342,705,-363
208000081,414,347,67
208000082,363,458,-95
208000083,225,508,-283
208000084,133,24,109
208000085,1945,754,1191
208000086,891,1159,-268
208000087,479,907,-428
208000089,1287,1058,229
208000090,1084,1526,-442
208000093,191,189,2
208000094,702,833,-131
208000095,1010,569,441
208000104,1166,1742,-576
208000105,778,1815,-1037
208000114,179,347,-168
208000115,627,500,127
208000116,733,1413,-680
208000117,132,199,-67
208000118,163,182,-19
208000155,1088,1209,-121
208000158,2115,4595,-2480
208000186,4058,5235,-1177
208000204,773,1686,-913
208000205,1428,2162,-734
208000282,5788,3238,2550
209000004,285,381,-96
209000005,38,86,-48
209000006,790,211,579
209000007,744,370,374
209000010,974,185,789
209000011,302,387,-85
209000012,170,346,-176
209000013,343,764,-421
209000014,897,1825,-928
209000025,439,100,339
209000026,861,208,653
209000027,535,1564,-1029
209000028,551,1380,-829
209000029,1707,1258,449
209000030,1346,2413,-1067
209000031,5626,3854,1772
209000034,266,402,-136
209000035,164,249,-85
209000036,305,192,113
209000037,296,444,-148
209000038,111,301,-190
209000039,87,254,-167
209000040,360,763,-403
209000041,214,599,-385
209000042,297,635,-338
209000043,969,992,-23
209000044,261,993,-732
209000045,1789,584,1205
209000046,655,558,97
209000047,715,311,404
209000048,1071,361,710
209000049,111,222,-111
209000050,279,337,-58
209000051,343,731,-388
209000052,290,639,-349
209000062,64,223,-159
209000063,68,208,-140
209000064,26,237,-211
209000065,61,71,-10
209000066,77,66,11
209000067,98,113,-15
209000080,35,398,-363
209000082,69,100,-31
209000091,47,153,-106
209000093,148,25,123
209000094,262,199,63
209000110,75,139,-64
209000111,486,2334,-1848
209000112,936,1047,-111
209000113,4005,998,3007
209000114,540,664,-124
209000115,177,279,-102
209000116,1301,1024,277
209000118,125,82,43
209000119,93,10,83
209000121,227,966,-739
209000135,91,245,-154
209000142,1052,2882,-1830
209000143,339,149,190
209000144,179,149,30
209000229,290,204,86
209000240,71,584,-513
209000259,209,239,-30
209000260,72,1536,-1464
209000261,6,758,-752
209000262,7,622,-615
209000263,0,228,-228
209000264,0,139,-139
209000265,337,2,335
209000266,89,4,85
209000267,600,13,587
209000268,776,35,741
210000037,108,43,65
210000047,113,49,64
210000048,69,69,0
210000049,107,39,68
210000052,36,157,-121
210000053,24,107,-83
210000054,65,127,-62
210000070,151,5,146
210000071,51,0,51
210000072,36,1,35
210000073,0,74,-74
210000074,3,203,-200
210000075,0,109,-109
210000076,7,201,-194
210000077,157,68,89
210000078,88,51,37
210000079,158,22,136
210000080,518,109,409
210000081,306,17,289
210000082,274,0,274
210000083,154,2,152
210000084,55,0,55
210000085,0,89,-89
210000086,4,171,-167
210000099,31,426,-395
210000100,75,477,-402
210000101,106,501,-395
210000105,96,544,-448
210000159,2,283,-281
210000163,165,266,-101
210000164,604,254,350
210000168,252,32,220
210000187,0,23,-23
210000188,1,27,-26
210000214,55,0,55
210000219,34,86,-52
210000220,78,92,-14
210000232,4,29,-25
210000233,21,108,-87
210000234,22,233,-211
210000235,45,183,-138
210000245,1,63,-62
210000246,31,0,31
210000258,15,123,-108
210000259,369,59,310
210000282,105,354,-249
210000285,2,98,-96
210000286,13,208,-195
210000290,7,19,-12
210000295,58,345,-287
210000296,125,129,-4
210000320,156,138,18
210000321,111,94,17
210000338,297,141,156
210000339,634,1975,-1341
210000340,173,730,-557
210000341,251,487,-236
210000342,232,359,-127
210000343,383,305,78
210000344,797,244,553
210000345,392,477,-85
210000346,178,227,-49
210000347,459,70,389
210000348,293,12,281
210000349,390,23,367
210000350,168,82,86
210000351,162,156,6
210000352,53,148,-95
210000353,52,211,-159
210000354,55,227,-172
210000355,155,222,-67
210000356,297,120,177
210000357,159,94,65
210000358,829,230,599
210000359,412,131,281
210000360,336,149,187
210000361,284,211,73
210000362,278,282,-4
210000363,1134,268,866
210000364,174,177,-3
210000365,172,139,33
210000366,157,102,55
210000367,97,47,50
210000368,227,59,168
210000369,108,37,71
210000370,164,85,79
210000372,149,78,71
210000373,252,44,208
210000374,141,23,118
210000375,36,174,-138
210000376,181,266,-85
210000404,112,302,-190
210000439,24,84,-60
210000472,253,18,235
210000482,124,119,5
210000564,630,329,301
210000567,2,46,-44
210000568,944,5,939
211000092,21,77,-56
211000094,25,14,11
211000169,344,23,321
211000172,16,374,-358
211000209,0,33,-33
211000226,32,33,-1
211000270,30,25,5
211000275,22,18,4
211000276,143,34,109
211000279,9,37,-28
211000281,53,71,-18
211000302,24,120,-96
211507980,3,34,-31
211977296,89,2,87
212000003,335,152,183
212000004,296,35,261
212000005,48,44,4
212000006,75,142,-67
212000008,165,225,-60
212000009,32,215,-183
212000012,100,106,-6
212000013,18,55,-37
212000014,380,221,159
212000015,350,356,-6
212000016,528,709,-181
212000027,503,871,-368
212000028,309,798,-489
212000029,221,556,-335
212000030,45,70,-25
212000031,74,131,-57
212000048,62,190,-128
212000049,31,133,-102
212000050,26,18,8
212000051,221,299,-78
212000052,168,505,-337
212000053,376,785,-409
212000054,148,232,-84
212000055,183,408,-225
212000056,25,73,-48
212000057,23,66,-43
212000058,682,64,618
212000070,147,387,-240
212000077,179,1044,-865
212000099,269,491,-222
212000108,447,483,-36
212000111,244,163,81
212000120,255,159,96
212000138,354,33,321
212000156,16,217,-201
212000158,7,18,-11
212000159,248,73,175
212000160,452,420,32
212000161,80,12,68
212000310,32,17,15
212000311,15,115,-100
212000374,46,9,37
213000001,48,701,-653
213000005,535,202,333
213000006,1370,306,1064
213000007,337,21,316
213000009,706,569,137
213000010,201,354,-153
213000011,342,187,155
213000012,152,439,-287
213000014,58,9,49
213000015,194,2,192
213000016,389,2,387
213000017,139,60,79
213000018,2,235,-233
213000019,2,219,-217
213000020,122,467,-345
213000021,9,124,-115
213000023,322,261,61
213000033,288,1676,-1388
213000034,803,436,367
213000035,88,558,-470
213000045,150,367,-217
213000046,229,264,-35
213000047,760,1222,-462
213000056,124,137,-13
213000069,295,15,280
213000073,1,34,-33
213000074,120,718,-598
213000075,682,7,675
213000076,70,7,63
213000085,12,38,-26
213000086,22,264,-242
213000091,129,12,117
213000092,70,13,57
213000099,280,1370,-1090
213000100,1673,374,1299
213000101,291,141,150
213000102,345,379,-34
213000103,1134,1013,121
213000104,70,531,-461
213000105,3,130,-127
213000106,20,234,-214
213000107,198,922,-724
213000108,29,812,-783
213000109,6,374,-368
213000110,10,123,-113
213000111,29,91,-62
213000112,236,164,72
213000115,46,11,35
213000116,110,1084,-974
213000117,6,1467,-1461
213000118,443,522,-79
213000119,71,1196,-1125
213000120,97,1020,-923
213000122,525,991,-466
213000123,845,1987,-1142
213000124,138,1592,-1454
213000125,166,20,146
213000126,63,106,-43
213000127,200,217,-17
213000128,828,1167,-339
213000129,503,825,-322
213000130,375,514,-139
213000132,268,178,90
213000133,364,146,218
213000134,1080,30,1050
213000136,389,31,358
213000137,714,134,580
213000139,668,49,619
213000147,198,8,190
213000148,110,12,98
213000149,204,18,186
213000150,1,144,-143
213000151,9,105,-96
213000152,8,97,-89
213000153,3,71,-68
213000154,30,328,-298
213000155,18,497,-479
213000156,78,1111,-1033
213000157,1191,654,537
213000158,366,982,-616
213000159,465,1004,-539
213000163,440,105,335
213000165,640,360,280
213000171,1,137,-136
213000172,2,387,-385
213000173,1,292,-291
213000174,1,192,-191
213000175,3,100,-97
213000176,19,40,-21
213000177,22,5,17
213000178,83,4,79
213000179,122,3,119
213000180,129,2,127
213000184,109,782,-673
213000188,319,106,213
213000189,277,50,227
213000190,951,1344,-393
213000191,262,704,-442
213000192,208,756,-548
213000193,2554,256,2298
213000194,2,46,-44
213000195,19,644,-625
213000196,300,1289,-989
213000197,329,1359,-1030
213000198,151,3,148
213000200,155,1514,-1359
213000201,137,70,67
213000202,22,1256,-1234
213000203,4863,1088,3775
213000204,631,223,408
213000205,232,245,-13
213000206,617,214,403
213000207,368,54,314
213000208,276,4,272
213000209,328,4,324
213000210,1339,17,1322
213000211,78,16,62
213000212,83,27,56
213000213,55,37,18
213000218,373,1091,-718
213000219,543,40,503
213000220,661,9,652
213000223,498,372,126
213000224,114,86,28
213000225,114,28,86
213000226,117,31,86
213000227,1028,443,585
213000228,329,169,160
213000229,604,48,556
213000230,495,90,405
213000232,134,1097,-963
213000233,12,41,-29
213000234,2,67,-65
213000293,55,54,1
213000294,299,22,277
213000295,83,92,-9
213000296,81,33,48
213000297,5,193,-188
213000298,23,149,-126
213000299,79,93,-14
213000300,13,9,4
213000303,9,48,-39
213000304,5,21,-16
213000305,6,8,-2
213000306,273,59,214
213000307,1041,93,948
213000308,138,358,-220
213000309,236,74,162
213000310,228,140,88
213000311,368,1028,-660
213000315,156,216,-60
213000316,118,86,32
213000322,86,142,-56
213000323,77,98,-21
213000324,46,43,3
213000325,15,99,-84
213000326,21,21,0
213000327,10,49,-39
213000328,6,146,-140
213000329,62,36,26
213000340,180,1140,-960
213000341,381,149,232
213000346,264,183,81
213000347,1047,400,647
213000348,19,185,-166
213000349,14,11,3
213000350,398,1944,-1546
213000366,78,552,-474
213000367,176,50,126
213000379,85,113,-28
213000386,12,319,-307
213000406,99,666,-567
213000417,1588,607,981
213000425,128,68,60
213000426,116,128,-12
213000427,72,470,-398
213000428,27,216,-189
213000429,24,1,23
213000430,160,929,-769
213000431,27,1,26
213000432,1,45,-44
213000433,20,193,-173
213000434,86,167,-81
213000435,46,106,-60
213000436,15,130,-115
213000437,0,19,-19
213000438,129,86,43
213000439,54,23,31
213000440,11,344,-333
213000441,8,0,8
213000442,0,26,-26
213000443,455,720,-265
213000444,50,68,-18
213000445,0,151,-151
213000446,3,20,-17
213000447,17,112,-95
213000448,10,139,-129
213000449,219,7,212
213000450,34,46,-12
213000451,209,102,107
213000452,14,47,-33
213000453,71,401,-330
213000455,491,6,485
213000456,1,252,-251
213000481,15,18,-3
213000482,59,11,48
213000489,633,204,429
213000491,3,234,-231
213000492,1225,4,1221
213000493,0,292,-292
213000494,140,151,-11
213000495,1,188,-187
213000496,282,313,-31
213000497,68,398,-330
213000498,78,274,-196
213000499,147,674,-527
213000500,371,69,302
213000501,88,27,61
213000502,491,98,393
213000503,4,70,-66
213000504,13,266,-253
213000505,14,13,1
213000506,0,16,-16
213000507,3,149,-146
213900244,28,0,28
213900245,1,46,-45
218000003,55,21,34
218000004,59,39,20
218000005,93,60,33
218000006,122,40,82
218000007,22,9,13
218000012,528,358,170
218000013,109,210,-101
218000014,484,575,-91
218000019,909,791,118
218000020,324,875,-551
218000021,26,65,-39
218000022,18,39,-21
218000023,3,35,-32
218000024,2,37,-35
218000025,9,35,-26
218000026,7,67,-60
218000027,3,17,-14
218000028,4,5,-1
218000029,3,5,-2
218000030,20,51,-31
218000031,9,62,-53
218000032,3,31,-28
218000040,4,3,1
218000046,70,117,-47
218000047,48,206,-158
218000048,92,176,-84
218000049,128,175,-47
218000050,351,325,26
218000051,88,395,-307
218000052,0,175,-175
218000053,11,9,2
218000054,21,38,-17
218000055,13,25,-12
218000056,47,31,16
218000057,7,31,-24
218000064,4,23,-19
218000065,65,109,-44
218000066,7,118,-111
218000067,33,139,-106
218000068,139,122,17
218000069,131,242,-111
218000070,153,415,-262
218000071,201,358,-157
218000072,332,285,47
218000078,1050,1789,-739
218000079,72,104,-32
218000080,95,133,-38
218000081,303,307,-4
218000082,43,191,-148
218000083,59,99,-40
218000084,121,233,-112
218000085,112,652,-540
218000086,53,293,-240
218000087,221,327,-106
218000090,6,141,-135
218000091,1228,921,307
218000092,97,258,-161
218000093,125,105,20
218000094,759,994,-235
218000099,431,747,-316
218000100,214,371,-157
218000101,238,177,61
218000102,331,350,-19
218000103,81,234,-153
218000104,102,47,55
218000105,63,19,44
218000106,27,11,16
218000107,54,88,-34
218000108,8,57,-49
218000112,136,20,116
218000117,81,109,-28
218000134,687,1324,-637
218000135,133,244,-111
218000136,361,111,250
218000137,283,116,167
218000138,62,127,-65
218000139,243,425,-182
218000140,380,339,41
218000141,149,77,72
218000142,216,232,-16
218000143,205,273,-68
218000144,177,96,81
218000145,402,504,-102
218000146,45,170,-125
218000151,43,29,14
218000152,153,69,84
218000153,0,0,0
218000154,0,0,0
218000155,1,0,1
218000156,3,7,-4
218000157,0,2,-2
218000158,0,1,-1
218000159,0,0,0
218000160,0,1,-1
218000161,6,2,4
218000162,8,2,6
218000163,2,2,0
218000164,18,2,16
218000165,24,17,7
218000170,0,43,-43
218000171,106,16,90
218000172,31,16,15
218000173,66,19,47
218000174,80,10,70
218000176,157,40,117
218000177,246,273,-27
218000178,89,301,-212
218000179,66,122,-56
218000180,82,49,33
218000181,161,98,63
218000187,12,20,-8
218000188,78,69,9
218000189,39,61,-22
218000190,18,24,-6
218000191,132,69,63
218000192,220,433,-213
218000193,499,613,-114
218000194,132,612,-480
218000195,172,96,76
218000196,348,434,-86
218000197,226,410,-184
218000198,19,177,-158
218000199,80,48,32
218000200,109,46,63
218000201,20,9,11
218000202,329,372,-43
218000207,16,100,-84
218000208,101,88,13
218000211,118,22,96
218000212,2,6,-4
218000213,169,135,34
218000214,13,39,-26
218000215,48,83,-35
218000217,4,224,-220
218000218,228,186,42
218000219,271,52,219
218000220,420,351,69
218000221,3735,234,3501
218000222,103,35,68
218000223,49,320,-271
218000224,14,105,-91
218000225,170,33,137
218000226,113,83,30
218000230,0,9,-9
218000232,58,155,-97
218000239,287,21,266
218000240,37,6,31
218000241,57,0,57
218000242,115,3,112
218000243,76,3,73
218000244,51,4,47
218000245,18,1,17
218000246,4,1,3
218000247,6,0,6
218000248,0,20,-20
218000249,0,1,-1
218000250,11,4,7
218000251,5,26,-21
218000252,2,28,-26
218000253,7,29,-22
218000254,1,18,-17
218000255,5,16,-11
218000256,14,75,-61
218000267,1158,1651,-493
218000268,23,86,-63
218000269,5,14,-9
218000270,83,66,17
218000271,53,113,-60
218000273,9,16,-7
218000274,6,13,-7
218000275,18,58,-40
218000276,2,52,-50
218000278,28,51,-23
218000279,54,102,-48
218000280,12,65,-53
218000281,48,20,28
218000282,798,543,255
218000284,171,39,132
218000301,152,147,5
218000302,164,65,99
218000303,73,73,0
218000316,791,1997,-1206
218000317,1041,2090,-1049
218000318,414,1489,-1075
218000319,1410,2288,-878
218000320,1094,1296,-202
218000338,209,38,171
218000345,296,66,230
218000346,196,268,-72
218000459,45,387,-342
218000490,207,68,139
218000501,77,80,-3
218000502,48,143,-95
218000503,108,39,69
218000504,203,30,173
218000505,77,206,-129
218000506,47,358,-311
218000508,3,10,-7
218000510,287,9,278
218000520,153,160,-7
218000521,9,82,-73
218000522,0,130,-130
218000523,340,10,330
218000524,48,294,-246
218000525,220,27,193
218000526,55,141,-86
218000529,53,402,-349
218000530,3,3,0
218000531,6,49,-43
218000532,51,22,29
218000534,143,40,103
218000537,38,104,-66
218000538,160,162,-2
218000540,436,96,340
218000543,167,64,103
218000544,108,137,-29
218000545,73,74,-1
218000546,85,121,-36
218000547,81,121,-40
218000548,145,208,-63
218000549,416,254,162
218000550,366,526,-160
218000551,261,665,-404
218000552,625,47,578
218000553,105,106,-1
218000554,39,28,11
218000555,52,53,-1
218000556,164,505,-341
218000557,262,302,-40
218000558,198,3,195
218000559,0,29,-29
218000560,0,36,-36
218000561,28,0,28
218000562,51,281,-230
218000563,308,23,285
218000564,21,110,-89
218000565,201,39,162
218000566,496,56,440
218000567,7,79,-72
218000568,34,5,29
218000569,21,163,-142
218000570,232,12,220
218000571,1,116,-115
218000572,224,8,216
218000573,24,153,-129
218000574,177,89,88
218000575,182,0,182
218000576,0,74,-74
218000577,419,5,414
218000578,0,73,-73
218000579,62,68,-6
218000581,22,74,-52
218000582,101,7,94
218000583,7,0,7
218000584,1,33,-32
218000585,67,7,60
218000586,5,42,-37
218000587,35,0,35
218000588,1,1,0
218000589,1,5,-4
218000590,10,1,9
218000591,6,0,6
218000592,1,0,1
218000593,2,0,2
218000594,0,0,0
218000597,0,0,0
218000598,0,0,0
218000599,0,0,0
218000600,1,0,1
218000601,1,1,0
218000602,1,5,-4
218000603,0,2,-2
218000604,12,1,11
218000605,0,58,-58
218000606,172,0,172
218000607,19,56,-37
218000608,104,19,85
218000609,5,61,-56
218000610,208,7,201
218000611,73,2,71
218000612,0,32,-32
218000613,86,0,86
218000614,5,39,-34
218000615,318,0,318
218000616,12,149,-137
218000617,59,2,57
218000618,0,30,-30
218000619,73,47,26
218000620,6,16,-10
218000621,0,14,-14
218000622,0,22,-22
218000623,44,9,35
218000624,8,31,-23
218000625,15,4,11
218000626,0,20,-20
218000628,98,28,70
218000631,53,36,17
218000632,0,86,-86
218000633,139,2,137
218000634,16,11,5
218000635,19,21,-2
218000636,1023,2304,-1281
218000637,735,1013,-278
218000638,111,86,25
218000639,18,221,-203
218000640,154,41,113
218000641,74,359,-285
218000652,64,116,-52
218000653,158,77,81
218000663,9,231,-222
218000675,171,64,107
218000676,3,29,-26
218000677,2,10,-8
218000680,286,734,-448
218000681,451,333,118
218000691,182,530,-348
218000693,173,272,-99
218000703,15,81,-66
218000718,836,864,-28
218000719,1329,363,966
218000720,23,150,-127
218000721,240,23,217
218000725,21,5,16
218001147,7,376,-369
218001214,24,32,-8
218001258,181,8,173
218001329,219,264,-45
218001330,279,127,152
218001351,56,29,27
218001352,34,29,5
218001353,41,16,25
218001354,15,25,-10
218001355,39,581,-542
218001356,254,23,231
218001357,56,418,-362
218001358,209,30,179
218001361,215,23,192
218001362,2,422,-420
219000001,40,104,-64
219000002,80,86,-6
219000003,54,35,19
219000004,73,81,-8
219000017,492,43,449
219000020,115,58,57
219000022,132,3,129
219000023,107,5,102
219000029,0,150,-150
219000034,120,36,84
219000039,51,75,-24
219000040,88,38,50
219000041,220,71,149
219000051,0,43,-43
219000052,0,16,-16
219000053,5,249,-244
219000054,18,167,-149
219000055,143,4,139
219000056,64,0,64
219000057,198,0,198
219000062,40,247,-207
219000063,140,19,121
219000064,1,101,-100
219000110,373,73,300
219000111,128,38,90
219000112,236,59,177
219000113,163,70,93
219000114,327,108,219
219000116,58,60,-2
219000117,134,78,56
219000118,174,95,79
219000123,399,125,274
219000124,158,87,71
219000125,28,26,2
219000126,125,134,-9
219000127,0,8,-8
219000128,21,154,-133
219000129,33,204,-171
219000130,1005,1125,-120
219000131,1125,1175,-50
219000133,71,45,26
219000134,7,16,-9
219000135,68,53,15
219000136,192,247,-55
219000138,83,19,64
219000139,27,60,-33
219000140,39,11,28
219000141,8,206,-198
219000142,14,149,-135
219000143,27,159,-132
219000145,17,123,-106
219000146,8,88,-80
219000147,6,66,-60
219000148,7,61,-54
219000149,12,186,-174
219000150,1,138,-137
219000151,5,96,-91
219000157,242,206,36
219000158,192,405,-213
219000161,238,23,215
219000163,2063,614,1449
219000166,168,270,-102
219000167,125,321,-196
219000168,368,232,136
219000174,556,137,419
219000175,74,0,74
219000176,59,14,45
219000177,28,4,24
219000178,44,1,43
219000179,4,4,0
219000180,47,36,11
219000182,113,15,98
219000183,57,37,20
219000184,122,24,98
219000185,0,86,-86
219000186,55,101,-46
219000187,17,161,-144
219000189,187,241,-54
219000190,178,353,-175
219000191,2214,1870,344
219000192,254,184,70
219000193,553,235,318
219000195,0,106,-106
219000196,11,171,-160
219000198,24,213,-189
219000199,117,363,-246
219000200,58,365,-307
219000201,100,303,-203
219000203,71,183,-112
219000204,197,244,-47
219000205,81,249,-168
219000207,349,408,-59
219000209,43,137,-94
219000210,335,222,113
219000213,31,323,-292
219000239,264,420,-156
219000240,388,488,-100
219000241,113,369,-256
219000242,116,313,-197
219000243,153,467,-314
219000244,53,169,-116
219000245,111,68,43
219000246,139,52,87
219000247,111,56,55
219000248,756,365,391
219000249,209,137,72
219000250,236,121,115
219000251,723,239,484
219000252,375,192,183
219000253,331,73,258
219000255,150,176,-26
219000256,148,113,35
219000257,312,5,307
219000262,80,286,-206
219000263,80,354,-274
219000267,3,225,-222
219000268,6,7,-1
219000269,25,15,10
219000270,23,1,22
219000271,185,17,168
219000278,2,11,-9
219000279,0,2,-2
219000283,0,26,-26
219000295,7,152,-145
219000296,115,695,-580
219000297,17,270,-253
219000298,8,240,-232
219000299,475,153,322
219000300,35,392,-357
219000301,308,522,-214
219000302,45,356,-311
219000307,44,72,-28
219000308,60,30,30
219000311,245,67,178
219000312,608,100,508
219000313,305,76,229
219000314,82,822,-740
219000315,217,54,163
219000316,477,96,381
219000317,77,10,67
219000320,0,63,-63
219000321,0,16,-16
219000323,12,99,-87
219000325,0,29,-29
219000326,74,184,-110
219000327,96,51,45
219000328,50,41,9
219000329,311,195,116
219000330,44,42,2
219000331,93,37,56
219000332,84,144,-60
219000333,8,3,5
219000335,92,0,92
219000337,28,2,26
219000338,261,1,260
219000344,41,131,-90
219000345,59,130,-71
219000346,64,176,-112
219000348,194,211,-17
219000349,67,286,-219
219000350,89,237,-148
219000351,24,2,22
219000352,224,61,163
219000353,120,77,43
219000354,134,198,-64
219000355,151,86,65
219000356,2665,1287,1378
219000363,316,71,245
219000364,100,47,53
219000365,154,32,122
219000366,344,583,-239
219000368,708,510,198
219000370,1748,446,1302
219000371,15,42,-27
219000382,7,32,-25
219000383,1191,1215,-24
219000385,688,682,6
219000386,1208,2082,-874
219000387,10,10,0
219000390,30,12,18
219000391,10,0,10
219000397,98,108,-10
219000398,76,63,13
219000401,12,199,-187
219000402,37,190,-153
219000403,229,374,-145
219000404,33,128,-95
219000407,5,34,-29
219000409,73,81,-8
219000410,81,55,26
219000411,70,24,46
219000446,252,519,-267
219000447,0,47,-47
219000448,14,37,-23
219000452,233,98,135
219000453,153,221,-68
219000454,549,234,315
219000556,339,122,217
219000558,195,356,-161
219000590,27,252,-225
219000591,73,77,-4
219000592,137,578,-441
219000595,3,35,-32
219000635,184,121,63
219000636,33,183,-150
219000657,26,22,4
219000658,25,84,-59
219000673,0,15,-15
219000676,44,3,41
219000679,160,9,151
219000684,169,1,168
219000685,1,87,-86
219000686,2,7,-5
219000688,0,131,-131
219000689,28,425,-397
219000690,297,30,267
219000691,46,300,-254
219000692,200,41,159
219000693,1,27,-26
219000694,6,1,5
219000695,14,8,6
219000698,88,0,88
219000699,0,18,-18
219000727,4,266,-262
219000728,95,10,85
219000770,64,7,57
219000771,3,42,-39
219000788,574,252,322
219001150,0,32,-32
219001151,2,0,2
219001166,55,8,47
219001167,1,140,-139
219001178,98,5,93
220000001,177,115,62
220000002,22,218,-196
220000003,782,381,401
220000004,1448,837,611
220000005,2089,1974,115
220000006,315,1208,-893
220000007,483,834,-351
220000008,577,1616,-1039
220000009,352,728,-376
220000010,419,331,88
220000011,1266,5186,-3920
220000012,128,803,-675
220000014,313,73,240
220000015,267,268,-1
220000017,71,540,-469
220000018,8179,3897,4282
220000019,188,398,-210
220000020,614,361,253
220000021,652,268,384
220000022,707,613,94
220000023,252,223,29
220000024,2292,472,1820
220000025,1385,923,462
220000026,347,210,137
220000027,17,128,-111
220000028,85,53,32
220000029,117,360,-243
220000030,201,156,45
220000031,432,478,-46
220000064,37,864,-827
221000046,15,0,15
221000047,0,3,-3
221000048,0,3,-3
221000049,0,9,-9
221000050,15,0,15
221000055,72,61,11
221000057,52,11,41
221000068,312,194,118
221000069,370,109,261
221000070,193,42,151
221000071,104,4,100
221000072,381,11,370
221000073,190,74,116
221000074,4,25,-21
221000075,29,26,3
221000076,24,56,-32
221000077,43,144,-101
221000081,45,5,40
221000082,83,12,71
221000083,83,5,78
221000084,15,3,12
221000085,18,100,-82
221000086,25,158,-133
221000087,12,217,-205
221000088,16,241,-225
221000089,52,364,-312
221000090,191,614,-423
221000098,139,21,118
221000099,165,22,143
221000100,86,4,82
221000101,291,36,255
221000102,176,24,152
221000109,12,79,-67
221000110,19,107,-88
221000111,21,276,-255
221000112,7,234,-227
221000113,30,261,-231
221000114,4,250,-246
221000120,36,50,-14
221000121,6,37,-31
221000122,94,43,51
221000123,20,24,-4
221000124,74,329,-255
221000155,75,21,54
221000156,102,52,50
221000175,4,22,-18
221000176,4,1,3
221000182,51,18,33
221000241,883,287,596
221000242,214,637,-423
221000243,911,155,756
221000244,251,686,-435
221000245,225,174,51
221000246,50,382,-332
221000247,123,190,-67
221000248,287,241,46
221000267,101,980,-879
221000325,68,77,-9
221000331,39,122,-83
221000338,84,42,42
221000378,253,39,214
221000381,99,107,-8
222000282,31,1,30
222000296,10,30,-20
222000568,383,12,371
222000569,213,19,194
222000570,184,12,172
222000571,409,17,392
222000577,13,273,-260
222000578,19,246,-227
222000579,29,189,-160
222000580,86,1024,-938
222000599,1,144,-143
222000600,3,407,-404
222000601,16,1231,-1215
222000603,35,34,1
222000604,32,53,-21
222000605,28,34,-6
222000606,2,18,-16
222000607,28,5,23
222000608,82,9,73
222000609,69,375,-306
222000616,203,68,135
222000617,15,18,-3
222000618,29,6,23
222000620,78,10,68
222000621,78,10,68
222000623,593,13,580
222000624,304,8,296
222000625,441,18,423
222000636,105,4,101
222000686,102,7,95
222000687,54,29,25
222001066,314,4,310
222001067,10,5,5
222001068,26,37,-11
222001069,36,47,-11
222001082,23,39,-16
222001083,18,38,-20
222001084,0,41,-41
222001085,1,156,-155
222001111,24,179,-155
222001112,93,52,41
222001313,103,2,101
222001314,7,96,-89
222001464,139,82,57
222001465,44,269,-225
222001484,121,79,42
222001485,32,64,-32
222001494,419,179,240
222001495,122,528,-406
222001496,313,119,194
222001497,164,718,-554
222001502,12,107,-95
222001503,92,82,10
222001504,23,293,-270
222001505,266,47,219
222001506,26,246,-220
222001507,244,39,205
222001510,403,21,382
222001511,31,449,-418
222001514,610,159,451
222001515,214,850,-636
222001518,184,66,118
222001519,48,338,-290
222001527,226,56,170
222001528,62,157,-95
222001529,162,33,129
222001530,44,233,-189
222001533,132,358,-226
222001534,241,68,173
222001535,234,295,-61
222001536,77,456,-379
222001537,308,36,272
222001538,64,570,-506
222001563,428,84,344
222001564,67,898,-831
222001568,477,118,359
222001576,7,2,5
222001579,0,15,-15
222001583,32,230,-198
222001584,136,50,86
222001596,583,1730,-1147
222001597,1404,303,1101
222001626,2,197,-195
222001650,78,77,1
222001651,122,175,-53
222001914,172,51,121
222001915,49,258,-209
222001968,454,304,150
222001969,545,1074,-529
222001970,307,384,-77
222001971,24,27,-3
222001972,0,20,-20
225000001,705,345,360
225000002,787,229,558
225000003,560,190,370
225000004,437,491,-54
225000005,56,94,-38
225000006,0,250,-250
225000007,4280,1828,2452
225000010,404,11,393
225000011,683,1942,-1259
225000012,208,870,-662
225000013,239,258,-19
225000014,2075,147,1928
225000015,146,319,-173
225000021,960,449,511
225000027,366,815,-449
225000032,807,265,542
225000042,116,1159,-1043
225000049,42,94,-52
225000050,94,22,72
225000053,11,508,-497
225000058,1256,202,1054
225000067,179,267,-88
225000068,127,671,-544
225000069,216,773,-557
225000070,101,821,-720
225000071,62,399,-337
225000075,34,1722,-1688
225000076,143,150,-7
225000078,185,91,94
225000085,60,162,-102
225000086,804,71,733
225000087,389,39,350
225000088,27,196,-169
225000089,392,1162,-770
225000090,27,570,-543
225000091,169,307,-138
225000092,35,113,-78
225000093,231,593,-362
225000094,15,687,-672
225000095,460,728,-268
225000096,518,764,-246
225000098,837,375,462
225000099,422,235,187
225000100,257,178,79
225000104,105,617,-512
225000110,12,730,-718
225000111,360,1717,-1357
225000112,786,1535,-749
225000113,243,786,-543
225000114,110,429,-319
225000115,3465,910,2555
225000116,1456,278,1178
225000117,1268,554,714
225000118,1045,493,552
225000119,250,164,86
225000120,733,72,661
225000121,463,39,424
225000123,2723,25,2698
225000125,518,454,64
225000126,2024,373,1651
225000127,1413,1674,-261
225000128,645,1010,-365
225000132,273,39,234
225000133,354,33,321
225000134,607,158,449
225000135,72,8,64
225000136,231,25,206
225000137,137,102,35
225000138,526,67,459
225000143,149,258,-109
225000144,4,475,-471
225000145,53,78,-25
225000146,51,143,-92
225000147,48,428,-380
225000148,9,333,-324
225000149,88,724,-636
225000151,33,415,-382
225000155,504,762,-258
225000156,515,1235,-720
225000157,348,541,-193
225000158,152,518,-366
225000171,6,210,-204
225000180,46,0,46
225000181,0,98,-98
225000182,110,13,97
225000185,7,548,-541
225000187,55,579,-524
225000191,135,2,133
225000194,0,19,-19
225000208,0,48,-48
225000209,132,51,81
225000210,3,490,-487
225000217,0,38,-38
225000218,14,1,13
225000223,3,112,-109
225000224,326,1,325
225000225,1,255,-254
225000226,341,2,339
225000227,49,162,-113
225000228,23,19,4
225000229,0,134,-134
225000230,20,0,20
225000231,0,129,-129
225000232,99,2,97
225000241,155,2,153
225000242,2,75,-73
225000249,15,1,14
225000250,46,1416,-1370
225000251,374,66,308
226000042,750,705,45
226000043,136,345,-209
226000044,327,875,-548
226000045,145,557,-412
226000046,753,125,628
226000047,591,136,455
226000048,494,120,374
226000049,463,207,256
226000070,0,135,-135
226000071,0,121,-121
226000072,0,33,-33
226000073,0,27,-27
226000074,0,21,-21
226000084,8,93,-85
226000085,6,11,-5
226000086,4,14,-10
226000087,2,23,-21
226000088,56,13,43
226000090,339,86,253
226000091,14,14,0
226000092,4,2,2
226000093,66,1,65
226000094,74,5,69
226000095,71,5,66
226000105,24,4,20
226000106,37,0,37
226000107,19,0,19
226000108,81,1,80
226000109,111,1,110
226000124,300,96,204
226000134,517,683,-166
226000135,1033,982,51
226000136,356,664,-308
226000137,6,803,-797
226000138,20,580,-560
226000139,8,24,-16
226000156,137,6,131
226000157,106,12,94
226000163,125,42,83
226000202,15,803,-788
226000231,374,9,365
226000232,63,10,53
227000033,303,194,109
227000036,251,72,179
227000037,172,56,116
227000038,305,83,222
227000049,0,17,-17
227000050,0,58,-58
227000055,114,1,113
227000056,108,0,108
227000084,3,70,-67
227000085,0,50,-50
227000088,216,10,206
227000089,227,10,217
227000090,178,5,173
227000091,33,4,29
227000093,316,0,316
227000094,44,0,44
227000130,48,65,-17
227000131,14,257,-243
227000132,27,262,-235
227000133,18,273,-255
227000134,17,508,-491
227000152,0,6,-6
227000153,0,57,-57
227000155,1,22,-21
227000156,1,9,-8
227000165,8,28,-20
227000196,264,435,-171
227000199,237,911,-674
227000230,16,916,-900
227000232,382,44,338
227000242,30,565,-535
227000243,575,155,420
227000245,10,421,-411
227000246,72,639,-567
227000247,335,177,158
227000248,511,49,462
227000249,32,312,-280
227000250,802,275,527
227000251,207,372,-165
227000252,21,433,-412
227000253,88,28,60
227000262,264,77,187
227000266,920,15,905
227000267,76,3239,-3163
227000282,3,335,-332
227000284,375,32,343
227000286,6,86,-80
227000287,7,118,-111
227000291,15,921,-906
227000484,519,25,494
227000485,15,1403,-1388
227000655,88,33,55
227000656,692,25,667
227000657,46,35,11
227000661,622,16,606
227000680,443,74,369
229000265,61,79,-18
229000296,0,57,-57
229000297,3,47,-44
229000298,21,309,-288
229000320,6,17,-11
229000321,26,5,21
229000412,46,45,1
229000414,11,129,-118
229000415,15,4,11
229000416,1,7,-6
229000417,13,25,-12
229000419,149,489,-340
229000440,267,114,153
229000442,32,4,28
229000443,4,6,-2
229000444,7,47,-40
229000445,59,19,40
229000446,101,36,65
229000491,1,18,-17
229000492,9,87,-78
229000493,1,71,-70
229000494,8,2,6
229000495,41,1,40
229000496,27,2,25
229000507,0,17,-17
229000508,1,4,-3
229000509,0,14,-14
229000510,0,18,-18
229000511,2,25,-23
229000512,0,24,-24
229000513,0,3,-3
229000514,0,0,0
229000517,0,5,-5
229000518,17,26,-9
229000519,2,13,-11
229000520,7,22,-15
229000521,16,12,4
229000522,3,2,1
229000523,3,3,0
229000524,0,2,-2
229000527,3,0,3
229000528,0,1,-1
229000529,6,0,6
229000530,47,1,46
229000531,25,1,24
229000532,25,1,24
229000533,48,1,47
229000534,26,1,25
229000564,15,2,13
229000565,3,0,3
229000566,0,1,-1
229000567,0,11,-11
229000582,66,3,63
229000583,18,1,17
229000584,0,7,-7
229000585,0,27,-27
229000718,0,0,0
229000719,0,0,0
229000720,0,0,0
229000721,0,0,0
229000722,0,4,-4
229000723,0,1,-1
229000724,0,1,-1
229000725,0,0,0
229000738,0,0,0
229000739,1,0,1
229000740,2,0,2
229000741,15,0,15
229000742,5,0,5
229000743,21,0,21
229000744,3,0,3
229000745,2,0,2
229000746,22,0,22
229000847,42,0,42
229000848,14,0,14
229000849,163,2,161
229000851,45,0,45
229000854,0,48,-48
229000856,1,150,-149
229000857,0,33,-33
229000858,0,106,-106
229000919,21,111,-90
229000930,3,268,-265
229000937,86,23,63
229000966,51,28,23
229000981,18,96,-78
229000985,12,48,-36
229000986,1,6,-5
229000987,0,1,-1
229000988,0,5,-5
229000989,28,24,4
229000990,0,0,0
229000991,0,5,-5
229000992,17,12,5
229000993,305,14,291
229000998,11,102,-91
229000999,100,20,80
229001034,0,12,-12
229001035,12,1,11
229001037,63,11,52
229001042,7,22,-15
229001047,5,68,-63
229001050,53,87,-34
229001168,0,1,-1
229001200,10,2,8
229001338,6,24,-18
229001394,240,11,229
229001422,133,23,110
229001423,35,165,-130
229001431,49,70,-21
229001432,55,98,-43
229001444,106,53,53
229001445,32,312,-280
229001479,7,4,3
229001503,197,86,111
229001504,96,306,-210
229001505,136,45,91
229001506,70,308,-238
229001509,41,48,-7
229001545,70,12,58
229001546,4,114,-110
229001553,53,16,37
229001554,15,116,-101
229001559,13,12,1
229001560,0,34,-34
229001630,101,14,87
229001631,4,73,-69
229001635,0,19,-19
229001636,3,1,2
229001658,1,134,-133
229001659,61,3,58
229001660,5,0,5
229001661,13,14,-1
229001662,64,0,64
229001663,0,25,-25
229002584,250,220,30
229002831,447,212,235
229002841,3,7,-4
229002842,13,25,-12
229002843,150,35,115
229002844,164,48,116
229002845,17,50,-33
229002846,54,13,41
229002847,48,8,40
229002848,30,25,5
229002849,6,54,-48
229002850,9,1,8
229002851,113,131,-18
229002852,182,20,162
229002853,165,13,152
229002854,78,37,41
229002855,18,16,2
229002856,78,29,49
229002857,10,38,-28
229002858,7,26,-19
229002859,65,26,39
229002860,154,18,136
229002861,43,29,14
229002862,53,23,30
229002863,43,38,5
229002864,51,56,-5
229002865,12,15,-3
229002866,11,16,-5
229002867,17,30,-13
229002868,40,10,30
229002869,45,157,-112
229002870,52,2,50
235000066,558,101,457
235000067,113,171,-58
235000072,32,92,-60
235000073,81,346,-265
235000074,41,82,-41
235000080,59,121,-62
235000081,85,152,-67
235000082,146,108,38
235000083,159,180,-21
235000084,92,79,13
235000085,65,93,-28
235000089,24,46,-22
235000092,19,212,-193
235000093,9,3,6
235000097,15,8,7
235000098,35,19,16
235000099,59,29,30
235000116,78,30,48
235000117,1154,29,1125
235000133,13,455,-442
235000134,19,165,-146
235000206,9,2,7
235000207,1,2,-1
235000208,5,1,4
235000209,9,2,7
235000210,18,0,18
235000212,1,22,-21
235000213,3,7,-4
235000220,1,6,-5
235000221,170,17,153
235000238,74,58,16
235000239,5,12,-7
235000242,449,410,39
235000245,1180,195,985
235000246,29,64,-35
235000284,7,135,-128
235000295,187,23,164
235000305,235,70,165
235000306,93,17,76
235000307,17,5,12
235000308,38,5,33
235000309,74,0,74
235000310,117,1,116
235000311,475,9,466
235000322,0,42,-42
235000323,0,58,-58
235000324,1,23,-22
235000325,1,9,-8
235000326,23,250,-227
235000351,3,89,-86
235000352,15,65,-50
235000353,4,29,-25
235000354,14,44,-30
235000355,23,64,-41
235000356,136,7,129
235000357,34,17,17
235000358,66,12,54
235000359,10,4,6
235000360,66,19,47
235000361,102,3,99
235000381,84,376,-292
235000382,104,92,12
235000390,13,6,7
235000391,98,21,77
235000392,99,223,-124
235000393,71,132,-61
235000395,56,69,-13
235000396,329,122,207
235000400,238,152,86
235000401,211,195,16
235000405,152,257,-105
235000406,65,294,-229
235000407,83,107,-24
235000409,230,198,32
235000410,43,305,-262
235000411,1,110,-109
235000485,0,8,-8
235000486,12,0,12
235000549,57,142,-85
235000550,59,266,-207
235000599,79,84,-5
235000600,13,23,-10
235000601,17,58,-41
235000602,86,157,-71
235000614,1,1,0
235000648,0,27,-27
235000649,45,7,38
235000685,0,7,-7
235000815,11,43,-32
235000834,1,18,-17
235000855,77,104,-27
235000862,48,250,-202
235000891,0,8,-8
235000892,61,2,59
235000901,73,100,-27
235000907,8,16,-8
235001010,41,129,-88
235001029,663,545,118
235001030,391,305,86
235001078,80,145,-65
235001079,101,139,-38
235001147,18,109,-91
235001166,15,106,-91
235001167,14,60,-46
235001169,25,358,-333
235001188,7,5,2
235001189,14,0,14
235001197,23,46,-23
235001200,47,53,-6
235001207,280,98,182
235001210,93,385,-292
235001215,61,318,-257
235001239,2,49,-47
235001244,0,13,-13
235016267,0,23,-23
277101746,0,1,-1
277102712,0,0,0
277103813,0,0,0
277103814,0,1,-1
277103898,0,1,-1
277104249,0,4,-4
277104250,0,21,-21
277104251,0,15,-15
277104252,0,2,-2
990011530,0,286,-286
990014944,5,573,-568
990015176,89,6,83
990015618,1,104,-103
990016032,0,547,-547
990032570,8,68,-60
990070001,143,0,143
990070103,0,3,-3
990070601,3,52,-49
990070751,384,2,382
990070766,7,771,-764
990071180,872,306,566
990071343,76,1,75
990071387,2,14,-12
990071823,597,6,591
990072600,2,887,-885
990072964,2,555,-553
990073285,0,2,-2
990074393,1,1212,-1211
990074870,1040,10,1030
990075106,975,5,970
990075746,453,5,448
990076437,863,6,857
990076458,9,1316,-1307
997000007,412,4,408
997000041,0,123,-123
997000058,36,0,36
997000062,189,3,186
997000069,0,6,-6
997000070,1,109,-108
997000100,36,4,32
997000141,3,518,-515
997000198,724,1219,-495
998000475,0,29,-29
998000736,1,305,-304
998000965,0,25,-25
998001031,0,55,-55
998001700,0,21,-21
998001899,0,3,-3
998001900,7,0,7
998003073,1008,15,993
998101900,0,0,0
998102850,3,80,-77
998501927,961,598,363
998501929,100,4,96
998501930,60,0,60
998501931,128,28,100
998501932,4,0,4
998501933,71,4,67
998501937,37,1,36
998501944,13,0,13
998501950,2,10,-8
998501970,43,6,37
998501971,0,72,-72
998501973,0,61,-61
998501974,1,313,-312
998501975,583,1,582
998501976,220,1,219
998501977,4,23,-19
998501978,41,0,41
998501979,0,14,-14
998501980,339,3,336
998501981,18,5,13
998501982,0,123,-123
998501983,0,2,-2
998502006,0,0,0
998502024,0,6,-6
998502032,0,3,-3
998502062,11,1,10
998502063,0,0,0
998502173,19,0,19
998502269,0,1,-1
998502546,2,176,-174
998502578,3,1,2
998502599,261,671,-410
998601159,1,227,-226
998601292,0,14,-14
999033574,3,1467,-1464
999800001,44,1,43
999800002,0,2,-2
999800003,4,0,4
999800004,0,4,-4
999800005,0,4,-4
