ID,insum,outsum,diff
100000001,406,613,-207
100000002,2295,2333,-38
100000003,3719,3493,226
100000004,794,635,159
100000005,1593,3472,-1879
100000006,395,131,264
100000007,1145,569,576
100000008,143,399,-256
100000009,231,168,63
100000010,45,55,-10
100000011,950,135,815
100000012,130,765,-635
100000013,22,176,-154
100000014,256,274,-18
100000015,1136,1451,-315
100000016,761,893,-132
100000017,461,509,-48
100000018,1159,369,790
100000019,2922,1578,1344
100000020,1266,3592,-2326
100000021,3268,1517,1751
100000022,1079,1515,-436
100000023,3517,1197,2320
100000025,1151,954,197
100000028,1190,787,403
100000029,158,209,-51
100000030,203,32,171
100000031,2704,3987,-1283
100000032,1547,2281,-734
100000033,659,1523,-864
100000034,371,451,-80
100000035,1001,959,42
100000036,1210,975,235
100000037,505,296,209
100000038,1678,722,956
100000039,407,188,219
100000040,131,149,-18
100000041,912,446,466
100000042,880,464,416
100000043,868,404,464
100000044,306,657,-351
100000045,533,1074,-541
100000046,538,607,-69
100000047,225,354,-129
100000048,270,432,-162
100000049,1181,1245,-64
100000051,319,587,-268
100000053,179,2,177
100000054,551,21,530
100000055,1388,206,1182
100000056,536,373,163
100000057,1530,520,1010
100000058,770,810,-40
100000059,2,107,-105
100000060,347,234,113
100000061,1797,393,1404
100000062,1385,507,878
100000063,636,200,436
100000064,1165,257,908
100000065,404,586,-182
100000066,171,419,-248
100000067,320,568,-248
100000068,376,1213,-837
100000069,199,930,-731
100000072,202,599,-397
100000073,715,747,-32
100000075,595,254,341
100000076,1174,1789,-615
100000077,257,230,27
100000078,30,34,-4
100000079,32,32,0
100000080,16,57,-41
100000081,96,164,-68
100000102,2084,1749,335
100000103,1887,1197,690
100000104,2663,1828,835
100000105,2016,1056,960
100000106,1385,1744,-359
100000107,335,699,-364
100000108,510,662,-152
100000109,1912,963,949
100000116,1159,804,355
100000117,57,85,-28
100000118,1168,1051,117
100000119,510,694,-184
100000121,188,274,-86
100000122,540,629,-89
100000123,1686,2772,-1086
100000124,3679,4435,-756
100000125,2590,1472,1118
100000126,492,320,172
100000127,1049,291,758
100000128,1308,1983,-675
100000129,306,336,-30
100000130,325,308,17
100000131,1622,1887,-265
100000132,824,2202,-1378
100000133,3112,1628,1484
100000135,520,947,-427
100000139,321,269,52
100000140,325,278,47
100000142,379,446,-67
100000143,1162,432,730
100000144,2386,552,1834
100000147,997,2417,-1420
100000150,50,289,-239
100000151,753,987,-234
100000153,176,333,-157
100000154,27,171,-144
100000155,21,44,-23
100000156,398,500,-102
100000157,95,93,2
100000158,318,93,225
100000159,196,469,-273
100000165,1203,698,505
100000169,117,390,-273
100000174,407,407,0
100000179,103,394,-291
100000180,674,843,-169
100000181,557,177,380
100000188,69,158,-89
100000189,610,263,347
100000190,837,1103,-266
100000191,593,475,118
100000192,41,76,-35
100000193,310,140,170
100000330,918,598,320
100000355,225,465,-240
100000362,3578,2116,1462
100000363,3201,3444,-243
100000364,251,263,-12
100000365,4474,5847,-1373
100000366,4934,2496,2438
100000367,4557,4911,-354
100000368,2164,1283,881
100000369,607,1425,-818
100000370,114,684,-570
100000376,80,122,-42
100000379,1430,1079,351
100000380,2952,2930,22
100000384,4047,3931,116
100000385,3182,3114,68
100000386,6036,3703,2333
100000387,4027,4280,-253
100000388,5306,4493,813
100000389,5013,4787,226
100000390,5776,5080,696
100000391,4766,5962,-1196
100000392,3459,3147,312
100000393,2418,4112,-1694
100000394,6425,6732,-307
100000395,4244,3471,773
100000396,7609,3322,4287
100000397,4788,6779,-1991
100000398,8082,6333,1749
100000413,8,6,2
100900002,16,36,-20
100900003,267,156,111
100900004,11,426,-415
100900005,94,26,68
100900006,38,68,-30
100900007,207,8,199
100900008,5,353,-348
100900009,48,81,-33
100900010,61,60,1
100900011,91,107,-16
100900012,0,120,-120
100900013,486,7,479
100900014,1,6,-5
100900015,95,46,49
100900016,6,29,-23
100900017,455,65,390
100900018,0,12,-12
100900019,12,84,-72
100900020,154,13,141
100900021,321,0,321
100900022,12,19,-7
100900023,0,8,-8
100900024,381,1,380
100900025,6,16,-10
100900026,89,61,28
100900027,366,1577,-1211
100900028,84,128,-44
100900029,32,5,27
100900030,0,70,-70
100900031,474,45,429
100900032,214,0,214
100900033,177,116,61
100900034,323,3,320
100900035,391,1,390
100900036,10,0,10
100900037,85,95,-10
100900038,72,41,31
100900039,212,480,-268
100900040,349,387,-38
100900041,717,467,250
100900042,1011,1364,-353
100900043,0,11,-11
100900044,1261,351,910
100900045,11,1,10
100900046,702,11,691
100900047,583,192,391
100900048,130,22,108
100900049,44,120,-76
100900050,0,4,-4
100900051,26,53,-27
100900052,149,25,124
100900053,284,15,269
100900054,6,24,-18
100900055,134,447,-313
100900056,86,115,-29
100900057,925,715,210
100900058,113,25,88
100900059,72,3,69
100900060,142,2,140
100900061,313,137,176
100900062,2,23,-21
100900063,189,486,-297
100900064,504,21,483
100900065,71,65,6
100900066,127,147,-20
100900067,2,7,-5
100900068,36,47,-11
100900069,239,9,230
100900070,258,8,250
100900071,592,194,398
100900072,1,12,-11
100900073,101,214,-113
100900074,0,3,-3
100900075,929,243,686
100900076,6,19,-13
100900077,31,33,-2
100900078,48,155,-107
100900079,3,9,-6
100900080,32,92,-60
100900081,16,75,-59
100900082,101,358,-257
100900083,8,27,-19
100900085,7,228,-221
100900086,76,312,-236
100900088,122,369,-247
100900089,9,21,-12
100900090,73,273,-200
100900091,6,10,-4
100900092,115,110,5
100900093,193,148,45
100900094,114,309,-195
100900095,0,27,-27
100900096,27,96,-69
100900097,0,0,0
100900098,26,17,9
100900099,30,397,-367
100900100,4,278,-274
100900101,177,28,149
100900102,9,35,-26
100900103,7,32,-25
100900104,8,109,-101
100900105,9,231,-222
100900106,42,3,39
100900107,1201,666,535
100900108,2,8,-6
100900109,12,32,-20
100900110,4,18,-14
100900111,26,132,-106
100900112,0,12,-12
100900113,16,35,-19
100900114,12,6,6
100900115,2,33,-31
100900116,448,299,149
100900117,240,548,-308
100900118,5,36,-31
100900119,10,4,6
100900120,9,10,-1
100900121,165,278,-113
100900122,105,103,2
100900123,64,136,-72
100900124,10,13,-3
100900125,9,64,-55
100900126,131,102,29
100900127,0,10,-10
100900128,54,104,-50
100900129,1,104,-103
100900131,64,143,-79
100900133,41,18,23
100900134,0,6,-6
100900135,0,120,-120
100900137,218,130,88
100900138,307,367,-60
100900139,4,3,1
100900140,0,279,-279
100900141,3,332,-329
100900142,3,11,-8
100900143,451,306,145
100900144,18,7,11
100900145,68,158,-90
100900146,10,35,-25
100900147,5,246,-241
100900148,35,418,-383
100900149,35,162,-127
100900150,10,31,-21
100900151,70,262,-192
100900152,76,13,63
100900153,2,101,-99
100900154,4,46,-42
100900155,14,15,-1
100900156,10,4,6
100900157,2,110,-108
100900159,0,14,-14
100900160,14,9,5
100900161,59,5,54
100900162,14,131,-117
100900163,106,126,-20
100900164,38,43,-5
100900165,8,19,-11
100900166,22,2,20
100900167,15,37,-22
100900168,41,109,-68
100900169,96,551,-455
100900170,22,4,18
100900171,5,289,-284
100900172,0,17,-17
100900173,5,231,-226
100900174,92,20,72
100900176,944,104,840
100900177,448,167,281
100900178,126,92,34
100900179,105,132,-27
100900180,13,5,8
100900181,69,58,11
100900182,15,25,-10
100900184,11,92,-81
100900186,316,326,-10
100900187,8,62,-54
100900188,18,1,17
100900189,599,161,438
100900191,736,763,-27
100900192,269,317,-48
100900195,88,61,27
100900197,63,38,25
100900198,25,96,-71
100900199,3,12,-9
100900200,434,281,153
100900201,33,313,-280
100900202,66,0,66
100900203,0,162,-162
100900204,85,267,-182
100900205,151,337,-186
100900206,119,47,72
100900207,185,131,54
100900210,50,315,-265
100900211,264,93,171
100900213,80,30,50
100900214,457,110,347
100900215,8,48,-40
100900217,79,98,-19
101000001,2361,1373,988
101000002,3329,3508,-179
101000003,382,692,-310
101000004,4750,3965,785
101000005,2351,2953,-602
101000006,3416,4050,-634
101000007,1437,2200,-763
101000008,2232,1786,446
101000009,1516,996,520
101000010,679,803,-124
101000011,938,307,631
101000012,1018,539,479
101000013,493,754,-261
101000014,358,462,-104
101000015,800,654,146
101000016,230,292,-62
101000017,424,372,52
101000018,2755,1630,1125
101000020,2092,741,1351
101000021,672,284,388
101000022,123,54,69
101000023,1307,510,797
101000025,206,289,-83
101000026,200,19,181
101000027,1461,1796,-335
101000028,700,225,475
101000029,160,1157,-997
101000030,1322,84,1238
101000031,589,446,143
101000032,5473,3404,2069
101000033,1959,2321,-362
101000034,1735,1227,508
101000035,666,273,393
101000036,1590,836,754
101000037,2738,1458,1280
101000039,2094,1880,214
101000040,2358,2699,-341
101000041,5769,4878,891
101000042,285,740,-455
101000043,4522,4724,-202
101000045,1094,719,375
101000046,2675,1339,1336
101000047,1802,2628,-826
101000048,497,449,48
101000049,530,1233,-703
101000050,1322,1383,-61
101000051,1367,1835,-468
101000052,1185,803,382
101000053,916,1118,-202
101000054,1562,790,772
101000055,1151,1033,118
101000056,64,94,-30
101000057,1461,841,620
101000058,976,801,175
101000059,1670,1754,-84
101000060,1367,570,797
101000061,753,955,-202
101000062,798,609,189
101000063,448,760,-312
101000064,988,828,160
101000065,321,328,-7
101000066,881,768,113
101000067,1137,819,318
101000068,279,354,-75
101000069,371,74,297
101000070,962,773,189
101000071,1278,653,625
101000072,673,2425,-1752
101000073,744,1009,-265
101000074,4112,2759,1353
101000075,3353,4109,-756
101000077,1194,935,259
101000078,690,1692,-1002
101000079,505,395,110
101000080,468,447,21
101000081,1620,1366,254
101000082,2574,2572,2
101000083,2176,1861,315
101000084,1037,664,373
101000085,1329,1005,324
101000086,984,916,68
101000087,825,819,6
101000088,1101,874,227
101000089,934,1171,-237
101000090,1552,1095,457
101000091,350,701,-351
101000092,966,743,223
101000093,1185,704,481
101000094,818,831,-13
101000095,399,427,-28
101000096,296,441,-145
101000097,464,328,136
101000098,322,372,-50
101000099,837,757,80
101000100,657,587,70
101000101,300,300,0
101000102,550,413,137
101000103,715,386,329
101000104,352,560,-208
101000105,424,400,24
101000106,524,629,-105
101000107,239,317,-78
101000108,719,223,496
101000109,269,45,224
101000110,36,321,-285
101000111,91,204,-113
101000113,164,405,-241
101000114,6063,4598,1465
101000115,147,134,13
101000116,150,87,63
101000117,1145,213,932
101000119,86,48,38
101000120,118,39,79
101000121,74,52,22
101000122,121,75,46
101000123,50,95,-45
101000124,496,253,243
101000125,170,364,-194
101000128,283,263,20
101000130,199,265,-66
101000131,679,440,239
101000132,572,570,2
101000135,43,32,11
101000136,501,174,327
101000137,26,323,-297
101000141,1070,2075,-1005
101000147,664,310,354
101000148,678,12,666
101000149,201,302,-101
101000150,117,459,-342
101000151,150,39,111
101000152,244,260,-16
101000153,419,223,196
101000154,243,703,-460
101000155,226,135,91
101000156,12,225,-213
101000157,31,9,22
101000160,33,61,-28
101000163,177,261,-84
101000164,313,259,54
101000165,183,314,-131
101000166,177,267,-90
101000168,705,364,341
101000252,1607,829,778
101000254,299,85,214
101000258,42,9,33
101000261,106,29,77
101000262,789,1656,-867
101000263,164,658,-494
101000265,57,579,-522
101000266,279,163,116
101000269,26,7,19
101000290,835,1561,-726
101000293,41,65,-24
101000294,567,357,210
101000295,132,376,-244
101000301,467,346,121
101000304,1549,1853,-304
101000305,2341,1017,1324
101000328,69,289,-220
101900001,25,97,-72
101900002,0,13,-13
101900003,74,69,5
101900004,1,41,-40
101900005,2473,1785,688
101900006,646,44,602
101900007,486,158,328
101900008,60,223,-163
101900009,30,226,-196
101900010,663,519,144
101900011,149,625,-476
101900012,124,100,24
101900013,587,173,414
101900017,10,79,-69
101900018,947,192,755
101900019,185,118,67
101900020,39,41,-2
101900021,0,50,-50
101900022,79,720,-641
101900023,92,103,-11
101900026,82,29,53
101900027,16,83,-67
102000001,1804,3043,-1239
102000002,1737,863,874
102000003,2318,4782,-2464
102000004,4071,2116,1955
102000005,1076,1590,-514
102000006,995,1364,-369
102000007,1068,3272,-2204
102000008,2769,1137,1632
102000009,4416,5902,-1486
102000010,3772,2499,1273
102000011,2174,1700,474
102000012,2497,2290,207
102000018,2081,1856,225
102000019,1525,1136,389
102000026,148,395,-247
102000029,194,197,-3
102000030,94,217,-123
102000031,58,115,-57
102000032,382,224,158
102000033,234,262,-28
102000034,333,281,52
102000035,709,534,175
102000036,7,185,-178
102000037,107,48,59
102000038,159,298,-139
102000039,182,80,102
102000040,419,207,212
102000041,150,347,-197
102000042,172,286,-114
102000043,251,168,83
102000044,281,294,-13
102000045,588,563,25
102000046,768,430,338
102000047,592,698,-106
102000048,218,565,-347
102000049,824,530,294
102000050,786,892,-106
102000051,365,577,-212
102000052,910,601,309
102000053,684,714,-30
102000054,565,770,-205
102000055,884,482,402
102000056,687,742,-55
102000057,994,461,533
102000058,834,1098,-264
102000059,1068,1027,41
102000060,899,694,205
102000061,1267,1262,5
102000062,1245,894,351
102000063,782,909,-127
102000064,506,577,-71
102000065,34,112,-78
102000066,673,697,-24
102000067,1403,2105,-702
102000068,5838,1902,3936
102000069,33,1432,-1399
102000070,1076,34,1042
102000071,4874,6304,-1430
102000072,2268,2918,-650
102000073,677,731,-54
102000074,476,634,-158
102000075,93,257,-164
102000076,198,384,-186
102000077,485,657,-172
102000078,700,572,128
102000079,166,210,-44
102000080,212,162,50
102000081,263,628,-365
102000082,521,298,223
102000083,514,199,315
102000084,214,162,52
102000085,1359,737,622
102000086,920,673,247
102000087,622,1145,-523
102000088,323,239,84
102000089,887,270,617
102000090,299,773,-474
102000091,1033,432,601
102000092,290,568,-278
102000093,448,509,-61
102000094,787,566,221
102000095,802,908,-106
102000096,653,665,-12
102000097,636,637,-1
102000098,512,611,-99
102000099,663,614,49
102000100,521,1064,-543
102000101,739,694,45
102000102,250,1048,-798
102000103,990,336,654
102000104,441,212,229
102000105,245,394,-149
102000106,668,430,238
102000107,993,387,606
102000108,470,162,308
102000109,323,445,-122
102000110,813,916,-103
102000111,5,212,-207
102000112,109,100,9
102000113,11,26,-15
102000114,577,262,315
102000115,179,232,-53
102000116,240,272,-32
102000117,144,385,-241
102000118,906,930,-24
102000119,1262,534,728
102000120,160,276,-116
102000121,697,318,379
102000122,375,736,-361
102000123,824,655,169
102000124,599,873,-274
102000125,587,537,50
102000126,397,522,-125
102000127,795,459,336
102000128,477,638,-161
102000129,970,435,535
102000130,427,481,-54
102000131,972,292,680
102000132,282,328,-46
102000133,1451,1183,268
102000134,590,510,80
102000135,508,593,-85
102000136,543,441,102
102000137,630,544,86
102000138,200,348,-148
102000139,75,320,-245
102000140,197,288,-91
102000141,101,294,-193
102000142,189,292,-103
102000143,143,325,-182
102000144,237,235,2
102000145,294,322,-28
102000146,345,216,129
102000147,395,292,103
102000148,181,325,-144
102000149,96,224,-128
102000150,252,85,167
102000151,86,203,-117
102000152,135,113,22
102000153,938,406,532
102000154,212,469,-257
102000155,99,216,-117
102000156,298,110,188
102000157,142,324,-182
102000158,443,420,23
102000159,614,338,276
102000161,2139,1396,743
102000162,164,131,33
102000163,54,376,-322
102000164,622,727,-105
102000165,226,130,96
102000166,34,87,-53
102000167,198,166,32
102000168,221,111,110
102000169,89,310,-221
102000170,346,113,233
102000171,105,75,30
102000172,61,206,-145
102000173,339,182,157
102000174,34,45,-11
102000175,97,63,34
102000176,39,12,27
102000178,217,286,-69
102000179,261,164,97
102000180,681,262,419
102000181,540,410,130
102000182,427,438,-11
102000183,1344,1175,169
102000184,1354,550,804
102000185,2181,1030,1151
102000186,971,1231,-260
102000187,624,1018,-394
102000188,751,931,-180
102000189,1572,561,1011
102000190,571,2003,-1432
102000191,711,315,396
102000192,863,1067,-204
102000193,52,97,-45
102000194,39,99,-60
102000195,326,282,44
102000196,176,256,-80
102000197,514,201,313
102000198,202,465,-263
102000199,747,201,546
102000200,274,621,-347
102000201,784,305,479
102000202,3,66,-63
102000203,377,165,212
102000204,323,469,-146
102000205,887,269,618
102000206,568,365,203
102000207,492,324,168
102000208,292,297,-5
102000209,36,51,-15
102000210,296,262,34
102000211,348,170,178
102000212,196,3,193
102000213,8,204,-196
102000214,165,6,159
102000215,16,278,-262
102000216,47,48,-1
102000217,11,97,-86
102000218,218,139,79
102000219,351,206,145
102000225,414,439,-25
102000226,1543,942,601
102000227,119,1,118
102000228,0,71,-71
102000229,15,45,-30
102000230,262,301,-39
102000231,143,223,-80
102000232,31,160,-129
102000233,277,409,-132
102000234,91,793,-702
102000236,178,57,121
102000237,343,81,262
102000238,147,155,-8
102000240,400,493,-93
102000241,115,95,20
102000243,23,42,-19
102000245,20,99,-79
102000246,7,15,-8
102000247,688,621,67
102000248,356,831,-475
102000249,125,105,20
102000250,72,301,-229
102000254,77,170,-93
102000266,19,237,-218
102000271,20,1,19
102000286,256,248,8
102000297,1414,757,657
102000301,0,1,-1
102000303,0,0,0
102000307,2,19,-17
102900001,937,737,200
102900002,347,25,322
102900003,47,145,-98
102900005,273,239,34
102900006,422,123,299
102900007,312,32,280
102900008,223,36,187
102900009,425,257,168
102900010,321,715,-394
102900011,1256,208,1048
102900012,371,39,332
102900013,14,49,-35
102900015,550,339,211
102900016,44,70,-26
102900017,121,355,-234
102900018,45,56,-11
102900019,252,279,-27
102900020,85,17,68
102900021,18,40,-22
102900022,543,140,403
102900023,16,30,-14
102900024,38,28,10
102900025,141,87,54
102900026,227,1322,-1095
102900027,58,60,-2
102900028,98,528,-430
102900029,145,123,22
102900030,250,214,36
102900031,156,123,33
102900032,53,47,6
102900033,81,126,-45
102900034,364,84,280
102900035,98,205,-107
102900036,197,346,-149
102900037,298,357,-59
102900038,392,361,31
102900039,36,360,-324
102900040,105,172,-67
102900041,86,130,-44
102900042,141,185,-44
102900043,97,199,-102
102900044,448,1501,-1053
102900045,95,444,-349
102900046,104,219,-115
102900047,89,430,-341
102900048,495,361,134
102900049,118,296,-178
102900050,177,209,-32
102900051,171,126,45
102900052,26,50,-24
102900053,392,366,26
102900054,521,845,-324
102900055,87,136,-49
102900056,114,293,-179
102900057,6,30,-24
102900058,205,44,161
102900059,22,42,-20
102900060,107,316,-209
102900061,109,292,-183
102900062,152,552,-400
102900063,856,353,503
102900064,96,216,-120
102900065,1121,332,789
102900066,276,31,245
102900068,132,62,70
102900070,124,304,-180
102900072,3,36,-33
102900073,110,8,102
102900075,18,45,-27
102900076,102,101,1
102900077,49,30,19
102900078,45,36,9
102900079,139,8,131
102900080,289,45,244
102900081,99,215,-116
102900082,9,117,-108
102900083,128,18,110
102900084,7,18,-11
102900085,259,74,185
102900086,20,35,-15
102900087,85,72,13
102900088,28,25,3
102900089,167,62,105
102900090,0,162,-162
102900091,100,2,98
102900092,247,473,-226
102900093,207,244,-37
102900094,1,59,-58
102900095,67,0,67
102900096,49,12,37
102900097,4,61,-57
102900098,19,8,11
103000001,1990,1934,56
103000002,1573,1760,-187
103000003,2716,2133,583
103000004,681,551,130
103000005,1385,1968,-583
103000006,627,1083,-456
103000007,280,498,-218
103000008,677,491,186
103000009,1024,745,279
103000010,108,68,40
103000011,1140,967,173
103000012,1199,1170,29
103000013,2716,1516,1200
103000014,1225,1807,-582
103000015,1183,543,640
103000016,378,1029,-651
103000017,192,232,-40
103000018,527,233,294
103000019,230,233,-3
103000020,1973,1060,913
103000021,1492,1372,120
103000022,701,814,-113
103000023,539,1225,-686
103000024,76,106,-30
103000025,88,588,-500
103000026,676,120,556
103000027,290,428,-138
103000028,235,320,-85
103000029,187,190,-3
103000030,1106,837,269
103000031,913,1226,-313
103000032,1619,1264,355
103000033,2256,2176,80
103000034,1069,876,193
103000035,371,1050,-679
103000036,385,448,-63
103000037,524,428,96
103000038,381,819,-438
103000039,321,234,87
103000040,399,677,-278
103000041,1170,1569,-399
103000042,1023,372,651
103000043,441,844,-403
103000044,210,121,89
103000046,319,310,9
103000047,510,483,27
103000048,158,136,22
103000049,83,103,-20
103000050,619,289,330
103000051,285,417,-132
103000052,677,309,368
103000053,146,927,-781
103000054,2225,1244,981
103000055,1632,1684,-52
103000056,623,1040,-417
103000057,556,187,369
103000058,454,629,-175
103000059,337,453,-116
103000060,713,632,81
103000061,340,882,-542
103000062,892,310,582
103000063,589,555,34
103000064,163,109,54
103000065,3,357,-354
103000066,194,3,191
103000069,411,249,162
103000070,720,522,198
103000071,871,361,510
103000072,85,435,-350
103000073,490,105,385
103000074,540,85,455
103000075,78,436,-358
103000076,254,266,-12
103000077,26,285,-259
103000078,776,551,225
103000079,483,583,-100
103000080,784,286,498
103000081,402,875,-473
103000082,365,185,180
103000083,69,209,-140
103000084,73,12,61
103000085,2,100,-98
103000086,468,338,130
103000087,135,499,-364
103000088,256,276,-20
103000089,276,353,-77
103000090,1491,702,789
103000091,521,393,128
103000092,193,192,1
103000093,191,280,-89
103000094,151,75,76
103000095,52,207,-155
103000096,432,79,353
103000097,100,582,-482
103000098,567,123,444
103000099,295,500,-205
103000100,75,500,-425
103000101,604,115,489
103000102,93,376,-283
103000103,545,85,460
103000104,31,79,-48
103000105,104,65,39
103000106,7,78,-71
103000107,177,31,146
103000108,662,467,195
103000109,358,334,24
103000110,391,384,7
103000111,445,361,84
103000112,252,167,85
103000113,518,557,-39
103000114,1102,349,753
103000115,429,388,41
103000116,482,313,169
103000117,374,424,-50
103000118,503,473,30
103000119,706,400,306
103000120,35,90,-55
103000121,253,724,-471
103000122,408,764,-356
103000125,12,161,-149
103000126,522,4,518
103000127,1,136,-135
103000128,128,0,128
103000129,0,69,-69
103000130,49,27,22
103000131,92,70,22
103000132,57,128,-71
103000133,10,41,-31
103000134,512,622,-110
103000135,352,285,67
103000136,627,364,263
103000137,467,587,-120
103000138,687,682,5
103000139,0,63,-63
103000140,138,27,111
103000141,31,141,-110
103000142,142,55,87
103000143,43,129,-86
103000144,145,53,92
103000145,16,88,-72
103000150,55,30,25
103000152,190,220,-30
103000153,242,108,134
103000156,6,232,-226
103000157,335,1,334
103000159,156,50,106
103000162,69,47,22
103000163,13,73,-60
103000164,19,14,5
103000165,91,206,-115
103000166,229,257,-28
103000167,202,80,122
103000168,66,126,-60
103000169,185,281,-96
103000170,714,335,379
103000171,25,62,-37
103000172,409,245,164
103000173,406,325,81
103000174,135,217,-82
103000175,227,206,21
103000176,564,489,75
103000177,381,279,102
103000178,135,227,-92
103000179,150,29,121
103000183,120,5,115
103000185,64,30,34
103000186,109,134,-25
103000187,414,227,187
103000188,4,77,-73
103000189,627,581,46
103000191,458,384,74
103000292,959,1119,-160
103000293,645,1427,-782
103000295,58,70,-12
103000296,190,5,185
103000297,9,24,-15
103000504,3,5,-2
103000505,9,9,0
103000506,0,158,-158
103000507,146,2,144
103000508,43,36,7
103000509,175,436,-261
103900001,7,120,-113
103900002,593,123,470
103900003,906,82,824
103900004,81,0,81
103900005,3,78,-75
103900006,5,1,4
103900007,52,6,46
103900008,8,0,8
103900009,180,406,-226
103900010,93,266,-173
103900011,211,122,89
103900012,6,15,-9
103900013,46,44,2
103900014,63,10,53
103900015,41,10,31
103900016,322,164,158
103900017,18,68,-50
103900018,451,147,304
103900019,46,229,-183
103900020,198,383,-185
103900021,305,56,249
103900022,833,502,331
103900023,142,6,136
103900024,86,226,-140
103900025,24,20,4
103900026,17,0,17
103900027,682,167,515
103900028,10,194,-184
103900029,850,116,734
103900030,196,73,123
103900031,16,4,12
103900032,70,63,7
103900033,99,8,91
103900034,32,104,-72
103900035,53,34,19
103900036,23,26,-3
103900037,55,44,11
103900038,52,157,-105
103900039,54,207,-153
103900040,7,113,-106
103900041,33,42,-9
103900042,46,241,-195
103900043,118,56,62
103900044,90,138,-48
103900045,195,123,72
103900047,95,19,76
103900048,18,38,-20
103900049,118,871,-753
103900050,15,123,-108
103900051,0,25,-25
103900052,190,258,-68
103900053,234,396,-162
103900054,110,221,-111
103900055,255,129,126
103900056,42,34,8
103900057,17,112,-95
103900058,221,491,-270
103900059,0,6,-6
103900060,54,152,-98
103900061,125,51,74
103900062,157,87,70
103900063,7,0,7
103900064,89,4,85
103900065,597,334,263
103900066,124,35,89
103900067,116,5,111
103900068,5,0,5
103900069,42,9,33
103900070,118,203,-85
103900071,22,84,-62
103900072,16,124,-108
103900073,24,34,-10
103900074,53,54,-1
103900075,155,50,105
103900076,461,330,131
103900077,40,94,-54
103900078,204,85,119
103900079,94,116,-22
103900080,5,49,-44
103900081,54,18,36
103900082,9,115,-106
103900083,903,772,131
103900084,45,69,-24
103900085,70,83,-13
103900086,403,259,144
103900088,215,395,-180
103900089,46,101,-55
103900090,18,93,-75
103900091,957,211,746
103900092,379,250,129
103900093,99,211,-112
103900094,12,70,-58
103900095,176,128,48
103900096,19,118,-99
103900097,10,373,-363
103900098,155,66,89
103900099,59,75,-16
103900100,184,240,-56
103900101,45,767,-722
103900102,1,35,-34
103900104,3,17,-14
103900105,76,134,-58
103900106,0,15,-15
103900107,75,100,-25
103900108,56,192,-136
103900109,97,68,29
103900110,119,52,67
103900111,104,349,-245
103900112,39,69,-30
103900113,91,179,-88
103900114,203,212,-9
103900115,202,121,81
103900116,3075,1787,1288
103900117,84,37,47
103900119,29,60,-31
103900120,67,52,15
103900122,91,183,-92
103900123,860,465,395
103900124,50,321,-271
103900125,113,55,58
103900126,358,176,182
103900127,157,238,-81
103900128,92,100,-8
103900131,33,74,-41
103900133,742,19,723
103900134,0,7,-7
103900135,5,5,0
103900137,0,25,-25
103900138,74,134,-60
103900139,187,1257,-1070
103900140,6,95,-89
103900141,199,45,154
103900142,117,80,37
103900143,44,0,44
103900144,0,33,-33
103900145,117,178,-61
103900146,215,164,51
103900147,236,85,151
103900148,179,256,-77
103900149,212,332,-120
103900150,3430,2477,953
103900151,36,106,-70
103900152,449,272,177
103900153,19,7,12
103900154,554,1155,-601
103900155,25,153,-128
103900156,66,98,-32
103900157,51,66,-15
103900158,75,82,-7
103900159,133,30,103
103900160,60,32,28
103900161,66,125,-59
103900162,64,80,-16
103900163,10,306,-296
103900167,16,52,-36
103900168,76,62,14
103900169,18,23,-5
103900170,1,74,-73
103900171,2,29,-27
103900172,7,7,0
103900173,8,18,-10
103900174,135,35,100
103900175,33,56,-23
103900176,0,27,-27
103900177,13,69,-56
103900178,42,38,4
103900179,58,56,2
103900180,15,44,-29
103900181,41,36,5
103900182,28,11,17
103900184,312,72,240
103900185,99,293,-194
103900187,19,45,-26
103900188,29,26,3
103900189,129,11,118
103900190,56,43,13
103900191,24,33,-9
103900192,15,43,-28
103900193,112,112,0
103900194,32,98,-66
103900195,8,97,-89
103900196,12,31,-19
103900197,1,17,-16
103900198,11,27,-16
103900199,91,36,55
103900200,130,55,75
103900201,62,116,-54
103900202,5,51,-46
103900203,24,25,-1
103900204,2,55,-53
103900207,0,60,-60
103900208,98,0,98
103900209,3,51,-48
103900210,34,23,11
103900211,451,193,258
103900212,86,223,-137
103900213,48,220,-172
103900214,216,178,38
103900215,404,313,91
103900216,19,230,-211
103900217,287,17,270
103900218,0,236,-236
103900219,118,145,-27
103900233,23,0,23
103900235,28,9,19
103900236,20,2,18
103900242,11,20,-9
103900243,14,10,4
103900244,76,117,-41
103900245,62,121,-59
103900246,30,25,5
103900247,21,62,-41
103900248,4,56,-52
103900249,15,38,-23
103900250,13,18,-5
103900251,6,33,-27
103900253,19,61,-42
103900254,2,17,-15
103900255,4,6,-2
103900256,5,16,-11
103900257,98,61,37
103900258,27,9,18
103900259,43,4,39
103900261,7,4,3
103900262,10,0,10
103900263,24,22,2
103900264,52,45,7
103900265,84,20,64
103900266,0,71,-71
103900267,4,75,-71
103900268,11,34,-23
103900269,99,34,65
103900270,42,94,-52
103900271,4,53,-49
103900272,53,44,9
103900273,8,37,-29
103900274,53,5,48
103900275,38,9,29
103900276,8,33,-25
103900277,3,44,-41
103900278,10,37,-27
103900279,4,24,-20
103900280,1,44,-43
104000001,1721,1271,450
104000002,1283,1762,-479
104000003,1811,1578,233
104000004,1952,1887,65
104000005,1166,1336,-170
104000006,2568,2039,529
104000007,3330,3309,21
104000008,201,251,-50
104000009,149,113,36
104000010,206,216,-10
104000011,298,183,115
104000012,164,222,-58
104000013,219,167,52
104000014,156,425,-269
104000015,264,137,127
104000016,526,310,216
104000018,697,167,530
104000019,483,178,305
104000020,125,404,-279
104000021,232,365,-133
104000022,123,203,-80
104000023,572,260,312
104000024,178,278,-100
104000026,49,239,-190
104000027,194,169,25
104000028,287,200,87
104000029,307,344,-37
104000030,212,190,22
104000031,1025,298,727
104000032,188,213,-25
104000033,560,425,135
104000034,264,187,77
104000035,715,327,388
104000036,644,400,244
104000037,245,194,51
104000038,382,232,150
104000039,233,203,30
104000040,219,316,-97
104000041,409,232,177
104000042,234,209,25
104000043,165,280,-115
104000044,203,393,-190
104000045,722,692,30
104000046,848,1023,-175
104000047,598,789,-191
104000048,814,1035,-221
104000049,368,249,119
104000050,129,489,-360
104000051,66,419,-353
104000052,1039,1171,-132
104000053,569,362,207
104000054,411,243,168
104000055,2968,1704,1264
104000056,895,159,736
104000057,98,298,-200
104000058,595,556,39
104000059,414,736,-322
104000060,768,795,-27
104000061,1017,765,252
104000062,308,91,217
104000064,371,245,126
104000065,176,492,-316
104000069,831,954,-123
104000070,56,347,-291
104000071,92,257,-165
104000072,407,108,299
104000075,32,154,-122
104000076,332,36,296
104000082,1676,2619,-943
104000083,583,135,448
104000084,98,358,-260
104000085,174,243,-69
104000086,133,291,-158
104000087,339,1293,-954
104000090,580,789,-209
104000092,924,1404,-480
104000094,568,915,-347
104000095,1215,959,256
104000096,1064,109,955
104000097,1287,580,707
104000098,1571,614,957
104000100,1118,433,685
104000101,960,1122,-162
104000106,48,482,-434
104000107,507,404,103
104000108,181,326,-145
104000109,211,54,157
104000110,586,771,-185
104000111,2139,1509,630
104000112,1300,367,933
104000116,3,652,-649
104000117,100,342,-242
104000118,413,126,287
104000119,320,167,153
104000120,185,428,-243
104000121,130,526,-396
104000122,535,661,-126
104000123,524,828,-304
104000124,576,1444,-868
104000125,2066,3238,-1172
104000126,308,266,42
104000127,1031,2165,-1134
104000128,425,321,104
104000129,307,18,289
104000130,2,177,-175
104000131,496,398,98
104000132,390,397,-7
104000133,1078,617,461
104000134,806,1312,-506
104000135,399,1475,-1076
104000136,647,3064,-2417
104000137,1298,258,1040
104000138,579,186,393
104000139,3913,2290,1623
104000141,755,879,-124
104000142,487,465,22
104000143,428,402,26
104000144,106,140,-34
104000145,344,154,190
104000146,234,378,-144
104000147,110,189,-79
104000148,298,120,178
104000149,139,163,-24
104000150,705,329,376
104000151,242,257,-15
104000152,377,329,48
104000153,470,405,65
104000154,721,393,328
104000155,426,496,-70
104000157,823,939,-116
104000158,239,489,-250
104000159,642,367,275
104000160,1393,1411,-18
104000161,130,153,-23
104000162,55,126,-71
104000165,693,760,-67
104000167,558,730,-172
104000168,339,9,330
104000169,97,32,65
104000170,324,478,-154
104000248,167,453,-286
104000251,51,167,-116
104000272,0,0,0
104000273,0,0,0
104000274,0,0,0
104000275,0,0,0
104000279,484,287,197
104000290,53,193,-140
104000291,502,851,-349
104000293,546,564,-18
104000294,35,0,35
104000295,478,543,-65
104000296,249,536,-287
104000297,720,1430,-710
104000298,1470,702,768
104000299,515,989,-474
104900001,136,178,-42
104900002,36,138,-102
104900003,52,200,-148
104900004,86,164,-78
104900005,200,147,53
104900006,197,69,128
104900007,204,120,84
104900009,138,211,-73
104900010,45,41,4
104900011,17,5,12
104900012,181,20,161
104900013,102,21,81
104900014,1737,199,1538
104900015,95,6,89
104900016,181,145,36
104900017,151,109,42
104900018,8,105,-97
104900019,234,2045,-1811
104900020,36,170,-134
104900021,9,109,-100
104900022,6,79,-73
104900023,1,49,-48
104900024,22,56,-34
104900025,44,148,-104
104900026,0,40,-40
104900027,359,233,126
104900028,23,64,-41
104900029,28,38,-10
104900030,438,167,271
104900031,83,203,-120
104900032,39,97,-58
104900033,100,201,-101
104900034,297,129,168
104900035,236,126,110
104900036,185,68,117
104900037,74,112,-38
104900038,321,482,-161
104900039,399,301,98
104900040,396,81,315
104900041,231,126,105
104900042,89,200,-111
104900043,11,138,-127
104900044,487,145,342
104900045,381,35,346
104900046,123,55,68
104900047,280,85,195
104900048,222,65,157
104900049,29,24,5
104900050,151,37,114
104900051,246,16,230
104900052,51,0,51
104900053,328,79,249
104900054,134,21,113
104900055,67,1,66
104900056,117,20,97
104900057,17,0,17
104900058,348,114,234
104900059,300,114,186
104900060,1,269,-268
104900061,179,386,-207
104900063,0,62,-62
104900064,0,54,-54
104900065,0,170,-170
104900066,0,56,-56
104900067,5,262,-257
104900068,8,141,-133
104900070,129,223,-94
104900071,0,302,-302
104900072,33,212,-179
104900073,32,79,-47
104900074,59,168,-109
104900075,29,22,7
104900076,104,196,-92
104900077,386,170,216
104900078,159,320,-161
104900079,50,329,-279
104900080,63,445,-382
104900082,11,284,-273
104900085,3,130,-127
104900087,191,7,184
104900089,138,0,138
104900090,584,590,-6
104900091,389,377,12
104900093,188,386,-198
104900097,1567,1380,187
104900098,50,18,32
104900099,68,299,-231
104900100,276,188,88
104900102,23,74,-51
104900103,306,50,256
104900104,1782,1369,413
104900106,37,75,-38
104900107,126,110,16
104900108,12,87,-75
104900109,69,116,-47
104900110,2,31,-29
104900111,97,61,36
104900112,211,376,-165
104900113,499,241,258
104900114,230,274,-44
104900115,527,282,245
104900116,164,115,49
104900118,7,22,-15
104900119,0,53,-53
104900120,31,164,-133
104900121,0,54,-54
104900122,3,31,-28
104900123,28,4,24
104900124,25,0,25
104900125,369,4,365
104900126,30,33,-3
104900127,25,48,-23
104900128,120,131,-11
104900129,989,1332,-343
105000001,2056,1208,848
105000002,1941,1318,623
105000003,2660,2543,117
105000004,416,603,-187
105000005,615,775,-160
105000006,992,1326,-334
105000007,973,1076,-103
105000008,1274,2275,-1001
105000009,1815,2276,-461
105000010,2173,1435,738
105000011,2376,1937,439
105000012,2474,1965,509
105000013,806,726,80
105000014,1276,1991,-715
105000015,6624,9640,-3016
105000016,2033,1560,473
105000017,1332,609,723
105000018,898,1006,-108
105000019,816,571,245
105000020,120,317,-197
105000021,179,78,101
105000022,242,67,175
105000023,417,334,83
105000028,56,109,-53
105000029,335,1009,-674
105000030,2939,1877,1062
105000033,739,1308,-569
105000034,76,581,-505
105000037,464,136,328
105000038,1196,1286,-90
105000039,1476,1014,462
105000040,620,792,-172
105000041,221,717,-496
105000042,1985,1166,819
105000043,1149,1335,-186
105000044,442,329,113
105000045,289,456,-167
105000046,865,254,611
105000047,406,802,-396
105000048,387,175,212
105000049,168,287,-119
105000050,428,253,175
105000051,121,299,-178
105000052,372,493,-121
105000053,83,98,-15
105000054,230,487,-257
105000055,403,190,213
105000056,844,1121,-277
105000057,893,533,360
105000058,868,784,84
105000059,568,433,135
105000060,371,417,-46
105000061,465,368,97
105000062,431,516,-85
105000063,227,425,-198
105000064,1124,545,579
105000065,307,403,-96
105000066,823,946,-123
105000067,1114,536,578
105000068,341,609,-268
105000069,1201,1100,101
105000070,457,681,-224
105000071,233,568,-335
105000072,785,1550,-765
105000073,625,418,207
105000074,788,520,268
105000075,356,677,-321
105000076,910,733,177
105000077,1981,887,1094
105000078,1008,1038,-30
105000079,1111,2591,-1480
105000080,1351,960,391
105000081,2865,1119,1746
105000082,831,1559,-728
105000083,3551,3129,422
105000084,427,559,-132
105000085,1281,1626,-345
105000086,445,607,-162
105000087,872,1184,-312
105000088,1027,1084,-57
105000089,1819,1529,290
105000090,771,590,181
105000091,839,1039,-200
105000092,510,626,-116
105000093,262,189,73
105000094,200,171,29
105000095,87,309,-222
105000096,897,778,119
105000097,739,668,71
105000098,672,511,161
105000099,725,489,236
105000100,913,746,167
105000101,1407,1264,143
105000102,913,968,-55
105000103,898,1401,-503
105000104,1418,668,750
105000105,799,1304,-505
105000106,1029,1083,-54
105000107,971,701,270
105000108,1169,1087,82
105000109,1113,1108,5
105000110,574,395,179
105000111,560,445,115
105000112,959,510,449
105000113,374,528,-154
105000114,1718,915,803
105000115,280,912,-632
105000116,615,375,240
105000117,668,644,24
105000118,361,240,121
105000119,420,540,-120
105000120,722,357,365
105000121,659,701,-42
105000122,348,599,-251
105000123,765,775,-10
105000124,1433,507,926
105000125,631,1144,-513
105000126,1439,1218,221
105000127,1623,1237,386
105000128,440,665,-225
105000129,515,191,324
105000130,324,2282,-1958
105000131,477,269,208
105000132,647,509,138
105000133,346,548,-202
105000134,478,525,-47
105000135,342,351,-9
105000136,156,199,-43
105000137,337,150,187
105000138,182,251,-69
105000139,858,608,250
105000140,336,343,-7
105000141,248,322,-74
105000142,155,357,-202
105000143,225,432,-207
105000144,209,557,-348
105000145,498,284,214
105000146,366,672,-306
105000147,502,258,244
105000148,942,502,440
105000149,1649,1493,156
105000150,1445,991,454
105000151,298,243,55
105000152,126,368,-242
105000153,421,390,31
105000154,499,368,131
105000155,229,560,-331
105000156,533,441,92
105000157,598,1077,-479
105000158,1392,508,884
105000159,201,648,-447
105000160,1342,376,966
105000161,523,552,-29
105000162,471,1074,-603
105000163,814,509,305
105000164,215,181,34
105000165,567,3593,-3026
105000166,2959,535,2424
105000167,1145,894,251
105000168,237,366,-129
105000169,463,171,292
105000170,121,858,-737
105000171,707,107,600
105000172,116,20,96
105000173,158,11,147
105000174,45,20,25
105000175,49,133,-84
105000176,241,66,175
105000177,206,106,100
105000178,102,269,-167
105000179,316,82,234
105000180,108,120,-12
105000181,102,146,-44
105000182,40,38,2
105000183,1305,1345,-40
105000184,767,627,140
105000185,858,760,98
105000186,283,508,-225
105000187,570,120,450
105000188,168,93,75
105000189,86,262,-176
105000190,228,180,48
105000191,229,227,2
105000192,275,56,219
105000193,45,97,-52
105000194,289,80,209
105000195,205,487,-282
105000196,55,198,-143
105000197,195,352,-157
105000198,406,271,135
105000199,215,420,-205
105000200,102,211,-109
105000201,70,24,46
105000203,14,165,-151
105000204,86,55,31
105000205,87,172,-85
105000207,303,117,186
105000208,152,361,-209
105000209,227,239,-12
105000212,762,702,60
105000213,112,146,-34
105000214,136,144,-8
105000215,230,144,86
105000216,141,139,2
105000217,120,143,-23
105000218,1008,912,96
105000221,136,143,-7
105000222,189,34,155
105000223,170,103,67
105000226,55,132,-77
105000227,54,88,-34
105000228,137,1235,-1098
105000229,128,361,-233
105000231,383,207,176
105000233,591,513,78
105000234,367,809,-442
105000235,253,457,-204
105000237,561,66,495
105000243,15,22,-7
105000248,38,66,-28
105000262,286,639,-353
105000269,127,127,0
105000270,330,25,305
105000271,2,152,-150
105000282,45,40,5
105000287,297,73,224
105000288,289,280,9
105000289,2286,1506,780
105000290,11,5,6
105000402,2192,2716,-524
105000426,431,422,9
105000438,3369,1414,1955
105000446,6976,3835,3141
105000447,4368,1889,2479
105000454,420,433,-13
105000455,274,118,156
105000474,32,0,32
105000477,252,390,-138
105000478,1381,3086,-1705
105000479,119,92,27
105000480,7532,5620,1912
105000481,3973,2490,1483
105000482,3485,6513,-3028
105000483,1351,1546,-195
105000484,1647,2436,-789
105000485,1302,2663,-1361
105000486,2429,2056,373
105000488,7714,3982,3732
105000489,675,567,108
105000549,40,60,-20
105000550,420,1143,-723
105000551,33,116,-83
105000552,2163,1181,982
105000555,813,709,104
105000556,15,9,6
105000557,4,29,-25
105900001,3,827,-824
105900002,734,495,239
105900003,9,60,-51
105900004,132,98,34
105900005,6,74,-68
105900006,17,59,-42
105900007,40,12,28
105900008,72,350,-278
105900009,18,14,4
105900011,76,22,54
105900012,337,74,263
105900013,5,22,-17
105900014,5,41,-36
105900015,92,208,-116
105900016,243,217,26
105900017,712,14,698
105900018,117,114,3
105900019,30,172,-142
105900020,29,47,-18
105900021,27,111,-84
105900022,154,99,55
105900023,6,38,-32
105900024,2,52,-50
105900025,113,15,98
105900026,177,12,165
105900027,4216,3649,567
105900028,93,131,-38
105900029,1012,224,788
105900030,158,194,-36
105900031,264,105,159
105900032,63,90,-27
105900033,81,83,-2
105900034,106,118,-12
105900035,97,119,-22
105900036,73,57,16
105900037,59,47,12
105900038,159,165,-6
105900039,91,65,26
105900040,52,71,-19
105900041,145,136,9
105900042,45,111,-66
105900043,768,49,719
105900044,3,143,-140
105900045,4,463,-459
105900046,6,198,-192
105900047,1,42,-41
105900048,59,227,-168
105900050,2935,2344,591
105900051,40,595,-555
105900052,269,107,162
105900053,1159,1112,47
105900054,143,66,77
105900056,380,231,149
105900057,15,39,-24
105900058,12,10,2
105900059,0,22,-22
106000001,3028,1741,1287
106000002,1553,3742,-2189
106000003,2015,2511,-496
106000004,1290,1929,-639
106000005,2406,3880,-1474
106000006,4133,2708,1425
106000007,412,415,-3
106000008,363,200,163
106000009,500,341,159
106000010,443,398,45
106000011,962,751,211
106000012,660,935,-275
106000013,1243,1367,-124
106000014,1322,1111,211
106000015,1340,851,489
106000016,890,1271,-381
106000017,460,477,-17
106000018,469,387,82
106000019,298,290,8
106000020,247,217,30
106000021,253,340,-87
106000022,274,183,91
106000023,467,199,268
106000024,393,424,-31
106000025,116,132,-16
106000026,110,196,-86
106000027,949,869,80
106000028,467,317,150
106000029,600,833,-233
106000030,424,428,-4
106000034,141,363,-222
106000035,744,1500,-756
106000036,115,326,-211
106000037,1238,1031,207
106000038,222,92,130
106000039,92,89,3
106000040,72,611,-539
106000041,580,367,213
106000043,456,218,238
106000046,217,57,160
106000047,16,325,-309
106000049,894,135,759
106000050,217,484,-267
106000051,533,337,196
106000052,87,318,-231
106000053,244,103,141
106000054,282,255,27
106000055,855,659,196
106000056,207,253,-46
106000057,309,198,111
106000058,106,114,-8
106000059,195,209,-14
106000060,247,364,-117
106000061,177,374,-197
106000062,143,314,-171
106000063,556,426,130
106000064,27,239,-212
106000065,263,256,7
106000066,88,222,-134
106000067,257,66,191
106000068,33,445,-412
106000069,179,43,136
106000070,358,491,-133
106000071,704,279,425
106000072,1756,1212,544
106000073,1292,2196,-904
106000074,389,541,-152
106000075,349,1041,-692
106000076,1477,1570,-93
106000077,2616,1104,1512
106000078,788,758,30
106000079,553,595,-42
106000080,886,493,393
106000081,485,848,-363
106000082,1755,736,1019
106000083,350,1120,-770
106000084,916,569,347
106000085,1086,1162,-76
106000086,572,665,-93
106000087,689,466,223
106000088,392,586,-194
106000089,807,319,488
106000090,260,408,-148
106000091,244,363,-119
106000092,517,209,308
106000093,236,89,147
106000094,51,208,-157
106000095,640,548,92
106000096,679,492,187
106000097,804,598,206
106000098,568,582,-14
106000099,158,427,-269
106000100,888,161,727
106000101,540,215,325
106000102,128,358,-230
106000103,187,364,-177
106000104,596,333,263
106000105,365,432,-67
106000106,462,379,83
106000107,102,247,-145
106000108,322,222,100
106000109,126,183,-57
106000110,190,188,2
106000111,168,241,-73
106000112,188,373,-185
106000113,379,372,7
106000114,334,404,-70
106000115,202,342,-140
106000116,267,159,108
106000117,770,429,341
106000118,798,830,-32
106000119,914,633,281
106000120,593,750,-157
106000121,127,105,22
106000122,97,145,-48
106000123,342,80,262
106000124,46,123,-77
106000125,21,162,-141
106000126,222,78,144
106000127,649,550,99
106000128,554,147,407
106000129,381,346,35
106000130,624,273,351
106000131,112,491,-379
106000132,419,129,290
106000133,1199,819,380
106000134,430,1146,-716
106000135,149,428,-279
106000136,489,720,-231
106000137,66,494,-428
106000138,843,91,752
106000139,56,97,-41
106000140,21,33,-12
106000141,66,33,33
106000142,73,51,22
106000143,22,35,-13
106000144,33,46,-13
106000145,176,156,20
106000146,261,114,147
106000147,339,297,42
106000148,448,502,-54
106000149,346,246,100
106000150,368,1352,-984
106000151,2372,535,1837
106000152,838,1170,-332
106000153,67,1120,-1053
106000154,895,158,737
106000155,66,212,-146
106000156,540,197,343
106000157,413,1147,-734
106000158,1283,663,620
106000159,1768,1316,452
106000160,303,1920,-1617
106000161,946,255,691
106000162,202,584,-382
106000163,293,217,76
106000164,276,166,110
106000165,174,295,-121
106000166,522,211,311
106000167,296,524,-228
106000168,357,141,216
106000169,198,373,-175
106000170,548,155,393
106000171,143,852,-709
106000172,1936,935,1001
106000173,823,1751,-928
106000174,850,337,513
106000175,226,555,-329
106000176,922,545,377
106000177,478,1432,-954
106000178,2505,1301,1204
106000179,793,1381,-588
106000180,601,739,-138
106000181,485,979,-494
106000182,965,461,504
106000183,867,346,521
106000184,1282,331,951
106000185,709,735,-26
106000186,606,84,522
106000187,176,788,-612
106000188,0,1,-1
106000189,8,31,-23
106000190,24,0,24
106000191,446,123,323
106000192,3,4,-1
106000193,277,129,148
106000194,132,251,-119
106000195,171,72,99
106000196,75,219,-144
106000197,375,124,251
106000198,119,143,-24
106000199,429,463,-34
106000200,152,144,8
106000201,333,1729,-1396
106000202,2186,426,1760
106000203,21,124,-103
106000204,76,1,75
106000205,32,105,-73
106000206,66,21,45
106000207,31,414,-383
106000208,1066,143,923
106000209,1022,199,823
106000210,192,619,-427
106000211,261,785,-524
106000212,577,323,254
106000213,464,1205,-741
106000214,1786,530,1256
106000215,175,328,-153
106000216,243,251,-8
106000217,247,346,-99
106000218,414,283,131
106000219,119,251,-132
106000220,281,155,126
106000221,137,197,-60
106000222,61,82,-21
106000223,164,77,87
106000224,154,112,42
106000225,68,86,-18
106000226,75,168,-93
106000228,44,60,-16
106000229,59,552,-493
106000231,564,89,475
106000232,57,241,-184
106000233,391,94,297
106000234,29,132,-103
106000235,173,69,104
106000236,62,61,1
106000237,0,6,-6
106000238,18,13,5
106000239,0,73,-73
106000240,26,1,25
106000241,7,411,-404
106000242,284,21,263
106000249,55,55,0
106000250,49,404,-355
106000251,56,12,44
106000252,25,52,-27
106000253,17,59,-42
106000254,40,20,20
106000255,13,118,-105
106000256,54,15,39
106000257,113,109,4
106000258,100,15,85
106000259,2,33,-31
106000260,28,6,22
106000261,3,32,-29
106000262,61,5,56
106000263,6,39,-33
106000264,121,7,114
106000265,11,81,-70
106000266,128,19,109
106000267,3,51,-48
106000268,338,43,295
106000269,64,23,41
106000270,88,296,-208
106000271,56,148,-92
106000272,137,31,106
106000273,10,196,-186
106000274,109,39,70
106000275,73,191,-118
106000276,111,24,87
106000277,76,171,-95
106000278,114,21,93
106000279,11,14,-3
106000280,75,54,21
106000281,82,56,26
106000282,56,31,25
106000283,95,44,51
106000284,59,86,-27
106000285,91,69,22
106000286,65,93,-28
106000287,68,63,5
106000288,57,103,-46
106000289,57,51,6
106000290,46,69,-23
106000291,88,47,41
106000292,50,69,-19
106000293,122,56,66
106000294,108,75,33
106000295,47,35,12
106000296,42,59,-17
106000297,52,163,-111
106000298,68,36,32
106000299,71,77,-6
106000300,42,60,-18
106000301,47,94,-47
106000303,18,58,-40
106000304,32,14,18
106000305,18,42,-24
106000306,25,31,-6
106000307,47,24,23
106000308,19,57,-38
106000309,11,22,-11
106000310,294,345,-51
106000311,291,124,167
106000312,73,115,-42
106000313,171,142,29
106000318,42,278,-236
106000319,768,177,591
106000320,2,54,-52
106000321,220,76,144
106000322,125,83,42
106000324,15,88,-73
106000325,1090,667,423
106000326,688,1205,-517
106000327,113,66,47
106000328,7,81,-74
106000329,30,131,-101
106000330,19,51,-32
106000428,100,164,-64
106000429,179,375,-196
106000430,266,946,-680
106000431,1510,370,1140
106000432,1542,2099,-557
106000433,1900,1339,561
106000434,2361,1063,1298
106000435,1186,1738,-552
106000436,5,108,-103
106000437,261,47,214
106000438,333,155,178
106000439,89,371,-282
106000440,160,303,-143
106000441,2,2,0
106000442,131,9,122
106000443,147,210,-63
106000450,2,111,-109
106000451,27,41,-14
106000454,4,57,-53
106000455,4,151,-147
106000456,89,16,73
106000457,6,555,-549
106000458,544,80,464
106000459,143,182,-39
106000460,1074,13,1061
106000461,86,588,-502
106000462,0,21,-21
106000463,10,18,-8
106000464,4,267,-263
106000465,566,5,561
106000466,3,280,-277
106000467,183,278,-95
106000468,74,79,-5
106000469,121,2,119
106000470,228,1210,-982
106000471,24,330,-306
106000472,103,11,92
106000473,32,14,18
106000474,219,388,-169
106000475,199,127,72
106000476,96,196,-100
106000477,32,95,-63
106000480,0,224,-224
106900001,0,8,-8
106900002,2,251,-249
106900003,128,508,-380
106900004,1,13,-12
106900006,0,2,-2
106900007,0,5,-5
106900008,287,110,177
106900009,277,173,104
106900010,206,166,40
106900012,848,1286,-438
106900013,327,111,216
106900014,24,0,24
106900015,9,0,9
106900016,189,11,178
106900017,4,1,3
106900018,2,0,2
106900019,31,1,30
106900020,1267,1143,124
106900021,164,78,86
106900022,638,2,636
106900023,67,256,-189
106900024,384,59,325
106900025,38,325,-287
106900026,4,300,-296
106900027,577,3,574
107000001,2810,2345,465
107000002,2114,3115,-1001
107000003,4493,4707,-214
107000004,3202,3061,141
107000005,3426,4110,-684
107000006,2933,2726,207
107000007,4417,7785,-3368
107000008,7557,5783,1774
107000009,5818,6247,-429
107000010,7245,6624,621
107000011,875,958,-83
107000012,2992,2142,850
107000013,51,64,-13
107000014,50,214,-164
107000015,444,627,-183
107000016,490,551,-61
107000017,1374,950,424
107000018,9,534,-525
107000020,766,786,-20
107000021,803,366,437
107000022,582,1045,-463
107000023,1228,214,1014
107000024,402,948,-546
107000025,173,279,-106
107000026,162,328,-166
107000027,1177,720,457
107000028,982,960,22
107000029,2439,2090,349
107000030,1944,1979,-35
107000031,3383,1943,1440
107000032,429,768,-339
107000033,2084,2790,-706
107000034,2008,1174,834
107000035,250,181,69
107000036,253,909,-656
107000037,62,608,-546
107000038,198,195,3
107000039,687,665,22
107000040,104,234,-130
107000041,1168,613,555
107000042,634,1480,-846
107000043,1993,922,1071
107000044,450,260,190
107000045,73,170,-97
107000046,606,328,278
107000047,341,596,-255
107000048,522,201,321
107000049,562,570,-8
107000050,1060,444,616
107000051,226,284,-58
107000052,985,836,149
107000053,292,162,130
107000054,61,255,-194
107000055,299,87,212
107000056,449,598,-149
107000057,931,167,764
107000058,1920,2012,-92
107000059,1571,2383,-812
107000060,3194,3964,-770
107000061,3810,2463,1347
107000062,3549,2206,1343
107000063,3090,3326,-236
107000064,3278,1664,1614
107000065,2594,3094,-500
107000066,1376,1952,-576
107000067,922,1051,-129
107000068,1086,579,507
107000069,747,428,319
107000070,1309,14,1295
107000071,2980,46,2934
107000072,31,1929,-1898
107000073,652,253,399
107000074,138,603,-465
107000075,1449,500,949
107000076,513,1086,-573
107000077,3286,1470,1816
107000078,2360,2393,-33
107000079,2330,961,1369
107000080,927,2291,-1364
107000081,1425,520,905
107000082,514,1030,-516
107000083,1096,308,788
107000084,246,1105,-859
107000085,2284,2545,-261
107000086,2804,2744,60
107000087,2341,1530,811
107000088,2584,2777,-193
107000089,1263,1295,-32
107000090,876,873,3
107000091,1198,666,532
107000092,712,887,-175
107000093,1014,652,362
107000094,801,892,-91
107000095,550,501,49
107000096,450,542,-92
107000097,506,274,232
107000098,406,469,-63
107000099,289,246,43
107000100,185,205,-20
107000101,49,133,-84
107000102,181,272,-91
107000103,239,141,98
107000104,180,206,-26
107000105,311,97,214
107000106,112,161,-49
107000107,540,137,403
107000108,126,321,-195
107000109,500,138,362
107000110,49,442,-393
107000111,278,34,244
107000112,34,271,-237
107000113,568,101,467
107000114,109,363,-254
107000115,500,142,358
107000116,88,556,-468
107000117,122,494,-372
107000118,120,120,0
107000119,983,1130,-147
107000120,849,411,438
107000121,745,559,186
107000122,1052,674,378
107000123,430,504,-74
107000124,461,624,-163
107000125,752,388,364
107000126,767,473,294
107000129,186,482,-296
107000130,473,186,287
107000131,308,480,-172
107000132,424,266,158
107000133,507,81,426
107000134,255,3,252
107000135,3,200,-197
107000136,568,4,564
107000137,12,350,-338
107000138,232,21,211
107000139,21,406,-385
107000140,1007,74,933
107000141,109,532,-423
107000142,391,72,319
107000143,73,507,-434
107000144,454,314,140
107000145,124,392,-268
107000146,166,194,-28
107000147,3237,932,2305
107000150,419,1772,-1353
107000151,29,74,-45
107000152,282,949,-667
107000153,111,276,-165
107000154,191,255,-64
107000155,652,17,635
107000156,851,13,838
107000157,15,864,-849
107000158,475,15,460
107000159,28,591,-563
107000160,909,84,825
107000161,68,777,-709
107000162,209,290,-81
107000163,246,6,240
107000164,565,4,561
107000165,840,6,834
107000166,62,799,-737
107000167,459,162,297
107000168,925,361,564
107000169,527,654,-127
107000170,1792,600,1192
107000171,547,1228,-681
107000172,866,1122,-256
107000173,537,592,-55
107000174,882,3972,-3090
107000175,4147,1149,2998
107000176,1,2,-1
107000177,1,0,1
107000178,13,26,-13
107000179,269,1475,-1206
107000180,1109,185,924
107000181,335,791,-456
107000182,1413,699,714
107000183,100,556,-456
107000184,939,505,434
107000185,339,1066,-727
107000186,921,326,595
107000187,944,833,111
107000188,478,486,-8
107000189,324,662,-338
107000190,479,476,3
107000191,698,885,-187
107000192,1314,475,839
107000193,279,341,-62
107000194,819,543,276
107000197,705,194,511
107000198,259,530,-271
107000199,539,459,80
107000200,484,523,-39
107000201,325,245,80
107000202,290,392,-102
107000203,796,745,51
107000204,1014,1077,-63
107000205,1645,786,859
107000206,639,1160,-521
107000207,534,742,-208
107000208,763,506,257
107000209,1335,1132,203
107000210,614,317,297
107000211,2,39,-37
107000212,7,228,-221
107000213,4,16,-12
107000214,9,111,-102
107000215,300,191,109
107000216,333,250,83
107000217,109,87,22
107000219,72,147,-75
107000220,130,157,-27
107000222,191,483,-292
107000224,337,84,253
107000225,100,316,-216
107000226,324,77,247
107000227,72,148,-76
107000228,64,204,-140
107000229,123,93,30
107000230,854,338,516
107000231,1072,1391,-319
107000232,111,23,88
107000233,870,628,242
107000234,2,46,-44
107000235,75,7,68
107000236,9,293,-284
107000237,12,0,12
107000238,26,3,23
107000239,1748,374,1374
107000240,109,620,-511
107000243,1,45,-44
107000244,4,39,-35
107000246,0,922,-922
107000249,0,959,-959
107000251,1,416,-415
107000252,0,632,-632
107000255,257,77,180
107000257,1,306,-305
107000258,1,108,-107
107000259,5,118,-113
107000260,565,4,561
107000262,10,395,-385
107000263,199,2,197
107000266,6,6,0
107000267,55,78,-23
107000268,136,100,36
107000269,491,82,409
107000270,0,13,-13
107000271,9,473,-464
107000272,12,105,-93
107000273,2,132,-130
107000274,545,142,403
107000275,19,690,-671
107000280,607,33,574
107000281,36,541,-505
107000282,17,566,-549
107000290,7,26,-19
107000291,17,6,11
107000292,2,41,-39
107000293,52,2,50
107000294,0,36,-36
107000295,22,0,22
107000296,0,11,-11
107000444,234,3,231
107000496,3,9,-6
107000497,1182,1371,-189
107000500,246,214,32
107000501,73,102,-29
107000502,168,210,-42
107000505,288,605,-317
107000506,0,30,-30
107000508,6,357,-351
107000509,241,476,-235
107000510,31,25,6
107000514,19,314,-295
107000515,8,147,-139
107000516,236,202,34
107000518,753,950,-197
107000519,1183,678,505
107000520,96,26,70
107000521,510,276,234
107000522,602,331,271
107900001,71,140,-69
107900002,51,7,44
107900003,414,15,399
107900004,23,1,22
107900005,1093,5,1088
107900006,94,0,94
107900007,186,31,155
107900008,34,8,26
107900009,81,6,75
107900010,47,1,46
107900012,249,50,199
107900013,147,22,125
107900014,17,2,15
107900015,801,10,791
107900016,333,57,276
107900017,27,0,27
107900018,32,106,-74
107900019,11,36,-25
107900020,35,18,17
107900021,64,65,-1
107900023,2,1,1
107900024,0,25,-25
107900025,125,165,-40
107900026,62,42,20
107900027,15,37,-22
107900028,85,39,46
107900030,172,40,132
107900031,42,57,-15
107900032,42,1,41
107900033,19,4,15
107900034,228,8,220
107900035,564,34,530
107900036,45,13,32
107900037,1,23,-22
107900038,114,163,-49
107900039,26,25,1
107900040,24,100,-76
107900041,2,0,2
107900043,43,70,-27
107900044,5,3,2
107900045,67,39,28
107900046,128,137,-9
107900047,25,40,-15
107900048,132,9,123
107900049,226,615,-389
107900050,87,144,-57
107900051,66,50,16
107900052,13,42,-29
107900053,49,65,-16
107900055,455,173,282
107900056,76,33,43
107900057,0,0,0
107900058,20,323,-303
107900060,28,26,2
107900061,18,12,6
107900063,76,124,-48
107900064,199,99,100
107900065,114,7,107
107900066,27,3,24
107900067,0,0,0
107900068,80,419,-339
107900069,19,1619,-1600
107900070,69,27,42
107900071,16,304,-288
107900072,56,79,-23
107900073,73,50,23
107900074,536,287,249
107900076,82,48,34
107900077,83,2,81
107900079,10,8,2
107900080,184,579,-395
107900081,45,54,-9
107900082,25,9,16
107900083,281,111,170
107900084,76,138,-62
107900086,34,98,-64
107900087,382,145,237
107900088,30,1,29
107900089,150,600,-450
107900090,329,1296,-967
107900091,130,189,-59
107900092,0,0,0
107900093,60,61,-1
107900095,2301,1723,578
107900097,24,32,-8
107900098,59,141,-82
107900100,666,799,-133
107900101,598,149,449
107900102,22,12,10
107900103,36,110,-74
107900104,153,4,149
107900105,0,181,-181
107900106,2,683,-681
107900107,731,422,309
107900108,191,114,77
107900109,1213,13,1200
107900110,29,45,-16
107900111,12,551,-539
107900112,94,257,-163
107900113,169,81,88
107900114,148,103,45
107900115,2,26,-24
107900116,121,72,49
107900117,232,215,17
107900118,55,98,-43
107900119,70,182,-112
107900120,12,17,-5
107900121,3,84,-81
107900122,2,61,-59
107900123,7,27,-20
107900124,10,36,-26
107900125,31,132,-101
107900126,11,20,-9
107900127,395,254,141
107900128,48,72,-24
107900129,46,17,29
107900130,97,15,82
107900131,387,221,166
107900132,84,153,-69
107900133,0,57,-57
107900134,46,106,-60
107900135,4,117,-113
107900136,25,26,-1
107900137,95,84,11
107900138,44,29,15
107900139,44,34,10
107900141,28,29,-1
107900142,56,398,-342
107900143,35,21,14
107900144,0,123,-123
107900145,8,48,-40
107900146,14,73,-59
107900147,36,18,18
107900148,146,86,60
107900149,459,110,349
107900150,58,305,-247
107900151,33,97,-64
107900152,8,85,-77
107900153,112,232,-120
107900154,47,20,27
107900155,78,29,49
107900156,5,228,-223
107900157,19,33,-14
107900158,651,29,622
107900159,19,504,-485
107900160,100,191,-91
107900161,17,114,-97
107900162,0,57,-57
107900163,6,17,-11
107900164,13,31,-18
107900165,14,54,-40
107900166,13,111,-98
107900167,13,34,-21
107900168,20,23,-3
107900169,1,106,-105
107900171,3,593,-590
107900172,1,220,-219
107900173,11,94,-83
107900174,123,6,117
107900175,11,54,-43
107900176,26,22,4
107900177,0,86,-86
107900178,0,115,-115
107900179,14,101,-87
107900180,309,401,-92
107900181,237,185,52
107900182,2,609,-607
107900183,35,153,-118
107900184,64,177,-113
107900185,117,2,115
107900186,20,33,-13
107900187,0,91,-91
107900188,507,113,394
107900189,17,68,-51
107900190,67,108,-41
107900191,45,81,-36
107900193,3,20,-17
107900194,116,10,106
107900195,1484,279,1205
107900196,78,87,-9
107900197,457,287,170
107900199,2,618,-616
107900201,74,57,17
107900203,37,72,-35
107900204,209,134,75
107900206,640,279,361
107900207,0,380,-380
107900208,13,358,-345
107900209,261,74,187
107900210,62,58,4
107900213,421,324,97
107900214,4,59,-55
107900215,94,236,-142
107900216,182,47,135
107900217,32,91,-59
107900218,19,874,-855
107900219,20,47,-27
107900220,181,184,-3
107900221,135,129,6
107900223,63,299,-236
107900224,69,219,-150
107900225,6,378,-372
107900226,88,53,35
107900227,84,280,-196
107900228,19,71,-52
107900229,1,126,-125
107900230,7,54,-47
107900231,9,127,-118
107900232,43,59,-16
107900233,8,92,-84
107900234,41,58,-17
107900235,18,57,-39
107900236,51,37,14
107900237,54,285,-231
107900238,37,60,-23
107900239,550,420,130
107900240,21,75,-54
107900241,8,31,-23
107900242,23,132,-109
107900243,2,60,-58
107900244,225,2,223
107900245,412,27,385
107900246,176,17,159
107900248,120,228,-108
107900249,484,15,469
107900250,2,316,-314
107900251,67,973,-906
107900252,768,17,751
107900253,140,5,135
107900254,38,117,-79
107900255,202,71,131
107900256,463,587,-124
107900257,170,72,98
107900258,76,134,-58
107900259,63,1433,-1370
107900261,2,173,-171
107900262,26,58,-32
107900264,220,4,216
107900265,59,66,-7
107900267,248,25,223
107900268,10,5,5
107900269,0,4,-4
107900270,0,0,0
107900271,2,16,-14
107900272,96,10,86
107900273,44,56,-12
107900274,78,0,78
107900275,22,0,22
107900276,2,78,-76
107900277,1,152,-151
107900278,264,195,69
107900279,86,121,-35
107900280,1368,1346,22
107900281,664,1962,-1298
107900282,34,354,-320
107900283,529,420,109
107900284,339,382,-43
107900285,62,38,24
107900286,86,66,20
107900287,119,144,-25
107900290,0,70,-70
107900291,373,24,349
107900292,99,127,-28
107900293,59,278,-219
107900295,38,34,4
107900297,0,216,-216
107900298,562,540,22
107900299,1881,1879,2
107900300,25,93,-68
107900301,352,582,-230
107900302,65,30,35
107900303,150,247,-97
107900304,281,259,22
107900305,225,8,217
107900306,14,28,-14
107900307,38,197,-159
107900308,160,104,56
107900309,72,0,72
107900310,164,2,162
107900311,3,196,-193
107900312,32,1,31
107900313,4,80,-76
107900314,0,41,-41
107900315,0,49,-49
107900316,25,4,21
107900317,41,9,32
107900318,12,117,-105
107900319,3,103,-100
107900320,0,78,-78
107900321,85,6,79
107900322,1,58,-57
107900323,5,84,-79
107900324,169,5,164
107900325,91,0,91
107900326,278,156,122
107900327,1,63,-62
107900328,83,0,83
107900329,40,63,-23
107900330,4,193,-189
107900331,184,28,156
107900332,199,25,174
107900333,40,7,33
107900334,5,94,-89
107900335,61,10,51
107900336,23,66,-43
107900337,643,685,-42
107900338,4,152,-148
107900339,0,15,-15
107900340,2,40,-38
107900341,37,3,34
107900342,102,100,2
107900343,30,5,25
107900344,5,42,-37
107900345,78,12,66
107900346,20,3,17
107900347,22,3,19
107900348,7,2,5
107900349,21,2,19
107900350,18,160,-142
107900351,5,109,-104
107900352,1,10,-9
107900353,6,4,2
107900354,10,27,-17
108000001,2420,2975,-555
108000002,1633,1820,-187
108000003,2659,2841,-182
108000004,9153,11202,-2049
108000005,6385,5471,914
108000006,6159,5807,352
108000007,4228,3664,564
108000008,3518,4661,-1143
108000009,2991,3571,-580
108000010,2347,3216,-869
108000011,9167,9415,-248
108000012,12191,11287,904
108000014,929,584,345
108000015,664,283,381
108000016,280,574,-294
108000017,891,368,523
108000018,1631,506,1125
108000019,1555,724,831
108000020,1226,468,758
108000021,338,1354,-1016
108000022,329,975,-646
108000023,1088,181,907
108000024,347,403,-56
108000025,241,228,13
108000026,630,311,319
108000027,595,430,165
108000028,558,175,383
108000029,432,488,-56
108000030,465,197,268
108000031,165,435,-270
108000032,1379,550,829
108000033,667,737,-70
108000034,1277,318,959
108000035,539,1436,-897
108000036,320,717,-397
108000037,1326,319,1007
108000038,1945,439,1506
108000039,434,1258,-824
108000040,1499,790,709
108000041,554,1589,-1035
108000042,188,190,-2
108000043,193,200,-7
108000044,432,150,282
108000045,294,344,-50
108000046,1121,242,879
108000047,336,616,-280
108000048,133,238,-105
108000049,720,232,488
108000050,92,352,-260
108000051,288,82,206
108000052,151,455,-304
108000053,292,156,136
108000054,368,640,-272
108000055,723,431,292
108000056,846,949,-103
108000057,468,943,-475
108000058,1588,2946,-1358
108000059,2473,1388,1085
108000060,158,384,-226
108000061,194,277,-83
108000062,707,422,285
108000063,357,322,35
108000064,173,159,14
108000065,363,312,51
108000066,1060,542,518
108000067,1450,510,940
108000068,624,334,290
108000069,142,650,-508
108000070,1436,625,811
108000071,461,1013,-552
108000072,1410,1014,396
108000073,1046,1325,-279
108000074,427,350,77
108000075,278,611,-333
108000076,662,524,138
108000077,512,519,-7
108000078,1691,978,713
108000079,659,1108,-449
108000080,900,403,497
108000081,432,1003,-571
108000082,739,1280,-541
108000083,1453,759,694
108000084,278,752,-474
108000085,595,341,254
108000086,627,456,171
108000087,98,1535,-1437
108000088,348,83,265
108000089,240,250,-10
108000090,160,64,96
108000091,223,356,-133
108000092,119,56,63
108000093,142,356,-214
108000094,439,82,357
108000095,140,195,-55
108000096,272,101,171
108000097,145,269,-124
108000098,1376,824,552
108000099,682,239,443
108000100,89,280,-191
108000101,865,1061,-196
108000102,1333,2444,-1111
108000106,747,1,746
108000107,3,610,-607
108000108,646,34,612
108000109,7,565,-558
108000110,155,217,-62
108000111,135,409,-274
108000112,49,118,-69
108000113,392,192,200
108000115,263,163,100
108000117,471,290,181
108000118,229,836,-607
108000119,520,257,263
108000120,185,616,-431
108000121,157,277,-120
108000122,377,285,92
108000123,500,160,340
108000124,213,328,-115
108000125,358,158,200
108000126,154,290,-136
108000127,491,227,264
108000128,500,314,186
108000129,241,688,-447
108000130,280,199,81
108000131,700,414,286
108000132,1562,987,575
108000133,603,416,187
108000134,362,367,-5
108000135,872,327,545
108000136,248,655,-407
108000137,333,211,122
108000138,348,719,-371
108000139,471,268,203
108000140,75,18,57
108000141,26,46,-20
108000142,48,52,-4
108000143,27,151,-124
108000144,171,38,133
108000145,28,15,13
108000146,331,21,310
108000147,36,7,29
108000148,232,48,184
108000149,18,10,8
108000150,16,14,2
108000151,183,61,122
108000152,88,345,-257
108000153,435,107,328
108000154,48,6,42
108000155,28,16,12
108000156,397,176,221
108000157,119,666,-547
108000158,96,693,-597
108000159,373,169,204
108000160,1942,863,1079
108000161,1509,1863,-354
108000165,5,145,-140
108000172,4,222,-218
108000173,1163,1580,-417
108000175,478,124,354
108000178,273,239,34
108000179,108,661,-553
108000181,59,21,38
108000182,154,50,104
108000183,50,329,-279
108000184,679,1731,-1052
108000185,185,263,-78
108000186,197,174,23
108000187,85,317,-232
108000188,424,143,281
108000189,740,3673,-2933
108000190,39,75,-36
108000192,194,516,-322
108000193,576,25,551
108000194,43,13,30
108000195,1,639,-638
108000196,104,166,-62
108000198,601,216,385
108000199,1,171,-170
108000200,274,247,27
108000203,112,367,-255
108000204,143,42,101
108000205,144,231,-87
108000339,872,297,575
108000364,138,355,-217
108000365,56,215,-159
108000367,123,222,-99
108000368,7,33,-26
108000369,572,137,435
108000371,10,370,-360
108000372,611,7,604
108000373,192,130,62
108000376,65,25,40
108000377,362,206,156
108000378,7522,8235,-713
108000379,32,154,-122
108000381,58,7,51
108000382,119,4,115
108000383,0,153,-153
108900001,66,671,-605
108900002,135,37,98
108900003,233,481,-248
108900004,1303,411,892
108900005,24,127,-103
108900006,263,99,164
108900007,190,150,40
108900008,83,115,-32
108900009,97,105,-8
108900010,218,130,88
108900011,438,301,137
108900012,266,284,-18
108900013,120,180,-60
108900014,16,100,-84
108900015,0,95,-95
108900016,0,224,-224
108900017,176,281,-105
108900018,107,204,-97
108900019,23,366,-343
108900020,31,128,-97
108900021,113,142,-29
108900022,105,5,100
108900023,8,28,-20
108900024,25,73,-48
108900025,74,80,-6
108900026,21,55,-34
108900027,0,40,-40
108900028,67,202,-135
108900029,58,153,-95
108900030,0,38,-38
108900031,99,271,-172
108900032,5,120,-115
108900033,0,76,-76
108900034,0,134,-134
108900035,241,823,-582
108900036,67,67,0
108900037,27,98,-71
108900038,0,186,-186
108900039,1,252,-251
108900040,1,79,-78
108900041,3402,2574,828
108900042,3,245,-242
108900043,58,309,-251
108900044,1,233,-232
108900045,79,354,-275
108900046,25,384,-359
108900047,0,139,-139
108900048,129,586,-457
108900049,2066,903,1163
108900050,0,128,-128
108900051,1,109,-108
108900052,28,126,-98
108900053,53,133,-80
108900054,74,92,-18
108900055,36,236,-200
108900056,0,81,-81
108900057,2,101,-99
108900058,27,202,-175
108900059,396,34,362
108900060,80,97,-17
108900061,80,27,53
108900062,13,127,-114
108900063,5,186,-181
108900064,142,42,100
108900065,12,119,-107
108900066,297,86,211
108900067,20,107,-87
108900068,4,94,-90
108900069,65,45,20
108900070,25,94,-69
108900071,128,47,81
108900072,1225,442,783
108900073,36,189,-153
108900074,150,213,-63
108900075,48,42,6
108900076,222,45,177
108900077,95,303,-208
108900078,29,120,-91
108900079,641,144,497
108900080,24,644,-620
108900081,42,142,-100
108900082,36,82,-46
108900083,15,194,-179
108900084,122,45,77
108900085,1461,113,1348
108900086,128,137,-9
108900087,120,137,-17
108900088,788,327,461
108900089,13,138,-125
108900090,45,164,-119
108900091,125,42,83
108900092,377,250,127
108900093,71,78,-7
108900094,175,48,127
108900095,20,220,-200
108900096,284,11,273
108900097,246,133,113
108900098,1449,592,857
108900099,252,149,103
108900100,48,88,-40
108900101,149,187,-38
108900102,61,694,-633
108900103,66,112,-46
108900104,54,107,-53
108900105,9,1069,-1060
108900106,387,180,207
108900108,255,38,217
108900109,273,66,207
108900110,172,188,-16
108900111,378,323,55
108900112,103,13,90
108900113,24,42,-18
108900114,65,9,56
108900115,42,73,-31
108900116,48,13,35
108900117,132,8,124
108900118,484,22,462
108900119,187,8,179
108900120,251,134,117
108900121,248,114,134
108900122,123,19,104
108900123,134,125,9
108900124,369,155,214
108900125,318,6,312
108900126,105,30,75
108900127,125,10,115
108900128,106,31,75
108900129,525,99,426
108900130,300,3,297
108900131,257,2,255
108900132,370,55,315
108900133,155,78,77
108900134,249,136,113
108900135,117,6,111
108900136,43,1,42
108900137,134,1,133
108900138,580,56,524
108900139,166,19,147
108900140,251,128,123
108900141,378,11,367
108900142,120,2,118
108900143,59,0,59
108900144,52,0,52
108900145,179,15,164
108900146,73,0,73
108900147,212,1,211
108900148,58,18,40
108900149,162,63,99
108900150,269,7,262
108900151,265,9,256
108900152,205,11,194
108900153,175,190,-15
108900154,3243,312,2931
108900155,106,42,64
108900156,88,8,80
108900157,75,290,-215
108900158,266,24,242
108900159,10,171,-161
108900160,7,194,-187
108900161,5,273,-268
108900162,60,1,59
108900163,5,237,-232
108900164,33,55,-22
108900165,47,42,5
108900167,405,2247,-1842
108900168,4948,2126,2822
108900169,35,62,-27
108900171,2796,2065,731
108900172,148,42,106
108900173,107,288,-181
108900174,751,459,292
108900176,79,288,-209
108900177,3142,3703,-561
108900178,2241,2520,-279
108900179,150,603,-453
108900180,71,186,-115
108900182,10,112,-102
108900183,162,140,22
108900184,325,115,210
108900185,93,216,-123
108900186,34,265,-231
108900187,139,17,122
108900188,225,15,210
108900189,278,102,176
108900190,29,1761,-1732
108900191,49,16,33
108900192,46,173,-127
108900193,68,21,47
108900194,20,165,-145
108900195,128,147,-19
108900196,29,178,-149
108900198,2,117,-115
108900199,233,206,27
108900200,446,349,97
108900201,362,927,-565
108900203,350,92,258
108900204,248,19,229
108900205,128,21,107
108900206,247,53,194
108900207,150,67,83
108900208,26,209,-183
108900209,194,359,-165
108900210,119,111,8
108900211,155,444,-289
108900212,487,988,-501
108900215,66,245,-179
108900216,435,188,247
108900217,128,1,127
108900218,111,15,96
108900219,57,9,48
108900220,14,14,0
108900221,46,141,-95
108900222,82,6,76
108900223,5,29,-24
108900224,25,143,-118
108900225,0,144,-144
108900227,78,230,-152
108900230,128,158,-30
108900231,8,61,-53
108900232,1,157,-156
108900233,250,87,163
108900234,243,129,114
108900235,118,360,-242
108900236,23,163,-140
108900237,32,60,-28
108900240,75,50,25
108900241,24,41,-17
108900245,11,932,-921
108900249,44,14,30
108900250,151,86,65
108900257,56,85,-29
108900258,9,130,-121
108900259,21,42,-21
108900260,6,49,-43
108900261,68,78,-10
108900262,101,85,16
108900263,24,83,-59
108900264,411,235,176
108900265,504,247,257
108900266,488,456,32
108900267,7,85,-78
108900268,26,2,24
108900269,66,8,58
108900270,53,4,49
108900271,43,8,35
108900272,191,10,181
108900273,634,619,15
108900274,43,31,12
109000001,2349,1355,994
109000002,1170,1352,-182
109000003,2150,430,1720
109000004,429,1530,-1101
109000005,2116,547,1569
109000006,613,1569,-956
109000007,1205,533,672
109000008,329,1256,-927
109000009,2746,1092,1654
109000010,1154,2687,-1533
109000011,2496,1760,736
109000012,1555,2090,-535
109000013,2756,2104,652
109000014,1290,2187,-897
109000015,3077,5659,-2582
109000016,4236,2600,1636
109000017,1901,1005,896
109000018,655,2056,-1401
109000019,2253,1216,1037
109000020,858,1528,-670
109000023,210,37,173
109000024,5,126,-121
109000025,273,351,-78
109000026,523,236,287
109000027,69,267,-198
109000028,111,58,53
109000029,84,124,-40
109000030,58,429,-371
109000031,142,152,-10
109000032,93,334,-241
109000033,266,208,58
109000034,82,29,53
109000035,13,51,-38
109000036,52,264,-212
109000037,159,936,-777
109000038,352,288,64
109000039,605,524,81
109000040,2669,5928,-3259
109000041,1999,1351,648
109000042,363,896,-533
109000044,300,67,233
109000045,122,255,-133
109000046,350,77,273
109000047,64,334,-270
109000048,577,187,390
109000049,253,483,-230
109000050,276,187,89
109000051,248,171,77
109000052,440,524,-84
109000053,170,45,125
109000054,66,262,-196
109000055,110,165,-55
109000056,274,187,87
109000057,430,347,83
109000058,810,167,643
109000059,730,1118,-388
109000060,257,298,-41
109000061,638,778,-140
109000062,73,277,-204
109000063,180,101,79
109000064,148,114,34
109000065,87,136,-49
109000066,220,58,162
109000067,46,184,-138
109000068,2948,12,2936
109000069,822,32,790
109000070,9,1266,-1257
109000071,322,55,267
109000072,82,194,-112
109000073,33,54,-21
109000074,20,123,-103
109000075,89,300,-211
109000076,98,235,-137
109000077,264,201,63
109000078,81,114,-33
109000079,147,133,14
109000080,151,82,69
109000081,100,338,-238
109000082,591,178,413
109000083,267,452,-185
109000088,84,355,-271
109000089,256,37,219
109000090,105,265,-160
109000091,204,180,24
109000092,208,328,-120
109000093,176,215,-39
109000094,415,4,411
109000095,93,237,-144
109000096,452,254,198
109000097,78,104,-26
109000098,53,122,-69
109000099,980,275,705
109000100,299,498,-199
109000101,1177,458,719
109000102,320,533,-213
109000103,266,470,-204
109000104,1291,451,840
109000105,360,793,-433
109000106,1504,645,859
109000107,411,1289,-878
109000108,1293,494,799
109000109,382,1169,-787
109000110,998,440,558
109000111,618,1271,-653
109000112,310,121,189
109000113,299,139,160
109000114,121,228,-107
109000115,974,75,899
109000116,11,195,-184
109000117,185,52,133
109000118,11,254,-243
109000119,918,178,740
109000120,125,442,-317
109000121,394,29,365
109000122,107,431,-324
109000123,34,47,-13
109000124,570,319,251
109000125,595,245,350
109000126,329,462,-133
109000127,685,162,523
109000128,336,775,-439
109000129,1547,602,945
109000130,446,1050,-604
109000131,612,434,178
109000132,545,1188,-643
109000133,299,695,-396
109000134,584,1007,-423
109000135,851,1175,-324
109000136,247,213,34
109000137,210,256,-46
109000138,406,169,237
109000139,354,342,12
109000140,130,193,-63
109000141,391,263,128
109000142,94,377,-283
109000143,60,90,-30
109000145,86,279,-193
109000146,91,98,-7
109000148,2188,1070,1118
109000149,18,79,-61
109000150,101,207,-106
109000155,568,466,102
109000156,673,451,222
109000158,67,142,-75
109000159,58,278,-220
109000160,609,150,459
109000161,250,614,-364
109000162,1350,459,891
109000163,829,1209,-380
109000164,1004,1774,-770
109000165,900,380,520
109000166,565,68,497
109000167,89,357,-268
109000170,28,26,2
109000171,41,42,-1
109000172,26,58,-32
109000173,15,71,-56
109000174,81,45,36
109000175,62,47,15
109000176,214,156,58
109000177,25,96,-71
109000178,506,214,292
109000179,2670,3339,-669
109000180,3147,2338,809
109000181,8,12,-4
109000182,33,15,18
109000183,48,29,19
109000184,21,16,5
109000185,20,48,-28
109000188,319,1101,-782
109000189,1601,716,885
109000190,456,314,142
109000191,259,309,-50
109000192,294,123,171
109000193,156,192,-36
109000194,244,69,175
109000195,117,184,-67
109000196,265,109,156
109000197,114,234,-120
109000198,302,35,267
109000199,123,316,-193
109000206,194,28,166
109000207,83,14,69
109000208,60,48,12
109000209,130,113,17
109000210,175,344,-169
109000211,432,275,157
109000214,380,214,166
109000215,133,48,85
109000216,209,216,-7
109000217,145,80,65
109000218,208,162,46
109000221,391,726,-335
109000222,701,267,434
109000223,226,235,-9
109000224,35,114,-79
109000225,52,22,30
109000226,47,130,-83
109000227,734,546,188
109000228,7,1257,-1250
109000231,1,208,-207
109000232,361,216,145
109000236,179,476,-297
109000241,1556,1412,144
109000242,1476,950,526
109000293,20,88,-68
109000361,81,191,-110
109000364,141,326,-185
109000396,7,314,-307
109000397,397,7,390
109000399,101,325,-224
109000400,72,171,-99
109000403,105,751,-646
109000406,274,2,272
109000407,229,164,65
109000408,0,307,-307
109000410,710,188,522
109000411,168,18,150
109900001,77,0,77
109900002,573,14,559
109900003,234,0,234
109900004,689,87,602
109900005,38,4,34
109900006,288,94,194
109900007,679,326,353
109900008,0,37,-37
109900009,93,338,-245
109900010,434,10,424
109900011,75,34,41
109900012,197,176,21
109900013,259,117,142
109900014,342,46,296
109900015,367,172,195
109900016,137,8,129
109900017,139,175,-36
109900018,123,18,105
109900019,236,29,207
109900020,24,56,-32
109900021,19,19,0
109900022,169,126,43
109900023,13,4,9
109900024,23,0,23
109900025,21,36,-15
109900026,0,82,-82
109900027,22,70,-48
109900028,752,654,98
109900029,1,122,-121
109900030,42,10,32
109900031,0,83,-83
109900032,13,219,-206
109900033,4,267,-263
109900034,30,4,26
109900035,14,22,-8
109900036,10,39,-29
109900037,14,284,-270
109900038,67,177,-110
109900039,18,0,18
109900040,34,266,-232
109900041,23,223,-200
109900042,12,320,-308
109900044,56,158,-102
109900045,274,113,161
109900046,45,68,-23
109900047,191,256,-65
109900048,6,89,-83
109900049,9,28,-19
109900050,3,106,-103
109900051,2,37,-35
109900052,36,152,-116
109900053,4,204,-200
109900054,413,175,238
109900055,36,172,-136
109900056,27,214,-187
109900057,2,87,-85
109900058,0,72,-72
109900059,522,99,423
109900060,314,57,257
109900061,55,199,-144
109900062,1,117,-116
109900063,3,369,-366
109900064,369,130,239
109900065,49,115,-66
109900066,246,512,-266
109900067,0,135,-135
109900068,51,7,44
109900069,0,25,-25
109900070,27,220,-193
109900071,0,26,-26
109900072,12,80,-68
109900073,302,211,91
109900074,9,38,-29
109900075,25,18,7
109900076,24,135,-111
109900077,33,39,-6
109900078,82,118,-36
109900080,84,160,-76
109900081,17,155,-138
109900082,30,184,-154
109900083,22,52,-30
109900084,51,124,-73
109900085,137,370,-233
109900086,106,259,-153
109900087,271,329,-58
109900089,469,148,321
109900090,367,618,-251
109900091,249,70,179
109900092,211,15,196
109900093,710,122,588
109900094,83,81,2
109900095,72,115,-43
109900096,29,2,27
109900097,79,2,77
109900098,336,31,305
109900099,200,1,199
109900100,51,0,51
109900101,373,17,356
109900102,408,15,393
109900103,26,18,8
109900104,504,431,73
109900105,405,18,387
109900106,262,73,189
109900107,373,55,318
109900108,57,167,-110
109900109,35,85,-50
109900110,58,198,-140
109900111,238,454,-216
109900112,244,280,-36
109900113,564,441,123
109900114,696,672,24
109900115,110,52,58
109900117,754,101,653
109900118,161,322,-161
109900119,451,218,233
109900120,46,35,11
109900121,253,444,-191
109900122,357,8,349
109900123,17,88,-71
109900124,15,234,-219
109900125,1,70,-69
109900126,189,53,136
109900128,241,41,200
109900130,3505,1504,2001
109900131,38,96,-58
109900132,21,90,-69
109900133,94,164,-70
109900134,56,67,-11
109900135,267,53,214
109900136,26,139,-113
109900137,120,160,-40
109900140,167,101,66
109900142,913,180,733
109900145,4,371,-367
109900146,354,31,323
109900148,40,36,4
109900149,30,54,-24
109900150,4,91,-87
109900151,4,42,-38
109900152,0,19,-19
109900153,0,38,-38
109900154,48,0,48
109900155,74,28,46
109900157,48,154,-106
109900158,35,104,-69
109900159,128,27,101
109900160,125,35,90
109900161,145,45,100
109900162,131,84,47
109900163,423,192,231
109900164,37,159,-122
109900165,190,7,183
109900166,1,86,-85
109900167,141,222,-81
109900168,155,383,-228
109900169,161,113,48
109900170,136,537,-401
109900171,141,66,75
109900172,177,166,11
109900173,1642,1890,-248
109900174,24,72,-48
109900175,64,74,-10
109900176,89,102,-13
109900177,28,144,-116
109900178,12,105,-93
109900179,31,16,15
109900180,16,18,-2
110000001,677,409,268
110000002,450,507,-57
110000003,548,482,66
110000004,428,532,-104
110000005,328,1043,-715
110000006,234,247,-13
110000007,79,80,-1
110000008,20,48,-28
110000009,20,17,3
110000010,36,41,-5
110000011,28,48,-20
110000012,365,281,84
110000013,37,352,-315
110000014,351,276,75
110000015,232,362,-130
110000016,172,1091,-919
110000017,1550,189,1361
110000018,1460,249,1211
110000019,8,78,-70
110000020,316,168,148
110000021,262,363,-101
110000022,432,105,327
110000023,5,85,-80
110000024,498,287,211
110000025,314,4,310
110000026,6,197,-191
110000027,852,706,146
110000028,601,452,149
110000029,411,522,-111
110000030,254,258,-4
110000031,228,306,-78
110000032,569,253,316
110000033,306,66,240
110000034,301,380,-79
110000035,638,345,293
110000036,588,340,248
110000037,199,250,-51
110000038,149,384,-235
110000039,514,1744,-1230
110000040,192,191,1
110000041,227,971,-744
110000042,66,238,-172
110000043,429,189,240
110000044,49,171,-122
110000045,285,83,202
110000046,2,15,-13
110000047,52,23,29
110000048,11,23,-12
110000049,49,11,38
110000050,7,25,-18
110000051,22,8,14
110000052,27,47,-20
110000053,35,10,25
110000054,155,246,-91
110000055,428,58,370
110000056,159,88,71
110000057,280,412,-132
110000058,898,344,554
110000059,633,326,307
110000060,666,726,-60
110000061,682,572,110
110000062,469,677,-208
110000063,30,84,-54
110000064,63,42,21
110000065,50,28,22
110000066,55,36,19
110000067,65,120,-55
110000068,249,111,138
110000069,179,55,124
110000071,144,74,70
110000073,6,14,-8
110000075,3,44,-41
110000076,229,233,-4
110000077,262,488,-226
110000078,28,18,10
110000080,216,442,-226
110000081,53,195,-142
110000082,49,330,-281
110000083,186,489,-303
110000084,917,659,258
110000085,1313,1308,5
110000086,930,1743,-813
110000087,10,51,-41
110000088,69,142,-73
110000089,178,62,116
110000090,70,110,-40
110000091,564,175,389
110000092,12,42,-30
110000093,68,9,59
110000094,453,152,301
110000095,125,457,-332
110000096,1373,1396,-23
110000097,967,947,20
110000098,1625,505,1120
110000099,579,1179,-600
110000100,687,277,410
110000101,17,217,-200
110000102,86,20,66
110000104,268,108,160
110000105,43,226,-183
110000106,502,328,174
110000107,203,283,-80
110000108,86,42,44
110000109,172,178,-6
110000110,1786,3498,-1712
110000111,3229,1892,1337
110000112,800,967,-167
110000113,261,1505,-1244
110000114,125,401,-276
110000115,281,219,62
110000116,50,41,9
110000117,146,177,-31
110000118,355,105,250
110000119,167,164,3
110000120,246,126,120
110000121,61,209,-148
110000122,266,394,-128
110000123,459,464,-5
110000124,2,492,-490
110000125,841,5,836
110000126,243,26,217
110000127,887,60,827
110000128,33,727,-694
110000129,3,294,-291
110000130,296,182,114
110000131,44,215,-171
110000132,1,407,-406
110000133,29,278,-249
110000134,9,228,-219
110000135,136,31,105
110000136,52,153,-101
110000137,367,400,-33
110000138,569,372,197
110000139,615,731,-116
110000140,798,515,283
110000143,451,268,183
110000144,3995,1528,2467
110000145,1551,832,719
110000146,1008,465,543
110000147,297,415,-118
110000148,337,148,189
110000151,848,828,20
110000152,514,318,196
110000153,65,21,44
110000154,25,16,9
110000155,1188,3205,-2017
110000156,744,1829,-1085
110000157,1073,1519,-446
110000160,279,165,114
110000161,116,134,-18
110000166,408,56,352
110000167,683,386,297
110000168,759,399,360
110000169,740,304,436
110000170,83,50,33
110000171,531,104,427
110000172,106,484,-378
110000173,724,678,46
110000174,101,457,-356
110000175,447,30,417
110000176,33,184,-151
110000177,158,595,-437
110000178,323,937,-614
110000179,717,270,447
110000180,176,148,28
110000181,307,284,23
110000182,253,93,160
110000183,4969,4451,518
110000184,222,1405,-1183
110000185,578,478,100
110000186,565,526,39
110000191,757,234,523
110000192,418,17,401
110000193,810,10,800
110000194,14,570,-556
110000195,359,143,216
110000196,301,185,116
110000197,82,78,4
110000198,94,34,60
110000199,52,87,-35
110000200,735,391,344
110000201,560,712,-152
110000202,1002,412,590
110000203,462,503,-41
110000204,4,150,-146
110000205,105,34,71
110000206,419,699,-280
110000207,746,274,472
110000208,189,153,36
110000209,124,511,-387
110000210,812,302,510
110000211,570,438,132
110000212,330,687,-357
110000213,152,38,114
110000214,179,65,114
110000215,136,171,-35
110000216,72,185,-113
110000217,214,131,83
110000218,105,162,-57
110000219,254,40,214
110000220,70,151,-81
110000221,240,47,193
110000222,47,146,-99
110000223,3,98,-95
110000224,39,5,34
110000225,198,509,-311
110000226,218,42,176
110000227,502,434,68
110000228,215,106,109
110000229,1,142,-141
110000230,451,518,-67
110000231,95,153,-58
110000232,134,168,-34
110000233,154,164,-10
110000234,437,452,-15
110000235,660,784,-124
110000236,458,492,-34
110000237,1404,945,459
110000238,807,1017,-210
110000239,1428,933,495
110000240,0,39,-39
110000242,0,7,-7
110000243,75,100,-25
110000244,114,233,-119
110000245,28,288,-260
110000246,426,357,69
110000247,751,3335,-2584
110000248,1318,1087,231
110000249,50,2,48
110000250,12,152,-140
110000251,209,385,-176
110000252,145,131,14
110000253,851,470,381
110000254,430,671,-241
110000255,145,584,-439
110000256,294,202,92
110000257,588,286,302
110000258,7,237,-230
110000259,88,28,60
110000260,19,134,-115
110000263,284,75,209
110000264,255,274,-19
110000265,738,1061,-323
110000266,1122,1889,-767
110000267,18,153,-135
110000268,230,287,-57
110000269,3,49,-46
110000270,50,2,48
110000271,819,167,652
110000272,783,685,98
110000273,2034,1031,1003
110000274,117,995,-878
110000275,1105,327,778
110000276,183,210,-27
110000277,200,203,-3
110000278,179,433,-254
110000279,510,556,-46
110000280,293,274,19
110000281,38,209,-171
110000282,189,33,156
110000283,52,55,-3
110000284,33,34,-1
110000285,5,357,-352
110000286,15,2,13
110000287,31,1,30
110000288,1,53,-52
110000289,347,1312,-965
110000290,516,382,134
110000291,2757,909,1848
110000292,826,2773,-1947
110000293,423,377,46
110000294,631,605,26
110000295,100,519,-419
110000296,246,175,71
110000297,1740,228,1512
110000298,196,403,-207
110000299,164,67,97
110000301,161,17,144
110000302,294,521,-227
110000303,216,10,206
110000304,87,149,-62
110000305,746,10,736
110000306,122,625,-503
110000307,1089,2,1087
110000308,396,4,392
110000309,0,389,-389
110000310,489,43,446
110000311,11,391,-380
110000312,313,76,237
110000313,1585,2379,-794
110000314,2,176,-174
110000315,2063,1706,357
110000316,377,898,-521
110000317,242,288,-46
110000318,1,50,-49
110000319,10,30,-20
110000320,47,27,20
110000321,18,16,2
110000322,224,211,13
110000323,261,83,178
110000324,2069,1264,805
110000325,1815,1974,-159
110000327,352,223,129
110000328,120,194,-74
110000333,542,406,136
110000334,544,877,-333
110000335,515,266,249
110000336,422,602,-180
110000337,937,369,568
110000338,364,144,220
110000339,194,147,47
110000340,12,87,-75
110000341,276,326,-50
110000342,292,2,290
110000343,0,16,-16
110000344,26,74,-48
110000345,66,71,-5
110000346,1548,1325,223
110000347,807,448,359
110000348,15,6,9
110000349,9,6,3
110000350,45,6,39
110000351,735,515,220
110000352,560,984,-424
110000353,1550,526,1024
110000354,809,2017,-1208
110000355,62,50,12
110000356,493,6,487
110000357,249,11,238
110000361,20,32,-12
110000362,54,16,38
110000363,319,86,233
110000364,140,204,-64
110000365,107,0,107
110000366,1,80,-79
110000367,291,112,179
110000368,2,38,-36
110000369,25,2,23
110000373,1,184,-183
110000374,98,9,89
110000375,88,630,-542
110000376,31,84,-53
110000377,85,292,-207
110000378,36,252,-216
110000379,1807,1285,522
110000380,65,15,50
110000383,2,883,-881
110000384,1344,783,561
110000385,0,118,-118
110000387,57,9,48
110000388,26,147,-121
110000389,682,2,680
110000391,482,219,263
110000396,101,104,-3
110000397,146,93,53
110000398,5,22,-17
110000399,127,0,127
110000587,56,18,38
110000589,205,121,84
110000640,148,46,102
110000652,9,111,-102
110000653,224,246,-22
110000654,178,414,-236
110000656,1,422,-421
110000674,32,12,20
110000675,3,10,-7
110000676,0,15,-15
110000679,237,806,-569
110000682,83,133,-50
110000683,234,411,-177
110000684,0,21,-21
110000685,9,5,4
110000686,0,23,-23
110000687,30,2,28
110000688,53,760,-707
110000689,21,16,5
110000692,31,89,-58
110000693,45,194,-149
110000694,2,116,-114
110000695,79,296,-217
110000696,75,52,23
110900001,239,15,224
110900002,218,113,105
110900003,523,286,237
110900004,352,80,272
110900005,1444,1385,59
110900006,31,10,21
110900007,120,22,98
110900008,8,35,-27
110900009,346,82,264
110900010,18,51,-33
110900011,13,86,-73
110900012,7,39,-32
110900013,680,109,571
110900014,116,13,103
110900015,264,615,-351
110900016,37,60,-23
110900017,279,17,262
110900018,330,33,297
110900019,130,19,111
110900020,71,172,-101
110900021,49,293,-244
110900022,58,149,-91
110900023,59,287,-228
110900024,12,205,-193
110900025,1,46,-45
110900027,30,107,-77
110900028,30,110,-80
110900029,12,194,-182
110900030,34,118,-84
110900031,4,83,-79
110900032,0,47,-47
110900033,47,95,-48
110900035,14,389,-375
110900036,62,19,43
110900037,41,19,22
110900038,529,179,350
110900039,10,189,-179
110900040,196,15,181
110900041,10,57,-47
110900042,100,45,55
110900043,3,77,-74
110900044,138,6,132
110900045,53,238,-185
110900046,12,165,-153
110900047,341,184,157
110900049,52,45,7
110900050,25,3,22
110900051,31,147,-116
110900052,1,81,-80
110900053,85,24,61
110900054,38,115,-77
110900055,13,0,13
110900056,41,73,-32
110900057,5,67,-62
110900058,155,106,49
110900059,511,321,190
110900060,412,82,330
110900061,23,21,2
110900062,119,115,4
110900063,33,62,-29
110900064,9,0,9
110900065,274,110,164
110900066,5,27,-22
110900067,150,390,-240
110900068,176,159,17
110900069,6,10,-4
110900070,82,37,45
110900071,197,359,-162
110900073,0,13,-13
110900074,232,64,168
110900075,276,71,205
110900077,463,418,45
110900078,44,35,9
110900079,1395,1118,277
110900080,77,49,28
110900081,0,34,-34
110900082,91,40,51
110900083,74,33,41
110900084,43,57,-14
110900085,29,170,-141
110900086,35,242,-207
110900087,249,46,203
110900088,12,1,11
110900090,36,34,2
110900091,6,27,-21
110900093,139,83,56
110900095,28,37,-9
110900097,4,8,-4
110900098,16,48,-32
110900099,22,269,-247
110900100,0,9,-9
110900102,33,5,28
110900105,329,181,148
110900108,7,40,-33
110900111,301,65,236
110900112,761,16,745
110900113,334,34,300
110900115,2,26,-24
110900116,509,1010,-501
110900118,73,2044,-1971
110900119,1916,265,1651
110900120,3,35,-32
110900121,170,0,170
110900122,396,125,271
110900125,375,349,26
110900127,530,1108,-578
110900128,231,295,-64
110900129,224,721,-497
110900130,766,516,250
110900131,150,38,112
110900132,220,23,197
110900133,38,91,-53
110900135,37,156,-119
110900136,248,13,235
110900139,6,0,6
110900140,0,0,0
110900141,312,195,117
110900142,36,89,-53
110900143,108,67,41
110900144,2,426,-424
110900145,134,43,91
110900146,255,121,134
110900147,103,254,-151
110900148,2,259,-257
110900149,1,33,-32
110900150,26,12,14
110900151,1,36,-35
110900152,35,137,-102
110900153,137,37,100
111000001,467,459,8
111000002,576,449,127
111000003,933,513,420
111000004,327,677,-350
111000005,909,973,-64
111000006,711,1105,-394
111000007,2840,2211,629
111000008,1420,2107,-687
111000009,269,594,-325
111000010,691,178,513
111000011,215,802,-587
111000012,503,296,207
111000013,274,678,-404
111000014,828,358,470
111000017,109,756,-647
111000018,193,277,-84
111000020,551,1892,-1341
111000021,38,74,-36
111000023,87,73,14
111000025,2558,2542,16
111000029,57,94,-37
111000030,35,99,-64
111000031,1525,938,587
111000032,361,246,115
111000033,192,289,-97
111000034,107,164,-57
111000037,955,555,400
111000038,2587,1689,898
111000039,1369,1588,-219
111000040,1483,1580,-97
111000041,1225,1070,155
111000042,1979,1758,221
111000043,1257,2587,-1330
111000044,1250,947,303
111000045,1593,1811,-218
111000046,1120,1217,-97
111000047,1610,2536,-926
111000049,357,358,-1
111000050,1015,887,128
111000051,343,676,-333
111000052,435,1211,-776
111000053,297,639,-342
111000054,296,514,-218
111000055,861,1073,-212
111000056,131,298,-167
111000057,108,301,-193
111000058,367,53,314
111000059,347,298,49
111000060,2891,935,1956
111000061,429,248,181
111000062,506,254,252
111000063,1094,754,340
111000064,456,388,68
111000065,773,678,95
111000066,376,260,116
111000067,385,528,-143
111000068,470,802,-332
111000069,1249,1417,-168
111000070,872,665,207
111000071,169,432,-263
111000072,1005,364,641
111000073,243,660,-417
111000074,1224,1285,-61
111000075,915,411,504
111000076,401,373,28
111000077,1300,1346,-46
111000078,1971,1153,818
111000079,1066,603,463
111000080,438,492,-54
111000081,1163,2582,-1419
111000082,541,482,59
111000084,697,455,242
111000085,803,937,-134
111000086,1783,871,912
111000087,544,474,70
111000088,2796,1685,1111
111000089,603,570,33
111000090,681,1073,-392
111000091,531,324,207
111000092,1095,696,399
111000093,513,863,-350
111000094,1220,736,484
111000095,485,1585,-1100
111000096,1182,5510,-4328
111000097,3000,1326,1674
111000098,738,848,-110
111000099,541,1187,-646
111000100,304,953,-649
111000101,325,542,-217
111000102,206,274,-68
111000104,492,138,354
111000107,73,381,-308
111000109,288,161,127
111000110,1028,378,650
111000111,1521,401,1120
111000112,1371,440,931
111000113,788,1145,-357
111000114,1731,2449,-718
111000115,3904,805,3099
111000116,731,636,95
111000117,294,644,-350
111000118,956,565,391
111000119,824,716,108
111000120,368,468,-100
111000121,261,589,-328
111000122,464,762,-298
111000123,773,1627,-854
111000124,385,1551,-1166
111000125,196,812,-616
111000126,80,471,-391
111000127,751,135,616
111000128,1294,237,1057
111000129,2036,328,1708
111000130,1527,480,1047
111000131,1299,423,876
111000132,1133,592,541
111000133,145,95,50
111000134,125,54,71
111000135,45,123,-78
111000136,336,254,82
111000138,12,1,11
111000140,2,9,-7
111000141,184,314,-130
111000142,17,103,-86
111000143,1,152,-151
111000144,45,633,-588
111000145,1541,23,1518
111000146,127,23,104
111000147,384,55,329
111000148,139,61,78
111000149,6,29,-23
111000150,22,1,21
111000151,2,12,-10
111000153,441,577,-136
111000154,625,168,457
111000155,66,99,-33
111000156,363,417,-54
111000157,248,731,-483
111000158,703,459,244
111000159,1693,572,1121
111000160,418,308,110
111000161,13,232,-219
111000162,117,124,-7
111000163,627,592,35
111000164,521,2612,-2091
111000165,691,302,389
111000166,1331,276,1055
111000167,126,280,-154
111000168,146,320,-174
111000169,279,466,-187
111000170,371,331,40
111000171,367,418,-51
111000172,124,272,-148
111000173,284,536,-252
111000174,173,215,-42
111000175,47,188,-141
111000176,188,75,113
111000177,240,145,95
111000178,949,201,748
111000179,143,112,31
111000180,183,318,-135
111000181,760,172,588
111000182,175,160,15
111000183,145,275,-130
111000184,245,167,78
111000185,272,280,-8
111000186,212,178,34
111000187,137,130,7
111000188,189,260,-71
111000189,688,398,290
111000190,148,203,-55
111000191,122,213,-91
111000192,139,320,-181
111000193,221,193,28
111000194,51,240,-189
111000195,106,223,-117
111000196,71,125,-54
111000197,333,85,248
111000198,428,100,328
111000199,183,102,81
111000200,265,233,32
111000201,437,134,303
111000202,221,126,95
111000203,280,187,93
111000204,360,820,-460
111000213,159,281,-122
111000214,1005,861,144
111000215,969,971,-2
111000217,1126,710,416
111000218,856,758,98
111000219,378,144,234
111000220,932,440,492
111000221,621,63,558
111000224,52,197,-145
111000225,385,262,123
111000226,67,5,62
111000227,30,3,27
111000228,19,282,-263
111000229,45,638,-593
111000230,188,205,-17
111000231,790,424,366
111000232,320,541,-221
111000233,760,445,315
111000234,99,308,-209
111000239,119,94,25
111000240,40,166,-126
111000241,42,212,-170
111000242,106,46,60
111000243,71,322,-251
111000244,383,71,312
111000245,677,308,369
111000246,467,230,237
111000247,309,546,-237
111000248,542,313,229
111000249,413,463,-50
111000250,40,58,-18
111000251,35,52,-17
111000253,5,15,-10
111000255,28,11,17
111000257,42,10,32
111000260,38,735,-697
111000261,918,68,850
111000271,34,168,-134
111000273,1982,986,996
111000274,1044,1568,-524
111000275,129,39,90
111000276,210,1157,-947
111000277,154,229,-75
111000278,522,157,365
111000291,524,3716,-3192
111000298,411,136,275
111000299,530,140,390
111000300,74,315,-241
111000302,200,54,146
111000303,59,138,-79
111000312,57,45,12
111000315,6,100,-94
111000320,198,461,-263
111000321,238,109,129
111000322,287,267,20
111000323,183,14,169
111000324,300,194,106
111000325,24,45,-21
111000326,180,253,-73
111000327,313,274,39
111000328,212,374,-162
111000329,2,24,-22
111000330,61,3,58
111000331,11,4,7
111000332,429,1021,-592
111000334,255,737,-482
111000335,654,196,458
111000337,910,275,635
111000338,37,53,-16
111000339,482,193,289
111000340,101,312,-211
111000341,930,481,449
111000342,228,724,-496
111000344,739,549,190
111000345,217,69,148
111000346,24,100,-76
111000347,88,5,83
111000350,100,71,29
111000351,95,222,-127
111000352,104,45,59
111000353,86,146,-60
111000354,322,78,244
111000355,213,343,-130
111000358,112,615,-503
111000360,158,382,-224
111000361,104,152,-48
111000546,423,382,41
111000547,249,278,-29
111000548,89,256,-167
111000549,221,157,64
111000550,57,610,-553
111000551,478,126,352
111000552,1287,170,1117
111000907,468,12,456
111000908,17,0,17
111000916,1166,205,961
111000917,29,297,-268
111000918,176,346,-170
111000920,353,15,338
111000921,7,92,-85
111000922,374,194,180
111000924,57,336,-279
111000925,1824,1305,519
111000926,791,1133,-342
111000927,2414,3291,-877
111000928,2905,2353,552
111000929,931,819,112
111000930,511,1613,-1102
111000931,1550,2021,-471
111000932,2949,1595,1354
111000933,2597,1733,864
111000934,1431,2450,-1019
111000935,1087,627,460
111000936,884,1370,-486
111000937,771,902,-131
111000938,1127,1084,43
111000939,438,40,398
111000940,260,91,169
111000941,219,237,-18
111000943,290,174,116
111000944,170,154,16
111000945,54,894,-840
111001109,395,270,125
111001110,118,363,-245
111001111,76,8,68
111001112,106,16,90
111001113,1,141,-140
111001114,578,158,420
111001115,87,423,-336
111001116,2853,3213,-360
111001117,434,1554,-1120
111001120,82,154,-72
111001121,111,139,-28
111001122,160,298,-138
111001123,203,62,141
111001124,72,127,-55
111001125,2,103,-101
111900001,6,53,-47
111900002,10,347,-337
111900003,0,166,-166
111900004,23,60,-37
111900006,14,31,-17
111900007,76,8,68
111900008,145,1,144
111900009,122,102,20
111900010,301,317,-16
111900012,53,64,-11
111900013,16,38,-22
111900014,3188,3077,111
111900015,0,36,-36
111900016,0,74,-74
111900017,1,60,-59
111900018,137,3,134
111900019,0,55,-55
111900020,4,19,-15
111900021,21,49,-28
111900022,5,24,-19
111900023,42,36,6
111900024,3,36,-33
111900025,0,26,-26
111900026,0,37,-37
111900027,2,58,-56
111900028,9,204,-195
111900029,1,63,-62
111900030,28,181,-153
111900031,0,19,-19
111900032,0,239,-239
111900033,7,56,-49
111900034,314,255,59
111900035,27,86,-59
111900036,0,198,-198
111900038,262,404,-142
111900039,32,235,-203
111900040,4,353,-349
111900042,14,82,-68
111900043,1,222,-221
111900044,250,117,133
111900046,22,101,-79
111900048,184,384,-200
111900049,18,147,-129
111900050,59,31,28
111900051,6,149,-143
111900052,330,268,62
111900053,568,898,-330
111900054,116,0,116
111900055,9,204,-195
111900056,120,216,-96
111900057,65,23,42
111900058,319,333,-14
111900059,875,379,496
111900060,282,1,281
111900061,5,120,-115
111900062,14,32,-18
111900063,304,165,139
111900064,75,135,-60
111900065,50,9,41
111900066,94,97,-3
111900067,2,211,-209
111900068,46,31,15
111900069,37,13,24
111900070,92,73,19
111900071,1,112,-111
111900072,39,24,15
111900073,690,103,587
111900074,11,89,-78
111900075,42,7,35
111900076,119,67,52
111900077,30,2,28
111900078,214,11,203
111900079,35,26,9
111900080,169,203,-34
111900082,90,27,63
111900083,89,6,83
111900084,49,2,47
111900085,9,92,-83
111900086,30,5,25
111900087,29,0,29
111900088,437,9,428
111900089,87,6,81
111900090,40,24,16
111900091,193,1,192
111900092,63,1,62
111900093,354,6,348
111900094,107,0,107
111900095,177,24,153
111900096,129,4,125
111900097,34,1,33
111900098,175,0,175
111900099,61,0,61
111900100,98,1,97
111900101,65,38,27
111900102,345,308,37
111900103,69,65,4
111900104,90,51,39
111900105,220,127,93
111900106,472,26,446
111900110,959,274,685
111900111,138,75,63
111900112,265,1863,-1598
111900113,155,45,110
111900118,287,81,206
111900119,298,148,150
111900122,106,53,53
111900123,11,18,-7
111900124,13,55,-42
111900125,359,26,333
111900126,163,7,156
111900127,2,467,-465
111900128,1,357,-356
111900129,180,5,175
111900130,178,26,152
111900131,415,0,415
111900132,22,534,-512
111900133,7,208,-201
111900134,4,126,-122
111900135,7,37,-30
111900136,62,120,-58
111900137,36,31,5
111900138,11,50,-39
111900139,14,84,-70
111900140,49,9,40
111900141,50,3,47
111900142,68,39,29
111900143,13,94,-81
111900144,0,32,-32
111900145,3,226,-223
111900146,2,131,-129
111900147,82,233,-151
111900148,16,349,-333
111900149,7,179,-172
111900150,15,79,-64
111900151,2,25,-23
111900152,51,66,-15
111900153,766,353,413
111900154,10,184,-174
111900155,24,62,-38
111900156,44,38,6
111900157,87,17,70
111900158,441,30,411
111900159,191,12,179
111900160,166,1,165
111900161,128,0,128
111900162,46,105,-59
111900163,16,134,-118
111900164,90,56,34
111901113,317,130,187
111901114,104,149,-45
111901115,44,1,43
111901116,20,2,18
111901117,19,18,1
111901118,48,113,-65
111901119,362,25,337
111901121,121,89,32
111901122,3,278,-275
111901123,138,218,-80
111901124,162,1,161
111901125,324,155,169
111901127,290,377,-87
111901128,6,39,-33
111901129,5,49,-44
111901130,3,80,-77
111901131,1,133,-132
111901132,55,15,40
111901133,31,4,27
111901134,42,1,41
111901135,15,8,7
111901136,18,40,-22
111901137,0,23,-23
111901138,192,29,163
111901139,19,21,-2
111901140,7,49,-42
111901141,3,59,-56
111901142,5,55,-50
111901143,2,65,-63
111901144,45,33,12
111901145,87,215,-128
111901146,280,10,270
111901147,195,91,104
111901148,2,26,-24
112000001,1332,553,779
112000002,521,1472,-951
112000003,973,753,220
112000004,448,521,-73
112000005,2548,2724,-176
112000006,1682,1204,478
112000007,2287,1543,744
112000008,1743,2812,-1069
112000009,2235,2064,171
112000010,2041,2589,-548
112000011,1104,1181,-77
112000012,2756,3545,-789
112000013,3098,2232,866
112000014,1950,1844,106
112000015,3154,2481,673
112000016,2596,1123,1473
112000017,1081,1911,-830
112000024,1690,783,907
112000026,2213,2871,-658
112000027,630,527,103
112000028,906,1136,-230
112000029,335,510,-175
112000030,142,64,78
112000031,874,3549,-2675
112000032,331,41,290
112000033,1298,1486,-188
112000034,259,46,213
112000035,52,247,-195
112000036,593,644,-51
112000037,566,474,92
112000038,840,611,229
112000039,78,48,30
112000040,86,171,-85
112000041,355,358,-3
112000042,816,327,489
112000050,1051,920,131
112000051,769,922,-153
112000054,1182,1195,-13
112000057,348,300,48
112000058,258,440,-182
112000059,447,470,-23
112000061,2021,1492,529
112000062,1096,584,512
112000063,712,1142,-430
112000064,2670,3686,-1016
112000065,1362,1651,-289
112000066,2754,1257,1497
112000067,638,601,37
112000068,2486,2017,469
112000069,489,1242,-753
112000070,1440,693,747
112000071,681,1865,-1184
112000072,1785,629,1156
112000073,1151,1538,-387
112000074,1123,885,238
112000075,1125,972,153
112000076,2371,1707,664
112000077,551,359,192
112000078,1311,465,846
112000079,998,796,202
112000080,602,502,100
112000081,1153,1527,-374
112000082,1061,614,447
112000083,495,900,-405
112000084,983,749,234
112000085,878,679,199
112000086,1388,1060,328
112000087,429,284,145
112000088,667,404,263
112000089,169,191,-22
112000090,173,185,-12
112000091,509,612,-103
112000092,1575,864,711
112000093,1224,660,564
112000094,614,673,-59
112000095,491,591,-100
112000096,398,400,-2
112000097,850,512,338
112000098,710,597,113
112000099,519,1307,-788
112000100,1276,533,743
112000101,314,594,-280
112000102,995,360,635
112000103,271,587,-316
112000105,429,960,-531
112000106,1324,254,1070
112000107,44,113,-69
112000108,235,1127,-892
112000109,140,74,66
112000110,1545,563,982
112000111,842,2139,-1297
112000112,2533,525,2008
112000113,562,1135,-573
112000114,1922,817,1105
112000115,269,276,-7
112000116,463,591,-128
112000117,695,595,100
112000118,742,568,174
112000119,367,461,-94
112000120,62,277,-215
112000121,111,271,-160
112000122,228,115,113
112000123,538,138,400
112000124,286,71,215
112000125,229,170,59
112000126,153,257,-104
112000127,1436,1601,-165
112000128,732,498,234
112000129,101,79,22
112000130,143,48,95
112000131,43,191,-148
112000132,117,170,-53
112000133,335,103,232
112000134,347,305,42
112000135,863,521,342
112000136,678,847,-169
112000137,1084,1162,-78
112000138,887,776,111
112000139,715,542,173
112000140,667,923,-256
112000141,622,306,316
112000142,163,396,-233
112000143,880,139,741
112000144,243,762,-519
112000145,1885,416,1469
112000146,408,1308,-900
112000147,2085,1467,618
112000148,1389,1495,-106
112000149,377,326,51
112000150,181,369,-188
112000151,252,241,11
112000152,321,295,26
112000153,208,204,4
112000154,123,123,0
112000155,138,76,62
112000157,552,411,141
112000158,230,238,-8
112000159,353,196,157
112000167,290,71,219
112000169,314,314,0
112000173,544,140,404
112000175,292,236,56
112000176,1969,1619,350
112000177,452,132,320
112000178,54,183,-129
112000179,176,79,97
112000180,186,225,-39
112000181,996,1245,-249
112000182,980,977,3
112000183,28,59,-31
112000184,314,225,89
112000185,384,343,41
112000187,2922,1917,1005
112000195,93,9,84
112000196,139,2,137
112000197,146,155,-9
112000198,32,176,-144
112000199,798,672,126
112000202,351,12,339
112000216,72,248,-176
112000230,72,5,67
112000231,6,115,-109
112000256,38,197,-159
112000313,74,66,8
112000314,61,24,37
112000337,205,413,-208
112000352,225,272,-47
112000392,830,865,-35
112000398,1066,657,409
112000399,1092,1326,-234
112000400,1100,1865,-765
112000401,1991,1476,515
112000402,2075,2406,-331
112000403,1083,2136,-1053
112000404,603,676,-73
112000405,1368,1951,-583
112000406,2535,1727,808
112000407,5716,6108,-392
112000408,5494,4523,971
112000409,1138,2978,-1840
112000410,386,219,167
112000411,2445,1093,1352
112000412,1045,425,620
112000413,4933,4170,763
112000414,77,63,14
112000415,57,33,24
112000416,1973,1112,861
112000417,278,56,222
112000421,40,75,-35
112000422,243,217,26
112000424,1363,1912,-549
112000425,340,481,-141
112000426,74,227,-153
112000427,0,13,-13
112000428,202,186,16
112000429,1612,1711,-99
112000430,1990,1906,84
112000431,65,109,-44
112000432,486,698,-212
112000433,261,631,-370
112000437,52,122,-70
112900001,64,2,62
112900002,349,524,-175
112900003,81,237,-156
112900004,38,164,-126
112900005,174,113,61
112900006,7,227,-220
112900007,14,182,-168
112900008,0,22,-22
112900009,294,70,224
112900010,388,611,-223
112900011,118,176,-58
112900012,1,49,-48
112900013,1,61,-60
112900014,2,133,-131
112900015,263,484,-221
112900016,5,184,-179
112900017,13,144,-131
112900018,1,145,-144
112900019,29,95,-66
112900020,257,680,-423
112900021,7,206,-199
112900022,6,44,-38
112900023,4,92,-88
112900024,16,125,-109
112900025,37,162,-125
112900026,8,133,-125
112900027,5,658,-653
112900028,13,82,-69
112900029,8,328,-320
112900030,100,93,7
112900031,3,276,-273
112900032,130,162,-32
112900034,1,16,-15
112900035,4,220,-216
112900036,20,107,-87
112900037,107,147,-40
112900038,417,94,323
112900039,11,171,-160
112900040,9,234,-225
112900041,391,772,-381
112900042,39,178,-139
112900043,20,15,5
112900044,341,295,46
112900045,205,202,3
112900046,91,46,45
112900047,11,15,-4
112900049,173,48,125
112900050,29,282,-253
112900051,232,337,-105
112900052,2,532,-530
112900053,152,59,93
112900054,109,43,66
112900055,117,40,77
112900056,286,170,116
112900057,28,352,-324
112900058,271,244,27
112900059,108,61,47
112900060,24,135,-111
112900061,79,75,4
112900062,74,80,-6
112900063,96,21,75
112900064,115,139,-24
112900065,30,23,7
112900066,128,125,3
112900067,240,131,109
112900068,18,31,-13
112900069,1155,586,569
112900071,12,7,5
112900072,116,1292,-1176
112900073,249,53,196
112900074,54,193,-139
112900075,802,696,106
112900076,44,32,12
112900078,262,262,0
112900079,169,21,148
112900080,36,4,32
112900081,47,129,-82
112900082,445,20,425
112900083,65,77,-12
112900084,168,88,80
112900086,92,0,92
112900087,496,86,410
112900088,82,16,66
112900089,757,29,728
112900090,34,14,20
112900091,225,7,218
112900092,75,229,-154
112900093,837,17,820
112900095,38,1,37
112900096,336,98,238
112900097,52,171,-119
112900098,69,0,69
112900099,616,25,591
112900100,45,0,45
112900101,254,2,252
112900102,107,12,95
112900103,149,9,140
112900104,90,4,86
112900105,17,0,17
112900106,322,80,242
112900107,3,0,3
112900108,14,0,14
112900109,96,1,95
112900110,979,18,961
112900111,564,4,560
112900112,204,2,202
112900113,0,23,-23
112900114,145,10,135
112900115,974,2,972
112900116,122,26,96
112900117,50,69,-19
112900118,14,50,-36
112900119,158,3,155
112900120,534,177,357
112900121,51,144,-93
112900122,15,73,-58
112900123,51,16,35
112900124,9,60,-51
112900125,29,271,-242
112900126,106,166,-60
112900127,255,117,138
112900128,205,454,-249
112900129,1,562,-561
112900130,201,66,135
112900131,29,166,-137
112900132,82,197,-115
112900133,18,642,-624
112900134,1,131,-130
112900135,57,43,14
112900137,0,334,-334
112900138,1,149,-148
112900139,169,698,-529
112900141,601,15,586
112900142,49,117,-68
112900143,29,297,-268
112900144,0,153,-153
112900145,26,300,-274
112900146,3,498,-495
112900147,3,1020,-1017
112900148,44,1,43
112900149,215,289,-74
112900151,7,33,-26
112900152,2376,542,1834
112900153,1299,1786,-487
112900154,0,80,-80
112900155,104,5,99
112900156,205,766,-561
112900157,373,65,308
112900158,56,18,38
112900159,159,94,65
112900160,70,167,-97
112900161,108,31,77
112900162,30,21,9
112900163,91,43,48
112900164,19,142,-123
112900165,52,28,24
112900166,8,30,-22
112900167,2,43,-41
112900168,1,1,0
112900169,7,21,-14
112900170,72,50,22
112900172,45,15,30
112900173,143,93,50
112900174,184,31,153
112900175,88,146,-58
112900176,11,20,-9
112900177,182,45,137
112900178,565,1385,-820
112900179,33,317,-284
112900180,1263,1228,35
112900181,494,14,480
112900182,42,546,-504
112900183,101,272,-171
112900184,420,303,117
112900185,170,512,-342
112900186,790,726,64
112900187,47,472,-425
112900188,519,405,114
112900189,5,8,-3
112900190,3,17,-14
112900192,435,572,-137
112900193,866,270,596
112900194,46,38,8
112900195,645,36,609
112900196,179,209,-30
112900197,133,268,-135
112900199,622,349,273
112900200,332,127,205
112900201,91,69,22
112900202,266,520,-254
112900203,153,120,33
112900204,739,456,283
112900205,19,6,13
112900206,36,99,-63
112900207,15,0,15
112900208,74,206,-132
112900209,385,245,140
112900210,1,34,-33
112900211,61,13,48
112900212,0,93,-93
112900213,27,15,12
112900214,18,5,13
112900215,8,120,-112
112900216,20,51,-31
112900217,0,58,-58
112900218,27,6,21
112900219,67,7,60
112900220,1,2,-1
112900221,29,55,-26
112900222,0,14,-14
112900223,765,20,745
112900224,197,273,-76
112900225,339,221,118
112900226,150,235,-85
112900227,574,764,-190
112900228,43,22,21
112900229,207,33,174
112900230,4189,2649,1540
112900232,153,176,-23
112900233,44,98,-54
112900234,13,30,-17
112900235,86,35,51
112900236,174,14,160
112900237,157,148,9
112900238,7,20,-13
112900239,465,288,177
112900240,1,28,-27
112900241,5,36,-31
112900242,5,25,-20
112900243,12,43,-31
112900244,4,30,-26
112900245,2,19,-17
112900246,1,6,-5
112900247,48,19,29
112900248,5,2,3
112900249,17,5,12
112900250,38,16,22
112900251,38,8,30
112900252,40,6,34
112900253,16,4,12
112900254,6,4,2
112900255,0,18,-18
112900256,1,29,-28
112900257,5,19,-14
113000001,4315,3008,1307
113000002,2680,2571,109
113000003,1487,1030,457
113000004,1177,1773,-596
113000005,1344,721,623
113000006,737,937,-200
113000007,1721,934,787
113000008,1385,1386,-1
113000009,907,551,356
113000010,818,935,-117
113000011,552,1144,-592
113000012,1517,500,1017
113000013,1028,571,457
113000014,1152,1161,-9
113000015,355,152,203
113000016,261,831,-570
113000017,26,330,-304
113000018,306,40,266
113000019,109,232,-123
113000020,417,74,343
113000021,1018,372,646
113000022,563,715,-152
113000025,126,350,-224
113000026,280,342,-62
113000027,392,482,-90
113000028,537,361,176
113000029,634,541,93
113000030,298,503,-205
113000031,227,255,-28
113000032,199,324,-125
113000033,202,387,-185
113000034,239,298,-59
113000035,32,39,-7
113000036,15,39,-24
113000037,48,17,31
113000038,15,39,-24
113000039,55,250,-195
113000040,70,74,-4
113000042,606,415,191
113000051,626,1656,-1030
113000052,1270,546,724
113000053,319,271,48
113000054,272,460,-188
113000055,963,468,495
113000056,725,585,140
113000058,629,669,-40
113000059,864,536,328
113000060,239,429,-190
113000061,374,613,-239
113000062,549,227,322
113000063,154,51,103
113000064,34,162,-128
113000065,103,502,-399
113000066,596,78,518
113000067,1704,932,772
113000068,280,809,-529
113000069,477,664,-187
113000070,2057,907,1150
113000071,324,402,-78
113000072,617,374,243
113000073,330,929,-599
113000074,728,284,444
113000075,1702,672,1030
113000076,528,1517,-989
113000077,919,506,413
113000078,568,1848,-1280
113000079,537,695,-158
113000080,472,548,-76
113000081,509,661,-152
113000082,802,603,199
113000083,500,650,-150
113000084,1212,934,278
113000085,621,511,110
113000086,766,962,-196
113000087,669,651,18
113000088,1750,990,760
113000089,621,1288,-667
113000090,224,397,-173
113000091,373,320,53
113000094,865,155,710
113000095,164,550,-386
113000096,106,564,-458
113000097,809,319,490
113000098,100,42,58
113000099,605,315,290
113000100,100,271,-171
113000101,294,359,-65
113000102,477,401,76
113000103,1455,334,1121
113000104,396,1556,-1160
113000105,502,271,231
113000106,265,237,28
113000107,631,540,91
113000108,491,755,-264
113000109,416,1240,-824
113000110,1228,249,979
113000111,109,475,-366
113000112,282,223,59
113000113,1146,264,882
113000114,151,1009,-858
113000116,438,239,199
113000117,532,95,437
113000118,71,325,-254
113000119,249,179,70
113000120,42,176,-134
113000121,404,568,-164
113000124,175,103,72
113000125,47,568,-521
113000127,1736,214,1522
113000128,413,493,-80
113000129,470,568,-98
113000133,1340,1084,256
113000134,8,721,-713
113000135,3124,3370,-246
113000137,1426,2741,-1315
113000139,248,166,82
113000140,120,190,-70
113000141,164,194,-30
113000142,367,792,-425
113000143,202,170,32
113000144,221,439,-218
113000145,74,114,-40
113000146,126,46,80
113000147,125,88,37
113000148,169,98,71
113000149,101,99,2
113000150,427,223,204
113000151,62,43,19
113000152,30,65,-35
113000153,1071,473,598
113000154,716,1213,-497
113000155,292,425,-133
113000156,124,346,-222
113000157,232,852,-620
113000158,546,208,338
113000159,819,667,152
113000160,503,834,-331
113000161,230,295,-65
113000162,626,312,314
113000163,85,63,22
113000164,14,37,-23
113000166,105,72,33
113000167,38,64,-26
113000168,49,116,-67
113000169,178,33,145
113000170,101,92,9
113000171,34,62,-28
113000172,239,65,174
113000173,52,28,24
113000174,75,302,-227
113000175,329,67,262
113000176,424,125,299
113000177,124,370,-246
113000178,160,191,-31
113000179,206,128,78
113000180,460,686,-226
113000181,940,622,318
113000182,173,302,-129
113000183,125,542,-417
113000184,7,97,-90
113000189,318,639,-321
113000190,642,428,214
113000192,1034,1774,-740
113000193,2834,1588,1246
113000194,988,778,210
113000195,1629,856,773
113000196,106,57,49
113000197,832,859,-27
113000198,47,225,-178
113000199,890,216,674
113000201,205,311,-106
113000202,2533,798,1735
113000203,206,113,93
113000204,974,1735,-761
113000205,10,22,-12
113000206,10,36,-26
113000207,95,19,76
113000208,35,42,-7
113000209,17,17,0
113000210,7,25,-18
113000211,178,194,-16
113000212,57,29,28
113000213,17,145,-128
113000214,172,214,-42
113000234,134,586,-452
113000410,113,178,-65
113000411,1888,3217,-1329
113000412,4793,2170,2623
113000413,1734,2448,-714
113000414,4480,9363,-4883
113000415,1613,2182,-569
113000416,5863,3035,2828
113000417,1745,2197,-452
113000418,3391,2494,897
113000419,1264,1534,-270
113000420,3179,4505,-1326
113000421,3025,4934,-1909
113000422,7683,8233,-550
113000423,1610,4041,-2431
113000424,2336,7728,-5392
113000425,1,75,-74
113000428,41,53,-12
113000430,10,131,-121
113000432,1706,170,1536
113000433,80,591,-511
113000434,21,109,-88
113000435,32,286,-254
113000436,32,675,-643
113000437,771,30,741
113000438,341,7,334
113000439,9,75,-66
113000440,93,44,49
113000441,216,173,43
113000442,82,92,-10
113000443,202,140,62
113000444,122,110,12
113000445,128,100,28
113000446,25,45,-20
113000448,145,106,39
113000449,129,599,-470
113000450,329,1177,-848
113000451,769,121,648
113000452,219,272,-53
113000453,76,262,-186
113000454,470,100,370
113000455,25,249,-224
113000456,2365,2127,238
113000468,1123,122,1001
113000469,73,52,21
113000470,242,16,226
113000471,14,238,-224
113000472,96,197,-101
113000474,545,413,132
113000475,1097,1154,-57
113000476,964,1283,-319
113000477,2477,1521,956
113000478,2709,3859,-1150
113000479,48,123,-75
113000483,0,0,0
113000484,0,1,-1
113000485,0,0,0
113000486,9,0,9
113000487,0,2,-2
113000488,0,0,0
113000489,0,4,-4
113000490,0,8,-8
113000491,6,5,1
113000492,3,5,-2
113000493,0,0,0
113000495,152,126,26
113000496,96,79,17
113000499,0,0,0
113900001,3,90,-87
113900002,2,46,-44
113900003,0,25,-25
113900004,2,43,-41
113900005,3,44,-41
113900006,0,7,-7
113900007,47,28,19
113900008,27,0,27
113900009,54,0,54
113900010,66,1,65
113900011,41,0,41
113900012,22,1,21
113900013,131,3,128
113900014,455,2,453
113900015,0,56,-56
113900016,47,0,47
113900017,4,29,-25
113900018,219,160,59
113900019,85,51,34
113900020,133,1,132
113900022,23,0,23
113900023,25,0,25
113900024,38,26,12
113900025,193,6,187
113900026,33,0,33
113900027,4,28,-24
113900028,18,328,-310
113900029,39,161,-122
113900030,183,2,181
113900031,11,1,10
113900032,6,0,6
113900033,87,49,38
113900035,59,2,57
113900036,14,48,-34
113900037,113,266,-153
113900038,36,87,-51
113900039,85,29,56
113900040,10,15,-5
113900041,1,2,-1
113900042,35,17,18
113900043,103,78,25
113900044,307,264,43
113900045,71,3,68
113900046,163,409,-246
113900047,29,83,-54
113900048,129,79,50
113900049,333,190,143
113900050,149,189,-40
113900051,130,185,-55
113900052,96,103,-7
113900053,484,400,84
113900054,21,5,16
113900055,65,255,-190
113900056,29,107,-78
113900057,9,44,-35
113900058,37,84,-47
113900059,160,197,-37
113900060,178,203,-25
113900061,575,166,409
113900062,82,7,75
113900063,66,85,-19
113900064,22,66,-44
113900065,296,7,289
113900066,251,162,89
113900067,62,90,-28
113900068,422,358,64
113900069,77,23,54
113900070,130,315,-185
113900071,33,44,-11
113900072,54,123,-69
113900073,175,253,-78
113900074,47,153,-106
113900075,1126,803,323
113900076,126,5,121
113900077,26,113,-87
113900078,34,41,-7
113900079,0,31,-31
113900080,391,166,225
113900081,28,107,-79
113900082,69,120,-51
113900083,155,177,-22
113900084,191,89,102
113900085,34,170,-136
113900086,30,20,10
113900087,50,92,-42
113900088,51,64,-13
113900089,282,37,245
113900090,429,302,127
113900091,13,9,4
113900092,16,52,-36
113900093,68,515,-447
113900094,226,168,58
113900095,119,78,41
113900096,198,62,136
113900097,17,57,-40
113900098,442,67,375
113900099,0,21,-21
113900100,0,1,-1
113900101,8,43,-35
113900102,98,126,-28
113900103,199,144,55
113900104,82,181,-99
113900105,76,110,-34
113900106,0,27,-27
113900107,1,16,-15
113900108,151,203,-52
113900109,291,134,157
113900110,31,9,22
113900111,133,84,49
113900112,96,49,47
113900113,594,325,269
113900114,1,53,-52
113900115,0,57,-57
113900116,92,75,17
113900117,61,13,48
113900118,108,142,-34
113900119,141,384,-243
113900120,44,32,12
113900121,61,63,-2
113900122,231,1419,-1188
113900123,342,158,184
113900124,2,52,-50
113900125,631,105,526
113900126,88,26,62
113900127,233,538,-305
113900128,135,53,82
113900129,13,121,-108
113900130,2,40,-38
113900131,219,66,153
113900132,66,60,6
113900133,15,68,-53
113900135,238,238,0
113900136,101,51,50
113900137,261,256,5
113900138,36,150,-114
113900139,181,116,65
113900140,147,210,-63
113900141,358,184,174
113900142,108,49,59
113900143,6,22,-16
113900144,145,187,-42
113900145,326,103,223
113900146,138,41,97
113900148,116,213,-97
113900149,107,65,42
113900150,347,312,35
113900151,252,108,144
113900152,38,47,-9
113900153,203,415,-212
113900154,1,95,-94
113900155,107,142,-35
113900156,168,243,-75
113900157,39,233,-194
113900158,213,283,-70
113900159,10,189,-179
113900160,293,256,37
113900161,24,227,-203
113900162,298,447,-149
113900163,220,197,23
113900164,177,33,144
113900165,506,303,203
113900166,122,98,24
113900167,176,25,151
113900168,79,55,24
113900169,155,215,-60
113900171,137,42,95
113900172,8,116,-108
113900173,26,339,-313
113900174,413,336,77
113900175,215,110,105
113900176,240,342,-102
113900177,283,132,151
113900178,210,74,136
113900179,15,283,-268
113900180,124,51,73
113900181,387,96,291
113900182,614,599,15
113900183,49,57,-8
113900184,5,378,-373
113900185,99,60,39
113900186,40,20,20
113900187,23,110,-87
113900188,40,93,-53
113900189,192,95,97
113900190,239,79,160
113900191,81,144,-63
113900192,14,340,-326
113900193,22,98,-76
113900194,1199,661,538
113900195,203,261,-58
113900196,11,98,-87
113900197,0,89,-89
113900198,22,160,-138
113900199,129,439,-310
113900200,11,167,-156
113900201,0,91,-91
113900202,36,231,-195
113900203,0,59,-59
113900204,39,309,-270
113900205,19,116,-97
113900206,9,97,-88
113900207,0,40,-40
113900208,0,45,-45
113900209,1,81,-80
113900210,464,522,-58
113900211,151,36,115
113900212,157,299,-142
113900214,335,275,60
113900215,102,90,12
113900216,90,462,-372
113900217,50,136,-86
113900218,118,71,47
113900219,77,297,-220
113900220,112,73,39
113900221,215,83,132
113900222,185,373,-188
113900223,98,471,-373
113900224,61,53,8
113900225,302,167,135
113900226,287,76,211
113900227,304,152,152
113900228,215,397,-182
113900229,44,487,-443
113900230,2389,2400,-11
113900231,83,118,-35
113900232,92,54,38
113900233,68,59,9
113900234,269,290,-21
113900235,97,32,65
113900236,123,210,-87
113900237,115,10,105
113900238,180,403,-223
113900239,38,104,-66
113900240,9,170,-161
113900241,95,44,51
113900242,33,134,-101
113900243,90,296,-206
113900244,223,148,75
113900245,827,183,644
113900246,14,31,-17
113900247,129,366,-237
113900248,1566,1289,277
113900249,549,278,271
113900250,52,109,-57
113900251,510,110,400
113900252,422,9,413
113900253,487,54,433
113900254,648,125,523
113900255,304,8,296
113900256,277,17,260
113900257,21,408,-387
113900258,25,266,-241
113900259,425,118,307
113900260,156,8,148
113900261,27,58,-31
113900262,100,289,-189
113900263,137,402,-265
113900264,3,221,-218
113900265,95,184,-89
113900266,27,116,-89
113900267,76,323,-247
113900268,215,373,-158
113900269,90,116,-26
113900270,208,537,-329
113900271,515,693,-178
113900273,30,12,18
113900274,22,17,5
113900275,24,62,-38
113900276,1,104,-103
113900277,93,5,88
113900278,199,119,80
113900279,24,51,-27
113900280,1080,442,638
113900281,488,1093,-605
113900282,496,451,45
113900283,286,312,-26
113900284,582,207,375
113900285,114,47,67
113900286,22,67,-45
113900287,31,25,6
113900288,1,123,-122
113900289,421,55,366
113900290,165,124,41
113900291,83,114,-31
113900292,10,2,8
113900293,2,158,-156
113900294,368,16,352
113900295,312,304,8
113900296,1298,293,1005
113900297,1608,32,1576
113900298,21,1402,-1381
113900299,92,110,-18
113900300,2726,2085,641
113900301,515,239,276
113900302,1495,715,780
113900303,290,287,3
113900304,0,88,-88
113900305,87,0,87
113900306,30,1,29
113900307,13,0,13
113900308,62,82,-20
113900309,3,682,-679
113900310,0,9,-9
113900311,10,0,10
113900312,203,191,12
113900313,15,3,12
114000001,646,1632,-986
114000002,256,188,68
114000003,34,142,-108
114000004,262,266,-4
114000005,104,147,-43
114000006,1615,1569,46
114000007,452,685,-233
114000008,951,1314,-363
114000009,477,144,333
114000011,2179,1791,388
114000012,1915,1246,669
114000013,1211,992,219
114000014,251,174,77
114000015,1503,236,1267
114000016,144,241,-97
114000017,92,172,-80
114000018,124,20,104
114000026,1487,812,675
114000027,2304,1503,801
114000028,1887,2043,-156
114000038,159,98,61
114000039,59,33,26
114000040,81,124,-43
114000042,118,122,-4
114000043,34,59,-25
114000044,159,22,137
114000045,33,50,-17
114000046,2166,3258,-1092
114000047,18,48,-30
114000048,47,35,12
114000049,919,968,-49
114000050,1073,1520,-447
114000051,1926,1500,426
114000052,2570,1419,1151
114000053,56,466,-410
114000054,133,515,-382
114000055,123,33,90
114000056,687,730,-43
114000057,3451,1544,1907
114000058,348,1086,-738
114000059,141,224,-83
114000060,368,618,-250
114000061,2165,2199,-34
114000062,1619,1158,461
114000063,1993,1211,782
114000064,3738,2560,1178
114000065,1112,1766,-654
114000066,318,442,-124
114000067,21,571,-550
114000068,388,400,-12
114000069,551,325,226
114000070,1755,1384,371
114000071,478,303,175
114000072,285,112,173
114000073,9,42,-33
114000074,31,14,17
114000075,36,27,9
114000076,17,47,-30
114000077,7,17,-10
114000078,179,278,-99
114000079,95,3,92
114000080,44,32,12
114000081,63,61,2
114000082,30,233,-203
114000083,45,105,-60
114000084,209,72,137
114000085,57,287,-230
114000086,134,197,-63
114000087,61,109,-48
114000088,34,25,9
114000089,433,210,223
114000090,682,591,91
114000091,948,585,363
114000092,555,316,239
114000093,957,516,441
114000094,298,240,58
114000095,183,142,41
114000096,91,212,-121
114000097,119,299,-180
114000098,401,67,334
114000099,507,268,239
114000100,1144,437,707
114000101,344,454,-110
114000102,451,271,180
114000103,107,263,-156
114000104,6,154,-148
114000105,69,46,23
114000106,506,647,-141
114000107,249,77,172
114000108,924,703,221
114000109,371,781,-410
114000110,456,874,-418
114000111,1281,535,746
114000112,381,1344,-963
114000113,951,320,631
114000114,1003,912,91
114000115,1532,788,744
114000116,545,1106,-561
114000117,2110,330,1780
114000118,1732,358,1374
114000119,1321,299,1022
114000120,390,484,-94
114000121,306,516,-210
114000122,292,225,67
114000123,1452,272,1180
114000124,570,196,374
114000125,547,735,-188
114000126,1183,134,1049
114000127,128,98,30
114000128,630,232,398
114000130,352,334,18
114000131,236,61,175
114000132,391,324,67
114000133,592,806,-214
114000134,50,66,-16
114000138,28,107,-79
114000139,317,200,117
114000144,570,434,136
114000145,65,117,-52
114000146,89,151,-62
114000147,1027,1555,-528
114000148,1363,1318,45
114000149,244,175,69
114000150,424,444,-20
114000151,454,1098,-644
114000152,101,35,66
114000153,481,1407,-926
114000154,578,395,183
114000155,893,1575,-682
114000156,508,365,143
114000157,248,784,-536
114000158,874,536,338
114000159,110,260,-150
114000160,72,312,-240
114000161,971,2477,-1506
114000162,804,1952,-1148
114000163,9,39,-30
114000165,459,235,224
114000166,565,250,315
114000167,1916,1097,819
114000168,560,494,66
114000169,1027,1117,-90
114000170,808,884,-76
114000171,963,2409,-1446
114000174,194,301,-107
114000176,365,388,-23
114000177,1239,668,571
114000178,22,27,-5
114000179,962,556,406
114000180,383,522,-139
114000181,1194,2790,-1596
114000182,1709,1821,-112
114000183,595,697,-102
114000184,1954,785,1169
114000185,784,587,197
114000189,702,100,602
114000190,2086,290,1796
114000191,32,65,-33
114000192,147,928,-781
114000193,469,1674,-1205
114000194,1004,585,419
114000195,125,14,111
114000196,1,160,-159
114000197,998,38,960
114000198,565,230,335
114000199,1370,1279,91
114000200,468,1159,-691
114000201,118,529,-411
114000202,592,291,301
114000203,365,394,-29
114000204,154,293,-139
114000205,101,896,-795
114000206,409,876,-467
114000207,437,990,-553
114000208,269,1537,-1268
114000209,367,1341,-974
114000210,133,685,-552
114000211,705,988,-283
114000212,465,547,-82
114000213,875,349,526
114000214,88,123,-35
114000215,188,43,145
114000216,971,164,807
114000217,294,139,155
114000218,93,128,-35
114000219,876,130,746
114000220,12,567,-555
114000221,577,93,484
114000222,121,596,-475
114000223,372,99,273
114000224,56,355,-299
114000225,182,420,-238
114000226,165,148,17
114000227,544,325,219
114000228,606,549,57
114000229,792,765,27
114000230,1224,805,419
114000231,595,907,-312
114000232,492,73,419
114000233,1519,98,1421
114000234,840,709,131
114000235,872,1044,-172
114000236,0,247,-247
114000237,83,511,-428
114000238,117,146,-29
114000239,110,723,-613
114000240,553,558,-5
114000241,195,666,-471
114000242,645,595,50
114000243,1042,657,385
114000244,400,268,132
114000245,276,527,-251
114000246,84,23,61
114000247,389,409,-20
114000248,825,333,492
114000249,374,345,29
114000250,360,499,-139
114000251,306,177,129
114000252,75,21,54
114000253,33,73,-40
114000254,29,38,-9
114000255,412,109,303
114000256,1181,1678,-497
114000257,256,801,-545
114000258,196,252,-56
114000259,63,155,-92
114000260,0,34,-34
114000261,54,18,36
114000262,110,57,53
114000263,10,0,10
114000264,623,240,383
114000265,0,1,-1
114000267,1,881,-880
114000268,2,814,-812
114000270,104,3,101
114000271,259,41,218
114000283,967,253,714
114000285,22,111,-89
114000288,69,271,-202
114000289,878,74,804
114000293,119,307,-188
114000294,177,184,-7
114000395,842,30,812
114000396,433,492,-59
114000402,381,177,204
114000403,218,250,-32
114000405,132,261,-129
114000423,235,235,0
114000424,257,127,130
114000425,612,180,432
114000426,234,611,-377
114000427,54,47,7
114000428,154,187,-33
114000429,5,129,-124
114000432,60,64,-4
114000434,17,39,-22
114000435,1,103,-102
114900001,559,519,40
114900002,334,48,286
114900003,526,733,-207
114900004,190,272,-82
114900005,533,430,103
114900006,69,41,28
114900007,216,27,189
114900008,96,57,39
114900010,1075,1462,-387
114900011,156,93,63
114900013,204,89,115
114900015,63,292,-229
114900018,494,22,472
114900020,156,78,78
114900022,64,413,-349
114900024,211,95,116
114900025,375,162,213
114900026,55,96,-41
114900027,126,157,-31
114900029,21,11,10
114900030,231,146,85
114900031,272,23,249
114900032,319,17,302
114900033,476,546,-70
114900034,36,91,-55
114900035,78,183,-105
114900036,188,351,-163
114900037,109,106,3
114900038,102,321,-219
114900039,327,331,-4
114900040,74,57,17
114900041,616,304,312
114900042,697,464,233
114900043,443,130,313
114900044,137,28,109
114900046,28,62,-34
114900047,209,1450,-1241
114900048,98,201,-103
114900049,16,129,-113
114900050,31,258,-227
114900051,30,259,-229
114900052,31,181,-150
114900053,57,194,-137
114900054,22,81,-59
114900057,155,9,146
114900058,0,49,-49
114900059,110,46,64
114900060,666,585,81
114900061,135,66,69
114900062,157,209,-52
114900063,41,115,-74
114900064,1183,284,899
114900065,312,511,-199
114900067,35,309,-274
114900068,44,104,-60
114900069,127,55,72
114900070,440,256,184
114900072,4,184,-180
114900073,1,86,-85
114900074,543,310,233
114900075,202,3,199
114900076,14,179,-165
114900080,1089,254,835
114900082,2184,1760,424
114900083,793,906,-113
114900090,204,105,99
114900091,83,141,-58
114900095,186,74,112
114900096,285,362,-77
114900097,125,2,123
114900098,3,126,-123
114900099,171,8,163
115000001,4028,2679,1349
115000002,3063,3110,-47
115000003,3334,2166,1168
115000004,3087,4293,-1206
115000005,1162,1542,-380
115000006,731,1160,-429
115000007,152,146,6
115000008,297,394,-97
115000009,131,155,-24
115000010,253,165,88
115000013,59,140,-81
115000015,66,239,-173
115000016,60,141,-81
115000019,28,324,-296
115000020,114,501,-387
115000021,187,366,-179
115000022,435,316,119
115000023,236,420,-184
115000024,760,321,439
115000025,591,526,65
115000026,140,301,-161
115000027,172,238,-66
115000028,148,630,-482
115000029,427,58,369
115000030,573,914,-341
115000031,1015,198,817
115000032,3,191,-188
115000033,146,31,115
115000034,58,780,-722
115000035,984,49,935
115000036,1,276,-275
115000037,397,6,391
115000038,41,114,-73
115000039,2556,2660,-104
115000040,3988,2133,1855
115000041,1024,2523,-1499
115000042,491,462,29
115000043,3007,1774,1233
115000044,2605,2687,-82
115000045,1857,1234,623
115000046,1813,1594,219
115000047,1866,976,890
115000048,1205,1569,-364
115000049,1221,2256,-1035
115000050,2539,1215,1324
115000051,1329,2044,-715
115000052,1552,1195,357
115000053,1205,1188,17
115000054,465,852,-387
115000055,151,677,-526
115000056,183,410,-227
115000057,502,1068,-566
115000058,451,269,182
115000059,161,91,70
115000061,129,144,-15
115000062,142,193,-51
115000063,229,219,10
115000064,168,73,95
115000065,17,289,-272
115000067,127,37,90
115000069,80,250,-170
115000070,37,637,-600
115000071,132,18,114
115000072,8,62,-54
115000073,1034,50,984
115000075,111,42,69
115000076,2126,1861,265
115000077,1420,1395,25
115000078,1029,860,169
115000079,1018,1094,-76
115000080,1556,1398,158
115000081,430,661,-231
115000082,2819,2619,200
115000083,1635,1481,154
115000084,1803,830,973
115000085,530,624,-94
115000086,913,508,405
115000087,346,1068,-722
115000088,1404,446,958
115000089,1150,1000,150
115000090,459,584,-125
115000091,203,594,-391
115000092,487,231,256
115000093,432,1,431
115000094,4120,4040,80
115000095,3079,3941,-862
115000096,578,869,-291
115000097,742,629,113
115000098,749,481,268
115000099,1999,1766,233
115000100,777,248,529
115000101,270,907,-637
115000102,381,178,203
115000103,244,470,-226
115000105,65,108,-43
115000106,459,218,241
115000107,116,256,-140
115000108,1930,1618,312
115000109,2715,3126,-411
115000110,1250,1257,-7
115000111,495,1221,-726
115000112,527,523,4
115000113,396,606,-210
115000114,1168,512,656
115000116,2674,1862,812
115000117,2526,2337,189
115000118,1358,1339,19
115000119,1273,1874,-601
115000120,434,1103,-669
115000121,1000,752,248
115000122,2273,1070,1203
115000123,977,1777,-800
115000124,664,850,-186
115000125,311,410,-99
115000126,99,196,-97
115000127,356,73,283
115000128,258,583,-325
115000129,199,257,-58
115000130,303,470,-167
115000131,685,212,473
115000132,207,197,10
115000133,349,172,177
115000134,145,151,-6
115000135,156,115,41
115000136,195,205,-10
115000137,69,109,-40
115000138,249,199,50
115000139,193,153,40
115000140,305,143,162
115000141,136,172,-36
115000142,136,154,-18
115000143,579,430,149
115000144,498,58,440
115000145,205,214,-9
115000146,291,219,72
115000147,248,321,-73
115000148,251,784,-533
115000149,451,173,278
115000150,544,530,14
115000151,742,402,340
115000152,480,653,-173
115000153,727,361,366
115000154,681,254,427
115000155,499,577,-78
115000156,832,529,303
115000157,564,611,-47
115000158,373,321,52
115000159,594,508,86
115000160,375,289,86
115000161,134,354,-220
115000162,601,550,51
115000163,442,634,-192
115000164,597,479,118
115000165,311,449,-138
115000167,136,53,83
115000168,444,236,208
115000169,425,266,159
115000170,99,165,-66
115000171,282,221,61
115000172,732,451,281
115000173,270,387,-117
115000174,99,262,-163
115000175,143,72,71
115000176,70,73,-3
115000177,68,72,-4
115000178,7,126,-119
115000179,18,25,-7
115000180,90,366,-276
115000181,521,87,434
115000182,662,170,492
115000183,228,520,-292
115000186,585,189,396
115000187,140,492,-352
115000188,343,418,-75
115000189,157,316,-159
115000190,604,308,296
115000191,146,389,-243
115000194,121,169,-48
115000195,198,263,-65
115000196,106,64,42
115000197,141,142,-1
115000198,234,149,85
115000199,304,89,215
115000200,275,73,202
115000201,128,203,-75
115000206,197,38,159
115000207,99,213,-114
115000208,220,417,-197
115000209,382,185,197
115000210,89,74,15
115000211,160,165,-5
115000212,1177,260,917
115000224,338,55,283
115000225,28,79,-51
115000229,122,106,16
115000230,115,293,-178
115000231,233,1074,-841
115000232,1255,207,1048
115000233,76,120,-44
115000234,15,195,-180
115000241,77,146,-69
115000242,77,149,-72
115000243,28,138,-110
115000244,10,99,-89
115000246,38,10,28
115000247,16,10,6
115000248,26,27,-1
115000249,32,19,13
115000250,206,37,169
115000251,172,65,107
115000252,62,127,-65
115000253,5,326,-321
115000258,236,104,132
115000259,231,93,138
115000261,14,26,-12
115000262,16,25,-9
115000263,15,52,-37
115000264,23,33,-10
115000267,62,71,-9
115000268,35,89,-54
115000269,101,62,39
115000270,18,20,-2
115000272,34,127,-93
115000273,304,20,284
115000280,1818,134,1684
115000281,471,444,27
115000282,787,500,287
115000284,245,142,103
115000296,1014,6,1008
115000297,128,78,50
115000298,77,272,-195
115000300,208,148,60
115000302,495,97,398
115000303,514,70,444
115000304,495,65,430
115000305,76,385,-309
115000306,162,165,-3
115000307,65,183,-118
115000308,23,15,8
115000309,8,47,-39
115000310,644,509,135
115000311,737,756,-19
115000313,74,361,-287
115000314,379,102,277
115000315,738,395,343
115000316,45,104,-59
115000317,108,273,-165
115000318,641,237,404
115000319,34,235,-201
115000320,6,295,-289
115000321,283,5,278
115000322,30,127,-97
115000449,159,138,21
115000557,0,815,-815
115000558,391,113,278
115000587,357,208,149
115000588,1665,1939,-274
115000589,2839,1874,965
115000590,748,796,-48
115000591,896,501,395
115000592,415,1306,-891
115000593,949,394,555
115000594,646,1957,-1311
115000609,106,204,-98
115000617,1016,1969,-953
115000624,218,30,188
115000633,282,1324,-1042
115000634,2031,649,1382
115000635,419,100,319
115000638,419,524,-105
115000641,68,125,-57
115000642,214,198,16
115000643,102,324,-222
115000644,124,273,-149
115000646,688,1423,-735
115000647,143,382,-239
115000648,1246,1188,58
115000893,2095,1299,796
115000894,98,801,-703
115000895,320,666,-346
115000896,1016,347,669
115000897,439,110,329
115000898,510,181,329
115000899,282,788,-506
115000900,75,284,-209
115000901,38,96,-58
115000912,294,73,221
115000913,3,11,-8
115000915,12,0,12
115000916,5,0,5
115000917,0,12,-12
115000918,38,224,-186
115000919,11,9,2
115000920,9,46,-37
115000921,388,61,327
115000922,902,653,249
115000923,333,834,-501
115000925,82,54,28
115000927,34,52,-18
115000933,172,174,-2
115000934,125,112,13
115000935,96,54,42
115000936,15,394,-379
115000937,586,118,468
115000938,140,220,-80
115000939,137,160,-23
115000940,16,15,1
115000941,3,25,-22
115000942,19,97,-78
115000943,19,17,2
115000944,3,14,-11
115900001,95,20,75
115900002,74,82,-8
115900003,153,81,72
115900004,1,30,-29
115900005,137,7,130
115900006,107,107,0
115900008,49,6,43
115900009,83,103,-20
115900010,169,71,98
115900011,285,137,148
115900012,107,26,81
115900013,217,103,114
115900014,80,87,-7
115900015,82,36,46
115900016,62,11,51
115900017,10,13,-3
115900018,117,39,78
115900019,119,6,113
115900020,48,1,47
115900021,824,92,732
115900022,724,8,716
115900023,79,8,71
115900025,24,163,-139
115900026,552,156,396
115900027,0,156,-156
115900028,400,45,355
115900029,7,228,-221
115900030,22,14,8
115900031,313,242,71
115900032,368,461,-93
115900033,0,41,-41
115900034,29,209,-180
115900035,36,15,21
115900036,40,524,-484
115900037,41,203,-162
115900038,28,14,14
115900039,130,115,15
115900041,322,490,-168
115900042,9,3,6
115900043,86,63,23
115900044,154,138,16
115900046,241,161,80
115900047,129,125,4
115900049,104,138,-34
115900051,0,21,-21
115900052,7,116,-109
115900053,164,118,46
115900054,213,17,196
115900055,17,87,-70
115900056,144,143,1
115900057,5,14,-9
115900058,44,49,-5
115900060,40,81,-41
115900061,135,0,135
115900062,20,188,-168
115900063,65,10,55
115900064,108,162,-54
115900065,102,54,48
115900066,118,73,45
115900067,10,331,-321
115900068,1795,609,1186
115900069,33,149,-116
115900070,181,95,86
115900071,0,234,-234
115900072,69,82,-13
115900073,30,77,-47
115900074,4,181,-177
115900075,18,151,-133
115900076,5,27,-22
115900077,1,155,-154
115900078,21,66,-45
115900079,116,6,110
115900080,357,114,243
115900081,9,65,-56
115900082,122,101,21
115900084,346,8,338
115900085,22,58,-36
115900086,1030,448,582
115900088,4,31,-27
115900089,267,446,-179
115900090,283,10,273
115900091,1,23,-22
115900092,16,108,-92
115900093,6,10,-4
115900094,6,172,-166
115900096,3,4,-1
115900097,11,215,-204
115900098,114,189,-75
115900099,39,23,16
115900100,6,298,-292
115900101,91,133,-42
115900102,62,37,25
115900103,259,98,161
115900104,45,66,-21
115900105,157,267,-110
115900106,56,15,41
115900107,63,44,19
115900108,99,29,70
115900109,32,258,-226
115900110,2,22,-20
115900111,0,54,-54
115900112,30,515,-485
115900113,27,20,7
115900114,2,55,-53
115900115,58,174,-116
115900116,63,512,-449
115900117,74,24,50
115900118,2,145,-143
115900119,99,97,2
115900120,29,162,-133
115900121,135,129,6
115900124,175,467,-292
115900125,231,35,196
115900126,464,46,418
115900127,506,49,457
115900128,11,80,-69
115900129,570,52,518
115900130,23,169,-146
115900131,223,14,209
115900132,451,2,449
115900134,294,11,283
115900135,324,878,-554
115900137,29,1,28
115900139,32,45,-13
115900140,171,20,151
115900141,21,41,-20
115900142,5,26,-21
115900143,127,190,-63
115900144,57,121,-64
115900146,10,49,-39
115900147,184,160,24
115900148,91,5,86
115900149,79,9,70
115900150,50,26,24
115900151,14,89,-75
115900152,69,182,-113
115900153,96,110,-14
115900154,306,280,26
115900155,1,19,-18
115900156,447,588,-141
115900157,107,293,-186
115900158,9,5,4
115900159,112,138,-26
115900160,11,8,3
115900161,33,116,-83
115900163,140,73,67
115900164,403,19,384
115900166,146,74,72
115900168,65,98,-33
115900171,95,285,-190
115900172,39,63,-24
115900173,199,86,113
115900174,199,184,15
115900175,86,165,-79
115900178,3,336,-333
115900179,225,6,219
115900180,36,85,-49
115900181,133,129,4
115900182,335,115,220
115900183,26,50,-24
115900184,1099,2,1097
115900187,22,100,-78
115900189,1,154,-153
115900190,133,932,-799
115900191,11,201,-190
115900192,10,103,-93
115900193,79,83,-4
115900194,563,41,522
115900195,487,1515,-1028
115900198,172,225,-53
115900199,114,102,12
115900200,175,190,-15
115900201,390,268,122
115900202,2,54,-52
115900203,14,10,4
115900204,0,19,-19
115900205,63,40,23
115900206,146,104,42
115900207,24,19,5
115900208,66,109,-43
115900209,7,108,-101
115900210,2,89,-87
115900211,0,102,-102
115900212,123,165,-42
115900213,63,70,-7
115900214,366,166,200
115900215,37,86,-49
115900216,3,80,-77
115900217,2,26,-24
115900218,0,15,-15
115900219,74,3,71
115900220,142,5,137
115900221,82,10,72
115900222,39,22,17
115900223,7,258,-251
115900224,503,797,-294
115900225,41,41,0
115900226,9,25,-16
115900227,5,26,-21
115900228,6,25,-19
115900229,5,43,-38
115900230,28,75,-47
115900231,94,0,94
115900232,37,0,37
115900233,49,5,44
115900234,29,27,2
115900235,18,23,-5
115900236,13,16,-3
115900237,25,25,0
115900238,11,11,0
115900239,8,10,-2
115900240,7,38,-31
115900241,142,81,61
115900242,165,205,-40
115900243,3,8,-5
115900244,6,7,-1
115900245,26,6,20
115900246,14,11,3
115900247,29,38,-9
115900248,15,6,9
115900249,3,8,-5
115900250,9,20,-11
115900251,1,12,-11
115900252,6,0,6
115900253,3,14,-11
115900254,5,18,-13
115900255,5,14,-9
115900256,10,9,1
115900257,8,7,1
115900258,0,2,-2
115900259,5,2,3
115900260,9,0,9
115900261,9,2,7
115900262,5,0,5
115900263,8,3,5
115900264,6,1,5
115900265,3,2,1
115900266,1,12,-11
115900267,9,12,-3
115900268,1,5,-4
115900269,262,205,57
115900270,290,155,135
115900271,94,0,94
115900272,23,9,14
115900273,21,6,15
115900274,0,4,-4
115900275,1,10,-9
115900276,0,9,-9
115900277,1,37,-36
115900278,24,62,-38
115900279,23,127,-104
115900280,21,285,-264
115900281,206,182,24
115900282,3,9,-6
115900283,13,18,-5
115900284,14,7,7
116000001,6348,2770,3578
116000002,3445,7125,-3680
116000003,1005,943,62
116000004,1490,2165,-675
116000005,1748,2184,-436
116000006,1983,1681,302
116000007,1819,2192,-373
116000008,2470,1698,772
116000009,1114,1563,-449
116000010,1718,1198,520
116000011,631,1296,-665
116000012,1133,756,377
116000013,5942,2663,3279
116000014,6573,7384,-811
116000015,142,756,-614
116000016,3282,1985,1297
116000017,19,441,-422
116000018,408,165,243
116000019,417,196,221
116000020,462,428,34
116000021,256,196,60
116000022,202,169,33
116000023,714,410,304
116000024,452,493,-41
116000025,539,561,-22
116000026,1304,1718,-414
116000027,449,407,42
116000028,283,462,-179
116000029,399,399,0
116000030,570,350,220
116000031,135,216,-81
116000032,251,98,153
116000033,246,289,-43
116000034,382,535,-153
116000035,191,406,-215
116000036,1251,973,278
116000037,478,390,88
116000038,375,384,-9
116000039,560,293,267
116000040,498,290,208
116000041,130,331,-201
116000042,399,208,191
116000043,53,465,-412
116000044,9,61,-52
116000045,1113,782,331
116000046,625,960,-335
116000047,1052,1248,-196
116000048,1138,1106,32
116000049,781,2087,-1306
116000050,848,738,110
116000051,4200,1900,2300
116000052,3732,3301,431
116000053,1252,504,748
116000054,465,1739,-1274
116000055,410,586,-176
116000056,681,641,40
116000057,1374,940,434
116000058,1621,1482,139
116000059,1718,2443,-725
116000060,1360,719,641
116000061,563,663,-100
116000062,443,134,309
116000063,363,741,-378
116000066,199,420,-221
116000067,169,250,-81
116000068,154,170,-16
116000069,177,243,-66
116000078,432,786,-354
116000080,1205,634,571
116000082,4,23,-19
116000083,1224,292,932
116000084,1465,2536,-1071
116000085,1597,1279,318
116000086,1339,869,470
116000087,1463,1224,239
116000088,599,618,-19
116000089,146,62,84
116000090,76,139,-63
116000091,202,196,6
116000093,468,231,237
116000094,359,381,-22
116000095,547,283,264
116000096,447,880,-433
116000097,588,454,134
116000098,131,3412,-3281
116000099,3318,189,3129
116000100,185,6,179
116000101,578,509,69
116000102,204,696,-492
116000103,324,174,150
116000104,141,743,-602
116000105,799,121,678
116000106,266,442,-176
116000107,1120,190,930
116000108,100,90,10
116000111,126,34,92
116000113,102,86,16
116000114,51,94,-43
116000115,208,79,129
116000116,167,301,-134
116000117,1057,1479,-422
116000118,1028,725,303
116000119,2388,1333,1055
116000120,2133,2211,-78
116000121,610,417,193
116000122,842,930,-88
116000123,729,277,452
116000124,266,573,-307
116000125,2064,552,1512
116000126,176,955,-779
116000127,726,808,-82
116000128,1273,621,652
116000129,829,181,648
116000130,421,348,73
116000133,724,626,98
116000134,1284,1243,41
116000135,1746,1086,660
116000136,786,1337,-551
116000137,682,575,107
116000138,605,494,111
116000139,1074,1484,-410
116000140,126,141,-15
116000141,236,454,-218
116000142,2137,1886,251
116000143,1325,1098,227
116000144,1037,1371,-334
116000145,1309,827,482
116000146,385,158,227
116000147,165,93,72
116000148,352,364,-12
116000149,442,324,118
116000151,391,334,57
116000153,71,220,-149
116000155,146,154,-8
116000156,316,697,-381
116000157,46,13,33
116000158,252,170,82
116000159,9,12,-3
116000160,5,26,-21
116000161,4,48,-44
116000162,25,43,-18
116000163,11,10,1
116000164,8,9,-1
116000177,52,105,-53
116000194,74,262,-188
116000195,1136,456,680
116000196,9,7,2
116000197,9,22,-13
116000198,1591,582,1009
116000200,430,346,84
116000201,368,418,-50
116000202,6,184,-178
116000203,1,71,-70
116000204,6,64,-58
116000205,0,144,-144
116000206,6,58,-52
116000207,14,36,-22
116000233,157,252,-95
116000287,89,308,-219
116000288,194,143,51
116000292,39,89,-50
116000296,32,164,-132
116000297,116,30,86
116000304,68,27,41
116000305,18,43,-25
116000346,145,70,75
116000352,56,24,32
116000354,19,21,-2
116000357,19,31,-12
116000358,225,34,191
116000361,178,3,175
116000372,3305,2656,649
116000381,74,1,73
116000388,1,30,-29
116000389,543,379,164
116000445,288,287,1
116000446,457,420,37
116000447,17,394,-377
116000448,393,154,239
116000563,593,439,154
116000565,25,239,-214
116000568,33,198,-165
116000579,27,77,-50
116000584,13,7,6
116000585,18,6,12
116000586,37,47,-10
116000587,319,368,-49
116000589,22,46,-24
116000590,52,41,11
116000591,158,138,20
116000592,10,73,-63
116000593,0,14,-14
116000594,376,253,123
116000595,389,62,327
116000596,49,4,45
116000597,341,52,289
116000598,9,109,-100
116000605,188,92,96
116000606,56,213,-157
116000607,1,23,-22
116000609,125,547,-422
116000611,99,278,-179
116000612,546,1320,-774
116000613,483,232,251
116000614,293,302,-9
116000615,1,221,-220
116000616,38,37,1
116000617,48,21,27
116000618,2,38,-36
116000619,30,33,-3
116000620,72,72,0
116000621,46,67,-21
116000622,57,77,-20
116000624,139,61,78
116000627,63,33,30
116000628,58,221,-163
116000629,40,242,-202
116000630,377,18,359
116000631,189,39,150
116000632,548,52,496
116000633,125,178,-53
116000634,273,120,153
116000635,1940,1579,361
116000636,630,772,-142
116000637,321,54,267
116000638,96,176,-80
116000640,13,17,-4
116000641,37,90,-53
116000644,24,357,-333
116900001,175,81,94
116900002,183,0,183
116900003,37,31,6
116900004,28,49,-21
116900005,157,49,108
116900006,66,112,-46
116900007,55,86,-31
116900008,317,185,132
116900009,14,4,10
116900010,0,719,-719
116900011,7,12,-5
116900012,119,99,20
116900013,5,130,-125
116900014,68,125,-57
116900015,217,37,180
116900016,142,1,141
116900017,0,297,-297
116900018,48,22,26
116900019,1,136,-135
116900020,504,594,-90
116900023,37,11,26
116900024,399,32,367
116900025,714,498,216
116900026,88,329,-241
116900027,23,43,-20
116900028,0,54,-54
116900029,1,21,-20
116900031,0,5,-5
116900032,1,197,-196
116900033,10,8,2
116900034,3,42,-39
116900035,139,85,54
116900036,3,77,-74
116900038,34,0,34
116900041,23,13,10
116900042,334,155,179
116900043,13,20,-7
116900047,16,80,-64
116900049,14,180,-166
116900050,54,218,-164
116900051,88,111,-23
116900052,123,42,81
116900055,0,5,-5
116900057,13,144,-131
116900058,20,235,-215
116900059,0,94,-94
116900060,137,119,18
116900062,1,12,-11
116900064,37,332,-295
116900065,15,89,-74
116900067,63,34,29
116900068,104,101,3
116900070,0,2,-2
116900072,47,185,-138
116900073,9,57,-48
116900074,11,23,-12
116900076,13,30,-17
116900077,5,69,-64
116900078,146,49,97
116900079,37,99,-62
116900080,10,13,-3
116900081,250,654,-404
116900082,330,574,-244
116900083,33,20,13
116900084,121,47,74
116900085,35,93,-58
116900086,35,101,-66
116900088,182,42,140
116900090,87,26,61
116900091,189,26,163
116900092,72,361,-289
116900093,1160,1205,-45
116900094,2147,2385,-238
116900095,125,83,42
116900096,42,161,-119
116900097,1529,1728,-199
116900098,687,276,411
116900099,391,446,-55
116900100,591,17,574
116900101,255,257,-2
116900103,2,0,2
116900104,41,48,-7
116900105,170,83,87
116900106,1172,89,1083
116900107,1833,1404,429
116900110,9,1,8
116900111,273,340,-67
116900112,210,537,-327
116900113,1040,987,53
116900116,98,461,-363
116900117,83,67,16
116900118,462,605,-143
116900120,196,50,146
116900121,66,12,54
116900122,568,330,238
116900123,121,392,-271
116900124,152,507,-355
116900125,247,90,157
116900126,60,344,-284
116900128,1,19,-18
116900129,0,167,-167
116900130,413,1961,-1548
116900131,44,194,-150
116900132,32,55,-23
116900133,94,83,11
116900134,126,171,-45
116900136,110,91,19
116900137,151,87,64
116900138,112,113,-1
116900139,104,348,-244
116900140,115,102,13
116900141,429,357,72
116900142,2,55,-53
116900143,192,268,-76
116900144,12,83,-71
116900145,69,144,-75
116900147,500,355,145
116900148,1,31,-30
116900149,33,173,-140
116900150,7,13,-6
116900151,33,11,22
116900153,64,47,17
116900154,313,341,-28
116900155,50,44,6
116900157,314,134,180
116900158,97,184,-87
116900159,32,196,-164
116900160,549,658,-109
116900161,2843,3648,-805
116900162,7,73,-66
116900163,106,80,26
116900164,58,56,2
116900165,166,226,-60
116900166,21,28,-7
116900167,227,50,177
116900168,224,42,182
116900169,385,404,-19
116900170,223,386,-163
116900171,31,71,-40
116900172,131,228,-97
116900173,125,15,110
116900174,31,35,-4
116900175,124,133,-9
116900178,28,73,-45
116900179,62,217,-155
116900180,74,18,56
116900182,288,123,165
116900183,117,47,70
116900185,28,54,-26
116900186,50,127,-77
116900187,42,39,3
116900188,127,18,109
116900189,76,0,76
116900191,313,427,-114
116900192,181,81,100
116900194,108,984,-876
116900195,60,35,25
116900196,3,45,-42
116900197,69,4,65
116900198,72,140,-68
116900200,50,13,37
116900201,104,1,103
116900202,98,20,78
116900203,82,4,78
116900204,29,77,-48
116900206,10,14,-4
116900207,18,17,1
116900208,9,75,-66
116900209,18,58,-40
116900210,398,184,214
116900211,147,1,146
116900212,31,22,9
116900213,143,69,74
116900214,106,88,18
116900215,20,34,-14
116900216,153,99,54
116900218,6,94,-88
116900219,939,189,750
116900220,75,95,-20
116900221,103,178,-75
116900222,249,195,54
116900223,86,188,-102
116900226,47,28,19
116900227,112,40,72
116900228,193,100,93
116900230,58,155,-97
116900231,21,199,-178
116900232,8,254,-246
116900233,133,55,78
116900234,5,6,-1
116900235,135,164,-29
116900238,1107,214,893
116900239,9,837,-828
116900240,2810,1553,1257
116900241,46,53,-7
116900242,520,338,182
116900243,0,8,-8
116900245,12,16,-4
116900246,85,15,70
116900247,452,11,441
116900248,60,20,40
116900249,180,43,137
116900250,253,26,227
116900251,330,262,68
116900252,67,436,-369
116900253,86,60,26
116900254,9,56,-47
116900255,84,43,41
116900256,253,62,191
116900257,12,218,-206
116900258,5,123,-118
116900259,168,2,166
116900260,1,57,-56
116900261,44,3,41
116900262,102,105,-3
116900263,0,8,-8
116900264,51,44,7
116900265,10,0,10
116900266,13,26,-13
116900267,5,0,5
116900268,14,20,-6
116900269,160,321,-161
116900271,639,132,507
116900272,253,170,83
116900273,120,68,52
116900274,80,42,38
116900275,119,75,44
116900276,362,97,265
116900277,320,22,298
116900278,9,6,3
116900279,3,15,-12
116900280,23,14,9
116900281,2966,2725,241
116900282,3,50,-47
116900283,15,43,-28
116900284,3,121,-118
116900285,132,102,30
116900286,102,11,91
116900287,4,16,-12
116900288,45,65,-20
116900289,7,4,3
116900290,2,16,-14
116900291,8,14,-6
116900292,0,5,-5
116900293,42,33,9
116900294,15,65,-50
116900295,82,45,37
116900296,51,59,-8
116900297,7,67,-60
116900298,66,44,22
116900299,17,30,-13
116900300,4,38,-34
116900301,36,66,-30
116900302,68,42,26
116900303,228,64,164
116900304,0,148,-148
116900305,15,49,-34
116900306,126,88,38
116900307,22,0,22
116900308,0,67,-67
116900309,52,79,-27
117000001,1365,943,422
117000002,1295,2656,-1361
117000003,4564,2327,2237
117000004,2586,3272,-686
117000005,1542,1339,203
117000006,861,2052,-1191
117000007,2769,909,1860
117000008,759,2352,-1593
117000009,3548,1511,2037
117000010,2003,2684,-681
117000011,1480,1198,282
117000012,821,871,-50
117000013,1583,650,933
117000014,837,1455,-618
117000015,1801,941,860
117000016,249,98,151
117000017,170,61,109
117000018,148,473,-325
117000019,72,25,47
117000020,410,818,-408
117000021,1134,454,680
117000022,334,94,240
117000023,215,202,13
117000024,153,186,-33
117000025,379,723,-344
117000026,1695,952,743
117000027,1359,2678,-1319
117000028,1908,1091,817
117000030,337,297,40
117000031,261,182,79
117000032,1031,769,262
117000033,803,439,364
117000034,258,210,48
117000035,216,235,-19
117000036,309,236,73
117000037,193,152,41
117000038,148,435,-287
117000039,313,164,149
117000040,159,601,-442
117000041,664,92,572
117000044,15,536,-521
117000045,340,60,280
117000046,280,578,-298
117000047,685,454,231
117000048,1346,645,701
117000049,66,376,-310
117000050,89,1114,-1025
117000051,1699,100,1599
117000052,48,230,-182
117000053,493,36,457
117000054,1350,9,1341
117000055,5,1778,-1773
117000056,478,26,452
117000057,388,1445,-1057
117000060,325,851,-526
117000061,1091,552,539
117000062,251,520,-269
117000063,1210,723,487
117000064,555,600,-45
117000066,661,558,103
117000067,100,349,-249
117000074,90,141,-51
117000076,33,34,-1
117000077,117,117,0
117000078,100,455,-355
117000079,214,198,16
117000080,0,233,-233
117000081,868,105,763
117000082,19,76,-57
117000083,116,6,110
117000084,178,0,178
117000085,193,496,-303
117000086,484,357,127
117000087,68,342,-274
117000088,185,155,30
117000089,1179,172,1007
117000090,184,712,-528
117000091,637,184,453
117000092,299,814,-515
117000093,756,598,158
117000094,967,1971,-1004
117000095,2788,593,2195
117000096,480,1629,-1149
117000097,1051,776,275
117000098,1702,2872,-1170
117000099,2435,877,1558
117000100,141,197,-56
117000101,157,650,-493
117000102,1242,580,662
117000103,516,996,-480
117000104,914,462,452
117000105,584,941,-357
117000106,858,547,311
117000107,435,1120,-685
117000108,1070,673,397
117000109,1239,1571,-332
117000110,1070,822,248
117000111,2684,3002,-318
117000112,2265,1237,1028
117000113,103,171,-68
117000114,134,62,72
117000115,61,78,-17
117000116,88,136,-48
117000117,1059,658,401
117000118,167,107,60
117000119,132,112,20
117000120,167,348,-181
117000121,66,676,-610
117000122,230,531,-301
117000123,1098,30,1068
117000124,334,52,282
117000125,276,68,208
117000126,53,19,34
117000127,134,189,-55
117000128,340,514,-174
117000129,269,482,-213
117000130,118,1,117
117000131,0,82,-82
117000132,1851,37,1814
117000133,1039,37,1002
117000134,0,53,-53
117000135,4,49,-45
117000136,3,21,-18
117000137,54,108,-54
117000138,2,390,-388
117000140,301,954,-653
117000141,1200,406,794
117000181,303,233,70
117000182,364,332,32
117000195,106,557,-451
117000196,200,114,86
117000225,119,22,97
117000226,3,106,-103
117000276,207,9,198
117000277,1,233,-232
117000310,1077,1454,-377
117000315,35,412,-377
117000320,57,0,57
117000906,225,11,214
117000907,12,200,-188
117000909,34,23,11
117000910,151,127,24
117000911,72,137,-65
117000915,2,334,-332
117000916,23,0,23
117000917,836,46,790
117000918,57,59,-2
117000919,2,66,-64
117000920,2,774,-772
117000921,2,696,-694
117000922,27,58,-31
117000924,250,550,-300
117000926,540,82,458
117000927,949,700,249
117000928,0,89,-89
117000929,142,178,-36
117000930,106,7,99
117000931,241,125,116
117900002,89,294,-205
117900003,435,269,166
117900005,5,37,-32
117900006,0,15,-15
117900007,105,74,31
117900008,0,16,-16
117900010,183,57,126
117900011,46,58,-12
117900012,47,52,-5
117900013,1,80,-79
117900014,323,66,257
117900015,13,73,-60
117900016,655,555,100
117900017,330,179,151
117900018,165,75,90
117900019,312,166,146
117900020,35,340,-305
117900021,28,44,-16
117900022,24,5,19
117900023,493,105,388
117900024,61,51,10
117900025,27,5,22
117900026,223,165,58
117900028,54,1,53
117900029,145,323,-178
117900030,392,135,257
117900031,132,51,81
117900032,558,405,153
117900033,151,299,-148
117900034,36,21,15
117900035,95,57,38
117900036,176,217,-41
117900037,80,48,32
117900038,15,172,-157
117900039,6,38,-32
117900040,72,214,-142
117900041,9,24,-15
117900042,1857,163,1694
117900043,27,39,-12
117900044,5,1986,-1981
117900045,125,74,51
117900048,251,200,51
117900049,173,254,-81
117900050,4,46,-42
117900051,12,0,12
117900052,49,218,-169
117900053,1113,327,786
117900054,1,30,-29
117900055,138,119,19
117900056,145,26,119
117900057,790,780,10
117900058,71,24,47
117900059,258,61,197
117900060,1745,3110,-1365
117900061,18,174,-156
117900063,263,139,124
117900065,411,711,-300
117900066,5,45,-40
117900067,296,104,192
117900069,452,189,263
117900070,126,40,86
117900071,78,110,-32
117900073,301,164,137
117900074,96,38,58
117900075,62,76,-14
117900076,17,54,-37
117900077,286,61,225
117900078,175,564,-389
117900080,105,31,74
117900081,359,217,142
117900082,304,259,45
117900083,246,231,15
117900086,97,29,68
117900087,126,42,84
117900088,2351,1278,1073
117900089,1480,578,902
117900090,268,284,-16
117900091,263,120,143
117900092,56,24,32
117900093,63,18,45
117900094,38,12,26
117900095,222,238,-16
117900096,82,159,-77
117900097,121,27,94
117900098,33,11,22
117900099,121,127,-6
117900100,165,2,163
117900101,274,1040,-766
117900102,40,25,15
117900103,43,3,40
117900104,22,81,-59
117900105,128,154,-26
117900106,65,27,38
117900107,31,0,31
117900109,384,228,156
117900110,81,0,81
117900111,152,6,146
117900112,54,13,41
117900113,1454,1004,450
117900114,15,0,15
117900115,160,36,124
117900116,544,485,59
117900117,378,159,219
117900118,45,0,45
117900119,134,136,-2
117900120,127,54,73
117900121,35,7,28
117900122,777,1988,-1211
117900123,414,268,146
117900124,386,418,-32
117900125,1167,1441,-274
117900126,162,339,-177
117900127,328,250,78
117900128,248,336,-88
117900129,76,1,75
117900130,442,217,225
117900131,1,64,-63
117900132,13,50,-37
117900133,7,66,-59
117900134,23,97,-74
117900135,8,105,-97
117900136,0,15,-15
117900137,26,188,-162
117900138,0,21,-21
117900139,83,104,-21
117900140,1893,119,1774
117900141,169,135,34
117900142,56,69,-13
117900144,49,129,-80
117900145,33,34,-1
117900146,167,131,36
117900147,83,47,36
117900148,1620,1010,610
117900149,94,139,-45
117900150,18,30,-12
117900151,19,37,-18
117900152,105,32,73
117900153,28,72,-44
117900154,310,377,-67
117900156,641,570,71
117900157,89,344,-255
117900158,149,93,56
117900160,405,534,-129
117900161,1739,1254,485
117900162,290,244,46
117900163,58,82,-24
117900165,1,8,-7
117900166,73,447,-374
117900168,12,100,-88
117900169,1,78,-77
117900170,2,15,-13
117900171,2,18,-16
117900172,7,26,-19
117900173,121,90,31
117900174,24,50,-26
117900175,7,17,-10
117900176,34,16,18
117900177,7,24,-17
117900178,65,29,36
117900180,153,24,129
117900181,48,177,-129
117900182,5,19,-14
117900183,33,105,-72
117900184,9,32,-23
117900185,29,33,-4
117900186,26,7,19
117900187,9,7,2
117900188,89,29,60
117900189,40,25,15
117900190,4,0,4
117900191,42,0,42
117900192,134,0,134
117900193,7,36,-29
117900194,5,2,3
117900195,5,34,-29
117900196,14,9,5
117900207,108,71,37
117900208,24,16,8
117900209,153,96,57
117900210,72,133,-61
117900211,4,119,-115
117900212,101,75,26
117900213,28,9,19
117900214,8,29,-21
117900215,12,32,-20
117900216,18,10,8
117900217,60,229,-169
117900218,92,65,27
117900219,11,96,-85
117900220,74,77,-3
117900222,135,161,-26
117900223,82,206,-124
118000001,518,706,-188
118000002,516,1306,-790
118000003,1867,2229,-362
118000004,2476,1988,488
118000005,3084,3566,-482
118000006,3309,6321,-3012
118000007,3467,2819,648
118000008,3525,2887,638
118000009,1279,1777,-498
118000010,3738,2756,982
118000011,940,1343,-403
118000012,650,1179,-529
118000013,1539,1644,-105
118000014,1356,1598,-242
118000016,145,270,-125
118000017,342,242,100
118000018,213,314,-101
118000019,1625,1077,548
118000020,1048,2337,-1289
118000021,554,2235,-1681
118000022,1315,584,731
118000023,701,219,482
118000024,1062,832,230
118000027,8779,8308,471
118000029,629,495,134
118000032,734,2605,-1871
118000033,2039,3966,-1927
118000034,3714,2004,1710
118000035,1331,2009,-678
118000036,596,853,-257
118000037,550,504,46
118000038,185,51,134
118000039,80,122,-42
118000040,1079,894,185
118000041,1672,833,839
118000045,449,95,354
118000046,941,456,485
118000047,789,677,112
118000048,2421,1394,1027
118000051,1239,1279,-40
118000052,723,400,323
118000053,307,585,-278
118000054,1307,1971,-664
118000055,1056,1944,-888
118000056,140,314,-174
118000057,198,555,-357
118000058,2052,1348,704
118000059,1306,957,349
118000060,700,341,359
118000061,763,898,-135
118000062,380,183,197
118000063,192,499,-307
118000064,536,769,-233
118000065,3100,1115,1985
118000066,635,1091,-456
118000067,929,733,196
118000068,1418,3138,-1720
118000069,2297,807,1490
118000070,3474,1380,2094
118000071,2381,4231,-1850
118000072,1285,1051,234
118000073,1889,514,1375
118000074,316,648,-332
118000075,434,209,225
118000076,1155,1818,-663
118000077,920,1025,-105
118000078,1261,1589,-328
118000079,130,279,-149
118000080,931,736,195
118000081,1480,1072,408
118000082,292,982,-690
118000083,1192,1263,-71
118000084,2253,1150,1103
118000086,200,389,-189
118000087,3646,1963,1683
118000088,1387,1249,138
118000089,2482,1451,1031
118000090,1095,1914,-819
118000091,770,1528,-758
118000092,763,434,329
118000093,79,572,-493
118000096,426,454,-28
118000097,706,510,196
118000098,246,141,105
118000099,326,440,-114
118000101,902,252,650
118000102,322,781,-459
118000107,935,356,579
118000108,405,1269,-864
118000110,2,9,-7
118000111,1,126,-125
118000112,348,0,348
118000113,2,298,-296
118000114,224,3,221
118000115,10,12,-2
118000116,40,1,39
118000117,1050,500,550
118000118,677,767,-90
118000119,714,841,-127
118000120,1330,885,445
118000121,100,607,-507
118000122,1208,291,917
118000123,52,247,-195
118000125,1316,548,768
118000126,573,1048,-475
118000127,1252,505,747
118000128,520,935,-415
118000129,731,495,236
118000130,1513,2031,-518
118000131,575,689,-114
118000132,2022,1425,597
118000133,751,416,335
118000135,383,280,103
118000136,93,333,-240
118000137,414,98,316
118000138,241,355,-114
118000139,333,70,263
118000140,1545,2800,-1255
118000141,1592,1434,158
118000142,1382,1032,350
118000143,1406,818,588
118000144,681,525,156
118000145,985,1134,-149
118000146,799,505,294
118000147,549,1064,-515
118000148,292,744,-452
118000149,611,583,28
118000150,370,185,185
118000151,351,260,91
118000153,1000,734,266
118000154,1047,1002,45
118000155,945,882,63
118000156,1173,1538,-365
118000157,333,270,63
118000158,127,296,-169
118000159,18,51,-33
118000160,345,218,127
118000161,315,489,-174
118000162,907,583,324
118000163,591,545,46
118000164,1350,834,516
118000168,567,305,262
118000169,798,839,-41
118000170,2579,3127,-548
118000171,231,450,-219
118000172,85,185,-100
118000173,613,782,-169
118000175,149,224,-75
118000176,176,313,-137
118000177,185,326,-141
118000178,35,31,4
118000179,646,650,-4
118000180,484,417,67
118000181,511,157,354
118000182,170,131,39
118000183,191,202,-11
118000184,584,393,191
118000185,582,728,-146
118000186,489,639,-150
118000187,816,424,392
118000188,323,82,241
118000189,383,366,17
118000190,10,6,4
118000191,13,6,7
118000192,306,527,-221
118000193,162,404,-242
118000194,847,669,178
118000195,835,743,92
118000196,270,129,141
118000197,177,100,77
118000198,304,440,-136
118000199,269,266,3
118000200,92,176,-84
118000201,283,298,-15
118000202,35,39,-4
118000203,844,458,386
118000204,114,333,-219
118000205,158,242,-84
118000206,139,102,37
118000207,0,31,-31
118000208,927,1040,-113
118000209,1333,1105,228
118000210,32,23,9
118000211,51,22,29
118000213,545,943,-398
118000214,470,388,82
118000215,214,111,103
118000216,1274,1402,-128
118000217,12,76,-64
118000218,59,75,-16
118000219,326,198,128
118000220,4,32,-28
118000221,114,208,-94
118000222,54,3,51
118000223,33,24,9
118000224,102,77,25
118000225,104,350,-246
118000226,596,136,460
118000227,565,296,269
118000228,76,182,-106
118000229,205,52,153
118000230,89,72,17
118000231,57,162,-105
118000232,515,463,52
118000233,788,436,352
118000234,284,104,180
118000236,224,163,61
118000237,69,183,-114
118000238,157,78,79
118000239,194,156,38
118000240,196,125,71
118000241,82,75,7
118000242,209,334,-125
118000243,172,126,46
118000244,23,82,-59
118000246,0,13,-13
118000255,47,194,-147
118000256,117,192,-75
118000259,14,30,-16
118000260,130,43,87
118000261,29,24,5
118000263,69,99,-30
118000266,56,125,-69
118000267,0,66,-66
118000268,283,0,283
118000270,64,17,47
118000271,132,145,-13
118000272,65,30,35
118000273,100,47,53
118000274,54,143,-89
118000276,345,171,174
118000295,8,56,-48
118000298,60,151,-91
118000299,44,97,-53
118000301,0,45,-45
118000302,61,33,28
118000311,273,61,212
118000312,172,98,74
118000313,18,71,-53
118000314,57,27,30
118000315,14,26,-12
118000316,495,313,182
118000325,42,16,26
118000326,9,23,-14
118000331,10,13,-3
118000332,6,11,-5
118000333,16,28,-12
118000335,278,4,274
118000336,0,93,-93
118000407,112,50,62
118000457,6,23,-17
118000465,2160,2600,-440
118000480,21,68,-47
118000489,58,282,-224
118000490,64,235,-171
118000492,259,144,115
118000510,47,16,31
118000514,123,188,-65
118000515,485,377,108
118000517,295,124,171
118000524,167,140,27
118000525,502,509,-7
118000530,19,27,-8
118000531,250,212,38
118000532,161,152,9
118000533,220,88,132
118000534,421,257,164
118000535,243,98,145
118000536,384,883,-499
118000537,24,123,-99
118000538,31,30,1
118000539,8,66,-58
118000540,186,67,119
118000541,110,44,66
118000542,60,94,-34
118000543,103,111,-8
118000546,29,18,11
118000553,0,1,-1
118000560,1308,1328,-20
118000562,24,81,-57
118000563,992,820,172
118000576,162,107,55
118000577,133,127,6
118000578,143,90,53
118000579,351,739,-388
118000583,0,0,0
118000595,176,68,108
118000596,0,34,-34
118000597,146,94,52
118000598,1,0,1
118000599,55,41,14
118000600,6,4,2
118000601,0,0,0
118000602,1,1,0
118000603,0,11,-11
118000605,37,130,-93
118900001,343,820,-477
118900002,460,468,-8
118900003,274,5,269
118900004,32,36,-4
118900005,60,7,53
118900006,149,8,141
118900007,3,0,3
118900008,842,33,809
118900009,44,28,16
118900010,41,6,35
118900011,108,15,93
118900012,225,98,127
118900013,267,97,170
118900015,130,35,95
118900016,3,4,-1
118900017,168,220,-52
118900018,538,32,506
118900019,25,14,11
118900020,136,73,63
118900021,99,234,-135
118900022,79,64,15
118900023,81,55,26
118900024,68,83,-15
118900025,58,21,37
118900026,53,45,8
118900027,271,154,117
118900028,144,72,72
118900029,173,200,-27
118900030,228,33,195
118900031,71,60,11
118900032,155,119,36
118900033,243,281,-38
118900034,82,22,60
118900035,105,105,0
118900036,708,482,226
118900037,244,185,59
118900038,231,103,128
118900039,324,77,247
118900040,143,109,34
118900041,312,73,239
118900042,131,74,57
118900045,144,131,13
118900046,669,341,328
118900047,350,187,163
118900048,133,121,12
118900049,34,32,2
118900050,25,55,-30
118900051,61,71,-10
118900052,223,173,50
118900053,21,65,-44
118900054,61,28,33
118900055,55,55,0
118900056,61,213,-152
118900057,465,292,173
118900058,297,262,35
118900059,18,49,-31
118900060,51,85,-34
118900062,138,78,60
118900064,349,420,-71
118900065,29,97,-68
118900066,35,56,-21
118900067,2432,2179,253
118900068,7,158,-151
118900069,244,146,98
118900071,3,38,-35
118900072,324,223,101
118900073,70,41,29
118900074,105,114,-9
118900075,31,27,4
118900076,136,68,68
118900077,106,90,16
118900078,46,7,39
118900079,31,123,-92
118900080,20,62,-42
118900081,60,28,32
118900082,471,100,371
118900083,23,2,21
118900084,9,11,-2
118900085,468,508,-40
118900086,26,76,-50
118900087,7,108,-101
118900088,0,2,-2
118900089,40,18,22
118900090,291,211,80
118900091,101,135,-34
118900092,70,46,24
118900093,100,25,75
118900096,47,82,-35
118900097,170,215,-45
118900099,39,93,-54
118900100,90,135,-45
118900101,58,197,-139
118900102,29,70,-41
118900103,20,94,-74
118900104,142,82,60
118900105,158,82,76
118900107,109,59,50
118900108,84,52,32
118900110,909,553,356
118900111,347,295,52
118900112,48,93,-45
118900113,64,191,-127
118900114,11,34,-23
118900115,96,193,-97
118900116,95,123,-28
118900117,89,92,-3
118900118,200,189,11
118900119,99,106,-7
118900120,47,165,-118
118900121,6,95,-89
118900122,10,473,-463
118900123,99,120,-21
118900124,50,112,-62
118900126,10,253,-243
118900129,147,158,-11
118900130,49,172,-123
118900131,107,89,18
118900132,197,178,19
118900133,20,97,-77
118900135,161,142,19
118900136,144,297,-153
118900137,4,38,-34
118900139,134,210,-76
118900140,308,339,-31
118900141,96,86,10
118900144,120,203,-83
118900145,16,59,-43
118900146,243,374,-131
118900147,220,92,128
118900148,59,22,37
118900150,98,370,-272
118900152,364,432,-68
118900157,68,97,-29
118900158,40,57,-17
118900159,1,114,-113
118900161,53,7,46
118900163,64,73,-9
118900164,4,66,-62
118900165,35,78,-43
118900166,17,2,15
118900167,72,63,9
118900168,8,83,-75
118900169,78,180,-102
118900170,104,50,54
118900171,18,27,-9
118900174,52,41,11
118900175,309,322,-13
118900176,112,195,-83
118900177,51,32,19
118900178,38,120,-82
118900179,4,19,-15
118900181,63,83,-20
118900182,73,42,31
118900183,15,98,-83
118900184,170,50,120
118900185,68,47,21
118900186,59,54,5
118900187,166,171,-5
118900188,182,139,43
118900189,24,469,-445
118900190,6,159,-153
118900191,77,61,16
118900192,94,14,80
118900193,311,10,301
118900195,188,327,-139
118900196,15,72,-57
118900197,73,28,45
118900198,22,7,15
118900199,48,20,28
118900200,12,13,-1
118900201,22,17,5
118900202,7,28,-21
118900203,4,13,-9
118900204,10,20,-10
118900205,2,3,-1
118900206,0,11,-11
119000001,937,1165,-228
119000002,2447,2166,281
119000003,1538,663,875
119000004,1398,770,628
119000005,1168,1236,-68
119000006,2057,1119,938
119000007,2236,2118,118
119000008,1336,1169,167
119000009,2414,2983,-569
119000010,3938,2881,1057
119000011,2678,2028,650
119000012,2143,2347,-204
119000013,1866,1147,719
119000014,1332,2034,-702
119000019,187,122,65
119000020,1372,860,512
119000021,2806,1518,1288
119000022,1180,1305,-125
119000023,220,196,24
119000024,1215,7084,-5869
119000025,4200,847,3353
119000026,125,353,-228
119000027,204,292,-88
119000028,1352,580,772
119000029,106,271,-165
119000030,405,691,-286
119000031,647,481,166
119000032,1189,1565,-376
119000033,1732,906,826
119000034,761,607,154
119000035,13,197,-184
119000036,1255,513,742
119000037,767,920,-153
119000038,118,525,-407
119000039,293,232,61
119000040,798,501,297
119000041,617,953,-336
119000048,2368,2083,285
119000049,1253,1440,-187
119000050,1110,1406,-296
119000051,1361,794,567
119000052,1338,1922,-584
119000053,1434,867,567
119000054,2484,2278,206
119000055,3164,2208,956
119000056,1659,1344,315
119000057,1222,1191,31
119000058,1426,1137,289
119000059,842,1115,-273
119000060,1076,788,288
119000061,813,543,270
119000062,873,977,-104
119000063,353,370,-17
119000064,616,641,-25
119000065,1354,2308,-954
119000066,1489,800,689
119000067,1388,1427,-39
119000068,1357,809,548
119000069,1165,1369,-204
119000070,1842,691,1151
119000071,422,459,-37
119000072,3190,1983,1207
119000073,2928,4478,-1550
119000074,904,1322,-418
119000075,1465,1449,16
119000076,283,644,-361
119000077,495,383,112
119000078,238,160,78
119000079,71,441,-370
119000080,347,155,192
119000081,173,258,-85
119000082,509,170,339
119000083,423,250,173
119000084,217,297,-80
119000085,389,202,187
119000086,230,275,-45
119000087,1114,654,460
119000088,324,202,122
119000089,50,165,-115
119000090,129,133,-4
119000091,113,291,-178
119000092,324,152,172
119000093,2551,1876,675
119000094,2177,3696,-1519
119000095,1357,1992,-635
119000097,1429,986,443
119000098,609,1684,-1075
119000099,1766,1072,694
119000100,2540,2101,439
119000101,2582,1204,1378
119000102,752,821,-69
119000103,1123,391,732
119000104,1456,780,676
119000105,731,1488,-757
119000106,313,733,-420
119000107,622,324,298
119000108,290,615,-325
119000109,75,294,-219
119000110,269,253,16
119000111,19,464,-445
119000112,130,61,69
119000113,1441,166,1275
119000114,579,543,36
119000115,71,72,-1
119000116,76,92,-16
119000117,79,225,-146
119000118,2,2,0
119000123,2952,1623,1329
119000124,457,133,324
119000125,2869,479,2390
119000126,863,482,381
119000127,416,298,118
119000128,16,2,14
119000131,750,505,245
119000132,0,3,-3
119000133,0,5,-5
119000134,1375,410,965
119000135,101,115,-14
119000136,154,148,6
119000137,133,222,-89
119000138,369,179,190
119000139,159,116,43
119000140,192,273,-81
119000284,1036,1767,-731
119000285,1519,1493,26
119000286,5100,4026,1074
119000287,881,1413,-532
119000288,1420,849,571
119000289,1226,1732,-506
119000290,145,253,-108
119000291,5,169,-164
119000293,65,97,-32
119000294,37,18,19
119000295,784,216,568
119000296,175,113,62
119000299,0,0,0
119000302,1645,913,732
119000303,37,107,-70
119000310,0,0,0
119000314,1052,7257,-6205
119000315,0,212,-212
119000316,114,80,34
119000317,40,212,-172
119900001,179,783,-604
119900002,92,162,-70
119900003,38,637,-599
119900004,239,792,-553
119900005,126,75,51
119900006,165,270,-105
119900007,921,164,757
119900008,10,32,-22
119900009,490,495,-5
119900010,437,623,-186
119900011,11,71,-60
119900012,7,57,-50
119900013,1424,832,592
119900014,272,117,155
119900015,98,22,76
119900016,29,55,-26
119900017,47,24,23
119900018,1511,592,919
119900019,21,8,13
119900020,100,148,-48
119900021,102,57,45
119900022,86,470,-384
119900023,303,1095,-792
119900025,133,19,114
119900026,445,126,319
119900027,14,14,0
119900028,135,101,34
119900029,4,3,1
119900030,301,293,8
119900031,47,263,-216
119900033,1622,222,1400
119900034,256,81,175
119900037,120,17,103
119900038,35,227,-192
119900039,27,9,18
119900040,74,19,55
119900041,59,20,39
119900042,59,91,-32
119900043,45,81,-36
119900044,172,575,-403
119900046,92,34,58
119900047,165,53,112
119900048,47,29,18
119900049,100,5,95
119900050,77,89,-12
119900051,819,22,797
119900052,56,31,25
119900053,154,113,41
119900054,85,18,67
119900055,1005,288,717
119900057,165,35,130
119900058,196,4,192
119900059,98,40,58
119900060,161,11,150
119900061,60,4,56
119900062,62,19,43
119900063,6,29,-23
119900065,110,9,101
119900066,2,2,0
119900067,58,21,37
119900068,381,6,375
119900069,123,16,107
119900070,506,4,502
119900071,392,13,379
119900073,1180,465,715
119900074,22,28,-6
119900075,2716,1612,1104
119900076,409,226,183
119900077,752,627,125
119900078,470,594,-124
119900079,310,135,175
119900080,356,295,61
119900081,288,26,262
119900082,919,117,802
119900083,338,103,235
119900084,412,207,205
119900085,58,31,27
119900086,286,557,-271
119900087,383,275,108
119900088,40,33,7
119900089,19,324,-305
119900090,123,46,77
119900091,22,531,-509
119900092,27,210,-183
119900093,828,160,668
119900094,29,86,-57
119900095,131,67,64
119900096,19,77,-58
119900097,386,134,252
119900098,29,39,-10
119900099,33,119,-86
119900100,1392,1932,-540
119900101,106,847,-741
119900102,34,115,-81
119900103,30,181,-151
119900104,26,91,-65
119900105,462,1269,-807
119900106,9,90,-81
119900107,184,1738,-1554
119900108,1698,434,1264
119900109,22,124,-102
119900110,567,383,184
119900111,72,229,-157
119900112,1008,427,581
119900113,63,207,-144
119900114,201,639,-438
119900115,235,721,-486
119900116,77,273,-196
119900117,221,337,-116
119900118,63,511,-448
119900119,135,152,-17
119900120,434,320,114
119900121,287,592,-305
119900122,428,268,160
119900123,138,191,-53
119900124,188,567,-379
119900125,41,161,-120
119900126,2089,255,1834
119900127,1474,779,695
119900128,283,492,-209
119900129,224,287,-63
119900130,17,137,-120
119900131,40,124,-84
119900132,9,121,-112
119900133,26,50,-24
119900134,947,149,798
119900135,0,216,-216
119900136,135,218,-83
119900138,308,359,-51
119900139,1,80,-79
119900140,8,95,-87
119900141,109,471,-362
119900142,10,31,-21
119900143,13,107,-94
119900144,1008,162,846
119900145,69,117,-48
119900146,98,161,-63
119900147,1,114,-113
119900148,130,54,76
119900149,660,2419,-1759
119900150,109,107,2
119900151,1030,462,568
119900152,90,186,-96
119900153,90,34,56
119900154,16,212,-196
119900155,27,36,-9
119900156,45,6,39
119900157,91,143,-52
119900158,122,39,83
119900159,5,756,-751
119900160,15,64,-49
119900161,97,109,-12
119900162,593,628,-35
119900163,74,92,-18
119900164,0,3,-3
119900165,135,104,31
119900166,71,32,39
119900167,61,51,10
119900168,615,309,306
119900169,41,196,-155
119900170,181,210,-29
119900171,570,240,330
119900172,68,11,57
119900173,3,219,-216
119900174,1,100,-99
119900175,799,415,384
119900177,8,138,-130
119900178,3,67,-64
119900179,54,260,-206
119900180,652,614,38
119900181,62,98,-36
119900182,3,190,-187
119900183,92,432,-340
119900184,1186,388,798
119900185,38,128,-90
119900186,36,610,-574
119900187,6,194,-188
119900188,54,198,-144
119900189,296,339,-43
119900190,54,194,-140
119900191,235,189,46
119900192,16,98,-82
119900193,198,101,97
119900194,13,94,-81
119900195,23,81,-58
119900196,722,303,419
119900197,128,111,17
119900198,81,170,-89
119900199,113,28,85
119900200,375,419,-44
119900201,247,138,109
119900202,71,155,-84
119900203,158,351,-193
119900204,227,200,27
119900205,531,384,147
119900206,149,94,55
119900208,80,114,-34
119900209,298,835,-537
119900210,26,14,12
119900211,46,3,43
119900212,123,135,-12
119900213,5,65,-60
119900214,20,50,-30
119900215,38,45,-7
119900216,8,46,-38
119900217,5,34,-29
119900218,9,55,-46
119900219,10,68,-58
119900220,3,61,-58
119900221,11,147,-136
119900222,6,94,-88
119900223,13,43,-30
119900224,5,20,-15
119900225,577,20,557
119900226,388,1354,-966
119900227,761,204,557
119900228,23,127,-104
119900229,232,246,-14
119900230,942,299,643
119900231,144,114,30
119900232,166,91,75
119900233,29,1,28
119900234,3,39,-36
119900235,11,22,-11
119900236,25,145,-120
119900237,36,228,-192
119900238,0,46,-46
119900240,51,111,-60
119900241,101,163,-62
119900242,635,928,-293
119900244,417,918,-501
119900245,86,147,-61
119900246,211,424,-213
119900247,20,123,-103
119900248,68,138,-70
119900249,128,56,72
119900253,1344,253,1091
119900254,62,452,-390
119900255,50,473,-423
119900256,395,472,-77
119900257,55,1,54
119900258,105,18,87
119900259,14,61,-47
119900260,82,1,81
119900261,197,76,121
119900262,2,112,-110
119900263,746,221,525
119900264,67,98,-31
119900265,297,200,97
119900266,255,141,114
119900267,195,273,-78
119900268,101,96,5
119900269,653,536,117
119900271,22,47,-25
119900272,284,131,153
119900275,94,17,77
119900276,39,3,36
119900277,6,1,5
119900278,82,58,24
119900279,60,144,-84
119900280,428,124,304
119900281,0,156,-156
119900282,46,66,-20
119900283,10,136,-126
119900284,34,109,-75
119900285,17,53,-36
119900286,2,12,-10
119900288,1,18,-17
119900289,1,18,-17
119900290,2,9,-7
119900291,0,46,-46
119900292,42,36,6
119900293,16,21,-5
119900294,19,26,-7
119900295,6,9,-3
119900296,9,41,-32
119900297,0,1,-1
119900298,2,5,-3
119900299,30,81,-51
119900300,139,69,70
119900301,18,30,-12
119900302,9,10,-1
119900303,153,78,75
119900304,128,13,115
119900305,9,61,-52
119900306,32,3,29
119900307,30,41,-11
119900308,4,19,-15
119900309,23,69,-46
119900310,167,169,-2
119900311,52,76,-24
119900312,45,31,14
119900313,236,151,85
119900314,108,264,-156
119900315,1291,1175,116
119900318,5,13,-8
119900319,1,142,-141
119900320,120,303,-183
119900321,45,1,44
119900322,5,31,-26
119900323,3,39,-36
119900324,0,22,-22
119900325,98,77,21
119900326,15,19,-4
120000001,3904,10383,-6479
120000002,2137,2118,19
120000003,2498,1258,1240
120000004,2127,1624,503
120000005,3159,1565,1594
120000006,1093,1020,73
120000007,2635,2345,290
120000008,885,1123,-238
120000009,2153,750,1403
120000010,1380,1853,-473
120000011,774,1226,-452
120000012,1159,1872,-713
120000013,2096,1840,256
120000014,476,1110,-634
120000015,1786,1185,601
120000016,2891,1798,1093
120000017,2050,1602,448
120000018,2802,8143,-5341
120000019,820,1025,-205
120000020,2237,2275,-38
120000021,1528,1792,-264
120000022,2324,3090,-766
120000023,973,1262,-289
120000024,1106,1983,-877
120000025,1913,1630,283
120000026,1537,1351,186
120000027,1596,1707,-111
120000028,574,920,-346
120000029,1944,677,1267
120000030,115,747,-632
120000031,1454,3827,-2373
120000032,5314,3036,2278
120000033,3389,1333,2056
120000034,1387,1168,219
120000035,1457,1278,179
120000036,2018,3504,-1486
120000037,589,1219,-630
120000038,3704,2631,1073
120000039,400,594,-194
120000040,61,259,-198
120000041,1653,983,670
120000042,1305,1593,-288
120000043,3596,1253,2343
120000044,3842,1188,2654
120000045,4557,837,3720
120000046,2347,1975,372
120000047,720,3503,-2783
120000048,5138,3267,1871
120000049,2464,2263,201
120000050,2868,2940,-72
120000051,2116,2952,-836
120000052,5816,1826,3990
120000053,1194,1744,-550
120000054,1030,2617,-1587
120000055,1374,3147,-1773
120000056,3239,2587,652
120000057,2173,783,1390
120000058,3184,962,2222
120000059,17,1310,-1293
120000061,77,347,-270
120000062,157,230,-73
120000063,1170,1745,-575
120000064,160,732,-572
120000065,400,901,-501
120000066,178,383,-205
120000067,65,382,-317
120000068,167,569,-402
120000069,441,701,-260
120000070,80,451,-371
120000071,389,81,308
120000072,626,309,317
120000073,718,64,654
120000074,143,77,66
120000075,723,255,468
120000076,1623,344,1279
120000077,1484,515,969
120000078,2687,1015,1672
120000079,294,306,-12
120000080,168,229,-61
120000081,317,151,166
120000082,223,259,-36
120000083,102,593,-491
120000084,253,213,40
120000085,215,206,9
120000086,214,281,-67
120000087,121,342,-221
120000088,551,770,-219
120000089,878,434,444
120000090,543,390,153
120000091,635,673,-38
120000092,893,428,465
120000093,350,337,13
120000094,158,502,-344
120000095,693,319,374
120000096,220,437,-217
120000098,598,554,44
120000099,292,609,-317
120000100,687,741,-54
120000101,368,323,45
120000102,409,655,-246
120000103,971,743,228
120000104,1270,330,940
120000105,2261,545,1716
120000106,1682,590,1092
120000107,2698,542,2156
120000108,914,136,778
120000109,848,65,783
120000110,90,668,-578
120000111,85,675,-590
120000112,578,1747,-1169
120000113,548,1227,-679
120000114,820,1710,-890
120000115,215,1407,-1192
120000116,480,1268,-788
120000117,765,855,-90
120000118,77,19,58
120000119,16,51,-35
120000120,72,55,17
120000121,40,44,-4
120000122,226,269,-43
120000123,2730,3663,-933
120000124,393,247,146
120000125,290,399,-109
120000126,218,812,-594
120000127,1826,694,1132
120000128,2354,2773,-419
120000129,217,201,16
120000130,544,308,236
120000131,236,481,-245
120000134,207,587,-380
120000135,345,307,38
120000137,156,773,-617
120000138,681,263,418
120000139,209,429,-220
120000140,595,337,258
120000141,204,317,-113
120000142,454,346,108
120000143,0,84,-84
120000144,82,1,81
120000145,355,2,353
120000146,961,785,176
120000149,488,675,-187
120000150,2130,7977,-5847
120000151,290,350,-60
120000152,320,110,210
120000153,157,350,-193
120000154,377,326,51
120000155,97,189,-92
120000156,539,787,-248
120000157,668,464,204
120000158,615,582,33
120000159,1380,1984,-604
120000160,1992,1252,740
120000161,1464,1646,-182
120000162,80,243,-163
120000163,529,702,-173
120000164,472,257,215
120000165,425,466,-41
120000166,1078,372,706
120000167,60,108,-48
120000168,21,253,-232
120000169,32,1059,-1027
120000170,26,636,-610
120000171,16,267,-251
120000172,27,197,-170
120000173,1965,773,1192
120000174,271,26,245
120000175,227,36,191
120000176,239,33,206
120000177,804,115,689
120000178,47,10,37
120000179,97,24,73
120000180,298,64,234
120000181,71,622,-551
120000182,30,320,-290
120000183,6,238,-232
120000184,158,837,-679
120000186,69,303,-234
120000187,42,224,-182
120000188,124,266,-142
120000190,728,37,691
120000191,505,50,455
120000192,675,28,647
120000193,158,9,149
120000195,46,4,42
120000196,181,29,152
120000197,75,70,5
120000198,116,56,60
120000199,76,1,75
120000200,93,1,92
120000201,11,17,-6
120000202,3,31,-28
120000203,35,103,-68
120000207,1,50,-49
120000208,1,115,-114
120000209,3,46,-43
120000210,54,58,-4
120000211,137,2,135
120000212,150,0,150
120000213,130,193,-63
120000214,0,174,-174
120000215,0,81,-81
120000216,39,11,28
120000217,386,870,-484
120000218,163,536,-373
120000219,2,314,-312
120000220,8,898,-890
120000225,1216,9,1207
120000226,254,3,251
120000227,573,36,537
120000228,6032,2160,3872
120000230,270,10,260
120000231,857,1301,-444
120000233,270,18,252
120000235,228,457,-229
120000236,727,1,726
120000237,2,766,-764
120000238,3,413,-410
120000241,821,2545,-1724
120000412,646,8,638
120000413,207,192,15
120000414,132,1,131
120000415,5,103,-98
120000416,77,1,76
120000417,5,40,-35
120000418,138,8,130
120000419,5,168,-163
120000420,40,15,25
120000421,6918,4526,2392
120000422,112,896,-784
120000423,6,41,-35
120000424,63,82,-19
120000436,131,417,-286
120000437,116,117,-1
120000438,1561,198,1363
120000439,149,387,-238
120000443,188,17,171
120000444,1008,375,633
120000445,1227,735,492
120000446,525,148,377
120000447,171,0,171
120000449,86,5,81
120000450,15,150,-135
120000451,58,115,-57
120000452,180,3,177
120000453,1,229,-228
120000454,47,34,13
120000455,77,45,32
120000456,1533,2567,-1034
120000457,635,333,302
120000458,332,506,-174
120000459,78,41,37
120000665,428,197,231
120000668,115,572,-457
120000669,37,106,-69
120000670,163,590,-427
120000671,994,365,629
120000672,81,397,-316
120900001,56,106,-50
120900002,214,315,-101
120900003,103,19,84
120900004,10,50,-40
120900005,46,481,-435
120900006,260,123,137
120900007,121,54,67
120900008,219,845,-626
120900009,429,22,407
120900010,261,90,171
120900011,110,125,-15
120900012,164,742,-578
120900013,190,58,132
120900014,46,236,-190
120900015,473,63,410
120900016,640,31,609
120900017,1482,76,1406
120900018,86,218,-132
120900019,452,352,100
120900020,571,1043,-472
120900021,588,157,431
120900022,99,234,-135
120900023,200,31,169
120900024,1265,306,959
120900025,1136,846,290
120900026,119,101,18
120900027,573,15,558
120900028,269,116,153
120900029,138,367,-229
120900030,849,624,225
120900031,175,100,75
120900032,836,63,773
120900033,667,66,601
120900034,14,1651,-1637
120900035,27,48,-21
120900037,144,4,140
120900038,43,250,-207
120900039,46,26,20
120900040,276,3,273
120900041,110,24,86
120900042,412,25,387
120900043,39,30,9
120900044,14,251,-237
120900045,72,52,20
120900046,308,5,303
120900047,111,83,28
120900048,104,28,76
120900049,413,1,412
120900050,939,807,132
120900051,327,79,248
120900052,381,4,377
120900053,186,27,159
120900054,1127,393,734
120900055,332,4,328
120900056,400,21,379
120900057,177,11,166
120900058,357,1,356
120900059,72,3,69
120900060,44,21,23
120900061,192,141,51
120900062,199,1,198
120900063,406,4,402
120900064,425,1,424
120900065,365,0,365
120900066,251,234,17
120900067,171,104,67
120900068,208,0,208
120900069,187,31,156
120900071,3,0,3
120900072,578,6,572
120900073,386,100,286
120900074,557,92,465
120900076,215,0,215
120900077,1608,191,1417
120900078,720,596,124
120900079,566,67,499
120900080,525,1186,-661
120900081,595,465,130
120900082,359,287,72
120900083,74,1,73
120900084,216,342,-126
120900085,49,105,-56
120900086,71,218,-147
120900087,311,328,-17
120900088,127,323,-196
120900089,2017,1841,176
120900090,189,83,106
120900091,541,758,-217
120900092,1020,336,684
120900093,1309,96,1213
120900094,349,139,210
120900095,142,22,120
120900096,17,104,-87
120900097,457,404,53
120900098,219,119,100
120900099,45,31,14
120900100,57,133,-76
120900101,524,164,360
120900102,22,61,-39
120900103,60,209,-149
120900104,15,45,-30
120900105,44,291,-247
120900106,1198,377,821
120900107,203,99,104
120900108,7,399,-392
120900109,55,392,-337
120900110,7,403,-396
120900111,135,209,-74
120900112,9,513,-504
120900113,13,558,-545
120900114,28,95,-67
120900115,119,222,-103
120900116,252,235,17
120900117,3,311,-308
120900118,12,592,-580
120900119,3093,2962,131
120900120,73,355,-282
120900121,57,263,-206
120900122,361,275,86
120900123,4,199,-195
120900124,1,408,-407
120900125,2,363,-361
120900126,1270,725,545
120900127,6,318,-312
120900128,992,948,44
120900129,37,160,-123
120900130,0,339,-339
120900131,51,42,9
120900132,752,154,598
120900133,56,492,-436
120900134,703,263,440
120900135,3,314,-311
120900136,40,53,-13
120900137,154,65,89
120900138,36,153,-117
120900139,7,385,-378
120900140,5,35,-30
120900141,83,91,-8
120900142,11,273,-262
120900143,1,508,-507
120900144,1,75,-74
120900145,90,511,-421
120900146,1,593,-592
120900147,0,283,-283
120900148,107,71,36
120900149,0,120,-120
120900150,28,350,-322
120900151,0,415,-415
120900152,0,22,-22
120900153,45,52,-7
120900154,0,144,-144
120900155,129,754,-625
120900156,32,178,-146
120900157,51,179,-128
120900158,68,410,-342
120900159,138,310,-172
120900160,14,460,-446
120900161,25,326,-301
120900162,39,453,-414
120900163,43,478,-435
120900164,2,32,-30
120900165,7,104,-97
120900166,87,416,-329
120900167,234,123,111
120900169,79,238,-159
120900170,762,1863,-1101
120900171,670,202,468
120900172,449,828,-379
120900173,0,35,-35
120900174,11,61,-50
120900175,182,92,90
120900176,15,280,-265
120900177,0,684,-684
120900178,0,341,-341
120900179,788,325,463
120900180,60,123,-63
120900181,118,45,73
120900182,14,184,-170
120900183,368,36,332
120900184,205,31,174
120900185,11,171,-160
120900186,0,324,-324
120900187,350,722,-372
120900188,127,12,115
120900189,82,825,-743
120900190,58,2,56
120900191,4,26,-22
120900192,5602,4711,891
120900194,25,52,-27
120900195,76,151,-75
120900196,524,26,498
120900197,525,142,383
120900198,191,346,-155
120900199,192,345,-153
120900200,39,109,-70
120900201,315,96,219
120900202,2,112,-110
120900203,26,56,-30
120900204,108,192,-84
120900205,46,46,0
120900206,17,23,-6
120900207,45,767,-722
121000001,471,824,-353
121000002,1680,857,823
121000003,1729,1303,426
121000004,1916,2322,-406
121000005,1345,1963,-618
121000006,2438,1285,1153
121000007,1840,2150,-310
121000008,3991,2399,1592
121000009,3674,4250,-576
121000010,6281,4186,2095
121000011,5674,8649,-2975
121000012,11084,7618,3466
121000013,3840,5247,-1407
121000014,4976,4525,451
121000015,3154,5626,-2472
121000016,3524,2645,879
121000017,1447,2422,-975
121000018,1942,1305,637
121000019,9880,8062,1818
121000020,8634,10216,-1582
121000021,1933,1956,-23
121000022,1434,2061,-627
121000023,2598,1864,734
121000024,3152,3521,-369
121000025,409,1050,-641
121000026,332,145,187
121000027,1410,954,456
121000028,704,372,332
121000029,799,487,312
121000030,505,266,239
121000031,495,505,-10
121000032,146,67,79
121000034,409,166,243
121000035,132,99,33
121000036,800,594,206
121000037,369,357,12
121000038,432,689,-257
121000039,168,259,-91
121000041,404,318,86
121000042,184,242,-58
121000043,668,390,278
121000044,1001,675,326
121000045,315,191,124
121000046,552,600,-48
121000047,48,58,-10
121000049,1159,396,763
121000050,249,914,-665
121000051,440,251,189
121000052,286,451,-165
121000053,330,64,266
121000054,63,292,-229
121000055,807,976,-169
121000056,653,761,-108
121000057,269,385,-116
121000058,402,219,183
121000059,1960,1122,838
121000060,579,811,-232
121000061,89,261,-172
121000062,164,294,-130
121000063,610,611,-1
121000064,499,663,-164
121000065,493,427,66
121000066,615,407,208
121000067,537,428,109
121000068,568,305,263
121000069,364,623,-259
121000070,1400,877,523
121000071,878,898,-20
121000072,839,530,309
121000073,634,720,-86
121000074,58,143,-85
121000075,33,212,-179
121000076,748,334,414
121000077,104,116,-12
121000078,79,105,-26
121000080,1574,490,1084
121000081,2033,2067,-34
121000082,87,205,-118
121000083,183,111,72
121000084,154,148,6
121000085,241,343,-102
121000086,144,505,-361
121000087,39,199,-160
121000088,311,363,-52
121000089,286,267,19
121000090,348,253,95
121000091,1365,804,561
121000092,188,64,124
121000093,145,167,-22
121000094,469,505,-36
121000095,262,415,-153
121000096,1758,1812,-54
121000097,594,1744,-1150
121000098,419,640,-221
121000099,554,455,99
121000100,632,285,347
121000101,259,171,88
121000102,200,203,-3
121000103,151,120,31
121000104,165,95,70
121000105,321,146,175
121000106,261,181,80
121000107,1553,2368,-815
121000109,995,853,142
121000110,314,553,-239
121000114,2320,1674,646
121000115,831,555,276
121000116,244,660,-416
121000117,754,176,578
121000118,1025,164,861
121000119,206,310,-104
121000120,164,312,-148
121000121,404,721,-317
121000123,1036,502,534
121000127,103,51,52
121000128,668,258,410
121000129,549,325,224
121000130,397,480,-83
121000131,1452,1145,307
121000132,1015,1120,-105
121000135,282,325,-43
121000136,932,823,109
121000137,296,219,77
121000138,703,1238,-535
121000139,470,345,125
121000141,144,65,79
121000142,536,609,-73
121000143,90,21,69
121000144,600,1100,-500
121000145,392,701,-309
121000146,935,594,341
121000147,638,308,330
121000148,622,732,-110
121000149,1396,1064,332
121000152,328,305,23
121000153,1252,449,803
121000154,730,418,312
121000155,939,773,166
121000156,313,771,-458
121000157,706,1174,-468
121000158,335,387,-52
121000159,177,343,-166
121000160,307,257,50
121000161,199,214,-15
121000162,65,133,-68
121000165,1083,1446,-363
121000166,13,354,-341
121000168,264,153,111
121000169,64,115,-51
121000170,223,55,168
121000171,66,90,-24
121000172,464,381,83
121000173,787,901,-114
121000174,358,364,-6
121000175,841,343,498
121000176,349,241,108
121000177,688,393,295
121000178,133,20,113
121000179,77,36,41
121000181,381,310,71
121000182,87,184,-97
121000183,46,100,-54
121000184,55,53,2
121000185,36,150,-114
121000186,128,321,-193
121000187,119,109,10
121000188,109,113,-4
121000192,676,297,379
121000193,426,403,23
121000194,1576,1623,-47
121000195,171,703,-532
121000196,538,211,327
121000197,189,374,-185
121000198,122,94,28
121000199,67,196,-129
121000200,250,54,196
121000201,7,136,-129
121000202,473,62,411
121000203,566,1253,-687
121000204,1788,495,1293
121000205,100,141,-41
121000206,101,17,84
121000207,1366,227,1139
121000208,4,137,-133
121000209,383,235,148
121000210,478,256,222
121000211,188,102,86
121000212,365,328,37
121000213,5127,1808,3319
121000214,500,1466,-966
121000215,685,609,76
121000216,363,508,-145
121000217,2779,1830,949
121000218,384,1300,-916
121000219,1105,371,734
121000220,114,40,74
121000221,88,167,-79
121000222,1822,1760,62
121000223,544,408,136
121000224,328,201,127
121000225,924,1166,-242
121000226,1889,933,956
121000227,10,111,-101
121000228,13,424,-411
121000229,171,208,-37
121000230,73,1141,-1068
121000231,649,23,626
121000232,273,226,47
121000233,415,279,136
121000234,23,32,-9
121000235,75,77,-2
121000236,16,36,-20
121000237,39,18,21
121000238,1,66,-65
121000239,52,6,46
121000240,8,135,-127
121000241,71,9,62
121000242,98,434,-336
121000243,670,228,442
121000244,19,65,-46
121000245,131,65,66
121000246,8,95,-87
121000247,107,9,98
121000248,1394,515,879
121000249,97,132,-35
121000250,343,143,200
121000251,17,266,-249
121000252,100,47,53
121000253,238,234,4
121000254,492,115,377
121000255,128,133,-5
121000256,183,100,83
121000257,46,61,-15
121000258,83,47,36
121000259,67,53,14
121000260,109,63,46
121000261,87,56,31
121000262,649,431,218
121000263,494,300,194
121000271,175,986,-811
121000273,17,4,13
121000274,10,31,-21
121000275,1,9,-8
121000276,3,13,-10
121000278,39,30,9
121000279,16,1,15
121000280,9,20,-11
121000289,146,15,131
121000290,849,684,165
121000294,106,55,51
121000297,830,836,-6
121000299,166,355,-189
121000300,594,308,286
121000302,41,810,-769
121000303,302,285,17
121000304,368,50,318
121000305,177,27,150
121000306,87,95,-8
121000308,91,229,-138
121000309,321,329,-8
121000310,77,239,-162
121000311,52,581,-529
121000312,238,169,69
121000313,187,324,-137
121000314,117,98,19
121000315,41,190,-149
121000530,1128,981,147
121000531,1024,1169,-145
121000532,4612,5619,-1007
121000533,2381,2623,-242
121000918,54,86,-32
121000919,39,71,-32
121000938,205,530,-325
121000939,233,337,-104
121000956,1005,698,307
121000957,4,7,-3
121000958,31,30,1
121000959,540,433,107
121000960,983,1031,-48
121000961,224,133,91
121000962,217,456,-239
121000963,0,0,0
121000973,1,110,-109
121000976,22,133,-111
121000979,286,71,215
121000981,398,246,152
121000982,300,95,205
121000983,321,224,97
121000984,16,47,-31
121000985,572,254,318
121000986,246,108,138
121000987,175,452,-277
121000988,671,77,594
121001302,179,64,115
121001308,1,5,-4
121001309,43,53,-10
121001313,167,133,34
121001314,1326,1937,-611
121001315,3392,1789,1603
121900001,116,116,0
121900002,53,36,17
121900003,357,11,346
121900004,74,201,-127
121900005,20,4,16
121900006,65,8,57
121900007,1228,1351,-123
121900008,484,333,151
121900009,318,12,306
121900010,174,6,168
121900011,131,200,-69
121900012,15,0,15
121900013,1098,129,969
121900014,728,276,452
121900015,151,90,61
121900016,9,39,-30
121900017,304,265,39
121900018,258,11,247
121900019,270,117,153
121900020,19,0,19
121900021,712,15,697
121900022,179,165,14
121900023,107,144,-37
121900024,266,74,192
121900025,453,277,176
121900026,200,36,164
121900027,170,72,98
121900028,119,17,102
121900029,65,103,-38
121900030,332,333,-1
121900031,616,4076,-3460
121900032,69,70,-1
121900033,131,137,-6
121900034,235,61,174
121900035,1703,1396,307
121900036,39,194,-155
121900037,91,591,-500
121900038,26,103,-77
121900039,232,31,201
121900040,59,66,-7
121900041,54,114,-60
121900042,193,102,91
121900043,3,2,1
121900044,91,34,57
121900046,135,136,-1
121900047,120,28,92
121900048,57,73,-16
121900050,46,39,7
121900051,119,127,-8
121900052,109,13,96
121900053,214,158,56
121900054,291,667,-376
121900055,4,4,0
121900058,158,98,60
121900059,314,135,179
121900060,80,250,-170
121900061,145,129,16
121900062,89,60,29
121900063,654,235,419
121900064,196,321,-125
121900066,39,7,32
121900067,20,16,4
121900069,155,124,31
121900070,138,61,77
121900071,290,151,139
121900072,40,101,-61
121900073,185,177,8
121900074,360,575,-215
121900075,355,296,59
121900076,232,276,-44
121900077,15,21,-6
121900078,45,21,24
121900079,0,0,0
121900080,524,222,302
121900082,43,68,-25
121900084,13,99,-86
121900085,3,4,-1
121900086,14,22,-8
121900087,100,84,16
121900088,1240,1972,-732
121900089,135,165,-30
121900090,21,62,-41
121900091,54,51,3
121900092,44,42,2
121900093,87,63,24
121900094,17,14,3
121900095,194,78,116
121900096,791,389,402
121900097,338,110,228
121900098,1,0,1
121900099,134,32,102
121900100,135,269,-134
121900101,101,103,-2
121900102,2,91,-89
121900103,297,109,188
121900104,983,249,734
121900105,172,102,70
121900106,4,6,-2
121900107,22,24,-2
121900108,0,8,-8
121900109,233,110,123
121900110,393,578,-185
121900111,469,113,356
121900112,119,95,24
121900113,44,228,-184
121900114,3,11,-8
121900117,92,45,47
121900118,1098,392,706
121900119,129,68,61
121900120,33,835,-802
121900121,330,38,292
121900122,14,27,-13
121900123,110,303,-193
121900124,150,94,56
121900125,975,592,383
121900127,5,63,-58
121900128,41,45,-4
121900129,405,150,255
121900130,79,148,-69
121900131,157,66,91
121900132,43,78,-35
121900133,80,718,-638
121900134,25,127,-102
121900135,1585,208,1377
121900136,229,212,17
121900137,38,249,-211
121900138,55,93,-38
121900139,315,485,-170
121900140,59,122,-63
121900141,54,39,15
121900142,98,65,33
121900143,10,78,-68
121900144,139,220,-81
121900145,105,148,-43
121900146,424,505,-81
121900147,52,140,-88
121900148,134,246,-112
121900149,229,405,-176
121900150,69,112,-43
121900151,83,193,-110
121900152,50,100,-50
121900153,57,390,-333
121900154,14,201,-187
121900155,1,102,-101
121900156,127,75,52
121900157,2,236,-234
121900158,74,95,-21
121900159,0,168,-168
121900160,43,125,-82
121900161,232,267,-35
121900162,74,94,-20
121900163,142,282,-140
121900164,215,121,94
121900165,180,86,94
121900166,151,77,74
121900167,94,86,8
121900168,127,163,-36
121900169,4,137,-133
121900170,7,124,-117
121900171,530,360,170
121900172,378,155,223
121900173,604,214,390
121900174,25,41,-16
121900175,77,111,-34
121900176,425,964,-539
121900177,134,39,95
121900178,19,23,-4
121900179,228,133,95
121900180,1970,2668,-698
121900182,531,229,302
121900183,409,1010,-601
121900184,36,295,-259
121900186,3,195,-192
121900187,31,116,-85
121900188,301,222,79
121900189,24,77,-53
121900190,228,279,-51
121900191,49,159,-110
121900192,295,564,-269
121900193,31,80,-49
121900194,0,68,-68
121900195,59,68,-9
121900196,601,632,-31
121900197,176,856,-680
121900198,923,683,240
121900199,1,17,-16
121900200,61,195,-134
121900201,542,542,0
121900202,100,447,-347
121900203,118,638,-520
121900204,531,762,-231
121900205,25,60,-35
121900206,17,17,0
121900207,67,42,25
121900208,96,154,-58
121900209,79,31,48
121900210,890,639,251
121900211,213,317,-104
121900212,86,61,25
121900213,126,52,74
121900214,8,312,-304
121900215,40,61,-21
121900216,33,112,-79
121900217,155,109,46
121900218,130,267,-137
121900220,84,11,73
121900221,157,354,-197
121900222,112,77,35
121900223,115,31,84
121900224,54,25,29
121900225,88,101,-13
121900226,192,213,-21
121900227,131,349,-218
121900228,110,174,-64
121900230,143,207,-64
121900231,202,869,-667
121900232,149,213,-64
121900233,125,139,-14
121900234,221,143,78
121900235,315,129,186
121900236,235,101,134
121900237,158,208,-50
121900238,130,160,-30
121900239,113,25,88
121900240,127,65,62
121900241,31,24,7
121900242,26,39,-13
121900243,1,0,1
121900244,1,0,1
121900245,135,72,63
121900246,1488,181,1307
121900247,165,169,-4
121900248,683,718,-35
121900250,187,223,-36
121900251,226,30,196
121900252,372,103,269
121900253,163,748,-585
121900254,400,191,209
121900255,263,72,191
121900258,2282,1501,781
121900259,214,404,-190
121900260,114,113,1
121900261,150,346,-196
121900262,262,606,-344
121900263,226,181,45
121900264,1250,944,306
121900265,195,160,35
121900266,307,91,216
121900267,58,10,48
121900269,204,511,-307
121900270,18,163,-145
121900271,18,65,-47
121900273,387,1049,-662
121900274,217,179,38
121900277,277,532,-255
121900278,62,512,-450
121900279,83,148,-65
121900280,89,188,-99
121900281,171,307,-136
121900284,31,9,22
121900286,84,60,24
121900287,6,14,-8
121900288,1,2,-1
121900290,146,216,-70
121900291,286,529,-243
121900292,134,73,61
121900293,794,1955,-1161
121900294,179,4,175
121900295,101,128,-27
121900296,24,60,-36
121900298,149,474,-325
121900299,0,5,-5
121900300,65,9,56
121900301,58,4,54
121900302,0,26,-26
121900303,261,162,99
121900304,3,7,-4
121900305,4,2,2
121900306,95,1,94
121900307,46,7,39
121900308,13,201,-188
121900309,5,150,-145
121900310,36,292,-256
121900311,399,22,377
121900312,189,17,172
121900313,281,17,264
121900314,3,29,-26
121900315,8,0,8
121900316,0,21,-21
121900317,13,2,11
121900318,1,11,-10
121900319,41,35,6
121900320,20,50,-30
121900321,10,0,10
121900322,1,23,-22
121900323,7,12,-5
121900324,6,43,-37
121900325,11,2,9
121900326,0,14,-14
121900327,6,29,-23
121900328,0,13,-13
121900329,1,99,-98
121900330,0,32,-32
121900331,22,5,17
121900332,59,11,48
121900333,49,1,48
121900334,50,63,-13
122000001,1471,3499,-2028
122000002,2504,1110,1394
122000003,1426,2127,-701
122000004,2078,1143,935
122000005,1790,1542,248
122000006,1382,811,571
122000007,821,1380,-559
122000008,2567,3479,-912
122000009,337,325,12
122000010,1898,2518,-620
122000011,2407,1258,1149
122000012,1015,1369,-354
122000013,1185,773,412
122000014,1303,1092,211
122000015,1086,918,168
122000016,476,734,-258
122000017,970,780,190
122000018,1153,989,164
122000019,647,861,-214
122000020,115,163,-48
122000021,206,391,-185
122000022,935,807,128
122000023,543,1246,-703
122000024,633,1022,-389
122000025,989,1226,-237
122000026,871,859,12
122000027,459,1399,-940
122000028,727,364,363
122000029,337,381,-44
122000030,179,108,71
122000031,135,246,-111
122000032,1484,1591,-107
122000033,533,1081,-548
122000034,547,544,3
122000035,305,691,-386
122000036,447,344,103
122000037,271,187,84
122000038,245,284,-39
122000039,601,298,303
122000040,211,206,5
122000041,344,397,-53
122000042,248,351,-103
122000043,104,77,27
122000044,118,111,7
122000045,1086,414,672
122000046,600,595,5
122000047,225,181,44
122000048,2241,2875,-634
122000049,3611,2335,1276
122000050,965,681,284
122000051,297,301,-4
122000052,327,346,-19
122000053,121,711,-590
122000054,1777,1466,311
122000055,1662,2356,-694
122000056,3335,2594,741
122000057,2334,2604,-270
122000058,1759,1010,749
122000059,2040,1547,493
122000060,627,532,95
122000061,334,378,-44
122000062,934,309,625
122000063,811,533,278
122000064,2387,2057,330
122000065,2811,1548,1263
122000066,981,703,278
122000067,1140,908,232
122000068,867,717,150
122000069,569,474,95
122000070,618,1128,-510
122000071,1003,810,193
122000072,290,377,-87
122000073,316,598,-282
122000074,2113,1152,961
122000075,554,793,-239
122000076,1990,967,1023
122000077,880,666,214
122000078,1524,2043,-519
122000079,659,948,-289
122000080,532,291,241
122000081,159,197,-38
122000082,671,668,3
122000083,995,1288,-293
122000084,909,612,297
122000085,231,702,-471
122000086,1472,3258,-1786
122000087,253,163,90
122000088,170,258,-88
122000089,3539,1544,1995
122000090,188,316,-128
122000091,205,74,131
122000092,140,37,103
122000093,1436,1484,-48
122000094,3563,1519,2044
122000095,1440,2104,-664
122000096,1103,1108,-5
122000098,2115,1722,393
122000099,1256,514,742
122000100,752,365,387
122000101,238,349,-111
122000102,1353,864,489
122000103,1492,1305,187
122000104,332,134,198
122000105,302,188,114
122000106,400,482,-82
122000107,766,347,419
122000108,376,580,-204
122000109,408,230,178
122000110,392,412,-20
122000111,2228,959,1269
122000112,815,951,-136
122000113,559,443,116
122000114,1960,1245,715
122000115,1572,1002,570
122000116,333,328,5
122000117,847,314,533
122000118,371,538,-167
122000119,1799,1401,398
122000120,1209,2325,-1116
122000121,1268,1828,-560
122000122,474,1044,-570
122000123,1192,1223,-31
122000124,570,343,227
122000125,382,558,-176
122000126,362,710,-348
122000127,680,741,-61
122000128,348,458,-110
122000129,415,932,-517
122000130,2092,984,1108
122000131,878,790,88
122000132,381,328,53
122000133,656,812,-156
122000134,664,543,121
122000135,487,478,9
122000136,454,461,-7
122000137,945,575,370
122000139,904,2173,-1269
122000140,835,564,271
122000141,2389,672,1717
122000142,223,468,-245
122000143,229,347,-118
122000144,867,918,-51
122000145,800,581,219
122000146,388,817,-429
122000147,526,362,164
122000148,1243,1516,-273
122000149,1493,1052,441
122000150,841,687,154
122000151,144,300,-156
122000152,270,268,2
122000153,222,296,-74
122000154,225,162,63
122000155,1217,1829,-612
122000156,1945,2088,-143
122000157,1207,1747,-540
122000158,336,424,-88
122000159,500,1106,-606
122000160,1926,1653,273
122000161,802,621,181
122000162,1291,1223,68
122000163,212,67,145
122000164,42,55,-13
122000165,569,479,90
122000166,702,730,-28
122000167,193,194,-1
122000168,159,400,-241
122000169,341,122,219
122000170,248,224,24
122000171,38,79,-41
122000172,1183,1151,32
122000173,1053,1952,-899
122000174,1636,692,944
122000175,806,243,563
122000176,307,598,-291
122000177,1147,1239,-92
122000178,2223,1602,621
122000179,1200,1915,-715
122000180,1354,1083,271
122000181,1457,2314,-857
122000182,1508,1167,341
122000183,1528,739,789
122000184,2620,1987,633
122000185,1360,1303,57
122000186,405,550,-145
122000187,1320,574,746
122000188,313,170,143
122000189,257,220,37
122000190,818,745,73
122000191,723,525,198
122000192,751,219,532
122000193,267,516,-249
122000194,420,156,264
122000195,172,412,-240
122000196,705,522,183
122000197,326,411,-85
122000198,404,702,-298
122000199,310,232,78
122000200,869,456,413
122000201,1090,1239,-149
122000202,981,1159,-178
122000203,1784,923,861
122000204,867,1411,-544
122000205,957,1025,-68
122000206,1614,537,1077
122000207,1342,796,546
122000208,1542,855,687
122000209,1360,330,1030
122000210,1458,1190,268
122000211,965,778,187
122000212,622,345,277
122000213,859,899,-40
122000214,1567,1254,313
122000215,1593,1288,305
122000217,1230,1105,125
122000218,608,65,543
122000219,855,693,162
122000220,268,489,-221
122000221,46,354,-308
122000222,477,92,385
122000223,936,394,542
122000225,486,230,256
122000226,1272,1267,5
122000227,182,1584,-1402
122000228,245,232,13
122000229,15,329,-314
122000230,51,282,-231
122000231,211,539,-328
122000232,474,552,-78
122000233,0,67,-67
122000234,317,64,253
122000235,380,69,311
122000236,789,56,733
122000237,80,60,20
122000238,277,215,62
122000239,434,122,312
122000240,848,431,417
122000241,1130,378,752
122000242,498,79,419
122000243,232,34,198
122000244,55,226,-171
122000245,96,130,-34
122000246,258,132,126
122000247,351,350,1
122000248,725,979,-254
122000249,725,510,215
122000250,1437,806,631
122000251,156,399,-243
122000252,392,66,326
122000253,34,147,-113
122000254,203,72,131
122000255,590,1077,-487
122000256,287,595,-308
122000257,130,183,-53
122000258,250,186,64
122000259,26,209,-183
122000260,8,36,-28
122000261,20,125,-105
122000262,0,50,-50
122000263,225,78,147
122000264,819,283,536
122000265,1659,748,911
122000266,3283,602,2681
122000267,76,67,9
122000268,123,222,-99
122000269,612,261,351
122000270,463,127,336
122000271,216,727,-511
122000272,296,632,-336
122000273,300,278,22
122000274,135,134,1
122000275,52,160,-108
122000276,423,334,89
122000277,800,1236,-436
122000278,1105,497,608
122000279,157,298,-141
122000280,511,338,173
122000281,576,416,160
122000282,179,522,-343
122000283,228,136,92
122000284,193,68,125
122000285,323,108,215
122000286,68,171,-103
122000287,904,1349,-445
122000288,368,286,82
122000291,1257,513,744
122000293,251,176,75
122000294,85,195,-110
122000295,976,157,819
122000296,31,387,-356
122000297,1439,2121,-682
122000299,415,257,158
122000300,402,357,45
122000301,5534,2103,3431
122000302,428,1109,-681
122000303,1960,817,1143
122000304,88,169,-81
122000305,888,136,752
122000306,35,410,-375
122000307,101,103,-2
122000309,63,42,21
122000310,21,90,-69
122000311,197,128,69
122000312,130,161,-31
122000313,163,60,103
122000314,108,179,-71
122000315,222,57,165
122000316,604,170,434
122000317,1153,230,923
122000318,242,548,-306
122000319,156,203,-47
122000320,339,807,-468
122000321,69,117,-48
122000322,1670,1586,84
122000323,1218,1714,-496
122000324,893,933,-40
122000325,588,1201,-613
122000326,48,57,-9
122000327,329,527,-198
122000328,613,341,272
122000330,1334,636,698
122000332,125,262,-137
122000333,6,81,-75
122000337,791,881,-90
122000338,274,185,89
122000340,280,383,-103
122000342,948,662,286
122000343,331,600,-269
122000344,77,12,65
122000345,16,26,-10
122000346,214,335,-121
122000348,472,398,74
122000349,69,354,-285
122000351,119,107,12
122000352,317,108,209
122000353,77,62,15
122000355,115,198,-83
122000356,1103,932,171
122000357,46,24,22
122000358,0,27,-27
122000359,0,17,-17
122000360,1,29,-28
122000362,7,52,-45
122000364,118,199,-81
122000365,2,26,-24
122000366,11,7,4
122000368,385,442,-57
122000370,15,23,-8
122000371,16,0,16
122000372,9,0,9
122000381,72,258,-186
122000382,73,155,-82
122000384,1701,849,852
122000385,34,0,34
122000386,240,738,-498
122000387,401,538,-137
122000388,901,482,419
122000389,166,450,-284
122000390,296,194,102
122000391,224,211,13
122000392,156,120,36
122000393,40,107,-67
122000394,486,170,316
122000395,95,95,0
122000396,266,74,192
122000397,37,53,-16
122000398,58,41,17
122000399,114,61,53
122000400,114,381,-267
122000401,122,66,56
122000402,195,96,99
122000403,347,456,-109
122000404,146,168,-22
122000408,647,1025,-378
122000503,9,92,-83
122000524,155,121,34
122000544,52,1369,-1317
122000616,208,3,205
122000640,73,65,8
122000641,103,251,-148
122000642,1011,549,462
122000643,30,118,-88
122000644,126,30,96
122000645,90,123,-33
122000651,988,791,197
122000664,99,14,85
122000665,909,417,492
122000666,514,884,-370
122000673,22,161,-139
122000674,155,57,98
122000675,1344,519,825
122000686,322,603,-281
122000687,962,228,734
122000688,178,370,-192
122000689,642,276,366
122000690,1425,359,1066
122000691,550,982,-432
122000692,1021,303,718
122000693,269,972,-703
122000695,203,203,0
122000696,285,141,144
122000698,230,359,-129
122000699,128,59,69
122000701,1157,242,915
122000702,340,863,-523
122000703,129,61,68
122000712,0,0,0
122000717,36,29,7
122000718,146,465,-319
122000719,90,59,31
122000720,357,146,211
122000724,81,18,63
122900001,16,11,5
122900002,790,3730,-2940
122900003,217,17,200
122900004,802,27,775
122900005,70,46,24
122900006,363,500,-137
122900007,112,64,48
122900008,281,80,201
122900009,449,284,165
122900010,210,90,120
122900012,133,305,-172
122900014,112,184,-72
122900015,981,516,465
122900016,109,156,-47
122900017,236,441,-205
122900018,126,15,111
122900019,2,75,-73
122900020,158,237,-79
122900021,24,311,-287
122900022,702,817,-115
122900023,348,131,217
122900024,119,102,17
122900025,4,205,-201
122900026,26,175,-149
122900027,37,420,-383
122900028,82,117,-35
122900029,2785,1961,824
122900030,679,378,301
122900031,32,205,-173
122900032,90,205,-115
122900033,184,74,110
122900034,2682,3217,-535
122900035,16,16,0
122900036,80,121,-41
122900037,310,108,202
122900038,83,1787,-1704
122900039,76,381,-305
122900040,168,327,-159
122900041,215,202,13
122900042,93,188,-95
122900043,228,153,75
122900044,125,243,-118
122900045,93,83,10
122900046,142,181,-39
122900047,110,145,-35
122900048,25,132,-107
122900049,934,84,850
122900051,42,121,-79
122900052,114,122,-8
122900053,20,27,-7
122900055,210,53,157
122900057,177,57,120
122900061,319,108,211
122900062,401,398,3
122900063,105,173,-68
122900064,575,281,294
122900065,403,217,186
122900066,545,317,228
122900067,705,488,217
122900068,95,233,-138
122900069,211,792,-581
122900070,220,34,186
122900071,105,229,-124
122900072,5,330,-325
122900073,14,131,-117
122900074,589,341,248
122900075,1,36,-35
122900076,8,113,-105
122900077,1,82,-81
122900078,153,37,116
122900080,24,24,0
122900081,116,106,10
122900082,702,130,572
122900083,135,102,33
122900084,6,148,-142
122900086,6,78,-72
122900087,220,285,-65
122900088,51,184,-133
122900089,20,106,-86
122900090,3,261,-258
122900091,150,1,149
122900092,0,103,-103
122900093,0,123,-123
122900094,11,110,-99
122900095,107,11,96
122900096,195,61,134
122900097,15,27,-12
122900098,40,80,-40
122900099,48,15,33
122900100,107,154,-47
122900101,418,183,235
122900102,8,20,-12
122900103,106,3,103
122900104,94,9,85
122900105,11,10,1
122900106,2,41,-39
122900107,2,94,-92
122900108,2,104,-102
123000001,1121,347,774
123000002,2334,3515,-1181
123000003,2736,3072,-336
123000004,2308,3028,-720
123000005,1953,2238,-285
123000006,1615,1665,-50
123000007,2902,2291,611
123000008,2187,2263,-76
123000009,3590,2177,1413
123000010,2455,2615,-160
123000011,2050,610,1440
123000012,646,1699,-1053
123000013,2645,802,1843
123000014,626,2385,-1759
123000015,2212,784,1428
123000016,2313,2822,-509
123000017,2487,1445,1042
123000018,54,82,-28
123000019,218,75,143
123000020,112,41,71
123000021,70,147,-77
123000022,242,1325,-1083
123000023,1248,1336,-88
123000024,1289,536,753
123000025,237,99,138
123000026,22,64,-42
123000027,242,407,-165
123000028,982,734,248
123000029,906,1006,-100
123000030,203,203,0
123000031,131,136,-5
123000032,289,66,223
123000033,267,85,182
123000034,814,626,188
123000035,234,241,-7
123000036,188,686,-498
123000037,205,172,33
123000038,88,200,-112
123000039,294,1110,-816
123000040,545,217,328
123000041,878,846,32
123000042,818,490,328
123000043,2003,6784,-4781
123000044,3173,1895,1278
123000045,4503,1986,2517
123000046,509,1130,-621
123000047,1263,756,507
123000048,63,584,-521
123000049,4160,6473,-2313
123000050,1017,1086,-69
123000051,97,172,-75
123000052,512,2524,-2012
123000053,1763,2554,-791
123000054,980,984,-4
123000055,954,1559,-605
123000056,889,1158,-269
123000057,6586,4753,1833
123000058,524,738,-214
123000059,303,369,-66
123000060,572,263,309
123000061,159,446,-287
123000063,540,689,-149
123000064,688,159,529
123000065,2744,1814,930
123000066,496,413,83
123000067,495,387,108
123000068,1732,1977,-245
123000069,4606,2267,2339
123000070,221,456,-235
123000071,835,663,172
123000072,829,577,252
123000073,978,565,413
123000074,754,842,-88
123000075,249,828,-579
123000076,583,422,161
123000077,1647,1759,-112
123000078,1274,1305,-31
123000079,1145,1358,-213
123000080,1750,1202,548
123000081,115,268,-153
123000082,255,633,-378
123000083,673,212,461
123000084,509,500,9
123000085,213,66,147
123000086,407,112,295
123000087,237,152,85
123000088,787,500,287
123000089,440,863,-423
123000090,1022,721,301
123000091,1249,1110,139
123000092,915,888,27
123000094,363,167,196
123000095,362,479,-117
123000096,493,289,204
123000097,445,427,18
123000098,609,363,246
123000099,480,490,-10
123000100,391,540,-149
123000101,482,548,-66
123000102,391,534,-143
123000104,264,349,-85
123000105,366,336,30
123000106,399,338,61
123000107,313,418,-105
123000108,461,819,-358
123000111,555,262,293
123000112,875,364,511
123000113,404,720,-316
123000114,326,527,-201
123000115,223,217,6
123000116,45,69,-24
123000117,1104,1051,53
123000118,331,521,-190
123000119,203,517,-314
123000120,232,559,-327
123000121,458,568,-110
123000122,288,246,42
123000123,392,472,-80
123000124,421,448,-27
123000125,776,911,-135
123000126,1030,2820,-1790
123000127,506,478,28
123000128,233,275,-42
123000129,500,159,341
123000130,446,60,386
123000131,643,525,118
123000132,262,418,-156
123000133,220,255,-35
123000134,348,89,259
123000135,1640,856,784
123000136,153,494,-341
123000137,89,173,-84
123000138,58,288,-230
123000139,392,95,297
123000140,61,499,-438
123000141,677,109,568
123000142,809,739,70
123000143,948,1432,-484
123000144,16,18,-2
123000145,144,67,77
123000146,30,76,-46
123000147,55,100,-45
123000149,307,317,-10
123000150,123,177,-54
123000151,250,415,-165
123000152,60,302,-242
123000153,115,486,-371
123000154,1213,1472,-259
123000155,1482,822,660
123000156,52,73,-21
123000157,475,653,-178
123000158,464,627,-163
123000159,2142,1866,276
123000160,689,553,136
123000161,1312,773,539
123000162,722,1183,-461
123000163,340,88,252
123000164,1182,272,910
123000165,381,958,-577
123000166,35,98,-63
123000167,113,232,-119
123000168,197,109,88
123000169,540,125,415
123000170,92,113,-21
123000171,498,21,477
123000172,190,319,-129
123000173,395,213,182
123000174,687,417,270
123000175,427,784,-357
123000176,593,166,427
123000177,191,505,-314
123000178,578,132,446
123000179,33,371,-338
123000180,1187,240,947
123000181,208,903,-695
123000182,114,177,-63
123000183,120,392,-272
123000184,74,259,-185
123000185,383,206,177
123000186,6,370,-364
123000187,453,6,447
123000188,157,1,156
123000189,128,108,20
123000190,50,62,-12
123000192,19,251,-232
123000193,73,630,-557
123000194,340,261,79
123000195,226,46,180
123000196,331,26,305
123000197,50,109,-59
123000198,35,656,-621
123000199,17,459,-442
123000200,472,11,461
123000201,982,16,966
123000202,12,657,-645
123000203,889,70,819
123000204,90,705,-615
123000205,401,1017,-616
123000206,1842,229,1613
123000207,67,455,-388
123000208,417,181,236
123000209,1755,645,1110
123000210,406,1439,-1033
123000211,397,1567,-1170
123000212,2364,490,1874
123000213,588,103,485
123000215,96,154,-58
123000216,111,412,-301
123000217,153,27,126
123000218,56,404,-348
123000219,477,57,420
123000220,361,60,301
123000221,105,55,50
123000222,274,216,58
123000223,218,167,51
123000224,323,305,18
123000225,164,64,100
123000226,40,170,-130
123000227,43,205,-162
123000228,194,48,146
123000229,818,1067,-249
123000232,44,376,-332
123000233,484,88,396
123000234,81,373,-292
123000235,715,192,523
123000236,188,402,-214
123000237,243,58,185
123000238,55,274,-219
123000239,361,777,-416
123000240,49,304,-255
123000241,317,56,261
123000242,95,162,-67
123000243,584,659,-75
123000244,755,566,189
123000245,35,122,-87
123000249,236,399,-163
123000252,582,167,415
123000253,878,431,447
123000254,434,630,-196
123000255,957,722,235
123000256,36,131,-95
123000257,1761,1158,603
123000258,758,537,221
123000259,291,322,-31
123000260,306,318,-12
123000261,157,82,75
123000262,94,110,-16
123000263,356,75,281
123000264,159,76,83
123000265,34,99,-65
123000266,432,472,-40
123000267,447,261,186
123000268,36,47,-11
123000269,35,55,-20
123000270,36,63,-27
123000271,54,49,5
123000272,571,184,387
123000273,195,487,-292
123000274,936,410,526
123000275,224,530,-306
123000278,1727,1682,45
123000279,98,77,21
123000280,271,257,14
123000281,247,77,170
123000282,100,209,-109
123000283,87,42,45
123000284,74,65,9
123000286,177,318,-141
123000287,435,225,210
123000288,1142,548,594
123000289,272,609,-337
123000291,171,613,-442
123000294,178,236,-58
123000295,798,641,157
123000296,602,281,321
123000297,675,397,278
123000298,563,300,263
123000299,74,112,-38
123000300,672,648,24
123000301,70,168,-98
123000302,77,84,-7
123000303,68,153,-85
123000305,622,665,-43
123000306,88,89,-1
123000309,51,55,-4
123000310,36,31,5
123000311,0,54,-54
123000312,391,472,-81
123000313,350,259,91
123000315,120,189,-69
123000316,611,157,454
123000317,226,58,168
123000318,43,111,-68
123000329,3,9,-6
123000337,1114,439,675
123000338,307,64,243
123000339,176,117,59
123000340,79,205,-126
123000342,10,66,-56
123000343,33,5,28
123000344,854,294,560
123000345,225,347,-122
123000346,323,42,281
123000352,867,590,277
123000353,25,88,-63
123000354,176,3,173
123000355,0,183,-183
123000356,231,2,229
123000357,1,65,-64
123000359,0,82,-82
123000360,122,52,70
123000361,94,215,-121
123000362,230,71,159
123000363,49,91,-42
123000364,405,378,27
123000365,21,232,-211
123000366,258,1368,-1110
123000367,208,601,-393
123000370,28,128,-100
123000371,227,13,214
123000372,149,8,141
123000373,6,185,-179
123000374,6,81,-75
123000375,235,28,207
123000376,699,493,206
123000377,244,9,235
123000378,7,156,-149
123000379,1,78,-77
123000380,40,232,-192
123000381,75,73,2
123000382,607,71,536
123000383,67,726,-659
123000384,362,87,275
123000385,118,297,-179
123000436,37,601,-564
123000507,100,219,-119
123000508,152,657,-505
123000517,255,19,236
123000518,18,162,-144
123000519,117,52,65
123000520,41,162,-121
123000521,276,56,220
123000522,100,263,-163
123000541,6,0,6
123000542,0,12,-12
123000565,647,29,618
123000566,215,341,-126
123000567,62,137,-75
123000573,15,416,-401
123000574,428,41,387
123000575,936,641,295
123000576,597,789,-192
123000577,32,439,-407
123000578,391,70,321
123000579,1693,3769,-2076
123000580,144,29,115
123000582,285,17,268
123000583,15,216,-201
123000584,136,202,-66
123000585,1,47,-46
123000586,43,2,41
123000596,75,67,8
123000597,41,112,-71
123000602,33,0,33
123000603,484,357,127
123000604,331,333,-2
123000605,558,85,473
123000606,0,245,-245
123000609,8,262,-254
123000610,133,101,32
123000613,26,136,-110
123000614,136,34,102
123000615,35,74,-39
123000616,355,32,323
123000617,73,159,-86
123000618,49,290,-241
123000619,381,37,344
123000620,4,215,-211
123000622,299,10,289
123000624,120,43,77
123000630,823,263,560
123000631,186,782,-596
123000632,557,453,104
123000633,0,114,-114
123000634,36,73,-37
123000635,55,85,-30
123000636,30,317,-287
123000637,150,19,131
123000638,330,16,314
123000639,610,2548,-1938
123000640,36,376,-340
123000648,234,55,179
123000649,45,309,-264
123900001,896,38,858
123900002,22,920,-898
123900003,193,256,-63
123900005,142,111,31
123900006,226,30,196
124000001,1483,130,1353
124000002,82,1108,-1026
124000003,706,119,587
124000004,59,383,-324
124000005,797,320,477
124000006,173,678,-505
124000007,328,94,234
124000008,9,368,-359
124000009,417,156,261
124000010,135,258,-123
124000011,790,229,561
124000012,246,380,-134
124000017,130,105,25
124000018,85,41,44
124000019,151,85,66
124000020,44,106,-62
124000021,94,56,38
124000022,64,118,-54
124000023,1052,1122,-70
124000024,769,388,381
124000025,880,1373,-493
124000026,745,839,-94
124000027,3636,3971,-335
124000028,1352,3439,-2087
124000030,1998,1264,734
124000031,1088,2013,-925
124000032,1448,548,900
124000033,751,410,341
124000034,574,657,-83
124000035,335,139,196
124000036,84,331,-247
124000037,280,1062,-782
124000038,26,55,-29
124000039,660,448,212
124000040,405,928,-523
124000041,233,33,200
124000042,39,272,-233
124000043,48,59,-11
124000044,42,104,-62
124000045,616,354,262
124000046,231,416,-185
124000047,1118,519,599
124000048,694,681,13
124000049,1302,414,888
124000050,563,1067,-504
124000051,710,372,338
124000052,474,545,-71
124000053,408,1148,-740
124000054,706,312,394
124000055,1056,1809,-753
124000056,1386,1091,295
124000057,786,459,327
124000058,363,765,-402
124000059,419,849,-430
124000060,795,409,386
124000061,1090,4446,-3356
124000062,3721,1552,2169
124000063,1057,1376,-319
124000064,1380,1073,307
124000065,66,290,-224
124000066,230,86,144
124000067,138,77,61
124000068,51,84,-33
124000069,605,103,502
124000070,212,342,-130
124000071,85,59,26
124000072,95,281,-186
124000073,748,144,604
124000074,175,391,-216
124000075,211,21,190
124000076,6,142,-136
124000077,1152,589,563
124000078,1990,1140,850
124000079,262,1038,-776
124000080,346,142,204
124000081,126,330,-204
124000082,40,100,-60
124000083,80,84,-4
124000084,75,396,-321
124000085,99,48,51
124000086,35,85,-50
124000087,56,126,-70
124000088,62,217,-155
124000089,582,211,371
124000090,103,181,-78
124000091,395,89,306
124000092,86,369,-283
124000093,54,68,-14
124000094,59,322,-263
124000095,55,48,7
124000096,116,139,-23
124000097,69,112,-43
124000098,41,82,-41
124000099,154,57,97
124000100,39,88,-49
124000101,67,59,8
124000102,79,38,41
124000103,81,73,8
124000104,70,34,36
124000105,57,66,-9
124000106,134,22,112
124000107,15,128,-113
124000108,54,15,39
124000109,92,79,13
124000110,150,69,81
124000111,164,102,62
124000112,509,510,-1
124000113,84,69,15
124000114,191,343,-152
124000115,339,535,-196
124000116,112,110,2
124000117,49,60,-11
124000118,34,52,-18
124000119,535,341,194
124000120,358,263,95
124000121,1385,676,709
124000122,453,981,-528
124000123,737,459,278
124000124,286,696,-410
124000125,339,379,-40
124000126,205,425,-220
124000127,663,296,367
124000128,415,572,-157
124000129,1473,1077,396
124000130,574,433,141
124000131,815,451,364
124000132,635,603,32
124000133,597,523,74
124000134,588,403,185
124000135,1149,1274,-125
124000136,686,710,-24
124000137,838,568,270
124000138,882,882,0
124000139,425,25,400
124000140,28,281,-253
124000141,443,19,424
124000142,26,224,-198
124000143,69,3,66
124000144,7,98,-91
124000145,84,23,61
124000146,16,35,-19
124000148,20,68,-48
124000149,789,309,480
124000150,233,528,-295
124000151,676,328,348
124000152,490,958,-468
124000153,431,490,-59
124000154,203,405,-202
124000155,1066,767,299
124000156,1130,662,468
124000169,177,282,-105
124000170,344,329,15
124000171,176,190,-14
124000172,203,297,-94
124000173,395,175,220
124000174,235,321,-86
124000175,2,44,-42
124000176,20,5,15
124000177,7,23,-16
124000178,17,27,-10
124000190,63,33,30
124000191,81,192,-111
124000192,1266,249,1017
124000193,293,719,-426
124000194,326,335,-9
124000195,224,507,-283
124000196,824,712,112
124000197,30,32,-2
124000198,24,27,-3
124000201,260,510,-250
124000202,449,189,260
124000203,310,356,-46
124000204,728,160,568
124000205,77,282,-205
124000206,413,206,207
124000207,0,21,-21
124000209,142,259,-117
124000210,380,135,245
124000211,546,2,544
124000212,0,186,-186
124000213,289,218,71
124000214,292,296,-4
124000215,240,22,218
124000216,2,219,-217
124000329,88,857,-769
124000338,91,380,-289
124000339,716,91,625
124000341,1119,56,1063
124000344,29,10,19
124000357,888,1692,-804
124000358,779,1011,-232
124000359,911,595,316
124000360,659,461,198
124000361,1451,837,614
124000362,959,1388,-429
124000363,218,256,-38
124000364,485,580,-95
124000365,606,880,-274
124000366,1105,670,435
124000367,102,257,-155
124000368,363,267,96
124000369,171,116,55
124000370,70,488,-418
124000402,19,4,15
124000403,58,4,54
124000404,7,64,-57
124000405,828,631,197
124000406,519,549,-30
124000407,1,29,-28
124000411,4,180,-176
124000412,394,3,391
124000413,195,23,172
124000414,63,80,-17
124000415,26,56,-30
124000416,104,119,-15
124000417,104,73,31
124000418,135,48,87
124000419,106,82,24
124000420,56,30,26
124000421,28,88,-60
124000422,28,12,16
124000423,97,30,67
124000424,3,73,-70
124000425,121,27,94
124000426,7,104,-97
124000427,90,8,82
124000428,7,46,-39
124000429,55,40,15
124000430,494,304,190
124000431,132,244,-112
124000432,138,457,-319
124000439,4,6,-2
124000443,1,5,-4
124000445,301,729,-428
124000446,904,194,710
124000447,0,8,-8
124900001,455,285,170
124900002,132,185,-53
124900003,934,451,483
124900004,637,244,393
124900005,156,84,72
124900006,658,233,425
124900008,917,487,430
124900009,147,232,-85
124900010,127,95,32
124900011,346,122,224
124900012,366,92,274
124900013,454,126,328
124900014,246,35,211
124900015,104,248,-144
124900016,53,62,-9
124900017,311,910,-599
124900018,40,10,30
124900020,50,36,14
124900021,194,15,179
124900022,40,6,34
124900024,191,5,186
124900026,151,8,143
124900027,89,442,-353
124900028,237,51,186
124900029,21,359,-338
124900030,9,57,-48
124900031,18,175,-157
124900032,111,165,-54
124900033,73,188,-115
124900034,4,77,-73
124900035,126,244,-118
124900036,1,40,-39
124900037,162,183,-21
124900038,204,220,-16
124900039,6,46,-40
124900040,153,86,67
124900041,218,701,-483
124900042,56,1,55
124900043,389,736,-347
124900044,69,3,66
124900045,381,913,-532
124900047,85,129,-44
124900048,168,60,108
124900050,137,153,-16
124900052,84,228,-144
124900053,70,236,-166
124900054,799,294,505
124900055,0,80,-80
124900057,9,36,-27
124900060,39,110,-71
124900061,37,3,34
124900062,131,19,112
124900066,0,15,-15
124900067,3,66,-63
124900068,208,354,-146
124900070,27,20,7
124900072,111,26,85
124900075,183,165,18
124900076,26,901,-875
124900077,17,79,-62
124900078,88,23,65
124900079,362,125,237
124900080,282,442,-160
124900081,991,217,774
124900082,310,610,-300
124900083,172,392,-220
124900085,748,494,254
124900086,61,1198,-1137
124900087,471,71,400
124900088,517,72,445
124900089,901,14,887
124900090,204,169,35
124900091,253,198,55
124900092,166,165,1
124900093,218,97,121
124900094,290,141,149
124900095,93,315,-222
124900096,354,192,162
124900097,265,54,211
124900098,107,240,-133
124900099,388,344,44
124900100,177,28,149
124900101,30,278,-248
124900102,151,4,147
124900103,146,150,-4
124900104,82,84,-2
124900105,91,67,24
124900106,299,34,265
124900107,66,5,61
124900108,138,69,69
124900111,1,105,-104
124900112,36,319,-283
124900113,81,266,-185
124900114,114,146,-32
124900115,21,21,0
124900116,153,124,29
124900117,201,151,50
124900118,143,192,-49
124900119,328,149,179
124900120,52,194,-142
124900121,68,310,-242
124900122,137,148,-11
124900123,254,101,153
124900124,114,249,-135
204000001,69,16,53
204000002,15,2,13
204000003,13,3,10
204000004,2,0,2
204000005,559,442,117
204000006,1087,940,147
204000011,7,37,-30
204000012,58,74,-16
204000019,585,356,229
204000020,477,404,73
204000021,828,541,287
204000022,573,360,213
204000023,481,605,-124
204000031,74,7,67
204000032,294,26,268
204000034,20,100,-80
204000035,0,6,-6
204000036,4,15,-11
204000037,1,9,-8
204000038,0,13,-13
204000039,3,19,-16
204000040,4,15,-11
204000041,9,22,-13
204000042,15,3,12
204000043,29,11,18
204000044,31,12,19
204000045,26,3,23
204000046,4,1,3
204000057,2,7,-5
204000062,25,28,-3
204000068,22,156,-134
204000069,47,264,-217
204000070,87,39,48
204000080,48,64,-16
204000085,1570,1183,387
204000086,1933,1261,672
204000087,37,6,31
204000088,3,67,-64
204000090,33,147,-114
204000093,270,49,221
204000096,714,913,-199
204000097,266,17,249
204000099,726,1193,-467
204000100,1071,1582,-511
204000105,1709,962,747
204000110,314,596,-282
204000111,420,371,49
204000112,613,392,221
204000113,316,436,-120
204000114,462,422,40
204000115,401,202,199
204000116,530,362,168
204000119,1481,2189,-708
204000132,601,256,345
204000133,674,153,521
204000134,181,80,101
204000135,483,45,438
204000136,803,224,579
204000138,337,330,7
204000140,202,116,86
204000141,197,63,134
204000144,14,17,-3
204000145,338,24,314
204000146,20,246,-226
204000147,19,124,-105
204000148,243,16,227
204000154,2,1,1
204000155,4,3,1
204000177,74,39,35
204000179,14,6,8
204000180,1,27,-26
204000222,0,6,-6
204000235,6,6,0
204000236,37,174,-137
204000238,12,18,-6
204000240,202,42,160
204000263,554,745,-191
204000268,742,586,156
204000308,145,7,138
204000317,9,31,-22
204000322,1,22,-21
204000323,9,3,6
204000328,154,56,98
204000329,74,106,-32
204000330,159,28,131
204000331,43,93,-50
205000001,634,1263,-629
205000013,4,40,-36
205000014,10,50,-40
205000015,25,111,-86
205000016,16,89,-73
205000017,14,54,-40
205000022,260,698,-438
205000025,920,794,126
205000029,156,9,147
205000045,118,406,-288
205000046,106,446,-340
205000047,38,320,-282
205000048,240,700,-460
205000049,146,657,-511
205000050,471,244,227
205000059,0,174,-174
205000060,0,83,-83
205000061,1,36,-35
205000062,8,60,-52
205000063,14,94,-80
205000064,17,54,-37
205000065,54,376,-322
205000066,83,501,-418
205000067,19,542,-523
205000069,171,10,161
205000082,123,170,-47
205000110,77,197,-120
205000111,161,178,-17
205000112,117,120,-3
205000113,155,224,-69
205000121,177,48,129
205000123,24,144,-120
205000126,355,54,301
205000127,602,128,474
205000128,299,61,238
205000129,479,75,404
205000130,193,24,169
205000131,163,7,156
205000132,177,3,174
205000133,141,1,140
205000134,222,0,222
205000137,39,113,-74
205000138,84,244,-160
205000139,19,94,-75
205000144,68,67,1
205000145,201,148,53
205000151,128,28,100
205000152,179,15,164
205000153,186,20,166
205000154,72,36,36
205000155,85,9,76
205000207,7,94,-87
205000233,20,1,19
205000234,0,1,-1
205000243,0,1,-1
205000244,0,5,-5
205000245,9,75,-66
205000249,1,12,-11
205000250,4,0,4
205000264,8,54,-46
206000027,4,4,0
206000028,0,4,-4
206000043,7,49,-42
206000053,5,0,5
206000054,1,13,-12
206000055,0,8,-8
206000075,10,12,-2
206000076,13,15,-2
206000077,14,11,3
206000078,5,3,2
206000079,16,4,12
206000082,287,36,251
206000100,16,320,-304
206000103,8,7,1
206000104,6,10,-4
206000105,10,4,6
206000106,6,8,-2
206000125,40,0,40
206000157,43,295,-252
206000170,0,117,-117
206000171,4,107,-103
206000172,9,217,-208
206000173,0,89,-89
206000174,6,37,-31
206000175,1,49,-48
206000176,3,102,-99
206000177,2,67,-65
206000178,0,109,-109
206000179,2,49,-47
206000180,9,60,-51
206000181,7,61,-54
206000182,29,100,-71
206000183,14,288,-274
206000184,2,168,-166
206000185,8,61,-53
206000186,87,390,-303
206000223,4,135,-131
206000226,7,0,7
206000227,6,0,6
206000237,28,168,-140
206000238,24,281,-257
206000239,141,990,-849
206000240,1,37,-36
206000241,0,59,-59
206000242,5,100,-95
206000243,4,81,-77
206000244,30,237,-207
206000245,502,46,456
206000246,131,11,120
206000247,138,1,137
206000248,199,18,181
206000252,49,31,18
206000258,15,24,-9
206000315,16,11,5
206000317,320,79,241
206000318,363,44,319
206000319,886,68,818
206000320,101,22,79
206000321,116,5,111
206000322,278,10,268
206000323,124,6,118
206000324,122,11,111
206000325,109,11,98
206000326,85,7,78
206000327,103,4,99
206000328,101,2,99
206000329,168,3,165
206000330,45,0,45
206000331,113,5,108
206000332,25,3,22
206000333,334,0,334
206000334,189,1,188
206000335,0,8,-8
206000361,3,104,-101
206000392,0,9,-9
206000405,74,1,73
206000441,25,11,14
206000498,18,2,16
206000515,55,34,21
206000530,171,58,113
206000531,134,110,24
206000532,1152,219,933
206000535,112,998,-886
206000536,12,95,-83
206000537,7,87,-80
206000613,1057,145,912
206000784,373,26,347
207000001,124,543,-419
207000002,117,287,-170
207000003,130,139,-9
207000007,731,200,531
207000008,79,8,71
207000009,29,31,-2
207000010,291,276,15
207000012,244,147,97
207000015,214,770,-556
207000019,235,77,158
207000021,520,152,368
207000022,176,111,65
207000023,185,28,157
207000024,1,9,-8
207000025,15,45,-30
207000026,76,38,38
207000027,16,62,-46
207000028,76,147,-71
207000029,201,312,-111
207000033,172,405,-233
207000034,178,85,93
207000039,280,100,180
207000040,297,57,240
207000041,83,23,60
207000042,138,54,84
207000043,186,178,8
207000051,84,149,-65
207000052,15,71,-56
207000053,429,385,44
207000054,36,77,-41
207000055,176,88,88
207000056,298,249,49
207000057,127,214,-87
207000058,176,241,-65
207000059,110,317,-207
207000060,67,123,-56
207000061,182,422,-240
207000062,310,47,263
207000063,314,124,190
207000064,330,107,223
207000065,338,213,125
207000066,172,153,19
207000067,45,108,-63
207000068,118,75,43
207000069,573,289,284
207000082,3,117,-114
207000083,60,144,-84
207000084,200,195,5
207000085,165,12,153
207000086,145,4,141
207000106,48,20,28
207000107,47,16,31
207000108,62,9,53
207000109,55,13,42
207000110,25,63,-38
207000111,53,63,-10
207000112,104,558,-454
207000114,17,29,-12
207000115,23,58,-35
207000116,23,298,-275
207000117,5,55,-50
207000118,2,50,-48
207000119,42,57,-15
207000123,108,18,90
207000124,76,17,59
207000125,33,52,-19
207000126,82,63,19
207000134,77,81,-4
207000135,19,156,-137
207000148,47,253,-206
207000149,56,37,19
207000152,119,259,-140
207000153,735,1182,-447
207000154,330,142,188
207000159,84,84,0
207000160,120,269,-149
207000238,1,144,-143
207000242,3,125,-122
207000248,16,23,-7
207000249,118,22,96
207000250,430,60,370
207000251,90,58,32
207000252,57,40,17
207000278,70,56,14
207000279,30,97,-67
207000280,501,53,448
207000281,93,462,-369
207000282,101,113,-12
207000283,116,175,-59
207000284,79,144,-65
207000285,95,82,13
207000291,20,87,-67
207000304,115,56,59
207000306,78,285,-207
207000310,63,72,-9
207000353,271,6,265
207000356,17,23,-6
207000357,11,8,3
207000358,5,8,-3
207000415,8,119,-111
207000417,44,6,38
207000418,105,128,-23
207000438,0,2,-2
207000439,802,694,108
207000446,159,4,155
207000460,19,18,1
207000466,154,103,51
207000467,186,67,119
207000468,49,157,-108
207000476,20,39,-19
207000477,588,43,545
207000478,2,23,-21
207000523,0,23,-23
207000524,65,0,65
207000527,168,145,23
207000530,452,3,449
207000531,301,10,291
207000532,67,13,54
207000534,338,51,287
207000535,21,291,-270
207000537,11,61,-50
207000540,7,92,-85
207000541,0,207,-207
207000548,11,126,-115
207000549,261,13,248
207000561,141,163,-22
207000562,29,109,-80
207000567,165,196,-31
207000568,141,42,99
207000569,297,317,-20
207000584,257,166,91
207000585,56,286,-230
207000587,90,14,76
207000616,2,104,-102
207000617,135,0,135
207000624,41,31,10
207000631,7,55,-48
207900008,117,58,59
208000001,414,739,-325
208000002,492,336,156
208000003,1012,291,721
208000004,902,525,377
208000005,5,13,-8
208000019,433,717,-284
208000020,159,346,-187
208000021,176,227,-51
208000022,884,300,584
208000028,828,680,148
208000033,573,360,213
208000034,842,936,-94
208000037,206,10,196
208000040,116,109,7
208000041,727,361,366
208000042,1305,466,839
208000047,131,185,-54
208000064,1702,1233,469
208000066,1261,1798,-537
208000070,276,234,42
208000071,277,535,-258
208000072,275,793,-518
208000080,272,261,11
208000081,376,117,259
208000082,234,210,24
208000083,101,274,-173
208000084,28,22,6
208000085,687,499,188
208000086,355,753,-398
208000087,209,522,-313
208000089,1011,305,706
208000090,932,424,508
208000093,184,122,62
208000094,571,248,323
208000095,467,359,108
208000104,583,618,-35
208000105,502,745,-243
208000114,70,276,-206
208000115,376,227,149
208000116,387,842,-455
208000117,91,139,-48
208000118,121,122,-1
208000155,562,805,-243
208000158,999,2983,-1984
208000186,2706,3658,-952
208000204,535,806,-271
208000205,1012,649,363
208000282,4112,2764,1348
209000004,209,101,108
209000005,38,26,12
209000006,263,135,128
209000007,173,219,-46
209000010,322,69,253
209000011,117,168,-51
209000012,106,94,12
209000013,153,185,-32
209000014,426,529,-103
209000025,251,40,211
209000026,512,107,405
209000027,312,448,-136
209000028,191,292,-101
209000029,351,408,-57
209000030,319,701,-382
209000031,1420,1266,154
209000034,165,264,-99
209000035,126,153,-27
209000036,201,91,110
209000037,215,183,32
209000038,88,118,-30
209000039,54,131,-77
209000040,207,379,-172
209000041,113,344,-231
209000042,147,309,-162
209000043,470,701,-231
209000044,174,652,-478
209000045,1134,292,842
209000046,394,318,76
209000047,310,148,162
209000048,487,250,237
209000049,71,88,-17
209000050,170,90,80
209000051,207,190,17
209000052,139,152,-13
209000062,36,46,-10
209000063,32,49,-17
209000064,25,64,-39
209000065,68,33,35
209000066,47,42,5
209000067,81,22,59
209000080,13,137,-124
209000082,57,31,26
209000091,21,67,-46
209000093,46,21,25
209000094,140,138,2
209000110,47,103,-56
209000111,337,918,-581
209000112,627,409,218
209000113,1028,328,700
209000114,443,223,220
209000115,49,84,-35
209000116,385,260,125
209000118,12,40,-28
209000119,24,14,10
209000121,116,239,-123
209000135,67,158,-91
209000142,528,973,-445
209000143,64,38,26
209000144,60,93,-33
209000229,253,113,140
209000240,15,162,-147
209000259,69,72,-3
209000260,38,531,-493
209000261,4,308,-304
209000262,0,239,-239
209000263,0,103,-103
209000264,0,117,-117
209000265,369,2,367
209000266,63,1,62
209000267,764,4,760
209000268,504,28,476
210000037,36,23,13
210000047,52,10,42
210000048,78,15,63
210000049,44,11,33
210000052,41,36,5
210000053,30,35,-5
210000054,45,56,-11
210000070,78,4,74
210000071,69,1,68
210000072,18,0,18
210000073,1,17,-16
210000074,0,84,-84
210000075,4,93,-89
210000076,2,115,-113
210000077,16,33,-17
210000078,33,18,15
210000079,23,8,15
210000080,58,58,0
210000081,112,9,103
210000082,96,0,96
210000083,46,1,45
210000084,17,0,17
210000085,0,37,-37
210000086,0,39,-39
210000099,20,141,-121
210000100,44,119,-75
210000101,56,139,-83
210000105,17,171,-154
210000159,1,164,-163
210000163,94,174,-80
210000164,219,174,45
210000168,120,38,82
210000187,0,17,-17
210000188,0,17,-17
210000214,20,0,20
210000219,31,52,-21
210000220,64,44,20
210000232,4,19,-15
210000233,43,43,0
210000234,29,87,-58
210000235,50,45,5
210000245,1,53,-52
210000246,41,13,28
210000258,12,67,-55
210000259,205,42,163
210000282,72,166,-94
210000285,2,103,-101
210000286,13,108,-95
210000290,2,15,-13
210000295,47,112,-65
210000296,31,29,2
210000320,155,32,123
210000321,95,40,55
210000338,83,38,45
210000339,218,923,-705
210000340,97,283,-186
210000341,132,213,-81
210000342,155,142,13
210000343,144,148,-4
210000344,148,85,63
210000345,99,152,-53
210000346,75,75,0
210000347,98,26,72
210000348,104,6,98
210000349,48,13,35
210000350,100,47,53
210000351,113,75,38
210000352,57,51,6
210000353,36,60,-24
210000354,74,57,17
210000355,37,60,-23
210000356,73,38,35
210000357,34,35,-1
210000358,199,99,100
210000359,69,74,-5
210000360,150,93,57
210000361,169,92,77
210000362,232,142,90
210000363,537,179,358
210000364,79,109,-30
210000365,70,39,31
210000366,77,42,35
210000367,82,29,53
210000368,113,28,85
210000369,20,13,7
210000370,22,32,-10
210000372,34,26,8
210000373,26,11,15
210000374,36,24,12
210000375,32,62,-30
210000376,64,94,-30
210000404,52,81,-29
210000439,24,27,-3
210000472,70,3,67
210000482,38,73,-35
210000564,213,209,4
210000567,3,32,-29
210000568,234,4,230
211000092,31,36,-5
211000094,50,5,45
211000169,156,5,151
211000172,5,135,-130
211000209,5,9,-4
211000226,2,16,-14
211000270,28,12,16
211000275,15,15,0
211000276,84,15,69
211000279,8,16,-8
211000281,32,24,8
211000302,1,21,-20
211507980,2,35,-33
211977296,29,6,23
212000003,99,36,63
212000004,20,26,-6
212000005,19,20,-1
212000006,22,22,0
212000008,128,100,28
212000009,36,78,-42
212000012,62,57,5
212000013,20,52,-32
212000014,207,130,77
212000015,249,180,69
212000016,366,423,-57
212000027,430,330,100
212000028,263,329,-66
212000029,167,201,-34
212000030,41,35,6
212000031,52,48,4
212000048,33,99,-66
212000049,24,73,-49
212000050,16,8,8
212000051,154,100,54
212000052,166,157,9
212000053,344,335,9
212000054,203,77,126
212000055,192,161,31
212000056,19,24,-5
212000057,9,17,-8
212000058,187,23,164
212000070,87,123,-36
212000077,101,354,-253
212000099,194,241,-47
212000108,139,135,4
212000111,206,96,110
212000120,107,57,50
212000138,90,19,71
212000156,4,68,-64
212000158,11,21,-10
212000159,373,24,349
212000160,497,234,263
212000161,56,4,52
212000310,36,10,26
212000311,15,53,-38
212000374,32,9,23
213000001,31,212,-181
213000005,251,92,159
213000006,767,274,493
213000007,136,10,126
213000009,574,324,250
213000010,134,236,-102
213000011,166,86,80
213000012,118,259,-141
213000014,63,9,54
213000015,217,3,214
213000016,295,1,294
213000017,56,0,56
213000018,3,86,-83
213000019,0,105,-105
213000020,76,275,-199
213000021,1,74,-73
213000023,271,125,146
213000033,260,1077,-817
213000034,598,182,416
213000035,88,169,-81
213000045,197,187,10
213000046,186,115,71
213000047,494,878,-384
213000056,84,39,45
213000069,107,2,105
213000073,2,30,-28
213000074,41,232,-191
213000075,316,6,310
213000076,47,1,46
213000085,8,30,-22
213000086,12,114,-102
213000091,155,12,143
213000092,102,12,90
213000099,103,898,-795
213000100,922,190,732
213000101,234,75,159
213000102,327,184,143
213000103,615,518,97
213000104,51,233,-182
213000105,3,154,-151
213000106,22,65,-43
213000107,144,384,-240
213000108,38,307,-269
213000109,2,190,-188
213000110,15,57,-42
213000111,25,64,-39
213000112,143,113,30
213000115,55,11,44
213000116,38,286,-248
213000117,3,388,-385
213000118,309,209,100
213000119,39,447,-408
213000120,104,329,-225
213000122,103,340,-237
213000123,267,738,-471
213000124,64,740,-676
213000125,90,17,73
213000126,18,77,-59
213000127,85,84,1
213000128,307,763,-456
213000129,227,456,-229
213000130,436,280,156
213000132,256,69,187
213000133,374,61,313
213000134,637,14,623
213000136,394,21,373
213000137,528,79,449
213000139,275,19,256
213000147,69,19,50
213000148,20,8,12
213000149,46,7,39
213000150,2,112,-110
213000151,3,94,-91
213000152,4,72,-68
213000153,9,128,-119
213000154,26,157,-131
213000155,25,160,-135
213000156,101,393,-292
213000157,405,276,129
213000158,288,604,-316
213000159,480,397,83
213000163,585,56,529
213000165,650,198,452
213000171,1,79,-78
213000172,1,178,-177
213000173,4,169,-165
213000174,0,103,-103
213000175,6,40,-34
213000176,26,29,-3
213000177,58,0,58
213000178,150,3,147
213000179,160,0,160
213000180,132,1,131
213000184,66,277,-211
213000188,244,82,162
213000189,287,25,262
213000190,616,529,87
213000191,249,280,-31
213000192,149,207,-58
213000193,658,207,451
213000194,1,57,-56
213000195,10,264,-254
213000196,187,904,-717
213000197,346,376,-30
213000198,73,0,73
213000200,93,632,-539
213000201,64,39,25
213000202,10,368,-358
213000203,2234,471,1763
213000204,542,63,479
213000205,205,89,116
213000206,346,48,298
213000207,127,14,113
213000208,88,3,85
213000209,139,4,135
213000210,359,4,355
213000211,11,27,-16
213000212,6,25,-19
213000213,35,40,-5
213000218,180,398,-218
213000219,386,21,365
213000220,287,13,274
213000223,127,232,-105
213000224,60,63,-3
213000225,66,8,58
213000226,91,13,78
213000227,722,229,493
213000228,281,78,203
213000229,164,27,137
213000230,429,33,396
213000232,57,848,-791
213000233,11,105,-94
213000234,2,43,-41
213000293,16,61,-45
213000294,175,23,152
213000295,11,80,-69
213000296,43,32,11
213000297,5,51,-46
213000298,9,49,-40
213000299,72,26,46
213000300,17,7,10
213000303,6,25,-19
213000304,3,10,-7
213000305,1,10,-9
213000306,36,37,-1
213000307,127,57,70
213000308,105,118,-13
213000309,94,49,45
213000310,294,125,169
213000311,218,540,-322
213000315,67,69,-2
213000316,117,43,74
213000322,84,91,-7
213000323,89,65,24
213000324,51,19,32
213000325,34,47,-13
213000326,22,9,13
213000327,31,32,-1
213000328,19,100,-81
213000329,74,10,64
213000340,160,359,-199
213000341,379,72,307
213000346,152,182,-30
213000347,542,367,175
213000348,6,64,-58
213000349,32,11,21
213000350,232,705,-473
213000366,89,188,-99
213000367,223,37,186
213000379,119,42,77
213000386,7,193,-186
213000406,57,222,-165
213000417,811,370,441
213000425,118,26,92
213000426,118,51,67
213000427,24,144,-120
213000428,40,110,-70
213000429,18,3,15
213000430,70,357,-287
213000431,94,1,93
213000432,4,115,-111
213000433,12,73,-61
213000434,59,78,-19
213000435,128,47,81
213000436,23,57,-34
213000437,3,7,-4
213000438,151,34,117
213000439,30,6,24
213000440,6,192,-186
213000441,1,8,-7
213000442,0,35,-35
213000443,283,259,24
213000444,25,14,11
213000445,0,59,-59
213000446,0,187,-187
213000447,6,68,-62
213000448,7,120,-113
213000449,212,2,210
213000450,13,27,-14
213000451,141,49,92
213000452,11,12,-1
213000453,34,157,-123
213000455,369,1,368
213000456,0,242,-242
213000481,10,6,4
213000482,40,2,38
213000489,191,53,138
213000491,3,158,-155
213000492,179,3,176
213000493,0,84,-84
213000494,138,68,70
213000495,0,44,-44
213000496,272,98,174
213000497,33,182,-149
213000498,125,113,12
213000499,158,287,-129
213000500,374,49,325
213000501,70,18,52
213000502,126,57,69
213000503,4,41,-37
213000504,8,65,-57
213000505,10,9,1
213000506,0,14,-14
213000507,3,96,-93
213900244,53,0,53
213900245,0,21,-21
218000003,17,31,-14
218000004,27,17,10
218000005,21,33,-12
218000006,43,27,16
218000007,13,14,-1
218000012,108,96,12
218000013,85,101,-16
218000014,341,387,-46
218000019,625,604,21
218000020,197,373,-176
218000021,26,31,-5
218000022,7,9,-2
218000023,5,7,-2
218000024,2,4,-2
218000025,14,15,-1
218000026,3,14,-11
218000027,0,7,-7
218000028,0,1,-1
218000029,0,2,-2
218000030,13,13,0
218000031,1,18,-17
218000032,0,12,-12
218000040,6,0,6
218000046,43,82,-39
218000047,4,88,-84
218000048,32,57,-25
218000049,101,62,39
218000050,239,174,65
218000051,50,173,-123
218000052,1,53,-52
218000053,5,12,-7
218000054,8,43,-35
218000055,9,10,-1
218000056,19,19,0
218000057,8,22,-14
218000064,1,5,-4
218000065,93,47,46
218000066,13,43,-30
218000067,31,55,-24
218000068,80,48,32
218000069,136,86,50
218000070,179,153,26
218000071,165,167,-2
218000072,273,140,133
218000078,818,495,323
218000079,79,92,-13
218000080,115,48,67
218000081,253,160,93
218000082,43,71,-28
218000083,50,35,15
218000084,140,66,74
218000085,132,198,-66
218000086,70,87,-17
218000087,128,120,8
218000090,9,98,-89
218000091,779,337,442
218000092,90,134,-44
218000093,73,45,28
218000094,337,475,-138
218000099,247,603,-356
218000100,193,239,-46
218000101,235,107,128
218000102,371,118,253
218000103,60,77,-17
218000104,61,19,42
218000105,15,13,2
218000106,8,5,3
218000107,41,58,-17
218000108,10,25,-15
218000112,55,28,27
218000117,58,49,9
218000134,392,379,13
218000135,21,65,-44
218000136,219,90,129
218000137,226,144,82
218000138,27,65,-38
218000139,146,252,-106
218000140,398,208,190
218000141,71,46,25
218000142,186,119,67
218000143,105,171,-66
218000144,57,127,-70
218000145,304,287,17
218000146,65,134,-69
218000151,6,15,-9
218000152,43,38,5
218000153,4,4,0
218000154,6,1,5
218000155,8,1,7
218000156,29,13,16
218000157,12,11,1
218000158,5,11,-6
218000159,3,3,0
218000160,1,0,1
218000161,28,2,26
218000162,18,4,14
218000163,12,1,11
218000164,31,3,28
218000165,31,18,13
218000170,2,32,-30
218000171,38,11,27
218000172,17,12,5
218000173,33,8,25
218000174,14,6,8
218000176,97,27,70
218000177,155,161,-6
218000178,33,152,-119
218000179,37,43,-6
218000180,68,22,46
218000181,114,43,71
218000187,11,8,3
218000188,17,21,-4
218000189,18,39,-21
218000190,14,13,1
218000191,123,52,71
218000192,126,129,-3
218000193,279,227,52
218000194,53,188,-135
218000195,62,60,2
218000196,261,200,61
218000197,274,223,51
218000198,23,93,-70
218000199,39,33,6
218000200,50,23,27
218000201,16,5,11
218000202,54,179,-125
218000207,0,13,-13
218000208,31,14,17
218000211,44,18,26
218000212,0,6,-6
218000213,82,68,14
218000214,4,20,-16
218000215,22,49,-27
218000217,4,48,-44
218000218,122,33,89
218000219,7,16,-9
218000220,68,262,-194
218000221,370,124,246
218000222,7,19,-12
218000223,28,207,-179
218000224,13,105,-92
218000225,87,25,62
218000226,78,52,26
218000230,0,6,-6
218000232,27,41,-14
218000239,210,14,196
218000240,40,2,38
218000241,54,2,52
218000242,56,7,49
218000243,96,8,88
218000244,54,5,49
218000245,14,1,13
218000246,1,1,0
218000247,10,0,10
218000248,2,20,-18
218000249,1,6,-5
218000250,0,12,-12
218000251,2,23,-21
218000252,4,45,-41
218000253,2,36,-34
218000254,0,37,-37
218000255,0,10,-10
218000256,15,64,-49
218000267,323,658,-335
218000268,18,31,-13
218000269,4,9,-5
218000270,106,33,73
218000271,16,41,-25
218000273,22,3,19
218000274,14,1,13
218000275,17,32,-15
218000276,9,35,-26
218000278,26,35,-9
218000279,58,54,4
218000280,15,29,-14
218000281,13,15,-2
218000282,387,373,14
218000284,76,5,71
218000301,95,103,-8
218000302,85,39,46
218000303,54,35,19
218000316,575,644,-69
218000317,981,640,341
218000318,590,500,90
218000319,838,685,153
218000320,705,430,275
218000338,54,24,30
218000345,66,86,-20
218000346,24,131,-107
218000459,22,151,-129
218000490,20,41,-21
218000501,75,35,40
218000502,35,67,-32
218000503,97,13,84
218000504,165,31,134
218000505,60,132,-72
218000506,37,252,-215
218000508,0,5,-5
218000510,96,12,84
218000520,96,79,17
218000521,8,34,-26
218000522,0,104,-104
218000523,126,8,118
218000524,43,152,-109
218000525,156,11,145
218000526,38,148,-110
218000529,20,127,-107
218000530,6,1,5
218000531,15,14,1
218000532,13,20,-7
218000534,105,9,96
218000537,15,48,-33
218000538,103,138,-35
218000540,185,48,137
218000543,126,39,87
218000544,27,73,-46
218000545,42,56,-14
218000546,23,40,-17
218000547,61,107,-46
218000548,88,96,-8
218000549,356,355,1
218000550,167,189,-22
218000551,103,578,-475
218000552,326,48,278
218000553,60,83,-23
218000554,27,23,4
218000555,32,43,-11
218000556,141,146,-5
218000557,173,141,32
218000558,85,1,84
218000559,1,52,-51
218000560,0,47,-47
218000561,20,0,20
218000562,22,128,-106
218000563,203,17,186
218000564,5,120,-115
218000565,197,17,180
218000566,353,18,335
218000567,2,75,-73
218000568,28,7,21
218000569,9,102,-93
218000570,120,15,105
218000571,1,105,-104
218000572,132,0,132
218000573,27,203,-176
218000574,175,32,143
218000575,116,3,113
218000576,3,79,-76
218000577,80,1,79
218000578,0,66,-66
218000579,28,5,23
218000581,4,26,-22
218000582,38,1,37
218000583,2,0,2
218000584,1,22,-21
218000585,44,2,42
218000586,2,33,-31
218000587,3,2,1
218000588,4,5,-1
218000589,8,6,2
218000590,3,1,2
218000591,11,3,8
218000592,18,3,15
218000593,1,0,1
218000594,1,0,1
218000597,0,0,0
218000598,2,0,2
218000599,1,1,0
218000600,1,0,1
218000601,0,0,0
218000602,0,7,-7
218000603,0,7,-7
218000604,25,1,24
218000605,0,37,-37
218000606,74,0,74
218000607,7,26,-19
218000608,54,18,36
218000609,5,30,-25
218000610,51,8,43
218000611,19,3,16
218000612,0,15,-15
218000613,47,0,47
218000614,2,33,-31
218000615,126,0,126
218000616,6,77,-71
218000617,9,0,9
218000618,1,15,-14
218000619,6,28,-22
218000620,7,23,-16
218000621,0,2,-2
218000622,0,2,-2
218000623,148,3,145
218000624,1,6,-5
218000625,2,0,2
218000626,0,4,-4
218000628,148,26,122
218000631,38,17,21
218000632,25,64,-39
218000633,100,1,99
218000634,9,10,-1
218000635,18,9,9
218000636,581,768,-187
218000637,767,387,380
218000638,119,21,98
218000639,13,139,-126
218000640,169,34,135
218000641,59,166,-107
218000652,40,49,-9
218000653,81,33,48
218000663,10,151,-141
218000675,91,32,59
218000676,1,7,-6
218000677,15,2,13
218000680,159,261,-102
218000681,310,120,190
218000691,139,117,22
218000693,183,85,98
218000703,3,15,-12
218000718,236,729,-493
218000719,484,462,22
218000720,18,344,-326
218000721,248,28,220
218000725,5,2,3
218001147,2,80,-78
218001214,8,44,-36
218001258,74,10,64
218001329,111,97,14
218001330,93,52,41
218001351,12,16,-4
218001352,17,17,0
218001353,15,2,13
218001354,9,17,-8
218001355,13,194,-181
218001356,362,18,344
218001357,48,124,-76
218001358,251,26,225
218001361,298,9,289
218001362,1,115,-114
219000001,32,15,17
219000002,84,43,41
219000003,40,16,24
219000004,31,32,-1
219000017,101,30,71
219000020,127,49,78
219000022,117,4,113
219000023,81,1,80
219000029,1,56,-55
219000034,42,16,26
219000039,77,105,-28
219000040,32,49,-17
219000041,113,21,92
219000051,0,23,-23
219000052,0,13,-13
219000053,0,48,-48
219000054,13,61,-48
219000055,201,1,200
219000056,9,0,9
219000057,45,0,45
219000062,9,57,-48
219000063,49,11,38
219000064,2,47,-45
219000110,393,63,330
219000111,91,47,44
219000112,145,85,60
219000113,138,38,100
219000114,148,56,92
219000116,84,28,56
219000117,171,48,123
219000118,124,42,82
219000123,155,70,85
219000124,41,36,5
219000125,15,8,7
219000126,54,89,-35
219000127,0,1,-1
219000128,8,81,-73
219000129,19,106,-87
219000130,318,394,-76
219000131,421,758,-337
219000133,55,40,15
219000134,9,17,-8
219000135,21,44,-23
219000136,77,174,-97
219000138,53,8,45
219000139,29,34,-5
219000140,27,1,26
219000141,20,66,-46
219000142,13,51,-38
219000143,18,71,-53
219000145,24,37,-13
219000146,7,14,-7
219000147,15,20,-5
219000148,6,20,-14
219000149,5,35,-30
219000150,0,29,-29
219000151,1,18,-17
219000157,134,137,-3
219000158,171,174,-3
219000161,71,10,61
219000163,914,368,546
219000166,86,164,-78
219000167,119,105,14
219000168,231,97,134
219000174,379,121,258
219000175,59,2,57
219000176,71,5,66
219000177,41,2,39
219000178,41,0,41
219000179,17,3,14
219000180,29,33,-4
219000182,144,11,133
219000183,57,16,41
219000184,85,14,71
219000185,2,27,-25
219000186,54,28,26
219000187,10,57,-47
219000189,41,119,-78
219000190,62,169,-107
219000191,606,1174,-568
219000192,195,99,96
219000193,125,98,27
219000195,1,44,-43
219000196,9,101,-92
219000198,21,76,-55
219000199,51,199,-148
219000200,35,112,-77
219000201,53,150,-97
219000203,24,111,-87
219000204,95,163,-68
219000205,23,134,-111
219000207,123,178,-55
219000209,26,59,-33
219000210,23,60,-37
219000213,13,77,-64
219000239,147,215,-68
219000240,183,220,-37
219000241,141,118,23
219000242,35,102,-67
219000243,86,163,-77
219000244,13,61,-48
219000245,18,34,-16
219000246,31,18,13
219000247,145,36,109
219000248,442,310,132
219000249,133,81,52
219000250,130,50,80
219000251,367,153,214
219000252,174,124,50
219000253,326,96,230
219000255,124,90,34
219000256,177,63,114
219000257,106,1,105
219000262,74,70,4
219000263,50,97,-47
219000267,1,48,-47
219000268,2,6,-4
219000269,6,3,3
219000270,10,0,10
219000271,81,3,78
219000278,0,1,-1
219000279,0,1,-1
219000283,0,5,-5
219000295,33,67,-34
219000296,59,256,-197
219000297,14,74,-60
219000298,6,55,-49
219000299,349,43,306
219000300,20,128,-108
219000301,203,278,-75
219000302,33,154,-121
219000307,38,38,0
219000308,37,31,6
219000311,167,60,107
219000312,472,135,337
219000313,308,39,269
219000314,56,248,-192
219000315,250,26,224
219000316,384,49,335
219000317,92,9,83
219000320,1,42,-41
219000321,0,33,-33
219000323,0,30,-30
219000325,0,8,-8
219000326,43,46,-3
219000327,58,22,36
219000328,22,25,-3
219000329,245,91,154
219000330,27,13,14
219000331,34,50,-16
219000332,109,56,53
219000333,17,3,14
219000335,30,1,29
219000337,16,0,16
219000338,72,1,71
219000344,24,44,-20
219000345,28,62,-34
219000346,30,71,-41
219000348,126,40,86
219000349,32,82,-50
219000350,65,241,-176
219000351,6,5,1
219000352,286,82,204
219000353,112,52,60
219000354,139,71,68
219000355,97,56,41
219000356,866,1191,-325
219000363,183,61,122
219000364,38,51,-13
219000365,88,15,73
219000366,205,212,-7
219000368,283,479,-196
219000370,758,433,325
219000371,21,29,-8
219000382,14,18,-4
219000383,408,843,-435
219000385,301,370,-69
219000386,480,1159,-679
219000387,4,10,-6
219000390,3,0,3
219000391,2,0,2
219000397,30,49,-19
219000398,52,39,13
219000401,4,75,-71
219000402,14,66,-52
219000403,147,227,-80
219000404,18,106,-88
219000407,3,15,-12
219000409,47,38,9
219000410,45,43,2
219000411,48,16,32
219000446,82,226,-144
219000447,1,16,-15
219000448,14,7,7
219000452,103,73,30
219000453,57,132,-75
219000454,162,251,-89
219000556,191,65,126
219000558,91,133,-42
219000590,20,126,-106
219000591,68,71,-3
219000592,79,244,-165
219000595,4,10,-6
219000635,169,41,128
219000636,23,72,-49
219000657,9,19,-10
219000658,20,75,-55
219000673,0,20,-20
219000676,18,4,14
219000679,30,13,17
219000684,77,3,74
219000685,1,27,-26
219000686,0,0,0
219000688,0,23,-23
219000689,20,168,-148
219000690,140,18,122
219000691,34,134,-100
219000692,141,34,107
219000693,0,23,-23
219000694,5,0,5
219000695,12,7,5
219000698,7,0,7
219000699,0,23,-23
219000727,2,53,-51
219000728,42,1,41
219000770,36,0,36
219000771,2,23,-21
219000788,252,128,124
219001150,1,22,-21
219001151,1,2,-1
219001166,27,29,-2
219001167,4,48,-44
219001178,40,0,40
220000001,20,54,-34
220000002,8,67,-59
220000003,242,108,134
220000004,384,226,158
220000005,805,976,-171
220000006,127,471,-344
220000007,297,249,48
220000008,237,559,-322
220000009,176,232,-56
220000010,185,75,110
220000011,362,1708,-1346
220000012,108,143,-35
220000014,88,47,41
220000015,67,207,-140
220000017,61,149,-88
220000018,2087,889,1198
220000019,51,190,-139
220000020,280,156,124
220000021,512,118,394
220000022,664,291,373
220000023,254,94,160
220000024,884,291,593
220000025,480,856,-376
220000026,198,178,20
220000027,19,66,-47
220000028,34,40,-6
220000029,44,77,-33
220000030,81,60,21
220000031,282,198,84
220000064,18,596,-578
221000046,2,0,2
221000047,0,1,-1
221000048,0,3,-3
221000049,0,7,-7
221000050,15,0,15
221000055,19,55,-36
221000057,59,5,54
221000068,235,132,103
221000069,279,66,213
221000070,157,24,133
221000071,86,9,77
221000072,205,13,192
221000073,94,56,38
221000074,2,11,-9
221000075,23,17,6
221000076,5,24,-19
221000077,20,78,-58
221000081,9,4,5
221000082,64,4,60
221000083,45,5,40
221000084,7,2,5
221000085,10,57,-47
221000086,13,72,-59
221000087,7,98,-91
221000088,7,144,-137
221000089,31,212,-181
221000090,109,396,-287
221000098,89,18,71
221000099,123,8,115
221000100,80,11,69
221000101,238,22,216
221000102,116,12,104
221000109,4,62,-58
221000110,6,45,-39
221000111,10,199,-189
221000112,4,135,-131
221000113,12,93,-81
221000114,11,109,-98
221000120,29,16,13
221000121,10,28,-18
221000122,24,23,1
221000123,19,8,11
221000124,23,95,-72
221000155,62,7,55
221000156,69,27,42
221000175,18,24,-6
221000176,1,1,0
221000182,36,3,33
221000241,690,245,445
221000242,125,466,-341
221000243,459,154,305
221000244,213,522,-309
221000245,90,99,-9
221000246,60,269,-209
221000247,92,96,-4
221000248,182,159,23
221000267,21,317,-296
221000325,39,44,-5
221000331,6,31,-25
221000338,14,18,-4
221000378,155,20,135
221000381,37,30,7
222000282,14,3,11
222000296,1,11,-10
222000568,225,19,206
222000569,134,39,95
222000570,127,14,113
222000571,224,21,203
222000577,14,84,-70
222000578,25,115,-90
222000579,18,94,-76
222000580,66,470,-404
222000599,0,88,-88
222000600,0,147,-147
222000601,3,564,-561
222000603,17,29,-12
222000604,8,34,-26
222000605,12,28,-16
222000606,6,5,1
222000607,7,8,-1
222000608,19,25,-6
222000609,66,117,-51
222000616,253,30,223
222000617,6,28,-22
222000618,13,16,-3
222000620,23,17,6
222000621,46,21,25
222000623,427,6,421
222000624,309,3,306
222000625,415,7,408
222000636,34,1,33
222000686,32,4,28
222000687,24,27,-3
222001066,156,1,155
222001067,14,2,12
222001068,34,9,25
222001069,27,18,9
222001082,7,18,-11
222001083,7,16,-9
222001084,0,34,-34
222001085,0,42,-42
222001111,14,76,-62
222001112,84,15,69
222001313,40,7,33
222001314,1,93,-92
222001464,145,59,86
222001465,25,75,-50
222001484,76,44,32
222001485,24,37,-13
222001494,342,145,197
222001495,85,140,-55
222001496,224,90,134
222001497,87,244,-157
222001502,19,48,-29
222001503,64,26,38
222001504,18,176,-158
222001505,234,21,213
222001506,45,273,-228
222001507,215,16,199
222001510,260,19,241
222001511,50,214,-164
222001514,435,117,318
222001515,165,299,-134
222001518,194,50,144
222001519,39,123,-84
222001527,104,38,66
222001528,43,112,-69
222001529,222,45,177
222001530,67,101,-34
222001533,105,129,-24
222001534,177,37,140
222001535,137,225,-88
222001536,52,119,-67
222001537,191,37,154
222001538,57,255,-198
222001563,554,50,504
222001564,50,306,-256
222001568,339,131,208
222001576,0,4,-4
222001579,0,16,-16
222001583,11,88,-77
222001584,74,21,53
222001596,315,537,-222
222001597,737,174,563
222001626,0,85,-85
222001650,20,78,-58
222001651,68,115,-47
222001914,114,64,50
222001915,47,171,-124
222001968,397,236,161
222001969,394,415,-21
222001970,172,159,13
222001971,12,4,8
222001972,1,5,-4
225000001,357,168,189
225000002,296,160,136
225000003,374,65,309
225000004,219,119,100
225000005,41,41,0
225000006,0,115,-115
225000007,945,767,178
225000010,213,11,202
225000011,207,619,-412
225000012,165,329,-164
225000013,63,65,-2
225000014,494,73,421
225000015,96,115,-19
225000021,458,102,356
225000027,150,267,-117
225000032,507,75,432
225000042,52,436,-384
225000049,38,35,3
225000050,74,11,63
225000053,3,184,-181
225000058,497,122,375
225000067,121,96,25
225000068,67,198,-131
225000069,109,318,-209
225000070,55,236,-181
225000071,17,51,-34
225000075,4,393,-389
225000076,76,89,-13
225000078,36,49,-13
225000085,52,109,-57
225000086,182,56,126
225000087,154,11,143
225000088,9,160,-151
225000089,161,714,-553
225000090,24,277,-253
225000091,169,67,102
225000092,20,55,-35
225000093,147,233,-86
225000094,8,160,-152
225000095,212,242,-30
225000096,228,320,-92
225000098,504,236,268
225000099,275,106,169
225000100,196,118,78
225000104,81,246,-165
225000110,13,278,-265
225000111,200,654,-454
225000112,225,737,-512
225000113,119,389,-270
225000114,34,138,-104
225000115,854,416,438
225000116,781,158,623
225000117,531,155,376
225000118,693,141,552
225000119,180,50,130
225000120,439,24,415
225000121,144,13,131
225000123,416,9,407
225000125,310,138,172
225000126,516,115,401
225000127,496,585,-89
225000128,400,418,-18
225000132,205,14,191
225000133,141,12,129
225000134,431,114,317
225000135,35,8,27
225000136,206,9,197
225000137,174,42,132
225000138,292,60,232
225000143,27,157,-130
225000144,0,218,-218
225000145,11,20,-9
225000146,23,62,-39
225000147,25,134,-109
225000148,5,99,-94
225000149,32,303,-271
225000151,28,109,-81
225000155,267,266,1
225000156,104,457,-353
225000157,171,226,-55
225000158,45,151,-106
225000171,8,103,-95
225000180,23,1,22
225000181,0,71,-71
225000182,73,8,65
225000185,8,297,-289
225000187,29,217,-188
225000191,64,2,62
225000194,0,17,-17
225000208,1,30,-29
225000209,67,7,60
225000210,1,140,-139
225000217,1,7,-6
225000218,30,1,29
225000223,0,40,-40
225000224,93,1,92
225000225,0,72,-72
225000226,30,2,28
225000227,23,60,-37
225000228,9,4,5
225000229,0,56,-56
225000230,11,0,11
225000231,0,43,-43
225000232,102,0,102
225000241,43,4,39
225000242,0,23,-23
225000249,14,0,14
225000250,21,475,-454
225000251,220,26,194
226000042,198,285,-87
226000043,52,172,-120
226000044,71,290,-219
226000045,44,204,-160
226000046,253,48,205
226000047,305,57,248
226000048,256,75,181
226000049,173,133,40
226000070,0,23,-23
226000071,0,38,-38
226000072,0,13,-13
226000073,0,6,-6
226000074,0,4,-4
226000084,1,47,-46
226000085,2,6,-4
226000086,3,12,-9
226000087,0,13,-13
226000088,9,12,-3
226000090,71,67,4
226000091,10,19,-9
226000092,17,6,11
226000093,30,1,29
226000094,13,2,11
226000095,14,19,-5
226000105,5,1,4
226000106,6,1,5
226000107,10,0,10
226000108,21,1,20
226000109,88,0,88
226000124,67,64,3
226000134,426,258,168
226000135,912,369,543
226000136,289,255,34
226000137,3,207,-204
226000138,2,83,-81
226000139,0,12,-12
226000156,128,5,123
226000157,100,3,97
226000163,45,39,6
226000202,17,181,-164
226000231,310,9,301
226000232,33,6,27
227000033,294,64,230
227000036,287,24,263
227000037,240,15,225
227000038,332,29,303
227000049,0,20,-20
227000050,2,21,-19
227000055,54,1,53
227000056,16,2,14
227000084,3,54,-51
227000085,0,41,-41
227000088,37,3,34
227000089,111,0,111
227000090,31,0,31
227000091,34,1,33
227000092,14,0,14
227000093,103,0,103
227000094,16,0,16
227000130,33,69,-36
227000131,10,123,-113
227000132,6,110,-104
227000133,6,103,-97
227000134,9,214,-205
227000152,0,4,-4
227000153,0,55,-55
227000154,0,1,-1
227000155,4,19,-15
227000156,1,10,-9
227000165,5,33,-28
227000196,234,118,116
227000199,192,299,-107
227000230,15,242,-227
227000232,271,22,249
227000242,45,349,-304
227000243,379,92,287
227000245,14,269,-255
227000246,70,312,-242
227000247,383,88,295
227000248,132,27,105
227000249,31,126,-95
227000250,446,162,284
227000251,109,222,-113
227000252,41,185,-144
227000253,139,20,119
227000262,306,48,258
227000266,829,22,807
227000267,16,821,-805
227000282,2,77,-75
227000284,262,5,257
227000286,1,33,-32
227000287,10,29,-19
227000291,3,246,-243
227000484,215,12,203
227000485,25,537,-512
227000655,104,7,97
227000656,384,12,372
227000657,50,2,48
227000661,226,17,209
227000680,114,35,79
229000265,6,46,-40
229000296,0,6,-6
229000297,1,13,-12
229000298,3,100,-97
229000320,11,6,5
229000321,8,1,7
229000412,11,42,-31
229000414,4,46,-42
229000415,24,0,24
229000416,0,3,-3
229000417,7,7,0
229000419,85,202,-117
229000440,279,59,220
229000442,13,8,5
229000443,4,0,4
229000444,1,13,-12
229000445,72,3,69
229000446,54,7,47
229000491,1,5,-4
229000492,6,31,-25
229000493,4,30,-26
229000494,17,1,16
229000495,54,2,52
229000496,20,4,16
229000507,0,19,-19
229000508,2,7,-5
229000509,1,29,-28
229000510,1,10,-9
229000511,1,17,-16
229000512,0,10,-10
229000513,0,1,-1
229000514,0,1,-1
229000517,0,0,0
229000518,11,5,6
229000519,1,2,-1
229000520,8,17,-9
229000521,22,7,15
229000522,6,3,3
229000523,3,2,1
229000524,4,1,3
229000527,2,1,1
229000528,1,0,1
229000529,6,0,6
229000530,34,1,33
229000531,28,1,27
229000532,13,0,13
229000533,31,1,30
229000534,31,1,30
229000564,21,0,21
229000565,1,0,1
229000566,0,6,-6
229000567,1,7,-6
229000582,44,1,43
229000583,5,0,5
229000584,0,10,-10
229000585,0,34,-34
229000718,0,1,-1
229000719,0,2,-2
229000720,0,2,-2
229000721,0,4,-4
229000722,0,4,-4
229000723,0,2,-2
229000724,0,0,0
229000725,0,1,-1
229000738,0,0,0
229000739,1,0,1
229000740,0,0,0
229000741,5,0,5
229000742,2,0,2
229000743,0,0,0
229000744,1,0,1
229000745,2,0,2
229000746,8,2,6
229000847,36,0,36
229000848,17,1,16
229000849,67,1,66
229000851,25,0,25
229000854,0,6,-6
229000856,0,25,-25
229000857,0,6,-6
229000858,0,11,-11
229000919,9,55,-46
229000930,1,199,-198
229000937,56,5,51
229000966,37,17,20
229000981,16,21,-5
229000985,3,11,-8
229000986,1,6,-5
229000987,0,3,-3
229000988,1,3,-2
229000989,5,2,3
229000990,0,1,-1
229000991,0,1,-1
229000992,7,2,5
229000993,131,9,122
229000998,3,23,-20
229000999,41,7,34
229001034,0,8,-8
229001035,5,1,4
229001037,25,2,23
229001042,11,10,1
229001047,7,26,-19
229001050,19,43,-24
229001168,0,6,-6
229001200,22,1,21
229001338,14,21,-7
229001394,138,4,134
229001422,90,17,73
229001423,25,102,-77
229001431,33,61,-28
229001432,24,58,-34
229001444,115,31,84
229001445,20,93,-73
229001479,7,1,6
229001503,140,89,51
229001504,107,128,-21
229001505,72,24,48
229001506,57,83,-26
229001509,27,22,5
229001545,43,3,40
229001546,8,70,-62
229001553,64,11,53
229001554,18,56,-38
229001559,3,11,-8
229001560,4,27,-23
229001630,33,9,24
229001631,21,13,8
229001635,0,7,-7
229001636,4,1,3
229001658,2,67,-65
229001659,46,0,46
229001660,15,2,13
229001661,9,20,-11
229001662,25,0,25
229001663,0,3,-3
229002584,113,143,-30
229002831,119,80,39
229002841,9,15,-6
229002842,21,16,5
229002843,32,7,25
229002844,29,60,-31
229002845,16,42,-26
229002846,22,10,12
229002847,3,5,-2
229002848,17,9,8
229002849,0,64,-64
229002850,18,3,15
229002851,20,68,-48
229002852,143,18,125
229002853,121,10,111
229002854,31,24,7
229002855,8,14,-6
229002856,22,14,8
229002857,9,70,-61
229002858,13,11,2
229002859,21,34,-13
229002860,122,10,112
229002861,30,18,12
229002862,29,16,13
229002863,21,10,11
229002864,27,12,15
229002865,18,4,14
229002866,27,15,12
229002867,1,12,-11
229002868,6,5,1
229002869,14,63,-49
229002870,41,5,36
235000066,344,28,316
235000067,93,44,49
235000072,17,65,-48
235000073,55,295,-240
235000074,31,52,-21
235000080,10,74,-64
235000081,97,88,9
235000082,139,33,106
235000083,152,65,87
235000084,35,38,-3
235000085,92,62,30
235000089,24,14,10
235000092,26,103,-77
235000093,24,10,14
235000097,3,9,-6
235000098,89,7,82
235000099,36,11,25
235000116,72,10,62
235000117,387,5,382
235000133,11,335,-324
235000134,8,126,-118
235000206,3,3,0
235000207,5,2,3
235000208,4,2,2
235000209,11,2,9
235000210,14,3,11
235000212,4,18,-14
235000213,2,4,-2
235000220,3,4,-1
235000221,77,31,46
235000238,17,63,-46
235000239,3,24,-21
235000242,346,385,-39
235000245,453,125,328
235000246,11,52,-41
235000284,13,84,-71
235000295,118,13,105
235000305,248,25,223
235000306,162,16,146
235000307,8,1,7
235000308,9,1,8
235000309,47,1,46
235000310,19,1,18
235000311,84,10,74
235000322,0,29,-29
235000323,0,30,-30
235000324,1,22,-21
235000325,2,4,-2
235000326,3,92,-89
235000351,5,39,-34
235000352,12,21,-9
235000353,1,8,-7
235000354,11,19,-8
235000355,11,32,-21
235000356,72,4,68
235000357,18,6,12
235000358,121,3,118
235000359,19,0,19
235000360,28,2,26
235000361,41,3,38
235000381,75,107,-32
235000382,139,31,108
235000390,11,3,8
235000391,120,9,111
235000392,124,253,-129
235000393,81,124,-43
235000395,109,27,82
235000396,492,58,434
235000400,63,31,32
235000401,20,87,-67
235000405,67,218,-151
235000406,32,203,-171
235000407,74,90,-16
235000409,103,94,9
235000410,58,193,-135
235000411,0,74,-74
235000485,0,7,-7
235000486,4,0,4
235000549,61,91,-30
235000550,71,144,-73
235000599,161,50,111
235000600,9,19,-10
235000601,58,29,29
235000602,115,75,40
235000614,0,5,-5
235000648,0,8,-8
235000649,22,2,20
235000685,0,4,-4
235000815,25,37,-12
235000834,0,6,-6
235000855,32,90,-58
235000862,23,90,-67
235000891,0,6,-6
235000892,7,1,6
235000901,51,66,-15
235000907,4,12,-8
235001010,108,68,40
235001029,463,312,151
235001030,312,296,16
235001078,67,99,-32
235001079,63,66,-3
235001147,10,35,-25
235001166,8,68,-60
235001167,44,42,2
235001169,21,218,-197
235001188,3,3,0
235001189,4,0,4
235001197,12,12,0
235001200,35,37,-2
235001207,133,37,96
235001210,11,61,-50
235001215,41,96,-55
235001239,2,38,-36
235001244,1,3,-2
235016267,0,25,-25
277101746,0,2,-2
277102712,0,0,0
277103813,0,1,-1
277103814,0,0,0
277103898,0,1,-1
277104249,0,1,-1
277104250,0,7,-7
277104251,0,7,-7
277104252,0,1,-1
990011530,0,146,-146
990014944,1,313,-312
990015176,35,8,27
990015618,0,87,-87
990016032,0,200,-200
990032570,0,26,-26
990070001,43,4,39
990070103,0,4,-4
990070601,0,9,-9
990070751,553,0,553
990070766,1,265,-264
990071180,313,135,178
990071343,11,1,10
990071387,0,10,-10
990071823,491,16,475
990072600,4,762,-758
990072964,0,214,-214
990073285,0,5,-5
990074393,0,433,-433
990074870,1364,6,1358
990075106,1311,9,1302
990075746,487,8,479
990076437,879,1,878
990076458,2,336,-334
997000007,696,16,680
997000041,1,147,-146
997000058,39,0,39
997000062,25,0,25
997000069,0,3,-3
997000070,0,26,-26
997000100,12,0,12
997000141,1,596,-595
997000198,215,1074,-859
998000475,0,33,-33
998000736,1,106,-105
998000965,0,8,-8
998001031,0,67,-67
998001700,0,3,-3
998001899,0,0,0
998001900,5,1,4
998003073,597,3,594
998101900,0,0,0
998102850,3,175,-172
998501927,873,549,324
998501929,62,24,38
998501930,31,6,25
998501931,100,2,98
998501932,4,1,3
998501933,24,0,24
998501937,25,0,25
998501944,3,0,3
998501950,0,22,-22
998501970,27,4,23
998501971,0,75,-75
998501973,0,24,-24
998501974,0,240,-240
998501975,93,0,93
998501976,94,2,92
998501977,0,10,-10
998501978,18,0,18
998501979,0,9,-9
998501980,70,1,69
998501981,32,0,32
998501982,0,57,-57
998501983,0,4,-4
998502024,0,6,-6
998502032,0,5,-5
998502062,5,1,4
998502063,0,0,0
998502173,24,0,24
998502269,0,3,-3
998502546,0,86,-86
998502578,6,1,5
998502599,31,281,-250
998601159,0,54,-54
998601292,0,19,-19
999033574,2,253,-251
999800001,27,2,25
999800002,0,4,-4
999800003,1,0,1
999800004,0,3,-3
999800005,0,2,-2
