ID,insum,outsum,diff
100000001,676,959,-283
100000002,2115,2221,-106
100000003,4427,4271,156
100000004,1334,1181,153
100000005,2064,4559,-2495
100000006,576,136,440
100000007,1514,611,903
100000008,175,461,-286
100000009,394,200,194
100000010,91,86,5
100000011,717,126,591
100000012,69,580,-511
100000013,406,194,212
100000014,373,294,79
100000015,1418,1858,-440
100000016,724,1222,-498
100000017,483,821,-338
100000018,1148,518,630
100000019,3352,1839,1513
100000020,1497,5112,-3615
100000021,4118,2015,2103
100000022,1108,2269,-1161
100000023,3042,1573,1469
100000025,870,1296,-426
100000028,1071,1125,-54
100000029,218,445,-227
100000030,120,66,54
100000031,3276,4975,-1699
100000032,1743,3137,-1394
100000033,819,1986,-1167
100000034,301,572,-271
100000035,1159,1537,-378
100000036,1335,1269,66
100000037,649,385,264
100000038,2200,920,1280
100000039,467,254,213
100000040,161,138,23
100000041,1178,479,699
100000042,1022,468,554
100000043,838,444,394
100000044,347,678,-331
100000045,450,1013,-563
100000046,637,702,-65
100000047,269,367,-98
100000048,239,453,-214
100000049,1377,1346,31
100000051,459,798,-339
100000053,219,10,209
100000054,464,44,420
100000055,1030,199,831
100000056,512,394,118
100000057,1722,581,1141
100000058,820,1065,-245
100000059,12,133,-121
100000060,400,285,115
100000061,2420,477,1943
100000062,1882,482,1400
100000063,760,235,525
100000064,1086,268,818
100000065,334,697,-363
100000066,184,622,-438
100000067,430,621,-191
100000068,437,1348,-911
100000069,339,1099,-760
100000072,238,589,-351
100000073,869,848,21
100000075,573,246,327
100000076,1622,2277,-655
100000077,172,220,-48
100000078,41,36,5
100000079,38,38,0
100000080,17,56,-39
100000081,79,144,-65
100000102,2451,2419,32
100000103,2197,1472,725
100000104,3083,2358,725
100000105,2101,1458,643
100000106,1904,2147,-243
100000107,423,836,-413
100000108,584,954,-370
100000109,1772,1175,597
100000116,953,904,49
100000117,77,96,-19
100000118,1065,1125,-60
100000119,510,584,-74
100000121,256,404,-148
100000122,670,1055,-385
100000123,2270,3693,-1423
100000124,3140,6068,-2928
100000125,3152,1712,1440
100000126,580,444,136
100000127,1115,372,743
100000128,907,2287,-1380
100000129,381,403,-22
100000130,438,439,-1
100000131,1618,2346,-728
100000132,998,2996,-1998
100000133,3397,2158,1239
100000135,599,991,-392
100000139,295,316,-21
100000140,335,334,1
100000142,459,486,-27
100000143,1174,499,675
100000144,2597,670,1927
100000147,1136,2864,-1728
100000150,50,344,-294
100000151,891,1012,-121
100000153,276,411,-135
100000154,38,275,-237
100000155,16,42,-26
100000156,313,445,-132
100000157,127,125,2
100000158,296,92,204
100000159,187,598,-411
100000165,1148,751,397
100000169,197,655,-458
100000174,524,681,-157
100000179,85,506,-421
100000180,777,1546,-769
100000181,651,220,431
100000188,66,170,-104
100000189,776,348,428
100000190,710,862,-152
100000191,707,520,187
100000192,71,87,-16
100000193,294,188,106
100000330,1065,786,279
100000355,196,554,-358
100000362,3487,2149,1338
100000363,3820,4162,-342
100000364,156,231,-75
100000365,4690,5857,-1167
100000366,4005,2395,1610
100000367,4606,5559,-953
100000368,1844,1276,568
100000369,839,1799,-960
100000370,139,807,-668
100000376,44,185,-141
100000379,1539,1536,3
100000380,3047,4140,-1093
100000384,4832,5135,-303
100000385,3384,4154,-770
100000386,5859,5076,783
100000387,4288,5292,-1004
100000388,6239,6309,-70
100000389,7534,6520,1014
100000390,8983,6429,2554
100000391,5741,9619,-3878
100000392,2637,3170,-533
100000393,2221,4924,-2703
100000394,5802,7136,-1334
100000395,4177,3684,493
100000396,5865,3181,2684
100000397,4096,6419,-2323
100000398,8052,6074,1978
100000413,14,10,4
100900002,13,20,-7
100900003,354,171,183
100900004,21,670,-649
100900005,113,26,87
100900006,32,64,-32
100900007,300,8,292
100900008,4,337,-333
100900009,82,122,-40
100900010,50,48,2
100900011,127,177,-50
100900012,1,122,-121
100900013,708,5,703
100900014,4,18,-14
100900015,91,48,43
100900016,2,21,-19
100900017,651,58,593
100900018,0,5,-5
100900019,27,74,-47
100900020,279,6,273
100900021,366,3,363
100900022,25,41,-16
100900023,0,24,-24
100900024,417,3,414
100900025,21,17,4
100900026,149,80,69
100900027,492,2168,-1676
100900028,94,184,-90
100900029,45,3,42
100900030,3,131,-128
100900031,589,34,555
100900032,229,0,229
100900033,262,219,43
100900034,556,3,553
100900035,284,2,282
100900036,6,3,3
100900037,112,160,-48
100900038,65,46,19
100900039,181,355,-174
100900040,394,488,-94
100900041,658,464,194
100900042,868,1288,-420
100900043,0,13,-13
100900044,1317,553,764
100900045,5,0,5
100900046,927,13,914
100900047,681,189,492
100900048,163,48,115
100900049,112,143,-31
100900050,0,8,-8
100900051,46,83,-37
100900052,307,39,268
100900053,364,27,337
100900054,9,51,-42
100900055,184,642,-458
100900056,80,117,-37
100900057,1241,732,509
100900058,349,46,303
100900059,124,1,123
100900060,206,10,196
100900061,286,143,143
100900062,14,49,-35
100900063,205,532,-327
100900064,633,16,617
100900065,100,104,-4
100900066,138,118,20
100900067,4,14,-10
100900068,190,98,92
100900069,346,5,341
100900070,367,11,356
100900071,572,181,391
100900072,2,19,-17
100900073,133,269,-136
100900074,0,1,-1
100900075,1352,341,1011
100900076,5,21,-16
100900077,34,50,-16
100900078,73,337,-264
100900079,7,18,-11
100900080,49,142,-93
100900081,26,110,-84
100900082,129,331,-202
100900083,15,16,-1
100900085,14,362,-348
100900086,179,546,-367
100900088,128,341,-213
100900089,0,8,-8
100900090,118,518,-400
100900091,1,12,-11
100900092,190,144,46
100900093,296,255,41
100900094,149,315,-166
100900095,7,30,-23
100900096,26,115,-89
100900097,1,5,-4
100900098,13,31,-18
100900099,22,368,-346
100900100,3,389,-386
100900101,225,63,162
100900102,61,157,-96
100900103,9,19,-10
100900104,2,128,-126
100900105,17,355,-338
100900106,25,4,21
100900107,1580,711,869
100900108,3,59,-56
100900109,25,27,-2
100900110,1,16,-15
100900111,40,157,-117
100900112,3,12,-9
100900113,12,19,-7
100900114,5,5,0
100900115,3,24,-21
100900116,719,607,112
100900117,333,846,-513
100900118,142,104,38
100900119,18,24,-6
100900120,9,17,-8
100900121,348,530,-182
100900122,140,123,17
100900123,147,175,-28
100900124,8,15,-7
100900125,14,65,-51
100900126,194,174,20
100900127,4,1,3
100900128,80,160,-80
100900129,1,203,-202
100900131,65,195,-130
100900133,71,43,28
100900134,1,3,-2
100900135,0,188,-188
100900137,254,174,80
100900138,434,466,-32
100900139,1,6,-5
100900140,5,328,-323
100900141,3,466,-463
100900142,0,6,-6
100900143,691,410,281
100900144,23,7,16
100900145,84,181,-97
100900146,13,42,-29
100900147,12,734,-722
100900148,51,429,-378
100900149,21,287,-266
100900150,3,39,-36
100900151,118,328,-210
100900152,101,9,92
100900153,5,213,-208
100900154,3,79,-76
100900155,10,11,-1
100900156,29,2,27
100900157,31,151,-120
100900159,2,22,-20
100900160,42,4,38
100900161,49,5,44
100900162,17,284,-267
100900163,108,149,-41
100900164,36,38,-2
100900165,8,29,-21
100900166,21,8,13
100900167,10,54,-44
100900168,18,143,-125
100900169,109,761,-652
100900170,31,14,17
100900171,18,445,-427
100900172,0,35,-35
100900173,6,236,-230
100900174,168,25,143
100900176,943,179,764
100900177,540,220,320
100900178,178,77,101
100900179,278,271,7
100900180,5,6,-1
100900181,115,65,50
100900182,64,51,13
100900184,21,145,-124
100900186,556,307,249
100900187,22,61,-39
100900188,33,9,24
100900189,1238,234,1004
100900191,751,891,-140
100900192,210,356,-146
100900195,114,141,-27
100900197,12,46,-34
100900198,33,79,-46
100900199,5,13,-8
100900200,543,376,167
100900201,61,467,-406
100900202,47,1,46
100900203,0,120,-120
100900204,170,562,-392
100900205,148,504,-356
100900206,160,65,95
100900207,238,128,110
100900210,85,338,-253
100900211,409,173,236
100900213,126,59,67
100900214,600,147,453
100900215,38,45,-7
100900217,142,88,54
101000001,2851,2073,778
101000002,5078,4902,176
101000003,383,1004,-621
101000004,5778,4837,941
101000005,3023,3931,-908
101000006,4742,5171,-429
101000007,2510,3065,-555
101000008,2180,2062,118
101000009,2140,911,1229
101000010,902,731,171
101000011,1067,394,673
101000012,855,628,227
101000013,593,922,-329
101000014,397,518,-121
101000015,1070,819,251
101000016,328,429,-101
101000017,557,430,127
101000018,2046,2114,-68
101000020,1820,914,906
101000021,691,409,282
101000022,124,81,43
101000023,1113,560,553
101000025,228,372,-144
101000026,177,18,159
101000027,1692,2020,-328
101000028,741,228,513
101000029,166,1337,-1171
101000030,1399,115,1284
101000031,586,667,-81
101000032,5277,3725,1552
101000033,1781,3143,-1362
101000034,1533,1391,142
101000035,745,327,418
101000036,1433,940,493
101000037,1972,1845,127
101000039,1742,2550,-808
101000040,2459,3440,-981
101000041,5399,5522,-123
101000042,330,880,-550
101000043,4697,5708,-1011
101000045,1276,744,532
101000046,2472,1420,1052
101000047,1717,2936,-1219
101000048,613,561,52
101000049,571,1405,-834
101000050,1420,1760,-340
101000051,1363,2320,-957
101000052,1372,928,444
101000053,954,1382,-428
101000054,1471,911,560
101000055,1117,1187,-70
101000056,32,118,-86
101000057,1446,1309,137
101000058,1046,1033,13
101000059,1800,1950,-150
101000060,1523,672,851
101000061,652,1387,-735
101000062,556,687,-131
101000063,425,915,-490
101000064,861,958,-97
101000065,357,433,-76
101000066,782,859,-77
101000067,927,873,54
101000068,231,419,-188
101000069,224,79,145
101000070,719,812,-93
101000071,1819,814,1005
101000072,698,2546,-1848
101000073,661,990,-329
101000074,3714,3332,382
101000075,3118,4100,-982
101000077,1490,1158,332
101000078,864,1637,-773
101000079,656,415,241
101000080,558,493,65
101000081,1675,1562,113
101000082,2422,2349,73
101000083,2276,1880,396
101000084,1165,626,539
101000085,1365,950,415
101000086,905,1059,-154
101000087,746,836,-90
101000088,1201,1013,188
101000089,951,1362,-411
101000090,1827,1117,710
101000091,376,596,-220
101000092,1046,660,386
101000093,1329,603,726
101000094,858,922,-64
101000095,446,496,-50
101000096,338,463,-125
101000097,385,428,-43
101000098,351,505,-154
101000099,785,938,-153
101000100,802,844,-42
101000101,311,381,-70
101000102,652,495,157
101000103,691,414,277
101000104,324,568,-244
101000105,314,493,-179
101000106,466,988,-522
101000107,262,348,-86
101000108,741,246,495
101000109,360,75,285
101000110,79,296,-217
101000111,73,162,-89
101000113,164,563,-399
101000114,5750,5135,615
101000115,63,100,-37
101000116,129,90,39
101000117,1137,276,861
101000119,51,54,-3
101000120,144,43,101
101000121,62,53,9
101000122,102,88,14
101000123,48,98,-50
101000124,516,207,309
101000125,161,417,-256
101000128,310,387,-77
101000130,233,275,-42
101000131,794,387,407
101000132,622,650,-28
101000135,54,35,19
101000136,433,148,285
101000137,31,308,-277
101000141,1067,2446,-1379
101000147,795,356,439
101000148,623,25,598
101000149,91,152,-61
101000150,104,460,-356
101000151,252,61,191
101000152,251,275,-24
101000153,399,214,185
101000154,271,740,-469
101000155,297,151,146
101000156,17,325,-308
101000157,46,46,0
101000160,22,43,-21
101000163,177,337,-160
101000164,316,258,58
101000165,193,339,-146
101000166,208,279,-71
101000168,821,317,504
101000252,2095,858,1237
101000254,222,69,153
101000258,41,9,32
101000261,88,41,47
101000262,892,2509,-1617
101000263,294,932,-638
101000265,55,655,-600
101000266,320,245,75
101000269,29,18,11
101000290,945,1838,-893
101000293,21,37,-16
101000294,591,400,191
101000295,137,334,-197
101000301,574,452,122
101000304,1722,2396,-674
101000305,2461,1343,1118
101000328,108,426,-318
101900001,35,49,-14
101900002,0,6,-6
101900003,34,86,-52
101900004,2,63,-61
101900005,2431,2301,130
101900006,893,60,833
101900007,616,192,424
101900008,64,239,-175
101900009,52,353,-301
101900010,792,718,74
101900011,174,819,-645
101900012,315,128,187
101900013,560,160,400
101900017,14,107,-93
101900018,978,324,654
101900019,191,127,64
101900020,92,47,45
101900021,3,39,-36
101900022,141,828,-687
101900023,151,118,33
101900026,89,32,57
101900027,21,96,-75
102000001,2133,3688,-1555
102000002,2164,950,1214
102000003,2369,5802,-3433
102000004,4110,2458,1652
102000005,1108,1930,-822
102000006,946,1611,-665
102000007,1442,4124,-2682
102000008,3410,1361,2049
102000009,5308,6958,-1650
102000010,4296,2701,1595
102000011,3071,2492,579
102000012,2752,2522,230
102000018,2456,2272,184
102000019,1722,1435,287
102000026,197,439,-242
102000029,250,181,69
102000030,99,269,-170
102000031,84,150,-66
102000032,450,289,161
102000033,235,343,-108
102000034,438,401,37
102000035,982,670,312
102000036,17,190,-173
102000037,159,41,118
102000038,177,330,-153
102000039,163,90,73
102000040,389,228,161
102000041,154,368,-214
102000042,175,306,-131
102000043,207,203,4
102000044,259,404,-145
102000045,716,671,45
102000046,903,523,380
102000047,875,756,119
102000048,304,655,-351
102000049,832,713,119
102000050,926,963,-37
102000051,356,535,-179
102000052,1044,687,357
102000053,734,744,-10
102000054,584,883,-299
102000055,1070,544,526
102000056,845,810,35
102000057,1373,505,868
102000058,908,1097,-189
102000059,1252,1174,78
102000060,1243,924,319
102000061,1548,1513,35
102000062,1718,916,802
102000063,978,1282,-304
102000064,548,649,-101
102000065,64,149,-85
102000066,701,921,-220
102000067,1878,2589,-711
102000068,7422,2420,5002
102000069,63,1852,-1789
102000070,1054,43,1011
102000071,5641,7498,-1857
102000072,2309,3422,-1113
102000073,807,656,151
102000074,633,881,-248
102000075,118,275,-157
102000076,192,273,-81
102000077,531,569,-38
102000078,854,534,320
102000079,136,206,-70
102000080,268,155,113
102000081,246,642,-396
102000082,635,258,377
102000083,657,244,413
102000084,379,216,163
102000085,1856,840,1016
102000086,1186,910,276
102000087,816,1334,-518
102000088,361,269,92
102000089,1330,342,988
102000090,474,946,-472
102000091,1091,555,536
102000092,309,597,-288
102000093,440,563,-123
102000094,721,706,15
102000095,867,1041,-174
102000096,697,766,-69
102000097,649,644,5
102000098,506,744,-238
102000099,737,784,-47
102000100,478,1379,-901
102000101,722,733,-11
102000102,285,1249,-964
102000103,1165,422,743
102000104,471,270,201
102000105,228,396,-168
102000106,889,439,450
102000107,1249,410,839
102000108,629,154,475
102000109,437,438,-1
102000110,1036,805,231
102000111,5,202,-197
102000112,125,122,3
102000113,13,26,-13
102000114,594,262,332
102000115,226,286,-60
102000116,330,390,-60
102000117,141,492,-351
102000118,1010,1266,-256
102000119,1293,760,533
102000120,196,399,-203
102000121,899,499,400
102000122,763,841,-78
102000123,1053,1074,-21
102000124,1233,968,265
102000125,904,892,12
102000126,861,676,185
102000127,1101,611,490
102000128,712,845,-133
102000129,1121,672,449
102000130,666,681,-15
102000131,1648,767,881
102000132,689,1140,-451
102000133,1770,1397,373
102000134,621,593,28
102000135,598,759,-161
102000136,847,467,380
102000137,858,902,-44
102000138,243,437,-194
102000139,52,467,-415
102000140,201,449,-248
102000141,167,497,-330
102000142,333,341,-8
102000143,175,328,-153
102000144,313,308,5
102000145,353,350,3
102000146,344,244,100
102000147,432,402,30
102000148,169,415,-246
102000149,159,244,-85
102000150,351,111,240
102000151,76,195,-119
102000152,175,114,61
102000153,919,435,484
102000154,225,431,-206
102000155,64,249,-185
102000156,244,115,129
102000157,84,311,-227
102000158,402,409,-7
102000159,684,411,273
102000161,2540,1677,863
102000162,158,118,40
102000163,123,506,-383
102000164,647,939,-292
102000165,256,168,88
102000166,77,155,-78
102000167,259,232,27
102000168,320,171,149
102000169,116,457,-341
102000170,465,206,259
102000171,160,211,-51
102000172,109,348,-239
102000173,404,260,144
102000174,68,51,17
102000175,100,75,25
102000176,57,22,35
102000178,267,392,-125
102000179,361,248,113
102000180,800,268,532
102000181,761,434,327
102000182,627,445,182
102000183,1635,1183,452
102000184,1895,626,1269
102000185,2582,1038,1544
102000186,1200,1208,-8
102000187,829,987,-158
102000188,937,1050,-113
102000189,1722,649,1073
102000190,578,2354,-1776
102000191,1029,437,592
102000192,1181,1349,-168
102000193,68,101,-33
102000194,64,104,-40
102000195,377,359,18
102000196,264,259,5
102000197,631,268,363
102000198,176,540,-364
102000199,901,235,666
102000200,315,731,-416
102000201,975,368,607
102000202,3,71,-68
102000203,403,194,209
102000204,423,531,-108
102000205,992,386,606
102000206,725,449,276
102000207,649,360,289
102000208,351,337,14
102000209,67,58,9
102000210,321,345,-24
102000211,544,176,368
102000212,286,9,277
102000213,6,189,-183
102000214,262,1,261
102000215,11,252,-241
102000216,60,71,-11
102000217,14,87,-73
102000218,233,174,59
102000219,277,152,125
102000225,436,667,-231
102000226,1142,959,183
102000227,126,3,123
102000228,0,70,-70
102000229,35,49,-14
102000230,249,358,-109
102000231,304,298,6
102000232,25,137,-112
102000233,433,504,-71
102000234,145,982,-837
102000236,268,72,196
102000237,432,113,319
102000238,135,224,-89
102000240,383,661,-278
102000241,249,101,148
102000243,42,47,-5
102000245,8,94,-86
102000246,14,28,-14
102000247,438,587,-149
102000248,420,724,-304
102000249,143,88,55
102000250,53,298,-245
102000254,156,262,-106
102000266,34,281,-247
102000271,18,0,18
102000286,360,282,78
102000297,1568,793,775
102000301,0,0,0
102000303,0,0,0
102000307,0,7,-7
102900001,1096,607,489
102900002,383,43,340
102900003,83,182,-99
102900005,453,219,234
102900006,514,140,374
102900007,618,24,594
102900008,242,45,197
102900009,375,360,15
102900010,291,625,-334
102900011,1386,296,1090
102900012,368,46,322
102900013,42,47,-5
102900015,523,430,93
102900016,74,87,-13
102900017,191,369,-178
102900018,38,78,-40
102900019,377,375,2
102900020,163,36,127
102900021,30,61,-31
102900022,455,162,293
102900023,30,24,6
102900024,37,44,-7
102900025,124,80,44
102900026,367,1725,-1358
102900027,108,67,41
102900028,149,784,-635
102900029,126,178,-52
102900030,309,310,-1
102900031,165,133,32
102900032,88,94,-6
102900033,141,162,-21
102900034,441,72,369
102900035,133,236,-103
102900036,266,273,-7
102900037,279,295,-16
102900038,442,335,107
102900039,29,502,-473
102900040,152,236,-84
102900041,103,157,-54
102900042,233,277,-44
102900043,204,177,27
102900044,460,1399,-939
102900045,136,407,-271
102900046,146,151,-5
102900047,151,427,-276
102900048,565,383,182
102900049,122,242,-120
102900050,213,249,-36
102900051,222,179,43
102900052,47,72,-25
102900053,327,562,-235
102900054,487,1072,-585
102900055,139,179,-40
102900056,86,333,-247
102900057,6,55,-49
102900058,309,68,241
102900059,24,66,-42
102900060,107,386,-279
102900061,156,346,-190
102900062,255,624,-369
102900063,1247,387,860
102900064,134,427,-293
102900065,1044,431,613
102900066,333,29,304
102900068,91,56,35
102900070,212,475,-263
102900072,8,34,-26
102900073,103,18,85
102900075,11,68,-57
102900076,109,169,-60
102900077,74,31,43
102900078,38,56,-18
102900079,206,7,199
102900080,364,22,342
102900081,82,240,-158
102900082,13,173,-160
102900083,143,17,126
102900084,7,38,-31
102900085,313,94,219
102900086,13,56,-43
102900087,82,86,-4
102900088,40,28,12
102900089,221,91,130
102900090,0,227,-227
102900091,153,1,152
102900092,312,505,-193
102900093,257,243,14
102900094,2,116,-114
102900095,139,1,138
102900096,59,10,49
102900097,7,106,-99
102900098,17,6,11
103000001,2196,2098,98
103000002,1874,2069,-195
103000003,2900,2477,423
103000004,809,581,228
103000005,1464,2416,-952
103000006,795,1194,-399
103000007,373,544,-171
103000008,895,554,341
103000009,1207,867,340
103000010,124,93,31
103000011,1303,1077,226
103000012,1156,1249,-93
103000013,3008,1621,1387
103000014,1283,2374,-1091
103000015,1315,539,776
103000016,438,1134,-696
103000017,212,312,-100
103000018,573,270,303
103000019,319,259,60
103000020,2098,1088,1010
103000021,1809,1735,74
103000022,568,870,-302
103000023,624,1575,-951
103000024,89,108,-19
103000025,133,619,-486
103000026,609,97,512
103000027,297,583,-286
103000028,296,350,-54
103000029,213,245,-32
103000030,1387,937,450
103000031,900,1735,-835
103000032,1922,1431,491
103000033,2745,2512,233
103000034,1223,1088,135
103000035,380,1242,-862
103000036,385,492,-107
103000037,484,542,-58
103000038,467,889,-422
103000039,451,269,182
103000040,495,690,-195
103000041,1441,1608,-167
103000042,1207,365,842
103000043,567,660,-93
103000044,254,134,120
103000046,343,437,-94
103000047,531,495,36
103000048,178,171,7
103000049,119,117,2
103000050,644,433,211
103000051,459,513,-54
103000052,699,345,354
103000053,175,690,-515
103000054,2271,1196,1075
103000055,1746,1666,80
103000056,772,1163,-391
103000057,665,165,500
103000058,614,704,-90
103000059,473,621,-148
103000060,679,586,93
103000061,424,901,-477
103000062,935,440,495
103000063,847,727,120
103000064,135,138,-3
103000065,2,308,-306
103000066,193,11,182
103000069,422,296,126
103000070,985,572,413
103000071,1163,493,670
103000072,137,469,-332
103000073,590,81,509
103000074,628,80,548
103000075,82,438,-356
103000076,293,359,-66
103000077,31,253,-222
103000078,744,644,100
103000079,467,547,-80
103000080,824,322,502
103000081,341,919,-578
103000082,421,124,297
103000083,114,257,-143
103000084,112,10,102
103000085,3,102,-99
103000086,496,366,130
103000087,142,491,-349
103000088,222,238,-16
103000089,196,418,-222
103000090,2148,819,1329
103000091,586,419,167
103000092,249,206,43
103000093,246,340,-94
103000094,205,79,126
103000095,91,318,-227
103000096,566,59,507
103000097,68,512,-444
103000098,593,124,469
103000099,214,604,-390
103000100,103,504,-401
103000101,817,82,735
103000102,108,336,-228
103000103,649,123,526
103000104,61,82,-21
103000105,115,66,49
103000106,4,128,-124
103000107,170,36,134
103000108,754,556,198
103000109,394,365,29
103000110,455,456,-1
103000111,405,386,19
103000112,317,194,123
103000113,457,551,-94
103000114,1039,381,658
103000115,644,399,245
103000116,628,357,271
103000117,415,387,28
103000118,455,442,13
103000119,856,423,433
103000120,35,109,-74
103000121,234,425,-191
103000122,348,453,-105
103000125,20,172,-152
103000126,637,1,636
103000127,4,116,-112
103000128,171,3,168
103000129,1,90,-89
103000130,58,37,21
103000131,117,89,28
103000132,40,124,-84
103000133,23,123,-100
103000134,339,696,-357
103000135,535,285,250
103000136,616,408,208
103000137,427,522,-95
103000138,611,702,-91
103000139,7,61,-54
103000140,109,29,80
103000141,56,103,-47
103000142,127,91,36
103000143,51,167,-116
103000144,178,72,106
103000145,15,108,-93
103000150,60,40,20
103000152,157,198,-41
103000153,197,131,66
103000156,2,225,-223
103000157,404,0,404
103000159,149,59,90
103000162,64,25,39
103000163,27,24,3
103000164,16,4,12
103000165,70,188,-118
103000166,228,326,-98
103000167,213,127,86
103000168,117,115,2
103000169,190,329,-139
103000170,944,264,680
103000171,24,96,-72
103000172,547,205,342
103000173,675,373,302
103000174,218,236,-18
103000175,285,197,88
103000176,753,560,193
103000177,394,349,45
103000178,193,251,-58
103000179,370,34,336
103000183,125,12,113
103000185,107,34,73
103000186,137,120,17
103000187,629,248,381
103000188,15,65,-50
103000189,635,571,64
103000191,591,518,73
103000292,1088,1451,-363
103000293,782,2077,-1295
103000295,84,97,-13
103000296,197,5,192
103000297,19,79,-60
103000504,30,8,22
103000505,7,21,-14
103000506,2,155,-153
103000507,207,3,204
103000508,54,53,1
103000509,213,482,-269
103900001,0,114,-114
103900002,839,170,669
103900003,1161,142,1019
103900004,120,0,120
103900005,12,138,-126
103900006,2,1,1
103900007,68,2,66
103900008,3,0,3
103900009,262,408,-146
103900010,157,243,-86
103900011,314,161,153
103900012,15,24,-9
103900013,58,49,9
103900014,72,7,65
103900015,71,11,60
103900016,288,154,134
103900017,54,69,-15
103900018,503,170,333
103900019,55,379,-324
103900020,221,470,-249
103900021,359,170,189
103900022,1086,581,505
103900023,131,2,129
103900024,90,425,-335
103900025,16,32,-16
103900026,133,1,132
103900027,652,174,478
103900028,17,241,-224
103900029,1016,133,883
103900030,252,85,167
103900031,46,5,41
103900032,68,54,14
103900033,87,11,76
103900034,35,123,-88
103900035,59,32,27
103900036,42,42,0
103900037,93,61,32
103900038,107,218,-111
103900039,93,223,-130
103900040,10,140,-130
103900041,53,56,-3
103900042,91,230,-139
103900043,182,62,120
103900044,90,216,-126
103900045,280,124,156
103900047,103,13,90
103900048,26,21,5
103900049,182,994,-812
103900050,11,131,-120
103900051,1,39,-38
103900052,218,268,-50
103900053,288,370,-82
103900054,124,296,-172
103900055,403,206,197
103900056,70,46,24
103900057,37,120,-83
103900058,268,421,-153
103900059,0,19,-19
103900060,52,149,-97
103900061,132,38,94
103900062,325,56,269
103900063,21,0,21
103900064,143,5,138
103900065,686,357,329
103900066,154,49,105
103900067,140,6,134
103900068,5,0,5
103900069,64,19,45
103900070,122,184,-62
103900071,16,86,-70
103900072,14,115,-101
103900073,32,32,0
103900074,61,72,-11
103900075,298,59,239
103900076,498,451,47
103900077,46,86,-40
103900078,337,96,241
103900079,178,149,29
103900080,9,19,-10
103900081,56,21,35
103900082,13,137,-124
103900083,924,850,74
103900084,71,142,-71
103900085,79,110,-31
103900086,745,353,392
103900088,326,446,-120
103900089,64,125,-61
103900090,2,90,-88
103900091,996,209,787
103900092,600,408,192
103900093,67,247,-180
103900094,9,110,-101
103900095,267,205,62
103900096,30,121,-91
103900097,9,372,-363
103900098,167,96,71
103900099,74,86,-12
103900100,210,259,-49
103900101,83,913,-830
103900102,1,21,-20
103900104,1,28,-27
103900105,109,151,-42
103900106,0,90,-90
103900107,143,164,-21
103900108,57,195,-138
103900109,110,84,26
103900110,253,39,214
103900111,105,362,-257
103900112,57,129,-72
103900113,85,194,-109
103900114,357,245,112
103900115,212,161,51
103900116,3468,2467,1001
103900117,100,54,46
103900119,40,58,-18
103900120,56,81,-25
103900122,125,207,-82
103900123,1006,499,507
103900124,51,334,-283
103900125,96,68,28
103900126,551,313,238
103900127,176,286,-110
103900128,118,134,-16
103900131,55,108,-53
103900133,963,86,877
103900134,0,6,-6
103900135,2,3,-1
103900137,0,15,-15
103900138,104,124,-20
103900139,145,1811,-1666
103900140,4,120,-116
103900141,230,60,170
103900142,148,76,72
103900143,61,3,58
103900144,0,23,-23
103900145,163,262,-99
103900146,283,185,98
103900147,362,107,255
103900148,204,232,-28
103900149,318,422,-104
103900150,4623,3662,961
103900151,35,166,-131
103900152,492,324,168
103900153,8,7,1
103900154,577,1722,-1145
103900155,48,161,-113
103900156,48,90,-42
103900157,56,105,-49
103900158,126,133,-7
103900159,166,67,99
103900160,50,41,9
103900161,79,112,-33
103900162,69,128,-59
103900163,12,398,-386
103900167,12,83,-71
103900168,96,84,12
103900169,23,36,-13
103900170,1,67,-66
103900171,2,29,-27
103900172,3,20,-17
103900173,17,15,2
103900174,192,41,151
103900175,30,59,-29
103900176,8,33,-25
103900177,8,46,-38
103900178,42,37,5
103900179,56,87,-31
103900180,5,59,-54
103900181,35,42,-7
103900182,24,15,9
103900184,326,102,224
103900185,102,347,-245
103900187,17,55,-38
103900188,49,21,28
103900189,130,8,122
103900190,64,43,21
103900191,26,45,-19
103900192,56,67,-11
103900193,68,118,-50
103900194,72,192,-120
103900195,12,64,-52
103900196,50,44,6
103900197,24,25,-1
103900198,10,37,-27
103900199,143,39,104
103900200,161,108,53
103900201,106,174,-68
103900202,15,51,-36
103900203,42,19,23
103900204,1,53,-52
103900207,0,53,-53
103900208,103,0,103
103900209,6,85,-79
103900210,27,32,-5
103900211,491,239,252
103900212,107,209,-102
103900213,52,179,-127
103900214,221,211,10
103900215,248,330,-82
103900216,6,250,-244
103900217,390,55,335
103900218,0,236,-236
103900219,113,181,-68
103900233,43,3,40
103900235,31,22,9
103900236,33,2,31
103900242,2,9,-7
103900243,2,4,-2
103900244,122,188,-66
103900245,105,143,-38
103900246,54,35,19
103900247,39,84,-45
103900248,5,56,-51
103900249,14,64,-50
103900250,33,35,-2
103900251,2,28,-26
103900253,15,61,-46
103900254,2,22,-20
103900255,4,28,-24
103900256,15,26,-11
103900257,81,100,-19
103900258,15,8,7
103900259,69,9,60
103900261,6,3,3
103900262,19,8,11
103900263,58,52,6
103900264,40,40,0
103900265,25,6,19
103900266,1,83,-82
103900267,14,77,-63
103900268,19,57,-38
103900269,151,27,124
103900270,57,85,-28
103900271,21,49,-28
103900272,55,56,-1
103900273,30,45,-15
103900274,83,10,73
103900275,35,4,31
103900276,8,44,-36
103900277,10,46,-36
103900278,7,17,-10
103900279,2,22,-20
103900280,0,50,-50
104000001,2106,1751,355
104000002,1505,1795,-290
104000003,1989,1780,209
104000004,2245,2153,92
104000005,1479,1619,-140
104000006,2643,2255,388
104000007,3601,3288,313
104000008,182,220,-38
104000009,181,83,98
104000010,158,257,-99
104000011,342,161,181
104000012,124,174,-50
104000013,202,197,5
104000014,158,412,-254
104000015,314,138,176
104000016,481,249,232
104000018,786,176,610
104000019,630,149,481
104000020,126,373,-247
104000021,234,330,-96
104000022,111,209,-98
104000023,746,283,463
104000024,162,282,-120
104000026,44,272,-228
104000027,219,200,19
104000028,360,236,124
104000029,339,235,104
104000030,317,188,129
104000031,1204,312,892
104000032,236,189,47
104000033,646,417,229
104000034,299,212,87
104000035,845,324,521
104000036,773,384,389
104000037,268,186,82
104000038,446,283,163
104000039,241,159,82
104000040,171,244,-73
104000041,491,312,179
104000042,177,289,-112
104000043,234,284,-50
104000044,262,382,-120
104000045,800,695,105
104000046,796,984,-188
104000047,568,869,-301
104000048,907,938,-31
104000049,455,262,193
104000050,162,483,-321
104000051,77,408,-331
104000052,1534,1456,78
104000053,921,355,566
104000054,609,284,325
104000055,3178,1982,1196
104000056,944,223,721
104000057,185,318,-133
104000058,668,622,46
104000059,477,839,-362
104000060,878,1088,-210
104000061,1073,856,217
104000062,334,115,219
104000064,542,357,185
104000065,198,632,-434
104000069,766,1001,-235
104000070,45,465,-420
104000071,131,389,-258
104000072,539,180,359
104000075,53,230,-177
104000076,412,64,348
104000082,2061,3325,-1264
104000083,676,180,496
104000084,87,380,-293
104000085,265,265,0
104000086,176,350,-174
104000087,370,1670,-1300
104000090,726,956,-230
104000092,1144,1254,-110
104000094,887,1007,-120
104000095,1519,1159,360
104000096,1350,127,1223
104000097,1711,657,1054
104000098,2111,677,1434
104000100,1631,515,1116
104000101,1088,1206,-118
104000106,41,465,-424
104000107,500,328,172
104000108,191,328,-137
104000109,299,70,229
104000110,664,849,-185
104000111,2651,2020,631
104000112,1444,487,957
104000116,1,652,-651
104000117,140,411,-271
104000118,537,173,364
104000119,603,235,368
104000120,248,528,-280
104000121,163,499,-336
104000122,595,647,-52
104000123,522,705,-183
104000124,541,1376,-835
104000125,2395,3631,-1236
104000126,345,327,18
104000127,976,1498,-522
104000128,499,303,196
104000129,245,18,227
104000130,11,155,-144
104000131,351,368,-17
104000132,273,424,-151
104000133,1312,650,662
104000134,859,1433,-574
104000135,356,1694,-1338
104000136,727,3583,-2856
104000137,1556,421,1135
104000138,691,257,434
104000139,3847,2411,1436
104000141,766,920,-154
104000142,547,524,23
104000143,556,347,209
104000144,65,159,-94
104000145,416,207,209
104000146,188,389,-201
104000147,118,229,-111
104000148,355,165,190
104000149,129,217,-88
104000150,957,366,591
104000151,243,305,-62
104000152,593,372,221
104000153,683,524,159
104000154,712,366,346
104000155,392,520,-128
104000157,882,1031,-149
104000158,289,561,-272
104000159,747,486,261
104000160,1701,1689,12
104000161,127,157,-30
104000162,57,103,-46
104000165,772,813,-41
104000167,612,993,-381
104000168,519,8,511
104000169,145,35,110
104000170,418,568,-150
104000248,289,446,-157
104000251,62,165,-103
104000272,0,0,0
104000273,0,0,0
104000274,0,0,0
104000275,0,0,0
104000279,575,350,225
104000290,63,242,-179
104000291,386,937,-551
104000293,645,670,-25
104000294,56,17,39
104000295,569,621,-52
104000296,372,586,-214
104000297,792,1473,-681
104000298,1672,767,905
104000299,625,1047,-422
104900001,123,255,-132
104900002,83,173,-90
104900003,32,279,-247
104900004,76,216,-140
104900005,302,244,58
104900006,317,62,255
104900007,281,176,105
104900009,135,254,-119
104900010,75,51,24
104900011,19,12,7
104900012,213,30,183
104900013,156,17,139
104900014,1889,308,1581
104900015,95,15,80
104900016,226,153,73
104900017,142,131,11
104900018,10,191,-181
104900019,223,3074,-2851
104900020,48,204,-156
104900021,2,110,-108
104900022,11,99,-88
104900023,0,51,-51
104900024,20,63,-43
104900025,72,208,-136
104900026,0,45,-45
104900027,578,290,288
104900028,25,68,-43
104900029,50,42,8
104900030,508,210,298
104900031,83,156,-73
104900032,44,77,-33
104900033,213,207,6
104900034,409,155,254
104900035,344,192,152
104900036,213,81,132
104900037,129,170,-41
104900038,275,755,-480
104900039,436,416,20
104900040,423,84,339
104900041,344,121,223
104900042,141,232,-91
104900043,11,200,-189
104900044,665,148,517
104900045,420,68,352
104900046,225,118,107
104900047,320,100,220
104900048,317,53,264
104900049,21,24,-3
104900050,256,65,191
104900051,268,41,227
104900052,58,0,58
104900053,423,80,343
104900054,213,12,201
104900055,75,0,75
104900056,184,16,168
104900057,45,1,44
104900058,542,302,240
104900059,162,69,93
104900060,1,326,-325
104900061,183,371,-188
104900063,1,59,-58
104900064,1,66,-65
104900065,1,183,-182
104900066,0,94,-94
104900067,8,280,-272
104900068,15,199,-184
104900070,166,220,-54
104900071,1,336,-335
104900072,50,218,-168
104900073,51,129,-78
104900074,40,139,-99
104900075,68,38,30
104900076,114,220,-106
104900077,589,263,326
104900078,229,356,-127
104900079,82,466,-384
104900080,107,391,-284
104900082,8,303,-295
104900085,2,143,-141
104900087,277,2,275
104900089,187,0,187
104900090,847,724,123
104900091,924,474,450
104900093,212,421,-209
104900097,1661,1880,-219
104900098,112,32,80
104900099,104,495,-391
104900100,389,183,206
104900102,33,107,-74
104900103,360,57,303
104900104,2189,1899,290
104900106,56,104,-48
104900107,142,158,-16
104900108,20,127,-107
104900109,87,154,-67
104900110,7,38,-31
104900111,136,94,42
104900112,257,424,-167
104900113,699,306,393
104900114,367,287,80
104900115,694,234,460
104900116,215,120,95
104900118,9,39,-30
104900119,2,26,-24
104900120,28,233,-205
104900121,0,50,-50
104900122,2,40,-38
104900123,56,7,49
104900124,55,0,55
104900125,437,7,430
104900126,69,38,31
104900127,18,51,-33
104900128,86,144,-58
104900129,1197,1730,-533
105000001,2237,1255,982
105000002,2159,1424,735
105000003,2878,3358,-480
105000004,561,666,-105
105000005,973,985,-12
105000006,1291,1514,-223
105000007,1162,1388,-226
105000008,1340,2664,-1324
105000009,2175,2930,-755
105000010,2500,1517,983
105000011,2849,2819,30
105000012,2621,2180,441
105000013,886,1071,-185
105000014,1874,2347,-473
105000015,7447,12160,-4713
105000016,1839,1643,196
105000017,1418,671,747
105000018,915,1179,-264
105000019,1122,736,386
105000020,161,387,-226
105000021,225,84,141
105000022,232,93,139
105000023,477,346,131
105000028,60,83,-23
105000029,437,1197,-760
105000030,3220,1992,1228
105000033,973,1425,-452
105000034,172,921,-749
105000037,505,206,299
105000038,1678,1890,-212
105000039,1889,1435,454
105000040,952,1461,-509
105000041,924,946,-22
105000042,2694,1789,905
105000043,1433,1618,-185
105000044,615,480,135
105000045,273,546,-273
105000046,1148,317,831
105000047,491,1021,-530
105000048,578,185,393
105000049,207,376,-169
105000050,656,352,304
105000051,148,326,-178
105000052,573,649,-76
105000053,88,131,-43
105000054,456,765,-309
105000055,583,262,321
105000056,1416,1572,-156
105000057,1092,680,412
105000058,1069,923,146
105000059,639,560,79
105000060,452,488,-36
105000061,644,510,134
105000062,528,694,-166
105000063,257,420,-163
105000064,1421,619,802
105000065,312,409,-97
105000066,936,1110,-174
105000067,1330,664,666
105000068,322,712,-390
105000069,1456,1569,-113
105000070,488,928,-440
105000071,229,812,-583
105000072,1021,2010,-989
105000073,797,580,217
105000074,905,555,350
105000075,435,704,-269
105000076,943,882,61
105000077,1867,974,893
105000078,994,1188,-194
105000079,1076,2508,-1432
105000080,1536,1184,352
105000081,2363,1122,1241
105000082,885,1568,-683
105000083,3168,2819,349
105000084,533,542,-9
105000085,1502,1771,-269
105000086,587,654,-67
105000087,1205,1390,-185
105000088,1195,1371,-176
105000089,2297,1741,556
105000090,799,737,62
105000091,1000,1220,-220
105000092,646,688,-42
105000093,240,253,-13
105000094,282,241,41
105000095,111,435,-324
105000096,984,990,-6
105000097,702,676,26
105000098,878,680,198
105000099,728,693,35
105000100,1236,907,329
105000101,1799,1474,325
105000102,1323,1292,31
105000103,1161,1914,-753
105000104,1880,883,997
105000105,1083,1434,-351
105000106,1193,1204,-11
105000107,1328,739,589
105000108,1469,1074,395
105000109,1533,1183,350
105000110,828,434,394
105000111,845,544,301
105000112,1061,515,546
105000113,401,625,-224
105000114,1929,972,957
105000115,332,1090,-758
105000116,699,470,229
105000117,812,649,163
105000118,502,334,168
105000119,533,651,-118
105000120,989,470,519
105000121,650,690,-40
105000122,399,651,-252
105000123,1010,867,143
105000124,1854,687,1167
105000125,730,1448,-718
105000126,2051,1406,645
105000127,2084,1431,653
105000128,521,794,-273
105000129,778,292,486
105000130,255,2543,-2288
105000131,472,287,185
105000132,944,612,332
105000133,488,730,-242
105000134,696,531,165
105000135,421,419,2
105000136,113,262,-149
105000137,467,215,252
105000138,199,259,-60
105000139,906,664,242
105000140,425,417,8
105000141,325,432,-107
105000142,218,408,-190
105000143,181,563,-382
105000144,258,599,-341
105000145,669,342,327
105000146,433,683,-250
105000147,634,310,324
105000148,1059,577,482
105000149,2141,1903,238
105000150,1466,1117,349
105000151,432,358,74
105000152,146,397,-251
105000153,579,576,3
105000154,674,408,266
105000155,312,756,-444
105000156,685,563,122
105000157,697,1200,-503
105000158,1663,695,968
105000159,238,766,-528
105000160,1739,524,1215
105000161,613,740,-127
105000162,598,1600,-1002
105000163,912,611,301
105000164,188,206,-18
105000165,729,4505,-3776
105000166,3720,824,2896
105000167,1321,1444,-123
105000168,439,435,4
105000169,500,321,179
105000170,247,1113,-866
105000171,915,194,721
105000172,155,39,116
105000173,218,48,170
105000174,63,39,24
105000175,87,84,3
105000176,452,92,360
105000177,296,151,145
105000178,130,323,-193
105000179,543,111,432
105000180,161,118,43
105000181,153,210,-57
105000182,48,46,2
105000183,1548,1754,-206
105000184,894,931,-37
105000185,1015,1203,-188
105000186,454,663,-209
105000187,837,211,626
105000188,245,144,101
105000189,115,403,-288
105000190,275,320,-45
105000191,356,239,117
105000192,309,61,248
105000193,85,131,-46
105000194,314,71,243
105000195,328,579,-251
105000196,53,193,-140
105000197,267,465,-198
105000198,453,242,211
105000199,196,394,-198
105000200,124,253,-129
105000201,73,41,32
105000203,12,119,-107
105000204,60,50,10
105000205,92,163,-71
105000207,388,179,209
105000208,206,484,-278
105000209,188,273,-85
105000212,1080,877,203
105000213,167,172,-5
105000214,152,280,-128
105000215,358,161,197
105000216,149,335,-186
105000217,140,245,-105
105000218,1160,956,204
105000221,175,167,8
105000222,418,245,173
105000223,298,173,125
105000226,90,172,-82
105000227,69,113,-44
105000228,168,1561,-1393
105000229,144,481,-337
105000231,378,279,99
105000233,729,646,83
105000234,488,943,-455
105000235,332,465,-133
105000237,693,79,614
105000243,22,37,-15
105000248,45,66,-21
105000262,324,887,-563
105000269,144,165,-21
105000270,469,41,428
105000271,0,186,-186
105000282,54,33,21
105000287,378,81,297
105000288,553,337,216
105000289,1942,1695,247
105000290,16,9,7
105000402,2361,3253,-892
105000426,344,532,-188
105000438,2740,1247,1493
105000446,7370,4511,2859
105000447,4314,1919,2395
105000454,522,516,6
105000455,270,124,146
105000474,69,0,69
105000477,518,492,26
105000478,1497,3862,-2365
105000479,102,83,19
105000480,6772,5899,873
105000481,3839,3166,673
105000482,3761,5580,-1819
105000483,1448,1692,-244
105000484,2020,2381,-361
105000485,1367,2792,-1425
105000486,2685,1954,731
105000488,6708,3553,3155
105000489,865,732,133
105000549,80,136,-56
105000550,363,1305,-942
105000551,48,100,-52
105000552,2084,1209,875
105000555,826,844,-18
105900001,13,1860,-1847
105900002,758,546,212
105900003,10,86,-76
105900004,176,110,66
105900005,18,202,-184
105900006,15,130,-115
105900007,55,33,22
105900008,83,414,-331
105900009,22,16,6
105900011,194,54,140
105900012,468,135,333
105900013,4,25,-21
105900014,11,63,-52
105900015,113,343,-230
105900016,439,421,18
105900017,1413,37,1376
105900018,216,167,49
105900019,54,424,-370
105900020,51,58,-7
105900021,44,284,-240
105900022,353,171,182
105900023,11,72,-61
105900024,30,143,-113
105900025,151,25,126
105900026,180,19,161
105900027,8842,4408,4434
105900028,390,353,37
105900029,1403,258,1145
105900030,147,192,-45
105900031,333,189,144
105900032,84,109,-25
105900033,84,110,-26
105900034,293,191,102
105900035,247,184,63
105900036,107,173,-66
105900037,92,35,57
105900038,165,226,-61
105900039,112,99,13
105900040,53,68,-15
105900041,170,157,13
105900042,81,139,-58
105900043,1073,55,1018
105900044,4,217,-213
105900045,5,760,-755
105900046,6,259,-253
105900047,7,36,-29
105900048,104,375,-271
105900050,2912,4621,-1709
105900051,49,1031,-982
105900052,508,105,403
105900053,1988,2430,-442
105900054,273,161,112
105900056,603,357,246
105900057,41,111,-70
105900058,16,18,-2
105900059,0,40,-40
106000001,3459,2312,1147
106000002,1721,4372,-2651
106000003,2616,3354,-738
106000004,1455,2241,-786
106000005,3051,4534,-1483
106000006,4689,2652,2037
106000007,454,491,-37
106000008,462,274,188
106000009,570,355,215
106000010,585,479,106
106000011,1030,849,181
106000012,776,901,-125
106000013,1636,1759,-123
106000014,1493,1075,418
106000015,1657,1153,504
106000016,1066,1389,-323
106000017,486,562,-76
106000018,426,350,76
106000019,296,336,-40
106000020,306,286,20
106000021,279,302,-23
106000022,299,202,97
106000023,657,227,430
106000024,470,338,132
106000025,135,163,-28
106000026,80,146,-66
106000027,1323,1096,227
106000028,519,346,173
106000029,626,736,-110
106000030,383,509,-126
106000034,189,531,-342
106000035,779,1584,-805
106000036,195,399,-204
106000037,1380,958,422
106000038,282,129,153
106000039,108,73,35
106000040,105,739,-634
106000041,578,537,41
106000043,458,232,226
106000046,382,60,322
106000047,41,366,-325
106000049,902,175,727
106000050,235,461,-226
106000051,684,427,257
106000052,82,378,-296
106000053,319,129,190
106000054,308,293,15
106000055,1050,836,214
106000056,248,255,-7
106000057,370,289,81
106000058,115,90,25
106000059,309,268,41
106000060,285,348,-63
106000061,237,485,-248
106000062,134,449,-315
106000063,699,560,139
106000064,28,290,-262
106000065,325,319,6
106000066,86,285,-199
106000067,399,102,297
106000068,78,421,-343
106000069,258,59,199
106000070,434,545,-111
106000071,1055,296,759
106000072,2148,1248,900
106000073,1284,2592,-1308
106000074,534,545,-11
106000075,300,1006,-706
106000076,1516,1651,-135
106000077,2638,1029,1609
106000078,1024,745,279
106000079,595,687,-92
106000080,1155,517,638
106000081,670,867,-197
106000082,2023,628,1395
106000083,405,1101,-696
106000084,1061,532,529
106000085,1183,1229,-46
106000086,569,683,-114
106000087,805,438,367
106000088,395,670,-275
106000089,890,292,598
106000090,263,474,-211
106000091,282,417,-135
106000092,681,244,437
106000093,288,99,189
106000094,74,161,-87
106000095,754,548,206
106000096,937,436,501
106000097,1163,639,524
106000098,669,633,36
106000099,207,554,-347
106000100,1014,158,856
106000101,715,206,509
106000102,157,449,-292
106000103,269,382,-113
106000104,738,329,409
106000105,433,511,-78
106000106,576,319,257
106000107,143,223,-80
106000108,302,189,113
106000109,199,209,-10
106000110,215,210,5
106000111,157,309,-152
106000112,231,438,-207
106000113,523,404,119
106000114,378,479,-101
106000115,203,341,-138
106000116,312,167,145
106000117,923,514,409
106000118,1129,1165,-36
106000119,1007,787,220
106000120,765,1007,-242
106000121,182,145,37
106000122,130,124,6
106000123,469,114,355
106000124,54,139,-85
106000125,16,149,-133
106000126,280,114,166
106000127,842,663,179
106000128,726,167,559
106000129,435,344,91
106000130,749,266,483
106000131,122,501,-379
106000132,469,152,317
106000133,1294,926,368
106000134,480,1334,-854
106000135,172,409,-237
106000136,664,784,-120
106000137,53,541,-488
106000138,874,66,808
106000139,56,101,-45
106000140,39,34,5
106000141,89,33,56
106000142,86,58,28
106000143,32,29,3
106000144,23,53,-30
106000145,193,151,42
106000146,403,109,294
106000147,300,334,-34
106000148,416,593,-177
106000149,554,278,276
106000150,467,1503,-1036
106000151,2920,701,2219
106000152,926,1480,-554
106000153,94,1583,-1489
106000154,1026,152,874
106000155,114,249,-135
106000156,839,182,657
106000157,577,1190,-613
106000158,1763,825,938
106000159,2301,1585,716
106000160,405,2348,-1943
106000161,1273,283,990
106000162,304,734,-430
106000163,411,259,152
106000164,392,242,150
106000165,211,354,-143
106000166,702,233,469
106000167,335,662,-327
106000168,567,223,344
106000169,236,397,-161
106000170,682,180,502
106000171,170,1016,-846
106000172,2356,1143,1213
106000173,898,2187,-1289
106000174,1083,404,679
106000175,247,643,-396
106000176,1460,599,861
106000177,681,1778,-1097
106000178,2785,1452,1333
106000179,953,1560,-607
106000180,675,914,-239
106000181,842,1443,-601
106000182,1226,595,631
106000183,1138,486,652
106000184,1154,544,610
106000185,893,1210,-317
106000186,829,128,701
106000187,200,918,-718
106000188,2,2,0
106000189,19,45,-26
106000190,20,1,19
106000191,619,143,476
106000192,6,27,-21
106000193,454,191,263
106000194,170,333,-163
106000195,674,166,508
106000196,195,473,-278
106000197,580,248,332
106000198,167,182,-15
106000199,620,583,37
106000200,180,192,-12
106000201,391,2258,-1867
106000202,2918,466,2452
106000203,57,180,-123
106000204,57,3,54
106000205,49,151,-102
106000206,72,18,54
106000207,48,484,-436
106000208,1367,164,1203
106000209,1297,312,985
106000210,362,664,-302
106000211,286,771,-485
106000212,751,387,364
106000213,484,1718,-1234
106000214,1696,649,1047
106000215,293,432,-139
106000216,317,287,30
106000217,253,303,-50
106000218,356,341,15
106000219,139,220,-81
106000220,349,181,168
106000221,258,143,115
106000222,71,72,-1
106000223,251,98,153
106000224,220,138,82
106000225,97,126,-29
106000226,102,176,-74
106000228,44,73,-29
106000229,86,498,-412
106000231,842,112,730
106000232,117,278,-161
106000233,517,127,390
106000234,191,226,-35
106000235,252,113,139
106000236,95,55,40
106000237,0,16,-16
106000238,9,13,-4
106000239,8,84,-76
106000240,74,1,73
106000241,4,494,-490
106000242,246,29,217
106000249,91,51,40
106000250,65,467,-402
106000251,108,24,84
106000252,17,62,-45
106000253,48,56,-8
106000254,53,29,24
106000255,18,149,-131
106000256,74,36,38
106000257,151,193,-42
106000258,172,31,141
106000259,8,35,-27
106000260,30,1,29
106000261,2,41,-39
106000262,79,7,72
106000263,4,41,-37
106000264,275,9,266
106000265,8,77,-69
106000266,115,16,99
106000267,6,66,-60
106000268,352,48,304
106000269,32,29,3
106000270,120,411,-291
106000271,82,154,-72
106000272,189,43,146
106000273,17,202,-185
106000274,121,33,88
106000275,107,281,-174
106000276,161,36,125
106000277,96,261,-165
106000278,138,32,106
106000279,8,25,-17
106000280,60,50,10
106000281,86,55,31
106000282,95,56,39
106000283,91,46,45
106000284,61,90,-29
106000285,136,79,57
106000286,137,108,29
106000287,131,53,78
106000288,70,121,-51
106000289,129,46,83
106000290,66,66,0
106000291,125,87,38
106000292,100,55,45
106000293,135,88,47
106000294,110,66,44
106000295,64,41,23
106000296,38,87,-49
106000297,47,218,-171
106000298,100,51,49
106000299,58,98,-40
106000300,62,99,-37
106000301,61,126,-65
106000303,34,81,-47
106000304,35,24,11
106000305,40,48,-8
106000306,48,25,23
106000307,63,35,28
106000308,35,82,-47
106000309,29,53,-24
106000310,329,378,-49
106000311,306,134,172
106000312,118,116,2
106000313,196,190,6
106000318,77,370,-293
106000319,977,257,720
106000320,4,88,-84
106000321,184,92,92
106000322,190,93,97
106000324,17,141,-124
106000325,1484,751,733
106000326,880,1331,-451
106000327,187,71,116
106000328,50,105,-55
106000329,56,213,-157
106000330,52,45,7
106000428,81,147,-66
106000429,131,374,-243
106000430,336,894,-558
106000431,2461,332,2129
106000432,1261,1966,-705
106000433,2065,1204,861
106000434,2731,1483,1248
106000435,1189,1915,-726
106000436,16,141,-125
106000437,235,85,150
106000438,220,154,66
106000439,53,596,-543
106000440,228,313,-85
106000441,2,3,-1
106000442,132,9,123
106000443,153,196,-43
106000450,3,72,-69
106000451,25,52,-27
106000454,8,92,-84
106000455,7,113,-106
106000456,56,25,31
106000457,22,650,-628
106000458,866,92,774
106000459,135,218,-83
106000460,1529,29,1500
106000461,133,843,-710
106000462,0,33,-33
106000463,8,10,-2
106000464,4,277,-273
106000465,688,2,686
106000466,1,325,-324
106000467,273,363,-90
106000468,87,112,-25
106000469,128,1,127
106000470,273,1393,-1120
106000471,22,397,-375
106000472,134,13,121
106000473,27,10,17
106000474,244,289,-45
106000475,240,133,107
106000476,130,229,-99
106000477,28,78,-50
106000480,1,257,-256
106900001,0,8,-8
106900002,0,273,-273
106900003,167,720,-553
106900004,0,17,-17
106900006,0,7,-7
106900007,0,6,-6
106900008,348,158,190
106900009,303,209,94
106900010,184,175,9
106900012,1148,1700,-552
106900013,457,121,336
106900014,16,6,10
106900015,11,0,11
106900016,285,10,275
106900017,5,0,5
106900018,0,0,0
106900019,40,8,32
106900020,1598,1348,250
106900021,86,137,-51
106900022,746,8,738
106900023,55,200,-145
106900024,455,49,406
106900025,48,407,-359
106900026,0,386,-386
106900027,681,7,674
107000001,3189,3742,-553
107000002,2195,3503,-1308
107000003,5166,6171,-1005
107000004,3745,3453,292
107000005,4554,4851,-297
107000006,2897,2661,236
107000007,4978,8249,-3271
107000008,7550,5427,2123
107000009,6687,7031,-344
107000010,7465,6489,976
107000011,926,1072,-146
107000012,3389,2289,1100
107000013,105,59,46
107000014,51,128,-77
107000015,485,526,-41
107000016,779,574,205
107000017,2160,1448,712
107000018,13,949,-936
107000020,1062,1435,-373
107000021,1133,375,758
107000022,665,1276,-611
107000023,1740,214,1526
107000024,563,1027,-464
107000025,182,314,-132
107000026,253,382,-129
107000027,1255,835,420
107000028,1150,985,165
107000029,3172,2664,508
107000030,2288,2061,227
107000031,4002,2444,1558
107000032,388,714,-326
107000033,2515,3307,-792
107000034,2546,1289,1257
107000035,308,268,40
107000036,307,1172,-865
107000037,63,700,-637
107000038,207,216,-9
107000039,825,820,5
107000040,129,278,-149
107000041,1470,732,738
107000042,714,1744,-1030
107000043,2194,1004,1190
107000044,521,279,242
107000045,63,241,-178
107000046,693,422,271
107000047,472,715,-243
107000048,637,247,390
107000049,674,733,-59
107000050,1146,547,599
107000051,236,331,-95
107000052,1076,1047,29
107000053,302,217,85
107000054,55,274,-219
107000055,380,136,244
107000056,433,647,-214
107000057,1267,204,1063
107000058,1941,2071,-130
107000059,1761,2461,-700
107000060,4212,4478,-266
107000061,4330,2731,1599
107000062,4609,2725,1884
107000063,3513,3395,118
107000064,4431,2403,2028
107000065,2880,3232,-352
107000066,2061,2814,-753
107000067,1019,1167,-148
107000068,1288,757,531
107000069,857,583,274
107000070,1122,4,1118
107000071,3268,35,3233
107000072,52,1971,-1919
107000073,844,372,472
107000074,102,673,-571
107000075,1746,528,1218
107000076,564,1057,-493
107000077,3555,1399,2156
107000078,2249,2380,-131
107000079,2694,1025,1669
107000080,997,2187,-1190
107000081,1931,520,1411
107000082,509,1259,-750
107000083,1293,457,836
107000084,251,1280,-1029
107000085,2714,2708,6
107000086,3027,2445,582
107000087,2693,1835,858
107000088,2679,2820,-141
107000089,1414,1536,-122
107000090,1068,911,157
107000091,1415,736,679
107000092,888,705,183
107000093,1195,774,421
107000094,804,869,-65
107000095,777,619,158
107000096,484,568,-84
107000097,704,296,408
107000098,528,440,88
107000099,400,213,187
107000100,274,210,64
107000101,65,154,-89
107000102,216,278,-62
107000103,300,157,143
107000104,177,205,-28
107000105,425,169,256
107000106,149,217,-68
107000107,585,171,414
107000108,129,392,-263
107000109,513,136,377
107000110,56,344,-288
107000111,341,59,282
107000112,33,207,-174
107000113,688,108,580
107000114,115,373,-258
107000115,618,145,473
107000116,94,540,-446
107000117,126,587,-461
107000118,115,126,-11
107000119,1258,1339,-81
107000120,841,472,369
107000121,901,608,293
107000122,1122,667,455
107000123,450,478,-28
107000124,602,600,2
107000125,991,524,467
107000126,950,559,391
107000129,242,530,-288
107000130,581,202,379
107000131,366,382,-16
107000132,545,294,251
107000133,344,76,268
107000134,340,9,331
107000135,2,204,-202
107000136,568,8,560
107000137,19,377,-358
107000138,269,18,251
107000139,15,448,-433
107000140,1329,111,1218
107000141,100,632,-532
107000142,464,89,375
107000143,41,553,-512
107000144,467,479,-12
107000145,115,403,-288
107000146,219,287,-68
107000147,2311,713,1598
107000150,618,2701,-2083
107000151,12,102,-90
107000152,384,1388,-1004
107000153,138,297,-159
107000154,181,208,-27
107000155,903,19,884
107000156,1181,26,1155
107000157,40,1051,-1011
107000158,761,33,728
107000159,30,582,-552
107000160,1140,138,1002
107000161,77,863,-786
107000162,236,485,-249
107000163,167,3,164
107000164,787,3,784
107000165,1192,21,1171
107000166,50,868,-818
107000167,587,206,381
107000168,907,439,468
107000169,532,601,-69
107000170,2320,650,1670
107000171,607,1263,-656
107000172,1109,1312,-203
107000173,613,678,-65
107000174,968,4738,-3770
107000175,4657,1232,3425
107000176,1,1,0
107000177,5,0,5
107000178,14,52,-38
107000179,348,1488,-1140
107000180,1497,248,1249
107000181,419,788,-369
107000182,1705,737,968
107000183,187,537,-350
107000184,1051,545,506
107000185,422,973,-551
107000186,1186,350,836
107000187,1182,1080,102
107000188,630,536,94
107000189,471,865,-394
107000190,549,636,-87
107000191,676,829,-153
107000192,1628,666,962
107000193,393,466,-73
107000194,702,536,166
107000197,978,269,709
107000198,352,519,-167
107000199,615,515,100
107000200,614,510,104
107000201,418,301,117
107000202,326,425,-99
107000203,640,991,-351
107000204,754,1431,-677
107000205,1358,937,421
107000206,799,1430,-631
107000207,573,1001,-428
107000208,816,574,242
107000209,1454,1265,189
107000210,478,236,242
107000211,4,55,-51
107000212,36,217,-181
107000213,7,19,-12
107000214,12,126,-114
107000215,424,243,181
107000216,437,234,203
107000217,188,98,90
107000219,88,164,-76
107000220,162,179,-17
107000222,225,541,-316
107000224,430,59,371
107000225,284,322,-38
107000226,440,82,358
107000227,126,181,-55
107000228,85,239,-154
107000229,107,112,-5
107000230,935,400,535
107000231,1042,1619,-577
107000232,116,41,75
107000233,841,767,74
107000234,2,66,-64
107000235,70,8,62
107000236,10,405,-395
107000237,23,0,23
107000238,37,0,37
107000239,2151,501,1650
107000240,101,687,-586
107000243,0,23,-23
107000244,2,54,-52
107000246,1,740,-739
107000249,2,902,-900
107000251,1,229,-228
107000252,0,790,-790
107000255,322,114,208
107000257,0,286,-286
107000258,2,135,-133
107000259,2,118,-116
107000260,923,3,920
107000262,16,261,-245
107000263,292,5,287
107000266,9,9,0
107000267,61,79,-18
107000268,92,110,-18
107000269,579,51,528
107000270,5,29,-24
107000271,9,419,-410
107000272,12,115,-103
107000273,1,173,-172
107000274,945,231,714
107000275,54,1062,-1008
107000280,947,35,912
107000281,29,574,-545
107000282,32,551,-519
107000290,14,31,-17
107000291,9,3,6
107000292,1,70,-69
107000293,22,4,18
107000294,0,41,-41
107000295,41,2,39
107000296,0,28,-28
107000444,190,2,188
107000496,2,8,-6
107000497,1088,1487,-399
107000500,331,283,48
107000501,134,159,-25
107000502,212,266,-54
107000505,292,642,-350
107000506,0,103,-103
107000508,2,432,-430
107000509,227,631,-404
107000510,17,32,-15
107000514,68,283,-215
107000515,6,108,-102
107000516,382,245,137
107000518,1122,1371,-249
107000519,1334,715,619
107000520,70,27,43
107000521,622,309,313
107000522,810,434,376
107900001,61,114,-53
107900002,65,11,54
107900003,165,7,158
107900004,48,1,47
107900005,1245,1,1244
107900006,193,3,190
107900007,277,40,237
107900008,175,19,156
107900009,121,19,102
107900010,59,2,57
107900012,278,60,218
107900013,252,26,226
107900014,19,5,14
107900015,944,18,926
107900016,353,63,290
107900017,22,1,21
107900018,72,192,-120
107900019,18,33,-15
107900020,76,19,57
107900021,94,78,16
107900023,0,3,-3
107900024,0,13,-13
107900025,209,204,5
107900026,81,41,40
107900027,21,40,-19
107900028,101,47,54
107900030,170,27,143
107900031,86,83,3
107900032,35,3,32
107900033,23,9,14
107900034,309,20,289
107900035,823,56,767
107900036,64,16,48
107900037,0,15,-15
107900038,102,211,-109
107900039,35,42,-7
107900040,17,203,-186
107900041,2,1,1
107900043,51,73,-22
107900044,8,14,-6
107900045,79,37,42
107900046,172,133,39
107900047,56,30,26
107900048,192,29,163
107900049,246,952,-706
107900050,85,193,-108
107900051,104,55,49
107900052,46,38,8
107900053,48,61,-13
107900055,509,237,272
107900056,129,54,75
107900057,2,0,2
107900058,30,401,-371
107900060,21,23,-2
107900061,25,12,13
107900063,74,119,-45
107900064,246,173,73
107900065,186,13,173
107900066,24,6,18
107900067,0,0,0
107900068,96,597,-501
107900069,28,1842,-1814
107900070,143,65,78
107900071,21,472,-451
107900072,131,94,37
107900073,142,51,91
107900074,530,287,243
107900076,152,48,104
107900077,81,3,78
107900078,191,93,98
107900079,7,16,-9
107900080,159,617,-458
107900081,47,71,-24
107900082,10,6,4
107900083,284,127,157
107900084,83,162,-79
107900086,60,139,-79
107900087,470,160,310
107900088,41,5,36
107900089,201,742,-541
107900090,591,2095,-1504
107900091,145,234,-89
107900092,1468,315,1153
107900093,53,58,-5
107900095,2226,1669,557
107900097,18,52,-34
107900098,57,222,-165
107900100,710,1232,-522
107900101,697,136,561
107900102,34,12,22
107900103,44,133,-89
107900104,181,7,174
107900105,9,278,-269
107900106,5,669,-664
107900107,989,428,561
107900108,188,100,88
107900109,1393,13,1380
107900110,54,55,-1
107900111,4,564,-560
107900112,85,372,-287
107900113,202,43,159
107900114,213,123,90
107900115,2,30,-28
107900116,185,115,70
107900117,249,247,2
107900118,59,112,-53
107900119,88,219,-131
107900120,29,32,-3
107900121,2,118,-116
107900122,1,105,-104
107900123,4,67,-63
107900124,11,35,-24
107900125,20,150,-130
107900126,15,62,-47
107900127,456,291,165
107900128,76,86,-10
107900129,65,39,26
107900130,89,12,77
107900131,420,217,203
107900132,95,271,-176
107900133,0,70,-70
107900134,33,60,-27
107900135,7,93,-86
107900136,35,28,7
107900137,73,83,-10
107900138,78,40,38
107900139,33,32,1
107900141,42,32,10
107900142,35,528,-493
107900143,65,32,33
107900144,4,112,-108
107900145,10,53,-43
107900146,55,112,-57
107900147,45,60,-15
107900148,146,84,62
107900149,734,192,542
107900150,68,421,-353
107900151,26,61,-35
107900152,12,123,-111
107900153,119,272,-153
107900154,40,32,8
107900155,75,32,43
107900156,6,219,-213
107900157,26,31,-5
107900158,936,16,920
107900159,21,567,-546
107900160,115,123,-8
107900161,29,111,-82
107900162,0,51,-51
107900163,19,44,-25
107900164,11,58,-47
107900165,23,110,-87
107900166,15,133,-118
107900167,39,30,9
107900168,36,23,13
107900169,1,160,-159
107900171,4,855,-851
107900172,2,210,-208
107900173,21,80,-59
107900174,144,2,142
107900175,22,52,-30
107900176,37,34,3
107900177,2,132,-130
107900178,0,110,-110
107900179,22,91,-69
107900180,421,676,-255
107900181,241,205,36
107900182,4,664,-660
107900183,63,178,-115
107900184,73,180,-107
107900185,142,5,137
107900186,25,34,-9
107900187,0,100,-100
107900188,393,86,307
107900189,12,76,-64
107900190,41,129,-88
107900191,62,76,-14
107900193,3,39,-36
107900194,180,14,166
107900195,1600,291,1309
107900196,68,73,-5
107900197,435,380,55
107900199,0,597,-597
107900201,82,65,17
107900203,21,49,-28
107900204,199,123,76
107900205,181,285,-104
107900206,488,396,92
107900207,4,347,-343
107900208,6,467,-461
107900209,234,112,122
107900210,69,96,-27
107900213,427,357,70
107900214,23,93,-70
107900215,101,292,-191
107900216,101,38,63
107900217,24,74,-50
107900218,13,1196,-1183
107900219,35,63,-28
107900220,191,207,-16
107900221,130,138,-8
107900223,101,323,-222
107900224,114,336,-222
107900225,8,461,-453
107900226,90,50,40
107900227,122,307,-185
107900228,22,75,-53
107900229,2,131,-129
107900230,25,42,-17
107900231,11,118,-107
107900232,101,106,-5
107900233,16,106,-90
107900234,95,82,13
107900235,21,82,-61
107900236,113,36,77
107900237,49,275,-226
107900238,62,64,-2
107900239,590,467,123
107900240,34,103,-69
107900241,11,49,-38
107900242,29,160,-131
107900243,1,39,-38
107900244,328,2,326
107900245,696,44,652
107900246,239,10,229
107900248,547,263,284
107900249,710,21,689
107900250,4,334,-330
107900251,61,925,-864
107900252,832,35,797
107900253,193,5,188
107900254,45,183,-138
107900255,179,88,91
107900256,736,1133,-397
107900257,189,98,91
107900258,103,133,-30
107900259,64,1918,-1854
107900261,0,190,-190
107900262,66,92,-26
107900264,216,5,211
107900265,103,95,8
107900267,237,17,220
107900268,11,6,5
107900269,0,4,-4
107900270,0,0,0
107900271,2,26,-24
107900272,54,31,23
107900273,44,72,-28
107900274,119,0,119
107900275,16,1,15
107900276,0,66,-66
107900277,1,113,-112
107900278,309,345,-36
107900279,60,167,-107
107900280,1702,1349,353
107900281,946,2757,-1811
107900282,46,429,-383
107900283,673,600,73
107900284,540,471,69
107900285,103,45,58
107900286,89,82,7
107900287,207,162,45
107900290,1,147,-146
107900291,429,29,400
107900292,180,128,52
107900293,55,298,-243
107900295,49,40,9
107900297,5,193,-188
107900298,578,538,40
107900299,1759,1967,-208
107900300,76,310,-234
107900301,469,625,-156
107900302,111,38,73
107900303,367,243,124
107900304,386,257,129
107900305,309,5,304
107900306,6,28,-22
107900307,26,186,-160
107900308,190,119,71
107900309,71,1,70
107900310,412,3,409
107900311,5,239,-234
107900312,59,0,59
107900313,0,97,-97
107900314,0,37,-37
107900315,2,37,-35
107900316,56,0,56
107900317,69,13,56
107900318,5,114,-109
107900319,8,114,-106
107900320,2,74,-72
107900321,103,6,97
107900322,0,83,-83
107900323,1,96,-95
107900324,146,2,144
107900325,105,0,105
107900326,309,153,156
107900327,0,49,-49
107900328,85,2,83
107900329,90,60,30
107900330,4,207,-203
107900331,241,16,225
107900332,264,24,240
107900333,54,16,38
107900334,11,109,-98
107900335,94,30,64
107900336,63,57,6
107900337,660,721,-61
107900338,7,142,-135
107900339,1,10,-9
107900340,3,48,-45
107900341,53,0,53
107900342,122,48,74
107900343,55,2,53
107900344,5,38,-33
107900345,103,27,76
107900346,29,1,28
107900347,22,5,17
107900348,2,0,2
107900349,35,6,29
107900350,21,192,-171
107900351,3,129,-126
107900352,3,19,-16
107900353,14,11,3
107900354,7,20,-13
108000001,2794,3452,-658
108000002,1729,1962,-233
108000003,3159,3325,-166
108000004,9614,11601,-1987
108000005,7240,5521,1719
108000006,5862,5493,369
108000007,4692,3683,1009
108000008,3693,4612,-919
108000009,3555,4160,-605
108000010,2440,3271,-831
108000011,10729,10403,326
108000012,12661,11633,1028
108000014,641,709,-68
108000015,865,234,631
108000016,306,545,-239
108000017,1071,396,675
108000018,1750,662,1088
108000019,1577,866,711
108000020,1267,461,806
108000021,310,1314,-1004
108000022,340,1048,-708
108000023,1136,224,912
108000024,322,361,-39
108000025,297,235,62
108000026,596,267,329
108000027,701,350,351
108000028,564,173,391
108000029,482,379,103
108000030,551,192,359
108000031,213,482,-269
108000032,1734,584,1150
108000033,727,828,-101
108000034,1677,418,1259
108000035,614,1543,-929
108000036,375,716,-341
108000037,1699,409,1290
108000038,2450,560,1890
108000039,442,1405,-963
108000040,1828,957,871
108000041,576,1773,-1197
108000042,277,214,63
108000043,192,203,-11
108000044,498,128,370
108000045,297,307,-10
108000046,1585,274,1311
108000047,469,651,-182
108000048,180,236,-56
108000049,958,238,720
108000050,100,294,-194
108000051,371,128,243
108000052,187,432,-245
108000053,429,188,241
108000054,539,878,-339
108000055,1023,610,413
108000056,693,959,-266
108000057,574,1187,-613
108000058,1786,3248,-1462
108000059,2458,1630,828
108000060,206,408,-202
108000061,139,184,-45
108000062,864,576,288
108000063,436,384,52
108000064,179,191,-12
108000065,516,356,160
108000066,1245,731,514
108000067,1845,596,1249
108000068,748,396,352
108000069,203,755,-552
108000070,1885,717,1168
108000071,576,984,-408
108000072,1609,993,616
108000073,1108,1282,-174
108000074,660,365,295
108000075,345,570,-225
108000076,771,566,205
108000077,555,517,38
108000078,2194,1077,1117
108000079,802,1002,-200
108000080,1281,435,846
108000081,511,1044,-533
108000082,822,1384,-562
108000083,1825,923,902
108000084,364,800,-436
108000085,734,402,332
108000086,771,471,300
108000087,136,1951,-1815
108000088,150,8,142
108000089,336,321,15
108000090,408,171,237
108000091,286,362,-76
108000092,132,72,60
108000093,193,359,-166
108000094,579,85,494
108000095,164,231,-67
108000096,335,154,181
108000097,140,248,-108
108000098,1701,1046,655
108000099,233,65,168
108000100,84,202,-118
108000101,1310,1468,-158
108000102,1596,2936,-1340
108000106,768,0,768
108000107,2,683,-681
108000108,765,49,716
108000109,9,652,-643
108000110,183,288,-105
108000111,156,383,-227
108000112,55,132,-77
108000113,475,200,275
108000115,338,254,84
108000117,598,315,283
108000118,66,240,-174
108000119,571,284,287
108000120,126,707,-581
108000121,197,374,-177
108000122,527,325,202
108000123,606,181,425
108000124,371,400,-29
108000125,340,198,142
108000126,205,323,-118
108000127,534,253,281
108000128,569,340,229
108000129,390,703,-313
108000130,483,225,258
108000131,759,485,274
108000132,1508,982,526
108000133,860,516,344
108000134,432,379,53
108000135,1070,355,715
108000136,253,615,-362
108000137,520,303,217
108000138,392,703,-311
108000139,543,250,293
108000140,131,27,104
108000141,34,58,-24
108000142,75,71,4
108000143,32,19,13
108000144,53,16,37
108000145,41,12,29
108000146,82,6,76
108000147,27,11,16
108000148,72,13,59
108000149,27,11,16
108000150,41,5,36
108000151,8,10,-2
108000152,140,341,-201
108000153,497,131,366
108000154,50,7,43
108000155,16,11,5
108000156,205,105,100
108000157,197,856,-659
108000158,70,761,-691
108000159,400,226,174
108000160,2015,989,1026
108000161,1768,2249,-481
108000165,6,208,-202
108000172,3,223,-220
108000173,1102,1809,-707
108000175,593,129,464
108000178,390,294,96
108000179,188,867,-679
108000181,76,28,48
108000182,111,14,97
108000183,5,13,-8
108000184,723,2065,-1342
108000185,206,309,-103
108000186,209,48,161
108000187,103,348,-245
108000188,601,200,401
108000189,462,1241,-779
108000190,38,99,-61
108000192,155,416,-261
108000193,697,40,657
108000194,29,17,12
108000195,3,669,-666
108000196,233,151,82
108000198,466,193,273
108000199,0,177,-177
108000200,480,405,75
108000203,116,401,-285
108000204,135,59,76
108000205,189,263,-74
108000339,994,318,676
108000364,103,223,-120
108000365,73,310,-237
108000367,249,273,-24
108000368,11,40,-29
108000369,551,249,302
108000371,1,421,-420
108000372,634,4,630
108000373,208,138,70
108000376,107,46,61
108000377,495,223,272
108000378,8073,9563,-1490
108000379,36,182,-146
108000381,59,10,49
108000382,130,5,125
108000383,1,159,-158
108900001,84,728,-644
108900002,168,48,120
108900003,237,486,-249
108900004,253,342,-89
108900005,52,420,-368
108900006,751,174,577
108900007,302,177,125
108900008,130,134,-4
108900009,69,121,-52
108900010,234,140,94
108900011,588,332,256
108900012,352,339,13
108900013,162,224,-62
108900014,18,121,-103
108900015,0,70,-70
108900016,1,173,-172
108900017,257,401,-144
108900018,148,289,-141
108900019,57,446,-389
108900020,50,130,-80
108900021,106,161,-55
108900022,177,8,169
108900023,10,22,-12
108900024,49,72,-23
108900025,138,65,73
108900026,16,99,-83
108900027,1,39,-38
108900028,112,230,-118
108900029,55,194,-139
108900030,1,70,-69
108900031,117,234,-117
108900032,8,164,-156
108900033,0,75,-75
108900034,1,114,-113
108900035,329,890,-561
108900036,210,195,15
108900037,32,216,-184
108900038,2,255,-253
108900039,0,278,-278
108900040,6,59,-53
108900041,3736,2985,751
108900042,8,335,-327
108900043,56,313,-257
108900044,1,294,-293
108900045,76,268,-192
108900046,54,426,-372
108900047,0,118,-118
108900048,104,579,-475
108900049,1789,1316,473
108900050,1,146,-145
108900051,1,122,-121
108900052,51,125,-74
108900053,69,177,-108
108900054,58,179,-121
108900055,52,234,-182
108900056,1,102,-101
108900057,1,90,-89
108900058,41,236,-195
108900059,438,61,377
108900060,111,129,-18
108900061,54,23,31
108900062,2,180,-178
108900063,19,191,-172
108900064,249,36,213
108900065,15,127,-112
108900066,443,131,312
108900067,12,124,-112
108900068,6,102,-96
108900069,85,42,43
108900070,22,77,-55
108900071,107,73,34
108900072,1486,481,1005
108900073,27,213,-186
108900074,234,211,23
108900075,39,37,2
108900076,357,71,286
108900077,139,299,-160
108900078,46,75,-29
108900079,567,132,435
108900080,35,711,-676
108900081,65,222,-157
108900082,111,72,39
108900083,30,230,-200
108900084,327,126,201
108900085,1529,109,1420
108900086,153,146,7
108900087,75,114,-39
108900088,973,340,633
108900089,19,150,-131
108900090,48,172,-124
108900091,106,47,59
108900092,571,290,281
108900093,87,81,6
108900094,266,72,194
108900095,33,212,-179
108900096,290,9,281
108900097,284,138,146
108900098,1419,654,765
108900099,397,177,220
108900100,78,120,-42
108900101,202,206,-4
108900102,87,1013,-926
108900103,124,125,-1
108900104,108,321,-213
108900105,6,1243,-1237
108900106,447,210,237
108900108,295,38,257
108900109,447,87,360
108900110,235,255,-20
108900111,449,357,92
108900112,239,31,208
108900113,48,72,-24
108900114,98,11,87
108900115,73,60,13
108900116,78,11,67
108900117,196,12,184
108900118,563,29,534
108900119,283,21,262
108900120,313,167,146
108900121,310,140,170
108900122,158,35,123
108900123,175,100,75
108900124,488,190,298
108900125,403,10,393
108900126,112,36,76
108900127,195,25,170
108900128,139,27,112
108900129,776,174,602
108900130,376,3,373
108900131,346,12,334
108900132,511,67,444
108900133,252,48,204
108900134,338,203,135
108900135,120,13,107
108900136,50,1,49
108900137,128,3,125
108900138,804,78,726
108900139,557,63,494
108900140,339,185,154
108900141,429,22,407
108900142,114,7,107
108900143,97,0,97
108900144,88,2,86
108900145,216,24,192
108900146,88,2,86
108900147,291,0,291
108900148,68,28,40
108900149,469,208,261
108900150,269,6,263
108900151,163,31,132
108900152,306,12,294
108900153,205,221,-16
108900154,4186,356,3830
108900155,246,81,165
108900156,85,9,76
108900157,63,352,-289
108900158,382,25,357
108900159,2,174,-172
108900160,13,197,-184
108900161,17,249,-232
108900162,121,5,116
108900163,7,294,-287
108900164,51,74,-23
108900165,117,51,66
108900167,1125,6625,-5500
108900168,5019,2318,2701
108900169,68,89,-21
108900171,4254,2597,1657
108900172,170,40,130
108900173,122,282,-160
108900174,869,591,278
108900176,113,347,-234
108900177,3303,4817,-1514
108900178,2623,3419,-796
108900179,431,1609,-1178
108900180,101,292,-191
108900182,44,371,-327
108900183,196,175,21
108900184,436,196,240
108900185,104,339,-235
108900186,70,300,-230
108900187,435,55,380
108900188,651,64,587
108900189,383,136,247
108900190,32,1854,-1822
108900191,171,37,134
108900192,67,164,-97
108900193,93,46,47
108900194,9,231,-222
108900195,107,182,-75
108900196,31,245,-214
108900198,11,254,-243
108900199,287,314,-27
108900200,550,371,179
108900201,377,1124,-747
108900203,481,136,345
108900204,399,17,382
108900205,190,32,158
108900206,522,76,446
108900207,160,99,61
108900208,16,246,-230
108900209,197,468,-271
108900210,144,164,-20
108900211,180,485,-305
108900212,373,1249,-876
108900215,71,301,-230
108900216,347,180,167
108900217,97,0,97
108900218,90,15,75
108900219,97,2,95
108900220,62,30,32
108900221,36,149,-113
108900222,243,20,223
108900223,8,136,-128
108900224,40,133,-93
108900225,1,167,-166
108900226,21,1,20
108900227,124,332,-208
108900230,127,194,-67
108900231,26,150,-124
108900232,4,178,-174
108900233,428,70,358
108900234,309,106,203
108900235,200,431,-231
108900236,39,235,-196
108900237,63,169,-106
108900240,128,140,-12
108900241,32,51,-19
108900245,8,1270,-1262
108900249,118,22,96
108900250,329,107,222
108900257,263,341,-78
108900258,11,146,-135
108900259,117,32,85
108900260,7,54,-47
108900261,81,88,-7
108900262,117,124,-7
108900263,25,106,-81
108900264,367,246,121
108900265,577,333,244
108900266,597,632,-35
108900267,7,143,-136
108900268,7,21,-14
108900269,112,32,80
108900270,85,15,70
108900271,52,24,28
108900272,226,21,205
108900273,528,776,-248
108900274,74,38,36
109000001,2130,1448,682
109000002,1011,1337,-326
109000003,2400,390,2010
109000004,462,1665,-1203
109000005,2139,525,1614
109000006,561,1573,-1012
109000007,1506,536,970
109000008,482,1283,-801
109000009,3486,1101,2385
109000010,1084,2682,-1598
109000011,3319,1928,1391
109000012,1494,2412,-918
109000013,3285,2646,639
109000014,1514,2318,-804
109000015,3328,6818,-3490
109000016,4345,2740,1605
109000017,2295,1168,1127
109000018,745,2172,-1427
109000019,2478,1225,1253
109000020,872,1486,-614
109000023,255,35,220
109000024,2,144,-142
109000025,325,374,-49
109000026,538,264,274
109000027,80,287,-207
109000028,145,70,75
109000029,95,163,-68
109000030,62,481,-419
109000031,209,128,81
109000032,102,389,-287
109000033,306,203,103
109000034,58,44,14
109000035,9,58,-49
109000036,70,254,-184
109000037,211,1197,-986
109000038,364,300,64
109000039,867,706,161
109000040,3548,8240,-4692
109000041,1830,1676,154
109000042,470,963,-493
109000044,316,78,238
109000045,105,226,-121
109000046,411,69,342
109000047,91,339,-248
109000048,720,207,513
109000049,194,513,-319
109000050,367,270,97
109000051,256,209,47
109000052,466,705,-239
109000053,198,47,151
109000054,252,305,-53
109000055,247,251,-4
109000056,408,345,63
109000057,689,457,232
109000058,686,181,505
109000059,543,1198,-655
109000060,389,215,174
109000061,546,1062,-516
109000062,164,345,-181
109000063,192,148,44
109000064,317,172,145
109000065,146,185,-39
109000066,402,55,347
109000067,79,191,-112
109000068,1743,10,1733
109000069,817,26,791
109000070,8,1146,-1138
109000071,414,64,350
109000072,69,245,-176
109000073,46,68,-22
109000074,21,112,-91
109000075,80,280,-200
109000076,121,216,-95
109000077,302,210,92
109000078,97,157,-60
109000079,129,119,10
109000080,199,100,99
109000081,127,327,-200
109000082,698,150,548
109000083,252,445,-193
109000088,79,345,-266
109000089,264,97,167
109000090,118,320,-202
109000091,320,188,132
109000092,291,380,-89
109000093,233,223,10
109000094,585,1,584
109000095,98,292,-194
109000096,720,252,468
109000097,65,128,-63
109000098,46,157,-111
109000099,987,314,673
109000100,229,445,-216
109000101,1535,590,945
109000102,345,633,-288
109000103,447,473,-26
109000104,1847,533,1314
109000105,408,855,-447
109000106,1836,750,1086
109000107,544,1376,-832
109000108,1693,575,1118
109000109,483,1228,-745
109000110,1249,495,754
109000111,821,1314,-493
109000112,433,81,352
109000113,579,177,402
109000114,207,376,-169
109000115,1045,28,1017
109000116,5,185,-180
109000117,218,43,175
109000118,16,213,-197
109000119,1367,224,1143
109000120,179,525,-346
109000121,475,32,443
109000122,111,449,-338
109000123,22,52,-30
109000124,655,338,317
109000125,767,302,465
109000126,372,575,-203
109000127,920,181,739
109000128,440,867,-427
109000129,2090,777,1313
109000130,472,1101,-629
109000131,818,557,261
109000132,654,1233,-579
109000133,301,819,-518
109000134,731,1118,-387
109000135,977,1303,-326
109000136,264,227,37
109000137,311,330,-19
109000138,420,217,203
109000139,466,340,126
109000140,158,285,-127
109000141,504,406,98
109000142,140,425,-285
109000143,109,60,49
109000145,123,219,-96
109000146,45,97,-52
109000148,2564,1792,772
109000149,29,42,-13
109000150,62,327,-265
109000155,811,511,300
109000156,884,486,398
109000158,78,239,-161
109000159,96,380,-284
109000160,973,173,800
109000161,308,753,-445
109000162,1830,590,1240
109000163,991,1203,-212
109000164,1274,1864,-590
109000165,1314,418,896
109000166,750,101,649
109000167,98,374,-276
109000170,35,31,4
109000171,67,55,12
109000172,36,66,-30
109000173,21,86,-65
109000174,108,32,76
109000175,43,61,-18
109000176,315,190,125
109000177,34,90,-56
109000178,754,484,270
109000179,3380,4689,-1309
109000180,4252,3396,856
109000181,13,16,-3
109000182,22,14,8
109000183,45,26,19
109000184,25,14,11
109000185,32,32,0
109000188,539,1449,-910
109000189,2224,750,1474
109000190,641,439,202
109000191,346,311,35
109000192,362,121,241
109000193,224,175,49
109000194,267,70,197
109000195,141,216,-75
109000196,294,106,188
109000197,228,253,-25
109000198,428,61,367
109000199,132,348,-216
109000206,217,28,189
109000207,115,28,87
109000208,100,57,43
109000209,194,120,74
109000210,211,398,-187
109000211,620,395,225
109000214,327,244,83
109000215,134,56,78
109000216,245,264,-19
109000217,165,88,77
109000218,304,188,116
109000221,373,678,-305
109000222,893,222,671
109000223,300,268,32
109000224,60,106,-46
109000225,71,27,44
109000226,36,114,-78
109000227,1059,848,211
109000228,4,965,-961
109000231,2,207,-205
109000232,364,199,165
109000236,305,530,-225
109000241,1863,1548,315
109000242,1609,900,709
109000293,34,59,-25
109000361,84,219,-135
109000364,317,394,-77
109000396,3,404,-401
109000397,606,6,600
109000399,97,355,-258
109000400,72,182,-110
109000403,93,764,-671
109000406,259,10,249
109000407,256,140,116
109000408,1,255,-254
109000410,1045,257,788
109000411,215,27,188
109900001,67,0,67
109900002,627,20,607
109900003,272,1,271
109900004,542,102,440
109900005,27,1,26
109900006,451,151,300
109900007,894,325,569
109900008,0,27,-27
109900009,122,369,-247
109900010,582,10,572
109900011,106,48,58
109900012,326,170,156
109900013,338,144,194
109900014,463,50,413
109900015,398,175,223
109900016,153,17,136
109900017,204,232,-28
109900018,204,57,147
109900019,252,42,210
109900020,52,41,11
109900021,35,22,13
109900022,120,147,-27
109900023,18,4,14
109900024,36,9,27
109900025,24,40,-16
109900026,1,92,-91
109900027,57,43,14
109900028,696,948,-252
109900029,2,160,-158
109900030,45,12,33
109900031,2,98,-96
109900032,9,220,-211
109900033,4,429,-425
109900034,54,5,49
109900035,20,19,1
109900036,27,36,-9
109900037,38,319,-281
109900038,116,215,-99
109900039,15,0,15
109900040,45,348,-303
109900041,52,231,-179
109900042,19,421,-402
109900044,171,193,-22
109900045,158,54,104
109900046,35,71,-36
109900047,230,237,-7
109900048,13,77,-64
109900049,20,23,-3
109900050,1,79,-78
109900051,1,34,-33
109900052,94,218,-124
109900053,2,184,-182
109900054,679,213,466
109900055,56,195,-139
109900056,22,181,-159
109900057,5,99,-94
109900058,1,64,-63
109900059,707,99,608
109900060,417,89,328
109900061,57,201,-144
109900062,0,112,-112
109900063,23,402,-379
109900064,446,168,278
109900065,67,110,-43
109900066,293,565,-272
109900067,0,161,-161
109900068,73,7,66
109900069,4,36,-32
109900070,38,176,-138
109900071,2,13,-11
109900072,21,109,-88
109900073,363,366,-3
109900074,4,25,-21
109900075,24,29,-5
109900076,20,132,-112
109900077,25,27,-2
109900078,80,128,-48
109900080,102,219,-117
109900081,33,164,-131
109900082,56,254,-198
109900083,16,62,-46
109900084,50,103,-53
109900085,188,488,-300
109900086,120,395,-275
109900087,254,431,-177
109900089,612,160,452
109900090,400,766,-366
109900091,374,48,326
109900092,360,18,342
109900093,929,127,802
109900094,52,83,-31
109900095,136,163,-27
109900096,39,6,33
109900097,83,1,82
109900098,436,36,400
109900099,157,3,154
109900100,40,0,40
109900101,514,10,504
109900102,541,30,511
109900103,31,21,10
109900104,561,537,24
109900105,459,21,438
109900106,452,70,382
109900107,446,82,364
109900108,75,225,-150
109900109,48,122,-74
109900110,87,253,-166
109900111,254,563,-309
109900112,309,357,-48
109900113,793,569,224
109900114,651,1267,-616
109900115,149,94,55
109900117,982,117,865
109900118,177,343,-166
109900119,421,333,88
109900120,61,36,25
109900121,370,488,-118
109900122,401,6,395
109900123,17,115,-98
109900124,44,306,-262
109900125,0,90,-90
109900126,284,77,207
109900128,289,35,254
109900130,4388,1985,2403
109900131,36,123,-87
109900132,29,106,-77
109900133,83,220,-137
109900134,73,94,-21
109900135,289,94,195
109900136,48,107,-59
109900137,180,208,-28
109900140,204,163,41
109900142,1351,205,1146
109900145,5,456,-451
109900146,348,40,308
109900148,42,54,-12
109900149,29,69,-40
109900150,6,68,-62
109900151,4,42,-38
109900152,0,35,-35
109900153,0,36,-36
109900154,86,0,86
109900155,70,19,51
109900157,50,166,-116
109900158,41,95,-54
109900159,126,33,93
109900160,162,61,101
109900161,235,54,181
109900162,173,83,90
109900163,550,257,293
109900164,87,212,-125
109900165,344,7,337
109900166,2,88,-86
109900167,179,373,-194
109900168,215,408,-193
109900169,236,152,84
109900170,211,738,-527
109900171,196,84,112
109900172,225,222,3
109900173,1942,2192,-250
109900174,54,124,-70
109900175,63,62,1
109900176,114,131,-17
109900177,39,164,-125
109900178,10,91,-81
109900179,32,24,8
109900180,6,17,-11
110000001,763,495,268
110000002,528,616,-88
110000003,760,561,199
110000004,430,628,-198
110000005,331,1498,-1167
110000006,247,282,-35
110000007,120,94,26
110000008,13,56,-43
110000009,68,16,52
110000010,34,74,-40
110000011,51,50,1
110000012,509,244,265
110000013,44,517,-473
110000014,443,322,121
110000015,238,508,-270
110000016,204,1324,-1120
110000017,2038,214,1824
110000018,1832,309,1523
110000019,12,84,-72
110000020,557,203,354
110000021,265,383,-118
110000022,745,176,569
110000023,16,132,-116
110000024,712,341,371
110000025,346,8,338
110000026,2,225,-223
110000027,601,920,-319
110000028,781,637,144
110000029,507,578,-71
110000030,254,356,-102
110000031,318,325,-7
110000032,825,366,459
110000033,268,110,158
110000034,364,530,-166
110000035,882,442,440
110000036,843,541,302
110000037,304,333,-29
110000038,184,534,-350
110000039,530,2805,-2275
110000040,275,269,6
110000041,235,1306,-1071
110000042,97,355,-258
110000043,745,248,497
110000044,59,294,-235
110000045,528,78,450
110000046,11,29,-18
110000047,69,39,30
110000048,13,27,-14
110000049,34,19,15
110000050,6,85,-79
110000051,21,10,11
110000052,16,27,-11
110000053,141,39,102
110000054,205,303,-98
110000055,714,73,641
110000056,150,95,55
110000057,429,511,-82
110000058,1324,398,926
110000059,1036,442,594
110000060,690,866,-176
110000061,761,598,163
110000062,594,805,-211
110000063,26,102,-76
110000064,78,49,29
110000065,61,43,18
110000066,46,38,8
110000067,66,124,-58
110000068,423,108,315
110000069,245,72,173
110000071,153,78,75
110000073,8,15,-7
110000075,18,74,-56
110000076,259,314,-55
110000077,318,795,-477
110000078,28,40,-12
110000080,272,522,-250
110000081,73,249,-176
110000082,55,363,-308
110000083,219,484,-265
110000084,1229,871,358
110000085,1358,1373,-15
110000086,1233,2391,-1158
110000087,6,53,-47
110000088,82,158,-76
110000089,231,83,148
110000090,97,172,-75
110000091,862,160,702
110000092,18,51,-33
110000093,79,10,69
110000094,417,187,230
110000095,179,529,-350
110000096,1534,1534,0
110000097,1070,1191,-121
110000098,1998,606,1392
110000099,701,1280,-579
110000100,894,342,552
110000101,29,212,-183
110000102,88,18,70
110000104,396,119,277
110000105,97,217,-120
110000106,674,453,221
110000107,228,289,-61
110000108,118,70,48
110000109,262,211,51
110000110,2248,4744,-2496
110000111,4721,2722,1999
110000112,870,1264,-394
110000113,292,2174,-1882
110000114,165,580,-415
110000115,344,258,86
110000116,39,33,6
110000117,217,227,-10
110000118,368,102,266
110000119,185,230,-45
110000120,273,104,169
110000121,64,307,-243
110000122,324,492,-168
110000123,578,644,-66
110000124,2,610,-608
110000125,1081,14,1067
110000126,293,35,258
110000127,1229,91,1138
110000128,39,1012,-973
110000129,4,433,-429
110000130,301,201,100
110000131,74,251,-177
110000132,1,461,-460
110000133,36,340,-304
110000134,21,334,-313
110000135,186,39,147
110000136,62,236,-174
110000137,464,475,-11
110000138,774,487,287
110000139,849,730,119
110000140,1085,642,443
110000143,553,271,282
110000144,4334,1919,2415
110000145,1546,1220,326
110000146,1857,721,1136
110000147,380,553,-173
110000148,442,210,232
110000151,842,1106,-264
110000152,760,411,349
110000153,138,31,107
110000154,36,36,0
110000155,1438,3776,-2338
110000156,929,2257,-1328
110000157,1383,2228,-845
110000160,372,229,143
110000161,193,188,5
110000166,565,110,455
110000167,953,529,424
110000168,934,498,436
110000169,900,369,531
110000170,150,70,80
110000171,632,158,474
110000172,160,578,-418
110000173,835,823,12
110000174,155,615,-460
110000175,684,67,617
110000176,78,363,-285
110000177,189,805,-616
110000178,348,1450,-1102
110000179,841,303,538
110000180,186,178,8
110000181,520,349,171
110000182,297,118,179
110000183,6044,5577,467
110000184,267,1948,-1681
110000185,801,603,198
110000186,700,653,47
110000191,1094,193,901
110000192,621,10,611
110000193,1318,13,1305
110000194,28,752,-724
110000195,447,204,243
110000196,390,252,138
110000197,131,114,17
110000198,125,53,72
110000199,63,140,-77
110000200,910,413,497
110000201,807,932,-125
110000202,1230,608,622
110000203,595,540,55
110000204,1,167,-166
110000205,139,60,79
110000206,469,797,-328
110000207,1024,309,715
110000208,170,183,-13
110000209,122,604,-482
110000210,1183,366,817
110000211,637,544,93
110000212,411,900,-489
110000213,264,52,212
110000214,318,68,250
110000215,198,290,-92
110000216,86,184,-98
110000217,307,111,196
110000218,121,187,-66
110000219,318,75,243
110000220,62,159,-97
110000221,272,59,213
110000222,68,160,-92
110000223,1,107,-106
110000224,30,3,27
110000225,229,537,-308
110000226,229,40,189
110000227,509,580,-71
110000228,285,92,193
110000229,1,155,-154
110000230,440,464,-24
110000231,142,175,-33
110000232,440,166,274
110000233,299,222,77
110000234,609,563,46
110000235,784,830,-46
110000236,448,450,-2
110000237,1772,1027,745
110000238,1022,1197,-175
110000239,1689,986,703
110000240,0,67,-67
110000242,0,20,-20
110000243,140,124,16
110000244,131,332,-201
110000245,25,271,-246
110000246,747,411,336
110000247,1137,5530,-4393
110000248,1937,1553,384
110000249,81,5,76
110000250,29,176,-147
110000251,308,577,-269
110000252,193,156,37
110000253,1449,774,675
110000254,636,1039,-403
110000255,165,677,-512
110000256,398,231,167
110000257,569,323,246
110000258,5,405,-400
110000259,129,16,113
110000260,21,155,-134
110000263,498,153,345
110000264,254,333,-79
110000265,1036,1489,-453
110000266,1382,2603,-1221
110000267,36,116,-80
110000268,233,435,-202
110000269,6,57,-51
110000270,83,5,78
110000271,1038,280,758
110000272,1257,959,298
110000273,2587,1336,1251
110000274,186,1433,-1247
110000275,1619,481,1138
110000276,245,282,-37
110000277,287,283,4
110000278,278,502,-224
110000279,698,610,88
110000280,379,298,81
110000281,50,292,-242
110000282,240,19,221
110000283,43,117,-74
110000284,32,29,3
110000285,2,667,-665
110000286,15,0,15
110000287,87,1,86
110000288,2,85,-83
110000289,376,1663,-1287
110000290,640,518,122
110000291,4395,1084,3311
110000292,1156,4153,-2997
110000293,586,505,81
110000294,1030,899,131
110000295,134,703,-569
110000296,460,277,183
110000297,2480,326,2154
110000298,221,510,-289
110000299,271,85,186
110000301,266,9,257
110000302,434,672,-238
110000303,408,7,401
110000304,249,185,64
110000305,1203,22,1181
110000306,177,886,-709
110000307,1618,7,1611
110000308,597,11,586
110000309,6,612,-606
110000310,728,56,672
110000311,11,539,-528
110000312,500,144,356
110000313,2660,3981,-1321
110000314,2,256,-254
110000315,2483,2334,149
110000316,518,1138,-620
110000317,302,411,-109
110000318,5,56,-51
110000319,11,27,-16
110000320,37,50,-13
110000321,26,40,-14
110000322,299,258,41
110000323,400,149,251
110000324,2711,1602,1109
110000325,1878,2586,-708
110000327,403,286,117
110000328,154,325,-171
110000333,746,623,123
110000334,818,1083,-265
110000335,763,471,292
110000336,586,746,-160
110000337,1149,533,616
110000338,518,145,373
110000339,281,222,59
110000340,44,121,-77
110000341,418,414,4
110000342,280,3,277
110000343,0,14,-14
110000344,181,106,75
110000345,254,117,137
110000346,1718,1710,8
110000347,1036,619,417
110000348,27,21,6
110000349,7,22,-15
110000350,47,2,45
110000351,885,579,306
110000352,716,1202,-486
110000353,1945,580,1365
110000354,1168,2547,-1379
110000355,95,84,11
110000356,537,11,526
110000357,346,15,331
110000361,44,44,0
110000362,83,49,34
110000363,483,79,404
110000364,238,237,1
110000365,183,2,181
110000366,0,102,-102
110000367,349,123,226
110000368,5,58,-53
110000369,72,1,71
110000373,3,241,-238
110000374,85,11,74
110000375,80,811,-731
110000376,41,65,-24
110000377,70,441,-371
110000378,33,282,-249
110000379,1903,1582,321
110000380,53,14,39
110000383,1,842,-841
110000384,1183,702,481
110000385,1,147,-146
110000387,82,13,69
110000388,44,243,-199
110000389,919,6,913
110000391,570,267,303
110000396,178,107,71
110000397,140,107,33
110000398,6,17,-11
110000399,135,0,135
110000587,118,52,66
110000589,200,97,103
110000640,196,56,140
110000652,21,265,-244
110000653,297,341,-44
110000654,47,360,-313
110000656,1,404,-403
110000674,33,20,13
110000675,3,32,-29
110000676,3,32,-29
110000679,262,1273,-1011
110000682,112,164,-52
110000683,230,398,-168
110000684,8,54,-46
110000685,12,14,-2
110000686,5,31,-26
110000687,61,4,57
110000688,60,840,-780
110000689,41,37,4
110000692,21,138,-117
110000693,38,216,-178
110000694,0,172,-172
110000695,234,512,-278
110000696,114,66,48
110900001,277,14,263
110900002,268,119,149
110900003,876,396,480
110900004,490,106,384
110900005,1683,2084,-401
110900006,60,17,43
110900007,116,31,85
110900008,7,41,-34
110900009,439,156,283
110900010,7,44,-37
110900011,42,63,-21
110900012,7,53,-46
110900013,1022,121,901
110900014,201,12,189
110900015,361,638,-277
110900016,45,100,-55
110900017,477,47,430
110900018,384,72,312
110900019,187,18,169
110900020,109,158,-49
110900021,112,365,-253
110900022,94,189,-95
110900023,90,423,-333
110900024,30,268,-238
110900025,0,33,-33
110900027,65,160,-95
110900028,49,94,-45
110900029,19,258,-239
110900030,32,156,-124
110900031,4,117,-113
110900032,0,50,-50
110900033,32,114,-82
110900035,21,364,-343
110900036,67,18,49
110900037,58,13,45
110900038,677,185,492
110900039,10,227,-217
110900040,172,19,153
110900041,17,53,-36
110900042,140,38,102
110900043,3,63,-60
110900044,175,12,163
110900045,35,304,-269
110900046,27,153,-126
110900047,364,280,84
110900049,82,50,32
110900050,23,4,19
110900051,33,159,-126
110900052,2,105,-103
110900053,101,30,71
110900054,28,145,-117
110900055,32,1,31
110900056,48,84,-36
110900057,5,87,-82
110900058,235,113,122
110900059,507,421,86
110900060,458,82,376
110900061,31,42,-11
110900062,129,199,-70
110900063,31,102,-71
110900064,4,0,4
110900065,279,122,157
110900066,13,55,-42
110900067,237,472,-235
110900068,196,176,20
110900069,5,16,-11
110900070,87,46,41
110900071,244,616,-372
110900073,0,15,-15
110900074,306,77,229
110900075,354,70,284
110900077,730,510,220
110900078,47,40,7
110900079,1534,1300,234
110900080,118,64,54
110900081,10,29,-19
110900082,146,84,62
110900083,103,50,53
110900084,51,44,7
110900085,66,229,-163
110900086,97,299,-202
110900087,325,59,266
110900088,7,0,7
110900090,66,57,9
110900091,0,41,-41
110900093,188,79,109
110900095,56,32,24
110900097,8,13,-5
110900098,40,43,-3
110900099,52,286,-234
110900100,0,17,-17
110900102,36,19,17
110900105,679,239,440
110900108,20,35,-15
110900111,296,111,185
110900112,838,10,828
110900113,417,51,366
110900115,17,36,-19
110900116,717,1120,-403
110900118,115,2733,-2618
110900119,2362,263,2099
110900120,12,70,-58
110900121,124,0,124
110900122,427,184,243
110900125,365,398,-33
110900127,530,1294,-764
110900128,199,249,-50
110900129,296,802,-506
110900130,796,612,184
110900131,238,54,184
110900132,311,45,266
110900133,92,158,-66
110900135,36,216,-180
110900136,335,16,319
110900137,21,0,21
110900138,464,298,166
110900139,4,92,-88
110900140,26,3,23
110900141,13,155,-142
110900142,57,137,-80
110900143,217,74,143
110900144,2,461,-459
110900145,202,53,149
110900146,266,216,50
110900147,113,306,-193
110900148,3,247,-244
110900149,3,45,-42
110900150,54,12,42
110900151,9,81,-72
110900152,30,175,-145
110900153,134,42,92
111000001,545,417,128
111000002,625,443,182
111000003,1137,540,597
111000004,359,803,-444
111000005,1053,1026,27
111000006,735,1362,-627
111000007,4039,2585,1454
111000008,1553,2415,-862
111000009,280,668,-388
111000010,686,211,475
111000011,197,960,-763
111000012,439,322,117
111000013,359,821,-462
111000014,1202,379,823
111000017,107,780,-673
111000018,197,302,-105
111000020,709,1870,-1161
111000021,65,98,-33
111000023,102,119,-17
111000025,3055,3073,-18
111000029,114,118,-4
111000030,24,104,-80
111000031,1636,996,640
111000032,459,268,191
111000033,218,244,-26
111000034,100,212,-112
111000037,1050,584,466
111000038,2799,1812,987
111000039,1589,1675,-86
111000040,1414,1558,-144
111000041,1272,1077,195
111000042,2058,1763,295
111000043,1807,3007,-1200
111000044,1542,1067,475
111000045,2014,2254,-240
111000046,1590,1804,-214
111000047,2227,3734,-1507
111000049,410,425,-15
111000050,1225,969,256
111000051,520,852,-332
111000052,485,1407,-922
111000053,349,689,-340
111000054,307,579,-272
111000055,874,1205,-331
111000056,153,347,-194
111000057,94,357,-263
111000058,414,64,350
111000059,690,259,431
111000060,4071,793,3278
111000061,535,326,209
111000062,770,294,476
111000063,1540,900,640
111000064,659,487,172
111000065,1054,916,138
111000066,486,391,95
111000067,495,481,14
111000068,551,762,-211
111000069,1414,1557,-143
111000070,1036,815,221
111000071,261,490,-229
111000072,1128,462,666
111000073,310,748,-438
111000074,1445,1419,26
111000075,866,460,406
111000076,535,498,37
111000077,1432,1441,-9
111000078,2390,1173,1217
111000079,1103,686,417
111000080,537,534,3
111000081,1415,3341,-1926
111000082,741,488,253
111000084,846,460,386
111000085,948,869,79
111000086,2073,840,1233
111000087,666,433,233
111000088,3700,2153,1547
111000089,676,580,96
111000090,836,1209,-373
111000091,794,381,413
111000092,1239,799,440
111000093,634,1126,-492
111000094,1639,989,650
111000095,579,2136,-1557
111000096,1334,6874,-5540
111000097,3265,1292,1973
111000098,727,908,-181
111000099,527,1365,-838
111000100,345,1022,-677
111000101,410,754,-344
111000102,273,376,-103
111000104,571,163,408
111000107,80,497,-417
111000109,631,184,447
111000110,1327,668,659
111000111,2445,408,2037
111000112,1770,533,1237
111000113,929,1312,-383
111000114,1733,3106,-1373
111000115,4518,1179,3339
111000116,730,777,-47
111000117,385,852,-467
111000118,1207,652,555
111000119,1054,839,215
111000120,428,533,-105
111000121,297,571,-274
111000122,571,825,-254
111000123,1008,1769,-761
111000124,395,1798,-1403
111000125,263,959,-696
111000126,73,635,-562
111000127,951,139,812
111000128,1735,262,1473
111000129,2703,478,2225
111000130,2120,539,1581
111000131,1600,495,1105
111000132,1557,816,741
111000133,194,110,84
111000134,177,64,113
111000135,30,111,-81
111000136,284,266,18
111000138,10,7,3
111000140,0,5,-5
111000141,172,292,-120
111000142,15,122,-107
111000143,0,177,-177
111000144,19,489,-470
111000145,632,15,617
111000146,69,13,56
111000147,243,26,217
111000148,114,74,40
111000149,4,27,-23
111000150,19,8,11
111000151,15,20,-5
111000153,442,647,-205
111000154,568,184,384
111000155,107,146,-39
111000156,485,566,-81
111000157,203,858,-655
111000158,720,642,78
111000159,2095,637,1458
111000160,416,263,153
111000161,10,256,-246
111000162,72,99,-27
111000163,699,600,99
111000164,514,2587,-2073
111000165,762,352,410
111000166,1236,270,966
111000167,149,286,-137
111000168,145,266,-121
111000169,307,479,-172
111000170,351,322,29
111000171,498,478,20
111000172,163,340,-177
111000173,384,691,-307
111000174,230,229,1
111000175,54,249,-195
111000176,261,84,177
111000177,318,163,155
111000178,1166,243,923
111000179,166,130,36
111000180,217,391,-174
111000181,1187,180,1007
111000182,218,158,60
111000183,319,279,40
111000184,309,200,109
111000185,355,340,15
111000186,287,206,81
111000187,130,136,-6
111000188,269,264,5
111000189,737,420,317
111000190,180,241,-61
111000191,174,215,-41
111000192,175,360,-185
111000193,236,201,35
111000194,35,215,-180
111000195,124,239,-115
111000196,74,138,-64
111000197,487,102,385
111000198,478,93,385
111000199,220,143,77
111000200,389,285,104
111000201,620,182,438
111000202,369,164,205
111000203,307,242,65
111000204,424,1188,-764
111000213,181,393,-212
111000214,1278,1081,197
111000215,1127,947,180
111000217,1307,814,493
111000218,1142,965,177
111000219,345,165,180
111000220,964,479,485
111000221,482,81,401
111000224,47,201,-154
111000225,328,206,122
111000226,63,1,62
111000227,33,0,33
111000228,18,361,-343
111000229,40,839,-799
111000230,196,206,-10
111000231,985,507,478
111000232,639,621,18
111000233,1083,612,471
111000234,88,401,-313
111000239,102,83,19
111000240,50,204,-154
111000241,43,205,-162
111000242,179,54,125
111000243,162,321,-159
111000244,559,63,496
111000245,1626,318,1308
111000246,550,254,296
111000247,387,589,-202
111000248,813,321,492
111000249,406,425,-19
111000250,69,77,-8
111000251,28,61,-33
111000253,8,26,-18
111000255,40,19,21
111000257,47,24,23
111000260,62,797,-735
111000261,1196,72,1124
111000271,54,218,-164
111000273,2637,1027,1610
111000274,1230,1950,-720
111000275,158,33,125
111000276,245,1066,-821
111000277,192,259,-67
111000278,540,222,318
111000291,595,5182,-4587
111000298,459,221,238
111000299,612,165,447
111000300,83,456,-373
111000302,293,90,203
111000303,77,174,-97
111000312,41,48,-7
111000315,8,104,-96
111000320,197,553,-356
111000321,414,129,285
111000322,276,307,-31
111000323,236,30,206
111000324,371,169,202
111000325,28,54,-26
111000326,217,190,27
111000327,403,298,105
111000328,237,413,-176
111000329,0,31,-31
111000330,76,7,69
111000331,13,9,4
111000332,486,1016,-530
111000334,265,956,-691
111000335,771,208,563
111000337,1251,349,902
111000338,88,68,20
111000339,621,182,439
111000340,94,421,-327
111000341,1189,518,671
111000342,136,774,-638
111000344,973,599,374
111000345,171,62,109
111000346,22,114,-92
111000347,134,16,118
111000350,197,91,106
111000351,110,284,-174
111000352,186,78,108
111000353,102,180,-78
111000354,508,113,395
111000355,298,515,-217
111000358,112,743,-631
111000360,213,426,-213
111000361,140,187,-47
111000546,706,385,321
111000547,363,300,63
111000548,105,275,-170
111000549,278,210,68
111000550,78,819,-741
111000551,532,125,407
111000552,860,139,721
111000907,460,8,452
111000908,22,0,22
111000916,1762,225,1537
111000917,18,358,-340
111000918,236,597,-361
111000920,544,20,524
111000921,6,135,-129
111000922,500,191,309
111000924,55,432,-377
111000925,2781,1520,1261
111000926,902,1154,-252
111000927,2531,3786,-1255
111000928,3216,2217,999
111000929,1214,980,234
111000930,644,1527,-883
111000931,1826,2286,-460
111000932,2949,1421,1528
111000933,3109,2192,917
111000934,1411,2280,-869
111000935,1431,857,574
111000936,964,1465,-501
111000937,1004,1194,-190
111000938,1224,1056,168
111000939,588,34,554
111000940,451,118,333
111000941,332,274,58
111000943,418,218,200
111000944,168,238,-70
111000945,88,910,-822
111001109,427,420,7
111001110,162,394,-232
111001111,77,17,60
111001112,107,13,94
111001113,1,124,-123
111001114,597,176,421
111001115,64,572,-508
111001116,3167,3281,-114
111001117,405,2003,-1598
111001120,113,216,-103
111001121,193,158,35
111001122,251,284,-33
111001123,274,59,215
111001124,101,110,-9
111001125,4,105,-101
111900001,3,87,-84
111900002,26,443,-417
111900003,3,209,-206
111900004,60,98,-38
111900006,11,49,-38
111900007,102,4,98
111900008,225,8,217
111900009,200,130,70
111900010,318,294,24
111900012,52,67,-15
111900013,58,63,-5
111900014,3122,3761,-639
111900015,0,44,-44
111900016,0,76,-76
111900017,0,81,-81
111900018,150,2,148
111900019,3,113,-110
111900020,1,54,-53
111900021,41,60,-19
111900022,19,41,-22
111900023,119,53,66
111900024,9,38,-29
111900025,1,17,-16
111900026,0,37,-37
111900027,0,60,-60
111900028,2,207,-205
111900029,3,60,-57
111900030,27,292,-265
111900031,0,22,-22
111900032,1,210,-209
111900033,4,51,-47
111900034,217,347,-130
111900035,47,138,-91
111900036,1,188,-187
111900038,215,473,-258
111900039,35,290,-255
111900040,2,326,-324
111900042,26,100,-74
111900043,3,184,-181
111900044,226,146,80
111900046,32,106,-74
111900048,251,352,-101
111900049,21,140,-119
111900050,110,28,82
111900051,4,170,-166
111900052,281,252,29
111900053,710,1503,-793
111900054,135,2,133
111900055,11,244,-233
111900056,125,257,-132
111900057,91,16,75
111900058,456,448,8
111900059,1099,490,609
111900060,253,2,251
111900061,6,136,-130
111900062,27,59,-32
111900063,273,190,83
111900064,67,144,-77
111900065,91,10,81
111900066,115,152,-37
111900067,0,239,-239
111900068,45,58,-13
111900069,69,26,43
111900070,164,97,67
111900071,1,136,-135
111900072,46,18,28
111900073,940,152,788
111900074,5,147,-142
111900075,76,13,63
111900076,218,72,146
111900077,46,0,46
111900078,287,17,270
111900079,38,28,10
111900080,201,215,-14
111900082,157,23,134
111900083,158,13,145
111900084,51,7,44
111900085,32,104,-72
111900086,39,9,30
111900087,41,0,41
111900088,567,8,559
111900089,88,4,84
111900090,46,46,0
111900091,270,2,268
111900092,121,7,114
111900093,380,6,374
111900094,96,0,96
111900095,191,29,162
111900096,166,2,164
111900097,78,0,78
111900098,237,2,235
111900099,54,0,54
111900100,134,3,131
111900101,104,26,78
111900102,482,341,141
111900103,69,80,-11
111900104,129,65,64
111900105,270,180,90
111900106,700,35,665
111900110,1265,310,955
111900111,240,95,145
111900112,385,2453,-2068
111900113,208,87,121
111900118,342,103,239
111900119,270,152,118
111900122,112,71,41
111900123,18,38,-20
111900124,41,78,-37
111900125,535,43,492
111900126,279,8,271
111900127,0,431,-431
111900128,4,330,-326
111900129,325,11,314
111900130,195,50,145
111900131,481,5,476
111900132,22,652,-630
111900133,22,200,-178
111900134,14,164,-150
111900135,14,20,-6
111900136,47,149,-102
111900137,67,55,12
111900138,18,65,-47
111900139,18,91,-73
111900140,155,24,131
111900141,60,10,50
111900142,87,47,40
111900143,12,129,-117
111900144,0,39,-39
111900145,0,261,-261
111900146,1,155,-154
111900147,83,257,-174
111900148,23,384,-361
111900149,1,186,-185
111900150,11,96,-85
111900151,8,49,-41
111900152,68,63,5
111900153,860,527,333
111900154,15,265,-250
111900155,60,82,-22
111900156,54,62,-8
111900157,120,11,109
111900158,460,83,377
111900159,304,35,269
111900160,274,2,272
111900161,192,0,192
111900162,82,134,-52
111900163,40,170,-130
111900164,117,81,36
111901113,580,135,445
111901114,501,185,316
111901115,107,5,102
111901116,61,6,55
111901117,17,68,-51
111901118,60,387,-327
111901119,452,96,356
111901121,128,122,6
111901122,4,314,-310
111901123,231,245,-14
111901124,217,1,216
111901125,442,169,273
111901127,410,533,-123
111901128,7,78,-71
111901129,4,110,-106
111901130,5,145,-140
111901131,4,215,-211
111901132,52,23,29
111901133,51,2,49
111901134,93,11,82
111901135,38,12,26
111901136,34,62,-28
111901137,1,36,-35
111901138,166,23,143
111901139,24,25,-1
111901140,3,51,-48
111901141,9,77,-68
111901142,9,59,-50
111901143,1,73,-72
111901144,39,44,-5
111901145,181,253,-72
111901146,252,11,241
111901147,27,27,0
111901148,3,11,-8
112000001,1687,632,1055
112000002,629,1618,-989
112000003,1456,967,489
112000004,694,614,80
112000005,3101,3143,-42
112000006,1563,1152,411
112000007,3125,2070,1055
112000008,2320,3492,-1172
112000009,2432,2036,396
112000010,2866,3316,-450
112000011,1418,1241,177
112000012,3660,4988,-1328
112000013,2462,2704,-242
112000014,1731,2821,-1090
112000015,1833,3220,-1387
112000016,3270,1846,1424
112000017,1731,3000,-1269
112000024,1616,732,884
112000026,2195,2707,-512
112000027,741,577,164
112000028,914,1122,-208
112000029,535,687,-152
112000030,115,62,53
112000031,1118,4438,-3320
112000032,204,51,153
112000033,1372,2454,-1082
112000034,118,54,64
112000035,61,425,-364
112000036,727,1083,-356
112000037,638,638,0
112000038,1128,970,158
112000039,86,54,32
112000040,56,235,-179
112000041,354,417,-63
112000042,857,394,463
112000050,1104,1194,-90
112000051,953,1416,-463
112000054,1372,1236,136
112000057,513,347,166
112000058,265,543,-278
112000059,578,730,-152
112000061,2444,1960,484
112000062,1483,909,574
112000063,1025,1967,-942
112000064,3138,4381,-1243
112000065,1426,1926,-500
112000066,3334,1499,1835
112000067,626,583,43
112000068,3091,2526,565
112000069,546,1384,-838
112000070,1729,850,879
112000071,857,2017,-1160
112000072,2471,769,1702
112000073,1561,1787,-226
112000074,1486,1011,475
112000075,1269,1113,156
112000076,2792,2079,713
112000077,677,421,256
112000078,1991,517,1474
112000079,1368,1055,313
112000080,713,595,118
112000081,1098,1805,-707
112000082,1490,723,767
112000083,545,970,-425
112000084,1312,629,683
112000085,1010,679,331
112000086,1655,833,822
112000087,453,357,96
112000088,823,386,437
112000089,240,250,-10
112000090,214,244,-30
112000091,594,662,-68
112000092,1970,942,1028
112000093,1432,662,770
112000094,658,647,11
112000095,639,653,-14
112000096,609,551,58
112000097,1244,753,491
112000098,785,724,61
112000099,761,1611,-850
112000100,1850,666,1184
112000101,560,595,-35
112000102,1343,393,950
112000103,325,624,-299
112000105,445,888,-443
112000106,1613,361,1252
112000107,51,146,-95
112000108,239,1169,-930
112000109,129,64,65
112000110,1813,551,1262
112000111,874,2798,-1924
112000112,3296,627,2669
112000113,780,1313,-533
112000114,2237,859,1378
112000115,346,355,-9
112000116,590,725,-135
112000117,974,710,264
112000118,795,562,233
112000119,412,456,-44
112000120,61,245,-184
112000121,137,330,-193
112000122,300,112,188
112000123,736,141,595
112000124,376,52,324
112000125,228,191,37
112000126,266,300,-34
112000127,1916,2457,-541
112000128,730,639,91
112000129,126,90,36
112000130,221,77,144
112000131,45,179,-134
112000132,113,216,-103
112000133,346,133,213
112000134,367,293,74
112000135,1168,605,563
112000136,813,968,-155
112000137,1433,1478,-45
112000138,1192,1131,61
112000139,852,599,253
112000140,768,996,-228
112000141,844,386,458
112000142,157,408,-251
112000143,1113,174,939
112000144,233,759,-526
112000145,2510,491,2019
112000146,494,1249,-755
112000147,2332,1493,839
112000148,1326,1644,-318
112000149,530,453,77
112000150,266,432,-166
112000151,389,292,97
112000152,356,296,60
112000153,183,197,-14
112000154,149,188,-39
112000155,118,142,-24
112000157,576,492,84
112000158,310,269,41
112000159,452,292,160
112000167,367,149,218
112000169,278,412,-134
112000173,721,185,536
112000175,391,318,73
112000176,1923,1885,38
112000177,793,202,591
112000178,68,228,-160
112000179,274,80,194
112000180,211,238,-27
112000181,1192,1311,-119
112000182,1375,1052,323
112000183,29,46,-17
112000184,446,268,178
112000185,564,385,179
112000187,3567,2109,1458
112000195,141,22,119
112000196,187,2,185
112000197,169,149,20
112000198,20,235,-215
112000199,732,603,129
112000202,538,4,534
112000216,47,236,-189
112000230,78,7,71
112000231,11,162,-151
112000256,63,241,-178
112000313,51,68,-17
112000314,69,36,33
112000337,335,517,-182
112000352,285,318,-33
112000392,1419,1179,240
112000398,1342,789,553
112000399,1277,1913,-636
112000400,1349,1894,-545
112000401,1878,1344,534
112000402,2661,3107,-446
112000403,1261,2912,-1651
112000404,968,862,106
112000405,1861,2466,-605
112000406,2275,1527,748
112000407,6678,6833,-155
112000408,5991,4233,1758
112000409,1281,2696,-1415
112000410,491,296,195
112000411,2683,1406,1277
112000412,1153,458,695
112000413,5294,5427,-133
112000414,89,70,19
112000415,161,49,112
112000416,2479,1147,1332
112000417,284,87,197
112000421,70,108,-38
112000422,345,227,118
112000424,1467,2365,-898
112000425,453,522,-69
112000426,131,230,-99
112000427,2,13,-11
112000428,390,254,136
112000429,1755,1795,-40
112000430,2047,2444,-397
112000431,87,156,-69
112000432,622,812,-190
112000433,395,811,-416
112000437,83,124,-41
112900001,96,1,95
112900002,430,670,-240
112900003,104,227,-123
112900004,35,184,-149
112900005,224,159,65
112900006,3,230,-227
112900007,60,152,-92
112900008,0,32,-32
112900009,386,102,284
112900010,364,508,-144
112900011,165,147,18
112900012,1,51,-50
112900013,3,137,-134
112900014,3,156,-153
112900015,381,639,-258
112900016,19,181,-162
112900017,38,161,-123
112900018,1,142,-141
112900019,25,129,-104
112900020,364,999,-635
112900021,5,143,-138
112900022,19,52,-33
112900023,1,99,-98
112900024,6,166,-160
112900025,69,209,-140
112900026,7,139,-132
112900027,3,739,-736
112900028,19,74,-55
112900029,19,369,-350
112900030,65,104,-39
112900031,3,343,-340
112900032,214,194,20
112900034,0,34,-34
112900035,2,265,-263
112900036,40,91,-51
112900037,128,151,-23
112900038,701,149,552
112900039,13,174,-161
112900040,8,357,-349
112900041,844,1063,-219
112900042,43,273,-230
112900043,37,61,-24
112900044,336,337,-1
112900045,217,212,5
112900046,120,53,67
112900047,4,18,-14
112900049,214,59,155
112900050,20,399,-379
112900051,259,402,-143
112900052,3,603,-600
112900053,276,125,151
112900054,120,50,70
112900055,116,65,51
112900056,351,191,160
112900057,14,313,-299
112900058,315,351,-36
112900059,122,120,2
112900060,19,132,-113
112900061,76,90,-14
112900062,66,87,-21
112900063,71,20,51
112900064,169,212,-43
112900065,23,27,-4
112900066,234,172,62
112900067,289,125,164
112900068,51,46,5
112900069,1264,644,620
112900071,36,11,25
112900072,113,2028,-1915
112900073,316,108,208
112900074,74,302,-228
112900075,963,943,20
112900076,56,47,9
112900078,295,367,-72
112900079,186,21,165
112900080,59,5,54
112900081,46,184,-138
112900082,534,27,507
112900083,119,160,-41
112900084,247,130,117
112900086,77,0,77
112900087,751,116,635
112900088,198,40,158
112900089,844,30,814
112900090,69,29,40
112900091,287,9,278
112900092,137,348,-211
112900093,1122,29,1093
112900095,50,1,49
112900096,482,155,327
112900097,55,255,-200
112900098,168,5,163
112900099,816,28,788
112900100,57,1,56
112900101,352,4,348
112900102,185,19,166
112900103,186,12,174
112900104,128,3,125
112900105,24,0,24
112900106,392,119,273
112900107,8,2,6
112900108,8,0,8
112900109,101,0,101
112900110,1367,16,1351
112900111,623,4,619
112900112,295,2,293
112900113,2,3,-1
112900114,200,11,189
112900115,1359,5,1354
112900116,148,17,131
112900117,76,42,34
112900118,29,59,-30
112900119,187,2,185
112900120,597,275,322
112900121,61,118,-57
112900122,39,79,-40
112900123,80,16,64
112900124,7,79,-72
112900125,63,442,-379
112900126,161,197,-36
112900127,378,89,289
112900128,276,492,-216
112900129,4,537,-533
112900130,198,74,124
112900131,45,213,-168
112900132,125,268,-143
112900133,17,819,-802
112900134,0,211,-211
112900135,86,45,41
112900137,0,295,-295
112900138,9,198,-189
112900139,191,879,-688
112900141,834,62,772
112900142,57,192,-135
112900143,33,317,-284
112900144,2,203,-201
112900145,17,329,-312
112900146,7,764,-757
112900147,4,1264,-1260
112900148,40,1,39
112900149,221,447,-226
112900151,18,41,-23
112900152,2619,647,1972
112900153,1258,2101,-843
112900154,0,73,-73
112900155,177,36,141
112900156,244,669,-425
112900157,531,145,386
112900158,89,30,59
112900159,209,137,72
112900160,48,234,-186
112900161,99,54,45
112900162,14,15,-1
112900163,48,27,21
112900164,13,170,-157
112900165,154,28,126
112900166,9,57,-48
112900167,2,70,-68
112900168,4,3,1
112900169,12,23,-11
112900170,97,58,39
112900172,26,9,17
112900173,132,98,34
112900174,219,31,188
112900175,105,164,-59
112900176,7,59,-52
112900177,234,69,165
112900178,741,2221,-1480
112900179,37,395,-358
112900180,1842,1227,615
112900181,589,15,574
112900182,64,636,-572
112900183,132,292,-160
112900184,372,454,-82
112900185,244,620,-376
112900186,1148,1002,146
112900187,85,538,-453
112900188,527,885,-358
112900189,17,29,-12
112900190,13,79,-66
112900192,587,617,-30
112900193,1278,378,900
112900194,80,72,8
112900195,919,34,885
112900196,230,269,-39
112900197,162,318,-156
112900199,625,337,288
112900200,507,164,343
112900201,147,92,55
112900202,362,532,-170
112900203,309,180,129
112900204,725,471,254
112900205,12,10,2
112900206,34,70,-36
112900207,27,0,27
112900208,80,287,-207
112900209,392,285,107
112900210,2,36,-34
112900211,45,13,32
112900212,1,68,-67
112900213,48,8,40
112900214,21,19,2
112900215,12,102,-90
112900216,19,48,-29
112900217,2,56,-54
112900218,75,17,58
112900219,107,16,91
112900220,0,0,0
112900221,148,81,67
112900222,1,19,-18
112900223,924,27,897
112900224,365,331,34
112900225,465,230,235
112900226,238,372,-134
112900227,716,673,43
112900228,76,27,49
112900229,239,36,203
112900230,5462,3231,2231
112900232,269,246,23
112900233,55,120,-65
112900234,15,86,-71
112900235,72,23,49
112900236,321,13,308
112900237,206,173,33
112900238,4,19,-15
112900239,500,397,103
112900240,3,8,-5
112900241,0,6,-6
112900242,4,8,-4
112900243,3,6,-3
112900244,0,4,-4
112900245,0,0,0
112900246,0,3,-3
112900247,3,12,-9
112900248,0,0,0
112900249,5,1,4
112900250,12,1,11
112900251,17,4,13
112900252,10,1,9
112900253,4,0,4
112900254,2,0,2
112900255,2,6,-4
112900256,1,9,-8
112900257,6,4,2
113000001,5390,3931,1459
113000002,3554,3025,529
113000003,1892,1225,667
113000004,1296,2023,-727
113000005,1622,887,735
113000006,945,981,-36
113000007,2007,977,1030
113000008,1489,1467,22
113000009,1091,670,421
113000010,997,1127,-130
113000011,760,1271,-511
113000012,1820,601,1219
113000013,1106,577,529
113000014,1202,1312,-110
113000015,309,196,113
113000016,342,728,-386
113000017,32,277,-245
113000018,325,29,296
113000019,102,300,-198
113000020,431,97,334
113000021,1028,449,579
113000022,699,1141,-442
113000025,116,287,-171
113000026,516,499,17
113000027,567,719,-152
113000028,776,487,289
113000029,815,694,121
113000030,336,516,-180
113000031,244,233,11
113000032,262,304,-42
113000033,269,477,-208
113000034,306,312,-6
113000035,38,34,4
113000036,23,54,-31
113000037,67,25,42
113000038,10,47,-37
113000039,106,292,-186
113000040,66,85,-19
113000042,717,481,236
113000051,834,1851,-1017
113000052,1581,625,956
113000053,389,413,-24
113000054,386,533,-147
113000055,1167,438,729
113000056,1005,819,186
113000058,734,755,-21
113000059,1027,554,473
113000060,332,451,-119
113000061,407,739,-332
113000062,604,251,353
113000063,188,53,135
113000064,44,189,-145
113000065,137,537,-400
113000066,824,94,730
113000067,2276,959,1317
113000068,363,916,-553
113000069,453,743,-290
113000070,2469,918,1551
113000071,426,518,-92
113000072,815,435,380
113000073,331,1169,-838
113000074,915,457,458
113000075,1838,695,1143
113000076,534,1966,-1432
113000077,1165,799,366
113000078,721,2265,-1544
113000079,853,828,25
113000080,587,795,-208
113000081,910,1099,-189
113000082,1126,858,268
113000083,492,859,-367
113000084,1424,1201,223
113000085,823,743,80
113000086,1241,1250,-9
113000087,1076,991,85
113000088,2084,1194,890
113000089,947,1525,-578
113000090,258,534,-276
113000091,455,356,99
113000094,1173,221,952
113000095,197,581,-384
113000096,115,565,-450
113000097,1094,424,670
113000098,126,38,88
113000099,845,343,502
113000100,96,350,-254
113000101,307,583,-276
113000102,609,457,152
113000103,1720,311,1409
113000104,541,1854,-1313
113000105,772,433,339
113000106,370,334,36
113000107,853,679,174
113000108,607,855,-248
113000109,525,1490,-965
113000110,1664,403,1261
113000111,171,551,-380
113000112,407,374,33
113000113,1182,328,854
113000114,245,1362,-1117
113000116,590,250,340
113000117,739,100,639
113000118,90,443,-353
113000119,360,284,76
113000120,64,235,-171
113000121,396,831,-435
113000124,238,100,138
113000125,59,746,-687
113000127,1779,244,1535
113000128,682,603,79
113000129,545,695,-150
113000133,1853,1571,282
113000134,6,942,-936
113000135,3961,4129,-168
113000137,1527,3484,-1957
113000139,378,228,150
113000140,100,255,-155
113000141,196,218,-22
113000142,386,1012,-626
113000143,237,224,13
113000144,243,616,-373
113000145,72,123,-51
113000146,133,58,75
113000147,161,74,87
113000148,170,108,62
113000149,117,103,14
113000150,529,274,255
113000151,63,35,28
113000152,34,101,-67
113000153,1294,599,695
113000154,818,1437,-619
113000155,370,545,-175
113000156,170,360,-190
113000157,342,779,-437
113000158,637,264,373
113000159,943,637,306
113000160,647,896,-249
113000161,335,400,-65
113000162,902,408,494
113000163,78,38,40
113000164,25,57,-32
113000166,169,87,82
113000167,32,74,-42
113000168,84,88,-4
113000169,195,60,135
113000170,107,79,28
113000171,44,87,-43
113000172,289,60,229
113000173,80,39,41
113000174,127,358,-231
113000175,380,103,277
113000176,485,153,332
113000177,232,371,-139
113000178,182,252,-70
113000179,260,160,100
113000180,630,945,-315
113000181,1080,835,245
113000182,145,304,-159
113000183,145,597,-452
113000184,18,102,-84
113000189,353,826,-473
113000190,635,437,198
113000192,939,2808,-1869
113000193,2716,2178,538
113000194,974,1121,-147
113000195,1612,1196,416
113000196,149,69,80
113000197,1063,1240,-177
113000198,68,217,-149
113000199,1143,335,808
113000201,210,303,-93
113000202,3486,874,2612
113000203,150,103,47
113000204,820,2418,-1598
113000205,18,22,-4
113000206,18,41,-23
113000207,59,20,39
113000208,34,74,-40
113000209,8,12,-4
113000210,6,21,-15
113000211,137,284,-147
113000212,76,14,62
113000213,36,172,-136
113000214,121,271,-150
113000234,190,597,-407
113000410,101,226,-125
113000411,2021,3680,-1659
113000412,4802,2231,2571
113000413,1960,3050,-1090
113000414,4986,12061,-7075
113000415,2062,2648,-586
113000416,6100,3554,2546
113000417,3035,2683,352
113000418,3866,2962,904
113000419,1773,2497,-724
113000420,3470,5942,-2472
113000421,3763,6319,-2556
113000422,9887,10709,-822
113000423,2058,5165,-3107
113000424,2460,8910,-6450
113000425,2,84,-82
113000428,15,16,-1
113000430,1,49,-48
113000432,1969,158,1811
113000433,83,502,-419
113000434,23,155,-132
113000435,35,419,-384
113000436,27,866,-839
113000437,1072,18,1054
113000438,289,15,274
113000439,14,89,-75
113000440,131,37,94
113000441,248,194,54
113000442,122,121,1
113000443,288,158,130
113000444,213,127,86
113000445,146,96,50
113000446,50,81,-31
113000448,205,153,52
113000449,133,639,-506
113000450,469,1368,-899
113000451,1049,175,874
113000452,211,352,-141
113000453,81,365,-284
113000454,386,95,291
113000455,49,307,-258
113000456,2953,2501,452
113000468,1106,135,971
113000469,83,84,-1
113000470,305,18,287
113000471,4,323,-319
113000472,82,276,-194
113000474,645,514,131
113000475,1378,1317,61
113000476,1249,1621,-372
113000477,2990,1663,1327
113000478,3030,3702,-672
113000479,90,118,-28
113000483,0,0,0
113000484,0,0,0
113000485,0,0,0
113000486,0,0,0
113000487,0,0,0
113000488,0,0,0
113000489,0,0,0
113000490,0,0,0
113000491,0,2,-2
113000492,0,2,-2
113000493,2,0,2
113000495,169,120,49
113000496,142,78,64
113000497,0,0,0
113000499,0,1,-1
113900001,2,153,-151
113900002,0,48,-48
113900003,0,54,-54
113900004,2,45,-43
113900005,1,62,-61
113900006,1,16,-15
113900007,56,29,27
113900008,21,0,21
113900009,58,0,58
113900010,68,4,64
113900011,60,0,60
113900012,46,1,45
113900013,155,1,154
113900014,513,2,511
113900015,0,75,-75
113900016,55,1,54
113900017,1,53,-52
113900018,351,205,146
113900019,123,24,99
113900020,141,1,140
113900022,36,0,36
113900023,36,0,36
113900024,59,37,22
113900025,301,26,275
113900026,68,0,68
113900027,8,57,-49
113900028,15,343,-328
113900029,53,140,-87
113900030,248,1,247
113900031,13,0,13
113900032,24,0,24
113900033,94,47,47
113900035,70,0,70
113900036,24,88,-64
113900037,173,340,-167
113900038,58,117,-59
113900039,165,28,137
113900040,12,18,-6
113900041,0,3,-3
113900042,88,23,65
113900043,135,94,41
113900044,222,284,-62
113900045,100,2,98
113900046,218,646,-428
113900047,33,100,-67
113900048,132,99,33
113900049,390,251,139
113900050,209,269,-60
113900051,210,235,-25
113900052,128,119,9
113900053,626,460,166
113900054,17,0,17
113900055,110,344,-234
113900056,62,171,-109
113900057,19,65,-46
113900058,67,101,-34
113900059,193,228,-35
113900060,181,219,-38
113900061,720,292,428
113900062,93,13,80
113900063,70,91,-21
113900064,20,100,-80
113900065,340,16,324
113900066,320,240,80
113900067,171,251,-80
113900068,549,429,120
113900069,106,26,80
113900070,131,354,-223
113900071,58,57,1
113900072,54,94,-40
113900073,223,313,-90
113900074,123,522,-399
113900075,1227,1117,110
113900076,182,10,172
113900077,63,133,-70
113900078,34,68,-34
113900079,0,29,-29
113900080,509,174,335
113900081,54,150,-96
113900082,81,235,-154
113900083,397,228,169
113900084,212,107,105
113900085,41,222,-181
113900086,48,15,33
113900087,82,93,-11
113900088,67,68,-1
113900089,376,46,330
113900090,613,337,276
113900091,10,4,6
113900092,41,69,-28
113900093,66,678,-612
113900094,452,329,123
113900095,120,115,5
113900096,291,75,216
113900097,33,86,-53
113900098,574,86,488
113900099,0,25,-25
113900100,1,1,0
113900101,17,66,-49
113900102,109,136,-27
113900103,309,323,-14
113900104,147,218,-71
113900105,112,158,-46
113900106,2,49,-47
113900107,1,15,-14
113900108,198,236,-38
113900109,297,152,145
113900110,42,15,27
113900111,131,96,35
113900112,111,50,61
113900113,855,458,397
113900114,2,50,-48
113900115,0,53,-53
113900116,99,130,-31
113900117,104,17,87
113900118,203,348,-145
113900119,209,453,-244
113900120,80,78,2
113900121,68,83,-15
113900122,337,1854,-1517
113900123,457,224,233
113900124,0,71,-71
113900125,753,125,628
113900126,161,26,135
113900127,248,600,-352
113900128,145,71,74
113900129,21,188,-167
113900130,2,83,-81
113900131,285,41,244
113900132,48,63,-15
113900133,18,53,-35
113900135,282,273,9
113900136,105,64,41
113900137,343,254,89
113900138,64,228,-164
113900139,241,206,35
113900140,156,269,-113
113900141,507,258,249
113900142,120,83,37
113900143,10,46,-36
113900144,117,244,-127
113900145,401,108,293
113900146,171,49,122
113900148,127,318,-191
113900149,199,80,119
113900150,464,447,17
113900151,401,158,243
113900152,25,44,-19
113900153,247,538,-291
113900154,2,113,-111
113900155,163,159,4
113900156,233,322,-89
113900157,29,247,-218
113900158,243,395,-152
113900159,18,202,-184
113900160,491,374,117
113900161,42,234,-192
113900162,339,664,-325
113900163,244,277,-33
113900164,248,44,204
113900165,709,392,317
113900166,147,136,11
113900167,264,39,225
113900168,84,68,16
113900169,175,336,-161
113900171,211,86,125
113900172,7,126,-119
113900173,31,409,-378
113900174,464,476,-12
113900175,291,140,151
113900176,268,427,-159
113900177,283,159,124
113900178,216,118,98
113900179,22,310,-288
113900180,134,71,63
113900181,555,106,449
113900182,628,751,-123
113900183,47,60,-13
113900184,10,219,-209
113900185,120,62,58
113900186,46,46,0
113900187,48,106,-58
113900188,43,112,-69
113900189,241,118,123
113900190,263,115,148
113900191,101,190,-89
113900192,3,497,-494
113900193,15,144,-129
113900194,1171,784,387
113900195,218,366,-148
113900196,32,129,-97
113900197,1,127,-126
113900198,23,200,-177
113900199,118,532,-414
113900200,14,224,-210
113900201,1,129,-128
113900202,29,289,-260
113900203,0,55,-55
113900204,31,466,-435
113900205,11,156,-145
113900206,3,130,-127
113900207,2,25,-23
113900208,2,41,-39
113900209,0,105,-105
113900210,555,659,-104
113900211,213,57,156
113900212,200,337,-137
113900214,368,362,6
113900215,139,107,32
113900216,106,564,-458
113900217,76,121,-45
113900218,131,90,41
113900219,82,426,-344
113900220,141,134,7
113900221,355,213,142
113900222,187,458,-271
113900223,203,544,-341
113900224,72,96,-24
113900225,573,179,394
113900226,309,111,198
113900227,428,225,203
113900228,218,483,-265
113900229,63,585,-522
113900230,2991,3199,-208
113900231,123,114,9
113900232,78,69,9
113900233,86,66,20
113900234,333,433,-100
113900235,132,26,106
113900236,176,177,-1
113900237,190,4,186
113900238,244,579,-335
113900239,42,99,-57
113900240,9,157,-148
113900241,109,59,50
113900242,57,165,-108
113900243,90,305,-215
113900244,232,177,55
113900245,903,226,677
113900246,13,28,-15
113900247,128,388,-260
113900248,2085,1583,502
113900249,565,318,247
113900250,40,174,-134
113900251,691,121,570
113900252,551,17,534
113900253,661,47,614
113900254,782,149,633
113900255,448,12,436
113900256,346,22,324
113900257,24,399,-375
113900258,32,271,-239
113900259,538,125,413
113900260,168,20,148
113900261,21,54,-33
113900262,101,379,-278
113900263,96,446,-350
113900264,2,350,-348
113900265,116,246,-130
113900266,49,167,-118
113900267,104,455,-351
113900268,306,356,-50
113900269,88,123,-35
113900270,243,550,-307
113900271,616,799,-183
113900273,20,13,7
113900274,59,36,23
113900275,32,72,-40
113900276,1,126,-125
113900277,139,4,135
113900278,209,155,54
113900279,48,71,-23
113900280,1169,478,691
113900281,405,1165,-760
113900282,630,502,128
113900283,422,400,22
113900284,757,137,620
113900285,99,41,58
113900286,23,73,-50
113900287,56,26,30
113900288,3,128,-125
113900289,607,70,537
113900290,255,225,30
113900291,101,108,-7
113900292,8,4,4
113900293,1,181,-180
113900294,449,11,438
113900295,408,416,-8
113900296,1587,336,1251
113900297,2271,39,2232
113900298,14,1463,-1449
113900299,102,99,3
113900300,3729,2958,771
113900301,711,338,373
113900302,1663,794,869
113900303,357,430,-73
113900304,1,64,-63
113900305,121,0,121
113900306,52,0,52
113900307,7,0,7
113900308,63,94,-31
113900309,2,468,-466
113900310,0,6,-6
113900311,8,0,8
113900312,179,185,-6
113900313,21,9,12
114000001,780,1804,-1024
114000002,311,214,97
114000003,43,214,-171
114000004,357,335,22
114000005,260,193,67
114000006,2757,2202,555
114000007,660,1083,-423
114000008,1324,1936,-612
114000009,739,265,474
114000011,2490,1833,657
114000012,2452,1308,1144
114000013,1673,1101,572
114000014,532,229,303
114000015,2053,332,1721
114000016,281,218,63
114000017,75,290,-215
114000018,191,17,174
114000026,1739,1105,634
114000027,2936,1715,1221
114000028,2279,2263,16
114000038,268,158,110
114000039,90,38,52
114000040,108,171,-63
114000042,221,129,92
114000043,56,57,-1
114000044,229,37,192
114000045,40,70,-30
114000046,2770,4979,-2209
114000047,9,58,-49
114000048,70,50,20
114000049,1472,1681,-209
114000050,1600,2470,-870
114000051,2944,2278,666
114000052,3245,2099,1146
114000053,96,827,-731
114000054,175,751,-576
114000055,145,36,109
114000056,692,1004,-312
114000057,3772,1852,1920
114000058,376,1459,-1083
114000059,227,336,-109
114000060,641,913,-272
114000061,2722,2707,15
114000062,1831,1773,58
114000063,1940,1498,442
114000064,4191,3482,709
114000065,1272,1980,-708
114000066,501,624,-123
114000067,39,731,-692
114000068,555,639,-84
114000069,926,654,272
114000070,2031,1720,311
114000071,710,471,239
114000072,531,195,336
114000073,23,52,-29
114000074,69,23,46
114000075,67,56,11
114000076,26,72,-46
114000077,7,21,-14
114000078,370,400,-30
114000079,150,16,134
114000080,73,86,-13
114000081,72,92,-20
114000082,45,315,-270
114000083,109,173,-64
114000084,382,79,303
114000085,77,469,-392
114000086,258,295,-37
114000087,128,159,-31
114000088,50,33,17
114000089,634,347,287
114000090,824,946,-122
114000091,1436,996,440
114000092,844,473,371
114000093,1318,649,669
114000094,341,410,-69
114000095,275,177,98
114000096,78,290,-212
114000097,107,361,-254
114000098,594,100,494
114000099,714,350,364
114000100,1562,467,1095
114000101,446,468,-22
114000102,520,269,251
114000103,120,272,-152
114000104,14,176,-162
114000105,133,73,60
114000106,745,1036,-291
114000107,374,96,278
114000108,1006,782,224
114000109,562,1025,-463
114000110,607,921,-314
114000111,1760,798,962
114000112,400,1214,-814
114000113,1210,481,729
114000114,994,1008,-14
114000115,2043,1018,1025
114000116,901,1563,-662
114000117,2976,451,2525
114000118,2328,428,1900
114000119,1763,423,1340
114000120,506,549,-43
114000121,363,624,-261
114000122,341,293,48
114000123,2174,347,1827
114000124,960,239,721
114000125,775,963,-188
114000126,1955,256,1699
114000127,216,125,91
114000128,793,249,544
114000130,521,430,91
114000131,301,116,185
114000132,612,521,91
114000133,709,1286,-577
114000134,52,98,-46
114000138,29,172,-143
114000139,432,342,90
114000144,835,521,314
114000145,83,132,-49
114000146,111,199,-88
114000147,1448,1868,-420
114000148,1424,1521,-97
114000149,387,260,127
114000150,476,646,-170
114000151,727,1337,-610
114000152,169,35,134
114000153,643,2447,-1804
114000154,624,759,-135
114000155,1209,2171,-962
114000156,704,727,-23
114000157,269,1009,-740
114000158,1172,747,425
114000159,179,485,-306
114000160,94,430,-336
114000161,1165,2927,-1762
114000162,1000,2397,-1397
114000163,13,94,-81
114000165,580,306,274
114000166,706,472,234
114000167,2601,1446,1155
114000168,629,490,139
114000169,1347,1315,32
114000170,1124,1216,-92
114000171,1212,3511,-2299
114000174,221,372,-151
114000176,313,488,-175
114000177,1232,654,578
114000178,36,40,-4
114000179,1012,681,331
114000180,323,536,-213
114000181,1317,3580,-2263
114000182,1902,2022,-120
114000183,799,775,24
114000184,2458,740,1718
114000185,1132,678,454
114000189,1201,155,1046
114000190,2972,442,2530
114000191,70,98,-28
114000192,166,901,-735
114000193,415,1636,-1221
114000194,1241,568,673
114000195,182,51,131
114000196,0,162,-162
114000197,1369,26,1343
114000198,581,337,244
114000199,1524,1419,105
114000200,541,1278,-737
114000201,121,562,-441
114000202,974,419,555
114000203,398,420,-22
114000204,115,349,-234
114000205,209,1050,-841
114000206,578,1030,-452
114000207,555,1154,-599
114000208,376,1691,-1315
114000209,562,1511,-949
114000210,195,770,-575
114000211,810,1100,-290
114000212,737,750,-13
114000213,1266,512,754
114000214,90,211,-121
114000215,235,70,165
114000216,1602,303,1299
114000217,360,173,187
114000218,114,172,-58
114000219,1236,155,1081
114000220,23,778,-755
114000221,822,141,681
114000222,150,726,-576
114000223,551,134,417
114000224,97,410,-313
114000225,257,470,-213
114000226,209,241,-32
114000227,699,423,276
114000228,740,559,181
114000229,1059,971,88
114000230,1633,1056,577
114000231,996,1076,-80
114000232,753,134,619
114000233,1967,129,1838
114000234,916,604,312
114000235,879,828,51
114000236,2,301,-299
114000237,107,643,-536
114000238,131,153,-22
114000239,137,916,-779
114000240,629,664,-35
114000241,285,760,-475
114000242,748,662,86
114000243,1427,702,725
114000244,513,297,216
114000245,292,641,-349
114000246,94,44,50
114000247,533,482,51
114000248,1006,418,588
114000249,400,383,17
114000250,497,558,-61
114000251,419,225,194
114000252,72,34,38
114000253,39,114,-75
114000254,41,72,-31
114000255,646,266,380
114000256,1158,2163,-1005
114000257,311,929,-618
114000258,265,335,-70
114000259,85,189,-104
114000260,1,22,-21
114000261,48,42,6
114000262,196,94,102
114000263,10,2,8
114000264,1231,372,859
114000265,0,0,0
114000267,1,1376,-1375
114000268,5,840,-835
114000270,139,1,138
114000271,319,39,280
114000283,1176,300,876
114000285,17,125,-108
114000288,95,336,-241
114000289,1276,125,1151
114000293,179,315,-136
114000294,168,277,-109
114000395,1176,26,1150
114000396,617,527,90
114000402,523,206,317
114000403,291,263,28
114000405,150,345,-195
114000423,313,223,90
114000424,356,190,166
114000425,914,245,669
114000426,297,825,-528
114000427,72,90,-18
114000428,158,221,-63
114000429,18,169,-151
114000432,123,80,43
114000434,44,105,-61
114000435,8,139,-131
114900001,827,565,262
114900002,570,90,480
114900003,831,813,18
114900004,223,560,-337
114900005,709,476,233
114900006,116,67,49
114900007,343,33,310
114900008,192,95,97
114900010,1712,1953,-241
114900011,222,114,108
114900013,255,134,121
114900015,85,399,-314
114900018,736,34,702
114900020,228,111,117
114900022,23,513,-490
114900024,268,152,116
114900025,437,207,230
114900026,71,135,-64
114900027,234,251,-17
114900029,36,20,16
114900030,320,248,72
114900031,389,21,368
114900032,413,16,397
114900033,708,766,-58
114900034,63,198,-135
114900035,174,270,-96
114900036,179,414,-235
114900037,132,140,-8
114900038,196,470,-274
114900039,524,415,109
114900040,72,109,-37
114900041,705,392,313
114900042,824,496,328
114900043,438,174,264
114900044,123,29,94
114900046,58,103,-45
114900047,186,1701,-1515
114900048,96,197,-101
114900049,12,114,-102
114900050,40,278,-238
114900051,31,307,-276
114900052,95,218,-123
114900053,126,256,-130
114900054,55,95,-40
114900057,222,10,212
114900058,1,81,-80
114900059,68,64,4
114900060,833,952,-119
114900061,130,146,-16
114900062,172,316,-144
114900063,81,174,-93
114900064,1385,309,1076
114900065,405,602,-197
114900067,72,349,-277
114900068,43,122,-79
114900069,154,95,59
114900070,605,262,343
114900072,4,235,-231
114900073,1,111,-110
114900074,683,393,290
114900075,331,6,325
114900076,13,338,-325
114900080,1249,231,1018
114900082,3000,2115,885
114900083,906,1015,-109
114900090,372,206,166
114900091,88,149,-61
114900095,263,92,171
114900096,402,652,-250
114900097,175,4,171
114900098,3,139,-136
114900099,209,7,202
115000001,4350,2729,1621
115000002,3791,3899,-108
115000003,4009,2081,1928
115000004,4008,5227,-1219
115000005,1452,1600,-148
115000006,1005,1392,-387
115000007,226,230,-4
115000008,616,519,97
115000009,239,201,38
115000010,280,181,99
115000013,86,196,-110
115000015,88,279,-191
115000016,68,218,-150
115000019,28,450,-422
115000020,172,634,-462
115000021,237,382,-145
115000022,484,342,142
115000023,433,478,-45
115000024,857,376,481
115000025,908,572,336
115000026,147,303,-156
115000027,281,292,-11
115000028,160,655,-495
115000029,614,76,538
115000030,565,976,-411
115000031,1298,194,1104
115000032,8,260,-252
115000033,200,44,156
115000034,47,910,-863
115000035,1047,64,983
115000036,0,325,-325
115000037,482,11,471
115000038,70,174,-104
115000039,3200,3050,150
115000040,4050,2580,1470
115000041,1392,3355,-1963
115000042,649,494,155
115000043,3345,2017,1328
115000044,2882,2838,44
115000045,2216,1258,958
115000046,2475,1989,486
115000047,2244,1312,932
115000048,1752,1609,143
115000049,1372,2309,-937
115000050,2776,1485,1291
115000051,1632,2706,-1074
115000052,1812,1445,367
115000053,1766,1596,170
115000054,504,935,-431
115000055,150,797,-647
115000056,138,370,-232
115000057,495,1191,-696
115000058,363,332,31
115000059,92,88,4
115000061,144,132,12
115000062,148,185,-37
115000063,300,209,91
115000064,166,84,82
115000065,48,328,-280
115000067,153,7,146
115000069,72,231,-159
115000070,35,647,-612
115000071,95,14,81
115000072,32,52,-20
115000073,1111,37,1074
115000075,88,47,41
115000076,2541,2106,435
115000077,1764,1614,150
115000078,1244,1059,185
115000079,1541,1379,162
115000080,2315,1561,754
115000081,398,618,-220
115000082,3820,3157,663
115000083,1821,1395,426
115000084,2392,891,1501
115000085,685,683,2
115000086,1179,713,466
115000087,403,1149,-746
115000088,1836,625,1211
115000089,1142,994,148
115000090,418,842,-424
115000091,195,631,-436
115000092,658,317,341
115000093,465,1,464
115000094,4977,4817,160
115000095,3426,5056,-1630
115000096,713,938,-225
115000097,1001,803,198
115000098,1072,590,482
115000099,2262,1814,448
115000100,1035,255,780
115000101,421,1088,-667
115000102,489,193,296
115000103,343,478,-135
115000105,66,100,-34
115000106,661,267,394
115000107,188,298,-110
115000108,2351,1838,513
115000109,3232,4008,-776
115000110,1297,1491,-194
115000111,559,1306,-747
115000112,626,669,-43
115000113,598,614,-16
115000114,1425,591,834
115000116,3373,2125,1248
115000117,2983,2847,136
115000118,2620,1683,937
115000119,2306,2098,208
115000120,736,1351,-615
115000121,1052,838,214
115000122,2425,1275,1150
115000123,1024,1941,-917
115000124,718,839,-121
115000125,295,514,-219
115000126,115,304,-189
115000127,305,70,235
115000128,407,711,-304
115000129,205,313,-108
115000130,432,734,-302
115000131,891,243,648
115000132,254,317,-63
115000133,505,211,294
115000134,230,198,32
115000135,176,136,40
115000136,224,224,0
115000137,131,139,-8
115000138,357,220,137
115000139,189,167,22
115000140,350,207,143
115000141,158,152,6
115000142,168,184,-16
115000143,793,450,343
115000144,461,58,403
115000145,290,238,52
115000146,401,230,171
115000147,291,368,-77
115000148,319,705,-386
115000149,694,220,474
115000150,552,643,-91
115000151,1231,422,809
115000152,605,886,-281
115000153,1019,406,613
115000154,971,246,725
115000155,544,719,-175
115000156,996,576,420
115000157,543,677,-134
115000158,330,338,-8
115000159,559,496,63
115000160,488,374,114
115000161,121,379,-258
115000162,655,763,-108
115000163,400,547,-147
115000164,567,487,80
115000165,276,448,-172
115000167,151,74,77
115000168,429,304,125
115000169,435,295,140
115000170,107,108,-1
115000171,267,236,31
115000172,1024,636,388
115000173,260,526,-266
115000174,93,315,-222
115000175,136,157,-21
115000176,114,120,-6
115000177,86,212,-126
115000178,11,188,-177
115000179,20,36,-16
115000180,127,356,-229
115000181,707,126,581
115000182,865,234,631
115000183,318,574,-256
115000186,674,223,451
115000187,158,591,-433
115000188,405,398,7
115000189,175,387,-212
115000190,676,279,397
115000191,146,417,-271
115000194,121,209,-88
115000195,269,296,-27
115000196,164,90,74
115000197,173,170,3
115000198,323,146,177
115000199,367,113,254
115000200,340,92,248
115000201,145,255,-110
115000206,376,49,327
115000207,152,244,-92
115000208,331,549,-218
115000209,542,290,252
115000210,152,139,13
115000211,180,209,-29
115000212,1150,292,858
115000224,400,46,354
115000225,44,86,-42
115000229,160,163,-3
115000230,85,309,-224
115000231,213,1009,-796
115000232,1629,244,1385
115000233,141,160,-19
115000234,29,263,-234
115000241,71,200,-129
115000242,121,227,-106
115000243,60,166,-106
115000244,22,104,-82
115000246,39,16,23
115000247,22,24,-2
115000248,54,37,17
115000249,49,21,28
115000250,251,27,224
115000251,178,77,101
115000252,72,162,-90
115000253,14,377,-363
115000258,384,110,274
115000259,278,109,169
115000261,22,16,6
115000262,15,26,-11
115000263,12,26,-14
115000264,37,33,4
115000267,90,52,38
115000268,25,121,-96
115000269,102,47,55
115000270,3,16,-13
115000272,88,168,-80
115000273,366,25,341
115000280,2149,340,1809
115000281,628,889,-261
115000282,842,803,39
115000284,296,165,131
115000296,801,6,795
115000297,87,353,-266
115000298,24,470,-446
115000300,178,186,-8
115000302,528,123,405
115000303,662,95,567
115000304,768,64,704
115000305,83,533,-450
115000306,150,174,-24
115000307,68,188,-120
115000308,23,18,5
115000309,21,63,-42
115000310,903,572,331
115000311,932,914,18
115000313,114,386,-272
115000314,473,120,353
115000315,829,512,317
115000316,54,106,-52
115000317,185,375,-190
115000318,711,287,424
115000319,56,263,-207
115000320,6,262,-256
115000321,218,14,204
115000322,37,168,-131
115000449,145,156,-11
115000557,4,1130,-1126
115000558,313,89,224
115000587,529,228,301
115000588,1746,2056,-310
115000589,3163,1993,1170
115000590,1019,1329,-310
115000591,1493,727,766
115000592,576,1552,-976
115000593,1392,631,761
115000594,632,2162,-1530
115000609,181,285,-104
115000617,906,2327,-1421
115000624,250,58,192
115000633,382,1436,-1054
115000634,2335,679,1656
115000635,547,117,430
115000638,501,572,-71
115000641,61,116,-55
115000642,342,251,91
115000643,92,440,-348
115000644,105,388,-283
115000646,784,1498,-714
115000647,189,461,-272
115000648,1860,1161,699
115000893,2519,1552,967
115000894,114,802,-688
115000895,312,685,-373
115000896,970,359,611
115000897,475,136,339
115000898,582,221,361
115000899,339,1042,-703
115000900,47,306,-259
115000901,55,127,-72
115000912,467,89,378
115000913,1,9,-8
115000915,30,1,29
115000916,3,0,3
115000917,0,4,-4
115000918,82,340,-258
115000919,4,16,-12
115000920,17,49,-32
115000921,390,71,319
115000922,747,743,4
115000923,342,992,-650
115000925,103,62,41
115000927,30,50,-20
115000933,157,187,-30
115000934,79,135,-56
115000935,95,74,21
115000936,47,631,-584
115000937,651,124,527
115000938,97,187,-90
115000939,76,138,-62
115000940,27,21,6
115000941,2,24,-22
115000942,14,129,-115
115000943,14,26,-12
115000944,3,9,-6
115900001,95,28,67
115900002,94,93,1
115900003,180,79,101
115900004,1,34,-33
115900005,187,10,177
115900006,156,187,-31
115900008,66,6,60
115900009,86,169,-83
115900010,353,106,247
115900011,418,214,204
115900012,157,42,115
115900013,357,104,253
115900014,143,82,61
115900015,97,43,54
115900016,114,31,83
115900017,22,5,17
115900018,173,71,102
115900019,133,6,127
115900020,73,4,69
115900021,740,166,574
115900022,1048,12,1036
115900023,24,7,17
115900025,68,250,-182
115900026,802,159,643
115900027,0,210,-210
115900028,431,41,390
115900029,36,226,-190
115900030,17,19,-2
115900031,235,284,-49
115900032,464,534,-70
115900033,1,49,-48
115900034,21,224,-203
115900035,33,15,18
115900036,56,641,-585
115900037,28,217,-189
115900038,59,23,36
115900039,152,165,-13
115900041,310,621,-311
115900042,26,2,24
115900043,102,74,28
115900044,203,270,-67
115900046,262,198,64
115900047,173,152,21
115900049,162,176,-14
115900051,2,32,-30
115900052,11,166,-155
115900053,271,145,126
115900054,251,36,215
115900055,22,111,-89
115900056,204,186,18
115900057,26,13,13
115900058,16,54,-38
115900060,53,113,-60
115900061,206,1,205
115900062,18,231,-213
115900063,54,12,42
115900064,137,196,-59
115900065,197,78,119
115900066,154,109,45
115900067,12,345,-333
115900068,2008,755,1253
115900069,53,177,-124
115900070,173,108,65
115900071,0,262,-262
115900072,26,94,-68
115900073,52,87,-35
115900074,2,190,-188
115900075,30,169,-139
115900076,5,48,-43
115900077,9,164,-155
115900078,41,125,-84
115900079,193,20,173
115900080,307,171,136
115900081,17,66,-49
115900082,121,112,9
115900084,471,12,459
115900085,24,42,-18
115900086,1234,450,784
115900088,10,66,-56
115900089,320,456,-136
115900090,407,13,394
115900091,5,29,-24
115900092,36,100,-64
115900093,10,14,-4
115900094,6,224,-218
115900096,4,5,-1
115900097,9,266,-257
115900098,196,208,-12
115900099,58,32,26
115900100,13,346,-333
115900101,173,163,10
115900102,59,62,-3
115900103,349,133,216
115900104,91,77,14
115900105,252,377,-125
115900106,81,34,47
115900107,72,71,1
115900108,157,39,118
115900109,25,305,-280
115900110,6,7,-1
115900111,0,63,-63
115900112,24,632,-608
115900113,60,40,20
115900114,2,94,-92
115900115,78,216,-138
115900116,73,583,-510
115900117,79,17,62
115900118,0,174,-174
115900119,128,123,5
115900120,13,191,-178
115900121,192,161,31
115900124,229,595,-366
115900125,304,43,261
115900126,679,71,608
115900127,654,52,602
115900128,5,102,-97
115900129,717,59,658
115900130,21,202,-181
115900131,334,19,315
115900132,593,4,589
115900134,279,8,271
115900135,351,953,-602
115900137,18,1,17
115900139,31,59,-28
115900140,230,35,195
115900141,2,29,-27
115900142,4,22,-18
115900143,207,260,-53
115900144,77,160,-83
115900146,7,53,-46
115900147,220,215,5
115900148,51,4,47
115900149,100,22,78
115900150,49,15,34
115900151,22,84,-62
115900152,138,231,-93
115900153,114,147,-33
115900154,341,293,48
115900155,0,34,-34
115900156,578,742,-164
115900157,190,384,-194
115900158,12,9,3
115900159,148,184,-36
115900160,10,5,5
115900161,40,185,-145
115900163,188,116,72
115900164,554,17,537
115900166,209,109,100
115900168,90,107,-17
115900171,110,330,-220
115900172,52,101,-49
115900173,196,98,98
115900174,234,222,12
115900175,113,186,-73
115900178,12,308,-296
115900179,316,10,306
115900180,21,111,-90
115900181,154,140,14
115900182,396,146,250
115900183,27,42,-15
115900184,924,10,914
115900187,14,120,-106
115900189,0,203,-203
115900190,139,1218,-1079
115900191,25,249,-224
115900192,9,113,-104
115900193,131,116,15
115900194,848,55,793
115900195,519,2002,-1483
115900198,180,318,-138
115900199,165,178,-13
115900200,336,245,91
115900201,471,243,228
115900202,6,33,-27
115900203,12,15,-3
115900204,2,7,-5
115900205,63,13,50
115900206,196,141,55
115900207,35,26,9
115900208,126,122,4
115900209,5,132,-127
115900210,2,148,-146
115900211,2,134,-132
115900212,127,201,-74
115900213,88,99,-11
115900214,518,164,354
115900215,17,134,-117
115900216,3,54,-51
115900217,6,31,-25
115900218,2,34,-32
115900219,81,6,75
115900220,213,20,193
115900221,89,15,74
115900222,75,28,47
115900223,4,352,-348
115900224,600,1087,-487
115900225,80,70,10
115900226,15,41,-26
115900227,12,39,-27
115900228,6,47,-41
115900229,2,37,-35
115900230,22,87,-65
115900231,121,1,120
115900232,44,1,43
115900233,59,14,45
115900234,60,30,30
115900235,26,44,-18
115900236,57,28,29
115900237,57,18,39
115900238,45,9,36
115900239,26,27,-1
115900240,15,52,-37
115900241,220,88,132
115900242,190,263,-73
115900243,12,6,6
115900244,10,12,-2
115900245,44,13,31
115900246,29,18,11
115900247,18,12,6
115900248,11,3,8
115900249,5,7,-2
115900250,3,13,-10
115900251,3,15,-12
115900252,3,1,2
115900253,10,14,-4
115900254,4,24,-20
115900255,4,11,-7
115900256,19,17,2
115900257,12,12,0
115900258,0,3,-3
115900259,5,6,-1
115900260,8,1,7
115900261,6,2,4
115900262,2,0,2
115900263,18,2,16
115900264,16,5,11
115900265,2,7,-5
115900266,6,10,-4
115900267,3,27,-24
115900268,5,12,-7
115900269,442,293,149
115900270,417,263,154
115900271,155,0,155
115900272,25,4,21
115900273,6,33,-27
115900274,1,2,-1
115900275,4,12,-8
115900276,0,18,-18
115900277,0,42,-42
115900278,61,79,-18
115900279,7,170,-163
115900280,19,383,-364
115900281,264,227,37
115900282,9,12,-3
115900283,16,12,4
115900284,19,6,13
116000001,8031,3408,4623
116000002,4232,10213,-5981
116000003,1424,1515,-91
116000004,2517,3471,-954
116000005,1855,2417,-562
116000006,2282,2315,-33
116000007,1673,2402,-729
116000008,3376,2030,1346
116000009,1220,1470,-250
116000010,2295,1434,861
116000011,879,1295,-416
116000012,1377,999,378
116000013,5506,3120,2386
116000014,7733,10505,-2772
116000015,165,1208,-1043
116000016,4911,3158,1753
116000017,21,647,-626
116000018,589,280,309
116000019,847,260,587
116000020,578,805,-227
116000021,427,325,102
116000022,385,313,72
116000023,1063,592,471
116000024,614,691,-77
116000025,752,638,114
116000026,1343,2158,-815
116000027,512,490,22
116000028,357,620,-263
116000029,444,475,-31
116000030,607,420,187
116000031,134,181,-47
116000032,293,130,163
116000033,346,344,2
116000034,482,654,-172
116000035,358,449,-91
116000036,1277,1164,113
116000037,490,406,84
116000038,388,544,-156
116000039,441,420,21
116000040,738,333,405
116000041,167,405,-238
116000042,532,264,268
116000043,83,498,-415
116000044,3,51,-48
116000045,1308,936,372
116000046,721,1020,-299
116000047,1292,1436,-144
116000048,1652,1358,294
116000049,1033,2524,-1491
116000050,1064,905,159
116000051,4127,2360,1767
116000052,3503,3594,-91
116000053,1659,598,1061
116000054,684,2212,-1528
116000055,556,713,-157
116000056,951,777,174
116000057,1969,1245,724
116000058,2309,2040,269
116000059,2160,3053,-893
116000060,1888,889,999
116000061,535,786,-251
116000062,577,208,369
116000063,506,1123,-617
116000066,337,534,-197
116000067,210,367,-157
116000068,191,306,-115
116000069,228,283,-55
116000078,489,946,-457
116000080,1512,678,834
116000082,4,47,-43
116000083,1505,342,1163
116000084,1500,2728,-1228
116000085,1964,1555,409
116000086,1261,910,351
116000087,2043,1527,516
116000088,656,772,-116
116000089,150,90,60
116000090,73,148,-75
116000091,319,251,68
116000093,710,401,309
116000094,507,449,58
116000095,751,545,206
116000096,622,1013,-391
116000097,718,574,144
116000098,129,4897,-4768
116000099,4618,190,4428
116000100,229,7,222
116000101,891,604,287
116000102,296,939,-643
116000103,401,237,164
116000104,236,931,-695
116000105,1037,165,872
116000106,412,648,-236
116000107,1883,287,1596
116000108,165,163,2
116000111,139,30,109
116000113,116,106,10
116000114,50,120,-70
116000115,348,106,242
116000116,244,298,-54
116000117,1331,1559,-228
116000118,1409,888,521
116000119,3263,1630,1633
116000120,2642,2709,-67
116000121,808,614,194
116000122,1101,1207,-106
116000123,1008,367,641
116000124,390,681,-291
116000125,2535,664,1871
116000126,277,995,-718
116000127,902,839,63
116000128,1765,867,898
116000129,1210,232,978
116000130,449,431,18
116000133,1087,643,444
116000134,1343,1310,33
116000135,2537,1256,1281
116000136,986,1516,-530
116000137,999,594,405
116000138,686,632,54
116000139,1182,1836,-654
116000140,164,211,-47
116000141,299,419,-120
116000142,2350,1800,550
116000143,1720,1369,351
116000144,1383,1600,-217
116000145,1660,996,664
116000146,524,138,386
116000147,205,96,109
116000148,476,516,-40
116000149,672,655,17
116000151,440,391,49
116000153,72,281,-209
116000155,183,203,-20
116000156,516,797,-281
116000157,78,27,51
116000158,289,238,51
116000159,32,21,11
116000160,13,46,-33
116000161,4,39,-35
116000162,52,103,-51
116000163,37,14,23
116000164,8,20,-12
116000177,187,137,50
116000194,95,289,-194
116000195,1332,537,795
116000196,10,3,7
116000197,13,18,-5
116000198,2051,707,1344
116000200,512,455,57
116000201,467,509,-42
116000202,13,200,-187
116000203,1,70,-69
116000204,11,35,-24
116000205,1,102,-101
116000206,1,51,-50
116000207,13,30,-17
116000233,211,351,-140
116000287,156,281,-125
116000288,261,157,104
116000292,55,76,-21
116000296,23,141,-118
116000297,108,27,81
116000304,142,25,117
116000305,39,72,-33
116000346,172,72,100
116000352,81,22,59
116000354,24,8,16
116000357,24,11,13
116000358,441,77,364
116000361,143,10,133
116000372,3502,3908,-406
116000381,159,2,157
116000388,3,35,-32
116000389,726,467,259
116000445,486,349,137
116000446,601,380,221
116000447,14,545,-531
116000448,546,154,392
116000563,774,588,186
116000565,43,297,-254
116000568,45,346,-301
116000579,22,102,-80
116000584,19,12,7
116000585,41,19,22
116000586,46,44,2
116000587,347,405,-58
116000589,48,52,-4
116000590,57,46,11
116000591,282,151,131
116000592,11,67,-56
116000593,1,22,-21
116000594,636,309,327
116000595,544,129,415
116000596,68,4,64
116000597,450,117,333
116000598,29,110,-81
116000602,53,154,-101
116000605,169,112,57
116000606,81,290,-209
116000607,3,38,-35
116000609,140,745,-605
116000611,134,362,-228
116000612,702,1590,-888
116000613,649,295,354
116000614,343,363,-20
116000615,3,277,-274
116000616,54,34,20
116000617,90,36,54
116000618,1,35,-34
116000619,44,51,-7
116000620,120,126,-6
116000621,69,80,-11
116000622,70,117,-47
116000624,171,85,86
116000627,74,27,47
116000628,45,264,-219
116000629,20,276,-256
116000630,416,35,381
116000631,191,42,149
116000632,897,76,821
116000633,151,159,-8
116000634,365,103,262
116000635,2098,1942,156
116000636,567,1005,-438
116000637,405,47,358
116000638,113,205,-92
116000640,4,6,-2
116000641,29,60,-31
116000644,40,315,-275
116900001,213,104,109
116900002,156,2,154
116900003,23,22,1
116900004,37,53,-16
116900005,268,63,205
116900006,92,125,-33
116900007,123,123,0
116900008,432,243,189
116900009,15,2,13
116900010,1,784,-783
116900011,11,28,-17
116900012,261,175,86
116900013,4,119,-115
116900014,148,146,2
116900015,417,43,374
116900016,212,2,210
116900017,2,306,-304
116900018,91,50,41
116900019,7,194,-187
116900020,668,813,-145
116900023,48,8,40
116900024,568,44,524
116900025,981,553,428
116900026,94,397,-303
116900027,30,52,-22
116900028,5,86,-81
116900029,0,33,-33
116900031,3,7,-4
116900032,1,164,-163
116900033,13,9,4
116900034,14,51,-37
116900035,117,108,9
116900036,6,108,-102
116900038,28,2,26
116900041,33,9,24
116900042,433,191,242
116900043,25,36,-11
116900047,19,118,-99
116900049,19,231,-212
116900050,122,277,-155
116900051,117,102,15
116900052,145,64,81
116900055,1,12,-11
116900057,21,150,-129
116900058,25,241,-216
116900059,2,139,-137
116900060,210,145,65
116900062,2,28,-26
116900064,79,395,-316
116900065,25,87,-62
116900067,107,53,54
116900068,105,141,-36
116900070,1,0,1
116900072,21,217,-196
116900073,27,83,-56
116900074,1,33,-32
116900076,17,19,-2
116900077,2,91,-89
116900078,233,68,165
116900079,42,126,-84
116900080,10,36,-26
116900081,265,701,-436
116900082,241,820,-579
116900083,36,16,20
116900084,89,45,44
116900085,32,111,-79
116900086,37,118,-81
116900088,331,112,219
116900090,79,30,49
116900091,373,60,313
116900092,103,486,-383
116900093,1464,1507,-43
116900094,3186,3113,73
116900095,215,101,114
116900096,114,300,-186
116900097,1699,2315,-616
116900098,724,309,415
116900099,503,480,23
116900100,782,58,724
116900101,280,414,-134
116900103,6,0,6
116900104,87,71,16
116900105,212,141,71
116900106,1802,185,1617
116900107,2098,1894,204
116900110,11,1,10
116900111,607,366,241
116900112,253,659,-406
116900113,1248,1442,-194
116900116,76,545,-469
116900117,102,115,-13
116900118,509,701,-192
116900120,345,71,274
116900121,108,19,89
116900122,751,459,292
116900123,166,511,-345
116900124,178,687,-509
116900125,411,158,253
116900126,82,437,-355
116900128,2,41,-39
116900129,1,318,-317
116900130,538,3170,-2632
116900131,79,344,-265
116900132,78,94,-16
116900133,165,117,48
116900134,177,178,-1
116900136,221,182,39
116900137,254,164,90
116900138,161,153,8
116900139,138,355,-217
116900140,152,108,44
116900141,561,347,214
116900142,8,89,-81
116900143,336,272,64
116900144,22,72,-50
116900145,84,173,-89
116900147,398,423,-25
116900148,3,29,-26
116900149,57,225,-168
116900150,7,11,-4
116900151,44,14,30
116900153,88,52,36
116900154,360,455,-95
116900155,44,70,-26
116900157,512,189,323
116900158,96,239,-143
116900159,54,247,-193
116900160,665,718,-53
116900161,3940,5721,-1781
116900162,7,83,-76
116900163,175,139,36
116900164,92,66,26
116900165,199,341,-142
116900166,34,44,-10
116900167,375,58,317
116900168,361,65,296
116900169,407,521,-114
116900170,243,437,-194
116900171,44,117,-73
116900172,156,320,-164
116900173,142,36,106
116900174,52,41,11
116900175,172,191,-19
116900178,27,76,-49
116900179,97,336,-239
116900180,69,25,44
116900182,427,188,239
116900183,153,63,90
116900185,27,48,-21
116900186,65,140,-75
116900187,52,56,-4
116900188,157,21,136
116900189,35,2,33
116900191,340,474,-134
116900192,276,101,175
116900194,115,1278,-1163
116900195,40,31,9
116900196,9,64,-55
116900197,91,23,68
116900198,111,183,-72
116900200,55,23,32
116900201,89,3,86
116900202,79,31,48
116900203,146,11,135
116900204,38,107,-69
116900206,14,17,-3
116900207,19,18,1
116900208,15,57,-42
116900209,46,68,-22
116900210,453,248,205
116900211,193,5,188
116900212,60,21,39
116900213,190,119,71
116900214,201,96,105
116900215,65,54,11
116900216,292,185,107
116900218,8,181,-173
116900219,849,255,594
116900220,115,238,-123
116900221,102,228,-126
116900222,319,219,100
116900223,105,231,-126
116900226,64,49,15
116900227,144,50,94
116900228,257,169,88
116900230,51,136,-85
116900231,36,215,-179
116900232,12,242,-230
116900233,213,91,122
116900234,15,11,4
116900235,147,208,-61
116900238,1088,231,857
116900239,8,1165,-1157
116900240,3164,2400,764
116900241,71,83,-12
116900242,509,553,-44
116900243,2,14,-12
116900245,26,34,-8
116900246,110,22,88
116900247,854,63,791
116900248,81,27,54
116900249,332,54,278
116900250,354,50,304
116900251,400,529,-129
116900252,126,570,-444
116900253,133,54,79
116900254,24,66,-42
116900255,95,43,52
116900256,292,70,222
116900257,16,291,-275
116900258,7,136,-129
116900259,255,32,223
116900260,1,44,-43
116900261,45,3,42
116900262,257,116,141
116900263,0,16,-16
116900264,64,45,19
116900265,56,0,56
116900266,21,38,-17
116900267,2,2,0
116900268,244,183,61
116900269,184,519,-335
116900271,913,283,630
116900272,276,217,59
116900273,137,73,64
116900274,109,47,62
116900275,155,67,88
116900276,391,143,248
116900277,374,40,334
116900278,3,5,-2
116900279,3,15,-12
116900280,52,28,24
116900281,3635,3459,176
116900282,2,65,-63
116900283,12,76,-64
116900284,14,151,-137
116900285,207,196,11
116900286,170,12,158
116900287,5,22,-17
116900288,84,69,15
116900289,10,7,3
116900290,2,11,-9
116900291,21,4,17
116900292,0,12,-12
116900293,71,34,37
116900294,24,119,-95
116900295,120,84,36
116900296,89,61,28
116900297,6,94,-88
116900298,87,85,2
116900299,25,76,-51
116900300,4,79,-75
116900301,34,123,-89
116900302,27,64,-37
116900303,172,75,97
116900304,0,127,-127
116900305,20,45,-25
116900306,170,57,113
116900307,41,1,40
116900308,1,80,-79
116900309,73,118,-45
117000001,1739,1373,366
117000002,1515,2816,-1301
117000003,6010,2840,3170
117000004,3196,3655,-459
117000005,2005,1681,324
117000006,1039,2455,-1416
117000007,3708,1102,2606
117000008,915,2733,-1818
117000009,4615,1804,2811
117000010,2136,2952,-816
117000011,2155,1468,687
117000012,1130,987,143
117000013,1767,694,1073
117000014,966,1649,-683
117000015,2026,962,1064
117000016,237,138,99
117000017,207,124,83
117000018,109,486,-377
117000019,58,33,25
117000020,418,1123,-705
117000021,1177,608,569
117000022,237,116,121
117000023,203,258,-55
117000024,189,232,-43
117000025,333,1020,-687
117000026,1679,1247,432
117000027,1423,3116,-1693
117000028,1902,1470,432
117000030,336,323,13
117000031,295,233,62
117000032,1202,947,255
117000033,1020,534,486
117000034,268,187,81
117000035,295,231,64
117000036,342,260,82
117000037,253,190,63
117000038,150,410,-260
117000039,638,229,409
117000040,208,686,-478
117000041,1056,121,935
117000044,12,622,-610
117000045,531,64,467
117000046,326,595,-269
117000047,801,519,282
117000048,1517,803,714
117000049,92,373,-281
117000050,137,1227,-1090
117000051,2021,78,1943
117000052,50,234,-184
117000053,536,29,507
117000054,1659,9,1650
117000055,7,1892,-1885
117000056,626,24,602
117000057,489,1712,-1223
117000060,366,903,-537
117000061,1586,800,786
117000062,201,521,-320
117000063,1598,794,804
117000064,596,515,81
117000066,631,638,-7
117000067,148,559,-411
117000074,95,189,-94
117000076,81,30,51
117000077,143,156,-13
117000078,164,541,-377
117000079,439,242,197
117000080,0,276,-276
117000081,1085,108,977
117000082,19,80,-61
117000083,139,5,134
117000084,157,2,155
117000085,306,637,-331
117000086,754,387,367
117000087,82,392,-310
117000088,270,169,101
117000089,1482,214,1268
117000090,243,876,-633
117000091,889,265,624
117000092,346,908,-562
117000093,1181,686,495
117000094,990,2052,-1062
117000095,2897,868,2029
117000096,623,1666,-1043
117000097,1612,1024,588
117000098,1910,3001,-1091
117000099,3575,1029,2546
117000100,234,294,-60
117000101,160,667,-507
117000102,1854,579,1275
117000103,599,1030,-431
117000104,1234,602,632
117000105,597,1036,-439
117000106,1069,592,477
117000107,475,1195,-720
117000108,1785,760,1025
117000109,1143,1642,-499
117000110,1422,922,500
117000111,3014,3307,-293
117000112,3289,1439,1850
117000113,101,140,-39
117000114,225,77,148
117000115,73,75,-2
117000116,130,156,-26
117000117,1298,858,440
117000118,306,113,193
117000119,190,172,18
117000120,157,460,-303
117000121,66,885,-819
117000122,302,745,-443
117000123,1113,28,1085
117000124,339,55,284
117000125,186,141,45
117000126,49,15,34
117000127,128,223,-95
117000128,333,604,-271
117000129,276,556,-280
117000130,118,1,117
117000131,0,99,-99
117000132,2911,16,2895
117000133,1596,47,1549
117000134,3,68,-65
117000135,7,65,-58
117000136,0,16,-16
117000137,93,112,-19
117000138,2,509,-507
117000140,385,979,-594
117000141,1592,464,1128
117000181,413,199,214
117000182,393,468,-75
117000195,150,731,-581
117000196,352,150,202
117000225,102,40,62
117000226,4,122,-118
117000276,279,32,247
117000277,1,257,-256
117000310,1162,1800,-638
117000315,43,454,-411
117000320,55,0,55
117000906,326,11,315
117000907,9,220,-211
117000909,37,17,20
117000910,194,159,35
117000911,99,145,-46
117000915,2,382,-380
117000916,38,4,34
117000917,1182,39,1143
117000918,43,54,-11
117000919,8,49,-41
117000920,2,841,-839
117000921,2,840,-838
117000922,18,62,-44
117000924,356,718,-362
117000926,492,130,362
117000927,804,754,50
117000928,0,128,-128
117000929,245,206,39
117000930,198,18,180
117000931,207,142,65
117900002,74,322,-248
117900003,449,312,137
117900005,3,71,-68
117900006,0,60,-60
117900007,135,80,55
117900008,0,21,-21
117900010,188,73,115
117900011,21,132,-111
117900012,81,70,11
117900013,1,159,-158
117900014,404,87,317
117900015,11,82,-71
117900016,718,722,-4
117900017,438,223,215
117900018,173,150,23
117900019,385,161,224
117900020,56,453,-397
117900021,26,48,-22
117900022,45,10,35
117900023,774,80,694
117900024,61,39,22
117900025,46,9,37
117900026,324,200,124
117900028,43,6,37
117900029,249,363,-114
117900030,529,221,308
117900031,108,106,2
117900032,801,482,319
117900033,174,338,-164
117900034,45,30,15
117900035,207,105,102
117900036,196,250,-54
117900037,158,81,77
117900038,33,172,-139
117900039,2,49,-47
117900040,128,236,-108
117900041,3,33,-30
117900042,2347,261,2086
117900043,25,34,-9
117900044,23,2351,-2328
117900045,143,83,60
117900048,329,213,116
117900049,174,324,-150
117900050,8,200,-192
117900051,18,1,17
117900052,54,327,-273
117900053,1631,412,1219
117900054,4,21,-17
117900055,346,131,215
117900056,107,58,49
117900057,935,898,37
117900058,65,33,32
117900059,256,88,168
117900060,2207,3529,-1322
117900061,18,163,-145
117900063,338,159,179
117900065,631,1011,-380
117900066,9,61,-52
117900067,455,105,350
117900069,657,178,479
117900070,130,35,95
117900071,82,96,-14
117900073,480,194,286
117900074,79,30,49
117900075,76,61,15
117900076,17,42,-25
117900077,433,152,281
117900078,297,746,-449
117900080,110,27,83
117900081,375,277,98
117900082,351,349,2
117900083,392,305,87
117900086,128,29,99
117900087,114,28,86
117900088,2346,1405,941
117900089,1921,662,1259
117900090,382,319,63
117900091,127,140,-13
117900092,70,23,47
117900093,93,38,55
117900094,29,15,14
117900095,297,320,-23
117900096,84,144,-60
117900097,215,61,154
117900098,43,8,35
117900099,137,158,-21
117900100,251,3,248
117900101,426,1561,-1135
117900102,57,38,19
117900103,60,3,57
117900104,13,114,-101
117900105,122,152,-30
117900106,87,33,54
117900107,53,2,51
117900109,621,344,277
117900110,85,0,85
117900111,353,20,333
117900112,41,3,38
117900113,1870,1548,322
117900114,23,0,23
117900115,177,47,130
117900116,662,581,81
117900117,587,227,360
117900118,92,0,92
117900119,184,107,77
117900120,154,38,116
117900121,76,60,16
117900122,1074,3125,-2051
117900123,526,291,235
117900124,634,557,77
117900125,1481,1796,-315
117900126,186,387,-201
117900127,441,332,109
117900128,318,410,-92
117900129,63,2,61
117900130,814,347,467
117900131,14,89,-75
117900132,17,82,-65
117900133,9,98,-89
117900134,59,129,-70
117900135,22,108,-86
117900136,0,28,-28
117900137,43,177,-134
117900138,0,22,-22
117900139,132,79,53
117900140,2343,216,2127
117900141,192,162,30
117900142,38,46,-8
117900144,62,192,-130
117900145,24,35,-11
117900146,164,138,26
117900147,55,36,19
117900148,1640,1394,246
117900149,124,139,-15
117900150,24,33,-9
117900151,31,76,-45
117900152,66,38,28
117900153,25,81,-56
117900154,327,410,-83
117900156,739,660,79
117900157,56,412,-356
117900158,293,103,190
117900160,575,673,-98
117900161,1809,1541,268
117900162,383,325,58
117900163,68,154,-86
117900165,2,18,-16
117900166,95,486,-391
117900168,18,139,-121
117900169,0,87,-87
117900170,3,28,-25
117900171,1,18,-17
117900172,11,37,-26
117900173,121,79,42
117900174,34,58,-24
117900175,2,23,-21
117900176,14,20,-6
117900177,27,34,-7
117900178,98,33,65
117900180,174,26,148
117900181,70,344,-274
117900182,12,54,-42
117900183,75,171,-96
117900184,9,49,-40
117900185,33,31,2
117900186,49,20,29
117900187,18,7,11
117900188,171,40,131
117900189,82,46,36
117900190,19,2,17
117900191,93,0,93
117900192,227,1,226
117900193,5,69,-64
117900194,12,4,8
117900195,24,65,-41
117900196,20,23,-3
117900207,137,117,20
117900208,46,26,20
117900209,199,135,64
117900210,100,154,-54
117900211,4,126,-122
117900212,107,119,-12
117900213,23,8,15
117900214,5,41,-36
117900215,18,20,-2
117900216,48,14,34
117900217,68,284,-216
117900218,156,101,55
117900219,2,114,-112
117900220,97,91,6
117900222,170,243,-73
117900223,114,292,-178
118000001,693,931,-238
118000002,586,1210,-624
118000003,1925,3056,-1131
118000004,1833,1863,-30
118000005,3482,4804,-1322
118000006,3576,7264,-3688
118000007,3921,3379,542
118000008,2722,3234,-512
118000009,1311,3120,-1809
118000010,5039,3573,1466
118000011,1315,1577,-262
118000012,785,1477,-692
118000013,2180,1838,342
118000014,1620,1790,-170
118000016,173,207,-34
118000017,381,347,34
118000018,249,290,-41
118000019,1565,1464,101
118000020,938,3081,-2143
118000021,616,2973,-2357
118000022,1318,711,607
118000023,690,262,428
118000024,1053,1230,-177
118000027,9936,10806,-870
118000029,808,670,138
118000032,728,3141,-2413
118000033,2080,5555,-3475
118000034,3678,2384,1294
118000035,1471,2786,-1315
118000036,819,1308,-489
118000037,660,838,-178
118000038,180,76,104
118000039,82,164,-82
118000040,1434,1231,203
118000041,2133,1174,959
118000045,241,227,14
118000046,1082,630,452
118000047,625,978,-353
118000048,2078,2129,-51
118000051,2388,1402,986
118000052,1476,826,650
118000053,263,404,-141
118000054,1136,849,287
118000055,1047,1068,-21
118000056,155,357,-202
118000057,142,324,-182
118000058,1777,1813,-36
118000059,1397,1131,266
118000060,774,479,295
118000061,1082,1018,64
118000062,601,317,284
118000063,336,746,-410
118000064,737,1104,-367
118000065,2619,1260,1359
118000066,736,1425,-689
118000067,561,675,-114
118000068,1169,3820,-2651
118000069,2077,957,1120
118000070,4125,1604,2521
118000071,2630,5802,-3172
118000072,1135,1122,13
118000073,1097,644,453
118000074,401,511,-110
118000075,584,239,345
118000076,1112,2717,-1605
118000077,1286,1169,117
118000078,1461,2080,-619
118000079,187,322,-135
118000080,748,764,-16
118000081,1539,1208,331
118000082,288,1075,-787
118000083,1498,1645,-147
118000084,2728,1531,1197
118000086,235,525,-290
118000087,3642,2197,1445
118000088,1395,1424,-29
118000089,2895,1915,980
118000090,1066,2248,-1182
118000091,1005,2071,-1066
118000092,773,465,308
118000093,114,612,-498
118000096,420,526,-106
118000097,755,574,181
118000098,322,150,172
118000099,558,524,34
118000101,1028,291,737
118000102,362,865,-503
118000107,1157,397,760
118000108,630,1913,-1283
118000110,0,26,-26
118000111,0,172,-172
118000112,387,0,387
118000113,0,291,-291
118000114,362,7,355
118000115,12,1,11
118000116,28,1,27
118000117,996,592,404
118000118,951,1028,-77
118000119,755,1251,-496
118000120,1595,991,604
118000121,97,573,-476
118000122,1128,318,810
118000123,65,251,-186
118000125,1481,721,760
118000126,612,1392,-780
118000127,1524,590,934
118000128,451,886,-435
118000129,790,322,468
118000130,1865,2431,-566
118000131,376,545,-169
118000132,2460,1726,734
118000133,909,372,537
118000135,519,349,170
118000136,134,399,-265
118000137,504,81,423
118000138,351,486,-135
118000139,383,93,290
118000140,2057,3933,-1876
118000141,1928,1500,428
118000142,1736,1256,480
118000143,1985,944,1041
118000144,774,518,256
118000145,1192,1272,-80
118000146,955,481,474
118000147,742,912,-170
118000148,417,865,-448
118000149,814,704,110
118000150,395,205,190
118000151,402,283,119
118000153,1360,870,490
118000154,1218,1010,208
118000155,1247,971,276
118000156,1551,1936,-385
118000157,470,326,144
118000158,201,332,-131
118000159,17,89,-72
118000160,483,243,240
118000161,415,429,-14
118000162,1494,776,718
118000163,732,624,108
118000164,1538,1062,476
118000168,568,613,-45
118000169,887,904,-17
118000170,3006,3498,-492
118000171,282,463,-181
118000172,92,199,-107
118000173,724,1055,-331
118000175,279,292,-13
118000176,170,383,-213
118000177,180,445,-265
118000178,37,44,-7
118000179,756,819,-63
118000180,553,512,41
118000181,514,163,351
118000182,193,199,-6
118000183,188,198,-10
118000184,750,466,284
118000185,722,926,-204
118000186,534,861,-327
118000187,1149,418,731
118000188,619,121,498
118000189,614,437,177
118000190,6,13,-7
118000191,20,12,8
118000192,63,144,-81
118000193,47,257,-210
118000194,1066,712,354
118000195,540,1104,-564
118000196,242,206,36
118000197,111,168,-57
118000198,400,628,-228
118000199,311,303,8
118000200,93,288,-195
118000201,439,425,14
118000202,61,76,-15
118000203,538,508,30
118000204,82,385,-303
118000205,149,247,-98
118000206,199,157,42
118000207,0,33,-33
118000208,1330,1373,-43
118000209,1502,1062,440
118000210,71,30,41
118000211,23,27,-4
118000213,1084,1585,-501
118000214,489,521,-32
118000215,325,128,197
118000216,1895,1663,232
118000217,21,63,-42
118000218,81,79,2
118000219,367,206,161
118000220,5,33,-28
118000221,242,266,-24
118000222,75,9,66
118000223,53,33,20
118000224,180,71,109
118000225,142,435,-293
118000226,740,176,564
118000227,538,372,166
118000228,87,193,-106
118000229,155,103,52
118000230,106,147,-41
118000231,76,238,-162
118000232,753,493,260
118000233,978,625,353
118000234,407,157,250
118000236,290,234,56
118000237,88,315,-227
118000238,251,89,162
118000239,261,171,90
118000240,202,123,79
118000241,150,136,14
118000242,341,299,42
118000243,263,187,76
118000244,52,58,-6
118000246,1,22,-21
118000255,69,246,-177
118000256,129,180,-51
118000259,10,42,-32
118000260,179,84,95
118000261,42,37,5
118000263,67,122,-55
118000266,109,226,-117
118000267,0,108,-108
118000268,276,3,273
118000270,58,7,51
118000271,206,167,39
118000272,93,36,57
118000273,138,42,96
118000274,129,191,-62
118000276,443,255,188
118000295,16,106,-90
118000298,93,162,-69
118000299,49,85,-36
118000301,0,43,-43
118000302,84,38,46
118000311,463,100,363
118000312,220,141,79
118000313,30,46,-16
118000314,84,40,44
118000315,31,25,6
118000316,614,381,233
118000325,47,27,20
118000326,17,27,-10
118000331,20,33,-13
118000332,10,18,-8
118000333,17,45,-28
118000335,384,0,384
118000336,0,137,-137
118000407,170,64,106
118000457,4,33,-29
118000465,2053,3090,-1037
118000480,55,70,-15
118000489,22,328,-306
118000490,16,145,-129
118000492,272,149,123
118000510,42,16,26
118000514,172,212,-40
118000515,674,551,123
118000517,273,174,99
118000524,185,212,-27
118000525,519,618,-99
118000530,9,91,-82
118000531,294,201,93
118000532,178,182,-4
118000533,201,93,108
118000534,464,347,117
118000535,277,112,165
118000536,398,1232,-834
118000537,8,119,-111
118000538,15,40,-25
118000539,21,83,-62
118000540,263,100,163
118000541,138,58,80
118000542,67,127,-60
118000543,190,158,32
118000546,32,13,19
118000553,1,0,1
118000560,1567,1902,-335
118000562,32,115,-83
118000563,1052,943,109
118000576,190,130,60
118000577,175,164,11
118000578,169,95,74
118000579,448,944,-496
118000583,0,1,-1
118000595,183,64,119
118000596,0,52,-52
118000597,132,90,42
118000598,2,0,2
118000599,82,45,37
118000600,13,7,6
118000601,4,0,4
118000602,0,7,-7
118000603,0,27,-27
118000605,50,149,-99
118900001,414,1067,-653
118900002,614,616,-2
118900003,437,3,434
118900004,44,43,1
118900005,78,11,67
118900006,176,13,163
118900007,7,1,6
118900008,927,40,887
118900009,60,50,10
118900010,56,5,51
118900011,218,39,179
118900012,339,141,198
118900013,474,165,309
118900015,192,56,136
118900016,13,7,6
118900017,173,208,-35
118900018,884,45,839
118900019,32,39,-7
118900020,173,143,30
118900021,127,266,-139
118900022,120,75,45
118900023,122,89,33
118900024,101,125,-24
118900025,51,16,35
118900026,66,57,9
118900027,298,155,143
118900028,173,90,83
118900029,325,439,-114
118900030,354,63,291
118900031,109,79,30
118900032,217,151,66
118900033,388,410,-22
118900034,137,15,122
118900035,100,131,-31
118900036,1205,578,627
118900037,276,265,11
118900038,374,105,269
118900039,426,89,337
118900040,193,110,83
118900041,480,116,364
118900042,137,84,53
118900045,258,114,144
118900046,592,317,275
118900047,405,221,184
118900048,109,220,-111
118900049,59,45,14
118900050,38,58,-20
118900051,66,127,-61
118900052,214,244,-30
118900053,26,65,-39
118900054,131,53,78
118900055,78,41,37
118900056,67,331,-264
118900057,619,372,247
118900058,383,307,76
118900059,25,68,-43
118900060,116,95,21
118900062,453,201,252
118900064,452,525,-73
118900065,58,114,-56
118900066,59,62,-3
118900067,3594,3216,378
118900068,11,193,-182
118900069,326,171,155
118900071,5,68,-63
118900072,368,249,119
118900073,145,83,62
118900074,134,113,21
118900075,44,45,-1
118900076,191,94,97
118900077,181,132,49
118900078,26,3,23
118900079,49,136,-87
118900080,25,98,-73
118900081,63,22,41
118900082,760,142,618
118900083,49,6,43
118900084,7,22,-15
118900085,399,525,-126
118900086,31,78,-47
118900087,32,202,-170
118900088,2,6,-4
118900089,22,27,-5
118900090,385,229,156
118900091,141,137,4
118900092,143,61,82
118900093,123,32,91
118900096,60,74,-14
118900097,259,364,-105
118900099,63,160,-97
118900100,113,181,-68
118900101,105,277,-172
118900102,25,77,-52
118900103,43,92,-49
118900104,268,111,157
118900105,180,65,115
118900107,96,48,48
118900108,83,84,-1
118900110,1007,735,272
118900111,343,317,26
118900112,85,119,-34
118900113,84,263,-179
118900114,18,67,-49
118900115,96,306,-210
118900116,101,115,-14
118900117,98,157,-59
118900118,227,272,-45
118900119,112,145,-33
118900120,64,228,-164
118900121,20,126,-106
118900122,10,598,-588
118900123,112,186,-74
118900124,106,148,-42
118900126,20,265,-245
118900129,173,165,8
118900130,50,193,-143
118900131,187,154,33
118900132,255,178,77
118900133,14,106,-92
118900135,138,146,-8
118900136,172,355,-183
118900137,4,49,-45
118900139,164,245,-81
118900140,295,380,-85
118900141,83,87,-4
118900144,138,241,-103
118900145,49,79,-30
118900146,274,461,-187
118900147,167,141,26
118900148,71,51,20
118900150,119,438,-319
118900152,469,515,-46
118900157,64,157,-93
118900158,88,64,24
118900159,5,106,-101
118900161,75,5,70
118900163,107,64,43
118900164,3,68,-65
118900165,48,81,-33
118900166,19,3,16
118900167,95,61,34
118900168,11,145,-134
118900169,127,159,-32
118900170,141,85,56
118900171,33,42,-9
118900174,27,69,-42
118900175,367,387,-20
118900176,167,225,-58
118900177,36,24,12
118900178,54,119,-65
118900179,2,14,-12
118900181,85,74,11
118900182,64,36,28
118900183,37,125,-88
118900184,288,100,188
118900185,77,56,21
118900186,68,76,-8
118900187,186,218,-32
118900188,263,196,67
118900189,19,522,-503
118900190,12,215,-203
118900191,150,34,116
118900192,181,14,167
118900193,470,6,464
118900195,230,440,-210
118900196,33,77,-44
118900197,115,28,87
118900198,22,12,10
118900199,70,23,47
118900200,20,13,7
118900201,28,36,-8
118900202,10,38,-28
118900203,12,21,-9
118900204,16,17,-1
118900205,2,6,-4
118900206,5,14,-9
119000001,1208,1624,-416
119000002,3285,3249,36
119000003,2316,833,1483
119000004,2132,1094,1038
119000005,1487,1631,-144
119000006,2722,1411,1311
119000007,3191,2646,545
119000008,1723,1578,145
119000009,2834,4006,-1172
119000010,4569,3599,970
119000011,3580,3047,533
119000012,2938,3131,-193
119000013,2451,1478,973
119000014,1509,2405,-896
119000019,193,98,95
119000020,1744,1354,390
119000021,4141,2158,1983
119000022,1966,2182,-216
119000023,240,242,-2
119000024,1694,10165,-8471
119000025,5027,1107,3920
119000026,158,463,-305
119000027,274,325,-51
119000028,1394,707,687
119000029,101,221,-120
119000030,508,794,-286
119000031,684,516,168
119000032,1599,2054,-455
119000033,2128,1198,930
119000034,954,894,60
119000035,42,263,-221
119000036,1887,566,1321
119000037,1097,1195,-98
119000038,194,593,-399
119000039,346,226,120
119000040,595,519,76
119000041,633,1082,-449
119000048,2339,1930,409
119000049,1642,1584,58
119000050,1481,1498,-17
119000051,2076,940,1136
119000052,1542,2142,-600
119000053,1806,1082,724
119000054,2922,2110,812
119000055,4085,2385,1700
119000056,2504,1549,955
119000057,1577,1321,256
119000058,1659,1298,361
119000059,1109,1269,-160
119000060,1364,962,402
119000061,954,564,390
119000062,1011,1120,-109
119000063,474,357,117
119000064,717,792,-75
119000065,1411,2324,-913
119000066,1819,1047,772
119000067,1726,1644,82
119000068,1479,897,582
119000069,1552,1702,-150
119000070,2427,793,1634
119000071,448,649,-201
119000072,4105,2414,1691
119000073,3512,5795,-2283
119000074,1237,1501,-264
119000075,2169,1696,473
119000076,327,898,-571
119000077,552,426,126
119000078,415,146,269
119000079,110,455,-345
119000080,414,155,259
119000081,287,304,-17
119000082,773,157,616
119000083,538,345,193
119000084,301,386,-85
119000085,427,175,252
119000086,282,397,-115
119000087,1276,653,623
119000088,361,247,114
119000089,73,194,-121
119000090,101,134,-33
119000091,125,382,-257
119000092,331,192,139
119000093,2978,2035,943
119000094,2876,4050,-1174
119000095,1673,2293,-620
119000097,1802,1086,716
119000098,864,2351,-1487
119000099,1964,1195,769
119000100,3429,2596,833
119000101,3061,1838,1223
119000102,620,1346,-726
119000103,1021,628,393
119000104,1770,960,810
119000105,977,1779,-802
119000106,290,876,-586
119000107,971,463,508
119000108,358,652,-294
119000109,86,466,-380
119000110,349,385,-36
119000111,31,567,-536
119000112,169,93,76
119000113,1452,259,1193
119000114,962,966,-4
119000115,104,89,15
119000116,82,62,20
119000117,113,313,-200
119000118,2,0,2
119000123,2423,1872,551
119000124,625,172,453
119000125,3456,543,2913
119000126,1143,635,508
119000127,600,348,252
119000128,15,3,12
119000131,936,474,462
119000132,0,5,-5
119000133,2,1,1
119000134,1649,536,1113
119000135,149,182,-33
119000136,245,119,126
119000137,240,257,-17
119000138,444,189,255
119000139,222,140,82
119000140,217,274,-57
119000284,1020,2076,-1056
119000285,1715,1552,163
119000286,5225,4340,885
119000287,1107,1692,-585
119000288,1604,1077,527
119000289,1368,2039,-671
119000290,198,275,-77
119000291,5,165,-160
119000293,126,148,-22
119000294,44,24,20
119000295,1113,302,811
119000296,298,161,137
119000302,1690,949,741
119000303,31,107,-76
119000310,0,0,0
119000314,1298,9625,-8327
119000315,1,239,-238
119000316,124,74,50
119000317,117,204,-87
119900001,238,1079,-841
119900002,152,219,-67
119900003,33,727,-694
119900004,209,1053,-844
119900005,204,74,130
119900006,185,334,-149
119900007,1005,208,797
119900008,66,51,15
119900009,493,513,-20
119900010,733,880,-147
119900011,22,101,-79
119900012,19,96,-77
119900013,1831,1135,696
119900014,473,220,253
119900015,111,33,78
119900016,26,51,-25
119900017,65,35,30
119900018,1382,901,481
119900019,41,8,33
119900020,207,158,49
119900021,210,76,134
119900022,127,751,-624
119900023,406,1422,-1016
119900025,192,27,165
119900026,561,160,401
119900027,12,21,-9
119900028,189,168,21
119900029,1,6,-5
119900030,592,349,243
119900031,61,438,-377
119900033,1345,266,1079
119900034,384,90,294
119900037,158,33,125
119900038,48,299,-251
119900039,94,23,71
119900040,100,16,84
119900041,96,22,74
119900042,89,121,-32
119900043,75,93,-18
119900044,198,729,-531
119900046,153,45,108
119900047,294,81,213
119900048,29,18,11
119900049,116,7,109
119900050,117,147,-30
119900051,481,10,471
119900052,57,35,22
119900053,200,130,70
119900054,138,6,132
119900055,1297,375,922
119900057,186,62,124
119900058,232,0,232
119900059,97,28,69
119900060,261,28,233
119900062,72,22,50
119900063,4,44,-40
119900065,199,8,191
119900066,1,2,-1
119900067,79,23,56
119900068,514,2,512
119900069,149,39,110
119900070,764,4,760
119900071,684,21,663
119900073,1326,544,782
119900074,27,32,-5
119900075,3295,2004,1291
119900076,711,288,423
119900077,777,664,113
119900078,507,636,-129
119900079,296,123,173
119900080,1712,1006,706
119900081,346,47,299
119900082,1422,211,1211
119900083,440,105,335
119900084,559,328,231
119900085,52,37,15
119900087,297,353,-56
119900088,34,43,-9
119900089,36,320,-284
119900090,107,44,63
119900091,49,527,-478
119900092,132,319,-187
119900093,1133,199,934
119900094,31,155,-124
119900095,154,94,60
119900096,42,124,-82
119900097,338,195,143
119900098,26,51,-25
119900099,36,145,-109
119900100,1418,2686,-1268
119900101,155,1132,-977
119900102,45,166,-121
119900103,48,217,-169
119900104,44,119,-75
119900105,689,1957,-1268
119900106,12,114,-102
119900107,270,1782,-1512
119900108,2511,563,1948
119900109,24,122,-98
119900110,661,433,228
119900111,116,176,-60
119900112,1092,483,609
119900113,64,191,-127
119900114,239,837,-598
119900115,295,709,-414
119900116,143,309,-166
119900117,329,470,-141
119900118,75,597,-522
119900119,201,142,59
119900120,594,408,186
119900121,386,622,-236
119900122,385,245,140
119900123,192,229,-37
119900124,175,536,-361
119900125,48,246,-198
119900126,2909,416,2493
119900127,1461,727,734
119900128,421,588,-167
119900129,208,359,-151
119900130,26,137,-111
119900131,45,197,-152
119900132,4,149,-145
119900133,48,74,-26
119900134,1054,202,852
119900135,0,266,-266
119900136,136,233,-97
119900138,265,400,-135
119900139,18,112,-94
119900140,5,112,-107
119900141,98,648,-550
119900142,16,34,-18
119900143,23,162,-139
119900144,1126,179,947
119900145,103,136,-33
119900146,136,143,-7
119900147,4,138,-134
119900148,188,55,133
119900149,709,3482,-2773
119900150,154,120,34
119900151,1507,847,660
119900152,139,226,-87
119900153,122,44,78
119900154,17,157,-140
119900155,37,45,-8
119900156,21,3,18
119900157,91,174,-83
119900158,186,71,115
119900159,3,1007,-1004
119900160,44,133,-89
119900161,152,143,9
119900162,830,958,-128
119900163,119,126,-7
119900164,1,2,-1
119900165,142,131,11
119900166,94,44,50
119900167,70,72,-2
119900168,877,399,478
119900169,89,243,-154
119900170,230,257,-27
119900171,831,324,507
119900172,120,18,102
119900173,3,274,-271
119900174,15,144,-129
119900175,1231,441,790
119900177,9,150,-141
119900178,38,149,-111
119900179,110,485,-375
119900180,899,708,191
119900181,52,120,-68
119900182,8,190,-182
119900183,130,579,-449
119900184,1431,381,1050
119900185,59,179,-120
119900186,32,909,-877
119900187,19,339,-320
119900188,114,234,-120
119900189,402,365,37
119900190,83,274,-191
119900191,280,271,9
119900192,37,132,-95
119900193,344,97,247
119900194,22,86,-64
119900195,144,187,-43
119900196,882,302,580
119900197,277,152,125
119900198,96,185,-89
119900199,155,18,137
119900200,692,567,125
119900201,332,181,151
119900202,87,253,-166
119900203,191,546,-355
119900204,324,255,69
119900205,742,391,351
119900206,164,112,52
119900208,160,149,11
119900209,466,1299,-833
119900210,37,26,11
119900211,80,3,77
119900212,209,214,-5
119900213,12,63,-51
119900214,20,52,-32
119900215,55,69,-14
119900216,14,55,-41
119900217,16,62,-46
119900218,19,46,-27
119900219,16,84,-68
119900220,3,54,-51
119900221,23,170,-147
119900222,8,138,-130
119900223,19,53,-34
119900224,3,14,-11
119900225,615,31,584
119900226,498,1760,-1262
119900227,922,297,625
119900228,60,224,-164
119900229,289,319,-30
119900230,1208,465,743
119900231,309,125,184
119900232,193,105,88
119900233,66,8,58
119900234,24,76,-52
119900235,17,51,-34
119900236,17,167,-150
119900237,66,397,-331
119900238,6,70,-64
119900240,82,115,-33
119900241,143,186,-43
119900242,1238,1150,88
119900244,499,976,-477
119900245,118,177,-59
119900246,261,523,-262
119900247,23,117,-94
119900248,64,194,-130
119900249,268,71,197
119900253,1809,337,1472
119900254,122,648,-526
119900255,82,633,-551
119900256,679,642,37
119900257,54,2,52
119900258,145,8,137
119900259,6,96,-90
119900260,119,6,113
119900261,262,97,165
119900262,0,134,-134
119900263,1004,288,716
119900264,93,119,-26
119900265,387,233,154
119900266,374,176,198
119900267,221,403,-182
119900268,158,101,57
119900269,871,726,145
119900271,35,70,-35
119900272,199,242,-43
119900275,137,34,103
119900276,71,2,69
119900277,6,9,-3
119900278,202,107,95
119900279,82,238,-156
119900280,525,133,392
119900281,0,256,-256
119900282,54,94,-40
119900283,12,158,-146
119900284,42,146,-104
119900285,40,76,-36
119900286,5,9,-4
119900288,9,16,-7
119900289,3,46,-43
119900290,4,23,-19
119900291,1,74,-73
119900292,51,40,11
119900293,31,9,22
119900294,30,1,29
119900295,0,0,0
119900296,1,0,1
119900299,65,117,-52
119900300,249,155,94
119900301,87,131,-44
119900302,119,37,82
119900303,227,147,80
119900304,202,44,158
119900305,8,98,-90
119900306,22,5,17
119900307,58,67,-9
119900308,10,27,-17
119900309,38,121,-83
119900310,236,205,31
119900311,73,84,-11
119900312,117,68,49
119900313,208,220,-12
119900314,178,391,-213
119900315,1617,1471,146
119900318,9,31,-22
119900319,1,216,-215
119900320,272,449,-177
119900321,87,1,86
119900322,16,81,-65
119900323,0,109,-109
119900324,5,42,-37
119900325,224,221,3
119900326,67,72,-5
120000001,5567,14263,-8696
120000002,2504,2094,410
120000003,2629,1349,1280
120000004,2218,1522,696
120000005,3858,1726,2132
120000006,1134,1113,21
120000007,3119,2683,436
120000008,913,1064,-151
120000009,1891,976,915
120000010,1765,1929,-164
120000011,914,1311,-397
120000012,1322,2220,-898
120000013,2768,2501,267
120000014,596,1185,-589
120000015,1973,1217,756
120000016,3729,1983,1746
120000017,2813,2352,461
120000018,3415,10804,-7389
120000019,862,1301,-439
120000020,2752,2856,-104
120000021,1648,2302,-654
120000022,2683,3637,-954
120000023,1060,1455,-395
120000024,1373,2192,-819
120000025,2442,1839,603
120000026,2080,1614,466
120000027,2197,2028,169
120000028,499,1002,-503
120000029,1800,866,934
120000030,552,884,-332
120000031,1915,4949,-3034
120000032,6358,3141,3217
120000033,3645,1415,2230
120000034,1854,1284,570
120000035,2094,1577,517
120000036,2532,4273,-1741
120000037,628,1624,-996
120000038,4696,3215,1481
120000039,596,780,-184
120000040,131,526,-395
120000041,935,1136,-201
120000042,1760,2387,-627
120000043,4617,1492,3125
120000044,5017,1309,3708
120000045,5485,851,4634
120000046,3139,2301,838
120000047,874,4539,-3665
120000048,5860,3728,2132
120000049,3054,2619,435
120000050,3036,3132,-96
120000051,2329,3597,-1268
120000052,6599,2260,4339
120000053,1129,1668,-539
120000054,1165,2987,-1822
120000055,1418,3720,-2302
120000056,4355,3147,1208
120000057,3704,819,2885
120000058,2460,871,1589
120000059,6,1541,-1535
120000061,79,502,-423
120000062,202,274,-72
120000063,1234,2355,-1121
120000064,180,784,-604
120000065,454,987,-533
120000066,312,396,-84
120000067,75,437,-362
120000068,152,545,-393
120000069,560,772,-212
120000070,81,528,-447
120000071,599,92,507
120000072,829,335,494
120000073,882,95,787
120000074,158,117,41
120000075,929,297,632
120000076,2057,354,1703
120000077,1815,656,1159
120000078,3482,1120,2362
120000079,357,272,85
120000080,174,257,-83
120000081,431,207,224
120000082,252,301,-49
120000083,153,794,-641
120000084,332,314,18
120000085,297,326,-29
120000086,268,361,-93
120000087,228,423,-195
120000088,666,888,-222
120000089,1113,540,573
120000090,787,479,308
120000091,945,850,95
120000092,1170,566,604
120000093,513,429,84
120000094,168,663,-495
120000095,939,380,559
120000096,273,545,-272
120000098,942,770,172
120000099,446,646,-200
120000100,677,743,-66
120000101,538,378,160
120000102,551,905,-354
120000103,1545,903,642
120000104,1752,491,1261
120000105,2762,593,2169
120000106,2439,611,1828
120000107,3790,554,3236
120000108,1320,127,1193
120000109,1188,100,1088
120000110,55,680,-625
120000111,173,808,-635
120000112,674,1726,-1052
120000113,552,1369,-817
120000114,812,1745,-933
120000115,293,1327,-1034
120000116,623,1315,-692
120000117,776,958,-182
120000118,41,36,5
120000119,26,54,-28
120000120,66,64,2
120000121,24,58,-34
120000122,239,292,-53
120000123,2984,5380,-2396
120000124,410,301,109
120000125,455,448,7
120000126,351,978,-627
120000127,1784,915,869
120000128,2419,3638,-1219
120000129,192,253,-61
120000130,810,439,371
120000131,310,674,-364
120000134,335,743,-408
120000135,509,445,64
120000137,308,927,-619
120000138,1109,405,704
120000139,311,518,-207
120000140,931,481,450
120000141,286,295,-9
120000142,521,509,12
120000143,2,82,-80
120000144,106,1,105
120000145,478,2,476
120000146,900,801,99
120000149,561,897,-336
120000150,2800,9802,-7002
120000151,364,385,-21
120000152,457,166,291
120000153,240,410,-170
120000154,485,414,71
120000155,115,260,-145
120000156,705,1087,-382
120000157,863,587,276
120000158,844,712,132
120000159,1616,2078,-462
120000160,2013,1499,514
120000161,1963,1805,158
120000162,75,245,-170
120000163,698,957,-259
120000164,546,360,186
120000165,613,532,81
120000166,1599,445,1154
120000167,171,167,4
120000168,18,580,-562
120000169,51,1947,-1896
120000170,55,1073,-1018
120000171,21,396,-375
120000172,15,259,-244
120000173,1445,1290,155
120000174,207,32,175
120000175,183,40,143
120000176,123,58,65
120000177,1020,124,896
120000178,55,19,36
120000179,123,44,79
120000180,642,89,553
120000181,108,1317,-1209
120000182,70,540,-470
120000183,9,319,-310
120000184,117,1211,-1094
120000186,39,697,-658
120000187,43,307,-264
120000188,77,486,-409
120000190,435,62,373
120000191,519,116,403
120000192,663,49,614
120000193,320,16,304
120000195,44,9,35
120000196,285,41,244
120000197,68,81,-13
120000198,162,62,100
120000199,104,1,103
120000200,123,4,119
120000201,16,26,-10
120000202,4,33,-29
120000203,54,144,-90
120000207,0,78,-78
120000208,13,113,-100
120000209,0,41,-41
120000210,35,42,-7
120000211,146,2,144
120000212,214,0,214
120000213,195,160,35
120000214,3,150,-147
120000215,4,77,-73
120000216,120,21,99
120000217,504,1297,-793
120000218,106,534,-428
120000219,5,297,-292
120000220,10,962,-952
120000225,1590,3,1587
120000226,373,5,368
120000227,813,65,748
120000228,9120,3365,5755
120000230,443,13,430
120000231,1335,1535,-200
120000233,357,20,337
120000235,236,513,-277
120000236,1026,30,996
120000237,1,1065,-1064
120000238,1,875,-874
120000241,1154,3387,-2233
120000412,609,13,596
120000413,261,201,60
120000414,171,3,168
120000415,2,107,-105
120000416,106,4,102
120000417,18,71,-53
120000418,195,12,183
120000419,7,165,-158
120000420,67,13,54
120000421,7399,4826,2573
120000422,115,1598,-1483
120000423,2,61,-59
120000424,88,115,-27
120000436,134,659,-525
120000437,139,119,20
120000438,1557,175,1382
120000439,185,473,-288
120000443,215,1,214
120000444,1376,334,1042
120000445,1766,921,845
120000446,577,164,413
120000447,228,0,228
120000449,132,4,128
120000450,11,149,-138
120000451,155,270,-115
120000452,237,4,233
120000453,0,247,-247
120000454,84,60,24
120000455,74,48,26
120000456,1755,3242,-1487
120000457,735,405,330
120000458,432,502,-70
120000459,87,39,48
120000665,656,234,422
120000668,88,861,-773
120000669,66,147,-81
120000670,128,621,-493
120000671,1292,497,795
120000672,102,504,-402
120900001,57,101,-44
120900002,281,533,-252
120900003,183,32,151
120900004,6,67,-61
120900005,62,752,-690
120900006,464,237,227
120900007,185,53,132
120900008,268,854,-586
120900009,470,31,439
120900010,497,107,390
120900011,312,217,95
120900012,189,1196,-1007
120900013,349,136,213
120900014,10,364,-354
120900015,720,62,658
120900016,942,65,877
120900017,1757,57,1700
120900018,159,338,-179
120900019,606,344,262
120900020,604,1325,-721
120900021,742,220,522
120900022,23,244,-221
120900023,336,26,310
120900024,1832,439,1393
120900025,1406,944,462
120900026,256,144,112
120900027,739,17,722
120900028,378,108,270
120900029,123,534,-411
120900030,1331,754,577
120900031,263,108,155
120900032,1153,91,1062
120900033,1197,85,1112
120900034,42,2482,-2440
120900035,56,70,-14
120900037,236,13,223
120900038,65,352,-287
120900039,130,38,92
120900040,310,4,306
120900041,118,28,90
120900042,547,60,487
120900043,62,68,-6
120900044,16,286,-270
120900045,137,84,53
120900046,444,6,438
120900047,138,139,-1
120900048,141,31,110
120900049,561,3,558
120900050,1463,1396,67
120900051,317,116,201
120900052,592,9,583
120900053,323,56,267
120900054,1389,520,869
120900055,394,3,391
120900056,593,13,580
120900057,211,18,193
120900058,556,1,555
120900059,96,6,90
120900060,69,33,36
120900061,230,175,55
120900062,231,2,229
120900063,669,10,659
120900064,658,1,657
120900065,530,2,528
120900066,373,166,207
120900067,229,116,113
120900068,343,1,342
120900069,237,35,202
120900071,26,1,25
120900072,808,3,805
120900073,563,125,438
120900074,631,11,620
120900076,339,1,338
120900077,2069,266,1803
120900078,786,502,284
120900079,767,80,687
120900080,861,1147,-286
120900081,943,408,535
120900082,487,370,117
120900083,105,6,99
120900084,299,417,-118
120900085,87,112,-25
120900086,83,300,-217
120900087,396,385,11
120900088,174,464,-290
120900089,2156,2612,-456
120900090,281,72,209
120900091,607,928,-321
120900092,943,370,573
120900093,1473,114,1359
120900094,327,150,177
120900095,330,21,309
120900096,63,159,-96
120900097,608,585,23
120900098,192,129,63
120900099,83,58,25
120900100,85,155,-70
120900101,487,195,292
120900102,46,58,-12
120900103,71,215,-144
120900104,30,45,-15
120900105,32,412,-380
120900106,995,372,623
120900107,258,130,128
120900108,6,379,-373
120900109,32,401,-369
120900110,5,424,-419
120900111,150,254,-104
120900112,11,555,-544
120900113,14,570,-556
120900114,35,105,-70
120900115,134,260,-126
120900116,383,267,116
120900117,6,280,-274
120900118,8,447,-439
120900119,4684,3099,1585
120900120,61,350,-289
120900121,245,382,-137
120900122,584,286,298
120900123,8,288,-280
120900124,1,391,-390
120900125,4,393,-389
120900126,1299,709,590
120900127,17,295,-278
120900128,945,1167,-222
120900129,42,178,-136
120900130,15,357,-342
120900131,63,58,5
120900132,959,222,737
120900133,133,588,-455
120900134,573,332,241
120900135,4,368,-364
120900136,37,35,2
120900137,287,86,201
120900138,11,180,-169
120900139,4,512,-508
120900140,3,76,-73
120900141,119,163,-44
120900142,17,286,-269
120900143,2,604,-602
120900144,1,97,-96
120900145,202,537,-335
120900146,0,650,-650
120900147,0,349,-349
120900148,126,113,13
120900149,0,175,-175
120900150,48,353,-305
120900151,0,446,-446
120900152,2,39,-37
120900153,62,71,-9
120900154,0,164,-164
120900155,213,722,-509
120900156,74,311,-237
120900157,56,296,-240
120900158,91,411,-320
120900159,220,380,-160
120900160,20,533,-513
120900161,44,457,-413
120900162,79,622,-543
120900163,77,779,-702
120900164,2,22,-20
120900165,3,101,-98
120900166,61,603,-542
120900167,245,119,126
120900169,97,252,-155
120900170,763,2631,-1868
120900171,826,186,640
120900172,398,1070,-672
120900173,0,20,-20
120900174,9,72,-63
120900175,198,121,77
120900176,28,351,-323
120900177,3,1118,-1115
120900178,0,426,-426
120900179,582,376,206
120900180,52,97,-45
120900181,46,32,14
120900182,20,266,-246
120900183,550,78,472
120900184,270,63,207
120900185,6,300,-294
120900186,0,272,-272
120900187,568,871,-303
120900188,245,6,239
120900189,87,1403,-1316
120900190,79,5,74
120900191,13,10,3
120900192,6377,7337,-960
120900194,56,84,-28
120900195,119,298,-179
120900196,834,47,787
120900197,694,140,554
120900198,200,438,-238
120900199,369,494,-125
120900200,40,99,-59
120900201,363,138,225
120900202,0,94,-94
120900203,34,67,-33
120900204,127,183,-56
120900205,53,32,21
120900206,34,41,-7
120900207,76,957,-881
121000001,635,988,-353
121000002,2045,1136,909
121000003,2363,1790,573
121000004,2385,2722,-337
121000005,1613,2449,-836
121000006,3073,1734,1339
121000007,2217,2765,-548
121000008,4288,3451,837
121000009,4690,5285,-595
121000010,7321,5798,1523
121000011,8028,11313,-3285
121000012,14470,9275,5195
121000013,4609,6370,-1761
121000014,5225,4894,331
121000015,3899,6332,-2433
121000016,3833,3318,515
121000017,1943,2946,-1003
121000018,2617,1611,1006
121000019,12202,9832,2370
121000020,11417,13652,-2235
121000021,2571,2644,-73
121000022,2383,2975,-592
121000023,3351,2616,735
121000024,4770,5667,-897
121000025,604,1317,-713
121000026,313,168,145
121000027,1493,1099,394
121000028,803,560,243
121000029,834,680,154
121000030,665,411,254
121000031,597,587,10
121000032,263,111,152
121000034,307,200,107
121000035,129,139,-10
121000036,899,746,153
121000037,538,485,53
121000038,516,999,-483
121000039,285,475,-190
121000041,556,554,2
121000042,250,343,-93
121000043,670,484,186
121000044,1279,983,296
121000045,423,274,149
121000046,675,884,-209
121000047,73,107,-34
121000049,1240,545,695
121000050,254,1046,-792
121000051,562,299,263
121000052,393,589,-196
121000053,380,114,266
121000054,49,314,-265
121000055,935,1168,-233
121000056,706,971,-265
121000057,223,480,-257
121000058,294,228,66
121000059,2073,1177,896
121000060,568,1044,-476
121000061,80,395,-315
121000062,152,360,-208
121000063,786,835,-49
121000064,663,805,-142
121000065,322,481,-159
121000066,684,474,210
121000067,509,612,-103
121000068,591,439,152
121000069,530,1047,-517
121000070,1457,1252,205
121000071,1392,1264,128
121000072,1164,709,455
121000073,1025,931,94
121000074,149,154,-5
121000075,63,571,-508
121000076,618,448,170
121000077,127,206,-79
121000078,98,146,-48
121000080,1755,617,1138
121000081,4334,2700,1634
121000082,107,237,-130
121000083,168,123,45
121000084,189,119,70
121000085,274,457,-183
121000086,320,578,-258
121000087,67,322,-255
121000088,457,443,14
121000089,460,594,-134
121000090,467,464,3
121000091,1509,1048,461
121000092,210,63,147
121000093,161,232,-71
121000094,522,652,-130
121000095,301,655,-354
121000096,2261,2097,164
121000097,847,2288,-1441
121000098,639,822,-183
121000099,720,716,4
121000100,1001,342,659
121000101,431,309,122
121000102,320,290,30
121000103,188,218,-30
121000104,190,85,105
121000105,422,212,210
121000106,365,311,54
121000107,1635,2473,-838
121000109,888,982,-94
121000110,329,681,-352
121000114,2684,1864,820
121000115,1112,540,572
121000116,235,772,-537
121000117,593,205,388
121000118,1238,174,1064
121000119,252,313,-61
121000120,289,433,-144
121000121,513,1189,-676
121000123,1287,606,681
121000127,130,106,24
121000128,903,344,559
121000129,898,422,476
121000130,591,668,-77
121000131,1731,1598,133
121000132,1338,1509,-171
121000135,375,355,20
121000136,983,1092,-109
121000137,458,276,182
121000138,663,1321,-658
121000139,317,485,-168
121000141,173,149,24
121000142,771,1136,-365
121000143,122,16,106
121000144,751,1353,-602
121000145,493,755,-262
121000146,1345,1049,296
121000147,991,491,500
121000148,918,819,99
121000149,2032,1376,656
121000152,381,408,-27
121000153,1761,490,1271
121000154,1096,454,642
121000155,1629,998,631
121000156,431,930,-499
121000157,813,1414,-601
121000158,350,399,-49
121000159,196,357,-161
121000160,278,311,-33
121000161,183,242,-59
121000162,133,149,-16
121000165,1358,1863,-505
121000166,15,424,-409
121000168,337,187,150
121000169,71,117,-46
121000170,282,72,210
121000171,110,156,-46
121000172,671,557,114
121000173,1142,1129,13
121000174,392,483,-91
121000175,1062,347,715
121000176,355,274,81
121000177,656,495,161
121000178,113,43,70
121000179,58,60,-2
121000181,358,387,-29
121000182,151,246,-95
121000183,79,117,-38
121000184,24,71,-47
121000185,49,189,-140
121000186,171,655,-484
121000187,181,156,25
121000188,198,139,59
121000192,879,379,500
121000193,657,440,217
121000194,1948,1987,-39
121000195,206,764,-558
121000196,564,258,306
121000197,195,580,-385
121000198,200,145,55
121000199,130,241,-111
121000200,501,71,430
121000201,5,154,-149
121000202,699,104,595
121000203,683,1424,-741
121000204,2674,720,1954
121000205,105,169,-64
121000206,129,40,89
121000207,2029,307,1722
121000208,14,219,-205
121000209,409,194,215
121000210,756,265,491
121000211,282,126,156
121000212,434,451,-17
121000213,7474,2360,5114
121000214,789,1624,-835
121000215,855,957,-102
121000216,556,540,16
121000217,3442,2056,1386
121000218,308,1244,-936
121000219,1278,356,922
121000220,147,68,79
121000221,97,243,-146
121000222,1835,1916,-81
121000223,338,362,-24
121000224,309,242,67
121000225,707,1674,-967
121000226,1596,953,643
121000227,13,111,-98
121000228,15,423,-408
121000229,360,244,116
121000230,45,1239,-1194
121000231,929,29,900
121000232,347,271,76
121000233,535,294,241
121000234,12,24,-12
121000235,52,78,-26
121000236,7,32,-25
121000237,30,12,18
121000238,6,46,-40
121000239,53,3,50
121000240,4,161,-157
121000241,73,6,67
121000242,59,283,-224
121000243,418,140,278
121000244,10,65,-55
121000245,74,32,42
121000246,3,67,-64
121000247,108,5,103
121000248,886,375,511
121000249,97,183,-86
121000250,545,205,340
121000251,6,324,-318
121000252,116,69,47
121000253,331,330,1
121000254,594,188,406
121000255,86,194,-108
121000256,231,170,61
121000257,24,77,-53
121000258,96,71,25
121000259,50,56,-6
121000260,75,85,-10
121000261,56,59,-3
121000262,1029,589,440
121000263,460,447,13
121000271,278,1213,-935
121000273,51,7,44
121000274,6,48,-42
121000275,5,11,-6
121000276,12,23,-11
121000278,53,53,0
121000279,33,30,3
121000280,17,48,-31
121000289,211,18,193
121000290,931,802,129
121000294,175,82,93
121000297,680,1023,-343
121000299,100,608,-508
121000300,816,435,381
121000302,37,762,-725
121000303,334,275,59
121000304,479,52,427
121000305,194,46,148
121000306,120,126,-6
121000308,144,310,-166
121000309,259,403,-144
121000310,83,295,-212
121000311,69,622,-553
121000312,345,265,80
121000313,350,452,-102
121000314,90,104,-14
121000315,49,113,-64
121000530,1599,1305,294
121000531,1659,1399,260
121000532,5921,6937,-1016
121000533,3200,3395,-195
121000918,45,115,-70
121000919,33,79,-46
121000938,44,72,-28
121000939,79,160,-81
121000956,1436,853,583
121000957,9,17,-8
121000958,26,58,-32
121000959,760,580,180
121000960,1410,1321,89
121000961,257,68,189
121000962,192,386,-194
121000973,0,167,-167
121000976,22,162,-140
121000979,402,174,228
121000981,353,178,175
121000982,344,184,160
121000983,356,308,48
121000984,28,72,-44
121000985,757,328,429
121000986,316,171,145
121000987,207,532,-325
121000988,738,104,634
121001302,273,105,168
121001308,2,20,-18
121001309,44,70,-26
121001313,170,162,8
121001314,1506,2040,-534
121001315,4310,2799,1511
121900001,89,163,-74
121900002,34,41,-7
121900003,378,30,348
121900004,88,342,-254
121900005,35,9,26
121900006,95,23,72
121900007,1809,1692,117
121900008,911,923,-12
121900009,644,22,622
121900010,232,5,227
121900011,204,308,-104
121900012,12,0,12
121900013,871,98,773
121900014,1125,336,789
121900015,162,170,-8
121900016,1,27,-26
121900017,442,511,-69
121900018,330,9,321
121900019,433,195,238
121900020,13,1,12
121900021,902,7,895
121900022,315,205,110
121900023,184,320,-136
121900024,322,93,229
121900025,596,373,223
121900026,379,36,343
121900027,335,160,175
121900028,196,12,184
121900029,128,190,-62
121900030,385,444,-59
121900031,832,5153,-4321
121900032,100,68,32
121900033,207,230,-23
121900034,238,62,176
121900035,2688,1837,851
121900036,82,257,-175
121900037,135,1013,-878
121900038,36,107,-71
121900039,303,59,244
121900040,56,118,-62
121900041,110,160,-50
121900042,342,138,204
121900043,12,4,8
121900044,73,38,35
121900046,205,282,-77
121900047,200,47,153
121900048,50,96,-46
121900050,51,57,-6
121900051,174,175,-1
121900052,198,23,175
121900053,519,298,221
121900054,403,857,-454
121900055,2,16,-14
121900058,219,102,117
121900059,347,144,203
121900060,211,347,-136
121900061,178,193,-15
121900062,183,98,85
121900063,1220,520,700
121900064,232,488,-256
121900066,41,23,18
121900067,35,35,0
121900069,192,129,63
121900070,171,115,56
121900071,384,215,169
121900072,56,117,-61
121900073,237,236,1
121900074,591,714,-123
121900075,340,476,-136
121900076,364,570,-206
121900077,13,11,2
121900078,68,39,29
121900079,0,1,-1
121900080,861,386,475
121900082,48,71,-23
121900084,16,83,-67
121900085,2,9,-7
121900086,22,56,-34
121900087,143,100,43
121900088,1734,2795,-1061
121900089,180,224,-44
121900090,25,69,-44
121900091,62,62,0
121900092,52,136,-84
121900093,49,48,1
121900094,12,5,7
121900095,262,150,112
121900096,1112,776,336
121900097,517,117,400
121900098,10,5,5
121900099,232,68,164
121900100,143,380,-237
121900101,111,135,-24
121900102,2,122,-120
121900103,347,258,89
121900104,1489,309,1180
121900105,235,145,90
121900106,7,11,-4
121900107,63,20,43
121900108,1,18,-17
121900109,213,120,93
121900110,424,619,-195
121900111,504,222,282
121900112,140,129,11
121900113,65,372,-307
121900114,62,49,13
121900117,204,120,84
121900118,1603,450,1153
121900119,172,86,86
121900120,51,1101,-1050
121900121,392,41,351
121900122,35,31,4
121900123,220,345,-125
121900124,164,143,21
121900125,1859,927,932
121900127,14,66,-52
121900128,128,73,55
121900129,511,157,354
121900130,99,160,-61
121900131,216,91,125
121900132,58,63,-5
121900133,49,895,-846
121900134,69,158,-89
121900135,2701,336,2365
121900136,295,356,-61
121900137,68,350,-282
121900138,44,140,-96
121900139,310,595,-285
121900140,82,146,-64
121900141,68,35,33
121900142,127,94,33
121900143,15,118,-103
121900144,145,231,-86
121900145,214,194,20
121900146,544,724,-180
121900147,53,215,-162
121900148,204,292,-88
121900149,315,467,-152
121900150,48,160,-112
121900151,76,215,-139
121900152,59,113,-54
121900153,95,497,-402
121900154,11,244,-233
121900155,1,226,-225
121900156,164,111,53
121900157,5,299,-294
121900158,53,100,-47
121900159,0,250,-250
121900160,46,263,-217
121900161,304,293,11
121900162,130,175,-45
121900163,224,464,-240
121900164,391,211,180
121900165,426,145,281
121900166,177,138,39
121900167,76,111,-35
121900168,116,228,-112
121900169,9,173,-164
121900170,8,144,-136
121900171,701,503,198
121900172,529,155,374
121900173,689,208,481
121900174,33,49,-16
121900175,182,234,-52
121900176,597,1174,-577
121900177,226,55,171
121900178,24,31,-7
121900179,333,180,153
121900180,2619,4036,-1417
121900182,619,261,358
121900183,416,1101,-685
121900184,50,643,-593
121900186,24,267,-243
121900187,25,138,-113
121900188,476,320,156
121900189,57,79,-22
121900190,215,308,-93
121900191,122,232,-110
121900192,265,845,-580
121900193,32,115,-83
121900194,5,186,-181
121900195,61,73,-12
121900196,752,766,-14
121900197,317,1019,-702
121900198,1106,962,144
121900199,3,38,-35
121900200,69,235,-166
121900201,739,641,98
121900202,114,593,-479
121900203,204,1026,-822
121900204,681,936,-255
121900205,7,51,-44
121900206,20,37,-17
121900207,101,52,49
121900208,136,229,-93
121900209,76,53,23
121900210,1426,948,478
121900211,308,332,-24
121900212,202,142,60
121900213,237,64,173
121900214,14,382,-368
121900215,33,62,-29
121900216,35,269,-234
121900217,259,136,123
121900218,182,347,-165
121900220,111,21,90
121900221,272,492,-220
121900222,151,155,-4
121900223,210,48,162
121900224,125,37,88
121900225,80,89,-9
121900226,263,398,-135
121900227,204,497,-293
121900228,143,181,-38
121900230,55,366,-311
121900231,208,2607,-2399
121900232,198,299,-101
121900233,176,271,-95
121900234,277,162,115
121900235,441,137,304
121900236,319,107,212
121900237,182,254,-72
121900238,145,244,-99
121900239,181,15,166
121900240,234,97,137
121900241,47,41,6
121900242,6,0,6
121900243,20,0,20
121900244,39,4,35
121900245,270,44,226
121900246,2339,355,1984
121900247,216,242,-26
121900248,1115,1073,42
121900250,217,313,-96
121900251,399,35,364
121900252,486,127,359
121900253,195,950,-755
121900254,385,211,174
121900255,390,88,302
121900258,3169,1753,1416
121900259,328,487,-159
121900260,160,115,45
121900261,160,496,-336
121900262,331,758,-427
121900263,240,202,38
121900264,1320,1055,265
121900265,300,217,83
121900266,441,94,347
121900267,65,36,29
121900269,216,618,-402
121900270,34,208,-174
121900271,41,122,-81
121900273,476,1506,-1030
121900274,311,254,57
121900277,451,999,-548
121900278,90,791,-701
121900279,180,186,-6
121900280,85,256,-171
121900281,259,676,-417
121900284,72,7,65
121900286,106,99,7
121900287,12,29,-17
121900288,2,0,2
121900290,246,466,-220
121900291,361,482,-121
121900292,123,109,14
121900293,809,2513,-1704
121900294,283,5,278
121900295,156,186,-30
121900296,48,203,-155
121900298,197,708,-511
121900299,0,9,-9
121900300,102,8,94
121900301,45,4,41
121900302,4,21,-17
121900303,253,333,-80
121900304,4,20,-16
121900305,2,7,-5
121900306,217,1,216
121900307,95,14,81
121900308,52,190,-138
121900309,21,182,-161
121900310,36,293,-257
121900311,493,13,480
121900312,390,11,379
121900313,327,13,314
121900314,2,26,-24
121900315,17,0,17
121900316,0,5,-5
121900317,16,4,12
121900318,4,3,1
121900319,57,92,-35
121900320,12,35,-23
121900321,22,3,19
121900322,1,12,-11
121900323,13,6,7
121900324,4,43,-39
121900325,14,1,13
121900326,0,11,-11
121900327,5,54,-49
121900328,1,20,-19
121900329,3,123,-120
121900330,0,19,-19
121900331,59,58,1
121900332,93,23,70
121900333,24,1,23
121900334,58,68,-10
122000001,1797,4312,-2515
122000002,3021,1425,1596
122000003,1529,2628,-1099
122000004,2398,1394,1004
122000005,2279,1876,403
122000006,1445,1032,413
122000007,856,1423,-567
122000008,2576,3851,-1275
122000009,354,360,-6
122000010,2045,2606,-561
122000011,2815,1348,1467
122000012,848,1557,-709
122000013,973,937,36
122000014,1664,951,713
122000015,1239,954,285
122000016,497,774,-277
122000017,1048,930,118
122000018,1325,1343,-18
122000019,703,946,-243
122000020,175,230,-55
122000021,210,420,-210
122000022,1019,833,186
122000023,561,1429,-868
122000024,569,1241,-672
122000025,806,1697,-891
122000026,753,1186,-433
122000027,562,1470,-908
122000028,926,451,475
122000029,429,511,-82
122000030,217,149,68
122000031,168,254,-86
122000032,1714,1642,72
122000033,633,1394,-761
122000034,543,633,-90
122000035,276,682,-406
122000036,558,484,74
122000037,326,232,94
122000038,228,305,-77
122000039,573,416,157
122000040,215,229,-14
122000041,475,498,-23
122000042,307,359,-52
122000043,84,105,-21
122000044,114,117,-3
122000045,1183,491,692
122000046,759,630,129
122000047,172,246,-74
122000048,2985,3835,-850
122000049,4845,3098,1747
122000050,1236,793,443
122000051,232,333,-101
122000052,474,408,66
122000053,179,864,-685
122000054,1823,1748,75
122000055,1855,2768,-913
122000056,3499,2805,694
122000057,2728,3080,-352
122000058,1625,1447,178
122000059,1938,1953,-15
122000060,458,699,-241
122000061,359,552,-193
122000062,708,291,417
122000063,792,674,118
122000064,2621,3038,-417
122000065,2805,2205,600
122000066,859,1005,-146
122000067,1338,1238,100
122000068,1505,947,558
122000069,689,635,54
122000070,741,1064,-323
122000071,1830,995,835
122000072,319,459,-140
122000073,320,765,-445
122000074,2573,1535,1038
122000075,676,1063,-387
122000076,2678,1234,1444
122000077,831,919,-88
122000078,1351,2580,-1229
122000079,768,1298,-530
122000080,560,398,162
122000081,149,237,-88
122000082,431,861,-430
122000083,1423,1435,-12
122000084,1243,759,484
122000085,257,952,-695
122000086,2223,4130,-1907
122000087,329,258,71
122000088,229,292,-63
122000089,4155,2300,1855
122000090,182,453,-271
122000091,171,134,37
122000092,75,59,16
122000093,1418,1998,-580
122000094,4209,2349,1860
122000095,1423,2966,-1543
122000096,1264,1535,-271
122000098,2306,2215,91
122000099,1205,703,502
122000100,755,513,242
122000101,320,632,-312
122000102,2003,1098,905
122000103,1784,1446,338
122000104,517,184,333
122000105,596,235,361
122000106,454,613,-159
122000107,982,359,623
122000108,375,708,-333
122000109,416,250,166
122000110,471,553,-82
122000111,2418,1177,1241
122000112,918,1141,-223
122000113,585,557,28
122000114,2290,1405,885
122000115,1634,1123,511
122000116,507,579,-72
122000117,1230,540,690
122000118,615,906,-291
122000119,3563,2978,585
122000120,2454,5561,-3107
122000121,2667,3345,-678
122000122,744,1499,-755
122000123,2046,1761,285
122000124,1063,624,439
122000125,643,780,-137
122000126,571,1214,-643
122000127,1031,1307,-276
122000128,515,736,-221
122000129,456,1455,-999
122000130,3684,1872,1812
122000131,1677,1850,-173
122000132,658,604,54
122000133,940,1050,-110
122000134,928,801,127
122000135,656,677,-21
122000136,927,710,217
122000137,1630,826,804
122000139,1021,3072,-2051
122000140,700,592,108
122000141,3271,1059,2212
122000142,300,914,-614
122000143,565,943,-378
122000144,1764,1790,-26
122000145,1277,934,343
122000146,585,1578,-993
122000147,669,590,79
122000148,1320,1866,-546
122000149,2014,1576,438
122000150,1090,1070,20
122000151,176,459,-283
122000152,426,466,-40
122000153,366,385,-19
122000154,264,203,61
122000155,1378,2478,-1100
122000156,2123,2591,-468
122000157,1050,2102,-1052
122000158,394,915,-521
122000159,819,2227,-1408
122000160,4257,3644,613
122000161,1588,1381,207
122000162,2098,1877,221
122000163,218,72,146
122000164,31,79,-48
122000165,579,586,-7
122000166,597,1033,-436
122000167,293,259,34
122000168,207,494,-287
122000169,363,147,216
122000170,296,218,78
122000171,46,70,-24
122000172,1695,1180,515
122000173,1304,2066,-762
122000174,1923,919,1004
122000175,828,312,516
122000176,295,798,-503
122000177,1381,1478,-97
122000178,2763,1894,869
122000179,1548,2095,-547
122000180,1536,1241,295
122000181,1438,2704,-1266
122000182,1770,1760,10
122000183,1970,901,1069
122000184,2902,2331,571
122000185,1339,1975,-636
122000186,442,762,-320
122000187,1698,1048,650
122000188,399,188,211
122000189,254,258,-4
122000190,757,1106,-349
122000191,754,658,96
122000192,949,349,600
122000193,446,724,-278
122000194,467,180,287
122000195,159,462,-303
122000196,1073,568,505
122000197,451,601,-150
122000198,414,883,-469
122000199,289,328,-39
122000200,819,512,307
122000201,1233,1554,-321
122000202,961,1434,-473
122000203,2536,1405,1131
122000204,1568,1713,-145
122000205,1212,1295,-83
122000206,2377,1034,1343
122000207,1598,1654,-56
122000208,1897,1418,479
122000209,1533,342,1191
122000210,2248,1362,886
122000211,1289,1454,-165
122000212,690,484,206
122000213,1014,1254,-240
122000214,1920,1494,426
122000215,2017,1489,528
122000217,1735,1212,523
122000218,722,65,657
122000219,1092,851,241
122000220,401,721,-320
122000221,72,417,-345
122000222,525,113,412
122000223,1243,495,748
122000225,726,354,372
122000226,1801,1683,118
122000227,270,2030,-1760
122000228,384,383,1
122000229,39,468,-429
122000230,119,417,-298
122000231,385,670,-285
122000232,523,794,-271
122000233,0,85,-85
122000234,383,59,324
122000235,484,98,386
122000236,1203,86,1117
122000237,150,77,73
122000238,436,335,101
122000239,652,137,515
122000240,1217,543,674
122000241,1771,511,1260
122000242,659,130,529
122000243,321,51,270
122000244,65,398,-333
122000245,107,221,-114
122000246,438,146,292
122000247,759,660,99
122000248,1034,1456,-422
122000249,1796,881,915
122000250,2685,1145,1540
122000251,243,517,-274
122000252,495,114,381
122000253,62,204,-142
122000254,323,92,231
122000255,620,1257,-637
122000256,263,647,-384
122000257,213,228,-15
122000258,286,259,27
122000259,18,366,-348
122000260,3,59,-56
122000261,12,161,-149
122000262,0,32,-32
122000263,372,130,242
122000264,1220,336,884
122000265,2128,891,1237
122000266,3696,605,3091
122000267,119,107,12
122000268,111,392,-281
122000269,848,318,530
122000270,472,162,310
122000271,307,945,-638
122000272,326,797,-471
122000273,439,332,107
122000274,203,156,47
122000275,65,237,-172
122000276,878,467,411
122000277,1325,1558,-233
122000278,1899,685,1214
122000279,186,432,-246
122000280,649,583,66
122000281,740,628,112
122000282,146,409,-263
122000283,183,129,54
122000284,144,83,61
122000285,272,80,192
122000286,47,154,-107
122000287,1083,1131,-48
122000288,576,242,334
122000291,2001,672,1329
122000293,207,237,-30
122000294,131,211,-80
122000295,1024,192,832
122000296,32,433,-401
122000297,1940,2822,-882
122000299,583,323,260
122000300,432,435,-3
122000301,6404,2763,3641
122000302,492,1563,-1071
122000303,2224,1040,1184
122000304,72,163,-91
122000305,1150,232,918
122000306,28,529,-501
122000307,69,124,-55
122000309,44,62,-18
122000310,17,113,-96
122000311,149,117,32
122000312,102,146,-44
122000313,148,77,71
122000314,126,166,-40
122000315,271,54,217
122000316,798,189,609
122000317,1426,257,1169
122000318,256,738,-482
122000319,180,292,-112
122000320,340,838,-498
122000321,121,132,-11
122000322,1687,1926,-239
122000323,1065,2075,-1010
122000324,1121,1214,-93
122000325,734,1674,-940
122000326,87,66,21
122000327,652,1044,-392
122000328,1021,656,365
122000330,2084,935,1149
122000332,159,309,-150
122000333,17,74,-57
122000337,1067,1304,-237
122000338,433,374,59
122000340,276,548,-272
122000342,1273,931,342
122000343,446,932,-486
122000344,76,18,58
122000345,45,29,16
122000346,293,321,-28
122000348,802,577,225
122000349,139,582,-443
122000351,142,166,-24
122000352,218,159,59
122000353,85,58,27
122000355,127,352,-225
122000356,926,1049,-123
122000357,77,14,63
122000358,1,46,-45
122000359,0,26,-26
122000360,4,45,-41
122000362,10,48,-38
122000364,190,275,-85
122000365,3,30,-27
122000366,19,15,4
122000368,360,555,-195
122000370,29,51,-22
122000371,21,1,20
122000372,14,0,14
122000381,103,283,-180
122000382,102,203,-101
122000384,1867,1002,865
122000385,110,32,78
122000386,246,1207,-961
122000387,447,562,-115
122000388,1209,701,508
122000389,183,579,-396
122000390,312,238,74
122000391,284,195,89
122000392,151,230,-79
122000393,42,109,-67
122000394,520,256,264
122000395,156,132,24
122000396,271,79,192
122000397,34,64,-30
122000398,12,64,-52
122000399,205,69,136
122000400,98,531,-433
122000401,129,79,50
122000402,288,118,170
122000403,461,588,-127
122000404,195,159,36
122000408,637,894,-257
122000503,9,84,-75
122000524,264,154,110
122000544,68,1697,-1629
122000616,246,1,245
122000640,61,127,-66
122000641,135,197,-62
122000642,1142,765,377
122000643,32,197,-165
122000644,127,44,83
122000645,80,152,-72
122000651,1034,940,94
122000664,138,46,92
122000665,1324,471,853
122000666,651,1067,-416
122000673,22,208,-186
122000674,211,67,144
122000675,1572,756,816
122000686,412,801,-389
122000687,1190,323,867
122000688,352,414,-62
122000689,930,302,628
122000690,2165,376,1789
122000691,1199,1160,39
122000692,1354,395,959
122000693,412,1263,-851
122000695,330,285,45
122000696,423,184,239
122000698,338,400,-62
122000699,146,58,88
122000701,1188,315,873
122000702,420,864,-444
122000703,176,49,127
122000712,2,11,-9
122000717,60,39,21
122000718,294,717,-423
122000719,88,67,21
122000720,621,182,439
122000724,169,30,139
122900001,44,11,33
122900002,885,4472,-3587
122900003,353,52,301
122900004,1124,53,1071
122900005,74,83,-9
122900006,381,620,-239
122900007,79,87,-8
122900008,294,221,73
122900009,647,422,225
122900010,238,109,129
122900012,221,373,-152
122900014,126,231,-105
122900015,1045,866,179
122900016,117,238,-121
122900017,347,633,-286
122900018,175,20,155
122900019,7,100,-93
122900020,154,293,-139
122900021,47,313,-266
122900022,985,711,274
122900023,530,209,321
122900024,129,104,25
122900025,14,274,-260
122900026,28,252,-224
122900027,42,479,-437
122900028,79,164,-85
122900029,3562,2282,1280
122900030,871,498,373
122900031,36,215,-179
122900032,127,306,-179
122900033,172,127,45
122900034,3470,3981,-511
122900035,53,8,45
122900036,60,57,3
122900037,302,150,152
122900038,81,2326,-2245
122900039,98,462,-364
122900040,194,434,-240
122900041,230,336,-106
122900042,164,199,-35
122900043,330,210,120
122900044,92,289,-197
122900045,103,83,20
122900046,109,354,-245
122900047,93,166,-73
122900048,62,201,-139
122900049,1239,132,1107
122900051,83,114,-31
122900052,93,120,-27
122900053,42,32,10
122900055,424,101,323
122900057,207,60,147
122900061,355,137,218
122900062,512,569,-57
122900063,142,270,-128
122900064,695,256,439
122900065,510,181,329
122900066,708,289,419
122900067,900,532,368
122900068,196,248,-52
122900069,336,1042,-706
122900070,349,55,294
122900071,137,275,-138
122900072,15,328,-313
122900073,46,163,-117
122900074,886,450,436
122900075,3,43,-40
122900076,4,132,-128
122900077,0,90,-90
122900078,219,43,176
122900080,43,42,1
122900081,168,158,10
122900082,768,378,390
122900083,194,246,-52
122900084,3,169,-166
122900086,19,57,-38
122900087,266,394,-128
122900088,32,226,-194
122900089,20,172,-152
122900090,7,274,-267
122900091,236,0,236
122900092,0,127,-127
122900093,0,161,-161
122900094,11,152,-141
122900095,192,14,178
122900096,316,102,214
122900097,23,53,-30
122900098,82,112,-30
122900099,62,19,43
122900100,108,233,-125
122900101,447,241,206
122900102,17,35,-18
122900103,145,10,135
122900104,251,10,241
122900105,19,11,8
122900106,4,50,-46
122900107,4,124,-120
122900108,4,135,-131
123000001,944,338,606
123000002,2410,4043,-1633
123000003,3364,3325,39
123000004,2460,3234,-774
123000005,2359,2493,-134
123000006,1857,1888,-31
123000007,3652,2321,1331
123000008,2472,2601,-129
123000009,3601,2383,1218
123000010,2456,2566,-110
123000011,1864,712,1152
123000012,637,1804,-1167
123000013,3232,815,2417
123000014,713,2693,-1980
123000015,2239,812,1427
123000016,2813,3053,-240
123000017,3441,1778,1663
123000018,136,83,53
123000019,396,151,245
123000020,231,30,201
123000021,138,173,-35
123000022,413,1402,-989
123000023,1892,1712,180
123000024,1387,694,693
123000025,229,115,114
123000026,27,70,-43
123000027,82,614,-532
123000028,846,1333,-487
123000029,604,1605,-1001
123000030,240,207,33
123000031,352,226,126
123000032,515,107,408
123000033,262,87,175
123000034,926,727,199
123000035,393,366,27
123000036,274,821,-547
123000037,295,288,7
123000038,65,233,-168
123000039,369,1260,-891
123000040,725,261,464
123000041,1060,959,101
123000042,749,597,152
123000043,2311,8610,-6299
123000044,3218,1937,1281
123000045,4762,2273,2489
123000046,539,1162,-623
123000047,1363,1013,350
123000048,55,862,-807
123000049,4939,7593,-2654
123000050,1503,1374,129
123000051,118,175,-57
123000052,777,3085,-2308
123000053,2608,2831,-223
123000054,1464,1282,182
123000055,1367,2324,-957
123000056,1025,1355,-330
123000057,6965,5405,1560
123000058,585,897,-312
123000059,381,443,-62
123000060,802,358,444
123000061,222,608,-386
123000063,820,784,36
123000064,917,308,609
123000065,4269,2355,1914
123000066,660,487,173
123000067,1160,621,539
123000068,2264,2463,-199
123000069,5358,2721,2637
123000070,285,588,-303
123000071,1261,771,490
123000072,1022,648,374
123000073,1328,665,663
123000074,1094,859,235
123000075,439,1103,-664
123000076,774,640,134
123000077,1952,1934,18
123000078,1750,1347,403
123000079,1731,1669,62
123000080,1974,1339,635
123000081,143,332,-189
123000082,335,1048,-713
123000083,851,272,579
123000084,580,453,127
123000085,294,74,220
123000086,559,121,438
123000087,308,199,109
123000088,967,593,374
123000089,674,849,-175
123000090,954,814,140
123000091,1356,1155,201
123000092,892,1005,-113
123000094,502,219,283
123000095,551,536,15
123000096,713,369,344
123000097,488,528,-40
123000098,820,470,350
123000099,572,594,-22
123000100,400,636,-236
123000101,490,570,-80
123000102,499,625,-126
123000104,347,391,-44
123000105,482,455,27
123000106,460,365,95
123000107,342,503,-161
123000108,530,1074,-544
123000111,789,311,478
123000112,1229,453,776
123000113,532,926,-394
123000114,327,463,-136
123000115,259,257,2
123000116,33,82,-49
123000117,1569,1336,233
123000118,475,640,-165
123000119,267,608,-341
123000120,302,594,-292
123000121,452,476,-24
123000122,251,221,30
123000123,449,482,-33
123000124,365,314,51
123000125,1169,1182,-13
123000126,1044,3553,-2509
123000127,639,554,85
123000128,315,223,92
123000129,655,178,477
123000130,665,77,588
123000131,770,651,119
123000132,342,510,-168
123000133,217,353,-136
123000134,395,168,227
123000135,2230,1039,1191
123000136,174,492,-318
123000137,96,220,-124
123000138,102,303,-201
123000139,535,90,445
123000140,85,591,-506
123000141,686,138,548
123000142,949,858,91
123000143,871,1536,-665
123000144,15,26,-11
123000145,158,163,-5
123000146,43,76,-33
123000147,82,81,1
123000149,308,488,-180
123000150,111,262,-151
123000151,196,388,-192
123000152,66,405,-339
123000153,204,651,-447
123000154,1257,1972,-715
123000155,1850,1076,774
123000156,33,151,-118
123000157,569,711,-142
123000158,643,766,-123
123000159,2947,2594,353
123000160,869,786,83
123000161,1495,991,504
123000162,984,1502,-518
123000163,488,99,389
123000164,1396,292,1104
123000165,374,1204,-830
123000166,24,89,-65
123000167,196,222,-26
123000168,238,177,61
123000169,743,116,627
123000170,116,126,-10
123000171,755,18,737
123000172,178,416,-238
123000173,686,270,416
123000174,924,400,524
123000175,533,909,-376
123000176,894,229,665
123000177,212,641,-429
123000178,698,119,579
123000179,53,434,-381
123000180,1524,292,1232
123000181,254,1023,-769
123000182,216,270,-54
123000183,180,525,-345
123000184,118,323,-205
123000185,713,285,428
123000186,0,344,-344
123000187,436,15,421
123000188,150,3,147
123000189,163,137,26
123000190,78,82,-4
123000192,17,332,-315
123000193,70,631,-561
123000194,370,266,104
123000195,343,55,288
123000196,373,28,345
123000197,63,96,-33
123000198,30,485,-455
123000199,9,553,-544
123000200,531,6,525
123000201,1133,27,1106
123000202,26,732,-706
123000203,968,51,917
123000204,65,805,-740
123000205,453,1075,-622
123000206,2106,265,1841
123000207,68,627,-559
123000208,535,182,353
123000209,2093,578,1515
123000210,393,1433,-1040
123000211,416,1680,-1264
123000212,2954,472,2482
123000213,514,81,433
123000215,108,144,-36
123000216,116,466,-350
123000217,199,30,169
123000218,41,553,-512
123000219,535,64,471
123000220,541,86,455
123000221,259,105,154
123000222,368,329,39
123000223,302,255,47
123000224,424,319,105
123000225,256,70,186
123000226,52,246,-194
123000227,60,266,-206
123000228,218,58,160
123000229,765,1060,-295
123000232,117,446,-329
123000233,783,137,646
123000234,143,452,-309
123000235,1026,237,789
123000236,263,550,-287
123000237,335,83,252
123000238,55,408,-353
123000239,394,899,-505
123000240,41,419,-378
123000241,420,72,348
123000242,160,200,-40
123000243,568,602,-34
123000244,717,590,127
123000245,33,122,-89
123000249,234,463,-229
123000252,820,292,528
123000253,1210,447,763
123000254,603,796,-193
123000255,965,732,233
123000256,24,217,-193
123000257,1948,1436,512
123000258,918,634,284
123000259,381,337,44
123000260,465,302,163
123000261,216,92,124
123000262,116,117,-1
123000263,402,92,310
123000264,213,64,149
123000265,40,133,-93
123000266,522,586,-64
123000267,569,309,260
123000268,66,68,-2
123000269,40,55,-15
123000270,20,63,-43
123000271,55,65,-10
123000272,598,250,348
123000273,286,534,-248
123000274,1025,503,522
123000275,263,691,-428
123000278,2342,2058,284
123000279,154,105,49
123000280,337,290,47
123000281,255,79,176
123000282,80,236,-156
123000283,136,52,84
123000284,70,46,24
123000286,181,352,-171
123000287,416,226,190
123000288,1267,814,453
123000289,371,989,-618
123000291,226,734,-508
123000294,172,241,-69
123000295,755,638,117
123000296,564,283,281
123000297,617,395,222
123000298,769,326,443
123000299,59,127,-68
123000300,869,772,97
123000301,116,237,-121
123000302,134,121,13
123000303,135,244,-109
123000305,696,749,-53
123000306,127,108,19
123000309,60,38,22
123000310,52,46,6
123000311,0,65,-65
123000312,521,470,51
123000313,469,306,163
123000315,236,220,16
123000316,719,133,586
123000317,185,72,113
123000318,63,154,-91
123000329,7,11,-4
123000337,669,326,343
123000338,275,129,146
123000339,293,97,196
123000340,110,301,-191
123000342,15,92,-77
123000343,49,5,44
123000344,968,381,587
123000345,403,620,-217
123000346,378,41,337
123000352,886,811,75
123000353,32,125,-93
123000354,188,3,185
123000355,1,173,-172
123000356,351,22,329
123000357,3,83,-80
123000359,0,106,-106
123000360,175,58,117
123000361,133,239,-106
123000362,349,93,256
123000363,115,136,-21
123000364,540,543,-3
123000365,8,339,-331
123000366,349,1786,-1437
123000367,258,698,-440
123000370,33,193,-160
123000371,367,49,318
123000372,283,33,250
123000373,11,261,-250
123000374,2,139,-137
123000375,296,29,267
123000376,955,630,325
123000377,376,13,363
123000378,10,174,-164
123000379,4,150,-146
123000380,33,350,-317
123000381,95,73,22
123000382,711,72,639
123000383,112,1005,-893
123000384,398,117,281
123000385,145,369,-224
123000436,42,772,-730
123000507,85,164,-79
123000508,153,766,-613
123000517,221,11,210
123000518,16,178,-162
123000519,123,61,62
123000520,43,182,-139
123000521,314,93,221
123000522,135,288,-153
123000541,12,3,9
123000542,0,4,-4
123000565,725,52,673
123000566,269,308,-39
123000567,81,133,-52
123000573,24,537,-513
123000574,624,62,562
123000575,1244,792,452
123000576,782,895,-113
123000577,54,513,-459
123000578,469,66,403
123000579,1383,4000,-2617
123000580,144,32,112
123000582,405,25,380
123000583,16,256,-240
123000584,165,230,-65
123000585,0,97,-97
123000586,134,0,134
123000596,51,80,-29
123000597,44,130,-86
123000602,51,6,45
123000603,784,479,305
123000604,488,442,46
123000605,626,102,524
123000606,0,356,-356
123000609,18,270,-252
123000610,159,121,38
123000613,46,172,-126
123000614,213,40,173
123000615,39,102,-63
123000616,594,55,539
123000617,120,209,-89
123000618,61,386,-325
123000619,458,56,402
123000620,19,287,-268
123000622,395,18,377
123000624,160,62,98
123000630,1119,427,692
123000631,239,739,-500
123000632,651,578,73
123000633,0,118,-118
123000634,62,107,-45
123000635,72,115,-43
123000636,47,557,-510
123000637,102,29,73
123000638,427,33,394
123000639,728,3701,-2973
123000640,32,459,-427
123000648,298,80,218
123000649,40,324,-284
123900001,922,57,865
123900002,24,1083,-1059
123900003,186,391,-205
123900005,211,147,64
123900006,291,54,237
124000001,1864,155,1709
124000002,86,1314,-1228
124000003,926,140,786
124000004,88,391,-303
124000005,1028,418,610
124000006,212,723,-511
124000007,351,91,260
124000008,7,336,-329
124000009,519,202,317
124000010,227,289,-62
124000011,918,281,637
124000012,298,396,-98
124000017,215,129,86
124000018,86,74,12
124000019,146,114,32
124000020,39,150,-111
124000021,122,89,33
124000022,91,140,-49
124000023,1126,1249,-123
124000024,837,380,457
124000025,1032,1493,-461
124000026,813,896,-83
124000027,4144,4561,-417
124000028,1628,3288,-1660
124000030,2083,1220,863
124000031,1083,2961,-1878
124000032,1450,620,830
124000033,755,549,206
124000034,811,654,157
124000035,335,220,115
124000036,94,403,-309
124000037,420,1218,-798
124000038,39,118,-79
124000039,641,483,158
124000040,450,1092,-642
124000041,345,78,267
124000042,83,408,-325
124000043,97,61,36
124000044,76,122,-46
124000045,709,438,271
124000046,335,491,-156
124000047,1545,677,868
124000048,991,861,130
124000049,1627,556,1071
124000050,803,1220,-417
124000051,871,451,420
124000052,597,675,-78
124000053,481,1306,-825
124000054,781,398,383
124000055,1246,2471,-1225
124000056,1631,1001,630
124000057,951,479,472
124000058,363,890,-527
124000059,673,1149,-476
124000060,782,420,362
124000061,1322,5195,-3873
124000062,4094,1446,2648
124000063,1113,1260,-147
124000064,1711,1024,687
124000065,104,397,-293
124000066,206,80,126
124000067,175,144,31
124000068,100,115,-15
124000069,706,148,558
124000070,267,407,-140
124000071,188,81,107
124000072,154,341,-187
124000073,952,151,801
124000074,217,592,-375
124000075,273,30,243
124000076,15,164,-149
124000077,1124,923,201
124000078,1916,1504,412
124000079,351,1486,-1135
124000080,606,138,468
124000081,226,456,-230
124000082,92,111,-19
124000083,49,58,-9
124000084,64,462,-398
124000085,64,29,35
124000086,60,118,-58
124000087,127,106,21
124000088,261,451,-190
124000089,711,241,470
124000090,169,323,-154
124000091,527,94,433
124000092,164,503,-339
124000093,119,98,21
124000094,146,458,-312
124000095,110,85,25
124000096,168,209,-41
124000097,119,137,-18
124000098,48,86,-38
124000099,270,98,172
124000100,59,101,-42
124000101,65,136,-71
124000102,83,45,38
124000103,106,120,-14
124000104,109,37,72
124000105,67,81,-14
124000106,135,33,102
124000107,14,147,-133
124000108,49,14,35
124000109,160,97,63
124000110,143,74,69
124000111,203,133,70
124000112,612,525,87
124000113,107,102,5
124000114,200,327,-127
124000115,317,613,-296
124000116,124,170,-46
124000117,63,83,-20
124000118,40,122,-82
124000119,885,488,397
124000120,564,324,240
124000121,1227,575,652
124000122,469,1043,-574
124000123,815,447,368
124000124,408,837,-429
124000125,461,391,70
124000126,300,462,-162
124000127,789,332,457
124000128,636,741,-105
124000129,1963,1327,636
124000130,694,489,205
124000131,780,558,222
124000132,783,599,184
124000133,893,732,161
124000134,832,460,372
124000135,1513,1658,-145
124000136,867,776,91
124000137,1192,959,233
124000138,1639,1152,487
124000139,534,64,470
124000140,36,345,-309
124000141,570,38,532
124000142,40,314,-274
124000143,74,13,61
124000144,12,96,-84
124000145,107,30,77
124000146,35,55,-20
124000148,18,89,-71
124000149,948,419,529
124000150,350,729,-379
124000151,789,386,403
124000152,757,1112,-355
124000153,777,769,8
124000154,516,621,-105
124000155,1376,881,495
124000156,1490,1033,457
124000169,209,397,-188
124000170,466,412,54
124000171,246,273,-27
124000172,320,372,-52
124000173,411,199,212
124000174,328,480,-152
124000175,14,87,-73
124000176,53,6,47
124000177,5,31,-26
124000178,66,38,28
124000190,98,91,7
124000191,111,165,-54
124000192,1154,344,810
124000193,220,847,-627
124000194,362,344,18
124000195,320,611,-291
124000196,786,789,-3
124000197,26,40,-14
124000198,31,70,-39
124000201,277,668,-391
124000202,551,319,232
124000203,471,363,108
124000204,844,235,609
124000205,151,311,-160
124000206,700,261,439
124000207,0,34,-34
124000209,235,311,-76
124000210,583,193,390
124000211,701,6,695
124000212,0,281,-281
124000213,490,211,279
124000214,393,403,-10
124000215,384,30,354
124000216,5,259,-254
124000329,158,1027,-869
124000338,161,528,-367
124000339,1085,113,972
124000341,1499,101,1398
124000344,41,3,38
124000357,980,1864,-884
124000358,758,1208,-450
124000359,962,586,376
124000360,718,384,334
124000361,1605,767,838
124000362,924,1382,-458
124000363,225,247,-22
124000364,443,532,-89
124000365,467,785,-318
124000366,1113,685,428
124000367,80,357,-277
124000368,431,381,50
124000369,131,79,52
124000370,84,426,-342
124000402,17,14,3
124000403,169,43,126
124000404,16,102,-86
124000405,923,669,254
124000406,631,584,47
124000407,0,33,-33
124000411,13,241,-228
124000412,466,10,456
124000413,169,26,143
124000414,84,117,-33
124000415,46,87,-41
124000416,151,153,-2
124000417,202,103,99
124000418,216,67,149
124000419,151,71,80
124000420,66,52,14
124000421,55,99,-44
124000422,51,16,35
124000423,111,18,93
124000424,2,124,-122
124000425,192,41,151
124000426,15,159,-144
124000427,147,13,134
124000428,11,62,-51
124000429,61,50,11
124000430,603,368,235
124000431,189,366,-177
124000432,186,483,-297
124000439,5,7,-2
124000443,1,9,-8
124000445,173,1123,-950
124000446,908,169,739
124900001,556,392,164
124900002,207,237,-30
124900003,1163,533,630
124900004,795,282,513
124900005,295,103,192
124900006,807,303,504
124900008,1095,518,577
124900009,183,337,-154
124900010,226,152,74
124900011,521,192,329
124900012,468,92,376
124900013,574,113,461
124900014,280,56,224
124900015,131,350,-219
124900016,64,71,-7
124900017,369,1429,-1060
124900018,56,12,44
124900020,84,56,28
124900021,302,38,264
124900022,45,2,43
124900024,301,8,293
124900026,87,34,53
124900027,111,494,-383
124900028,331,75,256
124900029,20,527,-507
124900030,2,67,-65
124900031,33,226,-193
124900032,144,232,-88
124900033,139,254,-115
124900034,3,97,-94
124900035,168,304,-136
124900036,3,68,-65
124900037,264,207,57
124900038,202,239,-37
124900039,1,50,-49
124900040,154,60,94
124900041,305,720,-415
124900042,78,2,76
124900043,453,594,-141
124900044,84,4,80
124900045,561,1105,-544
124900046,484,175,309
124900047,154,166,-12
124900048,209,72,137
124900050,170,132,38
124900052,90,294,-204
124900053,91,297,-206
124900054,1021,336,685
124900055,0,143,-143
124900057,16,48,-32
124900060,56,172,-116
124900061,116,6,110
124900062,249,26,223
124900066,0,22,-22
124900067,8,97,-89
124900068,262,467,-205
124900070,55,23,32
124900072,135,43,92
124900075,238,235,3
124900076,22,1183,-1161
124900077,24,93,-69
124900078,75,15,60
124900079,361,173,188
124900080,317,520,-203
124900081,1073,320,753
124900082,342,609,-267
124900083,250,369,-119
124900085,816,546,270
124900086,68,1333,-1265
124900087,474,107,367
124900088,459,96,363
124900089,864,18,846
124900090,333,235,98
124900091,294,236,58
124900092,258,148,110
124900093,399,215,184
124900094,375,219,156
124900095,111,440,-329
124900096,428,240,188
124900097,384,62,322
124900098,120,280,-160
124900099,461,405,56
124900100,348,50,298
124900101,60,384,-324
124900102,248,20,228
124900103,129,174,-45
124900104,80,157,-77
124900105,125,99,26
124900106,391,32,359
124900107,122,12,110
124900108,154,93,61
124900111,0,130,-130
124900112,37,389,-352
124900113,111,314,-203
124900114,131,197,-66
124900115,56,29,27
124900116,223,228,-5
124900117,305,233,72
124900118,137,383,-246
124900119,411,162,249
124900120,29,290,-261
124900121,104,455,-351
124900122,248,246,2
124900123,243,147,96
124900124,128,342,-214
204000001,101,5,96
204000002,12,3,9
204000003,13,2,11
204000004,8,1,7
204000005,534,462,72
204000006,1043,956,87
204000011,11,22,-11
204000012,75,85,-10
204000019,520,443,77
204000020,598,457,141
204000021,968,621,347
204000022,471,329,142
204000023,577,491,86
204000031,63,20,43
204000032,255,33,222
204000034,27,120,-93
204000035,0,2,-2
204000036,7,31,-24
204000037,2,16,-14
204000038,0,14,-14
204000039,1,18,-17
204000040,1,19,-18
204000041,9,30,-21
204000042,62,16,46
204000043,34,6,28
204000044,30,3,27
204000045,76,4,72
204000046,7,0,7
204000057,3,19,-16
204000062,31,49,-18
204000068,17,176,-159
204000069,76,293,-217
204000070,92,42,50
204000080,56,65,-9
204000085,1767,1106,661
204000086,1921,1246,675
204000087,21,6,15
204000088,6,76,-70
204000090,29,212,-183
204000093,388,60,328
204000096,765,868,-103
204000097,377,17,360
204000099,783,1379,-596
204000100,1151,1540,-389
204000105,1708,935,773
204000110,390,640,-250
204000111,449,398,51
204000112,530,422,108
204000113,450,551,-101
204000114,679,586,93
204000115,448,303,145
204000116,468,521,-53
204000119,1650,2245,-595
204000132,733,296,437
204000133,904,192,712
204000134,221,95,126
204000135,606,49,557
204000136,662,146,516
204000138,370,393,-23
204000140,238,125,113
204000141,176,82,94
204000144,4,26,-22
204000145,514,34,480
204000146,27,220,-193
204000147,46,100,-54
204000148,249,30,219
204000154,11,1,10
204000155,4,5,-1
204000177,46,42,4
204000179,18,9,9
204000180,0,29,-29
204000222,3,8,-5
204000235,15,15,0
204000236,66,230,-164
204000238,28,37,-9
204000240,302,63,239
204000263,549,699,-150
204000268,849,660,189
204000308,157,15,142
204000317,7,62,-55
204000322,8,22,-14
204000323,17,4,13
204000328,219,73,146
204000329,66,95,-29
204000330,186,23,163
204000331,27,99,-72
205000001,750,1381,-631
205000013,6,49,-43
205000014,13,66,-53
205000015,26,163,-137
205000016,16,124,-108
205000017,31,57,-26
205000022,277,625,-348
205000025,876,869,7
205000029,214,6,208
205000045,118,536,-418
205000046,86,436,-350
205000047,48,389,-341
205000048,299,656,-357
205000049,136,617,-481
205000050,605,267,338
205000059,1,206,-205
205000060,0,70,-70
205000061,5,76,-71
205000062,2,86,-84
205000063,20,122,-102
205000064,19,59,-40
205000065,35,412,-377
205000066,118,493,-375
205000067,28,661,-633
205000069,175,18,157
205000082,145,159,-14
205000110,72,222,-150
205000111,167,219,-52
205000112,130,167,-37
205000113,151,253,-102
205000121,209,39,170
205000123,42,183,-141
205000126,422,76,346
205000127,713,125,588
205000128,399,61,338
205000129,557,45,512
205000130,159,23,136
205000131,62,6,56
205000132,138,3,135
205000133,60,0,60
205000134,308,0,308
205000137,52,104,-52
205000138,117,232,-115
205000139,24,99,-75
205000144,51,72,-21
205000145,300,173,127
205000151,198,21,177
205000152,209,14,195
205000153,242,27,215
205000154,104,46,58
205000155,100,15,85
205000207,9,125,-116
205000233,32,0,32
205000234,0,0,0
205000243,0,0,0
205000244,1,4,-3
205000245,4,103,-99
205000249,0,32,-32
205000250,2,0,2
205000264,6,68,-62
206000027,2,6,-4
206000028,2,0,2
206000043,4,37,-33
206000053,5,7,-2
206000054,1,25,-24
206000055,0,15,-15
206000075,8,36,-28
206000076,13,31,-18
206000077,13,11,2
206000078,23,14,9
206000079,15,11,4
206000082,462,40,422
206000100,14,315,-301
206000103,6,8,-2
206000104,12,17,-5
206000105,2,9,-7
206000106,13,16,-3
206000108,475,33,442
206000125,47,0,47
206000157,31,438,-407
206000170,0,111,-111
206000171,6,144,-138
206000172,6,231,-225
206000173,3,125,-122
206000174,13,36,-23
206000175,3,45,-42
206000176,13,118,-105
206000177,1,73,-72
206000178,1,122,-121
206000179,2,90,-88
206000180,12,124,-112
206000181,6,85,-79
206000182,5,71,-66
206000183,11,317,-306
206000184,9,168,-159
206000185,10,62,-52
206000186,150,423,-273
206000223,5,173,-168
206000226,15,0,15
206000227,15,5,10
206000237,29,144,-115
206000238,14,244,-230
206000239,165,1074,-909
206000240,5,46,-41
206000241,1,65,-64
206000242,8,115,-107
206000243,11,80,-69
206000244,49,360,-311
206000245,693,89,604
206000246,181,11,170
206000247,234,4,230
206000248,336,11,325
206000252,51,51,0
206000258,19,50,-31
206000315,24,8,16
206000317,419,103,316
206000318,392,71,321
206000319,1335,117,1218
206000320,193,42,151
206000321,200,6,194
206000322,518,20,498
206000323,194,11,183
206000324,162,7,155
206000325,212,17,195
206000326,124,14,110
206000327,92,5,87
206000328,158,6,152
206000329,263,8,255
206000330,48,5,43
206000331,206,6,200
206000332,41,1,40
206000333,609,1,608
206000334,323,2,321
206000335,1,13,-12
206000361,2,92,-90
206000392,4,21,-17
206000405,130,0,130
206000441,38,30,8
206000498,22,2,20
206000515,57,42,15
206000530,266,65,201
206000531,168,172,-4
206000532,1360,295,1065
206000535,148,1148,-1000
206000536,12,112,-100
206000537,12,122,-110
206000613,1147,269,878
207000001,134,524,-390
207000002,102,286,-184
207000003,149,123,26
207000007,1017,268,749
207000008,120,14,106
207000009,54,38,16
207000010,368,252,116
207000012,382,267,115
207000015,197,730,-533
207000019,209,80,129
207000021,461,191,270
207000022,168,106,62
207000023,207,50,157
207000024,5,15,-10
207000025,29,66,-37
207000026,92,35,57
207000027,25,78,-53
207000028,43,117,-74
207000029,180,351,-171
207000033,178,483,-305
207000034,253,103,150
207000039,431,131,300
207000040,439,94,345
207000041,176,32,144
207000042,181,51,130
207000043,198,158,40
207000051,109,166,-57
207000052,75,66,9
207000053,423,414,9
207000054,41,75,-34
207000055,178,77,101
207000056,334,291,43
207000057,139,191,-52
207000058,169,206,-37
207000059,125,322,-197
207000060,65,126,-61
207000061,153,506,-353
207000062,312,33,279
207000063,344,85,259
207000064,354,106,248
207000065,269,246,23
207000066,265,179,86
207000067,45,90,-45
207000068,159,59,100
207000069,681,298,383
207000082,9,217,-208
207000083,59,158,-99
207000084,226,226,0
207000085,158,17,141
207000086,168,3,165
207000106,52,41,11
207000107,64,21,43
207000108,74,10,64
207000109,70,8,62
207000110,69,81,-12
207000111,87,61,26
207000112,158,621,-463
207000114,27,36,-9
207000115,16,45,-29
207000116,15,376,-361
207000117,6,82,-76
207000118,5,58,-53
207000119,40,51,-11
207000123,180,28,152
207000124,83,29,54
207000125,61,39,22
207000126,68,88,-20
207000134,79,97,-18
207000135,27,137,-110
207000148,80,282,-202
207000149,46,35,11
207000152,138,332,-194
207000153,666,1081,-415
207000154,299,159,140
207000159,147,126,21
207000160,167,217,-50
207000238,1,175,-174
207000242,4,133,-129
207000248,32,23,9
207000249,113,26,87
207000250,422,59,363
207000251,87,72,15
207000252,89,38,51
207000278,74,81,-7
207000279,15,73,-58
207000280,570,53,517
207000281,107,449,-342
207000282,103,75,28
207000283,72,144,-72
207000284,25,182,-157
207000285,69,55,14
207000291,13,71,-58
207000304,117,75,42
207000306,76,298,-222
207000310,122,90,32
207000353,267,2,265
207000356,5,25,-20
207000357,15,12,3
207000358,17,20,-3
207000415,5,136,-131
207000417,53,1,52
207000418,69,99,-30
207000438,0,0,0
207000439,695,926,-231
207000446,171,8,163
207000460,36,15,21
207000466,207,146,61
207000467,250,84,166
207000468,69,187,-118
207000476,13,70,-57
207000477,695,53,642
207000478,0,41,-41
207000523,0,18,-18
207000524,39,1,38
207000527,103,117,-14
207000530,512,9,503
207000531,308,12,296
207000532,99,20,79
207000534,297,60,237
207000535,28,392,-364
207000537,11,55,-44
207000540,5,107,-102
207000541,3,224,-221
207000548,13,147,-134
207000549,384,11,373
207000561,156,225,-69
207000562,27,126,-99
207000567,170,203,-33
207000568,199,55,144
207000569,393,454,-61
207000584,244,154,90
207000585,48,355,-307
207000587,110,29,81
207000616,0,104,-104
207000617,141,0,141
207000624,49,52,-3
207000631,6,50,-44
207900008,184,80,104
208000001,473,917,-444
208000002,682,479,203
208000003,1187,367,820
208000004,1079,796,283
208000005,2,11,-9
208000019,572,656,-84
208000020,146,368,-222
208000021,267,243,24
208000022,958,319,639
208000028,774,893,-119
208000033,619,369,250
208000034,952,987,-35
208000037,195,12,183
208000040,187,137,50
208000041,666,440,226
208000042,1057,477,580
208000047,160,151,9
208000064,1975,1307,668
208000066,1273,2107,-834
208000070,375,256,119
208000071,379,573,-194
208000072,348,911,-563
208000080,262,341,-79
208000081,425,130,295
208000082,273,187,86
208000083,114,265,-151
208000084,14,30,-16
208000085,760,548,212
208000086,390,815,-425
208000087,250,555,-305
208000089,1080,258,822
208000090,971,370,601
208000093,204,202,2
208000094,570,322,248
208000095,573,358,215
208000104,923,677,246
208000105,595,751,-156
208000114,100,295,-195
208000115,434,274,160
208000116,537,872,-335
208000117,146,176,-30
208000118,93,175,-82
208000155,526,867,-341
208000158,1171,3276,-2105
208000186,2647,3764,-1117
208000204,618,930,-312
208000205,1118,697,421
208000282,3851,2707,1144
209000004,299,150,149
209000005,36,35,1
209000006,342,158,184
209000007,212,241,-29
209000010,326,97,229
209000011,108,201,-93
209000012,111,121,-10
209000013,192,158,34
209000014,315,687,-372
209000025,332,37,295
209000026,603,102,501
209000027,333,471,-138
209000028,245,394,-149
209000029,441,487,-46
209000030,343,829,-486
209000031,1733,1440,293
209000034,226,245,-19
209000035,158,175,-17
209000036,222,121,101
209000037,306,203,103
209000038,215,169,46
209000039,108,166,-58
209000040,217,418,-201
209000041,149,358,-209
209000042,230,307,-77
209000043,578,812,-234
209000044,192,773,-581
209000045,1081,393,688
209000046,573,373,200
209000047,445,182,263
209000048,567,283,284
209000049,76,69,7
209000050,158,118,40
209000051,256,231,25
209000052,117,167,-50
209000062,20,64,-44
209000063,53,41,12
209000064,37,70,-33
209000065,116,26,90
209000066,83,27,56
209000067,113,34,79
209000080,14,132,-118
209000082,75,21,54
209000091,19,80,-61
209000093,28,19,9
209000094,101,158,-57
209000110,40,156,-116
209000111,590,1249,-659
209000112,958,418,540
209000113,1515,400,1115
209000114,686,405,281
209000115,53,59,-6
209000116,423,287,136
209000118,18,42,-24
209000119,30,10,20
209000121,66,336,-270
209000135,81,162,-81
209000142,703,1325,-622
209000143,75,67,8
209000144,56,132,-76
209000229,284,129,155
209000240,36,205,-169
209000259,57,76,-19
209000260,51,694,-643
209000261,3,357,-354
209000262,2,262,-260
209000263,0,127,-127
209000264,1,121,-120
209000265,384,6,378
209000266,123,2,121
209000267,901,3,898
209000268,606,47,559
210000037,60,27,33
210000047,65,19,46
210000048,91,12,79
210000049,53,6,47
210000052,60,39,21
210000053,19,47,-28
210000054,32,46,-14
210000070,149,3,146
210000071,79,0,79
210000072,14,1,13
210000073,1,32,-31
210000074,1,73,-72
210000075,0,96,-96
210000076,12,110,-98
210000077,4,53,-49
210000078,29,48,-19
210000079,17,9,8
210000080,105,73,32
210000081,122,21,101
210000082,71,2,69
210000083,73,0,73
210000084,34,0,34
210000085,0,41,-41
210000086,3,61,-58
210000099,43,136,-93
210000100,51,104,-53
210000101,61,139,-78
210000105,35,143,-108
210000159,0,154,-154
210000163,85,167,-82
210000164,288,178,110
210000168,150,41,109
210000187,1,18,-17
210000188,1,21,-20
210000214,28,0,28
210000219,41,47,-6
210000220,96,31,65
210000232,1,14,-13
210000233,35,32,3
210000234,28,81,-53
210000235,43,50,-7
210000245,1,53,-52
210000246,27,2,25
210000258,11,69,-58
210000259,367,46,321
210000282,72,144,-72
210000285,0,89,-89
210000286,25,122,-97
210000290,10,10,0
210000295,47,77,-30
210000296,37,25,12
210000320,177,44,133
210000321,101,49,52
210000338,52,55,-3
210000339,213,1014,-801
210000340,71,300,-229
210000341,183,240,-57
210000342,167,165,2
210000343,143,134,9
210000344,132,94,38
210000345,156,165,-9
210000346,82,92,-10
210000347,30,38,-8
210000348,92,26,66
210000349,43,30,13
210000350,133,41,92
210000351,181,81,100
210000352,86,50,36
210000353,55,73,-18
210000354,76,73,3
210000355,31,48,-17
210000356,31,80,-49
210000357,49,66,-17
210000358,257,132,125
210000359,114,83,31
210000360,155,96,59
210000361,134,111,23
210000362,231,154,77
210000363,594,256,338
210000364,61,139,-78
210000365,105,65,40
210000366,130,40,90
210000367,71,17,54
210000368,188,37,151
210000369,14,65,-51
210000370,31,51,-20
210000372,9,25,-16
210000373,18,22,-4
210000374,55,56,-1
210000375,43,69,-26
210000376,66,102,-36
210000404,50,93,-43
210000439,22,24,-2
210000472,77,3,74
210000482,44,74,-30
210000564,216,315,-99
210000567,2,30,-28
210000568,238,5,233
211000092,31,52,-21
211000094,22,8,14
211000169,203,10,193
211000172,7,210,-203
211000209,1,17,-16
211000226,13,17,-4
211000270,20,14,6
211000275,25,14,11
211000276,104,20,84
211000279,19,23,-4
211000281,53,25,28
211507980,1,46,-45
211977296,31,4,27
212000003,109,35,74
212000004,9,27,-18
212000005,8,35,-27
212000006,20,36,-16
212000008,173,113,60
212000009,35,82,-47
212000012,92,61,31
212000013,20,46,-26
212000014,194,120,74
212000015,222,179,43
212000016,395,419,-24
212000027,508,372,136
212000028,331,288,43
212000029,199,189,10
212000030,41,28,13
212000031,53,36,17
212000048,15,144,-129
212000049,25,87,-62
212000050,25,7,18
212000051,196,155,41
212000052,193,239,-46
212000053,366,336,30
212000054,272,89,183
212000055,224,166,58
212000056,19,34,-15
212000057,20,23,-3
212000058,156,28,128
212000070,109,162,-53
212000077,107,407,-300
212000099,221,222,-1
212000108,193,178,15
212000111,217,82,135
212000120,90,58,32
212000138,113,22,91
212000156,6,82,-76
212000158,8,20,-12
212000159,488,39,449
212000160,584,203,381
212000161,88,6,82
212000310,24,11,13
212000311,14,52,-38
212000374,48,4,44
213000001,21,279,-258
213000005,373,129,244
213000006,797,249,548
213000007,66,11,55
213000009,608,360,248
213000010,205,209,-4
213000011,178,98,80
213000012,105,180,-75
213000014,78,22,56
213000015,342,15,327
213000016,442,5,437
213000017,107,0,107
213000018,1,117,-116
213000019,1,142,-141
213000020,109,245,-136
213000021,3,72,-69
213000023,329,210,119
213000033,377,1250,-873
213000034,649,238,411
213000035,90,160,-70
213000045,146,206,-60
213000046,186,158,28
213000047,484,1073,-589
213000056,90,16,74
213000069,83,7,76
213000073,2,33,-31
213000074,56,209,-153
213000075,537,5,532
213000076,28,1,27
213000085,6,27,-21
213000086,9,103,-94
213000091,178,17,161
213000092,70,19,51
213000099,131,1069,-938
213000100,1034,309,725
213000101,434,104,330
213000102,505,203,302
213000103,775,600,175
213000104,55,312,-257
213000105,1,158,-157
213000106,20,75,-55
213000107,156,390,-234
213000108,43,322,-279
213000109,18,180,-162
213000110,18,49,-31
213000111,17,59,-42
213000112,97,106,-9
213000115,76,7,69
213000116,23,274,-251
213000117,7,565,-558
213000118,432,229,203
213000119,36,400,-364
213000120,90,328,-238
213000122,130,396,-266
213000123,273,744,-471
213000124,86,948,-862
213000125,142,20,122
213000126,45,145,-100
213000127,129,207,-78
213000128,316,1022,-706
213000129,286,672,-386
213000130,637,328,309
213000132,458,121,337
213000133,549,112,437
213000134,811,14,797
213000136,526,22,504
213000137,648,70,578
213000139,221,27,194
213000147,44,8,36
213000148,16,14,2
213000149,26,4,22
213000150,1,103,-102
213000151,4,87,-83
213000152,1,46,-45
213000153,4,82,-78
213000154,28,300,-272
213000155,47,206,-159
213000156,103,336,-233
213000157,551,353,198
213000158,332,726,-394
213000159,619,395,224
213000163,1002,84,918
213000165,739,312,427
213000171,1,49,-48
213000172,0,165,-165
213000173,0,148,-148
213000174,3,108,-105
213000175,12,50,-38
213000176,49,26,23
213000177,77,6,71
213000178,194,6,188
213000179,249,1,248
213000180,233,1,232
213000184,71,383,-312
213000188,351,93,258
213000189,361,53,308
213000190,719,596,123
213000191,395,298,97
213000192,264,234,30
213000193,601,215,386
213000194,2,61,-59
213000195,21,281,-260
213000196,250,1032,-782
213000197,492,386,106
213000198,51,2,49
213000200,106,642,-536
213000201,61,29,32
213000202,6,399,-393
213000203,2485,567,1918
213000204,726,62,664
213000205,327,67,260
213000206,422,32,390
213000207,98,7,91
213000208,74,6,68
213000209,122,5,117
213000210,236,1,235
213000211,5,17,-12
213000212,6,24,-18
213000213,20,45,-25
213000218,189,313,-124
213000219,478,26,452
213000220,390,9,381
213000223,149,237,-88
213000224,38,68,-30
213000225,91,9,82
213000226,103,11,92
213000227,960,233,727
213000228,371,81,290
213000229,128,20,108
213000230,460,21,439
213000232,49,822,-773
213000233,5,478,-473
213000234,8,62,-54
213000293,16,71,-55
213000294,117,30,87
213000295,5,58,-53
213000296,66,29,37
213000297,6,76,-70
213000298,15,55,-40
213000299,54,30,24
213000300,13,5,8
213000303,8,33,-25
213000304,0,11,-11
213000305,4,16,-12
213000306,37,29,8
213000307,124,63,61
213000308,82,150,-68
213000309,143,53,90
213000310,320,233,87
213000311,232,662,-430
213000315,89,78,11
213000316,152,47,105
213000322,56,139,-83
213000323,126,79,47
213000324,52,36,16
213000325,40,77,-37
213000326,20,13,7
213000327,30,20,10
213000328,45,83,-38
213000329,91,15,76
213000340,161,319,-158
213000341,519,105,414
213000346,252,273,-21
213000347,512,421,91
213000348,10,111,-101
213000349,11,6,5
213000350,271,767,-496
213000366,60,228,-168
213000367,298,18,280
213000379,84,27,57
213000386,5,270,-265
213000406,79,326,-247
213000417,1252,423,829
213000425,237,30,207
213000426,171,53,118
213000427,46,166,-120
213000428,54,130,-76
213000429,5,2,3
213000430,133,491,-358
213000431,135,0,135
213000432,0,43,-43
213000433,24,113,-89
213000434,107,129,-22
213000435,128,76,52
213000436,27,75,-48
213000437,1,10,-9
213000438,178,59,119
213000439,32,13,19
213000440,11,218,-207
213000441,1,3,-2
213000442,2,18,-16
213000443,370,367,3
213000444,34,40,-6
213000445,0,86,-86
213000446,1,34,-33
213000447,1,35,-34
213000448,14,157,-143
213000449,332,12,320
213000450,17,33,-16
213000451,211,67,144
213000452,15,20,-5
213000453,41,248,-207
213000455,324,3,321
213000456,2,215,-213
213000481,9,12,-3
213000482,28,3,25
213000489,191,51,140
213000491,5,138,-133
213000492,206,27,179
213000493,0,89,-89
213000494,291,79,212
213000495,0,55,-55
213000496,377,125,252
213000497,40,197,-157
213000498,132,125,7
213000499,184,317,-133
213000500,433,50,383
213000501,124,50,74
213000502,119,132,-13
213000503,0,45,-45
213000504,19,64,-45
213000505,3,7,-4
213000506,0,13,-13
213000507,3,109,-106
213900244,63,0,63
213900245,0,14,-14
218000003,24,16,8
218000004,31,17,14
218000005,31,29,2
218000006,34,15,19
218000007,12,4,8
218000012,153,107,46
218000013,103,117,-14
218000014,353,425,-72
218000019,619,484,135
218000020,196,319,-123
218000021,20,22,-2
218000022,3,17,-14
218000023,3,15,-12
218000024,1,4,-3
218000025,3,8,-5
218000026,10,9,1
218000027,0,3,-3
218000028,0,4,-4
218000029,3,5,-2
218000030,11,10,1
218000031,2,13,-11
218000032,0,11,-11
218000040,7,0,7
218000046,23,63,-40
218000047,16,70,-54
218000048,43,67,-24
218000049,80,61,19
218000050,230,151,79
218000051,98,171,-73
218000052,0,48,-48
218000053,3,14,-11
218000054,15,33,-18
218000055,4,13,-9
218000056,12,35,-23
218000057,3,22,-19
218000064,3,9,-6
218000065,99,26,73
218000066,13,33,-20
218000067,66,53,13
218000068,120,74,46
218000069,218,97,121
218000070,158,150,8
218000071,194,160,34
218000072,234,164,70
218000078,799,573,226
218000079,96,62,34
218000080,131,51,80
218000081,370,192,178
218000082,44,70,-26
218000083,115,62,53
218000084,167,97,70
218000085,181,250,-69
218000086,114,102,12
218000087,166,119,47
218000090,13,91,-78
218000091,772,428,344
218000092,73,111,-38
218000093,81,52,29
218000094,401,434,-33
218000099,286,644,-358
218000100,280,253,27
218000101,275,147,128
218000102,436,198,238
218000103,103,86,17
218000104,95,27,68
218000105,30,27,3
218000106,9,12,-3
218000107,82,34,48
218000108,5,38,-33
218000112,27,23,4
218000117,59,41,18
218000134,501,381,120
218000135,18,53,-35
218000136,181,75,106
218000137,221,115,106
218000138,40,92,-52
218000139,189,228,-39
218000140,481,228,253
218000141,72,46,26
218000142,210,138,72
218000143,103,185,-82
218000144,36,73,-37
218000145,355,319,36
218000146,81,156,-75
218000151,4,7,-3
218000152,51,42,9
218000153,7,1,6
218000154,5,1,4
218000155,20,1,19
218000156,40,5,35
218000157,10,11,-1
218000158,5,6,-1
218000159,3,3,0
218000160,2,3,-1
218000161,18,2,16
218000162,19,8,11
218000163,4,3,1
218000164,39,11,28
218000165,41,14,27
218000170,1,30,-29
218000171,29,5,24
218000172,5,4,1
218000173,15,4,11
218000174,16,2,14
218000176,86,23,63
218000177,151,120,31
218000178,40,118,-78
218000179,62,55,7
218000180,56,37,19
218000181,91,43,48
218000187,6,23,-17
218000188,21,32,-11
218000189,15,32,-17
218000190,9,12,-3
218000191,148,40,108
218000192,188,137,51
218000193,325,231,94
218000194,104,186,-82
218000195,79,34,45
218000196,303,158,145
218000197,324,210,114
218000198,21,69,-48
218000199,28,20,8
218000200,83,16,67
218000201,25,5,20
218000202,55,185,-130
218000207,2,14,-12
218000208,20,41,-21
218000211,36,11,25
218000212,1,4,-3
218000213,81,85,-4
218000214,3,13,-10
218000215,28,38,-10
218000217,8,64,-56
218000218,91,36,55
218000219,12,13,-1
218000220,57,355,-298
218000221,516,136,380
218000222,2,22,-20
218000223,28,197,-169
218000224,3,133,-130
218000225,133,24,109
218000226,81,32,49
218000230,0,2,-2
218000232,29,50,-21
218000239,133,13,120
218000240,10,3,7
218000241,20,3,17
218000242,29,1,28
218000243,41,1,40
218000244,45,2,43
218000245,11,8,3
218000246,0,0,0
218000247,2,0,2
218000248,0,9,-9
218000249,0,1,-1
218000250,0,7,-7
218000251,4,18,-14
218000252,0,36,-36
218000253,8,44,-36
218000254,1,25,-24
218000255,3,14,-11
218000256,3,48,-45
218000267,355,893,-538
218000268,14,36,-22
218000269,2,5,-3
218000270,109,22,87
218000271,17,36,-19
218000273,23,4,19
218000274,12,2,10
218000275,19,51,-32
218000276,11,20,-9
218000278,8,22,-14
218000279,78,53,25
218000280,6,31,-25
218000281,26,10,16
218000282,463,454,9
218000284,61,2,59
218000301,77,110,-33
218000302,114,40,74
218000303,18,29,-11
218000316,609,774,-165
218000317,1042,668,374
218000318,743,512,231
218000319,931,783,148
218000320,867,539,328
218000338,32,35,-3
218000345,107,69,38
218000346,36,124,-88
218000459,23,153,-130
218000490,26,40,-14
218000501,99,33,66
218000502,28,57,-29
218000503,96,12,84
218000504,167,31,136
218000505,26,117,-91
218000506,28,177,-149
218000508,1,1,0
218000510,119,9,110
218000520,109,42,67
218000521,8,43,-35
218000522,1,90,-89
218000523,92,2,90
218000524,34,172,-138
218000525,129,13,116
218000526,36,103,-67
218000529,40,123,-83
218000530,10,2,8
218000531,10,14,-4
218000532,38,10,28
218000534,135,16,119
218000537,27,35,-8
218000538,113,179,-66
218000540,103,88,15
218000543,163,45,118
218000544,29,64,-35
218000545,44,69,-25
218000546,34,51,-17
218000547,71,154,-83
218000548,124,81,43
218000549,380,406,-26
218000550,191,257,-66
218000551,97,632,-535
218000552,261,50,211
218000553,77,96,-19
218000554,24,29,-5
218000555,37,48,-11
218000556,143,135,8
218000557,255,162,93
218000558,46,1,45
218000559,0,38,-38
218000560,0,34,-34
218000561,10,0,10
218000562,29,133,-104
218000563,152,17,135
218000564,10,94,-84
218000565,139,29,110
218000566,241,33,208
218000567,2,62,-60
218000568,23,1,22
218000569,12,172,-160
218000570,131,16,115
218000571,0,108,-108
218000572,121,0,121
218000573,11,130,-119
218000574,67,39,28
218000575,124,1,123
218000576,0,66,-66
218000577,98,1,97
218000578,2,65,-63
218000579,9,14,-5
218000581,4,37,-33
218000582,36,2,34
218000583,4,0,4
218000584,3,17,-14
218000585,44,1,43
218000586,16,23,-7
218000587,4,0,4
218000588,3,7,-4
218000589,0,3,-3
218000590,6,2,4
218000591,7,4,3
218000592,6,1,5
218000593,4,1,3
218000594,0,0,0
218000597,0,0,0
218000598,0,0,0
218000599,1,0,1
218000600,1,1,0
218000601,0,0,0
218000602,0,5,-5
218000603,0,5,-5
218000604,7,1,6
218000605,0,30,-30
218000606,47,1,46
218000607,5,25,-20
218000608,62,15,47
218000609,4,26,-22
218000610,83,6,77
218000611,23,4,19
218000612,0,17,-17
218000613,38,0,38
218000614,2,21,-19
218000615,172,1,171
218000616,4,74,-70
218000617,12,2,10
218000618,0,7,-7
218000619,9,18,-9
218000620,21,17,4
218000621,0,0,0
218000622,0,3,-3
218000623,65,1,64
218000624,6,17,-11
218000625,2,2,0
218000626,0,7,-7
218000628,123,41,82
218000631,37,12,25
218000632,2,72,-70
218000633,170,4,166
218000634,6,10,-4
218000635,8,4,4
218000636,730,783,-53
218000637,771,376,395
218000638,176,43,133
218000639,23,80,-57
218000640,259,29,230
218000641,79,175,-96
218000652,26,55,-29
218000653,104,31,73
218000663,9,181,-172
218000675,55,36,19
218000676,0,9,-9
218000677,16,7,9
218000680,195,289,-94
218000681,324,99,225
218000691,185,189,-4
218000693,240,142,98
218000703,1,10,-9
218000718,193,689,-496
218000719,362,508,-146
218000720,10,176,-166
218000721,77,10,67
218000725,5,7,-2
218001147,2,72,-70
218001214,3,40,-37
218001258,122,6,116
218001329,105,110,-5
218001330,81,60,21
218001351,18,12,6
218001352,33,19,14
218001353,22,5,17
218001354,5,18,-13
218001355,5,158,-153
218001356,436,27,409
218001357,29,115,-86
218001358,295,16,279
218001361,316,15,301
218001362,0,108,-108
219000001,35,54,-19
219000002,50,58,-8
219000003,56,31,25
219000004,67,24,43
219000017,41,43,-2
219000020,131,34,97
219000022,139,7,132
219000023,95,1,94
219000029,0,67,-67
219000034,34,20,14
219000039,28,149,-121
219000040,42,100,-58
219000041,106,33,73
219000051,0,35,-35
219000052,1,18,-17
219000053,1,50,-49
219000054,11,60,-49
219000055,243,8,235
219000056,18,3,15
219000057,49,0,49
219000062,14,54,-40
219000063,73,3,70
219000064,2,49,-47
219000110,260,132,128
219000111,86,58,28
219000112,174,39,135
219000113,166,42,124
219000114,182,80,102
219000116,120,57,63
219000117,158,37,121
219000118,161,48,113
219000123,158,53,105
219000124,58,42,16
219000125,16,12,4
219000126,49,95,-46
219000127,1,10,-9
219000128,6,97,-91
219000129,16,98,-82
219000130,272,433,-161
219000131,502,787,-285
219000133,33,30,3
219000134,18,24,-6
219000135,12,54,-42
219000136,90,161,-71
219000138,64,21,43
219000139,55,40,15
219000140,53,14,39
219000141,19,63,-44
219000142,15,69,-54
219000143,20,80,-60
219000145,17,32,-15
219000146,5,26,-21
219000147,7,22,-15
219000148,2,14,-12
219000149,6,61,-55
219000150,1,26,-25
219000151,0,17,-17
219000157,194,124,70
219000158,209,163,46
219000161,76,5,71
219000163,956,372,584
219000166,117,152,-35
219000167,111,178,-67
219000168,229,117,112
219000174,379,164,215
219000175,97,0,97
219000176,88,8,80
219000177,33,3,30
219000178,48,3,45
219000179,17,1,16
219000180,32,42,-10
219000182,140,17,123
219000183,117,23,94
219000184,119,6,113
219000185,1,19,-18
219000186,78,22,56
219000187,21,52,-31
219000189,49,168,-119
219000190,73,160,-87
219000191,518,1166,-648
219000192,147,125,22
219000193,161,113,48
219000195,3,58,-55
219000196,6,106,-100
219000198,35,92,-57
219000199,52,215,-163
219000200,46,164,-118
219000201,71,168,-97
219000203,27,142,-115
219000204,52,274,-222
219000205,42,169,-127
219000207,171,231,-60
219000209,22,71,-49
219000210,21,88,-67
219000213,5,75,-70
219000239,156,207,-51
219000240,223,306,-83
219000241,137,96,41
219000242,38,75,-37
219000243,74,131,-57
219000244,31,64,-33
219000245,27,33,-6
219000246,38,19,19
219000247,198,43,155
219000248,376,430,-54
219000249,93,81,12
219000250,168,91,77
219000251,519,210,309
219000252,221,121,100
219000253,336,72,264
219000255,112,108,4
219000256,202,70,132
219000257,87,0,87
219000262,60,87,-27
219000263,35,107,-72
219000267,1,44,-43
219000268,2,6,-4
219000269,1,2,-1
219000270,7,0,7
219000271,91,3,88
219000278,0,3,-3
219000279,0,1,-1
219000283,0,7,-7
219000295,9,73,-64
219000296,60,262,-202
219000297,12,86,-74
219000298,12,74,-62
219000299,472,60,412
219000300,16,113,-97
219000301,164,258,-94
219000302,30,185,-155
219000307,39,40,-1
219000308,54,43,11
219000311,179,70,109
219000312,589,115,474
219000313,344,40,304
219000314,59,206,-147
219000315,317,25,292
219000316,553,55,498
219000317,100,16,84
219000320,1,55,-54
219000321,0,20,-20
219000323,1,37,-36
219000325,1,6,-5
219000326,59,36,23
219000327,67,33,34
219000328,46,39,7
219000329,179,116,63
219000330,47,33,14
219000331,62,44,18
219000332,95,91,4
219000333,20,6,14
219000335,71,3,68
219000337,20,3,17
219000338,51,1,50
219000344,12,70,-58
219000345,48,49,-1
219000346,33,83,-50
219000348,148,47,101
219000349,36,101,-65
219000350,54,346,-292
219000351,2,14,-12
219000352,223,120,103
219000353,99,62,37
219000354,190,69,121
219000355,116,57,59
219000356,763,1294,-531
219000363,137,60,77
219000364,88,44,44
219000365,73,31,42
219000366,173,320,-147
219000368,335,480,-145
219000370,742,558,184
219000371,10,28,-18
219000382,8,31,-23
219000383,372,965,-593
219000385,369,380,-11
219000386,505,1302,-797
219000387,0,9,-9
219000390,2,3,-1
219000391,0,0,0
219000397,62,61,1
219000398,74,88,-14
219000401,7,68,-61
219000402,35,45,-10
219000403,112,311,-199
219000404,21,101,-80
219000407,2,36,-34
219000409,41,30,11
219000410,104,45,59
219000411,74,19,55
219000446,94,301,-207
219000447,1,13,-12
219000448,14,3,11
219000452,101,82,19
219000453,38,139,-101
219000454,174,228,-54
219000556,245,80,165
219000558,137,145,-8
219000590,36,148,-112
219000591,80,98,-18
219000592,87,228,-141
219000595,1,10,-9
219000635,227,32,195
219000636,23,52,-29
219000657,9,15,-6
219000658,35,140,-105
219000673,0,16,-16
219000676,23,7,16
219000679,38,11,27
219000684,84,1,83
219000685,1,42,-41
219000686,3,3,0
219000688,0,39,-39
219000689,22,172,-150
219000690,130,23,107
219000691,36,165,-129
219000692,172,27,145
219000693,0,10,-10
219000694,9,0,9
219000695,31,0,31
219000698,19,1,18
219000699,0,12,-12
219000727,3,48,-45
219000728,105,2,103
219000770,54,0,54
219000771,1,23,-22
219000788,247,136,111
219001150,0,19,-19
219001151,0,1,-1
219001166,32,27,5
219001167,1,54,-53
219001178,36,2,34
220000001,37,61,-24
220000002,20,88,-68
220000003,319,204,115
220000004,380,288,92
220000005,907,1275,-368
220000006,157,576,-419
220000007,340,312,28
220000008,289,530,-241
220000009,282,288,-6
220000010,134,67,67
220000011,316,2024,-1708
220000012,88,208,-120
220000014,98,36,62
220000015,65,235,-170
220000017,66,223,-157
220000018,3173,1417,1756
220000019,62,268,-206
220000020,345,210,135
220000021,587,162,425
220000022,782,357,425
220000023,285,130,155
220000024,1608,345,1263
220000025,1023,1041,-18
220000026,250,317,-67
220000027,21,130,-109
220000028,57,33,24
220000029,29,74,-45
220000030,65,46,19
220000031,501,392,109
220000064,29,703,-674
221000046,8,0,8
221000047,0,2,-2
221000048,0,2,-2
221000049,0,8,-8
221000050,26,0,26
221000055,23,36,-13
221000057,56,10,46
221000068,232,143,89
221000069,308,49,259
221000070,209,26,183
221000071,113,11,102
221000072,254,8,246
221000073,155,29,126
221000074,1,8,-7
221000075,16,18,-2
221000076,8,15,-7
221000077,11,57,-46
221000081,6,18,-12
221000082,63,4,59
221000083,21,2,19
221000084,6,2,4
221000085,12,39,-27
221000086,16,79,-63
221000087,4,95,-91
221000088,13,112,-99
221000089,26,179,-153
221000090,63,340,-277
221000098,134,9,125
221000099,162,11,151
221000100,65,3,62
221000101,181,21,160
221000102,126,8,118
221000109,7,65,-58
221000110,10,69,-59
221000111,15,111,-96
221000112,3,122,-119
221000113,8,89,-81
221000114,11,91,-80
221000120,43,23,20
221000121,5,19,-14
221000122,32,22,10
221000123,16,9,7
221000124,32,128,-96
221000155,68,11,57
221000156,62,47,15
221000175,1,8,-7
221000176,1,1,0
221000182,28,13,15
221000241,531,334,197
221000242,118,400,-282
221000243,460,220,240
221000244,204,415,-211
221000245,90,68,22
221000246,35,256,-221
221000247,114,97,17
221000248,150,124,26
221000267,35,359,-324
221000325,59,57,2
221000331,15,45,-30
221000338,11,26,-15
221000378,208,21,187
221000381,34,47,-13
222000282,12,1,11
222000296,2,15,-13
222000568,276,20,256
222000569,187,41,146
222000570,125,25,100
222000571,264,10,254
222000577,13,111,-98
222000578,30,131,-101
222000579,32,109,-77
222000580,59,549,-490
222000599,0,100,-100
222000600,4,224,-220
222000601,7,671,-664
222000603,14,34,-20
222000604,0,28,-28
222000605,20,21,-1
222000606,0,11,-11
222000607,2,1,1
222000608,32,16,16
222000609,61,144,-83
222000616,284,35,249
222000617,8,13,-5
222000618,17,4,13
222000620,16,15,1
222000621,31,23,8
222000623,546,4,542
222000624,321,2,319
222000625,432,17,415
222000636,34,0,34
222000686,16,10,6
222000687,51,25,26
222001066,203,1,202
222001067,19,1,18
222001068,48,11,37
222001069,44,41,3
222001082,26,30,-4
222001083,20,25,-5
222001084,1,56,-55
222001085,1,107,-106
222001111,58,77,-19
222001112,154,22,132
222001313,20,10,10
222001314,20,109,-89
222001464,121,64,57
222001465,39,71,-32
222001484,143,53,90
222001485,49,51,-2
222001494,388,117,271
222001495,145,193,-48
222001496,263,84,179
222001497,94,235,-141
222001502,10,71,-61
222001503,105,37,68
222001504,36,246,-210
222001505,274,6,268
222001506,42,312,-270
222001507,218,18,200
222001510,394,26,368
222001511,59,225,-166
222001514,535,145,390
222001515,190,401,-211
222001518,285,44,241
222001519,40,122,-82
222001527,170,47,123
222001528,74,114,-40
222001529,194,28,166
222001530,55,161,-106
222001533,126,154,-28
222001534,245,71,174
222001535,198,235,-37
222001536,56,144,-88
222001537,283,58,225
222001538,78,378,-300
222001563,580,56,524
222001564,53,298,-245
222001568,252,121,131
222001576,2,3,-1
222001579,0,4,-4
222001583,16,73,-57
222001584,82,14,68
222001596,436,734,-298
222001597,1679,245,1434
222001626,1,112,-111
222001650,65,91,-26
222001651,71,213,-142
222001914,126,64,62
222001915,49,219,-170
222001968,437,254,183
222001969,365,447,-82
222001970,130,145,-15
222001971,24,9,15
222001972,2,15,-13
225000001,368,154,214
225000002,483,131,352
225000003,541,72,469
225000004,379,196,183
225000005,47,35,12
225000006,1,124,-123
225000007,977,957,20
225000010,216,6,210
225000011,317,707,-390
225000012,211,427,-216
225000013,72,97,-25
225000014,544,74,470
225000015,91,129,-38
225000021,655,148,507
225000027,161,358,-197
225000032,592,90,502
225000042,45,367,-322
225000049,30,54,-24
225000050,71,10,61
225000053,7,235,-228
225000058,567,138,429
225000067,129,118,11
225000068,82,188,-106
225000069,114,347,-233
225000070,103,299,-196
225000071,33,99,-66
225000075,11,416,-405
225000076,44,74,-30
225000078,62,44,18
225000085,83,124,-41
225000086,244,62,182
225000087,173,11,162
225000088,5,165,-160
225000089,127,766,-639
225000090,30,305,-275
225000091,134,74,60
225000092,21,62,-41
225000093,209,219,-10
225000094,12,138,-126
225000095,268,277,-9
225000096,211,288,-77
225000098,659,205,454
225000099,289,135,154
225000100,352,124,228
225000104,52,252,-200
225000110,12,250,-238
225000111,167,627,-460
225000112,222,702,-480
225000113,121,437,-316
225000114,60,172,-112
225000115,912,441,471
225000116,838,193,645
225000117,590,178,412
225000118,820,140,680
225000119,206,52,154
225000120,490,23,467
225000121,152,10,142
225000123,459,28,431
225000125,390,128,262
225000126,559,131,428
225000127,564,922,-358
225000128,459,571,-112
225000132,305,12,293
225000133,197,14,183
225000134,536,113,423
225000135,71,13,58
225000136,284,16,268
225000137,181,43,138
225000138,387,63,324
225000143,28,129,-101
225000144,3,203,-200
225000145,55,21,34
225000146,45,50,-5
225000147,19,191,-172
225000148,12,95,-83
225000149,40,294,-254
225000151,22,128,-106
225000155,246,240,6
225000156,127,547,-420
225000157,185,205,-20
225000158,51,160,-109
225000171,7,128,-121
225000180,27,2,25
225000181,0,33,-33
225000182,53,2,51
225000185,2,244,-242
225000187,27,234,-207
225000191,73,3,70
225000194,0,12,-12
225000208,2,40,-38
225000209,82,12,70
225000210,3,162,-159
225000217,0,10,-10
225000218,13,1,12
225000223,0,53,-53
225000224,42,0,42
225000225,1,20,-19
225000226,48,1,47
225000227,27,56,-29
225000228,2,6,-4
225000229,0,50,-50
225000230,18,0,18
225000231,0,25,-25
225000232,135,0,135
225000241,77,1,76
225000242,0,41,-41
225000249,11,0,11
225000250,31,388,-357
225000251,314,18,296
225000256,0,0,0
225000257,0,0,0
226000042,197,292,-95
226000043,48,226,-178
226000044,91,301,-210
226000045,46,195,-149
226000046,335,63,272
226000047,350,84,266
226000048,281,76,205
226000049,228,159,69
226000070,0,29,-29
226000071,0,50,-50
226000072,0,33,-33
226000073,0,7,-7
226000074,0,5,-5
226000084,6,36,-30
226000085,1,10,-9
226000086,3,13,-10
226000087,3,16,-13
226000088,24,21,3
226000090,106,96,10
226000091,15,44,-29
226000092,11,9,2
226000093,24,6,18
226000094,13,0,13
226000095,6,4,2
226000105,16,5,11
226000106,7,1,6
226000107,11,0,11
226000108,23,0,23
226000109,75,1,74
226000124,87,66,21
226000134,604,396,208
226000135,1302,411,891
226000136,427,290,137
226000137,7,182,-175
226000138,8,112,-104
226000139,1,18,-17
226000156,201,2,199
226000157,165,12,153
226000163,42,70,-28
226000202,10,173,-163
226000231,438,10,428
226000232,24,6,18
227000033,356,46,310
227000036,355,26,329
227000037,293,26,267
227000038,156,18,138
227000084,1,89,-88
227000085,3,44,-41
227000088,41,1,40
227000089,98,3,95
227000090,43,0,43
227000091,32,1,31
227000092,42,2,40
227000093,149,1,148
227000094,6,0,6
227000130,29,70,-41
227000131,8,116,-108
227000132,11,116,-105
227000133,8,123,-115
227000134,18,195,-177
227000152,0,5,-5
227000153,0,32,-32
227000154,0,30,-30
227000155,1,24,-23
227000156,0,9,-9
227000165,7,33,-26
227000196,307,167,140
227000199,348,263,85
227000230,13,237,-224
227000232,346,11,335
227000242,60,290,-230
227000243,429,75,354
227000245,8,207,-199
227000246,91,340,-249
227000247,438,56,382
227000248,151,27,124
227000249,20,136,-116
227000250,393,166,227
227000251,79,200,-121
227000252,24,169,-145
227000253,134,29,105
227000262,443,47,396
227000266,1107,33,1074
227000267,22,969,-947
227000282,6,100,-94
227000284,409,16,393
227000286,4,41,-37
227000287,19,56,-37
227000291,10,269,-259
227000484,194,17,177
227000485,27,630,-603
227000655,157,17,140
227000656,559,34,525
227000657,79,18,61
227000661,222,16,206
227000680,120,36,84
229000265,7,15,-8
229000296,1,8,-7
229000297,3,12,-9
229000298,4,98,-94
229000320,10,3,7
229000321,18,2,16
229000412,7,35,-28
229000414,10,44,-34
229000415,17,2,15
229000416,0,3,-3
229000417,15,6,9
229000419,59,233,-174
229000440,364,72,292
229000442,24,1,23
229000443,7,3,4
229000444,2,17,-15
229000445,68,3,65
229000446,46,7,39
229000491,0,8,-8
229000492,2,41,-39
229000493,2,29,-27
229000494,25,2,23
229000495,89,2,87
229000496,33,0,33
229000507,1,28,-27
229000508,0,19,-19
229000509,1,43,-42
229000510,2,15,-13
229000511,7,20,-13
229000512,0,11,-11
229000513,0,1,-1
229000514,0,3,-3
229000517,2,4,-2
229000518,16,11,5
229000519,1,2,-1
229000520,9,14,-5
229000521,53,12,41
229000522,5,8,-3
229000523,4,4,0
229000524,2,1,1
229000527,0,0,0
229000528,0,0,0
229000529,6,0,6
229000530,23,4,19
229000531,20,3,17
229000532,22,0,22
229000533,53,1,52
229000534,26,0,26
229000564,31,0,31
229000565,13,0,13
229000566,0,2,-2
229000567,0,24,-24
229000582,48,1,47
229000583,3,0,3
229000584,0,6,-6
229000585,2,27,-25
229000718,0,2,-2
229000719,0,1,-1
229000720,0,1,-1
229000721,0,1,-1
229000722,0,3,-3
229000723,0,4,-4
229000724,0,1,-1
229000725,0,3,-3
229000738,1,0,1
229000739,0,0,0
229000740,0,0,0
229000741,9,0,9
229000742,9,0,9
229000743,5,0,5
229000744,1,0,1
229000745,0,0,0
229000746,5,1,4
229000847,20,0,20
229000848,15,0,15
229000849,59,0,59
229000851,20,0,20
229000854,1,11,-10
229000856,1,43,-42
229000857,0,18,-18
229000858,0,32,-32
229000919,20,43,-23
229000930,1,210,-209
229000937,86,20,66
229000966,52,14,38
229000981,18,21,-3
229000985,26,18,8
229000986,0,6,-6
229000987,0,3,-3
229000988,1,4,-3
229000989,23,4,19
229000990,0,0,0
229000991,1,0,1
229000992,11,2,9
229000993,67,10,57
229000998,12,54,-42
229000999,43,5,38
229001034,0,9,-9
229001035,3,1,2
229001037,38,7,31
229001042,7,2,5
229001047,7,38,-31
229001050,28,55,-27
229001168,0,14,-14
229001200,20,0,20
229001338,2,12,-10
229001394,130,4,126
229001422,107,11,96
229001423,33,72,-39
229001431,66,37,29
229001432,46,57,-11
229001444,131,34,97
229001445,33,128,-95
229001479,11,0,11
229001503,161,73,88
229001504,90,101,-11
229001505,80,50,30
229001506,61,59,2
229001509,19,28,-9
229001545,86,1,85
229001546,7,63,-56
229001553,72,8,64
229001554,41,59,-18
229001559,3,7,-4
229001560,5,23,-18
229001630,27,5,22
229001631,14,15,-1
229001635,0,8,-8
229001636,5,0,5
229001658,5,124,-119
229001659,81,2,79
229001660,68,2,66
229001661,8,24,-16
229001662,10,0,10
229001663,0,17,-17
229002584,152,136,16
229002831,122,109,13
229002841,12,13,-1
229002842,29,19,10
229002843,52,9,43
229002844,43,33,10
229002845,11,46,-35
229002846,31,26,5
229002847,4,3,1
229002848,16,9,7
229002849,2,60,-58
229002850,17,0,17
229002851,38,95,-57
229002852,119,21,98
229002853,106,15,91
229002854,32,25,7
229002855,6,32,-26
229002856,14,7,7
229002857,10,67,-57
229002858,7,6,1
229002859,24,43,-19
229002860,145,10,135
229002861,26,17,9
229002862,32,17,15
229002863,22,7,15
229002864,28,25,3
229002865,7,2,5
229002866,20,12,8
229002867,3,10,-7
229002868,7,9,-2
229002869,34,88,-54
229002870,48,17,31
235000066,388,87,301
235000067,129,92,37
235000072,25,102,-77
235000073,75,338,-263
235000074,44,57,-13
235000080,9,61,-52
235000081,113,108,5
235000082,191,50,141
235000083,211,86,125
235000084,38,51,-13
235000085,157,98,59
235000089,24,15,9
235000092,44,116,-72
235000093,10,6,4
235000097,1,5,-4
235000098,61,17,44
235000099,22,13,9
235000116,65,12,53
235000117,470,13,457
235000133,15,469,-454
235000134,16,154,-138
235000206,8,1,7
235000207,3,8,-5
235000208,2,2,0
235000209,14,2,12
235000210,7,2,5
235000212,6,14,-8
235000213,2,14,-12
235000220,0,3,-3
235000221,72,17,55
235000238,10,89,-79
235000239,1,36,-35
235000242,324,605,-281
235000245,446,141,305
235000246,9,44,-35
235000284,16,72,-56
235000295,109,7,102
235000305,191,12,179
235000306,240,3,237
235000307,10,0,10
235000308,10,0,10
235000309,52,1,51
235000310,20,0,20
235000311,59,11,48
235000322,0,32,-32
235000323,0,43,-43
235000324,2,17,-15
235000325,0,9,-9
235000326,5,108,-103
235000351,4,46,-42
235000352,11,25,-14
235000353,0,18,-18
235000354,8,25,-17
235000355,6,38,-32
235000356,55,2,53
235000357,30,9,21
235000358,63,11,52
235000359,18,6,12
235000360,37,19,18
235000361,48,18,30
235000381,134,152,-18
235000382,204,35,169
235000390,30,3,27
235000391,184,9,175
235000392,186,344,-158
235000393,147,184,-37
235000395,144,42,102
235000396,498,43,455
235000400,61,18,43
235000401,15,108,-93
235000405,73,235,-162
235000406,30,170,-140
235000407,119,62,57
235000409,210,85,125
235000410,51,198,-147
235000411,1,44,-43
235000485,0,16,-16
235000486,12,0,12
235000549,75,71,4
235000550,112,140,-28
235000599,176,38,138
235000600,13,12,1
235000601,18,17,1
235000602,119,45,74
235000614,0,5,-5
235000648,0,13,-13
235000649,26,5,21
235000685,0,3,-3
235000815,29,23,6
235000834,0,7,-7
235000855,57,52,5
235000862,28,111,-83
235000891,0,16,-16
235000892,8,0,8
235000901,69,91,-22
235000907,11,7,4
235001010,78,45,33
235001029,461,305,156
235001030,459,340,119
235001078,89,96,-7
235001079,57,69,-12
235001147,2,32,-30
235001166,6,52,-46
235001167,55,45,10
235001169,18,207,-189
235001188,2,6,-4
235001189,3,0,3
235001197,4,22,-18
235001200,42,39,3
235001207,140,15,125
235001210,21,68,-47
235001215,17,71,-54
235001239,1,40,-39
235001244,4,4,0
235016267,0,32,-32
277101746,0,0,0
277102712,0,0,0
277103813,0,0,0
277103898,0,2,-2
277104249,0,2,-2
277104250,0,11,-11
277104251,0,5,-5
277104252,0,1,-1
990011530,1,157,-156
990014944,5,241,-236
990015176,55,8,47
990015618,0,88,-88
990016032,0,291,-291
990032570,0,26,-26
990070001,51,1,50
990070103,0,2,-2
990070601,0,33,-33
990070751,867,5,862
990070766,0,217,-217
990071180,457,178,279
990071343,24,0,24
990071387,0,13,-13
990071823,361,5,356
990072600,2,723,-721
990072964,0,219,-219
990073285,0,0,0
990074393,2,493,-491
990074870,1362,12,1350
990075106,1217,9,1208
990075746,516,8,508
990076437,1275,1,1274
990076458,1,402,-401
997000007,466,28,438
997000041,2,205,-203
997000058,41,0,41
997000062,19,0,19
997000069,0,6,-6
997000070,0,19,-19
997000100,46,1,45
997000141,2,393,-391
997000198,169,872,-703
998000475,0,27,-27
998000736,1,146,-145
998000965,0,10,-10
998001031,0,66,-66
998001700,0,6,-6
998001899,0,2,-2
998001900,47,26,21
998003073,873,0,873
998101900,0,0,0
998102850,4,183,-179
998501927,761,603,158
998501929,154,46,108
998501930,29,1,28
998501931,112,3,109
998501932,3,0,3
998501933,89,46,43
998501937,9,1,8
998501944,3,2,1
998501950,0,78,-78
998501970,72,4,68
998501971,0,69,-69
998501973,0,37,-37
998501974,1,133,-132
998501975,67,1,66
998501976,152,2,150
998501977,0,25,-25
998501978,9,0,9
998501979,0,5,-5
998501980,59,2,57
998501981,28,1,27
998501982,0,73,-73
998501983,0,25,-25
998502006,0,0,0
998502024,0,4,-4
998502032,0,6,-6
998502062,14,0,14
998502063,0,0,0
998502173,34,0,34
998502269,0,5,-5
998502546,1,151,-150
998502578,0,1,-1
998502599,50,169,-119
998601159,0,67,-67
998601292,0,10,-10
999033574,1,300,-299
999800001,59,32,27
999800002,0,5,-5
999800003,1,0,1
999800004,0,3,-3
999800005,0,3,-3
