ID,insum,outsum,diff
100000001,595,793,-198
100000002,2576,657,1919
100000003,5074,2211,2863
100000004,1342,789,553
100000005,1569,3293,-1724
100000006,413,99,314
100000007,1443,506,937
100000008,156,637,-481
100000009,336,150,186
100000010,42,26,16
100000011,656,64,592
100000012,74,779,-705
100000013,26,176,-150
100000014,301,337,-36
100000015,1602,1251,351
100000016,1176,1508,-332
100000017,727,1055,-328
100000018,1589,542,1047
100000019,5186,1942,3244
100000020,1628,3775,-2147
100000021,6563,2619,3944
100000022,1734,1100,634
100000023,6316,1126,5190
100000025,2479,542,1937
100000028,1843,883,960
100000029,350,202,148
100000030,580,52,528
100000031,5362,5211,151
100000032,2312,3037,-725
100000033,805,2010,-1205
100000034,651,271,380
100000035,1948,999,949
100000036,2454,985,1469
100000037,451,484,-33
100000038,1320,818,502
100000039,731,169,562
100000040,148,119,29
100000041,739,382,357
100000042,696,287,409
100000043,910,282,628
100000044,435,854,-419
100000045,576,1664,-1088
100000046,706,1432,-726
100000047,395,890,-495
100000048,482,664,-182
100000049,1830,3042,-1212
100000051,556,1278,-722
100000053,45,3,42
100000054,243,30,213
100000055,715,250,465
100000056,283,718,-435
100000057,1469,967,502
100000058,761,1416,-655
100000059,3,123,-120
100000060,321,328,-7
100000061,1581,526,1055
100000062,1125,523,602
100000063,367,302,65
100000064,918,415,503
100000065,428,1158,-730
100000066,189,1090,-901
100000067,328,1017,-689
100000068,465,1870,-1405
100000069,375,2296,-1921
100000072,591,1079,-488
100000073,1174,1277,-103
100000075,584,357,227
100000076,2300,1768,532
100000077,626,107,519
100000078,56,39,17
100000079,42,43,-1
100000080,9,19,-10
100000081,87,33,54
100000102,3780,1122,2658
100000103,3718,961,2757
100000104,4504,1444,3060
100000105,3269,721,2548
100000106,2340,1298,1042
100000107,664,437,227
100000108,880,968,-88
100000109,3667,985,2682
100000116,1157,570,587
100000117,34,30,4
100000118,1173,849,324
100000119,749,540,209
100000121,299,613,-314
100000122,1478,781,697
100000123,2955,4663,-1708
100000124,5145,7074,-1929
100000125,2593,712,1881
100000126,761,232,529
100000127,2325,315,2010
100000128,1124,1457,-333
100000129,484,365,119
100000130,248,676,-428
100000131,2864,3083,-219
100000132,1346,2190,-844
100000133,6379,2811,3568
100000135,432,676,-244
100000139,297,380,-83
100000140,197,153,44
100000142,329,594,-265
100000143,1974,898,1076
100000144,4832,1015,3817
100000147,913,2063,-1150
100000150,19,567,-548
100000151,697,560,137
100000153,371,217,154
100000154,143,44,99
100000155,14,39,-25
100000156,53,57,-4
100000157,27,318,-291
100000158,87,172,-85
100000159,693,364,329
100000165,1195,681,514
100000169,829,522,307
100000174,1761,548,1213
100000179,82,495,-413
100000180,1404,1274,130
100000181,129,284,-155
100000188,100,505,-405
100000189,735,292,443
100000190,553,309,244
100000191,545,363,182
100000192,77,115,-38
100000193,140,140,0
100000330,1799,550,1249
100000355,104,554,-450
100000362,5346,3501,1845
100000363,2266,3479,-1213
100000364,500,130,370
100000365,3213,7704,-4491
100000366,4636,2159,2477
100000367,2922,4089,-1167
100000368,1903,1615,288
100000369,1090,1302,-212
100000370,102,391,-289
100000376,69,78,-9
100000379,3421,1110,2311
100000380,4506,1799,2707
100000384,5408,2679,2729
100000385,5666,2868,2798
100000386,8212,3546,4666
100000387,7292,3359,3933
100000388,8485,5008,3477
100000389,8578,4721,3857
100000390,8996,3605,5391
100000391,6432,4808,1624
100000392,4710,1445,3265
100000393,2116,1742,374
100000394,7618,3349,4269
100000395,4039,1361,2678
100000396,6105,1776,4329
100000397,3134,1647,1487
100000398,10568,7069,3499
100000413,20,10,10
100900002,1,67,-66
100900003,185,86,99
100900004,13,778,-765
100900005,113,21,92
100900006,6,279,-273
100900007,449,3,446
100900008,2,452,-450
100900009,22,52,-30
100900010,36,181,-145
100900011,58,292,-234
100900012,1,266,-265
100900013,461,4,457
100900014,0,16,-16
100900015,109,90,19
100900016,3,51,-48
100900017,507,49,458
100900018,0,22,-22
100900019,26,59,-33
100900020,260,1,259
100900021,112,1,111
100900022,9,7,2
100900023,3,23,-20
100900024,786,2,784
100900025,18,4,14
100900026,66,153,-87
100900027,380,1816,-1436
100900028,67,116,-49
100900029,132,22,110
100900030,9,36,-27
100900031,253,76,177
100900032,55,1,54
100900033,165,117,48
100900034,318,0,318
100900035,431,1,430
100900036,23,0,23
100900037,50,294,-244
100900038,94,6,88
100900039,376,846,-470
100900040,1073,828,245
100900041,250,1151,-901
100900042,499,228,271
100900043,0,5,-5
100900044,2641,397,2244
100900045,43,0,43
100900046,330,3,327
100900047,1053,91,962
100900048,119,9,110
100900049,62,208,-146
100900050,2,6,-4
100900051,69,34,35
100900052,162,24,138
100900053,239,22,217
100900054,6,137,-131
100900055,147,289,-142
100900056,90,181,-91
100900057,391,843,-452
100900058,236,19,217
100900059,81,1,80
100900060,72,13,59
100900061,342,224,118
100900062,0,95,-95
100900063,109,321,-212
100900064,174,4,170
100900065,85,48,37
100900066,58,71,-13
100900067,0,5,-5
100900068,55,130,-75
100900069,416,4,412
100900070,137,11,126
100900071,657,263,394
100900072,2,103,-101
100900073,86,672,-586
100900074,3,13,-10
100900075,2104,337,1767
100900076,20,46,-26
100900077,9,146,-137
100900078,71,268,-197
100900079,2,47,-45
100900080,19,210,-191
100900081,31,124,-93
100900082,85,1035,-950
100900083,3,39,-36
100900085,14,50,-36
100900086,154,496,-342
100900088,71,888,-817
100900089,3,43,-40
100900090,94,282,-188
100900091,0,30,-30
100900092,172,132,40
100900093,175,192,-17
100900094,58,731,-673
100900095,2,45,-43
100900096,27,77,-50
100900097,0,11,-11
100900098,12,22,-10
100900099,30,686,-656
100900100,12,349,-337
100900101,359,28,331
100900102,26,44,-18
100900103,2,25,-23
100900104,14,187,-173
100900105,3,153,-150
100900106,54,13,41
100900107,1729,488,1241
100900108,2,8,-6
100900109,5,32,-27
100900110,0,38,-38
100900111,70,170,-100
100900112,0,4,-4
100900113,2,30,-28
100900114,2,23,-21
100900115,1,29,-28
100900116,612,555,57
100900117,209,659,-450
100900118,6,63,-57
100900119,1,29,-28
100900120,2,14,-12
100900121,205,355,-150
100900122,176,175,1
100900123,54,95,-41
100900124,4,3,1
100900125,14,81,-67
100900126,64,228,-164
100900127,1,12,-11
100900128,69,90,-21
100900129,0,95,-95
100900131,49,155,-106
100900133,20,27,-7
100900134,4,6,-2
100900135,2,106,-104
100900137,288,131,157
100900138,436,304,132
100900139,4,7,-3
100900140,3,865,-862
100900141,2,472,-470
100900142,0,5,-5
100900143,801,312,489
100900144,13,2,11
100900145,63,112,-49
100900146,2,2,0
100900147,11,208,-197
100900148,30,1417,-1387
100900149,73,64,9
100900150,0,6,-6
100900151,115,563,-448
100900152,126,3,123
100900153,3,150,-147
100900154,3,11,-8
100900155,6,7,-1
100900156,10,0,10
100900157,1,90,-89
100900159,1,10,-9
100900160,9,19,-10
100900161,160,2,158
100900162,17,190,-173
100900163,174,212,-38
100900164,40,34,6
100900165,29,63,-34
100900166,19,1,18
100900167,6,76,-70
100900168,33,144,-111
100900169,166,969,-803
100900170,17,10,7
100900171,13,688,-675
100900172,0,6,-6
100900173,6,791,-785
100900174,366,44,322
100900176,1322,141,1181
100900177,903,306,597
100900178,235,142,93
100900179,88,99,-11
100900180,4,2,2
100900181,109,33,76
100900182,11,15,-4
100900184,6,166,-160
100900186,1095,569,526
100900187,8,188,-180
100900188,24,13,11
100900189,657,156,501
100900191,1198,599,599
100900192,300,193,107
100900195,101,120,-19
100900197,13,138,-125
100900198,6,363,-357
100900199,10,6,4
100900200,540,368,172
100900201,37,623,-586
100900202,8,0,8
100900203,0,58,-58
100900204,222,253,-31
100900205,108,383,-275
100900206,65,28,37
100900207,151,81,70
100900210,85,784,-699
100900211,251,112,139
100900213,22,44,-22
100900214,987,90,897
100900215,3,27,-24
100900217,144,43,101
101000001,4424,2304,2120
101000002,4017,4593,-576
101000003,882,1507,-625
101000004,9081,7074,2007
101000005,4615,4603,12
101000006,7053,6483,570
101000007,2455,2597,-142
101000008,3967,2632,1335
101000009,1572,2337,-765
101000010,847,1834,-987
101000011,2159,696,1463
101000012,2521,544,1977
101000013,447,823,-376
101000014,590,722,-132
101000015,851,838,13
101000016,520,348,172
101000017,485,492,-7
101000018,4656,2322,2334
101000020,4555,916,3639
101000021,1493,243,1250
101000022,259,54,205
101000023,1555,625,930
101000025,159,270,-111
101000026,479,19,460
101000027,1702,1222,480
101000028,1208,133,1075
101000029,103,825,-722
101000030,949,63,886
101000031,402,113,289
101000032,5512,1868,3644
101000033,2604,2524,80
101000034,2909,1047,1862
101000035,1121,308,813
101000036,1865,412,1453
101000037,4676,1088,3588
101000039,3047,1550,1497
101000040,4338,3705,633
101000041,12508,3973,8535
101000042,855,639,216
101000043,8629,3114,5515
101000045,1853,499,1354
101000046,1864,519,1345
101000047,999,1035,-36
101000048,880,855,25
101000049,970,1011,-41
101000050,1730,964,766
101000051,2362,1267,1095
101000052,1804,471,1333
101000053,1032,1573,-541
101000054,1420,1515,-95
101000055,1388,1063,325
101000056,98,64,34
101000057,2358,617,1741
101000058,1942,890,1052
101000059,3805,1439,2366
101000060,2110,421,1689
101000061,1068,1062,6
101000062,1170,596,574
101000063,649,558,91
101000064,1658,442,1216
101000065,264,272,-8
101000066,437,237,200
101000067,923,410,513
101000068,362,220,142
101000069,474,36,438
101000070,1501,911,590
101000071,2110,854,1256
101000072,934,3216,-2282
101000073,664,468,196
101000074,4273,3240,1033
101000075,5380,3580,1800
101000077,843,1880,-1037
101000078,821,1642,-821
101000079,417,867,-450
101000080,500,495,5
101000081,1025,1480,-455
101000082,3827,2733,1094
101000083,1953,1880,73
101000084,1516,1171,345
101000085,1609,1048,561
101000086,1259,1302,-43
101000087,1031,1351,-320
101000088,913,1080,-167
101000089,794,1429,-635
101000090,2341,1683,658
101000091,346,1916,-1570
101000092,675,1114,-439
101000093,1522,830,692
101000094,574,1386,-812
101000095,193,845,-652
101000096,251,694,-443
101000097,415,270,145
101000098,510,435,75
101000099,976,1156,-180
101000100,818,535,283
101000101,458,269,189
101000102,1226,275,951
101000103,688,385,303
101000104,416,373,43
101000105,944,265,679
101000106,995,552,443
101000107,185,391,-206
101000108,1635,328,1307
101000109,167,87,80
101000110,33,832,-799
101000111,107,313,-206
101000113,111,561,-450
101000114,3016,1221,1795
101000115,119,291,-172
101000116,309,436,-127
101000117,694,324,370
101000119,107,24,83
101000120,215,21,194
101000121,95,22,73
101000122,90,39,51
101000123,45,48,-3
101000124,137,233,-96
101000125,152,468,-316
101000128,865,297,568
101000130,238,329,-91
101000131,535,883,-348
101000132,418,2386,-1968
101000135,111,17,94
101000136,240,77,163
101000137,17,216,-199
101000141,1961,1762,199
101000147,910,602,308
101000148,2591,19,2572
101000149,304,145,159
101000150,69,1351,-1282
101000151,77,91,-14
101000152,314,243,71
101000153,558,461,97
101000154,128,2005,-1877
101000155,129,169,-40
101000156,19,306,-287
101000157,39,21,18
101000160,98,73,25
101000163,221,109,112
101000164,406,482,-76
101000165,233,495,-262
101000166,245,375,-130
101000168,805,404,401
101000252,1166,972,194
101000254,415,44,371
101000258,31,25,6
101000261,48,260,-212
101000262,812,769,43
101000263,246,683,-437
101000265,64,738,-674
101000266,353,314,39
101000269,148,13,135
101000290,1808,2264,-456
101000293,25,98,-73
101000294,495,414,81
101000295,126,473,-347
101000301,859,233,626
101000304,1784,2635,-851
101000305,2339,1724,615
101000328,129,447,-318
101900001,3,75,-72
101900002,0,9,-9
101900003,150,84,66
101900004,6,31,-25
101900005,6141,1251,4890
101900006,918,38,880
101900007,526,54,472
101900008,136,216,-80
101900009,55,395,-340
101900010,1140,604,536
101900011,366,1109,-743
101900012,154,333,-179
101900013,1434,137,1297
101900017,25,133,-108
101900018,1894,184,1710
101900019,448,143,305
101900020,192,98,94
101900021,0,45,-45
101900022,92,1575,-1483
101900023,32,278,-246
101900026,114,46,68
101900027,14,115,-101
102000001,2590,3663,-1073
102000002,2829,1429,1400
102000003,3689,4985,-1296
102000004,8413,2980,5433
102000005,1539,1988,-449
102000006,1641,2039,-398
102000007,1377,4464,-3087
102000008,5503,2127,3376
102000009,4735,7304,-2569
102000010,5532,3962,1570
102000011,2496,2194,302
102000012,3224,3642,-418
102000018,3414,2502,912
102000019,3077,1665,1412
102000026,259,943,-684
102000029,375,263,112
102000030,74,329,-255
102000031,26,204,-178
102000032,330,510,-180
102000033,175,449,-274
102000034,496,551,-55
102000035,978,680,298
102000036,7,393,-386
102000037,154,97,57
102000038,341,116,225
102000039,438,80,358
102000040,622,85,537
102000041,370,302,68
102000042,303,149,154
102000043,323,225,98
102000044,665,744,-79
102000045,716,1344,-628
102000046,920,574,346
102000047,533,1458,-925
102000048,280,973,-693
102000049,1089,802,287
102000050,1066,1210,-144
102000051,421,630,-209
102000052,1328,862,466
102000053,940,835,105
102000054,375,1021,-646
102000055,755,1577,-822
102000056,548,2028,-1480
102000057,1087,613,474
102000058,1084,2791,-1707
102000059,1265,1888,-623
102000060,999,1114,-115
102000061,1108,3030,-1922
102000062,1082,1422,-340
102000063,1462,1599,-137
102000064,641,772,-131
102000065,51,166,-115
102000066,982,1857,-875
102000067,2482,3311,-829
102000068,12159,3687,8472
102000069,59,2735,-2676
102000070,2140,86,2054
102000071,8368,10907,-2539
102000072,3075,6859,-3784
102000073,884,1579,-695
102000074,742,1083,-341
102000075,231,503,-272
102000076,257,700,-443
102000077,374,1704,-1330
102000078,774,1205,-431
102000079,188,382,-194
102000080,244,276,-32
102000081,267,934,-667
102000082,705,340,365
102000083,320,590,-270
102000084,118,535,-417
102000085,1717,1394,323
102000086,923,1180,-257
102000087,861,2126,-1265
102000088,236,360,-124
102000089,833,591,242
102000090,441,1434,-993
102000091,1307,486,821
102000092,424,885,-461
102000093,810,816,-6
102000094,936,656,280
102000095,1004,1246,-242
102000096,930,889,41
102000097,1074,940,134
102000098,610,998,-388
102000099,1022,601,421
102000100,1062,1275,-213
102000101,1608,624,984
102000102,375,3357,-2982
102000103,1549,432,1117
102000104,1237,413,824
102000105,276,1054,-778
102000106,594,1114,-520
102000107,723,654,69
102000108,470,308,162
102000109,337,692,-355
102000110,581,2330,-1749
102000111,12,431,-419
102000112,141,89,52
102000113,12,38,-26
102000114,1388,467,921
102000115,248,205,43
102000116,446,325,121
102000117,229,629,-400
102000118,1918,1096,822
102000119,3092,752,2340
102000120,151,555,-404
102000121,814,598,216
102000122,413,872,-459
102000123,1328,866,462
102000124,895,950,-55
102000125,733,883,-150
102000126,574,809,-235
102000127,859,780,79
102000128,524,1160,-636
102000129,702,1135,-433
102000130,385,773,-388
102000131,849,708,141
102000132,253,624,-371
102000133,1091,2536,-1445
102000134,439,838,-399
102000135,1124,1111,13
102000136,1231,531,700
102000137,913,841,72
102000138,173,409,-236
102000139,55,393,-338
102000140,399,261,138
102000141,162,515,-353
102000142,166,460,-294
102000143,85,661,-576
102000144,115,498,-383
102000145,210,498,-288
102000146,249,336,-87
102000147,286,351,-65
102000148,273,264,9
102000149,134,661,-527
102000150,162,374,-212
102000151,156,498,-342
102000152,130,211,-81
102000153,925,384,541
102000154,548,719,-171
102000155,82,268,-186
102000156,475,43,432
102000157,210,139,71
102000158,604,340,264
102000159,1846,347,1499
102000161,4871,1645,3226
102000162,190,175,15
102000163,100,468,-368
102000164,1128,917,211
102000165,228,132,96
102000166,70,163,-93
102000167,184,195,-11
102000168,123,140,-17
102000169,91,529,-438
102000170,740,123,617
102000171,217,78,139
102000172,87,285,-198
102000173,429,269,160
102000174,36,70,-34
102000175,129,207,-78
102000176,25,49,-24
102000178,261,686,-425
102000179,265,244,21
102000180,475,769,-294
102000181,359,746,-387
102000182,378,840,-462
102000183,1302,2568,-1266
102000184,1261,952,309
102000185,1624,2246,-622
102000186,777,2379,-1602
102000187,564,2332,-1768
102000188,653,1809,-1156
102000189,3370,1208,2162
102000190,585,2516,-1931
102000191,1287,723,564
102000192,769,1214,-445
102000193,46,229,-183
102000194,69,173,-104
102000195,418,670,-252
102000196,90,736,-646
102000197,371,589,-218
102000198,135,1139,-1004
102000199,413,401,12
102000200,258,1694,-1436
102000201,409,560,-151
102000202,4,213,-209
102000203,250,404,-154
102000204,287,1225,-938
102000205,665,702,-37
102000206,630,825,-195
102000207,915,526,389
102000208,341,649,-308
102000209,20,62,-42
102000210,324,689,-365
102000211,409,541,-132
102000212,134,22,112
102000213,5,540,-535
102000214,135,24,111
102000215,7,779,-772
102000216,66,55,11
102000217,13,274,-261
102000218,116,81,35
102000219,529,395,134
102000225,856,1069,-213
102000226,5106,892,4214
102000227,106,3,103
102000228,2,144,-142
102000229,21,29,-8
102000230,287,784,-497
102000231,278,544,-266
102000232,8,312,-304
102000233,367,866,-499
102000234,117,1305,-1188
102000236,217,98,119
102000237,649,193,456
102000238,151,299,-148
102000240,724,510,214
102000241,163,145,18
102000243,13,64,-51
102000245,20,130,-110
102000246,21,32,-11
102000247,1709,930,779
102000248,878,795,83
102000249,110,221,-111
102000250,78,655,-577
102000254,26,538,-512
102000266,39,193,-154
102000271,36,0,36
102000286,490,389,101
102000297,1797,1194,603
102000299,0,0,0
102000301,0,0,0
102000303,0,0,0
102000305,0,0,0
102000307,0,3,-3
102900001,1188,1284,-96
102900002,242,18,224
102900003,31,428,-397
102900005,166,288,-122
102900006,319,214,105
102900007,298,19,279
102900008,110,76,34
102900009,366,172,194
102900010,486,485,1
102900011,2137,275,1862
102900012,317,82,235
102900013,13,95,-82
102900015,849,384,465
102900016,22,93,-71
102900017,61,596,-535
102900018,10,171,-161
102900019,391,532,-141
102900020,84,66,18
102900021,14,141,-127
102900022,527,97,430
102900023,21,83,-62
102900024,15,42,-27
102900025,290,104,186
102900026,613,1460,-847
102900027,57,60,-3
102900028,81,548,-467
102900029,152,113,39
102900030,230,254,-24
102900031,79,194,-115
102900032,14,156,-142
102900033,75,183,-108
102900034,224,159,65
102900035,54,615,-561
102900036,177,806,-629
102900037,150,864,-714
102900038,312,711,-399
102900039,68,369,-301
102900040,136,259,-123
102900041,68,236,-168
102900042,124,472,-348
102900043,99,303,-204
102900044,636,2404,-1768
102900045,83,704,-621
102900046,70,388,-318
102900047,62,915,-853
102900048,536,931,-395
102900049,88,461,-373
102900050,232,440,-208
102900051,164,248,-84
102900053,318,945,-627
102900054,900,1000,-100
102900055,89,85,4
102900056,140,548,-408
102900057,0,17,-17
102900058,296,53,243
102900059,8,30,-22
102900060,92,504,-412
102900061,101,647,-546
102900062,138,1766,-1628
102900063,672,533,139
102900064,97,407,-310
102900065,2705,850,1855
102900066,176,43,133
102900068,112,87,25
102900070,139,790,-651
102900072,12,34,-22
102900073,149,7,142
102900075,40,52,-12
102900076,355,53,302
102900077,31,33,-2
102900078,46,91,-45
102900079,195,5,190
102900080,278,25,253
102900081,56,367,-311
102900082,26,311,-285
102900083,256,8,248
102900084,3,20,-17
102900085,143,58,85
102900086,6,59,-53
102900087,81,161,-80
102900088,51,46,5
102900089,257,125,132
102900090,2,585,-583
102900091,113,3,110
102900092,177,1365,-1188
102900094,3,63,-60
102900095,138,1,137
102900096,38,26,12
102900097,2,120,-118
103000001,2667,3356,-689
103000002,2704,2655,49
103000003,3885,3069,816
103000004,1145,741,404
103000005,2599,2843,-244
103000006,664,1661,-997
103000007,449,973,-524
103000008,1068,1307,-239
103000009,822,901,-79
103000010,218,240,-22
103000011,1764,1177,587
103000012,1131,1642,-511
103000013,6473,2121,4352
103000014,1259,2052,-793
103000015,3178,864,2314
103000016,618,1047,-429
103000017,185,404,-219
103000018,1208,455,753
103000019,178,207,-29
103000020,1915,1504,411
103000021,1559,1603,-44
103000022,1388,1191,197
103000023,510,1525,-1015
103000024,165,198,-33
103000025,78,385,-307
103000026,1819,147,1672
103000027,297,449,-152
103000028,561,384,177
103000029,338,196,142
103000030,1919,602,1317
103000031,1376,1871,-495
103000032,1792,1822,-30
103000033,2601,2784,-183
103000034,1452,913,539
103000035,383,1273,-890
103000036,401,549,-148
103000037,527,443,84
103000038,368,964,-596
103000039,216,549,-333
103000040,236,1390,-1154
103000041,1436,3214,-1778
103000042,839,905,-66
103000043,317,1572,-1255
103000044,178,298,-120
103000046,282,460,-178
103000047,620,722,-102
103000048,182,208,-26
103000049,60,185,-125
103000050,745,860,-115
103000051,346,654,-308
103000052,741,524,217
103000053,165,581,-416
103000054,1927,1385,542
103000055,1467,1970,-503
103000056,634,2894,-2260
103000057,361,331,30
103000058,390,1143,-753
103000059,325,874,-549
103000060,750,1126,-376
103000061,263,992,-729
103000062,938,981,-43
103000063,651,728,-77
103000064,90,349,-259
103000065,1,367,-366
103000066,123,8,115
103000069,180,401,-221
103000070,844,1573,-729
103000071,756,430,326
103000072,88,1150,-1062
103000073,495,132,363
103000074,474,73,401
103000075,122,989,-867
103000076,182,216,-34
103000077,45,433,-388
103000078,1681,450,1231
103000079,1753,666,1087
103000080,1316,302,1014
103000081,541,895,-354
103000082,456,244,212
103000083,104,394,-290
103000084,160,9,151
103000085,1,87,-86
103000086,1007,394,613
103000087,159,447,-288
103000088,473,393,80
103000089,308,494,-186
103000090,1664,1011,653
103000091,536,466,70
103000092,245,298,-53
103000093,304,583,-279
103000094,158,133,25
103000095,29,449,-420
103000096,661,139,522
103000097,58,809,-751
103000098,835,167,668
103000099,305,717,-412
103000100,77,1137,-1060
103000101,499,148,351
103000102,91,900,-809
103000103,521,336,185
103000104,74,158,-84
103000105,97,174,-77
103000106,6,105,-99
103000107,273,72,201
103000108,1048,594,454
103000109,419,354,65
103000110,446,441,5
103000111,526,324,202
103000112,292,275,17
103000113,863,742,121
103000114,1705,359,1346
103000115,400,661,-261
103000116,352,710,-358
103000117,267,721,-454
103000118,1899,1096,803
103000119,2527,705,1822
103000120,67,81,-14
103000121,382,695,-313
103000122,524,371,153
103000125,5,531,-526
103000126,386,3,383
103000127,2,285,-283
103000128,95,2,93
103000129,6,173,-167
103000130,40,28,12
103000131,283,84,199
103000132,46,104,-58
103000133,11,183,-172
103000134,801,715,86
103000135,993,239,754
103000136,821,380,441
103000137,796,513,283
103000138,945,836,109
103000139,3,53,-50
103000140,180,32,148
103000141,34,159,-125
103000142,144,83,61
103000143,74,204,-130
103000144,213,116,97
103000145,22,25,-3
103000150,103,107,-4
103000152,387,255,132
103000153,360,164,196
103000156,3,601,-598
103000157,238,3,235
103000159,47,39,8
103000162,103,27,76
103000163,13,23,-10
103000164,29,16,13
103000165,276,553,-277
103000166,201,210,-9
103000167,202,148,54
103000168,79,190,-111
103000169,145,343,-198
103000170,370,600,-230
103000171,63,50,13
103000172,289,374,-85
103000173,246,1102,-856
103000174,144,341,-197
103000175,153,563,-410
103000176,1015,357,658
103000177,829,446,383
103000178,358,349,9
103000179,164,59,105
103000183,74,44,30
103000185,60,134,-74
103000186,75,205,-130
103000187,306,866,-560
103000188,10,100,-90
103000189,1193,1338,-145
103000191,372,604,-232
103000292,2939,1039,1900
103000293,1470,1412,58
103000295,108,86,22
103000296,234,1,233
103000297,2,14,-12
103000504,52,36,16
103000505,11,7,4
103000506,0,240,-240
103000507,160,0,160
103000508,54,30,24
103000509,356,621,-265
103900001,0,244,-244
103900002,2142,168,1974
103900003,1702,260,1442
103900004,45,1,44
103900005,2,295,-293
103900006,22,144,-122
103900007,15,1,14
103900008,34,1,33
103900010,159,334,-175
103900012,14,18,-4
103900014,38,18,20
103900015,25,15,10
103900017,28,92,-64
103900018,855,244,611
103900019,40,259,-219
103900020,193,370,-177
103900021,936,492,444
103900022,1031,726,305
103900023,104,2,102
103900024,88,718,-630
103900025,7,47,-40
103900026,49,1,48
103900027,492,357,135
103900028,124,304,-180
103900029,828,134,694
103900030,385,50,335
103900031,26,1,25
103900032,59,54,5
103900033,43,6,37
103900034,35,436,-401
103900035,80,87,-7
103900036,31,25,6
103900037,56,41,15
103900038,66,158,-92
103900039,19,607,-588
103900040,6,207,-201
103900041,31,45,-14
103900042,32,672,-640
103900043,107,202,-95
103900044,209,185,24
103900045,200,189,11
103900047,37,33,4
103900048,51,13,38
103900049,242,1726,-1484
103900050,2,60,-58
103900051,0,28,-28
103900053,121,1401,-1280
103900054,85,727,-642
103900055,179,49,130
103900056,27,58,-31
103900057,28,309,-281
103900058,131,873,-742
103900059,0,1,-1
103900060,45,294,-249
103900061,71,74,-3
103900062,182,72,110
103900063,1,0,1
103900064,75,3,72
103900065,563,190,373
103900066,68,11,57
103900067,73,26,47
103900068,6,1,5
103900069,60,13,47
103900070,131,386,-255
103900071,13,237,-224
103900072,8,400,-392
103900073,21,26,-5
103900074,48,133,-85
103900075,112,115,-3
103900076,287,963,-676
103900077,47,85,-38
103900078,145,139,6
103900079,95,238,-143
103900080,5,13,-8
103900081,175,24,151
103900082,12,138,-126
103900083,1857,759,1098
103900084,42,187,-145
103900085,68,137,-69
103900086,363,290,73
103900088,367,264,103
103900089,45,200,-155
103900090,3,291,-288
103900091,880,252,628
103900092,390,766,-376
103900093,84,327,-243
103900094,8,159,-151
103900095,551,619,-68
103900096,15,351,-336
103900097,3,580,-577
103900098,243,172,71
103900099,58,252,-194
103900100,155,452,-297
103900101,38,1219,-1181
103900102,0,42,-42
103900104,0,45,-45
103900105,118,255,-137
103900106,0,19,-19
103900107,67,315,-248
103900108,40,530,-490
103900109,40,120,-80
103900110,170,36,134
103900111,53,1017,-964
103900112,37,59,-22
103900113,96,111,-15
103900114,673,864,-191
103900115,239,123,116
103900116,8133,2063,6070
103900117,262,163,99
103900119,42,43,-1
103900120,52,119,-67
103900122,38,443,-405
103900123,2002,599,1403
103900124,34,770,-736
103900125,85,100,-15
103900126,410,693,-283
103900127,192,811,-619
103900128,267,556,-289
103900131,10,155,-145
103900133,1080,64,1016
103900134,0,2,-2
103900135,0,0,0
103900137,0,29,-29
103900138,56,331,-275
103900139,601,1116,-515
103900140,6,66,-60
103900141,273,83,190
103900142,44,242,-198
103900143,30,11,19
103900144,0,90,-90
103900145,119,408,-289
103900146,208,410,-202
103900147,199,100,99
103900148,301,624,-323
103900149,149,929,-780
103900150,9001,2500,6501
103900151,67,261,-194
103900152,296,895,-599
103900153,3,1,2
103900154,2399,1414,985
103900155,35,296,-261
103900156,11,229,-218
103900157,14,357,-343
103900158,39,317,-278
103900159,69,93,-24
103900160,26,20,6
103900161,63,213,-150
103900162,200,1013,-813
103900163,6,522,-516
103900167,8,98,-90
103900168,59,152,-93
103900169,32,48,-16
103900170,2,148,-146
103900171,4,113,-109
103900172,11,64,-53
103900173,10,17,-7
103900174,47,69,-22
103900175,72,29,43
103900176,16,25,-9
103900177,15,52,-37
103900178,18,179,-161
103900179,35,428,-393
103900180,9,173,-164
103900181,67,61,6
103900182,37,17,20
103900184,867,57,810
103900185,467,149,318
103900187,102,61,41
103900188,49,14,35
103900189,94,4,90
103900190,45,68,-23
103900191,27,35,-8
103900192,45,109,-64
103900193,138,172,-34
103900194,81,424,-343
103900195,2,36,-34
103900196,30,33,-3
103900197,10,27,-17
103900198,22,60,-38
103900199,97,127,-30
103900200,89,181,-92
103900201,91,194,-103
103900202,4,70,-66
103900203,24,11,13
103900204,4,204,-200
103900207,3,262,-259
103900208,48,1,47
103900209,8,134,-126
103900210,20,31,-11
103900211,297,874,-577
103900212,123,885,-762
103900213,128,267,-139
103900214,435,159,276
103900215,660,249,411
103900216,4,538,-534
103900217,357,7,350
103900218,66,545,-479
103900219,135,486,-351
103900233,32,1,31
103900235,31,17,14
103900236,33,1,32
103900242,9,18,-9
103900243,8,12,-4
103900244,85,358,-273
103900245,101,217,-116
103900246,121,27,94
103900247,66,135,-69
103900248,4,43,-39
103900249,27,38,-11
103900250,53,34,19
103900251,5,66,-61
103900253,27,66,-39
103900254,7,33,-26
103900255,25,16,9
103900256,29,40,-11
103900257,180,137,43
103900258,44,4,40
103900259,105,4,101
103900261,4,2,2
103900262,27,6,21
103900263,75,75,0
103900264,97,20,77
103900265,71,13,58
103900266,0,56,-56
103900267,3,81,-78
103900268,5,214,-209
103900269,135,42,93
103900270,19,246,-227
103900271,16,273,-257
103900272,90,115,-25
103900273,16,115,-99
103900274,36,9,27
103900275,19,4,15
103900276,3,185,-182
103900277,5,157,-152
103900278,7,72,-65
103900279,1,18,-17
103900280,0,308,-308
104000001,2183,2555,-372
104000002,1715,3591,-1876
104000003,2167,2904,-737
104000004,3230,3354,-124
104000005,1224,2177,-953
104000006,2852,3875,-1023
104000007,4711,4845,-134
104000008,292,586,-294
104000009,107,151,-44
104000010,159,265,-106
104000011,1063,453,610
104000012,180,591,-411
104000013,155,173,-18
104000014,304,922,-618
104000015,233,225,8
104000016,650,498,152
104000018,616,184,432
104000019,458,141,317
104000020,262,1005,-743
104000021,353,775,-422
104000022,182,358,-176
104000023,450,464,-14
104000024,288,522,-234
104000026,82,412,-330
104000027,293,597,-304
104000028,330,335,-5
104000029,619,658,-39
104000030,261,341,-80
104000031,781,329,452
104000032,228,420,-192
104000033,535,481,54
104000034,369,470,-101
104000035,547,547,0
104000036,604,798,-194
104000037,308,377,-69
104000038,388,823,-435
104000039,205,537,-332
104000040,700,503,197
104000041,748,407,341
104000042,247,538,-291
104000043,299,544,-245
104000044,272,1124,-852
104000045,1073,1706,-633
104000046,1737,1829,-92
104000047,680,1683,-1003
104000048,1159,2292,-1133
104000049,407,335,72
104000050,162,725,-563
104000051,102,922,-820
104000052,1196,2016,-820
104000053,747,966,-219
104000054,313,498,-185
104000055,3645,3080,565
104000056,2042,345,1697
104000057,232,765,-533
104000058,544,976,-432
104000059,495,1617,-1122
104000060,690,1419,-729
104000061,1108,1589,-481
104000062,401,477,-76
104000064,671,457,214
104000065,141,449,-308
104000069,1976,827,1149
104000070,57,311,-254
104000071,243,555,-312
104000072,687,588,99
104000075,45,438,-393
104000076,496,28,468
104000082,1919,2735,-816
104000083,660,275,385
104000084,102,550,-448
104000085,234,252,-18
104000086,192,494,-302
104000087,349,1088,-739
104000090,551,1977,-1426
104000092,706,3400,-2694
104000094,777,2410,-1633
104000095,1422,1606,-184
104000096,1013,432,581
104000097,1277,1440,-163
104000098,1356,1790,-434
104000100,1125,796,329
104000101,854,3356,-2502
104000106,258,803,-545
104000107,523,655,-132
104000108,443,728,-285
104000109,234,87,147
104000110,928,1089,-161
104000111,6052,2064,3988
104000112,2581,655,1926
104000116,4,1829,-1825
104000117,92,1585,-1493
104000118,376,330,46
104000119,315,292,23
104000120,201,1406,-1205
104000121,198,823,-625
104000122,461,758,-297
104000123,1011,1500,-489
104000124,1135,3506,-2371
104000125,6304,3370,2934
104000126,268,490,-222
104000127,1609,4037,-2428
104000128,809,530,279
104000129,511,28,483
104000130,12,305,-293
104000131,1015,721,294
104000132,839,1056,-217
104000133,1080,1050,30
104000134,739,1735,-996
104000135,288,1467,-1179
104000136,667,3177,-2510
104000137,1358,340,1018
104000138,1350,503,847
104000139,9387,3416,5971
104000141,1176,2276,-1100
104000142,683,1227,-544
104000143,531,853,-322
104000144,69,232,-163
104000145,369,261,108
104000146,433,767,-334
104000147,102,473,-371
104000148,212,156,56
104000149,152,464,-312
104000150,615,579,36
104000151,366,710,-344
104000152,476,867,-391
104000153,439,482,-43
104000154,1159,841,318
104000155,384,452,-68
104000157,1091,2333,-1242
104000158,255,340,-85
104000159,470,383,87
104000160,1648,1752,-104
104000161,264,177,87
104000162,65,128,-63
104000165,1951,1324,627
104000167,494,709,-215
104000168,457,8,449
104000169,50,93,-43
104000170,645,492,153
104000248,277,1484,-1207
104000251,79,397,-318
104000272,0,0,0
104000273,0,0,0
104000274,0,0,0
104000275,0,0,0
104000279,4223,1632,2591
104000290,64,399,-335
104000291,589,1483,-894
104000293,769,852,-83
104000294,10,0,10
104000295,503,783,-280
104000296,330,922,-592
104000297,1121,1723,-602
104000298,1716,1101,615
104000299,729,1951,-1222
104000302,95,255,-160
104000303,132,194,-62
104900001,105,528,-423
104900002,18,115,-97
104900003,33,389,-356
104900004,47,344,-297
104900005,133,171,-38
104900006,109,91,18
104900007,213,326,-113
104900009,97,520,-423
104900010,31,19,12
104900011,8,3,5
104900012,132,14,118
104900013,76,13,63
104900014,3385,307,3078
104900015,107,5,102
104900016,136,384,-248
104900017,81,222,-141
104900018,1,265,-264
104900019,329,1497,-1168
104900020,61,332,-271
104900021,0,440,-440
104900022,12,137,-125
104900023,1,226,-225
104900024,20,147,-127
104900025,60,555,-495
104900026,4,196,-192
104900027,290,296,-6
104900028,16,114,-98
104900029,31,174,-143
104900030,377,170,207
104900031,152,186,-34
104900032,37,148,-111
104900033,92,245,-153
104900034,237,90,147
104900035,144,97,47
104900036,94,49,45
104900037,125,488,-363
104900038,643,398,245
104900039,1242,135,1107
104900040,185,66,119
104900041,147,173,-26
104900042,107,548,-441
104900043,10,73,-63
104900044,285,224,61
104900045,323,60,263
104900046,124,137,-13
104900047,173,116,57
104900048,157,85,72
104900049,21,2,19
104900050,138,80,58
104900051,196,35,161
104900052,18,0,18
104900053,274,62,212
104900054,63,37,26
104900055,65,1,64
104900056,181,8,173
104900057,13,0,13
104900058,331,148,183
104900059,19,23,-4
104900061,276,665,-389
104900063,28,214,-186
104900064,1,229,-228
104900065,0,146,-146
104900066,2,314,-312
104900067,5,215,-210
104900068,10,262,-252
104900070,126,336,-210
104900071,2,1076,-1074
104900072,39,206,-167
104900073,33,469,-436
104900074,41,307,-266
104900075,55,127,-72
104900076,57,498,-441
104900077,1749,83,1666
104900078,106,857,-751
104900079,129,200,-71
104900080,36,555,-519
104900082,18,362,-344
104900085,45,420,-375
104900089,55,0,55
104900091,347,982,-635
104900093,197,647,-450
104900097,4039,1484,2555
104900098,51,40,11
104900099,52,396,-344
104900100,972,207,765
104900102,26,379,-353
104900103,409,125,284
104900106,33,136,-103
104900107,68,440,-372
104900108,25,476,-451
104900109,66,179,-113
104900110,4,69,-65
104900111,139,106,33
104900112,175,1120,-945
104900113,508,523,-15
104900114,263,928,-665
104900115,460,786,-326
104900116,109,317,-208
104900118,16,92,-76
104900119,1,31,-30
104900120,209,150,59
104900121,0,162,-162
104900122,1,140,-139
104900123,20,4,16
104900124,24,0,24
104900125,258,2,256
104900126,64,75,-11
104900127,35,48,-13
104900128,23,32,-9
104900129,3180,1186,1994
105000001,2582,1970,612
105000002,2510,2037,473
105000003,3373,4297,-924
105000004,475,1314,-839
105000005,645,1337,-692
105000006,1061,1707,-646
105000007,1114,1563,-449
105000008,1089,2442,-1353
105000009,1300,3140,-1840
105000010,3496,3485,11
105000011,1847,2493,-646
105000012,3879,3807,72
105000013,675,1114,-439
105000014,1206,2166,-960
105000015,8926,6352,2574
105000016,4303,1837,2466
105000017,1826,1126,700
105000018,1506,968,538
105000019,1576,971,605
105000020,220,301,-81
105000021,363,181,182
105000022,137,25,112
105000023,385,239,146
105000028,97,210,-113
105000029,545,1149,-604
105000030,4480,4354,126
105000031,1,33,-32
105000033,888,2565,-1677
105000034,229,652,-423
105000037,650,797,-147
105000038,1245,1430,-185
105000039,2747,2030,717
105000040,527,869,-342
105000041,422,1485,-1063
105000042,1794,1277,517
105000043,1858,2324,-466
105000044,290,369,-79
105000045,289,950,-661
105000046,755,459,296
105000047,517,1646,-1129
105000048,460,243,217
105000049,300,998,-698
105000050,378,416,-38
105000051,264,817,-553
105000052,391,1201,-810
105000053,175,247,-72
105000054,285,1375,-1090
105000055,391,567,-176
105000056,892,3928,-3036
105000057,1171,1290,-119
105000058,1542,1925,-383
105000059,636,652,-16
105000060,717,1022,-305
105000061,443,592,-149
105000062,1134,1556,-422
105000063,399,1002,-603
105000064,1157,768,389
105000065,424,1501,-1077
105000066,1016,2797,-1781
105000067,907,667,240
105000068,810,1232,-422
105000069,4438,1023,3415
105000070,1099,806,293
105000071,391,626,-235
105000072,1390,1490,-100
105000073,823,619,204
105000074,819,1004,-185
105000075,574,884,-310
105000076,1530,1204,326
105000077,2107,843,1264
105000078,1432,1275,157
105000079,1805,1694,111
105000080,1635,955,680
105000081,1633,759,874
105000082,596,485,111
105000083,1077,679,398
105000084,658,1214,-556
105000085,1310,985,325
105000086,685,1123,-438
105000087,4058,2402,1656
105000088,1393,1773,-380
105000089,2950,2268,682
105000090,683,998,-315
105000091,1534,2063,-529
105000092,582,1254,-672
105000093,286,200,86
105000094,226,215,11
105000095,117,380,-263
105000096,1178,703,475
105000097,1308,885,423
105000098,752,527,225
105000099,991,1256,-265
105000100,808,1543,-735
105000101,1860,2709,-849
105000102,1095,2083,-988
105000103,1328,2771,-1443
105000104,1516,1445,71
105000105,916,2937,-2021
105000106,1014,2211,-1197
105000107,779,1427,-648
105000108,937,2811,-1874
105000109,1205,2262,-1057
105000110,742,1309,-567
105000111,704,741,-37
105000112,1047,1199,-152
105000113,365,729,-364
105000114,5521,1358,4163
105000115,338,894,-556
105000116,656,500,156
105000117,909,2002,-1093
105000118,252,442,-190
105000119,494,1839,-1345
105000120,575,736,-161
105000121,762,1850,-1088
105000122,318,611,-293
105000123,1242,2091,-849
105000124,1265,1429,-164
105000125,622,2712,-2090
105000126,1798,3418,-1620
105000127,2452,2389,63
105000128,556,2122,-1566
105000129,823,481,342
105000130,113,1368,-1255
105000131,768,421,347
105000132,664,504,160
105000133,348,1441,-1093
105000134,582,635,-53
105000135,464,848,-384
105000136,133,449,-316
105000137,303,239,64
105000138,203,435,-232
105000139,1016,1335,-319
105000140,240,608,-368
105000141,203,820,-617
105000142,121,695,-574
105000143,245,1032,-787
105000144,305,969,-664
105000145,464,672,-208
105000146,765,1101,-336
105000147,578,523,55
105000148,970,1092,-122
105000149,1754,2640,-886
105000150,2230,1978,252
105000151,485,445,40
105000152,228,941,-713
105000153,642,636,6
105000154,656,1631,-975
105000155,313,689,-376
105000156,993,1368,-375
105000157,941,3461,-2520
105000158,1938,1027,911
105000159,296,2151,-1855
105000160,1481,740,741
105000161,830,2765,-1935
105000162,754,1699,-945
105000163,2375,1602,773
105000164,218,425,-207
105000165,2436,4733,-2297
105000166,10570,433,10137
105000167,4476,1346,3130
105000168,203,1351,-1148
105000169,285,510,-225
105000170,111,1601,-1490
105000171,1132,523,609
105000172,71,97,-26
105000173,73,43,30
105000174,32,38,-6
105000175,39,181,-142
105000176,125,75,50
105000177,246,164,82
105000178,94,1260,-1166
105000179,228,139,89
105000180,82,113,-31
105000181,52,821,-769
105000182,50,50,0
105000183,3409,2100,1309
105000184,1100,902,198
105000185,805,799,6
105000186,388,1150,-762
105000187,624,237,387
105000188,224,112,112
105000189,194,600,-406
105000190,218,344,-126
105000191,390,502,-112
105000192,159,75,84
105000193,64,154,-90
105000194,317,81,236
105000195,241,1161,-920
105000196,52,120,-68
105000197,214,797,-583
105000198,636,281,355
105000199,401,379,22
105000200,73,205,-132
105000201,78,24,54
105000203,10,424,-414
105000204,82,85,-3
105000205,75,363,-288
105000207,524,224,300
105000208,223,468,-245
105000209,194,310,-116
105000211,99,27,72
105000212,961,2181,-1220
105000213,129,173,-44
105000214,37,292,-255
105000215,161,405,-244
105000216,92,347,-255
105000217,105,300,-195
105000218,673,1521,-848
105000221,253,387,-134
105000222,168,68,100
105000223,92,229,-137
105000226,54,565,-511
105000227,20,267,-247
105000228,534,926,-392
105000229,74,271,-197
105000231,242,400,-158
105000233,567,630,-63
105000234,492,1579,-1087
105000235,313,622,-309
105000237,778,92,686
105000243,25,60,-35
105000248,46,46,0
105000262,202,2455,-2253
105000269,80,216,-136
105000270,292,121,171
105000271,2,505,-503
105000282,241,60,181
105000287,262,192,70
105000288,321,611,-290
105000289,1645,888,757
105000290,3,1,2
105000402,5402,1830,3572
105000426,318,513,-195
105000438,1298,622,676
105000440,20,48,-28
105000446,16747,5342,11405
105000447,8824,2994,5830
105000454,260,1182,-922
105000455,269,254,15
105000474,16,2,14
105000477,265,460,-195
105000478,1471,2386,-915
105000479,125,131,-6
105000480,2542,2035,507
105000481,2486,2245,241
105000482,4837,3048,1789
105000483,1260,1308,-48
105000484,2523,2970,-447
105000485,1056,1546,-490
105000486,3404,2627,777
105000488,4013,2973,1040
105000489,710,932,-222
105000549,31,195,-164
105000550,478,1719,-1241
105000551,20,118,-98
105000552,4403,2261,2142
105000555,1190,731,459
105000556,42,47,-5
105000557,31,454,-423
105900001,12,1155,-1143
105900002,2170,516,1654
105900003,6,101,-95
105900004,194,135,59
105900005,5,300,-295
105900006,2,30,-28
105900007,28,10,18
105900008,57,1056,-999
105900009,7,2,5
105900011,85,41,44
105900012,209,160,49
105900013,0,13,-13
105900014,2,114,-112
105900015,118,416,-298
105900016,233,832,-599
105900017,700,53,647
105900018,196,411,-215
105900019,58,416,-358
105900020,27,85,-58
105900021,34,295,-261
105900022,162,412,-250
105900023,4,171,-167
105900024,7,164,-157
105900025,58,56,2
105900026,275,44,231
105900027,4740,2720,2020
105900028,160,193,-33
105900029,2047,299,1748
105900030,165,252,-87
105900031,538,185,353
105900032,61,175,-114
105900033,52,95,-43
105900034,90,247,-157
105900035,143,191,-48
105900036,69,209,-140
105900037,58,76,-18
105900038,156,419,-263
105900039,63,265,-202
105900040,66,66,0
105900041,186,636,-450
105900042,38,106,-68
105900043,2337,45,2292
105900044,5,152,-147
105900045,5,537,-532
105900046,1,165,-164
105900047,3,39,-36
105900048,54,572,-518
105900050,1669,675,994
105900051,3,1444,-1441
105900052,225,36,189
105900053,4608,1464,3144
105900054,329,344,-15
105900056,804,246,558
105900057,8,114,-106
105900058,9,49,-40
105900059,0,36,-36
106000001,3891,1922,1969
106000002,3214,5782,-2568
106000003,3318,3244,74
106000004,3082,3319,-237
106000005,2449,5733,-3284
106000006,6026,5967,59
106000007,387,535,-148
106000008,366,342,24
106000009,445,286,159
106000010,473,630,-157
106000011,613,981,-368
106000012,751,1806,-1055
106000013,1575,1864,-289
106000014,1861,1949,-88
106000015,1083,1077,6
106000016,1131,3031,-1900
106000017,767,739,28
106000018,605,744,-139
106000019,293,528,-235
106000020,278,609,-331
106000021,315,629,-314
106000022,331,369,-38
106000023,636,577,59
106000024,640,1123,-483
106000025,130,302,-172
106000026,151,460,-309
106000027,1039,1707,-668
106000028,595,825,-230
106000029,986,1668,-682
106000030,988,396,592
106000034,196,799,-603
106000035,1141,1313,-172
106000036,483,471,12
106000037,2059,2122,-63
106000038,447,99,348
106000039,140,63,77
106000040,166,1061,-895
106000041,892,321,571
106000043,765,107,658
106000046,433,50,383
106000047,76,444,-368
106000049,614,174,440
106000050,300,1238,-938
106000051,497,490,7
106000052,117,747,-630
106000053,224,100,124
106000054,421,599,-178
106000055,748,1326,-578
106000056,308,663,-355
106000057,237,317,-80
106000058,187,245,-58
106000059,275,347,-72
106000060,588,761,-173
106000061,216,537,-321
106000062,167,731,-564
106000063,658,688,-30
106000064,53,498,-445
106000065,357,277,80
106000066,150,526,-376
106000067,266,108,158
106000068,102,893,-791
106000069,157,120,37
106000070,447,992,-545
106000071,882,499,383
106000072,6776,2032,4744
106000073,2355,2696,-341
106000074,422,1002,-580
106000075,362,1407,-1045
106000076,1877,1996,-119
106000077,4023,1770,2253
106000078,853,1378,-525
106000079,565,1272,-707
106000080,1246,1103,143
106000081,660,1313,-653
106000082,2477,1195,1282
106000083,421,1535,-1114
106000084,1049,885,164
106000085,1936,1381,555
106000086,619,866,-247
106000087,953,787,166
106000088,403,877,-474
106000089,989,669,320
106000090,238,685,-447
106000091,312,1074,-762
106000092,726,301,425
106000093,371,93,278
106000094,95,639,-544
106000095,647,1939,-1292
106000096,1029,904,125
106000097,773,1868,-1095
106000098,653,1263,-610
106000099,199,1304,-1105
106000100,812,335,477
106000101,1074,458,616
106000102,241,788,-547
106000103,329,900,-571
106000104,788,529,259
106000105,499,1275,-776
106000106,552,568,-16
106000107,135,728,-593
106000108,304,452,-148
106000109,107,665,-558
106000110,148,364,-216
106000111,169,987,-818
106000112,175,514,-339
106000113,1669,856,813
106000114,517,481,36
106000115,253,707,-454
106000116,197,352,-155
106000117,963,1172,-209
106000118,1091,1204,-113
106000119,3459,1453,2006
106000120,568,917,-349
106000121,194,269,-75
106000122,133,523,-390
106000123,237,467,-230
106000124,39,501,-462
106000125,57,523,-466
106000126,192,332,-140
106000127,735,1129,-394
106000128,816,542,274
106000129,600,943,-343
106000130,687,725,-38
106000131,160,1087,-927
106000132,1239,224,1015
106000133,5771,1423,4348
106000134,1283,1438,-155
106000135,346,1444,-1098
106000136,770,858,-88
106000137,112,2493,-2381
106000138,964,94,870
106000139,82,186,-104
106000140,47,173,-126
106000141,74,133,-59
106000142,60,88,-28
106000143,37,126,-89
106000144,45,115,-70
106000145,213,442,-229
106000146,318,278,40
106000147,649,1687,-1038
106000148,824,1651,-827
106000149,541,1392,-851
106000150,542,2416,-1874
106000151,8059,1056,7003
106000152,1658,1694,-36
106000153,145,2095,-1950
106000154,2041,374,1667
106000155,73,341,-268
106000156,510,343,167
106000157,636,2261,-1625
106000158,4444,807,3637
106000159,6501,1530,4971
106000160,321,1809,-1488
106000161,1736,751,985
106000162,166,717,-551
106000163,250,848,-598
106000164,253,359,-106
106000165,191,1085,-894
106000166,631,240,391
106000167,335,2057,-1722
106000168,261,276,-15
106000169,155,1013,-858
106000170,311,319,-8
106000171,77,1275,-1198
106000172,2019,1169,850
106000173,772,4063,-3291
106000174,824,313,511
106000175,306,1440,-1134
106000176,988,952,36
106000177,673,3212,-2539
106000178,2342,2330,12
106000179,991,2689,-1698
106000180,621,2414,-1793
106000181,429,2644,-2215
106000182,602,1029,-427
106000183,667,1557,-890
106000184,594,1525,-931
106000185,501,1044,-543
106000186,908,169,739
106000187,196,826,-630
106000188,0,0,0
106000189,3,63,-60
106000190,5,2,3
106000191,639,220,419
106000192,0,10,-10
106000193,354,162,192
106000194,150,358,-208
106000195,244,86,158
106000196,71,371,-300
106000197,282,519,-237
106000198,115,296,-181
106000199,1009,396,613
106000200,686,151,535
106000201,559,1527,-968
106000202,10061,688,9373
106000203,295,292,3
106000204,56,5,51
106000205,29,204,-175
106000206,67,36,31
106000207,50,1156,-1106
106000208,782,121,661
106000209,929,383,546
106000210,215,2062,-1847
106000211,378,1970,-1592
106000212,609,227,382
106000213,684,1690,-1006
106000214,2792,511,2281
106000215,306,729,-423
106000216,398,398,0
106000217,362,628,-266
106000218,682,452,230
106000219,171,407,-236
106000220,433,332,101
106000221,119,397,-278
106000222,41,217,-176
106000223,99,154,-55
106000224,181,363,-182
106000225,78,63,15
106000226,166,435,-269
106000228,56,222,-166
106000229,108,1024,-916
106000231,898,205,693
106000232,69,611,-542
106000233,255,211,44
106000234,42,273,-231
106000235,251,89,162
106000236,149,68,81
106000237,1,15,-14
106000238,28,8,20
106000239,1,175,-174
106000240,14,2,12
106000241,11,1052,-1041
106000242,214,34,180
106000249,92,84,8
106000250,52,398,-346
106000251,28,36,-8
106000252,20,161,-141
106000253,38,58,-20
106000254,29,59,-30
106000255,23,90,-67
106000256,72,107,-35
106000257,118,340,-222
106000258,142,25,117
106000259,8,40,-32
106000260,32,4,28
106000261,2,54,-52
106000262,52,20,32
106000263,6,85,-79
106000264,171,20,151
106000265,5,156,-151
106000266,92,27,65
106000267,4,120,-116
106000268,622,40,582
106000269,87,77,10
106000270,216,440,-224
106000271,59,210,-151
106000272,97,66,31
106000273,7,248,-241
106000274,196,36,160
106000275,202,206,-4
106000276,119,66,53
106000277,186,207,-21
106000278,196,36,160
106000279,14,94,-80
106000280,38,287,-249
106000281,98,143,-45
106000282,79,76,3
106000283,109,165,-56
106000284,55,145,-90
106000285,122,249,-127
106000286,109,186,-77
106000287,87,162,-75
106000288,120,200,-80
106000289,86,159,-73
106000290,80,110,-30
106000291,85,173,-88
106000292,88,191,-103
106000293,99,106,-7
106000294,155,185,-30
106000295,47,63,-16
106000296,62,154,-92
106000297,67,288,-221
106000298,154,86,68
106000299,90,211,-121
106000300,32,144,-112
106000301,43,126,-83
106000303,35,98,-63
106000304,34,75,-41
106000305,20,63,-43
106000306,54,128,-74
106000307,29,34,-5
106000308,24,271,-247
106000309,17,89,-72
106000310,207,793,-586
106000311,271,146,125
106000312,68,331,-263
106000313,183,251,-68
106000318,192,209,-17
106000319,711,186,525
106000320,0,32,-32
106000321,332,84,248
106000322,94,284,-190
106000324,6,205,-199
106000325,1155,839,316
106000326,1074,2334,-1260
106000327,104,216,-112
106000328,9,132,-123
106000329,32,382,-350
106000330,22,58,-36
106000428,46,235,-189
106000429,118,871,-753
106000430,526,2176,-1650
106000431,1705,404,1301
106000432,2257,3997,-1740
106000433,1740,1135,605
106000434,3074,1167,1907
106000435,2495,3653,-1158
106000436,14,525,-511
106000437,187,21,166
106000438,137,75,62
106000439,28,574,-546
106000440,275,665,-390
106000441,2,0,2
106000442,224,7,217
106000443,126,742,-616
106000450,7,342,-335
106000451,41,27,14
106000454,13,126,-113
106000455,41,235,-194
106000456,218,33,185
106000457,5,1586,-1581
106000458,254,388,-134
106000459,79,619,-540
106000460,580,75,505
106000461,80,2732,-2652
106000462,1,33,-32
106000463,4,68,-64
106000464,10,905,-895
106000465,291,1,290
106000466,2,993,-991
106000467,807,788,19
106000468,46,326,-280
106000469,542,9,533
106000470,295,1571,-1276
106000471,47,888,-841
106000472,133,10,123
106000473,44,54,-10
106000474,422,1221,-799
106000475,341,303,38
106000476,226,240,-14
106000477,34,242,-208
106000480,0,140,-140
106900001,0,36,-36
106900002,1,846,-845
106900003,263,1356,-1093
106900004,1,117,-116
106900006,1,55,-54
106900007,0,49,-49
106900008,171,457,-286
106900009,256,791,-535
106900010,276,493,-217
106900012,3144,1937,1207
106900013,617,50,567
106900014,24,1,23
106900015,15,2,13
106900016,128,1,127
106900017,5,0,5
106900018,1,0,1
106900019,28,0,28
106900020,3897,1297,2600
106900021,27,83,-56
106900022,214,1,213
106900023,88,407,-319
106900024,302,11,291
106900025,52,827,-775
106900026,2,1170,-1168
106900027,649,8,641
107000001,2946,2136,810
107000002,3677,4273,-596
107000003,3823,5090,-1267
107000004,4815,6475,-1660
107000005,2168,4317,-2149
107000006,3770,7775,-4005
107000007,4005,7887,-3882
107000008,16253,12270,3983
107000009,4189,5147,-958
107000010,9968,12167,-2199
107000011,1282,1512,-230
107000012,5089,4574,515
107000013,57,198,-141
107000014,19,408,-389
107000015,472,1097,-625
107000016,481,1568,-1087
107000017,2380,959,1421
107000018,13,279,-266
107000020,1201,463,738
107000021,840,895,-55
107000022,605,1448,-843
107000023,1547,425,1122
107000024,391,2118,-1727
107000025,181,474,-293
107000026,167,820,-653
107000027,901,1100,-199
107000028,1121,2378,-1257
107000029,1829,2114,-285
107000030,3532,4272,-740
107000031,2635,1943,692
107000032,330,1060,-730
107000033,4096,4337,-241
107000034,6178,2505,3673
107000035,415,219,196
107000036,453,1315,-862
107000037,52,681,-629
107000038,249,237,12
107000039,660,650,10
107000040,165,367,-202
107000041,1661,789,872
107000042,788,1911,-1123
107000043,3729,1057,2672
107000044,765,361,404
107000045,188,349,-161
107000046,648,493,155
107000047,584,1155,-571
107000048,785,382,403
107000049,691,933,-242
107000050,1165,664,501
107000051,868,422,446
107000052,1262,1012,250
107000053,413,192,221
107000054,68,334,-266
107000055,476,209,267
107000056,640,954,-314
107000057,3110,293,2817
107000058,1894,2308,-414
107000059,2601,4033,-1432
107000060,3116,5400,-2284
107000061,5774,5267,507
107000062,2861,3078,-217
107000063,4578,8137,-3559
107000064,3318,1929,1389
107000065,4125,7278,-3153
107000066,1372,1982,-610
107000067,662,1027,-365
107000068,1290,561,729
107000069,775,405,370
107000070,471,4,467
107000071,1817,33,1784
107000072,75,4828,-4753
107000073,368,209,159
107000074,151,1107,-956
107000075,1016,467,549
107000076,1055,1962,-907
107000077,2251,1005,1246
107000078,1948,3701,-1753
107000079,1691,644,1047
107000080,1349,3653,-2304
107000081,834,595,239
107000082,613,3167,-2554
107000083,857,324,533
107000084,509,3030,-2521
107000085,2543,3184,-641
107000086,3460,3533,-73
107000087,2302,1857,445
107000088,2446,4029,-1583
107000089,1320,1707,-387
107000090,1143,1341,-198
107000091,1060,878,182
107000092,758,1410,-652
107000093,953,804,149
107000094,918,1754,-836
107000095,466,773,-307
107000096,594,1350,-756
107000097,536,369,167
107000098,528,1498,-970
107000099,476,277,199
107000100,395,447,-52
107000101,53,215,-162
107000102,473,485,-12
107000103,420,216,204
107000104,366,614,-248
107000105,406,166,240
107000106,197,481,-284
107000107,513,269,244
107000108,186,1149,-963
107000109,379,158,221
107000110,71,1012,-941
107000111,196,40,156
107000112,38,678,-640
107000113,539,91,448
107000114,127,1384,-1257
107000115,489,104,385
107000116,115,1415,-1300
107000117,143,361,-218
107000118,216,446,-230
107000119,2587,1447,1140
107000120,4421,369,4052
107000121,564,1027,-463
107000122,1222,1044,178
107000123,352,1154,-802
107000124,548,1169,-621
107000125,559,1235,-676
107000126,737,1298,-561
107000129,197,1677,-1480
107000130,418,222,196
107000131,507,1026,-519
107000132,498,295,203
107000133,386,142,244
107000134,163,1,162
107000135,4,252,-248
107000136,497,9,488
107000137,16,583,-567
107000138,264,11,253
107000139,16,444,-428
107000140,873,32,841
107000141,169,1010,-841
107000142,264,43,221
107000143,33,1069,-1036
107000144,240,269,-29
107000145,187,648,-461
107000146,133,195,-62
107000147,5060,1244,3816
107000150,949,1946,-997
107000151,45,76,-31
107000152,781,700,81
107000153,781,485,296
107000154,267,158,109
107000155,578,25,553
107000156,841,31,810
107000157,25,2727,-2702
107000158,384,24,360
107000159,61,2201,-2140
107000160,552,78,474
107000161,91,2760,-2669
107000162,197,283,-86
107000163,23,0,23
107000164,217,1,216
107000165,446,3,443
107000166,64,1990,-1926
107000167,441,374,67
107000168,678,354,324
107000169,1243,959,284
107000170,933,517,416
107000171,403,3248,-2845
107000172,661,873,-212
107000173,763,1516,-753
107000174,689,3222,-2533
107000175,11396,1846,9550
107000176,2,0,2
107000177,1,2,-1
107000178,5,47,-42
107000179,193,4084,-3891
107000180,979,447,532
107000181,490,2032,-1542
107000182,1345,1195,150
107000183,144,1130,-986
107000184,916,1055,-139
107000185,479,1480,-1001
107000186,973,384,589
107000187,1059,1677,-618
107000188,360,594,-234
107000189,304,1239,-935
107000190,483,1159,-676
107000191,665,1601,-936
107000192,1340,1493,-153
107000193,336,435,-99
107000194,1112,1093,19
107000197,845,243,602
107000198,392,998,-606
107000199,497,703,-206
107000200,1371,581,790
107000201,332,204,128
107000202,234,394,-160
107000203,694,424,270
107000204,928,444,484
107000205,2104,1057,1047
107000206,787,864,-77
107000207,806,1190,-384
107000208,1128,407,721
107000209,2053,982,1071
107000210,1004,437,567
107000211,4,37,-33
107000212,8,362,-354
107000213,8,31,-23
107000214,15,164,-149
107000215,208,470,-262
107000216,169,569,-400
107000217,74,154,-80
107000219,61,93,-32
107000220,83,310,-227
107000222,259,804,-545
107000224,185,55,130
107000225,146,783,-637
107000226,151,75,76
107000227,69,510,-441
107000228,109,177,-68
107000229,535,132,403
107000230,1253,666,587
107000231,1732,657,1075
107000232,120,152,-32
107000233,1308,616,692
107000234,1,20,-19
107000235,62,3,59
107000236,17,384,-367
107000237,7,0,7
107000238,18,1,17
107000239,7051,607,6444
107000240,81,1732,-1651
107000243,0,98,-98
107000244,11,73,-62
107000246,4,1352,-1348
107000249,4,1415,-1411
107000251,2,381,-379
107000252,6,1762,-1756
107000255,1077,62,1015
107000257,5,872,-867
107000258,0,271,-271
107000259,1,314,-313
107000260,360,1,359
107000262,10,1174,-1164
107000263,205,1,204
107000266,8,4,4
107000267,92,277,-185
107000268,166,208,-42
107000269,323,17,306
107000270,0,7,-7
107000271,10,1393,-1383
107000272,10,256,-246
107000273,4,252,-248
107000274,674,15,659
107000275,506,1128,-622
107000280,408,26,382
107000281,26,1687,-1661
107000282,30,1552,-1522
107000290,3,30,-27
107000291,16,9,7
107000292,0,53,-53
107000293,47,13,34
107000294,0,28,-28
107000295,14,3,11
107000296,0,9,-9
107000444,251,13,238
107000496,1,19,-18
107000497,1389,3793,-2404
107000500,315,423,-108
107000501,117,319,-202
107000502,259,573,-314
107000505,1177,973,204
107000506,0,11,-11
107000508,5,889,-884
107000509,176,481,-305
107000510,9,15,-6
107000514,27,273,-246
107000515,22,364,-342
107000516,256,249,7
107000518,870,735,135
107000519,5807,1313,4494
107000520,64,24,40
107000521,578,678,-100
107000522,592,1413,-821
107900001,48,314,-266
107900002,40,3,37
107900003,59,38,21
107900004,1,1,0
107900005,522,0,522
107900006,49,0,49
107900007,189,20,169
107900008,34,56,-22
107900009,99,4,95
107900010,12,2,10
107900012,399,21,378
107900013,329,89,240
107900014,9,4,5
107900015,439,1,438
107900016,311,75,236
107900017,1,0,1
107900018,67,66,1
107900019,9,109,-100
107900020,33,8,25
107900021,39,212,-173
107900023,2,0,2
107900024,2,30,-28
107900025,129,261,-132
107900026,19,147,-128
107900027,80,62,18
107900028,24,114,-90
107900030,221,19,202
107900031,43,439,-396
107900032,2,9,-7
107900033,6,3,3
107900034,271,11,260
107900035,400,8,392
107900036,11,2,9
107900037,2,52,-50
107900038,158,99,59
107900039,11,97,-86
107900040,31,33,-2
107900041,0,0,0
107900043,58,368,-310
107900044,2,6,-4
107900045,47,18,29
107900046,83,101,-18
107900047,14,119,-105
107900048,115,5,110
107900049,359,638,-279
107900050,110,429,-319
107900051,51,132,-81
107900052,5,5,0
107900053,23,112,-89
107900055,524,230,294
107900056,77,20,57
107900057,0,0,0
107900058,21,1060,-1039
107900060,10,33,-23
107900061,11,6,5
107900063,72,127,-55
107900064,299,61,238
107900065,112,9,103
107900066,1,7,-6
107900067,0,0,0
107900068,123,218,-95
107900069,32,851,-819
107900070,53,11,42
107900071,23,1157,-1134
107900072,31,273,-242
107900073,34,177,-143
107900074,1219,178,1041
107900076,258,70,188
107900077,24,0,24
107900079,7,20,-13
107900080,109,169,-60
107900081,10,95,-85
107900082,10,21,-11
107900083,300,150,150
107900084,185,156,29
107900086,60,108,-48
107900087,391,93,298
107900088,15,4,11
107900089,236,781,-545
107900090,495,1116,-621
107900091,215,612,-397
107900093,48,74,-26
107900095,3189,1307,1882
107900097,22,82,-60
107900098,44,149,-105
107900100,1126,870,256
107900101,1296,192,1104
107900102,31,3,28
107900103,31,137,-106
107900104,177,3,174
107900105,0,862,-862
107900106,4,1849,-1845
107900107,1176,245,931
107900108,431,111,320
107900109,546,4,542
107900110,14,205,-191
107900111,21,1607,-1586
107900112,205,469,-264
107900113,109,167,-58
107900114,82,264,-182
107900115,3,61,-58
107900116,41,374,-333
107900117,270,629,-359
107900118,57,169,-112
107900119,37,99,-62
107900120,21,18,3
107900121,10,141,-131
107900122,0,49,-49
107900123,0,21,-21
107900124,29,38,-9
107900125,29,207,-178
107900126,2,36,-34
107900127,399,137,262
107900128,108,79,29
107900129,27,55,-28
107900130,37,29,8
107900131,552,115,437
107900132,106,562,-456
107900133,2,85,-83
107900134,28,10,18
107900135,2,218,-216
107900136,32,63,-31
107900137,87,110,-23
107900138,30,41,-11
107900139,21,42,-21
107900141,35,52,-17
107900142,51,1487,-1436
107900143,19,29,-10
107900144,0,219,-219
107900145,11,131,-120
107900146,27,161,-134
107900147,54,20,34
107900148,166,198,-32
107900149,2140,181,1959
107900150,90,1283,-1193
107900151,9,133,-124
107900152,27,294,-267
107900153,154,238,-84
107900154,33,11,22
107900155,56,33,23
107900156,3,430,-427
107900157,31,94,-63
107900158,387,15,372
107900159,18,1453,-1435
107900160,50,207,-157
107900161,23,419,-396
107900162,2,28,-26
107900163,43,25,18
107900164,1,36,-35
107900165,13,63,-50
107900166,10,408,-398
107900167,5,8,-3
107900168,21,44,-23
107900169,33,150,-117
107900171,11,3030,-3019
107900172,1,440,-439
107900173,6,265,-259
107900174,67,3,64
107900175,28,6,22
107900176,14,71,-57
107900177,0,28,-28
107900178,0,326,-326
107900179,5,176,-171
107900180,1335,234,1101
107900181,285,716,-431
107900182,225,2514,-2289
107900183,9,522,-513
107900184,42,248,-206
107900185,77,11,66
107900186,13,23,-10
107900187,1,152,-151
107900188,1093,106,987
107900189,10,140,-130
107900190,82,50,32
107900191,80,206,-126
107900193,81,68,13
107900194,71,5,66
107900195,5417,515,4902
107900196,25,73,-48
107900197,744,224,520
107900199,3,1310,-1307
107900201,98,176,-78
107900203,52,72,-20
107900204,282,271,11
107900206,417,125,292
107900207,4,851,-847
107900208,14,1000,-986
107900209,424,124,300
107900210,75,186,-111
107900213,414,437,-23
107900214,5,222,-217
107900215,166,280,-114
107900216,75,66,9
107900217,15,44,-29
107900218,11,2095,-2084
107900219,40,200,-160
107900220,159,144,15
107900221,213,274,-61
107900223,53,788,-735
107900224,212,309,-97
107900225,5,1067,-1062
107900226,71,106,-35
107900227,144,493,-349
107900228,14,108,-94
107900229,3,436,-433
107900230,20,205,-185
107900231,2,292,-290
107900232,66,332,-266
107900233,5,132,-127
107900234,101,219,-118
107900235,28,89,-61
107900236,60,105,-45
107900237,117,575,-458
107900238,10,113,-103
107900239,2004,401,1603
107900240,5,206,-201
107900241,9,92,-83
107900242,23,632,-609
107900243,1,39,-38
107900244,313,3,310
107900245,306,37,269
107900246,48,1,47
107900248,186,419,-233
107900249,296,8,288
107900250,2,705,-703
107900251,78,1784,-1706
107900252,487,5,482
107900253,76,2,74
107900254,62,228,-166
107900255,315,36,279
107900256,767,529,238
107900257,76,43,33
107900258,64,298,-234
107900259,104,1038,-934
107900261,1,417,-416
107900262,55,186,-131
107900264,142,0,142
107900265,116,301,-185
107900267,121,22,99
107900268,62,4,58
107900269,0,8,-8
107900270,0,0,0
107900271,5,10,-5
107900272,156,6,150
107900273,11,107,-96
107900274,22,0,22
107900275,1,1,0
107900276,2,71,-69
107900277,0,227,-227
107900278,207,307,-100
107900279,155,115,40
107900280,2032,1598,434
107900281,4896,1285,3611
107900282,111,201,-90
107900283,1582,432,1150
107900284,121,638,-517
107900285,42,229,-187
107900286,73,92,-19
107900287,121,224,-103
107900290,0,93,-93
107900291,462,16,446
107900292,106,370,-264
107900293,50,763,-713
107900295,77,173,-96
107900297,0,321,-321
107900298,860,1227,-367
107900299,5140,2579,2561
107900301,391,434,-43
107900302,107,23,84
107900303,74,445,-371
107900304,150,708,-558
107900305,152,15,137
107900306,21,6,15
107900307,35,471,-436
107900308,230,54,176
107900309,44,0,44
107900310,48,0,48
107900311,200,94,106
107900312,12,0,12
107900313,0,62,-62
107900314,0,45,-45
107900315,0,57,-57
107900316,56,1,55
107900317,65,6,59
107900318,3,138,-135
107900319,0,351,-351
107900320,1,217,-216
107900321,82,2,80
107900322,4,270,-266
107900323,13,166,-153
107900324,150,1,149
107900325,84,1,83
107900326,113,499,-386
107900327,1,2,-1
107900328,3,0,3
107900329,1,2,-1
107900330,6,758,-752
107900331,101,40,61
107900332,102,40,62
107900333,33,6,27
107900334,13,440,-427
107900335,42,106,-64
107900336,9,48,-39
107900337,1866,489,1377
107900338,1,134,-133
107900339,1,14,-13
107900340,0,88,-88
107900341,20,0,20
107900342,148,215,-67
107900343,31,0,31
107900344,7,199,-192
107900345,105,19,86
107900346,20,0,20
107900347,11,2,9
107900348,1,0,1
107900349,48,5,43
107900350,69,308,-239
107900351,5,332,-327
107900352,28,130,-102
107900353,9,8,1
107900354,11,116,-105
108000001,2246,3698,-1452
108000002,2409,3958,-1549
108000003,2426,2156,270
108000004,18259,17757,502
108000005,5506,3690,1816
108000006,7046,7655,-609
108000007,4067,3504,563
108000008,5830,6737,-907
108000009,3223,3465,-242
108000010,3106,5877,-2771
108000011,9662,9610,52
108000012,20767,18372,2395
108000014,849,700,149
108000015,643,363,280
108000016,207,747,-540
108000017,679,398,281
108000018,1156,503,653
108000019,1371,702,669
108000020,1197,471,726
108000021,509,2061,-1552
108000022,543,1625,-1082
108000023,1018,158,860
108000024,186,940,-754
108000025,214,278,-64
108000026,443,895,-452
108000027,510,834,-324
108000028,339,290,49
108000029,277,1349,-1072
108000030,398,235,163
108000031,166,619,-453
108000032,1080,568,512
108000033,606,1588,-982
108000034,1080,473,607
108000035,985,2965,-1980
108000036,365,1978,-1613
108000037,1514,400,1114
108000038,1917,382,1535
108000039,500,3633,-3133
108000040,1283,770,513
108000041,637,3321,-2684
108000042,185,285,-100
108000043,151,380,-229
108000044,210,213,-3
108000045,209,926,-717
108000046,898,303,595
108000047,447,1391,-944
108000048,143,537,-394
108000049,407,293,114
108000050,185,885,-700
108000051,216,84,132
108000052,423,886,-463
108000053,316,101,215
108000054,571,1244,-673
108000055,1047,360,687
108000056,1160,1376,-216
108000057,565,802,-237
108000058,2005,2668,-663
108000059,4442,2531,1911
108000060,169,608,-439
108000061,379,670,-291
108000062,510,469,41
108000063,327,776,-449
108000064,176,247,-71
108000065,438,777,-339
108000066,1919,892,1027
108000067,1367,471,896
108000068,595,387,208
108000069,267,1398,-1131
108000070,1441,651,790
108000071,601,2094,-1493
108000072,1148,879,269
108000073,1621,2169,-548
108000074,261,389,-128
108000075,438,906,-468
108000076,719,518,201
108000077,795,826,-31
108000078,1581,1601,-20
108000079,976,2266,-1290
108000080,717,637,80
108000081,380,3239,-2859
108000082,1080,2329,-1249
108000083,1468,869,599
108000084,389,1615,-1226
108000085,529,440,89
108000086,904,959,-55
108000087,154,1504,-1350
108000088,519,229,290
108000089,261,313,-52
108000091,94,811,-717
108000092,78,137,-59
108000093,114,1321,-1207
108000094,595,143,452
108000095,182,768,-586
108000096,158,196,-38
108000097,160,943,-783
108000098,796,1721,-925
108000099,878,320,558
108000100,65,482,-417
108000101,637,1275,-638
108000102,1331,2679,-1348
108000106,651,2,649
108000107,3,942,-939
108000108,519,40,479
108000109,10,1013,-1003
108000110,224,292,-68
108000111,151,1080,-929
108000112,52,128,-76
108000113,584,379,205
108000115,515,641,-126
108000117,703,391,312
108000118,463,1056,-593
108000119,774,589,185
108000120,81,707,-626
108000121,172,793,-621
108000122,303,388,-85
108000123,364,390,-26
108000124,168,723,-555
108000125,225,503,-278
108000126,102,835,-733
108000127,238,453,-215
108000128,447,837,-390
108000129,229,1789,-1560
108000130,252,319,-67
108000131,568,315,253
108000132,1878,1717,161
108000133,607,474,133
108000134,746,755,-9
108000135,862,283,579
108000136,1190,1213,-23
108000137,226,442,-216
108000138,318,1392,-1074
108000139,187,439,-252
108000140,36,17,19
108000141,18,237,-219
108000142,28,239,-211
108000143,62,1104,-1042
108000144,210,112,98
108000145,17,81,-64
108000146,345,49,296
108000147,18,124,-106
108000148,224,60,164
108000149,52,71,-19
108000150,15,2,13
108000151,265,92,173
108000152,105,932,-827
108000153,261,124,137
108000154,70,49,21
108000155,35,9,26
108000156,950,694,256
108000157,190,545,-355
108000158,80,559,-479
108000159,943,177,766
108000160,6965,855,6110
108000161,5712,1402,4310
108000165,2,90,-88
108000172,6,250,-244
108000173,3717,1565,2152
108000175,291,138,153
108000178,426,432,-6
108000179,257,629,-372
108000181,89,34,55
108000182,365,98,267
108000183,38,585,-547
108000184,1482,1731,-249
108000185,111,695,-584
108000186,201,899,-698
108000187,64,1079,-1015
108000188,313,292,21
108000189,3122,4041,-919
108000190,27,120,-93
108000192,114,858,-744
108000193,1078,33,1045
108000194,47,45,2
108000195,3,1644,-1641
108000196,99,130,-31
108000198,602,507,95
108000199,0,131,-131
108000200,146,989,-843
108000203,82,1245,-1163
108000204,87,42,45
108000205,360,827,-467
108000339,1591,351,1240
108000364,416,875,-459
108000365,52,488,-436
108000367,153,429,-276
108000368,10,46,-36
108000369,1758,131,1627
108000371,5,791,-786
108000372,496,7,489
108000373,97,198,-101
108000376,46,16,30
108000377,282,535,-253
108000378,8070,9678,-1608
108000379,36,199,-163
108000381,58,12,46
108000382,164,1,163
108000383,0,179,-179
108900001,127,1762,-1635
108900002,174,60,114
108900003,330,1395,-1065
108900004,651,255,396
108900007,97,140,-43
108900008,49,133,-84
108900009,51,140,-89
108900010,92,138,-46
108900011,286,455,-169
108900012,219,593,-374
108900013,98,310,-212
108900014,5,102,-97
108900015,0,7,-7
108900016,0,255,-255
108900017,120,155,-35
108900018,93,649,-556
108900019,11,1804,-1793
108900020,45,363,-318
108900021,69,317,-248
108900022,54,3,51
108900023,3,21,-18
108900024,10,208,-198
108900025,35,182,-147
108900026,16,95,-79
108900027,2,119,-117
108900028,39,582,-543
108900029,45,210,-165
108900030,0,130,-130
108900031,40,844,-804
108900032,6,320,-314
108900033,0,89,-89
108900034,0,404,-404
108900035,204,2067,-1863
108900038,0,590,-590
108900039,2,834,-832
108900040,2,173,-171
108900041,6168,2270,3898
108900042,2,306,-304
108900043,27,643,-616
108900044,3,889,-886
108900045,24,977,-953
108900046,51,1513,-1462
108900047,3,133,-130
108900048,73,1491,-1418
108900049,7447,875,6572
108900050,2,345,-343
108900051,1,304,-303
108900052,30,357,-327
108900053,126,122,4
108900054,54,309,-255
108900055,64,528,-464
108900056,1,220,-219
108900057,1,255,-254
108900058,16,502,-486
108900059,286,12,274
108900060,39,134,-95
108900061,69,31,38
108900062,7,485,-478
108900063,8,427,-419
108900064,82,57,25
108900065,5,406,-401
108900066,172,117,55
108900067,17,306,-289
108900068,8,328,-320
108900069,30,152,-122
108900070,30,233,-203
108900071,54,69,-15
108900072,2695,296,2399
108900073,31,805,-774
108900074,82,742,-660
108900075,53,79,-26
108900076,172,89,83
108900077,178,815,-637
108900078,17,194,-177
108900079,894,321,573
108900080,13,401,-388
108900081,47,395,-348
108900082,21,192,-171
108900083,9,179,-170
108900085,2999,141,2858
108900086,133,633,-500
108900087,117,233,-116
108900088,693,235,458
108900089,10,103,-93
108900090,23,553,-530
108900091,120,133,-13
108900092,313,308,5
108900093,73,33,40
108900094,193,112,81
108900095,75,871,-796
108900096,527,37,490
108900097,318,210,108
108900098,3970,383,3587
108900099,225,397,-172
108900100,37,198,-161
108900101,213,76,137
108900102,123,713,-590
108900103,44,50,-6
108900105,9,874,-865
108900106,189,738,-549
108900108,190,24,166
108900109,214,25,189
108900110,103,775,-672
108900111,234,1002,-768
108900113,67,48,19
108900114,46,10,36
108900115,36,69,-33
108900116,39,6,33
108900117,95,32,63
108900118,390,6,384
108900119,102,60,42
108900120,192,128,64
108900121,304,44,260
108900122,85,46,39
108900123,73,47,26
108900124,377,133,244
108900125,184,0,184
108900126,129,16,113
108900127,95,27,68
108900128,83,30,53
108900129,687,78,609
108900130,200,0,200
108900131,213,2,211
108900132,240,58,182
108900133,147,40,107
108900134,164,253,-89
108900135,68,7,61
108900136,7,0,7
108900137,89,0,89
108900138,385,16,369
108900140,164,266,-102
108900141,194,7,187
108900142,58,3,55
108900143,28,1,27
108900144,46,0,46
108900145,72,4,68
108900146,27,0,27
108900147,108,0,108
108900148,59,34,25
108900150,164,0,164
108900151,23,1,22
108900152,30,5,25
108900153,63,675,-612
108900154,3138,411,2727
108900156,46,7,39
108900157,14,746,-732
108900158,189,50,139
108900159,3,430,-427
108900160,3,373,-370
108900161,5,694,-689
108900162,67,0,67
108900163,15,209,-194
108900164,63,86,-23
108900168,11871,2009,9862
108900169,23,161,-138
108900171,10438,1958,8480
108900172,210,41,169
108900173,201,432,-231
108900174,367,429,-62
108900176,119,908,-789
108900177,11143,3122,8021
108900178,6626,2555,4071
108900180,54,177,-123
108900183,226,197,29
108900184,273,147,126
108900185,38,363,-325
108900186,36,368,-332
108900189,124,121,3
108900190,87,4677,-4590
108900192,45,279,-234
108900195,82,619,-537
108900196,12,891,-879
108900199,144,352,-208
108900200,400,325,75
108900201,380,1458,-1078
108900203,428,39,389
108900204,367,5,362
108900205,169,13,156
108900206,203,49,154
108900207,153,54,99
108900208,31,511,-480
108900209,256,824,-568
108900210,125,291,-166
108900211,101,385,-284
108900212,997,866,131
108900215,111,871,-760
108900216,369,126,243
108900217,44,0,44
108900218,103,7,96
108900221,30,90,-60
108900224,24,106,-82
108900225,0,165,-165
108900227,131,158,-27
108900230,550,370,180
108900232,0,569,-569
108900233,175,36,139
108900234,234,81,153
108900235,174,764,-590
108900236,34,383,-349
108900240,55,73,-18
108900241,29,41,-12
108900245,5,738,-733
108900250,152,100,52
108900258,11,383,-372
108900259,35,114,-79
108900260,10,184,-174
108900261,266,224,42
108900262,272,152,120
108900263,53,311,-258
108900264,577,375,202
108900265,1730,264,1466
108900266,1936,422,1514
108900267,3,83,-80
108900268,2,4,-2
108900269,56,5,51
108900270,76,6,70
108900271,25,9,16
108900272,132,6,126
108900273,1187,460,727
108900274,37,113,-76
109000001,5322,1329,3993
109000002,4098,1588,2510
109000003,2161,858,1303
109000004,550,3194,-2644
109000005,1956,1168,788
109000006,769,2608,-1839
109000007,1215,969,246
109000008,479,2278,-1799
109000009,3037,1435,1602
109000010,1485,5538,-4053
109000011,2339,1898,441
109000012,1572,5286,-3714
109000013,2243,2333,-90
109000014,1297,4947,-3650
109000015,5085,6335,-1250
109000016,14341,5227,9114
109000017,1898,1415,483
109000018,934,4022,-3088
109000019,2472,1617,855
109000020,1541,3021,-1480
109000023,229,24,205
109000024,8,174,-166
109000025,398,514,-116
109000026,994,319,675
109000027,78,362,-284
109000028,132,64,68
109000029,86,158,-72
109000030,49,496,-447
109000031,99,96,3
109000032,56,557,-501
109000033,233,94,139
109000034,25,85,-60
109000035,8,42,-34
109000036,58,435,-377
109000037,163,865,-702
109000038,513,484,29
109000039,574,382,192
109000040,4610,3020,1590
109000041,6983,1232,5751
109000042,1228,1102,126
109000044,281,203,78
109000045,98,610,-512
109000046,264,64,200
109000047,74,548,-474
109000048,1042,518,524
109000049,181,612,-431
109000050,528,736,-208
109000051,356,255,101
109000052,418,2570,-2152
109000053,480,163,317
109000054,144,968,-824
109000055,194,175,19
109000056,161,699,-538
109000057,273,227,46
109000058,2352,556,1796
109000059,485,758,-273
109000060,537,246,291
109000061,1731,614,1117
109000062,82,198,-116
109000063,148,230,-82
109000064,87,204,-117
109000065,69,358,-289
109000066,169,164,5
109000067,24,432,-408
109000068,937,4,933
109000069,745,33,712
109000070,5,952,-947
109000071,310,76,234
109000072,120,787,-667
109000073,44,94,-50
109000074,23,314,-291
109000075,57,438,-381
109000076,125,213,-88
109000077,486,419,67
109000078,45,122,-77
109000079,114,340,-226
109000080,84,112,-28
109000081,80,853,-773
109000082,503,301,202
109000083,215,1294,-1079
109000088,111,858,-747
109000089,190,26,164
109000090,171,817,-646
109000091,227,98,129
109000092,342,1001,-659
109000093,152,141,11
109000094,206,0,206
109000095,84,904,-820
109000096,390,215,175
109000097,68,170,-102
109000098,58,78,-20
109000099,596,568,28
109000100,190,705,-515
109000101,735,1162,-427
109000102,278,944,-666
109000103,493,699,-206
109000104,868,821,47
109000105,391,1862,-1471
109000106,1266,825,441
109000107,486,2598,-2112
109000108,1327,536,791
109000109,383,2617,-2234
109000110,1084,529,555
109000111,942,2780,-1838
109000112,290,171,119
109000113,195,128,67
109000114,155,414,-259
109000115,1256,129,1127
109000116,20,619,-599
109000117,119,147,-28
109000118,4,402,-398
109000119,531,650,-119
109000120,158,1451,-1293
109000121,364,191,173
109000122,97,1412,-1315
109000123,49,410,-361
109000124,388,344,44
109000125,416,385,31
109000126,321,1233,-912
109000127,728,340,388
109000128,396,3195,-2799
109000129,1182,534,648
109000130,988,4979,-3991
109000131,1033,673,360
109000132,948,4436,-3488
109000133,307,1285,-978
109000134,783,1645,-862
109000135,1061,1490,-429
109000136,329,522,-193
109000137,176,376,-200
109000138,317,518,-201
109000139,329,565,-236
109000140,148,1369,-1221
109000141,441,602,-161
109000142,105,720,-615
109000143,104,76,28
109000145,79,278,-199
109000146,134,96,38
109000148,4806,895,3911
109000149,19,28,-9
109000150,120,203,-83
109000155,379,618,-239
109000156,1655,1190,465
109000158,28,328,-300
109000159,45,1003,-958
109000160,737,297,440
109000161,274,2114,-1840
109000162,1462,1064,398
109000163,805,2519,-1714
109000164,975,3573,-2598
109000165,919,760,159
109000166,559,148,411
109000167,88,1165,-1077
109000170,57,50,7
109000171,59,51,8
109000172,53,73,-20
109000173,45,70,-25
109000174,60,83,-23
109000175,86,580,-494
109000176,256,294,-38
109000177,17,130,-113
109000178,366,633,-267
109000179,8320,2192,6128
109000180,5094,2700,2394
109000181,13,59,-46
109000182,18,45,-27
109000183,39,47,-8
109000184,30,24,6
109000185,36,92,-56
109000188,299,4046,-3747
109000189,1514,1015,499
109000190,368,634,-266
109000191,180,830,-650
109000192,282,213,69
109000193,130,665,-535
109000194,102,146,-44
109000195,89,642,-553
109000196,207,97,110
109000197,123,653,-530
109000198,169,59,110
109000199,87,732,-645
109000206,214,20,194
109000207,104,29,75
109000208,104,65,39
109000209,135,160,-25
109000210,197,750,-553
109000211,379,368,11
109000214,309,1867,-1558
109000215,91,61,30
109000216,315,165,150
109000217,136,107,29
109000218,178,128,50
109000221,406,1568,-1162
109000222,678,175,503
109000223,215,297,-82
109000224,38,441,-403
109000225,38,47,-9
109000226,52,532,-480
109000227,578,2001,-1423
109000228,1,329,-328
109000231,3,727,-724
109000232,143,533,-390
109000236,187,838,-651
109000241,1823,2635,-812
109000242,1291,1986,-695
109000293,60,183,-123
109000361,127,379,-252
109000364,164,826,-662
109000396,6,1186,-1180
109000397,300,5,295
109000399,111,786,-675
109000400,65,505,-440
109000403,240,917,-677
109000406,340,14,326
109000407,177,279,-102
109000408,1,1047,-1046
109000410,593,192,401
109000411,96,45,51
109900001,91,0,91
109900002,508,12,496
109900003,119,0,119
109900005,20,0,20
109900006,179,502,-323
109900007,439,1249,-810
109900008,0,35,-35
109900009,79,1183,-1104
109900010,337,17,320
109900011,77,58,19
109900012,179,173,6
109900013,189,139,50
109900015,254,134,120
109900017,22,10,12
109900018,95,101,-6
109900019,108,141,-33
109900020,15,20,-5
109900021,20,5,15
109900022,74,545,-471
109900023,15,3,12
109900024,9,0,9
109900025,10,108,-98
109900027,18,23,-5
109900028,3835,536,3299
109900029,7,817,-810
109900030,18,2,16
109900031,0,74,-74
109900032,5,383,-378
109900033,5,674,-669
109900034,20,2,18
109900035,11,8,3
109900036,4,115,-111
109900037,27,697,-670
109900038,40,253,-213
109900039,6,0,6
109900040,25,832,-807
109900041,48,649,-601
109900042,16,490,-474
109900044,80,363,-283
109900045,77,19,58
109900046,62,123,-61
109900047,317,348,-31
109900048,0,111,-111
109900049,7,26,-19
109900050,4,528,-524
109900051,0,71,-71
109900052,76,342,-266
109900053,13,795,-782
109900054,366,172,194
109900055,23,306,-283
109900056,19,119,-100
109900057,8,396,-388
109900058,1,150,-149
109900060,363,241,122
109900061,91,398,-307
109900062,0,387,-387
109900064,369,416,-47
109900065,159,115,44
109900066,268,1343,-1075
109900067,0,630,-630
109900068,34,3,31
109900069,0,40,-40
109900071,0,33,-33
109900072,15,136,-121
109900073,184,1251,-1067
109900074,7,50,-43
109900075,15,21,-6
109900076,22,735,-713
109900077,18,36,-18
109900078,85,389,-304
109900080,102,493,-391
109900081,8,99,-91
109900082,28,839,-811
109900083,13,56,-43
109900084,27,205,-178
109900085,182,1706,-1524
109900086,111,310,-199
109900087,308,375,-67
109900089,420,119,301
109900092,340,10,330
109900093,463,90,373
109900094,73,107,-34
109900095,125,318,-193
109900096,7,1,6
109900097,63,2,61
109900098,283,23,260
109900099,102,0,102
109900100,23,0,23
109900101,175,5,170
109900102,281,10,271
109900103,183,85,98
109900104,256,1732,-1476
109900105,315,23,292
109900106,181,100,81
109900107,269,88,181
109900108,79,686,-607
109900109,26,246,-220
109900111,265,2156,-1891
109900114,458,292,166
109900115,102,71,31
109900117,564,129,435
109900121,378,410,-32
109900123,12,235,-223
109900125,2,317,-315
109900126,99,283,-184
109900130,17768,1343,16425
109900131,95,195,-100
109900132,45,211,-166
109900134,27,54,-27
109900135,475,67,408
109900137,64,598,-534
109900140,132,555,-423
109900149,32,63,-31
109900150,5,44,-39
109900151,2,57,-55
109900152,0,34,-34
109900153,0,51,-51
109900154,15,0,15
109900155,30,11,19
109900157,48,407,-359
109900159,245,48,197
109900161,134,36,98
109900162,217,125,92
109900163,768,444,324
109900164,49,298,-249
109900165,114,2,112
109900166,1,173,-172
109900167,128,645,-517
109900168,100,682,-582
109900169,84,177,-93
109900170,252,589,-337
109900171,100,82,18
109900172,127,151,-24
109900173,5319,1469,3850
109900174,55,157,-102
109900175,48,48,0
109900176,102,283,-181
109900177,30,409,-379
109900178,0,131,-131
109900179,6,33,-27
109900180,2,2,0
110000001,907,648,259
110000002,612,480,132
110000003,839,664,175
110000004,521,520,1
110000005,850,1416,-566
110000006,922,455,467
110000007,141,198,-57
110000008,10,40,-30
110000009,32,65,-33
110000010,26,40,-14
110000011,37,200,-163
110000012,1012,618,394
110000013,28,509,-481
110000014,747,456,291
110000015,287,504,-217
110000016,280,1240,-960
110000017,5055,318,4737
110000018,4872,566,4306
110000019,10,213,-203
110000020,721,316,405
110000021,613,349,264
110000022,558,169,389
110000023,13,264,-251
110000024,548,573,-25
110000025,129,2,127
110000026,3,914,-911
110000027,573,443,130
110000028,555,737,-182
110000029,453,1396,-943
110000030,176,314,-138
110000031,186,877,-691
110000032,648,443,205
110000033,160,108,52
110000034,182,681,-499
110000035,372,1359,-987
110000036,512,649,-137
110000037,131,934,-803
110000038,169,482,-313
110000039,649,2134,-1485
110000040,257,519,-262
110000041,257,1087,-830
110000042,135,361,-226
110000043,521,294,227
110000044,119,86,33
110000045,637,117,520
110000046,9,15,-6
110000047,21,23,-2
110000048,18,44,-26
110000049,34,12,22
110000050,7,40,-33
110000051,30,12,18
110000052,34,31,3
110000053,59,3,56
110000054,102,265,-163
110000055,313,26,287
110000056,187,47,140
110000057,292,1240,-948
110000058,928,923,5
110000059,615,625,-10
110000060,412,752,-340
110000061,707,1014,-307
110000062,606,793,-187
110000063,27,55,-28
110000064,65,183,-118
110000065,33,53,-20
110000066,74,42,32
110000067,38,451,-413
110000068,130,850,-720
110000069,75,111,-36
110000071,54,148,-94
110000073,4,19,-15
110000075,5,82,-77
110000076,255,183,72
110000077,622,554,68
110000078,21,69,-48
110000080,275,629,-354
110000081,14,272,-258
110000082,31,238,-207
110000083,218,737,-519
110000084,670,590,80
110000085,2952,1636,1316
110000086,1191,1342,-151
110000087,10,75,-65
110000088,56,253,-197
110000089,152,206,-54
110000090,63,391,-328
110000091,2705,407,2298
110000092,17,136,-119
110000093,54,6,48
110000094,592,281,311
110000095,71,575,-504
110000096,5431,1793,3638
110000097,821,1116,-295
110000098,1695,607,1088
110000099,810,1636,-826
110000100,410,1291,-881
110000101,24,703,-679
110000102,38,28,10
110000104,129,94,35
110000105,35,334,-299
110000106,520,301,219
110000107,488,507,-19
110000108,130,47,83
110000109,286,290,-4
110000110,4683,3218,1465
110000111,9287,2172,7115
110000112,1698,615,1083
110000113,722,1425,-703
110000114,90,368,-278
110000115,216,258,-42
110000116,37,61,-24
110000117,135,798,-663
110000118,233,343,-110
110000119,133,604,-471
110000120,300,273,27
110000121,154,349,-195
110000122,285,637,-352
110000123,333,400,-67
110000124,1,848,-847
110000125,789,3,786
110000126,221,18,203
110000127,603,36,567
110000128,25,1469,-1444
110000129,4,843,-839
110000130,206,110,96
110000131,89,597,-508
110000132,2,774,-772
110000133,57,336,-279
110000134,41,440,-399
110000135,181,30,151
110000136,64,347,-283
110000137,327,808,-481
110000138,496,1204,-708
110000139,605,1968,-1363
110000140,1015,498,517
110000143,751,383,368
110000144,4061,1148,2913
110000145,1208,705,503
110000146,1557,675,882
110000147,229,750,-521
110000148,249,403,-154
110000151,553,458,95
110000152,608,342,266
110000153,35,159,-124
110000154,13,12,1
110000155,1251,2649,-1398
110000156,712,1480,-768
110000157,1129,1631,-502
110000160,231,515,-284
110000161,94,614,-520
110000166,230,199,31
110000167,537,479,58
110000168,642,306,336
110000169,599,290,309
110000170,69,90,-21
110000171,485,230,255
110000172,161,1052,-891
110000173,1625,1477,148
110000174,84,1971,-1887
110000175,286,87,199
110000176,24,219,-195
110000177,144,829,-685
110000178,448,738,-290
110000179,1954,416,1538
110000180,108,415,-307
110000181,207,415,-208
110000182,399,418,-19
110000183,14488,5555,8933
110000184,1254,1912,-658
110000185,802,689,113
110000186,640,652,-12
110000191,400,443,-43
110000192,209,2,207
110000193,410,7,403
110000194,18,1897,-1879
110000195,282,485,-203
110000196,174,701,-527
110000197,43,243,-200
110000198,86,118,-32
110000199,39,119,-80
110000200,1270,593,677
110000201,424,586,-162
110000202,983,439,544
110000203,763,1205,-442
110000204,5,524,-519
110000205,101,75,26
110000206,649,2294,-1645
110000207,413,383,30
110000208,116,89,27
110000209,108,1195,-1087
110000210,599,830,-231
110000211,499,1052,-553
110000212,427,952,-525
110000213,97,53,44
110000214,115,118,-3
110000215,111,860,-749
110000216,47,897,-850
110000217,188,339,-151
110000218,106,686,-580
110000219,207,75,132
110000220,27,600,-573
110000221,160,100,60
110000222,40,470,-430
110000223,9,123,-114
110000224,76,23,53
110000225,125,647,-522
110000226,119,57,62
110000227,771,520,251
110000228,451,324,127
110000229,0,322,-322
110000230,464,741,-277
110000231,153,190,-37
110000232,116,221,-105
110000233,108,394,-286
110000234,518,399,119
110000235,1608,885,723
110000236,343,1172,-829
110000237,1341,1208,133
110000238,758,1606,-848
110000239,1245,1569,-324
110000240,0,160,-160
110000242,0,16,-16
110000243,51,301,-250
110000244,106,669,-563
110000245,42,706,-664
110000246,517,849,-332
110000247,1301,5429,-4128
110000248,1960,1897,63
110000249,69,7,62
110000250,12,322,-310
110000251,135,627,-492
110000252,99,376,-277
110000253,905,548,357
110000254,560,1787,-1227
110000255,146,1545,-1399
110000256,341,224,117
110000257,641,475,166
110000258,1,798,-797
110000259,48,15,33
110000260,6,656,-650
110000263,558,114,444
110000264,123,842,-719
110000265,914,1326,-412
110000266,1679,2045,-366
110000267,6,197,-191
110000268,212,759,-547
110000269,2,70,-68
110000270,38,3,35
110000271,3009,305,2704
110000272,836,1065,-229
110000273,2441,1245,1196
110000274,152,981,-829
110000275,4206,450,3756
110000276,119,221,-102
110000277,157,612,-455
110000278,235,1027,-792
110000279,593,817,-224
110000280,176,432,-256
110000281,12,216,-204
110000282,243,63,180
110000283,43,88,-45
110000284,57,67,-10
110000285,1,203,-202
110000286,25,0,25
110000287,43,1,42
110000288,0,76,-76
110000289,556,1435,-879
110000290,1554,581,973
110000291,8170,1429,6741
110000292,1233,3325,-2092
110000293,362,1155,-793
110000294,500,816,-316
110000295,63,1200,-1137
110000296,235,313,-78
110000297,2277,313,1964
110000298,440,789,-349
110000299,521,37,484
110000301,191,15,176
110000302,283,2128,-1845
110000303,229,2,227
110000304,128,415,-287
110000305,595,8,587
110000306,75,2708,-2633
110000307,748,11,737
110000308,250,3,247
110000309,8,1748,-1740
110000310,363,107,256
110000311,23,1164,-1141
110000312,356,45,311
110000313,2483,2790,-307
110000314,2,442,-440
110000315,3440,1663,1777
110000316,697,1269,-572
110000317,431,301,130
110000318,3,153,-150
110000319,4,14,-10
110000320,28,92,-64
110000321,8,49,-41
110000322,195,686,-491
110000323,221,276,-55
110000324,7041,1200,5841
110000325,2159,1761,398
110000327,317,206,111
110000328,158,514,-356
110000333,497,387,110
110000334,569,1703,-1134
110000335,610,514,96
110000336,388,1578,-1190
110000337,726,473,253
110000338,200,316,-116
110000339,177,323,-146
110000340,10,250,-240
110000341,271,692,-421
110000342,347,4,343
110000343,0,8,-8
110000344,88,211,-123
110000345,115,73,42
110000346,2346,1308,1038
110000347,882,723,159
110000348,11,13,-2
110000349,3,19,-16
110000350,34,3,31
110000351,508,872,-364
110000352,434,1530,-1096
110000353,4424,707,3717
110000354,1001,1959,-958
110000355,66,87,-21
110000356,982,15,967
110000357,177,20,157
110000361,31,138,-107
110000362,37,104,-67
110000363,190,135,55
110000364,88,602,-514
110000365,102,0,102
110000366,1,99,-98
110000367,194,282,-88
110000368,0,79,-79
110000369,23,2,21
110000373,2,448,-446
110000374,80,4,76
110000375,204,943,-739
110000376,21,117,-96
110000377,72,417,-345
110000378,16,299,-283
110000379,5254,1085,4169
110000380,20,10,10
110000383,3,1189,-1186
110000384,2023,882,1141
110000385,0,205,-205
110000387,55,5,50
110000388,24,278,-254
110000389,562,3,559
110000391,240,397,-157
110000396,81,170,-89
110000397,65,347,-282
110000398,4,54,-50
110000399,132,1,131
110000587,64,49,15
110000589,138,179,-41
110000640,145,136,9
110000652,4,133,-129
110000653,153,604,-451
110000654,25,27,-2
110000656,0,835,-835
110000674,20,36,-16
110000675,2,18,-16
110000676,1,76,-75
110000679,736,858,-122
110000682,127,159,-32
110000683,335,501,-166
110000684,2,63,-61
110000685,8,12,-4
110000686,1,35,-34
110000687,16,2,14
110000688,57,524,-467
110000689,31,67,-36
110000692,64,369,-305
110000693,155,210,-55
110000694,1,196,-195
110000695,155,924,-769
110000696,206,213,-7
110900001,71,0,71
110900002,91,247,-156
110900003,353,1115,-762
110900004,163,239,-76
110900005,5917,1446,4471
110900006,40,5,35
110900007,96,9,87
110900008,13,106,-93
110900009,242,28,214
110900010,8,66,-58
110900011,12,121,-109
110900012,23,125,-102
110900013,609,188,421
110900014,95,8,87
110900015,1506,335,1171
110900016,9,281,-272
110900017,258,57,201
110900018,315,49,266
110900019,102,22,80
110900020,48,611,-563
110900021,54,817,-763
110900022,79,544,-465
110900023,57,839,-782
110900024,21,584,-563
110900025,8,70,-62
110900027,30,387,-357
110900028,31,265,-234
110900029,22,614,-592
110900030,12,602,-590
110900031,112,196,-84
110900032,0,130,-130
110900033,23,357,-334
110900035,39,604,-565
110900036,124,24,100
110900037,72,24,48
110900038,1817,220,1597
110900039,10,295,-285
110900040,167,32,135
110900041,7,271,-264
110900042,76,80,-4
110900043,0,248,-248
110900044,273,31,242
110900045,42,849,-807
110900046,179,323,-144
110900047,1080,156,924
110900049,27,40,-13
110900050,26,5,21
110900051,21,248,-227
110900052,3,276,-273
110900053,65,54,11
110900054,21,359,-338
110900055,17,2,15
110900056,34,127,-93
110900057,5,346,-341
110900058,101,276,-175
110900059,663,1116,-453
110900060,367,127,240
110900061,30,44,-14
110900062,79,360,-281
110900063,38,86,-48
110900064,6,0,6
110900065,393,163,230
110900066,5,34,-29
110900067,575,552,23
110900068,262,282,-20
110900069,118,109,9
110900070,98,51,47
110900071,277,330,-53
110900073,4,40,-36
110900074,222,116,106
110900075,242,46,196
110900077,406,428,-22
110900078,13,232,-219
110900079,2815,674,2141
110900080,85,71,14
110900081,7,149,-142
110900082,51,452,-401
110900083,73,39,34
110900084,28,339,-311
110900085,34,602,-568
110900086,46,177,-131
110900087,148,75,73
110900088,9,2,7
110900090,40,24,16
110900091,1,59,-58
110900093,254,94,160
110900095,21,35,-14
110900097,7,23,-16
110900098,9,213,-204
110900099,37,915,-878
110900100,0,25,-25
110900102,31,17,14
110900105,813,646,167
110900108,8,179,-171
110900111,208,75,133
110900112,472,2,470
110900113,471,28,443
110900115,3,184,-181
110900116,239,2872,-2633
110900118,166,2025,-1859
110900119,6930,256,6674
110900120,6,251,-245
110900121,41,0,41
110900122,149,156,-7
110900125,207,259,-52
110900127,313,748,-435
110900128,449,314,135
110900129,263,387,-124
110900130,1369,437,932
110900131,103,58,45
110900132,263,47,216
110900133,54,398,-344
110900135,89,681,-592
110900136,220,12,208
110900138,0,0,0
110900139,23,0,23
110900140,0,0,0
110900141,356,185,171
110900142,57,313,-256
110900143,95,66,29
110900144,3,1046,-1043
110900145,62,24,38
110900146,318,65,253
110900147,370,271,99
110900148,2,382,-380
110900149,1,112,-111
110900150,33,25,8
110900151,2,103,-101
110900152,27,659,-632
110900153,102,27,75
111000001,410,550,-140
111000002,799,1094,-295
111000003,920,809,111
111000004,613,1927,-1314
111000005,1129,1088,41
111000006,1038,2404,-1366
111000007,5635,2818,2817
111000008,6107,3972,2135
111000009,419,1122,-703
111000010,677,331,346
111000011,489,1136,-647
111000012,546,394,152
111000013,341,1496,-1155
111000014,998,746,252
111000017,104,562,-458
111000018,214,375,-161
111000020,3144,2425,719
111000021,110,180,-70
111000023,90,196,-106
111000025,9213,2717,6496
111000029,88,105,-17
111000030,37,77,-40
111000031,1937,918,1019
111000032,676,254,422
111000033,313,162,151
111000034,488,234,254
111000037,4256,1819,2437
111000038,3348,3101,247
111000039,1222,3034,-1812
111000040,1467,3538,-2071
111000041,1752,1973,-221
111000042,7902,2958,4944
111000043,2449,1894,555
111000044,1163,910,253
111000045,1402,1973,-571
111000046,748,1688,-940
111000047,1594,2726,-1132
111000049,298,591,-293
111000050,2479,2157,322
111000051,390,1418,-1028
111000052,539,1833,-1294
111000053,350,1343,-993
111000054,269,1470,-1201
111000055,1353,2534,-1181
111000056,105,1001,-896
111000057,58,1139,-1081
111000058,168,152,16
111000059,206,351,-145
111000060,2386,654,1732
111000061,317,361,-44
111000062,593,268,325
111000063,1508,968,540
111000064,373,657,-284
111000065,844,831,13
111000066,298,298,0
111000067,386,799,-413
111000068,320,789,-469
111000069,1629,2027,-398
111000070,3276,1393,1883
111000071,251,1053,-802
111000072,662,401,261
111000073,212,838,-626
111000074,1232,1403,-171
111000075,723,888,-165
111000076,356,1032,-676
111000077,1185,1648,-463
111000078,1851,1178,673
111000079,1381,837,544
111000080,388,681,-293
111000081,2662,3110,-448
111000082,495,826,-331
111000084,572,614,-42
111000085,1030,1810,-780
111000086,4264,1367,2897
111000087,707,958,-251
111000088,6813,1687,5126
111000089,600,960,-360
111000090,1255,1531,-276
111000091,634,807,-173
111000092,952,1260,-308
111000093,447,840,-393
111000094,1536,1007,529
111000095,780,2175,-1395
111000096,2826,6846,-4020
111000097,7841,1134,6707
111000098,551,1701,-1150
111000099,420,3007,-2587
111000100,304,3038,-2734
111000101,368,1042,-674
111000102,95,1188,-1093
111000104,234,337,-103
111000107,79,1158,-1079
111000109,254,263,-9
111000110,830,580,250
111000111,1225,507,718
111000112,1001,324,677
111000113,762,760,2
111000114,1913,1900,13
111000115,8980,1074,7906
111000116,792,992,-200
111000117,516,1037,-521
111000118,1553,1235,318
111000119,816,2213,-1397
111000120,329,628,-299
111000121,200,668,-468
111000122,529,1124,-595
111000123,883,4089,-3206
111000124,455,4497,-4042
111000125,194,2630,-2436
111000126,107,1261,-1154
111000127,566,161,405
111000128,869,361,508
111000129,1407,424,983
111000130,1193,745,448
111000131,880,500,380
111000132,616,449,167
111000133,123,188,-65
111000134,72,152,-80
111000135,40,101,-61
111000136,250,306,-56
111000138,8,8,0
111000140,0,3,-3
111000141,169,353,-184
111000142,12,143,-131
111000143,5,129,-124
111000144,26,133,-107
111000145,1204,8,1196
111000146,44,10,34
111000147,236,12,224
111000148,163,95,68
111000149,3,22,-19
111000150,6,9,-3
111000151,2,23,-21
111000153,560,624,-64
111000154,756,232,524
111000155,119,163,-44
111000156,468,435,33
111000157,160,602,-442
111000158,867,651,216
111000159,3593,735,2858
111000160,235,492,-257
111000161,7,342,-335
111000162,9,217,-208
111000163,471,818,-347
111000164,798,2629,-1831
111000165,1603,522,1081
111000166,1758,363,1395
111000167,193,619,-426
111000168,198,517,-319
111000169,295,621,-326
111000170,492,495,-3
111000171,374,1282,-908
111000172,128,969,-841
111000173,210,2271,-2061
111000174,139,1180,-1041
111000175,37,338,-301
111000176,168,229,-61
111000177,158,249,-91
111000178,563,421,142
111000179,124,314,-190
111000180,83,374,-291
111000181,706,412,294
111000182,119,183,-64
111000183,252,256,-4
111000184,298,239,59
111000185,304,555,-251
111000186,261,298,-37
111000187,114,312,-198
111000188,135,569,-434
111000189,2009,575,1434
111000190,187,643,-456
111000191,135,648,-513
111000192,224,868,-644
111000193,732,464,268
111000194,20,574,-554
111000195,78,728,-650
111000196,41,482,-441
111000197,218,219,-1
111000198,318,150,168
111000199,117,183,-66
111000200,137,437,-300
111000201,302,234,68
111000202,192,192,0
111000203,175,219,-44
111000204,350,582,-232
111000213,151,533,-382
111000214,1302,2583,-1281
111000215,908,1972,-1064
111000217,870,1039,-169
111000218,782,963,-181
111000219,405,272,133
111000220,3567,505,3062
111000221,935,181,754
111000224,198,405,-207
111000225,257,237,20
111000226,182,1,181
111000227,38,7,31
111000228,10,165,-155
111000229,21,364,-343
111000230,255,810,-555
111000231,590,1946,-1356
111000232,287,894,-607
111000233,376,911,-535
111000234,74,220,-146
111000239,108,248,-140
111000240,29,142,-113
111000241,26,590,-564
111000242,58,88,-30
111000243,52,1077,-1025
111000244,254,123,131
111000245,622,826,-204
111000246,260,849,-589
111000247,188,1445,-1257
111000248,436,524,-88
111000249,348,1036,-688
111000250,25,133,-108
111000251,20,165,-145
111000253,7,22,-15
111000255,14,11,3
111000257,31,13,18
111000260,46,1594,-1548
111000261,556,81,475
111000271,71,427,-356
111000273,9299,1905,7394
111000274,1215,1894,-679
111000275,102,94,8
111000276,282,2843,-2561
111000277,118,544,-426
111000278,482,274,208
111000291,579,3011,-2432
111000298,440,348,92
111000299,514,134,380
111000300,87,814,-727
111000302,221,110,111
111000303,83,398,-315
111000312,41,56,-15
111000315,39,605,-566
111000320,281,785,-504
111000321,210,71,139
111000322,184,744,-560
111000323,124,30,94
111000324,789,369,420
111000325,29,66,-37
111000326,130,351,-221
111000327,341,639,-298
111000328,180,448,-268
111000329,0,28,-28
111000330,29,9,20
111000331,8,4,4
111000332,333,1533,-1200
111000334,424,2076,-1652
111000335,374,204,170
111000337,608,470,138
111000338,50,161,-111
111000339,165,658,-493
111000340,76,1172,-1096
111000341,866,448,418
111000342,160,395,-235
111000344,648,792,-144
111000345,189,43,146
111000346,34,111,-77
111000347,63,0,63
111000350,157,209,-52
111000351,96,223,-127
111000352,157,223,-66
111000353,65,277,-212
111000354,293,323,-30
111000355,235,897,-662
111000358,122,2714,-2592
111000360,79,1369,-1290
111000361,101,690,-589
111000546,341,863,-522
111000547,196,1160,-964
111000548,47,189,-142
111000549,148,734,-586
111000550,89,420,-331
111000551,680,225,455
111000552,921,87,834
111000907,449,13,436
111000908,15,0,15
111000916,815,254,561
111000917,20,438,-418
111000918,129,1675,-1546
111000920,281,9,272
111000921,2,559,-557
111000922,247,337,-90
111000924,46,1584,-1538
111000925,1695,2172,-477
111000926,921,3676,-2755
111000927,2732,4529,-1797
111000928,6932,4759,2173
111000929,914,1226,-312
111000930,686,2955,-2269
111000931,1357,1924,-567
111000932,4533,2818,1715
111000933,3114,1706,1408
111000934,2280,3067,-787
111000935,852,1040,-188
111000936,917,2648,-1731
111000937,734,1387,-653
111000938,1958,3155,-1197
111000939,175,39,136
111000940,229,277,-48
111000941,170,992,-822
111000943,184,320,-136
111000944,86,861,-775
111000945,61,3316,-3255
111001109,313,197,116
111001110,229,620,-391
111001111,31,10,21
111001112,124,3,121
111001113,8,167,-159
111001114,1485,103,1382
111001115,145,363,-218
111001116,6772,2539,4233
111001117,858,1004,-146
111001120,90,493,-403
111001121,180,514,-334
111001122,185,1050,-865
111001123,99,233,-134
111001124,99,558,-459
111001125,0,40,-40
111001126,1,0,1
111001127,1,225,-224
111001128,384,713,-329
111900001,1,395,-394
111900002,4,1227,-1223
111900003,3,603,-600
111900004,45,245,-200
111900006,10,20,-10
111900007,67,5,62
111900008,65,2,63
111900009,66,1,65
111900010,196,568,-372
111900012,90,107,-17
111900013,4,49,-45
111900014,9225,2006,7219
111900015,1,89,-88
111900016,2,257,-255
111900017,2,202,-200
111900018,68,2,66
111900019,2,122,-120
111900020,10,63,-53
111900021,40,142,-102
111900022,17,82,-65
111900023,181,73,108
111900024,3,113,-110
111900025,0,46,-46
111900026,0,140,-140
111900027,3,263,-260
111900028,5,549,-544
111900029,2,139,-137
111900030,57,609,-552
111900032,3,456,-453
111900033,6,159,-153
111900034,324,1181,-857
111900035,17,352,-335
111900036,3,490,-487
111900038,341,833,-492
111900039,45,628,-583
111900040,8,952,-944
111900042,44,150,-106
111900043,5,621,-616
111900044,280,458,-178
111900046,41,328,-287
111900048,92,1161,-1069
111900049,29,294,-265
111900050,69,12,57
111900051,2,504,-502
111900052,447,633,-186
111900053,1644,579,1065
111900054,49,2,47
111900055,37,891,-854
111900056,218,109,109
111900057,33,97,-64
111900058,188,922,-734
111900059,4385,308,4077
111900060,227,1,226
111900061,11,393,-382
111900062,27,25,2
111900063,78,271,-193
111900064,139,413,-274
111900065,62,25,37
111900066,62,120,-58
111900067,1,465,-464
111900068,40,19,21
111900069,66,13,53
111900070,93,127,-34
111900071,2,553,-551
111900072,32,4,28
111900073,296,62,234
111900074,7,317,-310
111900075,44,4,40
111900076,68,33,35
111900077,37,1,36
111900078,113,14,99
111900079,14,5,9
111900080,191,151,40
111900082,93,14,79
111900083,31,5,26
111900084,27,0,27
111900085,32,64,-32
111900086,18,2,16
111900087,25,0,25
111900088,229,1,228
111900089,72,0,72
111900090,50,22,28
111900091,107,3,104
111900092,34,0,34
111900093,162,7,155
111900094,42,0,42
111900095,139,20,119
111900096,62,2,60
111900097,17,0,17
111900098,85,1,84
111900099,30,0,30
111900100,30,3,27
111900101,51,15,36
111900102,171,1134,-963
111900103,46,68,-22
111900104,95,65,30
111900105,200,152,48
111900106,1920,70,1850
111900110,3608,266,3342
111900111,56,272,-216
111900112,1110,1255,-145
111900113,319,85,234
111900118,199,58,141
111900119,185,70,115
111900122,71,47,24
111900123,10,28,-18
111900124,15,198,-183
111900125,276,6,270
111900126,133,2,131
111900127,1,817,-816
111900128,1,778,-777
111900129,100,8,92
111900130,85,6,79
111900131,232,4,228
111900132,21,1859,-1838
111900133,13,548,-535
111900134,29,408,-379
111900135,5,12,-7
111900136,53,102,-49
111900137,83,70,13
111900138,13,162,-149
111900139,24,326,-302
111900140,51,18,33
111900141,54,16,38
111900142,50,31,19
111900143,4,289,-285
111900144,0,174,-174
111900145,3,965,-962
111900146,1,490,-489
111900147,176,751,-575
111900148,17,1319,-1302
111900149,4,497,-493
111900150,14,219,-205
111900151,2,20,-18
111900152,111,69,42
111900153,2344,246,2098
111900154,6,139,-133
111900155,35,46,-11
111900156,19,38,-19
111900157,56,14,42
111900158,205,16,189
111900159,116,4,112
111900160,139,0,139
111900161,45,0,45
111900162,1538,286,1252
111900163,40,494,-454
111900164,67,37,30
111901113,246,468,-222
111901114,155,455,-300
111901115,38,0,38
111901116,44,2,42
111901117,21,38,-17
111901118,202,171,31
111901119,1837,97,1740
111901121,209,533,-324
111901122,6,885,-879
111901123,72,572,-500
111901124,95,2,93
111901125,211,286,-75
111901127,1322,184,1138
111901129,11,152,-141
111901130,27,733,-706
111901131,2,399,-397
111901132,84,15,69
111901133,22,2,20
111901134,55,1,54
111901135,8,5,3
111901136,18,22,-4
111901138,74,34,40
111901139,28,58,-30
111901140,9,145,-136
111901141,6,391,-385
111901142,10,657,-647
111901143,13,552,-539
111901144,27,39,-12
111901145,152,173,-21
111901146,447,38,409
111901147,1691,132,1559
111901148,14,24,-10
111901149,7,2,5
111901150,44,0,44
111901151,0,0,0
111901152,6,91,-85
112000001,1302,1086,216
112000002,760,2474,-1714
112000003,557,1155,-598
112000004,505,2176,-1671
112000005,1733,1771,-38
112000006,1727,2587,-860
112000007,1542,1408,134
112000008,2074,4060,-1986
112000009,4545,4765,-220
112000010,1860,2621,-761
112000011,1755,2780,-1025
112000012,4103,2165,1938
112000013,4852,3242,1610
112000014,2050,641,1409
112000015,2480,2607,-127
112000016,3541,719,2822
112000017,1619,1275,344
112000024,2835,776,2059
112000026,5303,6064,-761
112000027,908,490,418
112000028,2227,2111,116
112000029,300,470,-170
112000030,274,112,162
112000031,1213,2757,-1544
112000032,413,47,366
112000033,1454,833,621
112000034,186,35,151
112000035,63,237,-174
112000036,807,626,181
112000037,801,825,-24
112000038,939,835,104
112000039,41,120,-79
112000040,127,312,-185
112000041,503,601,-98
112000042,1202,333,869
112000050,778,1435,-657
112000051,627,828,-201
112000054,1714,2970,-1256
112000057,463,382,81
112000058,296,474,-178
112000059,607,740,-133
112000061,5164,2105,3059
112000062,1976,632,1344
112000063,1815,1042,773
112000064,5197,6951,-1754
112000065,2725,3368,-643
112000066,3064,1168,1896
112000067,822,813,9
112000068,2113,1492,621
112000069,638,2337,-1699
112000070,1458,664,794
112000071,684,3563,-2879
112000072,1057,1070,-13
112000073,1044,1818,-774
112000074,847,842,5
112000075,1017,1122,-105
112000076,3293,3355,-62
112000077,363,775,-412
112000078,981,765,216
112000079,848,1389,-541
112000080,534,1036,-502
112000081,1431,2079,-648
112000082,1042,749,293
112000083,535,1791,-1256
112000084,982,790,192
112000085,828,1856,-1028
112000086,1154,2044,-890
112000087,233,1139,-906
112000088,315,884,-569
112000089,155,351,-196
112000090,160,461,-301
112000091,608,1401,-793
112000092,1165,1015,150
112000093,1432,1341,91
112000094,415,862,-447
112000095,491,806,-315
112000096,322,723,-401
112000097,673,531,142
112000098,901,2072,-1171
112000099,530,731,-201
112000100,883,1211,-328
112000101,322,1107,-785
112000102,523,869,-346
112000103,274,1575,-1301
112000105,648,3340,-2692
112000106,1043,732,311
112000107,62,160,-98
112000108,217,2629,-2412
112000109,121,151,-30
112000110,1206,588,618
112000111,1266,4654,-3388
112000112,2243,668,1575
112000113,918,2382,-1464
112000114,1594,1123,471
112000115,229,733,-504
112000116,310,1296,-986
112000117,879,1383,-504
112000118,959,946,13
112000119,386,1301,-915
112000120,46,508,-462
112000121,66,1028,-962
112000122,197,154,43
112000123,310,153,157
112000124,162,59,103
112000125,114,144,-30
112000126,91,1295,-1204
112000127,2049,1463,586
112000128,1020,632,388
112000129,87,148,-61
112000130,126,57,69
112000131,16,584,-568
112000132,115,366,-251
112000133,211,495,-284
112000134,323,444,-121
112000135,554,820,-266
112000136,846,1527,-681
112000137,846,1818,-972
112000138,1108,1222,-114
112000139,1177,352,825
112000140,1047,1568,-521
112000141,449,286,163
112000142,170,1287,-1117
112000143,743,234,509
112000144,258,2588,-2330
112000145,1399,766,633
112000146,600,3405,-2805
112000147,1384,1763,-379
112000148,1544,3420,-1876
112000149,222,1260,-1038
112000150,134,871,-737
112000151,373,864,-491
112000152,188,462,-274
112000153,238,355,-117
112000154,108,126,-18
112000155,199,132,67
112000157,699,487,212
112000158,194,1247,-1053
112000159,273,328,-55
112000167,212,46,166
112000169,349,327,22
112000173,353,211,142
112000175,250,589,-339
112000176,4140,1962,2178
112000177,338,107,231
112000178,59,775,-716
112000179,115,217,-102
112000180,162,288,-126
112000181,1020,2495,-1475
112000182,519,2410,-1891
112000183,25,44,-19
112000184,217,798,-581
112000185,273,658,-385
112000187,2740,2194,546
112000195,131,9,122
112000196,78,0,78
112000197,45,64,-19
112000198,36,400,-364
112000199,1207,1013,194
112000202,213,0,213
112000216,56,222,-166
112000230,40,3,37
112000231,4,377,-373
112000256,28,181,-153
112000313,133,160,-27
112000314,23,18,5
112000337,168,615,-447
112000352,330,227,103
112000392,2042,1480,562
112000398,701,718,-17
112000399,3141,1419,1722
112000400,1933,4961,-3028
112000401,2599,3007,-408
112000402,1348,2099,-751
112000403,1751,1764,-13
112000404,378,586,-208
112000405,1207,2331,-1124
112000406,3599,3828,-229
112000407,3730,5580,-1850
112000408,8726,8300,426
112000409,1643,6156,-4513
112000410,312,114,198
112000411,6579,747,5832
112000412,1315,380,935
112000413,12346,2529,9817
112000414,81,185,-104
112000415,87,82,5
112000416,1461,1340,121
112000417,214,74,140
112000421,34,200,-166
112000422,274,820,-546
112000424,3489,1699,1790
112000425,358,2332,-1974
112000426,105,267,-162
112000427,0,19,-19
112000428,136,784,-648
112000429,2101,3098,-997
112000430,2116,3284,-1168
112000431,93,136,-43
112000432,603,3324,-2721
112000433,506,778,-272
112000437,39,382,-343
112900001,38,3,35
112900002,192,1745,-1553
112900003,40,465,-425
112900004,15,366,-351
112900005,100,231,-131
112900007,9,201,-192
112900008,4,25,-21
112900009,280,76,204
112900010,121,990,-869
112900011,500,353,147
112900012,0,80,-80
112900013,3,194,-191
112900014,1,389,-388
112900015,310,1063,-753
112900016,1,326,-325
112900017,44,321,-277
112900018,90,1217,-1127
112900019,74,148,-74
112900020,434,1979,-1545
112900021,3,458,-455
112900022,9,100,-91
112900023,1,424,-423
112900024,27,267,-240
112900025,80,332,-252
112900026,6,463,-457
112900027,10,1710,-1700
112900028,20,190,-170
112900029,15,1004,-989
112900030,304,222,82
112900031,9,659,-650
112900032,123,274,-151
112900034,0,82,-82
112900035,8,680,-672
112900036,23,162,-139
112900037,117,167,-50
112900038,313,128,185
112900039,18,439,-421
112900040,4,381,-377
112900041,1380,718,662
112900042,41,743,-702
112900043,14,35,-21
112900044,967,435,532
112900045,517,317,200
112900046,254,54,200
112900047,10,16,-6
112900049,99,64,35
112900050,68,609,-541
112900051,337,929,-592
112900052,13,1695,-1682
112900053,348,135,213
112900054,254,18,236
112900055,113,25,88
112900056,320,114,206
112900057,8,922,-914
112900058,226,156,70
112900059,128,143,-15
112900060,6,359,-353
112900061,48,149,-101
112900062,37,189,-152
112900063,120,10,110
112900064,150,318,-168
112900065,16,5,11
112900066,103,58,45
112900067,582,139,443
112900068,27,18,9
112900069,2797,463,2334
112900071,12,6,6
112900072,455,838,-383
112900073,211,46,165
112900074,72,145,-73
112900075,2428,551,1877
112900076,111,6,105
112900078,179,233,-54
112900079,192,31,161
112900080,13,7,6
112900081,35,128,-93
112900082,226,21,205
112900083,64,39,25
112900084,95,56,39
112900086,43,1,42
112900087,302,79,223
112900088,73,2,71
112900089,401,11,390
112900090,19,5,14
112900091,99,2,97
112900092,130,166,-36
112900093,812,11,801
112900095,31,0,31
112900096,210,94,116
112900097,37,521,-484
112900098,22,1,21
112900099,366,7,359
112900100,15,1,14
112900101,132,2,130
112900102,63,6,57
112900103,121,9,112
112900104,366,1,365
112900105,20,0,20
112900106,297,74,223
112900107,3,0,3
112900108,27,0,27
112900109,39,0,39
112900110,484,9,475
112900111,364,1,363
112900112,199,0,199
112900113,0,21,-21
112900114,43,15,28
112900115,425,1,424
112900116,23,28,-5
112900117,253,175,78
112900118,24,103,-79
112900119,124,0,124
112900120,750,220,530
112900121,375,145,230
112900122,21,182,-161
112900123,147,9,138
112900124,5,157,-152
112900125,32,336,-304
112900126,118,225,-107
112900127,245,47,198
112900128,485,1042,-557
112900129,3,1193,-1190
112900130,157,60,97
112900131,51,350,-299
112900132,49,675,-626
112900133,28,1358,-1330
112900134,1,340,-339
112900135,58,22,36
112900137,17,930,-913
112900138,3,629,-626
112900139,195,1395,-1200
112900141,306,32,274
112900142,54,77,-23
112900143,42,853,-811
112900144,13,1714,-1701
112900145,76,591,-515
112900146,13,2245,-2232
112900147,6,3113,-3107
112900148,24,0,24
112900149,167,658,-491
112900151,18,48,-30
112900152,6472,899,5573
112900153,1982,1018,964
112900154,1,114,-113
112900155,90,6,84
112900156,173,2048,-1875
112900157,162,420,-258
112900158,40,8,32
112900159,133,47,86
112900160,25,337,-312
112900161,47,21,26
112900162,45,17,28
112900163,146,23,123
112900164,36,133,-97
112900165,86,34,52
112900166,23,58,-35
112900167,1,37,-36
112900168,0,1,-1
112900169,6,9,-3
112900170,29,148,-119
112900172,83,6,77
112900173,223,76,147
112900174,243,25,218
112900175,146,87,59
112900176,15,21,-6
112900177,199,32,167
112900178,471,1548,-1077
112900179,46,623,-577
112900180,999,2365,-1366
112900181,262,1,261
112900182,33,1697,-1664
112900183,129,185,-56
112900184,520,315,205
112900185,221,412,-191
112900186,1485,542,943
112900187,70,279,-209
112900188,537,252,285
112900189,0,17,-17
112900190,1,56,-55
112900192,303,300,3
112900193,773,230,543
112900194,28,186,-158
112900195,416,34,382
112900196,254,582,-328
112900197,110,442,-332
112900199,160,508,-348
112900200,258,340,-82
112900201,45,97,-52
112900202,204,1160,-956
112900203,92,442,-350
112900204,895,401,494
112900205,5,35,-30
112900206,3,72,-69
112900207,6,0,6
112900208,82,104,-22
112900209,487,492,-5
112900210,0,9,-9
112900211,56,47,9
112900212,1,107,-106
112900213,9,8,1
112900214,24,4,20
112900215,6,222,-216
112900216,27,62,-35
112900217,0,67,-67
112900218,7,8,-1
112900219,30,83,-53
112900220,1,0,1
112900221,7,246,-239
112900222,0,16,-16
112900223,500,7,493
112900224,175,1038,-863
112900225,285,724,-439
112900226,165,249,-84
112900227,182,1180,-998
112900228,19,21,-2
112900229,33,86,-53
112900230,8497,3105,5392
112900232,156,106,50
112900233,37,233,-196
112900234,4,173,-169
112900235,43,26,17
112900236,112,7,105
112900237,92,768,-676
112900238,1,55,-54
112900239,759,324,435
112900240,12,251,-239
112900241,6,294,-288
112900242,8,579,-571
112900243,3,406,-403
112900244,3,236,-233
112900245,0,68,-68
112900246,0,19,-19
112900247,115,21,94
112900248,22,2,20
112900249,26,3,23
112900250,23,29,-6
112900251,29,9,20
112900252,54,34,20
112900253,14,16,-2
112900254,4,5,-1
112900255,0,24,-24
112900256,7,24,-17
112900257,18,7,11
112900258,7,33,-26
113000001,4630,6458,-1828
113000002,3499,4434,-935
113000003,1867,2715,-848
113000004,1973,2840,-867
113000005,1315,1321,-6
113000006,970,1635,-665
113000007,1437,1574,-137
113000008,1364,2330,-966
113000009,790,1043,-253
113000010,976,1869,-893
113000011,789,1718,-929
113000012,860,1080,-220
113000013,1005,516,489
113000014,1773,1344,429
113000015,469,232,237
113000016,360,336,24
113000017,35,294,-259
113000018,276,62,214
113000019,21,249,-228
113000020,154,15,139
113000021,1761,663,1098
113000022,663,1789,-1126
113000025,78,353,-275
113000026,257,482,-225
113000027,1286,434,852
113000028,1008,426,582
113000029,952,780,172
113000030,567,561,6
113000031,313,287,26
113000032,302,381,-79
113000033,268,463,-195
113000034,381,408,-27
113000035,21,37,-16
113000036,24,45,-21
113000037,69,26,43
113000038,13,55,-42
113000039,75,659,-584
113000040,48,114,-66
113000042,840,628,212
113000051,651,2523,-1872
113000052,2562,1215,1347
113000053,314,704,-390
113000054,223,1006,-783
113000055,862,1255,-393
113000056,767,1731,-964
113000058,646,899,-253
113000059,1354,711,643
113000060,134,564,-430
113000061,856,933,-77
113000062,1679,259,1420
113000063,97,416,-319
113000064,18,548,-530
113000065,130,1629,-1499
113000066,488,142,346
113000067,1229,1513,-284
113000068,344,2798,-2454
113000069,472,2003,-1531
113000070,1312,1000,312
113000071,301,927,-626
113000072,518,461,57
113000073,508,1804,-1296
113000074,781,373,408
113000075,2063,664,1399
113000076,1472,2245,-773
113000077,1323,555,768
113000078,806,2118,-1312
113000079,661,697,-36
113000080,674,642,32
113000081,648,831,-183
113000082,991,735,256
113000083,480,869,-389
113000084,1495,1148,347
113000085,781,722,59
113000086,1013,1404,-391
113000087,1032,871,161
113000088,2213,1396,817
113000089,1015,1390,-375
113000090,239,487,-248
113000091,788,365,423
113000094,907,223,684
113000095,280,1462,-1182
113000096,196,1143,-947
113000097,764,350,414
113000098,91,62,29
113000099,841,373,468
113000100,139,559,-420
113000101,388,725,-337
113000102,502,399,103
113000103,2901,644,2257
113000104,421,3456,-3035
113000105,430,656,-226
113000106,292,562,-270
113000107,704,1363,-659
113000108,1019,1806,-787
113000109,510,5038,-4528
113000110,1643,639,1004
113000111,194,897,-703
113000112,346,514,-168
113000113,1689,514,1175
113000114,332,1509,-1177
113000116,702,301,401
113000117,1031,147,884
113000118,154,355,-201
113000119,228,363,-135
113000120,28,183,-155
113000121,466,975,-509
113000124,184,169,15
113000125,58,685,-627
113000127,4244,573,3671
113000128,548,423,125
113000129,465,1598,-1133
113000133,5368,1367,4001
113000134,7,1357,-1350
113000135,3165,3326,-161
113000137,2029,2358,-329
113000139,293,153,140
113000140,138,328,-190
113000141,231,114,117
113000142,497,1105,-608
113000143,270,214,56
113000144,283,717,-434
113000145,37,193,-156
113000146,114,115,-1
113000147,127,145,-18
113000148,104,202,-98
113000149,67,119,-52
113000150,469,422,47
113000151,69,86,-17
113000152,30,168,-138
113000153,1887,452,1435
113000154,575,1620,-1045
113000155,254,428,-174
113000156,140,399,-259
113000157,255,859,-604
113000158,465,228,237
113000159,607,672,-65
113000160,578,1302,-724
113000161,228,648,-420
113000162,408,443,-35
113000163,84,91,-7
113000164,27,97,-70
113000166,86,104,-18
113000167,10,235,-225
113000168,92,199,-107
113000169,123,104,19
113000170,113,152,-39
113000171,42,101,-59
113000172,220,96,124
113000173,39,26,13
113000174,152,580,-428
113000175,294,156,138
113000176,390,217,173
113000177,165,499,-334
113000178,124,493,-369
113000179,329,193,136
113000180,691,2117,-1426
113000181,973,1385,-412
113000182,239,439,-200
113000183,204,679,-475
113000184,19,83,-64
113000189,506,739,-233
113000190,1174,612,562
113000192,3405,1393,2012
113000193,6320,1137,5183
113000194,2657,1195,1462
113000195,2749,542,2207
113000196,162,112,50
113000197,1473,985,488
113000198,66,395,-329
113000199,750,428,322
113000201,1289,188,1101
113000202,4564,3346,1218
113000203,598,318,280
113000204,2158,1426,732
113000205,22,29,-7
113000206,9,35,-26
113000207,69,14,55
113000208,39,52,-13
113000209,9,28,-19
113000210,9,27,-18
113000211,365,191,174
113000212,321,41,280
113000213,23,243,-220
113000214,155,354,-199
113000234,168,1588,-1420
113000410,123,159,-36
113000411,2674,4633,-1959
113000412,11129,2724,8405
113000413,3933,2899,1034
113000414,9538,10866,-1328
113000415,2364,3089,-725
113000416,9915,4189,5726
113000417,3042,3134,-92
113000418,3352,2844,508
113000419,1424,1867,-443
113000420,3754,4239,-485
113000421,3806,5315,-1509
113000422,16669,9789,6880
113000423,2314,4221,-1907
113000424,4732,9807,-5075
113000425,5,99,-94
113000428,70,15,55
113000430,17,24,-7
113000432,1554,112,1442
113000433,159,1283,-1124
113000434,17,420,-403
113000435,20,1312,-1292
113000436,74,2037,-1963
113000437,439,24,415
113000438,158,22,136
113000439,20,259,-239
113000440,100,22,78
113000441,149,424,-275
113000442,105,359,-254
113000443,101,510,-409
113000444,135,501,-366
113000445,65,250,-185
113000446,64,122,-58
113000448,554,192,362
113000449,430,1380,-950
113000450,951,5014,-4063
113000451,3033,215,2818
113000452,532,701,-169
113000453,210,439,-229
113000454,2109,33,2076
113000455,99,198,-99
113000456,3493,2094,1399
113000468,3704,287,3417
113000469,407,89,318
113000470,835,127,708
113000471,18,703,-685
113000472,87,365,-278
113000474,365,723,-358
113000475,1597,2344,-747
113000476,858,2017,-1159
113000477,1873,2198,-325
113000478,3890,7311,-3421
113000479,18,348,-330
113000484,0,0,0
113000485,2,0,2
113000486,10,0,10
113000487,0,0,0
113000488,0,0,0
113000489,0,2,-2
113000490,0,2,-2
113000491,6,29,-23
113000492,0,10,-10
113000493,0,0,0
113000495,285,306,-21
113000496,139,152,-13
113000499,0,0,0
113900001,7,284,-277
113900002,2,311,-309
113900003,0,286,-286
113900004,0,86,-86
113900005,7,61,-54
113900006,0,73,-73
113900007,142,0,142
113900008,120,0,120
113900009,594,1,593
113900010,252,4,248
113900011,61,1,60
113900012,13,0,13
113900013,1680,14,1666
113900014,686,1,685
113900015,7,55,-48
113900016,21,0,21
113900017,0,84,-84
113900018,530,149,381
113900019,81,35,46
113900020,53,1,52
113900022,13,0,13
113900023,9,1,8
113900024,36,82,-46
113900025,284,15,269
113900026,42,0,42
113900027,6,148,-142
113900028,20,631,-611
113900029,37,387,-350
113900030,139,1,138
113900031,4,0,4
113900032,7,1,6
113900033,75,94,-19
113900035,49,1,48
113900036,13,178,-165
113900037,40,752,-712
113900038,127,95,32
113900039,85,7,78
113900040,4,7,-3
113900041,4,0,4
113900042,64,43,21
113900043,210,137,73
113900044,164,63,101
113900045,62,0,62
113900046,142,801,-659
113900047,61,192,-131
113900048,341,57,284
113900049,1015,287,728
113900050,149,472,-323
113900051,199,484,-285
113900052,148,136,12
113900053,370,212,158
113900054,3,27,-24
113900055,73,583,-510
113900056,73,187,-114
113900057,18,101,-83
113900058,51,257,-206
113900059,212,417,-205
113900060,67,203,-136
113900061,900,128,772
113900062,82,9,73
113900063,75,171,-96
113900064,9,182,-173
113900065,611,25,586
113900066,226,567,-341
113900067,60,376,-316
113900068,404,343,61
113900069,30,33,-3
113900070,178,411,-233
113900071,68,114,-46
113900072,41,184,-143
113900073,139,416,-277
113900074,32,486,-454
113900075,1054,1010,44
113900076,120,6,114
113900077,23,240,-217
113900078,46,96,-50
113900079,0,76,-76
113900080,272,167,105
113900081,50,251,-201
113900082,95,264,-169
113900083,110,784,-674
113900084,290,89,201
113900085,27,420,-393
113900086,36,12,24
113900087,27,215,-188
113900088,56,54,2
113900089,353,38,315
113900090,437,272,165
113900091,17,35,-18
113900092,43,73,-30
113900093,81,625,-544
113900094,239,502,-263
113900095,88,91,-3
113900096,112,46,66
113900097,5,119,-114
113900098,535,75,460
113900099,1,76,-75
113900100,0,1,-1
113900101,16,55,-39
113900102,131,98,33
113900103,208,224,-16
113900104,92,167,-75
113900105,35,527,-492
113900106,1,132,-131
113900107,1,41,-40
113900108,268,155,113
113900109,285,117,168
113900110,43,16,27
113900111,66,79,-13
113900112,180,138,42
113900113,698,476,222
113900114,1,164,-163
113900115,1,118,-117
113900116,101,99,2
113900117,83,26,57
113900118,206,135,71
113900119,265,409,-144
113900120,40,33,7
113900121,28,79,-51
113900122,318,1715,-1397
113900123,428,226,202
113900124,5,95,-90
113900125,1379,131,1248
113900126,137,48,89
113900127,237,438,-201
113900128,72,56,16
113900129,11,125,-114
113900130,0,12,-12
113900131,151,79,72
113900132,42,30,12
113900133,17,45,-28
113900135,290,585,-295
113900136,103,74,29
113900137,317,203,114
113900138,53,164,-111
113900139,564,119,445
113900140,360,259,101
113900141,266,695,-429
113900142,91,90,1
113900143,7,24,-17
113900144,253,149,104
113900145,251,246,5
113900146,70,75,-5
113900148,198,245,-47
113900149,145,50,95
113900150,837,625,212
113900151,209,238,-29
113900152,7,46,-39
113900153,428,557,-129
113900154,2,94,-92
113900155,201,111,90
113900156,287,729,-442
113900157,18,162,-144
113900158,273,200,73
113900159,19,207,-188
113900160,397,807,-410
113900161,30,212,-182
113900162,384,458,-74
113900163,270,232,38
113900164,277,38,239
113900165,517,479,38
113900166,224,138,86
113900167,184,35,149
113900168,169,95,74
113900169,189,370,-181
113900171,58,41,17
113900172,4,302,-298
113900173,31,772,-741
113900174,386,643,-257
113900175,232,78,154
113900176,186,676,-490
113900177,316,234,82
113900178,167,95,72
113900179,26,923,-897
113900180,166,116,50
113900181,445,102,343
113900182,378,984,-606
113900183,41,80,-39
113900184,18,838,-820
113900185,125,84,41
113900186,27,45,-18
113900187,19,142,-123
113900188,55,141,-86
113900189,246,89,157
113900190,306,113,193
113900191,84,242,-158
113900192,2238,1171,1067
113900193,46,349,-303
113900194,2713,1047,1666
113900195,257,476,-219
113900196,2,122,-120
113900197,5,447,-442
113900198,14,161,-147
113900199,182,731,-549
113900200,17,257,-240
113900201,0,377,-377
113900202,43,293,-250
113900203,11,206,-195
113900204,42,674,-632
113900205,9,149,-140
113900206,5,185,-180
113900207,0,70,-70
113900208,0,47,-47
113900209,0,101,-101
113900210,651,493,158
113900211,114,60,54
113900212,139,689,-550
113900214,348,448,-100
113900215,31,127,-96
113900216,38,1579,-1541
113900217,38,437,-399
113900218,89,87,2
113900219,172,626,-454
113900220,94,72,22
113900221,274,131,143
113900222,1641,441,1200
113900223,118,1402,-1284
113900224,125,88,37
113900225,820,198,622
113900226,255,104,151
113900227,230,158,72
113900228,292,286,6
113900229,57,558,-501
113900230,4287,1856,2431
113900231,114,245,-131
113900232,60,95,-35
113900233,31,60,-29
113900234,194,395,-201
113900235,46,24,22
113900236,60,487,-427
113900237,98,3,95
113900238,177,376,-199
113900239,63,85,-22
113900240,4,84,-80
113900241,69,76,-7
113900242,43,143,-100
113900243,118,446,-328
113900244,404,211,193
113900245,1233,204,1029
113900246,14,16,-2
113900247,158,240,-82
113900248,3822,1588,2234
113900249,1582,249,1333
113900250,61,145,-84
113900251,458,330,128
113900252,332,9,323
113900253,527,38,489
113900254,589,105,484
113900255,284,23,261
113900256,332,29,303
113900257,27,1102,-1075
113900258,12,724,-712
113900259,350,298,52
113900260,86,22,64
113900261,28,140,-112
113900262,141,963,-822
113900263,155,665,-510
113900264,6,803,-797
113900265,120,253,-133
113900266,38,312,-274
113900267,159,517,-358
113900268,171,315,-144
113900269,60,154,-94
113900270,372,303,69
113900271,431,1390,-959
113900273,107,0,107
113900274,35,10,25
113900275,21,59,-38
113900276,2,371,-369
113900277,58,2,56
113900278,250,145,105
113900279,79,134,-55
113900280,1093,728,365
113900281,298,955,-657
113900282,1219,493,726
113900283,273,444,-171
113900284,615,163,452
113900285,100,47,53
113900286,7,132,-125
113900287,16,30,-14
113900288,1,72,-71
113900289,1606,98,1508
113900290,568,151,417
113900291,145,172,-27
113900292,3,5,-2
113900293,20,244,-224
113900294,332,16,316
113900295,409,289,120
113900296,1557,170,1387
113900297,704,30,674
113900298,5,2005,-2000
113900299,33,235,-202
113900300,4403,1567,2836
113900301,1062,414,648
113900302,2940,679,2261
113900303,646,280,366
113900304,2,171,-169
113900305,56,2,54
113900306,9,0,9
113900307,36,0,36
113900308,79,109,-30
113900309,3,1103,-1100
113900310,0,17,-17
113900311,3,0,3
113900312,110,146,-36
113900313,20,12,8
113900314,5,59,-54
113900315,32,3,29
114000001,1009,4538,-3529
114000002,161,594,-433
114000003,161,1652,-1491
114000004,277,488,-211
114000005,159,279,-120
114000006,2636,2634,2
114000007,550,1658,-1108
114000008,1262,1159,103
114000009,364,201,163
114000011,2136,4753,-2617
114000012,1465,3769,-2304
114000013,1184,2859,-1675
114000014,474,880,-406
114000015,1024,664,360
114000016,196,569,-373
114000017,108,150,-42
114000018,762,91,671
114000026,877,2248,-1371
114000027,1736,2590,-854
114000028,1773,2299,-526
114000038,130,120,10
114000039,170,405,-235
114000040,62,145,-83
114000042,87,235,-148
114000043,250,338,-88
114000044,181,245,-64
114000045,54,130,-76
114000046,2297,5833,-3536
114000047,5,75,-70
114000048,121,228,-107
114000049,1261,1359,-98
114000050,1474,1563,-89
114000051,3064,1758,1306
114000052,2533,1091,1442
114000053,46,680,-634
114000054,136,2000,-1864
114000055,228,20,208
114000056,1035,668,367
114000057,12233,2535,9698
114000058,477,890,-413
114000059,300,208,92
114000060,523,784,-261
114000061,3445,1779,1666
114000062,2227,842,1385
114000063,3144,1629,1515
114000064,7420,2885,4535
114000065,1850,2639,-789
114000066,338,736,-398
114000067,8,369,-361
114000068,300,486,-186
114000069,556,506,50
114000070,2121,1396,725
114000071,396,578,-182
114000072,238,619,-381
114000073,41,136,-95
114000074,21,19,2
114000075,42,238,-196
114000076,12,208,-196
114000077,9,85,-76
114000078,145,1233,-1088
114000079,75,28,47
114000080,67,72,-5
114000081,37,77,-40
114000082,29,692,-663
114000083,37,376,-339
114000084,153,71,82
114000085,114,967,-853
114000086,186,825,-639
114000087,41,286,-245
114000088,30,50,-20
114000089,2323,447,1876
114000090,476,524,-48
114000091,1136,544,592
114000092,677,286,391
114000093,681,673,8
114000094,271,435,-164
114000095,126,126,0
114000096,105,709,-604
114000097,142,1123,-981
114000098,242,86,156
114000099,300,1598,-1298
114000100,672,935,-263
114000101,295,1293,-998
114000102,292,425,-133
114000103,70,653,-583
114000104,16,484,-468
114000105,41,55,-14
114000106,1549,536,1013
114000107,172,144,28
114000108,6692,1912,4780
114000109,355,929,-574
114000110,498,2573,-2075
114000111,797,566,231
114000112,413,4425,-4012
114000113,906,475,431
114000114,1154,3041,-1887
114000115,1507,855,652
114000116,414,923,-509
114000117,1458,358,1100
114000118,1581,364,1217
114000119,889,377,512
114000120,549,1304,-755
114000121,467,777,-310
114000122,345,325,20
114000123,965,351,614
114000124,559,360,199
114000125,931,2501,-1570
114000126,886,263,623
114000127,120,205,-85
114000128,772,834,-62
114000130,385,574,-189
114000131,167,47,120
114000132,627,872,-245
114000133,920,1865,-945
114000134,38,232,-194
114000138,22,166,-144
114000139,222,165,57
114000144,448,416,32
114000145,60,168,-108
114000146,75,344,-269
114000147,827,1105,-278
114000148,3038,1511,1527
114000149,250,240,10
114000150,1956,1102,854
114000151,2719,1232,1487
114000152,126,29,97
114000153,1300,1928,-628
114000154,760,918,-158
114000155,1057,1659,-602
114000156,697,466,231
114000157,286,967,-681
114000158,2724,723,2001
114000159,226,412,-186
114000160,97,224,-127
114000161,1341,1708,-367
114000162,701,1186,-485
114000163,19,147,-128
114000165,229,142,87
114000166,559,256,303
114000167,5609,1262,4347
114000168,703,636,67
114000169,1711,723,988
114000170,797,777,20
114000171,743,1735,-992
114000174,168,482,-314
114000176,669,366,303
114000177,3261,724,2537
114000178,34,70,-36
114000179,1187,832,355
114000180,538,576,-38
114000181,1417,2459,-1042
114000182,7439,2633,4806
114000183,859,1216,-357
114000184,9383,1681,7702
114000185,770,968,-198
114000189,378,101,277
114000190,1451,214,1237
114000191,26,47,-21
114000192,343,2576,-2233
114000193,1164,4939,-3775
114000194,1239,1735,-496
114000195,87,24,63
114000196,0,601,-601
114000197,767,144,623
114000198,1562,458,1104
114000199,2362,1203,1159
114000200,531,3287,-2756
114000201,116,1503,-1387
114000202,848,1261,-413
114000203,591,1521,-930
114000204,124,580,-456
114000205,199,2282,-2083
114000206,393,1601,-1208
114000207,794,3010,-2216
114000208,435,5070,-4635
114000209,755,4899,-4144
114000210,447,2586,-2139
114000211,914,1995,-1081
114000212,457,892,-435
114000213,988,757,231
114000214,73,216,-143
114000215,123,118,5
114000216,908,421,487
114000217,146,501,-355
114000218,103,427,-324
114000219,779,345,434
114000220,24,2807,-2783
114000221,474,128,346
114000222,244,1983,-1739
114000223,329,103,226
114000224,150,1219,-1069
114000225,226,730,-504
114000226,60,301,-241
114000227,650,602,48
114000228,547,1392,-845
114000229,911,1556,-645
114000230,1357,2090,-733
114000231,823,1564,-741
114000232,438,116,322
114000233,1414,112,1302
114000234,972,1388,-416
114000235,964,2117,-1153
114000236,0,669,-669
114000237,90,1537,-1447
114000238,53,304,-251
114000239,140,1843,-1703
114000240,717,723,-6
114000241,240,1509,-1269
114000242,1041,1331,-290
114000243,1183,992,191
114000244,568,407,161
114000245,419,667,-248
114000246,177,41,136
114000247,681,923,-242
114000248,651,707,-56
114000249,393,734,-341
114000250,269,679,-410
114000251,205,526,-321
114000252,72,123,-51
114000253,18,329,-311
114000254,33,88,-55
114000255,828,199,629
114000256,2073,1014,1059
114000257,1016,2488,-1472
114000258,167,549,-382
114000259,75,387,-312
114000260,0,31,-31
114000261,40,23,17
114000262,36,150,-114
114000263,17,6,11
114000264,548,848,-300
114000265,0,1,-1
114000267,6,1722,-1716
114000268,3,2924,-2921
114000270,101,2,99
114000271,574,106,468
114000283,629,492,137
114000285,41,464,-423
114000288,45,671,-626
114000289,774,254,520
114000293,119,596,-477
114000294,171,252,-81
114000395,1299,101,1198
114000396,276,370,-94
114000402,308,461,-153
114000403,223,840,-617
114000405,71,873,-802
114000423,162,698,-536
114000424,172,232,-60
114000425,257,873,-616
114000426,270,745,-475
114000427,37,97,-60
114000428,323,93,230
114000429,16,209,-193
114000432,67,250,-183
114000434,35,108,-73
114000435,2,154,-152
114900001,358,2134,-1776
114900002,340,77,263
114900003,308,3253,-2945
114900004,181,202,-21
114900005,384,1239,-855
114900006,31,30,1
114900007,104,21,83
114900008,95,59,36
114900010,2669,1755,914
114900011,81,82,-1
114900013,108,108,0
114900018,776,52,724
114900020,148,52,96
114900022,42,1014,-972
114900025,192,349,-157
114900026,63,81,-18
114900029,62,41,21
114900030,200,367,-167
114900031,192,54,138
114900032,126,34,92
114900034,46,248,-202
114900035,117,256,-139
114900036,213,1366,-1153
114900039,354,778,-424
114900040,94,382,-288
114900041,397,733,-336
114900042,483,910,-427
114900044,73,14,59
114900047,210,1254,-1044
114900048,55,512,-457
114900049,24,580,-556
114900050,33,1040,-1007
114900051,20,693,-673
114900052,62,254,-192
114900053,50,309,-259
114900054,45,136,-91
114900057,158,14,144
114900058,1,59,-58
114900059,39,25,14
114900063,64,292,-228
114900064,687,642,45
114900065,258,714,-456
114900067,32,408,-376
114900068,81,609,-528
114900069,237,163,74
114900070,311,1017,-706
114900072,11,290,-279
114900073,0,180,-180
114900074,240,1482,-1242
114900075,98,5,93
114900076,2,314,-312
114900080,4641,484,4157
114900082,4401,1502,2899
114900083,918,876,42
114900090,161,226,-65
114900091,183,158,25
114900097,77,1,76
114900098,4,332,-328
114900099,67,6,61
115000001,12002,7357,4645
115000002,3325,3202,123
115000003,4129,5351,-1222
115000004,2665,4479,-1814
115000005,1529,3734,-2205
115000006,673,1530,-857
115000007,98,196,-98
115000008,514,712,-198
115000009,195,636,-441
115000010,342,155,187
115000013,46,198,-152
115000015,92,341,-249
115000016,83,229,-146
115000019,16,299,-283
115000020,225,428,-203
115000021,270,445,-175
115000022,429,314,115
115000023,271,456,-185
115000024,1137,461,676
115000025,706,468,238
115000026,122,418,-296
115000027,170,259,-89
115000028,115,794,-679
115000029,301,154,147
115000030,408,876,-468
115000031,794,201,593
115000032,5,356,-351
115000033,153,27,126
115000034,143,998,-855
115000035,857,55,802
115000036,1,429,-428
115000037,361,5,356
115000038,51,242,-191
115000039,3588,2270,1318
115000040,6473,4370,2103
115000041,991,2383,-1392
115000042,414,651,-237
115000043,2833,3229,-396
115000044,2551,4909,-2358
115000045,2577,3282,-705
115000046,1458,3450,-1992
115000047,1463,2696,-1233
115000048,1282,3131,-1849
115000049,1495,3321,-1826
115000050,3212,2443,769
115000051,2446,2306,140
115000052,4403,2118,2285
115000053,1361,1589,-228
115000054,800,1749,-949
115000055,90,447,-357
115000056,173,259,-86
115000057,373,573,-200
115000058,133,102,31
115000059,130,143,-13
115000061,204,128,76
115000062,249,346,-97
115000063,218,459,-241
115000064,189,190,-1
115000065,29,340,-311
115000067,371,29,342
115000069,42,316,-274
115000070,26,710,-684
115000071,143,9,134
115000072,12,71,-59
115000073,1531,43,1488
115000075,53,71,-18
115000076,4577,4354,223
115000077,1303,4895,-3592
115000078,769,2650,-1881
115000079,827,3211,-2384
115000080,1541,3879,-2338
115000081,426,1116,-690
115000082,2665,3329,-664
115000083,1774,4101,-2327
115000084,1212,1610,-398
115000085,507,1082,-575
115000086,652,1331,-679
115000087,593,1591,-998
115000088,1879,698,1181
115000089,1614,1569,45
115000090,834,873,-39
115000091,540,1428,-888
115000092,288,421,-133
115000093,357,4,353
115000094,11823,5201,6622
115000095,7975,4602,3373
115000096,515,3153,-2638
115000097,537,886,-349
115000098,560,940,-380
115000099,1733,5437,-3704
115000100,686,725,-39
115000101,508,1924,-1416
115000102,344,202,142
115000103,471,1140,-669
115000105,59,316,-257
115000106,331,291,40
115000107,120,764,-644
115000108,5043,2955,2088
115000109,7409,3004,4405
115000110,1142,829,313
115000111,608,1553,-945
115000112,472,517,-45
115000113,633,700,-67
115000114,1472,721,751
115000116,3416,1326,2090
115000117,4585,1913,2672
115000118,1373,1472,-99
115000119,1667,1727,-60
115000120,489,781,-292
115000121,1437,854,583
115000122,2845,1217,1628
115000123,1523,1398,125
115000124,663,924,-261
115000125,426,715,-289
115000126,101,261,-160
115000127,324,111,213
115000128,1713,878,835
115000129,263,261,2
115000130,295,1140,-845
115000131,490,279,211
115000132,161,775,-614
115000133,339,471,-132
115000134,360,386,-26
115000135,165,325,-160
115000136,126,417,-291
115000137,104,227,-123
115000138,184,407,-223
115000139,236,286,-50
115000140,137,136,1
115000141,144,445,-301
115000142,109,403,-294
115000143,355,550,-195
115000144,375,353,22
115000145,168,591,-423
115000146,206,254,-48
115000147,933,688,245
115000148,271,1978,-1707
115000149,442,198,244
115000150,633,1620,-987
115000151,660,566,94
115000152,566,2383,-1817
115000153,731,477,254
115000154,484,333,151
115000155,613,1563,-950
115000156,1271,575,696
115000157,919,1129,-210
115000158,613,393,220
115000159,889,291,598
115000160,608,266,342
115000161,167,654,-487
115000162,629,518,111
115000163,788,659,129
115000164,606,569,37
115000165,273,340,-67
115000167,140,117,23
115000168,482,197,285
115000169,580,288,292
115000170,144,118,26
115000171,218,167,51
115000172,2454,574,1880
115000173,307,288,19
115000174,67,248,-181
115000175,149,93,56
115000176,68,38,30
115000177,56,56,0
115000178,4,304,-300
115000179,31,20,11
115000180,72,805,-733
115000181,390,154,236
115000182,373,490,-117
115000183,171,1317,-1146
115000186,497,241,256
115000187,141,824,-683
115000188,318,583,-265
115000189,182,412,-230
115000190,810,582,228
115000191,247,413,-166
115000194,147,196,-49
115000195,274,312,-38
115000196,87,161,-74
115000197,94,555,-461
115000198,135,339,-204
115000199,120,571,-451
115000200,229,158,71
115000201,114,489,-375
115000206,229,110,119
115000207,36,332,-296
115000208,668,894,-226
115000209,384,164,220
115000210,75,121,-46
115000211,154,306,-152
115000212,1700,267,1433
115000224,209,80,129
115000225,62,57,5
115000229,268,133,135
115000230,95,714,-619
115000231,264,3538,-3274
115000232,882,355,527
115000233,108,214,-106
115000234,11,304,-293
115000241,44,356,-312
115000242,66,414,-348
115000243,32,337,-305
115000244,5,117,-112
115000246,142,29,113
115000247,4,3,1
115000248,3,6,-3
115000249,12,5,7
115000250,249,126,123
115000251,396,624,-228
115000252,202,495,-293
115000253,49,187,-138
115000258,235,520,-285
115000259,347,144,203
115000261,1,5,-4
115000262,10,31,-21
115000263,10,67,-57
115000264,62,114,-52
115000267,59,92,-33
115000268,22,165,-143
115000269,81,59,22
115000270,5,39,-34
115000272,37,187,-150
115000273,309,16,293
115000280,2649,122,2527
115000281,544,315,229
115000282,799,396,403
115000284,285,98,187
115000296,833,6,827
115000297,168,64,104
115000298,72,210,-138
115000300,91,218,-127
115000302,237,257,-20
115000303,364,180,184
115000304,375,107,268
115000305,77,1441,-1364
115000306,105,986,-881
115000307,27,470,-443
115000308,112,19,93
115000310,690,1248,-558
115000311,485,1961,-1476
115000313,173,846,-673
115000314,277,88,189
115000315,1253,569,684
115000316,59,76,-17
115000317,90,753,-663
115000318,481,239,242
115000319,40,343,-303
115000320,11,163,-152
115000321,467,5,462
115000322,44,345,-301
115000449,349,149,200
115000557,2,739,-737
115000558,272,84,188
115000587,337,342,-5
115000588,2354,5157,-2803
115000589,2680,3446,-766
115000590,614,1989,-1375
115000591,824,850,-26
115000592,471,1971,-1500
115000593,1079,754,325
115000594,806,2096,-1290
115000609,107,228,-121
115000617,2299,1969,330
115000624,147,121,26
115000633,295,1675,-1380
115000634,2700,627,2073
115000635,345,131,214
115000638,1938,736,1202
115000641,91,112,-21
115000642,522,303,219
115000643,109,592,-483
115000644,217,453,-236
115000646,797,1107,-310
115000647,131,566,-435
115000648,1056,2020,-964
115000893,3559,1396,2163
115000894,86,1087,-1001
115000895,448,936,-488
115000896,1674,342,1332
115000897,435,126,309
115000898,560,232,328
115000899,1177,1424,-247
115000900,116,461,-345
115000901,71,181,-110
115000912,200,83,117
115000913,4,68,-64
115000915,42,0,42
115000916,3,0,3
115000917,0,3,-3
115000918,88,245,-157
115000919,25,5,20
115000920,24,45,-21
115000921,1606,116,1490
115000922,1617,706,911
115000923,594,1094,-500
115000925,66,88,-22
115000927,75,108,-33
115000933,426,234,192
115000934,91,213,-122
115000935,72,128,-56
115000936,73,370,-297
115000937,1662,173,1489
115000938,237,215,22
115000939,283,216,67
115000940,3,6,-3
115000941,2,24,-22
115000942,107,72,35
115000943,84,14,70
115000944,10,15,-5
115900001,50,111,-61
115900002,93,246,-153
115900003,118,162,-44
115900004,5,77,-72
115900005,106,7,99
115900006,48,711,-663
115900008,36,14,22
115900009,64,510,-446
115900010,128,241,-113
115900011,222,375,-153
115900012,82,129,-47
115900013,221,151,70
115900014,64,234,-170
115900015,65,217,-152
115900016,43,30,13
115900017,2,0,2
115900018,155,132,23
115900019,175,17,158
115900020,9,2,7
115900021,1722,118,1604
115900022,3849,2,3847
115900023,15,8,7
115900025,50,200,-150
115900026,789,422,367
115900027,1,477,-476
115900028,628,67,561
115900029,11,694,-683
115900030,9,21,-12
115900031,294,142,152
115900032,285,882,-597
115900033,2,55,-53
115900034,42,728,-686
115900035,25,47,-22
115900036,574,357,217
115900037,41,627,-586
115900038,23,3,20
115900039,126,423,-297
115900041,468,357,111
115900042,7,8,-1
115900043,60,258,-198
115900044,313,154,159
115900046,113,315,-202
115900047,84,72,12
115900049,70,305,-235
115900051,1,74,-73
115900052,17,421,-404
115900053,93,383,-290
115900054,78,78,0
115900055,22,166,-144
115900056,97,444,-347
115900057,22,8,14
115900058,23,79,-56
115900060,37,230,-193
115900061,115,3,112
115900062,16,440,-424
115900063,46,14,32
115900064,135,272,-137
115900065,75,176,-101
115900066,249,243,6
115900067,4,1322,-1318
115900068,4371,450,3921
115900069,24,172,-148
115900070,122,328,-206
115900071,2,917,-915
115900072,71,246,-175
115900073,38,52,-14
115900074,7,460,-453
115900075,14,449,-435
115900076,1,91,-90
115900077,2,518,-516
115900078,29,160,-131
115900079,116,16,100
115900080,643,362,281
115900081,18,115,-97
115900082,160,163,-3
115900084,172,27,145
115900085,54,79,-25
115900086,1970,505,1465
115900088,13,46,-33
115900089,207,937,-730
115900090,139,27,112
115900091,1,19,-18
115900092,27,254,-227
115900093,13,21,-8
115900094,7,535,-528
115900096,0,25,-25
115900097,10,759,-749
115900098,109,768,-659
115900099,33,101,-68
115900100,6,828,-822
115900101,95,636,-541
115900102,54,104,-50
115900103,261,376,-115
115900104,50,233,-183
115900105,90,1009,-919
115900106,29,54,-25
115900107,35,213,-178
115900108,41,52,-11
115900109,34,503,-469
115900110,1,19,-18
115900111,0,88,-88
115900112,31,1231,-1200
115900113,29,36,-7
115900114,2,217,-215
115900115,30,138,-108
115900116,41,1195,-1154
115900117,18,18,0
115900118,6,445,-439
115900119,127,75,52
115900120,24,555,-531
115900121,85,294,-209
115900124,150,393,-243
115900125,172,25,147
115900126,338,56,282
115900127,323,48,275
115900128,12,135,-123
115900129,444,41,403
115900130,40,215,-175
115900131,121,33,88
115900132,288,4,284
115900134,245,12,233
115900135,564,613,-49
115900137,21,2,19
115900139,61,43,18
115900140,108,23,85
115900141,1,32,-31
115900142,11,13,-2
115900143,126,342,-216
115900144,85,260,-175
115900146,9,249,-240
115900147,267,192,75
115900148,7,6,1
115900149,45,23,22
115900150,34,112,-78
115900151,1,65,-64
115900152,77,573,-496
115900153,66,301,-235
115900154,912,292,620
115900155,0,109,-109
115900156,430,705,-275
115900157,86,478,-392
115900158,45,12,33
115900159,52,348,-296
115900160,8,9,-1
115900161,28,248,-220
115900163,103,153,-50
115900164,229,74,155
115900166,142,345,-203
115900168,36,168,-132
115900171,37,534,-497
115900172,31,130,-99
115900173,119,137,-18
115900174,365,212,153
115900175,55,191,-136
115900178,11,1126,-1115
115900179,126,10,116
115900180,39,568,-529
115900181,116,344,-228
115900182,200,376,-176
115900183,63,36,27
115900184,1628,16,1612
115900187,3,113,-110
115900189,0,112,-112
115900190,197,826,-629
115900191,55,588,-533
115900192,9,70,-61
115900193,74,101,-27
115900194,288,65,223
115900195,446,790,-344
115900198,211,298,-87
115900199,134,301,-167
115900200,190,418,-228
115900201,383,367,16
115900202,0,10,-10
115900203,6,4,2
115900204,2,1,1
115900205,36,1,35
115900206,76,146,-70
115900207,11,45,-34
115900208,69,487,-418
115900209,4,196,-192
115900210,5,171,-166
115900211,4,246,-242
115900212,99,248,-149
115900213,88,32,56
115900214,228,348,-120
115900215,24,63,-39
115900216,5,88,-83
115900217,1,135,-134
115900218,4,69,-65
115900219,39,3,36
115900220,78,14,64
115900221,43,23,20
115900222,41,13,28
115900223,13,119,-106
115900224,2320,482,1838
115900225,59,37,22
115900226,13,52,-39
115900227,10,59,-49
115900228,2,68,-66
115900229,4,81,-77
115900230,47,153,-106
115900231,83,7,76
115900232,36,1,35
115900233,53,4,49
115900234,38,26,12
115900235,19,29,-10
115900236,11,13,-2
115900237,14,35,-21
115900238,11,33,-22
115900239,7,40,-33
115900240,12,59,-47
115900241,101,81,20
115900242,322,323,-1
115900243,2,10,-8
115900244,1,24,-23
115900245,42,19,23
115900246,8,0,8
115900247,11,15,-4
115900248,9,4,5
115900249,0,7,-7
115900250,3,16,-13
115900251,0,6,-6
115900252,0,0,0
115900253,9,8,1
115900254,7,20,-13
115900255,2,13,-11
115900256,33,43,-10
115900257,2,5,-3
115900258,0,0,0
115900259,0,0,0
115900260,5,2,3
115900261,1,1,0
115900262,0,1,-1
115900263,7,0,7
115900264,2,5,-3
115900265,0,1,-1
115900266,6,8,-2
115900267,7,5,2
115900268,3,3,0
115900269,163,390,-227
115900270,202,1197,-995
115900271,59,0,59
115900272,27,3,24
115900273,5,12,-7
115900274,5,26,-21
115900275,2,51,-49
115900276,1,96,-95
115900277,1,199,-198
115900278,10,179,-169
115900279,8,173,-165
115900280,6,230,-224
115900281,828,170,658
115900282,16,17,-1
115900283,9,9,0
115900284,4,15,-11
116000001,18666,6134,12532
116000002,3872,6433,-2561
116000003,1523,2511,-988
116000004,2284,1985,299
116000005,3344,4460,-1116
116000006,2298,1265,1033
116000007,3524,5627,-2103
116000008,2086,1708,378
116000009,1874,3265,-1391
116000010,1371,1033,338
116000011,912,2602,-1690
116000012,753,706,47
116000013,21822,4971,16851
116000014,24916,10272,14644
116000015,591,824,-233
116000016,8477,2153,6324
116000017,40,514,-474
116000018,723,507,216
116000019,406,319,87
116000020,396,1606,-1210
116000021,338,300,38
116000022,255,705,-450
116000023,756,566,190
116000024,533,1619,-1086
116000025,588,514,74
116000026,1316,2135,-819
116000027,422,545,-123
116000028,378,670,-292
116000029,866,553,313
116000030,465,411,54
116000031,83,178,-95
116000032,349,237,112
116000033,300,606,-306
116000034,588,999,-411
116000035,322,531,-209
116000036,2275,635,1640
116000037,859,654,205
116000038,752,388,364
116000039,682,317,365
116000040,1533,208,1325
116000041,257,440,-183
116000042,454,176,278
116000043,51,471,-420
116000044,37,219,-182
116000045,1752,1210,542
116000046,1289,1241,48
116000047,2298,2071,227
116000048,2069,1595,474
116000049,927,1911,-984
116000050,1226,1409,-183
116000051,3514,1747,1767
116000052,3421,3722,-301
116000053,1397,1218,179
116000054,675,2197,-1522
116000055,462,1326,-864
116000056,692,1179,-487
116000057,3262,2057,1205
116000058,3232,1865,1367
116000059,3294,4447,-1153
116000060,2736,784,1952
116000061,653,842,-189
116000062,810,279,531
116000063,572,1198,-626
116000066,182,500,-318
116000067,295,770,-475
116000068,228,262,-34
116000069,290,461,-171
116000078,303,1135,-832
116000080,1208,1225,-17
116000082,6,128,-122
116000083,992,464,528
116000084,2520,4489,-1969
116000085,1620,1167,453
116000086,3579,1875,1704
116000087,1015,1231,-216
116000088,748,1380,-632
116000089,150,183,-33
116000090,144,176,-32
116000091,151,145,6
116000093,380,1251,-871
116000094,350,855,-505
116000095,444,1182,-738
116000096,489,1199,-710
116000097,515,1180,-665
116000098,390,3956,-3566
116000099,14361,505,13856
116000100,95,11,84
116000101,389,2229,-1840
116000102,213,2083,-1870
116000103,368,291,77
116000104,109,2400,-2291
116000105,671,216,455
116000106,374,2186,-1812
116000107,1222,596,626
116000108,104,212,-108
116000111,96,21,75
116000113,69,49,20
116000114,24,142,-118
116000115,86,100,-14
116000116,199,603,-404
116000117,978,2285,-1307
116000118,1041,1702,-661
116000119,1795,2219,-424
116000120,2507,5326,-2819
116000121,516,549,-33
116000122,1383,3091,-1708
116000123,496,582,-86
116000124,246,1258,-1012
116000125,1625,709,916
116000126,252,1560,-1308
116000127,1209,2102,-893
116000128,1163,841,322
116000129,658,166,492
116000130,267,239,28
116000133,387,1369,-982
116000134,1347,4210,-2863
116000135,1166,1525,-359
116000136,880,3594,-2714
116000137,683,725,-42
116000138,985,446,539
116000139,1433,2567,-1134
116000140,125,317,-192
116000141,416,1490,-1074
116000142,4862,4924,-62
116000143,2147,1579,568
116000144,1203,3797,-2594
116000145,1306,1779,-473
116000146,275,531,-256
116000147,355,175,180
116000148,309,419,-110
116000149,298,573,-275
116000151,591,1426,-835
116000153,71,670,-599
116000155,225,187,38
116000156,394,1643,-1249
116000157,28,25,3
116000158,335,322,13
116000159,21,9,12
116000160,14,157,-143
116000161,12,165,-153
116000162,79,86,-7
116000163,28,9,19
116000164,6,17,-11
116000177,89,171,-82
116000194,78,342,-264
116000195,1992,730,1262
116000196,3,10,-7
116000197,1,7,-6
116000198,2348,1097,1251
116000200,949,221,728
116000201,679,757,-78
116000202,7,478,-471
116000203,11,107,-96
116000204,15,76,-61
116000205,0,222,-222
116000206,0,116,-116
116000207,0,40,-40
116000233,168,1134,-966
116000287,93,805,-712
116000288,113,408,-295
116000292,34,184,-150
116000296,9,348,-339
116000297,60,18,42
116000304,32,37,-5
116000305,24,101,-77
116000346,155,220,-65
116000352,54,38,16
116000354,29,16,13
116000357,7,9,-2
116000358,166,36,130
116000361,1106,6,1100
116000372,13269,2850,10419
116000381,45,0,45
116000388,0,40,-40
116000389,425,662,-237
116000445,245,854,-609
116000446,292,1770,-1478
116000447,12,499,-487
116000448,729,458,271
116000563,982,767,215
116000565,109,465,-356
116000568,43,104,-61
116000579,38,125,-87
116000583,67,134,-67
116000584,15,3,12
116000585,9,22,-13
116000586,226,150,76
116000587,384,615,-231
116000589,53,80,-27
116000590,30,80,-50
116000591,128,433,-305
116000592,9,168,-159
116000593,0,162,-162
116000594,282,784,-502
116000595,501,174,327
116000596,67,5,62
116000597,161,49,112
116000598,11,251,-240
116000605,304,180,124
116000606,34,134,-100
116000607,3,83,-80
116000609,288,733,-445
116000611,125,699,-574
116000612,591,1938,-1347
116000613,366,488,-122
116000614,509,1124,-615
116000615,3,176,-173
116000616,31,163,-132
116000617,85,157,-72
116000618,2,343,-341
116000619,18,43,-25
116000620,62,461,-399
116000621,15,111,-96
116000622,35,137,-102
116000624,85,73,12
116000627,52,328,-276
116000628,50,1421,-1371
116000629,47,876,-829
116000630,151,74,77
116000631,58,96,-38
116000632,276,215,61
116000633,114,664,-550
116000634,162,374,-212
116000635,3643,1740,1903
116000636,2381,1232,1149
116000637,243,149,94
116000638,70,777,-707
116000639,43,2,41
116000640,7,7,0
116000641,53,262,-209
116000643,0,266,-266
116000644,28,1453,-1425
116000645,11,56,-45
116900001,182,183,-1
116900002,300,1,299
116900003,16,99,-83
116900004,22,67,-45
116900005,165,67,98
116900006,256,174,82
116900007,96,247,-151
116900008,147,568,-421
116900009,6,6,0
116900010,104,2711,-2607
116900011,6,44,-38
116900012,108,278,-170
116900013,4,190,-186
116900014,90,528,-438
116900015,175,97,78
116900016,103,3,100
116900017,2,1015,-1013
116900018,37,43,-6
116900019,6,583,-577
116900020,2122,368,1754
116900023,47,11,36
116900024,264,91,173
116900025,465,1334,-869
116900026,175,1102,-927
116900027,39,81,-42
116900028,4,190,-186
116900029,1,13,-12
116900031,0,12,-12
116900032,5,593,-588
116900033,3,14,-11
116900034,8,102,-94
116900035,92,410,-318
116900036,0,102,-102
116900038,22,1,21
116900041,19,8,11
116900042,1171,248,923
116900043,5,104,-99
116900047,172,48,124
116900049,44,473,-429
116900050,62,713,-651
116900051,47,448,-401
116900052,168,65,103
116900055,1,4,-3
116900057,13,499,-486
116900058,20,658,-638
116900059,4,301,-297
116900060,295,339,-44
116900062,2,3,-1
116900064,47,1635,-1588
116900065,4,166,-162
116900067,92,149,-57
116900068,116,357,-241
116900070,0,10,-10
116900072,16,665,-649
116900073,6,465,-459
116900074,6,31,-25
116900076,6,30,-24
116900077,8,422,-414
116900078,311,165,146
116900079,16,709,-693
116900080,2,19,-17
116900081,276,2214,-1938
116900082,167,842,-675
116900083,36,124,-88
116900084,212,59,153
116900085,17,206,-189
116900086,32,351,-319
116900088,476,72,404
116900090,132,85,47
116900091,121,88,33
116900092,84,1390,-1306
116900093,1537,2219,-682
116900094,5984,2566,3418
116900095,257,297,-40
116900096,84,204,-120
116900097,6314,2067,4247
116900098,858,238,620
116900099,463,551,-88
116900100,511,27,484
116900101,208,705,-497
116900103,8,0,8
116900104,20,91,-71
116900105,234,75,159
116900106,808,272,536
116900107,6028,1350,4678
116900110,9,0,9
116900111,216,1559,-1343
116900112,118,1617,-1499
116900113,4329,1014,3315
116900116,142,303,-161
116900117,25,83,-58
116900118,1193,708,485
116900120,118,152,-34
116900121,42,58,-16
116900122,340,1130,-790
116900123,97,1403,-1306
116900124,128,1624,-1496
116900125,191,417,-226
116900126,309,609,-300
116900128,0,43,-43
116900129,1,368,-367
116900130,1312,2059,-747
116900131,57,187,-130
116900132,23,88,-65
116900133,74,92,-18
116900134,127,258,-131
116900136,103,186,-83
116900137,227,192,35
116900138,107,249,-142
116900139,49,494,-445
116900140,108,158,-50
116900141,461,251,210
116900142,0,46,-46
116900143,159,475,-316
116900144,16,56,-40
116900145,102,413,-311
116900147,776,330,446
116900148,11,41,-30
116900149,20,137,-117
116900150,18,6,12
116900151,64,12,52
116900153,57,50,7
116900154,443,329,114
116900155,83,57,26
116900157,366,434,-68
116900158,155,128,27
116900159,32,265,-233
116900160,637,210,427
116900161,11638,4161,7477
116900162,13,220,-207
116900163,88,193,-105
116900164,62,37,25
116900165,179,122,57
116900166,9,155,-146
116900167,269,73,196
116900168,154,109,45
116900169,861,214,647
116900170,176,271,-95
116900171,22,273,-251
116900172,301,100,201
116900173,93,86,7
116900174,12,22,-10
116900175,196,87,109
116900178,20,264,-244
116900179,77,116,-39
116900180,52,34,18
116900182,334,213,121
116900183,106,95,11
116900185,14,15,-1
116900186,85,493,-408
116900187,12,16,-4
116900188,93,20,73
116900189,12,1,11
116900191,308,458,-150
116900192,116,256,-140
116900194,57,549,-492
116900195,38,17,21
116900196,26,152,-126
116900197,53,6,47
116900198,284,175,109
116900200,30,45,-15
116900201,59,11,48
116900202,81,81,0
116900203,58,3,55
116900204,36,67,-31
116900206,6,80,-74
116900207,31,42,-11
116900208,4,221,-217
116900209,7,180,-173
116900210,245,238,7
116900211,221,17,204
116900212,14,131,-117
116900213,124,305,-181
116900214,107,139,-32
116900215,38,137,-99
116900216,276,369,-93
116900218,6,444,-438
116900219,705,292,413
116900220,74,163,-89
116900221,43,255,-212
116900222,315,297,18
116900223,73,191,-118
116900226,14,90,-76
116900227,135,100,35
116900228,231,345,-114
116900230,48,652,-604
116900231,31,818,-787
116900232,4,917,-913
116900233,213,114,99
116900234,4,2,2
116900235,312,524,-212
116900238,1759,563,1196
116900239,25,599,-574
116900240,9396,2900,6496
116900241,41,247,-206
116900242,2076,297,1779
116900243,2,75,-73
116900245,9,16,-7
116900246,53,17,36
116900247,289,10,279
116900248,56,25,31
116900249,140,170,-30
116900250,172,40,132
116900251,581,300,281
116900252,40,1474,-1434
116900254,5,109,-104
116900255,75,49,26
116900256,181,132,49
116900257,14,974,-960
116900258,1,445,-444
116900259,64,3,61
116900260,0,160,-160
116900261,28,0,28
116900262,64,143,-79
116900263,0,9,-9
116900264,37,19,18
116900265,24,0,24
116900266,10,141,-131
116900267,0,1,-1
116900268,38,3,35
116900269,250,638,-388
116900271,1421,87,1334
116900272,717,854,-137
116900273,486,54,432
116900274,49,145,-96
116900275,57,213,-156
116900276,678,52,626
116900277,761,13,748
116900278,2,16,-14
116900279,1,34,-33
116900280,21,45,-24
116900281,10448,2440,8008
116900282,8,281,-273
116900283,10,335,-325
116900284,7,293,-286
116900285,495,309,186
116900286,200,5,195
116900287,7,130,-123
116900288,65,226,-161
116900289,5,44,-39
116900290,1,61,-60
116900291,3,34,-31
116900292,9,19,-10
116900293,36,105,-69
116900294,39,189,-150
116900295,312,43,269
116900296,99,87,12
116900297,10,92,-82
116900298,150,38,112
116900299,63,44,19
116900300,8,107,-99
116900301,84,136,-52
116900302,74,44,30
116900303,380,79,301
116900304,1,153,-152
116900305,32,79,-47
116900306,63,391,-328
116900307,34,0,34
116900308,3,408,-405
116900309,34,152,-118
116900310,8,52,-44
117000001,1602,1513,89
117000002,2181,6078,-3897
117000003,8596,2874,5722
117000004,5123,7894,-2771
117000005,1914,1624,290
117000006,1309,6877,-5568
117000007,2764,1223,1541
117000008,1564,7222,-5658
117000009,4120,1772,2348
117000010,3045,7094,-4049
117000011,1347,2348,-1001
117000012,1348,2617,-1269
117000013,1388,1809,-421
117000014,1218,3332,-2114
117000015,4398,1501,2897
117000016,863,61,802
117000017,647,275,372
117000018,193,364,-171
117000019,275,7,268
117000020,835,892,-57
117000021,3956,716,3240
117000022,746,75,671
117000023,1104,184,920
117000024,699,96,603
117000025,1560,499,1061
117000026,5287,857,4430
117000027,2936,1973,963
117000028,4618,985,3633
117000030,923,870,53
117000031,367,335,32
117000032,2574,1788,786
117000033,1479,1109,370
117000034,387,541,-154
117000035,327,340,-13
117000036,502,549,-47
117000037,377,240,137
117000038,436,761,-325
117000039,441,339,102
117000040,152,1813,-1661
117000041,423,133,290
117000044,31,2106,-2075
117000045,366,53,313
117000046,549,1293,-744
117000047,820,491,329
117000048,2915,2479,436
117000049,119,570,-451
117000050,149,4054,-3905
117000051,1764,215,1549
117000052,22,910,-888
117000053,181,104,77
117000054,1205,4,1201
117000055,162,4873,-4711
117000056,397,41,356
117000057,706,3271,-2565
117000060,372,2011,-1639
117000061,1597,1022,575
117000062,175,701,-526
117000063,1767,800,967
117000064,1064,1435,-371
117000066,1069,872,197
117000067,222,355,-133
117000074,151,216,-65
117000076,84,84,0
117000077,82,116,-34
117000078,192,1010,-818
117000079,293,200,93
117000080,1,452,-451
117000081,861,109,752
117000082,43,95,-52
117000083,502,218,284
117000084,419,2,417
117000085,171,589,-418
117000086,1348,860,488
117000087,110,696,-586
117000088,345,277,68
117000089,1315,415,900
117000090,278,2325,-2047
117000091,548,361,187
117000092,365,2595,-2230
117000093,877,838,39
117000094,961,3717,-2756
117000095,2414,1033,1381
117000096,531,3663,-3132
117000097,1110,1419,-309
117000098,3204,7752,-4548
117000099,2428,1053,1375
117000100,182,177,5
117000101,260,1876,-1616
117000102,1333,699,634
117000103,978,2616,-1638
117000104,1111,623,488
117000105,962,2734,-1772
117000106,1066,1051,15
117000107,589,2952,-2363
117000108,1413,1068,345
117000109,2247,3654,-1407
117000110,1107,929,178
117000111,4289,6699,-2410
117000112,2391,2674,-283
117000113,104,521,-417
117000114,149,208,-59
117000115,64,266,-202
117000116,144,388,-244
117000117,1661,537,1124
117000118,387,183,204
117000119,685,123,562
117000120,526,303,223
117000121,146,945,-799
117000122,675,1140,-465
117000123,2454,35,2419
117000124,965,46,919
117000125,641,59,582
117000126,92,35,57
117000127,232,411,-179
117000128,563,826,-263
117000129,1280,446,834
117000130,93,0,93
117000131,0,440,-440
117000132,1315,36,1279
117000133,817,209,608
117000134,1,95,-94
117000135,9,18,-9
117000136,0,61,-61
117000137,81,47,34
117000138,5,693,-688
117000140,513,2280,-1767
117000141,1562,713,849
117000181,1496,553,943
117000182,315,217,98
117000195,169,1827,-1658
117000196,98,63,35
117000225,348,7,341
117000226,21,132,-111
117000276,150,5,145
117000277,3,887,-884
117000310,2780,3533,-753
117000315,61,1401,-1340
117000320,100,2,98
117000906,174,22,152
117000907,14,735,-721
117000909,84,37,47
117000910,140,162,-22
117000911,107,294,-187
117000915,12,1039,-1027
117000916,9,3,6
117000917,488,20,468
117000918,33,67,-34
117000919,5,263,-258
117000920,6,2376,-2370
117000921,6,2959,-2953
117000922,101,215,-114
117000924,503,795,-292
117000926,1578,64,1514
117000927,2105,525,1580
117000928,2,486,-484
117000929,115,1240,-1125
117000930,174,21,153
117000931,640,154,486
117900002,251,481,-230
117900003,923,527,396
117900005,4,32,-28
117900006,1,49,-48
117900007,127,207,-80
117900008,0,107,-107
117900010,533,161,372
117900011,32,23,9
117900012,73,226,-153
117900013,0,622,-622
117900014,1402,370,1032
117900015,40,338,-298
117900016,2351,472,1879
117900017,1029,916,113
117900018,315,47,268
117900019,268,894,-626
117900020,65,318,-253
117900021,29,143,-114
117900023,857,353,504
117900024,104,164,-60
117900025,24,13,11
117900026,250,922,-672
117900028,80,4,76
117900029,169,2347,-2178
117900031,312,177,135
117900032,566,468,98
117900033,224,1582,-1358
117900034,86,54,32
117900035,156,53,103
117900036,156,1175,-1019
117900037,57,143,-86
117900038,25,641,-616
117900039,2,128,-126
117900040,118,964,-846
117900041,2,87,-85
117900042,6598,595,6003
117900043,50,102,-52
117900044,132,5175,-5043
117900045,143,139,4
117900048,143,421,-278
117900049,142,1417,-1275
117900050,9,53,-44
117900051,64,6,58
117900052,51,253,-202
117900053,885,887,-2
117900054,1,24,-23
117900055,184,322,-138
117900056,360,60,300
117900057,972,1932,-960
117900058,98,18,80
117900059,643,88,555
117900060,895,7723,-6828
117900061,11,307,-296
117900063,247,333,-86
117900065,805,1515,-710
117900066,7,46,-39
117900067,361,461,-100
117900069,648,718,-70
117900070,402,12,390
117900071,114,194,-80
117900073,337,673,-336
117900074,217,13,204
117900075,97,78,19
117900076,17,76,-59
117900077,189,123,66
117900078,185,483,-298
117900080,218,43,175
117900081,651,646,5
117900082,251,258,-7
117900083,267,1205,-938
117900086,213,55,158
117900087,65,80,-15
117900088,2907,2665,242
117900089,1092,387,705
117900090,604,1634,-1030
117900091,273,166,107
117900092,33,43,-10
117900093,29,108,-79
117900094,15,5,10
117900095,619,1790,-1171
117900096,59,281,-222
117900097,92,110,-18
117900098,12,11,1
117900099,157,728,-571
117900100,117,3,114
117900101,472,1107,-635
117900102,33,50,-17
117900103,16,3,13
117900104,25,209,-184
117900105,131,430,-299
117900106,77,73,4
117900107,21,0,21
117900109,437,306,131
117900110,24,0,24
117900111,269,8,261
117900112,62,25,37
117900113,6673,2210,4463
117900114,6,0,6
117900115,394,56,338
117900116,1009,1215,-206
117900117,246,434,-188
117900118,16,0,16
117900119,67,390,-323
117900120,79,273,-194
117900121,59,31,28
117900122,1367,1583,-216
117900123,805,1152,-347
117900124,716,783,-67
117900125,1184,1208,-24
117900126,352,852,-500
117900127,426,971,-545
117900128,222,1424,-1202
117900129,39,0,39
117900130,804,560,244
117900131,3,155,-152
117900132,12,122,-110
117900133,2,204,-202
117900134,30,254,-224
117900135,41,315,-274
117900136,0,85,-85
117900137,39,443,-404
117900138,0,47,-47
117900139,36,186,-150
117900140,8364,230,8134
117900141,242,431,-189
117900142,273,11,262
117900144,135,135,0
117900145,34,16,18
117900146,339,128,211
117900147,70,91,-21
117900148,3873,1019,2854
117900149,32,218,-186
117900150,21,93,-72
117900151,45,223,-178
117900152,101,121,-20
117900153,25,145,-120
117900154,470,1198,-728
117900156,1002,1267,-265
117900157,79,582,-503
117900158,112,86,26
117900160,357,361,-4
117900161,2604,3291,-687
117900162,299,642,-343
117900163,180,17,163
117900165,2,10,-8
117900166,92,273,-181
117900168,44,214,-170
117900169,1,128,-127
117900170,0,54,-54
117900171,1,33,-32
117900172,8,39,-31
117900173,144,57,87
117900174,31,56,-25
117900175,5,72,-67
117900176,3,45,-42
117900177,8,113,-105
117900178,95,49,46
117900180,326,28,298
117900181,205,270,-65
117900182,1,21,-20
117900183,32,165,-133
117900184,10,64,-54
117900185,19,31,-12
117900186,22,14,8
117900187,13,18,-5
117900188,199,41,158
117900189,69,16,53
117900190,4,1,3
117900191,58,0,58
117900192,156,0,156
117900193,1,51,-50
117900194,10,10,0
117900195,27,28,-1
117900196,26,18,8
117900207,124,96,28
117900208,14,45,-31
117900209,212,208,4
117900210,153,188,-35
117900211,6,263,-257
117900212,80,196,-116
117900213,12,13,-1
117900214,3,51,-48
117900215,45,102,-57
117900216,97,50,47
117900217,209,101,108
117900218,424,301,123
117900219,12,77,-65
117900220,225,103,122
117900222,174,370,-196
117900223,187,298,-111
118000001,833,670,163
118000002,1229,1900,-671
118000003,2740,1814,926
118000004,3168,1901,1267
118000005,5704,3726,1978
118000006,7126,9009,-1883
118000007,7306,2316,4990
118000008,5857,3162,2695
118000009,2767,2724,43
118000010,2885,4043,-1158
118000011,935,3592,-2657
118000012,1056,3727,-2671
118000013,3911,3712,199
118000014,2030,4745,-2715
118000016,236,462,-226
118000017,219,388,-169
118000018,244,604,-360
118000019,2057,1436,621
118000020,1167,1557,-390
118000021,649,2155,-1506
118000022,1629,709,920
118000023,1013,374,639
118000024,1469,879,590
118000027,18250,8446,9804
118000029,1039,695,344
118000032,1593,3063,-1470
118000033,2318,2925,-607
118000034,5109,2081,3028
118000035,1275,1972,-697
118000036,1382,1113,269
118000037,646,1144,-498
118000038,113,167,-54
118000039,73,531,-458
118000040,1276,2769,-1493
118000041,1846,1696,150
118000045,626,69,557
118000046,2761,475,2286
118000047,2608,554,2054
118000048,3955,1192,2763
118000051,2057,1166,891
118000052,1394,671,723
118000053,869,477,392
118000054,2268,1831,437
118000055,1824,2180,-356
118000056,250,354,-104
118000057,216,473,-257
118000058,3770,1318,2452
118000059,2789,738,2051
118000060,854,776,78
118000061,582,1881,-1299
118000062,450,293,157
118000063,256,424,-168
118000064,922,1231,-309
118000065,4800,1981,2819
118000066,1026,1333,-307
118000067,1221,881,340
118000068,1824,3800,-1976
118000069,3543,1140,2403
118000070,7765,1656,6109
118000071,3652,5889,-2237
118000072,2464,1058,1406
118000073,2660,412,2248
118000074,451,758,-307
118000075,734,280,454
118000076,1560,1268,292
118000077,1265,1256,9
118000078,1964,1595,369
118000079,247,297,-50
118000080,1167,963,204
118000081,2130,1012,1118
118000082,352,812,-460
118000083,2554,1241,1313
118000084,2503,1558,945
118000086,279,483,-204
118000087,7675,2906,4769
118000088,1661,2089,-428
118000089,4763,2600,2163
118000090,2790,2905,-115
118000091,1978,2350,-372
118000092,1427,455,972
118000093,164,713,-549
118000096,444,552,-108
118000097,645,683,-38
118000098,291,229,62
118000099,284,938,-654
118000101,762,468,294
118000102,365,1525,-1160
118000107,5076,470,4606
118000108,682,1422,-740
118000110,2,41,-39
118000111,4,1117,-1113
118000112,275,1,274
118000113,7,1621,-1614
118000114,185,2,183
118000115,20,17,3
118000116,71,1,70
118000117,1381,1143,238
118000118,962,682,280
118000119,599,1148,-549
118000120,1580,1735,-155
118000121,150,651,-501
118000122,1489,279,1210
118000123,61,369,-308
118000125,2298,1356,942
118000126,836,1403,-567
118000127,2200,775,1425
118000128,822,1377,-555
118000129,1195,312,883
118000130,3178,4727,-1549
118000131,851,1422,-571
118000132,2076,1528,548
118000133,854,593,261
118000135,471,344,127
118000136,109,774,-665
118000137,977,125,852
118000138,267,1109,-842
118000139,245,179,66
118000140,2272,3459,-1187
118000141,1430,2182,-752
118000142,1092,2235,-1143
118000143,1308,1228,80
118000144,1609,1027,582
118000145,1298,2812,-1514
118000146,883,1322,-439
118000147,675,2111,-1436
118000148,435,2015,-1580
118000149,598,1609,-1011
118000150,276,426,-150
118000151,262,441,-179
118000153,732,1500,-768
118000154,910,2247,-1337
118000155,732,1603,-871
118000156,2776,2754,22
118000157,436,489,-53
118000158,122,426,-304
118000159,26,69,-43
118000160,320,492,-172
118000161,369,825,-456
118000162,804,1145,-341
118000163,453,873,-420
118000164,2732,1617,1115
118000168,1615,249,1366
118000169,1052,1857,-805
118000170,3696,7745,-4049
118000171,182,865,-683
118000172,110,380,-270
118000173,960,1546,-586
118000175,200,360,-160
118000176,195,410,-215
118000177,136,552,-416
118000178,232,51,181
118000179,1677,882,795
118000180,671,946,-275
118000181,777,293,484
118000182,344,299,45
118000183,271,317,-46
118000184,485,1248,-763
118000185,820,794,26
118000186,455,711,-256
118000187,885,893,-8
118000188,489,293,196
118000189,331,946,-615
118000190,5,18,-13
118000191,14,63,-49
118000192,143,151,-8
118000193,92,364,-272
118000194,2596,1080,1516
118000195,891,611,280
118000196,537,103,434
118000197,271,146,125
118000198,691,436,255
118000199,1084,367,717
118000200,50,218,-168
118000201,574,419,155
118000202,44,27,17
118000203,1461,357,1104
118000204,180,253,-73
118000205,366,398,-32
118000206,223,205,18
118000207,0,208,-208
118000208,845,1773,-928
118000209,1436,2605,-1169
118000210,31,34,-3
118000211,16,35,-19
118000213,874,1155,-281
118000214,694,494,200
118000215,209,396,-187
118000216,1474,3955,-2481
118000217,13,157,-144
118000218,32,128,-96
118000219,358,480,-122
118000220,1,32,-31
118000221,50,203,-153
118000222,43,29,14
118000223,35,46,-11
118000224,270,91,179
118000225,115,1452,-1337
118000226,831,153,678
118000227,999,295,704
118000228,84,139,-55
118000229,237,30,207
118000230,87,298,-211
118000231,66,309,-243
118000232,504,1217,-713
118000233,621,878,-257
118000234,200,380,-180
118000236,300,520,-220
118000237,62,683,-621
118000238,153,498,-345
118000239,155,337,-182
118000240,667,87,580
118000241,88,375,-287
118000242,209,696,-487
118000243,152,260,-108
118000244,29,249,-220
118000246,8,6,2
118000255,124,276,-152
118000256,145,279,-134
118000259,6,36,-30
118000260,92,133,-41
118000261,20,108,-88
118000263,40,288,-248
118000266,109,438,-329
118000267,1,95,-94
118000268,426,47,379
118000270,47,45,2
118000271,196,400,-204
118000272,54,28,26
118000273,63,93,-30
118000274,123,341,-218
118000276,210,379,-169
118000295,1,79,-78
118000298,78,507,-429
118000299,55,210,-155
118000301,0,110,-110
118000302,80,118,-38
118000311,190,167,23
118000312,185,228,-43
118000313,31,198,-167
118000314,49,112,-63
118000315,5,94,-89
118000316,437,777,-340
118000325,17,85,-68
118000326,11,45,-34
118000331,12,50,-38
118000332,34,39,-5
118000333,15,63,-48
118000335,150,0,150
118000336,0,473,-473
118000407,90,64,26
118000457,14,42,-28
118000465,4006,3451,555
118000480,30,167,-137
118000489,63,152,-89
118000490,96,628,-532
118000492,196,259,-63
118000510,70,6,64
118000514,150,420,-270
118000515,609,507,102
118000517,461,224,237
118000524,975,251,724
118000525,709,904,-195
118000530,7,123,-116
118000531,159,382,-223
118000532,155,362,-207
118000533,374,183,191
118000534,534,391,143
118000535,217,141,76
118000536,884,925,-41
118000537,37,81,-44
118000538,54,165,-111
118000539,14,69,-55
118000540,306,239,67
118000541,209,131,78
118000542,63,235,-172
118000543,228,265,-37
118000546,23,30,-7
118000553,0,0,0
118000560,3302,984,2318
118000562,28,625,-597
118000563,2333,1472,861
118000576,185,279,-94
118000577,256,175,81
118000578,202,138,64
118000579,1133,1098,35
118000583,0,0,0
118000595,123,104,19
118000596,0,100,-100
118000597,142,141,1
118000598,3,0,3
118000599,53,99,-46
118000600,0,15,-15
118000601,0,0,0
118000602,0,22,-22
118000603,0,92,-92
118000605,50,1238,-1188
118000606,13,59,-46
118900001,1440,893,547
118900002,1197,572,625
118900003,81,30,51
118900004,39,94,-55
118900005,44,1,43
118900006,52,2,50
118900007,12,5,7
118900008,1110,42,1068
118900009,14,13,1
118900010,46,4,42
118900011,155,23,132
118900012,299,239,60
118900013,871,44,827
118900015,122,28,94
118900016,4,29,-25
118900017,178,252,-74
118900018,1405,16,1389
118900019,22,7,15
118900020,145,95,50
118900021,151,436,-285
118900022,111,126,-15
118900023,104,109,-5
118900024,50,228,-178
118900025,46,17,29
118900026,35,95,-60
118900027,584,305,279
118900028,112,180,-68
118900029,128,541,-413
118900030,121,78,43
118900031,90,210,-120
118900032,114,229,-115
118900033,350,958,-608
118900034,69,12,57
118900035,94,346,-252
118900036,637,920,-283
118900037,305,339,-34
118900038,263,464,-201
118900039,233,297,-64
118900040,139,195,-56
118900041,261,330,-69
118900042,164,110,54
118900045,301,210,91
118900046,654,253,401
118900047,1071,332,739
118900048,298,198,100
118900049,61,51,10
118900050,4,93,-89
118900051,146,54,92
118900052,226,295,-69
118900053,27,72,-45
118900054,94,117,-23
118900055,14,106,-92
118900056,16,188,-172
118900057,417,308,109
118900058,259,539,-280
118900059,10,91,-81
118900060,17,249,-232
118900062,61,220,-159
118900064,697,468,229
118900065,31,149,-118
118900066,63,131,-68
118900067,6824,2585,4239
118900068,4,300,-296
118900069,378,354,24
118900071,2,67,-65
118900072,344,382,-38
118900073,70,200,-130
118900074,61,184,-123
118900075,26,58,-32
118900076,237,65,172
118900077,83,162,-79
118900078,23,8,15
118900079,43,227,-184
118900080,10,64,-54
118900081,57,27,30
118900082,411,214,197
118900083,20,8,12
118900084,7,33,-26
118900085,441,1037,-596
118900086,16,55,-39
118900087,7,165,-158
118900088,0,8,-8
118900089,17,11,6
118900090,352,494,-142
118900091,148,184,-36
118900092,55,66,-11
118900093,119,7,112
118900096,77,87,-10
118900097,153,886,-733
118900099,44,407,-363
118900100,110,281,-171
118900101,33,568,-535
118900102,12,88,-76
118900103,20,67,-47
118900104,95,174,-79
118900105,136,75,61
118900107,127,102,25
118900108,65,108,-43
118900110,1668,490,1178
118900111,228,780,-552
118900112,58,150,-92
118900113,79,802,-723
118900114,9,93,-84
118900115,54,391,-337
118900116,77,153,-76
118900117,56,181,-125
118900118,174,610,-436
118900119,101,416,-315
118900120,84,419,-335
118900121,8,406,-398
118900122,4,597,-593
118900123,126,251,-125
118900124,55,188,-133
118900126,23,277,-254
118900129,300,193,107
118900130,46,145,-99
118900131,76,373,-297
118900132,220,225,-5
118900133,9,68,-59
118900135,121,234,-113
118900136,162,973,-811
118900137,7,17,-10
118900139,119,909,-790
118900140,332,1025,-693
118900141,49,423,-374
118900144,136,799,-663
118900145,15,231,-216
118900146,220,1054,-834
118900147,171,122,49
118900148,23,94,-71
118900150,315,525,-210
118900152,298,948,-650
118900157,157,202,-45
118900158,31,119,-88
118900159,3,281,-278
118900161,104,1,103
118900163,400,66,334
118900164,2,124,-122
118900165,23,285,-262
118900166,70,3,67
118900167,38,188,-150
118900168,39,45,-6
118900169,51,605,-554
118900170,46,134,-88
118900171,11,37,-26
118900174,44,90,-46
118900175,232,363,-131
118900176,94,212,-118
118900177,26,83,-57
118900178,18,93,-75
118900179,0,42,-42
118900181,51,130,-79
118900182,46,35,11
118900183,9,75,-66
118900184,154,44,110
118900185,122,226,-104
118900186,69,93,-24
118900187,117,438,-321
118900188,141,349,-208
118900189,29,487,-458
118900190,9,842,-833
118900191,154,44,110
118900192,112,24,88
118900193,272,15,257
118900195,297,1215,-918
118900196,19,200,-181
118900197,70,154,-84
118900198,6,43,-37
118900199,15,61,-46
118900200,4,4,0
118900201,17,10,7
118900202,6,46,-40
118900203,5,50,-45
118900204,1,24,-23
118900205,14,15,-1
118900206,2,29,-27
119000001,1074,1440,-366
119000002,1879,3050,-1171
119000003,1369,2044,-675
119000004,1542,1905,-363
119000005,1767,2331,-564
119000006,1759,1756,3
119000007,2940,3341,-401
119000008,1559,2430,-871
119000009,3347,2968,379
119000010,9170,3966,5204
119000011,5693,2381,3312
119000012,4017,3214,803
119000013,1847,1185,662
119000014,2167,3657,-1490
119000019,227,217,10
119000020,1188,1473,-285
119000021,2706,2079,627
119000022,3982,1781,2201
119000023,261,248,13
119000024,2386,6870,-4484
119000025,14869,1376,13493
119000026,235,306,-71
119000027,375,369,6
119000028,2167,1345,822
119000029,161,299,-138
119000030,442,1492,-1050
119000031,687,738,-51
119000032,2077,2558,-481
119000033,1754,2129,-375
119000034,777,1165,-388
119000035,25,493,-468
119000036,861,1582,-721
119000037,923,3152,-2229
119000038,104,1670,-1566
119000039,194,353,-159
119000040,1419,477,942
119000041,1334,1391,-57
119000048,3568,4978,-1410
119000049,1381,5019,-3638
119000050,1574,3450,-1876
119000051,1866,1166,700
119000052,3114,4064,-950
119000053,1772,1390,382
119000054,2574,5738,-3164
119000055,2570,4412,-1842
119000056,1739,2457,-718
119000057,1226,3705,-2479
119000058,1610,2951,-1341
119000059,968,2429,-1461
119000060,1049,925,124
119000061,799,1102,-303
119000062,933,1338,-405
119000063,400,353,47
119000064,1894,2393,-499
119000065,1809,3039,-1230
119000066,1396,1136,260
119000067,2105,3766,-1661
119000068,1145,1119,26
119000069,1403,3863,-2460
119000070,1661,1358,303
119000071,701,1287,-586
119000072,8722,4722,4000
119000073,5236,5921,-685
119000074,779,5756,-4977
119000075,917,2946,-2029
119000076,519,1096,-577
119000077,609,637,-28
119000078,304,618,-314
119000079,132,1111,-979
119000080,202,304,-102
119000081,171,409,-238
119000082,469,304,165
119000083,334,421,-87
119000084,311,775,-464
119000085,756,421,335
119000086,218,428,-210
119000087,1960,1226,734
119000088,273,248,25
119000089,48,160,-112
119000090,179,154,25
119000091,161,363,-202
119000092,669,217,452
119000093,4906,4877,29
119000094,1818,6307,-4489
119000095,1144,4434,-3290
119000097,2999,1897,1102
119000098,629,1842,-1213
119000099,2070,2209,-139
119000100,2235,2405,-170
119000101,2067,2293,-226
119000102,588,620,-32
119000103,1116,472,644
119000104,4351,1904,2447
119000105,656,1165,-509
119000106,206,2847,-2641
119000107,429,595,-166
119000108,245,2053,-1808
119000109,78,277,-199
119000110,384,358,26
119000111,33,519,-486
119000112,125,88,37
119000113,2087,261,1826
119000114,720,733,-13
119000115,159,154,5
119000116,77,83,-6
119000117,90,273,-183
119000118,5,7,-2
119000123,3436,709,2727
119000124,434,368,66
119000125,1673,1480,193
119000126,577,1499,-922
119000127,366,1522,-1156
119000128,16,5,11
119000131,666,1584,-918
119000132,1,9,-8
119000133,1,8,-7
119000134,3628,679,2949
119000135,84,242,-158
119000136,136,323,-187
119000137,101,679,-578
119000138,137,589,-452
119000139,200,301,-101
119000140,137,320,-183
119000284,1449,3621,-2172
119000285,2685,2645,40
119000286,7234,5655,1579
119000287,1438,2618,-1180
119000288,1836,2075,-239
119000289,2551,4823,-2272
119000290,151,687,-536
119000291,12,524,-512
119000293,78,269,-191
119000294,36,43,-7
119000295,3198,679,2519
119000296,134,136,-2
119000297,0,0,0
119000302,5281,1617,3664
119000303,14,263,-249
119000310,0,0,0
119000314,1245,6339,-5094
119000315,0,893,-893
119000316,77,199,-122
119000317,49,655,-606
119000319,238,619,-381
119900001,188,833,-645
119900002,79,314,-235
119900003,52,1532,-1480
119900004,367,496,-129
119900005,61,215,-154
119900006,175,376,-201
119900007,600,86,514
119900008,55,31,24
119900009,363,628,-265
119900010,783,1150,-367
119900011,14,51,-37
119900012,10,72,-62
119900013,1603,678,925
119900014,473,234,239
119900015,33,18,15
119900016,55,121,-66
119900017,16,51,-35
119900018,1539,365,1174
119900019,8,8,0
119900020,90,145,-55
119900021,88,82,6
119900022,167,261,-94
119900023,1016,685,331
119900025,48,24,24
119900026,1058,94,964
119900027,10,34,-24
119900028,339,56,283
119900029,2,13,-11
119900030,438,627,-189
119900031,9,221,-212
119900033,1665,160,1505
119900034,211,176,35
119900037,90,47,43
119900038,22,147,-125
119900039,28,1,27
119900040,43,10,33
119900041,47,52,-5
119900042,56,221,-165
119900043,27,229,-202
119900044,157,334,-177
119900046,88,72,16
119900047,179,19,160
119900049,75,10,65
119900050,42,62,-20
119900051,576,10,566
119900052,24,56,-32
119900053,106,289,-183
119900054,52,1,51
119900055,678,308,370
119900057,67,85,-18
119900058,122,4,118
119900059,116,74,42
119900060,152,7,145
119900061,96,4,92
119900062,16,22,-6
119900063,15,38,-23
119900065,173,10,163
119900067,42,31,11
119900068,194,0,194
119900069,54,16,38
119900070,330,11,319
119900071,287,11,276
119900073,2313,556,1757
119900074,16,17,-1
119900075,7601,2067,5534
119900076,279,748,-469
119900077,394,1711,-1317
119900078,301,1249,-948
119900079,413,475,-62
119900080,329,458,-129
119900081,284,468,-184
119900082,581,234,347
119900083,333,72,261
119900084,552,262,290
119900085,220,55,165
119900086,204,1570,-1366
119900087,349,292,57
119900088,42,59,-17
119900089,5,837,-832
119900090,163,67,96
119900091,50,1834,-1784
119900092,14,558,-544
119900093,776,167,609
119900094,58,372,-314
119900095,138,109,29
119900096,44,83,-39
119900097,614,182,432
119900098,40,95,-55
119900099,27,338,-311
119900100,3881,1762,2119
119900101,186,1093,-907
119900102,32,376,-344
119900103,10,631,-621
119900104,15,206,-191
119900105,540,1257,-717
119900106,7,366,-359
119900107,354,5713,-5359
119900108,2387,797,1590
119900109,32,329,-297
119900110,382,996,-614
119900111,41,568,-527
119900112,4622,573,4049
119900113,72,512,-440
119900114,173,2577,-2404
119900115,142,1961,-1819
119900116,139,421,-282
119900117,138,1314,-1176
119900118,42,1914,-1872
119900119,204,381,-177
119900120,477,729,-252
119900121,207,2237,-2030
119900122,335,417,-82
119900123,161,349,-188
119900124,145,1600,-1455
119900125,42,578,-536
119900126,6491,273,6218
119900127,3627,1085,2542
119900128,286,1308,-1022
119900129,157,1358,-1201
119900130,59,404,-345
119900131,31,454,-423
119900132,5,727,-722
119900133,16,25,-9
119900134,3434,322,3112
119900135,2,795,-793
119900136,125,744,-619
119900138,415,828,-413
119900139,19,58,-39
119900140,1,215,-214
119900141,173,450,-277
119900142,0,21,-21
119900143,18,379,-361
119900144,2779,246,2533
119900145,59,272,-213
119900146,122,126,-4
119900147,10,116,-106
119900148,107,46,61
119900149,2386,2186,200
119900150,177,213,-36
119900151,1766,877,889
119900152,72,548,-476
119900153,74,70,4
119900154,51,1399,-1348
119900155,16,43,-27
119900156,5,6,-1
119900157,40,378,-338
119900158,59,48,11
119900159,8,2363,-2355
119900160,11,332,-321
119900161,239,453,-214
119900162,560,880,-320
119900163,141,119,22
119900164,0,1,-1
119900165,63,368,-305
119900166,49,35,14
119900167,175,182,-7
119900168,461,461,0
119900169,147,208,-61
119900170,140,137,3
119900171,572,682,-110
119900172,111,14,97
119900173,33,743,-710
119900174,10,365,-355
119900175,704,751,-47
119900177,29,310,-281
119900178,5,260,-255
119900179,71,200,-129
119900180,735,666,69
119900181,36,73,-37
119900182,4,762,-758
119900183,125,1140,-1015
119900184,3928,661,3267
119900185,15,98,-83
119900186,91,417,-326
119900187,8,922,-914
119900188,40,283,-243
119900189,359,222,137
119900190,37,143,-106
119900191,243,127,116
119900192,13,260,-247
119900193,159,273,-114
119900194,6,36,-30
119900195,8,289,-281
119900196,2194,511,1683
119900197,77,99,-22
119900198,46,539,-493
119900199,99,27,72
119900200,352,685,-333
119900201,384,194,190
119900202,235,106,129
119900203,119,328,-209
119900204,149,333,-184
119900205,289,886,-597
119900206,41,147,-106
119900208,158,141,17
119900209,320,796,-476
119900210,39,72,-33
119900211,81,21,60
119900212,101,499,-398
119900213,1,53,-52
119900214,13,123,-110
119900215,38,120,-82
119900216,10,99,-89
119900217,8,71,-63
119900218,7,104,-97
119900219,4,195,-191
119900220,7,170,-163
119900221,17,491,-474
119900222,5,282,-277
119900223,26,109,-83
119900224,4,32,-28
119900225,1213,47,1166
119900226,1021,1247,-226
119900227,1288,400,888
119900228,13,338,-325
119900229,225,464,-239
119900230,1755,748,1007
119900231,115,233,-118
119900232,156,67,89
119900233,12,3,9
119900234,14,30,-16
119900235,22,37,-15
119900236,19,345,-326
119900237,24,751,-727
119900238,5,120,-115
119900240,54,143,-89
119900241,165,277,-112
119900242,2118,1342,776
119900244,916,1115,-199
119900245,70,128,-58
119900246,172,298,-126
119900247,14,66,-52
119900248,48,48,0
119900249,151,56,95
119900253,5597,393,5204
119900254,49,289,-240
119900255,52,568,-516
119900256,218,1949,-1731
119900257,31,2,29
119900258,29,1,28
119900259,6,331,-325
119900260,35,1,34
119900261,179,246,-67
119900262,1,350,-349
119900263,1009,401,608
119900264,51,407,-356
119900265,225,433,-208
119900266,161,414,-253
119900267,191,436,-245
119900268,206,302,-96
119900269,481,1826,-1345
119900271,19,68,-49
119900272,119,57,62
119900275,59,13,46
119900276,19,1,18
119900277,5,4,1
119900278,248,36,212
119900279,83,164,-81
119900280,1429,208,1221
119900281,1,76,-75
119900282,42,35,7
119900283,3,476,-473
119900284,44,155,-111
119900285,41,98,-57
119900286,4,13,-9
119900288,4,64,-60
119900289,0,68,-68
119900290,0,81,-81
119900291,0,33,-33
119900292,16,29,-13
119900293,19,81,-62
119900294,11,84,-73
119900295,15,73,-58
119900296,15,333,-318
119900297,0,17,-17
119900298,6,5,1
119900299,39,403,-364
119900300,83,248,-165
119900301,40,33,7
119900302,30,46,-16
119900303,113,302,-189
119900304,69,28,41
119900305,35,138,-103
119900306,10,0,10
119900307,19,235,-216
119900308,7,11,-4
119900309,17,63,-46
119900310,194,356,-162
119900311,30,228,-198
119900312,53,118,-65
119900313,137,484,-347
119900314,92,322,-230
119900315,698,3792,-3094
119900318,10,15,-5
119900319,37,466,-429
119900320,69,1064,-995
119900321,35,1,34
120000001,9524,12324,-2800
120000002,2251,4014,-1763
120000003,3571,2200,1371
120000004,2913,2952,-39
120000005,5079,2416,2663
120000006,1154,1505,-351
120000007,3799,2882,917
120000008,1052,1716,-664
120000009,6237,1132,5105
120000010,1943,3908,-1965
120000011,1260,2873,-1613
120000012,1335,3807,-2472
120000013,2159,3543,-1384
120000014,603,2196,-1593
120000015,2433,1762,671
120000016,3157,3611,-454
120000017,2452,2759,-307
120000018,6383,9813,-3430
120000019,879,1650,-771
120000020,3342,3140,202
120000021,2158,2340,-182
120000022,2797,4174,-1377
120000023,767,2047,-1280
120000024,1408,2758,-1350
120000025,2252,2710,-458
120000026,940,2392,-1452
120000027,1154,2298,-1144
120000028,813,518,295
120000029,2991,543,2448
120000030,90,743,-653
120000031,1673,6638,-4965
120000032,13100,3960,9140
120000033,3383,2421,962
120000034,1410,3181,-1771
120000035,1648,3672,-2024
120000036,2810,5154,-2344
120000037,567,1378,-811
120000038,14150,4077,10073
120000039,466,1347,-881
120000040,60,199,-139
120000041,528,2446,-1918
120000042,1439,5731,-4292
120000043,4014,3806,208
120000044,3764,1481,2283
120000045,3375,1095,2280
120000046,1969,2039,-70
120000047,2592,3321,-729
120000048,10328,4354,5974
120000049,3689,3761,-72
120000050,3276,6781,-3505
120000051,4212,5326,-1114
120000052,20452,3485,16967
120000053,1096,6294,-5198
120000054,1419,9204,-7785
120000055,1241,7618,-6377
120000056,2772,6834,-4062
120000057,1577,1097,480
120000058,685,263,422
120000059,21,1075,-1054
120000061,112,848,-736
120000062,183,312,-129
120000063,2068,4164,-2096
120000064,275,2431,-2156
120000065,452,2809,-2357
120000066,151,523,-372
120000067,19,835,-816
120000068,166,1875,-1709
120000069,720,2464,-1744
120000070,43,1520,-1477
120000071,206,352,-146
120000072,312,802,-490
120000073,478,122,356
120000074,26,123,-97
120000075,369,345,24
120000076,952,516,436
120000077,1069,699,370
120000078,2597,956,1641
120000079,250,1109,-859
120000080,145,342,-197
120000081,208,270,-62
120000082,209,306,-97
120000083,130,484,-354
120000084,444,712,-268
120000085,294,686,-392
120000086,386,1104,-718
120000087,201,2083,-1882
120000088,587,1821,-1234
120000089,1035,858,177
120000090,394,631,-237
120000091,627,1134,-507
120000092,1036,697,339
120000093,296,665,-369
120000094,122,555,-433
120000095,776,1053,-277
120000096,202,1774,-1572
120000098,647,1528,-881
120000099,282,968,-686
120000100,625,1089,-464
120000101,347,585,-238
120000102,433,686,-253
120000103,768,478,290
120000104,1182,373,809
120000105,1748,458,1290
120000106,1381,417,964
120000107,2004,537,1467
120000108,663,133,530
120000109,662,78,584
120000110,140,1508,-1368
120000111,119,2151,-2032
120000112,799,6704,-5905
120000113,577,4823,-4246
120000114,784,4807,-4023
120000115,396,4046,-3650
120000116,714,3094,-2380
120000117,2000,2246,-246
120000118,33,31,2
120000119,44,61,-17
120000120,60,62,-2
120000121,54,82,-28
120000122,341,436,-95
120000123,8654,3721,4933
120000124,375,658,-283
120000125,407,805,-398
120000126,342,1080,-738
120000127,2010,1069,941
120000128,4099,2931,1168
120000129,285,398,-113
120000130,722,1066,-344
120000131,255,573,-318
120000134,446,2170,-1724
120000135,209,363,-154
120000137,136,3506,-3370
120000138,330,595,-265
120000139,192,1909,-1717
120000140,353,866,-513
120000141,182,839,-657
120000142,275,785,-510
120000143,2,116,-114
120000144,39,5,34
120000145,202,4,198
120000146,3197,1056,2141
120000149,484,1247,-763
120000150,6561,8996,-2435
120000151,363,775,-412
120000152,277,401,-124
120000153,96,1371,-1275
120000154,442,571,-129
120000155,68,257,-189
120000156,3582,762,2820
120000157,883,990,-107
120000158,665,1643,-978
120000159,1705,2761,-1056
120000160,1950,1662,288
120000161,1148,3356,-2208
120000162,129,298,-169
120000163,397,2655,-2258
120000164,441,761,-320
120000165,293,1618,-1325
120000166,798,907,-109
120000167,19,42,-23
120000168,9,130,-121
120000169,97,411,-314
120000170,148,257,-109
120000171,39,86,-47
120000172,31,41,-10
120000173,2980,270,2710
120000174,756,21,735
120000175,758,12,746
120000176,421,56,365
120000177,1475,287,1188
120000178,141,7,134
120000179,362,52,310
120000180,516,82,434
120000181,81,193,-112
120000182,119,136,-17
120000183,7,193,-186
120000184,85,848,-763
120000186,103,115,-12
120000187,64,74,-10
120000188,294,105,189
120000190,1350,20,1330
120000191,2195,25,2170
120000192,2065,7,2058
120000193,559,5,554
120000195,106,4,102
120000196,222,63,159
120000197,83,148,-65
120000198,111,206,-95
120000199,63,0,63
120000200,44,2,42
120000201,8,18,-10
120000202,7,96,-89
120000203,26,535,-509
120000207,2,97,-95
120000208,10,454,-444
120000209,1,154,-153
120000210,194,95,99
120000211,47,0,47
120000212,65,1,64
120000213,40,574,-534
120000214,3,668,-665
120000215,10,221,-211
120000216,44,6,38
120000217,995,1739,-744
120000218,269,1900,-1631
120000219,12,1120,-1108
120000220,14,3883,-3869
120000225,596,0,596
120000226,161,1,160
120000227,504,26,478
120000228,8626,2292,6334
120000230,205,9,196
120000231,701,3644,-2943
120000233,189,82,107
120000235,118,1226,-1108
120000236,501,1,500
120000237,6,3334,-3328
120000238,19,139,-120
120000241,1098,4381,-3283
120000412,1331,35,1296
120000413,144,559,-415
120000414,60,5,55
120000415,3,237,-234
120000416,44,11,33
120000417,2,131,-129
120000418,80,18,62
120000419,26,830,-804
120000420,81,35,46
120000421,18181,6730,11451
120000422,281,553,-272
120000423,3,45,-42
120000424,39,232,-193
120000436,140,440,-300
120000437,229,265,-36
120000438,6937,428,6509
120000439,83,337,-254
120000443,108,3,105
120000444,740,954,-214
120000445,1644,1781,-137
120000446,1583,453,1130
120000447,106,19,87
120000449,35,34,1
120000450,5,596,-591
120000451,147,430,-283
120000452,38,9,29
120000453,0,472,-472
120000454,117,38,79
120000455,100,66,34
120000456,3884,3244,640
120000457,1368,1476,-108
120000458,704,1146,-442
120000459,37,99,-62
120000665,1054,143,911
120000668,80,257,-177
120000669,102,626,-524
120000670,220,439,-219
120000671,897,409,488
120000672,153,627,-474
120900001,34,49,-15
120900002,331,268,63
120900003,209,23,186
120900004,19,62,-43
120900005,6,2523,-2517
120900006,195,222,-27
120900007,90,214,-124
120900008,163,1629,-1466
120900009,681,70,611
120900010,230,58,172
120900011,457,158,299
120900012,1533,876,657
120900013,176,44,132
120900014,4,1232,-1228
120900015,292,105,187
120900016,422,78,344
120900017,4463,139,4324
120900018,41,640,-599
120900019,450,155,295
120900020,1084,731,353
120900021,441,102,339
120900022,27,638,-611
120900023,165,39,126
120900024,1332,413,919
120900025,2291,1160,1131
120900026,77,205,-128
120900027,808,85,723
120900028,199,43,156
120900029,131,264,-133
120900030,740,551,189
120900031,138,56,82
120900032,542,241,301
120900033,711,45,666
120900034,46,2023,-1977
120900035,47,90,-43
120900037,153,4,149
120900038,38,192,-154
120900039,61,19,42
120900040,159,2,157
120900041,152,36,116
120900042,207,113,94
120900043,25,42,-17
120900044,2,598,-596
120900045,125,137,-12
120900046,223,4,219
120900047,109,59,50
120900048,74,13,61
120900049,214,0,214
120900050,6010,1301,4709
120900051,214,117,97
120900052,313,14,299
120900053,125,97,28
120900054,1426,982,444
120900055,216,4,212
120900056,306,9,297
120900057,84,9,75
120900058,298,0,298
120900059,50,2,48
120900060,44,42,2
120900061,205,480,-275
120900062,113,2,111
120900063,407,5,402
120900064,219,0,219
120900065,285,2,283
120900066,212,378,-166
120900067,211,35,176
120900068,132,0,132
120900069,122,76,46
120900071,9,1,8
120900072,397,4,393
120900073,248,281,-33
120900074,290,3,287
120900076,168,0,168
120900077,4683,261,4422
120900078,391,894,-503
120900079,346,106,240
120900080,319,3764,-3445
120900081,553,1822,-1269
120900082,769,396,373
120900083,27,0,27
120900084,189,279,-90
120900085,123,185,-62
120900086,220,211,9
120900087,280,121,159
120900088,187,250,-63
120900089,6449,1549,4900
120900090,79,313,-234
120900091,453,349,104
120900092,1102,1020,82
120900093,6099,321,5778
120900094,542,254,288
120900095,307,18,289
120900096,21,170,-149
120900097,549,1356,-807
120900098,262,207,55
120900099,46,62,-16
120900100,46,578,-532
120900101,637,418,219
120900102,21,142,-121
120900103,32,175,-143
120900104,20,55,-35
120900105,35,1204,-1169
120900106,1551,718,833
120900107,387,145,242
120900108,6,1530,-1524
120900109,39,1035,-996
120900110,5,993,-988
120900111,126,701,-575
120900112,12,2293,-2281
120900113,16,1412,-1396
120900114,61,243,-182
120900115,135,228,-93
120900116,154,1136,-982
120900117,4,842,-838
120900118,8,1407,-1399
120900119,3785,4673,-888
120900120,50,1089,-1039
120900121,57,591,-534
120900122,216,1237,-1021
120900123,12,773,-761
120900124,0,1239,-1239
120900125,4,1950,-1946
120900126,1543,1157,386
120900127,12,929,-917
120900128,1015,1470,-455
120900129,43,491,-448
120900130,4,880,-876
120900131,23,79,-56
120900132,478,632,-154
120900133,196,1679,-1483
120900134,592,579,13
120900135,3,1050,-1047
120900136,18,25,-7
120900137,122,148,-26
120900138,17,324,-307
120900139,7,1340,-1333
120900140,11,77,-66
120900141,69,117,-48
120900142,22,1573,-1551
120900143,2,1517,-1515
120900144,2,367,-365
120900145,60,1318,-1258
120900146,6,1478,-1472
120900147,3,433,-430
120900148,95,199,-104
120900149,0,605,-605
120900150,33,1021,-988
120900151,3,1178,-1175
120900152,0,69,-69
120900153,5,99,-94
120900154,1,670,-669
120900155,86,1809,-1723
120900156,53,600,-547
120900157,27,341,-314
120900158,40,773,-733
120900159,83,599,-516
120900160,28,527,-499
120900161,25,835,-810
120900162,41,1029,-988
120900163,16,182,-166
120900164,1,1,0
120900165,2,21,-19
120900166,43,158,-115
120900167,344,94,250
120900169,44,764,-720
120900170,4411,1761,2650
120900171,1271,434,837
120900172,1007,276,731
120900173,0,84,-84
120900174,5,188,-183
120900175,292,232,60
120900176,7,266,-259
120900177,2,618,-616
120900178,32,188,-156
120900179,998,623,375
120900180,94,91,3
120900181,47,67,-20
120900182,6,759,-753
120900183,421,86,335
120900184,156,95,61
120900185,9,452,-443
120900186,0,880,-880
120900187,219,1035,-816
120900188,83,9,74
120900189,221,540,-319
120900190,63,15,48
120900191,2,39,-37
120900192,18724,3093,15631
120900194,29,74,-45
120900195,138,315,-177
120900196,766,54,712
120900197,320,64,256
120900198,252,920,-668
120900199,209,220,-11
120900200,88,190,-102
120900201,782,139,643
120900202,1,342,-341
120900203,21,75,-54
120900204,247,489,-242
120900205,50,112,-62
120900206,7,10,-3
120900207,49,1803,-1754
121000001,1088,1450,-362
121000002,2938,1943,995
121000003,4358,2341,2017
121000004,2712,5635,-2923
121000005,2179,3062,-883
121000006,3169,1770,1399
121000007,3573,3450,123
121000008,7579,3578,4001
121000009,6763,7049,-286
121000010,10489,6402,4087
121000011,10022,16144,-6122
121000012,15900,11617,4283
121000013,5964,9776,-3812
121000014,7948,8333,-385
121000015,5957,8168,-2211
121000016,5583,5263,320
121000017,1895,3861,-1966
121000018,1910,1869,41
121000019,23750,10947,12803
121000020,14317,11184,3133
121000021,3134,3931,-797
121000022,1707,1887,-180
121000023,4132,3976,156
121000024,3283,3821,-538
121000025,766,1323,-557
121000026,320,155,165
121000027,1532,1125,407
121000028,877,529,348
121000029,882,807,75
121000030,500,407,93
121000031,693,740,-47
121000032,149,63,86
121000034,504,176,328
121000035,236,101,135
121000036,1113,832,281
121000037,682,669,13
121000038,723,621,102
121000039,340,304,36
121000041,428,423,5
121000042,220,421,-201
121000043,879,835,44
121000044,2110,747,1363
121000045,340,453,-113
121000046,362,903,-541
121000047,181,282,-101
121000049,2022,721,1301
121000050,324,1293,-969
121000051,573,418,155
121000052,273,668,-395
121000053,513,107,406
121000054,40,235,-195
121000055,1473,1565,-92
121000056,726,1059,-333
121000057,124,341,-217
121000058,372,107,265
121000059,2009,1217,792
121000060,367,913,-546
121000061,182,137,45
121000062,94,294,-200
121000063,755,633,122
121000064,669,789,-120
121000065,501,464,37
121000066,676,544,132
121000067,939,305,634
121000068,572,278,294
121000069,510,525,-15
121000070,2045,1574,471
121000071,1015,983,32
121000072,1329,922,407
121000073,1123,787,336
121000074,95,164,-69
121000075,64,115,-51
121000076,1160,395,765
121000077,91,146,-55
121000078,68,112,-44
121000080,2835,679,2156
121000081,2998,2606,392
121000082,117,229,-112
121000083,210,200,10
121000084,197,82,115
121000085,235,481,-246
121000086,208,1063,-855
121000087,83,357,-274
121000088,338,823,-485
121000089,391,352,39
121000090,480,415,65
121000091,1627,1113,514
121000092,171,101,70
121000093,126,259,-133
121000094,514,545,-31
121000095,303,520,-217
121000096,2374,3273,-899
121000097,1239,2116,-877
121000098,498,1805,-1307
121000099,493,1235,-742
121000100,703,821,-118
121000101,185,351,-166
121000102,143,454,-311
121000103,114,432,-318
121000104,164,189,-25
121000105,267,238,29
121000106,187,498,-311
121000107,2586,4248,-1662
121000109,1357,1366,-9
121000110,264,755,-491
121000114,2796,2410,386
121000115,961,964,-3
121000116,543,1114,-571
121000117,978,413,565
121000118,1475,304,1171
121000119,301,393,-92
121000120,224,542,-318
121000121,501,1072,-571
121000123,1758,635,1123
121000127,134,169,-35
121000128,991,626,365
121000129,499,605,-106
121000130,329,1349,-1020
121000131,2275,1423,852
121000132,1339,1632,-293
121000135,416,261,155
121000136,913,540,373
121000137,430,175,255
121000138,764,545,219
121000139,378,81,297
121000141,194,122,72
121000142,837,698,139
121000143,185,23,162
121000144,1116,1179,-63
121000145,547,1750,-1203
121000146,1187,1100,87
121000147,764,630,134
121000148,935,1276,-341
121000149,2187,1414,773
121000152,421,822,-401
121000153,1867,652,1215
121000154,787,869,-82
121000155,1368,1425,-57
121000156,375,1380,-1005
121000157,1648,2765,-1117
121000158,323,962,-639
121000159,122,847,-725
121000160,307,865,-558
121000161,111,410,-299
121000162,41,302,-261
121000165,1767,1774,-7
121000166,43,906,-863
121000168,242,380,-138
121000169,50,162,-112
121000170,269,156,113
121000171,52,198,-146
121000172,555,580,-25
121000173,1138,869,269
121000174,228,404,-176
121000175,573,530,43
121000176,395,240,155
121000177,891,775,116
121000178,140,70,70
121000179,113,85,28
121000181,402,411,-9
121000182,97,161,-64
121000183,39,87,-48
121000184,42,100,-58
121000185,27,232,-205
121000186,159,396,-237
121000187,150,337,-187
121000188,87,321,-234
121000192,537,507,30
121000193,491,586,-95
121000194,2803,2235,568
121000195,413,1272,-859
121000196,1086,258,828
121000197,302,920,-618
121000198,400,73,327
121000199,158,673,-515
121000200,343,110,233
121000201,7,292,-285
121000202,861,119,742
121000203,644,2993,-2349
121000204,2087,740,1347
121000205,195,424,-229
121000206,147,47,100
121000207,1639,647,992
121000208,8,622,-614
121000209,205,581,-376
121000210,316,1010,-694
121000211,254,170,84
121000212,261,1392,-1131
121000213,11181,2936,8245
121000214,953,2276,-1323
121000215,1427,975,452
121000216,466,623,-157
121000217,4712,3184,1528
121000218,601,2254,-1653
121000219,2001,521,1480
121000220,337,96,241
121000221,149,288,-139
121000222,2749,2865,-116
121000223,659,370,289
121000224,450,155,295
121000225,2538,1125,1413
121000226,5065,840,4225
121000227,10,405,-395
121000228,32,1038,-1006
121000229,210,676,-466
121000230,47,2402,-2355
121000231,443,62,381
121000232,414,241,173
121000233,410,358,52
121000234,23,25,-2
121000235,59,44,15
121000236,3,62,-59
121000237,25,7,18
121000238,3,125,-122
121000239,13,6,7
121000240,17,290,-273
121000241,48,4,44
121000242,49,166,-117
121000243,351,82,269
121000244,2,41,-39
121000245,23,7,16
121000246,0,85,-85
121000247,41,2,39
121000248,718,777,-59
121000249,77,260,-183
121000250,417,121,296
121000251,9,755,-746
121000252,84,43,41
121000253,316,669,-353
121000254,577,414,163
121000255,231,163,68
121000256,365,201,164
121000257,55,100,-45
121000258,159,44,115
121000259,56,40,16
121000260,113,190,-77
121000261,103,40,63
121000262,1053,958,95
121000263,375,583,-208
121000271,266,2306,-2040
121000273,198,16,182
121000274,19,37,-18
121000275,8,43,-35
121000276,3,14,-11
121000278,55,53,2
121000279,36,12,24
121000280,53,45,8
121000289,273,32,241
121000290,1463,759,704
121000294,87,236,-149
121000297,1132,1057,75
121000299,204,287,-83
121000300,636,597,39
121000302,187,1213,-1026
121000303,698,547,151
121000304,415,62,353
121000305,104,47,57
121000306,55,174,-119
121000308,165,423,-258
121000309,321,667,-346
121000310,96,460,-364
121000311,70,915,-845
121000312,310,203,107
121000313,472,404,68
121000314,152,101,51
121000315,60,168,-108
121000530,992,1718,-726
121000531,1186,1876,-690
121000532,5659,5179,480
121000533,2366,3107,-741
121000918,35,214,-179
121000919,16,64,-48
121000938,558,364,194
121000939,709,360,349
121000956,718,2231,-1513
121000957,6,28,-22
121000958,138,46,92
121000959,469,1326,-857
121000960,2167,3195,-1028
121000961,134,100,34
121000962,395,1163,-768
121000963,0,0,0
121000973,1,520,-519
121000976,17,154,-137
121000979,304,71,233
121000981,275,167,108
121000982,208,451,-243
121000983,508,528,-20
121000984,29,55,-26
121000985,378,1372,-994
121000986,208,618,-410
121000987,315,2443,-2128
121000988,566,201,365
121001302,318,153,165
121001308,11,13,-2
121001309,128,73,55
121001311,0,0,0
121001313,145,345,-200
121001314,3552,4412,-860
121001315,4933,2263,2670
121001326,426,550,-124
121900001,74,199,-125
121900002,59,21,38
121900003,193,4,189
121900004,125,365,-240
121900005,8,7,1
121900006,69,15,54
121900007,2233,2191,42
121900008,691,158,533
121900009,686,27,659
121900010,150,1,149
121900011,142,523,-381
121900012,0,0,0
121900013,1518,44,1474
121900014,1355,288,1067
121900015,117,207,-90
121900016,3,44,-41
121900017,287,753,-466
121900018,172,0,172
121900019,257,280,-23
121900020,24,0,24
121900021,825,28,797
121900022,181,199,-18
121900023,64,414,-350
121900024,331,45,286
121900025,287,469,-182
121900026,331,47,284
121900027,180,132,48
121900028,348,15,333
121900029,76,258,-182
121900030,534,461,73
121900031,1560,6243,-4683
121900032,64,72,-8
121900033,114,199,-85
121900034,254,86,168
121900035,2567,1586,981
121900036,87,515,-428
121900037,141,746,-605
121900038,18,134,-116
121900039,347,23,324
121900040,21,54,-33
121900041,75,165,-90
121900042,278,137,141
121900043,2,7,-5
121900044,232,35,197
121900046,201,191,10
121900047,107,86,21
121900048,11,145,-134
121900050,17,33,-16
121900051,159,210,-51
121900052,67,42,25
121900053,304,307,-3
121900054,576,873,-297
121900055,1,11,-10
121900058,157,289,-132
121900059,208,94,114
121900060,171,397,-226
121900062,96,74,22
121900063,886,339,547
121900064,141,867,-726
121900066,19,25,-6
121900067,18,50,-32
121900069,197,95,102
121900070,230,125,105
121900071,120,287,-167
121900072,23,213,-190
121900073,237,202,35
121900074,673,548,125
121900075,985,350,635
121900076,351,665,-314
121900078,41,50,-9
121900079,0,0,0
121900080,524,379,145
121900082,22,107,-85
121900084,4,171,-167
121900086,11,47,-36
121900087,163,101,62
121900088,1683,2666,-983
121900089,133,556,-423
121900090,4,99,-95
121900091,22,94,-72
121900092,59,80,-21
121900093,47,79,-32
121900094,25,15,10
121900095,142,96,46
121900096,1341,550,791
121900097,328,171,157
121900098,13,0,13
121900099,148,111,37
121900100,145,237,-92
121900101,83,112,-29
121900102,8,103,-95
121900103,543,212,331
121900104,975,338,637
121900105,168,104,64
121900106,2,1,1
121900107,30,30,0
121900108,0,20,-20
121900109,333,152,181
121900110,209,1359,-1150
121900111,696,125,571
121900112,102,114,-12
121900113,55,278,-223
121900114,11,29,-18
121900117,60,31,29
121900118,2285,402,1883
121900119,68,154,-86
121900120,53,1344,-1291
121900121,627,43,584
121900122,28,20,8
121900123,212,460,-248
121900124,65,196,-131
121900125,843,1139,-296
121900127,25,71,-46
121900128,56,124,-68
121900129,886,137,749
121900130,138,278,-140
121900131,190,139,51
121900132,21,99,-78
121900133,117,452,-335
121900134,40,101,-61
121900135,2387,253,2134
121900136,181,623,-442
121900137,50,302,-252
121900138,74,212,-138
121900139,415,555,-140
121900140,54,171,-117
121900141,44,13,31
121900142,72,126,-54
121900143,1,139,-138
121900144,149,304,-155
121900145,158,150,8
121900146,456,696,-240
121900147,56,227,-171
121900148,118,242,-124
121900149,291,724,-433
121900150,65,191,-126
121900151,44,203,-159
121900152,47,131,-84
121900153,70,493,-423
121900154,10,217,-207
121900155,1,90,-89
121900156,171,103,68
121900157,2,521,-519
121900158,52,73,-21
121900159,3,274,-271
121900160,57,218,-161
121900161,352,352,0
121900162,80,105,-25
121900163,112,797,-685
121900164,369,259,110
121900165,232,217,15
121900166,185,232,-47
121900167,103,101,2
121900168,183,157,26
121900169,8,526,-518
121900170,2,167,-165
121900171,378,583,-205
121900172,347,216,131
121900173,803,240,563
121900174,12,35,-23
121900175,162,124,38
121900176,488,2282,-1794
121900177,145,68,77
121900178,50,77,-27
121900179,224,98,126
121900180,5774,2994,2780
121900182,1231,319,912
121900183,262,382,-120
121900184,36,533,-497
121900186,10,369,-359
121900187,27,106,-79
121900188,556,541,15
121900189,35,87,-52
121900190,256,588,-332
121900191,44,191,-147
121900192,330,838,-508
121900193,40,218,-178
121900194,9,164,-155
121900195,93,76,17
121900196,850,772,78
121900197,313,2538,-2225
121900198,1053,1555,-502
121900199,2,27,-25
121900200,105,239,-134
121900201,1218,561,657
121900202,125,338,-213
121900203,179,966,-787
121900204,1134,896,238
121900205,23,115,-92
121900206,5,20,-15
121900207,127,58,69
121900208,355,334,21
121900209,33,32,1
121900210,1551,1326,225
121900211,270,999,-729
121900212,128,126,2
121900213,76,97,-21
121900214,2,446,-444
121900215,42,61,-19
121900216,32,60,-28
121900217,170,89,81
121900218,293,556,-263
121900220,119,13,106
121900221,244,545,-301
121900222,149,171,-22
121900223,114,82,32
121900224,49,80,-31
121900225,147,80,67
121900226,246,434,-188
121900227,122,438,-316
121900228,175,331,-156
121900230,114,114,0
121900231,321,711,-390
121900232,258,391,-133
121900233,303,215,88
121900234,180,466,-286
121900235,300,306,-6
121900236,259,152,107
121900237,182,223,-41
121900238,102,147,-45
121900239,90,29,61
121900240,183,108,75
121900241,17,60,-43
121900242,0,0,0
121900243,1,0,1
121900244,6,1,5
121900245,140,111,29
121900246,1857,404,1453
121900248,1498,1006,492
121900250,219,310,-91
121900251,329,43,286
121900252,496,129,367
121900253,223,1312,-1089
121900254,364,309,55
121900255,224,74,150
121900258,2836,1604,1232
121900259,316,464,-148
121900260,26,200,-174
121900261,149,440,-291
121900262,407,888,-481
121900263,117,304,-187
121900264,2124,1452,672
121900265,155,303,-148
121900266,148,221,-73
121900267,60,11,49
121900269,94,378,-284
121900270,14,169,-155
121900271,26,105,-79
121900273,545,1608,-1063
121900274,162,279,-117
121900277,311,1812,-1501
121900278,120,1051,-931
121900279,147,325,-178
121900280,194,358,-164
121900281,353,163,190
121900284,79,9,70
121900286,83,153,-70
121900287,14,21,-7
121900288,0,1,-1
121900290,208,296,-88
121900291,482,670,-188
121900292,273,98,175
121900293,840,3766,-2926
121900294,249,2,247
121900295,49,232,-183
121900296,63,63,0
121900298,474,484,-10
121900299,0,0,0
121900300,19,0,19
121900301,28,0,28
121900302,0,57,-57
121900303,499,411,88
121900304,1,4,-3
121900305,1,3,-2
121900306,60,0,60
121900307,22,22,0
121900308,31,368,-337
121900309,13,230,-217
121900310,33,526,-493
121900311,220,19,201
121900312,94,18,76
121900313,222,12,210
121900314,0,59,-59
121900315,14,0,14
121900316,0,53,-53
121900317,1,0,1
121900318,2,32,-30
121900319,18,72,-54
121900320,82,134,-52
121900321,2,3,-1
121900322,2,40,-38
121900323,35,19,16
121900324,20,73,-53
121900325,4,2,2
121900326,1,32,-31
121900327,8,83,-75
121900328,0,48,-48
121900329,0,310,-310
121900330,0,44,-44
121900331,20,19,1
121900332,60,16,44
121900333,23,0,23
121900334,321,60,261
122000001,2371,4602,-2231
122000002,5986,1883,4103
122000003,2015,1923,92
122000004,3406,1690,1716
122000005,3353,1288,2065
122000006,3101,636,2465
122000007,1667,1848,-181
122000008,6626,5933,693
122000009,603,406,197
122000010,2266,3708,-1442
122000011,3079,1368,1711
122000012,1663,1210,453
122000013,3286,1434,1852
122000014,1803,3120,-1317
122000015,1650,1050,600
122000016,610,987,-377
122000017,1059,1237,-178
122000018,1459,1138,321
122000019,948,1589,-641
122000020,118,210,-92
122000021,433,574,-141
122000022,1529,1793,-264
122000023,613,3652,-3039
122000024,1168,972,196
122000025,2100,1422,678
122000026,2209,1024,1185
122000027,743,6311,-5568
122000028,907,483,424
122000029,470,286,184
122000030,266,136,130
122000031,176,276,-100
122000032,2008,4248,-2240
122000033,1256,1034,222
122000034,757,643,114
122000035,268,1031,-763
122000036,447,592,-145
122000037,361,348,13
122000038,287,460,-173
122000039,708,556,152
122000040,426,470,-44
122000041,630,567,63
122000042,637,427,210
122000043,180,153,27
122000044,146,195,-49
122000045,1795,609,1186
122000046,1071,1146,-75
122000047,298,220,78
122000048,3157,5524,-2367
122000049,5141,2468,2673
122000050,2524,819,1705
122000051,510,546,-36
122000052,665,352,313
122000053,189,572,-383
122000054,2481,1931,550
122000055,2782,2742,40
122000056,6160,4510,1650
122000057,4228,3349,879
122000058,5248,1239,4009
122000059,4207,1594,2613
122000060,888,612,276
122000061,638,472,166
122000062,1340,360,980
122000063,1869,564,1305
122000064,4487,3203,1284
122000065,6577,3087,3490
122000066,579,503,76
122000067,2217,1329,888
122000068,1067,1724,-657
122000069,1004,804,200
122000070,639,4887,-4248
122000071,981,2163,-1182
122000072,455,385,70
122000073,734,504,230
122000074,2103,1585,518
122000075,542,1821,-1279
122000076,1837,1144,693
122000077,1715,666,1049
122000078,3048,2600,448
122000079,2796,919,1877
122000080,1744,426,1318
122000081,248,454,-206
122000082,1231,738,493
122000083,1207,4825,-3618
122000084,972,762,210
122000085,208,1921,-1713
122000086,2380,6496,-4116
122000087,379,134,245
122000088,201,312,-111
122000089,6559,3435,3124
122000090,203,383,-180
122000091,335,79,256
122000092,198,9,189
122000093,2389,801,1588
122000094,8102,1635,6467
122000095,3349,2665,684
122000096,2887,2017,870
122000098,3333,1430,1903
122000099,4548,666,3882
122000100,1311,790,521
122000101,212,1344,-1132
122000102,1680,1078,602
122000103,1446,1445,1
122000104,292,192,100
122000105,350,268,82
122000106,449,541,-92
122000107,858,521,337
122000108,314,894,-580
122000109,400,457,-57
122000110,328,513,-185
122000111,2568,922,1646
122000112,780,1386,-606
122000113,632,785,-153
122000114,5515,1723,3792
122000115,1665,2572,-907
122000116,429,505,-76
122000117,1225,319,906
122000118,341,714,-373
122000119,3042,1801,1241
122000120,2535,3067,-532
122000121,3527,2379,1148
122000122,785,1430,-645
122000123,2853,1924,929
122000124,1396,597,799
122000125,516,689,-173
122000126,644,1127,-483
122000127,1695,1106,589
122000128,775,875,-100
122000129,319,1009,-690
122000130,2550,750,1800
122000131,1267,831,436
122000132,853,490,363
122000133,1236,2088,-852
122000134,555,569,-14
122000135,668,831,-163
122000136,416,416,0
122000137,1006,782,224
122000139,2185,2682,-497
122000140,1827,547,1280
122000141,5265,1121,4144
122000142,703,720,-17
122000143,498,371,127
122000144,1402,1016,386
122000145,1683,609,1074
122000146,695,968,-273
122000147,966,476,490
122000148,3008,1159,1849
122000149,1804,1317,487
122000150,1067,961,106
122000151,236,384,-148
122000152,455,368,87
122000153,521,343,178
122000154,235,233,2
122000155,1286,2095,-809
122000156,1778,1861,-83
122000157,2053,1292,761
122000158,421,570,-149
122000159,1011,1746,-735
122000160,4628,1550,3078
122000161,970,746,224
122000162,1916,1624,292
122000163,305,68,237
122000164,27,113,-86
122000165,781,752,29
122000166,1332,1479,-147
122000167,223,197,26
122000168,210,554,-344
122000169,585,172,413
122000170,225,297,-72
122000171,24,73,-49
122000172,1669,1844,-175
122000173,1386,2760,-1374
122000174,2415,962,1453
122000175,1327,288,1039
122000176,366,854,-488
122000177,1806,1706,100
122000178,2963,3261,-298
122000179,1889,3445,-1556
122000180,1750,1230,520
122000181,1704,3426,-1722
122000182,1887,1605,282
122000183,1943,1467,476
122000184,2430,2021,409
122000185,1148,1366,-218
122000186,654,1094,-440
122000187,2355,1435,920
122000188,488,230,258
122000189,242,400,-158
122000190,1138,1159,-21
122000191,1274,637,637
122000192,740,365,375
122000193,329,650,-321
122000194,822,193,629
122000195,222,548,-326
122000196,842,556,286
122000197,508,717,-209
122000198,631,1103,-472
122000199,454,382,72
122000200,1794,756,1038
122000201,1126,1640,-514
122000202,1023,1139,-116
122000203,2417,1599,818
122000204,1428,2017,-589
122000205,1436,1307,129
122000206,2571,938,1633
122000207,1251,1372,-121
122000208,2359,1875,484
122000209,2949,450,2499
122000210,2180,2294,-114
122000211,1444,1250,194
122000212,819,494,325
122000213,991,1236,-245
122000214,1795,1895,-100
122000215,1923,1532,391
122000217,2380,1469,911
122000218,891,65,826
122000219,1631,1119,512
122000220,363,769,-406
122000221,175,563,-388
122000222,571,132,439
122000223,1101,461,640
122000225,658,313,345
122000226,1432,2016,-584
122000227,320,2963,-2643
122000228,374,454,-80
122000229,62,523,-461
122000230,70,825,-755
122000231,239,944,-705
122000232,529,1341,-812
122000233,1,148,-147
122000234,143,252,-109
122000235,584,291,293
122000236,560,190,370
122000237,86,67,19
122000238,203,261,-58
122000239,519,122,397
122000240,997,389,608
122000241,899,637,262
122000242,385,122,263
122000243,144,69,75
122000244,55,698,-643
122000245,74,419,-345
122000246,160,221,-61
122000247,503,1040,-537
122000248,1868,2374,-506
122000249,550,665,-115
122000250,1450,911,539
122000251,213,506,-293
122000252,494,116,378
122000253,34,281,-247
122000254,158,74,84
122000255,705,1996,-1291
122000256,437,1690,-1253
122000257,124,446,-322
122000258,107,231,-124
122000259,16,862,-846
122000260,226,767,-541
122000261,5,331,-326
122000262,1,94,-93
122000263,128,157,-29
122000264,785,603,182
122000265,2527,1019,1508
122000266,5377,663,4714
122000267,87,141,-54
122000268,116,514,-398
122000269,879,305,574
122000270,1262,152,1110
122000271,400,1378,-978
122000272,329,1386,-1057
122000273,332,615,-283
122000274,110,327,-217
122000275,75,299,-224
122000276,423,684,-261
122000277,855,1460,-605
122000278,906,1131,-225
122000279,141,614,-473
122000280,966,882,84
122000281,586,883,-297
122000282,128,122,6
122000283,295,55,240
122000284,133,90,43
122000285,304,104,200
122000286,67,161,-94
122000287,619,1459,-840
122000288,331,264,67
122000291,991,447,544
122000293,479,354,125
122000294,98,179,-81
122000295,1710,281,1429
122000296,66,612,-546
122000297,3725,2635,1090
122000299,297,504,-207
122000300,566,694,-128
122000301,19178,3032,16146
122000302,846,1027,-181
122000303,4735,1293,3442
122000304,17,239,-222
122000305,762,1319,-557
122000306,33,1257,-1224
122000307,105,162,-57
122000309,109,89,20
122000310,46,42,4
122000311,142,147,-5
122000312,159,67,92
122000313,84,67,17
122000314,211,250,-39
122000315,209,8,201
122000316,385,265,120
122000317,803,277,526
122000318,180,357,-177
122000319,263,874,-611
122000320,368,3516,-3148
122000321,102,410,-308
122000322,2509,4566,-2057
122000323,1775,2448,-673
122000324,1852,1866,-14
122000325,1174,1374,-200
122000326,32,194,-162
122000327,516,728,-212
122000328,1519,909,610
122000330,2141,767,1374
122000333,1,346,-345
122000337,692,2197,-1505
122000338,428,578,-150
122000340,561,398,163
122000342,3802,1188,2614
122000343,447,2329,-1882
122000344,45,30,15
122000345,17,88,-71
122000346,290,756,-466
122000348,368,881,-513
122000349,149,881,-732
122000351,159,353,-194
122000352,256,119,137
122000353,53,196,-143
122000355,136,158,-22
122000356,2341,734,1607
122000357,37,20,17
122000358,2,90,-88
122000359,0,34,-34
122000360,0,83,-83
122000362,17,152,-135
122000364,92,473,-381
122000365,0,21,-21
122000366,12,5,7
122000368,500,778,-278
122000370,25,97,-72
122000371,11,0,11
122000372,5,0,5
122000381,48,474,-426
122000382,46,369,-323
122000384,5740,2439,3301
122000385,41,0,41
122000386,1035,866,169
122000387,586,612,-26
122000388,2581,442,2139
122000389,244,915,-671
122000390,567,318,249
122000391,363,148,215
122000392,192,264,-72
122000393,95,452,-357
122000394,446,377,69
122000395,131,300,-169
122000396,254,166,88
122000397,42,104,-62
122000398,4,56,-52
122000399,101,95,6
122000400,183,266,-83
122000401,97,121,-24
122000402,191,129,62
122000403,505,1599,-1094
122000404,106,427,-321
122000408,1034,1336,-302
122000503,4,95,-91
122000524,183,113,70
122000544,48,3379,-3331
122000614,588,418,170
122000616,453,1,452
122000640,47,224,-177
122000641,65,627,-562
122000642,899,1531,-632
122000643,17,99,-82
122000644,208,31,177
122000645,75,315,-240
122000651,2749,678,2071
122000664,219,36,183
122000665,1016,513,503
122000666,583,1156,-573
122000673,22,566,-544
122000674,98,62,36
122000675,1664,1761,-97
122000686,311,2020,-1709
122000687,1166,414,752
122000688,138,1279,-1141
122000689,516,731,-215
122000690,694,923,-229
122000691,320,3841,-3521
122000692,928,400,528
122000693,375,2574,-2199
122000695,169,670,-501
122000696,157,452,-295
122000698,173,1399,-1226
122000699,128,67,61
122000701,1021,455,566
122000702,566,3124,-2558
122000703,125,88,37
122000712,0,0,0
122000717,250,53,197
122000718,1011,1309,-298
122000719,43,63,-20
122000720,232,335,-103
122000724,257,480,-223
122900001,18,5,13
122900002,1270,2582,-1312
122900003,334,57,277
122900004,473,21,452
122900005,57,24,33
122900006,532,150,382
122900007,78,32,46
122900008,573,39,534
122900009,851,403,448
122900010,174,189,-15
122900012,199,345,-146
122900014,122,348,-226
122900015,2372,463,1909
122900016,108,358,-250
122900017,590,886,-296
122900018,238,9,229
122900020,435,399,36
122900021,97,782,-685
122900022,327,1044,-717
122900023,146,224,-78
122900024,103,121,-18
122900025,27,174,-147
122900026,178,359,-181
122900027,84,1103,-1019
122900028,98,174,-76
122900029,5313,2990,2323
122900030,1707,483,1224
122900031,126,154,-28
122900032,86,238,-152
122900033,161,167,-6
122900034,4145,5446,-1301
122900035,35,12,23
122900036,57,290,-233
122900037,319,120,199
122900038,158,2379,-2221
122900039,86,385,-299
122900040,311,370,-59
122900041,155,184,-29
122900042,132,263,-131
122900043,381,264,117
122900044,102,328,-226
122900045,83,128,-45
122900046,57,106,-49
122900047,395,169,226
122900048,29,206,-177
122900049,2247,180,2067
122900051,113,147,-34
122900052,38,162,-124
122900053,24,10,14
122900055,249,103,146
122900057,267,29,238
122900061,314,149,165
122900062,309,398,-89
122900063,123,437,-314
122900064,903,643,260
122900065,283,128,155
122900066,392,223,169
122900067,1702,869,833
122900069,161,1022,-861
122900070,233,54,179
122900071,135,564,-429
122900073,44,430,-386
122900074,189,878,-689
122900075,1,127,-126
122900076,8,336,-328
122900077,5,271,-266
122900078,66,162,-96
122900080,81,12,69
122900081,156,218,-62
122900082,644,250,394
122900083,250,167,83
122900084,1,352,-351
122900086,6,23,-17
122900087,134,580,-446
122900088,53,121,-68
122900089,38,323,-285
122900090,6,1165,-1159
122900091,113,1,112
122900092,86,483,-397
122900093,2,541,-539
122900094,2,327,-325
122900095,87,1,86
122900096,92,339,-247
122900097,9,17,-8
122900098,106,138,-32
122900099,13,0,13
122900100,318,230,88
122900101,959,231,728
122900102,7,9,-2
122900103,69,6,63
122900104,44,4,40
122900105,3,3,0
122900106,1,114,-113
122900107,3,393,-390
122900108,2,383,-381
122900109,88,192,-104
123000001,2296,438,1858
123000002,6888,3060,3828
123000003,3604,3126,478
123000004,3238,5408,-2170
123000005,2591,2998,-407
123000006,3004,3344,-340
123000007,3665,2830,835
123000008,2829,4598,-1769
123000009,4301,3310,991
123000010,3910,4655,-745
123000011,4470,928,3542
123000012,1305,2937,-1632
123000013,3280,944,2336
123000014,1569,4645,-3076
123000015,5474,988,4486
123000016,8476,3543,4933
123000017,3442,1384,2058
123000018,28,85,-57
123000019,115,305,-190
123000020,70,116,-46
123000021,60,177,-117
123000022,525,1612,-1087
123000023,1310,1513,-203
123000024,1267,681,586
123000025,173,108,65
123000026,11,167,-156
123000027,257,308,-51
123000028,911,140,771
123000029,1190,357,833
123000030,263,791,-528
123000031,99,573,-474
123000032,207,373,-166
123000033,220,90,130
123000034,777,666,111
123000035,239,305,-66
123000036,202,681,-479
123000037,236,325,-89
123000038,95,250,-155
123000039,467,999,-532
123000040,1502,343,1159
123000041,1405,659,746
123000042,1205,461,744
123000043,2062,3281,-1219
123000044,6699,2271,4428
123000045,10030,2091,7939
123000046,979,1045,-66
123000047,1194,961,233
123000048,48,440,-392
123000049,4182,4353,-171
123000050,908,1326,-418
123000051,73,230,-157
123000052,592,2915,-2323
123000053,2091,3536,-1445
123000054,1037,1454,-417
123000055,1055,1407,-352
123000056,1516,2215,-699
123000057,13280,4148,9132
123000058,492,340,152
123000059,134,218,-84
123000060,559,439,120
123000061,148,457,-309
123000063,645,709,-64
123000064,3117,892,2225
123000065,7297,3665,3632
123000066,916,877,39
123000067,511,704,-193
123000068,3235,4336,-1101
123000069,7549,4275,3274
123000070,132,173,-41
123000071,1839,1324,515
123000072,1127,2001,-874
123000073,929,1042,-113
123000074,750,2258,-1508
123000075,482,1379,-897
123000076,524,1547,-1023
123000077,3041,4838,-1797
123000078,1013,2030,-1017
123000079,1138,2514,-1376
123000080,2313,3502,-1189
123000081,272,1084,-812
123000082,904,1820,-916
123000083,1007,590,417
123000084,2860,1499,1361
123000085,3416,1385,2031
123000086,555,1004,-449
123000087,382,754,-372
123000088,1397,1610,-213
123000089,459,1662,-1203
123000090,1001,1495,-494
123000091,1686,1632,54
123000092,1380,1267,113
123000094,499,592,-93
123000095,372,700,-328
123000096,362,504,-142
123000097,340,1496,-1156
123000098,547,738,-191
123000099,518,1220,-702
123000100,476,556,-80
123000101,531,543,-12
123000102,590,666,-76
123000104,278,363,-85
123000105,506,646,-140
123000106,474,412,62
123000107,387,718,-331
123000108,800,1821,-1021
123000111,2056,815,1241
123000112,572,910,-338
123000113,1211,2520,-1309
123000114,571,606,-35
123000115,225,359,-134
123000116,25,241,-216
123000117,1312,2577,-1265
123000118,411,1163,-752
123000119,281,1358,-1077
123000120,1267,1612,-345
123000121,416,720,-304
123000122,374,282,92
123000123,444,634,-190
123000124,605,706,-101
123000125,1008,1027,-19
123000126,1339,2486,-1147
123000127,1237,1022,215
123000128,382,508,-126
123000129,427,255,172
123000130,312,129,183
123000131,603,543,60
123000132,360,770,-410
123000133,311,557,-246
123000134,529,210,319
123000135,2468,2562,-94
123000136,158,1646,-1488
123000137,78,490,-412
123000138,75,546,-471
123000139,364,166,198
123000140,122,816,-694
123000141,717,140,577
123000142,1040,1152,-112
123000143,1321,3244,-1923
123000144,29,24,5
123000145,297,133,164
123000146,85,136,-51
123000147,109,124,-15
123000149,429,439,-10
123000150,202,280,-78
123000151,314,477,-163
123000152,54,437,-383
123000153,199,539,-340
123000154,2308,1846,462
123000155,3226,973,2253
123000156,40,109,-69
123000157,608,910,-302
123000158,699,696,3
123000159,3061,2365,696
123000160,976,1044,-68
123000161,1029,986,43
123000162,306,1039,-733
123000163,374,260,114
123000164,731,259,472
123000165,287,1668,-1381
123000166,31,237,-206
123000167,88,322,-234
123000168,110,449,-339
123000169,434,111,323
123000170,62,554,-492
123000171,235,120,115
123000172,182,767,-585
123000173,390,183,207
123000174,682,268,414
123000175,1085,1434,-349
123000176,522,271,251
123000177,371,1306,-935
123000178,954,361,593
123000179,30,439,-409
123000180,1030,366,664
123000181,398,1957,-1559
123000182,143,548,-405
123000183,145,304,-159
123000184,84,1014,-930
123000185,316,514,-198
123000186,6,867,-861
123000187,272,2,270
123000188,161,2,159
123000189,29,263,-234
123000190,5,74,-69
123000192,37,738,-701
123000193,75,921,-846
123000194,607,370,237
123000195,393,62,331
123000196,123,14,109
123000197,45,20,25
123000198,3,177,-174
123000199,2,406,-404
123000200,286,12,274
123000201,311,13,298
123000202,24,940,-916
123000203,510,46,464
123000204,37,810,-773
123000205,552,2828,-2276
123000206,1438,221,1217
123000207,128,1078,-950
123000208,346,404,-58
123000209,1769,610,1159
123000210,359,1813,-1454
123000211,475,3038,-2563
123000212,2389,468,1921
123000213,550,86,464
123000215,210,183,27
123000216,253,679,-426
123000217,125,57,68
123000218,85,410,-325
123000219,1343,67,1276
123000220,486,112,374
123000221,127,159,-32
123000222,261,687,-426
123000223,93,856,-763
123000224,369,909,-540
123000225,206,158,48
123000226,50,442,-392
123000227,64,431,-367
123000228,200,78,122
123000229,1286,2584,-1298
123000232,98,690,-592
123000233,459,226,233
123000234,176,752,-576
123000235,409,367,42
123000236,158,1035,-877
123000237,180,60,120
123000238,56,879,-823
123000239,476,2550,-2074
123000240,36,343,-307
123000241,1128,141,987
123000242,90,244,-154
123000243,543,1059,-516
123000244,786,608,178
123000245,83,184,-101
123000249,586,1003,-417
123000252,471,144,327
123000253,560,403,157
123000254,472,1250,-778
123000255,722,692,30
123000256,86,1172,-1086
123000257,3188,2846,342
123000258,889,2106,-1217
123000259,204,471,-267
123000260,348,792,-444
123000261,95,230,-135
123000262,107,411,-304
123000263,341,119,222
123000264,186,38,148
123000265,55,245,-190
123000266,421,796,-375
123000267,291,364,-73
123000268,58,87,-29
123000269,26,30,-4
123000270,35,46,-11
123000271,53,100,-47
123000272,858,304,554
123000273,221,497,-276
123000274,936,479,457
123000275,205,1189,-984
123000278,3779,3508,271
123000279,96,164,-68
123000280,257,433,-176
123000281,203,85,118
123000282,69,289,-220
123000283,107,49,58
123000284,53,131,-78
123000286,228,267,-39
123000287,527,330,197
123000288,860,563,297
123000289,492,722,-230
123000291,330,912,-582
123000294,327,281,46
123000295,770,804,-34
123000296,324,411,-87
123000297,334,1511,-1177
123000298,343,924,-581
123000299,95,602,-507
123000300,2361,1073,1288
123000301,92,236,-144
123000302,37,278,-241
123000303,114,102,12
123000305,1177,1119,58
123000306,58,305,-247
123000309,34,70,-36
123000310,47,30,17
123000311,237,345,-108
123000312,1309,1143,166
123000313,293,354,-61
123000315,42,530,-488
123000316,2762,258,2504
123000317,311,64,247
123000318,31,446,-415
123000329,21,20,1
123000337,372,358,14
123000338,446,65,381
123000339,156,353,-197
123000340,132,520,-388
123000342,9,288,-279
123000343,76,2,74
123000344,1251,487,764
123000345,357,739,-382
123000346,262,91,171
123000352,2504,838,1666
123000353,14,276,-262
123000354,438,59,379
123000355,0,698,-698
123000356,132,2,130
123000357,4,435,-431
123000359,0,247,-247
123000360,223,47,176
123000361,853,348,505
123000362,159,189,-30
123000363,63,260,-197
123000364,512,514,-2
123000365,42,323,-281
123000366,279,1401,-1122
123000367,436,2519,-2083
123000370,20,436,-416
123000371,312,16,296
123000372,160,16,144
123000373,6,505,-499
123000374,3,267,-264
123000375,171,26,145
123000376,721,796,-75
123000377,190,24,166
123000378,9,599,-590
123000379,0,223,-223
123000380,49,275,-226
123000381,223,44,179
123000382,1345,76,1269
123000383,315,858,-543
123000384,448,93,355
123000385,353,983,-630
123000436,105,942,-837
123000507,262,539,-277
123000508,236,564,-328
123000517,285,39,246
123000518,46,381,-335
123000519,134,91,43
123000520,55,329,-274
123000521,263,93,170
123000522,170,803,-633
123000541,6,0,6
123000542,0,48,-48
123000565,383,37,346
123000566,95,1367,-1272
123000567,149,376,-227
123000573,28,1312,-1284
123000574,378,73,305
123000575,1160,1518,-358
123000576,527,3449,-2922
123000577,80,818,-738
123000578,662,60,602
123000579,5772,3700,2072
123000580,93,19,74
123000582,221,18,203
123000583,14,653,-639
123000584,121,277,-156
123000585,1,115,-114
123000586,73,0,73
123000596,102,160,-58
123000597,70,123,-53
123000602,18,0,18
123000603,358,1203,-845
123000604,493,1876,-1383
123000605,882,16,866
123000606,2,240,-238
123000609,16,368,-352
123000610,149,116,33
123000613,44,310,-266
123000614,131,63,68
123000615,43,499,-456
123000616,242,80,162
123000617,96,650,-554
123000618,79,849,-770
123000619,380,41,339
123000620,12,758,-746
123000622,275,18,257
123000624,146,200,-54
123000630,687,520,167
123000631,257,3321,-3064
123000632,2791,2586,205
123000633,1,451,-450
123000634,160,53,107
123000635,334,76,258
123000636,8,982,-974
123000637,186,85,101
123000638,373,161,212
123000639,1112,2512,-1400
123000640,59,1349,-1290
123000648,975,531,444
123000649,306,1525,-1219
123000650,47,137,-90
123000651,25,193,-168
123000652,95,2,93
123000653,0,0,0
123900001,1520,61,1459
123900002,16,1054,-1038
123900003,285,927,-642
123900005,193,118,75
123900006,180,54,126
124000001,1276,93,1183
124000002,137,2776,-2639
124000003,463,151,312
124000004,74,980,-906
124000005,688,204,484
124000006,361,1649,-1288
124000007,864,90,774
124000008,44,568,-524
124000009,306,358,-52
124000010,147,796,-649
124000011,818,358,460
124000012,253,923,-670
124000017,122,84,38
124000018,73,68,5
124000019,104,109,-5
124000020,51,213,-162
124000021,93,46,47
124000022,50,207,-157
124000023,745,113,632
124000024,990,793,197
124000025,753,283,470
124000026,889,683,206
124000027,1504,628,876
124000028,2676,1149,1527
124000031,897,1141,-244
124000032,6567,1477,5090
124000033,741,492,249
124000034,1901,1572,329
124000035,188,117,71
124000036,149,825,-676
124000037,265,653,-388
124000038,45,136,-91
124000039,905,298,607
124000040,733,693,40
124000041,294,67,227
124000042,65,498,-433
124000043,67,76,-9
124000044,55,409,-354
124000045,369,598,-229
124000046,288,1155,-867
124000047,997,1054,-57
124000048,736,2986,-2250
124000049,983,742,241
124000050,686,3586,-2900
124000051,421,520,-99
124000052,625,1908,-1283
124000053,460,1039,-579
124000054,972,898,74
124000055,1205,1587,-382
124000056,5690,1620,4070
124000057,767,447,320
124000058,417,2015,-1598
124000059,357,698,-341
124000060,930,1082,-152
124000061,1316,3619,-2303
124000062,10534,2159,8375
124000063,1331,2080,-749
124000064,2718,2080,638
124000065,823,373,450
124000066,531,54,477
124000067,90,302,-212
124000068,36,162,-126
124000069,392,329,63
124000070,163,600,-437
124000071,114,113,1
124000072,193,667,-474
124000073,575,134,441
124000074,266,1026,-760
124000075,137,40,97
124000076,13,265,-252
124000077,1672,668,1004
124000078,1657,753,904
124000079,532,1041,-509
124000080,240,134,106
124000081,114,1013,-899
124000082,34,116,-82
124000083,64,298,-234
124000084,77,283,-206
124000085,52,69,-17
124000086,39,83,-44
124000087,115,55,60
124000088,80,530,-450
124000089,432,474,-42
124000090,117,463,-346
124000091,455,194,261
124000092,125,907,-782
124000093,66,99,-33
124000094,110,515,-405
124000095,69,67,2
124000096,119,398,-279
124000097,86,86,0
124000098,50,217,-167
124000099,153,107,46
124000100,70,129,-59
124000101,47,90,-43
124000102,95,110,-15
124000103,67,87,-20
124000104,89,159,-70
124000105,44,86,-42
124000106,206,203,3
124000107,15,133,-118
124000108,67,73,-6
124000109,117,64,53
124000110,248,178,70
124000111,184,155,29
124000112,470,1013,-543
124000113,60,98,-38
124000114,209,890,-681
124000115,255,1099,-844
124000116,75,85,-10
124000117,89,146,-57
124000118,27,94,-67
124000119,1101,689,412
124000120,565,769,-204
124000121,3928,871,3057
124000122,656,1465,-809
124000123,905,430,475
124000124,594,995,-401
124000125,252,416,-164
124000126,365,614,-249
124000127,710,405,305
124000128,599,1214,-615
124000129,1764,1517,247
124000130,699,886,-187
124000131,877,452,425
124000132,838,972,-134
124000133,725,705,20
124000134,768,1060,-292
124000135,1629,1538,91
124000136,1080,1365,-285
124000137,1077,644,433
124000138,1302,1232,70
124000139,663,73,590
124000140,84,879,-795
124000141,459,21,438
124000142,76,1127,-1051
124000143,89,10,79
124000144,1,232,-231
124000145,42,17,25
124000146,7,149,-142
124000148,10,68,-58
124000149,771,326,445
124000150,355,705,-350
124000151,515,293,222
124000152,793,1619,-826
124000153,378,533,-155
124000154,294,1123,-829
124000155,947,663,284
124000156,1706,1061,645
124000169,198,382,-184
124000170,864,486,378
124000171,195,291,-96
124000172,267,783,-516
124000173,335,449,-114
124000174,276,905,-629
124000175,11,143,-132
124000176,19,4,15
124000177,13,36,-23
124000178,44,33,11
124000185,44,17,27
124000186,17,144,-127
124000187,7,180,-173
124000188,23,14,9
124000190,273,41,232
124000191,1571,94,1477
124000192,1786,314,1472
124000193,394,1207,-813
124000194,380,708,-328
124000195,272,543,-271
124000196,1036,1308,-272
124000197,50,105,-55
124000198,14,56,-42
124000201,199,1552,-1353
124000202,368,150,218
124000203,100,1492,-1392
124000204,302,721,-419
124000205,33,880,-847
124000206,310,685,-375
124000207,0,31,-31
124000209,232,889,-657
124000210,195,261,-66
124000211,320,1,319
124000212,1,843,-842
124000213,160,557,-397
124000214,143,1111,-968
124000215,144,19,125
124000216,2,735,-733
124000329,99,3431,-3332
124000338,36,1845,-1809
124000339,304,55,249
124000341,576,57,519
124000344,46,24,22
124000357,1374,3092,-1718
124000358,1121,2450,-1329
124000359,877,743,134
124000360,534,585,-51
124000361,1399,681,718
124000362,1647,1924,-277
124000363,259,692,-433
124000364,451,1311,-860
124000365,591,1457,-866
124000366,2956,1842,1114
124000367,115,696,-581
124000368,272,198,74
124000369,141,113,28
124000370,52,605,-553
124000402,20,8,12
124000403,58,10,48
124000404,6,156,-150
124000405,857,692,165
124000406,894,962,-68
124000407,5,41,-36
124000411,4,578,-574
124000412,187,14,173
124000413,361,52,309
124000414,35,98,-63
124000415,72,303,-231
124000416,184,474,-290
124000417,81,107,-26
124000418,114,131,-17
124000419,54,269,-215
124000420,46,80,-34
124000421,43,421,-378
124000422,26,12,14
124000423,73,45,28
124000424,2,196,-194
124000425,66,8,58
124000426,9,374,-365
124000427,87,6,81
124000428,19,37,-18
124000429,13,62,-49
124000430,705,969,-264
124000431,305,897,-592
124000432,115,1257,-1142
124000439,2,5,-3
124000443,0,5,-5
124000445,350,565,-215
124000446,3868,102,3766
124000447,19,83,-64
124000448,50,11,39
124000449,47,13,34
124000450,23,860,-837
124000451,1,434,-433
124000452,329,67,262
124000453,2765,3463,-698
124000454,3891,5058,-1167
124900001,343,240,103
124900002,91,547,-456
124900003,596,579,17
124900004,394,414,-20
124900005,201,294,-93
124900006,423,377,46
124900008,1160,506,654
124900009,110,197,-87
124900010,99,51,48
124900011,290,236,54
124900012,288,100,188
124900013,256,146,110
124900014,136,108,28
124900015,142,155,-13
124900016,67,45,22
124900017,589,427,162
124900018,12,3,9
124900020,54,28,26
124900021,108,28,80
124900022,10,7,3
124900024,168,39,129
124900026,51,1,50
124900027,51,227,-176
124900028,685,128,557
124900029,8,362,-354
124900030,3,164,-161
124900031,21,414,-393
124900032,246,161,85
124900033,136,454,-318
124900034,5,124,-119
124900035,188,546,-358
124900036,3,36,-33
124900037,129,542,-413
124900038,209,475,-266
124900039,0,32,-32
124900040,58,104,-46
124900041,295,1808,-1513
124900042,57,0,57
124900043,446,1584,-1138
124900044,30,2,28
124900045,499,979,-480
124900047,131,234,-103
124900048,153,221,-68
124900050,116,428,-312
124900052,89,410,-321
124900053,51,444,-393
124900054,5139,455,4684
124900055,2,145,-143
124900057,37,247,-210
124900060,53,384,-331
124900061,35,4,31
124900062,54,8,46
124900066,0,20,-20
124900067,5,330,-325
124900068,207,277,-70
124900070,29,159,-130
124900072,39,44,-5
124900075,90,195,-105
124900076,21,594,-573
124900077,13,75,-62
124900078,67,3,64
124900079,932,76,856
124900080,284,1076,-792
124900081,555,248,307
124900082,397,1570,-1173
124900083,201,748,-547
124900085,1388,195,1193
124900086,34,840,-806
124900087,593,70,523
124900088,596,100,496
124900089,1686,28,1658
124900090,188,226,-38
124900091,159,779,-620
124900092,191,590,-399
124900093,176,161,15
124900094,254,231,23
124900095,45,325,-280
124900096,452,175,277
124900097,215,56,159
124900098,79,541,-462
124900099,629,397,232
124900100,185,60,125
124900101,18,89,-71
124900102,123,49,74
124900103,111,522,-411
124900104,56,421,-365
124900105,82,255,-173
124900106,193,47,146
124900107,55,23,32
124900108,194,31,163
124900111,0,75,-75
124900112,59,1072,-1013
124900113,90,231,-141
124900114,214,98,116
124900115,38,17,21
124900116,99,87,12
124900117,1268,132,1136
124900118,180,175,5
124900119,242,113,129
124900120,40,447,-407
124900121,123,172,-49
124900122,632,238,394
124900123,357,75,282
124900124,152,236,-84
124900125,111,0,111
124900126,2,744,-742
204000001,46,18,28
204000002,24,15,9
204000003,27,3,24
204000004,16,4,12
204000005,448,666,-218
204000006,956,2050,-1094
204000011,9,79,-70
204000012,60,104,-44
204000019,620,632,-12
204000020,509,1150,-641
204000021,2685,1079,1606
204000022,504,591,-87
204000023,393,1210,-817
204000031,109,19,90
204000032,542,33,509
204000034,25,299,-274
204000035,3,6,-3
204000036,7,24,-17
204000037,5,33,-28
204000038,1,50,-49
204000039,2,50,-48
204000040,6,55,-49
204000041,9,64,-55
204000042,28,14,14
204000043,15,0,15
204000044,29,0,29
204000045,18,4,14
204000046,10,2,8
204000057,4,23,-19
204000062,15,326,-311
204000068,20,221,-201
204000069,20,259,-239
204000070,75,127,-52
204000080,33,46,-13
204000085,1494,1876,-382
204000086,3351,2643,708
204000087,50,11,39
204000088,16,133,-117
204000090,45,466,-421
204000093,159,203,-44
204000096,641,1036,-395
204000097,259,201,58
204000099,842,1507,-665
204000100,1028,1442,-414
204000105,1890,2135,-245
204000110,869,1402,-533
204000111,357,1010,-653
204000112,720,1299,-579
204000113,402,1265,-863
204000114,530,533,-3
204000115,460,463,-3
204000116,965,853,112
204000119,1517,2406,-889
204000132,405,229,176
204000133,592,298,294
204000134,191,123,68
204000135,376,169,207
204000136,260,284,-24
204000138,236,360,-124
204000140,165,131,34
204000141,132,62,70
204000144,6,50,-44
204000145,451,34,417
204000146,19,542,-523
204000147,34,174,-140
204000148,328,58,270
204000154,8,1,7
204000155,2,3,-1
204000177,44,92,-48
204000179,27,17,10
204000180,0,35,-35
204000222,1,8,-7
204000235,7,7,0
204000236,85,411,-326
204000238,12,86,-74
204000240,302,66,236
204000263,631,1624,-993
204000268,1100,820,280
204000308,254,42,212
204000317,8,79,-71
204000322,3,41,-38
204000323,44,30,14
204000328,252,224,28
204000329,126,214,-88
204000330,246,334,-88
204000331,98,208,-110
205000001,1081,1581,-500
205000013,17,76,-59
205000014,18,98,-80
205000015,37,191,-154
205000016,18,182,-164
205000017,26,77,-51
205000022,328,764,-436
205000025,2002,1170,832
205000029,167,3,164
205000045,70,241,-171
205000046,82,715,-633
205000047,44,656,-612
205000048,228,1516,-1288
205000049,138,917,-779
205000050,1692,326,1366
205000059,0,354,-354
205000060,2,115,-113
205000061,7,45,-38
205000062,11,94,-83
205000063,38,313,-275
205000064,28,208,-180
205000065,77,792,-715
205000066,111,1113,-1002
205000067,44,1382,-1338
205000069,210,25,185
205000082,163,364,-201
205000110,92,221,-129
205000111,163,303,-140
205000112,115,212,-97
205000113,150,288,-138
205000121,184,126,58
205000123,51,174,-123
205000126,456,225,231
205000127,625,290,335
205000128,594,188,406
205000129,800,201,599
205000130,967,60,907
205000131,659,5,654
205000132,735,1,734
205000133,435,0,435
205000134,247,1,246
205000137,109,171,-62
205000138,193,375,-182
205000139,19,150,-131
205000144,89,93,-4
205000145,232,330,-98
205000151,178,67,111
205000152,197,98,99
205000153,136,89,47
205000154,52,104,-52
205000155,114,26,88
205000207,6,256,-250
205000233,24,0,24
205000234,0,1,-1
205000243,0,1,-1
205000244,0,7,-7
205000245,10,429,-419
205000249,1,35,-34
205000250,5,1,4
205000264,15,118,-103
206000027,17,1,16
206000028,1,2,-1
206000043,7,176,-169
206000053,4,11,-7
206000054,2,31,-29
206000055,1,21,-20
206000075,1,12,-11
206000076,20,19,1
206000077,18,5,13
206000078,22,4,18
206000079,16,5,11
206000082,371,28,343
206000100,62,902,-840
206000103,3,22,-19
206000104,13,34,-21
206000105,6,28,-22
206000106,18,36,-18
206000125,41,0,41
206000157,87,876,-789
206000170,1,239,-238
206000171,1,254,-253
206000172,6,1116,-1110
206000173,1,348,-347
206000174,6,150,-144
206000175,2,255,-253
206000176,14,452,-438
206000177,4,294,-290
206000178,1,227,-226
206000179,7,144,-137
206000180,11,301,-290
206000181,10,457,-447
206000182,24,486,-462
206000183,23,1478,-1455
206000184,3,582,-579
206000185,10,556,-546
206000186,92,2463,-2371
206000223,6,366,-360
206000226,6,2,4
206000227,22,0,22
206000237,27,597,-570
206000238,57,994,-937
206000239,761,3630,-2869
206000240,1,83,-82
206000241,1,166,-165
206000242,17,627,-610
206000243,8,541,-533
206000244,66,1330,-1264
206000245,369,50,319
206000246,71,15,56
206000247,83,7,76
206000248,251,21,230
206000252,33,25,8
206000258,17,34,-17
206000315,46,4,42
206000317,304,104,200
206000318,237,49,188
206000319,486,113,373
206000320,47,33,14
206000321,51,13,38
206000322,148,3,145
206000323,119,4,115
206000324,55,6,49
206000325,91,7,84
206000326,128,11,117
206000327,181,20,161
206000328,77,1,76
206000329,103,4,99
206000330,22,9,13
206000331,55,2,53
206000332,15,6,9
206000333,258,2,256
206000334,121,1,120
206000335,0,15,-15
206000361,5,300,-295
206000392,4,46,-42
206000405,128,3,125
206000441,13,15,-2
206000498,27,3,24
206000515,97,27,70
206000530,122,37,85
206000531,155,95,60
206000532,3762,190,3572
206000535,430,3668,-3238
206000536,25,429,-404
206000537,19,271,-252
206000613,1307,172,1135
206000784,414,35,379
207000001,183,598,-415
207000002,132,450,-318
207000003,144,302,-158
207000007,550,232,318
207000008,41,9,32
207000009,31,38,-7
207000010,453,813,-360
207000012,211,262,-51
207000015,386,2536,-2150
207000019,226,94,132
207000021,457,172,285
207000022,138,100,38
207000023,161,51,110
207000024,3,10,-7
207000025,14,61,-47
207000026,143,37,106
207000027,22,75,-53
207000028,94,259,-165
207000029,294,471,-177
207000033,295,351,-56
207000034,236,93,143
207000039,235,124,111
207000040,161,123,38
207000041,29,42,-13
207000042,177,58,119
207000043,178,158,20
207000051,106,379,-273
207000052,17,255,-238
207000053,374,918,-544
207000054,27,182,-155
207000055,119,252,-133
207000056,187,581,-394
207000057,109,438,-329
207000058,93,691,-598
207000059,114,1437,-1323
207000060,70,498,-428
207000061,188,251,-63
207000062,230,71,159
207000063,180,188,-8
207000064,290,160,130
207000065,242,202,40
207000066,162,200,-38
207000067,68,126,-58
207000068,117,102,15
207000069,679,414,265
207000082,45,691,-646
207000083,57,544,-487
207000084,154,252,-98
207000085,128,22,106
207000086,93,4,89
207000106,36,31,5
207000107,57,23,34
207000108,29,22,7
207000109,35,17,18
207000110,49,63,-14
207000111,61,77,-16
207000112,182,353,-171
207000114,12,62,-50
207000115,12,79,-67
207000116,11,358,-347
207000117,3,156,-153
207000118,7,92,-85
207000119,39,109,-70
207000123,146,32,114
207000124,57,23,34
207000125,46,24,22
207000126,57,46,11
207000134,63,422,-359
207000135,31,492,-461
207000148,35,229,-194
207000149,94,46,48
207000152,176,414,-238
207000153,1026,1148,-122
207000154,452,172,280
207000159,92,382,-290
207000160,145,870,-725
207000238,1,166,-165
207000242,2,198,-196
207000248,27,24,3
207000249,168,63,105
207000250,955,46,909
207000251,131,66,65
207000252,65,79,-14
207000278,66,94,-28
207000279,17,300,-283
207000280,282,70,212
207000281,116,2142,-2026
207000282,225,63,162
207000283,158,485,-327
207000284,86,102,-16
207000285,224,67,157
207000291,6,175,-169
207000304,123,51,72
207000306,79,448,-369
207000310,34,40,-6
207000353,310,8,302
207000356,28,32,-4
207000357,22,9,13
207000358,19,28,-9
207000415,15,259,-244
207000417,29,1,28
207000418,106,192,-86
207000438,0,2,-2
207000439,1032,452,580
207000446,92,7,85
207000460,6,5,1
207000466,291,202,89
207000467,165,107,58
207000468,40,739,-699
207000476,8,104,-96
207000477,327,122,205
207000478,3,27,-24
207000523,0,25,-25
207000524,67,0,67
207000527,74,160,-86
207000530,211,18,193
207000531,228,8,220
207000532,44,12,32
207000534,596,55,541
207000535,54,300,-246
207000537,29,122,-93
207000540,8,217,-209
207000541,1,438,-437
207000548,4,394,-390
207000549,173,5,168
207000561,69,137,-68
207000562,27,234,-207
207000567,213,329,-116
207000568,116,139,-23
207000569,369,2547,-2178
207000584,331,210,121
207000585,54,279,-225
207000587,63,37,26
207000616,1,250,-249
207000617,110,0,110
207000624,68,35,33
207000631,3,59,-56
207900008,139,513,-374
208000001,371,807,-436
208000002,506,656,-150
208000003,867,799,68
208000004,1011,893,118
208000005,10,17,-7
208000019,397,899,-502
208000020,145,490,-345
208000021,165,812,-647
208000022,733,927,-194
208000028,1413,809,604
208000033,448,956,-508
208000034,1337,2273,-936
208000037,542,65,477
208000040,74,144,-70
208000041,631,462,169
208000042,726,538,188
208000047,95,636,-541
208000064,2509,1701,808
208000066,1384,1400,-16
208000070,302,580,-278
208000071,286,1058,-772
208000072,294,1498,-1204
208000080,176,395,-219
208000081,212,278,-66
208000082,260,381,-121
208000083,159,463,-304
208000084,31,17,14
208000085,969,606,363
208000086,505,986,-481
208000087,249,869,-620
208000089,752,980,-228
208000090,654,1443,-789
208000093,112,160,-48
208000094,411,757,-346
208000095,588,456,132
208000104,786,1165,-379
208000105,520,1213,-693
208000114,55,190,-135
208000115,419,429,-10
208000116,318,1018,-700
208000117,90,171,-81
208000118,117,98,19
208000155,564,1048,-484
208000158,1663,3531,-1868
208000186,3084,3156,-72
208000204,396,1409,-1013
208000205,915,2017,-1102
208000282,4068,2088,1980
209000004,139,293,-154
209000005,30,29,1
209000006,578,115,463
209000007,439,244,195
209000010,527,155,372
209000011,205,272,-67
209000012,182,325,-143
209000013,185,828,-643
209000014,645,2178,-1533
209000025,192,44,148
209000026,516,130,386
209000027,469,1516,-1047
209000028,240,1283,-1043
209000029,802,1214,-412
209000030,560,2476,-1916
209000031,5940,3207,2733
209000034,134,213,-79
209000035,99,152,-53
209000036,154,138,16
209000037,132,267,-135
209000038,72,214,-142
209000039,42,212,-170
209000040,333,567,-234
209000041,152,406,-254
209000042,260,437,-177
209000043,741,762,-21
209000044,205,816,-611
209000045,972,419,553
209000046,400,500,-100
209000047,285,227,58
209000048,442,228,214
209000049,82,193,-111
209000050,155,283,-128
209000051,239,483,-244
209000052,163,509,-346
209000062,69,222,-153
209000063,31,167,-136
209000064,21,205,-184
209000065,43,46,-3
209000066,43,71,-28
209000067,70,94,-24
209000080,39,259,-220
209000082,55,63,-8
209000091,45,132,-87
209000093,64,48,16
209000094,251,174,77
209000110,31,85,-54
209000111,302,1358,-1056
209000112,564,661,-97
209000113,1602,511,1091
209000114,248,399,-151
209000115,73,246,-173
209000116,1056,884,172
209000118,56,41,15
209000119,49,4,45
209000121,141,868,-727
209000135,103,110,-7
209000142,650,1282,-632
209000143,130,113,17
209000144,67,67,0
209000229,119,204,-85
209000240,32,643,-611
209000259,95,183,-88
209000260,62,1070,-1008
209000261,8,665,-657
209000262,0,691,-691
209000263,0,180,-180
209000264,0,71,-71
209000265,287,2,285
209000266,59,0,59
209000267,490,11,479
209000268,435,43,392
210000037,68,27,41
210000047,42,43,-1
210000048,62,57,5
210000049,54,39,15
210000052,26,139,-113
210000053,15,101,-86
210000054,45,132,-87
210000070,57,1,56
210000071,58,1,57
210000072,42,0,42
210000073,0,41,-41
210000074,0,169,-169
210000075,5,63,-58
210000076,8,147,-139
210000077,51,44,7
210000078,66,40,26
210000079,41,16,25
210000080,159,55,104
210000081,105,19,86
210000082,54,2,52
210000083,58,1,57
210000084,12,0,12
210000085,1,128,-127
210000086,1,128,-127
210000099,40,261,-221
210000100,41,309,-268
210000101,73,336,-263
210000105,50,267,-217
210000159,0,135,-135
210000163,177,328,-151
210000164,291,96,195
210000168,182,23,159
210000187,0,20,-20
210000188,0,48,-48
210000214,15,0,15
210000219,18,88,-70
210000220,48,175,-127
210000232,5,22,-17
210000233,17,51,-34
210000234,19,187,-168
210000235,33,173,-140
210000245,0,78,-78
210000246,20,3,17
210000258,14,115,-101
210000259,268,41,227
210000282,54,206,-152
210000285,1,103,-102
210000286,13,145,-132
210000290,0,5,-5
210000295,27,211,-184
210000296,50,111,-61
210000320,127,177,-50
210000321,87,100,-13
210000338,119,190,-71
210000339,574,1108,-534
210000340,83,343,-260
210000341,131,316,-185
210000342,161,269,-108
210000343,122,231,-109
210000344,318,131,187
210000345,201,250,-49
210000346,78,143,-65
210000347,179,43,136
210000348,153,17,136
210000349,145,22,123
210000350,82,76,6
210000351,70,128,-58
210000352,49,122,-73
210000353,43,195,-152
210000354,53,138,-85
210000355,80,121,-41
210000356,103,78,25
210000357,100,76,24
210000358,590,132,458
210000359,211,73,138
210000360,183,154,29
210000361,114,202,-88
210000362,168,174,-6
210000363,1030,134,896
210000364,94,131,-37
210000365,98,35,63
210000366,108,52,56
210000367,64,24,40
210000368,184,17,167
210000369,27,31,-4
210000370,81,86,-5
210000372,91,50,41
210000373,95,29,66
210000374,65,21,44
210000375,19,136,-117
210000376,78,213,-135
210000404,87,222,-135
210000439,18,77,-59
210000472,79,5,74
210000482,76,71,5
210000564,516,224,292
210000567,8,30,-22
210000568,617,3,614
211000092,33,77,-44
211000094,31,13,18
211000169,205,4,201
211000172,12,379,-367
211000209,0,19,-19
211000226,7,33,-26
211000270,33,13,20
211000275,23,28,-5
211000276,69,39,30
211000279,5,86,-81
211000281,22,74,-52
211000302,16,149,-133
211507980,0,35,-35
211977296,32,2,30
212000003,120,56,64
212000004,79,36,43
212000005,22,55,-33
212000006,27,140,-113
212000008,101,323,-222
212000009,27,310,-283
212000012,52,101,-49
212000013,13,52,-39
212000014,192,178,14
212000015,196,368,-172
212000016,398,787,-389
212000027,452,741,-289
212000028,233,671,-438
212000029,129,353,-224
212000030,19,38,-19
212000031,37,95,-58
212000048,39,89,-50
212000049,14,112,-98
212000050,1,8,-7
212000051,169,348,-179
212000052,134,502,-368
212000053,308,705,-397
212000054,142,209,-67
212000055,161,427,-266
212000056,7,43,-36
212000057,14,30,-16
212000058,531,35,496
212000070,88,411,-323
212000077,100,932,-832
212000099,180,336,-156
212000108,358,232,126
212000111,159,161,-2
212000120,206,141,65
212000138,92,15,77
212000156,3,177,-174
212000158,10,9,1
212000159,233,51,182
212000160,417,319,98
212000161,33,12,21
212000310,24,17,7
212000311,2,120,-118
212000374,8,10,-2
213000001,26,925,-899
213000005,272,107,165
213000006,876,153,723
213000007,110,15,95
213000009,550,302,248
213000010,207,212,-5
213000011,221,136,85
213000012,129,366,-237
213000014,52,5,47
213000015,204,3,201
213000016,277,1,276
213000017,33,1,32
213000018,2,238,-236
213000019,0,236,-236
213000020,97,447,-350
213000021,1,136,-135
213000023,255,180,75
213000033,191,1117,-926
213000034,641,334,307
213000035,108,268,-160
213000045,161,301,-140
213000046,194,241,-47
213000047,582,935,-353
213000056,71,25,46
213000069,91,1,90
213000073,1,18,-17
213000074,177,763,-586
213000075,403,22,381
213000076,19,0,19
213000085,7,50,-43
213000086,12,314,-302
213000091,84,11,73
213000092,35,6,29
213000099,218,1119,-901
213000100,1196,309,887
213000101,198,163,35
213000102,250,423,-173
213000103,667,1046,-379
213000104,36,731,-695
213000105,5,117,-112
213000106,22,229,-207
213000107,150,972,-822
213000108,22,682,-660
213000109,2,406,-404
213000110,14,82,-68
213000111,8,94,-86
213000112,125,163,-38
213000115,33,5,28
213000116,110,1248,-1138
213000117,6,1745,-1739
213000118,231,428,-197
213000119,50,1125,-1075
213000120,148,1191,-1043
213000122,369,1083,-714
213000123,971,1585,-614
213000124,93,1539,-1446
213000125,115,10,105
213000126,31,125,-94
213000127,213,172,41
213000128,944,824,120
213000129,487,470,17
213000130,220,257,-37
213000132,194,90,104
213000133,232,118,114
213000134,681,19,662
213000136,254,13,241
213000137,390,65,325
213000139,534,12,522
213000147,74,5,69
213000148,18,18,0
213000149,64,5,59
213000150,2,112,-110
213000151,2,104,-102
213000152,3,94,-91
213000153,2,55,-53
213000154,23,374,-351
213000155,35,437,-402
213000156,89,936,-847
213000157,1141,668,473
213000158,252,688,-436
213000159,312,839,-527
213000163,334,97,237
213000165,437,226,211
213000171,21,264,-243
213000172,62,505,-443
213000173,11,274,-263
213000174,0,149,-149
213000175,20,117,-97
213000176,10,130,-120
213000177,24,30,-6
213000178,43,29,14
213000179,166,73,93
213000180,109,69,40
213000184,71,678,-607
213000188,201,93,108
213000189,216,34,182
213000190,633,1084,-451
213000191,153,703,-550
213000192,131,814,-683
213000193,2900,268,2632
213000194,0,39,-39
213000195,19,650,-631
213000196,214,1105,-891
213000197,253,592,-339
213000198,47,0,47
213000200,106,1302,-1196
213000201,91,76,15
213000202,10,1257,-1247
213000203,4460,539,3921
213000204,421,67,354
213000205,149,67,82
213000206,292,66,226
213000207,92,15,77
213000208,82,1,81
213000209,133,1,132
213000210,421,3,418
213000211,7,13,-6
213000212,14,24,-10
213000213,8,22,-14
213000218,180,1058,-878
213000219,343,11,332
213000220,303,10,293
213000223,186,172,14
213000224,21,32,-11
213000225,56,15,41
213000226,62,30,32
213000227,519,222,297
213000228,215,91,124
213000229,432,29,403
213000230,371,32,339
213000232,84,768,-684
213000233,6,34,-28
213000234,12,38,-26
213000293,17,58,-41
213000294,181,4,177
213000295,6,71,-65
213000296,55,29,26
213000297,6,102,-96
213000298,9,101,-92
213000299,54,58,-4
213000300,17,8,9
213000303,5,28,-23
213000304,1,3,-2
213000305,0,10,-10
213000306,67,34,33
213000307,368,84,284
213000308,65,379,-314
213000309,121,77,44
213000310,170,91,79
213000311,286,894,-608
213000315,58,234,-176
213000316,64,51,13
213000322,61,81,-20
213000323,43,114,-71
213000340,137,1304,-1167
213000341,209,103,106
213000346,122,126,-4
213000347,852,230,622
213000348,8,196,-188
213000349,21,11,10
213000350,242,1889,-1647
213000366,50,579,-529
213000367,127,31,96
213000379,47,211,-164
213000386,4,254,-250
213000406,121,411,-290
213000417,954,374,580
213000425,58,51,7
213000426,66,140,-74
213000427,46,461,-415
213000428,28,335,-307
213000429,6,7,-1
213000430,98,1775,-1677
213000431,24,0,24
213000432,1,14,-13
213000433,13,242,-229
213000434,54,115,-61
213000435,87,146,-59
213000439,58,26,32
213000441,0,1,-1
213000443,335,660,-325
213000445,0,187,-187
213000446,1,9,-8
213000447,6,59,-53
213000448,2,66,-64
213000449,131,2,129
213000450,31,45,-14
213000451,131,91,40
213000452,11,21,-10
213000453,50,431,-381
213000455,205,3,202
213000456,0,127,-127
213000481,26,11,15
213000482,53,5,48
213000489,499,73,426
213000491,0,154,-154
213000492,284,4,280
213000493,0,92,-92
213000494,80,142,-62
213000495,0,143,-143
213000496,159,268,-109
213000497,44,308,-264
213000498,61,227,-166
213000499,123,750,-627
213000500,222,115,107
213000501,63,35,28
213000502,183,64,119
213000503,1,94,-93
213000504,4,138,-134
213000505,2,12,-10
213000506,0,11,-11
213000507,2,149,-147
213900244,14,1,13
213900245,0,27,-27
218000003,21,24,-3
218000004,32,31,1
218000005,34,44,-10
218000006,46,23,23
218000007,13,10,3
218000012,547,205,342
218000013,70,175,-105
218000014,371,485,-114
218000019,812,699,113
218000020,279,585,-306
218000040,3,1,2
218000046,24,239,-215
218000047,14,308,-294
218000048,74,362,-288
218000049,115,291,-176
218000050,327,465,-138
218000051,65,580,-515
218000052,0,211,-211
218000053,2,15,-13
218000054,11,50,-39
218000055,7,29,-22
218000056,23,53,-30
218000057,6,69,-63
218000064,0,3,-3
218000065,33,72,-39
218000066,9,61,-52
218000067,43,145,-102
218000068,61,139,-78
218000069,126,286,-160
218000070,92,381,-289
218000071,184,314,-130
218000072,264,326,-62
218000078,584,1815,-1231
218000079,35,92,-57
218000080,57,110,-53
218000081,179,388,-209
218000082,26,215,-189
218000083,35,63,-28
218000084,75,195,-120
218000085,100,578,-478
218000086,28,244,-216
218000087,132,330,-198
218000090,7,59,-52
218000091,792,563,229
218000092,41,221,-180
218000093,82,101,-19
218000094,412,966,-554
218000099,257,596,-339
218000100,197,336,-139
218000101,186,191,-5
218000102,230,382,-152
218000103,49,195,-146
218000104,41,61,-20
218000105,42,12,30
218000106,13,6,7
218000107,49,98,-49
218000108,4,60,-56
218000112,47,21,26
218000117,20,61,-41
218000134,406,1252,-846
218000135,60,196,-136
218000136,245,84,161
218000137,172,142,30
218000138,4,118,-114
218000139,108,481,-373
218000140,317,256,61
218000141,44,80,-36
218000142,160,121,39
218000143,72,169,-97
218000144,53,80,-27
218000145,193,462,-269
218000146,51,176,-125
218000151,8,35,-27
218000152,60,76,-16
218000170,0,40,-40
218000171,45,12,33
218000172,13,24,-11
218000173,57,29,28
218000174,16,7,9
218000176,108,22,86
218000177,247,194,53
218000178,61,179,-118
218000179,79,69,10
218000180,60,15,45
218000181,139,56,83
218000187,6,39,-33
218000188,48,60,-12
218000189,40,78,-38
218000190,1,4,-3
218000191,117,151,-34
218000192,143,547,-404
218000193,292,771,-479
218000194,74,760,-686
218000195,92,118,-26
218000196,205,340,-135
218000197,134,407,-273
218000198,12,248,-236
218000199,40,39,1
218000200,78,63,15
218000201,19,17,2
218000202,443,247,196
218000207,19,127,-108
218000208,30,97,-67
218000211,56,19,37
218000213,132,156,-24
218000214,2,38,-36
218000215,67,123,-56
218000217,10,245,-235
218000218,176,114,62
218000219,82,34,48
218000220,201,343,-142
218000221,1209,163,1046
218000222,36,23,13
218000223,53,215,-162
218000224,2,103,-101
218000225,139,25,114
218000226,70,75,-5
218000232,32,150,-118
218000239,97,8,89
218000240,40,0,40
218000241,30,0,30
218000242,56,0,56
218000243,46,1,45
218000244,24,0,24
218000245,10,0,10
218000246,3,0,3
218000247,5,0,5
218000248,0,20,-20
218000249,0,2,-2
218000250,2,18,-16
218000251,6,9,-3
218000252,1,19,-18
218000253,0,13,-13
218000254,0,8,-8
218000255,1,8,-7
218000256,8,51,-43
218000267,1263,1263,0
218000268,9,78,-69
218000269,9,14,-5
218000270,41,90,-49
218000271,34,105,-71
218000273,16,19,-3
218000274,19,20,-1
218000275,13,33,-20
218000276,2,61,-59
218000278,30,30,0
218000279,43,104,-61
218000280,1,72,-71
218000281,8,35,-27
218000282,701,345,356
218000284,158,23,135
218000301,51,113,-62
218000302,52,38,14
218000303,56,65,-9
218000316,646,1461,-815
218000317,687,1381,-694
218000318,321,1086,-765
218000319,704,2470,-1766
218000320,582,1043,-461
218000338,72,24,48
218000345,150,59,91
218000346,40,176,-136
218000459,68,471,-403
218000490,93,87,6
218000501,80,26,54
218000502,33,119,-86
218000503,104,9,95
218000504,168,13,155
218000505,44,220,-176
218000506,27,192,-165
218000508,1,3,-2
218000510,136,7,129
218000520,151,117,34
218000521,5,147,-142
218000522,1,186,-185
218000523,168,9,159
218000524,35,251,-216
218000525,63,14,49
218000526,21,117,-96
218000529,38,514,-476
218000531,4,22,-18
218000532,15,33,-18
218000534,56,34,22
218000537,58,57,1
218000538,118,112,6
218000540,319,73,246
218000543,91,33,58
218000544,43,108,-65
218000545,49,45,4
218000546,33,131,-98
218000547,92,85,7
218000548,90,300,-210
218000549,377,201,176
218000550,239,697,-458
218000551,200,674,-474
218000552,448,38,410
218000553,22,143,-121
218000554,15,56,-41
218000555,26,45,-19
218000556,94,537,-443
218000557,179,171,8
218000558,27,0,27
218000559,0,24,-24
218000560,0,10,-10
218000561,20,1,19
218000562,35,264,-229
218000563,211,25,186
218000564,17,135,-118
218000565,160,32,128
218000566,291,52,239
218000567,4,56,-52
218000568,9,1,8
218000569,22,259,-237
218000570,219,8,211
218000571,3,120,-117
218000572,121,7,114
218000573,19,86,-67
218000574,127,73,54
218000575,65,0,65
218000576,0,62,-62
218000577,96,0,96
218000578,0,93,-93
218000579,51,3,48
218000581,7,91,-84
218000582,26,6,20
218000583,1,0,1
218000584,0,40,-40
218000585,24,3,21
218000586,1,50,-49
218000587,1,2,-1
218000588,0,2,-2
218000589,0,1,-1
218000590,0,0,0
218000591,1,2,-1
218000592,16,4,12
218000593,17,3,14
218000594,3,2,1
218000597,2,1,1
218000598,0,0,0
218000599,5,1,4
218000600,1,0,1
218000601,2,1,1
218000602,0,3,-3
218000603,0,5,-5
218000604,5,1,4
218000605,0,32,-32
218000606,85,0,85
218000607,11,58,-47
218000608,86,24,62
218000609,0,45,-45
218000610,92,5,87
218000611,18,1,17
218000612,0,31,-31
218000613,18,13,5
218000614,1,31,-30
218000615,75,2,73
218000616,10,205,-195
218000617,10,3,7
218000618,0,30,-30
218000619,13,53,-40
218000620,1,16,-15
218000621,0,3,-3
218000622,0,4,-4
218000623,22,1,21
218000624,3,17,-14
218000625,15,1,14
218000626,0,16,-16
218000628,90,35,55
218000631,48,16,32
218000632,0,75,-75
218000633,48,1,47
218000634,4,42,-38
218000635,4,6,-2
218000636,701,2234,-1533
218000637,579,682,-103
218000638,66,95,-29
218000639,8,213,-205
218000640,114,35,79
218000641,36,349,-313
218000652,72,165,-93
218000653,113,46,67
218000663,6,254,-248
218000675,52,81,-29
218000680,182,914,-732
218000681,422,200,222
218000691,112,760,-648
218000693,128,193,-65
218000718,898,750,148
218000719,1396,222,1174
218000720,11,116,-105
218000721,51,8,43
218001147,11,821,-810
218001214,21,21,0
218001258,107,8,99
218001329,158,135,23
218001330,160,229,-69
218001351,17,15,2
218001352,14,16,-2
218001353,21,13,8
218001354,1,30,-29
218001355,69,719,-650
218001356,187,15,172
218001357,47,586,-539
218001358,153,15,138
218001361,198,32,166
218001362,2,701,-699
219000001,26,107,-81
219000002,70,95,-25
219000003,39,34,5
219000004,68,72,-4
219000017,233,33,200
219000020,94,35,59
219000022,103,0,103
219000023,73,2,71
219000029,1,111,-110
219000034,39,11,28
219000039,52,63,-11
219000040,39,29,10
219000041,91,51,40
219000051,0,62,-62
219000052,1,19,-18
219000053,0,308,-308
219000055,94,2,92
219000056,11,1,10
219000057,68,1,67
219000062,15,318,-303
219000063,51,5,46
219000064,6,69,-63
219000110,227,47,180
219000111,88,31,57
219000112,139,50,89
219000113,116,47,69
219000114,214,55,159
219000116,92,46,46
219000117,159,111,48
219000118,92,77,15
219000123,542,95,447
219000124,63,77,-14
219000125,8,23,-15
219000126,81,123,-42
219000127,0,12,-12
219000128,37,143,-106
219000129,32,221,-189
219000130,653,1073,-420
219000131,628,1088,-460
219000133,71,27,44
219000134,11,31,-20
219000135,20,59,-39
219000136,128,168,-40
219000138,62,23,39
219000139,15,66,-51
219000140,13,2,11
219000141,5,166,-161
219000142,13,142,-129
219000143,14,124,-110
219000145,12,52,-40
219000146,2,91,-89
219000147,0,69,-69
219000148,4,84,-80
219000149,15,219,-204
219000150,1,126,-125
219000151,9,120,-111
219000157,143,128,15
219000158,117,283,-166
219000161,116,9,107
219000163,1557,478,1079
219000166,70,256,-186
219000167,76,290,-214
219000168,259,127,132
219000174,290,108,182
219000175,45,1,44
219000176,56,3,53
219000177,14,1,13
219000178,12,2,10
219000179,9,11,-2
219000180,15,32,-17
219000182,74,20,54
219000183,34,33,1
219000184,89,10,79
219000185,0,115,-115
219000186,51,67,-16
219000187,12,153,-141
219000189,201,247,-46
219000190,145,384,-239
219000191,1304,1315,-11
219000192,170,115,55
219000193,701,246,455
219000195,0,80,-80
219000196,1,199,-198
219000198,28,210,-182
219000199,125,243,-118
219000200,37,225,-188
219000201,83,270,-187
219000203,29,167,-138
219000204,120,246,-126
219000205,54,221,-167
219000207,199,269,-70
219000209,28,102,-74
219000210,93,134,-41
219000213,15,544,-529
219000239,153,305,-152
219000240,168,399,-231
219000241,67,302,-235
219000242,49,241,-192
219000243,96,438,-342
219000244,61,219,-158
219000245,17,88,-71
219000246,47,22,25
219000247,63,44,19
219000248,406,271,135
219000249,101,56,45
219000250,112,86,26
219000251,385,174,211
219000252,206,133,73
219000253,196,43,153
219000255,75,117,-42
219000256,161,75,86
219000257,84,19,65
219000262,103,238,-135
219000263,32,277,-245
219000267,11,270,-259
219000268,7,5,2
219000269,5,2,3
219000270,4,0,4
219000271,86,2,84
219000278,0,13,-13
219000279,0,6,-6
219000283,0,12,-12
219000295,4,120,-116
219000296,75,749,-674
219000297,12,232,-220
219000298,8,299,-291
219000299,369,107,262
219000300,28,355,-327
219000301,323,349,-26
219000302,28,219,-191
219000307,20,43,-23
219000308,34,37,-3
219000311,154,61,93
219000312,424,66,358
219000313,214,33,181
219000314,72,585,-513
219000315,165,51,114
219000316,353,53,300
219000317,61,32,29
219000320,0,49,-49
219000321,0,17,-17
219000323,1,139,-138
219000325,2,40,-38
219000326,45,122,-77
219000327,45,45,0
219000328,29,45,-16
219000329,195,78,117
219000330,28,44,-16
219000331,30,32,-2
219000332,74,85,-11
219000333,6,4,2
219000335,55,4,51
219000337,7,2,5
219000338,66,2,64
219000344,26,65,-39
219000345,55,107,-52
219000346,30,172,-142
219000348,142,295,-153
219000349,53,471,-418
219000350,31,123,-92
219000351,16,6,10
219000352,170,52,118
219000353,99,34,65
219000354,72,170,-98
219000355,88,64,24
219000356,1565,758,807
219000363,238,50,188
219000364,91,34,57
219000365,84,19,65
219000366,289,199,90
219000368,405,406,-1
219000370,1062,289,773
219000371,15,20,-5
219000382,8,26,-18
219000383,730,980,-250
219000385,575,519,56
219000386,1164,1699,-535
219000387,1,4,-3
219000390,6,2,4
219000391,1,0,1
219000397,62,73,-11
219000398,48,36,12
219000401,11,129,-118
219000402,21,138,-117
219000403,90,190,-100
219000404,18,90,-72
219000407,2,46,-44
219000409,39,49,-10
219000410,77,33,44
219000411,23,13,10
219000446,227,534,-307
219000447,3,31,-28
219000448,5,10,-5
219000452,107,63,44
219000453,95,138,-43
219000454,269,187,82
219000556,126,78,48
219000558,94,481,-387
219000590,25,206,-181
219000591,50,82,-32
219000592,99,384,-285
219000595,1,43,-42
219000635,74,49,25
219000636,32,115,-83
219000657,16,7,9
219000658,16,72,-56
219000673,0,5,-5
219000676,17,2,15
219000679,32,6,26
219000684,64,2,62
219000685,2,100,-98
219000686,1,1,0
219000688,1,99,-98
219000689,41,282,-241
219000690,160,28,132
219000691,70,189,-119
219000692,155,41,114
219000693,0,41,-41
219000694,3,1,2
219000695,10,3,7
219000698,63,2,61
219000699,0,14,-14
219000727,2,364,-362
219000728,59,1,58
219000770,25,0,25
219000771,0,34,-34
219000788,326,560,-234
219001150,0,7,-7
219001151,1,7,-6
219001166,41,21,20
219001167,0,133,-133
219001178,19,1,18
220000001,37,42,-5
220000002,14,210,-196
220000003,462,380,82
220000004,554,650,-96
220000005,1324,1563,-239
220000006,186,1070,-884
220000007,341,896,-555
220000008,324,1517,-1193
220000009,205,817,-612
220000010,218,170,48
220000011,775,4259,-3484
220000012,97,369,-272
220000014,62,57,5
220000015,80,254,-174
220000017,60,508,-448
220000018,7749,1056,6693
220000019,72,262,-190
220000020,399,285,114
220000021,447,248,199
220000022,399,577,-178
220000023,168,185,-17
220000024,1580,381,1199
220000025,665,608,57
220000026,205,133,72
220000027,21,103,-82
220000028,28,40,-12
220000029,59,233,-174
220000030,98,95,3
220000031,186,329,-143
220000064,32,1354,-1322
221000046,10,0,10
221000047,0,2,-2
221000048,0,1,-1
221000049,0,13,-13
221000050,15,0,15
221000055,55,43,12
221000068,317,99,218
221000069,349,56,293
221000070,162,25,137
221000071,64,10,54
221000072,183,7,176
221000073,126,67,59
221000074,1,23,-22
221000075,31,31,0
221000076,7,47,-40
221000077,55,130,-75
221000081,68,8,60
221000082,37,5,32
221000083,34,3,31
221000084,3,4,-1
221000085,18,67,-49
221000086,20,159,-139
221000087,6,184,-178
221000088,13,194,-181
221000089,25,318,-293
221000090,95,611,-516
221000098,113,14,99
221000099,151,11,140
221000100,49,9,40
221000101,197,25,172
221000103,22,43,-21
221000104,12,95,-83
221000107,24,8,16
221000108,30,11,19
221000111,17,238,-221
221000112,3,198,-195
221000113,15,241,-226
221000114,7,215,-208
221000120,25,23,2
221000121,4,25,-21
221000122,26,28,-2
221000123,22,60,-38
221000124,46,355,-309
221000155,51,16,35
221000156,64,35,29
221000175,1,14,-13
221000176,0,2,-2
221000182,39,9,30
221000241,580,190,390
221000242,200,494,-294
221000243,434,99,335
221000244,186,599,-413
221000245,72,137,-65
221000246,23,415,-392
221000247,104,130,-26
221000248,117,271,-154
221000267,45,1171,-1126
221000325,60,81,-21
221000331,4,119,-115
221000338,11,19,-8
221000378,119,37,82
221000381,115,177,-62
222000282,3,1,2
222000296,1,26,-25
222000568,258,5,253
222000569,99,11,88
222000570,84,9,75
222000571,266,11,255
222000577,4,349,-345
222000578,20,266,-246
222000579,26,188,-162
222000580,117,1017,-900
222000599,0,124,-124
222000600,2,320,-318
222000601,5,908,-903
222000603,13,30,-17
222000604,13,23,-10
222000605,8,13,-5
222000606,0,7,-7
222000607,0,1,-1
222000608,24,10,14
222000609,25,478,-453
222000616,169,60,109
222000617,15,15,0
222000618,2,2,0
222000620,100,7,93
222000621,39,8,31
222000623,501,3,498
222000624,255,4,251
222000625,277,24,253
222000636,75,3,72
222000686,17,4,13
222000687,15,29,-14
222001066,453,2,451
222001067,3,30,-27
222001068,40,176,-136
222001069,23,88,-65
222001082,3,43,-40
222001083,4,49,-45
222001084,0,41,-41
222001085,0,76,-76
222001111,6,330,-324
222001112,69,56,13
222001313,51,1,50
222001314,6,82,-76
222001464,111,65,46
222001465,19,432,-413
222001484,53,65,-12
222001485,17,105,-88
222001494,156,140,16
222001495,68,724,-656
222001496,220,120,100
222001497,90,872,-782
222001502,26,128,-102
222001503,58,57,1
222001504,15,297,-282
222001505,230,13,217
222001506,26,241,-215
222001507,157,15,142
222001510,247,22,225
222001511,41,481,-440
222001514,476,123,353
222001515,207,853,-646
222001518,109,67,42
222001519,32,488,-456
222001527,178,76,102
222001528,55,238,-183
222001529,109,43,66
222001530,31,340,-309
222001533,122,529,-407
222001534,146,51,95
222001535,153,150,3
222001536,90,720,-630
222001537,161,17,144
222001538,39,685,-646
222001563,345,89,256
222001564,48,1033,-985
222001568,303,122,181
222001576,0,1,-1
222001579,0,6,-6
222001583,12,325,-313
222001584,35,29,6
222001596,607,2155,-1548
222001597,1015,273,742
222001626,0,205,-205
222001650,40,68,-28
222001651,61,184,-123
222001914,166,50,116
222001915,67,356,-289
222001968,350,188,162
222001969,322,1482,-1160
222001970,116,386,-270
222001971,5,78,-73
222001972,1,18,-17
225000001,319,175,144
225000002,231,122,109
225000003,256,105,151
225000004,163,271,-108
225000005,23,85,-62
225000006,2,142,-140
225000007,4266,1289,2977
225000010,136,10,126
225000011,528,1036,-508
225000012,142,562,-420
225000013,156,174,-18
225000014,750,70,680
225000015,61,254,-193
225000021,574,242,332
225000027,238,668,-430
225000032,486,163,323
225000042,70,965,-895
225000049,66,72,-6
225000050,51,31,20
225000053,5,268,-263
225000058,638,110,528
225000067,137,254,-117
225000068,68,744,-676
225000069,147,698,-551
225000070,61,671,-610
225000071,19,381,-362
225000075,32,1209,-1177
225000076,105,172,-67
225000078,68,46,22
225000085,29,110,-81
225000086,217,63,154
225000087,151,19,132
225000088,13,151,-138
225000089,340,884,-544
225000090,27,473,-446
225000091,139,317,-178
225000092,31,78,-47
225000093,154,495,-341
225000094,13,643,-630
225000095,294,730,-436
225000096,254,630,-376
225000098,431,174,257
225000099,210,125,85
225000100,134,114,20
225000104,75,556,-481
225000110,19,619,-600
225000111,201,1477,-1276
225000112,359,1287,-928
225000113,155,823,-668
225000114,51,364,-313
225000115,3850,632,3218
225000116,889,153,736
225000117,972,301,671
225000118,648,267,381
225000119,135,103,32
225000120,463,63,400
225000121,196,37,159
225000123,1245,16,1229
225000125,239,405,-166
225000126,1488,247,1241
225000127,952,551,401
225000128,424,552,-128
225000132,252,35,217
225000133,199,28,171
225000134,533,95,438
225000135,21,5,16
225000136,142,18,124
225000137,121,81,40
225000138,412,37,375
225000143,137,170,-33
225000144,2,319,-317
225000145,27,52,-25
225000146,26,179,-153
225000147,14,420,-406
225000148,4,335,-331
225000149,65,610,-545
225000151,28,352,-324
225000155,298,586,-288
225000156,290,797,-507
225000157,205,451,-246
225000158,107,506,-399
225000171,3,201,-198
225000180,24,1,23
225000181,0,66,-66
225000182,152,14,138
225000185,11,526,-515
225000187,63,599,-536
225000191,82,3,79
225000194,0,8,-8
225000208,2,39,-37
225000209,58,17,41
225000210,1,332,-331
225000217,0,19,-19
225000218,11,0,11
225000223,2,209,-207
225000224,369,0,369
225000225,5,53,-48
225000226,145,0,145
225000227,44,46,-2
225000228,12,14,-2
225000229,0,105,-105
225000230,8,0,8
225000231,0,153,-153
225000232,65,0,65
225000241,84,0,84
225000242,1,50,-49
225000249,5,0,5
225000250,40,1147,-1107
225000251,337,39,298
226000042,599,681,-82
226000043,125,330,-205
226000044,209,1034,-825
226000045,69,569,-500
226000046,327,57,270
226000047,287,97,190
226000048,251,75,176
226000049,174,121,53
226000070,1,75,-74
226000071,0,108,-108
226000072,0,17,-17
226000073,0,5,-5
226000074,0,5,-5
226000084,4,74,-70
226000085,2,6,-4
226000086,7,15,-8
226000087,3,12,-9
226000088,5,9,-4
226000090,118,57,61
226000091,5,19,-14
226000092,1,0,1
226000093,33,1,32
226000094,30,4,26
226000095,23,1,22
226000105,11,0,11
226000106,1,0,1
226000107,0,0,0
226000108,32,0,32
226000109,67,0,67
226000124,111,62,49
226000134,325,446,-121
226000135,686,741,-55
226000136,216,485,-269
226000137,6,753,-747
226000138,14,554,-540
226000139,1,18,-17
226000156,90,1,89
226000157,116,13,103
226000163,74,465,-391
226000202,5,715,-710
226000231,271,9,262
226000232,28,2,26
227000033,239,78,161
227000036,120,41,79
227000037,145,32,113
227000038,148,44,104
227000049,0,13,-13
227000050,0,67,-67
227000055,53,0,53
227000056,34,0,34
227000084,2,32,-30
227000085,1,36,-35
227000088,88,7,81
227000089,85,5,80
227000090,21,1,20
227000091,12,3,9
227000093,104,0,104
227000094,9,0,9
227000130,50,77,-27
227000131,18,247,-229
227000132,11,237,-226
227000133,8,264,-256
227000134,19,355,-336
227000152,0,2,-2
227000153,0,23,-23
227000155,0,7,-7
227000156,0,9,-9
227000165,3,22,-19
227000196,114,447,-333
227000199,86,613,-527
227000230,32,348,-316
227000232,153,34,119
227000242,32,460,-428
227000243,285,62,223
227000245,7,438,-431
227000246,30,442,-412
227000247,262,77,185
227000248,331,51,280
227000249,29,210,-181
227000250,469,180,289
227000251,234,377,-143
227000252,5,356,-351
227000253,58,13,45
227000262,205,37,168
227000266,434,4,430
227000267,54,2138,-2084
227000282,3,140,-137
227000284,148,16,132
227000286,4,63,-59
227000287,4,117,-113
227000291,15,432,-417
227000484,192,5,187
227000485,14,524,-510
227000655,54,11,43
227000656,387,25,362
227000657,27,19,8
227000661,136,29,107
227000680,205,23,182
229000265,39,73,-34
229000296,1,9,-8
229000297,6,49,-43
229000298,1,223,-222
229000320,7,9,-2
229000321,6,8,-2
229000412,15,51,-36
229000414,8,63,-55
229000415,8,1,7
229000416,1,9,-8
229000417,2,16,-14
229000419,81,309,-228
229000440,240,83,157
229000442,44,1,43
229000443,5,1,4
229000444,0,52,-52
229000445,25,6,19
229000446,34,15,19
229000847,25,0,25
229000848,6,0,6
229000849,94,1,93
229000851,15,0,15
229000854,1,96,-95
229000856,3,322,-319
229000857,0,86,-86
229000858,1,170,-169
229000919,6,113,-107
229000930,3,341,-338
229000937,55,6,49
229000966,38,29,9
229000981,17,77,-60
229000985,5,64,-59
229000986,0,14,-14
229000987,0,2,-2
229000988,2,7,-5
229000989,5,4,1
229000990,0,3,-3
229000991,0,1,-1
229000992,2,15,-13
229000993,280,14,266
229000998,13,81,-68
229000999,69,28,41
229001034,0,20,-20
229001035,46,0,46
229001037,36,9,27
229001042,7,17,-10
229001047,2,70,-68
229001050,53,69,-16
229001200,7,1,6
229001338,2,24,-22
229001394,158,2,156
229001422,53,22,31
229001423,37,209,-172
229001431,38,37,1
229001432,35,133,-98
229001444,116,99,17
229001445,48,230,-182
229001503,152,74,78
229001504,115,347,-232
229001505,53,64,-11
229001506,49,314,-265
229001509,37,26,11
229001545,69,5,64
229001546,9,112,-103
229001553,29,14,15
229001554,17,137,-120
229001559,3,5,-2
229001560,3,21,-18
229001630,40,21,19
229001631,5,42,-37
229001635,0,3,-3
229001636,0,0,0
229001658,0,154,-154
229001659,51,4,47
229001660,1,2,-1
229001661,2,24,-22
229001662,68,1,67
229001663,0,14,-14
229002584,207,142,65
229002831,289,127,162
229002841,1,13,-12
229002842,6,23,-17
229002843,46,29,17
229002844,38,38,0
229002845,14,58,-44
229002846,22,35,-13
229002847,5,22,-17
229002848,2,16,-14
229002849,2,45,-43
229002850,7,2,5
229002851,22,104,-82
229002852,60,30,30
229002853,75,22,53
229002854,27,47,-20
229002855,16,27,-11
229002856,23,24,-1
229002857,1,30,-29
229002858,12,6,6
229002859,24,18,6
229002860,41,24,17
229002861,39,13,26
229002862,15,18,-3
229002863,30,21,9
229002864,2,23,-21
229002865,30,11,19
229002866,28,16,12
229002867,5,20,-15
229002868,8,11,-3
229002869,13,136,-123
229002870,34,3,31
235000066,220,134,86
235000067,78,187,-109
235000072,13,47,-34
235000073,39,232,-193
235000074,16,74,-58
235000080,24,100,-76
235000081,41,144,-103
235000082,106,61,45
235000083,89,81,8
235000084,45,40,5
235000085,66,73,-7
235000089,6,48,-42
235000092,6,105,-99
235000093,3,5,-2
235000097,4,11,-7
235000098,43,9,34
235000099,19,29,-10
235000116,38,44,-6
235000117,1058,14,1044
235000133,8,217,-209
235000134,10,106,-96
235000206,2,4,-2
235000207,0,1,-1
235000208,1,0,1
235000209,6,0,6
235000210,3,1,2
235000212,4,27,-23
235000213,2,13,-11
235000220,0,2,-2
235000221,26,5,21
235000238,7,36,-29
235000239,2,3,-1
235000242,226,255,-29
235000245,1225,185,1040
235000246,5,44,-39
235000284,4,117,-113
235000295,105,5,100
235000305,137,5,132
235000306,97,6,91
235000307,6,2,4
235000308,13,0,13
235000309,26,0,26
235000310,5,0,5
235000311,41,5,36
235000322,1,36,-35
235000323,5,73,-68
235000324,3,25,-22
235000325,1,15,-14
235000326,2,411,-409
235000351,7,101,-94
235000352,13,50,-37
235000353,1,20,-19
235000354,4,50,-46
235000355,6,57,-51
235000356,50,23,27
235000357,11,9,2
235000358,34,8,26
235000359,1,3,-2
235000360,40,8,32
235000361,57,1,56
235000381,49,366,-317
235000382,93,33,60
235000390,6,3,3
235000391,51,8,43
235000392,74,152,-78
235000393,44,97,-53
235000395,34,36,-2
235000396,192,54,138
235000400,83,97,-14
235000401,57,212,-155
235000405,95,274,-179
235000406,21,280,-259
235000407,52,144,-92
235000409,176,232,-56
235000410,22,286,-264
235000411,0,116,-116
235000485,0,7,-7
235000486,2,0,2
235000549,37,84,-47
235000550,38,208,-170
235000599,54,67,-13
235000600,17,28,-11
235000601,14,33,-19
235000602,25,130,-105
235000614,1,1,0
235000648,1,18,-17
235000649,22,2,20
235000685,0,6,-6
235000815,7,22,-15
235000834,0,23,-23
235000855,31,54,-23
235000862,27,219,-192
235000891,0,7,-7
235000892,11,4,7
235000901,48,114,-66
235000907,2,7,-5
235001010,14,85,-71
235001029,386,507,-121
235001030,285,141,144
235001078,72,65,7
235001079,77,109,-32
235001147,8,38,-30
235001166,17,96,-79
235001167,15,57,-42
235001169,28,323,-295
235001188,2,5,-3
235001189,2,0,2
235001197,25,35,-10
235001200,20,26,-6
235001207,170,36,134
235001210,56,440,-384
235001215,75,369,-294
235001239,0,34,-34
235001244,0,9,-9
235016267,0,15,-15
277102712,3,1,2
277103813,1,0,1
277103814,0,0,0
277104249,0,9,-9
277104250,0,23,-23
277104251,0,24,-24
277104252,0,6,-6
990011530,1,246,-245
990014944,1,498,-497
990015176,6,3,3
990015618,16,250,-234
990016032,1,639,-638
990032570,0,107,-107
990070001,86,12,74
990070103,0,4,-4
990070601,1,45,-44
990070751,248,0,248
990070766,5,1100,-1095
990071180,837,286,551
990071343,37,1,36
990071387,0,17,-17
990071823,34,4,30
990072600,0,808,-808
990072964,2,537,-535
990073285,0,5,-5
990074393,2,1511,-1509
990074870,628,33,595
990075106,655,4,651
990075746,253,4,249
990076437,501,7,494
990076458,4,1689,-1685
997000007,142,5,137
997000041,0,55,-55
997000058,39,0,39
997000062,46,0,46
997000069,0,5,-5
997000070,0,177,-177
997000100,10,0,10
997000141,0,1304,-1304
997000198,628,1217,-589
998000475,0,17,-17
998000736,1,395,-394
998000965,0,5,-5
998001031,0,73,-73
998001700,0,24,-24
998001899,0,1,-1
998001900,4,1,3
998003073,591,3,588
998101900,0,0,0
998102850,1,94,-93
998501927,772,308,464
998501929,48,2,46
998501930,81,2,79
998501931,100,5,95
998501932,4,1,3
998501933,35,3,32
998501937,41,66,-25
998501944,0,0,0
998501950,0,5,-5
998501970,38,2,36
998501971,0,60,-60
998501973,0,99,-99
998501974,1,324,-323
998501975,201,1,200
998501976,92,0,92
998501977,0,12,-12
998501978,22,0,22
998501979,0,6,-6
998501980,160,6,154
998501981,15,4,11
998501982,0,112,-112
998501983,0,0,0
998502006,0,1,-1
998502024,1,6,-5
998502032,0,2,-2
998502062,24,1,23
998502063,0,0,0
998502173,53,0,53
998502269,0,2,-2
998502546,1,128,-127
998502578,0,2,-2
998502599,203,273,-70
998502621,1,0,1
998601159,1,356,-355
998601292,2,27,-25
999033574,3,1680,-1677
999800001,50,22,28
999800002,0,9,-9
999800003,4,1,3
999800004,0,2,-2
999800005,0,0,0
