ID,insum,outsum,diff
100000001,416,208,208
100000002,543,221,322
100000003,2754,762,1992
100000004,769,176,593
100000005,489,860,-371
100000006,45,39,6
100000007,93,134,-41
100000008,34,253,-219
100000009,19,51,-32
100000010,3,23,-20
100000011,86,46,40
100000012,20,352,-332
100000013,9,90,-81
100000014,85,214,-129
100000015,137,187,-50
100000016,343,701,-358
100000017,147,595,-448
100000018,516,216,300
100000019,2371,705,1666
100000020,526,596,-70
100000021,3509,780,2729
100000022,347,300,47
100000023,2992,387,2605
100000025,1315,245,1070
100000028,636,367,269
100000029,144,113,31
100000030,264,9,255
100000031,2148,970,1178
100000032,1351,1041,310
100000033,204,869,-665
100000034,465,226,239
100000035,565,247,318
100000036,712,293,419
100000037,125,163,-38
100000038,259,217,42
100000039,91,53,38
100000040,68,33,35
100000041,117,138,-21
100000042,106,130,-24
100000043,97,98,-1
100000044,112,386,-274
100000045,175,808,-633
100000046,165,681,-516
100000047,105,515,-410
100000048,134,438,-304
100000049,752,1577,-825
100000051,132,706,-574
100000053,5,1,4
100000054,24,1,23
100000055,115,175,-60
100000056,99,234,-135
100000057,443,259,184
100000058,264,803,-539
100000059,3,46,-43
100000060,93,104,-11
100000061,325,195,130
100000062,254,173,81
100000063,124,82,42
100000064,141,159,-18
100000065,171,699,-528
100000066,79,495,-416
100000067,116,527,-411
100000068,184,737,-553
100000069,100,871,-771
100000072,191,658,-467
100000073,426,681,-255
100000075,178,210,-32
100000076,635,575,60
100000077,240,26,214
100000078,68,9,59
100000079,27,14,13
100000080,21,7,14
100000081,6,3,3
100000102,453,430,23
100000103,1207,359,848
100000104,1672,454,1218
100000105,1804,191,1613
100000106,583,505,78
100000107,97,107,-10
100000108,493,755,-262
100000109,1719,710,1009
100000116,556,238,318
100000117,13,3,10
100000118,788,607,181
100000119,199,396,-197
100000121,49,277,-228
100000122,234,364,-130
100000123,1869,1902,-33
100000124,5651,2113,3538
100000125,1600,198,1402
100000126,198,104,94
100000127,536,154,382
100000128,357,411,-54
100000129,155,191,-36
100000130,191,343,-152
100000131,2700,1233,1467
100000132,1228,528,700
100000133,5740,1738,4002
100000135,121,320,-199
100000139,50,354,-304
100000140,137,189,-52
100000142,88,179,-91
100000143,1107,703,404
100000144,1975,670,1305
100000147,435,875,-440
100000150,12,210,-198
100000151,231,203,28
100000153,132,100,32
100000154,15,41,-26
100000155,3,6,-3
100000156,5,11,-6
100000157,21,70,-49
100000158,25,66,-41
100000159,107,146,-39
100000165,472,327,145
100000169,161,85,76
100000174,756,159,597
100000179,15,271,-256
100000180,91,502,-411
100000181,15,157,-142
100000188,53,167,-114
100000189,87,118,-31
100000190,143,123,20
100000191,285,147,138
100000192,32,30,2
100000193,22,47,-25
100000330,960,287,673
100000355,25,265,-240
100000362,2151,1901,250
100000363,666,963,-297
100000364,250,419,-169
100000365,2045,4375,-2330
100000366,2371,1332,1039
100000367,1167,1979,-812
100000368,934,893,41
100000369,214,329,-115
100000370,54,183,-129
100000376,25,53,-28
100000379,581,404,177
100000380,793,665,128
100000384,2940,1052,1888
100000385,2102,1367,735
100000386,3211,932,2279
100000387,3609,1296,2313
100000388,7881,1180,6701
100000389,6347,1312,5035
100000390,6860,1093,5767
100000391,4119,1186,2933
100000392,1830,430,1400
100000393,521,425,96
100000394,2817,1304,1513
100000395,1401,521,880
100000396,2072,734,1338
100000397,1032,525,507
100000398,7022,4684,2338
100000413,11,0,11
100900002,0,0,0
100900003,39,55,-16
100900004,9,568,-559
100900005,22,1,21
100900006,0,0,0
100900007,10,0,10
100900008,1,377,-376
100900009,13,10,3
100900010,0,0,0
100900011,2,168,-166
100900012,1,203,-202
100900013,116,0,116
100900014,0,0,0
100900015,36,7,29
100900016,0,11,-11
100900017,69,18,51
100900018,0,0,0
100900019,0,0,0
100900020,35,0,35
100900021,404,0,404
100900022,0,0,0
100900023,0,0,0
100900024,22,0,22
100900025,0,0,0
100900026,2,46,-44
100900027,150,494,-344
100900028,5,37,-32
100900029,29,1,28
100900030,0,2,-2
100900031,42,3,39
100900032,29,0,29
100900033,94,56,38
100900034,68,0,68
100900035,7,0,7
100900036,0,0,0
100900037,1,198,-197
100900038,4,1,3
100900039,103,416,-313
100900040,21,546,-525
100900041,50,627,-577
100900042,94,5,89
100900043,0,0,0
100900044,832,62,770
100900045,2,0,2
100900046,113,0,113
100900047,0,0,0
100900048,10,1,9
100900049,10,99,-89
100900050,0,10,-10
100900051,1,4,-3
100900052,1,3,-2
100900053,75,15,60
100900054,1,54,-53
100900055,21,47,-26
100900056,2,9,-7
100900057,82,109,-27
100900058,17,13,4
100900059,2,1,1
100900060,37,38,-1
100900061,102,67,35
100900062,0,17,-17
100900063,22,103,-81
100900064,157,3,154
100900065,13,11,2
100900066,5,25,-20
100900067,0,0,0
100900068,0,46,-46
100900069,16,0,16
100900070,72,3,69
100900071,139,41,98
100900072,0,30,-30
100900073,12,225,-213
100900074,0,2,-2
100900075,1461,72,1389
100900076,4,4,0
100900077,0,0,0
100900078,17,12,5
100900079,0,28,-28
100900080,0,0,0
100900081,3,6,-3
100900082,2,437,-435
100900083,1,21,-20
100900085,0,11,-11
100900086,25,42,-17
100900088,5,359,-354
100900089,0,6,-6
100900090,7,208,-201
100900091,0,0,0
100900092,12,16,-4
100900093,26,25,1
100900094,11,229,-218
100900095,0,8,-8
100900096,3,41,-38
100900097,0,0,0
100900098,0,14,-14
100900099,2,258,-256
100900100,1,36,-35
100900101,150,5,145
100900102,0,11,-11
100900103,1,5,-4
100900104,5,63,-58
100900105,0,12,-12
100900106,12,0,12
100900107,791,122,669
100900108,0,2,-2
100900109,0,14,-14
100900110,0,0,0
100900111,23,43,-20
100900112,0,0,0
100900113,0,15,-15
100900114,0,8,-8
100900115,0,0,0
100900116,154,46,108
100900117,86,67,19
100900118,0,25,-25
100900119,0,17,-17
100900120,0,0,0
100900121,81,28,53
100900122,74,131,-57
100900123,1,5,-4
100900124,0,4,-4
100900125,5,10,-5
100900126,3,18,-15
100900127,0,0,0
100900128,25,66,-41
100900129,0,25,-25
100900131,16,13,3
100900133,2,10,-8
100900134,0,1,-1
100900135,1,31,-30
100900137,274,158,116
100900138,37,59,-22
100900139,0,1,-1
100900140,1,430,-429
100900141,0,44,-44
100900142,0,0,0
100900143,474,130,344
100900144,1,2,-1
100900145,1,47,-46
100900146,0,5,-5
100900147,0,67,-67
100900148,12,585,-573
100900149,0,2,-2
100900150,0,1,-1
100900151,23,298,-275
100900152,0,0,0
100900153,0,37,-37
100900154,1,0,1
100900155,0,1,-1
100900156,0,0,0
100900157,0,27,-27
100900159,0,0,0
100900160,0,3,-3
100900161,0,0,0
100900162,0,51,-51
100900163,31,76,-45
100900164,3,3,0
100900165,10,21,-11
100900166,0,0,0
100900167,0,28,-28
100900168,3,10,-7
100900169,117,871,-754
100900170,0,0,0
100900171,11,524,-513
100900172,0,1,-1
100900173,4,402,-398
100900174,4,1,3
100900176,400,11,389
100900177,434,38,396
100900178,0,34,-34
100900179,13,12,1
100900180,0,0,0
100900181,0,0,0
100900182,0,0,0
100900184,0,0,0
100900186,380,162,218
100900187,0,65,-65
100900188,23,1,22
100900189,113,23,90
100900191,496,125,371
100900192,105,58,47
100900195,12,77,-65
100900197,0,0,0
100900198,4,65,-61
100900199,0,0,0
100900200,297,183,114
100900201,16,457,-441
100900202,0,0,0
100900203,0,26,-26
100900204,8,25,-17
100900205,25,58,-33
100900206,25,5,20
100900207,10,42,-32
100900210,34,383,-349
100900211,46,6,40
100900213,9,1,8
100900214,303,16,287
100900215,0,3,-3
100900217,27,7,20
101000001,2211,891,1320
101000002,1935,1085,850
101000003,401,473,-72
101000004,5207,1606,3601
101000005,3165,1921,1244
101000006,4360,2764,1596
101000007,1448,1146,302
101000008,1800,1212,588
101000009,501,1284,-783
101000010,355,640,-285
101000011,986,156,830
101000012,325,96,229
101000013,292,331,-39
101000014,148,153,-5
101000015,442,516,-74
101000016,54,194,-140
101000017,178,265,-87
101000018,1502,1250,252
101000020,1934,427,1507
101000021,269,61,208
101000022,228,34,194
101000023,774,478,296
101000025,28,86,-58
101000026,182,10,172
101000027,721,811,-90
101000028,505,98,407
101000029,2,163,-161
101000030,253,47,206
101000031,167,39,128
101000032,1747,969,778
101000033,1292,512,780
101000034,1197,489,708
101000035,694,128,566
101000036,785,197,588
101000037,1961,438,1523
101000039,1449,264,1185
101000040,2056,764,1292
101000041,2029,530,1499
101000042,178,174,4
101000043,1846,945,901
101000045,342,49,293
101000046,916,382,534
101000047,459,375,84
101000048,210,154,56
101000049,170,255,-85
101000050,335,154,181
101000051,719,461,258
101000052,1118,218,900
101000053,393,204,189
101000054,1068,235,833
101000055,1218,332,886
101000056,67,17,50
101000057,1537,267,1270
101000058,1173,235,938
101000059,1385,436,949
101000060,1316,97,1219
101000061,496,126,370
101000062,1755,107,1648
101000063,119,35,84
101000064,864,194,670
101000065,105,158,-53
101000066,37,19,18
101000067,271,111,160
101000068,138,102,36
101000069,219,20,199
101000070,918,346,572
101000071,980,295,685
101000072,590,1092,-502
101000073,139,85,54
101000074,2174,700,1474
101000075,4642,1714,2928
101000077,696,595,101
101000078,516,690,-174
101000079,287,1416,-1129
101000080,472,1095,-623
101000081,539,436,103
101000082,2048,1162,886
101000083,724,590,134
101000084,609,869,-260
101000085,794,360,434
101000086,998,664,334
101000087,654,738,-84
101000088,397,267,130
101000089,286,464,-178
101000090,1611,757,854
101000091,114,775,-661
101000092,531,518,13
101000093,668,348,320
101000094,309,595,-286
101000095,106,371,-265
101000096,129,289,-160
101000097,118,150,-32
101000098,145,219,-74
101000099,539,453,86
101000100,409,275,134
101000101,113,101,12
101000102,300,135,165
101000103,376,141,235
101000104,77,114,-37
101000105,223,38,185
101000106,122,56,66
101000107,52,108,-56
101000108,691,122,569
101000109,48,39,9
101000110,7,282,-275
101000111,23,65,-42
101000113,45,108,-63
101000114,1002,564,438
101000115,2,7,-5
101000116,0,12,-12
101000117,11,26,-15
101000119,124,10,114
101000120,172,14,158
101000121,47,5,42
101000122,30,17,13
101000123,15,11,4
101000124,357,611,-254
101000125,99,178,-79
101000128,289,142,147
101000130,316,136,180
101000131,240,403,-163
101000132,169,991,-822
101000135,76,1,75
101000136,120,83,37
101000137,22,86,-64
101000141,1156,473,683
101000147,473,411,62
101000148,1388,13,1375
101000149,6,0,6
101000150,16,636,-620
101000151,16,57,-41
101000152,132,136,-4
101000153,382,186,196
101000154,48,1093,-1045
101000155,62,75,-13
101000156,7,147,-140
101000157,23,5,18
101000160,5,9,-4
101000163,0,0,0
101000164,262,149,113
101000165,157,80,77
101000166,130,112,18
101000168,154,153,1
101000252,341,279,62
101000254,153,11,142
101000258,47,21,26
101000261,208,146,62
101000262,152,429,-277
101000263,35,165,-130
101000265,15,164,-149
101000266,118,120,-2
101000269,98,17,81
101000290,600,349,251
101000293,1,24,-23
101000294,248,255,-7
101000295,81,234,-153
101000301,425,46,379
101000304,1156,1239,-83
101000305,1003,831,172
101000328,29,188,-159
101900001,6,41,-35
101900002,0,11,-11
101900003,54,48,6
101900004,0,17,-17
101900005,2849,304,2545
101900006,254,1,253
101900007,124,16,108
101900008,43,28,15
101900009,10,41,-31
101900010,426,76,350
101900011,87,83,4
101900012,12,14,-2
101900013,546,25,521
101900017,15,35,-20
101900018,711,33,678
101900019,33,10,23
101900020,80,19,61
101900021,0,18,-18
101900022,10,584,-574
101900023,3,130,-127
101900026,29,10,19
101900027,1,62,-61
102000001,805,1707,-902
102000002,1081,578,503
102000003,2008,1495,513
102000004,3807,774,3033
102000005,883,952,-69
102000006,1084,387,697
102000007,1192,1611,-419
102000008,3396,726,2670
102000009,3287,2982,305
102000010,3757,1144,2613
102000011,1140,1094,46
102000012,1311,1537,-226
102000018,1530,570,960
102000019,1307,354,953
102000026,85,101,-16
102000029,231,73,158
102000030,39,71,-32
102000031,3,87,-84
102000032,119,151,-32
102000033,32,158,-126
102000034,136,128,8
102000035,317,124,193
102000036,2,62,-60
102000037,77,64,13
102000038,21,44,-23
102000039,13,21,-8
102000040,193,23,170
102000041,29,51,-22
102000042,6,21,-15
102000043,55,81,-26
102000044,75,169,-94
102000045,329,437,-108
102000046,498,130,368
102000047,309,514,-205
102000048,74,228,-154
102000049,224,225,-1
102000050,343,476,-133
102000051,119,179,-60
102000052,458,394,64
102000053,172,359,-187
102000054,130,327,-197
102000055,309,445,-136
102000056,150,282,-132
102000057,427,104,323
102000058,435,712,-277
102000059,390,644,-254
102000060,238,176,62
102000061,576,1603,-1027
102000062,232,415,-183
102000063,607,750,-143
102000064,263,329,-66
102000065,23,53,-30
102000066,447,516,-69
102000067,875,1071,-196
102000068,3513,1257,2256
102000069,8,422,-414
102000070,1713,58,1655
102000071,3573,4945,-1372
102000072,1917,2965,-1048
102000073,50,379,-329
102000074,113,541,-428
102000075,22,204,-182
102000076,41,297,-256
102000077,84,632,-548
102000078,195,658,-463
102000079,17,161,-144
102000080,47,143,-96
102000081,107,414,-307
102000082,319,103,216
102000083,104,519,-415
102000084,37,176,-139
102000085,862,789,73
102000086,437,458,-21
102000087,333,1318,-985
102000088,110,139,-29
102000089,214,194,20
102000090,220,541,-321
102000091,552,207,345
102000092,279,416,-137
102000093,325,274,51
102000094,143,66,77
102000095,244,333,-89
102000096,267,96,171
102000097,667,467,200
102000098,250,266,-16
102000099,324,226,98
102000100,212,162,50
102000101,343,109,234
102000102,155,292,-137
102000103,502,139,363
102000104,568,212,356
102000105,46,566,-520
102000106,168,582,-414
102000107,151,225,-74
102000108,186,162,24
102000109,83,259,-176
102000110,149,616,-467
102000111,3,86,-83
102000112,61,34,27
102000113,6,11,-5
102000114,309,99,210
102000115,176,76,100
102000116,45,100,-55
102000117,55,281,-226
102000118,550,603,-53
102000119,1358,224,1134
102000120,42,210,-168
102000121,221,245,-24
102000122,106,245,-139
102000123,596,314,282
102000124,472,406,66
102000125,333,209,124
102000126,194,275,-81
102000127,461,229,232
102000128,265,475,-210
102000129,286,423,-137
102000130,210,359,-149
102000131,150,334,-184
102000132,107,203,-96
102000133,531,1475,-944
102000134,198,365,-167
102000135,643,231,412
102000136,407,110,297
102000137,327,261,66
102000138,92,179,-87
102000139,24,215,-191
102000140,106,97,9
102000141,50,344,-294
102000142,42,202,-160
102000143,18,250,-232
102000144,27,188,-161
102000145,79,206,-127
102000146,86,138,-52
102000147,96,105,-9
102000148,54,59,-5
102000149,52,266,-214
102000150,36,116,-80
102000151,32,136,-104
102000152,45,94,-49
102000153,248,83,165
102000154,129,247,-118
102000155,70,143,-73
102000156,123,23,100
102000157,27,78,-51
102000158,156,51,105
102000159,962,69,893
102000161,1941,283,1658
102000162,93,54,39
102000163,36,72,-36
102000164,299,84,215
102000165,154,47,107
102000166,14,36,-22
102000167,49,73,-24
102000168,62,66,-4
102000169,47,130,-83
102000170,487,58,429
102000171,48,25,23
102000172,4,77,-73
102000173,119,97,22
102000174,21,26,-5
102000175,27,24,3
102000176,8,10,-2
102000178,119,261,-142
102000179,62,123,-61
102000180,149,377,-228
102000181,91,388,-297
102000182,177,546,-369
102000183,249,530,-281
102000184,335,566,-231
102000185,249,463,-214
102000186,242,1110,-868
102000187,158,1059,-901
102000188,95,380,-285
102000189,1416,431,985
102000190,128,398,-270
102000191,671,88,583
102000192,341,530,-189
102000193,23,90,-67
102000194,20,83,-63
102000195,138,370,-232
102000196,20,307,-287
102000197,121,338,-217
102000198,24,479,-455
102000199,97,250,-153
102000200,55,466,-411
102000201,135,308,-173
102000202,0,56,-56
102000203,47,196,-149
102000204,69,365,-296
102000205,163,229,-66
102000206,138,426,-288
102000207,147,210,-63
102000208,75,307,-232
102000209,25,37,-12
102000210,23,386,-363
102000211,75,273,-198
102000212,14,3,11
102000213,2,195,-193
102000214,29,1,28
102000215,2,346,-344
102000216,3,3,0
102000217,5,123,-118
102000218,16,14,2
102000219,155,267,-112
102000225,212,48,164
102000226,93,17,76
102000227,11,0,11
102000228,0,55,-55
102000229,10,7,3
102000230,53,256,-203
102000231,91,246,-155
102000232,6,54,-48
102000233,219,229,-10
102000234,10,166,-156
102000236,242,42,200
102000237,175,68,107
102000238,102,115,-13
102000240,419,402,17
102000241,166,44,122
102000243,1,13,-12
102000245,28,73,-45
102000246,6,3,3
102000247,572,408,164
102000248,370,389,-19
102000249,38,89,-51
102000250,13,208,-195
102000254,13,240,-227
102000266,26,116,-90
102000271,5,1,4
102000286,101,84,17
102000297,543,249,294
102000301,0,0,0
102000303,0,0,0
102000307,0,16,-16
102900001,187,136,51
102900002,46,2,44
102900003,7,189,-182
102900005,51,62,-11
102900006,65,35,30
102900007,58,4,54
102900008,15,14,1
102900009,0,0,0
102900010,63,172,-109
102900011,1247,119,1128
102900012,69,36,33
102900013,0,0,0
102900015,152,36,116
102900016,0,0,0
102900017,0,0,0
102900018,0,0,0
102900019,41,116,-75
102900020,10,22,-12
102900021,0,0,0
102900022,177,44,133
102900023,0,0,0
102900024,12,10,2
102900025,0,0,0
102900026,141,271,-130
102900027,6,19,-13
102900028,8,77,-69
102900029,22,42,-20
102900030,37,20,17
102900031,27,22,5
102900032,6,81,-75
102900033,0,0,0
102900034,27,48,-21
102900035,20,351,-331
102900036,22,256,-234
102900037,36,217,-181
102900038,92,153,-61
102900039,4,116,-112
102900040,28,72,-44
102900041,17,79,-62
102900042,44,253,-209
102900043,39,169,-130
102900044,112,1159,-1047
102900045,30,382,-352
102900046,20,182,-162
102900047,17,393,-376
102900048,171,429,-258
102900049,20,153,-133
102900050,49,165,-116
102900051,39,116,-77
102900053,104,344,-240
102900054,109,228,-119
102900055,0,0,0
102900056,38,241,-203
102900057,0,0,0
102900058,113,23,90
102900059,0,0,0
102900060,22,213,-191
102900061,21,257,-236
102900062,13,1008,-995
102900063,105,110,-5
102900064,20,75,-55
102900065,257,108,149
102900066,44,0,44
102900068,20,24,-4
102900070,19,308,-289
102900072,1,10,-9
102900073,46,1,45
102900075,0,0,0
102900076,0,0,0
102900077,0,0,0
102900078,0,0,0
102900079,8,1,7
102900080,52,4,48
102900081,28,89,-61
102900082,3,76,-73
102900083,0,0,0
102900084,0,0,0
102900085,0,0,0
102900086,0,0,0
102900087,30,29,1
102900088,3,14,-11
102900089,93,49,44
102900090,3,282,-279
102900091,13,0,13
102900092,37,634,-597
102900094,0,23,-23
102900095,14,0,14
102900096,8,9,-1
102900097,12,97,-85
103000001,1041,1375,-334
103000002,772,993,-221
103000003,1551,1292,259
103000004,499,370,129
103000005,893,686,207
103000006,261,580,-319
103000007,189,377,-188
103000008,234,728,-494
103000009,181,358,-177
103000010,55,79,-24
103000011,1000,530,470
103000012,496,490,6
103000013,4248,1198,3050
103000014,636,419,217
103000015,1349,571,778
103000016,220,277,-57
103000017,16,43,-27
103000018,458,194,264
103000019,31,21,10
103000020,636,876,-240
103000021,291,333,-42
103000022,436,688,-252
103000023,152,328,-176
103000024,96,88,8
103000025,24,50,-26
103000026,978,69,909
103000027,111,55,56
103000028,450,121,329
103000029,401,71,330
103000030,1671,279,1392
103000031,794,396,398
103000032,846,870,-24
103000033,1191,894,297
103000034,953,378,575
103000035,224,439,-215
103000036,273,140,133
103000037,492,199,293
103000038,279,333,-54
103000039,59,289,-230
103000040,75,582,-507
103000041,710,1587,-877
103000042,294,401,-107
103000043,143,655,-512
103000044,66,171,-105
103000046,93,107,-14
103000047,146,290,-144
103000048,123,30,93
103000049,44,57,-13
103000050,172,372,-200
103000051,119,208,-89
103000052,253,280,-27
103000053,39,167,-128
103000054,620,502,118
103000055,655,632,23
103000056,296,1096,-800
103000057,268,172,96
103000058,173,494,-321
103000059,165,371,-206
103000060,369,442,-73
103000061,211,391,-180
103000062,398,511,-113
103000063,309,343,-34
103000064,85,172,-87
103000065,1,188,-187
103000066,26,8,18
103000069,55,206,-151
103000070,160,794,-634
103000071,269,137,132
103000072,39,536,-497
103000073,55,32,23
103000074,103,21,82
103000075,66,505,-439
103000076,49,40,9
103000077,23,236,-213
103000078,431,71,360
103000079,723,142,581
103000080,452,40,412
103000081,144,294,-150
103000082,82,29,53
103000083,13,202,-189
103000084,0,0,0
103000085,1,41,-40
103000086,248,61,187
103000087,43,154,-111
103000088,122,182,-60
103000089,85,122,-37
103000090,801,672,129
103000091,202,218,-16
103000092,53,144,-91
103000093,112,410,-298
103000094,27,32,-5
103000095,8,227,-219
103000096,125,28,97
103000097,17,355,-338
103000098,412,19,393
103000099,104,270,-166
103000100,20,571,-551
103000101,120,84,36
103000102,25,361,-336
103000103,110,127,-17
103000104,11,93,-82
103000105,22,53,-31
103000106,1,90,-89
103000107,142,52,90
103000108,251,420,-169
103000109,218,249,-31
103000110,291,221,70
103000111,232,196,36
103000112,131,139,-8
103000113,108,327,-219
103000114,195,178,17
103000115,180,252,-72
103000116,153,248,-95
103000117,98,295,-197
103000118,625,572,53
103000119,1290,506,784
103000120,35,62,-27
103000121,113,260,-147
103000122,100,66,34
103000125,2,381,-379
103000126,77,2,75
103000127,1,202,-201
103000128,25,0,25
103000129,0,154,-154
103000130,2,7,-5
103000131,146,39,107
103000132,79,40,39
103000133,2,144,-142
103000134,249,189,60
103000135,379,67,312
103000136,438,139,299
103000137,133,168,-35
103000138,223,116,107
103000139,2,21,-19
103000140,70,6,64
103000141,24,75,-51
103000142,49,14,35
103000143,8,115,-107
103000144,56,25,31
103000145,5,19,-14
103000150,14,40,-26
103000152,88,122,-34
103000153,34,94,-60
103000156,4,382,-378
103000157,57,4,53
103000159,60,70,-10
103000162,16,3,13
103000163,1,1,0
103000164,6,6,0
103000165,57,254,-197
103000166,25,18,7
103000167,34,74,-40
103000168,53,141,-88
103000169,22,37,-15
103000170,378,309,69
103000171,9,33,-24
103000172,83,170,-87
103000173,105,503,-398
103000174,86,124,-38
103000175,76,422,-346
103000176,321,56,265
103000177,385,218,167
103000178,243,136,107
103000179,30,10,20
103000183,10,51,-41
103000185,22,49,-27
103000186,16,83,-67
103000187,67,539,-472
103000188,10,54,-44
103000189,201,660,-459
103000191,195,307,-112
103000292,1368,192,1176
103000293,720,265,455
103000295,11,33,-22
103000296,44,8,36
103000297,24,3,21
103000504,110,5,105
103000505,11,5,6
103000506,1,108,-107
103000507,48,1,47
103000508,45,18,27
103000509,100,316,-216
103900001,0,143,-143
103900002,846,61,785
103900003,632,23,609
103900004,4,0,4
103900005,0,162,-162
103900006,0,0,0
103900007,0,3,-3
103900008,0,1,-1
103900009,32,94,-62
103900010,23,93,-70
103900011,11,121,-110
103900012,4,1,3
103900013,4,59,-55
103900014,1,16,-15
103900015,9,5,4
103900016,91,227,-136
103900017,7,70,-63
103900018,370,46,324
103900019,5,49,-44
103900020,27,50,-23
103900021,6,2,4
103900022,226,288,-62
103900023,4,0,4
103900024,43,344,-301
103900025,3,6,-3
103900026,1,0,1
103900027,59,85,-26
103900028,3,94,-91
103900029,220,120,100
103900030,69,0,69
103900031,2,0,2
103900032,6,6,0
103900033,3,2,1
103900034,8,102,-94
103900035,13,26,-13
103900036,8,1,7
103900037,5,10,-5
103900038,4,19,-15
103900039,3,247,-244
103900040,2,108,-106
103900041,0,6,-6
103900042,9,325,-316
103900043,7,47,-40
103900044,46,21,25
103900045,37,67,-30
103900047,8,17,-9
103900048,14,17,-3
103900049,136,529,-393
103900050,0,50,-50
103900051,2,11,-9
103900052,57,301,-244
103900053,56,650,-594
103900054,3,401,-398
103900055,48,100,-52
103900056,7,57,-50
103900057,2,203,-201
103900058,8,438,-430
103900059,0,5,-5
103900060,4,79,-75
103900061,2,33,-31
103900062,13,13,0
103900063,0,0,0
103900064,3,1,2
103900065,320,127,193
103900066,13,1,12
103900067,2,3,-1
103900068,0,0,0
103900069,1,0,1
103900070,19,144,-125
103900071,4,98,-94
103900072,0,164,-164
103900073,2,1,1
103900074,8,62,-54
103900075,22,33,-11
103900076,71,405,-334
103900077,8,8,0
103900078,21,51,-30
103900079,17,114,-97
103900080,2,1,1
103900081,0,0,0
103900082,1,22,-21
103900083,993,39,954
103900084,5,35,-30
103900085,27,30,-3
103900086,39,150,-111
103900088,194,51,143
103900089,25,91,-66
103900090,1,74,-73
103900091,374,97,277
103900092,36,231,-195
103900093,36,206,-170
103900094,5,83,-78
103900095,13,67,-54
103900096,7,205,-198
103900097,1,375,-374
103900098,50,29,21
103900099,3,142,-139
103900100,21,216,-195
103900101,31,476,-445
103900102,0,12,-12
103900104,4,11,-7
103900105,39,60,-21
103900106,0,8,-8
103900107,2,70,-68
103900108,13,318,-305
103900109,3,28,-25
103900110,56,22,34
103900111,6,463,-457
103900112,6,13,-7
103900113,50,91,-41
103900114,233,127,106
103900115,106,35,71
103900116,2783,173,2610
103900117,188,81,107
103900119,8,11,-3
103900120,11,64,-53
103900122,11,216,-205
103900123,577,162,415
103900124,11,349,-338
103900125,34,61,-27
103900126,69,207,-138
103900127,38,416,-378
103900128,11,153,-142
103900131,6,63,-57
103900133,145,3,142
103900134,0,0,0
103900135,0,1,-1
103900137,0,22,-22
103900138,2,116,-114
103900139,88,258,-170
103900140,0,0,0
103900141,82,27,55
103900142,2,37,-35
103900143,7,0,7
103900144,0,19,-19
103900145,68,222,-154
103900146,50,171,-121
103900147,64,53,11
103900148,28,131,-103
103900149,14,396,-382
103900150,3051,411,2640
103900151,12,50,-38
103900152,26,354,-328
103900153,1,0,1
103900154,648,153,495
103900155,6,66,-60
103900156,4,71,-67
103900157,0,153,-153
103900158,3,74,-71
103900159,8,36,-28
103900160,11,7,4
103900161,14,74,-60
103900162,29,100,-71
103900163,2,172,-170
103900167,0,11,-11
103900168,6,61,-55
103900169,3,7,-4
103900170,1,51,-50
103900171,1,42,-41
103900172,3,13,-10
103900173,0,3,-3
103900174,7,15,-8
103900175,9,8,1
103900176,3,5,-2
103900177,3,33,-30
103900178,10,38,-28
103900179,4,103,-99
103900180,0,62,-62
103900181,17,14,3
103900182,4,2,2
103900184,279,9,270
103900185,73,22,51
103900187,20,6,14
103900188,4,0,4
103900189,32,4,28
103900190,4,14,-10
103900191,5,15,-10
103900192,7,30,-23
103900193,54,51,3
103900194,5,147,-142
103900195,1,4,-3
103900196,4,10,-6
103900197,4,5,-1
103900198,2,24,-22
103900199,20,36,-16
103900200,6,56,-50
103900201,7,93,-86
103900202,1,24,-23
103900203,5,5,0
103900204,0,59,-59
103900207,0,99,-99
103900208,6,1,5
103900209,2,51,-49
103900210,3,17,-14
103900211,68,268,-200
103900212,14,287,-273
103900213,32,182,-150
103900214,9,4,5
103900215,740,153,587
103900216,17,214,-197
103900217,3,17,-14
103900218,0,73,-73
103900219,4,102,-98
103900233,23,0,23
103900235,6,3,3
103900236,7,0,7
103900242,0,0,0
103900243,0,1,-1
103900244,11,158,-147
103900245,12,108,-96
103900246,3,7,-4
103900247,22,77,-55
103900248,1,1,0
103900249,0,3,-3
103900250,2,1,1
103900251,0,2,-2
103900253,24,4,20
103900254,0,1,-1
103900255,4,0,4
103900256,0,3,-3
103900257,31,9,22
103900258,21,0,21
103900259,36,0,36
103900261,0,0,0
103900262,1,0,1
103900263,16,27,-11
103900264,13,0,13
103900265,6,0,6
103900266,2,13,-11
103900267,1,31,-30
103900268,2,76,-74
103900269,34,27,7
103900270,0,91,-91
103900271,21,95,-74
103900272,0,0,0
103900273,0,0,0
103900274,0,0,0
103900275,0,0,0
103900276,0,0,0
103900277,0,0,0
103900278,0,0,0
103900279,0,0,0
103900280,0,0,0
104000001,1031,1401,-370
104000002,715,1430,-715
104000003,1229,1281,-52
104000004,2064,1295,769
104000005,487,823,-336
104000006,1285,1483,-198
104000007,1667,1767,-100
104000008,159,414,-255
104000009,63,123,-60
104000010,27,66,-39
104000011,408,380,28
104000012,50,334,-284
104000013,18,62,-44
104000014,107,486,-379
104000015,59,44,15
104000016,95,247,-152
104000018,249,59,190
104000019,155,51,104
104000020,82,623,-541
104000021,146,572,-426
104000022,51,215,-164
104000023,136,140,-4
104000024,58,126,-68
104000026,21,63,-42
104000027,71,323,-252
104000028,100,134,-34
104000029,144,394,-250
104000030,72,147,-75
104000031,154,75,79
104000032,74,251,-177
104000033,116,130,-14
104000034,129,303,-174
104000035,136,215,-79
104000036,135,345,-210
104000037,93,198,-105
104000038,139,99,40
104000039,88,370,-282
104000040,269,392,-123
104000041,211,166,45
104000042,84,286,-202
104000043,94,230,-136
104000044,91,525,-434
104000045,268,787,-519
104000046,517,774,-257
104000047,207,664,-457
104000048,617,1276,-659
104000049,58,146,-88
104000050,78,216,-138
104000051,33,380,-347
104000052,369,759,-390
104000053,345,294,51
104000054,174,367,-193
104000055,2057,1461,596
104000056,738,71,667
104000057,29,333,-304
104000058,330,446,-116
104000059,112,538,-426
104000060,144,459,-315
104000061,340,532,-192
104000062,27,39,-12
104000064,368,149,219
104000065,34,169,-135
104000069,811,271,540
104000070,13,95,-82
104000071,46,235,-189
104000072,45,24,21
104000075,11,64,-53
104000076,121,11,110
104000082,853,1157,-304
104000083,314,69,245
104000084,37,270,-233
104000085,58,89,-31
104000086,56,270,-214
104000087,137,210,-73
104000090,191,807,-616
104000092,188,1579,-1391
104000094,242,1241,-999
104000095,745,744,1
104000096,272,210,62
104000097,285,335,-50
104000098,208,541,-333
104000100,210,255,-45
104000101,523,871,-348
104000106,95,260,-165
104000107,121,349,-228
104000108,104,251,-147
104000109,88,21,67
104000110,633,487,146
104000111,2326,500,1826
104000112,949,262,687
104000116,5,956,-951
104000117,1,540,-539
104000118,79,133,-54
104000119,96,131,-35
104000120,7,532,-525
104000121,136,346,-210
104000122,255,298,-43
104000123,334,543,-209
104000124,848,1359,-511
104000125,2781,1220,1561
104000126,106,247,-141
104000127,932,1953,-1021
104000128,185,255,-70
104000129,215,21,194
104000130,10,96,-86
104000131,873,496,377
104000132,410,847,-437
104000133,611,503,108
104000134,499,723,-224
104000135,227,445,-218
104000136,518,789,-271
104000137,1024,90,934
104000138,870,170,700
104000139,5940,1557,4383
104000141,953,1202,-249
104000142,283,641,-358
104000143,247,595,-348
104000144,26,74,-48
104000145,55,54,1
104000146,268,404,-136
104000147,54,187,-133
104000148,34,29,5
104000149,126,278,-152
104000150,114,147,-33
104000151,156,549,-393
104000152,141,663,-522
104000153,49,149,-100
104000154,721,533,188
104000155,104,163,-59
104000157,835,1229,-394
104000158,92,172,-80
104000159,156,174,-18
104000160,1021,636,385
104000161,72,41,31
104000162,29,60,-31
104000165,423,323,100
104000167,105,172,-67
104000168,160,1,159
104000169,0,0,0
104000170,725,117,608
104000248,3,384,-381
104000251,30,161,-131
104000272,5,0,5
104000273,2,0,2
104000274,3,1,2
104000275,5,1,4
104000279,399,283,116
104000290,30,230,-200
104000291,503,381,122
104000293,207,301,-94
104000294,0,0,0
104000295,200,488,-288
104000296,168,390,-222
104000297,446,881,-435
104000298,998,423,575
104000299,293,814,-521
104900001,5,49,-44
104900002,11,18,-7
104900003,5,279,-274
104900004,11,278,-267
104900005,23,70,-47
104900006,16,17,-1
104900007,44,76,-32
104900009,14,248,-234
104900010,1,4,-3
104900011,1,1,0
104900012,16,2,14
104900013,17,2,15
104900014,1694,99,1595
104900015,15,0,15
104900016,29,255,-226
104900017,10,106,-96
104900018,5,105,-100
104900019,50,124,-74
104900020,18,102,-84
104900021,0,0,0
104900022,2,105,-103
104900023,0,0,0
104900024,1,83,-82
104900025,20,159,-139
104900026,0,0,0
104900027,38,13,25
104900028,11,72,-61
104900029,0,0,0
104900030,54,29,25
104900031,59,114,-55
104900032,8,53,-45
104900033,0,0,0
104900034,35,8,27
104900035,11,9,2
104900036,14,5,9
104900037,19,117,-98
104900038,117,50,67
104900039,0,0,0
104900040,5,8,-3
104900041,0,0,0
104900042,37,138,-101
104900043,0,0,0
104900044,30,23,7
104900045,0,0,0
104900046,9,34,-25
104900047,19,16,3
104900048,16,18,-2
104900049,0,0,0
104900050,29,31,-2
104900051,7,6,1
104900052,0,0,0
104900053,52,11,41
104900054,16,3,13
104900055,0,0,0
104900056,18,1,17
104900057,9,0,9
104900058,29,58,-29
104900059,0,0,0
104900060,0,180,-180
104900061,102,298,-196
104900063,0,41,-41
104900064,0,56,-56
104900065,0,76,-76
104900066,0,89,-89
104900067,1,149,-148
104900068,3,146,-143
104900070,24,219,-195
104900071,0,520,-520
104900072,6,111,-105
104900073,5,81,-76
104900074,33,149,-116
104900075,5,19,-14
104900076,32,297,-265
104900077,341,13,328
104900078,52,457,-405
104900079,30,22,8
104900080,9,282,-273
104900082,0,49,-49
104900085,0,59,-59
104900087,26,0,26
104900089,0,0,0
104900090,43,44,-1
104900091,137,397,-260
104900093,47,234,-187
104900097,1273,330,943
104900098,4,16,-12
104900099,166,205,-39
104900100,339,55,284
104900102,8,86,-78
104900103,159,42,117
104900104,833,223,610
104900106,4,83,-79
104900107,11,178,-167
104900108,2,104,-102
104900109,15,5,10
104900110,4,31,-27
104900111,32,40,-8
104900112,63,427,-364
104900113,147,185,-38
104900114,33,373,-340
104900115,65,252,-187
104900116,20,171,-151
104900118,5,30,-25
104900119,0,10,-10
104900120,0,0,0
104900121,0,0,0
104900122,0,0,0
104900123,0,0,0
104900124,0,0,0
104900125,32,1,31
104900126,33,8,25
104900127,4,2,2
104900128,0,10,-10
104900129,730,138,592
105000001,1050,1043,7
105000002,740,957,-217
105000003,1083,1954,-871
105000004,242,599,-357
105000005,322,667,-345
105000006,408,662,-254
105000007,249,553,-304
105000008,269,872,-603
105000009,479,965,-486
105000010,1395,1474,-79
105000011,608,735,-127
105000012,2018,1915,103
105000013,329,371,-42
105000014,445,792,-347
105000015,3389,1415,1974
105000016,1383,758,625
105000017,622,556,66
105000018,461,446,15
105000019,673,343,330
105000020,67,243,-176
105000021,155,76,79
105000022,37,17,20
105000023,116,71,45
105000028,36,72,-36
105000029,136,320,-184
105000030,2091,2108,-17
105000031,0,18,-18
105000033,597,1347,-750
105000034,51,191,-140
105000037,310,252,58
105000038,265,382,-117
105000039,2180,1159,1021
105000040,138,249,-111
105000041,230,886,-656
105000042,544,392,152
105000043,1118,1544,-426
105000044,99,109,-10
105000045,124,691,-567
105000046,150,143,7
105000047,209,943,-734
105000048,131,94,37
105000049,142,424,-282
105000050,54,41,13
105000051,111,400,-289
105000052,90,479,-389
105000053,66,155,-89
105000054,63,546,-483
105000055,86,258,-172
105000056,192,1277,-1085
105000057,397,704,-307
105000058,508,792,-284
105000059,84,178,-94
105000060,157,436,-279
105000061,83,145,-62
105000062,314,713,-399
105000063,137,475,-338
105000064,125,300,-175
105000065,146,668,-522
105000066,352,1254,-902
105000067,143,215,-72
105000068,347,501,-154
105000069,1259,204,1055
105000070,376,353,23
105000071,50,91,-41
105000072,349,202,147
105000073,293,194,99
105000074,343,651,-308
105000075,239,445,-206
105000076,681,778,-97
105000077,891,478,413
105000078,612,490,122
105000079,847,1134,-287
105000080,484,371,113
105000081,418,452,-34
105000082,125,207,-82
105000083,189,207,-18
105000084,274,770,-496
105000085,348,292,56
105000086,277,617,-340
105000087,1359,1225,134
105000088,460,369,91
105000089,1762,1487,275
105000090,622,626,-4
105000091,1365,1283,82
105000092,297,797,-500
105000093,236,108,128
105000094,75,74,1
105000095,44,248,-204
105000096,324,257,67
105000097,427,387,40
105000098,121,214,-93
105000099,300,574,-274
105000100,470,709,-239
105000101,743,1189,-446
105000102,486,894,-408
105000103,595,1194,-599
105000104,381,512,-131
105000105,213,887,-674
105000106,377,799,-422
105000107,323,463,-140
105000108,268,702,-434
105000109,387,861,-474
105000110,169,347,-178
105000111,147,322,-175
105000112,365,393,-28
105000113,132,237,-105
105000114,1691,353,1338
105000115,158,324,-166
105000116,85,107,-22
105000117,301,841,-540
105000118,50,139,-89
105000119,154,636,-482
105000120,104,230,-126
105000121,281,627,-346
105000122,70,158,-88
105000123,411,751,-340
105000124,327,453,-126
105000125,126,990,-864
105000126,549,1282,-733
105000127,837,1020,-183
105000128,65,779,-714
105000129,163,183,-20
105000130,20,277,-257
105000131,212,158,54
105000132,229,128,101
105000133,152,632,-480
105000134,118,202,-84
105000135,163,401,-238
105000136,33,238,-205
105000137,25,29,-4
105000138,141,231,-90
105000139,410,740,-330
105000140,15,92,-77
105000141,70,346,-276
105000142,32,89,-57
105000143,62,339,-277
105000144,142,450,-308
105000145,93,212,-119
105000146,160,386,-226
105000147,30,34,-4
105000148,114,53,61
105000149,130,87,43
105000150,644,797,-153
105000151,84,118,-34
105000152,46,356,-310
105000153,129,178,-49
105000154,161,500,-339
105000155,62,216,-154
105000156,233,597,-364
105000157,416,1120,-704
105000158,483,462,21
105000159,184,794,-610
105000160,394,418,-24
105000161,246,1177,-931
105000162,97,404,-307
105000163,506,553,-47
105000164,119,117,2
105000165,578,855,-277
105000166,3725,112,3613
105000167,1421,577,844
105000168,16,598,-582
105000169,83,319,-236
105000170,11,456,-445
105000171,499,152,347
105000172,0,1,-1
105000173,0,1,-1
105000174,3,1,2
105000175,23,102,-79
105000176,13,15,-2
105000177,34,50,-16
105000178,21,118,-97
105000179,37,58,-21
105000180,11,66,-55
105000181,9,62,-53
105000182,9,28,-19
105000183,1177,382,795
105000184,793,361,432
105000185,228,147,81
105000186,147,679,-532
105000187,127,105,22
105000188,20,44,-24
105000189,56,424,-368
105000190,11,32,-21
105000191,163,298,-135
105000192,29,96,-67
105000193,17,78,-61
105000194,37,50,-13
105000195,76,622,-546
105000196,13,42,-29
105000197,57,320,-263
105000198,282,101,181
105000199,71,53,18
105000200,36,96,-60
105000201,26,25,1
105000203,5,171,-166
105000204,40,47,-7
105000205,78,169,-91
105000207,341,126,215
105000208,0,0,0
105000209,95,239,-144
105000211,21,17,4
105000212,246,820,-574
105000213,65,98,-33
105000214,5,93,-88
105000215,8,101,-93
105000216,34,292,-258
105000217,32,231,-199
105000218,120,366,-246
105000221,57,124,-67
105000222,2,14,-12
105000223,42,88,-46
105000226,6,68,-62
105000227,0,23,-23
105000228,48,371,-323
105000229,7,105,-98
105000231,0,0,0
105000233,191,289,-98
105000234,275,671,-396
105000235,53,197,-144
105000237,127,11,116
105000243,9,15,-6
105000248,19,32,-13
105000262,69,955,-886
105000269,25,93,-68
105000270,51,83,-32
105000271,0,191,-191
105000282,33,19,14
105000287,109,37,72
105000288,55,189,-134
105000289,215,291,-76
105000290,0,0,0
105000402,2237,844,1393
105000426,175,239,-64
105000438,191,232,-41
105000440,0,17,-17
105000446,5344,2084,3260
105000447,3207,1148,2059
105000454,33,505,-472
105000455,114,141,-27
105000474,0,0,0
105000477,41,141,-100
105000478,288,493,-205
105000479,23,74,-51
105000480,482,618,-136
105000481,798,686,112
105000482,2152,1365,787
105000483,459,537,-78
105000484,1030,1457,-427
105000485,709,703,6
105000486,1518,1420,98
105000488,1119,1177,-58
105000489,184,348,-164
105000549,0,10,-10
105000550,203,617,-414
105000551,8,53,-45
105000552,2679,1038,1641
105000555,263,315,-52
105000556,9,4,5
105000557,11,173,-162
105900001,0,246,-246
105900002,1048,93,955
105900003,3,27,-24
105900004,212,48,164
105900005,5,160,-155
105900006,0,19,-19
105900007,2,4,-2
105900008,10,447,-437
105900009,1,2,-1
105900011,5,30,-25
105900012,61,115,-54
105900013,0,5,-5
105900014,1,50,-49
105900015,35,175,-140
105900016,37,371,-334
105900017,99,34,65
105900018,87,119,-32
105900019,6,276,-270
105900020,12,31,-19
105900021,1,156,-155
105900022,63,124,-61
105900023,0,67,-67
105900024,0,51,-51
105900025,11,16,-5
105900026,69,18,51
105900027,1195,484,711
105900028,6,84,-78
105900029,1145,186,959
105900030,45,175,-130
105900031,114,100,14
105900032,12,92,-80
105900033,7,95,-88
105900034,24,165,-141
105900035,53,77,-24
105900036,9,54,-45
105900037,17,32,-15
105900038,19,126,-107
105900039,11,74,-63
105900040,35,34,1
105900041,84,150,-66
105900042,13,51,-38
105900043,675,20,655
105900044,0,43,-43
105900045,0,174,-174
105900046,1,101,-100
105900047,1,10,-9
105900048,4,269,-265
105900050,102,150,-48
105900051,1,485,-484
105900052,66,10,56
105900053,1886,230,1656
105900054,119,115,4
105900056,315,32,283
105900057,5,60,-55
105900058,5,19,-14
105900059,0,4,-4
106000001,700,328,372
106000002,1031,1696,-665
106000003,1399,620,779
106000004,1244,953,291
106000005,1011,1624,-613
106000006,2596,2290,306
106000007,296,181,115
106000008,191,175,16
106000009,194,135,59
106000010,325,329,-4
106000011,197,414,-217
106000012,339,959,-620
106000013,591,750,-159
106000014,873,1006,-133
106000015,417,466,-49
106000016,559,1386,-827
106000017,245,317,-72
106000018,199,404,-205
106000019,137,310,-173
106000020,102,279,-177
106000021,190,325,-135
106000022,151,338,-187
106000023,188,206,-18
106000024,156,504,-348
106000025,70,107,-37
106000026,107,192,-85
106000027,95,324,-229
106000028,200,545,-345
106000029,445,1111,-666
106000030,368,148,220
106000034,190,297,-107
106000035,359,347,12
106000036,142,168,-26
106000037,549,798,-249
106000038,138,73,65
106000039,58,32,26
106000040,75,457,-382
106000041,286,126,160
106000043,119,31,88
106000046,120,11,109
106000047,21,225,-204
106000049,83,37,46
106000050,90,534,-444
106000051,70,122,-52
106000052,29,425,-396
106000053,0,0,0
106000054,142,248,-106
106000055,57,162,-105
106000056,158,326,-168
106000057,0,0,0
106000058,47,167,-120
106000059,26,71,-45
106000060,270,422,-152
106000061,25,111,-86
106000062,160,376,-216
106000063,101,168,-67
106000064,22,211,-189
106000065,8,35,-27
106000066,36,196,-160
106000067,14,30,-16
106000068,6,407,-401
106000069,12,57,-45
106000070,69,449,-380
106000071,56,110,-54
106000072,1975,567,1408
106000073,586,633,-47
106000074,93,279,-186
106000075,72,302,-230
106000076,412,576,-164
106000077,809,491,318
106000078,158,419,-261
106000079,149,587,-438
106000080,288,477,-189
106000081,138,402,-264
106000082,906,538,368
106000083,113,481,-368
106000084,119,314,-195
106000085,399,396,3
106000086,125,263,-138
106000087,152,215,-63
106000088,87,421,-334
106000089,176,234,-58
106000090,40,343,-303
106000091,137,291,-154
106000092,103,74,29
106000093,43,29,14
106000094,37,317,-280
106000095,124,774,-650
106000096,137,417,-280
106000097,126,935,-809
106000098,80,554,-474
106000099,33,544,-511
106000100,154,170,-16
106000101,155,174,-19
106000102,25,262,-237
106000103,88,362,-274
106000104,165,121,44
106000105,126,563,-437
106000106,138,196,-58
106000107,56,365,-309
106000108,68,171,-103
106000109,29,280,-251
106000110,61,153,-92
106000111,39,405,-366
106000112,48,153,-105
106000113,667,411,256
106000114,260,128,132
106000115,121,354,-233
106000116,71,155,-84
106000117,436,516,-80
106000118,335,395,-60
106000119,1598,546,1052
106000120,350,194,156
106000121,37,92,-55
106000122,15,123,-108
106000123,92,199,-107
106000124,30,148,-118
106000125,10,199,-189
106000126,41,137,-96
106000127,117,501,-384
106000128,101,120,-19
106000129,130,428,-298
106000130,120,159,-39
106000131,48,312,-264
106000132,322,45,277
106000133,2561,401,2160
106000134,177,181,-4
106000135,126,663,-537
106000136,138,91,47
106000137,57,1098,-1041
106000138,132,19,113
106000139,0,0,0
106000140,7,78,-71
106000141,16,117,-101
106000142,0,0,0
106000143,12,107,-95
106000144,0,0,0
106000145,48,291,-243
106000146,0,0,0
106000147,177,296,-119
106000148,239,384,-145
106000149,210,195,15
106000150,176,631,-455
106000151,1919,245,1674
106000152,421,331,90
106000153,38,204,-166
106000154,1003,125,878
106000155,16,39,-23
106000156,125,136,-11
106000157,279,834,-555
106000158,1535,270,1265
106000159,2755,605,2150
106000160,33,414,-381
106000161,585,343,242
106000162,37,193,-156
106000163,68,355,-287
106000164,69,125,-56
106000165,69,492,-423
106000166,79,103,-24
106000167,90,958,-868
106000168,34,95,-61
106000169,31,523,-492
106000170,50,119,-69
106000171,15,428,-413
106000172,573,397,176
106000173,204,1278,-1074
106000174,79,111,-32
106000175,77,521,-444
106000176,306,240,66
106000177,242,1211,-969
106000178,551,427,124
106000179,302,919,-617
106000180,291,1088,-797
106000181,114,1045,-931
106000182,124,365,-241
106000183,124,639,-515
106000184,343,595,-252
106000185,147,401,-254
106000186,227,58,169
106000187,61,310,-249
106000188,0,1,-1
106000189,1,34,-33
106000190,0,0,0
106000191,115,102,13
106000192,0,23,-23
106000193,107,48,59
106000194,80,191,-111
106000195,36,23,13
106000196,21,138,-117
106000197,87,125,-38
106000198,51,199,-148
106000199,356,212,144
106000200,210,51,159
106000201,188,258,-70
106000202,3531,184,3347
106000203,83,92,-9
106000204,1,1,0
106000205,5,79,-74
106000206,21,3,18
106000207,16,571,-555
106000208,76,12,64
106000209,105,67,38
106000210,98,802,-704
106000211,125,1051,-926
106000212,49,40,9
106000213,218,483,-265
106000214,626,89,537
106000215,74,298,-224
106000216,134,122,12
106000217,84,299,-215
106000218,116,107,9
106000219,69,176,-107
106000220,113,121,-8
106000221,18,159,-141
106000222,55,67,-12
106000223,6,43,-37
106000224,37,216,-179
106000225,19,33,-14
106000226,37,233,-196
106000228,10,80,-70
106000229,25,506,-481
106000231,119,35,84
106000232,31,259,-228
106000233,39,29,10
106000234,30,124,-94
106000235,29,7,22
106000236,25,25,0
106000237,0,24,-24
106000238,1,1,0
106000239,0,29,-29
106000240,7,0,7
106000241,11,356,-345
106000242,14,3,11
106000249,0,0,0
106000250,8,172,-164
106000251,12,16,-4
106000252,4,70,-66
106000253,0,41,-41
106000254,17,49,-32
106000255,3,43,-40
106000256,28,54,-26
106000257,16,180,-164
106000258,14,8,6
106000259,1,48,-47
106000260,5,2,3
106000261,0,19,-19
106000262,6,8,-2
106000263,0,30,-30
106000264,31,1,30
106000265,2,67,-65
106000266,29,6,23
106000267,2,85,-83
106000268,131,10,121
106000269,44,32,12
106000270,41,177,-136
106000271,7,82,-75
106000272,46,24,22
106000273,3,51,-48
106000274,107,26,81
106000275,55,79,-24
106000276,64,30,34
106000277,45,88,-43
106000278,95,12,83
106000279,5,42,-37
106000280,11,112,-101
106000281,20,71,-51
106000282,32,34,-2
106000283,16,50,-34
106000284,12,51,-39
106000285,29,80,-51
106000286,36,76,-40
106000287,26,59,-33
106000288,22,128,-106
106000289,8,57,-49
106000290,24,91,-67
106000291,14,56,-42
106000292,36,83,-47
106000293,36,44,-8
106000294,54,70,-16
106000295,12,17,-5
106000296,40,64,-24
106000297,58,78,-20
106000298,88,11,77
106000299,35,50,-15
106000300,17,46,-29
106000301,64,46,18
106000303,5,22,-17
106000304,7,17,-10
106000305,5,10,-5
106000306,26,58,-32
106000307,12,2,10
106000308,30,91,-61
106000309,10,44,-34
106000310,76,229,-153
106000311,107,53,54
106000312,23,67,-44
106000313,39,163,-124
106000318,61,86,-25
106000319,88,7,81
106000320,1,8,-7
106000321,53,29,24
106000322,29,141,-112
106000324,0,121,-121
106000325,348,338,10
106000326,403,1078,-675
106000327,12,62,-50
106000328,5,37,-32
106000329,11,148,-137
106000330,16,34,-18
106000428,41,97,-56
106000429,36,351,-315
106000430,141,1013,-872
106000431,238,121,117
106000432,532,1382,-850
106000433,364,297,67
106000434,765,281,484
106000435,1081,1377,-296
106000436,8,243,-235
106000437,60,13,47
106000438,48,36,12
106000439,16,256,-240
106000440,83,295,-212
106000441,0,0,0
106000442,19,2,17
106000443,47,441,-394
106000450,5,91,-86
106000451,16,0,16
106000454,1,26,-25
106000455,5,114,-109
106000456,14,4,10
106000457,5,730,-725
106000458,31,38,-7
106000459,18,316,-298
106000460,111,5,106
106000461,9,1136,-1127
106000462,0,4,-4
106000463,0,7,-7
106000464,4,332,-328
106000465,49,0,49
106000466,2,370,-368
106000467,285,231,54
106000468,11,93,-82
106000469,41,0,41
106000470,111,407,-296
106000471,7,311,-304
106000472,34,6,28
106000473,20,19,1
106000474,151,492,-341
106000475,327,144,183
106000476,73,99,-26
106000477,10,105,-95
106000480,0,40,-40
106900001,0,2,-2
106900002,0,399,-399
106900003,95,323,-228
106900004,0,18,-18
106900006,0,11,-11
106900007,0,2,-2
106900008,39,101,-62
106900009,25,190,-165
106900010,20,144,-124
106900012,513,238,275
106900013,18,0,18
106900014,5,1,4
106900015,0,0,0
106900016,8,1,7
106900017,0,0,0
106900018,0,0,0
106900019,1,0,1
106900020,1248,145,1103
106900021,4,10,-6
106900022,28,0,28
106900023,1,127,-126
106900024,21,1,20
106900025,16,276,-260
106900026,1,551,-550
106900027,39,0,39
107000001,490,646,-156
107000002,1385,2124,-739
107000003,1302,2056,-754
107000004,2847,3860,-1013
107000005,621,1060,-439
107000006,1660,4483,-2823
107000007,2105,1679,426
107000008,12538,7856,4682
107000009,1627,1651,-24
107000010,6071,7427,-1356
107000011,584,726,-142
107000012,1887,1965,-78
107000013,12,117,-105
107000014,8,167,-159
107000015,156,632,-476
107000016,146,842,-696
107000017,930,470,460
107000018,3,186,-183
107000020,328,154,174
107000021,380,690,-310
107000022,177,939,-762
107000023,574,282,292
107000024,171,1561,-1390
107000025,75,263,-188
107000026,51,428,-377
107000027,524,397,127
107000028,577,805,-228
107000029,493,627,-134
107000030,1679,1811,-132
107000031,517,746,-229
107000032,47,172,-125
107000033,2094,2038,56
107000034,3331,1054,2277
107000035,154,65,89
107000036,153,474,-321
107000037,26,313,-287
107000038,94,157,-63
107000039,170,211,-41
107000040,67,189,-122
107000041,443,250,193
107000042,288,784,-496
107000043,1329,357,972
107000044,340,292,48
107000045,39,209,-170
107000046,154,109,45
107000047,191,568,-377
107000048,138,149,-11
107000049,133,406,-273
107000050,185,207,-22
107000051,245,148,97
107000052,443,261,182
107000053,125,45,80
107000054,34,157,-123
107000055,136,73,63
107000056,285,460,-175
107000057,1102,177,925
107000058,336,412,-76
107000059,721,1718,-997
107000060,855,1470,-615
107000061,2353,2472,-119
107000062,682,926,-244
107000063,1632,3493,-1861
107000064,719,730,-11
107000065,1702,4130,-2428
107000066,402,624,-222
107000067,279,400,-121
107000068,652,203,449
107000069,166,161,5
107000070,38,13,25
107000071,189,7,182
107000072,24,2269,-2245
107000073,46,35,11
107000074,68,458,-390
107000075,216,32,184
107000076,482,1498,-1016
107000077,398,59,339
107000078,594,2084,-1490
107000079,369,114,255
107000080,392,2073,-1681
107000081,206,167,39
107000082,161,1823,-1662
107000083,149,87,62
107000084,187,1691,-1504
107000085,1158,1425,-267
107000086,1695,1414,281
107000087,1129,911,218
107000088,1003,1726,-723
107000089,563,711,-148
107000090,536,547,-11
107000091,342,431,-89
107000092,261,606,-345
107000093,328,374,-46
107000094,330,624,-294
107000095,117,95,22
107000096,218,619,-401
107000097,90,72,18
107000098,207,577,-370
107000099,94,73,21
107000100,135,287,-152
107000101,16,59,-43
107000102,219,246,-27
107000103,66,44,22
107000104,102,233,-131
107000105,68,35,33
107000106,64,193,-129
107000107,94,60,34
107000108,52,512,-460
107000109,0,0,0
107000110,25,425,-400
107000111,0,0,0
107000112,18,252,-234
107000113,0,0,0
107000114,24,470,-446
107000115,0,0,0
107000116,33,702,-669
107000117,0,0,0
107000118,51,148,-97
107000119,746,194,552
107000120,1678,230,1448
107000121,85,207,-122
107000122,330,460,-130
107000123,64,346,-282
107000124,173,442,-269
107000125,154,428,-274
107000126,249,839,-590
107000129,44,902,-858
107000130,38,50,-12
107000131,125,467,-342
107000132,84,94,-10
107000133,49,35,14
107000134,10,1,9
107000135,2,148,-146
107000136,90,1,89
107000137,6,248,-242
107000138,57,2,55
107000139,8,200,-192
107000140,278,9,269
107000141,82,521,-439
107000142,91,15,76
107000143,13,480,-467
107000144,85,59,26
107000145,42,303,-261
107000146,77,45,32
107000147,2642,626,2016
107000150,359,512,-153
107000151,5,25,-20
107000152,141,186,-45
107000153,194,137,57
107000154,18,45,-27
107000155,160,6,154
107000156,266,5,261
107000157,8,1874,-1866
107000158,102,2,100
107000159,19,1070,-1051
107000160,142,47,95
107000161,28,1367,-1339
107000162,40,72,-32
107000163,2,1,1
107000164,24,0,24
107000165,118,0,118
107000166,30,878,-848
107000167,163,135,28
107000168,233,81,152
107000169,517,845,-328
107000170,244,148,96
107000171,210,2101,-1891
107000172,246,209,37
107000173,392,683,-291
107000174,289,701,-412
107000175,7137,1034,6103
107000176,0,0,0
107000177,0,0,0
107000178,2,9,-7
107000179,83,2138,-2055
107000180,212,155,57
107000181,77,1040,-963
107000182,193,303,-110
107000183,47,676,-629
107000184,129,374,-245
107000185,79,827,-748
107000186,76,83,-7
107000187,424,421,3
107000188,157,192,-35
107000189,110,379,-269
107000190,198,400,-202
107000191,209,566,-357
107000192,398,477,-79
107000193,88,133,-45
107000194,351,377,-26
107000197,119,81,38
107000198,84,503,-419
107000199,317,573,-256
107000200,594,259,335
107000201,187,172,15
107000202,85,277,-192
107000203,471,270,201
107000204,462,248,214
107000205,1649,619,1030
107000206,304,192,112
107000207,470,443,27
107000208,813,97,716
107000209,1082,269,813
107000210,852,139,713
107000211,1,23,-22
107000212,4,218,-214
107000213,38,1,37
107000214,10,99,-89
107000215,82,248,-166
107000216,28,310,-282
107000217,16,76,-60
107000219,15,52,-37
107000220,18,240,-222
107000222,69,395,-326
107000224,76,19,57
107000225,55,474,-419
107000226,93,31,62
107000227,77,379,-302
107000228,71,115,-44
107000229,80,67,13
107000230,874,324,550
107000231,133,181,-48
107000232,22,28,-6
107000233,114,155,-41
107000234,0,3,-3
107000235,0,0,0
107000236,11,234,-223
107000237,0,0,0
107000238,0,1,-1
107000239,3701,185,3516
107000240,20,904,-884
107000243,0,31,-31
107000244,7,78,-71
107000246,5,817,-812
107000249,2,565,-563
107000251,1,146,-145
107000252,3,1061,-1058
107000255,428,44,384
107000257,3,544,-541
107000258,0,117,-117
107000259,0,211,-211
107000260,77,0,77
107000262,1,572,-571
107000263,18,2,16
107000266,3,1,2
107000267,14,109,-95
107000268,87,143,-56
107000269,20,18,2
107000270,2,2,0
107000271,6,814,-808
107000272,2,238,-236
107000273,2,207,-205
107000274,142,154,-12
107000275,4,368,-364
107000280,123,8,115
107000281,11,787,-776
107000282,9,1293,-1284
107000290,1,61,-60
107000291,5,3,2
107000292,3,34,-31
107000293,44,2,42
107000294,0,42,-42
107000295,32,2,30
107000296,0,2,-2
107000444,104,1,103
107000496,0,0,0
107000497,521,2231,-1710
107000500,220,137,83
107000501,33,81,-48
107000502,26,192,-166
107000505,417,430,-13
107000506,0,11,-11
107000508,1,493,-492
107000509,53,83,-30
107000510,45,9,36
107000514,3,180,-177
107000515,10,230,-220
107000516,72,58,14
107000518,134,79,55
107000519,2090,790,1300
107000520,14,4,10
107000521,174,364,-190
107000522,70,431,-361
107900001,4,164,-160
107900002,30,2,28
107900003,52,7,45
107900004,0,0,0
107900005,122,14,108
107900006,15,0,15
107900007,40,4,36
107900008,44,54,-10
107900009,29,1,28
107900010,3,0,3
107900012,61,0,61
107900013,72,17,55
107900014,0,0,0
107900015,117,0,117
107900016,193,47,146
107900017,0,0,0
107900018,6,12,-6
107900019,2,50,-48
107900020,14,3,11
107900021,8,81,-73
107900023,0,0,0
107900024,0,5,-5
107900025,117,181,-64
107900026,5,70,-65
107900027,2,28,-26
107900028,6,79,-73
107900030,35,1,34
107900031,19,206,-187
107900032,2,1,1
107900033,5,0,5
107900034,26,1,25
107900035,108,4,104
107900036,14,0,14
107900037,0,13,-13
107900038,64,44,20
107900039,1,52,-51
107900040,1,12,-11
107900041,0,0,0
107900043,7,88,-81
107900044,1,1,0
107900045,5,6,-1
107900046,33,8,25
107900047,0,25,-25
107900048,18,0,18
107900049,94,76,18
107900050,61,148,-87
107900051,2,57,-55
107900052,1,1,0
107900053,6,59,-53
107900055,81,33,48
107900056,11,0,11
107900057,0,0,0
107900058,14,498,-484
107900060,0,11,-11
107900061,8,1,7
107900063,16,33,-17
107900064,110,6,104
107900065,14,3,11
107900066,2,5,-3
107900067,0,0,0
107900068,83,150,-67
107900069,16,190,-174
107900070,6,8,-2
107900071,8,643,-635
107900072,8,108,-100
107900073,4,80,-76
107900074,490,100,390
107900076,17,33,-16
107900077,8,0,8
107900079,5,1,4
107900080,99,87,12
107900081,4,17,-13
107900082,11,6,5
107900083,43,39,4
107900084,19,47,-28
107900086,25,28,-3
107900087,116,20,96
107900088,0,4,-4
107900089,218,475,-257
107900090,132,147,-15
107900091,37,265,-228
107900093,13,16,-3
107900095,1565,494,1071
107900097,5,18,-13
107900098,5,32,-27
107900100,467,117,350
107900101,492,50,442
107900102,34,2,32
107900103,16,92,-76
107900104,23,3,20
107900105,2,425,-423
107900106,1,1147,-1146
107900107,612,57,555
107900108,114,23,91
107900109,106,0,106
107900110,4,93,-89
107900111,5,955,-950
107900112,23,110,-87
107900113,5,43,-38
107900114,24,179,-155
107900115,0,25,-25
107900116,4,189,-185
107900117,91,181,-90
107900118,19,89,-70
107900119,14,30,-16
107900120,7,1,6
107900121,0,59,-59
107900122,2,38,-36
107900123,0,14,-14
107900124,2,23,-21
107900125,5,97,-92
107900126,0,11,-11
107900127,202,17,185
107900128,73,20,53
107900129,6,23,-17
107900130,1,8,-7
107900131,60,15,45
107900132,31,234,-203
107900133,1,26,-25
107900134,3,1,2
107900135,2,141,-139
107900136,26,18,8
107900137,37,29,8
107900138,3,9,-6
107900139,2,8,-6
107900141,4,6,-2
107900142,20,560,-540
107900143,19,34,-15
107900144,0,104,-104
107900145,0,54,-54
107900146,21,57,-36
107900147,3,1,2
107900148,80,73,7
107900149,1285,39,1246
107900150,22,300,-278
107900151,0,65,-65
107900152,4,125,-121
107900153,34,53,-19
107900154,3,6,-3
107900155,10,4,6
107900156,1,180,-179
107900157,27,52,-25
107900158,60,4,56
107900159,12,513,-501
107900160,10,88,-78
107900161,2,169,-167
107900162,1,40,-39
107900163,3,20,-17
107900164,2,5,-3
107900165,8,15,-7
107900166,1,179,-178
107900167,1,3,-2
107900168,2,43,-41
107900169,0,132,-132
107900171,8,1013,-1005
107900172,0,183,-183
107900173,0,141,-141
107900174,15,4,11
107900175,0,2,-2
107900176,2,20,-18
107900177,0,32,-32
107900178,0,162,-162
107900179,1,75,-74
107900180,614,58,556
107900181,164,262,-98
107900182,0,976,-976
107900183,5,289,-284
107900184,12,128,-116
107900185,14,2,12
107900186,0,17,-17
107900187,0,106,-106
107900188,389,23,366
107900189,0,47,-47
107900190,65,16,49
107900191,18,128,-110
107900193,3,21,-18
107900194,20,1,19
107900195,2455,148,2307
107900196,15,23,-8
107900197,91,42,49
107900199,4,852,-848
107900201,26,67,-41
107900203,4,50,-46
107900204,138,131,7
107900206,117,81,36
107900207,1,425,-424
107900208,1,526,-525
107900209,140,36,104
107900210,30,60,-30
107900213,55,156,-101
107900214,1,116,-115
107900215,94,192,-98
107900216,10,24,-14
107900217,10,10,0
107900218,8,1095,-1087
107900219,4,75,-71
107900220,50,43,7
107900221,122,154,-32
107900223,9,285,-276
107900224,65,167,-102
107900225,0,428,-428
107900226,15,82,-67
107900227,37,211,-174
107900228,4,67,-63
107900229,1,254,-253
107900230,0,115,-115
107900231,3,88,-85
107900232,5,147,-142
107900233,0,99,-99
107900234,17,109,-92
107900235,21,70,-49
107900236,17,69,-52
107900237,58,312,-254
107900238,18,55,-37
107900239,707,243,464
107900240,1,70,-69
107900241,8,72,-64
107900242,1,262,-261
107900243,0,13,-13
107900244,50,0,50
107900245,74,4,70
107900246,14,6,8
107900248,41,221,-180
107900249,70,1,69
107900250,0,267,-267
107900251,3,665,-662
107900252,74,1,73
107900253,17,0,17
107900254,17,33,-16
107900255,216,12,204
107900256,64,257,-193
107900257,13,5,8
107900258,26,159,-133
107900259,15,200,-185
107900261,1,274,-273
107900262,21,65,-44
107900264,21,1,20
107900265,9,132,-123
107900267,14,6,8
107900268,22,6,16
107900269,0,5,-5
107900270,0,0,0
107900271,0,0,0
107900272,2,0,2
107900273,0,31,-31
107900274,8,0,8
107900275,17,0,17
107900276,0,41,-41
107900277,0,155,-155
107900278,41,178,-137
107900279,92,33,59
107900280,868,491,377
107900281,1503,290,1213
107900282,13,54,-41
107900283,785,180,605
107900284,103,506,-403
107900285,17,83,-66
107900286,48,30,18
107900287,26,46,-20
107900290,0,16,-16
107900291,93,2,91
107900292,30,163,-133
107900293,13,249,-236
107900295,8,110,-102
107900297,0,139,-139
107900298,309,461,-152
107900299,2403,402,2001
107900301,89,117,-28
107900302,16,5,11
107900303,27,179,-152
107900304,26,310,-284
107900305,49,2,47
107900306,2,4,-2
107900307,10,243,-233
107900308,67,4,63
107900309,1,0,1
107900310,0,0,0
107900311,41,30,11
107900312,0,0,0
107900313,0,27,-27
107900314,2,28,-26
107900315,2,20,-18
107900316,6,0,6
107900317,6,1,5
107900318,2,55,-53
107900319,1,167,-166
107900320,3,138,-135
107900321,8,1,7
107900322,2,141,-139
107900323,2,84,-82
107900324,29,1,28
107900325,20,0,20
107900326,28,290,-262
107900327,1,0,1
107900328,0,0,0
107900329,0,0,0
107900330,1,339,-338
107900331,11,12,-1
107900332,22,9,13
107900333,12,2,10
107900334,2,135,-133
107900335,21,37,-16
107900336,2,20,-18
107900337,754,145,609
107900338,0,82,-82
107900339,0,29,-29
107900340,0,25,-25
107900341,2,0,2
107900342,37,62,-25
107900343,5,0,5
107900344,1,52,-51
107900345,12,16,-4
107900346,4,0,4
107900347,2,0,2
107900348,0,2,-2
107900349,10,1,9
107900350,28,160,-132
107900351,1,176,-175
107900352,0,22,-22
107900353,0,1,-1
107900354,2,59,-57
108000001,889,941,-52
108000002,1370,2281,-911
108000003,875,591,284
108000004,10560,9552,1008
108000005,1319,920,399
108000006,2151,3604,-1453
108000007,1301,1230,71
108000008,2412,3711,-1299
108000009,742,1188,-446
108000010,1099,3458,-2359
108000011,3188,2430,758
108000012,11239,9906,1333
108000014,76,215,-139
108000015,82,120,-38
108000016,114,446,-332
108000017,62,177,-115
108000018,153,148,5
108000019,192,217,-25
108000020,174,117,57
108000021,225,983,-758
108000022,235,873,-638
108000023,262,32,230
108000024,26,366,-340
108000025,32,124,-92
108000026,59,389,-330
108000027,90,513,-423
108000028,44,191,-147
108000029,63,728,-665
108000030,19,91,-72
108000031,37,418,-381
108000032,160,99,61
108000033,227,779,-552
108000034,260,87,173
108000035,410,1628,-1218
108000036,119,1118,-999
108000037,276,93,183
108000038,316,72,244
108000039,119,1564,-1445
108000040,219,136,83
108000041,338,1584,-1246
108000042,18,138,-120
108000043,34,231,-197
108000044,22,71,-49
108000045,45,570,-525
108000046,105,70,35
108000047,104,760,-656
108000048,40,262,-222
108000049,37,64,-27
108000050,79,426,-347
108000051,28,18,10
108000052,158,388,-230
108000053,25,20,5
108000054,215,543,-328
108000055,183,107,76
108000056,643,639,4
108000057,133,222,-89
108000058,529,621,-92
108000059,1714,915,799
108000060,23,193,-170
108000061,135,431,-296
108000062,88,142,-54
108000063,73,463,-390
108000064,35,73,-38
108000065,172,345,-173
108000066,454,196,258
108000067,348,170,178
108000068,101,113,-12
108000069,88,781,-693
108000070,203,137,66
108000071,212,1182,-970
108000072,175,196,-21
108000073,448,1202,-754
108000074,63,84,-21
108000075,134,515,-381
108000076,82,83,-1
108000077,265,607,-342
108000078,438,431,7
108000079,709,1251,-542
108000080,146,206,-60
108000081,160,1881,-1721
108000082,643,935,-292
108000083,484,231,253
108000084,136,663,-527
108000085,77,77,0
108000086,407,406,1
108000087,49,415,-366
108000088,127,19,108
108000089,132,149,-17
108000091,31,354,-323
108000092,4,13,-9
108000093,52,507,-455
108000094,59,26,33
108000095,40,307,-267
108000096,29,30,-1
108000097,31,354,-323
108000098,135,262,-127
108000099,222,90,132
108000100,8,101,-93
108000101,98,190,-92
108000102,315,666,-351
108000106,125,0,125
108000107,1,355,-354
108000108,118,18,100
108000109,5,439,-434
108000110,28,128,-100
108000111,47,452,-405
108000112,9,24,-15
108000113,277,205,72
108000115,236,140,96
108000117,361,116,245
108000118,110,288,-178
108000119,280,323,-43
108000120,17,258,-241
108000121,57,359,-302
108000122,59,108,-49
108000123,66,158,-92
108000124,48,359,-311
108000125,39,199,-160
108000126,32,473,-441
108000127,61,289,-228
108000128,92,588,-496
108000129,71,1088,-1017
108000130,40,226,-186
108000131,170,70,100
108000132,505,577,-72
108000133,174,180,-6
108000134,290,648,-358
108000135,159,118,41
108000136,438,801,-363
108000137,100,310,-210
108000138,101,786,-685
108000139,25,223,-198
108000140,14,13,1
108000141,7,98,-91
108000142,27,91,-64
108000143,27,390,-363
108000144,38,19,19
108000145,13,21,-8
108000146,79,15,64
108000147,7,24,-17
108000148,56,43,13
108000149,22,7,15
108000150,15,0,15
108000151,63,13,50
108000152,40,474,-434
108000153,35,29,6
108000154,21,6,15
108000155,7,16,-9
108000156,383,225,158
108000157,33,167,-134
108000158,31,181,-150
108000159,385,44,341
108000160,2893,296,2597
108000161,2231,391,1840
108000165,5,61,-56
108000172,4,42,-38
108000173,1432,594,838
108000175,35,55,-20
108000178,228,268,-40
108000179,103,153,-50
108000181,16,30,-14
108000182,108,27,81
108000183,20,274,-254
108000184,519,550,-31
108000185,29,512,-483
108000186,33,246,-213
108000187,26,558,-532
108000188,73,93,-20
108000189,715,780,-65
108000190,5,52,-47
108000192,28,465,-437
108000193,301,26,275
108000194,0,5,-5
108000195,3,661,-658
108000196,0,38,-38
108000198,131,293,-162
108000199,0,71,-71
108000200,97,291,-194
108000203,55,745,-690
108000204,42,7,35
108000205,313,377,-64
108000339,575,137,438
108000364,203,184,19
108000365,21,237,-216
108000367,49,114,-65
108000368,6,47,-41
108000369,1474,49,1425
108000371,3,445,-442
108000372,40,0,40
108000373,0,0,0
108000376,51,9,42
108000377,90,245,-155
108000378,3720,2134,1586
108000379,11,68,-57
108000381,6,6,0
108000382,16,0,16
108000383,0,95,-95
108900001,54,687,-633
108900002,60,23,37
108900003,151,522,-371
108900004,1100,140,960
108900007,29,71,-42
108900008,11,76,-65
108900009,9,33,-24
108900010,19,63,-44
108900011,58,225,-167
108900012,47,288,-241
108900013,13,129,-116
108900014,1,38,-37
108900015,0,4,-4
108900016,0,134,-134
108900017,80,77,3
108900018,21,311,-290
108900019,7,753,-746
108900020,9,155,-146
108900021,24,151,-127
108900022,5,1,4
108900023,0,9,-9
108900024,1,112,-111
108900025,5,66,-61
108900026,9,25,-16
108900027,0,74,-74
108900028,19,424,-405
108900029,11,131,-120
108900030,0,74,-74
108900031,12,481,-469
108900032,5,133,-128
108900033,0,26,-26
108900034,2,169,-167
108900035,63,1434,-1371
108900038,1,261,-260
108900039,1,429,-428
108900040,0,50,-50
108900041,3049,597,2452
108900042,0,150,-150
108900043,22,263,-241
108900044,0,551,-551
108900045,10,423,-413
108900046,11,554,-543
108900047,0,58,-58
108900048,19,547,-528
108900049,3093,265,2828
108900050,2,161,-159
108900051,1,145,-144
108900052,4,172,-168
108900053,32,52,-20
108900054,11,116,-105
108900055,26,312,-286
108900056,0,143,-143
108900057,1,134,-133
108900058,6,338,-332
108900059,87,3,84
108900060,51,24,27
108900061,23,18,5
108900062,0,270,-270
108900063,1,250,-249
108900064,21,24,-3
108900065,6,232,-226
108900066,48,44,4
108900067,1,184,-183
108900068,8,173,-165
108900069,4,83,-79
108900070,25,123,-98
108900071,9,12,-3
108900072,1140,69,1071
108900073,1,393,-392
108900074,17,355,-338
108900075,22,58,-36
108900076,36,25,11
108900077,104,428,-324
108900078,5,123,-118
108900079,323,101,222
108900080,11,81,-70
108900081,28,151,-123
108900082,6,74,-68
108900083,2,33,-31
108900085,1309,64,1245
108900086,12,189,-177
108900087,74,70,4
108900088,114,68,46
108900089,3,22,-19
108900090,3,271,-268
108900091,69,45,24
108900092,73,80,-7
108900093,9,7,2
108900094,62,23,39
108900095,25,410,-385
108900096,308,12,296
108900097,68,152,-84
108900098,1583,22,1561
108900099,103,204,-101
108900100,11,39,-28
108900101,31,10,21
108900102,32,147,-115
108900103,17,9,8
108900105,5,119,-114
108900106,38,334,-296
108900108,36,2,34
108900109,41,14,27
108900110,15,270,-255
108900111,22,441,-419
108900113,13,8,5
108900114,4,7,-3
108900115,10,10,0
108900116,1,3,-2
108900117,10,3,7
108900118,53,0,53
108900119,40,9,31
108900120,47,25,22
108900121,14,1,13
108900122,4,3,1
108900123,6,4,2
108900124,55,30,25
108900125,23,0,23
108900126,8,2,6
108900127,26,8,18
108900128,7,1,6
108900129,75,19,56
108900130,14,0,14
108900131,41,0,41
108900132,39,29,10
108900133,56,6,50
108900134,20,118,-98
108900135,21,0,21
108900136,3,0,3
108900137,3,0,3
108900138,74,2,72
108900140,13,102,-89
108900141,16,5,11
108900142,4,1,3
108900143,2,0,2
108900144,1,0,1
108900145,39,0,39
108900146,4,0,4
108900147,33,0,33
108900148,19,7,12
108900150,119,1,118
108900151,3,0,3
108900152,4,3,1
108900153,9,272,-263
108900154,776,77,699
108900156,11,10,1
108900157,4,416,-412
108900158,17,4,13
108900159,7,168,-161
108900160,4,145,-141
108900161,3,267,-264
108900162,28,0,28
108900163,0,36,-36
108900164,8,37,-29
108900168,6589,674,5915
108900169,29,29,0
108900171,2397,426,1971
108900172,38,2,36
108900173,97,163,-66
108900174,72,234,-162
108900176,45,465,-420
108900177,5124,541,4583
108900178,3171,339,2832
108900180,18,54,-36
108900183,60,88,-28
108900184,27,62,-35
108900185,18,142,-124
108900186,3,169,-166
108900189,27,43,-16
108900190,4,1631,-1627
108900192,20,144,-124
108900195,18,167,-149
108900196,5,344,-339
108900199,46,196,-150
108900200,105,136,-31
108900201,40,574,-534
108900203,42,1,41
108900204,42,1,41
108900205,25,4,21
108900206,43,2,41
108900207,45,10,35
108900208,23,177,-154
108900209,80,342,-262
108900210,47,114,-67
108900211,15,79,-64
108900212,225,205,20
108900215,38,350,-312
108900216,175,35,140
108900217,42,0,42
108900218,8,4,4
108900221,14,14,0
108900224,30,29,1
108900225,1,113,-112
108900227,22,25,-3
108900230,194,166,28
108900232,2,204,-202
108900233,36,19,17
108900234,55,18,37
108900235,99,315,-216
108900236,5,188,-183
108900240,8,16,-8
108900241,2,4,-2
108900245,0,119,-119
108900250,25,46,-21
108900258,4,159,-155
108900259,8,28,-20
108900260,3,103,-100
108900261,52,63,-11
108900262,201,53,148
108900263,19,207,-188
108900264,156,123,33
108900265,794,83,711
108900266,539,71,468
108900267,4,16,-12
108900268,0,3,-3
108900269,10,0,10
108900270,2,0,2
108900271,4,0,4
108900272,21,0,21
108900273,450,142,308
108900274,7,18,-11
109000001,1232,324,908
109000002,2836,804,2032
109000003,608,191,417
109000004,270,1911,-1641
109000005,380,312,68
109000006,350,1517,-1167
109000007,287,235,52
109000008,195,1278,-1083
109000009,920,366,554
109000010,713,2625,-1912
109000011,496,529,-33
109000012,646,2810,-2164
109000013,725,517,208
109000014,524,2645,-2121
109000015,962,832,130
109000016,6015,2981,3034
109000017,511,436,75
109000018,433,2321,-1888
109000019,672,415,257
109000020,746,1604,-858
109000023,1,2,-1
109000024,7,60,-53
109000025,224,111,113
109000026,280,138,142
109000027,56,139,-83
109000028,26,55,-29
109000029,119,50,69
109000030,24,234,-210
109000031,0,0,0
109000032,13,289,-276
109000033,12,12,0
109000034,44,13,31
109000035,2,6,-4
109000036,46,221,-175
109000037,47,255,-208
109000038,370,173,197
109000039,169,148,21
109000040,2504,776,1728
109000041,4057,503,3554
109000042,359,396,-37
109000044,20,47,-27
109000045,17,317,-300
109000046,7,31,-24
109000047,20,319,-299
109000048,58,19,39
109000049,95,311,-216
109000050,32,18,14
109000051,158,148,10
109000052,116,1069,-953
109000053,30,29,1
109000054,34,425,-391
109000055,29,74,-45
109000056,77,352,-275
109000057,79,49,30
109000058,394,105,289
109000059,179,621,-442
109000060,79,66,13
109000061,906,189,717
109000062,28,36,-8
109000063,94,177,-83
109000064,13,22,-9
109000065,14,213,-199
109000066,59,27,32
109000067,13,277,-264
109000068,3,2,1
109000069,3,1,2
109000070,7,458,-451
109000071,156,38,118
109000072,33,233,-200
109000073,11,44,-33
109000074,14,170,-156
109000075,14,252,-238
109000076,29,53,-24
109000077,154,171,-17
109000078,15,42,-27
109000079,62,140,-78
109000080,18,73,-55
109000081,13,349,-336
109000082,53,174,-121
109000083,55,458,-403
109000088,27,235,-208
109000089,54,6,48
109000090,107,401,-294
109000091,81,24,57
109000092,178,566,-388
109000093,39,25,14
109000094,38,0,38
109000095,24,591,-567
109000096,110,25,85
109000097,24,80,-56
109000098,6,5,1
109000099,118,108,10
109000100,57,338,-281
109000101,149,362,-213
109000102,93,442,-349
109000103,89,357,-268
109000104,206,257,-51
109000105,140,1021,-881
109000106,254,219,35
109000107,142,1162,-1020
109000108,183,186,-3
109000109,163,1124,-961
109000110,223,162,61
109000111,359,1397,-1038
109000112,84,93,-9
109000113,65,107,-42
109000114,48,204,-156
109000115,310,67,243
109000116,2,103,-101
109000117,36,51,-15
109000118,4,251,-247
109000119,100,176,-76
109000120,42,876,-834
109000121,46,32,14
109000122,25,894,-869
109000123,13,61,-48
109000124,110,192,-82
109000125,105,226,-121
109000126,132,612,-480
109000127,113,107,6
109000128,153,1812,-1659
109000129,238,116,122
109000130,206,1762,-1556
109000131,147,85,62
109000132,324,1080,-756
109000133,90,570,-480
109000134,222,861,-639
109000135,404,699,-295
109000136,65,256,-191
109000137,53,108,-55
109000138,87,286,-199
109000139,101,180,-79
109000140,25,305,-280
109000141,42,214,-172
109000142,39,280,-241
109000143,21,20,1
109000145,34,40,-6
109000146,52,55,-3
109000148,2256,142,2114
109000149,16,21,-5
109000150,49,69,-20
109000155,112,257,-145
109000156,506,514,-8
109000158,9,106,-97
109000159,32,293,-261
109000160,145,132,13
109000161,62,771,-709
109000162,505,662,-157
109000163,164,795,-631
109000164,351,1401,-1050
109000165,261,356,-95
109000166,118,96,22
109000167,64,523,-459
109000170,20,31,-11
109000171,33,23,10
109000172,15,14,1
109000173,29,26,3
109000174,13,53,-40
109000175,6,52,-46
109000176,45,281,-236
109000177,5,46,-41
109000178,166,196,-30
109000179,4066,693,3373
109000180,2620,1282,1338
109000181,4,40,-36
109000182,8,36,-28
109000183,11,29,-18
109000184,4,11,-7
109000185,6,51,-45
109000188,65,1583,-1518
109000189,248,424,-176
109000190,122,318,-196
109000191,63,207,-144
109000192,50,107,-57
109000193,51,327,-276
109000194,51,61,-10
109000195,20,300,-280
109000196,32,52,-20
109000197,43,335,-292
109000198,22,36,-14
109000199,61,304,-243
109000206,36,27,9
109000207,41,12,29
109000208,61,25,36
109000209,43,48,-5
109000210,107,237,-130
109000211,40,138,-98
109000214,96,434,-338
109000215,7,9,-2
109000216,37,37,0
109000217,64,21,43
109000218,29,27,2
109000221,31,676,-645
109000222,91,6,85
109000223,125,158,-33
109000224,18,210,-192
109000225,20,33,-13
109000226,14,231,-217
109000227,177,849,-672
109000228,0,168,-168
109000231,1,370,-369
109000232,40,351,-311
109000236,40,552,-512
109000241,385,890,-505
109000242,221,524,-303
109000293,1,6,-5
109000361,30,108,-78
109000364,52,363,-311
109000396,4,699,-695
109000397,66,1,65
109000399,67,321,-254
109000400,28,358,-330
109000403,15,72,-57
109000406,0,2,-2
109000407,34,121,-87
109000408,2,332,-330
109000410,289,96,193
109000411,9,9,0
109900001,9,1,8
109900002,62,3,59
109900003,31,0,31
109900004,208,97,111
109900005,1,0,1
109900006,29,168,-139
109900007,73,675,-602
109900008,0,16,-16
109900009,43,695,-652
109900010,81,9,72
109900011,16,6,10
109900012,25,42,-17
109900013,65,29,36
109900014,42,14,28
109900015,49,30,19
109900016,30,39,-9
109900017,13,22,-9
109900018,45,98,-53
109900019,12,58,-46
109900020,1,12,-11
109900021,6,1,5
109900022,19,202,-183
109900023,5,0,5
109900024,5,0,5
109900025,4,46,-42
109900026,4,94,-90
109900027,15,5,10
109900028,1609,138,1471
109900029,1,351,-350
109900030,5,0,5
109900031,0,20,-20
109900032,2,182,-180
109900033,1,196,-195
109900034,6,0,6
109900035,3,11,-8
109900036,5,64,-59
109900037,4,287,-283
109900038,2,128,-126
109900039,0,0,0
109900040,20,431,-411
109900041,25,305,-280
109900042,6,294,-288
109900044,9,155,-146
109900045,6,10,-4
109900046,20,28,-8
109900047,169,116,53
109900048,44,50,-6
109900049,2,7,-5
109900050,2,205,-203
109900051,0,26,-26
109900052,10,172,-162
109900053,0,321,-321
109900054,70,33,37
109900055,10,131,-121
109900056,3,35,-32
109900057,2,123,-121
109900058,1,78,-77
109900059,64,25,39
109900060,71,77,-6
109900061,43,277,-234
109900062,0,151,-151
109900063,1,159,-158
109900064,38,91,-53
109900065,47,73,-26
109900066,78,568,-490
109900067,1,273,-272
109900068,9,1,8
109900069,0,10,-10
109900070,18,127,-109
109900071,1,3,-2
109900072,3,87,-84
109900073,15,388,-373
109900074,3,35,-32
109900075,2,7,-5
109900076,4,422,-418
109900077,13,53,-40
109900078,23,133,-110
109900080,28,222,-194
109900081,3,39,-36
109900082,8,346,-338
109900083,1,23,-22
109900084,13,68,-55
109900085,33,704,-671
109900086,13,44,-31
109900087,38,146,-108
109900089,51,21,30
109900090,236,589,-353
109900091,25,17,8
109900092,82,2,80
109900093,103,32,71
109900094,6,42,-36
109900095,17,62,-45
109900096,0,0,0
109900097,2,0,2
109900098,34,4,30
109900099,9,0,9
109900100,3,0,3
109900101,25,0,25
109900102,82,8,74
109900103,1,10,-9
109900104,52,809,-757
109900105,58,18,40
109900106,35,47,-12
109900107,45,26,19
109900108,28,453,-425
109900109,10,103,-93
109900110,12,309,-297
109900111,79,620,-541
109900112,88,632,-544
109900113,95,100,-5
109900114,159,24,135
109900115,10,11,-1
109900117,104,57,47
109900118,55,181,-126
109900119,267,144,123
109900120,9,2,7
109900121,90,46,44
109900122,29,0,29
109900123,2,96,-94
109900124,14,557,-543
109900125,0,152,-152
109900126,17,119,-102
109900128,19,27,-8
109900130,6557,268,6289
109900131,25,46,-21
109900132,20,62,-42
109900133,7,241,-234
109900134,7,2,5
109900135,135,13,122
109900136,17,53,-36
109900137,2,243,-241
109900140,46,227,-181
109900142,101,102,-1
109900145,0,34,-34
109900146,93,10,83
109900148,14,24,-10
109900149,22,22,0
109900150,1,26,-25
109900151,0,24,-24
109900152,0,7,-7
109900153,0,18,-18
109900154,3,0,3
109900155,6,1,5
109900157,17,133,-116
109900158,26,57,-31
109900159,47,13,34
109900160,20,17,3
109900161,23,12,11
109900162,25,22,3
109900163,352,95,257
109900164,7,179,-172
109900165,21,3,18
109900166,1,81,-80
109900167,21,365,-344
109900168,23,375,-352
109900169,17,65,-48
109900170,125,83,42
109900171,35,30,5
109900172,18,52,-34
109900173,2101,342,1759
109900174,9,58,-49
109900175,8,37,-29
109900176,54,115,-61
109900177,5,181,-176
109900178,0,76,-76
109900179,0,9,-9
109900180,0,2,-2
110000001,250,280,-30
110000002,257,216,41
110000003,468,360,108
110000004,265,175,90
110000005,668,505,163
110000006,299,230,69
110000007,36,82,-46
110000008,2,19,-17
110000009,12,34,-22
110000010,4,46,-42
110000011,4,54,-50
110000012,396,246,150
110000013,12,109,-97
110000014,464,208,256
110000015,255,216,39
110000016,156,331,-175
110000017,2335,171,2164
110000018,2249,280,1969
110000019,9,105,-96
110000020,293,115,178
110000021,182,158,24
110000022,182,39,143
110000023,0,126,-126
110000024,299,259,40
110000025,21,1,20
110000026,1,417,-416
110000027,245,76,169
110000028,272,336,-64
110000029,214,583,-369
110000030,86,141,-55
110000031,70,280,-210
110000032,250,195,55
110000033,54,30,24
110000034,126,372,-246
110000035,95,682,-587
110000036,174,377,-203
110000037,44,501,-457
110000038,99,284,-185
110000039,118,307,-189
110000040,164,317,-153
110000041,21,75,-54
110000042,52,190,-138
110000043,51,5,46
110000044,17,51,-34
110000045,29,3,26
110000046,0,1,-1
110000047,0,2,-2
110000048,3,4,-1
110000049,0,0,0
110000050,4,1,3
110000051,1,0,1
110000052,12,21,-9
110000053,4,0,4
110000054,39,76,-37
110000055,66,10,56
110000056,6,15,-9
110000057,90,518,-428
110000058,202,315,-113
110000059,295,333,-38
110000060,158,282,-124
110000061,597,554,43
110000062,320,291,29
110000063,6,40,-34
110000064,36,89,-53
110000065,12,24,-12
110000066,15,46,-31
110000067,39,194,-155
110000068,38,311,-273
110000069,31,40,-9
110000071,14,76,-62
110000073,7,12,-5
110000075,3,84,-81
110000076,127,68,59
110000077,223,114,109
110000078,0,23,-23
110000080,111,276,-165
110000081,7,102,-95
110000082,8,113,-105
110000083,95,298,-203
110000084,170,191,-21
110000085,2079,655,1424
110000086,474,308,166
110000087,2,22,-20
110000088,15,115,-100
110000089,14,90,-76
110000090,10,146,-136
110000091,1080,154,926
110000092,10,62,-52
110000093,16,3,13
110000094,183,121,62
110000095,18,183,-165
110000096,2384,803,1581
110000097,467,362,105
110000098,413,194,219
110000099,409,792,-383
110000100,63,516,-453
110000101,4,352,-348
110000102,23,16,7
110000104,23,29,-6
110000105,17,185,-168
110000106,102,67,35
110000107,212,247,-35
110000108,29,10,19
110000109,112,167,-55
110000110,2352,1032,1320
110000111,5497,842,4655
110000112,622,137,485
110000113,315,296,19
110000114,49,148,-99
110000115,70,97,-27
110000116,15,14,1
110000117,33,407,-374
110000118,119,150,-31
110000119,62,246,-184
110000120,131,129,2
110000121,40,171,-131
110000122,130,285,-155
110000123,166,185,-19
110000124,3,470,-467
110000125,320,2,318
110000126,88,9,79
110000127,165,9,156
110000128,17,912,-895
110000129,6,438,-432
110000130,33,33,0
110000131,60,320,-260
110000132,3,423,-420
110000133,28,114,-86
110000134,10,126,-116
110000135,49,7,42
110000136,20,154,-134
110000137,71,355,-284
110000138,103,581,-478
110000139,182,751,-569
110000140,355,113,242
110000143,242,155,87
110000144,1453,402,1051
110000145,464,231,233
110000146,583,224,359
110000147,43,318,-275
110000148,44,71,-27
110000151,363,250,113
110000152,296,122,174
110000153,9,46,-37
110000154,1,5,-4
110000155,469,811,-342
110000156,319,528,-209
110000157,582,695,-113
110000160,164,265,-101
110000161,71,273,-202
110000166,29,63,-34
110000167,165,201,-36
110000168,182,91,91
110000169,70,125,-55
110000170,17,28,-11
110000171,154,81,73
110000172,47,413,-366
110000173,460,632,-172
110000174,25,875,-850
110000175,54,23,31
110000176,9,73,-64
110000177,68,273,-205
110000178,426,219,207
110000179,696,170,526
110000180,31,197,-166
110000181,114,195,-81
110000182,168,145,23
110000183,6216,1805,4411
110000184,212,668,-456
110000185,332,331,1
110000186,407,259,148
110000191,108,342,-234
110000192,33,0,33
110000193,83,2,81
110000194,3,765,-762
110000195,65,201,-136
110000196,80,330,-250
110000197,3,91,-88
110000198,33,52,-19
110000199,15,59,-44
110000200,659,488,171
110000201,158,198,-40
110000202,246,163,83
110000203,266,636,-370
110000204,3,231,-228
110000205,16,45,-29
110000206,206,1036,-830
110000207,122,143,-21
110000208,35,84,-49
110000209,50,463,-413
110000210,0,0,0
110000211,0,0,0
110000212,58,446,-388
110000213,18,20,-2
110000214,28,36,-8
110000215,21,481,-460
110000216,17,406,-389
110000217,86,101,-15
110000218,38,337,-299
110000219,79,20,59
110000220,17,273,-256
110000221,54,17,37
110000222,12,239,-227
110000223,3,16,-13
110000224,39,3,36
110000225,53,268,-215
110000226,5,2,3
110000227,164,163,1
110000228,22,17,5
110000229,0,174,-174
110000230,126,427,-301
110000231,52,67,-15
110000232,53,121,-68
110000233,20,125,-105
110000234,197,111,86
110000235,404,370,34
110000236,121,701,-580
110000237,439,605,-166
110000238,204,605,-401
110000239,434,721,-287
110000240,2,48,-46
110000242,0,32,-32
110000243,22,131,-109
110000244,42,223,-181
110000245,20,298,-278
110000246,156,380,-224
110000247,637,1929,-1292
110000248,705,719,-14
110000249,31,3,28
110000250,5,166,-161
110000251,25,274,-249
110000252,48,210,-162
110000253,295,201,94
110000254,286,729,-443
110000255,64,704,-640
110000256,124,44,80
110000257,94,220,-126
110000258,3,284,-281
110000259,33,10,23
110000260,15,304,-289
110000263,225,88,137
110000264,65,355,-290
110000265,428,500,-72
110000266,571,727,-156
110000267,2,126,-124
110000268,67,259,-192
110000269,3,61,-58
110000270,20,2,18
110000271,614,89,525
110000272,298,497,-199
110000273,643,692,-49
110000274,93,338,-245
110000275,1867,242,1625
110000276,54,126,-72
110000277,27,176,-149
110000278,115,466,-351
110000279,82,254,-172
110000280,62,227,-165
110000281,3,88,-85
110000282,17,47,-30
110000283,7,18,-11
110000284,6,11,-5
110000285,0,68,-68
110000286,0,0,0
110000287,5,0,5
110000288,0,32,-32
110000289,167,451,-284
110000290,825,319,506
110000291,3420,575,2845
110000292,812,927,-115
110000293,113,519,-406
110000294,208,318,-110
110000295,28,507,-479
110000296,46,177,-131
110000297,1002,223,779
110000298,217,288,-71
110000299,195,8,187
110000301,45,4,41
110000302,82,898,-816
110000303,37,0,37
110000304,30,175,-145
110000305,96,4,92
110000306,53,1671,-1618
110000307,233,0,233
110000308,44,3,41
110000309,2,1055,-1053
110000310,116,29,87
110000311,5,659,-654
110000312,189,23,166
110000313,1043,955,88
110000314,1,124,-123
110000315,1188,865,323
110000316,252,602,-350
110000317,199,289,-90
110000318,1,49,-48
110000319,3,10,-7
110000320,5,56,-51
110000321,9,14,-5
110000322,47,369,-322
110000323,84,224,-140
110000324,3438,625,2813
110000325,232,568,-336
110000327,48,44,4
110000328,53,338,-285
110000333,80,81,-1
110000334,122,939,-817
110000335,167,263,-96
110000336,130,983,-853
110000337,113,231,-118
110000338,54,185,-131
110000339,35,118,-83
110000340,8,137,-129
110000341,88,353,-265
110000342,36,5,31
110000343,0,12,-12
110000344,8,114,-106
110000345,14,40,-26
110000346,1145,612,533
110000347,490,290,200
110000348,2,29,-27
110000349,4,3,1
110000350,8,1,7
110000351,126,402,-276
110000352,134,915,-781
110000353,1476,334,1142
110000354,355,919,-564
110000355,22,33,-11
110000356,0,0,0
110000357,101,7,94
110000361,3,59,-56
110000362,9,35,-26
110000363,111,79,32
110000364,19,179,-160
110000365,33,0,33
110000366,0,52,-52
110000367,75,109,-34
110000368,2,39,-37
110000369,5,0,5
110000373,3,212,-209
110000374,18,1,17
110000375,40,403,-363
110000376,27,98,-71
110000377,0,0,0
110000378,15,181,-166
110000379,1778,541,1237
110000380,12,1,11
110000383,1,212,-211
110000384,325,53,272
110000385,0,107,-107
110000387,0,9,-9
110000388,14,174,-160
110000389,59,3,56
110000391,5,246,-241
110000396,13,60,-47
110000397,12,122,-110
110000398,7,7,0
110000399,3,0,3
110000587,17,20,-3
110000589,38,87,-49
110000640,81,88,-7
110000652,4,31,-27
110000653,58,336,-278
110000654,4,16,-12
110000656,0,355,-355
110000674,6,0,6
110000675,1,2,-1
110000676,0,10,-10
110000679,537,209,328
110000682,25,27,-2
110000683,228,207,21
110000684,0,38,-38
110000685,8,3,5
110000686,2,12,-10
110000687,1,0,1
110000688,17,156,-139
110000689,15,24,-9
110000692,37,152,-115
110000693,17,81,-64
110000694,0,89,-89
110000695,60,494,-434
110000696,80,95,-15
110900001,33,5,28
110900002,5,185,-180
110900003,45,645,-600
110900004,40,220,-180
110900005,2463,301,2162
110900006,11,0,11
110900007,9,2,7
110900008,2,35,-33
110900009,46,10,36
110900010,2,37,-35
110900011,4,51,-47
110900012,2,81,-79
110900013,163,53,110
110900014,15,4,11
110900015,301,88,213
110900016,0,121,-121
110900017,54,21,33
110900018,44,5,39
110900019,18,2,16
110900020,5,311,-306
110900021,15,381,-366
110900022,28,262,-234
110900023,32,342,-310
110900024,23,337,-314
110900025,2,30,-28
110900027,10,157,-147
110900028,19,141,-122
110900029,15,318,-303
110900030,9,216,-207
110900031,2,116,-114
110900032,0,54,-54
110900033,9,196,-187
110900035,7,172,-165
110900036,24,15,9
110900037,8,13,-5
110900038,773,129,644
110900039,2,115,-113
110900040,67,14,53
110900041,4,100,-96
110900042,29,34,-5
110900043,0,127,-127
110900044,196,15,181
110900045,13,385,-372
110900046,103,200,-97
110900047,480,23,457
110900049,6,17,-11
110900050,4,0,4
110900051,19,78,-59
110900052,0,147,-147
110900053,9,47,-38
110900054,1,197,-196
110900055,3,0,3
110900056,25,72,-47
110900057,2,187,-185
110900058,29,248,-219
110900059,220,540,-320
110900060,84,28,56
110900061,11,17,-6
110900062,8,239,-231
110900063,9,59,-50
110900064,3,0,3
110900065,223,50,173
110900066,0,20,-20
110900067,457,227,230
110900068,114,139,-25
110900069,0,10,-10
110900070,47,29,18
110900071,164,60,104
110900073,0,12,-12
110900074,59,27,32
110900075,38,21,17
110900077,60,153,-93
110900078,0,94,-94
110900079,1214,186,1028
110900080,7,20,-13
110900081,0,108,-108
110900082,3,89,-86
110900083,29,6,23
110900084,4,141,-137
110900085,13,208,-195
110900086,23,30,-7
110900087,45,44,1
110900088,0,0,0
110900090,5,1,4
110900091,0,39,-39
110900093,61,27,34
110900095,2,47,-45
110900097,5,10,-5
110900098,7,44,-37
110900099,44,326,-282
110900100,0,12,-12
110900102,4,12,-8
110900105,364,207,157
110900108,0,52,-52
110900111,100,37,63
110900112,135,3,132
110900113,328,10,318
110900115,1,55,-54
110900116,48,1648,-1600
110900118,67,281,-214
110900119,3635,122,3513
110900120,1,64,-63
110900121,10,0,10
110900122,51,60,-9
110900125,55,84,-29
110900127,205,245,-40
110900128,163,112,51
110900129,89,56,33
110900130,421,99,322
110900131,15,18,-3
110900132,54,14,40
110900133,13,175,-162
110900135,19,269,-250
110900136,54,0,54
110900139,6,0,6
110900140,0,0,0
110900141,72,84,-12
110900142,16,153,-137
110900143,18,6,12
110900144,0,392,-392
110900145,21,3,18
110900146,150,20,130
110900147,107,120,-13
110900148,0,161,-161
110900149,0,35,-35
110900150,3,9,-6
110900151,1,27,-26
110900152,5,332,-327
110900153,15,8,7
111000001,161,194,-33
111000002,343,521,-178
111000003,146,109,37
111000004,217,724,-507
111000005,224,232,-8
111000006,449,688,-239
111000007,1154,547,607
111000008,1990,1533,457
111000009,191,633,-442
111000010,203,62,141
111000011,617,633,-16
111000012,305,143,162
111000013,125,746,-621
111000014,363,209,154
111000017,56,212,-156
111000018,97,222,-125
111000020,1416,1123,293
111000021,36,21,15
111000023,45,36,9
111000025,4171,793,3378
111000029,37,62,-25
111000030,16,40,-24
111000031,860,180,680
111000032,250,98,152
111000033,126,36,90
111000034,152,106,46
111000037,1732,626,1106
111000038,1029,1072,-43
111000039,445,1281,-836
111000040,488,1325,-837
111000041,590,607,-17
111000042,3609,1296,2313
111000043,325,211,114
111000044,171,61,110
111000045,355,397,-42
111000046,188,359,-171
111000047,403,534,-131
111000049,83,303,-220
111000050,1019,1095,-76
111000051,156,744,-588
111000052,242,707,-465
111000053,121,564,-443
111000054,149,677,-528
111000055,592,1270,-678
111000056,51,461,-410
111000057,25,622,-597
111000058,9,76,-67
111000059,43,111,-68
111000060,209,120,89
111000061,127,152,-25
111000062,100,120,-20
111000063,370,346,24
111000064,87,220,-133
111000065,192,316,-124
111000066,39,87,-48
111000067,100,365,-265
111000068,80,328,-248
111000069,833,1008,-175
111000070,1467,739,728
111000071,139,383,-244
111000072,43,21,22
111000073,6,48,-42
111000074,230,191,39
111000075,104,117,-13
111000076,45,179,-134
111000077,344,449,-105
111000078,639,593,46
111000079,619,315,304
111000080,128,322,-194
111000081,1309,985,324
111000082,271,355,-84
111000084,188,236,-48
111000085,300,745,-445
111000086,912,606,306
111000087,353,406,-53
111000088,1845,523,1322
111000089,199,439,-240
111000090,694,730,-36
111000091,223,503,-280
111000092,369,855,-486
111000093,143,428,-285
111000094,388,451,-63
111000095,138,779,-641
111000096,1559,2741,-1182
111000097,3788,581,3207
111000098,129,828,-699
111000099,136,1584,-1448
111000100,94,1528,-1434
111000101,173,536,-363
111000102,27,564,-537
111000104,27,51,-24
111000107,21,505,-484
111000109,22,38,-16
111000110,254,116,138
111000111,221,115,106
111000112,218,76,142
111000113,146,98,48
111000114,384,282,102
111000115,4480,370,4110
111000116,382,325,57
111000117,211,380,-169
111000118,586,467,119
111000119,302,827,-525
111000120,135,255,-120
111000121,57,176,-119
111000122,191,541,-350
111000123,249,2011,-1762
111000124,161,2209,-2048
111000125,33,1565,-1532
111000126,25,737,-712
111000127,39,15,24
111000128,64,25,39
111000129,205,29,176
111000130,138,205,-67
111000131,175,183,-8
111000132,69,53,16
111000133,47,46,1
111000134,41,52,-11
111000135,5,59,-54
111000136,29,78,-49
111000138,1,4,-3
111000140,0,3,-3
111000141,19,164,-145
111000142,4,105,-101
111000143,2,72,-70
111000144,0,89,-89
111000145,0,0,0
111000146,0,0,0
111000147,0,0,0
111000148,18,26,-8
111000149,3,24,-21
111000150,1,4,-3
111000151,0,10,-10
111000153,248,194,54
111000154,253,99,154
111000155,18,90,-72
111000156,103,42,61
111000157,47,67,-20
111000158,198,138,60
111000159,942,211,731
111000160,72,242,-170
111000161,1,106,-105
111000162,4,92,-88
111000163,138,450,-312
111000164,484,913,-429
111000165,524,233,291
111000166,411,119,292
111000167,107,296,-189
111000168,71,162,-91
111000169,87,169,-82
111000170,163,152,11
111000171,224,519,-295
111000172,37,403,-366
111000173,107,823,-716
111000174,38,335,-297
111000175,13,159,-146
111000176,41,153,-112
111000177,47,203,-156
111000178,123,251,-128
111000179,19,138,-119
111000180,53,175,-122
111000181,98,165,-67
111000182,20,56,-36
111000183,36,56,-20
111000184,56,75,-19
111000185,102,295,-193
111000186,59,211,-152
111000187,31,181,-150
111000188,28,252,-224
111000189,938,388,550
111000190,110,330,-220
111000191,58,328,-270
111000192,74,502,-428
111000193,277,245,32
111000194,16,276,-260
111000195,28,273,-245
111000196,9,264,-255
111000197,65,71,-6
111000198,40,23,17
111000199,8,44,-36
111000200,23,97,-74
111000201,104,71,33
111000202,43,61,-18
111000203,49,56,-7
111000204,92,107,-15
111000213,64,175,-111
111000214,430,934,-504
111000215,411,790,-379
111000217,318,408,-90
111000218,243,409,-166
111000219,159,139,20
111000220,1446,259,1187
111000221,280,44,236
111000224,65,240,-175
111000225,50,83,-33
111000226,3,1,2
111000227,4,0,4
111000228,1,113,-112
111000229,21,149,-128
111000230,48,271,-223
111000231,88,777,-689
111000232,88,540,-452
111000233,109,477,-368
111000234,15,90,-75
111000239,97,100,-3
111000240,7,5,2
111000241,2,310,-308
111000242,6,3,3
111000243,21,617,-596
111000244,4,8,-4
111000245,130,358,-228
111000246,31,363,-332
111000247,55,906,-851
111000248,77,191,-114
111000249,215,634,-419
111000250,13,77,-64
111000251,4,85,-81
111000253,0,0,0
111000255,0,0,0
111000257,0,0,0
111000260,12,814,-802
111000261,125,11,114
111000271,8,223,-215
111000273,3542,538,3004
111000274,476,691,-215
111000275,25,16,9
111000276,101,1474,-1373
111000277,94,262,-168
111000278,190,92,98
111000291,128,567,-439
111000298,132,200,-68
111000299,67,10,57
111000300,27,335,-308
111000302,56,55,1
111000303,29,140,-111
111000312,8,36,-28
111000315,11,95,-84
111000320,86,289,-203
111000321,67,12,55
111000322,31,288,-257
111000323,13,8,5
111000324,88,110,-22
111000325,3,49,-46
111000326,21,237,-216
111000327,110,259,-149
111000328,66,171,-105
111000329,2,15,-13
111000330,10,2,8
111000331,3,1,2
111000332,161,479,-318
111000334,175,1091,-916
111000335,78,68,10
111000337,124,258,-134
111000338,3,105,-102
111000339,58,549,-491
111000340,40,512,-472
111000341,286,68,218
111000342,12,115,-103
111000344,281,293,-12
111000345,12,6,6
111000346,5,68,-63
111000347,18,1,17
111000350,76,28,48
111000351,32,152,-120
111000352,46,13,33
111000353,16,166,-150
111000354,53,36,17
111000355,60,389,-329
111000358,29,1189,-1160
111000360,18,700,-682
111000361,19,336,-317
111000546,65,428,-363
111000547,35,292,-257
111000548,53,77,-24
111000549,38,176,-138
111000550,53,122,-69
111000551,225,33,192
111000552,87,10,77
111000907,51,6,45
111000908,0,0,0
111000916,171,109,62
111000917,10,219,-209
111000918,16,657,-641
111000920,66,0,66
111000921,2,291,-289
111000922,61,262,-201
111000924,10,713,-703
111000925,399,718,-319
111000926,393,1833,-1440
111000927,1631,1073,558
111000928,4952,2321,2631
111000929,204,370,-166
111000930,278,1534,-1256
111000931,545,578,-33
111000932,2000,1364,636
111000933,1120,530,590
111000934,1271,1613,-342
111000935,243,425,-182
111000936,316,1387,-1071
111000937,377,434,-57
111000938,829,1670,-841
111000939,4,1,3
111000940,70,195,-125
111000941,48,224,-176
111000943,57,115,-58
111000944,35,295,-260
111000945,3,1361,-1358
111001109,36,29,7
111001110,92,440,-348
111001111,5,6,-1
111001112,13,0,13
111001113,26,84,-58
111001114,200,31,169
111001115,59,168,-109
111001116,1924,189,1735
111001117,663,294,369
111001120,70,174,-104
111001121,109,224,-115
111001122,100,547,-447
111001123,9,23,-14
111001124,13,375,-362
111001125,0,9,-9
111001126,1,1,0
111001127,0,0,0
111900001,0,149,-149
111900002,2,388,-386
111900003,2,189,-187
111900004,6,67,-61
111900006,1,1,0
111900007,7,0,7
111900008,3,1,2
111900009,10,1,9
111900010,104,331,-227
111900012,67,46,21
111900013,3,35,-32
111900014,5096,469,4627
111900015,0,24,-24
111900016,0,130,-130
111900017,1,91,-90
111900018,12,0,12
111900019,0,23,-23
111900020,3,15,-12
111900021,47,22,25
111900022,6,33,-27
111900023,73,21,52
111900024,1,84,-83
111900025,1,18,-17
111900026,0,47,-47
111900027,0,94,-94
111900028,0,372,-372
111900029,2,71,-69
111900030,24,156,-132
111900031,1,20,-19
111900032,3,320,-317
111900033,2,49,-47
111900034,37,242,-205
111900035,3,75,-72
111900036,1,277,-276
111900038,122,231,-109
111900039,19,148,-129
111900040,1,584,-583
111900042,16,25,-9
111900043,1,376,-375
111900044,59,79,-20
111900046,41,182,-141
111900048,14,658,-644
111900049,12,253,-241
111900050,7,1,6
111900051,4,189,-185
111900052,196,421,-225
111900053,715,107,608
111900054,11,0,11
111900055,19,490,-471
111900056,73,41,32
111900057,25,12,13
111900058,29,573,-544
111900059,881,65,816
111900060,35,2,33
111900061,3,184,-181
111900062,0,17,-17
111900063,6,137,-131
111900064,82,168,-86
111900065,1,3,-2
111900066,5,37,-32
111900067,0,146,-146
111900068,17,4,13
111900069,11,3,8
111900070,7,53,-46
111900071,1,109,-108
111900072,11,2,9
111900073,51,9,42
111900074,2,73,-71
111900075,25,3,22
111900076,2,2,0
111900077,4,1,3
111900078,10,3,7
111900079,5,3,2
111900080,68,12,56
111900082,9,4,5
111900083,5,2,3
111900084,2,1,1
111900085,5,6,-1
111900086,1,0,1
111900087,6,1,5
111900088,47,2,45
111900089,4,0,4
111900090,43,4,39
111900091,6,1,5
111900092,3,0,3
111900093,22,1,21
111900094,7,0,7
111900095,26,3,23
111900096,8,3,5
111900097,7,0,7
111900098,13,0,13
111900099,1,0,1
111900100,9,0,9
111900101,11,1,10
111900102,29,434,-405
111900103,11,3,8
111900104,4,29,-25
111900105,39,27,12
111900106,744,9,735
111900110,2244,63,2181
111900111,4,106,-102
111900112,355,175,180
111900113,135,25,110
111900118,13,6,7
111900119,52,16,36
111900122,23,1,22
111900123,0,4,-4
111900124,12,69,-57
111900125,36,0,36
111900126,11,0,11
111900127,1,382,-381
111900128,0,327,-327
111900129,32,12,20
111900130,25,2,23
111900131,22,2,20
111900132,26,579,-553
111900133,0,110,-110
111900134,15,186,-171
111900135,2,2,0
111900136,22,29,-7
111900137,28,29,-1
111900138,2,33,-31
111900139,21,93,-72
111900140,7,17,-10
111900141,4,7,-3
111900142,28,10,18
111900143,2,223,-221
111900144,0,110,-110
111900145,3,497,-494
111900146,0,296,-296
111900147,78,417,-339
111900148,17,578,-561
111900149,3,332,-329
111900150,7,133,-126
111900151,1,18,-17
111900152,41,11,30
111900153,822,35,787
111900154,11,29,-18
111900155,4,11,-7
111900156,0,2,-2
111900157,7,3,4
111900158,26,4,22
111900159,22,0,22
111900160,16,0,16
111900161,17,0,17
111900162,51,26,25
111900163,16,66,-50
111900164,17,6,11
111901113,17,149,-132
111901114,21,168,-147
111901115,6,0,6
111901116,3,1,2
111901117,1,3,-2
111901118,37,7,30
111901119,674,44,630
111901121,84,161,-77
111901122,2,398,-396
111901123,23,274,-251
111901124,34,0,34
111901125,33,25,8
111901127,392,70,322
111901128,6,35,-29
111901129,3,73,-70
111901130,1,148,-147
111901131,0,167,-167
111901132,3,2,1
111901133,0,0,0
111901134,2,0,2
111901135,1,1,0
111901136,0,0,0
111901138,21,33,-12
111901139,11,30,-19
111901140,0,65,-65
111901141,1,107,-106
111901142,10,64,-54
111901143,1,55,-54
111901144,9,7,2
111901145,16,42,-26
111901146,33,0,33
111901147,913,11,902
111901148,5,2,3
111901149,0,0,0
111901150,0,0,0
112000001,322,286,36
112000002,304,1350,-1046
112000003,206,290,-84
112000004,207,915,-708
112000005,486,479,7
112000006,642,1137,-495
112000007,436,455,-19
112000008,798,1492,-694
112000009,1888,1902,-14
112000010,695,1039,-344
112000011,942,1635,-693
112000012,2376,600,1776
112000013,3743,2059,1684
112000014,855,250,605
112000015,1349,1098,251
112000016,968,412,556
112000017,461,606,-145
112000024,1038,293,745
112000026,2581,3203,-622
112000027,119,121,-2
112000028,980,1154,-174
112000029,91,188,-97
112000030,175,52,123
112000031,847,825,22
112000032,506,26,480
112000033,1212,340,872
112000034,220,13,207
112000035,46,135,-89
112000036,188,153,35
112000037,239,569,-330
112000038,241,337,-96
112000039,8,58,-50
112000040,55,211,-156
112000041,160,289,-129
112000042,337,149,188
112000050,92,270,-178
112000051,132,245,-113
112000054,1057,1459,-402
112000057,281,163,118
112000058,208,238,-30
112000059,350,172,178
112000061,4034,839,3195
112000062,2248,252,1996
112000063,953,277,676
112000064,3661,3738,-77
112000065,1526,1727,-201
112000066,793,322,471
112000067,336,413,-77
112000068,366,348,18
112000069,218,1523,-1305
112000070,336,173,163
112000071,312,2171,-1859
112000072,190,360,-170
112000073,369,1040,-671
112000074,121,301,-180
112000075,218,318,-100
112000076,1407,1650,-243
112000077,147,434,-287
112000078,289,368,-79
112000079,386,872,-486
112000080,123,494,-371
112000081,586,1023,-437
112000082,269,189,80
112000083,223,959,-736
112000084,293,157,136
112000085,244,857,-613
112000086,311,570,-259
112000087,57,425,-368
112000088,69,342,-273
112000089,54,188,-134
112000090,45,200,-155
112000091,220,843,-623
112000092,313,321,-8
112000093,619,841,-222
112000094,130,323,-193
112000095,208,474,-266
112000096,99,292,-193
112000097,137,182,-45
112000098,251,1030,-779
112000099,149,123,26
112000100,182,271,-89
112000101,99,613,-514
112000102,164,214,-50
112000103,67,962,-895
112000105,225,1444,-1219
112000106,181,212,-31
112000107,11,31,-20
112000108,96,1038,-942
112000109,29,25,4
112000110,291,155,136
112000111,600,3334,-2734
112000112,792,140,652
112000113,616,1814,-1198
112000114,476,271,205
112000115,45,361,-316
112000116,38,597,-559
112000117,76,250,-174
112000118,304,599,-295
112000119,115,603,-488
112000120,22,212,-190
112000121,19,368,-349
112000122,43,38,5
112000123,29,40,-11
112000124,19,26,-7
112000125,9,32,-23
112000126,16,489,-473
112000127,1087,308,779
112000128,652,256,396
112000129,10,69,-59
112000130,26,14,12
112000131,4,222,-218
112000132,31,169,-138
112000133,65,95,-30
112000134,121,264,-143
112000135,134,232,-98
112000136,286,866,-580
112000137,229,440,-211
112000138,417,959,-542
112000139,249,109,140
112000140,318,621,-303
112000141,128,99,29
112000142,62,595,-533
112000143,214,142,72
112000144,90,1251,-1161
112000145,445,366,79
112000146,301,1531,-1230
112000147,415,531,-116
112000148,616,1354,-738
112000149,40,244,-204
112000150,23,355,-332
112000151,103,215,-112
112000152,54,135,-81
112000153,84,85,-1
112000154,26,37,-11
112000155,77,45,32
112000157,167,144,23
112000158,65,292,-227
112000159,82,154,-72
112000167,78,10,68
112000169,130,208,-78
112000173,132,155,-23
112000175,35,213,-178
112000176,2881,1055,1826
112000177,74,22,52
112000178,32,257,-225
112000179,32,102,-70
112000180,101,115,-14
112000181,291,979,-688
112000182,116,1182,-1066
112000183,16,57,-41
112000184,55,136,-81
112000185,65,337,-272
112000187,888,1169,-281
112000195,35,1,34
112000196,13,0,13
112000197,7,32,-25
112000198,16,261,-245
112000199,268,634,-366
112000202,2,0,2
112000216,25,52,-27
112000230,4,1,3
112000231,1,249,-248
112000256,2,19,-17
112000313,70,146,-76
112000314,3,4,-1
112000337,50,277,-227
112000352,56,76,-20
112000392,861,589,272
112000398,260,284,-24
112000399,359,434,-75
112000400,1113,2376,-1263
112000401,1042,1426,-384
112000402,476,735,-259
112000403,469,539,-70
112000404,136,183,-47
112000405,370,806,-436
112000406,1601,1810,-209
112000407,1484,1929,-445
112000408,4865,3871,994
112000409,715,2778,-2063
112000410,40,22,18
112000411,2727,127,2600
112000412,434,67,367
112000413,4803,474,4329
112000414,31,44,-13
112000415,16,8,8
112000416,558,496,62
112000417,58,28,30
112000421,29,77,-48
112000422,90,224,-134
112000424,1064,464,600
112000425,159,948,-789
112000426,12,94,-82
112000427,0,6,-6
112000428,19,252,-233
112000429,710,1691,-981
112000430,746,1739,-993
112000431,17,24,-7
112000432,212,1511,-1299
112000433,294,239,55
112000437,12,242,-230
112900001,2,0,2
112900002,29,910,-881
112900003,6,160,-154
112900004,4,200,-196
112900005,15,193,-178
112900006,6,331,-325
112900007,0,87,-87
112900008,0,2,-2
112900009,66,20,46
112900010,13,423,-410
112900011,153,130,23
112900012,0,35,-35
112900013,1,66,-65
112900014,0,181,-181
112900015,146,555,-409
112900016,0,120,-120
112900017,7,94,-87
112900018,1,286,-285
112900019,32,70,-38
112900020,254,922,-668
112900021,2,186,-184
112900022,1,29,-28
112900023,0,157,-157
112900024,5,118,-113
112900025,37,77,-40
112900026,3,184,-181
112900027,4,898,-894
112900028,11,42,-31
112900029,1,310,-309
112900030,236,105,131
112900031,0,332,-332
112900032,31,128,-97
112900034,0,17,-17
112900035,3,328,-325
112900036,13,82,-69
112900037,44,22,22
112900038,27,70,-43
112900039,10,199,-189
112900040,3,164,-161
112900041,466,200,266
112900042,10,267,-257
112900043,16,13,3
112900044,204,153,51
112900045,334,132,202
112900046,157,20,137
112900047,5,2,3
112900049,12,62,-50
112900050,41,354,-313
112900051,193,435,-242
112900052,8,701,-693
112900053,143,31,112
112900054,165,23,142
112900055,58,3,55
112900056,50,46,4
112900057,7,469,-462
112900058,152,26,126
112900059,21,73,-52
112900060,2,102,-100
112900061,12,77,-65
112900062,22,82,-60
112900063,18,2,16
112900064,33,43,-10
112900065,3,1,2
112900066,24,23,1
112900067,273,35,238
112900068,0,2,-2
112900069,1565,71,1494
112900071,0,0,0
112900072,76,122,-46
112900073,84,14,70
112900074,8,11,-3
112900075,1129,88,1041
112900076,11,2,9
112900078,28,70,-42
112900079,26,4,22
112900080,6,0,6
112900081,10,17,-7
112900082,77,7,70
112900083,10,8,2
112900084,37,6,31
112900086,2,0,2
112900087,97,7,90
112900088,5,0,5
112900089,124,2,122
112900090,2,0,2
112900091,5,0,5
112900092,50,34,16
112900093,114,2,112
112900095,0,0,0
112900096,60,22,38
112900097,5,200,-195
112900098,1,0,1
112900099,83,4,79
112900100,0,0,0
112900101,18,0,18
112900102,17,0,17
112900103,14,0,14
112900104,7,0,7
112900105,0,1,-1
112900106,61,10,51
112900107,0,0,0
112900108,0,0,0
112900109,5,0,5
112900110,67,5,62
112900111,65,0,65
112900112,17,0,17
112900113,0,3,-3
112900114,2,7,-5
112900115,139,0,139
112900116,18,33,-15
112900117,58,41,17
112900118,2,31,-29
112900119,11,0,11
112900120,436,71,365
112900121,57,73,-16
112900122,6,59,-53
112900123,31,2,29
112900124,0,56,-56
112900125,10,76,-66
112900126,38,129,-91
112900127,43,8,35
112900128,223,368,-145
112900129,2,575,-573
112900130,28,4,24
112900131,20,126,-106
112900132,32,298,-266
112900133,11,768,-757
112900134,0,155,-155
112900135,26,11,15
112900137,1,538,-537
112900138,4,298,-294
112900139,89,691,-602
112900141,53,7,46
112900142,39,11,28
112900143,22,388,-366
112900144,1,267,-266
112900145,32,282,-250
112900146,3,772,-769
112900147,6,1758,-1752
112900148,1,0,1
112900149,58,269,-211
112900151,22,15,7
112900152,3002,467,2535
112900153,510,167,343
112900154,2,26,-24
112900155,5,1,4
112900156,11,1164,-1153
112900157,21,58,-37
112900158,1,4,-3
112900159,23,10,13
112900160,9,132,-123
112900161,10,2,8
112900162,8,3,5
112900163,39,5,34
112900164,10,21,-11
112900165,38,17,21
112900166,7,11,-4
112900167,0,11,-11
112900168,2,0,2
112900169,5,3,2
112900170,10,25,-15
112900172,74,0,74
112900173,102,40,62
112900174,42,4,38
112900175,39,9,30
112900176,2,2,0
112900177,37,6,31
112900178,89,162,-73
112900179,23,378,-355
112900180,136,1466,-1330
112900181,47,2,45
112900182,13,1001,-988
112900183,33,49,-16
112900184,158,130,28
112900185,71,126,-55
112900186,685,153,532
112900187,10,62,-52
112900188,466,129,337
112900189,0,9,-9
112900190,1,17,-16
112900192,83,44,39
112900193,263,48,215
112900194,4,60,-56
112900195,49,4,45
112900196,116,387,-271
112900197,36,261,-225
112900199,55,269,-214
112900200,55,63,-8
112900201,37,20,17
112900202,16,419,-403
112900203,5,67,-62
112900204,243,134,109
112900205,0,0,0
112900206,0,15,-15
112900207,0,0,0
112900208,17,20,-3
112900209,131,198,-67
112900210,0,10,-10
112900211,7,5,2
112900212,0,39,-39
112900213,2,3,-1
112900214,3,0,3
112900215,1,132,-131
112900216,15,19,-4
112900217,1,66,-65
112900218,1,7,-6
112900219,1,0,1
112900220,0,0,0
112900221,0,73,-73
112900222,0,15,-15
112900223,135,0,135
112900224,19,444,-425
112900225,41,295,-254
112900226,80,41,39
112900227,42,1035,-993
112900228,4,8,-4
112900229,13,15,-2
112900230,4300,614,3686
112900232,47,63,-16
112900233,8,109,-101
112900234,0,47,-47
112900235,2,1,1
112900236,6,10,-4
112900237,9,215,-206
112900238,0,32,-32
112900239,200,116,84
112900240,2,159,-157
112900241,4,167,-163
112900242,4,190,-186
112900243,3,156,-153
112900244,2,205,-203
112900245,0,41,-41
112900246,0,9,-9
112900247,22,5,17
112900248,10,0,10
112900249,5,4,1
112900250,6,10,-4
112900251,7,3,4
112900252,3,8,-5
112900253,1,13,-12
112900254,0,1,-1
112900255,1,4,-3
112900256,0,5,-5
112900257,10,4,6
112900258,2,8,-6
113000001,2584,2220,364
113000002,1496,1449,47
113000003,1290,622,668
113000004,1107,882,225
113000005,565,475,90
113000006,388,540,-152
113000007,629,667,-38
113000008,540,716,-176
113000009,281,520,-239
113000010,323,751,-428
113000011,258,1090,-832
113000012,206,151,55
113000013,338,222,116
113000014,672,668,4
113000015,182,79,103
113000016,103,164,-61
113000017,11,192,-181
113000018,44,9,35
113000019,7,156,-149
113000020,4,0,4
113000021,127,368,-241
113000022,175,873,-698
113000025,29,135,-106
113000026,28,122,-94
113000027,159,145,14
113000028,286,179,107
113000029,418,244,174
113000030,402,317,85
113000031,263,106,157
113000032,124,76,48
113000033,189,158,31
113000034,300,169,131
113000035,13,17,-4
113000036,23,25,-2
113000037,31,13,18
113000038,7,25,-18
113000039,45,183,-138
113000040,42,58,-16
113000042,310,131,179
113000051,275,642,-367
113000052,1210,475,735
113000053,95,386,-291
113000054,83,307,-224
113000055,308,575,-267
113000056,265,1101,-836
113000058,410,620,-210
113000059,385,269,116
113000060,28,410,-382
113000061,400,519,-119
113000062,686,65,621
113000063,14,121,-107
113000064,5,167,-162
113000065,34,802,-768
113000066,80,55,25
113000067,339,472,-133
113000068,71,1208,-1137
113000069,112,841,-729
113000070,321,361,-40
113000071,81,406,-325
113000072,114,179,-65
113000073,243,827,-584
113000074,454,141,313
113000075,805,165,640
113000076,832,817,15
113000077,505,144,361
113000078,460,860,-400
113000079,486,344,142
113000080,261,194,67
113000081,375,285,90
113000082,569,496,73
113000083,166,238,-72
113000084,691,735,-44
113000085,268,230,38
113000086,452,615,-163
113000087,405,323,82
113000088,1182,689,493
113000089,353,638,-285
113000090,35,80,-45
113000091,435,109,326
113000094,114,36,78
113000095,119,741,-622
113000096,43,576,-533
113000097,122,144,-22
113000098,20,7,13
113000099,267,82,185
113000100,61,200,-139
113000101,179,282,-103
113000102,121,66,55
113000103,1292,368,924
113000104,161,1061,-900
113000105,117,203,-86
113000106,128,349,-221
113000107,166,434,-268
113000108,389,967,-578
113000109,292,924,-632
113000110,714,147,567
113000111,71,255,-184
113000112,120,191,-71
113000113,1105,134,971
113000114,219,474,-255
113000116,247,136,111
113000117,312,97,215
113000118,39,121,-82
113000119,60,154,-94
113000120,15,122,-107
113000121,144,340,-196
113000124,31,52,-21
113000125,3,183,-180
113000127,2231,278,1953
113000128,177,229,-52
113000129,663,423,240
113000133,2337,370,1967
113000134,2,174,-172
113000135,731,666,65
113000137,699,264,435
113000139,185,64,121
113000140,118,134,-16
113000141,136,29,107
113000142,291,304,-13
113000143,149,73,76
113000144,195,283,-88
113000145,23,72,-49
113000146,47,38,9
113000147,39,61,-22
113000148,19,82,-63
113000149,35,76,-41
113000150,202,169,33
113000151,78,53,25
113000152,26,120,-94
113000153,784,277,507
113000154,335,411,-76
113000155,185,140,45
113000156,73,176,-103
113000157,133,391,-258
113000158,261,85,176
113000159,478,200,278
113000160,306,578,-272
113000161,73,402,-329
113000162,232,131,101
113000163,22,15,7
113000164,25,47,-22
113000166,10,10,0
113000167,29,142,-113
113000168,21,130,-109
113000169,23,14,9
113000170,14,23,-9
113000171,25,65,-40
113000172,85,14,71
113000173,19,4,15
113000174,70,419,-349
113000175,96,24,72
113000176,83,23,60
113000177,25,292,-267
113000178,88,304,-216
113000179,68,11,57
113000180,139,593,-454
113000181,288,636,-348
113000182,117,79,38
113000183,95,398,-303
113000184,10,57,-47
113000189,169,250,-81
113000190,724,162,562
113000192,1315,614,701
113000193,1641,533,1108
113000194,778,557,221
113000195,572,268,304
113000196,17,18,-1
113000197,337,357,-20
113000198,16,125,-109
113000199,235,203,32
113000201,57,76,-19
113000202,1501,271,1230
113000203,46,2,44
113000204,538,621,-83
113000205,3,19,-16
113000206,3,10,-7
113000207,24,5,19
113000208,23,16,7
113000209,14,11,3
113000210,4,7,-3
113000211,161,71,90
113000212,148,6,142
113000213,3,56,-53
113000214,22,108,-86
113000234,44,819,-775
113000410,20,39,-19
113000411,1283,2330,-1047
113000412,7652,919,6733
113000413,2662,932,1730
113000414,6817,3282,3535
113000415,1430,1145,285
113000416,5145,1614,3531
113000417,1449,1286,163
113000418,1763,1344,419
113000419,688,773,-85
113000420,1978,997,981
113000421,1550,1327,223
113000422,10524,2439,8085
113000423,1878,1294,584
113000424,3010,2444,566
113000425,5,43,-38
113000428,76,59,17
113000430,21,30,-9
113000432,355,23,332
113000433,84,657,-573
113000434,22,324,-302
113000435,12,593,-581
113000436,31,920,-889
113000437,31,1,30
113000438,37,5,32
113000439,5,102,-97
113000440,33,12,21
113000441,22,117,-95
113000442,43,224,-181
113000443,21,109,-88
113000444,50,258,-208
113000445,19,30,-11
113000446,14,83,-69
113000448,157,67,90
113000449,80,136,-56
113000450,284,260,24
113000451,841,72,769
113000452,104,72,32
113000453,96,123,-27
113000454,116,9,107
113000455,28,79,-51
113000456,1412,705,707
113000468,1550,77,1473
113000469,78,24,54
113000470,299,39,260
113000471,6,125,-119
113000472,45,105,-60
113000474,95,438,-343
113000475,815,1064,-249
113000476,393,991,-598
113000477,734,1177,-443
113000478,1605,3466,-1861
113000479,5,193,-188
113000483,0,0,0
113000484,0,0,0
113000485,0,0,0
113000486,0,0,0
113000487,0,0,0
113000488,0,0,0
113000489,0,0,0
113000490,0,0,0
113000491,0,0,0
113000492,0,0,0
113000493,0,0,0
113000495,116,150,-34
113000496,17,33,-16
113000499,0,0,0
113900001,0,2,-2
113900002,0,0,0
113900003,0,2,-2
113900004,0,1,-1
113900005,0,0,0
113900006,0,0,0
113900007,2,1,1
113900008,0,1,-1
113900009,4,4,0
113900010,4,7,-3
113900011,2,1,1
113900012,0,0,0
113900013,18,2,16
113900014,398,0,398
113900015,0,29,-29
113900016,4,0,4
113900017,0,14,-14
113900018,191,22,169
113900019,5,27,-22
113900020,10,0,10
113900022,0,0,0
113900023,1,0,1
113900024,26,30,-4
113900025,131,2,129
113900026,2,0,2
113900027,2,21,-19
113900028,1,151,-150
113900029,4,211,-207
113900030,22,1,21
113900031,0,0,0
113900032,2,0,2
113900033,14,21,-7
113900035,10,0,10
113900036,10,24,-14
113900037,6,300,-294
113900038,39,19,20
113900039,14,1,13
113900040,0,1,-1
113900041,0,3,-3
113900042,15,17,-2
113900043,73,35,38
113900044,60,7,53
113900045,4,0,4
113900046,149,451,-302
113900047,1,40,-39
113900048,206,15,191
113900049,468,39,429
113900050,45,151,-106
113900051,42,165,-123
113900052,103,42,61
113900053,115,13,102
113900054,2,0,2
113900055,37,358,-321
113900056,3,52,-49
113900057,15,54,-39
113900058,9,83,-74
113900059,30,175,-145
113900060,80,109,-29
113900061,284,8,276
113900062,40,1,39
113900063,4,60,-56
113900064,13,105,-92
113900065,202,3,199
113900066,50,200,-150
113900067,11,137,-126
113900068,113,124,-11
113900069,20,5,15
113900070,73,238,-165
113900071,9,18,-9
113900072,11,98,-87
113900073,115,190,-75
113900074,8,261,-253
113900075,280,346,-66
113900076,18,0,18
113900077,11,155,-144
113900078,4,31,-27
113900079,0,29,-29
113900080,60,48,12
113900081,9,74,-65
113900082,26,119,-93
113900083,24,403,-379
113900084,56,53,3
113900085,18,208,-190
113900086,0,6,-6
113900087,7,137,-130
113900088,9,17,-8
113900089,71,16,55
113900090,126,135,-9
113900091,9,7,2
113900092,16,19,-3
113900093,21,246,-225
113900094,25,228,-203
113900095,16,29,-13
113900096,51,9,42
113900097,1,61,-60
113900098,99,14,85
113900099,1,20,-19
113900100,0,3,-3
113900101,17,13,4
113900102,23,35,-12
113900103,93,91,2
113900104,18,42,-24
113900105,1,270,-269
113900106,0,31,-31
113900107,0,17,-17
113900108,70,55,15
113900109,127,32,95
113900110,5,11,-6
113900111,8,39,-31
113900112,21,62,-41
113900113,162,128,34
113900114,1,54,-53
113900115,2,63,-61
113900116,12,42,-30
113900117,21,5,16
113900118,26,43,-17
113900119,118,78,40
113900120,10,16,-6
113900121,6,28,-22
113900122,77,447,-370
113900123,78,83,-5
113900124,0,72,-72
113900125,726,86,640
113900126,33,16,17
113900127,45,176,-131
113900128,39,26,13
113900129,2,30,-28
113900130,0,1,-1
113900131,41,21,20
113900132,10,12,-2
113900133,4,21,-17
113900135,48,269,-221
113900136,24,33,-9
113900137,70,93,-23
113900138,13,45,-32
113900139,361,36,325
113900140,110,53,57
113900141,37,227,-190
113900142,18,44,-26
113900143,5,4,1
113900144,83,29,54
113900145,46,96,-50
113900146,8,28,-20
113900148,46,75,-29
113900149,47,4,43
113900150,663,182,481
113900151,34,110,-76
113900152,3,28,-25
113900153,282,121,161
113900154,0,62,-62
113900155,92,23,69
113900156,81,315,-234
113900157,7,116,-109
113900158,152,37,115
113900159,0,87,-87
113900160,201,389,-188
113900161,4,55,-51
113900162,167,131,36
113900163,50,72,-22
113900164,27,21,6
113900165,265,210,55
113900166,56,32,24
113900167,38,23,15
113900168,55,65,-10
113900169,52,188,-136
113900171,17,13,4
113900172,0,89,-89
113900173,46,367,-321
113900174,137,427,-290
113900175,51,23,28
113900176,31,429,-398
113900177,73,60,13
113900178,20,24,-4
113900179,5,391,-386
113900180,32,44,-12
113900181,65,23,42
113900182,74,451,-377
113900183,23,28,-5
113900184,9,378,-369
113900185,72,36,36
113900186,14,16,-2
113900187,23,63,-40
113900188,17,66,-49
113900189,39,20,19
113900190,146,45,101
113900191,33,84,-51
113900192,0,67,-67
113900193,5,154,-149
113900194,1017,361,656
113900195,202,215,-13
113900196,3,66,-63
113900197,0,194,-194
113900198,2,59,-57
113900199,117,268,-151
113900200,5,102,-97
113900201,2,146,-144
113900202,6,95,-89
113900203,0,222,-222
113900204,6,386,-380
113900205,3,44,-41
113900206,1,38,-37
113900207,0,24,-24
113900208,0,33,-33
113900209,1,33,-32
113900210,227,67,160
113900211,26,8,18
113900212,34,318,-284
113900214,216,144,72
113900215,4,44,-40
113900216,12,832,-820
113900217,11,212,-201
113900218,17,7,10
113900219,66,260,-194
113900220,29,10,19
113900221,80,57,23
113900222,44,69,-25
113900223,9,682,-673
113900224,50,28,22
113900225,280,60,220
113900226,86,39,47
113900227,101,46,55
113900228,141,103,38
113900229,10,214,-204
113900230,1848,333,1515
113900231,58,113,-55
113900232,15,40,-25
113900233,20,31,-11
113900234,51,138,-87
113900235,10,4,6
113900236,2,158,-156
113900237,12,0,12
113900238,40,117,-77
113900239,3,25,-22
113900240,1,31,-30
113900241,29,22,7
113900242,27,75,-48
113900243,41,165,-124
113900244,248,47,201
113900245,673,95,578
113900246,1,3,-2
113900247,96,110,-14
113900248,1950,265,1685
113900249,421,50,371
113900250,15,57,-42
113900251,112,127,-15
113900252,77,1,76
113900253,112,6,106
113900254,67,12,55
113900255,55,5,50
113900256,56,7,49
113900257,16,487,-471
113900258,4,331,-327
113900259,90,160,-70
113900260,24,4,20
113900261,1,75,-74
113900262,24,465,-441
113900263,27,236,-209
113900264,1,422,-421
113900265,53,172,-119
113900266,8,133,-125
113900267,23,177,-154
113900268,51,100,-49
113900269,21,56,-35
113900270,51,130,-79
113900271,101,769,-668
113900273,2,0,2
113900274,2,0,2
113900275,4,24,-20
113900276,0,206,-206
113900277,10,0,10
113900278,119,120,-1
113900279,67,50,17
113900280,386,153,233
113900281,102,366,-264
113900282,286,110,176
113900283,46,154,-108
113900284,228,37,191
113900285,34,0,34
113900286,2,64,-62
113900287,6,37,-31
113900288,0,55,-55
113900289,908,18,890
113900290,213,15,198
113900291,83,96,-13
113900292,1,2,-1
113900293,0,106,-106
113900294,56,7,49
113900295,122,109,13
113900296,1524,151,1373
113900297,67,2,65
113900298,3,808,-805
113900299,3,91,-88
113900300,3407,537,2870
113900301,162,39,123
113900302,969,188,781
113900303,284,43,241
113900304,3,136,-133
113900305,13,0,13
113900306,0,0,0
113900307,27,0,27
113900308,34,31,3
113900309,4,543,-539
113900310,0,8,-8
113900311,1,1,0
113900312,31,62,-31
113900313,19,1,18
113900314,0,29,-29
113900315,0,0,0
114000001,507,1622,-1115
114000002,52,266,-214
114000003,69,586,-517
114000004,105,250,-145
114000005,105,118,-13
114000006,1072,1207,-135
114000007,239,762,-523
114000008,754,423,331
114000009,93,66,27
114000011,1034,1438,-404
114000012,543,1476,-933
114000013,282,1155,-873
114000014,172,222,-50
114000015,276,248,28
114000016,149,231,-82
114000017,54,84,-30
114000018,202,56,146
114000026,235,864,-629
114000027,433,943,-510
114000028,586,812,-226
114000038,48,93,-45
114000039,72,122,-50
114000040,61,102,-41
114000042,34,125,-91
114000043,11,157,-146
114000044,54,110,-56
114000045,6,84,-78
114000046,1073,2698,-1625
114000047,10,31,-21
114000048,13,57,-44
114000049,461,373,88
114000050,408,354,54
114000051,1293,498,795
114000052,1216,317,899
114000053,15,208,-193
114000054,16,749,-733
114000055,70,6,64
114000056,316,252,64
114000057,5119,1300,3819
114000058,90,144,-54
114000059,37,96,-59
114000060,149,358,-209
114000061,1160,324,836
114000062,423,162,261
114000063,1668,953,715
114000064,3891,1075,2816
114000065,718,1018,-300
114000066,63,255,-192
114000067,5,73,-68
114000068,216,209,7
114000069,273,186,87
114000070,909,385,524
114000071,115,381,-266
114000072,43,238,-195
114000073,2,23,-21
114000074,4,6,-2
114000075,4,73,-69
114000076,5,43,-38
114000077,0,7,-7
114000078,31,844,-813
114000079,23,21,2
114000080,23,11,12
114000081,0,0,0
114000082,51,403,-352
114000083,9,123,-114
114000084,24,30,-6
114000085,64,384,-320
114000086,47,384,-337
114000087,14,170,-156
114000088,3,23,-20
114000089,618,186,432
114000090,77,63,14
114000091,379,158,221
114000092,345,117,228
114000093,257,315,-58
114000094,150,158,-8
114000095,32,13,19
114000096,45,407,-362
114000097,35,647,-612
114000098,48,10,38
114000099,47,685,-638
114000100,133,319,-186
114000101,139,940,-801
114000102,27,60,-33
114000103,71,326,-255
114000104,2,177,-175
114000105,20,35,-15
114000106,394,118,276
114000107,28,83,-55
114000108,1531,719,812
114000109,27,96,-69
114000110,191,958,-767
114000111,89,79,10
114000112,106,1362,-1256
114000113,114,60,54
114000114,530,1060,-530
114000115,214,63,151
114000116,81,178,-97
114000117,171,103,68
114000118,222,70,152
114000119,148,51,97
114000120,288,673,-385
114000121,214,334,-120
114000122,111,136,-25
114000123,101,64,37
114000124,31,94,-63
114000125,420,1121,-701
114000126,132,36,96
114000127,7,39,-32
114000128,57,114,-57
114000130,25,15,10
114000131,26,8,18
114000132,267,485,-218
114000133,574,713,-139
114000134,19,104,-85
114000138,23,129,-106
114000139,86,33,53
114000144,119,87,32
114000145,19,110,-91
114000146,35,167,-132
114000147,267,256,11
114000148,849,98,751
114000149,48,24,24
114000150,644,370,274
114000151,725,360,365
114000152,13,4,9
114000153,493,693,-200
114000154,275,319,-44
114000155,439,525,-86
114000156,211,123,88
114000157,111,300,-189
114000158,1275,252,1023
114000159,115,163,-48
114000160,43,163,-120
114000161,582,213,369
114000162,363,209,154
114000163,5,76,-71
114000165,100,47,53
114000166,172,30,142
114000167,2171,603,1568
114000168,412,388,24
114000169,398,139,259
114000170,175,120,55
114000171,151,182,-31
114000174,96,211,-115
114000176,241,194,47
114000177,1205,329,876
114000178,8,25,-17
114000179,236,56,180
114000180,126,227,-101
114000181,552,685,-133
114000182,2604,1080,1524
114000183,595,658,-63
114000184,4257,1069,3188
114000185,133,121,12
114000189,36,10,26
114000190,169,42,127
114000191,8,6,2
114000192,197,979,-782
114000193,528,2195,-1667
114000194,490,856,-366
114000195,12,2,10
114000196,4,205,-201
114000197,124,19,105
114000198,566,226,340
114000199,903,502,401
114000200,236,1488,-1252
114000201,39,669,-630
114000202,326,575,-249
114000203,187,704,-517
114000204,43,247,-204
114000205,79,1067,-988
114000206,193,874,-681
114000207,265,1411,-1146
114000208,203,2121,-1918
114000209,258,2144,-1886
114000210,166,1160,-994
114000211,291,720,-429
114000212,229,376,-147
114000213,387,287,100
114000214,6,148,-142
114000215,16,19,-3
114000216,87,12,75
114000217,6,182,-176
114000218,26,184,-158
114000219,132,153,-21
114000220,4,901,-897
114000221,69,33,36
114000222,53,799,-746
114000223,41,21,20
114000224,62,438,-376
114000225,29,269,-240
114000226,13,169,-156
114000227,196,230,-34
114000228,176,466,-290
114000229,204,732,-528
114000230,337,797,-460
114000231,255,693,-438
114000232,118,53,65
114000233,326,47,279
114000234,320,544,-224
114000235,338,927,-589
114000236,1,369,-368
114000237,44,805,-761
114000238,14,48,-34
114000239,48,891,-843
114000240,189,352,-163
114000241,107,722,-615
114000242,492,561,-69
114000243,252,324,-72
114000244,39,33,6
114000245,161,458,-297
114000246,79,29,50
114000247,134,368,-234
114000248,112,208,-96
114000249,148,228,-80
114000250,32,300,-268
114000251,30,261,-231
114000252,20,93,-73
114000253,4,38,-34
114000254,2,47,-45
114000255,203,66,137
114000256,388,141,247
114000257,425,1536,-1111
114000258,46,307,-261
114000259,9,153,-144
114000260,0,11,-11
114000261,4,0,4
114000262,8,134,-126
114000263,0,0,0
114000264,111,350,-239
114000265,0,4,-4
114000267,2,493,-491
114000268,2,1306,-1304
114000270,1,1,0
114000271,83,44,39
114000283,67,192,-125
114000285,33,202,-169
114000288,12,288,-276
114000289,343,89,254
114000293,37,203,-166
114000294,40,96,-56
114000395,102,14,88
114000396,46,83,-37
114000402,68,200,-132
114000403,72,314,-242
114000405,50,418,-368
114000423,23,394,-371
114000424,31,118,-87
114000425,83,458,-375
114000426,15,30,-15
114000427,25,82,-57
114000428,104,23,81
114000429,4,105,-101
114000432,13,74,-61
114000434,21,37,-16
114000435,0,113,-113
114900001,83,784,-701
114900002,102,11,91
114900003,64,1145,-1081
114900004,32,42,-10
114900005,64,442,-378
114900006,10,5,5
114900007,14,0,14
114900008,33,6,27
114900010,1410,472,938
114900011,9,34,-25
114900013,28,39,-11
114900015,6,29,-23
114900018,214,28,186
114900020,20,36,-16
114900022,3,402,-399
114900024,6,29,-23
114900025,46,105,-59
114900026,50,18,32
114900027,23,56,-33
114900029,45,13,32
114900030,51,113,-62
114900031,28,13,15
114900032,24,11,13
114900033,257,47,210
114900034,51,223,-172
114900035,58,98,-40
114900036,77,812,-735
114900037,22,43,-21
114900038,34,377,-343
114900039,142,594,-452
114900040,11,139,-128
114900041,113,537,-424
114900042,159,658,-499
114900043,212,43,169
114900044,24,2,22
114900046,9,35,-26
114900047,44,387,-343
114900048,23,120,-97
114900049,16,250,-234
114900050,12,415,-403
114900051,3,328,-325
114900052,49,90,-41
114900053,17,94,-77
114900054,27,61,-34
114900057,49,0,49
114900058,0,70,-70
114900059,2,14,-12
114900060,198,75,123
114900061,13,51,-38
114900062,49,59,-10
114900063,18,158,-140
114900064,153,492,-339
114900065,86,335,-249
114900067,2,203,-201
114900068,22,194,-172
114900069,84,69,15
114900070,72,325,-253
114900072,10,154,-144
114900073,0,114,-114
114900074,38,445,-407
114900075,17,0,17
114900076,0,245,-245
114900080,1495,136,1359
114900082,1665,526,1139
114900083,66,340,-274
114900090,42,51,-9
114900091,42,86,-44
114900095,102,25,77
114900096,130,89,41
114900097,16,0,16
114900098,1,88,-87
114900099,20,2,18
115000001,5995,4212,1783
115000002,1173,808,365
115000003,1823,2947,-1124
115000004,662,1342,-680
115000005,553,2012,-1459
115000006,146,401,-255
115000007,47,50,-3
115000008,132,145,-13
115000009,84,172,-88
115000010,57,22,35
115000013,20,61,-41
115000015,63,93,-30
115000016,155,121,34
115000019,7,169,-162
115000020,75,39,36
115000021,158,262,-104
115000022,172,164,8
115000023,32,13,19
115000024,504,264,240
115000025,70,17,53
115000026,63,166,-103
115000027,0,0,0
115000028,33,290,-257
115000029,0,0,0
115000030,64,416,-352
115000031,0,0,0
115000032,5,188,-183
115000033,11,0,11
115000034,50,526,-476
115000035,41,4,37
115000036,1,225,-224
115000037,11,0,11
115000038,19,76,-57
115000039,1024,693,331
115000040,2607,1140,1467
115000041,339,803,-464
115000042,168,258,-90
115000043,1176,1056,120
115000044,1897,2660,-763
115000045,716,1729,-1013
115000046,357,876,-519
115000047,417,737,-320
115000048,687,2126,-1439
115000049,699,1720,-1021
115000050,709,496,213
115000051,895,444,451
115000052,2106,1152,954
115000053,559,482,77
115000054,557,805,-248
115000055,18,289,-271
115000056,23,49,-26
115000057,68,281,-213
115000058,8,37,-29
115000059,23,116,-93
115000061,7,7,0
115000062,49,192,-143
115000063,21,263,-242
115000064,8,8,0
115000065,3,112,-109
115000067,0,0,0
115000069,6,115,-109
115000070,15,174,-159
115000071,11,3,8
115000072,28,13,15
115000073,245,18,227
115000075,3,20,-17
115000076,1435,1729,-294
115000077,402,2430,-2028
115000078,145,1105,-960
115000079,247,1470,-1223
115000080,477,1920,-1443
115000081,211,565,-354
115000082,1004,1315,-311
115000083,712,2365,-1653
115000084,173,421,-248
115000085,128,637,-509
115000086,93,401,-308
115000087,247,806,-559
115000088,438,142,296
115000089,959,1026,-67
115000090,302,53,249
115000091,196,773,-577
115000092,92,178,-86
115000093,4,0,4
115000094,3613,1520,2093
115000095,3390,1710,1680
115000096,143,1103,-960
115000097,121,418,-297
115000098,170,451,-281
115000099,239,1501,-1262
115000100,105,160,-55
115000101,168,913,-745
115000102,83,75,8
115000103,219,693,-474
115000105,20,128,-108
115000106,60,91,-31
115000107,41,423,-382
115000108,1985,1942,43
115000109,2413,555,1858
115000110,466,300,166
115000111,256,715,-459
115000112,134,210,-76
115000113,198,330,-132
115000114,678,353,325
115000116,1172,392,780
115000117,1227,483,744
115000118,494,555,-61
115000119,564,475,89
115000120,292,323,-31
115000121,912,272,640
115000122,1565,310,1255
115000123,578,410,168
115000124,173,244,-71
115000125,97,230,-133
115000126,48,95,-47
115000127,103,58,45
115000128,361,278,83
115000129,48,57,-9
115000130,77,470,-393
115000131,87,118,-31
115000132,18,233,-215
115000133,39,188,-149
115000134,26,90,-64
115000135,27,115,-88
115000136,52,64,-12
115000137,31,144,-113
115000138,34,65,-31
115000139,128,163,-35
115000140,33,53,-20
115000141,40,185,-145
115000142,39,204,-165
115000143,56,185,-129
115000144,93,31,62
115000145,50,415,-365
115000146,26,68,-42
115000147,78,440,-362
115000148,96,799,-703
115000149,119,63,56
115000150,274,777,-503
115000151,150,153,-3
115000152,167,1166,-999
115000153,106,119,-13
115000154,157,120,37
115000155,158,848,-690
115000156,243,167,76
115000157,387,416,-29
115000158,260,104,156
115000159,246,84,162
115000160,238,85,153
115000161,110,212,-102
115000162,138,134,4
115000163,372,390,-18
115000164,243,307,-64
115000165,129,111,18
115000167,14,20,-6
115000168,160,65,95
115000169,217,252,-35
115000170,66,119,-53
115000171,64,48,16
115000172,888,268,620
115000173,36,58,-22
115000174,19,33,-14
115000175,41,48,-7
115000176,14,12,2
115000177,6,26,-20
115000178,4,165,-161
115000179,3,2,1
115000180,18,372,-354
115000181,52,26,26
115000182,66,115,-49
115000183,52,620,-568
115000186,122,106,16
115000187,25,369,-344
115000188,70,138,-68
115000189,113,194,-81
115000190,90,63,27
115000191,71,119,-48
115000194,28,37,-9
115000195,29,13,16
115000196,14,49,-35
115000197,37,370,-333
115000198,25,53,-28
115000199,48,280,-232
115000200,20,28,-8
115000201,40,248,-208
115000206,0,0,0
115000207,7,153,-146
115000208,291,382,-91
115000209,44,48,-4
115000210,7,42,-35
115000211,77,118,-41
115000212,620,160,460
115000224,14,2,12
115000225,22,18,4
115000229,57,24,33
115000230,4,160,-156
115000231,126,1630,-1504
115000232,164,216,-52
115000233,20,225,-205
115000234,3,133,-130
115000241,13,77,-64
115000242,21,98,-77
115000243,6,108,-102
115000244,2,40,-38
115000246,5,6,-1
115000247,3,8,-5
115000248,2,2,0
115000249,3,0,3
115000250,23,30,-7
115000251,23,44,-21
115000252,7,43,-36
115000253,3,38,-35
115000258,19,38,-19
115000259,75,46,29
115000261,0,2,-2
115000262,0,3,-3
115000263,0,8,-8
115000264,3,2,1
115000267,4,17,-13
115000268,20,45,-25
115000269,13,13,0
115000270,0,7,-7
115000272,3,59,-56
115000273,41,7,34
115000280,108,1,107
115000281,167,26,141
115000282,101,33,68
115000284,81,26,55
115000296,43,1,42
115000297,2,0,2
115000298,36,20,16
115000300,14,158,-144
115000302,25,27,-2
115000303,23,7,16
115000304,31,10,21
115000305,25,757,-732
115000306,31,376,-345
115000307,5,176,-171
115000308,16,6,10
115000309,4,2,2
115000310,185,911,-726
115000311,90,522,-432
115000313,53,497,-444
115000314,11,18,-7
115000315,750,195,555
115000316,4,14,-10
115000317,52,296,-244
115000318,117,102,15
115000319,9,153,-144
115000320,5,57,-52
115000321,30,0,30
115000322,12,181,-169
115000449,63,36,27
115000557,0,115,-115
115000558,24,15,9
115000587,71,66,5
115000588,996,2985,-1989
115000589,916,1045,-129
115000590,246,997,-751
115000591,169,155,14
115000592,289,775,-486
115000593,174,94,80
115000594,429,697,-268
115000609,66,121,-55
115000617,175,236,-61
115000624,28,32,-4
115000633,30,818,-788
115000634,476,108,368
115000635,44,8,36
115000638,523,209,314
115000641,55,51,4
115000642,108,79,29
115000643,35,252,-217
115000644,61,207,-146
115000646,348,352,-4
115000647,26,159,-133
115000648,163,805,-642
115000893,486,79,407
115000894,33,767,-734
115000895,112,552,-440
115000896,152,35,117
115000897,58,6,52
115000898,239,20,219
115000899,546,339,207
115000900,16,159,-143
115000901,45,35,10
115000912,19,6,13
115000913,1,14,-13
115000915,1,0,1
115000916,0,0,0
115000917,0,0,0
115000918,0,0,0
115000919,0,0,0
115000920,1,10,-9
115000921,709,32,677
115000922,137,31,106
115000923,196,464,-268
115000925,16,30,-14
115000927,4,18,-14
115000933,178,69,109
115000934,5,49,-44
115000935,8,13,-5
115000936,0,0,0
115000937,606,48,558
115000938,76,50,26
115000939,86,53,33
115000940,0,0,0
115000941,0,0,0
115000942,1,2,-1
115000943,29,8,21
115000944,2,4,-2
115900001,1,61,-60
115900002,45,80,-35
115900003,18,27,-9
115900004,1,17,-16
115900005,11,1,10
115900006,11,166,-155
115900008,2,2,0
115900009,15,124,-109
115900010,21,34,-13
115900011,40,150,-110
115900012,10,27,-17
115900013,98,23,75
115900014,31,102,-71
115900015,6,49,-43
115900016,9,4,5
115900017,0,0,0
115900018,94,43,51
115900019,22,4,18
115900020,2,0,2
115900021,1046,56,990
115900022,1029,5,1024
115900023,3,0,3
115900025,39,49,-10
115900026,361,108,253
115900027,0,248,-248
115900028,242,18,224
115900029,0,312,-312
115900030,2,3,-1
115900031,134,30,104
115900032,46,143,-97
115900033,0,29,-29
115900034,7,282,-275
115900035,9,45,-36
115900036,77,80,-3
115900037,6,279,-273
115900038,5,7,-2
115900039,10,153,-143
115900041,67,64,3
115900042,2,0,2
115900043,11,84,-73
115900044,29,41,-12
115900046,33,158,-125
115900047,5,2,3
115900049,14,49,-35
115900051,0,44,-44
115900052,6,250,-244
115900053,19,112,-93
115900054,7,44,-37
115900055,11,166,-155
115900056,17,175,-158
115900057,1,0,1
115900058,38,60,-22
115900060,2,29,-27
115900061,5,0,5
115900062,2,187,-185
115900063,35,4,31
115900064,82,66,16
115900065,8,72,-64
115900066,112,105,7
115900067,3,489,-486
115900068,2781,28,2753
115900069,34,60,-26
115900070,14,81,-67
115900071,0,492,-492
115900072,52,151,-99
115900073,1,3,-2
115900074,3,290,-287
115900075,30,148,-118
115900076,0,52,-52
115900077,4,254,-250
115900078,14,49,-35
115900079,17,4,13
115900080,101,37,64
115900081,4,63,-59
115900082,26,50,-24
115900084,10,13,-3
115900085,19,10,9
115900086,580,139,441
115900088,2,6,-4
115900089,41,565,-524
115900090,44,12,32
115900091,0,11,-11
115900092,5,138,-133
115900093,0,20,-20
115900094,1,353,-352
115900096,0,15,-15
115900097,3,383,-380
115900098,18,244,-226
115900099,0,40,-40
115900100,0,269,-269
115900101,52,256,-204
115900102,1,33,-32
115900103,63,141,-78
115900104,4,52,-48
115900105,28,376,-348
115900106,5,7,-2
115900107,4,91,-87
115900108,2,5,-3
115900109,3,175,-172
115900110,0,1,-1
115900111,0,47,-47
115900112,10,338,-328
115900113,1,3,-2
115900114,2,108,-106
115900115,2,70,-68
115900116,36,586,-550
115900117,4,3,1
115900118,2,342,-340
115900119,7,43,-36
115900120,3,138,-135
115900121,18,73,-55
115900124,9,65,-56
115900125,47,4,43
115900126,49,3,46
115900127,87,14,73
115900128,1,43,-42
115900129,74,4,70
115900130,13,116,-103
115900131,9,1,8
115900132,28,4,24
115900134,29,9,20
115900135,312,242,70
115900137,1,0,1
115900139,24,13,11
115900140,7,2,5
115900141,1,8,-7
115900142,4,3,1
115900143,14,78,-64
115900144,17,88,-71
115900146,0,66,-66
115900147,22,36,-14
115900148,0,0,0
115900149,5,33,-28
115900150,4,25,-21
115900151,0,11,-11
115900152,6,126,-120
115900153,8,69,-61
115900154,136,85,51
115900155,0,40,-40
115900156,81,172,-91
115900157,3,117,-114
115900158,14,1,13
115900159,1,100,-99
115900160,1,1,0
115900161,0,45,-45
115900163,19,25,-6
115900164,19,35,-16
115900166,71,102,-31
115900168,7,71,-64
115900171,6,90,-84
115900172,3,54,-51
115900173,22,30,-8
115900174,90,61,29
115900175,19,60,-41
115900178,13,546,-533
115900179,22,6,16
115900180,7,165,-158
115900181,11,188,-177
115900182,62,197,-135
115900183,24,9,15
115900184,176,4,172
115900187,4,64,-60
115900189,0,18,-18
115900190,59,88,-29
115900191,13,247,-234
115900192,2,24,-22
115900193,9,4,5
115900194,64,3,61
115900195,52,122,-70
115900198,17,65,-48
115900199,46,140,-94
115900200,65,96,-31
115900201,12,131,-119
115900202,0,1,-1
115900203,1,0,1
115900204,0,0,0
115900205,3,0,3
115900206,12,61,-49
115900207,1,3,-2
115900208,7,151,-144
115900209,0,52,-52
115900210,2,77,-75
115900211,1,66,-65
115900212,18,127,-109
115900213,0,3,-3
115900214,33,113,-80
115900215,12,5,7
115900216,1,61,-60
115900217,1,82,-81
115900218,2,38,-36
115900219,3,0,3
115900220,7,1,6
115900221,1,0,1
115900222,0,0,0
115900223,0,5,-5
115900224,355,24,331
115900225,42,4,38
115900226,3,10,-7
115900227,1,8,-7
115900228,0,9,-9
115900229,0,15,-15
115900230,21,19,2
115900231,7,0,7
115900232,5,0,5
115900233,4,0,4
115900234,8,0,8
115900235,0,2,-2
115900236,1,11,-10
115900237,0,54,-54
115900238,3,11,-8
115900239,0,29,-29
115900240,1,42,-41
115900241,18,16,2
115900242,42,15,27
115900243,0,0,0
115900244,0,9,-9
115900245,3,2,1
115900246,4,3,1
115900247,9,0,9
115900248,3,0,3
115900249,0,2,-2
115900250,0,0,0
115900251,0,1,-1
115900252,0,1,-1
115900253,1,5,-4
115900254,10,7,3
115900255,1,11,-10
115900256,11,10,1
115900257,0,3,-3
115900258,0,2,-2
115900259,0,3,-3
115900260,5,0,5
115900261,1,1,0
115900262,1,1,0
115900263,0,0,0
115900264,0,1,-1
115900265,0,2,-2
115900266,1,2,-1
115900267,0,3,-3
115900268,0,2,-2
115900269,44,155,-111
115900270,32,390,-358
115900271,4,1,3
115900272,0,0,0
115900273,1,3,-2
115900274,0,4,-4
115900275,0,19,-19
115900276,0,37,-37
115900277,2,95,-93
115900278,2,31,-29
115900279,3,38,-35
115900280,3,73,-70
115900281,223,28,195
115900282,6,4,2
115900283,0,4,-4
115900284,7,2,5
116000001,13205,2647,10558
116000002,1531,1067,464
116000003,746,1215,-469
116000004,547,520,27
116000005,934,1581,-647
116000006,553,469,84
116000007,1549,2387,-838
116000008,1161,661,500
116000009,789,1730,-941
116000010,368,308,60
116000011,298,971,-673
116000012,256,244,12
116000013,9749,2289,7460
116000014,13011,1559,11452
116000015,227,253,-26
116000016,4387,519,3868
116000017,15,220,-205
116000018,353,186,167
116000019,113,143,-30
116000020,133,632,-499
116000021,35,143,-108
116000022,75,198,-123
116000023,139,197,-58
116000024,271,744,-473
116000025,137,252,-115
116000026,523,1260,-737
116000027,211,341,-130
116000028,64,134,-70
116000029,410,290,120
116000030,31,26,5
116000031,82,100,-18
116000032,29,220,-191
116000033,28,193,-165
116000034,48,250,-202
116000035,52,309,-257
116000036,631,131,500
116000037,106,78,28
116000038,110,44,66
116000039,238,148,90
116000040,87,33,54
116000041,71,329,-258
116000042,86,57,29
116000043,17,279,-262
116000044,15,52,-37
116000045,143,162,-19
116000046,509,441,68
116000047,794,977,-183
116000048,291,343,-52
116000049,147,411,-264
116000050,456,818,-362
116000051,554,376,178
116000052,1245,1486,-241
116000053,248,150,98
116000054,229,1125,-896
116000055,97,716,-619
116000056,31,187,-156
116000057,1263,1171,92
116000058,1077,638,439
116000059,838,922,-84
116000060,1742,360,1382
116000061,244,317,-73
116000062,236,145,91
116000063,132,402,-270
116000066,5,46,-41
116000067,112,436,-324
116000068,13,24,-11
116000069,142,262,-120
116000078,31,222,-191
116000080,423,503,-80
116000082,1,59,-58
116000083,374,174,200
116000084,869,2130,-1261
116000085,722,275,447
116000086,1039,815,224
116000087,555,314,241
116000088,371,625,-254
116000089,59,53,6
116000090,24,46,-22
116000091,42,62,-20
116000093,429,246,183
116000094,91,408,-317
116000095,200,238,-38
116000096,131,479,-348
116000097,103,393,-290
116000098,62,1384,-1322
116000099,4116,190,3926
116000100,21,4,17
116000101,149,817,-668
116000102,32,701,-669
116000103,71,85,-14
116000104,22,945,-923
116000105,199,131,68
116000106,32,839,-807
116000107,251,301,-50
116000108,21,92,-71
116000111,20,8,12
116000113,15,13,2
116000114,31,105,-74
116000115,37,31,6
116000116,83,375,-292
116000117,270,484,-214
116000118,381,997,-616
116000119,389,418,-29
116000120,911,2749,-1838
116000121,246,139,107
116000122,621,1842,-1221
116000123,89,144,-55
116000124,106,746,-640
116000125,266,191,75
116000126,110,998,-888
116000127,400,996,-596
116000128,365,246,119
116000129,132,122,10
116000130,55,83,-28
116000133,123,467,-344
116000134,327,1512,-1185
116000135,306,602,-296
116000136,192,1283,-1091
116000137,156,264,-108
116000138,905,185,720
116000139,590,1169,-579
116000140,56,182,-126
116000141,162,550,-388
116000142,2159,2184,-25
116000143,856,569,287
116000144,564,1979,-1415
116000145,486,725,-239
116000146,35,126,-91
116000147,45,33,12
116000148,115,245,-130
116000149,90,254,-164
116000151,201,815,-614
116000153,2,47,-45
116000155,25,66,-41
116000156,365,481,-116
116000157,2,10,-8
116000158,44,221,-177
116000159,1,0,1
116000160,10,88,-78
116000161,2,63,-61
116000162,40,9,31
116000163,4,2,2
116000164,0,4,-4
116000177,9,47,-38
116000194,39,152,-113
116000195,364,318,46
116000196,0,0,0
116000197,2,4,-2
116000198,540,277,263
116000200,262,90,172
116000201,255,371,-116
116000202,2,156,-154
116000203,2,65,-63
116000204,4,24,-20
116000205,0,119,-119
116000206,0,72,-72
116000207,3,24,-21
116000233,53,551,-498
116000287,25,451,-426
116000288,34,99,-65
116000292,0,0,0
116000296,1,55,-54
116000297,11,4,7
116000304,11,34,-23
116000305,4,46,-42
116000346,8,116,-108
116000352,10,63,-53
116000354,0,10,-10
116000357,2,5,-3
116000358,44,7,37
116000361,390,6,384
116000372,5769,929,4840
116000381,33,1,32
116000388,0,26,-26
116000389,135,245,-110
116000445,40,661,-621
116000446,56,366,-310
116000447,5,233,-228
116000448,201,102,99
116000563,103,105,-2
116000565,69,273,-204
116000568,21,38,-17
116000579,6,74,-68
116000583,9,20,-11
116000584,1,10,-9
116000585,10,10,0
116000586,118,31,87
116000587,2,208,-206
116000589,21,52,-31
116000590,18,60,-42
116000591,26,136,-110
116000592,3,221,-218
116000593,0,16,-16
116000594,79,472,-393
116000595,87,143,-56
116000596,5,6,-1
116000597,46,28,18
116000598,6,131,-125
116000605,39,46,-7
116000606,2,39,-37
116000607,2,75,-73
116000609,100,283,-183
116000611,8,452,-444
116000612,173,867,-694
116000613,85,169,-84
116000614,180,600,-420
116000615,0,57,-57
116000616,9,99,-90
116000617,13,71,-58
116000618,1,162,-161
116000619,4,37,-33
116000620,0,0,0
116000621,0,3,-3
116000622,0,1,-1
116000624,15,46,-31
116000627,25,92,-67
116000628,23,719,-696
116000629,15,454,-439
116000630,62,19,43
116000631,8,31,-23
116000632,13,8,5
116000633,7,132,-125
116000634,75,357,-282
116000635,911,396,515
116000636,433,388,45
116000637,24,33,-9
116000638,3,249,-246
116000639,0,0,0
116000640,1,1,0
116000641,4,27,-23
116000643,1,29,-28
116000644,26,1018,-992
116000645,9,12,-3
116900001,35,55,-20
116900002,127,1,126
116900003,2,28,-26
116900004,15,4,11
116900005,23,25,-2
116900006,23,54,-31
116900007,33,67,-34
116900008,46,328,-282
116900009,3,1,2
116900010,1,1338,-1337
116900011,1,1,0
116900012,22,105,-83
116900013,2,103,-101
116900014,7,251,-244
116900016,12,0,12
116900017,0,448,-448
116900018,5,19,-14
116900019,3,227,-224
116900020,713,66,647
116900023,11,0,11
116900025,48,621,-573
116900026,35,357,-322
116900027,5,16,-11
116900028,0,50,-50
116900029,24,8,16
116900031,0,3,-3
116900032,1,187,-186
116900033,1,0,1
116900034,0,41,-41
116900035,27,129,-102
116900036,1,37,-36
116900038,1,0,1
116900041,8,8,0
116900042,643,118,525
116900043,4,28,-24
116900047,42,14,28
116900049,17,131,-114
116900050,17,199,-182
116900051,2,111,-109
116900052,39,17,22
116900055,0,1,-1
116900057,6,170,-164
116900058,5,162,-157
116900059,0,85,-85
116900060,34,153,-119
116900062,0,0,0
116900064,20,586,-566
116900065,1,35,-34
116900067,17,27,-10
116900068,48,261,-213
116900070,0,0,0
116900072,8,252,-244
116900073,3,78,-75
116900074,0,15,-15
116900076,0,21,-21
116900077,3,79,-76
116900078,121,55,66
116900079,1,205,-204
116900080,2,5,-3
116900081,65,620,-555
116900082,82,487,-405
116900083,10,33,-23
116900084,49,22,27
116900085,1,25,-24
116900086,13,143,-130
116900088,66,7,59
116900090,70,24,46
116900091,26,72,-46
116900092,10,478,-468
116900093,1100,573,527
116900094,3399,629,2770
116900095,24,125,-101
116900096,10,9,1
116900097,1285,261,1024
116900098,604,42,562
116900099,239,151,88
116900100,97,2,95
116900101,137,350,-213
116900103,0,0,0
116900104,18,46,-28
116900105,53,9,44
116900106,142,96,46
116900107,2009,325,1684
116900110,2,0,2
116900111,63,732,-669
116900112,37,412,-375
116900113,1285,256,1029
116900116,40,49,-9
116900117,7,72,-65
116900118,619,237,382
116900120,34,35,-1
116900121,16,19,-3
116900122,83,638,-555
116900123,42,653,-611
116900124,26,457,-431
116900125,28,60,-32
116900126,79,204,-125
116900128,0,22,-22
116900129,2,182,-180
116900130,607,694,-87
116900131,7,46,-39
116900132,4,42,-38
116900133,20,38,-18
116900134,37,103,-66
116900136,15,86,-71
116900137,63,126,-63
116900138,44,95,-51
116900139,20,218,-198
116900140,36,119,-83
116900141,160,163,-3
116900142,13,16,-3
116900143,57,267,-210
116900144,3,11,-8
116900145,8,228,-220
116900147,232,131,101
116900148,5,23,-18
116900149,4,36,-32
116900150,2,5,-3
116900151,11,3,8
116900153,7,25,-18
116900154,50,36,14
116900155,16,17,-1
116900157,27,150,-123
116900158,3,27,-24
116900159,30,95,-65
116900160,197,76,121
116900161,4524,954,3570
116900162,0,60,-60
116900163,6,78,-72
116900164,6,12,-6
116900165,16,26,-10
116900166,0,44,-44
116900167,24,28,-4
116900168,38,30,8
116900169,123,57,66
116900170,26,101,-75
116900171,2,98,-96
116900172,52,21,31
116900173,11,19,-8
116900174,4,3,1
116900175,22,13,9
116900178,2,80,-78
116900179,26,15,11
116900180,9,16,-7
116900182,101,95,6
116900183,16,43,-27
116900185,0,7,-7
116900186,41,179,-138
116900187,3,3,0
116900188,18,17,1
116900189,0,0,0
116900191,45,170,-125
116900192,21,52,-31
116900194,8,128,-120
116900195,11,6,5
116900196,2,87,-85
116900197,12,0,12
116900198,132,36,96
116900200,4,38,-34
116900201,12,7,5
116900202,13,35,-22
116900203,10,0,10
116900204,4,20,-16
116900206,1,25,-24
116900207,5,10,-5
116900208,0,23,-23
116900209,11,58,-47
116900210,102,87,15
116900211,76,4,72
116900212,3,60,-57
116900213,29,34,-5
116900214,14,71,-57
116900215,1,12,-11
116900216,54,244,-190
116900218,88,293,-205
116900219,498,195,303
116900220,18,110,-92
116900221,19,120,-101
116900222,72,98,-26
116900223,36,84,-48
116900226,3,43,-40
116900227,18,37,-19
116900228,35,184,-149
116900230,15,464,-449
116900233,40,54,-14
116900234,2,1,1
116900235,40,165,-125
116900238,580,116,464
116900239,3,167,-164
116900240,2780,561,2219
116900241,9,85,-76
116900242,1004,80,924
116900243,0,11,-11
116900245,13,1,12
116900246,2,0,2
116900247,49,3,46
116900248,4,9,-5
116900249,26,14,12
116900250,41,24,17
116900251,109,19,90
116900252,5,515,-510
116900254,4,47,-43
116900255,63,6,57
116900256,43,21,22
116900257,8,386,-378
116900258,0,273,-273
116900259,10,6,4
116900260,0,89,-89
116900261,2,1,1
116900262,20,98,-78
116900263,1,4,-3
116900264,0,1,-1
116900265,5,0,5
116900266,14,76,-62
116900267,1,1,0
116900268,0,3,-3
116900269,55,223,-168
116900271,1299,33,1266
116900272,207,324,-117
116900273,109,15,94
116900274,4,15,-11
116900275,5,48,-43
116900276,182,17,165
116900277,49,2,47
116900278,1,2,-1
116900279,3,10,-7
116900280,87,22,65
116900281,3692,480,3212
116900282,3,100,-97
116900283,1,64,-63
116900284,5,88,-83
116900285,70,15,55
116900286,59,4,55
116900287,1,49,-48
116900288,3,73,-70
116900289,0,22,-22
116900290,0,33,-33
116900291,0,5,-5
116900292,0,1,-1
116900293,1,63,-62
116900294,11,72,-61
116900295,7,7,0
116900296,3,8,-5
116900297,3,8,-5
116900298,23,12,11
116900299,2,9,-7
116900300,0,25,-25
116900301,6,19,-13
116900302,12,11,1
116900303,199,14,185
116900304,0,81,-81
116900305,1,4,-3
116900306,19,47,-28
116900307,7,0,7
116900308,2,137,-135
116900309,60,172,-112
117000001,327,462,-135
117000002,640,2241,-1601
117000003,1410,912,498
117000004,1647,2496,-849
117000005,366,475,-109
117000006,308,2505,-2197
117000007,645,350,295
117000008,575,2373,-1798
117000009,1097,412,685
117000010,1069,1774,-705
117000011,235,577,-342
117000012,419,1175,-756
117000013,270,499,-229
117000014,236,1195,-959
117000015,1039,404,635
117000016,68,49,19
117000017,109,72,37
117000018,34,137,-103
117000019,15,14,1
117000020,363,417,-54
117000021,1719,241,1478
117000022,136,35,101
117000023,158,56,102
117000024,192,48,144
117000025,371,364,7
117000026,372,118,254
117000027,721,616,105
117000028,37,79,-42
117000030,172,278,-106
117000031,56,16,40
117000032,794,527,267
117000033,320,335,-15
117000034,59,125,-66
117000035,38,12,26
117000036,80,161,-81
117000037,8,11,-3
117000038,14,205,-191
117000039,35,95,-60
117000040,57,1051,-994
117000041,104,43,61
117000044,10,830,-820
117000045,52,8,44
117000046,144,628,-484
117000047,54,101,-47
117000048,1072,869,203
117000049,50,170,-120
117000050,30,1936,-1906
117000051,536,109,427
117000052,4,450,-446
117000053,43,50,-7
117000054,259,1,258
117000055,118,2373,-2255
117000056,119,0,119
117000057,422,1220,-798
117000060,140,1201,-1061
117000061,162,163,-1
117000062,56,292,-236
117000063,187,143,44
117000064,394,565,-171
117000066,435,341,94
117000067,20,104,-84
117000074,63,33,30
117000076,34,7,27
117000077,48,31,17
117000078,19,243,-224
117000079,32,67,-35
117000080,0,224,-224
117000081,153,52,101
117000082,19,35,-16
117000083,4,1,3
117000084,4,0,4
117000085,39,152,-113
117000086,249,404,-155
117000087,56,293,-237
117000088,99,46,53
117000089,382,87,295
117000090,90,1172,-1082
117000091,114,62,52
117000092,125,1240,-1115
117000093,150,151,-1
117000094,259,1595,-1336
117000095,284,209,75
117000096,230,1768,-1538
117000097,223,396,-173
117000098,1493,3668,-2175
117000099,453,241,212
117000100,54,101,-47
117000101,164,775,-611
117000102,134,133,1
117000103,444,1171,-727
117000104,176,190,-14
117000105,271,1412,-1141
117000106,131,177,-46
117000107,181,1882,-1701
117000108,151,184,-33
117000109,810,1977,-1167
117000110,264,177,87
117000111,788,1507,-719
117000112,510,634,-124
117000113,29,244,-215
117000114,8,20,-12
117000115,17,110,-93
117000116,7,81,-74
117000117,309,113,196
117000118,38,99,-61
117000119,14,9,5
117000120,22,18,4
117000121,4,59,-55
117000122,205,85,120
117000123,436,9,427
117000124,40,3,37
117000125,74,24,50
117000126,19,17,2
117000127,58,191,-133
117000128,147,240,-93
117000129,159,105,54
117000130,1,0,1
117000131,0,172,-172
117000132,211,121,90
117000133,143,209,-66
117000134,1,40,-39
117000135,0,21,-21
117000136,1,47,-46
117000137,14,16,-2
117000138,0,146,-146
117000140,141,1153,-1012
117000141,201,126,75
117000181,490,135,355
117000182,49,21,28
117000195,90,881,-791
117000196,9,16,-7
117000225,62,1,61
117000226,0,42,-42
117000276,39,1,38
117000277,2,376,-374
117000310,1145,968,177
117000315,10,113,-103
117000320,0,0,0
117000906,14,1,13
117000907,4,361,-357
117000909,30,18,12
117000910,126,77,49
117000911,85,149,-64
117000915,5,386,-381
117000916,2,0,2
117000917,96,1,95
117000918,9,5,4
117000919,0,56,-56
117000920,6,1201,-1195
117000921,7,1654,-1647
117000922,0,0,0
117000924,132,156,-24
117000926,800,41,759
117000927,54,109,-55
117000928,3,217,-214
117000929,44,424,-380
117000930,45,4,41
117000931,84,14,70
117900002,85,172,-87
117900003,407,94,313
117900005,0,18,-18
117900006,0,23,-23
117900007,17,109,-92
117900008,0,24,-24
117900010,27,124,-97
117900011,8,14,-6
117900012,5,101,-96
117900013,0,181,-181
117900014,97,256,-159
117900015,10,183,-173
117900016,498,114,384
117900017,55,411,-356
117900018,102,9,93
117900019,25,405,-380
117900020,11,34,-23
117900021,12,114,-102
117900023,374,18,356
117900024,36,180,-144
117900025,3,7,-4
117900026,53,257,-204
117900028,4,2,2
117900029,24,667,-643
117900030,55,72,-17
117900031,17,49,-32
117900032,62,82,-20
117900033,23,677,-654
117900034,24,23,1
117900035,24,11,13
117900036,31,502,-471
117900037,17,42,-25
117900038,14,333,-319
117900039,1,52,-51
117900040,49,365,-316
117900041,1,38,-37
117900042,2612,167,2445
117900043,13,43,-30
117900044,14,349,-335
117900045,33,42,-9
117900048,50,192,-142
117900049,30,447,-417
117900050,0,11,-11
117900051,2,1,1
117900052,12,76,-64
117900053,336,463,-127
117900054,0,31,-31
117900055,55,24,31
117900056,87,3,84
117900057,348,772,-424
117900058,15,2,13
117900059,28,11,17
117900060,234,3521,-3287
117900061,3,23,-20
117900063,21,116,-95
117900065,538,578,-40
117900066,3,3,0
117900067,41,176,-135
117900069,56,284,-228
117900070,23,2,21
117900071,26,71,-45
117900073,70,307,-237
117900074,5,1,4
117900075,2,45,-43
117900076,4,31,-27
117900077,26,21,5
117900078,50,176,-126
117900080,15,19,-4
117900081,254,254,0
117900082,94,130,-36
117900083,22,543,-521
117900086,14,23,-9
117900087,2,19,-17
117900088,1289,707,582
117900089,340,117,223
117900090,35,542,-507
117900091,50,72,-22
117900092,3,21,-18
117900093,7,30,-23
117900094,12,3,9
117900095,50,464,-414
117900096,6,116,-110
117900097,2,25,-23
117900098,2,1,1
117900099,10,225,-215
117900100,13,0,13
117900101,141,296,-155
117900102,2,14,-12
117900103,2,0,2
117900104,1,67,-66
117900105,15,69,-54
117900106,3,6,-3
117900107,6,0,6
117900109,73,132,-59
117900110,7,0,7
117900111,44,1,43
117900112,3,2,1
117900113,1408,333,1075
117900114,0,1,-1
117900115,64,4,60
117900116,513,285,228
117900117,170,119,51
117900118,4,0,4
117900119,20,297,-277
117900120,9,50,-41
117900121,3,8,-5
117900122,439,289,150
117900123,125,617,-492
117900124,238,228,10
117900125,383,389,-6
117900126,235,344,-109
117900127,131,303,-172
117900128,60,511,-451
117900129,1,0,1
117900130,195,149,46
117900131,1,60,-59
117900132,1,42,-41
117900133,3,137,-134
117900134,18,128,-110
117900135,2,197,-195
117900136,0,25,-25
117900137,8,211,-203
117900138,0,22,-22
117900139,15,49,-34
117900140,3125,38,3087
117900141,87,142,-55
117900142,6,2,4
117900144,10,21,-11
117900145,5,2,3
117900146,68,58,10
117900147,6,24,-18
117900148,1259,475,784
117900149,4,76,-72
117900150,4,99,-95
117900151,3,148,-145
117900152,17,54,-37
117900153,0,50,-50
117900154,82,420,-338
117900156,199,186,13
117900157,10,171,-161
117900158,7,10,-3
117900160,182,161,21
117900161,1187,1159,28
117900162,22,85,-63
117900163,56,5,51
117900165,0,6,-6
117900166,21,53,-32
117900168,19,96,-77
117900169,0,77,-77
117900170,0,19,-19
117900171,0,5,-5
117900172,4,5,-1
117900173,54,11,43
117900174,20,6,14
117900175,1,13,-12
117900176,0,7,-7
117900177,2,13,-11
117900178,24,11,13
117900180,91,10,81
117900181,22,16,6
117900182,0,3,-3
117900183,3,23,-20
117900184,0,6,-6
117900185,0,4,-4
117900186,2,1,1
117900187,0,0,0
117900188,19,4,15
117900189,11,0,11
117900190,0,0,0
117900191,4,0,4
117900192,6,4,2
117900193,0,20,-20
117900194,2,0,2
117900195,0,0,0
117900196,0,5,-5
117900207,12,20,-8
117900208,2,10,-8
117900209,80,34,46
117900210,62,51,11
117900211,3,84,-81
117900212,32,66,-34
117900213,0,0,0
117900214,1,34,-33
117900215,0,5,-5
117900216,1,4,-3
117900217,14,16,-2
117900218,75,22,53
117900219,1,37,-36
117900220,0,20,-20
117900222,106,120,-14
117900223,48,49,-1
118000001,189,175,14
118000002,671,854,-183
118000003,404,485,-81
118000004,1213,1026,187
118000005,1566,704,862
118000006,4248,2306,1942
118000007,2000,1015,985
118000008,1931,1322,609
118000009,812,1123,-311
118000010,772,1687,-915
118000011,259,1598,-1339
118000012,331,1584,-1253
118000013,1677,1482,195
118000014,768,2343,-1575
118000016,110,370,-260
118000017,43,95,-52
118000018,85,334,-249
118000019,743,546,197
118000020,599,509,90
118000021,451,848,-397
118000022,1108,215,893
118000023,508,166,342
118000024,586,254,332
118000027,8584,1765,6819
118000029,562,242,320
118000032,376,474,-98
118000033,843,761,82
118000034,2234,937,1297
118000035,455,602,-147
118000036,287,544,-257
118000037,200,411,-211
118000038,63,105,-42
118000039,22,183,-161
118000040,393,1283,-890
118000041,512,621,-109
118000045,186,43,143
118000046,781,343,438
118000047,722,218,504
118000048,1388,538,850
118000051,539,232,307
118000052,396,235,161
118000053,201,127,74
118000054,2430,414,2016
118000055,1959,395,1564
118000056,111,75,36
118000057,169,114,55
118000058,698,273,425
118000059,401,244,157
118000060,154,355,-201
118000061,192,561,-369
118000062,139,102,37
118000063,120,204,-84
118000064,313,388,-75
118000065,1877,528,1349
118000066,275,308,-33
118000067,664,441,223
118000068,799,1282,-483
118000069,1413,424,989
118000070,3971,463,3508
118000071,2017,1301,716
118000072,881,724,157
118000073,852,122,730
118000074,116,216,-100
118000075,405,174,231
118000076,415,593,-178
118000077,630,549,81
118000078,693,812,-119
118000079,98,128,-30
118000080,606,410,196
118000081,502,509,-7
118000082,148,332,-184
118000083,1191,440,751
118000084,1223,581,642
118000086,86,271,-185
118000087,3940,1148,2792
118000088,896,772,124
118000089,2188,1195,993
118000090,1635,729,906
118000091,844,747,97
118000092,974,220,754
118000093,61,263,-202
118000096,176,203,-27
118000097,185,231,-46
118000098,75,94,-19
118000099,98,604,-506
118000101,200,180,20
118000102,76,690,-614
118000107,1627,148,1479
118000108,38,121,-83
118000110,1,9,-8
118000111,7,536,-529
118000112,0,0,0
118000113,7,686,-679
118000114,0,0,0
118000115,3,0,3
118000116,2,0,2
118000117,428,404,24
118000118,229,258,-29
118000119,217,476,-259
118000120,709,902,-193
118000121,16,281,-265
118000122,281,49,232
118000123,17,158,-141
118000125,795,583,212
118000126,300,794,-494
118000127,380,168,212
118000128,314,635,-321
118000129,333,126,207
118000130,1772,2559,-787
118000131,411,781,-370
118000132,576,443,133
118000133,126,254,-128
118000135,29,48,-19
118000136,73,309,-236
118000137,218,36,182
118000138,40,317,-277
118000139,32,68,-36
118000140,1140,1009,131
118000141,408,635,-227
118000142,463,1181,-718
118000143,318,329,-11
118000144,535,381,154
118000145,662,1391,-729
118000146,405,750,-345
118000147,283,1138,-855
118000148,146,716,-570
118000149,172,652,-480
118000150,45,97,-52
118000151,25,134,-109
118000153,273,474,-201
118000154,208,658,-450
118000155,186,364,-178
118000156,1043,947,96
118000157,168,215,-47
118000158,41,257,-216
118000159,0,2,-2
118000160,32,79,-47
118000161,97,567,-470
118000162,137,320,-183
118000163,129,187,-58
118000164,694,424,270
118000168,837,84,753
118000169,371,1009,-638
118000170,1711,3744,-2033
118000171,24,132,-108
118000172,10,66,-56
118000173,206,525,-319
118000175,44,69,-25
118000176,49,90,-41
118000177,44,155,-111
118000178,2,15,-13
118000179,349,133,216
118000180,136,174,-38
118000181,283,155,128
118000182,154,115,39
118000183,97,92,5
118000184,37,293,-256
118000185,459,298,161
118000186,244,332,-88
118000187,201,637,-436
118000188,63,155,-92
118000189,56,472,-416
118000190,0,2,-2
118000191,1,6,-5
118000192,102,57,45
118000193,35,84,-49
118000194,829,270,559
118000195,296,235,61
118000196,54,32,22
118000197,99,52,47
118000198,153,95,58
118000199,220,139,81
118000200,3,11,-8
118000201,171,121,50
118000202,8,1,7
118000203,586,111,475
118000204,135,52,83
118000205,200,99,101
118000206,56,49,7
118000207,0,66,-66
118000208,245,513,-268
118000209,451,1040,-589
118000210,1,10,-9
118000211,0,4,-4
118000213,122,208,-86
118000214,310,116,194
118000215,126,155,-29
118000216,9,347,-338
118000217,9,56,-47
118000218,7,61,-54
118000219,138,127,11
118000220,0,3,-3
118000221,18,100,-82
118000222,87,21,66
118000223,4,9,-5
118000224,91,45,46
118000225,17,504,-487
118000226,57,34,23
118000227,429,98,331
118000228,66,45,21
118000229,25,2,23
118000230,35,159,-124
118000231,9,121,-112
118000232,158,594,-436
118000233,175,247,-72
118000234,54,117,-63
118000236,76,339,-263
118000237,14,361,-347
118000238,37,158,-121
118000239,72,98,-26
118000240,237,30,207
118000241,14,133,-119
118000242,47,544,-497
118000243,18,92,-74
118000244,7,107,-100
118000246,0,1,-1
118000255,14,111,-97
118000256,13,115,-102
118000259,2,16,-14
118000260,5,55,-50
118000261,2,44,-42
118000263,22,135,-113
118000266,80,208,-128
118000267,0,45,-45
118000268,5,3,2
118000270,10,11,-1
118000271,23,171,-148
118000272,24,5,19
118000273,22,76,-54
118000274,56,171,-115
118000276,58,135,-77
118000295,2,34,-32
118000298,15,225,-210
118000299,52,131,-79
118000301,1,39,-38
118000302,14,48,-34
118000311,15,95,-80
118000312,23,193,-170
118000313,5,81,-76
118000314,14,50,-36
118000315,2,32,-30
118000316,116,256,-140
118000325,2,39,-37
118000326,1,23,-22
118000331,3,71,-68
118000332,8,31,-23
118000333,4,44,-40
118000335,0,0,0
118000336,0,247,-247
118000407,4,19,-15
118000457,5,27,-22
118000465,1471,860,611
118000480,5,87,-82
118000489,39,29,10
118000490,82,298,-216
118000492,55,96,-41
118000510,45,23,22
118000514,19,178,-159
118000515,63,75,-12
118000517,243,97,146
118000524,474,61,413
118000525,340,432,-92
118000530,4,33,-29
118000531,64,90,-26
118000532,61,184,-123
118000533,112,67,45
118000534,99,203,-104
118000535,36,49,-13
118000536,132,84,48
118000537,3,21,-18
118000538,18,46,-28
118000539,15,28,-13
118000540,49,130,-81
118000541,25,57,-32
118000542,7,35,-28
118000543,21,34,-13
118000546,12,15,-3
118000553,0,0,0
118000557,0,0,0
118000560,1774,175,1599
118000562,1,131,-130
118000563,732,417,315
118000576,56,160,-104
118000577,113,92,21
118000578,112,94,18
118000579,330,349,-19
118000583,0,0,0
118000595,68,30,38
118000596,0,30,-30
118000597,56,114,-58
118000598,2,0,2
118000599,3,23,-20
118000600,1,2,-1
118000601,0,0,0
118000602,0,1,-1
118000603,0,31,-31
118000605,6,137,-131
118000606,6,413,-407
118900001,356,157,199
118900002,415,127,288
118900003,3,6,-3
118900004,0,40,-40
118900005,13,0,13
118900006,0,0,0
118900007,1,2,-1
118900008,396,13,383
118900009,1,0,1
118900010,0,0,0
118900011,10,3,7
118900012,49,78,-29
118900013,71,0,71
118900015,22,11,11
118900016,4,4,0
118900017,11,10,1
118900018,244,0,244
118900019,17,7,10
118900020,3,24,-21
118900021,39,151,-112
118900022,45,67,-22
118900023,25,23,2
118900024,2,37,-35
118900025,2,1,1
118900026,13,52,-39
118900027,95,38,57
118900028,6,86,-80
118900029,13,116,-103
118900030,0,0,0
118900031,35,80,-45
118900032,26,63,-37
118900033,67,222,-155
118900034,1,0,1
118900035,33,201,-168
118900036,180,266,-86
118900037,26,77,-51
118900038,51,229,-178
118900039,11,48,-37
118900040,38,53,-15
118900041,20,35,-15
118900042,19,31,-12
118900045,22,49,-27
118900046,565,64,501
118900047,359,104,255
118900048,10,64,-54
118900049,4,5,-1
118900050,2,149,-147
118900051,8,10,-2
118900052,12,68,-56
118900053,1,8,-7
118900054,14,38,-24
118900055,4,77,-73
118900056,1,26,-25
118900057,15,99,-84
118900058,64,163,-99
118900059,3,8,-5
118900060,11,55,-44
118900062,14,78,-64
118900064,193,87,106
118900065,8,46,-38
118900066,16,13,3
118900067,4614,838,3776
118900068,1,24,-23
118900069,25,129,-104
118900071,0,13,-13
118900072,75,112,-37
118900073,14,63,-49
118900074,30,31,-1
118900075,4,15,-11
118900076,28,21,7
118900077,22,75,-53
118900078,3,2,1
118900079,13,64,-51
118900080,1,31,-30
118900081,5,3,2
118900082,78,56,22
118900083,0,12,-12
118900084,2,6,-4
118900085,139,410,-271
118900086,2,11,-9
118900087,15,50,-35
118900088,0,13,-13
118900089,16,4,12
118900090,101,196,-95
118900091,37,11,26
118900092,7,73,-66
118900093,22,4,18
118900096,6,21,-15
118900097,37,497,-460
118900099,5,124,-119
118900100,30,45,-15
118900101,5,183,-178
118900102,4,32,-28
118900103,5,31,-26
118900104,8,36,-28
118900105,67,79,-12
118900107,47,96,-49
118900108,18,68,-50
118900110,142,81,61
118900111,26,216,-190
118900112,0,19,-19
118900113,6,204,-198
118900114,2,24,-22
118900115,26,139,-113
118900116,20,72,-52
118900117,14,86,-72
118900118,33,255,-222
118900119,17,141,-124
118900120,30,132,-102
118900121,0,93,-93
118900122,4,143,-139
118900123,53,110,-57
118900124,5,61,-56
118900126,1,114,-113
118900129,14,59,-45
118900130,5,7,-2
118900131,18,236,-218
118900132,32,46,-14
118900133,8,13,-5
118900135,47,92,-45
118900136,37,454,-417
118900137,0,1,-1
118900139,19,269,-250
118900140,76,605,-529
118900141,12,101,-89
118900144,25,577,-552
118900145,9,60,-51
118900146,50,405,-355
118900147,13,26,-13
118900148,2,25,-23
118900150,4,65,-61
118900152,76,439,-363
118900157,22,15,7
118900158,0,17,-17
118900159,1,68,-67
118900161,2,0,2
118900163,43,18,25
118900164,5,26,-21
118900165,3,174,-171
118900166,7,10,-3
118900167,10,69,-59
118900168,0,21,-21
118900169,26,245,-219
118900170,12,33,-21
118900171,2,23,-21
118900174,14,40,-26
118900175,36,164,-128
118900176,7,68,-61
118900177,0,15,-15
118900178,6,62,-56
118900179,1,15,-14
118900181,50,54,-4
118900182,10,25,-15
118900183,5,27,-22
118900184,18,14,4
118900185,4,67,-63
118900186,26,53,-27
118900187,41,95,-54
118900188,50,92,-42
118900189,6,95,-89
118900190,0,247,-247
118900191,35,7,28
118900192,22,0,22
118900193,9,4,5
118900195,23,287,-264
118900196,19,78,-59
118900197,2,6,-4
118900198,1,23,-22
118900199,3,44,-41
118900200,5,2,3
118900201,6,3,3
118900202,6,49,-43
118900203,2,21,-19
118900204,0,26,-26
118900205,0,9,-9
118900206,0,24,-24
119000001,358,300,58
119000002,657,971,-314
119000003,362,957,-595
119000004,452,607,-155
119000005,568,642,-74
119000006,521,838,-317
119000007,710,1044,-334
119000008,638,1415,-777
119000009,1523,1129,394
119000010,4843,2652,2191
119000011,3616,859,2757
119000012,3244,1358,1886
119000013,1355,573,782
119000014,1125,1819,-694
119000019,62,137,-75
119000020,314,789,-475
119000021,985,1073,-88
119000022,1181,345,836
119000023,20,62,-42
119000024,1123,1907,-784
119000025,7707,546,7161
119000026,220,107,113
119000027,380,135,245
119000028,941,583,358
119000029,74,137,-63
119000030,277,728,-451
119000031,396,537,-141
119000032,1352,1006,346
119000033,911,728,183
119000034,437,789,-352
119000035,7,232,-225
119000036,236,708,-472
119000037,252,1455,-1203
119000038,57,682,-625
119000039,110,201,-91
119000040,527,191,336
119000041,705,466,239
119000048,2879,2587,292
119000049,546,2661,-2115
119000050,499,1086,-587
119000051,748,564,184
119000052,835,1454,-619
119000053,767,659,108
119000054,870,2019,-1149
119000055,614,1907,-1293
119000056,424,1121,-697
119000057,400,1445,-1045
119000058,521,1226,-705
119000059,278,621,-343
119000060,318,479,-161
119000061,204,378,-174
119000062,497,776,-279
119000063,68,129,-61
119000064,652,801,-149
119000065,885,2045,-1160
119000066,550,349,201
119000067,795,1528,-733
119000068,438,617,-179
119000069,486,1495,-1009
119000070,600,728,-128
119000071,218,474,-256
119000072,3555,2093,1462
119000073,2113,2282,-169
119000074,223,2443,-2220
119000075,266,1768,-1502
119000076,253,452,-199
119000077,271,204,67
119000078,107,278,-171
119000079,31,325,-294
119000080,96,167,-71
119000081,19,206,-187
119000082,97,190,-93
119000083,115,167,-52
119000084,100,283,-183
119000085,169,138,31
119000086,84,212,-128
119000087,649,400,249
119000088,129,206,-77
119000089,40,78,-38
119000090,36,42,-6
119000091,173,141,32
119000092,251,75,176
119000093,2426,2249,177
119000094,900,2216,-1316
119000095,347,1745,-1398
119000097,1817,708,1109
119000098,319,749,-430
119000099,803,754,49
119000100,919,1007,-88
119000101,1335,1389,-54
119000102,265,275,-10
119000103,457,214,243
119000104,1779,893,886
119000105,169,290,-121
119000106,66,1546,-1480
119000107,140,245,-105
119000108,90,1067,-977
119000109,19,211,-192
119000110,267,350,-83
119000111,13,271,-258
119000112,139,103,36
119000113,1284,135,1149
119000114,241,123,118
119000115,98,35,63
119000116,34,33,1
119000117,16,81,-65
119000118,1,0,1
119000123,831,180,651
119000124,56,108,-52
119000125,459,579,-120
119000126,123,590,-467
119000127,112,685,-573
119000128,44,9,35
119000131,196,793,-597
119000132,5,4,1
119000133,1,4,-3
119000134,474,186,288
119000135,18,149,-131
119000136,32,255,-223
119000137,27,361,-334
119000138,67,353,-286
119000139,25,227,-202
119000140,47,175,-128
119000284,1025,1603,-578
119000285,1940,1530,410
119000286,3290,2270,1020
119000287,575,1175,-600
119000288,598,910,-312
119000289,803,1939,-1136
119000290,98,285,-187
119000291,15,192,-177
119000293,40,129,-89
119000294,10,8,2
119000295,1212,283,929
119000296,40,69,-29
119000297,0,0,0
119000302,4238,830,3408
119000303,0,0,0
119000310,0,1,-1
119000314,1004,1584,-580
119000315,1,503,-502
119000316,18,79,-61
119000317,5,375,-370
119900001,21,213,-192
119900002,11,96,-85
119900003,16,771,-755
119900004,169,98,71
119900005,9,87,-78
119900006,38,154,-116
119900007,78,9,69
119900008,2,12,-10
119900009,130,284,-154
119900010,443,614,-171
119900011,5,19,-14
119900012,0,15,-15
119900013,520,288,232
119900014,294,102,192
119900015,16,5,11
119900016,8,39,-31
119900017,1,18,-17
119900018,386,38,348
119900019,1,3,-2
119900020,5,71,-66
119900021,9,15,-6
119900022,23,64,-41
119900023,291,88,203
119900025,7,14,-7
119900026,392,17,375
119900027,0,2,-2
119900028,30,3,27
119900029,0,3,-3
119900030,67,142,-75
119900031,2,63,-61
119900033,1090,47,1043
119900034,27,123,-96
119900037,22,5,17
119900038,23,28,-5
119900039,14,0,14
119900040,9,2,7
119900041,9,55,-46
119900042,11,53,-42
119900043,3,88,-85
119900044,40,85,-45
119900046,4,67,-63
119900047,29,6,23
119900048,23,40,-17
119900049,8,4,4
119900050,6,8,-2
119900051,69,0,69
119900052,1,45,-44
119900053,92,95,-3
119900054,3,0,3
119900055,166,93,73
119900057,37,73,-36
119900058,30,0,30
119900059,18,29,-11
119900060,26,2,24
119900061,31,0,31
119900062,3,30,-27
119900063,3,16,-13
119900065,25,3,22
119900067,24,25,-1
119900068,33,0,33
119900069,20,2,18
119900070,70,0,70
119900071,43,2,41
119900073,641,172,469
119900074,0,4,-4
119900075,3496,920,2576
119900076,51,283,-232
119900077,66,975,-909
119900078,44,508,-464
119900079,136,162,-26
119900080,38,142,-104
119900081,41,51,-10
119900082,97,19,78
119900083,1,11,-10
119900084,66,30,36
119900085,55,27,28
119900086,29,650,-621
119900087,41,50,-9
119900088,16,44,-28
119900089,1,420,-419
119900090,103,34,69
119900091,9,731,-722
119900092,1,245,-244
119900093,241,27,214
119900094,18,158,-140
119900095,107,42,65
119900096,17,71,-54
119900097,141,86,55
119900098,5,16,-11
119900099,11,270,-259
119900100,1559,475,1084
119900101,102,340,-238
119900102,3,241,-238
119900103,11,328,-317
119900104,13,134,-121
119900105,144,892,-748
119900106,2,149,-147
119900107,132,2044,-1912
119900108,860,452,408
119900109,6,124,-118
119900110,96,509,-413
119900111,5,248,-243
119900112,1553,181,1372
119900113,32,506,-474
119900114,52,1201,-1149
119900115,15,972,-957
119900116,15,91,-76
119900117,105,980,-875
119900118,2,941,-939
119900119,20,197,-177
119900120,338,495,-157
119900121,40,1003,-963
119900122,98,290,-192
119900123,47,107,-60
119900124,19,772,-753
119900125,13,285,-272
119900126,4393,98,4295
119900127,1568,412,1156
119900128,34,547,-513
119900129,6,517,-511
119900130,28,131,-103
119900131,7,253,-246
119900132,1,267,-266
119900133,0,9,-9
119900134,1447,128,1319
119900135,1,334,-333
119900136,91,346,-255
119900138,207,355,-148
119900139,0,34,-34
119900140,0,99,-99
119900141,46,92,-46
119900142,0,13,-13
119900143,8,190,-182
119900144,1439,87,1352
119900145,10,143,-133
119900146,31,38,-7
119900147,2,23,-21
119900148,39,19,20
119900149,798,712,86
119900150,23,75,-52
119900151,436,346,90
119900152,25,252,-227
119900153,5,21,-16
119900154,7,664,-657
119900155,0,12,-12
119900156,7,0,7
119900157,13,167,-154
119900158,14,19,-5
119900159,8,1140,-1132
119900160,3,186,-183
119900161,103,130,-27
119900162,153,191,-38
119900163,46,39,7
119900164,0,1,-1
119900165,4,141,-137
119900166,10,13,-3
119900167,23,73,-50
119900168,155,175,-20
119900169,54,50,4
119900170,56,45,11
119900171,178,301,-123
119900172,25,3,22
119900173,25,416,-391
119900174,14,165,-151
119900175,100,259,-159
119900177,7,150,-143
119900178,13,118,-105
119900179,10,78,-68
119900180,255,246,9
119900181,26,7,19
119900182,3,315,-312
119900183,47,763,-716
119900184,1522,215,1307
119900185,9,33,-24
119900186,10,46,-36
119900187,1,390,-389
119900188,5,170,-165
119900189,65,48,17
119900190,18,52,-34
119900191,33,45,-12
119900192,6,143,-137
119900193,52,60,-8
119900194,1,17,-16
119900195,10,116,-106
119900196,1085,194,891
119900197,14,40,-26
119900198,8,355,-347
119900199,86,6,80
119900200,51,215,-164
119900201,209,122,87
119900202,77,5,72
119900203,22,67,-45
119900204,16,111,-95
119900205,42,261,-219
119900206,5,73,-68
119900208,13,35,-22
119900209,95,129,-34
119900210,4,11,-7
119900211,21,3,18
119900212,19,238,-219
119900213,1,16,-15
119900214,2,72,-70
119900215,10,75,-65
119900216,6,67,-61
119900217,4,56,-52
119900218,6,44,-38
119900219,1,177,-176
119900220,3,96,-93
119900221,9,352,-343
119900222,5,231,-226
119900223,11,65,-54
119900224,16,22,-6
119900225,901,29,872
119900226,549,312,237
119900227,1021,172,849
119900228,0,156,-156
119900229,134,195,-61
119900230,565,193,372
119900231,18,84,-66
119900232,26,11,15
119900233,9,0,9
119900234,7,8,-1
119900235,4,6,-2
119900236,3,126,-123
119900237,3,221,-218
119900238,1,48,-47
119900240,5,73,-68
119900241,64,144,-80
119900242,698,206,492
119900244,278,617,-339
119900245,17,58,-41
119900246,32,48,-16
119900247,15,14,1
119900248,3,10,-7
119900249,32,9,23
119900253,2022,84,1938
119900254,10,59,-49
119900255,20,385,-365
119900256,25,999,-974
119900257,3,0,3
119900258,5,0,5
119900259,2,123,-121
119900260,12,0,12
119900261,14,99,-85
119900262,18,235,-217
119900263,467,228,239
119900264,6,161,-155
119900265,60,210,-150
119900266,61,137,-76
119900267,15,221,-206
119900268,8,154,-146
119900269,46,981,-935
119900271,3,22,-19
119900272,18,13,5
119900275,18,0,18
119900276,0,0,0
119900277,2,0,2
119900278,81,9,72
119900279,38,42,-4
119900280,664,115,549
119900281,0,34,-34
119900282,30,1,29
119900283,3,200,-197
119900284,14,90,-76
119900285,6,17,-11
119900286,4,5,-1
119900288,1,17,-16
119900289,0,25,-25
119900290,0,9,-9
119900291,0,23,-23
119900292,9,2,7
119900293,4,27,-23
119900294,5,37,-32
119900295,1,29,-28
119900296,3,78,-75
119900297,0,7,-7
119900298,2,40,-38
119900299,4,158,-154
119900300,13,87,-74
119900301,3,4,-1
119900302,6,9,-3
119900303,10,75,-65
119900304,7,5,2
119900305,14,44,-30
119900306,4,0,4
119900307,5,62,-57
119900308,1,7,-6
119900309,11,14,-3
119900310,81,177,-96
119900311,5,75,-70
119900312,31,27,4
119900313,29,245,-216
119900314,9,72,-63
119900315,87,1827,-1740
119900318,0,1,-1
119900319,0,296,-296
119900320,36,585,-549
119900321,4,0,4
120000001,4074,2284,1790
120000002,1139,2477,-1338
120000003,2292,1697,595
120000004,2068,2025,43
120000005,3271,1752,1519
120000006,944,1033,-89
120000007,1546,1503,43
120000008,490,920,-430
120000009,3342,642,2700
120000010,623,2444,-1821
120000011,375,1484,-1109
120000012,1172,2131,-959
120000013,740,1837,-1097
120000014,234,967,-733
120000015,710,922,-212
120000016,891,644,247
120000017,324,465,-141
120000018,2075,2165,-90
120000019,257,342,-85
120000020,816,821,-5
120000021,864,781,83
120000022,2131,1563,568
120000023,345,778,-433
120000024,803,1033,-230
120000025,710,1266,-556
120000026,218,1325,-1107
120000027,501,1062,-561
120000028,294,207,87
120000029,1192,246,946
120000030,43,395,-352
120000031,896,2457,-1561
120000032,6945,1845,5100
120000033,754,913,-159
120000034,371,1465,-1094
120000035,548,1502,-954
120000036,853,2041,-1188
120000037,115,313,-198
120000038,6666,1937,4729
120000039,199,658,-459
120000040,19,75,-56
120000041,135,1592,-1457
120000042,559,3849,-3290
120000043,1842,1829,13
120000044,922,804,118
120000045,1043,589,454
120000046,533,884,-351
120000047,818,1160,-342
120000048,5025,1467,3558
120000049,884,1423,-539
120000050,1153,2732,-1579
120000051,2700,2277,423
120000052,10230,1435,8795
120000053,532,3138,-2606
120000054,776,5084,-4308
120000055,507,2831,-2324
120000056,1644,3264,-1620
120000057,569,740,-171
120000058,69,117,-48
120000059,71,850,-779
120000061,55,404,-349
120000062,137,296,-159
120000063,1469,2507,-1038
120000064,176,1378,-1202
120000065,140,1358,-1218
120000066,32,302,-270
120000067,15,342,-327
120000068,66,976,-910
120000069,281,1236,-955
120000070,15,885,-870
120000071,41,152,-111
120000072,107,344,-237
120000073,96,57,39
120000074,7,26,-19
120000075,58,115,-57
120000076,228,187,41
120000077,264,242,22
120000078,2017,237,1780
120000079,58,457,-399
120000080,31,123,-92
120000081,51,127,-76
120000082,65,157,-92
120000083,42,155,-113
120000084,234,372,-138
120000085,255,355,-100
120000086,89,530,-441
120000087,50,1011,-961
120000088,157,625,-468
120000089,191,84,107
120000090,102,83,19
120000091,194,237,-43
120000092,117,180,-63
120000093,43,183,-140
120000094,19,112,-93
120000095,261,564,-303
120000096,112,966,-854
120000098,322,730,-408
120000099,72,469,-397
120000100,145,610,-465
120000101,116,397,-281
120000102,81,197,-116
120000103,161,166,-5
120000104,251,106,145
120000105,344,109,235
120000106,318,121,197
120000107,398,126,272
120000108,118,38,80
120000109,162,25,137
120000110,44,647,-603
120000111,66,962,-896
120000112,236,3041,-2805
120000113,220,2197,-1977
120000114,148,1513,-1365
120000115,99,1453,-1354
120000116,222,1370,-1148
120000117,764,1232,-468
120000118,4,5,-1
120000119,1,16,-15
120000120,15,31,-16
120000121,0,6,-6
120000122,31,26,5
120000123,3792,487,3305
120000124,74,231,-157
120000125,66,397,-331
120000126,80,241,-161
120000127,313,191,122
120000128,979,965,14
120000129,104,78,26
120000130,199,168,31
120000131,69,361,-292
120000134,134,848,-714
120000135,27,255,-228
120000137,44,1547,-1503
120000138,75,341,-266
120000139,30,736,-706
120000140,89,453,-364
120000141,33,448,-415
120000142,41,346,-305
120000143,0,55,-55
120000144,5,1,4
120000145,36,4,32
120000146,791,237,554
120000149,177,657,-480
120000150,2908,3009,-101
120000151,202,228,-26
120000152,33,162,-129
120000153,33,365,-332
120000154,144,263,-119
120000155,37,122,-85
120000156,707,150,557
120000157,335,266,69
120000158,317,514,-197
120000159,893,1692,-799
120000160,844,498,346
120000161,435,1630,-1195
120000162,10,98,-88
120000163,101,1126,-1025
120000164,109,373,-264
120000165,81,797,-716
120000166,113,345,-232
120000167,4,7,-3
120000168,0,18,-18
120000169,141,74,67
120000170,182,50,132
120000171,50,10,40
120000172,11,7,4
120000173,1624,58,1566
120000174,240,5,235
120000175,359,6,353
120000176,56,74,-18
120000177,744,428,316
120000178,40,4,36
120000179,138,5,133
120000180,245,19,226
120000181,47,38,9
120000182,51,30,21
120000183,2,86,-84
120000184,63,1321,-1258
120000186,7,27,-20
120000187,15,10,5
120000188,84,17,67
120000190,541,0,541
120000191,808,1,807
120000192,724,4,720
120000193,270,0,270
120000195,31,1,30
120000196,79,10,69
120000197,35,53,-18
120000198,17,155,-138
120000199,5,0,5
120000200,6,0,6
120000201,3,1,2
120000202,11,38,-27
120000203,2,300,-298
120000207,1,87,-86
120000208,2,259,-257
120000209,1,88,-87
120000210,93,45,48
120000211,13,1,12
120000212,14,0,14
120000213,11,356,-345
120000214,0,359,-359
120000215,0,98,-98
120000216,10,2,8
120000217,482,1100,-618
120000218,166,1517,-1351
120000219,8,887,-879
120000220,10,2834,-2824
120000225,78,0,78
120000226,28,0,28
120000227,152,5,147
120000228,6956,812,6144
120000230,27,2,25
120000231,113,1803,-1690
120000233,17,5,12
120000235,91,553,-462
120000236,2,1,1
120000237,2,2051,-2049
120000238,0,67,-67
120000241,373,509,-136
120000412,742,1,741
120000413,31,242,-211
120000414,7,2,5
120000415,3,129,-126
120000416,0,13,-13
120000417,1,62,-61
120000418,6,4,2
120000419,4,328,-324
120000420,16,16,0
120000421,10382,4155,6227
120000422,232,177,55
120000423,0,39,-39
120000424,11,116,-105
120000436,78,84,-6
120000437,108,127,-19
120000438,3685,285,3400
120000439,15,84,-69
120000443,33,0,33
120000444,87,317,-230
120000445,317,360,-43
120000446,480,97,383
120000447,0,3,-3
120000449,9,4,5
120000450,3,348,-345
120000451,9,95,-86
120000452,3,0,3
120000453,2,327,-325
120000454,0,0,0
120000455,7,28,-21
120000456,2184,1437,747
120000457,700,529,171
120000458,237,437,-200
120000459,15,21,-6
120000665,342,100,242
120000668,60,78,-18
120000669,20,332,-312
120000670,176,196,-20
120000671,189,90,99
120000672,58,326,-268
120900001,5,7,-2
120900002,30,84,-54
120900003,51,17,34
120900004,2,12,-10
120900005,7,849,-842
120900006,32,82,-50
120900007,38,133,-95
120900008,55,662,-607
120900009,99,48,51
120900010,41,14,27
120900011,118,34,84
120900012,460,215,245
120900013,39,11,28
120900014,1,470,-469
120900015,88,48,40
120900016,64,24,40
120900017,2129,81,2048
120900018,20,312,-292
120900019,70,32,38
120900020,149,152,-3
120900021,25,12,13
120900022,5,262,-257
120900023,27,16,11
120900024,564,244,320
120900025,1451,383,1068
120900026,9,87,-78
120900027,221,82,139
120900028,44,12,32
120900029,8,36,-28
120900030,173,165,8
120900031,17,6,11
120900032,128,86,42
120900033,94,9,85
120900034,58,637,-579
120900035,14,24,-10
120900037,14,0,14
120900038,6,52,-46
120900039,3,5,-2
120900040,18,0,18
120900041,45,10,35
120900042,32,40,-8
120900043,10,5,5
120900044,38,356,-318
120900045,49,73,-24
120900046,47,13,34
120900047,20,9,11
120900048,8,3,5
120900049,25,0,25
120900050,2206,254,1952
120900051,61,34,27
120900052,42,0,42
120900053,39,35,4
120900054,538,406,132
120900055,39,5,34
120900056,41,2,39
120900057,19,1,18
120900058,46,0,46
120900059,15,1,14
120900060,10,13,-3
120900061,95,159,-64
120900062,38,0,38
120900063,39,0,39
120900064,28,0,28
120900065,25,1,24
120900066,18,233,-215
120900067,14,4,10
120900068,21,0,21
120900069,15,46,-31
120900071,5,2,3
120900072,71,0,71
120900073,28,110,-82
120900074,50,1,49
120900076,22,0,22
120900077,1701,93,1608
120900078,67,567,-500
120900079,83,63,20
120900080,44,2264,-2220
120900081,129,1031,-902
120900082,180,80,100
120900083,10,2,8
120900084,19,44,-25
120900085,45,35,10
120900086,65,69,-4
120900087,44,15,29
120900088,49,52,-3
120900089,3546,272,3274
120900090,16,125,-109
120900091,131,72,59
120900092,171,442,-271
120900093,3250,162,3088
120900094,290,127,163
120900095,44,12,32
120900096,9,41,-32
120900097,300,980,-680
120900098,158,147,11
120900099,18,60,-42
120900100,23,348,-325
120900101,110,238,-128
120900102,0,128,-128
120900103,11,90,-79
120900104,18,35,-17
120900105,8,776,-768
120900106,828,422,406
120900107,336,126,210
120900108,1,830,-829
120900109,19,700,-681
120900110,6,493,-487
120900111,57,336,-279
120900112,0,1232,-1232
120900113,1,789,-788
120900114,16,195,-179
120900115,56,73,-17
120900116,9,456,-447
120900117,4,503,-499
120900118,0,733,-733
120900119,2718,1804,914
120900120,27,592,-565
120900121,36,201,-165
120900122,24,558,-534
120900123,4,395,-391
120900124,3,618,-615
120900125,2,703,-701
120900126,430,383,47
120900127,7,451,-444
120900128,555,649,-94
120900129,10,327,-317
120900130,1,376,-375
120900131,15,29,-14
120900132,74,259,-185
120900133,126,847,-721
120900134,131,335,-204
120900135,4,562,-558
120900136,8,8,0
120900137,19,42,-23
120900138,4,175,-171
120900139,0,755,-755
120900140,0,29,-29
120900141,9,55,-46
120900142,12,715,-703
120900143,3,848,-845
120900144,0,209,-209
120900145,17,685,-668
120900146,2,839,-837
120900147,0,120,-120
120900148,7,71,-64
120900149,1,267,-266
120900150,6,451,-445
120900151,0,570,-570
120900152,0,38,-38
120900153,1,33,-32
120900154,0,237,-237
120900155,31,1079,-1048
120900156,5,366,-361
120900157,5,172,-167
120900158,6,420,-414
120900159,24,688,-664
120900160,32,305,-273
120900161,8,1226,-1218
120900162,7,1308,-1301
120900163,2,50,-48
120900164,0,0,0
120900165,1,1,0
120900166,3,14,-11
120900167,23,22,1
120900169,10,391,-381
120900170,1445,425,1020
120900171,892,137,755
120900172,610,33,577
120900173,0,43,-43
120900174,3,73,-70
120900175,231,80,151
120900176,11,71,-60
120900177,0,108,-108
120900178,0,65,-65
120900179,242,223,19
120900180,35,34,1
120900181,12,74,-62
120900182,2,299,-297
120900183,450,42,408
120900184,109,63,46
120900185,3,244,-241
120900186,1,435,-434
120900187,93,259,-166
120900188,15,2,13
120900189,15,50,-35
120900190,2,6,-4
120900191,0,14,-14
120900192,10620,571,10049
120900194,3,49,-46
120900195,49,251,-202
120900196,192,75,117
120900197,88,10,78
120900198,74,464,-390
120900199,38,45,-7
120900200,48,43,5
120900201,418,78,340
120900202,0,161,-161
120900203,7,18,-11
120900204,235,301,-66
120900205,42,46,-4
120900206,0,4,-4
120900207,25,798,-773
121000001,629,774,-145
121000002,713,591,122
121000003,3023,1238,1785
121000004,1874,1063,811
121000005,1290,1643,-353
121000006,1857,679,1178
121000007,1871,2093,-222
121000008,1815,954,861
121000009,5175,3086,2089
121000010,5235,1235,4000
121000011,8366,4639,3727
121000012,9940,2640,7300
121000013,5010,3694,1316
121000014,5391,3081,2310
121000015,2720,3671,-951
121000016,3438,1853,1585
121000017,705,2154,-1449
121000018,1176,897,279
121000019,9811,4092,5719
121000020,6582,2817,3765
121000021,1524,1906,-382
121000022,876,862,14
121000023,1662,1610,52
121000024,1123,1674,-551
121000025,546,262,284
121000026,103,46,57
121000027,1519,617,902
121000028,344,278,66
121000029,165,325,-160
121000030,60,104,-44
121000031,343,357,-14
121000032,60,34,26
121000034,25,14,11
121000035,22,58,-36
121000036,275,313,-38
121000037,212,331,-119
121000038,246,327,-81
121000039,121,117,4
121000041,120,242,-122
121000042,56,138,-82
121000043,456,277,179
121000044,771,220,551
121000045,85,193,-108
121000046,51,150,-99
121000047,3,43,-40
121000049,1244,621,623
121000050,114,686,-572
121000051,166,144,22
121000052,110,259,-149
121000053,85,9,76
121000054,13,129,-116
121000055,1101,673,428
121000056,455,572,-117
121000057,77,144,-67
121000058,381,91,290
121000059,744,296,448
121000060,330,512,-182
121000061,21,69,-48
121000062,85,98,-13
121000063,299,301,-2
121000064,154,193,-39
121000065,179,232,-53
121000066,243,318,-75
121000067,662,167,495
121000068,143,89,54
121000069,56,81,-25
121000070,441,536,-95
121000071,289,347,-58
121000072,483,312,171
121000073,345,371,-26
121000074,90,114,-24
121000075,24,7,17
121000076,337,194,143
121000077,15,22,-7
121000078,41,63,-22
121000080,1737,285,1452
121000081,581,622,-41
121000082,127,167,-40
121000083,54,43,11
121000084,100,73,27
121000085,356,311,45
121000086,88,412,-324
121000087,19,115,-96
121000088,221,224,-3
121000089,77,102,-25
121000090,160,178,-18
121000091,1892,417,1475
121000092,75,80,-5
121000093,55,142,-87
121000094,252,146,106
121000095,86,155,-69
121000096,1983,1028,955
121000097,982,754,228
121000098,217,621,-404
121000099,209,536,-327
121000100,197,425,-228
121000101,13,26,-13
121000102,37,286,-249
121000103,8,42,-34
121000104,22,136,-114
121000105,94,197,-103
121000106,6,42,-36
121000107,1357,2366,-1009
121000109,1222,781,441
121000110,138,209,-71
121000114,1672,1405,267
121000115,705,440,265
121000116,334,384,-50
121000117,1086,117,969
121000118,772,105,667
121000119,101,182,-81
121000120,180,226,-46
121000121,118,230,-112
121000123,393,237,156
121000127,14,81,-67
121000128,207,378,-171
121000129,117,287,-170
121000130,210,499,-289
121000131,448,402,46
121000132,308,274,34
121000135,263,122,141
121000136,732,334,398
121000137,275,70,205
121000138,334,195,139
121000139,216,61,155
121000141,81,87,-6
121000142,481,210,271
121000143,79,10,69
121000144,480,414,66
121000145,120,704,-584
121000146,367,414,-47
121000147,319,241,78
121000148,251,560,-309
121000149,757,718,39
121000152,146,190,-44
121000153,1169,290,879
121000154,391,172,219
121000155,535,351,184
121000156,281,392,-111
121000157,1160,658,502
121000158,249,319,-70
121000159,65,388,-323
121000160,94,513,-419
121000161,25,242,-217
121000162,13,186,-173
121000165,856,468,388
121000166,46,202,-156
121000168,54,105,-51
121000169,16,156,-140
121000170,32,24,8
121000171,38,118,-80
121000172,196,269,-73
121000173,821,468,353
121000174,64,269,-205
121000175,173,247,-74
121000176,248,153,95
121000177,218,399,-181
121000178,29,36,-7
121000179,16,45,-29
121000181,217,166,51
121000182,24,102,-78
121000183,24,51,-27
121000184,6,22,-16
121000185,3,105,-102
121000186,108,253,-145
121000187,81,178,-97
121000188,52,214,-162
121000192,283,243,40
121000193,179,206,-27
121000194,1565,1180,385
121000195,212,522,-310
121000196,257,90,167
121000197,67,334,-267
121000198,45,93,-48
121000199,33,479,-446
121000200,142,42,100
121000201,0,166,-166
121000202,59,21,38
121000203,168,1399,-1231
121000204,292,132,160
121000205,49,261,-212
121000206,53,63,-10
121000207,335,248,87
121000208,2,378,-376
121000209,37,483,-446
121000210,117,460,-343
121000211,28,81,-53
121000212,134,579,-445
121000213,3606,962,2644
121000214,364,341,23
121000215,761,420,341
121000216,162,256,-94
121000217,1594,858,736
121000218,297,1220,-923
121000219,363,212,151
121000220,229,50,179
121000221,54,138,-84
121000222,1346,1645,-299
121000223,228,240,-12
121000224,89,24,65
121000225,384,316,68
121000226,413,236,177
121000227,7,200,-193
121000228,9,744,-735
121000229,20,349,-329
121000230,57,1334,-1277
121000231,0,0,0
121000232,78,36,42
121000233,101,203,-102
121000234,2,10,-8
121000235,9,11,-2
121000236,0,41,-41
121000237,2,4,-2
121000238,1,54,-53
121000239,2,1,1
121000240,0,94,-94
121000241,35,2,33
121000242,6,94,-88
121000243,34,9,25
121000244,2,74,-72
121000245,0,2,-2
121000246,1,108,-107
121000247,11,1,10
121000248,98,303,-205
121000249,14,151,-137
121000250,43,26,17
121000251,10,462,-452
121000252,10,10,0
121000253,78,462,-384
121000254,194,154,40
121000255,51,80,-29
121000256,23,73,-50
121000257,6,19,-13
121000258,16,31,-15
121000259,13,18,-5
121000260,19,69,-50
121000261,10,17,-7
121000262,783,223,560
121000263,283,329,-46
121000271,162,956,-794
121000273,12,16,-4
121000274,2,15,-13
121000275,4,18,-14
121000276,0,1,-1
121000278,4,35,-31
121000279,7,9,-2
121000280,7,33,-26
121000289,16,3,13
121000290,491,401,90
121000294,34,171,-137
121000297,463,219,244
121000299,67,128,-61
121000300,508,254,254
121000302,95,127,-32
121000303,382,170,212
121000304,45,3,42
121000305,7,19,-12
121000306,7,26,-19
121000308,89,154,-65
121000309,189,301,-112
121000310,20,285,-265
121000311,59,450,-391
121000312,44,20,24
121000313,384,156,228
121000314,146,54,92
121000315,81,48,33
121000530,379,737,-358
121000531,450,885,-435
121000532,2624,1649,975
121000533,1090,905,185
121000918,5,193,-188
121000919,1,12,-11
121000938,570,94,476
121000939,789,97,692
121000956,214,841,-627
121000957,4,23,-19
121000958,8,53,-45
121000959,103,755,-652
121000960,340,1175,-835
121000961,82,6,76
121000962,172,393,-221
121000973,0,180,-180
121000976,7,26,-19
121000979,17,2,15
121000981,113,11,102
121000982,48,81,-33
121000983,67,281,-214
121000984,2,17,-15
121000985,88,365,-277
121000986,18,350,-332
121000987,77,1019,-942
121000988,213,65,148
121001302,208,86,122
121001308,0,11,-11
121001309,29,16,13
121001313,28,373,-345
121001314,3510,2331,1179
121001315,2847,773,2074
121001326,96,167,-71
121900001,39,89,-50
121900002,1,13,-12
121900003,4,1,3
121900004,7,101,-94
121900005,0,2,-2
121900006,0,3,-3
121900007,28,218,-190
121900008,0,1,-1
121900009,0,0,0
121900010,26,0,26
121900011,9,86,-77
121900012,0,0,0
121900013,8,0,8
121900014,94,30,64
121900015,1,14,-13
121900016,0,0,0
121900017,11,43,-32
121900018,32,0,32
121900019,33,64,-31
121900020,1,0,1
121900021,12,0,12
121900022,14,6,8
121900023,0,21,-21
121900024,101,21,80
121900025,37,17,20
121900026,0,0,0
121900027,32,31,1
121900028,0,0,0
121900029,1,5,-4
121900030,116,96,20
121900031,115,420,-305
121900032,19,13,6
121900033,12,7,5
121900034,29,11,18
121900035,179,86,93
121900036,3,7,-4
121900037,17,96,-79
121900038,5,24,-19
121900039,21,3,18
121900040,0,10,-10
121900041,7,21,-14
121900042,28,24,4
121900043,0,0,0
121900044,159,7,152
121900046,0,0,0
121900047,4,7,-3
121900048,2,17,-15
121900050,1,2,-1
121900051,9,25,-16
121900052,1,0,1
121900053,83,52,31
121900054,42,63,-21
121900055,0,0,0
121900058,14,53,-39
121900059,13,9,4
121900060,10,41,-31
121900061,4,12,-8
121900062,1,1,0
121900063,46,30,16
121900064,5,96,-91
121900066,0,0,0
121900067,0,0,0
121900069,98,29,69
121900070,18,16,2
121900071,4,77,-73
121900072,1,34,-33
121900073,26,19,7
121900074,7,21,-14
121900075,30,39,-9
121900076,13,83,-70
121900077,0,4,-4
121900078,0,0,0
121900079,0,0,0
121900080,70,82,-12
121900082,2,24,-22
121900084,1,149,-148
121900085,0,1,-1
121900086,0,0,0
121900087,27,22,5
121900088,333,415,-82
121900089,2,69,-67
121900090,0,48,-48
121900091,2,22,-20
121900092,0,0,0
121900093,4,7,-3
121900094,1,0,1
121900095,35,23,12
121900096,183,28,155
121900097,6,10,-4
121900098,0,0,0
121900099,0,0,0
121900100,9,10,-1
121900101,17,12,5
121900102,2,6,-4
121900103,29,15,14
121900104,127,47,80
121900105,8,3,5
121900106,0,1,-1
121900107,0,0,0
121900108,0,0,0
121900109,60,21,39
121900110,20,313,-293
121900111,295,51,244
121900112,12,7,5
121900113,2,7,-5
121900114,0,0,0
121900117,22,4,18
121900118,398,64,334
121900119,3,129,-126
121900120,0,424,-424
121900121,0,0,0
121900122,0,0,0
121900123,50,68,-18
121900124,10,47,-37
121900125,192,317,-125
121900127,2,17,-15
121900128,5,28,-23
121900129,350,21,329
121900130,6,24,-18
121900131,14,21,-7
121900132,6,30,-24
121900133,0,0,0
121900134,0,13,-13
121900135,381,41,340
121900136,4,152,-148
121900137,4,35,-31
121900138,2,21,-19
121900139,82,57,25
121900140,1,12,-11
121900141,2,0,2
121900142,5,6,-1
121900143,1,16,-15
121900144,240,142,98
121900145,6,9,-3
121900146,48,152,-104
121900147,25,77,-52
121900148,5,47,-42
121900149,29,129,-100
121900150,42,78,-36
121900151,5,55,-50
121900152,10,20,-10
121900153,8,86,-78
121900154,0,16,-16
121900155,0,11,-11
121900156,73,39,34
121900157,1,120,-119
121900158,19,42,-23
121900159,0,58,-58
121900160,0,42,-42
121900161,62,71,-9
121900162,13,23,-10
121900163,11,236,-225
121900164,35,26,9
121900165,4,36,-32
121900166,37,41,-4
121900167,21,13,8
121900168,14,41,-27
121900169,1,209,-208
121900170,0,35,-35
121900171,33,49,-16
121900172,16,47,-31
121900173,59,12,47
121900174,0,0,0
121900175,6,38,-32
121900176,149,768,-619
121900177,16,23,-7
121900178,1,10,-9
121900179,18,10,8
121900180,2933,636,2297
121900182,31,49,-18
121900183,80,81,-1
121900184,7,96,-89
121900186,0,18,-18
121900187,2,35,-33
121900188,144,38,106
121900189,6,27,-21
121900190,46,70,-24
121900191,0,1,-1
121900192,194,57,137
121900193,0,19,-19
121900194,0,7,-7
121900195,10,14,-4
121900196,33,26,7
121900197,110,736,-626
121900198,259,73,186
121900199,0,0,0
121900200,20,14,6
121900201,86,86,0
121900202,17,57,-40
121900203,16,29,-13
121900204,261,60,201
121900205,0,13,-13
121900206,1,1,0
121900207,11,3,8
121900208,15,53,-38
121900209,8,8,0
121900210,44,57,-13
121900211,4,10,-6
121900212,7,28,-21
121900213,0,10,-10
121900214,0,63,-63
121900215,2,3,-1
121900216,5,8,-3
121900217,23,7,16
121900218,15,11,4
121900220,21,3,18
121900221,31,108,-77
121900222,3,20,-17
121900223,0,4,-4
121900224,2,0,2
121900225,1,2,-1
121900226,0,0,0
121900227,7,33,-26
121900228,20,25,-5
121900230,16,8,8
121900231,20,18,2
121900232,10,32,-22
121900233,44,40,4
121900234,12,31,-19
121900235,26,39,-13
121900236,34,9,25
121900237,54,138,-84
121900238,58,70,-12
121900239,12,2,10
121900240,31,14,17
121900241,0,7,-7
121900242,0,0,0
121900243,0,0,0
121900244,0,0,0
121900245,25,12,13
121900246,7,5,2
121900248,180,103,77
121900250,24,34,-10
121900251,14,1,13
121900252,240,29,211
121900253,51,402,-351
121900254,107,36,71
121900255,5,9,-4
121900258,90,32,58
121900259,32,36,-4
121900260,3,33,-30
121900261,9,40,-31
121900262,50,72,-22
121900263,14,47,-33
121900264,471,136,335
121900265,10,86,-76
121900266,17,25,-8
121900267,0,0,0
121900269,2,31,-29
121900270,0,18,-18
121900271,3,39,-36
121900273,59,166,-107
121900274,5,57,-52
121900277,18,476,-458
121900278,8,286,-278
121900279,25,168,-143
121900280,11,84,-73
121900281,20,1,19
121900284,0,0,0
121900286,5,56,-51
121900287,1,0,1
121900288,0,0,0
121900290,42,56,-14
121900291,121,144,-23
121900292,20,30,-10
121900293,314,1291,-977
121900294,22,0,22
121900295,3,42,-39
121900296,2,0,2
121900298,3,81,-78
121900299,0,0,0
121900300,0,0,0
121900301,0,0,0
121900302,0,3,-3
121900303,20,55,-35
121900304,1,0,1
121900305,0,0,0
121900306,0,0,0
121900307,0,2,-2
121900308,2,128,-126
121900309,5,125,-120
121900310,6,229,-223
121900311,27,1,26
121900312,17,1,16
121900313,27,2,25
121900314,1,35,-34
121900315,0,0,0
121900316,0,0,0
121900317,0,0,0
121900318,0,0,0
121900319,0,0,0
121900320,0,4,-4
121900321,0,0,0
121900322,0,0,0
121900323,0,0,0
121900324,0,0,0
121900325,0,0,0
121900326,0,0,0
121900327,0,15,-15
121900328,0,9,-9
121900329,0,43,-43
121900330,0,10,-10
121900331,0,0,0
121900332,4,1,3
121900333,3,1,2
121900334,0,0,0
122000001,1168,1277,-109
122000002,2631,586,2045
122000003,1028,580,448
122000004,1170,378,792
122000005,1012,515,497
122000006,678,214,464
122000007,442,381,61
122000008,3088,975,2113
122000009,516,56,460
122000010,1332,1132,200
122000011,1694,491,1203
122000012,664,604,60
122000013,621,501,120
122000014,686,588,98
122000015,604,451,153
122000016,262,355,-93
122000017,539,513,26
122000018,679,582,97
122000019,281,658,-377
122000020,77,102,-25
122000021,318,199,119
122000022,324,260,64
122000023,186,376,-190
122000024,508,423,85
122000025,508,541,-33
122000026,850,394,456
122000027,381,1194,-813
122000028,417,120,297
122000029,85,100,-15
122000030,229,55,174
122000031,54,84,-30
122000032,512,654,-142
122000033,303,340,-37
122000034,246,265,-19
122000035,199,305,-106
122000036,155,390,-235
122000037,191,119,72
122000038,133,150,-17
122000039,322,203,119
122000040,160,132,28
122000041,120,209,-89
122000042,66,173,-107
122000043,59,23,36
122000044,38,49,-11
122000045,510,191,319
122000046,224,302,-78
122000047,136,85,51
122000048,1382,1096,286
122000049,2227,1070,1157
122000050,707,329,378
122000051,160,158,2
122000052,163,118,45
122000053,56,267,-211
122000054,1254,755,499
122000055,995,1097,-102
122000056,2129,1309,820
122000057,2094,1128,966
122000058,1830,850,980
122000059,1752,1111,641
122000060,756,401,355
122000061,381,122,259
122000062,642,147,495
122000063,248,203,45
122000064,1667,1939,-272
122000065,1950,1436,514
122000066,608,564,44
122000067,413,526,-113
122000068,278,320,-42
122000069,331,244,87
122000070,151,518,-367
122000071,229,393,-164
122000072,115,146,-31
122000073,135,206,-71
122000074,363,300,63
122000075,154,254,-100
122000076,700,480,220
122000077,435,372,63
122000078,1524,1426,98
122000079,381,378,3
122000080,225,140,85
122000081,49,71,-22
122000082,438,263,175
122000083,390,981,-591
122000084,393,305,88
122000085,125,487,-362
122000086,866,1146,-280
122000087,118,97,21
122000088,93,101,-8
122000089,1865,1019,846
122000090,108,179,-71
122000091,80,56,24
122000092,26,2,24
122000093,780,1024,-244
122000094,2589,859,1730
122000095,910,473,437
122000096,583,248,335
122000098,1228,881,347
122000099,526,383,143
122000100,424,252,172
122000101,77,246,-169
122000102,830,488,342
122000103,397,533,-136
122000104,99,95,4
122000105,67,119,-52
122000106,223,198,25
122000107,240,176,64
122000108,168,349,-181
122000109,50,92,-42
122000110,131,192,-61
122000111,1237,588,649
122000112,233,482,-249
122000113,173,335,-162
122000114,1115,987,128
122000115,1377,490,887
122000116,260,168,92
122000117,457,106,351
122000118,280,140,140
122000119,1221,705,516
122000120,1122,1100,22
122000121,1569,848,721
122000122,340,401,-61
122000123,889,280,609
122000124,316,103,213
122000125,251,292,-41
122000126,272,306,-34
122000127,584,434,150
122000128,255,297,-42
122000129,158,117,41
122000130,784,192,592
122000131,715,168,547
122000132,584,196,388
122000133,369,1004,-635
122000134,227,269,-42
122000135,301,570,-269
122000136,86,62,24
122000137,249,311,-62
122000139,592,920,-328
122000140,514,225,289
122000141,2297,286,2011
122000142,142,304,-162
122000143,220,113,107
122000144,597,308,289
122000145,280,266,14
122000146,82,207,-125
122000147,253,125,128
122000148,1148,488,660
122000149,964,379,585
122000150,486,285,201
122000151,132,192,-60
122000152,188,128,60
122000153,116,53,63
122000154,78,20,58
122000155,699,716,-17
122000156,2152,1357,795
122000157,924,787,137
122000158,89,277,-188
122000159,203,504,-301
122000160,1435,300,1135
122000161,459,207,252
122000162,687,347,340
122000163,210,49,161
122000164,32,50,-18
122000165,323,273,50
122000166,309,281,28
122000167,146,213,-67
122000168,85,223,-138
122000169,261,120,141
122000170,84,210,-126
122000171,19,47,-28
122000172,610,603,7
122000173,548,764,-216
122000174,931,494,437
122000175,638,213,425
122000176,141,289,-148
122000177,681,1006,-325
122000178,1349,538,811
122000179,975,892,83
122000180,922,568,354
122000181,1006,1244,-238
122000182,1606,242,1364
122000183,469,121,348
122000184,3136,1040,2096
122000185,1144,739,405
122000186,291,360,-69
122000187,280,530,-250
122000188,236,101,135
122000189,113,67,46
122000190,155,660,-505
122000191,278,164,114
122000192,324,82,242
122000193,83,202,-119
122000194,306,75,231
122000195,94,233,-139
122000196,371,181,190
122000197,132,65,67
122000198,269,465,-196
122000199,117,93,24
122000200,450,141,309
122000201,880,1186,-306
122000202,715,678,37
122000203,1085,809,276
122000204,666,1119,-453
122000205,573,514,59
122000206,858,261,597
122000207,433,463,-30
122000208,467,663,-196
122000209,640,96,544
122000210,442,1105,-663
122000211,331,702,-371
122000212,232,235,-3
122000213,462,525,-63
122000214,588,695,-107
122000215,563,727,-164
122000217,887,763,124
122000218,31,8,23
122000219,867,681,186
122000220,105,511,-406
122000221,72,241,-169
122000222,369,44,325
122000223,368,304,64
122000225,352,108,244
122000226,390,995,-605
122000227,93,686,-593
122000228,120,337,-217
122000229,17,272,-255
122000230,34,484,-450
122000231,59,377,-318
122000232,77,509,-432
122000233,0,41,-41
122000234,33,110,-77
122000235,192,151,41
122000236,152,98,54
122000237,18,27,-9
122000238,38,42,-4
122000239,55,17,38
122000240,167,82,85
122000241,255,124,131
122000242,66,47,19
122000243,25,40,-15
122000244,14,279,-265
122000245,60,189,-129
122000246,53,28,25
122000247,169,534,-365
122000248,742,926,-184
122000249,128,135,-7
122000250,404,124,280
122000251,199,147,52
122000252,265,11,254
122000253,75,172,-97
122000254,33,29,4
122000255,253,787,-534
122000256,197,891,-694
122000257,50,226,-176
122000258,48,122,-74
122000259,8,435,-427
122000260,1,96,-95
122000261,1,71,-70
122000262,1,34,-33
122000263,47,105,-58
122000264,26,57,-31
122000265,232,159,73
122000266,619,148,471
122000267,14,34,-20
122000268,35,137,-102
122000269,173,102,71
122000270,60,67,-7
122000271,113,583,-470
122000272,100,497,-397
122000273,124,283,-159
122000274,28,77,-49
122000275,9,74,-65
122000276,77,249,-172
122000277,298,536,-238
122000278,201,411,-210
122000279,52,326,-274
122000280,385,467,-82
122000281,199,461,-262
122000282,38,72,-34
122000283,342,21,321
122000284,38,62,-24
122000285,191,50,141
122000286,89,103,-14
122000287,140,319,-179
122000288,110,74,36
122000291,271,163,108
122000293,278,189,89
122000294,29,22,7
122000295,507,63,444
122000296,31,201,-170
122000297,1296,633,663
122000299,76,235,-159
122000300,152,279,-127
122000301,7277,815,6462
122000302,521,250,271
122000303,3172,517,2655
122000304,2,73,-71
122000305,550,310,240
122000306,13,642,-629
122000307,56,110,-54
122000309,20,50,-30
122000310,5,6,-1
122000311,39,22,17
122000312,45,28,17
122000313,8,30,-22
122000314,40,120,-80
122000315,30,2,28
122000316,94,99,-5
122000317,279,74,205
122000318,39,76,-37
122000319,169,276,-107
122000320,156,1750,-1594
122000321,17,246,-229
122000322,1541,521,1020
122000323,906,646,260
122000324,622,510,112
122000325,329,508,-179
122000326,3,14,-11
122000327,76,246,-170
122000328,357,486,-129
122000330,562,238,324
122000332,91,94,-3
122000333,6,152,-146
122000337,188,1356,-1168
122000338,88,210,-122
122000340,133,103,30
122000342,1309,627,682
122000343,95,849,-754
122000344,3,3,0
122000345,5,18,-13
122000346,101,256,-155
122000348,133,448,-315
122000349,45,390,-345
122000351,16,72,-56
122000352,125,28,97
122000353,12,81,-69
122000355,34,100,-66
122000356,692,361,331
122000357,4,1,3
122000358,0,36,-36
122000359,0,21,-21
122000360,0,16,-16
122000362,13,53,-40
122000364,21,214,-193
122000365,0,4,-4
122000366,1,7,-6
122000368,193,276,-83
122000370,2,45,-43
122000371,0,0,0
122000372,0,0,0
122000381,15,145,-130
122000382,36,195,-159
122000384,1279,803,476
122000385,0,0,0
122000386,40,254,-214
122000387,99,284,-185
122000388,285,154,131
122000389,125,447,-322
122000390,76,83,-7
122000391,17,18,-1
122000392,102,204,-102
122000393,7,200,-193
122000394,45,160,-115
122000395,78,170,-92
122000396,67,101,-34
122000397,8,37,-29
122000398,3,6,-3
122000399,26,54,-28
122000400,35,88,-53
122000401,31,55,-24
122000402,9,4,5
122000403,108,983,-875
122000404,46,83,-37
122000408,547,655,-108
122000503,6,23,-17
122000524,101,36,65
122000544,13,261,-248
122000616,477,2,475
122000640,17,165,-148
122000641,11,421,-410
122000642,518,719,-201
122000643,1,12,-11
122000644,74,17,57
122000645,120,107,13
122000651,530,369,161
122000664,86,25,61
122000665,598,324,274
122000666,329,469,-140
122000673,20,286,-266
122000674,87,25,62
122000675,406,785,-379
122000686,89,547,-458
122000687,128,269,-141
122000688,99,376,-277
122000689,124,424,-300
122000690,132,503,-371
122000691,116,1329,-1213
122000692,214,216,-2
122000693,116,735,-619
122000695,65,332,-267
122000696,50,126,-76
122000698,34,746,-712
122000699,74,17,57
122000701,293,222,71
122000702,145,980,-835
122000703,9,4,5
122000712,0,0,0
122000717,229,54,175
122000718,617,124,493
122000719,4,29,-25
122000720,37,92,-55
122000724,194,160,34
122900001,0,1,-1
122900002,189,174,15
122900003,41,8,33
122900004,121,0,121
122900005,22,8,14
122900006,128,20,108
122900007,44,4,40
122900008,143,9,134
122900009,44,8,36
122900010,0,0,0
122900012,7,6,1
122900014,41,91,-50
122900015,413,32,381
122900016,11,159,-148
122900017,118,314,-196
122900018,40,3,37
122900019,9,122,-113
122900020,233,136,97
122900021,35,115,-80
122900022,75,520,-445
122900024,46,76,-30
122900025,3,56,-53
122900026,39,176,-137
122900027,11,408,-397
122900028,44,53,-9
122900029,1025,96,929
122900030,998,90,908
122900031,19,34,-15
122900032,45,141,-96
122900033,24,25,-1
122900034,587,508,79
122900035,0,4,-4
122900036,0,11,-11
122900037,63,34,29
122900038,26,532,-506
122900039,30,100,-70
122900040,4,20,-16
122900041,6,8,-2
122900042,11,16,-5
122900043,41,29,12
122900044,9,28,-19
122900045,3,9,-6
122900046,11,12,-1
122900047,23,38,-15
122900048,6,27,-21
122900049,802,39,763
122900051,15,67,-52
122900052,12,46,-34
122900053,13,4,9
122900055,36,22,14
122900057,31,2,29
122900061,180,45,135
122900062,145,109,36
122900063,47,181,-134
122900064,412,245,167
122900065,91,19,72
122900066,193,160,33
122900067,615,272,343
122900069,121,208,-87
122900070,24,8,16
122900071,28,293,-265
122900072,3,175,-172
122900073,20,87,-67
122900074,8,351,-343
122900075,0,34,-34
122900076,1,105,-104
122900077,0,149,-149
122900078,8,108,-100
122900080,10,0,10
122900081,30,1,29
122900082,58,0,58
122900083,6,3,3
122900084,1,93,-92
122900086,1,5,-4
122900087,14,448,-434
122900088,2,15,-13
122900089,0,43,-43
122900090,1,410,-409
122900091,0,0,0
122900092,0,60,-60
122900093,0,92,-92
122900094,3,48,-45
122900095,0,0,0
122900096,0,68,-68
122900097,0,0,0
122900098,15,16,-1
122900099,1,0,1
122900100,12,25,-13
122900101,68,11,57
122900102,0,1,-1
122900103,7,0,7
122900104,4,0,4
122900105,0,0,0
122900106,2,39,-37
122900107,0,72,-72
122900108,1,78,-77
122900109,93,146,-53
123000001,815,159,656
123000002,2334,969,1365
123000003,2005,1120,885
123000004,2406,2457,-51
123000005,629,898,-269
123000006,1830,1677,153
123000007,766,703,63
123000008,1396,2505,-1109
123000009,1609,1209,400
123000010,2587,2548,39
123000011,746,473,273
123000012,606,1699,-1093
123000013,981,459,522
123000014,906,2753,-1847
123000015,670,167,503
123000016,3914,1477,2437
123000017,1570,884,686
123000018,35,44,-9
123000019,42,172,-130
123000020,18,70,-52
123000021,11,46,-35
123000022,132,425,-293
123000023,586,662,-76
123000024,409,251,158
123000025,18,57,-39
123000026,10,89,-79
123000027,35,119,-84
123000028,439,28,411
123000029,637,161,476
123000030,45,541,-496
123000031,41,202,-161
123000032,42,111,-69
123000033,41,35,6
123000034,361,363,-2
123000035,76,107,-31
123000036,127,175,-48
123000037,64,188,-124
123000038,81,158,-77
123000039,552,552,0
123000040,571,234,337
123000041,394,153,241
123000042,246,277,-31
123000043,1261,1316,-55
123000044,2117,977,1140
123000045,5465,790,4675
123000046,407,263,144
123000047,1868,519,1349
123000048,16,117,-101
123000049,3368,1246,2122
123000050,401,398,3
123000051,36,71,-35
123000052,361,666,-305
123000053,1661,1020,641
123000054,723,532,191
123000055,318,360,-42
123000056,611,1240,-629
123000057,8076,2251,5825
123000058,176,255,-79
123000059,96,147,-51
123000060,202,156,46
123000061,56,248,-192
123000063,254,242,12
123000064,402,101,301
123000065,4266,1909,2357
123000066,710,375,335
123000067,176,241,-65
123000068,1776,1729,47
123000069,6472,2029,4443
123000070,155,286,-131
123000071,216,501,-285
123000072,463,944,-481
123000073,205,403,-198
123000074,374,1347,-973
123000075,127,276,-149
123000076,248,639,-391
123000077,1117,2208,-1091
123000078,346,725,-379
123000079,279,748,-469
123000080,825,1469,-644
123000081,110,376,-266
123000082,208,660,-452
123000083,222,51,171
123000084,100,413,-313
123000085,15,83,-68
123000086,54,342,-288
123000087,34,343,-309
123000088,366,871,-505
123000089,121,395,-274
123000090,500,695,-195
123000091,777,586,191
123000092,700,637,63
123000094,107,107,0
123000095,57,320,-263
123000096,97,164,-67
123000097,84,735,-651
123000098,192,237,-45
123000099,263,571,-308
123000100,241,206,35
123000101,219,185,34
123000102,174,190,-16
123000104,178,196,-18
123000105,378,355,23
123000106,328,118,210
123000107,272,384,-112
123000108,685,598,87
123000111,156,50,106
123000112,314,228,86
123000113,288,1103,-815
123000114,283,316,-33
123000115,72,156,-84
123000116,16,97,-81
123000117,526,1441,-915
123000118,140,619,-479
123000119,87,637,-550
123000120,125,526,-401
123000121,199,479,-280
123000122,163,235,-72
123000123,293,368,-75
123000124,363,313,50
123000125,304,316,-12
123000126,748,603,145
123000127,1463,651,812
123000128,84,268,-184
123000129,25,14,11
123000130,30,3,27
123000131,172,177,-5
123000132,122,292,-170
123000133,101,202,-101
123000134,242,95,147
123000135,413,623,-210
123000136,81,837,-756
123000137,66,239,-173
123000138,35,339,-304
123000139,19,17,2
123000140,59,355,-296
123000141,55,4,51
123000142,362,535,-173
123000143,632,1802,-1170
123000144,5,15,-10
123000145,79,43,36
123000146,9,71,-62
123000147,12,51,-39
123000149,89,176,-87
123000150,44,89,-45
123000151,151,206,-55
123000152,23,154,-131
123000153,71,174,-103
123000154,1136,606,530
123000155,1270,411,859
123000156,25,28,-3
123000157,189,455,-266
123000158,300,194,106
123000159,1258,623,635
123000160,125,150,-25
123000161,404,214,190
123000162,112,373,-261
123000163,35,10,25
123000164,185,44,141
123000165,122,1205,-1083
123000166,13,100,-87
123000167,28,152,-124
123000168,77,266,-189
123000169,57,38,19
123000170,0,227,-227
123000171,11,59,-48
123000172,86,441,-355
123000173,58,21,37
123000174,65,37,28
123000175,576,807,-231
123000176,101,20,81
123000177,114,685,-571
123000178,129,16,113
123000179,9,526,-517
123000180,551,111,440
123000181,138,846,-708
123000182,32,259,-227
123000183,86,59,27
123000184,37,594,-557
123000185,60,158,-98
123000186,4,462,-458
123000187,71,2,69
123000188,23,1,22
123000189,50,131,-81
123000190,6,41,-35
123000192,3,344,-341
123000193,13,322,-309
123000194,253,133,120
123000195,36,2,34
123000196,79,6,73
123000197,33,67,-34
123000198,0,129,-129
123000199,2,314,-312
123000200,41,2,39
123000201,167,2,165
123000202,15,953,-938
123000203,164,10,154
123000204,34,1058,-1024
123000205,162,1459,-1297
123000206,329,42,287
123000207,28,728,-700
123000208,88,26,62
123000209,367,88,279
123000210,212,1020,-808
123000211,344,1860,-1516
123000212,355,57,298
123000213,67,13,54
123000215,54,37,17
123000216,46,47,-1
123000217,39,2,37
123000218,52,105,-53
123000219,248,7,241
123000220,106,7,99
123000221,31,59,-28
123000222,110,211,-101
123000223,28,213,-185
123000224,137,402,-265
123000225,22,30,-8
123000226,5,290,-285
123000227,12,224,-212
123000228,18,33,-15
123000229,651,1219,-568
123000232,32,405,-373
123000233,72,23,49
123000234,43,479,-436
123000235,45,97,-52
123000236,56,604,-548
123000237,74,2,72
123000238,26,456,-430
123000239,213,1475,-1262
123000240,17,108,-91
123000241,374,33,341
123000242,30,110,-80
123000243,230,622,-392
123000244,363,288,75
123000245,11,132,-121
123000249,366,405,-39
123000252,154,44,110
123000253,119,101,18
123000254,138,547,-409
123000255,215,274,-59
123000256,12,170,-158
123000257,1725,1408,317
123000258,356,784,-428
123000259,94,199,-105
123000260,108,367,-259
123000261,41,103,-62
123000262,36,209,-173
123000263,119,50,69
123000264,98,19,79
123000265,33,125,-92
123000266,183,403,-220
123000267,72,78,-6
123000268,9,56,-47
123000269,15,9,6
123000270,13,17,-4
123000271,33,68,-35
123000272,266,121,145
123000273,35,181,-146
123000274,237,94,143
123000275,90,627,-537
123000278,1601,1341,260
123000279,24,25,-1
123000280,75,202,-127
123000281,65,34,31
123000282,24,191,-167
123000283,17,34,-17
123000284,22,90,-68
123000286,189,116,73
123000287,351,198,153
123000288,91,123,-32
123000289,109,155,-46
123000291,146,613,-467
123000294,179,262,-83
123000295,321,450,-129
123000296,74,161,-87
123000297,141,575,-434
123000298,103,377,-274
123000299,19,71,-52
123000300,186,232,-46
123000301,17,99,-82
123000302,29,129,-100
123000303,5,43,-38
123000305,615,589,26
123000306,6,202,-196
123000309,13,54,-41
123000310,38,17,21
123000311,0,118,-118
123000312,477,526,-49
123000313,82,90,-8
123000315,21,179,-158
123000316,374,148,226
123000317,59,15,44
123000318,21,151,-130
123000329,47,22,25
123000337,18,116,-98
123000338,128,29,99
123000339,38,287,-249
123000340,64,172,-108
123000342,1,132,-131
123000343,0,0,0
123000344,418,177,241
123000345,137,302,-165
123000346,24,23,1
123000352,1204,476,728
123000353,7,71,-64
123000354,77,36,41
123000355,1,231,-230
123000356,27,0,27
123000357,1,149,-148
123000359,0,179,-179
123000360,0,0,0
123000361,296,150,146
123000362,15,73,-58
123000363,8,181,-173
123000364,134,102,32
123000365,17,73,-56
123000366,130,362,-232
123000367,158,630,-472
123000370,4,192,-188
123000371,7,0,7
123000372,18,0,18
123000373,1,243,-242
123000374,0,122,-122
123000375,36,7,29
123000376,232,286,-54
123000377,25,2,23
123000378,1,303,-302
123000379,0,146,-146
123000380,39,103,-64
123000381,16,4,12
123000382,192,24,168
123000383,88,320,-232
123000384,76,25,51
123000385,198,445,-247
123000436,29,405,-376
123000507,166,160,6
123000508,135,144,-9
123000517,214,11,203
123000518,32,195,-163
123000519,112,63,49
123000520,58,157,-99
123000521,121,64,57
123000522,153,332,-179
123000541,0,0,0
123000542,0,17,-17
123000565,132,7,125
123000566,38,746,-708
123000567,56,166,-110
123000573,25,785,-760
123000574,55,17,38
123000575,312,858,-546
123000576,116,1472,-1356
123000577,90,292,-202
123000578,186,32,154
123000579,2005,666,1339
123000580,64,4,60
123000582,33,3,30
123000583,4,322,-318
123000584,58,79,-21
123000585,1,66,-65
123000586,0,1,-1
123000596,66,104,-38
123000597,50,60,-10
123000602,0,0,0
123000603,58,538,-480
123000604,109,719,-610
123000605,229,18,211
123000606,2,337,-335
123000609,3,205,-202
123000610,30,38,-8
123000613,85,117,-32
123000614,37,8,29
123000615,92,266,-174
123000616,38,5,33
123000617,35,437,-402
123000618,23,395,-372
123000619,56,3,53
123000620,17,406,-389
123000622,88,4,84
123000624,43,14,29
123000630,204,185,19
123000631,69,1353,-1284
123000632,773,742,31
123000633,0,117,-117
123000634,2,3,-1
123000635,106,49,57
123000636,12,405,-393
123000637,50,11,39
123000638,110,38,72
123000639,201,370,-169
123000640,0,803,-803
123000648,33,18,15
123000649,28,480,-452
123900001,798,29,769
123900002,13,439,-426
123900003,129,253,-124
123900005,43,13,30
123900006,16,9,7
124000001,414,21,393
124000002,60,982,-922
124000003,54,48,6
124000004,31,462,-431
124000005,141,39,102
124000006,133,951,-818
124000007,71,14,57
124000008,3,211,-208
124000009,71,59,12
124000010,44,425,-381
124000011,108,59,49
124000012,82,690,-608
124000017,0,0,0
124000018,50,93,-43
124000019,0,0,0
124000020,27,176,-149
124000021,0,0,0
124000022,71,145,-74
124000023,628,570,58
124000024,542,384,158
124000025,509,443,66
124000026,688,724,-36
124000027,2792,1044,1748
124000028,1942,2165,-223
124000030,1874,737,1137
124000031,291,144,147
124000032,4230,798,3432
124000033,486,84,402
124000034,1005,863,142
124000035,115,39,76
124000036,64,575,-511
124000037,113,89,24
124000038,9,83,-74
124000039,300,80,220
124000040,202,197,5
124000041,77,19,58
124000042,28,235,-207
124000043,13,22,-9
124000044,34,230,-196
124000045,171,194,-23
124000046,69,529,-460
124000047,252,333,-81
124000048,171,1247,-1076
124000049,259,238,21
124000050,225,1627,-1402
124000051,125,158,-33
124000052,172,1065,-893
124000053,156,295,-139
124000054,342,513,-171
124000055,544,428,116
124000056,2128,943,1185
124000057,275,239,36
124000058,218,1067,-849
124000059,132,249,-117
124000060,456,558,-102
124000061,541,1160,-619
124000062,5681,1012,4669
124000063,931,876,55
124000064,1358,1217,141
124000065,82,164,-82
124000066,65,13,52
124000067,13,57,-44
124000068,8,66,-58
124000069,69,54,15
124000070,44,423,-379
124000071,20,25,-5
124000072,67,380,-313
124000073,207,33,174
124000074,90,668,-578
124000075,0,0,0
124000076,3,189,-186
124000077,650,350,300
124000078,877,94,783
124000079,313,369,-56
124000080,28,20,8
124000081,42,624,-582
124000082,2,25,-23
124000083,15,158,-143
124000084,2,16,-14
124000085,23,31,-8
124000086,11,25,-14
124000087,21,11,10
124000088,47,81,-34
124000089,73,102,-29
124000090,30,298,-268
124000091,56,90,-34
124000092,18,433,-415
124000093,38,26,12
124000094,20,188,-168
124000095,16,35,-19
124000096,38,225,-187
124000097,19,37,-18
124000098,35,98,-63
124000099,17,25,-8
124000100,28,68,-40
124000101,15,74,-59
124000102,38,62,-24
124000103,21,33,-12
124000104,30,59,-29
124000105,28,27,1
124000106,71,96,-25
124000107,10,33,-23
124000108,34,40,-6
124000109,36,48,-12
124000110,34,77,-43
124000111,64,134,-70
124000112,168,400,-232
124000113,26,32,-6
124000114,80,455,-375
124000115,211,540,-329
124000116,22,66,-44
124000117,52,45,7
124000118,22,58,-36
124000119,228,269,-41
124000120,74,269,-195
124000121,1146,530,616
124000122,526,581,-55
124000123,440,171,269
124000124,131,350,-219
124000125,141,107,34
124000126,296,406,-110
124000127,276,322,-46
124000128,210,704,-494
124000129,738,545,193
124000130,623,379,244
124000131,410,259,151
124000132,520,666,-146
124000133,156,259,-103
124000134,334,485,-151
124000135,651,510,141
124000136,542,672,-130
124000137,349,171,178
124000138,657,529,128
124000139,174,15,159
124000140,16,240,-224
124000141,134,32,102
124000142,20,329,-309
124000143,26,6,20
124000144,1,100,-99
124000145,25,10,15
124000146,3,92,-89
124000148,9,5,4
124000149,237,88,149
124000150,177,346,-169
124000151,192,94,98
124000152,280,611,-331
124000153,125,124,1
124000154,157,548,-391
124000155,354,261,93
124000156,652,507,145
124000169,45,76,-31
124000170,367,222,145
124000171,26,65,-39
124000172,104,415,-311
124000173,64,156,-92
124000174,115,504,-389
124000175,5,117,-112
124000176,0,0,0
124000177,13,36,-23
124000178,0,0,0
124000185,2,5,-3
124000186,2,7,-5
124000187,0,0,0
124000188,29,19,10
124000190,104,30,74
124000191,152,42,110
124000192,267,57,210
124000193,143,735,-592
124000194,214,432,-218
124000195,75,297,-222
124000196,412,836,-424
124000197,12,32,-20
124000198,6,24,-18
124000201,46,751,-705
124000202,0,51,-51
124000203,56,811,-755
124000204,6,297,-291
124000205,9,439,-430
124000206,9,212,-203
124000207,1,80,-79
124000209,70,395,-325
124000210,49,149,-100
124000211,26,0,26
124000212,5,402,-397
124000213,44,238,-194
124000214,9,432,-423
124000215,0,0,0
124000216,3,446,-443
124000329,33,1673,-1640
124000338,22,824,-802
124000339,134,20,114
124000341,164,58,106
124000344,11,16,-5
124000357,376,379,-3
124000358,508,419,89
124000359,218,156,62
124000360,122,157,-35
124000361,440,372,68
124000362,746,1373,-627
124000363,160,471,-311
124000364,251,810,-559
124000365,434,878,-444
124000366,1555,885,670
124000367,56,417,-361
124000368,55,35,20
124000369,61,45,16
124000370,59,384,-325
124000402,6,1,5
124000403,8,3,5
124000404,5,52,-47
124000405,612,588,24
124000406,566,850,-284
124000407,1,32,-31
124000411,1,244,-243
124000412,50,4,46
124000413,49,43,6
124000414,17,93,-76
124000415,27,139,-112
124000416,63,218,-155
124000417,31,78,-47
124000418,13,66,-53
124000419,19,141,-122
124000420,13,43,-30
124000421,13,239,-226
124000422,16,10,6
124000423,21,16,5
124000424,4,102,-98
124000425,23,4,19
124000426,4,171,-167
124000427,26,5,21
124000428,7,15,-8
124000429,41,90,-49
124000430,308,522,-214
124000431,157,609,-452
124000432,110,693,-583
124000439,1,1,0
124000443,2,5,-3
124000445,402,131,271
124000446,1667,148,1519
124000447,14,18,-4
124000448,0,0,0
124000449,0,0,0
124000450,4,105,-101
124000451,8,57,-49
124900001,77,87,-10
124900002,27,245,-218
124900003,91,257,-166
124900004,70,191,-121
124900005,82,107,-25
124900006,109,146,-37
124900008,415,213,202
124900009,13,21,-8
124900010,29,8,21
124900011,49,64,-15
124900012,69,26,43
124900013,84,33,51
124900014,29,24,5
124900015,15,11,4
124900016,3,11,-8
124900017,139,40,99
124900018,2,1,1
124900020,7,8,-1
124900021,4,1,3
124900022,3,0,3
124900024,4,0,4
124900026,11,6,5
124900027,13,55,-42
124900028,232,46,186
124900029,3,118,-115
124900030,1,68,-67
124900031,1,171,-170
124900032,82,71,11
124900033,33,193,-160
124900034,4,51,-47
124900035,44,178,-134
124900036,1,13,-12
124900037,30,123,-93
124900038,212,217,-5
124900039,0,15,-15
124900040,17,30,-13
124900041,123,998,-875
124900042,8,0,8
124900043,174,840,-666
124900044,3,1,2
124900045,224,382,-158
124900047,114,78,36
124900048,63,80,-17
124900050,45,138,-93
124900052,29,168,-139
124900053,12,249,-237
124900054,1653,179,1474
124900055,0,30,-30
124900057,3,38,-35
124900060,17,129,-112
124900061,14,1,13
124900062,5,2,3
124900066,0,29,-29
124900067,2,100,-98
124900068,89,63,26
124900070,2,0,2
124900072,9,4,5
124900075,13,117,-104
124900076,2,119,-117
124900077,21,56,-35
124900078,16,4,12
124900079,304,16,288
124900080,61,567,-506
124900081,158,89,69
124900082,108,755,-647
124900083,92,349,-257
124900085,731,94,637
124900086,18,198,-180
124900087,219,24,195
124900088,463,49,414
124900089,693,7,686
124900090,22,38,-16
124900091,69,292,-223
124900092,40,235,-195
124900093,13,26,-13
124900094,13,47,-34
124900095,7,62,-55
124900096,82,20,62
124900097,32,12,20
124900098,29,177,-148
124900099,122,124,-2
124900100,13,1,12
124900101,3,14,-11
124900102,6,1,5
124900103,22,154,-132
124900104,21,132,-111
124900105,17,102,-85
124900106,14,2,12
124900107,9,2,7
124900108,52,7,45
124900111,0,29,-29
124900112,54,486,-432
124900113,4,38,-34
124900114,5,13,-8
124900115,1,2,-1
124900116,10,11,-1
124900117,310,30,280
124900118,31,2,29
124900119,79,31,48
124900120,15,233,-218
124900121,36,38,-2
124900122,440,125,315
124900123,230,19,211
124900124,78,76,2
204000001,3,5,-2
204000002,2,3,-1
204000003,3,0,3
204000004,0,0,0
204000005,144,99,45
204000006,211,151,60
204000012,9,161,-152
204000019,199,227,-28
204000020,155,428,-273
204000021,807,363,444
204000022,138,228,-90
204000023,183,976,-793
204000031,20,8,12
204000032,98,9,89
204000034,61,333,-272
204000035,3,2,1
204000036,10,23,-13
204000037,1,22,-21
204000038,2,41,-39
204000039,2,63,-61
204000040,6,24,-18
204000041,3,41,-38
204000042,3,1,2
204000043,1,0,1
204000044,2,2,0
204000045,3,3,0
204000046,0,0,0
204000057,3,45,-42
204000062,22,270,-248
204000068,43,149,-106
204000069,9,116,-107
204000070,38,79,-41
204000080,29,38,-9
204000085,442,971,-529
204000086,1763,1070,693
204000087,47,25,22
204000088,8,63,-55
204000090,48,436,-388
204000093,28,17,11
204000096,224,165,59
204000097,25,19,6
204000099,318,277,41
204000100,184,277,-93
204000105,844,875,-31
204000110,352,964,-612
204000111,263,631,-368
204000112,217,646,-429
204000113,176,591,-415
204000114,136,126,10
204000115,81,159,-78
204000116,165,248,-83
204000119,252,296,-44
204000132,152,58,94
204000133,187,80,107
204000134,53,27,26
204000135,162,54,108
204000136,68,59,9
204000138,127,94,33
204000140,74,47,27
204000141,85,12,73
204000144,0,7,-7
204000145,115,3,112
204000146,47,294,-247
204000147,30,122,-92
204000148,164,0,164
204000154,2,0,2
204000155,1,11,-10
204000177,27,41,-14
204000179,0,0,0
204000180,0,96,-96
204000222,0,11,-11
204000235,24,8,16
204000236,29,281,-252
204000238,7,0,7
204000240,52,23,29
204000263,302,800,-498
204000268,353,148,205
204000308,7,0,7
204000317,21,32,-11
204000322,4,11,-7
204000323,4,1,3
204000328,34,12,22
204000329,80,118,-38
204000330,25,27,-2
204000331,87,186,-99
205000001,653,674,-21
205000013,5,89,-84
205000014,8,129,-121
205000015,25,245,-220
205000016,10,187,-177
205000017,33,84,-51
205000022,216,471,-255
205000025,1414,615,799
205000029,61,7,54
205000045,16,91,-75
205000046,39,357,-318
205000047,33,275,-242
205000048,58,592,-534
205000049,48,449,-401
205000050,782,194,588
205000059,0,191,-191
205000060,0,22,-22
205000061,0,22,-22
205000062,2,38,-36
205000063,5,25,-20
205000064,6,73,-67
205000065,38,563,-525
205000066,22,684,-662
205000067,19,891,-872
205000069,312,48,264
205000082,17,8,9
205000110,18,140,-122
205000111,73,156,-83
205000112,6,11,-5
205000113,181,87,94
205000121,6,1,5
205000123,47,180,-133
205000126,0,0,0
205000127,0,0,0
205000128,0,0,0
205000129,0,0,0
205000130,0,0,0
205000131,0,0,0
205000132,0,0,0
205000133,0,0,0
205000134,0,0,0
205000137,122,97,25
205000138,202,177,25
205000139,14,40,-26
205000144,11,6,5
205000145,22,12,10
205000151,0,0,0
205000152,0,0,0
205000153,0,0,0
205000154,0,0,0
205000155,0,0,0
205000207,59,85,-26
205000233,0,0,0
205000234,0,0,0
205000243,0,0,0
205000244,0,2,-2
205000245,41,334,-293
205000249,0,30,-30
205000250,0,0,0
205000264,3,74,-71
206000027,0,0,0
206000028,0,0,0
206000043,29,197,-168
206000053,34,8,26
206000054,20,27,-7
206000055,4,51,-47
206000075,4,1,3
206000076,20,22,-2
206000077,13,10,3
206000078,12,15,-3
206000079,20,5,15
206000082,211,18,193
206000100,71,596,-525
206000103,0,0,0
206000104,7,22,-15
206000105,11,36,-25
206000106,16,26,-10
206000125,8,0,8
206000157,130,512,-382
206000170,4,284,-280
206000171,4,248,-244
206000172,9,1112,-1103
206000173,5,398,-393
206000174,6,272,-266
206000175,2,321,-319
206000176,31,471,-440
206000177,4,296,-292
206000178,4,233,-229
206000179,3,133,-130
206000180,85,323,-238
206000181,18,336,-318
206000182,73,345,-272
206000183,60,1079,-1019
206000184,8,487,-479
206000185,16,451,-435
206000186,133,1603,-1470
206000223,4,314,-310
206000226,0,0,0
206000227,0,0,0
206000237,78,503,-425
206000238,69,703,-634
206000239,663,2178,-1515
206000240,119,188,-69
206000241,0,209,-209
206000242,10,600,-590
206000243,4,528,-524
206000244,75,1210,-1135
206000245,200,27,173
206000246,20,7,13
206000247,46,5,41
206000248,52,9,43
206000252,63,33,30
206000258,50,134,-84
206000315,38,6,32
206000317,91,45,46
206000318,35,33,2
206000319,190,46,144
206000320,38,20,18
206000321,26,12,14
206000322,86,17,69
206000323,36,17,19
206000324,22,5,17
206000325,84,17,67
206000326,22,16,6
206000327,48,10,38
206000328,35,2,33
206000329,51,8,43
206000330,16,13,3
206000331,19,2,17
206000332,15,4,11
206000333,99,1,98
206000334,60,0,60
206000335,1,45,-44
206000361,121,477,-356
206000392,6,56,-50
206000405,70,0,70
206000441,0,0,0
206000498,11,13,-2
206000515,301,40,261
206000530,22,12,10
206000531,11,15,-4
206000532,326,46,280
206000535,296,1703,-1407
206000536,29,310,-281
206000537,15,146,-131
206000613,233,48,185
206000784,306,43,263
207000001,89,335,-246
207000002,29,259,-230
207000003,61,218,-157
207000007,126,67,59
207000008,20,10,10
207000009,41,29,12
207000010,425,507,-82
207000012,34,19,15
207000015,333,1597,-1264
207000019,91,36,55
207000021,190,99,91
207000022,35,44,-9
207000023,31,20,11
207000024,6,3,3
207000025,2,34,-32
207000026,67,61,6
207000027,11,55,-44
207000028,25,202,-177
207000029,130,316,-186
207000033,159,130,29
207000034,120,28,92
207000039,13,9,4
207000040,3,5,-2
207000041,0,0,0
207000042,0,0,0
207000043,0,0,0
207000051,48,289,-241
207000052,2,183,-181
207000053,284,703,-419
207000054,12,128,-116
207000055,28,210,-182
207000056,108,360,-252
207000057,84,241,-157
207000058,59,513,-454
207000059,32,771,-739
207000060,27,216,-189
207000061,40,72,-32
207000062,48,44,4
207000063,60,124,-64
207000064,223,131,92
207000065,97,151,-54
207000066,45,118,-73
207000067,16,88,-72
207000068,54,38,16
207000069,501,272,229
207000082,21,349,-328
207000083,75,316,-241
207000084,20,37,-17
207000085,64,11,53
207000086,41,16,25
207000106,0,0,0
207000107,0,0,0
207000108,0,0,0
207000109,0,0,0
207000110,0,0,0
207000111,0,0,0
207000112,0,0,0
207000114,9,14,-5
207000115,13,51,-38
207000116,17,134,-117
207000117,0,122,-122
207000118,0,107,-107
207000119,9,117,-108
207000123,0,0,0
207000124,0,0,0
207000125,0,0,0
207000126,0,0,0
207000134,16,235,-219
207000135,20,265,-245
207000148,0,0,0
207000149,49,29,20
207000152,96,307,-211
207000153,914,617,297
207000154,209,80,129
207000159,37,237,-200
207000160,60,654,-594
207000238,0,52,-52
207000242,1,110,-109
207000248,23,16,7
207000249,60,51,9
207000250,308,55,253
207000251,31,51,-20
207000252,17,63,-46
207000278,3,5,-2
207000279,9,198,-189
207000280,69,13,56
207000281,51,1007,-956
207000282,23,12,11
207000283,55,119,-64
207000284,16,26,-10
207000285,76,33,43
207000291,15,85,-70
207000304,61,75,-14
207000306,26,360,-334
207000310,0,0,0
207000353,0,0,0
207000356,1,11,-10
207000357,0,0,0
207000358,0,4,-4
207000415,4,117,-113
207000417,0,0,0
207000418,80,112,-32
207000438,0,1,-1
207000439,911,237,674
207000446,0,0,0
207000460,4,4,0
207000466,91,139,-48
207000467,1,0,1
207000468,16,440,-424
207000476,0,62,-62
207000477,82,82,0
207000478,0,4,-4
207000523,1,17,-16
207000524,0,0,0
207000527,60,73,-13
207000530,0,0,0
207000531,0,0,0
207000532,0,0,0
207000534,0,0,0
207000535,59,88,-29
207000537,20,54,-34
207000540,3,105,-102
207000541,1,203,-202
207000548,4,180,-176
207000549,0,0,0
207000561,0,0,0
207000562,11,100,-89
207000567,137,217,-80
207000568,32,92,-60
207000569,53,830,-777
207000584,270,75,195
207000585,0,0,0
207000587,0,1,-1
207000616,2,201,-199
207000617,8,0,8
207000624,0,0,0
207000631,0,0,0
207900008,43,204,-161
208000001,113,198,-85
208000002,82,161,-79
208000003,190,149,41
208000004,253,202,51
208000005,2,12,-10
208000019,42,179,-137
208000020,16,81,-65
208000021,50,303,-253
208000022,283,438,-155
208000028,670,479,191
208000033,162,396,-234
208000034,504,761,-257
208000037,0,0,0
208000040,9,73,-64
208000041,121,121,0
208000042,88,99,-11
208000047,37,243,-206
208000064,738,217,521
208000066,270,133,137
208000070,60,177,-117
208000071,75,262,-187
208000072,87,352,-265
208000080,59,110,-51
208000081,48,81,-33
208000082,86,174,-88
208000083,57,217,-160
208000084,1,13,-12
208000085,399,390,9
208000086,191,615,-424
208000087,102,403,-301
208000089,314,359,-45
208000090,237,669,-432
208000093,11,46,-35
208000094,174,335,-161
208000095,404,237,167
208000104,177,223,-46
208000105,142,258,-116
208000114,0,0,0
208000115,85,186,-101
208000116,42,438,-396
208000117,12,71,-59
208000118,18,63,-45
208000155,187,608,-421
208000158,1179,1267,-88
208000186,702,232,470
208000204,160,535,-375
208000205,472,781,-309
208000282,2098,544,1554
209000004,43,76,-33
209000005,11,10,1
209000006,123,73,50
209000007,114,123,-9
209000010,190,115,75
209000011,80,175,-95
209000012,75,251,-176
209000013,104,649,-545
209000014,416,1464,-1048
209000025,110,29,81
209000026,282,55,227
209000027,127,1021,-894
209000028,152,1125,-973
209000029,301,923,-622
209000030,230,1375,-1145
209000031,3111,1937,1174
209000034,169,239,-70
209000035,95,171,-76
209000036,57,97,-40
209000037,93,159,-66
209000038,77,108,-31
209000039,35,128,-93
209000040,144,432,-288
209000041,167,361,-194
209000042,176,321,-145
209000043,310,432,-122
209000044,245,335,-90
209000045,109,149,-40
209000046,27,234,-207
209000047,32,92,-60
209000048,47,134,-87
209000049,38,192,-154
209000050,125,245,-120
209000051,88,319,-231
209000052,54,268,-214
209000062,7,135,-128
209000063,9,105,-96
209000064,8,131,-123
209000065,21,31,-10
209000066,19,44,-25
209000067,15,54,-39
209000080,9,113,-104
209000082,25,41,-16
209000091,19,63,-44
209000093,54,22,32
209000094,96,70,26
209000110,21,52,-31
209000111,227,479,-252
209000112,149,201,-52
209000113,259,224,35
209000114,107,126,-19
209000115,52,158,-106
209000116,727,389,338
209000118,14,19,-5
209000119,14,9,5
209000121,85,663,-578
209000135,56,80,-24
209000142,681,267,414
209000143,16,29,-13
209000144,15,35,-20
209000229,21,85,-64
209000240,11,360,-349
209000259,81,108,-27
209000260,18,655,-637
209000261,2,384,-382
209000262,1,354,-353
209000263,0,71,-71
209000264,1,20,-19
209000265,0,0,0
209000266,0,0,0
209000267,0,0,0
209000268,0,0,0
210000037,27,5,22
210000047,3,0,3
210000048,4,5,-1
210000049,2,4,-2
210000052,21,114,-93
210000053,10,59,-49
210000054,42,74,-32
210000070,0,0,0
210000071,0,0,0
210000072,0,0,0
210000073,0,26,-26
210000074,0,64,-64
210000075,3,39,-36
210000076,2,104,-102
210000077,6,16,-10
210000078,18,22,-4
210000079,0,2,-2
210000080,10,7,3
210000081,7,0,7
210000082,3,0,3
210000083,32,0,32
210000084,0,0,0
210000085,2,44,-42
210000086,3,102,-99
210000099,23,182,-159
210000100,47,181,-134
210000101,49,194,-145
210000105,35,87,-52
210000159,0,67,-67
210000163,181,166,15
210000164,116,22,94
210000168,38,4,34
210000187,0,2,-2
210000188,0,14,-14
210000214,0,0,0
210000219,3,10,-7
210000220,7,17,-10
210000232,2,16,-14
210000233,3,19,-16
210000234,12,90,-78
210000235,8,126,-118
210000245,0,20,-20
210000246,0,0,0
210000258,6,126,-120
210000259,30,2,28
210000282,23,115,-92
210000285,2,89,-87
210000286,6,158,-152
210000290,4,0,4
210000295,14,96,-82
210000296,51,39,12
210000320,27,19,8
210000321,6,8,-2
210000338,31,96,-65
210000339,441,362,79
210000340,70,123,-53
210000341,77,131,-54
210000342,102,96,6
210000343,55,157,-102
210000344,55,68,-13
210000345,112,55,57
210000346,19,28,-9
210000347,7,13,-6
210000348,26,9,17
210000349,7,15,-8
210000350,41,77,-36
210000351,33,87,-54
210000352,13,46,-33
210000353,41,59,-18
210000354,25,71,-46
210000355,9,44,-35
210000356,3,15,-12
210000357,12,7,5
210000358,141,27,114
210000359,30,12,18
210000360,52,36,16
210000361,26,42,-16
210000362,34,44,-10
210000363,190,18,172
210000364,13,14,-1
210000365,20,9,11
210000366,14,13,1
210000367,4,2,2
210000368,18,2,16
210000369,2,10,-8
210000370,17,21,-4
210000372,2,16,-14
210000373,0,2,-2
210000374,12,2,10
210000375,8,55,-47
210000376,19,92,-73
210000404,82,109,-27
210000439,3,9,-6
210000472,21,0,21
210000482,25,19,6
210000564,133,41,92
210000567,1,11,-10
210000568,73,0,73
211000092,4,57,-53
211000094,0,14,-14
211000169,143,4,139
211000172,6,105,-99
211000209,4,6,-2
211000226,6,8,-2
211000270,5,18,-13
211000275,12,17,-5
211000276,30,11,19
211000279,2,39,-37
211000281,10,36,-26
211000302,9,86,-77
211507980,0,7,-7
211977296,0,3,-3
212000003,17,22,-5
212000004,1,17,-16
212000005,9,21,-12
212000006,10,67,-57
212000008,69,210,-141
212000009,10,128,-118
212000012,22,63,-41
212000013,8,57,-49
212000014,141,153,-12
212000015,116,176,-60
212000016,264,366,-102
212000027,188,159,29
212000028,66,96,-30
212000029,34,77,-43
212000030,15,10,5
212000031,14,42,-28
212000048,18,64,-46
212000049,10,28,-18
212000050,11,3,8
212000051,114,155,-41
212000052,91,295,-204
212000053,238,495,-257
212000054,51,63,-12
212000055,42,126,-84
212000056,1,2,-1
212000057,0,4,-4
212000058,50,6,44
212000070,80,247,-167
212000077,88,538,-450
212000099,45,85,-40
212000108,38,60,-22
212000111,29,48,-19
212000120,85,115,-30
212000138,40,22,18
212000156,8,94,-86
212000158,2,4,-2
212000159,51,25,26
212000160,96,100,-4
212000161,13,3,10
212000310,4,28,-24
212000311,1,15,-14
212000374,3,11,-8
213000001,8,403,-395
213000005,68,32,36
213000006,235,33,202
213000007,9,3,6
213000009,66,27,39
213000010,20,25,-5
213000011,15,12,3
213000012,58,184,-126
213000014,9,2,7
213000015,15,1,14
213000016,18,0,18
213000017,1,0,1
213000018,4,163,-159
213000019,2,116,-114
213000020,30,206,-176
213000021,4,73,-69
213000023,0,0,0
213000033,118,355,-237
213000034,97,55,42
213000035,11,24,-13
213000045,37,182,-145
213000046,86,82,4
213000047,291,356,-65
213000056,2,2,0
213000069,19,0,19
213000073,0,12,-12
213000074,103,347,-244
213000075,44,0,44
213000076,1,0,1
213000085,1,14,-13
213000086,3,99,-96
213000091,0,0,0
213000092,0,0,0
213000099,70,489,-419
213000100,139,2,137
213000101,3,121,-118
213000102,12,311,-299
213000103,83,425,-342
213000104,32,316,-284
213000105,1,41,-40
213000106,4,213,-209
213000107,33,542,-509
213000108,15,419,-404
213000109,2,207,-205
213000110,5,37,-32
213000111,6,47,-41
213000112,65,116,-51
213000115,0,0,0
213000116,60,363,-303
213000117,2,553,-551
213000118,98,185,-87
213000119,20,539,-519
213000120,29,510,-481
213000122,118,458,-340
213000123,465,708,-243
213000124,22,926,-904
213000125,0,0,0
213000126,15,55,-40
213000127,73,95,-22
213000128,474,297,177
213000129,0,0,0
213000130,20,2,18
213000132,10,2,8
213000133,1,2,-1
213000134,27,2,25
213000136,36,3,33
213000137,170,11,159
213000139,68,3,65
213000147,3,0,3
213000148,0,11,-11
213000149,1,6,-5
213000150,1,71,-70
213000151,1,65,-64
213000152,1,39,-38
213000153,0,39,-39
213000154,6,234,-228
213000155,16,242,-226
213000156,38,378,-340
213000157,459,372,87
213000158,120,375,-255
213000159,110,116,-6
213000163,30,6,24
213000165,70,4,66
213000171,1,114,-113
213000172,0,177,-177
213000173,1,191,-190
213000174,1,169,-168
213000175,5,82,-77
213000176,0,0,0
213000177,0,0,0
213000178,0,0,0
213000179,0,0,0
213000180,0,0,0
213000184,30,261,-231
213000188,18,32,-14
213000189,18,13,5
213000190,175,299,-124
213000191,19,275,-256
213000192,30,368,-338
213000193,1053,86,967
213000194,0,12,-12
213000195,2,302,-300
213000196,53,457,-404
213000197,47,22,25
213000198,0,1,-1
213000200,58,772,-714
213000201,88,39,49
213000202,7,488,-481
213000203,594,59,535
213000204,88,11,77
213000205,21,5,16
213000206,27,5,22
213000207,18,1,17
213000208,0,0,0
213000209,0,0,0
213000210,7,0,7
213000211,1,4,-3
213000212,0,14,-14
213000213,3,30,-27
213000218,62,569,-507
213000219,0,0,0
213000220,0,0,0
213000223,104,30,74
213000224,1,5,-4
213000225,5,5,0
213000226,5,2,3
213000227,88,52,36
213000228,23,20,3
213000229,97,10,87
213000230,58,3,55
213000232,23,333,-310
213000233,4,17,-13
213000234,2,12,-10
213000293,1,33,-32
213000294,11,3,8
213000295,1,49,-48
213000296,28,3,25
213000297,8,50,-42
213000298,4,67,-63
213000299,20,1,19
213000300,0,1,-1
213000303,1,39,-38
213000304,0,4,-4
213000305,0,4,-4
213000306,20,22,-2
213000307,11,28,-17
213000308,41,175,-134
213000309,36,20,16
213000310,60,2,58
213000311,124,357,-233
213000315,17,85,-68
213000316,11,30,-19
213000322,18,116,-98
213000323,3,35,-32
213000324,9,36,-27
213000325,13,30,-17
213000326,1,11,-10
213000327,1,16,-15
213000328,4,44,-40
213000329,9,11,-2
213000340,40,741,-701
213000341,8,1,7
213000346,26,9,17
213000347,182,14,168
213000348,1,141,-140
213000349,1,4,-3
213000350,85,1039,-954
213000366,14,159,-145
213000367,18,1,17
213000379,22,98,-76
213000386,0,103,-103
213000406,39,181,-142
213000417,190,96,94
213000425,23,21,2
213000426,50,32,18
213000427,9,286,-277
213000428,7,198,-191
213000429,9,1,8
213000430,20,513,-493
213000431,41,1,40
213000432,0,5,-5
213000433,3,88,-85
213000434,16,40,-24
213000435,25,27,-2
213000436,2,31,-29
213000437,0,3,-3
213000438,16,20,-4
213000439,15,1,14
213000440,1,106,-105
213000441,1,0,1
213000442,0,19,-19
213000443,127,115,12
213000444,4,45,-41
213000445,0,42,-42
213000446,0,3,-3
213000447,1,7,-6
213000448,0,7,-7
213000449,19,1,18
213000450,4,8,-4
213000451,5,19,-14
213000452,1,1,0
213000453,13,173,-160
213000455,68,62,6
213000456,0,52,-52
213000481,8,4,4
213000482,43,1,42
213000489,104,8,96
213000491,1,28,-27
213000492,13,0,13
213000493,0,13,-13
213000494,1,5,-4
213000495,0,62,-62
213000496,4,1,3
213000497,12,189,-177
213000498,44,149,-105
213000499,48,409,-361
213000500,19,2,17
213000501,6,1,5
213000502,9,9,0
213000503,0,34,-34
213000504,4,103,-99
213000505,0,10,-10
213000506,0,7,-7
213000507,0,132,-132
213900244,0,0,0
213900245,0,16,-16
218000003,11,13,-2
218000004,14,16,-2
218000005,7,8,-1
218000006,10,48,-38
218000007,3,14,-11
218000012,171,55,116
218000013,50,142,-92
218000014,376,211,165
218000019,616,198,418
218000020,216,230,-14
218000021,6,44,-38
218000022,0,21,-21
218000023,0,21,-21
218000024,0,4,-4
218000025,4,13,-9
218000026,9,26,-17
218000027,0,5,-5
218000028,0,3,-3
218000029,0,0,0
218000030,5,6,-1
218000031,0,24,-24
218000032,0,19,-19
218000040,3,2,1
218000046,20,131,-111
218000047,3,177,-174
218000048,45,220,-175
218000049,37,159,-122
218000050,163,252,-89
218000051,33,328,-295
218000052,0,51,-51
218000053,5,14,-9
218000054,10,21,-11
218000055,0,14,-14
218000056,5,44,-39
218000057,2,26,-24
218000064,1,3,-2
218000065,39,26,13
218000066,13,52,-39
218000067,14,70,-56
218000068,25,54,-29
218000069,70,144,-74
218000070,86,258,-172
218000071,126,210,-84
218000072,224,166,58
218000078,238,937,-699
218000079,16,21,-5
218000080,30,39,-9
218000081,74,177,-103
218000082,7,119,-112
218000083,13,85,-72
218000084,71,201,-130
218000085,123,407,-284
218000086,18,142,-124
218000087,107,187,-80
218000090,23,36,-13
218000091,304,172,132
218000092,36,110,-74
218000093,53,99,-46
218000094,260,630,-370
218000099,196,244,-48
218000100,123,164,-41
218000101,124,72,52
218000102,102,210,-108
218000103,27,142,-115
218000104,18,36,-18
218000105,12,8,4
218000106,16,13,3
218000107,18,99,-81
218000108,1,49,-48
218000112,29,10,19
218000117,8,67,-59
218000134,224,477,-253
218000135,5,60,-55
218000136,49,25,24
218000137,42,178,-136
218000138,2,64,-62
218000139,26,191,-165
218000140,81,110,-29
218000141,9,28,-19
218000142,22,82,-60
218000143,14,118,-104
218000144,7,61,-54
218000145,98,261,-163
218000146,24,69,-45
218000151,18,8,10
218000152,38,74,-36
218000153,6,12,-6
218000154,1,2,-1
218000155,6,5,1
218000156,34,17,17
218000157,2,17,-15
218000158,0,7,-7
218000159,3,15,-12
218000160,4,4,0
218000161,14,5,9
218000162,18,13,5
218000163,5,4,1
218000164,36,21,15
218000165,33,27,6
218000170,0,32,-32
218000171,19,10,9
218000172,14,13,1
218000173,16,10,6
218000174,3,3,0
218000176,87,23,64
218000177,260,45,215
218000178,59,36,23
218000179,98,26,72
218000180,67,9,58
218000181,92,3,89
218000187,0,10,-10
218000188,4,15,-11
218000189,6,31,-25
218000190,3,11,-8
218000191,33,57,-24
218000192,56,464,-408
218000193,217,445,-228
218000194,34,365,-331
218000195,83,73,10
218000196,130,229,-99
218000197,82,266,-184
218000198,4,129,-125
218000199,23,28,-5
218000200,10,21,-11
218000201,7,20,-13
218000202,157,109,48
218000207,6,29,-23
218000208,12,28,-16
218000211,43,20,23
218000212,0,2,-2
218000213,53,40,13
218000214,13,11,2
218000215,25,105,-80
218000217,3,74,-71
218000218,144,55,89
218000219,8,14,-6
218000220,41,210,-169
218000221,93,77,16
218000222,28,18,10
218000223,121,141,-20
218000224,2,54,-52
218000225,153,33,120
218000226,53,59,-6
218000230,0,0,0
218000232,23,36,-13
218000239,0,0,0
218000240,0,0,0
218000241,0,0,0
218000242,0,0,0
218000243,0,0,0
218000244,0,0,0
218000245,0,0,0
218000246,0,0,0
218000247,0,0,0
218000248,1,18,-17
218000249,0,0,0
218000250,0,15,-15
218000251,0,22,-22
218000252,1,27,-26
218000253,1,4,-3
218000254,0,13,-13
218000255,0,6,-6
218000256,1,43,-42
218000267,524,617,-93
218000268,2,42,-40
218000269,4,10,-6
218000270,30,86,-56
218000271,27,93,-66
218000273,3,9,-6
218000274,5,3,2
218000275,11,20,-9
218000276,9,49,-40
218000278,24,18,6
218000279,36,71,-35
218000280,0,47,-47
218000281,2,24,-22
218000282,166,37,129
218000284,34,2,32
218000301,12,76,-64
218000302,40,40,0
218000303,7,23,-16
218000316,399,755,-356
218000317,330,741,-411
218000318,195,725,-530
218000319,439,1255,-816
218000320,312,621,-309
218000338,4,20,-16
218000345,53,58,-5
218000346,6,18,-12
218000459,50,231,-181
218000490,8,28,-20
218000501,19,15,4
218000502,19,89,-70
218000503,40,2,38
218000504,68,2,66
218000505,16,106,-90
218000506,51,87,-36
218000508,1,2,-1
218000510,141,10,131
218000520,62,81,-19
218000521,1,48,-47
218000522,0,117,-117
218000523,3,9,-6
218000524,39,62,-23
218000525,5,6,-1
218000526,28,50,-22
218000529,21,177,-156
218000530,2,7,-5
218000531,2,18,-16
218000532,9,18,-9
218000534,2,3,-1
218000537,12,12,0
218000538,32,103,-71
218000540,171,63,108
218000543,62,32,30
218000544,39,125,-86
218000545,24,34,-10
218000546,20,82,-62
218000547,30,70,-40
218000548,30,133,-103
218000549,193,53,140
218000550,222,436,-214
218000551,117,203,-86
218000552,185,17,168
218000553,7,49,-42
218000554,11,12,-1
218000555,3,21,-18
218000556,44,300,-256
218000557,139,56,83
218000558,5,0,5
218000559,0,11,-11
218000560,0,4,-4
218000561,0,0,0
218000562,8,119,-111
218000563,19,10,9
218000564,3,64,-61
218000565,15,8,7
218000566,85,14,71
218000567,0,39,-39
218000568,0,0,0
218000569,0,60,-60
218000570,5,4,1
218000571,1,74,-73
218000572,0,0,0
218000573,2,14,-12
218000574,1,15,-14
218000575,0,0,0
218000576,0,45,-45
218000577,0,0,0
218000578,2,44,-42
218000579,21,2,19
218000581,0,60,-60
218000582,2,1,1
218000583,0,0,0
218000584,0,12,-12
218000585,5,1,4
218000586,2,32,-30
218000587,0,0,0
218000588,0,1,-1
218000589,0,3,-3
218000590,1,0,1
218000591,0,16,-16
218000592,0,0,0
218000593,0,0,0
218000594,0,0,0
218000596,0,0,0
218000597,0,0,0
218000598,0,0,0
218000599,0,0,0
218000600,0,0,0
218000601,0,0,0
218000602,0,0,0
218000603,0,0,0
218000604,0,0,0
218000605,0,7,-7
218000606,4,0,4
218000607,2,25,-23
218000608,4,3,1
218000609,3,27,-24
218000610,2,0,2
218000611,0,1,-1
218000612,0,32,-32
218000613,6,0,6
218000614,0,37,-37
218000615,8,2,6
218000616,2,95,-93
218000617,3,2,1
218000618,0,13,-13
218000619,3,3,0
218000620,2,9,-7
218000621,0,0,0
218000622,0,2,-2
218000623,0,0,0
218000624,0,5,-5
218000625,5,0,5
218000626,0,15,-15
218000628,27,20,7
218000631,0,6,-6
218000632,0,27,-27
218000633,0,0,0
218000634,1,5,-4
218000635,2,6,-4
218000636,346,1041,-695
218000637,369,408,-39
218000638,12,8,4
218000639,4,248,-244
218000640,18,7,11
218000641,9,252,-243
218000652,89,115,-26
218000653,179,110,69
218000663,3,61,-58
218000675,8,10,-2
218000676,0,17,-17
218000677,6,6,0
218000680,85,369,-284
218000681,13,3,10
218000691,36,284,-248
218000693,1,2,-1
218000703,3,39,-36
218000718,77,182,-105
218000719,19,24,-5
218000720,4,16,-12
218000721,5,2,3
218000725,1,2,-1
218001147,2,246,-244
218001214,6,23,-17
218001258,28,1,27
218001329,2,0,2
218001330,87,61,26
218001351,1,1,0
218001352,2,4,-2
218001353,4,2,2
218001354,3,4,-1
218001355,10,247,-237
218001356,48,2,46
218001357,7,207,-200
218001358,22,4,18
218001361,15,4,11
218001362,8,207,-199
219000001,17,59,-42
219000002,25,56,-31
219000003,75,26,49
219000004,93,52,41
219000017,37,15,22
219000020,58,6,52
219000022,21,0,21
219000023,48,0,48
219000029,1,97,-96
219000034,3,8,-5
219000039,48,33,15
219000040,15,16,-1
219000041,39,24,15
219000051,0,47,-47
219000052,0,14,-14
219000053,0,248,-248
219000054,6,116,-110
219000055,29,0,29
219000056,1,0,1
219000057,13,0,13
219000062,3,220,-217
219000063,12,6,6
219000064,5,27,-22
219000110,82,42,40
219000111,70,18,52
219000112,142,26,116
219000113,50,18,32
219000114,179,8,171
219000116,73,45,28
219000117,155,76,79
219000118,61,70,-9
219000123,158,73,85
219000124,17,40,-23
219000125,9,25,-16
219000126,16,71,-55
219000127,0,3,-3
219000128,21,72,-51
219000129,20,93,-73
219000130,1218,569,649
219000131,1179,787,392
219000133,39,37,2
219000134,12,16,-4
219000135,46,64,-18
219000136,154,123,31
219000138,21,13,8
219000139,13,50,-37
219000140,8,3,5
219000141,9,105,-96
219000142,4,73,-69
219000143,12,77,-65
219000145,1,11,-10
219000146,7,40,-33
219000147,0,59,-59
219000148,0,85,-85
219000149,16,170,-154
219000150,3,98,-95
219000151,2,83,-81
219000157,84,61,23
219000158,104,217,-113
219000161,98,12,86
219000163,1024,273,751
219000166,39,127,-88
219000167,58,214,-156
219000168,140,27,113
219000174,80,59,21
219000175,34,2,32
219000176,28,5,23
219000177,1,2,-1
219000178,5,0,5
219000179,9,2,7
219000180,16,32,-16
219000182,19,3,16
219000183,6,45,-39
219000184,5,0,5
219000185,1,106,-105
219000186,1,47,-46
219000187,7,110,-103
219000189,95,104,-9
219000190,137,155,-18
219000191,876,506,370
219000192,115,159,-44
219000193,477,155,322
219000195,3,33,-30
219000196,3,67,-64
219000198,5,125,-120
219000199,46,91,-45
219000200,21,125,-104
219000201,64,171,-107
219000203,13,85,-72
219000204,30,133,-103
219000205,17,173,-156
219000207,69,149,-80
219000209,18,68,-50
219000210,13,93,-80
219000213,19,217,-198
219000239,82,164,-82
219000240,100,181,-81
219000241,20,190,-170
219000242,54,163,-109
219000243,43,285,-242
219000244,11,101,-90
219000245,7,40,-33
219000246,13,6,7
219000247,23,10,13
219000248,206,43,163
219000249,33,4,29
219000250,16,7,9
219000251,114,8,106
219000252,0,0,0
219000253,0,0,0
219000255,13,22,-9
219000256,28,38,-10
219000257,0,0,0
219000262,39,210,-171
219000263,28,199,-171
219000267,2,131,-129
219000268,4,4,0
219000269,3,1,2
219000270,10,0,10
219000271,92,3,89
219000278,0,20,-20
219000279,2,8,-6
219000283,0,7,-7
219000295,16,111,-95
219000296,67,418,-351
219000297,11,148,-137
219000298,9,206,-197
219000299,108,14,94
219000300,20,275,-255
219000301,57,223,-166
219000302,6,140,-134
219000307,14,38,-24
219000308,51,20,31
219000311,22,17,5
219000312,97,13,84
219000313,82,3,79
219000314,90,360,-270
219000315,10,6,4
219000316,41,3,38
219000317,10,1,9
219000320,0,25,-25
219000321,0,11,-11
219000323,6,78,-72
219000325,1,20,-19
219000326,44,103,-59
219000327,27,33,-6
219000328,23,32,-9
219000329,326,86,240
219000330,12,31,-19
219000331,26,37,-11
219000332,18,32,-14
219000333,4,2,2
219000335,13,1,12
219000337,0,0,0
219000338,0,0,0
219000344,30,58,-28
219000345,92,153,-61
219000346,20,141,-121
219000348,65,133,-68
219000349,23,184,-161
219000350,51,71,-20
219000351,1,1,0
219000352,174,31,143
219000353,66,44,22
219000354,74,88,-14
219000355,36,20,16
219000356,1056,225,831
219000363,260,30,230
219000364,84,30,54
219000365,81,13,68
219000366,440,118,322
219000368,303,148,155
219000370,624,81,543
219000371,6,9,-3
219000382,4,10,-6
219000383,493,483,10
219000385,453,363,90
219000386,780,875,-95
219000387,0,2,-2
219000390,26,0,26
219000391,10,0,10
219000397,80,99,-19
219000398,70,24,46
219000401,5,59,-54
219000402,14,64,-50
219000403,26,88,-62
219000404,9,28,-19
219000407,0,22,-22
219000409,0,0,0
219000410,0,0,0
219000411,0,0,0
219000446,181,298,-117
219000447,0,36,-36
219000448,0,0,0
219000452,44,22,22
219000453,29,66,-37
219000454,226,107,119
219000556,41,4,37
219000558,93,249,-156
219000590,12,109,-97
219000591,17,4,13
219000592,62,315,-253
219000595,1,25,-24
219000635,7,0,7
219000636,17,86,-69
219000657,18,22,-4
219000658,2,49,-47
219000673,1,28,-27
219000676,5,4,1
219000679,27,27,0
219000684,19,8,11
219000685,0,86,-86
219000686,2,0,2
219000688,1,110,-109
219000689,73,109,-36
219000690,0,0,0
219000691,34,65,-31
219000692,1,19,-18
219000693,0,40,-40
219000694,3,0,3
219000695,0,1,-1
219000698,0,0,0
219000699,0,20,-20
219000727,0,161,-161
219000728,72,5,67
219000770,0,0,0
219000771,0,28,-28
219000788,151,122,29
219001150,1,6,-5
219001151,2,6,-4
219001166,0,0,0
219001167,2,45,-43
219001178,13,0,13
220000001,0,20,-20
220000002,4,77,-73
220000003,174,221,-47
220000004,311,437,-126
220000005,749,958,-209
220000006,79,678,-599
220000007,169,706,-537
220000008,97,810,-713
220000009,101,349,-248
220000010,48,95,-47
220000011,363,484,-121
220000012,25,39,-14
220000014,10,56,-46
220000015,10,51,-41
220000017,8,218,-210
220000018,2002,235,1767
220000019,42,119,-77
220000020,43,166,-123
220000021,268,77,191
220000022,300,333,-33
220000023,77,127,-50
220000024,837,237,600
220000025,226,256,-30
220000026,173,81,92
220000027,17,71,-54
220000028,12,23,-11
220000029,35,77,-42
220000030,20,60,-40
220000031,39,182,-143
220000064,1,39,-38
221000046,1,0,1
221000047,0,0,0
221000048,0,0,0
221000049,0,8,-8
221000050,8,0,8
221000055,27,22,5
221000057,28,3,25
221000068,233,39,194
221000069,151,30,121
221000070,83,14,69
221000071,22,6,16
221000072,91,15,76
221000073,34,24,10
221000074,0,13,-13
221000075,3,23,-20
221000076,5,28,-23
221000077,21,74,-53
221000081,7,9,-2
221000082,11,0,11
221000083,14,3,11
221000084,1,3,-2
221000085,10,60,-50
221000086,7,134,-127
221000087,0,115,-115
221000088,19,101,-82
221000089,32,120,-88
221000090,144,326,-182
221000098,35,7,28
221000099,118,17,101
221000100,22,10,12
221000101,126,6,120
221000102,72,11,61
221000109,7,79,-72
221000110,8,144,-136
221000111,6,118,-112
221000112,5,88,-83
221000113,9,112,-103
221000114,5,132,-127
221000120,3,18,-15
221000121,0,10,-10
221000122,11,2,9
221000123,9,28,-19
221000124,15,232,-217
221000155,17,0,17
221000156,3,7,-4
221000175,0,3,-3
221000176,3,6,-3
221000182,25,2,23
221000241,413,113,300
221000242,227,209,18
221000243,226,66,160
221000244,121,212,-91
221000245,22,70,-48
221000246,20,127,-107
221000247,24,109,-85
221000248,11,124,-113
221000267,13,386,-373
221000325,22,31,-9
221000331,0,23,-23
221000338,2,1,1
221000378,58,6,52
221000381,41,67,-26
222000282,1,0,1
222000296,1,8,-7
222000568,35,2,33
222000569,9,2,7
222000570,5,1,4
222000571,10,2,8
222000577,3,131,-128
222000578,3,111,-108
222000579,18,84,-66
222000580,82,514,-432
222000599,1,93,-92
222000600,2,223,-221
222000601,13,578,-565
222000603,2,10,-8
222000604,0,17,-17
222000605,0,12,-12
222000606,0,6,-6
222000607,0,0,0
222000608,4,9,-5
222000609,10,242,-232
222000616,2,2,0
222000617,0,0,0
222000618,0,0,0
222000620,0,0,0
222000621,0,0,0
222000623,0,0,0
222000624,0,0,0
222000625,0,39,-39
222000636,15,0,15
222000686,0,0,0
222000687,0,0,0
222001066,36,1,35
222001067,0,1,-1
222001068,1,2,-1
222001069,2,14,-12
222001082,1,33,-32
222001083,2,49,-47
222001084,1,33,-32
222001085,0,66,-66
222001111,1,174,-173
222001112,5,9,-4
222001313,0,0,0
222001314,3,51,-48
222001464,1,8,-7
222001465,7,214,-207
222001484,0,0,0
222001485,14,68,-54
222001494,17,18,-1
222001495,58,351,-293
222001496,10,17,-7
222001497,62,465,-403
222001502,22,99,-77
222001503,0,0,0
222001504,13,183,-170
222001505,0,0,0
222001506,17,160,-143
222001507,0,0,0
222001510,0,0,0
222001511,25,251,-226
222001514,0,0,0
222001515,83,555,-472
222001518,0,0,0
222001519,19,316,-297
222001527,0,0,0
222001528,19,106,-87
222001529,0,0,0
222001530,20,148,-128
222001533,131,306,-175
222001534,0,0,0
222001535,4,14,-10
222001536,41,341,-300
222001537,0,0,0
222001538,18,315,-297
222001563,0,0,0
222001564,15,645,-630
222001568,4,36,-32
222001576,0,0,0
222001579,0,1,-1
222001583,7,225,-218
222001584,1,0,1
222001596,159,886,-727
222001597,20,3,17
222001626,1,153,-152
222001650,16,24,-8
222001651,2,28,-26
222001914,0,0,0
222001915,29,132,-103
222001968,46,25,21
222001969,269,618,-349
222001970,14,82,-68
222001971,1,4,-3
222001972,0,19,-19
225000001,62,36,26
225000002,89,4,85
225000003,101,11,90
225000004,57,20,37
225000005,5,4,1
225000006,0,92,-92
225000007,2496,624,1872
225000010,59,0,59
225000011,110,131,-21
225000012,23,74,-51
225000013,2,24,-22
225000014,37,10,27
225000015,62,126,-64
225000021,46,31,15
225000027,114,303,-189
225000032,87,17,70
225000042,45,421,-376
225000049,26,45,-19
225000050,36,3,33
225000053,6,94,-88
225000058,71,13,58
225000067,77,160,-83
225000068,34,406,-372
225000069,76,341,-265
225000070,45,360,-315
225000071,10,221,-211
225000075,27,516,-489
225000076,32,46,-14
225000078,14,9,5
225000085,0,0,0
225000086,0,0,0
225000087,0,0,0
225000088,7,90,-83
225000089,260,287,-27
225000090,11,193,-182
225000091,13,142,-129
225000092,1,55,-54
225000093,48,342,-294
225000094,15,358,-343
225000095,156,347,-191
225000096,67,236,-169
225000098,125,48,77
225000099,79,27,52
225000100,87,37,50
225000104,17,291,-274
225000110,7,240,-233
225000111,79,614,-535
225000112,96,561,-465
225000113,24,396,-372
225000114,18,191,-173
225000115,1770,238,1532
225000116,139,11,128
225000117,71,44,27
225000118,123,23,100
225000119,27,16,11
225000120,21,21,0
225000121,83,1,82
225000123,50,0,50
225000125,44,113,-69
225000126,494,68,426
225000127,624,138,486
225000128,61,72,-11
225000132,103,15,88
225000133,78,15,63
225000134,270,43,227
225000135,18,2,16
225000136,34,5,29
225000137,32,23,9
225000138,164,12,152
225000143,61,66,-5
225000144,0,179,-179
225000145,0,0,0
225000146,6,96,-90
225000147,3,262,-259
225000148,1,143,-142
225000149,18,292,-274
225000151,28,196,-168
225000155,85,144,-59
225000156,100,268,-168
225000157,53,185,-132
225000158,16,300,-284
225000171,3,136,-133
225000180,7,0,7
225000181,0,22,-22
225000182,1,2,-1
225000185,5,137,-132
225000187,42,206,-164
225000191,0,0,0
225000194,0,14,-14
225000208,0,35,-35
225000209,0,0,0
225000210,3,78,-75
225000217,0,21,-21
225000218,0,0,0
225000223,0,15,-15
225000224,36,0,36
225000225,1,2,-1
225000226,21,0,21
225000227,33,42,-9
225000228,0,0,0
225000229,1,53,-52
225000230,0,0,0
225000231,1,126,-125
225000232,7,0,7
225000241,12,1,11
225000242,1,36,-35
225000249,1,0,1
225000250,20,535,-515
225000251,134,9,125
226000042,204,322,-118
226000043,16,206,-190
226000044,63,589,-526
226000045,55,346,-291
226000046,121,37,84
226000047,108,35,73
226000048,184,25,159
226000049,87,49,38
226000070,0,35,-35
226000071,0,36,-36
226000072,0,3,-3
226000073,0,5,-5
226000074,0,5,-5
226000084,3,28,-25
226000085,1,2,-1
226000086,6,6,0
226000087,1,3,-2
226000088,3,3,0
226000090,13,7,6
226000091,0,1,-1
226000092,1,0,1
226000093,3,0,3
226000094,0,0,0
226000095,8,2,6
226000105,0,0,0
226000106,2,0,2
226000107,6,0,6
226000108,9,0,9
226000109,32,0,32
226000124,101,41,60
226000134,226,151,75
226000135,362,270,92
226000136,88,91,-3
226000137,5,299,-294
226000138,10,194,-184
226000139,0,17,-17
226000156,33,1,32
226000157,100,6,94
226000163,30,40,-10
226000202,3,238,-235
226000231,142,6,136
226000232,10,4,6
227000033,180,37,143
227000036,109,10,99
227000037,90,8,82
227000038,85,6,79
227000049,0,7,-7
227000050,0,45,-45
227000055,4,0,4
227000056,1,0,1
227000084,1,23,-22
227000085,0,15,-15
227000088,6,2,4
227000089,25,1,24
227000090,6,0,6
227000091,2,1,1
227000093,6,0,6
227000094,2,0,2
227000130,17,53,-36
227000131,3,248,-245
227000132,5,220,-215
227000133,5,267,-262
227000134,8,370,-362
227000152,0,4,-4
227000153,0,54,-54
227000155,0,15,-15
227000156,0,21,-21
227000165,2,25,-23
227000196,51,270,-219
227000199,14,381,-367
227000230,18,431,-413
227000232,21,5,16
227000242,48,345,-297
227000243,341,46,295
227000245,16,317,-301
227000246,69,348,-279
227000247,166,82,84
227000248,103,28,75
227000249,25,198,-173
227000250,453,133,320
227000251,91,308,-217
227000252,7,288,-281
227000253,65,28,37
227000262,192,13,179
227000266,25,2,23
227000267,34,1714,-1680
227000282,6,187,-181
227000284,36,3,33
227000286,0,88,-88
227000287,12,113,-101
227000291,8,461,-453
227000484,91,3,88
227000485,15,483,-468
227000655,12,6,6
227000656,142,6,136
227000657,9,7,2
227000661,25,1,24
227000680,48,10,38
229000265,0,10,-10
229000296,0,4,-4
229000297,0,19,-19
229000298,4,38,-34
229000320,2,1,1
229000321,1,0,1
229000412,6,21,-15
229000414,1,43,-42
229000415,2,0,2
229000416,0,4,-4
229000417,1,23,-22
229000419,31,122,-91
229000440,65,37,28
229000442,0,1,-1
229000443,0,1,-1
229000444,0,21,-21
229000445,3,5,-2
229000446,9,2,7
229000491,0,27,-27
229000492,6,83,-77
229000493,0,24,-24
229000494,10,10,0
229000495,63,40,23
229000496,6,47,-41
229000507,0,10,-10
229000508,1,7,-6
229000509,0,26,-26
229000510,0,9,-9
229000511,0,22,-22
229000512,0,22,-22
229000513,0,3,-3
229000514,0,0,0
229000517,0,1,-1
229000518,0,20,-20
229000519,0,7,-7
229000520,0,12,-12
229000521,10,49,-39
229000522,5,20,-15
229000523,5,13,-8
229000524,3,4,-1
229000527,2,1,1
229000528,0,0,0
229000529,3,0,3
229000530,27,17,10
229000531,7,4,3
229000532,5,3,2
229000533,75,14,61
229000534,21,8,13
229000564,14,5,9
229000565,3,2,1
229000566,0,17,-17
229000567,1,42,-41
229000582,100,1,99
229000583,8,8,0
229000584,0,33,-33
229000585,3,20,-17
229000718,0,0,0
229000719,0,0,0
229000720,0,4,-4
229000721,0,10,-10
229000722,0,20,-20
229000723,0,5,-5
229000724,0,1,-1
229000725,0,5,-5
229000738,1,0,1
229000739,0,0,0
229000740,0,0,0
229000741,9,0,9
229000742,6,1,5
229000743,12,1,11
229000744,0,0,0
229000745,3,0,3
229000746,14,0,14
229000847,12,2,10
229000848,10,1,9
229000849,108,4,104
229000851,20,0,20
229000854,0,57,-57
229000856,2,174,-172
229000857,0,31,-31
229000858,0,129,-129
229000919,5,73,-68
229000930,3,177,-174
229000937,140,21,119
229000966,56,34,22
229000981,5,64,-59
229000985,0,5,-5
229000986,0,3,-3
229000987,0,0,0
229000988,0,2,-2
229000989,1,1,0
229000990,0,0,0
229000991,0,1,-1
229000992,4,0,4
229000993,57,7,50
229000998,9,13,-4
229000999,27,2,25
229001034,0,3,-3
229001035,0,2,-2
229001037,12,6,6
229001042,2,1,1
229001047,2,15,-13
229001050,11,16,-5
229001168,0,2,-2
229001200,0,0,0
229001338,0,2,-2
229001394,312,2,310
229001422,213,21,192
229001423,15,111,-96
229001431,96,76,20
229001432,29,68,-39
229001444,38,17,21
229001445,3,113,-110
229001479,2,14,-12
229001503,176,82,94
229001504,56,166,-110
229001505,176,65,111
229001506,42,151,-109
229001509,6,9,-3
229001545,76,7,69
229001546,5,72,-67
229001553,51,9,42
229001554,2,106,-104
229001559,2,5,-3
229001560,0,10,-10
229001630,12,3,9
229001631,6,14,-8
229001635,0,7,-7
229001636,0,0,0
229001658,1,60,-59
229001659,100,7,93
229001660,0,0,0
229001661,0,10,-10
229001662,22,0,22
229001663,1,14,-13
229002584,48,29,19
229002831,53,30,23
229002841,1,10,-9
229002842,4,5,-1
229002843,2,2,0
229002844,2,23,-21
229002845,0,33,-33
229002846,1,7,-6
229002847,0,3,-3
229002848,0,0,0
229002849,0,37,-37
229002850,0,2,-2
229002851,5,41,-36
229002852,5,17,-12
229002853,18,4,14
229002854,4,18,-14
229002855,1,47,-46
229002856,2,5,-3
229002857,1,17,-16
229002858,2,0,2
229002859,5,16,-11
229002860,4,0,4
229002861,3,3,0
229002862,3,21,-18
229002863,2,12,-10
229002864,0,11,-11
229002865,0,5,-5
229002866,0,4,-4
229002867,1,5,-4
229002868,0,17,-17
229002869,1,72,-71
229002870,5,7,-2
235000066,96,53,43
235000067,60,48,12
235000072,35,35,0
235000073,66,158,-92
235000074,17,59,-42
235000080,3,43,-40
235000081,45,155,-110
235000082,43,41,2
235000083,31,41,-10
235000084,3,20,-17
235000085,31,13,18
235000089,3,33,-30
235000092,8,98,-90
235000093,0,2,-2
235000097,0,4,-4
235000098,27,17,10
235000099,3,15,-12
235000116,6,13,-7
235000117,264,0,264
235000133,5,136,-131
235000134,3,45,-42
235000206,6,0,6
235000207,1,1,0
235000208,0,1,-1
235000209,2,3,-1
235000210,0,1,-1
235000212,2,8,-6
235000213,2,0,2
235000220,0,3,-3
235000221,13,12,1
235000238,3,15,-12
235000239,0,4,-4
235000242,101,110,-9
235000245,964,123,841
235000246,2,44,-42
235000284,0,41,-41
235000295,0,0,0
235000305,0,0,0
235000306,0,0,0
235000307,0,0,0
235000308,0,0,0
235000309,0,0,0
235000310,0,0,0
235000311,1,5,-4
235000322,0,17,-17
235000323,1,22,-21
235000324,0,12,-12
235000325,0,14,-14
235000326,4,161,-157
235000351,1,31,-30
235000352,4,30,-26
235000353,3,10,-7
235000354,1,27,-26
235000355,0,33,-33
235000356,0,0,0
235000357,0,0,0
235000358,0,0,0
235000359,0,0,0
235000360,0,0,0
235000361,0,0,0
235000381,28,318,-290
235000382,35,23,12
235000390,3,3,0
235000391,69,9,60
235000392,41,101,-60
235000393,52,47,5
235000395,40,19,21
235000396,101,32,69
235000400,11,30,-19
235000401,12,166,-154
235000405,36,368,-332
235000406,15,292,-277
235000407,51,121,-70
235000409,186,146,40
235000410,19,157,-138
235000411,0,62,-62
235000485,0,8,-8
235000486,1,0,1
235000549,18,30,-12
235000550,36,117,-81
235000599,41,66,-25
235000600,7,4,3
235000601,6,18,-12
235000602,23,51,-28
235000614,0,0,0
235000648,0,31,-31
235000649,12,3,9
235000685,0,2,-2
235000815,2,17,-15
235000834,0,6,-6
235000855,21,14,7
235000862,11,218,-207
235000891,0,1,-1
235000892,2,2,0
235000901,66,74,-8
235000907,2,4,-2
235001010,7,21,-14
235001029,455,302,153
235001030,425,92,333
235001078,24,39,-15
235001079,46,112,-66
235001147,10,17,-7
235001166,4,24,-20
235001167,3,25,-22
235001169,5,212,-207
235001188,0,4,-4
235001189,0,1,-1
235001197,0,28,-28
235001200,12,24,-12
235001207,87,27,60
235001210,17,353,-336
235001215,4,236,-232
235001239,0,43,-43
235001244,1,2,-1
235016267,1,17,-16
277101746,1,6,-5
277102712,0,0,0
277103813,0,0,0
277103814,0,0,0
277103898,0,1,-1
277104249,0,2,-2
277104250,0,1,-1
277104251,0,7,-7
277104252,0,0,0
990011530,0,176,-176
990014944,0,343,-343
990015176,2,7,-5
990015618,0,37,-37
990016032,0,196,-196
990032570,41,17,24
990070001,0,1,-1
990070103,0,3,-3
990070601,0,17,-17
990070751,15,1,14
990070766,1,707,-706
990071180,0,92,-92
990071343,0,0,0
990071387,0,2,-2
990071823,5,1,4
990072600,1,420,-419
990072964,0,380,-380
990073285,0,0,0
990074393,0,611,-611
990074870,85,8,77
990075106,47,2,45
990075746,6,0,6
990076437,33,1,32
990076458,2,826,-824
997000007,14,3,11
997000041,1,58,-57
997000058,0,0,0
997000062,8,0,8
997000069,0,2,-2
997000070,0,28,-28
997000100,0,0,0
997000141,0,2,-2
997000198,33,21,12
998000475,0,20,-20
998000736,1,221,-220
998000965,0,0,0
998001031,0,24,-24
998001700,0,13,-13
998001899,0,0,0
998001900,5,0,5
998003073,14,5,9
998101900,0,0,0
998102850,0,52,-52
998501927,41,268,-227
998501929,32,1,31
998501930,37,0,37
998501931,18,13,5
998501932,41,1,40
998501933,0,0,0
998501937,0,3,-3
998501944,0,1,-1
998501950,0,5,-5
998501970,0,3,-3
998501971,1,54,-53
998501973,1,55,-54
998501974,0,154,-154
998501975,12,7,5
998501976,1,0,1
998501977,0,14,-14
998501978,0,0,0
998501979,0,6,-6
998501980,4,7,-3
998501981,0,0,0
998501982,0,47,-47
998501983,0,1,-1
998502006,0,0,0
998502024,1,2,-1
998502032,0,1,-1
998502062,0,1,-1
998502063,0,0,0
998502173,22,0,22
998502269,0,1,-1
998502546,0,50,-50
998502578,0,0,0
998502599,59,20,39
998502621,0,0,0
998601159,1,167,-166
998601292,0,9,-9
999033574,2,463,-461
999800001,0,2,-2
999800002,0,0,0
999800003,1,2,-1
999800004,0,12,-12
999800005,0,6,-6
