ID,insum,outsum,diff
100000001,478,383,95
100000002,1091,400,691
100000003,4236,1632,2604
100000004,1215,494,721
100000005,1103,1761,-658
100000006,177,75,102
100000007,862,322,540
100000008,113,340,-227
100000009,106,108,-2
100000010,30,27,3
100000011,467,43,424
100000012,41,623,-582
100000013,43,106,-63
100000014,246,262,-16
100000015,960,770,190
100000016,894,863,31
100000017,499,734,-235
100000018,901,314,587
100000019,3851,1092,2759
100000020,1272,2192,-920
100000021,4824,1572,3252
100000022,1121,636,485
100000023,4453,619,3834
100000025,1932,309,1623
100000028,1325,514,811
100000029,244,136,108
100000030,432,31,401
100000031,3405,3095,310
100000032,1828,1816,12
100000033,512,1153,-641
100000034,569,185,384
100000035,1307,487,820
100000036,2028,603,1425
100000037,371,313,58
100000038,769,579,190
100000039,387,104,283
100000040,95,62,33
100000041,503,226,277
100000042,452,230,222
100000043,579,232,347
100000044,443,600,-157
100000045,401,1045,-644
100000046,558,1028,-470
100000047,243,636,-393
100000048,291,561,-270
100000049,1346,2074,-728
100000051,290,922,-632
100000053,17,4,13
100000054,154,18,136
100000055,371,187,184
100000056,176,441,-265
100000057,1187,629,558
100000058,689,1052,-363
100000059,4,61,-57
100000060,199,203,-4
100000061,1166,339,827
100000062,808,348,460
100000063,325,229,96
100000064,562,208,354
100000065,382,911,-529
100000066,138,737,-599
100000067,280,703,-423
100000068,414,1323,-909
100000069,197,1417,-1220
100000072,301,703,-402
100000073,760,1036,-276
100000075,376,222,154
100000076,1398,965,433
100000077,499,83,416
100000078,53,18,35
100000079,16,29,-13
100000080,6,11,-5
100000081,59,8,51
100000102,1865,905,960
100000103,2843,441,2402
100000104,3602,768,2834
100000105,2775,413,2362
100000106,1698,1003,695
100000107,395,227,168
100000108,741,729,12
100000109,2701,809,1892
100000116,1142,363,779
100000117,27,20,7
100000118,842,533,309
100000119,341,423,-82
100000121,165,430,-265
100000122,710,540,170
100000123,2755,2854,-99
100000124,5159,3746,1413
100000125,2108,393,1715
100000126,416,163,253
100000127,1181,249,932
100000128,523,565,-42
100000129,330,269,61
100000130,262,480,-218
100000131,2687,1850,837
100000132,1246,1051,195
100000133,5924,1859,4065
100000135,358,559,-201
100000139,177,239,-62
100000140,171,206,-35
100000142,217,372,-155
100000143,1412,725,687
100000144,3554,801,2753
100000147,698,1532,-834
100000150,12,337,-325
100000151,451,376,75
100000153,191,111,80
100000154,70,61,9
100000155,8,21,-13
100000156,35,54,-19
100000157,14,322,-308
100000158,32,110,-78
100000159,356,310,46
100000165,761,462,299
100000169,631,235,396
100000174,1349,308,1041
100000179,58,471,-413
100000180,665,763,-98
100000181,66,201,-135
100000188,72,232,-160
100000189,445,203,242
100000190,349,262,87
100000191,353,265,88
100000192,56,53,3
100000193,88,109,-21
100000330,1642,351,1291
100000355,106,378,-272
100000362,3814,2543,1271
100000363,1548,2284,-736
100000364,257,98,159
100000365,2601,5140,-2539
100000366,3141,1624,1517
100000367,1857,2879,-1022
100000368,1463,1424,39
100000369,699,744,-45
100000370,84,242,-158
100000376,71,55,16
100000379,1881,620,1261
100000380,2651,1133,1518
100000384,3830,1690,2140
100000385,4506,1997,2509
100000386,7103,2229,4874
100000387,5761,2435,3326
100000388,7920,2498,5422
100000389,6941,2599,4342
100000390,7534,1960,5574
100000391,4909,2535,2374
100000392,2617,783,1834
100000393,978,872,106
100000394,5115,2063,3052
100000395,2767,824,1943
100000396,4180,1051,3129
100000397,2208,1143,1065
100000398,8193,5650,2543
100000413,10,5,5
100900002,5,50,-45
100900003,189,58,131
100900004,15,614,-599
100900005,99,8,91
100900006,4,174,-170
100900007,378,1,377
100900008,1,385,-384
100900009,19,21,-2
100900010,7,118,-111
100900011,36,296,-260
100900012,1,180,-179
100900013,274,6,268
100900014,2,8,-6
100900015,125,64,61
100900016,0,38,-38
100900017,227,33,194
100900018,0,9,-9
100900019,10,36,-26
100900020,122,0,122
100900021,174,0,174
100900022,0,3,-3
100900023,0,11,-11
100900024,606,1,605
100900025,12,6,6
100900026,21,140,-119
100900027,311,1002,-691
100900028,62,83,-21
100900029,73,7,66
100900030,1,5,-4
100900031,167,44,123
100900032,97,1,96
100900033,148,61,87
100900034,161,1,160
100900035,457,0,457
100900036,10,3,7
100900037,27,253,-226
100900038,49,11,38
100900039,459,673,-214
100900040,143,733,-590
100900041,225,866,-641
100900042,325,107,218
100900043,0,14,-14
100900044,2211,217,1994
100900045,36,1,35
100900046,332,4,328
100900047,689,74,615
100900048,74,5,69
100900049,26,189,-163
100900050,1,10,-9
100900051,28,49,-21
100900052,76,15,61
100900053,140,21,119
100900054,5,78,-73
100900055,132,220,-88
100900056,65,148,-83
100900057,289,336,-47
100900058,103,23,80
100900059,30,0,30
100900060,48,0,48
100900061,247,132,115
100900062,0,46,-46
100900063,55,195,-140
100900064,299,10,289
100900065,42,32,10
100900066,33,68,-35
100900067,4,4,0
100900068,35,105,-70
100900069,249,0,249
100900070,127,0,127
100900071,548,196,352
100900072,0,61,-61
100900073,47,404,-357
100900074,7,8,-1
100900075,1820,161,1659
100900076,4,29,-25
100900077,7,167,-160
100900078,40,110,-70
100900079,11,28,-17
100900080,1,159,-158
100900081,17,66,-49
100900082,39,691,-652
100900083,1,33,-32
100900085,1,36,-35
100900086,99,231,-132
100900088,31,685,-654
100900089,7,8,-1
100900090,45,195,-150
100900091,0,17,-17
100900092,97,70,27
100900093,95,105,-10
100900094,54,623,-569
100900095,1,20,-19
100900096,42,68,-26
100900097,0,1,-1
100900098,5,13,-8
100900099,21,438,-417
100900100,5,179,-174
100900101,309,13,296
100900102,0,11,-11
100900103,3,10,-7
100900104,5,116,-111
100900105,1,55,-54
100900106,23,4,19
100900107,1111,317,794
100900108,0,5,-5
100900109,6,20,-14
100900110,2,35,-33
100900111,43,111,-68
100900112,0,3,-3
100900113,8,36,-28
100900114,1,12,-11
100900115,0,25,-25
100900116,480,309,171
100900117,127,441,-314
100900118,0,49,-49
100900119,1,16,-15
100900120,2,33,-31
100900121,130,210,-80
100900122,99,116,-17
100900123,54,70,-16
100900124,3,8,-5
100900125,14,87,-73
100900126,58,123,-65
100900127,0,6,-6
100900128,36,64,-28
100900129,0,47,-47
100900131,33,101,-68
100900133,15,18,-3
100900134,2,2,0
100900135,0,93,-93
100900137,215,121,94
100900138,294,189,105
100900139,1,6,-5
100900140,1,719,-718
100900141,0,215,-215
100900142,1,3,-2
100900143,650,220,430
100900144,8,2,6
100900145,11,101,-90
100900146,4,13,-9
100900147,13,104,-91
100900148,21,769,-748
100900149,5,72,-67
100900150,5,13,-8
100900151,84,405,-321
100900152,91,3,88
100900153,1,75,-74
100900154,0,4,-4
100900155,1,7,-6
100900156,14,0,14
100900157,2,57,-55
100900159,2,6,-4
100900160,9,9,0
100900161,104,2,102
100900162,0,129,-129
100900163,114,138,-24
100900164,17,25,-8
100900165,16,27,-11
100900166,20,0,20
100900167,8,63,-55
100900168,6,80,-74
100900169,136,787,-651
100900170,16,2,14
100900171,15,562,-547
100900172,0,2,-2
100900173,6,525,-519
100900174,283,34,249
100900176,894,71,823
100900177,660,187,473
100900178,270,81,189
100900179,58,16,42
100900180,1,0,1
100900181,81,10,71
100900182,10,8,2
100900184,5,124,-119
100900186,712,374,338
100900187,4,161,-157
100900188,26,3,23
100900189,457,107,350
100900191,863,415,448
100900192,207,158,49
100900195,55,68,-13
100900197,10,115,-105
100900198,11,204,-193
100900199,16,15,1
100900200,449,287,162
100900201,20,641,-621
100900202,11,0,11
100900203,1,49,-48
100900204,92,61,31
100900205,70,222,-152
100900206,59,29,30
100900207,78,64,14
100900210,78,708,-630
100900211,147,34,113
100900213,8,18,-10
100900214,677,42,635
100900215,11,25,-14
100900217,64,35,29
101000001,3478,1494,1984
101000002,2811,2535,276
101000003,614,901,-287
101000004,6500,4878,1622
101000005,3618,3181,437
101000006,5690,4436,1254
101000007,1543,1889,-346
101000008,2659,2026,633
101000009,982,1753,-771
101000010,604,1176,-572
101000011,1411,442,969
101000012,1623,326,1297
101000013,353,613,-260
101000014,393,520,-127
101000015,581,648,-67
101000016,245,215,30
101000017,310,347,-37
101000018,3259,1741,1518
101000020,2933,812,2121
101000021,867,127,740
101000022,291,50,241
101000023,1252,504,748
101000025,90,195,-105
101000026,415,16,399
101000027,1092,992,100
101000028,563,124,439
101000029,22,525,-503
101000030,565,35,530
101000031,389,68,321
101000032,4541,1327,3214
101000033,1840,1317,523
101000034,2166,636,1530
101000035,873,159,714
101000036,1309,225,1084
101000037,4105,701,3404
101000039,2572,822,1750
101000040,3433,2077,1356
101000041,11283,1853,9430
101000042,648,360,288
101000043,8104,1567,6537
101000045,1406,159,1247
101000046,1746,408,1338
101000047,841,620,221
101000048,591,589,2
101000049,544,470,74
101000050,1400,439,961
101000051,2226,590,1636
101000052,1349,316,1033
101000053,763,1126,-363
101000054,1122,1574,-452
101000055,1025,641,384
101000056,39,39,0
101000057,2264,358,1906
101000058,1553,479,1074
101000059,2769,1031,1738
101000060,1606,170,1436
101000061,950,616,334
101000062,882,254,628
101000063,371,325,46
101000064,997,215,782
101000065,213,195,18
101000066,283,121,162
101000067,595,192,403
101000068,299,102,197
101000069,310,32,278
101000070,1223,614,609
101000071,1493,524,969
101000072,821,2151,-1330
101000073,488,304,184
101000074,3382,1889,1493
101000075,4803,2841,1962
101000077,747,1152,-405
101000078,737,1301,-564
101000079,274,625,-351
101000080,414,433,-19
101000081,876,877,-1
101000082,3207,2052,1155
101000083,1444,1317,127
101000084,1065,1094,-29
101000085,1161,776,385
101000086,1065,910,155
101000087,749,1010,-261
101000088,643,709,-66
101000089,562,1112,-550
101000090,1977,1328,649
101000091,317,1641,-1324
101000092,660,976,-316
101000093,965,608,357
101000094,376,930,-554
101000095,224,648,-424
101000096,170,546,-376
101000097,221,224,-3
101000098,271,366,-95
101000099,662,893,-231
101000100,741,429,312
101000101,285,221,64
101000102,734,178,556
101000103,583,237,346
101000104,141,210,-69
101000105,617,160,457
101000106,577,359,218
101000107,131,335,-204
101000108,1207,273,934
101000109,118,63,55
101000110,32,564,-532
101000111,67,167,-100
101000113,86,295,-209
101000114,2519,708,1811
101000115,136,188,-52
101000116,97,173,-76
101000117,408,367,41
101000119,99,26,73
101000120,175,8,167
101000121,53,14,39
101000122,81,31,50
101000123,38,29,9
101000124,90,277,-187
101000125,142,310,-168
101000128,815,364,451
101000130,190,213,-23
101000131,302,579,-277
101000132,244,1427,-1183
101000135,55,14,41
101000136,166,90,76
101000137,16,100,-84
101000141,1687,1090,597
101000147,724,546,178
101000148,2459,21,2438
101000149,106,62,44
101000150,41,900,-859
101000151,94,55,39
101000152,232,214,18
101000153,469,390,79
101000154,78,1398,-1320
101000155,99,134,-35
101000156,14,194,-180
101000157,32,20,12
101000160,32,75,-43
101000163,124,58,66
101000164,514,296,218
101000165,134,265,-131
101000166,205,286,-81
101000168,520,229,291
101000252,971,553,418
101000254,361,17,344
101000258,29,2,27
101000261,44,146,-102
101000262,515,829,-314
101000263,137,413,-276
101000265,45,424,-379
101000266,213,166,47
101000269,97,4,93
101000290,1131,1203,-72
101000293,10,72,-62
101000294,312,438,-126
101000295,125,372,-247
101000301,543,143,400
101000304,1459,1767,-308
101000305,1762,1155,607
101000328,56,279,-223
101900001,19,52,-33
101900002,0,16,-16
101900003,70,79,-9
101900004,5,29,-24
101900005,4511,785,3726
101900006,592,12,580
101900007,338,36,302
101900008,104,147,-43
101900009,24,290,-266
101900010,844,321,523
101900011,219,895,-676
101900012,66,209,-143
101900013,1026,83,943
101900017,12,61,-49
101900018,1461,157,1304
101900019,182,75,107
101900020,37,38,-1
101900021,1,46,-45
101900022,38,1180,-1142
101900023,26,236,-210
101900026,72,31,41
101900027,7,89,-82
102000001,1682,2771,-1089
102000002,2042,846,1196
102000003,2757,3066,-309
102000004,7034,1859,5175
102000005,1049,1507,-458
102000006,1489,1095,394
102000007,1001,2792,-1791
102000008,4893,1331,3562
102000009,4068,5245,-1177
102000010,4530,2640,1890
102000011,1714,1525,189
102000012,2503,2470,33
102000018,2689,1812,877
102000019,2048,1061,987
102000026,193,459,-266
102000029,277,133,144
102000030,58,240,-182
102000031,14,221,-207
102000032,184,293,-109
102000033,126,355,-229
102000034,358,380,-22
102000035,757,445,312
102000036,4,220,-216
102000037,98,55,43
102000038,193,65,128
102000039,158,31,127
102000040,470,58,412
102000041,116,156,-40
102000042,158,61,97
102000043,311,144,167
102000044,370,434,-64
102000045,535,896,-361
102000046,578,353,225
102000047,430,929,-499
102000048,134,575,-441
102000049,838,448,390
102000050,704,772,-68
102000051,360,380,-20
102000052,917,682,235
102000053,601,618,-17
102000054,222,665,-443
102000055,502,964,-462
102000056,389,1157,-768
102000057,985,337,648
102000058,819,1877,-1058
102000059,863,1247,-384
102000060,762,641,121
102000061,724,2103,-1379
102000062,702,1005,-303
102000063,891,1149,-258
102000064,362,492,-130
102000065,24,106,-82
102000066,681,842,-161
102000067,1588,2180,-592
102000068,8057,2212,5845
102000069,33,1798,-1765
102000070,2134,59,2075
102000071,6180,7599,-1419
102000072,2363,4290,-1927
102000073,361,1072,-711
102000074,440,644,-204
102000075,172,258,-86
102000076,237,324,-87
102000077,282,1112,-830
102000078,565,782,-217
102000079,79,260,-181
102000080,155,202,-47
102000081,137,676,-539
102000082,427,189,238
102000083,236,701,-465
102000084,118,381,-263
102000085,1134,1281,-147
102000086,814,942,-128
102000087,483,2024,-1541
102000088,121,220,-99
102000089,602,349,253
102000090,299,990,-691
102000091,902,308,594
102000092,394,674,-280
102000093,550,583,-33
102000094,998,443,555
102000095,787,781,6
102000096,941,596,345
102000097,1011,855,156
102000098,494,802,-308
102000099,791,414,377
102000100,893,685,208
102000101,1007,341,666
102000102,205,1310,-1105
102000103,958,263,695
102000104,805,269,536
102000105,164,736,-572
102000106,441,756,-315
102000107,524,490,34
102000108,345,190,155
102000109,248,477,-229
102000110,357,1440,-1083
102000111,6,283,-277
102000112,94,62,32
102000113,5,21,-16
102000114,786,337,449
102000115,136,139,-3
102000116,326,205,121
102000117,139,380,-241
102000118,1142,753,389
102000119,2202,426,1776
102000120,74,325,-251
102000121,653,369,284
102000122,279,515,-236
102000123,1063,556,507
102000124,561,604,-43
102000125,626,526,100
102000126,408,466,-58
102000127,644,525,119
102000128,321,767,-446
102000129,597,663,-66
102000130,255,440,-185
102000131,571,415,156
102000132,241,290,-49
102000133,836,2078,-1242
102000134,293,588,-295
102000135,762,618,144
102000136,823,362,461
102000137,871,603,268
102000138,173,315,-142
102000139,48,236,-188
102000140,145,137,8
102000141,86,353,-267
102000142,122,326,-204
102000143,38,437,-399
102000144,83,375,-292
102000145,193,299,-106
102000146,186,250,-64
102000147,250,222,28
102000148,148,212,-64
102000149,79,608,-529
102000150,125,165,-40
102000151,94,267,-173
102000152,89,112,-23
102000153,680,248,432
102000154,292,464,-172
102000155,66,199,-133
102000156,354,34,320
102000157,89,91,-2
102000158,320,206,114
102000159,1209,190,1019
102000161,3681,1040,2641
102000162,136,77,59
102000163,55,363,-308
102000164,886,591,295
102000165,175,88,87
102000166,13,71,-58
102000167,86,142,-56
102000168,150,52,98
102000169,39,326,-287
102000170,415,92,323
102000171,80,64,16
102000172,39,121,-82
102000173,226,145,81
102000174,24,35,-11
102000175,62,91,-29
102000176,27,17,10
102000178,178,468,-290
102000179,202,208,-6
102000180,422,453,-31
102000181,287,590,-303
102000182,262,539,-277
102000183,872,1737,-865
102000184,879,683,196
102000185,1373,1571,-198
102000186,548,1643,-1095
102000187,312,1543,-1231
102000188,386,1264,-878
102000189,2575,830,1745
102000190,571,1846,-1275
102000191,1008,425,583
102000192,559,697,-138
102000193,19,150,-131
102000194,41,119,-78
102000195,203,545,-342
102000196,84,495,-411
102000197,241,470,-229
102000198,116,831,-715
102000199,337,366,-29
102000200,188,1245,-1057
102000201,279,476,-197
102000202,1,106,-105
102000203,120,204,-84
102000204,187,792,-605
102000205,438,539,-101
102000206,340,579,-239
102000207,501,376,125
102000208,210,415,-205
102000209,27,51,-24
102000210,104,457,-353
102000211,193,368,-175
102000212,49,14,35
102000213,4,316,-312
102000214,96,3,93
102000215,4,539,-535
102000216,17,17,0
102000217,8,167,-159
102000218,80,70,10
102000219,235,278,-43
102000225,598,510,88
102000226,3991,458,3533
102000227,105,6,99
102000228,1,87,-86
102000229,18,22,-4
102000230,229,541,-312
102000231,161,290,-129
102000232,5,143,-138
102000233,257,471,-214
102000234,38,1195,-1157
102000236,168,49,119
102000237,468,86,382
102000238,110,239,-129
102000240,545,395,150
102000241,139,88,51
102000243,7,30,-23
102000245,18,82,-64
102000246,13,19,-6
102000247,860,670,190
102000248,358,417,-59
102000249,92,130,-38
102000250,32,469,-437
102000254,50,322,-272
102000266,60,139,-79
102000271,12,1,11
102000286,305,218,87
102000297,1024,667,357
102000299,0,0,0
102000301,0,0,0
102000303,0,0,0
102000305,0,0,0
102000307,0,10,-10
102900001,1011,737,274
102900002,225,9,216
102900003,27,270,-243
102900005,123,260,-137
102900006,364,189,175
102900007,222,13,209
102900008,192,82,110
102900009,352,145,207
102900010,357,339,18
102900011,1508,166,1342
102900012,235,47,188
102900013,10,75,-65
102900015,532,127,405
102900016,38,114,-76
102900017,89,579,-490
102900018,22,143,-121
102900019,122,382,-260
102900020,31,16,15
102900021,8,83,-75
102900022,267,46,221
102900023,10,40,-30
102900024,7,28,-21
102900025,286,100,186
102900026,370,1175,-805
102900027,11,40,-29
102900028,55,351,-296
102900029,122,91,31
102900030,223,176,47
102900031,81,118,-37
102900032,27,97,-70
102900033,65,158,-93
102900034,164,129,35
102900035,47,397,-350
102900036,130,452,-322
102900037,113,639,-526
102900038,326,520,-194
102900039,30,288,-258
102900040,91,149,-58
102900041,68,161,-93
102900042,119,363,-244
102900043,64,249,-185
102900044,530,1610,-1080
102900045,70,385,-315
102900046,66,238,-172
102900047,34,544,-510
102900048,402,634,-232
102900049,62,291,-229
102900050,191,273,-82
102900051,138,132,6
102900053,298,612,-314
102900054,709,767,-58
102900055,53,104,-51
102900056,108,396,-288
102900057,0,34,-34
102900058,169,36,133
102900059,11,42,-31
102900060,56,346,-290
102900061,71,424,-353
102900062,95,1187,-1092
102900063,592,362,230
102900064,92,303,-211
102900065,1312,600,712
102900066,303,30,273
102900068,63,60,3
102900070,76,670,-594
102900072,1,33,-32
102900073,102,6,96
102900075,13,15,-2
102900076,290,46,244
102900077,24,21,3
102900078,24,62,-38
102900079,126,6,120
102900080,200,25,175
102900081,56,209,-153
102900082,3,203,-200
102900083,298,16,282
102900084,3,20,-17
102900085,159,57,102
102900086,0,32,-32
102900087,43,77,-34
102900088,7,30,-23
102900089,163,71,92
102900090,0,352,-352
102900091,49,0,49
102900092,93,449,-356
102900094,1,32,-31
102900095,95,2,93
102900096,5,3,2
102900097,127,457,-330
103000001,1815,2111,-296
103000002,1642,1666,-24
103000003,2418,2054,364
103000004,739,504,235
103000005,1664,1869,-205
103000006,451,1136,-685
103000007,335,741,-406
103000008,626,1055,-429
103000009,612,651,-39
103000010,86,105,-19
103000011,1309,855,454
103000012,697,996,-299
103000013,5232,1673,3559
103000014,1024,1334,-310
103000015,2258,793,1465
103000016,467,778,-311
103000017,139,251,-112
103000018,952,277,675
103000019,144,115,29
103000020,1545,1108,437
103000021,1144,1334,-190
103000022,1016,1019,-3
103000023,421,1008,-587
103000024,123,150,-27
103000025,40,304,-264
103000026,1619,98,1521
103000027,184,349,-165
103000028,523,340,183
103000029,380,132,248
103000030,1547,445,1102
103000031,1174,1080,94
103000032,1516,1529,-13
103000033,2012,1873,139
103000034,1104,726,378
103000035,322,738,-416
103000036,356,377,-21
103000037,509,353,156
103000038,404,694,-290
103000039,168,427,-259
103000040,170,911,-741
103000041,1226,2782,-1556
103000042,713,620,93
103000043,263,1114,-851
103000044,88,254,-166
103000046,152,353,-201
103000047,405,614,-209
103000048,84,122,-38
103000049,44,180,-136
103000050,553,617,-64
103000051,255,471,-216
103000052,622,374,248
103000053,154,415,-261
103000054,1435,1023,412
103000055,1267,1430,-163
103000056,467,2491,-2024
103000057,293,239,54
103000058,264,763,-499
103000059,185,600,-415
103000060,461,780,-319
103000061,307,688,-381
103000062,735,791,-56
103000063,442,515,-73
103000064,72,236,-164
103000065,5,314,-309
103000066,68,2,66
103000069,112,279,-167
103000070,530,1155,-625
103000071,525,265,260
103000072,97,923,-826
103000073,255,96,159
103000074,480,51,429
103000075,56,744,-688
103000076,185,154,31
103000077,26,314,-288
103000078,1124,314,810
103000079,1399,339,1060
103000080,1226,183,1043
103000081,469,617,-148
103000082,303,133,170
103000083,74,276,-202
103000084,91,5,86
103000085,4,77,-73
103000086,640,275,365
103000087,83,316,-233
103000088,278,240,38
103000089,166,271,-105
103000090,1398,973,425
103000091,442,337,105
103000092,184,256,-72
103000093,238,449,-211
103000094,147,100,47
103000095,21,386,-365
103000096,685,72,613
103000097,48,543,-495
103000098,883,101,782
103000099,354,490,-136
103000100,56,866,-810
103000101,403,108,295
103000102,74,607,-533
103000103,350,176,174
103000104,48,171,-123
103000105,78,103,-25
103000106,7,84,-77
103000107,230,45,185
103000108,525,445,80
103000109,289,293,-4
103000110,290,358,-68
103000111,369,275,94
103000112,237,180,57
103000113,464,451,13
103000114,791,249,542
103000115,372,446,-74
103000116,323,473,-150
103000117,165,402,-237
103000118,1024,893,131
103000119,1743,652,1091
103000120,36,89,-53
103000121,285,504,-219
103000122,244,199,45
103000125,6,487,-481
103000126,272,1,271
103000127,0,268,-268
103000128,65,0,65
103000129,1,142,-141
103000130,28,14,14
103000131,212,87,125
103000132,53,88,-35
103000133,9,152,-143
103000134,649,484,165
103000135,639,196,443
103000136,643,272,371
103000137,511,489,22
103000138,741,539,202
103000139,0,49,-49
103000140,134,20,114
103000141,33,79,-46
103000142,112,49,63
103000143,27,149,-122
103000144,123,52,71
103000145,8,16,-8
103000150,33,44,-11
103000152,277,176,101
103000153,122,131,-9
103000156,3,435,-432
103000157,154,3,151
103000159,140,102,38
103000162,66,15,51
103000163,6,13,-7
103000164,13,10,3
103000165,137,451,-314
103000166,111,169,-58
103000167,129,80,49
103000168,46,142,-96
103000169,121,245,-124
103000170,314,368,-54
103000171,36,46,-10
103000172,204,294,-90
103000173,201,760,-559
103000174,104,301,-197
103000175,149,487,-338
103000176,596,246,350
103000177,602,343,259
103000178,288,292,-4
103000179,85,25,60
103000183,47,32,15
103000185,44,83,-39
103000186,42,163,-121
103000187,182,620,-438
103000188,6,63,-57
103000189,631,890,-259
103000191,540,712,-172
103000292,2039,614,1425
103000293,1251,944,307
103000295,77,60,17
103000296,109,2,107
103000297,21,14,7
103000504,138,18,120
103000505,5,5,0
103000506,2,197,-195
103000507,84,1,83
103000508,56,11,45
103000509,227,451,-224
103900001,4,305,-301
103900002,1525,138,1387
103900003,1492,99,1393
103900004,36,25,11
103900005,4,172,-168
103900006,2,0,2
103900007,12,0,12
103900008,12,0,12
103900009,139,218,-79
103900010,126,208,-82
103900011,92,210,-118
103900012,2,5,-3
103900013,26,76,-50
103900014,15,28,-13
103900015,16,12,4
103900016,200,237,-37
103900017,10,85,-75
103900018,582,126,456
103900019,42,139,-97
103900020,119,286,-167
103900021,726,50,676
103900022,643,548,95
103900023,40,2,38
103900024,40,565,-525
103900025,2,48,-46
103900026,8,0,8
103900027,429,282,147
103900028,9,182,-173
103900029,690,111,579
103900030,125,21,104
103900031,8,3,5
103900032,40,41,-1
103900033,55,6,49
103900034,15,182,-167
103900035,34,69,-35
103900036,33,11,22
103900037,13,26,-13
103900038,55,90,-35
103900039,30,479,-449
103900040,11,217,-206
103900041,6,21,-15
103900042,10,455,-445
103900043,56,98,-42
103900044,176,109,67
103900045,103,170,-67
103900047,37,20,17
103900048,21,20,1
103900049,185,895,-710
103900050,5,57,-52
103900051,0,20,-20
103900052,100,542,-442
103900053,90,909,-819
103900054,32,541,-509
103900055,264,192,72
103900056,30,56,-26
103900057,15,233,-218
103900058,67,727,-660
103900059,0,0,0
103900060,30,210,-180
103900061,23,45,-22
103900062,98,29,69
103900063,2,0,2
103900064,46,1,45
103900065,650,263,387
103900066,58,8,50
103900067,45,5,40
103900068,3,2,1
103900069,31,5,26
103900070,107,271,-164
103900071,32,136,-104
103900072,3,314,-311
103900073,14,7,7
103900074,35,79,-44
103900075,95,74,21
103900076,186,677,-491
103900077,33,45,-12
103900078,98,107,-9
103900079,141,162,-21
103900080,8,27,-19
103900081,60,4,56
103900082,4,95,-91
103900083,1727,350,1377
103900084,16,77,-61
103900085,66,94,-28
103900086,208,194,14
103900088,325,179,146
103900089,28,180,-152
103900090,2,210,-208
103900091,685,212,473
103900092,250,454,-204
103900093,60,349,-289
103900094,7,130,-123
103900095,139,130,9
103900096,4,245,-241
103900097,7,499,-492
103900098,123,57,66
103900099,23,253,-230
103900100,97,355,-258
103900101,31,873,-842
103900102,0,31,-31
103900104,1,24,-23
103900105,60,179,-119
103900106,0,13,-13
103900107,30,247,-217
103900108,25,350,-325
103900109,37,89,-52
103900110,90,51,39
103900111,28,707,-679
103900112,5,39,-34
103900113,113,172,-59
103900114,328,296,32
103900115,122,62,60
103900116,6018,1228,4790
103900117,192,118,74
103900119,19,38,-19
103900120,32,92,-60
103900122,38,353,-315
103900123,1241,411,830
103900124,28,442,-414
103900125,46,86,-40
103900126,234,488,-254
103900127,66,637,-571
103900128,41,160,-119
103900131,31,152,-121
103900133,559,29,530
103900134,0,0,0
103900135,9,5,4
103900137,0,28,-28
103900138,32,396,-364
103900139,133,764,-631
103900140,0,32,-32
103900141,201,95,106
103900142,49,193,-144
103900143,26,2,24
103900144,0,59,-59
103900145,133,267,-134
103900146,178,246,-68
103900147,185,106,79
103900148,89,198,-109
103900149,100,676,-576
103900150,6295,1608,4687
103900151,22,163,-141
103900152,163,598,-435
103900153,1,1,0
103900154,954,671,283
103900155,13,196,-183
103900156,11,170,-159
103900157,11,243,-232
103900158,24,187,-163
103900159,44,84,-40
103900160,19,21,-2
103900161,60,161,-101
103900162,45,154,-109
103900163,4,316,-312
103900167,6,45,-39
103900168,26,135,-109
103900169,29,23,6
103900170,4,86,-82
103900171,0,58,-58
103900172,2,47,-45
103900173,2,9,-7
103900174,59,43,16
103900175,30,26,4
103900176,28,15,13
103900177,5,21,-16
103900178,17,87,-70
103900179,14,152,-138
103900180,11,112,-101
103900181,41,26,15
103900182,18,6,12
103900184,443,25,418
103900185,185,79,106
103900187,100,22,78
103900188,24,9,15
103900189,52,8,44
103900190,53,61,-8
103900191,22,25,-3
103900192,5,33,-28
103900193,118,113,5
103900194,26,351,-325
103900195,0,41,-41
103900196,17,16,1
103900197,3,18,-15
103900198,21,67,-46
103900199,72,86,-14
103900200,114,123,-9
103900201,51,145,-94
103900202,5,30,-25
103900203,19,23,-4
103900204,1,126,-125
103900207,0,133,-133
103900208,27,0,27
103900209,4,122,-118
103900210,12,20,-8
103900211,241,562,-321
103900212,42,478,-436
103900213,66,221,-155
103900214,148,70,78
103900215,662,226,436
103900216,9,413,-404
103900217,254,26,228
103900218,1,246,-245
103900219,62,296,-234
103900233,44,1,43
103900235,26,6,20
103900236,14,0,14
103900242,3,16,-13
103900243,8,3,5
103900244,39,315,-276
103900245,74,231,-157
103900246,53,18,35
103900247,20,112,-92
103900248,2,25,-23
103900249,12,18,-6
103900250,22,19,3
103900251,1,27,-26
103900253,17,41,-24
103900254,2,12,-10
103900255,11,12,-1
103900256,31,33,-2
103900257,104,96,8
103900258,14,3,11
103900259,64,6,58
103900261,3,2,1
103900262,4,7,-3
103900263,69,30,39
103900264,49,11,38
103900265,68,3,65
103900266,2,22,-20
103900267,8,52,-44
103900268,5,139,-134
103900269,67,35,32
103900270,13,94,-81
103900271,43,140,-97
103900272,34,77,-43
103900273,12,44,-32
103900274,17,11,6
103900275,15,3,12
103900276,1,79,-78
103900277,5,84,-79
103900278,11,38,-27
103900279,0,6,-6
103900280,0,156,-156
104000001,1616,1664,-48
104000002,1178,2247,-1069
104000003,1738,1887,-149
104000004,2462,2081,381
104000005,772,1562,-790
104000006,2303,2651,-348
104000007,3380,3246,134
104000008,210,542,-332
104000009,65,114,-49
104000010,119,150,-31
104000011,707,463,244
104000012,138,473,-335
104000013,117,149,-32
104000014,229,679,-450
104000015,209,196,13
104000016,465,401,64
104000018,445,142,303
104000019,404,129,275
104000020,141,796,-655
104000021,243,668,-425
104000022,133,301,-168
104000023,364,273,91
104000024,166,363,-197
104000026,58,343,-285
104000027,262,381,-119
104000028,250,232,18
104000029,424,569,-145
104000030,150,256,-106
104000031,539,262,277
104000032,167,370,-203
104000033,414,342,72
104000034,230,467,-237
104000035,466,352,114
104000036,393,546,-153
104000037,232,323,-91
104000038,155,266,-111
104000039,118,420,-302
104000040,442,462,-20
104000041,302,261,41
104000042,196,466,-270
104000043,213,407,-194
104000044,141,694,-553
104000045,739,1085,-346
104000046,1254,1336,-82
104000047,447,1247,-800
104000048,888,1971,-1083
104000049,230,244,-14
104000050,121,482,-361
104000051,36,538,-502
104000052,826,1218,-392
104000053,493,630,-137
104000054,367,606,-239
104000055,3309,2807,502
104000056,1405,176,1229
104000057,99,470,-371
104000058,493,548,-55
104000059,405,1016,-611
104000060,496,793,-297
104000061,705,1200,-495
104000062,150,124,26
104000064,430,268,162
104000065,67,307,-240
104000069,1300,660,640
104000070,45,239,-194
104000071,103,294,-191
104000072,314,184,130
104000075,38,163,-125
104000076,289,31,258
104000082,1725,2194,-469
104000083,555,161,394
104000084,78,400,-322
104000085,184,185,-1
104000086,168,402,-234
104000087,399,797,-398
104000090,543,1539,-996
104000092,634,2626,-1992
104000094,577,1809,-1232
104000095,1102,1171,-69
104000096,691,403,288
104000097,1044,952,92
104000098,1052,1275,-223
104000100,782,654,128
104000101,682,2136,-1454
104000106,51,440,-389
104000107,532,452,80
104000108,256,466,-210
104000109,168,40,128
104000110,678,833,-155
104000111,4611,1490,3121
104000112,2185,527,1658
104000116,2,1096,-1094
104000117,93,855,-762
104000118,242,259,-17
104000119,275,232,43
104000120,130,948,-818
104000121,144,561,-417
104000122,432,619,-187
104000123,701,1041,-340
104000124,1217,2514,-1297
104000125,4121,2569,1552
104000126,217,364,-147
104000127,1437,3195,-1758
104000128,577,416,161
104000129,314,23,291
104000130,3,195,-192
104000131,765,639,126
104000132,578,828,-250
104000133,850,701,149
104000134,625,1197,-572
104000135,267,921,-654
104000136,613,1929,-1316
104000137,1492,253,1239
104000138,931,328,603
104000139,7499,2750,4749
104000141,968,1747,-779
104000142,471,916,-445
104000143,309,806,-497
104000144,52,162,-110
104000145,282,147,135
104000146,344,557,-213
104000147,90,352,-262
104000148,142,100,42
104000149,174,419,-245
104000150,357,393,-36
104000151,224,688,-464
104000152,380,643,-263
104000153,284,391,-107
104000154,987,590,397
104000155,262,438,-176
104000157,898,1654,-756
104000158,155,237,-82
104000159,391,242,149
104000160,1367,1117,250
104000161,185,158,27
104000162,31,106,-75
104000165,1315,897,418
104000167,360,457,-97
104000168,393,2,391
104000169,27,48,-21
104000170,705,333,372
104000248,177,746,-569
104000251,35,318,-283
104000272,0,0,0
104000273,0,0,0
104000274,0,0,0
104000275,0,0,0
104000279,503,455,48
104000290,55,295,-240
104000291,508,992,-484
104000293,398,584,-186
104000294,5,1,4
104000295,363,728,-365
104000296,237,639,-402
104000297,576,1349,-773
104000298,1532,794,738
104000299,501,1114,-613
104900001,103,398,-295
104900002,27,64,-37
104900003,20,273,-253
104900004,53,311,-258
104900005,100,127,-27
104900006,85,63,22
104900007,201,193,8
104900009,82,459,-377
104900010,10,18,-8
104900011,1,4,-3
104900012,87,2,85
104900013,56,3,53
104900014,3735,301,3434
104900015,53,2,51
104900016,89,297,-208
104900017,61,144,-83
104900018,7,157,-150
104900019,216,1197,-981
104900020,38,259,-221
104900021,1,270,-269
104900022,14,136,-122
104900023,1,108,-107
104900024,9,87,-78
104900025,40,326,-286
104900026,2,109,-107
104900027,189,162,27
104900028,15,71,-56
104900029,44,77,-33
104900030,249,169,80
104900031,93,146,-53
104900032,32,131,-99
104900033,84,155,-71
104900034,207,60,147
104900035,136,113,23
104900036,82,47,35
104900037,112,250,-138
104900038,457,161,296
104900039,696,88,608
104900040,149,72,77
104900041,164,110,54
104900042,64,415,-351
104900043,5,43,-38
104900044,259,199,60
104900045,240,35,205
104900046,65,86,-21
104900047,175,112,63
104900048,107,63,44
104900049,4,3,1
104900050,62,47,15
104900051,103,22,81
104900052,25,0,25
104900053,203,41,162
104900054,45,13,32
104900055,29,0,29
104900056,127,9,118
104900057,10,1,9
104900058,172,95,77
104900059,18,28,-10
104900060,2,313,-311
104900061,200,560,-360
104900063,2,125,-123
104900064,0,106,-106
104900065,0,109,-109
104900066,1,156,-155
104900067,4,252,-248
104900068,1,272,-271
104900070,94,303,-209
104900071,4,753,-749
104900072,18,186,-168
104900073,22,233,-211
104900074,45,188,-143
104900075,25,50,-25
104900076,76,414,-338
104900077,915,65,850
104900078,116,786,-670
104900079,84,167,-83
104900080,43,523,-480
104900082,4,289,-285
104900085,1,288,-287
104900087,223,5,218
104900089,32,0,32
104900090,278,380,-102
104900091,316,837,-521
104900093,187,552,-365
104900097,2276,1014,1262
104900098,55,29,26
104900099,479,467,12
104900100,579,115,464
104900102,16,186,-170
104900103,309,90,219
104900104,2860,903,1957
104900106,25,115,-90
104900107,32,318,-286
104900108,8,272,-264
104900109,21,78,-57
104900110,6,38,-32
104900111,89,60,29
104900112,163,933,-770
104900113,388,423,-35
104900114,138,667,-529
104900115,299,365,-66
104900116,111,225,-114
104900118,5,64,-59
104900119,0,19,-19
104900120,70,45,25
104900121,1,98,-97
104900122,2,50,-48
104900123,15,1,14
104900124,9,0,9
104900125,278,3,275
104900126,62,49,13
104900127,9,15,-6
104900128,45,137,-92
104900129,2012,847,1165
105000001,1911,1398,513
105000002,1465,1484,-19
105000003,1986,3340,-1354
105000004,332,845,-513
105000005,500,1021,-521
105000006,783,1242,-459
105000007,672,989,-317
105000008,721,1434,-713
105000009,807,2177,-1370
105000010,2536,2079,457
105000011,1220,1563,-343
105000012,2765,2772,-7
105000013,431,808,-377
105000014,883,1560,-677
105000015,7276,3841,3435
105000016,3252,1383,1869
105000017,1288,785,503
105000018,1035,715,320
105000019,1204,788,416
105000020,112,272,-160
105000021,218,102,116
105000022,111,24,87
105000023,294,169,125
105000028,114,128,-14
105000029,230,709,-479
105000030,3265,3071,194
105000031,1,8,-7
105000033,698,1725,-1027
105000034,67,359,-292
105000037,516,495,21
105000038,928,979,-51
105000039,2531,1561,970
105000040,348,486,-138
105000041,352,1000,-648
105000042,1191,951,240
105000043,1678,1724,-46
105000044,163,301,-138
105000045,211,727,-516
105000046,442,274,168
105000047,313,1206,-893
105000048,278,181,97
105000049,252,535,-283
105000050,297,292,5
105000051,171,408,-237
105000052,285,756,-471
105000053,133,144,-11
105000054,142,897,-755
105000055,239,315,-76
105000056,555,2338,-1783
105000057,795,875,-80
105000058,1063,1356,-293
105000059,394,389,5
105000060,347,616,-269
105000061,287,358,-71
105000062,629,1073,-444
105000063,262,731,-469
105000064,661,492,169
105000065,373,973,-600
105000066,783,2121,-1338
105000067,538,463,75
105000068,448,938,-490
105000069,2384,456,1928
105000070,711,619,92
105000071,155,346,-191
105000072,706,827,-121
105000073,491,416,75
105000074,632,869,-237
105000075,419,633,-214
105000076,1001,1056,-55
105000077,1485,553,932
105000078,1055,992,63
105000079,1523,1525,-2
105000080,1239,734,505
105000081,938,611,327
105000082,364,345,19
105000083,780,513,267
105000084,459,1016,-557
105000085,838,790,48
105000086,530,821,-291
105000087,1963,1677,286
105000088,1027,1099,-72
105000089,2386,1842,544
105000090,743,728,15
105000091,1368,1670,-302
105000092,422,865,-443
105000093,237,172,65
105000094,147,173,-26
105000095,93,304,-211
105000096,800,553,247
105000097,872,632,240
105000098,530,504,26
105000099,615,880,-265
105000100,573,1057,-484
105000101,1220,1804,-584
105000102,665,1354,-689
105000103,957,1846,-889
105000104,1128,878,250
105000105,666,1702,-1036
105000106,803,1185,-382
105000107,690,834,-144
105000108,696,1600,-904
105000109,845,1446,-601
105000110,469,678,-209
105000111,437,533,-96
105000112,693,815,-122
105000113,266,555,-289
105000114,3105,771,2334
105000115,238,638,-400
105000116,372,418,-46
105000117,549,1462,-913
105000118,170,252,-82
105000119,313,1126,-813
105000120,409,418,-9
105000121,549,1033,-484
105000122,179,336,-157
105000123,868,1374,-506
105000124,818,697,121
105000125,444,1646,-1202
105000126,1370,2044,-674
105000127,1569,1630,-61
105000128,323,1366,-1043
105000129,599,289,310
105000130,64,902,-838
105000131,466,286,180
105000132,478,326,152
105000133,233,920,-687
105000134,339,449,-110
105000135,313,650,-337
105000136,66,287,-221
105000137,170,144,26
105000138,222,333,-111
105000139,808,874,-66
105000140,104,438,-334
105000141,123,544,-421
105000142,52,484,-432
105000143,121,579,-458
105000144,193,632,-439
105000145,318,433,-115
105000146,440,614,-174
105000147,315,286,29
105000148,714,635,79
105000149,1234,1423,-189
105000150,1668,1139,529
105000151,267,299,-32
105000152,139,657,-518
105000153,462,354,108
105000154,454,813,-359
105000155,223,441,-218
105000156,689,864,-175
105000157,832,1879,-1047
105000158,1254,725,529
105000159,230,1202,-972
105000160,1049,518,531
105000161,426,1798,-1372
105000162,401,1105,-704
105000163,1224,1186,38
105000164,154,243,-89
105000165,1397,2864,-1467
105000166,7090,254,6836
105000167,2563,1008,1555
105000168,147,784,-637
105000169,194,337,-143
105000170,70,1003,-933
105000171,850,270,580
105000172,21,73,-52
105000173,36,36,0
105000174,26,25,1
105000175,38,70,-32
105000176,48,52,-4
105000177,79,74,5
105000178,84,613,-529
105000179,111,83,28
105000180,35,84,-49
105000181,38,472,-434
105000182,17,39,-22
105000183,2141,1115,1026
105000184,1050,564,486
105000185,635,557,78
105000186,272,689,-417
105000187,377,165,212
105000188,114,74,40
105000189,72,462,-390
105000190,146,227,-81
105000191,217,359,-142
105000192,90,51,39
105000193,53,138,-85
105000194,200,44,156
105000195,216,1026,-810
105000196,23,94,-71
105000197,191,639,-448
105000198,427,215,212
105000199,184,171,13
105000200,71,182,-111
105000201,70,17,53
105000203,5,259,-254
105000204,63,76,-13
105000205,91,213,-122
105000207,517,164,353
105000208,187,283,-96
105000209,144,328,-184
105000211,42,6,36
105000212,702,1308,-606
105000213,135,159,-24
105000214,46,241,-195
105000215,101,231,-130
105000216,43,255,-212
105000217,103,298,-195
105000218,485,757,-272
105000221,137,225,-88
105000222,38,43,-5
105000223,84,158,-74
105000226,13,374,-361
105000227,20,184,-164
105000228,241,620,-379
105000229,39,232,-193
105000231,142,252,-110
105000233,368,459,-91
105000234,398,1109,-711
105000235,207,407,-200
105000237,513,38,475
105000243,11,32,-21
105000248,35,47,-12
105000262,137,1554,-1417
105000269,60,117,-57
105000270,197,75,122
105000271,1,270,-269
105000282,68,38,30
105000287,203,115,88
105000288,227,331,-104
105000289,828,597,231
105000290,4,1,3
105000402,3886,1119,2767
105000426,287,426,-139
105000438,757,469,288
105000440,1,9,-8
105000446,11768,3850,7918
105000447,7088,2293,4795
105000454,146,918,-772
105000455,203,189,14
105000474,4,0,4
105000477,146,296,-150
105000478,981,1545,-564
105000479,77,96,-19
105000480,1561,1412,149
105000481,1796,1481,315
105000482,3405,2175,1230
105000483,922,1006,-84
105000484,1694,2006,-312
105000485,754,1095,-341
105000486,2413,1846,567
105000488,2580,2097,483
105000489,440,669,-229
105000549,19,133,-114
105000550,362,1053,-691
105000551,51,78,-27
105000552,3108,1474,1634
105000555,595,585,10
105000556,17,12,5
105000557,8,123,-115
105900001,10,793,-783
105900002,1301,294,1007
105900003,8,61,-53
105900004,180,91,89
105900005,3,152,-149
105900006,1,25,-24
105900007,23,8,15
105900008,28,659,-631
105900009,7,6,1
105900011,41,24,17
105900012,184,89,95
105900013,0,13,-13
105900014,6,51,-45
105900015,85,284,-199
105900016,91,472,-381
105900017,407,35,372
105900018,185,215,-30
105900019,34,342,-308
105900020,29,48,-19
105900021,9,172,-163
105900022,149,298,-149
105900023,0,71,-71
105900024,2,108,-106
105900025,30,38,-8
105900026,138,23,115
105900027,3025,1704,1321
105900028,51,86,-35
105900029,1471,229,1242
105900030,119,188,-69
105900031,383,149,234
105900032,76,115,-39
105900033,28,78,-50
105900034,79,169,-90
105900035,102,172,-70
105900036,23,133,-110
105900037,42,70,-28
105900038,94,278,-184
105900039,48,141,-93
105900040,33,84,-51
105900041,106,318,-212
105900042,20,105,-85
105900043,1446,45,1401
105900044,0,118,-118
105900045,0,380,-380
105900046,2,148,-146
105900047,3,23,-20
105900048,69,427,-358
105900050,1058,301,757
105900051,3,1045,-1042
105900052,198,25,173
105900053,3188,889,2299
105900054,209,236,-27
105900056,622,133,489
105900057,3,123,-120
105900058,11,40,-29
105900059,1,46,-45
106000001,2834,1166,1668
106000002,2211,3642,-1431
106000003,2350,1995,355
106000004,2025,2186,-161
106000005,1867,3919,-2052
106000006,4392,3932,460
106000007,366,390,-24
106000008,320,239,81
106000009,350,216,134
106000010,388,546,-158
106000011,506,723,-217
106000012,602,1406,-804
106000013,1062,1380,-318
106000014,1502,1614,-112
106000015,990,812,178
106000016,852,2226,-1374
106000017,592,532,60
106000018,383,520,-137
106000019,188,336,-148
106000020,188,453,-265
106000021,206,422,-216
106000022,193,295,-102
106000023,517,287,230
106000024,462,722,-260
106000025,79,181,-102
106000026,141,325,-184
106000027,535,1039,-504
106000028,383,657,-274
106000029,659,1344,-685
106000030,683,281,402
106000034,104,519,-415
106000035,607,828,-221
106000036,320,304,16
106000037,1431,1434,-3
106000038,321,57,264
106000039,109,28,81
106000040,129,674,-545
106000041,604,183,421
106000043,453,69,384
106000046,230,30,200
106000047,26,253,-227
106000049,444,112,332
106000050,201,846,-645
106000051,275,261,14
106000052,39,529,-490
106000053,112,86,26
106000054,244,364,-120
106000055,484,754,-270
106000056,185,437,-252
106000057,154,173,-19
106000058,81,159,-78
106000059,119,177,-58
106000060,467,538,-71
106000061,127,319,-192
106000062,122,642,-520
106000063,372,371,1
106000064,20,371,-351
106000065,156,157,-1
106000066,74,323,-249
106000067,125,87,38
106000068,35,517,-482
106000069,78,70,8
106000070,250,650,-400
106000071,496,227,269
106000072,3856,1311,2545
106000073,1395,1718,-323
106000074,277,648,-371
106000075,157,855,-698
106000076,1250,1388,-138
106000077,2462,1150,1312
106000078,406,828,-422
106000079,419,904,-485
106000080,759,801,-42
106000081,388,856,-468
106000082,2025,905,1120
106000083,267,1024,-757
106000084,662,602,60
106000085,1136,904,232
106000086,517,579,-62
106000087,568,542,26
106000088,276,551,-275
106000089,604,487,117
106000090,193,458,-265
106000091,205,724,-519
106000092,422,200,222
106000093,169,51,118
106000094,62,390,-328
106000095,304,1229,-925
106000096,467,528,-61
106000097,504,1291,-787
106000098,356,842,-486
106000099,94,778,-684
106000100,451,300,151
106000101,388,226,162
106000102,100,452,-352
106000103,97,575,-478
106000104,375,312,63
106000105,337,798,-461
106000106,352,363,-11
106000107,67,530,-463
106000108,189,378,-189
106000109,73,394,-321
106000110,115,280,-165
106000111,114,612,-498
106000112,91,297,-206
106000113,907,597,310
106000114,277,316,-39
106000115,131,554,-423
106000116,111,212,-101
106000117,728,763,-35
106000118,669,714,-45
106000119,2079,963,1116
106000120,474,621,-147
106000121,171,175,-4
106000122,83,309,-226
106000123,172,247,-75
106000124,31,299,-268
106000125,20,321,-301
106000126,91,207,-116
106000127,414,853,-439
106000128,345,295,50
106000129,283,703,-420
106000130,431,418,13
106000131,137,693,-556
106000132,713,131,582
106000133,3535,836,2699
106000134,706,668,38
106000135,204,857,-653
106000136,484,442,42
106000137,72,1389,-1317
106000138,524,51,473
106000139,49,117,-68
106000140,17,81,-64
106000141,31,139,-108
106000142,37,64,-27
106000143,4,98,-94
106000144,13,37,-24
106000145,116,339,-223
106000146,192,176,16
106000147,294,493,-199
106000148,576,693,-117
106000149,310,325,-15
106000150,302,1509,-1207
106000151,4264,613,3651
106000152,1266,1043,223
106000153,89,1071,-982
106000154,1310,241,1069
106000155,52,159,-107
106000156,422,252,170
106000157,426,1566,-1140
106000158,2779,588,2191
106000159,4101,982,3119
106000160,213,1251,-1038
106000161,1231,440,791
106000162,139,549,-410
106000163,165,505,-340
106000164,175,289,-114
106000165,149,658,-509
106000166,267,274,-7
106000167,203,1438,-1235
106000168,188,218,-30
106000169,95,834,-739
106000170,288,183,105
106000171,56,779,-723
106000172,1627,668,959
106000173,570,2428,-1858
106000174,696,281,415
106000175,194,920,-726
106000176,723,466,257
106000177,375,2030,-1655
106000178,1916,1292,624
106000179,869,1818,-949
106000180,584,1775,-1191
106000181,310,1758,-1448
106000182,352,598,-246
106000183,450,1055,-605
106000184,324,942,-618
106000185,330,682,-352
106000186,652,97,555
106000187,149,656,-507
106000188,0,0,0
106000189,2,29,-27
106000190,2,0,2
106000191,348,139,209
106000192,0,11,-11
106000193,214,94,120
106000194,107,221,-114
106000195,91,60,31
106000196,69,210,-141
106000197,182,187,-5
106000198,52,210,-158
106000199,646,363,283
106000200,350,93,257
106000201,312,1002,-690
106000202,5881,381,5500
106000203,183,195,-12
106000204,24,3,21
106000205,16,127,-111
106000206,38,13,25
106000207,62,786,-724
106000208,479,75,404
106000209,641,191,450
106000210,194,1226,-1032
106000211,308,1488,-1180
106000212,481,127,354
106000213,588,1141,-553
106000214,1837,318,1519
106000215,160,465,-305
106000216,188,263,-75
106000217,263,420,-157
106000218,414,292,122
106000219,87,265,-178
106000220,283,216,67
106000221,59,272,-213
106000222,19,118,-99
106000223,54,119,-65
106000224,121,331,-210
106000225,50,79,-29
106000226,66,280,-214
106000228,21,91,-70
106000229,80,698,-618
106000231,411,132,279
106000232,42,451,-409
106000233,351,105,246
106000234,84,202,-118
106000235,98,55,43
106000236,80,34,46
106000237,0,8,-8
106000238,1,9,-8
106000239,3,49,-46
106000240,11,3,8
106000241,7,608,-601
106000242,151,18,133
106000249,39,48,-9
106000250,34,340,-306
106000251,28,23,5
106000252,11,107,-96
106000253,11,25,-14
106000254,18,64,-46
106000255,10,48,-38
106000256,58,66,-8
106000257,109,213,-104
106000258,70,3,67
106000259,1,25,-24
106000260,6,9,-3
106000261,0,44,-44
106000262,18,18,0
106000263,8,57,-49
106000264,98,2,96
106000265,5,112,-107
106000266,55,6,49
106000267,3,76,-73
106000268,306,22,284
106000269,60,29,31
106000270,97,283,-186
106000271,23,154,-131
106000272,58,26,32
106000273,4,150,-146
106000274,114,38,76
106000275,108,111,-3
106000276,132,52,80
106000277,102,97,5
106000278,91,26,65
106000279,6,70,-64
106000280,4,148,-144
106000281,52,81,-29
106000282,58,48,10
106000283,62,92,-30
106000284,55,91,-36
106000285,118,155,-37
106000286,48,97,-49
106000287,70,86,-16
106000288,42,126,-84
106000289,49,87,-38
106000290,55,69,-14
106000291,48,95,-47
106000292,51,112,-61
106000293,78,83,-5
106000294,70,102,-32
106000295,39,44,-5
106000296,45,84,-39
106000297,60,173,-113
106000298,95,56,39
106000299,38,137,-99
106000300,32,94,-62
106000301,48,87,-39
106000303,10,63,-53
106000304,31,34,-3
106000305,7,29,-22
106000306,26,67,-41
106000307,33,23,10
106000308,7,175,-168
106000309,8,51,-43
106000310,134,508,-374
106000311,200,80,120
106000312,74,187,-113
106000313,102,193,-91
106000318,152,139,13
106000319,395,50,345
106000320,2,26,-24
106000321,259,39,220
106000322,104,261,-157
106000324,1,161,-160
106000325,877,657,220
106000326,684,1710,-1026
106000327,65,147,-82
106000328,4,59,-55
106000329,29,260,-231
106000330,31,32,-1
106000428,38,168,-130
106000429,99,555,-456
106000430,241,1353,-1112
106000431,760,276,484
106000432,1442,2568,-1126
106000433,1115,726,389
106000434,1866,690,1176
106000435,1646,2264,-618
106000436,11,289,-278
106000437,107,14,93
106000438,87,65,22
106000439,20,324,-304
106000440,130,463,-333
106000441,0,0,0
106000442,106,5,101
106000443,94,490,-396
106000450,1,198,-197
106000451,21,15,6
106000454,4,104,-100
106000455,11,153,-142
106000456,74,22,52
106000457,6,1075,-1069
106000458,229,188,41
106000459,53,381,-328
106000460,413,40,373
106000461,44,1822,-1778
106000462,3,20,-17
106000463,4,27,-23
106000464,3,653,-650
106000465,177,2,175
106000466,0,759,-759
106000467,463,417,46
106000468,35,144,-109
106000469,260,4,256
106000470,184,1188,-1004
106000471,21,743,-722
106000472,57,8,49
106000473,9,11,-2
106000474,199,666,-467
106000475,203,102,101
106000476,155,136,19
106000477,31,125,-94
106000480,0,101,-101
106900001,0,16,-16
106900002,6,646,-640
106900003,224,778,-554
106900004,4,50,-46
106900006,0,22,-22
106900007,0,16,-16
106900008,152,345,-193
106900009,97,477,-380
106900010,172,281,-109
106900012,2019,989,1030
106900013,229,54,175
106900014,15,0,15
106900015,15,0,15
106900016,95,1,94
106900017,3,0,3
106900018,0,0,0
106900019,41,2,39
106900020,2751,720,2031
106900021,17,68,-51
106900022,240,1,239
106900023,14,202,-188
106900024,197,10,187
106900025,46,619,-573
106900026,4,856,-852
106900027,184,5,179
107000001,2687,1338,1349
107000002,4452,3139,1313
107000003,2922,3767,-845
107000004,3786,4909,-1123
107000005,1420,3054,-1634
107000006,2587,5452,-2865
107000007,3305,5050,-1745
107000008,13845,9520,4325
107000009,3079,3567,-488
107000010,8581,9647,-1066
107000011,1229,965,264
107000012,3877,3188,689
107000013,32,141,-109
107000014,14,265,-251
107000015,331,881,-550
107000016,277,1341,-1064
107000017,1221,594,627
107000018,3,181,-178
107000020,672,341,331
107000021,563,695,-132
107000022,444,937,-493
107000023,1008,275,733
107000024,269,1661,-1392
107000025,108,334,-226
107000026,104,636,-532
107000027,735,669,66
107000028,859,1574,-715
107000029,1271,1272,-1
107000030,2579,2930,-351
107000031,1912,1486,426
107000032,287,874,-587
107000033,3156,2983,173
107000034,4077,1707,2370
107000035,169,147,22
107000036,287,810,-523
107000037,32,581,-549
107000038,117,190,-73
107000039,405,368,37
107000040,82,237,-155
107000041,1017,471,546
107000042,736,1409,-673
107000043,2655,863,1792
107000044,555,327,228
107000045,70,267,-197
107000046,347,344,3
107000047,328,772,-444
107000048,344,260,84
107000049,437,690,-253
107000050,569,412,157
107000051,448,296,152
107000052,870,602,268
107000053,266,103,163
107000054,52,294,-242
107000055,301,157,144
107000056,446,761,-315
107000057,1958,173,1785
107000058,1714,1730,-16
107000059,1852,2925,-1073
107000060,2480,3928,-1448
107000061,4384,3382,1002
107000062,2019,2178,-159
107000063,3181,5733,-2552
107000064,2016,1446,570
107000065,2625,5056,-2431
107000066,785,1375,-590
107000067,454,742,-288
107000068,996,550,446
107000069,331,342,-11
107000070,338,6,332
107000071,1235,32,1203
107000072,51,3462,-3411
107000073,256,151,105
107000074,65,856,-791
107000075,695,230,465
107000076,632,1580,-948
107000077,1666,487,1179
107000078,1666,3310,-1644
107000079,1245,428,817
107000080,904,2933,-2029
107000081,660,428,232
107000082,412,2541,-2129
107000083,434,207,227
107000084,372,2240,-1868
107000085,2022,2458,-436
107000086,2994,2333,661
107000087,1906,1518,388
107000088,2058,2708,-650
107000089,1041,1459,-418
107000090,644,917,-273
107000091,731,752,-21
107000092,500,1051,-551
107000093,821,611,210
107000094,694,1144,-450
107000095,326,525,-199
107000096,493,973,-480
107000097,323,279,44
107000098,247,868,-621
107000099,274,192,82
107000100,249,342,-93
107000101,67,132,-65
107000102,289,367,-78
107000103,223,134,89
107000104,241,411,-170
107000105,247,89,158
107000106,133,308,-175
107000107,321,157,164
107000108,95,835,-740
107000109,327,134,193
107000110,60,573,-513
107000111,163,20,143
107000112,24,419,-395
107000113,268,92,176
107000114,67,812,-745
107000115,225,75,150
107000116,72,1081,-1009
107000117,103,210,-107
107000118,179,241,-62
107000119,1702,904,798
107000120,2640,261,2379
107000121,356,693,-337
107000122,765,880,-115
107000123,182,812,-630
107000124,406,859,-453
107000125,402,799,-397
107000126,515,1045,-530
107000129,108,1084,-976
107000130,178,162,16
107000131,353,742,-389
107000132,320,254,66
107000133,651,127,524
107000134,226,2,224
107000135,4,159,-155
107000136,484,5,479
107000137,10,315,-305
107000138,187,18,169
107000139,15,281,-266
107000140,557,27,530
107000141,86,637,-551
107000142,200,57,143
107000143,54,785,-731
107000144,188,275,-87
107000145,112,520,-408
107000146,124,217,-93
107000147,3871,897,2974
107000150,660,1046,-386
107000151,32,54,-22
107000152,459,393,66
107000153,335,638,-303
107000154,195,94,101
107000155,303,11,292
107000156,440,5,435
107000157,12,2121,-2109
107000158,239,10,229
107000159,33,1477,-1444
107000160,407,43,364
107000161,49,1916,-1867
107000162,94,140,-46
107000163,15,0,15
107000164,138,0,138
107000165,342,2,340
107000166,38,1383,-1345
107000167,254,266,-12
107000168,570,199,371
107000169,908,935,-27
107000170,636,354,282
107000171,275,2535,-2260
107000172,445,550,-105
107000173,587,1101,-514
107000174,508,1743,-1235
107000175,8614,1363,7251
107000176,2,1,1
107000177,2,4,-2
107000178,8,40,-32
107000179,154,3045,-2891
107000180,617,280,337
107000181,300,1513,-1213
107000182,895,847,48
107000183,83,917,-834
107000184,527,798,-271
107000185,336,1177,-841
107000186,568,291,277
107000187,703,980,-277
107000188,331,396,-65
107000189,272,676,-404
107000190,294,746,-452
107000191,486,1139,-653
107000192,782,885,-103
107000193,260,307,-47
107000194,790,687,103
107000197,516,186,330
107000198,227,777,-550
107000199,420,612,-192
107000200,801,388,413
107000201,246,207,39
107000202,155,323,-168
107000203,514,303,211
107000204,565,384,181
107000205,1904,928,976
107000206,500,626,-126
107000207,546,905,-359
107000208,925,240,685
107000209,1817,597,1220
107000210,1141,279,862
107000211,0,11,-11
107000212,4,211,-207
107000213,6,15,-9
107000214,9,124,-115
107000215,171,432,-261
107000216,110,401,-291
107000217,51,114,-63
107000219,47,104,-57
107000220,77,255,-178
107000222,202,621,-419
107000224,166,45,121
107000225,148,611,-463
107000226,136,74,62
107000227,87,385,-298
107000228,63,119,-56
107000229,218,131,87
107000230,790,478,312
107000231,1902,435,1467
107000232,67,55,12
107000233,1758,587,1171
107000234,0,8,-8
107000235,32,5,27
107000236,10,250,-240
107000237,2,0,2
107000238,14,0,14
107000239,4526,352,4174
107000240,47,1239,-1192
107000243,0,49,-49
107000244,4,54,-50
107000246,5,1175,-1170
107000249,4,974,-970
107000251,2,281,-279
107000252,4,1283,-1279
107000255,628,50,578
107000257,2,558,-556
107000258,0,133,-133
107000259,2,207,-205
107000260,190,2,188
107000262,16,660,-644
107000263,114,3,111
107000266,4,0,4
107000267,45,162,-117
107000268,105,189,-84
107000269,137,44,93
107000270,1,25,-24
107000271,4,1142,-1138
107000272,6,253,-247
107000273,0,184,-184
107000274,331,137,194
107000275,28,411,-383
107000280,282,14,268
107000281,19,1137,-1118
107000282,11,1360,-1349
107000290,0,28,-28
107000291,6,8,-2
107000292,2,22,-20
107000293,48,5,43
107000294,0,11,-11
107000295,18,3,15
107000296,0,14,-14
107000444,115,5,110
107000496,0,17,-17
107000497,1102,2903,-1801
107000500,189,283,-94
107000501,49,203,-154
107000502,148,348,-200
107000505,547,788,-241
107000506,0,60,-60
107000508,5,833,-828
107000509,124,380,-256
107000510,16,17,-1
107000514,12,196,-184
107000515,8,291,-283
107000516,134,146,-12
107000518,485,393,92
107000519,3559,1049,2510
107000520,27,6,21
107000521,271,453,-182
107000522,325,757,-432
107900001,23,215,-192
107900002,48,2,46
107900003,47,7,40
107900004,2,0,2
107900005,330,2,328
107900006,23,0,23
107900007,89,10,79
107900008,43,40,3
107900009,80,2,78
107900010,9,0,9
107900012,184,16,168
107900013,219,57,162
107900014,6,0,6
107900015,261,3,258
107900016,423,76,347
107900017,7,1,6
107900018,31,28,3
107900019,24,73,-49
107900020,25,6,19
107900021,20,138,-118
107900023,0,1,-1
107900024,0,39,-39
107900025,160,291,-131
107900026,12,91,-79
107900027,11,22,-11
107900028,24,83,-59
107900030,136,17,119
107900031,30,216,-186
107900032,3,1,2
107900033,8,2,6
107900034,143,3,140
107900035,296,10,286
107900036,8,13,-5
107900037,1,54,-53
107900038,167,99,68
107900039,5,44,-39
107900040,26,43,-17
107900041,0,0,0
107900043,21,156,-135
107900044,3,5,-2
107900045,49,16,33
107900046,63,51,12
107900047,6,104,-98
107900048,51,17,34
107900049,253,229,24
107900050,88,272,-184
107900051,34,85,-51
107900052,0,6,-6
107900053,8,83,-75
107900055,417,158,259
107900056,62,13,49
107900057,0,0,0
107900058,31,616,-585
107900060,5,35,-30
107900061,20,4,16
107900063,69,129,-60
107900064,169,54,115
107900065,52,5,47
107900066,2,5,-3
107900067,0,0,0
107900068,115,166,-51
107900069,31,607,-576
107900070,19,11,8
107900071,12,953,-941
107900072,29,179,-150
107900073,33,89,-56
107900074,796,96,700
107900076,87,83,4
107900077,24,1,23
107900079,9,7,2
107900080,62,138,-76
107900081,16,50,-34
107900082,14,3,11
107900083,157,93,64
107900084,46,98,-52
107900086,58,85,-27
107900087,276,64,212
107900088,11,0,11
107900089,223,772,-549
107900090,287,724,-437
107900091,68,446,-378
107900093,34,64,-30
107900095,2439,908,1531
107900097,19,68,-49
107900098,26,169,-143
107900100,860,474,386
107900101,935,106,829
107900102,11,3,8
107900103,41,116,-75
107900104,93,4,89
107900105,1,574,-573
107900106,4,1660,-1656
107900107,786,153,633
107900108,240,73,167
107900109,439,9,430
107900110,9,137,-128
107900111,7,1107,-1100
107900112,53,239,-186
107900113,49,73,-24
107900114,53,221,-168
107900115,2,37,-35
107900116,28,204,-176
107900117,159,391,-232
107900118,33,118,-85
107900119,33,60,-27
107900120,35,8,27
107900121,2,87,-85
107900122,2,29,-27
107900123,0,11,-11
107900124,1,16,-15
107900125,18,155,-137
107900126,2,36,-34
107900127,252,64,188
107900128,80,33,47
107900129,16,53,-37
107900130,17,14,3
107900131,462,31,431
107900132,69,317,-248
107900133,4,79,-75
107900134,27,8,19
107900135,8,194,-186
107900136,33,17,16
107900137,57,46,11
107900138,21,15,6
107900139,13,26,-13
107900141,20,47,-27
107900142,33,924,-891
107900143,9,23,-14
107900144,1,182,-181
107900145,2,78,-76
107900146,17,98,-81
107900147,39,8,31
107900148,158,135,23
107900149,1561,243,1318
107900150,43,653,-610
107900151,8,102,-94
107900152,3,165,-162
107900153,110,137,-27
107900154,16,8,8
107900155,17,17,0
107900156,1,432,-431
107900157,14,86,-72
107900158,221,7,214
107900159,46,922,-876
107900160,31,178,-147
107900161,9,256,-247
107900162,2,44,-42
107900163,25,16,9
107900164,1,25,-24
107900165,5,57,-52
107900166,13,301,-288
107900167,5,8,-3
107900168,16,36,-20
107900169,2,154,-152
107900171,12,1703,-1691
107900172,0,219,-219
107900173,2,202,-200
107900174,50,3,47
107900175,2,2,0
107900176,4,30,-26
107900177,1,22,-21
107900178,0,198,-198
107900179,5,105,-100
107900180,818,178,640
107900181,225,421,-196
107900182,3,1355,-1352
107900183,16,420,-404
107900184,23,191,-168
107900185,35,4,31
107900186,8,29,-21
107900187,0,69,-69
107900188,632,67,565
107900189,7,108,-101
107900190,78,23,55
107900191,45,124,-79
107900193,7,29,-22
107900194,139,7,132
107900195,3947,461,3486
107900196,20,53,-33
107900197,637,94,543
107900199,1,1070,-1069
107900201,57,107,-50
107900203,21,48,-27
107900204,238,171,67
107900206,241,104,137
107900207,4,555,-551
107900208,7,810,-803
107900209,246,71,175
107900210,46,93,-47
107900213,351,341,10
107900214,7,156,-149
107900215,130,289,-159
107900216,51,55,-4
107900217,15,57,-42
107900218,9,1357,-1348
107900219,31,148,-117
107900220,111,98,13
107900221,112,225,-113
107900223,59,518,-459
107900224,133,254,-121
107900225,6,723,-717
107900226,36,74,-38
107900227,82,475,-393
107900228,6,113,-107
107900229,0,277,-277
107900230,16,95,-79
107900231,10,222,-212
107900232,27,234,-207
107900233,8,132,-124
107900234,27,161,-134
107900235,43,84,-41
107900236,38,119,-81
107900237,102,440,-338
107900238,7,113,-106
107900239,1232,364,868
107900240,11,99,-88
107900241,13,108,-95
107900242,8,382,-374
107900243,2,30,-28
107900244,101,2,99
107900245,122,15,107
107900246,47,5,42
107900248,167,371,-204
107900249,233,3,230
107900250,1,516,-515
107900251,37,1109,-1072
107900252,317,7,310
107900253,76,0,76
107900254,19,65,-46
107900255,280,35,245
107900256,227,301,-74
107900257,56,21,35
107900258,39,152,-113
107900259,42,546,-504
107900261,4,431,-427
107900262,18,109,-91
107900264,59,2,57
107900265,30,175,-145
107900267,70,22,48
107900268,32,10,22
107900269,0,4,-4
107900270,0,0,0
107900271,1,1,0
107900272,165,3,162
107900273,28,44,-16
107900274,30,2,28
107900275,12,1,11
107900276,0,60,-60
107900277,0,164,-164
107900278,155,330,-175
107900279,110,82,28
107900280,1339,799,540
107900281,2451,722,1729
107900282,39,136,-97
107900283,1119,358,761
107900284,133,769,-636
107900285,24,125,-101
107900286,105,90,15
107900287,53,129,-76
107900290,0,34,-34
107900291,327,8,319
107900292,77,260,-183
107900293,37,530,-493
107900295,35,92,-57
107900297,0,236,-236
107900298,599,862,-263
107900299,3654,1469,2185
107900301,274,232,42
107900302,62,9,53
107900303,46,288,-242
107900304,90,536,-446
107900305,125,6,119
107900306,17,2,15
107900307,16,294,-278
107900308,183,20,163
107900309,1,0,1
107900310,0,0,0
107900311,170,66,104
107900312,0,0,0
107900313,0,72,-72
107900314,1,34,-33
107900315,0,34,-34
107900316,8,0,8
107900317,21,3,18
107900318,5,114,-109
107900319,4,188,-184
107900320,1,142,-141
107900321,36,4,32
107900322,4,206,-202
107900323,3,137,-134
107900324,86,1,85
107900325,21,0,21
107900326,105,374,-269
107900327,0,0,0
107900328,0,0,0
107900329,0,0,0
107900330,8,357,-349
107900331,67,16,51
107900332,95,33,62
107900333,45,14,31
107900334,3,311,-308
107900335,36,45,-9
107900336,9,28,-19
107900337,1200,344,856
107900338,3,111,-108
107900339,2,12,-10
107900340,2,40,-38
107900341,16,0,16
107900342,101,108,-7
107900343,34,3,31
107900344,0,111,-111
107900345,62,14,48
107900346,14,2,12
107900347,15,4,11
107900348,0,2,-2
107900349,13,1,12
107900350,43,249,-206
107900351,1,174,-173
107900352,0,48,-48
107900353,4,5,-1
107900354,6,71,-65
108000001,1852,2652,-800
108000002,2132,2864,-732
108000003,2166,1376,790
108000004,14642,15166,-524
108000005,4223,2430,1793
108000006,5329,5747,-418
108000007,3151,2631,520
108000008,4253,5518,-1265
108000009,1738,2480,-742
108000010,1992,4573,-2581
108000011,8292,6598,1694
108000012,18105,14322,3783
108000014,607,419,188
108000015,421,292,129
108000016,179,623,-444
108000017,436,273,163
108000018,880,340,540
108000019,972,405,567
108000020,933,316,617
108000021,357,1417,-1060
108000022,431,1287,-856
108000023,797,148,649
108000024,148,692,-544
108000025,150,175,-25
108000026,349,644,-295
108000027,304,671,-367
108000028,218,230,-12
108000029,199,1103,-904
108000030,256,201,55
108000031,151,504,-353
108000032,665,352,313
108000033,443,1280,-837
108000034,809,236,573
108000035,640,2331,-1691
108000036,276,1416,-1140
108000037,904,274,630
108000038,1274,314,960
108000039,461,2720,-2259
108000040,929,555,374
108000041,582,2823,-2241
108000042,53,221,-168
108000043,86,295,-209
108000044,195,137,58
108000045,165,758,-593
108000046,722,195,527
108000047,272,1135,-863
108000048,112,493,-381
108000049,312,170,142
108000050,168,669,-501
108000051,162,47,115
108000052,254,746,-492
108000053,227,76,151
108000054,367,793,-426
108000055,535,265,270
108000056,940,1008,-68
108000057,323,591,-268
108000058,1590,2112,-522
108000059,3446,1847,1599
108000060,88,349,-261
108000061,313,609,-296
108000062,336,268,68
108000063,241,539,-298
108000064,94,158,-64
108000065,331,514,-183
108000066,1304,580,724
108000067,941,308,633
108000068,458,257,201
108000069,132,1200,-1068
108000070,863,426,437
108000071,396,1877,-1481
108000072,907,690,217
108000073,1322,1906,-584
108000074,211,240,-29
108000075,271,828,-557
108000076,382,327,55
108000077,643,788,-145
108000078,1291,915,376
108000079,854,1954,-1100
108000080,501,414,87
108000081,311,2385,-2074
108000082,882,1645,-763
108000083,1108,532,576
108000084,329,1279,-950
108000085,270,253,17
108000086,731,720,11
108000087,92,934,-842
108000088,393,91,302
108000089,169,191,-22
108000091,54,628,-574
108000092,57,104,-47
108000093,73,878,-805
108000094,311,98,213
108000095,109,486,-377
108000096,146,104,42
108000097,113,584,-471
108000098,607,1168,-561
108000099,491,251,240
108000100,43,328,-285
108000101,468,811,-343
108000102,1048,1834,-786
108000106,583,1,582
108000107,1,631,-630
108000108,444,16,428
108000109,3,817,-814
108000110,138,243,-105
108000111,83,688,-605
108000112,19,113,-94
108000113,458,245,213
108000115,382,325,57
108000117,564,213,351
108000118,345,651,-306
108000119,661,448,213
108000120,85,453,-368
108000121,134,485,-351
108000122,234,281,-47
108000123,262,234,28
108000124,169,534,-365
108000125,115,317,-202
108000126,80,637,-557
108000127,203,367,-164
108000128,253,753,-500
108000129,119,1501,-1382
108000130,130,248,-118
108000131,535,189,346
108000132,1690,1334,356
108000133,459,408,51
108000134,560,658,-98
108000135,536,247,289
108000136,676,1021,-345
108000137,133,364,-231
108000138,173,1051,-878
108000139,153,368,-215
108000140,43,28,15
108000141,16,179,-163
108000142,38,142,-104
108000143,23,656,-633
108000144,188,116,72
108000145,18,29,-11
108000146,283,53,230
108000147,10,61,-51
108000148,184,63,121
108000149,23,32,-9
108000150,13,2,11
108000151,300,40,260
108000152,71,613,-542
108000153,156,86,70
108000154,40,25,15
108000155,20,10,10
108000156,797,448,349
108000157,80,359,-279
108000158,70,388,-318
108000159,646,175,471
108000160,4906,684,4222
108000161,3804,948,2856
108000165,5,54,-49
108000172,3,163,-160
108000173,2737,1049,1688
108000175,246,119,127
108000178,337,386,-49
108000179,171,366,-195
108000181,51,33,18
108000182,328,75,253
108000183,50,386,-336
108000184,992,1236,-244
108000185,75,586,-511
108000186,104,544,-440
108000187,59,740,-681
108000188,184,230,-46
108000189,2209,2731,-522
108000190,17,101,-84
108000192,59,737,-678
108000193,697,24,673
108000194,23,10,13
108000195,2,1093,-1091
108000196,79,120,-41
108000198,384,402,-18
108000199,0,143,-143
108000200,122,668,-546
108000203,50,904,-854
108000204,35,41,-6
108000205,331,509,-178
108000339,1238,265,973
108000364,331,441,-110
108000365,34,320,-286
108000367,129,295,-166
108000368,4,52,-48
108000369,1197,74,1123
108000371,15,606,-591
108000372,366,9,357
108000373,106,157,-51
108000376,48,25,23
108000377,228,316,-88
108000378,7260,7129,131
108000379,39,138,-99
108000381,33,14,19
108000382,83,0,83
108000383,0,103,-103
108900001,128,1258,-1130
108900002,131,31,100
108900003,370,978,-608
108900004,2436,299,2137
108900007,85,146,-61
108900008,38,114,-76
108900009,27,88,-61
108900010,60,108,-48
108900011,152,314,-162
108900012,153,386,-233
108900013,67,200,-133
108900014,1,44,-43
108900015,0,15,-15
108900016,0,175,-175
108900017,80,120,-40
108900018,60,566,-506
108900019,13,1226,-1213
108900020,22,304,-282
108900021,54,244,-190
108900022,30,5,25
108900023,1,23,-22
108900024,4,153,-149
108900025,41,142,-101
108900026,3,86,-83
108900027,0,90,-90
108900028,32,495,-463
108900029,37,187,-150
108900030,0,111,-111
108900031,27,618,-591
108900032,11,277,-266
108900033,0,69,-69
108900034,2,283,-281
108900035,117,1850,-1733
108900038,1,379,-378
108900039,3,605,-602
108900040,4,88,-84
108900041,5018,1725,3293
108900042,6,226,-220
108900043,15,433,-418
108900044,3,703,-700
108900045,12,616,-604
108900046,32,1052,-1020
108900047,0,65,-65
108900048,41,1100,-1059
108900049,5243,551,4692
108900050,1,314,-313
108900051,1,249,-248
108900052,16,282,-266
108900053,66,98,-32
108900054,42,162,-120
108900055,53,440,-387
108900056,2,171,-169
108900057,2,168,-166
108900058,22,503,-481
108900059,162,14,148
108900060,24,87,-63
108900061,64,13,51
108900062,4,312,-308
108900063,8,431,-423
108900064,51,38,13
108900065,5,359,-354
108900066,170,84,86
108900067,24,234,-210
108900068,4,263,-259
108900069,35,120,-85
108900070,12,151,-139
108900071,32,56,-24
108900072,2032,228,1804
108900073,9,484,-475
108900074,49,447,-398
108900075,49,60,-11
108900076,111,39,72
108900077,172,618,-446
108900078,7,213,-206
108900079,736,197,539
108900080,14,309,-295
108900081,58,234,-176
108900082,15,112,-97
108900083,11,142,-131
108900085,2061,113,1948
108900086,32,356,-324
108900087,111,223,-112
108900088,505,188,317
108900089,5,80,-75
108900090,20,490,-470
108900091,120,134,-14
108900092,216,184,32
108900093,68,41,27
108900094,119,69,50
108900095,42,618,-576
108900096,477,33,444
108900097,199,168,31
108900098,2967,276,2691
108900099,255,309,-54
108900100,104,118,-14
108900101,106,74,32
108900102,79,450,-371
108900103,43,80,-37
108900105,6,425,-419
108900106,155,581,-426
108900108,116,23,93
108900109,176,26,150
108900110,65,492,-427
108900111,168,739,-571
108900113,28,24,4
108900114,37,10,27
108900115,29,41,-12
108900116,32,7,25
108900117,57,12,45
108900118,230,0,230
108900119,79,38,41
108900120,147,116,31
108900121,140,33,107
108900122,55,24,31
108900123,37,46,-9
108900124,215,90,125
108900125,157,1,156
108900126,63,7,56
108900127,78,9,69
108900128,44,22,22
108900129,400,66,334
108900130,105,0,105
108900131,173,2,171
108900132,250,56,194
108900133,67,26,41
108900134,104,263,-159
108900135,64,2,62
108900136,1,0,1
108900137,40,0,40
108900138,220,16,204
108900140,106,262,-156
108900141,91,6,85
108900142,58,2,56
108900143,15,0,15
108900144,23,0,23
108900145,57,9,48
108900146,32,0,32
108900147,85,0,85
108900148,41,21,20
108900150,131,4,127
108900151,34,0,34
108900152,18,3,15
108900153,44,524,-480
108900154,2479,445,2034
108900156,25,5,20
108900157,10,652,-642
108900158,94,24,70
108900159,4,363,-359
108900160,6,295,-289
108900161,3,465,-462
108900162,30,0,30
108900163,0,129,-129
108900164,62,81,-19
108900168,9341,1545,7796
108900169,40,103,-63
108900171,5808,1238,4570
108900172,104,23,81
108900173,183,373,-190
108900174,288,446,-158
108900176,144,697,-553
108900177,7921,1878,6043
108900178,4761,1494,3267
108900180,36,148,-112
108900183,134,162,-28
108900184,157,124,33
108900185,19,251,-232
108900186,20,325,-305
108900189,96,97,-1
108900190,32,3255,-3223
108900192,43,195,-152
108900195,37,413,-376
108900196,12,603,-591
108900199,112,273,-161
108900200,219,257,-38
108900201,195,1070,-875
108900203,235,23,212
108900204,160,6,154
108900205,90,28,62
108900206,139,13,126
108900207,89,32,57
108900208,18,238,-220
108900209,183,565,-382
108900210,147,125,22
108900211,78,246,-168
108900212,680,665,15
108900215,92,626,-534
108900216,275,47,228
108900217,43,2,41
108900218,57,7,50
108900221,25,53,-28
108900224,23,78,-55
108900225,1,124,-123
108900227,67,94,-27
108900230,349,283,66
108900232,1,427,-426
108900233,188,17,171
108900234,143,45,98
108900235,122,550,-428
108900236,23,325,-302
108900240,31,62,-31
108900241,14,10,4
108900245,2,434,-432
108900250,144,104,40
108900258,11,247,-236
108900259,18,96,-78
108900260,4,93,-89
108900261,211,119,92
108900262,267,117,150
108900263,89,208,-119
108900264,370,168,202
108900265,1061,195,866
108900266,1157,194,963
108900267,0,53,-53
108900268,0,1,-1
108900269,38,1,37
108900270,21,1,20
108900271,11,2,9
108900272,79,2,77
108900273,919,326,593
108900274,21,61,-40
109000001,3028,962,2066
109000002,2889,1187,1702
109000003,1508,488,1020
109000004,380,2260,-1880
109000005,1279,644,635
109000006,579,2115,-1536
109000007,846,609,237
109000008,292,1779,-1487
109000009,2147,1018,1129
109000010,1127,3922,-2795
109000011,1699,1210,489
109000012,1385,4130,-2745
109000013,1988,1517,471
109000014,1100,3679,-2579
109000015,2436,3234,-798
109000016,8994,3792,5202
109000017,1364,894,470
109000018,732,3292,-2560
109000019,1640,1078,562
109000020,1054,2202,-1148
109000023,166,24,142
109000024,3,107,-104
109000025,318,246,72
109000026,630,257,373
109000027,86,207,-121
109000028,91,88,3
109000029,109,110,-1
109000030,53,467,-414
109000031,116,91,25
109000032,41,521,-480
109000033,148,80,68
109000034,47,44,3
109000035,21,48,-27
109000036,50,367,-317
109000037,137,515,-378
109000038,371,282,89
109000039,467,296,171
109000040,5033,3236,1797
109000041,4825,1000,3825
109000042,734,869,-135
109000044,169,59,110
109000045,80,445,-365
109000046,214,57,157
109000047,55,343,-288
109000048,492,117,375
109000049,137,426,-289
109000050,197,192,5
109000051,234,272,-38
109000052,300,1704,-1404
109000053,78,45,33
109000054,55,553,-498
109000055,86,120,-34
109000056,140,482,-342
109000057,144,180,-36
109000058,541,187,354
109000059,413,713,-300
109000060,269,147,122
109000061,1373,382,991
109000062,83,142,-59
109000063,117,182,-65
109000064,61,113,-52
109000065,57,281,-224
109000066,118,113,5
109000067,12,380,-368
109000068,498,3,495
109000069,707,19,688
109000070,12,848,-836
109000071,172,74,98
109000072,62,307,-245
109000073,25,91,-66
109000074,23,196,-173
109000075,36,376,-340
109000076,54,125,-71
109000077,279,278,1
109000078,35,82,-47
109000079,92,238,-146
109000080,65,94,-29
109000081,66,497,-431
109000082,234,299,-65
109000083,133,742,-609
109000088,68,406,-338
109000089,157,13,144
109000090,134,424,-290
109000091,162,70,92
109000092,317,640,-323
109000093,90,104,-14
109000094,161,3,158
109000095,68,672,-604
109000096,356,206,150
109000097,58,111,-53
109000098,33,65,-32
109000099,396,281,115
109000100,79,462,-383
109000101,526,827,-301
109000102,214,742,-528
109000103,201,496,-295
109000104,687,541,146
109000105,304,1362,-1058
109000106,917,489,428
109000107,321,1830,-1509
109000108,861,420,441
109000109,308,1735,-1427
109000110,694,339,355
109000111,653,2128,-1475
109000112,199,126,73
109000113,140,119,21
109000114,101,364,-263
109000115,780,88,692
109000116,3,125,-122
109000117,68,108,-40
109000118,14,309,-295
109000119,438,394,44
109000120,65,1176,-1111
109000121,140,51,89
109000122,62,976,-914
109000123,14,98,-84
109000124,324,264,60
109000125,328,260,68
109000126,223,763,-540
109000127,332,131,201
109000128,294,2375,-2081
109000129,926,410,516
109000130,463,2571,-2108
109000131,395,210,185
109000132,440,1666,-1226
109000133,235,959,-724
109000134,525,1342,-817
109000135,791,1130,-339
109000136,187,356,-169
109000137,81,237,-156
109000138,202,479,-277
109000139,224,395,-171
109000140,52,430,-378
109000141,209,372,-163
109000142,83,471,-388
109000143,43,40,3
109000145,36,190,-154
109000146,72,58,14
109000148,3332,558,2774
109000149,10,29,-19
109000150,99,139,-40
109000155,287,490,-203
109000156,915,709,206
109000158,21,242,-221
109000159,30,583,-553
109000160,392,216,176
109000161,183,1301,-1118
109000162,1121,918,203
109000163,599,1560,-961
109000164,637,2564,-1927
109000165,635,472,163
109000166,394,109,285
109000167,88,994,-906
109000170,72,45,27
109000171,53,64,-11
109000172,26,44,-18
109000173,15,65,-50
109000174,18,61,-43
109000175,28,70,-42
109000176,118,280,-162
109000177,13,105,-92
109000178,316,482,-166
109000179,6350,1883,4467
109000180,4001,2035,1966
109000181,5,37,-32
109000182,32,60,-28
109000183,14,17,-3
109000184,26,17,9
109000185,11,61,-50
109000188,289,2606,-2317
109000189,1162,734,428
109000190,316,474,-158
109000191,115,579,-464
109000192,123,195,-72
109000193,89,387,-298
109000194,58,116,-58
109000195,66,442,-376
109000196,106,76,30
109000197,102,471,-369
109000198,156,38,118
109000199,66,486,-420
109000206,122,30,92
109000207,87,31,56
109000208,84,44,40
109000209,121,65,56
109000210,145,473,-328
109000211,217,236,-19
109000214,157,644,-487
109000215,44,54,-10
109000216,153,125,28
109000217,89,69,20
109000218,177,86,91
109000221,205,1277,-1072
109000222,497,101,396
109000223,201,161,40
109000224,26,358,-332
109000225,40,25,15
109000226,57,328,-271
109000227,515,1358,-843
109000228,0,231,-231
109000231,1,456,-455
109000232,176,412,-236
109000236,158,759,-601
109000241,1274,1912,-638
109000242,932,1106,-174
109000293,11,30,-19
109000361,68,245,-177
109000364,103,579,-476
109000396,4,767,-763
109000397,215,7,208
109000399,78,583,-505
109000400,31,315,-284
109000403,28,212,-184
109000406,245,9,236
109000407,116,206,-90
109000408,3,775,-772
109000410,423,124,299
109000411,72,19,53
109900001,37,0,37
109900002,387,5,382
109900003,81,0,81
109900004,457,189,268
109900005,13,1,12
109900006,179,289,-110
109900007,336,883,-547
109900008,0,31,-31
109900009,62,815,-753
109900010,222,4,218
109900011,43,23,20
109900012,71,110,-39
109900013,168,61,107
109900014,100,35,65
109900015,259,95,164
109900016,46,47,-1
109900017,51,86,-35
109900018,72,107,-35
109900019,49,58,-9
109900020,8,17,-9
109900021,8,8,0
109900022,57,308,-251
109900023,4,2,2
109900024,6,1,5
109900025,5,65,-60
109900026,0,164,-164
109900027,29,9,20
109900028,2105,342,1763
109900029,8,692,-684
109900030,13,3,10
109900031,0,40,-40
109900032,1,279,-278
109900033,0,480,-480
109900034,5,0,5
109900035,7,9,-2
109900036,9,60,-51
109900037,3,487,-484
109900038,37,223,-186
109900039,5,0,5
109900040,7,666,-659
109900041,27,491,-464
109900042,2,389,-387
109900044,43,248,-205
109900045,44,33,11
109900046,26,59,-33
109900047,188,272,-84
109900048,2,57,-55
109900049,1,11,-10
109900050,1,318,-317
109900051,0,34,-34
109900052,30,205,-175
109900053,3,545,-542
109900054,252,109,143
109900055,13,218,-205
109900056,13,102,-89
109900057,8,251,-243
109900058,0,118,-118
109900059,266,50,216
109900060,252,180,72
109900061,40,227,-187
109900062,1,278,-277
109900063,4,253,-249
109900064,168,217,-49
109900065,75,93,-18
109900066,213,1082,-869
109900067,0,500,-500
109900068,26,4,22
109900069,1,23,-22
109900070,25,277,-252
109900071,0,31,-31
109900072,14,88,-74
109900073,86,739,-653
109900074,8,31,-23
109900075,7,14,-7
109900076,12,552,-540
109900077,35,30,5
109900078,70,285,-215
109900080,81,309,-228
109900081,6,83,-77
109900082,25,460,-435
109900083,4,32,-28
109900084,23,138,-115
109900085,140,1201,-1061
109900086,82,144,-62
109900087,267,318,-51
109900089,211,58,153
109900090,374,1176,-802
109900091,89,73,16
109900092,166,4,162
109900093,304,87,217
109900094,31,81,-50
109900095,70,254,-184
109900096,9,2,7
109900097,32,0,32
109900098,149,12,137
109900099,99,1,98
109900100,21,0,21
109900101,206,2,204
109900102,223,22,201
109900103,8,40,-32
109900104,173,1248,-1075
109900105,232,16,216
109900106,111,32,79
109900107,117,60,57
109900108,52,406,-354
109900109,14,152,-138
109900110,31,451,-420
109900111,199,1199,-1000
109900112,302,1101,-799
109900113,358,248,110
109900114,329,339,-10
109900115,60,65,-5
109900117,334,69,265
109900118,192,362,-170
109900119,339,228,111
109900120,28,13,15
109900121,204,144,60
109900122,171,0,171
109900123,2,170,-168
109900124,26,873,-847
109900125,2,215,-213
109900126,78,154,-76
109900128,104,50,54
109900130,11504,914,10590
109900131,33,137,-104
109900132,20,162,-142
109900133,49,361,-312
109900134,19,33,-14
109900135,370,72,298
109900136,18,121,-103
109900137,24,345,-321
109900140,81,294,-213
109900142,472,182,290
109900145,3,103,-100
109900146,250,29,221
109900148,38,41,-3
109900149,29,56,-27
109900150,3,78,-75
109900151,4,45,-41
109900152,0,26,-26
109900153,0,60,-60
109900154,5,0,5
109900155,24,5,19
109900157,17,280,-263
109900158,23,86,-63
109900159,87,17,70
109900160,56,29,27
109900161,120,51,69
109900162,59,45,14
109900163,670,247,423
109900164,16,235,-219
109900165,112,3,109
109900166,1,128,-127
109900167,118,559,-441
109900168,96,524,-428
109900169,61,116,-55
109900170,179,361,-182
109900171,65,73,-8
109900172,70,110,-40
109900173,3790,980,2810
109900174,24,142,-118
109900175,17,37,-20
109900176,63,188,-125
109900177,12,270,-258
109900178,1,85,-84
109900179,15,15,0
109900180,0,11,-11
110000001,502,435,67
110000002,426,405,21
110000003,673,510,163
110000004,382,351,31
110000005,595,800,-205
110000006,527,275,252
110000007,77,158,-81
110000008,9,34,-25
110000009,11,44,-33
110000010,13,37,-24
110000011,14,96,-82
110000012,561,294,267
110000013,24,239,-215
110000014,588,321,267
110000015,174,303,-129
110000016,204,652,-448
110000017,3435,198,3237
110000018,3124,392,2732
110000019,7,105,-98
110000020,414,175,239
110000021,290,311,-21
110000022,394,116,278
110000023,3,154,-151
110000024,394,351,43
110000025,81,3,78
110000026,3,505,-502
110000027,344,253,91
110000028,574,495,79
110000029,387,854,-467
110000030,177,200,-23
110000031,101,536,-435
110000032,416,339,77
110000033,83,45,38
110000034,135,588,-453
110000035,249,804,-555
110000036,331,572,-241
110000037,85,498,-413
110000038,107,345,-238
110000039,458,1089,-631
110000040,251,470,-219
110000041,118,536,-418
110000042,107,222,-115
110000043,290,105,185
110000044,35,36,-1
110000045,180,54,126
110000046,7,8,-1
110000047,8,5,3
110000048,3,11,-8
110000049,36,4,32
110000050,7,11,-4
110000051,59,1,58
110000052,26,17,9
110000053,34,5,29
110000054,77,194,-117
110000055,162,36,126
110000056,132,56,76
110000057,148,690,-542
110000058,435,442,-7
110000059,457,435,22
110000060,341,644,-303
110000061,731,682,49
110000062,607,618,-11
110000063,23,55,-32
110000064,37,117,-80
110000065,29,64,-35
110000066,28,32,-4
110000067,53,267,-214
110000068,107,500,-393
110000069,83,68,15
110000071,46,101,-55
110000073,0,16,-16
110000075,7,87,-80
110000076,238,129,109
110000077,401,278,123
110000078,2,38,-36
110000080,182,617,-435
110000081,19,194,-175
110000082,16,169,-153
110000083,152,539,-387
110000084,541,470,71
110000085,2494,1173,1321
110000086,1037,888,149
110000087,3,42,-39
110000088,24,191,-167
110000089,138,162,-24
110000090,28,264,-236
110000091,1571,208,1363
110000092,16,98,-82
110000093,35,14,21
110000094,320,206,114
110000095,57,433,-376
110000096,3589,1323,2266
110000097,711,695,16
110000098,1163,430,733
110000099,573,1209,-636
110000100,258,784,-526
110000101,13,488,-475
110000102,30,19,11
110000104,73,91,-18
110000105,45,290,-245
110000106,250,224,26
110000107,303,292,11
110000108,128,42,86
110000109,208,270,-62
110000110,3927,2325,1602
110000111,6684,1536,5148
110000112,1183,265,918
110000113,586,795,-209
110000114,97,295,-198
110000115,130,176,-46
110000116,35,34,1
110000117,69,580,-511
110000118,242,245,-3
110000119,101,354,-253
110000120,168,178,-10
110000121,47,182,-135
110000122,166,438,-272
110000123,273,292,-19
110000124,2,699,-697
110000125,628,2,626
110000126,152,18,134
110000127,429,38,391
110000128,11,1450,-1439
110000129,3,505,-502
110000130,82,76,6
110000131,85,346,-261
110000132,2,622,-620
110000133,32,239,-207
110000134,23,274,-251
110000135,130,22,108
110000136,27,267,-240
110000137,205,620,-415
110000138,315,761,-446
110000139,400,1340,-940
110000140,571,343,228
110000143,483,313,170
110000144,3426,801,2625
110000145,923,542,381
110000146,1024,480,544
110000147,143,552,-409
110000148,272,317,-45
110000151,498,380,118
110000152,449,218,231
110000153,6,71,-65
110000154,2,4,-2
110000155,1100,1725,-625
110000156,539,1031,-492
110000157,784,1128,-344
110000160,160,314,-154
110000161,79,350,-271
110000166,151,116,35
110000167,418,405,13
110000168,574,252,322
110000169,484,260,224
110000170,83,59,24
110000171,391,136,255
110000172,113,685,-572
110000173,1024,1165,-141
110000174,50,1313,-1263
110000175,209,75,134
110000176,28,154,-126
110000177,110,573,-463
110000178,363,527,-164
110000179,1126,256,870
110000180,69,279,-210
110000181,135,275,-140
110000182,342,189,153
110000183,9775,3524,6251
110000184,655,1157,-502
110000185,500,555,-55
110000186,498,441,57
110000191,258,469,-211
110000192,160,2,158
110000193,214,2,212
110000194,4,1216,-1212
110000195,182,415,-233
110000196,177,497,-320
110000197,35,225,-190
110000198,55,66,-11
110000199,22,62,-40
110000200,1102,549,553
110000201,291,462,-171
110000202,823,405,418
110000203,465,650,-185
110000204,4,339,-335
110000205,53,58,-5
110000206,526,1672,-1146
110000207,281,307,-26
110000208,65,92,-27
110000209,64,819,-755
110000210,357,517,-160
110000211,348,546,-198
110000212,213,610,-397
110000213,45,42,3
110000214,50,64,-14
110000215,62,580,-518
110000216,30,616,-586
110000217,129,188,-59
110000218,65,451,-386
110000219,128,48,80
110000220,12,453,-441
110000221,123,41,82
110000222,11,326,-315
110000223,2,73,-71
110000224,68,8,60
110000225,130,510,-380
110000226,107,30,77
110000227,346,300,46
110000228,254,212,42
110000229,0,245,-245
110000230,289,563,-274
110000231,105,124,-19
110000232,78,170,-92
110000233,102,203,-101
110000234,314,244,70
110000235,981,629,352
110000236,227,932,-705
110000237,871,958,-87
110000238,594,988,-394
110000239,776,1181,-405
110000240,1,92,-91
110000242,0,14,-14
110000243,25,152,-127
110000244,81,319,-238
110000245,18,460,-442
110000246,267,591,-324
110000247,1342,3164,-1822
110000248,1877,1145,732
110000249,53,5,48
110000250,5,193,-188
110000251,68,387,-319
110000252,129,252,-123
110000253,683,285,398
110000254,461,1175,-714
110000255,111,1069,-958
110000256,278,127,151
110000257,473,360,113
110000258,5,495,-490
110000259,41,11,30
110000260,3,386,-383
110000263,533,85,448
110000264,109,603,-494
110000265,670,1227,-557
110000266,1156,1632,-476
110000267,7,186,-179
110000268,196,469,-273
110000269,2,82,-80
110000270,28,2,26
110000271,1893,197,1696
110000272,667,680,-13
110000273,1846,972,874
110000274,112,648,-536
110000275,2830,396,2434
110000276,88,181,-93
110000277,104,372,-268
110000278,112,702,-590
110000279,409,516,-107
110000280,136,320,-184
110000281,9,114,-105
110000282,146,41,105
110000283,35,60,-25
110000284,36,42,-6
110000285,0,106,-106
110000286,18,0,18
110000287,17,0,17
110000288,0,36,-36
110000289,346,1030,-684
110000290,1103,483,620
110000291,5440,1202,4238
110000292,921,2579,-1658
110000293,216,1014,-798
110000294,380,555,-175
110000295,49,798,-749
110000296,172,253,-81
110000297,2074,191,1883
110000298,283,365,-82
110000299,407,31,376
110000301,74,10,64
110000302,153,1231,-1078
110000303,157,1,156
110000304,50,230,-180
110000305,423,11,412
110000306,107,1831,-1724
110000307,605,2,603
110000308,207,7,200
110000309,9,1321,-1312
110000310,281,64,217
110000311,18,842,-824
110000312,332,26,306
110000313,2155,1493,662
110000314,2,189,-187
110000315,2310,1258,1052
110000316,490,875,-385
110000317,303,197,106
110000318,1,59,-58
110000319,8,30,-22
110000320,6,50,-44
110000321,12,30,-18
110000322,76,373,-297
110000323,161,171,-10
110000324,4314,899,3415
110000325,1645,1530,115
110000327,249,123,126
110000328,115,407,-292
110000333,271,351,-80
110000334,313,1181,-868
110000335,670,351,319
110000336,268,1399,-1131
110000337,549,376,173
110000338,131,200,-69
110000339,95,250,-155
110000340,3,174,-171
110000341,171,546,-375
110000342,318,2,316
110000343,0,8,-8
110000344,12,151,-139
110000345,40,46,-6
110000346,1731,981,750
110000347,719,532,187
110000348,2,22,-20
110000349,4,15,-11
110000350,25,4,21
110000351,370,688,-318
110000352,336,1238,-902
110000353,2750,513,2237
110000354,545,1299,-754
110000355,44,54,-10
110000356,448,4,444
110000357,144,4,140
110000361,5,119,-114
110000362,17,61,-44
110000363,140,86,54
110000364,71,326,-255
110000365,107,0,107
110000366,0,72,-72
110000367,148,260,-112
110000368,0,51,-51
110000369,19,1,18
110000373,9,345,-336
110000374,16,6,10
110000375,106,561,-455
110000376,21,86,-65
110000377,57,237,-180
110000378,18,271,-253
110000379,3221,856,2365
110000380,63,11,52
110000383,5,668,-663
110000384,1416,513,903
110000385,0,126,-126
110000387,36,14,22
110000388,21,155,-134
110000389,255,2,253
110000391,186,416,-230
110000396,73,103,-30
110000397,33,186,-153
110000398,5,12,-7
110000399,114,1,113
110000587,36,19,17
110000589,134,150,-16
110000640,81,90,-9
110000652,6,71,-65
110000653,95,399,-304
110000654,3,20,-17
110000656,4,698,-694
110000674,14,10,4
110000675,1,5,-4
110000676,5,41,-36
110000679,552,466,86
110000682,115,79,36
110000683,210,413,-203
110000684,1,42,-41
110000685,1,5,-4
110000686,2,35,-33
110000687,5,0,5
110000688,22,446,-424
110000689,19,42,-23
110000692,72,176,-104
110000693,50,139,-89
110000694,0,66,-66
110000695,94,491,-397
110000696,90,121,-31
110900001,142,4,138
110900002,370,170,200
110900003,228,892,-664
110900004,154,173,-19
110900005,3672,835,2837
110900006,28,8,20
110900007,34,7,27
110900008,12,100,-88
110900009,220,25,195
110900010,3,39,-36
110900011,2,88,-86
110900012,4,110,-106
110900013,412,127,285
110900014,93,12,81
110900015,826,310,516
110900016,16,165,-149
110900017,144,43,101
110900018,180,26,154
110900019,53,13,40
110900020,14,432,-418
110900021,45,521,-476
110900022,46,357,-311
110900023,44,466,-422
110900024,34,463,-429
110900025,1,39,-38
110900027,17,252,-235
110900028,14,175,-161
110900029,43,402,-359
110900030,9,325,-316
110900031,2,126,-124
110900032,0,96,-96
110900033,25,309,-284
110900035,7,324,-317
110900036,30,21,9
110900037,20,15,5
110900038,1184,168,1016
110900039,10,200,-190
110900040,112,22,90
110900041,3,146,-143
110900042,43,46,-3
110900043,1,125,-124
110900044,172,16,156
110900045,18,582,-564
110900046,119,255,-136
110900047,600,67,533
110900049,9,28,-19
110900050,11,2,9
110900051,21,204,-183
110900052,3,155,-152
110900053,33,39,-6
110900054,12,283,-271
110900055,20,1,19
110900056,31,107,-76
110900057,3,185,-182
110900058,57,196,-139
110900059,421,801,-380
110900060,256,80,176
110900061,31,18,13
110900062,54,226,-172
110900063,19,56,-37
110900064,9,0,9
110900065,304,75,229
110900066,2,47,-45
110900067,402,344,58
110900068,145,216,-71
110900069,4,31,-27
110900070,73,40,33
110900071,225,223,2
110900073,0,29,-29
110900074,148,70,78
110900075,167,50,117
110900077,188,340,-152
110900078,4,86,-82
110900079,1941,457,1484
110900080,40,48,-8
110900081,1,70,-69
110900082,28,214,-186
110900083,70,37,33
110900084,9,89,-80
110900085,35,357,-322
110900086,40,141,-101
110900087,122,51,71
110900088,8,0,8
110900090,17,18,-1
110900091,2,54,-52
110900093,111,49,62
110900095,34,50,-16
110900097,3,16,-13
110900098,15,106,-91
110900099,33,548,-515
110900100,0,30,-30
110900102,16,17,-1
110900105,406,340,66
110900108,6,82,-76
110900111,227,49,178
110900112,318,2,316
110900113,436,31,405
110900115,1,90,-89
110900116,186,2250,-2064
110900118,106,950,-844
110900119,4932,201,4731
110900120,3,317,-314
110900121,36,0,36
110900122,133,107,26
110900125,148,166,-18
110900127,250,501,-251
110900128,352,202,150
110900129,232,296,-64
110900130,1013,218,795
110900131,69,23,46
110900132,124,19,105
110900133,11,230,-219
110900135,54,482,-428
110900136,120,6,114
110900138,0,0,0
110900139,6,0,6
110900140,0,0,0
110900141,229,78,151
110900142,56,160,-104
110900143,51,51,0
110900144,3,674,-671
110900145,58,11,47
110900146,186,31,155
110900147,177,230,-53
110900148,2,286,-284
110900149,0,42,-42
110900150,14,16,-2
110900151,0,40,-40
110900152,13,379,-366
110900153,38,24,14
111000001,218,309,-91
111000002,492,542,-50
111000003,500,432,68
111000004,382,970,-588
111000005,652,611,41
111000006,720,1043,-323
111000007,3366,1466,1900
111000008,2966,2556,410
111000009,231,824,-593
111000010,439,198,241
111000011,349,697,-348
111000012,375,262,113
111000013,233,1089,-856
111000014,534,466,68
111000017,95,438,-343
111000018,158,353,-195
111000020,1946,1902,44
111000021,79,101,-22
111000023,72,127,-55
111000025,6368,1647,4721
111000029,78,78,0
111000030,20,52,-32
111000031,1612,520,1092
111000032,424,129,295
111000033,195,114,81
111000034,188,152,36
111000037,2808,1098,1710
111000038,2467,2099,368
111000039,1000,2207,-1207
111000040,1070,2321,-1251
111000041,1529,1522,7
111000042,5770,2527,3243
111000043,1316,1196,120
111000044,877,518,359
111000045,1015,1221,-206
111000046,624,907,-283
111000047,1236,1562,-326
111000049,265,528,-263
111000050,1573,1473,100
111000051,328,1046,-718
111000052,401,1256,-855
111000053,246,952,-706
111000054,216,923,-707
111000055,1058,1986,-928
111000056,54,669,-615
111000057,72,947,-875
111000058,113,105,8
111000059,134,244,-110
111000060,1690,580,1110
111000061,257,253,4
111000062,379,192,187
111000063,1094,585,509
111000064,275,379,-104
111000065,645,477,168
111000066,202,196,6
111000067,250,561,-311
111000068,206,679,-473
111000069,1325,1733,-408
111000070,2087,1088,999
111000071,217,671,-454
111000072,433,261,172
111000073,140,513,-373
111000074,1152,1022,130
111000075,482,548,-66
111000076,211,708,-497
111000077,879,997,-118
111000078,1755,1011,744
111000079,1119,603,516
111000080,322,573,-251
111000081,1758,2311,-553
111000082,385,565,-180
111000084,436,443,-7
111000085,764,1574,-810
111000086,2630,1133,1497
111000087,658,841,-183
111000088,5159,1535,3624
111000089,532,830,-298
111000090,954,1357,-403
111000091,430,666,-236
111000092,651,999,-348
111000093,365,667,-302
111000094,1112,669,443
111000095,700,1446,-746
111000096,2321,5291,-2970
111000097,5454,951,4503
111000098,346,1200,-854
111000099,245,2335,-2090
111000100,210,2387,-2177
111000101,275,756,-481
111000102,80,687,-607
111000104,150,177,-27
111000107,20,651,-631
111000109,100,153,-53
111000110,545,469,76
111000111,929,372,557
111000112,782,243,539
111000113,476,504,-28
111000114,1394,1099,295
111000115,6690,626,6064
111000116,639,638,1
111000117,321,639,-318
111000118,1191,820,371
111000119,568,1515,-947
111000120,317,438,-121
111000121,194,401,-207
111000122,313,996,-683
111000123,635,3220,-2585
111000124,321,3726,-3405
111000125,132,1981,-1849
111000126,38,942,-904
111000127,346,137,209
111000128,589,282,307
111000129,1133,308,825
111000130,875,569,306
111000131,637,422,215
111000132,506,305,201
111000133,75,104,-29
111000134,65,97,-32
111000135,24,102,-78
111000136,173,231,-58
111000138,2,4,-2
111000140,4,2,2
111000141,202,201,1
111000142,39,131,-92
111000143,1,105,-104
111000144,17,84,-67
111000145,655,2,653
111000146,38,2,36
111000147,315,25,290
111000148,148,54,94
111000149,4,22,-18
111000150,3,5,-2
111000151,3,18,-15
111000153,471,532,-61
111000154,631,185,446
111000155,71,108,-37
111000156,266,250,16
111000157,117,350,-233
111000158,632,376,256
111000159,2083,484,1599
111000160,205,319,-114
111000161,3,206,-203
111000162,1,132,-131
111000163,280,627,-347
111000164,634,1775,-1141
111000165,1050,317,733
111000166,1269,287,982
111000167,139,414,-275
111000168,139,367,-228
111000169,186,421,-235
111000170,441,414,27
111000171,291,878,-587
111000172,65,615,-550
111000173,152,1387,-1235
111000174,57,515,-458
111000175,33,234,-201
111000176,109,191,-82
111000177,97,269,-172
111000178,403,303,100
111000179,84,196,-112
111000180,96,246,-150
111000181,381,228,153
111000182,100,151,-51
111000183,105,172,-67
111000184,194,160,34
111000185,242,457,-215
111000186,149,285,-136
111000187,75,282,-207
111000188,108,409,-301
111000189,1424,505,919
111000190,140,439,-299
111000191,84,417,-333
111000192,192,695,-503
111000193,328,310,18
111000194,14,370,-356
111000195,55,496,-441
111000196,17,332,-315
111000197,144,168,-24
111000198,227,106,121
111000199,69,138,-69
111000200,84,292,-208
111000201,214,168,46
111000202,159,145,14
111000203,142,138,4
111000204,229,357,-128
111000213,98,274,-176
111000214,1029,1523,-494
111000215,617,1205,-588
111000217,790,938,-148
111000218,630,765,-135
111000219,265,198,67
111000220,2223,340,1883
111000221,551,90,461
111000224,60,256,-196
111000225,214,151,63
111000226,102,1,101
111000227,28,0,28
111000228,5,163,-158
111000229,17,276,-259
111000230,139,447,-308
111000231,473,1207,-734
111000232,133,728,-595
111000233,227,659,-432
111000234,36,167,-131
111000239,104,183,-79
111000240,15,64,-49
111000241,35,334,-299
111000242,42,31,11
111000243,57,793,-736
111000244,128,58,70
111000245,364,503,-139
111000246,161,576,-415
111000247,95,1003,-908
111000248,281,313,-32
111000249,354,742,-388
111000250,17,134,-117
111000251,19,133,-114
111000253,9,3,6
111000255,12,4,8
111000257,12,12,0
111000260,34,1116,-1082
111000261,336,67,269
111000271,38,282,-244
111000273,5893,1077,4816
111000274,840,1323,-483
111000275,58,62,-4
111000276,232,2330,-2098
111000277,93,387,-294
111000278,325,234,91
111000291,335,2140,-1805
111000298,203,194,9
111000299,381,81,300
111000300,45,565,-520
111000302,134,70,64
111000303,41,313,-272
111000312,42,50,-8
111000315,22,248,-226
111000320,230,660,-430
111000321,166,43,123
111000322,135,474,-339
111000323,85,14,71
111000324,290,256,34
111000325,17,45,-28
111000326,73,280,-207
111000327,296,525,-229
111000328,110,351,-241
111000329,2,16,-14
111000330,12,12,0
111000331,45,4,41
111000332,309,1000,-691
111000334,297,1538,-1241
111000335,245,145,100
111000337,392,338,54
111000338,11,119,-108
111000339,107,561,-454
111000340,66,839,-773
111000341,582,264,318
111000342,77,214,-137
111000344,492,650,-158
111000345,206,31,175
111000346,22,83,-61
111000347,19,0,19
111000350,109,114,-5
111000351,55,172,-117
111000352,115,110,5
111000353,47,173,-126
111000354,148,120,28
111000355,83,526,-443
111000358,72,1754,-1682
111000360,68,930,-862
111000361,92,351,-259
111000546,163,609,-446
111000547,131,577,-446
111000548,32,126,-94
111000549,106,363,-257
111000550,72,306,-234
111000551,498,100,398
111000552,394,41,353
111000907,155,6,149
111000908,6,0,6
111000916,490,186,304
111000917,26,312,-286
111000918,80,1123,-1043
111000920,208,4,204
111000921,0,360,-360
111000922,122,260,-138
111000924,26,949,-923
111000925,1039,1317,-278
111000926,711,2421,-1710
111000927,2320,2717,-397
111000928,4952,3257,1695
111000929,589,627,-38
111000930,417,2256,-1839
111000931,1048,1202,-154
111000932,3009,1935,1074
111000933,2480,1311,1169
111000934,1843,2320,-477
111000935,529,770,-241
111000936,578,1914,-1336
111000937,461,822,-361
111000938,1342,2065,-723
111000939,140,53,87
111000940,151,195,-44
111000941,87,606,-519
111000943,98,205,-107
111000944,73,515,-442
111000945,79,2157,-2078
111001109,271,102,169
111001110,200,572,-372
111001111,13,6,7
111001112,84,6,78
111001113,14,78,-64
111001114,1097,74,1023
111001115,141,233,-92
111001116,4521,1649,2872
111001117,603,643,-40
111001120,51,305,-254
111001121,136,314,-178
111001122,197,674,-477
111001123,63,97,-34
111001124,57,373,-316
111001125,0,21,-21
111001126,5,96,-91
111900001,0,97,-97
111900002,5,670,-665
111900003,4,395,-391
111900004,10,135,-125
111900006,0,15,-15
111900007,35,5,30
111900008,47,4,43
111900009,45,83,-38
111900010,222,560,-338
111900012,55,97,-42
111900013,9,70,-61
111900014,7190,1704,5486
111900015,0,46,-46
111900016,2,163,-161
111900017,0,136,-136
111900018,40,1,39
111900019,8,77,-69
111900020,2,37,-35
111900021,28,60,-32
111900022,8,42,-34
111900023,128,46,82
111900024,2,68,-66
111900025,0,38,-38
111900026,1,79,-78
111900027,7,157,-150
111900028,1,371,-370
111900029,0,87,-87
111900030,39,382,-343
111900031,0,25,-25
111900032,2,464,-462
111900033,3,86,-83
111900034,231,647,-416
111900035,6,238,-232
111900036,3,327,-324
111900038,306,572,-266
111900039,18,384,-366
111900040,4,755,-751
111900042,22,75,-53
111900043,2,460,-458
111900044,238,247,-9
111900046,40,170,-130
111900048,102,845,-743
111900049,28,250,-222
111900050,34,10,24
111900051,4,280,-276
111900052,327,627,-300
111900053,1159,295,864
111900054,52,1,51
111900055,21,657,-636
111900056,167,64,103
111900057,27,32,-5
111900058,153,886,-733
111900059,2205,212,1993
111900060,87,1,86
111900061,9,291,-282
111900062,9,24,-15
111900063,101,232,-131
111900064,120,255,-135
111900065,22,11,11
111900066,82,101,-19
111900067,1,342,-341
111900068,12,16,-4
111900069,18,8,10
111900070,64,122,-58
111900071,0,295,-295
111900072,25,3,22
111900073,242,57,185
111900074,11,139,-128
111900075,21,0,21
111900076,26,21,5
111900077,5,0,5
111900078,111,6,105
111900079,26,7,19
111900080,149,122,27
111900082,43,13,30
111900083,28,2,26
111900084,18,2,16
111900085,18,40,-22
111900086,51,4,47
111900087,5,0,5
111900088,227,6,221
111900089,16,3,13
111900090,52,13,39
111900091,93,4,89
111900092,10,0,10
111900093,113,0,113
111900094,26,0,26
111900095,74,5,69
111900096,67,0,67
111900097,13,0,13
111900098,48,2,46
111900099,20,0,20
111900100,14,0,14
111900101,32,12,20
111900102,97,632,-535
111900103,51,32,19
111900104,44,45,-1
111900105,131,83,48
111900106,1206,38,1168
111900110,2995,173,2822
111900111,23,230,-207
111900112,664,817,-153
111900113,232,84,148
111900118,120,30,90
111900119,137,57,80
111900122,41,12,29
111900123,4,7,-3
111900124,12,78,-66
111900125,148,9,139
111900126,92,3,89
111900127,1,644,-643
111900128,3,622,-619
111900129,134,38,96
111900130,85,7,78
111900131,124,0,124
111900132,14,1274,-1260
111900133,0,275,-275
111900134,12,298,-286
111900135,2,6,-4
111900136,54,92,-38
111900137,50,50,0
111900138,9,81,-72
111900139,10,120,-110
111900140,30,6,24
111900141,10,7,3
111900142,28,21,7
111900143,7,201,-194
111900144,5,134,-129
111900145,0,684,-684
111900146,2,372,-370
111900147,144,565,-421
111900148,28,750,-722
111900149,2,419,-417
111900150,11,246,-235
111900151,1,15,-14
111900152,73,47,26
111900153,1310,168,1142
111900154,5,148,-143
111900155,39,16,23
111900156,21,15,6
111900157,32,5,27
111900158,158,12,146
111900159,80,0,80
111900160,96,0,96
111900161,42,18,24
111900162,94,80,14
111900163,23,239,-216
111900164,91,31,60
111901113,104,257,-153
111901114,41,417,-376
111901115,8,0,8
111901116,10,0,10
111901117,10,5,5
111901118,100,46,54
111901119,1259,78,1181
111901121,145,377,-232
111901122,6,595,-589
111901123,48,384,-336
111901124,42,1,41
111901125,82,203,-121
111901127,863,160,703
111901128,7,89,-82
111901129,4,153,-149
111901130,9,276,-267
111901131,0,270,-270
111901132,15,2,13
111901133,30,1,29
111901134,22,0,22
111901135,7,2,5
111901136,6,9,-3
111901137,0,4,-4
111901138,62,41,21
111901139,13,50,-37
111901140,3,148,-145
111901141,4,181,-177
111901142,6,150,-144
111901143,5,98,-93
111901144,18,24,-6
111901145,103,110,-7
111901146,307,14,293
111901147,603,64,539
111901148,1,26,-25
111901149,1,1,0
112000001,933,573,360
112000002,564,2239,-1675
112000003,434,711,-277
112000004,374,1443,-1069
112000005,1380,1189,191
112000006,1095,1833,-738
112000007,1093,992,101
112000008,1414,2393,-979
112000009,3332,3026,306
112000010,1246,1739,-493
112000011,1280,1932,-652
112000012,3637,1573,2064
112000013,4330,2490,1840
112000014,1820,498,1322
112000015,2159,1756,403
112000016,2297,510,1787
112000017,1039,856,183
112000024,1802,501,1301
112000026,3802,4457,-655
112000027,546,302,244
112000028,1431,1558,-127
112000029,219,349,-130
112000030,177,83,94
112000031,953,1957,-1004
112000032,388,41,347
112000033,1351,655,696
112000034,171,31,140
112000035,38,235,-197
112000036,491,367,124
112000037,449,635,-186
112000038,557,628,-71
112000039,23,67,-44
112000040,93,255,-162
112000041,336,456,-120
112000042,794,263,531
112000050,524,933,-409
112000051,433,528,-95
112000054,1180,2122,-942
112000057,420,263,157
112000058,207,331,-124
112000059,477,373,104
112000061,4532,1323,3209
112000062,2363,473,1890
112000063,1664,540,1124
112000064,3955,4735,-780
112000065,1895,2317,-422
112000066,2487,748,1739
112000067,645,513,132
112000068,1538,950,588
112000069,522,1827,-1305
112000070,1044,439,605
112000071,526,2885,-2359
112000072,772,679,93
112000073,1008,1625,-617
112000074,661,648,13
112000075,638,742,-104
112000076,2388,2602,-214
112000077,273,615,-342
112000078,616,621,-5
112000079,685,1133,-448
112000080,283,825,-542
112000081,874,1586,-712
112000082,704,546,158
112000083,395,1374,-979
112000084,719,592,127
112000085,665,1191,-526
112000086,808,1402,-594
112000087,192,474,-282
112000088,205,604,-399
112000089,99,229,-130
112000090,117,334,-217
112000091,552,1184,-632
112000092,913,710,203
112000093,1205,992,213
112000094,254,630,-376
112000095,450,677,-227
112000096,227,555,-328
112000097,435,406,29
112000098,552,1360,-808
112000099,403,581,-178
112000100,608,754,-146
112000101,267,866,-599
112000102,406,477,-71
112000103,163,1072,-909
112000105,442,2145,-1703
112000106,601,342,259
112000107,25,109,-84
112000108,171,1705,-1534
112000109,64,59,5
112000110,768,425,343
112000111,1049,3570,-2521
112000112,1568,435,1133
112000113,796,1872,-1076
112000114,1167,707,460
112000115,127,503,-376
112000116,118,807,-689
112000117,457,627,-170
112000118,658,758,-100
112000119,238,942,-704
112000120,51,324,-273
112000121,45,666,-621
112000122,114,111,3
112000123,213,151,62
112000124,179,63,116
112000125,68,104,-36
112000126,100,752,-652
112000127,1757,799,958
112000128,968,437,531
112000129,66,109,-43
112000130,120,40,80
112000131,12,392,-380
112000132,64,271,-207
112000133,138,306,-168
112000134,266,298,-32
112000135,474,504,-30
112000136,563,1121,-558
112000137,692,1008,-316
112000138,725,1040,-315
112000139,631,181,450
112000140,787,970,-183
112000141,316,191,125
112000142,95,799,-704
112000143,431,145,286
112000144,158,1589,-1431
112000145,1136,512,624
112000146,446,2302,-1856
112000147,1186,1383,-197
112000148,1283,2185,-902
112000149,147,759,-612
112000150,72,604,-532
112000151,304,504,-200
112000152,151,295,-144
112000153,245,224,21
112000154,73,124,-51
112000155,96,73,23
112000157,446,371,75
112000158,127,598,-471
112000159,206,303,-97
112000167,103,20,83
112000169,253,235,18
112000173,239,184,55
112000175,179,328,-149
112000176,4433,1491,2942
112000177,165,87,78
112000178,44,431,-387
112000179,95,142,-47
112000180,132,217,-85
112000181,793,1664,-871
112000182,341,1906,-1565
112000183,47,36,11
112000184,154,475,-321
112000185,134,497,-363
112000187,1828,1646,182
112000195,50,2,48
112000196,62,1,61
112000197,46,70,-24
112000198,24,332,-308
112000199,752,689,63
112000202,140,4,136
112000216,45,133,-88
112000230,23,3,20
112000231,2,256,-254
112000256,22,144,-122
112000313,93,119,-26
112000314,12,6,6
112000337,131,416,-285
112000352,180,150,30
112000392,1518,1073,445
112000398,556,617,-61
112000399,2103,1063,1040
112000400,1239,3607,-2368
112000401,1952,2240,-288
112000402,908,1442,-534
112000403,1438,1169,269
112000404,235,498,-263
112000405,1040,1775,-735
112000406,2670,2803,-133
112000407,2924,4273,-1349
112000408,6898,6177,721
112000409,1235,4303,-3068
112000410,178,60,118
112000411,4628,583,4045
112000412,879,180,699
112000413,8501,1756,6745
112000414,59,98,-39
112000415,42,40,2
112000416,1131,1062,69
112000417,130,50,80
112000421,22,122,-100
112000422,174,517,-343
112000424,2173,1275,898
112000425,274,1275,-1001
112000426,40,188,-148
112000427,0,10,-10
112000428,69,426,-357
112000429,1366,2075,-709
112000430,1331,2215,-884
112000431,48,80,-32
112000432,489,2093,-1604
112000433,398,518,-120
112000437,28,314,-286
112900001,23,0,23
112900002,110,1266,-1156
112900003,15,248,-233
112900004,29,473,-444
112900005,73,211,-138
112900006,5,386,-381
112900007,7,183,-176
112900008,17,9,8
112900009,240,57,183
112900010,80,659,-579
112900011,249,251,-2
112900012,0,32,-32
112900013,0,117,-117
112900014,0,248,-248
112900015,267,776,-509
112900016,1,289,-288
112900017,20,176,-156
112900018,4,410,-406
112900019,34,134,-100
112900020,328,1282,-954
112900021,3,293,-290
112900022,5,68,-63
112900023,2,306,-304
112900024,17,199,-182
112900025,41,218,-177
112900026,6,287,-281
112900027,11,1346,-1335
112900028,9,114,-105
112900029,11,573,-562
112900030,295,164,131
112900031,1,557,-556
112900032,71,208,-137
112900034,0,40,-40
112900035,8,477,-469
112900036,25,84,-59
112900037,133,101,32
112900038,208,66,142
112900039,12,299,-287
112900040,3,250,-247
112900041,873,474,399
112900042,27,413,-386
112900043,13,49,-36
112900044,529,278,251
112900045,457,230,227
112900046,134,49,85
112900047,15,16,-1
112900049,50,80,-30
112900050,50,499,-449
112900051,250,627,-377
112900052,7,1042,-1035
112900053,249,93,156
112900054,158,26,132
112900055,97,16,81
112900056,170,71,99
112900057,1,716,-715
112900058,221,106,115
112900059,54,67,-13
112900060,14,217,-203
112900061,32,123,-91
112900062,35,137,-102
112900063,64,2,62
112900064,133,169,-36
112900065,19,12,7
112900066,72,49,23
112900067,471,152,319
112900068,6,20,-14
112900069,2046,241,1805
112900071,11,7,4
112900072,186,543,-357
112900073,119,28,91
112900074,33,61,-28
112900075,1727,302,1425
112900076,73,5,68
112900078,106,134,-28
112900079,79,15,64
112900080,14,0,14
112900081,42,76,-34
112900082,183,7,176
112900083,35,21,14
112900084,65,43,22
112900086,19,1,18
112900087,240,43,197
112900088,48,1,47
112900089,354,5,349
112900090,7,5,2
112900091,54,0,54
112900092,65,90,-25
112900093,429,7,422
112900095,13,0,13
112900096,134,67,67
112900097,19,372,-353
112900098,27,0,27
112900099,306,4,302
112900100,21,0,21
112900101,88,0,88
112900102,34,2,32
112900103,88,1,87
112900104,39,8,31
112900105,6,0,6
112900106,246,57,189
112900107,6,0,6
112900108,58,0,58
112900109,35,6,29
112900110,330,6,324
112900111,248,1,247
112900112,95,0,95
112900113,0,9,-9
112900114,42,19,23
112900115,307,3,304
112900116,27,43,-16
112900117,83,110,-27
112900118,38,62,-24
112900119,22,20,2
112900120,591,127,464
112900121,156,142,14
112900122,16,132,-116
112900123,54,5,49
112900124,8,106,-98
112900125,21,199,-178
112900126,92,200,-108
112900127,139,15,124
112900128,347,732,-385
112900129,1,721,-720
112900130,97,23,74
112900131,32,243,-211
112900132,46,404,-358
112900133,24,1145,-1121
112900134,1,264,-263
112900135,39,18,21
112900137,2,639,-637
112900138,5,400,-395
112900139,143,999,-856
112900141,226,19,207
112900142,59,40,19
112900143,22,574,-552
112900144,2,302,-300
112900145,45,364,-319
112900146,4,1319,-1315
112900147,5,2364,-2359
112900148,18,0,18
112900149,145,360,-215
112900151,8,23,-15
112900152,3993,758,3235
112900153,1326,752,574
112900154,0,50,-50
112900155,48,13,35
112900156,77,1442,-1365
112900157,105,180,-75
112900158,29,6,23
112900159,90,40,50
112900160,21,210,-189
112900161,43,11,32
112900162,28,9,19
112900163,99,21,78
112900164,16,45,-29
112900165,53,27,26
112900166,14,23,-9
112900167,0,21,-21
112900168,1,9,-8
112900169,6,2,4
112900170,45,111,-66
112900172,54,6,48
112900173,231,56,175
112900174,110,7,103
112900175,109,51,58
112900176,5,6,-1
112900177,99,16,83
112900178,384,755,-371
112900179,20,531,-511
112900180,541,1628,-1087
112900181,146,1,145
112900182,19,1169,-1150
112900183,127,119,8
112900184,245,244,1
112900185,177,237,-60
112900186,1211,441,770
112900187,30,176,-146
112900188,528,216,312
112900189,2,10,-8
112900190,4,22,-18
112900192,251,152,99
112900193,779,180,599
112900194,25,54,-29
112900195,333,25,308
112900196,168,437,-269
112900197,79,328,-249
112900199,202,573,-371
112900200,188,272,-84
112900201,42,66,-24
112900202,122,816,-694
112900203,52,242,-190
112900204,658,229,429
112900205,4,4,0
112900206,12,82,-70
112900207,0,0,0
112900208,30,94,-64
112900209,333,340,-7
112900210,0,10,-10
112900211,25,24,1
112900212,0,50,-50
112900213,7,2,5
112900214,13,1,12
112900215,5,240,-235
112900216,32,61,-29
112900217,0,37,-37
112900218,16,26,-10
112900219,38,37,1
112900220,0,0,0
112900221,6,89,-83
112900222,1,14,-13
112900223,316,5,311
112900224,112,698,-586
112900225,206,563,-357
112900226,141,193,-52
112900227,159,1362,-1203
112900228,25,18,7
112900229,50,44,6
112900230,6332,1937,4395
112900232,104,93,11
112900233,16,138,-122
112900234,8,94,-86
112900235,25,12,13
112900236,78,9,69
112900237,34,377,-343
112900238,3,36,-33
112900239,383,219,164
112900240,3,86,-83
112900241,6,123,-117
112900242,3,152,-149
112900243,3,154,-151
112900244,1,68,-67
112900245,2,51,-49
112900246,0,10,-10
112900247,96,14,82
112900248,22,2,20
112900249,15,8,7
112900250,32,24,8
112900251,17,17,0
112900252,12,25,-13
112900253,10,10,0
112900254,1,5,-4
112900255,0,24,-24
112900256,1,10,-9
112900257,2,11,-9
112900258,3,0,3
113000001,3293,3742,-449
113000002,2720,2955,-235
113000003,1389,1472,-83
113000004,1581,1592,-11
113000005,928,887,41
113000006,778,1037,-259
113000007,971,1094,-123
113000008,1035,1512,-477
113000009,457,712,-255
113000010,587,1327,-740
113000011,558,1366,-808
113000012,583,604,-21
113000013,694,368,326
113000014,1261,1187,74
113000015,466,220,246
113000016,205,222,-17
113000017,8,208,-200
113000018,169,40,129
113000019,14,215,-201
113000020,74,13,61
113000021,683,447,236
113000022,271,1062,-791
113000025,49,189,-140
113000026,149,313,-164
113000027,729,251,478
113000028,684,245,439
113000029,635,584,51
113000030,442,498,-56
113000031,311,243,68
113000032,258,209,49
113000033,286,339,-53
113000034,380,284,96
113000035,20,13,7
113000036,7,40,-33
113000037,43,20,23
113000038,18,34,-16
113000039,43,338,-295
113000040,45,48,-3
113000042,645,462,183
113000051,515,1489,-974
113000052,1866,880,986
113000053,194,484,-290
113000054,134,567,-433
113000055,640,920,-280
113000056,468,1317,-849
113000058,626,871,-245
113000059,972,631,341
113000060,97,681,-584
113000061,448,694,-246
113000062,1040,120,920
113000063,84,166,-82
113000064,15,373,-358
113000065,126,1039,-913
113000066,269,100,169
113000067,877,1009,-132
113000068,332,1823,-1491
113000069,325,1271,-946
113000070,756,701,55
113000071,243,617,-374
113000072,272,343,-71
113000073,400,1359,-959
113000074,676,272,404
113000075,1477,461,1016
113000076,1093,1594,-501
113000077,1163,324,839
113000078,647,1349,-702
113000079,533,488,45
113000080,411,396,15
113000081,523,564,-41
113000082,741,527,214
113000083,355,613,-258
113000084,1141,963,178
113000085,582,513,69
113000086,726,961,-235
113000087,751,600,151
113000088,1585,1058,527
113000089,722,1124,-402
113000090,181,278,-97
113000091,566,208,358
113000094,528,118,410
113000095,147,903,-756
113000096,91,766,-675
113000097,473,242,231
113000098,55,21,34
113000099,640,218,422
113000100,103,332,-229
113000101,334,444,-110
113000102,329,218,111
113000103,2238,488,1750
113000104,258,1880,-1622
113000105,301,406,-105
113000106,225,470,-245
113000107,442,827,-385
113000108,618,1427,-809
113000109,330,2261,-1931
113000110,1107,375,732
113000111,125,443,-318
113000112,244,281,-37
113000113,1499,291,1208
113000114,300,757,-457
113000116,543,232,311
113000117,558,115,443
113000118,104,200,-96
113000119,153,271,-118
113000120,22,159,-137
113000121,305,638,-333
113000124,107,90,17
113000125,31,497,-466
113000127,3105,426,2679
113000128,306,315,-9
113000129,314,975,-661
113000133,3205,787,2418
113000134,1,491,-490
113000135,2372,1864,508
113000137,2051,1278,773
113000139,280,119,161
113000140,105,217,-112
113000141,218,91,127
113000142,504,634,-130
113000143,153,129,24
113000144,249,502,-253
113000145,26,128,-102
113000146,95,41,54
113000147,80,104,-24
113000148,76,124,-48
113000149,57,107,-50
113000150,301,327,-26
113000151,55,38,17
113000152,44,160,-116
113000153,1527,364,1163
113000154,474,863,-389
113000155,198,286,-88
113000156,112,341,-229
113000157,236,598,-362
113000158,404,167,237
113000159,529,399,130
113000160,489,922,-433
113000161,201,522,-321
113000162,331,248,83
113000163,58,48,10
113000164,28,62,-34
113000166,65,55,10
113000167,25,153,-128
113000168,55,195,-140
113000169,88,37,51
113000170,92,70,22
113000171,48,107,-59
113000172,144,55,89
113000173,22,9,13
113000174,118,507,-389
113000175,238,109,129
113000176,381,105,276
113000177,120,399,-279
113000178,222,413,-191
113000179,243,94,149
113000180,411,1183,-772
113000181,684,970,-286
113000182,129,225,-96
113000183,139,454,-315
113000184,11,98,-87
113000189,285,416,-131
113000190,1003,293,710
113000192,2339,1004,1335
113000193,4128,722,3406
113000194,1748,867,881
113000195,2006,302,1704
113000196,54,75,-21
113000197,859,562,297
113000198,19,247,-228
113000199,469,249,220
113000201,426,151,275
113000202,2758,1850,908
113000203,398,122,276
113000204,1705,921,784
113000205,17,22,-5
113000206,8,19,-11
113000207,38,21,17
113000208,17,52,-35
113000209,8,21,-13
113000210,6,16,-10
113000211,241,155,86
113000212,219,33,186
113000213,29,113,-84
113000214,69,202,-133
113000234,117,1202,-1085
113000410,67,122,-55
113000411,2136,3196,-1060
113000412,9178,1599,7579
113000413,3247,1768,1479
113000414,8961,6773,2188
113000415,1983,1742,241
113000416,8607,2607,6000
113000417,2272,1977,295
113000418,2338,1817,521
113000419,1081,1070,11
113000420,3033,2589,444
113000421,2936,3339,-403
113000422,12555,6102,6453
113000423,1879,2620,-741
113000424,3481,5573,-2092
113000425,7,67,-60
113000428,167,35,132
113000430,50,67,-17
113000432,902,110,792
113000433,113,836,-723
113000434,8,365,-357
113000435,10,735,-725
113000436,36,1417,-1381
113000437,282,19,263
113000438,76,14,62
113000439,15,140,-125
113000440,70,17,53
113000441,108,171,-63
113000442,100,324,-224
113000443,57,258,-201
113000444,76,309,-233
113000445,38,110,-72
113000446,20,73,-53
113000448,190,75,115
113000449,196,809,-613
113000450,463,2224,-1761
113000451,1412,114,1298
113000452,357,424,-67
113000453,150,212,-62
113000454,1079,44,1035
113000455,76,89,-13
113000456,2904,1402,1502
113000468,2594,231,2363
113000469,163,53,110
113000470,417,46,371
113000471,15,350,-335
113000472,72,206,-134
113000474,248,577,-329
113000475,1022,1377,-355
113000476,542,1444,-902
113000477,1365,1544,-179
113000478,2854,4883,-2029
113000479,13,220,-207
113000485,1,0,1
113000486,4,0,4
113000487,0,0,0
113000488,1,0,1
113000489,0,0,0
113000490,0,0,0
113000491,0,5,-5
113000492,1,1,0
113000493,0,6,-6
113000495,150,202,-52
113000496,73,72,1
113000497,0,0,0
113000499,0,0,0
113900001,1,107,-106
113900002,0,169,-169
113900003,0,126,-126
113900004,0,31,-31
113900005,0,16,-16
113900006,4,12,-8
113900007,76,16,60
113900008,79,0,79
113900009,329,0,329
113900010,189,2,187
113900011,39,0,39
113900012,2,0,2
113900013,861,5,856
113900014,509,2,507
113900015,0,46,-46
113900016,19,0,19
113900017,0,34,-34
113900018,331,49,282
113900019,49,30,19
113900020,47,1,46
113900022,9,1,8
113900023,4,0,4
113900024,27,78,-51
113900025,232,7,225
113900026,24,0,24
113900027,1,63,-62
113900028,13,327,-314
113900029,22,271,-249
113900030,105,2,103
113900031,0,0,0
113900032,3,0,3
113900033,28,82,-54
113900035,59,0,59
113900036,9,94,-85
113900037,15,497,-482
113900038,82,59,23
113900039,97,2,95
113900040,1,2,-1
113900041,0,2,-2
113900042,38,36,2
113900043,106,67,39
113900044,143,64,79
113900045,33,2,31
113900046,149,621,-472
113900047,12,117,-105
113900048,225,30,195
113900049,735,142,593
113900050,113,309,-196
113900051,96,303,-207
113900052,104,105,-1
113900053,341,149,192
113900054,6,6,0
113900055,103,462,-359
113900056,65,158,-93
113900057,10,85,-75
113900058,20,141,-121
113900059,102,258,-156
113900060,78,197,-119
113900061,734,76,658
113900062,32,19,13
113900063,46,129,-83
113900064,6,131,-125
113900065,363,13,350
113900066,164,380,-216
113900067,29,269,-240
113900068,223,246,-23
113900069,114,18,96
113900070,130,366,-236
113900071,60,62,-2
113900072,25,157,-132
113900073,83,312,-229
113900074,20,409,-389
113900075,709,760,-51
113900076,72,2,70
113900077,16,220,-204
113900078,36,50,-14
113900079,1,48,-47
113900080,263,115,148
113900081,15,133,-118
113900082,87,169,-82
113900083,102,593,-491
113900084,151,86,65
113900085,38,315,-277
113900086,12,13,-1
113900087,34,186,-152
113900088,41,45,-4
113900089,219,28,191
113900090,301,160,141
113900091,10,23,-13
113900092,25,47,-22
113900093,45,411,-366
113900094,151,370,-219
113900095,50,74,-24
113900096,95,41,54
113900097,5,130,-125
113900098,340,37,303
113900099,0,64,-64
113900100,0,3,-3
113900101,10,23,-13
113900102,88,62,26
113900103,144,154,-10
113900104,104,124,-20
113900105,22,322,-300
113900106,0,84,-84
113900107,1,28,-27
113900108,141,126,15
113900109,204,68,136
113900110,26,13,13
113900111,43,105,-62
113900112,41,97,-56
113900113,395,340,55
113900114,0,76,-76
113900115,0,82,-82
113900116,71,81,-10
113900117,63,7,56
113900118,84,198,-114
113900119,222,251,-29
113900120,63,19,44
113900121,23,61,-38
113900122,199,1150,-951
113900123,260,133,127
113900124,2,78,-76
113900125,1043,138,905
113900126,129,39,90
113900127,141,286,-145
113900128,56,44,12
113900129,15,83,-68
113900130,0,13,-13
113900131,64,45,19
113900132,45,34,11
113900133,9,16,-7
113900135,137,406,-269
113900136,55,68,-13
113900137,264,154,110
113900138,28,126,-98
113900139,341,86,255
113900140,319,137,182
113900141,174,350,-176
113900142,31,58,-27
113900143,4,6,-2
113900144,217,81,136
113900145,149,160,-11
113900146,54,48,6
113900148,80,173,-93
113900149,98,30,68
113900150,839,519,320
113900151,137,138,-1
113900152,18,46,-28
113900153,355,439,-84
113900154,3,58,-55
113900155,158,61,97
113900156,186,486,-300
113900157,18,182,-164
113900158,297,109,188
113900159,5,226,-221
113900160,283,510,-227
113900161,21,138,-117
113900162,395,344,51
113900163,176,239,-63
113900164,173,35,138
113900165,369,536,-167
113900166,120,78,42
113900167,142,30,112
113900168,89,79,10
113900169,153,401,-248
113900171,34,44,-10
113900172,2,129,-127
113900173,41,630,-589
113900174,186,559,-373
113900175,192,62,130
113900176,109,543,-434
113900177,187,161,26
113900178,100,92,8
113900179,21,681,-660
113900180,92,108,-16
113900181,327,79,248
113900182,308,826,-518
113900183,31,54,-23
113900184,15,529,-514
113900185,118,64,54
113900186,15,28,-13
113900187,25,90,-65
113900188,36,93,-57
113900189,131,44,87
113900190,251,99,152
113900191,65,127,-62
113900192,1,165,-164
113900193,34,299,-265
113900194,1696,716,980
113900195,295,342,-47
113900196,0,102,-102
113900197,1,289,-288
113900198,9,112,-103
113900199,197,527,-330
113900200,2,216,-214
113900201,4,255,-251
113900202,40,261,-221
113900203,1,233,-232
113900204,39,520,-481
113900205,11,118,-107
113900206,9,112,-103
113900207,2,35,-33
113900208,0,45,-45
113900209,0,95,-95
113900210,347,340,7
113900211,96,18,78
113900212,105,583,-478
113900214,350,226,124
113900215,35,91,-56
113900216,28,1064,-1036
113900217,22,310,-288
113900218,48,23,25
113900219,138,481,-343
113900220,68,53,15
113900221,213,71,142
113900222,253,242,11
113900223,29,846,-817
113900224,92,49,43
113900225,611,177,434
113900226,200,99,101
113900227,175,111,64
113900228,270,260,10
113900229,20,329,-309
113900230,3542,1008,2534
113900231,62,178,-116
113900232,51,65,-14
113900233,24,36,-12
113900234,96,278,-182
113900235,44,56,-12
113900236,19,309,-290
113900237,59,4,55
113900238,135,269,-134
113900239,30,42,-12
113900240,4,68,-64
113900241,75,40,35
113900242,35,107,-72
113900243,95,280,-185
113900244,395,119,276
113900245,959,166,793
113900246,10,6,4
113900247,116,188,-72
113900248,2971,786,2185
113900249,958,144,814
113900250,29,104,-75
113900251,292,178,114
113900252,291,11,280
113900253,417,30,387
113900254,442,63,379
113900255,184,22,162
113900256,266,22,244
113900257,30,801,-771
113900258,8,529,-521
113900259,220,177,43
113900260,89,11,78
113900261,4,124,-120
113900262,94,670,-576
113900263,88,425,-337
113900264,5,522,-517
113900265,81,226,-145
113900266,23,201,-178
113900267,65,438,-373
113900268,140,252,-112
113900269,32,108,-76
113900270,179,274,-95
113900271,421,1067,-646
113900273,7,1,6
113900274,23,7,16
113900275,5,31,-26
113900276,3,234,-231
113900277,43,4,39
113900278,203,141,62
113900279,83,80,3
113900280,666,362,304
113900281,243,661,-418
113900282,596,279,317
113900283,191,286,-95
113900284,504,67,437
113900285,59,21,38
113900286,12,89,-77
113900287,5,34,-29
113900288,2,61,-59
113900289,1067,56,1011
113900290,309,57,252
113900291,92,129,-37
113900292,10,0,10
113900293,10,147,-137
113900294,244,14,230
113900295,223,235,-12
113900296,2248,303,1945
113900297,497,24,473
113900298,8,1192,-1184
113900299,15,237,-222
113900300,5079,1605,3474
113900301,710,266,444
113900302,2093,478,1615
113900303,534,130,404
113900304,1,112,-111
113900305,68,0,68
113900306,4,0,4
113900307,35,0,35
113900308,94,64,30
113900309,3,813,-810
113900310,0,19,-19
113900311,2,1,1
113900312,102,74,28
113900313,28,9,19
114000001,702,2904,-2202
114000002,98,307,-209
114000003,21,216,-195
114000004,171,299,-128
114000005,96,178,-82
114000006,2228,1645,583
114000007,314,1021,-707
114000008,1030,713,317
114000009,253,140,113
114000011,1840,2860,-1020
114000012,1101,2505,-1404
114000013,906,1892,-986
114000014,270,347,-77
114000015,563,459,104
114000016,162,353,-191
114000017,51,137,-86
114000018,413,58,355
114000026,671,1305,-634
114000027,1290,1752,-462
114000028,1208,1786,-578
114000038,54,109,-55
114000039,44,108,-64
114000040,51,142,-91
114000042,64,139,-75
114000043,18,133,-115
114000044,80,74,6
114000045,10,84,-74
114000046,1550,3549,-1999
114000047,3,61,-58
114000048,30,59,-29
114000049,1087,799,288
114000050,1100,865,235
114000051,2460,1093,1367
114000052,1796,795,1001
114000053,31,375,-344
114000054,49,1332,-1283
114000055,140,17,123
114000056,958,384,574
114000057,7380,2027,5353
114000058,438,472,-34
114000059,218,154,64
114000060,292,490,-198
114000061,3170,953,2217
114000062,2682,549,2133
114000063,2762,1291,1471
114000064,7864,2051,5813
114000065,1438,1680,-242
114000066,288,601,-313
114000067,17,287,-270
114000068,312,322,-10
114000069,549,356,193
114000070,1883,1058,825
114000071,328,424,-96
114000072,101,347,-246
114000073,9,100,-91
114000074,4,24,-20
114000075,29,134,-105
114000076,8,155,-147
114000077,5,49,-44
114000078,57,1149,-1092
114000079,31,29,2
114000080,67,78,-11
114000081,27,92,-65
114000082,38,505,-467
114000083,22,253,-231
114000084,72,42,30
114000085,104,708,-604
114000086,93,650,-557
114000087,34,230,-196
114000088,20,59,-39
114000089,1283,419,864
114000090,406,382,24
114000091,1020,291,729
114000092,563,189,374
114000093,541,363,178
114000094,191,298,-107
114000095,58,60,-2
114000096,42,508,-466
114000097,88,880,-792
114000098,162,49,113
114000099,156,819,-663
114000100,495,622,-127
114000101,200,1265,-1065
114000102,140,272,-132
114000103,80,472,-392
114000104,6,245,-239
114000105,28,46,-18
114000106,698,270,428
114000107,76,110,-34
114000108,2066,1002,1064
114000109,217,441,-224
114000110,341,1513,-1172
114000111,603,391,212
114000112,273,1745,-1472
114000113,442,297,145
114000114,872,1375,-503
114000115,1099,503,596
114000116,250,768,-518
114000117,1232,277,955
114000118,1098,296,802
114000119,620,206,414
114000120,351,945,-594
114000121,289,493,-204
114000122,239,187,52
114000123,558,208,350
114000124,340,246,94
114000125,620,1709,-1089
114000126,615,108,507
114000127,65,141,-76
114000128,471,477,-6
114000130,210,299,-89
114000131,55,34,21
114000132,476,486,-10
114000133,710,975,-265
114000134,33,183,-150
114000138,21,155,-134
114000139,244,89,155
114000144,420,305,115
114000145,49,145,-96
114000146,65,260,-195
114000147,543,777,-234
114000148,1796,822,974
114000149,180,119,61
114000150,601,302,299
114000151,548,646,-98
114000152,115,24,91
114000153,743,779,-36
114000154,445,368,77
114000155,793,1214,-421
114000156,515,245,270
114000157,181,667,-486
114000158,2118,468,1650
114000159,172,240,-68
114000160,112,132,-20
114000161,1135,1022,113
114000162,497,694,-197
114000163,6,118,-112
114000165,128,92,36
114000166,424,154,270
114000167,3431,1032,2399
114000168,583,586,-3
114000169,1410,519,891
114000170,814,583,231
114000171,502,1230,-728
114000174,104,422,-318
114000176,441,270,171
114000177,2025,589,1436
114000178,30,70,-40
114000179,945,539,406
114000180,280,429,-149
114000181,981,1674,-693
114000182,4889,2099,2790
114000183,833,917,-84
114000184,6073,1398,4675
114000185,577,603,-26
114000189,241,37,204
114000190,1066,154,912
114000191,12,34,-22
114000192,280,1514,-1234
114000193,952,3401,-2449
114000194,792,1247,-455
114000195,34,4,30
114000196,2,339,-337
114000197,527,71,456
114000198,961,308,653
114000199,1622,914,708
114000200,427,2283,-1856
114000201,123,969,-846
114000202,607,808,-201
114000203,328,967,-639
114000204,91,414,-323
114000205,145,1500,-1355
114000206,271,994,-723
114000207,461,2204,-1743
114000208,355,3199,-2844
114000209,584,3339,-2755
114000210,249,1615,-1366
114000211,768,1229,-461
114000212,384,621,-237
114000213,699,520,179
114000214,44,182,-138
114000215,64,75,-11
114000216,546,200,346
114000217,86,279,-193
114000218,56,274,-218
114000219,508,278,230
114000220,9,1518,-1509
114000221,315,93,222
114000222,155,1099,-944
114000223,268,75,193
114000224,98,729,-631
114000225,109,461,-352
114000226,33,231,-198
114000227,435,318,117
114000228,422,846,-424
114000229,455,1138,-683
114000230,924,1449,-525
114000231,526,1157,-631
114000232,375,94,281
114000233,997,112,885
114000234,730,876,-146
114000235,581,1539,-958
114000236,0,456,-456
114000237,77,1084,-1007
114000238,50,161,-111
114000239,105,1412,-1307
114000240,374,528,-154
114000241,201,1046,-845
114000242,779,886,-107
114000243,795,672,123
114000244,438,271,167
114000245,211,535,-324
114000246,86,33,53
114000247,296,485,-189
114000248,563,479,84
114000249,276,419,-143
114000250,207,518,-311
114000251,125,349,-224
114000252,45,74,-29
114000253,24,211,-187
114000254,9,78,-69
114000255,306,86,220
114000256,2289,624,1665
114000257,379,1674,-1295
114000258,99,434,-335
114000259,23,190,-167
114000260,1,31,-30
114000261,11,5,6
114000262,18,152,-134
114000263,7,2,5
114000264,273,491,-218
114000265,0,0,0
114000267,3,1062,-1059
114000268,1,2211,-2210
114000270,119,4,115
114000271,293,81,212
114000283,313,405,-92
114000285,42,305,-263
114000288,57,385,-328
114000289,623,181,442
114000293,37,305,-268
114000294,127,238,-111
114000395,782,40,742
114000396,174,253,-79
114000402,257,343,-86
114000403,104,482,-378
114000405,53,529,-476
114000423,85,457,-372
114000424,63,161,-98
114000425,226,454,-228
114000426,197,467,-270
114000427,23,53,-30
114000428,234,68,166
114000429,17,172,-155
114000432,73,161,-88
114000434,15,79,-64
114000435,0,117,-117
114900001,241,1496,-1255
114900002,231,53,178
114900003,210,1864,-1654
114900004,87,141,-54
114900005,195,888,-693
114900006,22,33,-11
114900007,60,4,56
114900008,43,43,0
114900010,2295,1099,1196
114900011,48,67,-19
114900013,69,53,16
114900015,24,190,-166
114900018,526,32,494
114900020,60,33,27
114900022,48,625,-577
114900024,101,130,-29
114900025,163,198,-35
114900026,35,58,-23
114900027,79,190,-111
114900029,45,25,20
114900030,106,182,-76
114900031,119,19,100
114900032,114,25,89
114900033,950,169,781
114900034,36,199,-163
114900035,87,170,-83
114900036,163,887,-724
114900037,63,221,-158
114900038,85,888,-803
114900039,247,691,-444
114900040,38,212,-174
114900041,220,676,-456
114900042,366,917,-551
114900043,744,254,490
114900044,45,16,29
114900046,16,153,-137
114900047,173,929,-756
114900048,53,287,-234
114900049,21,281,-260
114900050,15,556,-541
114900051,9,485,-476
114900052,57,169,-112
114900053,26,181,-155
114900054,33,130,-97
114900057,127,5,122
114900058,0,80,-80
114900059,29,16,13
114900060,1127,338,789
114900061,103,199,-96
114900062,215,221,-6
114900063,45,206,-161
114900064,548,695,-147
114900065,143,515,-372
114900067,11,320,-309
114900068,47,225,-178
114900069,219,97,122
114900070,196,605,-409
114900072,9,248,-239
114900073,2,151,-149
114900074,163,928,-765
114900075,63,3,60
114900076,6,258,-252
114900080,2785,328,2457
114900082,3051,1035,2016
114900083,691,663,28
114900090,92,89,3
114900091,116,161,-45
114900095,297,92,205
114900096,429,422,7
114900097,39,1,38
114900098,3,181,-178
114900099,53,4,49
115000001,7697,5562,2135
115000002,2270,2369,-99
115000003,3160,3952,-792
115000004,1856,3033,-1177
115000005,787,2835,-2048
115000006,392,1006,-614
115000007,84,142,-58
115000008,272,401,-129
115000009,111,287,-176
115000010,152,115,37
115000013,73,114,-41
115000015,86,153,-67
115000016,46,188,-142
115000019,21,290,-269
115000020,118,295,-177
115000021,255,349,-94
115000022,297,228,69
115000023,221,355,-134
115000024,924,386,538
115000025,505,339,166
115000026,116,334,-218
115000027,123,164,-41
115000028,109,598,-489
115000029,278,107,171
115000030,247,732,-485
115000031,682,125,557
115000032,2,272,-270
115000033,123,11,112
115000034,107,836,-729
115000035,506,53,453
115000036,0,280,-280
115000037,194,1,193
115000038,42,136,-94
115000039,2683,1434,1249
115000040,5573,3232,2341
115000041,743,1961,-1218
115000042,338,554,-216
115000043,2036,2387,-351
115000044,2216,4109,-1893
115000045,1307,2369,-1062
115000046,1026,2144,-1118
115000047,1184,1798,-614
115000048,1084,2591,-1507
115000049,1174,2298,-1124
115000050,2131,1578,553
115000051,1732,1439,293
115000052,2956,1596,1360
115000053,1185,1181,4
115000054,680,1200,-520
115000055,117,305,-188
115000056,175,252,-77
115000057,228,428,-200
115000058,102,100,2
115000059,181,188,-7
115000061,103,67,36
115000062,82,257,-175
115000063,122,261,-139
115000064,109,107,2
115000065,20,219,-199
115000067,225,22,203
115000069,27,194,-167
115000070,25,530,-505
115000071,60,5,55
115000072,17,51,-34
115000073,968,44,924
115000075,38,39,-1
115000076,2648,2940,-292
115000077,909,3270,-2361
115000078,463,1616,-1153
115000079,647,2010,-1363
115000080,1156,2469,-1313
115000081,350,741,-391
115000082,1986,2528,-542
115000083,1252,3133,-1881
115000084,768,910,-142
115000085,313,947,-634
115000086,433,917,-484
115000087,437,1266,-829
115000088,1370,491,879
115000089,1272,1346,-74
115000090,651,563,88
115000091,216,1110,-894
115000092,194,320,-126
115000093,351,3,348
115000094,7487,3742,3745
115000095,5720,3507,2213
115000096,368,2060,-1692
115000097,515,719,-204
115000098,467,739,-272
115000099,1286,3275,-1989
115000100,469,381,88
115000101,267,1356,-1089
115000102,287,151,136
115000103,286,787,-501
115000105,24,175,-151
115000106,222,211,11
115000107,82,537,-455
115000108,3477,2388,1089
115000109,4840,2089,2751
115000110,855,588,267
115000111,471,1213,-742
115000112,304,340,-36
115000113,392,592,-200
115000114,1232,618,614
115000116,2397,917,1480
115000117,3057,1325,1732
115000118,1258,1022,236
115000119,1142,1148,-6
115000120,362,580,-218
115000121,1244,496,748
115000122,3325,728,2597
115000123,1485,963,522
115000124,568,628,-60
115000125,266,395,-129
115000126,101,211,-110
115000127,200,88,112
115000128,832,584,248
115000129,183,134,49
115000130,180,951,-771
115000131,311,188,123
115000132,64,522,-458
115000133,150,306,-156
115000134,60,209,-149
115000135,59,248,-189
115000136,54,165,-111
115000137,41,171,-130
115000138,139,161,-22
115000139,114,225,-111
115000140,120,177,-57
115000141,97,293,-196
115000142,58,286,-228
115000143,266,409,-143
115000144,315,115,200
115000145,134,433,-299
115000146,156,173,-17
115000147,287,597,-310
115000148,232,1309,-1077
115000149,282,160,122
115000150,451,1124,-673
115000151,380,331,49
115000152,426,1482,-1056
115000153,424,295,129
115000154,307,223,84
115000155,405,1126,-721
115000156,744,432,312
115000157,696,868,-172
115000158,447,276,171
115000159,621,264,357
115000160,393,198,195
115000161,145,476,-331
115000162,541,370,171
115000163,513,649,-136
115000164,493,472,21
115000165,263,306,-43
115000167,80,52,28
115000168,398,208,190
115000169,461,212,249
115000170,104,110,-6
115000171,168,116,52
115000172,1607,406,1201
115000173,181,162,19
115000174,42,166,-124
115000175,72,53,19
115000176,44,37,7
115000177,49,31,18
115000178,10,246,-236
115000179,14,5,9
115000180,35,561,-526
115000181,221,108,113
115000182,277,318,-41
115000183,169,1059,-890
115000186,395,201,194
115000187,130,542,-412
115000188,314,316,-2
115000189,188,450,-262
115000190,573,366,207
115000191,175,320,-145
115000194,140,72,68
115000195,183,128,55
115000196,39,75,-36
115000197,99,406,-307
115000198,143,150,-7
115000199,93,320,-227
115000200,137,95,42
115000201,106,351,-245
115000206,116,52,64
115000207,25,271,-246
115000208,422,528,-106
115000209,269,105,164
115000210,75,84,-9
115000211,116,110,6
115000212,1301,260,1041
115000224,105,31,74
115000225,61,32,29
115000229,296,127,169
115000230,58,342,-284
115000231,249,2615,-2366
115000232,708,392,316
115000233,52,189,-137
115000234,16,255,-239
115000241,21,200,-179
115000242,54,280,-226
115000243,29,229,-200
115000244,6,72,-66
115000246,16,9,7
115000247,2,6,-4
115000248,17,5,12
115000249,47,10,37
115000250,236,42,194
115000251,101,85,16
115000252,31,113,-82
115000253,4,169,-165
115000258,105,190,-85
115000259,239,103,136
115000261,12,32,-20
115000262,5,40,-35
115000263,7,38,-31
115000264,9,41,-32
115000267,22,61,-39
115000268,18,88,-70
115000269,74,39,35
115000270,2,18,-16
115000272,31,115,-84
115000273,167,13,154
115000280,1851,55,1796
115000281,380,136,244
115000282,634,338,296
115000284,199,52,147
115000296,528,5,523
115000297,80,96,-16
115000298,18,133,-115
115000300,54,187,-133
115000302,185,193,-8
115000303,260,118,142
115000304,284,79,205
115000305,46,1143,-1097
115000306,76,530,-454
115000307,26,321,-295
115000308,36,9,27
115000309,7,18,-11
115000310,430,1119,-689
115000311,382,1168,-786
115000313,113,692,-579
115000314,154,62,92
115000315,1045,335,710
115000316,18,69,-51
115000317,117,521,-404
115000318,426,168,258
115000319,42,278,-236
115000320,2,115,-113
115000321,361,6,355
115000322,41,223,-182
115000449,155,115,40
115000557,0,471,-471
115000558,127,45,82
115000587,214,227,-13
115000588,1767,3699,-1932
115000589,2056,2250,-194
115000590,434,1434,-1000
115000591,549,537,12
115000592,431,1372,-941
115000593,768,425,343
115000594,667,1392,-725
115000609,66,166,-100
115000617,1794,1018,776
115000624,130,59,71
115000633,251,1309,-1058
115000634,1894,500,1394
115000635,191,86,105
115000638,1207,535,672
115000641,62,74,-12
115000642,366,173,193
115000643,73,376,-303
115000644,63,342,-279
115000646,474,824,-350
115000647,85,301,-216
115000648,805,1322,-517
115000893,2821,859,1962
115000894,55,943,-888
115000895,329,669,-340
115000896,959,261,698
115000897,362,46,316
115000898,516,193,323
115000899,828,975,-147
115000900,95,357,-262
115000901,69,65,4
115000912,166,49,117
115000913,3,33,-30
115000915,22,0,22
115000916,3,3,0
115000917,0,3,-3
115000918,40,160,-120
115000919,17,3,14
115000920,21,36,-15
115000921,1108,62,1046
115000922,1088,382,706
115000923,380,806,-426
115000925,34,44,-10
115000927,13,20,-7
115000933,322,112,210
115000934,104,187,-83
115000935,67,98,-31
115000936,35,160,-125
115000937,935,105,830
115000938,124,112,12
115000939,150,100,50
115000940,3,8,-5
115000941,5,8,-3
115000942,27,44,-17
115000943,69,17,52
115000944,2,7,-5
115900001,23,76,-53
115900002,47,169,-122
115900003,104,89,15
115900004,0,49,-49
115900005,68,3,65
115900006,40,425,-385
115900008,13,14,-1
115900009,38,325,-287
115900010,83,160,-77
115900011,139,267,-128
115900012,35,93,-58
115900013,252,146,106
115900014,100,146,-46
115900015,22,124,-102
115900016,21,22,-1
115900017,2,1,1
115900018,169,79,90
115900019,337,18,319
115900020,27,0,27
115900021,1475,96,1379
115900022,2268,10,2258
115900023,21,5,16
115900025,34,139,-105
115900026,672,341,331
115900027,1,354,-353
115900028,505,44,461
115900029,4,462,-458
115900030,17,10,7
115900031,272,115,157
115900032,176,739,-563
115900033,1,20,-19
115900034,6,493,-487
115900035,12,100,-88
115900036,170,265,-95
115900037,32,426,-394
115900038,8,5,3
115900039,83,294,-211
115900041,246,281,-35
115900042,3,1,2
115900043,50,113,-63
115900044,203,200,3
115900046,145,261,-116
115900047,57,47,10
115900049,65,186,-121
115900051,0,33,-33
115900052,16,299,-283
115900053,85,241,-156
115900054,66,34,32
115900055,7,156,-149
115900056,60,370,-310
115900057,8,1,7
115900058,21,78,-57
115900060,23,139,-116
115900061,54,1,53
115900062,11,311,-300
115900063,46,13,33
115900064,109,209,-100
115900065,44,115,-71
115900066,143,136,7
115900067,2,886,-884
115900068,3470,142,3328
115900069,26,173,-147
115900070,74,235,-161
115900071,1,634,-633
115900072,81,188,-107
115900073,28,39,-11
115900074,4,324,-320
115900075,13,268,-255
115900076,2,98,-96
115900077,2,255,-253
115900078,14,108,-94
115900079,74,6,68
115900080,515,199,316
115900081,4,77,-73
115900082,146,96,50
115900084,130,15,115
115900085,36,39,-3
115900086,1489,345,1144
115900088,27,33,-6
115900089,132,698,-566
115900090,115,35,80
115900091,3,13,-10
115900092,17,216,-199
115900093,2,19,-17
115900094,1,416,-415
115900096,0,4,-4
115900097,11,523,-512
115900098,62,459,-397
115900099,3,93,-90
115900100,4,539,-535
115900101,95,436,-341
115900102,11,65,-54
115900103,175,236,-61
115900104,36,176,-140
115900105,46,647,-601
115900106,16,17,-1
115900107,8,201,-193
115900108,39,36,3
115900109,21,364,-343
115900110,0,26,-26
115900111,0,71,-71
115900112,20,827,-807
115900113,7,16,-9
115900114,1,187,-186
115900115,30,131,-101
115900116,51,973,-922
115900117,33,14,19
115900118,4,411,-407
115900119,56,48,8
115900120,47,334,-287
115900121,64,209,-145
115900124,135,229,-94
115900125,113,10,103
115900126,241,30,211
115900127,270,32,238
115900128,8,45,-37
115900129,398,21,377
115900130,29,149,-120
115900131,69,14,55
115900132,142,6,136
115900134,122,6,116
115900135,433,490,-57
115900137,3,4,-1
115900139,38,58,-20
115900140,93,11,82
115900141,8,45,-37
115900142,6,12,-6
115900143,87,221,-134
115900144,44,169,-125
115900146,4,140,-136
115900147,130,180,-50
115900148,19,1,18
115900149,30,25,5
115900150,13,71,-58
115900151,14,42,-28
115900152,36,355,-319
115900153,40,212,-172
115900154,576,243,333
115900155,0,93,-93
115900156,332,609,-277
115900157,41,387,-346
115900158,32,7,25
115900159,27,210,-183
115900160,17,2,15
115900161,17,182,-165
115900163,83,130,-47
115900164,147,9,138
115900166,134,218,-84
115900168,35,103,-68
115900171,72,334,-262
115900172,28,142,-114
115900173,103,117,-14
115900174,201,173,28
115900175,42,141,-99
115900178,5,701,-696
115900179,107,12,95
115900180,34,331,-297
115900181,90,276,-186
115900182,166,346,-180
115900183,52,33,19
115900184,1520,18,1502
115900187,7,68,-61
115900189,0,58,-58
115900190,180,503,-323
115900191,61,420,-359
115900192,2,48,-46
115900193,50,27,23
115900194,198,20,178
115900195,443,734,-291
115900198,114,173,-59
115900199,103,212,-109
115900200,240,245,-5
115900201,308,181,127
115900202,0,4,-4
115900203,1,14,-13
115900204,3,4,-1
115900205,7,8,-1
115900206,52,115,-63
115900207,18,21,-3
115900208,43,311,-268
115900209,3,160,-157
115900210,2,131,-129
115900211,1,192,-191
115900212,59,199,-140
115900213,10,31,-21
115900214,152,236,-84
115900215,7,27,-20
115900216,2,84,-82
115900217,0,65,-65
115900218,1,51,-50
115900219,45,5,40
115900220,62,8,54
115900221,33,9,24
115900222,25,5,20
115900223,3,81,-78
115900224,1361,289,1072
115900225,71,23,48
115900226,3,28,-25
115900227,4,27,-23
115900228,6,39,-33
115900229,5,53,-48
115900230,36,74,-38
115900231,55,1,54
115900232,18,1,17
115900233,31,7,24
115900234,27,24,3
115900235,0,17,-17
115900236,5,12,-7
115900237,7,14,-7
115900238,2,15,-13
115900239,4,25,-21
115900240,2,57,-55
115900241,85,63,22
115900242,193,160,33
115900243,3,9,-6
115900244,3,7,-4
115900245,25,23,2
115900246,1,0,1
115900247,6,3,3
115900248,10,0,10
115900249,1,5,-4
115900250,0,5,-5
115900251,0,5,-5
115900252,0,0,0
115900253,3,10,-7
115900254,2,12,-10
115900255,3,11,-8
115900256,20,1,19
115900257,4,5,-1
115900258,0,0,0
115900259,0,2,-2
115900260,19,2,17
115900261,3,0,3
115900262,1,1,0
115900263,2,4,-2
115900264,9,5,4
115900265,0,6,-6
115900266,4,6,-2
115900267,5,10,-5
115900268,4,5,-1
115900269,130,325,-195
115900270,118,695,-577
115900271,37,0,37
115900272,13,0,13
115900273,3,6,-3
115900274,0,7,-7
115900275,0,22,-22
115900276,0,54,-54
115900277,0,157,-157
115900278,4,100,-96
115900279,11,125,-114
115900280,17,122,-105
115900281,496,111,385
115900282,12,1,11
115900283,1,3,-2
115900284,5,13,-8
116000001,16021,4267,11754
116000002,3020,3904,-884
116000003,1135,1515,-380
116000004,1245,1404,-159
116000005,2173,2897,-724
116000006,1274,897,377
116000007,2358,3865,-1507
116000008,1719,1442,277
116000009,1485,2534,-1049
116000010,1202,805,397
116000011,632,1627,-995
116000012,609,446,163
116000013,14022,3544,10478
116000014,16976,5909,11067
116000015,315,449,-134
116000016,6987,1364,5623
116000017,24,378,-354
116000018,621,324,297
116000019,258,217,41
116000020,265,988,-723
116000021,185,216,-31
116000022,177,501,-324
116000023,413,406,7
116000024,488,1330,-842
116000025,524,436,88
116000026,1218,1963,-745
116000027,277,383,-106
116000028,232,362,-130
116000029,579,409,170
116000030,241,233,8
116000031,102,152,-50
116000032,279,164,115
116000033,185,421,-236
116000034,322,673,-351
116000035,229,347,-118
116000036,1512,385,1127
116000037,532,353,179
116000038,377,184,193
116000039,564,151,413
116000040,729,143,586
116000041,276,304,-28
116000042,260,144,116
116000043,44,372,-328
116000044,11,117,-106
116000045,1032,703,329
116000046,744,655,89
116000047,1519,1291,228
116000048,1322,1118,204
116000049,656,1388,-732
116000050,974,924,50
116000051,2119,1059,1060
116000052,2551,2436,115
116000053,933,728,205
116000054,424,1472,-1048
116000055,266,1033,-767
116000056,457,740,-283
116000057,1635,1602,33
116000058,1757,1306,451
116000059,1576,3011,-1435
116000060,2345,616,1729
116000061,378,550,-172
116000062,539,213,326
116000063,357,834,-477
116000066,106,316,-210
116000067,218,500,-282
116000068,145,184,-39
116000069,183,353,-170
116000078,221,824,-603
116000080,837,855,-18
116000082,3,114,-111
116000083,722,257,465
116000084,1728,3485,-1757
116000085,1355,730,625
116000086,2143,1326,817
116000087,823,780,43
116000088,563,978,-415
116000089,86,86,0
116000090,82,128,-46
116000091,83,73,10
116000093,274,555,-281
116000094,238,534,-296
116000095,359,544,-185
116000096,376,855,-479
116000097,314,587,-273
116000098,345,2230,-1885
116000099,7966,283,7683
116000100,62,10,52
116000101,253,1630,-1377
116000102,141,1223,-1082
116000103,271,216,55
116000104,101,1620,-1519
116000105,412,154,258
116000106,155,1131,-976
116000107,588,361,227
116000108,12,165,-153
116000111,44,12,32
116000113,53,37,16
116000114,19,90,-71
116000115,93,46,47
116000116,117,420,-303
116000117,784,1955,-1171
116000118,809,1401,-592
116000119,1503,1521,-18
116000120,1951,4042,-2091
116000121,399,270,129
116000122,983,2210,-1227
116000123,298,369,-71
116000124,187,1004,-817
116000125,1245,449,796
116000126,168,1373,-1205
116000127,877,1505,-628
116000128,768,626,142
116000129,563,151,412
116000130,170,206,-36
116000133,281,761,-480
116000134,1002,2643,-1641
116000135,753,1025,-272
116000136,621,2324,-1703
116000137,455,438,17
116000138,796,286,510
116000139,1201,1883,-682
116000140,82,187,-105
116000141,283,912,-629
116000142,3472,3804,-332
116000143,1462,1098,364
116000144,926,2999,-2073
116000145,1041,1267,-226
116000146,185,397,-212
116000147,222,101,121
116000148,233,379,-146
116000149,248,394,-146
116000151,410,1057,-647
116000153,45,406,-361
116000155,186,207,-21
116000156,257,980,-723
116000157,25,14,11
116000158,218,198,20
116000159,8,7,1
116000160,4,96,-92
116000161,6,122,-116
116000162,24,33,-9
116000163,7,10,-3
116000164,4,11,-7
116000177,24,81,-57
116000194,36,266,-230
116000195,1168,501,667
116000196,1,1,0
116000197,3,10,-7
116000198,2160,717,1443
116000200,563,135,428
116000201,409,485,-76
116000202,4,291,-287
116000203,2,91,-89
116000204,6,50,-44
116000205,0,142,-142
116000206,2,82,-80
116000207,1,24,-23
116000233,87,707,-620
116000287,40,564,-524
116000288,70,222,-152
116000292,26,116,-90
116000296,13,209,-196
116000297,33,18,15
116000304,18,54,-36
116000305,19,78,-59
116000346,70,145,-75
116000352,66,21,45
116000354,29,5,24
116000357,4,1,3
116000358,106,34,72
116000361,480,2,478
116000372,7750,1797,5953
116000381,50,0,50
116000388,1,26,-25
116000389,363,454,-91
116000445,114,842,-728
116000446,202,967,-765
116000447,5,399,-394
116000448,458,220,238
116000563,516,479,37
116000565,50,405,-355
116000568,44,139,-95
116000579,21,122,-101
116000583,5,11,-6
116000584,4,8,-4
116000585,10,7,3
116000586,161,55,106
116000587,185,352,-167
116000589,28,59,-31
116000590,48,32,16
116000591,59,296,-237
116000592,9,112,-103
116000593,0,58,-58
116000594,184,483,-299
116000595,347,143,204
116000596,33,3,30
116000597,131,52,79
116000598,10,162,-152
116000605,202,118,84
116000606,19,156,-137
116000607,2,50,-48
116000609,133,524,-391
116000611,56,472,-416
116000612,523,1578,-1055
116000613,252,249,3
116000614,337,805,-468
116000615,0,83,-83
116000616,23,121,-98
116000617,24,88,-64
116000618,1,150,-149
116000619,6,30,-24
116000620,21,23,-2
116000621,17,73,-56
116000622,12,88,-76
116000624,27,38,-11
116000627,37,80,-43
116000628,27,1327,-1300
116000629,13,588,-575
116000630,168,82,86
116000631,135,62,73
116000632,273,180,93
116000633,72,394,-322
116000634,103,345,-242
116000635,2765,1088,1677
116000636,1543,770,773
116000637,172,102,70
116000638,35,540,-505
116000640,5,13,-8
116000641,77,159,-82
116000644,14,1298,-1284
116900001,143,91,52
116900002,255,1,254
116900003,23,60,-37
116900004,12,25,-13
116900005,167,53,114
116900006,136,85,51
116900007,60,154,-94
116900008,216,494,-278
116900009,14,7,7
116900010,2,1653,-1651
116900011,2,30,-28
116900012,61,165,-104
116900013,10,142,-132
116900014,57,408,-351
116900015,112,72,40
116900016,63,0,63
116900017,3,709,-706
116900018,28,39,-11
116900019,3,331,-328
116900020,1504,285,1219
116900023,23,7,16
116900024,219,83,136
116900025,318,1041,-723
116900026,147,666,-519
116900027,3,45,-42
116900028,1,112,-111
116900029,0,11,-11
116900031,1,10,-9
116900032,10,350,-340
116900033,3,9,-6
116900034,6,85,-79
116900035,60,161,-101
116900036,1,104,-103
116900038,10,3,7
116900041,24,16,8
116900042,935,186,749
116900043,2,41,-39
116900047,77,48,29
116900049,24,329,-305
116900050,62,368,-306
116900051,14,293,-279
116900052,113,105,8
116900055,0,3,-3
116900057,17,286,-269
116900058,16,321,-305
116900059,0,202,-202
116900060,139,179,-40
116900062,2,2,0
116900064,44,941,-897
116900065,6,75,-69
116900067,58,111,-53
116900068,70,367,-297
116900070,0,1,-1
116900072,11,450,-439
116900073,4,165,-161
116900074,3,40,-37
116900076,13,31,-18
116900077,52,285,-233
116900078,195,121,74
116900079,17,390,-373
116900080,5,7,-2
116900081,264,1255,-991
116900082,143,613,-470
116900083,45,67,-22
116900084,140,46,94
116900085,24,130,-106
116900086,12,238,-226
116900088,320,45,275
116900090,108,43,65
116900091,75,58,17
116900092,45,740,-695
116900093,1281,1568,-287
116900094,5123,1854,3269
116900095,253,175,78
116900096,42,86,-44
116900097,3537,1343,2194
116900098,688,142,546
116900099,451,277,174
116900100,347,7,340
116900101,225,553,-328
116900103,3,0,3
116900104,33,56,-23
116900105,181,25,156
116900106,592,357,235
116900107,3712,1014,2698
116900110,7,0,7
116900111,128,1178,-1050
116900112,151,1048,-897
116900113,3089,832,2257
116900116,118,195,-77
116900117,6,59,-53
116900118,874,491,383
116900120,68,100,-32
116900121,23,31,-8
116900122,193,937,-744
116900123,65,856,-791
116900124,109,768,-659
116900125,108,208,-100
116900126,216,402,-186
116900128,3,40,-37
116900129,0,235,-235
116900130,844,1371,-527
116900131,25,106,-81
116900132,29,51,-22
116900133,49,75,-26
116900134,104,197,-93
116900136,62,147,-85
116900137,202,182,20
116900138,101,206,-105
116900139,65,334,-269
116900140,80,123,-43
116900141,286,272,14
116900142,5,30,-25
116900143,121,389,-268
116900144,10,31,-21
116900145,56,308,-252
116900147,490,213,277
116900148,6,28,-22
116900149,15,92,-77
116900150,6,6,0
116900151,47,10,37
116900153,40,41,-1
116900154,465,139,326
116900155,32,51,-19
116900157,151,241,-90
116900158,133,77,56
116900159,20,132,-112
116900160,503,120,383
116900161,7476,2595,4881
116900162,10,140,-130
116900163,53,145,-92
116900164,47,15,32
116900165,117,45,72
116900166,5,104,-99
116900167,165,46,119
116900168,108,62,46
116900169,595,152,443
116900170,115,207,-92
116900171,10,176,-166
116900172,190,52,138
116900173,50,41,9
116900174,18,16,2
116900175,143,41,102
116900178,21,145,-124
116900179,46,78,-32
116900180,55,28,27
116900182,217,102,115
116900183,65,78,-13
116900185,2,15,-13
116900186,67,314,-247
116900187,18,15,3
116900188,65,10,55
116900189,15,2,13
116900191,263,227,36
116900192,154,171,-17
116900194,93,470,-377
116900195,17,7,10
116900196,18,101,-83
116900197,29,4,25
116900198,220,125,95
116900200,21,38,-17
116900201,19,3,16
116900202,85,48,37
116900203,39,2,37
116900204,29,55,-26
116900206,5,21,-16
116900207,36,19,17
116900208,6,121,-115
116900209,8,123,-115
116900210,189,154,35
116900211,119,7,112
116900212,11,69,-58
116900213,221,181,40
116900214,60,95,-35
116900215,24,86,-62
116900216,129,350,-221
116900218,5,295,-290
116900219,617,235,382
116900220,39,110,-71
116900221,31,172,-141
116900222,216,173,43
116900223,65,119,-54
116900226,40,43,-3
116900227,71,56,15
116900228,147,230,-83
116900230,54,394,-340
116900231,7,480,-473
116900232,4,572,-568
116900233,91,70,21
116900234,22,7,15
116900235,88,283,-195
116900238,1129,288,841
116900239,45,664,-619
116900240,5316,1960,3356
116900241,22,115,-93
116900242,1662,223,1439
116900243,0,40,-40
116900245,20,1,19
116900246,24,16,8
116900247,148,11,137
116900248,47,12,35
116900249,97,78,19
116900250,126,24,102
116900251,362,126,236
116900252,44,1044,-1000
116900253,36,75,-39
116900254,6,81,-75
116900255,51,19,32
116900256,126,53,73
116900257,3,635,-632
116900258,0,374,-374
116900259,45,14,31
116900260,0,145,-145
116900261,10,0,10
116900262,44,96,-52
116900263,0,6,-6
116900264,31,28,3
116900265,9,0,9
116900266,8,52,-44
116900267,2,0,2
116900268,8,2,6
116900269,200,408,-208
116900271,1636,76,1560
116900272,426,497,-71
116900273,244,36,208
116900274,36,64,-28
116900275,81,85,-4
116900276,662,24,638
116900277,525,11,514
116900278,3,4,-1
116900279,0,27,-27
116900280,3,16,-13
116900281,6738,1629,5109
116900282,4,135,-131
116900283,7,118,-111
116900284,30,207,-177
116900285,374,227,147
116900286,184,7,177
116900287,0,55,-55
116900288,15,130,-115
116900289,8,39,-31
116900290,1,51,-50
116900291,5,22,-17
116900292,0,5,-5
116900293,19,96,-77
116900294,33,80,-47
116900295,159,31,128
116900296,44,84,-40
116900297,1,47,-46
116900298,109,33,76
116900299,46,30,16
116900300,0,71,-71
116900301,73,68,5
116900302,61,30,31
116900303,506,26,480
116900304,0,104,-104
116900305,10,55,-45
116900306,56,215,-159
116900307,18,1,17
116900308,3,226,-223
116900309,25,188,-163
117000001,911,887,24
117000002,1306,3420,-2114
117000003,5110,1936,3174
117000004,3439,4804,-1365
117000005,1051,1147,-96
117000006,862,3797,-2935
117000007,1909,922,987
117000008,1017,4358,-3341
117000009,3295,1234,2061
117000010,2368,4132,-1764
117000011,905,1484,-579
117000012,842,1636,-794
117000013,770,1055,-285
117000014,694,2372,-1678
117000015,2288,962,1326
117000016,464,64,400
117000017,452,153,299
117000018,167,277,-110
117000019,192,9,183
117000020,765,776,-11
117000021,3373,526,2847
117000022,528,39,489
117000023,755,114,641
117000024,510,81,429
117000025,994,600,394
117000026,2831,628,2203
117000027,3184,945,2239
117000028,4043,451,3592
117000030,877,518,359
117000031,301,182,119
117000032,1633,1294,339
117000033,945,652,293
117000034,300,311,-11
117000035,251,180,71
117000036,317,303,14
117000037,195,158,37
117000038,261,476,-215
117000039,303,233,70
117000040,96,1268,-1172
117000041,338,131,207
117000044,17,1367,-1350
117000045,276,44,232
117000046,446,923,-477
117000047,460,366,94
117000048,1813,1471,342
117000049,124,295,-171
117000050,83,2722,-2639
117000051,1207,132,1075
117000052,7,675,-668
117000053,108,58,50
117000054,935,5,930
117000055,8,3496,-3488
117000056,357,7,350
117000057,569,2032,-1463
117000060,305,1497,-1192
117000061,1095,641,454
117000062,120,518,-398
117000063,1033,491,542
117000064,617,784,-167
117000066,904,631,273
117000067,122,254,-132
117000074,130,151,-21
117000076,57,38,19
117000077,62,88,-26
117000078,90,538,-448
117000079,152,127,25
117000080,0,394,-394
117000081,594,105,489
117000082,13,61,-48
117000083,98,6,92
117000084,268,4,264
117000085,119,413,-294
117000086,975,606,369
117000087,88,524,-436
117000088,155,151,4
117000089,956,314,642
117000090,192,1463,-1271
117000091,351,258,93
117000092,270,1756,-1486
117000093,556,498,58
117000094,646,2667,-2021
117000095,1738,620,1118
117000096,367,2566,-2199
117000097,726,1023,-297
117000098,2319,5496,-3177
117000099,1643,697,946
117000100,77,113,-36
117000101,164,1278,-1114
117000102,877,407,470
117000103,651,1685,-1034
117000104,737,439,298
117000105,609,1786,-1177
117000106,666,607,59
117000107,437,2056,-1619
117000108,1016,776,240
117000109,1431,2647,-1216
117000110,837,633,204
117000111,3056,4128,-1072
117000112,1665,1820,-155
117000113,95,335,-240
117000114,73,123,-50
117000115,52,163,-111
117000116,64,211,-147
117000117,1157,329,828
117000118,207,119,88
117000119,633,60,573
117000120,359,91,268
117000121,286,376,-90
117000122,547,710,-163
117000123,1655,15,1640
117000124,928,18,910
117000125,468,34,434
117000126,50,18,32
117000127,162,263,-101
117000128,485,516,-31
117000129,610,334,276
117000130,75,4,71
117000131,1,229,-228
117000132,769,18,751
117000133,507,106,401
117000134,3,44,-41
117000135,7,26,-19
117000136,7,47,-40
117000137,40,38,2
117000138,7,517,-510
117000140,332,1484,-1152
117000141,1120,474,646
117000181,806,372,434
117000182,238,135,103
117000195,133,1328,-1195
117000196,83,77,6
117000225,215,1,214
117000226,12,112,-100
117000276,130,15,115
117000277,1,576,-575
117000310,2009,2624,-615
117000315,51,739,-688
117000320,92,0,92
117000906,130,12,118
117000907,13,471,-458
117000909,100,23,77
117000910,115,117,-2
117000911,87,154,-67
117000915,9,540,-531
117000916,6,1,5
117000917,353,8,345
117000918,15,35,-20
117000919,13,147,-134
117000920,7,1553,-1546
117000921,3,2310,-2307
117000922,37,124,-87
117000924,196,523,-327
117000926,1250,87,1163
117000927,2220,292,1928
117000928,0,269,-269
117000929,83,616,-533
117000930,70,18,52
117000931,758,80,678
117900002,118,360,-242
117900003,750,269,481
117900005,6,4,2
117900006,0,17,-17
117900007,74,210,-136
117900008,0,36,-36
117900010,209,130,79
117900011,50,7,43
117900012,49,244,-195
117900013,1,316,-315
117900014,390,216,174
117900015,10,241,-231
117900016,1029,356,673
117900017,457,650,-193
117900018,214,32,182
117900019,203,649,-446
117900020,42,174,-132
117900021,42,129,-87
117900022,5,3,2
117900023,607,145,462
117900024,67,146,-79
117900025,27,9,18
117900026,158,535,-377
117900028,59,2,57
117900029,157,1075,-918
117900030,137,138,-1
117900031,173,78,95
117900032,357,332,25
117900033,118,997,-879
117900034,64,68,-4
117900035,113,36,77
117900036,125,722,-597
117900037,47,97,-50
117900038,10,432,-422
117900039,5,63,-58
117900040,84,551,-467
117900041,2,50,-48
117900042,4158,376,3782
117900043,37,52,-15
117900044,71,2569,-2498
117900045,118,65,53
117900048,98,342,-244
117900049,75,910,-835
117900050,9,35,-26
117900051,32,7,25
117900052,40,142,-102
117900053,644,774,-130
117900054,3,19,-16
117900055,150,229,-79
117900056,507,19,488
117900057,685,1127,-442
117900058,130,4,126
117900059,264,78,186
117900060,598,5312,-4714
117900061,5,177,-172
117900063,177,271,-94
117900065,524,996,-472
117900066,11,29,-18
117900067,251,298,-47
117900069,347,533,-186
117900070,295,4,291
117900071,84,107,-23
117900073,218,395,-177
117900074,166,6,160
117900075,16,60,-44
117900076,9,49,-40
117900077,120,79,41
117900078,145,343,-198
117900080,107,48,59
117900081,436,334,102
117900082,178,181,-3
117900083,178,752,-574
117900086,53,39,14
117900087,23,35,-12
117900088,2305,1546,759
117900089,885,263,622
117900090,289,935,-646
117900091,135,154,-19
117900092,43,43,0
117900093,22,44,-22
117900094,17,8,9
117900095,343,833,-490
117900096,35,219,-184
117900097,50,69,-19
117900098,13,1,12
117900099,79,464,-385
117900100,54,0,54
117900101,262,713,-451
117900102,19,54,-35
117900103,8,0,8
117900104,16,152,-136
117900105,127,158,-31
117900106,43,34,9
117900107,12,0,12
117900109,217,228,-11
117900110,24,1,23
117900111,121,6,115
117900112,22,15,7
117900113,3291,1243,2048
117900114,6,1,5
117900115,382,24,358
117900116,758,654,104
117900117,184,309,-125
117900118,18,0,18
117900119,42,322,-280
117900120,38,84,-46
117900121,19,11,8
117900122,865,1150,-285
117900123,451,796,-345
117900124,365,459,-94
117900125,926,723,203
117900126,275,534,-259
117900127,207,665,-458
117900128,150,961,-811
117900129,13,0,13
117900130,567,266,301
117900131,1,99,-98
117900132,10,74,-64
117900133,2,111,-109
117900134,45,195,-150
117900135,14,268,-254
117900136,0,64,-64
117900137,7,395,-388
117900138,0,45,-45
117900139,29,150,-121
117900140,5118,144,4974
117900141,162,272,-110
117900142,131,11,120
117900144,106,116,-10
117900145,74,5,69
117900146,144,70,74
117900147,37,71,-34
117900148,2505,803,1702
117900149,17,222,-205
117900150,21,66,-45
117900151,23,144,-121
117900152,111,71,40
117900153,11,91,-80
117900154,329,651,-322
117900156,663,665,-2
117900157,46,392,-346
117900158,55,58,-3
117900160,288,244,44
117900161,2181,2370,-189
117900162,196,360,-164
117900163,60,3,57
117900165,0,16,-16
117900166,50,182,-132
117900168,19,106,-87
117900169,4,64,-60
117900170,2,31,-29
117900171,1,8,-7
117900172,13,14,-1
117900173,103,52,51
117900174,16,31,-15
117900175,3,23,-20
117900176,8,41,-33
117900177,6,44,-38
117900178,68,37,31
117900180,206,23,183
117900181,127,179,-52
117900182,1,18,-17
117900183,14,93,-79
117900184,2,32,-30
117900185,12,30,-18
117900186,14,12,2
117900187,3,4,-1
117900188,138,20,118
117900189,32,14,18
117900190,12,1,11
117900191,34,0,34
117900192,70,3,67
117900193,2,23,-21
117900194,2,1,1
117900195,3,16,-13
117900196,6,19,-13
117900207,89,66,23
117900208,12,26,-14
117900209,151,97,54
117900210,122,102,20
117900211,2,114,-112
117900212,50,150,-100
117900213,6,4,2
117900214,4,66,-62
117900215,9,47,-38
117900216,63,8,55
117900217,190,57,133
117900218,273,212,61
117900219,4,28,-24
117900220,60,57,3
117900222,140,208,-68
117900223,111,177,-66
118000001,555,379,176
118000002,1212,1470,-258
118000003,1482,1113,369
118000004,2687,1713,974
118000005,5412,1842,3570
118000006,7287,5793,1494
118000007,5231,1856,3375
118000008,4263,2262,2001
118000009,1693,1870,-177
118000010,1901,3127,-1226
118000011,622,2224,-1602
118000012,716,2483,-1767
118000013,2397,2574,-177
118000014,1665,3099,-1434
118000016,154,381,-227
118000017,183,263,-80
118000018,169,537,-368
118000019,1516,997,519
118000020,826,1108,-282
118000021,540,1370,-830
118000022,1401,446,955
118000023,875,214,661
118000024,1319,514,805
118000027,16827,4812,12015
118000029,957,453,504
118000032,1350,1395,-45
118000033,2013,1873,140
118000034,3898,1419,2479
118000035,1185,1319,-134
118000036,862,851,11
118000037,388,683,-295
118000038,59,126,-67
118000039,47,360,-313
118000040,1052,2113,-1061
118000041,1443,1196,247
118000045,510,54,456
118000046,1639,390,1249
118000047,1502,435,1067
118000048,2910,865,2045
118000051,1467,464,1003
118000052,902,247,655
118000053,410,304,106
118000054,1920,976,944
118000055,1313,1140,173
118000056,115,152,-37
118000057,184,245,-61
118000058,2410,793,1617
118000059,1457,637,820
118000060,533,566,-33
118000061,456,1126,-670
118000062,386,177,209
118000063,254,371,-117
118000064,723,882,-159
118000065,4415,1177,3238
118000066,627,795,-168
118000067,948,606,342
118000068,1437,2689,-1252
118000069,3074,828,2246
118000070,6646,1102,5544
118000071,3120,3424,-304
118000072,1602,836,766
118000073,2282,369,1913
118000074,360,475,-115
118000075,669,186,483
118000076,930,903,27
118000077,1119,899,220
118000078,1281,1244,37
118000079,194,227,-33
118000080,878,685,193
118000081,1289,889,400
118000082,181,571,-390
118000083,1745,952,793
118000084,1908,1103,805
118000086,159,373,-214
118000087,5652,2007,3645
118000088,1512,1508,4
118000089,3255,1810,1445
118000090,1796,2039,-243
118000091,1077,1458,-381
118000092,1085,289,796
118000093,124,513,-389
118000096,336,391,-55
118000097,468,440,28
118000098,184,133,51
118000099,220,758,-538
118000101,510,263,247
118000102,229,1246,-1017
118000107,2995,336,2659
118000108,465,805,-340
118000110,0,20,-20
118000111,1,631,-630
118000112,137,1,136
118000113,3,1001,-998
118000114,76,3,73
118000115,8,12,-4
118000116,44,3,41
118000117,1110,723,387
118000118,606,589,17
118000119,422,725,-303
118000120,1170,1363,-193
118000121,67,470,-403
118000122,948,162,786
118000123,38,230,-192
118000125,1390,902,488
118000126,474,1060,-586
118000127,1304,585,719
118000128,521,970,-449
118000129,636,192,444
118000130,2263,3399,-1136
118000131,542,907,-365
118000132,1731,1296,435
118000133,412,328,84
118000135,275,273,2
118000136,94,482,-388
118000137,422,71,351
118000138,199,803,-604
118000139,139,110,29
118000140,1495,2257,-762
118000141,1202,1732,-530
118000142,839,1699,-860
118000143,917,789,128
118000144,1136,780,356
118000145,895,2411,-1516
118000146,650,1052,-402
118000147,455,1473,-1018
118000148,288,1193,-905
118000149,439,984,-545
118000150,158,265,-107
118000151,156,378,-222
118000153,474,951,-477
118000154,612,1186,-574
118000155,553,1057,-504
118000156,1707,1598,109
118000157,243,291,-48
118000158,114,352,-238
118000159,25,38,-13
118000160,306,287,19
118000161,211,665,-454
118000162,508,610,-102
118000163,329,467,-138
118000164,1733,984,749
118000168,976,170,806
118000169,686,1520,-834
118000170,2862,5695,-2833
118000171,168,524,-356
118000172,76,242,-166
118000173,561,771,-210
118000175,155,229,-74
118000176,158,250,-92
118000177,120,356,-236
118000178,88,26,62
118000179,1089,398,691
118000180,434,497,-63
118000181,549,211,338
118000182,216,164,52
118000183,139,175,-36
118000184,377,765,-388
118000185,575,472,103
118000186,343,620,-277
118000187,513,745,-232
118000188,290,159,131
118000189,143,766,-623
118000190,5,6,-1
118000191,11,28,-17
118000192,118,143,-25
118000193,83,225,-142
118000194,1476,695,781
118000195,759,413,346
118000196,319,87,232
118000197,220,61,159
118000198,461,304,157
118000199,652,271,381
118000200,87,210,-123
118000201,375,220,155
118000202,35,33,2
118000203,1397,245,1152
118000204,171,215,-44
118000205,326,231,95
118000206,110,171,-61
118000207,0,95,-95
118000208,643,1186,-543
118000209,916,1698,-782
118000210,24,20,4
118000211,12,16,-4
118000213,639,494,145
118000214,525,275,250
118000215,120,316,-196
118000216,834,2666,-1832
118000217,10,83,-73
118000218,18,79,-61
118000219,346,228,118
118000220,2,16,-14
118000221,33,214,-181
118000222,42,53,-11
118000223,14,20,-6
118000224,172,53,119
118000225,94,735,-641
118000226,606,87,519
118000227,764,236,528
118000228,115,109,6
118000229,221,35,186
118000230,44,270,-226
118000231,29,165,-136
118000232,399,891,-492
118000233,456,598,-142
118000234,156,229,-73
118000236,164,395,-231
118000237,41,583,-542
118000238,65,277,-212
118000239,155,203,-48
118000240,567,61,506
118000241,89,159,-70
118000242,187,578,-391
118000243,68,155,-87
118000244,19,175,-156
118000246,0,4,-4
118000255,60,199,-139
118000256,120,215,-95
118000259,7,32,-25
118000260,53,90,-37
118000261,14,42,-28
118000263,80,175,-95
118000266,67,393,-326
118000267,0,61,-61
118000268,227,1,226
118000270,35,28,7
118000271,146,242,-96
118000272,31,29,2
118000273,53,58,-5
118000274,77,283,-206
118000276,148,279,-131
118000295,0,48,-48
118000298,92,407,-315
118000299,64,157,-93
118000301,0,50,-50
118000302,36,88,-52
118000311,106,105,1
118000312,170,148,22
118000313,19,132,-113
118000314,29,76,-47
118000315,5,55,-50
118000316,284,491,-207
118000325,12,72,-60
118000326,28,28,0
118000331,3,37,-34
118000332,4,35,-31
118000333,14,59,-45
118000335,83,0,83
118000336,1,386,-385
118000407,53,59,-6
118000457,2,39,-37
118000465,3962,2119,1843
118000480,38,94,-56
118000489,58,138,-80
118000490,78,453,-375
118000492,121,143,-22
118000510,70,8,62
118000514,141,241,-100
118000515,442,339,103
118000517,313,144,169
118000524,647,157,490
118000525,521,738,-217
118000530,5,81,-76
118000531,95,156,-61
118000532,81,201,-120
118000533,260,126,134
118000534,385,258,127
118000535,122,76,46
118000536,816,392,424
118000537,12,49,-37
118000538,12,74,-62
118000539,4,41,-37
118000540,160,156,4
118000541,106,75,31
118000542,69,99,-30
118000543,128,134,-6
118000546,31,16,15
118000553,0,3,-3
118000557,0,0,0
118000560,2898,717,2181
118000562,27,384,-357
118000563,1472,1080,392
118000576,108,190,-82
118000577,97,111,-14
118000578,119,88,31
118000579,619,885,-266
118000583,0,2,-2
118000595,79,50,29
118000596,2,50,-48
118000597,65,146,-81
118000598,0,0,0
118000599,42,57,-15
118000600,0,4,-4
118000601,2,0,2
118000602,1,5,-4
118000603,0,33,-33
118000605,40,578,-538
118900001,1021,553,468
118900002,874,455,419
118900003,85,4,81
118900004,10,50,-40
118900005,29,4,25
118900006,71,4,67
118900007,3,4,-1
118900008,820,42,778
118900009,17,12,5
118900010,48,2,46
118900011,62,3,59
118900012,223,177,46
118900013,576,23,553
118900015,45,24,21
118900016,10,16,-6
118900017,107,177,-70
118900018,1218,14,1204
118900019,52,4,48
118900020,146,106,40
118900021,110,258,-148
118900022,44,98,-54
118900023,46,90,-44
118900024,29,202,-173
118900025,15,14,1
118900026,17,70,-53
118900027,351,205,146
118900028,50,136,-86
118900029,92,473,-381
118900030,119,32,87
118900031,48,88,-40
118900032,54,223,-169
118900033,223,681,-458
118900034,41,9,32
118900035,47,253,-206
118900036,486,519,-33
118900037,161,289,-128
118900038,134,312,-178
118900039,126,239,-113
118900040,112,151,-39
118900041,160,167,-7
118900042,128,67,61
118900045,172,110,62
118900046,519,111,408
118900047,663,150,513
118900048,95,173,-78
118900049,32,26,6
118900050,7,103,-96
118900051,65,49,16
118900052,101,289,-188
118900053,15,57,-42
118900054,40,80,-40
118900055,20,140,-120
118900056,77,118,-41
118900057,245,197,48
118900058,215,434,-219
118900059,35,61,-26
118900060,33,135,-102
118900062,62,221,-159
118900064,561,327,234
118900065,13,134,-121
118900066,43,90,-47
118900067,5090,1666,3424
118900068,1,118,-117
118900069,196,189,7
118900071,7,35,-28
118900072,196,354,-158
118900073,32,92,-60
118900074,53,153,-100
118900075,14,49,-35
118900076,109,40,69
118900077,116,160,-44
118900078,14,0,14
118900079,51,172,-121
118900080,5,49,-44
118900081,37,28,9
118900082,360,108,252
118900083,15,13,2
118900084,11,15,-4
118900085,311,818,-507
118900086,14,47,-33
118900087,17,123,-106
118900088,0,12,-12
118900089,13,4,9
118900090,242,349,-107
118900091,115,107,8
118900092,56,52,4
118900093,95,3,92
118900096,42,57,-15
118900097,95,719,-624
118900099,18,212,-194
118900100,101,176,-75
118900101,30,411,-381
118900102,6,41,-35
118900103,11,38,-27
118900104,44,111,-67
118900105,72,67,5
118900107,106,78,28
118900108,37,68,-31
118900110,1505,358,1147
118900111,187,646,-459
118900112,27,94,-67
118900113,42,518,-476
118900114,8,67,-59
118900115,39,204,-165
118900116,53,117,-64
118900117,41,134,-93
118900118,107,369,-262
118900119,54,246,-192
118900120,49,222,-173
118900121,4,260,-256
118900122,2,349,-347
118900123,82,146,-64
118900124,26,112,-86
118900126,33,159,-126
118900129,191,128,63
118900130,50,83,-33
118900131,57,213,-156
118900132,202,134,68
118900133,17,39,-22
118900135,60,173,-113
118900136,107,664,-557
118900137,1,9,-8
118900139,85,607,-522
118900140,258,663,-405
118900141,39,273,-234
118900144,93,625,-532
118900145,10,168,-158
118900146,147,667,-520
118900147,125,126,-1
118900148,24,63,-39
118900150,85,303,-218
118900152,166,793,-627
118900157,101,80,21
118900158,17,126,-109
118900159,0,179,-179
118900161,47,3,44
118900163,224,37,187
118900164,2,88,-86
118900165,12,187,-175
118900166,60,0,60
118900167,22,102,-80
118900168,1,31,-30
118900169,72,296,-224
118900170,20,90,-70
118900171,4,15,-11
118900174,24,39,-15
118900175,141,292,-151
118900176,41,132,-91
118900177,10,35,-25
118900178,42,44,-2
118900179,0,28,-28
118900181,64,83,-19
118900182,45,27,18
118900183,13,31,-18
118900184,89,19,70
118900185,37,95,-58
118900186,50,46,4
118900187,131,272,-141
118900188,98,186,-88
118900189,12,312,-300
118900190,8,560,-552
118900191,85,55,30
118900192,54,33,21
118900193,120,9,111
118900195,295,804,-509
118900196,17,145,-128
118900197,54,78,-24
118900198,4,52,-48
118900199,17,60,-43
118900200,9,5,4
118900201,14,1,13
118900202,2,44,-42
118900203,2,38,-36
118900204,2,17,-15
118900205,0,17,-17
118900206,2,41,-39
119000001,709,891,-182
119000002,1489,2200,-711
119000003,727,1319,-592
119000004,1017,1091,-74
119000005,1146,1370,-224
119000006,1083,1208,-125
119000007,1718,2200,-482
119000008,1085,1846,-761
119000009,2304,1818,486
119000010,6598,2962,3636
119000011,4171,1595,2576
119000012,3740,2448,1292
119000013,1498,849,649
119000014,1608,2912,-1304
119000019,135,138,-3
119000020,865,1035,-170
119000021,1746,1305,441
119000022,2234,1015,1219
119000023,209,154,55
119000024,1626,4696,-3070
119000025,9796,1045,8751
119000026,214,211,3
119000027,322,301,21
119000028,1571,863,708
119000029,78,212,-134
119000030,303,878,-575
119000031,398,676,-278
119000032,1488,1942,-454
119000033,1205,1279,-74
119000034,703,1014,-311
119000035,21,376,-355
119000036,625,1054,-429
119000037,757,2419,-1662
119000038,65,1289,-1224
119000039,103,270,-167
119000040,831,306,525
119000041,714,866,-152
119000048,3039,3675,-636
119000049,1034,3437,-2403
119000050,1116,2148,-1032
119000051,1200,759,441
119000052,1639,2598,-959
119000053,1278,980,298
119000054,1961,3506,-1545
119000055,1860,3147,-1287
119000056,1187,1699,-512
119000057,1056,2222,-1166
119000058,1280,2079,-799
119000059,641,1399,-758
119000060,760,667,93
119000061,602,738,-136
119000062,742,1009,-267
119000063,205,243,-38
119000064,1013,1366,-353
119000065,1341,2644,-1303
119000066,1009,717,292
119000067,1283,2289,-1006
119000068,902,905,-3
119000069,917,2130,-1213
119000070,1172,973,199
119000071,354,790,-436
119000072,5493,3036,2457
119000073,3537,4210,-673
119000074,525,3450,-2925
119000075,601,2041,-1440
119000076,297,690,-393
119000077,367,395,-28
119000078,127,264,-137
119000079,54,714,-660
119000080,148,214,-66
119000081,74,302,-228
119000082,258,205,53
119000083,251,255,-4
119000084,203,441,-238
119000085,447,319,128
119000086,216,254,-38
119000087,1542,970,572
119000088,214,216,-2
119000089,44,133,-89
119000090,121,176,-55
119000091,116,180,-64
119000092,577,164,413
119000093,3822,3514,308
119000094,1568,4822,-3254
119000095,789,2779,-1990
119000097,2164,1560,604
119000098,485,1170,-685
119000099,1703,1513,190
119000100,1638,1771,-133
119000101,1658,1919,-261
119000102,515,553,-38
119000103,956,419,537
119000104,2903,1334,1569
119000105,536,799,-263
119000106,174,1817,-1643
119000107,344,392,-48
119000108,157,1331,-1174
119000109,52,202,-150
119000110,208,279,-71
119000111,15,361,-346
119000112,87,68,19
119000113,2122,227,1895
119000114,502,377,125
119000115,106,222,-116
119000116,54,69,-15
119000117,49,220,-171
119000118,2,2,0
119000123,2312,520,1792
119000124,265,219,46
119000125,1436,1050,386
119000126,288,984,-696
119000127,242,824,-582
119000128,19,2,17
119000131,497,1114,-617
119000132,0,10,-10
119000133,1,3,-2
119000134,2173,469,1704
119000135,33,191,-158
119000136,94,241,-147
119000137,55,612,-557
119000138,110,454,-344
119000139,114,266,-152
119000140,95,185,-90
119000284,1271,2658,-1387
119000285,2081,2052,29
119000286,6002,4305,1697
119000287,1000,1850,-850
119000288,1310,1550,-240
119000289,1982,3392,-1410
119000290,96,463,-367
119000291,3,324,-321
119000293,52,131,-79
119000294,49,35,14
119000295,1978,446,1532
119000296,118,95,23
119000302,3827,1306,2521
119000303,21,126,-105
119000304,0,0,0
119000310,0,0,0
119000314,1178,4496,-3318
119000315,2,675,-673
119000316,23,112,-89
119000317,20,466,-446
119900001,107,678,-571
119900002,60,260,-200
119900003,39,1209,-1170
119900004,274,298,-24
119900005,54,181,-127
119900006,111,294,-183
119900007,454,40,414
119900008,1,18,-17
119900009,234,433,-199
119900010,517,789,-272
119900011,14,51,-37
119900012,13,26,-13
119900013,1087,456,631
119900014,323,139,184
119900015,54,13,41
119900016,19,111,-92
119900017,10,36,-26
119900018,1278,198,1080
119900019,10,1,9
119900020,32,115,-83
119900021,52,45,7
119900022,89,179,-90
119900023,668,416,252
119900025,64,19,45
119900026,909,64,845
119900027,8,24,-16
119900028,118,35,83
119900029,1,3,-2
119900030,277,350,-73
119900031,21,156,-135
119900033,1455,102,1353
119900034,107,111,-4
119900037,89,29,60
119900038,11,139,-128
119900039,20,2,18
119900040,32,9,23
119900041,27,37,-10
119900042,16,117,-101
119900043,20,178,-158
119900044,178,234,-56
119900046,25,46,-21
119900047,91,67,24
119900048,25,35,-10
119900049,31,7,24
119900050,27,26,1
119900051,339,3,336
119900052,8,35,-27
119900053,65,172,-107
119900054,37,2,35
119900055,579,268,311
119900057,49,62,-13
119900058,85,2,83
119900059,80,40,40
119900060,85,2,83
119900061,50,2,48
119900062,17,12,5
119900063,8,23,-15
119900065,106,4,102
119900066,1,0,1
119900067,27,23,4
119900068,154,1,153
119900069,53,13,40
119900070,277,5,272
119900071,184,8,176
119900073,1403,316,1087
119900074,12,18,-6
119900075,5296,1584,3712
119900076,162,594,-432
119900077,260,1387,-1127
119900078,226,779,-553
119900079,420,327,93
119900080,204,253,-49
119900081,109,92,17
119900082,513,343,170
119900083,258,83,175
119900084,470,130,340
119900085,108,54,54
119900086,141,1071,-930
119900087,205,167,38
119900088,46,34,12
119900089,9,572,-563
119900090,123,43,80
119900091,23,1163,-1140
119900092,3,295,-292
119900093,563,81,482
119900094,15,178,-163
119900095,120,75,45
119900096,15,65,-50
119900097,378,143,235
119900098,13,44,-31
119900099,66,218,-152
119900100,2665,1378,1287
119900101,127,675,-548
119900102,17,280,-263
119900103,9,493,-484
119900104,20,227,-207
119900105,370,809,-439
119900106,7,219,-212
119900107,254,3465,-3211
119900108,1482,550,932
119900109,10,225,-215
119900110,293,581,-288
119900111,23,413,-390
119900112,2729,331,2398
119900113,62,522,-460
119900114,140,1722,-1582
119900115,94,1377,-1283
119900116,111,189,-78
119900117,79,817,-738
119900118,16,1256,-1240
119900119,69,220,-151
119900120,515,593,-78
119900121,107,1303,-1196
119900122,240,381,-141
119900123,146,176,-30
119900124,72,957,-885
119900125,36,407,-371
119900126,4436,190,4246
119900127,2597,765,1832
119900128,199,752,-553
119900129,57,788,-731
119900130,51,259,-208
119900131,15,354,-339
119900132,5,415,-410
119900133,4,23,-19
119900134,2041,217,1824
119900135,1,490,-489
119900136,122,488,-366
119900138,304,557,-253
119900139,4,41,-37
119900140,4,160,-156
119900141,114,292,-178
119900142,5,11,-6
119900143,12,211,-199
119900144,2128,191,1937
119900145,38,225,-187
119900146,101,115,-14
119900147,1,97,-96
119900148,54,41,13
119900149,1454,1431,23
119900150,160,209,-49
119900151,1103,534,569
119900152,37,437,-400
119900153,49,46,3
119900154,6,612,-606
119900155,10,16,-6
119900156,9,0,9
119900157,27,259,-232
119900158,52,36,16
119900159,4,1838,-1834
119900160,5,245,-240
119900161,118,233,-115
119900162,524,592,-68
119900163,121,106,15
119900164,0,0,0
119900165,38,221,-183
119900166,28,25,3
119900167,69,112,-43
119900168,252,341,-89
119900169,152,217,-65
119900170,92,97,-5
119900171,321,386,-65
119900172,56,17,39
119900173,3,584,-581
119900174,14,212,-198
119900175,487,521,-34
119900177,6,292,-286
119900178,4,173,-169
119900179,44,112,-68
119900180,523,535,-12
119900181,21,25,-4
119900182,3,445,-442
119900183,93,933,-840
119900184,2661,479,2182
119900185,14,59,-45
119900186,20,261,-241
119900187,3,556,-553
119900188,19,264,-245
119900189,296,165,131
119900190,47,89,-42
119900191,185,66,119
119900192,3,193,-190
119900193,113,148,-35
119900194,5,26,-21
119900195,15,201,-186
119900196,1622,435,1187
119900197,75,64,11
119900198,28,436,-408
119900199,83,11,72
119900200,182,468,-286
119900201,348,133,215
119900202,156,69,87
119900203,86,205,-119
119900204,85,266,-181
119900205,191,630,-439
119900206,44,141,-97
119900208,53,79,-26
119900209,223,535,-312
119900210,15,63,-48
119900211,86,15,71
119900212,63,254,-191
119900213,9,37,-28
119900214,6,101,-95
119900215,13,96,-83
119900216,5,77,-72
119900217,3,87,-84
119900218,4,96,-92
119900219,4,169,-165
119900220,4,165,-161
119900221,11,495,-484
119900222,11,333,-322
119900223,10,122,-112
119900224,11,30,-19
119900225,1370,43,1327
119900226,869,904,-35
119900227,1201,259,942
119900228,5,196,-191
119900229,221,375,-154
119900230,1156,456,700
119900231,82,187,-105
119900232,132,49,83
119900233,11,1,10
119900234,11,25,-14
119900235,2,20,-18
119900236,13,194,-181
119900237,17,358,-341
119900238,0,89,-89
119900240,48,122,-74
119900241,103,226,-123
119900242,1114,890,224
119900244,599,819,-220
119900245,32,97,-65
119900246,166,266,-100
119900247,8,39,-31
119900248,31,39,-8
119900249,89,34,55
119900253,3729,220,3509
119900254,32,177,-145
119900255,23,361,-338
119900256,126,1332,-1206
119900257,19,0,19
119900258,22,8,14
119900259,1,190,-189
119900260,44,1,43
119900261,99,177,-78
119900262,4,302,-298
119900263,738,359,379
119900264,31,268,-237
119900265,75,252,-177
119900266,91,325,-234
119900267,56,279,-223
119900268,50,238,-188
119900269,192,1018,-826
119900271,14,59,-45
119900272,83,20,63
119900275,35,1,34
119900276,26,0,26
119900277,0,2,-2
119900278,150,65,85
119900279,82,102,-20
119900280,963,154,809
119900281,0,54,-54
119900282,34,35,-1
119900283,3,307,-304
119900284,53,125,-72
119900285,8,38,-30
119900286,4,5,-1
119900288,3,54,-51
119900289,0,30,-30
119900290,0,18,-18
119900291,0,26,-26
119900292,19,10,9
119900293,14,71,-57
119900294,10,81,-71
119900295,6,81,-75
119900296,9,306,-297
119900297,0,29,-29
119900298,0,11,-11
119900299,10,215,-205
119900300,67,143,-76
119900301,19,5,14
119900302,9,30,-21
119900303,73,133,-60
119900304,42,17,25
119900305,19,83,-64
119900306,7,2,5
119900307,14,120,-106
119900308,1,10,-9
119900309,2,27,-25
119900310,175,285,-110
119900311,21,169,-148
119900312,21,71,-50
119900313,125,311,-186
119900314,74,210,-136
119900315,447,2518,-2071
119900318,3,13,-10
119900319,9,382,-373
119900320,44,726,-682
119900321,25,0,25
120000001,6359,7423,-1064
120000002,1845,3252,-1407
120000003,2973,1854,1119
120000004,2566,2394,172
120000005,4441,1939,2502
120000006,1103,1332,-229
120000007,3164,2244,920
120000008,897,1241,-344
120000009,4515,923,3592
120000010,1230,3027,-1797
120000011,1006,2086,-1080
120000012,1324,2780,-1456
120000013,1965,2582,-617
120000014,451,1340,-889
120000015,2032,1357,675
120000016,2580,2333,247
120000017,1478,1637,-159
120000018,4400,7039,-2639
120000019,684,1037,-353
120000020,2571,2253,318
120000021,1707,1541,166
120000022,2447,3010,-563
120000023,769,1577,-808
120000024,1156,1982,-826
120000025,1544,2141,-597
120000026,638,1808,-1170
120000027,1043,1455,-412
120000028,467,328,139
120000029,1731,342,1389
120000030,88,519,-431
120000031,1278,4139,-2861
120000032,8750,2947,5803
120000033,2205,1521,684
120000034,1020,2210,-1190
120000035,1195,2344,-1149
120000036,1731,3320,-1589
120000037,437,820,-383
120000038,9668,2868,6800
120000039,385,897,-512
120000040,42,71,-29
120000041,377,1757,-1380
120000042,1036,3994,-2958
120000043,3561,2687,874
120000044,2473,1206,1267
120000045,2795,945,1850
120000046,1422,1601,-179
120000047,1828,2610,-782
120000048,7237,3079,4158
120000049,3167,2553,614
120000050,2677,4667,-1990
120000051,3255,3948,-693
120000052,14209,2730,11479
120000053,801,4569,-3768
120000054,1128,6956,-5828
120000055,1042,4731,-3689
120000056,2303,4631,-2328
120000057,1162,699,463
120000058,361,179,182
120000059,34,970,-936
120000061,52,671,-619
120000062,140,271,-131
120000063,1775,3210,-1435
120000064,243,1572,-1329
120000065,306,1951,-1645
120000066,106,404,-298
120000067,19,653,-634
120000068,104,1241,-1137
120000069,304,1721,-1417
120000070,29,1138,-1109
120000071,132,190,-58
120000072,180,422,-242
120000073,261,103,158
120000074,15,52,-37
120000075,273,203,70
120000076,700,326,374
120000077,830,467,363
120000078,2549,606,1943
120000079,169,561,-392
120000080,100,224,-124
120000081,137,200,-63
120000082,107,202,-95
120000083,124,314,-190
120000084,452,552,-100
120000085,262,392,-130
120000086,234,759,-525
120000087,127,1312,-1185
120000088,417,1403,-986
120000089,695,576,119
120000090,314,477,-163
120000091,469,809,-340
120000092,643,518,125
120000093,143,441,-298
120000094,101,298,-197
120000095,622,650,-28
120000096,148,1173,-1025
120000098,477,1069,-592
120000099,178,719,-541
120000100,474,896,-422
120000101,246,429,-183
120000102,243,479,-236
120000103,645,395,250
120000104,1083,245,838
120000105,1269,253,1016
120000106,1050,305,745
120000107,1510,406,1104
120000108,532,89,443
120000109,476,57,419
120000110,54,972,-918
120000111,61,1474,-1413
120000112,533,4643,-4110
120000113,431,3090,-2659
120000114,634,2790,-2156
120000115,274,2407,-2133
120000116,500,2188,-1688
120000117,1171,1632,-461
120000118,61,35,26
120000119,35,35,0
120000120,29,81,-52
120000121,34,33,1
120000122,287,264,23
120000123,6413,3011,3402
120000124,245,482,-237
120000125,158,650,-492
120000126,256,711,-455
120000127,2092,673,1419
120000128,4817,1651,3166
120000129,263,292,-29
120000130,454,619,-165
120000131,206,467,-261
120000134,267,1389,-1122
120000135,125,257,-132
120000137,87,2295,-2208
120000138,239,410,-171
120000139,88,1041,-953
120000140,190,572,-382
120000141,109,620,-511
120000142,170,518,-348
120000143,2,111,-109
120000144,25,2,23
120000145,110,2,108
120000146,2037,973,1064
120000149,343,859,-516
120000150,4556,6262,-1706
120000151,338,451,-113
120000152,198,186,12
120000153,137,707,-570
120000154,413,331,82
120000155,71,253,-182
120000156,1396,396,1000
120000157,667,553,114
120000158,500,900,-400
120000159,1335,2274,-939
120000160,1651,1200,451
120000161,885,2629,-1744
120000162,57,231,-174
120000163,216,1702,-1486
120000164,215,495,-280
120000165,185,1041,-856
120000166,427,622,-195
120000167,7,12,-5
120000168,1,58,-57
120000169,58,203,-145
120000170,84,102,-18
120000171,13,16,-3
120000172,22,14,8
120000173,2020,125,1895
120000174,380,8,372
120000175,543,5,538
120000176,220,43,177
120000177,1079,206,873
120000178,34,2,32
120000179,216,6,210
120000180,241,15,226
120000181,44,62,-18
120000182,51,48,3
120000183,6,90,-84
120000184,81,838,-757
120000186,67,50,17
120000187,150,29,121
120000188,200,33,167
120000190,1045,6,1039
120000191,1738,15,1723
120000192,1956,13,1943
120000193,595,1,594
120000195,67,3,64
120000196,146,18,128
120000197,96,122,-26
120000198,64,164,-100
120000199,38,2,36
120000200,53,0,53
120000201,5,6,-1
120000202,0,58,-58
120000203,18,313,-295
120000207,2,123,-121
120000208,6,328,-322
120000209,2,132,-130
120000210,196,87,109
120000211,31,0,31
120000212,52,2,50
120000213,61,527,-466
120000214,3,492,-489
120000215,1,223,-222
120000216,31,3,28
120000217,829,1430,-601
120000218,314,1563,-1249
120000219,7,861,-854
120000220,11,3318,-3307
120000225,485,1,484
120000226,120,1,119
120000227,422,23,399
120000228,6992,1651,5341
120000230,112,14,98
120000231,462,2314,-1852
120000233,99,45,54
120000235,81,778,-697
120000236,410,2,408
120000237,4,2407,-2403
120000238,1,75,-74
120000241,864,2849,-1985
120000412,1772,17,1755
120000413,111,548,-437
120000414,23,4,19
120000415,0,191,-191
120000416,23,22,1
120000417,3,85,-82
120000418,47,14,33
120000419,4,543,-539
120000420,66,35,31
120000421,14101,5860,8241
120000422,237,352,-115
120000423,1,30,-29
120000424,26,192,-166
120000436,113,311,-198
120000437,174,170,4
120000438,4762,491,4271
120000439,160,215,-55
120000443,91,1,90
120000444,572,638,-66
120000445,1329,1193,136
120000446,1079,275,804
120000447,61,3,58
120000449,40,15,25
120000450,5,452,-447
120000451,79,216,-137
120000452,48,3,45
120000453,1,356,-355
120000454,69,17,52
120000455,37,61,-24
120000456,2691,2177,514
120000457,1156,1036,120
120000458,421,855,-434
120000459,41,77,-36
120000665,607,113,494
120000668,63,88,-25
120000669,83,465,-382
120000670,178,394,-216
120000671,496,238,258
120000672,95,507,-412
120900001,57,24,33
120900002,247,184,63
120900003,92,20,72
120900004,4,33,-29
120900005,90,1727,-1637
120900006,110,148,-38
120900007,85,170,-85
120900008,74,1164,-1090
120900009,299,39,260
120900010,186,48,138
120900011,282,105,177
120900012,913,658,255
120900013,160,29,131
120900014,5,701,-696
120900015,192,53,139
120900016,337,48,289
120900017,3080,81,2999
120900018,26,387,-361
120900019,324,103,221
120900020,588,566,22
120900021,289,65,224
120900022,101,461,-360
120900023,75,32,43
120900024,1192,400,792
120900025,2124,862,1262
120900026,53,129,-76
120900027,486,60,426
120900028,143,35,108
120900029,82,181,-99
120900030,583,437,146
120900031,90,41,49
120900032,375,172,203
120900033,481,26,455
120900034,18,1312,-1294
120900035,18,90,-72
120900037,52,3,49
120900038,35,105,-70
120900039,56,16,40
120900040,87,1,86
120900041,116,26,90
120900042,107,65,42
120900043,18,14,4
120900044,4,389,-385
120900045,66,126,-60
120900046,201,9,192
120900047,79,35,44
120900048,52,12,40
120900049,150,4,146
120900050,3807,842,2965
120900051,124,152,-28
120900052,219,5,214
120900053,74,50,24
120900054,1159,766,393
120900055,117,3,114
120900056,190,4,186
120900057,69,11,58
120900058,245,0,245
120900059,30,0,30
120900060,13,30,-17
120900061,185,281,-96
120900062,72,2,70
120900063,197,2,195
120900064,156,2,154
120900065,171,2,169
120900066,108,409,-301
120900067,156,49,107
120900068,68,1,67
120900069,100,76,24
120900071,1,1,0
120900072,249,0,249
120900073,156,186,-30
120900074,179,4,175
120900076,106,0,106
120900077,3226,196,3030
120900078,319,753,-434
120900079,226,57,169
120900080,232,2799,-2567
120900081,376,1312,-936
120900082,589,199,390
120900083,34,2,32
120900084,112,212,-100
120900085,128,112,16
120900086,148,171,-23
120900087,206,66,140
120900088,108,202,-94
120900089,5083,1248,3835
120900090,52,240,-188
120900091,347,235,112
120900092,894,776,118
120900093,4482,216,4266
120900094,479,206,273
120900095,145,25,120
120900096,7,114,-107
120900097,528,1220,-692
120900098,243,187,56
120900099,48,83,-35
120900100,57,451,-394
120900101,562,366,196
120900102,17,105,-88
120900103,18,138,-120
120900104,19,47,-28
120900105,19,1039,-1020
120900106,1263,637,626
120900107,420,152,268
120900108,3,1228,-1225
120900109,33,864,-831
120900110,2,540,-538
120900111,96,471,-375
120900112,2,1588,-1586
120900113,35,1277,-1242
120900114,32,227,-195
120900115,117,182,-65
120900116,95,639,-544
120900117,4,627,-623
120900118,12,1106,-1094
120900119,2909,2704,205
120900120,33,832,-799
120900121,63,527,-464
120900122,125,739,-614
120900123,2,715,-713
120900124,2,1008,-1006
120900125,6,1237,-1231
120900126,1255,839,416
120900127,2,580,-578
120900128,830,965,-135
120900129,40,464,-424
120900130,1,434,-433
120900131,19,36,-17
120900132,305,365,-60
120900133,135,1166,-1031
120900134,465,483,-18
120900135,3,822,-819
120900136,13,22,-9
120900137,66,80,-14
120900138,11,256,-245
120900139,2,861,-859
120900140,0,56,-56
120900141,34,73,-39
120900142,26,1051,-1025
120900143,2,1186,-1184
120900144,6,255,-249
120900145,35,1000,-965
120900146,2,1230,-1228
120900147,1,281,-280
120900148,56,103,-47
120900149,0,410,-410
120900150,33,747,-714
120900151,3,956,-953
120900152,0,56,-56
120900153,5,52,-47
120900154,1,314,-313
120900155,71,1313,-1242
120900156,20,384,-364
120900157,14,227,-213
120900158,18,646,-628
120900159,29,508,-479
120900160,11,368,-357
120900161,7,729,-722
120900162,17,892,-875
120900163,8,96,-88
120900164,0,0,0
120900165,3,3,0
120900166,18,88,-70
120900167,229,57,172
120900169,26,599,-573
120900170,2387,1183,1204
120900171,1225,435,790
120900172,1141,106,1035
120900173,2,57,-55
120900174,1,101,-100
120900175,196,207,-11
120900176,5,160,-155
120900177,0,347,-347
120900178,0,154,-154
120900179,940,446,494
120900180,82,69,13
120900181,15,60,-45
120900182,3,473,-470
120900183,404,80,324
120900184,133,52,81
120900185,0,302,-302
120900186,0,656,-656
120900187,169,548,-379
120900188,34,7,27
120900189,94,345,-251
120900190,19,10,9
120900191,4,17,-13
120900192,13715,2260,11455
120900194,22,60,-38
120900195,63,300,-237
120900196,354,30,324
120900197,315,33,282
120900198,169,618,-449
120900199,181,156,25
120900200,108,92,16
120900201,619,138,481
120900202,2,231,-229
120900203,17,53,-36
120900204,265,384,-119
120900205,71,88,-17
120900206,7,15,-8
120900207,43,1233,-1190
121000001,954,939,15
121000002,1802,1040,762
121000003,3481,1794,1687
121000004,2009,2919,-910
121000005,1782,2258,-476
121000006,2275,1019,1256
121000007,2601,2494,107
121000008,4430,2151,2279
121000009,5527,4312,1215
121000010,7356,2952,4404
121000011,8419,9299,-880
121000012,12559,6228,6331
121000013,4455,6096,-1641
121000014,5678,5116,562
121000015,3721,5007,-1286
121000016,3882,2853,1029
121000017,1292,2997,-1705
121000018,1547,1347,200
121000019,17249,6610,10639
121000020,10963,6329,4634
121000021,2127,2501,-374
121000022,1025,1257,-232
121000023,3267,2406,861
121000024,1968,2282,-314
121000025,472,628,-156
121000026,178,91,87
121000027,1085,699,386
121000028,512,342,170
121000029,535,519,16
121000030,303,275,28
121000031,434,456,-22
121000032,166,49,117
121000034,191,115,76
121000035,71,77,-6
121000036,1160,691,469
121000037,456,383,73
121000038,452,389,63
121000039,229,208,21
121000041,236,308,-72
121000042,134,200,-66
121000043,586,485,101
121000044,1402,474,928
121000045,147,277,-130
121000046,208,558,-350
121000047,7,46,-39
121000049,1514,472,1042
121000050,211,822,-611
121000051,502,279,223
121000052,184,415,-231
121000053,280,58,222
121000054,32,170,-138
121000055,1088,870,218
121000056,703,868,-165
121000057,93,212,-119
121000058,376,78,298
121000059,1423,679,744
121000060,289,646,-357
121000061,85,123,-38
121000062,74,222,-148
121000063,486,348,138
121000064,446,556,-110
121000065,357,266,91
121000066,445,336,109
121000067,688,262,426
121000068,375,204,171
121000069,202,217,-15
121000070,1286,983,303
121000071,670,643,27
121000072,882,573,309
121000073,641,487,154
121000074,94,91,3
121000075,20,30,-10
121000076,636,218,418
121000077,66,68,-2
121000078,55,116,-61
121000080,2294,526,1768
121000081,1844,1570,274
121000082,109,179,-70
121000083,224,93,131
121000084,164,77,87
121000085,251,335,-84
121000086,117,832,-715
121000087,43,221,-178
121000088,280,529,-249
121000089,374,205,169
121000090,205,257,-52
121000091,1435,634,801
121000092,107,83,24
121000093,98,183,-85
121000094,391,406,-15
121000095,209,343,-134
121000096,1824,2206,-382
121000097,963,1470,-507
121000098,276,1132,-856
121000099,283,720,-437
121000100,433,540,-107
121000101,116,206,-90
121000102,56,347,-291
121000103,73,299,-226
121000104,118,129,-11
121000105,139,213,-74
121000106,100,300,-200
121000107,1865,3196,-1331
121000109,1249,984,265
121000110,246,415,-169
121000114,2061,2020,41
121000115,558,741,-183
121000116,389,864,-475
121000117,863,248,615
121000118,915,203,712
121000119,158,206,-48
121000120,143,353,-210
121000121,308,657,-349
121000123,997,468,529
121000127,59,102,-43
121000128,453,473,-20
121000129,265,340,-75
121000130,250,848,-598
121000131,1545,886,659
121000132,1017,930,87
121000135,313,149,164
121000136,726,415,311
121000137,389,188,201
121000138,610,524,86
121000139,324,77,247
121000141,112,67,45
121000142,635,399,236
121000143,148,8,140
121000144,984,625,359
121000145,333,1098,-765
121000146,731,566,165
121000147,439,287,152
121000148,503,829,-326
121000149,1431,924,507
121000152,247,368,-121
121000153,1197,469,728
121000154,516,395,121
121000155,809,832,-23
121000156,296,696,-400
121000157,1118,1552,-434
121000158,278,507,-229
121000159,95,443,-348
121000160,171,557,-386
121000161,71,312,-241
121000162,22,295,-273
121000165,1351,1313,38
121000166,25,512,-487
121000168,176,236,-60
121000169,34,133,-99
121000170,106,50,56
121000171,22,150,-128
121000172,339,329,10
121000173,747,590,157
121000174,177,355,-178
121000175,379,409,-30
121000176,216,248,-32
121000177,463,512,-49
121000178,89,44,45
121000179,97,56,41
121000181,327,283,44
121000182,80,152,-72
121000183,20,57,-37
121000184,30,50,-20
121000185,6,91,-85
121000186,87,168,-81
121000187,104,280,-176
121000188,50,223,-173
121000192,343,238,105
121000193,352,327,25
121000194,2197,1686,511
121000195,311,856,-545
121000196,720,173,547
121000197,200,549,-349
121000198,184,54,130
121000199,67,387,-320
121000200,200,72,128
121000201,1,161,-160
121000202,463,61,402
121000203,535,2090,-1555
121000204,1499,491,1008
121000205,130,238,-108
121000206,115,36,79
121000207,1152,387,765
121000208,6,389,-383
121000209,117,463,-346
121000210,131,590,-459
121000211,109,81,28
121000212,168,765,-597
121000213,7571,2106,5465
121000214,739,1500,-761
121000215,964,540,424
121000216,284,417,-133
121000217,3382,1948,1434
121000218,457,1592,-1135
121000219,1102,293,809
121000220,299,60,239
121000221,126,177,-51
121000222,2510,1974,536
121000223,511,407,104
121000224,274,169,105
121000225,1545,796,749
121000226,2504,623,1881
121000227,8,234,-226
121000228,11,767,-756
121000229,77,468,-391
121000230,54,1775,-1721
121000231,386,15,371
121000232,310,176,134
121000233,319,297,22
121000234,5,29,-24
121000235,40,75,-35
121000236,2,45,-43
121000237,23,17,6
121000238,8,67,-59
121000239,16,5,11
121000240,6,211,-205
121000241,147,18,129
121000242,41,107,-66
121000243,527,67,460
121000244,5,57,-52
121000245,21,10,11
121000246,0,55,-55
121000247,21,3,18
121000248,465,628,-163
121000249,113,207,-94
121000250,159,54,105
121000251,7,574,-567
121000252,33,15,18
121000253,205,520,-315
121000254,389,237,152
121000255,98,143,-45
121000256,175,172,3
121000257,50,55,-5
121000258,35,62,-27
121000259,48,49,-1
121000260,49,100,-51
121000261,49,28,21
121000262,795,477,318
121000263,244,416,-172
121000271,170,1581,-1411
121000273,92,10,82
121000274,5,16,-11
121000275,0,37,-37
121000276,0,7,-7
121000278,46,39,7
121000279,37,23,14
121000280,18,53,-35
121000289,225,25,200
121000290,1024,481,543
121000294,49,171,-122
121000297,723,735,-12
121000299,83,251,-168
121000300,427,424,3
121000302,123,612,-489
121000303,483,340,143
121000304,328,36,292
121000305,85,31,54
121000306,35,72,-37
121000308,120,260,-140
121000309,275,474,-199
121000310,88,361,-273
121000311,63,610,-547
121000312,181,158,23
121000313,350,322,28
121000314,172,55,117
121000315,45,103,-58
121000530,671,1138,-467
121000531,743,1029,-286
121000532,4235,3504,731
121000533,1928,1864,64
121000918,23,189,-166
121000919,10,30,-20
121000938,474,241,233
121000939,697,228,469
121000956,383,1224,-841
121000957,3,5,-2
121000958,96,45,51
121000959,263,879,-616
121000960,1389,1801,-412
121000961,86,40,46
121000962,331,814,-483
121000963,0,0,0
121000973,4,503,-499
121000976,5,128,-123
121000979,184,35,149
121000981,290,108,182
121000982,128,221,-93
121000983,253,388,-135
121000984,21,38,-17
121000985,251,708,-457
121000986,120,451,-331
121000987,143,1303,-1160
121000988,345,84,261
121001302,258,94,164
121001308,2,6,-4
121001309,86,53,33
121001313,100,329,-229
121001314,3055,3584,-529
121001315,3340,1280,2060
121001326,32,48,-16
121900001,49,141,-92
121900002,30,18,12
121900003,233,8,225
121900004,81,252,-171
121900005,12,0,12
121900006,41,11,30
121900007,1457,1463,-6
121900008,209,39,170
121900009,398,22,376
121900010,211,3,208
121900011,59,218,-159
121900012,0,0,0
121900013,996,41,955
121900014,720,298,422
121900015,78,161,-83
121900016,1,23,-22
121900017,178,394,-216
121900018,225,7,218
121900019,119,130,-11
121900020,21,1,20
121900021,589,13,576
121900022,89,109,-20
121900023,41,261,-220
121900024,339,51,288
121900025,267,256,11
121900026,204,26,178
121900027,70,74,-4
121900028,138,6,132
121900029,51,77,-26
121900030,476,340,136
121900031,844,3564,-2720
121900032,45,70,-25
121900033,105,112,-7
121900034,211,52,159
121900035,1628,1127,501
121900036,70,318,-248
121900037,81,406,-325
121900038,12,127,-115
121900039,241,23,218
121900040,18,53,-35
121900041,47,100,-53
121900042,189,82,107
121900043,2,8,-6
121900044,210,27,183
121900046,110,119,-9
121900047,67,49,18
121900048,19,144,-125
121900050,5,33,-28
121900051,59,127,-68
121900052,50,38,12
121900053,153,151,2
121900054,378,500,-122
121900055,2,4,-2
121900058,83,162,-79
121900059,168,81,87
121900060,74,236,-162
121900061,85,94,-9
121900062,38,44,-6
121900063,502,235,267
121900064,83,568,-485
121900066,17,19,-2
121900067,9,16,-7
121900069,120,83,37
121900070,154,83,71
121900071,81,168,-87
121900072,13,132,-119
121900073,171,148,23
121900074,505,350,155
121900075,470,222,248
121900076,179,369,-190
121900077,4,33,-29
121900078,33,20,13
121900079,0,1,-1
121900080,347,360,-13
121900082,20,101,-81
121900084,1,189,-188
121900085,0,16,-16
121900086,17,28,-11
121900087,124,67,57
121900088,1623,1546,77
121900089,80,286,-206
121900090,4,95,-91
121900091,6,61,-55
121900092,58,69,-11
121900093,39,49,-10
121900094,10,7,3
121900095,88,69,19
121900096,996,325,671
121900097,170,98,72
121900098,2,9,-7
121900099,102,49,53
121900100,128,151,-23
121900101,49,66,-17
121900102,2,71,-69
121900103,344,167,177
121900104,733,222,511
121900105,42,57,-15
121900106,2,3,-1
121900107,11,15,-4
121900108,0,2,-2
121900109,229,102,127
121900110,138,1063,-925
121900111,494,68,426
121900112,69,58,11
121900113,26,136,-110
121900117,47,16,31
121900118,1550,243,1307
121900119,73,115,-42
121900120,18,936,-918
121900121,421,65,356
121900122,9,25,-16
121900123,84,307,-223
121900124,64,170,-106
121900125,534,586,-52
121900127,6,57,-51
121900128,33,114,-81
121900129,777,92,685
121900130,70,154,-84
121900131,134,75,59
121900132,14,112,-98
121900133,69,268,-199
121900134,14,65,-51
121900135,1555,144,1411
121900136,98,373,-275
121900137,25,200,-175
121900138,20,149,-129
121900139,271,310,-39
121900140,12,105,-93
121900141,23,6,17
121900142,40,86,-46
121900143,4,72,-68
121900144,132,268,-136
121900145,90,85,5
121900146,362,508,-146
121900147,42,130,-88
121900148,103,179,-76
121900149,205,475,-270
121900150,46,105,-59
121900151,41,152,-111
121900152,49,106,-57
121900153,58,290,-232
121900154,9,101,-92
121900155,0,43,-43
121900156,88,63,25
121900157,2,382,-380
121900158,43,53,-10
121900159,2,181,-179
121900160,42,182,-140
121900161,404,239,165
121900162,56,46,10
121900163,58,574,-516
121900164,266,119,147
121900165,105,165,-60
121900166,72,99,-27
121900167,109,59,50
121900168,183,91,92
121900169,1,288,-287
121900170,0,124,-124
121900171,336,443,-107
121900172,210,191,19
121900173,563,94,469
121900174,21,21,0
121900175,63,123,-60
121900176,326,1395,-1069
121900177,103,62,41
121900178,12,40,-28
121900179,111,91,20
121900180,4332,2031,2301
121900182,411,190,221
121900183,260,370,-110
121900184,38,350,-312
121900186,4,286,-282
121900187,11,70,-59
121900188,365,258,107
121900189,13,76,-63
121900190,122,380,-258
121900191,51,100,-49
121900192,292,401,-109
121900193,20,153,-133
121900194,4,118,-114
121900195,72,45,27
121900196,535,451,84
121900197,221,1635,-1414
121900198,696,709,-13
121900199,2,13,-11
121900200,50,187,-137
121900201,727,396,331
121900202,85,193,-108
121900203,173,598,-425
121900204,831,583,248
121900205,9,68,-59
121900206,2,10,-8
121900207,111,27,84
121900208,151,214,-63
121900209,19,13,6
121900210,716,724,-8
121900211,158,349,-191
121900212,105,72,33
121900213,52,67,-15
121900214,4,277,-273
121900215,13,43,-30
121900216,21,50,-29
121900217,123,29,94
121900218,146,314,-168
121900220,122,17,105
121900221,128,364,-236
121900222,59,137,-78
121900223,72,37,35
121900224,42,45,-3
121900225,53,52,1
121900226,155,123,32
121900227,74,219,-145
121900228,122,153,-31
121900230,47,54,-7
121900231,185,167,18
121900232,143,240,-97
121900233,179,172,7
121900234,100,222,-122
121900235,174,223,-49
121900236,148,86,62
121900237,112,156,-44
121900238,112,155,-43
121900239,55,31,24
121900240,81,99,-18
121900241,11,32,-21
121900242,10,18,-8
121900245,111,119,-8
121900246,989,294,695
121900247,142,178,-36
121900248,877,470,407
121900250,153,249,-96
121900251,223,20,203
121900252,513,96,417
121900253,148,782,-634
121900254,430,176,254
121900255,90,69,21
121900258,1904,1265,639
121900259,269,320,-51
121900260,39,139,-100
121900261,116,291,-175
121900262,289,449,-160
121900263,82,206,-124
121900264,1648,754,894
121900265,77,217,-140
121900266,117,154,-37
121900267,20,15,5
121900269,49,212,-163
121900270,7,104,-97
121900271,18,97,-79
121900273,328,998,-670
121900274,152,189,-37
121900277,187,1036,-849
121900278,78,597,-519
121900279,118,240,-122
121900280,111,175,-64
121900281,181,45,136
121900284,22,2,20
121900286,65,118,-53
121900287,10,14,-4
121900288,0,1,-1
121900290,140,158,-18
121900291,436,477,-41
121900292,177,90,87
121900293,689,2575,-1886
121900294,210,1,209
121900295,59,201,-142
121900296,26,16,10
121900298,335,300,35
121900299,0,0,0
121900300,10,12,-2
121900301,66,0,66
121900302,2,46,-44
121900303,160,384,-224
121900304,0,3,-3
121900305,0,2,-2
121900306,47,0,47
121900307,14,26,-12
121900308,5,338,-333
121900309,4,220,-216
121900310,33,385,-352
121900311,101,6,95
121900312,76,10,66
121900313,172,12,160
121900314,1,52,-51
121900315,6,1,5
121900316,0,14,-14
121900317,6,0,6
121900318,0,5,-5
121900319,7,43,-36
121900320,46,69,-23
121900321,5,0,5
121900322,0,23,-23
121900323,9,2,7
121900324,4,44,-40
121900325,9,0,9
121900326,0,17,-17
121900327,3,36,-33
121900328,0,22,-22
121900329,1,151,-150
121900330,0,57,-57
121900331,40,3,37
121900332,45,10,35
121900333,7,0,7
121900334,72,25,47
122000001,1940,2478,-538
122000002,4393,1066,3327
122000003,1667,1144,523
122000004,2479,921,1558
122000005,2559,828,1731
122000006,1829,376,1453
122000007,1148,969,179
122000008,5322,3194,2128
122000009,492,191,301
122000010,1718,1668,50
122000011,2484,680,1804
122000012,1096,677,419
122000013,1735,991,744
122000014,1276,1578,-302
122000015,1238,715,523
122000016,309,617,-308
122000017,817,860,-43
122000018,1060,850,210
122000019,620,1118,-498
122000020,133,127,6
122000021,418,339,79
122000022,911,1027,-116
122000023,389,1997,-1608
122000024,894,697,197
122000025,1234,752,482
122000026,1670,558,1112
122000027,495,3696,-3201
122000028,549,278,271
122000029,254,150,104
122000030,342,85,257
122000031,108,185,-77
122000032,1196,2350,-1154
122000033,722,567,155
122000034,397,399,-2
122000035,225,584,-359
122000036,309,487,-178
122000037,260,192,68
122000038,236,262,-26
122000039,526,398,128
122000040,306,217,89
122000041,294,369,-75
122000042,232,298,-66
122000043,116,59,57
122000044,135,80,55
122000045,1128,357,771
122000046,516,686,-170
122000047,201,148,53
122000048,2198,3070,-872
122000049,3941,1743,2198
122000050,1328,446,882
122000051,296,494,-198
122000052,348,220,128
122000053,115,445,-330
122000054,1969,1298,671
122000055,1930,1748,182
122000056,6799,2444,4355
122000057,3826,1854,1972
122000058,3786,894,2892
122000059,2951,1011,1940
122000060,738,351,387
122000061,530,193,337
122000062,1169,244,925
122000063,1256,355,901
122000064,2600,2600,0
122000065,4414,2333,2081
122000066,898,754,144
122000067,1362,1195,167
122000068,636,980,-344
122000069,432,496,-64
122000070,331,2437,-2106
122000071,572,1270,-698
122000072,256,191,65
122000073,341,312,29
122000074,1447,831,616
122000075,349,977,-628
122000076,1233,758,475
122000077,1092,496,596
122000078,2693,1309,1384
122000079,1541,522,1019
122000080,917,279,638
122000081,148,256,-108
122000082,878,481,397
122000083,727,2880,-2153
122000084,632,569,63
122000085,130,1198,-1068
122000086,1673,3478,-1805
122000087,270,89,181
122000088,150,158,-8
122000089,4695,2139,2556
122000090,188,305,-117
122000091,222,57,165
122000092,139,17,122
122000093,1285,708,577
122000094,6096,953,5143
122000095,2777,1272,1505
122000096,2409,1140,1269
122000098,3074,1098,1976
122000099,2385,450,1935
122000100,973,506,467
122000101,162,565,-403
122000102,1116,780,336
122000103,1105,949,156
122000104,143,143,0
122000105,164,206,-42
122000106,326,366,-40
122000107,727,377,350
122000108,305,702,-397
122000109,216,243,-27
122000110,231,412,-181
122000111,1962,801,1161
122000112,441,890,-449
122000113,320,427,-107
122000114,2630,1180,1450
122000115,1315,978,337
122000116,256,291,-35
122000117,612,201,411
122000118,230,307,-77
122000119,2391,967,1424
122000120,1697,1540,157
122000121,2079,1420,659
122000122,473,691,-218
122000123,1361,802,559
122000124,615,241,374
122000125,375,448,-73
122000126,406,417,-11
122000127,1020,607,413
122000128,399,564,-165
122000129,273,436,-163
122000130,1555,363,1192
122000131,944,452,492
122000132,553,235,318
122000133,701,1390,-689
122000134,277,342,-65
122000135,465,534,-69
122000136,188,170,18
122000137,679,467,212
122000139,1168,1590,-422
122000140,897,324,573
122000141,3489,583,2906
122000142,466,448,18
122000143,242,167,75
122000144,1286,497,789
122000145,923,428,495
122000146,325,629,-304
122000147,595,209,386
122000148,2899,793,2106
122000149,1774,704,1070
122000150,826,558,268
122000151,192,239,-47
122000152,372,208,164
122000153,341,233,108
122000154,205,97,108
122000155,1196,1307,-111
122000156,1943,1268,675
122000157,1818,854,964
122000158,244,382,-138
122000159,817,948,-131
122000160,2604,694,1910
122000161,756,400,356
122000162,1634,712,922
122000163,225,58,167
122000164,25,48,-23
122000165,560,601,-41
122000166,657,754,-97
122000167,160,186,-26
122000168,143,403,-260
122000169,419,114,305
122000170,185,241,-56
122000171,23,50,-27
122000172,1238,1290,-52
122000173,1228,1764,-536
122000174,1724,596,1128
122000175,1061,179,882
122000176,209,570,-361
122000177,1199,1041,158
122000178,2305,1724,581
122000179,1407,2258,-851
122000180,1328,754,574
122000181,1441,2194,-753
122000182,1817,842,975
122000183,1254,716,538
122000184,2393,1380,1013
122000185,1107,884,223
122000186,492,714,-222
122000187,1366,764,602
122000188,333,140,193
122000189,193,255,-62
122000190,892,771,121
122000191,772,421,351
122000192,695,255,440
122000193,288,538,-250
122000194,562,123,439
122000195,99,369,-270
122000196,543,474,69
122000197,394,450,-56
122000198,429,819,-390
122000199,342,272,70
122000200,1147,384,763
122000201,1019,1244,-225
122000202,817,893,-76
122000203,1793,1186,607
122000204,839,1446,-607
122000205,1092,787,305
122000206,1556,527,1029
122000207,880,768,112
122000208,1278,1078,200
122000209,1768,268,1500
122000210,1274,1530,-256
122000211,869,913,-44
122000212,458,272,186
122000213,700,905,-205
122000214,1246,1111,135
122000215,1533,1076,457
122000217,1640,1087,553
122000218,523,33,490
122000219,1026,861,165
122000220,324,549,-225
122000221,97,285,-188
122000222,489,40,449
122000223,740,349,391
122000225,402,151,251
122000226,766,1428,-662
122000227,349,1376,-1027
122000228,235,246,-11
122000229,20,284,-264
122000230,48,549,-501
122000231,125,660,-535
122000232,390,871,-481
122000233,1,103,-102
122000234,81,128,-47
122000235,276,151,125
122000236,309,120,189
122000237,105,45,60
122000238,79,139,-60
122000239,315,84,231
122000240,534,264,270
122000241,438,309,129
122000242,180,76,104
122000243,70,59,11
122000244,27,433,-406
122000245,43,269,-226
122000246,141,117,24
122000247,317,779,-462
122000248,1103,1594,-491
122000249,247,313,-66
122000250,1072,455,617
122000251,158,307,-149
122000252,455,67,388
122000253,15,189,-174
122000254,110,67,43
122000255,396,1454,-1058
122000256,363,1057,-694
122000257,113,316,-203
122000258,82,156,-74
122000259,12,563,-551
122000260,0,94,-94
122000261,4,203,-199
122000262,0,70,-70
122000263,52,86,-34
122000264,426,332,94
122000265,1679,555,1124
122000266,3760,363,3397
122000267,40,58,-18
122000268,66,276,-210
122000269,529,209,320
122000270,667,72,595
122000271,222,981,-759
122000272,204,884,-680
122000273,183,331,-148
122000274,75,124,-49
122000275,18,126,-108
122000276,232,485,-253
122000277,363,993,-630
122000278,394,665,-271
122000279,96,378,-282
122000280,434,544,-110
122000281,377,487,-110
122000282,104,88,16
122000283,251,35,216
122000284,51,67,-16
122000285,319,74,245
122000286,62,129,-67
122000287,518,1175,-657
122000288,181,185,-4
122000291,523,319,204
122000293,296,251,45
122000294,69,170,-101
122000295,1032,121,911
122000296,37,430,-393
122000297,2498,1673,825
122000299,259,366,-107
122000300,382,390,-8
122000301,11887,2205,9682
122000302,925,653,272
122000303,3611,1003,2608
122000304,50,125,-75
122000305,520,174,346
122000306,11,757,-746
122000307,74,82,-8
122000309,49,51,-2
122000310,23,13,10
122000311,72,47,25
122000312,113,35,78
122000313,32,28,4
122000314,78,185,-107
122000315,224,10,214
122000316,281,165,116
122000317,653,159,494
122000318,206,399,-193
122000319,313,466,-153
122000320,292,2096,-1804
122000321,64,255,-191
122000322,2402,1839,563
122000323,1261,1204,57
122000324,1237,1230,7
122000325,741,734,7
122000326,12,126,-114
122000327,192,388,-196
122000328,831,605,226
122000330,1353,456,897
122000332,178,269,-91
122000333,4,158,-154
122000337,471,1393,-922
122000338,168,366,-198
122000340,393,230,163
122000342,2212,793,1419
122000343,346,1342,-996
122000344,27,23,4
122000345,24,60,-36
122000346,210,433,-223
122000348,235,679,-444
122000349,73,461,-388
122000351,103,177,-74
122000352,158,66,92
122000353,31,84,-53
122000355,81,106,-25
122000356,1366,640,726
122000357,26,11,15
122000358,0,59,-59
122000359,0,32,-32
122000360,1,43,-42
122000362,11,82,-71
122000364,73,347,-274
122000365,0,23,-23
122000366,3,5,-2
122000368,360,737,-377
122000370,9,44,-35
122000371,4,0,4
122000372,3,0,3
122000381,48,292,-244
122000382,44,191,-147
122000384,3438,1683,1755
122000385,10,0,10
122000386,457,654,-197
122000387,285,384,-99
122000388,1197,235,962
122000389,154,630,-476
122000390,229,168,61
122000391,247,77,170
122000392,119,174,-55
122000393,13,152,-139
122000394,276,276,0
122000395,53,164,-111
122000396,218,77,141
122000397,30,60,-30
122000398,3,61,-58
122000399,57,59,-2
122000400,167,200,-33
122000401,86,112,-26
122000402,136,81,55
122000403,311,978,-667
122000404,65,343,-278
122000408,782,924,-142
122000503,6,63,-57
122000524,159,82,77
122000544,22,1683,-1661
122000616,584,3,581
122000640,28,198,-170
122000641,28,427,-399
122000642,743,1139,-396
122000643,13,57,-44
122000644,130,20,110
122000645,88,155,-67
122000651,1496,468,1028
122000664,95,16,79
122000665,772,553,219
122000666,415,818,-403
122000673,9,352,-343
122000674,71,38,33
122000675,888,1023,-135
122000686,175,1119,-944
122000687,534,340,194
122000688,106,746,-640
122000689,315,545,-230
122000690,480,602,-122
122000691,261,2476,-2215
122000692,518,260,258
122000693,253,1387,-1134
122000695,89,460,-371
122000696,100,317,-217
122000698,92,910,-818
122000699,98,35,63
122000701,786,309,477
122000702,410,2166,-1756
122000703,81,41,40
122000712,0,0,0
122000717,206,57,149
122000718,413,371,42
122000719,45,47,-2
122000720,136,249,-113
122000724,156,212,-56
122900001,16,1,15
122900002,993,1711,-718
122900003,169,15,154
122900004,506,10,496
122900005,19,29,-10
122900006,454,192,262
122900007,107,18,89
122900008,467,67,400
122900009,440,196,244
122900010,157,125,32
122900012,180,271,-91
122900014,74,240,-166
122900015,1749,262,1487
122900016,69,279,-210
122900017,258,539,-281
122900018,138,6,132
122900019,2,121,-119
122900020,304,254,50
122900021,15,510,-495
122900022,241,845,-604
122900023,163,300,-137
122900024,67,63,4
122900025,18,115,-97
122900026,89,242,-153
122900027,38,554,-516
122900028,66,127,-61
122900029,3609,1696,1913
122900030,1001,346,655
122900031,45,123,-78
122900032,69,173,-104
122900033,110,185,-75
122900034,2802,3451,-649
122900035,28,15,13
122900036,14,121,-107
122900037,203,75,128
122900038,62,1267,-1205
122900039,68,347,-279
122900040,171,290,-119
122900041,156,188,-32
122900042,92,264,-172
122900043,233,160,73
122900044,66,252,-186
122900045,85,86,-1
122900046,83,86,-3
122900047,273,108,165
122900048,42,177,-135
122900049,1276,100,1176
122900051,64,62,2
122900052,46,109,-63
122900053,22,7,15
122900055,187,91,96
122900057,191,23,168
122900061,249,110,139
122900062,202,269,-67
122900063,124,311,-187
122900064,791,460,331
122900065,248,105,143
122900066,245,172,73
122900067,1335,579,756
122900068,27,77,-50
122900069,131,915,-784
122900070,178,29,149
122900071,82,359,-277
122900072,14,637,-623
122900073,39,256,-217
122900074,121,606,-485
122900075,0,37,-37
122900076,9,160,-151
122900077,1,147,-146
122900078,30,122,-92
122900080,53,7,46
122900081,75,97,-22
122900082,501,156,345
122900083,160,75,85
122900084,1,212,-211
122900086,0,15,-15
122900087,58,480,-422
122900088,46,73,-27
122900089,1,150,-149
122900090,5,553,-548
122900091,80,0,80
122900092,0,287,-287
122900093,1,348,-347
122900094,1,189,-188
122900095,64,0,64
122900096,54,163,-109
122900097,18,4,14
122900098,76,87,-11
122900099,26,4,22
122900100,282,151,131
122900101,527,158,369
122900102,11,8,3
122900103,34,4,30
122900104,41,16,25
122900105,3,2,1
122900106,1,72,-71
122900107,2,168,-166
122900108,2,207,-205
123000001,1615,270,1345
123000002,5171,2071,3100
123000003,3254,2090,1164
123000004,3228,4262,-1034
123000005,2099,1870,229
123000006,2528,2676,-148
123000007,2278,2073,205
123000008,2046,3514,-1468
123000009,3419,2514,905
123000010,2890,3856,-966
123000011,2788,698,2090
123000012,939,2182,-1243
123000013,2571,773,1798
123000014,1213,3602,-2389
123000015,3581,607,2974
123000016,5426,2152,3274
123000017,2981,1064,1917
123000018,41,84,-43
123000019,80,314,-234
123000020,83,92,-9
123000021,49,158,-109
123000022,340,1178,-838
123000023,1055,971,84
123000024,719,392,327
123000025,69,82,-13
123000026,12,96,-84
123000027,385,296,89
123000028,590,220,370
123000029,837,294,543
123000030,131,590,-459
123000031,45,330,-285
123000032,139,267,-128
123000033,150,68,82
123000034,583,466,117
123000035,130,232,-102
123000036,156,401,-245
123000037,159,208,-49
123000038,71,236,-165
123000039,458,606,-148
123000040,1099,251,848
123000041,866,430,436
123000042,861,365,496
123000043,3246,3745,-499
123000044,5498,1644,3854
123000045,8961,1287,7674
123000046,713,545,168
123000047,2004,1019,985
123000048,67,354,-287
123000049,6456,3205,3251
123000050,513,814,-301
123000051,76,142,-66
123000052,373,1904,-1531
123000053,1753,2540,-787
123000054,707,858,-151
123000055,493,814,-321
123000056,972,1420,-448
123000057,15500,4161,11339
123000058,483,496,-13
123000059,296,364,-68
123000060,456,208,248
123000061,102,609,-507
123000063,558,549,9
123000064,553,151,402
123000065,5766,2684,3082
123000066,895,638,257
123000067,316,551,-235
123000068,2344,2847,-503
123000069,7486,3243,4243
123000070,251,703,-452
123000071,429,972,-543
123000072,612,1319,-707
123000073,604,714,-110
123000074,608,2029,-1421
123000075,246,646,-400
123000076,327,1046,-719
123000077,1854,3473,-1619
123000078,860,1523,-663
123000079,749,1692,-943
123000080,1529,2475,-946
123000081,169,629,-460
123000082,319,1017,-698
123000083,701,118,583
123000084,305,701,-396
123000085,73,101,-28
123000086,180,438,-258
123000087,87,490,-403
123000088,611,1151,-540
123000089,340,1190,-850
123000090,858,1035,-177
123000091,1213,1185,28
123000092,1009,998,11
123000094,240,218,22
123000095,208,415,-207
123000096,252,356,-104
123000097,269,1145,-876
123000098,402,454,-52
123000099,444,926,-482
123000100,321,423,-102
123000101,503,336,167
123000102,529,467,62
123000104,240,272,-32
123000105,459,497,-38
123000106,402,259,143
123000107,427,493,-66
123000108,739,1140,-401
123000111,368,192,176
123000112,458,398,60
123000113,449,1578,-1129
123000114,279,286,-7
123000115,112,235,-123
123000116,25,121,-96
123000117,959,1841,-882
123000118,282,819,-537
123000119,175,934,-759
123000120,315,779,-464
123000121,337,576,-239
123000122,339,265,74
123000123,342,544,-202
123000124,595,523,72
123000125,1002,610,392
123000126,1718,1783,-65
123000127,1259,801,458
123000128,207,399,-192
123000129,313,137,176
123000130,324,38,286
123000131,519,385,134
123000132,279,480,-201
123000133,272,319,-47
123000134,432,142,290
123000135,844,976,-132
123000136,132,1259,-1127
123000137,88,375,-287
123000138,42,442,-400
123000139,233,88,145
123000140,104,614,-510
123000141,545,48,497
123000142,860,857,3
123000143,1017,2486,-1469
123000144,28,11,17
123000145,205,130,75
123000146,38,119,-81
123000147,70,87,-17
123000149,178,240,-62
123000150,98,174,-76
123000151,220,356,-136
123000152,29,261,-232
123000153,104,304,-200
123000154,1509,1155,354
123000155,1888,669,1219
123000156,39,55,-16
123000157,351,783,-432
123000158,570,417,153
123000159,2261,1256,1005
123000160,368,354,14
123000161,844,590,254
123000162,312,969,-657
123000163,161,32,129
123000164,583,240,343
123000165,255,1791,-1536
123000166,18,137,-119
123000167,62,284,-222
123000168,119,282,-163
123000169,328,91,237
123000170,35,294,-259
123000171,183,57,126
123000172,103,599,-496
123000173,347,124,223
123000174,525,158,367
123000175,778,1114,-336
123000176,360,47,313
123000177,211,906,-695
123000178,456,87,369
123000179,34,715,-681
123000180,914,270,644
123000181,256,1330,-1074
123000182,55,330,-275
123000183,111,210,-99
123000184,58,659,-601
123000185,171,402,-231
123000186,5,598,-593
123000187,229,3,226
123000188,119,1,118
123000189,110,163,-53
123000190,25,32,-7
123000192,17,285,-268
123000193,37,470,-433
123000194,452,206,246
123000195,153,13,140
123000196,141,4,137
123000197,19,86,-67
123000198,12,206,-194
123000199,12,494,-482
123000200,294,9,285
123000201,460,18,442
123000202,18,1159,-1141
123000203,492,44,448
123000204,70,1132,-1062
123000205,404,1908,-1504
123000206,1085,114,971
123000207,51,940,-889
123000208,190,85,105
123000209,1224,247,977
123000210,335,1474,-1139
123000211,398,2404,-2006
123000212,1285,296,989
123000213,274,23,251
123000215,157,101,56
123000216,153,297,-144
123000217,107,33,74
123000218,87,286,-199
123000219,882,38,844
123000220,362,53,309
123000221,92,130,-38
123000222,187,474,-287
123000223,96,502,-406
123000224,200,570,-370
123000225,182,96,86
123000226,71,307,-236
123000227,24,346,-322
123000228,144,71,73
123000229,993,1721,-728
123000232,74,517,-443
123000233,361,150,211
123000234,100,643,-543
123000235,268,282,-14
123000236,101,761,-660
123000237,148,42,106
123000238,37,613,-576
123000239,320,1837,-1517
123000240,37,235,-198
123000241,639,98,541
123000242,51,171,-120
123000243,376,1053,-677
123000244,522,400,122
123000245,59,132,-73
123000249,353,593,-240
123000252,409,123,286
123000253,418,299,119
123000254,282,929,-647
123000255,470,538,-68
123000256,30,166,-136
123000257,2636,1964,672
123000258,612,909,-297
123000259,132,339,-207
123000260,283,528,-245
123000261,79,161,-82
123000262,48,240,-192
123000263,222,111,111
123000264,165,53,112
123000265,37,155,-118
123000266,325,570,-245
123000267,190,202,-12
123000268,21,67,-46
123000269,13,40,-27
123000270,28,17,11
123000271,33,77,-44
123000272,664,192,472
123000273,154,348,-194
123000274,1023,300,723
123000275,170,958,-788
123000278,2593,2231,362
123000279,26,56,-30
123000280,232,254,-22
123000281,148,56,92
123000282,42,204,-162
123000283,96,37,59
123000284,16,131,-115
123000286,188,195,-7
123000287,405,151,254
123000288,663,342,321
123000289,311,510,-199
123000291,240,765,-525
123000294,210,226,-16
123000295,673,1011,-338
123000296,194,494,-300
123000297,219,967,-748
123000298,254,669,-415
123000299,26,278,-252
123000300,494,432,62
123000301,49,119,-70
123000302,38,225,-187
123000303,47,94,-47
123000305,739,710,29
123000306,37,228,-191
123000309,29,72,-43
123000310,40,18,22
123000311,0,123,-123
123000312,665,887,-222
123000313,122,245,-123
123000315,77,348,-271
123000316,1433,101,1332
123000317,205,56,149
123000318,26,281,-255
123000329,4,12,-8
123000337,201,194,7
123000338,406,83,323
123000339,73,183,-110
123000340,80,284,-204
123000342,6,172,-166
123000343,43,2,41
123000344,1023,367,656
123000345,272,507,-235
123000346,191,80,111
123000352,1793,619,1174
123000353,18,119,-101
123000354,118,6,112
123000355,0,381,-381
123000356,104,6,98
123000357,1,233,-232
123000359,2,210,-208
123000360,131,21,110
123000361,515,197,318
123000362,141,143,-2
123000363,62,162,-100
123000364,345,211,134
123000365,12,206,-194
123000366,238,1093,-855
123000367,168,964,-796
123000370,40,240,-200
123000371,110,24,86
123000372,115,8,107
123000373,6,332,-326
123000374,3,191,-188
123000375,124,5,119
123000376,560,447,113
123000377,152,7,145
123000378,4,388,-384
123000379,1,211,-210
123000380,39,137,-98
123000381,147,32,115
123000382,1014,25,989
123000383,218,624,-406
123000384,382,92,290
123000385,334,722,-388
123000436,39,596,-557
123000507,147,300,-153
123000508,176,402,-226
123000517,263,17,246
123000518,28,264,-236
123000519,105,83,22
123000520,49,216,-167
123000521,188,81,107
123000522,138,559,-421
123000541,1,0,1
123000542,0,25,-25
123000565,259,13,246
123000566,70,871,-801
123000567,122,233,-111
123000573,26,880,-854
123000574,231,65,166
123000575,947,1208,-261
123000576,439,1738,-1299
123000577,73,518,-445
123000578,562,46,516
123000579,5619,2312,3307
123000580,80,10,70
123000582,148,27,121
123000583,11,423,-412
123000584,143,198,-55
123000585,0,111,-111
123000586,68,0,68
123000596,77,98,-21
123000597,57,75,-18
123000602,20,2,18
123000603,220,753,-533
123000604,283,1104,-821
123000605,678,122,556
123000606,0,219,-219
123000609,17,246,-229
123000610,123,45,78
123000613,26,147,-121
123000614,116,41,75
123000615,31,267,-236
123000616,187,21,166
123000617,61,425,-364
123000618,91,538,-447
123000619,403,14,389
123000620,2,438,-436
123000622,205,7,198
123000624,91,60,31
123000630,429,298,131
123000631,144,2055,-1911
123000632,956,1192,-236
123000633,0,170,-170
123000634,67,60,7
123000635,217,73,144
123000636,11,516,-505
123000637,111,47,64
123000638,270,117,153
123000639,948,1844,-896
123000640,34,1005,-971
123000648,109,54,55
123000649,27,677,-650
123900001,1218,42,1176
123900002,6,813,-807
123900003,275,605,-330
123900005,114,77,37
123900006,163,21,142
124000001,1085,81,1004
124000002,81,1642,-1561
124000003,319,89,230
124000004,59,653,-594
124000005,503,175,328
124000006,207,1369,-1162
124000007,442,57,385
124000008,14,445,-431
124000009,248,229,19
124000010,77,604,-527
124000011,629,250,379
124000012,195,949,-754
124000017,63,71,-8
124000018,81,105,-24
124000019,75,90,-15
124000020,59,200,-141
124000021,66,64,2
124000022,75,230,-155
124000023,868,950,-82
124000024,921,620,301
124000025,779,846,-67
124000026,889,907,-18
124000027,4560,2896,1664
124000028,2614,3426,-812
124000030,3127,1079,2048
124000031,607,979,-372
124000032,5495,986,4509
124000033,472,268,204
124000034,1765,1129,636
124000035,136,82,54
124000036,100,613,-513
124000037,146,362,-216
124000038,29,95,-66
124000039,824,226,598
124000040,606,555,51
124000041,154,64,90
124000042,38,287,-249
124000043,33,66,-33
124000044,39,285,-246
124000045,339,378,-39
124000046,147,726,-579
124000047,617,690,-73
124000048,439,1776,-1337
124000049,778,467,311
124000050,371,2373,-2002
124000051,269,383,-114
124000052,398,1300,-902
124000053,292,695,-403
124000054,651,626,25
124000055,893,1077,-184
124000056,3469,1403,2066
124000057,539,324,215
124000058,302,1506,-1204
124000059,353,476,-123
124000060,823,890,-67
124000061,1084,2378,-1294
124000062,8377,1805,6572
124000063,1185,1590,-405
124000064,2326,1671,655
124000065,179,239,-60
124000066,280,40,240
124000067,85,204,-119
124000068,21,124,-103
124000069,311,259,52
124000070,105,538,-433
124000071,79,65,14
124000072,140,486,-346
124000073,440,83,357
124000074,213,747,-534
124000075,82,35,47
124000076,3,177,-174
124000077,1537,586,951
124000078,1515,492,1023
124000079,440,771,-331
124000080,168,106,62
124000081,116,764,-648
124000082,7,65,-58
124000083,24,156,-132
124000084,30,220,-190
124000085,72,37,35
124000086,40,73,-33
124000087,68,31,37
124000088,91,247,-156
124000089,296,338,-42
124000090,75,380,-305
124000091,263,135,128
124000092,85,696,-611
124000093,85,57,28
124000094,103,273,-170
124000095,25,37,-12
124000096,87,232,-145
124000097,65,55,10
124000098,52,129,-77
124000099,121,57,64
124000100,25,99,-74
124000101,21,96,-75
124000102,71,114,-43
124000103,52,57,-5
124000104,78,79,-1
124000105,34,37,-3
124000106,127,115,12
124000107,9,80,-71
124000108,76,44,32
124000109,92,33,59
124000110,152,104,48
124000111,119,94,25
124000112,352,573,-221
124000113,28,89,-61
124000114,169,577,-408
124000115,193,740,-547
124000116,63,82,-19
124000117,98,65,33
124000118,18,47,-29
124000119,625,484,141
124000120,290,474,-184
124000121,2357,579,1778
124000122,497,955,-458
124000123,595,276,319
124000124,442,731,-289
124000125,258,277,-19
124000126,253,403,-150
124000127,569,300,269
124000128,422,752,-330
124000129,1271,971,300
124000130,573,463,110
124000131,671,369,302
124000132,657,631,26
124000133,601,601,0
124000134,473,508,-35
124000135,1191,1101,90
124000136,752,866,-114
124000137,765,430,335
124000138,936,805,131
124000139,272,20,252
124000140,13,368,-355
124000141,184,15,169
124000142,30,363,-333
124000143,28,4,24
124000144,1,188,-187
124000145,36,18,18
124000146,8,145,-137
124000148,11,25,-14
124000149,550,231,319
124000150,300,487,-187
124000151,395,176,219
124000152,522,935,-413
124000153,440,336,104
124000154,444,647,-203
124000155,794,456,338
124000156,1185,836,349
124000169,126,207,-81
124000170,592,367,225
124000171,124,165,-41
124000172,244,539,-295
124000173,161,220,-59
124000174,200,671,-471
124000175,6,116,-110
124000176,13,2,11
124000177,10,42,-32
124000178,8,20,-12
124000190,162,23,139
124000191,481,47,434
124000192,2378,247,2131
124000193,375,1220,-845
124000194,337,434,-97
124000195,188,437,-249
124000196,795,1120,-325
124000197,32,36,-4
124000198,23,24,-1
124000201,208,927,-719
124000202,285,87,198
124000203,72,947,-875
124000204,287,572,-285
124000205,24,684,-660
124000206,199,427,-228
124000207,0,45,-45
124000209,159,692,-533
124000210,120,161,-41
124000211,124,1,123
124000212,2,543,-541
124000213,118,381,-263
124000214,129,793,-664
124000215,99,12,87
124000216,3,594,-591
124000329,63,2349,-2286
124000338,18,1383,-1365
124000339,214,97,117
124000341,384,51,333
124000344,12,0,12
124000357,581,1422,-841
124000358,563,955,-392
124000359,630,403,227
124000360,269,331,-62
124000361,1040,655,385
124000362,1818,2528,-710
124000363,220,418,-198
124000364,476,870,-394
124000365,596,1137,-541
124000366,1896,813,1083
124000367,97,642,-545
124000368,146,147,-1
124000369,96,62,34
124000370,98,829,-731
124000402,7,5,2
124000403,36,10,26
124000404,5,93,-88
124000405,607,524,83
124000406,635,600,35
124000407,1,23,-22
124000411,3,365,-362
124000412,146,7,139
124000413,255,36,219
124000414,38,100,-62
124000415,35,184,-149
124000416,78,388,-310
124000417,101,92,9
124000418,60,94,-34
124000419,72,190,-118
124000420,21,54,-33
124000421,11,360,-349
124000422,13,5,8
124000423,58,25,33
124000424,8,203,-195
124000425,34,7,27
124000426,4,311,-307
124000427,32,13,19
124000428,15,49,-34
124000429,12,58,-46
124000430,328,529,-201
124000431,153,528,-375
124000432,85,703,-618
124000439,2,4,-2
124000443,0,3,-3
124000445,197,614,-417
124000446,2701,87,2614
124000447,1,51,-50
124900001,259,257,2
124900002,87,473,-386
124900003,493,505,-12
124900004,261,352,-91
124900005,162,178,-16
124900006,362,342,20
124900008,843,307,536
124900009,74,111,-37
124900010,78,23,55
124900011,225,111,114
124900012,234,60,174
124900013,197,80,117
124900014,93,66,27
124900015,68,116,-48
124900016,35,40,-5
124900017,423,250,173
124900018,14,1,13
124900020,20,25,-5
124900021,91,28,63
124900022,26,11,15
124900024,153,9,144
124900026,84,32,52
124900027,34,230,-196
124900028,395,115,280
124900029,5,261,-256
124900030,2,81,-79
124900031,10,279,-269
124900032,173,122,51
124900033,37,331,-294
124900034,1,86,-85
124900035,76,336,-260
124900036,0,30,-30
124900037,98,306,-208
124900038,247,368,-121
124900039,0,27,-27
124900040,30,62,-32
124900041,179,1300,-1121
124900042,41,1,40
124900043,323,1158,-835
124900044,24,1,23
124900045,469,867,-398
124900047,88,103,-15
124900048,92,147,-55
124900050,103,273,-170
124900052,85,308,-223
124900053,32,363,-331
124900054,2594,247,2347
124900055,1,88,-87
124900057,6,75,-69
124900060,39,202,-163
124900061,42,8,34
124900062,36,9,27
124900066,0,13,-13
124900067,4,144,-140
124900068,143,154,-11
124900070,27,14,13
124900072,36,17,19
124900075,84,214,-130
124900076,14,402,-388
124900077,20,80,-60
124900078,36,10,26
124900079,509,37,472
124900080,166,773,-607
124900081,490,189,301
124900082,288,1062,-774
124900083,155,489,-334
124900085,951,176,775
124900086,38,698,-660
124900087,546,48,498
124900088,567,104,463
124900089,1254,20,1234
124900090,178,130,48
124900091,137,566,-429
124900092,112,399,-287
124900093,111,142,-31
124900094,150,140,10
124900095,51,255,-204
124900096,316,96,220
124900097,157,33,124
124900098,89,374,-285
124900099,504,289,215
124900100,101,26,75
124900101,9,287,-278
124900102,94,13,81
124900103,53,333,-280
124900104,39,187,-148
124900105,46,135,-89
124900106,154,22,132
124900107,25,5,20
124900108,93,23,70
124900111,0,51,-51
124900112,23,671,-648
124900113,61,98,-37
124900114,143,53,90
124900115,22,22,0
124900116,53,100,-47
124900117,584,88,496
124900118,107,128,-21
124900119,156,80,76
124900120,20,328,-308
124900121,101,126,-25
124900122,506,167,339
124900123,386,34,352
124900124,95,160,-65
204000001,37,13,24
204000002,7,15,-8
204000003,5,2,3
204000004,1,3,-2
204000005,334,329,5
204000006,697,919,-222
204000011,10,53,-43
204000012,37,96,-59
204000019,500,475,25
204000020,287,684,-397
204000021,1619,769,850
204000022,380,438,-58
204000023,349,1013,-664
204000031,67,20,47
204000032,403,33,370
204000034,14,263,-249
204000035,1,3,-2
204000036,5,15,-10
204000037,0,14,-14
204000038,0,20,-20
204000039,11,34,-23
204000040,4,50,-46
204000041,2,45,-43
204000042,19,15,4
204000043,10,2,8
204000044,4,2,2
204000045,13,4,9
204000046,2,2,0
204000057,4,14,-10
204000062,8,132,-124
204000068,19,152,-133
204000069,16,212,-196
204000070,25,58,-33
204000080,11,60,-49
204000085,1145,1445,-300
204000086,2747,1764,983
204000087,51,5,46
204000088,4,82,-78
204000090,10,414,-404
204000093,127,71,56
204000096,513,577,-64
204000097,166,19,147
204000099,722,1111,-389
204000100,777,802,-25
204000105,1560,1400,160
204000110,496,1046,-550
204000111,239,712,-473
204000112,387,898,-511
204000113,255,839,-584
204000114,348,331,17
204000115,301,266,35
204000116,351,488,-137
204000119,1292,1373,-81
204000132,308,142,166
204000133,396,208,188
204000134,111,88,23
204000135,229,75,154
204000136,264,194,70
204000138,144,178,-34
204000140,99,57,42
204000141,84,41,43
204000144,3,11,-8
204000145,377,31,346
204000146,25,423,-398
204000147,21,135,-114
204000148,164,30,134
204000154,0,1,-1
204000155,0,17,-17
204000177,53,72,-19
204000179,9,5,4
204000180,0,39,-39
204000222,1,7,-6
204000235,4,8,-4
204000236,63,277,-214
204000238,10,31,-21
204000240,254,72,182
204000263,424,1160,-736
204000268,714,441,273
204000308,146,25,121
204000317,10,62,-52
204000322,5,27,-22
204000323,9,3,6
204000328,126,76,50
204000329,110,130,-20
204000330,130,86,44
204000331,53,157,-104
205000001,899,1150,-251
205000013,13,57,-44
205000014,6,89,-83
205000015,20,165,-145
205000016,5,164,-159
205000017,23,81,-58
205000022,233,461,-228
205000025,1170,818,352
205000029,178,7,171
205000045,69,155,-86
205000046,51,458,-407
205000047,37,477,-440
205000048,172,1025,-853
205000049,136,646,-510
205000050,970,289,681
205000059,0,257,-257
205000060,1,74,-73
205000061,5,104,-99
205000062,3,76,-73
205000063,18,66,-48
205000064,11,99,-88
205000065,82,540,-458
205000066,78,743,-665
205000067,31,851,-820
205000069,166,14,152
205000082,69,198,-129
205000110,57,164,-107
205000111,128,236,-108
205000112,66,94,-28
205000113,123,190,-67
205000121,100,50,50
205000123,59,163,-104
205000126,289,106,183
205000127,547,154,393
205000128,346,65,281
205000129,378,84,294
205000130,216,40,176
205000131,359,10,349
205000132,336,1,335
205000133,304,4,300
205000134,124,0,124
205000137,86,118,-32
205000138,174,273,-99
205000139,21,73,-52
205000144,57,36,21
205000145,136,122,14
205000151,98,19,79
205000152,99,23,76
205000153,124,21,103
205000154,19,59,-40
205000155,43,8,35
205000207,4,158,-154
205000233,17,0,17
205000234,0,1,-1
205000243,0,0,0
205000244,0,4,-4
205000245,9,271,-262
205000249,3,44,-41
205000250,4,1,3
205000264,0,59,-59
206000027,8,7,1
206000028,6,2,4
206000043,8,101,-93
206000053,6,7,-1
206000054,3,28,-25
206000055,1,34,-33
206000075,11,5,6
206000076,19,14,5
206000077,6,7,-1
206000078,2,2,0
206000079,25,5,20
206000082,318,10,308
206000100,71,614,-543
206000103,3,21,-18
206000104,7,17,-10
206000105,6,33,-27
206000106,16,41,-25
206000125,48,0,48
206000157,66,713,-647
206000170,1,292,-291
206000171,4,243,-239
206000172,5,1460,-1455
206000173,1,458,-457
206000174,4,174,-170
206000175,1,255,-254
206000176,13,508,-495
206000177,2,332,-330
206000178,2,274,-272
206000179,2,115,-113
206000180,13,257,-244
206000181,17,434,-417
206000182,22,419,-397
206000183,18,1089,-1071
206000184,5,557,-552
206000185,3,522,-519
206000186,77,2241,-2164
206000223,8,465,-457
206000226,6,8,-2
206000227,22,2,20
206000237,28,494,-466
206000238,30,965,-935
206000239,556,3045,-2489
206000240,3,52,-49
206000241,1,143,-142
206000242,7,789,-782
206000243,15,677,-662
206000244,52,1199,-1147
206000245,231,37,194
206000246,37,5,32
206000247,53,19,34
206000248,142,16,126
206000252,34,10,24
206000258,12,33,-21
206000315,16,5,11
206000317,211,82,129
206000318,157,51,106
206000319,358,67,291
206000320,33,26,7
206000321,52,10,42
206000322,138,5,133
206000323,96,11,85
206000324,29,17,12
206000325,76,10,66
206000326,34,7,27
206000327,126,8,118
206000328,48,1,47
206000329,74,2,72
206000330,15,7,8
206000331,69,4,65
206000332,13,1,12
206000333,156,3,153
206000334,115,2,113
206000335,0,15,-15
206000361,3,185,-182
206000392,1,37,-36
206000405,107,0,107
206000441,14,12,2
206000498,37,6,31
206000515,66,9,57
206000530,105,33,72
206000531,105,43,62
206000532,2869,52,2817
206000535,442,2505,-2063
206000536,23,333,-310
206000537,7,200,-193
206000613,1113,137,976
206000784,324,13,311
207000001,105,418,-313
207000002,67,294,-227
207000003,90,205,-115
207000007,416,188,228
207000008,29,7,22
207000009,61,41,20
207000010,411,684,-273
207000012,153,129,24
207000015,401,2124,-1723
207000019,141,62,79
207000021,432,156,276
207000022,73,98,-25
207000023,118,36,82
207000024,1,6,-5
207000025,12,55,-43
207000026,85,23,62
207000027,6,63,-57
207000028,49,196,-147
207000029,233,420,-187
207000033,136,183,-47
207000034,144,56,88
207000039,171,86,85
207000040,114,122,-8
207000041,22,34,-12
207000042,108,49,59
207000043,111,179,-68
207000051,77,425,-348
207000052,5,259,-254
207000053,362,702,-340
207000054,27,145,-118
207000055,69,228,-159
207000056,177,516,-339
207000057,94,316,-222
207000058,76,536,-460
207000059,46,953,-907
207000060,45,353,-308
207000061,92,151,-59
207000062,115,42,73
207000063,129,135,-6
207000064,238,152,86
207000065,223,176,47
207000066,82,174,-92
207000067,31,99,-68
207000068,74,52,22
207000069,558,304,254
207000082,59,471,-412
207000083,59,517,-458
207000084,119,131,-12
207000085,102,17,85
207000086,86,3,83
207000106,34,20,14
207000107,29,19,10
207000108,27,5,22
207000109,28,10,18
207000110,45,41,4
207000111,48,57,-9
207000112,186,185,1
207000114,14,20,-6
207000115,8,66,-58
207000116,12,304,-292
207000117,2,110,-108
207000118,4,87,-83
207000119,23,95,-72
207000123,122,16,106
207000124,72,11,61
207000125,37,20,17
207000126,41,25,16
207000134,27,243,-216
207000135,14,425,-411
207000148,20,115,-95
207000149,71,29,42
207000152,119,315,-196
207000153,872,981,-109
207000154,476,127,349
207000159,61,408,-347
207000160,97,848,-751
207000238,0,91,-91
207000242,1,164,-163
207000248,30,18,12
207000249,118,55,63
207000250,624,58,566
207000251,59,40,19
207000252,19,63,-44
207000278,32,60,-28
207000279,6,298,-292
207000280,211,45,166
207000281,103,1485,-1382
207000282,138,27,111
207000283,139,226,-87
207000284,43,80,-37
207000285,147,42,105
207000291,6,96,-90
207000304,90,41,49
207000306,48,479,-431
207000310,25,46,-21
207000353,173,2,171
207000356,10,11,-1
207000357,3,6,-3
207000358,3,7,-4
207000415,4,170,-166
207000417,15,0,15
207000418,83,170,-87
207000438,0,5,-5
207000439,936,296,640
207000446,90,13,77
207000460,7,6,1
207000466,161,172,-11
207000467,68,57,11
207000468,25,670,-645
207000476,1,72,-71
207000477,276,106,170
207000478,1,12,-11
207000523,0,19,-19
207000524,36,0,36
207000527,106,115,-9
207000530,152,5,147
207000531,147,9,138
207000532,44,8,36
207000534,558,30,528
207000535,16,201,-185
207000537,26,96,-70
207000540,4,146,-142
207000541,4,264,-260
207000548,4,261,-257
207000549,96,7,89
207000561,50,85,-35
207000562,31,191,-160
207000567,123,304,-181
207000568,51,76,-25
207000569,111,966,-855
207000584,312,104,208
207000585,51,143,-92
207000587,32,20,12
207000616,1,223,-222
207000617,111,0,111
207000624,31,34,-3
207000631,1,50,-49
207900008,90,252,-162
208000001,279,583,-304
208000002,281,446,-165
208000003,589,548,41
208000004,782,590,192
208000005,17,13,4
208000019,309,659,-350
208000020,106,361,-255
208000021,131,555,-424
208000022,520,763,-243
208000028,952,640,312
208000033,369,643,-274
208000034,859,1444,-585
208000037,351,40,311
208000040,69,147,-78
208000041,658,395,263
208000042,535,437,98
208000047,51,321,-270
208000064,2071,1127,944
208000066,1237,711,526
208000070,207,347,-140
208000071,257,693,-436
208000072,239,1212,-973
208000080,206,353,-147
208000081,141,209,-68
208000082,197,308,-111
208000083,93,427,-334
208000084,18,6,12
208000085,774,551,223
208000086,391,761,-370
208000087,174,643,-469
208000089,610,591,19
208000090,494,1016,-522
208000093,46,79,-33
208000094,280,528,-248
208000095,399,324,75
208000104,671,767,-96
208000105,344,1069,-725
208000114,27,133,-106
208000115,375,297,78
208000116,183,783,-600
208000117,63,103,-40
208000118,62,86,-24
208000155,397,761,-364
208000158,1367,2389,-1022
208000186,2759,1888,871
208000204,314,847,-533
208000205,740,1176,-436
208000282,3231,1419,1812
209000004,98,119,-21
209000005,19,28,-9
209000006,521,95,426
209000007,214,186,28
209000010,514,125,389
209000011,131,163,-32
209000012,69,187,-118
209000013,139,555,-416
209000014,660,1461,-801
209000025,159,32,127
209000026,389,59,330
209000027,231,952,-721
209000028,163,884,-721
209000029,515,807,-292
209000030,434,1541,-1107
209000031,3489,2642,847
209000034,132,161,-29
209000035,124,132,-8
209000036,121,77,44
209000037,171,155,16
209000038,61,161,-100
209000039,28,133,-105
209000040,145,397,-252
209000041,113,353,-240
209000042,164,321,-157
209000043,464,467,-3
209000044,157,454,-297
209000045,853,353,500
209000046,300,379,-79
209000047,201,195,6
209000048,258,194,64
209000049,83,195,-112
209000050,165,252,-87
209000051,278,430,-152
209000052,148,394,-246
209000062,39,202,-163
209000063,22,172,-150
209000064,21,204,-183
209000065,30,28,2
209000066,27,30,-3
209000067,44,69,-25
209000080,18,141,-123
209000082,46,36,10
209000091,40,93,-53
209000093,105,59,46
209000094,160,181,-21
209000110,21,60,-39
209000111,260,822,-562
209000112,452,409,43
209000113,950,325,625
209000114,185,244,-59
209000115,95,194,-99
209000116,858,593,265
209000118,24,30,-6
209000119,37,25,12
209000121,163,644,-481
209000135,40,71,-31
209000142,496,657,-161
209000143,91,54,37
209000144,54,86,-32
209000229,136,161,-25
209000240,22,411,-389
209000259,110,135,-25
209000260,32,824,-792
209000261,6,480,-474
209000262,4,372,-368
209000263,0,104,-104
209000264,0,35,-35
209000265,264,0,264
209000266,43,0,43
209000267,362,4,358
209000268,297,25,272
210000037,51,14,37
210000047,35,16,19
210000048,33,19,14
210000049,62,24,38
210000052,19,134,-115
210000053,12,74,-62
210000054,47,81,-34
210000070,43,3,40
210000071,24,0,24
210000072,17,1,16
210000073,2,21,-19
210000074,0,94,-94
210000075,1,55,-54
210000076,7,93,-86
210000077,23,28,-5
210000078,26,39,-13
210000079,33,7,26
210000080,95,29,66
210000081,112,5,107
210000082,56,0,56
210000083,73,0,73
210000084,35,0,35
210000085,0,92,-92
210000086,9,110,-101
210000099,21,194,-173
210000100,29,228,-199
210000101,57,191,-134
210000105,39,206,-167
210000159,1,118,-117
210000163,157,198,-41
210000164,369,129,240
210000168,136,19,117
210000187,0,8,-8
210000188,0,19,-19
210000214,19,0,19
210000219,30,53,-23
210000220,28,104,-76
210000232,4,21,-17
210000233,19,49,-30
210000234,28,115,-87
210000235,31,123,-92
210000245,2,28,-26
210000246,20,0,20
210000258,8,80,-72
210000259,161,13,148
210000282,53,144,-91
210000285,0,77,-77
210000286,4,129,-125
210000290,1,9,-8
210000295,22,157,-135
210000296,43,60,-17
210000320,96,164,-68
210000321,72,55,17
210000338,63,85,-22
210000339,427,842,-415
210000340,84,228,-144
210000341,110,234,-124
210000342,127,195,-68
210000343,147,161,-14
210000344,205,95,110
210000345,165,151,14
210000346,87,97,-10
210000347,124,27,97
210000348,118,20,98
210000349,89,26,63
210000350,105,58,47
210000351,89,116,-27
210000352,56,111,-55
210000353,62,128,-66
210000354,55,135,-80
210000355,36,92,-56
210000356,69,45,24
210000357,52,70,-18
210000358,344,113,231
210000359,136,39,97
210000360,109,99,10
210000361,121,117,4
210000362,163,149,14
210000363,747,113,634
210000364,79,89,-10
210000365,66,24,42
210000366,70,40,30
210000367,51,31,20
210000368,105,13,92
210000369,11,27,-16
210000370,51,66,-15
210000372,27,41,-14
210000373,118,9,109
210000374,42,32,10
210000375,30,102,-72
210000376,62,142,-80
210000404,85,116,-31
210000439,49,32,17
210000472,97,4,93
210000482,69,54,15
210000564,500,136,364
210000567,1,9,-8
210000568,576,2,574
211000092,20,52,-32
211000094,10,12,-2
211000169,202,4,198
211000172,4,192,-188
211000209,2,11,-9
211000226,10,30,-20
211000270,8,11,-3
211000275,19,19,0
211000276,44,53,-9
211000279,6,50,-44
211000281,26,80,-54
211000302,6,45,-39
211507980,0,17,-17
211977296,19,6,13
212000003,137,51,86
212000004,57,21,36
212000005,21,11,10
212000006,13,68,-55
212000008,109,192,-83
212000009,14,162,-148
212000012,38,74,-36
212000013,10,50,-40
212000014,148,152,-4
212000015,239,210,29
212000016,333,552,-219
212000027,288,453,-165
212000028,185,392,-207
212000029,105,250,-145
212000030,10,25,-15
212000031,40,98,-58
212000048,17,91,-74
212000049,7,48,-41
212000050,12,3,9
212000051,118,209,-91
212000052,132,405,-273
212000053,263,513,-250
212000054,87,110,-23
212000055,167,263,-96
212000056,6,41,-35
212000057,8,23,-15
212000058,350,31,319
212000070,77,276,-199
212000077,69,571,-502
212000099,169,200,-31
212000108,177,186,-9
212000111,107,137,-30
212000120,121,110,11
212000138,89,22,67
212000156,5,95,-90
212000158,6,8,-2
212000159,213,46,167
212000160,342,214,128
212000161,29,10,19
212000310,24,14,10
212000311,8,84,-76
212000374,10,7,3
213000001,28,622,-594
213000005,162,106,56
213000006,829,132,697
213000007,56,17,39
213000009,473,190,283
213000010,119,167,-48
213000011,145,67,78
213000012,111,381,-270
213000014,28,0,28
213000015,107,3,104
213000016,151,0,151
213000017,19,0,19
213000018,1,174,-173
213000019,1,138,-137
213000020,68,316,-248
213000021,4,108,-104
213000023,131,194,-63
213000033,234,687,-453
213000034,443,271,172
213000035,79,205,-126
213000045,95,236,-141
213000046,113,159,-46
213000047,444,650,-206
213000056,51,15,36
213000069,44,10,34
213000073,0,17,-17
213000074,201,520,-319
213000075,329,8,321
213000076,22,0,22
213000085,5,31,-26
213000086,12,214,-202
213000091,83,7,76
213000092,21,9,12
213000099,129,839,-710
213000100,991,173,818
213000101,163,117,46
213000102,147,405,-258
213000103,572,758,-186
213000104,44,466,-422
213000105,3,93,-90
213000106,10,200,-190
213000107,111,704,-593
213000108,15,589,-574
213000109,1,306,-305
213000110,9,53,-44
213000111,7,46,-39
213000112,146,127,19
213000115,9,1,8
213000116,127,771,-644
213000117,1,1094,-1093
213000118,198,255,-57
213000119,48,892,-844
213000120,103,846,-743
213000122,209,882,-673
213000123,644,1710,-1066
213000124,46,1439,-1393
213000125,119,18,101
213000126,31,55,-24
213000127,165,122,43
213000128,645,578,67
213000129,499,280,219
213000130,176,154,22
213000132,154,59,95
213000133,185,64,121
213000134,435,11,424
213000136,264,9,255
213000137,299,59,240
213000139,389,11,378
213000147,30,4,26
213000148,25,1,24
213000149,15,7,8
213000150,0,74,-74
213000151,0,72,-72
213000152,3,60,-57
213000153,2,39,-37
213000154,9,217,-208
213000155,20,352,-332
213000156,92,616,-524
213000157,620,578,42
213000158,206,669,-463
213000159,329,579,-250
213000163,236,83,153
213000165,508,139,369
213000171,1,148,-147
213000172,1,350,-349
213000173,1,297,-296
213000174,1,190,-189
213000175,6,149,-143
213000176,7,18,-11
213000177,13,2,11
213000178,46,1,45
213000179,77,0,77
213000180,38,1,37
213000184,46,426,-380
213000188,111,54,57
213000189,130,23,107
213000190,557,636,-79
213000191,111,505,-394
213000192,97,614,-517
213000193,1583,176,1407
213000194,4,25,-21
213000195,15,477,-462
213000196,154,791,-637
213000197,213,305,-92
213000198,39,1,38
213000200,96,1029,-933
213000201,103,30,73
213000202,14,930,-916
213000203,2868,294,2574
213000204,474,33,441
213000205,103,51,52
213000206,196,41,155
213000207,54,11,43
213000208,136,2,134
213000209,82,1,81
213000210,350,1,349
213000211,0,3,-3
213000212,7,21,-14
213000213,8,15,-7
213000218,124,947,-823
213000219,288,12,276
213000220,295,6,289
213000223,199,97,102
213000224,39,16,23
213000225,20,3,17
213000226,20,2,18
213000227,405,170,235
213000228,149,56,93
213000229,367,34,333
213000230,214,23,191
213000232,74,509,-435
213000233,10,24,-14
213000234,16,21,-5
213000293,19,53,-34
213000294,103,12,91
213000295,6,73,-67
213000296,60,8,52
213000297,7,70,-63
213000298,7,101,-94
213000299,35,39,-4
213000300,12,3,9
213000303,4,25,-21
213000304,2,9,-7
213000305,3,5,-2
213000306,49,21,28
213000307,215,49,166
213000308,97,296,-199
213000309,156,53,103
213000310,120,67,53
213000311,313,592,-279
213000315,63,149,-86
213000316,43,41,2
213000322,58,134,-76
213000323,25,69,-44
213000324,17,25,-8
213000325,4,104,-100
213000326,10,12,-2
213000327,6,45,-39
213000328,13,78,-65
213000329,26,29,-3
213000340,94,963,-869
213000341,166,71,95
213000346,100,82,18
213000347,801,125,676
213000348,7,260,-253
213000349,69,18,51
213000350,229,1527,-1298
213000366,30,284,-254
213000367,102,35,67
213000379,83,259,-176
213000386,2,229,-227
213000406,88,381,-293
213000417,739,307,432
213000425,58,47,11
213000426,32,79,-47
213000427,17,374,-357
213000428,28,212,-184
213000429,2,1,1
213000430,86,884,-798
213000431,23,2,21
213000432,1,12,-11
213000433,11,113,-102
213000434,42,88,-46
213000435,57,70,-13
213000436,9,67,-58
213000437,0,8,-8
213000438,58,48,10
213000439,17,8,9
213000440,19,160,-141
213000441,0,2,-2
213000442,0,37,-37
213000443,313,335,-22
213000444,31,51,-20
213000445,0,101,-101
213000446,1,7,-6
213000447,0,18,-18
213000448,2,35,-33
213000449,100,0,100
213000450,1,42,-41
213000451,56,85,-29
213000452,4,23,-19
213000453,39,296,-257
213000455,253,2,251
213000456,2,154,-152
213000481,14,4,10
213000482,36,2,34
213000489,424,43,381
213000491,1,118,-117
213000492,211,1,210
213000493,0,81,-81
213000494,118,99,19
213000495,1,134,-133
213000496,171,234,-63
213000497,33,339,-306
213000498,58,242,-184
213000499,87,619,-532
213000500,234,74,160
213000501,50,21,29
213000502,102,50,52
213000503,1,71,-70
213000504,15,206,-191
213000505,7,13,-6
213000506,0,6,-6
213000507,1,112,-111
213900244,10,0,10
213900245,1,47,-46
218000003,34,13,21
218000004,44,11,33
218000005,17,28,-11
218000006,89,22,67
218000007,12,9,3
218000012,238,93,145
218000013,69,111,-42
218000014,373,304,69
218000019,726,418,308
218000020,213,372,-159
218000021,17,83,-66
218000022,4,41,-37
218000023,1,43,-42
218000024,1,16,-15
218000025,7,10,-3
218000026,2,37,-35
218000027,0,18,-18
218000028,4,8,-4
218000029,0,5,-5
218000030,7,21,-14
218000031,3,57,-54
218000032,0,28,-28
218000040,5,1,4
218000046,25,144,-119
218000047,3,240,-237
218000048,72,250,-178
218000049,75,162,-87
218000050,276,267,9
218000051,46,359,-313
218000052,3,125,-122
218000053,19,19,0
218000054,36,51,-15
218000055,11,22,-11
218000056,11,24,-13
218000057,6,23,-17
218000064,0,12,-12
218000065,39,55,-16
218000066,5,36,-31
218000067,19,98,-79
218000068,47,87,-40
218000069,90,151,-61
218000070,82,254,-172
218000071,124,204,-80
218000072,203,201,2
218000078,500,1329,-829
218000079,33,64,-31
218000080,49,64,-15
218000081,185,218,-33
218000082,22,133,-111
218000083,32,72,-40
218000084,60,225,-165
218000085,58,502,-444
218000086,19,157,-138
218000087,156,204,-48
218000090,7,81,-74
218000091,685,427,258
218000092,43,157,-114
218000093,83,88,-5
218000094,448,852,-404
218000099,216,347,-131
218000100,135,215,-80
218000101,90,105,-15
218000102,136,283,-147
218000103,43,163,-120
218000104,53,66,-13
218000105,19,8,11
218000106,11,13,-2
218000107,45,94,-49
218000108,1,64,-63
218000112,58,7,51
218000117,19,24,-5
218000134,358,778,-420
218000135,21,91,-70
218000136,158,55,103
218000137,84,121,-37
218000138,6,67,-61
218000139,95,342,-247
218000140,147,162,-15
218000141,40,63,-23
218000142,98,121,-23
218000143,37,127,-90
218000144,59,60,-1
218000145,162,294,-132
218000146,42,128,-86
218000151,2,16,-14
218000152,38,48,-10
218000153,2,4,-2
218000154,2,0,2
218000155,5,0,5
218000156,18,6,12
218000157,5,13,-8
218000158,1,5,-4
218000159,1,3,-2
218000160,1,0,1
218000161,4,1,3
218000162,14,9,5
218000163,4,6,-2
218000164,10,5,5
218000165,15,20,-5
218000170,0,22,-22
218000171,12,4,8
218000172,28,2,26
218000173,47,16,31
218000174,10,7,3
218000176,59,23,36
218000177,184,73,111
218000178,57,97,-40
218000179,48,62,-14
218000180,27,11,16
218000181,56,24,32
218000187,17,15,2
218000188,38,55,-17
218000189,11,54,-43
218000190,7,9,-2
218000191,52,81,-29
218000192,87,518,-431
218000193,276,628,-352
218000194,64,579,-515
218000195,100,82,18
218000196,185,260,-75
218000197,106,335,-229
218000198,2,110,-108
218000199,33,37,-4
218000200,64,51,13
218000201,6,9,-3
218000202,157,145,12
218000207,9,66,-57
218000208,27,75,-48
218000211,34,5,29
218000212,0,2,-2
218000213,107,52,55
218000214,5,19,-14
218000215,31,78,-47
218000217,2,115,-113
218000218,136,51,85
218000219,17,12,5
218000220,77,242,-165
218000221,531,136,395
218000222,14,13,1
218000223,17,112,-95
218000224,6,40,-34
218000225,79,5,74
218000226,56,38,18
218000230,0,9,-9
218000232,26,57,-31
218000239,78,1,77
218000240,23,0,23
218000241,4,1,3
218000242,150,1,149
218000243,51,0,51
218000244,11,1,10
218000245,11,1,10
218000246,3,0,3
218000247,1,0,1
218000248,0,27,-27
218000249,0,3,-3
218000250,5,13,-8
218000251,2,11,-9
218000252,5,14,-9
218000253,13,10,3
218000254,0,5,-5
218000255,1,3,-2
218000256,3,38,-35
218000267,789,1022,-233
218000268,10,62,-52
218000269,5,16,-11
218000270,32,76,-44
218000271,33,69,-36
218000273,9,7,2
218000274,8,8,0
218000275,13,37,-24
218000276,8,48,-40
218000278,11,21,-10
218000279,23,63,-40
218000280,8,50,-42
218000281,26,8,18
218000282,433,194,239
218000284,105,17,88
218000301,59,101,-42
218000302,40,31,9
218000303,38,43,-5
218000316,483,956,-473
218000317,561,933,-372
218000318,284,709,-425
218000319,602,1777,-1175
218000320,423,727,-304
218000338,31,23,8
218000345,75,38,37
218000346,41,174,-133
218000459,40,286,-246
218000490,33,67,-34
218000501,25,18,7
218000502,62,90,-28
218000503,30,12,18
218000504,83,5,78
218000505,31,152,-121
218000506,19,134,-115
218000508,0,3,-3
218000510,144,3,141
218000520,90,102,-12
218000521,7,87,-80
218000522,0,99,-99
218000523,79,14,65
218000524,41,107,-66
218000525,136,16,120
218000526,26,44,-18
218000529,52,315,-263
218000530,1,2,-1
218000531,1,6,-5
218000532,7,48,-41
218000534,59,31,28
218000537,12,38,-26
218000538,74,98,-24
218000540,224,62,162
218000543,68,45,23
218000544,42,90,-48
218000545,19,53,-34
218000546,38,97,-59
218000547,51,65,-14
218000548,87,190,-103
218000549,263,88,175
218000550,225,507,-282
218000551,161,360,-199
218000552,480,29,451
218000553,64,99,-35
218000554,9,23,-14
218000555,18,50,-32
218000556,104,399,-295
218000557,152,184,-32
218000558,71,2,69
218000559,0,21,-21
218000560,0,7,-7
218000561,27,0,27
218000562,23,129,-106
218000563,159,15,144
218000564,20,107,-87
218000565,132,24,108
218000566,483,29,454
218000567,1,59,-58
218000568,19,9,10
218000569,4,101,-97
218000570,222,12,210
218000571,0,85,-85
218000572,60,0,60
218000573,24,66,-42
218000574,120,47,73
218000575,101,4,97
218000576,0,69,-69
218000577,30,0,30
218000578,2,88,-86
218000579,19,3,16
218000581,1,78,-77
218000582,3,2,1
218000583,7,0,7
218000584,0,24,-24
218000585,16,1,15
218000586,0,26,-26
218000587,1,2,-1
218000588,2,0,2
218000589,1,0,1
218000590,0,0,0
218000591,2,2,0
218000592,4,0,4
218000593,1,1,0
218000594,0,0,0
218000597,0,0,0
218000598,0,0,0
218000599,0,0,0
218000600,0,0,0
218000601,0,0,0
218000602,0,5,-5
218000603,0,4,-4
218000604,25,19,6
218000605,0,10,-10
218000606,32,1,31
218000607,12,35,-23
218000608,54,6,48
218000609,1,39,-38
218000610,39,0,39
218000611,14,0,14
218000612,0,24,-24
218000613,14,0,14
218000614,1,52,-51
218000615,88,2,86
218000616,3,104,-101
218000617,4,0,4
218000618,0,13,-13
218000619,7,19,-12
218000620,1,12,-11
218000621,0,0,0
218000622,0,11,-11
218000623,10,2,8
218000624,1,8,-7
218000625,7,1,6
218000626,0,18,-18
218000628,54,35,19
218000631,32,26,6
218000632,0,74,-74
218000633,31,2,29
218000634,1,10,-9
218000635,3,13,-10
218000636,457,1565,-1108
218000637,464,507,-43
218000638,89,48,41
218000639,11,185,-174
218000640,66,13,53
218000641,38,406,-368
218000652,88,99,-11
218000653,100,38,62
218000663,0,124,-124
218000675,74,63,11
218000676,0,26,-26
218000677,1,4,-3
218000680,173,615,-442
218000681,297,100,197
218000691,98,476,-378
218000693,92,100,-8
218000703,5,69,-64
218000718,816,405,411
218000719,1142,84,1058
218000720,6,59,-53
218000721,51,14,37
218000725,3,3,0
218001147,2,282,-280
218001214,15,20,-5
218001258,44,6,38
218001329,115,113,2
218001330,151,124,27
218001351,19,15,4
218001352,6,20,-14
218001353,13,7,6
218001354,2,23,-21
218001355,21,454,-433
218001356,122,6,116
218001357,45,359,-314
218001358,125,8,117
218001361,124,14,110
218001362,0,331,-331
219000001,11,43,-32
219000002,26,40,-14
219000003,23,20,3
219000004,59,30,29
219000017,77,9,68
219000020,55,22,33
219000022,86,1,85
219000023,47,1,46
219000029,0,58,-58
219000034,22,10,12
219000039,7,60,-53
219000040,17,18,-1
219000041,72,24,48
219000051,0,46,-46
219000052,0,24,-24
219000053,2,261,-259
219000054,22,142,-120
219000055,59,1,58
219000056,4,1,3
219000057,30,0,30
219000062,6,323,-317
219000063,34,2,32
219000064,4,24,-20
219000110,178,19,159
219000111,80,18,62
219000112,128,21,107
219000113,83,23,60
219000114,175,28,147
219000116,69,30,39
219000117,84,103,-19
219000118,56,55,1
219000123,196,92,104
219000124,39,42,-3
219000125,8,9,-1
219000126,68,73,-5
219000127,0,0,0
219000128,10,87,-77
219000129,28,116,-88
219000130,733,924,-191
219000131,793,776,17
219000133,39,18,21
219000134,6,5,1
219000135,13,39,-26
219000136,117,107,10
219000138,42,18,24
219000139,6,39,-33
219000140,21,0,21
219000141,17,117,-100
219000142,11,55,-44
219000143,12,99,-87
219000145,28,41,-13
219000146,5,90,-85
219000147,0,73,-73
219000148,0,78,-78
219000149,22,201,-179
219000150,2,116,-114
219000151,6,103,-97
219000157,84,111,-27
219000158,84,233,-149
219000161,159,11,148
219000163,1091,345,746
219000166,47,151,-104
219000167,80,208,-128
219000168,263,69,194
219000174,261,86,175
219000175,28,0,28
219000176,40,7,33
219000177,6,5,1
219000178,11,2,9
219000179,11,5,6
219000180,20,25,-5
219000182,70,7,63
219000183,20,29,-9
219000184,41,0,41
219000185,1,75,-74
219000186,13,46,-33
219000187,13,148,-135
219000189,115,151,-36
219000190,116,192,-76
219000191,1162,878,284
219000192,119,111,8
219000193,553,132,421
219000195,0,45,-45
219000196,7,128,-121
219000198,21,123,-102
219000199,90,175,-85
219000200,23,182,-159
219000201,57,197,-140
219000203,29,110,-81
219000204,50,147,-97
219000205,35,146,-111
219000207,168,196,-28
219000209,19,71,-52
219000210,50,128,-78
219000213,7,363,-356
219000239,106,230,-124
219000240,194,274,-80
219000241,83,230,-147
219000242,24,244,-220
219000243,45,363,-318
219000244,17,112,-95
219000245,62,48,14
219000246,40,13,27
219000247,64,23,41
219000248,306,171,135
219000249,104,39,65
219000250,101,62,39
219000251,345,112,233
219000252,145,97,48
219000253,182,25,157
219000255,44,83,-39
219000256,81,79,2
219000257,59,0,59
219000262,43,258,-215
219000263,32,233,-201
219000267,2,189,-187
219000268,2,4,-2
219000269,10,0,10
219000270,12,0,12
219000271,63,1,62
219000278,1,9,-8
219000279,0,3,-3
219000283,0,9,-9
219000295,3,109,-106
219000296,30,498,-468
219000297,9,136,-127
219000298,5,184,-179
219000299,334,84,250
219000300,23,237,-214
219000301,184,246,-62
219000302,32,151,-119
219000307,16,29,-13
219000308,37,17,20
219000311,123,30,93
219000312,286,48,238
219000313,139,13,126
219000314,60,512,-452
219000315,122,24,98
219000316,182,30,152
219000317,34,11,23
219000320,0,28,-28
219000321,0,10,-10
219000323,0,107,-107
219000325,1,38,-37
219000326,32,88,-56
219000327,48,21,27
219000328,19,23,-4
219000329,159,71,88
219000330,19,13,6
219000331,12,30,-18
219000332,43,79,-36
219000333,1,8,-7
219000335,62,0,62
219000337,3,0,3
219000338,44,2,42
219000344,9,74,-65
219000345,55,118,-63
219000346,22,131,-109
219000348,62,183,-121
219000349,19,231,-212
219000350,43,74,-31
219000351,4,5,-1
219000352,130,36,94
219000353,56,39,17
219000354,67,113,-46
219000355,67,18,49
219000356,1588,459,1129
219000363,307,21,286
219000364,69,9,60
219000365,79,22,57
219000366,173,84,89
219000368,310,300,10
219000370,736,170,566
219000371,7,20,-13
219000382,5,12,-7
219000383,614,585,29
219000385,412,455,-43
219000386,869,1193,-324
219000387,1,3,-2
219000390,1,0,1
219000391,2,1,1
219000397,72,87,-15
219000398,66,32,34
219000401,3,62,-59
219000402,21,87,-66
219000403,52,132,-80
219000404,8,84,-76
219000407,2,28,-26
219000409,23,22,1
219000410,45,24,21
219000411,33,8,25
219000446,173,490,-317
219000447,0,12,-12
219000448,5,5,0
219000452,96,59,37
219000453,57,122,-65
219000454,269,147,122
219000556,81,77,4
219000558,67,291,-224
219000590,12,157,-145
219000591,22,38,-16
219000592,79,387,-308
219000595,0,38,-38
219000635,40,11,29
219000636,15,85,-70
219000657,15,12,3
219000658,12,37,-25
219000673,0,10,-10
219000676,5,2,3
219000679,14,3,11
219000684,46,1,45
219000685,2,113,-111
219000686,0,0,0
219000688,0,75,-75
219000689,65,164,-99
219000690,170,25,145
219000691,42,111,-69
219000692,113,31,82
219000693,0,25,-25
219000694,2,0,2
219000695,2,0,2
219000698,17,0,17
219000699,0,5,-5
219000727,6,226,-220
219000728,28,0,28
219000770,7,2,5
219000771,1,23,-22
219000788,225,194,31
219001150,0,13,-13
219001151,0,1,-1
219001166,16,9,7
219001167,1,65,-64
219001178,9,1,8
220000001,16,23,-7
220000002,12,159,-147
220000003,360,280,80
220000004,453,509,-56
220000005,1173,1124,49
220000006,125,703,-578
220000007,228,643,-415
220000008,256,948,-692
220000009,101,422,-321
220000010,196,101,95
220000011,527,1897,-1370
220000012,125,186,-61
220000014,53,61,-8
220000015,49,215,-166
220000017,23,316,-293
220000018,4723,1166,3557
220000019,51,194,-143
220000020,188,161,27
220000021,385,134,251
220000022,251,434,-183
220000023,88,134,-46
220000024,1022,250,772
220000025,446,332,114
220000026,132,109,23
220000027,9,50,-41
220000028,20,23,-3
220000029,51,121,-70
220000030,130,77,53
220000031,103,208,-105
220000064,7,783,-776
221000046,2,0,2
221000047,0,2,-2
221000048,0,3,-3
221000049,2,5,-3
221000050,8,0,8
221000055,57,43,14
221000057,33,7,26
221000068,239,74,165
221000069,176,41,135
221000070,90,26,64
221000071,50,11,39
221000072,142,9,133
221000073,173,31,142
221000074,0,11,-11
221000075,12,18,-6
221000076,4,21,-17
221000077,30,61,-31
221000081,23,7,16
221000082,23,0,23
221000083,60,9,51
221000084,5,3,2
221000085,7,63,-56
221000086,7,101,-94
221000087,3,157,-154
221000088,16,155,-139
221000089,26,240,-214
221000090,81,432,-351
221000098,72,9,63
221000099,70,9,61
221000100,49,6,43
221000101,171,11,160
221000102,73,6,67
221000109,8,69,-61
221000110,3,100,-97
221000111,10,175,-165
221000112,3,135,-132
221000113,22,166,-144
221000114,8,164,-156
221000120,21,37,-16
221000121,1,21,-20
221000122,11,18,-7
221000123,10,39,-29
221000124,24,306,-282
221000155,36,4,32
221000156,24,21,3
221000175,1,12,-11
221000176,2,2,0
221000182,40,3,37
221000241,530,116,414
221000242,166,399,-233
221000243,260,76,184
221000244,136,443,-307
221000245,45,86,-41
221000246,22,236,-214
221000247,57,137,-80
221000248,102,198,-96
221000267,42,708,-666
221000325,50,54,-4
221000331,5,90,-85
221000338,9,21,-12
221000378,102,15,87
221000381,50,142,-92
222000282,4,0,4
222000296,1,14,-13
222000568,222,10,212
222000569,82,22,60
222000570,73,5,68
222000571,110,19,91
222000577,14,295,-281
222000578,13,226,-213
222000579,27,184,-157
222000580,121,913,-792
222000599,0,146,-146
222000600,3,332,-329
222000601,14,810,-796
222000603,26,12,14
222000604,6,43,-37
222000605,9,4,5
222000606,0,3,-3
222000607,3,2,1
222000608,30,28,2
222000609,43,357,-314
222000616,75,37,38
222000617,5,13,-8
222000618,5,4,1
222000620,73,5,68
222000621,52,9,43
222000623,357,3,354
222000624,194,2,192
222000625,195,30,165
222000636,24,2,22
222000686,18,9,9
222000687,17,31,-14
222001066,196,1,195
222001067,0,15,-15
222001068,6,44,-38
222001069,12,28,-16
222001082,0,43,-43
222001083,4,57,-53
222001084,0,33,-33
222001085,0,73,-73
222001111,16,279,-263
222001112,17,43,-26
222001313,7,1,6
222001314,1,62,-61
222001464,78,49,29
222001465,37,321,-284
222001484,69,35,34
222001485,26,83,-57
222001494,129,94,35
222001495,95,567,-472
222001496,122,39,83
222001497,96,792,-696
222001502,15,111,-96
222001503,44,34,10
222001504,30,233,-203
222001505,172,18,154
222001506,28,197,-169
222001507,171,16,155
222001510,144,11,133
222001511,14,357,-343
222001514,309,107,202
222001515,143,644,-501
222001518,67,33,34
222001519,44,398,-354
222001527,161,34,127
222001528,60,198,-138
222001529,68,24,44
222001530,40,273,-233
222001533,93,399,-306
222001534,123,26,97
222001535,43,96,-53
222001536,71,461,-390
222001537,176,19,157
222001538,34,480,-446
222001563,290,63,227
222001564,30,864,-834
222001568,134,89,45
222001576,1,2,-1
222001579,0,3,-3
222001583,24,246,-222
222001584,51,35,16
222001596,393,1378,-985
222001597,651,190,461
222001626,0,159,-159
222001650,25,53,-28
222001651,40,122,-82
222001914,106,45,61
222001915,39,162,-123
222001968,296,156,140
222001969,346,991,-645
222001970,65,249,-184
222001971,7,26,-19
222001972,0,16,-16
225000001,267,87,180
225000002,188,81,107
225000003,238,49,189
225000004,183,133,50
225000005,16,21,-5
225000006,1,121,-120
225000007,2863,1009,1854
225000010,114,8,106
225000011,425,593,-168
225000012,106,396,-290
225000013,105,107,-2
225000014,507,48,459
225000015,51,252,-201
225000021,441,181,260
225000027,201,436,-235
225000032,374,117,257
225000042,33,690,-657
225000049,26,74,-48
225000050,39,13,26
225000053,3,162,-159
225000058,446,96,350
225000067,113,223,-110
225000068,34,499,-465
225000069,204,465,-261
225000070,64,465,-401
225000071,14,286,-272
225000075,17,638,-621
225000076,99,146,-47
225000078,31,10,21
225000085,22,65,-43
225000086,93,24,69
225000087,99,21,78
225000088,17,131,-114
225000089,345,629,-284
225000090,23,320,-297
225000091,90,227,-137
225000092,47,57,-10
225000093,122,396,-274
225000094,3,482,-479
225000095,277,608,-331
225000096,231,462,-231
225000098,361,74,287
225000099,150,68,82
225000100,96,72,24
225000104,62,381,-319
225000110,7,373,-366
225000111,174,1055,-881
225000112,217,914,-697
225000113,119,582,-463
225000114,50,292,-242
225000115,2311,481,1830
225000116,719,78,641
225000117,705,267,438
225000118,557,233,324
225000119,98,80,18
225000120,286,44,242
225000121,183,33,150
225000123,527,19,508
225000125,204,252,-48
225000126,873,133,740
225000127,836,478,358
225000128,313,356,-43
225000132,203,23,180
225000133,143,10,133
225000134,383,56,327
225000135,31,18,13
225000136,83,3,80
225000137,69,44,25
225000138,188,38,150
225000143,70,134,-64
225000144,2,270,-268
225000145,7,23,-16
225000146,45,90,-45
225000147,9,304,-295
225000148,9,232,-223
225000149,31,464,-433
225000151,25,222,-197
225000155,216,288,-72
225000156,177,678,-501
225000157,137,349,-212
225000158,71,327,-256
225000171,2,126,-124
225000180,69,35,34
225000181,0,44,-44
225000182,73,6,67
225000185,5,290,-285
225000187,39,322,-283
225000191,69,1,68
225000194,0,10,-10
225000208,2,58,-56
225000209,35,9,26
225000210,2,225,-223
225000217,0,19,-19
225000218,7,0,7
225000223,0,40,-40
225000224,445,1,444
225000225,0,9,-9
225000226,26,0,26
225000227,23,39,-16
225000228,7,0,7
225000229,0,51,-51
225000230,3,1,2
225000231,1,75,-74
225000232,59,1,58
225000241,79,0,79
225000242,0,37,-37
225000249,2,1,1
225000250,38,839,-801
225000251,212,20,192
226000042,323,323,0
226000043,54,252,-198
226000044,105,670,-565
226000045,57,393,-336
226000046,280,29,251
226000047,226,52,174
226000048,213,45,168
226000049,114,96,18
226000070,0,33,-33
226000071,0,73,-73
226000072,0,13,-13
226000073,0,23,-23
226000074,0,5,-5
226000084,1,38,-37
226000085,2,0,2
226000086,4,2,2
226000087,0,7,-7
226000088,15,13,2
226000090,46,32,14
226000091,21,7,14
226000092,1,2,-1
226000093,46,1,45
226000094,7,0,7
226000095,92,2,90
226000105,12,0,12
226000106,5,0,5
226000107,3,0,3
226000108,13,0,13
226000109,30,0,30
226000124,96,48,48
226000134,242,323,-81
226000135,500,440,60
226000136,106,231,-125
226000137,5,353,-348
226000138,1,179,-178
226000139,1,7,-6
226000156,81,3,78
226000157,50,4,46
226000163,43,30,13
226000202,1,434,-433
226000231,140,5,135
226000232,11,4,7
227000033,276,28,248
227000036,176,23,153
227000037,82,20,62
227000038,90,17,73
227000049,0,14,-14
227000050,1,46,-45
227000055,23,0,23
227000056,15,1,14
227000084,1,51,-50
227000085,0,39,-39
227000088,29,3,26
227000089,67,8,59
227000090,32,1,31
227000091,11,0,11
227000093,28,1,27
227000094,2,0,2
227000130,21,55,-34
227000131,10,374,-364
227000132,8,267,-259
227000133,13,342,-329
227000134,13,478,-465
227000152,0,5,-5
227000153,0,20,-20
227000155,2,11,-9
227000156,0,21,-21
227000165,2,14,-12
227000196,115,345,-230
227000199,97,505,-408
227000230,22,606,-584
227000232,144,15,129
227000242,35,557,-522
227000243,301,38,263
227000245,16,426,-410
227000246,79,595,-516
227000247,149,45,104
227000248,71,19,52
227000249,15,222,-207
227000250,315,140,175
227000251,194,385,-191
227000252,11,523,-512
227000253,51,13,38
227000262,257,16,241
227000266,423,9,414
227000267,37,2553,-2516
227000282,1,300,-299
227000284,134,14,120
227000286,0,93,-93
227000287,6,142,-136
227000291,7,714,-707
227000484,225,16,209
227000485,15,855,-840
227000655,14,10,4
227000656,526,17,509
227000657,24,12,12
227000661,207,8,199
227000680,67,19,48
229000265,5,27,-22
229000296,1,11,-10
229000297,3,72,-69
229000298,5,132,-127
229000320,3,11,-8
229000321,13,0,13
229000412,2,38,-36
229000414,4,50,-46
229000415,4,0,4
229000416,1,1,0
229000417,0,8,-8
229000419,57,266,-209
229000440,155,51,104
229000442,10,0,10
229000443,0,5,-5
229000444,0,22,-22
229000445,40,8,32
229000446,32,9,23
229000491,3,28,-25
229000492,11,126,-115
229000493,1,82,-81
229000494,14,3,11
229000495,47,7,40
229000496,24,2,22
229000507,0,25,-25
229000508,0,19,-19
229000509,0,41,-41
229000510,0,18,-18
229000511,0,29,-29
229000512,0,30,-30
229000513,0,4,-4
229000514,0,4,-4
229000517,2,6,-4
229000518,5,21,-16
229000519,1,13,-12
229000520,1,27,-26
229000521,25,18,7
229000522,1,6,-5
229000523,8,5,3
229000524,0,5,-5
229000527,4,0,4
229000528,0,0,0
229000529,4,0,4
229000530,23,3,20
229000531,10,1,9
229000532,11,0,11
229000533,29,0,29
229000534,39,1,38
229000564,43,0,43
229000565,3,0,3
229000566,0,12,-12
229000567,0,27,-27
229000582,86,4,82
229000583,0,3,-3
229000584,1,32,-31
229000585,2,36,-34
229000718,0,0,0
229000719,0,0,0
229000720,0,8,-8
229000721,0,11,-11
229000722,0,21,-21
229000723,0,24,-24
229000724,0,1,-1
229000725,0,1,-1
229000738,0,0,0
229000739,0,0,0
229000740,0,0,0
229000741,0,0,0
229000742,6,0,6
229000743,3,0,3
229000744,2,0,2
229000745,0,0,0
229000746,6,0,6
229000847,12,0,12
229000848,9,0,9
229000849,93,1,92
229000851,16,1,15
229000854,0,37,-37
229000856,2,94,-92
229000857,1,28,-27
229000858,0,98,-98
229000919,4,60,-56
229000930,4,138,-134
229000937,83,18,65
229000966,30,25,5
229000981,8,32,-24
229000985,2,37,-35
229000986,2,5,-3
229000987,0,0,0
229000988,0,2,-2
229000989,1,4,-3
229000990,0,4,-4
229000991,0,2,-2
229000992,5,2,3
229000993,158,13,145
229000998,7,83,-76
229000999,27,7,20
229001034,0,6,-6
229001035,3,3,0
229001037,37,7,30
229001042,6,6,0
229001047,3,62,-59
229001050,13,37,-24
229001168,0,2,-2
229001200,2,2,0
229001338,29,18,11
229001394,196,0,196
229001422,93,26,67
229001423,20,71,-51
229001431,27,40,-13
229001432,21,54,-33
229001444,95,32,63
229001445,35,177,-142
229001479,1,0,1
229001503,98,83,15
229001504,54,165,-111
229001505,45,37,8
229001506,19,114,-95
229001509,29,16,13
229001545,68,5,63
229001546,3,48,-45
229001553,26,9,17
229001554,7,59,-52
229001559,2,7,-5
229001560,0,26,-26
229001630,71,12,59
229001631,5,26,-21
229001635,0,5,-5
229001636,0,0,0
229001658,0,58,-58
229001659,41,4,37
229001660,1,2,-1
229001661,1,16,-15
229001662,9,0,9
229001663,0,9,-9
229002584,97,125,-28
229002831,141,111,30
229002841,1,11,-10
229002842,6,29,-23
229002843,11,19,-8
229002844,20,23,-3
229002845,21,34,-13
229002846,21,19,2
229002847,0,9,-9
229002848,3,11,-8
229002849,2,66,-64
229002850,6,1,5
229002851,34,68,-34
229002852,39,14,25
229002853,46,21,25
229002854,19,25,-6
229002855,6,36,-30
229002856,19,7,12
229002857,0,30,-30
229002858,5,5,0
229002859,13,19,-6
229002860,25,6,19
229002861,11,17,-6
229002862,9,29,-20
229002863,10,31,-21
229002864,5,20,-15
229002865,29,5,24
229002866,36,8,28
229002867,1,15,-14
229002868,8,8,0
229002869,5,134,-129
229002870,5,11,-6
235000066,282,60,222
235000067,78,69,9
235000072,11,45,-34
235000073,37,132,-95
235000074,11,77,-66
235000080,15,83,-68
235000081,28,116,-88
235000082,47,56,-9
235000083,46,99,-53
235000084,18,42,-24
235000085,51,42,9
235000089,11,32,-21
235000092,3,111,-108
235000093,0,5,-5
235000097,1,10,-9
235000098,23,4,19
235000099,27,18,9
235000116,28,16,12
235000117,706,8,698
235000133,2,155,-153
235000134,5,79,-74
235000206,6,0,6
235000207,0,5,-5
235000208,0,0,0
235000209,2,0,2
235000210,4,1,3
235000212,1,13,-12
235000213,1,8,-7
235000220,1,1,0
235000221,17,9,8
235000238,10,18,-8
235000239,0,1,-1
235000242,174,195,-21
235000245,720,144,576
235000246,4,39,-35
235000284,3,111,-108
235000295,82,3,79
235000305,81,14,67
235000306,23,5,18
235000307,15,6,9
235000308,29,0,29
235000309,16,0,16
235000310,8,0,8
235000311,34,9,25
235000322,0,29,-29
235000323,0,37,-37
235000324,5,9,-4
235000325,0,12,-12
235000326,6,290,-284
235000351,6,99,-93
235000352,6,60,-54
235000353,0,18,-18
235000354,2,29,-27
235000355,10,58,-48
235000356,58,17,41
235000357,51,8,43
235000358,19,4,15
235000359,7,5,2
235000360,26,5,21
235000361,37,1,36
235000381,44,308,-264
235000382,79,44,35
235000390,8,2,6
235000391,38,21,17
235000392,41,112,-71
235000393,43,42,1
235000395,37,20,17
235000396,123,51,72
235000400,46,44,2
235000401,32,165,-133
235000405,83,264,-181
235000406,15,191,-176
235000407,42,89,-47
235000409,154,123,31
235000410,16,183,-167
235000411,0,79,-79
235000485,0,4,-4
235000486,1,0,1
235000549,21,66,-45
235000550,46,153,-107
235000599,37,70,-33
235000600,5,2,3
235000601,21,32,-11
235000602,57,150,-93
235000614,4,2,2
235000648,0,13,-13
235000649,12,1,11
235000685,1,2,-1
235000815,3,22,-19
235000834,0,9,-9
235000855,14,32,-18
235000862,13,166,-153
235000891,0,3,-3
235000892,7,2,5
235000901,35,86,-51
235000907,0,6,-6
235001010,17,67,-50
235001029,403,297,106
235001030,281,107,174
235001078,50,48,2
235001079,38,81,-43
235001147,12,45,-33
235001166,11,75,-64
235001167,11,58,-47
235001169,18,251,-233
235001188,3,1,2
235001189,2,0,2
235001197,6,20,-14
235001200,22,28,-6
235001207,205,19,186
235001210,50,234,-184
235001215,32,202,-170
235001239,0,46,-46
235001244,0,13,-13
235016267,1,26,-25
277101746,0,0,0
277102712,3,0,3
277103813,0,0,0
277103814,0,0,0
277103898,0,2,-2
277104249,0,1,-1
277104250,0,10,-10
277104251,0,7,-7
277104252,0,1,-1
990011530,1,214,-213
990014944,3,446,-443
990015176,22,14,8
990015618,0,71,-71
990016032,0,418,-418
990032570,1,53,-52
990070001,30,0,30
990070103,0,0,0
990070601,0,52,-52
990070751,134,2,132
990070766,0,758,-758
990071180,308,152,156
990071343,20,0,20
990071387,8,2,6
990071823,131,0,131
990072600,2,584,-582
990072964,0,371,-371
990073285,0,2,-2
990074393,6,1127,-1121
990074870,384,4,380
990075106,357,3,354
990075746,155,1,154
990076437,400,8,392
990076458,5,1388,-1383
997000007,97,3,94
997000041,0,62,-62
997000058,13,0,13
997000062,37,1,36
997000069,0,4,-4
997000070,0,61,-61
997000100,4,0,4
997000141,0,261,-261
997000198,892,669,223
998000475,0,12,-12
998000736,1,335,-334
998000965,0,5,-5
998001031,2,34,-32
998001700,0,19,-19
998001899,0,0,0
998001900,2,0,2
998003073,419,10,409
998101900,0,0,0
998102850,0,71,-71
998501927,358,273,85
998501929,53,1,52
998501930,51,1,50
998501931,49,2,47
998501932,1,1,0
998501933,13,0,13
998501937,10,1,9
998501944,1,0,1
998501950,1,3,-2
998501970,16,3,13
998501971,0,48,-48
998501973,1,62,-61
998501974,0,256,-256
998501975,95,0,95
998501976,46,1,45
998501977,1,91,-90
998501978,14,0,14
998501979,0,7,-7
998501980,150,21,129
998501981,19,12,7
998501982,0,55,-55
998501983,0,0,0
998502024,0,9,-9
998502032,0,2,-2
998502062,9,0,9
998502063,0,0,0
998502173,36,1,35
998502269,0,2,-2
998502546,1,130,-129
998502578,1,0,1
998502599,173,193,-20
998601159,0,281,-281
998601292,0,14,-14
999033574,3,771,-768
999800001,11,2,9
999800002,0,1,-1
999800003,4,5,-1
999800004,0,3,-3
999800005,0,5,-5
