ID,insum,outsum,diff
100000001,552,746,-194
100000002,3177,2244,933
100000003,3306,3909,-603
100000004,542,1046,-504
100000005,1857,3717,-1860
100000006,483,193,290
100000007,1762,605,1157
100000008,121,477,-356
100000009,549,184,365
100000010,103,69,34
100000011,625,118,507
100000012,88,707,-619
100000013,30,194,-164
100000014,354,256,98
100000015,1231,1826,-595
100000016,548,1110,-562
100000017,463,650,-187
100000018,879,477,402
100000019,2623,1881,742
100000020,1215,4629,-3414
100000021,3590,1986,1604
100000022,711,2217,-1506
100000023,3730,1449,2281
100000025,601,1462,-861
100000028,790,929,-139
100000029,108,419,-311
100000030,93,24,69
100000031,2526,5280,-2754
100000032,1392,2991,-1599
100000033,903,2037,-1134
100000034,171,781,-610
100000035,818,1243,-425
100000036,959,1349,-390
100000037,576,376,200
100000038,1834,859,975
100000039,296,283,13
100000040,163,144,19
100000041,1242,564,678
100000042,812,464,348
100000043,686,439,247
100000044,223,596,-373
100000045,329,742,-413
100000046,434,480,-46
100000047,181,319,-138
100000048,240,420,-180
100000049,1158,1088,70
100000051,367,595,-228
100000053,104,3,101
100000054,305,28,277
100000055,536,239,297
100000056,510,416,94
100000057,1807,539,1268
100000058,634,767,-133
100000059,16,168,-152
100000060,421,264,157
100000061,1961,388,1573
100000062,1544,418,1126
100000063,955,259,696
100000064,1171,282,889
100000065,255,637,-382
100000066,157,522,-365
100000067,265,498,-233
100000068,312,1065,-753
100000069,243,775,-532
100000072,188,447,-259
100000073,807,806,1
100000075,648,219,429
100000076,1368,2717,-1349
100000077,115,335,-220
100000078,16,33,-17
100000079,12,50,-38
100000080,25,56,-31
100000081,91,233,-142
100000102,2550,3174,-624
100000103,1335,1326,9
100000104,2189,2206,-17
100000105,1329,1682,-353
100000106,1475,2675,-1200
100000107,230,1091,-861
100000108,461,736,-275
100000109,1371,1140,231
100000116,783,785,-2
100000117,75,153,-78
100000118,914,1499,-585
100000119,468,918,-450
100000121,218,424,-206
100000122,1772,1025,747
100000123,1411,2535,-1124
100000124,3263,4299,-1036
100000125,3019,1457,1562
100000126,465,450,15
100000127,1113,385,728
100000128,1510,1720,-210
100000129,354,559,-205
100000130,377,268,109
100000131,1165,1781,-616
100000132,673,1930,-1257
100000133,2374,1681,693
100000135,540,1186,-646
100000139,230,548,-318
100000140,254,330,-76
100000142,452,438,14
100000143,1277,445,832
100000144,2399,670,1729
100000147,1189,3089,-1900
100000150,43,425,-382
100000151,735,1546,-811
100000153,297,479,-182
100000154,45,333,-288
100000155,19,68,-49
100000156,429,564,-135
100000157,354,230,124
100000158,329,164,165
100000159,238,496,-258
100000165,785,664,121
100000169,99,928,-829
100000174,295,794,-499
100000179,98,439,-341
100000180,957,2654,-1697
100000181,355,258,97
100000188,84,134,-50
100000189,815,371,444
100000190,649,1294,-645
100000191,638,597,41
100000192,24,124,-100
100000193,252,185,67
100000330,650,872,-222
100000355,168,697,-529
100000362,2825,1595,1230
100000363,4264,3962,302
100000364,139,213,-74
100000365,4907,8373,-3466
100000366,2997,2097,900
100000367,4169,6118,-1949
100000368,2546,989,1557
100000369,588,1929,-1341
100000370,155,855,-700
100000376,92,164,-72
100000379,1496,1256,240
100000380,4217,4456,-239
100000384,4442,6070,-1628
100000385,2029,3324,-1295
100000386,4488,5837,-1349
100000387,3023,5405,-2382
100000388,3419,6090,-2671
100000389,3867,6022,-2155
100000390,4888,6043,-1155
100000391,3512,7385,-3873
100000392,2283,4274,-1991
100000393,1859,4835,-2976
100000394,4841,8670,-3829
100000395,3426,5215,-1789
100000396,5382,4091,1291
100000397,3675,8175,-4500
100000398,7942,6170,1772
100000413,9,10,-1
100900002,6,10,-4
100900003,326,186,140
100900004,9,643,-634
100900005,74,19,55
100900006,24,73,-49
100900007,140,10,130
100900008,3,309,-306
100900009,85,200,-115
100900010,86,31,55
100900011,134,162,-28
100900012,1,137,-136
100900013,808,19,789
100900014,4,9,-5
100900015,56,53,3
100900016,10,26,-16
100900017,688,57,631
100900018,1,14,-13
100900019,41,84,-43
100900020,255,7,248
100900021,305,1,304
100900022,10,30,-20
100900023,0,24,-24
100900024,335,5,330
100900025,11,6,5
100900026,108,81,27
100900027,358,1868,-1510
100900028,112,197,-85
100900029,42,8,34
100900030,39,89,-50
100900031,620,21,599
100900032,258,0,258
100900033,182,230,-48
100900034,565,1,564
100900035,260,0,260
100900036,15,0,15
100900037,118,115,3
100900038,99,49,50
100900039,156,294,-138
100900040,391,349,42
100900041,1025,504,521
100900042,1607,1237,370
100900043,0,6,-6
100900044,1180,467,713
100900045,55,4,51
100900046,818,5,813
100900047,510,181,329
100900048,121,109,12
100900049,45,107,-62
100900050,1,4,-3
100900051,42,58,-16
100900052,230,24,206
100900053,506,20,486
100900054,12,51,-39
100900055,169,644,-475
100900056,24,58,-34
100900057,982,1161,-179
100900058,258,55,203
100900059,94,5,89
100900060,206,4,202
100900061,270,172,98
100900062,4,16,-12
100900063,201,622,-421
100900064,557,20,537
100900065,66,127,-61
100900066,133,207,-74
100900067,4,10,-6
100900068,99,93,6
100900069,924,9,915
100900070,391,11,380
100900071,542,167,375
100900072,8,37,-29
100900073,107,205,-98
100900074,6,0,6
100900075,1207,249,958
100900076,10,31,-21
100900077,30,34,-4
100900078,55,242,-187
100900079,7,11,-4
100900080,59,133,-74
100900081,27,146,-119
100900082,175,310,-135
100900083,6,23,-17
100900085,23,254,-231
100900086,96,595,-499
100900088,113,320,-207
100900089,1,22,-21
100900090,60,321,-261
100900091,1,19,-18
100900092,111,265,-154
100900093,280,248,32
100900094,114,222,-108
100900095,4,12,-8
100900096,45,71,-26
100900097,6,3,3
100900098,14,25,-11
100900099,19,461,-442
100900100,11,552,-541
100900101,189,44,145
100900102,7,32,-25
100900103,2,14,-12
100900104,2,143,-141
100900105,18,357,-339
100900106,51,8,43
100900107,1218,678,540
100900108,2,10,-8
100900109,21,37,-16
100900110,4,8,-4
100900111,26,231,-205
100900112,3,7,-4
100900113,12,25,-13
100900114,7,20,-13
100900115,6,25,-19
100900116,665,443,222
100900117,224,917,-693
100900118,8,31,-23
100900119,7,8,-1
100900120,17,6,11
100900121,218,330,-112
100900122,100,128,-28
100900123,59,110,-51
100900124,5,14,-9
100900125,14,52,-38
100900126,152,98,54
100900127,3,8,-5
100900128,84,126,-42
100900129,1,226,-225
100900131,52,155,-103
100900133,46,17,29
100900134,3,3,0
100900135,0,205,-205
100900137,267,177,90
100900138,249,364,-115
100900139,7,9,-2
100900140,1,360,-359
100900141,6,551,-545
100900142,2,6,-4
100900143,437,366,71
100900144,4,6,-2
100900145,40,131,-91
100900146,7,48,-41
100900147,18,475,-457
100900148,36,399,-363
100900149,52,189,-137
100900150,8,28,-20
100900151,130,315,-185
100900152,250,4,246
100900153,4,150,-146
100900154,10,63,-53
100900155,8,8,0
100900156,22,7,15
100900157,5,314,-309
100900159,1,40,-39
100900160,20,7,13
100900161,24,3,21
100900162,14,339,-325
100900163,149,127,22
100900164,51,18,33
100900165,26,12,14
100900166,23,2,21
100900167,21,36,-15
100900168,26,128,-102
100900169,85,666,-581
100900170,15,6,9
100900171,10,342,-332
100900172,0,15,-15
100900173,4,213,-209
100900174,58,12,46
100900176,1647,144,1503
100900177,551,287,264
100900178,166,111,55
100900179,213,236,-23
100900180,3,9,-6
100900181,59,64,-5
100900182,47,33,14
100900184,13,165,-152
100900186,390,312,78
100900187,14,72,-58
100900188,28,7,21
100900189,1455,208,1247
100900191,646,1035,-389
100900192,220,427,-207
100900195,154,114,40
100900197,6,27,-21
100900198,23,114,-91
100900199,1,9,-8
100900200,545,340,205
100900201,41,389,-348
100900202,45,0,45
100900203,0,167,-167
100900204,118,587,-469
100900205,136,555,-419
100900206,210,78,132
100900207,245,137,108
100900210,102,303,-201
100900211,379,194,185
100900213,127,53,74
100900214,458,96,362
100900215,15,38,-23
100900217,65,106,-41
101000001,1951,1837,114
101000002,4808,5373,-565
101000003,338,795,-457
101000004,4494,4797,-303
101000005,2766,3624,-858
101000006,3892,5092,-1200
101000007,2301,3331,-1030
101000008,2072,1764,308
101000009,1569,743,826
101000010,733,645,88
101000011,886,388,498
101000012,631,584,47
101000013,600,889,-289
101000014,311,400,-89
101000015,1248,736,512
101000016,292,399,-107
101000017,398,373,25
101000018,1875,1963,-88
101000020,1628,801,827
101000021,737,345,392
101000022,121,95,26
101000023,1015,539,476
101000025,275,351,-76
101000026,225,33,192
101000027,1990,3002,-1012
101000028,712,245,467
101000029,196,1686,-1490
101000030,1089,166,923
101000031,457,1092,-635
101000032,4419,4943,-524
101000033,1797,3320,-1523
101000034,1378,1826,-448
101000035,568,350,218
101000036,1589,972,617
101000037,1768,1922,-154
101000039,1744,2933,-1189
101000040,2171,4089,-1918
101000041,3717,7493,-3776
101000042,216,1049,-833
101000043,3581,7418,-3837
101000045,692,995,-303
101000046,1996,2329,-333
101000047,1444,4869,-3425
101000048,501,370,131
101000049,517,1885,-1368
101000050,942,1769,-827
101000051,929,2580,-1651
101000052,1123,947,176
101000053,632,1058,-426
101000054,1556,868,688
101000055,880,1093,-213
101000056,36,108,-72
101000057,1201,1333,-132
101000058,713,1060,-347
101000059,1881,2089,-208
101000060,1615,724,891
101000061,574,1294,-720
101000062,352,811,-459
101000063,472,1109,-637
101000064,890,1152,-262
101000065,302,691,-389
101000066,733,1068,-335
101000067,912,1140,-228
101000068,189,519,-330
101000069,165,61,104
101000070,694,1036,-342
101000071,1543,1020,523
101000072,450,2640,-2190
101000073,672,1017,-345
101000074,3653,3844,-191
101000075,2659,5154,-2495
101000077,1348,1110,238
101000078,612,1263,-651
101000079,1719,863,856
101000080,1099,837,262
101000081,1486,1344,142
101000082,2092,2420,-328
101000083,2258,2031,227
101000084,1006,645,361
101000085,1197,1052,145
101000086,956,986,-30
101000087,638,729,-91
101000088,1027,1161,-134
101000089,823,1343,-520
101000090,1489,961,528
101000091,366,429,-63
101000092,1006,622,384
101000093,1215,633,582
101000094,861,729,132
101000095,454,402,52
101000096,449,350,99
101000097,402,410,-8
101000098,339,422,-83
101000099,589,889,-300
101000100,692,785,-93
101000101,179,320,-141
101000102,519,521,-2
101000103,556,503,53
101000104,281,594,-313
101000105,368,453,-85
101000106,575,994,-419
101000107,288,310,-22
101000108,512,203,309
101000109,425,55,370
101000110,26,254,-228
101000111,106,211,-105
101000113,272,493,-221
101000114,5810,9899,-4089
101000115,100,57,43
101000116,16,36,-20
101000117,1222,208,1014
101000119,82,68,14
101000120,151,55,96
101000121,54,99,-45
101000122,133,165,-32
101000123,57,135,-78
101000124,1503,444,1059
101000125,142,419,-277
101000128,237,649,-412
101000130,137,230,-93
101000131,882,406,476
101000132,640,569,71
101000135,37,50,-13
101000136,319,262,57
101000137,28,374,-346
101000141,909,3261,-2352
101000147,782,359,423
101000148,476,17,459
101000149,283,361,-78
101000150,102,370,-268
101000151,265,46,219
101000152,234,233,1
101000153,352,190,162
101000154,262,571,-309
101000155,372,111,261
101000156,16,262,-246
101000157,29,31,-2
101000160,50,31,19
101000163,148,398,-250
101000164,335,241,94
101000165,199,323,-124
101000166,210,225,-15
101000168,704,407,297
101000252,1862,874,988
101000254,124,118,6
101000258,55,13,42
101000261,226,94,132
101000262,1581,2310,-729
101000263,311,1053,-742
101000265,106,707,-601
101000266,220,180,40
101000269,25,13,12
101000290,729,2101,-1372
101000293,47,32,15
101000294,502,363,139
101000295,173,304,-131
101000301,365,441,-76
101000304,2123,2095,28
101000305,2544,974,1570
101000328,71,357,-286
101900001,31,81,-50
101900002,0,22,-22
101900003,39,98,-59
101900004,1,66,-65
101900005,1882,2292,-410
101900006,1102,58,1044
101900007,618,217,401
101900008,49,182,-133
101900009,52,298,-246
101900010,665,639,26
101900011,126,716,-590
101900012,203,74,129
101900013,476,186,290
101900017,18,142,-124
101900018,713,241,472
101900019,252,94,158
101900020,69,26,43
101900021,1,23,-22
101900022,146,667,-521
101900023,119,117,2
101900026,96,30,66
101900027,31,82,-51
102000001,2968,3776,-808
102000002,2060,788,1272
102000003,2072,5703,-3631
102000004,3130,2085,1045
102000005,1146,2080,-934
102000006,635,1418,-783
102000007,1347,3737,-2390
102000008,2581,1222,1359
102000009,5726,7176,-1450
102000010,3497,2576,921
102000011,3071,2447,624
102000012,2411,2299,112
102000018,1922,2199,-277
102000019,1809,1351,458
102000026,156,454,-298
102000029,174,215,-41
102000030,141,289,-148
102000031,69,112,-43
102000032,482,258,224
102000033,266,303,-37
102000034,401,306,95
102000035,922,515,407
102000036,23,241,-218
102000037,114,55,59
102000038,130,342,-212
102000039,161,77,84
102000040,277,238,39
102000041,114,367,-253
102000042,163,346,-183
102000043,143,178,-35
102000044,335,405,-70
102000045,544,668,-124
102000046,954,503,451
102000047,518,666,-148
102000048,357,554,-197
102000049,857,686,171
102000050,729,915,-186
102000051,343,572,-229
102000052,786,510,276
102000053,659,680,-21
102000054,666,994,-328
102000055,1274,304,970
102000056,846,452,394
102000057,1080,381,699
102000058,749,686,63
102000059,1145,861,284
102000060,798,657,141
102000061,1284,1058,226
102000062,1537,818,719
102000063,918,1077,-159
102000064,496,549,-53
102000065,29,239,-210
102000066,787,583,204
102000067,1799,2296,-497
102000068,7278,2175,5103
102000069,51,2219,-2168
102000070,995,23,972
102000071,5501,7175,-1674
102000072,2347,3076,-729
102000073,788,465,323
102000074,410,416,-6
102000075,96,146,-50
102000076,222,233,-11
102000077,452,479,-27
102000078,847,382,465
102000079,147,138,9
102000080,177,149,28
102000081,216,748,-532
102000082,573,325,248
102000083,511,150,361
102000084,377,174,203
102000085,1737,721,1016
102000086,1000,697,303
102000087,594,946,-352
102000088,282,202,80
102000089,1206,276,930
102000090,336,764,-428
102000091,1032,412,620
102000092,187,373,-186
102000093,549,563,-14
102000094,625,578,47
102000095,632,834,-202
102000096,357,560,-203
102000097,448,400,48
102000098,466,425,41
102000099,650,763,-113
102000100,264,970,-706
102000101,457,692,-235
102000102,292,846,-554
102000103,1168,279,889
102000104,520,263,257
102000105,227,386,-159
102000106,700,392,308
102000107,1386,364,1022
102000108,612,176,436
102000109,592,372,220
102000110,1017,657,360
102000111,12,199,-187
102000112,178,114,64
102000113,20,18,2
102000114,549,287,262
102000115,151,255,-104
102000116,211,426,-215
102000117,125,562,-437
102000118,748,1298,-550
102000119,1125,878,247
102000120,166,429,-263
102000121,889,361,528
102000122,589,756,-167
102000123,892,823,69
102000124,1102,983,119
102000125,593,765,-172
102000126,579,545,34
102000127,1005,535,470
102000128,584,685,-101
102000129,1236,522,714
102000130,642,570,72
102000131,1077,511,566
102000132,385,749,-364
102000133,1941,1227,714
102000134,781,624,157
102000135,671,695,-24
102000136,900,467,433
102000137,560,988,-428
102000138,211,295,-84
102000139,86,493,-407
102000140,220,910,-690
102000141,170,273,-103
102000142,232,214,18
102000143,139,191,-52
102000144,355,239,116
102000145,355,290,65
102000146,375,267,108
102000147,408,321,87
102000148,197,334,-137
102000149,166,174,-8
102000150,432,101,331
102000151,105,152,-47
102000152,203,109,94
102000153,874,519,355
102000154,243,421,-178
102000155,60,309,-249
102000156,227,138,89
102000157,89,355,-266
102000158,323,436,-113
102000159,596,601,-5
102000161,1594,1570,24
102000162,115,114,1
102000163,83,449,-366
102000164,584,806,-222
102000165,265,126,139
102000166,62,135,-73
102000167,230,201,29
102000168,286,137,149
102000169,77,383,-306
102000170,323,107,216
102000171,81,60,21
102000172,76,193,-117
102000173,274,221,53
102000174,90,62,28
102000175,124,65,59
102000176,70,23,47
102000178,255,234,21
102000179,424,181,243
102000180,922,306,616
102000181,737,412,325
102000182,422,357,65
102000183,1489,1066,423
102000184,1772,512,1260
102000185,2559,843,1716
102000186,1119,1021,98
102000187,735,869,-134
102000188,1126,1001,125
102000189,1326,458,868
102000190,402,1842,-1440
102000191,1024,323,701
102000192,1198,1257,-59
102000193,60,102,-42
102000194,56,101,-45
102000195,354,278,76
102000196,157,228,-71
102000197,767,191,576
102000198,197,360,-163
102000199,1043,194,849
102000200,238,587,-349
102000201,1020,287,733
102000202,9,87,-78
102000203,269,123,146
102000204,407,344,63
102000205,899,272,627
102000206,521,256,265
102000207,623,339,284
102000208,354,253,101
102000209,80,32,48
102000210,395,217,178
102000211,430,169,261
102000212,280,10,270
102000213,1,124,-123
102000214,296,16,280
102000215,9,192,-183
102000216,62,60,2
102000217,5,67,-62
102000218,271,172,99
102000219,230,174,56
102000225,463,460,3
102000226,726,784,-58
102000227,115,1,114
102000228,1,68,-67
102000229,34,59,-25
102000230,283,251,32
102000231,228,265,-37
102000232,45,149,-104
102000233,316,448,-132
102000234,73,728,-655
102000236,131,64,67
102000237,436,100,336
102000238,122,188,-66
102000240,456,624,-168
102000241,110,116,-6
102000243,15,41,-26
102000245,13,99,-86
102000246,5,23,-18
102000247,413,600,-187
102000248,275,702,-427
102000249,91,74,17
102000250,59,208,-149
102000254,128,137,-9
102000266,11,480,-469
102000271,14,0,14
102000286,337,288,49
102000297,1470,713,757
102000301,0,3,-3
102000303,0,0,0
102000307,0,11,-11
102900001,889,525,364
102900002,448,34,414
102900003,51,113,-62
102900005,381,180,201
102900006,426,79,347
102900007,385,20,365
102900008,169,32,137
102900009,482,251,231
102900010,246,742,-496
102900011,1032,275,757
102900012,309,74,235
102900013,58,76,-18
102900015,419,364,55
102900016,76,79,-3
102900017,128,355,-227
102900018,48,89,-41
102900019,297,238,59
102900020,149,30,119
102900021,31,88,-57
102900022,570,195,375
102900023,8,40,-32
102900024,30,37,-7
102900025,208,89,119
102900026,248,1606,-1358
102900027,39,45,-6
102900028,129,620,-491
102900029,124,147,-23
102900030,390,252,138
102900031,204,71,133
102900032,83,47,36
102900033,70,90,-20
102900034,408,33,375
102900035,143,173,-30
102900036,262,235,27
102900037,280,200,80
102900038,380,302,78
102900039,9,388,-379
102900040,139,195,-56
102900041,68,108,-40
102900042,165,196,-31
102900043,172,151,21
102900044,369,1148,-779
102900045,155,283,-128
102900046,150,162,-12
102900047,104,362,-258
102900048,382,337,45
102900049,100,222,-122
102900050,174,216,-42
102900051,158,143,15
102900053,242,382,-140
102900054,347,814,-467
102900055,60,218,-158
102900056,132,290,-158
102900057,11,42,-31
102900058,307,56,251
102900059,26,70,-44
102900060,85,349,-264
102900061,166,264,-98
102900062,265,487,-222
102900063,1074,260,814
102900064,57,276,-219
102900065,730,254,476
102900066,265,15,250
102900068,99,94,5
102900070,158,321,-163
102900072,6,57,-51
102900073,114,5,109
102900075,12,48,-36
102900076,64,106,-42
102900077,37,37,0
102900078,14,50,-36
102900079,144,11,133
102900080,381,45,336
102900081,36,172,-136
102900082,7,125,-118
102900083,135,16,119
102900084,5,27,-22
102900085,303,139,164
102900086,17,71,-54
102900087,118,78,40
102900088,27,18,9
102900089,167,127,40
102900090,3,173,-170
102900091,150,3,147
102900092,385,505,-120
102900094,0,91,-91
102900095,90,0,90
102900096,98,19,79
102900097,0,99,-99
103000001,1694,1798,-104
103000002,1655,1775,-120
103000003,2431,2170,261
103000004,755,619,136
103000005,1487,2489,-1002
103000006,685,1235,-550
103000007,281,495,-214
103000008,776,431,345
103000009,1322,823,499
103000010,109,61,48
103000011,1267,899,368
103000012,1384,1210,174
103000013,2196,1130,1066
103000014,1018,2020,-1002
103000015,1073,494,579
103000016,553,1187,-634
103000017,207,308,-101
103000018,481,280,201
103000019,320,244,76
103000020,1527,1059,468
103000021,1429,1504,-75
103000022,522,734,-212
103000023,589,1436,-847
103000024,43,106,-63
103000025,107,595,-488
103000026,672,92,580
103000027,230,444,-214
103000028,294,296,-2
103000029,147,259,-112
103000030,1129,956,173
103000031,848,1533,-685
103000032,1602,1102,500
103000033,2330,2231,99
103000034,1018,791,227
103000035,317,989,-672
103000036,281,389,-108
103000037,426,493,-67
103000038,400,736,-336
103000039,414,204,210
103000040,481,519,-38
103000041,1245,1140,105
103000042,1066,327,739
103000043,550,554,-4
103000044,296,130,166
103000046,314,335,-21
103000047,539,363,176
103000048,164,127,37
103000049,88,84,4
103000050,641,246,395
103000051,548,395,153
103000052,576,222,354
103000053,158,406,-248
103000054,2200,1081,1119
103000055,1668,1528,140
103000056,722,763,-41
103000057,776,192,584
103000058,475,634,-159
103000059,480,528,-48
103000060,540,246,294
103000061,369,631,-262
103000062,754,344,410
103000063,707,707,0
103000064,131,110,21
103000065,1,259,-258
103000066,186,14,172
103000069,331,219,112
103000070,795,512,283
103000071,1115,384,731
103000072,105,394,-289
103000073,610,83,527
103000074,543,84,459
103000075,92,405,-313
103000076,278,314,-36
103000077,21,207,-186
103000078,629,582,47
103000079,353,517,-164
103000080,533,355,178
103000081,329,967,-638
103000082,409,199,210
103000083,105,265,-160
103000084,123,12,111
103000085,4,96,-92
103000086,435,296,139
103000087,89,561,-472
103000088,179,295,-116
103000089,205,333,-128
103000090,1975,852,1123
103000091,532,426,106
103000092,223,184,39
103000093,335,332,3
103000094,152,58,94
103000095,61,351,-290
103000096,533,46,487
103000097,83,677,-594
103000098,543,199,344
103000099,221,717,-496
103000100,116,401,-285
103000101,667,104,563
103000102,90,391,-301
103000103,592,135,457
103000104,71,112,-41
103000105,143,85,58
103000106,5,112,-107
103000107,153,56,97
103000108,858,467,391
103000109,377,361,16
103000110,426,382,44
103000111,303,321,-18
103000112,261,175,86
103000113,532,487,45
103000114,1045,397,648
103000115,491,387,104
103000116,637,309,328
103000117,348,334,14
103000118,411,419,-8
103000119,702,298,404
103000120,38,62,-24
103000121,254,347,-93
103000122,393,485,-92
103000125,21,110,-89
103000126,593,3,590
103000127,2,89,-87
103000128,173,4,169
103000129,0,111,-111
103000130,71,25,46
103000131,119,99,20
103000132,90,159,-69
103000133,20,85,-65
103000134,256,660,-404
103000135,428,213,215
103000136,536,361,175
103000137,381,560,-179
103000138,470,520,-50
103000139,3,71,-68
103000140,134,13,121
103000141,25,119,-94
103000142,77,61,16
103000143,32,170,-138
103000144,100,52,48
103000145,23,140,-117
103000150,72,39,33
103000152,168,201,-33
103000153,212,159,53
103000156,18,266,-248
103000157,389,1,388
103000159,154,59,95
103000162,48,34,14
103000163,12,31,-19
103000164,4,13,-9
103000165,65,137,-72
103000166,195,257,-62
103000167,180,87,93
103000168,86,89,-3
103000169,145,354,-209
103000170,718,279,439
103000171,52,90,-38
103000172,466,236,230
103000173,620,238,382
103000174,167,218,-51
103000175,262,164,98
103000176,768,590,178
103000177,386,299,87
103000178,179,246,-67
103000179,180,30,150
103000183,166,9,157
103000185,92,42,50
103000186,164,121,43
103000187,642,156,486
103000188,17,75,-58
103000189,592,494,98
103000191,456,458,-2
103000292,719,1442,-723
103000293,699,1871,-1172
103000295,64,110,-46
103000296,187,6,181
103000297,26,39,-13
103000504,45,9,36
103000505,11,26,-15
103000506,2,124,-122
103000507,175,3,172
103000508,58,55,3
103000509,183,459,-276
103900001,3,92,-89
103900002,688,126,562
103900003,809,90,719
103900004,102,0,102
103900005,1,110,-109
103900006,19,2,17
103900007,126,3,123
103900008,20,1,19
103900009,255,397,-142
103900010,119,261,-142
103900011,345,80,265
103900012,13,21,-8
103900013,64,34,30
103900014,71,23,48
103900015,50,10,40
103900016,191,126,65
103900017,33,67,-34
103900018,492,162,330
103900019,65,335,-270
103900020,175,450,-275
103900021,230,42,188
103900022,767,535,232
103900023,118,2,116
103900024,50,221,-171
103900025,16,27,-11
103900026,55,0,55
103900027,683,208,475
103900028,13,205,-192
103900029,981,115,866
103900030,318,102,216
103900031,37,2,35
103900032,126,59,67
103900033,110,12,98
103900034,42,82,-40
103900035,22,19,3
103900036,30,44,-14
103900037,46,34,12
103900038,73,206,-133
103900039,63,165,-102
103900040,13,67,-54
103900041,57,42,15
103900042,87,187,-100
103900043,219,42,177
103900044,55,241,-186
103900045,265,103,162
103900047,91,14,77
103900048,12,19,-7
103900049,121,744,-623
103900050,14,101,-87
103900051,1,28,-27
103900052,199,231,-32
103900053,225,344,-119
103900054,103,209,-106
103900055,404,186,218
103900056,45,34,11
103900057,60,83,-23
103900058,264,321,-57
103900059,0,60,-60
103900060,50,127,-77
103900061,185,38,147
103900062,297,98,199
103900063,6,0,6
103900064,157,4,153
103900065,592,309,283
103900066,158,24,134
103900067,157,14,143
103900068,5,0,5
103900069,72,12,60
103900070,104,145,-41
103900071,19,50,-31
103900072,26,105,-79
103900073,32,56,-24
103900074,81,65,16
103900075,225,73,152
103900076,500,279,221
103900077,34,114,-80
103900078,234,108,126
103900079,111,127,-16
103900080,27,29,-2
103900081,98,52,46
103900082,16,114,-98
103900083,663,1051,-388
103900084,38,77,-39
103900085,65,99,-34
103900086,636,280,356
103900088,294,459,-165
103900089,65,105,-40
103900090,2,58,-56
103900091,995,144,851
103900092,596,296,300
103900093,51,160,-109
103900094,9,59,-50
103900095,243,166,77
103900096,17,83,-66
103900097,9,268,-259
103900098,186,100,86
103900099,79,77,2
103900100,243,205,38
103900101,125,832,-707
103900102,3,19,-16
103900104,4,25,-21
103900105,65,139,-74
103900106,0,93,-93
103900107,145,126,19
103900108,52,177,-125
103900109,128,55,73
103900110,185,29,156
103900111,98,297,-199
103900112,38,51,-13
103900113,143,200,-57
103900114,260,213,47
103900115,224,178,46
103900116,2441,2386,55
103900117,69,38,31
103900119,21,62,-41
103900120,77,65,12
103900122,120,135,-15
103900123,858,540,318
103900124,73,288,-215
103900125,112,39,73
103900126,494,270,224
103900127,204,238,-34
103900128,125,118,7
103900131,29,70,-41
103900133,888,35,853
103900134,2,8,-6
103900135,12,10,2
103900137,1,14,-13
103900138,99,139,-40
103900139,234,1897,-1663
103900140,6,181,-175
103900141,229,68,161
103900142,216,120,96
103900143,70,4,66
103900144,1,33,-32
103900145,134,153,-19
103900146,205,139,66
103900147,327,82,245
103900148,224,175,49
103900149,300,331,-31
103900150,3198,3505,-307
103900151,30,106,-76
103900152,548,169,379
103900153,7,2,5
103900154,466,1503,-1037
103900155,48,147,-99
103900156,102,99,3
103900157,87,109,-22
103900158,101,45,56
103900159,154,45,109
103900160,52,33,19
103900161,72,126,-54
103900162,96,84,12
103900163,4,284,-280
103900167,15,108,-93
103900168,87,41,46
103900169,39,47,-8
103900170,1,58,-57
103900171,1,24,-23
103900172,1,15,-14
103900173,11,17,-6
103900174,188,43,145
103900175,38,75,-37
103900176,5,43,-38
103900177,21,105,-84
103900178,42,57,-15
103900179,68,91,-23
103900180,5,42,-37
103900181,60,35,25
103900182,55,16,39
103900184,351,117,234
103900185,101,415,-314
103900187,6,79,-73
103900188,49,31,18
103900189,139,17,122
103900190,87,40,47
103900191,23,46,-23
103900192,30,171,-141
103900193,104,142,-38
103900194,71,136,-65
103900195,6,71,-65
103900196,31,37,-6
103900197,10,17,-7
103900198,15,26,-11
103900199,94,43,51
103900200,157,59,98
103900201,117,101,16
103900202,8,54,-46
103900203,20,27,-7
103900204,2,54,-52
103900207,0,48,-48
103900208,91,2,89
103900209,6,69,-63
103900210,40,27,13
103900211,578,206,372
103900212,118,172,-54
103900213,56,171,-115
103900214,172,146,26
103900215,146,278,-132
103900216,13,221,-208
103900217,273,56,217
103900218,5,179,-174
103900219,96,84,12
103900233,65,2,63
103900235,21,31,-10
103900236,10,6,4
103900242,10,7,3
103900243,2,3,-1
103900244,144,112,32
103900245,65,109,-44
103900246,39,26,13
103900247,22,76,-54
103900248,6,46,-40
103900249,12,37,-25
103900250,20,20,0
103900251,1,23,-22
103900253,7,49,-42
103900254,3,24,-21
103900255,3,9,-6
103900256,9,9,0
103900257,45,61,-16
103900258,6,5,1
103900259,28,6,22
103900261,23,3,20
103900262,11,3,8
103900263,31,30,1
103900264,18,16,2
103900265,40,3,37
103900266,1,74,-73
103900267,2,54,-52
103900268,14,30,-16
103900269,174,21,153
103900270,63,81,-18
103900271,24,47,-23
103900272,54,30,24
103900273,29,20,9
103900274,110,7,103
103900275,52,12,40
103900276,0,24,-24
103900277,1,28,-27
103900278,5,23,-18
103900279,2,25,-23
103900280,1,37,-36
104000001,1903,1270,633
104000002,1296,1495,-199
104000003,1722,1453,269
104000004,2001,1855,146
104000005,1261,1292,-31
104000006,2468,1849,619
104000007,2680,3486,-806
104000008,164,174,-10
104000009,214,78,136
104000010,146,226,-80
104000011,295,153,142
104000012,97,222,-125
104000013,170,160,10
104000014,167,449,-282
104000015,237,115,122
104000016,483,306,177
104000018,736,146,590
104000019,581,229,352
104000020,115,286,-171
104000021,243,265,-22
104000022,108,200,-92
104000023,910,241,669
104000024,231,220,11
104000026,61,256,-195
104000027,214,131,83
104000028,323,156,167
104000029,308,200,108
104000030,206,160,46
104000031,1127,327,800
104000032,206,166,40
104000033,581,430,151
104000034,269,155,114
104000035,919,291,628
104000036,682,427,255
104000037,273,128,145
104000038,460,220,240
104000039,214,115,99
104000040,166,237,-71
104000041,554,263,291
104000042,117,214,-97
104000043,186,223,-37
104000044,232,294,-62
104000045,672,504,168
104000046,769,936,-167
104000047,608,606,2
104000048,692,755,-63
104000049,439,225,214
104000050,96,455,-359
104000051,128,387,-259
104000052,1462,1211,251
104000053,733,392,341
104000054,504,188,316
104000055,2646,1612,1034
104000056,612,190,422
104000057,145,227,-82
104000058,658,598,60
104000059,385,703,-318
104000060,863,976,-113
104000061,922,721,201
104000062,313,74,239
104000064,395,240,155
104000065,153,571,-418
104000069,614,947,-333
104000070,78,410,-332
104000071,70,220,-150
104000072,356,148,208
104000075,43,211,-168
104000076,382,55,327
104000082,1853,2585,-732
104000083,662,146,516
104000084,89,330,-241
104000085,261,254,7
104000086,184,322,-138
104000087,335,1311,-976
104000090,683,724,-41
104000092,1089,1212,-123
104000094,617,879,-262
104000095,1563,980,583
104000096,1266,72,1194
104000097,1362,434,928
104000098,2135,483,1652
104000100,1407,419,988
104000101,925,1003,-78
104000106,21,487,-466
104000107,463,258,205
104000108,165,298,-133
104000109,251,102,149
104000110,591,684,-93
104000111,1704,1769,-65
104000112,991,421,570
104000116,2,470,-468
104000117,176,312,-136
104000118,690,135,555
104000119,449,207,242
104000120,219,353,-134
104000121,116,540,-424
104000122,643,657,-14
104000123,488,536,-48
104000124,427,1002,-575
104000125,1920,3458,-1538
104000126,298,287,11
104000127,898,1301,-403
104000128,448,274,174
104000129,329,23,306
104000130,10,120,-110
104000131,283,333,-50
104000132,307,241,66
104000133,1169,605,564
104000134,781,1215,-434
104000135,316,1276,-960
104000136,567,2779,-2212
104000137,1277,330,947
104000138,578,230,348
104000139,2958,1811,1147
104000141,661,657,4
104000142,429,345,84
104000143,529,287,242
104000144,88,137,-49
104000145,380,159,221
104000146,185,411,-226
104000147,110,223,-113
104000148,338,128,210
104000149,175,152,23
104000150,806,329,477
104000151,253,224,29
104000152,462,334,128
104000153,507,460,47
104000154,747,374,373
104000155,403,510,-107
104000157,689,822,-133
104000158,222,431,-209
104000159,733,422,311
104000160,1408,1501,-93
104000161,117,195,-78
104000162,49,169,-120
104000165,572,741,-169
104000167,552,938,-386
104000168,470,7,463
104000169,96,32,64
104000170,235,338,-103
104000248,223,368,-145
104000251,61,139,-78
104000272,0,0,0
104000273,0,0,0
104000274,0,0,0
104000275,0,0,0
104000279,595,312,283
104000290,71,195,-124
104000291,436,804,-368
104000293,686,589,97
104000294,52,0,52
104000295,384,583,-199
104000296,326,458,-132
104000297,411,1295,-884
104000298,1279,622,657
104000299,600,1010,-410
104900001,105,210,-105
104900002,46,111,-65
104900003,68,201,-133
104900004,76,171,-95
104900005,282,184,98
104900006,287,62,225
104900007,275,131,144
104900009,108,166,-58
104900010,43,38,5
104900011,4,11,-7
104900012,189,22,167
104900013,102,15,87
104900014,1453,230,1223
104900015,53,7,46
104900016,192,131,61
104900017,131,99,32
104900018,16,137,-121
104900019,188,2505,-2317
104900020,46,203,-157
104900021,0,91,-91
104900022,8,90,-82
104900023,0,43,-43
104900024,12,53,-41
104900025,59,97,-38
104900026,0,42,-42
104900027,392,264,128
104900028,17,43,-26
104900029,46,38,8
104900030,378,168,210
104900031,54,135,-81
104900032,34,68,-34
104900033,104,175,-71
104900034,299,153,146
104900035,354,179,175
104900036,185,58,127
104900037,135,113,22
104900038,211,676,-465
104900039,375,245,130
104900040,409,77,332
104900041,235,94,141
104900042,140,126,14
104900043,18,148,-130
104900044,634,149,485
104900045,326,48,278
104900046,183,79,104
104900047,284,98,186
104900048,361,37,324
104900049,33,27,6
104900050,240,44,196
104900051,220,38,182
104900052,49,1,48
104900053,354,76,278
104900054,156,20,136
104900055,111,0,111
104900056,216,10,206
104900057,75,0,75
104900058,362,134,228
104900059,137,114,23
104900060,1,212,-211
104900061,134,291,-157
104900063,0,77,-77
104900064,0,50,-50
104900065,1,155,-154
104900066,2,66,-64
104900067,3,216,-213
104900068,8,86,-78
104900070,111,166,-55
104900071,0,252,-252
104900072,35,182,-147
104900073,32,66,-34
104900074,35,126,-91
104900075,36,25,11
104900076,95,132,-37
104900077,386,239,147
104900078,146,218,-72
104900079,69,398,-329
104900080,81,371,-290
104900082,15,295,-280
104900085,1,117,-116
104900087,250,3,247
104900089,188,0,188
104900090,844,556,288
104900091,497,352,145
104900093,158,300,-142
104900097,1258,1627,-369
104900098,151,20,131
104900099,139,512,-373
104900100,244,145,99
104900102,36,67,-31
104900103,351,30,321
104900104,1540,1497,43
104900106,100,69,31
104900107,122,93,29
104900108,23,116,-93
104900109,73,116,-43
104900110,11,51,-40
104900111,105,60,45
104900112,232,336,-104
104900113,558,192,366
104900114,335,222,113
104900115,625,224,401
104900116,239,100,139
104900118,17,20,-3
104900119,1,30,-29
104900120,23,256,-233
104900121,0,34,-34
104900122,1,26,-25
104900123,43,10,33
104900124,66,0,66
104900125,319,6,313
104900126,50,46,4
104900127,18,47,-29
104900128,71,154,-83
104900129,739,1697,-958
105000001,2127,1122,1005
105000002,1841,1116,725
105000003,2313,2445,-132
105000004,498,545,-47
105000005,740,827,-87
105000006,1220,1353,-133
105000007,1127,1377,-250
105000008,1194,2946,-1752
105000009,2290,2343,-53
105000010,2436,1227,1209
105000011,3274,2181,1093
105000012,3252,1855,1397
105000013,893,881,12
105000014,1658,2039,-381
105000015,7326,12712,-5386
105000016,1366,1534,-168
105000017,1190,631,559
105000018,833,1206,-373
105000019,878,751,127
105000020,156,411,-255
105000021,208,93,115
105000022,194,101,93
105000023,459,345,114
105000028,75,99,-24
105000029,489,1025,-536
105000030,2624,1632,992
105000031,4,16,-12
105000033,729,1152,-423
105000034,91,831,-740
105000037,560,168,392
105000038,1100,1330,-230
105000039,1434,907,527
105000040,850,979,-129
105000041,440,734,-294
105000042,2030,1340,690
105000043,1139,1249,-110
105000044,492,386,106
105000045,271,415,-144
105000046,936,257,679
105000047,412,735,-323
105000048,494,175,319
105000049,184,339,-155
105000050,565,325,240
105000051,119,286,-167
105000052,556,682,-126
105000053,74,105,-31
105000054,534,610,-76
105000055,736,321,415
105000056,1617,1360,257
105000057,1390,491,899
105000058,1023,841,182
105000059,700,468,232
105000060,404,478,-74
105000061,710,399,311
105000062,486,446,40
105000063,292,281,11
105000064,1255,582,673
105000065,362,333,29
105000066,802,813,-11
105000067,1201,683,518
105000068,282,597,-315
105000069,1160,1579,-419
105000070,417,804,-387
105000071,176,826,-650
105000072,873,2099,-1226
105000073,686,539,147
105000074,794,456,338
105000075,371,528,-157
105000076,879,668,211
105000077,1526,883,643
105000078,917,1026,-109
105000079,983,2713,-1730
105000080,1243,1031,212
105000081,2744,1197,1547
105000082,799,1711,-912
105000083,3650,3497,153
105000084,435,601,-166
105000085,1374,2004,-630
105000086,493,648,-155
105000087,966,1229,-263
105000088,1125,1284,-159
105000089,1840,1439,401
105000090,860,503,357
105000091,879,1112,-233
105000092,474,607,-133
105000093,249,245,4
105000094,285,159,126
105000095,114,390,-276
105000096,1038,979,59
105000097,774,657,117
105000098,909,534,375
105000099,533,545,-12
105000100,1011,877,134
105000101,1524,1261,263
105000102,1191,1082,109
105000103,1028,1541,-513
105000104,1982,789,1193
105000105,952,1316,-364
105000106,1195,1079,116
105000107,1247,601,646
105000108,1395,859,536
105000109,1404,966,438
105000110,755,332,423
105000111,722,468,254
105000112,977,498,479
105000113,383,558,-175
105000114,1552,1032,520
105000115,289,1050,-761
105000116,674,396,278
105000117,750,490,260
105000118,474,316,158
105000119,563,519,44
105000120,933,371,562
105000121,626,557,69
105000122,389,621,-232
105000123,937,681,256
105000124,1627,557,1070
105000125,670,1231,-561
105000126,1767,976,791
105000127,1815,1302,513
105000128,745,701,44
105000129,661,359,302
105000130,319,2728,-2409
105000131,512,221,291
105000132,802,530,272
105000133,479,603,-124
105000134,676,489,187
105000135,334,373,-39
105000136,111,214,-103
105000137,558,152,406
105000138,168,273,-105
105000139,734,620,114
105000140,446,332,114
105000141,303,320,-17
105000142,219,361,-142
105000143,178,338,-160
105000144,187,493,-306
105000145,687,210,477
105000146,285,561,-276
105000147,594,257,337
105000148,948,492,456
105000149,2085,1683,402
105000150,1282,852,430
105000151,361,284,77
105000152,167,333,-166
105000153,460,454,6
105000154,489,358,131
105000155,312,637,-325
105000156,479,398,81
105000157,638,940,-302
105000158,1459,647,812
105000159,213,657,-444
105000160,1831,494,1337
105000161,495,587,-92
105000162,460,1411,-951
105000163,747,532,215
105000164,174,221,-47
105000165,539,4242,-3703
105000166,2912,881,2031
105000167,954,1472,-518
105000168,379,389,-10
105000169,521,191,330
105000170,244,1022,-778
105000171,807,143,664
105000172,124,52,72
105000173,212,79,133
105000174,86,53,33
105000175,100,59,41
105000176,376,117,259
105000177,294,181,113
105000178,202,227,-25
105000179,642,162,480
105000180,146,79,67
105000181,123,119,4
105000182,41,28,13
105000183,1431,1621,-190
105000184,1101,755,346
105000185,955,893,62
105000186,342,598,-256
105000187,592,186,406
105000188,188,111,77
105000189,130,337,-207
105000190,270,210,60
105000191,316,232,84
105000192,340,56,284
105000193,42,108,-66
105000194,476,125,351
105000195,171,416,-245
105000196,98,355,-257
105000197,259,383,-124
105000198,421,221,200
105000199,206,595,-389
105000200,83,263,-180
105000201,75,24,51
105000203,21,133,-112
105000204,94,62,32
105000205,73,153,-80
105000207,238,132,106
105000208,161,453,-292
105000209,153,243,-90
105000211,267,7,260
105000212,893,677,216
105000213,88,127,-39
105000214,159,161,-2
105000215,242,90,152
105000216,147,184,-37
105000217,123,175,-52
105000218,1349,847,502
105000221,146,141,5
105000222,580,195,385
105000223,357,226,131
105000226,72,93,-21
105000227,64,72,-8
105000228,160,1722,-1562
105000229,118,388,-270
105000231,351,248,103
105000233,794,487,307
105000234,370,741,-371
105000235,307,448,-141
105000237,586,57,529
105000243,34,26,8
105000248,30,73,-43
105000262,312,640,-328
105000269,113,148,-35
105000270,387,27,360
105000271,0,138,-138
105000282,51,39,12
105000287,326,58,268
105000288,692,616,76
105000289,2101,1685,416
105000290,17,12,5
105000402,2119,3177,-1058
105000426,388,365,23
105000438,3330,1512,1818
105000440,35,15,20
105000446,5996,4011,1985
105000447,3224,1764,1460
105000454,589,390,199
105000455,196,128,68
105000474,58,2,56
105000477,399,448,-49
105000478,1614,4050,-2436
105000479,74,114,-40
105000480,7564,6492,1072
105000481,4023,2932,1091
105000482,3435,5669,-2234
105000483,1560,1778,-218
105000484,1404,2362,-958
105000485,1198,2591,-1393
105000486,2000,1886,114
105000488,7622,3565,4057
105000489,671,625,46
105000549,155,102,53
105000550,347,1026,-679
105000551,31,64,-33
105000552,1679,1065,614
105000555,850,897,-47
105000556,56,19,37
105000557,23,105,-82
105900001,11,1485,-1474
105900002,739,541,198
105900003,18,57,-39
105900004,165,107,58
105900005,6,233,-227
105900006,11,75,-64
105900007,81,13,68
105900008,56,354,-298
105900009,12,12,0
105900011,101,29,72
105900012,303,71,232
105900013,0,31,-31
105900014,8,41,-33
105900015,129,230,-101
105900016,458,334,124
105900017,1252,36,1216
105900018,190,104,86
105900019,53,177,-124
105900020,47,59,-12
105900021,32,220,-188
105900022,177,132,45
105900023,5,92,-87
105900024,5,175,-170
105900025,208,22,186
105900026,140,16,124
105900027,6361,5734,627
105900028,537,461,76
105900029,1184,294,890
105900030,224,191,33
105900031,249,147,102
105900032,75,114,-39
105900033,76,92,-16
105900034,227,113,114
105900035,139,104,35
105900036,105,88,17
105900037,89,65,24
105900038,145,158,-13
105900039,94,71,23
105900040,56,102,-46
105900041,140,112,28
105900042,79,122,-43
105900043,777,48,729
105900044,12,197,-185
105900045,4,579,-575
105900046,7,208,-201
105900047,10,34,-24
105900048,68,368,-300
105900050,4865,3167,1698
105900051,40,810,-770
105900052,461,266,195
105900053,1828,2348,-520
105900054,268,135,133
105900056,386,351,35
105900057,12,59,-47
105900058,35,23,12
105900059,0,43,-43
106000001,2550,1921,629
106000002,1241,3369,-2128
106000003,1999,2669,-670
106000004,1156,1646,-490
106000005,2947,3906,-959
106000006,3967,2235,1732
106000007,427,441,-14
106000008,327,215,112
106000009,495,315,180
106000010,424,392,32
106000011,994,871,123
106000012,741,807,-66
106000013,1435,1579,-144
106000014,1229,969,260
106000015,1549,903,646
106000016,843,1163,-320
106000017,353,440,-87
106000018,409,192,217
106000019,365,299,66
106000020,247,209,38
106000021,338,308,30
106000022,236,136,100
106000023,631,256,375
106000024,291,197,94
106000025,96,170,-74
106000026,50,104,-54
106000027,1330,1098,232
106000028,482,245,237
106000029,570,597,-27
106000030,309,410,-101
106000034,183,369,-186
106000035,876,1788,-912
106000036,132,329,-197
106000037,1496,1053,443
106000038,169,103,66
106000039,67,87,-20
106000040,99,652,-553
106000041,595,459,136
106000043,509,187,322
106000046,269,73,196
106000047,30,342,-312
106000049,883,145,738
106000050,241,455,-214
106000051,511,383,128
106000052,79,318,-239
106000053,351,83,268
106000054,266,250,16
106000055,854,594,260
106000056,252,257,-5
106000057,327,194,133
106000058,121,121,0
106000059,304,236,68
106000060,242,345,-103
106000061,147,466,-319
106000062,119,300,-181
106000063,673,433,240
106000064,44,190,-146
106000065,288,229,59
106000066,99,215,-116
106000067,421,97,324
106000068,54,402,-348
106000069,279,49,230
106000070,441,475,-34
106000071,909,205,704
106000072,1706,1171,535
106000073,1092,2462,-1370
106000074,504,520,-16
106000075,315,1149,-834
106000076,1475,1421,54
106000077,2291,992,1299
106000078,846,648,198
106000079,613,609,4
106000080,1019,417,602
106000081,548,896,-348
106000082,1693,583,1110
106000083,369,1227,-858
106000084,919,580,339
106000085,1051,1233,-182
106000086,523,682,-159
106000087,672,430,242
106000088,342,549,-207
106000089,796,242,554
106000090,249,393,-144
106000091,250,341,-91
106000092,471,227,244
106000093,314,122,192
106000094,65,143,-78
106000095,752,519,233
106000096,805,432,373
106000097,863,478,385
106000098,624,698,-74
106000099,187,531,-344
106000100,971,143,828
106000101,843,246,597
106000102,175,514,-339
106000103,253,451,-198
106000104,713,348,365
106000105,379,388,-9
106000106,621,333,288
106000107,154,174,-20
106000108,390,225,165
106000109,151,164,-13
106000110,211,234,-23
106000111,182,215,-33
106000112,229,504,-275
106000113,504,386,118
106000114,376,587,-211
106000115,163,213,-50
106000116,238,148,90
106000117,731,414,317
106000118,891,1135,-244
106000119,827,533,294
106000120,636,1115,-479
106000121,199,115,84
106000122,123,92,31
106000123,430,93,337
106000124,47,112,-65
106000125,19,133,-114
106000126,279,68,211
106000127,930,545,385
106000128,671,160,511
106000129,421,322,99
106000130,702,280,422
106000131,135,567,-432
106000132,486,170,316
106000133,989,884,105
106000134,379,1524,-1145
106000135,129,352,-223
106000136,571,891,-320
106000137,55,393,-338
106000138,952,85,867
106000139,52,63,-11
106000140,72,20,52
106000141,107,34,73
106000142,91,38,53
106000143,10,41,-31
106000144,22,49,-27
106000145,268,140,128
106000146,413,113,300
106000147,263,509,-246
106000148,385,428,-43
106000149,609,303,306
106000150,435,1561,-1126
106000151,2211,550,1661
106000152,608,1274,-666
106000153,118,793,-675
106000154,856,184,672
106000155,132,237,-105
106000156,719,211,508
106000157,518,975,-457
106000158,1447,730,717
106000159,1605,1432,173
106000160,383,2101,-1718
106000161,1007,199,808
106000162,242,820,-578
106000163,317,195,122
106000164,350,209,141
106000165,174,284,-110
106000166,686,193,493
106000167,268,507,-239
106000168,494,187,307
106000169,223,430,-207
106000170,621,218,403
106000171,201,797,-596
106000172,2044,1077,967
106000173,972,1527,-555
106000174,990,331,659
106000175,218,478,-260
106000176,1384,723,661
106000177,585,1346,-761
106000178,2231,1207,1024
106000179,783,1237,-454
106000180,569,786,-217
106000181,718,992,-274
106000182,1338,533,805
106000183,1304,315,989
106000184,1754,372,1382
106000185,953,724,229
106000186,565,101,464
106000187,149,838,-689
106000188,0,0,0
106000189,9,22,-13
106000190,17,0,17
106000191,526,136,390
106000192,1,6,-5
106000193,293,166,127
106000194,121,197,-76
106000195,287,98,189
106000196,69,218,-149
106000197,429,168,261
106000198,115,143,-28
106000199,628,595,33
106000200,109,178,-69
106000201,328,2318,-1990
106000202,1854,428,1426
106000203,21,128,-107
106000204,88,3,85
106000205,8,105,-97
106000206,54,5,49
106000207,20,338,-318
106000208,1161,115,1046
106000209,1331,285,1046
106000210,198,481,-283
106000211,209,738,-529
106000212,787,388,399
106000213,356,1272,-916
106000214,1526,482,1044
106000215,227,272,-45
106000216,399,278,121
106000217,205,256,-51
106000218,392,264,128
106000219,135,215,-80
106000220,382,185,197
106000221,182,131,51
106000222,51,61,-10
106000223,253,92,161
106000224,198,118,80
106000225,106,100,6
106000226,67,210,-143
106000228,60,68,-8
106000229,56,464,-408
106000231,784,77,707
106000232,47,189,-142
106000233,433,68,365
106000234,26,139,-113
106000235,459,74,385
106000236,114,56,58
106000237,6,10,-4
106000238,187,16,171
106000239,1,77,-76
106000240,16,3,13
106000241,4,361,-357
106000242,180,23,157
106000249,41,49,-8
106000250,49,427,-378
106000251,78,22,56
106000252,23,43,-20
106000253,34,29,5
106000254,43,18,25
106000255,19,103,-84
106000256,33,37,-4
106000257,140,137,3
106000258,217,12,205
106000259,3,35,-32
106000260,19,1,18
106000261,1,47,-46
106000262,59,6,53
106000263,21,52,-31
106000264,203,7,196
106000265,5,98,-93
106000266,70,31,39
106000267,3,49,-46
106000268,322,49,273
106000269,61,24,37
106000270,115,287,-172
106000271,59,117,-58
106000272,182,41,141
106000273,7,190,-183
106000274,114,15,99
106000275,94,188,-94
106000276,88,40,48
106000277,79,246,-167
106000278,97,21,76
106000279,4,23,-19
106000280,40,36,4
106000281,80,35,45
106000282,49,45,4
106000283,82,38,44
106000284,65,62,3
106000285,79,64,15
106000286,82,91,-9
106000287,102,46,56
106000288,72,123,-51
106000289,83,47,36
106000290,43,59,-16
106000291,75,71,4
106000292,42,73,-31
106000293,99,82,17
106000294,91,74,17
106000295,45,43,2
106000296,33,73,-40
106000297,52,168,-116
106000298,88,52,36
106000299,70,94,-24
106000300,85,87,-2
106000301,71,71,0
106000303,28,56,-28
106000304,18,31,-13
106000305,41,25,16
106000306,29,52,-23
106000307,25,25,0
106000308,33,48,-15
106000309,23,47,-24
106000310,275,296,-21
106000311,322,151,171
106000312,68,82,-14
106000313,191,186,5
106000318,50,348,-298
106000319,824,256,568
106000320,1,63,-62
106000321,174,105,69
106000322,163,99,64
106000324,18,93,-75
106000325,1397,768,629
106000326,673,1086,-413
106000327,148,68,80
106000328,39,91,-52
106000329,165,157,8
106000330,64,61,3
106000428,116,191,-75
106000429,151,308,-157
106000430,309,850,-541
106000431,2041,389,1652
106000432,1326,1974,-648
106000433,2269,1286,983
106000434,2768,1443,1325
106000435,906,1791,-885
106000436,14,138,-124
106000437,289,38,251
106000438,446,166,280
106000439,93,250,-157
106000440,231,397,-166
106000441,1,1,0
106000442,116,6,110
106000443,159,148,11
106000450,3,84,-81
106000451,21,66,-45
106000454,6,98,-92
106000455,6,97,-91
106000456,77,25,52
106000457,14,432,-418
106000458,843,50,793
106000459,188,172,16
106000460,1270,29,1241
106000461,120,530,-410
106000462,2,19,-17
106000463,7,9,-2
106000464,2,197,-195
106000465,675,3,672
106000466,2,278,-276
106000467,199,281,-82
106000468,99,89,10
106000469,84,2,82
106000470,217,1295,-1078
106000471,28,270,-242
106000472,152,25,127
106000473,36,14,22
106000474,262,393,-131
106000475,517,304,213
106000476,101,211,-110
106000477,36,78,-42
106000480,0,320,-320
106900001,0,6,-6
106900002,2,303,-301
106900003,175,720,-545
106900004,2,29,-27
106900006,0,14,-14
106900007,0,13,-13
106900008,318,107,211
106900009,361,183,178
106900010,191,207,-16
106900012,830,1766,-936
106900013,428,158,270
106900014,40,1,39
106900015,14,3,11
106900016,308,10,298
106900017,5,0,5
106900018,0,0,0
106900019,45,2,43
106900020,1576,1408,168
106900021,165,148,17
106900022,740,5,735
106900023,56,184,-128
106900024,536,43,493
106900025,50,480,-430
106900026,1,305,-304
106900027,659,2,657
107000001,2977,3372,-395
107000002,1803,2883,-1080
107000003,5211,5112,99
107000004,3223,2336,887
107000005,5082,4878,204
107000006,3002,2000,1002
107000007,4617,7922,-3305
107000008,5924,4492,1432
107000009,7082,6719,363
107000010,6381,5129,1252
107000011,795,817,-22
107000012,2864,1777,1087
107000013,81,50,31
107000014,37,144,-107
107000015,475,492,-17
107000016,730,515,215
107000017,1809,2093,-284
107000018,10,1757,-1747
107000020,1354,1952,-598
107000021,956,402,554
107000022,689,1364,-675
107000023,1412,172,1240
107000024,562,894,-332
107000025,214,274,-60
107000026,230,276,-46
107000027,1246,726,520
107000028,1208,793,415
107000029,3121,2502,619
107000030,2249,2015,234
107000031,3988,1822,2166
107000032,437,731,-294
107000033,1871,2505,-634
107000034,2772,949,1823
107000035,294,161,133
107000036,336,923,-587
107000037,61,589,-528
107000038,192,180,12
107000039,677,620,57
107000040,168,194,-26
107000041,1077,579,498
107000042,505,1573,-1068
107000043,1471,919,552
107000044,343,239,104
107000045,82,181,-99
107000046,648,350,298
107000047,365,577,-212
107000048,564,227,337
107000049,592,637,-45
107000050,906,432,474
107000051,223,325,-102
107000052,875,1018,-143
107000053,340,219,121
107000054,50,238,-188
107000055,321,145,176
107000056,492,628,-136
107000057,1163,219,944
107000058,1766,1933,-167
107000059,1331,2216,-885
107000060,4132,4149,-17
107000061,3474,2465,1009
107000062,4378,2310,2068
107000063,3283,2787,496
107000064,4265,2025,2240
107000065,2603,2941,-338
107000066,1549,2462,-913
107000067,1071,1105,-34
107000068,1031,811,220
107000069,908,485,423
107000070,942,12,930
107000071,3141,46,3095
107000072,31,1508,-1477
107000073,712,389,323
107000074,119,608,-489
107000075,1705,555,1150
107000076,433,855,-422
107000077,3286,1393,1893
107000078,2115,2102,13
107000079,2492,1060,1432
107000080,899,2064,-1165
107000081,1812,478,1334
107000082,485,936,-451
107000083,1178,377,801
107000084,225,841,-616
107000085,2522,2757,-235
107000086,2790,2554,236
107000087,2603,1708,895
107000088,2701,2644,57
107000089,1556,1443,113
107000090,860,819,41
107000091,1326,724,602
107000092,744,610,134
107000093,1078,723,355
107000094,731,794,-63
107000095,796,558,238
107000096,395,443,-48
107000097,736,241,495
107000098,366,391,-25
107000099,326,196,130
107000100,178,225,-47
107000101,58,137,-79
107000102,157,216,-59
107000103,228,141,87
107000104,122,175,-53
107000105,367,134,233
107000106,251,194,57
107000107,492,102,390
107000108,91,407,-316
107000109,604,152,452
107000110,49,325,-276
107000111,378,51,327
107000112,42,184,-142
107000113,595,136,459
107000114,90,310,-220
107000115,576,162,414
107000116,118,440,-322
107000117,132,769,-637
107000118,134,124,10
107000119,1093,1362,-269
107000120,714,415,299
107000121,925,552,373
107000122,1086,530,556
107000123,471,457,14
107000124,468,479,-11
107000125,884,463,421
107000126,925,528,397
107000129,174,392,-218
107000130,567,210,357
107000131,266,404,-138
107000132,488,282,206
107000133,373,105,268
107000134,202,2,200
107000135,4,278,-274
107000136,485,11,474
107000137,7,432,-425
107000138,153,28,125
107000139,18,467,-449
107000140,1227,84,1143
107000141,117,571,-454
107000142,379,82,297
107000143,72,473,-401
107000144,600,392,208
107000145,129,336,-207
107000146,151,209,-58
107000147,3449,958,2491
107000150,417,2239,-1822
107000151,20,73,-53
107000152,398,1257,-859
107000153,92,275,-183
107000154,166,214,-48
107000155,742,21,721
107000156,951,10,941
107000157,88,766,-678
107000158,676,21,655
107000159,45,490,-445
107000160,1183,125,1058
107000161,59,712,-653
107000162,213,525,-312
107000163,179,0,179
107000164,809,5,804
107000165,1167,7,1160
107000166,59,607,-548
107000167,665,199,466
107000168,883,464,419
107000169,578,590,-12
107000170,2253,623,1630
107000171,526,988,-462
107000172,1234,1387,-153
107000173,516,527,-11
107000174,1096,4831,-3735
107000175,3877,1015,2862
107000176,1,0,1
107000177,0,0,0
107000178,22,23,-1
107000179,284,1176,-892
107000180,1344,197,1147
107000181,428,610,-182
107000182,1805,679,1126
107000183,124,485,-361
107000184,1108,507,601
107000185,411,750,-339
107000186,1133,295,838
107000187,1309,894,415
107000188,706,455,251
107000189,400,759,-359
107000190,592,423,169
107000191,732,860,-128
107000192,1434,472,962
107000193,337,381,-44
107000194,736,556,180
107000197,881,256,625
107000198,254,561,-307
107000199,710,460,250
107000200,439,484,-45
107000201,397,266,131
107000202,334,338,-4
107000203,1046,977,69
107000204,988,1081,-93
107000205,1496,799,697
107000206,485,1263,-778
107000207,557,927,-370
107000208,784,503,281
107000209,1188,1194,-6
107000210,422,195,227
107000211,4,43,-39
107000212,13,280,-267
107000213,3,26,-23
107000214,32,126,-94
107000215,386,293,93
107000216,384,275,109
107000217,161,86,75
107000219,109,169,-60
107000220,131,96,35
107000222,225,398,-173
107000224,447,65,382
107000225,146,184,-38
107000226,533,96,437
107000227,71,119,-48
107000228,137,369,-232
107000229,68,100,-32
107000230,747,342,405
107000231,871,1353,-482
107000232,116,19,97
107000233,667,857,-190
107000234,1,56,-55
107000235,98,16,82
107000236,19,361,-342
107000237,34,1,33
107000238,45,2,43
107000239,2485,358,2127
107000240,94,464,-370
107000243,0,36,-36
107000244,1,71,-70
107000246,2,918,-916
107000249,7,975,-968
107000251,4,388,-384
107000252,3,545,-542
107000255,274,141,133
107000257,1,349,-348
107000258,0,142,-142
107000259,0,118,-118
107000260,1459,23,1436
107000262,4,261,-257
107000263,347,7,340
107000266,5,26,-21
107000267,38,86,-48
107000268,63,76,-13
107000269,142,9,133
107000270,190,50,140
107000271,1,51,-50
107000272,127,10,117
107000273,8,340,-332
107000274,1668,602,1066
107000275,49,1792,-1743
107000280,772,16,756
107000281,22,455,-433
107000282,80,487,-407
107000290,22,30,-8
107000291,25,11,14
107000292,1,169,-168
107000293,61,4,57
107000294,0,45,-45
107000295,34,2,32
107000296,0,7,-7
107000444,236,11,225
107000496,1,11,-10
107000497,1265,1293,-28
107000500,265,196,69
107000501,118,87,31
107000502,136,179,-43
107000505,256,606,-350
107000506,0,1,-1
107000508,2,287,-285
107000509,214,471,-257
107000510,27,27,0
107000514,56,363,-307
107000515,8,109,-101
107000516,425,230,195
107000518,993,1498,-505
107000519,911,587,324
107000520,93,33,60
107000521,675,224,451
107000522,1011,369,642
107900001,58,80,-22
107900002,51,5,46
107900003,549,32,517
107900004,30,0,30
107900005,1362,1,1361
107900006,158,2,156
107900007,380,32,348
107900008,51,11,40
107900009,101,5,96
107900010,54,4,50
107900012,250,54,196
107900013,189,24,165
107900014,40,2,38
107900015,938,11,927
107900016,288,74,214
107900017,30,5,25
107900018,98,181,-83
107900019,18,23,-5
107900020,80,23,57
107900021,78,44,34
107900023,3,4,-1
107900024,0,7,-7
107900025,170,183,-13
107900026,45,18,27
107900027,25,28,-3
107900028,110,26,84
107900030,157,26,131
107900031,63,88,-25
107900032,8,1,7
107900033,23,4,19
107900034,349,23,326
107900035,827,39,788
107900036,75,23,52
107900037,0,7,-7
107900038,91,209,-118
107900039,51,25,26
107900040,25,181,-156
107900041,3,2,1
107900043,61,83,-22
107900044,13,6,7
107900045,124,52,72
107900046,177,134,43
107900047,13,13,0
107900048,184,9,175
107900049,226,799,-573
107900050,87,176,-89
107900051,105,34,71
107900052,17,55,-38
107900053,31,59,-28
107900055,458,243,215
107900056,114,45,69
107900057,3,0,3
107900058,26,393,-367
107900060,9,61,-52
107900061,9,13,-4
107900063,83,127,-44
107900064,248,137,111
107900065,213,13,200
107900066,34,16,18
107900067,0,0,0
107900068,104,458,-354
107900069,39,2046,-2007
107900070,136,64,72
107900071,23,422,-399
107900072,86,104,-18
107900073,114,71,43
107900074,497,299,198
107900076,154,35,119
107900077,82,2,80
107900079,11,22,-11
107900080,296,555,-259
107900081,88,64,24
107900082,7,15,-8
107900083,305,138,167
107900084,94,83,11
107900086,45,168,-123
107900087,440,131,309
107900088,58,4,54
107900089,169,623,-454
107900090,600,1883,-1283
107900091,168,189,-21
107900093,65,36,29
107900095,2354,2081,273
107900097,47,46,1
107900098,69,122,-53
107900100,605,1194,-589
107900101,680,123,557
107900102,29,12,17
107900103,30,112,-82
107900104,135,6,129
107900105,1,246,-245
107900106,2,580,-578
107900107,1412,438,974
107900108,156,125,31
107900109,1719,52,1667
107900110,45,59,-14
107900111,7,330,-323
107900112,61,328,-267
107900113,228,49,179
107900114,213,84,129
107900115,0,23,-23
107900116,179,80,99
107900117,179,204,-25
107900118,42,80,-38
107900119,99,180,-81
107900120,45,21,24
107900121,1,106,-105
107900122,3,110,-107
107900123,4,43,-39
107900124,12,18,-6
107900125,17,148,-131
107900126,25,68,-43
107900127,479,339,140
107900128,70,63,7
107900129,73,12,61
107900130,90,23,67
107900131,354,255,99
107900132,77,219,-142
107900133,0,48,-48
107900134,19,97,-78
107900135,6,91,-85
107900136,36,26,10
107900137,89,96,-7
107900138,68,26,42
107900139,36,32,4
107900141,44,28,16
107900142,50,437,-387
107900143,52,28,24
107900144,1,104,-103
107900145,8,38,-30
107900146,59,109,-50
107900147,50,40,10
107900148,126,52,74
107900149,418,144,274
107900150,46,305,-259
107900151,29,76,-47
107900152,9,81,-72
107900153,81,289,-208
107900154,50,30,20
107900155,90,42,48
107900156,2,207,-205
107900157,42,33,9
107900158,712,15,697
107900159,29,443,-414
107900160,136,147,-11
107900161,30,83,-53
107900162,1,47,-46
107900163,45,31,14
107900164,21,33,-12
107900165,29,96,-67
107900166,14,77,-63
107900167,4,14,-10
107900168,55,35,20
107900169,0,109,-109
107900171,6,581,-575
107900172,4,212,-208
107900173,13,72,-59
107900174,161,8,153
107900175,31,29,2
107900176,26,38,-12
107900177,1,105,-104
107900178,2,104,-102
107900179,16,79,-63
107900180,307,606,-299
107900181,253,178,75
107900182,2,555,-553
107900183,33,137,-104
107900184,127,166,-39
107900185,121,2,119
107900186,21,45,-24
107900187,0,100,-100
107900188,391,122,269
107900189,19,117,-98
107900190,48,111,-63
107900191,60,97,-37
107900193,3,42,-39
107900194,190,14,176
107900195,1247,276,971
107900196,58,60,-2
107900197,389,359,30
107900199,1,516,-515
107900201,72,63,9
107900203,34,52,-18
107900204,139,139,0
107900206,946,283,663
107900207,1,374,-373
107900208,7,287,-280
107900209,337,141,196
107900210,71,47,24
107900213,355,308,47
107900214,16,45,-29
107900215,126,270,-144
107900216,162,36,126
107900217,12,95,-83
107900218,11,1275,-1264
107900219,34,41,-7
107900220,165,205,-40
107900221,99,116,-17
107900223,115,333,-218
107900224,73,350,-277
107900225,3,369,-366
107900226,88,53,35
107900227,95,270,-175
107900228,49,87,-38
107900229,1,120,-119
107900230,19,56,-37
107900231,37,125,-88
107900232,72,62,10
107900233,7,62,-55
107900234,94,64,30
107900235,15,64,-49
107900236,177,43,134
107900237,42,207,-165
107900238,25,68,-43
107900239,444,460,-16
107900240,12,53,-41
107900241,6,36,-30
107900242,30,98,-68
107900243,1,42,-41
107900244,335,4,331
107900245,616,22,594
107900246,352,34,318
107900248,148,208,-60
107900249,761,39,722
107900250,3,258,-255
107900251,70,672,-602
107900252,797,23,774
107900253,198,6,192
107900254,56,177,-121
107900255,171,116,55
107900256,798,1506,-708
107900257,161,67,94
107900258,72,159,-87
107900259,85,2097,-2012
107900261,1,169,-168
107900262,26,85,-59
107900264,184,3,181
107900265,200,92,108
107900267,275,7,268
107900268,5,0,5
107900269,0,1,-1
107900270,0,0,0
107900271,1,4,-3
107900272,20,13,7
107900273,39,62,-23
107900274,90,0,90
107900275,41,2,39
107900276,1,60,-59
107900277,0,112,-112
107900278,261,253,8
107900279,51,117,-66
107900280,1504,1565,-61
107900281,646,2801,-2155
107900282,46,418,-372
107900283,487,404,83
107900284,624,423,201
107900285,88,30,58
107900286,69,67,2
107900287,231,159,72
107900290,1,164,-163
107900291,449,29,420
107900292,84,107,-23
107900293,86,221,-135
107900295,45,30,15
107900297,2,192,-190
107900298,481,451,30
107900299,1813,2198,-385
107900301,786,629,157
107900302,100,24,76
107900303,165,168,-3
107900304,332,239,93
107900305,241,13,228
107900306,7,23,-16
107900307,55,229,-174
107900308,175,104,71
107900309,65,2,63
107900310,280,4,276
107900311,13,310,-297
107900312,48,1,47
107900313,0,99,-99
107900314,1,35,-34
107900315,0,24,-24
107900316,41,1,40
107900317,93,11,82
107900318,2,109,-107
107900319,3,102,-99
107900320,0,103,-103
107900321,98,0,98
107900322,0,67,-67
107900323,13,74,-61
107900324,87,1,86
107900325,87,0,87
107900326,360,108,252
107900327,1,47,-46
107900328,69,0,69
107900329,33,68,-35
107900330,4,169,-165
107900331,260,12,248
107900332,318,14,304
107900333,58,15,43
107900334,8,80,-72
107900335,46,28,18
107900336,19,39,-20
107900337,569,797,-228
107900338,7,103,-96
107900339,3,17,-14
107900340,0,51,-51
107900341,51,2,49
107900342,110,93,17
107900343,51,1,50
107900344,12,44,-32
107900345,99,26,73
107900346,17,2,15
107900347,12,1,11
107900348,0,2,-2
107900349,35,15,20
107900350,10,137,-127
107900351,5,116,-111
107900352,5,21,-16
107900353,16,9,7
107900354,4,36,-32
108000001,2700,3068,-368
108000002,1511,1519,-8
108000003,2862,3074,-212
108000004,8573,9388,-815
108000005,6598,5713,885
108000006,5925,5245,680
108000007,4461,3384,1077
108000008,3136,4044,-908
108000009,3357,3983,-626
108000010,2370,2941,-571
108000011,10444,9893,551
108000012,10456,9753,703
108000014,611,817,-206
108000015,820,196,624
108000016,252,758,-506
108000017,909,305,604
108000018,1421,514,907
108000019,1366,616,750
108000020,1125,411,714
108000021,223,1215,-992
108000022,310,950,-640
108000023,1024,171,853
108000024,310,315,-5
108000025,290,235,55
108000026,782,231,551
108000027,725,510,215
108000028,810,177,633
108000029,555,530,25
108000030,473,155,318
108000031,149,399,-250
108000032,1605,484,1121
108000033,684,677,7
108000034,1360,352,1008
108000035,515,1211,-696
108000036,339,620,-281
108000037,1532,284,1248
108000038,2322,451,1871
108000039,410,1196,-786
108000040,1752,770,982
108000041,583,1519,-936
108000042,303,148,155
108000043,221,163,58
108000044,569,112,457
108000045,281,287,-6
108000046,1298,239,1059
108000047,319,480,-161
108000048,168,257,-89
108000049,809,185,624
108000050,97,446,-349
108000051,355,98,257
108000052,142,396,-254
108000053,396,187,209
108000054,374,766,-392
108000055,834,517,317
108000056,1171,1035,136
108000057,518,1095,-577
108000058,1599,2940,-1341
108000059,2083,1415,668
108000060,206,562,-356
108000061,278,322,-44
108000062,861,539,322
108000063,434,326,108
108000064,264,192,72
108000065,362,301,61
108000066,1229,657,572
108000067,1697,582,1115
108000068,609,333,276
108000069,190,498,-308
108000070,1680,551,1129
108000071,452,861,-409
108000072,1521,752,769
108000073,888,1116,-228
108000074,545,288,257
108000075,312,474,-162
108000076,666,455,211
108000077,493,420,73
108000078,2109,886,1223
108000079,625,872,-247
108000080,1270,380,890
108000081,448,845,-397
108000082,711,1083,-372
108000083,1716,854,862
108000084,359,685,-326
108000085,723,405,318
108000086,573,430,143
108000087,123,1861,-1738
108000088,746,184,562
108000089,285,229,56
108000091,263,317,-54
108000092,120,89,31
108000093,151,297,-146
108000094,572,99,473
108000095,121,195,-74
108000096,307,119,188
108000097,142,211,-69
108000098,1637,863,774
108000099,945,226,719
108000100,169,393,-224
108000101,1473,1328,145
108000102,1467,3178,-1711
108000106,667,1,666
108000107,3,582,-579
108000108,475,38,437
108000109,10,639,-629
108000110,208,228,-20
108000111,111,335,-224
108000112,34,158,-124
108000113,300,162,138
108000115,169,221,-52
108000117,541,303,238
108000118,408,1536,-1128
108000119,409,266,143
108000120,170,597,-427
108000121,84,269,-185
108000122,554,250,304
108000123,523,121,402
108000124,340,360,-20
108000125,425,150,275
108000126,166,266,-100
108000127,549,180,369
108000128,500,275,225
108000129,250,500,-250
108000130,528,132,396
108000131,941,547,394
108000132,1505,916,589
108000133,868,452,416
108000134,382,355,27
108000135,931,338,593
108000136,226,544,-318
108000137,531,150,381
108000138,374,563,-189
108000139,444,257,187
108000140,144,32,112
108000141,54,35,19
108000142,49,42,7
108000143,34,313,-279
108000144,429,43,386
108000145,35,4,31
108000146,742,78,664
108000147,33,14,19
108000148,550,73,477
108000149,19,9,10
108000150,18,12,6
108000151,138,74,64
108000152,92,270,-178
108000153,656,102,554
108000154,34,12,22
108000155,30,28,2
108000156,569,303,266
108000157,105,1043,-938
108000158,70,752,-682
108000159,283,138,145
108000160,1551,964,587
108000161,1489,2118,-629
108000165,6,174,-168
108000172,4,238,-234
108000173,936,1604,-668
108000175,544,88,456
108000178,289,198,91
108000179,100,735,-635
108000181,53,32,21
108000182,194,88,106
108000183,29,357,-328
108000184,621,2061,-1440
108000185,215,245,-30
108000186,330,317,13
108000187,132,253,-121
108000188,594,162,432
108000189,1145,7979,-6834
108000190,24,106,-82
108000192,190,342,-152
108000193,381,15,366
108000194,23,10,13
108000195,1,581,-580
108000196,203,141,62
108000198,767,214,553
108000199,0,239,-239
108000200,406,251,155
108000203,133,340,-207
108000204,118,57,61
108000205,172,213,-41
108000339,685,335,350
108000364,208,547,-339
108000365,63,195,-132
108000367,119,226,-107
108000368,4,51,-47
108000369,395,153,242
108000371,17,534,-517
108000372,479,12,467
108000373,223,102,121
108000376,81,49,32
108000377,473,201,272
108000378,7452,8656,-1204
108000379,41,160,-119
108000381,93,11,82
108000382,82,1,81
108000383,1,180,-179
108900001,69,595,-526
108900002,122,59,63
108900003,215,415,-200
108900004,655,441,214
108900007,289,129,160
108900008,144,86,58
108900009,100,108,-8
108900010,325,138,187
108900011,654,307,347
108900012,368,366,2
108900013,210,247,-37
108900014,28,94,-66
108900015,1,170,-169
108900016,0,195,-195
108900017,211,346,-135
108900018,136,208,-72
108900019,24,311,-287
108900020,65,109,-44
108900021,149,156,-7
108900022,62,4,58
108900023,26,37,-11
108900024,25,54,-29
108900025,147,71,76
108900026,17,108,-91
108900027,1,68,-67
108900028,111,146,-35
108900029,45,150,-105
108900030,0,74,-74
108900031,138,225,-87
108900032,3,95,-92
108900033,0,118,-118
108900034,0,128,-128
108900035,262,662,-400
108900038,0,187,-187
108900039,1,262,-261
108900040,8,79,-71
108900041,3084,2755,329
108900042,8,323,-315
108900043,63,314,-251
108900044,1,297,-296
108900045,82,304,-222
108900046,36,414,-378
108900047,0,129,-129
108900048,94,494,-400
108900049,1358,1498,-140
108900050,0,128,-128
108900051,0,74,-74
108900052,20,109,-89
108900053,82,177,-95
108900054,59,139,-80
108900055,39,269,-230
108900056,0,120,-120
108900057,2,76,-74
108900058,15,142,-127
108900059,437,63,374
108900060,70,118,-48
108900061,81,36,45
108900062,6,155,-149
108900063,10,129,-119
108900064,243,47,196
108900065,9,94,-85
108900066,398,110,288
108900067,7,104,-97
108900068,8,78,-70
108900069,66,34,32
108900070,22,59,-37
108900071,96,48,48
108900072,1379,458,921
108900073,27,170,-143
108900074,239,134,105
108900075,41,52,-11
108900076,345,39,306
108900077,90,214,-124
108900078,63,86,-23
108900079,489,156,333
108900080,21,564,-543
108900081,43,182,-139
108900082,142,79,63
108900083,20,186,-166
108900085,1244,152,1092
108900086,151,140,11
108900087,62,117,-55
108900088,775,386,389
108900089,21,117,-96
108900090,73,131,-58
108900091,100,35,65
108900092,434,235,199
108900093,85,81,4
108900094,200,81,119
108900095,38,179,-141
108900096,235,13,222
108900097,270,161,109
108900098,1266,681,585
108900099,375,139,236
108900100,84,89,-5
108900101,164,178,-14
108900102,73,852,-779
108900103,89,133,-44
108900105,3,1207,-1204
108900106,462,170,292
108900108,270,50,220
108900109,371,64,307
108900110,219,213,6
108900111,435,334,101
108900113,32,66,-34
108900114,91,12,79
108900115,87,64,23
108900116,46,15,31
108900117,163,7,156
108900118,566,33,533
108900119,340,29,311
108900120,313,181,132
108900121,274,117,157
108900122,116,25,91
108900123,170,98,72
108900124,502,168,334
108900125,472,7,465
108900126,98,50,48
108900127,168,31,137
108900128,106,42,64
108900129,726,171,555
108900130,309,3,306
108900131,358,5,353
108900132,440,47,393
108900133,301,86,215
108900134,476,133,343
108900135,205,17,188
108900136,35,0,35
108900137,161,3,158
108900138,876,59,817
108900140,408,134,274
108900141,343,12,331
108900142,107,5,102
108900143,82,3,79
108900144,122,2,120
108900145,256,12,244
108900146,71,0,71
108900147,179,0,179
108900148,66,21,45
108900150,198,7,191
108900151,115,10,105
108900152,317,13,304
108900153,196,188,8
108900154,4027,416,3611
108900156,85,7,78
108900157,19,241,-222
108900158,352,14,338
108900159,6,141,-135
108900160,16,164,-148
108900161,7,223,-216
108900162,101,0,101
108900163,5,242,-237
108900164,40,59,-19
108900168,4110,2286,1824
108900169,65,97,-32
108900171,3047,2621,426
108900172,227,32,195
108900173,121,283,-162
108900174,949,554,395
108900176,88,280,-192
108900177,2638,4597,-1959
108900178,2356,3199,-843
108900180,122,237,-115
108900183,152,140,12
108900184,421,215,206
108900185,113,208,-95
108900186,51,217,-166
108900189,362,107,255
108900190,91,1363,-1272
108900192,87,164,-77
108900195,91,136,-45
108900196,19,142,-123
108900199,188,252,-64
108900200,467,298,169
108900201,398,1018,-620
108900203,480,137,343
108900204,400,30,370
108900205,189,49,140
108900206,435,49,386
108900207,156,89,67
108900208,21,213,-192
108900209,176,355,-179
108900210,143,169,-26
108900211,147,450,-303
108900212,397,1162,-765
108900215,54,240,-186
108900216,267,280,-13
108900217,169,2,167
108900218,48,16,32
108900221,32,163,-131
108900224,40,122,-82
108900225,0,136,-136
108900227,83,327,-244
108900230,157,175,-18
108900232,1,150,-149
108900233,302,60,242
108900234,224,103,121
108900235,188,363,-175
108900236,45,178,-133
108900240,129,99,30
108900241,26,36,-10
108900245,24,1216,-1192
108900250,206,80,126
108900258,5,110,-105
108900259,22,38,-16
108900260,8,56,-48
108900261,83,72,11
108900262,85,114,-29
108900263,27,94,-67
108900264,355,227,128
108900265,646,385,261
108900266,458,696,-238
108900267,6,114,-108
108900268,3,8,-5
108900269,98,12,86
108900270,86,6,80
108900271,34,5,29
108900272,191,5,186
108900273,569,863,-294
108900274,54,35,19
109000001,1899,1573,326
109000002,762,1784,-1022
109000003,2226,309,1917
109000004,469,1378,-909
109000005,2134,505,1629
109000006,602,1568,-966
109000007,1180,521,659
109000008,538,1245,-707
109000009,2888,1074,1814
109000010,986,2413,-1427
109000011,3011,1570,1441
109000012,1459,1867,-408
109000013,3395,2577,818
109000014,1613,1703,-90
109000015,3274,6854,-3580
109000016,3905,2158,1747
109000017,2302,908,1394
109000018,864,1727,-863
109000019,2202,1213,989
109000020,810,1273,-463
109000023,216,15,201
109000024,25,143,-118
109000025,328,423,-95
109000026,431,298,133
109000027,85,303,-218
109000028,98,67,31
109000029,111,192,-81
109000030,64,407,-343
109000031,130,175,-45
109000032,140,283,-143
109000033,261,128,133
109000034,62,47,15
109000035,9,35,-26
109000036,145,266,-121
109000037,228,1436,-1208
109000038,343,244,99
109000039,840,663,177
109000040,2493,8965,-6472
109000041,1553,1406,147
109000042,404,1010,-606
109000044,363,52,311
109000045,107,240,-133
109000046,344,47,297
109000047,35,270,-235
109000048,583,168,415
109000049,203,414,-211
109000050,276,198,78
109000051,199,163,36
109000052,434,467,-33
109000053,192,38,154
109000054,547,235,312
109000055,287,127,160
109000056,330,157,173
109000057,670,335,335
109000058,590,181,409
109000059,575,1407,-832
109000060,318,339,-21
109000061,618,744,-126
109000062,111,299,-188
109000063,178,103,75
109000064,305,94,211
109000065,115,109,6
109000066,324,48,276
109000067,49,167,-118
109000068,1238,7,1231
109000069,667,33,634
109000070,9,1709,-1700
109000071,335,65,270
109000072,83,288,-205
109000073,73,62,11
109000074,30,132,-102
109000075,44,242,-198
109000076,115,243,-128
109000077,229,191,38
109000078,88,135,-47
109000079,98,94,4
109000080,223,76,147
109000081,130,261,-131
109000082,674,126,548
109000083,264,359,-95
109000088,119,317,-198
109000089,226,48,178
109000090,114,271,-157
109000091,270,110,160
109000092,330,329,1
109000093,268,151,117
109000094,501,7,494
109000095,100,229,-129
109000096,578,224,354
109000097,93,121,-28
109000098,31,127,-96
109000099,615,223,392
109000100,197,583,-386
109000101,1289,405,884
109000102,299,639,-340
109000103,348,426,-78
109000104,1552,336,1216
109000105,329,674,-345
109000106,1522,556,966
109000107,501,1096,-595
109000108,1573,414,1159
109000109,397,913,-516
109000110,922,366,556
109000111,616,1230,-614
109000112,246,78,168
109000113,227,99,128
109000114,143,217,-74
109000115,712,79,633
109000116,19,161,-142
109000117,324,50,274
109000118,13,201,-188
109000119,1301,129,1172
109000120,190,412,-222
109000121,526,27,499
109000122,128,399,-271
109000123,28,28,0
109000124,640,286,354
109000125,713,281,432
109000126,351,410,-59
109000127,932,139,793
109000128,477,675,-198
109000129,2293,551,1742
109000130,488,851,-363
109000131,726,591,135
109000132,540,1004,-464
109000133,257,574,-317
109000134,500,793,-293
109000135,557,1106,-549
109000136,250,227,23
109000137,276,251,25
109000138,451,160,291
109000139,440,301,139
109000140,178,160,18
109000141,398,286,112
109000142,108,360,-252
109000143,85,77,8
109000145,124,337,-213
109000146,80,67,13
109000148,1672,1122,550
109000149,20,69,-49
109000150,94,217,-123
109000155,796,537,259
109000156,688,376,312
109000158,88,181,-93
109000159,77,268,-191
109000160,861,156,705
109000161,380,577,-197
109000162,1673,470,1203
109000163,881,1110,-229
109000164,1004,1602,-598
109000165,1148,355,793
109000166,679,124,555
109000167,104,251,-147
109000170,31,47,-16
109000171,48,48,0
109000172,37,63,-26
109000173,20,77,-57
109000174,84,36,48
109000175,34,43,-9
109000176,262,144,118
109000177,10,41,-31
109000178,680,242,438
109000179,2269,4190,-1921
109000180,2852,2981,-129
109000181,30,20,10
109000182,34,19,15
109000183,46,10,36
109000184,30,15,15
109000185,16,29,-13
109000188,318,1035,-717
109000189,1854,599,1255
109000190,718,261,457
109000191,441,278,163
109000192,364,119,245
109000193,139,169,-30
109000194,222,85,137
109000195,138,203,-65
109000196,265,71,194
109000197,176,213,-37
109000198,274,60,214
109000199,86,260,-174
109000206,204,43,161
109000207,106,24,82
109000208,60,102,-42
109000209,132,105,27
109000210,148,323,-175
109000211,579,302,277
109000214,356,170,186
109000215,123,45,78
109000216,255,247,8
109000217,231,112,119
109000218,448,187,261
109000221,429,664,-235
109000222,902,254,648
109000223,343,304,39
109000224,32,64,-32
109000225,84,36,48
109000226,51,107,-56
109000227,1040,508,532
109000228,6,2078,-2072
109000231,2,158,-156
109000232,364,167,197
109000236,188,503,-315
109000241,1652,1325,327
109000242,1655,893,762
109000293,47,53,-6
109000361,132,195,-63
109000364,142,305,-163
109000396,1,293,-292
109000397,607,8,599
109000399,103,240,-137
109000400,68,197,-129
109000403,72,697,-625
109000406,374,5,369
109000407,202,129,73
109000408,2,306,-304
109000410,815,152,663
109000411,204,21,183
109900001,90,1,89
109900002,934,25,909
109900003,236,2,234
109900004,655,56,599
109900005,23,3,20
109900006,379,100,279
109900007,742,256,486
109900008,0,23,-23
109900009,114,271,-157
109900010,519,15,504
109900011,73,42,31
109900012,287,148,139
109900013,306,142,164
109900014,295,48,247
109900015,307,170,137
109900016,146,8,138
109900017,140,198,-58
109900018,216,26,190
109900019,277,41,236
109900020,24,49,-25
109900021,28,16,12
109900022,119,142,-23
109900023,14,2,12
109900024,35,1,34
109900025,13,39,-26
109900026,1,86,-85
109900027,29,22,7
109900028,529,992,-463
109900029,0,154,-154
109900030,41,4,37
109900031,0,147,-147
109900032,10,190,-180
109900033,4,405,-401
109900034,33,3,30
109900035,19,20,-1
109900036,11,60,-49
109900037,29,250,-221
109900038,59,180,-121
109900039,13,1,12
109900040,35,314,-279
109900041,37,204,-167
109900042,10,417,-407
109900044,137,249,-112
109900045,181,175,6
109900046,86,73,13
109900047,224,236,-12
109900048,0,60,-60
109900049,14,27,-13
109900050,2,87,-85
109900051,0,40,-40
109900052,53,188,-135
109900053,2,117,-115
109900054,725,141,584
109900055,88,169,-81
109900056,51,189,-138
109900057,6,83,-77
109900058,0,60,-60
109900059,851,82,769
109900060,506,87,419
109900061,40,205,-165
109900062,1,87,-86
109900063,6,280,-274
109900064,506,116,390
109900065,37,103,-66
109900066,218,409,-191
109900067,0,112,-112
109900068,56,4,52
109900069,5,27,-22
109900070,33,194,-161
109900071,2,22,-20
109900072,13,95,-82
109900073,291,246,45
109900074,6,26,-20
109900075,21,18,3
109900076,28,164,-136
109900077,35,61,-26
109900078,87,139,-52
109900080,75,176,-101
109900081,20,229,-209
109900082,25,194,-169
109900083,17,48,-31
109900084,47,70,-23
109900085,184,429,-245
109900086,134,337,-203
109900087,251,306,-55
109900089,579,174,405
109900090,423,744,-321
109900091,328,57,271
109900092,308,11,297
109900093,885,129,756
109900094,72,69,3
109900095,185,128,57
109900096,38,8,30
109900097,80,3,77
109900098,506,35,471
109900099,197,4,193
109900100,33,2,31
109900101,552,5,547
109900102,355,19,336
109900103,17,32,-15
109900104,600,354,246
109900105,478,11,467
109900106,233,27,206
109900107,495,63,432
109900108,120,106,14
109900109,39,64,-25
109900110,58,172,-114
109900111,250,456,-206
109900112,202,273,-71
109900113,764,453,311
109900114,964,565,399
109900115,182,62,120
109900117,904,63,841
109900118,126,268,-142
109900119,450,208,242
109900120,80,46,34
109900121,252,370,-118
109900122,442,4,438
109900123,16,101,-85
109900124,21,258,-237
109900125,0,121,-121
109900126,273,50,223
109900128,285,36,249
109900130,3412,2420,992
109900131,33,147,-114
109900132,37,105,-68
109900133,97,197,-100
109900134,73,81,-8
109900135,269,71,198
109900136,64,116,-52
109900137,84,160,-76
109900140,137,78,59
109900142,1118,172,946
109900145,4,513,-509
109900146,364,41,323
109900148,64,91,-27
109900149,46,51,-5
109900150,11,84,-73
109900151,19,29,-10
109900152,2,33,-31
109900153,0,83,-83
109900154,65,0,65
109900155,62,23,39
109900157,62,136,-74
109900158,62,88,-26
109900159,168,26,142
109900160,119,40,79
109900161,185,70,115
109900162,173,106,67
109900163,326,192,134
109900164,46,145,-99
109900165,349,10,339
109900166,2,91,-89
109900167,125,296,-171
109900168,188,372,-184
109900169,202,110,92
109900170,256,842,-586
109900171,159,47,112
109900172,169,194,-25
109900173,1397,1917,-520
109900174,55,78,-23
109900175,53,105,-52
109900176,87,99,-12
109900177,26,141,-115
109900178,5,132,-127
109900179,30,12,18
109900180,4,16,-12
110000001,636,445,191
110000002,467,625,-158
110000003,594,554,40
110000004,383,673,-290
110000005,297,1524,-1227
110000006,222,290,-68
110000007,107,62,45
110000008,22,57,-35
110000009,34,22,12
110000010,26,58,-32
110000011,39,46,-7
110000012,438,209,229
110000013,29,465,-436
110000014,494,279,215
110000015,172,553,-381
110000016,230,1437,-1207
110000017,2349,188,2161
110000018,1763,270,1493
110000019,4,48,-44
110000020,276,187,89
110000021,449,366,83
110000022,659,185,474
110000023,3,83,-80
110000024,428,296,132
110000025,466,14,452
110000026,3,160,-157
110000027,951,597,354
110000028,797,470,327
110000029,393,391,2
110000030,243,295,-52
110000031,241,277,-36
110000032,602,325,277
110000033,262,110,152
110000034,417,476,-59
110000035,501,314,187
110000036,808,501,307
110000037,160,372,-212
110000038,192,495,-303
110000039,695,2770,-2075
110000040,233,207,26
110000041,225,1382,-1157
110000042,53,376,-323
110000043,628,241,387
110000044,87,540,-453
110000045,447,135,312
110000046,8,21,-13
110000047,13,58,-45
110000048,6,17,-11
110000049,19,8,11
110000050,6,9,-3
110000051,17,12,5
110000052,35,28,7
110000053,44,3,41
110000054,301,431,-130
110000055,613,102,511
110000056,86,88,-2
110000057,295,425,-130
110000058,823,304,519
110000059,771,405,366
110000060,842,741,101
110000061,544,516,28
110000062,514,743,-229
110000063,48,94,-46
110000064,62,56,6
110000065,66,69,-3
110000066,50,29,21
110000067,48,111,-63
110000068,221,76,145
110000069,269,38,231
110000071,178,55,123
110000073,21,23,-2
110000075,13,72,-59
110000076,193,260,-67
110000077,306,791,-485
110000078,50,34,16
110000080,254,437,-183
110000081,87,165,-78
110000082,29,248,-219
110000083,175,417,-242
110000084,1195,715,480
110000085,1113,1139,-26
110000086,917,1753,-836
110000087,14,34,-20
110000088,89,162,-73
110000089,228,59,169
110000090,193,201,-8
110000091,626,176,450
110000092,11,64,-53
110000093,34,15,19
110000094,383,147,236
110000095,153,551,-398
110000096,1083,1588,-505
110000097,827,1154,-327
110000098,1485,538,947
110000099,565,1356,-791
110000100,872,250,622
110000101,34,147,-113
110000102,113,33,80
110000104,444,123,321
110000105,58,248,-190
110000106,501,406,95
110000107,194,257,-63
110000108,114,109,5
110000109,188,174,14
110000110,1819,3674,-1855
110000111,3084,2286,798
110000112,651,1085,-434
110000113,191,1919,-1728
110000114,186,502,-316
110000115,424,216,208
110000116,50,32,18
110000117,201,133,68
110000118,359,99,260
110000119,271,166,105
110000120,312,141,171
110000121,48,275,-227
110000122,340,414,-74
110000123,591,547,44
110000124,25,720,-695
110000125,1099,8,1091
110000126,269,39,230
110000127,1075,31,1044
110000128,38,784,-746
110000129,7,431,-424
110000130,255,162,93
110000131,83,269,-186
110000132,3,404,-401
110000133,39,337,-298
110000134,22,267,-245
110000135,149,17,132
110000136,62,217,-155
110000137,507,369,138
110000138,643,421,222
110000139,859,573,286
110000140,729,699,30
110000143,471,305,166
110000144,3942,1557,2385
110000145,1805,843,962
110000146,1348,484,864
110000147,383,489,-106
110000148,405,158,247
110000151,722,874,-152
110000152,651,335,316
110000153,84,15,69
110000154,9,25,-16
110000155,862,3101,-2239
110000156,1008,2072,-1064
110000157,1556,1749,-193
110000160,325,245,80
110000161,175,143,32
110000166,500,86,414
110000167,711,488,223
110000168,875,477,398
110000169,802,302,500
110000170,188,47,141
110000171,499,154,345
110000172,151,536,-385
110000173,784,663,121
110000174,123,478,-355
110000175,614,57,557
110000176,197,285,-88
110000177,146,716,-570
110000178,349,1215,-866
110000179,700,261,439
110000180,196,138,58
110000181,498,269,229
110000182,250,98,152
110000183,5099,5583,-484
110000184,274,1905,-1631
110000185,766,595,171
110000186,583,602,-19
110000191,1108,207,901
110000192,629,14,615
110000193,1143,19,1124
110000194,7,563,-556
110000195,404,174,230
110000196,342,167,175
110000197,120,83,37
110000198,67,45,22
110000199,46,107,-61
110000200,667,287,380
110000201,662,907,-245
110000202,992,525,467
110000203,460,434,26
110000204,7,119,-112
110000205,192,37,155
110000206,428,671,-243
110000207,1258,259,999
110000208,213,168,45
110000209,107,608,-501
110000210,1284,324,960
110000211,766,501,265
110000212,396,813,-417
110000213,214,44,170
110000214,312,64,248
110000215,157,224,-67
110000216,111,154,-43
110000217,337,101,236
110000218,189,164,25
110000219,327,27,300
110000220,75,127,-52
110000221,318,30,288
110000222,43,168,-125
110000223,6,153,-147
110000224,25,11,14
110000225,230,569,-339
110000226,237,56,181
110000227,756,743,13
110000228,171,120,51
110000229,1,147,-146
110000230,501,406,95
110000231,128,168,-40
110000232,179,222,-43
110000233,173,202,-29
110000234,521,971,-450
110000235,729,860,-131
110000236,556,420,136
110000237,1722,1069,653
110000238,950,1038,-88
110000239,1600,800,800
110000240,1,50,-49
110000242,0,5,-5
110000243,127,64,63
110000244,79,325,-246
110000245,30,277,-247
110000246,724,330,394
110000247,735,2169,-1434
110000248,1124,857,267
110000249,90,9,81
110000250,17,99,-82
110000251,304,222,82
110000252,296,116,180
110000253,1147,412,735
110000254,503,565,-62
110000255,156,590,-434
110000256,417,220,197
110000257,495,283,212
110000258,7,219,-212
110000259,129,23,106
110000260,23,104,-81
110000263,365,47,318
110000264,260,203,57
110000265,915,1401,-486
110000266,1140,1952,-812
110000267,29,134,-105
110000268,191,284,-93
110000269,4,67,-63
110000270,72,1,71
110000271,785,186,599
110000272,936,765,171
110000273,1609,1058,551
110000274,139,1310,-1171
110000275,983,427,556
110000276,295,283,12
110000277,323,290,33
110000278,328,503,-175
110000279,741,632,109
110000280,350,281,69
110000281,52,243,-191
110000282,166,16,150
110000283,70,97,-27
110000284,20,54,-34
110000285,2,423,-421
110000286,8,0,8
110000287,58,1,57
110000288,8,89,-81
110000289,406,1641,-1235
110000290,620,541,79
110000291,2506,1081,1425
110000292,1324,3653,-2329
110000293,652,476,176
110000294,1038,769,269
110000295,133,439,-306
110000296,418,212,206
110000297,1643,228,1415
110000298,136,346,-210
110000299,103,61,42
110000301,236,17,219
110000302,317,531,-214
110000303,390,4,386
110000304,205,165,40
110000305,933,16,917
110000306,141,753,-612
110000307,1475,6,1469
110000308,379,16,363
110000309,3,404,-401
110000310,583,39,544
110000311,18,368,-350
110000312,295,72,223
110000313,1408,1717,-309
110000314,2,101,-99
110000315,1957,2109,-152
110000316,364,955,-591
110000317,209,683,-474
110000318,7,33,-26
110000319,23,18,5
110000320,20,33,-13
110000321,8,24,-16
110000322,209,177,32
110000323,398,110,288
110000324,1893,1289,604
110000325,1942,2479,-537
110000327,309,162,147
110000328,114,288,-174
110000333,752,545,207
110000334,530,852,-322
110000335,633,359,274
110000336,520,583,-63
110000337,1200,376,824
110000338,471,136,335
110000339,257,134,123
110000340,91,202,-111
110000341,364,371,-7
110000342,135,3,132
110000343,0,15,-15
110000344,265,190,75
110000345,429,149,280
110000346,1675,1384,291
110000347,947,576,371
110000348,27,8,19
110000349,10,11,-1
110000350,31,4,27
110000351,915,573,342
110000352,531,1148,-617
110000353,1850,420,1430
110000354,632,2408,-1776
110000355,103,53,50
110000356,834,9,825
110000357,370,12,358
110000361,19,32,-13
110000362,116,8,108
110000363,417,98,319
110000364,178,235,-57
110000365,141,1,140
110000366,2,75,-73
110000367,223,119,104
110000368,0,38,-38
110000369,34,2,32
110000373,1,205,-204
110000374,82,9,73
110000375,115,771,-656
110000376,14,59,-45
110000377,71,362,-291
110000378,20,289,-269
110000379,1680,1595,85
110000380,52,10,42
110000383,3,1435,-1432
110000384,1304,1029,275
110000385,0,117,-117
110000387,59,6,53
110000388,25,131,-106
110000389,639,7,632
110000391,634,152,482
110000396,202,83,119
110000397,169,69,100
110000398,3,17,-14
110000399,96,1,95
110000587,136,74,62
110000589,201,94,107
110000640,130,19,111
110000652,11,184,-173
110000653,257,277,-20
110000654,77,892,-815
110000656,0,291,-291
110000674,21,27,-6
110000675,4,9,-5
110000676,3,31,-28
110000679,252,1091,-839
110000682,71,126,-55
110000683,283,423,-140
110000684,2,19,-17
110000685,8,5,3
110000686,2,17,-15
110000687,24,5,19
110000688,48,849,-801
110000689,41,16,25
110000692,28,84,-56
110000693,48,196,-148
110000694,0,86,-86
110000695,138,424,-286
110000696,29,30,-1
110900001,229,21,208
110900002,375,93,282
110900003,666,225,441
110900004,434,84,350
110900005,1446,2073,-627
110900006,29,16,13
110900007,121,38,83
110900008,7,38,-31
110900009,437,123,314
110900010,9,43,-34
110900011,19,52,-33
110900012,29,77,-48
110900013,763,113,650
110900014,307,19,288
110900015,309,581,-272
110900016,52,83,-31
110900017,364,30,334
110900018,351,47,304
110900019,290,21,269
110900020,121,142,-21
110900021,77,255,-178
110900022,80,168,-88
110900023,43,344,-301
110900024,34,193,-159
110900025,0,28,-28
110900027,36,143,-107
110900028,27,74,-47
110900029,16,138,-122
110900030,40,108,-68
110900031,1,151,-150
110900032,0,33,-33
110900033,43,97,-54
110900035,48,402,-354
110900036,61,19,42
110900037,58,15,43
110900038,527,161,366
110900039,4,209,-205
110900040,203,34,169
110900041,17,47,-30
110900042,139,45,94
110900043,3,56,-53
110900044,157,19,138
110900045,52,186,-134
110900046,21,119,-98
110900047,292,274,18
110900049,99,80,19
110900050,26,4,22
110900051,29,155,-126
110900052,2,120,-118
110900053,58,30,28
110900054,54,135,-81
110900055,24,2,22
110900056,56,108,-52
110900057,3,88,-85
110900058,226,119,107
110900059,418,238,180
110900060,440,77,363
110900061,20,44,-24
110900062,187,159,28
110900063,42,105,-63
110900064,26,1,25
110900065,200,121,79
110900066,9,60,-51
110900067,230,503,-273
110900068,179,149,30
110900069,4,9,-5
110900070,89,55,34
110900071,261,541,-280
110900073,0,16,-16
110900074,395,74,321
110900075,381,54,327
110900077,713,394,319
110900078,52,26,26
110900079,1589,1150,439
110900080,149,52,97
110900081,5,25,-20
110900082,94,58,36
110900083,103,62,41
110900084,73,38,35
110900085,49,172,-123
110900086,49,358,-309
110900087,304,55,249
110900088,10,1,9
110900090,19,51,-32
110900091,0,37,-37
110900093,258,104,154
110900095,63,42,21
110900097,13,16,-3
110900098,37,52,-15
110900099,52,223,-171
110900100,0,21,-21
110900102,58,20,38
110900105,637,118,519
110900108,29,43,-14
110900111,378,131,247
110900112,733,17,716
110900113,306,46,260
110900115,10,33,-23
110900116,718,725,-7
110900118,90,2613,-2523
110900119,1658,220,1438
110900120,20,50,-30
110900121,124,3,121
110900122,401,145,256
110900125,445,352,93
110900127,497,1224,-727
110900128,333,515,-182
110900129,295,878,-583
110900130,677,569,108
110900131,173,58,115
110900132,378,69,309
110900133,80,188,-108
110900135,61,163,-102
110900136,291,15,276
110900139,21,1,20
110900140,0,0,0
110900141,196,246,-50
110900142,58,81,-23
110900143,148,61,87
110900144,2,358,-356
110900145,226,64,162
110900146,196,198,-2
110900147,78,230,-152
110900148,6,192,-186
110900149,2,45,-43
110900150,74,8,66
110900151,9,55,-46
110900152,31,132,-101
110900153,161,53,108
111000001,565,377,188
111000002,564,445,119
111000003,1088,552,536
111000004,386,638,-252
111000005,829,996,-167
111000006,644,1204,-560
111000007,3313,2613,700
111000008,1277,2220,-943
111000009,367,612,-245
111000010,763,218,545
111000011,252,897,-645
111000012,591,308,283
111000013,427,755,-328
111000014,1358,480,878
111000017,97,734,-637
111000018,189,305,-116
111000020,724,1479,-755
111000021,62,97,-35
111000023,64,81,-17
111000025,3642,3160,482
111000029,75,103,-28
111000030,40,95,-55
111000031,1686,862,824
111000032,516,292,224
111000033,215,243,-28
111000034,89,242,-153
111000037,932,548,384
111000038,2560,1428,1132
111000039,1574,1467,107
111000040,1642,1494,148
111000041,1234,1065,169
111000042,1596,1422,174
111000043,1422,2840,-1418
111000044,1488,1052,436
111000045,2251,2057,194
111000046,1492,1378,114
111000047,2144,3488,-1344
111000049,343,322,21
111000050,988,840,148
111000051,450,621,-171
111000052,527,1100,-573
111000053,371,623,-252
111000054,300,541,-241
111000055,988,1220,-232
111000056,196,298,-102
111000057,122,323,-201
111000058,465,67,398
111000059,558,257,301
111000060,3340,694,2646
111000061,508,336,172
111000062,873,372,501
111000063,1587,868,719
111000064,713,453,260
111000065,1041,696,345
111000066,507,315,192
111000067,538,403,135
111000068,610,712,-102
111000069,1457,1521,-64
111000070,824,688,136
111000071,319,441,-122
111000072,1312,479,833
111000073,281,940,-659
111000074,1438,1448,-10
111000075,888,440,448
111000076,489,435,54
111000077,1350,1394,-44
111000078,2400,1129,1271
111000079,912,485,427
111000080,459,438,21
111000081,1229,3227,-1998
111000082,616,505,111
111000084,672,388,284
111000085,761,765,-4
111000086,1716,711,1005
111000087,596,331,265
111000088,3221,1903,1318
111000089,700,614,86
111000090,513,1065,-552
111000091,663,301,362
111000092,1190,647,543
111000093,723,916,-193
111000094,1671,835,836
111000095,642,1819,-1177
111000096,1123,6060,-4937
111000097,3338,1279,2059
111000098,673,756,-83
111000099,440,1093,-653
111000100,320,887,-567
111000101,365,509,-144
111000102,302,285,17
111000104,575,120,455
111000107,65,472,-407
111000109,616,125,491
111000110,1296,530,766
111000111,2471,411,2060
111000112,1808,478,1330
111000113,788,1363,-575
111000114,1860,2994,-1134
111000115,3246,958,2288
111000116,896,685,211
111000117,326,679,-353
111000118,1265,613,652
111000119,963,674,289
111000120,470,449,21
111000121,280,611,-331
111000122,540,859,-319
111000123,877,1520,-643
111000124,472,1386,-914
111000125,221,672,-451
111000126,87,448,-361
111000127,822,105,717
111000128,1831,230,1601
111000129,2531,322,2209
111000130,2031,471,1560
111000131,1678,470,1208
111000132,1619,906,713
111000133,170,97,73
111000134,149,81,68
111000135,46,111,-65
111000136,376,217,159
111000138,17,5,12
111000140,3,6,-3
111000141,144,378,-234
111000142,23,324,-301
111000143,3,409,-406
111000144,66,1844,-1778
111000145,570,11,559
111000146,114,15,99
111000147,148,31,117
111000148,136,94,42
111000149,2,18,-16
111000150,23,3,20
111000151,10,16,-6
111000153,476,664,-188
111000154,542,197,345
111000155,115,144,-29
111000156,412,560,-148
111000157,235,791,-556
111000158,665,644,21
111000159,2569,773,1796
111000160,434,440,-6
111000161,10,345,-335
111000162,36,83,-47
111000163,730,508,222
111000164,472,2002,-1530
111000165,674,335,339
111000166,1122,275,847
111000167,141,265,-124
111000168,151,344,-193
111000169,272,427,-155
111000170,346,242,104
111000171,408,362,46
111000172,184,241,-57
111000173,391,391,0
111000174,228,194,34
111000175,33,239,-206
111000176,316,109,207
111000177,368,159,209
111000178,1284,173,1111
111000179,309,112,197
111000180,232,417,-185
111000181,1205,159,1046
111000182,198,134,64
111000183,294,271,23
111000184,261,169,92
111000185,253,259,-6
111000186,224,165,59
111000187,118,129,-11
111000188,281,300,-19
111000189,666,400,266
111000190,200,199,1
111000191,149,186,-37
111000192,183,318,-135
111000193,257,192,65
111000194,52,199,-147
111000195,170,215,-45
111000196,69,115,-46
111000197,428,107,321
111000198,646,69,577
111000199,225,82,143
111000200,465,232,233
111000201,698,190,508
111000202,317,153,164
111000203,333,203,130
111000204,371,1209,-838
111000213,192,324,-132
111000214,1282,930,352
111000215,1019,814,205
111000217,1510,781,729
111000218,1244,826,418
111000219,315,177,138
111000220,894,462,432
111000221,427,78,349
111000224,30,178,-148
111000225,350,188,162
111000226,87,1,86
111000227,28,17,11
111000228,20,406,-386
111000229,30,911,-881
111000230,180,179,1
111000231,977,380,597
111000232,590,548,42
111000233,1150,524,626
111000234,117,411,-294
111000239,64,84,-20
111000240,59,182,-123
111000241,21,188,-167
111000242,242,84,158
111000243,86,299,-213
111000244,575,74,501
111000245,1117,301,816
111000246,551,178,373
111000247,369,487,-118
111000248,628,300,328
111000249,424,383,41
111000250,50,37,13
111000251,36,41,-5
111000253,5,7,-2
111000255,53,20,33
111000257,37,23,14
111000260,54,788,-734
111000261,1230,59,1171
111000271,45,197,-152
111000273,1865,890,975
111000274,1124,1939,-815
111000275,148,52,96
111000276,214,870,-656
111000277,217,268,-51
111000278,581,183,398
111000291,756,5441,-4685
111000298,467,128,339
111000299,601,123,478
111000300,111,415,-304
111000302,289,46,243
111000303,39,143,-104
111000312,38,48,-10
111000315,8,69,-61
111000320,208,465,-257
111000321,282,114,168
111000322,239,311,-72
111000323,255,18,237
111000324,306,137,169
111000325,82,55,27
111000326,236,216,20
111000327,454,189,265
111000328,276,397,-121
111000329,0,34,-34
111000330,39,10,29
111000331,21,4,17
111000332,480,972,-492
111000334,330,840,-510
111000335,854,159,695
111000337,1318,232,1086
111000338,54,57,-3
111000339,515,116,399
111000340,176,311,-135
111000341,1163,485,678
111000342,129,1372,-1243
111000344,917,473,444
111000345,170,127,43
111000346,29,228,-199
111000347,119,5,114
111000350,191,68,123
111000351,99,227,-128
111000352,183,77,106
111000353,120,166,-46
111000354,385,83,302
111000355,259,334,-75
111000358,154,539,-385
111000360,193,294,-101
111000361,181,146,35
111000546,661,394,267
111000547,322,262,60
111000548,129,251,-122
111000549,291,212,79
111000550,79,739,-660
111000551,610,162,448
111000552,580,253,327
111000907,387,3,384
111000908,32,2,30
111000916,1653,188,1465
111000917,35,265,-230
111000918,220,386,-166
111000920,630,9,621
111000921,9,141,-132
111000922,469,145,324
111000924,47,400,-353
111000925,2530,1634,896
111000926,954,936,18
111000927,2341,3524,-1183
111000928,3222,1925,1297
111000929,1552,1094,458
111000930,685,1257,-572
111000931,1834,2209,-375
111000932,2835,1286,1549
111000933,2875,2154,721
111000934,1453,2117,-664
111000935,1591,718,873
111000936,1033,1395,-362
111000937,992,1023,-31
111000938,1001,955,46
111000939,558,26,532
111000940,404,86,318
111000941,357,262,95
111000943,497,208,289
111000944,187,201,-14
111000945,73,761,-688
111001109,478,480,-2
111001110,181,324,-143
111001111,84,3,81
111001112,81,5,76
111001113,2,112,-110
111001114,528,177,351
111001115,44,652,-608
111001116,2720,3286,-566
111001117,325,2305,-1980
111001120,163,171,-8
111001121,114,144,-30
111001122,217,252,-35
111001123,297,62,235
111001124,132,80,52
111001125,3,107,-104
111001126,0,1,-1
111001127,0,0,0
111900001,4,145,-141
111900002,1,322,-321
111900003,1,167,-166
111900004,24,38,-14
111900006,11,35,-24
111900007,103,6,97
111900008,222,1,221
111900009,127,0,127
111900010,285,268,17
111900012,63,67,-4
111900013,24,35,-11
111900014,2464,4006,-1542
111900015,1,32,-31
111900016,0,60,-60
111900017,0,73,-73
111900018,134,1,133
111900019,3,75,-72
111900020,0,26,-26
111900021,37,64,-27
111900022,9,44,-35
111900023,50,54,-4
111900024,57,98,-41
111900025,0,21,-21
111900026,0,54,-54
111900027,0,86,-86
111900028,2,186,-184
111900029,3,43,-40
111900030,22,202,-180
111900031,1,22,-21
111900032,1,159,-158
111900033,10,43,-33
111900034,259,296,-37
111900035,44,99,-55
111900036,0,131,-131
111900038,228,410,-182
111900039,39,233,-194
111900040,4,221,-217
111900042,9,105,-96
111900043,2,173,-171
111900044,222,144,78
111900046,48,106,-58
111900048,221,307,-86
111900049,24,134,-110
111900050,72,25,47
111900051,5,158,-153
111900052,221,260,-39
111900053,556,1607,-1051
111900054,70,4,66
111900055,9,190,-181
111900056,137,285,-148
111900057,121,41,80
111900058,550,297,253
111900059,983,481,502
111900060,361,3,358
111900061,4,104,-100
111900062,29,67,-38
111900063,252,293,-41
111900064,111,127,-16
111900065,81,21,60
111900066,111,152,-41
111900067,6,303,-297
111900068,35,33,2
111900069,95,16,79
111900070,159,65,94
111900071,1,203,-202
111900072,47,15,32
111900073,951,140,811
111900074,21,125,-104
111900075,63,3,60
111900076,187,54,133
111900077,27,1,26
111900078,283,27,256
111900079,43,41,2
111900080,147,244,-97
111900082,136,24,112
111900083,191,16,175
111900084,143,2,141
111900085,40,136,-96
111900086,41,3,38
111900087,58,0,58
111900088,607,6,601
111900089,112,1,111
111900090,66,34,32
111900091,244,3,241
111900092,84,0,84
111900093,378,20,358
111900094,128,0,128
111900095,293,31,262
111900096,198,2,196
111900097,38,0,38
111900098,309,3,306
111900099,84,0,84
111900100,117,1,116
111900101,126,33,93
111900102,623,243,380
111900103,51,58,-7
111900104,138,56,82
111900105,252,164,88
111900106,408,36,372
111900110,893,279,614
111900111,163,70,93
111900112,336,2801,-2465
111900113,210,92,118
111900118,338,70,268
111900119,293,136,157
111900122,104,104,0
111900123,25,55,-30
111900124,20,64,-44
111900125,447,33,414
111900126,222,4,218
111900127,1,403,-402
111900128,4,267,-263
111900129,227,7,220
111900130,194,32,162
111900131,394,1,393
111900132,10,458,-448
111900133,9,183,-174
111900134,8,117,-109
111900135,17,47,-30
111900136,81,172,-91
111900137,60,49,11
111900138,7,50,-43
111900139,7,61,-54
111900140,76,17,59
111900141,74,5,69
111900142,107,21,86
111900143,53,106,-53
111900144,0,35,-35
111900145,0,239,-239
111900146,2,104,-102
111900147,107,209,-102
111900148,9,301,-292
111900149,2,148,-146
111900150,10,78,-68
111900151,3,25,-22
111900152,85,89,-4
111900153,865,636,229
111900154,14,309,-295
111900155,50,85,-35
111900156,80,74,6
111900157,171,34,137
111900158,466,75,391
111900159,289,19,270
111900160,351,1,350
111900161,218,1,217
111900162,72,152,-80
111900163,17,166,-149
111900164,92,55,37
111901113,525,102,423
111901114,183,155,28
111901115,71,3,68
111901116,58,2,56
111901117,61,25,36
111901118,22,184,-162
111901119,341,41,300
111901121,98,109,-11
111901122,4,295,-291
111901123,238,188,50
111901124,235,1,234
111901125,448,145,303
111901127,210,431,-221
111901128,11,33,-22
111901129,7,70,-63
111901130,6,75,-69
111901131,10,161,-151
111901132,58,9,49
111901133,47,4,43
111901134,84,6,78
111901135,27,15,12
111901136,4,23,-19
111901138,193,33,160
111901139,20,13,7
111901140,9,51,-42
111901141,1,80,-79
111901142,1,50,-49
111901143,1,68,-67
111901144,69,35,34
111901145,87,252,-165
111901146,229,19,210
111901147,227,230,-3
111901148,7,41,-34
111901149,13,5,8
111901150,4,0,4
112000001,1579,545,1034
112000002,488,1438,-950
112000003,1374,829,545
112000004,478,412,66
112000005,3222,3319,-97
112000006,1521,918,603
112000007,3208,2077,1131
112000008,1991,3404,-1413
112000009,1973,1684,289
112000010,2460,3011,-551
112000011,1119,979,140
112000012,2749,3871,-1122
112000013,2412,2263,149
112000014,1919,2085,-166
112000015,2817,2501,316
112000016,2506,1592,914
112000017,1031,2460,-1429
112000024,1787,646,1141
112000026,1949,2140,-191
112000027,683,605,78
112000028,649,856,-207
112000029,544,630,-86
112000030,158,62,96
112000031,993,3661,-2668
112000032,162,26,136
112000033,1362,1881,-519
112000034,147,36,111
112000035,54,360,-306
112000036,474,844,-370
112000037,632,609,23
112000038,925,890,35
112000039,105,61,44
112000040,51,158,-107
112000041,337,326,11
112000042,652,298,354
112000050,1083,1105,-22
112000051,878,1229,-351
112000054,1151,1090,61
112000057,458,271,187
112000058,174,385,-211
112000059,336,511,-175
112000061,1805,1091,714
112000062,1055,812,243
112000063,536,1954,-1418
112000064,2034,2946,-912
112000065,1169,1548,-379
112000066,2767,1358,1409
112000067,555,558,-3
112000068,2564,2367,197
112000069,393,1178,-785
112000070,1660,916,744
112000071,852,1519,-667
112000072,2131,789,1342
112000073,1241,1448,-207
112000074,1446,928,518
112000075,1350,960,390
112000076,2510,1782,728
112000077,718,374,344
112000078,1516,503,1013
112000079,1227,1006,221
112000080,695,562,133
112000081,1232,1670,-438
112000082,1129,554,575
112000083,535,694,-159
112000084,1180,550,630
112000085,1135,442,693
112000086,1372,655,717
112000087,578,238,340
112000088,793,261,532
112000089,293,223,70
112000090,170,176,-6
112000091,531,631,-100
112000092,1697,834,863
112000093,1234,608,626
112000094,594,612,-18
112000095,526,634,-108
112000096,554,432,122
112000097,1255,601,654
112000098,702,522,180
112000099,625,1643,-1018
112000100,1824,589,1235
112000101,437,513,-76
112000102,1348,409,939
112000103,312,565,-253
112000105,505,825,-320
112000106,1860,357,1503
112000107,134,132,2
112000108,326,991,-665
112000109,212,81,131
112000110,1738,559,1179
112000111,668,2719,-2051
112000112,2890,550,2340
112000113,617,1000,-383
112000114,2062,718,1344
112000115,301,360,-59
112000116,545,543,2
112000117,845,586,259
112000118,885,574,311
112000119,318,453,-135
112000120,72,225,-153
112000121,119,261,-142
112000122,261,110,151
112000123,754,144,610
112000124,405,59,346
112000125,233,208,25
112000126,284,234,50
112000127,1377,1862,-485
112000128,430,463,-33
112000129,111,74,37
112000130,224,71,153
112000131,38,169,-131
112000132,151,191,-40
112000133,436,117,319
112000134,349,257,92
112000135,1512,544,968
112000136,1021,1036,-15
112000137,1650,1624,26
112000138,1302,1081,221
112000139,601,627,-26
112000140,556,797,-241
112000141,825,362,463
112000142,113,360,-247
112000143,1129,199,930
112000144,187,594,-407
112000145,2411,488,1923
112000146,478,1143,-665
112000147,2551,1394,1157
112000148,1316,1427,-111
112000149,424,362,62
112000150,315,401,-86
112000151,343,209,134
112000152,425,252,173
112000153,147,200,-53
112000154,97,183,-86
112000155,169,96,73
112000157,456,480,-24
112000158,275,254,21
112000159,577,257,320
112000167,306,108,198
112000169,376,359,17
112000173,712,139,573
112000175,389,221,168
112000176,1242,1308,-66
112000177,724,198,526
112000178,42,174,-132
112000179,201,76,125
112000180,193,280,-87
112000181,1168,1130,38
112000182,1187,787,400
112000183,28,25,3
112000184,371,231,140
112000185,614,321,293
112000187,2951,1814,1137
112000195,115,9,106
112000196,159,0,159
112000197,121,143,-22
112000198,47,191,-144
112000199,666,623,43
112000202,443,0,443
112000216,47,140,-93
112000230,98,6,92
112000231,2,123,-121
112000256,48,199,-151
112000313,37,63,-26
112000314,65,62,3
112000337,155,457,-302
112000352,132,334,-202
112000392,933,961,-28
112000398,1331,700,631
112000399,1434,2041,-607
112000400,1335,1399,-64
112000401,2118,1154,964
112000402,2961,2978,-17
112000403,1423,2813,-1390
112000404,967,784,183
112000405,2034,2398,-364
112000406,2118,1203,915
112000407,7190,7162,28
112000408,5075,3436,1639
112000409,1325,2397,-1072
112000410,324,327,-3
112000411,2411,1522,889
112000412,1105,518,587
112000413,4507,5578,-1071
112000414,81,48,33
112000415,95,29,66
112000416,2695,1161,1534
112000417,224,53,171
112000421,43,45,-2
112000422,260,135,125
112000424,1272,2459,-1187
112000425,297,407,-110
112000426,156,251,-95
112000427,1,17,-16
112000428,257,213,44
112000429,1630,1531,99
112000430,2377,2170,207
112000431,85,99,-14
112000432,426,584,-158
112000433,242,447,-205
112000437,43,93,-50
112900001,80,3,77
112900002,511,505,6
112900003,85,245,-160
112900004,45,157,-112
112900005,264,152,112
112900006,12,211,-199
112900007,57,162,-105
112900008,0,55,-55
112900009,315,136,179
112900010,386,513,-127
112900011,94,137,-43
112900012,0,35,-35
112900013,4,100,-96
112900014,3,116,-113
112900015,278,422,-144
112900016,4,176,-172
112900017,39,110,-71
112900018,1,148,-147
112900019,23,116,-93
112900020,266,676,-410
112900021,0,165,-165
112900022,13,52,-39
112900023,2,77,-75
112900024,34,167,-133
112900025,40,163,-123
112900026,10,144,-134
112900027,4,439,-435
112900028,15,105,-90
112900029,13,315,-302
112900030,72,78,-6
112900031,3,235,-232
112900032,121,180,-59
112900034,2,30,-28
112900035,4,224,-220
112900036,28,91,-63
112900037,142,166,-24
112900038,647,91,556
112900039,13,188,-175
112900040,8,382,-374
112900041,360,858,-498
112900042,80,161,-81
112900043,43,35,8
112900044,407,283,124
112900045,144,240,-96
112900046,130,50,80
112900047,9,31,-22
112900049,314,61,253
112900050,34,303,-269
112900051,185,350,-165
112900052,6,474,-468
112900053,164,128,36
112900054,159,48,111
112900055,86,51,35
112900056,278,202,76
112900057,20,339,-319
112900058,307,311,-4
112900059,86,144,-58
112900060,63,138,-75
112900061,98,58,40
112900062,61,94,-33
112900063,89,13,76
112900064,136,193,-57
112900065,31,42,-11
112900066,199,238,-39
112900067,228,93,135
112900068,29,29,0
112900069,1077,681,396
112900071,59,4,55
112900072,94,2115,-2021
112900073,385,108,277
112900074,74,270,-196
112900075,733,910,-177
112900076,51,46,5
112900078,308,397,-89
112900079,167,30,137
112900080,95,2,93
112900081,54,194,-140
112900082,566,28,538
112900083,132,128,4
112900084,236,115,121
112900086,136,4,132
112900087,663,150,513
112900088,134,4,130
112900089,793,41,752
112900090,58,27,31
112900091,282,3,279
112900092,84,390,-306
112900093,1008,33,975
112900095,53,1,52
112900096,517,167,350
112900097,68,162,-94
112900098,59,2,57
112900099,765,24,741
112900100,71,1,70
112900101,379,2,377
112900102,93,17,76
112900103,203,4,199
112900104,119,6,113
112900105,19,0,19
112900106,336,97,239
112900107,1,0,1
112900108,9,1,8
112900109,168,1,167
112900110,1404,44,1360
112900111,665,5,660
112900112,350,0,350
112900113,0,8,-8
112900114,200,23,177
112900115,1442,1,1441
112900116,117,25,92
112900117,51,50,1
112900118,28,108,-80
112900119,197,1,196
112900120,554,254,300
112900121,30,102,-72
112900122,9,66,-57
112900123,112,14,98
112900124,18,51,-33
112900125,30,278,-248
112900126,105,107,-2
112900127,327,91,236
112900128,151,441,-290
112900129,3,439,-436
112900130,212,55,157
112900131,21,142,-121
112900132,111,238,-127
112900133,23,689,-666
112900134,0,140,-140
112900135,73,50,23
112900137,0,306,-306
112900138,4,101,-97
112900139,160,731,-571
112900141,673,31,642
112900142,70,169,-99
112900143,25,303,-278
112900144,3,209,-206
112900145,27,329,-302
112900146,2,574,-572
112900147,1,781,-780
112900148,48,5,43
112900149,215,347,-132
112900151,19,48,-29
112900152,2520,501,2019
112900153,1213,2016,-803
112900154,2,60,-58
112900155,154,16,138
112900156,294,592,-298
112900157,428,71,357
112900158,71,8,63
112900159,184,137,47
112900160,66,191,-125
112900161,141,44,97
112900162,23,20,3
112900163,65,48,17
112900164,39,177,-138
112900165,99,16,83
112900166,16,64,-48
112900167,5,66,-61
112900168,1,4,-3
112900169,13,17,-4
112900170,93,77,16
112900172,53,20,33
112900173,150,65,85
112900174,201,62,139
112900175,101,166,-65
112900176,8,44,-36
112900177,193,60,133
112900178,676,2140,-1464
112900179,24,295,-271
112900180,1767,1177,590
112900181,655,6,649
112900182,60,472,-412
112900183,90,243,-153
112900184,321,343,-22
112900185,137,476,-339
112900186,719,729,-10
112900187,104,547,-443
112900188,604,891,-287
112900189,15,8,7
112900190,7,20,-13
112900192,562,626,-64
112900193,927,344,583
112900194,63,52,11
112900195,913,55,858
112900196,196,229,-33
112900197,123,225,-102
112900199,709,344,365
112900200,410,142,268
112900201,149,77,72
112900202,423,514,-91
112900203,264,194,70
112900204,681,504,177
112900205,14,10,4
112900206,26,94,-68
112900207,17,0,17
112900208,93,293,-200
112900209,348,249,99
112900210,0,23,-23
112900211,72,17,55
112900212,1,57,-56
112900213,65,17,48
112900214,30,29,1
112900215,30,107,-77
112900216,22,31,-9
112900217,2,62,-60
112900218,55,5,50
112900219,103,10,93
112900220,9,0,9
112900221,35,56,-21
112900222,0,25,-25
112900223,849,16,833
112900224,294,209,85
112900225,344,188,156
112900226,140,247,-107
112900227,718,534,184
112900228,48,31,17
112900229,277,21,256
112900230,4175,2734,1441
112900232,275,280,-5
112900233,59,106,-47
112900234,16,40,-24
112900235,95,19,76
112900236,276,11,265
112900237,225,128,97
112900238,7,11,-4
112900239,445,372,73
112900240,5,37,-32
112900241,7,41,-34
112900242,4,55,-51
112900243,7,65,-58
112900244,9,38,-29
112900245,1,17,-16
112900246,2,12,-10
112900247,83,13,70
112900248,13,1,12
112900249,21,5,16
112900250,40,11,29
112900251,71,9,62
112900252,71,14,57
112900253,36,12,24
112900254,16,4,12
112900255,3,17,-14
112900256,5,29,-24
112900257,10,24,-14
112900258,14,6,8
113000001,5386,4253,1133
113000002,2771,2690,81
113000003,1560,1335,225
113000004,1093,2006,-913
113000005,1545,840,705
113000006,891,1133,-242
113000007,2035,860,1175
113000008,1386,1281,105
113000009,1079,488,591
113000010,968,892,76
113000011,554,844,-290
113000012,1508,449,1059
113000013,909,521,388
113000014,859,1047,-188
113000015,260,123,137
113000016,243,621,-378
113000017,17,216,-199
113000018,298,23,275
113000019,156,203,-47
113000020,514,49,465
113000021,978,450,528
113000022,545,721,-176
113000025,99,247,-148
113000026,358,327,31
113000027,496,428,68
113000028,414,555,-141
113000029,683,533,150
113000030,198,446,-248
113000031,161,238,-77
113000032,177,292,-115
113000033,190,362,-172
113000034,173,249,-76
113000035,40,36,4
113000036,10,37,-27
113000037,37,17,20
113000038,14,62,-48
113000039,59,272,-213
113000040,49,81,-32
113000042,563,439,124
113000051,695,1676,-981
113000052,1556,526,1030
113000053,454,231,223
113000054,354,513,-159
113000055,996,340,656
113000056,988,605,383
113000058,497,620,-123
113000059,832,424,408
113000060,251,378,-127
113000061,533,711,-178
113000062,441,274,167
113000063,229,45,184
113000064,38,182,-144
113000065,171,441,-270
113000066,641,77,564
113000067,2016,776,1240
113000068,325,565,-240
113000069,516,551,-35
113000070,2172,700,1472
113000071,391,355,36
113000072,748,313,435
113000073,212,1041,-829
113000074,720,277,443
113000075,1356,697,659
113000076,465,1835,-1370
113000077,721,563,158
113000078,444,1526,-1082
113000079,373,734,-361
113000080,516,616,-100
113000081,512,537,-25
113000082,812,605,207
113000083,495,705,-210
113000084,1148,870,278
113000085,701,662,39
113000086,738,887,-149
113000087,681,851,-170
113000088,1699,964,735
113000089,723,1328,-605
113000090,197,572,-375
113000091,339,334,5
113000094,1001,190,811
113000095,182,567,-385
113000096,82,506,-424
113000097,852,260,592
113000098,60,31,29
113000099,800,297,503
113000100,73,247,-174
113000101,206,400,-194
113000102,505,465,40
113000103,1328,267,1061
113000104,433,1696,-1263
113000105,642,299,343
113000106,284,200,84
113000107,773,599,174
113000108,461,622,-161
113000109,534,1286,-752
113000110,1515,317,1198
113000111,167,393,-226
113000112,342,317,25
113000113,827,304,523
113000114,251,1036,-785
113000116,533,253,280
113000117,626,86,540
113000118,63,324,-261
113000119,331,235,96
113000120,78,232,-154
113000121,379,646,-267
113000124,274,105,169
113000125,39,695,-656
113000127,1307,191,1116
113000128,367,279,88
113000129,363,430,-67
113000133,1328,908,420
113000134,8,1036,-1028
113000135,3374,3748,-374
113000137,1034,2941,-1907
113000139,241,194,47
113000140,80,174,-94
113000141,144,161,-17
113000142,317,731,-414
113000143,172,140,32
113000144,198,381,-183
113000145,67,111,-44
113000146,78,41,37
113000147,154,73,81
113000148,212,79,133
113000149,113,74,39
113000150,471,202,269
113000151,67,44,23
113000152,19,53,-34
113000153,814,340,474
113000154,536,1093,-557
113000155,231,518,-287
113000156,91,240,-149
113000157,199,538,-339
113000158,551,209,342
113000159,654,535,119
113000160,489,550,-61
113000161,247,166,81
113000162,685,257,428
113000163,156,47,109
113000164,40,41,-1
113000166,168,78,90
113000167,39,78,-39
113000168,68,85,-17
113000169,182,42,140
113000170,67,84,-17
113000171,34,65,-31
113000172,203,58,145
113000173,73,20,53
113000174,99,248,-149
113000175,319,68,251
113000176,419,105,314
113000177,151,274,-123
113000178,130,170,-40
113000179,240,161,79
113000180,409,746,-337
113000181,903,573,330
113000182,100,305,-205
113000183,62,402,-340
113000184,30,68,-38
113000189,247,534,-287
113000190,329,325,4
113000192,585,2442,-1857
113000193,1758,1905,-147
113000194,714,877,-163
113000195,1046,1158,-112
113000196,168,71,97
113000197,998,1036,-38
113000198,71,175,-104
113000199,916,229,687
113000201,67,310,-243
113000202,2949,563,2386
113000203,77,27,50
113000204,671,2266,-1595
113000205,10,11,-1
113000206,10,25,-15
113000207,64,13,51
113000208,50,36,14
113000209,13,10,3
113000210,9,21,-12
113000211,120,280,-160
113000212,84,15,69
113000213,20,97,-77
113000214,133,226,-93
113000234,136,430,-294
113000410,102,211,-109
113000411,1553,2667,-1114
113000412,3385,1652,1733
113000413,1126,2286,-1160
113000414,3059,9394,-6335
113000415,1409,1678,-269
113000416,4013,2667,1346
113000417,1506,1697,-191
113000418,3562,2857,705
113000419,1169,1546,-377
113000420,3062,4799,-1737
113000421,3081,5147,-2066
113000422,7559,7591,-32
113000423,1363,4084,-2721
113000424,1847,7728,-5881
113000425,5,93,-88
113000428,14,28,-14
113000430,6,108,-102
113000432,1861,159,1702
113000433,64,434,-370
113000434,48,79,-31
113000435,29,203,-174
113000436,13,457,-444
113000437,972,12,960
113000438,286,12,274
113000439,17,50,-33
113000440,154,21,133
113000441,236,132,104
113000442,137,89,48
113000443,288,91,197
113000444,246,90,156
113000445,120,60,60
113000446,33,68,-35
113000448,170,162,8
113000449,108,611,-503
113000450,297,1513,-1216
113000451,1158,175,983
113000452,158,394,-236
113000453,43,411,-368
113000454,346,87,259
113000455,29,359,-330
113000456,2194,1874,320
113000468,749,86,663
113000469,34,70,-36
113000470,297,8,289
113000471,9,320,-311
113000472,90,210,-120
113000474,732,500,232
113000475,1094,1132,-38
113000476,1266,1399,-133
113000477,2935,1524,1411
113000478,2608,3138,-530
113000479,44,98,-54
113000483,0,0,0
113000484,0,1,-1
113000485,0,0,0
113000486,0,0,0
113000487,0,0,0
113000488,1,2,-1
113000489,0,4,-4
113000490,0,0,0
113000491,6,1,5
113000492,3,0,3
113000493,0,0,0
113000495,148,106,42
113000496,137,68,69
113000499,0,0,0
113900001,0,4,-4
113900002,0,0,0
113900003,0,0,0
113900004,0,0,0
113900005,144,58,86
113900006,0,0,0
113900007,4,13,-9
113900008,15,281,-266
113900009,28,112,-84
113900010,32,40,-8
113900011,75,45,30
113900012,37,57,-20
113900013,95,31,64
113900014,436,4,432
113900015,0,39,-39
113900016,26,0,26
113900017,0,33,-33
113900018,295,260,35
113900019,180,49,131
113900020,131,1,130
113900022,40,1,39
113900023,30,0,30
113900024,62,25,37
113900025,150,12,138
113900026,56,0,56
113900027,1,28,-27
113900028,24,341,-317
113900029,70,88,-18
113900030,212,1,211
113900031,26,1,25
113900032,47,0,47
113900033,94,41,53
113900035,60,1,59
113900036,16,33,-17
113900037,129,305,-176
113900038,59,117,-58
113900039,117,17,100
113900040,17,18,-1
113900041,8,0,8
113900042,71,42,29
113900043,85,81,4
113900044,215,285,-70
113900045,53,1,52
113900046,202,421,-219
113900047,33,91,-58
113900048,104,101,3
113900049,319,292,27
113900050,165,208,-43
113900051,205,192,13
113900052,93,67,26
113900053,459,518,-59
113900054,7,3,4
113900055,68,239,-171
113900056,50,109,-59
113900057,20,53,-33
113900058,79,75,4
113900059,273,161,112
113900060,67,111,-44
113900061,422,227,195
113900062,77,11,66
113900063,57,52,5
113900064,26,59,-33
113900065,312,11,301
113900066,332,156,176
113900067,174,118,56
113900068,348,386,-38
113900069,36,16,20
113900070,140,281,-141
113900071,49,31,18
113900072,63,110,-47
113900073,292,250,42
113900074,83,163,-80
113900075,850,1126,-276
113900076,102,11,91
113900077,40,108,-68
113900078,40,36,4
113900079,0,16,-16
113900080,381,156,225
113900081,51,128,-77
113900082,112,171,-59
113900083,313,182,131
113900084,194,101,93
113900085,35,170,-135
113900086,35,13,22
113900087,79,91,-12
113900088,65,90,-25
113900089,258,36,222
113900090,485,262,223
113900091,25,8,17
113900092,10,50,-40
113900093,49,715,-666
113900094,316,194,122
113900095,100,125,-25
113900096,211,42,169
113900097,20,44,-24
113900098,647,75,572
113900099,0,40,-40
113900100,2,0,2
113900101,5,66,-61
113900102,115,179,-64
113900103,311,179,132
113900104,99,223,-124
113900105,114,103,11
113900106,0,31,-31
113900107,0,10,-10
113900108,150,193,-43
113900109,328,190,138
113900110,62,26,36
113900111,173,76,97
113900112,126,54,72
113900113,773,302,471
113900114,1,35,-34
113900115,1,32,-31
113900116,82,117,-35
113900117,52,27,25
113900118,179,290,-111
113900119,136,383,-247
113900120,68,34,34
113900121,61,85,-24
113900122,329,1729,-1400
113900123,388,162,226
113900124,0,32,-32
113900125,532,119,413
113900126,65,29,36
113900127,333,685,-352
113900128,96,64,32
113900129,10,140,-130
113900130,6,38,-32
113900131,191,55,136
113900132,45,71,-26
113900133,14,82,-68
113900135,293,231,62
113900136,85,54,31
113900137,286,237,49
113900138,58,109,-51
113900139,155,199,-44
113900140,116,259,-143
113900141,477,143,334
113900142,115,45,70
113900143,7,43,-36
113900144,90,184,-94
113900145,313,102,211
113900146,165,24,141
113900148,80,278,-198
113900149,106,64,42
113900150,203,320,-117
113900151,328,139,189
113900152,36,38,-2
113900153,143,347,-204
113900154,5,114,-109
113900155,158,210,-52
113900156,131,270,-139
113900157,35,228,-193
113900158,181,352,-171
113900159,15,212,-197
113900160,381,298,83
113900161,54,208,-154
113900162,265,620,-355
113900163,124,215,-91
113900164,257,58,199
113900165,562,239,323
113900166,56,87,-31
113900167,277,36,241
113900168,52,50,2
113900169,140,192,-52
113900171,197,59,138
113900172,1,94,-93
113900173,16,284,-268
113900174,382,360,22
113900175,268,98,170
113900176,287,242,45
113900177,221,105,116
113900178,296,100,196
113900179,14,242,-228
113900180,112,72,40
113900181,587,122,465
113900182,547,637,-90
113900183,34,45,-11
113900184,4,166,-162
113900185,135,49,86
113900186,32,20,12
113900187,26,82,-56
113900188,33,98,-65
113900189,211,81,130
113900190,157,85,72
113900191,81,116,-35
113900192,5,359,-354
113900193,9,90,-81
113900194,868,605,263
113900195,207,282,-75
113900196,6,80,-74
113900197,1,55,-54
113900198,40,249,-209
113900199,72,422,-350
113900200,15,161,-146
113900201,1,81,-80
113900202,34,179,-145
113900203,0,32,-32
113900204,22,214,-192
113900205,4,99,-95
113900206,10,85,-75
113900207,0,18,-18
113900208,0,26,-26
113900209,1,52,-51
113900210,306,479,-173
113900211,148,51,97
113900212,145,255,-110
113900214,192,309,-117
113900215,145,103,42
113900216,139,435,-296
113900217,76,114,-38
113900218,128,63,65
113900219,111,205,-94
113900220,120,106,14
113900221,269,177,92
113900222,143,384,-241
113900223,197,477,-280
113900224,48,57,-9
113900225,260,135,125
113900226,294,55,239
113900227,237,184,53
113900228,228,366,-138
113900229,58,587,-529
113900230,1919,2692,-773
113900231,128,90,38
113900232,111,66,45
113900233,85,41,44
113900234,274,263,11
113900235,94,35,59
113900236,206,211,-5
113900237,173,9,164
113900238,203,479,-276
113900239,31,94,-63
113900240,3,161,-158
113900241,131,42,89
113900242,40,108,-68
113900243,77,283,-206
113900244,141,113,28
113900245,653,199,454
113900246,11,23,-12
113900247,114,469,-355
113900248,1470,1492,-22
113900249,479,416,63
113900250,26,143,-117
113900251,660,69,591
113900252,448,16,432
113900253,472,57,415
113900254,680,104,576
113900255,411,20,391
113900256,288,22,266
113900257,22,290,-268
113900258,10,148,-138
113900259,528,80,448
113900260,185,5,180
113900261,23,50,-27
113900262,112,274,-162
113900263,86,341,-255
113900264,3,210,-207
113900265,122,296,-174
113900266,14,97,-83
113900267,96,274,-178
113900268,293,277,16
113900269,51,74,-23
113900270,182,460,-278
113900271,505,536,-31
113900273,26,14,12
113900274,50,33,17
113900275,18,67,-49
113900276,1,63,-62
113900277,119,7,112
113900278,203,148,55
113900279,42,43,-1
113900280,1194,435,759
113900281,456,1005,-549
113900282,382,463,-81
113900283,430,433,-3
113900284,587,80,507
113900285,100,42,58
113900286,15,52,-37
113900287,82,22,60
113900288,0,71,-71
113900289,426,71,355
113900290,142,227,-85
113900291,53,102,-49
113900292,3,3,0
113900293,0,148,-148
113900294,442,18,424
113900295,274,235,39
113900296,1066,322,744
113900297,1964,27,1937
113900298,15,947,-932
113900299,119,81,38
113900300,2566,2934,-368
113900301,506,307,199
113900302,1520,787,733
113900303,296,408,-112
113900304,2,53,-51
113900305,104,1,103
113900306,61,0,61
113900307,19,0,19
113900308,53,83,-30
113900309,1,295,-294
113900310,0,3,-3
113900311,8,0,8
113900312,178,239,-61
113900313,7,5,2
113900314,7,68,-61
113900315,281,83,198
114000001,706,1539,-833
114000002,240,213,27
114000003,106,352,-246
114000004,287,253,34
114000005,274,211,63
114000006,1234,997,237
114000007,386,680,-294
114000008,917,1423,-506
114000009,690,133,557
114000011,2390,1629,761
114000012,2340,986,1354
114000013,1476,863,613
114000014,441,183,258
114000015,1676,221,1455
114000016,161,124,37
114000017,62,301,-239
114000018,103,12,91
114000026,1703,672,1031
114000027,3226,1320,1906
114000028,1944,2111,-167
114000038,190,115,75
114000039,97,53,44
114000040,119,173,-54
114000042,163,102,61
114000043,187,98,89
114000044,247,38,209
114000045,45,54,-9
114000046,2024,2532,-508
114000047,7,30,-23
114000048,81,56,25
114000049,1122,832,290
114000050,1106,1128,-22
114000051,1973,1268,705
114000052,3296,1308,1988
114000053,86,437,-351
114000054,108,532,-424
114000055,148,9,139
114000056,343,841,-498
114000057,3012,1537,1475
114000058,179,1160,-981
114000059,83,282,-199
114000060,373,577,-204
114000061,1617,2559,-942
114000062,822,1226,-404
114000063,1313,1039,274
114000064,2300,2639,-339
114000065,1119,1463,-344
114000066,346,376,-30
114000067,29,673,-644
114000068,400,607,-207
114000069,755,421,334
114000070,1660,1410,250
114000071,568,297,271
114000072,606,201,405
114000073,30,22,8
114000074,43,14,29
114000075,36,41,-5
114000076,13,42,-29
114000077,5,16,-11
114000078,608,315,293
114000079,170,39,131
114000080,60,72,-12
114000081,54,52,2
114000082,36,230,-194
114000083,47,113,-66
114000084,314,54,260
114000085,81,333,-252
114000086,191,322,-131
114000087,137,83,54
114000088,24,27,-3
114000089,315,214,101
114000090,738,672,66
114000091,940,561,379
114000092,587,278,309
114000093,943,497,446
114000094,237,291,-54
114000095,144,155,-11
114000096,91,165,-74
114000097,100,288,-188
114000098,514,89,425
114000099,623,244,379
114000100,1301,298,1003
114000101,406,288,118
114000102,681,269,412
114000103,148,202,-54
114000104,63,99,-36
114000105,130,57,73
114000106,510,975,-465
114000107,354,96,258
114000108,955,731,224
114000109,604,1261,-657
114000110,495,806,-311
114000111,1532,749,783
114000112,497,1453,-956
114000113,1438,427,1011
114000114,990,830,160
114000115,1955,1019,936
114000116,717,1754,-1037
114000117,2657,458,2199
114000118,2351,356,1995
114000119,1674,408,1266
114000120,546,455,91
114000121,338,550,-212
114000122,299,235,64
114000123,1640,264,1376
114000124,820,179,641
114000125,650,605,45
114000126,1577,155,1422
114000127,256,76,180
114000128,791,203,588
114000130,405,364,41
114000131,304,59,245
114000132,432,299,133
114000133,603,664,-61
114000134,63,39,24
114000138,35,82,-47
114000139,356,261,95
114000144,661,498,163
114000145,79,86,-7
114000146,89,131,-42
114000147,1113,1871,-758
114000148,1426,1541,-115
114000149,249,236,13
114000150,523,775,-252
114000151,684,1790,-1106
114000152,71,31,40
114000153,466,1276,-810
114000154,487,385,102
114000155,1264,1926,-662
114000156,670,421,249
114000157,258,744,-486
114000158,782,536,246
114000159,192,234,-42
114000160,75,243,-168
114000161,991,2420,-1429
114000162,863,2214,-1351
114000163,15,38,-23
114000165,670,386,284
114000166,573,279,294
114000167,1950,1154,796
114000168,454,414,40
114000169,988,1183,-195
114000170,1021,953,68
114000171,997,3741,-2744
114000174,154,305,-151
114000176,382,358,24
114000177,1096,596,500
114000178,36,43,-7
114000179,904,641,263
114000180,269,492,-223
114000181,1471,3115,-1644
114000182,1194,1750,-556
114000183,481,662,-181
114000184,1571,630,941
114000185,897,621,276
114000189,782,119,663
114000190,2687,389,2298
114000191,73,89,-16
114000192,95,635,-540
114000193,324,1199,-875
114000194,1229,605,624
114000195,221,24,197
114000196,0,91,-91
114000197,1265,31,1234
114000198,528,238,290
114000199,1379,1598,-219
114000200,361,954,-593
114000201,109,459,-350
114000202,832,330,502
114000203,596,396,200
114000204,134,268,-134
114000205,195,805,-610
114000206,518,876,-358
114000207,367,825,-458
114000208,386,1205,-819
114000209,349,1150,-801
114000210,187,615,-428
114000211,923,951,-28
114000212,605,611,-6
114000213,1119,359,760
114000214,76,100,-24
114000215,130,57,73
114000216,1172,218,954
114000217,324,179,145
114000218,132,134,-2
114000219,1075,122,953
114000220,21,391,-370
114000221,664,112,552
114000222,101,537,-436
114000223,449,133,316
114000224,56,407,-351
114000225,291,342,-51
114000226,138,166,-28
114000227,719,358,361
114000228,655,393,262
114000229,931,715,216
114000230,1254,730,524
114000231,781,887,-106
114000232,596,142,454
114000233,1675,92,1583
114000234,851,581,270
114000235,888,869,19
114000236,0,250,-250
114000237,84,482,-398
114000238,89,147,-58
114000239,101,642,-541
114000240,658,1204,-546
114000241,209,539,-330
114000242,562,534,28
114000243,1326,608,718
114000244,550,232,318
114000245,349,559,-210
114000246,68,39,29
114000247,636,407,229
114000248,959,411,548
114000249,427,339,88
114000250,514,402,112
114000251,357,141,216
114000252,39,32,7
114000253,55,46,9
114000254,51,29,22
114000255,328,118,210
114000256,538,1532,-994
114000257,342,692,-350
114000258,363,183,180
114000259,76,119,-43
114000260,0,19,-19
114000261,43,21,22
114000262,299,85,214
114000263,7,1,6
114000264,1068,259,809
114000265,0,0,0
114000267,5,1222,-1217
114000268,3,658,-655
114000270,192,9,183
114000271,262,31,231
114000283,1109,306,803
114000285,12,126,-114
114000288,94,166,-72
114000289,1056,124,932
114000293,171,369,-198
114000294,157,209,-52
114000395,1167,19,1148
114000396,534,503,31
114000402,519,197,322
114000403,233,210,23
114000405,193,251,-58
114000423,352,207,145
114000424,423,75,348
114000425,781,153,628
114000426,269,665,-396
114000427,46,43,3
114000428,140,162,-22
114000429,7,99,-92
114000432,99,57,42
114000434,16,57,-41
114000435,1,113,-112
114900001,441,413,28
114900002,404,135,269
114900003,492,624,-132
114900004,219,298,-79
114900005,521,409,112
114900006,54,69,-15
114900007,270,11,259
114900008,174,88,86
114900010,970,1256,-286
114900011,117,95,22
114900013,209,121,88
114900015,29,208,-179
114900018,1169,39,1130
114900020,143,45,98
114900022,6,572,-566
114900024,113,32,81
114900025,405,106,299
114900026,74,110,-36
114900027,53,50,3
114900029,133,28,105
114900030,209,118,91
114900031,355,32,323
114900032,319,28,291
114900033,207,354,-147
114900034,31,100,-69
114900035,88,176,-88
114900036,110,311,-201
114900037,51,36,15
114900038,60,87,-27
114900039,387,160,227
114900040,70,51,19
114900041,699,178,521
114900042,867,256,611
114900043,146,67,79
114900044,145,32,113
114900046,13,30,-17
114900047,185,1824,-1639
114900048,109,182,-73
114900049,32,138,-106
114900050,50,216,-166
114900051,19,183,-164
114900052,56,222,-166
114900053,108,171,-63
114900054,39,65,-26
114900057,220,13,207
114900058,1,51,-50
114900059,82,69,13
114900060,258,296,-38
114900061,28,52,-24
114900062,76,79,-3
114900063,57,91,-34
114900064,1412,180,1232
114900065,388,422,-34
114900067,36,265,-229
114900068,66,123,-57
114900069,139,70,69
114900070,480,209,271
114900072,2,225,-223
114900073,0,115,-115
114900074,628,299,329
114900075,265,4,261
114900076,2,230,-228
114900080,921,254,667
114900082,2105,1999,106
114900083,715,704,11
114900090,324,146,178
114900091,84,130,-46
114900095,85,33,52
114900096,110,172,-62
114900097,148,1,147
114900098,3,102,-99
114900099,200,6,194
115000001,3183,1824,1359
115000002,3084,4036,-952
115000003,3242,1607,1635
115000004,3461,4712,-1251
115000005,1286,1388,-102
115000006,1038,1159,-121
115000007,200,168,32
115000008,364,459,-95
115000009,196,182,14
115000010,180,175,5
115000013,39,187,-148
115000015,63,267,-204
115000016,44,220,-176
115000019,50,316,-266
115000020,86,727,-641
115000021,190,351,-161
115000022,429,301,128
115000023,333,495,-162
115000024,779,355,424
115000025,667,587,80
115000026,158,243,-85
115000027,258,255,3
115000028,175,584,-409
115000029,461,81,380
115000030,699,996,-297
115000031,1027,197,830
115000032,14,215,-201
115000033,164,44,120
115000034,90,969,-879
115000035,851,48,803
115000036,2,286,-284
115000037,479,9,470
115000038,36,131,-95
115000039,2476,2870,-394
115000040,3105,1988,1117
115000041,1229,2883,-1654
115000042,467,459,8
115000043,3806,2028,1778
115000044,3159,2366,793
115000045,2087,930,1157
115000046,2231,1841,390
115000047,2010,956,1054
115000048,1360,1324,36
115000049,1271,2101,-830
115000050,2755,1262,1493
115000051,1243,2363,-1120
115000052,1327,1238,89
115000053,1590,1451,139
115000054,446,708,-262
115000055,153,624,-471
115000056,161,471,-310
115000057,586,822,-236
115000058,501,241,260
115000059,190,112,78
115000061,139,137,2
115000062,179,158,21
115000063,349,182,167
115000064,244,49,195
115000065,35,456,-421
115000067,135,16,119
115000069,75,203,-128
115000070,24,617,-593
115000071,66,7,59
115000072,8,40,-32
115000073,1035,79,956
115000075,100,61,39
115000076,1958,1571,387
115000077,1486,1186,300
115000078,1096,762,334
115000079,1015,1061,-46
115000080,2069,1205,864
115000081,375,561,-186
115000082,3399,2678,721
115000083,1454,1002,452
115000084,1922,778,1144
115000085,722,535,187
115000086,933,423,510
115000087,369,956,-587
115000088,1269,517,752
115000089,1024,863,161
115000090,374,772,-398
115000091,192,543,-351
115000092,589,339,250
115000093,443,4,439
115000094,4095,4982,-887
115000095,2892,4605,-1713
115000096,666,788,-122
115000097,906,663,243
115000098,1028,438,590
115000099,2242,1562,680
115000100,943,278,665
115000101,346,913,-567
115000102,350,203,147
115000103,216,427,-211
115000105,63,63,0
115000106,553,258,295
115000107,135,264,-129
115000108,1806,1668,138
115000109,2806,3676,-870
115000110,1046,1403,-357
115000111,462,1024,-562
115000112,548,548,0
115000113,414,495,-81
115000114,1196,452,744
115000116,2653,1779,874
115000117,2393,2043,350
115000118,2093,1404,689
115000119,1582,1660,-78
115000120,489,1051,-562
115000121,916,599,317
115000122,1441,1187,254
115000123,781,1915,-1134
115000124,541,801,-260
115000125,289,514,-225
115000126,109,263,-154
115000127,260,117,143
115000128,278,713,-435
115000129,261,328,-67
115000130,326,445,-119
115000131,826,188,638
115000132,309,161,148
115000133,542,182,360
115000134,279,162,117
115000135,139,82,57
115000136,225,208,17
115000137,78,106,-28
115000138,349,249,100
115000139,221,147,74
115000140,349,166,183
115000141,182,124,58
115000142,173,128,45
115000143,749,417,332
115000144,443,49,394
115000145,245,192,53
115000146,483,263,220
115000147,252,271,-19
115000148,217,490,-273
115000149,506,180,326
115000150,458,396,62
115000151,882,348,534
115000152,453,441,12
115000153,797,397,400
115000154,794,196,598
115000155,459,503,-44
115000156,778,587,191
115000157,444,492,-48
115000158,304,368,-64
115000159,501,496,5
115000160,399,314,85
115000161,130,371,-241
115000162,479,619,-140
115000163,407,526,-119
115000164,668,553,115
115000165,250,431,-181
115000167,140,38,102
115000168,314,213,101
115000169,312,353,-41
115000170,102,131,-29
115000171,227,251,-24
115000172,527,476,51
115000173,232,516,-284
115000174,51,272,-221
115000175,111,52,59
115000176,33,50,-17
115000177,33,70,-37
115000178,8,112,-104
115000179,18,16,2
115000180,69,293,-224
115000181,493,97,396
115000182,882,186,696
115000183,368,464,-96
115000186,606,214,392
115000187,199,472,-273
115000188,327,364,-37
115000189,127,329,-202
115000190,505,276,229
115000191,109,420,-311
115000194,93,99,-6
115000195,194,202,-8
115000196,143,79,64
115000197,181,151,30
115000198,300,98,202
115000199,374,101,273
115000200,307,78,229
115000201,140,180,-40
115000206,417,45,372
115000207,176,207,-31
115000208,224,396,-172
115000209,451,271,180
115000210,146,86,60
115000211,183,157,26
115000212,976,202,774
115000224,291,39,252
115000225,49,70,-21
115000229,79,81,-2
115000230,120,183,-63
115000231,193,733,-540
115000232,1494,226,1268
115000233,84,105,-21
115000234,12,256,-244
115000241,91,154,-63
115000242,113,162,-49
115000243,43,131,-88
115000244,19,88,-69
115000246,35,19,16
115000247,22,11,11
115000248,44,14,30
115000249,18,8,10
115000250,223,35,188
115000251,203,53,150
115000252,95,145,-50
115000253,12,303,-291
115000258,295,83,212
115000259,258,104,154
115000261,19,6,13
115000262,29,31,-2
115000263,14,30,-16
115000264,55,31,24
115000267,77,46,31
115000268,38,92,-54
115000269,134,64,70
115000270,5,15,-10
115000272,53,94,-41
115000273,378,21,357
115000280,1818,203,1615
115000281,226,793,-567
115000282,427,453,-26
115000284,227,108,119
115000296,832,9,823
115000297,124,123,1
115000298,75,437,-362
115000300,222,120,102
115000302,590,42,548
115000303,566,47,519
115000304,632,42,590
115000305,71,295,-224
115000306,134,140,-6
115000307,80,106,-26
115000308,11,18,-7
115000309,10,49,-39
115000310,976,420,556
115000311,967,726,241
115000313,87,296,-209
115000314,443,117,326
115000315,642,555,87
115000316,88,99,-11
115000317,161,286,-125
115000318,616,233,383
115000319,55,241,-186
115000320,9,315,-306
115000321,188,13,175
115000322,76,140,-64
115000449,147,112,35
115000557,3,1213,-1210
115000558,339,68,271
115000587,501,212,289
115000588,1538,1769,-231
115000589,2845,1682,1163
115000590,972,1000,-28
115000591,1190,620,570
115000592,376,1312,-936
115000593,994,501,493
115000594,469,2329,-1860
115000609,184,224,-40
115000617,764,2507,-1743
115000624,235,33,202
115000633,310,1337,-1027
115000634,2066,564,1502
115000635,564,104,460
115000638,376,396,-20
115000641,35,164,-129
115000642,246,168,78
115000643,104,282,-178
115000644,121,259,-138
115000646,764,1291,-527
115000647,160,295,-135
115000648,1629,1037,592
115000893,1710,1216,494
115000894,120,746,-626
115000895,255,746,-491
115000896,960,405,555
115000897,356,118,238
115000898,399,184,215
115000899,253,868,-615
115000900,44,319,-275
115000901,34,110,-76
115000912,278,81,197
115000913,4,14,-10
115000915,18,0,18
115000916,5,0,5
115000917,0,7,-7
115000918,39,353,-314
115000919,9,14,-5
115000920,14,47,-33
115000921,268,66,202
115000922,558,753,-195
115000923,198,1116,-918
115000925,117,74,43
115000927,53,53,0
115000933,114,266,-152
115000934,163,135,28
115000935,106,61,45
115000936,22,631,-609
115000937,538,118,420
115000938,94,222,-128
115000939,142,176,-34
115000940,5,13,-8
115000941,17,27,-10
115000942,12,99,-87
115000943,15,30,-15
115000944,2,1,1
115900001,93,23,70
115900002,61,73,-12
115900003,190,56,134
115900004,2,40,-38
115900005,184,10,174
115900006,129,121,8
115900008,51,19,32
115900009,76,115,-39
115900010,306,93,213
115900011,333,178,155
115900012,209,22,187
115900013,192,99,93
115900014,87,112,-25
115900015,121,33,88
115900016,86,27,59
115900017,33,12,21
115900018,145,46,99
115900019,55,11,44
115900020,72,2,70
115900021,661,220,441
115900022,716,8,708
115900023,18,4,14
115900025,13,179,-166
115900026,471,89,382
115900027,0,130,-130
115900028,410,55,355
115900029,6,196,-190
115900030,29,37,-8
115900031,213,285,-72
115900032,389,457,-68
115900033,2,21,-19
115900034,28,190,-162
115900035,41,16,25
115900036,41,783,-742
115900037,23,159,-136
115900038,53,11,42
115900039,145,100,45
115900041,334,576,-242
115900042,48,8,40
115900043,80,49,31
115900044,111,187,-76
115900046,282,122,160
115900047,141,156,-15
115900049,101,120,-19
115900051,0,24,-24
115900052,9,108,-99
115900053,173,103,70
115900054,269,18,251
115900055,14,81,-67
115900056,116,101,15
115900057,19,8,11
115900058,20,45,-25
115900060,73,42,31
115900061,215,2,213
115900062,45,157,-112
115900063,62,8,54
115900064,171,157,14
115900065,125,24,101
115900066,81,63,18
115900067,7,281,-274
115900068,1775,886,889
115900069,35,121,-86
115900070,142,85,57
115900071,0,174,-174
115900072,30,90,-60
115900073,56,83,-27
115900074,1,156,-155
115900075,12,100,-88
115900076,5,25,-20
115900077,3,144,-141
115900078,70,66,4
115900079,192,10,182
115900080,278,106,172
115900081,21,50,-29
115900082,86,81,5
115900084,432,9,423
115900085,21,60,-39
115900086,881,338,543
115900088,7,44,-37
115900089,320,407,-87
115900090,450,3,447
115900091,0,14,-14
115900092,44,60,-16
115900093,13,7,6
115900094,3,127,-124
115900096,7,9,-2
115900097,5,211,-206
115900098,220,200,20
115900099,49,56,-7
115900100,9,269,-260
115900101,148,139,9
115900102,80,34,46
115900103,230,89,141
115900104,62,51,11
115900105,272,286,-14
115900106,70,23,47
115900107,63,62,1
115900108,136,20,116
115900109,30,212,-182
115900110,4,19,-15
115900111,1,74,-73
115900112,35,392,-357
115900113,50,16,34
115900114,4,92,-88
115900115,75,165,-90
115900116,71,449,-378
115900117,75,13,62
115900118,0,155,-155
115900119,144,77,67
115900120,11,135,-124
115900121,145,111,34
115900124,233,530,-297
115900125,305,32,273
115900126,587,53,534
115900127,592,40,552
115900128,5,38,-33
115900129,535,55,480
115900130,19,211,-192
115900131,232,24,208
115900132,527,6,521
115900134,307,15,292
115900135,272,769,-497
115900137,36,1,35
115900139,28,76,-48
115900140,268,32,236
115900141,2,34,-32
115900142,9,26,-17
115900143,248,241,7
115900144,169,134,35
115900146,6,50,-44
115900147,184,220,-36
115900148,63,6,57
115900149,103,4,99
115900150,64,25,39
115900151,15,83,-68
115900152,141,165,-24
115900153,123,102,21
115900154,279,272,7
115900155,0,31,-31
115900156,598,688,-90
115900157,152,373,-221
115900158,13,8,5
115900159,92,126,-34
115900160,1,7,-6
115900161,42,94,-52
115900163,188,80,108
115900164,515,13,502
115900166,152,77,75
115900168,135,98,37
115900171,79,214,-135
115900172,44,92,-48
115900173,234,80,154
115900174,170,158,12
115900175,106,136,-30
115900178,6,269,-263
115900179,259,3,256
115900180,22,72,-50
115900181,162,76,86
115900182,342,59,283
115900183,45,42,3
115900184,767,9,758
115900187,5,108,-103
115900189,0,189,-189
115900190,105,1042,-937
115900191,17,170,-153
115900192,3,81,-78
115900193,123,91,32
115900194,531,56,475
115900195,362,1601,-1239
115900198,160,200,-40
115900199,191,100,91
115900200,223,211,12
115900201,316,254,62
115900202,3,45,-42
115900203,4,10,-6
115900204,0,8,-8
115900205,57,21,36
115900206,196,116,80
115900207,37,14,23
115900208,88,61,27
115900209,6,95,-89
115900210,4,70,-66
115900211,3,112,-109
115900212,153,139,14
115900213,64,107,-43
115900214,481,120,361
115900215,40,113,-73
115900216,1,88,-87
115900217,2,27,-25
115900218,0,12,-12
115900219,158,2,156
115900220,191,3,188
115900221,61,6,55
115900222,62,25,37
115900223,9,378,-369
115900224,485,981,-496
115900225,57,24,33
115900226,16,31,-15
115900227,8,51,-43
115900228,14,21,-7
115900229,5,25,-20
115900230,17,78,-61
115900231,76,3,73
115900232,41,3,38
115900233,69,8,61
115900234,37,14,23
115900235,32,18,14
115900236,36,52,-16
115900237,17,26,-9
115900238,19,7,12
115900239,17,26,-9
115900240,12,33,-21
115900241,197,73,124
115900242,168,263,-95
115900243,8,9,-1
115900244,11,8,3
115900245,46,1,45
115900246,12,10,2
115900247,17,20,-3
115900248,9,2,7
115900249,12,7,5
115900250,10,16,-6
115900251,1,6,-5
115900252,2,8,-6
115900253,5,13,-8
115900254,4,22,-18
115900255,2,11,-9
115900256,5,12,-7
115900257,9,5,4
115900258,0,4,-4
115900259,9,2,7
115900260,5,0,5
115900261,4,0,4
115900262,8,0,8
115900263,30,0,30
115900264,9,3,6
115900265,3,9,-6
115900266,3,16,-13
115900267,8,33,-25
115900268,13,8,5
115900269,492,251,241
115900270,322,136,186
115900271,119,0,119
115900272,23,1,22
115900273,5,31,-26
115900274,0,5,-5
115900275,1,5,-4
115900276,0,11,-11
115900277,0,34,-34
115900278,29,61,-32
115900279,28,152,-124
115900280,15,404,-389
115900281,181,276,-95
115900282,4,13,-9
115900283,15,15,0
115900284,20,6,14
116000001,5027,2611,2416
116000002,3620,10010,-6390
116000003,932,1004,-72
116000004,2257,3200,-943
116000005,1274,2170,-896
116000006,2174,2281,-107
116000007,1849,2096,-247
116000008,3209,1972,1237
116000009,887,1251,-364
116000010,2148,1345,803
116000011,680,1177,-497
116000012,1375,1062,313
116000013,4579,2813,1766
116000014,5995,9980,-3985
116000015,135,1194,-1059
116000016,3162,2905,257
116000017,28,716,-688
116000018,524,171,353
116000019,820,257,563
116000020,521,478,43
116000021,517,243,274
116000022,338,227,111
116000023,993,578,415
116000024,516,516,0
116000025,709,724,-15
116000026,1391,1941,-550
116000027,517,523,-6
116000028,424,797,-373
116000029,384,592,-208
116000030,683,510,173
116000031,143,258,-115
116000032,278,128,150
116000033,291,346,-55
116000034,556,665,-109
116000035,308,508,-200
116000036,1050,1238,-188
116000037,486,362,124
116000038,185,506,-321
116000039,359,433,-74
116000040,442,339,103
116000041,98,290,-192
116000042,552,266,286
116000043,68,490,-422
116000044,7,61,-54
116000045,1377,1152,225
116000046,799,1366,-567
116000047,1286,1845,-559
116000048,1480,1492,-12
116000049,1173,2713,-1540
116000050,1363,1018,345
116000051,5546,2204,3342
116000052,5268,3883,1385
116000053,1845,708,1137
116000054,791,1783,-992
116000055,669,648,21
116000056,882,788,94
116000057,1873,951,922
116000058,2094,1705,389
116000059,1838,3177,-1339
116000060,1257,841,416
116000061,538,753,-215
116000062,426,146,280
116000063,460,878,-418
116000066,237,553,-316
116000067,185,332,-147
116000068,210,251,-41
116000069,170,236,-66
116000078,465,867,-402
116000080,1512,672,840
116000082,7,21,-14
116000083,1531,387,1144
116000084,1402,2144,-742
116000085,1700,1666,34
116000086,1250,673,577
116000087,1908,1379,529
116000088,651,630,21
116000089,158,67,91
116000090,92,137,-45
116000091,250,272,-22
116000093,562,214,348
116000094,573,408,165
116000095,703,283,420
116000096,531,1181,-650
116000097,897,416,481
116000098,54,5194,-5140
116000099,3156,200,2956
116000100,251,7,244
116000101,749,380,369
116000102,203,591,-388
116000103,438,218,220
116000104,214,751,-537
116000105,1162,140,1022
116000106,616,782,-166
116000107,2721,280,2441
116000108,232,143,89
116000111,162,32,130
116000113,158,70,88
116000114,39,100,-61
116000115,328,126,202
116000116,278,248,30
116000117,1339,1480,-141
116000118,1350,778,572
116000119,2905,1578,1327
116000120,2630,2450,180
116000121,915,448,467
116000122,840,756,84
116000123,883,321,562
116000124,268,481,-213
116000125,2428,594,1834
116000126,216,821,-605
116000127,708,742,-34
116000128,1507,635,872
116000129,1253,216,1037
116000130,548,459,89
116000133,1096,566,530
116000134,1394,1044,350
116000135,2205,1126,1079
116000136,663,1243,-580
116000137,1075,573,502
116000138,586,460,126
116000139,1234,1628,-394
116000140,128,113,15
116000141,259,364,-105
116000142,2103,1590,513
116000143,1700,1321,379
116000144,1167,1218,-51
116000145,1464,783,681
116000146,580,120,460
116000147,182,119,63
116000148,502,488,14
116000149,534,441,93
116000151,445,302,143
116000153,83,188,-105
116000155,109,153,-44
116000156,315,535,-220
116000157,80,13,67
116000158,366,251,115
116000159,9,7,2
116000160,9,30,-21
116000161,4,41,-37
116000162,73,106,-33
116000163,36,9,27
116000164,9,25,-16
116000177,239,78,161
116000194,69,252,-183
116000195,1030,479,551
116000196,0,0,0
116000197,13,9,4
116000198,1583,784,799
116000200,433,454,-21
116000201,508,535,-27
116000202,7,148,-141
116000203,0,83,-83
116000204,8,64,-56
116000205,1,134,-133
116000206,2,123,-121
116000207,12,44,-32
116000233,139,279,-140
116000287,149,266,-117
116000288,317,157,160
116000292,0,0,0
116000296,35,159,-124
116000297,80,21,59
116000304,103,36,67
116000305,27,59,-32
116000346,81,39,42
116000352,90,19,71
116000354,37,11,26
116000357,18,27,-9
116000358,304,53,251
116000361,161,0,161
116000372,2549,3783,-1234
116000381,74,1,73
116000388,3,28,-25
116000389,727,425,302
116000445,483,249,234
116000446,576,285,291
116000447,17,451,-434
116000448,402,124,278
116000563,551,681,-130
116000565,33,212,-179
116000568,33,271,-238
116000579,23,87,-64
116000583,125,60,65
116000584,25,2,23
116000585,38,28,10
116000586,48,56,-8
116000587,467,534,-67
116000589,81,60,21
116000590,55,66,-11
116000591,289,162,127
116000592,9,71,-62
116000593,1,23,-22
116000594,582,225,357
116000595,496,95,401
116000596,98,7,91
116000597,345,114,231
116000598,25,94,-69
116000605,144,72,72
116000606,54,202,-148
116000607,36,31,5
116000609,157,857,-700
116000611,147,233,-86
116000612,693,1605,-912
116000613,581,272,309
116000614,278,310,-32
116000615,4,308,-304
116000616,34,48,-14
116000617,114,22,92
116000618,0,25,-25
116000619,26,52,-26
116000620,153,96,57
116000621,68,86,-18
116000622,83,119,-36
116000624,281,70,211
116000627,92,23,69
116000628,29,271,-242
116000629,17,182,-165
116000630,418,25,393
116000631,184,42,142
116000632,641,30,611
116000633,161,127,34
116000634,314,94,220
116000635,1830,2148,-318
116000636,533,1110,-577
116000637,393,34,359
116000638,183,192,-9
116000639,10,1,9
116000640,21,23,-2
116000641,3,16,-13
116000643,0,33,-33
116000644,27,199,-172
116000645,11,4,7
116900001,190,136,54
116900002,190,2,188
116900003,38,33,5
116900004,53,34,19
116900005,238,42,196
116900006,97,148,-51
116900007,88,153,-65
116900008,356,125,231
116900009,22,13,9
116900010,1,635,-634
116900011,4,6,-2
116900012,261,147,114
116900013,4,69,-65
116900014,170,120,50
116900016,221,2,219
116900017,0,311,-311
116900018,67,32,35
116900019,3,133,-130
116900020,432,335,97
116900023,118,11,107
116900025,1009,419,590
116900026,95,353,-258
116900027,19,32,-13
116900028,2,67,-65
116900029,68,597,-529
116900031,1,5,-4
116900032,1,135,-134
116900033,16,4,12
116900034,4,39,-35
116900035,106,84,22
116900036,5,67,-62
116900038,27,1,26
116900041,30,7,23
116900042,321,217,104
116900043,20,27,-7
116900047,23,132,-109
116900049,37,157,-120
116900050,98,270,-172
116900051,173,107,66
116900052,108,48,60
116900055,5,6,-1
116900057,9,111,-102
116900058,19,208,-189
116900059,0,64,-64
116900060,125,150,-25
116900062,6,22,-16
116900064,64,310,-246
116900065,26,56,-30
116900067,87,43,44
116900068,100,110,-10
116900070,2,3,-1
116900072,39,286,-247
116900073,13,57,-44
116900074,2,34,-32
116900076,17,27,-10
116900077,7,79,-72
116900078,221,54,167
116900079,38,76,-38
116900080,8,20,-12
116900081,243,691,-448
116900082,409,651,-242
116900083,37,21,16
116900084,90,62,28
116900085,17,34,-17
116900086,37,133,-96
116900088,190,64,126
116900090,87,37,50
116900091,266,12,254
116900092,79,546,-467
116900093,1436,1235,201
116900094,2110,3207,-1097
116900095,168,57,111
116900096,65,112,-47
116900097,1533,2592,-1059
116900098,584,299,285
116900099,391,586,-195
116900100,753,35,718
116900101,200,296,-96
116900103,11,2,9
116900104,43,82,-39
116900105,241,130,111
116900106,1831,77,1754
116900107,1736,1997,-261
116900110,12,2,10
116900111,514,324,190
116900112,225,464,-239
116900113,882,1401,-519
116900116,76,634,-558
116900117,147,80,67
116900118,496,688,-192
116900120,339,41,298
116900121,136,14,122
116900122,778,332,446
116900123,207,310,-103
116900124,168,623,-455
116900125,181,80,101
116900126,91,488,-397
116900128,0,19,-19
116900129,2,151,-149
116900130,334,2757,-2423
116900131,40,178,-138
116900132,62,89,-27
116900133,114,86,28
116900134,176,194,-18
116900136,238,152,86
116900137,184,101,83
116900138,138,80,58
116900139,145,300,-155
116900140,113,102,11
116900141,517,328,189
116900142,9,160,-151
116900143,206,223,-17
116900144,5,60,-55
116900145,62,103,-41
116900147,319,668,-349
116900148,21,114,-93
116900149,44,255,-211
116900150,0,0,0
116900151,29,14,15
116900153,134,59,75
116900154,246,456,-210
116900155,78,74,4
116900157,549,126,423
116900158,165,236,-71
116900159,45,303,-258
116900160,707,646,61
116900161,3106,5318,-2212
116900162,24,55,-31
116900163,176,62,114
116900164,55,63,-8
116900165,241,208,33
116900166,48,40,8
116900167,343,53,290
116900168,289,38,251
116900169,304,635,-331
116900170,262,531,-269
116900171,28,69,-41
116900172,107,351,-244
116900173,168,20,148
116900174,80,117,-37
116900175,169,212,-43
116900178,45,75,-30
116900179,64,298,-234
116900180,59,19,40
116900182,430,151,279
116900183,153,64,89
116900185,11,27,-16
116900186,71,92,-21
116900187,33,52,-19
116900188,113,31,82
116900189,0,0,0
116900191,365,440,-75
116900192,283,79,204
116900194,113,1200,-1087
116900195,22,23,-1
116900196,8,49,-41
116900197,82,13,69
116900198,69,211,-142
116900200,76,17,59
116900201,101,14,87
116900202,76,17,59
116900203,134,5,129
116900204,42,85,-43
116900206,6,7,-1
116900207,34,24,10
116900208,6,57,-51
116900209,21,72,-51
116900210,450,240,210
116900211,193,4,189
116900212,60,39,21
116900213,164,92,72
116900214,173,77,96
116900215,14,41,-27
116900216,280,125,155
116900218,42,223,-181
116900219,1239,245,994
116900220,92,165,-73
116900221,79,224,-145
116900222,454,315,139
116900223,141,202,-61
116900226,76,34,42
116900227,165,42,123
116900228,284,104,180
116900230,95,320,-225
116900233,672,96,576
116900234,10,9,1
116900235,115,178,-63
116900238,1141,250,891
116900239,35,822,-787
116900240,3122,2519,603
116900241,45,65,-20
116900242,533,580,-47
116900243,0,20,-20
116900245,25,27,-2
116900246,104,15,89
116900247,805,21,784
116900248,86,18,68
116900249,377,68,309
116900250,303,32,271
116900251,354,477,-123
116900252,98,490,-392
116900254,20,62,-42
116900255,71,59,12
116900256,296,71,225
116900257,9,240,-231
116900258,0,86,-86
116900259,282,6,276
116900260,1,51,-50
116900261,63,1,62
116900262,205,99,106
116900263,0,8,-8
116900264,22,8,14
116900265,45,0,45
116900266,176,52,124
116900267,4,0,4
116900268,126,65,61
116900269,235,515,-280
116900271,456,226,230
116900272,264,216,48
116900273,103,90,13
116900274,115,46,69
116900275,110,72,38
116900276,260,182,78
116900277,58,4,54
116900278,4,4,0
116900279,9,23,-14
116900280,263,55,208
116900281,2783,3666,-883
116900282,1,73,-72
116900283,20,46,-26
116900284,6,93,-87
116900285,130,165,-35
116900286,128,14,114
116900287,9,23,-14
116900288,100,72,28
116900289,17,15,2
116900290,10,8,2
116900291,39,7,32
116900292,0,17,-17
116900293,59,32,27
116900294,28,85,-57
116900295,95,56,39
116900296,44,80,-36
116900297,2,101,-99
116900298,83,76,7
116900299,22,70,-48
116900300,0,45,-45
116900301,26,115,-89
116900302,22,59,-37
116900303,114,59,55
116900304,0,125,-125
116900305,17,29,-12
116900306,226,72,154
116900307,165,11,154
116900308,1,64,-63
116900309,305,127,178
117000001,1692,1363,329
117000002,1552,2795,-1243
117000003,4738,2430,2308
117000004,2243,3271,-1028
117000005,2045,1515,530
117000006,906,1956,-1050
117000007,3544,1029,2515
117000008,745,2221,-1476
117000009,3751,1640,2111
117000010,1732,2392,-660
117000011,1934,1175,759
117000012,1007,811,196
117000013,1582,664,918
117000014,1044,1722,-678
117000015,1800,984,816
117000016,229,151,78
117000017,127,118,9
117000018,109,584,-475
117000019,71,42,29
117000020,366,1267,-901
117000021,849,602,247
117000022,236,167,69
117000023,99,276,-177
117000024,156,245,-89
117000025,246,1047,-801
117000026,1417,1387,30
117000027,956,3537,-2581
117000028,1306,1558,-252
117000030,284,381,-97
117000031,273,280,-7
117000032,1041,1035,6
117000033,1012,593,419
117000034,257,219,38
117000035,353,318,35
117000036,338,238,100
117000037,286,142,144
117000038,125,430,-305
117000039,350,210,140
117000040,226,516,-290
117000041,989,131,858
117000044,6,439,-433
117000045,428,69,359
117000046,358,561,-203
117000047,767,438,329
117000048,1219,579,640
117000049,81,385,-304
117000050,158,1069,-911
117000051,2132,67,2065
117000052,47,221,-174
117000053,511,28,483
117000054,1406,8,1398
117000055,53,1605,-1552
117000056,559,27,532
117000057,388,1556,-1168
117000060,414,779,-365
117000061,1601,712,889
117000062,240,424,-184
117000063,1440,882,558
117000064,397,405,-8
117000066,518,573,-55
117000067,108,455,-347
117000074,81,145,-64
117000076,43,37,6
117000077,131,157,-26
117000078,85,508,-423
117000079,348,186,162
117000080,0,270,-270
117000081,822,95,727
117000082,11,51,-40
117000083,126,7,119
117000084,156,1,155
117000085,219,718,-499
117000086,642,216,426
117000087,60,407,-347
117000088,200,126,74
117000089,1468,160,1308
117000090,240,785,-545
117000091,781,219,562
117000092,326,810,-484
117000093,1135,656,479
117000094,1044,1687,-643
117000095,3262,735,2527
117000096,598,1495,-897
117000097,1410,749,661
117000098,1808,2473,-665
117000099,3324,1090,2234
117000100,163,303,-140
117000101,141,615,-474
117000102,1561,587,974
117000103,512,1028,-516
117000104,1254,517,737
117000105,632,862,-230
117000106,1095,544,551
117000107,409,1128,-719
117000108,1702,774,928
117000109,898,1648,-750
117000110,1467,982,485
117000111,2658,3038,-380
117000112,2711,1205,1506
117000113,148,177,-29
117000114,204,103,101
117000115,73,50,23
117000116,132,135,-3
117000117,1160,890,270
117000118,274,143,131
117000119,94,175,-81
117000120,100,527,-427
117000121,25,797,-772
117000122,248,623,-375
117000123,1107,27,1080
117000124,210,125,85
117000125,108,143,-35
117000126,37,7,30
117000127,139,217,-78
117000128,276,609,-333
117000129,229,979,-750
117000130,117,1,116
117000131,0,96,-96
117000132,2880,11,2869
117000133,1952,26,1926
117000134,0,59,-59
117000135,2,99,-97
117000136,1,26,-25
117000137,80,106,-26
117000138,7,499,-492
117000140,326,895,-569
117000141,1404,435,969
117000181,272,155,117
117000182,537,581,-44
117000195,112,526,-414
117000196,214,113,101
117000225,120,48,72
117000226,6,127,-121
117000276,222,17,205
117000277,0,179,-179
117000310,1006,1744,-738
117000315,87,587,-500
117000320,71,0,71
117000906,358,12,346
117000907,12,178,-166
117000909,40,26,14
117000910,152,169,-17
117000911,105,117,-12
117000915,7,298,-291
117000916,59,2,57
117000917,1166,38,1128
117000918,70,32,38
117000919,5,26,-21
117000920,1,679,-678
117000921,1,469,-468
117000922,20,47,-27
117000924,365,562,-197
117000926,430,122,308
117000927,614,830,-216
117000928,0,81,-81
117000929,238,195,43
117000930,255,25,230
117000931,136,133,3
117900002,60,342,-282
117900003,412,313,99
117900005,4,71,-67
117900006,0,22,-22
117900007,144,46,98
117900008,0,10,-10
117900010,229,66,163
117900011,44,159,-115
117900012,41,46,-5
117900013,1,79,-78
117900014,491,142,349
117900015,30,69,-39
117900016,898,725,173
117900017,458,250,208
117900018,127,153,-26
117900019,453,193,260
117900020,63,421,-358
117900021,21,56,-35
117900023,658,79,579
117900024,48,47,1
117900025,48,3,45
117900026,329,130,199
117900028,37,5,32
117900029,202,292,-90
117900030,504,190,314
117900031,128,100,28
117900032,1009,601,408
117900033,280,278,2
117900034,70,19,51
117900035,259,106,153
117900036,197,155,42
117900037,181,78,103
117900038,28,153,-125
117900039,2,27,-25
117900040,94,210,-116
117900041,3,31,-28
117900042,2289,223,2066
117900043,21,28,-7
117900044,19,2478,-2459
117900045,161,97,64
117900048,388,174,214
117900049,191,281,-90
117900050,5,105,-100
117900051,14,4,10
117900052,64,321,-257
117900053,1385,363,1022
117900054,4,16,-12
117900055,329,212,117
117900056,73,49,24
117900057,770,969,-199
117900058,42,32,10
117900059,156,92,64
117900060,2371,3059,-688
117900061,14,194,-180
117900063,284,123,161
117900065,528,768,-240
117900066,7,59,-52
117900067,440,105,335
117900069,549,145,404
117900070,151,84,67
117900071,88,89,-1
117900073,424,138,286
117900074,69,69,0
117900075,58,49,9
117900076,24,30,-6
117900077,417,152,265
117900078,241,696,-455
117900080,127,51,76
117900081,343,243,100
117900082,350,345,5
117900083,284,235,49
117900086,169,14,155
117900087,148,38,110
117900088,2210,1248,962
117900089,1976,629,1347
117900090,350,274,76
117900091,64,129,-65
117900092,54,36,18
117900093,78,37,41
117900094,31,30,1
117900095,264,293,-29
117900096,87,162,-75
117900097,282,42,240
117900098,31,11,20
117900099,122,168,-46
117900100,314,1,313
117900101,404,1540,-1136
117900102,65,29,36
117900103,46,5,41
117900104,16,120,-104
117900105,86,150,-64
117900106,93,34,59
117900107,24,0,24
117900109,546,312,234
117900110,104,0,104
117900111,372,23,349
117900112,52,4,48
117900113,1179,1211,-32
117900114,23,0,23
117900115,121,65,56
117900116,593,579,14
117900117,477,185,292
117900118,59,0,59
117900119,139,93,46
117900120,194,24,170
117900121,72,16,56
117900122,907,3052,-2145
117900123,543,253,290
117900124,596,495,101
117900125,1394,1607,-213
117900126,175,320,-145
117900127,354,216,138
117900128,307,301,6
117900129,54,2,52
117900130,788,295,493
117900131,4,87,-83
117900132,15,51,-36
117900133,4,71,-67
117900134,33,188,-155
117900135,16,83,-67
117900136,0,33,-33
117900137,32,141,-109
117900138,0,17,-17
117900139,95,70,25
117900140,2122,233,1889
117900141,102,151,-49
117900142,123,62,61
117900144,36,301,-265
117900145,35,57,-22
117900146,123,232,-109
117900147,50,21,29
117900148,1525,1375,150
117900149,92,100,-8
117900150,31,21,10
117900151,38,55,-17
117900152,48,50,-2
117900153,9,65,-56
117900154,386,383,3
117900156,727,675,52
117900157,66,478,-412
117900158,191,109,82
117900160,583,654,-71
117900161,1767,1324,443
117900162,365,290,75
117900163,25,214,-189
117900165,1,6,-5
117900166,100,477,-377
117900168,141,137,4
117900169,4,84,-80
117900170,6,32,-26
117900171,6,16,-10
117900172,19,13,6
117900173,113,90,23
117900174,20,31,-11
117900175,14,16,-2
117900176,9,12,-3
117900177,14,20,-6
117900178,71,43,28
117900180,185,14,171
117900181,33,322,-289
117900182,0,35,-35
117900183,44,164,-120
117900184,16,32,-16
117900185,50,46,4
117900186,34,32,2
117900187,15,14,1
117900188,165,47,118
117900189,82,16,66
117900190,21,1,20
117900191,50,0,50
117900192,256,0,256
117900193,0,50,-50
117900194,6,15,-9
117900195,3,32,-29
117900196,15,25,-10
117900207,138,138,0
117900208,19,22,-3
117900209,170,131,39
117900210,67,201,-134
117900211,3,105,-102
117900212,99,90,9
117900213,14,14,0
117900214,10,9,1
117900215,28,46,-18
117900216,36,21,15
117900217,47,232,-185
117900218,103,114,-11
117900219,2,97,-95
117900220,56,110,-54
117900222,148,159,-11
117900223,104,236,-132
118000001,540,1018,-478
118000002,333,1148,-815
118000003,1762,3045,-1283
118000004,1959,1764,195
118000005,2377,4198,-1821
118000006,2458,6416,-3958
118000007,4344,3958,386
118000008,2495,2860,-365
118000009,1325,1745,-420
118000010,4927,2549,2378
118000011,1066,1026,40
118000012,779,1015,-236
118000013,1346,1486,-140
118000014,1638,1513,125
118000016,173,180,-7
118000017,425,273,152
118000018,249,212,37
118000019,1542,1336,206
118000020,887,2339,-1452
118000021,552,2427,-1875
118000022,1140,688,452
118000023,558,229,329
118000024,678,889,-211
118000027,7293,9122,-1829
118000029,477,636,-159
118000032,435,2715,-2280
118000033,2170,4781,-2611
118000034,3447,2182,1265
118000035,1569,2237,-668
118000036,636,1002,-366
118000037,489,672,-183
118000038,198,74,124
118000039,87,144,-57
118000040,1282,980,302
118000041,1916,1019,897
118000045,391,133,258
118000046,893,548,345
118000047,644,980,-336
118000048,1692,1745,-53
118000051,1698,1189,509
118000052,1376,626,750
118000053,261,280,-19
118000054,1098,655,443
118000055,829,979,-150
118000056,229,369,-140
118000057,243,325,-82
118000058,2729,1383,1346
118000059,1327,1067,260
118000060,1084,371,713
118000061,1431,894,537
118000062,444,324,120
118000063,309,662,-353
118000064,559,897,-338
118000065,1916,1885,31
118000066,645,1265,-620
118000067,496,502,-6
118000068,1129,4153,-3024
118000069,1547,791,756
118000070,3188,1513,1675
118000071,2135,6063,-3928
118000072,1140,1209,-69
118000073,700,658,42
118000074,349,427,-78
118000075,556,220,336
118000076,1505,2423,-918
118000077,889,1052,-163
118000078,1389,1947,-558
118000079,161,410,-249
118000080,780,814,-34
118000081,1495,1183,312
118000082,258,1016,-758
118000083,1050,1377,-327
118000084,2131,1240,891
118000086,179,416,-237
118000087,2670,1877,793
118000088,1174,1276,-102
118000089,2526,1779,747
118000090,905,2248,-1343
118000091,685,2251,-1566
118000092,708,482,226
118000093,60,572,-512
118000096,458,554,-96
118000097,726,591,135
118000098,225,151,74
118000099,614,394,220
118000101,974,329,645
118000102,419,686,-267
118000107,916,359,557
118000108,410,1804,-1394
118000110,1,35,-34
118000111,0,126,-126
118000112,552,0,552
118000113,4,311,-307
118000114,363,10,353
118000115,6,8,-2
118000116,20,0,20
118000117,704,639,65
118000118,779,994,-215
118000119,687,1001,-314
118000120,1057,808,249
118000121,62,489,-427
118000122,1019,300,719
118000123,38,255,-217
118000125,997,621,376
118000126,593,1285,-692
118000127,992,585,407
118000128,394,1043,-649
118000129,735,346,389
118000130,1399,1780,-381
118000131,252,418,-166
118000132,2231,1712,519
118000133,1015,407,608
118000135,472,399,73
118000136,138,394,-256
118000137,463,70,393
118000138,347,319,28
118000139,439,70,369
118000140,1982,3950,-1968
118000141,1761,1259,502
118000142,1650,1008,642
118000143,1738,838,900
118000144,845,559,286
118000145,1371,960,411
118000146,1054,401,653
118000147,734,872,-138
118000148,417,839,-422
118000149,923,703,220
118000150,445,286,159
118000151,419,306,113
118000153,1129,819,310
118000154,1197,1146,51
118000155,1175,1052,123
118000156,1136,1714,-578
118000157,416,307,109
118000158,212,330,-118
118000159,17,106,-89
118000160,482,326,156
118000161,437,476,-39
118000162,1141,623,518
118000163,703,643,60
118000164,1246,1068,178
118000168,534,543,-9
118000169,685,651,34
118000170,2261,2757,-496
118000171,328,405,-77
118000172,93,176,-83
118000173,671,641,30
118000175,241,288,-47
118000176,197,431,-234
118000177,158,516,-358
118000178,33,37,-4
118000179,810,1196,-386
118000180,687,576,111
118000181,707,216,491
118000182,213,207,6
118000183,168,243,-75
118000184,845,496,349
118000185,850,1045,-195
118000186,706,936,-230
118000187,1247,409,838
118000188,477,63,414
118000189,525,246,279
118000190,12,5,7
118000191,11,12,-1
118000192,68,143,-75
118000193,41,216,-175
118000194,861,667,194
118000195,321,1096,-775
118000196,220,173,47
118000197,74,129,-55
118000198,398,629,-231
118000199,361,319,42
118000200,43,186,-143
118000201,326,494,-168
118000202,59,62,-3
118000203,445,610,-165
118000204,71,284,-213
118000205,66,225,-159
118000206,215,139,76
118000207,0,41,-41
118000208,1152,997,155
118000209,1526,985,541
118000210,60,22,38
118000211,15,28,-13
118000213,835,1562,-727
118000214,348,480,-132
118000215,282,90,192
118000216,1753,866,887
118000217,15,77,-62
118000218,84,58,26
118000219,291,174,117
118000220,0,39,-39
118000221,227,240,-13
118000222,49,6,43
118000223,12,28,-16
118000224,82,61,21
118000225,94,411,-317
118000226,731,180,551
118000227,390,286,104
118000228,62,181,-119
118000229,74,64,10
118000230,107,142,-35
118000231,65,159,-94
118000232,642,419,223
118000233,885,507,378
118000234,401,102,299
118000236,235,206,29
118000237,71,116,-45
118000238,225,104,121
118000239,225,156,69
118000240,172,106,66
118000241,131,103,28
118000242,266,228,38
118000243,204,135,69
118000244,42,52,-10
118000246,3,13,-10
118000255,72,213,-141
118000256,159,184,-25
118000259,8,30,-22
118000260,165,53,112
118000261,28,18,10
118000263,66,92,-26
118000266,101,132,-31
118000267,1,97,-96
118000268,165,3,162
118000270,118,10,108
118000271,158,169,-11
118000272,67,32,35
118000273,110,42,68
118000274,67,170,-103
118000276,364,210,154
118000295,7,106,-99
118000298,78,125,-47
118000299,72,78,-6
118000301,0,46,-46
118000302,82,39,43
118000311,560,72,488
118000312,225,110,115
118000313,30,55,-25
118000314,109,32,77
118000315,15,27,-12
118000316,530,330,200
118000325,42,12,30
118000326,25,10,15
118000331,37,21,16
118000332,8,17,-9
118000333,20,50,-30
118000335,334,1,333
118000336,0,89,-89
118000407,136,38,98
118000457,17,39,-22
118000465,1229,2690,-1461
118000480,25,25,0
118000489,8,327,-319
118000490,20,164,-144
118000492,244,137,107
118000510,29,23,6
118000514,85,251,-166
118000515,626,576,50
118000517,194,148,46
118000524,185,280,-95
118000525,504,506,-2
118000530,30,55,-25
118000531,285,211,74
118000532,213,162,51
118000533,278,110,168
118000534,480,322,158
118000535,272,95,177
118000536,244,1079,-835
118000537,24,114,-90
118000538,30,74,-44
118000539,6,68,-62
118000540,183,72,111
118000541,126,42,84
118000542,74,122,-48
118000543,137,156,-19
118000546,40,19,21
118000553,0,1,-1
118000557,0,0,0
118000560,1099,1587,-488
118000562,23,72,-49
118000563,1083,800,283
118000576,240,105,135
118000577,152,142,10
118000578,170,97,73
118000579,358,887,-529
118000583,0,0,0
118000595,189,74,115
118000596,0,65,-65
118000597,130,95,35
118000598,15,0,15
118000599,105,46,59
118000600,2,6,-4
118000601,3,0,3
118000602,2,4,-2
118000603,2,18,-16
118000605,28,39,-11
118000606,49,92,-43
118900001,350,1139,-789
118900002,537,613,-76
118900003,430,12,418
118900004,25,22,3
118900005,86,1,85
118900006,97,4,93
118900007,8,2,6
118900008,1116,47,1069
118900009,69,70,-1
118900010,41,5,36
118900011,133,22,111
118900012,294,192,102
118900013,335,219,116
118900015,217,53,164
118900016,14,6,8
118900017,171,264,-93
118900018,751,35,716
118900019,39,24,15
118900020,127,115,12
118900021,150,209,-59
118900022,125,71,54
118900023,114,67,47
118900024,88,133,-45
118900025,41,22,19
118900026,51,41,10
118900027,327,166,161
118900028,185,95,90
118900029,294,318,-24
118900030,357,32,325
118900031,122,70,52
118900032,200,136,64
118900033,334,334,0
118900034,133,12,121
118900035,101,109,-8
118900036,890,482,408
118900037,315,267,48
118900038,299,86,213
118900039,462,118,344
118900040,197,137,60
118900041,456,123,333
118900042,153,80,73
118900045,237,103,134
118900046,687,381,306
118900047,290,158,132
118900048,129,215,-86
118900049,56,43,13
118900050,54,44,10
118900051,80,103,-23
118900052,220,190,30
118900053,24,97,-73
118900054,111,56,55
118900055,57,39,18
118900056,36,330,-294
118900057,609,321,288
118900058,366,263,103
118900059,17,68,-51
118900060,40,150,-110
118900062,486,137,349
118900064,303,525,-222
118900065,47,73,-26
118900066,85,57,28
118900067,2032,2937,-905
118900068,10,165,-155
118900069,332,142,190
118900071,3,50,-47
118900072,385,244,141
118900073,158,80,78
118900074,150,95,55
118900075,57,47,10
118900076,220,109,111
118900077,176,107,69
118900078,30,8,22
118900079,32,130,-98
118900080,19,104,-85
118900081,82,29,53
118900082,755,110,645
118900083,24,3,21
118900084,23,5,18
118900085,490,484,6
118900086,38,77,-39
118900087,27,203,-176
118900088,1,5,-4
118900089,30,13,17
118900090,429,241,188
118900091,84,195,-111
118900092,127,23,104
118900093,102,18,84
118900096,58,67,-9
118900097,197,273,-76
118900099,62,111,-49
118900100,85,164,-79
118900101,42,124,-82
118900102,41,41,0
118900103,23,51,-28
118900104,112,65,47
118900105,134,83,51
118900107,118,62,56
118900108,106,44,62
118900110,843,675,168
118900111,391,294,97
118900112,60,134,-74
118900113,102,215,-113
118900114,40,74,-34
118900115,74,250,-176
118900116,104,157,-53
118900117,96,126,-30
118900118,236,172,64
118900119,93,100,-7
118900120,83,199,-116
118900121,18,108,-90
118900122,13,840,-827
118900123,106,132,-26
118900124,81,122,-41
118900126,34,263,-229
118900129,203,169,34
118900130,56,189,-133
118900131,192,119,73
118900132,244,228,16
118900133,8,88,-80
118900135,140,159,-19
118900136,152,297,-145
118900137,10,31,-21
118900139,166,137,29
118900140,334,336,-2
118900141,62,61,1
118900144,130,224,-94
118900145,18,55,-37
118900146,311,456,-145
118900147,200,139,61
118900148,73,36,37
118900150,155,439,-284
118900152,415,453,-38
118900157,47,160,-113
118900158,99,30,69
118900159,5,94,-89
118900161,42,6,36
118900163,51,32,19
118900164,2,41,-39
118900165,40,61,-21
118900166,55,1,54
118900167,59,138,-79
118900168,12,104,-92
118900169,90,129,-39
118900170,135,35,100
118900171,35,46,-11
118900174,74,36,38
118900175,364,350,14
118900176,141,153,-12
118900177,66,36,30
118900178,62,135,-73
118900179,9,22,-13
118900181,61,65,-4
118900182,50,25,25
118900183,24,70,-46
118900184,206,75,131
118900185,66,47,19
118900186,87,79,8
118900187,184,255,-71
118900188,248,174,74
118900189,34,634,-600
118900190,22,158,-136
118900191,175,26,149
118900192,217,3,214
118900193,434,3,431
118900195,157,341,-184
118900196,39,102,-63
118900197,123,33,90
118900198,17,8,9
118900199,54,14,40
118900200,16,4,12
118900201,18,42,-24
118900202,5,22,-17
118900203,15,8,7
118900204,8,9,-1
118900205,1,6,-5
118900206,3,9,-6
119000001,1007,1278,-271
119000002,3234,2154,1080
119000003,2095,626,1469
119000004,2101,911,1190
119000005,1370,1336,34
119000006,2955,1141,1814
119000007,2660,2288,372
119000008,1506,1062,444
119000009,2423,3950,-1527
119000010,3623,3046,577
119000011,2123,2215,-92
119000012,1406,2395,-989
119000013,2438,1414,1024
119000014,1130,1800,-670
119000019,218,92,126
119000020,2323,1052,1271
119000021,3715,1978,1737
119000022,1037,2129,-1092
119000023,218,220,-2
119000024,1410,9606,-8196
119000025,3173,818,2355
119000026,93,365,-272
119000027,222,289,-67
119000028,1240,514,726
119000029,64,229,-165
119000030,435,625,-190
119000031,685,432,253
119000032,1581,1605,-24
119000033,1683,941,742
119000034,825,537,288
119000035,30,203,-173
119000036,1590,617,973
119000037,1004,812,192
119000038,138,381,-243
119000039,399,263,136
119000040,616,503,113
119000041,519,904,-385
119000048,1992,1507,485
119000049,1677,1081,596
119000050,1373,1224,149
119000051,1479,687,792
119000052,1233,1897,-664
119000053,1425,791,634
119000054,2546,1712,834
119000055,4028,2144,1884
119000056,2510,1445,1065
119000057,1138,1070,68
119000058,1364,1107,257
119000059,946,1012,-66
119000060,1298,771,527
119000061,818,508,310
119000062,797,853,-56
119000063,478,355,123
119000064,694,636,58
119000065,1435,2292,-857
119000066,1731,947,784
119000067,1528,1206,322
119000068,1402,739,663
119000069,1215,1447,-232
119000070,2225,665,1560
119000071,447,494,-47
119000072,3026,2053,973
119000073,3148,5601,-2453
119000074,1056,1139,-83
119000075,2286,1621,665
119000076,264,1128,-864
119000077,462,543,-81
119000078,307,254,53
119000079,178,659,-481
119000080,549,157,392
119000081,276,451,-175
119000082,779,159,620
119000083,553,311,242
119000084,195,419,-224
119000085,513,126,387
119000086,241,376,-135
119000087,1128,541,587
119000088,306,174,132
119000089,69,144,-75
119000090,102,90,12
119000091,76,302,-226
119000092,377,148,229
119000093,2639,1554,1085
119000094,2821,3675,-854
119000095,1657,1802,-145
119000097,1477,791,686
119000098,756,2319,-1563
119000099,1890,1001,889
119000100,3365,2408,957
119000101,3131,1059,2072
119000102,559,897,-338
119000103,1092,454,638
119000104,1503,833,670
119000105,858,1896,-1038
119000106,218,667,-449
119000107,845,379,466
119000108,327,605,-278
119000109,67,473,-406
119000110,259,379,-120
119000111,17,439,-422
119000112,123,91,32
119000113,1148,275,873
119000114,864,865,-1
119000115,125,125,0
119000116,105,95,10
119000117,96,242,-146
119000118,2,0,2
119000123,3313,1248,2065
119000124,686,106,580
119000125,3471,484,2987
119000126,1096,453,643
119000127,453,263,190
119000128,17,1,16
119000131,764,286,478
119000132,6,6,0
119000133,1,9,-8
119000134,1335,405,930
119000135,162,178,-16
119000136,252,93,159
119000137,199,189,10
119000138,436,152,284
119000139,239,122,117
119000140,252,269,-17
119000284,856,1728,-872
119000285,1437,1211,226
119000286,4313,3229,1084
119000287,1010,1256,-246
119000288,1538,665,873
119000289,1042,1353,-311
119000290,154,257,-103
119000291,11,125,-114
119000293,124,106,18
119000294,68,33,35
119000295,798,204,594
119000296,262,109,153
119000297,0,0,0
119000302,1085,966,119
119000303,39,128,-89
119000310,0,0,0
119000314,1032,8192,-7160
119000315,2,274,-272
119000316,177,87,90
119000317,79,186,-107
119900001,188,1299,-1111
119900002,114,164,-50
119900003,34,528,-494
119900004,273,1285,-1012
119900005,194,58,136
119900006,154,354,-200
119900007,901,249,652
119900008,134,62,72
119900009,557,448,109
119900010,522,685,-163
119900011,23,111,-88
119900012,22,100,-78
119900013,1585,1017,568
119900014,338,136,202
119900015,147,33,114
119900016,35,42,-7
119900017,45,37,8
119900018,1326,790,536
119900019,39,4,35
119900020,117,147,-30
119900021,132,53,79
119900022,82,665,-583
119900023,327,1565,-1238
119900025,225,17,208
119900026,437,149,288
119900027,32,18,14
119900028,192,125,67
119900029,3,3,0
119900030,429,297,132
119900031,39,392,-353
119900033,1458,289,1169
119900034,478,69,409
119900037,193,25,168
119900038,25,268,-243
119900039,28,4,24
119900040,96,16,80
119900041,112,16,96
119900042,149,117,32
119900043,94,95,-1
119900044,149,769,-620
119900046,154,34,120
119900047,284,89,195
119900048,163,21,142
119900049,153,8,145
119900050,70,83,-13
119900051,960,11,949
119900052,56,19,37
119900053,203,94,109
119900054,169,12,157
119900055,1225,484,741
119900057,273,47,226
119900058,232,2,230
119900059,82,28,54
119900060,234,13,221
119900061,189,8,181
119900062,65,18,47
119900063,10,59,-49
119900065,178,12,166
119900067,70,12,58
119900068,490,6,484
119900069,148,18,130
119900070,941,11,930
119900071,640,23,617
119900073,1082,473,609
119900074,18,43,-25
119900075,2321,1943,378
119900076,618,193,425
119900077,813,506,307
119900078,644,694,-50
119900079,485,113,372
119900080,285,159,126
119900081,580,129,451
119900082,1369,174,1195
119900083,253,83,170
119900084,473,282,191
119900085,58,43,15
119900086,383,542,-159
119900087,647,363,284
119900088,40,31,9
119900089,23,265,-242
119900090,114,43,71
119900091,36,462,-426
119900092,56,229,-173
119900093,938,205,733
119900094,20,154,-134
119900095,185,92,93
119900096,29,78,-49
119900097,392,125,267
119900098,32,35,-3
119900099,31,109,-78
119900100,1200,1910,-710
119900101,118,959,-841
119900102,22,138,-116
119900103,46,155,-109
119900104,32,125,-93
119900105,517,2182,-1665
119900106,16,85,-69
119900107,276,1361,-1085
119900108,2238,458,1780
119900109,19,107,-88
119900110,542,305,237
119900111,116,202,-86
119900112,848,448,400
119900113,54,175,-121
119900114,213,571,-358
119900115,351,638,-287
119900116,83,327,-244
119900117,230,333,-103
119900118,105,566,-461
119900119,232,121,111
119900120,520,311,209
119900121,445,437,8
119900122,453,277,176
119900123,181,226,-45
119900124,179,484,-305
119900125,44,187,-143
119900126,2310,187,2123
119900127,1448,716,732
119900128,378,280,98
119900129,234,270,-36
119900130,13,152,-139
119900131,36,136,-100
119900132,0,113,-113
119900133,35,62,-27
119900134,803,124,679
119900135,1,184,-183
119900136,190,198,-8
119900138,227,332,-105
119900139,17,116,-99
119900140,0,81,-81
119900141,69,545,-476
119900142,9,26,-17
119900143,12,154,-142
119900144,838,170,668
119900145,62,103,-41
119900146,131,179,-48
119900147,4,109,-105
119900148,206,46,160
119900149,576,3495,-2919
119900150,121,100,21
119900151,966,516,450
119900152,90,133,-43
119900153,179,35,144
119900154,46,287,-241
119900155,26,34,-8
119900156,27,6,21
119900157,113,113,0
119900158,175,39,136
119900159,11,703,-692
119900160,15,73,-58
119900161,145,110,35
119900162,773,734,39
119900163,57,103,-46
119900164,2,1,1
119900165,142,104,38
119900166,70,61,9
119900167,74,39,35
119900168,812,374,438
119900169,83,244,-161
119900170,187,229,-42
119900171,789,242,547
119900172,73,25,48
119900173,7,213,-206
119900174,35,110,-75
119900175,1174,454,720
119900177,12,125,-113
119900178,51,101,-50
119900179,86,489,-403
119900180,936,623,313
119900181,66,117,-51
119900182,4,149,-145
119900183,113,367,-254
119900184,1062,355,707
119900185,46,200,-154
119900186,46,790,-744
119900187,13,176,-163
119900188,79,210,-131
119900189,301,318,-17
119900190,64,218,-154
119900191,273,234,39
119900192,41,114,-73
119900193,363,121,242
119900194,23,79,-56
119900195,122,132,-10
119900196,614,238,376
119900197,194,123,71
119900198,133,127,6
119900199,139,27,112
119900200,573,462,111
119900201,186,85,101
119900202,76,238,-162
119900203,166,482,-316
119900204,308,194,114
119900205,728,352,376
119900206,237,91,146
119900208,160,134,26
119900209,448,1126,-678
119900210,39,33,6
119900211,81,3,78
119900212,184,165,19
119900213,14,62,-48
119900214,28,66,-38
119900215,54,61,-7
119900216,9,46,-37
119900217,3,46,-43
119900218,16,59,-43
119900219,8,74,-66
119900220,8,83,-75
119900221,15,172,-157
119900222,7,143,-136
119900223,12,46,-34
119900224,21,19,2
119900225,637,48,589
119900226,300,1409,-1109
119900227,537,217,320
119900228,88,203,-115
119900229,300,282,18
119900230,783,328,455
119900231,308,123,185
119900232,168,121,47
119900233,53,3,50
119900234,46,30,16
119900235,9,37,-28
119900236,52,101,-49
119900237,47,256,-209
119900238,1,52,-51
119900240,101,93,8
119900241,143,190,-47
119900242,741,1280,-539
119900244,439,881,-442
119900245,95,141,-46
119900246,232,550,-318
119900247,22,123,-101
119900248,53,181,-128
119900249,192,158,34
119900253,1284,302,982
119900254,68,703,-635
119900255,92,466,-374
119900256,505,437,68
119900257,64,2,62
119900258,197,14,183
119900259,51,70,-19
119900260,88,8,80
119900261,199,110,89
119900262,15,105,-90
119900263,962,234,728
119900264,106,85,21
119900265,469,203,266
119900266,265,140,125
119900267,233,205,28
119900268,129,78,51
119900269,807,617,190
119900271,24,74,-50
119900272,390,235,155
119900275,145,45,100
119900276,62,8,54
119900277,7,8,-1
119900278,116,95,21
119900279,114,269,-155
119900280,468,93,375
119900281,0,196,-196
119900282,38,119,-81
119900283,27,163,-136
119900284,23,116,-93
119900285,20,51,-31
119900286,0,7,-7
119900288,4,12,-8
119900289,0,13,-13
119900290,13,18,-5
119900291,0,42,-42
119900292,72,59,13
119900293,21,82,-61
119900294,26,63,-37
119900295,67,56,11
119900296,57,118,-61
119900297,0,24,-24
119900298,4,6,-2
119900299,91,101,-10
119900300,355,76,279
119900301,49,25,24
119900302,22,45,-23
119900303,287,117,170
119900304,201,24,177
119900305,7,70,-63
119900306,24,6,18
119900307,33,44,-11
119900308,7,17,-10
119900309,35,134,-99
119900310,143,152,-9
119900311,95,73,22
119900312,86,37,49
119900313,213,155,58
119900314,148,285,-137
119900315,1942,1196,746
119900318,9,34,-25
119900319,0,121,-121
119900320,112,215,-103
119900321,72,7,65
120000001,4152,13174,-9022
120000002,2179,1801,378
120000003,1984,1213,771
120000004,1966,1185,781
120000005,2405,1446,959
120000006,860,891,-31
120000007,2113,2552,-439
120000008,803,946,-143
120000009,1475,763,712
120000010,1522,1584,-62
120000011,832,1087,-255
120000012,1306,1460,-154
120000013,2566,2052,514
120000014,566,986,-420
120000015,1962,1058,904
120000016,3126,1745,1381
120000017,2590,1958,632
120000018,2545,9292,-6747
120000019,947,1217,-270
120000020,2396,2706,-310
120000021,1765,1852,-87
120000022,2102,3390,-1288
120000023,1028,1436,-408
120000024,1107,1943,-836
120000025,2124,1462,662
120000026,2032,1404,628
120000027,1867,1729,138
120000028,702,1976,-1274
120000029,1364,1051,313
120000030,520,702,-182
120000031,1560,4245,-2685
120000032,5045,2809,2236
120000033,4344,1403,2941
120000034,1789,1234,555
120000035,1901,1300,601
120000036,2698,3821,-1123
120000037,548,1176,-628
120000038,3362,2687,675
120000039,587,719,-132
120000040,141,530,-389
120000041,817,911,-94
120000042,1426,1301,125
120000043,3358,967,2391
120000044,4567,1132,3435
120000045,5387,895,4492
120000046,3474,2215,1259
120000047,537,4608,-4071
120000048,4706,3226,1480
120000049,2983,2081,902
120000050,3168,2746,422
120000051,2373,3144,-771
120000052,5317,1499,3818
120000053,1480,1478,2
120000054,1272,2374,-1102
120000055,1693,3058,-1365
120000056,3378,2701,677
120000057,2664,1284,1380
120000058,1760,1670,90
120000059,4,1237,-1233
120000061,118,422,-304
120000062,155,257,-102
120000063,1014,1741,-727
120000064,191,618,-427
120000065,504,911,-407
120000066,163,383,-220
120000067,42,378,-336
120000068,174,470,-296
120000069,526,514,12
120000070,65,436,-371
120000071,599,87,512
120000072,757,361,396
120000073,828,76,752
120000074,126,91,35
120000075,811,212,599
120000076,1993,268,1725
120000077,1798,564,1234
120000078,2678,1106,1572
120000079,471,312,159
120000080,261,224,37
120000081,463,131,332
120000082,360,252,108
120000083,176,731,-555
120000084,347,269,78
120000085,286,256,30
120000086,258,340,-82
120000087,193,309,-116
120000088,681,693,-12
120000089,945,477,468
120000090,633,386,247
120000091,804,747,57
120000092,1004,444,560
120000093,502,346,156
120000094,196,651,-455
120000095,799,298,501
120000096,209,491,-282
120000098,681,524,157
120000099,255,500,-245
120000100,622,610,12
120000101,444,263,181
120000102,492,723,-231
120000103,1273,750,523
120000104,1529,398,1131
120000105,2826,609,2217
120000106,2546,557,1989
120000107,3442,469,2973
120000108,1144,106,1038
120000109,943,60,883
120000110,72,588,-516
120000111,96,664,-568
120000112,635,1437,-802
120000113,641,1108,-467
120000114,958,1485,-527
120000115,199,1235,-1036
120000116,510,1181,-671
120000117,616,901,-285
120000118,75,46,29
120000119,27,35,-8
120000120,95,83,12
120000121,12,32,-20
120000122,174,382,-208
120000123,2382,5718,-3336
120000124,385,261,124
120000125,592,447,145
120000126,339,795,-456
120000127,1747,873,874
120000128,2018,3160,-1142
120000129,208,230,-22
120000130,645,399,246
120000131,302,494,-192
120000134,345,574,-229
120000135,599,400,199
120000137,221,624,-403
120000138,964,252,712
120000139,233,335,-102
120000140,866,294,572
120000141,407,294,113
120000142,775,481,294
120000143,2,85,-83
120000144,103,3,100
120000145,368,2,366
120000146,766,693,73
120000149,528,789,-261
120000150,1831,9381,-7550
120000151,351,379,-28
120000152,422,135,287
120000153,164,313,-149
120000154,436,363,73
120000155,122,240,-118
120000156,478,1041,-563
120000157,827,433,394
120000158,735,518,217
120000159,1659,1571,88
120000160,2098,1376,722
120000161,2203,1496,707
120000162,54,267,-213
120000163,680,746,-66
120000164,526,226,300
120000165,539,532,7
120000166,1265,355,910
120000167,162,146,16
120000168,8,404,-396
120000169,59,1594,-1535
120000170,30,1453,-1423
120000171,14,587,-573
120000172,20,432,-412
120000173,1244,1955,-711
120000174,199,52,147
120000175,196,32,164
120000176,133,41,92
120000177,858,128,730
120000178,62,12,50
120000179,166,51,115
120000180,408,73,335
120000181,86,1158,-1072
120000182,43,616,-573
120000183,11,397,-386
120000184,172,868,-696
120000186,38,782,-744
120000187,25,380,-355
120000188,81,613,-532
120000190,360,90,270
120000191,456,94,362
120000192,412,26,386
120000193,121,9,112
120000195,40,2,38
120000196,120,15,105
120000197,46,54,-8
120000198,176,52,124
120000199,108,4,104
120000200,147,0,147
120000201,10,28,-18
120000202,3,33,-30
120000203,49,140,-91
120000207,3,47,-44
120000208,13,165,-152
120000209,4,56,-52
120000210,44,56,-12
120000211,170,1,169
120000212,261,0,261
120000213,189,162,27
120000214,2,151,-149
120000215,2,122,-120
120000216,128,18,110
120000217,480,774,-294
120000218,101,445,-344
120000219,1,289,-288
120000220,4,748,-744
120000225,1750,3,1747
120000226,384,6,378
120000227,806,50,756
120000228,9171,3027,6144
120000230,424,14,410
120000231,1399,1505,-106
120000233,306,4,302
120000235,311,402,-91
120000236,846,2,844
120000237,2,576,-574
120000238,0,1144,-1144
120000241,1022,2750,-1728
120000412,471,7,464
120000413,265,130,135
120000414,149,3,146
120000415,1,39,-38
120000416,142,0,142
120000417,12,110,-98
120000418,202,15,187
120000419,12,145,-133
120000420,38,10,28
120000421,5548,3727,1821
120000422,72,1007,-935
120000423,4,74,-70
120000424,109,125,-16
120000436,129,556,-427
120000437,120,82,38
120000438,1320,203,1117
120000439,197,465,-268
120000443,148,1,147
120000444,1193,239,954
120000445,1478,731,747
120000446,519,138,381
120000447,151,0,151
120000449,150,2,148
120000450,4,107,-103
120000451,92,133,-41
120000452,322,1,321
120000453,0,150,-150
120000454,43,33,10
120000455,84,50,34
120000456,1904,2966,-1062
120000457,544,371,173
120000458,405,453,-48
120000459,88,50,38
120000665,822,195,627
120000668,178,950,-772
120000669,130,116,14
120000670,128,1022,-894
120000671,1342,486,856
120000672,61,419,-358
120900001,63,96,-33
120900002,211,519,-308
120900003,161,6,155
120900004,11,64,-53
120900005,40,487,-447
120900006,430,168,262
120900007,145,71,74
120900008,314,830,-516
120900009,579,34,545
120900010,445,111,334
120900011,121,173,-52
120900012,121,955,-834
120900013,273,105,168
120900014,3,258,-255
120900015,797,56,741
120900016,814,39,775
120900017,1431,61,1370
120900018,117,296,-179
120900019,520,367,153
120900020,618,1048,-430
120900021,710,199,511
120900022,34,195,-161
120900023,237,25,212
120900024,1320,326,994
120900025,1091,845,246
120900026,116,138,-22
120900027,760,16,744
120900028,442,114,328
120900029,112,505,-393
120900030,1334,645,689
120900031,262,108,154
120900032,1068,69,999
120900033,891,79,812
120900034,19,2115,-2096
120900035,25,74,-49
120900037,209,10,199
120900038,63,314,-251
120900039,133,41,92
120900040,320,7,313
120900041,90,25,65
120900042,651,27,624
120900043,99,33,66
120900044,15,278,-263
120900045,171,49,122
120900046,501,10,491
120900047,200,113,87
120900048,145,28,117
120900049,475,3,472
120900050,1172,1354,-182
120900051,340,72,268
120900052,617,3,614
120900053,346,53,293
120900054,1221,427,794
120900055,467,2,465
120900056,558,28,530
120900057,140,14,126
120900058,501,2,499
120900059,92,0,92
120900060,61,15,46
120900061,208,158,50
120900062,238,1,237
120900063,574,10,564
120900064,658,3,655
120900065,673,0,673
120900066,347,191,156
120900067,253,126,127
120900068,227,0,227
120900069,303,16,287
120900071,16,0,16
120900072,841,9,832
120900073,567,98,469
120900074,634,32,602
120900076,328,1,327
120900077,1665,140,1525
120900078,743,521,222
120900079,796,82,714
120900080,796,912,-116
120900081,834,487,347
120900082,353,323,30
120900083,104,4,100
120900084,359,463,-104
120900085,94,131,-37
120900086,77,270,-193
120900087,408,367,41
120900088,124,442,-318
120900089,1496,2646,-1150
120900090,338,78,260
120900091,594,870,-276
120900092,892,326,566
120900093,1067,97,970
120900094,375,134,241
120900095,263,14,249
120900096,49,142,-93
120900097,520,429,91
120900098,196,132,64
120900099,48,55,-7
120900100,90,136,-46
120900101,405,162,243
120900102,45,72,-27
120900103,40,179,-139
120900104,15,50,-35
120900105,37,283,-246
120900106,965,315,650
120900107,178,86,92
120900108,10,291,-281
120900109,24,299,-275
120900110,13,501,-488
120900111,138,199,-61
120900112,14,482,-468
120900113,10,431,-421
120900114,23,111,-88
120900115,133,193,-60
120900116,403,209,194
120900117,0,264,-264
120900118,18,437,-419
120900119,5326,2859,2467
120900120,88,286,-198
120900121,38,286,-248
120900122,549,268,281
120900123,8,143,-135
120900124,0,342,-342
120900125,4,285,-281
120900126,1358,621,737
120900127,14,262,-248
120900128,1248,1029,219
120900129,32,178,-146
120900130,4,269,-265
120900131,113,35,78
120900132,970,120,850
120900133,63,434,-371
120900134,654,306,348
120900135,10,298,-288
120900136,50,72,-22
120900137,184,44,140
120900138,17,188,-171
120900139,1,418,-417
120900140,3,50,-47
120900141,97,153,-56
120900142,13,221,-208
120900143,3,532,-529
120900144,0,78,-78
120900145,128,564,-436
120900146,4,560,-556
120900147,39,352,-313
120900148,101,119,-18
120900149,0,128,-128
120900150,63,363,-300
120900151,1,395,-394
120900152,0,16,-16
120900153,104,76,28
120900154,0,95,-95
120900155,178,581,-403
120900156,75,200,-125
120900157,81,202,-121
120900158,57,434,-377
120900159,300,220,80
120900160,30,593,-563
120900161,91,252,-161
120900162,95,440,-345
120900163,209,849,-640
120900164,3,100,-97
120900165,11,556,-545
120900166,83,384,-301
120900167,190,112,78
120900169,81,198,-117
120900170,529,2546,-2017
120900171,571,165,406
120900172,429,1296,-867
120900173,1,40,-39
120900174,14,89,-75
120900175,161,88,73
120900176,10,299,-289
120900177,2,891,-889
120900178,0,507,-507
120900179,641,283,358
120900180,89,145,-56
120900181,90,37,53
120900182,30,263,-233
120900183,448,69,379
120900184,253,45,208
120900185,28,235,-207
120900186,0,257,-257
120900187,383,720,-337
120900188,223,14,209
120900189,74,1412,-1338
120900190,87,6,81
120900191,9,20,-11
120900192,4961,7350,-2389
120900194,72,90,-18
120900195,98,171,-73
120900196,652,32,620
120900197,594,143,451
120900198,197,359,-162
120900199,292,367,-75
120900200,32,125,-93
120900201,392,77,315
120900202,1,98,-97
120900203,34,67,-33
120900204,91,122,-31
120900205,28,24,4
120900206,28,29,-1
120900207,76,651,-575
121000001,357,846,-489
121000002,1741,1219,522
121000003,2038,1301,737
121000004,1893,2655,-762
121000005,1413,2082,-669
121000006,2383,1792,591
121000007,1643,2491,-848
121000008,3814,3280,534
121000009,3112,4560,-1448
121000010,5657,4798,859
121000011,4813,7920,-3107
121000012,9536,7417,2119
121000013,3795,4851,-1056
121000014,4357,4293,64
121000015,3059,5568,-2509
121000016,3153,2694,459
121000017,1590,2669,-1079
121000018,2186,1387,799
121000019,8643,8447,196
121000020,8900,14238,-5338
121000021,1760,1561,199
121000022,2193,2273,-80
121000023,2550,1485,1065
121000024,3887,3725,162
121000025,399,1110,-711
121000026,305,135,170
121000027,1159,1056,103
121000028,719,368,351
121000029,673,500,173
121000030,590,298,292
121000031,492,522,-30
121000032,187,131,56
121000034,245,195,50
121000035,156,150,6
121000036,792,635,157
121000037,484,489,-5
121000038,336,725,-389
121000039,181,255,-74
121000041,415,334,81
121000042,241,317,-76
121000043,573,497,76
121000044,930,801,129
121000045,275,226,49
121000046,530,614,-84
121000047,33,66,-33
121000049,853,446,407
121000050,271,1035,-764
121000051,470,166,304
121000052,335,588,-253
121000053,267,117,150
121000054,46,316,-270
121000055,717,1080,-363
121000056,695,863,-168
121000057,350,444,-94
121000058,271,202,69
121000059,1775,969,806
121000060,474,983,-509
121000061,124,237,-113
121000062,140,353,-213
121000063,739,775,-36
121000064,659,777,-118
121000065,222,375,-153
121000066,529,507,22
121000067,365,420,-55
121000068,518,303,215
121000069,185,552,-367
121000070,1331,956,375
121000071,1309,1020,289
121000072,1578,723,855
121000073,1065,1291,-226
121000074,155,274,-119
121000075,22,171,-149
121000076,346,232,114
121000077,108,172,-64
121000078,86,132,-46
121000080,1356,469,887
121000081,2155,2813,-658
121000082,100,276,-176
121000083,126,134,-8
121000084,166,174,-8
121000085,268,343,-75
121000086,369,498,-129
121000087,70,222,-152
121000088,347,394,-47
121000089,177,317,-140
121000090,262,295,-33
121000091,866,868,-2
121000092,159,69,90
121000093,131,199,-68
121000094,366,545,-179
121000095,344,610,-266
121000096,2098,1690,408
121000097,482,1712,-1230
121000098,490,589,-99
121000099,635,488,147
121000100,806,273,533
121000101,292,182,110
121000102,220,184,36
121000103,164,125,39
121000104,241,68,173
121000105,383,114,269
121000106,242,199,43
121000107,1461,2205,-744
121000109,798,784,14
121000110,166,563,-397
121000114,2472,1790,682
121000115,1111,561,550
121000116,216,693,-477
121000117,395,163,232
121000118,1291,180,1111
121000119,343,312,31
121000120,195,352,-157
121000121,466,944,-478
121000123,856,559,297
121000127,149,60,89
121000128,838,213,625
121000129,845,410,435
121000130,608,491,117
121000131,1292,1405,-113
121000132,956,1547,-591
121000135,201,349,-148
121000136,994,723,271
121000137,341,278,63
121000138,671,1032,-361
121000139,465,295,170
121000141,175,75,100
121000142,445,691,-246
121000143,98,39,59
121000144,528,1547,-1019
121000145,519,612,-93
121000146,1096,888,208
121000147,901,436,465
121000148,729,728,1
121000149,1510,1073,437
121000152,454,323,131
121000153,1430,495,935
121000154,867,421,446
121000155,1080,796,284
121000156,339,712,-373
121000157,638,1075,-437
121000158,333,334,-1
121000159,248,313,-65
121000160,259,254,5
121000161,258,182,76
121000162,80,107,-27
121000165,828,1805,-977
121000166,14,348,-334
121000168,431,154,277
121000169,74,78,-4
121000170,276,64,212
121000171,39,148,-109
121000172,595,421,174
121000173,856,947,-91
121000174,426,353,73
121000175,1073,279,794
121000176,397,217,180
121000177,637,409,228
121000178,74,23,51
121000179,50,39,11
121000181,417,329,88
121000182,93,258,-165
121000183,71,71,0
121000184,47,81,-34
121000185,36,172,-136
121000186,202,413,-211
121000187,155,75,80
121000188,129,62,67
121000192,673,307,366
121000193,473,346,127
121000194,1488,1648,-160
121000195,150,711,-561
121000196,474,247,227
121000197,124,463,-339
121000198,194,144,50
121000199,96,180,-84
121000200,518,62,456
121000201,7,136,-129
121000202,739,101,638
121000203,642,1416,-774
121000204,2495,582,1913
121000205,98,147,-49
121000206,141,59,82
121000207,1667,709,958
121000208,5,272,-267
121000209,338,89,249
121000210,579,220,359
121000211,294,77,217
121000212,515,251,264
121000213,7844,2037,5807
121000214,586,1465,-879
121000215,707,867,-160
121000216,447,524,-77
121000217,2750,2682,68
121000218,318,1302,-984
121000219,1094,569,525
121000220,101,54,47
121000221,113,284,-171
121000222,1790,2002,-212
121000223,230,447,-217
121000224,194,260,-66
121000225,909,1782,-873
121000226,2889,1067,1822
121000227,13,120,-107
121000228,20,376,-356
121000229,280,258,22
121000230,56,1176,-1120
121000231,1013,33,980
121000232,343,301,42
121000233,492,276,216
121000234,17,57,-40
121000235,48,84,-36
121000236,10,56,-46
121000237,45,12,33
121000238,11,76,-65
121000239,69,3,66
121000240,7,142,-135
121000241,79,11,68
121000242,76,643,-567
121000243,322,86,236
121000244,14,142,-128
121000245,59,14,45
121000246,0,108,-108
121000247,100,2,98
121000248,450,936,-486
121000249,61,179,-118
121000250,436,262,174
121000251,16,240,-224
121000252,141,56,85
121000253,255,192,63
121000254,572,136,436
121000255,104,146,-42
121000256,233,160,73
121000257,24,58,-34
121000258,80,74,6
121000259,46,48,-2
121000260,54,79,-25
121000261,34,52,-18
121000262,669,382,287
121000263,340,359,-19
121000271,292,1008,-716
121000273,19,3,16
121000274,13,56,-43
121000275,0,14,-14
121000276,11,12,-1
121000278,46,20,26
121000279,21,14,7
121000280,27,33,-6
121000289,181,25,156
121000290,757,812,-55
121000294,126,74,52
121000297,517,891,-374
121000299,104,365,-261
121000300,657,401,256
121000302,21,680,-659
121000303,398,191,207
121000304,442,52,390
121000305,158,23,135
121000306,177,101,76
121000308,130,240,-110
121000309,229,323,-94
121000310,69,256,-187
121000311,53,540,-487
121000312,247,252,-5
121000313,221,318,-97
121000314,71,84,-13
121000315,42,118,-76
121000530,1252,990,262
121000531,1469,1123,346
121000532,4936,6077,-1141
121000533,2635,2840,-205
121000918,31,78,-47
121000919,51,83,-32
121000938,65,164,-99
121000939,82,258,-176
121000956,1325,788,537
121000957,3,4,-1
121000958,34,35,-1
121000959,754,412,342
121000960,1027,1475,-448
121000961,239,51,188
121000962,614,450,164
121000973,1,174,-173
121000976,16,147,-131
121000979,369,94,275
121000981,232,113,119
121000982,323,108,215
121000983,384,185,199
121000984,27,35,-8
121000985,645,217,428
121000986,305,83,222
121000987,215,406,-191
121000988,753,82,671
121001302,166,97,69
121001308,3,9,-6
121001309,21,375,-354
121001313,191,88,103
121001314,1134,1588,-454
121001315,4058,2475,1583
121001326,329,314,15
121900001,72,112,-40
121900002,45,23,22
121900003,404,18,386
121900004,64,134,-70
121900005,16,8,8
121900006,91,7,84
121900007,1358,1269,89
121900008,190,207,-17
121900009,387,10,377
121900010,160,1,159
121900011,178,114,64
121900012,6,0,6
121900013,725,98,627
121900014,1057,302,755
121900015,207,170,37
121900016,2,26,-24
121900017,444,278,166
121900018,382,6,376
121900019,395,114,281
121900020,14,5,9
121900021,798,8,790
121900022,236,210,26
121900023,145,194,-49
121900024,234,92,142
121900025,562,354,208
121900026,220,22,198
121900027,302,55,247
121900028,183,9,174
121900029,86,235,-149
121900030,315,420,-105
121900031,733,4847,-4114
121900032,63,55,8
121900033,186,266,-80
121900034,211,65,146
121900035,1651,1603,48
121900036,71,280,-209
121900037,125,769,-644
121900038,28,77,-49
121900039,318,45,273
121900040,67,104,-37
121900041,75,157,-82
121900042,316,124,192
121900043,6,2,4
121900044,108,55,53
121900046,211,243,-32
121900047,120,81,39
121900048,50,85,-35
121900050,26,43,-17
121900051,155,125,30
121900052,141,35,106
121900053,359,228,131
121900054,330,1216,-886
121900055,10,12,-2
121900058,233,90,143
121900059,313,163,150
121900060,91,338,-247
121900061,109,109,0
121900062,117,88,29
121900063,1136,313,823
121900064,214,322,-108
121900066,86,26,60
121900067,65,33,32
121900069,132,85,47
121900070,125,82,43
121900071,351,145,206
121900072,57,81,-24
121900073,247,213,34
121900074,435,772,-337
121900075,349,487,-138
121900076,481,372,109
121900077,3,5,-2
121900078,43,30,13
121900079,0,0,0
121900080,586,218,368
121900082,59,67,-8
121900084,16,61,-45
121900085,1,1,0
121900086,12,70,-58
121900087,97,106,-9
121900088,1147,1861,-714
121900089,195,198,-3
121900090,27,68,-41
121900091,49,74,-25
121900092,54,75,-21
121900093,84,65,19
121900094,34,14,20
121900095,244,123,121
121900096,799,546,253
121900097,566,148,418
121900098,8,3,5
121900099,214,34,180
121900100,131,450,-319
121900101,107,107,0
121900102,2,95,-93
121900103,321,180,141
121900104,1292,267,1025
121900105,262,128,134
121900106,6,7,-1
121900107,32,20,12
121900108,3,17,-14
121900109,188,111,77
121900110,433,387,46
121900111,581,111,470
121900112,175,104,71
121900113,73,393,-320
121900114,57,51,6
121900117,98,42,56
121900118,1370,569,801
121900119,136,71,65
121900120,47,767,-720
121900121,312,27,285
121900122,24,52,-28
121900123,165,331,-166
121900124,120,123,-3
121900125,1145,669,476
121900127,5,69,-64
121900128,57,55,2
121900129,247,134,113
121900130,86,155,-69
121900131,218,73,145
121900132,50,36,14
121900133,75,1071,-996
121900134,35,165,-130
121900135,2256,320,1936
121900136,243,199,44
121900137,29,229,-200
121900138,53,83,-30
121900139,246,813,-567
121900140,65,107,-42
121900141,85,22,63
121900142,89,67,22
121900143,3,105,-102
121900144,88,196,-108
121900145,206,233,-27
121900146,400,560,-160
121900147,83,167,-84
121900148,127,173,-46
121900149,222,366,-144
121900150,39,147,-108
121900151,65,237,-172
121900152,89,64,25
121900153,52,611,-559
121900154,9,309,-300
121900155,0,122,-122
121900156,115,98,17
121900157,2,246,-244
121900158,91,81,10
121900159,0,172,-172
121900160,53,224,-171
121900161,227,310,-83
121900162,85,152,-67
121900163,265,344,-79
121900164,329,172,157
121900165,179,79,100
121900166,104,115,-11
121900167,67,118,-51
121900168,100,188,-88
121900169,1,99,-98
121900170,8,118,-110
121900171,671,374,297
121900172,482,135,347
121900173,545,244,301
121900174,39,49,-10
121900175,125,137,-12
121900176,403,987,-584
121900177,105,59,46
121900178,58,32,26
121900179,474,169,305
121900180,1649,3641,-1992
121900182,517,284,233
121900183,698,898,-200
121900184,89,423,-334
121900186,16,308,-292
121900187,24,130,-106
121900188,303,278,25
121900189,23,46,-23
121900190,172,344,-172
121900191,151,253,-102
121900192,234,827,-593
121900193,29,115,-86
121900194,3,187,-184
121900195,32,68,-36
121900196,472,699,-227
121900197,284,772,-488
121900198,1047,809,238
121900199,4,32,-28
121900200,109,262,-153
121900201,463,589,-126
121900202,87,525,-438
121900203,87,828,-741
121900204,479,894,-415
121900205,18,80,-62
121900206,28,39,-11
121900207,80,36,44
121900208,112,245,-133
121900209,46,43,3
121900210,1158,803,355
121900211,320,353,-33
121900212,93,82,11
121900213,201,51,150
121900214,9,357,-348
121900215,37,106,-69
121900216,43,127,-84
121900217,180,144,36
121900218,135,329,-194
121900220,127,15,112
121900221,236,379,-143
121900222,187,84,103
121900223,104,33,71
121900224,61,31,30
121900225,102,112,-10
121900226,215,92,123
121900227,229,391,-162
121900228,190,164,26
121900230,56,178,-122
121900231,121,760,-639
121900232,113,218,-105
121900233,143,153,-10
121900234,231,120,111
121900235,423,88,335
121900236,266,124,142
121900237,151,210,-59
121900238,118,239,-121
121900239,176,26,150
121900240,249,114,135
121900241,71,26,45
121900242,19,0,19
121900243,12,0,12
121900244,13,2,11
121900245,180,48,132
121900246,2222,134,2088
121900248,779,923,-144
121900250,139,261,-122
121900251,311,32,279
121900252,296,102,194
121900253,85,713,-628
121900254,373,234,139
121900255,327,65,262
121900258,2675,1480,1195
121900259,317,439,-122
121900260,109,86,23
121900261,166,440,-274
121900262,335,690,-355
121900263,201,182,19
121900264,966,814,152
121900265,293,165,128
121900266,404,95,309
121900267,82,28,54
121900269,173,603,-430
121900270,37,164,-127
121900271,23,96,-73
121900273,333,1294,-961
121900274,281,175,106
121900277,266,702,-436
121900278,103,604,-501
121900279,112,126,-14
121900280,60,296,-236
121900281,132,282,-150
121900284,38,2,36
121900286,147,67,80
121900287,10,28,-18
121900288,1,0,1
121900290,144,321,-177
121900291,273,656,-383
121900292,91,113,-22
121900293,752,2114,-1362
121900294,192,2,190
121900295,125,119,6
121900296,68,162,-94
121900298,189,691,-502
121900299,0,3,-3
121900300,85,8,77
121900301,72,6,66
121900302,3,30,-27
121900303,352,229,123
121900304,3,26,-23
121900305,5,5,0
121900306,298,2,296
121900307,86,17,69
121900308,28,161,-133
121900309,4,143,-139
121900310,16,261,-245
121900311,357,26,331
121900312,263,9,254
121900313,325,24,301
121900314,2,23,-21
121900315,20,0,20
121900316,0,17,-17
121900317,10,6,4
121900318,2,5,-3
121900319,46,120,-74
121900320,21,56,-35
121900321,14,2,12
121900322,5,14,-9
121900323,14,23,-9
121900324,1,36,-35
121900325,5,1,4
121900326,5,22,-17
121900327,6,23,-17
121900328,0,12,-12
121900329,1,82,-81
121900330,3,69,-66
121900331,20,19,1
121900332,58,19,39
121900333,29,2,27
121900334,68,54,14
122000001,1010,4011,-3001
122000002,1878,957,921
122000003,1182,2346,-1164
122000004,1873,1170,703
122000005,2369,1817,552
122000006,985,1016,-31
122000007,657,1410,-753
122000008,1345,3003,-1658
122000009,331,415,-84
122000010,1768,2293,-525
122000011,2765,1404,1361
122000012,766,1796,-1030
122000013,615,1001,-386
122000014,1687,974,713
122000015,921,830,91
122000016,473,743,-270
122000017,897,897,0
122000018,1299,1172,127
122000019,731,864,-133
122000020,180,250,-70
122000021,157,316,-159
122000022,943,815,128
122000023,557,1139,-582
122000024,429,1360,-931
122000025,703,1718,-1015
122000026,503,1270,-767
122000027,550,1074,-524
122000028,835,476,359
122000029,341,485,-144
122000030,142,127,15
122000031,119,287,-168
122000032,1801,1408,393
122000033,435,1442,-1007
122000034,391,530,-139
122000035,211,559,-348
122000036,386,363,23
122000037,359,204,155
122000038,204,302,-98
122000039,436,421,15
122000040,136,273,-137
122000041,418,466,-48
122000042,278,379,-101
122000043,95,101,-6
122000044,98,94,4
122000045,993,423,570
122000046,607,589,18
122000047,135,217,-82
122000048,2546,3185,-639
122000049,4151,2753,1398
122000050,970,753,217
122000051,176,343,-167
122000052,400,466,-66
122000053,157,864,-707
122000054,1612,1565,47
122000055,1507,3032,-1525
122000056,2514,2537,-23
122000057,2225,3149,-924
122000058,1037,1492,-455
122000059,1237,2296,-1059
122000060,375,733,-358
122000061,255,527,-272
122000062,488,256,232
122000063,644,706,-62
122000064,2275,2891,-616
122000065,2182,1680,502
122000066,753,946,-193
122000067,1157,951,206
122000068,950,809,141
122000069,479,455,24
122000070,619,885,-266
122000071,1509,889,620
122000072,401,452,-51
122000073,232,762,-530
122000074,2579,1255,1324
122000075,604,958,-354
122000076,3185,1157,2028
122000077,666,1145,-479
122000078,979,2856,-1877
122000079,595,1399,-804
122000080,446,400,46
122000081,154,167,-13
122000082,296,940,-644
122000083,1480,911,569
122000084,1528,693,835
122000085,254,558,-304
122000086,1562,3886,-2324
122000087,244,251,-7
122000088,181,370,-189
122000089,3260,1625,1635
122000090,107,468,-361
122000091,108,118,-10
122000092,76,15,61
122000093,1429,2007,-578
122000094,3403,2167,1236
122000095,909,2813,-1904
122000096,700,1254,-554
122000098,1940,2572,-632
122000099,995,735,260
122000100,661,467,194
122000101,270,407,-137
122000102,1435,857,578
122000103,1573,1190,383
122000104,438,140,298
122000105,313,240,73
122000106,356,602,-246
122000107,875,447,428
122000108,385,692,-307
122000109,336,247,89
122000110,418,438,-20
122000111,2291,1197,1094
122000112,942,1076,-134
122000113,571,597,-26
122000114,1911,1561,350
122000115,1573,1001,572
122000116,333,432,-99
122000117,997,292,705
122000118,474,558,-84
122000119,1777,1540,237
122000120,863,2102,-1239
122000121,780,1765,-985
122000122,439,1023,-584
122000123,1090,1166,-76
122000124,626,425,201
122000125,410,508,-98
122000126,376,623,-247
122000127,556,731,-175
122000128,234,400,-166
122000129,378,1334,-956
122000130,1942,1044,898
122000131,733,640,93
122000132,196,259,-63
122000133,671,746,-75
122000134,822,633,189
122000135,518,500,18
122000136,582,499,83
122000137,1418,682,736
122000139,718,2644,-1926
122000140,491,539,-48
122000141,2259,873,1386
122000142,196,745,-549
122000143,276,287,-11
122000144,811,704,107
122000145,850,542,308
122000146,694,887,-193
122000147,479,395,84
122000148,831,1538,-707
122000149,1394,1140,254
122000150,931,756,175
122000151,104,322,-218
122000152,183,272,-89
122000153,256,279,-23
122000154,209,204,5
122000155,1133,1913,-780
122000156,1993,2343,-350
122000157,904,2289,-1385
122000158,251,450,-199
122000159,388,880,-492
122000160,1600,1388,212
122000161,746,866,-120
122000162,1041,1272,-231
122000163,222,83,139
122000164,56,99,-43
122000165,635,591,44
122000166,546,843,-297
122000167,260,243,17
122000168,161,519,-358
122000169,276,189,87
122000170,323,245,78
122000171,21,101,-80
122000172,1161,1111,50
122000173,986,1932,-946
122000174,1826,882,944
122000175,679,304,375
122000176,281,676,-395
122000177,1048,1416,-368
122000178,2223,1809,414
122000179,1260,1891,-631
122000180,1095,1246,-151
122000181,1079,2347,-1268
122000182,1129,1204,-75
122000183,1557,747,810
122000184,2055,2110,-55
122000185,1030,1750,-720
122000186,380,785,-405
122000187,1467,848,619
122000188,328,186,142
122000189,185,290,-105
122000190,693,1068,-375
122000191,699,642,57
122000192,943,325,618
122000193,377,541,-164
122000194,455,199,256
122000195,119,426,-307
122000196,834,481,353
122000197,416,517,-101
122000198,450,832,-382
122000199,265,289,-24
122000200,757,586,171
122000201,1018,1311,-293
122000202,957,1368,-411
122000203,1918,1049,869
122000204,853,1329,-476
122000205,801,969,-168
122000206,1941,721,1220
122000207,1559,898,661
122000208,1760,1059,701
122000209,1325,385,940
122000210,1424,1112,312
122000211,1059,866,193
122000212,717,511,206
122000213,787,1109,-322
122000214,1526,1421,105
122000215,1652,1425,227
122000217,1356,1245,111
122000218,622,67,555
122000219,664,683,-19
122000220,262,461,-199
122000221,59,322,-263
122000222,533,139,394
122000223,961,406,555
122000225,694,241,453
122000226,1239,1162,77
122000227,166,1502,-1336
122000228,255,230,25
122000229,43,391,-348
122000230,67,349,-282
122000231,284,510,-226
122000232,458,549,-91
122000233,2,70,-68
122000234,385,52,333
122000235,394,92,302
122000236,1052,54,998
122000237,79,72,7
122000238,370,282,88
122000239,546,147,399
122000240,982,399,583
122000241,1580,365,1215
122000242,440,88,352
122000243,281,47,234
122000244,60,130,-70
122000245,75,111,-36
122000246,352,143,209
122000247,397,355,42
122000248,565,839,-274
122000249,1099,769,330
122000250,1548,843,705
122000251,159,248,-89
122000252,374,110,264
122000253,102,324,-222
122000254,230,51,179
122000255,583,768,-185
122000256,232,400,-168
122000257,142,149,-7
122000258,249,180,69
122000259,24,267,-243
122000260,5,28,-23
122000261,6,167,-161
122000262,1,33,-32
122000263,253,235,18
122000264,966,236,730
122000265,1744,769,975
122000266,2901,520,2381
122000267,136,75,61
122000268,122,201,-79
122000269,655,242,413
122000270,437,130,307
122000271,196,726,-530
122000272,291,656,-365
122000273,313,263,50
122000274,169,113,56
122000275,55,118,-63
122000276,590,329,261
122000277,959,1107,-148
122000278,1650,438,1212
122000279,208,250,-42
122000280,728,364,364
122000281,663,566,97
122000282,237,334,-97
122000283,245,118,127
122000284,212,98,114
122000285,250,42,208
122000286,55,99,-44
122000287,914,868,46
122000288,448,184,264
122000291,1690,522,1168
122000293,230,139,91
122000294,125,232,-107
122000295,902,169,733
122000296,36,387,-351
122000297,1489,2797,-1308
122000299,350,390,-40
122000300,374,501,-127
122000301,5003,2636,2367
122000302,357,1267,-910
122000303,1963,928,1035
122000304,67,146,-79
122000305,983,227,756
122000306,52,332,-280
122000307,91,81,10
122000309,61,42,19
122000310,26,89,-63
122000311,143,89,54
122000312,83,158,-75
122000313,68,64,4
122000314,125,176,-51
122000315,215,62,153
122000316,759,137,622
122000317,1411,256,1155
122000318,226,599,-373
122000319,135,233,-98
122000320,204,614,-410
122000321,48,106,-58
122000322,1235,1673,-438
122000323,759,1850,-1091
122000324,993,1115,-122
122000325,774,1946,-1172
122000326,100,66,34
122000327,308,519,-211
122000328,419,320,99
122000330,1168,645,523
122000332,109,122,-13
122000333,11,65,-54
122000337,1017,567,450
122000338,304,213,91
122000340,217,610,-393
122000342,936,599,337
122000343,374,527,-153
122000344,103,18,85
122000345,19,14,5
122000346,229,245,-16
122000348,513,494,19
122000349,116,460,-344
122000351,120,145,-25
122000352,344,151,193
122000353,88,51,37
122000355,143,239,-96
122000356,657,965,-308
122000357,89,25,64
122000358,0,35,-35
122000359,1,30,-29
122000360,0,18,-18
122000362,9,48,-39
122000364,182,218,-36
122000365,0,28,-28
122000366,5,6,-1
122000368,368,420,-52
122000370,17,26,-9
122000371,22,0,22
122000372,0,1,-1
122000381,122,249,-127
122000382,126,164,-38
122000384,1646,894,752
122000385,49,1,48
122000386,235,1071,-836
122000387,297,555,-258
122000388,980,512,468
122000389,187,641,-454
122000390,257,231,26
122000391,285,339,-54
122000392,127,216,-89
122000393,50,101,-51
122000394,397,139,258
122000395,100,126,-26
122000396,205,83,122
122000397,21,23,-2
122000398,33,40,-7
122000399,180,67,113
122000400,72,543,-471
122000401,112,57,55
122000402,286,133,153
122000403,388,409,-21
122000404,117,102,15
122000408,501,766,-265
122000503,11,85,-74
122000524,116,120,-4
122000544,74,1500,-1426
122000616,164,3,161
122000640,67,55,12
122000641,128,193,-65
122000642,894,656,238
122000643,72,146,-74
122000644,86,33,53
122000645,86,190,-104
122000651,756,1138,-382
122000664,100,21,79
122000665,854,486,368
122000666,610,856,-246
122000673,17,140,-123
122000674,193,55,138
122000675,1515,491,1024
122000686,340,634,-294
122000687,1249,171,1078
122000688,185,311,-126
122000689,751,268,483
122000690,1933,241,1692
122000691,677,789,-112
122000692,1064,180,884
122000693,285,861,-576
122000695,321,249,72
122000696,380,103,277
122000698,302,327,-25
122000699,181,29,152
122000701,1214,207,1007
122000702,378,611,-233
122000703,167,36,131
122000712,0,0,0
122000717,61,51,10
122000718,370,880,-510
122000719,121,68,53
122000720,555,100,455
122000724,191,181,10
122900001,42,10,32
122900002,799,4477,-3678
122900003,331,10,321
122900004,879,55,824
122900005,98,57,41
122900006,419,388,31
122900007,66,56,10
122900008,295,90,205
122900009,416,305,111
122900010,171,89,82
122900012,179,304,-125
122900014,135,136,-1
122900015,698,894,-196
122900016,143,176,-33
122900017,214,517,-303
122900018,124,20,104
122900019,13,127,-114
122900020,138,236,-98
122900021,57,334,-277
122900022,822,610,212
122900024,181,99,82
122900025,17,192,-175
122900026,16,179,-163
122900027,53,417,-364
122900028,107,112,-5
122900029,3186,2172,1014
122900030,748,392,356
122900031,39,261,-222
122900032,91,262,-171
122900033,226,125,101
122900034,2863,3612,-749
122900035,23,18,5
122900036,50,49,1
122900037,250,95,155
122900038,89,2109,-2020
122900039,104,363,-259
122900040,195,333,-138
122900041,304,207,97
122900042,143,241,-98
122900043,282,206,76
122900044,98,312,-214
122900045,78,85,-7
122900046,158,254,-96
122900047,147,174,-27
122900048,47,161,-114
122900049,1071,134,937
122900051,53,138,-85
122900052,113,130,-17
122900053,26,23,3
122900055,225,47,178
122900057,167,66,101
122900061,353,163,190
122900062,432,454,-22
122900063,144,189,-45
122900064,637,202,435
122900065,322,72,250
122900066,600,382,218
122900067,665,394,271
122900069,369,1174,-805
122900070,303,58,245
122900071,86,175,-89
122900072,2,130,-128
122900073,23,104,-81
122900074,620,381,239
122900075,1,68,-67
122900076,3,164,-161
122900077,0,56,-56
122900078,131,36,95
122900080,33,53,-20
122900081,125,116,9
122900082,825,145,680
122900083,116,80,36
122900084,5,105,-100
122900086,8,78,-70
122900087,229,279,-50
122900088,38,243,-205
122900089,21,86,-65
122900090,6,206,-200
122900091,205,0,205
122900092,0,65,-65
122900093,0,126,-126
122900094,2,125,-123
122900095,175,13,162
122900096,280,50,230
122900097,38,43,-5
122900098,58,105,-47
122900099,127,17,110
122900100,97,271,-174
122900101,351,253,98
122900102,13,27,-14
122900103,123,3,120
122900104,153,0,153
122900105,18,12,6
122900106,2,30,-28
122900107,2,65,-63
122900108,2,77,-75
122900109,374,114,260
123000001,822,403,419
123000002,2133,4235,-2102
123000003,2984,3375,-391
123000004,2245,3068,-823
123000005,2020,2267,-247
123000006,1778,1519,259
123000007,3044,2199,845
123000008,1978,2175,-197
123000009,3609,2121,1488
123000010,2536,2511,25
123000011,1534,753,781
123000012,544,1699,-1155
123000013,2648,839,1809
123000014,605,2395,-1790
123000015,1673,848,825
123000016,2140,2929,-789
123000017,2818,1472,1346
123000018,73,93,-20
123000019,367,54,313
123000020,229,37,192
123000021,119,136,-17
123000022,225,1426,-1201
123000023,1560,1600,-40
123000024,1461,527,934
123000025,351,119,232
123000026,24,60,-36
123000027,108,553,-445
123000028,1259,754,505
123000029,697,1011,-314
123000030,227,146,81
123000031,181,152,29
123000032,328,107,221
123000033,247,54,193
123000034,887,590,297
123000035,335,383,-48
123000036,204,791,-587
123000037,230,170,60
123000038,47,200,-153
123000039,352,1190,-838
123000040,600,206,394
123000041,810,1099,-289
123000042,581,611,-30
123000043,1722,8368,-6646
123000044,2510,1723,787
123000045,3286,2010,1276
123000046,420,1101,-681
123000047,1101,872,229
123000048,50,700,-650
123000049,3827,6928,-3101
123000050,1233,1158,75
123000051,82,122,-40
123000052,648,2397,-1749
123000053,1849,2222,-373
123000054,1189,1058,131
123000055,1135,2244,-1109
123000056,924,1041,-117
123000057,4512,4258,254
123000058,541,902,-361
123000059,239,440,-201
123000060,636,296,340
123000061,213,490,-277
123000063,579,674,-95
123000064,821,197,624
123000065,2379,1648,731
123000066,360,395,-35
123000067,638,302,336
123000068,1750,1877,-127
123000069,3850,1702,2148
123000070,164,486,-322
123000071,990,590,400
123000072,861,461,400
123000073,1437,574,863
123000074,889,581,308
123000075,312,902,-590
123000076,551,370,181
123000077,1625,1391,234
123000078,1558,1266,292
123000079,1354,1210,144
123000080,1645,936,709
123000081,144,221,-77
123000082,232,583,-351
123000083,758,232,526
123000084,551,351,200
123000085,327,44,283
123000086,507,81,426
123000087,254,129,125
123000088,890,399,491
123000089,503,734,-231
123000090,971,606,365
123000091,1150,1007,143
123000092,744,913,-169
123000094,368,158,210
123000095,447,500,-53
123000096,692,290,402
123000097,425,354,71
123000098,640,317,323
123000099,554,440,114
123000100,380,539,-159
123000101,379,469,-90
123000102,418,601,-183
123000104,361,433,-72
123000105,340,319,21
123000106,352,398,-46
123000107,238,353,-115
123000108,343,755,-412
123000111,804,279,525
123000112,1054,337,717
123000113,383,612,-229
123000114,273,484,-211
123000115,286,217,69
123000116,65,79,-14
123000117,1475,955,520
123000118,357,529,-172
123000119,202,465,-263
123000120,234,464,-230
123000121,409,407,2
123000122,207,249,-42
123000123,403,437,-34
123000124,316,301,15
123000125,914,1053,-139
123000126,1019,2972,-1953
123000127,470,436,34
123000128,209,165,44
123000129,644,199,445
123000130,546,80,466
123000131,848,645,203
123000132,242,340,-98
123000133,122,194,-72
123000134,202,113,89
123000135,2042,782,1260
123000136,176,406,-230
123000137,81,138,-57
123000138,53,195,-142
123000139,441,86,355
123000140,105,329,-224
123000141,520,98,422
123000142,721,600,121
123000143,933,1112,-179
123000144,36,31,5
123000145,117,202,-85
123000146,9,45,-36
123000147,57,80,-23
123000149,216,246,-30
123000150,108,158,-50
123000151,143,379,-236
123000152,63,335,-272
123000153,275,606,-331
123000154,940,1496,-556
123000155,1500,988,512
123000156,21,98,-77
123000157,515,639,-124
123000158,385,569,-184
123000159,2435,2167,268
123000160,808,530,278
123000161,1353,874,479
123000162,916,1280,-364
123000163,435,92,343
123000164,1297,246,1051
123000165,293,829,-536
123000166,58,86,-28
123000167,133,154,-21
123000168,230,170,60
123000169,819,128,691
123000170,113,104,9
123000171,667,25,642
123000172,127,290,-163
123000173,417,238,179
123000174,871,345,526
123000175,347,644,-297
123000176,701,168,533
123000177,194,376,-182
123000178,708,113,595
123000179,40,304,-264
123000180,1258,230,1028
123000181,220,721,-501
123000182,194,171,23
123000183,154,464,-310
123000184,88,259,-171
123000185,573,224,349
123000186,1,296,-295
123000187,556,8,548
123000188,122,0,122
123000189,167,85,82
123000190,49,83,-34
123000192,20,280,-260
123000193,80,492,-412
123000194,360,217,143
123000195,280,29,251
123000196,292,20,272
123000197,88,82,6
123000198,28,830,-802
123000199,14,547,-533
123000200,515,6,509
123000201,1036,22,1014
123000202,17,502,-485
123000203,802,54,748
123000204,84,581,-497
123000205,437,854,-417
123000206,1927,278,1649
123000207,69,557,-488
123000208,490,194,296
123000209,1916,619,1297
123000210,432,1189,-757
123000211,411,1164,-753
123000212,2536,370,2166
123000213,518,67,451
123000215,49,167,-118
123000216,136,699,-563
123000217,139,47,92
123000218,65,436,-371
123000219,516,68,448
123000220,361,141,220
123000221,172,45,127
123000222,282,181,101
123000223,304,152,152
123000224,373,245,128
123000225,187,43,144
123000226,66,308,-242
123000227,58,175,-117
123000228,259,21,238
123000229,596,805,-209
123000232,117,439,-322
123000233,518,99,419
123000234,86,418,-332
123000235,1064,197,867
123000236,214,387,-173
123000237,272,79,193
123000238,74,255,-181
123000239,336,580,-244
123000240,40,418,-378
123000241,295,55,240
123000242,103,145,-42
123000243,588,629,-41
123000244,722,568,154
123000245,31,136,-105
123000249,480,378,102
123000252,725,232,493
123000253,1093,443,650
123000254,499,506,-7
123000255,945,721,224
123000256,21,102,-81
123000257,1660,1099,561
123000258,686,448,238
123000259,412,329,83
123000260,385,230,155
123000261,164,79,85
123000262,95,105,-10
123000263,460,72,388
123000264,177,56,121
123000265,33,99,-66
123000266,482,414,68
123000267,539,283,256
123000268,45,68,-23
123000269,40,72,-32
123000270,21,49,-28
123000271,45,41,4
123000272,591,250,341
123000273,218,542,-324
123000274,945,518,427
123000275,204,542,-338
123000278,1613,1756,-143
123000279,117,55,62
123000280,314,216,98
123000281,256,93,163
123000282,83,215,-132
123000283,116,49,67
123000284,41,56,-15
123000286,167,280,-113
123000287,422,222,200
123000288,1159,855,304
123000289,320,974,-654
123000291,207,658,-451
123000294,177,184,-7
123000295,772,801,-29
123000296,604,331,273
123000297,659,315,344
123000298,657,212,445
123000299,75,126,-51
123000300,847,665,182
123000301,115,246,-131
123000302,55,101,-46
123000303,74,161,-87
123000305,538,613,-75
123000306,113,61,52
123000309,24,56,-32
123000310,53,26,27
123000311,0,55,-55
123000312,351,407,-56
123000313,416,313,103
123000315,114,176,-62
123000316,517,297,220
123000317,234,55,179
123000318,58,151,-93
123000329,9,16,-7
123000337,626,535,91
123000338,272,153,119
123000339,272,96,176
123000340,108,213,-105
123000342,7,64,-57
123000343,21,3,18
123000344,721,223,498
123000345,306,393,-87
123000346,372,45,327
123000352,991,671,320
123000353,32,78,-46
123000354,194,1,193
123000355,0,170,-170
123000356,403,3,400
123000357,0,61,-61
123000359,5,78,-73
123000360,205,68,137
123000361,145,198,-53
123000362,304,76,228
123000363,55,132,-77
123000364,361,389,-28
123000365,21,301,-280
123000366,268,1730,-1462
123000367,166,552,-386
123000370,42,332,-290
123000371,537,45,492
123000372,251,21,230
123000373,4,173,-169
123000374,10,110,-100
123000375,264,37,227
123000376,798,638,160
123000377,334,10,324
123000378,16,149,-133
123000379,2,125,-123
123000380,30,310,-280
123000381,117,76,41
123000382,453,89,364
123000383,72,919,-847
123000384,324,52,272
123000385,96,400,-304
123000436,42,804,-762
123000507,147,175,-28
123000508,155,842,-687
123000517,249,30,219
123000518,21,170,-149
123000519,129,63,66
123000520,30,171,-141
123000521,352,82,270
123000522,125,230,-105
123000541,10,1,9
123000542,0,3,-3
123000565,998,46,952
123000566,329,305,24
123000567,77,154,-77
123000573,43,375,-332
123000574,666,54,612
123000575,1040,578,462
123000576,759,734,25
123000577,50,466,-416
123000578,265,62,203
123000579,900,4290,-3390
123000580,163,39,124
123000582,351,31,320
123000583,8,184,-176
123000584,122,202,-80
123000585,0,51,-51
123000586,41,0,41
123000596,48,88,-40
123000597,63,124,-61
123000602,56,6,50
123000603,786,327,459
123000604,413,267,146
123000605,584,21,563
123000606,0,317,-317
123000609,17,235,-218
123000610,134,100,34
123000613,55,163,-108
123000614,217,51,166
123000615,62,98,-36
123000616,603,50,553
123000617,109,167,-58
123000618,49,327,-278
123000619,375,41,334
123000620,26,214,-188
123000622,393,17,376
123000624,162,61,101
123000630,1238,402,836
123000631,163,611,-448
123000632,428,435,-7
123000633,2,204,-202
123000634,34,115,-81
123000635,59,69,-10
123000636,29,323,-294
123000637,146,32,114
123000638,463,24,439
123000639,572,3643,-3071
123000640,24,331,-307
123000648,410,88,322
123000649,41,210,-169
123900001,774,31,743
123900002,29,926,-897
123900003,202,230,-28
123900005,188,159,29
123900006,261,36,225
124000001,1422,140,1282
124000002,57,864,-807
124000003,854,125,729
124000004,74,250,-176
124000005,882,455,427
124000006,178,596,-418
124000007,306,68,238
124000008,8,231,-223
124000009,525,129,396
124000010,167,230,-63
124000011,956,210,746
124000012,237,266,-29
124000017,188,119,69
124000018,107,51,56
124000019,105,113,-8
124000020,33,93,-60
124000021,91,49,42
124000022,77,109,-32
124000023,1108,1150,-42
124000024,897,330,567
124000025,867,1349,-482
124000026,796,706,90
124000027,3154,3841,-687
124000028,1048,2571,-1523
124000030,1584,1035,549
124000031,1326,3427,-2101
124000032,1513,615,898
124000033,852,541,311
124000034,485,666,-181
124000035,353,145,208
124000036,153,389,-236
124000037,251,879,-628
124000038,28,74,-46
124000039,536,420,116
124000040,389,702,-313
124000041,408,101,307
124000042,148,338,-190
124000043,95,83,12
124000044,83,114,-31
124000045,719,380,339
124000046,219,415,-196
124000047,1540,639,901
124000048,733,616,117
124000049,1485,487,998
124000050,706,889,-183
124000051,947,414,533
124000052,400,457,-57
124000053,416,1387,-971
124000054,623,299,324
124000055,1006,2362,-1356
124000056,1219,900,319
124000057,918,464,454
124000058,331,752,-421
124000059,561,1047,-486
124000060,632,375,257
124000061,1113,4884,-3771
124000062,2743,1196,1547
124000063,882,1024,-142
124000064,1345,765,580
124000065,86,432,-346
124000066,199,108,91
124000067,179,159,20
124000068,66,92,-26
124000069,558,137,421
124000070,170,364,-194
124000071,412,171,241
124000072,163,311,-148
124000073,772,125,647
124000074,171,440,-269
124000075,301,26,275
124000076,19,111,-92
124000077,1050,526,524
124000078,2019,1042,977
124000079,265,740,-475
124000080,696,196,500
124000081,197,242,-45
124000082,57,147,-90
124000083,56,71,-15
124000084,61,299,-238
124000085,60,25,35
124000086,49,120,-71
124000087,133,191,-58
124000088,122,379,-257
124000089,649,204,445
124000090,73,131,-58
124000091,440,98,342
124000092,51,219,-168
124000093,93,91,2
124000094,80,330,-250
124000095,111,97,14
124000096,121,155,-34
124000097,89,113,-24
124000098,44,66,-22
124000099,198,83,115
124000100,39,72,-33
124000101,78,94,-16
124000102,110,29,81
124000103,122,99,23
124000104,69,25,44
124000105,111,73,38
124000106,91,47,44
124000107,19,191,-172
124000108,36,20,16
124000109,97,98,-1
124000110,137,71,66
124000111,187,189,-2
124000112,555,390,165
124000113,106,115,-9
124000114,264,227,37
124000115,296,350,-54
124000116,118,154,-36
124000117,55,83,-28
124000118,73,79,-6
124000119,563,380,183
124000120,301,370,-69
124000121,1089,723,366
124000122,432,889,-457
124000123,791,368,423
124000124,195,620,-425
124000125,300,303,-3
124000126,314,503,-189
124000127,775,477,298
124000128,363,543,-180
124000129,1588,965,623
124000130,830,406,424
124000131,775,511,264
124000132,775,695,80
124000133,800,627,173
124000134,646,323,323
124000135,1427,1491,-64
124000136,525,591,-66
124000137,837,823,14
124000138,707,867,-160
124000139,369,31,338
124000140,24,307,-283
124000141,608,171,437
124000142,95,238,-143
124000143,93,6,87
124000144,16,93,-77
124000145,111,40,71
124000146,39,38,1
124000148,52,74,-22
124000149,1081,366,715
124000150,260,423,-163
124000151,816,321,495
124000152,625,842,-217
124000153,672,668,4
124000154,338,459,-121
124000155,1179,843,336
124000156,944,774,170
124000169,146,324,-178
124000170,367,336,31
124000171,206,177,29
124000172,241,348,-107
124000173,406,114,292
124000174,320,323,-3
124000175,9,53,-44
124000176,74,15,59
124000177,5,27,-22
124000178,52,53,-1
124000185,26,19,7
124000186,0,14,-14
124000187,0,0,0
124000188,103,31,72
124000190,23,29,-6
124000191,100,165,-65
124000192,953,338,615
124000193,185,611,-426
124000194,255,288,-33
124000195,309,665,-356
124000196,709,600,109
124000197,19,24,-5
124000198,29,46,-17
124000201,252,432,-180
124000202,468,275,193
124000203,387,226,161
124000204,794,197,597
124000205,109,299,-190
124000206,899,287,612
124000207,0,24,-24
124000209,154,234,-80
124000210,448,138,310
124000211,556,4,552
124000212,0,194,-194
124000213,539,163,376
124000214,343,289,54
124000215,342,22,320
124000216,2,192,-190
124000329,88,882,-794
124000338,74,430,-356
124000339,1049,71,978
124000341,1426,77,1349
124000344,25,2,23
124000357,911,1990,-1079
124000358,781,1243,-462
124000359,1032,506,526
124000360,751,340,411
124000361,1769,834,935
124000362,768,989,-221
124000363,222,246,-24
124000364,390,475,-85
124000365,515,673,-158
124000366,1200,585,615
124000367,77,308,-231
124000368,371,465,-94
124000369,155,79,76
124000370,90,507,-417
124000402,25,26,-1
124000403,107,16,91
124000404,27,49,-22
124000405,738,848,-110
124000406,611,962,-351
124000407,4,34,-30
124000411,4,182,-178
124000412,342,5,337
124000413,100,31,69
124000414,46,105,-59
124000415,50,45,5
124000416,88,113,-25
124000417,200,110,90
124000418,231,108,123
124000419,89,66,23
124000420,105,35,70
124000421,61,81,-20
124000422,12,13,-1
124000423,83,22,61
124000424,3,69,-66
124000425,120,15,105
124000426,5,123,-118
124000427,163,7,156
124000428,7,29,-22
124000429,57,45,12
124000430,650,390,260
124000431,392,377,15
124000432,314,556,-242
124000439,8,2,6
124000443,1,13,-12
124000445,446,1134,-688
124000446,740,311,429
124000447,13,113,-100
124000448,0,0,0
124000449,39,8,31
124000450,4,15,-11
124000451,0,0,0
124900001,620,417,203
124900002,145,168,-23
124900003,963,445,518
124900004,736,258,478
124900005,269,84,185
124900006,691,240,451
124900008,873,441,432
124900009,166,321,-155
124900010,237,319,-82
124900011,470,197,273
124900012,382,93,289
124900013,472,106,366
124900014,271,42,229
124900015,81,255,-174
124900016,79,58,21
124900017,411,1571,-1160
124900018,62,6,56
124900020,81,66,15
124900021,342,40,302
124900022,57,6,51
124900024,334,5,329
124900026,149,11,138
124900027,109,436,-327
124900028,216,59,157
124900029,12,427,-415
124900030,5,78,-73
124900031,28,153,-125
124900032,127,259,-132
124900033,69,146,-77
124900034,10,75,-65
124900035,120,265,-145
124900036,2,56,-54
124900037,138,159,-21
124900038,190,194,-4
124900039,2,51,-49
124900040,137,44,93
124900041,200,496,-296
124900042,87,2,85
124900043,446,534,-88
124900044,83,7,76
124900045,394,808,-414
124900047,100,112,-12
124900048,169,63,106
124900050,136,152,-16
124900052,137,197,-60
124900053,138,222,-84
124900054,907,379,528
124900055,2,98,-96
124900057,10,63,-53
124900060,65,169,-104
124900061,112,6,106
124900062,206,24,182
124900066,0,11,-11
124900067,2,80,-78
124900068,232,383,-151
124900070,42,20,22
124900072,121,58,63
124900075,268,148,120
124900076,23,1094,-1071
124900077,17,123,-106
124900078,53,12,41
124900079,340,150,190
124900080,219,320,-101
124900081,993,287,706
124900082,364,480,-116
124900083,323,278,45
124900085,527,531,-4
124900086,52,1038,-986
124900087,380,77,303
124900088,308,77,231
124900089,782,25,757
124900090,369,185,184
124900091,282,163,119
124900092,205,111,94
124900093,306,143,163
124900094,423,201,222
124900095,79,409,-330
124900096,422,195,227
124900097,345,67,278
124900098,93,214,-121
124900099,326,411,-85
124900100,318,92,226
124900101,77,255,-178
124900102,283,23,260
124900103,137,131,6
124900104,58,92,-34
124900105,96,71,25
124900106,303,31,272
124900107,73,14,59
124900108,106,78,28
124900111,1,78,-77
124900112,75,181,-106
124900113,52,206,-154
124900114,114,116,-2
124900115,71,33,38
124900116,217,190,27
124900117,181,115,66
124900118,155,441,-286
124900119,345,172,173
124900120,58,249,-191
124900121,67,378,-311
124900122,177,130,47
124900123,281,80,201
124900124,150,224,-74
204000001,135,6,129
204000002,8,9,-1
204000003,11,2,9
204000004,2,1,1
204000005,616,459,157
204000006,1090,1055,35
204000012,34,81,-47
204000019,662,355,307
204000020,543,500,43
204000021,1178,538,640
204000022,496,303,193
204000023,464,464,0
204000031,62,10,52
204000032,280,15,265
204000034,42,101,-59
204000035,1,3,-2
204000036,4,21,-17
204000037,1,15,-14
204000038,1,16,-15
204000039,4,15,-11
204000040,2,10,-8
204000041,5,6,-1
204000042,24,4,20
204000043,35,6,29
204000044,20,3,17
204000045,32,0,32
204000046,6,2,4
204000057,4,5,-1
204000062,30,31,-1
204000068,27,233,-206
204000069,58,294,-236
204000070,113,54,59
204000080,60,66,-6
204000085,1543,1035,508
204000086,1842,1240,602
204000087,53,19,34
204000088,5,70,-65
204000090,77,174,-97
204000093,374,63,311
204000096,954,863,91
204000097,358,12,346
204000099,793,1287,-494
204000100,1206,1496,-290
204000105,1777,821,956
204000110,363,876,-513
204000111,428,454,-26
204000112,904,699,205
204000113,286,658,-372
204000114,618,525,93
204000115,609,242,367
204000116,1033,635,398
204000119,1631,2109,-478
204000132,704,361,343
204000133,840,166,674
204000134,249,58,191
204000135,869,65,804
204000136,556,182,374
204000138,372,675,-303
204000140,199,111,88
204000141,159,69,90
204000144,4,19,-15
204000145,432,34,398
204000146,21,180,-159
204000147,23,124,-101
204000148,171,19,152
204000154,4,2,2
204000155,3,2,1
204000177,31,25,6
204000179,49,8,41
204000180,0,22,-22
204000222,0,6,-6
204000235,22,5,17
204000236,44,142,-98
204000238,8,14,-6
204000240,320,56,264
204000263,630,625,5
204000268,648,500,148
204000308,114,13,101
204000317,15,58,-43
204000322,13,40,-27
204000323,13,3,10
204000328,172,67,105
204000329,65,133,-68
204000330,210,35,175
204000331,89,92,-3
205000001,692,1156,-464
205000013,4,61,-57
205000014,15,68,-53
205000015,17,124,-107
205000016,15,123,-108
205000017,22,68,-46
205000022,304,579,-275
205000025,1111,765,346
205000029,209,6,203
205000045,125,663,-538
205000046,147,599,-452
205000047,46,391,-345
205000048,311,594,-283
205000049,157,504,-347
205000050,680,233,447
205000059,0,147,-147
205000060,0,78,-78
205000061,3,93,-90
205000062,1,105,-104
205000063,19,117,-98
205000064,16,61,-45
205000065,50,450,-400
205000066,115,399,-284
205000067,45,623,-578
205000069,245,15,230
205000082,120,106,14
205000110,89,167,-78
205000111,183,153,30
205000112,134,133,1
205000113,155,326,-171
205000121,188,24,164
205000123,27,152,-125
205000126,360,54,306
205000127,705,94,611
205000128,339,45,294
205000129,639,64,575
205000130,118,11,107
205000131,44,9,35
205000132,70,3,67
205000133,65,1,64
205000134,236,2,234
205000137,37,133,-96
205000138,102,242,-140
205000139,34,90,-56
205000144,98,79,19
205000145,259,141,118
205000151,139,14,125
205000152,149,11,138
205000153,206,21,185
205000154,74,40,34
205000155,128,10,118
205000207,7,117,-110
205000233,39,1,38
205000234,0,0,0
205000243,0,0,0
205000244,0,0,0
205000245,13,110,-97
205000249,2,19,-17
205000250,5,1,4
205000264,11,76,-65
206000027,4,2,2
206000028,6,0,6
206000043,18,30,-12
206000053,0,5,-5
206000054,2,25,-23
206000055,1,5,-4
206000075,8,12,-4
206000076,21,10,11
206000077,22,4,18
206000078,33,7,26
206000079,34,6,28
206000082,297,32,265
206000100,19,223,-204
206000103,0,0,0
206000104,8,14,-6
206000105,17,11,6
206000106,4,7,-3
206000125,79,0,79
206000157,23,111,-88
206000170,0,53,-53
206000171,1,84,-83
206000172,3,165,-162
206000173,4,116,-112
206000174,7,47,-40
206000175,4,43,-39
206000176,9,49,-40
206000177,4,46,-42
206000178,2,107,-105
206000179,3,26,-23
206000180,14,49,-35
206000181,18,36,-18
206000182,7,46,-39
206000183,15,149,-134
206000184,3,98,-95
206000185,1,79,-78
206000186,63,337,-274
206000223,4,98,-94
206000226,8,0,8
206000227,27,2,25
206000237,46,129,-83
206000238,19,219,-200
206000239,110,828,-718
206000240,28,137,-109
206000241,0,39,-39
206000242,4,74,-70
206000243,5,50,-45
206000244,49,203,-154
206000245,782,75,707
206000246,299,11,288
206000247,271,7,264
206000248,398,22,376
206000252,63,36,27
206000258,38,77,-39
206000315,25,9,16
206000317,519,76,443
206000318,653,47,606
206000319,1758,78,1680
206000320,237,51,186
206000321,247,5,242
206000322,458,10,448
206000323,202,5,197
206000324,214,3,211
206000325,155,30,125
206000326,166,7,159
206000327,108,9,99
206000328,145,5,140
206000329,265,9,256
206000330,39,6,33
206000331,202,4,198
206000332,64,3,61
206000333,714,5,709
206000334,261,0,261
206000335,0,11,-11
206000361,13,283,-270
206000392,1,9,-8
206000405,111,3,108
206000441,25,23,2
206000498,23,2,21
206000515,51,46,5
206000530,369,42,327
206000531,216,223,-7
206000532,1259,269,990
206000535,95,1239,-1144
206000536,9,43,-34
206000537,19,98,-79
206000613,1352,185,1167
206000784,428,35,393
207000001,120,477,-357
207000002,65,317,-252
207000003,103,104,-1
207000007,1096,258,838
207000008,118,4,114
207000009,58,62,-4
207000010,232,192,40
207000012,349,159,190
207000015,144,571,-427
207000019,156,58,98
207000021,453,173,280
207000022,175,135,40
207000023,208,54,154
207000024,2,15,-13
207000025,19,47,-28
207000026,103,26,77
207000027,11,45,-34
207000028,45,105,-60
207000029,171,275,-104
207000033,161,427,-266
207000034,266,138,128
207000039,439,91,348
207000040,514,41,473
207000041,123,8,115
207000042,216,50,166
207000043,150,144,6
207000051,101,107,-6
207000052,100,79,21
207000053,303,366,-63
207000054,31,79,-48
207000055,183,74,109
207000056,197,155,42
207000057,119,228,-109
207000058,152,184,-32
207000059,62,307,-245
207000060,87,129,-42
207000061,144,589,-445
207000062,352,37,315
207000063,411,73,338
207000064,414,69,345
207000065,335,155,180
207000066,291,127,164
207000067,50,54,-4
207000068,96,34,62
207000069,736,226,510
207000082,5,117,-112
207000083,58,128,-70
207000084,236,190,46
207000085,210,28,182
207000086,291,4,287
207000106,30,21,9
207000107,95,16,79
207000108,68,13,55
207000109,54,17,37
207000110,56,50,6
207000111,79,72,7
207000112,122,563,-441
207000114,14,27,-13
207000115,29,27,2
207000116,25,327,-302
207000117,10,71,-61
207000118,3,73,-70
207000119,32,40,-8
207000123,127,18,109
207000124,71,15,56
207000125,59,32,27
207000126,67,58,9
207000134,135,95,40
207000135,40,108,-68
207000148,81,265,-184
207000149,49,14,35
207000152,105,293,-188
207000153,480,897,-417
207000154,272,136,136
207000159,87,98,-11
207000160,104,152,-48
207000238,1,135,-134
207000242,8,82,-74
207000248,25,18,7
207000249,85,19,66
207000250,301,54,247
207000251,44,48,-4
207000252,37,36,1
207000278,85,80,5
207000279,30,76,-46
207000280,685,63,622
207000281,97,446,-349
207000282,110,135,-25
207000283,52,168,-116
207000284,41,343,-302
207000285,80,96,-16
207000291,13,103,-90
207000304,83,65,18
207000306,45,251,-206
207000310,89,85,4
207000353,245,2,243
207000356,13,27,-14
207000357,4,10,-6
207000358,3,8,-5
207000415,7,73,-66
207000417,41,4,37
207000418,104,108,-4
207000438,0,4,-4
207000439,515,583,-68
207000446,157,5,152
207000460,56,7,49
207000466,134,94,40
207000467,256,61,195
207000468,22,134,-112
207000476,8,31,-23
207000477,605,47,558
207000478,1,32,-31
207000523,1,12,-11
207000524,62,1,61
207000527,111,123,-12
207000530,451,7,444
207000531,256,8,248
207000532,65,26,39
207000534,223,45,178
207000535,26,226,-200
207000537,16,50,-34
207000540,10,75,-65
207000541,4,160,-156
207000548,4,106,-102
207000549,287,14,273
207000561,139,147,-8
207000562,28,100,-72
207000567,142,137,5
207000568,205,30,175
207000569,467,290,177
207000584,152,117,35
207000585,34,278,-244
207000587,162,19,143
207000616,1,88,-87
207000617,134,0,134
207000624,38,41,-3
207000631,5,53,-48
207900008,294,58,236
208000001,540,916,-376
208000002,777,437,340
208000003,1074,292,782
208000004,855,571,284
208000005,4,6,-2
208000019,597,738,-141
208000020,164,376,-212
208000021,247,228,19
208000022,929,344,585
208000028,720,1090,-370
208000033,469,408,61
208000034,770,1005,-235
208000037,164,10,154
208000040,139,90,49
208000041,578,460,118
208000042,684,515,169
208000047,116,180,-64
208000064,1581,1150,431
208000066,1368,2051,-683
208000070,370,293,77
208000071,511,510,1
208000072,362,800,-438
208000080,299,317,-18
208000081,360,128,232
208000082,284,162,122
208000083,135,227,-92
208000084,9,11,-2
208000085,668,516,152
208000086,435,801,-366
208000087,346,550,-204
208000089,965,237,728
208000090,958,364,594
208000093,123,109,14
208000094,423,284,139
208000095,621,375,246
208000104,874,656,218
208000105,555,765,-210
208000114,137,302,-165
208000115,366,211,155
208000116,547,797,-250
208000117,160,104,56
208000118,94,116,-22
208000155,575,808,-233
208000158,1064,2692,-1628
208000186,2341,3257,-916
208000204,589,741,-152
208000205,1028,671,357
208000282,3339,2414,925
209000004,475,138,337
209000005,44,26,18
209000006,397,165,232
209000007,182,311,-129
209000010,232,106,126
209000011,109,174,-65
209000012,136,109,27
209000013,127,134,-7
209000014,308,484,-176
209000025,311,52,259
209000026,572,104,468
209000027,270,487,-217
209000028,280,336,-56
209000029,320,464,-144
209000030,314,616,-302
209000031,1594,1049,545
209000034,172,198,-26
209000035,116,158,-42
209000036,182,113,69
209000037,291,171,120
209000038,122,103,19
209000039,85,117,-32
209000040,235,415,-180
209000041,161,322,-161
209000042,203,316,-113
209000043,556,728,-172
209000044,206,731,-525
209000045,972,306,666
209000046,473,343,130
209000047,316,143,173
209000048,564,231,333
209000049,69,58,11
209000050,170,62,108
209000051,247,161,86
209000052,155,145,10
209000062,64,65,-1
209000063,46,32,14
209000064,28,32,-4
209000065,87,14,73
209000066,68,17,51
209000067,82,28,54
209000080,17,138,-121
209000082,70,30,40
209000091,23,69,-46
209000093,46,25,21
209000094,112,145,-33
209000110,32,115,-83
209000111,438,1260,-822
209000112,909,359,550
209000113,1372,420,952
209000114,617,353,264
209000115,31,81,-50
209000116,341,194,147
209000118,13,21,-8
209000119,14,6,8
209000121,89,317,-228
209000135,30,190,-160
209000142,532,1309,-777
209000143,26,38,-12
209000144,30,125,-95
209000229,229,116,113
209000240,31,127,-96
209000259,73,56,17
209000260,39,654,-615
209000261,3,277,-274
209000262,0,170,-170
209000263,0,172,-172
209000264,0,201,-201
209000265,274,3,271
209000266,81,1,80
209000267,850,13,837
209000268,434,56,378
210000037,49,13,36
210000047,63,20,43
210000048,109,13,96
210000049,54,5,49
210000052,45,52,-7
210000053,25,32,-7
210000054,67,49,18
210000070,102,4,98
210000071,79,0,79
210000072,32,0,32
210000073,0,16,-16
210000074,0,86,-86
210000075,3,108,-105
210000076,7,111,-104
210000077,13,38,-25
210000078,26,40,-14
210000079,14,11,3
210000080,41,53,-12
210000081,156,28,128
210000082,124,6,118
210000083,71,6,65
210000084,34,1,33
210000085,0,33,-33
210000086,0,61,-61
210000099,26,197,-171
210000100,49,137,-88
210000101,58,156,-98
210000105,40,153,-113
210000159,0,155,-155
210000163,108,170,-62
210000164,202,196,6
210000168,97,47,50
210000187,0,14,-14
210000188,2,15,-13
210000214,26,0,26
210000219,38,38,0
210000220,102,27,75
210000232,3,20,-17
210000233,26,32,-6
210000234,42,90,-48
210000235,47,49,-2
210000245,2,30,-28
210000246,13,0,13
210000258,8,50,-42
210000259,269,59,210
210000282,73,202,-129
210000285,1,77,-76
210000286,14,107,-93
210000290,1,6,-5
210000295,40,91,-51
210000296,43,33,10
210000320,174,42,132
210000321,146,33,113
210000338,60,47,13
210000339,176,879,-703
210000340,99,287,-188
210000341,193,234,-41
210000342,203,142,61
210000343,163,152,11
210000344,133,129,4
210000345,127,195,-68
210000346,32,72,-40
210000347,31,36,-5
210000348,94,28,66
210000349,37,28,9
210000350,165,51,114
210000351,193,90,103
210000352,53,36,17
210000353,43,53,-10
210000354,85,56,29
210000355,35,51,-16
210000356,17,57,-40
210000357,48,24,24
210000358,171,98,73
210000359,67,74,-7
210000360,113,97,16
210000361,134,126,8
210000362,178,206,-28
210000363,447,202,245
210000364,76,98,-22
210000365,82,63,19
210000366,147,50,97
210000367,68,24,44
210000368,135,26,109
210000369,18,11,7
210000370,44,27,17
210000372,18,18,0
210000373,22,16,6
210000374,33,34,-1
210000375,36,49,-13
210000376,65,83,-18
210000404,33,78,-45
210000439,33,27,6
210000472,61,3,58
210000482,77,79,-2
210000564,174,188,-14
210000567,1,28,-27
210000568,254,3,251
211000092,53,35,18
211000094,33,6,27
211000169,176,21,155
211000172,10,151,-141
211000209,0,13,-13
211000226,12,28,-16
211000270,31,22,9
211000275,26,4,22
211000276,59,9,50
211000279,13,21,-8
211000281,62,18,44
211000302,42,35,7
211507980,5,41,-36
211977296,75,1,74
212000003,112,54,58
212000004,11,26,-15
212000005,25,26,-1
212000006,33,55,-22
212000008,133,95,38
212000009,23,106,-83
212000012,79,62,17
212000013,34,53,-19
212000014,236,107,129
212000015,304,174,130
212000016,492,375,117
212000027,531,276,255
212000028,277,242,35
212000029,184,162,22
212000030,42,17,25
212000031,44,34,10
212000048,42,174,-132
212000049,15,157,-142
212000050,21,13,8
212000051,172,112,60
212000052,171,164,7
212000053,341,280,61
212000054,323,80,243
212000055,296,122,174
212000056,17,23,-6
212000057,10,31,-21
212000058,112,22,90
212000070,101,102,-1
212000077,105,368,-263
212000099,189,169,20
212000108,155,123,32
212000111,174,64,110
212000120,86,52,34
212000138,144,27,117
212000156,4,92,-88
212000158,18,14,4
212000159,365,32,333
212000160,599,164,435
212000161,39,5,34
212000310,33,21,12
212000311,11,25,-14
212000374,71,11,60
213000001,39,240,-201
213000005,329,114,215
213000006,770,308,462
213000007,78,15,63
213000009,449,396,53
213000010,187,288,-101
213000011,175,103,72
213000012,116,174,-58
213000014,85,15,70
213000015,278,6,272
213000016,396,1,395
213000017,70,1,69
213000018,0,98,-98
213000019,1,90,-89
213000020,100,314,-214
213000021,2,89,-87
213000023,343,204,139
213000033,285,1446,-1161
213000034,558,191,367
213000035,94,149,-55
213000045,143,204,-61
213000046,155,121,34
213000047,406,1085,-679
213000056,96,17,79
213000069,83,4,79
213000073,1,50,-49
213000074,86,283,-197
213000075,430,8,422
213000076,35,3,32
213000085,11,21,-10
213000086,13,119,-106
213000091,228,13,215
213000092,51,7,44
213000099,142,891,-749
213000100,1027,227,800
213000101,319,84,235
213000102,400,134,266
213000103,705,587,118
213000104,76,218,-142
213000105,10,191,-181
213000106,39,95,-56
213000107,154,253,-99
213000108,29,268,-239
213000109,16,144,-128
213000110,13,53,-40
213000111,6,73,-67
213000112,126,103,23
213000115,35,4,31
213000116,59,232,-173
213000117,4,386,-382
213000118,544,223,321
213000119,42,418,-376
213000120,105,306,-201
213000122,110,294,-184
213000123,281,586,-305
213000124,107,668,-561
213000125,113,10,103
213000126,29,65,-36
213000127,117,106,11
213000128,321,720,-399
213000129,284,736,-452
213000130,630,264,366
213000132,371,74,297
213000133,597,76,521
213000134,773,22,751
213000136,472,20,452
213000137,552,54,498
213000139,270,22,248
213000147,40,11,29
213000148,31,9,22
213000149,36,2,34
213000150,0,120,-120
213000151,3,125,-122
213000152,2,109,-107
213000153,6,93,-87
213000154,31,135,-104
213000155,28,131,-103
213000156,90,349,-259
213000157,469,320,149
213000158,330,674,-344
213000159,510,357,153
213000163,869,100,769
213000165,717,233,484
213000171,0,51,-51
213000172,1,102,-101
213000173,3,122,-119
213000174,5,71,-66
213000175,7,39,-32
213000176,46,59,-13
213000177,80,4,76
213000178,173,8,165
213000179,245,2,243
213000180,199,1,198
213000184,71,331,-260
213000188,264,91,173
213000189,387,32,355
213000190,610,561,49
213000191,289,235,54
213000192,242,211,31
213000193,508,185,323
213000194,0,103,-103
213000195,14,330,-316
213000196,216,1031,-815
213000197,409,409,0
213000198,36,1,35
213000200,105,566,-461
213000201,43,40,3
213000202,21,365,-344
213000203,1946,537,1409
213000204,733,74,659
213000205,232,57,175
213000206,359,23,336
213000207,128,8,120
213000208,51,2,49
213000209,95,2,93
213000210,211,2,209
213000211,3,22,-19
213000212,4,30,-26
213000213,20,41,-21
213000218,197,311,-114
213000219,420,25,395
213000220,348,4,344
213000223,182,212,-30
213000224,17,46,-29
213000225,70,14,56
213000226,55,13,42
213000227,782,143,639
213000228,416,69,347
213000229,117,19,98
213000230,427,21,406
213000232,51,776,-725
213000233,4,64,-60
213000234,2,65,-63
213000293,15,74,-59
213000294,85,29,56
213000295,16,95,-79
213000296,42,22,20
213000297,7,68,-61
213000298,13,61,-48
213000299,43,18,25
213000300,14,6,8
213000303,2,25,-23
213000304,3,7,-4
213000305,0,31,-31
213000306,41,32,9
213000307,70,53,17
213000308,113,126,-13
213000309,121,64,57
213000310,381,129,252
213000311,212,559,-347
213000315,67,65,2
213000316,154,57,97
213000322,93,76,17
213000323,110,53,57
213000324,44,12,32
213000325,24,60,-36
213000326,13,9,4
213000327,22,16,6
213000328,28,115,-87
213000329,84,14,70
213000340,120,279,-159
213000341,521,83,438
213000346,199,234,-35
213000347,536,449,87
213000348,5,207,-202
213000349,18,14,4
213000350,286,572,-286
213000366,103,184,-81
213000367,255,18,237
213000379,57,84,-27
213000386,15,236,-221
213000406,68,281,-213
213000417,997,369,628
213000425,214,29,185
213000426,128,24,104
213000427,60,110,-50
213000428,33,93,-60
213000429,10,3,7
213000430,81,296,-215
213000431,34,1,33
213000432,0,15,-15
213000433,15,127,-112
213000434,98,103,-5
213000435,105,51,54
213000436,42,49,-7
213000437,0,4,-4
213000438,118,36,82
213000439,48,11,37
213000440,6,277,-271
213000441,2,2,0
213000442,0,26,-26
213000443,269,180,89
213000444,27,24,3
213000445,0,58,-58
213000446,0,13,-13
213000447,10,35,-25
213000448,7,153,-146
213000449,379,1,378
213000450,16,26,-10
213000451,223,61,162
213000452,13,18,-5
213000453,31,161,-130
213000455,248,42,206
213000456,3,275,-272
213000481,13,9,4
213000482,31,0,31
213000489,204,71,133
213000491,2,148,-146
213000492,129,11,118
213000493,2,86,-84
213000494,227,115,112
213000495,0,50,-50
213000496,344,142,202
213000497,56,167,-111
213000498,109,87,22
213000499,167,228,-61
213000500,487,72,415
213000501,118,18,100
213000502,107,91,16
213000503,0,49,-49
213000504,16,25,-9
213000505,15,14,1
213000506,0,10,-10
213000507,1,59,-58
213900244,43,0,43
213900245,0,15,-15
218000003,52,16,36
218000004,25,30,-5
218000005,30,32,-2
218000006,40,21,19
218000007,5,24,-19
218000012,82,111,-29
218000013,118,106,12
218000014,286,276,10
218000019,510,387,123
218000020,236,291,-55
218000021,1,3,-2
218000022,3,1,2
218000023,2,0,2
218000024,0,2,-2
218000025,1,1,0
218000026,2,3,-1
218000027,0,0,0
218000028,2,1,1
218000029,0,1,-1
218000030,6,6,0
218000031,1,3,-2
218000032,0,3,-3
218000040,1,4,-3
218000046,56,42,14
218000047,14,58,-44
218000048,39,46,-7
218000049,40,51,-11
218000050,222,133,89
218000051,62,106,-44
218000052,1,39,-38
218000053,0,8,-8
218000054,2,66,-64
218000055,2,17,-15
218000056,10,39,-29
218000057,1,12,-11
218000064,2,14,-12
218000065,81,15,66
218000066,9,30,-21
218000067,50,43,7
218000068,67,40,27
218000069,264,65,199
218000070,217,153,64
218000071,146,130,16
218000072,193,163,30
218000078,725,385,340
218000079,99,72,27
218000080,96,62,34
218000081,402,157,245
218000082,58,84,-26
218000083,58,26,32
218000084,103,41,62
218000085,107,132,-25
218000086,51,74,-23
218000087,161,93,68
218000090,18,89,-71
218000091,974,434,540
218000092,96,119,-23
218000093,75,41,34
218000094,333,435,-102
218000099,226,563,-337
218000100,226,203,23
218000101,285,96,189
218000102,300,118,182
218000103,65,68,-3
218000104,67,35,32
218000105,16,15,1
218000106,18,2,16
218000107,66,36,30
218000108,2,20,-18
218000112,34,29,5
218000117,81,32,49
218000134,416,355,61
218000135,20,57,-37
218000136,138,105,33
218000137,177,126,51
218000138,46,94,-48
218000139,158,233,-75
218000140,405,220,185
218000141,82,49,33
218000142,207,126,81
218000143,79,265,-186
218000144,53,95,-42
218000145,411,223,188
218000146,83,149,-66
218000151,5,11,-6
218000152,81,45,36
218000153,1,2,-1
218000154,1,0,1
218000155,9,0,9
218000156,12,0,12
218000157,5,2,3
218000158,3,0,3
218000159,1,0,1
218000160,1,1,0
218000161,7,1,6
218000162,3,3,0
218000163,0,1,-1
218000164,5,1,4
218000165,7,1,6
218000170,13,19,-6
218000171,43,8,35
218000172,5,4,1
218000173,9,20,-11
218000174,17,9,8
218000176,182,31,151
218000177,288,168,120
218000178,75,119,-44
218000179,125,52,73
218000180,82,23,59
218000181,138,20,118
218000187,14,28,-14
218000188,17,48,-31
218000189,23,56,-33
218000190,19,20,-1
218000191,118,40,78
218000192,175,103,72
218000193,357,198,159
218000194,76,183,-107
218000195,97,49,48
218000196,310,182,128
218000197,412,161,251
218000198,43,100,-57
218000199,45,21,24
218000200,73,25,48
218000201,18,15,3
218000202,55,250,-195
218000207,11,8,3
218000208,17,11,6
218000211,28,28,0
218000212,0,2,-2
218000213,62,35,27
218000214,3,16,-13
218000215,20,38,-18
218000217,5,65,-60
218000218,115,56,59
218000219,12,21,-9
218000220,36,246,-210
218000221,304,157,147
218000222,4,44,-40
218000223,23,225,-202
218000224,13,79,-66
218000225,194,13,181
218000226,130,27,103
218000230,2,3,-1
218000232,26,23,3
218000239,119,23,96
218000240,19,2,17
218000241,33,2,31
218000242,19,3,16
218000243,33,4,29
218000244,13,11,2
218000245,11,4,7
218000246,3,3,0
218000247,1,0,1
218000248,0,25,-25
218000249,0,7,-7
218000250,3,18,-15
218000251,4,64,-60
218000252,2,252,-250
218000253,8,266,-258
218000254,0,94,-94
218000255,6,32,-26
218000256,5,119,-114
218000267,310,732,-422
218000268,9,28,-19
218000269,3,8,-5
218000270,94,39,55
218000271,8,29,-21
218000273,38,3,35
218000274,14,4,10
218000275,32,43,-11
218000276,11,17,-6
218000278,20,29,-9
218000279,99,22,77
218000280,1,24,-23
218000281,19,21,-2
218000282,406,472,-66
218000284,38,4,34
218000301,82,110,-28
218000302,98,42,56
218000303,19,56,-37
218000316,603,576,27
218000317,1185,601,584
218000318,772,436,336
218000319,828,460,368
218000320,794,353,441
218000338,34,31,3
218000345,45,55,-10
218000346,19,144,-125
218000459,25,126,-101
218000490,23,47,-24
218000501,143,30,113
218000502,73,36,37
218000503,83,13,70
218000504,170,23,147
218000505,49,101,-52
218000506,37,237,-200
218000508,16,2,14
218000510,118,21,97
218000520,95,103,-8
218000521,5,25,-20
218000522,4,92,-88
218000523,137,4,133
218000524,13,369,-356
218000525,92,34,58
218000526,19,189,-170
218000529,42,72,-30
218000530,1,0,1
218000531,10,9,1
218000532,24,10,14
218000534,136,17,119
218000537,22,56,-34
218000538,92,258,-166
218000540,158,71,87
218000543,131,54,77
218000544,29,58,-29
218000545,70,50,20
218000546,43,53,-10
218000547,72,131,-59
218000548,77,67,10
218000549,401,393,8
218000550,105,174,-69
218000551,52,591,-539
218000552,192,46,146
218000553,34,138,-104
218000554,25,48,-23
218000555,26,30,-4
218000556,184,116,68
218000557,295,118,177
218000558,83,1,82
218000559,0,33,-33
218000560,0,29,-29
218000561,18,0,18
218000562,26,142,-116
218000563,200,31,169
218000564,5,108,-103
218000565,81,47,34
218000566,102,35,67
218000567,2,103,-101
218000568,48,2,46
218000569,4,218,-214
218000570,89,10,79
218000571,0,93,-93
218000572,98,7,91
218000573,13,186,-173
218000574,34,25,9
218000575,85,0,85
218000576,2,91,-89
218000577,68,1,67
218000578,3,84,-81
218000579,38,18,20
218000581,7,39,-32
218000582,44,4,40
218000583,13,0,13
218000584,1,14,-13
218000585,35,4,31
218000586,8,33,-25
218000587,2,1,1
218000588,4,9,-5
218000589,0,8,-8
218000590,8,1,7
218000591,0,4,-4
218000592,2,5,-3
218000593,2,0,2
218000594,0,2,-2
218000596,0,0,0
218000597,4,1,3
218000598,0,1,-1
218000599,6,0,6
218000600,0,0,0
218000601,0,7,-7
218000602,0,6,-6
218000603,0,4,-4
218000604,5,0,5
218000605,0,53,-53
218000606,96,3,93
218000607,9,36,-27
218000608,38,13,25
218000609,6,52,-46
218000610,78,5,73
218000611,15,2,13
218000612,4,23,-19
218000613,36,0,36
218000614,0,33,-33
218000615,103,1,102
218000616,5,83,-78
218000617,18,3,15
218000618,2,19,-17
218000619,17,20,-3
218000620,3,12,-9
218000621,0,2,-2
218000622,3,33,-30
218000623,15,1,14
218000624,2,19,-17
218000625,17,0,17
218000626,0,7,-7
218000628,127,35,92
218000631,32,13,19
218000632,0,101,-101
218000633,64,0,64
218000634,7,22,-15
218000635,8,7,1
218000636,589,565,24
218000637,910,349,561
218000638,212,17,195
218000639,4,42,-38
218000640,273,19,254
218000641,76,129,-53
218000652,36,37,-1
218000653,181,31,150
218000663,8,152,-144
218000675,66,38,28
218000676,0,0,0
218000677,3,1,2
218000680,176,194,-18
218000681,302,117,185
218000691,192,119,73
218000693,259,104,155
218000703,1,8,-7
218000718,89,585,-496
218000719,215,372,-157
218000720,19,265,-246
218000721,71,23,48
218000725,5,1,4
218001147,2,73,-71
218001214,9,72,-63
218001258,197,6,191
218001329,126,94,32
218001330,122,59,63
218001351,35,12,23
218001352,10,44,-34
218001353,12,7,5
218001354,26,34,-8
218001355,5,89,-84
218001356,289,21,268
218001357,47,62,-15
218001358,245,27,218
218001361,321,2,319
218001362,0,59,-59
219000001,33,23,10
219000002,25,42,-17
219000003,49,25,24
219000004,60,56,4
219000017,56,32,24
219000020,127,36,91
219000022,129,6,123
219000023,142,1,141
219000029,0,41,-41
219000034,34,36,-2
219000039,70,78,-8
219000040,59,40,19
219000041,136,16,120
219000051,0,30,-30
219000052,0,18,-18
219000053,0,61,-61
219000054,11,42,-31
219000055,241,2,239
219000056,9,1,8
219000057,58,0,58
219000062,42,42,0
219000063,87,5,82
219000064,1,58,-57
219000110,379,83,296
219000111,77,39,38
219000112,152,54,98
219000113,97,76,21
219000114,96,79,17
219000116,92,36,56
219000117,99,39,60
219000118,139,40,99
219000123,155,71,84
219000124,76,47,29
219000125,11,5,6
219000126,83,105,-22
219000127,0,6,-6
219000128,10,83,-73
219000129,27,105,-78
219000130,239,426,-187
219000131,512,718,-206
219000133,44,60,-16
219000134,15,27,-12
219000135,27,50,-23
219000136,120,175,-55
219000138,36,13,23
219000139,36,32,4
219000140,50,3,47
219000141,47,67,-20
219000142,9,36,-27
219000143,9,56,-47
219000145,11,33,-22
219000146,5,16,-11
219000147,5,13,-8
219000148,2,19,-17
219000149,5,41,-36
219000150,2,34,-32
219000151,1,8,-7
219000157,179,80,99
219000158,131,130,1
219000161,103,2,101
219000163,809,360,449
219000166,75,179,-104
219000167,125,88,37
219000168,177,93,84
219000174,410,113,297
219000175,136,1,135
219000176,109,8,101
219000177,53,1,52
219000178,53,0,53
219000179,12,7,5
219000180,25,24,1
219000182,102,17,85
219000183,44,15,29
219000184,93,8,85
219000185,2,12,-10
219000186,67,12,55
219000187,30,33,-3
219000189,42,170,-128
219000190,46,173,-127
219000191,334,1006,-672
219000192,147,101,46
219000193,126,111,15
219000195,0,87,-87
219000196,2,78,-76
219000198,24,45,-21
219000199,66,80,-14
219000200,50,73,-23
219000201,38,97,-59
219000203,16,85,-69
219000204,78,195,-117
219000205,57,145,-88
219000207,79,146,-67
219000209,16,45,-29
219000210,39,75,-36
219000213,7,83,-76
219000239,177,159,18
219000240,205,252,-47
219000241,110,77,33
219000242,44,79,-35
219000243,55,187,-132
219000244,8,55,-47
219000245,45,90,-45
219000246,25,42,-17
219000247,220,49,171
219000248,342,331,11
219000249,159,110,49
219000250,142,81,61
219000251,489,265,224
219000252,199,136,63
219000253,446,94,352
219000255,123,57,66
219000256,208,41,167
219000257,95,0,95
219000262,77,56,21
219000263,27,99,-72
219000267,5,38,-33
219000268,3,7,-4
219000269,4,5,-1
219000270,5,1,4
219000271,125,6,119
219000278,0,6,-6
219000279,1,0,1
219000283,0,13,-13
219000295,4,64,-60
219000296,37,202,-165
219000297,16,80,-64
219000298,8,45,-37
219000299,335,57,278
219000300,26,82,-56
219000301,178,256,-78
219000302,40,187,-147
219000307,34,28,6
219000308,35,42,-7
219000311,124,48,76
219000312,465,105,360
219000313,315,57,258
219000314,32,199,-167
219000315,222,25,197
219000316,450,45,405
219000317,115,13,102
219000320,2,78,-76
219000321,0,19,-19
219000323,7,26,-19
219000325,0,3,-3
219000326,77,44,33
219000327,59,29,30
219000328,23,65,-42
219000329,274,99,175
219000330,24,27,-3
219000331,33,42,-9
219000332,136,72,64
219000333,23,2,21
219000335,72,2,70
219000337,32,0,32
219000338,31,2,29
219000344,22,41,-19
219000345,35,52,-17
219000346,24,68,-44
219000348,123,43,80
219000349,49,99,-50
219000350,116,188,-72
219000351,7,4,3
219000352,377,65,312
219000353,90,51,39
219000354,172,59,113
219000355,129,35,94
219000356,612,1240,-628
219000363,165,76,89
219000364,90,47,43
219000365,109,14,95
219000366,192,315,-123
219000368,275,450,-175
219000370,818,529,289
219000371,9,19,-10
219000382,10,14,-4
219000383,291,822,-531
219000385,328,354,-26
219000386,464,1111,-647
219000387,5,23,-18
219000390,2,2,0
219000391,1,0,1
219000397,44,41,3
219000398,45,29,16
219000401,11,54,-43
219000402,22,53,-31
219000403,125,299,-174
219000404,14,119,-105
219000407,7,26,-19
219000409,40,41,-1
219000410,69,41,28
219000411,63,13,50
219000446,74,222,-148
219000447,3,9,-6
219000448,26,2,24
219000452,80,94,-14
219000453,57,157,-100
219000454,132,239,-107
219000556,230,65,165
219000558,93,89,4
219000590,28,106,-78
219000591,106,64,42
219000592,80,203,-123
219000595,2,12,-10
219000635,148,36,112
219000636,49,44,5
219000657,19,25,-6
219000658,29,57,-28
219000673,0,21,-21
219000676,16,4,12
219000679,31,2,29
219000684,77,1,76
219000685,0,30,-30
219000686,0,0,0
219000688,1,55,-54
219000689,25,140,-115
219000690,170,31,139
219000691,28,138,-110
219000692,142,29,113
219000693,1,15,-14
219000694,9,1,8
219000695,35,0,35
219000698,8,0,8
219000699,0,18,-18
219000727,0,51,-51
219000728,94,1,93
219000770,38,0,38
219000771,0,28,-28
219000788,354,187,167
219001150,0,30,-30
219001151,1,4,-3
219001166,48,45,3
219001167,2,61,-59
219001178,43,0,43
220000001,38,76,-38
220000002,10,51,-41
220000003,225,112,113
220000004,261,207,54
220000005,677,982,-305
220000006,190,447,-257
220000007,352,242,110
220000008,245,381,-136
220000009,205,278,-73
220000010,132,70,62
220000011,355,1965,-1610
220000012,41,142,-101
220000014,91,64,27
220000015,53,273,-220
220000017,22,147,-125
220000018,2767,1262,1505
220000019,68,291,-223
220000020,311,162,149
220000021,653,119,534
220000022,783,252,531
220000023,385,122,263
220000024,1181,345,836
220000025,510,817,-307
220000026,216,296,-80
220000027,15,91,-76
220000028,33,60,-27
220000029,50,62,-12
220000030,36,69,-33
220000031,382,208,174
220000064,38,656,-618
221000046,5,0,5
221000047,0,1,-1
221000048,0,0,0
221000049,0,2,-2
221000050,15,0,15
221000055,22,61,-39
221000057,60,18,42
221000068,312,122,190
221000069,250,75,175
221000070,183,17,166
221000071,104,14,90
221000072,198,12,186
221000073,137,42,95
221000074,1,14,-13
221000075,12,24,-12
221000076,5,20,-15
221000077,18,61,-43
221000081,13,6,7
221000082,68,2,66
221000083,15,2,13
221000084,9,5,4
221000085,19,58,-39
221000086,8,55,-47
221000087,1,94,-93
221000088,14,128,-114
221000089,25,183,-158
221000090,117,388,-271
221000098,109,19,90
221000099,173,3,170
221000100,104,4,100
221000101,196,17,179
221000102,187,17,170
221000109,5,77,-72
221000110,5,45,-40
221000111,24,111,-87
221000112,3,110,-107
221000113,15,108,-93
221000114,7,75,-68
221000120,64,24,40
221000121,14,62,-48
221000122,31,48,-17
221000123,16,35,-19
221000124,18,80,-62
221000155,91,14,77
221000156,61,36,25
221000175,0,9,-9
221000176,3,0,3
221000182,52,2,50
221000241,578,216,362
221000242,117,310,-193
221000243,540,168,372
221000244,318,358,-40
221000245,101,128,-27
221000246,39,189,-150
221000247,129,126,3
221000248,127,108,19
221000267,58,495,-437
221000325,56,56,0
221000331,8,29,-21
221000338,11,31,-20
221000378,203,60,143
221000381,47,22,25
222000282,13,6,7
222000296,8,15,-7
222000568,328,11,317
222000569,186,53,133
222000570,132,31,101
222000571,416,24,392
222000577,16,86,-70
222000578,23,116,-93
222000579,33,94,-61
222000580,63,521,-458
222000599,0,88,-88
222000600,4,194,-190
222000601,5,545,-540
222000603,8,26,-18
222000604,3,57,-54
222000605,26,36,-10
222000606,1,11,-10
222000607,3,5,-2
222000608,25,13,12
222000609,35,77,-42
222000616,355,42,313
222000617,17,19,-2
222000618,8,9,-1
222000620,7,9,-2
222000621,22,15,7
222000623,590,8,582
222000624,463,3,460
222000625,485,8,477
222000636,44,6,38
222000686,25,25,0
222000687,44,29,15
222001066,191,2,189
222001067,18,2,16
222001068,73,17,56
222001069,74,15,59
222001082,26,26,0
222001083,17,34,-17
222001084,0,43,-43
222001085,1,107,-106
222001111,59,91,-32
222001112,170,21,149
222001313,20,6,14
222001314,3,104,-101
222001464,242,21,221
222001465,16,96,-80
222001484,141,34,107
222001485,20,45,-25
222001494,519,134,385
222001495,79,115,-36
222001496,385,70,315
222001497,108,198,-90
222001502,25,54,-29
222001503,123,27,96
222001504,30,225,-195
222001505,313,11,302
222001506,50,299,-249
222001507,261,19,242
222001510,526,19,507
222001511,38,184,-146
222001514,580,116,464
222001515,160,301,-141
222001518,397,51,346
222001519,61,101,-40
222001527,125,45,80
222001528,21,73,-52
222001529,257,45,212
222001530,73,125,-52
222001533,93,159,-66
222001534,283,63,220
222001535,258,219,39
222001536,52,108,-56
222001537,300,34,266
222001538,56,221,-165
222001563,764,84,680
222001564,34,316,-282
222001568,176,206,-30
222001576,0,1,-1
222001579,0,15,-15
222001583,16,81,-65
222001584,66,9,57
222001596,471,1004,-533
222001597,1684,382,1302
222001626,0,90,-90
222001650,18,134,-116
222001651,36,389,-353
222001914,137,38,99
222001915,38,108,-70
222001968,451,280,171
222001969,335,339,-4
222001970,109,182,-73
222001971,24,5,19
222001972,4,11,-7
225000001,331,138,193
225000002,514,137,377
225000003,588,54,534
225000004,321,130,191
225000005,66,40,26
225000006,0,159,-159
225000007,744,837,-93
225000010,228,16,212
225000011,213,817,-604
225000012,190,426,-236
225000013,53,86,-33
225000014,494,79,415
225000015,87,113,-26
225000021,553,128,425
225000027,135,265,-130
225000032,492,85,407
225000042,56,354,-298
225000049,48,36,12
225000050,106,10,96
225000053,8,167,-159
225000058,493,148,345
225000067,149,88,61
225000068,65,172,-107
225000069,70,248,-178
225000070,85,185,-100
225000071,23,93,-70
225000075,12,390,-378
225000076,39,103,-64
225000078,41,33,8
225000085,90,113,-23
225000086,213,58,155
225000087,99,25,74
225000088,11,133,-122
225000089,167,710,-543
225000090,54,297,-243
225000091,124,82,42
225000092,33,29,4
225000093,140,153,-13
225000094,9,100,-91
225000095,283,218,65
225000096,227,301,-74
225000098,636,236,400
225000099,319,172,147
225000100,315,91,224
225000104,108,292,-184
225000110,6,242,-236
225000111,182,575,-393
225000112,182,646,-464
225000113,178,395,-217
225000114,61,151,-90
225000115,766,411,355
225000116,575,156,419
225000117,574,176,398
225000118,864,180,684
225000119,180,67,113
225000120,659,53,606
225000121,139,13,126
225000123,331,7,324
225000125,386,101,285
225000126,571,148,423
225000127,534,1109,-575
225000128,407,653,-246
225000132,330,33,297
225000133,182,43,139
225000134,519,123,396
225000135,49,18,31
225000136,287,9,278
225000137,257,32,225
225000138,319,61,258
225000143,55,115,-60
225000144,2,242,-240
225000145,48,23,25
225000146,58,44,14
225000147,38,137,-99
225000148,13,102,-89
225000149,45,230,-185
225000151,31,81,-50
225000155,368,266,102
225000156,120,526,-406
225000157,143,227,-84
225000158,24,99,-75
225000171,4,88,-84
225000180,50,11,39
225000181,0,38,-38
225000182,50,1,49
225000185,2,260,-258
225000187,52,246,-194
225000191,56,4,52
225000194,0,4,-4
225000208,3,40,-37
225000209,79,5,74
225000210,5,117,-112
225000217,0,9,-9
225000218,14,1,13
225000223,0,78,-78
225000224,35,0,35
225000225,0,25,-25
225000226,26,0,26
225000227,35,81,-46
225000228,9,9,0
225000229,0,39,-39
225000230,57,0,57
225000231,1,40,-39
225000232,145,0,145
225000241,35,3,32
225000242,2,53,-51
225000249,11,0,11
225000250,40,294,-254
225000251,321,27,294
226000042,175,236,-61
226000043,33,217,-184
226000044,74,164,-90
226000045,41,172,-131
226000046,386,66,320
226000047,366,89,277
226000048,300,78,222
226000049,241,167,74
226000070,0,19,-19
226000071,0,56,-56
226000072,0,15,-15
226000073,1,2,-1
226000074,0,9,-9
226000084,1,24,-23
226000085,1,10,-9
226000086,3,16,-13
226000087,0,9,-9
226000088,26,8,18
226000090,92,77,15
226000091,8,22,-14
226000092,1,1,0
226000093,16,5,11
226000094,6,3,3
226000095,14,3,11
226000105,9,5,4
226000106,7,0,7
226000107,4,0,4
226000108,15,1,14
226000109,73,1,72
226000124,94,52,42
226000134,680,316,364
226000135,1189,416,773
226000136,435,350,85
226000137,26,188,-162
226000138,13,90,-77
226000139,2,19,-17
226000156,171,4,167
226000157,190,9,181
226000163,89,53,36
226000202,6,137,-131
226000231,470,5,465
226000232,31,7,24
227000033,373,56,317
227000036,326,25,301
227000037,300,29,271
227000038,140,33,107
227000049,0,40,-40
227000050,0,35,-35
227000055,71,1,70
227000056,8,0,8
227000084,2,60,-58
227000085,1,49,-48
227000088,38,3,35
227000089,97,1,96
227000090,24,0,24
227000091,28,4,24
227000093,97,0,97
227000094,20,8,12
227000130,15,120,-105
227000131,29,132,-103
227000132,8,114,-106
227000133,9,90,-81
227000134,17,171,-154
227000152,0,10,-10
227000153,0,65,-65
227000155,1,17,-16
227000156,0,13,-13
227000165,5,84,-79
227000196,269,124,145
227000199,348,270,78
227000230,11,213,-202
227000232,393,18,375
227000242,66,335,-269
227000243,312,74,238
227000245,20,192,-172
227000246,81,270,-189
227000247,385,68,317
227000248,146,47,99
227000249,25,140,-115
227000250,287,173,114
227000251,74,212,-138
227000252,25,143,-118
227000253,179,27,152
227000262,448,42,406
227000266,1030,17,1013
227000267,22,740,-718
227000282,4,79,-75
227000284,580,11,569
227000286,3,36,-33
227000287,16,44,-28
227000291,18,274,-256
227000484,178,11,167
227000485,24,532,-508
227000655,130,4,126
227000656,542,15,527
227000657,72,7,65
227000661,292,11,281
227000680,101,38,63
229000265,9,26,-17
229000296,2,4,-2
229000297,2,32,-30
229000298,2,86,-84
229000320,8,1,7
229000321,13,0,13
229000412,30,39,-9
229000414,17,34,-17
229000415,14,0,14
229000416,1,12,-11
229000417,0,7,-7
229000419,55,192,-137
229000440,283,54,229
229000442,14,0,14
229000443,4,3,1
229000444,1,28,-27
229000445,51,7,44
229000446,44,17,27
229000491,0,0,0
229000492,0,0,0
229000493,0,2,-2
229000494,15,0,15
229000495,31,0,31
229000496,31,2,29
229000507,0,0,0
229000508,0,1,-1
229000509,0,2,-2
229000510,0,1,-1
229000511,0,0,0
229000512,0,0,0
229000513,0,0,0
229000514,0,0,0
229000517,0,0,0
229000518,1,0,1
229000519,0,1,-1
229000520,1,1,0
229000521,9,0,9
229000522,0,3,-3
229000523,2,0,2
229000524,0,0,0
229000527,0,0,0
229000528,1,0,1
229000529,3,0,3
229000530,9,0,9
229000531,11,0,11
229000532,0,0,0
229000533,5,0,5
229000534,8,0,8
229000564,8,0,8
229000565,4,0,4
229000566,0,0,0
229000567,0,3,-3
229000582,10,0,10
229000583,2,0,2
229000584,0,0,0
229000585,0,0,0
229000718,0,0,0
229000719,0,1,-1
229000720,0,0,0
229000721,0,0,0
229000722,0,1,-1
229000723,0,0,0
229000724,0,0,0
229000725,0,0,0
229000738,0,0,0
229000739,12,0,12
229000740,0,0,0
229000741,2,0,2
229000742,18,1,17
229000743,6,0,6
229000744,0,0,0
229000745,0,0,0
229000746,2,0,2
229000847,61,0,61
229000848,15,1,14
229000849,77,0,77
229000851,18,0,18
229000854,0,4,-4
229000856,1,27,-26
229000857,0,5,-5
229000858,0,23,-23
229000919,12,45,-33
229000930,1,123,-122
229000937,96,7,89
229000966,82,25,57
229000981,26,10,16
229000985,9,12,-3
229000986,0,4,-4
229000987,0,1,-1
229000988,1,8,-7
229000989,14,10,4
229000990,1,3,-2
229000991,0,1,-1
229000992,10,7,3
229000993,120,12,108
229000998,10,18,-8
229000999,62,6,56
229001034,0,10,-10
229001035,1,2,-1
229001037,35,5,30
229001042,13,13,0
229001047,6,30,-24
229001050,23,43,-20
229001168,0,1,-1
229001200,21,2,19
229001338,0,7,-7
229001394,138,4,134
229001422,90,16,74
229001423,21,111,-90
229001431,36,18,18
229001432,52,43,9
229001444,161,39,122
229001445,21,95,-74
229001479,5,0,5
229001503,237,56,181
229001504,103,87,16
229001505,111,18,93
229001506,75,70,5
229001509,50,11,39
229001545,95,4,91
229001546,14,64,-50
229001553,60,12,48
229001554,16,49,-33
229001559,5,7,-2
229001560,3,23,-20
229001630,38,6,32
229001631,13,9,4
229001635,0,17,-17
229001636,4,1,3
229001658,1,67,-66
229001659,53,1,52
229001660,3,5,-2
229001661,3,22,-19
229001662,4,1,3
229001663,0,13,-13
229002584,115,90,25
229002831,89,102,-13
229002841,6,5,1
229002842,7,9,-2
229002843,36,8,28
229002844,22,17,5
229002845,3,48,-45
229002846,21,25,-4
229002847,2,6,-4
229002848,6,6,0
229002849,1,47,-46
229002850,8,0,8
229002851,22,96,-74
229002852,104,10,94
229002853,113,13,100
229002854,19,60,-41
229002855,5,28,-23
229002856,37,23,14
229002857,11,120,-109
229002858,14,8,6
229002859,21,44,-23
229002860,118,11,107
229002861,35,9,26
229002862,14,17,-3
229002863,20,10,10
229002864,22,22,0
229002865,5,10,-5
229002866,16,11,5
229002867,0,10,-10
229002868,4,10,-6
229002869,34,83,-49
229002870,59,11,48
235000066,241,47,194
235000067,93,64,29
235000072,37,56,-19
235000073,81,247,-166
235000074,35,36,-1
235000080,14,70,-56
235000081,120,61,59
235000082,247,24,223
235000083,186,42,144
235000084,53,40,13
235000085,131,44,87
235000089,26,19,7
235000092,43,105,-62
235000093,9,10,-1
235000097,5,4,1
235000098,43,7,36
235000099,15,17,-2
235000116,54,16,38
235000117,427,12,415
235000133,13,493,-480
235000134,1,177,-176
235000206,9,7,2
235000207,1,4,-3
235000208,1,0,1
235000209,2,0,2
235000210,7,3,4
235000212,4,17,-13
235000213,0,14,-14
235000220,1,2,-1
235000221,59,14,45
235000238,10,99,-89
235000239,5,21,-16
235000242,295,720,-425
235000245,407,117,290
235000246,6,51,-45
235000284,7,152,-145
235000295,57,11,46
235000305,171,18,153
235000306,244,15,229
235000307,16,2,14
235000308,22,0,22
235000309,52,0,52
235000310,37,0,37
235000311,69,20,49
235000322,0,16,-16
235000323,1,33,-32
235000324,0,17,-17
235000325,0,8,-8
235000326,4,93,-89
235000351,1,66,-65
235000352,11,42,-31
235000353,4,13,-9
235000354,14,63,-49
235000355,9,54,-45
235000356,56,2,54
235000357,38,7,31
235000358,71,16,55
235000359,18,7,11
235000360,27,9,18
235000361,64,5,59
235000381,73,70,3
235000382,131,19,112
235000390,14,2,12
235000391,134,8,126
235000392,210,270,-60
235000393,122,159,-37
235000395,150,33,117
235000396,513,65,448
235000400,50,73,-23
235000401,15,92,-77
235000405,95,131,-36
235000406,49,127,-78
235000407,54,44,10
235000409,148,65,83
235000410,30,156,-126
235000411,0,38,-38
235000485,0,1,-1
235000486,4,1,3
235000549,127,48,79
235000550,84,77,7
235000599,146,29,117
235000600,8,13,-5
235000601,16,38,-22
235000602,77,37,40
235000614,0,4,-4
235000648,0,18,-18
235000649,37,3,34
235000685,5,7,-2
235000815,34,233,-199
235000834,0,1,-1
235000855,36,40,-4
235000862,39,62,-23
235000891,0,9,-9
235000892,11,0,11
235000901,102,47,55
235000907,5,9,-4
235001010,61,36,25
235001029,274,206,68
235001030,337,166,171
235001078,68,71,-3
235001079,50,60,-10
235001147,47,51,-4
235001166,25,43,-18
235001167,47,15,32
235001169,25,295,-270
235001188,1,9,-8
235001189,9,4,5
235001197,7,35,-28
235001200,52,41,11
235001207,411,56,355
235001210,71,104,-33
235001215,22,130,-108
235001239,2,26,-24
235001244,0,17,-17
235016267,0,17,-17
277101746,0,0,0
277102712,15,2,13
277103813,0,0,0
277103814,0,0,0
277103898,0,0,0
277104249,0,0,0
277104250,0,3,-3
277104251,0,7,-7
277104252,1,1,0
990011530,0,127,-127
990014944,0,267,-267
990015176,49,35,14
990015618,0,70,-70
990016032,0,128,-128
990032570,1,27,-26
990070001,68,1,67
990070103,0,2,-2
990070601,1,25,-24
990070751,972,4,968
990070766,0,226,-226
990071180,354,123,231
990071343,35,2,33
990071387,0,12,-12
990071823,247,2,245
990072600,3,1036,-1033
990072964,1,297,-296
990073285,0,2,-2
990074393,1,347,-346
990074870,1291,11,1280
990075106,762,6,756
990075746,490,7,483
990076437,1288,1,1287
990076458,1,276,-275
997000007,496,27,469
997000041,0,131,-131
997000058,56,0,56
997000062,23,1,22
997000069,0,2,-2
997000070,0,9,-9
997000100,25,0,25
997000141,0,510,-510
997000198,133,809,-676
998000475,0,5,-5
998000736,0,62,-62
998000965,1,5,-4
998001031,0,57,-57
998001700,0,0,0
998001899,0,0,0
998001900,4,0,4
998003073,712,2,710
998101900,0,0,0
998102850,0,219,-219
998501927,608,795,-187
998501929,92,2,90
998501930,23,0,23
998501931,125,11,114
998501932,11,0,11
998501933,49,2,47
998501937,6,0,6
998501944,5,0,5
998501950,0,10,-10
998501970,45,1,44
998501971,0,62,-62
998501973,0,13,-13
998501974,7,183,-176
998501975,96,0,96
998501976,167,7,160
998501977,1,14,-13
998501978,4,0,4
998501979,0,7,-7
998501980,76,31,45
998501981,35,0,35
998501982,0,88,-88
998501983,0,5,-5
998502006,0,0,0
998502024,0,3,-3
998502032,0,6,-6
998502062,15,1,14
998502063,0,0,0
998502173,33,0,33
998502269,1,1,0
998502546,0,126,-126
998502578,1,3,-2
998502599,40,270,-230
998502621,0,1,-1
998601159,4,49,-45
998601292,0,5,-5
999033574,0,153,-153
999800001,26,0,26
999800002,0,4,-4
999800003,3,1,2
999800004,0,1,-1
999800005,0,2,-2
