ID,insum,outsum,diff
100000001,490,587,-97
100000002,3286,1229,2057
100000003,4518,2850,1668
100000004,978,705,273
100000005,1966,3461,-1495
100000006,1149,121,1028
100000007,1690,569,1121
100000008,408,454,-46
100000009,690,207,483
100000010,122,63,59
100000011,877,103,774
100000012,116,767,-651
100000013,319,192,127
100000014,670,307,363
100000015,1443,1739,-296
100000016,970,1096,-126
100000017,859,702,157
100000018,1605,626,979
100000019,3946,1779,2167
100000020,1563,4928,-3365
100000021,4134,2059,2075
100000022,1384,1656,-272
100000023,4443,1225,3218
100000025,1562,781,781
100000028,1626,947,679
100000029,196,210,-14
100000030,283,57,226
100000031,3666,5422,-1756
100000032,2433,2550,-117
100000033,771,1688,-917
100000034,484,418,66
100000035,1452,1125,327
100000036,2048,1111,937
100000037,644,447,197
100000038,1706,883,823
100000039,527,232,295
100000040,179,133,46
100000041,981,437,544
100000042,1038,454,584
100000043,867,478,389
100000044,433,760,-327
100000045,619,1106,-487
100000046,720,771,-51
100000047,300,590,-290
100000048,472,523,-51
100000049,1394,1692,-298
100000051,429,855,-426
100000053,264,5,259
100000054,660,46,614
100000055,1523,275,1248
100000056,526,399,127
100000057,1728,559,1169
100000058,893,1012,-119
100000059,14,119,-105
100000060,355,238,117
100000061,1937,407,1530
100000062,2134,543,1591
100000063,676,228,448
100000064,1428,368,1060
100000065,451,786,-335
100000066,166,562,-396
100000067,570,638,-68
100000068,545,1503,-958
100000069,329,1267,-938
100000072,433,734,-301
100000073,906,964,-58
100000075,635,385,250
100000076,2264,2230,34
100000077,437,142,295
100000078,23,51,-28
100000079,34,48,-14
100000080,39,55,-16
100000081,159,210,-51
100000102,2365,1614,751
100000103,4122,1199,2923
100000104,3610,2109,1501
100000105,3078,1219,1859
100000106,2074,1740,334
100000107,504,760,-256
100000108,655,827,-172
100000109,3063,1125,1938
100000116,1423,940,483
100000117,66,115,-49
100000118,1567,976,591
100000119,574,740,-166
100000121,324,413,-89
100000122,760,902,-142
100000123,2676,3163,-487
100000124,5997,4597,1400
100000125,2794,1095,1699
100000126,751,280,471
100000127,1404,328,1076
100000128,1911,1429,482
100000129,405,433,-28
100000130,414,458,-44
100000131,2296,2039,257
100000132,1000,2009,-1009
100000133,4880,2165,2715
100000135,618,1075,-457
100000139,421,328,93
100000140,348,275,73
100000142,469,604,-135
100000143,1218,567,651
100000144,3487,1011,2476
100000147,1022,2279,-1257
100000150,51,362,-311
100000151,908,897,11
100000153,221,294,-73
100000154,100,103,-3
100000155,21,62,-41
100000156,521,431,90
100000157,125,131,-6
100000158,298,127,171
100000159,470,488,-18
100000165,1484,775,709
100000169,310,414,-104
100000174,707,408,299
100000179,89,503,-414
100000180,1721,1392,329
100000181,574,211,363
100000188,65,215,-150
100000189,854,314,540
100000190,1023,833,190
100000191,752,540,212
100000192,44,104,-60
100000193,344,203,141
100000330,1436,727,709
100000355,219,581,-362
100000362,4277,2967,1310
100000363,3303,4230,-927
100000364,316,288,28
100000365,4913,5375,-462
100000366,6631,3090,3541
100000367,4959,5042,-83
100000368,3248,1536,1712
100000369,956,1455,-499
100000370,200,631,-431
100000376,159,159,0
100000379,1860,1115,745
100000380,4514,2768,1746
100000384,4753,3595,1158
100000385,3758,3265,493
100000386,8024,3843,4181
100000387,4912,4261,651
100000388,6665,4957,1708
100000389,5826,4725,1101
100000390,6578,4958,1620
100000391,5113,5579,-466
100000392,4066,3581,485
100000393,2967,3678,-711
100000394,8452,6905,1547
100000395,4966,3503,1463
100000396,9092,3625,5467
100000397,5529,5850,-321
100000398,10663,8278,2385
100000413,19,7,12
100900002,8,48,-40
100900003,250,179,71
100900004,27,611,-584
100900005,116,26,90
100900006,25,111,-86
100900007,370,13,357
100900008,1,340,-339
100900009,64,148,-84
100900010,81,92,-11
100900011,136,234,-98
100900012,2,215,-213
100900013,669,10,659
100900014,6,7,-1
100900015,72,78,-6
100900016,1,60,-59
100900017,577,78,499
100900018,0,30,-30
100900019,20,108,-88
100900020,312,14,298
100900021,370,1,369
100900022,14,27,-13
100900023,1,56,-55
100900024,571,4,567
100900025,7,22,-15
100900026,111,80,31
100900027,449,2210,-1761
100900028,104,150,-46
100900029,76,6,70
100900030,1,53,-52
100900031,678,61,617
100900032,194,0,194
100900033,199,158,41
100900034,543,4,539
100900035,392,1,391
100900036,11,1,10
100900037,85,178,-93
100900038,125,48,77
100900039,315,632,-317
100900040,515,629,-114
100900041,545,714,-169
100900042,1380,680,700
100900043,1,12,-11
100900044,1861,558,1303
100900045,60,3,57
100900046,960,13,947
100900047,686,128,558
100900048,121,40,81
100900049,63,149,-86
100900050,3,10,-7
100900051,26,60,-34
100900052,264,36,228
100900053,339,27,312
100900054,7,94,-87
100900055,175,545,-370
100900056,90,155,-65
100900057,622,1141,-519
100900058,155,62,93
100900059,104,11,93
100900060,140,2,138
100900061,381,200,181
100900062,1,46,-45
100900063,179,589,-410
100900064,610,15,595
100900065,70,89,-19
100900066,105,207,-102
100900067,6,5,1
100900068,227,98,129
100900069,435,5,430
100900070,289,5,284
100900071,761,223,538
100900072,2,38,-36
100900073,126,427,-301
100900074,16,12,4
100900075,1347,298,1049
100900076,18,40,-22
100900077,35,97,-62
100900078,70,247,-177
100900079,8,26,-18
100900080,58,163,-105
100900081,42,107,-65
100900082,101,562,-461
100900083,9,29,-20
100900085,16,171,-155
100900086,118,591,-473
100900088,120,493,-373
100900089,3,26,-23
100900090,121,361,-240
100900091,5,31,-26
100900092,190,184,6
100900093,192,251,-59
100900094,92,424,-332
100900095,8,38,-30
100900096,56,78,-22
100900097,2,5,-3
100900098,26,32,-6
100900099,51,459,-408
100900100,11,412,-401
100900101,275,48,227
100900102,98,54,44
100900103,19,29,-10
100900104,4,164,-160
100900105,29,679,-650
100900106,41,4,37
100900107,1488,652,836
100900108,2,20,-18
100900109,26,40,-14
100900110,5,31,-26
100900111,63,155,-92
100900112,6,20,-14
100900113,11,15,-4
100900114,31,37,-6
100900115,0,24,-24
100900116,648,469,179
100900117,286,601,-315
100900118,15,34,-19
100900119,18,26,-8
100900120,6,3,3
100900121,217,425,-208
100900122,156,186,-30
100900123,74,229,-155
100900124,34,7,27
100900125,19,72,-53
100900126,156,340,-184
100900127,7,8,-1
100900128,72,127,-55
100900129,0,124,-124
100900131,81,220,-139
100900133,51,42,9
100900134,8,10,-2
100900135,2,141,-139
100900137,350,174,176
100900138,535,454,81
100900139,5,10,-5
100900140,4,434,-430
100900141,4,333,-329
100900142,1,5,-4
100900143,877,339,538
100900144,27,4,23
100900145,334,189,145
100900146,2,40,-38
100900147,18,236,-218
100900148,26,559,-533
100900149,37,213,-176
100900150,2,31,-29
100900151,154,414,-260
100900152,127,4,123
100900153,8,116,-108
100900154,5,55,-50
100900155,18,21,-3
100900156,22,5,17
100900157,5,154,-149
100900159,2,17,-15
100900160,38,12,26
100900161,74,4,70
100900162,17,219,-202
100900163,222,211,11
100900164,56,57,-1
100900165,10,21,-11
100900166,23,6,17
100900167,8,72,-64
100900168,39,109,-70
100900169,142,746,-604
100900170,37,7,30
100900171,24,451,-427
100900172,1,18,-17
100900173,12,330,-318
100900174,304,35,269
100900176,1497,124,1373
100900177,616,203,413
100900178,221,138,83
100900179,138,176,-38
100900180,36,3,33
100900181,110,65,45
100900182,36,20,16
100900184,9,155,-146
100900186,616,425,191
100900187,8,107,-99
100900188,26,2,24
100900189,834,188,646
100900191,1060,860,200
100900192,349,328,21
100900195,71,127,-56
100900197,35,48,-13
100900198,23,193,-170
100900199,6,13,-7
100900200,542,387,155
100900201,40,456,-416
100900202,81,1,80
100900203,0,132,-132
100900204,252,406,-154
100900205,140,402,-262
100900206,125,58,67
100900207,151,149,2
100900210,77,409,-332
100900211,367,143,224
100900213,72,41,31
100900214,723,122,601
100900215,21,54,-33
100900217,167,105,62
101000001,2979,1879,1100
101000002,3811,3656,155
101000003,469,1082,-613
101000004,6655,5636,1019
101000005,1741,2721,-980
101000006,5866,5090,776
101000007,2058,2431,-373
101000008,3312,2363,949
101000009,1711,1389,322
101000010,870,1155,-285
101000011,1277,612,665
101000012,1514,766,748
101000013,694,964,-270
101000014,487,645,-158
101000015,1003,760,243
101000016,342,271,71
101000017,591,403,188
101000018,3762,1904,1858
101000020,3950,1328,2622
101000021,753,320,433
101000022,103,42,61
101000023,1615,581,1034
101000025,244,336,-92
101000026,315,10,305
101000027,1751,1926,-175
101000028,1004,191,813
101000029,171,1182,-1011
101000030,1642,114,1528
101000031,705,395,310
101000032,7702,3943,3759
101000033,2536,2608,-72
101000034,2140,1223,917
101000035,756,368,388
101000036,2005,833,1172
101000037,3459,1473,1986
101000039,2758,1949,809
101000040,3654,2936,718
101000041,9623,6344,3279
101000042,533,1101,-568
101000043,7442,5329,2113
101000045,1562,988,574
101000046,3538,1243,2295
101000047,2221,2458,-237
101000048,620,546,74
101000049,627,1390,-763
101000050,1772,1442,330
101000051,1892,1981,-89
101000052,1561,816,745
101000053,1062,1236,-174
101000054,1571,1089,482
101000055,1226,1206,20
101000056,52,75,-23
101000057,2311,901,1410
101000058,1332,880,452
101000059,2596,1824,772
101000060,1999,542,1457
101000061,857,1219,-362
101000062,883,650,233
101000063,736,863,-127
101000064,1454,1016,438
101000065,436,405,31
101000066,1218,806,412
101000067,1708,968,740
101000068,396,441,-45
101000069,377,94,283
101000070,1658,883,775
101000071,1798,890,908
101000072,725,2295,-1570
101000073,880,863,17
101000074,5539,2768,2771
101000075,4566,4211,355
101000077,1367,983,384
101000078,993,1948,-955
101000079,854,350,504
101000080,896,415,481
101000081,1745,1414,331
101000082,3348,3011,337
101000083,2528,2222,306
101000084,1479,902,577
101000085,1420,1270,150
101000086,1070,1005,65
101000087,882,959,-77
101000088,953,1113,-160
101000089,915,1331,-416
101000090,1808,1231,577
101000091,437,872,-435
101000092,752,1010,-258
101000093,1273,769,504
101000094,821,903,-82
101000095,400,502,-102
101000096,333,521,-188
101000097,391,425,-34
101000098,357,429,-72
101000099,995,893,102
101000100,726,678,48
101000101,291,351,-60
101000102,942,482,460
101000103,854,514,340
101000104,361,590,-229
101000105,542,375,167
101000106,700,629,71
101000107,243,292,-49
101000108,775,316,459
101000109,291,73,218
101000110,41,478,-437
101000111,95,199,-104
101000113,180,525,-345
101000114,7558,4596,2962
101000115,208,145,63
101000116,220,99,121
101000117,1048,323,725
101000119,65,42,23
101000120,165,34,131
101000121,89,37,52
101000122,164,102,62
101000123,59,115,-56
101000124,663,195,468
101000125,314,503,-189
101000128,414,303,111
101000130,208,291,-83
101000131,619,503,116
101000132,544,878,-334
101000135,88,50,38
101000136,526,177,349
101000137,33,320,-287
101000141,1516,2227,-711
101000147,920,486,434
101000148,1154,7,1147
101000149,387,477,-90
101000150,80,654,-574
101000151,187,56,131
101000152,342,358,-16
101000153,742,320,422
101000154,217,973,-756
101000155,202,128,74
101000156,20,303,-283
101000157,42,21,21
101000160,82,49,33
101000163,246,305,-59
101000164,503,296,207
101000165,259,376,-117
101000166,289,372,-83
101000168,700,429,271
101000252,1773,985,788
101000254,426,90,336
101000258,58,8,50
101000261,184,17,167
101000262,918,1487,-569
101000263,268,741,-473
101000265,110,607,-497
101000266,344,262,82
101000269,33,10,23
101000290,1003,2060,-1057
101000293,28,79,-51
101000294,521,390,131
101000295,127,433,-306
101000301,777,362,415
101000304,1722,2359,-637
101000305,2843,1235,1608
101000328,108,285,-177
101900001,19,85,-66
101900002,0,12,-12
101900003,61,82,-21
101900004,8,59,-51
101900005,3422,1672,1750
101900006,878,49,829
101900007,656,137,519
101900008,66,222,-156
101900009,31,338,-307
101900010,1033,697,336
101900011,215,925,-710
101900012,133,200,-67
101900013,859,216,643
101900017,25,188,-163
101900018,1067,262,805
101900019,250,126,124
101900020,83,62,21
101900021,0,39,-39
101900022,210,959,-749
101900023,185,206,-21
101900026,141,46,95
101900027,24,101,-77
102000001,1960,3427,-1467
102000002,3009,1143,1866
102000003,2805,5491,-2686
102000004,6001,2617,3384
102000005,1347,1682,-335
102000006,1198,1501,-303
102000007,1293,3287,-1994
102000008,3863,1305,2558
102000009,4725,6043,-1318
102000010,5065,2899,2166
102000011,3270,2424,846
102000012,3084,2758,326
102000018,2608,2339,269
102000019,2079,1327,752
102000026,194,453,-259
102000029,312,255,57
102000030,111,266,-155
102000031,68,167,-99
102000032,361,295,66
102000033,237,363,-126
102000034,402,320,82
102000035,924,580,344
102000036,12,228,-216
102000037,152,46,106
102000038,189,303,-114
102000039,252,75,177
102000040,439,242,197
102000041,220,371,-151
102000042,188,220,-32
102000043,360,183,177
102000044,344,375,-31
102000045,788,852,-64
102000046,915,546,369
102000047,734,962,-228
102000048,244,665,-421
102000049,971,691,280
102000050,1016,1183,-167
102000051,444,671,-227
102000052,1237,723,514
102000053,779,896,-117
102000054,480,825,-345
102000055,1017,663,354
102000056,579,940,-361
102000057,1237,456,781
102000058,1029,1367,-338
102000059,1522,1232,290
102000060,1064,955,109
102000061,1241,1695,-454
102000062,1373,1094,279
102000063,1123,1302,-179
102000064,604,704,-100
102000065,41,116,-75
102000066,909,672,237
102000067,1613,2353,-740
102000068,7313,2332,4981
102000069,58,1439,-1381
102000070,1762,48,1714
102000071,6380,7386,-1006
102000072,3049,3363,-314
102000073,900,853,47
102000074,581,778,-197
102000075,137,330,-193
102000076,193,444,-251
102000077,476,995,-519
102000078,783,904,-121
102000079,170,272,-102
102000080,258,214,44
102000081,315,745,-430
102000082,689,304,385
102000083,460,306,154
102000084,194,319,-125
102000085,1322,982,340
102000086,903,883,20
102000087,734,1470,-736
102000088,276,242,34
102000089,1013,367,646
102000090,393,945,-552
102000091,1113,434,679
102000092,339,629,-290
102000093,686,738,-52
102000094,947,628,319
102000095,962,964,-2
102000096,609,686,-77
102000097,711,638,73
102000098,591,664,-73
102000099,728,713,15
102000100,805,1126,-321
102000101,1119,728,391
102000102,387,1292,-905
102000103,1121,366,755
102000104,670,302,368
102000105,214,611,-397
102000106,760,637,123
102000107,979,586,393
102000108,728,191,537
102000109,461,566,-105
102000110,1021,1297,-276
102000111,26,253,-227
102000112,293,161,132
102000113,28,42,-14
102000114,826,402,424
102000115,237,295,-58
102000116,377,360,17
102000117,300,414,-114
102000118,1254,970,284
102000119,1816,702,1114
102000120,229,397,-168
102000121,835,418,417
102000122,493,780,-287
102000123,1048,911,137
102000124,879,1025,-146
102000125,742,751,-9
102000126,670,764,-94
102000127,1066,572,494
102000128,616,810,-194
102000129,1330,683,647
102000130,624,595,29
102000131,1066,489,577
102000132,381,487,-106
102000133,1529,1556,-27
102000134,644,705,-61
102000135,653,746,-93
102000136,853,526,327
102000137,714,682,32
102000138,228,304,-76
102000139,110,336,-226
102000140,328,390,-62
102000141,252,429,-177
102000142,311,371,-60
102000143,131,419,-288
102000144,243,398,-155
102000145,434,495,-61
102000146,424,288,136
102000147,443,370,73
102000148,220,433,-213
102000149,122,353,-231
102000150,284,95,189
102000151,106,308,-202
102000152,137,117,20
102000153,1269,577,692
102000154,316,689,-373
102000155,119,330,-211
102000156,376,108,268
102000157,129,320,-191
102000158,679,579,100
102000159,848,400,448
102000161,3221,1945,1276
102000162,182,165,17
102000163,95,457,-362
102000164,955,837,118
102000165,343,161,182
102000166,114,145,-31
102000167,298,216,82
102000168,287,149,138
102000169,116,393,-277
102000170,465,182,283
102000171,176,143,33
102000172,91,253,-162
102000173,384,209,175
102000174,62,79,-17
102000175,188,85,103
102000176,65,30,35
102000178,302,413,-111
102000179,314,241,73
102000180,977,460,517
102000181,573,580,-7
102000182,508,504,4
102000183,1629,1736,-107
102000184,1819,805,1014
102000185,2309,1397,912
102000186,1035,1887,-852
102000187,888,1495,-607
102000188,1116,1266,-150
102000189,1959,751,1208
102000190,487,2247,-1760
102000191,1140,491,649
102000192,927,1343,-416
102000193,53,132,-79
102000194,55,101,-46
102000195,369,430,-61
102000196,193,363,-170
102000197,628,365,263
102000198,247,761,-514
102000199,1149,291,858
102000200,276,933,-657
102000201,891,392,499
102000202,15,75,-60
102000203,324,175,149
102000204,346,541,-195
102000205,889,338,551
102000206,541,552,-11
102000207,1009,465,544
102000208,477,500,-23
102000209,196,58,138
102000210,300,413,-113
102000211,623,236,387
102000212,367,5,362
102000213,9,250,-241
102000214,216,7,209
102000215,12,387,-375
102000216,56,66,-10
102000217,9,140,-131
102000218,294,212,82
102000219,484,273,211
102000225,641,477,164
102000226,2277,909,1368
102000227,132,1,131
102000228,0,90,-90
102000229,32,48,-16
102000230,239,360,-121
102000231,278,378,-100
102000232,22,152,-130
102000233,341,569,-228
102000234,113,1064,-951
102000236,255,70,185
102000237,569,149,420
102000238,166,193,-27
102000240,562,608,-46
102000241,186,121,65
102000243,22,57,-35
102000245,25,125,-100
102000246,20,41,-21
102000247,1135,994,141
102000248,735,1202,-467
102000249,153,128,25
102000250,84,416,-332
102000254,77,290,-213
102000266,32,278,-246
102000271,26,2,24
102000286,357,415,-58
102000297,1638,937,701
102000301,0,0,0
102000303,0,0,0
102000305,0,0,0
102000307,0,9,-9
102900001,1008,842,166
102900002,412,53,359
102900003,67,236,-169
102900005,310,266,44
102900006,423,127,296
102900007,489,37,452
102900008,178,50,128
102900009,602,234,368
102900010,615,700,-85
102900011,1678,241,1437
102900012,358,77,281
102900013,24,84,-60
102900015,605,422,183
102900016,57,113,-56
102900017,161,615,-454
102900018,37,150,-113
102900019,418,325,93
102900020,136,29,107
102900021,23,111,-88
102900022,738,187,551
102900023,29,51,-22
102900024,51,43,8
102900025,272,135,137
102900026,370,1422,-1052
102900027,65,57,8
102900028,148,612,-464
102900029,164,158,6
102900030,417,268,149
102900031,163,187,-24
102900032,73,106,-33
102900033,95,225,-130
102900034,382,108,274
102900035,93,310,-217
102900036,273,533,-260
102900037,368,522,-154
102900038,480,445,35
102900039,91,385,-294
102900040,153,231,-78
102900041,44,146,-102
102900042,144,271,-127
102900043,104,227,-123
102900044,466,1818,-1352
102900045,137,558,-421
102900046,150,257,-107
102900047,75,570,-495
102900048,525,515,10
102900049,125,334,-209
102900050,256,289,-33
102900051,203,182,21
102900053,389,535,-146
102900054,672,867,-195
102900055,62,159,-97
102900056,122,360,-238
102900057,11,66,-55
102900058,311,94,217
102900059,26,74,-48
102900060,121,390,-269
102900061,265,484,-219
102900062,200,970,-770
102900063,925,446,479
102900064,129,354,-225
102900065,1488,537,951
102900066,311,32,279
102900068,132,102,30
102900070,202,436,-234
102900072,24,40,-16
102900073,223,18,205
102900075,46,64,-18
102900076,148,119,29
102900077,90,44,46
102900078,37,84,-47
102900079,171,17,154
102900080,293,49,244
102900081,95,265,-170
102900082,16,204,-188
102900083,221,17,204
102900084,4,34,-30
102900085,422,168,254
102900086,25,63,-38
102900087,124,76,48
102900088,56,27,29
102900089,262,131,131
102900090,1,368,-367
102900091,141,1,140
102900092,292,773,-481
102900094,0,90,-90
102900095,97,2,95
102900096,42,19,23
102900097,147,303,-156
103000001,2000,2453,-453
103000002,1831,2348,-517
103000003,2953,2498,455
103000004,968,708,260
103000005,1550,2495,-945
103000006,660,1348,-688
103000007,442,665,-223
103000008,979,677,302
103000009,900,923,-23
103000010,268,133,135
103000011,1557,1361,196
103000012,1110,1434,-324
103000013,3046,1773,1273
103000014,1280,2020,-740
103000015,1552,635,917
103000016,545,1199,-654
103000017,162,311,-149
103000018,662,443,219
103000019,271,231,40
103000020,2279,1313,966
103000021,1878,1822,56
103000022,1287,1364,-77
103000023,605,1560,-955
103000024,99,222,-123
103000025,115,446,-331
103000026,1267,163,1104
103000027,362,395,-33
103000028,337,349,-12
103000029,263,226,37
103000030,1504,879,625
103000031,1188,1409,-221
103000032,2432,1776,656
103000033,2558,2509,49
103000034,1391,1136,255
103000035,345,1176,-831
103000036,342,530,-188
103000037,584,492,92
103000038,446,907,-461
103000039,408,385,23
103000040,394,924,-530
103000041,1787,2232,-445
103000042,1041,485,556
103000043,558,870,-312
103000044,283,200,83
103000046,267,415,-148
103000047,558,616,-58
103000048,175,172,3
103000049,125,193,-68
103000050,571,443,128
103000051,373,475,-102
103000052,668,311,357
103000053,141,541,-400
103000054,2543,1632,911
103000055,2034,2275,-241
103000056,602,1770,-1168
103000057,468,263,205
103000058,475,843,-368
103000059,350,717,-367
103000060,742,552,190
103000061,333,948,-615
103000062,927,566,361
103000063,653,819,-166
103000064,161,151,10
103000065,8,507,-499
103000066,238,15,223
103000069,565,425,140
103000070,1185,844,341
103000071,952,488,464
103000072,105,620,-515
103000073,414,104,310
103000074,473,97,376
103000075,93,558,-465
103000076,267,286,-19
103000077,45,319,-274
103000078,1003,503,500
103000079,760,687,73
103000080,1196,367,829
103000081,450,1144,-694
103000082,472,235,237
103000083,89,317,-228
103000084,144,6,138
103000085,2,161,-159
103000086,702,317,385
103000087,133,508,-375
103000088,310,332,-22
103000089,256,340,-84
103000090,1485,723,762
103000091,535,383,152
103000092,200,287,-87
103000093,269,402,-133
103000094,173,94,79
103000095,61,309,-248
103000096,648,71,577
103000097,81,632,-551
103000098,815,183,632
103000099,323,588,-265
103000100,88,629,-541
103000101,630,114,516
103000102,87,612,-525
103000103,548,181,367
103000104,51,98,-47
103000105,99,95,4
103000106,8,100,-92
103000107,243,67,176
103000108,667,608,59
103000109,380,368,12
103000110,435,423,12
103000111,442,416,26
103000112,350,193,157
103000113,657,599,58
103000114,1260,426,834
103000115,447,491,-44
103000116,500,436,64
103000117,312,445,-133
103000118,811,717,94
103000119,1149,619,530
103000120,76,112,-36
103000121,643,1041,-398
103000122,555,823,-268
103000125,12,258,-246
103000126,537,5,532
103000127,0,170,-170
103000128,178,6,172
103000129,2,120,-118
103000130,69,35,34
103000131,122,74,48
103000132,109,144,-35
103000133,11,78,-67
103000134,615,610,5
103000135,496,304,192
103000136,686,441,245
103000137,484,541,-57
103000138,796,680,116
103000139,2,60,-58
103000140,109,29,80
103000141,83,120,-37
103000142,212,93,119
103000143,71,197,-126
103000144,164,81,83
103000145,34,83,-49
103000150,118,57,61
103000152,204,323,-119
103000153,241,150,91
103000156,3,345,-342
103000157,341,13,328
103000159,108,35,73
103000162,117,47,70
103000163,19,80,-61
103000164,36,22,14
103000165,90,254,-164
103000166,200,243,-43
103000167,130,120,10
103000168,86,175,-89
103000169,175,348,-173
103000170,632,437,195
103000171,71,87,-16
103000172,437,409,28
103000173,428,515,-87
103000174,160,390,-230
103000175,299,244,55
103000176,751,544,207
103000177,476,407,69
103000178,271,305,-34
103000179,222,48,174
103000183,97,18,79
103000185,84,64,20
103000186,78,211,-133
103000187,461,377,84
103000188,17,66,-49
103000189,760,765,-5
103000191,460,405,55
103000292,1470,1355,115
103000293,888,1518,-630
103000295,82,105,-23
103000296,327,4,323
103000297,4,12,-8
103000504,88,22,66
103000505,8,11,-3
103000506,2,306,-304
103000507,262,6,256
103000508,71,47,24
103000509,220,550,-330
103900001,10,151,-141
103900002,1148,166,982
103900003,1193,266,927
103900004,163,0,163
103900005,2,200,-198
103900006,23,26,-3
103900007,66,10,56
103900008,17,1,16
103900009,223,502,-279
103900010,106,327,-221
103900011,244,181,63
103900012,7,18,-11
103900013,40,71,-31
103900014,65,22,43
103900015,51,20,31
103900016,282,185,97
103900017,37,88,-51
103900018,742,181,561
103900019,101,285,-184
103900020,211,392,-181
103900021,365,121,244
103900022,1012,678,334
103900023,131,0,131
103900024,63,283,-220
103900025,12,43,-31
103900026,54,0,54
103900027,732,266,466
103900028,15,268,-253
103900029,1061,194,867
103900030,255,74,181
103900031,20,1,19
103900032,75,58,17
103900033,93,17,76
103900034,29,149,-120
103900035,47,33,14
103900036,34,29,5
103900037,63,48,15
103900038,81,178,-97
103900039,51,327,-276
103900040,10,123,-113
103900041,36,56,-20
103900042,60,357,-297
103900043,124,69,55
103900044,118,186,-68
103900045,324,156,168
103900047,61,21,40
103900048,112,40,72
103900049,256,999,-743
103900050,18,88,-70
103900051,6,36,-30
103900052,197,362,-165
103900053,143,561,-418
103900054,139,365,-226
103900055,387,223,164
103900056,80,72,8
103900057,34,169,-135
103900058,175,674,-499
103900059,3,33,-30
103900060,51,190,-139
103900061,149,57,92
103900062,225,76,149
103900063,2,0,2
103900064,101,8,93
103900065,878,365,513
103900066,120,17,103
103900067,155,12,143
103900068,7,0,7
103900069,40,43,-3
103900070,148,185,-37
103900071,18,104,-86
103900072,19,207,-188
103900073,28,33,-5
103900074,86,73,13
103900075,156,78,78
103900076,409,431,-22
103900077,46,80,-34
103900078,213,103,110
103900079,167,154,13
103900080,6,31,-25
103900081,152,48,104
103900082,6,107,-101
103900083,1306,767,539
103900084,50,91,-41
103900085,70,133,-63
103900086,471,306,165
103900088,384,499,-115
103900089,64,135,-71
103900090,1,98,-97
103900091,1256,303,953
103900092,458,296,162
103900093,99,274,-175
103900094,14,111,-97
103900095,254,211,43
103900096,26,185,-159
103900097,7,433,-426
103900098,220,104,116
103900099,53,156,-103
103900100,147,390,-243
103900101,150,992,-842
103900102,3,44,-41
103900104,2,26,-24
103900105,130,205,-75
103900106,0,102,-102
103900107,98,178,-80
103900108,80,266,-186
103900109,121,78,43
103900110,171,33,138
103900111,73,581,-508
103900112,47,105,-58
103900113,116,254,-138
103900114,275,314,-39
103900115,223,163,60
103900116,5048,2560,2488
103900117,129,81,48
103900119,22,87,-65
103900120,51,105,-54
103900122,69,232,-163
103900123,1468,582,886
103900124,75,428,-353
103900125,98,77,21
103900126,366,391,-25
103900127,171,335,-164
103900128,129,124,5
103900131,46,111,-65
103900133,863,46,817
103900134,4,4,0
103900135,20,14,6
103900137,0,27,-27
103900138,66,192,-126
103900139,331,1242,-911
103900140,14,113,-99
103900141,225,70,155
103900142,117,114,3
103900143,47,1,46
103900144,1,60,-59
103900145,138,195,-57
103900146,197,217,-20
103900147,259,102,157
103900148,152,225,-73
103900149,243,578,-335
103900150,4896,2993,1903
103900151,39,116,-77
103900152,410,437,-27
103900153,11,2,9
103900154,730,1257,-527
103900155,50,233,-183
103900156,49,173,-124
103900157,27,198,-171
103900158,87,176,-89
103900159,123,56,67
103900160,80,40,40
103900161,83,175,-92
103900162,47,127,-80
103900163,11,485,-474
103900167,21,102,-81
103900168,80,90,-10
103900169,73,50,23
103900170,5,101,-96
103900171,3,52,-49
103900172,5,25,-20
103900173,4,17,-13
103900174,123,54,69
103900175,55,50,5
103900176,6,36,-30
103900177,14,88,-74
103900178,54,48,6
103900179,64,110,-46
103900180,9,100,-91
103900181,44,32,12
103900182,59,16,43
103900184,454,90,364
103900185,155,273,-118
103900187,25,58,-33
103900188,40,16,24
103900189,100,15,85
103900190,62,35,27
103900191,26,42,-16
103900192,27,119,-92
103900193,128,186,-58
103900194,54,279,-225
103900195,8,69,-61
103900196,39,49,-10
103900197,14,24,-10
103900198,23,37,-14
103900199,100,51,49
103900200,178,135,43
103900201,110,144,-34
103900202,19,53,-34
103900203,30,24,6
103900204,0,105,-105
103900207,3,108,-105
103900208,65,0,65
103900209,4,103,-99
103900210,41,22,19
103900211,401,296,105
103900212,100,303,-203
103900213,82,217,-135
103900214,257,187,70
103900215,587,341,246
103900216,13,349,-336
103900217,305,21,284
103900218,5,345,-340
103900219,143,249,-106
103900233,41,1,40
103900235,28,11,17
103900236,24,8,16
103900242,11,31,-20
103900243,11,8,3
103900244,92,235,-143
103900245,99,218,-119
103900246,33,40,-7
103900247,40,100,-60
103900248,15,69,-54
103900249,14,61,-47
103900250,24,20,4
103900251,0,27,-27
103900253,17,82,-65
103900254,13,10,3
103900255,8,18,-10
103900256,14,15,-1
103900257,150,92,58
103900258,35,4,31
103900259,67,7,60
103900261,14,7,7
103900262,14,6,8
103900263,44,50,-6
103900264,73,49,24
103900265,126,24,102
103900266,2,102,-100
103900267,11,97,-86
103900268,26,94,-68
103900269,130,44,86
103900270,53,173,-120
103900271,63,137,-74
103900272,57,65,-8
103900273,22,44,-22
103900274,64,7,57
103900275,42,8,34
103900276,11,58,-47
103900277,2,52,-50
103900278,12,27,-15
103900279,0,13,-13
103900280,2,90,-88
104000001,1342,1372,-30
104000002,1349,2362,-1013
104000003,1910,1863,47
104000004,2322,2355,-33
104000005,1237,1554,-317
104000006,2630,2422,208
104000007,3554,3700,-146
104000008,157,177,-20
104000009,191,100,91
104000010,165,242,-77
104000011,440,320,120
104000012,137,335,-198
104000013,196,163,33
104000014,183,668,-485
104000015,271,134,137
104000016,613,485,128
104000018,675,165,510
104000019,499,181,318
104000020,168,676,-508
104000021,260,696,-436
104000022,132,271,-139
104000023,658,276,382
104000024,260,310,-50
104000026,40,342,-302
104000027,222,259,-37
104000028,297,219,78
104000029,313,483,-170
104000030,182,179,3
104000031,1064,407,657
104000032,193,308,-115
104000033,500,483,17
104000034,249,290,-41
104000035,668,370,298
104000036,507,495,12
104000037,298,207,91
104000038,387,268,119
104000039,176,250,-74
104000040,325,402,-77
104000041,677,310,367
104000042,184,324,-140
104000043,207,352,-145
104000044,246,579,-333
104000045,907,1101,-194
104000046,992,1443,-451
104000047,690,1134,-444
104000048,931,1479,-548
104000049,414,282,132
104000050,184,485,-301
104000051,86,486,-400
104000052,1201,1192,9
104000053,910,478,432
104000054,393,360,33
104000055,3271,1953,1318
104000056,1741,253,1488
104000057,182,474,-292
104000058,679,647,32
104000059,473,940,-467
104000060,785,1054,-269
104000061,1090,931,159
104000062,417,168,249
104000064,291,185,106
104000065,281,549,-268
104000069,422,391,31
104000070,85,402,-317
104000071,249,465,-216
104000072,625,283,342
104000075,51,256,-205
104000076,431,76,355
104000082,1800,2448,-648
104000083,724,163,561
104000084,150,520,-370
104000085,270,255,15
104000086,188,385,-197
104000087,490,1391,-901
104000090,602,1034,-432
104000092,936,1942,-1006
104000094,796,1338,-542
104000095,1496,1217,279
104000096,1063,101,962
104000097,1269,783,486
104000098,1835,955,880
104000100,1291,556,735
104000101,1129,1434,-305
104000106,134,598,-464
104000107,594,455,139
104000108,223,392,-169
104000109,308,70,238
104000110,775,936,-161
104000111,3174,1577,1597
104000112,1947,579,1368
104000116,4,910,-906
104000117,131,571,-440
104000118,463,218,245
104000119,428,267,161
104000120,243,558,-315
104000121,179,661,-482
104000122,572,748,-176
104000123,583,902,-319
104000124,917,1721,-804
104000125,2650,3227,-577
104000126,376,330,46
104000127,1232,2937,-1705
104000128,566,437,129
104000129,297,36,261
104000130,10,193,-183
104000131,630,484,146
104000132,498,547,-49
104000133,1181,720,461
104000134,870,1345,-475
104000135,417,1394,-977
104000136,741,3138,-2397
104000137,1326,353,973
104000138,754,244,510
104000139,5496,2514,2982
104000141,919,1194,-275
104000142,576,699,-123
104000143,528,661,-133
104000144,81,175,-94
104000145,339,206,133
104000146,307,517,-210
104000147,143,282,-139
104000148,302,144,158
104000149,157,280,-123
104000150,838,422,416
104000151,320,429,-109
104000152,442,527,-85
104000153,409,459,-50
104000154,1056,624,432
104000155,401,555,-154
104000157,821,1332,-511
104000158,300,388,-88
104000159,626,431,195
104000160,1483,1591,-108
104000161,178,174,4
104000162,103,144,-41
104000165,1086,906,180
104000167,537,820,-283
104000168,351,8,343
104000169,76,37,39
104000170,445,404,41
104000248,292,516,-224
104000251,47,210,-163
104000272,0,0,0
104000273,0,0,0
104000274,0,0,0
104000275,0,0,0
104000279,606,413,193
104000290,84,259,-175
104000291,572,938,-366
104000293,644,658,-14
104000294,34,0,34
104000295,501,615,-114
104000296,386,671,-285
104000297,682,1569,-887
104000298,1562,791,771
104000299,620,1267,-647
104000302,123,129,-6
104000303,135,111,24
104900001,150,337,-187
104900002,27,136,-109
104900003,66,287,-221
104900004,77,268,-191
104900005,164,210,-46
104900006,269,108,161
104900007,178,159,19
104900009,111,219,-108
104900010,49,44,5
104900011,53,3,50
104900012,200,24,176
104900013,109,14,95
104900014,1239,220,1019
104900015,100,2,98
104900016,161,189,-28
104900017,129,144,-15
104900018,2,168,-166
104900019,269,1878,-1609
104900020,42,205,-163
104900021,2,155,-153
104900022,8,113,-105
104900023,3,93,-90
104900024,24,94,-70
104900025,60,197,-137
104900026,3,115,-112
104900027,327,257,70
104900028,26,68,-42
104900029,48,94,-46
104900030,362,182,180
104900031,79,164,-85
104900032,41,83,-42
104900033,135,258,-123
104900034,267,133,134
104900035,250,169,81
104900036,194,104,90
104900037,83,232,-149
104900038,325,549,-224
104900039,745,327,418
104900040,421,137,284
104900041,259,192,67
104900042,93,189,-96
104900043,28,153,-125
104900044,469,231,238
104900045,424,51,373
104900046,109,76,33
104900047,260,140,120
104900048,196,81,115
104900049,36,35,1
104900050,239,61,178
104900051,249,42,207
104900052,45,1,44
104900053,352,73,279
104900054,116,18,98
104900055,92,1,91
104900056,161,20,141
104900057,23,1,22
104900058,488,146,342
104900059,236,87,149
104900060,105,276,-171
104900061,190,397,-207
104900063,13,91,-78
104900064,0,88,-88
104900065,2,134,-132
104900066,1,115,-114
104900067,1,197,-196
104900068,13,152,-139
104900070,144,221,-77
104900071,0,374,-374
104900072,37,254,-217
104900073,47,127,-80
104900074,27,197,-170
104900075,59,28,31
104900076,53,245,-192
104900077,594,222,372
104900078,152,416,-264
104900079,105,318,-213
104900080,78,465,-387
104900082,17,374,-357
104900085,41,180,-139
104900087,279,2,277
104900089,127,1,126
104900090,593,528,65
104900091,733,428,305
104900093,221,410,-189
104900097,2000,1573,427
104900098,67,35,32
104900099,116,432,-316
104900100,359,175,184
104900102,31,104,-73
104900103,339,53,286
104900104,2142,1365,777
104900106,84,109,-25
104900107,100,182,-82
104900108,26,162,-136
104900109,82,155,-73
104900110,5,57,-52
104900111,93,71,22
104900112,201,569,-368
104900113,502,283,219
104900114,264,366,-102
104900115,526,378,148
104900116,169,185,-16
104900118,31,62,-31
104900119,4,38,-34
104900120,93,236,-143
104900121,1,86,-85
104900122,9,116,-107
104900123,38,4,34
104900124,45,0,45
104900125,285,11,274
104900126,69,41,28
104900127,31,51,-20
104900128,101,71,30
104900129,1253,1237,16
105000001,1314,956,358
105000002,2188,1271,917
105000003,3463,3196,267
105000004,428,852,-424
105000005,1036,988,48
105000006,1221,1530,-309
105000007,1038,1118,-80
105000008,1715,2121,-406
105000009,1749,2493,-744
105000010,2918,2063,855
105000011,2860,2130,730
105000012,3546,2903,643
105000013,868,919,-51
105000014,1524,2064,-540
105000015,8080,11336,-3256
105000016,2804,1829,975
105000017,1606,819,787
105000018,1174,1163,11
105000019,1339,719,620
105000020,202,357,-155
105000021,261,90,171
105000022,308,91,217
105000023,578,450,128
105000028,84,146,-62
105000029,553,1019,-466
105000030,3636,2646,990
105000031,2,48,-46
105000033,912,1808,-896
105000034,131,786,-655
105000037,626,278,348
105000038,1539,1292,247
105000039,2259,1496,763
105000040,875,881,-6
105000041,496,1150,-654
105000042,2659,1343,1316
105000043,1665,1844,-179
105000044,494,399,95
105000045,287,718,-431
105000046,865,351,514
105000047,406,1281,-875
105000048,422,188,234
105000049,286,532,-246
105000050,604,313,291
105000051,149,416,-267
105000052,530,715,-185
105000053,107,139,-32
105000054,358,789,-431
105000055,829,296,533
105000056,1530,1747,-217
105000057,1601,664,937
105000058,1144,1155,-11
105000059,566,532,34
105000060,411,572,-161
105000061,451,478,-27
105000062,545,728,-183
105000063,285,426,-141
105000064,1102,762,340
105000065,335,624,-289
105000066,974,1383,-409
105000067,1002,725,277
105000068,485,842,-357
105000069,1582,1271,311
105000070,616,786,-170
105000071,248,600,-352
105000072,973,1592,-619
105000073,795,473,322
105000074,1032,838,194
105000075,499,782,-283
105000076,1180,930,250
105000077,2347,988,1359
105000078,1212,1288,-76
105000079,1171,2651,-1480
105000080,1500,1202,298
105000081,3688,2067,1621
105000082,1201,1940,-739
105000083,5507,3742,1765
105000084,1973,1036,937
105000085,1649,1895,-246
105000086,591,920,-329
105000087,1125,1578,-453
105000088,1427,1376,51
105000089,2405,1895,510
105000090,970,706,264
105000091,1145,1367,-222
105000092,642,815,-173
105000093,280,259,21
105000094,263,186,77
105000095,104,461,-357
105000096,1165,923,242
105000097,1233,850,383
105000098,758,620,138
105000099,964,656,308
105000100,1006,885,121
105000101,1814,1724,90
105000102,1257,1130,127
105000103,1058,1860,-802
105000104,2057,876,1181
105000105,1248,1879,-631
105000106,1152,1398,-246
105000107,1097,760,337
105000108,1284,1324,-40
105000109,1263,1526,-263
105000110,607,552,55
105000111,587,763,-176
105000112,1122,670,452
105000113,364,695,-331
105000114,2365,940,1425
105000115,351,1011,-660
105000116,565,486,79
105000117,774,1016,-242
105000118,364,384,-20
105000119,543,867,-324
105000120,737,468,269
105000121,653,908,-255
105000122,389,505,-116
105000123,1080,1139,-59
105000124,1506,656,850
105000125,702,1766,-1064
105000126,1605,1507,98
105000127,2025,1773,252
105000128,596,940,-344
105000129,629,372,257
105000130,442,2661,-2219
105000131,729,345,384
105000132,597,536,61
105000133,429,843,-414
105000134,598,517,81
105000135,457,587,-130
105000136,78,295,-217
105000137,377,217,160
105000138,179,327,-148
105000139,903,870,33
105000140,393,489,-96
105000141,348,515,-167
105000142,167,394,-227
105000143,192,489,-297
105000144,227,764,-537
105000145,545,362,183
105000146,428,797,-369
105000147,432,322,110
105000148,1097,577,520
105000149,1753,1684,69
105000150,1801,1343,458
105000151,338,305,33
105000152,146,452,-306
105000153,476,532,-56
105000154,461,508,-47
105000155,298,737,-439
105000156,698,587,111
105000157,671,1116,-445
105000158,1369,694,675
105000159,222,789,-567
105000160,1327,629,698
105000161,540,874,-334
105000162,438,1226,-788
105000163,847,784,63
105000164,206,248,-42
105000165,785,3431,-2646
105000166,4059,626,3433
105000167,1804,1080,724
105000168,298,514,-216
105000169,437,374,63
105000170,156,1236,-1080
105000171,828,168,660
105000172,120,81,39
105000173,134,173,-39
105000174,45,60,-15
105000175,71,139,-68
105000176,261,149,112
105000177,249,199,50
105000178,94,338,-244
105000179,409,222,187
105000180,91,118,-27
105000181,87,206,-119
105000182,37,54,-17
105000183,1825,1523,302
105000184,1743,952,791
105000185,1202,786,416
105000186,615,672,-57
105000187,769,172,597
105000188,286,93,193
105000189,245,464,-219
105000190,260,300,-40
105000191,365,340,25
105000192,265,64,201
105000193,76,144,-68
105000194,437,119,318
105000195,337,758,-421
105000196,127,263,-136
105000197,294,602,-308
105000198,653,326,327
105000199,378,770,-392
105000200,110,224,-114
105000201,112,21,91
105000203,9,232,-223
105000204,136,99,37
105000205,112,248,-136
105000207,426,236,190
105000208,186,419,-233
105000209,213,299,-86
105000211,298,20,278
105000212,1033,1084,-51
105000213,140,205,-65
105000214,183,223,-40
105000215,242,191,51
105000216,142,322,-180
105000217,108,322,-214
105000218,1013,979,34
105000221,136,178,-42
105000222,668,89,579
105000223,386,171,215
105000226,74,208,-134
105000227,42,112,-70
105000228,257,1418,-1161
105000229,116,448,-332
105000231,331,273,58
105000233,763,677,86
105000234,603,1046,-443
105000235,323,427,-104
105000237,564,77,487
105000243,20,35,-15
105000248,64,68,-4
105000262,305,1192,-887
105000269,109,234,-125
105000270,423,81,342
105000271,0,192,-192
105000282,78,51,27
105000287,314,103,211
105000288,528,422,106
105000289,3600,2076,1524
105000290,21,5,16
105000402,3412,2958,454
105000426,526,546,-20
105000438,5185,2399,2786
105000440,38,33,5
105000446,9868,4884,4984
105000447,6056,2629,3427
105000454,341,655,-314
105000455,337,189,148
105000474,73,0,73
105000477,330,524,-194
105000478,1402,3166,-1764
105000479,127,142,-15
105000480,11147,6740,4407
105000481,4709,2716,1993
105000482,5157,8770,-3613
105000483,1488,1468,20
105000484,2121,3233,-1112
105000485,1312,2426,-1114
105000486,3823,2260,1563
105000488,11756,5762,5994
105000489,682,780,-98
105000549,183,115,68
105000550,520,1328,-808
105000551,37,132,-95
105000552,2563,1816,747
105000555,1423,948,475
105000556,41,29,12
105000557,63,243,-180
105900001,5,881,-876
105900002,1063,517,546
105900003,17,125,-108
105900004,204,117,87
105900005,70,158,-88
105900006,11,90,-79
105900007,112,20,92
105900008,55,649,-594
105900009,11,27,-16
105900011,126,34,92
105900012,376,94,282
105900013,3,41,-38
105900014,12,70,-58
105900015,135,252,-117
105900016,348,409,-61
105900017,1146,39,1107
105900018,158,149,9
105900019,67,236,-169
105900020,32,66,-34
105900021,21,139,-118
105900022,181,147,34
105900023,7,67,-60
105900024,4,87,-83
105900025,180,37,143
105900026,189,13,176
105900027,4541,5608,-1067
105900028,662,277,385
105900029,1152,303,849
105900030,146,197,-51
105900031,282,201,81
105900032,46,133,-87
105900033,107,123,-16
105900034,166,154,12
105900035,103,119,-16
105900036,88,100,-12
105900037,68,69,-1
105900038,182,173,9
105900039,116,83,33
105900040,46,109,-63
105900041,133,131,2
105900042,45,120,-75
105900043,974,47,927
105900044,8,184,-176
105900045,8,502,-494
105900046,4,210,-206
105900047,15,31,-16
105900048,83,393,-310
105900050,4802,2326,2476
105900051,28,638,-610
105900052,429,298,131
105900053,2319,1985,334
105900054,295,146,149
105900056,515,265,250
105900057,29,72,-43
105900058,18,20,-2
105900059,0,25,-25
106000001,3701,2127,1574
106000002,2052,4713,-2661
106000003,2299,2907,-608
106000004,1609,2480,-871
106000005,2519,4746,-2227
106000006,5036,3801,1235
106000007,470,525,-55
106000008,407,281,126
106000009,481,340,141
106000010,443,517,-74
106000011,855,885,-30
106000012,716,1210,-494
106000013,1439,1739,-300
106000014,1486,1462,24
106000015,1405,1186,219
106000016,998,2024,-1026
106000017,467,658,-191
106000018,559,440,119
106000019,287,423,-136
106000020,222,339,-117
106000021,277,396,-119
106000022,266,211,55
106000023,545,336,209
106000024,383,422,-39
106000025,90,210,-120
106000026,107,222,-115
106000027,1104,1204,-100
106000028,507,535,-28
106000029,727,1178,-451
106000030,615,404,211
106000034,204,550,-346
106000035,1043,1864,-821
106000036,185,390,-205
106000037,2012,1329,683
106000038,371,107,264
106000039,136,93,43
106000040,156,726,-570
106000041,653,380,273
106000043,585,290,295
106000046,310,90,220
106000047,52,299,-247
106000049,812,257,555
106000050,309,640,-331
106000051,572,378,194
106000052,105,478,-373
106000053,254,94,160
106000054,302,366,-64
106000055,855,804,51
106000056,254,381,-127
106000057,293,310,-17
106000058,116,211,-95
106000059,251,255,-4
106000060,310,521,-211
106000061,202,461,-259
106000062,167,465,-298
106000063,595,500,95
106000064,17,311,-294
106000065,284,276,8
106000066,138,265,-127
106000067,349,101,248
106000068,34,568,-534
106000069,142,103,39
106000070,428,726,-298
106000071,842,279,563
106000072,2306,1365,941
106000073,1453,2553,-1100
106000074,526,590,-64
106000075,256,1416,-1160
106000076,1710,1925,-215
106000077,3120,1390,1730
106000078,754,922,-168
106000079,467,811,-344
106000080,1027,607,420
106000081,452,965,-513
106000082,1907,753,1154
106000083,385,1258,-873
106000084,1085,656,429
106000085,1214,1306,-92
106000086,565,881,-316
106000087,830,550,280
106000088,345,750,-405
106000089,766,442,324
106000090,235,511,-276
106000091,245,428,-183
106000092,447,260,187
106000093,243,148,95
106000094,53,118,-65
106000095,575,614,-39
106000096,731,653,78
106000097,767,749,18
106000098,568,986,-418
106000099,178,623,-445
106000100,783,228,555
106000101,803,263,540
106000102,154,479,-325
106000103,318,448,-130
106000104,672,413,259
106000105,398,650,-252
106000106,508,439,69
106000107,167,319,-152
106000108,291,372,-81
106000109,169,310,-141
106000110,225,330,-105
106000111,180,392,-212
106000112,194,448,-254
106000113,714,486,228
106000114,429,488,-59
106000115,221,489,-268
106000116,251,190,61
106000117,801,610,191
106000118,856,1051,-195
106000119,1249,874,375
106000120,638,924,-286
106000121,156,136,20
106000122,71,231,-160
106000123,397,169,228
106000124,88,268,-180
106000125,23,206,-183
106000126,252,140,112
106000127,749,794,-45
106000128,591,231,360
106000129,417,573,-156
106000130,590,339,251
106000131,128,736,-608
106000132,473,167,306
106000133,1590,1085,505
106000134,613,1167,-554
106000135,313,610,-297
106000136,515,809,-294
106000137,134,1037,-903
106000138,788,123,665
106000139,47,105,-58
106000140,62,95,-33
106000141,91,50,41
106000142,59,52,7
106000143,66,78,-12
106000144,41,53,-12
106000145,162,236,-74
106000146,305,162,143
106000147,677,627,50
106000148,958,960,-2
106000149,490,581,-91
106000150,406,1628,-1222
106000151,3047,681,2366
106000152,1119,1595,-476
106000153,98,1289,-1191
106000154,1094,243,851
106000155,85,209,-124
106000156,483,218,265
106000157,601,1339,-738
106000158,1876,825,1051
106000159,2510,1416,1094
106000160,350,1880,-1530
106000161,1253,353,900
106000162,218,771,-553
106000163,422,349,73
106000164,298,273,25
106000165,155,488,-333
106000166,546,235,311
106000167,287,860,-573
106000168,380,228,152
106000169,216,554,-338
106000170,783,318,465
106000171,220,1014,-794
106000172,2240,1252,988
106000173,1089,2128,-1039
106000174,839,358,481
106000175,322,714,-392
106000176,1128,714,414
106000177,552,1967,-1415
106000178,2613,1253,1360
106000179,953,1877,-924
106000180,609,1084,-475
106000181,536,1454,-918
106000182,958,521,437
106000183,959,554,405
106000184,1316,557,759
106000185,825,873,-48
106000186,665,119,546
106000187,151,803,-652
106000188,4,2,2
106000189,20,53,-33
106000190,19,1,18
106000191,494,175,319
106000192,1,17,-16
106000193,372,191,181
106000194,123,284,-161
106000195,649,90,559
106000196,131,258,-127
106000197,556,224,332
106000198,181,223,-42
106000199,622,574,48
106000200,145,177,-32
106000201,377,1814,-1437
106000202,2922,478,2444
106000203,46,211,-165
106000204,81,8,73
106000205,34,144,-110
106000206,135,14,121
106000207,37,490,-453
106000208,1069,146,923
106000209,1161,285,876
106000210,249,902,-653
106000211,289,1113,-824
106000212,621,385,236
106000213,745,1539,-794
106000214,2337,627,1710
106000215,259,464,-205
106000216,325,336,-11
106000217,300,447,-147
106000218,488,406,82
106000219,138,295,-157
106000220,319,254,65
106000221,145,272,-127
106000222,41,105,-64
106000223,135,108,27
106000224,181,245,-64
106000225,63,94,-31
106000226,120,240,-120
106000228,42,151,-109
106000229,94,616,-522
106000231,701,107,594
106000232,99,374,-275
106000233,615,89,526
106000234,182,210,-28
106000235,1703,98,1605
106000236,675,68,607
106000237,49,28,21
106000238,442,9,433
106000239,4,183,-179
106000240,22,11,11
106000241,26,592,-566
106000242,225,24,201
106000249,62,57,5
106000250,66,372,-306
106000251,151,18,133
106000252,53,71,-18
106000253,30,37,-7
106000254,55,32,23
106000255,14,115,-101
106000256,40,34,6
106000257,133,182,-49
106000258,752,32,720
106000259,11,59,-48
106000260,73,4,69
106000261,9,46,-37
106000262,93,13,80
106000263,14,48,-34
106000264,112,4,108
106000265,5,127,-122
106000266,91,28,63
106000267,10,65,-55
106000268,520,76,444
106000269,75,42,33
106000270,119,417,-298
106000271,77,170,-93
106000272,241,48,193
106000273,10,249,-239
106000274,151,43,108
106000275,142,234,-92
106000276,159,33,126
106000277,88,220,-132
106000278,190,39,151
106000279,38,39,-1
106000280,66,90,-24
106000281,86,39,47
106000282,68,71,-3
106000283,102,55,47
106000284,42,85,-43
106000285,110,104,6
106000286,89,130,-41
106000287,137,109,28
106000288,84,164,-80
106000289,70,56,14
106000290,62,101,-39
106000291,72,86,-14
106000292,84,123,-39
106000293,125,88,37
106000294,135,137,-2
106000295,33,36,-3
106000296,28,93,-65
106000297,54,205,-151
106000298,116,58,58
106000299,76,132,-56
106000300,42,84,-42
106000301,82,94,-12
106000303,18,62,-44
106000304,8,22,-14
106000305,43,56,-13
106000306,27,41,-14
106000307,56,30,26
106000308,18,82,-64
106000309,20,54,-34
106000310,276,436,-160
106000311,308,181,127
106000312,104,157,-53
106000313,154,204,-50
106000318,70,295,-225
106000319,806,201,605
106000320,6,60,-54
106000321,319,120,199
106000322,105,175,-70
106000324,27,112,-85
106000325,1261,812,449
106000326,810,1524,-714
106000327,158,132,26
106000328,16,100,-84
106000329,81,242,-161
106000330,99,76,23
106000428,92,189,-97
106000429,108,435,-327
106000430,304,1181,-877
106000431,1706,427,1279
106000432,2203,2738,-535
106000433,2063,1534,529
106000434,2555,1335,1220
106000435,1354,2364,-1010
106000436,18,145,-127
106000437,257,26,231
106000438,395,127,268
106000439,86,315,-229
106000440,176,382,-206
106000441,2,1,1
106000442,172,14,158
106000443,142,270,-128
106000450,4,158,-154
106000451,17,47,-30
106000454,8,393,-385
106000455,9,222,-213
106000456,124,47,77
106000457,8,866,-858
106000458,639,122,517
106000459,255,397,-142
106000460,1118,21,1097
106000461,65,1100,-1035
106000462,0,43,-43
106000463,8,31,-23
106000464,12,428,-416
106000465,599,3,596
106000466,6,541,-535
106000467,445,539,-94
106000468,42,140,-98
106000469,198,7,191
106000470,321,1365,-1044
106000471,22,526,-504
106000472,150,21,129
106000473,32,23,9
106000474,441,681,-240
106000475,359,208,151
106000476,199,200,-1
106000477,39,140,-101
106000480,0,286,-286
106900001,0,24,-24
106900002,2,410,-408
106900003,223,537,-314
106900004,1,37,-36
106900006,1,3,-2
106900007,0,9,-9
106900008,191,174,17
106900009,243,199,44
106900010,222,212,10
106900012,1228,1343,-115
106900013,441,143,298
106900014,25,3,22
106900015,11,2,9
106900016,237,10,227
106900017,5,2,3
106900018,2,0,2
106900019,21,1,20
106900020,1992,1215,777
106900021,122,89,33
106900022,462,3,459
106900023,45,250,-205
106900024,391,44,347
106900025,63,513,-450
106900026,4,591,-587
106900027,699,7,692
107000001,3314,2748,566
107000002,3074,4311,-1237
107000003,4226,5181,-955
107000004,4116,4371,-255
107000005,3549,4566,-1017
107000006,4908,4345,563
107000007,4305,7836,-3531
107000008,10071,7862,2209
107000009,5789,6403,-614
107000010,10177,9217,960
107000011,1228,1246,-18
107000012,3934,3007,927
107000013,50,108,-58
107000014,53,317,-264
107000015,548,780,-232
107000016,552,816,-264
107000017,2562,1082,1480
107000018,20,762,-742
107000020,1406,826,580
107000021,1514,472,1042
107000022,728,1300,-572
107000023,1678,237,1441
107000024,513,1347,-834
107000025,232,386,-154
107000026,206,477,-271
107000027,1191,929,262
107000028,1112,1511,-399
107000029,2768,2471,297
107000030,2920,2936,-16
107000031,3378,2097,1281
107000032,569,978,-409
107000033,2613,3457,-844
107000034,2672,1421,1251
107000035,258,178,80
107000036,349,975,-626
107000037,89,760,-671
107000038,209,248,-39
107000039,723,690,33
107000040,147,317,-170
107000041,1176,673,503
107000042,635,1687,-1052
107000043,1981,982,999
107000044,472,337,135
107000045,108,280,-172
107000046,643,338,305
107000047,429,763,-334
107000048,552,295,257
107000049,513,791,-278
107000050,938,552,386
107000051,424,347,77
107000052,950,875,75
107000053,341,197,144
107000054,76,254,-178
107000055,347,172,175
107000056,471,757,-286
107000057,1399,241,1158
107000058,1791,1905,-114
107000059,1234,1911,-677
107000060,3500,4466,-966
107000061,4285,3519,766
107000062,3386,2717,669
107000063,3905,4607,-702
107000064,3861,2034,1827
107000065,5052,5397,-345
107000066,1624,2123,-499
107000067,1060,981,79
107000068,1074,636,438
107000069,649,377,272
107000070,1291,9,1282
107000071,2553,63,2490
107000072,44,2633,-2589
107000073,712,341,371
107000074,168,841,-673
107000075,1441,516,925
107000076,785,1503,-718
107000077,3095,1431,1664
107000078,2934,3217,-283
107000079,2203,1028,1175
107000080,1351,2925,-1574
107000081,1403,659,744
107000082,540,1724,-1184
107000083,1023,361,662
107000084,333,1648,-1315
107000085,2797,3344,-547
107000086,3413,3157,256
107000087,2511,1932,579
107000088,3141,3467,-326
107000089,1371,1537,-166
107000090,863,1104,-241
107000091,1288,861,427
107000092,686,1014,-328
107000093,1097,678,419
107000094,943,1152,-209
107000095,617,570,47
107000096,475,766,-291
107000097,628,345,283
107000098,740,642,98
107000099,450,204,246
107000100,235,277,-42
107000101,87,133,-46
107000102,170,292,-122
107000103,234,196,38
107000104,163,269,-106
107000105,345,137,208
107000106,286,271,15
107000107,496,169,327
107000108,144,579,-435
107000109,547,175,372
107000110,67,513,-446
107000111,284,43,241
107000112,54,300,-246
107000113,525,135,390
107000114,88,513,-425
107000115,454,118,336
107000116,91,613,-522
107000117,96,484,-388
107000118,120,192,-72
107000119,1157,1370,-213
107000120,1209,363,846
107000121,725,728,-3
107000122,1125,816,309
107000123,328,645,-317
107000124,462,948,-486
107000125,819,478,341
107000126,865,777,88
107000129,181,728,-547
107000130,507,205,302
107000131,336,547,-211
107000132,426,316,110
107000133,912,132,780
107000134,264,1,263
107000135,3,256,-253
107000136,778,15,763
107000137,24,437,-413
107000138,340,34,306
107000139,16,377,-361
107000140,1519,128,1391
107000141,151,726,-575
107000142,488,97,391
107000143,72,675,-603
107000144,543,408,135
107000145,194,510,-316
107000146,195,315,-120
107000147,4059,1160,2899
107000150,664,2158,-1494
107000151,42,106,-64
107000152,418,1168,-750
107000153,193,400,-207
107000154,263,319,-56
107000155,650,34,616
107000156,887,31,856
107000157,30,1292,-1262
107000158,552,29,523
107000159,58,905,-847
107000160,801,103,698
107000161,99,1307,-1208
107000162,218,429,-211
107000163,298,2,296
107000164,499,4,495
107000165,835,8,827
107000166,40,1053,-1013
107000167,490,252,238
107000168,908,419,489
107000169,723,885,-162
107000170,1496,745,751
107000171,539,1657,-1118
107000172,798,1116,-318
107000173,549,820,-271
107000174,927,3899,-2972
107000175,5730,1535,4195
107000176,1,6,-5
107000177,1,3,-2
107000178,22,71,-49
107000179,244,1975,-1731
107000180,1126,293,833
107000181,502,1156,-654
107000182,1501,845,656
107000183,114,772,-658
107000184,848,653,195
107000185,341,1140,-799
107000186,839,400,439
107000187,1243,1276,-33
107000188,543,565,-22
107000189,412,1007,-595
107000190,521,614,-93
107000191,743,1224,-481
107000192,1323,704,619
107000193,357,434,-77
107000194,799,625,174
107000197,779,240,539
107000198,243,673,-430
107000199,552,688,-136
107000200,542,736,-194
107000201,450,240,210
107000202,324,481,-157
107000203,1195,677,518
107000204,1434,794,640
107000205,2054,765,1289
107000206,744,1023,-279
107000207,580,775,-195
107000208,757,393,364
107000209,1722,1080,642
107000210,759,304,455
107000211,3,44,-41
107000212,19,247,-228
107000213,11,30,-19
107000214,14,108,-94
107000215,326,273,53
107000216,321,287,34
107000217,160,97,63
107000219,81,131,-50
107000220,192,173,19
107000222,265,689,-424
107000224,388,81,307
107000225,259,417,-158
107000226,388,127,261
107000227,137,255,-118
107000228,89,212,-123
107000229,227,138,89
107000230,894,446,448
107000231,1638,1604,34
107000232,142,69,73
107000233,1423,856,567
107000234,3,61,-58
107000235,50,7,43
107000236,26,367,-341
107000237,16,8,8
107000238,43,0,43
107000239,2824,354,2470
107000240,133,872,-739
107000243,0,38,-38
107000244,7,63,-56
107000246,4,1093,-1089
107000249,7,1064,-1057
107000251,1,395,-394
107000252,2,942,-940
107000255,305,73,232
107000257,2,368,-366
107000258,1,120,-119
107000259,7,186,-179
107000260,588,9,579
107000262,3,493,-490
107000263,219,5,214
107000266,9,22,-13
107000267,87,139,-52
107000268,154,183,-29
107000269,666,97,569
107000270,2,13,-11
107000271,13,556,-543
107000272,14,127,-113
107000273,7,200,-193
107000274,987,4,983
107000275,574,1282,-708
107000280,617,23,594
107000281,66,835,-769
107000282,40,827,-787
107000290,23,33,-10
107000291,62,16,46
107000292,2,72,-70
107000293,49,0,49
107000294,0,41,-41
107000295,133,4,129
107000296,0,9,-9
107000444,276,3,273
107000496,5,25,-20
107000497,1451,2219,-768
107000500,211,286,-75
107000501,85,149,-64
107000502,188,288,-100
107000505,364,737,-373
107000506,2,18,-16
107000508,9,645,-636
107000509,257,846,-589
107000510,63,17,46
107000514,43,322,-279
107000515,14,225,-211
107000516,256,186,70
107000518,928,1016,-88
107000519,1718,859,859
107000520,46,26,20
107000521,522,414,108
107000522,726,543,183
107900001,44,178,-134
107900002,19,5,14
107900003,253,138,115
107900004,2,0,2
107900005,930,16,914
107900006,140,2,138
107900007,208,24,184
107900008,87,20,67
107900009,147,9,138
107900010,23,2,21
107900012,203,30,173
107900013,213,30,183
107900014,17,3,14
107900015,708,10,698
107900016,271,78,193
107900017,12,5,7
107900018,45,96,-51
107900019,18,31,-13
107900020,66,21,45
107900021,71,139,-68
107900023,1,10,-9
107900024,0,30,-30
107900025,133,170,-37
107900026,47,66,-19
107900027,40,55,-15
107900028,63,73,-10
107900030,118,19,99
107900031,63,87,-24
107900032,9,2,7
107900033,12,9,3
107900034,308,16,292
107900035,630,38,592
107900036,72,21,51
107900037,1,47,-46
107900038,159,160,-1
107900039,26,32,-6
107900040,29,68,-39
107900041,5,4,1
107900043,29,87,-58
107900044,7,12,-5
107900045,111,44,67
107900046,122,167,-45
107900047,27,70,-43
107900048,128,13,115
107900049,363,867,-504
107900050,136,209,-73
107900051,68,48,20
107900052,26,32,-6
107900053,33,80,-47
107900055,445,200,245
107900056,88,34,54
107900057,2,0,2
107900058,30,485,-455
107900060,32,32,0
107900061,13,3,10
107900063,39,111,-72
107900064,207,123,84
107900065,146,16,130
107900066,20,8,12
107900067,2,0,2
107900068,115,307,-192
107900069,36,1440,-1404
107900070,95,37,58
107900071,23,541,-518
107900072,78,164,-86
107900073,205,111,94
107900074,870,280,590
107900076,90,50,40
107900077,54,0,54
107900079,11,10,1
107900080,294,395,-101
107900081,56,106,-50
107900082,26,26,0
107900083,265,189,76
107900084,93,120,-27
107900086,130,147,-17
107900087,572,150,422
107900088,28,14,14
107900089,215,665,-450
107900090,436,1766,-1330
107900091,190,329,-139
107900093,57,82,-25
107900095,3024,2004,1020
107900097,16,70,-54
107900098,43,124,-81
107900100,895,936,-41
107900101,882,186,696
107900102,16,4,12
107900103,45,148,-103
107900104,236,4,232
107900105,31,323,-292
107900106,3,861,-858
107900107,750,417,333
107900108,242,134,108
107900109,950,9,941
107900110,26,79,-53
107900111,28,635,-607
107900112,123,284,-161
107900113,189,90,99
107900114,136,144,-8
107900115,4,43,-39
107900116,128,142,-14
107900117,346,283,63
107900118,59,146,-87
107900119,52,214,-162
107900120,16,20,-4
107900121,2,158,-156
107900122,4,67,-63
107900123,3,39,-36
107900124,17,31,-14
107900125,31,158,-127
107900126,9,88,-79
107900127,392,296,96
107900128,104,63,41
107900129,42,31,11
107900130,57,32,25
107900131,617,289,328
107900132,130,322,-192
107900133,1,58,-57
107900134,7,71,-64
107900135,11,141,-130
107900136,32,20,12
107900137,190,84,106
107900138,49,56,-7
107900139,26,67,-41
107900141,64,37,27
107900142,58,599,-541
107900143,73,34,39
107900144,2,141,-139
107900145,7,66,-59
107900146,28,79,-51
107900147,45,47,-2
107900148,150,98,52
107900149,671,208,463
107900150,72,527,-455
107900151,45,91,-46
107900152,8,125,-117
107900153,161,316,-155
107900154,52,20,32
107900155,42,77,-35
107900156,7,323,-316
107900157,28,58,-30
107900158,551,18,533
107900159,36,635,-599
107900160,101,218,-117
107900161,29,136,-107
107900162,0,19,-19
107900163,31,28,3
107900164,7,45,-38
107900165,21,75,-54
107900166,12,196,-184
107900167,11,41,-30
107900168,31,24,7
107900169,16,150,-134
107900171,7,1135,-1128
107900172,3,256,-253
107900173,13,124,-111
107900174,131,6,125
107900175,23,21,2
107900176,20,27,-7
107900177,0,59,-59
107900178,0,153,-153
107900179,6,125,-119
107900180,536,384,152
107900181,258,212,46
107900182,3,903,-900
107900183,42,202,-160
107900184,113,190,-77
107900185,82,3,79
107900186,12,44,-32
107900187,0,91,-91
107900188,612,152,460
107900189,24,116,-92
107900190,60,103,-43
107900191,37,111,-74
107900193,21,39,-18
107900194,149,12,137
107900195,1943,308,1635
107900196,64,64,0
107900197,726,329,397
107900199,2,1056,-1054
107900201,46,90,-44
107900203,40,85,-45
107900204,162,145,17
107900206,979,256,723
107900207,0,567,-567
107900208,6,463,-457
107900209,401,120,281
107900210,99,94,5
107900213,451,334,117
107900214,6,110,-104
107900215,127,246,-119
107900216,190,70,120
107900217,42,61,-19
107900218,27,1205,-1178
107900219,36,80,-44
107900220,190,204,-14
107900221,82,193,-111
107900223,59,416,-357
107900224,91,264,-173
107900225,7,623,-616
107900226,143,82,61
107900227,118,349,-231
107900228,15,107,-92
107900229,2,196,-194
107900230,15,97,-82
107900231,16,174,-158
107900232,48,138,-90
107900233,5,122,-117
107900234,53,98,-45
107900235,15,82,-67
107900236,90,73,17
107900237,60,319,-259
107900238,20,88,-68
107900239,832,398,434
107900240,21,120,-99
107900241,16,66,-50
107900242,27,201,-174
107900243,2,59,-57
107900244,263,1,262
107900245,524,44,480
107900246,317,12,305
107900248,226,237,-11
107900249,434,10,424
107900250,14,362,-348
107900251,97,1105,-1008
107900252,729,31,698
107900253,107,7,100
107900254,53,427,-374
107900255,236,71,165
107900256,1290,612,678
107900257,129,106,23
107900258,130,185,-55
107900259,75,1305,-1230
107900261,5,259,-254
107900262,50,100,-50
107900264,246,3,243
107900265,255,134,121
107900267,163,26,137
107900268,49,9,40
107900269,1,3,-2
107900270,0,0,0
107900271,0,17,-17
107900272,132,18,114
107900273,55,124,-69
107900274,76,1,75
107900275,17,0,17
107900276,1,91,-90
107900277,1,199,-198
107900278,224,321,-97
107900279,112,183,-71
107900280,1635,1816,-181
107900281,1253,1713,-460
107900282,52,366,-314
107900283,784,418,366
107900284,415,640,-225
107900285,107,81,26
107900286,182,78,104
107900287,152,136,16
107900290,0,83,-83
107900291,334,32,302
107900292,111,187,-76
107900293,60,410,-350
107900295,68,55,13
107900297,4,230,-226
107900298,740,780,-40
107900299,2555,1558,997
107900301,739,566,173
107900302,94,36,58
107900303,214,276,-62
107900304,224,415,-191
107900305,214,9,205
107900306,8,19,-11
107900307,53,203,-150
107900308,145,77,68
107900309,73,1,72
107900310,582,5,577
107900311,4,482,-478
107900312,46,0,46
107900313,2,177,-175
107900314,0,67,-67
107900315,3,30,-27
107900316,59,1,58
107900317,89,15,74
107900318,13,113,-100
107900319,3,123,-120
107900320,4,113,-109
107900321,100,7,93
107900322,4,114,-110
107900323,4,129,-125
107900324,121,4,117
107900325,69,0,69
107900326,271,255,16
107900327,1,60,-59
107900328,131,0,131
107900329,90,77,13
107900330,7,292,-285
107900331,134,23,111
107900332,181,32,149
107900333,41,13,28
107900334,7,157,-150
107900335,63,36,27
107900336,58,62,-4
107900337,903,597,306
107900338,3,134,-131
107900339,1,9,-8
107900340,0,35,-35
107900341,58,2,56
107900342,99,112,-13
107900343,31,1,30
107900344,17,66,-49
107900345,93,18,75
107900346,18,1,17
107900347,21,5,16
107900348,4,3,1
107900349,20,3,17
107900350,22,203,-181
107900351,2,123,-121
107900352,0,35,-35
107900353,12,10,2
107900354,7,60,-53
108000001,2533,3295,-762
108000002,1589,2033,-444
108000003,3122,3071,51
108000004,10846,13185,-2339
108000005,7720,6509,1211
108000006,9406,8523,883
108000007,4570,3853,717
108000008,4409,6547,-2138
108000009,2970,3974,-1004
108000010,2980,4463,-1483
108000011,10272,10422,-150
108000012,16703,15310,1393
108000014,1189,694,495
108000015,684,283,401
108000016,259,761,-502
108000017,901,416,485
108000018,1542,548,994
108000019,1825,742,1083
108000020,1276,465,811
108000021,303,1715,-1412
108000022,319,1186,-867
108000023,1046,267,779
108000024,302,468,-166
108000025,249,320,-71
108000026,783,359,424
108000027,674,783,-109
108000028,713,212,501
108000029,469,932,-463
108000030,496,214,282
108000031,184,698,-514
108000032,1295,596,699
108000033,701,1195,-494
108000034,1295,443,852
108000035,593,1988,-1395
108000036,317,964,-647
108000037,1322,438,884
108000038,2094,551,1543
108000039,469,1838,-1369
108000040,1427,876,551
108000041,596,2229,-1633
108000042,244,202,42
108000043,193,282,-89
108000044,415,189,226
108000045,304,471,-167
108000046,1081,295,786
108000047,376,924,-548
108000048,236,338,-102
108000049,943,257,686
108000050,138,565,-427
108000051,358,118,240
108000052,223,639,-416
108000053,445,182,263
108000054,486,904,-418
108000055,944,474,470
108000056,1373,1339,34
108000057,507,1135,-628
108000058,1974,3225,-1251
108000059,3230,1918,1312
108000060,193,584,-391
108000061,331,539,-208
108000062,599,506,93
108000063,392,478,-86
108000064,163,226,-63
108000065,542,501,41
108000066,1280,725,555
108000067,1545,527,1018
108000068,558,389,169
108000069,234,987,-753
108000070,1391,700,691
108000071,608,1521,-913
108000072,1461,1208,253
108000073,1284,1757,-473
108000074,483,398,85
108000075,334,904,-570
108000076,651,531,120
108000077,599,705,-106
108000078,1813,1230,583
108000079,1000,1633,-633
108000080,1043,547,496
108000081,648,1714,-1066
108000082,950,1568,-618
108000083,1421,963,458
108000084,560,1041,-481
108000085,697,489,208
108000086,755,673,82
108000087,143,1692,-1549
108000088,574,179,395
108000089,320,337,-17
108000091,208,468,-260
108000092,146,100,46
108000093,168,499,-331
108000094,469,80,389
108000095,158,268,-110
108000096,202,175,27
108000097,133,372,-239
108000098,1269,1144,125
108000099,1039,360,679
108000100,120,431,-311
108000101,1262,1243,19
108000102,1573,2937,-1364
108000106,1306,1,1305
108000107,5,546,-541
108000108,707,58,649
108000109,7,627,-620
108000110,210,314,-104
108000111,161,546,-385
108000112,50,145,-95
108000113,422,266,156
108000115,268,260,8
108000117,641,306,335
108000118,610,1463,-853
108000119,644,371,273
108000120,173,629,-456
108000121,159,513,-354
108000122,470,287,183
108000123,916,227,689
108000124,445,583,-138
108000125,278,273,5
108000126,157,403,-246
108000127,466,312,154
108000128,590,568,22
108000129,659,1229,-570
108000130,618,247,371
108000131,746,556,190
108000132,2203,1472,731
108000133,704,606,98
108000134,535,585,-50
108000135,1017,446,571
108000136,438,962,-524
108000137,427,466,-39
108000138,350,897,-547
108000139,489,398,91
108000140,92,36,56
108000141,28,76,-48
108000142,66,79,-13
108000143,62,419,-357
108000144,381,88,293
108000145,42,29,13
108000146,450,63,387
108000147,22,31,-9
108000148,453,73,380
108000149,19,23,-4
108000150,27,13,14
108000151,420,110,310
108000152,152,479,-327
108000153,409,150,259
108000154,57,16,41
108000155,45,18,27
108000156,785,461,324
108000157,112,754,-642
108000158,90,726,-636
108000159,623,214,409
108000160,2640,970,1670
108000161,2123,1813,310
108000165,7,118,-111
108000172,8,261,-253
108000173,1809,1617,192
108000175,504,139,365
108000178,376,288,88
108000179,190,733,-543
108000181,95,36,59
108000182,266,123,143
108000183,94,613,-519
108000184,947,1811,-864
108000185,172,459,-287
108000186,309,517,-208
108000187,120,546,-426
108000188,473,239,234
108000189,1879,5894,-4015
108000190,42,118,-76
108000192,234,519,-285
108000193,690,23,667
108000194,28,11,17
108000195,5,893,-888
108000196,394,144,250
108000198,728,430,298
108000199,0,163,-163
108000200,307,557,-250
108000203,86,611,-525
108000204,151,62,89
108000205,335,494,-159
108000339,1174,381,793
108000364,295,695,-400
108000365,74,295,-221
108000367,222,330,-108
108000368,7,54,-47
108000369,940,229,711
108000371,3,573,-570
108000372,665,15,650
108000373,184,143,41
108000376,95,27,68
108000377,390,313,77
108000378,8056,8446,-390
108000379,8,207,-199
108000381,48,12,36
108000382,177,0,177
108000383,1,214,-213
108900001,120,1130,-1010
108900002,152,71,81
108900003,327,563,-236
108900004,722,447,275
108900007,212,264,-52
108900008,100,175,-75
108900009,56,110,-54
108900010,208,186,22
108900011,415,384,31
108900012,232,425,-193
108900013,137,284,-147
108900014,7,113,-106
108900015,0,76,-76
108900016,1,253,-252
108900017,315,305,10
108900018,118,292,-174
108900019,24,705,-681
108900020,18,148,-130
108900021,132,202,-70
108900022,74,8,66
108900023,9,20,-11
108900024,31,141,-110
108900025,77,107,-30
108900026,14,76,-62
108900027,0,68,-68
108900028,74,336,-262
108900029,53,281,-228
108900030,0,62,-62
108900031,108,315,-207
108900032,20,201,-181
108900033,0,83,-83
108900034,0,242,-242
108900035,334,1209,-875
108900038,1,261,-260
108900039,2,469,-467
108900040,9,98,-89
108900041,4405,2457,1948
108900042,4,336,-332
108900043,44,294,-250
108900044,2,432,-430
108900045,71,509,-438
108900046,39,582,-543
108900047,0,117,-117
108900048,125,866,-741
108900049,2915,1021,1894
108900050,2,192,-190
108900051,0,167,-167
108900052,22,216,-194
108900053,81,120,-39
108900054,69,172,-103
108900055,33,304,-271
108900056,0,150,-150
108900057,5,130,-125
108900058,42,321,-279
108900059,308,19,289
108900060,83,133,-50
108900061,112,30,82
108900062,8,180,-172
108900063,9,233,-224
108900064,155,64,91
108900065,10,250,-240
108900066,326,96,230
108900067,19,142,-123
108900068,9,134,-125
108900069,42,67,-25
108900070,29,124,-95
108900071,56,65,-9
108900072,1575,520,1055
108900073,24,261,-237
108900074,190,370,-180
108900075,76,59,17
108900076,203,64,139
108900077,134,412,-278
108900078,24,120,-96
108900079,875,220,655
108900080,23,624,-601
108900081,55,172,-117
108900082,73,107,-34
108900083,24,210,-186
108900085,2007,191,1816
108900086,133,241,-108
108900087,137,171,-34
108900088,717,370,347
108900089,31,148,-117
108900090,42,242,-200
108900091,100,91,9
108900092,384,342,42
108900093,95,102,-7
108900094,164,89,75
108900095,46,273,-227
108900096,303,16,287
108900097,247,245,2
108900098,2278,709,1569
108900099,318,234,84
108900100,75,100,-25
108900101,157,130,27
108900102,69,671,-602
108900103,81,157,-76
108900105,6,944,-938
108900106,386,333,53
108900108,373,59,314
108900109,231,65,166
108900110,237,391,-154
108900111,444,540,-96
108900113,43,52,-9
108900114,37,16,21
108900115,40,77,-37
108900116,43,13,30
108900117,163,24,139
108900118,453,20,433
108900119,189,33,156
108900120,226,141,85
108900121,228,109,119
108900122,102,33,69
108900123,115,150,-35
108900124,355,157,198
108900125,318,5,313
108900126,98,25,73
108900127,114,17,97
108900128,91,33,58
108900129,555,144,411
108900130,258,0,258
108900131,268,4,264
108900132,426,69,357
108900133,147,55,92
108900134,269,249,20
108900135,128,7,121
108900136,47,0,47
108900137,160,4,156
108900138,690,53,637
108900140,235,247,-12
108900141,314,10,304
108900142,111,21,90
108900143,57,0,57
108900144,84,0,84
108900145,164,30,134
108900146,53,0,53
108900147,173,0,173
108900148,69,35,34
108900150,239,6,233
108900151,355,5,350
108900152,234,18,216
108900153,152,384,-232
108900154,3772,508,3264
108900156,81,9,72
108900157,49,435,-386
108900158,496,123,373
108900159,6,192,-186
108900160,17,209,-192
108900161,19,383,-364
108900162,76,0,76
108900163,6,212,-206
108900164,49,82,-33
108900168,6821,2318,4503
108900169,62,98,-36
108900171,5907,2117,3790
108900172,174,82,92
108900173,180,317,-137
108900174,710,622,88
108900176,110,387,-277
108900177,4288,3686,602
108900178,3107,2569,538
108900180,73,248,-175
108900183,176,194,-18
108900184,317,150,167
108900185,166,269,-103
108900186,50,316,-266
108900189,376,123,253
108900190,55,2323,-2268
108900192,72,182,-110
108900195,74,228,-154
108900196,24,309,-285
108900199,245,343,-98
108900200,499,302,197
108900201,455,1229,-774
108900203,338,86,252
108900204,266,17,249
108900205,137,29,108
108900206,318,59,259
108900207,159,60,99
108900208,26,213,-187
108900209,217,396,-179
108900210,165,167,-2
108900211,166,419,-253
108900212,703,1201,-498
108900215,99,364,-265
108900216,504,195,309
108900217,134,2,132
108900218,112,79,33
108900221,36,133,-97
108900224,22,164,-142
108900225,0,174,-174
108900227,109,215,-106
108900230,246,257,-11
108900232,1,229,-228
108900233,271,100,171
108900234,226,153,73
108900235,179,420,-241
108900236,27,197,-170
108900240,166,80,86
108900241,39,33,6
108900245,13,932,-919
108900250,191,119,72
108900258,15,239,-224
108900259,68,76,-8
108900260,8,128,-120
108900261,93,155,-62
108900262,132,139,-7
108900263,37,164,-127
108900264,733,332,401
108900265,873,321,552
108900266,873,494,379
108900267,5,63,-58
108900268,7,5,2
108900269,73,26,47
108900270,52,8,44
108900271,21,19,2
108900272,199,10,189
108900273,1241,717,524
108900274,62,61,1
109000001,2783,1227,1556
109000002,1517,1454,63
109000003,2217,406,1811
109000004,433,1821,-1388
109000005,2129,613,1516
109000006,684,1908,-1224
109000007,1148,593,555
109000008,486,1601,-1115
109000009,3095,1175,1920
109000010,1364,3225,-1861
109000011,2723,1866,857
109000012,1223,2146,-923
109000013,2707,2347,360
109000014,1749,2593,-844
109000015,3506,5590,-2084
109000016,4912,3170,1742
109000017,2022,1156,866
109000018,1845,3571,-1726
109000019,2176,1355,821
109000020,941,1767,-826
109000023,291,31,260
109000024,15,190,-175
109000025,300,417,-117
109000026,635,299,336
109000027,64,300,-236
109000028,155,106,49
109000029,89,173,-84
109000030,71,232,-161
109000031,177,211,-34
109000032,222,837,-615
109000033,328,195,133
109000034,40,50,-10
109000035,16,101,-85
109000036,177,349,-172
109000037,225,940,-715
109000038,561,358,203
109000039,756,499,257
109000040,2681,5487,-2806
109000041,2878,1399,1479
109000042,610,1140,-530
109000044,426,183,243
109000045,261,404,-143
109000046,289,80,209
109000047,97,415,-318
109000048,1310,479,831
109000049,236,484,-248
109000050,499,673,-174
109000051,304,256,48
109000052,537,813,-276
109000053,940,349,591
109000054,537,398,139
109000055,235,219,16
109000056,366,340,26
109000057,508,498,10
109000058,2131,507,1624
109000059,1068,1366,-298
109000060,761,414,347
109000061,925,704,221
109000062,108,327,-219
109000063,210,200,10
109000064,195,161,34
109000065,95,209,-114
109000066,271,81,190
109000067,75,301,-226
109000068,3311,27,3284
109000069,1217,34,1183
109000070,8,1137,-1129
109000071,327,87,240
109000072,111,620,-509
109000073,48,79,-31
109000074,36,176,-140
109000075,78,336,-258
109000076,152,277,-125
109000077,426,370,56
109000078,94,169,-75
109000079,195,224,-29
109000080,151,112,39
109000081,95,552,-457
109000082,540,218,322
109000083,280,757,-477
109000088,96,471,-375
109000089,228,42,186
109000090,137,375,-238
109000091,245,171,74
109000092,289,441,-152
109000093,157,176,-19
109000094,381,4,377
109000095,111,393,-282
109000096,456,361,95
109000097,72,149,-77
109000098,83,124,-41
109000099,933,314,619
109000100,197,596,-399
109000101,1236,693,543
109000102,329,752,-423
109000103,767,519,248
109000104,1170,468,702
109000105,378,1002,-624
109000106,1486,706,780
109000107,513,1749,-1236
109000108,1407,503,904
109000109,434,1581,-1147
109000110,935,557,378
109000111,1073,2327,-1254
109000112,613,115,498
109000113,435,179,256
109000114,184,408,-224
109000115,1141,104,1037
109000116,22,541,-519
109000117,186,76,110
109000118,20,287,-267
109000119,821,253,568
109000120,163,587,-424
109000121,515,93,422
109000122,129,630,-501
109000123,79,162,-83
109000124,506,398,108
109000125,651,307,344
109000126,412,610,-198
109000127,1119,334,785
109000128,414,1203,-789
109000129,1542,672,870
109000130,777,2160,-1383
109000131,1213,832,381
109000132,1007,2260,-1253
109000133,456,928,-472
109000134,763,1378,-615
109000135,1071,1541,-470
109000136,328,274,54
109000137,288,373,-85
109000138,464,366,98
109000139,424,480,-56
109000140,262,617,-355
109000141,598,512,86
109000142,95,380,-285
109000143,79,84,-5
109000145,142,377,-235
109000146,101,109,-8
109000148,2816,1256,1560
109000149,22,65,-43
109000150,161,241,-80
109000155,601,533,68
109000156,1052,620,432
109000158,65,229,-164
109000159,99,450,-351
109000160,689,184,505
109000161,223,984,-761
109000162,1480,720,760
109000163,741,1644,-903
109000164,1083,2427,-1344
109000165,1018,580,438
109000166,514,125,389
109000167,135,439,-304
109000170,65,80,-15
109000171,65,63,2
109000172,70,93,-23
109000173,37,69,-32
109000174,81,57,24
109000175,148,303,-155
109000176,239,238,1
109000177,32,108,-76
109000178,572,372,200
109000179,3690,3536,154
109000180,3827,2529,1298
109000181,17,38,-21
109000182,31,31,0
109000183,36,32,4
109000184,32,21,11
109000185,14,42,-28
109000188,609,1495,-886
109000189,2260,857,1403
109000190,450,399,51
109000191,284,415,-131
109000192,300,222,78
109000193,164,284,-120
109000194,205,118,87
109000195,139,333,-194
109000196,240,157,83
109000197,143,335,-192
109000198,227,68,159
109000199,99,374,-275
109000206,234,33,201
109000207,99,41,58
109000208,84,71,13
109000209,127,199,-72
109000210,216,448,-232
109000211,421,507,-86
109000214,535,676,-141
109000215,139,82,57
109000216,259,227,32
109000217,441,131,310
109000218,488,156,332
109000221,620,1131,-511
109000222,1050,306,744
109000223,339,286,53
109000224,38,139,-101
109000225,74,44,30
109000226,64,199,-135
109000227,742,849,-107
109000228,3,985,-982
109000231,3,300,-297
109000232,317,309,8
109000236,235,745,-510
109000241,2084,2044,40
109000242,2068,1426,642
109000293,118,175,-57
109000361,192,329,-137
109000364,212,471,-259
109000396,6,462,-456
109000397,330,9,321
109000399,172,366,-194
109000400,71,242,-171
109000403,135,1179,-1044
109000406,433,4,429
109000407,244,219,25
109000408,0,442,-442
109000410,796,261,535
109000411,157,28,129
109900001,62,0,62
109900002,770,24,746
109900003,211,0,211
109900004,125,17,108
109900005,13,1,12
109900006,359,155,204
109900007,532,405,127
109900008,0,53,-53
109900009,105,445,-340
109900010,430,24,406
109900011,90,70,20
109900012,370,208,162
109900013,319,200,119
109900014,385,55,330
109900015,432,283,149
109900016,149,19,130
109900017,157,227,-70
109900018,260,58,202
109900019,393,50,343
109900020,27,113,-86
109900021,10,20,-10
109900022,131,206,-75
109900023,24,11,13
109900024,25,1,24
109900025,17,69,-52
109900026,0,8,-8
109900027,27,87,-60
109900028,1277,807,470
109900029,0,246,-246
109900030,40,14,26
109900031,2,91,-89
109900032,8,312,-304
109900033,3,374,-371
109900034,39,6,33
109900035,8,26,-18
109900036,26,72,-46
109900037,28,440,-412
109900038,91,205,-114
109900039,12,1,11
109900040,31,478,-447
109900041,102,314,-212
109900042,85,365,-280
109900044,152,223,-71
109900045,487,120,367
109900046,101,99,2
109900047,377,267,110
109900048,3,125,-122
109900049,3,27,-24
109900050,1,136,-135
109900051,2,78,-76
109900052,104,269,-165
109900053,4,298,-294
109900054,424,149,275
109900055,53,203,-150
109900056,49,246,-197
109900057,4,155,-151
109900058,0,56,-56
109900059,39,15,24
109900060,304,103,201
109900061,58,240,-182
109900062,1,133,-132
109900063,0,45,-45
109900064,465,250,215
109900065,93,151,-58
109900066,337,768,-431
109900067,1,190,-189
109900068,50,6,44
109900069,3,51,-48
109900070,4,29,-25
109900071,7,38,-31
109900072,19,158,-139
109900073,266,426,-160
109900074,19,57,-38
109900075,15,43,-28
109900076,19,268,-249
109900077,53,82,-29
109900078,109,174,-65
109900080,94,259,-165
109900081,27,235,-208
109900082,22,270,-248
109900083,18,56,-38
109900084,68,131,-63
109900085,190,530,-340
109900086,172,377,-205
109900087,402,471,-69
109900089,566,211,355
109900090,56,94,-38
109900091,13,2,11
109900092,771,30,741
109900093,765,140,625
109900094,66,93,-27
109900095,315,195,120
109900096,19,5,14
109900097,47,0,47
109900098,280,36,244
109900099,173,0,173
109900100,30,2,28
109900101,302,9,293
109900102,448,33,415
109900103,34,29,5
109900104,416,670,-254
109900105,420,38,382
109900106,344,50,294
109900107,392,71,321
109900108,88,249,-161
109900109,36,130,-94
109900110,4,37,-33
109900111,252,613,-361
109900112,23,41,-18
109900113,44,38,6
109900114,1009,613,396
109900115,156,130,26
109900117,666,96,570
109900118,29,61,-32
109900119,66,37,29
109900120,8,5,3
109900121,310,464,-154
109900122,31,1,30
109900123,22,132,-110
109900124,4,55,-51
109900125,1,139,-138
109900126,247,85,162
109900128,16,2,14
109900130,5160,1735,3425
109900131,84,147,-63
109900132,23,146,-123
109900133,11,21,-10
109900134,153,116,37
109900135,393,89,304
109900136,20,12,8
109900137,100,267,-167
109900140,219,144,75
109900142,87,19,68
109900145,1,58,-57
109900146,45,6,39
109900148,10,9,1
109900149,48,56,-8
109900150,7,102,-95
109900151,9,67,-58
109900152,2,26,-24
109900153,2,94,-92
109900154,66,0,66
109900155,91,21,70
109900157,53,191,-138
109900158,9,9,0
109900159,171,31,140
109900160,24,9,15
109900161,211,85,126
109900162,185,109,76
109900163,551,224,327
109900164,46,235,-189
109900165,268,5,263
109900166,3,154,-151
109900167,158,433,-275
109900168,193,542,-349
109900169,136,200,-64
109900170,200,591,-391
109900171,141,90,51
109900172,127,188,-61
109900173,2249,1738,511
109900174,47,85,-38
109900175,80,70,10
109900176,106,192,-86
109900177,67,193,-126
109900178,49,142,-93
109900179,105,14,91
109900180,5,17,-12
110000001,962,488,474
110000002,567,700,-133
110000003,751,665,86
110000004,417,543,-126
110000005,382,1355,-973
110000006,314,298,16
110000007,89,107,-18
110000008,17,57,-40
110000009,49,29,20
110000010,37,66,-29
110000011,42,78,-36
110000012,451,378,73
110000013,49,463,-414
110000014,684,404,280
110000015,243,741,-498
110000016,243,1063,-820
110000017,2191,243,1948
110000018,1935,406,1529
110000019,5,76,-71
110000020,287,199,88
110000021,516,320,196
110000022,576,129,447
110000023,0,102,-102
110000024,559,319,240
110000025,352,4,348
110000026,6,212,-206
110000027,1094,512,582
110000028,763,645,118
110000029,437,641,-204
110000030,228,406,-178
110000031,228,422,-194
110000032,592,416,176
110000033,368,73,295
110000034,377,627,-250
110000035,666,385,281
110000036,576,507,69
110000037,152,320,-168
110000038,186,508,-322
110000039,607,2114,-1507
110000040,249,274,-25
110000041,257,1015,-758
110000042,81,262,-181
110000043,641,252,389
110000044,86,172,-86
110000045,653,90,563
110000046,5,27,-22
110000047,34,31,3
110000048,21,37,-16
110000049,70,8,62
110000050,14,23,-9
110000051,53,15,38
110000052,51,49,2
110000053,52,9,43
110000054,376,238,138
110000055,717,42,675
110000056,201,116,85
110000057,326,475,-149
110000058,855,420,435
110000059,882,453,429
110000060,739,801,-62
110000061,752,622,130
110000062,543,934,-391
110000063,29,83,-54
110000064,74,76,-2
110000065,47,68,-21
110000066,53,46,7
110000067,92,138,-46
110000068,265,146,119
110000069,161,87,74
110000071,95,101,-6
110000073,10,16,-6
110000075,11,86,-75
110000076,237,298,-61
110000077,332,1029,-697
110000078,26,34,-8
110000080,282,520,-238
110000081,126,224,-98
110000082,57,330,-273
110000083,243,600,-357
110000084,1106,706,400
110000085,2006,1547,459
110000086,1466,1674,-208
110000087,13,52,-39
110000088,81,182,-101
110000089,254,121,133
110000090,575,215,360
110000091,1035,246,789
110000092,15,67,-52
110000093,58,7,51
110000094,409,250,159
110000095,146,478,-332
110000096,1933,1786,147
110000097,851,1050,-199
110000098,1632,532,1100
110000099,724,1424,-700
110000100,674,436,238
110000101,34,325,-291
110000102,88,47,41
110000104,453,144,309
110000105,96,250,-154
110000106,511,354,157
110000107,286,399,-113
110000108,182,62,120
110000109,222,242,-20
110000110,2728,3080,-352
110000111,4270,2192,2078
110000112,1127,1022,105
110000113,326,1666,-1340
110000114,155,417,-262
110000115,265,281,-16
110000116,37,52,-15
110000117,176,268,-92
110000118,282,127,155
110000119,194,293,-99
110000120,329,160,169
110000121,66,345,-279
110000122,387,585,-198
110000123,455,643,-188
110000124,0,829,-829
110000125,788,4,784
110000126,268,25,243
110000127,886,41,845
110000128,37,1047,-1010
110000129,6,523,-517
110000130,331,157,174
110000131,93,412,-319
110000132,0,620,-620
110000133,36,653,-617
110000134,13,334,-321
110000135,144,33,111
110000136,46,265,-219
110000137,406,467,-61
110000138,557,525,32
110000139,599,971,-372
110000140,902,583,319
110000143,570,357,213
110000144,4924,1801,3123
110000145,1894,904,990
110000146,1341,630,711
110000147,315,491,-176
110000148,420,245,175
110000151,849,891,-42
110000152,752,328,424
110000153,62,52,10
110000154,11,33,-22
110000155,1272,3362,-2090
110000156,1034,2192,-1158
110000157,1748,1703,45
110000160,320,254,66
110000161,147,284,-137
110000166,361,99,262
110000167,634,466,168
110000168,844,456,388
110000169,792,336,456
110000170,160,69,91
110000171,643,144,499
110000172,156,693,-537
110000173,1174,1114,60
110000174,101,767,-666
110000175,479,55,424
110000176,559,257,302
110000177,216,667,-451
110000178,378,1252,-874
110000179,965,259,706
110000180,149,171,-22
110000181,279,437,-158
110000182,257,130,127
110000183,6876,5243,1633
110000184,320,1864,-1544
110000185,733,559,174
110000186,578,591,-13
110000191,826,275,551
110000192,814,4,810
110000193,1610,6,1604
110000194,14,853,-839
110000195,366,272,94
110000196,294,328,-34
110000197,77,162,-85
110000198,102,76,26
110000199,93,99,-6
110000200,1239,415,824
110000201,1062,906,156
110000202,1073,662,411
110000203,673,656,17
110000204,4,186,-182
110000205,88,57,31
110000206,661,1250,-589
110000207,766,364,402
110000208,171,186,-15
110000209,116,706,-590
110000210,947,510,437
110000211,709,587,122
110000212,416,904,-488
110000213,140,67,73
110000214,201,114,87
110000215,147,316,-169
110000216,120,277,-157
110000217,199,176,23
110000218,179,263,-84
110000219,273,74,199
110000220,58,217,-159
110000221,259,89,170
110000222,59,186,-127
110000223,3,211,-208
110000224,102,22,80
110000225,259,685,-426
110000226,179,89,90
110000227,570,622,-52
110000228,255,228,27
110000229,1,216,-215
110000230,453,582,-129
110000231,201,200,1
110000232,335,176,159
110000233,260,233,27
110000234,601,462,139
110000235,769,848,-79
110000236,537,587,-50
110000237,1605,1069,536
110000238,993,1290,-297
110000239,1641,1080,561
110000240,0,76,-76
110000242,0,9,-9
110000243,100,165,-65
110000244,140,266,-126
110000245,33,321,-288
110000246,731,467,264
110000247,970,3326,-2356
110000248,1484,1253,231
110000249,67,17,50
110000250,80,148,-68
110000251,192,424,-232
110000252,285,147,138
110000253,1122,603,519
110000254,580,828,-248
110000255,202,746,-544
110000256,419,287,132
110000257,576,372,204
110000258,19,237,-218
110000259,80,10,70
110000260,18,193,-175
110000263,349,82,267
110000264,270,316,-46
110000265,1111,1444,-333
110000266,1599,2266,-667
110000267,25,152,-127
110000268,282,306,-24
110000269,2,57,-55
110000270,51,1,50
110000271,1331,185,1146
110000272,1083,816,267
110000273,2486,1205,1281
110000274,215,974,-759
110000275,1409,468,941
110000276,690,302,388
110000277,335,306,29
110000278,498,540,-42
110000279,757,709,48
110000280,412,302,110
110000281,30,233,-203
110000282,224,38,186
110000283,71,125,-54
110000284,52,94,-42
110000285,5,423,-418
110000286,17,0,17
110000287,59,5,54
110000288,16,99,-83
110000289,386,1274,-888
110000290,910,518,392
110000291,3781,1116,2665
110000292,1137,3256,-2119
110000293,579,596,-17
110000294,833,839,-6
110000295,103,571,-468
110000296,321,332,-11
110000297,1729,258,1471
110000298,220,528,-308
110000299,265,68,197
110000301,422,25,397
110000302,620,819,-199
110000303,569,3,566
110000304,272,232,40
110000305,957,18,939
110000306,138,932,-794
110000307,1246,7,1239
110000308,310,2,308
110000309,7,575,-568
110000310,627,61,566
110000311,8,451,-443
110000312,347,62,285
110000313,1987,2322,-335
110000314,2,209,-207
110000315,2706,2077,629
110000316,529,1276,-747
110000317,465,365,100
110000318,10,86,-76
110000319,59,13,46
110000320,80,52,28
110000321,17,40,-23
110000322,267,288,-21
110000323,499,140,359
110000324,2456,1264,1192
110000325,2069,2083,-14
110000327,475,263,212
110000328,153,337,-184
110000333,823,494,329
110000334,682,1093,-411
110000335,591,376,215
110000336,585,941,-356
110000337,1163,526,637
110000338,576,198,378
110000339,389,162,227
110000340,319,138,181
110000341,343,461,-118
110000342,321,7,314
110000343,1,13,-12
110000344,1183,137,1046
110000345,1221,120,1101
110000346,2140,1591,549
110000347,948,685,263
110000348,30,39,-9
110000349,7,28,-21
110000350,59,6,53
110000351,828,784,44
110000352,572,1189,-617
110000353,2201,747,1454
110000354,960,2294,-1334
110000355,54,96,-42
110000356,451,1,450
110000357,254,20,234
110000361,9,48,-39
110000362,70,19,51
110000363,281,116,165
110000364,152,267,-115
110000365,173,0,173
110000366,2,79,-77
110000367,317,130,187
110000368,2,44,-42
110000369,117,5,112
110000373,7,227,-220
110000374,328,32,296
110000375,98,874,-776
110000376,19,72,-53
110000377,74,350,-276
110000378,21,278,-257
110000379,2438,1474,964
110000380,74,29,45
110000383,4,1105,-1101
110000384,2669,1159,1510
110000385,1,123,-122
110000387,50,17,33
110000388,43,204,-161
110000389,659,8,651
110000391,710,225,485
110000396,139,139,0
110000397,127,170,-43
110000398,11,51,-40
110000399,124,1,123
110000587,181,45,136
110000589,184,147,37
110000640,124,37,87
110000652,17,124,-107
110000653,319,478,-159
110000654,115,296,-181
110000656,1,553,-552
110000674,32,14,18
110000675,7,7,0
110000676,2,38,-36
110000679,434,955,-521
110000682,108,171,-63
110000683,230,507,-277
110000684,5,37,-32
110000685,9,9,0
110000686,1,30,-29
110000687,45,5,40
110000688,57,688,-631
110000689,59,39,20
110000692,56,110,-54
110000693,78,230,-152
110000694,0,146,-146
110000695,296,427,-131
110000696,60,89,-29
110900001,162,20,142
110900002,282,157,125
110900003,466,351,115
110900004,316,150,166
110900005,2095,1786,309
110900006,46,6,40
110900007,94,14,80
110900008,13,69,-56
110900009,328,61,267
110900010,13,82,-69
110900011,21,73,-52
110900012,6,75,-69
110900013,785,132,653
110900014,471,16,455
110900015,426,493,-67
110900016,36,142,-106
110900017,349,32,317
110900018,387,38,349
110900019,165,16,149
110900020,69,213,-144
110900021,80,467,-387
110900022,167,271,-104
110900023,89,324,-235
110900024,23,335,-312
110900025,3,38,-35
110900027,35,164,-129
110900028,37,104,-67
110900029,18,275,-257
110900030,27,205,-178
110900031,137,134,3
110900032,0,59,-59
110900033,35,148,-113
110900035,25,447,-422
110900036,67,18,49
110900037,47,23,24
110900038,651,171,480
110900039,7,196,-189
110900040,167,32,135
110900041,17,85,-68
110900042,110,47,63
110900043,1,88,-87
110900044,180,19,161
110900045,40,325,-285
110900046,34,195,-161
110900047,510,183,327
110900049,55,42,13
110900050,11,9,2
110900051,34,209,-175
110900052,1,130,-129
110900053,63,27,36
110900054,90,153,-63
110900055,25,3,22
110900056,54,101,-47
110900057,7,158,-151
110900058,206,170,36
110900059,594,426,168
110900060,329,101,228
110900061,21,36,-15
110900062,105,226,-121
110900063,42,327,-285
110900064,33,6,27
110900065,395,138,257
110900066,4,90,-86
110900067,278,461,-183
110900068,195,204,-9
110900069,4,20,-16
110900070,97,89,8
110900071,210,352,-142
110900073,3,31,-28
110900074,305,73,232
110900075,260,69,191
110900077,784,651,133
110900078,20,60,-40
110900079,2154,1223,931
110900080,73,90,-17
110900081,3,41,-38
110900082,90,126,-36
110900083,93,51,42
110900084,31,60,-29
110900085,40,217,-177
110900086,51,240,-189
110900087,311,80,231
110900088,15,1,14
110900090,18,39,-21
110900091,4,56,-52
110900093,279,115,164
110900095,22,45,-23
110900097,22,25,-3
110900098,25,78,-53
110900099,29,287,-258
110900100,0,34,-34
110900102,106,19,87
110900105,448,219,229
110900108,15,52,-37
110900111,341,318,23
110900112,770,4,766
110900113,362,34,328
110900115,7,68,-61
110900116,522,1551,-1029
110900118,117,2137,-2020
110900119,2824,298,2526
110900120,13,50,-37
110900121,106,1,105
110900122,340,164,176
110900125,380,372,8
110900127,582,1109,-527
110900128,404,466,-62
110900129,364,685,-321
110900130,1010,564,446
110900131,226,52,174
110900132,209,44,165
110900133,249,190,59
110900135,63,222,-159
110900136,316,23,293
110900138,0,0,0
110900139,61,1,60
110900140,0,0,0
110900141,519,174,345
110900142,23,163,-140
110900143,147,71,76
110900144,4,624,-620
110900145,399,33,366
110900146,359,165,194
110900147,122,257,-135
110900148,2,239,-237
110900149,0,77,-77
110900150,33,15,18
110900151,5,52,-47
110900152,46,206,-160
110900153,141,41,100
111000001,498,499,-1
111000002,927,691,236
111000003,1068,655,413
111000004,557,987,-430
111000005,1358,1049,309
111000006,792,1639,-847
111000007,3213,2444,769
111000008,1917,2801,-884
111000009,397,838,-441
111000010,743,227,516
111000011,528,1038,-510
111000012,884,350,534
111000013,400,956,-556
111000014,2071,624,1447
111000017,121,807,-686
111000018,349,383,-34
111000020,786,2202,-1416
111000021,81,92,-11
111000023,69,87,-18
111000025,3549,3427,122
111000029,145,139,6
111000030,28,101,-73
111000031,1798,1085,713
111000032,729,375,354
111000033,315,324,-9
111000034,202,239,-37
111000037,1170,921,249
111000038,3781,2349,1432
111000039,1818,2096,-278
111000040,1707,2320,-613
111000041,1890,1758,132
111000042,2711,2346,365
111000043,1615,2581,-966
111000044,1626,1211,415
111000045,1765,2123,-358
111000046,1281,1632,-351
111000047,1863,3400,-1537
111000049,500,391,109
111000050,1183,1241,-58
111000051,531,921,-390
111000052,582,1331,-749
111000053,393,953,-560
111000054,312,785,-473
111000055,1008,1517,-509
111000056,143,458,-315
111000057,81,508,-427
111000058,316,83,233
111000059,627,254,373
111000060,3349,913,2436
111000061,440,338,102
111000062,666,306,360
111000063,1741,867,874
111000064,575,572,3
111000065,936,861,75
111000066,366,431,-65
111000067,752,668,84
111000068,604,1193,-589
111000069,1904,2188,-284
111000070,1354,1176,178
111000071,265,788,-523
111000072,973,413,560
111000073,306,744,-438
111000074,1270,1561,-291
111000075,1183,687,496
111000076,411,459,-48
111000077,1726,1947,-221
111000078,3221,1613,1608
111000079,1327,733,594
111000080,495,674,-179
111000081,1482,3329,-1847
111000082,575,622,-47
111000084,675,655,20
111000085,850,1266,-416
111000086,2262,1150,1112
111000087,618,722,-104
111000088,4141,1833,2308
111000089,677,720,-43
111000090,859,1368,-509
111000091,629,483,146
111000092,1043,873,170
111000093,628,936,-308
111000094,1679,961,718
111000095,555,1929,-1374
111000096,1808,6288,-4480
111000097,4508,1984,2524
111000098,911,1204,-293
111000099,620,1749,-1129
111000100,327,1513,-1186
111000101,407,721,-314
111000102,231,519,-288
111000104,463,180,283
111000107,107,591,-484
111000109,495,265,230
111000110,1257,687,570
111000111,1857,618,1239
111000112,1565,716,849
111000113,878,1606,-728
111000114,2376,2982,-606
111000115,5010,1280,3730
111000116,932,871,61
111000117,464,768,-304
111000118,1731,849,882
111000119,903,957,-54
111000120,412,602,-190
111000121,280,624,-344
111000122,462,1187,-725
111000123,911,2649,-1738
111000124,369,2329,-1960
111000125,260,1401,-1141
111000126,119,854,-735
111000127,762,147,615
111000128,1518,289,1229
111000129,2161,454,1707
111000130,1691,715,976
111000131,1297,522,775
111000132,1074,610,464
111000133,164,177,-13
111000134,174,142,32
111000135,34,154,-120
111000136,314,379,-65
111000138,13,7,6
111000140,3,8,-5
111000141,185,340,-155
111000142,17,127,-110
111000143,8,144,-136
111000144,46,407,-361
111000145,2208,24,2184
111000146,215,18,197
111000147,315,55,260
111000148,133,45,88
111000149,4,37,-33
111000150,30,8,22
111000151,13,28,-15
111000153,567,739,-172
111000154,846,184,662
111000155,71,183,-112
111000156,394,571,-177
111000157,260,990,-730
111000158,826,718,108
111000159,1962,607,1355
111000160,378,286,92
111000161,21,273,-252
111000162,118,152,-34
111000163,750,900,-150
111000164,712,3048,-2336
111000165,1053,530,523
111000166,2160,412,1748
111000167,197,459,-262
111000168,224,476,-252
111000169,323,694,-371
111000170,594,403,191
111000171,520,640,-120
111000172,198,407,-209
111000173,379,749,-370
111000174,139,280,-141
111000175,43,264,-221
111000176,455,134,321
111000177,270,249,21
111000178,961,416,545
111000179,206,233,-27
111000180,234,504,-270
111000181,892,222,670
111000182,154,158,-4
111000183,626,269,357
111000184,330,225,105
111000185,394,402,-8
111000186,518,297,221
111000187,122,215,-93
111000188,193,455,-262
111000189,1075,610,465
111000190,195,336,-141
111000191,179,357,-178
111000192,216,551,-335
111000193,313,348,-35
111000194,74,285,-211
111000195,140,300,-160
111000196,83,217,-134
111000197,352,185,167
111000198,594,138,456
111000199,175,138,37
111000200,315,350,-35
111000201,488,253,235
111000202,239,205,34
111000203,235,287,-52
111000204,454,932,-478
111000213,206,488,-282
111000214,1558,1373,185
111000215,1025,1297,-272
111000217,1168,730,438
111000218,1042,919,123
111000219,412,218,194
111000220,1338,476,862
111000221,784,127,657
111000224,79,348,-269
111000225,380,286,94
111000226,129,1,128
111000227,49,10,39
111000228,29,275,-246
111000229,51,657,-606
111000230,244,273,-29
111000231,949,692,257
111000232,590,876,-286
111000233,679,651,28
111000234,145,320,-175
111000239,113,156,-43
111000240,39,166,-127
111000241,28,291,-263
111000242,120,51,69
111000243,188,556,-368
111000244,424,102,322
111000245,1360,429,931
111000246,511,373,138
111000247,218,803,-585
111000248,554,470,84
111000249,378,658,-280
111000250,47,85,-38
111000251,59,116,-57
111000253,13,15,-2
111000255,43,6,37
111000257,27,18,9
111000260,49,938,-889
111000261,991,128,863
111000271,52,290,-238
111000273,3025,1705,1320
111000274,1095,1803,-708
111000275,152,94,58
111000276,261,1693,-1432
111000277,181,390,-209
111000278,594,256,338
111000291,787,3758,-2971
111000298,502,232,270
111000299,549,113,436
111000300,109,487,-378
111000302,234,82,152
111000303,75,171,-96
111000312,54,79,-25
111000315,17,109,-92
111000320,354,617,-263
111000321,309,122,187
111000322,379,493,-114
111000323,173,23,150
111000324,320,273,47
111000325,32,49,-17
111000326,169,320,-151
111000327,322,382,-60
111000328,237,498,-261
111000329,2,31,-29
111000330,46,15,31
111000331,23,6,17
111000332,478,1365,-887
111000334,404,1307,-903
111000335,1069,270,799
111000337,922,440,482
111000338,58,123,-65
111000339,517,283,234
111000340,239,493,-254
111000341,1133,655,478
111000342,337,929,-592
111000344,955,691,264
111000345,304,70,234
111000346,27,105,-78
111000347,104,25,79
111000350,299,91,208
111000351,193,273,-80
111000352,189,83,106
111000353,95,202,-107
111000354,608,85,523
111000355,328,410,-82
111000358,157,1038,-881
111000360,226,543,-317
111000361,156,231,-75
111000546,850,609,241
111000547,482,439,43
111000548,92,291,-199
111000549,315,298,17
111000550,143,714,-571
111000551,778,211,567
111000552,2630,203,2427
111000907,413,12,401
111000908,21,1,20
111000916,1292,323,969
111000917,50,398,-348
111000918,228,689,-461
111000920,453,25,428
111000921,8,208,-200
111000922,396,323,73
111000924,56,638,-582
111000925,2530,1886,644
111000926,1092,1801,-709
111000927,2636,4360,-1724
111000928,3784,3332,452
111000929,1677,1246,431
111000930,876,2193,-1317
111000931,1691,2633,-942
111000932,3672,2350,1322
111000933,3114,2086,1028
111000934,1855,3185,-1330
111000935,1131,1055,76
111000936,1209,2142,-933
111000937,891,1409,-518
111000938,1316,1662,-346
111000939,385,47,338
111000940,332,176,156
111000941,395,418,-23
111000943,329,343,-14
111000944,193,420,-227
111000945,95,1396,-1301
111001109,435,321,114
111001110,164,483,-319
111001111,89,6,83
111001112,110,3,107
111001113,2,197,-195
111001114,881,116,765
111001115,52,362,-310
111001116,4502,3146,1356
111001117,602,2306,-1704
111001120,101,258,-157
111001121,184,300,-116
111001122,243,423,-180
111001123,207,124,83
111001124,94,213,-119
111001125,7,109,-102
111001126,4,1,3
111001127,1,38,-37
111001128,362,531,-169
111900001,9,209,-200
111900002,1,583,-582
111900003,2,246,-244
111900004,33,92,-59
111900006,10,50,-40
111900007,58,7,51
111900008,121,1,120
111900009,128,0,128
111900010,408,425,-17
111900012,55,91,-36
111900013,8,45,-37
111900014,4612,2895,1717
111900015,1,31,-30
111900016,0,108,-108
111900017,2,92,-90
111900018,137,3,134
111900019,2,70,-68
111900020,6,73,-67
111900021,33,135,-102
111900022,8,68,-60
111900023,93,123,-30
111900024,15,74,-59
111900025,0,35,-35
111900026,2,99,-97
111900027,6,129,-123
111900028,1,305,-304
111900029,6,85,-79
111900030,45,275,-230
111900031,0,2,-2
111900032,3,313,-310
111900033,5,119,-114
111900034,380,473,-93
111900035,78,206,-128
111900036,2,241,-239
111900038,273,560,-287
111900039,48,368,-320
111900040,5,453,-448
111900042,26,140,-114
111900043,4,242,-238
111900044,404,156,248
111900046,64,136,-72
111900048,166,577,-411
111900049,40,155,-115
111900050,78,32,46
111900051,1,186,-185
111900052,419,379,40
111900053,1031,993,38
111900054,92,6,86
111900055,13,376,-363
111900056,255,257,-2
111900057,102,51,51
111900058,321,533,-212
111900059,1429,486,943
111900060,288,5,283
111900061,4,166,-162
111900062,22,66,-44
111900063,374,255,119
111900064,147,231,-84
111900065,70,33,37
111900066,102,120,-18
111900067,4,367,-363
111900068,34,34,0
111900069,71,25,46
111900070,119,121,-2
111900071,3,198,-195
111900072,53,19,34
111900073,611,120,491
111900074,24,170,-146
111900075,58,5,53
111900076,116,29,87
111900077,24,1,23
111900078,185,13,172
111900079,37,28,9
111900080,225,266,-41
111900082,126,23,103
111900083,93,9,84
111900084,64,8,56
111900085,40,120,-80
111900086,35,4,31
111900087,66,1,65
111900088,349,9,340
111900089,106,4,102
111900090,63,37,26
111900091,219,5,214
111900092,68,1,67
111900093,251,6,245
111900094,115,1,114
111900095,166,17,149
111900096,136,17,119
111900097,50,0,50
111900098,122,1,121
111900099,58,0,58
111900100,99,4,95
111900101,77,27,50
111900102,679,515,164
111900103,54,88,-34
111900104,138,79,59
111900105,301,163,138
111900106,717,55,662
111900110,1312,329,983
111900111,215,137,78
111900112,474,1844,-1370
111900113,225,77,148
111900118,313,88,225
111900119,324,130,194
111900122,143,66,77
111900123,27,28,-1
111900124,33,113,-80
111900125,364,20,344
111900126,227,4,223
111900127,1,587,-586
111900128,10,428,-418
111900129,223,6,217
111900130,174,21,153
111900131,368,2,366
111900132,25,795,-770
111900133,5,260,-255
111900134,11,175,-164
111900135,12,25,-13
111900136,53,137,-84
111900137,74,95,-21
111900138,11,74,-63
111900139,30,148,-118
111900140,102,38,64
111900141,111,17,94
111900142,109,44,65
111900143,46,165,-119
111900144,0,69,-69
111900145,1,334,-333
111900146,1,212,-211
111900147,132,331,-199
111900148,25,470,-445
111900149,4,211,-207
111900150,17,116,-99
111900151,2,20,-18
111900152,57,78,-21
111900153,1365,466,899
111900154,9,135,-126
111900155,35,63,-28
111900156,20,48,-28
111900157,87,16,71
111900158,363,43,320
111900159,201,13,188
111900160,209,0,209
111900161,111,4,107
111900162,62,142,-80
111900163,29,159,-130
111900164,79,48,31
111901113,361,139,222
111901114,434,231,203
111901115,34,2,32
111901116,40,1,39
111901117,32,38,-6
111901118,74,218,-144
111901119,807,75,732
111901121,200,188,12
111901122,8,489,-481
111901123,128,355,-227
111901124,105,3,102
111901125,325,195,130
111901127,427,217,210
111901128,9,74,-65
111901129,12,111,-99
111901130,7,154,-147
111901131,5,166,-161
111901132,183,28,155
111901133,32,3,29
111901134,35,7,28
111901135,20,10,10
111901136,2,30,-28
111901138,244,41,203
111901139,15,34,-19
111901140,23,93,-70
111901141,18,111,-93
111901142,12,96,-84
111901143,2,67,-65
111901144,64,51,13
111901145,141,245,-104
111901146,462,31,431
111901147,630,200,430
111901148,10,62,-52
111901149,20,5,15
111901150,18,0,18
111901151,0,0,0
112000001,1464,713,751
112000002,637,1921,-1284
112000003,931,886,45
112000004,633,805,-172
112000005,2502,3184,-682
112000006,2191,1781,410
112000007,2113,1665,448
112000008,1901,3253,-1352
112000009,3045,2682,363
112000010,2228,2630,-402
112000011,1519,1455,64
112000012,2863,2680,183
112000013,4016,2403,1613
112000014,2323,1290,1033
112000015,3365,2300,1065
112000016,4020,1083,2937
112000017,2054,1575,479
112000024,2426,1142,1284
112000026,3386,4281,-895
112000027,761,525,236
112000028,1312,1342,-30
112000029,395,513,-118
112000030,154,96,58
112000031,1085,2948,-1863
112000032,340,48,292
112000033,1542,1240,302
112000034,270,50,220
112000035,210,270,-60
112000036,872,574,298
112000037,1227,557,670
112000038,1264,698,566
112000039,75,86,-11
112000040,94,237,-143
112000041,495,453,42
112000042,986,365,621
112000050,1144,1258,-114
112000051,795,1054,-259
112000054,1513,1659,-146
112000057,327,377,-50
112000058,292,421,-129
112000059,395,693,-298
112000061,2499,1716,783
112000062,1276,525,751
112000063,977,1253,-276
112000064,3669,4558,-889
112000065,1786,2239,-453
112000066,2964,1292,1672
112000067,754,643,111
112000068,2395,2045,350
112000069,770,1501,-731
112000070,1568,729,839
112000071,745,2285,-1540
112000072,1741,773,968
112000073,1419,1830,-411
112000074,1220,976,244
112000075,1322,1143,179
112000076,2986,2566,420
112000077,530,504,26
112000078,1446,563,883
112000079,1194,1054,140
112000080,720,816,-96
112000081,1341,2097,-756
112000082,1253,798,455
112000083,595,1084,-489
112000084,1003,915,88
112000085,881,857,24
112000086,1385,1346,39
112000087,443,704,-261
112000088,610,658,-48
112000089,295,296,-1
112000090,252,259,-7
112000091,588,964,-376
112000092,1533,1164,369
112000093,1466,937,529
112000094,601,849,-248
112000095,549,900,-351
112000096,457,624,-167
112000097,868,674,194
112000098,965,945,20
112000099,524,1328,-804
112000100,1460,798,662
112000101,617,971,-354
112000102,925,571,354
112000103,303,945,-642
112000105,587,1544,-957
112000106,1411,509,902
112000107,83,218,-135
112000108,268,1502,-1234
112000109,210,127,83
112000110,1722,720,1002
112000111,978,2631,-1653
112000112,3101,574,2527
112000113,848,1511,-663
112000114,2239,812,1427
112000115,268,434,-166
112000116,420,924,-504
112000117,808,718,90
112000118,921,920,1
112000119,447,841,-394
112000120,89,310,-221
112000121,113,498,-385
112000122,286,219,67
112000123,601,215,386
112000124,315,109,206
112000125,213,224,-11
112000126,194,477,-283
112000127,1684,1590,94
112000128,645,432,213
112000129,138,102,36
112000130,202,67,135
112000131,46,296,-250
112000132,136,288,-152
112000133,300,182,118
112000134,463,362,101
112000135,2171,642,1529
112000136,1945,1120,825
112000137,1477,1200,277
112000138,1599,978,621
112000139,800,538,262
112000140,1060,1012,48
112000141,614,333,281
112000142,161,573,-412
112000143,916,280,636
112000144,276,1080,-804
112000145,2033,607,1426
112000146,577,1763,-1186
112000147,2410,1835,575
112000148,1734,1934,-200
112000149,385,538,-153
112000150,198,685,-487
112000151,346,348,-2
112000152,323,438,-115
112000153,106,326,-220
112000154,109,200,-91
112000155,128,95,33
112000157,649,479,170
112000158,280,389,-109
112000159,377,403,-26
112000167,252,83,169
112000169,417,355,62
112000173,482,214,268
112000175,327,386,-59
112000176,2600,1704,896
112000177,430,152,278
112000178,74,331,-257
112000179,184,85,99
112000180,254,350,-96
112000181,1272,1665,-393
112000182,1048,1498,-450
112000183,32,56,-24
112000184,388,316,72
112000185,481,607,-126
112000187,2990,2007,983
112000195,130,26,104
112000196,215,0,215
112000197,141,126,15
112000198,46,212,-166
112000199,1124,850,274
112000202,293,0,293
112000216,54,235,-181
112000230,82,4,78
112000231,2,207,-205
112000256,52,190,-138
112000313,65,108,-43
112000314,40,51,-11
112000337,254,449,-195
112000352,328,305,23
112000392,1006,1024,-18
112000398,951,748,203
112000399,1425,1464,-39
112000400,1424,2615,-1191
112000401,2988,2509,479
112000402,2097,2477,-380
112000403,1500,2263,-763
112000404,634,754,-120
112000405,1611,2590,-979
112000406,2915,2454,461
112000407,5325,7278,-1953
112000408,7033,6395,638
112000409,1896,4926,-3030
112000410,404,293,111
112000411,3397,1264,2133
112000412,1608,677,931
112000413,7325,4284,3041
112000414,78,86,-8
112000415,80,56,24
112000416,2025,1404,621
112000417,229,68,161
112000421,68,101,-33
112000422,377,310,67
112000424,1951,2062,-111
112000425,397,819,-422
112000426,117,354,-237
112000427,1,22,-21
112000428,221,387,-166
112000429,1975,2239,-264
112000430,2192,2370,-178
112000431,74,121,-47
112000432,647,1091,-444
112000433,327,650,-323
112000437,68,180,-112
112900001,64,1,63
112900002,311,884,-573
112900003,68,395,-327
112900004,31,260,-229
112900005,232,227,5
112900007,30,231,-201
112900008,0,16,-16
112900009,327,71,256
112900010,374,862,-488
112900011,209,217,-8
112900012,0,74,-74
112900013,0,114,-114
112900014,4,214,-210
112900015,351,539,-188
112900016,7,250,-243
112900017,27,192,-165
112900018,185,517,-332
112900019,38,138,-100
112900020,316,747,-431
112900021,3,215,-212
112900022,13,68,-55
112900023,0,173,-173
112900024,15,251,-236
112900025,66,216,-150
112900026,7,239,-232
112900027,12,979,-967
112900028,27,102,-75
112900029,23,585,-562
112900030,133,160,-27
112900031,14,405,-391
112900032,154,260,-106
112900034,2,48,-46
112900035,5,318,-313
112900036,22,135,-113
112900037,149,241,-92
112900038,446,159,287
112900039,20,268,-248
112900040,7,306,-299
112900041,472,773,-301
112900042,46,283,-237
112900043,43,41,2
112900044,561,408,153
112900045,296,257,39
112900046,157,47,110
112900047,19,19,0
112900049,182,57,125
112900050,49,406,-357
112900051,318,556,-238
112900052,7,829,-822
112900053,648,70,578
112900054,196,45,151
112900055,139,38,101
112900056,296,196,100
112900057,29,496,-467
112900058,288,313,-25
112900059,130,114,16
112900060,15,110,-95
112900061,61,71,-10
112900062,93,126,-33
112900063,244,17,227
112900064,138,181,-43
112900065,32,23,9
112900066,160,150,10
112900067,401,152,249
112900068,36,41,-5
112900069,1470,643,827
112900071,33,8,25
112900072,186,1483,-1297
112900073,302,66,236
112900074,60,181,-121
112900075,1203,645,558
112900076,121,28,93
112900078,313,373,-60
112900079,301,46,255
112900080,38,4,34
112900081,46,147,-101
112900082,474,26,448
112900083,104,68,36
112900084,187,101,86
112900086,65,3,62
112900087,574,127,447
112900088,102,11,91
112900089,631,31,600
112900090,26,28,-2
112900091,225,4,221
112900092,135,256,-121
112900093,1134,20,1114
112900095,31,0,31
112900096,366,130,236
112900097,79,255,-176
112900098,73,3,70
112900099,624,17,607
112900100,62,4,58
112900101,249,3,246
112900102,146,11,135
112900103,149,9,140
112900104,519,9,510
112900105,19,0,19
112900106,389,102,287
112900107,12,0,12
112900108,17,1,16
112900109,102,1,101
112900110,896,11,885
112900111,535,3,532
112900112,346,11,335
112900113,1,7,-6
112900114,115,46,69
112900115,1130,5,1125
112900116,156,31,125
112900117,133,75,58
112900118,32,76,-44
112900119,101,4,97
112900120,828,266,562
112900121,108,151,-43
112900122,34,83,-49
112900123,127,23,104
112900124,5,93,-88
112900125,45,313,-268
112900126,218,212,6
112900127,280,108,172
112900128,334,705,-371
112900129,1,663,-662
112900130,278,53,225
112900131,52,240,-188
112900132,177,422,-245
112900133,21,815,-794
112900134,1,176,-175
112900135,79,37,42
112900137,2,470,-468
112900138,7,205,-198
112900139,188,1027,-839
112900141,565,29,536
112900142,75,103,-28
112900143,47,491,-444
112900144,8,687,-679
112900145,55,427,-372
112900146,3,1065,-1062
112900147,2,1730,-1728
112900148,63,3,60
112900149,254,688,-434
112900151,23,51,-28
112900152,3641,852,2789
112900153,1975,1834,141
112900154,2,133,-131
112900155,171,22,149
112900156,227,1023,-796
112900157,326,121,205
112900158,50,14,36
112900159,167,87,80
112900160,77,302,-225
112900161,102,48,54
112900162,44,27,17
112900163,107,40,67
112900164,31,178,-147
112900165,341,23,318
112900166,10,61,-51
112900167,7,64,-57
112900168,10,1,9
112900169,12,19,-7
112900170,73,99,-26
112900172,56,15,41
112900173,167,68,99
112900174,181,44,137
112900175,125,119,6
112900176,10,47,-37
112900177,259,75,184
112900178,710,2180,-1470
112900179,41,412,-371
112900180,1612,1423,189
112900181,463,6,457
112900182,51,985,-934
112900183,119,235,-116
112900184,348,286,62
112900185,240,526,-286
112900186,1020,710,310
112900187,78,523,-445
112900188,547,279,268
112900189,0,12,-12
112900190,6,45,-39
112900192,416,422,-6
112900193,808,280,528
112900194,52,63,-11
112900195,767,38,729
112900196,160,260,-100
112900197,175,280,-105
112900199,521,502,19
112900200,417,202,215
112900201,97,84,13
112900202,320,748,-428
112900203,252,268,-16
112900204,905,553,352
112900205,11,4,7
112900206,45,92,-47
112900207,24,0,24
112900208,102,311,-209
112900209,613,352,261
112900210,2,15,-13
112900211,113,72,41
112900212,0,133,-133
112900213,110,19,91
112900214,22,37,-15
112900215,10,173,-163
112900216,31,48,-17
112900217,3,42,-39
112900218,64,11,53
112900219,48,4,44
112900220,2,0,2
112900221,63,89,-26
112900222,0,20,-20
112900223,664,20,644
112900224,196,400,-204
112900225,311,303,8
112900226,154,271,-117
112900227,404,737,-333
112900228,45,30,15
112900229,163,54,109
112900230,5176,2961,2215
112900232,175,177,-2
112900233,71,126,-55
112900234,15,72,-57
112900235,146,30,116
112900236,225,11,214
112900237,220,259,-39
112900238,5,41,-36
112900239,915,341,574
112900240,8,93,-85
112900241,9,97,-88
112900242,1,143,-142
112900243,15,142,-127
112900244,7,69,-62
112900245,0,31,-31
112900246,6,17,-11
112900247,348,43,305
112900248,17,1,16
112900249,29,10,19
112900250,118,42,76
112900251,70,26,44
112900252,45,24,21
112900253,33,15,18
112900254,15,9,6
112900255,2,86,-84
112900256,2,71,-69
112900257,16,77,-61
112900258,19,42,-23
113000001,4747,3870,877
113000002,3098,2963,135
113000003,1704,1423,281
113000004,1670,1982,-312
113000005,1534,719,815
113000006,958,1196,-238
113000007,1885,1079,806
113000008,1662,1443,219
113000009,803,651,152
113000010,1104,1206,-102
113000011,575,1410,-835
113000012,1451,635,816
113000013,1499,780,719
113000014,1693,1571,122
113000015,405,203,202
113000016,337,760,-423
113000017,28,292,-264
113000018,440,78,362
113000019,153,309,-156
113000020,465,49,416
113000021,1259,583,676
113000022,568,951,-383
113000025,236,611,-375
113000026,321,385,-64
113000027,631,444,187
113000028,801,344,457
113000029,634,626,8
113000030,397,622,-225
113000031,271,310,-39
113000032,254,255,-1
113000033,234,324,-90
113000034,363,302,61
113000035,22,29,-7
113000036,17,51,-34
113000037,52,50,2
113000038,6,56,-50
113000039,47,300,-253
113000040,74,79,-5
113000042,771,522,249
113000051,809,2014,-1205
113000052,1692,730,962
113000053,349,317,32
113000054,264,640,-376
113000055,856,575,281
113000056,716,793,-77
113000058,679,795,-116
113000059,944,593,351
113000060,205,503,-298
113000061,521,683,-162
113000062,852,238,614
113000063,156,118,38
113000064,53,281,-228
113000065,121,754,-633
113000066,522,90,432
113000067,1493,1250,243
113000068,304,1206,-902
113000069,486,1030,-544
113000070,1954,1039,915
113000071,378,558,-180
113000072,624,488,136
113000073,321,1179,-858
113000074,765,330,435
113000075,1821,571,1250
113000076,547,1562,-1015
113000077,927,513,414
113000078,599,1681,-1082
113000079,571,662,-91
113000080,695,617,78
113000081,619,713,-94
113000082,1064,628,436
113000083,510,726,-216
113000084,1442,1062,380
113000085,703,645,58
113000086,961,1005,-44
113000087,877,847,30
113000088,1957,1185,772
113000089,847,1335,-488
113000090,270,448,-178
113000091,510,348,162
113000094,839,185,654
113000095,191,693,-502
113000096,128,623,-495
113000097,762,372,390
113000098,88,36,52
113000099,726,348,378
113000100,126,362,-236
113000101,346,515,-169
113000102,452,433,19
113000103,1804,484,1320
113000104,343,1721,-1378
113000105,549,320,229
113000106,299,481,-182
113000107,655,684,-29
113000108,628,1062,-434
113000109,491,1506,-1015
113000110,1119,342,777
113000111,193,459,-266
113000112,313,373,-60
113000113,1097,415,682
113000114,350,1133,-783
113000116,499,243,256
113000117,617,106,511
113000118,118,343,-225
113000119,311,239,72
113000120,73,255,-182
113000121,544,627,-83
113000124,208,124,84
113000125,47,635,-588
113000127,2387,326,2061
113000128,364,473,-109
113000129,458,645,-187
113000133,1791,1317,474
113000134,8,826,-818
113000135,3429,3430,-1
113000137,1575,2617,-1042
113000139,254,148,106
113000140,119,228,-109
113000141,157,153,4
113000142,460,788,-328
113000143,208,173,35
113000144,285,571,-286
113000145,74,125,-51
113000146,151,77,74
113000147,170,110,60
113000148,117,117,0
113000149,109,73,36
113000150,360,322,38
113000151,69,44,25
113000152,40,79,-39
113000153,1111,418,693
113000154,652,1238,-586
113000155,314,500,-186
113000156,142,321,-179
113000157,283,772,-489
113000158,708,243,465
113000159,648,757,-109
113000160,629,895,-266
113000161,244,361,-117
113000162,615,410,205
113000163,103,56,47
113000164,34,88,-54
113000166,137,133,4
113000167,37,119,-82
113000168,73,131,-58
113000169,131,82,49
113000170,73,83,-10
113000171,44,94,-50
113000172,211,102,109
113000173,54,20,34
113000174,127,424,-297
113000175,396,125,271
113000176,427,179,248
113000177,206,556,-350
113000178,246,369,-123
113000179,224,200,24
113000180,492,1041,-549
113000181,1119,811,308
113000182,170,346,-176
113000183,132,521,-389
113000184,28,113,-85
113000189,440,668,-228
113000190,842,493,349
113000192,1663,1549,114
113000193,3304,1198,2106
113000194,1808,919,889
113000195,2201,763,1438
113000196,159,74,85
113000197,1455,869,586
113000198,86,282,-196
113000199,945,245,700
113000201,300,177,123
113000202,2561,905,1656
113000203,238,81,157
113000204,1321,1468,-147
113000205,27,30,-3
113000206,12,29,-17
113000207,99,26,73
113000208,25,43,-18
113000209,14,30,-16
113000210,11,25,-14
113000211,177,186,-9
113000212,126,30,96
113000213,38,105,-67
113000214,172,258,-86
113000234,172,748,-576
113000410,318,241,77
113000411,2206,3740,-1534
113000412,5936,2343,3593
113000413,2211,2473,-262
113000414,5720,10169,-4449
113000415,2023,2664,-641
113000416,7181,3706,3475
113000417,1804,2363,-559
113000418,3716,2786,930
113000419,1119,1568,-449
113000420,3445,4366,-921
113000421,3507,5039,-1532
113000422,9597,8518,1079
113000423,1815,3971,-2156
113000424,2893,7263,-4370
113000425,2,73,-71
113000428,75,41,34
113000430,10,194,-184
113000432,1838,163,1675
113000433,124,618,-494
113000434,45,119,-74
113000435,30,494,-464
113000436,28,1023,-995
113000437,772,27,745
113000438,255,13,242
113000439,30,112,-82
113000440,109,29,80
113000441,205,194,11
113000442,113,163,-50
113000443,211,180,31
113000444,152,200,-48
113000445,152,105,47
113000446,46,105,-59
113000448,159,126,33
113000449,190,766,-576
113000450,342,1793,-1451
113000451,1000,174,826
113000452,293,358,-65
113000453,64,236,-172
113000454,840,88,752
113000455,49,237,-188
113000456,3108,2302,806
113000468,1357,142,1215
113000469,71,68,3
113000470,312,29,283
113000471,7,370,-363
113000472,108,266,-158
113000474,591,524,67
113000475,1384,1502,-118
113000476,1069,1691,-622
113000477,2874,1838,1036
113000478,3708,5079,-1371
113000479,53,175,-122
113000485,6,1,5
113000486,8,0,8
113000487,0,0,0
113000488,7,2,5
113000489,2,22,-20
113000490,0,7,-7
113000491,3,3,0
113000492,2,2,0
113000493,0,0,0
113000495,187,176,11
113000496,132,104,28
113000499,0,0,0
113900001,3,85,-82
113900002,0,56,-56
113900003,0,48,-48
113900004,3,28,-25
113900005,0,44,-44
113900006,0,22,-22
113900007,13,0,13
113900008,33,1,32
113900009,181,12,169
113900010,116,7,109
113900011,67,0,67
113900012,20,1,19
113900013,257,1,256
113900014,428,4,424
113900015,1,62,-61
113900016,31,0,31
113900017,4,52,-48
113900018,341,167,174
113900019,159,116,43
113900020,127,1,126
113900022,12,1,11
113900023,18,0,18
113900024,60,42,18
113900025,195,9,186
113900026,42,0,42
113900027,3,46,-43
113900028,39,459,-420
113900029,54,174,-120
113900030,131,4,127
113900031,5,1,4
113900032,21,2,19
113900033,67,34,33
113900035,36,0,36
113900036,18,84,-66
113900037,133,471,-338
113900038,97,122,-25
113900039,106,18,88
113900040,4,5,-1
113900041,4,5,-1
113900042,71,32,39
113900043,151,91,60
113900044,406,300,106
113900045,67,1,66
113900046,279,481,-202
113900047,24,93,-69
113900048,185,83,102
113900049,497,266,231
113900050,189,263,-74
113900051,251,324,-73
113900052,104,114,-10
113900053,541,514,27
113900054,17,5,12
113900055,73,302,-229
113900056,28,160,-132
113900057,10,129,-119
113900058,40,140,-100
113900059,202,247,-45
113900060,92,184,-92
113900061,734,240,494
113900062,80,9,71
113900063,63,88,-25
113900064,27,144,-117
113900065,374,16,358
113900066,300,289,11
113900067,110,216,-106
113900068,360,308,52
113900069,59,36,23
113900070,182,341,-159
113900071,38,70,-32
113900072,60,144,-84
113900073,207,324,-117
113900074,88,251,-163
113900075,1126,880,246
113900076,103,5,98
113900077,53,149,-96
113900078,36,70,-34
113900079,0,28,-28
113900080,361,196,165
113900081,60,193,-133
113900082,107,193,-86
113900083,230,361,-131
113900084,204,75,129
113900085,35,263,-228
113900086,37,15,22
113900087,60,138,-78
113900088,57,104,-47
113900089,395,56,339
113900090,456,373,83
113900091,14,21,-7
113900092,44,71,-27
113900093,79,595,-516
113900094,327,273,54
113900095,107,86,21
113900096,178,46,132
113900097,35,80,-45
113900098,459,65,394
113900099,0,64,-64
113900100,0,9,-9
113900101,26,69,-43
113900102,112,176,-64
113900103,235,224,11
113900104,102,158,-56
113900105,94,194,-100
113900106,0,46,-46
113900107,1,29,-28
113900108,220,181,39
113900109,368,176,192
113900110,46,17,29
113900111,154,107,47
113900112,105,73,32
113900113,816,384,432
113900114,1,79,-78
113900115,0,84,-84
113900116,104,105,-1
113900117,67,21,46
113900118,171,258,-87
113900119,169,442,-273
113900120,62,41,21
113900121,60,83,-23
113900122,266,1618,-1352
113900123,313,209,104
113900124,2,86,-84
113900125,678,106,572
113900126,116,41,75
113900127,246,595,-349
113900128,154,64,90
113900129,8,141,-133
113900130,2,27,-25
113900131,183,70,113
113900132,33,48,-15
113900133,10,74,-64
113900135,238,345,-107
113900136,97,66,31
113900137,301,207,94
113900138,37,114,-77
113900139,305,164,141
113900140,221,231,-10
113900141,526,282,244
113900142,138,83,55
113900143,16,23,-7
113900144,165,144,21
113900145,326,142,184
113900146,173,51,122
113900148,123,226,-103
113900149,123,39,84
113900150,479,380,99
113900151,352,174,178
113900152,31,62,-31
113900153,253,382,-129
113900154,6,95,-89
113900155,187,148,39
113900156,247,293,-46
113900157,37,271,-234
113900158,247,301,-54
113900159,22,261,-239
113900160,584,409,175
113900161,38,252,-214
113900162,405,556,-151
113900163,201,225,-24
113900164,179,56,123
113900165,648,354,294
113900166,129,133,-4
113900167,262,52,210
113900168,104,116,-12
113900169,180,357,-177
113900171,128,57,71
113900172,6,142,-136
113900173,22,471,-449
113900174,398,497,-99
113900175,271,124,147
113900176,288,453,-165
113900177,346,153,193
113900178,410,104,306
113900179,18,356,-338
113900180,146,104,42
113900181,460,105,355
113900182,561,894,-333
113900183,41,63,-22
113900184,18,480,-462
113900185,239,82,157
113900186,23,43,-20
113900187,40,121,-81
113900188,42,145,-103
113900189,240,112,128
113900190,293,103,190
113900191,80,192,-112
113900192,2,312,-310
113900193,18,164,-146
113900194,1401,1061,340
113900195,230,315,-85
113900196,6,100,-94
113900197,0,132,-132
113900198,19,192,-173
113900199,124,627,-503
113900200,10,183,-173
113900201,0,128,-128
113900202,21,220,-199
113900203,0,86,-86
113900204,64,384,-320
113900205,14,124,-110
113900206,10,126,-116
113900207,0,70,-70
113900208,0,43,-43
113900209,0,56,-56
113900210,504,621,-117
113900211,190,50,140
113900212,141,398,-257
113900214,325,288,37
113900215,57,102,-45
113900216,58,710,-652
113900217,55,244,-189
113900218,189,148,41
113900219,73,305,-232
113900220,132,80,52
113900221,457,170,287
113900222,259,425,-166
113900223,115,801,-686
113900224,87,98,-11
113900225,374,223,151
113900226,279,75,204
113900227,366,217,149
113900228,300,350,-50
113900229,44,545,-501
113900230,3413,2654,759
113900231,141,155,-14
113900232,84,110,-26
113900233,62,58,4
113900234,241,350,-109
113900235,83,31,52
113900236,129,318,-189
113900237,134,12,122
113900238,204,460,-256
113900239,48,66,-18
113900240,3,109,-106
113900241,103,38,65
113900242,45,132,-87
113900243,79,414,-335
113900244,258,157,101
113900245,1128,240,888
113900246,16,27,-11
113900247,144,368,-224
113900248,1962,1311,651
113900249,829,339,490
113900250,42,109,-67
113900251,519,139,380
113900252,436,19,417
113900253,533,54,479
113900254,879,118,761
113900255,344,16,328
113900256,336,19,317
113900257,36,470,-434
113900258,16,306,-290
113900259,379,145,234
113900260,143,11,132
113900261,25,83,-58
113900262,126,488,-362
113900263,181,620,-439
113900264,0,402,-402
113900265,193,235,-42
113900266,26,161,-135
113900267,89,389,-300
113900268,227,393,-166
113900269,78,101,-23
113900270,261,660,-399
113900271,562,946,-384
113900273,49,14,35
113900274,62,41,21
113900275,43,57,-14
113900276,3,149,-146
113900277,124,6,118
113900278,320,182,138
113900279,100,86,14
113900280,1428,548,880
113900281,543,1107,-564
113900282,664,485,179
113900283,385,523,-138
113900284,548,211,337
113900285,127,56,71
113900286,11,75,-64
113900287,38,80,-42
113900288,5,113,-108
113900289,842,131,711
113900290,294,166,128
113900291,110,198,-88
113900292,8,1,7
113900293,2,208,-206
113900294,348,18,330
113900295,290,246,44
113900296,1682,445,1237
113900297,2178,30,2148
113900298,19,1402,-1383
113900299,84,127,-43
113900300,3492,2410,1082
113900301,607,260,347
113900302,2555,940,1615
113900303,426,399,27
113900304,1,89,-88
113900305,82,0,82
113900306,25,0,25
113900307,31,0,31
113900308,59,80,-21
113900309,3,706,-703
113900310,1,3,-2
113900311,10,0,10
113900312,159,245,-86
113900313,13,11,2
113900314,0,4,-4
113900315,32,0,32
114000001,865,2413,-1548
114000002,261,320,-59
114000003,232,768,-536
114000004,253,265,-12
114000005,167,245,-78
114000006,2057,1488,569
114000007,555,851,-296
114000008,992,1278,-286
114000009,541,222,319
114000011,2325,2337,-12
114000012,1917,1578,339
114000013,1234,1344,-110
114000014,530,456,74
114000015,1457,389,1068
114000016,224,353,-129
114000017,70,242,-172
114000018,161,39,122
114000026,1382,1013,369
114000027,2346,1742,604
114000028,2105,2250,-145
114000038,176,119,57
114000039,202,186,16
114000040,80,175,-95
114000042,137,168,-31
114000043,280,214,66
114000044,288,231,57
114000045,50,73,-23
114000046,3983,3564,419
114000047,39,56,-17
114000048,110,134,-24
114000049,1072,1211,-139
114000050,1213,1627,-414
114000051,2267,1436,831
114000052,4283,1236,3047
114000053,82,401,-319
114000054,283,581,-298
114000055,322,41,281
114000056,901,753,148
114000057,4434,1896,2538
114000058,426,1073,-647
114000059,185,251,-66
114000060,569,725,-156
114000061,2550,2313,237
114000062,1876,1138,738
114000063,2446,1383,1063
114000064,4975,3080,1895
114000065,1773,1970,-197
114000066,433,555,-122
114000067,18,513,-495
114000068,392,499,-107
114000069,732,488,244
114000070,1813,1571,242
114000071,533,397,136
114000072,429,243,186
114000073,23,72,-49
114000074,34,21,13
114000075,45,67,-22
114000076,15,115,-100
114000077,7,35,-28
114000078,431,448,-17
114000079,100,23,77
114000080,76,69,7
114000081,60,86,-26
114000082,36,347,-311
114000083,82,201,-119
114000084,277,92,185
114000085,98,414,-316
114000086,216,322,-106
114000087,98,120,-22
114000088,33,34,-1
114000089,706,317,389
114000090,730,718,12
114000091,1053,780,273
114000092,722,403,319
114000093,1014,757,257
114000094,339,346,-7
114000095,170,128,42
114000096,165,227,-62
114000097,114,360,-246
114000098,417,93,324
114000099,575,585,-10
114000100,1113,649,464
114000101,383,708,-325
114000102,531,359,172
114000103,171,481,-310
114000104,98,227,-129
114000105,136,80,56
114000106,700,756,-56
114000107,316,144,172
114000108,1905,1216,689
114000109,474,1173,-699
114000110,494,1561,-1067
114000111,1312,869,443
114000112,683,2409,-1726
114000113,1323,556,767
114000114,1437,1460,-23
114000115,1843,1115,728
114000116,580,1227,-647
114000117,1896,332,1564
114000118,1899,430,1469
114000119,1239,390,849
114000120,504,702,-198
114000121,404,737,-333
114000122,392,242,150
114000123,1440,413,1027
114000124,741,240,501
114000125,802,1107,-305
114000126,2159,241,1918
114000127,259,168,91
114000128,766,480,286
114000130,470,445,25
114000131,216,102,114
114000132,461,503,-42
114000133,779,997,-218
114000134,58,105,-47
114000138,36,164,-128
114000139,390,205,185
114000144,661,381,280
114000145,47,128,-81
114000146,96,197,-101
114000147,1116,1634,-518
114000148,1955,1784,171
114000149,306,288,18
114000150,1698,1277,421
114000151,1300,1557,-257
114000152,76,38,38
114000153,926,2032,-1106
114000154,908,857,51
114000155,1290,1870,-580
114000156,799,477,322
114000157,295,834,-539
114000158,1459,685,774
114000159,180,384,-204
114000160,108,454,-346
114000161,1243,2495,-1252
114000162,932,1949,-1017
114000163,12,93,-81
114000165,553,301,252
114000166,679,319,360
114000167,2602,1421,1181
114000168,756,752,4
114000169,1141,885,256
114000170,1075,943,132
114000171,969,2243,-1274
114000174,190,405,-215
114000176,603,454,149
114000177,1872,915,957
114000178,43,76,-33
114000179,992,761,231
114000180,473,762,-289
114000181,1546,2876,-1330
114000182,2565,1976,589
114000183,1040,1070,-30
114000184,3112,1064,2048
114000185,937,881,56
114000189,620,88,532
114000190,1794,282,1512
114000191,33,47,-14
114000192,278,949,-671
114000193,744,2393,-1649
114000194,1196,882,314
114000195,149,31,118
114000196,0,217,-217
114000197,866,75,791
114000198,706,271,435
114000199,1762,1507,255
114000200,533,1298,-765
114000201,102,633,-531
114000202,1271,450,821
114000203,567,634,-67
114000204,129,405,-276
114000205,193,1174,-981
114000206,475,1247,-772
114000207,917,1560,-643
114000208,383,2004,-1621
114000209,524,2030,-1506
114000210,281,1615,-1334
114000211,699,1472,-773
114000212,442,674,-232
114000213,1217,573,644
114000214,95,154,-59
114000215,175,73,102
114000216,1450,381,1069
114000217,361,254,107
114000218,121,226,-105
114000219,871,173,698
114000220,7,866,-859
114000221,620,152,468
114000222,161,814,-653
114000223,350,107,243
114000224,66,509,-443
114000225,227,592,-365
114000226,129,192,-63
114000227,601,452,149
114000228,689,756,-67
114000229,928,1160,-232
114000230,1303,1199,104
114000231,656,1111,-455
114000232,485,124,361
114000233,1513,146,1367
114000234,997,820,177
114000235,961,1359,-398
114000236,1,429,-428
114000237,91,787,-696
114000238,144,146,-2
114000239,152,916,-764
114000240,629,631,-2
114000241,270,1039,-769
114000242,852,873,-21
114000243,1122,835,287
114000244,757,379,378
114000245,334,603,-269
114000246,139,55,84
114000247,763,637,126
114000248,945,531,414
114000249,398,489,-91
114000250,456,677,-221
114000251,335,226,109
114000252,62,55,7
114000253,53,91,-38
114000254,17,45,-28
114000255,397,131,266
114000256,1485,1578,-93
114000257,568,1304,-736
114000258,458,319,139
114000259,362,214,148
114000260,0,24,-24
114000261,41,26,15
114000262,223,118,105
114000263,12,2,10
114000264,766,429,337
114000265,0,2,-2
114000267,5,1994,-1989
114000268,4,1322,-1318
114000270,110,2,108
114000271,452,56,396
114000283,1262,374,888
114000285,27,187,-160
114000288,85,303,-218
114000289,888,232,656
114000293,135,425,-290
114000294,178,227,-49
114000395,1715,38,1677
114000396,477,424,53
114000402,385,325,60
114000403,272,350,-78
114000405,112,419,-307
114000423,346,361,-15
114000424,402,150,252
114000425,589,287,302
114000426,289,726,-437
114000427,48,51,-3
114000428,245,161,84
114000429,13,205,-192
114000432,70,79,-9
114000434,18,91,-73
114000435,1,216,-215
114900001,448,876,-428
114900002,1106,60,1046
114900003,512,1236,-724
114900004,185,326,-141
114900005,450,733,-283
114900006,154,76,78
114900007,243,20,223
114900008,127,131,-4
114900010,1638,1503,135
114900011,132,129,3
114900013,208,171,37
114900020,156,60,96
114900025,330,146,184
114900026,61,136,-75
114900029,91,43,48
114900030,282,141,141
114900031,331,67,264
114900032,272,39,233
114900034,51,178,-127
114900035,134,227,-93
114900036,242,503,-261
114900039,390,376,14
114900040,84,101,-17
114900041,537,436,101
114900042,494,602,-108
114900044,128,25,103
114900047,207,1336,-1129
114900048,95,243,-148
114900049,40,203,-163
114900050,51,368,-317
114900051,50,303,-253
114900052,209,205,4
114900053,123,224,-101
114900054,40,111,-71
114900057,192,10,182
114900058,0,69,-69
114900059,56,49,7
114900063,46,180,-134
114900064,1149,492,657
114900065,409,527,-118
114900067,48,423,-375
114900068,100,220,-120
114900069,193,103,90
114900070,454,354,100
114900072,10,232,-222
114900073,0,190,-190
114900074,540,555,-15
114900075,272,5,267
114900076,16,292,-276
114900080,1414,362,1052
114900082,2956,1745,1211
114900083,1124,997,127
114900090,224,226,-2
114900091,134,149,-15
114900097,194,0,194
114900098,4,213,-209
114900099,216,8,208
115000001,5413,3560,1853
115000002,2722,3342,-620
115000003,4280,2972,1308
115000004,2946,5075,-2129
115000005,1344,1899,-555
115000006,832,1451,-619
115000007,133,202,-69
115000008,431,468,-37
115000009,151,186,-35
115000010,300,150,150
115000013,93,191,-98
115000015,87,264,-177
115000016,58,141,-83
115000019,75,401,-326
115000020,104,623,-519
115000021,280,484,-204
115000022,481,354,127
115000023,345,479,-134
115000024,974,523,451
115000025,786,654,132
115000026,146,449,-303
115000027,238,257,-19
115000028,219,784,-565
115000029,404,102,302
115000030,742,1072,-330
115000031,1292,216,1076
115000032,11,285,-274
115000033,272,32,240
115000034,96,1005,-909
115000035,1048,82,966
115000036,0,360,-360
115000037,569,18,551
115000038,49,198,-149
115000039,3090,2927,163
115000040,5966,2714,3252
115000041,1296,2759,-1463
115000042,1142,568,574
115000043,3708,1871,1837
115000044,3821,3545,276
115000045,1996,1670,326
115000046,1867,2376,-509
115000047,1693,1398,295
115000048,1348,2153,-805
115000049,1557,3167,-1610
115000050,2713,1878,835
115000051,1470,2120,-650
115000052,2134,1709,425
115000053,1426,1280,146
115000054,789,1300,-511
115000055,203,599,-396
115000056,331,600,-269
115000057,722,1119,-397
115000058,609,291,318
115000059,308,187,121
115000061,240,99,141
115000062,185,211,-26
115000063,210,376,-166
115000064,170,128,42
115000065,42,434,-392
115000067,169,27,142
115000069,85,270,-185
115000070,52,721,-669
115000071,111,21,90
115000072,8,83,-75
115000073,1024,49,975
115000075,102,61,41
115000076,2994,2529,465
115000077,1548,2081,-533
115000078,981,1277,-296
115000079,958,1617,-659
115000080,1893,2189,-296
115000081,492,967,-475
115000082,3150,3025,125
115000083,1756,2208,-452
115000084,1557,957,600
115000085,626,888,-262
115000086,747,679,68
115000087,431,1341,-910
115000088,1469,573,896
115000089,1214,1135,79
115000090,419,878,-459
115000091,220,954,-734
115000092,513,346,167
115000093,394,3,391
115000094,6125,4751,1374
115000095,4035,4801,-766
115000096,569,1396,-827
115000097,772,904,-132
115000098,855,816,39
115000099,2023,2520,-497
115000100,805,372,433
115000101,358,1537,-1179
115000102,393,215,178
115000103,306,696,-390
115000105,74,188,-114
115000106,489,252,237
115000107,175,471,-296
115000108,2866,2499,367
115000109,3659,3430,229
115000110,1226,1116,110
115000111,606,1784,-1178
115000112,566,595,-29
115000113,565,807,-242
115000114,2179,655,1524
115000116,4178,2134,2044
115000117,4043,3510,533
115000118,2730,1512,1218
115000119,3490,2381,1109
115000120,707,1075,-368
115000121,1643,753,890
115000122,3406,1355,2051
115000123,1275,1817,-542
115000124,1288,761,527
115000125,370,583,-213
115000126,144,279,-135
115000127,359,128,231
115000128,578,722,-144
115000129,340,304,36
115000130,357,901,-544
115000131,919,259,660
115000132,300,360,-60
115000133,576,253,323
115000134,442,255,187
115000135,358,204,154
115000136,251,249,2
115000137,153,173,-20
115000138,300,319,-19
115000139,261,214,47
115000140,314,300,14
115000141,185,219,-34
115000142,212,249,-37
115000143,621,679,-58
115000144,592,83,509
115000145,214,310,-96
115000146,637,332,305
115000147,516,431,85
115000148,249,879,-630
115000149,436,183,253
115000150,638,747,-109
115000151,767,506,261
115000152,595,887,-292
115000153,692,491,201
115000154,600,264,336
115000155,657,794,-137
115000156,893,641,252
115000157,770,712,58
115000158,534,399,135
115000159,763,569,194
115000160,472,324,148
115000161,166,430,-264
115000162,758,625,133
115000163,543,573,-30
115000164,740,598,142
115000165,382,452,-70
115000167,178,86,92
115000168,602,287,315
115000169,495,295,200
115000170,224,152,72
115000171,317,208,109
115000172,1019,484,535
115000173,394,435,-41
115000174,114,252,-138
115000175,211,86,125
115000176,110,77,33
115000177,96,74,22
115000178,43,157,-114
115000179,44,13,31
115000180,117,510,-393
115000181,552,115,437
115000182,693,286,407
115000183,305,781,-476
115000186,655,237,418
115000187,165,682,-517
115000188,446,459,-13
115000189,182,378,-196
115000190,618,291,327
115000191,146,459,-313
115000194,83,164,-81
115000195,245,258,-13
115000196,145,107,38
115000197,255,235,20
115000198,236,180,56
115000199,281,186,95
115000200,299,116,183
115000201,121,294,-173
115000206,356,58,298
115000207,85,268,-183
115000208,370,549,-179
115000209,764,285,479
115000210,130,124,6
115000211,247,207,40
115000212,1468,268,1200
115000224,430,64,366
115000225,32,70,-38
115000229,162,147,15
115000230,88,379,-291
115000231,290,1532,-1242
115000232,1336,245,1091
115000233,115,126,-11
115000234,34,303,-269
115000241,62,239,-177
115000242,96,347,-251
115000243,42,249,-207
115000244,12,125,-113
115000246,55,22,33
115000247,44,14,30
115000248,27,21,6
115000249,18,21,-3
115000250,259,48,211
115000251,223,144,79
115000252,88,194,-106
115000253,13,369,-356
115000258,284,174,110
115000259,285,132,153
115000261,24,45,-21
115000262,13,21,-8
115000263,13,57,-44
115000264,36,36,0
115000267,75,63,12
115000268,35,139,-104
115000269,138,62,76
115000270,2,23,-21
115000272,77,157,-80
115000273,288,24,264
115000280,1852,175,1677
115000281,462,593,-131
115000282,521,471,50
115000284,420,147,273
115000296,1238,22,1216
115000297,187,72,115
115000298,132,360,-228
115000300,150,188,-38
115000302,594,152,442
115000303,639,121,518
115000304,499,85,414
115000305,92,528,-436
115000306,172,273,-101
115000307,119,178,-59
115000308,34,27,7
115000310,792,855,-63
115000311,706,1054,-348
115000313,131,546,-415
115000314,343,146,197
115000315,890,455,435
115000316,83,119,-36
115000317,146,413,-267
115000318,541,278,263
115000319,42,341,-299
115000320,4,261,-257
115000321,302,11,291
115000322,52,201,-149
115000449,241,194,47
115000557,2,914,-912
115000558,485,93,392
115000587,370,376,-6
115000588,2112,2241,-129
115000589,2954,2046,908
115000590,1083,1121,-38
115000591,1428,680,748
115000592,577,1323,-746
115000593,1063,501,562
115000594,849,2031,-1182
115000609,194,214,-20
115000617,1432,2658,-1226
115000624,239,71,168
115000633,365,1822,-1457
115000634,2245,719,1526
115000635,553,164,389
115000638,675,758,-83
115000641,55,116,-61
115000642,283,335,-52
115000643,156,501,-345
115000644,136,392,-256
115000646,708,1384,-676
115000647,163,430,-267
115000648,1427,1992,-565
115000893,2826,1386,1440
115000894,148,1069,-921
115000895,487,866,-379
115000896,1279,335,944
115000897,436,142,294
115000898,519,197,322
115000899,499,1003,-504
115000900,129,347,-218
115000901,79,113,-34
115000912,378,90,288
115000913,6,19,-13
115000915,30,0,30
115000916,6,0,6
115000917,0,4,-4
115000918,59,284,-225
115000919,10,13,-3
115000920,88,37,51
115000921,510,73,437
115000922,1226,723,503
115000923,478,1141,-663
115000925,93,67,26
115000927,39,65,-26
115000933,280,286,-6
115000934,176,209,-33
115000935,118,90,28
115000936,27,434,-407
115000937,790,163,627
115000938,229,219,10
115000939,280,170,110
115000940,22,14,8
115000941,8,9,-1
115000942,28,100,-72
115000943,72,21,51
115000944,9,15,-6
115900001,97,39,58
115900002,67,67,0
115900003,149,116,33
115900004,1,76,-75
115900005,192,10,182
115900006,78,167,-89
115900008,43,4,39
115900009,87,147,-60
115900010,227,117,110
115900011,390,236,154
115900012,142,70,72
115900013,274,120,154
115900014,77,142,-65
115900015,84,57,27
115900016,79,23,56
115900017,7,5,2
115900018,195,73,122
115900019,51,10,41
115900020,56,1,55
115900021,1146,142,1004
115900022,1077,14,1063
115900023,33,11,22
115900025,50,162,-112
115900026,677,202,475
115900027,0,276,-276
115900028,603,68,535
115900029,15,320,-305
115900030,27,28,-1
115900031,323,274,49
115900032,444,647,-203
115900033,1,39,-38
115900034,21,364,-343
115900035,31,27,4
115900036,93,590,-497
115900037,55,302,-247
115900038,26,11,15
115900039,146,145,1
115900041,513,535,-22
115900042,20,2,18
115900043,109,56,53
115900044,246,190,56
115900046,219,194,25
115900047,195,113,82
115900049,158,180,-22
115900051,4,48,-44
115900052,14,247,-233
115900053,208,190,18
115900054,153,73,80
115900055,24,124,-100
115900056,142,227,-85
115900057,21,5,16
115900058,40,82,-42
115900060,75,95,-20
115900061,198,1,197
115900062,32,263,-231
115900063,63,6,57
115900064,130,265,-135
115900065,139,92,47
115900066,194,102,92
115900067,14,584,-570
115900068,2784,808,1976
115900069,105,186,-81
115900070,152,152,0
115900071,0,321,-321
115900072,43,130,-87
115900073,60,68,-8
115900074,2,275,-273
115900075,27,179,-152
115900076,2,59,-57
115900077,9,242,-233
115900078,165,124,41
115900079,148,17,131
115900080,405,166,239
115900081,21,78,-57
115900082,108,184,-76
115900084,340,26,314
115900085,33,91,-58
115900086,1251,547,704
115900088,8,64,-56
115900089,271,637,-366
115900090,298,21,277
115900091,9,32,-23
115900092,16,165,-149
115900093,2,18,-16
115900094,5,231,-226
115900096,6,25,-19
115900097,8,360,-352
115900098,147,329,-182
115900099,220,79,141
115900100,6,440,-434
115900101,122,271,-149
115900102,122,66,56
115900103,233,155,78
115900104,49,120,-71
115900105,159,465,-306
115900106,53,19,34
115900107,133,109,24
115900108,98,52,46
115900109,47,334,-287
115900110,2,18,-16
115900111,2,98,-96
115900112,30,742,-712
115900113,39,51,-12
115900114,7,115,-108
115900115,62,171,-109
115900116,98,708,-610
115900117,45,27,18
115900118,3,260,-257
115900119,122,102,20
115900120,33,304,-271
115900121,122,283,-161
115900124,293,581,-288
115900125,240,65,175
115900126,516,84,432
115900127,569,64,505
115900128,8,107,-99
115900129,638,44,594
115900130,19,211,-192
115900131,458,27,431
115900132,549,13,536
115900134,296,15,281
115900135,410,810,-400
115900137,51,5,46
115900139,28,40,-12
115900140,190,22,168
115900141,17,41,-24
115900142,22,27,-5
115900143,188,262,-74
115900144,63,154,-91
115900146,19,77,-58
115900147,307,204,103
115900148,85,8,77
115900149,60,43,17
115900150,60,36,24
115900151,12,87,-75
115900152,77,244,-167
115900153,116,191,-75
115900154,346,329,17
115900155,0,55,-55
115900156,541,862,-321
115900157,109,495,-386
115900158,38,18,20
115900159,89,306,-217
115900160,13,7,6
115900161,52,156,-104
115900163,115,112,3
115900164,351,40,311
115900166,186,103,83
115900168,71,159,-88
115900171,97,342,-245
115900172,62,163,-101
115900173,227,126,101
115900174,180,204,-24
115900175,97,214,-117
115900178,10,475,-465
115900179,184,28,156
115900180,27,177,-150
115900181,146,172,-26
115900182,322,182,140
115900183,63,29,34
115900184,1427,14,1413
115900187,9,111,-102
115900189,1,192,-191
115900190,135,932,-797
115900191,37,294,-257
115900192,4,90,-86
115900193,735,156,579
115900194,570,71,499
115900195,604,1716,-1112
115900198,195,262,-67
115900199,177,260,-83
115900200,438,367,71
115900201,592,386,206
115900202,8,19,-11
115900203,7,13,-6
115900204,0,8,-8
115900205,98,54,44
115900206,133,135,-2
115900207,42,35,7
115900208,129,107,22
115900209,9,139,-130
115900210,17,107,-90
115900211,2,208,-206
115900212,120,223,-103
115900213,122,64,58
115900214,333,278,55
115900215,27,138,-111
115900216,3,102,-99
115900217,9,40,-31
115900218,9,23,-14
115900219,67,6,61
115900220,95,22,73
115900221,78,20,58
115900222,28,33,-5
115900223,11,332,-321
115900224,972,814,158
115900225,78,27,51
115900226,14,29,-15
115900227,18,28,-10
115900228,15,30,-15
115900229,6,41,-35
115900230,43,104,-61
115900231,102,6,96
115900232,51,1,50
115900233,74,19,55
115900234,43,27,16
115900235,15,23,-8
115900236,124,47,77
115900237,62,26,36
115900238,93,22,71
115900239,19,20,-1
115900240,16,44,-28
115900241,123,103,20
115900242,225,294,-69
115900243,8,19,-11
115900244,15,9,6
115900245,32,13,19
115900246,32,13,19
115900247,35,15,20
115900248,11,7,4
115900249,6,11,-5
115900250,1,16,-15
115900251,2,16,-14
115900252,3,4,-1
115900253,12,18,-6
115900254,4,20,-16
115900255,1,16,-15
115900256,23,60,-37
115900257,11,11,0
115900258,0,0,0
115900259,7,1,6
115900260,11,4,7
115900261,6,0,6
115900262,2,0,2
115900263,15,0,15
115900264,14,2,12
115900265,4,8,-4
115900266,3,21,-18
115900267,9,19,-10
115900268,13,6,7
115900269,267,385,-118
115900270,318,294,24
115900271,68,0,68
115900272,43,2,41
115900273,15,8,7
115900274,7,19,-12
115900275,3,32,-29
115900276,0,28,-28
115900277,1,59,-58
115900278,28,79,-51
115900279,20,135,-115
115900280,9,290,-281
115900281,417,154,263
115900282,21,10,11
115900283,2,27,-25
115900284,23,8,15
116000001,9493,4366,5127
116000002,3915,7772,-3857
116000003,1277,1437,-160
116000004,1735,2540,-805
116000005,3553,3079,474
116000006,2520,2078,442
116000007,2619,3039,-420
116000008,2767,1703,1064
116000009,1745,2720,-975
116000010,1733,1231,502
116000011,836,2085,-1249
116000012,1116,1011,105
116000013,7887,3466,4421
116000014,10415,7896,2519
116000015,357,1053,-696
116000016,4925,2475,2450
116000017,15,696,-681
116000018,682,292,390
116000019,638,262,376
116000020,551,625,-74
116000021,297,285,12
116000022,389,292,97
116000023,813,552,261
116000024,646,657,-11
116000025,673,658,15
116000026,1858,2096,-238
116000027,612,541,71
116000028,401,630,-229
116000029,684,692,-8
116000030,717,416,301
116000031,183,328,-145
116000032,389,184,205
116000033,281,523,-242
116000034,470,819,-349
116000035,281,662,-381
116000036,1850,1134,716
116000037,679,437,242
116000038,445,448,-3
116000039,542,350,192
116000040,821,274,547
116000041,181,390,-209
116000042,576,237,339
116000043,55,534,-479
116000044,51,112,-61
116000045,1660,978,682
116000046,1014,1342,-328
116000047,1471,2077,-606
116000048,1455,1554,-99
116000049,1068,2763,-1695
116000050,1368,1206,162
116000051,6162,2278,3884
116000052,5928,4903,1025
116000053,1743,850,893
116000054,719,2183,-1464
116000055,625,912,-287
116000056,865,1317,-452
116000057,2698,1892,806
116000058,2730,2413,317
116000059,3729,4390,-661
116000060,2156,1168,988
116000061,663,805,-142
116000062,756,295,461
116000063,574,798,-224
116000066,248,454,-206
116000067,239,478,-239
116000068,212,249,-37
116000069,204,414,-210
116000078,475,999,-524
116000080,1548,997,551
116000082,11,91,-80
116000083,1404,397,1007
116000084,2062,3975,-1913
116000085,1845,1606,239
116000086,1996,1536,460
116000087,1690,1361,329
116000088,613,962,-349
116000089,216,100,116
116000090,120,178,-58
116000091,306,262,44
116000093,427,258,169
116000094,503,648,-145
116000095,666,421,245
116000096,516,1217,-701
116000097,954,540,414
116000098,131,4524,-4393
116000099,4656,286,4370
116000100,224,14,210
116000101,677,778,-101
116000102,198,957,-759
116000103,418,262,156
116000104,194,1108,-914
116000105,881,145,736
116000106,699,937,-238
116000107,2179,342,1837
116000108,765,160,605
116000111,160,34,126
116000113,107,103,4
116000114,53,144,-91
116000115,315,121,194
116000116,292,493,-201
116000117,1069,1423,-354
116000118,947,1100,-153
116000119,2557,2041,516
116000120,2617,3872,-1255
116000121,712,513,199
116000122,1319,1682,-363
116000123,824,393,431
116000124,309,938,-629
116000125,1604,526,1078
116000126,274,1582,-1308
116000127,984,1124,-140
116000128,1488,690,798
116000129,751,249,502
116000130,370,298,72
116000133,804,788,16
116000134,1819,2075,-256
116000135,1805,1461,344
116000136,954,2103,-1149
116000137,905,587,318
116000138,665,521,144
116000139,1584,1831,-247
116000140,111,152,-41
116000141,250,582,-332
116000142,2536,2675,-139
116000143,1409,1408,1
116000144,1377,1960,-583
116000145,1306,1002,304
116000146,333,197,136
116000147,179,100,79
116000148,336,432,-96
116000149,538,529,9
116000151,581,460,121
116000153,104,365,-261
116000155,188,191,-3
116000156,296,916,-620
116000157,60,7,53
116000158,346,308,38
116000159,13,10,3
116000160,24,65,-41
116000161,4,83,-79
116000162,131,70,61
116000163,21,9,12
116000164,7,28,-21
116000177,782,77,705
116000194,61,337,-276
116000195,1285,643,642
116000196,7,2,5
116000197,3,13,-10
116000198,2195,954,1241
116000200,594,363,231
116000201,588,584,4
116000202,16,260,-244
116000203,6,152,-146
116000204,12,103,-91
116000205,0,154,-154
116000206,6,134,-128
116000207,8,55,-47
116000233,164,389,-225
116000287,105,490,-385
116000288,176,216,-40
116000292,31,78,-47
116000296,20,210,-190
116000297,118,26,92
116000304,98,29,69
116000305,28,57,-29
116000346,141,117,24
116000352,57,22,35
116000354,31,11,20
116000357,10,23,-13
116000358,305,47,258
116000361,275,3,272
116000372,5158,3067,2091
116000381,82,1,81
116000388,4,44,-40
116000389,772,454,318
116000445,293,544,-251
116000446,494,598,-104
116000447,14,496,-482
116000448,472,199,273
116000563,1036,783,253
116000565,38,390,-352
116000568,57,159,-102
116000579,34,117,-83
116000584,19,5,14
116000585,30,18,12
116000586,103,162,-59
116000587,465,580,-115
116000589,55,80,-25
116000590,54,58,-4
116000591,228,259,-31
116000592,19,78,-59
116000593,0,23,-23
116000594,421,432,-11
116000595,454,131,323
116000596,95,12,83
116000597,289,68,221
116000598,10,163,-153
116000605,270,140,130
116000606,99,226,-127
116000607,6,24,-18
116000609,219,718,-499
116000611,114,564,-450
116000612,620,1552,-932
116000613,484,317,167
116000614,343,528,-185
116000615,2,248,-246
116000616,19,85,-66
116000617,71,73,-2
116000618,0,63,-63
116000619,82,75,7
116000620,98,520,-422
116000621,35,91,-56
116000622,88,136,-48
116000624,186,98,88
116000627,81,65,16
116000628,68,300,-232
116000629,24,217,-193
116000630,267,13,254
116000631,116,33,83
116000632,487,68,419
116000633,122,164,-42
116000634,288,199,89
116000635,2823,1732,1091
116000636,1091,1050,41
116000637,449,79,370
116000638,122,291,-169
116000639,41,3,38
116000640,12,12,0
116000641,37,170,-133
116000643,15,128,-113
116000644,34,418,-384
116000645,22,8,14
116900001,207,172,35
116900002,158,1,157
116900003,21,58,-37
116900004,61,70,-9
116900005,235,52,183
116900006,123,163,-40
116900007,94,139,-45
116900008,304,315,-11
116900009,13,5,8
116900010,2,1164,-1162
116900011,12,27,-15
116900012,352,162,190
116900013,3,112,-109
116900014,64,193,-129
116900015,390,64,326
116900016,187,5,182
116900017,1,448,-447
116900019,8,272,-264
116900020,872,681,191
116900023,86,4,82
116900024,471,144,327
116900025,754,712,42
116900026,120,536,-416
116900027,60,60,0
116900028,6,82,-76
116900029,0,26,-26
116900031,0,5,-5
116900032,2,299,-297
116900033,43,49,-6
116900034,13,69,-56
116900035,129,120,9
116900036,5,88,-83
116900038,31,2,29
116900041,10,13,-3
116900042,605,257,348
116900043,11,47,-36
116900047,45,92,-47
116900049,34,270,-236
116900050,104,389,-285
116900051,84,169,-85
116900052,220,76,144
116900055,0,17,-17
116900057,33,167,-134
116900058,18,319,-301
116900059,1,121,-120
116900060,166,171,-5
116900062,8,7,1
116900064,73,587,-514
116900065,22,102,-80
116900067,100,68,32
116900068,116,183,-67
116900070,1,1,0
116900072,17,325,-308
116900073,14,103,-89
116900074,4,33,-29
116900076,12,36,-24
116900077,8,110,-102
116900078,239,94,145
116900079,45,208,-163
116900080,14,30,-16
116900081,411,1126,-715
116900082,359,793,-434
116900083,78,41,37
116900084,139,63,76
116900085,59,183,-124
116900086,57,186,-129
116900088,302,92,210
116900090,220,48,172
116900091,351,18,333
116900092,85,666,-581
116900093,1409,1668,-259
116900094,3441,2566,875
116900095,204,131,73
116900096,72,303,-231
116900097,2844,2084,760
116900098,776,370,406
116900099,697,477,220
116900100,598,34,564
116900101,254,405,-151
116900103,5,0,5
116900104,59,75,-16
116900105,169,102,67
116900106,1321,160,1161
116900107,3055,1799,1256
116900110,6,2,4
116900111,421,318,103
116900112,185,673,-488
116900113,928,810,118
116900116,177,419,-242
116900117,88,116,-28
116900118,637,697,-60
116900120,321,70,251
116900121,112,13,99
116900122,696,737,-41
116900123,182,684,-502
116900124,186,894,-708
116900125,278,188,90
116900126,115,477,-362
116900128,0,29,-29
116900129,3,337,-334
116900130,501,2179,-1678
116900131,71,303,-232
116900132,35,117,-82
116900133,75,121,-46
116900134,222,260,-38
116900136,348,165,183
116900137,307,129,178
116900138,218,162,56
116900139,141,357,-216
116900140,168,137,31
116900141,775,485,290
116900142,5,58,-53
116900143,242,395,-153
116900144,35,97,-62
116900145,104,191,-87
116900147,502,390,112
116900148,2,27,-25
116900149,52,207,-155
116900150,10,6,4
116900151,54,10,44
116900153,99,65,34
116900154,408,416,-8
116900155,87,62,25
116900157,399,294,105
116900158,180,256,-76
116900159,128,257,-129
116900160,832,483,349
116900161,5026,4242,784
116900163,156,156,0
116900164,107,55,52
116900165,211,184,27
116900166,21,78,-57
116900167,346,94,252
116900168,272,89,183
116900169,606,369,237
116900170,218,455,-237
116900171,22,59,-37
116900172,163,292,-129
116900173,148,39,109
116900174,42,53,-11
116900175,140,140,0
116900178,37,109,-72
116900179,86,246,-160
116900180,79,25,54
116900182,355,312,43
116900183,128,130,-2
116900185,40,61,-21
116900186,35,123,-88
116900187,68,46,22
116900188,131,25,106
116900189,66,0,66
116900191,375,799,-424
116900192,188,110,78
116900194,285,1154,-869
116900195,47,27,20
116900196,33,177,-144
116900197,95,17,78
116900198,214,151,63
116900200,85,36,49
116900201,84,1,83
116900202,110,120,-10
116900203,113,4,109
116900204,49,72,-23
116900206,15,26,-11
116900207,39,39,0
116900208,7,96,-89
116900209,27,97,-70
116900210,361,241,120
116900211,115,5,110
116900212,54,91,-37
116900213,217,136,81
116900214,137,176,-39
116900215,38,59,-21
116900216,257,157,100
116900218,20,248,-228
116900219,1395,404,991
116900220,116,169,-53
116900221,83,357,-274
116900222,365,348,17
116900223,81,339,-258
116900226,62,49,13
116900227,146,76,70
116900228,199,182,17
116900230,52,560,-508
116900231,50,531,-481
116900232,628,140,488
116900233,503,468,35
116900234,6,1,5
116900235,415,414,1
116900238,1659,371,1288
116900239,0,766,-766
116900240,4606,3026,1580
116900241,55,132,-77
116900242,869,484,385
116900243,0,19,-19
116900245,24,28,-4
116900246,76,18,58
116900247,728,33,695
116900248,102,42,60
116900249,231,114,117
116900250,225,64,161
116900251,521,420,101
116900252,227,905,-678
116900254,382,308,74
116900255,125,54,71
116900256,306,121,185
116900257,31,407,-376
116900258,8,220,-212
116900259,224,16,208
116900260,3,116,-113
116900261,65,5,60
116900262,230,197,33
116900263,1,14,-13
116900264,83,41,42
116900265,24,1,23
116900266,7,34,-27
116900267,6,3,3
116900268,222,81,141
116900269,322,535,-213
116900271,896,154,742
116900272,393,246,147
116900273,163,64,99
116900274,102,60,42
116900275,121,196,-75
116900276,334,90,244
116900277,455,29,426
116900278,3,9,-6
116900279,3,22,-19
116900280,34,33,1
116900281,4865,3063,1802
116900282,3,91,-88
116900283,20,89,-69
116900284,6,185,-179
116900285,196,156,40
116900286,198,14,184
116900287,10,43,-33
116900288,64,125,-61
116900289,22,18,4
116900290,10,19,-9
116900291,14,6,8
116900292,0,8,-8
116900293,28,50,-22
116900294,24,125,-101
116900295,165,48,117
116900296,63,67,-4
116900297,3,98,-95
116900298,122,47,75
116900299,35,41,-6
116900300,0,53,-53
116900301,49,92,-43
116900302,165,51,114
116900303,254,102,152
116900304,0,145,-145
116900305,17,41,-24
116900306,150,122,28
116900307,70,3,67
116900308,0,127,-127
116900309,47,57,-10
116900310,22,51,-29
117000001,1487,1235,252
117000002,1753,3966,-2213
117000003,5545,2695,2850
117000004,3293,4650,-1357
117000005,1770,1767,3
117000006,1198,3358,-2160
117000007,3051,1157,1894
117000008,1013,3280,-2267
117000009,4297,1718,2579
117000010,2732,3766,-1034
117000011,2020,1521,499
117000012,1055,1279,-224
117000013,1620,810,810
117000014,1067,2048,-981
117000015,2081,988,1093
117000016,370,54,316
117000017,354,103,251
117000018,120,434,-314
117000019,107,14,93
117000020,417,1022,-605
117000021,1700,545,1155
117000022,516,102,414
117000023,363,207,156
117000024,296,167,129
117000025,527,740,-213
117000026,2458,988,1470
117000027,2316,3242,-926
117000028,3676,1239,2437
117000030,562,477,85
117000031,349,279,70
117000032,1770,1061,709
117000033,989,640,349
117000034,532,343,189
117000035,315,310,5
117000036,455,373,82
117000037,274,266,8
117000038,249,608,-359
117000039,399,242,157
117000040,228,832,-604
117000041,720,152,568
117000044,12,691,-679
117000045,405,108,297
117000046,378,745,-367
117000047,978,663,315
117000048,1818,1029,789
117000049,96,507,-411
117000050,127,1680,-1553
117000051,1909,120,1789
117000052,43,261,-218
117000053,495,46,449
117000054,1515,9,1506
117000055,136,2915,-2779
117000056,581,19,562
117000057,740,2202,-1462
117000060,473,1257,-784
117000061,1247,832,415
117000062,302,651,-349
117000063,1458,943,515
117000064,781,782,-1
117000066,901,838,63
117000067,134,464,-330
117000074,181,156,25
117000076,136,47,89
117000077,129,154,-25
117000078,133,672,-539
117000079,431,230,201
117000080,1,336,-335
117000081,1152,117,1035
117000082,24,78,-54
117000083,555,314,241
117000084,173,5,168
117000085,275,641,-366
117000086,739,412,327
117000087,178,438,-260
117000088,206,161,45
117000089,1174,261,913
117000090,252,1070,-818
117000091,690,286,404
117000092,399,1237,-838
117000093,952,798,154
117000094,1341,2900,-1559
117000095,3214,997,2217
117000096,576,2293,-1717
117000097,1063,1201,-138
117000098,2531,4198,-1667
117000099,2708,1152,1556
117000100,129,326,-197
117000101,196,1002,-806
117000102,1233,750,483
117000103,665,1504,-839
117000104,1041,575,466
117000105,871,1489,-618
117000106,829,824,5
117000107,544,1973,-1429
117000108,1178,820,358
117000109,1385,2386,-1001
117000110,1194,836,358
117000111,3431,3754,-323
117000112,2426,1623,803
117000113,182,264,-82
117000114,202,140,62
117000115,97,128,-31
117000116,105,261,-156
117000117,1243,899,344
117000118,272,135,137
117000119,265,137,128
117000120,192,351,-159
117000121,119,895,-776
117000122,382,746,-364
117000123,1520,52,1468
117000124,828,52,776
117000125,339,83,256
117000126,137,22,115
117000127,174,321,-147
117000128,632,822,-190
117000129,464,602,-138
117000130,183,14,169
117000131,0,122,-122
117000132,2678,34,2644
117000133,1085,26,1059
117000134,0,47,-47
117000135,6,42,-36
117000136,0,24,-24
117000137,72,89,-17
117000138,3,595,-592
117000140,475,1585,-1110
117000141,1381,637,744
117000181,452,547,-95
117000182,268,342,-74
117000195,234,954,-720
117000196,195,103,92
117000225,186,9,177
117000226,8,192,-184
117000276,229,13,216
117000277,1,376,-375
117000310,1460,1970,-510
117000315,37,727,-690
117000320,81,0,81
117000906,252,13,239
117000907,8,274,-266
117000909,52,48,4
117000910,148,161,-13
117000911,125,207,-82
117000915,5,519,-514
117000916,35,3,32
117000917,967,51,916
117000918,68,110,-42
117000919,10,116,-106
117000920,4,1112,-1108
117000921,1,1164,-1163
117000922,54,129,-75
117000924,361,732,-371
117000926,743,106,637
117000927,1528,658,870
117000928,0,134,-134
117000929,162,385,-223
117000930,196,18,178
117000931,418,133,285
117900002,131,362,-231
117900003,765,346,419
117900005,7,30,-23
117900006,0,32,-32
117900007,152,114,38
117900008,0,32,-32
117900010,280,78,202
117900011,168,83,85
117900012,50,59,-9
117900013,0,191,-191
117900014,636,100,536
117900015,23,142,-119
117900016,1013,643,370
117900017,554,329,225
117900018,249,91,158
117900019,276,256,20
117900020,75,425,-350
117900021,34,76,-42
117900023,611,158,453
117900024,72,68,4
117900025,78,14,64
117900026,320,250,70
117900028,53,4,49
117900029,208,590,-382
117900031,194,96,98
117900032,860,487,373
117900033,208,518,-310
117900034,56,32,24
117900035,419,122,297
117900036,219,317,-98
117900037,131,114,17
117900038,33,338,-305
117900039,5,47,-42
117900040,151,384,-233
117900041,3,37,-34
117900042,3179,284,2895
117900043,49,36,13
117900044,2,2602,-2600
117900045,189,131,58
117900048,319,410,-91
117900049,196,376,-180
117900050,4,47,-43
117900051,24,1,23
117900052,39,270,-231
117900053,1249,750,499
117900054,10,45,-35
117900055,160,222,-62
117900056,201,48,153
117900057,1111,1333,-222
117900058,188,42,146
117900059,331,133,198
117900060,2227,5325,-3098
117900061,30,203,-173
117900063,282,178,104
117900065,950,1254,-304
117900066,8,48,-40
117900067,429,178,251
117900069,538,246,292
117900070,326,27,299
117900071,64,141,-77
117900073,364,277,87
117900074,153,32,121
117900075,57,84,-27
117900076,16,45,-29
117900077,319,199,120
117900078,264,759,-495
117900080,102,37,65
117900081,493,365,128
117900082,371,321,50
117900083,243,361,-118
117900086,120,34,86
117900087,154,47,107
117900088,3713,1979,1734
117900089,1730,698,1032
117900090,353,404,-51
117900091,166,181,-15
117900092,48,41,7
117900093,68,74,-6
117900094,29,18,11
117900095,323,419,-96
117900096,88,219,-131
117900097,177,97,80
117900098,26,13,13
117900099,157,189,-32
117900100,172,5,167
117900101,366,1414,-1048
117900102,70,40,30
117900103,66,1,65
117900104,24,110,-86
117900105,115,184,-69
117900106,98,52,46
117900107,41,0,41
117900109,468,323,145
117900110,109,5,104
117900111,363,20,343
117900112,31,17,14
117900113,2790,1198,1592
117900114,12,0,12
117900115,324,44,280
117900116,859,849,10
117900117,384,351,33
117900118,51,0,51
117900119,115,234,-119
117900120,138,85,53
117900121,58,15,43
117900122,1312,2753,-1441
117900123,620,390,230
117900124,897,695,202
117900125,1819,1739,80
117900126,306,578,-272
117900127,385,489,-104
117900128,371,482,-111
117900129,77,4,73
117900130,1294,411,883
117900131,0,107,-107
117900132,6,123,-117
117900133,22,129,-107
117900134,40,226,-186
117900135,18,244,-226
117900136,0,52,-52
117900137,23,333,-310
117900138,0,40,-40
117900139,130,118,12
117900140,2973,227,2746
117900141,295,215,80
117900142,185,29,156
117900144,62,143,-81
117900145,113,33,80
117900146,179,149,30
117900147,50,41,9
117900148,2304,1316,988
117900149,149,209,-60
117900150,35,59,-24
117900151,40,84,-44
117900152,128,83,45
117900153,13,82,-69
117900154,344,525,-181
117900156,963,941,22
117900157,88,584,-496
117900158,163,158,5
117900160,500,544,-44
117900161,2740,1961,779
117900162,275,418,-143
117900163,123,76,47
117900165,2,10,-8
117900166,102,513,-411
117900168,62,181,-119
117900169,2,94,-92
117900170,1,57,-56
117900171,0,27,-27
117900172,9,34,-25
117900173,135,87,48
117900174,26,56,-30
117900175,2,33,-31
117900176,14,38,-24
117900177,39,54,-15
117900178,148,41,107
117900180,245,32,213
117900181,78,222,-144
117900182,0,26,-26
117900183,46,170,-124
117900184,32,65,-33
117900185,34,75,-41
117900186,32,17,15
117900187,24,13,11
117900188,192,73,119
117900189,36,35,1
117900190,28,1,27
117900191,110,6,104
117900192,205,5,200
117900193,52,94,-42
117900194,38,30,8
117900195,32,65,-33
117900196,18,27,-9
117900207,149,137,12
117900208,48,27,21
117900209,190,228,-38
117900210,133,186,-53
117900211,2,166,-164
117900212,114,136,-22
117900213,22,23,-1
117900214,5,29,-24
117900215,48,55,-7
117900216,94,23,71
117900217,146,284,-138
117900218,188,184,4
117900219,6,86,-80
117900220,152,97,55
117900222,263,291,-28
117900223,188,284,-96
118000001,695,748,-53
118000002,908,1791,-883
118000003,2025,2318,-293
118000004,3408,2666,742
118000005,4060,4193,-133
118000006,5042,8464,-3422
118000007,4709,2943,1766
118000008,5309,3279,2030
118000009,1915,2367,-452
118000010,4688,3526,1162
118000011,1063,1776,-713
118000012,1103,1690,-587
118000013,2454,2056,398
118000014,1864,2320,-456
118000016,192,522,-330
118000017,344,361,-17
118000018,304,519,-215
118000019,2208,1420,788
118000020,1095,2207,-1112
118000021,781,2408,-1627
118000022,1585,722,863
118000023,804,274,530
118000024,1240,927,313
118000027,12447,10187,2260
118000029,830,647,183
118000032,1223,2918,-1695
118000033,2819,4396,-1577
118000034,4676,2325,2351
118000035,1533,2255,-722
118000036,1064,969,95
118000037,675,693,-18
118000038,154,60,94
118000039,90,207,-117
118000040,1494,1171,323
118000041,1997,1364,633
118000045,727,152,575
118000046,1506,431,1075
118000047,953,638,315
118000048,3501,1429,2072
118000051,1567,616,951
118000052,792,377,415
118000053,549,475,74
118000054,1478,1205,273
118000055,986,1302,-316
118000056,823,285,538
118000057,311,428,-117
118000058,3240,1089,2151
118000059,1754,715,1039
118000060,840,496,344
118000061,1463,1053,410
118000062,650,260,390
118000063,275,458,-183
118000064,674,885,-211
118000065,4165,1572,2593
118000066,591,1139,-548
118000067,1320,807,513
118000068,1776,3395,-1619
118000069,2720,919,1801
118000070,4606,1409,3197
118000071,2615,5454,-2839
118000072,1904,1034,870
118000073,2533,438,2095
118000074,436,525,-89
118000075,962,257,705
118000076,1362,1684,-322
118000077,1556,1246,310
118000078,1665,1949,-284
118000079,263,339,-76
118000080,1189,994,195
118000081,1872,1047,825
118000082,278,980,-702
118000083,1265,1346,-81
118000084,2961,1281,1680
118000086,370,539,-169
118000087,4141,2380,1761
118000088,1638,1496,142
118000089,2759,1799,960
118000090,1447,2348,-901
118000091,934,1791,-857
118000092,911,443,468
118000093,113,592,-479
118000096,531,630,-99
118000097,887,566,321
118000098,232,184,48
118000099,423,662,-239
118000101,852,306,546
118000102,358,1315,-957
118000107,1576,437,1139
118000108,564,1602,-1038
118000110,1,29,-28
118000111,0,286,-286
118000112,425,4,421
118000113,4,598,-594
118000114,360,5,355
118000115,18,10,8
118000116,41,1,40
118000117,1141,737,404
118000118,776,710,66
118000119,831,927,-96
118000120,1494,1296,198
118000121,149,738,-589
118000122,1320,370,950
118000123,67,308,-241
118000125,1562,778,784
118000126,733,1290,-557
118000127,1714,563,1151
118000128,711,1119,-408
118000129,1015,479,536
118000130,1980,2701,-721
118000131,918,1025,-107
118000132,2156,1551,605
118000133,859,467,392
118000135,560,398,162
118000136,114,345,-231
118000137,561,96,465
118000138,351,480,-129
118000139,322,125,197
118000140,2248,3401,-1153
118000141,1458,1609,-151
118000142,1502,1353,149
118000143,1811,1146,665
118000144,1274,822,452
118000145,1524,2048,-524
118000146,1058,1010,48
118000147,677,1523,-846
118000148,435,1081,-646
118000149,814,980,-166
118000150,344,353,-9
118000151,412,469,-57
118000153,1000,964,36
118000154,1052,1461,-409
118000155,1069,1251,-182
118000156,1749,2042,-293
118000157,510,365,145
118000158,216,372,-156
118000159,24,96,-72
118000160,418,407,11
118000161,474,722,-248
118000162,1690,812,878
118000163,712,649,63
118000164,1586,1203,383
118000168,890,355,535
118000169,888,1070,-182
118000170,3717,4874,-1157
118000171,274,551,-277
118000172,101,286,-185
118000173,1118,1165,-47
118000175,255,303,-48
118000176,222,410,-188
118000177,215,459,-244
118000178,65,44,21
118000179,1330,1083,247
118000180,820,713,107
118000181,746,297,449
118000182,337,267,70
118000183,183,282,-99
118000184,693,681,12
118000185,1031,983,48
118000186,743,994,-251
118000187,1072,701,371
118000188,409,167,242
118000189,439,586,-147
118000190,14,29,-15
118000191,27,15,12
118000192,310,305,5
118000193,224,403,-179
118000194,1134,852,282
118000195,931,744,187
118000196,393,148,245
118000197,361,197,164
118000198,553,556,-3
118000199,425,304,121
118000200,56,153,-97
118000201,339,351,-12
118000202,48,40,8
118000203,1463,474,989
118000204,196,325,-129
118000205,361,420,-59
118000206,168,207,-39
118000207,0,43,-43
118000208,1127,1307,-180
118000209,1645,1638,7
118000210,64,41,23
118000211,21,51,-30
118000213,752,857,-105
118000214,588,487,101
118000215,211,188,23
118000216,1214,2295,-1081
118000217,37,189,-152
118000218,71,113,-42
118000219,485,330,155
118000220,3,35,-32
118000221,187,261,-74
118000222,52,3,49
118000223,46,50,-4
118000224,164,119,45
118000225,122,591,-469
118000226,795,126,669
118000227,757,419,338
118000228,134,248,-114
118000229,169,41,128
118000230,150,175,-25
118000231,75,155,-80
118000232,653,786,-133
118000233,827,677,150
118000234,352,194,158
118000236,329,236,93
118000237,98,330,-232
118000238,197,137,60
118000239,292,284,8
118000240,330,152,178
118000241,101,170,-69
118000242,260,547,-287
118000243,205,178,27
118000244,59,148,-89
118000246,2,15,-13
118000255,57,174,-117
118000256,104,219,-115
118000259,15,39,-24
118000260,129,144,-15
118000261,30,31,-1
118000263,59,93,-34
118000266,109,217,-108
118000267,1,90,-89
118000268,348,2,346
118000270,83,25,58
118000271,244,339,-95
118000272,127,31,96
118000273,109,64,45
118000274,86,251,-165
118000276,399,296,103
118000295,7,86,-79
118000298,136,336,-200
118000299,58,171,-113
118000301,0,43,-43
118000302,51,98,-47
118000311,306,118,188
118000312,253,177,76
118000313,40,143,-103
118000314,75,82,-7
118000315,25,62,-37
118000316,531,459,72
118000325,43,46,-3
118000326,26,28,-2
118000331,20,52,-32
118000332,10,26,-16
118000333,20,61,-41
118000335,281,1,280
118000336,1,203,-202
118000407,101,65,36
118000457,7,36,-29
118000465,3310,3450,-140
118000480,26,58,-32
118000489,74,247,-173
118000490,77,313,-236
118000492,298,181,117
118000510,58,20,38
118000514,147,287,-140
118000515,518,500,18
118000517,308,174,134
118000524,318,195,123
118000525,731,730,1
118000530,25,74,-49
118000531,248,318,-70
118000532,199,222,-23
118000533,327,132,195
118000534,514,435,79
118000535,280,148,132
118000536,659,1123,-464
118000537,19,107,-88
118000538,63,63,0
118000539,24,73,-49
118000540,213,93,120
118000541,104,53,51
118000542,73,128,-55
118000543,147,173,-26
118000546,52,19,33
118000553,0,0,0
118000560,2244,1612,632
118000562,19,93,-74
118000563,1482,1237,245
118000576,141,139,2
118000577,251,222,29
118000578,118,95,23
118000579,757,947,-190
118000583,0,0,0
118000595,169,84,85
118000596,1,59,-58
118000597,193,178,15
118000598,4,2,2
118000599,64,36,28
118000600,8,7,1
118000601,7,0,7
118000602,3,14,-11
118000603,0,38,-38
118000605,47,208,-161
118000606,31,45,-14
118900001,594,1159,-565
118900002,724,751,-27
118900003,295,7,288
118900004,82,59,23
118900005,78,6,72
118900006,96,1,95
118900007,21,2,19
118900008,1247,35,1212
118900009,55,29,26
118900010,46,5,41
118900011,133,32,101
118900012,427,194,233
118900013,348,61,287
118900015,160,85,75
118900016,10,6,4
118900017,264,326,-62
118900018,617,20,597
118900019,63,17,46
118900020,215,135,80
118900021,136,225,-89
118900022,144,107,37
118900023,115,101,14
118900024,88,121,-33
118900025,68,28,40
118900026,46,76,-30
118900027,287,188,99
118900028,148,111,37
118900029,238,260,-22
118900030,241,76,165
118900031,147,113,34
118900032,137,156,-19
118900033,272,290,-18
118900034,120,18,102
118900035,93,179,-86
118900036,980,639,341
118900037,332,197,135
118900038,283,192,91
118900039,352,119,233
118900040,134,164,-30
118900041,421,128,293
118900042,151,87,64
118900045,282,169,113
118900046,858,350,508
118900047,455,250,205
118900048,211,148,63
118900049,61,49,12
118900050,37,122,-85
118900051,173,100,73
118900052,241,177,64
118900053,44,82,-38
118900054,109,53,56
118900055,51,103,-52
118900056,20,236,-216
118900057,528,344,184
118900058,317,274,43
118900059,15,109,-94
118900060,79,157,-78
118900062,343,139,204
118900064,482,453,29
118900065,44,88,-44
118900066,77,83,-6
118900067,2851,2325,526
118900068,27,172,-145
118900069,253,214,39
118900071,4,75,-71
118900072,396,263,133
118900073,92,110,-18
118900074,75,183,-108
118900075,40,61,-21
118900076,180,87,93
118900077,109,151,-42
118900078,46,6,40
118900079,32,128,-96
118900080,14,118,-104
118900081,95,66,29
118900082,487,158,329
118900083,30,8,22
118900084,15,16,-1
118900085,612,856,-244
118900086,38,99,-61
118900087,20,145,-125
118900088,0,15,-15
118900089,41,18,23
118900090,365,432,-67
118900091,193,210,-17
118900092,99,84,15
118900093,128,14,114
118900096,200,179,21
118900097,189,400,-211
118900099,61,152,-91
118900100,113,153,-40
118900101,67,343,-276
118900102,26,67,-41
118900103,14,73,-59
118900104,110,114,-4
118900105,168,111,57
118900107,138,72,66
118900108,60,96,-36
118900110,1278,602,676
118900111,517,400,117
118900112,45,141,-96
118900113,72,348,-276
118900114,19,66,-47
118900115,69,295,-226
118900116,112,222,-110
118900117,80,198,-118
118900118,186,350,-164
118900119,129,269,-140
118900120,91,330,-239
118900121,12,134,-122
118900122,11,720,-709
118900123,158,214,-56
118900124,21,152,-131
118900126,41,305,-264
118900129,262,213,49
118900130,59,165,-106
118900131,133,197,-64
118900132,250,212,38
118900133,17,104,-87
118900135,273,199,74
118900136,194,385,-191
118900137,4,26,-22
118900139,175,239,-64
118900140,354,488,-134
118900141,100,148,-48
118900144,111,332,-221
118900145,46,131,-85
118900146,284,625,-341
118900147,183,129,54
118900148,47,69,-22
118900150,110,419,-309
118900152,446,716,-270
118900157,102,145,-43
118900158,39,44,-5
118900159,0,171,-171
118900161,84,13,71
118900163,120,117,3
118900164,1,87,-86
118900165,37,137,-100
118900166,23,3,20
118900167,47,108,-61
118900168,13,109,-96
118900169,86,235,-149
118900170,94,85,9
118900171,29,36,-7
118900174,39,80,-41
118900175,310,453,-143
118900176,127,186,-59
118900177,69,74,-5
118900178,57,178,-121
118900179,3,27,-24
118900181,76,107,-31
118900182,87,47,40
118900183,31,98,-67
118900184,258,78,180
118900185,184,116,68
118900186,108,77,31
118900187,189,210,-21
118900188,218,238,-20
118900189,36,660,-624
118900190,7,258,-251
118900191,120,42,78
118900192,110,8,102
118900193,302,11,291
118900195,251,523,-272
118900196,37,158,-121
118900197,74,36,38
118900198,5,22,-17
118900199,92,64,28
118900200,22,10,12
118900201,21,28,-7
118900202,7,56,-49
118900203,4,32,-28
118900204,6,23,-17
118900205,4,6,-2
118900206,0,15,-15
119000001,1028,1341,-313
119000002,3076,2444,632
119000003,1725,1094,631
119000004,2031,956,1075
119000005,1252,1376,-124
119000006,2292,1317,975
119000007,2645,2696,-51
119000008,1670,1659,11
119000009,3466,3628,-162
119000010,5594,3909,1685
119000011,3089,2266,823
119000012,2395,2752,-357
119000013,1935,1416,519
119000014,1747,2734,-987
119000019,268,120,148
119000020,1821,1088,733
119000021,3103,1799,1304
119000022,1908,1732,176
119000023,354,251,103
119000024,1408,6867,-5459
119000025,5651,1070,4581
119000026,125,353,-228
119000027,156,380,-224
119000028,1692,884,808
119000029,110,337,-227
119000030,532,824,-292
119000031,686,801,-115
119000032,1678,2050,-372
119000033,1725,1286,439
119000034,660,757,-97
119000035,34,268,-234
119000036,1295,882,413
119000037,951,1469,-518
119000038,266,829,-563
119000039,322,314,8
119000040,621,386,235
119000041,502,921,-419
119000048,2858,3131,-273
119000049,1613,2347,-734
119000050,1898,1709,189
119000051,2252,879,1373
119000052,1540,2501,-961
119000053,1602,997,605
119000054,2731,3039,-308
119000055,3361,3225,136
119000056,1851,1765,86
119000057,1104,1700,-596
119000058,1594,1472,122
119000059,1025,1520,-495
119000060,1182,962,220
119000061,871,744,127
119000062,942,1229,-287
119000063,389,401,-12
119000064,953,1133,-180
119000065,1859,2857,-998
119000066,1682,1084,598
119000067,1636,1942,-306
119000068,1417,1024,393
119000069,1266,2041,-775
119000070,1861,973,888
119000071,484,674,-190
119000072,4107,2547,1560
119000073,3804,5237,-1433
119000074,1008,2361,-1353
119000075,1642,2070,-428
119000076,382,906,-524
119000077,558,379,179
119000078,339,224,115
119000079,206,588,-382
119000080,167,24,143
119000081,246,374,-128
119000082,636,197,439
119000083,483,341,142
119000084,311,400,-89
119000085,441,217,224
119000086,261,269,-8
119000087,1479,883,596
119000088,291,287,4
119000090,144,148,-4
119000091,113,200,-87
119000092,406,186,220
119000093,3121,2377,744
119000094,2321,4592,-2271
119000095,1435,2143,-708
119000097,2002,1403,599
119000098,754,2056,-1302
119000099,2130,1552,578
119000100,2568,2464,104
119000101,3291,1654,1637
119000102,928,918,10
119000103,1421,517,904
119000104,2209,1259,950
119000105,846,1469,-623
119000106,347,1264,-917
119000107,623,438,185
119000108,299,898,-599
119000109,133,424,-291
119000110,336,332,4
119000111,56,521,-465
119000112,201,90,111
119000113,2047,280,1767
119000114,666,850,-184
119000115,98,105,-7
119000116,89,110,-21
119000117,109,300,-191
119000118,0,7,-7
119000123,3895,1168,2727
119000124,521,176,345
119000125,2834,710,2124
119000126,817,673,144
119000127,414,530,-116
119000128,18,3,15
119000131,786,711,75
119000132,3,1,2
119000133,1,1,0
119000134,1853,521,1332
119000135,136,223,-87
119000136,173,229,-56
119000137,197,404,-207
119000138,341,320,21
119000139,272,203,69
119000140,179,281,-102
119000284,1285,2440,-1155
119000285,2049,2049,0
119000286,7179,4931,2248
119000287,1250,1934,-684
119000288,1698,1256,442
119000289,1758,2466,-708
119000290,160,383,-223
119000291,4,178,-174
119000293,200,194,6
119000294,38,37,1
119000295,1030,323,707
119000296,387,295,92
119000302,2406,1241,1165
119000303,179,70,109
119000310,0,0,0
119000314,1206,7687,-6481
119000315,2,405,-403
119000316,92,87,5
119000317,82,298,-216
119000319,187,123,64
119900001,221,1127,-906
119900002,110,252,-142
119900003,62,1077,-1015
119900004,310,878,-568
119900005,117,106,11
119900006,163,366,-203
119900007,1329,182,1147
119900008,419,55,364
119900009,609,682,-73
119900010,776,950,-174
119900011,18,85,-67
119900012,13,95,-82
119900013,1617,851,766
119900014,493,232,261
119900015,78,31,47
119900016,36,78,-42
119900017,48,51,-3
119900018,1877,654,1223
119900019,19,4,15
119900020,146,168,-22
119900021,125,71,54
119900022,99,463,-364
119900023,496,1118,-622
119900025,124,20,104
119900026,586,117,469
119900027,12,34,-22
119900028,471,130,341
119900029,3,7,-4
119900030,379,473,-94
119900031,36,324,-288
119900033,1920,265,1655
119900034,334,116,218
119900037,190,34,156
119900038,34,245,-211
119900039,52,18,34
119900040,185,17,168
119900041,100,42,58
119900042,212,162,50
119900043,68,154,-86
119900044,184,669,-485
119900046,90,58,32
119900047,209,55,154
119900048,150,40,110
119900049,141,5,136
119900050,57,71,-14
119900051,758,17,741
119900052,73,31,42
119900053,159,173,-14
119900054,104,10,94
119900055,1090,438,652
119900057,175,69,106
119900058,159,2,157
119900059,101,42,59
119900060,248,13,235
119900061,153,5,148
119900062,61,35,26
119900063,10,57,-47
119900065,149,8,141
119900067,179,33,146
119900068,351,5,346
119900069,84,18,66
119900070,593,5,588
119900071,500,11,489
119900073,1615,697,918
119900074,20,21,-1
119900075,4310,2475,1835
119900076,514,418,96
119900077,671,900,-229
119900078,506,917,-411
119900079,482,225,257
119900080,368,282,86
119900081,586,119,467
119900082,877,128,749
119900083,306,140,166
119900084,579,260,319
119900085,67,97,-30
119900086,416,1112,-696
119900087,621,259,362
119900088,22,46,-24
119900089,17,454,-437
119900090,139,55,84
119900091,75,860,-785
119900092,114,332,-218
119900093,907,241,666
119900094,79,181,-102
119900095,218,111,107
119900096,48,104,-56
119900097,587,182,405
119900098,39,73,-34
119900099,24,163,-139
119900100,2129,2051,78
119900101,214,878,-664
119900102,64,222,-158
119900103,35,293,-258
119900104,40,163,-123
119900105,493,1479,-986
119900106,21,186,-165
119900107,280,2538,-2258
119900108,1871,546,1325
119900109,52,133,-81
119900110,627,452,175
119900111,67,308,-241
119900112,1542,472,1070
119900113,78,237,-159
119900114,226,995,-769
119900115,229,1017,-788
119900116,179,430,-251
119900117,298,578,-280
119900118,81,839,-758
119900119,243,227,16
119900120,567,486,81
119900121,334,1062,-728
119900122,616,324,292
119900123,209,292,-83
119900124,159,838,-679
119900125,46,295,-249
119900126,3052,223,2829
119900127,2264,1051,1213
119900128,415,508,-93
119900129,239,464,-225
119900130,21,281,-260
119900131,55,240,-185
119900132,8,219,-211
119900133,48,111,-63
119900134,1631,199,1432
119900135,2,341,-339
119900136,163,326,-163
119900138,350,490,-140
119900139,73,73,0
119900140,1,162,-161
119900141,103,555,-452
119900142,0,17,-17
119900143,17,232,-215
119900144,1667,262,1405
119900145,86,144,-58
119900146,163,235,-72
119900147,4,153,-149
119900148,137,51,86
119900149,1051,2675,-1624
119900150,189,156,33
119900151,1155,522,633
119900152,86,373,-287
119900153,144,100,44
119900154,7,613,-606
119900155,24,43,-19
119900156,30,4,26
119900157,112,231,-119
119900158,123,108,15
119900159,3,1185,-1182
119900160,23,155,-132
119900161,173,178,-5
119900162,670,740,-70
119900163,154,184,-30
119900164,4,7,-3
119900165,134,213,-79
119900166,70,74,-4
119900167,99,77,22
119900168,670,407,263
119900169,105,273,-168
119900170,215,279,-64
119900171,1232,430,802
119900172,110,27,83
119900173,10,362,-352
119900174,2,148,-146
119900175,830,697,133
119900177,24,209,-185
119900178,8,122,-114
119900179,66,364,-298
119900180,742,849,-107
119900181,56,121,-65
119900182,1,272,-271
119900183,121,665,-544
119900184,1991,470,1521
119900185,40,125,-85
119900186,62,516,-454
119900187,18,302,-284
119900188,62,345,-283
119900189,519,467,52
119900190,62,255,-193
119900191,249,126,123
119900192,40,164,-124
119900193,226,144,82
119900194,16,93,-77
119900195,22,124,-102
119900196,1031,374,657
119900197,128,139,-11
119900198,630,279,351
119900199,141,16,125
119900200,512,642,-130
119900201,274,160,114
119900202,124,187,-63
119900203,150,357,-207
119900204,199,244,-45
119900205,520,532,-12
119900206,129,123,6
119900208,170,206,-36
119900209,407,1007,-600
119900210,43,32,11
119900211,102,8,94
119900212,141,317,-176
119900213,4,79,-75
119900214,24,82,-58
119900215,75,113,-38
119900216,18,73,-55
119900217,24,58,-34
119900218,50,101,-51
119900219,31,129,-98
119900220,6,82,-76
119900221,28,228,-200
119900222,23,183,-160
119900223,33,87,-54
119900224,7,26,-19
119900225,951,78,873
119900226,466,1191,-725
119900227,887,255,632
119900228,554,262,292
119900229,379,373,6
119900230,1249,503,746
119900231,207,151,56
119900232,204,103,101
119900233,40,4,36
119900234,21,52,-31
119900235,51,48,3
119900236,35,164,-129
119900237,46,355,-309
119900238,3,46,-43
119900240,84,157,-73
119900241,172,283,-111
119900242,990,1366,-376
119900244,527,1218,-691
119900245,113,174,-61
119900246,308,600,-292
119900247,21,139,-118
119900248,89,185,-96
119900249,172,87,85
119900253,2261,367,1894
119900254,86,495,-409
119900255,114,537,-423
119900256,387,703,-316
119900257,76,0,76
119900258,95,21,74
119900259,14,109,-95
119900260,54,4,50
119900261,507,139,368
119900262,1,251,-250
119900263,856,305,551
119900264,109,201,-92
119900265,475,391,84
119900266,252,245,7
119900267,218,366,-148
119900268,212,147,65
119900269,943,922,21
119900271,14,73,-59
119900272,273,117,156
119900275,96,15,81
119900276,43,0,43
119900277,9,2,7
119900278,225,60,165
119900279,66,243,-177
119900280,634,177,457
119900281,1,176,-175
119900282,49,99,-50
119900283,11,232,-221
119900284,72,216,-144
119900285,28,44,-16
119900286,5,19,-14
119900288,4,21,-17
119900289,0,24,-24
119900290,4,27,-23
119900291,1,48,-47
119900292,38,26,12
119900293,34,91,-57
119900294,17,84,-67
119900295,22,40,-18
119900296,41,186,-145
119900297,4,14,-10
119900298,8,4,4
119900299,94,117,-23
119900300,385,121,264
119900301,56,9,47
119900302,31,51,-20
119900303,256,273,-17
119900304,159,44,115
119900305,19,83,-64
119900306,19,1,18
119900307,44,93,-49
119900308,4,19,-15
119900309,46,120,-74
119900310,229,280,-51
119900311,64,112,-48
119900312,68,84,-16
119900313,258,287,-29
119900314,116,283,-167
119900315,1239,1895,-656
119900318,10,20,-10
119900319,27,299,-272
119900320,180,478,-298
119900321,89,2,87
120000001,4702,10326,-5624
120000002,2442,3013,-571
120000003,3243,1823,1420
120000004,2870,2258,612
120000005,3843,1846,1997
120000006,1123,1364,-241
120000007,3528,2893,635
120000008,978,1394,-416
120000009,2856,905,1951
120000010,1682,2706,-1024
120000011,1054,1515,-461
120000012,1294,2142,-848
120000013,2432,2473,-41
120000014,570,1263,-693
120000015,2477,1433,1044
120000016,2759,2018,741
120000017,2534,1927,607
120000018,3266,7881,-4615
120000019,847,1240,-393
120000020,2963,2846,117
120000021,1691,1950,-259
120000022,2407,3455,-1048
120000023,893,1522,-629
120000024,1338,2233,-895
120000025,2162,1970,192
120000026,1554,1680,-126
120000027,1664,1825,-161
120000028,1169,1316,-147
120000029,2962,767,2195
120000030,1781,778,1003
120000031,1636,4874,-3238
120000032,7261,4299,2962
120000033,4875,2027,2848
120000034,1348,1833,-485
120000035,1536,2036,-500
120000036,2712,4648,-1936
120000037,661,1203,-542
120000038,5390,2725,2665
120000039,570,890,-320
120000040,427,318,109
120000041,1775,1281,494
120000042,1899,2138,-239
120000043,3868,1675,2193
120000044,3964,1495,2469
120000045,4303,1085,3218
120000046,2483,2213,270
120000047,942,3367,-2425
120000048,5989,3671,2318
120000049,2612,2504,108
120000050,3318,3532,-214
120000051,2795,3562,-767
120000052,7944,2305,5639
120000053,1215,2680,-1465
120000054,1332,4023,-2691
120000055,1997,4290,-2293
120000056,3109,3169,-60
120000057,2432,819,1613
120000058,4304,720,3584
120000059,13,1332,-1319
120000061,130,616,-486
120000062,222,251,-29
120000063,1592,2345,-753
120000064,215,1174,-959
120000065,619,1579,-960
120000066,363,484,-121
120000067,81,483,-402
120000068,230,857,-627
120000069,613,1031,-418
120000070,84,673,-589
120000071,349,178,171
120000072,561,469,92
120000073,679,89,590
120000074,274,99,175
120000075,816,320,496
120000076,1624,411,1213
120000077,1501,595,906
120000078,2633,1069,1564
120000079,396,540,-144
120000080,230,369,-139
120000081,420,208,212
120000082,246,250,-4
120000083,138,615,-477
120000084,321,343,-22
120000085,277,347,-70
120000086,360,515,-155
120000087,204,645,-441
120000088,786,1100,-314
120000089,944,539,405
120000090,681,588,93
120000091,992,974,18
120000092,936,591,345
120000093,318,457,-139
120000094,156,673,-517
120000095,1024,529,495
120000096,231,791,-560
120000098,849,768,81
120000099,371,834,-463
120000100,684,1092,-408
120000101,543,530,13
120000102,439,715,-276
120000103,1133,808,325
120000104,1400,469,931
120000105,2454,726,1728
120000106,2262,696,1566
120000107,3042,646,2396
120000108,1075,166,909
120000109,976,84,892
120000110,98,931,-833
120000111,125,1045,-920
120000112,903,2804,-1901
120000113,951,2133,-1182
120000114,1080,2745,-1665
120000115,310,2317,-2007
120000116,748,1926,-1178
120000117,1041,1355,-314
120000118,74,58,16
120000119,41,90,-49
120000120,75,53,22
120000121,81,84,-3
120000122,251,168,83
120000123,4755,4172,583
120000124,427,471,-44
120000125,382,639,-257
120000126,395,623,-228
120000127,2322,646,1676
120000128,3182,3153,29
120000129,240,309,-69
120000130,892,691,201
120000131,380,635,-255
120000134,358,1091,-733
120000135,418,412,6
120000137,273,1175,-902
120000138,669,394,275
120000139,296,621,-325
120000140,622,423,199
120000141,479,495,-16
120000142,688,620,68
120000143,0,103,-103
120000144,88,4,84
120000145,317,2,315
120000146,1218,753,465
120000149,630,1053,-423
120000150,3130,9041,-5911
120000151,357,478,-121
120000152,342,189,153
120000153,178,461,-283
120000154,420,365,55
120000155,133,289,-156
120000156,1045,932,113
120000157,919,579,340
120000158,845,781,64
120000159,2251,2396,-145
120000160,2219,1325,894
120000161,1696,2131,-435
120000162,82,258,-176
120000163,582,1438,-856
120000164,448,430,18
120000165,438,832,-394
120000166,1079,532,547
120000167,59,97,-38
120000168,16,247,-231
120000169,28,739,-711
120000170,30,448,-418
120000171,19,178,-159
120000172,75,199,-124
120000173,2462,665,1797
120000174,362,37,325
120000175,318,20,298
120000176,366,24,342
120000177,952,92,860
120000178,78,17,61
120000179,251,34,217
120000180,540,65,475
120000181,98,462,-364
120000182,58,341,-283
120000183,10,251,-241
120000184,83,643,-560
120000186,69,317,-248
120000187,51,139,-88
120000188,137,216,-79
120000190,943,28,915
120000191,857,54,803
120000192,751,13,738
120000193,313,3,310
120000195,53,2,51
120000196,284,43,241
120000197,81,93,-12
120000198,104,53,51
120000199,94,1,93
120000200,109,0,109
120000201,15,34,-19
120000202,4,39,-35
120000203,31,149,-118
120000207,1,59,-58
120000208,22,220,-198
120000209,10,98,-88
120000210,194,316,-122
120000211,70,2,68
120000212,94,0,94
120000213,71,160,-89
120000214,1,181,-180
120000215,10,88,-78
120000216,23,7,16
120000217,674,824,-150
120000218,218,628,-410
120000219,4,460,-456
120000220,37,1699,-1662
120000225,1196,16,1180
120000226,297,6,291
120000227,651,40,611
120000228,6291,2331,3960
120000230,234,10,224
120000231,923,2103,-1180
120000233,184,6,178
120000235,226,658,-432
120000236,644,0,644
120000237,4,1107,-1103
120000238,0,337,-337
120000241,1101,2410,-1309
120000412,1049,17,1032
120000413,255,267,-12
120000414,95,2,93
120000415,1,107,-106
120000416,176,8,168
120000417,3,91,-88
120000418,137,23,114
120000419,13,345,-332
120000420,251,95,156
120000421,9271,5544,3727
120000422,91,843,-752
120000423,2,43,-41
120000424,29,104,-75
120000436,159,586,-427
120000437,174,141,33
120000438,2990,327,2663
120000439,122,471,-349
120000443,162,0,162
120000444,1139,492,647
120000445,1468,1022,446
120000446,677,353,324
120000447,139,13,126
120000449,101,9,92
120000450,3,249,-246
120000451,124,219,-95
120000452,26,1,25
120000453,0,180,-180
120000454,148,155,-7
120000455,84,69,15
120000456,2127,2757,-630
120000457,812,589,223
120000458,425,691,-266
120000459,79,61,18
120000665,766,260,506
120000668,106,465,-359
120000669,46,150,-104
120000670,265,468,-203
120000671,1100,365,735
120000672,110,580,-470
120900001,44,122,-78
120900002,403,363,40
120900003,182,22,160
120900004,13,73,-60
120900005,29,888,-859
120900006,384,175,209
120900007,117,100,17
120900008,254,1204,-950
120900009,667,56,611
120900010,312,112,200
120900011,223,180,43
120900012,321,848,-527
120900013,253,77,176
120900014,3,459,-456
120900015,750,97,653
120900016,607,53,554
120900017,2325,100,2225
120900018,75,406,-331
120900019,454,321,133
120900020,919,1134,-215
120900021,573,179,394
120900022,48,294,-246
120900023,247,32,215
120900024,1620,459,1161
120900025,1653,998,655
120900026,151,124,27
120900027,650,20,630
120900028,313,78,235
120900029,246,391,-145
120900030,969,589,380
120900031,165,97,68
120900032,813,120,693
120900033,739,79,660
120900034,22,2213,-2191
120900035,28,54,-26
120900037,221,9,212
120900038,37,210,-173
120900039,98,37,61
120900040,240,8,232
120900041,134,30,104
120900042,393,38,355
120900043,65,30,35
120900044,7,337,-330
120900045,168,82,86
120900046,313,10,303
120900047,162,82,80
120900048,119,14,105
120900049,333,2,331
120900050,2047,1088,959
120900051,320,110,210
120900052,426,9,417
120900053,213,76,137
120900054,1696,420,1276
120900055,328,1,327
120900056,435,20,415
120900057,118,20,98
120900058,360,0,360
120900059,75,5,70
120900060,53,30,23
120900061,248,208,40
120900062,208,1,207
120900063,435,3,432
120900064,454,0,454
120900065,413,0,413
120900066,284,184,100
120900067,149,45,104
120900068,171,0,171
120900069,193,68,125
120900071,11,4,7
120900072,640,6,634
120900073,359,170,189
120900074,448,12,436
120900076,232,0,232
120900077,2279,304,1975
120900078,674,851,-177
120900079,560,102,458
120900080,607,2021,-1414
120900081,759,791,-32
120900082,497,302,195
120900083,84,8,76
120900084,202,326,-124
120900085,92,124,-32
120900086,135,289,-154
120900087,327,384,-57
120900088,138,323,-185
120900089,3002,1807,1195
120900090,157,172,-15
120900091,755,707,48
120900092,1672,555,1117
120900093,2311,196,2115
120900094,519,178,341
120900095,369,27,342
120900096,35,202,-167
120900097,508,709,-201
120900098,310,208,102
120900099,57,53,4
120900100,84,274,-190
120900101,841,282,559
120900102,30,97,-67
120900103,48,203,-155
120900104,22,38,-16
120900105,45,481,-436
120900106,1476,557,919
120900107,267,135,132
120900108,3,599,-596
120900109,62,576,-514
120900110,7,682,-675
120900111,189,346,-157
120900112,8,803,-795
120900113,15,805,-790
120900114,32,166,-134
120900115,143,251,-108
120900116,219,368,-149
120900117,6,501,-495
120900118,11,746,-735
120900119,3190,4297,-1107
120900120,76,550,-474
120900121,156,507,-351
120900122,434,470,-36
120900123,5,464,-459
120900124,0,606,-606
120900125,11,681,-670
120900126,1846,1234,612
120900127,14,472,-458
120900128,1324,1467,-143
120900129,78,293,-215
120900130,11,452,-441
120900131,42,67,-25
120900132,804,291,513
120900133,134,808,-674
120900134,1022,407,615
120900135,14,505,-491
120900136,34,85,-51
120900137,161,69,92
120900138,14,184,-170
120900139,8,642,-634
120900140,3,51,-48
120900141,114,183,-69
120900142,26,500,-474
120900143,4,859,-855
120900144,0,137,-137
120900145,342,832,-490
120900146,3,973,-970
120900147,1,521,-520
120900148,90,130,-40
120900149,0,272,-272
120900150,24,539,-515
120900151,1,661,-660
120900152,0,39,-39
120900153,21,84,-63
120900154,1,269,-268
120900155,133,1001,-868
120900156,36,403,-367
120900157,45,169,-124
120900158,39,587,-548
120900159,234,300,-66
120900160,24,637,-613
120900161,57,360,-303
120900162,49,485,-436
120900163,46,469,-423
120900164,6,19,-13
120900165,19,66,-47
120900166,77,293,-216
120900167,311,161,150
120900169,69,372,-303
120900170,1442,2158,-716
120900171,1018,381,637
120900172,731,765,-34
120900173,0,77,-77
120900174,7,122,-115
120900175,276,141,135
120900176,9,277,-268
120900177,1,874,-873
120900178,0,318,-318
120900179,1090,464,626
120900180,93,156,-63
120900181,126,55,71
120900182,15,286,-271
120900183,334,38,296
120900184,184,54,130
120900185,11,249,-238
120900186,1,497,-496
120900187,361,942,-581
120900188,160,9,151
120900189,130,869,-739
120900190,82,7,75
120900191,6,16,-10
120900192,9834,5084,4750
120900194,50,68,-18
120900195,93,247,-154
120900196,728,33,695
120900197,492,113,379
120900198,262,517,-255
120900199,303,348,-45
120900200,57,119,-62
120900201,426,193,233
120900202,2,154,-152
120900203,35,86,-51
120900204,148,222,-74
120900205,73,70,3
120900206,15,63,-48
120900207,82,1196,-1114
121000001,711,825,-114
121000002,1808,962,846
121000003,2232,1519,713
121000004,2311,2901,-590
121000005,1733,2079,-346
121000006,3065,1402,1663
121000007,2260,2405,-145
121000008,4541,2611,1930
121000009,4208,4177,31
121000010,6732,3899,2833
121000011,6321,8904,-2583
121000012,12251,7792,4459
121000013,4141,5452,-1311
121000014,5655,4891,764
121000015,3367,5895,-2528
121000016,4044,2761,1283
121000017,1662,3217,-1555
121000018,1753,1397,356
121000019,13905,10541,3364
121000020,10546,12738,-2192
121000021,3384,2620,764
121000022,2332,2537,-205
121000023,3323,2474,849
121000024,3687,4000,-313
121000025,455,1203,-748
121000026,327,138,189
121000027,1446,1041,405
121000028,680,387,293
121000029,845,549,296
121000030,482,339,143
121000031,679,527,152
121000032,165,118,47
121000034,552,195,357
121000035,224,142,82
121000036,1111,804,307
121000037,514,530,-16
121000038,447,674,-227
121000039,280,311,-31
121000041,467,349,118
121000042,345,344,1
121000043,631,520,111
121000044,1156,716,440
121000045,430,244,186
121000046,465,733,-268
121000047,315,222,93
121000049,1610,490,1120
121000050,283,1001,-718
121000051,756,256,500
121000052,287,496,-209
121000053,363,73,290
121000054,60,369,-309
121000055,965,927,38
121000056,914,917,-3
121000057,393,401,-8
121000058,474,209,265
121000059,1745,1035,710
121000060,551,826,-275
121000061,87,195,-108
121000062,436,311,125
121000063,702,664,38
121000064,670,687,-17
121000065,455,474,-19
121000066,746,549,197
121000067,824,428,396
121000068,653,292,361
121000069,325,395,-70
121000070,1946,1044,902
121000071,1329,1102,227
121000072,1529,680,849
121000073,1166,833,333
121000074,259,115,144
121000075,43,67,-24
121000076,1173,382,791
121000077,172,136,36
121000078,129,147,-18
121000080,1985,560,1425
121000081,1872,2603,-731
121000082,125,246,-121
121000083,226,159,67
121000084,146,170,-24
121000085,258,381,-123
121000086,222,623,-401
121000087,80,321,-241
121000088,252,448,-196
121000089,287,329,-42
121000090,336,302,34
121000091,1106,671,435
121000092,166,77,89
121000093,158,211,-53
121000094,467,651,-184
121000095,354,589,-235
121000096,1987,1885,102
121000097,968,1784,-816
121000098,393,899,-506
121000099,544,670,-126
121000100,896,498,398
121000101,274,211,63
121000102,270,341,-71
121000103,177,243,-66
121000104,276,164,112
121000105,322,301,21
121000106,255,291,-36
121000107,1762,2715,-953
121000109,1067,907,160
121000110,271,627,-356
121000114,2389,1833,556
121000115,742,692,50
121000116,254,728,-474
121000117,752,219,533
121000118,1214,231,983
121000119,1071,530,541
121000120,261,461,-200
121000121,481,882,-401
121000123,1193,475,718
121000127,105,86,19
121000128,844,462,382
121000129,784,546,238
121000130,503,692,-189
121000131,2287,1830,457
121000132,1561,1519,42
121000135,321,326,-5
121000136,1766,599,1167
121000137,467,277,190
121000138,983,700,283
121000139,636,282,354
121000141,205,147,58
121000142,599,735,-136
121000143,109,29,80
121000144,883,1455,-572
121000145,527,921,-394
121000146,1244,906,338
121000147,884,507,377
121000148,861,969,-108
121000149,1713,1256,457
121000152,665,584,81
121000153,1752,617,1135
121000154,813,560,253
121000155,990,983,7
121000156,399,868,-469
121000157,977,1488,-511
121000158,509,566,-57
121000159,171,393,-222
121000160,322,414,-92
121000161,146,233,-87
121000162,77,158,-81
121000165,1346,1688,-342
121000166,25,477,-452
121000168,396,258,138
121000169,90,173,-83
121000170,394,71,323
121000171,33,144,-111
121000172,655,517,138
121000173,1147,1013,134
121000174,322,385,-63
121000175,808,362,446
121000176,366,253,113
121000177,1089,649,440
121000178,98,53,45
121000179,77,78,-1
121000181,539,422,117
121000182,99,209,-110
121000183,185,81,104
121000184,68,69,-1
121000185,33,154,-121
121000186,166,315,-149
121000187,129,183,-54
121000188,146,196,-50
121000192,739,387,352
121000193,534,519,15
121000194,1904,1753,151
121000195,250,777,-527
121000196,796,289,507
121000197,180,496,-316
121000198,144,68,76
121000199,88,232,-144
121000200,359,57,302
121000201,9,169,-160
121000202,567,94,473
121000203,814,1833,-1019
121000204,2264,627,1637
121000205,164,207,-43
121000206,115,32,83
121000207,1717,328,1389
121000208,3,217,-214
121000209,389,288,101
121000210,476,403,73
121000211,316,139,177
121000212,387,391,-4
121000213,7577,2515,5062
121000214,575,1891,-1316
121000215,1062,709,353
121000216,475,631,-156
121000217,3365,2331,1034
121000218,446,1353,-907
121000219,1239,368,871
121000220,163,45,118
121000221,98,174,-76
121000222,2076,1697,379
121000223,871,403,468
121000224,420,180,240
121000225,1902,1638,264
121000226,2950,1004,1946
121000227,0,53,-53
121000228,14,459,-445
121000229,222,283,-61
121000230,47,1258,-1211
121000231,706,46,660
121000232,409,304,105
121000233,525,387,138
121000234,40,44,-4
121000235,81,113,-32
121000236,9,53,-44
121000237,61,30,31
121000238,5,75,-70
121000239,85,23,62
121000240,7,155,-148
121000241,105,21,84
121000242,88,383,-295
121000243,734,262,472
121000244,19,84,-65
121000245,138,51,87
121000246,9,116,-107
121000247,75,8,67
121000248,1582,547,1035
121000249,105,181,-76
121000250,439,175,264
121000251,23,312,-289
121000252,96,52,44
121000253,408,304,104
121000254,534,206,328
121000255,282,147,135
121000256,400,184,216
121000257,73,84,-11
121000258,160,68,92
121000259,98,62,36
121000260,219,119,100
121000261,267,45,222
121000262,736,582,154
121000263,699,444,255
121000271,248,1220,-972
121000273,76,4,72
121000274,9,39,-30
121000275,3,14,-11
121000276,4,9,-5
121000278,33,27,6
121000279,25,13,12
121000280,29,29,0
121000289,94,5,89
121000290,1136,784,352
121000294,96,79,17
121000297,1070,1040,30
121000299,331,352,-21
121000300,721,469,252
121000302,51,814,-763
121000303,391,350,41
121000304,463,44,419
121000305,136,35,101
121000306,75,122,-47
121000308,162,297,-135
121000309,327,426,-99
121000310,80,303,-223
121000311,72,873,-801
121000312,239,163,76
121000313,257,430,-173
121000314,151,124,27
121000315,57,167,-110
121000530,1206,1137,69
121000531,1549,1302,247
121000532,5640,7122,-1482
121000533,2773,3002,-229
121000918,72,151,-79
121000919,67,63,4
121000938,141,293,-152
121000939,208,246,-38
121000956,1074,938,136
121000957,5,13,-8
121000958,96,27,69
121000959,565,667,-102
121000960,1857,1938,-81
121000961,242,178,64
121000962,275,610,-335
121000963,0,0,0
121000973,0,106,-106
121000976,13,139,-126
121000979,311,115,196
121000981,483,359,124
121000982,353,153,200
121000983,346,344,2
121000984,33,80,-47
121000985,469,404,65
121000986,215,159,56
121000987,316,769,-453
121000988,575,112,463
121001302,311,110,201
121001308,1,11,-10
121001309,77,75,2
121001313,265,171,94
121001314,1961,2551,-590
121001315,3669,1870,1799
121001326,399,328,71
121900001,205,158,47
121900002,42,27,15
121900003,329,8,321
121900004,135,257,-122
121900005,24,5,19
121900006,91,21,70
121900007,1353,1843,-490
121900008,386,117,269
121900009,414,13,401
121900010,167,2,165
121900011,126,247,-121
121900012,9,1,8
121900013,1610,82,1528
121900014,909,300,609
121900015,174,159,15
121900016,3,39,-36
121900017,1188,426,762
121900018,223,7,216
121900019,383,214,169
121900020,21,3,18
121900021,893,27,866
121900022,229,184,45
121900023,71,200,-129
121900024,357,133,224
121900025,518,285,233
121900026,295,21,274
121900027,216,88,128
121900028,167,25,142
121900029,60,113,-53
121900030,374,432,-58
121900031,814,4596,-3782
121900032,71,64,7
121900033,175,139,36
121900034,234,81,153
121900035,1791,1684,107
121900036,59,209,-150
121900037,131,587,-456
121900038,21,121,-100
121900039,347,54,293
121900040,58,104,-46
121900041,54,119,-65
121900042,264,116,148
121900043,7,5,2
121900044,157,51,106
121900046,215,288,-73
121900047,138,73,65
121900048,26,105,-79
121900050,27,47,-20
121900051,133,113,20
121900052,116,34,82
121900053,503,300,203
121900054,448,859,-411
121900055,7,27,-20
121900058,203,154,49
121900059,346,132,214
121900060,112,314,-202
121900062,118,94,24
121900063,949,351,598
121900064,208,497,-289
121900066,62,27,35
121900067,79,83,-4
121900069,209,143,66
121900070,179,60,119
121900071,230,290,-60
121900072,55,137,-82
121900073,189,156,33
121900074,555,721,-166
121900075,415,394,21
121900076,304,463,-159
121900078,66,33,33
121900079,2,0,2
121900080,779,346,433
121900082,58,80,-22
121900084,20,198,-178
121900086,12,50,-38
121900087,174,71,103
121900088,1253,2101,-848
121900089,128,301,-173
121900090,166,106,60
121900091,57,142,-85
121900092,68,104,-36
121900093,82,74,8
121900094,36,7,29
121900095,231,146,85
121900096,911,670,241
121900097,434,244,190
121900098,10,0,10
121900099,216,87,129
121900100,241,406,-165
121900101,119,103,16
121900102,12,166,-154
121900103,483,185,298
121900104,1241,369,872
121900105,219,148,71
121900106,4,3,1
121900107,41,36,5
121900108,1,18,-17
121900109,287,160,127
121900110,436,839,-403
121900111,932,149,783
121900112,183,110,73
121900113,53,280,-227
121900114,49,61,-12
121900117,91,42,49
121900118,1725,607,1118
121900119,291,130,161
121900120,52,1122,-1070
121900121,405,36,369
121900122,44,64,-20
121900123,150,367,-217
121900124,213,148,65
121900125,864,794,70
121900127,16,83,-67
121900128,61,73,-12
121900129,507,152,355
121900130,101,186,-85
121900131,310,82,228
121900132,65,95,-30
121900133,141,902,-761
121900134,18,163,-145
121900135,1936,349,1587
121900136,675,307,368
121900137,48,300,-252
121900138,123,106,17
121900139,338,431,-93
121900140,60,144,-84
121900141,86,29,57
121900142,143,103,40
121900143,7,93,-86
121900144,128,248,-120
121900145,168,209,-41
121900146,552,626,-74
121900147,69,167,-98
121900148,176,213,-37
121900149,289,575,-286
121900150,107,137,-30
121900151,60,267,-207
121900152,76,115,-39
121900153,85,506,-421
121900154,21,267,-246
121900155,9,92,-83
121900156,120,88,32
121900157,2,363,-361
121900158,74,86,-12
121900159,4,193,-189
121900160,68,265,-197
121900161,301,341,-40
121900162,85,134,-49
121900163,264,567,-303
121900164,462,170,292
121900165,166,119,47
121900166,174,132,42
121900167,116,111,5
121900168,138,210,-72
121900169,3,223,-220
121900170,4,163,-159
121900171,601,402,199
121900172,494,217,277
121900173,942,222,720
121900174,35,41,-6
121900175,90,174,-84
121900176,613,1259,-646
121900177,176,49,127
121900178,36,50,-14
121900179,522,177,345
121900180,3316,3211,105
121900182,506,262,244
121900183,624,776,-152
121900184,69,534,-465
121900186,4,242,-238
121900187,22,124,-102
121900188,377,330,47
121900189,9,103,-94
121900190,275,470,-195
121900191,154,222,-68
121900192,324,568,-244
121900193,43,134,-91
121900194,10,113,-103
121900195,40,73,-33
121900196,821,741,80
121900197,386,1222,-836
121900198,982,730,252
121900199,0,24,-24
121900200,77,237,-160
121900201,702,641,61
121900202,118,541,-423
121900203,134,599,-465
121900204,667,1152,-485
121900205,34,107,-73
121900206,25,14,11
121900207,112,25,87
121900208,146,185,-39
121900209,51,29,22
121900210,946,782,164
121900211,330,472,-142
121900212,200,90,110
121900213,197,56,141
121900214,4,330,-326
121900215,58,87,-29
121900216,39,96,-57
121900217,159,112,47
121900218,128,295,-167
121900220,109,15,94
121900221,170,484,-314
121900222,148,112,36
121900223,148,39,109
121900224,75,32,43
121900225,131,79,52
121900226,234,189,45
121900227,309,435,-126
121900228,228,295,-67
121900230,171,128,43
121900231,201,437,-236
121900232,186,447,-261
121900233,201,188,13
121900234,258,234,24
121900235,344,176,168
121900236,393,170,223
121900237,229,240,-11
121900238,152,196,-44
121900239,169,22,147
121900240,188,73,115
121900241,45,54,-9
121900242,8,1,7
121900243,9,0,9
121900244,19,1,18
121900245,177,66,111
121900246,1495,195,1300
121900248,1199,1133,66
121900250,209,229,-20
121900251,280,45,235
121900252,407,118,289
121900253,161,662,-501
121900254,552,216,336
121900255,274,83,191
121900258,2497,2035,462
121900259,345,487,-142
121900260,51,142,-91
121900261,225,554,-329
121900262,350,804,-454
121900263,297,263,34
121900264,1501,1162,339
121900265,221,200,21
121900266,413,143,270
121900267,80,33,47
121900269,167,656,-489
121900270,35,175,-140
121900271,28,117,-89
121900273,383,1387,-1004
121900274,189,170,19
121900277,445,807,-362
121900278,110,718,-608
121900279,91,154,-63
121900280,128,213,-85
121900281,234,121,113
121900284,58,13,45
121900286,168,131,37
121900287,20,20,0
121900288,2,0,2
121900290,190,285,-95
121900291,370,528,-158
121900292,135,149,-14
121900293,1108,2353,-1245
121900294,195,5,190
121900295,120,173,-53
121900296,33,70,-37
121900298,253,584,-331
121900299,0,13,-13
121900300,152,3,149
121900301,127,6,121
121900302,1,23,-22
121900303,317,241,76
121900304,0,26,-26
121900305,3,22,-19
121900306,230,9,221
121900307,91,15,76
121900308,47,249,-202
121900309,18,232,-214
121900310,39,436,-397
121900311,468,34,434
121900312,273,34,239
121900313,338,17,321
121900314,0,62,-62
121900315,38,1,37
121900316,1,33,-32
121900317,16,8,8
121900318,1,19,-18
121900319,65,117,-52
121900320,45,67,-22
121900321,6,1,5
121900322,2,19,-17
121900323,25,5,20
121900324,0,59,-59
121900325,26,2,24
121900326,1,12,-11
121900327,7,69,-62
121900328,0,26,-26
121900329,3,190,-187
121900330,0,31,-31
121900331,7,2,5
121900332,75,24,51
121900333,29,1,28
121900334,106,67,39
122000001,1864,3862,-1998
122000002,3563,1419,2144
122000003,1942,2106,-164
122000004,2694,1440,1254
122000005,2158,1461,697
122000006,1603,861,742
122000007,1129,1741,-612
122000008,3369,4218,-849
122000009,362,319,43
122000010,1911,2249,-338
122000011,2713,1111,1602
122000012,1229,1397,-168
122000013,1131,862,269
122000014,1301,1076,225
122000015,1290,1025,265
122000016,587,805,-218
122000017,1033,938,95
122000018,1502,1190,312
122000019,663,1023,-360
122000020,160,160,0
122000021,307,385,-78
122000022,1109,781,328
122000023,674,1352,-678
122000024,780,1024,-244
122000025,1325,1326,-1
122000026,1189,886,303
122000027,553,2121,-1568
122000028,869,402,467
122000029,467,379,88
122000031,161,188,-27
122000032,1702,1798,-96
122000033,589,1097,-508
122000034,520,377,143
122000035,305,693,-388
122000036,641,526,115
122000037,351,206,145
122000038,261,302,-41
122000039,187,198,-11
122000040,782,459,323
122000041,475,507,-32
122000042,329,487,-158
122000043,128,137,-9
122000044,150,143,7
122000045,1169,451,718
122000046,711,663,48
122000047,313,259,54
122000048,3722,3697,25
122000049,4705,2788,1917
122000050,1334,693,641
122000051,279,249,30
122000052,464,367,97
122000053,211,669,-458
122000054,2154,1799,355
122000055,1938,2622,-684
122000056,4587,3277,1310
122000057,3295,3081,214
122000058,2773,1133,1640
122000059,2792,1500,1292
122000060,634,539,95
122000061,498,470,28
122000062,1524,486,1038
122000063,1176,639,537
122000064,2876,2245,631
122000065,3599,2145,1454
122000066,576,466,110
122000067,1502,1046,456
122000068,1047,934,113
122000069,1036,612,424
122000070,878,1532,-654
122000071,1115,1094,21
122000072,265,289,-24
122000073,798,650,148
122000074,2665,1413,1252
122000075,688,1047,-359
122000076,1732,921,811
122000077,1064,667,397
122000078,2394,2147,247
122000079,1344,1009,335
122000080,756,351,405
122000081,209,277,-68
122000082,785,693,92
122000083,1184,1916,-732
122000084,1153,630,523
122000085,291,852,-561
122000086,1635,3818,-2183
122000087,296,148,148
122000088,190,316,-126
122000089,4256,1926,2330
122000090,188,327,-139
122000091,160,81,79
122000092,132,20,112
122000093,1509,1263,246
122000094,4494,1815,2679
122000095,1879,2414,-535
122000096,1718,1291,427
122000098,2639,1707,932
122000099,1968,554,1414
122000100,836,450,386
122000101,428,591,-163
122000102,1621,1088,533
122000103,1867,1670,197
122000104,345,180,165
122000105,724,275,449
122000106,398,611,-213
122000107,982,430,552
122000108,406,723,-317
122000109,421,281,140
122000110,434,532,-98
122000111,2268,1089,1179
122000112,781,1135,-354
122000113,609,628,-19
122000114,2519,1155,1364
122000115,1711,1191,520
122000116,500,470,30
122000117,1837,368,1469
122000118,491,742,-251
122000119,2695,2038,657
122000120,1758,3451,-1693
122000121,1664,2598,-934
122000122,797,1523,-726
122000123,1577,1517,60
122000124,884,424,460
122000125,719,615,104
122000126,571,1022,-451
122000127,914,1176,-262
122000128,504,693,-189
122000129,593,998,-405
122000130,2599,1304,1295
122000131,1011,992,19
122000132,398,513,-115
122000133,837,1081,-244
122000134,652,669,-17
122000135,721,777,-56
122000136,703,695,8
122000137,1135,937,198
122000139,1292,2570,-1278
122000140,1004,559,445
122000141,2766,708,2058
122000142,345,549,-204
122000143,373,375,-2
122000144,1123,1039,84
122000145,928,718,210
122000146,609,847,-238
122000147,556,422,134
122000148,2109,1581,528
122000149,1877,1556,321
122000150,941,792,149
122000151,162,286,-124
122000152,385,342,43
122000153,359,272,87
122000154,254,188,66
122000155,1309,1943,-634
122000156,2271,2025,246
122000157,1830,1481,349
122000158,313,493,-180
122000159,638,1170,-532
122000160,2604,2018,586
122000161,963,912,51
122000162,1761,1494,267
122000163,238,86,152
122000164,24,125,-101
122000165,1054,620,434
122000166,1220,927,293
122000167,278,208,70
122000168,255,537,-282
122000169,478,165,313
122000170,320,186,134
122000171,42,75,-33
122000172,1285,1295,-10
122000173,1196,1948,-752
122000174,2238,691,1547
122000175,619,242,377
122000176,378,632,-254
122000177,1119,1213,-94
122000178,2291,1938,353
122000179,1359,2149,-790
122000180,1605,1227,378
122000181,1431,2425,-994
122000182,1464,1052,412
122000183,1523,822,701
122000184,2465,1729,736
122000185,1332,1288,44
122000186,412,691,-279
122000187,1638,818,820
122000188,385,192,193
122000189,174,254,-80
122000190,892,856,36
122000191,710,464,246
122000192,516,201,315
122000193,364,603,-239
122000194,1047,295,752
122000195,171,421,-250
122000196,1102,600,502
122000197,513,582,-69
122000198,478,780,-302
122000199,246,245,1
122000200,1041,565,476
122000201,1737,1325,412
122000202,1322,1141,181
122000203,2420,1243,1177
122000204,1316,1702,-386
122000205,1313,1363,-50
122000206,2001,780,1221
122000207,1717,1067,650
122000208,1894,1035,859
122000209,1776,323,1453
122000210,1704,1458,246
122000211,1270,939,331
122000212,699,390,309
122000213,881,1082,-201
122000214,1640,1374,266
122000215,1676,1559,117
122000217,1569,1129,440
122000218,680,59,621
122000219,945,735,210
122000220,355,571,-216
122000221,80,325,-245
122000222,146,43,103
122000223,1523,460,1063
122000225,700,286,414
122000226,1936,1510,426
122000227,280,1854,-1574
122000228,400,332,68
122000229,82,437,-355
122000230,184,437,-253
122000231,418,708,-290
122000232,679,861,-182
122000233,0,103,-103
122000234,257,115,142
122000235,417,119,298
122000236,1143,159,984
122000237,114,58,56
122000238,495,418,77
122000239,535,116,419
122000240,944,504,440
122000241,1476,454,1022
122000242,569,170,399
122000243,183,101,82
122000244,62,282,-220
122000245,112,221,-109
122000246,306,168,138
122000247,843,625,218
122000248,937,1427,-490
122000249,1904,814,1090
122000250,1766,1054,712
122000251,258,304,-46
122000252,526,194,332
122000253,103,374,-271
122000254,239,122,117
122000255,626,1416,-790
122000256,432,790,-358
122000257,146,223,-77
122000258,194,268,-74
122000259,47,350,-303
122000261,25,205,-180
122000262,1,37,-36
122000263,287,78,209
122000264,921,395,526
122000265,1878,828,1050
122000266,3696,732,2964
122000267,129,92,37
122000268,128,330,-202
122000269,809,305,504
122000270,642,143,499
122000271,364,809,-445
122000272,405,782,-377
122000273,229,304,-75
122000274,248,187,61
122000275,86,195,-109
122000276,650,468,182
122000277,954,1323,-369
122000278,1755,870,885
122000279,218,409,-191
122000280,807,620,187
122000281,662,678,-16
122000282,361,190,171
122000283,732,151,581
122000284,323,84,239
122000285,525,119,406
122000286,135,158,-23
122000287,914,1179,-265
122000288,418,228,190
122000291,1415,726,689
122000293,364,285,79
122000294,131,173,-42
122000295,1365,215,1150
122000296,82,537,-455
122000297,2165,2113,52
122000299,385,289,96
122000300,518,561,-43
122000301,7574,2608,4966
122000302,480,790,-310
122000303,2439,1150,1289
122000304,61,172,-111
122000305,901,558,343
122000306,65,699,-634
122000307,179,165,14
122000309,134,85,49
122000310,24,106,-82
122000311,287,167,120
122000312,122,155,-33
122000313,196,93,103
122000314,132,183,-51
122000315,132,34,98
122000316,509,206,303
122000317,823,205,618
122000318,400,451,-51
122000319,218,291,-73
122000320,700,1515,-815
122000321,121,158,-37
122000322,2163,1952,211
122000323,1593,1913,-320
122000324,1225,1018,207
122000325,960,1229,-269
122000326,64,90,-26
122000327,413,569,-156
122000328,742,536,206
122000330,1506,617,889
122000332,190,157,33
122000333,14,169,-155
122000337,957,1159,-202
122000338,342,313,29
122000340,329,406,-77
122000342,1545,906,639
122000343,481,1010,-529
122000344,48,27,21
122000345,123,41,82
122000346,345,420,-75
122000348,598,603,-5
122000349,151,642,-491
122000351,130,341,-211
122000352,769,172,597
122000353,147,131,16
122000355,166,203,-37
122000356,1223,986,237
122000357,107,32,75
122000358,0,49,-49
122000359,0,33,-33
122000360,0,44,-44
122000362,5,47,-42
122000364,157,257,-100
122000365,1,36,-35
122000366,27,12,15
122000368,383,574,-191
122000370,33,39,-6
122000371,12,0,12
122000372,25,1,24
122000381,73,286,-213
122000382,74,272,-198
122000384,2786,1152,1634
122000385,60,0,60
122000386,412,981,-569
122000387,412,576,-164
122000388,1301,698,603
122000389,140,498,-358
122000390,466,301,165
122000391,331,151,180
122000392,196,279,-83
122000393,17,49,-32
122000394,492,251,241
122000395,124,146,-22
122000396,299,108,191
122000397,104,63,41
122000398,22,51,-29
122000399,195,90,105
122000400,149,374,-225
122000401,214,132,82
122000402,205,94,111
122000403,422,714,-292
122000404,132,221,-89
122000408,767,1056,-289
122000503,14,69,-55
122000524,210,99,111
122000544,69,1914,-1845
122000614,355,235,120
122000616,247,1,246
122000640,69,187,-118
122000641,96,344,-248
122000642,1292,938,354
122000643,44,123,-79
122000644,107,25,82
122000645,95,153,-58
122000651,1457,671,786
122000664,148,32,116
122000665,1017,530,487
122000666,546,1102,-556
122000673,26,232,-206
122000674,146,62,84
122000675,1523,908,615
122000686,811,848,-37
122000687,1351,258,1093
122000688,251,729,-478
122000689,614,412,202
122000690,1544,452,1092
122000691,700,1636,-936
122000692,1100,304,796
122000693,340,1128,-788
122000695,219,354,-135
122000696,309,218,91
122000698,285,585,-300
122000699,156,78,78
122000701,1055,275,780
122000702,406,1047,-641
122000703,129,56,73
122000712,0,0,0
122000717,145,53,92
122000718,1132,1365,-233
122000719,118,86,32
122000720,351,198,153
122000724,218,261,-43
122900001,28,8,20
122900002,1043,3268,-2225
122900003,264,44,220
122900004,444,29,415
122900005,130,37,93
122900006,952,205,747
122900007,226,62,164
122900008,691,45,646
122900009,503,240,263
122900010,226,114,112
122900012,198,319,-121
122900014,143,286,-143
122900015,1295,523,772
122900016,93,256,-163
122900017,395,511,-116
122900018,176,13,163
122900019,104,96,8
122900020,389,302,87
122900021,89,503,-414
122900024,150,85,65
122900025,17,245,-228
122900026,64,304,-240
122900027,54,690,-636
122900028,107,182,-75
122900029,3579,2438,1141
122900030,851,517,334
122900031,80,207,-127
122900032,88,311,-223
122900033,255,136,119
122900034,3436,3973,-537
122900035,5,19,-14
122900036,41,79,-38
122900037,281,114,167
122900038,126,1988,-1862
122900039,110,445,-335
122900040,257,373,-116
122900041,263,222,41
122900042,139,291,-152
122900043,282,139,143
122900044,80,266,-186
122900045,118,106,12
122900046,168,135,33
122900047,147,186,-39
122900048,75,158,-83
122900049,1204,125,1079
122900051,92,146,-54
122900052,122,292,-170
122900053,62,26,36
122900055,271,105,166
122900057,245,44,201
122900061,386,158,228
122900062,448,497,-49
122900063,141,276,-135
122900064,956,274,682
122900065,273,86,187
122900066,617,464,153
122900067,1303,673,630
122900069,816,1400,-584
122900070,341,196,145
122900071,141,316,-175
122900073,34,239,-205
122900074,593,442,151
122900075,3,51,-48
122900076,5,196,-191
122900077,8,206,-198
122900078,161,9,152
122900080,49,34,15
122900081,184,187,-3
122900082,680,328,352
122900083,172,159,13
122900084,6,196,-190
122900086,4,78,-74
122900087,197,410,-213
122900088,45,163,-118
122900089,80,199,-119
122900090,12,452,-440
122900091,186,0,186
122900092,218,275,-57
122900093,2,261,-259
122900094,32,196,-164
122900095,130,16,114
122900096,196,71,125
122900097,18,35,-17
122900098,92,103,-11
122900099,75,13,62
122900100,323,97,226
122900101,335,169,166
122900102,19,45,-26
122900103,117,7,110
122900104,104,9,95
122900105,10,5,5
122900106,1,56,-55
122900107,7,141,-134
122900108,11,186,-175
122900109,572,366,206
123000001,1515,382,1133
123000002,3068,3560,-492
123000003,3343,3262,81
123000004,2933,3555,-622
123000005,2101,2547,-446
123000006,1973,2098,-125
123000007,3741,2459,1282
123000008,3134,2788,346
123000009,4147,2505,1642
123000010,3404,3209,195
123000011,2417,691,1726
123000012,920,1901,-981
123000013,2960,747,2213
123000014,1189,2773,-1584
123000015,2974,906,2068
123000016,3411,3363,48
123000017,2581,1523,1058
123000018,81,124,-43
123000019,203,193,10
123000020,163,95,68
123000021,99,225,-126
123000022,272,1933,-1661
123000023,1483,1229,254
123000024,1385,802,583
123000025,269,165,104
123000026,82,72,10
123000027,226,347,-121
123000028,1846,378,1468
123000029,1871,680,1191
123000030,208,338,-130
123000031,151,241,-90
123000032,279,171,108
123000033,303,149,154
123000034,1123,1054,69
123000035,260,316,-56
123000036,265,763,-498
123000037,326,290,36
123000038,86,193,-107
123000039,367,1129,-762
123000040,802,313,489
123000041,1070,1085,-15
123000042,960,564,396
123000043,2610,6641,-4031
123000044,3919,2218,1701
123000045,6273,2359,3914
123000046,755,1151,-396
123000047,1780,821,959
123000048,63,529,-466
123000049,5091,6797,-1706
123000050,1056,1068,-12
123000051,91,173,-82
123000052,628,2528,-1900
123000053,1994,2591,-597
123000054,1188,1076,112
123000055,1005,1563,-558
123000056,1098,1659,-561
123000057,9628,5686,3942
123000058,569,768,-199
123000059,402,512,-110
123000060,675,324,351
123000061,211,623,-412
123000063,606,713,-107
123000064,845,291,554
123000065,4527,2590,1937
123000066,585,479,106
123000067,637,603,34
123000068,2190,2313,-123
123000069,5627,2842,2785
123000070,259,634,-375
123000071,745,886,-141
123000072,1063,859,204
123000073,902,660,242
123000074,881,1064,-183
123000075,300,810,-510
123000076,744,601,143
123000077,2080,2448,-368
123000078,1271,1561,-290
123000079,1049,1704,-655
123000080,1893,1648,245
123000081,126,343,-217
123000082,394,922,-528
123000083,711,206,505
123000084,616,532,84
123000085,224,79,145
123000086,389,183,206
123000087,216,235,-19
123000088,1460,773,687
123000089,408,1019,-611
123000090,1068,875,193
123000091,1168,1125,43
123000092,802,1060,-258
123000094,425,210,215
123000095,418,532,-114
123000096,454,412,42
123000097,338,674,-336
123000098,597,539,58
123000099,534,665,-131
123000100,507,726,-219
123000101,521,590,-69
123000102,577,638,-61
123000104,353,386,-33
123000105,484,439,45
123000106,389,371,18
123000107,371,446,-75
123000108,622,830,-208
123000111,722,353,369
123000112,834,513,321
123000113,482,1005,-523
123000114,361,576,-215
123000115,284,278,6
123000116,64,120,-56
123000117,1849,1593,256
123000118,478,691,-213
123000119,270,762,-492
123000120,562,745,-183
123000121,402,606,-204
123000122,240,278,-38
123000123,391,582,-191
123000124,449,431,18
123000125,869,936,-67
123000126,1152,2826,-1674
123000127,838,564,274
123000128,270,262,8
123000129,496,194,302
123000130,479,88,391
123000131,620,571,49
123000132,291,525,-234
123000133,222,328,-106
123000134,276,170,106
123000135,1729,1041,688
123000136,252,668,-416
123000137,144,248,-104
123000138,94,372,-278
123000139,392,90,302
123000140,115,617,-502
123000141,653,118,535
123000142,916,982,-66
123000143,1719,2126,-407
123000144,80,26,54
123000147,228,118,110
123000149,382,347,35
123000150,169,191,-22
123000151,327,425,-98
123000152,123,223,-100
123000153,367,497,-130
123000154,1060,1369,-309
123000155,1433,691,742
123000156,54,94,-40
123000157,575,742,-167
123000158,536,692,-156
123000159,2644,1921,723
123000160,775,651,124
123000161,1363,938,425
123000162,818,1509,-691
123000163,390,83,307
123000164,711,201,510
123000165,338,970,-632
123000167,3,148,-145
123000168,238,222,16
123000169,514,114,400
123000170,97,149,-52
123000171,422,30,392
123000172,522,671,-149
123000173,508,367,141
123000174,927,434,493
123000175,688,998,-310
123000176,643,203,440
123000177,260,733,-473
123000178,815,153,662
123000179,56,599,-543
123000180,1032,201,831
123000181,212,1211,-999
123000182,218,398,-180
123000183,73,330,-257
123000184,104,565,-461
123000185,490,302,188
123000186,4,671,-667
123000187,450,7,443
123000188,231,2,229
123000189,69,162,-93
123000190,42,97,-55
123000192,22,449,-427
123000193,81,997,-916
123000194,270,177,93
123000195,311,53,258
123000196,311,65,246
123000197,75,160,-85
123000198,46,449,-403
123000199,6,510,-504
123000200,301,9,292
123000201,449,11,438
123000202,22,1011,-989
123000203,667,37,630
123000204,65,1121,-1056
123000205,510,1773,-1263
123000206,1314,155,1159
123000207,289,1142,-853
123000208,613,154,459
123000209,2855,790,2065
123000210,871,2986,-2115
123000211,511,2276,-1765
123000212,1961,508,1453
123000213,675,103,572
123000215,108,207,-99
123000216,125,543,-418
123000217,173,33,140
123000218,60,497,-437
123000219,682,78,604
123000220,470,91,379
123000221,353,111,242
123000222,293,304,-11
123000223,183,265,-82
123000224,375,504,-129
123000225,219,69,150
123000226,44,230,-186
123000227,74,268,-194
123000228,225,63,162
123000229,1121,1440,-319
123000232,187,545,-358
123000233,583,159,424
123000234,162,606,-444
123000235,664,260,404
123000236,187,607,-420
123000237,244,84,160
123000238,75,423,-348
123000239,490,1119,-629
123000240,36,317,-281
123000241,597,57,540
123000242,81,195,-114
123000243,769,985,-216
123000244,1293,684,609
123000245,35,158,-123
123000249,333,492,-159
123000252,721,221,500
123000253,827,442,385
123000254,535,862,-327
123000255,890,833,57
123000256,31,210,-179
123000257,2473,1787,686
123000258,983,819,164
123000259,336,429,-93
123000260,493,323,170
123000261,142,96,46
123000263,225,219,6
123000264,147,104,43
123000265,87,160,-73
123000266,475,704,-229
123000267,410,327,83
123000268,52,87,-35
123000269,129,64,65
123000270,79,58,21
123000271,87,85,2
123000272,645,303,342
123000273,203,526,-323
123000274,899,539,360
123000275,295,696,-401
123000278,3014,2213,801
123000279,140,132,8
123000280,437,350,87
123000281,333,105,228
123000282,123,256,-133
123000283,39,71,-32
123000284,65,104,-39
123000286,332,281,51
123000287,764,329,435
123000288,1072,487,585
123000289,458,661,-203
123000291,277,708,-431
123000294,212,265,-53
123000295,1159,925,234
123000296,673,617,56
123000297,607,620,-13
123000298,795,657,138
123000299,302,322,-20
123000300,780,809,-29
123000301,122,233,-111
123000302,64,153,-89
123000303,86,139,-53
123000305,763,848,-85
123000306,123,143,-20
123000309,47,82,-35
123000310,55,53,2
123000311,1,123,-122
123000312,583,805,-222
123000313,444,332,112
123000315,68,253,-185
123000316,1062,361,701
123000317,304,83,221
123000318,104,301,-197
123000329,9,11,-2
123000337,1313,375,938
123000338,531,52,479
123000339,174,196,-22
123000340,331,656,-325
123000342,41,106,-65
123000343,41,6,35
123000344,1294,453,841
123000345,350,577,-227
123000346,307,51,256
123000352,974,677,297
123000353,15,127,-112
123000354,266,5,261
123000355,0,416,-416
123000356,311,9,302
123000357,0,149,-149
123000359,4,141,-137
123000360,154,65,89
123000361,289,239,50
123000362,183,98,85
123000363,85,138,-53
123000364,443,397,46
123000365,14,298,-284
123000366,393,1462,-1069
123000367,221,905,-684
123000370,33,214,-181
123000371,490,39,451
123000372,329,17,312
123000373,8,337,-329
123000374,13,162,-149
123000375,315,34,281
123000376,927,759,168
123000377,198,26,172
123000378,10,184,-174
123000379,2,179,-177
123000380,48,299,-251
123000381,134,60,74
123000382,890,90,800
123000383,147,954,-807
123000384,375,66,309
123000385,195,483,-288
123000436,33,774,-741
123000507,196,328,-132
123000508,188,679,-491
123000517,263,38,225
123000518,27,193,-166
123000519,139,47,92
123000520,56,192,-136
123000521,304,92,212
123000522,150,358,-208
123000541,6,0,6
123000542,0,23,-23
123000565,716,77,639
123000566,201,675,-474
123000567,184,264,-80
123000573,42,594,-552
123000574,537,59,478
123000575,952,894,58
123000576,534,1045,-511
123000577,86,475,-389
123000578,452,49,403
123000579,2646,3798,-1152
123000580,176,54,122
123000582,218,33,185
123000583,10,258,-248
123000584,111,198,-87
123000585,0,136,-136
123000586,95,0,95
123000596,391,241,150
123000597,132,209,-77
123000602,27,4,23
123000603,502,598,-96
123000604,439,674,-235
123000605,767,25,742
123000606,1,272,-271
123000609,16,293,-277
123000610,153,116,37
123000613,48,168,-120
123000614,178,42,136
123000615,146,144,2
123000616,402,48,354
123000617,95,298,-203
123000618,74,414,-340
123000619,377,50,327
123000620,11,290,-279
123000622,276,23,253
123000624,145,47,98
123000630,1033,348,685
123000631,258,1221,-963
123000632,702,720,-18
123000633,0,306,-306
123000634,73,88,-15
123000635,135,109,26
123000636,23,515,-492
123000637,170,22,148
123000638,451,29,422
123000639,791,2748,-1957
123000640,26,648,-622
123000648,334,77,257
123000649,140,539,-399
123000650,119,72,47
123000651,18,119,-101
123900001,899,36,863
123900002,30,1177,-1147
123900003,322,325,-3
123900005,148,166,-18
123900006,172,31,141
124000001,1266,137,1129
124000002,61,1040,-979
124000003,579,135,444
124000004,68,422,-354
124000005,708,220,488
124000006,171,934,-763
124000007,420,102,318
124000008,7,462,-455
124000009,533,227,306
124000010,174,402,-228
124000011,813,261,552
124000012,216,403,-187
124000017,119,118,1
124000018,95,62,33
124000019,135,160,-25
124000020,41,171,-130
124000021,93,98,-5
124000022,67,160,-93
124000023,768,286,482
124000024,102,201,-99
124000025,693,558,135
124000026,184,300,-116
124000027,1651,1064,587
124000028,2004,1214,790
124000031,1225,1862,-637
124000032,1960,1099,861
124000033,886,536,350
124000034,621,1139,-518
124000035,274,205,69
124000036,136,572,-436
124000037,383,1003,-620
124000038,49,102,-53
124000039,996,453,543
124000040,475,893,-418
124000041,419,88,331
124000042,220,348,-128
124000043,112,119,-7
124000044,74,172,-98
124000045,622,530,92
124000046,240,602,-362
124000047,1179,874,305
124000048,828,1042,-214
124000049,1477,701,776
124000050,933,1537,-604
124000051,717,582,135
124000052,633,909,-276
124000053,405,1326,-921
124000054,911,493,418
124000055,1188,2004,-816
124000056,1845,1521,324
124000057,885,529,356
124000058,446,1304,-858
124000059,528,1001,-473
124000060,1178,717,461
124000061,1285,4212,-2927
124000062,3311,1719,1592
124000063,1459,1698,-239
124000064,2345,1413,932
124000065,15,36,-21
124000066,172,75,97
124000067,205,146,59
124000068,63,174,-111
124000069,456,157,299
124000070,192,413,-221
124000071,164,55,109
124000072,35,41,-6
124000073,504,79,425
124000074,243,631,-388
124000075,222,30,192
124000076,15,162,-147
124000077,1688,630,1058
124000078,2568,1152,1416
124000079,412,829,-417
124000080,514,223,291
124000081,254,382,-128
124000082,52,174,-122
124000083,103,116,-13
124000084,106,329,-223
124000085,131,41,90
124000086,215,72,143
124000088,125,226,-101
124000089,771,342,429
124000090,128,341,-213
124000091,447,168,279
124000092,124,577,-453
124000093,144,127,17
124000094,158,414,-256
124000095,86,123,-37
124000096,110,205,-95
124000097,85,211,-126
124000098,65,113,-48
124000099,245,118,127
124000100,46,111,-65
124000101,77,103,-26
124000102,113,68,45
124000103,86,118,-32
124000104,85,88,-3
124000105,74,118,-44
124000106,126,64,62
124000107,14,137,-123
124000108,81,27,54
124000109,121,156,-35
124000110,297,138,159
124000111,175,160,15
124000112,492,561,-69
124000113,65,94,-29
124000114,281,392,-111
124000115,395,631,-236
124000116,116,173,-57
124000117,63,68,-5
124000118,39,101,-62
124000119,674,455,219
124000120,413,362,51
124000121,1253,584,669
124000122,492,1106,-614
124000123,972,449,523
124000124,421,1006,-585
124000125,295,408,-113
124000126,231,563,-332
124000127,691,377,314
124000128,481,831,-350
124000129,1887,1426,461
124000130,747,599,148
124000131,792,536,256
124000132,808,738,70
124000133,857,610,247
124000134,386,299,87
124000135,2157,1633,524
124000136,967,634,333
124000137,1228,866,362
124000138,1357,1388,-31
124000139,995,66,929
124000140,124,508,-384
124000141,618,43,575
124000142,39,478,-439
124000143,113,11,102
124000144,13,210,-197
124000145,170,42,128
124000146,81,74,7
124000148,153,146,7
124000149,1309,463,846
124000150,387,529,-142
124000151,640,238,402
124000152,646,801,-155
124000153,695,568,127
124000154,444,598,-154
124000155,1112,788,324
124000156,1490,885,605
124000169,163,319,-156
124000170,531,382,149
124000171,193,143,50
124000172,317,504,-187
124000173,368,160,208
124000174,332,527,-195
124000175,6,91,-85
124000176,58,15,43
124000177,13,39,-26
124000178,122,33,89
124000185,72,8,64
124000186,5,40,-35
124000187,12,86,-74
124000188,52,14,38
124000190,129,41,88
124000191,141,122,19
124000192,1857,307,1550
124000193,479,608,-129
124000194,383,458,-75
124000195,249,628,-379
124000196,1252,976,276
124000197,44,67,-23
124000198,40,52,-12
124000201,332,724,-392
124000202,435,58,377
124000203,288,507,-219
124000204,528,7,521
124000205,193,409,-216
124000206,731,87,644
124000207,0,43,-43
124000209,243,388,-145
124000210,382,176,206
124000211,531,3,528
124000212,0,343,-343
124000213,321,309,12
124000214,315,602,-287
124000215,313,18,295
124000216,2,351,-349
124000329,10,792,-782
124000338,197,1148,-951
124000339,696,149,547
124000341,1092,154,938
124000344,121,88,33
124000357,1501,3064,-1563
124000358,1125,2036,-911
124000359,842,848,-6
124000360,675,561,114
124000361,1695,682,1013
124000362,936,1289,-353
124000363,259,345,-86
124000364,622,787,-165
124000365,673,966,-293
124000366,1517,1207,310
124000367,125,396,-271
124000368,423,303,120
124000369,119,130,-11
124000370,65,407,-342
124000402,34,18,16
124000403,104,72,32
124000404,10,108,-98
124000405,878,757,121
124000406,674,757,-83
124000407,3,55,-52
124000411,12,288,-276
124000412,363,15,348
124000413,269,35,234
124000414,55,112,-57
124000415,63,127,-64
124000416,129,206,-77
124000417,143,137,6
124000418,131,107,24
124000419,62,108,-46
124000420,62,93,-31
124000421,55,171,-116
124000422,24,20,4
124000423,104,28,76
124000424,9,118,-109
124000425,105,13,92
124000426,6,174,-168
124000427,179,15,164
124000428,14,51,-37
124000429,72,68,4
124000430,287,186,101
124000431,292,411,-119
124000432,180,619,-439
124000439,6,9,-3
124000443,1,5,-4
124000445,767,699,68
124000446,1369,138,1231
124000447,22,119,-97
124000448,65,17,48
124000449,149,19,130
124000450,19,177,-158
124000451,3,90,-87
124000452,282,112,170
124000453,2190,3610,-1420
124000454,1705,3300,-1595
124900001,443,410,33
124900002,137,279,-142
124900003,649,339,310
124900004,507,332,175
124900005,257,134,123
124900006,517,399,118
124900008,1580,729,851
124900009,151,249,-98
124900010,128,106,22
124900011,363,167,196
124900012,302,106,196
124900013,545,204,341
124900014,498,128,370
124900015,118,268,-150
124900016,49,64,-15
124900017,706,1006,-300
124900018,225,26,199
124900020,78,56,22
124900021,273,57,216
124900024,206,33,173
124900026,150,1,149
124900027,92,339,-247
124900028,346,93,253
124900030,5,101,-96
124900031,48,216,-168
124900033,148,220,-72
124900035,161,307,-146
124900036,2,71,-69
124900037,163,221,-58
124900039,4,60,-56
124900040,24,66,-42
124900042,111,49,62
124900043,228,895,-667
124900044,133,1,132
124900045,668,819,-151
124900047,728,422,306
124900050,326,458,-132
124900052,92,293,-201
124900053,317,605,-288
124900054,769,506,263
124900055,12,300,-288
124900057,25,133,-108
124900060,825,435,390
124900061,123,20,103
124900062,213,31,182
124900066,1,165,-164
124900067,20,387,-367
124900068,269,371,-102
124900070,93,352,-259
124900072,337,65,272
124900075,409,497,-88
124900076,67,1428,-1361
124900077,151,305,-154
124900078,57,5,52
124900080,417,884,-467
124900081,757,306,451
124900082,567,1336,-769
124900083,474,1090,-616
124900085,1979,925,1054
124900086,79,1009,-930
124900087,1780,94,1686
124900088,1021,259,762
124900089,1799,158,1641
124900090,233,234,-1
124900091,212,286,-74
124900092,194,197,-3
124900093,245,159,86
124900094,238,254,-16
124900095,48,348,-300
124900096,375,213,162
124900097,251,76,175
124900098,143,290,-147
124900099,479,407,72
124900100,273,80,193
124900101,57,84,-27
124900102,163,30,133
124900103,115,189,-74
124900104,84,172,-88
124900105,91,123,-32
124900106,247,63,184
124900107,85,6,79
124900108,354,100,254
124900111,18,210,-192
124900112,237,607,-370
124900113,142,229,-87
124900114,170,125,45
124900115,175,22,153
124900116,157,114,43
124900117,363,103,260
124900118,222,227,-5
124900119,317,106,211
124900120,61,382,-321
124900121,265,219,46
124900122,279,257,22
124900123,479,361,118
124900124,394,500,-106
124900125,83,1,82
124900126,0,59,-59
204000001,111,8,103
204000002,33,7,26
204000003,12,5,7
204000004,4,0,4
204000005,697,553,144
204000006,1280,1241,39
204000011,18,45,-27
204000012,66,130,-64
204000019,588,465,123
204000020,541,518,23
204000021,1245,735,510
204000022,529,423,106
204000023,526,862,-336
204000031,201,27,174
204000032,712,28,684
204000034,41,121,-80
204000035,0,3,-3
204000036,5,17,-12
204000037,3,21,-18
204000038,0,17,-17
204000039,9,19,-10
204000040,3,22,-19
204000041,5,16,-11
204000042,22,6,16
204000043,29,2,27
204000044,17,3,14
204000045,21,1,20
204000046,1,0,1
204000057,5,8,-3
204000062,36,69,-33
204000068,20,241,-221
204000069,46,288,-242
204000070,91,99,-8
204000080,49,94,-45
204000085,2277,1852,425
204000086,2573,1964,609
204000087,43,11,32
204000088,13,98,-85
204000090,73,238,-165
204000093,255,64,191
204000096,684,1183,-499
204000097,337,38,299
204000099,1026,1203,-177
204000100,1306,2067,-761
204000105,2232,1303,929
204000110,499,1023,-524
204000111,450,507,-57
204000112,1066,554,512
204000113,346,585,-239
204000114,715,530,185
204000115,439,305,134
204000116,723,482,241
204000119,1826,2446,-620
204000132,669,343,326
204000133,706,367,339
204000134,191,130,61
204000135,545,95,450
204000136,874,198,676
204000138,423,405,18
204000140,199,149,50
204000141,148,56,92
204000144,6,22,-16
204000145,390,34,356
204000146,38,278,-240
204000147,46,146,-100
204000148,276,26,250
204000154,7,5,2
204000155,2,8,-6
204000177,73,48,25
204000179,21,12,9
204000180,1,42,-41
204000222,3,10,-7
204000235,11,11,0
204000236,71,263,-192
204000238,17,36,-19
204000240,330,151,179
204000263,667,1010,-343
204000268,1011,647,364
204000308,181,23,158
204000317,12,66,-54
204000322,15,26,-11
204000323,12,6,6
204000328,197,90,107
204000329,92,178,-86
204000330,168,45,123
204000331,113,153,-40
205000001,936,1593,-657
205000013,6,65,-59
205000014,18,73,-55
205000015,26,184,-158
205000016,16,159,-143
205000017,17,65,-48
205000022,360,846,-486
205000025,1347,1141,206
205000029,212,4,208
205000045,129,376,-247
205000046,108,562,-454
205000047,41,385,-344
205000048,363,1139,-776
205000049,189,826,-637
205000050,813,323,490
205000059,1,227,-226
205000060,1,77,-76
205000061,4,51,-47
205000062,2,61,-59
205000063,33,64,-31
205000064,30,58,-28
205000065,49,453,-404
205000066,105,647,-542
205000067,20,815,-795
205000069,181,20,161
205000082,157,115,42
205000110,83,295,-212
205000111,177,261,-84
205000112,186,209,-23
205000113,195,375,-180
205000121,222,46,176
205000123,32,166,-134
205000126,393,96,297
205000127,777,203,574
205000128,593,94,499
205000129,566,111,455
205000130,318,22,296
205000131,171,6,165
205000132,360,5,355
205000133,194,1,193
205000134,262,0,262
205000137,60,134,-74
205000138,127,305,-178
205000139,27,118,-91
205000144,105,91,14
205000145,280,132,148
205000151,131,48,83
205000152,196,29,167
205000153,206,33,173
205000154,71,49,22
205000155,118,13,105
205000207,8,165,-157
205000233,25,1,24
205000234,0,1,-1
205000243,0,0,0
205000244,0,4,-4
205000245,10,149,-139
205000249,0,32,-32
205000250,7,1,6
205000264,6,94,-88
206000027,4,3,1
206000028,2,3,-1
206000043,6,42,-36
206000053,0,8,-8
206000054,2,16,-14
206000055,0,17,-17
206000075,11,12,-1
206000076,19,14,5
206000077,16,8,8
206000078,18,7,11
206000079,14,4,10
206000082,277,43,234
206000100,22,337,-315
206000103,3,15,-12
206000104,10,24,-14
206000105,10,5,5
206000106,4,15,-11
206000125,48,0,48
206000157,46,378,-332
206000170,0,120,-120
206000171,1,138,-137
206000172,4,269,-265
206000173,1,154,-153
206000174,6,59,-53
206000175,1,92,-91
206000176,14,131,-117
206000177,1,121,-120
206000178,5,112,-107
206000179,3,63,-60
206000180,8,117,-109
206000181,12,90,-78
206000182,12,138,-126
206000183,10,339,-329
206000184,1,207,-206
206000185,8,125,-117
206000186,59,854,-795
206000223,7,140,-133
206000226,8,1,7
206000227,20,2,18
206000237,22,243,-221
206000238,11,432,-421
206000239,190,1442,-1252
206000240,2,46,-44
206000241,0,74,-74
206000242,10,178,-168
206000243,8,149,-141
206000244,44,377,-333
206000245,489,34,455
206000246,115,2,113
206000247,152,7,145
206000248,233,17,216
206000252,56,21,35
206000258,25,21,4
206000315,26,4,22
206000317,440,80,360
206000318,380,42,338
206000319,775,73,702
206000320,115,28,87
206000321,142,11,131
206000322,303,14,289
206000323,101,8,93
206000324,109,6,103
206000325,140,5,135
206000326,136,16,120
206000327,291,8,283
206000328,123,2,121
206000329,189,4,185
206000330,53,3,50
206000331,148,2,146
206000332,21,3,18
206000333,372,1,371
206000334,166,3,163
206000335,0,13,-13
206000361,4,116,-112
206000392,3,9,-6
206000405,95,2,93
206000441,15,16,-1
206000498,18,0,18
206000515,79,33,46
206000530,199,59,140
206000531,158,131,27
206000532,1371,201,1170
206000535,191,1517,-1326
206000536,15,151,-136
206000537,14,115,-101
206000613,1189,148,1041
206000784,362,18,344
207000001,171,484,-313
207000002,118,290,-172
207000003,122,143,-21
207000007,761,240,521
207000008,81,10,71
207000009,44,43,1
207000010,425,385,40
207000012,266,213,53
207000015,287,1110,-823
207000019,251,72,179
207000021,441,118,323
207000022,152,104,48
207000023,170,41,129
207000024,4,16,-12
207000025,19,62,-43
207000026,79,29,50
207000027,28,57,-29
207000028,39,156,-117
207000029,180,363,-183
207000033,177,377,-200
207000034,241,78,163
207000039,270,164,106
207000040,242,87,155
207000041,99,36,63
207000042,148,70,78
207000043,186,155,31
207000051,136,205,-69
207000052,88,104,-16
207000053,425,456,-31
207000054,45,94,-49
207000055,146,111,35
207000056,304,273,31
207000057,95,209,-114
207000058,165,260,-95
207000059,95,469,-374
207000060,69,181,-112
207000061,236,366,-130
207000062,290,48,242
207000063,305,94,211
207000064,270,104,166
207000065,331,193,138
207000066,182,133,49
207000067,35,89,-54
207000068,102,65,37
207000069,623,263,360
207000082,11,222,-211
207000083,74,238,-164
207000084,159,245,-86
207000085,209,12,197
207000086,105,12,93
207000106,23,32,-9
207000107,63,16,47
207000108,32,12,20
207000109,61,11,50
207000110,43,54,-11
207000111,72,72,0
207000112,142,478,-336
207000114,20,43,-23
207000115,18,67,-49
207000116,25,266,-241
207000117,2,74,-72
207000118,9,70,-61
207000119,40,61,-21
207000123,155,15,140
207000124,54,19,35
207000125,52,47,5
207000126,57,78,-21
207000134,99,128,-29
207000135,30,203,-173
207000148,49,308,-259
207000149,86,47,39
207000152,103,330,-227
207000153,719,1049,-330
207000154,342,117,225
207000159,92,191,-99
207000160,155,353,-198
207000238,1,232,-231
207000242,5,175,-170
207000248,32,20,12
207000249,103,30,73
207000250,627,63,564
207000251,86,53,33
207000252,36,52,-16
207000278,62,84,-22
207000279,18,122,-104
207000280,460,81,379
207000281,108,854,-746
207000282,202,83,119
207000283,160,254,-94
207000284,89,162,-73
207000285,100,81,19
207000291,27,118,-91
207000304,89,82,7
207000306,52,280,-228
207000310,52,89,-37
207000353,303,7,296
207000356,34,40,-6
207000357,26,10,16
207000358,1,14,-13
207000415,4,149,-145
207000417,32,6,26
207000418,85,100,-15
207000438,0,2,-2
207000439,880,566,314
207000446,126,5,121
207000460,23,4,19
207000466,171,147,24
207000467,169,98,71
207000468,56,345,-289
207000476,4,52,-48
207000477,542,107,435
207000478,2,24,-22
207000523,0,22,-22
207000524,99,0,99
207000527,108,132,-24
207000530,456,10,446
207000531,290,9,281
207000532,109,20,89
207000534,402,53,349
207000535,48,238,-190
207000537,51,115,-64
207000540,5,141,-136
207000541,2,278,-276
207000548,8,210,-202
207000549,286,17,269
207000561,146,130,16
207000562,66,165,-99
207000567,167,234,-67
207000568,201,97,104
207000569,453,665,-212
207000584,274,174,100
207000585,88,265,-177
207000587,157,45,112
207000616,1,157,-156
207000617,124,0,124
207000624,57,40,17
207000631,11,70,-59
207900008,222,124,98
208000001,534,839,-305
208000002,686,426,260
208000003,1062,478,584
208000004,1348,648,700
208000005,11,19,-8
208000019,525,1072,-547
208000020,121,501,-380
208000021,261,337,-76
208000022,1034,468,566
208000028,1037,754,283
208000033,558,553,5
208000034,932,1171,-239
208000037,240,12,228
208000040,134,172,-38
208000041,809,488,321
208000042,1315,630,685
208000047,156,246,-90
208000064,1929,1349,580
208000066,1522,2228,-706
208000070,277,311,-34
208000071,335,715,-380
208000072,274,1149,-875
208000080,274,275,-1
208000081,410,136,274
208000082,339,307,32
208000083,129,435,-306
208000084,6,15,-9
208000085,922,749,173
208000086,438,1170,-732
208000087,322,828,-506
208000089,982,301,681
208000090,833,547,286
208000093,169,175,-6
208000094,560,428,132
208000095,579,425,154
208000104,704,861,-157
208000105,620,946,-326
208000114,80,289,-209
208000115,425,302,123
208000116,466,940,-474
208000117,170,194,-24
208000118,104,121,-17
208000155,705,999,-294
208000158,1198,2978,-1780
208000186,3685,4052,-367
208000204,577,854,-277
208000205,1142,834,308
208000282,5801,2766,3035
209000004,328,122,206
209000005,78,36,42
209000006,402,122,280
209000007,246,267,-21
209000010,372,110,262
209000011,138,253,-115
209000012,208,141,67
209000013,262,256,6
209000014,598,775,-177
209000025,202,33,169
209000026,500,113,387
209000027,518,688,-170
209000028,375,507,-132
209000029,515,489,26
209000030,636,949,-313
209000031,2052,1666,386
209000034,170,201,-31
209000035,114,171,-57
209000036,125,115,10
209000037,232,249,-17
209000038,124,165,-41
209000039,41,134,-93
209000040,266,455,-189
209000041,153,437,-284
209000042,244,373,-129
209000043,658,859,-201
209000044,168,736,-568
209000045,1593,486,1107
209000046,658,535,123
209000047,483,176,307
209000048,563,281,282
209000049,110,143,-33
209000050,241,138,103
209000051,368,306,62
209000052,191,278,-87
209000062,40,71,-31
209000063,43,54,-11
209000064,42,71,-29
209000065,58,17,41
209000066,58,38,20
209000067,82,47,35
209000080,11,240,-229
209000082,66,47,19
209000091,33,100,-67
209000093,50,22,28
209000094,242,168,74
209000110,44,125,-81
209000111,386,1013,-627
209000112,606,558,48
209000113,1060,498,562
209000114,412,320,92
209000115,78,146,-68
209000116,604,345,259
209000118,28,40,-12
209000119,54,13,41
209000121,160,380,-220
209000135,75,228,-153
209000142,463,1011,-548
209000143,73,55,18
209000144,34,70,-36
209000229,243,164,79
209000240,37,237,-200
209000259,104,99,5
209000260,41,704,-663
209000261,2,385,-383
209000262,3,370,-367
209000263,1,144,-143
209000264,0,99,-99
209000265,562,3,559
209000266,140,2,138
209000267,702,9,693
209000268,502,60,442
210000037,52,29,23
210000047,63,24,39
210000048,115,18,97
210000049,33,15,18
210000052,52,78,-26
210000053,41,58,-17
210000054,93,73,20
210000070,136,1,135
210000071,122,0,122
210000072,44,0,44
210000073,0,25,-25
210000074,0,111,-111
210000075,1,129,-128
210000076,11,143,-132
210000077,29,41,-12
210000078,33,25,8
210000079,27,14,13
210000080,141,60,81
210000081,145,31,114
210000082,177,2,175
210000083,74,1,73
210000084,57,0,57
210000085,1,65,-64
210000086,3,99,-96
210000099,24,237,-213
210000100,46,184,-138
210000101,78,190,-112
210000105,30,150,-120
210000159,1,131,-130
210000163,128,173,-45
210000164,270,144,126
210000168,131,48,83
210000187,0,11,-11
210000188,0,15,-15
210000214,52,0,52
210000219,24,38,-14
210000220,64,36,28
210000232,1,23,-22
210000233,35,53,-18
210000234,29,120,-91
210000235,32,64,-32
210000245,1,22,-21
210000246,12,1,11
210000258,12,105,-93
210000259,320,90,230
210000282,125,226,-101
210000285,1,128,-127
210000286,16,151,-135
210000290,4,18,-14
210000295,38,141,-103
210000296,40,35,5
210000320,127,42,85
210000321,132,62,70
210000338,65,75,-10
210000339,293,1033,-740
210000340,111,318,-207
210000341,195,240,-45
210000342,200,167,33
210000343,152,156,-4
210000344,314,102,212
210000345,154,150,4
210000346,72,79,-7
210000347,69,30,39
210000348,121,18,103
210000349,66,15,51
210000350,105,73,32
210000351,98,103,-5
210000352,48,47,1
210000353,64,64,0
210000354,75,87,-12
210000355,42,70,-28
210000356,39,56,-17
210000357,62,23,39
210000358,182,81,101
210000359,77,55,22
210000360,111,111,0
210000361,175,142,33
210000362,201,155,46
210000363,660,214,446
210000364,90,118,-28
210000365,130,75,55
210000366,112,38,74
210000367,84,26,58
210000368,114,24,90
210000369,12,15,-3
210000370,41,36,5
210000372,32,47,-15
210000373,51,11,40
210000374,31,6,25
210000375,39,66,-27
210000376,71,100,-29
210000404,64,111,-47
210000439,33,42,-9
210000472,121,1,120
210000482,98,73,25
210000564,344,263,81
210000567,3,40,-37
210000568,287,6,281
211000092,29,40,-11
211000094,28,6,22
211000169,225,8,217
211000172,25,238,-213
211000209,4,14,-10
211000226,8,36,-28
211000270,55,11,44
211000275,17,16,1
211000276,55,23,32
211000279,9,33,-24
211000281,47,30,17
211000302,35,79,-44
211507980,7,35,-28
211977296,41,6,35
212000003,89,51,38
212000004,49,26,23
212000005,20,23,-3
212000006,44,45,-1
212000008,190,186,4
212000009,23,92,-69
212000012,76,76,0
212000013,32,61,-29
212000014,182,155,27
212000015,308,192,116
212000016,427,450,-23
212000027,448,400,48
212000028,285,400,-115
212000029,196,249,-53
212000030,41,21,20
212000031,70,48,22
212000048,64,131,-67
212000049,15,116,-101
212000050,35,15,20
212000051,156,172,-16
212000052,147,263,-116
212000053,315,540,-225
212000054,164,115,49
212000055,206,234,-28
212000056,10,35,-25
212000057,16,33,-17
212000058,192,31,161
212000070,84,157,-73
212000077,112,575,-463
212000099,140,281,-141
212000108,137,142,-5
212000111,134,111,23
212000120,130,64,66
212000138,125,33,92
212000156,22,157,-135
212000158,7,14,-7
212000159,243,80,163
212000160,465,244,221
212000161,54,19,35
212000310,56,13,43
212000311,8,72,-64
212000374,39,12,27
213000001,30,321,-291
213000005,283,108,175
213000006,851,271,580
213000007,167,8,159
213000009,747,524,223
213000010,149,308,-159
213000011,226,114,112
213000012,115,308,-193
213000014,86,10,76
213000015,188,2,186
213000016,514,0,514
213000017,68,0,68
213000018,1,148,-147
213000019,1,147,-146
213000020,103,373,-270
213000021,4,154,-150
213000023,263,177,86
213000033,268,1619,-1351
213000034,845,262,583
213000035,132,222,-90
213000045,128,245,-117
213000046,239,159,80
213000047,783,1242,-459
213000056,116,37,79
213000069,98,2,96
213000073,2,32,-30
213000074,56,347,-291
213000075,565,13,552
213000076,33,3,30
213000085,6,34,-28
213000086,13,167,-154
213000091,157,10,147
213000092,65,20,45
213000099,184,1026,-842
213000100,966,204,762
213000101,302,129,173
213000102,369,215,154
213000103,614,713,-99
213000104,56,345,-289
213000105,9,158,-149
213000106,42,113,-71
213000107,139,514,-375
213000108,46,445,-399
213000109,17,238,-221
213000110,11,82,-71
213000111,21,51,-30
213000112,153,116,37
213000115,52,16,36
213000116,46,352,-306
213000117,9,576,-567
213000118,315,201,114
213000119,56,626,-570
213000120,129,486,-357
213000122,191,543,-352
213000123,356,1250,-894
213000124,138,962,-824
213000125,107,24,83
213000126,57,136,-79
213000127,103,172,-69
213000128,477,864,-387
213000129,282,479,-197
213000130,358,213,145
213000132,246,82,164
213000133,374,95,279
213000134,661,22,639
213000136,601,37,564
213000137,503,95,408
213000139,402,26,376
213000147,93,7,86
213000148,34,12,22
213000149,60,10,50
213000150,0,87,-87
213000151,5,75,-70
213000152,0,91,-91
213000153,9,110,-101
213000154,34,195,-161
213000155,25,179,-154
213000156,123,505,-382
213000157,454,401,53
213000158,286,845,-559
213000159,433,493,-60
213000163,637,109,528
213000165,614,228,386
213000171,44,131,-87
213000172,44,372,-328
213000173,25,288,-263
213000174,6,140,-134
213000175,41,79,-38
213000176,24,133,-109
213000177,56,22,34
213000178,145,34,111
213000179,155,82,73
213000180,160,81,79
213000184,120,319,-199
213000188,221,126,95
213000189,234,39,195
213000190,813,757,56
213000191,248,384,-136
213000192,216,406,-190
213000193,748,221,527
213000194,4,66,-62
213000195,17,383,-366
213000196,247,1081,-834
213000197,373,521,-148
213000198,79,0,79
213000200,105,789,-684
213000201,75,24,51
213000202,13,502,-489
213000203,3248,701,2547
213000204,590,65,525
213000205,172,96,76
213000206,380,68,312
213000207,185,14,171
213000208,162,1,161
213000209,145,3,142
213000210,419,6,413
213000211,7,22,-15
213000212,35,32,3
213000213,28,53,-25
213000218,211,515,-304
213000219,354,24,330
213000220,358,14,344
213000223,195,241,-46
213000224,51,77,-26
213000225,84,13,71
213000226,86,25,61
213000227,689,270,419
213000228,386,110,276
213000229,411,47,364
213000230,534,20,514
213000232,83,830,-747
213000233,11,82,-71
213000234,7,33,-26
213000293,14,61,-47
213000294,141,13,128
213000295,23,73,-50
213000296,76,38,38
213000297,10,87,-77
213000298,35,62,-27
213000299,68,61,7
213000300,79,14,65
213000303,10,28,-18
213000304,4,4,0
213000305,31,11,20
213000306,55,36,19
213000307,138,84,54
213000308,97,174,-77
213000309,118,52,66
213000310,365,160,205
213000311,298,588,-290
213000315,66,92,-26
213000316,108,56,52
213000322,77,48,29
213000323,35,56,-21
213000340,184,535,-351
213000341,337,103,234
213000346,227,205,22
213000347,741,378,363
213000348,19,72,-53
213000349,51,18,33
213000350,257,994,-737
213000366,60,261,-201
213000367,257,36,221
213000379,108,64,44
213000386,21,223,-202
213000406,62,321,-259
213000417,984,437,547
213000425,137,22,115
213000426,118,41,77
213000427,31,195,-164
213000428,41,183,-142
213000429,18,4,14
213000430,112,616,-504
213000431,266,7,259
213000432,6,90,-84
213000433,14,145,-131
213000435,81,65,16
213000439,43,26,17
213000441,19,2,17
213000443,569,348,221
213000445,0,77,-77
213000446,1,121,-120
213000447,5,55,-50
213000448,112,210,-98
213000449,202,5,197
213000450,70,89,-19
213000451,40,36,4
213000452,181,80,101
213000453,39,223,-184
213000455,448,5,443
213000456,2,277,-275
213000481,67,4,63
213000482,97,1,96
213000489,335,42,293
213000491,1,210,-209
213000492,280,12,268
213000493,0,70,-70
213000494,190,116,74
213000495,1,70,-69
213000496,315,150,165
213000497,62,206,-144
213000498,111,141,-30
213000499,156,472,-316
213000500,364,86,278
213000501,80,25,55
213000502,253,134,119
213000503,2,45,-43
213000504,6,75,-69
213000505,31,52,-21
213000506,0,7,-7
213000507,5,113,-108
213900244,28,0,28
213900245,0,34,-34
218000003,25,37,-12
218000004,37,24,13
218000005,78,50,28
218000006,60,36,24
218000007,14,8,6
218000012,149,171,-22
218000013,137,148,-11
218000014,364,358,6
218000019,742,464,278
218000020,238,376,-138
218000040,13,0,13
218000046,40,92,-52
218000047,13,112,-99
218000048,53,84,-31
218000049,88,93,-5
218000050,242,206,36
218000051,62,185,-123
218000052,1,87,-86
218000053,4,3,1
218000054,7,13,-6
218000055,2,11,-9
218000056,10,16,-6
218000057,7,16,-9
218000064,1,5,-4
218000065,64,26,38
218000066,30,40,-10
218000067,36,92,-56
218000068,53,67,-14
218000069,217,128,89
218000070,263,231,32
218000071,148,194,-46
218000072,311,204,107
218000078,740,699,41
218000079,72,77,-5
218000080,89,100,-11
218000081,316,236,80
218000082,36,113,-77
218000083,70,60,10
218000084,109,106,3
218000085,135,281,-146
218000086,67,122,-55
218000087,229,152,77
218000090,7,89,-82
218000091,887,462,425
218000092,70,173,-103
218000093,54,40,14
218000094,436,604,-168
218000099,234,588,-354
218000100,255,259,-4
218000101,314,138,176
218000102,304,216,88
218000103,55,83,-28
218000104,74,24,50
218000105,29,11,18
218000106,15,10,5
218000107,50,71,-21
218000108,4,50,-46
218000112,56,19,37
218000117,85,48,37
218000134,460,495,-35
218000135,40,77,-37
218000136,130,97,33
218000137,202,139,63
218000138,35,92,-57
218000139,132,299,-167
218000140,305,211,94
218000141,75,61,14
218000142,208,126,82
218000143,83,178,-95
218000144,81,72,9
218000145,262,325,-63
218000146,83,164,-81
218000151,10,14,-4
218000152,132,54,78
218000170,10,30,-20
218000171,23,3,20
218000172,36,3,33
218000173,61,11,50
218000174,39,11,28
218000176,167,24,143
218000177,223,207,16
218000178,76,161,-85
218000179,100,60,40
218000180,46,29,17
218000181,114,41,73
218000187,11,28,-17
218000188,28,49,-21
218000189,15,64,-49
218000190,15,13,2
218000191,111,66,45
218000192,119,209,-90
218000193,355,317,38
218000194,67,234,-167
218000195,103,57,46
218000196,252,276,-24
218000197,230,273,-43
218000198,13,176,-163
218000199,52,53,-1
218000200,115,33,82
218000201,28,29,-1
218000202,74,214,-140
218000207,7,36,-29
218000208,57,41,16
218000211,61,29,32
218000213,78,69,9
218000214,5,14,-9
218000215,39,39,0
218000217,3,81,-78
218000218,116,55,61
218000219,42,17,25
218000220,101,274,-173
218000221,700,145,555
218000222,18,39,-21
218000223,31,212,-181
218000224,5,88,-83
218000225,155,10,145
218000226,115,48,67
218000232,44,63,-19
218000239,264,12,252
218000240,33,5,28
218000241,101,4,97
218000242,91,8,83
218000243,221,1,220
218000244,85,3,82
218000245,19,2,17
218000246,23,2,21
218000247,4,0,4
218000248,0,14,-14
218000249,0,2,-2
218000250,5,9,-4
218000251,5,14,-9
218000252,11,40,-29
218000253,0,37,-37
218000254,1,24,-23
218000255,1,20,-19
218000256,9,69,-60
218000267,490,917,-427
218000268,12,60,-48
218000269,4,15,-11
218000270,114,57,57
218000271,26,57,-31
218000273,19,4,15
218000274,17,12,5
218000275,24,56,-32
218000276,10,61,-51
218000278,21,40,-19
218000279,88,88,0
218000280,10,57,-47
218000281,18,11,7
218000282,424,363,61
218000284,80,9,71
218000301,71,119,-48
218000302,99,54,45
218000303,56,50,6
218000316,577,1024,-447
218000317,891,1156,-265
218000318,492,860,-368
218000319,878,863,15
218000320,679,513,166
218000338,48,28,20
218000345,95,62,33
218000346,40,144,-104
218000459,33,168,-135
218000490,52,31,21
218000501,84,37,47
218000502,23,74,-51
218000503,81,17,64
218000504,141,31,110
218000505,69,173,-104
218000506,43,324,-281
218000508,2,6,-4
218000510,124,9,115
218000520,132,105,27
218000521,20,41,-21
218000522,0,116,-116
218000523,94,6,88
218000524,45,131,-86
218000525,138,17,121
218000526,37,149,-112
218000529,37,134,-97
218000531,11,17,-6
218000532,39,37,2
218000534,116,30,86
218000537,46,48,-2
218000538,91,178,-87
218000540,183,105,78
218000543,103,41,62
218000544,46,85,-39
218000545,39,35,4
218000546,37,73,-36
218000547,57,91,-34
218000548,150,70,80
218000549,297,327,-30
218000550,211,235,-24
218000551,96,831,-735
218000552,365,38,327
218000553,71,86,-15
218000554,34,42,-8
218000555,19,43,-24
218000556,156,195,-39
218000557,238,120,118
218000558,58,0,58
218000559,1,31,-30
218000560,0,24,-24
218000561,61,0,61
218000562,34,148,-114
218000563,183,22,161
218000564,2,105,-103
218000565,225,18,207
218000566,363,27,336
218000567,2,91,-89
218000568,40,3,37
218000569,13,105,-92
218000570,161,12,149
218000571,0,88,-88
218000572,130,1,129
218000573,27,169,-142
218000574,182,55,127
218000575,101,2,99
218000576,0,63,-63
218000577,89,1,88
218000578,0,77,-77
218000579,29,14,15
218000581,3,35,-32
218000582,28,6,22
218000583,7,1,6
218000584,0,13,-13
218000585,38,4,34
218000586,10,39,-29
218000587,0,5,-5
218000588,10,0,10
218000589,3,2,1
218000590,7,1,6
218000591,1,1,0
218000592,26,1,25
218000593,10,1,9
218000594,5,0,5
218000597,3,1,2
218000598,0,0,0
218000599,5,1,4
218000600,8,2,6
218000601,0,1,-1
218000602,0,11,-11
218000603,0,2,-2
218000604,19,0,19
218000605,1,63,-62
218000606,150,1,149
218000607,14,44,-30
218000608,57,13,44
218000609,5,57,-52
218000610,49,4,45
218000611,25,0,25
218000612,0,17,-17
218000613,24,1,23
218000614,1,42,-41
218000615,135,4,131
218000616,3,114,-111
218000617,23,2,21
218000618,1,24,-23
218000619,48,29,19
218000620,3,14,-11
218000621,0,3,-3
218000622,0,2,-2
218000623,93,0,93
218000624,10,12,-2
218000625,16,2,14
218000626,0,6,-6
218000628,105,46,59
218000631,50,25,25
218000632,0,108,-108
218000633,101,0,101
218000634,10,15,-5
218000635,16,12,4
218000636,646,1053,-407
218000637,812,516,296
218000638,107,33,74
218000639,13,163,-150
218000640,193,30,163
218000641,65,206,-141
218000652,42,73,-31
218000653,127,35,92
218000663,11,265,-254
218000675,104,60,44
218000680,256,370,-114
218000681,374,134,240
218000691,215,197,18
218000693,176,143,33
218000718,534,1042,-508
218000719,810,447,363
218000720,22,227,-205
218000721,328,32,296
218001147,6,182,-176
218001214,8,48,-40
218001258,198,7,191
218001329,122,110,12
218001330,182,103,79
218001351,24,21,3
218001352,13,15,-2
218001353,17,17,0
218001354,11,21,-10
218001355,24,237,-213
218001356,263,32,231
218001357,43,159,-116
218001358,268,18,250
218001361,184,5,179
218001362,1,159,-158
219000001,54,49,5
219000002,46,37,9
219000003,60,28,32
219000004,38,31,7
219000017,155,32,123
219000020,90,85,5
219000022,140,4,136
219000023,183,0,183
219000029,0,75,-75
219000034,52,15,37
219000039,113,110,3
219000040,62,50,12
219000041,111,36,75
219000051,0,43,-43
219000052,0,27,-27
219000053,4,84,-80
219000055,194,2,192
219000056,9,0,9
219000057,46,0,46
219000062,17,59,-42
219000063,77,7,70
219000064,1,64,-63
219000110,604,52,552
219000111,146,27,119
219000112,140,53,87
219000113,114,81,33
219000114,158,98,60
219000116,103,40,63
219000117,161,30,131
219000118,186,45,141
219000123,237,64,173
219000124,109,39,70
219000125,9,19,-10
219000126,107,98,9
219000127,0,5,-5
219000128,9,106,-97
219000129,18,109,-91
219000130,546,468,78
219000131,742,753,-11
219000133,79,44,35
219000134,8,22,-14
219000135,56,52,4
219000136,82,187,-105
219000138,69,28,41
219000139,35,46,-11
219000140,22,1,21
219000141,16,114,-98
219000142,15,67,-52
219000143,19,87,-68
219000145,12,23,-11
219000146,2,20,-18
219000147,5,34,-29
219000148,10,21,-11
219000149,4,56,-52
219000150,6,45,-39
219000151,3,30,-27
219000157,190,174,16
219000158,209,263,-54
219000161,86,9,77
219000163,1484,530,954
219000166,178,203,-25
219000167,128,150,-22
219000168,218,104,114
219000174,360,104,256
219000175,49,1,48
219000176,67,7,60
219000177,18,6,12
219000178,25,4,21
219000179,10,5,5
219000180,34,26,8
219000182,145,9,136
219000183,80,31,49
219000184,97,8,89
219000185,1,30,-29
219000186,49,37,12
219000187,41,47,-6
219000189,118,164,-46
219000190,123,236,-113
219000191,951,1144,-193
219000192,180,114,66
219000193,267,158,109
219000195,1,42,-41
219000196,11,87,-76
219000198,8,97,-89
219000199,58,189,-131
219000200,47,182,-135
219000201,70,219,-149
219000203,53,130,-77
219000204,233,207,26
219000205,67,151,-84
219000207,110,214,-104
219000209,36,51,-15
219000210,68,80,-12
219000213,13,90,-77
219000239,204,216,-12
219000240,228,332,-104
219000241,121,133,-12
219000242,90,121,-31
219000243,112,179,-67
219000244,17,85,-68
219000245,66,35,31
219000246,53,38,15
219000247,119,24,95
219000248,451,354,97
219000249,141,114,27
219000250,100,98,2
219000251,474,210,264
219000252,210,161,49
219000253,444,96,348
219000255,85,99,-14
219000256,217,68,149
219000257,94,0,94
219000262,150,143,7
219000263,73,142,-69
219000267,4,103,-99
219000268,2,6,-4
219000269,5,2,3
219000270,12,0,12
219000271,145,5,140
219000278,0,8,-8
219000279,1,3,-2
219000283,0,3,-3
219000295,13,68,-55
219000296,44,435,-391
219000297,24,108,-84
219000298,24,132,-108
219000299,364,66,298
219000300,26,193,-167
219000301,268,351,-83
219000302,33,264,-231
219000307,48,28,20
219000308,48,41,7
219000311,197,55,142
219000312,609,162,447
219000313,363,50,313
219000314,52,358,-306
219000315,226,41,185
219000316,420,61,359
219000317,120,22,98
219000320,3,83,-80
219000321,0,12,-12
219000323,7,55,-48
219000325,3,11,-8
219000326,64,52,12
219000327,55,31,24
219000328,26,34,-8
219000329,391,113,278
219000330,26,38,-12
219000331,35,40,-5
219000332,73,96,-23
219000333,29,6,23
219000335,26,2,24
219000337,18,0,18
219000338,58,0,58
219000344,40,54,-14
219000345,47,69,-22
219000346,31,89,-58
219000348,147,82,65
219000349,59,178,-119
219000350,172,203,-31
219000351,8,4,4
219000352,514,108,406
219000353,78,54,24
219000354,134,82,52
219000355,143,62,81
219000356,1197,1128,69
219000363,225,58,167
219000364,74,43,31
219000365,123,27,96
219000366,237,250,-13
219000368,370,582,-212
219000370,1231,451,780
219000371,25,32,-7
219000382,31,22,9
219000383,686,833,-147
219000385,333,368,-35
219000386,730,1184,-454
219000387,9,12,-3
219000390,8,1,7
219000391,7,9,-2
219000397,42,60,-18
219000398,54,55,-1
219000401,14,81,-67
219000402,60,115,-55
219000403,184,364,-180
219000404,46,144,-98
219000407,4,28,-24
219000409,36,53,-17
219000410,154,28,126
219000411,62,27,35
219000446,168,287,-119
219000447,10,19,-9
219000448,9,8,1
219000452,170,76,94
219000453,108,135,-27
219000454,154,241,-87
219000556,247,75,172
219000558,128,187,-59
219000590,30,125,-95
219000591,66,72,-6
219000592,118,326,-208
219000595,2,15,-13
219000635,210,45,165
219000636,15,92,-77
219000657,35,21,14
219000658,34,82,-48
219000673,0,11,-11
219000676,11,2,9
219000679,37,10,27
219000684,78,4,74
219000685,0,55,-55
219000686,4,2,2
219000688,0,84,-84
219000689,19,208,-189
219000690,104,29,75
219000691,85,164,-79
219000692,129,43,86
219000693,0,28,-28
219000694,5,0,5
219000695,13,3,10
219000698,22,0,22
219000699,0,16,-16
219000727,1,100,-99
219000728,127,3,124
219000770,23,1,22
219000771,0,30,-30
219000788,491,232,259
219001150,0,25,-25
219001151,0,3,-3
219001166,30,28,2
219001167,1,92,-91
219001178,47,0,47
220000001,28,65,-37
220000002,14,85,-71
220000003,282,228,54
220000004,432,407,25
220000005,1303,1280,23
220000006,313,697,-384
220000007,376,456,-80
220000008,344,849,-505
220000009,253,347,-94
220000010,252,137,115
220000011,430,2972,-2542
220000012,83,291,-208
220000014,120,67,53
220000015,55,167,-112
220000017,33,169,-136
220000018,2787,574,2213
220000019,72,251,-179
220000020,373,256,117
220000021,650,184,466
220000022,652,391,261
220000023,319,125,194
220000024,1291,338,953
220000025,544,710,-166
220000026,205,203,2
220000027,38,69,-31
220000028,74,45,29
220000029,45,133,-88
220000030,88,93,-5
220000031,297,248,49
220000064,18,716,-698
221000046,5,0,5
221000047,0,0,0
221000048,0,1,-1
221000049,0,6,-6
221000050,16,0,16
221000055,39,46,-7
221000068,267,128,139
221000069,255,80,175
221000070,178,22,156
221000071,63,11,52
221000072,183,12,171
221000073,173,55,118
221000074,3,16,-13
221000075,17,21,-4
221000076,10,32,-22
221000077,25,90,-65
221000081,103,27,76
221000082,62,8,54
221000083,48,8,40
221000084,9,0,9
221000085,22,54,-32
221000086,11,104,-93
221000087,8,124,-116
221000088,10,184,-174
221000089,39,199,-160
221000090,124,447,-323
221000098,77,9,68
221000099,147,14,133
221000100,92,10,82
221000101,258,24,234
221000102,0,0,0
221000107,7,1,6
221000108,15,5,10
221000109,3,17,-14
221000110,10,147,-137
221000111,15,133,-118
221000112,4,154,-150
221000113,15,185,-170
221000114,12,154,-142
221000120,65,26,39
221000121,5,36,-31
221000122,17,26,-9
221000123,19,16,3
221000124,38,107,-69
221000155,44,18,26
221000156,52,22,30
221000175,3,6,-3
221000176,2,3,-1
221000182,54,13,41
221000241,655,250,405
221000242,172,398,-226
221000243,615,145,470
221000244,280,510,-230
221000245,120,139,-19
221000246,53,222,-169
221000247,104,139,-35
221000248,118,156,-38
221000267,51,463,-412
221000325,97,37,60
221000331,7,58,-51
221000338,9,27,-18
221000378,118,28,90
221000381,49,49,0
222000282,7,0,7
222000296,6,21,-15
222000568,256,23,233
222000569,149,33,116
222000570,82,23,59
222000571,169,29,140
222000577,11,155,-144
222000578,39,153,-114
222000579,51,138,-87
222000580,116,767,-651
222000599,0,98,-98
222000600,1,242,-241
222000601,6,664,-658
222000603,3,29,-26
222000604,9,36,-27
222000605,29,34,-5
222000606,3,9,-6
222000607,12,3,9
222000608,51,16,35
222000609,77,166,-89
222000616,249,42,207
222000617,37,23,14
222000618,11,7,4
222000620,31,6,25
222000621,75,12,63
222000623,478,5,473
222000624,275,2,273
222000625,519,21,498
222000636,48,6,42
222000686,126,12,114
222000687,40,28,12
222001066,132,0,132
222001067,13,1,12
222001068,16,4,12
222001069,34,25,9
222001082,5,33,-28
222001083,10,53,-43
222001084,0,28,-28
222001085,1,67,-66
222001111,28,138,-110
222001112,86,12,74
222001313,35,11,24
222001314,6,127,-121
222001464,122,42,80
222001465,19,113,-94
222001484,97,48,49
222001485,19,55,-36
222001494,374,145,229
222001495,159,201,-42
222001496,209,97,112
222001497,140,370,-230
222001502,16,99,-83
222001503,63,33,30
222001504,17,243,-226
222001505,229,11,218
222001506,41,291,-250
222001507,220,24,196
222001510,271,32,239
222001511,33,252,-219
222001514,445,119,326
222001515,183,454,-271
222001518,241,69,172
222001519,54,185,-131
222001527,140,51,89
222001528,29,129,-100
222001529,166,29,137
222001530,26,168,-142
222001533,130,239,-109
222001534,178,49,129
222001535,198,219,-21
222001536,151,236,-85
222001537,239,25,214
222001538,83,309,-226
222001563,511,110,401
222001564,52,390,-338
222001568,326,106,220
222001576,1,1,0
222001579,0,7,-7
222001583,25,123,-98
222001584,117,23,94
222001596,570,845,-275
222001597,1316,343,973
222001626,0,141,-141
222001650,48,75,-27
222001651,64,87,-23
222001914,141,63,78
222001915,49,195,-146
222001968,367,246,121
222001969,399,591,-192
222001970,143,181,-38
222001971,15,6,9
222001972,1,16,-15
225000001,395,129,266
225000002,552,93,459
225000003,530,57,473
225000004,344,131,213
225000005,98,37,61
225000006,1,162,-161
225000007,1209,1197,12
225000010,286,5,281
225000011,293,674,-381
225000012,189,405,-216
225000013,89,124,-35
225000014,689,83,606
225000015,47,167,-120
225000021,481,139,342
225000027,212,416,-204
225000032,437,107,330
225000042,79,505,-426
225000049,32,57,-25
225000050,58,27,31
225000053,2,247,-245
225000058,549,120,429
225000067,257,133,124
225000068,99,220,-121
225000069,144,377,-233
225000070,79,343,-264
225000071,26,139,-113
225000075,10,667,-657
225000076,47,96,-49
225000078,62,42,20
225000085,53,148,-95
225000086,173,62,111
225000087,132,21,111
225000088,7,147,-140
225000089,246,854,-608
225000090,28,318,-290
225000091,180,108,72
225000092,54,78,-24
225000093,226,224,2
225000094,21,235,-214
225000095,276,354,-78
225000096,444,448,-4
225000098,514,370,144
225000099,226,174,52
225000100,426,213,213
225000104,232,728,-496
225000110,22,600,-578
225000111,408,1746,-1338
225000112,478,1866,-1388
225000113,392,934,-542
225000114,96,356,-260
225000115,2478,1036,1442
225000116,1662,334,1328
225000117,1216,480,736
225000118,1356,352,1004
225000119,348,110,238
225000120,1256,78,1178
225000121,442,58,384
225000123,1050,24,1026
225000125,550,394,156
225000126,1264,264,1000
225000127,1110,1554,-444
225000128,1004,1100,-96
225000132,468,84,384
225000133,336,68,268
225000134,984,252,732
225000135,88,26,62
225000136,490,38,452
225000137,338,118,220
225000138,608,106,502
225000143,118,460,-342
225000144,6,678,-672
225000145,80,58,22
225000146,120,200,-80
225000147,62,478,-416
225000148,16,368,-352
225000149,92,858,-766
225000151,74,302,-228
225000155,936,956,-20
225000156,316,1380,-1064
225000157,322,658,-336
225000158,132,388,-256
225000171,16,300,-284
225000180,112,2,110
225000181,0,126,-126
225000182,144,26,118
225000185,6,658,-652
225000187,138,524,-386
225000191,208,6,202
225000194,2,12,-10
225000208,0,66,-66
225000209,142,42,100
225000210,6,318,-312
225000217,0,24,-24
225000218,20,2,18
225000223,0,100,-100
225000224,160,2,158
225000225,0,54,-54
225000226,54,4,50
225000227,66,178,-112
225000228,26,32,-6
225000229,0,124,-124
225000230,54,0,54
225000231,2,104,-102
225000232,222,4,218
225000241,162,6,156
225000242,2,76,-74
225000249,22,0,22
225000250,84,1260,-1176
225000251,572,46,526
226000042,546,862,-316
226000043,142,532,-390
226000044,272,878,-606
226000045,84,588,-504
226000046,612,134,478
226000047,576,172,404
226000048,570,190,380
226000049,466,318,148
226000070,0,64,-64
226000071,2,136,-134
226000072,0,34,-34
226000073,0,4,-4
226000074,2,14,-12
226000084,12,104,-92
226000085,4,32,-28
226000086,4,18,-14
226000087,12,22,-10
226000088,114,28,86
226000090,418,128,290
226000091,18,42,-24
226000092,4,2,2
226000093,66,2,64
226000094,28,0,28
226000095,56,8,48
226000105,34,0,34
226000106,10,0,10
226000107,14,0,14
226000108,74,4,70
226000109,104,0,104
226000124,198,128,70
226000134,902,684,218
226000135,1708,1010,698
226000136,1328,568,760
226000137,20,706,-686
226000138,24,436,-412
226000139,10,42,-32
226000156,248,12,236
226000157,196,12,184
226000163,148,222,-74
226000202,14,398,-384
226000231,602,14,588
226000232,46,6,40
227000033,538,150,388
227000036,404,64,340
227000037,428,58,370
227000038,568,60,508
227000049,0,26,-26
227000050,4,94,-90
227000055,192,0,192
227000056,66,0,66
227000084,4,136,-132
227000085,0,90,-90
227000088,110,4,106
227000089,264,6,258
227000090,116,6,110
227000091,42,10,32
227000093,290,0,290
227000094,80,4,76
227000130,92,142,-50
227000131,60,354,-294
227000132,26,324,-298
227000133,26,308,-282
227000134,50,478,-428
227000152,0,12,-12
227000153,0,100,-100
227000155,0,38,-38
227000156,0,22,-22
227000165,8,56,-48
227000196,438,282,156
227000199,454,658,-204
227000230,24,434,-410
227000232,458,90,368
227000242,76,742,-666
227000243,740,128,612
227000245,36,524,-488
227000246,206,750,-544
227000247,458,140,318
227000248,270,60,210
227000249,46,304,-258
227000250,872,374,498
227000251,286,460,-174
227000252,46,484,-438
227000253,176,54,122
227000262,472,64,408
227000266,1408,42,1366
227000267,62,1772,-1710
227000282,0,202,-202
227000284,682,52,630
227000286,4,92,-88
227000287,12,166,-154
227000291,16,682,-666
227000484,312,24,288
227000485,32,970,-938
227000655,188,20,168
227000656,592,66,526
227000657,124,18,106
227000661,192,26,166
227000680,810,272,538
229000265,24,50,-26
229000296,12,18,-6
229000297,6,62,-56
229000298,10,228,-218
229000320,22,12,10
229000321,52,0,52
229000412,38,52,-14
229000414,10,58,-48
229000415,26,4,22
229000416,2,14,-12
229000417,2,14,-12
229000419,148,388,-240
229000440,596,114,482
229000442,28,4,24
229000443,16,4,12
229000444,0,44,-44
229000445,100,12,88
229000446,104,38,66
229000847,42,0,42
229000848,16,0,16
229000849,70,0,70
229000851,18,0,18
229000854,0,60,-60
229000856,10,150,-140
229000857,0,42,-42
229000858,0,84,-84
229000919,18,146,-128
229000930,4,374,-370
229000937,146,40,106
229000966,94,48,46
229000981,58,84,-26
229000985,10,44,-34
229000986,0,6,-6
229000987,0,2,-2
229000988,2,10,-8
229000989,10,4,6
229000990,0,0,0
229000991,0,0,0
229000992,24,8,16
229000993,202,60,142
229000998,16,86,-70
229000999,108,32,76
229001034,0,14,-14
229001035,4,6,-2
229001037,84,6,78
229001042,24,44,-20
229001047,4,62,-58
229001050,86,62,24
229001200,26,2,24
229001338,16,46,-30
229001394,270,28,242
229001422,162,46,116
229001423,62,282,-220
229001431,62,144,-82
229001432,84,190,-106
229001444,292,40,252
229001445,50,186,-136
229001503,332,176,156
229001504,330,428,-98
229001505,234,34,200
229001506,108,262,-154
229001509,88,22,66
229001545,144,26,118
229001546,8,226,-218
229001553,138,28,110
229001554,74,134,-60
229001559,2,20,-18
229001560,10,22,-12
229001630,70,18,52
229001631,26,40,-14
229001635,0,24,-24
229001636,20,0,20
229001658,2,144,-142
229001659,74,22,52
229001660,12,0,12
229001661,18,26,-8
229001662,102,0,102
229001663,0,30,-30
229002584,222,200,22
229002831,220,172,48
229002841,12,30,-18
229002842,14,28,-14
229002843,154,22,132
229002844,54,96,-42
229002845,80,118,-38
229002846,80,40,40
229002847,2,10,-8
229002848,26,18,8
229002849,4,112,-108
229002850,26,8,18
229002851,34,174,-140
229002852,402,50,352
229002853,248,30,218
229002854,46,90,-44
229002855,18,38,-20
229002856,64,20,44
229002857,12,160,-148
229002858,30,30,0
229002859,40,100,-60
229002860,606,30,576
229002861,98,48,50
229002862,104,32,72
229002863,42,20,22
229002864,52,46,6
229002865,16,6,10
229002866,28,38,-10
229002867,12,22,-10
229002868,18,10,8
229002869,20,180,-160
229002870,70,30,40
235000066,684,174,510
235000067,194,134,60
235000072,48,96,-48
235000073,104,364,-260
235000074,48,112,-64
235000080,48,150,-102
235000081,218,242,-24
235000082,272,114,158
235000083,232,158,74
235000084,80,152,-72
235000085,256,78,178
235000089,46,60,-14
235000092,84,252,-168
235000093,10,14,-4
235000097,6,6,0
235000098,126,22,104
235000099,84,22,62
235000116,136,32,104
235000117,994,16,978
235000133,14,636,-622
235000134,38,306,-268
235000206,14,2,12
235000207,14,0,14
235000208,14,4,10
235000209,28,12,16
235000210,18,4,14
235000212,10,32,-22
235000213,6,16,-10
235000220,2,6,-4
235000221,80,26,54
235000238,26,164,-138
235000239,2,24,-22
235000242,556,742,-186
235000245,1044,286,758
235000246,10,88,-78
235000284,10,178,-168
235000295,232,10,222
235000305,536,50,486
235000306,362,12,350
235000307,16,2,14
235000308,26,2,24
235000309,110,2,108
235000310,28,0,28
235000311,240,18,222
235000322,0,34,-34
235000323,0,66,-66
235000324,4,36,-32
235000325,0,14,-14
235000326,4,330,-326
235000351,2,100,-98
235000352,12,36,-24
235000353,8,32,-24
235000354,22,38,-16
235000355,14,62,-48
235000356,148,12,136
235000357,30,4,26
235000358,266,4,262
235000359,16,10,6
235000360,64,16,48
235000361,124,4,120
235000381,120,340,-220
235000382,294,80,214
235000390,28,0,28
235000391,306,44,262
235000392,266,446,-180
235000393,196,314,-118
235000395,164,80,84
235000396,796,110,686
235000400,128,188,-60
235000401,38,170,-132
235000405,232,362,-130
235000406,106,300,-194
235000407,176,126,50
235000409,334,220,114
235000410,120,326,-206
235000411,2,108,-106
235000485,0,30,-30
235000486,10,0,10
235000549,148,150,-2
235000550,166,270,-104
235000599,122,94,28
235000600,24,32,-8
235000601,32,62,-30
235000602,138,122,16
235000614,0,2,-2
235000648,0,28,-28
235000649,56,6,50
235000685,0,8,-8
235000815,12,54,-42
235000834,0,4,-4
235000855,52,82,-30
235000862,90,240,-150
235000891,0,16,-16
235000892,32,4,28
235000901,124,160,-36
235000907,2,18,-16
235001010,130,116,14
235001029,708,498,210
235001030,558,364,194
235001078,268,204,64
235001079,156,94,62
235001147,32,74,-42
235001166,14,116,-102
235001167,62,66,-4
235001169,42,552,-510
235001188,12,28,-16
235001189,30,6,24
235001197,14,52,-38
235001200,68,108,-40
235001207,528,98,430
235001210,166,382,-216
235001215,60,330,-270
235001239,2,98,-96
235001244,2,12,-10
235016267,0,64,-64
277102712,12,0,12
277103813,2,0,2
277103814,0,0,0
277104249,0,6,-6
277104250,0,6,-6
277104251,0,10,-10
277104252,0,8,-8
990011530,2,288,-286
990014944,0,846,-846
990015176,22,14,8
990015618,0,102,-102
990016032,2,434,-432
990032570,0,70,-70
990070001,144,10,134
990070103,0,4,-4
990070601,0,40,-40
990070751,1218,8,1210
990070766,2,822,-820
990071180,874,362,512
990071343,58,2,56
990071387,0,36,-36
990071823,60,6,54
990072600,2,1434,-1432
990072964,0,556,-556
990073285,0,4,-4
990074393,4,1148,-1144
990074870,2602,34,2568
990075106,2612,24,2588
990075746,950,8,942
990076437,1748,8,1740
990076458,14,1736,-1722
997000007,1388,16,1372
997000041,0,234,-234
997000058,68,0,68
997000062,24,4,20
997000069,0,4,-4
997000070,0,24,-24
997000100,22,0,22
997000141,10,2772,-2762
997000198,606,2092,-1486
998000475,0,54,-54
998000736,0,242,-242
998000965,0,16,-16
998001031,0,158,-158
998001700,0,38,-38
998001899,0,0,0
998001900,22,4,18
998003073,1392,48,1344
998101900,0,0,0
998102850,2,430,-428
998501927,1638,1124,514
998501929,216,6,210
998501930,62,2,60
998501931,410,26,384
998501932,10,2,8
998501933,94,4,90
998501937,34,2,32
998501944,4,0,4
998501950,0,4,-4
998501970,106,12,94
998501971,0,142,-142
998501973,0,98,-98
998501974,0,514,-514
998501975,194,2,192
998501976,264,22,242
998501977,0,62,-62
998501978,8,0,8
998501979,0,12,-12
998501980,160,46,114
998501981,100,18,82
998501982,0,140,-140
998501983,0,4,-4
998502006,0,0,0
998502024,0,30,-30
998502032,0,16,-16
998502062,50,0,50
998502063,0,0,0
998502173,176,0,176
998502269,0,4,-4
998502546,0,322,-322
998502578,2,10,-8
998502599,48,512,-464
998502621,0,6,-6
998601159,4,246,-242
998601292,2,24,-22
999033574,2,670,-668
999800001,96,6,90
999800002,0,8,-8
999800003,0,0,0
999800004,0,8,-8
999800005,0,20,-20
