ID,insum,outsum,diff
100000001,1340,556,784
100000002,4668,8259,-3591
100000003,4828,5601,-773
100000004,285,1631,-1346
100000005,4224,4648,-424
100000006,604,1503,-899
100000007,2496,2033,463
100000008,151,1083,-932
100000009,290,3404,-3114
100000010,41,588,-547
100000011,492,119,373
100000012,54,296,-242
100000013,5,246,-241
100000014,106,3055,-2949
100000015,983,1963,-980
100000016,346,2730,-2384
100000017,234,4031,-3797
100000018,772,833,-61
100000019,3079,2892,187
100000020,1340,5459,-4119
100000021,7516,1579,5937
100000022,762,5282,-4520
100000023,4935,1641,3294
100000025,558,1667,-1109
100000028,271,2767,-2496
100000029,32,1125,-1093
100000030,25,14,11
100000031,2189,8593,-6404
100000032,1987,5225,-3238
100000033,1345,3981,-2636
100000034,81,1908,-1827
100000035,628,1555,-927
100000036,633,2506,-1873
100000037,1003,375,628
100000038,3322,803,2519
100000039,154,289,-135
100000040,985,168,817
100000041,2030,389,1641
100000042,1653,327,1326
100000043,710,143,567
100000044,122,171,-49
100000045,156,293,-137
100000046,311,217,94
100000047,146,175,-29
100000048,165,448,-283
100000049,1196,967,229
100000051,585,495,90
100000053,40,10,30
100000054,379,21,358
100000055,703,127,576
100000056,290,440,-150
100000057,2693,407,2286
100000058,1156,442,714
100000059,77,278,-201
100000060,1198,401,797
100000061,3093,610,2483
100000062,2214,1051,1163
100000063,1511,483,1028
100000064,2209,613,1596
100000065,414,466,-52
100000066,252,423,-171
100000067,215,754,-539
100000068,272,1736,-1464
100000069,289,1018,-729
100000072,209,432,-223
100000073,1264,764,500
100000075,1038,173,865
100000076,1763,11979,-10216
100000077,50,614,-564
100000078,0,92,-92
100000079,3,88,-85
100000080,3,66,-63
100000081,17,120,-103
100000102,2244,5365,-3121
100000103,1492,7291,-5799
100000104,3653,3106,547
100000105,1142,2284,-1142
100000106,642,3753,-3111
100000107,89,1493,-1404
100000108,191,1178,-987
100000109,516,1527,-1011
100000116,246,566,-320
100000117,34,139,-105
100000118,685,1330,-645
100000119,857,1033,-176
100000121,152,469,-317
100000122,600,3048,-2448
100000123,1095,2281,-1186
100000124,2049,2551,-502
100000125,7782,1968,5814
100000126,491,750,-259
100000127,1889,1215,674
100000128,565,3730,-3165
100000129,329,1051,-722
100000130,1230,166,1064
100000131,737,1004,-267
100000132,1170,1249,-79
100000133,1380,769,611
100000135,634,977,-343
100000139,146,535,-389
100000140,120,127,-7
100000142,691,715,-24
100000143,1682,399,1283
100000144,1271,340,931
100000147,1620,5252,-3632
100000150,190,491,-301
100000151,268,1773,-1505
100000153,28,457,-429
100000154,13,656,-643
100000155,0,57,-57
100000156,60,195,-135
100000157,226,188,38
100000158,155,252,-97
100000159,87,1218,-1131
100000165,698,462,236
100000169,18,3331,-3313
100000174,420,1522,-1102
100000179,114,1064,-950
100000180,885,2368,-1483
100000181,361,217,144
100000188,49,73,-24
100000189,914,303,611
100000190,444,1454,-1010
100000191,812,527,285
100000192,4,267,-263
100000193,400,188,212
100000330,621,1142,-521
100000355,230,369,-139
100000362,2109,751,1358
100000363,7358,8914,-1556
100000364,106,236,-130
100000365,5382,7838,-2456
100000366,1452,898,554
100000367,5241,5757,-516
100000368,1700,1546,154
100000369,521,2407,-1886
100000370,143,1165,-1022
100000376,40,557,-517
100000379,722,4944,-4222
100000380,2923,8986,-6063
100000384,4844,6835,-1991
100000385,1041,4692,-3651
100000386,1316,8059,-6743
100000387,3231,8170,-4939
100000388,1554,4604,-3050
100000389,4451,7200,-2749
100000390,2395,2615,-220
100000391,2039,6760,-4721
100000392,503,2064,-1561
100000393,690,3938,-3248
100000394,1461,4506,-3045
100000395,725,4252,-3527
100000396,649,1688,-1039
100000397,1332,6243,-4911
100000398,4927,3520,1407
100000413,0,1,-1
100900002,6,3,3
100900003,681,392,289
100900004,9,353,-344
100900005,208,33,175
100900006,18,17,1
100900007,295,2,293
100900008,2,371,-369
100900009,13,24,-11
100900010,14,11,3
100900011,150,148,2
100900012,1,110,-109
100900013,1199,17,1182
100900014,0,1,-1
100900015,66,21,45
100900016,2,17,-15
100900017,1365,63,1302
100900018,1,6,-5
100900019,59,56,3
100900020,561,10,551
100900021,693,1,692
100900022,11,6,5
100900023,0,62,-62
100900024,504,4,500
100900025,27,2,25
100900026,132,169,-37
100900027,314,2869,-2555
100900028,111,338,-227
100900029,60,2,58
100900030,2,178,-176
100900031,1423,44,1379
100900032,584,0,584
100900033,138,557,-419
100900034,2121,3,2118
100900035,189,0,189
100900036,64,0,64
100900037,207,72,135
100900038,15,51,-36
100900039,230,173,57
100900040,948,646,302
100900041,2478,139,2339
100900042,334,3181,-2847
100900043,0,34,-34
100900044,955,1014,-59
100900045,19,0,19
100900046,1229,9,1220
100900047,571,153,418
100900048,45,7,38
100900049,110,44,66
100900050,5,21,-16
100900051,14,147,-133
100900052,320,2,318
100900053,753,39,714
100900054,10,13,-3
100900055,510,1789,-1279
100900056,29,74,-45
100900057,2028,290,1738
100900058,204,17,187
100900059,232,2,230
100900060,266,6,260
100900061,196,204,-8
100900062,14,7,7
100900063,339,1551,-1212
100900064,601,10,591
100900065,16,276,-260
100900066,147,73,74
100900067,78,1,77
100900068,329,1092,-763
100900069,97,3,94
100900070,1053,3,1050
100900071,188,73,115
100900072,1,35,-34
100900073,255,112,143
100900074,0,27,-27
100900075,1551,60,1491
100900076,12,6,6
100900077,128,4,124
100900078,91,270,-179
100900079,2,10,-8
100900080,271,136,135
100900081,8,93,-85
100900082,383,62,321
100900083,8,30,-22
100900085,0,460,-460
100900086,15,534,-519
100900088,364,102,262
100900089,1,12,-11
100900090,72,1179,-1107
100900091,0,6,-6
100900092,68,136,-68
100900093,509,755,-246
100900094,441,66,375
100900095,21,39,-18
100900096,13,159,-146
100900097,8,1,7
100900098,8,11,-3
100900099,4,368,-364
100900100,2,177,-175
100900101,458,35,423
100900102,4,82,-78
100900103,0,28,-28
100900104,6,107,-101
100900105,6,384,-378
100900106,6,8,-2
100900107,1697,728,969
100900108,8,11,-3
100900109,7,32,-25
100900110,2,23,-21
100900111,28,184,-156
100900112,11,39,-28
100900113,12,1,11
100900114,19,23,-4
100900115,16,74,-58
100900116,1020,434,586
100900117,218,1316,-1098
100900118,24,24,0
100900119,3,42,-39
100900120,42,11,31
100900121,472,193,279
100900122,69,107,-38
100900123,214,15,199
100900124,2,23,-21
100900125,5,24,-19
100900126,874,499,375
100900127,2,3,-1
100900128,87,400,-313
100900129,0,255,-255
100900131,8,70,-62
100900133,134,36,98
100900134,20,16,4
100900135,0,306,-306
100900137,359,165,194
100900138,928,340,588
100900139,0,51,-51
100900140,0,137,-137
100900141,3,383,-380
100900142,0,6,-6
100900143,207,632,-425
100900144,18,6,12
100900145,40,1327,-1287
100900146,0,23,-23
100900147,10,2038,-2028
100900148,124,133,-9
100900149,15,849,-834
100900150,0,35,-35
100900151,27,250,-223
100900152,153,0,153
100900153,1,260,-259
100900154,3,152,-149
100900155,20,2,18
100900156,14,0,14
100900157,7,587,-580
100900159,2,50,-48
100900160,34,1,33
100900161,18,0,18
100900162,23,336,-313
100900163,52,79,-27
100900164,222,9,213
100900165,29,22,7
100900166,15,2,13
100900167,17,41,-24
100900168,16,113,-97
100900169,30,534,-504
100900170,21,8,13
100900171,5,456,-451
100900172,0,82,-82
100900173,4,94,-90
100900174,27,13,14
100900176,1310,218,1092
100900177,347,150,197
100900178,130,131,-1
100900179,159,199,-40
100900180,3,1,2
100900181,35,50,-15
100900182,69,18,51
100900184,110,307,-197
100900186,661,405,256
100900187,61,51,10
100900188,9,6,3
100900189,3129,334,2795
100900191,350,1050,-700
100900192,82,257,-175
100900195,77,421,-344
100900197,77,62,15
100900198,25,15,10
100900199,0,4,-4
100900200,468,128,340
100900201,29,945,-916
100900202,28,0,28
100900203,1,82,-81
100900204,11,163,-152
100900205,119,518,-399
100900206,341,310,31
100900207,507,94,413
100900210,81,62,19
100900211,481,99,382
100900213,80,33,47
100900214,152,202,-50
100900215,82,16,66
100900217,73,79,-6
101000001,1928,2538,-610
101000002,6994,9718,-2724
101000003,382,944,-562
101000004,6852,7399,-547
101000005,2812,6121,-3309
101000006,8141,11903,-3762
101000007,2934,4892,-1958
101000008,1845,2707,-862
101000009,2436,885,1551
101000010,1245,662,583
101000011,1127,323,804
101000012,250,455,-205
101000013,351,1450,-1099
101000014,325,364,-39
101000015,3114,1584,1530
101000016,241,697,-456
101000017,253,502,-249
101000018,1321,6452,-5131
101000020,1276,1255,21
101000021,431,801,-370
101000022,75,435,-360
101000023,860,872,-12
101000025,418,729,-311
101000026,461,33,428
101000027,1621,3255,-1634
101000028,755,222,533
101000029,27,1117,-1090
101000030,612,77,535
101000031,41,594,-553
101000032,1799,4038,-2239
101000033,1118,6041,-4923
101000034,501,3146,-2645
101000035,360,519,-159
101000036,318,2657,-2339
101000037,664,4183,-3519
101000039,1753,3251,-1498
101000040,2650,8019,-5369
101000041,1544,5895,-4351
101000042,63,874,-811
101000043,3108,6814,-3706
101000045,252,800,-548
101000046,838,1899,-1061
101000047,779,4149,-3370
101000048,407,298,109
101000049,616,2291,-1675
101000050,239,1784,-1545
101000051,680,1877,-1197
101000052,1697,1583,114
101000053,316,1321,-1005
101000054,1427,621,806
101000055,1058,1258,-200
101000056,4,143,-139
101000057,462,4269,-3807
101000058,675,2363,-1688
101000059,2469,4021,-1552
101000060,2652,1213,1439
101000061,253,2689,-2436
101000062,144,993,-849
101000063,129,1519,-1390
101000064,169,2119,-1950
101000065,76,1186,-1110
101000066,296,1325,-1029
101000067,189,505,-316
101000068,37,291,-254
101000069,127,26,101
101000070,357,627,-270
101000071,3091,1149,1942
101000072,517,2173,-1656
101000073,467,924,-457
101000074,1382,2365,-983
101000075,1344,2149,-805
101000077,1447,2843,-1396
101000078,530,792,-262
101000079,761,915,-154
101000080,954,1000,-46
101000081,1404,1349,55
101000082,1257,1209,48
101000083,3218,2124,1094
101000084,945,543,402
101000085,1829,852,977
101000086,923,732,191
101000087,557,679,-122
101000088,2088,859,1229
101000089,1244,1831,-587
101000090,1278,547,731
101000091,443,414,29
101000092,2772,623,2149
101000093,1597,513,1084
101000094,752,602,150
101000095,522,591,-69
101000096,871,180,691
101000097,410,450,-40
101000098,317,468,-151
101000099,382,935,-553
101000100,820,951,-131
101000101,200,1028,-828
101000102,285,1300,-1015
101000103,361,771,-410
101000104,120,604,-484
101000105,323,624,-301
101000106,208,2122,-1914
101000107,323,664,-341
101000108,410,97,313
101000109,1188,181,1007
101000110,39,144,-105
101000111,48,218,-170
101000113,108,1249,-1141
101000114,1459,5461,-4002
101000115,26,23,3
101000116,40,64,-24
101000117,1222,269,953
101000119,8,112,-104
101000120,34,186,-152
101000121,23,29,-6
101000122,58,114,-56
101000123,39,132,-93
101000124,572,565,7
101000125,162,140,22
101000128,228,1752,-1524
101000130,122,407,-285
101000131,2288,319,1969
101000132,813,394,419
101000135,6,27,-21
101000136,48,177,-129
101000137,3,479,-476
101000141,597,4333,-3736
101000147,1531,447,1084
101000148,1202,15,1187
101000149,32,170,-138
101000150,207,199,8
101000151,558,55,503
101000152,477,332,145
101000153,274,129,145
101000154,722,361,361
101000155,823,331,492
101000156,30,1191,-1161
101000157,14,139,-125
101000160,6,26,-20
101000163,30,487,-457
101000164,345,89,256
101000165,188,492,-304
101000166,133,196,-63
101000168,1424,256,1168
101000252,3305,536,2769
101000254,43,79,-36
101000258,112,3,109
101000261,43,90,-47
101000262,1260,7009,-5749
101000263,336,1272,-936
101000265,101,559,-458
101000266,384,162,222
101000269,17,52,-35
101000290,186,3720,-3534
101000293,31,12,19
101000294,429,342,87
101000295,349,185,164
101000301,261,792,-531
101000304,2383,4118,-1735
101000305,3041,1412,1629
101000328,173,1580,-1407
101900001,13,22,-9
101900002,0,3,-3
101900003,35,124,-89
101900004,2,180,-178
101900005,973,4759,-3786
101900006,1367,82,1285
101900007,322,375,-53
101900008,57,313,-256
101900009,16,467,-451
101900010,844,847,-3
101900011,39,1683,-1644
101900012,374,84,290
101900013,379,84,295
101900017,16,101,-85
101900018,1738,328,1410
101900019,56,128,-72
101900020,65,41,24
101900021,0,32,-32
101900022,231,1134,-903
101900023,175,321,-146
101900026,158,17,141
101900027,21,89,-68
102000001,4443,9039,-4596
102000002,3114,3136,-22
102000003,1726,5436,-3710
102000004,4448,3756,692
102000005,1596,3798,-2202
102000006,772,1300,-528
102000007,1841,4523,-2682
102000008,5593,1390,4203
102000009,9275,10448,-1173
102000010,4043,2466,1577
102000011,5505,4702,803
102000012,4571,2821,1750
102000018,3011,3490,-479
102000019,2879,2311,568
102000026,510,481,29
102000029,441,264,177
102000030,111,412,-301
102000031,157,97,60
102000032,984,409,575
102000033,693,251,442
102000034,505,344,161
102000035,847,446,401
102000036,79,236,-157
102000037,229,32,197
102000038,262,185,77
102000039,93,145,-52
102000040,215,170,45
102000041,42,368,-326
102000042,45,246,-201
102000043,109,336,-227
102000044,527,1253,-726
102000045,979,679,300
102000046,1874,730,1144
102000047,1705,639,1066
102000048,913,558,355
102000049,1278,903,375
102000050,1552,1009,543
102000051,148,513,-365
102000052,1572,1092,480
102000053,806,843,-37
102000054,880,1004,-124
102000055,1448,215,1233
102000056,2003,267,1736
102000057,1804,566,1238
102000058,736,744,-8
102000059,938,1019,-81
102000060,723,927,-204
102000061,2631,1507,1124
102000062,2919,1028,1891
102000063,1110,1444,-334
102000064,709,809,-100
102000065,31,98,-67
102000066,817,525,292
102000067,5576,4996,580
102000068,8435,3885,4550
102000069,67,2460,-2393
102000070,2229,41,2188
102000071,6453,13686,-7233
102000072,2932,3963,-1031
102000073,655,533,122
102000074,927,487,440
102000075,248,117,131
102000076,583,175,408
102000077,848,876,-28
102000078,1795,433,1362
102000079,156,72,84
102000080,320,133,187
102000081,248,387,-139
102000082,820,256,564
102000083,1121,190,931
102000084,1056,121,935
102000085,1831,611,1220
102000086,1923,685,1238
102000087,612,1111,-499
102000088,629,211,418
102000089,1884,225,1659
102000090,335,1476,-1141
102000091,1110,630,480
102000092,285,661,-376
102000093,1078,642,436
102000094,557,250,307
102000095,506,803,-297
102000096,357,269,88
102000097,440,260,180
102000098,305,245,60
102000099,602,602,0
102000100,201,533,-332
102000101,249,322,-73
102000102,174,1198,-1024
102000103,3707,438,3269
102000104,546,352,194
102000105,316,374,-58
102000106,1159,439,720
102000107,2680,115,2565
102000108,709,959,-250
102000109,954,1152,-198
102000110,1534,387,1147
102000111,3,2131,-2128
102000112,108,192,-84
102000113,19,130,-111
102000114,2728,570,2158
102000115,159,431,-272
102000116,276,711,-435
102000117,49,585,-536
102000118,975,2416,-1441
102000119,531,1068,-537
102000120,293,502,-209
102000121,1516,318,1198
102000122,654,799,-145
102000123,1122,560,562
102000124,1596,1224,372
102000125,444,524,-80
102000126,540,929,-389
102000127,1693,1031,662
102000128,941,787,154
102000129,1578,600,978
102000130,739,821,-82
102000131,808,587,221
102000132,353,583,-230
102000133,4792,2617,2175
102000134,1898,640,1258
102000135,590,769,-179
102000136,779,519,260
102000137,469,230,239
102000138,381,89,292
102000139,79,377,-298
102000140,221,265,-44
102000141,258,499,-241
102000142,382,120,262
102000143,403,102,301
102000144,532,71,461
102000145,428,176,252
102000146,836,176,660
102000147,608,287,321
102000148,215,533,-318
102000149,532,147,385
102000150,1357,56,1301
102000151,124,80,44
102000152,512,54,458
102000153,864,375,489
102000154,79,242,-163
102000155,82,302,-220
102000156,283,106,177
102000157,45,492,-447
102000158,319,425,-106
102000159,1114,1238,-124
102000161,2876,2890,-14
102000162,150,308,-158
102000163,190,358,-168
102000164,591,774,-183
102000165,220,681,-461
102000166,22,444,-422
102000167,124,141,-17
102000168,268,227,41
102000169,160,732,-572
102000170,750,191,559
102000171,79,80,-1
102000172,4,412,-408
102000173,512,374,138
102000174,256,115,141
102000175,130,68,62
102000176,36,31,5
102000178,238,486,-248
102000179,523,272,251
102000180,1137,342,795
102000181,1433,220,1213
102000182,1163,1713,-550
102000183,2524,858,1666
102000184,2414,575,1839
102000185,3244,396,2848
102000186,2432,537,1895
102000187,1120,554,566
102000188,1700,1338,362
102000189,1332,206,1126
102000190,511,2237,-1726
102000191,1039,226,813
102000192,2124,1803,321
102000193,140,161,-21
102000194,71,339,-268
102000195,981,371,610
102000196,458,287,171
102000197,1791,90,1701
102000198,395,288,107
102000199,1853,72,1781
102000200,530,338,192
102000201,2454,429,2025
102000202,29,325,-296
102000203,1036,86,950
102000204,1472,650,822
102000205,1830,1253,577
102000206,958,768,190
102000207,800,1346,-546
102000208,527,1459,-932
102000209,188,251,-63
102000210,1015,679,336
102000211,1097,190,907
102000212,765,9,756
102000213,5,515,-510
102000214,921,5,916
102000215,14,210,-196
102000216,300,158,142
102000217,4,42,-38
102000218,323,332,-9
102000219,373,64,309
102000225,342,1262,-920
102000226,260,239,21
102000227,206,2,204
102000228,0,86,-86
102000229,150,55,95
102000230,461,351,110
102000231,537,361,176
102000232,63,264,-201
102000233,1359,364,995
102000234,99,1177,-1078
102000236,378,40,338
102000237,1357,403,954
102000238,427,261,166
102000240,403,1010,-607
102000241,105,102,3
102000243,3,55,-52
102000245,6,96,-90
102000246,12,59,-47
102000247,308,373,-65
102000248,239,1122,-883
102000249,166,76,90
102000250,92,250,-158
102000254,610,126,484
102000266,3,250,-247
102000271,25,0,25
102000286,398,331,67
102000297,3128,940,2188
102000301,0,0,0
102000303,0,0,0
102000305,0,0,0
102000307,0,3,-3
102900001,1018,641,377
102900002,223,33,190
102900003,87,51,36
102900005,616,170,446
102900006,746,26,720
102900007,1024,11,1013
102900008,310,6,304
102900009,132,363,-231
102900010,313,838,-525
102900011,1101,494,607
102900012,530,87,443
102900013,75,9,66
102900015,933,551,382
102900016,132,9,123
102900017,334,85,249
102900018,129,54,75
102900019,831,407,424
102900020,245,12,233
102900021,51,21,30
102900022,46,70,-24
102900023,5,5,0
102900024,82,26,56
102900025,54,28,26
102900026,251,2561,-2310
102900027,25,35,-10
102900028,205,1093,-888
102900029,69,409,-340
102900030,452,563,-111
102900031,495,104,391
102900032,202,23,179
102900033,147,100,47
102900034,843,27,816
102900035,321,44,277
102900036,345,85,260
102900037,230,358,-128
102900038,315,172,143
102900039,18,979,-961
102900040,335,314,21
102900041,71,115,-44
102900042,347,122,225
102900043,437,124,313
102900044,561,1652,-1091
102900045,283,329,-46
102900046,250,123,127
102900047,237,1215,-978
102900048,839,179,660
102900049,63,152,-89
102900050,205,1223,-1018
102900051,327,429,-102
102900053,387,540,-153
102900054,230,1285,-1055
102900055,107,402,-295
102900056,129,207,-78
102900057,0,69,-69
102900058,453,64,389
102900059,8,16,-8
102900060,61,508,-447
102900061,199,766,-567
102900062,319,439,-120
102900063,2481,371,2110
102900064,24,388,-364
102900065,1179,211,968
102900066,279,1,278
102900068,48,126,-78
102900070,188,217,-29
102900072,1,81,-80
102900073,19,2,17
102900075,2,30,-28
102900076,31,50,-19
102900077,29,6,23
102900078,14,39,-25
102900079,293,1,292
102900080,409,6,403
102900081,18,74,-56
102900082,29,57,-28
102900083,69,1,68
102900084,2,17,-15
102900085,75,46,29
102900086,18,42,-24
102900087,400,49,351
102900088,44,36,8
102900089,377,130,247
102900090,2,166,-164
102900091,631,0,631
102900092,1290,72,1218
102900094,0,48,-48
102900095,21,0,21
102900096,161,9,152
102900097,5,15,-10
103000001,2489,2506,-17
103000002,2785,2869,-84
103000003,3417,2042,1375
103000004,834,453,381
103000005,1515,4831,-3316
103000006,1472,2251,-779
103000007,456,284,172
103000008,1075,730,345
103000009,3199,1282,1917
103000010,290,104,186
103000011,1195,371,824
103000012,1405,1372,33
103000013,2886,1467,1419
103000014,1218,2555,-1337
103000015,1489,807,682
103000016,630,2064,-1434
103000017,393,1161,-768
103000018,919,163,756
103000019,617,884,-267
103000020,1277,1290,-13
103000021,2237,3405,-1168
103000022,565,1193,-628
103000023,1244,2416,-1172
103000024,111,79,32
103000025,156,2015,-1859
103000026,331,307,24
103000027,246,599,-353
103000028,167,245,-78
103000029,168,276,-108
103000030,1878,1111,767
103000031,758,2961,-2203
103000032,1879,1261,618
103000033,4102,3429,673
103000034,1206,703,503
103000035,181,797,-616
103000036,359,171,188
103000037,515,349,166
103000038,561,807,-246
103000039,925,228,697
103000040,1030,347,683
103000041,3483,1352,2131
103000042,2846,104,2742
103000043,1225,476,749
103000044,430,103,327
103000046,279,659,-380
103000047,926,399,527
103000048,343,390,-47
103000049,110,101,9
103000050,1169,133,1036
103000051,864,288,576
103000052,1288,127,1161
103000053,269,253,16
103000054,1893,188,1705
103000055,2226,751,1475
103000056,783,750,33
103000057,1819,120,1699
103000058,1163,183,980
103000059,1381,299,1082
103000060,989,213,776
103000061,1198,641,557
103000062,839,79,760
103000063,1649,538,1111
103000064,194,37,157
103000065,5,155,-150
103000066,274,8,266
103000069,383,608,-225
103000070,791,264,527
103000071,2475,886,1589
103000072,158,339,-181
103000073,1649,90,1559
103000074,1207,59,1148
103000075,111,345,-234
103000076,525,1157,-632
103000077,19,171,-152
103000078,1002,1741,-739
103000079,440,827,-387
103000080,356,446,-90
103000081,320,975,-655
103000082,714,189,525
103000083,152,245,-93
103000084,190,7,183
103000085,1,140,-139
103000086,514,534,-20
103000087,81,856,-775
103000088,100,359,-259
103000089,419,974,-555
103000090,3968,899,3069
103000091,1065,531,534
103000092,442,140,302
103000093,308,607,-299
103000094,597,108,489
103000095,109,335,-226
103000096,714,24,690
103000097,33,593,-560
103000098,572,91,481
103000099,121,746,-625
103000100,205,288,-83
103000101,1861,69,1792
103000102,102,224,-122
103000103,1134,72,1062
103000104,242,83,159
103000105,483,60,423
103000106,25,127,-102
103000107,382,55,327
103000108,2027,1711,316
103000109,696,803,-107
103000110,458,789,-331
103000111,475,662,-187
103000112,361,411,-50
103000113,546,1416,-870
103000114,1856,1002,854
103000115,1077,661,416
103000116,968,275,693
103000117,468,372,96
103000118,423,260,163
103000119,1131,281,850
103000120,77,299,-222
103000121,115,237,-122
103000122,517,1090,-573
103000125,25,51,-26
103000126,1539,0,1539
103000127,4,56,-52
103000128,156,3,153
103000129,0,26,-26
103000130,113,113,0
103000131,38,124,-86
103000132,63,129,-66
103000133,27,74,-47
103000134,185,1700,-1515
103000135,635,132,503
103000136,441,480,-39
103000137,316,515,-199
103000138,387,600,-213
103000139,0,38,-38
103000140,133,17,116
103000141,7,145,-138
103000142,135,49,86
103000143,25,133,-108
103000144,288,49,239
103000145,1,35,-34
103000150,58,56,2
103000152,164,491,-327
103000153,175,372,-197
103000156,4,92,-88
103000157,575,1,574
103000159,205,55,150
103000162,26,43,-17
103000163,6,31,-25
103000164,8,19,-11
103000165,85,99,-14
103000166,365,816,-451
103000167,270,264,6
103000168,303,251,52
103000169,470,1165,-695
103000170,2455,238,2217
103000171,16,140,-124
103000172,1264,85,1179
103000173,2013,168,1845
103000174,703,223,480
103000175,552,78,474
103000176,1181,1321,-140
103000177,243,733,-490
103000178,47,223,-176
103000179,163,35,128
103000183,731,22,709
103000185,225,74,151
103000186,600,59,541
103000187,2021,90,1931
103000188,7,65,-58
103000189,937,582,355
103000191,412,150,262
103000292,432,2538,-2106
103000293,421,4460,-4039
103000295,33,169,-136
103000296,106,0,106
103000297,1,17,-16
103000504,21,11,10
103000505,1,28,-27
103000506,8,90,-82
103000507,292,0,292
103000508,50,34,16
103000509,247,473,-226
103900001,91,34,57
103900002,696,53,643
103900003,869,241,628
103900004,163,0,163
103900005,1,50,-49
103900006,83,4,79
103900007,287,1,286
103900008,14,0,14
103900009,481,91,390
103900010,347,84,263
103900011,1220,68,1152
103900012,34,127,-93
103900013,83,12,71
103900014,214,23,191
103900015,158,12,146
103900016,210,196,14
103900017,111,87,24
103900018,254,28,226
103900019,26,752,-726
103900020,489,310,179
103900021,54,33,21
103900022,623,471,152
103900023,311,0,311
103900024,178,184,-6
103900025,0,3,-3
103900026,0,0,0
103900027,279,164,115
103900028,78,395,-317
103900029,1750,103,1647
103900030,278,50,228
103900031,130,7,123
103900032,182,147,35
103900033,147,27,120
103900034,161,50,111
103900035,122,173,-51
103900036,17,24,-7
103900037,250,106,144
103900038,113,264,-151
103900039,280,52,228
103900040,9,137,-128
103900041,131,21,110
103900042,220,38,182
103900043,502,15,487
103900044,27,682,-655
103900045,582,297,285
103900047,203,8,195
103900048,6,38,-32
103900049,104,934,-830
103900050,19,208,-189
103900051,1,108,-107
103900052,341,274,67
103900053,645,122,523
103900054,407,86,321
103900055,659,144,515
103900056,146,139,7
103900057,389,42,347
103900058,727,197,530
103900059,1,205,-204
103900060,153,37,116
103900061,375,31,344
103900062,1503,370,1133
103900063,17,0,17
103900064,273,2,271
103900065,219,574,-355
103900066,405,44,361
103900067,466,14,452
103900068,0,0,0
103900069,156,5,151
103900070,170,164,6
103900071,51,35,16
103900072,88,84,4
103900073,108,54,54
103900074,189,24,165
103900075,315,18,297
103900076,1115,181,934
103900077,23,128,-105
103900078,563,116,447
103900079,78,123,-45
103900080,2,11,-9
103900081,31,17,14
103900082,37,67,-30
103900083,1044,2542,-1498
103900084,19,344,-325
103900085,44,74,-30
103900086,2579,299,2280
103900088,331,520,-189
103900089,68,229,-161
103900090,38,84,-46
103900091,769,78,691
103900092,924,518,406
103900093,65,234,-169
103900094,2,49,-47
103900095,229,340,-111
103900096,250,19,231
103900097,42,119,-77
103900098,510,125,385
103900099,465,26,439
103900100,559,60,499
103900101,1667,872,795
103900102,6,89,-83
103900104,0,3,-3
103900105,40,51,-11
103900106,3,1836,-1833
103900107,390,10,380
103900108,162,105,57
103900109,300,7,293
103900110,493,30,463
103900111,480,125,355
103900112,43,49,-6
103900113,73,90,-17
103900114,600,204,396
103900115,143,160,-17
103900116,1263,3767,-2504
103900117,43,10,33
103900119,14,268,-254
103900120,147,26,121
103900122,247,31,216
103900123,279,937,-658
103900124,34,154,-120
103900125,159,31,128
103900126,876,38,838
103900127,210,78,132
103900128,280,24,256
103900131,86,74,12
103900133,848,8,840
103900134,0,14,-14
103900135,1,2,-1
103900137,1,21,-20
103900138,269,52,217
103900139,280,5120,-4840
103900140,11,654,-643
103900141,187,18,169
103900142,862,54,808
103900143,330,1,329
103900144,43,50,-7
103900145,137,144,-7
103900146,335,205,130
103900147,789,65,724
103900148,666,196,470
103900149,368,88,280
103900150,3529,7075,-3546
103900151,1,88,-87
103900152,1686,141,1545
103900153,11,11,0
103900154,160,3082,-2922
103900155,48,37,11
103900156,57,14,43
103900157,366,13,353
103900158,621,3,618
103900159,723,9,714
103900160,34,18,16
103900161,45,86,-41
103900162,81,13,68
103900163,16,288,-272
103900167,2,114,-112
103900168,52,22,30
103900169,21,34,-13
103900170,0,37,-37
103900171,1,10,-9
103900172,3,2,1
103900173,34,33,1
103900174,483,39,444
103900175,24,220,-196
103900176,4,26,-22
103900177,2,6,-4
103900178,134,3,131
103900179,83,14,69
103900180,2,14,-12
103900181,14,49,-35
103900182,28,23,5
103900184,153,84,69
103900185,22,1590,-1568
103900187,20,211,-191
103900188,246,101,145
103900189,285,5,280
103900190,179,32,147
103900191,45,32,13
103900192,33,24,9
103900193,36,31,5
103900194,83,71,12
103900195,2,242,-240
103900196,93,62,31
103900197,18,63,-45
103900198,3,18,-15
103900199,219,24,195
103900200,339,28,311
103900201,74,10,64
103900202,1,44,-43
103900203,95,88,7
103900204,0,11,-11
103900207,0,30,-30
103900208,280,2,278
103900209,3,42,-39
103900210,105,52,53
103900211,1297,153,1144
103900212,205,57,148
103900213,9,194,-185
103900214,188,516,-328
103900215,112,378,-266
103900216,13,82,-69
103900217,581,181,400
103900218,1,561,-560
103900219,481,103,378
103900233,205,7,198
103900235,44,158,-114
103900236,10,9,1
103900242,3,4,-1
103900243,0,8,-8
103900244,141,73,68
103900245,197,48,149
103900246,17,71,-54
103900247,3,37,-34
103900248,0,41,-41
103900249,2,89,-87
103900250,30,15,15
103900251,0,16,-16
103900253,2,57,-55
103900254,3,13,-10
103900255,1,35,-34
103900256,29,14,15
103900257,92,191,-99
103900258,30,15,15
103900259,22,15,7
103900261,117,2,115
103900262,82,7,75
103900263,38,137,-99
103900264,9,2,7
103900265,18,8,10
103900266,0,60,-60
103900267,1,68,-67
103900268,113,28,85
103900269,356,9,347
103900270,122,22,100
103900271,217,30,187
103900272,68,52,16
103900273,194,3,191
103900274,584,4,580
103900275,406,17,389
103900276,33,12,21
103900277,20,25,-5
103900278,19,18,1
103900279,2,90,-88
103900280,5,41,-36
104000001,3826,1802,2024
104000002,2623,1455,1168
104000003,2313,1308,1005
104000004,3673,1780,1893
104000005,2439,1319,1120
104000006,3155,2148,1007
104000007,5310,3752,1558
104000008,199,190,9
104000009,267,179,88
104000010,292,630,-338
104000011,195,119,76
104000012,168,117,51
104000013,295,521,-226
104000014,247,179,68
104000015,558,121,437
104000016,393,115,278
104000018,851,274,577
104000019,1119,403,716
104000020,23,225,-202
104000021,553,195,358
104000022,515,419,96
104000023,2009,456,1553
104000024,292,156,136
104000026,63,152,-89
104000027,427,138,289
104000028,612,353,259
104000029,463,227,236
104000030,697,383,314
104000031,1861,98,1763
104000032,171,85,86
104000033,1204,271,933
104000034,259,119,140
104000035,1560,209,1351
104000036,1459,247,1212
104000037,197,106,91
104000038,558,460,98
104000039,253,51,202
104000040,101,723,-622
104000041,875,627,248
104000042,146,92,54
104000043,131,301,-170
104000044,253,2160,-1907
104000045,769,700,69
104000046,660,531,129
104000047,842,558,284
104000048,1124,474,650
104000049,886,377,509
104000050,69,493,-424
104000051,331,821,-490
104000052,2342,2184,158
104000053,1696,648,1048
104000054,789,239,550
104000055,2161,1931,230
104000056,599,220,379
104000057,598,153,445
104000058,1755,684,1071
104000059,995,1054,-59
104000060,1454,1696,-242
104000061,1487,456,1031
104000062,654,125,529
104000064,752,184,568
104000065,199,568,-369
104000069,387,1982,-1595
104000070,65,659,-594
104000071,292,206,86
104000072,1132,249,883
104000075,39,244,-205
104000076,982,58,924
104000082,2352,3818,-1466
104000083,716,157,559
104000084,168,201,-33
104000085,781,298,483
104000086,386,279,107
104000087,378,1739,-1361
104000090,1538,406,1132
104000092,2253,527,1726
104000094,851,508,343
104000095,3633,1419,2214
104000096,3831,76,3755
104000097,3914,343,3571
104000098,5349,431,4918
104000100,3762,888,2874
104000101,2227,1226,1001
104000106,49,509,-460
104000107,654,209,445
104000108,311,251,60
104000109,480,149,331
104000110,940,1419,-479
104000111,2266,5959,-3693
104000112,660,542,118
104000116,2,455,-453
104000117,473,151,322
104000118,2864,190,2674
104000119,1515,405,1110
104000120,531,603,-72
104000121,342,214,128
104000122,801,388,413
104000123,816,519,297
104000124,269,985,-716
104000125,1326,6087,-4761
104000126,573,483,90
104000127,1533,1260,273
104000128,729,108,621
104000129,525,19,506
104000130,2,478,-476
104000131,194,468,-274
104000132,445,761,-316
104000133,2095,687,1408
104000134,977,1506,-529
104000135,536,1294,-758
104000136,563,2450,-1887
104000137,1619,299,1320
104000138,1094,324,770
104000139,2203,2236,-33
104000141,715,373,342
104000142,840,288,552
104000143,1045,224,821
104000144,147,239,-92
104000145,379,104,275
104000146,93,478,-385
104000147,171,356,-185
104000148,645,126,519
104000149,243,59,184
104000150,1248,238,1010
104000151,566,129,437
104000152,791,148,643
104000153,1180,431,749
104000154,611,163,448
104000155,504,757,-253
104000157,1442,771,671
104000158,154,262,-108
104000159,1044,342,702
104000160,1636,2810,-1174
104000161,201,76,125
104000162,106,80,26
104000165,1222,811,411
104000167,874,1942,-1068
104000168,1779,5,1774
104000169,324,40,284
104000170,130,248,-118
104000248,515,526,-11
104000251,81,149,-68
104000272,0,0,0
104000273,0,0,0
104000274,0,0,0
104000275,0,0,0
104000279,661,500,161
104000290,42,251,-209
104000291,536,1375,-839
104000293,1645,1119,526
104000294,325,0,325
104000295,1110,834,276
104000296,963,532,431
104000297,1149,1921,-772
104000298,1805,662,1143
104000299,1558,608,950
104000302,61,25,36
104000303,107,58,49
104900001,84,125,-41
104900002,69,409,-340
104900003,109,141,-32
104900004,258,91,167
104900005,1015,149,866
104900006,1286,154,1132
104900007,889,125,764
104900009,252,109,143
104900010,244,11,233
104900011,1,2,-1
104900012,211,57,154
104900013,56,21,35
104900014,1129,145,984
104900015,175,9,166
104900016,237,110,127
104900017,125,159,-34
104900018,4,44,-40
104900019,106,6904,-6798
104900020,74,213,-139
104900021,0,19,-19
104900022,4,130,-126
104900023,1,15,-14
104900024,0,233,-233
104900025,61,103,-42
104900026,3,41,-38
104900027,1188,306,882
104900028,43,143,-100
104900029,22,15,7
104900030,685,142,543
104900031,16,151,-135
104900032,18,63,-45
104900033,457,125,332
104900034,513,133,380
104900035,765,222,543
104900036,504,28,476
104900037,295,70,225
104900038,97,2894,-2797
104900039,181,630,-449
104900040,638,19,619
104900041,413,66,347
104900042,323,85,238
104900043,65,616,-551
104900044,1423,65,1358
104900045,483,31,452
104900046,1069,104,965
104900047,667,84,583
104900048,710,57,653
104900049,129,42,87
104900050,1234,147,1087
104900051,505,13,492
104900052,372,1,371
104900053,843,33,810
104900054,495,76,419
104900055,601,5,596
104900056,584,11,573
104900057,136,3,133
104900058,769,24,745
104900059,121,30,91
104900060,1,236,-235
104900061,246,98,148
104900063,0,165,-165
104900064,0,90,-90
104900065,0,318,-318
104900066,0,49,-49
104900067,2,777,-775
104900068,56,647,-591
104900070,29,194,-165
104900071,1,185,-184
104900072,18,80,-62
104900073,150,91,59
104900074,96,62,34
104900075,44,19,25
104900076,392,83,309
104900077,430,83,347
104900078,358,112,246
104900079,77,1805,-1728
104900080,298,176,122
104900082,2,156,-154
104900085,12,113,-101
104900087,364,3,361
104900089,941,3,938
104900090,1643,1143,500
104900091,353,446,-93
104900093,220,176,44
104900097,872,3895,-3023
104900098,404,95,309
104900099,63,830,-767
104900100,310,95,215
104900102,69,124,-55
104900103,375,58,317
104900104,1409,1301,108
104900106,339,112,227
104900107,34,153,-119
104900108,18,394,-376
104900109,193,304,-111
104900110,16,11,5
104900111,201,37,164
104900112,402,126,276
104900113,1171,82,1089
104900114,948,372,576
104900115,1394,94,1300
104900116,971,54,917
104900118,39,17,22
104900119,0,53,-53
104900120,24,1643,-1619
104900121,0,12,-12
104900122,2,25,-23
104900123,435,25,410
104900124,288,21,267
104900125,523,0,523
104900126,40,9,31
104900127,37,5,32
104900128,154,56,98
104900129,568,3491,-2923
105000001,3499,1142,2357
105000002,2272,1570,702
105000003,2750,3318,-568
105000004,1666,703,963
105000005,2560,1525,1035
105000006,1390,2207,-817
105000007,1937,2707,-770
105000008,816,3382,-2566
105000009,4452,4844,-392
105000010,2713,973,1740
105000011,3472,4314,-842
105000012,1936,1407,529
105000013,1301,1739,-438
105000014,5030,4515,515
105000015,7178,15291,-8113
105000016,918,753,165
105000017,1799,1169,630
105000018,670,2279,-1609
105000019,1096,1179,-83
105000020,28,580,-552
105000021,327,130,197
105000022,149,150,-1
105000023,1170,158,1012
105000028,15,51,-36
105000029,826,1095,-269
105000030,2730,2440,290
105000031,5,114,-109
105000033,1367,714,653
105000034,73,1875,-1802
105000037,1231,141,1090
105000038,855,1808,-953
105000039,562,779,-217
105000040,1041,1926,-885
105000041,242,652,-410
105000042,1794,1528,266
105000043,603,328,275
105000044,920,287,633
105000045,267,181,86
105000046,1614,232,1382
105000047,560,221,339
105000048,1900,320,1580
105000049,247,451,-204
105000050,1293,615,678
105000051,304,321,-17
105000052,901,1589,-688
105000053,84,154,-70
105000054,607,1098,-491
105000055,1242,614,628
105000056,2744,3119,-375
105000057,2224,2782,-558
105000058,1570,1249,321
105000059,2006,800,1206
105000060,858,398,460
105000061,2574,523,2051
105000062,908,434,474
105000063,636,252,384
105000064,4249,735,3514
105000065,744,334,410
105000066,1402,773,629
105000067,2397,934,1463
105000068,403,697,-294
105000069,1037,4739,-3702
105000070,482,1267,-785
105000071,210,2567,-2357
105000072,2246,10592,-8346
105000073,1700,803,897
105000074,575,392,183
105000075,697,471,226
105000076,1367,859,508
105000077,2307,650,1657
105000078,848,882,-34
105000079,652,1787,-1135
105000080,1901,2034,-133
105000081,1054,1153,-99
105000082,862,1340,-478
105000083,1771,1809,-38
105000084,606,865,-259
105000085,2688,2283,405
105000086,1081,881,200
105000087,1630,1737,-107
105000088,2628,4407,-1779
105000089,1720,1153,567
105000090,508,269,239
105000091,605,399,206
105000092,614,332,282
105000093,291,331,-40
105000094,281,126,155
105000095,244,619,-375
105000096,1704,1964,-260
105000097,437,497,-60
105000098,2190,1449,741
105000099,761,1059,-298
105000100,3037,1925,1112
105000101,3772,984,2788
105000102,2654,1284,1370
105000103,1564,1496,68
105000104,3583,4145,-562
105000105,1651,3710,-2059
105000106,2600,578,2022
105000107,2775,1252,1523
105000108,3018,764,2254
105000109,4528,570,3958
105000110,1558,297,1261
105000111,2765,276,2489
105000112,1495,404,1091
105000113,868,731,137
105000114,1204,1456,-252
105000115,328,2773,-2445
105000116,1970,749,1221
105000117,1765,335,1430
105000118,1736,348,1388
105000119,1373,467,906
105000120,2951,446,2505
105000121,1736,560,1176
105000122,743,1130,-387
105000123,776,484,292
105000124,3392,535,2857
105000125,1709,945,764
105000126,3504,1209,2295
105000127,3954,1191,2763
105000128,1131,1506,-375
105000129,2279,1674,605
105000130,179,4819,-4640
105000131,293,80,213
105000132,2560,1279,1281
105000133,500,421,79
105000134,2506,280,2226
105000135,331,287,44
105000136,101,85,16
105000137,1013,197,816
105000138,162,81,81
105000139,1239,358,881
105000140,881,311,570
105000141,727,159,568
105000142,523,478,45
105000143,325,273,52
105000144,469,399,70
105000145,1086,193,893
105000146,655,322,333
105000147,801,251,550
105000148,1299,525,774
105000149,4741,1332,3409
105000150,1738,502,1236
105000151,1522,328,1194
105000152,364,658,-294
105000153,2201,296,1905
105000154,1471,442,1029
105000155,1230,301,929
105000156,396,328,68
105000157,1137,470,667
105000158,4349,446,3903
105000159,505,417,88
105000160,5897,559,5338
105000161,1124,507,617
105000162,772,4853,-4081
105000163,1337,600,737
105000164,144,244,-100
105000165,707,14695,-13988
105000166,3233,3006,227
105000167,1485,5525,-4040
105000168,622,371,251
105000169,1505,91,1414
105000170,906,1141,-235
105000171,2098,307,1791
105000172,747,3,744
105000173,1383,9,1374
105000174,278,18,260
105000175,408,35,373
105000176,1277,88,1189
105000177,721,453,268
105000178,748,138,610
105000179,2480,75,2405
105000180,815,45,770
105000181,434,140,294
105000182,149,97,52
105000183,2003,3862,-1859
105000184,361,857,-496
105000185,415,1464,-1049
105000186,467,863,-396
105000187,1038,332,706
105000188,163,226,-63
105000189,121,424,-303
105000190,334,245,89
105000191,622,305,317
105000192,482,55,427
105000193,119,88,31
105000194,1223,91,1132
105000195,583,383,200
105000196,100,554,-454
105000197,119,360,-241
105000198,174,103,71
105000199,126,1486,-1360
105000200,181,772,-591
105000201,145,114,31
105000203,30,113,-83
105000204,122,61,61
105000205,103,50,53
105000207,190,39,151
105000208,129,315,-186
105000209,211,63,148
105000211,1011,6,1005
105000212,1980,441,1539
105000213,89,65,24
105000214,215,105,110
105000215,542,125,417
105000216,454,75,379
105000217,300,45,255
105000218,3806,974,2832
105000221,177,116,61
105000222,724,153,571
105000223,908,251,657
105000226,350,90,260
105000227,121,100,21
105000228,9,1498,-1489
105000229,392,785,-393
105000231,599,109,490
105000233,1572,1499,73
105000234,304,764,-460
105000235,806,565,241
105000237,1843,103,1740
105000243,110,34,76
105000248,78,106,-28
105000262,1080,276,804
105000269,177,213,-36
105000270,960,12,948
105000271,0,232,-232
105000282,88,32,56
105000287,207,55,152
105000288,1492,1451,41
105000289,655,1140,-485
105000290,40,7,33
105000402,1532,4872,-3340
105000426,247,320,-73
105000438,855,871,-16
105000440,43,3,40
105000446,5762,3510,2252
105000447,1514,1082,432
105000454,1026,107,919
105000455,176,96,80
105000474,219,1,218
105000477,1917,521,1396
105000478,3324,5954,-2630
105000479,158,120,38
105000480,4288,6074,-1786
105000481,5077,4082,995
105000482,2000,2021,-21
105000483,2202,3271,-1069
105000484,1148,1268,-120
105000485,1117,4080,-2963
105000486,1469,1768,-299
105000488,2202,1351,851
105000489,2496,831,1665
105000549,179,354,-175
105000550,524,510,14
105000551,9,65,-56
105000552,1956,826,1130
105000555,732,1783,-1051
105000556,96,24,72
105000557,48,180,-132
105900001,4,1782,-1778
105900002,790,2244,-1454
105900003,10,155,-145
105900004,259,56,203
105900005,65,936,-871
105900006,18,25,-7
105900007,33,72,-39
105900008,256,144,112
105900009,113,50,63
105900011,174,16,158
105900012,483,27,456
105900013,0,45,-45
105900014,2,55,-53
105900015,95,308,-213
105900016,1026,182,844
105900017,3303,67,3236
105900018,253,109,144
105900019,189,54,135
105900020,127,19,108
105900021,52,82,-30
105900022,418,110,308
105900023,41,54,-13
105900024,8,494,-486
105900025,659,4,655
105900026,186,5,181
105900027,9594,3554,6040
105900028,197,495,-298
105900029,1678,165,1513
105900030,264,226,38
105900031,613,88,525
105900032,203,44,159
105900033,130,148,-18
105900034,745,121,624
105900035,648,226,422
105900036,117,101,16
105900037,298,13,285
105900038,257,275,-18
105900039,204,93,111
105900040,249,55,194
105900041,342,126,216
105900042,255,273,-18
105900043,668,25,643
105900044,1,567,-566
105900045,2,2533,-2531
105900046,0,110,-110
105900047,16,60,-44
105900048,109,357,-248
105900050,810,4998,-4188
105900051,45,688,-643
105900052,1364,93,1271
105900053,3035,6141,-3106
105900054,229,216,13
105900056,369,809,-440
105900057,3,87,-84
105900058,19,11,8
105900059,2,280,-278
106000001,1863,2732,-869
106000002,875,1944,-1069
106000003,4365,4690,-325
106000004,1325,1941,-616
106000005,5358,3462,1896
106000006,5003,1291,3712
106000007,726,305,421
106000008,422,235,187
106000009,575,158,417
106000010,215,352,-137
106000011,2478,677,1801
106000012,1022,626,396
106000013,1738,1266,472
106000014,1601,1080,521
106000015,3203,682,2521
106000016,1747,1123,624
106000017,1030,546,484
106000018,676,338,338
106000019,695,275,420
106000020,398,172,226
106000021,614,294,320
106000022,309,132,177
106000023,1048,254,794
106000024,683,270,413
106000025,153,202,-49
106000026,143,157,-14
106000027,2760,1205,1555
106000028,1164,229,935
106000029,1130,581,549
106000030,201,503,-302
106000034,117,370,-253
106000035,1355,1349,6
106000036,58,376,-318
106000037,996,698,298
106000038,75,277,-202
106000039,59,222,-163
106000040,78,671,-593
106000041,766,424,342
106000043,411,218,193
106000046,272,33,239
106000047,94,300,-206
106000049,2225,110,2115
106000050,222,347,-125
106000051,1906,862,1044
106000052,108,160,-52
106000053,693,88,605
106000054,258,102,156
106000055,1628,343,1285
106000056,311,173,138
106000057,944,92,852
106000058,247,41,206
106000059,830,195,635
106000060,152,220,-68
106000061,176,778,-602
106000062,171,156,15
106000063,1467,1034,433
106000064,3,215,-212
106000065,672,183,489
106000066,224,718,-494
106000067,822,59,763
106000068,163,209,-46
106000069,769,87,682
106000070,475,161,314
106000071,1153,128,1025
106000072,2538,1283,1255
106000073,1609,7827,-6218
106000074,954,738,216
106000075,590,924,-334
106000076,1205,1390,-185
106000077,1701,330,1371
106000078,2223,254,1969
106000079,1184,487,697
106000080,1887,296,1591
106000081,1337,492,845
106000082,1746,337,1409
106000083,716,665,51
106000084,837,417,420
106000085,1360,707,653
106000086,394,310,84
106000087,809,278,531
106000088,461,388,73
106000089,1644,194,1450
106000090,588,337,251
106000091,283,495,-212
106000092,1300,256,1044
106000093,780,36,744
106000094,282,187,95
106000095,1502,449,1053
106000096,2417,285,2132
106000097,2283,994,1289
106000098,1732,546,1186
106000099,155,340,-185
106000100,3012,265,2747
106000101,1401,132,1269
106000102,102,490,-388
106000103,345,943,-598
106000104,1782,836,946
106000105,428,566,-138
106000106,1604,158,1446
106000107,399,182,217
106000108,860,68,792
106000109,372,110,262
106000110,838,136,702
106000111,350,127,223
106000112,500,1259,-759
106000113,718,404,314
106000114,719,1479,-760
106000115,461,317,144
106000116,576,109,467
106000117,1266,544,722
106000118,1987,1356,631
106000119,1016,387,629
106000120,1270,2492,-1222
106000121,563,155,408
106000122,573,78,495
106000123,1630,57,1573
106000124,423,139,284
106000125,118,74,44
106000126,894,78,816
106000127,3207,442,2765
106000128,2450,301,2149
106000129,1455,188,1267
106000130,2148,180,1968
106000131,368,900,-532
106000132,1167,83,1084
106000133,1313,2706,-1393
106000134,729,5911,-5182
106000135,261,556,-295
106000136,1580,2805,-1225
106000137,211,961,-750
106000138,5264,114,5150
106000139,161,60,101
106000140,89,26,63
106000141,181,12,169
106000142,194,61,133
106000143,27,56,-29
106000144,28,75,-47
106000145,806,92,714
106000146,1087,80,1007
106000147,692,444,248
106000148,733,549,184
106000149,1386,300,1086
106000150,1683,2926,-1243
106000151,3740,591,3149
106000152,1119,3475,-2356
106000153,255,2108,-1853
106000154,1130,104,1026
106000155,395,379,16
106000156,2490,132,2358
106000157,610,1868,-1258
106000158,1173,608,565
106000159,2625,3162,-537
106000160,1140,6443,-5303
106000161,650,141,509
106000162,676,2438,-1762
106000163,478,128,350
106000164,1196,328,868
106000165,225,304,-79
106000166,2293,200,2093
106000167,713,527,186
106000168,1887,144,1743
106000169,451,569,-118
106000170,1495,162,1333
106000171,358,1006,-648
106000172,3630,1262,2368
106000173,1055,1579,-524
106000174,2214,256,1958
106000175,222,199,23
106000176,4210,489,3721
106000177,1919,953,966
106000178,5098,818,4280
106000179,1238,897,341
106000180,1744,532,1212
106000181,4164,982,3182
106000182,3353,269,3084
106000183,3116,196,2920
106000184,2055,284,1771
106000185,3397,2186,1211
106000186,478,53,425
106000187,110,2425,-2315
106000188,0,0,0
106000189,17,31,-14
106000190,58,5,53
106000191,618,72,546
106000192,8,7,1
106000193,361,316,45
106000194,157,432,-275
106000195,128,95,33
106000196,76,966,-890
106000197,1008,885,123
106000198,361,515,-154
106000199,638,2844,-2206
106000200,277,300,-23
106000201,637,12219,-11582
106000202,2379,830,1549
106000203,13,100,-87
106000204,132,2,130
106000205,3,116,-113
106000206,106,22,84
106000207,27,252,-225
106000208,2888,55,2833
106000209,3851,249,3602
106000210,786,349,437
106000211,266,870,-604
106000212,2449,374,2075
106000213,328,935,-607
106000214,1565,267,1298
106000215,490,799,-309
106000216,1175,434,741
106000217,219,401,-182
106000218,364,101,263
106000219,196,140,56
106000220,1014,214,800
106000221,435,89,346
106000222,222,51,171
106000223,676,32,644
106000224,396,65,331
106000225,163,188,-25
106000226,109,78,31
106000228,40,85,-45
106000229,262,427,-165
106000231,2349,136,2213
106000232,227,458,-231
106000233,1066,164,902
106000234,110,2021,-1911
106000235,387,2349,-1962
106000236,113,2320,-2207
106000237,1,14,-13
106000238,3,262,-259
106000239,1,244,-243
106000240,48,20,28
106000241,1,669,-668
106000242,523,13,510
106000249,211,70,141
106000250,115,1037,-922
106000251,222,3,219
106000252,52,431,-379
106000253,174,62,112
106000254,249,49,200
106000255,80,222,-142
106000256,171,37,134
106000257,120,127,-7
106000258,109,728,-619
106000259,32,948,-916
106000260,52,8,44
106000261,6,164,-158
106000262,72,16,56
106000263,81,142,-61
106000264,338,4,334
106000265,51,125,-74
106000266,313,23,290
106000267,16,60,-44
106000268,515,27,488
106000269,145,34,111
106000270,251,278,-27
106000271,92,105,-13
106000272,222,106,116
106000273,49,196,-147
106000274,249,24,225
106000275,300,80,220
106000276,18,14,4
106000277,165,123,42
106000278,158,2,156
106000279,32,9,23
106000280,211,12,199
106000281,136,7,129
106000282,242,52,190
106000283,220,19,201
106000284,455,38,417
106000285,162,77,85
106000286,190,52,138
106000287,73,24,49
106000288,219,27,192
106000289,79,32,47
106000290,228,37,191
106000291,157,38,119
106000292,210,39,171
106000293,142,122,20
106000294,194,19,175
106000295,34,135,-101
106000296,21,21,0
106000297,35,122,-87
106000298,29,163,-134
106000299,51,24,27
106000300,37,42,-5
106000301,15,139,-124
106000303,186,37,149
106000304,175,5,170
106000305,231,33,198
106000306,147,33,114
106000307,473,11,462
106000308,133,33,100
106000309,33,11,22
106000310,441,97,344
106000311,571,98,473
106000312,352,66,286
106000313,509,45,464
106000318,163,464,-301
106000319,3036,813,2223
106000320,8,310,-302
106000321,200,651,-451
106000322,497,54,443
106000324,142,104,38
106000325,2675,429,2246
106000326,953,583,370
106000327,641,45,596
106000328,24,812,-788
106000329,24,975,-951
106000330,28,208,-180
106000428,123,258,-135
106000429,131,294,-163
106000430,243,1317,-1074
106000431,3758,455,3303
106000432,750,1409,-659
106000433,3240,1128,2112
106000434,4642,970,3672
106000435,1194,1172,22
106000436,8,158,-150
106000437,1831,39,1792
106000438,327,680,-353
106000439,50,806,-756
106000440,289,286,3
106000441,12,0,12
106000442,2746,10,2736
106000443,546,128,418
106000450,0,99,-99
106000451,35,328,-293
106000454,2,275,-273
106000455,3,122,-119
106000456,321,5,316
106000457,61,261,-200
106000458,2284,90,2194
106000459,1361,59,1302
106000460,3742,36,3706
106000461,927,202,725
106000462,3,115,-112
106000463,2,5,-3
106000464,0,149,-149
106000465,1662,15,1647
106000466,0,170,-170
106000467,106,352,-246
106000468,380,102,278
106000469,112,0,112
106000470,341,3001,-2660
106000471,18,214,-196
106000472,726,8,718
106000473,91,6,85
106000474,473,331,142
106000475,1071,205,866
106000476,266,400,-134
106000477,126,84,42
106000480,0,2138,-2138
106900001,0,2,-2
106900002,0,70,-70
106900003,45,972,-927
106900004,0,12,-12
106900006,0,3,-3
106900007,0,1,-1
106900008,1262,55,1207
106900009,1101,76,1025
106900010,587,181,406
106900012,751,4707,-3956
106900013,1179,207,972
106900014,286,0,286
106900015,61,1,60
106900016,658,58,600
106900017,28,21,7
106900018,35,4,31
106900019,480,4,476
106900020,1049,4075,-3026
106900021,276,92,184
106900022,2629,27,2602
106900023,147,116,31
106900024,944,31,913
106900025,11,238,-227
106900026,0,93,-93
106900027,2506,7,2499
107000001,3805,3882,-77
107000002,1620,2131,-511
107000003,11445,8503,2942
107000004,3138,1481,1657
107000005,13590,9002,4588
107000006,3724,1968,1756
107000007,6148,8107,-1959
107000008,3873,2661,1212
107000009,12095,8588,3507
107000010,5348,3178,2170
107000011,739,943,-204
107000012,2151,4012,-1861
107000013,196,36,160
107000014,307,87,220
107000015,840,345,495
107000016,1712,464,1248
107000017,653,851,-198
107000018,1,697,-696
107000020,802,506,296
107000021,1000,420,580
107000022,1517,2884,-1367
107000023,2256,144,2112
107000024,1474,3027,-1553
107000025,601,236,365
107000026,357,458,-101
107000027,3211,496,2715
107000028,1883,411,1472
107000029,6393,3031,3362
107000030,2502,1175,1327
107000031,8208,2736,5472
107000032,379,624,-245
107000033,1890,4320,-2430
107000034,2563,957,1606
107000035,646,135,511
107000036,456,1378,-922
107000037,181,484,-303
107000038,300,74,226
107000039,1541,694,847
107000040,372,104,268
107000041,1028,359,669
107000042,710,2657,-1947
107000043,1115,593,522
107000044,220,133,87
107000045,78,104,-26
107000046,1049,190,859
107000047,541,312,229
107000048,606,133,473
107000049,478,456,22
107000050,794,282,512
107000051,202,347,-145
107000052,853,3040,-2187
107000053,312,736,-424
107000054,23,145,-122
107000055,490,142,348
107000056,726,609,117
107000057,1545,113,1432
107000058,2523,2255,268
107000059,2161,2248,-87
107000060,8539,3979,4560
107000061,4053,1491,2562
107000062,11321,3362,7959
107000063,3945,1728,2217
107000064,8632,6403,2229
107000065,2092,2794,-702
107000066,1747,3396,-1649
107000067,1903,1003,900
107000068,847,790,57
107000069,1672,963,709
107000070,1329,1,1328
107000071,7781,42,7739
107000072,11,583,-572
107000073,2139,1222,917
107000074,59,309,-250
107000075,3157,101,3056
107000076,204,545,-341
107000077,4217,305,3912
107000078,574,589,-15
107000079,4825,709,4116
107000080,380,795,-415
107000081,6480,786,5694
107000082,604,602,2
107000083,2200,1773,427
107000084,154,866,-712
107000085,2938,2980,-42
107000086,2978,1990,988
107000087,3930,3553,377
107000088,3032,2596,436
107000089,1654,2474,-820
107000090,1710,764,946
107000091,2528,757,1771
107000092,1130,592,538
107000093,1986,1031,955
107000094,1114,544,570
107000095,2780,921,1859
107000096,884,646,238
107000097,3321,867,2454
107000098,629,632,-3
107000099,989,398,591
107000100,215,314,-99
107000101,116,283,-167
107000102,247,324,-77
107000103,740,386,354
107000104,189,284,-95
107000105,801,1142,-341
107000106,216,152,64
107000107,1482,172,1310
107000108,324,307,17
107000109,2747,222,2525
107000110,242,140,102
107000111,1596,34,1562
107000112,21,75,-54
107000113,2251,98,2153
107000114,148,222,-74
107000115,1500,1435,65
107000116,150,251,-101
107000117,300,6259,-5959
107000118,132,71,61
107000119,1228,2016,-788
107000120,686,1697,-1011
107000121,1207,577,630
107000122,655,529,126
107000123,1006,281,725
107000124,974,173,801
107000125,2083,308,1775
107000126,2793,178,2615
107000129,575,419,156
107000130,1386,150,1236
107000131,420,298,122
107000132,998,236,762
107000133,350,118,232
107000134,273,1,272
107000135,0,197,-197
107000136,575,0,575
107000137,1,292,-291
107000138,100,26,74
107000139,5,403,-398
107000140,2418,57,2361
107000141,69,1547,-1478
107000142,791,49,742
107000143,16,1824,-1808
107000144,742,766,-24
107000145,50,700,-650
107000146,247,463,-216
107000147,4580,771,3809
107000150,142,5973,-5831
107000151,9,39,-30
107000152,421,3867,-3446
107000153,74,127,-53
107000154,9,92,-83
107000155,1516,6,1510
107000156,1829,6,1823
107000157,23,293,-270
107000158,2029,19,2010
107000159,8,265,-257
107000160,3181,176,3005
107000161,88,231,-143
107000162,440,1204,-764
107000163,604,7,597
107000164,2170,1,2169
107000165,2922,5,2917
107000166,13,216,-203
107000167,1871,329,1542
107000168,1480,686,794
107000169,199,290,-91
107000170,6336,803,5533
107000171,839,475,364
107000172,2943,2782,161
107000173,600,225,375
107000174,1740,9609,-7869
107000175,2732,404,2328
107000176,0,0,0
107000177,0,0,0
107000178,316,5,311
107000179,673,626,47
107000180,2871,139,2732
107000181,880,399,481
107000182,3108,334,2774
107000183,449,263,186
107000184,2646,370,2276
107000185,518,401,117
107000186,1206,174,1032
107000187,1700,1575,125
107000188,814,416,398
107000189,1400,460,940
107000190,1575,555,1020
107000191,1797,585,1212
107000192,2300,286,2014
107000193,444,293,151
107000194,781,209,572
107000197,1281,124,1157
107000198,514,397,117
107000199,755,511,244
107000200,1219,852,367
107000201,392,233,159
107000202,515,434,81
107000203,626,1045,-419
107000204,595,2463,-1868
107000205,642,264,378
107000206,288,978,-690
107000207,461,504,-43
107000208,914,473,441
107000209,475,574,-99
107000210,63,76,-13
107000211,4,64,-60
107000212,13,98,-85
107000213,9,12,-3
107000214,34,41,-7
107000215,994,234,760
107000216,742,59,683
107000217,342,862,-520
107000219,89,266,-177
107000220,99,300,-201
107000222,332,220,112
107000224,600,196,404
107000225,236,162,74
107000226,1116,519,597
107000227,242,97,145
107000228,260,752,-492
107000229,59,262,-203
107000230,981,530,451
107000231,384,1000,-616
107000232,192,19,173
107000233,196,478,-282
107000234,5,89,-84
107000235,26,32,-6
107000236,5,669,-664
107000237,45,0,45
107000238,46,2,44
107000239,1827,672,1155
107000240,175,158,17
107000243,0,84,-84
107000244,0,279,-279
107000246,0,292,-292
107000249,2,411,-409
107000251,0,101,-101
107000252,0,202,-202
107000255,199,270,-71
107000257,3,1493,-1490
107000258,8,198,-190
107000259,16,46,-30
107000260,2733,9,2724
107000262,51,149,-98
107000263,769,8,761
107000266,60,7,53
107000267,44,63,-19
107000268,643,42,601
107000269,23,6,17
107000270,866,150,716
107000271,16,0,16
107000272,501,5,496
107000273,13,174,-161
107000274,398,311,87
107000275,8,1407,-1399
107000280,2735,18,2717
107000281,70,292,-222
107000282,22,280,-258
107000290,17,52,-35
107000291,11,10,1
107000292,0,141,-141
107000293,30,4,26
107000294,0,571,-571
107000295,24,4,20
107000296,0,45,-45
107000444,317,0,317
107000496,27,11,16
107000497,894,818,76
107000500,445,161,284
107000501,144,229,-85
107000502,326,228,98
107000505,351,507,-156
107000506,0,7,-7
107000508,3,78,-75
107000509,106,846,-740
107000510,120,163,-43
107000514,34,373,-339
107000515,27,69,-42
107000516,910,433,477
107000518,3263,5867,-2604
107000519,555,378,177
107000520,308,39,269
107000521,2244,228,2016
107000522,3601,370,3231
107900001,177,76,101
107900002,46,3,43
107900003,1777,14,1763
107900004,50,0,50
107900005,6187,38,6149
107900006,295,14,281
107900007,700,36,664
107900008,26,2,24
107900009,107,20,87
107900010,142,16,126
107900012,523,47,476
107900013,274,5,269
107900014,370,12,358
107900015,4271,14,4257
107900016,185,32,153
107900017,145,0,145
107900018,80,619,-539
107900019,8,4,4
107900020,10,50,-40
107900021,426,27,399
107900023,29,7,22
107900024,0,8,-8
107900025,297,54,243
107900026,88,8,80
107900027,24,45,-21
107900028,557,15,542
107900030,392,19,373
107900031,324,87,237
107900032,154,1,153
107900033,47,31,16
107900034,510,6,504
107900035,3250,297,2953
107900036,20,54,-34
107900037,2,10,-8
107900038,31,434,-403
107900039,77,3,74
107900040,5,213,-208
107900041,2,5,-3
107900043,216,22,194
107900044,15,26,-11
107900045,238,50,188
107900046,692,708,-16
107900047,104,2,102
107900048,701,22,679
107900049,317,1450,-1133
107900050,29,89,-60
107900051,24,32,-8
107900052,8,207,-199
107900053,241,38,203
107900055,521,134,387
107900056,122,229,-107
107900057,3,0,3
107900058,28,343,-315
107900060,3,130,-127
107900061,1,13,-12
107900063,101,97,4
107900064,146,1306,-1160
107900065,1136,31,1105
107900066,57,4,53
107900067,5,0,5
107900068,150,989,-839
107900069,9,5982,-5973
107900070,235,218,17
107900071,30,217,-187
107900072,326,18,308
107900073,54,380,-326
107900074,218,564,-346
107900076,252,19,233
107900077,162,4,158
107900079,8,35,-27
107900080,121,642,-521
107900081,28,42,-14
107900082,1,23,-22
107900083,659,279,380
107900084,318,79,239
107900086,38,783,-745
107900087,462,28,434
107900088,157,5,152
107900089,145,545,-400
107900090,1157,2280,-1123
107900091,103,70,33
107900093,51,119,-68
107900095,1876,1184,692
107900097,21,66,-45
107900098,232,325,-93
107900100,314,2225,-1911
107900101,410,14,396
107900102,55,2,53
107900103,34,93,-59
107900104,594,1,593
107900105,0,47,-47
107900106,0,220,-220
107900107,764,277,487
107900108,142,16,126
107900109,3167,88,3079
107900110,147,21,126
107900111,1,131,-130
107900112,59,797,-738
107900113,534,15,519
107900114,398,48,350
107900115,1,6,-5
107900116,480,39,441
107900117,239,190,49
107900118,41,61,-20
107900119,204,448,-244
107900120,73,11,62
107900121,1,165,-164
107900122,0,59,-59
107900123,9,221,-212
107900124,8,17,-9
107900125,7,69,-62
107900126,49,74,-25
107900127,1575,230,1345
107900128,57,28,29
107900129,370,4,366
107900130,286,4,282
107900131,88,82,6
107900132,28,241,-213
107900133,0,13,-13
107900134,11,48,-37
107900135,1,21,-20
107900136,31,34,-3
107900137,56,67,-11
107900138,233,6,227
107900139,201,8,193
107900141,24,49,-25
107900142,11,980,-969
107900143,16,6,10
107900144,0,26,-26
107900145,5,25,-20
107900146,56,45,11
107900147,35,16,19
107900148,185,43,142
107900149,571,9,562
107900150,18,181,-163
107900151,6,15,-9
107900152,14,62,-48
107900153,148,214,-66
107900154,130,19,111
107900155,223,28,195
107900156,1,55,-54
107900157,24,21,3
107900158,3073,168,2905
107900159,26,264,-238
107900160,229,33,196
107900161,177,26,151
107900162,0,90,-90
107900163,31,30,1
107900164,82,29,53
107900165,4,362,-358
107900166,45,29,16
107900167,2,22,-20
107900168,187,4,183
107900169,5,2644,-2639
107900171,1,276,-275
107900172,0,111,-111
107900173,141,19,122
107900174,222,8,214
107900175,2,101,-99
107900176,137,18,119
107900177,2,265,-263
107900178,0,144,-144
107900179,56,38,18
107900180,160,2015,-1855
107900181,190,122,68
107900182,1,308,-307
107900183,122,43,79
107900184,295,682,-387
107900185,219,9,210
107900186,52,5,47
107900187,0,75,-75
107900188,963,77,886
107900189,42,401,-359
107900190,13,159,-146
107900191,73,44,29
107900193,6,115,-109
107900194,164,22,142
107900195,2498,232,2266
107900196,178,31,147
107900197,201,171,30
107900199,2,283,-281
107900201,89,46,43
107900203,40,19,21
107900204,60,63,-3
107900206,186,806,-620
107900207,0,148,-148
107900208,0,126,-126
107900209,481,170,311
107900210,24,19,5
107900213,324,109,215
107900214,5,69,-64
107900215,113,265,-152
107900216,3,16,-13
107900217,45,57,-12
107900218,0,1176,-1176
107900219,153,30,123
107900220,79,88,-9
107900221,57,111,-54
107900223,347,104,243
107900224,76,328,-252
107900225,5,240,-235
107900226,11,30,-19
107900227,76,85,-9
107900228,67,80,-13
107900229,1,36,-35
107900230,68,14,54
107900231,30,52,-22
107900232,446,21,425
107900233,3,38,-35
107900234,607,36,571
107900235,3,65,-62
107900236,894,73,821
107900237,20,187,-167
107900238,114,24,90
107900239,121,838,-717
107900240,131,16,115
107900241,1,35,-34
107900242,12,28,-16
107900243,0,10,-10
107900244,310,3,307
107900245,1890,50,1840
107900246,329,49,280
107900248,287,77,210
107900249,1897,225,1672
107900250,2,233,-231
107900251,9,592,-583
107900252,1235,116,1119
107900253,395,51,344
107900254,74,157,-83
107900255,207,16,191
107900256,818,2717,-1899
107900257,542,203,339
107900258,104,41,63
107900259,27,6025,-5998
107900261,0,107,-107
107900262,157,37,120
107900264,1166,36,1130
107900265,138,381,-243
107900267,791,10,781
107900268,3,0,3
107900269,0,1,-1
107900270,0,0,0
107900271,0,49,-49
107900272,21,64,-43
107900273,44,55,-11
107900274,222,0,222
107900275,35,0,35
107900276,0,19,-19
107900277,2,30,-28
107900278,636,83,553
107900279,17,20,-3
107900280,3462,917,2545
107900281,1055,13465,-12410
107900282,17,1443,-1426
107900283,325,1065,-740
107900284,1279,440,839
107900285,294,42,252
107900286,2,33,-31
107900287,1207,146,1061
107900290,2,1260,-1258
107900291,586,8,578
107900292,142,48,94
107900293,121,137,-16
107900295,123,18,105
107900297,1,316,-315
107900298,431,464,-33
107900299,1118,4509,-3391
107900301,1012,1069,-57
107900302,117,21,96
107900303,749,170,579
107900304,1192,52,1140
107900305,682,12,670
107900306,2,40,-38
107900307,3,116,-113
107900308,304,82,222
107900309,15,1,14
107900310,20,0,20
107900311,166,244,-78
107900312,22,1,21
107900313,2,131,-129
107900314,2,137,-135
107900315,0,28,-28
107900316,20,0,20
107900317,82,12,70
107900318,4,222,-218
107900319,7,23,-16
107900320,0,49,-49
107900321,331,1,330
107900322,0,39,-39
107900323,14,91,-77
107900324,116,5,111
107900325,383,0,383
107900326,1383,92,1291
107900327,0,82,-82
107900328,2,0,2
107900329,0,120,-120
107900330,10,44,-34
107900331,1021,18,1003
107900332,972,15,957
107900333,166,14,152
107900334,5,24,-19
107900335,13,106,-93
107900336,16,65,-49
107900337,417,1878,-1461
107900338,5,59,-54
107900339,0,3,-3
107900340,1,113,-112
107900341,51,1,50
107900342,157,27,130
107900343,62,2,60
107900344,36,11,25
107900345,205,69,136
107900346,21,0,21
107900347,18,2,16
107900348,6,0,6
107900349,29,11,18
107900350,12,94,-82
107900351,9,20,-11
107900352,1,37,-36
107900353,79,2,77
107900354,26,13,13
108000001,6038,3134,2904
108000002,975,1080,-105
108000003,3063,1637,1426
108000004,6859,7548,-689
108000005,8867,3734,5133
108000006,2748,1745,1003
108000007,7251,3502,3749
108000008,2131,2643,-512
108000009,7748,5022,2726
108000010,1934,2437,-503
108000011,15833,11173,4660
108000012,6488,7479,-991
108000014,506,1685,-1179
108000015,1161,282,879
108000016,385,560,-175
108000017,1449,302,1147
108000018,2294,577,1717
108000019,1197,252,945
108000020,1444,265,1179
108000021,125,849,-724
108000022,423,376,47
108000023,2493,257,2236
108000024,835,155,680
108000025,861,113,748
108000026,1939,131,1808
108000027,1445,146,1299
108000028,1750,136,1614
108000029,1304,295,1009
108000030,751,113,638
108000031,249,407,-158
108000032,3996,543,3453
108000033,498,320,178
108000034,2739,576,2163
108000035,479,774,-295
108000036,421,400,21
108000037,4151,235,3916
108000038,6590,276,6314
108000039,599,638,-39
108000040,3816,1077,2739
108000041,390,874,-484
108000042,1062,106,956
108000043,173,150,23
108000044,1059,93,966
108000045,142,129,13
108000046,3598,178,3420
108000047,240,269,-29
108000048,76,389,-313
108000049,1164,234,930
108000050,88,310,-222
108000051,350,345,5
108000052,353,188,165
108000053,594,339,255
108000054,316,390,-74
108000055,1454,359,1095
108000056,758,681,77
108000057,1015,1148,-133
108000058,2080,6091,-4011
108000059,1423,735,688
108000060,466,908,-442
108000061,338,232,106
108000062,1943,366,1577
108000063,579,211,368
108000064,503,231,272
108000065,757,291,466
108000066,2560,1195,1365
108000067,4363,1069,3294
108000068,1699,390,1309
108000069,128,332,-204
108000070,3304,360,2944
108000071,349,471,-122
108000072,2002,559,1443
108000073,537,433,104
108000074,1284,411,873
108000075,267,158,109
108000076,1321,412,909
108000077,367,227,140
108000078,4404,1013,3391
108000079,443,356,87
108000080,3516,933,2583
108000081,653,959,-306
108000082,520,462,58
108000083,3306,642,2664
108000084,303,948,-645
108000085,1695,719,976
108000086,280,353,-73
108000087,182,3672,-3490
108000088,1972,501,1471
108000089,422,337,85
108000091,185,363,-178
108000092,765,104,661
108000093,399,278,121
108000094,2250,142,2108
108000095,400,197,203
108000096,1389,207,1182
108000097,355,389,-34
108000098,3910,951,2959
108000099,1454,263,1191
108000100,111,791,-680
108000101,1735,1623,112
108000102,1514,3436,-1922
108000106,1312,1,1311
108000107,1,181,-180
108000108,985,54,931
108000109,1,292,-291
108000110,966,193,773
108000111,272,446,-174
108000112,45,126,-81
108000113,567,130,437
108000115,357,178,179
108000117,474,227,247
108000118,239,2537,-2298
108000119,528,152,376
108000120,367,1370,-1003
108000121,447,294,153
108000122,1872,299,1573
108000123,1873,1038,835
108000124,560,1264,-704
108000125,1483,279,1204
108000126,496,523,-27
108000127,1218,1878,-660
108000128,1142,190,952
108000129,323,1019,-696
108000130,1145,454,691
108000131,1313,106,1207
108000132,539,310,229
108000133,1880,123,1757
108000134,614,183,431
108000135,2134,999,1135
108000136,882,540,342
108000137,802,121,681
108000138,695,338,357
108000139,1014,149,865
108000140,1328,5,1323
108000141,39,18,21
108000142,56,26,30
108000143,66,148,-82
108000144,1850,34,1816
108000145,82,7,75
108000146,2086,96,1990
108000147,35,16,19
108000148,1769,51,1718
108000149,22,3,19
108000150,99,1,98
108000151,19,21,-2
108000152,120,84,36
108000153,2519,98,2421
108000154,16,0,16
108000155,168,39,129
108000156,757,242,515
108000157,184,3849,-3665
108000158,24,1379,-1355
108000159,133,145,-12
108000160,1694,2131,-437
108000161,1648,6305,-4657
108000165,1,731,-730
108000172,0,221,-221
108000173,427,3068,-2641
108000175,1422,198,1224
108000178,435,108,327
108000179,142,800,-658
108000181,169,15,154
108000182,132,42,90
108000183,17,103,-86
108000184,231,5323,-5092
108000185,737,86,651
108000186,1115,157,958
108000187,302,287,15
108000188,1845,289,1556
108000189,842,24919,-24077
108000190,17,62,-45
108000192,254,101,153
108000193,372,23,349
108000194,22,17,5
108000195,1,504,-503
108000196,141,1607,-1466
108000198,1899,105,1794
108000199,0,291,-291
108000200,1736,152,1584
108000203,594,328,266
108000204,357,61,296
108000205,145,268,-123
108000339,561,242,319
108000364,152,349,-197
108000365,145,424,-279
108000367,139,110,29
108000368,47,43,4
108000369,360,73,287
108000371,4,256,-252
108000372,1243,9,1234
108000373,247,45,202
108000376,338,17,321
108000377,1833,70,1763
108000378,10732,16912,-6180
108000379,51,229,-178
108000381,279,12,267
108000382,97,10,87
108000383,1,306,-305
108900001,4,129,-125
108900002,169,33,136
108900003,296,235,61
108900004,444,486,-42
108900007,494,97,397
108900008,238,37,201
108900009,228,187,41
108900010,673,103,570
108900011,1047,114,933
108900012,741,154,587
108900013,211,198,13
108900014,19,97,-78
108900015,0,60,-60
108900016,0,110,-110
108900017,158,310,-152
108900018,113,148,-35
108900019,57,171,-114
108900020,70,41,29
108900021,74,54,20
108900022,106,2,104
108900023,7,40,-33
108900024,39,23,16
108900025,577,29,548
108900026,11,19,-8
108900027,0,15,-15
108900028,203,32,171
108900029,82,209,-127
108900030,0,10,-10
108900031,152,33,119
108900032,2,88,-86
108900033,1,27,-26
108900034,0,22,-22
108900035,257,336,-79
108900038,0,136,-136
108900039,0,67,-67
108900040,11,39,-28
108900041,2737,3286,-549
108900042,4,323,-319
108900043,37,478,-441
108900044,0,85,-85
108900045,97,79,18
108900046,7,100,-93
108900047,0,132,-132
108900048,82,192,-110
108900049,599,4175,-3576
108900050,0,32,-32
108900051,1,37,-36
108900052,37,64,-27
108900053,248,752,-504
108900054,36,74,-38
108900055,22,322,-300
108900056,0,31,-31
108900057,0,50,-50
108900058,38,82,-44
108900059,1991,63,1928
108900060,68,119,-51
108900061,21,20,1
108900062,13,33,-20
108900063,43,49,-6
108900064,704,21,683
108900065,84,58,26
108900066,632,56,576
108900067,0,76,-76
108900068,27,54,-27
108900069,138,18,120
108900070,37,25,12
108900071,254,15,239
108900072,1094,106,988
108900073,44,145,-101
108900074,740,35,705
108900075,9,10,-1
108900076,886,10,876
108900077,51,170,-119
108900078,103,17,86
108900079,476,73,403
108900080,13,1255,-1242
108900081,20,83,-63
108900082,153,40,113
108900083,9,302,-293
108900085,742,72,670
108900086,509,94,415
108900087,112,120,-8
108900088,427,649,-222
108900089,23,124,-101
108900090,87,86,1
108900091,277,25,252
108900092,444,429,15
108900093,121,58,63
108900094,598,50,548
108900095,9,97,-88
108900096,245,6,239
108900097,383,58,325
108900098,1039,1918,-879
108900099,749,86,663
108900100,74,41,33
108900101,399,829,-430
108900102,6,1831,-1825
108900103,509,170,339
108900105,9,3652,-3643
108900106,800,58,742
108900108,300,26,274
108900109,2075,89,1986
108900110,248,85,163
108900111,818,82,736
108900113,103,73,30
108900114,503,36,467
108900115,230,212,18
108900116,107,8,99
108900117,707,19,688
108900118,1740,32,1708
108900119,774,11,763
108900120,890,212,678
108900121,248,125,123
108900122,541,28,513
108900123,537,73,464
108900124,1459,102,1357
108900125,1526,12,1514
108900126,281,71,210
108900127,538,8,530
108900128,304,36,268
108900129,2503,116,2387
108900130,1324,10,1314
108900131,963,3,960
108900132,961,22,939
108900133,589,20,569
108900134,1256,112,1144
108900135,635,12,623
108900136,23,0,23
108900137,573,4,569
108900138,1456,50,1406
108900140,1488,59,1429
108900141,1051,15,1036
108900142,59,19,40
108900143,227,0,227
108900144,293,2,291
108900145,541,22,519
108900146,188,1,187
108900147,721,1,720
108900148,115,10,105
108900150,437,21,416
108900151,65,0,65
108900152,261,18,243
108900153,424,65,359
108900154,10051,273,9778
108900156,261,3,258
108900157,55,190,-135
108900158,1160,104,1056
108900159,197,168,29
108900160,24,224,-200
108900161,323,868,-545
108900162,393,2,391
108900163,8,473,-465
108900164,100,14,86
108900168,3636,2141,1495
108900169,76,78,-2
108900171,2256,4379,-2123
108900172,147,80,67
108900173,89,193,-104
108900174,1260,345,915
108900176,51,127,-76
108900177,1999,13437,-11438
108900178,1233,7431,-6198
108900180,95,196,-101
108900183,165,78,87
108900184,452,71,381
108900185,22,134,-112
108900186,105,173,-68
108900189,687,65,622
108900190,42,648,-606
108900192,58,99,-41
108900195,151,73,78
108900196,26,129,-103
108900199,305,167,138
108900200,1139,456,683
108900201,371,522,-151
108900203,643,139,504
108900204,761,16,745
108900205,364,13,351
108900206,755,97,658
108900207,510,575,-65
108900208,5,174,-169
108900209,116,244,-128
108900210,86,85,1
108900211,200,767,-567
108900212,96,2433,-2337
108900215,90,195,-105
108900216,278,825,-547
108900217,116,0,116
108900218,21,10,11
108900221,42,78,-36
108900224,10,52,-42
108900225,0,124,-124
108900227,222,297,-75
108900230,56,96,-40
108900232,0,90,-90
108900233,563,148,415
108900234,447,279,168
108900235,73,156,-83
108900236,23,167,-144
108900240,189,45,144
108900241,123,27,96
108900245,3,3300,-3297
108900250,402,33,369
108900258,9,46,-37
108900259,0,26,-26
108900260,15,5,10
108900261,26,45,-19
108900262,84,90,-6
108900263,31,157,-126
108900264,68,114,-46
108900265,255,382,-127
108900266,159,2736,-2577
108900267,1,645,-644
108900268,47,33,14
108900269,236,23,213
108900270,308,20,288
108900271,206,1,205
108900272,707,12,695
108900273,238,623,-385
108900274,159,24,135
109000001,5419,5975,-556
109000002,757,4814,-4057
109000003,5302,459,4843
109000004,1072,2033,-961
109000005,2793,423,2370
109000006,1244,864,380
109000007,3367,536,2831
109000008,1516,812,704
109000009,5355,800,4555
109000010,1279,1535,-256
109000011,8804,2118,6686
109000012,1794,1643,151
109000013,8468,6990,1478
109000014,2040,1023,1017
109000015,4668,18193,-13525
109000016,2662,1156,1506
109000017,5255,898,4357
109000018,1233,1257,-24
109000019,4479,1528,2951
109000020,1747,1127,620
109000023,298,9,289
109000024,4,196,-192
109000025,110,760,-650
109000026,670,288,382
109000027,114,445,-331
109000028,151,33,118
109000029,36,412,-376
109000030,224,297,-73
109000031,657,73,584
109000032,119,314,-195
109000033,967,154,813
109000034,79,78,1
109000035,37,9,28
109000036,58,242,-184
109000037,552,5359,-4807
109000038,212,121,91
109000039,1275,930,345
109000040,2452,24705,-22253
109000041,888,4302,-3414
109000042,897,2593,-1696
109000044,855,46,809
109000045,192,102,90
109000046,800,19,781
109000047,111,212,-101
109000048,441,240,201
109000049,223,337,-114
109000050,465,252,213
109000051,421,144,277
109000052,594,370,224
109000053,837,140,697
109000054,109,681,-572
109000055,574,1397,-823
109000056,248,319,-71
109000057,2002,486,1516
109000058,195,50,145
109000059,141,1484,-1343
109000060,113,735,-622
109000061,511,2138,-1627
109000062,374,465,-91
109000063,390,68,322
109000064,1237,76,1161
109000065,556,100,456
109000066,936,113,823
109000067,229,128,101
109000068,765,8,757
109000069,632,14,618
109000070,14,2627,-2613
109000071,517,50,467
109000072,66,148,-82
109000073,96,71,25
109000074,15,119,-104
109000075,130,77,53
109000076,135,456,-321
109000077,372,116,256
109000078,349,180,169
109000079,236,50,186
109000080,625,67,558
109000081,388,192,196
109000082,1787,69,1718
109000083,446,207,239
109000088,239,134,105
109000089,467,173,294
109000090,134,90,44
109000091,954,142,812
109000092,141,103,38
109000093,629,61,568
109000094,1863,7,1856
109000095,472,152,320
109000096,2030,127,1903
109000097,115,40,75
109000098,95,129,-34
109000099,1300,134,1166
109000100,603,275,328
109000101,3328,236,3092
109000102,765,280,485
109000103,1376,295,1081
109000104,5326,164,5162
109000105,707,398,309
109000106,3245,355,2890
109000107,623,667,-44
109000108,4260,456,3804
109000109,617,575,42
109000110,1970,615,1355
109000111,780,914,-134
109000112,488,101,387
109000113,978,376,602
109000114,94,435,-341
109000115,868,114,754
109000116,33,374,-341
109000117,576,26,550
109000118,27,205,-178
109000119,3749,67,3682
109000120,958,224,734
109000121,1270,56,1214
109000122,554,160,394
109000123,216,25,191
109000124,1827,363,1464
109000125,1471,392,1079
109000126,993,582,411
109000127,2019,64,1955
109000128,839,329,510
109000129,5992,250,5742
109000130,479,308,171
109000131,1237,799,438
109000132,406,442,-36
109000133,173,274,-101
109000134,575,550,25
109000135,579,598,-19
109000136,479,230,249
109000137,493,225,268
109000138,573,129,444
109000139,1151,259,892
109000140,214,283,-69
109000141,838,640,198
109000142,177,286,-109
109000143,186,78,108
109000145,112,495,-383
109000146,17,22,-5
109000148,1627,1860,-233
109000149,23,98,-75
109000150,34,103,-69
109000155,1606,1040,566
109000156,887,311,576
109000158,45,163,-118
109000159,135,295,-160
109000160,3235,118,3117
109000161,1541,663,878
109000162,3394,225,3169
109000163,2475,511,1964
109000164,2573,1318,1255
109000165,2449,352,2097
109000166,2006,82,1924
109000167,176,199,-23
109000170,60,30,30
109000171,242,20,222
109000172,17,72,-55
109000173,37,227,-190
109000174,518,14,504
109000175,71,44,27
109000176,698,126,572
109000177,45,47,-2
109000178,2032,126,1906
109000179,2888,10355,-7467
109000180,3571,4767,-1196
109000181,37,7,30
109000182,78,14,64
109000183,166,2,164
109000184,114,5,109
109000185,19,1,18
109000188,755,2902,-2147
109000189,5076,4116,960
109000190,1266,426,840
109000191,339,965,-626
109000192,1263,58,1205
109000193,779,68,711
109000194,711,31,680
109000195,625,65,560
109000196,418,30,388
109000197,623,113,510
109000198,569,42,527
109000199,573,173,400
109000206,160,7,153
109000207,218,11,207
109000208,143,110,33
109000209,187,77,110
109000210,335,233,102
109000211,2914,420,2494
109000214,767,73,694
109000215,178,39,139
109000216,502,491,11
109000217,209,203,6
109000218,397,736,-339
109000221,171,240,-69
109000222,972,158,814
109000223,1223,465,758
109000224,262,35,227
109000225,450,13,437
109000226,165,90,75
109000227,3760,265,3495
109000228,3,505,-502
109000231,1,56,-55
109000232,1825,123,1702
109000236,374,324,50
109000241,2241,455,1786
109000242,1846,295,1551
109000293,133,183,-50
109000361,354,118,236
109000364,132,633,-501
109000396,6,136,-130
109000397,1346,42,1304
109000399,224,200,24
109000400,186,138,48
109000403,11,1729,-1718
109000406,1863,1,1862
109000407,226,54,172
109000408,1,319,-318
109000410,1583,182,1401
109000411,986,27,959
109900001,236,0,236
109900002,1683,11,1672
109900003,1352,4,1348
109900004,244,86,158
109900005,75,34,41
109900006,1251,39,1212
109900007,2846,114,2732
109900008,0,3,-3
109900009,192,246,-54
109900010,1397,121,1276
109900011,16,8,8
109900012,711,196,515
109900013,900,105,795
109900014,257,54,203
109900015,231,31,200
109900016,155,5,150
109900017,429,122,307
109900018,178,17,161
109900019,187,45,142
109900020,102,37,65
109900021,79,8,71
109900022,202,172,30
109900023,5,4,1
109900024,15,1,14
109900025,10,93,-83
109900026,0,83,-83
109900027,23,24,-1
109900028,371,4707,-4336
109900029,3,163,-160
109900030,75,17,58
109900031,3,703,-700
109900032,3,81,-78
109900033,9,283,-274
109900034,17,1,16
109900035,258,177,81
109900036,120,582,-462
109900037,6,187,-181
109900038,140,117,23
109900039,4,1,3
109900040,18,159,-141
109900041,92,106,-14
109900042,39,1633,-1594
109900044,182,1085,-903
109900045,104,37,67
109900046,230,123,107
109900047,245,272,-27
109900048,2,134,-132
109900049,69,69,0
109900050,2,21,-19
109900051,0,2,-2
109900052,81,706,-625
109900053,0,49,-49
109900054,2072,100,1972
109900055,255,164,91
109900056,223,540,-317
109900057,0,67,-67
109900058,0,26,-26
109900059,2731,55,2676
109900060,1918,58,1860
109900061,168,64,104
109900062,0,46,-46
109900063,4,548,-544
109900064,1251,62,1189
109900065,73,37,36
109900066,459,307,152
109900067,0,67,-67
109900068,124,4,120
109900069,3,21,-18
109900070,32,58,-26
109900071,1,2,-1
109900072,9,66,-57
109900073,1134,215,919
109900074,6,8,-2
109900075,95,83,12
109900076,108,60,48
109900077,42,15,27
109900078,108,36,72
109900080,147,73,74
109900081,2,114,-112
109900082,133,93,40
109900083,3,13,-10
109900084,68,161,-93
109900085,65,161,-96
109900086,133,1657,-1524
109900087,68,245,-177
109900089,1017,93,924
109900090,169,229,-60
109900091,985,123,862
109900092,309,318,-9
109900093,1970,119,1851
109900094,108,58,50
109900095,86,88,-2
109900096,319,5,314
109900097,272,1,271
109900098,1403,48,1355
109900099,928,2,926
109900100,209,0,209
109900101,1792,3,1789
109900102,1051,50,1001
109900103,58,61,-3
109900104,2012,90,1922
109900105,1029,23,1006
109900106,686,21,665
109900107,1017,33,984
109900108,129,170,-41
109900109,28,80,-52
109900110,33,138,-105
109900111,103,214,-111
109900112,107,150,-43
109900113,1314,397,917
109900114,284,1216,-932
109900115,285,174,111
109900117,3044,60,2984
109900118,177,114,63
109900119,327,234,93
109900120,164,7,157
109900121,238,116,122
109900122,2003,3,2000
109900123,40,30,10
109900124,10,83,-73
109900125,1,52,-51
109900126,878,8,870
109900128,653,38,615
109900130,3028,6056,-3028
109900131,11,65,-54
109900132,4,46,-42
109900133,178,106,72
109900134,96,152,-56
109900135,628,39,589
109900136,115,60,55
109900137,454,105,349
109900140,200,86,114
109900142,4840,355,4485
109900145,6,818,-812
109900146,136,41,95
109900148,24,20,4
109900149,30,16,14
109900150,0,17,-17
109900151,3,23,-20
109900152,0,25,-25
109900153,0,54,-54
109900154,33,0,33
109900155,60,34,26
109900157,138,85,53
109900158,83,49,34
109900159,88,15,73
109900160,300,27,273
109900161,590,26,564
109900162,350,36,314
109900163,226,71,155
109900164,51,142,-91
109900165,441,2,439
109900166,0,530,-530
109900167,218,190,28
109900168,104,292,-188
109900169,517,128,389
109900170,376,2528,-2152
109900171,755,110,645
109900172,655,592,63
109900173,2451,3335,-884
109900174,47,89,-42
109900175,160,528,-368
109900176,179,71,108
109900177,45,50,-5
109900178,5,201,-196
109900179,21,16,5
109900180,10,14,-4
110000001,1097,238,859
110000002,732,446,286
110000003,681,550,131
110000004,350,389,-39
110000005,252,3143,-2891
110000006,463,254,209
110000007,152,33,119
110000008,60,622,-562
110000009,154,3,151
110000010,78,187,-109
110000011,68,39,29
110000012,1288,144,1144
110000013,88,1178,-1090
110000014,803,462,341
110000015,185,974,-789
110000016,396,2269,-1873
110000017,2476,210,2266
110000018,2543,582,1961
110000019,27,43,-16
110000020,1216,586,630
110000021,206,193,13
110000022,1873,81,1792
110000023,3,61,-58
110000024,1086,160,926
110000025,2604,5,2599
110000026,4,188,-184
110000027,633,1476,-843
110000028,1521,208,1313
110000029,975,333,642
110000030,550,495,55
110000031,698,207,491
110000032,1712,80,1632
110000033,543,160,383
110000034,1535,410,1125
110000035,1237,286,951
110000036,2426,391,2035
110000037,643,154,489
110000038,530,1192,-662
110000039,1148,11026,-9878
110000040,449,322,127
110000041,439,3958,-3519
110000042,138,506,-368
110000043,761,484,277
110000044,28,221,-193
110000045,161,93,68
110000046,3,133,-130
110000047,7,74,-67
110000048,1,131,-130
110000049,7,10,-3
110000050,2,98,-96
110000051,14,20,-6
110000052,82,36,46
110000053,9,5,4
110000054,89,1358,-1269
110000055,133,341,-208
110000056,71,266,-195
110000057,692,285,407
110000058,2533,323,2210
110000059,1168,616,552
110000060,1424,673,751
110000061,574,403,171
110000062,555,565,-10
110000063,61,499,-438
110000064,394,24,370
110000065,264,246,18
110000066,94,8,86
110000067,82,45,37
110000068,1033,41,992
110000069,1165,5,1160
110000071,1671,5,1666
110000073,36,7,29
110000075,50,142,-92
110000076,711,795,-84
110000077,301,2585,-2284
110000078,210,9,201
110000080,193,239,-46
110000081,83,518,-435
110000082,26,571,-545
110000083,324,328,-4
110000084,2387,1842,545
110000085,867,2152,-1285
110000086,981,2718,-1737
110000087,41,70,-29
110000088,176,333,-157
110000089,892,38,854
110000090,209,1414,-1205
110000091,697,244,453
110000092,21,22,-1
110000093,73,24,49
110000094,670,143,527
110000095,159,571,-412
110000096,1367,3663,-2296
110000097,1070,1993,-923
110000098,2596,495,2101
110000099,1730,1638,92
110000100,4005,177,3828
110000101,460,122,338
110000102,112,54,58
110000104,574,290,284
110000105,83,1147,-1064
110000106,900,579,321
110000107,239,323,-84
110000108,288,270,18
110000109,406,186,220
110000110,1507,3629,-2122
110000111,3381,3118,263
110000112,231,1475,-1244
110000113,70,4357,-4287
110000114,1206,1047,159
110000115,1522,163,1359
110000116,150,152,-2
110000117,1009,178,831
110000118,1279,113,1166
110000119,1256,75,1181
110000120,680,82,598
110000121,151,627,-476
110000122,492,225,267
110000123,707,229,478
110000124,4,429,-425
110000125,1690,2,1688
110000126,372,7,365
110000127,1792,58,1734
110000128,24,306,-282
110000129,1,157,-156
110000130,592,275,317
110000131,44,149,-105
110000132,1,163,-162
110000133,62,661,-599
110000134,37,420,-383
110000135,371,29,342
110000136,115,102,13
110000137,1345,114,1231
110000138,1476,203,1273
110000139,2409,380,2029
110000140,1313,906,407
110000143,1141,388,753
110000144,2030,1502,528
110000145,2023,1252,771
110000146,1317,580,737
110000147,358,1299,-941
110000148,1294,297,997
110000151,628,1323,-695
110000152,334,807,-473
110000153,575,7,568
110000154,42,96,-54
110000155,462,1700,-1238
110000156,1313,961,352
110000157,1472,2275,-803
110000160,580,224,356
110000161,483,316,167
110000166,1781,108,1673
110000167,3145,996,2149
110000168,767,1327,-560
110000169,1090,808,282
110000170,226,232,-6
110000171,726,153,573
110000172,478,309,169
110000173,407,425,-18
110000174,157,148,9
110000175,2278,259,2019
110000176,41,2265,-2224
110000177,274,2793,-2519
110000178,391,5289,-4898
110000179,1371,342,1029
110000180,889,227,662
110000181,2013,308,1705
110000182,948,98,850
110000183,5376,11142,-5766
110000184,278,4845,-4567
110000185,632,738,-106
110000186,559,2123,-1564
110000191,2175,74,2101
110000192,1528,11,1517
110000193,2443,13,2430
110000194,1,1748,-1747
110000195,1023,85,938
110000196,1116,124,992
110000197,138,55,83
110000198,95,34,61
110000199,117,298,-181
110000200,858,2263,-1405
110000201,1706,3788,-2082
110000202,1651,505,1146
110000203,362,657,-295
110000204,2,127,-125
110000205,700,38,662
110000206,295,389,-94
110000207,2727,238,2489
110000208,197,388,-191
110000209,53,224,-171
110000210,1898,622,1276
110000211,1271,493,778
110000212,804,1939,-1135
110000213,869,27,842
110000214,944,72,872
110000215,254,78,176
110000216,319,80,239
110000217,1191,96,1095
110000218,512,64,448
110000219,912,33,879
110000220,35,42,-7
110000221,1034,14,1020
110000222,136,64,72
110000223,63,71,-8
110000224,4,3,1
110000225,245,762,-517
110000226,583,52,531
110000227,1291,1608,-317
110000228,473,100,373
110000229,0,93,-93
110000230,712,594,118
110000231,399,805,-406
110000232,191,557,-366
110000233,75,1327,-1252
110000234,392,386,6
110000235,1412,782,630
110000236,1164,652,512
110000237,4083,1905,2178
110000238,1170,700,470
110000239,2891,746,2145
110000240,0,30,-30
110000242,0,20,-20
110000243,501,102,399
110000244,114,324,-210
110000245,26,522,-496
110000246,2160,822,1338
110000247,1569,2764,-1195
110000248,1096,1418,-322
110000249,264,5,259
110000250,8,452,-444
110000251,754,232,522
110000252,1077,253,824
110000253,3338,345,2993
110000254,1466,435,1031
110000255,294,364,-70
110000256,922,238,684
110000257,398,365,33
110000258,6,518,-512
110000259,706,30,676
110000260,139,86,53
110000263,1095,30,1065
110000264,1265,407,858
110000265,1623,1439,184
110000266,1027,1618,-591
110000267,23,42,-19
110000268,289,138,151
110000269,1,47,-46
110000270,216,0,216
110000271,1521,245,1276
110000272,1432,1300,132
110000273,2124,712,1412
110000274,424,5630,-5206
110000275,1872,1709,163
110000276,320,1658,-1338
110000277,683,1380,-697
110000278,688,1386,-698
110000279,1134,297,837
110000280,1178,352,826
110000281,220,107,113
110000282,169,29,140
110000283,41,57,-16
110000284,52,6,46
110000285,0,146,-146
110000286,8,0,8
110000287,137,62,75
110000288,6,236,-230
110000289,475,4100,-3625
110000290,255,1143,-888
110000291,3726,924,2802
110000292,887,12764,-11877
110000293,816,635,181
110000294,2719,3962,-1243
110000295,265,465,-200
110000296,1481,444,1037
110000297,4158,178,3980
110000298,159,570,-411
110000299,237,48,189
110000301,771,40,731
110000302,1048,3926,-2878
110000303,1425,14,1411
110000304,499,754,-255
110000305,2679,23,2656
110000306,774,453,321
110000307,5097,11,5086
110000308,757,1,756
110000309,2,1012,-1010
110000310,1835,24,1811
110000311,3,351,-348
110000312,777,70,707
110000313,3629,2038,1591
110000314,2,177,-175
110000315,1602,1303,299
110000316,451,1023,-572
110000317,272,1388,-1116
110000318,3,200,-197
110000319,12,38,-26
110000320,50,108,-58
110000321,87,109,-22
110000322,314,683,-369
110000323,1483,358,1125
110000324,2975,1521,1454
110000325,1544,6557,-5013
110000327,709,191,518
110000328,68,779,-711
110000333,1795,2384,-589
110000334,498,1569,-1071
110000335,844,397,447
110000336,573,3066,-2493
110000337,2588,1207,1381
110000338,685,1368,-683
110000339,902,218,684
110000340,45,335,-290
110000341,943,273,670
110000342,93,14,79
110000343,0,7,-7
110000344,59,3285,-3226
110000345,137,2735,-2598
110000346,1911,2362,-451
110000347,1860,646,1214
110000348,185,9,176
110000349,27,17,10
110000350,187,0,187
110000351,2215,327,1888
110000352,1092,2701,-1609
110000353,3087,384,2703
110000354,2200,7170,-4970
110000355,547,26,521
110000356,421,2,419
110000357,1425,13,1412
110000361,78,21,57
110000362,508,17,491
110000363,1363,42,1321
110000364,637,182,455
110000365,186,4,182
110000366,0,246,-246
110000367,1087,235,852
110000368,10,59,-49
110000369,100,34,66
110000373,5,1290,-1285
110000374,141,63,78
110000375,294,1071,-777
110000376,80,111,-31
110000377,145,341,-196
110000378,5,452,-447
110000379,2355,3699,-1344
110000380,275,20,255
110000383,1,542,-541
110000384,1476,231,1245
110000385,0,44,-44
110000387,391,16,375
110000388,121,133,-12
110000389,1485,3,1482
110000391,1625,1325,300
110000396,544,113,431
110000397,143,69,74
110000398,17,25,-8
110000399,334,0,334
110000587,399,611,-212
110000589,311,81,230
110000640,299,12,287
110000652,5,509,-504
110000653,964,187,777
110000654,13,468,-455
110000656,0,233,-233
110000674,62,10,52
110000675,14,11,3
110000676,1,26,-25
110000679,230,1591,-1361
110000682,233,298,-65
110000683,364,131,233
110000684,0,57,-57
110000685,10,10,0
110000686,0,151,-151
110000687,13,3,10
110000688,64,1863,-1799
110000689,89,11,78
110000692,10,211,-201
110000693,14,356,-342
110000694,3,76,-73
110000695,203,1338,-1135
110000696,178,16,162
110900001,566,18,548
110900002,523,231,292
110900003,3456,124,3332
110900004,1172,31,1141
110900005,1562,8124,-6562
110900006,146,115,31
110900007,576,259,317
110900008,22,15,7
110900009,420,1313,-893
110900010,8,11,-3
110900011,28,38,-10
110900012,14,22,-8
110900013,2019,86,1933
110900014,618,132,486
110900015,271,602,-331
110900016,174,42,132
110900017,1012,51,961
110900018,643,16,627
110900019,1135,38,1097
110900020,450,41,409
110900021,246,150,96
110900022,76,66,10
110900023,60,223,-163
110900024,216,115,101
110900025,1,53,-52
110900027,135,61,74
110900028,59,60,-1
110900029,30,90,-60
110900030,30,63,-33
110900031,0,98,-98
110900032,3,32,-29
110900033,32,95,-63
110900035,1,384,-383
110900036,233,5,228
110900037,298,1,297
110900038,428,201,227
110900039,4,201,-197
110900040,422,4,418
110900041,8,26,-18
110900042,322,101,221
110900043,0,41,-41
110900044,177,64,113
110900045,310,190,120
110900046,5,112,-107
110900047,195,1069,-874
110900049,364,39,325
110900050,98,1,97
110900051,53,49,4
110900052,4,841,-837
110900053,452,16,436
110900054,19,313,-294
110900055,25,0,25
110900056,198,60,138
110900057,5,216,-211
110900058,776,62,714
110900059,536,574,-38
110900060,425,73,352
110900061,50,36,14
110900062,555,71,484
110900063,35,77,-42
110900064,11,0,11
110900065,92,127,-35
110900066,3,45,-42
110900067,85,951,-866
110900068,292,40,252
110900069,4,6,-2
110900070,419,15,404
110900071,116,2114,-1998
110900073,0,2,-2
110900074,1219,112,1107
110900075,1177,46,1131
110900077,2961,335,2626
110900078,275,42,233
110900079,839,1392,-553
110900080,340,56,284
110900081,27,10,17
110900082,506,58,448
110900083,280,46,234
110900084,249,6,243
110900085,32,81,-49
110900086,93,303,-210
110900087,583,433,150
110900088,2,0,2
110900090,85,169,-84
110900091,4,18,-14
110900093,385,69,316
110900095,40,15,25
110900097,67,4,63
110900098,28,9,19
110900099,16,80,-64
110900100,0,7,-7
110900102,75,22,53
110900105,1131,80,1051
110900108,19,29,-10
110900111,2096,53,2043
110900112,753,11,742
110900113,540,222,318
110900115,2,16,-14
110900116,3152,946,2206
110900118,79,6308,-6229
110900119,1585,111,1474
110900120,395,84,311
110900121,99,0,99
110900122,687,140,547
110900125,371,1476,-1105
110900127,426,2011,-1585
110900128,93,433,-340
110900129,115,1133,-1018
110900130,336,437,-101
110900131,591,1245,-654
110900132,939,50,889
110900133,108,1230,-1122
110900135,58,90,-32
110900136,679,52,627
110900139,31,0,31
110900140,2,0,2
110900141,364,259,105
110900142,78,63,15
110900143,560,48,512
110900144,1,111,-110
110900145,375,186,189
110900146,104,600,-496
110900147,206,625,-419
110900148,1,409,-408
110900149,3,29,-26
110900150,82,11,71
110900151,1,40,-39
110900152,17,34,-17
110900153,300,36,264
111000001,2756,1044,1712
111000002,761,304,457
111000003,4500,2079,2421
111000004,997,975,22
111000005,1806,2074,-268
111000006,598,2225,-1627
111000007,4843,8927,-4084
111000008,2601,5429,-2828
111000009,380,745,-365
111000010,2708,633,2075
111000011,139,691,-552
111000012,667,605,62
111000013,724,1718,-994
111000014,3917,1185,2732
111000017,21,895,-874
111000018,150,503,-353
111000020,470,988,-518
111000021,42,125,-83
111000023,116,730,-614
111000025,3516,5810,-2294
111000029,136,165,-29
111000030,65,20,45
111000031,1827,832,995
111000032,890,1379,-489
111000033,199,59,140
111000034,81,173,-92
111000037,1169,315,854
111000038,2335,843,1492
111000039,2497,788,1709
111000040,2084,700,1384
111000041,797,609,188
111000042,2344,2470,-126
111000043,1691,8823,-7132
111000044,2319,408,1911
111000045,4446,1116,3330
111000046,3470,961,2509
111000047,3251,8083,-4832
111000049,637,195,442
111000050,1668,407,1261
111000051,1007,718,289
111000052,705,2106,-1401
111000053,308,344,-36
111000054,286,662,-376
111000055,832,2217,-1385
111000056,352,2307,-1955
111000057,231,136,95
111000058,1338,144,1194
111000059,1054,673,381
111000060,7913,1166,6747
111000061,1517,345,1172
111000062,1581,560,1021
111000063,1731,1503,228
111000064,1222,277,945
111000065,1706,431,1275
111000066,1448,223,1225
111000067,2257,191,2066
111000068,1484,243,1241
111000069,1701,1454,247
111000070,918,549,369
111000071,436,189,247
111000072,2124,787,1337
111000073,232,2989,-2757
111000074,2338,1661,677
111000075,884,409,475
111000076,1085,523,562
111000077,1080,334,746
111000078,2078,352,1726
111000079,1020,528,492
111000080,957,435,522
111000081,1460,8728,-7268
111000082,1365,263,1102
111000084,1161,219,942
111000085,1617,900,717
111000086,1936,939,997
111000087,914,450,464
111000088,3797,6990,-3193
111000089,1355,508,847
111000090,689,669,20
111000091,1019,243,776
111000092,3635,749,2886
111000093,1635,2111,-476
111000094,2582,1125,1457
111000095,1454,3902,-2448
111000096,1308,10982,-9674
111000097,2426,797,1629
111000098,362,573,-211
111000099,773,871,-98
111000100,720,803,-83
111000101,518,509,9
111000102,538,255,283
111000104,1678,97,1581
111000107,248,339,-91
111000109,1723,152,1571
111000110,2271,490,1781
111000111,6560,114,6446
111000112,3961,368,3593
111000113,1243,4105,-2862
111000114,1782,8887,-7105
111000115,2738,672,2066
111000116,865,530,335
111000117,227,882,-655
111000118,1087,1133,-46
111000119,2548,335,2213
111000120,1070,677,393
111000121,419,885,-466
111000122,863,486,377
111000123,2115,916,1199
111000124,685,1367,-682
111000125,471,1208,-737
111000126,108,353,-245
111000127,2354,173,2181
111000128,5056,226,4830
111000129,5801,241,5560
111000130,5025,302,4723
111000131,5184,341,4843
111000132,3629,3143,486
111000133,232,33,199
111000134,226,32,194
111000135,132,205,-73
111000136,636,130,506
111000138,150,0,150
111000140,2,15,-13
111000141,220,337,-117
111000142,9,93,-84
111000143,4,303,-299
111000144,18,788,-770
111000145,57,4,53
111000146,236,4,232
111000147,91,12,79
111000148,176,80,96
111000149,1,42,-41
111000150,255,4,251
111000151,5,188,-183
111000153,462,207,255
111000154,335,58,277
111000155,132,57,75
111000156,618,219,399
111000157,280,330,-50
111000158,1134,502,632
111000159,2628,784,1844
111000160,659,196,463
111000161,7,237,-230
111000162,4,36,-32
111000163,1513,816,697
111000164,539,3108,-2569
111000165,803,190,613
111000166,340,75,265
111000167,133,213,-80
111000168,184,209,-25
111000169,449,233,216
111000170,240,242,-2
111000171,630,247,383
111000172,426,298,128
111000173,528,489,39
111000174,659,96,563
111000175,76,310,-234
111000176,1356,34,1322
111000177,2288,97,2191
111000178,3597,125,3472
111000179,816,40,776
111000180,260,307,-47
111000181,3620,244,3376
111000182,411,440,-29
111000183,403,2005,-1602
111000184,493,80,413
111000185,431,380,51
111000186,252,1987,-1735
111000187,267,143,124
111000188,542,597,-55
111000189,243,180,63
111000190,329,107,222
111000191,309,118,191
111000192,310,222,88
111000193,358,97,261
111000194,121,189,-68
111000195,247,182,65
111000196,135,50,85
111000197,1414,105,1309
111000198,996,43,953
111000199,736,475,261
111000200,1375,1069,306
111000201,1380,56,1324
111000202,803,68,735
111000203,712,209,503
111000204,320,2474,-2154
111000213,438,314,124
111000214,1395,822,573
111000215,1458,476,982
111000217,2711,408,2303
111000218,3965,704,3261
111000219,413,80,333
111000220,950,543,407
111000221,226,31,195
111000224,51,207,-156
111000225,576,505,71
111000226,420,6,414
111000227,42,4,38
111000228,10,963,-953
111000229,44,2210,-2166
111000230,266,118,148
111000231,1427,204,1223
111000232,1286,2615,-1329
111000233,3581,313,3268
111000234,419,632,-213
111000239,79,20,59
111000240,117,801,-684
111000241,64,116,-52
111000242,518,46,472
111000243,282,332,-50
111000244,2412,420,1992
111000245,956,828,128
111000246,1242,132,1110
111000247,1005,574,431
111000248,1075,161,914
111000249,731,119,612
111000250,124,21,103
111000251,128,60,68
111000253,41,12,29
111000255,118,3,115
111000257,56,3,53
111000260,155,573,-418
111000261,3327,105,3222
111000271,135,259,-124
111000273,2224,864,1360
111000274,1515,3302,-1787
111000275,278,16,262
111000276,488,465,23
111000277,415,126,289
111000278,565,158,407
111000291,2567,20147,-17580
111000298,648,124,524
111000299,1172,113,1059
111000300,98,350,-252
111000302,524,36,488
111000303,241,99,142
111000312,154,28,126
111000315,31,95,-64
111000320,269,86,183
111000321,634,183,451
111000322,1050,122,928
111000323,627,73,554
111000324,231,94,137
111000325,72,73,-1
111000326,303,232,71
111000327,418,198,220
111000328,487,500,-13
111000329,0,17,-17
111000330,546,3,543
111000331,80,7,73
111000332,602,665,-63
111000334,228,841,-613
111000335,2106,674,1432
111000337,4060,212,3848
111000338,241,34,207
111000339,1650,63,1587
111000340,131,1716,-1585
111000341,3751,2253,1498
111000342,92,822,-730
111000344,2018,268,1750
111000345,77,103,-26
111000346,49,128,-79
111000347,462,8,454
111000350,238,134,104
111000351,197,602,-405
111000352,243,62,181
111000353,222,131,91
111000354,764,171,593
111000355,667,402,265
111000358,223,388,-165
111000360,308,166,142
111000361,399,132,267
111000546,2145,780,1365
111000547,913,838,75
111000548,557,139,418
111000549,474,103,371
111000550,64,1796,-1732
111000551,219,59,160
111000552,597,248,349
111000907,4243,91,4152
111000908,104,2,102
111000916,5221,426,4795
111000917,71,531,-460
111000918,243,332,-89
111000920,2174,13,2161
111000921,0,62,-62
111000922,2227,62,2165
111000924,88,327,-239
111000925,7571,3055,4516
111000926,1745,3184,-1439
111000927,2394,6674,-4280
111000928,5205,2042,3163
111000929,2611,1213,1398
111000930,2053,5500,-3447
111000931,2486,976,1510
111000932,2723,1389,1334
111000933,3186,3494,-308
111000934,1704,906,798
111000935,4799,1209,3590
111000936,1611,694,917
111000937,2006,1388,618
111000938,2680,1134,1546
111000939,1692,56,1636
111000940,2063,23,2040
111000941,952,349,603
111000943,1063,106,957
111000944,296,117,179
111000945,602,1895,-1293
111001109,827,1324,-497
111001110,293,224,69
111001111,430,6,424
111001112,118,3,115
111001113,0,314,-314
111001114,749,141,608
111001115,10,1117,-1107
111001116,3634,10543,-6909
111001117,247,4491,-4244
111001120,148,128,20
111001121,362,61,301
111001122,572,128,444
111001123,818,111,707
111001124,236,66,170
111001125,6,1014,-1008
111001126,17,0,17
111001127,0,23,-23
111900001,0,24,-24
111900002,0,103,-103
111900003,1,97,-96
111900004,12,35,-23
111900006,66,144,-78
111900007,637,3,634
111900008,893,1,892
111900009,737,0,737
111900010,19,92,-73
111900012,30,19,11
111900013,37,9,28
111900014,984,11085,-10101
111900015,0,3,-3
111900016,0,33,-33
111900017,0,18,-18
111900018,286,9,277
111900019,2,88,-86
111900020,2,8,-6
111900021,18,23,-5
111900022,11,20,-9
111900023,62,20,42
111900024,18,367,-349
111900025,0,23,-23
111900026,1,72,-71
111900027,0,41,-41
111900028,0,24,-24
111900029,3,24,-21
111900030,18,158,-140
111900031,86,137,-51
111900032,0,53,-53
111900033,45,27,18
111900034,27,133,-106
111900035,113,2030,-1917
111900036,0,68,-68
111900038,31,153,-122
111900039,11,376,-365
111900040,0,83,-83
111900042,10,42,-32
111900043,1,72,-71
111900044,54,107,-53
111900046,6,35,-29
111900048,960,191,769
111900049,1,59,-58
111900050,527,15,512
111900051,1,56,-55
111900052,112,38,74
111900053,484,3943,-3459
111900054,832,5,827
111900055,1,75,-74
111900056,197,415,-218
111900057,408,13,395
111900058,1613,327,1286
111900059,1086,1115,-29
111900060,701,6,695
111900061,1,25,-24
111900062,117,563,-446
111900063,602,86,516
111900064,10,42,-32
111900065,335,58,277
111900066,216,174,42
111900067,4,137,-133
111900068,86,261,-175
111900069,209,34,175
111900070,377,10,367
111900071,0,52,-52
111900072,73,97,-24
111900073,2314,302,2012
111900074,6,69,-63
111900075,126,20,106
111900076,934,139,795
111900077,55,5,50
111900078,831,82,749
111900079,61,86,-25
111900080,101,119,-18
111900082,333,83,250
111900083,621,73,548
111900084,330,20,310
111900085,47,70,-23
111900086,296,54,242
111900087,337,4,333
111900088,1534,36,1498
111900089,196,2,194
111900090,35,231,-196
111900091,1670,17,1653
111900092,379,3,376
111900093,1173,48,1125
111900094,247,1,246
111900095,967,77,890
111900096,495,8,487
111900097,219,0,219
111900098,936,25,911
111900099,197,0,197
111900100,243,5,238
111900101,575,3,572
111900102,1638,1442,196
111900103,88,60,28
111900104,106,13,93
111900105,103,286,-183
111900106,208,10,198
111900110,3578,204,3374
111900111,577,26,551
111900112,171,8586,-8415
111900113,330,98,232
111900118,1081,77,1004
111900119,289,97,192
111900122,46,57,-11
111900123,12,25,-13
111900124,57,13,44
111900125,1473,93,1380
111900126,1315,4,1311
111900127,0,101,-101
111900128,20,170,-150
111900129,639,11,628
111900130,195,62,133
111900131,1107,1,1106
111900132,33,302,-269
111900133,2,179,-177
111900134,0,40,-40
111900135,3,25,-22
111900136,26,113,-87
111900137,21,9,12
111900138,2,21,-19
111900139,1,14,-13
111900140,183,7,176
111900141,185,0,185
111900142,209,3,206
111900143,28,73,-45
111900144,0,23,-23
111900145,1,150,-149
111900146,0,66,-66
111900147,14,299,-285
111900148,30,466,-436
111900149,11,106,-95
111900150,5,37,-32
111900151,0,26,-26
111900152,90,47,43
111900153,506,571,-65
111900154,19,1519,-1500
111900155,108,345,-237
111900156,164,64,100
111900157,301,20,281
111900158,934,127,807
111900159,988,141,847
111900160,684,3,681
111900161,961,2,959
111900162,200,784,-584
111900163,6,84,-78
111900164,233,18,215
111901113,2185,82,2103
111901114,650,661,-11
111901115,533,0,533
111901116,188,0,188
111901117,22,136,-114
111901118,5,1107,-1102
111901119,206,14,192
111901121,13,55,-42
111901122,4,91,-87
111901123,804,43,761
111901124,639,5,634
111901125,2294,245,2049
111901127,1790,2233,-443
111901128,18,34,-16
111901129,3,106,-103
111901130,6,1110,-1104
111901131,0,182,-182
111901132,110,23,87
111901133,244,3,241
111901134,535,2,533
111901135,67,7,60
111901136,1,18,-17
111901138,16,23,-7
111901139,2,30,-28
111901140,3,32,-29
111901141,10,28,-18
111901142,6,66,-60
111901143,0,32,-32
111901144,86,29,57
111901145,39,795,-756
111901146,33,2,31
111901147,208,1164,-956
111901148,16,170,-154
111901149,48,5,43
111901150,412,1,411
112000001,4090,1004,3086
112000002,1046,2244,-1198
112000003,7159,1317,5842
112000004,2017,485,1532
112000005,6202,6447,-245
112000006,806,510,296
112000007,6981,4340,2641
112000008,4997,4492,505
112000009,3059,1015,2044
112000010,5628,5891,-263
112000011,1746,803,943
112000012,3647,5194,-1547
112000013,1376,1682,-306
112000014,738,4104,-3366
112000015,1128,2937,-1809
112000016,2232,3948,-1716
112000017,364,4279,-3915
112000024,354,175,179
112000026,1819,869,950
112000027,664,609,55
112000028,604,777,-173
112000029,794,904,-110
112000030,162,15,147
112000031,1180,3961,-2781
112000032,102,5,97
112000033,1870,4474,-2604
112000034,86,25,61
112000035,45,868,-823
112000036,140,1510,-1370
112000037,641,2649,-2008
112000038,989,1705,-716
112000039,203,24,179
112000040,37,138,-101
112000041,340,282,58
112000042,525,106,419
112000050,1609,682,927
112000051,1323,3877,-2554
112000054,1408,1389,19
112000057,891,141,750
112000058,274,204,70
112000059,618,443,175
112000061,2161,427,1734
112000062,454,962,-508
112000063,153,4300,-4147
112000064,2100,1499,601
112000065,716,741,-25
112000066,3312,1278,2034
112000067,456,281,175
112000068,4058,2190,1868
112000069,621,1051,-430
112000070,1577,754,823
112000071,1383,1267,116
112000072,4700,548,4152
112000073,1381,2129,-748
112000074,1213,1089,124
112000075,1780,1240,540
112000076,3471,2014,1457
112000077,1639,454,1185
112000078,3534,707,2827
112000079,3164,1194,1970
112000080,1383,544,839
112000081,852,967,-115
112000082,2027,295,1732
112000083,1442,544,898
112000084,1504,338,1166
112000085,2704,255,2449
112000086,3613,410,3203
112000087,1451,140,1311
112000088,1563,167,1396
112000089,349,145,204
112000090,192,126,66
112000091,693,206,487
112000092,3254,453,2801
112000093,1942,324,1618
112000094,888,427,461
112000095,1260,228,1032
112000096,1204,496,708
112000097,4726,425,4301
112000098,373,339,34
112000099,1169,3147,-1978
112000100,4234,511,3723
112000101,876,435,441
112000102,3840,301,3539
112000103,686,342,344
112000105,815,370,445
112000106,7002,291,6711
112000107,477,90,387
112000108,2380,534,1846
112000109,1114,77,1037
112000110,4485,712,3773
112000111,584,978,-394
112000112,3187,188,2999
112000113,1448,1487,-39
112000114,3877,548,3329
112000115,440,225,215
112000116,935,247,688
112000117,1589,404,1185
112000118,587,429,158
112000119,528,239,289
112000120,76,87,-11
112000121,561,118,443
112000122,1162,63,1099
112000123,1406,33,1373
112000124,990,59,931
112000125,581,274,307
112000126,1840,147,1693
112000127,2381,2095,286
112000128,778,492,286
112000129,260,54,206
112000130,696,69,627
112000131,44,64,-20
112000132,420,119,301
112000133,967,49,918
112000134,823,153,670
112000135,2116,2176,-60
112000136,1336,4363,-3027
112000137,2125,1902,223
112000138,1596,573,1023
112000139,712,562,150
112000140,211,348,-137
112000141,1767,240,1527
112000142,210,174,36
112000143,2499,104,2395
112000144,451,357,94
112000145,4421,278,4143
112000146,882,573,309
112000147,3949,1282,2667
112000148,977,543,434
112000149,1037,412,625
112000150,1187,163,1024
112000151,722,104,618
112000152,1188,166,1022
112000153,388,97,291
112000154,221,730,-509
112000155,157,90,67
112000157,381,815,-434
112000158,488,107,381
112000159,1812,149,1663
112000167,513,320,193
112000169,199,1148,-949
112000173,2324,136,2188
112000175,973,243,730
112000176,511,1236,-725
112000177,2197,507,1690
112000178,76,105,-29
112000179,535,35,500
112000180,832,255,577
112000181,957,355,602
112000182,3248,183,3065
112000183,90,30,60
112000184,513,161,352
112000185,1746,139,1607
112000187,5190,3854,1336
112000195,374,10,364
112000196,152,0,152
112000197,67,56,11
112000198,17,189,-172
112000199,415,384,31
112000202,1564,4,1560
112000216,43,138,-95
112000230,305,3,302
112000231,0,46,-46
112000256,92,439,-347
112000313,187,21,166
112000314,96,60,36
112000337,201,578,-377
112000352,94,206,-112
112000392,2074,533,1541
112000398,3585,501,3084
112000399,1342,6781,-5439
112000400,1110,710,400
112000401,1214,1147,67
112000402,5828,5397,431
112000403,1520,11447,-9927
112000404,3049,1436,1613
112000405,4777,2563,2214
112000406,2458,927,1531
112000407,14051,7031,7020
112000408,5268,1412,3856
112000409,1821,1114,707
112000410,214,318,-104
112000411,1402,1997,-595
112000412,336,131,205
112000413,2780,8214,-5434
112000414,354,7,347
112000415,249,13,236
112000416,7176,824,6352
112000417,384,75,309
112000421,191,10,181
112000422,364,126,238
112000424,874,4593,-3719
112000425,688,162,526
112000426,1322,586,736
112000427,0,20,-20
112000428,598,502,96
112000429,2145,1675,470
112000430,2784,3600,-816
112000431,265,167,98
112000432,915,332,583
112000433,299,314,-15
112000437,71,93,-22
112900001,75,0,75
112900002,1346,135,1211
112900003,119,61,58
112900004,84,135,-51
112900005,762,43,719
112900006,87,65,22
112900007,55,14,41
112900008,0,117,-117
112900009,619,327,292
112900010,609,188,421
112900011,80,127,-47
112900012,0,13,-13
112900013,1,190,-189
112900014,3,28,-25
112900015,55,175,-120
112900016,6,112,-106
112900017,72,96,-24
112900018,0,26,-26
112900019,21,136,-115
112900020,168,302,-134
112900021,0,180,-180
112900022,25,23,2
112900023,0,18,-18
112900024,6,69,-63
112900025,127,73,54
112900026,1,25,-24
112900027,3,166,-163
112900028,25,54,-29
112900029,5,87,-82
112900030,34,119,-85
112900031,4,216,-212
112900032,226,102,124
112900034,0,14,-14
112900035,1,71,-70
112900036,5,62,-57
112900037,241,170,71
112900038,1378,60,1318
112900039,5,99,-94
112900040,0,205,-205
112900041,406,893,-487
112900042,270,82,188
112900043,66,25,41
112900044,135,84,51
112900045,130,90,40
112900046,45,47,-2
112900047,2,17,-15
112900049,901,35,866
112900050,8,263,-255
112900051,204,120,84
112900052,3,312,-309
112900053,122,329,-207
112900054,116,56,60
112900055,38,10,28
112900056,223,221,2
112900057,65,152,-87
112900058,407,629,-222
112900059,110,179,-69
112900060,71,38,33
112900061,31,54,-23
112900062,106,23,83
112900063,18,36,-18
112900064,15,25,-10
112900065,41,4,37
112900066,255,432,-177
112900067,267,87,180
112900068,59,183,-124
112900069,798,1929,-1131
112900071,74,36,38
112900072,70,9115,-9045
112900073,580,377,203
112900074,229,728,-499
112900075,658,2188,-1530
112900076,16,33,-17
112900078,210,845,-635
112900079,252,114,138
112900080,343,6,337
112900081,77,733,-656
112900082,804,33,771
112900083,255,327,-72
112900084,690,585,105
112900086,348,2,346
112900087,3280,218,3062
112900088,587,16,571
112900089,1375,24,1351
112900090,141,118,23
112900091,597,14,583
112900092,33,1103,-1070
112900093,1549,33,1516
112900095,299,0,299
112900096,1067,260,807
112900097,158,81,77
112900098,185,0,185
112900099,2349,14,2335
112900100,239,4,235
112900101,660,6,654
112900102,92,47,45
112900103,443,13,430
112900104,356,10,346
112900105,106,0,106
112900106,810,180,630
112900107,7,2,5
112900108,0,1,-1
112900109,322,3,319
112900110,2887,33,2854
112900111,1253,4,1249
112900112,519,2,517
112900113,0,5,-5
112900114,677,1,676
112900115,3879,4,3875
112900116,190,21,169
112900117,192,11,181
112900118,0,20,-20
112900119,753,10,743
112900120,355,119,236
112900121,28,59,-31
112900122,2,27,-25
112900123,924,41,883
112900124,2,17,-15
112900125,5,126,-121
112900126,36,58,-22
112900127,1118,54,1064
112900128,33,124,-91
112900129,0,239,-239
112900130,331,49,282
112900131,29,87,-58
112900132,49,698,-649
112900133,6,1995,-1989
112900134,1,119,-118
112900135,115,57,58
112900137,22,204,-182
112900138,3,64,-61
112900139,34,357,-323
112900141,1393,23,1370
112900142,91,577,-486
112900143,3,225,-222
112900144,2,268,-266
112900145,0,141,-141
112900146,0,131,-131
112900147,0,291,-291
112900148,25,1,24
112900149,315,263,52
112900151,2,44,-42
112900152,2675,258,2417
112900153,207,7002,-6795
112900154,0,53,-53
112900155,134,9,125
112900156,941,304,637
112900157,1146,26,1120
112900158,91,1,90
112900159,160,448,-288
112900160,21,76,-55
112900161,346,7,339
112900162,10,18,-8
112900163,24,63,-39
112900164,25,153,-128
112900165,15,27,-12
112900166,17,58,-41
112900167,5,1349,-1344
112900168,18,0,18
112900169,2,12,-10
112900170,160,4,156
112900172,15,40,-25
112900173,137,66,71
112900174,727,31,696
112900175,166,245,-79
112900176,14,70,-56
112900177,403,67,336
112900178,437,3993,-3556
112900179,2,339,-337
112900180,2389,634,1755
112900181,1659,8,1651
112900182,83,173,-90
112900183,33,143,-110
112900184,224,174,50
112900185,46,219,-173
112900186,679,566,113
112900187,26,322,-296
112900188,438,1237,-799
112900189,6,1,5
112900190,1,1,0
112900192,443,382,61
112900193,878,225,653
112900194,77,5,72
112900195,675,27,648
112900196,358,193,165
112900197,44,180,-136
112900199,1165,143,1022
112900200,702,40,662
112900201,281,231,50
112900202,881,267,614
112900203,472,64,408
112900204,368,111,257
112900205,27,0,27
112900206,37,10,27
112900207,18,0,18
112900208,56,1296,-1240
112900209,89,124,-35
112900210,0,1,-1
112900211,69,0,69
112900212,1,29,-28
112900213,48,35,13
112900214,2,3,-1
112900215,6,8,-2
112900216,45,18,27
112900217,0,30,-30
112900218,122,14,108
112900219,270,4,266
112900220,0,0,0
112900221,42,46,-4
112900222,1,666,-665
112900223,1059,23,1036
112900224,1557,140,1417
112900225,1149,88,1061
112900226,75,173,-98
112900227,1724,154,1570
112900228,205,26,179
112900229,710,28,682
112900230,5424,2261,3163
112900232,386,338,48
112900233,137,25,112
112900234,130,3,127
112900235,10,0,10
112900236,1697,15,1682
112900237,1190,158,1032
112900238,4,0,4
112900239,400,1351,-951
112900240,5,20,-15
112900241,25,28,-3
112900242,7,27,-20
112900243,6,26,-20
112900244,8,50,-42
112900245,1,75,-74
112900246,1,4,-3
112900247,76,129,-53
112900248,3,0,3
112900249,36,0,36
112900250,149,4,145
112900251,449,7,442
112900252,411,23,388
112900253,245,0,245
112900254,74,2,72
112900255,25,55,-30
112900256,11,40,-29
112900257,5,31,-26
112900258,60,4,56
113000001,6998,4357,2641
113000002,7731,3301,4430
113000003,2192,1439,753
113000004,3204,1489,1715
113000005,2543,1142,1401
113000006,2431,1150,1281
113000007,3256,1095,2161
113000008,3027,1114,1913
113000009,1858,527,1331
113000010,2816,637,2179
113000011,1216,634,582
113000012,1419,676,743
113000013,659,345,314
113000014,930,1245,-315
113000015,115,149,-34
113000016,341,555,-214
113000017,26,408,-382
113000018,704,45,659
113000019,165,573,-408
113000020,237,56,181
113000021,3007,812,2195
113000022,1301,2672,-1371
113000025,83,256,-173
113000026,1111,587,524
113000027,991,782,209
113000028,414,940,-526
113000029,639,510,129
113000030,165,483,-318
113000031,173,154,19
113000032,187,149,38
113000033,153,153,0
113000034,146,32,114
113000035,12,6,6
113000036,9,28,-19
113000037,48,19,29
113000038,12,33,-21
113000039,29,238,-209
113000040,82,43,39
113000042,1287,462,825
113000051,2216,2625,-409
113000052,3053,332,2721
113000053,1065,278,787
113000054,998,713,285
113000055,2854,290,2564
113000056,3114,744,2370
113000058,515,917,-402
113000059,1176,185,991
113000060,494,669,-175
113000061,1012,823,189
113000062,293,335,-42
113000063,564,22,542
113000064,158,186,-28
113000065,321,254,67
113000066,1697,106,1591
113000067,5525,373,5152
113000068,749,435,314
113000069,1107,326,781
113000070,4925,357,4568
113000071,793,281,512
113000072,2379,254,2125
113000073,619,715,-96
113000074,1220,550,670
113000075,2286,685,1601
113000076,578,2301,-1723
113000077,700,535,165
113000078,278,1312,-1034
113000079,450,619,-169
113000080,607,857,-250
113000081,1352,1913,-561
113000082,888,458,430
113000083,816,944,-128
113000084,1339,818,521
113000085,1347,882,465
113000086,898,1671,-773
113000087,1536,2086,-550
113000088,1227,1150,77
113000089,961,1360,-399
113000090,76,1071,-995
113000091,144,258,-114
113000094,2145,171,1974
113000095,324,211,113
113000096,134,321,-187
113000097,1387,457,930
113000098,77,128,-51
113000099,1392,686,706
113000100,138,371,-233
113000101,137,330,-193
113000102,879,353,526
113000103,3685,230,3455
113000104,912,2771,-1859
113000105,1492,397,1095
113000106,635,202,433
113000107,1997,852,1145
113000108,1531,615,916
113000109,615,1056,-441
113000110,7370,779,6591
113000111,704,380,324
113000112,1768,286,1482
113000113,2684,302,2382
113000114,207,700,-493
113000116,446,222,224
113000117,537,67,470
113000118,34,1017,-983
113000119,336,163,173
113000120,75,364,-289
113000121,437,581,-144
113000124,288,119,169
113000125,25,1400,-1375
113000127,842,80,762
113000128,1437,126,1311
113000129,291,560,-269
113000133,1695,241,1454
113000134,4,2361,-2357
113000135,5257,4848,409
113000137,844,3143,-2299
113000139,264,65,199
113000140,64,33,31
113000141,53,52,1
113000142,132,148,-16
113000143,347,139,208
113000144,182,206,-24
113000145,128,117,11
113000146,97,11,86
113000147,246,35,211
113000148,377,49,328
113000149,257,149,108
113000150,361,160,201
113000151,42,27,15
113000152,63,245,-182
113000153,714,142,572
113000154,374,1892,-1518
113000155,301,850,-549
113000156,159,102,57
113000157,272,84,188
113000158,507,54,453
113000159,1072,150,922
113000160,548,173,375
113000161,513,41,472
113000162,966,63,903
113000163,72,29,43
113000164,31,127,-96
113000166,508,24,484
113000167,124,46,78
113000168,372,26,346
113000169,362,19,343
113000170,92,30,62
113000171,24,57,-33
113000172,307,13,294
113000173,129,12,117
113000174,195,91,104
113000175,782,20,762
113000176,919,48,871
113000177,254,56,198
113000178,329,138,191
113000179,476,24,452
113000180,1021,1748,-727
113000181,2620,1115,1505
113000182,101,744,-643
113000183,209,806,-597
113000184,49,164,-115
113000189,208,273,-65
113000190,271,134,137
113000192,564,4081,-3517
113000193,1446,2976,-1530
113000194,1211,4876,-3665
113000195,1343,1817,-474
113000196,856,71,785
113000197,1430,3587,-2157
113000198,192,489,-297
113000199,2336,379,1957
113000201,149,305,-156
113000202,6353,1087,5266
113000203,121,34,87
113000204,542,4036,-3494
113000205,13,3,10
113000206,13,25,-12
113000207,106,2,104
113000208,27,52,-25
113000209,21,7,14
113000210,8,29,-21
113000211,86,118,-32
113000212,6,10,-4
113000213,42,78,-36
113000214,371,233,138
113000234,328,216,112
113000410,22,156,-134
113000411,1095,1049,46
113000412,5697,934,4763
113000413,755,1175,-420
113000414,3374,13879,-10505
113000415,1806,852,954
113000416,1288,1531,-243
113000417,530,945,-415
113000418,5699,3197,2502
113000419,1170,1087,83
113000420,2927,5376,-2449
113000421,5067,6260,-1193
113000422,6966,8644,-1678
113000423,780,3301,-2521
113000424,1055,8906,-7851
113000425,59,140,-81
113000428,1,15,-14
113000430,0,59,-59
113000432,4718,255,4463
113000433,38,404,-366
113000434,21,100,-79
113000435,11,81,-70
113000436,11,391,-380
113000437,2724,26,2698
113000438,919,15,904
113000439,48,23,25
113000440,337,14,323
113000441,378,168,210
113000442,434,31,403
113000443,791,88,703
113000444,1117,20,1097
113000445,115,69,46
113000446,90,192,-102
113000448,384,511,-127
113000449,179,1723,-1544
113000450,2677,5571,-2894
113000451,4657,1222,3435
113000452,197,1888,-1691
113000453,913,710,203
113000454,159,172,-13
113000455,6,920,-914
113000456,745,1421,-676
113000468,488,77,411
113000469,47,136,-89
113000470,309,17,292
113000471,10,479,-469
113000472,90,203,-113
113000474,2032,800,1232
113000475,1601,562,1039
113000476,4843,2342,2501
113000477,5606,2316,3290
113000478,2619,2739,-120
113000479,223,126,97
113000484,0,0,0
113000485,0,0,0
113000486,0,0,0
113000487,0,0,0
113000488,0,0,0
113000489,0,0,0
113000490,0,0,0
113000491,0,0,0
113000492,0,0,0
113000493,0,0,0
113000495,369,145,224
113000496,140,126,14
113900001,28,3466,-3438
113900002,6,386,-380
113900003,7,171,-164
113900004,0,305,-305
113900005,4,449,-445
113900006,4,538,-534
113900007,0,0,0
113900008,0,0,0
113900009,0,0,0
113900010,0,0,0
113900011,0,0,0
113900012,1435,5,1430
113900013,588,112,476
113900014,965,2,963
113900015,0,9,-9
113900016,29,0,29
113900017,0,19,-19
113900018,103,279,-176
113900019,445,4,441
113900020,368,1,367
113900022,154,1,153
113900023,131,0,131
113900024,11,8,3
113900025,404,36,368
113900026,144,0,144
113900027,39,17,22
113900028,10,194,-184
113900029,126,25,101
113900030,1061,3,1058
113900031,70,8,62
113900032,88,1,87
113900033,103,14,89
113900035,86,0,86
113900036,52,47,5
113900037,107,1217,-1110
113900038,39,207,-168
113900039,434,14,420
113900040,7,30,-23
113900041,26,2,24
113900042,124,11,113
113900043,117,7,110
113900044,97,197,-100
113900045,132,17,115
113900046,114,443,-329
113900047,274,15,259
113900048,139,71,68
113900049,104,629,-525
113900050,197,101,96
113900051,373,37,336
113900052,80,116,-36
113900053,244,1149,-905
113900054,23,26,-3
113900055,141,396,-255
113900056,80,14,66
113900057,8,16,-8
113900058,100,13,87
113900059,383,82,301
113900060,81,1105,-1024
113900061,287,101,186
113900062,133,17,116
113900063,210,7,203
113900064,24,31,-7
113900065,682,23,659
113900066,1384,41,1343
113900067,743,264,479
113900068,305,1262,-957
113900069,29,33,-4
113900070,71,64,7
113900071,269,21,248
113900072,34,23,11
113900073,1024,152,872
113900074,561,566,-5
113900075,563,3078,-2515
113900076,179,18,161
113900077,30,14,16
113900078,68,8,60
113900079,0,15,-15
113900080,602,99,503
113900081,151,47,104
113900082,219,232,-13
113900083,833,92,741
113900084,237,32,205
113900085,8,90,-82
113900086,118,22,96
113900087,65,108,-43
113900088,78,88,-10
113900089,619,12,607
113900090,384,121,263
113900091,7,7,0
113900092,3,96,-93
113900093,35,2145,-2110
113900094,1001,224,777
113900095,151,71,80
113900096,399,108,291
113900097,20,103,-83
113900098,1193,304,889
113900099,0,23,-23
113900100,0,0,0
113900101,4,127,-123
113900102,78,92,-14
113900103,166,443,-277
113900104,180,158,22
113900105,663,21,642
113900106,0,22,-22
113900107,0,1,-1
113900108,35,166,-131
113900109,217,350,-133
113900110,28,73,-45
113900111,299,33,266
113900112,377,46,331
113900113,1209,350,859
113900114,0,16,-16
113900115,0,34,-34
113900116,15,154,-139
113900117,12,34,-22
113900118,82,1348,-1266
113900119,41,248,-207
113900120,160,15,145
113900121,234,16,218
113900122,128,5597,-5469
113900123,554,51,503
113900124,1,32,-31
113900125,514,133,381
113900126,38,58,-20
113900127,413,625,-212
113900128,392,18,374
113900129,4,63,-59
113900130,2,18,-16
113900131,221,11,210
113900132,58,75,-17
113900133,13,18,-5
113900135,413,141,272
113900136,49,16,33
113900137,300,123,177
113900138,13,135,-122
113900139,397,588,-191
113900140,15,93,-78
113900141,1131,93,1038
113900142,135,28,107
113900143,4,76,-72
113900144,57,49,8
113900145,463,55,408
113900146,374,98,276
113900148,23,134,-111
113900149,130,230,-100
113900150,224,119,105
113900151,582,130,452
113900152,50,14,36
113900153,54,97,-43
113900154,0,63,-63
113900155,45,154,-109
113900156,213,214,-1
113900157,36,333,-297
113900158,89,89,0
113900159,11,250,-239
113900160,272,721,-449
113900161,250,232,18
113900162,62,154,-92
113900163,329,48,281
113900164,506,13,493
113900165,403,296,107
113900166,14,27,-13
113900167,392,49,343
113900168,71,12,59
113900169,133,148,-15
113900171,324,44,280
113900172,14,42,-28
113900173,2,148,-146
113900174,267,280,-13
113900175,276,157,119
113900176,220,131,89
113900177,79,65,14
113900178,210,294,-84
113900179,2,126,-124
113900180,40,23,17
113900181,1318,107,1211
113900182,596,200,396
113900183,38,18,20
113900184,39,140,-101
113900185,13,16,-3
113900186,5,16,-11
113900187,17,44,-27
113900188,13,23,-10
113900189,332,151,181
113900190,123,21,102
113900191,7,37,-30
113900192,2,489,-487
113900193,1,64,-63
113900194,527,109,418
113900195,280,160,120
113900196,1,35,-34
113900197,4,38,-34
113900198,2,236,-234
113900199,19,92,-73
113900200,0,17,-17
113900201,0,39,-39
113900202,9,16,-7
113900203,0,49,-49
113900204,2,83,-81
113900205,12,16,-4
113900206,0,55,-55
113900207,0,21,-21
113900208,1,7,-6
113900209,0,5,-5
113900210,365,756,-391
113900211,196,16,180
113900212,461,130,331
113900214,136,126,10
113900215,174,90,84
113900216,264,211,53
113900217,247,92,155
113900218,77,56,21
113900219,98,231,-133
113900220,136,171,-35
113900221,182,882,-700
113900222,46,761,-715
113900223,486,160,326
113900224,58,34,24
113900225,1042,119,923
113900226,266,139,127
113900227,199,227,-28
113900228,350,516,-166
113900229,16,985,-969
113900230,1743,3496,-1753
113900231,111,15,96
113900232,103,6,97
113900233,150,21,129
113900234,413,580,-167
113900235,126,26,100
113900236,540,112,428
113900237,298,2,296
113900238,107,363,-256
113900239,41,60,-19
113900240,1,111,-110
113900241,24,57,-33
113900242,20,75,-55
113900243,10,77,-67
113900244,175,89,86
113900245,254,108,146
113900246,15,39,-24
113900247,57,566,-509
113900248,1530,2165,-635
113900249,209,670,-461
113900250,12,521,-509
113900251,1701,40,1661
113900252,1165,10,1155
113900253,859,33,826
113900254,443,150,293
113900255,1386,13,1373
113900256,736,8,728
113900257,23,232,-209
113900258,38,126,-88
113900259,1098,89,1009
113900260,308,5,303
113900261,38,87,-49
113900262,243,100,143
113900263,6,105,-99
113900264,0,105,-105
113900265,136,2343,-2207
113900266,29,109,-80
113900267,37,363,-326
113900268,78,1919,-1841
113900269,78,129,-51
113900270,248,218,30
113900271,508,231,277
113900273,9,23,-14
113900274,47,103,-56
113900275,3,74,-71
113900276,24,54,-30
113900277,395,3,392
113900278,226,75,151
113900279,50,11,39
113900280,650,315,335
113900281,49,753,-704
113900282,92,130,-38
113900283,474,430,44
113900284,1779,106,1673
113900285,101,30,71
113900286,3,13,-10
113900287,193,20,173
113900288,1,85,-84
113900289,202,214,-12
113900290,591,976,-385
113900291,90,58,32
113900292,0,19,-19
113900293,0,139,-139
113900294,1133,6,1127
113900295,380,141,239
113900296,748,167,581
113900297,2862,38,2824
113900298,51,1182,-1131
113900299,196,9,187
113900300,4538,5335,-797
113900301,137,1053,-916
113900302,2012,1115,897
113900303,123,1862,-1739
113900304,0,100,-100
113900305,323,0,323
113900306,144,5,139
113900307,11,0,11
113900308,10,51,-41
113900309,1,150,-149
113900310,0,1,-1
113900311,25,0,25
113900312,39,147,-108
113900313,4,0,4
113900314,0,2,-2
113900315,468,2,466
114000001,1136,728,408
114000002,669,185,484
114000003,727,457,270
114000004,1335,120,1215
114000005,1038,78,960
114000006,1869,649,1220
114000007,1371,512,859
114000008,2912,1534,1378
114000009,2299,299,2000
114000011,3842,1486,2356
114000012,6768,1722,5046
114000013,3904,1863,2041
114000014,1815,245,1570
114000015,4019,161,3858
114000016,900,43,857
114000017,145,1586,-1441
114000018,115,5,110
114000026,5665,927,4738
114000027,7547,3015,4532
114000028,2257,3876,-1619
114000038,624,101,523
114000039,193,24,169
114000040,222,604,-382
114000042,261,124,137
114000043,317,240,77
114000044,928,39,889
114000045,76,31,45
114000046,2042,3792,-1750
114000047,10,172,-162
114000048,293,138,155
114000049,3193,1053,2140
114000050,2626,867,1759
114000051,4539,1728,2811
114000052,4266,4411,-145
114000053,38,874,-836
114000054,430,832,-402
114000055,666,117,549
114000056,168,622,-454
114000057,3244,1208,2036
114000058,99,1243,-1144
114000059,98,1854,-1756
114000060,1020,1177,-157
114000061,2646,2885,-239
114000062,352,781,-429
114000063,1327,1141,186
114000064,1609,5639,-4030
114000065,1344,1434,-90
114000066,1213,717,496
114000067,44,2329,-2285
114000068,425,1104,-679
114000069,1594,334,1260
114000070,2178,933,1245
114000071,1452,355,1097
114000072,2282,403,1879
114000073,55,9,46
114000074,215,22,193
114000075,119,21,98
114000076,65,40,25
114000077,12,2,10
114000078,1061,844,217
114000079,587,186,401
114000080,226,113,113
114000081,169,99,70
114000082,486,265,221
114000083,93,20,73
114000084,417,77,340
114000085,132,198,-66
114000086,300,687,-387
114000087,651,99,552
114000088,26,32,-6
114000089,573,286,287
114000090,999,951,48
114000091,1081,883,198
114000092,826,292,534
114000093,2351,371,1980
114000094,915,355,560
114000095,355,345,10
114000096,98,114,-16
114000097,168,144,24
114000098,1132,134,998
114000099,1882,128,1754
114000100,2915,323,2592
114000101,876,242,634
114000102,1825,271,1554
114000103,309,100,209
114000104,11,427,-416
114000105,596,240,356
114000106,753,4174,-3421
114000107,822,208,614
114000108,1250,513,737
114000109,1216,8025,-6809
114000110,1618,356,1262
114000111,4524,2682,1842
114000112,591,629,-38
114000113,4906,255,4651
114000114,567,521,46
114000115,5542,438,5104
114000116,1204,7922,-6718
114000117,7688,646,7042
114000118,7353,303,7050
114000119,5942,293,5649
114000120,1716,532,1184
114000121,607,364,243
114000122,681,404,277
114000123,4527,312,4215
114000124,3355,261,3094
114000125,1518,1315,203
114000126,3416,398,3018
114000127,363,106,257
114000128,1508,212,1296
114000130,843,421,422
114000131,783,59,724
114000132,1631,183,1448
114000133,1096,569,527
114000134,242,20,222
114000138,82,37,45
114000139,560,470,90
114000144,959,943,16
114000145,171,20,151
114000146,329,22,307
114000147,1083,2990,-1907
114000148,801,2576,-1775
114000149,500,330,170
114000150,692,1241,-549
114000151,648,5548,-4900
114000152,94,63,31
114000153,980,1860,-880
114000154,1248,571,677
114000155,954,5923,-4969
114000156,940,671,269
114000157,719,2226,-1507
114000158,791,370,421
114000159,597,230,367
114000160,135,248,-113
114000161,1185,1237,-52
114000162,1397,2264,-867
114000163,68,16,52
114000165,461,441,20
114000166,510,240,270
114000167,2364,3054,-690
114000168,484,162,322
114000169,1292,929,363
114000170,1654,911,743
114000171,2298,19414,-17116
114000174,196,551,-355
114000176,193,437,-244
114000177,471,282,189
114000178,189,168,21
114000179,1015,1200,-185
114000180,157,203,-46
114000181,1510,9760,-8250
114000182,764,2461,-1697
114000183,744,985,-241
114000184,2116,325,1791
114000185,1931,750,1181
114000189,3010,137,2873
114000190,5608,514,5094
114000191,294,839,-545
114000192,97,338,-241
114000193,166,597,-431
114000194,4215,549,3666
114000195,742,651,91
114000196,3,103,-100
114000197,3501,11,3490
114000198,1009,305,704
114000199,1458,1405,53
114000200,1215,731,484
114000201,382,774,-392
114000202,1489,528,961
114000203,1863,390,1473
114000204,370,440,-70
114000205,762,4914,-4152
114000206,1541,950,591
114000207,509,541,-32
114000208,984,539,445
114000209,563,901,-338
114000210,174,439,-265
114000211,3037,917,2120
114000212,1449,2911,-1462
114000213,3375,458,2917
114000214,364,40,324
114000215,224,78,146
114000216,3685,445,3240
114000217,644,178,466
114000218,818,477,341
114000219,3225,83,3142
114000220,58,294,-236
114000221,2500,147,2353
114000222,150,357,-207
114000223,1591,187,1404
114000224,70,300,-230
114000225,899,213,686
114000226,504,158,346
114000227,1756,797,959
114000228,1468,377,1091
114000229,3186,809,2377
114000230,2186,488,1698
114000231,1349,1722,-373
114000232,2130,188,1942
114000233,4435,88,4347
114000234,2001,452,1549
114000235,3019,788,2231
114000236,1,121,-120
114000237,145,318,-173
114000238,198,524,-326
114000239,181,570,-389
114000240,1478,5962,-4484
114000241,486,680,-194
114000242,963,1090,-127
114000243,4044,1374,2670
114000244,713,337,376
114000245,612,2881,-2269
114000246,148,387,-239
114000247,829,549,280
114000248,3390,606,2784
114000249,1036,369,667
114000250,1427,158,1269
114000251,446,119,327
114000252,135,6,129
114000253,259,107,152
114000254,109,12,97
114000255,628,207,421
114000256,447,747,-300
114000257,1838,1053,785
114000258,1324,322,1002
114000259,406,583,-177
114000260,0,51,-51
114000261,103,26,77
114000262,698,543,155
114000263,26,0,26
114000264,2969,240,2729
114000265,0,0,0
114000267,1,5438,-5437
114000268,1,442,-441
114000270,561,26,535
114000271,376,98,278
114000283,3447,312,3135
114000285,16,117,-101
114000288,322,349,-27
114000289,4225,157,4068
114000293,587,651,-64
114000294,388,500,-112
114000395,4937,35,4902
114000396,865,499,366
114000402,1579,149,1430
114000403,727,134,593
114000405,781,185,596
114000423,1432,127,1305
114000424,847,201,646
114000425,2650,105,2545
114000426,454,1115,-661
114000427,136,45,91
114000428,49,84,-35
114000429,20,85,-65
114000432,242,14,228
114000434,84,54,30
114000435,1,13,-12
114900001,1421,233,1188
114900002,377,930,-553
114900003,1271,230,1041
114900004,247,1125,-878
114900005,637,93,544
114900006,102,193,-91
114900007,290,10,280
114900008,512,97,415
114900010,919,2815,-1896
114900011,672,89,583
114900013,594,88,506
114900018,2975,43,2932
114900020,162,93,69
114900022,25,1145,-1120
114900025,864,50,814
114900026,174,108,66
114900029,467,19,448
114900030,552,137,415
114900031,1627,37,1590
114900032,1205,11,1194
114900034,52,28,24
114900035,133,172,-39
114900036,308,180,128
114900039,1442,109,1333
114900040,260,8,252
114900041,2784,130,2654
114900042,3123,151,2972
114900044,290,105,185
114900047,164,7588,-7424
114900048,85,102,-17
114900049,15,62,-47
114900050,85,63,22
114900051,46,333,-287
114900052,4,1511,-1507
114900053,47,448,-401
114900054,21,42,-21
114900057,410,23,387
114900058,0,19,-19
114900059,248,89,159
114900063,172,14,158
114900064,3722,100,3622
114900065,330,1151,-821
114900067,49,167,-118
114900068,43,62,-19
114900069,371,15,356
114900070,1068,114,954
114900072,1,83,-82
114900073,0,21,-21
114900074,2355,41,2314
114900075,550,5,545
114900076,2,50,-48
114900080,483,48,435
114900082,1157,3193,-2036
114900083,123,586,-463
114900090,1159,108,1051
114900091,147,81,66
114900097,796,1,795
114900098,4,79,-75
114900099,472,7,465
115000001,5047,1712,3335
115000002,5177,7633,-2456
115000003,4906,1357,3549
115000004,6248,6666,-418
115000005,2251,2183,68
115000006,2091,1253,838
115000007,518,215,303
115000008,617,617,0
115000009,579,276,303
115000010,388,286,102
115000013,71,235,-164
115000015,40,467,-427
115000016,31,141,-110
115000019,21,600,-579
115000020,110,1428,-1318
115000021,125,339,-214
115000022,224,145,79
115000023,393,544,-151
115000024,242,158,84
115000025,955,460,495
115000026,155,122,33
115000027,453,140,313
115000028,187,146,41
115000029,1301,65,1236
115000030,540,392,148
115000031,658,52,606
115000032,20,328,-308
115000033,231,2,229
115000034,31,1486,-1455
115000035,903,211,692
115000036,0,208,-208
115000037,1096,116,980
115000038,104,103,1
115000039,2940,6722,-3782
115000040,3886,3889,-3
115000041,1974,7617,-5643
115000042,713,783,-70
115000043,4772,3231,1541
115000044,2776,2884,-108
115000045,4194,656,3538
115000046,4688,2370,2318
115000047,4364,1194,3170
115000048,4689,2046,2643
115000049,2216,3323,-1107
115000050,4247,957,3290
115000051,2153,7436,-5283
115000052,1696,976,720
115000053,3614,3791,-177
115000054,858,678,180
115000055,230,1287,-1057
115000056,254,401,-147
115000057,614,1415,-801
115000058,80,675,-595
115000059,120,278,-158
115000061,288,271,17
115000062,388,453,-65
115000063,987,243,744
115000064,339,75,264
115000065,187,748,-561
115000067,479,18,461
115000069,134,328,-194
115000070,40,1283,-1243
115000071,118,15,103
115000072,17,29,-12
115000073,1863,97,1766
115000075,132,47,85
115000076,2642,1382,1260
115000077,3604,1059,2545
115000078,3617,690,2927
115000079,3265,1270,1995
115000080,7214,1060,6154
115000081,339,310,29
115000082,7628,5514,2114
115000083,4209,640,3569
115000084,5281,521,4760
115000085,2410,430,1980
115000086,2203,374,1829
115000087,831,2204,-1373
115000088,1618,477,1141
115000089,2013,856,1157
115000090,617,1028,-411
115000091,392,258,134
115000092,1352,1718,-366
115000093,1699,0,1699
115000094,4944,12871,-7927
115000095,3097,11451,-8354
115000096,2120,575,1545
115000097,3668,2715,953
115000098,3097,359,2738
115000099,4331,907,3424
115000100,3079,360,2719
115000101,945,507,438
115000102,788,209,579
115000103,362,345,17
115000105,101,62,39
115000106,1562,742,820
115000107,184,192,-8
115000108,1819,1294,525
115000109,3573,7591,-4018
115000110,1102,3153,-2051
115000111,260,533,-273
115000112,501,643,-142
115000113,416,348,68
115000114,621,246,375
115000116,2113,1768,345
115000117,1558,2671,-1113
115000118,2004,2894,-890
115000119,1751,4275,-2524
115000120,707,902,-195
115000121,478,684,-206
115000122,351,1411,-1060
115000123,911,1144,-233
115000124,971,940,31
115000125,380,893,-513
115000126,110,296,-186
115000127,420,104,316
115000128,624,1014,-390
115000129,118,1293,-1175
115000130,466,404,62
115000131,1707,397,1310
115000132,759,1329,-570
115000133,2210,1034,1176
115000134,699,977,-278
115000135,316,708,-392
115000136,290,205,85
115000137,105,379,-274
115000138,674,254,420
115000139,318,85,233
115000140,667,107,560
115000141,368,67,301
115000142,370,70,300
115000143,1333,525,808
115000144,756,59,697
115000145,381,97,284
115000146,649,648,1
115000147,432,1296,-864
115000148,515,556,-41
115000149,1387,347,1040
115000150,1160,245,915
115000151,2376,194,2182
115000152,1836,459,1377
115000153,2889,260,2629
115000154,1718,137,1581
115000155,1466,745,721
115000156,913,408,505
115000157,346,606,-260
115000158,59,224,-165
115000159,447,268,179
115000160,292,212,80
115000161,165,663,-498
115000162,509,1436,-927
115000163,535,328,207
115000164,298,450,-152
115000165,164,500,-336
115000167,150,92,58
115000168,784,584,200
115000169,355,745,-390
115000170,80,169,-89
115000171,373,336,37
115000172,775,710,65
115000173,308,1714,-1406
115000174,98,492,-394
115000175,176,202,-26
115000176,51,168,-117
115000177,19,236,-217
115000178,19,176,-157
115000179,29,192,-163
115000180,100,206,-106
115000181,1593,130,1463
115000182,2063,196,1867
115000183,646,391,255
115000186,732,90,642
115000187,227,204,23
115000188,588,285,303
115000189,534,619,-85
115000190,516,613,-97
115000191,162,838,-676
115000194,338,57,281
115000195,208,232,-24
115000196,570,398,172
115000197,410,437,-27
115000198,941,169,772
115000199,1175,72,1103
115000200,773,101,672
115000201,598,448,150
115000206,765,13,752
115000207,1109,343,766
115000208,378,938,-560
115000209,1039,894,145
115000210,342,166,176
115000211,372,169,203
115000212,1110,322,788
115000224,194,15,179
115000225,185,52,133
115000229,143,24,119
115000230,203,193,10
115000231,563,424,139
115000232,5308,451,4857
115000233,221,101,120
115000234,80,138,-58
115000241,200,64,136
115000242,416,39,377
115000243,546,65,481
115000244,13,107,-94
115000246,57,44,13
115000247,81,51,30
115000248,38,9,29
115000249,5,56,-51
115000250,341,7,334
115000251,705,51,654
115000252,251,249,2
115000253,10,881,-871
115000258,803,41,762
115000259,248,21,227
115000261,66,12,54
115000262,23,45,-22
115000263,60,50,10
115000264,2,47,-45
115000267,54,49,5
115000268,43,37,6
115000269,78,11,67
115000270,14,20,-6
115000272,172,62,110
115000273,1209,2,1207
115000280,987,256,731
115000281,175,1275,-1100
115000282,527,1538,-1011
115000284,132,365,-233
115000296,480,5,475
115000297,48,295,-247
115000298,75,702,-627
115000300,367,85,282
115000302,1177,175,1002
115000303,1962,65,1897
115000304,1595,118,1477
115000305,151,248,-97
115000306,532,201,331
115000307,383,378,5
115000308,6,11,-5
115000309,28,282,-254
115000310,4013,200,3813
115000311,2329,566,1763
115000313,311,150,161
115000314,935,385,550
115000315,463,1280,-817
115000316,242,196,46
115000317,419,376,43
115000318,1671,488,1183
115000319,265,72,193
115000320,14,754,-740
115000321,332,11,321
115000322,133,78,55
115000449,69,230,-161
115000557,5,3883,-3878
115000558,103,144,-41
115000587,1357,215,1142
115000588,2237,2469,-232
115000589,6707,2600,4107
115000590,1030,2634,-1604
115000591,2346,993,1353
115000592,699,1510,-811
115000593,2348,812,1536
115000594,236,2491,-2255
115000609,432,451,-19
115000617,578,3847,-3269
115000624,563,15,548
115000633,414,1239,-825
115000634,3471,743,2728
115000635,1005,100,905
115000638,168,287,-119
115000641,14,573,-559
115000642,517,118,399
115000643,266,300,-34
115000644,180,177,3
115000646,569,2225,-1656
115000647,271,498,-227
115000648,5715,493,5222
115000893,1801,926,875
115000894,237,718,-481
115000895,350,808,-458
115000896,1391,394,997
115000897,496,150,346
115000898,487,266,221
115000899,155,1385,-1230
115000900,34,357,-323
115000901,62,153,-91
115000912,773,154,619
115000913,1,4,-3
115000915,13,0,13
115000916,8,8,0
115000917,0,46,-46
115000918,52,1039,-987
115000919,6,73,-67
115000920,9,84,-75
115000921,248,118,130
115000922,288,595,-307
115000923,64,1534,-1470
115000925,338,264,74
115000927,29,170,-141
115000933,71,368,-297
115000934,52,158,-106
115000935,224,61,163
115000936,89,1828,-1739
115000937,642,379,263
115000938,28,174,-146
115000939,13,143,-130
115000940,1,30,-29
115000941,2,48,-46
115000942,2,99,-97
115000943,23,330,-307
115000944,0,2,-2
115900001,490,17,473
115900002,129,38,91
115900003,391,63,328
115900004,0,5,-5
115900005,521,20,501
115900006,294,125,169
115900008,352,3,349
115900009,124,128,-4
115900010,1201,91,1110
115900011,484,49,435
115900012,528,4,524
115900013,773,69,704
115900014,210,27,183
115900015,527,11,516
115900016,205,33,172
115900017,228,48,180
115900018,146,16,130
115900019,11,0,11
115900020,450,0,450
115900021,312,380,-68
115900022,760,1,759
115900023,4,5,-1
115900025,8,213,-205
115900026,1012,31,981
115900027,0,121,-121
115900028,165,9,156
115900029,1,115,-114
115900030,69,35,34
115900031,147,255,-108
115900032,621,629,-8
115900033,0,37,-37
115900034,14,107,-93
115900035,195,2,193
115900036,18,4947,-4929
115900037,12,93,-81
115900038,86,3,83
115900039,537,52,485
115900041,105,1854,-1749
115900042,110,1,109
115900043,291,79,212
115900044,130,1184,-1054
115900046,1173,73,1100
115900047,64,245,-181
115900049,370,206,164
115900051,13,31,-18
115900052,34,33,1
115900053,902,87,815
115900054,769,14,755
115900055,35,37,-2
115900056,542,53,489
115900057,7,21,-14
115900058,6,12,-6
115900060,90,37,53
115900061,736,2,734
115900062,105,52,53
115900063,51,1,50
115900064,194,301,-107
115900065,395,32,363
115900066,64,43,21
115900067,16,55,-39
115900068,1490,2847,-1357
115900069,18,133,-115
115900070,650,17,633
115900071,0,97,-97
115900072,19,59,-40
115900073,338,195,143
115900074,1,68,-67
115900075,122,96,26
115900076,0,8,-8
115900077,3,42,-39
115900078,69,1396,-1327
115900079,604,3,601
115900080,129,15,114
115900081,67,9,58
115900082,178,788,-610
115900084,1478,5,1473
115900085,72,76,-4
115900086,1089,310,779
115900088,13,139,-126
115900089,1188,157,1031
115900090,1408,3,1405
115900091,0,26,-26
115900092,58,45,13
115900093,1,2,-1
115900094,5,67,-62
115900096,17,0,17
115900097,20,74,-54
115900098,660,88,572
115900099,202,431,-229
115900100,22,85,-63
115900101,496,74,422
115900102,152,75,77
115900103,406,74,332
115900104,142,76,66
115900105,552,106,446
115900106,255,1,254
115900107,107,52,55
115900108,328,3,325
115900109,24,137,-113
115900110,54,0,54
115900111,0,20,-20
115900112,72,279,-207
115900113,83,6,77
115900114,1,33,-32
115900115,134,41,93
115900116,187,327,-140
115900117,294,7,287
115900118,2,48,-46
115900119,373,84,289
115900120,54,103,-49
115900121,515,46,469
115900124,295,1260,-965
115900125,605,304,301
115900126,1518,40,1478
115900127,1896,42,1854
115900128,4,329,-325
115900129,1029,16,1013
115900130,5,384,-379
115900131,1001,154,847
115900132,1279,13,1266
115900134,909,6,903
115900135,382,378,4
115900137,40,15,25
115900139,8,130,-122
115900140,918,29,889
115900141,0,82,-82
115900142,1,25,-24
115900143,483,71,412
115900144,524,39,485
115900146,48,42,6
115900147,206,637,-431
115900148,32,28,4
115900149,478,3,475
115900150,347,3,344
115900151,156,40,116
115900152,278,63,215
115900153,177,121,56
115900154,119,248,-129
115900155,0,8,-8
115900156,916,617,299
115900157,693,517,176
115900158,17,2,15
115900159,621,89,532
115900160,0,13,-13
115900161,42,18,24
115900163,512,42,470
115900164,1965,14,1951
115900166,214,62,152
115900168,681,109,572
115900171,122,113,9
115900172,60,141,-81
115900173,426,114,312
115900174,72,162,-90
115900175,503,64,439
115900178,23,109,-86
115900179,1031,3,1028
115900180,15,24,-9
115900181,542,49,493
115900182,1344,38,1306
115900183,22,322,-300
115900184,411,10,401
115900187,5,231,-226
115900189,0,107,-107
115900190,149,838,-689
115900191,4,87,-83
115900192,32,164,-132
115900193,112,592,-480
115900194,1740,46,1694
115900195,508,4897,-4389
115900198,720,511,209
115900199,600,44,556
115900200,408,69,339
115900201,401,301,100
115900202,1,468,-467
115900203,0,1,-1
115900204,0,15,-15
115900205,13,4,9
115900206,847,91,756
115900207,145,17,128
115900208,211,57,154
115900209,12,102,-90
115900210,1,937,-936
115900211,0,144,-144
115900212,328,66,262
115900213,133,404,-271
115900214,1494,34,1460
115900215,47,348,-301
115900216,1,31,-30
115900217,4,23,-19
115900218,3,16,-13
115900219,393,6,387
115900220,630,4,626
115900221,264,4,260
115900222,90,56,34
115900223,0,720,-720
115900224,998,3798,-2800
115900225,88,49,39
115900226,21,13,8
115900227,20,19,1
115900228,2,19,-17
115900229,3,13,-10
115900230,139,58,81
115900231,233,4,229
115900232,130,0,130
115900233,200,1,199
115900234,99,43,56
115900235,29,30,-1
115900236,13,550,-537
115900237,39,66,-27
115900238,27,32,-5
115900239,9,16,-7
115900240,18,21,-3
115900241,580,36,544
115900242,396,760,-364
115900243,3,5,-2
115900244,9,6,3
115900245,214,17,197
115900246,2,4,-2
115900247,5,2,3
115900248,9,6,3
115900249,24,3,21
115900250,70,1,69
115900251,16,0,16
115900252,4,0,4
115900253,64,10,54
115900254,16,37,-21
115900255,2,17,-15
115900256,18,111,-93
115900257,7,3,4
115900258,0,10,-10
115900259,76,1,75
115900260,26,3,23
115900261,49,0,49
115900262,3,0,3
115900263,38,0,38
115900264,22,0,22
115900265,7,5,2
115900266,3,13,-10
115900267,1,39,-38
115900268,4,269,-265
115900269,2005,168,1837
115900270,612,99,513
115900271,663,0,663
115900272,75,15,60
115900273,20,57,-37
115900274,0,1,-1
115900275,0,0,0
115900276,0,5,-5
115900277,0,23,-23
115900278,123,70,53
115900279,23,298,-275
115900280,10,1216,-1206
115900281,82,534,-452
115900282,6,118,-112
115900283,79,1,78
115900284,157,3,154
116000001,4976,1383,3593
116000002,6929,22809,-15880
116000003,1313,785,528
116000004,7416,8769,-1353
116000005,1106,2871,-1765
116000006,3654,7376,-3722
116000007,1426,1765,-339
116000008,7442,3248,4194
116000009,1028,748,280
116000010,4969,2681,2288
116000011,919,553,366
116000012,2840,1474,1366
116000013,3549,2441,1108
116000014,11134,33214,-22080
116000015,123,2800,-2677
116000016,3774,7731,-3957
116000017,89,594,-505
116000018,455,244,211
116000019,2224,160,2064
116000020,381,660,-279
116000021,1891,144,1747
116000022,862,326,536
116000023,3138,1723,1415
116000024,909,624,285
116000025,1217,781,436
116000026,1509,3361,-1852
116000027,582,724,-142
116000028,576,1065,-489
116000029,388,265,123
116000030,815,568,247
116000031,30,92,-62
116000032,327,55,272
116000033,1197,255,942
116000034,607,942,-335
116000035,526,302,224
116000036,237,1719,-1482
116000037,178,454,-276
116000038,55,834,-779
116000039,201,925,-724
116000040,542,880,-338
116000041,163,580,-417
116000042,1499,909,590
116000043,183,384,-201
116000044,10,117,-107
116000045,1069,1320,-251
116000046,756,1121,-365
116000047,1994,2933,-939
116000048,3565,1401,2164
116000049,2317,2020,297
116000050,1387,1002,385
116000051,3008,2674,334
116000052,3004,2054,950
116000053,3104,654,2450
116000054,1145,2058,-913
116000055,954,1088,-134
116000056,2266,937,1329
116000057,2078,1043,1035
116000058,4051,2828,1223
116000059,2912,5125,-2213
116000060,2672,1398,1274
116000061,578,1813,-1235
116000062,855,361,494
116000063,870,2499,-1629
116000066,758,754,4
116000067,376,270,106
116000068,270,232,38
116000069,354,180,174
116000078,956,1001,-45
116000080,1804,304,1500
116000082,14,16,-2
116000083,3161,265,2896
116000084,1678,1266,412
116000085,2056,3029,-973
116000086,982,384,598
116000087,4475,1981,2494
116000088,2922,593,2329
116000089,316,124,192
116000090,422,125,297
116000091,318,1821,-1503
116000093,1006,181,825
116000094,2042,614,1428
116000095,1259,261,998
116000096,3216,5860,-2644
116000097,1350,461,889
116000098,71,19072,-19001
116000099,9228,1116,8112
116000100,507,17,490
116000101,2954,326,2628
116000102,578,507,71
116000103,676,499,177
116000104,332,1240,-908
116000105,3044,139,2905
116000106,962,5264,-4302
116000107,4828,1115,3713
116000108,23,3846,-3823
116000111,354,52,302
116000113,127,16,111
116000114,32,81,-49
116000115,460,82,378
116000116,469,65,404
116000117,2121,1239,882
116000118,2733,616,2117
116000119,5775,1294,4481
116000120,3043,1595,1448
116000121,1821,319,1502
116000122,968,437,531
116000123,2426,632,1794
116000124,1074,174,900
116000125,5199,360,4839
116000126,656,260,396
116000127,1050,492,558
116000128,4120,531,3589
116000129,2902,105,2797
116000130,1682,740,942
116000133,4022,442,3580
116000134,2254,575,1679
116000135,5187,1097,4090
116000136,1281,785,496
116000137,1717,690,1027
116000138,944,358,586
116000139,3060,3839,-779
116000140,401,646,-245
116000141,1533,436,1097
116000142,4204,1982,2222
116000143,3501,1782,1719
116000144,3345,1908,1437
116000145,4923,792,4131
116000146,1790,124,1666
116000147,510,437,73
116000148,1772,1350,422
116000149,749,510,239
116000151,1087,696,391
116000153,132,544,-412
116000155,186,506,-320
116000156,1611,411,1200
116000157,182,10,172
116000158,996,160,836
116000159,76,10,66
116000160,128,30,98
116000161,10,72,-62
116000162,54,451,-397
116000163,118,8,110
116000164,45,12,33
116000177,105,3452,-3347
116000194,114,287,-173
116000195,4047,782,3265
116000196,127,0,127
116000197,126,54,72
116000198,2281,1134,1147
116000200,686,1341,-655
116000201,825,388,437
116000202,30,475,-445
116000203,3,9,-6
116000204,10,11,-1
116000205,0,102,-102
116000206,0,455,-455
116000207,37,432,-395
116000233,109,226,-117
116000287,587,122,465
116000288,982,267,715
116000292,207,87,120
116000296,41,116,-75
116000297,346,6,340
116000304,586,31,555
116000305,8,36,-28
116000346,594,123,471
116000352,188,46,142
116000354,78,57,21
116000357,18,19,-1
116000358,1036,371,665
116000361,139,0,139
116000372,3672,11303,-7631
116000381,587,113,474
116000388,12,36,-24
116000389,1366,173,1193
116000445,2760,254,2506
116000446,1577,172,1405
116000447,80,732,-652
116000448,639,36,603
116000563,703,898,-195
116000565,178,240,-62
116000568,105,1026,-921
116000579,124,241,-117
116000583,266,43,223
116000584,138,5,133
116000585,161,55,106
116000586,91,115,-24
116000587,398,110,288
116000589,144,68,76
116000590,281,59,222
116000591,414,71,343
116000592,7,14,-7
116000593,0,22,-22
116000594,2714,116,2598
116000595,1628,43,1585
116000596,582,2,580
116000597,1239,465,774
116000598,257,169,88
116000605,267,64,203
116000606,119,812,-693
116000607,2,40,-38
116000609,27,2597,-2570
116000611,544,115,429
116000612,2920,2566,354
116000613,1264,454,810
116000614,872,138,734
116000615,0,360,-360
116000616,126,67,59
116000617,501,6,495
116000618,2,41,-39
116000619,12,130,-118
116000620,891,157,734
116000621,128,78,50
116000622,303,89,214
116000624,192,580,-388
116000627,724,45,679
116000628,455,183,272
116000629,186,142,44
116000630,1995,13,1982
116000631,1987,59,1928
116000632,3389,33,3356
116000633,1413,107,1306
116000634,1476,68,1408
116000635,2071,2600,-529
116000636,528,1414,-886
116000637,2130,51,2079
116000638,472,183,289
116000639,180,13,167
116000640,28,182,-154
116000641,40,25,15
116000643,0,46,-46
116000644,192,97,95
116000645,88,6,82
116900001,175,57,118
116900002,332,0,332
116900003,151,2,149
116900004,64,206,-142
116900005,724,15,709
116900006,91,221,-130
116900007,139,121,18
116900008,1676,86,1590
116900009,15,51,-36
116900010,0,275,-275
116900011,3,8,-5
116900012,175,442,-267
116900013,5,32,-27
116900014,401,56,345
116900016,500,1,499
116900017,1,206,-205
116900018,122,143,-21
116900019,1,87,-86
116900020,406,4024,-3618
116900023,39,34,5
116900025,2784,382,2402
116900026,16,290,-274
116900027,188,54,134
116900028,2,12,-10
116900029,0,399,-399
116900031,0,0,0
116900032,0,57,-57
116900033,61,13,48
116900034,13,22,-9
116900035,412,158,254
116900036,12,97,-85
116900038,22,4,18
116900041,226,11,215
116900042,295,167,128
116900043,11,45,-34
116900047,88,588,-500
116900049,138,137,1
116900050,36,100,-64
116900051,860,37,823
116900052,293,156,137
116900055,0,23,-23
116900057,73,76,-3
116900058,13,204,-191
116900059,4,29,-25
116900060,240,270,-30
116900062,6,459,-453
116900064,197,106,91
116900065,3,98,-95
116900067,178,6,172
116900068,263,65,198
116900070,40,13,27
116900072,51,59,-8
116900073,4,51,-47
116900074,1,17,-16
116900076,31,214,-183
116900077,1,19,-18
116900078,101,31,70
116900079,81,86,-5
116900080,0,4,-4
116900081,130,430,-300
116900082,281,1264,-983
116900083,1,3,-2
116900084,112,23,89
116900085,0,22,-22
116900086,17,88,-71
116900088,235,9,226
116900090,9,9,0
116900091,1168,8,1160
116900092,108,177,-69
116900093,2217,1604,613
116900094,4281,9605,-5324
116900095,662,136,526
116900096,109,675,-566
116900097,1179,7121,-5942
116900098,578,239,339
116900099,310,506,-196
116900100,2668,198,2470
116900101,172,484,-312
116900103,18,0,18
116900104,8,247,-239
116900105,880,420,460
116900106,7210,54,7156
116900107,851,5579,-4728
116900110,41,0,41
116900111,1591,302,1289
116900112,506,231,275
116900113,1025,5657,-4632
116900116,14,508,-494
116900117,503,780,-277
116900118,808,1290,-482
116900120,766,68,698
116900121,650,58,592
116900122,2577,637,1940
116900123,1349,394,955
116900124,139,172,-33
116900125,1120,69,1051
116900126,193,1423,-1230
116900128,0,14,-14
116900129,1,370,-369
116900130,671,8812,-8141
116900131,98,343,-245
116900132,146,76,70
116900133,476,143,333
116900134,334,173,161
116900136,433,721,-288
116900137,379,155,224
116900138,129,82,47
116900139,54,70,-16
116900140,218,48,170
116900141,697,55,642
116900142,3,60,-57
116900143,891,82,809
116900144,149,7,142
116900145,139,60,79
116900147,205,1241,-1036
116900148,0,20,-20
116900149,60,301,-241
116900150,13,2,11
116900151,41,23,18
116900153,224,212,12
116900154,276,1016,-740
116900155,102,90,12
116900157,1808,51,1757
116900158,207,410,-203
116900159,111,489,-378
116900160,1457,738,719
116900161,3329,16373,-13044
116900162,77,90,-13
116900163,812,33,779
116900164,164,49,115
116900165,1052,384,668
116900166,207,134,73
116900167,1152,24,1128
116900168,1247,8,1239
116900169,140,1115,-975
116900170,944,351,593
116900171,93,76,17
116900172,133,1086,-953
116900173,964,2,962
116900174,40,336,-296
116900175,620,459,161
116900178,104,38,66
116900179,55,726,-671
116900180,242,2,240
116900182,1088,233,855
116900183,540,216,324
116900185,54,16,38
116900186,309,39,270
116900187,93,72,21
116900188,300,1,299
116900189,52,0,52
116900191,170,133,37
116900192,710,180,530
116900194,118,2173,-2055
116900195,31,11,20
116900196,36,17,19
116900197,270,7,263
116900198,27,1334,-1307
116900200,302,7,295
116900201,750,14,736
116900202,103,17,86
116900203,327,6,321
116900204,20,648,-628
116900206,74,9,65
116900207,30,48,-18
116900208,46,34,12
116900209,55,20,35
116900210,435,194,241
116900211,413,2,411
116900212,236,5,231
116900213,315,21,294
116900214,589,209,380
116900215,79,13,66
116900216,446,146,300
116900218,1,120,-119
116900219,787,95,692
116900220,149,156,-7
116900221,284,352,-68
116900222,477,216,261
116900223,64,46,18
116900226,483,5,478
116900227,594,13,581
116900228,847,112,735
116900230,345,139,206
116900233,2292,170,2122
116900234,36,1,35
116900235,148,175,-27
116900238,379,93,286
116900239,13,1580,-1567
116900240,4040,6420,-2380
116900241,70,32,38
116900242,1281,2042,-761
116900243,1,18,-17
116900245,103,80,23
116900246,117,11,106
116900247,1967,51,1916
116900248,118,11,107
116900249,1452,24,1428
116900250,1198,89,1109
116900251,308,2011,-1703
116900252,486,450,36
116900254,105,209,-104
116900255,268,278,-10
116900256,1260,333,927
116900257,82,873,-791
116900258,4,36,-32
116900259,505,52,453
116900260,1,22,-21
116900261,158,4,154
116900262,213,146,67
116900263,0,3,-3
116900264,205,312,-107
116900265,459,5,454
116900266,38,11,27
116900267,38,1,37
116900268,8,458,-450
116900269,498,1386,-888
116900271,530,1644,-1114
116900272,445,346,99
116900273,30,266,-236
116900274,251,53,198
116900275,597,114,483
116900276,349,806,-457
116900277,140,140,0
116900278,1,11,-10
116900279,9,19,-10
116900280,156,1,155
116900281,2623,11748,-9125
116900282,1,15,-14
116900283,0,29,-29
116900284,1,55,-54
116900285,91,869,-778
116900286,106,3,103
116900287,8,11,-3
116900288,284,40,244
116900289,99,3,96
116900290,22,1,21
116900291,58,25,33
116900292,0,43,-43
116900293,230,17,213
116900294,14,90,-76
116900295,280,417,-137
116900296,96,119,-23
116900297,1,60,-59
116900298,65,138,-73
116900299,0,201,-201
116900300,0,98,-98
116900301,38,569,-531
116900302,3,103,-100
116900303,176,247,-71
116900304,0,295,-295
116900305,6,53,-47
116900306,1083,79,1004
116900307,172,1,171
116900308,0,72,-72
116900309,683,21,662
116900310,101,11,90
117000001,3981,5296,-1315
117000002,2405,3473,-1068
117000003,7641,3026,4615
117000004,2337,4087,-1750
117000005,6619,2363,4256
117000006,1656,1862,-206
117000007,11954,1567,10387
117000008,1732,2662,-930
117000009,6587,1759,4828
117000010,1189,2187,-998
117000011,6621,1626,4995
117000012,2677,1830,847
117000013,4391,1530,2861
117000014,2513,2711,-198
117000015,4700,2162,2538
117000016,410,451,-41
117000017,121,775,-654
117000018,107,1410,-1303
117000019,61,84,-23
117000020,468,3747,-3279
117000021,1941,1266,675
117000022,150,501,-351
117000023,71,1269,-1198
117000024,172,873,-701
117000025,188,3861,-3673
117000026,2218,3984,-1766
117000027,935,2939,-2004
117000028,775,1646,-871
117000030,468,428,40
117000031,979,473,506
117000032,1726,1823,-97
117000033,1714,1049,665
117000034,435,277,158
117000035,634,456,178
117000036,1003,341,662
117000037,523,256,267
117000038,410,477,-67
117000039,243,310,-67
117000040,75,412,-337
117000041,2061,80,1981
117000044,10,365,-355
117000045,1726,501,1225
117000046,352,1016,-664
117000047,1316,968,348
117000048,1277,720,557
117000049,36,462,-426
117000050,1300,2564,-1264
117000051,4597,113,4484
117000052,155,151,4
117000053,2408,16,2392
117000054,3032,4,3028
117000055,9,702,-693
117000056,895,47,848
117000057,2002,2241,-239
117000060,554,820,-266
117000061,3380,2339,1041
117000062,302,698,-396
117000063,2122,828,1294
117000064,600,624,-24
117000066,289,552,-263
117000067,97,546,-449
117000074,9,310,-301
117000076,56,78,-22
117000077,320,119,201
117000078,140,1441,-1301
117000079,407,179,228
117000080,0,504,-504
117000081,1202,124,1078
117000082,29,148,-119
117000083,210,34,176
117000084,301,3,298
117000085,827,1701,-874
117000086,807,645,162
117000087,265,820,-555
117000088,948,162,786
117000089,5228,197,5031
117000090,618,538,80
117000091,2905,166,2739
117000092,777,490,287
117000093,3907,294,3613
117000094,1413,698,715
117000095,5829,329,5500
117000096,1494,675,819
117000097,4605,708,3897
117000098,2125,1343,782
117000099,8096,779,7317
117000100,441,304,137
117000101,257,473,-216
117000102,3672,384,3288
117000103,787,532,255
117000104,3430,388,3042
117000105,772,629,143
117000106,3697,327,3370
117000107,778,871,-93
117000108,4245,948,3297
117000109,848,1458,-610
117000110,2447,2766,-319
117000111,5321,4521,800
117000112,6658,1036,5622
117000113,128,90,38
117000114,585,859,-274
117000115,111,50,61
117000116,355,432,-77
117000117,1627,910,717
117000118,702,619,83
117000119,115,771,-656
117000120,13,966,-953
117000121,34,985,-951
117000122,1183,2069,-886
117000123,2359,22,2337
117000124,35,228,-193
117000125,39,568,-529
117000126,29,69,-40
117000127,119,590,-471
117000128,149,1076,-927
117000129,346,2084,-1738
117000130,486,55,431
117000131,0,141,-141
117000132,9238,20,9218
117000133,7162,26,7136
117000134,1,122,-121
117000135,17,198,-181
117000136,0,24,-24
117000137,529,122,407
117000138,2,913,-911
117000140,635,576,59
117000141,3133,465,2668
117000181,313,132,181
117000182,3204,2708,496
117000195,344,254,90
117000196,601,206,395
117000225,19,447,-428
117000226,3,392,-389
117000276,924,35,889
117000277,0,120,-120
117000310,940,4254,-3314
117000315,400,1185,-785
117000320,143,1,142
117000906,1417,21,1396
117000907,7,94,-87
117000909,272,155,117
117000910,323,120,203
117000911,57,183,-126
117000915,1,95,-94
117000916,256,7,249
117000917,2551,87,2464
117000918,360,218,142
117000919,1,23,-22
117000920,3,2160,-2157
117000921,1,339,-338
117000922,63,53,10
117000924,2357,1371,986
117000926,684,493,191
117000927,270,610,-340
117000928,1,137,-136
117000929,1610,128,1482
117000930,1762,8,1754
117000931,100,77,23
117900002,119,1227,-1108
117900003,109,115,-6
117900005,3,270,-267
117900006,0,49,-49
117900007,510,69,441
117900008,0,25,-25
117900010,779,40,739
117900011,13,921,-908
117900012,127,67,60
117900013,3,702,-699
117900014,1086,259,827
117900015,17,54,-37
117900016,1292,1866,-574
117900017,1794,646,1148
117900018,575,583,-8
117900019,1541,258,1283
117900020,40,306,-266
117900021,107,231,-124
117900023,3512,189,3323
117900024,150,235,-85
117900025,39,1,38
117900026,906,281,625
117900028,106,4,102
117900029,652,383,269
117900030,460,544,-84
117900031,586,806,-220
117900032,1305,615,690
117900033,1008,409,599
117900034,145,32,113
117900035,375,1769,-1394
117900036,632,276,356
117900037,391,65,326
117900038,105,60,45
117900039,0,89,-89
117900040,629,111,518
117900041,0,31,-31
117900042,3220,745,2475
117900043,0,15,-15
117900044,24,7172,-7148
117900045,599,112,487
117900048,477,393,84
117900049,656,534,122
117900050,34,572,-538
117900051,46,20,26
117900052,247,952,-705
117900053,3426,305,3121
117900054,0,16,-16
117900055,1951,462,1489
117900056,46,157,-111
117900057,1965,775,1190
117900058,4,136,-132
117900059,149,242,-93
117900060,5964,3420,2544
117900061,23,502,-479
117900063,1178,247,931
117900065,302,1354,-1052
117900066,17,325,-308
117900067,1829,102,1727
117900069,1841,126,1715
117900070,24,464,-440
117900071,424,139,285
117900073,1942,109,1833
117900074,26,811,-785
117900075,330,121,209
117900076,59,135,-76
117900077,1779,118,1661
117900078,746,607,139
117900080,402,40,362
117900081,377,160,217
117900082,1521,322,1199
117900083,1851,534,1317
117900086,408,72,336
117900087,226,6,220
117900088,1045,763,282
117900089,4307,475,3832
117900090,1585,851,734
117900091,201,25,176
117900092,371,68,303
117900093,369,4,365
117900094,102,66,36
117900095,1220,2033,-813
117900096,469,407,62
117900097,326,17,309
117900098,207,46,161
117900099,455,939,-484
117900100,1528,1,1527
117900101,1486,3803,-2317
117900102,145,19,126
117900103,151,2,149
117900104,6,510,-504
117900105,60,231,-171
117900106,169,23,146
117900107,191,1,190
117900109,2772,714,2058
117900110,557,3,554
117900111,2515,309,2206
117900112,155,2,153
117900113,1737,3671,-1934
117900114,159,1,158
117900115,19,381,-362
117900116,1642,492,1150
117900117,1573,113,1460
117900118,604,0,604
117900119,708,10,698
117900120,1445,9,1436
117900121,103,8,95
117900122,1039,10236,-9197
117900123,1597,704,893
117900124,318,1276,-958
117900125,2218,865,1353
117900126,236,212,24
117900127,1819,344,1475
117900128,904,413,491
117900129,272,1,271
117900130,1230,1125,105
117900131,7,101,-94
117900132,24,35,-11
117900133,22,22,0
117900134,123,76,47
117900135,77,54,23
117900136,0,1,-1
117900137,133,113,20
117900138,0,3,-3
117900139,125,99,26
117900140,7816,540,7276
117900141,34,323,-289
117900142,24,521,-497
117900144,19,1009,-990
117900145,6,507,-501
117900146,129,477,-348
117900147,197,156,41
117900148,2827,4734,-1907
117900149,207,86,121
117900150,192,93,99
117900151,47,159,-112
117900152,53,134,-81
117900153,46,266,-220
117900154,979,593,386
117900156,310,332,-22
117900157,118,460,-342
117900158,603,64,539
117900160,1507,729,778
117900161,1290,400,890
117900162,1309,379,930
117900163,25,1142,-1117
117900165,0,12,-12
117900166,10,285,-275
117900168,100,89,11
117900169,0,64,-64
117900170,2,28,-26
117900171,1,4,-3
117900172,4,3,1
117900173,41,43,-2
117900174,9,14,-5
117900175,6,35,-29
117900176,34,18,16
117900177,66,36,30
117900178,125,27,98
117900180,246,21,225
117900181,126,843,-717
117900182,0,111,-111
117900183,302,91,211
117900184,36,398,-362
117900185,64,9,55
117900186,120,7,113
117900187,47,11,36
117900188,352,102,250
117900189,145,24,121
117900190,27,2,25
117900191,201,1,200
117900192,668,0,668
117900193,68,94,-26
117900194,14,8,6
117900195,46,244,-198
117900196,78,19,59
117900207,80,204,-124
117900208,55,64,-9
117900209,407,98,309
117900210,141,91,50
117900211,9,86,-77
117900212,239,99,140
117900213,69,4,65
117900214,2,9,-7
117900215,82,32,50
117900216,23,48,-25
117900217,127,170,-43
117900218,155,338,-183
117900219,3,199,-196
117900220,26,339,-313
117900222,454,151,303
117900223,285,541,-256
118000001,950,2776,-1826
118000002,324,778,-454
118000003,2749,5244,-2495
118000004,1260,4956,-3696
118000005,4332,2192,2140
118000006,3375,3704,-329
118000007,6085,13234,-7149
118000008,990,11118,-10128
118000009,1675,3736,-2061
118000010,4192,4209,-17
118000011,3879,1063,2816
118000012,1179,2557,-1378
118000013,2812,2863,-51
118000014,1865,2063,-198
118000016,586,168,418
118000017,987,492,495
118000018,500,134,366
118000019,1395,2207,-812
118000020,374,1549,-1175
118000021,555,2034,-1479
118000022,1039,476,563
118000023,528,374,154
118000024,598,830,-232
118000027,10119,5854,4265
118000029,708,655,53
118000032,405,1671,-1266
118000033,1823,3979,-2156
118000034,2244,2684,-440
118000035,1909,1907,2
118000036,1498,1071,427
118000037,980,1629,-649
118000038,1180,81,1099
118000039,271,101,170
118000040,3189,1652,1537
118000041,5483,2036,3447
118000045,204,232,-28
118000046,756,1504,-748
118000047,383,2581,-2198
118000048,1964,4035,-2071
118000051,940,3467,-2527
118000052,229,1293,-1064
118000053,453,1423,-970
118000054,3426,1723,1703
118000055,2877,1786,1091
118000056,122,912,-790
118000057,270,1134,-864
118000058,1944,5504,-3560
118000059,1437,3465,-2028
118000060,1873,1229,644
118000061,1874,2023,-149
118000062,541,185,356
118000063,346,825,-479
118000064,888,1580,-692
118000065,2368,2148,220
118000066,1596,3366,-1770
118000067,608,823,-215
118000068,719,13843,-13124
118000069,1031,1415,-384
118000070,8365,3045,5320
118000071,4078,15279,-11201
118000072,949,6069,-5120
118000073,434,2506,-2072
118000074,651,1667,-1016
118000075,846,463,383
118000076,2248,10773,-8525
118000077,1183,1195,-12
118000078,2718,2671,47
118000079,144,494,-350
118000080,428,802,-374
118000081,1981,1935,46
118000082,402,1036,-634
118000083,1237,1409,-172
118000084,1371,3292,-1921
118000086,193,843,-650
118000087,4169,2759,1410
118000088,1717,1716,1
118000089,4099,3940,159
118000090,1295,5122,-3827
118000091,1377,7807,-6430
118000092,885,534,351
118000093,67,677,-610
118000096,864,452,412
118000097,1080,523,557
118000098,248,237,11
118000099,1015,280,735
118000101,2609,436,2173
118000102,812,435,377
118000107,1991,330,1661
118000108,795,10162,-9367
118000110,1,30,-29
118000111,0,80,-80
118000112,3796,15,3781
118000113,4,425,-421
118000114,2567,55,2512
118000115,3,42,-39
118000116,141,0,141
118000117,745,889,-144
118000118,1716,1361,355
118000119,2160,1665,495
118000120,1445,918,527
118000121,22,434,-412
118000122,387,272,115
118000123,85,341,-256
118000125,757,1430,-673
118000126,748,3700,-2952
118000127,1740,888,852
118000128,522,2185,-1663
118000129,2064,1248,816
118000130,2093,3162,-1069
118000131,301,898,-597
118000132,3337,2847,490
118000133,2609,970,1639
118000135,722,1270,-548
118000136,169,864,-695
118000137,415,91,324
118000138,788,403,385
118000139,815,145,670
118000140,4644,11283,-6639
118000141,4204,1696,2508
118000142,4983,1909,3074
118000143,4652,2290,2362
118000144,723,519,204
118000145,1724,909,815
118000146,1995,231,1764
118000147,1739,610,1129
118000148,1678,1971,-293
118000149,1358,548,810
118000150,1584,199,1385
118000151,1074,181,893
118000153,3036,656,2380
118000154,3176,623,2553
118000155,3731,859,2872
118000156,2283,4633,-2350
118000157,953,338,615
118000158,371,746,-375
118000159,44,130,-86
118000160,1109,367,742
118000161,808,314,494
118000162,2041,749,1292
118000163,1375,969,406
118000164,2340,1292,1048
118000168,516,1496,-980
118000169,1539,906,633
118000170,3085,2584,501
118000171,526,667,-141
118000172,107,309,-202
118000173,832,1546,-714
118000175,348,160,188
118000176,527,247,280
118000177,570,433,137
118000178,32,18,14
118000179,714,600,114
118000180,561,372,189
118000181,603,129,474
118000182,344,135,209
118000183,252,115,137
118000184,2103,392,1711
118000185,417,2255,-1838
118000186,455,1537,-1082
118000187,3516,339,3177
118000188,1541,69,1472
118000189,2053,230,1823
118000190,13,2,11
118000191,54,18,36
118000192,19,106,-87
118000193,7,211,-204
118000194,2237,1314,923
118000195,346,4231,-3885
118000196,59,954,-895
118000197,78,422,-344
118000198,265,2352,-2087
118000199,311,1435,-1124
118000200,56,769,-713
118000201,135,1321,-1186
118000202,24,868,-844
118000203,345,2198,-1853
118000204,26,763,-737
118000205,101,397,-296
118000206,292,326,-34
118000207,0,96,-96
118000208,2238,1581,657
118000209,3174,437,2737
118000210,555,53,502
118000211,411,29,382
118000213,640,5314,-4674
118000214,412,1019,-607
118000215,568,94,474
118000216,12886,2487,10399
118000217,17,52,-35
118000218,78,32,46
118000219,247,223,24
118000220,84,45,39
118000221,1523,1433,90
118000222,204,5,199
118000223,129,44,85
118000224,149,54,95
118000225,400,907,-507
118000226,3095,187,2908
118000227,710,516,194
118000228,19,260,-241
118000229,30,990,-960
118000230,164,166,-2
118000231,12,144,-132
118000232,1233,245,988
118000233,2118,472,1646
118000234,912,129,783
118000236,383,428,-45
118000237,217,181,36
118000238,356,188,168
118000239,539,366,173
118000240,79,115,-36
118000241,492,76,416
118000242,1040,140,900
118000243,376,113,263
118000244,133,37,96
118000246,0,14,-14
118000255,135,495,-360
118000256,315,265,50
118000259,12,110,-98
118000260,412,20,392
118000261,137,3,134
118000263,92,219,-127
118000266,311,111,200
118000267,0,204,-204
118000268,460,3,457
118000270,336,2,334
118000271,548,164,384
118000272,39,21,18
118000273,584,38,546
118000274,102,162,-60
118000276,505,86,419
118000295,12,127,-115
118000298,115,183,-68
118000299,87,61,26
118000301,0,102,-102
118000302,129,18,111
118000311,2503,83,2420
118000312,657,85,572
118000313,153,43,110
118000314,265,10,255
118000315,96,32,64
118000316,1390,239,1151
118000325,112,7,105
118000326,53,48,5
118000331,84,5,79
118000332,20,16,4
118000333,46,19,27
118000335,1681,1,1680
118000336,0,182,-182
118000407,536,19,517
118000457,4,80,-76
118000465,612,2572,-1960
118000480,104,37,67
118000489,4,1042,-1038
118000490,8,274,-266
118000492,1450,235,1215
118000510,72,15,57
118000514,96,388,-292
118000515,876,2602,-1726
118000517,332,287,45
118000524,331,478,-147
118000525,410,575,-165
118000530,11,164,-153
118000531,858,227,631
118000532,257,125,132
118000533,282,147,135
118000534,945,211,734
118000535,543,24,519
118000536,27,379,-352
118000537,9,27,-18
118000538,108,71,37
118000539,16,134,-118
118000540,206,160,46
118000541,161,116,45
118000542,151,306,-155
118000543,444,236,208
118000546,79,24,55
118000553,0,0,0
118000557,0,0,0
118000560,971,3406,-2435
118000562,144,33,111
118000563,1577,1635,-58
118000576,363,36,327
118000577,320,291,29
118000578,210,30,180
118000579,593,2754,-2161
118000583,0,0,0
118000595,297,79,218
118000596,0,244,-244
118000597,438,97,341
118000598,14,0,14
118000599,415,25,390
118000600,1,5,-4
118000601,9,0,9
118000602,14,32,-18
118000603,0,11,-11
118000605,107,42,65
118000606,7,14,-7
118900001,615,1442,-827
118900002,739,1022,-283
118900003,1587,50,1537
118900004,189,26,163
118900005,120,7,113
118900006,343,1,342
118900007,0,4,-4
118900008,957,29,928
118900009,173,225,-52
118900010,123,9,114
118900011,300,15,285
118900012,329,169,160
118900013,1594,1209,385
118900015,611,18,593
118900016,1,3,-2
118900017,83,390,-307
118900018,1569,32,1537
118900019,24,7,17
118900020,19,99,-80
118900021,154,432,-278
118900022,234,18,216
118900023,16,100,-84
118900024,111,204,-93
118900025,33,235,-202
118900026,108,5,103
118900027,389,264,125
118900028,238,89,149
118900029,285,411,-126
118900030,1597,65,1532
118900031,205,46,159
118900032,317,124,193
118900033,434,790,-356
118900034,472,44,428
118900035,165,43,122
118900036,1719,295,1424
118900037,518,896,-378
118900038,1046,43,1003
118900039,1853,431,1422
118900040,396,84,312
118900041,1245,133,1112
118900042,82,69,13
118900045,195,305,-110
118900046,345,297,48
118900047,290,484,-194
118900048,106,497,-391
118900049,69,23,46
118900050,153,20,133
118900051,124,179,-55
118900052,284,440,-156
118900053,1,42,-41
118900054,285,95,190
118900055,241,6,235
118900056,101,294,-193
118900057,847,617,230
118900058,898,515,383
118900059,18,103,-85
118900060,277,214,63
118900062,338,106,232
118900064,159,898,-739
118900065,100,224,-124
118900066,239,90,149
118900067,2650,6214,-3564
118900068,12,925,-913
118900069,836,106,730
118900071,16,10,6
118900072,1002,1478,-476
118900073,774,45,729
118900074,216,46,170
118900075,523,18,505
118900076,263,34,229
118900077,679,104,575
118900078,1,0,1
118900079,26,45,-19
118900080,333,80,253
118900081,63,31,32
118900082,3175,296,2879
118900083,12,8,4
118900084,19,3,16
118900085,234,142,92
118900086,39,112,-73
118900087,95,1500,-1405
118900088,0,4,-4
118900089,37,11,26
118900090,238,76,162
118900091,240,284,-44
118900092,349,19,330
118900093,101,18,83
118900096,176,84,92
118900097,565,221,344
118900099,48,89,-41
118900100,75,98,-23
118900101,185,44,141
118900102,56,99,-43
118900103,16,48,-32
118900104,251,31,220
118900105,101,43,58
118900107,37,45,-8
118900108,51,148,-97
118900110,1664,1913,-249
118900111,1295,661,634
118900112,381,305,76
118900113,171,298,-127
118900114,31,69,-38
118900115,175,202,-27
118900116,89,49,40
118900117,246,39,207
118900118,596,117,479
118900119,337,100,237
118900120,46,280,-234
118900121,28,104,-76
118900122,2,880,-878
118900123,189,271,-82
118900124,246,444,-198
118900126,113,182,-69
118900129,360,89,271
118900130,37,88,-51
118900131,703,186,517
118900132,516,144,372
118900133,6,291,-285
118900135,424,125,299
118900136,566,148,418
118900137,9,125,-116
118900139,1071,332,739
118900140,734,209,525
118900141,197,224,-27
118900144,347,179,168
118900145,15,310,-295
118900146,676,407,269
118900147,116,562,-446
118900148,54,32,22
118900150,104,624,-520
118900152,567,317,250
118900157,62,205,-143
118900158,470,32,438
118900159,0,87,-87
118900161,55,7,48
118900163,41,31,10
118900164,0,47,-47
118900165,190,94,96
118900166,4,0,4
118900167,76,50,26
118900168,31,78,-47
118900169,323,195,128
118900170,660,57,603
118900171,102,6,96
118900174,46,10,36
118900175,642,341,301
118900176,263,383,-120
118900177,151,7,144
118900178,241,25,216
118900179,13,1,12
118900181,239,35,204
118900182,14,28,-14
118900183,186,74,112
118900184,193,19,174
118900185,229,38,191
118900186,56,72,-16
118900187,201,488,-287
118900188,363,179,184
118900189,52,674,-622
118900190,165,70,95
118900191,996,59,937
118900192,1016,24,992
118900193,2288,4,2284
118900195,114,460,-346
118900196,22,74,-52
118900197,743,32,711
118900198,62,4,58
118900199,170,22,148
118900200,69,43,26
118900201,84,97,-13
118900202,4,59,-55
118900203,48,5,43
118900204,29,2,27
118900205,8,1,7
118900206,1,3,-2
119000001,2143,1492,651
119000002,4619,2681,1938
119000003,7892,1024,6868
119000004,5326,2803,2523
119000005,3283,3956,-673
119000006,9007,3506,5501
119000007,5729,5120,609
119000008,2501,2420,81
119000009,2582,9493,-6911
119000010,5182,8068,-2886
119000011,2347,2897,-550
119000012,1529,4681,-3152
119000013,4179,2228,1951
119000014,3175,3452,-277
119000019,517,144,373
119000020,4291,1947,2344
119000021,7758,4194,3564
119000022,1272,5722,-4450
119000023,196,431,-235
119000024,2664,29353,-26689
119000025,3950,1604,2346
119000026,44,927,-883
119000027,131,552,-421
119000028,2137,814,1323
119000029,24,166,-142
119000030,1005,684,321
119000031,2123,781,1342
119000032,1646,1449,197
119000033,3266,898,2368
119000034,3037,611,2426
119000035,49,140,-91
119000036,4694,309,4385
119000037,2981,556,2425
119000038,596,255,341
119000039,958,651,307
119000040,777,1182,-405
119000041,1581,2812,-1231
119000048,2571,1008,1563
119000049,4699,1423,3276
119000050,1265,3064,-1799
119000051,3559,2035,1524
119000052,2875,2139,736
119000053,3448,1369,2079
119000054,5297,769,4528
119000055,9200,1094,8106
119000056,5761,1209,4552
119000057,2500,444,2056
119000058,1964,679,1285
119000059,978,567,411
119000060,3425,524,2901
119000061,1129,284,845
119000062,1222,556,666
119000063,864,935,-71
119000064,759,569,190
119000065,1494,2610,-1116
119000066,2323,1415,908
119000067,2240,833,1407
119000068,3189,541,2648
119000069,2864,830,2034
119000070,6764,321,6443
119000071,530,212,318
119000072,3936,2231,1705
119000073,6526,12122,-5596
119000074,2872,920,1952
119000075,7884,2065,5819
119000076,147,271,-124
119000077,1631,274,1357
119000078,727,113,614
119000079,503,190,313
119000080,1836,179,1657
119000081,448,210,238
119000082,1463,240,1223
119000083,864,701,163
119000084,695,146,549
119000085,540,89,451
119000086,380,1042,-662
119000087,908,150,758
119000088,377,53,324
119000089,113,137,-24
119000090,200,26,174
119000091,68,206,-138
119000092,183,112,71
119000093,3344,1732,1612
119000094,6956,5437,1519
119000095,4168,3072,1096
119000097,1162,632,530
119000098,1316,9080,-7764
119000099,1933,614,1319
119000100,6538,3546,2992
119000101,5138,1478,3660
119000102,427,2312,-1885
119000103,1241,686,555
119000104,1326,516,810
119000105,1535,4004,-2469
119000106,662,403,259
119000107,2985,722,2263
119000108,1186,386,800
119000109,290,209,81
119000110,326,98,228
119000111,65,711,-646
119000112,210,29,181
119000113,846,128,718
119000114,1343,2024,-681
119000115,77,144,-67
119000116,177,87,90
119000117,307,233,74
119000118,47,0,47
119000123,2129,2393,-264
119000124,2287,133,2154
119000125,8206,340,7866
119000126,3954,488,3466
119000127,1413,198,1215
119000128,14,2,12
119000131,1472,139,1333
119000132,4,1,3
119000133,2,5,-3
119000134,789,1062,-273
119000135,319,158,161
119000136,534,57,477
119000137,691,90,601
119000138,1522,43,1479
119000139,235,24,211
119000140,306,384,-78
119000284,1378,1704,-326
119000285,1763,821,942
119000286,3589,2390,1199
119000287,1897,2430,-533
119000288,3043,752,2291
119000289,1609,2050,-441
119000290,350,320,30
119000291,86,495,-409
119000293,164,295,-131
119000294,43,39,4
119000295,2134,279,1855
119000296,383,68,315
119000297,0,0,0
119000299,0,0,0
119000302,1873,1504,369
119000303,39,156,-117
119000304,0,0,0
119000310,0,0,0
119000314,2134,15939,-13805
119000315,0,113,-113
119000316,451,44,407
119000317,253,82,171
119900001,81,2471,-2390
119900002,417,183,234
119900003,12,179,-167
119900004,163,4339,-4176
119900005,517,84,433
119900006,86,473,-387
119900007,389,260,129
119900008,17,697,-680
119900009,597,243,354
119900010,894,226,668
119900011,27,468,-441
119900012,12,265,-253
119900013,1451,1001,450
119900014,670,80,590
119900015,689,51,638
119900016,80,44,36
119900017,73,115,-42
119900018,913,2927,-2014
119900019,126,2,124
119900020,159,86,73
119900021,263,47,216
119900022,73,1124,-1051
119900023,391,4287,-3896
119900025,915,18,897
119900026,595,36,559
119900027,3,15,-12
119900028,447,467,-20
119900029,10,0,10
119900030,859,738,121
119900031,103,1392,-1289
119900033,1028,239,789
119900034,1576,24,1552
119900037,519,10,509
119900038,31,712,-681
119900039,124,7,117
119900040,162,35,127
119900041,418,5,413
119900042,140,1051,-911
119900043,123,213,-90
119900044,171,1080,-909
119900046,502,15,487
119900047,997,434,563
119900048,969,24,945
119900049,280,2,278
119900050,122,150,-28
119900051,3144,8,3136
119900052,246,14,232
119900053,638,266,372
119900054,820,8,812
119900055,1796,161,1635
119900057,882,31,851
119900058,973,10,963
119900059,258,16,242
119900060,686,48,638
119900061,1155,3,1152
119900062,417,6,411
119900063,24,67,-43
119900065,495,2,493
119900067,184,54,130
119900068,1352,6,1346
119900069,243,13,230
119900070,1446,4,1442
119900071,1654,49,1605
119900073,2847,224,2623
119900074,43,35,8
119900075,1869,1737,132
119900076,1466,197,1269
119900077,1896,202,1694
119900078,1326,1050,276
119900079,1778,70,1708
119900080,666,253,413
119900081,2443,20,2423
119900082,4243,233,4010
119900083,732,97,635
119900084,720,171,549
119900085,77,32,45
119900086,640,355,285
119900087,193,448,-255
119900088,103,10,93
119900089,23,90,-67
119900090,134,26,108
119900091,59,159,-100
119900092,11,210,-199
119900093,1119,99,1020
119900094,6,178,-172
119900095,289,12,277
119900096,66,49,17
119900097,44,238,-194
119900098,29,2,27
119900099,19,61,-42
119900100,471,2743,-2272
119900101,120,533,-413
119900102,68,57,11
119900103,69,47,22
119900104,38,43,-5
119900105,512,783,-271
119900106,4,45,-41
119900107,299,755,-456
119900108,2400,513,1887
119900109,5,72,-67
119900110,770,412,358
119900111,187,77,110
119900112,473,1310,-837
119900113,84,223,-139
119900114,366,259,107
119900115,969,227,742
119900116,376,481,-105
119900117,464,165,299
119900118,196,176,20
119900119,511,115,396
119900120,511,190,321
119900121,1202,263,939
119900122,115,124,-9
119900123,118,137,-19
119900124,501,214,287
119900125,45,76,-31
119900126,1265,188,1077
119900127,718,231,487
119900128,765,1290,-525
119900129,527,94,433
119900130,2,50,-48
119900131,61,62,-1
119900132,1,34,-33
119900133,203,54,149
119900134,307,71,236
119900135,0,137,-137
119900136,172,133,39
119900138,192,203,-11
119900139,11,1046,-1035
119900140,5,36,-31
119900141,69,958,-889
119900142,4,15,-11
119900143,9,107,-98
119900144,925,236,689
119900145,49,121,-72
119900146,359,153,206
119900147,0,221,-221
119900148,684,30,654
119900149,294,10362,-10068
119900150,138,61,77
119900151,1757,997,760
119900152,304,133,171
119900153,444,52,392
119900154,29,401,-372
119900155,106,21,85
119900156,4,2,2
119900157,202,74,128
119900158,327,69,258
119900159,1,155,-154
119900160,4,51,-47
119900161,343,58,285
119900162,2401,614,1787
119900163,135,164,-29
119900164,5,1,4
119900165,244,23,221
119900166,113,35,78
119900167,0,33,-33
119900168,2990,187,2803
119900169,32,281,-249
119900170,296,185,111
119900171,979,528,451
119900172,21,8,13
119900173,7,49,-42
119900174,0,37,-37
119900175,3839,230,3609
119900177,5,56,-51
119900178,2,87,-85
119900179,354,1814,-1460
119900180,2371,646,1725
119900181,17,38,-21
119900182,0,48,-48
119900183,95,285,-190
119900184,387,247,140
119900185,39,542,-503
119900186,4,2306,-2302
119900187,9,174,-165
119900188,180,214,-34
119900189,173,180,-7
119900190,94,405,-311
119900191,197,334,-137
119900192,31,84,-53
119900193,1469,117,1352
119900194,51,38,13
119900195,4,137,-133
119900196,106,85,21
119900197,428,110,318
119900198,148,862,-714
119900199,160,7,153
119900200,1174,1398,-224
119900201,141,78,63
119900202,20,377,-357
119900203,203,751,-548
119900204,437,205,232
119900205,2127,269,1858
119900206,618,338,280
119900208,533,86,447
119900209,820,2657,-1837
119900210,108,5,103
119900211,149,0,149
119900212,707,337,370
119900213,5,71,-66
119900214,153,7,146
119900215,113,9,104
119900216,48,30,18
119900217,18,16,2
119900218,24,175,-151
119900219,10,51,-41
119900220,2,8,-6
119900221,75,41,34
119900222,29,27,2
119900223,17,28,-11
119900224,28,11,17
119900225,213,33,180
119900226,118,2757,-2639
119900227,168,107,61
119900228,5,1770,-1765
119900229,78,201,-123
119900230,1396,158,1238
119900231,647,63,584
119900232,168,80,88
119900233,70,1,69
119900234,4,101,-97
119900235,1,24,-23
119900236,97,106,-9
119900237,151,281,-130
119900238,0,38,-38
119900240,231,79,152
119900241,411,217,194
119900242,1465,1215,250
119900244,553,1017,-464
119900245,257,187,70
119900246,232,390,-158
119900247,5,30,-25
119900248,34,810,-776
119900249,538,82,456
119900253,1266,255,1011
119900254,89,2406,-2317
119900255,153,319,-166
119900256,1502,275,1227
119900257,339,39,300
119900258,342,12,330
119900259,21,22,-1
119900260,323,5,318
119900261,817,2243,-1426
119900262,0,73,-73
119900263,2273,206,2067
119900264,311,17,294
119900265,929,364,565
119900266,845,111,734
119900267,213,213,0
119900268,326,31,295
119900269,1668,403,1265
119900271,52,66,-14
119900272,84,110,-26
119900275,228,27,201
119900276,158,3,155
119900277,10,5,5
119900278,669,28,641
119900279,177,319,-142
119900280,725,36,689
119900281,1,481,-480
119900282,22,139,-117
119900283,31,48,-17
119900284,31,136,-105
119900285,2,62,-60
119900286,0,6,-6
119900288,3,6,-3
119900289,0,3,-3
119900290,2,2,0
119900291,1,9,-8
119900292,57,132,-75
119900293,40,29,11
119900294,36,86,-50
119900295,60,22,38
119900296,135,45,90
119900297,1,21,-20
119900298,0,7,-7
119900299,300,159,141
119900300,743,662,81
119900301,44,102,-58
119900302,15,179,-164
119900303,791,1172,-381
119900304,493,17,476
119900305,1,52,-51
119900306,15,3,12
119900307,87,29,58
119900308,19,25,-6
119900309,46,286,-240
119900310,349,115,234
119900311,370,19,351
119900312,149,31,118
119900313,332,159,173
119900314,417,441,-24
119900315,3623,549,3074
119900318,18,152,-134
119900319,4,54,-50
119900320,466,86,380
119900321,510,16,494
120000001,8805,40618,-31813
120000002,3876,2965,911
120000003,2734,807,1927
120000004,3291,853,2438
120000005,3117,1030,2087
120000006,1936,746,1190
120000007,3468,5046,-1578
120000008,1818,566,1252
120000009,1464,942,522
120000010,3295,4572,-1277
120000011,1620,944,676
120000012,2202,1007,1195
120000013,4964,2497,2467
120000014,1430,1174,256
120000015,3381,1336,2045
120000016,5510,2160,3350
120000017,5908,6179,-271
120000018,3658,26115,-22457
120000019,1717,1322,395
120000020,2466,3081,-615
120000021,2003,1146,857
120000022,2898,3220,-322
120000023,1792,1360,432
120000024,1175,1496,-321
120000025,4042,1381,2661
120000026,5733,1238,4495
120000027,3213,1957,1256
120000028,633,1355,-722
120000029,1229,920,309
120000030,223,1593,-1370
120000031,2164,5837,-3673
120000032,4358,1848,2510
120000033,5434,763,4671
120000034,7017,779,6238
120000035,6012,1003,5009
120000036,5126,5715,-589
120000037,579,2575,-1996
120000038,4403,2465,1938
120000039,651,2607,-1956
120000040,87,12322,-12235
120000041,857,1683,-826
120000042,4389,1165,3224
120000043,8036,1055,6981
120000044,10872,1399,9473
120000045,11956,564,11392
120000046,7310,5793,1517
120000047,552,16165,-15613
120000048,8146,3461,4685
120000049,6357,2733,3624
120000050,4731,3941,790
120000051,2414,4883,-2469
120000052,6313,1036,5277
120000053,2916,1215,1701
120000054,2012,2016,-4
120000055,2021,2532,-511
120000056,4135,2727,1408
120000057,4786,2468,2318
120000058,1552,976,576
120000059,9,2475,-2466
120000061,208,1035,-827
120000062,151,152,-1
120000063,642,2133,-1491
120000064,604,686,-82
120000065,525,2930,-2405
120000066,264,173,91
120000067,11,128,-117
120000068,557,198,359
120000069,1463,281,1182
120000070,345,511,-166
120000071,1931,139,1792
120000072,2255,618,1637
120000073,2076,53,2023
120000074,57,112,-55
120000075,1993,498,1495
120000076,5348,1469,3879
120000077,4615,494,4121
120000078,3054,953,2101
120000079,917,379,538
120000080,274,268,6
120000081,582,136,446
120000082,659,217,442
120000083,130,996,-866
120000084,324,294,30
120000085,283,931,-648
120000086,451,129,322
120000087,519,146,373
120000088,896,575,321
120000089,1248,245,1003
120000090,967,467,500
120000091,2156,1994,162
120000092,1499,286,1213
120000093,1987,299,1688
120000094,478,511,-33
120000095,1191,118,1073
120000096,635,215,420
120000098,1413,2011,-598
120000099,560,284,276
120000100,1120,400,720
120000101,999,477,522
120000102,1216,1333,-117
120000103,2302,953,1349
120000104,4014,343,3671
120000105,4497,139,4358
120000106,7104,221,6883
120000107,12106,648,11458
120000108,4529,131,4398
120000109,2092,80,2012
120000110,61,633,-572
120000111,195,527,-332
120000112,725,930,-205
120000113,539,1658,-1119
120000114,595,831,-236
120000115,565,627,-62
120000116,561,982,-421
120000117,588,684,-96
120000118,81,53,28
120000119,4,59,-55
120000120,285,342,-57
120000121,1,20,-19
120000122,287,1617,-1330
120000123,1973,14733,-12760
120000124,572,398,174
120000125,1775,478,1297
120000126,851,1524,-673
120000127,1029,833,196
120000128,2776,2954,-178
120000129,277,131,146
120000130,1220,390,830
120000131,721,388,333
120000134,756,199,557
120000135,1826,717,1109
120000137,537,200,337
120000138,4233,148,4085
120000139,717,411,306
120000140,3459,240,3219
120000141,483,1601,-1118
120000142,1372,1649,-277
120000143,0,23,-23
120000144,213,24,189
120000145,1394,3,1391
120000146,865,1409,-544
120000149,524,358,166
120000150,1856,14367,-12511
120000151,1131,249,882
120000152,2442,85,2357
120000153,1515,431,1084
120000154,981,888,93
120000155,556,580,-24
120000156,957,3699,-2742
120000157,2578,484,2094
120000158,2019,694,1325
120000159,3118,1083,2035
120000160,2192,1417,775
120000161,6864,2901,3963
120000162,183,243,-60
120000163,1947,340,1607
120000164,1888,159,1729
120000165,2685,197,2488
120000166,4071,301,3770
120000167,72,134,-62
120000168,0,289,-289
120000169,10,778,-768
120000170,17,993,-976
120000171,1,276,-275
120000172,4,305,-301
120000173,134,475,-341
120000174,34,145,-111
120000175,37,41,-4
120000176,8,44,-36
120000177,400,65,335
120000178,6,16,-10
120000179,9,44,-35
120000180,5,50,-45
120000181,12,384,-372
120000182,9,475,-466
120000183,1,130,-129
120000184,61,528,-467
120000186,18,446,-428
120000187,14,456,-442
120000188,11,164,-153
120000190,43,20,23
120000191,89,23,66
120000192,40,4,36
120000193,13,0,13
120000195,25,0,25
120000196,25,2,23
120000197,9,13,-4
120000198,618,17,601
120000199,575,0,575
120000200,404,0,404
120000201,46,106,-60
120000202,0,49,-49
120000203,300,88,212
120000207,3,22,-19
120000208,3,43,-40
120000209,31,9,22
120000210,37,21,16
120000211,1060,8,1052
120000212,761,0,761
120000213,630,305,325
120000214,1,29,-28
120000215,2,24,-22
120000216,781,42,739
120000217,182,696,-514
120000218,15,463,-448
120000219,2,204,-202
120000220,1,590,-589
120000225,4507,4,4503
120000226,1031,28,1003
120000227,1640,249,1391
120000228,11290,6792,4498
120000230,808,61,747
120000231,3710,473,3237
120000233,1603,89,1514
120000235,728,325,403
120000236,3746,5,3741
120000237,0,617,-617
120000238,0,372,-372
120000241,1753,6921,-5168
120000412,1164,20,1144
120000413,1190,131,1059
120000414,633,35,598
120000415,2,60,-58
120000416,490,21,469
120000417,28,1428,-1400
120000418,797,19,778
120000419,15,32,-17
120000420,110,7,103
120000421,8137,4284,3853
120000422,128,4978,-4850
120000423,0,170,-170
120000424,721,32,689
120000436,106,2221,-2115
120000437,55,38,17
120000438,1656,216,1440
120000439,416,969,-553
120000443,473,0,473
120000444,3357,536,2821
120000445,3658,1705,1953
120000446,1230,105,1125
120000447,1276,2,1274
120000449,514,38,476
120000450,3,119,-116
120000451,384,77,307
120000452,95,0,95
120000453,1,26,-25
120000454,21,148,-127
120000455,266,15,251
120000456,1526,7123,-5597
120000457,442,249,193
120000458,665,359,306
120000459,411,96,315
120000665,95,467,-372
120000668,99,950,-851
120000669,887,72,815
120000670,63,448,-385
120000671,4971,1708,3263
120000672,121,349,-228
120900001,91,29,62
120900002,144,510,-366
120900003,269,2,267
120900004,26,231,-205
120900005,22,210,-188
120900006,1405,133,1272
120900007,177,147,30
120900008,914,381,533
120900009,372,15,357
120900010,1319,161,1158
120900011,16,126,-110
120900012,23,1729,-1706
120900013,582,80,502
120900014,1,158,-157
120900015,1793,110,1683
120900016,3389,43,3346
120900017,1561,31,1530
120900018,688,130,558
120900019,618,422,196
120900020,445,550,-105
120900021,708,89,619
120900022,9,88,-79
120900023,945,1373,-428
120900024,1484,573,911
120900025,1505,448,1057
120900026,129,54,75
120900027,480,13,467
120900028,1050,269,781
120900029,10,1705,-1695
120900030,3703,347,3356
120900031,714,104,610
120900032,3314,348,2966
120900033,2359,191,2168
120900034,45,5600,-5555
120900035,79,29,50
120900037,905,9,896
120900038,137,761,-624
120900039,189,80,109
120900040,1118,22,1096
120900041,38,12,26
120900042,1425,46,1379
120900043,197,90,107
120900044,3,660,-657
120900045,203,8,195
120900046,1631,5,1626
120900047,298,359,-61
120900048,337,20,317
120900049,1654,6,1648
120900050,613,5582,-4969
120900051,1078,61,1017
120900052,2866,2,2864
120900053,900,17,883
120900054,1017,153,864
120900055,1591,4,1587
120900056,1211,48,1163
120900057,761,37,724
120900058,1514,1,1513
120900059,344,3,341
120900060,207,7,200
120900061,313,109,204
120900062,869,1,868
120900063,2010,27,1983
120900064,1741,3,1738
120900065,1670,2,1668
120900066,2603,120,2483
120900067,479,164,315
120900068,1274,1,1273
120900069,1184,14,1170
120900071,48,1,47
120900072,2319,18,2301
120900073,1980,31,1949
120900074,3112,130,2982
120900076,1420,5,1415
120900077,1215,241,974
120900078,1741,268,1473
120900079,2740,152,2588
120900080,2754,288,2466
120900081,3994,407,3587
120900082,900,626,274
120900083,544,161,383
120900084,939,597,342
120900085,59,71,-12
120900086,45,1152,-1107
120900087,821,266,555
120900088,210,1057,-847
120900089,1172,6754,-5582
120900090,527,11,516
120900091,234,942,-708
120900092,157,138,19
120900093,978,55,923
120900094,198,88,110
120900095,403,3,400
120900096,180,126,54
120900097,702,257,445
120900098,17,114,-97
120900099,129,15,114
120900100,57,87,-30
120900101,30,123,-93
120900102,175,7,168
120900103,73,146,-73
120900104,6,9,-3
120900105,4,513,-509
120900106,299,126,173
120900107,184,114,70
120900108,13,201,-188
120900109,102,173,-71
120900110,18,199,-181
120900111,240,154,86
120900112,6,107,-101
120900113,42,177,-135
120900114,11,113,-102
120900115,141,182,-41
120900116,1892,110,1782
120900117,0,86,-86
120900118,13,170,-157
120900119,4379,2222,2157
120900120,109,197,-88
120900121,35,158,-123
120900122,2244,161,2083
120900123,3,75,-72
120900124,14,167,-153
120900125,2,208,-206
120900126,103,319,-216
120900127,6,69,-63
120900128,403,541,-138
120900129,4,118,-114
120900130,16,190,-174
120900131,55,135,-80
120900132,2131,84,2047
120900133,18,500,-482
120900134,84,73,11
120900135,2,702,-700
120900136,49,90,-41
120900137,846,27,819
120900138,2,102,-100
120900139,0,196,-196
120900140,2,101,-99
120900141,302,107,195
120900142,0,94,-94
120900143,3,167,-164
120900144,0,32,-32
120900145,236,2528,-2292
120900146,0,114,-114
120900147,131,13,118
120900148,170,63,107
120900149,0,112,-112
120900150,145,106,39
120900151,0,101,-101
120900152,0,1,-1
120900153,0,0,0
120900154,0,62,-62
120900155,539,202,337
120900156,508,116,392
120900157,0,3,-3
120900158,111,212,-101
120900159,2,20,-18
120900160,32,551,-519
120900161,5,168,-163
120900162,23,189,-166
120900163,24,288,-264
120900164,0,21,-21
120900165,1,67,-66
120900166,55,444,-389
120900167,156,24,132
120900169,220,174,46
120900170,367,7055,-6688
120900171,426,65,361
120900172,23,745,-722
120900173,0,4,-4
120900174,8,126,-118
120900175,227,89,138
120900176,23,402,-379
120900177,0,2577,-2577
120900178,1,1116,-1115
120900179,102,184,-82
120900180,64,103,-39
120900181,13,8,5
120900182,36,87,-51
120900183,229,31,198
120900184,126,67,59
120900185,211,1087,-876
120900186,1,127,-126
120900187,1158,637,521
120900188,899,2,897
120900189,32,6174,-6142
120900190,602,15,587
120900191,322,7,315
120900192,5840,23990,-18150
120900194,210,77,133
120900195,258,61,197
120900196,357,28,329
120900197,1198,78,1120
120900198,69,386,-317
120900199,358,445,-87
120900200,36,69,-33
120900201,182,61,121
120900202,1,82,-81
120900203,51,39,12
120900204,47,76,-29
120900205,509,20,489
120900206,73,75,-2
120900207,33,871,-838
121000001,863,1851,-988
121000002,2508,2298,210
121000003,5812,2292,3520
121000004,2306,4037,-1731
121000005,2980,3257,-277
121000006,2738,3355,-617
121000007,4026,4855,-829
121000008,4280,5031,-751
121000009,5279,9248,-3969
121000010,6472,7127,-655
121000011,6221,5977,244
121000012,10424,4558,5866
121000013,6261,5102,1159
121000014,4952,3137,1815
121000015,5041,7055,-2014
121000016,3723,4463,-740
121000017,4075,1843,2232
121000018,3726,1914,1812
121000019,8532,7896,636
121000020,9152,13849,-4697
121000021,1953,2966,-1013
121000022,3244,3664,-420
121000023,3274,2032,1242
121000024,5582,7177,-1595
121000025,289,2024,-1735
121000026,305,189,116
121000027,1669,1357,312
121000028,1104,630,474
121000029,1348,539,809
121000030,1186,427,759
121000031,411,611,-200
121000032,183,79,104
121000034,381,734,-353
121000035,172,190,-18
121000036,1569,1209,360
121000037,820,1080,-260
121000038,352,1221,-869
121000039,168,478,-310
121000041,439,368,71
121000042,332,492,-160
121000043,529,529,0
121000044,1258,1641,-383
121000045,569,222,347
121000046,1350,783,567
121000047,42,128,-86
121000049,853,669,184
121000050,229,1716,-1487
121000051,1024,304,720
121000052,577,988,-411
121000053,407,206,201
121000054,53,575,-522
121000055,1021,2517,-1496
121000056,955,1799,-844
121000057,186,472,-286
121000058,245,81,164
121000059,3928,995,2933
121000060,640,1153,-513
121000061,8,447,-439
121000062,83,728,-645
121000063,956,1327,-371
121000064,773,1088,-315
121000065,221,536,-315
121000066,904,702,202
121000067,450,975,-525
121000068,422,491,-69
121000069,112,1705,-1593
121000070,1208,1440,-232
121000071,2204,1705,499
121000072,479,1670,-1191
121000073,1202,2609,-1407
121000074,31,712,-681
121000075,16,101,-85
121000076,498,332,166
121000077,129,234,-105
121000078,100,176,-76
121000080,1784,601,1183
121000081,3508,4348,-840
121000082,118,295,-177
121000083,49,154,-105
121000084,189,146,43
121000085,243,700,-457
121000086,1489,761,728
121000087,101,209,-108
121000088,924,989,-65
121000089,233,645,-412
121000090,347,294,53
121000091,1549,853,696
121000092,255,59,196
121000093,346,144,202
121000094,467,1015,-548
121000095,206,743,-537
121000096,7139,1610,5529
121000097,477,2045,-1568
121000098,1066,461,605
121000099,1565,451,1114
121000100,1741,169,1572
121000101,753,113,640
121000102,703,163,540
121000103,400,376,24
121000104,594,179,415
121000105,646,48,598
121000106,673,238,435
121000107,1875,2436,-561
121000109,1035,882,153
121000110,174,779,-605
121000114,3171,1773,1398
121000115,2187,454,1733
121000116,324,636,-312
121000117,254,300,-46
121000118,1831,178,1653
121000119,565,314,251
121000120,931,1066,-135
121000121,690,1514,-824
121000123,854,299,555
121000127,478,150,328
121000128,2350,98,2252
121000129,2094,232,1862
121000130,1228,1108,120
121000131,2496,899,1597
121000132,859,774,85
121000135,196,188,8
121000136,711,1638,-927
121000137,631,502,129
121000138,420,2729,-2309
121000139,165,879,-714
121000141,236,239,-3
121000142,760,574,186
121000143,87,30,57
121000144,537,662,-125
121000145,1233,855,378
121000146,1734,949,785
121000147,1905,803,1102
121000148,1161,602,559
121000149,4254,2387,1867
121000152,303,403,-100
121000153,1496,373,1123
121000154,1965,536,1429
121000155,2653,936,1717
121000156,575,895,-320
121000157,454,920,-466
121000158,295,191,104
121000159,252,290,-38
121000160,379,229,150
121000161,221,381,-160
121000162,285,78,207
121000165,1001,2174,-1173
121000166,111,635,-524
121000168,666,198,468
121000169,140,86,54
121000170,579,86,493
121000171,91,104,-13
121000172,1517,2059,-542
121000173,1622,1603,19
121000174,1087,630,457
121000175,2528,367,2161
121000176,597,279,318
121000177,1090,661,429
121000178,93,70,23
121000179,22,147,-125
121000181,328,410,-82
121000182,252,710,-458
121000183,34,343,-309
121000184,8,226,-218
121000185,40,422,-382
121000186,293,946,-653
121000187,295,157,138
121000188,534,21,513
121000192,1165,252,913
121000193,1186,210,976
121000194,1918,1732,186
121000195,295,1246,-951
121000196,624,411,213
121000197,139,914,-775
121000198,126,225,-99
121000199,374,261,113
121000200,995,233,762
121000201,4,215,-211
121000202,775,104,671
121000203,814,1298,-484
121000204,4016,491,3525
121000205,198,203,-5
121000206,90,79,11
121000207,3468,812,2656
121000208,21,344,-323
121000209,1417,88,1329
121000210,1186,531,655
121000211,793,87,706
121000212,770,602,168
121000213,16446,4146,12300
121000214,1310,3354,-2044
121000215,801,1752,-951
121000216,641,807,-166
121000217,4839,5063,-224
121000218,668,1883,-1215
121000219,1955,998,957
121000220,353,77,276
121000221,1157,795,362
121000222,7915,3290,4625
121000223,210,715,-505
121000224,90,519,-429
121000225,660,11470,-10810
121000226,1274,3500,-2226
121000227,46,186,-140
121000228,30,632,-602
121000229,851,282,569
121000230,79,3770,-3691
121000231,2616,55,2561
121000232,402,300,102
121000233,1217,523,694
121000234,6,40,-34
121000235,36,166,-130
121000236,2,43,-41
121000237,35,54,-19
121000238,2,92,-90
121000239,151,23,128
121000240,13,148,-135
121000241,120,11,109
121000242,10,209,-199
121000243,356,45,311
121000244,5,30,-25
121000245,19,12,7
121000246,1,67,-66
121000247,175,7,168
121000248,536,446,90
121000249,185,305,-120
121000250,819,919,-100
121000251,24,306,-282
121000252,241,152,89
121000253,582,811,-229
121000254,1663,361,1302
121000255,132,430,-298
121000256,418,477,-59
121000257,45,315,-270
121000258,47,271,-224
121000259,11,171,-160
121000260,13,135,-122
121000261,82,318,-236
121000262,1821,285,1536
121000263,708,1328,-620
121000271,1330,1861,-531
121000273,66,19,47
121000274,25,379,-354
121000275,17,3,14
121000276,2,162,-160
121000278,171,102,69
121000279,72,50,22
121000280,35,151,-116
121000289,627,15,612
121000290,1047,1447,-400
121000294,650,44,606
121000297,247,1405,-1158
121000299,183,5610,-5427
121000300,1594,705,889
121000302,10,539,-529
121000303,1179,202,977
121000304,805,40,765
121000305,505,65,440
121000306,414,197,217
121000308,100,152,-52
121000309,164,186,-22
121000310,210,170,40
121000311,63,173,-110
121000312,641,353,288
121000313,211,182,29
121000314,20,54,-34
121000315,42,143,-101
121000530,3150,1714,1436
121000531,2871,2323,548
121000532,5465,6134,-669
121000533,4568,3035,1533
121000918,5,115,-110
121000919,24,129,-105
121000938,129,159,-30
121000939,65,329,-264
121000956,3257,2511,746
121000957,18,47,-29
121000958,6,184,-178
121000959,2430,313,2117
121000960,2043,1835,208
121000961,565,51,514
121000962,269,249,20
121000973,2,632,-630
121000976,8,99,-91
121000979,306,76,230
121000981,905,97,808
121000982,794,385,409
121000983,1191,74,1117
121000984,1,26,-25
121000985,2089,684,1405
121000986,1519,285,1234
121000987,421,612,-191
121000988,2030,105,1925
121001302,280,69,211
121001308,0,30,-30
121001309,10,688,-678
121001311,0,0,0
121001313,496,326,170
121001314,2521,2429,92
121001315,6222,4923,1299
121001326,516,498,18
121900001,180,746,-566
121900002,61,221,-160
121900003,695,18,677
121900004,30,929,-899
121900005,31,5,26
121900006,314,16,298
121900007,1931,1797,134
121900008,51,146,-95
121900009,1316,18,1298
121900010,455,0,455
121900011,252,58,194
121900012,10,3,7
121900013,40,63,-23
121900014,2996,496,2500
121900015,103,86,17
121900016,16,41,-25
121900017,836,1644,-808
121900018,968,8,960
121900019,758,123,635
121900020,103,8,95
121900021,1490,82,1408
121900022,510,160,350
121900023,292,311,-19
121900024,403,24,379
121900025,733,394,339
121900026,329,112,217
121900027,355,159,196
121900028,264,6,258
121900029,71,326,-255
121900030,478,495,-17
121900031,1132,9337,-8205
121900032,150,50,100
121900033,93,233,-140
121900034,198,315,-117
121900035,5888,3423,2465
121900036,246,289,-43
121900037,180,811,-631
121900038,26,20,6
121900039,439,36,403
121900040,43,62,-19
121900041,60,173,-113
121900042,635,119,516
121900043,0,0,0
121900044,70,44,26
121900046,225,109,116
121900047,114,80,34
121900048,44,41,3
121900050,47,93,-46
121900051,191,365,-174
121900052,243,24,219
121900053,473,518,-45
121900054,658,2521,-1863
121900055,8,15,-7
121900058,424,241,183
121900059,580,200,380
121900060,114,387,-273
121900061,200,221,-21
121900062,145,80,65
121900063,2461,285,2176
121900064,666,608,58
121900066,146,69,77
121900067,126,299,-173
121900069,113,191,-78
121900070,76,174,-98
121900071,1183,356,827
121900072,111,88,23
121900073,302,221,81
121900074,398,467,-69
121900075,287,854,-567
121900076,653,1143,-490
121900078,100,122,-22
121900079,0,0,0
121900080,995,161,834
121900082,118,48,70
121900084,18,16,2
121900086,41,45,-4
121900087,140,49,91
121900088,1393,1784,-391
121900089,702,172,530
121900090,24,72,-48
121900091,106,39,67
121900092,320,61,259
121900093,57,61,-4
121900094,15,21,-6
121900095,533,120,413
121900096,1366,516,850
121900097,818,82,736
121900098,10,2,8
121900099,623,27,596
121900100,25,206,-181
121900101,138,86,52
121900102,3,73,-70
121900103,497,178,319
121900104,2631,391,2240
121900105,212,131,81
121900106,4,26,-22
121900107,192,25,167
121900108,0,44,-44
121900109,210,75,135
121900110,886,271,615
121900111,498,404,94
121900112,152,94,58
121900113,26,624,-598
121900114,130,78,52
121900117,162,147,15
121900118,1751,568,1183
121900119,156,277,-121
121900120,46,773,-727
121900121,341,4,337
121900122,154,76,78
121900123,331,417,-86
121900124,270,128,142
121900125,2558,1297,1261
121900127,19,75,-56
121900128,191,45,146
121900129,247,98,149
121900130,83,262,-179
121900131,381,52,329
121900132,187,92,95
121900133,40,615,-575
121900134,3,263,-260
121900135,4138,382,3756
121900136,299,664,-365
121900137,39,444,-405
121900138,71,333,-262
121900139,377,2057,-1680
121900140,90,72,18
121900141,85,33,52
121900142,100,26,74
121900143,13,91,-78
121900144,109,531,-422
121900145,155,628,-473
121900146,428,383,45
121900147,117,220,-103
121900148,119,222,-103
121900149,361,291,70
121900150,94,149,-55
121900151,15,218,-203
121900152,207,79,128
121900153,3,163,-160
121900154,3,347,-344
121900155,2,582,-580
121900156,178,123,55
121900157,3,128,-125
121900158,157,145,12
121900159,0,57,-57
121900160,126,214,-88
121900161,91,146,-55
121900162,55,90,-35
121900163,1023,203,820
121900164,173,167,6
121900165,190,210,-20
121900166,121,115,6
121900167,114,45,69
121900168,162,19,143
121900169,23,184,-161
121900170,17,109,-92
121900171,1176,406,770
121900172,687,267,420
121900173,677,344,333
121900174,159,26,133
121900175,66,919,-853
121900176,1149,1173,-24
121900177,330,102,228
121900178,54,53,1
121900179,279,377,-98
121900180,1194,8659,-7465
121900182,577,589,-12
121900183,258,2649,-2391
121900184,13,763,-750
121900186,18,474,-456
121900187,20,53,-33
121900188,1486,107,1379
121900189,70,85,-15
121900190,273,316,-43
121900191,18,567,-549
121900192,291,2614,-2323
121900193,58,128,-70
121900194,4,174,-170
121900195,2,34,-32
121900196,1153,1164,-11
121900197,372,810,-438
121900198,2853,3451,-598
121900199,5,29,-24
121900200,52,358,-306
121900201,875,1181,-306
121900202,172,1611,-1439
121900203,29,1059,-1030
121900204,1204,2309,-1105
121900205,21,88,-67
121900206,23,67,-44
121900207,42,56,-14
121900208,122,541,-419
121900209,208,88,120
121900210,3194,1612,1582
121900211,910,363,547
121900212,30,219,-189
121900213,1019,37,982
121900214,2,561,-559
121900215,99,194,-95
121900216,4,352,-348
121900217,81,251,-170
121900218,125,740,-615
121900220,147,16,131
121900221,418,471,-53
121900222,445,25,420
121900223,131,149,-18
121900224,108,162,-54
121900225,101,425,-324
121900226,214,31,183
121900227,423,2358,-1935
121900228,162,348,-186
121900230,34,310,-276
121900231,41,1131,-1090
121900232,97,417,-320
121900233,376,203,173
121900234,296,259,37
121900235,1243,115,1128
121900236,400,179,221
121900237,144,650,-506
121900238,180,219,-39
121900239,106,42,64
121900240,90,89,1
121900241,38,46,-8
121900242,103,0,103
121900243,11,0,11
121900244,25,0,25
121900245,374,38,336
121900246,8562,263,8299
121900248,1571,606,965
121900250,207,185,22
121900251,417,18,399
121900252,368,100,268
121900253,64,763,-699
121900254,191,231,-40
121900255,658,53,605
121900258,4795,1944,2851
121900259,296,450,-154
121900260,170,64,106
121900261,108,510,-402
121900262,395,1286,-891
121900263,332,184,148
121900264,521,822,-301
121900265,687,74,613
121900266,1330,178,1152
121900267,244,17,227
121900269,450,1060,-610
121900270,95,201,-106
121900271,114,121,-7
121900273,598,2346,-1748
121900274,1022,228,794
121900277,299,777,-478
121900278,196,1026,-830
121900279,269,122,147
121900280,126,402,-276
121900281,130,293,-163
121900284,25,2,23
121900286,200,168,32
121900287,4,95,-91
121900288,3,3,0
121900290,104,954,-850
121900291,359,786,-427
121900292,252,105,147
121900293,897,5192,-4295
121900294,526,16,510
121900295,233,67,166
121900296,137,248,-111
121900298,173,1256,-1083
121900299,0,39,-39
121900300,43,20,23
121900301,56,3,53
121900302,16,165,-149
121900303,261,560,-299
121900304,68,16,52
121900305,51,26,25
121900306,954,2,952
121900307,525,18,507
121900308,21,92,-71
121900309,4,149,-145
121900310,65,134,-69
121900311,962,10,952
121900312,696,17,679
121900313,788,4,784
121900314,4,6,-2
121900315,99,0,99
121900316,1,5,-4
121900317,31,19,12
121900318,0,0,0
121900319,79,318,-239
121900320,39,20,19
121900321,78,17,61
121900322,1,8,-7
121900323,19,42,-23
121900324,0,51,-51
121900325,37,1,36
121900326,3,3,0
121900327,16,29,-13
121900328,1,14,-13
121900329,7,51,-44
121900330,0,133,-133
121900331,10,125,-115
121900332,107,43,64
121900333,170,1,169
121900334,63,91,-28
122000001,1604,3318,-1714
122000002,2863,516,2347
122000003,742,2047,-1305
122000004,1053,1179,-126
122000005,5150,2070,3080
122000006,473,714,-241
122000007,497,800,-303
122000008,720,1882,-1162
122000009,282,357,-75
122000010,2017,2321,-304
122000011,2967,1143,1824
122000012,417,1461,-1044
122000013,590,1075,-485
122000014,6667,1362,5305
122000015,1175,595,580
122000016,486,496,-10
122000017,904,935,-31
122000018,2219,1406,813
122000019,740,2073,-1333
122000020,132,389,-257
122000021,134,297,-163
122000022,832,1047,-215
122000023,628,1507,-879
122000024,293,1580,-1287
122000025,408,2024,-1616
122000026,305,889,-584
122000027,547,552,-5
122000028,1442,529,913
122000029,455,719,-264
122000030,123,122,1
122000031,190,403,-213
122000032,2381,1688,693
122000033,278,1369,-1091
122000034,307,930,-623
122000035,165,377,-212
122000036,528,348,180
122000037,424,200,224
122000038,216,304,-88
122000039,474,388,86
122000040,184,250,-66
122000041,1063,990,73
122000042,372,836,-464
122000043,82,139,-57
122000044,60,129,-69
122000045,1369,722,647
122000046,698,763,-65
122000047,42,167,-125
122000048,2220,3699,-1479
122000049,5030,4525,505
122000050,477,443,34
122000051,194,501,-307
122000052,394,503,-109
122000053,302,1496,-1194
122000054,2465,1724,741
122000055,1667,2600,-933
122000056,2636,1885,751
122000057,2289,2299,-10
122000058,407,1223,-816
122000059,503,1927,-1424
122000060,245,495,-250
122000061,147,313,-166
122000062,527,281,246
122000063,284,1310,-1026
122000064,2486,3724,-1238
122000065,2409,2454,-45
122000066,270,926,-656
122000067,1103,1734,-631
122000068,2958,1292,1666
122000069,1047,1150,-103
122000070,1689,1607,82
122000071,4461,1103,3358
122000072,777,522,255
122000073,180,893,-713
122000074,2524,1502,1022
122000075,1101,862,239
122000076,3588,1263,2325
122000077,461,1490,-1029
122000078,403,1462,-1059
122000079,164,2057,-1893
122000080,513,301,212
122000081,171,182,-11
122000082,222,1242,-1020
122000083,6242,978,5264
122000084,5232,1635,3597
122000085,380,1246,-866
122000086,2996,6989,-3993
122000087,163,226,-63
122000088,52,198,-146
122000089,5057,3116,1941
122000090,388,1115,-727
122000091,74,639,-565
122000092,75,268,-193
122000093,1409,4262,-2853
122000094,5794,2438,3356
122000095,607,3660,-3053
122000096,326,2817,-2491
122000098,4336,3669,667
122000099,376,2761,-2385
122000100,646,448,198
122000101,230,996,-766
122000102,3191,1104,2087
122000103,1323,1776,-453
122000104,1935,184,1751
122000105,456,514,-58
122000106,560,2029,-1469
122000107,1553,303,1250
122000108,634,741,-107
122000109,376,222,154
122000110,710,518,192
122000111,1853,1221,632
122000112,1913,1915,-2
122000113,876,375,501
122000114,1350,4008,-2658
122000115,3942,2002,1940
122000116,267,1243,-976
122000117,1585,1175,410
122000118,996,897,99
122000119,2440,1619,821
122000120,794,2515,-1721
122000121,1455,2391,-936
122000122,807,931,-124
122000123,1436,1968,-532
122000124,802,555,247
122000125,268,666,-398
122000126,255,424,-169
122000127,206,717,-511
122000128,424,328,96
122000129,469,3325,-2856
122000130,3101,987,2114
122000131,1647,905,742
122000132,210,510,-300
122000133,1210,468,742
122000134,1827,788,1039
122000135,696,169,527
122000136,1048,747,301
122000137,2730,442,2288
122000139,847,3699,-2852
122000140,128,1101,-973
122000141,2816,1884,932
122000142,116,1538,-1422
122000143,313,497,-184
122000144,2762,852,1910
122000145,858,2266,-1408
122000146,568,3056,-2488
122000147,571,1126,-555
122000148,298,1566,-1268
122000149,1977,744,1233
122000150,2308,1018,1290
122000151,189,284,-95
122000152,440,332,108
122000153,404,234,170
122000154,230,173,57
122000155,1086,2669,-1583
122000156,11775,5278,6497
122000157,490,11905,-11415
122000158,478,943,-465
122000159,1642,762,880
122000160,2843,1362,1481
122000161,1566,1233,333
122000162,614,1277,-663
122000163,339,109,230
122000164,50,180,-130
122000165,858,1675,-817
122000166,506,2414,-1908
122000167,228,547,-319
122000168,217,1327,-1110
122000169,293,153,140
122000170,392,263,129
122000171,35,72,-37
122000172,2251,1342,909
122000173,1813,2279,-466
122000174,970,4432,-3462
122000175,451,255,196
122000176,388,1708,-1320
122000177,780,1765,-985
122000178,3817,3629,188
122000179,3636,4424,-788
122000180,546,880,-334
122000181,636,1534,-898
122000182,746,946,-200
122000183,2098,1140,958
122000184,2983,3172,-189
122000185,1194,2581,-1387
122000186,737,1354,-617
122000187,2084,956,1128
122000188,326,235,91
122000189,247,283,-36
122000190,562,2149,-1587
122000191,628,682,-54
122000192,1236,554,682
122000193,546,860,-314
122000194,406,256,150
122000195,229,1327,-1098
122000196,1702,336,1366
122000197,753,641,112
122000198,369,2343,-1974
122000199,197,267,-70
122000200,784,696,88
122000201,922,3047,-2125
122000202,750,3057,-2307
122000203,2323,1550,773
122000204,1863,1141,722
122000205,963,566,397
122000206,5667,1265,4402
122000207,2479,2206,273
122000208,2295,1724,571
122000209,2547,462,2085
122000210,2929,2084,845
122000211,1308,1670,-362
122000212,778,538,240
122000213,1058,1814,-756
122000214,1842,1800,42
122000215,2578,2665,-87
122000217,1252,1785,-533
122000218,644,63,581
122000219,1458,632,826
122000220,262,854,-592
122000221,130,305,-175
122000222,590,113,477
122000223,757,983,-226
122000225,851,853,-2
122000226,1710,1709,1
122000227,239,1482,-1243
122000228,436,696,-260
122000229,64,1830,-1766
122000230,23,529,-506
122000231,359,1163,-804
122000232,470,446,24
122000233,0,78,-78
122000234,1096,36,1060
122000235,578,75,503
122000236,2206,55,2151
122000237,176,280,-104
122000238,360,653,-293
122000239,663,1385,-722
122000240,1761,545,1216
122000241,4224,536,3688
122000242,672,62,610
122000243,552,111,441
122000244,124,314,-190
122000245,335,69,266
122000246,745,366,379
122000247,1058,2405,-1347
122000248,973,1084,-111
122000249,2796,2726,70
122000250,2434,1279,1155
122000251,153,160,-7
122000252,331,27,304
122000253,260,154,106
122000254,695,44,651
122000255,670,648,22
122000256,645,529,116
122000257,651,287,364
122000258,377,146,231
122000259,83,185,-102
122000260,5,120,-115
122000261,14,263,-249
122000262,0,28,-28
122000263,254,89,165
122000264,2433,338,2095
122000265,3085,1119,1966
122000266,4157,978,3179
122000267,57,81,-24
122000268,249,99,150
122000269,1258,211,1047
122000270,665,207,458
122000271,247,2900,-2653
122000272,566,585,-19
122000273,1096,210,886
122000274,448,196,252
122000275,54,227,-173
122000276,2594,753,1841
122000277,1277,3586,-2309
122000278,2945,566,2379
122000279,341,356,-15
122000280,649,729,-80
122000281,632,258,374
122000282,147,888,-741
122000283,345,458,-113
122000284,59,476,-417
122000285,515,117,398
122000286,121,245,-124
122000287,1017,716,301
122000288,1460,1451,9
122000291,3789,825,2964
122000293,208,264,-56
122000294,184,679,-495
122000295,1746,773,973
122000296,47,2053,-2006
122000297,1443,4368,-2925
122000299,1048,183,865
122000300,420,658,-238
122000301,5108,5010,98
122000302,465,5971,-5506
122000303,1846,1336,510
122000304,6,127,-121
122000305,2865,363,2502
122000306,145,248,-103
122000307,111,186,-75
122000309,22,68,-46
122000310,9,95,-86
122000311,29,83,-54
122000312,132,202,-70
122000313,11,181,-170
122000314,301,774,-473
122000315,423,21,402
122000316,2228,347,1881
122000317,4429,216,4213
122000318,315,1861,-1546
122000319,1993,622,1371
122000320,230,363,-133
122000321,96,142,-46
122000322,1068,1800,-732
122000323,382,1537,-1155
122000324,1771,2166,-395
122000325,902,2109,-1207
122000326,251,40,211
122000327,314,874,-560
122000328,618,497,121
122000330,2369,1841,528
122000332,223,544,-321
122000333,12,49,-37
122000337,2023,1256,767
122000338,686,107,579
122000340,213,4061,-3848
122000342,1427,887,540
122000343,696,418,278
122000344,151,11,140
122000345,4,10,-6
122000346,392,122,270
122000348,716,384,332
122000349,69,209,-140
122000351,563,154,409
122000352,169,179,-10
122000353,259,49,210
122000355,103,508,-405
122000356,216,1652,-1436
122000357,101,17,84
122000358,0,16,-16
122000359,1,36,-35
122000360,0,3,-3
122000362,25,30,-5
122000364,608,120,488
122000365,1,42,-41
122000366,49,5,44
122000368,673,692,-19
122000370,78,54,24
122000371,33,1,32
122000372,71,0,71
122000381,264,388,-124
122000382,47,115,-68
122000384,1183,1139,44
122000385,94,1,93
122000386,131,1768,-1637
122000387,587,2001,-1414
122000388,2177,1458,719
122000389,189,1103,-914
122000390,233,766,-533
122000391,57,1935,-1878
122000392,86,142,-56
122000393,75,302,-227
122000394,932,121,811
122000395,228,160,68
122000396,545,66,479
122000397,60,122,-62
122000398,23,194,-171
122000399,277,82,195
122000400,56,1544,-1488
122000401,257,62,195
122000402,1175,142,1033
122000403,432,321,111
122000404,478,137,341
122000408,742,891,-149
122000503,7,110,-103
122000524,64,208,-144
122000544,120,3655,-3535
122000614,150,136,14
122000616,207,2,205
122000640,248,76,172
122000641,336,173,163
122000642,1798,439,1359
122000643,105,206,-101
122000644,111,59,52
122000645,53,155,-102
122000651,356,1536,-1180
122000664,299,51,248
122000665,1452,377,1075
122000666,461,565,-104
122000673,56,185,-129
122000674,1001,349,652
122000675,4022,596,3426
122000686,376,2557,-2181
122000687,3115,891,2224
122000688,360,521,-161
122000689,3368,307,3061
122000690,6512,458,6054
122000691,1490,693,797
122000692,2167,732,1435
122000693,373,624,-251
122000695,632,188,444
122000696,1467,128,1339
122000698,505,236,269
122000699,810,66,744
122000701,3708,236,3472
122000702,732,880,-148
122000703,373,61,312
122000717,66,128,-62
122000718,433,3947,-3514
122000719,44,70,-26
122000720,1746,105,1641
122000724,221,234,-13
122900001,53,19,34
122900002,953,6772,-5819
122900003,967,6,961
122900004,4740,298,4442
122900005,42,262,-220
122900006,389,2350,-1961
122900007,336,3332,-2996
122900008,243,460,-217
122900009,377,295,82
122900010,282,130,152
122900012,239,296,-57
122900014,116,88,28
122900015,945,544,401
122900016,238,148,90
122900017,1454,1163,291
122900018,344,4,340
122900019,4,155,-151
122900020,289,214,75
122900021,337,835,-498
122900022,1876,1280,596
122900023,768,103,665
122900024,163,138,25
122900025,11,687,-676
122900026,8,106,-98
122900027,63,1200,-1137
122900028,56,57,-1
122900029,6573,2526,4047
122900030,2219,333,1886
122900031,204,459,-255
122900032,527,282,245
122900033,209,117,92
122900034,3587,5404,-1817
122900035,57,7,50
122900036,54,45,9
122900037,639,339,300
122900038,89,3521,-3432
122900039,82,480,-398
122900040,283,1202,-919
122900041,171,632,-461
122900042,199,132,67
122900043,620,262,358
122900044,108,442,-334
122900045,166,150,16
122900046,87,472,-385
122900047,131,104,27
122900048,27,287,-260
122900049,3558,67,3491
122900051,41,424,-383
122900052,167,74,93
122900053,30,35,-5
122900055,347,66,281
122900057,348,20,328
122900061,748,27,721
122900062,686,1031,-345
122900063,365,143,222
122900064,1570,1637,-67
122900065,811,160,651
122900066,1013,208,805
122900067,645,915,-270
122900069,577,2833,-2256
122900070,637,92,545
122900071,173,606,-433
122900073,2,28,-26
122900074,2399,145,2254
122900076,3,76,-73
122900077,0,63,-63
122900078,454,6,448
122900080,115,62,53
122900081,249,52,197
122900082,2638,46,2592
122900083,315,20,295
122900084,22,50,-28
122900086,42,2816,-2774
122900087,620,154,466
122900088,37,956,-919
122900089,69,548,-479
122900090,3,276,-273
122900091,1022,0,1022
122900092,5,56,-51
122900093,0,61,-61
122900094,0,69,-69
122900095,490,47,443
122900096,1196,96,1100
122900097,27,92,-65
122900098,16,153,-137
122900099,359,147,212
122900100,86,1721,-1635
122900101,513,404,109
122900102,151,116,35
122900103,853,22,831
122900104,849,17,832
122900105,61,32,29
122900106,8,30,-22
122900107,1,40,-39
122900108,5,97,-92
122900109,828,65,763
123000001,770,1037,-267
123000002,2229,6626,-4397
123000003,5688,4634,1054
123000004,3132,3404,-272
123000005,4335,2444,1891
123000006,2657,1789,868
123000007,5766,4394,1372
123000008,2374,3816,-1442
123000009,5649,3504,2145
123000010,3068,3361,-293
123000011,1968,1399,569
123000012,562,3370,-2808
123000013,6812,1489,5323
123000014,734,3103,-2369
123000015,3276,1224,2052
123000016,2506,2780,-274
123000017,5630,2502,3128
123000018,155,115,40
123000019,1412,48,1364
123000020,979,41,938
123000021,590,756,-166
123000022,1609,3368,-1759
123000023,2444,4064,-1620
123000024,2595,1033,1562
123000025,924,141,783
123000026,20,133,-113
123000027,48,838,-790
123000028,543,4059,-3516
123000029,573,2303,-1730
123000030,486,241,245
123000031,937,190,747
123000032,1454,244,1210
123000033,782,156,626
123000034,1600,1042,558
123000035,431,868,-437
123000036,233,1697,-1464
123000037,468,221,247
123000038,59,279,-220
123000039,684,1620,-936
123000040,779,199,580
123000041,810,1127,-317
123000042,623,973,-350
123000043,1531,15951,-14420
123000044,2810,2179,631
123000045,2652,1423,1229
123000046,263,1318,-1055
123000047,352,546,-194
123000048,122,1940,-1818
123000049,4706,9640,-4934
123000050,3345,1943,1402
123000051,240,436,-196
123000052,1179,3272,-2093
123000053,2653,2453,200
123000054,3898,2757,1141
123000055,2717,6803,-4086
123000056,1521,659,862
123000057,3507,5086,-1579
123000058,864,1765,-901
123000059,173,668,-495
123000060,2000,705,1295
123000061,519,631,-112
123000063,1891,1356,535
123000064,2264,154,2110
123000065,2622,3276,-654
123000066,332,513,-181
123000067,1616,413,1203
123000068,1669,1579,90
123000069,2033,1071,962
123000070,193,245,-52
123000071,3252,527,2725
123000072,1225,464,761
123000073,3457,663,2794
123000074,1369,539,830
123000075,460,2504,-2044
123000076,1215,314,901
123000077,2435,853,1582
123000078,4312,694,3618
123000079,4267,1015,3252
123000080,3289,646,2643
123000081,373,246,127
123000082,312,462,-150
123000083,1346,311,1035
123000084,895,443,452
123000085,1030,95,935
123000086,1747,61,1686
123000087,698,170,528
123000088,1480,771,709
123000089,1951,797,1154
123000090,1980,719,1261
123000091,2502,1411,1091
123000092,1439,1312,127
123000094,1168,99,1069
123000095,1952,2175,-223
123000096,2095,405,1690
123000097,1071,214,857
123000098,1835,226,1609
123000099,1248,201,1047
123000100,256,722,-466
123000101,395,188,207
123000102,563,1505,-942
123000104,580,447,133
123000105,470,151,319
123000106,965,237,728
123000107,344,125,219
123000108,548,760,-212
123000111,2069,466,1603
123000112,2851,323,2528
123000113,759,567,192
123000114,371,1079,-708
123000115,792,1035,-243
123000116,95,84,11
123000117,4445,1741,2704
123000118,925,354,571
123000119,534,473,61
123000120,237,621,-384
123000121,993,487,506
123000122,572,219,353
123000123,1022,450,572
123000124,581,179,402
123000125,1996,885,1111
123000126,1295,4670,-3375
123000127,626,503,123
123000128,420,113,307
123000129,1812,97,1715
123000130,1795,39,1756
123000131,2390,1103,1287
123000132,375,287,88
123000133,345,70,275
123000134,279,58,221
123000135,4823,2368,2455
123000136,168,239,-71
123000137,313,79,234
123000138,316,153,163
123000139,1272,43,1229
123000140,85,316,-231
123000141,668,104,564
123000142,1506,816,690
123000143,1135,1894,-759
123000144,3,93,-90
123000145,200,889,-689
123000146,32,275,-243
123000147,68,348,-280
123000149,516,191,325
123000150,201,169,32
123000151,180,439,-259
123000152,22,554,-532
123000153,129,927,-798
123000154,1071,2763,-1692
123000155,1531,2459,-928
123000156,44,43,1
123000157,1308,1110,198
123000158,514,1316,-802
123000159,2936,7531,-4595
123000160,1399,2115,-716
123000161,1869,1799,70
123000162,2715,3287,-572
123000163,1502,229,1273
123000164,4268,181,4087
123000165,122,677,-555
123000166,4,73,-69
123000167,149,103,46
123000168,595,100,495
123000169,1819,128,1691
123000170,295,34,261
123000171,2674,12,2662
123000172,80,283,-203
123000173,917,356,561
123000174,868,641,227
123000175,217,569,-352
123000176,1342,367,975
123000177,228,823,-595
123000178,1652,272,1380
123000179,15,431,-416
123000180,2580,345,2235
123000181,267,599,-332
123000182,398,228,170
123000183,230,782,-552
123000184,28,396,-368
123000185,1670,999,671
123000186,2,138,-136
123000187,1109,23,1086
123000188,659,2,657
123000189,349,110,239
123000190,96,81,15
123000192,3,198,-195
123000193,22,294,-272
123000194,212,104,108
123000195,673,9,664
123000196,848,82,766
123000197,221,202,19
123000198,113,288,-175
123000199,42,268,-226
123000200,885,5,880
123000201,2060,15,2045
123000202,19,179,-160
123000203,2374,35,2339
123000204,40,349,-309
123000205,115,435,-320
123000206,4721,164,4557
123000207,84,314,-230
123000208,1639,60,1579
123000209,2750,605,2145
123000210,75,602,-527
123000211,260,931,-671
123000212,7150,432,6718
123000213,902,38,864
123000215,134,264,-130
123000216,139,1802,-1663
123000217,325,144,181
123000218,12,817,-805
123000219,662,189,473
123000220,937,590,347
123000221,393,86,307
123000222,517,202,315
123000223,1225,148,1077
123000224,849,254,595
123000225,599,38,561
123000226,363,170,193
123000227,164,188,-24
123000228,621,65,556
123000229,677,625,52
123000232,86,348,-262
123000233,1496,112,1384
123000234,159,1011,-852
123000235,2963,239,2724
123000236,473,435,38
123000237,1135,169,966
123000238,39,280,-241
123000239,487,364,123
123000240,108,913,-805
123000241,304,73,231
123000242,133,240,-107
123000243,1072,886,186
123000244,904,521,383
123000245,5,143,-138
123000249,269,692,-423
123000252,1183,472,711
123000253,2793,545,2248
123000254,876,401,475
123000255,1986,1011,975
123000256,3,121,-118
123000257,1613,1651,-38
123000258,980,627,353
123000259,812,635,177
123000260,1051,220,831
123000261,602,146,456
123000262,40,80,-40
123000263,944,73,871
123000264,309,74,235
123000265,17,81,-64
123000266,650,547,103
123000267,1403,282,1121
123000268,62,46,16
123000269,85,53,32
123000270,60,38,22
123000271,37,29,8
123000272,779,389,390
123000273,578,1197,-619
123000274,2187,711,1476
123000275,269,670,-401
123000278,1615,5311,-3696
123000279,336,110,226
123000280,380,553,-173
123000281,545,143,402
123000282,81,126,-45
123000283,366,65,301
123000284,77,93,-16
123000286,130,427,-297
123000287,287,221,66
123000288,842,1511,-669
123000289,179,2211,-2032
123000291,188,639,-451
123000294,203,162,41
123000295,736,1452,-716
123000296,1469,649,820
123000297,1672,318,1354
123000298,2929,320,2609
123000299,249,145,104
123000300,2049,1172,877
123000301,329,949,-620
123000302,373,51,322
123000303,187,925,-738
123000305,676,634,42
123000306,504,52,452
123000309,60,50,10
123000310,77,40,37
123000311,1,41,-40
123000312,537,259,278
123000313,1122,1743,-621
123000315,559,141,418
123000316,1206,988,218
123000317,414,201,213
123000318,15,300,-285
123000329,21,21,0
123000337,302,341,-39
123000338,137,469,-332
123000339,827,64,763
123000340,117,270,-153
123000342,1,52,-51
123000343,152,10,142
123000344,499,101,398
123000345,340,140,200
123000346,929,96,833
123000352,1161,562,599
123000353,109,66,43
123000354,2231,8,2223
123000355,0,426,-426
123000356,630,51,579
123000357,2,103,-101
123000359,26,57,-31
123000360,280,477,-197
123000361,390,172,218
123000362,704,89,615
123000363,261,80,181
123000364,588,873,-285
123000365,16,445,-429
123000366,326,3457,-3131
123000367,296,389,-93
123000370,39,319,-280
123000371,1216,103,1113
123000372,734,190,544
123000373,17,225,-208
123000374,10,139,-129
123000375,571,800,-229
123000376,1483,927,556
123000377,1108,15,1093
123000378,3,143,-140
123000379,5,208,-203
123000380,5,198,-193
123000381,46,98,-52
123000382,679,186,493
123000383,78,837,-759
123000384,1422,178,1244
123000385,188,337,-149
123000436,132,1969,-1837
123000507,43,125,-82
123000508,171,1721,-1550
123000517,237,8,229
123000518,10,57,-47
123000519,186,55,131
123000520,48,52,-4
123000521,723,38,685
123000522,143,64,79
123000541,46,5,41
123000542,0,3,-3
123000565,1482,94,1388
123000566,1348,129,1219
123000567,285,105,180
123000573,52,454,-402
123000574,1911,133,1778
123000575,4447,274,4173
123000576,1652,700,952
123000577,137,520,-383
123000578,829,57,772
123000579,1137,8845,-7708
123000580,163,162,1
123000582,762,18,744
123000583,2,145,-143
123000584,276,133,143
123000585,0,23,-23
123000586,497,1,496
123000596,40,56,-16
123000597,129,301,-172
123000602,306,28,278
123000603,2817,270,2547
123000604,1903,281,1622
123000605,1264,27,1237
123000606,1,996,-995
123000609,17,334,-317
123000610,85,110,-25
123000613,187,38,149
123000614,644,33,611
123000615,127,112,15
123000616,2270,58,2212
123000617,108,142,-34
123000618,18,357,-339
123000619,932,42,890
123000620,2,189,-187
123000622,1143,42,1101
123000624,661,103,558
123000630,3938,1096,2842
123000631,376,527,-151
123000632,807,511,296
123000633,0,401,-401
123000634,38,986,-948
123000635,96,362,-266
123000636,86,453,-367
123000637,596,23,573
123000638,2002,98,1904
123000639,1346,11042,-9696
123000640,13,171,-158
123000648,1376,63,1313
123000649,31,234,-203
123900001,1519,85,1434
123900002,19,1529,-1510
123900003,87,284,-197
123900005,434,244,190
123900006,972,103,869
124000001,3707,282,3425
124000002,16,591,-575
124000003,1990,297,1693
124000004,197,221,-24
124000005,1625,3713,-2088
124000006,312,400,-88
124000007,1797,256,1541
124000008,12,906,-894
124000009,1565,741,824
124000010,998,717,281
124000011,1108,1032,76
124000012,644,246,398
124000017,430,87,343
124000018,270,138,132
124000019,435,119,316
124000020,104,111,-7
124000021,188,115,73
124000022,174,168,6
124000023,2084,1887,197
124000024,1233,289,944
124000025,1547,1833,-286
124000026,1399,979,420
124000027,3165,2336,829
124000028,1577,3059,-1482
124000030,1810,1085,725
124000031,2008,19263,-17255
124000032,1622,1017,605
124000033,1518,2176,-658
124000034,776,952,-176
124000035,724,174,550
124000036,474,745,-271
124000037,397,782,-385
124000038,4,160,-156
124000039,354,292,62
124000040,165,1175,-1010
124000041,1240,509,731
124000042,400,538,-138
124000043,271,33,238
124000044,170,261,-91
124000045,2985,254,2731
124000046,337,632,-295
124000047,5037,639,4398
124000048,2105,313,1792
124000049,3394,556,2838
124000050,1371,1045,326
124000051,2567,243,2324
124000052,1209,647,562
124000053,465,3856,-3391
124000054,945,214,731
124000055,1181,9205,-8024
124000056,1618,813,805
124000057,2802,270,2532
124000058,1491,656,835
124000059,2008,1219,789
124000060,608,496,112
124000061,1588,8889,-7301
124000062,2471,924,1547
124000063,1386,571,815
124000064,1503,1521,-18
124000065,104,2040,-1936
124000066,425,224,201
124000067,151,109,42
124000068,231,345,-114
124000069,887,160,727
124000070,841,180,661
124000071,274,1224,-950
124000072,719,4929,-4210
124000073,1542,120,1422
124000074,341,855,-514
124000075,1180,46,1134
124000076,186,68,118
124000077,430,634,-204
124000078,1800,1065,735
124000079,281,1011,-730
124000080,1713,478,1235
124000081,473,980,-507
124000082,208,208,0
124000083,27,108,-81
124000084,51,1881,-1830
124000085,86,30,56
124000086,2,430,-428
124000087,104,620,-516
124000088,220,312,-92
124000089,936,164,772
124000090,379,201,178
124000091,955,99,856
124000092,492,470,22
124000093,283,80,203
124000094,246,811,-565
124000095,213,50,163
124000096,581,148,433
124000097,370,101,269
124000098,519,36,483
124000099,511,51,460
124000100,182,117,65
124000101,302,153,149
124000102,170,15,155
124000103,368,183,185
124000104,173,18,155
124000105,377,105,272
124000106,178,27,151
124000107,41,409,-368
124000108,39,15,24
124000109,148,71,77
124000110,248,36,212
124000111,300,114,186
124000112,1928,328,1600
124000113,247,166,81
124000114,939,217,722
124000115,746,530,216
124000116,81,323,-242
124000117,96,47,49
124000118,72,83,-11
124000119,1499,769,730
124000120,1013,329,684
124000121,1732,1327,405
124000122,536,1918,-1382
124000123,621,421,200
124000124,822,841,-19
124000125,443,234,209
124000126,596,408,188
124000127,1277,306,971
124000128,1259,258,1001
124000129,1807,916,891
124000130,560,212,348
124000131,708,570,138
124000132,522,462,60
124000133,1861,688,1173
124000134,888,383,505
124000135,1830,1838,-8
124000136,580,613,-33
124000137,1006,1036,-30
124000138,739,633,106
124000139,1464,358,1106
124000140,42,1042,-1000
124000141,2056,53,2003
124000142,112,576,-464
124000143,89,102,-13
124000144,12,262,-250
124000145,167,577,-410
124000146,46,658,-612
124000148,4,169,-165
124000149,1647,350,1297
124000150,439,1592,-1153
124000151,1856,743,1113
124000152,1376,1329,47
124000153,1531,469,1062
124000154,934,694,240
124000155,982,783,199
124000156,1241,738,503
124000169,217,1051,-834
124000170,685,400,285
124000171,532,496,36
124000172,382,419,-37
124000173,1395,187,1208
124000174,953,349,604
124000175,117,114,3
124000176,170,33,137
124000177,3,74,-71
124000178,108,106,2
124000185,99,12,87
124000186,17,39,-22
124000187,2,70,-68
124000188,190,9,181
124000190,52,74,-22
124000191,175,634,-459
124000192,1350,1123,227
124000193,193,4039,-3846
124000194,358,186,172
124000195,559,424,135
124000196,915,842,73
124000197,152,1,151
124000198,111,65,46
124000201,18,340,-322
124000202,1299,147,1152
124000203,1944,186,1758
124000204,4979,323,4656
124000205,269,919,-650
124000206,3004,661,2343
124000207,0,13,-13
124000209,235,268,-33
124000210,2611,314,2297
124000211,2298,1,2297
124000212,0,107,-107
124000213,1691,339,1352
124000214,1578,246,1332
124000215,1753,9,1744
124000216,19,258,-239
124000329,112,601,-489
124000338,125,473,-348
124000339,6188,29,6159
124000341,4934,34,4900
124000344,125,16,109
124000357,1285,4805,-3520
124000358,665,2495,-1830
124000359,1565,899,666
124000360,2263,614,1649
124000361,3190,1425,1765
124000362,1628,3638,-2010
124000363,998,223,775
124000364,695,306,389
124000365,1178,638,540
124000366,3525,546,2979
124000367,129,229,-100
124000368,560,3458,-2898
124000369,57,136,-79
124000370,22,964,-942
124000402,183,49,134
124000403,376,70,306
124000404,252,52,200
124000405,782,514,268
124000406,875,267,608
124000407,18,12,6
124000411,5,379,-374
124000412,1089,10,1079
124000413,223,459,-236
124000414,246,62,184
124000415,83,37,46
124000416,283,109,174
124000417,572,79,493
124000418,555,12,543
124000419,327,23,304
124000420,338,11,327
124000421,179,50,129
124000422,38,30,8
124000423,311,10,301
124000424,8,48,-40
124000425,231,70,161
124000426,12,87,-75
124000427,810,19,791
124000428,5,1281,-1276
124000429,239,22,217
124000430,2123,553,1570
124000431,1040,247,793
124000432,676,1130,-454
124000439,72,3,69
124000443,1,18,-17
124000445,282,5476,-5194
124000446,1057,860,197
124000447,34,732,-698
124000448,298,15,283
124000449,732,22,710
124000450,23,132,-109
124000451,7,59,-52
124900001,1683,143,1540
124900002,363,64,299
124900003,1916,259,1657
124900004,1711,162,1549
124900005,225,55,170
124900006,1522,153,1369
124900008,507,552,-45
124900009,52,600,-548
124900010,568,66,502
124900011,1816,245,1571
124900012,353,80,273
124900013,803,77,726
124900014,371,205,166
124900015,208,670,-462
124900016,236,255,-19
124900017,634,7072,-6438
124900018,409,22,387
124900020,275,20,255
124900021,760,172,588
124900022,88,3,85
124900024,1321,34,1287
124900026,89,58,31
124900027,194,247,-53
124900028,311,88,223
124900029,35,804,-769
124900030,0,120,-120
124900031,7,159,-152
124900032,91,111,-20
124900033,168,455,-287
124900034,4,61,-57
124900035,198,42,156
124900036,0,53,-53
124900037,421,50,371
124900038,159,141,18
124900039,2,78,-76
124900040,168,53,115
124900041,613,387,226
124900042,46,0,46
124900043,698,328,370
124900044,103,0,103
124900045,343,1499,-1156
124900047,152,89,63
124900048,483,81,402
124900050,259,76,183
124900052,272,154,118
124900053,341,124,217
124900054,954,674,280
124900055,1,101,-100
124900057,8,151,-143
124900060,89,174,-85
124900061,262,0,262
124900062,302,25,277
124900066,0,4,-4
124900067,20,108,-88
124900068,231,1782,-1551
124900070,19,28,-9
124900072,417,25,392
124900075,979,97,882
124900076,27,3167,-3140
124900077,22,92,-70
124900078,153,5,148
124900079,382,261,121
124900080,754,181,573
124900081,2505,143,2362
124900082,769,249,520
124900083,735,385,350
124900085,329,271,58
124900086,42,1041,-999
124900087,353,19,334
124900088,110,76,34
124900089,946,7,939
124900090,1020,195,825
124900091,513,109,404
124900092,536,98,438
124900093,920,131,789
124900094,1234,75,1159
124900095,176,795,-619
124900096,357,61,296
124900097,923,28,895
124900098,451,233,218
124900099,206,707,-501
124900100,717,17,700
124900101,622,234,388
124900102,738,31,707
124900103,431,78,353
124900104,153,43,110
124900105,298,29,269
124900106,381,78,303
124900107,394,10,384
124900108,554,138,416
124900111,6,623,-617
124900112,476,190,286
124900113,41,189,-148
124900114,122,193,-71
124900115,37,332,-295
124900116,685,624,61
124900117,123,368,-245
124900118,72,2139,-2067
124900119,779,372,407
124900120,38,139,-101
124900121,66,672,-606
124900122,878,159,719
124900123,84,103,-19
124900124,97,96,1
204000001,526,21,505
204000002,27,8,19
204000003,23,1,22
204000004,5,1,4
204000005,449,386,63
204000006,1201,1460,-259
204000011,4,11,-7
204000012,88,47,41
204000019,1533,336,1197
204000020,2010,279,1731
204000021,1364,1027,337
204000022,1597,860,737
204000023,815,331,484
204000031,75,11,64
204000032,383,3,380
204000034,98,84,14
204000035,4,3,1
204000036,11,97,-86
204000037,2,36,-34
204000038,1,0,1
204000039,5,41,-36
204000040,6,22,-16
204000041,2,41,-39
204000042,32,11,21
204000043,102,3,99
204000044,106,55,51
204000045,100,17,83
204000046,28,12,16
204000057,20,7,13
204000062,102,27,75
204000068,73,479,-406
204000069,196,924,-728
204000070,61,108,-47
204000080,84,75,9
204000085,1112,582,530
204000086,2377,895,1482
204000087,117,3,114
204000088,20,25,-5
204000090,368,144,224
204000093,1155,60,1095
204000096,2083,400,1683
204000097,1003,27,976
204000099,1235,2415,-1180
204000100,1847,945,902
204000105,1729,600,1129
204000110,787,751,36
204000111,712,590,122
204000112,571,395,176
204000113,395,417,-22
204000114,1537,1330,207
204000115,2129,290,1839
204000116,961,321,640
204000119,3954,914,3040
204000132,719,752,-33
204000133,1015,108,907
204000134,419,51,368
204000135,1032,28,1004
204000136,865,243,622
204000138,335,1064,-729
204000140,298,79,219
204000141,228,32,196
204000144,1,24,-23
204000145,1110,29,1081
204000146,21,149,-128
204000147,17,298,-281
204000148,241,75,166
204000154,10,9,1
204000155,3,0,3
204000177,45,155,-110
204000179,16,24,-8
204000180,0,59,-59
204000222,12,3,9
204000235,133,60,73
204000236,31,86,-55
204000238,27,14,13
204000240,448,22,426
204000263,641,789,-148
204000268,578,228,350
204000308,68,29,39
204000317,58,117,-59
204000322,53,205,-152
204000323,38,7,31
204000328,346,40,306
204000329,242,32,210
204000330,395,29,366
204000331,390,96,294
205000001,756,1283,-527
205000013,53,140,-87
205000014,208,126,82
205000015,172,30,142
205000016,108,62,46
205000017,69,73,-4
205000022,329,380,-51
205000025,1746,434,1312
205000029,976,10,966
205000045,358,231,127
205000046,318,225,93
205000047,116,159,-43
205000048,758,193,565
205000049,331,289,42
205000050,576,88,488
205000059,0,356,-356
205000060,2,614,-612
205000061,16,1219,-1203
205000062,3,943,-940
205000063,51,1541,-1490
205000064,69,442,-373
205000065,356,715,-359
205000066,316,237,79
205000067,244,257,-13
205000069,241,8,233
205000082,201,155,46
205000110,31,76,-45
205000111,197,114,83
205000112,121,65,56
205000113,112,157,-45
205000121,155,60,95
205000123,254,77,177
205000126,738,73,665
205000127,808,84,724
205000128,342,72,270
205000129,1229,79,1150
205000130,327,28,299
205000131,30,18,12
205000132,90,5,85
205000133,41,13,28
205000134,318,2,316
205000137,402,44,358
205000138,638,149,489
205000139,35,63,-28
205000144,118,56,62
205000145,178,143,35
205000151,119,58,61
205000152,139,23,116
205000153,286,63,223
205000154,109,71,38
205000155,116,17,99
205000207,0,26,-26
205000233,26,2,24
205000234,0,1,-1
205000243,0,0,0
205000244,0,3,-3
205000245,8,73,-65
205000249,0,23,-23
205000250,26,0,26
205000264,34,91,-57
206000027,6,31,-25
206000028,32,19,13
206000043,5,57,-52
206000053,1,6,-5
206000054,1,30,-29
206000055,2,24,-22
206000075,12,16,-4
206000076,95,6,89
206000077,50,4,46
206000078,9,28,-19
206000079,25,13,12
206000082,282,87,195
206000100,21,447,-426
206000103,0,0,0
206000104,0,1,-1
206000105,0,0,0
206000106,0,0,0
206000125,282,0,282
206000157,6,189,-183
206000170,0,89,-89
206000171,24,178,-154
206000172,25,125,-100
206000173,1,76,-75
206000174,19,46,-27
206000175,1,58,-57
206000176,18,44,-26
206000177,1,34,-33
206000178,2,377,-375
206000179,0,148,-148
206000180,6,63,-57
206000181,1,25,-24
206000182,17,42,-25
206000183,28,66,-38
206000184,1,54,-53
206000185,14,25,-11
206000186,43,194,-151
206000223,1,163,-162
206000226,80,3,77
206000227,101,23,78
206000237,51,54,-3
206000238,19,341,-322
206000239,229,1299,-1070
206000240,0,2,-2
206000241,0,80,-80
206000242,12,78,-66
206000243,17,26,-9
206000244,20,56,-36
206000245,3569,44,3525
206000246,884,9,875
206000247,1468,10,1458
206000248,1606,45,1561
206000252,125,51,74
206000258,1,2,-1
206000315,75,4,71
206000317,740,220,520
206000318,1091,104,987
206000319,3722,111,3611
206000320,1066,58,1008
206000321,1254,6,1248
206000322,1915,11,1904
206000323,737,9,728
206000324,590,21,569
206000325,423,43,380
206000326,342,27,315
206000327,111,47,64
206000328,868,12,856
206000329,1496,13,1483
206000330,363,16,347
206000331,776,2,774
206000332,135,0,135
206000333,2614,8,2606
206000334,1666,0,1666
206000335,0,17,-17
206000361,6,43,-37
206000392,0,25,-25
206000405,588,0,588
206000441,158,30,128
206000498,86,3,83
206000515,84,47,37
206000530,625,70,555
206000531,411,414,-3
206000532,1534,423,1111
206000535,83,3091,-3008
206000536,13,105,-92
206000537,2,111,-109
206000613,1012,313,699
206000784,923,83,840
207000001,231,288,-57
207000002,185,182,3
207000003,108,125,-17
207000007,2728,122,2606
207000008,587,0,587
207000009,132,20,112
207000010,329,166,163
207000012,677,76,601
207000015,275,472,-197
207000019,606,46,560
207000021,379,303,76
207000022,320,197,123
207000023,445,68,377
207000024,5,21,-16
207000025,34,188,-154
207000026,150,31,119
207000027,24,77,-53
207000028,147,149,-2
207000029,412,258,154
207000033,410,202,208
207000034,357,42,315
207000039,1123,17,1106
207000040,1169,17,1152
207000041,159,24,135
207000042,667,28,639
207000043,497,265,232
207000051,80,205,-125
207000052,19,111,-92
207000053,428,212,216
207000054,65,39,26
207000055,161,55,106
207000056,208,166,42
207000057,158,109,49
207000058,154,157,-3
207000059,97,232,-135
207000060,26,438,-412
207000061,121,2225,-2104
207000062,1441,51,1390
207000063,1528,46,1482
207000064,708,76,632
207000065,424,149,275
207000066,1050,205,845
207000067,186,74,112
207000068,349,23,326
207000069,1414,223,1191
207000082,10,98,-88
207000083,73,124,-51
207000084,622,145,477
207000085,397,76,321
207000086,878,19,859
207000106,154,34,120
207000107,195,32,163
207000108,313,3,310
207000109,169,4,165
207000110,110,5,105
207000111,200,62,138
207000112,27,785,-758
207000114,14,6,8
207000115,35,25,10
207000116,23,178,-155
207000117,5,69,-64
207000118,3,29,-26
207000119,19,53,-34
207000123,485,9,476
207000124,262,12,250
207000125,128,11,117
207000126,52,10,42
207000134,573,107,466
207000135,229,122,107
207000148,218,227,-9
207000149,47,11,36
207000152,308,413,-105
207000153,413,587,-174
207000154,505,53,452
207000159,71,83,-12
207000160,196,217,-21
207000238,0,53,-53
207000242,2,51,-49
207000248,26,28,-2
207000249,80,21,59
207000250,421,110,311
207000251,62,107,-45
207000252,32,33,-1
207000278,257,91,166
207000279,51,71,-20
207000280,1527,33,1494
207000281,192,313,-121
207000282,25,815,-790
207000283,12,105,-93
207000284,61,2953,-2892
207000285,49,100,-51
207000291,12,46,-34
207000304,63,55,8
207000306,40,218,-178
207000310,306,147,159
207000353,121,0,121
207000356,15,39,-24
207000357,4,36,-32
207000358,3,9,-6
207000415,0,29,-29
207000417,62,23,39
207000418,102,60,42
207000438,0,5,-5
207000439,477,83,394
207000446,176,9,167
207000460,207,6,201
207000466,35,77,-42
207000467,952,33,919
207000468,72,156,-84
207000476,42,11,31
207000477,810,14,796
207000478,0,36,-36
207000523,0,16,-16
207000524,57,0,57
207000527,627,142,485
207000530,749,5,744
207000531,361,4,357
207000532,80,48,32
207000534,198,12,186
207000535,10,112,-102
207000537,6,89,-83
207000540,4,30,-26
207000541,7,93,-86
207000548,6,138,-132
207000549,396,2,394
207000561,182,108,74
207000562,37,95,-58
207000567,48,179,-131
207000568,1002,51,951
207000569,1811,135,1676
207000584,15,116,-101
207000585,16,57,-41
207000587,474,41,433
207000616,0,48,-48
207000617,285,0,285
207000624,104,49,55
207000631,5,35,-30
207900008,1044,56,988
208000001,1121,962,159
208000002,1094,652,442
208000003,1137,301,836
208000004,1040,941,99
208000005,1,61,-60
208000019,2064,282,1782
208000020,582,164,418
208000021,407,207,200
208000022,861,205,656
208000028,1172,1977,-805
208000033,473,172,301
208000034,598,698,-100
208000037,1093,47,1046
208000040,533,117,416
208000041,1302,667,635
208000042,2737,554,2183
208000047,112,142,-30
208000064,2825,1191,1634
208000066,1264,924,340
208000070,967,612,355
208000071,1287,190,1097
208000072,1561,361,1200
208000080,444,685,-241
208000081,619,216,403
208000082,813,180,633
208000083,480,175,305
208000084,32,148,-116
208000085,1099,499,600
208000086,981,655,326
208000087,1063,467,596
208000089,1815,156,1659
208000090,1118,325,793
208000093,21,128,-107
208000094,687,263,424
208000095,1139,527,612
208000104,2705,243,2462
208000105,1482,394,1088
208000114,248,355,-107
208000115,956,478,478
208000116,2504,2066,438
208000117,34,129,-95
208000118,253,401,-148
208000155,1295,973,322
208000158,2252,2365,-113
208000186,1104,1440,-336
208000204,1162,1061,101
208000205,2317,584,1733
208000282,1263,705,558
209000004,947,201,746
209000005,168,98,70
209000006,325,270,55
209000007,504,502,2
209000010,153,300,-147
209000011,62,279,-217
209000012,89,115,-26
209000013,442,85,357
209000014,676,244,432
209000025,729,92,637
209000026,1912,217,1695
209000027,449,164,285
209000028,377,145,232
209000029,550,652,-102
209000030,520,845,-325
209000031,2873,895,1978
209000034,341,464,-123
209000035,263,488,-225
209000036,590,171,419
209000037,696,252,444
209000038,367,221,146
209000039,201,156,45
209000040,438,385,53
209000041,300,349,-49
209000042,452,166,286
209000043,742,470,272
209000044,408,538,-130
209000045,795,199,596
209000046,927,207,720
209000047,728,356,372
209000048,923,660,263
209000049,132,55,77
209000050,317,86,231
209000051,524,104,420
209000052,200,145,55
209000062,158,40,118
209000063,168,20,148
209000064,24,31,-7
209000065,299,25,274
209000066,350,24,326
209000067,351,32,319
209000080,30,114,-84
209000082,282,32,250
209000091,41,109,-68
209000093,115,81,34
209000094,40,142,-102
209000110,97,104,-7
209000111,630,3280,-2650
209000112,2078,489,1589
209000113,4683,846,3837
209000114,1791,799,992
209000115,88,46,42
209000116,434,216,218
209000118,16,159,-143
209000119,13,131,-118
209000121,102,310,-208
209000135,261,116,145
209000142,1291,5795,-4504
209000143,43,94,-51
209000144,140,341,-201
209000229,444,108,336
209000240,30,157,-127
209000259,92,46,46
209000260,60,267,-207
209000261,8,140,-132
209000262,31,249,-218
209000263,1,279,-278
209000264,1,200,-199
209000265,398,11,387
209000266,99,1,98
209000267,1994,1,1993
209000268,592,92,500
210000037,232,53,179
210000047,159,6,153
210000048,252,35,217
210000049,183,2,181
210000052,159,27,132
210000053,42,34,8
210000054,47,80,-33
210000070,349,17,332
210000071,219,10,209
210000072,93,1,92
210000073,0,17,-17
210000074,0,58,-58
210000075,0,111,-111
210000076,3,143,-140
210000077,10,147,-137
210000078,15,213,-198
210000079,51,45,6
210000080,90,361,-271
210000081,226,13,213
210000082,26,0,26
210000083,128,0,128
210000084,146,0,146
210000085,0,88,-88
210000086,0,55,-55
210000099,71,170,-99
210000100,71,93,-22
210000101,96,106,-10
210000105,6,347,-341
210000159,0,296,-296
210000163,44,145,-101
210000164,427,182,245
210000168,569,57,512
210000187,0,10,-10
210000188,1,27,-26
210000214,10,0,10
210000219,235,59,176
210000220,272,16,256
210000232,16,39,-23
210000233,20,26,-6
210000234,50,40,10
210000235,90,17,73
210000245,0,10,-10
210000246,96,34,62
210000258,17,49,-32
210000259,484,71,413
210000282,10,129,-119
210000285,0,119,-119
210000286,37,95,-58
210000290,11,22,-11
210000295,92,248,-156
210000296,111,41,70
210000320,804,46,758
210000321,588,18,570
210000338,67,150,-83
210000339,98,1016,-918
210000340,58,208,-150
210000341,255,141,114
210000342,405,142,263
210000343,273,193,80
210000344,107,279,-172
210000345,85,489,-404
210000346,87,297,-210
210000347,11,265,-254
210000348,185,223,-38
210000349,66,111,-45
210000350,295,82,213
210000351,352,36,316
210000352,44,26,18
210000353,86,16,70
210000354,40,32,8
210000355,58,274,-216
210000356,25,551,-526
210000357,50,492,-442
210000358,770,511,259
210000359,118,390,-272
210000360,424,371,53
210000361,460,144,316
210000362,594,130,464
210000363,834,157,677
210000364,622,193,429
210000365,601,70,531
210000366,722,54,668
210000367,334,16,318
210000368,488,42,446
210000369,99,146,-47
210000370,256,179,77
210000372,48,102,-54
210000373,27,145,-118
210000374,118,191,-73
210000375,17,10,7
210000376,33,328,-295
210000404,62,65,-3
210000439,303,6,297
210000472,50,0,50
210000482,183,117,66
210000564,339,198,141
210000567,26,129,-103
210000568,564,2,562
211000092,129,15,114
211000094,29,3,26
211000169,441,12,429
211000172,56,96,-40
211000209,0,41,-41
211000226,15,7,8
211000270,265,22,243
211000275,14,34,-20
211000276,368,40,328
211000279,50,105,-55
211000281,348,52,296
211000302,73,20,53
211507980,0,54,-54
211977296,31,1,30
212000003,379,194,185
212000004,4,110,-106
212000005,8,188,-180
212000006,34,202,-168
212000008,270,217,53
212000009,148,104,44
212000012,235,50,185
212000013,57,22,35
212000014,431,60,371
212000015,361,91,270
212000016,700,272,428
212000027,785,155,630
212000028,596,124,472
212000029,402,142,260
212000030,32,13,19
212000031,79,30,49
212000048,45,626,-581
212000049,6,376,-370
212000050,20,41,-21
212000051,485,105,380
212000052,485,122,363
212000053,318,173,145
212000054,935,31,904
212000055,872,88,784
212000056,29,44,-15
212000057,9,34,-25
212000058,202,31,171
212000070,241,45,196
212000077,252,131,121
212000099,732,89,643
212000108,343,508,-165
212000111,710,62,648
212000120,171,276,-105
212000138,374,62,312
212000156,2,49,-47
212000158,5,52,-47
212000159,963,59,904
212000160,1066,72,994
212000161,232,11,221
212000310,101,20,81
212000311,38,60,-22
212000374,44,12,32
213000001,14,206,-192
213000005,1126,72,1054
213000006,1157,87,1070
213000007,56,27,29
213000009,366,161,205
213000010,647,99,548
213000011,331,28,303
213000012,290,88,202
213000014,129,47,82
213000015,312,19,293
213000016,510,15,495
213000017,96,0,96
213000018,0,11,-11
213000019,4,55,-51
213000020,113,90,23
213000021,2,48,-46
213000023,736,208,528
213000033,363,1215,-852
213000034,547,81,466
213000035,268,619,-351
213000045,200,194,6
213000046,48,36,12
213000047,155,834,-679
213000056,380,2,378
213000069,298,60,238
213000073,1,22,-21
213000074,109,315,-206
213000075,1434,3,1431
213000076,31,10,21
213000085,1,13,-12
213000086,11,51,-40
213000091,874,11,863
213000092,38,24,14
213000099,224,927,-703
213000100,1176,286,890
213000101,1377,65,1312
213000102,1267,88,1179
213000103,741,237,504
213000104,28,127,-99
213000105,182,2381,-2199
213000106,83,216,-133
213000107,115,260,-145
213000108,36,253,-217
213000109,0,150,-150
213000110,5,74,-69
213000111,5,53,-48
213000112,52,95,-43
213000115,122,0,122
213000116,39,317,-278
213000117,5,321,-316
213000118,1949,480,1469
213000119,41,296,-255
213000120,84,182,-98
213000122,124,264,-140
213000123,121,422,-301
213000124,317,614,-297
213000125,310,41,269
213000126,46,129,-83
213000127,7,168,-161
213000128,72,351,-279
213000129,148,2791,-2643
213000130,1978,962,1016
213000132,2440,260,2180
213000133,2345,96,2249
213000134,3361,17,3344
213000136,891,23,868
213000137,987,61,926
213000139,705,33,672
213000147,31,22,9
213000148,27,50,-23
213000149,5,41,-36
213000150,2,1054,-1052
213000151,2,237,-235
213000152,0,282,-282
213000153,10,246,-236
213000154,148,180,-32
213000155,69,130,-61
213000156,125,122,3
213000157,1423,140,1283
213000158,631,379,252
213000159,843,222,621
213000163,3866,392,3474
213000165,843,256,587
213000171,0,14,-14
213000172,1,18,-17
213000173,0,26,-26
213000174,0,46,-46
213000175,15,15,0
213000176,234,24,210
213000177,129,1,128
213000178,557,3,554
213000179,697,1,696
213000180,872,0,872
213000184,75,201,-126
213000188,1248,72,1176
213000189,1979,38,1941
213000190,969,319,650
213000191,1306,136,1170
213000192,952,148,804
213000193,487,187,300
213000194,16,366,-350
213000195,27,127,-100
213000196,546,2102,-1556
213000197,872,1244,-372
213000198,16,1,15
213000200,241,409,-168
213000201,27,54,-27
213000202,2,385,-383
213000203,1891,235,1656
213000204,1962,57,1905
213000205,1020,20,1000
213000206,1490,32,1458
213000207,73,4,69
213000208,28,2,26
213000209,107,5,102
213000210,282,1,281
213000211,3,59,-56
213000212,7,41,-34
213000213,44,66,-22
213000218,634,448,186
213000219,2142,84,2058
213000220,2223,19,2204
213000223,483,68,415
213000224,38,24,14
213000225,80,13,67
213000226,90,5,85
213000227,2534,86,2448
213000228,1688,75,1613
213000229,370,30,340
213000230,1036,20,1016
213000232,235,14,221
213000233,40,120,-80
213000234,1,38,-37
213000293,67,159,-92
213000294,235,60,175
213000295,34,88,-54
213000296,65,17,48
213000297,31,70,-39
213000298,15,67,-52
213000299,71,26,45
213000300,3,1,2
213000303,1,34,-33
213000304,0,10,-10
213000305,1,16,-15
213000306,49,247,-198
213000307,195,132,63
213000308,48,133,-85
213000309,413,57,356
213000310,400,107,293
213000311,128,418,-290
213000315,116,159,-43
213000316,799,62,737
213000322,175,19,156
213000323,322,45,277
213000324,88,3,85
213000325,170,19,151
213000326,19,2,17
213000327,6,8,-2
213000328,89,56,33
213000329,159,1,158
213000340,130,247,-117
213000341,2249,84,2165
213000346,128,307,-179
213000347,302,1048,-746
213000348,1,116,-115
213000349,6,25,-19
213000350,200,748,-548
213000366,116,148,-32
213000367,696,6,690
213000379,39,128,-89
213000386,28,51,-23
213000406,332,101,231
213000417,2931,886,2045
213000425,660,105,555
213000426,313,16,297
213000427,151,58,93
213000428,109,48,61
213000429,2,8,-6
213000430,131,146,-15
213000431,17,1,16
213000432,0,60,-60
213000433,39,26,13
213000434,274,93,181
213000435,211,33,178
213000436,262,24,238
213000437,1,1,0
213000438,233,18,215
213000439,57,41,16
213000440,14,108,-94
213000441,1,1,0
213000442,1,8,-7
213000443,850,350,500
213000444,76,4,72
213000445,0,79,-79
213000446,0,43,-43
213000447,0,101,-101
213000448,17,86,-69
213000449,2021,11,2010
213000450,42,34,8
213000451,633,12,621
213000452,35,2,33
213000453,23,162,-139
213000455,94,0,94
213000456,1,134,-133
213000481,5,0,5
213000482,98,3,95
213000489,319,157,162
213000491,12,434,-422
213000492,83,0,83
213000493,9,505,-496
213000494,413,40,373
213000495,0,15,-15
213000496,813,96,717
213000497,72,168,-96
213000498,115,110,5
213000499,210,91,119
213000500,1204,19,1185
213000501,326,23,303
213000502,110,38,72
213000503,0,99,-99
213000504,22,64,-42
213000505,41,2,39
213000506,0,2,-2
213000507,3,51,-48
213900244,313,0,313
213900245,0,8,-8
218000003,52,40,12
218000004,137,51,86
218000005,38,61,-23
218000006,57,83,-26
218000007,30,61,-31
218000012,157,570,-413
218000013,338,273,65
218000014,497,139,358
218000019,404,274,130
218000020,355,209,146
218000021,50,21,29
218000022,32,4,28
218000023,9,19,-10
218000024,4,4,0
218000025,21,4,17
218000026,10,9,1
218000027,7,1,6
218000028,7,1,6
218000029,8,1,7
218000030,37,5,32
218000031,4,4,0
218000032,0,5,-5
218000040,3,3,0
218000046,119,147,-28
218000047,35,113,-78
218000048,222,54,168
218000049,86,67,19
218000050,367,88,279
218000051,151,118,33
218000052,1,45,-44
218000053,3,10,-7
218000054,1,58,-57
218000055,7,65,-58
218000056,53,74,-21
218000057,3,60,-57
218000064,21,6,15
218000065,144,24,120
218000066,25,64,-39
218000067,209,45,164
218000068,334,21,313
218000069,716,30,686
218000070,477,296,181
218000071,338,219,119
218000072,211,200,11
218000078,1634,236,1398
218000079,564,50,514
218000080,377,26,351
218000081,888,84,804
218000082,407,42,365
218000083,146,27,119
218000084,280,63,217
218000085,234,102,132
218000086,86,15,71
218000087,216,40,176
218000090,23,295,-272
218000091,1707,695,1012
218000092,305,49,256
218000093,248,46,202
218000094,714,217,497
218000099,390,210,180
218000100,507,162,345
218000101,428,122,306
218000102,777,162,615
218000103,226,42,184
218000104,176,38,138
218000105,53,7,46
218000106,20,1,19
218000107,325,46,279
218000108,64,48,16
218000112,137,12,125
218000117,132,104,28
218000134,489,256,233
218000135,4,102,-98
218000136,220,111,109
218000137,121,98,23
218000138,64,50,14
218000139,208,197,11
218000140,810,419,391
218000141,123,58,65
218000142,247,170,77
218000143,17,293,-276
218000144,4,182,-178
218000145,813,230,583
218000146,142,67,75
218000151,6,38,-32
218000152,63,40,23
218000153,0,1,-1
218000154,3,3,0
218000155,14,1,13
218000156,91,4,87
218000157,49,4,45
218000158,20,1,19
218000159,5,1,4
218000160,6,3,3
218000161,27,1,26
218000162,53,3,50
218000163,18,3,15
218000164,47,19,28
218000165,81,15,66
218000170,3,27,-24
218000171,78,0,78
218000172,1,5,-4
218000173,2,16,-14
218000174,28,24,4
218000176,325,18,307
218000177,390,72,318
218000178,98,106,-8
218000179,263,21,242
218000180,83,18,65
218000181,311,33,278
218000187,27,50,-23
218000188,32,16,16
218000189,6,81,-75
218000190,22,48,-26
218000191,204,25,179
218000192,322,81,241
218000193,323,114,209
218000194,269,156,113
218000195,247,51,196
218000196,552,137,415
218000197,1009,95,914
218000198,245,38,207
218000199,69,8,61
218000200,59,67,-8
218000201,4,5,-1
218000202,65,1061,-996
218000207,35,26,9
218000208,47,62,-15
218000211,17,7,10
218000212,2,0,2
218000213,268,119,149
218000214,4,23,-19
218000215,146,45,101
218000217,2,60,-58
218000218,443,33,410
218000219,2,78,-76
218000220,35,694,-659
218000221,1235,438,797
218000222,0,94,-94
218000223,27,402,-375
218000224,6,156,-150
218000225,234,9,225
218000226,335,38,297
218000230,0,3,-3
218000232,93,27,66
218000239,254,4,250
218000240,4,0,4
218000241,15,0,15
218000242,2,1,1
218000243,6,4,2
218000244,23,5,18
218000245,27,13,14
218000246,0,8,-8
218000247,1,0,1
218000248,0,22,-22
218000249,0,4,-4
218000250,0,10,-10
218000251,0,24,-24
218000252,0,62,-62
218000253,2,47,-45
218000254,0,32,-32
218000255,2,21,-19
218000256,8,30,-22
218000267,709,1064,-355
218000268,7,44,-37
218000269,3,41,-38
218000270,181,35,146
218000271,35,26,9
218000273,158,5,153
218000274,66,8,58
218000275,87,102,-15
218000276,41,55,-14
218000278,30,37,-7
218000279,119,40,79
218000280,0,22,-22
218000281,18,26,-8
218000282,848,1486,-638
218000284,78,8,70
218000301,46,93,-47
218000302,34,35,-1
218000303,16,103,-87
218000316,2359,727,1632
218000317,4068,422,3646
218000318,2036,334,1702
218000319,2089,478,1611
218000320,1752,701,1051
218000338,14,30,-16
218000345,167,98,69
218000346,68,228,-160
218000459,78,174,-96
218000490,22,72,-50
218000501,244,34,210
218000502,194,30,164
218000503,107,30,77
218000504,222,21,201
218000505,49,55,-6
218000506,39,54,-15
218000508,0,1,-1
218000510,76,12,64
218000520,149,174,-25
218000521,5,46,-41
218000522,1,327,-326
218000523,281,3,278
218000524,1,140,-139
218000525,60,28,32
218000526,15,200,-185
218000529,96,80,16
218000530,26,0,26
218000531,99,19,80
218000532,96,10,86
218000534,531,22,509
218000537,33,105,-72
218000538,81,372,-291
218000540,31,67,-36
218000543,329,29,300
218000544,32,46,-14
218000545,367,38,329
218000546,125,14,111
218000547,368,108,260
218000548,99,59,40
218000549,1348,117,1231
218000550,235,70,165
218000551,110,294,-184
218000552,481,160,321
218000553,23,157,-134
218000554,20,25,-5
218000555,81,128,-47
218000556,245,148,97
218000557,1283,136,1147
218000558,85,1,84
218000559,0,72,-72
218000560,0,39,-39
218000561,21,0,21
218000562,29,106,-77
218000563,238,20,218
218000564,4,171,-167
218000565,85,21,64
218000566,38,4,34
218000567,1,83,-82
218000568,10,1,9
218000569,7,167,-160
218000570,26,1,25
218000571,0,173,-173
218000572,163,0,163
218000573,3,74,-71
218000574,122,13,109
218000575,124,0,124
218000576,1,73,-72
218000577,184,8,176
218000578,2,85,-83
218000579,40,35,5
218000581,5,168,-163
218000582,62,1,61
218000583,15,1,14
218000584,1,40,-39
218000585,62,8,54
218000586,13,14,-1
218000587,3,3,0
218000588,1,3,-2
218000589,0,29,-29
218000590,0,1,-1
218000591,1,43,-42
218000592,2,3,-1
218000593,7,14,-7
218000594,2,2,0
218000596,0,0,0
218000597,0,5,-5
218000598,1,1,0
218000599,3,0,3
218000600,0,5,-5
218000601,0,17,-17
218000602,0,4,-4
218000603,0,2,-2
218000604,6,0,6
218000605,0,91,-91
218000606,119,0,119
218000607,2,73,-71
218000608,98,21,77
218000609,0,110,-110
218000610,59,6,53
218000611,28,1,27
218000612,1,13,-12
218000613,43,7,36
218000614,0,31,-31
218000615,192,2,190
218000616,3,125,-122
218000617,4,14,-10
218000618,3,50,-47
218000619,41,50,-9
218000620,5,136,-131
218000621,0,0,0
218000622,1,102,-101
218000623,20,0,20
218000624,0,161,-161
218000625,1,2,-1
218000626,0,31,-31
218000628,422,157,265
218000631,106,29,77
218000632,0,124,-124
218000633,116,2,114
218000634,10,48,-38
218000635,30,10,20
218000636,1133,277,856
218000637,2007,189,1818
218000638,594,9,585
218000639,35,18,17
218000640,983,17,966
218000641,334,51,283
218000652,56,40,16
218000653,260,14,246
218000663,7,39,-32
218000675,49,110,-61
218000676,24,5,19
218000677,9,1,8
218000680,456,205,251
218000681,1261,113,1148
218000691,459,86,373
218000693,997,91,906
218000703,13,6,7
218000718,11,80,-69
218000719,110,156,-46
218000720,5,130,-125
218000721,34,8,26
218000725,15,4,11
218001147,3,77,-74
218001214,77,18,59
218001258,1254,25,1229
218001329,543,97,446
218001330,64,103,-39
218001351,41,31,10
218001352,51,9,42
218001353,26,22,4
218001354,3,46,-43
218001355,8,52,-44
218001356,1035,226,809
218001357,9,71,-62
218001358,1166,16,1150
218001361,1239,3,1236
218001362,2,44,-42
219000001,10,40,-30
219000002,38,25,13
219000003,78,56,22
219000004,106,148,-42
219000017,138,135,3
219000020,309,19,290
219000022,252,0,252
219000023,143,2,141
219000029,0,132,-132
219000034,111,31,80
219000039,28,185,-157
219000040,19,95,-76
219000041,208,64,144
219000051,0,1,-1
219000052,0,68,-68
219000053,1,79,-78
219000054,34,71,-37
219000055,492,4,488
219000056,0,0,0
219000057,67,0,67
219000062,20,60,-40
219000063,477,2,475
219000064,0,195,-195
219000110,287,310,-23
219000111,77,39,38
219000112,412,92,320
219000113,463,45,418
219000114,353,51,302
219000116,144,27,117
219000117,225,20,205
219000118,164,89,75
219000123,259,79,180
219000124,108,35,73
219000125,42,2,40
219000126,43,89,-46
219000127,0,5,-5
219000128,5,79,-74
219000129,36,97,-61
219000130,174,323,-149
219000131,1453,788,665
219000133,50,143,-93
219000134,18,61,-43
219000135,40,67,-27
219000136,82,374,-292
219000138,176,9,167
219000139,105,28,77
219000140,267,1,266
219000141,89,47,42
219000142,50,39,11
219000143,16,19,-3
219000145,15,10,5
219000146,1,0,1
219000147,12,18,-6
219000148,0,18,-18
219000149,1,37,-36
219000150,0,18,-18
219000151,0,0,0
219000157,640,96,544
219000158,407,200,207
219000161,500,2,498
219000163,1927,359,1568
219000166,210,96,114
219000167,170,214,-44
219000168,559,188,371
219000174,814,158,656
219000175,273,6,267
219000176,432,13,419
219000177,170,1,169
219000178,182,0,182
219000179,140,3,137
219000180,166,12,154
219000182,174,2,172
219000183,108,6,102
219000184,135,13,122
219000185,0,2,-2
219000186,150,21,129
219000187,10,26,-16
219000189,39,106,-67
219000190,140,161,-21
219000191,225,678,-453
219000192,329,218,111
219000193,314,144,170
219000195,1,339,-338
219000196,1,109,-108
219000198,41,56,-15
219000199,160,95,65
219000200,180,51,129
219000201,73,77,-4
219000203,27,42,-15
219000204,54,361,-307
219000205,22,194,-172
219000207,80,237,-157
219000209,81,61,20
219000210,45,176,-131
219000213,39,149,-110
219000239,231,241,-10
219000240,112,490,-378
219000241,80,168,-88
219000242,95,201,-106
219000243,165,238,-73
219000244,52,113,-61
219000245,6,37,-31
219000246,28,24,4
219000247,539,22,517
219000248,775,362,413
219000249,248,104,144
219000250,423,73,350
219000251,792,215,577
219000252,389,101,288
219000253,328,40,288
219000255,269,132,137
219000256,492,89,403
219000257,91,0,91
219000262,46,104,-58
219000263,88,118,-30
219000267,0,66,-66
219000268,0,1,-1
219000269,6,2,4
219000270,34,0,34
219000271,555,2,553
219000278,0,2,-2
219000279,0,0,0
219000283,0,40,-40
219000295,22,106,-84
219000296,44,152,-108
219000297,44,38,6
219000298,37,30,7
219000299,372,50,322
219000300,59,62,-3
219000301,32,260,-228
219000302,14,93,-79
219000307,78,7,71
219000308,51,24,27
219000311,225,55,170
219000312,604,237,367
219000313,816,54,762
219000314,122,87,35
219000315,655,9,646
219000316,846,40,806
219000317,358,22,336
219000320,0,103,-103
219000321,2,43,-41
219000323,2,25,-23
219000325,0,0,0
219000326,52,17,35
219000327,6,10,-4
219000328,69,7,62
219000329,399,141,258
219000330,11,10,1
219000331,44,12,32
219000332,243,140,103
219000333,147,3,144
219000335,89,0,89
219000337,9,0,9
219000338,42,1,41
219000344,24,60,-36
219000345,217,81,136
219000346,15,19,-4
219000348,196,75,121
219000349,32,85,-53
219000350,57,418,-361
219000351,0,4,-4
219000352,119,74,45
219000353,425,38,387
219000354,856,58,798
219000355,236,68,168
219000356,433,1063,-630
219000363,173,136,37
219000364,195,52,143
219000365,96,23,73
219000366,220,1097,-877
219000368,488,439,49
219000370,968,506,462
219000371,13,10,3
219000382,15,22,-7
219000383,290,911,-621
219000385,154,712,-558
219000386,501,1491,-990
219000387,0,3,-3
219000390,16,0,16
219000391,3,0,3
219000397,62,1,61
219000398,35,71,-36
219000401,15,127,-112
219000402,21,61,-40
219000403,42,339,-297
219000404,36,90,-54
219000407,64,39,25
219000409,43,37,6
219000410,171,13,158
219000411,122,9,113
219000446,164,476,-312
219000447,1,17,-16
219000448,3,5,-2
219000452,252,55,197
219000453,26,157,-131
219000454,422,423,-1
219000556,1001,92,909
219000558,126,144,-18
219000590,23,233,-210
219000591,357,92,265
219000592,76,118,-42
219000595,6,2,4
219000635,275,17,258
219000636,59,27,32
219000657,52,19,33
219000658,9,101,-92
219000673,0,3,-3
219000676,7,0,7
219000679,70,16,54
219000684,296,0,296
219000685,0,0,0
219000686,0,1,-1
219000688,1,37,-36
219000689,2,144,-142
219000690,169,9,160
219000691,38,77,-39
219000692,209,14,195
219000693,0,5,-5
219000694,40,0,40
219000695,123,2,121
219000698,20,0,20
219000699,0,104,-104
219000727,1,241,-240
219000728,141,0,141
219000770,42,2,40
219000771,1,71,-70
219000788,238,271,-33
219001150,1,72,-71
219001151,0,27,-27
219001166,63,91,-28
219001167,1,77,-76
219001178,137,1,136
220000001,28,372,-344
220000002,3,281,-278
220000003,310,119,191
220000004,429,352,77
220000005,515,1021,-506
220000006,223,400,-177
220000007,469,131,338
220000008,370,327,43
220000009,308,271,37
220000010,105,38,67
220000011,470,4861,-4391
220000012,44,552,-508
220000014,265,108,157
220000015,80,436,-356
220000017,16,254,-238
220000018,9979,3900,6079
220000019,286,1043,-757
220000020,815,152,663
220000021,1562,422,1140
220000022,1826,268,1558
220000023,503,156,347
220000024,1071,672,399
220000025,627,1676,-1049
220000026,679,923,-244
220000027,53,350,-297
220000028,50,129,-79
220000029,30,55,-25
220000030,37,64,-27
220000031,1145,652,493
220000064,66,1150,-1084
221000046,8,0,8
221000047,0,0,0
221000048,0,0,0
221000049,0,18,-18
221000050,10,0,10
221000055,33,66,-33
221000057,233,8,225
221000068,158,76,82
221000069,312,28,284
221000070,353,11,342
221000071,175,2,173
221000072,576,17,559
221000073,358,21,337
221000074,0,24,-24
221000075,2,21,-19
221000076,12,16,-4
221000077,24,45,-21
221000081,7,7,0
221000082,116,17,99
221000083,25,9,16
221000084,3,3,0
221000085,5,48,-43
221000086,4,46,-42
221000087,1,67,-66
221000088,17,103,-86
221000089,21,104,-83
221000090,29,208,-179
221000098,192,18,174
221000099,450,12,438
221000100,334,2,332
221000101,295,17,278
221000102,222,22,200
221000109,6,35,-29
221000110,7,23,-16
221000111,3,36,-33
221000112,4,52,-48
221000113,8,38,-30
221000114,2,59,-57
221000120,15,103,-88
221000121,2,110,-108
221000122,43,51,-8
221000123,9,17,-8
221000124,55,103,-48
221000155,118,27,91
221000156,200,74,126
221000175,1,24,-23
221000176,0,8,-8
221000182,230,0,230
221000241,375,212,163
221000242,41,117,-76
221000243,621,166,455
221000244,83,310,-227
221000245,315,119,196
221000246,6,264,-258
221000247,234,169,65
221000248,86,137,-51
221000267,18,559,-541
221000325,22,158,-136
221000331,0,41,-41
221000338,30,38,-8
221000378,509,54,455
221000381,37,99,-62
222000282,2,0,2
222000296,1,33,-32
222000568,515,8,507
222000569,220,39,181
222000570,138,24,114
222000571,633,36,597
222000577,23,52,-29
222000578,2,54,-52
222000579,1,37,-36
222000580,14,826,-812
222000599,0,42,-42
222000600,1,100,-99
222000601,2,602,-600
222000603,6,47,-41
222000604,0,197,-197
222000605,9,85,-76
222000606,0,78,-78
222000607,0,19,-19
222000608,3,30,-27
222000609,74,44,30
222000616,1144,32,1112
222000617,28,34,-6
222000618,4,18,-14
222000620,40,26,14
222000621,71,23,48
222000623,931,8,923
222000624,924,6,918
222000625,1942,1,1941
222000636,60,6,54
222000686,13,52,-39
222000687,93,18,75
222001066,753,2,751
222001067,120,1,119
222001068,380,4,376
222001069,217,21,196
222001082,117,2,115
222001083,257,2,255
222001084,1,155,-154
222001085,2,539,-537
222001111,315,44,271
222001112,309,12,297
222001313,13,9,4
222001314,0,58,-58
222001464,977,39,938
222001465,30,174,-144
222001484,669,65,604
222001485,43,22,21
222001494,1705,191,1514
222001495,217,90,127
222001496,865,122,743
222001497,124,183,-59
222001502,26,31,-5
222001503,485,6,479
222001504,6,93,-87
222001505,1007,24,983
222001506,4,101,-97
222001507,681,19,662
222001510,1535,33,1502
222001511,8,109,-101
222001514,1364,20,1344
222001515,27,161,-134
222001518,1244,11,1233
222001519,9,125,-116
222001527,304,24,280
222001528,18,78,-60
222001529,813,7,806
222001530,35,55,-20
222001533,93,58,35
222001534,1304,14,1290
222001535,893,233,660
222001536,27,120,-93
222001537,818,27,791
222001538,15,93,-78
222001563,1898,43,1855
222001564,44,233,-189
222001568,192,58,134
222001576,0,10,-10
222001579,0,37,-37
222001583,21,50,-29
222001584,330,11,319
222001596,308,459,-151
222001597,2080,226,1854
222001626,0,33,-33
222001650,3,101,-98
222001651,13,171,-158
222001914,503,18,485
222001915,9,78,-69
222001968,1065,203,862
222001969,318,229,89
222001970,122,150,-28
222001971,204,1,203
222001972,9,7,2
225000001,824,120,704
225000002,1686,118,1568
225000003,1940,88,1852
225000004,1234,204,1030
225000005,59,42,17
225000006,0,155,-155
225000007,1100,1480,-380
225000010,519,17,502
225000011,311,2513,-2202
225000012,385,1052,-667
225000013,239,67,172
225000014,924,110,814
225000015,112,243,-131
225000021,1181,105,1076
225000027,369,300,69
225000032,1131,101,1030
225000042,208,263,-55
225000049,42,128,-86
225000050,334,35,299
225000053,2,128,-126
225000058,867,194,673
225000067,383,103,280
225000068,198,254,-56
225000069,79,300,-221
225000070,239,273,-34
225000071,81,58,23
225000075,60,1064,-1004
225000076,134,69,65
225000078,84,52,32
225000085,313,31,282
225000086,1061,17,1044
225000087,155,5,150
225000088,23,173,-150
225000089,58,156,-98
225000090,25,194,-169
225000091,32,52,-20
225000092,45,145,-100
225000093,565,148,417
225000094,14,114,-100
225000095,393,168,225
225000096,71,152,-81
225000098,1563,164,1399
225000099,1000,36,964
225000100,1230,68,1162
225000104,175,399,-224
225000110,60,379,-319
225000111,586,309,277
225000112,766,837,-71
225000113,310,1423,-1113
225000114,79,710,-631
225000115,1454,865,589
225000116,498,105,393
225000117,756,427,329
225000118,1551,377,1174
225000119,760,72,688
225000120,1381,130,1251
225000121,217,23,194
225000123,917,16,901
225000125,997,346,651
225000126,1097,303,794
225000127,745,5241,-4496
225000128,600,1979,-1379
225000132,980,32,948
225000133,407,12,395
225000134,1170,115,1055
225000135,172,21,151
225000136,739,5,734
225000137,821,169,652
225000138,953,256,697
225000143,70,277,-207
225000144,8,271,-263
225000145,42,17,25
225000146,86,52,34
225000147,31,45,-14
225000148,0,23,-23
225000149,62,143,-81
225000151,45,99,-54
225000155,131,112,19
225000156,345,1410,-1065
225000157,802,456,346
225000158,34,137,-103
225000171,5,193,-188
225000180,52,1,51
225000181,0,146,-146
225000182,111,3,108
225000185,14,408,-394
225000187,107,389,-282
225000191,71,0,71
225000194,0,8,-8
225000208,1,41,-40
225000209,171,16,155
225000210,3,139,-136
225000217,0,51,-51
225000218,83,2,81
225000223,1,777,-776
225000224,9,1,8
225000225,2,509,-507
225000226,32,7,25
225000227,153,315,-162
225000228,16,24,-8
225000229,0,167,-167
225000230,7,0,7
225000231,0,18,-18
225000232,293,1,292
225000241,127,0,127
225000242,0,65,-65
225000249,46,41,5
225000250,57,226,-169
225000251,1006,140,866
226000042,198,333,-135
226000043,39,186,-147
226000044,196,561,-365
226000045,82,285,-203
226000046,1399,157,1242
226000047,1047,165,882
226000048,803,144,659
226000049,958,382,576
226000070,0,22,-22
226000071,0,72,-72
226000072,0,60,-60
226000073,0,11,-11
226000074,0,24,-24
226000084,2,256,-254
226000085,1,201,-200
226000086,1,46,-45
226000087,0,52,-52
226000088,1,9,-8
226000090,134,324,-190
226000091,5,144,-139
226000092,2,9,-7
226000093,5,2,3
226000094,4,14,-10
226000095,14,94,-80
226000105,2,1,1
226000106,17,3,14
226000107,11,0,11
226000108,12,0,12
226000109,414,1,413
226000124,331,103,228
226000134,1883,418,1465
226000135,3343,676,2667
226000136,1442,286,1156
226000137,26,133,-107
226000138,18,40,-22
226000139,5,55,-50
226000156,646,14,632
226000157,712,16,696
226000163,16,119,-103
226000202,6,54,-48
226000231,2207,5,2202
226000232,55,9,46
227000033,772,10,762
227000036,1355,23,1332
227000037,1391,37,1354
227000038,500,51,449
227000049,0,121,-121
227000050,1,143,-142
227000055,119,3,116
227000056,11,1,10
227000084,8,150,-142
227000085,1,164,-163
227000088,135,10,125
227000089,56,0,56
227000090,39,1,38
227000091,104,1,103
227000093,162,0,162
227000094,17,0,17
227000130,169,190,-21
227000131,55,193,-138
227000132,76,94,-18
227000133,24,102,-78
227000134,64,139,-75
227000152,0,11,-11
227000153,0,181,-181
227000155,2,47,-45
227000156,1,45,-44
227000165,4,151,-147
227000196,697,123,574
227000199,1833,160,1673
227000230,14,297,-283
227000232,2965,31,2934
227000242,94,309,-215
227000243,602,29,573
227000245,87,193,-106
227000246,132,191,-59
227000247,1026,13,1013
227000248,444,90,354
227000249,31,238,-207
227000250,589,323,266
227000251,115,440,-325
227000252,101,183,-82
227000253,494,28,466
227000262,1107,25,1082
227000266,3510,83,3427
227000267,11,869,-858
227000282,1,77,-76
227000284,2369,12,2357
227000286,25,65,-40
227000287,23,80,-57
227000291,21,186,-165
227000484,405,15,390
227000485,4,319,-315
227000655,818,7,811
227000656,1728,9,1719
227000657,1092,12,1080
227000661,2847,26,2821
227000680,157,156,1
229000265,89,71,18
229000296,0,155,-155
229000297,10,52,-42
229000298,2,217,-215
229000320,26,0,26
229000321,43,13,30
229000412,14,64,-50
229000414,30,54,-24
229000415,18,30,-12
229000416,2,3,-1
229000417,2,2,0
229000419,138,259,-121
229000440,364,135,229
229000442,34,0,34
229000443,24,3,21
229000444,0,11,-11
229000445,104,4,100
229000446,88,26,62
229000491,0,7,-7
229000492,5,27,-22
229000493,1,37,-36
229000494,21,1,20
229000495,95,0,95
229000496,122,0,122
229000507,0,0,0
229000508,0,0,0
229000509,0,4,-4
229000510,0,2,-2
229000511,0,3,-3
229000512,0,6,-6
229000513,0,0,0
229000514,0,0,0
229000517,0,1,-1
229000518,19,3,16
229000519,0,3,-3
229000520,31,28,3
229000521,63,15,48
229000522,4,2,2
229000523,2,1,1
229000524,0,1,-1
229000527,2,0,2
229000528,0,0,0
229000529,11,0,11
229000530,66,0,66
229000531,104,0,104
229000532,3,0,3
229000533,22,0,22
229000534,11,0,11
229000564,106,0,106
229000565,90,2,88
229000566,0,0,0
229000567,0,0,0
229000582,35,8,27
229000583,22,20,2
229000584,0,1,-1
229000585,0,3,-3
229000718,0,0,0
229000719,0,0,0
229000720,0,0,0
229000721,0,0,0
229000722,0,0,0
229000723,0,0,0
229000724,0,0,0
229000725,0,0,0
229000738,0,0,0
229000739,0,0,0
229000740,1,0,1
229000741,67,0,67
229000742,20,0,20
229000743,11,0,11
229000744,0,0,0
229000745,5,0,5
229000746,28,0,28
229000847,75,0,75
229000848,80,0,80
229000849,167,2,165
229000851,424,0,424
229000854,1,26,-25
229000856,0,104,-104
229000857,0,44,-44
229000858,0,18,-18
229000919,0,13,-13
229000930,1,16,-15
229000937,132,7,125
229000966,95,41,54
229000981,22,16,6
229000985,43,7,36
229000986,0,1,-1
229000987,0,4,-4
229000988,1,11,-10
229000989,16,7,9
229000990,1,7,-6
229000991,0,0,0
229000992,16,5,11
229000993,383,13,370
229000998,18,44,-26
229000999,154,8,146
229001034,1,53,-52
229001035,25,10,15
229001037,76,1,75
229001042,13,4,9
229001047,2,62,-60
229001050,103,52,51
229001168,0,0,0
229001200,55,2,53
229001338,2,6,-4
229001394,484,0,484
229001422,242,14,228
229001423,0,29,-29
229001431,80,40,40
229001432,2,25,-23
229001444,386,93,293
229001445,170,133,37
229001479,33,0,33
229001503,701,42,659
229001504,41,27,14
229001505,253,30,223
229001506,17,47,-30
229001509,92,12,80
229001545,147,40,107
229001546,0,5,-5
229001553,96,14,82
229001554,1,11,-10
229001559,14,3,11
229001560,4,51,-47
229001630,136,2,134
229001631,6,88,-82
229001635,0,46,-46
229001636,1,0,1
229001658,0,7,-7
229001659,84,16,68
229001660,1,14,-13
229001661,2,109,-107
229001662,18,0,18
229001663,0,10,-10
229002584,314,267,47
229002831,161,120,41
229002841,14,38,-24
229002842,54,58,-4
229002843,37,39,-2
229002844,9,108,-99
229002845,6,178,-172
229002846,0,42,-42
229002847,0,21,-21
229002848,5,26,-21
229002849,1,220,-219
229002850,2,1,1
229002851,12,226,-214
229002852,84,46,38
229002853,72,25,47
229002854,8,43,-35
229002855,6,95,-89
229002856,90,56,34
229002857,3,132,-129
229002858,7,49,-42
229002859,27,62,-35
229002860,45,29,16
229002861,68,80,-12
229002862,13,57,-44
229002863,5,10,-5
229002864,57,64,-7
229002865,2,17,-15
229002866,1,35,-34
229002867,0,43,-43
229002868,6,34,-28
229002869,1,77,-76
229002870,64,8,56
235000066,396,33,363
235000067,245,61,184
235000072,7,3,4
235000073,17,63,-46
235000074,70,47,23
235000080,14,115,-101
235000081,59,52,7
235000082,680,49,631
235000083,548,81,467
235000084,73,128,-55
235000085,179,112,67
235000089,95,12,83
235000092,7,22,-15
235000093,0,1,-1
235000097,0,4,-4
235000098,141,6,135
235000099,51,41,10
235000116,24,22,2
235000117,619,24,595
235000133,0,67,-67
235000134,2,17,-15
235000206,3,7,-4
235000207,2,5,-3
235000208,0,0,0
235000209,3,6,-3
235000210,6,2,4
235000212,8,10,-2
235000213,0,12,-12
235000220,0,1,-1
235000221,8,19,-11
235000238,13,413,-400
235000239,0,41,-41
235000242,257,1700,-1443
235000245,425,237,188
235000246,52,82,-30
235000284,1,111,-110
235000295,48,2,46
235000305,398,8,390
235000306,810,3,807
235000307,106,1,105
235000308,21,2,19
235000309,93,1,92
235000310,43,0,43
235000311,72,48,24
235000322,0,80,-80
235000323,1,33,-32
235000324,0,51,-51
235000325,1,18,-17
235000326,23,105,-82
235000351,0,86,-86
235000352,17,46,-29
235000353,0,31,-31
235000354,15,9,6
235000355,12,36,-24
235000356,89,3,86
235000357,49,11,38
235000358,62,3,59
235000359,15,0,15
235000360,109,11,98
235000361,130,0,130
235000381,52,46,6
235000382,199,32,167
235000390,4,1,3
235000391,239,16,223
235000392,189,162,27
235000393,121,141,-20
235000395,122,60,62
235000396,650,78,572
235000400,46,94,-48
235000401,16,208,-192
235000405,222,86,136
235000406,10,55,-45
235000407,81,30,51
235000409,181,38,143
235000410,68,103,-35
235000411,0,58,-58
235000485,0,1,-1
235000486,4,0,4
235000549,126,130,-4
235000550,56,62,-6
235000599,96,8,88
235000600,2,3,-1
235000601,14,22,-8
235000602,120,53,67
235000614,0,8,-8
235000648,0,0,0
235000649,61,8,53
235000685,1,1,0
235000815,10,42,-32
235000834,0,15,-15
235000855,100,36,64
235000862,31,37,-6
235000891,0,1,-1
235000892,21,15,6
235000901,24,36,-12
235000907,4,10,-6
235001010,215,53,162
235001029,200,91,109
235001030,187,40,147
235001078,93,119,-26
235001079,75,19,56
235001147,53,128,-75
235001166,16,35,-19
235001167,34,17,17
235001169,44,164,-120
235001188,1,12,-11
235001189,2,3,-1
235001197,1,12,-11
235001200,5,3,2
235001207,822,47,775
235001210,110,207,-97
235001215,9,57,-48
235001239,0,5,-5
235001244,0,13,-13
235016267,0,95,-95
277101746,0,0,0
277102712,3,2,1
277103813,0,0,0
277103814,0,0,0
277103898,0,0,0
277104249,0,1,-1
277104250,0,34,-34
277104251,0,5,-5
277104252,0,5,-5
990011530,1,253,-252
990014944,0,89,-89
990015176,13,3,10
990015618,0,43,-43
990016032,1,306,-305
990032570,0,15,-15
990070001,174,37,137
990070103,0,2,-2
990070601,2,15,-13
990070751,4023,6,4017
990070766,0,82,-82
990071180,506,86,420
990071343,11,3,8
990071387,0,0,0
990071823,584,1,583
990072600,2,454,-452
990072964,1,100,-99
990073285,0,1,-1
990074393,0,371,-371
990074870,3550,3,3547
990075106,536,2,534
990075746,808,2,806
990076437,7419,8,7411
990076458,0,296,-296
997000007,455,16,439
997000041,2,295,-293
997000058,90,1,89
997000062,28,0,28
997000069,0,2,-2
997000070,1,29,-28
997000100,222,0,222
997000141,0,168,-168
997000198,56,375,-319
998000475,0,3,-3
998000736,0,517,-517
998000965,0,78,-78
998001031,0,165,-165
998001700,0,34,-34
998001899,0,0,0
998001900,15,1,14
998003073,2641,3,2638
998101900,0,0,0
998102850,0,77,-77
998501927,334,848,-514
998501929,122,0,122
998501930,54,1,53
998501931,279,34,245
998501932,47,0,47
998501933,66,1,65
998501937,15,1,14
998501944,8,0,8
998501950,0,4,-4
998501970,395,7,388
998501971,1,187,-186
998501973,0,8,-8
998501974,1,101,-100
998501975,139,0,139
998501976,897,6,891
998501977,0,23,-23
998501978,4,0,4
998501979,0,0,0
998501980,181,0,181
998501981,78,0,78
998501982,1,91,-90
998501983,0,4,-4
998502006,0,0,0
998502024,0,5,-5
998502032,0,2,-2
998502062,10,1,9
998502063,0,0,0
998502173,16,0,16
998502269,0,0,0
998502546,1,466,-465
998502578,3,0,3
998502599,21,1308,-1287
998502621,0,3,-3
998601159,0,34,-34
998601292,0,1,-1
999033574,0,168,-168
999800001,33,5,28
999800002,0,4,-4
999800003,1,5,-4
999800004,0,10,-10
999800005,0,70,-70
