ID,insum,outsum,diff
100000001,1110,434,676
100000002,3901,6533,-2632
100000003,3633,4767,-1134
100000004,233,1317,-1084
100000005,3074,3181,-107
100000006,489,763,-274
100000007,2140,1944,196
100000008,83,510,-427
100000009,214,1739,-1525
100000010,17,305,-288
100000011,370,78,292
100000012,44,271,-227
100000013,19,112,-93
100000014,46,1460,-1414
100000015,841,1605,-764
100000016,256,2445,-2189
100000017,153,3101,-2948
100000018,681,559,122
100000019,2268,2178,90
100000020,985,4813,-3828
100000021,4754,1290,3464
100000022,518,4214,-3696
100000023,4014,1511,2503
100000025,450,1416,-966
100000028,241,2280,-2039
100000029,16,918,-902
100000030,11,14,-3
100000031,1811,7094,-5283
100000032,1644,4289,-2645
100000033,927,3239,-2312
100000034,62,1599,-1537
100000035,448,1113,-665
100000036,455,1672,-1217
100000037,740,311,429
100000038,2592,781,1811
100000039,143,205,-62
100000040,703,117,586
100000041,1457,333,1124
100000042,1321,225,1096
100000043,505,97,408
100000044,101,154,-53
100000045,112,283,-171
100000046,173,226,-53
100000047,160,140,20
100000048,123,388,-265
100000049,1005,819,186
100000051,507,378,129
100000053,62,6,56
100000054,244,19,225
100000055,520,136,384
100000056,177,333,-156
100000057,1939,340,1599
100000058,836,353,483
100000059,49,266,-217
100000060,904,313,591
100000061,2283,443,1840
100000062,1623,773,850
100000063,1093,445,648
100000064,1494,515,979
100000065,294,379,-85
100000066,167,459,-292
100000067,194,541,-347
100000068,265,1121,-856
100000069,246,845,-599
100000072,167,308,-141
100000073,918,701,217
100000075,667,110,557
100000076,1278,8203,-6925
100000077,69,495,-426
100000078,4,51,-47
100000079,4,60,-56
100000080,2,46,-44
100000081,10,90,-80
100000102,2077,4951,-2874
100000103,1242,5651,-4409
100000104,2975,2178,797
100000105,897,1765,-868
100000106,542,3365,-2823
100000107,62,1198,-1136
100000108,294,1097,-803
100000109,377,1350,-973
100000116,196,404,-208
100000117,51,149,-98
100000118,467,1249,-782
100000119,725,1055,-330
100000121,128,470,-342
100000122,469,2482,-2013
100000123,874,1874,-1000
100000124,1728,2139,-411
100000125,6278,1653,4625
100000126,390,625,-235
100000127,1052,886,166
100000128,487,3218,-2731
100000129,254,848,-594
100000130,1006,139,867
100000131,580,801,-221
100000132,1010,1056,-46
100000133,1052,490,562
100000135,420,910,-490
100000139,130,429,-299
100000140,106,97,9
100000142,600,563,37
100000143,989,275,714
100000144,950,207,743
100000147,1306,4631,-3325
100000150,139,446,-307
100000151,282,1890,-1608
100000153,17,393,-376
100000154,10,524,-514
100000155,2,66,-64
100000156,62,163,-101
100000157,218,167,51
100000158,115,168,-53
100000159,78,1012,-934
100000165,588,424,164
100000169,21,3008,-2987
100000174,326,1440,-1114
100000179,67,764,-697
100000180,687,1216,-529
100000181,233,195,38
100000188,30,51,-21
100000189,787,264,523
100000190,335,1212,-877
100000191,718,453,265
100000192,4,184,-180
100000193,302,206,96
100000330,476,932,-456
100000355,197,287,-90
100000362,1456,633,823
100000363,5836,6815,-979
100000364,81,192,-111
100000365,4543,7362,-2819
100000366,1186,817,369
100000367,4122,5055,-933
100000368,1403,1410,-7
100000369,488,2061,-1573
100000370,105,963,-858
100000376,30,491,-461
100000379,549,3829,-3280
100000380,2557,7331,-4774
100000384,4256,5656,-1400
100000385,831,3908,-3077
100000386,1193,6531,-5338
100000387,2784,7107,-4323
100000388,1379,3641,-2262
100000389,3817,5909,-2092
100000390,2125,2230,-105
100000391,1907,5744,-3837
100000392,424,1878,-1454
100000393,595,3468,-2873
100000394,1290,4146,-2856
100000395,617,3903,-3286
100000396,641,1577,-936
100000397,1194,5956,-4762
100000398,4609,3258,1351
100000413,1,2,-1
100900002,15,4,11
100900003,543,286,257
100900004,0,263,-263
100900005,163,28,135
100900006,14,2,12
100900007,283,0,283
100900008,1,246,-245
100900009,14,19,-5
100900010,15,4,11
100900011,128,82,46
100900012,0,60,-60
100900013,983,3,980
100900014,1,1,0
100900015,39,33,6
100900016,0,8,-8
100900017,1094,41,1053
100900018,2,10,-8
100900019,54,41,13
100900020,422,8,414
100900021,480,0,480
100900022,3,4,-1
100900023,0,55,-55
100900024,405,5,400
100900025,11,0,11
100900026,115,117,-2
100900027,257,2559,-2302
100900028,86,267,-181
100900029,13,0,13
100900030,0,106,-106
100900031,1201,43,1158
100900032,344,2,342
100900033,44,398,-354
100900034,1670,0,1670
100900035,137,0,137
100900036,16,0,16
100900037,112,41,71
100900038,20,37,-17
100900039,256,189,67
100900040,676,341,335
100900041,1840,157,1683
100900042,255,2715,-2460
100900043,0,31,-31
100900044,764,818,-54
100900045,23,1,22
100900046,1056,11,1045
100900047,325,116,209
100900048,52,4,48
100900049,40,37,3
100900050,4,18,-14
100900051,7,150,-143
100900052,276,1,275
100900053,644,34,610
100900054,5,17,-12
100900055,372,1211,-839
100900056,34,52,-18
100900057,1655,268,1387
100900058,94,24,70
100900059,195,0,195
100900060,228,2,226
100900061,62,165,-103
100900062,0,1,-1
100900063,240,1097,-857
100900064,443,12,431
100900065,13,232,-219
100900066,111,46,65
100900067,15,2,13
100900068,135,324,-189
100900069,80,3,77
100900070,742,4,738
100900071,130,63,67
100900072,0,17,-17
100900073,142,81,61
100900074,1,14,-13
100900075,1163,45,1118
100900076,4,4,0
100900077,86,3,83
100900078,63,147,-84
100900079,1,0,1
100900080,156,75,81
100900081,7,80,-73
100900082,263,43,220
100900083,3,12,-9
100900085,0,309,-309
100900086,3,293,-290
100900088,203,92,111
100900089,1,3,-2
100900090,50,705,-655
100900091,0,1,-1
100900092,49,130,-81
100900093,370,569,-199
100900094,225,45,180
100900095,16,23,-7
100900096,6,132,-126
100900097,4,0,4
100900098,10,5,5
100900099,12,411,-399
100900100,2,146,-144
100900101,254,13,241
100900102,3,48,-45
100900103,2,8,-6
100900104,1,51,-50
100900105,7,290,-283
100900106,2,0,2
100900107,1334,494,840
100900108,2,10,-8
100900109,7,92,-85
100900110,8,22,-14
100900111,11,160,-149
100900112,1,23,-22
100900113,12,13,-1
100900114,6,27,-21
100900115,17,33,-16
100900116,698,305,393
100900117,163,1109,-946
100900118,21,10,11
100900119,2,40,-38
100900120,29,8,21
100900121,405,175,230
100900122,21,74,-53
100900123,150,5,145
100900124,0,5,-5
100900125,1,7,-6
100900126,611,119,492
100900127,11,0,11
100900128,36,337,-301
100900129,0,226,-226
100900131,7,54,-47
100900133,90,10,80
100900134,9,0,9
100900135,1,249,-248
100900137,271,163,108
100900138,389,291,98
100900139,2,54,-52
100900140,1,119,-118
100900141,1,374,-373
100900142,0,7,-7
100900143,176,390,-214
100900144,0,4,-4
100900145,20,444,-424
100900146,0,20,-20
100900147,3,1528,-1525
100900148,45,79,-34
100900149,6,627,-621
100900150,0,67,-67
100900151,20,228,-208
100900152,65,3,62
100900153,1,206,-205
100900154,1,163,-162
100900155,3,0,3
100900156,3,1,2
100900157,8,304,-296
100900159,7,59,-52
100900160,44,0,44
100900161,1,0,1
100900162,11,156,-145
100900163,36,96,-60
100900164,193,4,189
100900165,27,16,11
100900166,2,1,1
100900167,2,22,-20
100900168,7,67,-60
100900169,43,515,-472
100900170,11,8,3
100900171,3,407,-404
100900172,0,100,-100
100900173,0,50,-50
100900174,46,33,13
100900176,991,164,827
100900177,289,153,136
100900178,135,97,38
100900179,114,160,-46
100900180,1,0,1
100900181,13,24,-11
100900182,29,11,18
100900184,104,42,62
100900186,294,291,3
100900187,29,25,4
100900188,5,17,-12
100900189,1743,284,1459
100900191,273,957,-684
100900192,83,208,-125
100900195,65,306,-241
100900197,69,63,6
100900198,22,10,12
100900199,0,3,-3
100900200,391,129,262
100900201,85,592,-507
100900202,42,1,41
100900203,0,61,-61
100900204,20,151,-131
100900205,94,452,-358
100900206,249,239,10
100900207,291,72,219
100900210,24,72,-48
100900211,334,74,260
100900213,75,15,60
100900214,164,166,-2
100900215,45,10,35
100900217,44,49,-5
101000001,1764,2099,-335
101000002,5927,8147,-2220
101000003,320,794,-474
101000004,5592,6141,-549
101000005,4252,6082,-1830
101000006,4965,9008,-4043
101000007,2243,4311,-2068
101000008,1457,2212,-755
101000009,2122,555,1567
101000010,944,654,290
101000011,910,284,626
101000012,202,373,-171
101000013,326,1085,-759
101000014,283,301,-18
101000015,2613,1270,1343
101000016,159,525,-366
101000017,165,301,-136
101000018,1167,5629,-4462
101000020,977,979,-2
101000021,368,671,-303
101000022,60,329,-269
101000023,744,696,48
101000025,316,561,-245
101000026,465,32,433
101000027,1197,2591,-1394
101000028,524,174,350
101000029,31,950,-919
101000030,574,98,476
101000031,40,551,-511
101000032,1609,3536,-1927
101000033,804,4818,-4014
101000034,358,2580,-2222
101000035,294,390,-96
101000036,243,2134,-1891
101000037,569,3540,-2971
101000039,1364,2860,-1496
101000040,2057,7092,-5035
101000041,1285,4969,-3684
101000042,51,786,-735
101000043,2507,5534,-3027
101000045,198,608,-410
101000046,624,1555,-931
101000047,652,3855,-3203
101000048,296,262,34
101000049,415,1810,-1395
101000050,216,1452,-1236
101000051,368,1318,-950
101000052,1376,1404,-28
101000053,294,1037,-743
101000054,1184,560,624
101000055,811,1162,-351
101000056,2,127,-125
101000057,378,3445,-3067
101000058,546,1935,-1389
101000059,2158,3494,-1336
101000060,2213,945,1268
101000061,166,2206,-2040
101000062,145,927,-782
101000063,119,1402,-1283
101000064,166,1671,-1505
101000065,60,992,-932
101000066,270,1258,-988
101000067,213,466,-253
101000068,45,225,-180
101000069,101,12,89
101000070,443,491,-48
101000071,2470,1065,1405
101000072,459,1917,-1458
101000073,371,803,-432
101000074,1282,1953,-671
101000075,1284,2093,-809
101000077,1208,1506,-298
101000078,475,658,-183
101000079,654,849,-195
101000080,833,648,185
101000081,1103,1094,9
101000082,1094,1197,-103
101000083,2652,1813,839
101000084,752,365,387
101000085,1308,869,439
101000086,616,614,2
101000087,414,502,-88
101000088,1691,770,921
101000089,904,1295,-391
101000090,1125,447,678
101000091,357,362,-5
101000092,2146,375,1771
101000093,1327,321,1006
101000094,605,511,94
101000095,454,585,-131
101000096,777,171,606
101000097,388,430,-42
101000098,295,295,0
101000099,342,944,-602
101000100,622,795,-173
101000101,130,790,-660
101000102,266,1037,-771
101000103,315,675,-360
101000104,125,454,-329
101000105,239,522,-283
101000106,175,1624,-1449
101000107,227,505,-278
101000108,385,73,312
101000109,903,135,768
101000110,21,107,-86
101000111,41,144,-103
101000113,96,1064,-968
101000114,1386,4731,-3345
101000115,8,2,6
101000116,20,6,14
101000117,1032,185,847
101000119,16,98,-82
101000120,42,92,-50
101000121,25,41,-16
101000122,78,144,-66
101000123,42,144,-102
101000124,439,554,-115
101000125,104,115,-11
101000128,191,1551,-1360
101000130,149,197,-48
101000131,1825,231,1594
101000132,705,341,364
101000135,6,33,-27
101000136,55,204,-149
101000137,6,432,-426
101000141,524,3713,-3189
101000147,1245,215,1030
101000148,1045,13,1032
101000149,12,153,-141
101000150,124,151,-27
101000151,451,24,427
101000152,312,219,93
101000153,244,120,124
101000154,695,373,322
101000155,630,146,484
101000156,18,657,-639
101000157,16,147,-131
101000160,0,18,-18
101000163,43,509,-466
101000164,261,88,173
101000165,197,435,-238
101000166,121,211,-90
101000168,1195,235,960
101000252,2439,545,1894
101000254,39,78,-39
101000258,125,5,120
101000261,55,82,-27
101000262,949,5552,-4603
101000263,256,1033,-777
101000265,84,495,-411
101000266,297,144,153
101000269,14,38,-24
101000290,185,3118,-2933
101000293,3,8,-5
101000294,342,278,64
101000295,249,130,119
101000301,248,575,-327
101000304,1979,3472,-1493
101000305,2319,1204,1115
101000328,140,1222,-1082
101900001,7,53,-46
101900002,0,7,-7
101900003,23,77,-54
101900004,0,147,-147
101900005,823,3819,-2996
101900006,1179,69,1110
101900007,273,308,-35
101900008,46,229,-183
101900009,16,409,-393
101900010,521,648,-127
101900011,36,1406,-1370
101900012,381,72,309
101900013,260,60,200
101900017,12,90,-78
101900018,859,344,515
101900019,37,127,-90
101900020,47,21,26
101900021,1,39,-38
101900022,153,533,-380
101900023,173,71,102
101900026,120,15,105
101900027,16,83,-67
102000001,3555,6264,-2709
102000002,2459,1877,582
102000003,1501,4178,-2677
102000004,2973,2507,466
102000005,1256,3320,-2064
102000006,556,1066,-510
102000007,1519,3641,-2122
102000008,4422,1406,3016
102000009,7532,8082,-550
102000010,3273,2090,1183
102000011,4442,4038,404
102000012,3548,2258,1290
102000018,2618,2865,-247
102000019,2217,1768,449
102000026,463,391,72
102000029,312,215,97
102000030,73,348,-275
102000031,103,101,2
102000032,821,385,436
102000033,578,242,336
102000034,365,238,127
102000035,590,319,271
102000036,40,162,-122
102000037,182,20,162
102000038,186,148,38
102000039,89,105,-16
102000040,176,126,50
102000041,44,286,-242
102000042,34,178,-144
102000043,100,213,-113
102000044,396,1022,-626
102000045,781,546,235
102000046,1342,504,838
102000047,1338,454,884
102000048,728,431,297
102000049,997,608,389
102000050,1314,789,525
102000051,134,373,-239
102000052,1213,700,513
102000053,577,779,-202
102000054,760,752,8
102000055,968,123,845
102000056,1623,247,1376
102000057,1587,402,1185
102000058,521,483,38
102000059,632,737,-105
102000060,685,693,-8
102000061,1680,1248,432
102000062,2320,864,1456
102000063,826,1116,-290
102000064,458,652,-194
102000065,38,95,-57
102000066,554,374,180
102000067,4858,4166,692
102000068,7157,3133,4024
102000069,60,2111,-2051
102000070,1868,29,1839
102000071,5270,11410,-6140
102000072,2401,3528,-1127
102000073,426,410,16
102000074,740,471,269
102000075,180,86,94
102000076,480,125,355
102000077,719,303,416
102000078,1429,244,1185
102000079,124,56,68
102000080,351,127,224
102000081,156,301,-145
102000082,529,178,351
102000083,902,100,802
102000084,775,88,687
102000085,1174,458,716
102000086,1383,549,834
102000087,385,717,-332
102000088,483,175,308
102000089,1539,176,1363
102000090,269,1281,-1012
102000091,849,557,292
102000092,211,520,-309
102000093,792,594,198
102000094,371,180,191
102000095,451,722,-271
102000096,302,257,45
102000097,323,201,122
102000098,235,195,40
102000099,357,390,-33
102000100,145,379,-234
102000101,170,267,-97
102000102,82,1077,-995
102000103,2867,299,2568
102000104,393,343,50
102000105,232,294,-62
102000106,962,281,681
102000107,2146,79,2067
102000108,622,440,182
102000109,759,425,334
102000110,1318,363,955
102000111,2,875,-873
102000112,92,165,-73
102000113,1,38,-37
102000114,1077,329,748
102000115,217,365,-148
102000116,176,583,-407
102000117,46,483,-437
102000118,748,2102,-1354
102000119,452,821,-369
102000120,252,363,-111
102000121,1225,209,1016
102000122,503,545,-42
102000123,876,411,465
102000124,1147,1015,132
102000125,390,400,-10
102000126,367,526,-159
102000127,1192,431,761
102000128,678,685,-7
102000129,1149,358,791
102000130,600,694,-94
102000131,617,484,133
102000132,228,530,-302
102000133,4048,1661,2387
102000134,1403,543,860
102000135,397,673,-276
102000136,570,386,184
102000137,262,245,17
102000138,274,57,217
102000139,26,241,-215
102000140,96,228,-132
102000141,159,289,-130
102000142,298,95,203
102000143,273,91,182
102000144,422,68,354
102000145,391,147,244
102000146,529,126,403
102000147,495,216,279
102000148,111,443,-332
102000149,364,110,254
102000150,1021,39,982
102000151,125,80,45
102000152,443,36,407
102000153,563,237,326
102000154,71,184,-113
102000155,50,233,-183
102000156,182,66,116
102000157,26,378,-352
102000158,220,376,-156
102000159,892,984,-92
102000161,1975,2233,-258
102000162,99,196,-97
102000163,178,316,-138
102000164,455,601,-146
102000165,145,297,-152
102000166,26,175,-149
102000167,132,129,3
102000168,174,182,-8
102000169,96,648,-552
102000170,629,150,479
102000171,86,62,24
102000172,6,398,-392
102000173,387,294,93
102000174,211,47,164
102000175,93,46,47
102000176,24,22,2
102000178,171,402,-231
102000179,462,178,284
102000180,903,226,677
102000181,1204,239,965
102000182,601,548,53
102000183,1641,565,1076
102000184,2019,434,1585
102000185,2617,305,2312
102000186,1855,517,1338
102000187,946,350,596
102000188,1306,980,326
102000189,1076,145,931
102000190,432,1759,-1327
102000191,720,176,544
102000192,1788,1593,195
102000193,104,118,-14
102000194,44,281,-237
102000195,733,247,486
102000196,353,267,86
102000197,1386,86,1300
102000198,318,225,93
102000199,1464,81,1383
102000200,325,302,23
102000201,1863,373,1490
102000202,8,199,-191
102000203,737,88,649
102000204,1065,611,454
102000205,1327,1020,307
102000206,739,520,219
102000207,636,804,-168
102000208,342,1022,-680
102000209,125,106,19
102000210,848,380,468
102000211,845,163,682
102000212,591,5,586
102000213,2,230,-228
102000214,596,4,592
102000215,8,165,-157
102000216,239,112,127
102000217,10,54,-44
102000218,240,187,53
102000219,190,48,142
102000225,203,984,-781
102000226,165,220,-55
102000227,179,3,176
102000228,0,101,-101
102000229,120,56,64
102000230,339,196,143
102000231,353,285,68
102000232,45,154,-109
102000233,1035,266,769
102000234,83,911,-828
102000236,232,28,204
102000237,1153,300,853
102000238,319,235,84
102000240,262,775,-513
102000241,73,66,7
102000243,5,42,-37
102000245,9,63,-54
102000246,2,76,-74
102000247,138,314,-176
102000248,195,840,-645
102000249,104,55,49
102000250,90,135,-45
102000254,489,105,384
102000266,3,196,-193
102000271,29,11,18
102000286,200,257,-57
102000297,2173,583,1590
102000299,0,0,0
102000301,0,0,0
102000303,0,0,0
102000305,0,0,0
102000307,0,1,-1
102900001,877,380,497
102900002,202,43,159
102900003,91,32,59
102900005,511,145,366
102900006,486,22,464
102900007,807,8,799
102900008,236,15,221
102900009,109,244,-135
102900010,185,487,-302
102900011,718,356,362
102900012,306,82,224
102900013,55,3,52
102900015,530,398,132
102900016,135,4,131
102900017,233,61,172
102900018,94,50,44
102900019,464,278,186
102900020,161,13,148
102900021,42,10,32
102900022,31,40,-9
102900023,7,3,4
102900024,34,19,15
102900025,46,14,32
102900026,162,2125,-1963
102900027,39,41,-2
102900028,150,912,-762
102900029,36,312,-276
102900030,309,300,9
102900031,338,67,271
102900032,205,32,173
102900033,76,63,13
102900034,668,11,657
102900035,254,32,222
102900036,239,74,165
102900037,220,250,-30
102900038,184,127,57
102900039,28,792,-764
102900040,219,245,-26
102900041,48,72,-24
102900042,294,98,196
102900043,350,112,238
102900044,502,894,-392
102900045,210,182,28
102900046,159,83,76
102900047,136,500,-364
102900048,450,144,306
102900049,32,175,-143
102900050,116,404,-288
102900051,119,266,-147
102900053,239,391,-152
102900054,102,960,-858
102900055,68,332,-264
102900056,110,172,-62
102900057,0,49,-49
102900058,253,44,209
102900059,13,2,11
102900060,47,285,-238
102900061,222,379,-157
102900062,232,307,-75
102900063,1922,195,1727
102900064,15,240,-225
102900065,802,121,681
102900066,262,2,260
102900068,44,100,-56
102900070,179,192,-13
102900072,2,70,-68
102900073,30,2,28
102900075,1,42,-41
102900076,14,20,-6
102900077,22,2,20
102900078,8,7,1
102900079,233,2,231
102900080,334,3,331
102900081,17,75,-58
102900082,23,36,-13
102900083,56,3,53
102900084,0,10,-10
102900085,39,21,18
102900086,7,29,-22
102900087,305,30,275
102900088,33,22,11
102900089,199,112,87
102900090,1,145,-144
102900091,402,0,402
102900092,837,56,781
102900094,0,24,-24
102900095,14,0,14
102900096,102,4,98
102900097,3,15,-12
103000001,2000,2121,-121
103000002,2465,2440,25
103000003,2588,1757,831
103000004,657,362,295
103000005,1126,3816,-2690
103000006,1132,1698,-566
103000007,270,248,22
103000008,868,694,174
103000009,2656,1113,1543
103000010,217,38,179
103000011,1097,346,751
103000012,1068,1140,-72
103000013,2243,1279,964
103000014,899,2129,-1230
103000015,1387,703,684
103000016,401,1630,-1229
103000017,204,938,-734
103000018,606,140,466
103000019,322,696,-374
103000020,1009,1071,-62
103000021,1733,2786,-1053
103000022,441,925,-484
103000023,881,1934,-1053
103000024,80,44,36
103000025,124,1379,-1255
103000026,253,120,133
103000027,156,476,-320
103000028,131,104,27
103000029,112,196,-84
103000030,1493,917,576
103000031,702,2436,-1734
103000032,1408,936,472
103000033,3304,2615,689
103000034,865,554,311
103000035,145,826,-681
103000036,219,185,34
103000037,393,288,105
103000038,386,681,-295
103000039,608,183,425
103000040,741,316,425
103000041,2637,1062,1575
103000042,2058,91,1967
103000043,1024,406,618
103000044,232,64,168
103000046,208,494,-286
103000047,719,292,427
103000048,152,169,-17
103000049,63,76,-13
103000050,886,89,797
103000051,709,322,387
103000052,896,93,803
103000053,239,221,18
103000054,1596,166,1430
103000055,1534,621,913
103000056,712,611,101
103000057,1567,83,1484
103000058,743,133,610
103000059,959,279,680
103000060,716,126,590
103000061,983,581,402
103000062,696,99,597
103000063,1208,381,827
103000064,169,37,132
103000065,10,134,-124
103000066,242,14,228
103000069,256,258,-2
103000070,549,169,380
103000071,1864,519,1345
103000072,162,274,-112
103000073,1107,84,1023
103000074,907,67,840
103000075,86,260,-174
103000076,339,891,-552
103000077,1,113,-112
103000078,693,1306,-613
103000079,401,692,-291
103000080,306,251,55
103000081,188,739,-551
103000082,552,137,415
103000083,152,219,-67
103000084,112,4,108
103000085,0,89,-89
103000086,390,387,3
103000087,107,555,-448
103000088,73,333,-260
103000089,345,744,-399
103000090,3544,810,2734
103000091,909,444,465
103000092,343,114,229
103000093,259,593,-334
103000094,417,83,334
103000095,80,325,-245
103000096,582,25,557
103000097,23,487,-464
103000098,514,57,457
103000099,46,599,-553
103000100,170,278,-108
103000101,1544,45,1499
103000102,72,192,-120
103000103,802,81,721
103000104,169,74,95
103000105,288,61,227
103000106,22,117,-95
103000107,328,70,258
103000108,1566,1260,306
103000109,598,752,-154
103000110,324,757,-433
103000111,397,555,-158
103000112,300,381,-81
103000113,437,1091,-654
103000114,1585,849,736
103000115,844,571,273
103000116,841,251,590
103000117,375,346,29
103000118,293,244,49
103000119,805,258,547
103000120,45,193,-148
103000121,47,190,-143
103000122,384,680,-296
103000125,19,34,-15
103000126,1004,1,1003
103000127,1,31,-30
103000128,153,1,152
103000129,0,45,-45
103000130,94,81,13
103000131,25,94,-69
103000132,28,65,-37
103000133,13,30,-17
103000134,172,1127,-955
103000135,485,85,400
103000136,315,349,-34
103000137,218,381,-163
103000138,254,488,-234
103000139,0,40,-40
103000140,113,6,107
103000141,7,141,-134
103000142,86,30,56
103000143,16,77,-61
103000144,220,31,189
103000145,1,31,-30
103000150,39,21,18
103000152,160,408,-248
103000153,111,211,-100
103000156,8,54,-46
103000157,409,0,409
103000159,234,97,137
103000162,14,9,5
103000163,10,18,-8
103000164,0,9,-9
103000165,48,83,-35
103000166,314,634,-320
103000167,182,207,-25
103000168,211,124,87
103000169,189,970,-781
103000170,2041,212,1829
103000171,20,82,-62
103000172,976,58,918
103000173,1399,132,1267
103000174,600,192,408
103000175,460,57,403
103000176,809,1044,-235
103000177,161,512,-351
103000178,38,168,-130
103000179,99,14,85
103000183,477,2,475
103000185,233,76,157
103000186,428,45,383
103000187,1630,70,1560
103000188,6,61,-55
103000189,664,578,86
103000191,452,167,285
103000292,404,1858,-1454
103000293,303,3359,-3056
103000295,31,138,-107
103000296,50,0,50
103000297,1,6,-5
103000504,60,16,44
103000505,1,7,-6
103000506,2,69,-67
103000507,190,1,189
103000508,66,45,21
103000509,216,428,-212
103900001,35,27,8
103900002,402,50,352
103900003,680,354,326
103900004,138,0,138
103900005,0,41,-41
103900006,1,2,-1
103900007,173,0,173
103900008,2,0,2
103900009,330,78,252
103900010,298,57,241
103900011,946,71,875
103900012,22,102,-80
103900013,85,10,75
103900014,171,13,158
103900015,120,7,113
103900016,158,112,46
103900017,74,39,35
103900018,152,25,127
103900019,9,437,-428
103900020,288,258,30
103900021,35,15,20
103900022,361,331,30
103900023,275,0,275
103900024,158,140,18
103900025,1,9,-8
103900026,2,0,2
103900027,147,138,9
103900028,42,342,-300
103900029,1250,65,1185
103900030,217,65,152
103900031,115,0,115
103900032,109,125,-16
103900033,123,30,93
103900034,95,35,60
103900035,54,62,-8
103900036,18,38,-20
103900037,157,39,118
103900038,67,228,-161
103900039,211,64,147
103900040,16,108,-92
103900041,121,15,106
103900042,194,45,149
103900043,394,15,379
103900044,10,483,-473
103900045,341,195,146
103900047,149,8,141
103900048,2,15,-13
103900049,64,770,-706
103900050,10,155,-145
103900051,1,59,-58
103900052,250,234,16
103900053,584,85,499
103900054,273,78,195
103900055,524,81,443
103900056,138,28,110
103900057,201,44,157
103900058,622,132,490
103900059,0,138,-138
103900060,100,24,76
103900061,279,2,277
103900062,979,290,689
103900063,2,0,2
103900064,181,3,178
103900065,169,278,-109
103900066,364,39,325
103900067,300,10,290
103900068,2,0,2
103900069,138,6,132
103900070,83,95,-12
103900071,7,38,-31
103900072,41,76,-35
103900073,95,37,58
103900074,163,9,154
103900075,235,14,221
103900076,745,144,601
103900077,22,119,-97
103900078,460,88,372
103900079,58,80,-22
103900080,1,14,-13
103900081,7,5,2
103900082,40,67,-27
103900083,959,1964,-1005
103900084,10,107,-97
103900085,44,60,-16
103900086,1924,239,1685
103900088,220,301,-81
103900089,39,150,-111
103900090,0,24,-24
103900091,556,32,524
103900092,771,358,413
103900093,31,226,-195
103900094,7,41,-34
103900095,171,206,-35
103900096,188,23,165
103900097,31,93,-62
103900098,372,111,261
103900099,383,25,358
103900100,512,42,470
103900101,928,638,290
103900102,2,53,-51
103900104,0,37,-37
103900105,31,37,-6
103900106,2,956,-954
103900107,363,10,353
103900108,54,83,-29
103900109,365,8,357
103900110,333,14,319
103900111,394,116,278
103900112,32,18,14
103900113,31,66,-35
103900114,448,156,292
103900115,95,99,-4
103900116,922,2800,-1878
103900117,41,13,28
103900119,9,212,-203
103900120,107,21,86
103900122,219,39,180
103900123,200,757,-557
103900124,15,129,-114
103900125,119,25,94
103900126,686,54,632
103900127,146,89,57
103900128,228,34,194
103900131,24,42,-18
103900133,727,7,720
103900134,0,14,-14
103900135,0,0,0
103900137,1,19,-18
103900138,290,15,275
103900139,79,3797,-3718
103900140,8,477,-469
103900141,126,21,105
103900142,778,40,738
103900143,298,0,298
103900144,2,33,-31
103900145,74,112,-38
103900146,253,93,160
103900147,537,53,484
103900148,572,149,423
103900149,440,105,335
103900150,2274,5570,-3296
103900151,1,76,-75
103900152,1211,128,1083
103900153,10,1,9
103900154,143,2562,-2419
103900155,21,35,-14
103900156,33,5,28
103900157,266,25,241
103900158,542,3,539
103900159,662,5,657
103900160,26,19,7
103900161,18,80,-62
103900162,42,10,32
103900163,9,201,-192
103900167,2,124,-122
103900168,17,14,3
103900169,6,39,-33
103900170,1,8,-7
103900171,0,5,-5
103900172,2,14,-12
103900173,50,22,28
103900174,402,29,373
103900175,26,208,-182
103900176,2,32,-30
103900177,0,2,-2
103900178,80,10,70
103900179,51,13,38
103900180,7,21,-14
103900181,7,25,-18
103900182,4,17,-13
103900184,152,42,110
103900185,18,1392,-1374
103900187,4,172,-168
103900188,143,121,22
103900189,139,4,135
103900190,128,15,113
103900191,47,20,27
103900192,28,12,16
103900193,19,24,-5
103900194,53,54,-1
103900195,1,207,-206
103900196,81,42,39
103900197,4,35,-31
103900198,3,15,-12
103900199,110,26,84
103900200,200,19,181
103900201,47,10,37
103900202,1,12,-11
103900203,43,42,1
103900204,0,13,-13
103900207,0,25,-25
103900208,196,0,196
103900209,1,48,-47
103900210,48,23,25
103900211,968,114,854
103900212,139,43,96
103900213,8,229,-221
103900214,104,484,-380
103900215,58,304,-246
103900216,11,57,-46
103900217,449,103,346
103900218,1,387,-386
103900219,374,81,293
103900233,86,9,77
103900235,38,102,-64
103900236,4,10,-6
103900242,3,6,-3
103900243,0,1,-1
103900244,111,50,61
103900245,217,50,167
103900246,9,39,-30
103900247,3,13,-10
103900248,1,44,-43
103900249,0,50,-50
103900250,34,18,16
103900251,1,15,-14
103900253,1,74,-73
103900254,6,9,-3
103900255,0,36,-36
103900256,30,21,9
103900257,174,196,-22
103900258,4,6,-2
103900259,5,7,-2
103900261,82,2,80
103900262,53,3,50
103900263,29,90,-61
103900264,2,0,2
103900265,17,1,16
103900266,1,62,-61
103900267,1,58,-57
103900268,60,21,39
103900269,346,18,328
103900270,90,47,43
103900271,12,13,-1
103900272,56,44,12
103900273,120,1,119
103900274,401,1,400
103900275,292,7,285
103900276,19,3,16
103900277,16,0,16
103900278,11,6,5
103900279,7,52,-45
103900280,2,12,-10
104000001,3144,1428,1716
104000002,1961,1307,654
104000003,2113,1073,1040
104000004,2614,1362,1252
104000005,2174,1230,944
104000006,2810,1698,1112
104000007,4393,3263,1130
104000008,156,129,27
104000009,231,143,88
104000010,223,466,-243
104000011,168,99,69
104000012,142,81,61
104000013,257,417,-160
104000014,203,103,100
104000015,433,138,295
104000016,293,86,207
104000018,789,226,563
104000019,747,235,512
104000020,42,188,-146
104000021,335,109,226
104000022,377,313,64
104000023,1672,275,1397
104000024,195,124,71
104000026,48,110,-62
104000027,312,126,186
104000028,684,238,446
104000029,371,227,144
104000030,556,275,281
104000031,1565,72,1493
104000032,127,70,57
104000033,992,212,780
104000034,203,81,122
104000035,1233,244,989
104000036,1215,268,947
104000037,138,138,0
104000038,426,265,161
104000039,223,57,166
104000040,93,505,-412
104000041,771,294,477
104000042,123,116,7
104000043,88,150,-62
104000044,216,657,-441
104000045,606,428,178
104000046,471,491,-20
104000047,613,370,243
104000048,831,367,464
104000049,787,302,485
104000050,50,393,-343
104000051,383,381,2
104000052,2003,1598,405
104000053,1329,291,1038
104000054,657,166,491
104000055,1843,1548,295
104000056,469,68,401
104000057,350,94,256
104000058,1227,521,706
104000059,733,828,-95
104000060,1310,993,317
104000061,1175,443,732
104000062,283,75,208
104000064,654,191,463
104000065,70,376,-306
104000069,346,1654,-1308
104000070,45,644,-599
104000071,145,104,41
104000072,694,172,522
104000075,24,216,-192
104000076,711,29,682
104000082,1987,2954,-967
104000083,585,114,471
104000084,149,160,-11
104000085,481,182,299
104000086,298,203,95
104000087,281,1404,-1123
104000090,1320,332,988
104000092,1677,472,1205
104000094,585,492,93
104000095,2936,1048,1888
104000096,3167,98,3069
104000097,3144,296,2848
104000098,4307,293,4014
104000100,3086,577,2509
104000101,1768,1044,724
104000106,13,395,-382
104000107,422,164,258
104000108,211,158,53
104000109,313,105,208
104000110,608,1205,-597
104000111,1823,4371,-2548
104000112,440,286,154
104000116,1,355,-354
104000117,367,120,247
104000118,2206,120,2086
104000119,1055,216,839
104000120,371,243,128
104000121,244,219,25
104000122,632,317,315
104000123,768,396,372
104000124,225,886,-661
104000125,1035,4907,-3872
104000126,394,409,-15
104000127,1207,1063,144
104000128,564,79,485
104000129,461,6,455
104000130,1,391,-390
104000131,175,405,-230
104000132,306,584,-278
104000133,1629,554,1075
104000134,898,1225,-327
104000135,429,1090,-661
104000136,525,2076,-1551
104000137,1471,248,1223
104000138,780,340,440
104000139,1718,1918,-200
104000141,640,348,292
104000142,665,228,437
104000143,938,172,766
104000144,141,181,-40
104000145,243,83,160
104000146,86,353,-267
104000147,110,304,-194
104000148,524,85,439
104000149,92,54,38
104000150,989,180,809
104000151,376,118,258
104000152,606,133,473
104000153,1074,377,697
104000154,368,144,224
104000155,428,720,-292
104000157,1132,520,612
104000158,83,285,-202
104000159,741,271,470
104000160,1433,2336,-903
104000161,108,59,49
104000162,118,52,66
104000165,767,644,123
104000167,598,1575,-977
104000168,1446,5,1441
104000169,324,18,306
104000170,166,227,-61
104000248,424,450,-26
104000251,66,95,-29
104000272,0,0,0
104000273,0,0,0
104000274,0,0,0
104000275,0,0,0
104000279,512,327,185
104000290,51,178,-127
104000291,401,1042,-641
104000293,1427,1015,412
104000294,267,0,267
104000295,809,719,90
104000296,731,361,370
104000297,822,1467,-645
104000298,1512,504,1008
104000299,1100,501,599
104900001,49,81,-32
104900002,17,337,-320
104900003,50,73,-23
104900004,90,40,50
104900005,953,180,773
104900006,1050,87,963
104900007,700,59,641
104900009,129,83,46
104900010,153,8,145
104900011,0,0,0
104900012,187,41,146
104900013,23,26,-3
104900014,850,106,744
104900015,122,5,117
104900016,214,66,148
104900017,116,160,-44
104900018,0,9,-9
104900019,91,5858,-5767
104900020,77,162,-85
104900021,0,9,-9
104900022,1,109,-108
104900023,3,16,-13
104900024,23,173,-150
104900025,51,114,-63
104900026,3,34,-31
104900027,1012,243,769
104900028,33,127,-94
104900029,6,6,0
104900030,536,128,408
104900031,8,125,-117
104900032,3,44,-41
104900033,293,112,181
104900034,450,158,292
104900035,652,266,386
104900036,388,24,364
104900037,245,66,179
104900038,64,2197,-2133
104900039,145,423,-278
104900040,646,25,621
104900041,391,54,337
104900042,220,106,114
104900043,61,552,-491
104900044,1097,76,1021
104900045,237,36,201
104900046,881,117,764
104900047,506,71,435
104900048,669,39,630
104900049,105,36,69
104900050,956,41,915
104900051,382,6,376
104900052,316,1,315
104900053,478,39,439
104900054,323,55,268
104900055,470,1,469
104900056,446,18,428
104900057,122,2,120
104900058,607,64,543
104900059,172,35,137
104900060,1,155,-154
104900061,133,67,66
104900063,0,141,-141
104900064,0,63,-63
104900065,1,250,-249
104900066,1,35,-34
104900067,4,339,-335
104900068,32,200,-168
104900070,34,115,-81
104900071,0,127,-127
104900072,22,63,-41
104900073,150,68,82
104900074,99,69,30
104900075,23,18,5
104900076,159,75,84
104900077,259,62,197
104900078,166,72,94
104900079,68,1394,-1326
104900080,143,150,-7
104900082,1,126,-125
104900085,1,121,-120
104900087,340,5,335
104900089,724,0,724
104900090,1317,713,604
104900091,321,308,13
104900093,104,148,-44
104900097,615,2743,-2128
104900098,256,44,212
104900099,126,826,-700
104900100,266,62,204
104900102,25,66,-41
104900103,255,27,228
104900104,988,1169,-181
104900106,243,75,168
104900107,47,101,-54
104900108,3,160,-157
104900109,131,148,-17
104900110,21,7,14
104900111,176,7,169
104900112,335,127,208
104900113,868,53,815
104900114,712,233,479
104900115,1047,81,966
104900116,649,50,599
104900118,6,18,-12
104900119,0,38,-38
104900120,32,1486,-1454
104900121,1,14,-13
104900122,1,26,-25
104900123,329,14,315
104900124,264,20,244
104900125,416,2,414
104900126,35,18,17
104900127,55,9,46
104900128,122,42,80
104900129,545,2957,-2412
105000001,3121,865,2256
105000002,1819,1231,588
105000003,2093,2930,-837
105000004,1342,641,701
105000005,2145,1282,863
105000006,1154,1963,-809
105000007,1620,2430,-810
105000008,697,2814,-2117
105000009,3581,3775,-194
105000010,2080,652,1428
105000011,2834,3520,-686
105000012,1376,1185,191
105000013,1031,1200,-169
105000014,4151,3230,921
105000015,6599,13090,-6491
105000016,698,670,28
105000017,1478,900,578
105000018,436,1500,-1064
105000019,906,847,59
105000020,48,483,-435
105000021,235,124,111
105000022,105,146,-41
105000023,767,96,671
105000028,7,41,-34
105000029,592,920,-328
105000030,2036,1486,550
105000031,3,26,-23
105000033,1104,534,570
105000034,72,1339,-1267
105000037,639,121,518
105000038,666,1183,-517
105000039,517,516,1
105000040,742,1163,-421
105000041,183,400,-217
105000042,1310,856,454
105000043,555,355,200
105000044,716,228,488
105000045,220,159,61
105000046,965,185,780
105000047,493,213,280
105000048,1266,310,956
105000049,201,315,-114
105000050,994,502,492
105000051,155,254,-99
105000052,663,915,-252
105000053,103,105,-2
105000054,419,623,-204
105000055,851,341,510
105000056,2102,1559,543
105000057,1808,866,942
105000058,1235,810,425
105000059,1834,592,1242
105000060,758,218,540
105000061,2240,417,1823
105000062,600,339,261
105000063,332,191,141
105000064,3165,609,2556
105000065,523,308,215
105000066,810,661,149
105000067,2121,897,1224
105000068,222,548,-326
105000069,882,3646,-2764
105000070,389,1059,-670
105000071,184,2318,-2134
105000072,1359,8758,-7399
105000073,1509,668,841
105000074,338,291,47
105000075,555,393,162
105000076,1067,667,400
105000077,1778,578,1200
105000078,549,740,-191
105000079,576,1653,-1077
105000080,1651,1607,44
105000081,887,919,-32
105000082,544,1145,-601
105000083,1565,1696,-131
105000084,511,601,-90
105000085,2378,1724,654
105000086,708,672,36
105000087,1225,1314,-89
105000088,1965,3234,-1269
105000089,1368,883,485
105000090,317,220,97
105000091,475,342,133
105000092,474,300,174
105000093,271,301,-30
105000094,246,93,153
105000095,181,546,-365
105000096,1407,1662,-255
105000097,363,470,-107
105000098,1621,1454,167
105000099,479,943,-464
105000100,2465,935,1530
105000101,2504,644,1860
105000102,2247,907,1340
105000103,1094,1071,23
105000104,2971,1478,1493
105000105,1345,1464,-119
105000106,2201,523,1678
105000107,2013,629,1384
105000108,2270,572,1698
105000109,3771,451,3320
105000110,1142,253,889
105000111,2216,308,1908
105000112,1017,351,666
105000113,606,709,-103
105000114,1065,1242,-177
105000115,180,2328,-2148
105000116,1527,617,910
105000117,943,336,607
105000118,1437,241,1196
105000119,688,409,279
105000120,2346,408,1938
105000121,1258,399,859
105000122,525,596,-71
105000123,559,306,253
105000124,2694,484,2210
105000125,1406,709,697
105000126,2639,1092,1547
105000127,3240,880,2360
105000128,882,1106,-224
105000129,1751,549,1202
105000130,141,4053,-3912
105000131,297,58,239
105000132,2154,1024,1130
105000133,317,381,-64
105000134,1975,276,1699
105000135,251,227,24
105000136,57,74,-17
105000137,803,160,643
105000138,157,78,79
105000139,882,276,606
105000140,715,225,490
105000141,500,145,355
105000142,375,434,-59
105000143,290,204,86
105000144,425,302,123
105000145,783,144,639
105000146,413,278,135
105000147,699,210,489
105000148,940,463,477
105000149,3891,1003,2888
105000150,1336,365,971
105000151,1302,260,1042
105000152,254,349,-95
105000153,1717,252,1465
105000154,867,312,555
105000155,1112,266,846
105000156,261,305,-44
105000157,672,490,182
105000158,3571,390,3181
105000159,306,380,-74
105000160,4836,565,4271
105000161,774,437,337
105000162,633,3863,-3230
105000163,744,413,331
105000164,104,200,-96
105000165,694,12420,-11726
105000166,2554,2533,21
105000167,1242,4628,-3386
105000168,322,318,4
105000169,1105,79,1026
105000170,759,914,-155
105000171,1272,200,1072
105000172,665,10,655
105000173,952,8,944
105000174,191,17,174
105000175,314,30,284
105000176,967,43,924
105000177,620,265,355
105000178,524,118,406
105000179,2019,56,1963
105000180,624,40,584
105000181,352,131,221
105000182,70,60,10
105000183,1706,3088,-1382
105000184,259,508,-249
105000185,344,896,-552
105000186,393,587,-194
105000187,873,233,640
105000188,105,157,-52
105000189,67,296,-229
105000190,218,207,11
105000191,339,278,61
105000192,371,43,328
105000193,70,61,9
105000194,973,50,923
105000195,332,268,64
105000196,77,478,-401
105000197,97,319,-222
105000198,124,58,66
105000199,95,1161,-1066
105000200,138,529,-391
105000201,68,46,22
105000203,27,70,-43
105000204,90,23,67
105000205,109,55,54
105000207,122,25,97
105000208,98,267,-169
105000209,216,54,162
105000211,791,6,785
105000212,1199,328,871
105000213,50,37,13
105000214,106,78,28
105000215,229,123,106
105000216,361,47,314
105000217,220,61,159
105000218,3035,627,2408
105000221,86,104,-18
105000222,543,95,448
105000223,642,159,483
105000226,301,74,227
105000227,80,68,12
105000228,16,1298,-1282
105000229,315,700,-385
105000231,409,75,334
105000233,1311,896,415
105000234,227,553,-326
105000235,693,412,281
105000237,1570,68,1502
105000243,84,23,61
105000248,46,66,-20
105000262,677,231,446
105000269,96,78,18
105000270,799,7,792
105000271,0,152,-152
105000282,36,38,-2
105000287,128,76,52
105000288,1057,592,465
105000289,527,927,-400
105000290,27,7,20
105000402,1260,3863,-2603
105000426,188,229,-41
105000438,787,721,66
105000440,24,4,20
105000446,4310,2784,1526
105000447,1154,913,241
105000454,796,98,698
105000455,143,97,46
105000474,119,1,118
105000477,1546,381,1165
105000478,2677,4813,-2136
105000479,91,97,-6
105000480,3595,5357,-1762
105000481,4116,3856,260
105000482,1508,1933,-425
105000483,1982,2460,-478
105000484,960,1238,-278
105000485,812,2802,-1990
105000486,1068,1477,-409
105000488,1962,1259,703
105000489,2011,691,1320
105000549,133,193,-60
105000550,437,479,-42
105000551,11,65,-54
105000552,1425,719,706
105000555,640,1480,-840
105000556,27,11,16
105000557,15,73,-58
105900001,7,1357,-1350
105900002,493,1648,-1155
105900003,8,124,-116
105900004,183,22,161
105900005,2,373,-371
105900006,15,31,-16
105900007,20,29,-9
105900008,187,134,53
105900009,67,19,48
105900011,144,23,121
105900012,370,37,333
105900013,2,18,-16
105900014,0,28,-28
105900015,93,192,-99
105900016,728,157,571
105900017,2565,17,2548
105900018,88,129,-41
105900019,80,64,16
105900020,60,11,49
105900021,38,84,-46
105900022,251,89,162
105900023,27,51,-24
105900024,3,211,-208
105900025,536,5,531
105900026,139,1,138
105900027,6668,2706,3962
105900028,215,377,-162
105900029,1414,176,1238
105900030,169,141,28
105900031,519,68,451
105900032,142,38,104
105900033,116,108,8
105900034,568,82,486
105900035,506,240,266
105900036,103,42,61
105900037,280,22,258
105900038,88,196,-108
105900039,149,49,100
105900040,197,55,142
105900041,203,77,126
105900042,147,227,-80
105900043,604,48,556
105900044,0,401,-401
105900045,2,1856,-1854
105900046,0,94,-94
105900047,17,55,-38
105900048,88,280,-192
105900050,756,3239,-2483
105900051,47,562,-515
105900052,1059,95,964
105900053,2032,4858,-2826
105900054,108,179,-71
105900056,261,569,-308
105900057,0,50,-50
105900058,11,7,4
105900059,0,188,-188
106000001,1665,2315,-650
106000002,619,1785,-1166
106000003,3644,4179,-535
106000004,1158,1525,-367
106000005,4480,2634,1846
106000006,3256,1042,2214
106000007,545,260,285
106000008,286,172,114
106000009,521,142,379
106000010,185,301,-116
106000011,1931,620,1311
106000012,797,454,343
106000013,1492,955,537
106000014,938,725,213
106000015,2401,577,1824
106000016,1130,855,275
106000017,933,431,502
106000018,518,285,233
106000019,521,222,299
106000020,291,154,137
106000021,602,251,351
106000022,255,114,141
106000023,917,194,723
106000024,493,244,249
106000025,154,253,-99
106000026,105,161,-56
106000027,2438,1122,1316
106000028,697,239,458
106000029,949,612,337
106000030,159,416,-257
106000034,113,348,-235
106000035,1206,1175,31
106000036,40,346,-306
106000037,721,537,184
106000038,25,260,-235
106000039,28,158,-130
106000040,50,590,-540
106000041,648,366,282
106000043,323,179,144
106000046,269,37,232
106000047,29,230,-201
106000049,1613,115,1498
106000050,163,377,-214
106000051,1577,627,950
106000052,69,107,-38
106000053,698,78,620
106000054,111,94,17
106000055,1206,218,988
106000056,146,126,20
106000057,700,114,586
106000058,83,21,62
106000059,566,150,416
106000060,144,178,-34
106000061,149,625,-476
106000062,110,113,-3
106000063,1381,837,544
106000064,12,106,-94
106000065,673,104,569
106000066,144,258,-114
106000067,689,40,649
106000068,138,166,-28
106000069,610,52,558
106000070,455,150,305
106000071,1003,83,920
106000072,1858,1088,770
106000073,1370,6671,-5301
106000074,641,657,-16
106000075,482,817,-335
106000076,909,1194,-285
106000077,1438,301,1137
106000078,1776,245,1531
106000079,1074,340,734
106000080,1310,219,1091
106000081,1076,406,670
106000082,1344,300,1044
106000083,569,569,0
106000084,657,321,336
106000085,1195,637,558
106000086,427,284,143
106000087,542,197,345
106000088,348,346,2
106000089,1174,127,1047
106000090,449,302,147
106000091,194,412,-218
106000092,968,231,737
106000093,761,30,731
106000094,83,145,-62
106000095,1172,372,800
106000096,2085,236,1849
106000097,1635,461,1174
106000098,1376,251,1125
106000099,108,222,-114
106000100,2237,142,2095
106000101,1007,74,933
106000102,62,265,-203
106000103,239,360,-121
106000104,1422,369,1053
106000105,275,342,-67
106000106,1153,123,1030
106000107,271,166,105
106000108,656,58,598
106000109,142,98,44
106000110,593,114,479
106000111,186,108,78
106000112,306,966,-660
106000113,386,295,91
106000114,458,1113,-655
106000115,259,257,2
106000116,479,105,374
106000117,762,324,438
106000118,1590,1056,534
106000119,709,283,426
106000120,1102,2012,-910
106000121,450,105,345
106000122,445,86,359
106000123,1174,51,1123
106000124,311,92,219
106000125,69,73,-4
106000126,644,61,583
106000127,2368,335,2033
106000128,1775,172,1603
106000129,1067,265,802
106000130,1692,141,1551
106000131,155,743,-588
106000132,868,66,802
106000133,969,2234,-1265
106000134,612,4616,-4004
106000135,130,385,-255
106000136,1201,2159,-958
106000137,98,497,-399
106000138,3943,56,3887
106000139,114,49,65
106000140,107,25,82
106000141,151,11,140
106000142,147,47,100
106000143,28,43,-15
106000144,28,46,-18
106000145,618,76,542
106000146,857,92,765
106000147,463,300,163
106000148,445,386,59
106000149,1085,271,814
106000150,1296,2543,-1247
106000151,2622,481,2141
106000152,805,2758,-1953
106000153,99,1770,-1671
106000154,928,67,861
106000155,258,284,-26
106000156,2019,118,1901
106000157,493,1625,-1132
106000158,968,484,484
106000159,2053,2529,-476
106000160,917,5190,-4273
106000161,518,107,411
106000162,565,1844,-1279
106000163,293,98,195
106000164,943,187,756
106000165,189,219,-30
106000166,1838,137,1701
106000167,475,365,110
106000168,1479,133,1346
106000169,296,390,-94
106000170,1383,85,1298
106000171,294,691,-397
106000172,3060,870,2190
106000173,845,1353,-508
106000174,1811,146,1665
106000175,169,189,-20
106000176,3368,404,2964
106000177,1303,697,606
106000178,3852,685,3167
106000179,829,626,203
106000180,1370,397,973
106000181,3286,849,2437
106000182,2868,249,2619
106000183,2683,152,2531
106000184,1654,247,1407
106000185,2602,1605,997
106000186,389,37,352
106000187,36,1942,-1906
106000188,0,0,0
106000189,13,29,-16
106000190,40,4,36
106000191,469,27,442
106000192,2,4,-2
106000193,267,251,16
106000194,101,270,-169
106000195,75,54,21
106000196,44,289,-245
106000197,857,232,625
106000198,249,174,75
106000199,494,2093,-1599
106000200,271,203,68
106000201,406,9953,-9547
106000202,1881,626,1255
106000203,11,132,-121
106000204,93,4,89
106000205,2,120,-118
106000206,85,19,66
106000207,29,218,-189
106000208,2158,43,2115
106000209,3059,175,2884
106000210,541,269,272
106000211,194,676,-482
106000212,2038,283,1755
106000213,184,779,-595
106000214,1264,198,1066
106000215,400,441,-41
106000216,1015,238,777
106000217,146,216,-70
106000218,299,88,211
106000219,137,119,18
106000220,876,148,728
106000221,388,64,324
106000222,208,49,159
106000223,479,36,443
106000224,238,67,171
106000225,147,131,16
106000226,99,86,13
106000228,29,77,-48
106000229,197,364,-167
106000231,1867,75,1792
106000232,137,151,-14
106000233,808,118,690
106000234,102,674,-572
106000235,291,810,-519
106000236,95,571,-476
106000237,1,13,-12
106000238,4,95,-91
106000239,0,177,-177
106000240,11,1,10
106000241,2,528,-526
106000242,334,13,321
106000249,144,72,72
106000250,57,908,-851
106000251,194,7,187
106000252,15,98,-83
106000253,135,54,81
106000254,148,25,123
106000255,133,191,-58
106000256,49,27,22
106000257,77,106,-29
106000258,79,126,-47
106000259,20,265,-245
106000260,39,1,38
106000261,1,86,-85
106000262,41,3,38
106000263,43,57,-14
106000264,163,4,159
106000265,23,69,-46
106000266,179,21,158
106000267,6,72,-66
106000268,324,16,308
106000269,54,25,29
106000270,149,158,-9
106000271,56,80,-24
106000272,89,45,44
106000273,49,136,-87
106000274,163,20,143
106000275,267,61,206
106000276,24,20,4
106000277,137,99,38
106000278,81,2,79
106000279,13,5,8
106000280,132,17,115
106000281,92,10,82
106000282,86,47,39
106000283,173,11,162
106000284,291,40,251
106000285,110,67,43
106000286,149,28,121
106000287,53,29,24
106000288,180,36,144
106000289,80,28,52
106000290,197,38,159
106000291,95,34,61
106000292,176,12,164
106000293,151,39,112
106000294,121,16,105
106000295,42,69,-27
106000296,11,17,-6
106000297,26,122,-96
106000298,27,110,-83
106000299,36,33,3
106000300,36,48,-12
106000301,13,97,-84
106000303,116,26,90
106000304,97,14,83
106000305,146,10,136
106000306,45,16,29
106000307,375,19,356
106000308,63,20,43
106000309,7,11,-4
106000310,283,87,196
106000311,510,103,407
106000312,294,65,229
106000313,421,46,375
106000318,64,396,-332
106000319,1893,553,1340
106000320,3,129,-126
106000321,190,321,-131
106000322,352,49,303
106000324,104,69,35
106000325,2249,298,1951
106000326,693,561,132
106000327,515,79,436
106000328,12,280,-268
106000329,15,307,-292
106000330,9,104,-95
106000428,110,228,-118
106000429,139,223,-84
106000430,222,941,-719
106000431,3449,354,3095
106000432,617,1236,-619
106000433,2879,929,1950
106000434,4140,791,3349
106000435,853,987,-134
106000436,14,91,-77
106000437,1332,45,1287
106000438,297,548,-251
106000439,48,613,-565
106000440,203,222,-19
106000441,8,0,8
106000442,962,3,959
106000443,438,132,306
106000450,0,106,-106
106000451,51,243,-192
106000454,1,169,-168
106000455,3,85,-82
106000456,211,6,205
106000457,32,197,-165
106000458,1829,64,1765
106000459,907,44,863
106000460,2940,18,2922
106000461,515,164,351
106000462,1,64,-63
106000463,54,11,43
106000464,3,153,-150
106000465,1307,4,1303
106000466,0,157,-157
106000467,97,301,-204
106000468,313,94,219
106000469,88,1,87
106000470,166,2457,-2291
106000471,3,235,-232
106000472,592,7,585
106000473,50,11,39
106000474,244,290,-46
106000475,642,209,433
106000476,189,273,-84
106000477,90,57,33
106000480,2,1314,-1312
106900001,0,7,-7
106900002,0,106,-106
106900003,49,590,-541
106900004,0,6,-6
106900006,0,1,-1
106900007,0,1,-1
106900008,990,55,935
106900009,828,70,758
106900010,495,174,321
106900012,556,3747,-3191
106900013,966,238,728
106900014,225,5,220
106900015,39,0,39
106900016,591,50,541
106900017,19,18,1
106900018,26,0,26
106900019,402,2,400
106900020,900,3242,-2342
106900021,309,65,244
106900022,2293,25,2268
106900023,137,100,37
106900024,716,30,686
106900025,7,154,-147
106900026,0,114,-114
106900027,2048,2,2046
107000001,2887,3297,-410
107000002,1381,1757,-376
107000003,9095,6617,2478
107000004,2253,1090,1163
107000005,10757,6122,4635
107000006,2470,1032,1438
107000007,5026,6463,-1437
107000008,2695,1917,778
107000009,9595,5969,3626
107000010,4094,2708,1386
107000011,398,495,-97
107000012,1432,1665,-233
107000013,158,34,124
107000014,182,65,117
107000015,583,266,317
107000016,1143,296,847
107000017,518,719,-201
107000018,0,569,-569
107000020,649,470,179
107000021,746,319,427
107000022,969,1231,-262
107000023,1806,129,1677
107000024,1156,1585,-429
107000025,386,136,250
107000026,318,249,69
107000027,2286,395,1891
107000028,1302,389,913
107000029,4937,2567,2370
107000030,1570,961,609
107000031,6254,2097,4157
107000032,269,547,-278
107000033,1579,3464,-1885
107000034,2272,624,1648
107000035,427,128,299
107000036,288,938,-650
107000037,182,463,-281
107000038,223,77,146
107000039,945,542,403
107000040,279,115,164
107000041,793,299,494
107000042,399,2274,-1875
107000043,930,479,451
107000044,172,116,56
107000045,42,99,-57
107000046,786,164,622
107000047,317,288,29
107000048,487,143,344
107000049,310,380,-70
107000050,619,295,324
107000051,201,295,-94
107000052,672,2516,-1844
107000053,269,539,-270
107000054,28,95,-67
107000055,355,134,221
107000056,472,422,50
107000057,1045,100,945
107000058,1886,1894,-8
107000059,1611,1659,-48
107000060,6971,3491,3480
107000061,2909,1283,1626
107000062,9161,2412,6749
107000063,3049,1466,1583
107000064,6581,4073,2508
107000065,1593,2219,-626
107000066,1416,2858,-1442
107000067,1488,852,636
107000068,759,630,129
107000069,1372,701,671
107000070,924,2,922
107000071,5905,27,5878
107000072,5,522,-517
107000073,1673,915,758
107000074,38,276,-238
107000075,2451,82,2369
107000076,142,438,-296
107000077,3206,300,2906
107000078,442,488,-46
107000079,3810,601,3209
107000080,327,678,-351
107000081,5138,572,4566
107000082,347,449,-102
107000083,1729,1266,463
107000084,159,593,-434
107000085,2389,2138,251
107000086,2275,1446,829
107000087,3237,2256,981
107000088,2030,1725,305
107000089,1519,2034,-515
107000090,1213,588,625
107000091,2183,577,1606
107000092,711,440,271
107000093,1883,950,933
107000094,691,419,272
107000095,1961,727,1234
107000096,698,403,295
107000097,2665,406,2259
107000098,429,418,11
107000099,649,382,267
107000100,238,151,87
107000101,71,215,-144
107000102,199,221,-22
107000103,652,220,432
107000104,144,270,-126
107000105,810,357,453
107000106,115,85,30
107000107,1182,132,1050
107000108,236,233,3
107000109,2003,172,1831
107000110,134,157,-23
107000111,1117,40,1077
107000112,31,139,-108
107000113,1943,80,1863
107000114,57,203,-146
107000115,1236,1101,135
107000116,104,227,-123
107000117,254,4502,-4248
107000118,97,45,52
107000119,1067,1833,-766
107000120,556,1277,-721
107000121,1095,322,773
107000122,536,442,94
107000123,896,346,550
107000124,822,160,662
107000125,1696,246,1450
107000126,2236,176,2060
107000129,401,240,161
107000130,1229,129,1100
107000131,286,267,19
107000132,864,217,647
107000133,278,135,143
107000134,216,0,216
107000135,1,243,-242
107000136,550,1,549
107000137,4,295,-291
107000138,106,8,98
107000139,3,308,-305
107000140,1780,43,1737
107000141,46,768,-722
107000142,589,43,546
107000143,20,855,-835
107000144,450,591,-141
107000145,60,493,-433
107000146,192,420,-228
107000147,3430,543,2887
107000150,124,4706,-4582
107000151,3,26,-23
107000152,410,3379,-2969
107000153,79,118,-39
107000154,6,84,-78
107000155,1197,1,1196
107000156,1526,3,1523
107000157,14,245,-231
107000158,1585,55,1530
107000159,4,187,-183
107000160,2253,143,2110
107000161,54,231,-177
107000162,322,788,-466
107000163,483,0,483
107000164,1551,1,1550
107000165,2142,5,2137
107000166,11,157,-146
107000167,1297,260,1037
107000168,1151,485,666
107000169,176,263,-87
107000170,5100,500,4600
107000171,456,404,52
107000172,2136,2338,-202
107000173,254,202,52
107000174,1280,7689,-6409
107000175,2192,355,1837
107000176,1,1,0
107000177,3,0,3
107000178,260,7,253
107000179,417,629,-212
107000180,2268,95,2173
107000181,446,374,72
107000182,2512,256,2256
107000183,291,263,28
107000184,2006,291,1715
107000185,293,360,-67
107000186,896,123,773
107000187,1335,784,551
107000188,633,236,397
107000189,1065,400,665
107000190,1067,306,761
107000191,1220,492,728
107000192,1654,280,1374
107000193,341,232,109
107000194,513,232,281
107000197,937,118,819
107000198,333,387,-54
107000199,532,451,81
107000200,1000,724,276
107000201,320,188,132
107000202,311,400,-89
107000203,497,928,-431
107000204,471,1743,-1272
107000205,491,189,302
107000206,180,800,-620
107000207,267,442,-175
107000208,434,328,106
107000209,426,439,-13
107000210,62,57,5
107000211,14,17,-3
107000212,5,61,-56
107000213,3,8,-5
107000214,26,24,2
107000215,745,140,605
107000216,627,67,560
107000217,198,408,-210
107000219,53,234,-181
107000220,86,178,-92
107000222,248,131,117
107000224,442,59,383
107000225,130,143,-13
107000226,924,160,764
107000227,192,83,109
107000228,92,608,-516
107000229,36,160,-124
107000230,702,377,325
107000231,311,898,-587
107000232,124,13,111
107000233,118,461,-343
107000234,4,78,-74
107000235,26,18,8
107000236,3,526,-523
107000237,116,0,116
107000238,38,1,37
107000239,1356,582,774
107000240,66,133,-67
107000243,0,27,-27
107000244,7,66,-59
107000246,0,261,-261
107000249,1,390,-389
107000251,1,70,-69
107000252,0,139,-139
107000255,160,236,-76
107000257,0,751,-751
107000258,4,191,-187
107000259,1,52,-51
107000260,2585,5,2580
107000262,8,128,-120
107000263,797,1,796
107000266,39,10,29
107000267,14,51,-37
107000268,201,29,172
107000269,28,2,26
107000270,324,51,273
107000271,9,0,9
107000272,179,2,177
107000273,2,168,-166
107000274,327,99,228
107000275,17,647,-630
107000280,2161,42,2119
107000281,24,227,-203
107000282,9,283,-274
107000290,4,37,-33
107000291,10,5,5
107000292,0,60,-60
107000293,3,4,-1
107000294,1,186,-185
107000295,23,1,22
107000296,0,37,-37
107000444,322,1,321
107000496,24,10,14
107000497,585,812,-227
107000500,449,120,329
107000501,74,173,-99
107000502,218,168,50
107000505,309,420,-111
107000506,0,0,0
107000508,1,54,-53
107000509,95,652,-557
107000510,87,97,-10
107000514,24,405,-381
107000515,8,42,-34
107000516,648,340,308
107000518,2067,4409,-2342
107000519,492,267,225
107000520,250,43,207
107000521,1516,138,1378
107000522,2809,279,2530
107900001,119,69,50
107900002,41,2,39
107900003,749,7,742
107900004,56,0,56
107900005,4961,25,4936
107900006,216,17,199
107900007,517,33,484
107900008,13,3,10
107900009,71,14,57
107900010,120,12,108
107900012,363,39,324
107900013,172,4,168
107900014,300,10,290
107900015,3069,11,3058
107900016,167,32,135
107900017,75,0,75
107900018,61,500,-439
107900019,3,2,1
107900020,10,38,-28
107900021,269,14,255
107900023,15,3,12
107900024,0,6,-6
107900025,252,55,197
107900026,89,5,84
107900027,11,47,-36
107900028,406,13,393
107900030,263,9,254
107900031,160,54,106
107900032,138,2,136
107900033,39,11,28
107900034,293,17,276
107900035,2541,183,2358
107900036,28,32,-4
107900037,0,9,-9
107900038,14,369,-355
107900039,60,7,53
107900040,2,155,-153
107900041,2,1,1
107900043,151,26,125
107900044,10,18,-8
107900045,126,39,87
107900046,413,409,4
107900047,71,6,65
107900048,489,26,463
107900049,248,1149,-901
107900050,16,69,-53
107900051,50,29,21
107900052,1,64,-63
107900053,182,23,159
107900055,355,98,257
107900056,97,163,-66
107900057,2,0,2
107900058,18,235,-217
107900060,4,70,-66
107900061,1,10,-9
107900063,73,53,20
107900064,127,1049,-922
107900065,795,31,764
107900066,44,4,40
107900067,9,0,9
107900068,117,910,-793
107900069,10,4581,-4571
107900070,210,188,22
107900071,8,179,-171
107900072,223,24,199
107900073,60,109,-49
107900074,184,447,-263
107900076,185,10,175
107900077,140,2,138
107900079,8,20,-12
107900080,122,628,-506
107900081,35,33,2
107900082,1,15,-14
107900083,475,159,316
107900084,282,92,190
107900086,18,402,-384
107900087,247,30,217
107900088,74,5,69
107900089,141,344,-203
107900090,428,1761,-1333
107900091,83,54,29
107900093,22,37,-15
107900095,1032,862,170
107900097,39,46,-7
107900098,212,220,-8
107900100,186,1471,-1285
107900101,277,22,255
107900102,78,3,75
107900103,63,100,-37
107900104,321,3,318
107900105,0,46,-46
107900106,0,157,-157
107900107,435,254,181
107900108,128,18,110
107900109,2787,81,2706
107900110,127,34,93
107900111,2,117,-115
107900112,46,650,-604
107900113,345,16,329
107900114,291,52,239
107900115,0,3,-3
107900116,334,29,305
107900117,242,157,85
107900118,17,48,-31
107900119,125,250,-125
107900120,69,13,56
107900121,0,113,-113
107900122,0,24,-24
107900123,7,122,-115
107900124,5,14,-9
107900125,4,66,-62
107900126,32,19,13
107900127,676,166,510
107900128,16,18,-2
107900129,225,5,220
107900130,210,3,207
107900131,42,67,-25
107900132,7,119,-112
107900133,0,12,-12
107900134,5,13,-8
107900135,4,34,-30
107900136,12,17,-5
107900137,40,56,-16
107900138,159,6,153
107900139,172,6,166
107900141,22,52,-30
107900142,9,372,-363
107900143,11,3,8
107900144,0,10,-10
107900145,1,36,-35
107900146,16,48,-32
107900147,19,5,14
107900148,163,66,97
107900149,342,16,326
107900150,5,144,-139
107900151,8,5,3
107900152,8,43,-35
107900153,80,114,-34
107900154,102,27,75
107900155,196,15,181
107900156,0,49,-49
107900157,26,54,-28
107900158,2310,98,2212
107900159,13,225,-212
107900160,207,32,175
107900161,122,12,110
107900162,1,38,-37
107900163,15,21,-6
107900164,57,11,46
107900165,6,310,-304
107900166,51,23,28
107900167,0,13,-13
107900168,161,3,158
107900169,0,861,-861
107900171,0,209,-209
107900172,0,56,-56
107900173,23,23,0
107900174,123,0,123
107900175,9,55,-46
107900176,127,4,123
107900177,0,88,-88
107900178,0,75,-75
107900179,11,33,-22
107900180,144,1450,-1306
107900181,197,106,91
107900182,3,182,-179
107900183,109,33,76
107900184,240,172,68
107900185,184,2,182
107900186,32,7,25
107900187,1,44,-43
107900188,499,69,430
107900189,42,113,-71
107900190,12,141,-129
107900191,49,59,-10
107900193,0,61,-61
107900194,169,8,161
107900195,1120,143,977
107900196,99,16,83
107900197,103,96,7
107900199,3,258,-255
107900201,62,27,35
107900203,6,9,-3
107900204,60,57,3
107900206,187,689,-502
107900207,0,91,-91
107900208,0,119,-119
107900209,202,82,120
107900210,9,31,-22
107900213,275,117,158
107900214,2,66,-64
107900215,86,232,-146
107900216,5,18,-13
107900217,23,25,-2
107900218,2,513,-511
107900219,81,18,63
107900220,46,71,-25
107900221,58,76,-18
107900223,140,67,73
107900224,54,270,-216
107900225,2,197,-195
107900226,10,25,-15
107900227,46,89,-43
107900228,60,74,-14
107900229,1,37,-36
107900230,41,8,33
107900231,24,40,-16
107900232,317,13,304
107900233,2,23,-21
107900234,542,39,503
107900235,5,52,-47
107900236,574,44,530
107900237,23,147,-124
107900238,65,11,54
107900239,114,550,-436
107900240,37,4,33
107900241,0,16,-16
107900242,12,32,-20
107900243,1,14,-13
107900244,258,2,256
107900245,1365,30,1335
107900246,192,15,177
107900248,711,66,645
107900249,1255,172,1083
107900250,0,138,-138
107900251,9,322,-313
107900252,892,66,826
107900253,249,32,217
107900254,75,147,-72
107900255,72,9,63
107900256,285,1200,-915
107900257,514,140,374
107900258,58,50,8
107900259,25,5028,-5003
107900261,1,112,-111
107900262,23,19,4
107900264,797,35,762
107900265,86,176,-90
107900267,681,10,671
107900268,9,1,8
107900269,0,0,0
107900270,0,1,-1
107900271,0,54,-54
107900272,19,29,-10
107900273,63,19,44
107900274,161,0,161
107900275,77,1,76
107900276,1,6,-5
107900277,0,21,-21
107900278,531,55,476
107900279,4,24,-20
107900280,2338,806,1532
107900281,728,10584,-9856
107900282,14,1224,-1210
107900283,275,950,-675
107900284,940,403,537
107900285,259,40,219
107900286,10,44,-34
107900287,950,86,864
107900290,1,972,-971
107900291,460,5,455
107900292,84,36,48
107900293,108,66,42
107900295,101,15,86
107900297,3,280,-277
107900298,395,363,32
107900299,1027,3443,-2416
107900301,752,581,171
107900302,99,12,87
107900303,650,111,539
107900304,865,60,805
107900305,508,5,503
107900306,0,41,-41
107900307,3,137,-134
107900308,261,53,208
107900309,17,0,17
107900310,31,0,31
107900311,105,236,-131
107900312,18,0,18
107900313,1,132,-131
107900314,0,124,-124
107900315,0,36,-36
107900316,39,0,39
107900317,88,1,87
107900318,1,159,-158
107900319,2,10,-8
107900320,0,41,-41
107900321,272,2,270
107900322,0,19,-19
107900323,0,39,-39
107900324,109,0,109
107900325,273,0,273
107900326,1134,60,1074
107900327,1,74,-73
107900328,4,0,4
107900329,4,118,-114
107900330,14,32,-18
107900331,823,10,813
107900332,826,3,823
107900333,133,7,126
107900334,3,26,-23
107900335,17,32,-15
107900336,23,23,0
107900337,335,1560,-1225
107900338,5,43,-38
107900339,0,4,-4
107900340,1,107,-106
107900341,28,0,28
107900342,117,33,84
107900343,41,0,41
107900344,21,19,2
107900345,90,14,76
107900346,14,1,13
107900347,3,0,3
107900348,4,1,3
107900349,23,6,17
107900350,3,58,-55
107900351,4,11,-7
107900352,2,19,-17
107900353,62,1,61
107900354,9,51,-42
108000001,4989,2854,2135
108000002,1020,1038,-18
108000003,2351,1400,951
108000004,5903,6104,-201
108000005,7398,3048,4350
108000006,2071,1779,292
108000007,6009,2596,3413
108000008,1725,1904,-179
108000009,6490,3623,2867
108000010,1535,1916,-381
108000011,12888,8469,4419
108000012,5769,5792,-23
108000014,379,1386,-1007
108000015,936,153,783
108000016,253,527,-274
108000017,1243,204,1039
108000018,2068,426,1642
108000019,943,275,668
108000020,1160,243,917
108000021,75,701,-626
108000022,249,352,-103
108000023,2094,248,1846
108000024,549,102,447
108000025,622,93,529
108000026,1358,122,1236
108000027,1154,153,1001
108000028,1307,110,1197
108000029,1021,260,761
108000030,433,106,327
108000031,172,360,-188
108000032,3186,523,2663
108000033,323,311,12
108000034,2141,456,1685
108000035,452,737,-285
108000036,264,328,-64
108000037,3255,200,3055
108000038,5246,233,5013
108000039,314,500,-186
108000040,2830,836,1994
108000041,225,848,-623
108000042,757,60,697
108000043,130,106,24
108000044,770,48,722
108000045,122,117,5
108000046,3010,109,2901
108000047,207,244,-37
108000048,71,177,-106
108000049,935,124,811
108000050,58,241,-183
108000051,328,253,75
108000052,135,157,-22
108000053,509,292,217
108000054,199,361,-162
108000055,1199,288,911
108000056,559,599,-40
108000057,780,964,-184
108000058,1698,5075,-3377
108000059,1106,647,459
108000060,367,740,-373
108000061,229,268,-39
108000062,1499,308,1191
108000063,435,219,216
108000064,376,171,205
108000065,558,216,342
108000066,1989,952,1037
108000067,3336,830,2506
108000068,1337,236,1101
108000069,101,278,-177
108000070,2730,308,2422
108000071,310,392,-82
108000072,1568,433,1135
108000073,333,378,-45
108000074,1064,317,747
108000075,150,153,-3
108000076,1128,347,781
108000077,284,194,90
108000078,3752,701,3051
108000079,328,308,20
108000080,2885,420,2465
108000081,345,628,-283
108000082,360,404,-44
108000083,2494,523,1971
108000084,131,624,-493
108000085,1594,422,1172
108000086,190,321,-131
108000087,201,2556,-2355
108000088,1505,314,1191
108000089,396,280,116
108000091,177,271,-94
108000092,671,90,581
108000093,372,260,112
108000094,1810,114,1696
108000095,324,199,125
108000096,1041,209,832
108000097,246,281,-35
108000098,3170,900,2270
108000099,1194,237,957
108000100,116,449,-333
108000101,1396,978,418
108000102,1155,2671,-1516
108000106,1048,1,1047
108000107,0,204,-204
108000108,909,68,841
108000109,1,345,-344
108000110,821,165,656
108000111,265,368,-103
108000112,22,100,-78
108000113,270,99,171
108000115,210,152,58
108000117,318,191,127
108000118,218,1974,-1756
108000119,390,157,233
108000120,297,1194,-897
108000121,263,218,45
108000122,1378,276,1102
108000123,1169,396,773
108000124,386,329,57
108000125,1217,177,1040
108000126,385,258,127
108000127,1006,563,443
108000128,957,131,826
108000129,195,507,-312
108000130,878,272,606
108000131,1014,77,937
108000132,288,252,36
108000133,1504,124,1380
108000134,409,126,283
108000135,1689,798,891
108000136,404,311,93
108000137,597,113,484
108000138,490,315,175
108000139,721,120,601
108000140,1017,3,1014
108000141,41,14,27
108000142,28,15,13
108000143,32,108,-76
108000144,1387,52,1335
108000145,68,6,62
108000146,1650,42,1608
108000147,23,6,17
108000148,1326,42,1284
108000149,20,1,19
108000150,77,5,72
108000151,43,19,24
108000152,81,76,5
108000153,1929,94,1835
108000154,15,1,14
108000155,116,30,86
108000156,512,164,348
108000157,182,2793,-2611
108000158,27,939,-912
108000159,97,139,-42
108000160,1156,1774,-618
108000161,1093,5187,-4094
108000165,1,495,-494
108000172,1,239,-238
108000173,380,2121,-1741
108000175,1277,130,1147
108000178,283,87,196
108000179,85,657,-572
108000181,84,9,75
108000182,108,34,74
108000183,11,81,-70
108000184,208,4028,-3820
108000185,481,44,437
108000186,832,122,710
108000187,183,176,7
108000188,1617,134,1483
108000189,643,19402,-18759
108000190,9,59,-50
108000192,229,102,127
108000193,320,14,306
108000194,17,9,8
108000195,0,430,-430
108000196,169,400,-231
108000198,1039,60,979
108000199,0,257,-257
108000200,1429,140,1289
108000203,386,129,257
108000204,332,67,265
108000205,49,201,-152
108000339,478,186,292
108000364,105,273,-168
108000365,96,209,-113
108000367,100,83,17
108000368,11,51,-40
108000369,265,60,205
108000371,1,230,-229
108000372,1009,2,1007
108000373,263,57,206
108000376,375,21,354
108000377,1419,102,1317
108000378,8776,13841,-5065
108000379,31,160,-129
108000381,230,13,217
108000382,128,10,118
108000383,1,240,-239
108900001,4,106,-102
108900002,174,25,149
108900003,107,203,-96
108900004,502,491,11
108900007,478,88,390
108900008,294,37,257
108900009,197,171,26
108900010,528,91,437
108900011,937,94,843
108900012,734,115,619
108900013,104,159,-55
108900014,11,96,-85
108900015,0,50,-50
108900016,0,80,-80
108900017,100,235,-135
108900018,127,112,15
108900019,40,124,-84
108900020,45,27,18
108900021,54,55,-1
108900022,137,3,134
108900023,4,33,-29
108900024,60,15,45
108900025,472,6,466
108900026,18,31,-13
108900027,1,24,-23
108900028,151,28,123
108900029,43,154,-111
108900030,1,5,-4
108900031,79,42,37
108900032,3,56,-53
108900033,0,12,-12
108900034,0,29,-29
108900035,206,284,-78
108900038,0,84,-84
108900039,0,40,-40
108900040,7,32,-25
108900041,2321,2814,-493
108900042,0,246,-246
108900043,37,337,-300
108900044,0,79,-79
108900045,109,52,57
108900046,6,98,-92
108900047,0,117,-117
108900048,62,143,-81
108900049,498,3255,-2757
108900050,0,44,-44
108900051,0,43,-43
108900052,15,41,-26
108900053,128,552,-424
108900054,41,72,-31
108900055,12,202,-190
108900056,2,27,-25
108900057,1,20,-19
108900058,20,75,-55
108900059,1682,52,1630
108900060,63,101,-38
108900061,41,13,28
108900062,4,33,-29
108900063,35,52,-17
108900064,635,20,615
108900065,30,72,-42
108900066,572,47,525
108900067,0,56,-56
108900068,10,41,-31
108900069,139,14,125
108900070,14,29,-15
108900071,193,6,187
108900072,950,82,868
108900073,23,88,-65
108900074,524,29,495
108900075,3,21,-18
108900076,699,7,692
108900077,7,169,-162
108900078,117,19,98
108900079,231,58,173
108900080,4,1063,-1059
108900081,7,84,-77
108900082,90,39,51
108900083,4,262,-258
108900085,602,41,561
108900086,393,92,301
108900087,37,90,-53
108900088,377,378,-1
108900089,20,111,-91
108900090,41,55,-14
108900091,91,21,70
108900092,388,256,132
108900093,89,48,41
108900094,401,122,279
108900095,37,65,-28
108900096,167,4,163
108900097,322,40,282
108900098,751,1379,-628
108900099,489,84,405
108900100,65,32,33
108900101,381,638,-257
108900102,3,1588,-1585
108900103,406,142,264
108900105,4,3044,-3040
108900106,641,68,573
108900108,252,15,237
108900109,1581,60,1521
108900110,151,55,96
108900111,516,104,412
108900113,83,47,36
108900114,421,28,393
108900115,209,194,15
108900116,76,3,73
108900117,556,12,544
108900118,1358,18,1340
108900119,756,37,719
108900120,679,142,537
108900121,208,73,135
108900122,357,33,324
108900123,455,75,380
108900124,1223,113,1110
108900125,1337,9,1328
108900126,240,58,182
108900127,378,22,356
108900128,238,20,218
108900129,1968,67,1901
108900130,1045,11,1034
108900131,758,3,755
108900132,739,41,698
108900133,436,12,424
108900134,1036,51,985
108900135,655,10,645
108900136,32,0,32
108900137,471,0,471
108900138,1098,48,1050
108900140,1194,29,1165
108900141,983,1,982
108900142,60,21,39
108900143,196,0,196
108900144,237,1,236
108900145,397,11,386
108900146,160,0,160
108900147,555,3,552
108900148,73,10,63
108900150,178,12,166
108900151,44,0,44
108900152,187,12,175
108900153,255,65,190
108900154,8092,588,7504
108900156,219,2,217
108900157,26,138,-112
108900158,970,92,878
108900159,128,79,49
108900160,16,100,-84
108900161,194,328,-134
108900162,287,0,287
108900163,9,448,-439
108900164,53,15,38
108900168,2449,1841,608
108900169,48,67,-19
108900171,1579,3574,-1995
108900172,189,63,126
108900173,39,123,-84
108900174,1212,192,1020
108900176,54,104,-50
108900177,1644,11240,-9596
108900178,1113,5995,-4882
108900180,68,135,-67
108900183,154,78,76
108900184,393,19,374
108900185,23,96,-73
108900186,28,161,-133
108900189,470,29,441
108900190,52,583,-531
108900192,52,86,-34
108900195,91,49,42
108900196,19,97,-78
108900199,217,134,83
108900200,710,402,308
108900201,252,439,-187
108900203,534,113,421
108900204,621,6,615
108900205,274,9,265
108900206,684,88,596
108900207,384,481,-97
108900208,6,144,-138
108900209,80,217,-137
108900210,61,77,-16
108900211,136,634,-498
108900212,78,2037,-1959
108900215,41,119,-78
108900216,236,596,-360
108900217,86,1,85
108900218,21,4,17
108900221,14,82,-68
108900224,3,56,-53
108900225,0,99,-99
108900227,216,285,-69
108900230,51,97,-46
108900232,1,56,-55
108900233,458,125,333
108900234,353,186,167
108900235,54,123,-69
108900236,27,177,-150
108900240,128,46,82
108900241,77,20,57
108900245,2,2413,-2411
108900250,291,15,276
108900258,1,26,-25
108900259,1,22,-21
108900260,6,9,-3
108900261,3,41,-38
108900262,65,87,-22
108900263,17,173,-156
108900264,70,98,-28
108900265,261,335,-74
108900266,135,1835,-1700
108900267,0,407,-407
108900268,41,19,22
108900269,168,14,154
108900270,204,15,189
108900271,122,0,122
108900272,481,7,474
108900273,219,466,-247
108900274,114,21,93
109000001,4542,5017,-475
109000002,709,4029,-3320
109000003,4367,383,3984
109000004,775,1570,-795
109000005,2355,322,2033
109000006,1019,800,219
109000007,2979,441,2538
109000008,1134,821,313
109000009,4404,736,3668
109000010,1056,1464,-408
109000011,7083,1730,5353
109000012,1521,1464,57
109000013,7055,5716,1339
109000014,1529,1079,450
109000015,4011,15556,-11545
109000016,2714,1124,1590
109000017,4505,905,3600
109000018,1056,1026,30
109000019,3604,1192,2412
109000020,1392,960,432
109000023,186,4,182
109000024,2,100,-98
109000025,140,752,-612
109000026,445,276,169
109000027,102,355,-253
109000028,95,48,47
109000029,34,387,-353
109000030,66,239,-173
109000031,508,63,445
109000032,79,249,-170
109000033,808,151,657
109000034,48,48,0
109000035,35,8,27
109000036,49,206,-157
109000037,459,4322,-3863
109000038,208,113,95
109000039,1131,728,403
109000040,2161,20974,-18813
109000041,720,3275,-2555
109000042,700,1933,-1233
109000044,659,24,635
109000045,183,115,68
109000046,577,47,530
109000047,93,165,-72
109000048,308,148,160
109000049,175,256,-81
109000050,253,157,96
109000051,229,94,135
109000052,451,289,162
109000053,623,63,560
109000054,65,265,-200
109000055,530,498,32
109000056,151,236,-85
109000057,1532,388,1144
109000058,113,38,75
109000059,94,1217,-1123
109000060,78,589,-511
109000061,297,1658,-1361
109000062,176,366,-190
109000063,214,40,174
109000064,859,45,814
109000065,434,65,369
109000066,589,46,543
109000067,150,78,72
109000068,622,10,612
109000069,575,11,564
109000070,8,1111,-1103
109000071,381,41,340
109000072,69,151,-82
109000073,98,55,43
109000074,22,76,-54
109000075,65,120,-55
109000076,83,296,-213
109000077,267,86,181
109000078,205,101,104
109000079,123,26,97
109000080,433,37,396
109000081,204,177,27
109000082,1238,59,1179
109000083,327,176,151
109000088,218,131,87
109000089,378,107,271
109000090,98,103,-5
109000091,830,88,742
109000092,125,88,37
109000093,445,58,387
109000094,1546,13,1533
109000095,298,111,187
109000096,1649,123,1526
109000097,51,40,11
109000098,62,70,-8
109000099,884,90,794
109000100,463,244,219
109000101,2634,258,2376
109000102,674,233,441
109000103,854,231,623
109000104,4096,135,3961
109000105,555,351,204
109000106,2599,248,2351
109000107,474,460,14
109000108,2994,349,2645
109000109,429,510,-81
109000110,1614,367,1247
109000111,571,754,-183
109000112,225,83,142
109000113,428,186,242
109000114,69,252,-183
109000115,743,63,680
109000116,27,246,-219
109000117,444,15,429
109000118,28,162,-134
109000119,3052,41,3011
109000120,705,165,540
109000121,975,10,965
109000122,387,134,253
109000123,75,18,57
109000124,1416,200,1216
109000125,1197,225,972
109000126,625,242,383
109000127,1838,97,1741
109000128,664,235,429
109000129,5048,238,4810
109000130,322,295,27
109000131,988,641,347
109000132,286,405,-119
109000133,187,236,-49
109000134,476,374,102
109000135,396,455,-59
109000136,238,209,29
109000137,300,201,99
109000138,337,99,238
109000139,779,178,601
109000140,110,140,-30
109000141,603,263,340
109000142,80,207,-127
109000143,187,60,127
109000145,116,416,-300
109000146,5,18,-13
109000148,1182,1451,-269
109000149,16,78,-62
109000150,24,113,-89
109000155,1292,950,342
109000156,766,161,605
109000158,31,146,-115
109000159,134,219,-85
109000160,2541,66,2475
109000161,823,544,279
109000162,2816,203,2613
109000163,1847,529,1318
109000164,2063,1086,977
109000165,1949,311,1638
109000166,1698,74,1624
109000167,151,185,-34
109000170,36,28,8
109000171,182,4,178
109000172,4,50,-46
109000173,10,134,-124
109000174,389,27,362
109000175,26,33,-7
109000176,561,87,474
109000177,39,22,17
109000178,1498,94,1404
109000179,1815,8460,-6645
109000180,2436,3905,-1469
109000181,50,2,48
109000182,32,7,25
109000183,108,1,107
109000184,109,7,102
109000185,4,11,-7
109000188,347,1344,-997
109000189,4208,1208,3000
109000190,1035,335,700
109000191,227,560,-333
109000192,987,54,933
109000193,355,46,309
109000194,461,38,423
109000195,359,33,326
109000196,288,20,268
109000197,275,91,184
109000198,488,54,434
109000199,273,146,127
109000206,140,7,133
109000207,249,2,247
109000208,110,96,14
109000209,220,38,182
109000210,100,200,-100
109000211,2290,278,2012
109000214,331,112,219
109000215,100,29,71
109000216,453,412,41
109000217,83,120,-37
109000218,282,317,-35
109000221,110,248,-138
109000222,760,88,672
109000223,807,411,396
109000224,198,38,160
109000225,331,7,324
109000226,100,76,24
109000227,2648,223,2425
109000228,0,483,-483
109000231,0,47,-47
109000232,1681,136,1545
109000236,296,263,33
109000241,1936,406,1530
109000242,1552,283,1269
109000293,115,116,-1
109000361,177,111,66
109000364,55,343,-288
109000396,10,136,-126
109000397,992,28,964
109000399,98,157,-59
109000400,133,75,58
109000403,15,1340,-1325
109000406,1407,3,1404
109000407,126,79,47
109000408,0,252,-252
109000410,971,131,840
109000411,567,16,551
109900001,169,1,168
109900002,1253,6,1247
109900003,1100,1,1099
109900004,148,66,82
109900005,31,7,24
109900006,700,46,654
109900007,2415,168,2247
109900008,0,4,-4
109900009,91,258,-167
109900010,1130,72,1058
109900011,13,11,2
109900012,579,106,473
109900013,709,42,667
109900014,183,36,147
109900015,114,12,102
109900016,115,6,109
109900017,349,81,268
109900018,114,15,99
109900019,143,39,104
109900020,61,22,39
109900021,38,9,29
109900022,150,121,29
109900023,9,1,8
109900024,14,0,14
109900025,6,37,-31
109900026,0,48,-48
109900027,12,8,4
109900028,300,3706,-3406
109900029,0,156,-156
109900030,37,10,27
109900031,0,600,-600
109900032,1,66,-65
109900033,0,201,-201
109900034,8,5,3
109900035,208,134,74
109900036,39,83,-44
109900037,2,188,-186
109900038,83,79,4
109900039,4,0,4
109900040,13,132,-119
109900041,51,88,-37
109900042,24,574,-550
109900044,103,311,-208
109900045,63,33,30
109900046,146,48,98
109900047,114,144,-30
109900048,6,59,-53
109900049,35,24,11
109900050,1,16,-15
109900051,0,0,0
109900052,71,175,-104
109900053,0,34,-34
109900054,1746,81,1665
109900055,200,87,113
109900056,95,245,-150
109900057,1,44,-43
109900058,1,25,-24
109900059,2422,40,2382
109900060,1421,49,1372
109900061,78,51,27
109900062,0,30,-30
109900063,13,403,-390
109900064,856,43,813
109900065,13,46,-33
109900066,165,226,-61
109900067,0,77,-77
109900068,109,6,103
109900069,2,18,-16
109900070,15,38,-23
109900071,0,1,-1
109900072,14,32,-18
109900073,860,138,722
109900074,5,7,-2
109900075,49,63,-14
109900076,32,42,-10
109900077,15,18,-3
109900078,35,31,4
109900080,111,34,77
109900081,0,90,-90
109900082,81,75,6
109900083,13,9,4
109900084,26,103,-77
109900085,69,158,-89
109900086,115,1270,-1155
109900087,29,159,-130
109900089,887,68,819
109900090,127,220,-93
109900091,791,45,746
109900092,220,121,99
109900093,1648,69,1579
109900094,85,44,41
109900095,44,67,-23
109900096,181,2,179
109900097,176,2,174
109900098,935,18,917
109900099,845,2,843
109900100,112,0,112
109900101,1450,5,1445
109900102,650,7,643
109900103,54,70,-16
109900104,1728,65,1663
109900105,743,19,724
109900106,616,6,610
109900107,836,16,820
109900108,125,115,10
109900109,5,34,-29
109900110,24,119,-95
109900111,62,179,-117
109900112,109,129,-20
109900113,1133,382,751
109900114,216,1063,-847
109900115,227,78,149
109900117,2445,46,2399
109900118,123,108,15
109900119,84,176,-92
109900120,60,7,53
109900121,167,94,73
109900122,1719,4,1715
109900123,19,43,-24
109900124,1,61,-60
109900125,0,57,-57
109900126,693,28,665
109900128,504,14,490
109900130,2087,4598,-2511
109900131,2,42,-40
109900132,15,49,-34
109900133,73,111,-38
109900134,55,80,-25
109900135,161,18,143
109900136,63,66,-3
109900137,320,113,207
109900140,145,70,75
109900142,3727,154,3573
109900145,4,661,-657
109900146,82,40,42
109900148,14,8,6
109900149,7,10,-3
109900150,1,18,-17
109900151,4,5,-1
109900152,0,9,-9
109900153,0,29,-29
109900154,20,0,20
109900155,37,26,11
109900157,49,83,-34
109900158,35,38,-3
109900159,88,5,83
109900160,208,4,204
109900161,488,10,478
109900162,235,35,200
109900163,198,48,150
109900164,48,92,-44
109900165,330,5,325
109900166,0,166,-166
109900167,202,180,22
109900168,107,317,-210
109900169,406,98,308
109900170,220,2011,-1791
109900171,600,79,521
109900172,411,484,-73
109900173,989,2570,-1581
109900174,17,87,-70
109900175,122,158,-36
109900176,133,68,65
109900177,17,49,-32
109900178,1,130,-129
109900179,22,7,15
109900180,0,6,-6
110000001,577,210,367
110000002,580,352,228
110000003,531,496,35
110000004,281,305,-24
110000005,201,2544,-2343
110000006,323,215,108
110000007,90,26,64
110000008,45,437,-392
110000009,60,14,46
110000010,79,150,-71
110000011,41,28,13
110000012,403,126,277
110000013,35,860,-825
110000014,556,389,167
110000015,123,665,-542
110000016,292,1890,-1598
110000017,2081,163,1918
110000018,1857,358,1499
110000019,20,30,-10
110000020,813,432,381
110000021,154,85,69
110000022,1436,76,1360
110000023,5,52,-47
110000024,494,99,395
110000025,2074,1,2073
110000026,2,116,-114
110000027,549,1176,-627
110000028,1392,207,1185
110000029,416,219,197
110000030,452,423,29
110000031,294,197,97
110000032,1455,53,1402
110000033,171,67,104
110000034,1274,361,913
110000035,654,205,449
110000036,2102,256,1846
110000037,258,60,198
110000038,405,977,-572
110000039,990,9313,-8323
110000040,241,199,42
110000041,386,3444,-3058
110000042,77,426,-349
110000043,507,388,119
110000044,19,184,-165
110000045,70,100,-30
110000046,4,120,-116
110000047,2,43,-41
110000048,1,143,-142
110000049,5,4,1
110000050,6,105,-99
110000051,6,20,-14
110000052,57,31,26
110000053,11,6,5
110000054,67,657,-590
110000055,92,147,-55
110000056,53,145,-92
110000057,299,248,51
110000058,1088,231,857
110000059,642,408,234
110000060,1187,462,725
110000061,341,281,60
110000062,445,449,-4
110000063,71,364,-293
110000064,119,14,105
110000065,200,244,-44
110000066,111,10,101
110000067,25,32,-7
110000068,438,31,407
110000069,1100,6,1094
110000071,1332,5,1327
110000073,56,1,55
110000075,44,53,-9
110000076,556,641,-85
110000077,204,1905,-1701
110000078,140,10,130
110000080,163,168,-5
110000081,61,223,-162
110000082,64,303,-239
110000083,265,245,20
110000084,1778,1051,727
110000085,557,944,-387
110000086,673,2060,-1387
110000087,39,57,-18
110000088,185,149,36
110000089,696,25,671
110000090,170,441,-271
110000091,464,162,302
110000092,18,39,-21
110000093,55,29,26
110000094,457,110,347
110000095,106,517,-411
110000096,931,3247,-2316
110000097,800,1711,-911
110000098,1744,429,1315
110000099,1261,1385,-124
110000100,2928,91,2837
110000101,293,80,213
110000102,72,48,24
110000104,352,164,188
110000105,51,346,-295
110000106,507,543,-36
110000107,187,216,-29
110000108,182,202,-20
110000109,115,180,-65
110000110,1336,2988,-1652
110000111,2615,2672,-57
110000112,132,1195,-1063
110000113,57,3556,-3499
110000114,883,895,-12
110000115,1081,125,956
110000116,109,78,31
110000117,873,141,732
110000118,1075,72,1003
110000119,899,78,821
110000120,474,65,409
110000121,81,440,-359
110000122,229,132,97
110000123,662,188,474
110000124,1,365,-364
110000125,885,4,881
110000126,168,52,116
110000127,1154,28,1126
110000128,13,358,-345
110000129,2,176,-174
110000130,264,176,88
110000131,33,162,-129
110000132,0,133,-133
110000133,33,483,-450
110000134,28,318,-290
110000135,233,6,227
110000136,96,78,18
110000137,1076,104,972
110000138,1204,178,1026
110000139,1845,237,1608
110000140,734,541,193
110000143,442,238,204
110000144,1327,1141,186
110000145,1698,1111,587
110000146,1006,472,534
110000147,183,979,-796
110000148,1057,238,819
110000151,512,972,-460
110000152,244,547,-303
110000153,420,11,409
110000154,45,59,-14
110000155,316,1255,-939
110000156,782,690,92
110000157,840,1912,-1072
110000160,296,144,152
110000161,201,145,56
110000166,1484,59,1425
110000167,2528,780,1748
110000168,653,956,-303
110000169,834,382,452
110000170,183,112,71
110000171,466,79,387
110000172,330,313,17
110000173,329,347,-18
110000174,105,173,-68
110000175,1622,113,1509
110000176,18,1148,-1130
110000177,289,2196,-1907
110000178,291,4309,-4018
110000179,709,289,420
110000180,506,232,274
110000181,1662,259,1403
110000182,372,120,252
110000183,3910,8654,-4744
110000184,201,3945,-3744
110000185,320,579,-259
110000186,463,1645,-1182
110000191,1856,109,1747
110000192,1147,7,1140
110000193,1934,1,1933
110000194,2,617,-615
110000195,811,96,715
110000196,951,65,886
110000197,144,35,109
110000198,69,26,43
110000199,117,194,-77
110000200,483,887,-404
110000201,1224,1732,-508
110000202,1377,347,1030
110000203,266,311,-45
110000204,0,102,-102
110000205,631,36,595
110000206,248,222,26
110000207,2339,155,2184
110000208,138,344,-206
110000209,13,144,-131
110000210,1749,339,1410
110000211,1099,290,809
110000212,567,1635,-1068
110000213,640,19,621
110000214,613,44,569
110000215,129,59,70
110000216,220,65,155
110000217,846,63,783
110000218,393,64,329
110000219,702,19,683
110000220,37,44,-7
110000221,724,14,710
110000222,68,80,-12
110000223,43,70,-27
110000224,8,6,2
110000225,187,543,-356
110000226,525,31,494
110000227,636,1061,-425
110000228,367,38,329
110000229,0,78,-78
110000230,493,393,100
110000231,304,551,-247
110000232,128,140,-12
110000233,77,357,-280
110000234,323,215,108
110000235,754,724,30
110000236,753,320,433
110000237,2983,1128,1855
110000238,867,586,281
110000239,2254,529,1725
110000240,0,17,-17
110000242,0,15,-15
110000243,374,45,329
110000244,72,168,-96
110000245,16,198,-182
110000246,1728,341,1387
110000247,1086,1780,-694
110000248,836,834,2
110000249,239,4,235
110000250,9,160,-151
110000251,544,150,394
110000252,821,148,673
110000253,2672,278,2394
110000254,1055,291,764
110000255,199,301,-102
110000256,607,141,466
110000257,284,144,140
110000258,3,214,-211
110000259,547,11,536
110000260,104,78,26
110000263,873,17,856
110000264,880,193,687
110000265,1218,1249,-31
110000266,845,1345,-500
110000267,21,19,2
110000268,208,114,94
110000269,0,23,-23
110000270,145,0,145
110000271,1308,170,1138
110000272,942,668,274
110000273,1017,485,532
110000274,240,4366,-4126
110000275,1087,906,181
110000276,184,1112,-928
110000277,516,445,71
110000278,465,549,-84
110000279,951,238,713
110000280,973,194,779
110000281,124,86,38
110000282,111,11,100
110000283,17,46,-29
110000284,17,3,14
110000285,0,125,-125
110000286,33,0,33
110000287,102,4,98
110000288,4,61,-57
110000289,397,3296,-2899
110000290,180,1057,-877
110000291,2186,675,1511
110000292,543,10833,-10290
110000293,589,237,352
110000294,2315,2774,-459
110000295,216,277,-61
110000296,1025,224,801
110000297,3332,136,3196
110000298,98,324,-226
110000299,155,25,130
110000301,472,13,459
110000302,730,1428,-698
110000303,999,3,996
110000304,336,253,83
110000305,2026,29,1997
110000306,709,420,289
110000307,4100,11,4089
110000308,716,16,700
110000309,1,484,-483
110000310,1363,21,1342
110000311,5,280,-275
110000312,610,61,549
110000313,2898,1649,1249
110000314,1,103,-102
110000315,1175,880,295
110000316,359,699,-340
110000317,121,481,-360
110000318,2,79,-77
110000319,6,15,-9
110000320,63,24,39
110000321,57,60,-3
110000322,185,219,-34
110000323,1172,131,1041
110000324,2033,994,1039
110000325,1230,5766,-4536
110000327,396,104,292
110000328,31,353,-322
110000333,1521,1767,-246
110000334,337,977,-640
110000335,715,225,490
110000336,391,1336,-945
110000337,2187,536,1651
110000338,577,543,34
110000339,848,123,725
110000340,48,216,-168
110000341,666,172,494
110000342,45,6,39
110000343,0,16,-16
110000344,40,799,-759
110000345,91,673,-582
110000346,1245,1560,-315
110000347,1191,365,826
110000348,66,7,59
110000349,14,5,9
110000350,117,0,117
110000351,1830,263,1567
110000352,652,2098,-1446
110000353,2223,252,1971
110000354,1016,5192,-4176
110000355,373,16,357
110000356,213,6,207
110000357,1139,7,1132
110000361,47,20,27
110000362,381,14,367
110000363,1130,58,1072
110000364,587,132,455
110000365,128,2,126
110000366,0,99,-99
110000367,789,111,678
110000368,5,64,-59
110000369,109,11,98
110000373,1,408,-407
110000374,108,47,61
110000375,115,871,-756
110000376,27,50,-23
110000377,83,234,-151
110000378,7,403,-396
110000379,1290,3227,-1937
110000380,207,9,198
110000383,1,545,-544
110000384,1011,148,863
110000385,0,50,-50
110000387,383,5,378
110000388,82,88,-6
110000389,857,0,857
110000391,1675,432,1243
110000396,516,50,466
110000397,63,35,28
110000398,24,11,13
110000399,212,2,210
110000587,338,205,133
110000589,256,23,233
110000640,182,7,175
110000652,7,304,-297
110000653,565,124,441
110000654,4,306,-302
110000656,2,160,-158
110000674,72,5,67
110000675,26,16,10
110000676,1,25,-24
110000679,128,1151,-1023
110000682,188,245,-57
110000683,291,124,167
110000684,1,11,-10
110000685,4,4,0
110000686,1,124,-123
110000687,14,1,13
110000688,60,1535,-1475
110000689,57,12,45
110000692,9,78,-69
110000693,36,268,-232
110000694,0,35,-35
110000695,66,491,-425
110000696,75,14,61
110900001,399,15,384
110900002,423,184,239
110900003,2662,117,2545
110900004,855,22,833
110900005,895,6894,-5999
110900006,111,105,6
110900007,453,233,220
110900008,4,8,-4
110900009,402,1016,-614
110900010,4,11,-7
110900011,5,42,-37
110900012,5,15,-10
110900013,1431,45,1386
110900014,531,17,514
110900015,160,455,-295
110900016,116,39,77
110900017,804,28,776
110900018,626,12,614
110900019,846,15,831
110900020,339,39,300
110900021,148,110,38
110900022,33,56,-23
110900023,60,160,-100
110900024,179,84,95
110900025,12,37,-25
110900027,40,32,8
110900028,17,38,-21
110900029,22,59,-37
110900030,45,42,3
110900031,0,92,-92
110900032,0,33,-33
110900033,8,75,-67
110900035,4,354,-350
110900036,176,1,175
110900037,232,1,231
110900038,265,112,153
110900039,2,189,-187
110900040,364,4,360
110900041,5,12,-7
110900042,143,69,74
110900043,0,26,-26
110900044,134,15,119
110900045,217,112,105
110900046,2,71,-69
110900047,117,705,-588
110900049,328,26,302
110900050,58,0,58
110900051,30,35,-5
110900052,1,263,-262
110900053,269,12,257
110900054,18,104,-86
110900055,25,0,25
110900056,18,39,-21
110900057,0,115,-115
110900058,493,41,452
110900059,268,272,-4
110900060,324,77,247
110900061,9,28,-19
110900062,338,68,270
110900063,17,43,-26
110900064,20,0,20
110900065,21,77,-56
110900066,0,36,-36
110900067,60,847,-787
110900068,193,51,142
110900069,5,0,5
110900070,133,24,109
110900071,101,1618,-1517
110900073,0,3,-3
110900074,1127,73,1054
110900075,1034,29,1005
110900077,2390,318,2072
110900078,193,26,167
110900079,728,815,-87
110900080,280,56,224
110900081,23,4,19
110900082,288,34,254
110900083,179,43,136
110900084,200,10,190
110900085,6,60,-54
110900086,51,278,-227
110900087,464,75,389
110900088,2,1,1
110900090,97,128,-31
110900091,0,5,-5
110900093,364,53,311
110900095,27,8,19
110900097,45,4,41
110900098,30,13,17
110900099,10,61,-51
110900100,0,3,-3
110900102,87,18,69
110900105,407,54,353
110900108,20,23,-3
110900111,542,40,502
110900112,635,5,630
110900113,282,128,154
110900115,1,17,-16
110900116,2553,568,1985
110900118,39,5293,-5254
110900119,1069,54,1015
110900120,294,51,243
110900121,60,0,60
110900122,576,129,447
110900125,329,1046,-717
110900127,146,1242,-1096
110900128,54,251,-197
110900129,61,898,-837
110900130,195,256,-61
110900131,535,232,303
110900132,832,22,810
110900133,48,183,-135
110900135,31,67,-36
110900136,530,19,511
110900139,0,0,0
110900140,0,0,0
110900141,260,116,144
110900142,31,42,-11
110900143,466,25,441
110900144,0,99,-99
110900145,257,136,121
110900146,63,405,-342
110900147,74,303,-229
110900148,1,171,-170
110900149,3,21,-18
110900150,26,5,21
110900151,1,42,-41
110900152,17,23,-6
110900153,295,22,273
111000001,2094,832,1262
111000002,674,320,354
111000003,3304,1504,1800
111000004,795,760,35
111000005,925,1765,-840
111000006,553,1714,-1161
111000007,3880,6880,-3000
111000008,2319,4474,-2155
111000009,349,670,-321
111000010,1986,477,1509
111000011,151,720,-569
111000012,518,508,10
111000013,575,1185,-610
111000014,2621,491,2130
111000017,13,616,-603
111000018,53,356,-303
111000020,188,811,-623
111000021,23,76,-53
111000023,81,248,-167
111000025,2646,4509,-1863
111000029,90,46,44
111000030,16,31,-15
111000031,1399,495,904
111000032,630,409,221
111000033,237,43,194
111000034,90,169,-79
111000037,777,253,524
111000038,1193,958,235
111000039,1511,658,853
111000040,1230,523,707
111000041,307,295,12
111000042,1615,1904,-289
111000043,1623,6614,-4991
111000044,2143,383,1760
111000045,4061,852,3209
111000046,2798,796,2002
111000047,2690,6962,-4272
111000049,288,178,110
111000050,921,326,595
111000051,562,388,174
111000052,392,907,-515
111000053,244,275,-31
111000054,305,506,-201
111000055,786,1188,-402
111000056,265,795,-530
111000057,180,127,53
111000058,1152,73,1079
111000059,848,383,465
111000060,6780,997,5783
111000061,1125,306,819
111000062,1259,460,799
111000063,1401,1056,345
111000064,1208,253,955
111000065,1407,350,1057
111000066,1313,193,1120
111000067,1720,179,1541
111000068,1196,218,978
111000069,1079,992,87
111000070,781,323,458
111000071,210,149,61
111000072,1776,737,1039
111000073,135,1711,-1576
111000074,1720,1146,574
111000075,734,315,419
111000076,841,390,451
111000077,1069,408,661
111000078,1535,208,1327
111000079,861,361,500
111000080,759,326,433
111000081,1150,6768,-5618
111000082,1266,166,1100
111000084,975,188,787
111000085,1050,642,408
111000086,1433,690,743
111000087,646,328,318
111000088,2773,5032,-2259
111000089,914,408,506
111000090,401,513,-112
111000091,665,170,495
111000092,2688,540,2148
111000093,1235,1146,89
111000094,1980,911,1069
111000095,1050,2929,-1879
111000096,706,8516,-7810
111000097,1973,620,1353
111000098,204,367,-163
111000099,387,661,-274
111000100,468,553,-85
111000101,223,264,-41
111000102,364,189,175
111000104,1312,70,1242
111000107,127,208,-81
111000109,1388,120,1268
111000110,1771,394,1377
111000111,5273,146,5127
111000112,3163,247,2916
111000113,783,3122,-2339
111000114,1171,6958,-5787
111000115,2385,571,1814
111000116,638,444,194
111000117,255,511,-256
111000118,766,682,84
111000119,2159,266,1893
111000120,842,545,297
111000121,313,776,-463
111000122,359,336,23
111000123,1088,742,346
111000124,314,1000,-686
111000125,277,596,-319
111000126,86,236,-150
111000127,1969,80,1889
111000128,4211,160,4051
111000129,4858,225,4633
111000130,3995,178,3817
111000131,4029,307,3722
111000132,2752,2440,312
111000133,161,32,129
111000134,183,25,158
111000135,109,114,-5
111000136,420,103,317
111000138,115,0,115
111000140,2,14,-12
111000141,142,225,-83
111000142,12,70,-58
111000143,18,249,-231
111000144,20,599,-579
111000145,50,2,48
111000146,213,5,208
111000147,92,11,81
111000148,101,60,41
111000149,3,23,-20
111000150,169,4,165
111000151,1,47,-46
111000153,304,165,139
111000154,243,45,198
111000155,146,69,77
111000156,475,177,298
111000157,247,278,-31
111000158,1010,398,612
111000159,1993,583,1410
111000160,505,119,386
111000161,7,201,-194
111000162,7,33,-26
111000163,1111,663,448
111000164,335,2414,-2079
111000165,470,123,347
111000166,212,65,147
111000167,111,213,-102
111000168,107,122,-15
111000169,308,141,167
111000170,174,141,33
111000171,279,228,51
111000172,152,165,-13
111000173,379,303,76
111000174,504,78,426
111000175,37,186,-149
111000176,1138,26,1112
111000177,2136,58,2078
111000178,3358,64,3294
111000179,775,56,719
111000180,284,197,87
111000181,2727,108,2619
111000182,280,178,102
111000183,296,561,-265
111000184,341,78,263
111000185,306,167,139
111000186,174,485,-311
111000187,181,75,106
111000188,444,259,185
111000189,127,121,6
111000190,218,85,133
111000191,170,124,46
111000192,184,186,-2
111000193,190,87,103
111000194,67,91,-24
111000195,162,101,61
111000196,103,31,72
111000197,1228,57,1171
111000198,730,37,693
111000199,584,396,188
111000200,1276,858,418
111000201,1232,34,1198
111000202,662,73,589
111000203,469,168,301
111000204,225,1798,-1573
111000213,299,199,100
111000214,1083,519,564
111000215,930,441,489
111000217,2249,323,1926
111000218,3351,522,2829
111000219,209,53,156
111000220,557,409,148
111000221,188,30,158
111000224,16,139,-123
111000225,547,407,140
111000226,154,2,152
111000227,11,1,10
111000228,2,792,-790
111000229,32,1861,-1829
111000230,167,72,95
111000231,847,134,713
111000232,1114,755,359
111000233,2684,261,2423
111000234,393,545,-152
111000239,79,25,54
111000240,71,545,-474
111000241,93,91,2
111000242,329,20,309
111000243,261,249,12
111000244,1647,180,1467
111000245,672,256,416
111000246,770,75,695
111000247,901,260,641
111000248,746,118,628
111000249,565,96,469
111000250,78,41,37
111000251,62,39,23
111000253,29,16,13
111000255,55,1,54
111000257,50,1,49
111000260,58,498,-440
111000261,2573,51,2522
111000271,59,163,-104
111000273,1871,700,1171
111000274,1133,2644,-1511
111000275,211,8,203
111000276,273,376,-103
111000277,279,141,138
111000278,357,135,222
111000291,1405,17389,-15984
111000298,501,112,389
111000299,897,122,775
111000300,68,255,-187
111000302,455,19,436
111000303,105,98,7
111000312,66,17,49
111000315,19,51,-32
111000320,255,75,180
111000321,590,95,495
111000322,770,92,678
111000323,539,33,506
111000324,203,67,136
111000325,34,37,-3
111000326,186,137,49
111000327,291,176,115
111000328,426,519,-93
111000329,0,20,-20
111000330,337,8,329
111000331,61,0,61
111000332,280,452,-172
111000334,166,607,-441
111000335,1750,238,1512
111000337,3208,133,3075
111000338,205,30,175
111000339,1327,49,1278
111000340,67,760,-693
111000341,2704,1636,1068
111000342,53,734,-681
111000344,1598,262,1336
111000345,45,82,-37
111000346,30,138,-108
111000347,317,7,310
111000350,176,97,79
111000351,142,322,-180
111000352,163,50,113
111000353,134,151,-17
111000354,670,91,579
111000355,362,264,98
111000358,130,330,-200
111000360,220,129,91
111000361,296,88,208
111000546,1558,316,1242
111000547,776,357,419
111000548,274,85,189
111000549,429,45,384
111000550,11,1388,-1377
111000551,171,26,145
111000552,499,233,266
111000907,3210,92,3118
111000908,104,3,101
111000916,4014,199,3815
111000917,48,307,-259
111000918,222,233,-11
111000920,1580,11,1569
111000921,0,62,-62
111000922,1609,46,1563
111000924,24,194,-170
111000925,6003,2304,3699
111000926,1354,1436,-82
111000927,2013,5309,-3296
111000928,3676,1241,2435
111000929,2128,741,1387
111000930,1283,1970,-687
111000931,2241,861,1380
111000932,1780,912,868
111000933,2786,2907,-121
111000934,1024,834,190
111000935,3748,972,2776
111000936,966,699,267
111000937,1677,1242,435
111000938,1017,596,421
111000939,1410,23,1387
111000940,1771,18,1753
111000941,626,127,499
111000943,980,54,926
111000944,176,107,69
111000945,334,642,-308
111001109,737,1213,-476
111001110,160,155,5
111001111,284,3,281
111001112,103,34,69
111001113,1,231,-230
111001114,498,66,432
111001115,11,637,-626
111001116,1812,8789,-6977
111001117,253,3687,-3434
111001120,73,93,-20
111001121,151,51,100
111001122,514,64,450
111001123,595,70,525
111001124,174,75,99
111001125,4,708,-704
111001126,20,1,19
111900001,2,8,-6
111900002,1,94,-93
111900003,0,72,-72
111900004,10,24,-14
111900006,80,126,-46
111900007,416,1,415
111900008,728,0,728
111900009,565,0,565
111900010,23,68,-45
111900012,18,5,13
111900013,96,10,86
111900014,862,9383,-8521
111900015,0,1,-1
111900016,0,25,-25
111900017,0,22,-22
111900018,265,1,264
111900019,0,85,-85
111900020,0,16,-16
111900021,6,13,-7
111900022,1,17,-16
111900023,53,11,42
111900024,133,139,-6
111900025,0,12,-12
111900026,0,36,-36
111900027,1,42,-41
111900028,1,29,-28
111900029,1,18,-17
111900030,16,76,-60
111900031,9,32,-23
111900032,1,56,-55
111900033,10,25,-15
111900034,17,81,-64
111900035,78,579,-501
111900036,0,53,-53
111900038,16,160,-144
111900039,7,127,-120
111900040,1,62,-61
111900042,4,15,-11
111900043,0,89,-89
111900044,23,64,-41
111900046,8,19,-11
111900048,822,160,662
111900049,1,66,-65
111900050,358,8,350
111900051,0,61,-61
111900052,115,49,66
111900053,387,3142,-2755
111900054,502,6,496
111900055,3,80,-77
111900056,155,381,-226
111900057,212,1,211
111900058,1262,297,965
111900059,732,968,-236
111900060,396,1,395
111900061,3,23,-20
111900062,93,164,-71
111900063,510,93,417
111900064,16,66,-50
111900065,236,38,198
111900066,147,94,53
111900067,0,82,-82
111900068,58,191,-133
111900069,110,29,81
111900070,335,11,324
111900071,0,40,-40
111900072,67,80,-13
111900073,1945,214,1731
111900074,1,43,-42
111900075,100,3,97
111900076,636,83,553
111900077,50,2,48
111900078,766,74,692
111900079,25,75,-50
111900080,100,129,-29
111900082,318,71,247
111900083,469,63,406
111900084,257,23,234
111900085,11,42,-31
111900086,275,30,245
111900087,237,1,236
111900088,1430,50,1380
111900089,109,0,109
111900090,59,176,-117
111900091,1442,12,1430
111900092,295,0,295
111900093,989,35,954
111900094,196,1,195
111900095,801,29,772
111900096,416,12,404
111900097,141,0,141
111900098,829,14,815
111900099,116,0,116
111900100,174,5,169
111900101,448,7,441
111900102,1376,459,917
111900103,33,76,-43
111900104,76,6,70
111900105,98,224,-126
111900106,162,18,144
111900110,1544,148,1396
111900111,406,27,379
111900112,136,7020,-6884
111900113,169,67,102
111900118,886,49,837
111900119,193,102,91
111900122,17,29,-12
111900123,13,14,-1
111900124,45,13,32
111900125,1072,85,987
111900126,1033,6,1027
111900127,2,105,-103
111900128,17,130,-113
111900129,438,2,436
111900130,159,50,109
111900131,973,1,972
111900132,20,226,-206
111900133,2,81,-79
111900134,0,55,-55
111900135,1,10,-9
111900136,8,119,-111
111900137,36,11,25
111900138,7,27,-20
111900139,1,18,-17
111900140,132,23,109
111900141,126,0,126
111900142,107,0,107
111900143,44,43,1
111900144,0,32,-32
111900145,1,132,-131
111900146,0,79,-79
111900147,13,168,-155
111900148,12,293,-281
111900149,4,93,-89
111900150,8,33,-25
111900151,1,18,-17
111900152,66,39,27
111900153,310,513,-203
111900154,27,1174,-1147
111900155,103,302,-199
111900156,135,55,80
111900157,342,39,303
111900158,704,83,621
111900159,833,75,758
111900160,543,4,539
111900161,751,3,748
111900162,80,613,-533
111900163,3,51,-48
111900164,199,25,174
111901113,1610,37,1573
111901114,520,270,250
111901115,377,0,377
111901116,142,0,142
111901117,13,94,-81
111901118,19,872,-853
111901119,167,4,163
111901121,14,64,-50
111901122,2,55,-53
111901123,522,44,478
111901124,628,14,614
111901125,1770,169,1601
111901127,526,2231,-1705
111901128,6,20,-14
111901129,4,96,-92
111901130,3,156,-153
111901131,1,140,-139
111901132,77,32,45
111901133,199,2,197
111901134,438,1,437
111901135,42,2,40
111901136,3,11,-8
111901138,2,14,-12
111901139,0,25,-25
111901140,1,13,-12
111901141,0,41,-41
111901142,1,37,-36
111901143,0,13,-13
111901144,31,37,-6
111901145,28,385,-357
111901146,25,2,23
111901147,132,639,-507
111901148,2,107,-105
111901149,24,4,20
112000001,3101,724,2377
112000002,866,1721,-855
112000003,5602,950,4652
112000004,1424,281,1143
112000005,4859,4963,-104
112000006,614,371,243
112000007,5545,3249,2296
112000008,4145,3981,164
112000009,2442,846,1596
112000010,4535,4907,-372
112000011,1380,690,690
112000012,3151,4286,-1135
112000013,1146,1390,-244
112000014,573,3280,-2707
112000015,952,2701,-1749
112000016,1846,3020,-1174
112000017,254,3580,-3326
112000024,348,153,195
112000026,1468,788,680
112000027,523,487,36
112000028,460,651,-191
112000029,651,630,21
112000030,137,14,123
112000031,846,3308,-2462
112000032,91,5,86
112000033,1246,3272,-2026
112000034,51,11,40
112000035,56,589,-533
112000036,93,1232,-1139
112000037,512,1630,-1118
112000038,734,1193,-459
112000039,149,13,136
112000040,26,124,-98
112000041,293,222,71
112000042,394,74,320
112000050,1120,581,539
112000051,1080,2638,-1558
112000054,1035,1030,5
112000057,755,99,656
112000058,271,183,88
112000059,522,397,125
112000061,1796,390,1406
112000062,351,723,-372
112000063,181,3333,-3152
112000064,1546,1336,210
112000065,602,670,-68
112000066,2398,1067,1331
112000067,294,261,33
112000068,3272,1830,1442
112000069,397,847,-450
112000070,1176,622,554
112000071,921,1026,-105
112000072,3601,441,3160
112000073,1059,1806,-747
112000074,1089,962,127
112000075,1480,1177,303
112000076,2597,1404,1193
112000077,1257,316,941
112000078,2620,398,2222
112000079,2513,851,1662
112000080,1078,372,706
112000081,755,818,-63
112000082,1519,310,1209
112000083,1128,451,677
112000084,1455,282,1173
112000085,1985,231,1754
112000086,2858,393,2465
112000087,1235,122,1113
112000088,1237,148,1089
112000089,274,180,94
112000090,121,115,6
112000091,462,183,279
112000092,2899,444,2455
112000093,1354,306,1048
112000094,694,343,351
112000095,968,177,791
112000096,916,344,572
112000097,3780,343,3437
112000098,207,272,-65
112000099,921,2391,-1470
112000100,3545,357,3188
112000101,528,175,353
112000102,2882,307,2575
112000103,495,226,269
112000105,552,359,193
112000106,5317,304,5013
112000107,410,69,341
112000108,1695,407,1288
112000109,819,100,719
112000110,3521,483,3038
112000111,408,835,-427
112000112,2448,203,2245
112000113,800,754,46
112000114,3074,414,2660
112000115,285,202,83
112000116,711,288,423
112000117,1261,359,902
112000118,448,368,80
112000119,297,197,100
112000120,27,88,-61
112000121,434,142,292
112000122,899,29,870
112000123,1116,40,1076
112000124,762,56,706
112000125,392,216,176
112000126,1286,133,1153
112000127,1688,1595,93
112000128,598,386,212
112000129,148,12,136
112000130,595,47,548
112000131,45,88,-43
112000132,398,77,321
112000133,736,40,696
112000134,559,158,401
112000135,1566,956,610
112000136,766,1512,-746
112000137,1731,1101,630
112000138,1074,335,739
112000139,445,474,-29
112000140,107,253,-146
112000141,1313,201,1112
112000142,144,211,-67
112000143,1921,99,1822
112000144,308,375,-67
112000145,3713,213,3500
112000146,582,488,94
112000147,3392,1136,2256
112000148,610,452,158
112000149,640,325,315
112000150,800,144,656
112000151,382,76,306
112000152,934,130,804
112000153,176,88,88
112000154,167,567,-400
112000155,107,62,45
112000157,237,741,-504
112000158,301,102,199
112000159,1882,170,1712
112000167,467,209,258
112000169,158,1014,-856
112000173,1972,110,1862
112000175,778,179,599
112000176,488,1005,-517
112000177,1601,478,1123
112000178,26,86,-60
112000179,470,44,426
112000180,538,56,482
112000181,683,301,382
112000182,2510,161,2349
112000183,36,20,16
112000184,498,166,332
112000185,1621,145,1476
112000187,3669,2405,1264
112000195,336,6,330
112000196,135,1,134
112000197,64,81,-17
112000198,28,118,-90
112000199,340,392,-52
112000202,1272,2,1270
112000216,38,112,-74
112000230,317,1,316
112000231,4,28,-24
112000256,63,300,-237
112000313,127,14,113
112000314,84,54,30
112000337,122,410,-288
112000352,84,196,-112
112000392,1451,442,1009
112000398,2724,411,2313
112000399,939,5363,-4424
112000400,786,605,181
112000401,855,745,110
112000402,4464,4157,307
112000403,1100,7727,-6627
112000404,2110,1132,978
112000405,3917,2098,1819
112000406,1693,747,946
112000407,10219,6179,4040
112000408,3238,1134,2104
112000409,994,854,140
112000410,213,247,-34
112000411,916,1445,-529
112000412,221,124,97
112000413,2384,7437,-5053
112000414,251,24,227
112000415,214,5,209
112000416,5013,701,4312
112000417,294,55,239
112000421,155,10,145
112000422,252,94,158
112000424,823,3793,-2970
112000425,360,164,196
112000426,531,325,206
112000427,0,21,-21
112000428,433,349,84
112000429,1715,1273,442
112000430,2272,3018,-746
112000431,208,111,97
112000432,457,268,189
112000433,199,226,-27
112000437,65,58,7
112900001,40,1,39
112900002,1066,100,966
112900003,99,47,52
112900004,67,80,-13
112900005,596,22,574
112900006,14,66,-52
112900007,44,25,19
112900008,0,65,-65
112900009,479,237,242
112900010,545,191,354
112900011,39,90,-51
112900012,0,8,-8
112900013,2,98,-96
112900014,2,33,-31
112900015,38,181,-143
112900016,6,76,-70
112900017,24,89,-65
112900018,3,42,-39
112900019,11,60,-49
112900020,137,242,-105
112900021,2,80,-78
112900022,3,16,-13
112900023,0,25,-25
112900024,13,48,-35
112900025,59,55,4
112900026,0,38,-38
112900027,0,144,-144
112900028,10,21,-11
112900029,2,73,-71
112900030,45,55,-10
112900031,1,162,-161
112900032,203,79,124
112900034,0,21,-21
112900035,0,41,-41
112900036,8,56,-48
112900037,197,169,28
112900038,886,47,839
112900039,4,88,-84
112900040,2,147,-145
112900041,315,630,-315
112900042,66,61,5
112900043,42,20,22
112900044,65,100,-35
112900045,53,50,3
112900046,47,39,8
112900047,5,9,-4
112900049,700,31,669
112900050,21,179,-158
112900051,92,105,-13
112900052,3,241,-238
112900053,63,156,-93
112900054,92,68,24
112900055,30,11,19
112900056,185,151,34
112900057,49,109,-60
112900058,277,551,-274
112900059,82,137,-55
112900060,49,25,24
112900061,28,35,-7
112900062,75,23,52
112900063,8,34,-26
112900064,8,36,-28
112900065,28,11,17
112900066,201,337,-136
112900067,185,22,163
112900068,62,177,-115
112900069,643,1151,-508
112900071,40,39,1
112900072,27,5980,-5953
112900073,634,331,303
112900074,170,605,-435
112900075,471,1891,-1420
112900076,11,27,-16
112900078,184,737,-553
112900079,198,24,174
112900080,190,4,186
112900081,48,505,-457
112900082,684,23,661
112900083,231,216,15
112900084,570,440,130
112900086,241,2,239
112900087,2139,157,1982
112900088,465,22,443
112900089,1096,20,1076
112900090,115,89,26
112900091,462,12,450
112900092,27,891,-864
112900093,1256,27,1229
112900095,264,0,264
112900096,879,129,750
112900097,67,81,-14
112900098,84,2,82
112900099,1915,5,1910
112900100,156,2,154
112900101,477,5,472
112900102,68,33,35
112900103,449,4,445
112900104,307,1,306
112900105,81,0,81
112900106,587,91,496
112900107,23,0,23
112900108,1,0,1
112900109,277,1,276
112900110,2273,12,2261
112900111,1042,4,1038
112900112,396,2,394
112900113,0,8,-8
112900114,597,2,595
112900115,2930,5,2925
112900116,153,19,134
112900117,82,6,76
112900118,2,9,-7
112900119,330,5,325
112900120,219,126,93
112900121,13,40,-27
112900122,1,12,-11
112900123,411,40,371
112900124,4,14,-10
112900125,6,128,-122
112900126,19,50,-31
112900127,757,30,727
112900128,46,139,-93
112900129,0,251,-251
112900130,236,10,226
112900131,5,76,-71
112900132,50,250,-200
112900133,5,865,-860
112900134,1,137,-136
112900135,69,39,30
112900137,0,170,-170
112900138,0,35,-35
112900139,18,267,-249
112900141,959,7,952
112900142,39,346,-307
112900143,0,186,-186
112900144,0,237,-237
112900145,1,93,-92
112900146,15,132,-117
112900147,0,279,-279
112900148,17,1,16
112900149,178,152,26
112900151,1,30,-29
112900152,1491,158,1333
112900153,131,4733,-4602
112900154,0,43,-43
112900155,113,7,106
112900156,923,246,677
112900157,859,13,846
112900158,79,1,78
112900159,116,388,-272
112900160,16,69,-53
112900161,202,6,196
112900162,2,15,-13
112900163,12,52,-40
112900164,18,142,-124
112900165,5,9,-4
112900166,12,51,-39
112900167,3,354,-351
112900168,10,0,10
112900169,3,7,-4
112900170,151,19,132
112900172,15,34,-19
112900173,62,59,3
112900174,285,22,263
112900175,107,176,-69
112900176,5,63,-58
112900177,294,65,229
112900178,335,3509,-3174
112900179,8,262,-254
112900180,2052,382,1670
112900181,1227,2,1225
112900182,87,157,-70
112900183,14,90,-76
112900184,169,132,37
112900185,26,149,-123
112900186,417,473,-56
112900187,10,199,-189
112900188,402,936,-534
112900189,6,1,5
112900190,2,1,1
112900192,350,284,66
112900193,626,133,493
112900194,49,0,49
112900195,592,17,575
112900196,292,186,106
112900197,21,158,-137
112900199,924,116,808
112900200,474,46,428
112900201,200,122,78
112900202,628,295,333
112900203,390,54,336
112900204,233,130,103
112900205,14,5,9
112900206,38,18,20
112900207,4,0,4
112900208,49,816,-767
112900209,106,77,29
112900210,0,2,-2
112900211,80,2,78
112900212,1,19,-18
112900213,44,19,25
112900214,9,6,3
112900215,13,15,-2
112900216,11,7,4
112900217,0,23,-23
112900218,118,4,114
112900219,257,4,253
112900220,0,0,0
112900221,40,44,-4
112900222,0,226,-226
112900223,969,6,963
112900224,1334,134,1200
112900225,905,64,841
112900226,69,153,-84
112900227,1360,206,1154
112900228,108,12,96
112900229,645,25,620
112900230,4268,1748,2520
112900232,281,336,-55
112900233,108,24,84
112900234,117,0,117
112900235,10,0,10
112900236,1227,12,1215
112900237,733,81,652
112900238,0,0,0
112900239,348,709,-361
112900240,1,18,-17
112900241,5,32,-27
112900242,0,17,-17
112900243,2,46,-44
112900244,0,17,-17
112900245,1,7,-6
112900246,0,1,-1
112900247,38,24,14
112900248,2,0,2
112900249,20,2,18
112900250,85,5,80
112900251,257,0,257
112900252,226,1,225
112900253,150,1,149
112900254,40,0,40
112900255,11,18,-7
112900256,3,10,-7
112900257,2,21,-19
112900258,24,2,22
113000001,5253,3461,1792
113000002,6295,2777,3518
113000003,1960,1281,679
113000004,2674,1025,1649
113000005,2048,1035,1013
113000006,1991,982,1009
113000007,2825,919,1906
113000008,2364,946,1418
113000009,1462,440,1022
113000010,1991,602,1389
113000011,971,549,422
113000012,1364,658,706
113000013,396,334,62
113000014,791,1145,-354
113000015,93,162,-69
113000016,248,389,-141
113000017,63,343,-280
113000018,524,65,459
113000019,84,185,-101
113000020,138,26,112
113000021,2311,551,1760
113000022,918,1986,-1068
113000025,60,200,-140
113000026,785,443,342
113000027,694,543,151
113000028,367,653,-286
113000029,505,362,143
113000030,123,328,-205
113000031,134,131,3
113000032,167,87,80
113000033,99,144,-45
113000034,100,41,59
113000035,17,3,14
113000036,12,37,-25
113000037,31,18,13
113000038,4,35,-31
113000039,18,207,-189
113000040,87,37,50
113000042,948,391,557
113000051,1716,2330,-614
113000052,2300,237,2063
113000053,846,206,640
113000054,670,637,33
113000055,2284,281,2003
113000056,2335,599,1736
113000058,346,648,-302
113000059,1015,146,869
113000060,321,502,-181
113000061,693,586,107
113000062,252,237,15
113000063,506,15,491
113000064,111,144,-33
113000065,160,259,-99
113000066,1290,101,1189
113000067,3944,282,3662
113000068,394,333,61
113000069,610,239,371
113000070,3222,299,2923
113000071,608,259,349
113000072,1622,237,1385
113000073,409,609,-200
113000074,885,484,401
113000075,1925,628,1297
113000076,279,1562,-1283
113000077,505,413,92
113000078,209,970,-761
113000079,355,436,-81
113000080,456,518,-62
113000081,827,838,-11
113000082,641,348,293
113000083,668,688,-20
113000084,1030,656,374
113000085,1148,688,460
113000086,645,933,-288
113000087,1179,1099,80
113000088,1053,990,63
113000089,698,1091,-393
113000090,37,734,-697
113000091,100,181,-81
113000094,1644,160,1484
113000095,175,204,-29
113000096,91,296,-205
113000097,981,264,717
113000098,53,37,16
113000099,1139,281,858
113000100,86,245,-159
113000101,59,281,-222
113000102,706,317,389
113000103,3080,216,2864
113000104,712,2418,-1706
113000105,1196,331,865
113000106,535,164,371
113000107,1673,668,1005
113000108,1160,541,619
113000109,391,878,-487
113000110,5852,592,5260
113000111,433,363,70
113000112,1409,255,1154
113000113,1933,258,1675
113000114,163,572,-409
113000116,266,156,110
113000117,397,39,358
113000118,21,704,-683
113000119,308,155,153
113000120,64,316,-252
113000121,364,395,-31
113000124,251,71,180
113000125,16,1198,-1182
113000127,763,81,682
113000128,1185,112,1073
113000129,192,532,-340
113000133,1517,192,1325
113000134,4,1789,-1785
113000135,4109,3815,294
113000137,594,2719,-2125
113000139,179,44,135
113000140,45,34,11
113000141,36,51,-15
113000142,103,148,-45
113000143,304,93,211
113000144,126,184,-58
113000145,117,60,57
113000146,48,18,30
113000147,157,23,134
113000148,302,20,282
113000149,136,125,11
113000150,288,162,126
113000151,17,9,8
113000152,49,210,-161
113000153,570,133,437
113000154,323,1587,-1264
113000155,207,683,-476
113000156,120,78,42
113000157,146,83,63
113000158,393,35,358
113000159,837,138,699
113000160,344,128,216
113000161,255,57,198
113000162,821,50,771
113000163,54,25,29
113000164,12,45,-33
113000166,435,20,415
113000167,69,39,30
113000168,147,28,119
113000169,272,9,263
113000170,83,35,48
113000171,13,31,-18
113000172,287,12,275
113000173,84,14,70
113000174,121,98,23
113000175,601,16,585
113000176,928,35,893
113000177,142,54,88
113000178,134,106,28
113000179,379,15,364
113000180,863,1452,-589
113000181,2035,848,1187
113000182,93,524,-431
113000183,145,578,-433
113000184,30,53,-23
113000189,148,227,-79
113000190,175,78,97
113000192,458,2863,-2405
113000193,1119,2569,-1450
113000194,891,2468,-1577
113000195,1098,1363,-265
113000196,733,53,680
113000197,1255,2633,-1378
113000198,134,417,-283
113000199,1980,210,1770
113000201,915,291,624
113000202,7998,2341,5657
113000203,120,613,-493
113000204,435,2793,-2358
113000205,10,8,2
113000206,12,23,-11
113000207,67,15,52
113000208,33,33,0
113000209,12,11,1
113000210,20,25,-5
113000211,46,79,-33
113000212,31,4,27
113000213,32,93,-61
113000214,265,219,46
113000234,172,206,-34
113000410,14,105,-91
113000411,818,914,-96
113000412,4436,800,3636
113000413,651,1042,-391
113000414,2849,10922,-8073
113000415,1629,720,909
113000416,1267,1368,-101
113000417,468,812,-344
113000418,4351,2445,1906
113000419,1115,822,293
113000420,2335,4715,-2380
113000421,3893,5133,-1240
113000422,5806,7067,-1261
113000423,608,2576,-1968
113000424,986,7819,-6833
113000425,8,173,-165
113000428,31,14,17
113000430,3,81,-78
113000432,3594,146,3448
113000433,43,364,-321
113000434,3,101,-98
113000435,3,80,-77
113000436,8,365,-357
113000437,1883,40,1843
113000438,735,11,724
113000439,36,27,9
113000440,250,16,234
113000441,300,175,125
113000442,348,29,319
113000443,562,67,495
113000444,888,22,866
113000445,86,64,22
113000446,50,134,-84
113000448,287,475,-188
113000449,170,1302,-1132
113000450,592,4398,-3806
113000451,2436,677,1759
113000452,50,768,-718
113000453,41,576,-535
113000454,194,151,43
113000455,3,660,-657
113000456,649,1032,-383
113000468,454,95,359
113000469,44,98,-54
113000470,213,25,188
113000471,7,370,-363
113000472,69,146,-77
113000474,1827,727,1100
113000475,1087,469,618
113000476,3722,1627,2095
113000477,4568,1518,3050
113000478,2163,1925,238
113000479,126,104,22
113000484,0,0,0
113000485,0,0,0
113000486,0,0,0
113000487,0,0,0
113000488,0,0,0
113000489,0,0,0
113000490,0,0,0
113000491,0,0,0
113000492,0,0,0
113000493,0,0,0
113000495,348,73,275
113000496,123,89,34
113000499,0,0,0
113900001,9,1654,-1645
113900002,1,131,-130
113900003,2,154,-152
113900004,1,228,-227
113900005,2,560,-558
113900006,3,76,-73
113900007,21,201,-180
113900008,42,0,42
113900009,56,0,56
113900010,45,1,44
113900011,577,3,574
113900012,140,0,140
113900013,124,1,123
113900014,644,3,641
113900015,0,5,-5
113900016,17,0,17
113900017,0,11,-11
113900018,42,164,-122
113900019,350,4,346
113900020,296,2,294
113900022,103,1,102
113900023,92,0,92
113900024,7,4,3
113900025,187,8,179
113900026,132,0,132
113900027,21,10,11
113900028,8,171,-163
113900029,53,7,46
113900030,814,2,812
113900031,29,7,22
113900032,34,0,34
113900033,67,13,54
113900035,55,0,55
113900036,37,19,18
113900037,181,672,-491
113900038,28,187,-159
113900039,376,3,373
113900040,3,19,-16
113900041,12,0,12
113900042,97,4,93
113900043,91,4,87
113900044,68,126,-58
113900045,103,19,84
113900046,76,385,-309
113900047,254,12,242
113900048,108,49,59
113900049,80,474,-394
113900050,137,105,32
113900051,326,25,301
113900052,45,62,-17
113900053,190,958,-768
113900054,11,12,-1
113900055,114,231,-117
113900056,88,9,79
113900057,8,30,-22
113900058,56,8,48
113900059,284,60,224
113900060,49,372,-323
113900061,249,43,206
113900062,79,29,50
113900063,134,22,112
113900064,18,28,-10
113900065,632,7,625
113900066,993,62,931
113900067,505,71,434
113900068,255,1014,-759
113900069,52,51,1
113900070,35,71,-36
113900071,203,7,196
113900072,29,19,10
113900073,693,92,601
113900074,460,101,359
113900075,419,2209,-1790
113900076,97,0,97
113900077,21,20,1
113900078,52,11,41
113900079,10,13,-3
113900080,420,54,366
113900081,124,24,100
113900082,204,146,58
113900083,676,61,615
113900084,173,42,131
113900085,8,69,-61
113900086,113,26,87
113900087,78,64,14
113900088,83,114,-31
113900089,559,7,552
113900090,245,106,139
113900091,5,7,-2
113900092,2,74,-72
113900093,25,1721,-1696
113900094,800,166,634
113900095,131,68,63
113900096,239,94,145
113900097,24,80,-56
113900098,1012,214,798
113900099,0,14,-14
113900100,0,0,0
113900101,2,80,-78
113900102,24,77,-53
113900103,115,436,-321
113900104,161,119,42
113900105,515,22,493
113900106,0,10,-10
113900107,0,3,-3
113900108,27,115,-88
113900109,97,211,-114
113900110,11,22,-11
113900111,219,61,158
113900112,275,31,244
113900113,990,140,850
113900114,2,8,-6
113900115,0,4,-4
113900116,4,115,-111
113900117,7,7,0
113900118,55,1050,-995
113900119,31,125,-94
113900120,106,11,95
113900121,133,24,109
113900122,86,4668,-4582
113900123,448,50,398
113900124,0,40,-40
113900125,429,89,340
113900126,34,15,19
113900127,294,526,-232
113900128,254,46,208
113900129,0,38,-38
113900130,0,8,-8
113900131,205,12,193
113900132,27,47,-20
113900133,14,11,3
113900135,350,92,258
113900136,48,9,39
113900137,270,84,186
113900138,13,89,-76
113900139,261,408,-147
113900140,19,82,-63
113900141,934,93,841
113900142,72,22,50
113900143,14,68,-54
113900144,58,65,-7
113900145,390,43,347
113900146,314,39,275
113900148,15,102,-87
113900149,103,184,-81
113900150,204,104,100
113900151,476,115,361
113900152,76,19,57
113900153,30,94,-64
113900154,1,53,-52
113900155,21,130,-109
113900156,167,171,-4
113900157,28,309,-281
113900158,86,53,33
113900159,12,155,-143
113900160,233,364,-131
113900161,220,187,33
113900162,45,136,-91
113900163,279,39,240
113900164,397,37,360
113900165,313,219,94
113900166,6,20,-14
113900167,387,20,367
113900168,29,10,19
113900169,101,119,-18
113900171,281,35,246
113900172,4,41,-37
113900173,2,168,-166
113900174,230,233,-3
113900175,164,106,58
113900176,149,98,51
113900177,89,58,31
113900178,208,148,60
113900179,5,76,-71
113900180,46,22,24
113900181,1142,93,1049
113900182,431,166,265
113900183,35,11,24
113900184,26,148,-122
113900185,12,10,2
113900186,6,16,-10
113900187,13,39,-26
113900188,14,35,-21
113900189,263,108,155
113900190,81,13,68
113900191,3,38,-35
113900192,3,432,-429
113900193,3,50,-47
113900194,452,129,323
113900195,165,101,64
113900196,0,13,-13
113900197,0,37,-37
113900198,2,170,-168
113900199,32,90,-58
113900200,1,16,-15
113900201,1,50,-49
113900202,7,9,-2
113900203,0,40,-40
113900204,4,75,-71
113900205,0,13,-13
113900206,1,44,-43
113900207,0,19,-19
113900208,0,13,-13
113900209,0,2,-2
113900210,339,599,-260
113900211,155,12,143
113900212,381,123,258
113900214,93,125,-32
113900215,138,49,89
113900216,187,175,12
113900217,155,81,74
113900218,56,45,11
113900219,54,188,-134
113900220,141,164,-23
113900221,101,666,-565
113900222,35,697,-662
113900223,369,120,249
113900224,48,19,29
113900225,367,58,309
113900226,165,89,76
113900227,115,144,-29
113900228,155,355,-200
113900229,20,756,-736
113900230,733,2775,-2042
113900231,71,22,49
113900232,93,9,84
113900233,144,9,135
113900234,336,468,-132
113900235,111,7,104
113900236,424,90,334
113900237,135,9,126
113900238,60,256,-196
113900239,43,76,-33
113900240,1,103,-102
113900241,22,48,-26
113900242,11,94,-83
113900243,10,84,-74
113900244,109,86,23
113900245,190,99,91
113900246,7,24,-17
113900247,28,463,-435
113900248,1193,1821,-628
113900249,168,469,-301
113900250,20,487,-467
113900251,1385,26,1359
113900252,854,6,848
113900253,741,14,727
113900254,372,71,301
113900255,1222,10,1212
113900256,674,8,666
113900257,23,195,-172
113900258,44,126,-82
113900259,701,72,629
113900260,269,17,252
113900261,30,44,-14
113900262,252,88,164
113900263,6,79,-73
113900264,0,77,-77
113900265,85,703,-618
113900266,25,98,-73
113900267,24,315,-291
113900268,51,638,-587
113900269,45,133,-88
113900270,159,228,-69
113900271,345,191,154
113900273,2,11,-9
113900274,70,52,18
113900275,7,55,-48
113900276,17,47,-30
113900277,262,0,262
113900278,120,27,93
113900279,50,14,36
113900280,496,234,262
113900281,32,687,-655
113900282,81,126,-45
113900283,419,333,86
113900284,1404,83,1321
113900285,78,11,67
113900286,6,20,-14
113900287,149,13,136
113900288,0,73,-73
113900289,191,132,59
113900290,434,706,-272
113900291,24,22,2
113900292,2,13,-11
113900293,0,122,-122
113900294,962,12,950
113900295,261,108,153
113900296,619,124,495
113900297,2253,32,2221
113900298,42,722,-680
113900299,103,21,82
113900300,2509,4420,-1911
113900301,110,866,-756
113900302,1325,848,477
113900303,87,1421,-1334
113900304,0,88,-88
113900305,260,0,260
113900306,126,0,126
113900307,4,0,4
113900308,7,18,-11
113900309,0,183,-183
113900310,1,5,-4
113900311,28,0,28
113900312,19,112,-93
113900313,2,0,2
114000001,817,626,191
114000002,487,151,336
114000003,224,99,125
114000004,1030,120,910
114000005,893,77,816
114000006,1459,504,955
114000007,1071,382,689
114000008,2257,1095,1162
114000009,1732,237,1495
114000011,3005,1122,1883
114000012,5076,888,4188
114000013,3061,794,2267
114000014,901,59,842
114000015,2923,92,2831
114000016,558,54,504
114000017,126,1285,-1159
114000018,81,17,64
114000026,4446,522,3924
114000027,6278,2006,4272
114000028,1684,3208,-1524
114000038,435,74,361
114000039,32,4,28
114000040,210,473,-263
114000042,172,149,23
114000043,24,53,-29
114000044,681,22,659
114000045,14,26,-12
114000046,1749,2848,-1099
114000047,4,152,-148
114000048,220,33,187
114000049,2567,914,1653
114000050,2158,673,1485
114000051,3771,1299,2472
114000052,3353,2761,592
114000053,24,561,-537
114000054,304,669,-365
114000055,640,67,573
114000056,79,534,-455
114000057,2406,937,1469
114000058,51,856,-805
114000059,13,1505,-1492
114000060,629,811,-182
114000061,1736,2234,-498
114000062,294,609,-315
114000063,740,787,-47
114000064,965,4503,-3538
114000065,848,1120,-272
114000066,920,559,361
114000067,39,1826,-1787
114000068,285,876,-591
114000069,1240,269,971
114000070,1909,832,1077
114000071,1189,230,959
114000072,1812,185,1627
114000073,30,13,17
114000074,159,16,143
114000075,117,22,95
114000076,80,15,65
114000077,1,3,-2
114000078,797,395,402
114000079,570,71,499
114000080,72,74,-2
114000081,114,56,58
114000082,117,113,4
114000083,83,15,68
114000084,323,116,207
114000085,95,124,-29
114000086,250,191,59
114000087,506,36,470
114000088,50,32,18
114000089,383,171,212
114000090,808,838,-30
114000091,866,695,171
114000092,649,262,387
114000093,1702,322,1380
114000094,837,421,416
114000095,327,228,99
114000096,88,91,-3
114000097,66,100,-34
114000098,910,114,796
114000099,1602,90,1512
114000100,2480,292,2188
114000101,583,186,397
114000102,1489,211,1278
114000103,168,84,84
114000104,9,223,-214
114000105,539,215,324
114000106,599,3526,-2927
114000107,634,166,468
114000108,580,284,296
114000109,908,4144,-3236
114000110,666,341,325
114000111,3511,2142,1369
114000112,391,572,-181
114000113,2796,204,2592
114000114,273,446,-173
114000115,3955,409,3546
114000116,957,6181,-5224
114000117,6128,552,5576
114000118,5826,223,5603
114000119,4646,252,4394
114000120,954,505,449
114000121,364,258,106
114000122,463,285,178
114000123,3538,233,3305
114000124,2831,234,2597
114000125,1119,905,214
114000126,2805,287,2518
114000127,254,85,169
114000128,1083,136,947
114000130,639,331,308
114000131,647,64,583
114000132,938,152,786
114000133,593,505,88
114000134,122,7,115
114000138,27,31,-4
114000139,572,355,217
114000144,812,427,385
114000145,44,13,31
114000146,135,10,125
114000147,738,2454,-1716
114000148,509,1863,-1354
114000149,336,216,120
114000150,265,470,-205
114000151,249,2623,-2374
114000152,56,44,12
114000153,520,1305,-785
114000154,691,289,402
114000155,750,4481,-3731
114000156,669,539,130
114000157,417,1644,-1227
114000158,527,233,294
114000159,276,207,69
114000160,40,248,-208
114000161,845,1114,-269
114000162,1197,1773,-576
114000163,37,22,15
114000165,424,317,107
114000166,331,223,108
114000167,1825,1462,363
114000168,360,120,240
114000169,998,800,198
114000170,1147,563,584
114000171,1501,15970,-14469
114000174,74,429,-355
114000176,109,263,-154
114000177,399,235,164
114000178,140,51,89
114000179,759,915,-156
114000180,149,144,5
114000181,1137,7517,-6380
114000182,483,1815,-1332
114000183,497,457,40
114000184,1533,244,1289
114000185,1417,624,793
114000189,2632,85,2547
114000190,4858,458,4400
114000191,256,825,-569
114000192,65,273,-208
114000193,144,439,-295
114000194,2124,537,1587
114000195,605,582,23
114000196,2,77,-75
114000197,3044,28,3016
114000198,727,177,550
114000199,1033,1062,-29
114000200,631,495,136
114000201,343,487,-144
114000202,1198,521,677
114000203,1088,435,653
114000204,264,269,-5
114000205,456,1640,-1184
114000206,923,657,266
114000207,308,367,-59
114000208,541,424,117
114000209,231,780,-549
114000210,150,332,-182
114000211,2227,788,1439
114000212,1128,1222,-94
114000213,2767,330,2437
114000214,288,22,266
114000215,133,70,63
114000216,2747,409,2338
114000217,590,113,477
114000218,716,158,558
114000219,2544,98,2446
114000220,26,269,-243
114000221,1776,115,1661
114000222,126,304,-178
114000223,1318,148,1170
114000224,45,297,-252
114000225,659,148,511
114000226,337,123,214
114000227,1234,481,753
114000228,1109,294,815
114000229,2485,591,1894
114000230,1854,428,1426
114000231,1143,1011,132
114000232,1633,143,1490
114000233,3509,72,3437
114000234,1576,434,1142
114000235,2299,731,1568
114000236,0,152,-152
114000237,93,288,-195
114000238,111,386,-275
114000239,160,488,-328
114000240,955,1970,-1015
114000241,363,382,-19
114000242,848,675,173
114000243,3082,1035,2047
114000244,525,236,289
114000245,494,1275,-781
114000246,160,142,18
114000247,808,304,504
114000248,2697,446,2251
114000249,705,265,440
114000250,1029,137,892
114000251,361,101,260
114000252,81,4,77
114000253,68,27,41
114000254,49,6,43
114000255,462,161,301
114000256,307,561,-254
114000257,747,762,-15
114000258,1009,171,838
114000259,281,238,43
114000260,0,33,-33
114000261,107,11,96
114000262,523,193,330
114000263,21,0,21
114000264,2469,175,2294
114000265,15,0,15
114000267,3,2692,-2689
114000268,0,428,-428
114000270,480,25,455
114000271,227,56,171
114000283,2892,250,2642
114000285,35,97,-62
114000288,266,215,51
114000289,3341,88,3253
114000293,498,408,90
114000294,347,417,-70
114000395,2459,13,2446
114000396,616,313,303
114000402,1369,134,1235
114000403,461,109,352
114000405,640,140,500
114000423,1004,92,912
114000424,583,128,455
114000425,1892,66,1826
114000426,333,835,-502
114000427,123,53,70
114000428,42,57,-15
114000429,27,94,-67
114000432,206,14,192
114000434,51,23,28
114000435,0,14,-14
114900001,1041,134,907
114900002,267,241,26
114900003,883,167,716
114900004,222,629,-407
114900005,514,98,416
114900006,102,104,-2
114900007,194,3,191
114900008,456,86,370
114900010,741,2373,-1632
114900011,518,59,459
114900013,518,48,470
114900015,32,1435,-1403
114900018,1071,10,1061
114900020,167,70,97
114900022,52,667,-615
114900024,188,149,39
114900025,797,52,745
114900026,142,71,71
114900027,170,57,113
114900029,313,8,305
114900030,301,125,176
114900031,1025,12,1013
114900032,930,3,927
114900033,188,2418,-2230
114900034,23,28,-5
114900035,59,143,-84
114900036,216,114,102
114900037,144,24,120
114900038,342,203,139
114900039,1115,77,1038
114900040,206,4,202
114900041,2093,118,1975
114900042,2191,112,2079
114900043,284,88,196
114900044,248,64,184
114900046,8,48,-40
114900047,107,6050,-5943
114900048,20,58,-38
114900049,15,38,-23
114900050,50,87,-37
114900051,21,99,-78
114900052,8,476,-468
114900053,40,220,-180
114900054,22,5,17
114900057,197,11,186
114900058,0,6,-6
114900059,216,110,106
114900060,154,568,-414
114900061,39,17,22
114900062,90,101,-11
114900063,152,11,141
114900064,2761,65,2696
114900065,315,876,-561
114900067,37,98,-61
114900068,25,51,-26
114900069,143,19,124
114900070,833,96,737
114900072,0,59,-59
114900073,0,9,-9
114900074,1773,43,1730
114900075,298,4,294
114900076,3,48,-45
114900080,330,59,271
114900082,1017,2285,-1268
114900083,75,369,-294
114900090,1097,63,1034
114900091,73,70,3
114900095,55,28,27
114900096,74,177,-103
114900097,313,1,312
114900098,3,41,-38
114900099,326,6,320
115000001,3735,1446,2289
115000002,4415,7032,-2617
115000003,3283,1187,2096
115000004,5441,6036,-595
115000005,1580,1723,-143
115000006,1473,1043,430
115000007,468,160,308
115000008,396,383,13
115000009,532,207,325
115000010,315,256,59
115000013,26,176,-150
115000015,37,350,-313
115000016,27,162,-135
115000019,28,509,-481
115000020,83,1050,-967
115000021,104,317,-213
115000022,175,123,52
115000023,340,442,-102
115000024,198,161,37
115000025,852,419,433
115000026,113,127,-14
115000027,436,169,267
115000028,147,141,6
115000029,1099,28,1071
115000030,462,265,197
115000031,642,37,605
115000032,11,168,-157
115000033,178,10,168
115000034,62,1180,-1118
115000035,745,152,593
115000036,0,187,-187
115000037,862,93,769
115000038,106,93,13
115000039,2254,4743,-2489
115000040,2919,2709,210
115000041,1488,4990,-3502
115000042,453,535,-82
115000043,3769,2507,1262
115000044,2279,2446,-167
115000045,2900,538,2362
115000046,3848,2031,1817
115000047,3399,1090,2309
115000048,3468,1724,1744
115000049,1342,2468,-1126
115000050,3113,822,2291
115000051,1608,6260,-4652
115000052,1287,788,499
115000053,3009,3101,-92
115000054,612,520,92
115000055,197,831,-634
115000056,168,342,-174
115000057,580,1031,-451
115000058,84,596,-512
115000059,116,293,-177
115000061,200,232,-32
115000062,274,393,-119
115000063,787,207,580
115000064,215,59,156
115000065,168,662,-494
115000067,324,20,304
115000069,123,265,-142
115000070,41,1117,-1076
115000071,93,19,74
115000072,5,21,-16
115000073,1626,80,1546
115000075,118,53,65
115000076,1827,1083,744
115000077,2626,812,1814
115000078,2631,515,2116
115000079,2309,870,1439
115000080,5045,771,4274
115000081,203,274,-71
115000082,6137,4503,1634
115000083,3070,633,2437
115000084,4321,416,3905
115000085,1774,361,1413
115000086,1609,326,1283
115000087,475,1601,-1126
115000088,1232,336,896
115000089,1328,610,718
115000090,453,775,-322
115000091,287,221,66
115000092,979,1414,-435
115000093,1229,0,1229
115000094,3815,10286,-6471
115000095,2613,9562,-6949
115000096,1312,537,775
115000097,3007,2165,842
115000098,2711,292,2419
115000099,2952,895,2057
115000100,2331,347,1984
115000101,774,479,295
115000102,733,156,577
115000103,274,287,-13
115000105,109,65,44
115000106,1069,550,519
115000107,154,181,-27
115000108,1298,1043,255
115000109,2530,6107,-3577
115000110,820,2481,-1661
115000111,237,440,-203
115000112,340,282,58
115000113,298,301,-3
115000114,516,198,318
115000116,1569,1248,321
115000117,1201,2049,-848
115000118,1444,1272,172
115000119,1172,2061,-889
115000120,510,747,-237
115000121,340,463,-123
115000122,356,1368,-1012
115000123,503,905,-402
115000124,656,699,-43
115000125,294,746,-452
115000126,75,279,-204
115000127,351,71,280
115000128,338,785,-447
115000129,109,1010,-901
115000130,315,285,30
115000131,1279,255,1024
115000132,604,469,135
115000133,1577,313,1264
115000134,545,318,227
115000135,147,232,-85
115000136,248,175,73
115000137,94,203,-109
115000138,582,272,310
115000139,183,83,100
115000140,548,79,469
115000141,247,66,181
115000142,217,67,150
115000143,1223,419,804
115000144,595,31,564
115000145,240,69,171
115000146,555,333,222
115000147,290,478,-188
115000148,230,441,-211
115000149,898,299,599
115000150,495,217,278
115000151,2052,170,1882
115000152,715,324,391
115000153,2255,198,2057
115000154,1377,99,1278
115000155,903,646,257
115000156,786,369,417
115000157,253,497,-244
115000158,57,199,-142
115000159,409,185,224
115000160,266,180,86
115000161,97,501,-404
115000162,334,1202,-868
115000163,373,249,124
115000164,240,285,-45
115000165,168,391,-223
115000167,102,55,47
115000168,555,368,187
115000169,242,478,-236
115000170,26,156,-130
115000171,275,268,7
115000172,548,641,-93
115000173,296,1430,-1134
115000174,63,456,-393
115000175,103,142,-39
115000176,33,117,-84
115000177,19,138,-119
115000178,14,131,-117
115000179,20,163,-143
115000180,89,150,-61
115000181,1231,139,1092
115000182,1661,208,1453
115000183,683,248,435
115000186,630,72,558
115000187,217,167,50
115000188,409,267,142
115000189,440,440,0
115000190,441,616,-175
115000191,153,724,-571
115000194,200,49,151
115000195,97,73,24
115000196,390,143,247
115000197,325,98,227
115000198,820,99,721
115000199,831,43,788
115000200,623,47,576
115000201,387,175,212
115000206,483,18,465
115000207,873,181,692
115000208,239,403,-164
115000209,719,565,154
115000210,226,147,79
115000211,253,169,84
115000212,837,240,597
115000224,236,9,227
115000225,171,53,118
115000229,109,39,70
115000230,129,175,-46
115000231,369,404,-35
115000232,4063,353,3710
115000233,150,77,73
115000234,81,135,-54
115000241,94,45,49
115000242,269,32,237
115000243,220,49,171
115000244,15,105,-90
115000246,30,12,18
115000247,61,27,34
115000248,49,10,39
115000249,8,23,-15
115000250,251,7,244
115000251,574,35,539
115000252,169,165,4
115000253,11,563,-552
115000258,456,31,425
115000259,128,9,119
115000261,44,1,43
115000262,13,7,6
115000263,17,39,-22
115000264,3,36,-33
115000267,49,27,22
115000268,45,29,16
115000269,98,14,84
115000270,20,17,3
115000272,87,45,42
115000273,860,16,844
115000280,850,217,633
115000281,162,782,-620
115000282,439,1400,-961
115000284,120,307,-187
115000296,382,0,382
115000297,55,256,-201
115000298,66,513,-447
115000300,292,62,230
115000302,837,80,757
115000303,1508,45,1463
115000304,1219,73,1146
115000305,142,141,1
115000306,425,144,281
115000307,306,276,30
115000308,3,11,-8
115000309,21,194,-173
115000310,2894,186,2708
115000311,1777,437,1340
115000313,192,119,73
115000314,657,257,400
115000315,332,1008,-676
115000316,134,115,19
115000317,205,231,-26
115000318,1392,356,1036
115000319,207,80,127
115000320,11,576,-565
115000321,291,16,275
115000322,116,79,37
115000449,62,198,-136
115000557,2,3438,-3436
115000558,78,105,-27
115000587,1147,177,970
115000588,1417,1833,-416
115000589,5373,2080,3293
115000590,709,1592,-883
115000591,1911,700,1211
115000592,566,1079,-513
115000593,1968,579,1389
115000594,188,1814,-1626
115000609,326,407,-81
115000617,404,3244,-2840
115000624,325,8,317
115000633,303,1124,-821
115000634,2660,591,2069
115000635,655,70,585
115000638,80,247,-167
115000641,21,413,-392
115000642,482,104,378
115000643,150,169,-19
115000644,154,143,11
115000646,497,968,-471
115000647,121,316,-195
115000648,4718,459,4259
115000893,1397,731,666
115000894,183,644,-461
115000895,253,697,-444
115000896,923,357,566
115000897,344,65,279
115000898,247,235,12
115000899,127,1222,-1095
115000900,40,270,-230
115000901,56,153,-97
115000912,401,98,303
115000913,1,6,-5
115000915,12,0,12
115000916,1,0,1
115000917,0,36,-36
115000918,26,861,-835
115000919,6,43,-37
115000920,7,53,-46
115000921,183,69,114
115000922,173,557,-384
115000923,46,1346,-1300
115000925,225,151,74
115000927,37,127,-90
115000933,42,242,-200
115000934,47,170,-123
115000935,127,58,69
115000936,53,1438,-1385
115000937,468,257,211
115000938,14,125,-111
115000939,15,100,-85
115000940,1,21,-20
115000941,0,32,-32
115000942,3,89,-86
115000943,8,135,-127
115000944,0,1,-1
115900001,420,8,412
115900002,59,26,33
115900003,305,54,251
115900004,0,9,-9
115900005,393,7,386
115900006,102,119,-17
115900008,280,1,279
115900009,30,97,-67
115900010,952,60,892
115900011,438,50,388
115900012,507,0,507
115900013,582,52,530
115900014,160,33,127
115900015,408,5,403
115900016,179,20,159
115900017,209,28,181
115900018,80,17,63
115900019,11,4,7
115900020,332,1,331
115900021,311,305,6
115900022,549,0,549
115900023,17,8,9
115900025,13,150,-137
115900026,526,45,481
115900027,0,81,-81
115900028,102,20,82
115900029,1,84,-83
115900030,54,28,26
115900031,89,252,-163
115900032,231,480,-249
115900033,0,48,-48
115900034,12,90,-78
115900035,112,10,102
115900036,15,3800,-3785
115900037,21,83,-62
115900038,32,6,26
115900039,374,39,335
115900041,86,1210,-1124
115900042,67,5,62
115900043,224,49,175
115900044,106,981,-875
115900046,1056,59,997
115900047,35,169,-134
115900049,282,121,161
115900051,2,14,-12
115900052,36,31,5
115900053,637,49,588
115900054,509,13,496
115900055,38,27,11
115900056,288,33,255
115900057,17,9,8
115900058,12,18,-6
115900060,49,57,-8
115900061,552,0,552
115900062,67,29,38
115900063,20,1,19
115900064,137,218,-81
115900065,248,49,199
115900066,26,25,1
115900067,12,51,-39
115900068,934,2171,-1237
115900069,19,133,-114
115900070,445,17,428
115900071,0,94,-94
115900072,8,53,-45
115900073,283,158,125
115900074,0,50,-50
115900075,63,75,-12
115900076,1,14,-13
115900077,4,41,-37
115900078,54,308,-254
115900079,526,2,524
115900080,98,16,82
115900081,47,4,43
115900082,93,246,-153
115900084,967,4,963
115900085,44,71,-27
115900086,556,133,423
115900088,3,104,-101
115900089,980,155,825
115900090,1013,2,1011
115900091,3,15,-12
115900092,73,32,41
115900093,0,10,-10
115900094,6,40,-34
115900096,4,7,-3
115900097,15,40,-25
115900098,428,90,338
115900099,138,260,-122
115900100,18,94,-76
115900101,337,63,274
115900102,143,38,105
115900103,249,48,201
115900104,88,26,62
115900105,347,54,293
115900106,158,1,157
115900107,115,18,97
115900108,225,1,224
115900109,10,115,-105
115900110,32,1,31
115900111,0,16,-16
115900112,26,267,-241
115900113,53,4,49
115900114,0,30,-30
115900115,150,69,81
115900116,70,283,-213
115900117,174,2,172
115900118,1,43,-42
115900119,311,74,237
115900120,28,78,-50
115900121,335,30,305
115900124,223,1020,-797
115900125,463,80,383
115900126,1244,9,1235
115900127,1528,30,1498
115900128,0,210,-210
115900129,683,8,675
115900130,4,330,-326
115900131,685,67,618
115900132,886,2,884
115900134,591,5,586
115900135,407,353,54
115900137,33,10,23
115900139,8,106,-98
115900140,628,17,611
115900141,0,50,-50
115900142,0,25,-25
115900143,283,52,231
115900144,414,45,369
115900146,25,20,5
115900147,127,512,-385
115900148,33,32,1
115900149,413,8,405
115900150,265,5,260
115900151,131,41,90
115900152,263,35,228
115900153,174,69,105
115900154,83,225,-142
115900155,0,9,-9
115900156,622,488,134
115900157,637,441,196
115900158,5,7,-2
115900159,495,62,433
115900160,0,21,-21
115900161,42,36,6
115900163,359,31,328
115900164,1431,10,1421
115900166,87,72,15
115900168,583,95,488
115900171,100,72,28
115900172,34,87,-53
115900173,285,93,192
115900174,42,122,-80
115900175,403,56,347
115900178,20,86,-66
115900179,715,1,714
115900180,13,37,-24
115900181,443,36,407
115900182,1122,41,1081
115900183,15,142,-127
115900184,295,4,291
115900187,5,201,-196
115900189,0,93,-93
115900190,103,786,-683
115900191,12,81,-69
115900192,36,149,-113
115900193,67,146,-79
115900194,1325,34,1291
115900195,240,4188,-3948
115900198,346,291,55
115900199,420,47,373
115900200,254,57,197
115900201,227,228,-1
115900202,0,375,-375
115900203,0,1,-1
115900204,0,8,-8
115900205,10,5,5
115900206,617,49,568
115900207,85,8,77
115900208,189,34,155
115900209,16,93,-77
115900210,0,280,-280
115900211,1,53,-52
115900212,286,80,206
115900213,112,256,-144
115900214,953,36,917
115900215,16,268,-252
115900216,1,22,-21
115900217,6,19,-13
115900218,2,11,-9
115900219,246,9,237
115900220,514,10,504
115900221,225,10,215
115900222,101,39,62
115900223,2,535,-533
115900224,459,2851,-2392
115900225,27,42,-15
115900226,16,43,-27
115900227,9,14,-5
115900228,3,19,-16
115900229,3,14,-11
115900230,88,26,62
115900231,217,1,216
115900232,77,0,77
115900233,243,5,238
115900234,46,59,-13
115900235,18,23,-5
115900236,8,328,-320
115900237,46,48,-2
115900238,22,23,-1
115900239,10,11,-1
115900240,17,17,0
115900241,445,23,422
115900242,317,562,-245
115900243,4,4,0
115900244,9,4,5
115900245,239,1,238
115900246,2,1,1
115900247,4,1,3
115900248,3,6,-3
115900249,19,1,18
115900250,46,1,45
115900251,17,1,16
115900252,10,0,10
115900253,49,7,42
115900254,18,30,-12
115900255,0,14,-14
115900256,28,94,-66
115900257,3,8,-5
115900258,0,4,-4
115900259,17,2,15
115900260,20,6,14
115900261,17,0,17
115900262,1,0,1
115900263,21,0,21
115900264,25,0,25
115900265,1,0,1
115900266,5,0,5
115900267,0,6,-6
115900268,1,74,-73
115900269,1692,96,1596
115900270,359,85,274
115900271,568,0,568
115900272,87,5,82
115900273,19,78,-59
115900274,0,1,-1
115900275,0,4,-4
115900276,0,26,-26
115900277,0,17,-17
115900278,99,44,55
115900279,50,221,-171
115900280,14,803,-789
115900281,79,402,-323
115900282,4,61,-57
115900283,32,7,25
115900284,35,2,33
116000001,3944,1330,2614
116000002,5414,19204,-13790
116000003,995,697,298
116000004,5705,7754,-2049
116000005,779,2076,-1297
116000006,3024,5021,-1997
116000007,1204,1336,-132
116000008,6622,2518,4104
116000009,657,601,56
116000010,4033,1388,2645
116000011,641,580,61
116000012,2587,920,1667
116000013,3156,2187,969
116000014,9037,27776,-18739
116000015,127,2215,-2088
116000016,3349,6996,-3647
116000017,59,498,-439
116000018,331,200,131
116000019,1955,114,1841
116000020,350,603,-253
116000021,1538,115,1423
116000022,644,208,436
116000023,2466,1298,1168
116000024,608,526,82
116000025,1065,584,481
116000026,1110,2932,-1822
116000027,415,613,-198
116000028,466,846,-380
116000029,306,186,120
116000030,665,510,155
116000031,44,80,-36
116000032,299,82,217
116000033,931,213,718
116000034,527,772,-245
116000035,455,187,268
116000036,173,1395,-1222
116000037,132,385,-253
116000038,48,627,-579
116000039,147,660,-513
116000040,358,653,-295
116000041,106,434,-328
116000042,1163,746,417
116000043,147,316,-169
116000044,6,60,-54
116000045,859,1099,-240
116000046,694,925,-231
116000047,1721,2708,-987
116000048,2813,1121,1692
116000049,1737,1777,-40
116000050,1138,769,369
116000051,2626,2402,224
116000052,2550,1858,692
116000053,2439,586,1853
116000054,1022,1850,-828
116000055,932,910,22
116000056,1784,675,1109
116000057,1925,884,1041
116000058,3442,2494,948
116000059,2259,4238,-1979
116000060,1863,998,865
116000061,396,1428,-1032
116000062,583,232,351
116000063,642,2161,-1519
116000066,519,630,-111
116000067,281,252,29
116000068,259,172,87
116000069,301,153,148
116000078,650,734,-84
116000080,1524,221,1303
116000082,2,12,-10
116000083,2666,218,2448
116000084,1144,1128,16
116000085,1633,2230,-597
116000086,744,300,444
116000087,3416,1340,2076
116000088,1749,549,1200
116000089,249,95,154
116000090,294,123,171
116000091,249,1213,-964
116000093,889,214,675
116000094,1566,290,1276
116000095,1002,240,762
116000096,2640,3745,-1105
116000097,1085,313,772
116000098,70,15963,-15893
116000099,4708,610,4098
116000100,408,16,392
116000101,2340,242,2098
116000102,383,340,43
116000103,513,389,124
116000104,367,656,-289
116000105,2185,108,2077
116000106,732,1826,-1094
116000107,3773,546,3227
116000108,21,658,-637
116000111,244,46,198
116000113,141,22,119
116000114,13,57,-44
116000115,821,308,513
116000116,263,40,223
116000117,1749,879,870
116000118,2249,531,1718
116000119,4052,1156,2896
116000120,2571,1423,1148
116000121,1539,243,1296
116000122,700,352,348
116000123,2000,294,1706
116000124,802,218,584
116000125,4244,257,3987
116000126,507,319,188
116000127,774,411,363
116000128,3305,461,2844
116000129,2320,74,2246
116000130,1260,546,714
116000133,3170,429,2741
116000134,1642,601,1041
116000135,4275,857,3418
116000136,999,783,216
116000137,1535,660,875
116000138,741,306,435
116000139,2230,2667,-437
116000140,313,413,-100
116000141,1061,363,698
116000142,3438,1690,1748
116000143,2602,1383,1219
116000144,2702,1451,1251
116000145,4184,804,3380
116000146,1475,98,1377
116000147,447,286,161
116000148,1530,1146,384
116000149,496,339,157
116000151,960,649,311
116000153,133,435,-302
116000155,137,329,-192
116000156,1235,388,847
116000157,107,6,101
116000158,672,138,534
116000159,32,2,30
116000160,72,24,48
116000161,3,55,-52
116000162,17,359,-342
116000163,74,3,71
116000164,23,8,15
116000177,79,541,-462
116000194,77,260,-183
116000195,2532,601,1931
116000196,107,1,106
116000197,99,55,44
116000198,1991,837,1154
116000200,573,983,-410
116000201,480,275,205
116000202,30,167,-137
116000203,0,15,-15
116000204,5,11,-6
116000205,0,61,-61
116000206,1,209,-208
116000207,25,74,-49
116000233,75,138,-63
116000287,413,75,338
116000288,671,185,486
116000292,184,55,129
116000296,26,71,-45
116000297,180,4,176
116000304,561,21,540
116000305,11,29,-18
116000346,439,75,364
116000352,161,51,110
116000354,75,36,39
116000357,11,13,-2
116000358,670,285,385
116000361,94,5,89
116000372,3139,9949,-6810
116000381,373,10,363
116000388,7,18,-11
116000389,1020,145,875
116000445,2086,195,1891
116000446,1194,92,1102
116000447,52,550,-498
116000448,351,25,326
116000563,529,736,-207
116000565,110,192,-82
116000568,65,770,-705
116000579,44,211,-167
116000583,184,50,134
116000584,63,5,58
116000585,163,47,116
116000586,33,72,-39
116000587,390,122,268
116000589,159,85,74
116000590,208,50,158
116000591,341,54,287
116000592,20,12,8
116000593,0,12,-12
116000594,1965,75,1890
116000595,1046,39,1007
116000596,411,0,411
116000597,1065,379,686
116000598,108,120,-12
116000605,114,35,79
116000606,86,690,-604
116000607,4,32,-28
116000609,29,1858,-1829
116000611,357,96,261
116000612,2369,2172,197
116000613,975,351,624
116000614,663,95,568
116000615,1,390,-389
116000616,141,30,111
116000617,391,7,384
116000618,4,24,-20
116000619,16,126,-110
116000620,618,131,487
116000621,104,50,54
116000622,191,59,132
116000624,155,117,38
116000627,358,34,324
116000628,307,191,116
116000629,86,80,6
116000630,2091,8,2083
116000631,1594,25,1569
116000632,2772,44,2728
116000633,1021,49,972
116000634,1221,42,1179
116000635,1871,2495,-624
116000636,450,1132,-682
116000637,1587,21,1566
116000638,384,151,233
116000640,9,152,-143
116000641,0,0,0
116000644,140,106,34
116900001,168,40,128
116900002,284,1,283
116900003,112,1,111
116900004,71,160,-89
116900005,592,13,579
116900006,48,116,-68
116900007,117,117,0
116900008,1276,103,1173
116900009,31,31,0
116900010,0,237,-237
116900011,0,12,-12
116900012,164,207,-43
116900013,6,30,-24
116900014,319,42,277
116900015,1462,43,1419
116900016,452,5,447
116900017,0,194,-194
116900018,68,189,-121
116900019,0,52,-52
116900020,294,3269,-2975
116900023,28,13,15
116900024,1614,23,1591
116900025,2028,279,1749
116900026,18,227,-209
116900027,134,42,92
116900028,0,18,-18
116900029,1,302,-301
116900031,0,2,-2
116900032,6,54,-48
116900033,66,8,58
116900034,0,19,-19
116900035,284,87,197
116900036,17,72,-55
116900038,8,1,7
116900041,176,4,172
116900042,145,148,-3
116900043,10,42,-32
116900047,42,548,-506
116900049,23,80,-57
116900050,46,106,-60
116900051,678,34,644
116900052,226,49,177
116900055,0,29,-29
116900057,23,44,-21
116900058,6,180,-174
116900059,0,17,-17
116900060,120,271,-151
116900062,2,66,-64
116900064,92,97,-5
116900065,4,62,-58
116900067,131,8,123
116900068,204,75,129
116900070,30,17,13
116900072,46,45,1
116900073,3,55,-52
116900074,3,13,-10
116900076,30,106,-76
116900077,1,13,-12
116900078,44,28,16
116900079,52,39,13
116900080,0,7,-7
116900081,84,323,-239
116900082,160,1175,-1015
116900083,0,2,-2
116900084,58,14,44
116900085,0,25,-25
116900086,18,103,-85
116900088,110,1,109
116900090,2,4,-2
116900091,915,20,895
116900092,96,177,-81
116900093,1855,1131,724
116900094,3584,7610,-4026
116900095,484,157,327
116900096,119,548,-429
116900097,940,6054,-5114
116900098,374,160,214
116900099,136,408,-272
116900100,2018,135,1883
116900101,182,503,-321
116900103,16,0,16
116900104,8,207,-199
116900105,694,288,406
116900106,5210,59,5151
116900107,845,4472,-3627
116900110,41,0,41
116900111,1133,259,874
116900112,375,221,154
116900113,866,4496,-3630
116900116,15,450,-435
116900117,410,237,173
116900118,606,1128,-522
116900120,695,40,655
116900121,441,31,410
116900122,2311,297,2014
116900123,888,197,691
116900124,107,178,-71
116900125,846,51,795
116900126,127,1199,-1072
116900128,0,17,-17
116900129,0,183,-183
116900130,642,7395,-6753
116900131,11,81,-70
116900132,105,55,50
116900133,335,128,207
116900134,270,125,145
116900136,238,114,124
116900137,263,70,193
116900138,122,39,83
116900139,37,84,-47
116900140,158,50,108
116900141,255,47,208
116900142,3,39,-36
116900143,380,49,331
116900144,103,7,96
116900145,59,88,-29
116900147,97,1043,-946
116900148,4,5,-1
116900149,51,194,-143
116900150,9,1,8
116900151,33,24,9
116900153,139,139,0
116900154,193,618,-425
116900155,85,66,19
116900157,1492,44,1448
116900158,147,303,-156
116900159,101,464,-363
116900160,1226,601,625
116900161,2725,13561,-10836
116900162,77,78,-1
116900163,532,31,501
116900164,96,47,49
116900165,834,310,524
116900166,169,114,55
116900167,926,16,910
116900168,876,9,867
116900169,102,858,-756
116900170,739,319,420
116900171,53,68,-15
116900172,89,805,-716
116900173,695,0,695
116900174,22,253,-231
116900175,457,382,75
116900178,70,35,35
116900179,39,580,-541
116900180,155,1,154
116900182,851,146,705
116900183,338,164,174
116900185,114,48,66
116900186,157,33,124
116900187,54,71,-17
116900188,228,1,227
116900189,37,1,36
116900191,110,94,16
116900192,504,141,363
116900194,83,1823,-1740
116900195,26,5,21
116900196,18,13,5
116900197,245,6,239
116900198,21,1047,-1026
116900200,266,2,264
116900201,639,10,629
116900202,78,30,48
116900203,286,1,285
116900204,15,519,-504
116900206,56,0,56
116900207,28,25,3
116900208,28,29,-1
116900209,24,14,10
116900210,383,190,193
116900211,256,2,254
116900212,139,1,138
116900213,179,11,168
116900214,475,183,292
116900215,11,2,9
116900216,365,42,323
116900218,2,114,-112
116900219,447,76,371
116900220,120,111,9
116900221,166,247,-81
116900222,383,203,180
116900223,28,42,-14
116900226,424,11,413
116900227,485,23,462
116900228,725,102,623
116900230,67,65,2
116900231,169,94,75
116900232,43,152,-109
116900233,608,94,514
116900234,17,8,9
116900235,138,127,11
116900238,357,63,294
116900239,17,1620,-1603
116900240,2677,4556,-1879
116900241,66,29,37
116900242,637,1542,-905
116900243,1,17,-16
116900245,56,68,-12
116900246,86,8,78
116900247,1554,44,1510
116900248,77,6,71
116900249,988,25,963
116900250,619,60,559
116900251,243,1745,-1502
116900252,455,286,169
116900254,71,141,-70
116900255,178,231,-53
116900256,982,235,747
116900257,59,226,-167
116900258,3,36,-33
116900259,358,35,323
116900260,2,24,-22
116900261,64,5,59
116900262,118,74,44
116900263,0,2,-2
116900264,3,3,0
116900265,333,0,333
116900266,44,6,38
116900267,30,0,30
116900268,9,378,-369
116900269,434,1236,-802
116900271,295,1257,-962
116900272,244,281,-37
116900273,14,141,-127
116900274,203,51,152
116900275,386,69,317
116900276,258,582,-324
116900277,93,94,-1
116900278,0,2,-2
116900279,8,17,-9
116900280,103,3,100
116900281,2313,9026,-6713
116900282,2,42,-40
116900283,2,9,-7
116900284,1,55,-54
116900285,30,651,-621
116900286,74,2,72
116900287,17,14,3
116900288,195,35,160
116900289,34,2,32
116900290,12,0,12
116900291,39,13,26
116900292,0,44,-44
116900293,150,0,150
116900294,2,111,-109
116900295,210,343,-133
116900296,56,135,-79
116900297,0,47,-47
116900298,42,75,-33
116900299,1,92,-91
116900300,1,96,-95
116900301,24,440,-416
116900302,13,89,-76
116900303,126,174,-48
116900304,0,249,-249
116900305,9,47,-38
116900306,710,50,660
116900307,128,1,127
116900308,0,44,-44
116900309,742,49,693
117000001,3425,4515,-1090
117000002,1997,3095,-1098
117000003,6531,2652,3879
117000004,1956,3515,-1559
117000005,5395,1873,3522
117000006,1210,1616,-406
117000007,9745,1201,8544
117000008,1386,2176,-790
117000009,5682,1549,4133
117000010,1017,1640,-623
117000011,5358,1064,4294
117000012,2278,980,1298
117000013,3483,1110,2373
117000014,2248,2546,-298
117000015,3677,2052,1625
117000016,292,302,-10
117000017,66,603,-537
117000018,119,1098,-979
117000019,46,96,-50
117000020,349,3092,-2743
117000021,1605,1042,563
117000022,105,446,-341
117000023,62,1070,-1008
117000024,159,692,-533
117000025,154,3139,-2985
117000026,1807,3127,-1320
117000027,661,2532,-1871
117000028,571,1267,-696
117000030,387,325,62
117000031,734,248,486
117000032,1587,1431,156
117000033,1418,917,501
117000034,292,204,88
117000035,554,304,250
117000036,501,312,189
117000037,479,164,315
117000038,282,430,-148
117000039,218,290,-72
117000040,89,401,-312
117000041,1881,116,1765
117000044,10,310,-300
117000045,1653,457,1196
117000046,339,920,-581
117000047,1037,894,143
117000048,1035,575,460
117000049,37,332,-295
117000050,1006,1692,-686
117000051,3874,86,3788
117000052,136,127,9
117000053,1903,21,1882
117000054,2486,7,2479
117000055,5,501,-496
117000056,712,43,669
117000057,753,1043,-290
117000060,395,684,-289
117000061,2925,1921,1004
117000062,205,576,-371
117000063,1791,660,1131
117000064,568,573,-5
117000066,301,518,-217
117000067,103,488,-385
117000074,8,175,-167
117000076,50,38,12
117000077,197,64,133
117000078,115,610,-495
117000079,342,136,206
117000080,0,457,-457
117000081,788,130,658
117000082,29,146,-117
117000083,181,27,154
117000084,226,0,226
117000085,767,1021,-254
117000086,710,446,264
117000087,202,517,-315
117000088,783,124,659
117000089,4174,148,4026
117000090,449,335,114
117000091,2317,98,2219
117000092,500,359,141
117000093,3141,204,2937
117000094,890,606,284
117000095,4929,295,4634
117000096,896,634,262
117000097,3640,622,3018
117000098,1316,1299,17
117000099,6608,625,5983
117000100,307,279,28
117000101,102,394,-292
117000102,3166,346,2820
117000103,348,466,-118
117000104,2649,307,2342
117000105,382,515,-133
117000106,2904,236,2668
117000107,484,717,-233
117000108,3540,661,2879
117000109,649,1024,-375
117000110,1972,1982,-10
117000111,4110,3488,622
117000112,5292,877,4415
117000113,81,60,21
117000114,435,293,142
117000115,77,31,46
117000116,262,253,9
117000117,1284,664,620
117000118,535,386,149
117000119,115,618,-503
117000120,5,773,-768
117000121,33,868,-835
117000122,964,1734,-770
117000123,1740,23,1717
117000124,11,109,-98
117000125,33,471,-438
117000126,14,33,-19
117000127,98,399,-301
117000128,55,883,-828
117000129,216,1510,-1294
117000130,393,0,393
117000131,3,101,-98
117000132,7626,53,7573
117000133,5902,45,5857
117000134,0,104,-104
117000135,8,144,-136
117000136,0,23,-23
117000137,441,89,352
117000138,1,757,-756
117000140,325,484,-159
117000141,2557,337,2220
117000181,295,139,156
117000182,2590,2161,429
117000195,170,249,-79
117000196,516,160,356
117000225,37,326,-289
117000226,3,329,-326
117000276,732,49,683
117000277,0,92,-92
117000310,972,3753,-2781
117000315,236,943,-707
117000320,111,1,110
117000906,1199,19,1180
117000907,7,101,-94
117000909,209,94,115
117000910,287,111,176
117000911,45,100,-55
117000915,0,121,-121
117000916,224,9,215
117000917,1995,43,1952
117000918,294,97,197
117000919,0,22,-22
117000920,7,1067,-1060
117000921,0,301,-301
117000922,39,59,-20
117000924,1742,1129,613
117000926,613,446,167
117000927,269,446,-177
117000928,1,137,-136
117000929,1135,96,1039
117000930,1299,15,1284
117000931,126,41,85
117900002,71,904,-833
117900003,81,93,-12
117900005,1,187,-186
117900006,0,23,-23
117900007,331,64,267
117900008,0,26,-26
117900010,518,60,458
117900011,9,705,-696
117900012,121,71,50
117900013,1,318,-317
117900014,1049,147,902
117900015,24,56,-32
117900016,926,1528,-602
117900017,1323,416,907
117900018,466,439,27
117900019,1456,198,1258
117900020,41,183,-142
117900021,55,158,-103
117900023,2656,173,2483
117900024,134,167,-33
117900025,17,0,17
117900026,705,250,455
117900028,68,8,60
117900029,544,356,188
117900030,284,463,-179
117900031,539,501,38
117900032,1191,552,639
117900033,740,278,462
117900034,148,51,97
117900035,340,595,-255
117900036,492,209,283
117900037,241,37,204
117900038,20,65,-45
117900039,0,37,-37
117900040,201,85,116
117900041,1,14,-13
117900042,2137,567,1570
117900043,1,12,-11
117900044,20,5707,-5687
117900045,507,86,421
117900048,419,208,211
117900049,519,523,-4
117900050,2,452,-450
117900051,45,11,34
117900052,119,658,-539
117900053,2783,164,2619
117900054,5,4,1
117900055,1493,427,1066
117900056,31,121,-90
117900057,1316,582,734
117900058,4,82,-78
117900059,183,173,10
117900060,4209,1584,2625
117900061,9,441,-432
117900063,947,160,787
117900065,204,880,-676
117900066,15,189,-174
117900067,1559,151,1408
117900069,1502,78,1424
117900070,27,409,-382
117900071,365,113,252
117900073,1676,61,1615
117900074,18,655,-637
117900075,264,104,160
117900076,23,116,-93
117900077,1244,58,1186
117900078,614,426,188
117900080,353,18,335
117900081,230,137,93
117900082,1179,245,934
117900083,1371,494,877
117900086,328,62,266
117900087,233,2,231
117900088,639,658,-19
117900089,3522,400,3122
117900090,1259,700,559
117900091,202,37,165
117900092,374,56,318
117900093,237,5,232
117900094,68,50,18
117900095,952,1064,-112
117900096,333,320,13
117900097,265,16,249
117900098,133,11,122
117900099,389,581,-192
117900100,1169,1,1168
117900101,1229,3159,-1930
117900102,71,18,53
117900103,118,16,102
117900104,10,340,-330
117900105,57,129,-72
117900106,145,24,121
117900107,122,0,122
117900109,2266,608,1658
117900110,486,2,484
117900111,2102,248,1854
117900112,135,2,133
117900113,908,3003,-2095
117900114,141,1,140
117900115,66,230,-164
117900116,710,321,389
117900117,1356,109,1247
117900118,528,2,526
117900119,554,8,546
117900120,1154,9,1145
117900121,116,24,92
117900122,895,8402,-7507
117900123,1256,676,580
117900124,300,626,-326
117900125,1795,654,1141
117900126,82,187,-105
117900127,997,222,775
117900128,604,260,344
117900129,268,5,263
117900130,1083,508,575
117900131,0,80,-80
117900132,4,29,-25
117900133,13,19,-6
117900134,54,47,7
117900135,24,32,-8
117900136,0,2,-2
117900137,34,86,-52
117900138,0,1,-1
117900139,117,104,13
117900140,5246,653,4593
117900141,39,279,-240
117900142,31,522,-491
117900144,17,844,-827
117900145,3,412,-409
117900146,149,431,-282
117900147,180,96,84
117900148,2287,3729,-1442
117900149,68,70,-2
117900150,102,64,38
117900151,29,145,-116
117900152,49,111,-62
117900153,32,218,-186
117900154,812,461,351
117900156,228,236,-8
117900157,86,284,-198
117900158,502,41,461
117900160,1467,633,834
117900161,722,409,313
117900162,1225,269,956
117900163,18,930,-912
117900165,2,10,-8
117900166,6,231,-225
117900168,83,58,25
117900169,0,41,-41
117900170,0,8,-8
117900171,0,1,-1
117900172,13,1,12
117900173,31,32,-1
117900174,5,9,-4
117900175,6,11,-5
117900176,20,14,6
117900177,28,12,16
117900178,65,11,54
117900180,164,30,134
117900181,59,583,-524
117900182,0,79,-79
117900183,214,92,122
117900184,24,116,-92
117900185,54,11,43
117900186,126,7,119
117900187,47,5,42
117900188,136,37,99
117900189,54,10,44
117900190,38,0,38
117900191,81,0,81
117900192,341,1,340
117900193,9,36,-27
117900194,4,1,3
117900195,39,88,-49
117900196,41,9,32
117900207,35,85,-50
117900208,32,26,6
117900209,260,96,164
117900210,86,66,20
117900211,3,56,-53
117900212,172,94,78
117900213,63,2,61
117900214,3,3,0
117900215,58,34,24
117900216,18,43,-25
117900217,56,156,-100
117900218,64,199,-135
117900219,6,170,-164
117900220,25,271,-246
117900222,294,111,183
117900223,92,451,-359
118000001,625,2274,-1649
118000002,302,772,-470
118000003,2126,4202,-2076
118000004,1063,4007,-2944
118000005,3667,2021,1646
118000006,2882,3112,-230
118000007,5032,10900,-5868
118000008,854,8850,-7996
118000009,1358,3197,-1839
118000010,3327,3453,-126
118000011,3105,857,2248
118000012,916,1251,-335
118000013,2332,2349,-17
118000014,1515,1545,-30
118000016,356,119,237
118000017,744,438,306
118000018,468,118,350
118000019,1125,1787,-662
118000020,316,1511,-1195
118000021,415,1907,-1492
118000022,890,430,460
118000023,400,278,122
118000024,542,688,-146
118000027,8249,5276,2973
118000029,451,539,-88
118000032,274,1406,-1132
118000033,1667,3390,-1723
118000034,1894,2341,-447
118000035,1521,1585,-64
118000036,1077,886,191
118000037,707,1342,-635
118000038,954,73,881
118000039,151,67,84
118000040,2141,1236,905
118000041,4175,1690,2485
118000045,131,181,-50
118000046,554,1215,-661
118000047,318,2155,-1837
118000048,1417,3226,-1809
118000051,656,2949,-2293
118000052,151,1290,-1139
118000053,283,1112,-829
118000054,2906,871,2035
118000055,2041,1433,608
118000056,125,572,-447
118000057,140,417,-277
118000058,1747,4941,-3194
118000059,1153,3026,-1873
118000060,1475,545,930
118000061,1504,1630,-126
118000062,509,162,347
118000063,277,729,-452
118000064,785,1111,-326
118000065,2035,1840,195
118000066,1217,2746,-1529
118000067,466,635,-169
118000068,613,11367,-10754
118000069,900,1223,-323
118000070,5656,2280,3376
118000071,3558,12928,-9370
118000072,760,4925,-4165
118000073,430,2083,-1653
118000074,400,1184,-784
118000075,625,303,322
118000076,1843,8720,-6877
118000077,957,1061,-104
118000078,2181,2407,-226
118000079,103,445,-342
118000080,337,780,-443
118000081,1632,1463,169
118000082,233,832,-599
118000083,964,1145,-181
118000084,1245,2793,-1548
118000086,139,646,-507
118000087,3397,2130,1267
118000088,1392,1383,9
118000089,3337,3402,-65
118000090,1210,3720,-2510
118000091,922,6226,-5304
118000092,731,503,228
118000093,65,619,-554
118000096,687,364,323
118000097,594,449,145
118000098,186,151,35
118000099,825,212,613
118000101,1970,321,1649
118000102,636,313,323
118000107,1480,275,1205
118000108,557,8138,-7581
118000110,0,22,-22
118000111,1,111,-110
118000112,2843,12,2831
118000113,0,301,-301
118000114,2116,29,2087
118000115,2,34,-32
118000116,64,1,63
118000117,604,693,-89
118000118,1511,1124,387
118000119,1783,1337,446
118000120,1196,591,605
118000121,18,358,-340
118000122,305,223,82
118000123,72,284,-212
118000125,585,1234,-649
118000126,655,2758,-2103
118000127,1161,730,431
118000128,321,1324,-1003
118000129,1686,880,806
118000130,1771,2684,-913
118000131,260,642,-382
118000132,2779,2427,352
118000133,1990,857,1133
118000135,633,761,-128
118000136,131,693,-562
118000137,461,51,410
118000138,556,301,255
118000139,624,72,552
118000140,3489,9128,-5639
118000141,3494,1330,2164
118000142,3706,1395,2311
118000143,3639,1431,2208
118000144,469,253,216
118000145,1274,489,785
118000146,1580,225,1355
118000147,1258,490,768
118000148,1379,1572,-193
118000149,864,354,510
118000150,1150,201,949
118000151,911,198,713
118000153,2292,507,1785
118000154,2757,719,2038
118000155,3110,668,2442
118000156,1715,3746,-2031
118000157,769,199,570
118000158,243,605,-362
118000159,21,118,-97
118000160,944,219,725
118000161,676,369,307
118000162,1616,680,936
118000163,1142,781,361
118000164,2213,1189,1024
118000168,451,1354,-903
118000169,1133,633,500
118000170,2411,2222,189
118000171,515,522,-7
118000172,38,145,-107
118000173,679,1176,-497
118000175,306,178,128
118000176,422,205,217
118000177,442,414,28
118000178,30,8,22
118000179,588,621,-33
118000180,462,359,103
118000181,430,98,332
118000182,223,88,135
118000183,169,125,44
118000184,1608,338,1270
118000185,334,1768,-1434
118000186,353,1220,-867
118000187,2887,246,2641
118000188,1356,44,1312
118000189,1826,132,1694
118000190,6,1,5
118000191,48,5,43
118000192,9,88,-79
118000193,13,183,-170
118000194,1939,959,980
118000195,213,3356,-3143
118000196,55,699,-644
118000197,51,435,-384
118000198,233,1757,-1524
118000199,247,1163,-916
118000200,74,683,-609
118000201,131,1090,-959
118000202,20,640,-620
118000203,295,1933,-1638
118000204,21,700,-679
118000205,61,288,-227
118000206,207,275,-68
118000207,0,77,-77
118000208,2189,1234,955
118000209,2559,434,2125
118000210,378,20,358
118000211,300,19,281
118000213,474,4397,-3923
118000214,213,757,-544
118000215,577,92,485
118000216,10440,1802,8638
118000217,10,37,-27
118000218,72,38,34
118000219,321,255,66
118000220,75,63,12
118000221,1215,1029,186
118000222,163,0,163
118000223,133,48,85
118000224,99,57,42
118000225,265,748,-483
118000226,2312,151,2161
118000227,482,449,33
118000228,12,235,-223
118000229,30,770,-740
118000230,140,132,8
118000231,25,128,-103
118000232,1147,167,980
118000233,1717,321,1396
118000234,703,96,607
118000236,219,373,-154
118000237,119,156,-37
118000238,220,38,182
118000239,384,271,113
118000240,66,115,-49
118000241,367,70,297
118000242,798,122,676
118000243,308,80,228
118000244,88,23,65
118000246,0,20,-20
118000255,75,294,-219
118000256,237,190,47
118000259,9,69,-60
118000260,314,27,287
118000261,112,8,104
118000263,61,202,-141
118000266,168,94,74
118000267,0,149,-149
118000268,343,1,342
118000270,303,6,297
118000271,509,154,355
118000272,55,24,31
118000273,464,25,439
118000274,76,179,-103
118000276,381,54,327
118000295,18,126,-108
118000298,117,92,25
118000299,49,33,16
118000301,0,54,-54
118000302,105,10,95
118000311,2112,67,2045
118000312,567,47,520
118000313,91,37,54
118000314,215,5,210
118000315,103,3,100
118000316,980,181,799
118000325,84,1,83
118000326,71,39,32
118000331,87,1,86
118000332,8,11,-3
118000333,35,10,25
118000335,1350,2,1348
118000336,0,157,-157
118000407,480,16,464
118000457,3,77,-74
118000465,512,2209,-1697
118000480,67,46,21
118000489,6,795,-789
118000490,8,228,-220
118000492,1214,117,1097
118000510,37,10,27
118000514,72,247,-175
118000515,689,2149,-1460
118000517,272,189,83
118000524,290,455,-165
118000525,345,468,-123
118000530,13,172,-159
118000531,684,143,541
118000532,220,108,112
118000533,248,85,163
118000534,672,203,469
118000535,489,27,462
118000536,27,317,-290
118000537,10,30,-20
118000538,47,47,0
118000539,8,126,-118
118000540,169,120,49
118000541,118,77,41
118000542,143,242,-99
118000543,323,215,108
118000546,35,11,24
118000553,0,0,0
118000557,0,0,0
118000560,677,2797,-2120
118000562,164,35,129
118000563,1296,701,595
118000576,215,50,165
118000577,275,173,102
118000578,200,34,166
118000579,497,1990,-1493
118000583,0,0,0
118000595,251,75,176
118000596,0,251,-251
118000597,369,69,300
118000598,7,0,7
118000599,279,21,258
118000600,18,14,4
118000601,8,0,8
118000602,3,24,-21
118000603,0,22,-22
118000605,96,50,46
118900001,421,1144,-723
118900002,589,817,-228
118900003,1317,6,1311
118900004,93,27,66
118900005,89,6,83
118900006,136,0,136
118900007,1,2,-1
118900008,783,24,759
118900009,140,173,-33
118900010,80,10,70
118900011,205,12,193
118900012,194,167,27
118900013,1269,1041,228
118900015,485,23,462
118900016,2,2,0
118900017,39,269,-230
118900018,1122,28,1094
118900019,0,3,-3
118900020,7,112,-105
118900021,69,392,-323
118900022,149,15,134
118900023,8,99,-91
118900024,126,114,12
118900025,27,54,-27
118900026,27,9,18
118900027,296,169,127
118900028,173,108,65
118900029,286,282,4
118900030,1386,47,1339
118900031,92,19,73
118900032,238,125,113
118900033,336,646,-310
118900034,334,31,303
118900035,87,30,57
118900036,1511,181,1330
118900037,450,827,-377
118900038,704,30,674
118900039,1434,131,1303
118900040,288,80,208
118900041,1082,120,962
118900042,86,26,60
118900045,178,126,52
118900046,306,278,28
118900047,174,395,-221
118900048,82,466,-384
118900049,34,20,14
118900050,245,8,237
118900051,98,171,-73
118900052,224,378,-154
118900053,1,44,-43
118900054,202,43,159
118900055,222,9,213
118900056,72,213,-141
118900057,668,337,331
118900058,730,414,316
118900059,13,34,-21
118900060,266,111,155
118900062,260,79,181
118900064,115,713,-598
118900065,67,195,-128
118900066,168,30,138
118900067,2349,5399,-3050
118900068,9,752,-743
118900069,697,101,596
118900071,0,2,-2
118900072,736,1113,-377
118900073,394,36,358
118900074,124,41,83
118900075,406,18,388
118900076,233,36,197
118900077,461,83,378
118900078,2,0,2
118900079,21,49,-28
118900080,287,55,232
118900081,42,31,11
118900082,2792,254,2538
118900083,13,2,11
118900084,17,2,15
118900085,243,117,126
118900086,28,87,-59
118900087,134,1187,-1053
118900088,0,5,-5
118900089,9,4,5
118900090,182,69,113
118900091,160,205,-45
118900092,275,10,265
118900093,62,1,61
118900096,75,78,-3
118900097,332,119,213
118900099,18,60,-42
118900100,48,70,-22
118900101,267,117,150
118900102,34,92,-58
118900103,10,49,-39
118900104,401,84,317
118900105,119,37,82
118900107,21,14,7
118900108,47,111,-64
118900110,1071,1628,-557
118900111,940,381,559
118900112,327,175,152
118900113,81,159,-78
118900114,6,55,-49
118900115,70,165,-95
118900116,82,38,44
118900117,189,41,148
118900118,557,96,461
118900119,304,118,186
118900120,51,200,-149
118900121,22,129,-107
118900122,3,745,-742
118900123,130,162,-32
118900124,240,212,28
118900126,80,130,-50
118900129,316,89,227
118900130,3,68,-65
118900131,562,199,363
118900132,398,144,254
118900133,9,211,-202
118900135,315,117,198
118900136,405,149,256
118900137,7,87,-80
118900139,725,217,508
118900140,569,260,309
118900141,135,189,-54
118900144,239,122,117
118900145,29,168,-139
118900146,514,280,234
118900147,105,430,-325
118900148,67,40,27
118900150,58,507,-449
118900152,427,183,244
118900157,43,163,-120
118900158,432,38,394
118900159,0,62,-62
118900161,40,6,34
118900163,50,19,31
118900164,0,29,-29
118900165,79,74,5
118900166,0,0,0
118900167,84,26,58
118900168,20,50,-30
118900169,212,147,65
118900170,610,38,572
118900171,65,8,57
118900174,16,13,3
118900175,618,250,368
118900176,196,163,33
118900177,118,12,106
118900178,119,23,96
118900179,2,19,-17
118900181,162,29,133
118900182,4,16,-12
118900183,60,71,-11
118900184,193,28,165
118900185,128,35,93
118900186,53,62,-9
118900187,145,408,-263
118900188,271,140,131
118900189,59,518,-459
118900190,149,84,65
118900191,869,55,814
118900192,839,12,827
118900193,1924,2,1922
118900195,104,481,-377
118900196,14,54,-40
118900197,678,23,655
118900198,60,1,59
118900199,85,5,80
118900200,51,31,20
118900201,59,49,10
118900202,10,30,-20
118900203,59,8,51
118900204,8,4,4
118900205,2,6,-4
118900206,1,2,-1
119000001,1606,1352,254
119000002,3513,2485,1028
119000003,5862,793,5069
119000004,4058,2124,1934
119000005,2686,2699,-13
119000006,7112,2313,4799
119000007,4662,4561,101
119000008,2001,1611,390
119000009,2227,8501,-6274
119000010,4037,6399,-2362
119000011,1742,2600,-858
119000012,954,3930,-2976
119000013,3476,1809,1667
119000014,2113,2471,-358
119000019,365,110,255
119000020,3447,1722,1725
119000021,6412,3513,2899
119000022,806,4639,-3833
119000023,169,460,-291
119000024,1775,24677,-22902
119000025,3014,1329,1685
119000026,44,653,-609
119000027,87,502,-415
119000028,1683,684,999
119000029,46,128,-82
119000030,682,554,128
119000031,1605,563,1042
119000032,1156,1246,-90
119000033,2622,815,1807
119000034,2290,433,1857
119000035,49,125,-76
119000036,3664,275,3389
119000037,2360,478,1882
119000038,438,212,226
119000039,820,545,275
119000040,624,888,-264
119000041,1403,2305,-902
119000048,1898,798,1100
119000049,3622,1123,2499
119000050,1062,1645,-583
119000051,3256,1122,2134
119000052,2192,1827,365
119000053,2768,795,1973
119000054,3628,630,2998
119000055,7806,992,6814
119000056,4572,1034,3538
119000057,1898,383,1515
119000058,1244,640,604
119000059,740,479,261
119000060,2532,393,2139
119000061,819,255,564
119000062,904,442,462
119000063,788,638,150
119000064,633,552,81
119000065,910,1793,-883
119000066,1769,1167,602
119000067,1403,609,794
119000068,2406,391,2015
119000069,2141,782,1359
119000070,5314,286,5028
119000071,232,226,6
119000072,3042,1885,1157
119000073,5097,10265,-5168
119000074,1958,678,1280
119000075,6668,1879,4789
119000076,128,277,-149
119000077,1176,196,980
119000078,635,77,558
119000079,419,137,282
119000080,1355,90,1265
119000081,460,197,263
119000082,1055,137,918
119000083,813,465,348
119000084,542,115,427
119000085,577,53,524
119000086,318,769,-451
119000087,623,116,507
119000088,279,55,224
119000089,69,105,-36
119000090,110,36,74
119000091,66,195,-129
119000092,138,101,37
119000093,2692,1403,1289
119000094,5698,4200,1498
119000095,3033,2339,694
119000097,998,523,475
119000098,1162,7530,-6368
119000099,1412,502,910
119000100,5423,3049,2374
119000101,3933,1236,2697
119000102,332,1766,-1434
119000103,892,606,286
119000104,935,400,535
119000105,1039,3241,-2202
119000106,580,345,235
119000107,2391,616,1775
119000108,965,364,601
119000109,193,169,24
119000110,197,61,136
119000111,31,506,-475
119000112,130,32,98
119000113,594,77,517
119000114,853,1413,-560
119000115,54,104,-50
119000116,120,68,52
119000117,138,233,-95
119000118,32,0,32
119000123,1835,1810,25
119000124,1782,99,1683
119000125,6499,308,6191
119000126,3169,385,2784
119000127,1135,199,936
119000128,22,0,22
119000131,1273,147,1126
119000132,0,0,0
119000133,2,8,-6
119000134,702,1050,-348
119000135,253,97,156
119000136,473,70,403
119000137,593,86,507
119000138,1208,30,1178
119000139,171,37,134
119000140,228,266,-38
119000284,999,1502,-503
119000285,1340,672,668
119000286,2851,1979,872
119000287,1468,1221,247
119000288,2368,624,1744
119000289,1237,1706,-469
119000290,212,246,-34
119000291,80,436,-356
119000293,106,258,-152
119000294,35,45,-10
119000295,1765,215,1550
119000296,296,68,228
119000297,0,0,0
119000299,0,0,0
119000302,1177,1180,-3
119000303,10,122,-112
119000314,1624,13871,-12247
119000315,0,68,-68
119000316,378,34,344
119000317,177,65,112
119900001,55,1962,-1907
119900002,317,171,146
119900003,7,130,-123
119900004,118,3435,-3317
119900005,395,53,342
119900006,61,383,-322
119900007,393,220,173
119900008,15,168,-153
119900009,416,212,204
119900010,577,179,398
119900011,31,393,-362
119900012,4,158,-154
119900013,1052,855,197
119900014,480,37,443
119900015,573,46,527
119900016,82,17,65
119900017,47,60,-13
119900018,586,2194,-1608
119900019,96,0,96
119900020,100,85,15
119900021,150,29,121
119900022,48,1056,-1008
119900023,339,3145,-2806
119900025,692,22,670
119900026,439,53,386
119900027,4,5,-1
119900028,313,363,-50
119900029,3,1,2
119900030,588,290,298
119900031,74,988,-914
119900033,931,180,751
119900034,1217,21,1196
119900037,309,11,298
119900038,7,464,-457
119900039,161,90,71
119900040,136,26,110
119900041,376,5,371
119900042,87,328,-241
119900043,159,115,44
119900044,125,958,-833
119900046,382,10,372
119900047,607,350,257
119900048,441,20,421
119900049,209,0,209
119900050,68,88,-20
119900051,2192,5,2187
119900052,201,16,185
119900053,527,155,372
119900054,605,7,598
119900055,1437,149,1288
119900057,654,19,635
119900058,739,8,731
119900059,112,35,77
119900060,583,32,551
119900061,867,3,864
119900062,307,9,298
119900063,22,48,-26
119900065,309,1,308
119900067,145,59,86
119900068,1115,4,1111
119900069,197,22,175
119900070,1044,1,1043
119900071,1403,32,1371
119900073,1182,90,1092
119900074,35,15,20
119900075,983,1343,-360
119900076,1546,322,1224
119900077,1548,210,1338
119900078,1144,603,541
119900079,1048,45,1003
119900080,544,221,323
119900081,1737,32,1705
119900082,4158,247,3911
119900083,569,73,496
119900084,490,217,273
119900085,48,28,20
119900086,559,292,267
119900087,188,347,-159
119900088,56,11,45
119900089,25,104,-79
119900090,46,3,43
119900091,33,161,-128
119900092,6,150,-144
119900093,907,75,832
119900094,6,98,-92
119900095,225,24,201
119900096,45,38,7
119900097,52,182,-130
119900098,24,3,21
119900099,10,60,-50
119900100,369,2368,-1999
119900101,75,454,-379
119900102,31,50,-19
119900103,98,38,60
119900104,7,38,-31
119900105,413,697,-284
119900106,5,36,-31
119900107,205,661,-456
119900108,2021,349,1672
119900109,0,60,-60
119900110,653,230,423
119900111,159,54,105
119900112,411,1022,-611
119900113,37,209,-172
119900114,282,177,105
119900115,792,190,602
119900116,95,354,-259
119900117,323,122,201
119900118,123,145,-22
119900119,285,95,190
119900120,364,160,204
119900121,817,171,646
119900122,66,92,-26
119900123,62,102,-40
119900124,372,141,231
119900125,37,52,-15
119900126,926,190,736
119900127,459,164,295
119900128,624,414,210
119900129,377,73,304
119900130,3,43,-40
119900131,29,59,-30
119900132,28,34,-6
119900133,160,29,131
119900134,210,42,168
119900135,0,101,-101
119900136,61,124,-63
119900138,137,156,-19
119900139,10,280,-270
119900140,9,29,-20
119900141,36,779,-743
119900142,3,13,-10
119900143,9,113,-104
119900144,646,198,448
119900145,34,76,-42
119900146,216,97,119
119900147,0,150,-150
119900148,620,28,592
119900149,270,8251,-7981
119900150,85,56,29
119900151,1481,726,755
119900152,215,73,142
119900153,357,48,309
119900154,25,199,-174
119900155,53,14,39
119900156,3,2,1
119900157,158,59,99
119900158,258,64,194
119900159,0,147,-147
119900160,3,75,-72
119900161,136,46,90
119900162,1792,515,1277
119900163,73,65,8
119900164,0,0,0
119900165,216,16,200
119900166,76,9,67
119900167,16,29,-13
119900168,2111,125,1986
119900169,8,142,-134
119900170,243,169,74
119900171,590,213,377
119900172,13,3,10
119900173,1,45,-44
119900174,0,18,-18
119900175,3069,216,2853
119900177,5,42,-37
119900178,2,46,-44
119900179,314,1435,-1121
119900180,1977,525,1452
119900181,9,24,-15
119900182,0,49,-49
119900183,85,237,-152
119900184,305,267,38
119900185,28,326,-298
119900186,12,2099,-2087
119900187,0,101,-101
119900188,147,232,-85
119900189,76,171,-95
119900190,81,345,-264
119900191,91,182,-91
119900192,18,61,-43
119900193,946,64,882
119900194,33,30,3
119900195,2,72,-70
119900196,101,58,43
119900197,473,110,363
119900198,115,391,-276
119900199,140,16,124
119900200,953,478,475
119900201,79,42,37
119900202,24,344,-320
119900203,144,617,-473
119900204,445,150,295
119900205,1465,196,1269
119900206,512,145,367
119900208,155,67,88
119900209,622,2144,-1522
119900210,52,1,51
119900211,33,0,33
119900212,528,229,299
119900213,3,48,-45
119900214,116,9,107
119900215,58,4,54
119900216,19,23,-4
119900217,11,5,6
119900218,20,94,-74
119900219,11,34,-23
119900220,10,11,-1
119900221,55,48,7
119900222,11,23,-12
119900223,10,21,-11
119900224,2,5,-3
119900225,155,28,127
119900226,111,2256,-2145
119900227,156,66,90
119900228,4,508,-504
119900229,51,107,-56
119900230,666,143,523
119900231,473,35,438
119900232,160,65,95
119900233,32,0,32
119900234,0,83,-83
119900235,3,20,-17
119900236,12,62,-50
119900237,42,261,-219
119900238,0,27,-27
119900240,113,49,64
119900241,176,140,36
119900242,945,912,33
119900244,444,717,-273
119900245,164,113,51
119900246,189,347,-158
119900247,5,21,-16
119900248,41,660,-619
119900249,482,35,447
119900253,731,181,550
119900254,54,1645,-1591
119900255,97,286,-189
119900256,1412,238,1174
119900257,128,0,128
119900258,266,8,258
119900259,29,25,4
119900260,276,2,274
119900261,736,543,193
119900262,1,40,-39
119900263,1367,128,1239
119900264,177,5,172
119900265,687,153,534
119900266,892,46,846
119900267,103,137,-34
119900268,238,22,216
119900269,1051,270,781
119900271,20,56,-36
119900272,77,91,-14
119900275,199,11,188
119900276,185,4,181
119900277,22,0,22
119900278,289,45,244
119900279,78,306,-228
119900280,393,23,370
119900281,0,415,-415
119900282,19,113,-94
119900283,11,73,-62
119900284,27,149,-122
119900285,0,75,-75
119900286,0,0,0
119900288,0,2,-2
119900289,0,0,0
119900290,2,1,1
119900291,0,16,-16
119900292,50,111,-61
119900293,33,26,7
119900294,36,82,-46
119900295,72,12,60
119900296,80,18,62
119900297,0,12,-12
119900298,1,5,-4
119900299,150,63,87
119900300,390,267,123
119900301,30,85,-55
119900302,18,96,-78
119900303,525,303,222
119900304,385,11,374
119900305,0,38,-38
119900306,20,2,18
119900307,33,20,13
119900308,6,39,-33
119900309,29,324,-295
119900310,179,124,55
119900311,299,6,293
119900312,81,21,60
119900313,248,117,131
119900314,302,403,-101
119900315,2190,467,1723
119900318,18,124,-106
119900319,1,81,-80
119900320,342,68,274
119900321,302,4,298
120000001,6966,34216,-27250
120000002,2772,2204,568
120000003,1977,570,1407
120000004,2458,723,1735
120000005,2248,791,1457
120000006,1605,615,990
120000007,2367,4319,-1952
120000008,1394,520,874
120000009,1254,702,552
120000010,2511,2150,361
120000011,1214,668,546
120000012,1878,844,1034
120000013,4162,2055,2107
120000014,1017,987,30
120000015,2781,1056,1725
120000016,4538,1762,2776
120000017,4893,4904,-11
120000018,2643,20877,-18234
120000019,1231,997,234
120000020,1801,2432,-631
120000021,1524,1012,512
120000022,2509,2741,-232
120000023,1602,1044,558
120000024,979,1215,-236
120000025,3499,926,2573
120000026,4908,1161,3747
120000027,2587,1721,866
120000028,536,1085,-549
120000029,910,772,138
120000030,218,937,-719
120000031,1850,4627,-2777
120000032,3475,1584,1891
120000033,4515,614,3901
120000034,5690,666,5024
120000035,4411,899,3512
120000036,3520,4517,-997
120000037,538,2099,-1561
120000038,2764,1820,944
120000039,384,1247,-863
120000040,51,3664,-3613
120000041,591,1090,-499
120000042,3645,921,2724
120000043,7254,742,6512
120000044,9162,1313,7849
120000045,10707,501,10206
120000046,6506,5360,1146
120000047,388,12702,-12314
120000048,6144,2868,3276
120000049,5264,2161,3103
120000050,3650,3312,338
120000051,1929,4056,-2127
120000052,4497,853,3644
120000053,1468,1117,351
120000054,1249,1610,-361
120000055,1304,1770,-466
120000056,3370,2135,1235
120000057,3678,1026,2652
120000058,1415,863,552
120000059,15,2251,-2236
120000061,157,723,-566
120000062,117,138,-21
120000063,462,1698,-1236
120000064,431,526,-95
120000065,460,1168,-708
120000066,220,140,80
120000067,6,126,-120
120000068,495,176,319
120000069,1045,236,809
120000070,217,401,-184
120000071,1547,93,1454
120000072,1742,328,1414
120000073,1684,54,1630
120000074,63,71,-8
120000075,1694,253,1441
120000076,4251,485,3766
120000077,3806,417,3389
120000078,2336,699,1637
120000079,568,224,344
120000080,130,209,-79
120000081,461,69,392
120000082,598,158,440
120000083,122,794,-672
120000084,223,156,67
120000085,175,324,-149
120000086,245,98,147
120000087,271,120,151
120000088,642,425,217
120000089,900,199,701
120000090,703,258,445
120000091,1445,897,548
120000092,1027,173,854
120000093,1407,230,1177
120000094,448,387,61
120000095,846,91,755
120000096,466,199,267
120000098,1017,789,228
120000099,359,280,79
120000100,943,297,646
120000101,757,183,574
120000102,971,1090,-119
120000103,2016,728,1288
120000104,3521,214,3307
120000105,3780,117,3663
120000106,5685,137,5548
120000107,9871,308,9563
120000108,3553,79,3474
120000109,1772,52,1720
120000110,27,452,-425
120000111,131,522,-391
120000112,375,881,-506
120000113,288,863,-575
120000114,322,606,-284
120000115,315,495,-180
120000116,288,730,-442
120000117,328,467,-139
120000118,64,69,-5
120000119,3,37,-34
120000120,229,311,-82
120000121,10,21,-11
120000122,186,1322,-1136
120000123,1654,12008,-10354
120000124,427,360,67
120000125,1268,438,830
120000126,697,1280,-583
120000127,737,574,163
120000128,2256,2440,-184
120000129,227,113,114
120000130,921,299,622
120000131,592,433,159
120000134,255,177,78
120000135,1434,637,797
120000137,354,159,195
120000138,3252,116,3136
120000139,512,212,300
120000140,2771,145,2626
120000141,429,429,0
120000142,1008,734,274
120000143,0,23,-23
120000144,153,9,144
120000145,931,1,930
120000146,755,1084,-329
120000149,401,330,71
120000150,1450,12353,-10903
120000151,882,225,657
120000152,2023,62,1961
120000153,1129,274,855
120000154,813,760,53
120000155,477,496,-19
120000156,475,2972,-2497
120000157,2057,319,1738
120000158,1353,435,918
120000159,2516,947,1569
120000160,1794,1145,649
120000161,5755,2387,3368
120000162,96,215,-119
120000163,1210,348,862
120000164,1204,118,1086
120000165,2201,207,1994
120000166,3019,230,2789
120000167,74,97,-23
120000168,3,248,-245
120000169,5,541,-536
120000170,9,675,-666
120000171,4,187,-183
120000172,4,204,-200
120000173,115,356,-241
120000174,22,91,-69
120000175,29,27,2
120000176,6,24,-18
120000177,315,109,206
120000178,7,12,-5
120000179,14,41,-27
120000180,7,34,-27
120000181,18,331,-313
120000182,12,481,-469
120000183,0,80,-80
120000184,57,472,-415
120000186,15,396,-381
120000187,6,359,-353
120000188,8,124,-116
120000190,45,9,36
120000191,82,20,62
120000192,61,1,60
120000193,11,0,11
120000195,2,0,2
120000196,26,1,25
120000197,4,3,1
120000198,440,9,431
120000199,426,0,426
120000200,307,1,306
120000201,23,86,-63
120000202,0,38,-38
120000203,175,93,82
120000207,0,16,-16
120000208,18,20,-2
120000209,24,6,18
120000210,25,16,9
120000211,943,0,943
120000212,634,1,633
120000213,581,133,448
120000214,0,49,-49
120000215,2,34,-32
120000216,673,28,645
120000217,161,465,-304
120000218,26,370,-344
120000219,1,230,-229
120000220,2,621,-619
120000225,3751,4,3747
120000226,897,31,866
120000227,1273,167,1106
120000228,6644,5184,1460
120000230,590,28,562
120000231,2700,374,2326
120000233,1149,4,1145
120000235,678,217,461
120000236,3051,4,3047
120000237,1,408,-407
120000238,2,287,-285
120000241,1374,5965,-4591
120000412,574,6,568
120000413,1006,115,891
120000414,476,7,469
120000415,2,30,-28
120000416,280,11,269
120000417,24,541,-517
120000418,710,20,690
120000419,25,18,7
120000420,37,7,30
120000421,6796,3451,3345
120000422,56,4176,-4120
120000423,0,127,-127
120000424,639,45,594
120000436,93,1859,-1766
120000437,35,47,-12
120000438,1328,182,1146
120000439,307,869,-562
120000443,268,0,268
120000444,2721,473,2248
120000445,2754,994,1760
120000446,904,79,825
120000447,1228,0,1228
120000449,413,41,372
120000450,6,82,-76
120000451,306,74,232
120000452,229,0,229
120000453,0,19,-19
120000454,7,92,-85
120000455,125,25,100
120000456,965,5918,-4953
120000457,323,199,124
120000458,288,276,12
120000459,304,90,214
120000665,61,338,-277
120000668,24,803,-779
120000669,697,45,652
120000670,54,395,-341
120000671,4156,1217,2939
120000672,102,316,-214
120900001,65,29,36
120900002,131,349,-218
120900003,200,2,198
120900004,32,149,-117
120900005,170,212,-42
120900006,1149,94,1055
120900007,167,82,85
120900008,641,196,445
120900009,175,19,156
120900010,1052,87,965
120900011,9,105,-96
120900012,19,1318,-1299
120900013,465,78,387
120900014,0,150,-150
120900015,1518,41,1477
120900016,2687,37,2650
120900017,1104,91,1013
120900018,588,120,468
120900019,535,372,163
120900020,383,429,-46
120900021,540,96,444
120900022,4,68,-64
120900023,668,351,317
120900024,1155,314,841
120900025,935,383,552
120900026,100,54,46
120900027,311,9,302
120900028,853,216,637
120900029,8,1309,-1301
120900030,3054,228,2826
120900031,566,69,497
120900032,2698,166,2532
120900033,2062,102,1960
120900034,9,3925,-3916
120900035,70,24,46
120900037,737,11,726
120900038,78,636,-558
120900039,195,57,138
120900040,929,8,921
120900041,25,5,20
120900042,1268,13,1255
120900043,200,60,140
120900044,1,544,-543
120900045,173,20,153
120900046,1402,2,1400
120900047,208,305,-97
120900048,312,36,276
120900049,1424,9,1415
120900050,568,4326,-3758
120900051,770,33,737
120900052,2333,10,2323
120900053,817,37,780
120900054,579,123,456
120900055,1241,3,1238
120900056,994,38,956
120900057,584,17,567
120900058,1258,1,1257
120900059,225,15,210
120900060,192,6,186
120900061,203,86,117
120900062,657,2,655
120900063,1648,33,1615
120900064,1427,1,1426
120900065,1468,0,1468
120900066,1853,88,1765
120900067,325,138,187
120900068,1036,3,1033
120900069,928,17,911
120900071,56,1,55
120900072,1913,12,1901
120900073,1627,26,1601
120900074,1357,35,1322
120900076,1213,0,1213
120900077,1012,380,632
120900078,1309,177,1132
120900079,2151,140,2011
120900080,2353,328,2025
120900081,3856,473,3383
120900082,397,444,-47
120900083,143,2,141
120900084,622,529,93
120900085,30,57,-27
120900086,46,900,-854
120900087,671,166,505
120900088,161,901,-740
120900089,909,5466,-4557
120900090,430,5,425
120900091,179,775,-596
120900092,132,101,31
120900093,722,45,677
120900094,159,75,84
120900095,383,3,380
120900096,100,133,-33
120900097,399,208,191
120900098,20,63,-43
120900099,39,8,31
120900100,39,76,-37
120900101,22,77,-55
120900102,65,25,40
120900103,81,104,-23
120900104,4,5,-1
120900105,5,245,-240
120900106,260,93,167
120900107,89,41,48
120900108,6,169,-163
120900109,60,162,-102
120900110,8,126,-118
120900111,231,136,95
120900112,1,105,-104
120900113,24,159,-135
120900114,10,110,-100
120900115,123,149,-26
120900116,1601,95,1506
120900117,1,57,-56
120900118,17,118,-101
120900119,3830,1671,2159
120900120,76,262,-186
120900121,20,161,-141
120900122,1976,137,1839
120900123,0,67,-67
120900124,30,145,-115
120900125,3,192,-189
120900126,94,297,-203
120900127,4,82,-78
120900128,198,415,-217
120900129,4,95,-91
120900130,14,178,-164
120900131,35,59,-24
120900132,1559,56,1503
120900133,18,362,-344
120900134,54,152,-98
120900135,1,421,-420
120900136,33,49,-16
120900137,644,21,623
120900138,2,93,-91
120900139,0,176,-176
120900140,2,70,-68
120900141,286,103,183
120900142,1,95,-94
120900143,1,168,-167
120900144,0,51,-51
120900145,144,1141,-997
120900146,1,117,-116
120900147,8,2,6
120900148,191,79,112
120900149,0,99,-99
120900150,132,91,41
120900151,0,77,-77
120900152,0,1,-1
120900153,0,0,0
120900154,0,45,-45
120900155,412,177,235
120900156,591,126,465
120900157,0,8,-8
120900158,71,149,-78
120900159,2,29,-27
120900160,18,418,-400
120900161,7,173,-166
120900162,19,180,-161
120900163,18,209,-191
120900164,0,32,-32
120900165,1,62,-61
120900166,76,344,-268
120900167,126,9,117
120900169,182,146,36
120900170,191,5693,-5502
120900171,334,29,305
120900172,16,719,-703
120900173,0,12,-12
120900174,11,92,-81
120900175,151,92,59
120900176,5,362,-357
120900177,2,2109,-2107
120900178,0,770,-770
120900179,94,141,-47
120900180,46,82,-36
120900181,12,7,5
120900182,26,57,-31
120900183,227,41,186
120900184,119,53,66
120900185,156,863,-707
120900186,0,107,-107
120900187,986,366,620
120900188,694,8,686
120900189,18,4720,-4702
120900190,418,16,402
120900191,257,6,251
120900192,4125,19850,-15725
120900194,173,62,111
120900195,85,56,29
120900196,218,22,196
120900197,958,66,892
120900198,110,300,-190
120900199,304,405,-101
120900200,33,66,-33
120900201,146,43,103
120900202,0,67,-67
120900203,41,23,18
120900204,34,75,-41
120900205,121,21,100
120900206,53,62,-9
120900207,11,494,-483
121000001,736,1450,-714
121000002,2146,2015,131
121000003,5227,1978,3249
121000004,1760,3249,-1489
121000005,2477,2750,-273
121000006,2259,2615,-356
121000007,3130,4211,-1081
121000008,3387,4367,-980
121000009,4548,7846,-3298
121000010,5352,6152,-800
121000011,5110,4943,167
121000012,9556,3896,5660
121000013,4966,4325,641
121000014,4166,2856,1310
121000015,4368,6055,-1687
121000016,3235,3904,-669
121000017,2854,1734,1120
121000018,3159,1561,1598
121000019,6635,6277,358
121000020,7623,12252,-4629
121000021,1594,1883,-289
121000022,2599,2656,-57
121000023,2318,797,1521
121000024,4383,4812,-429
121000025,293,1480,-1187
121000026,187,178,9
121000027,1364,1207,157
121000028,825,559,266
121000029,920,545,375
121000030,679,349,330
121000031,363,500,-137
121000032,146,78,68
121000034,323,586,-263
121000035,175,192,-17
121000036,1054,981,73
121000037,634,854,-220
121000038,361,1152,-791
121000039,109,378,-269
121000041,365,341,24
121000042,222,335,-113
121000043,358,441,-83
121000044,995,1089,-94
121000045,424,195,229
121000046,949,621,328
121000047,23,123,-100
121000049,650,489,161
121000050,200,1588,-1388
121000051,678,213,465
121000052,439,851,-412
121000053,241,150,91
121000054,24,327,-303
121000055,686,2183,-1497
121000056,747,1448,-701
121000057,133,347,-214
121000058,174,46,128
121000059,3439,699,2740
121000060,565,1116,-551
121000061,5,366,-361
121000062,68,583,-515
121000063,757,1168,-411
121000064,596,815,-219
121000065,115,448,-333
121000066,535,596,-61
121000067,298,824,-526
121000068,318,539,-221
121000069,123,1375,-1252
121000070,994,901,93
121000071,1694,1516,178
121000072,384,734,-350
121000073,1063,1452,-389
121000074,32,302,-270
121000075,9,81,-72
121000076,361,227,134
121000077,131,125,6
121000078,82,149,-67
121000080,1182,502,680
121000081,2673,3389,-716
121000082,50,165,-115
121000083,30,102,-72
121000084,108,141,-33
121000085,158,519,-361
121000086,1233,697,536
121000087,75,151,-76
121000088,720,800,-80
121000089,132,492,-360
121000090,222,205,17
121000091,1250,795,455
121000092,192,43,149
121000093,318,97,221
121000094,294,885,-591
121000095,145,587,-442
121000096,6041,1400,4641
121000097,426,1661,-1235
121000098,625,399,226
121000099,983,335,648
121000100,1278,144,1134
121000101,337,95,242
121000102,513,126,387
121000103,246,311,-65
121000104,447,128,319
121000105,449,59,390
121000106,372,195,177
121000107,1493,2122,-629
121000109,968,799,169
121000110,183,687,-504
121000114,2558,1494,1064
121000115,2006,394,1612
121000116,357,585,-228
121000117,253,231,22
121000118,1391,115,1276
121000119,353,239,114
121000120,655,634,21
121000121,534,1254,-720
121000123,672,258,414
121000127,161,139,22
121000128,1746,99,1647
121000129,1508,166,1342
121000130,555,839,-284
121000131,1729,670,1059
121000132,343,707,-364
121000135,145,107,38
121000136,738,1431,-693
121000137,520,454,66
121000138,354,2526,-2172
121000139,135,730,-595
121000141,188,170,18
121000142,560,529,31
121000143,73,23,50
121000144,552,677,-125
121000145,698,581,117
121000146,1127,841,286
121000147,1510,511,999
121000148,767,418,349
121000149,3058,1734,1324
121000152,209,214,-5
121000153,1099,333,766
121000154,1448,348,1100
121000155,2185,726,1459
121000156,390,705,-315
121000157,450,869,-419
121000158,230,231,-1
121000159,260,293,-33
121000160,278,212,66
121000161,188,301,-113
121000162,210,64,146
121000165,784,2123,-1339
121000166,64,361,-297
121000168,606,139,467
121000169,111,72,39
121000170,367,49,318
121000171,53,91,-38
121000172,1178,1034,144
121000173,1116,1275,-159
121000174,818,536,282
121000175,1900,275,1625
121000176,456,225,231
121000177,886,565,321
121000178,76,71,5
121000179,23,53,-30
121000181,249,342,-93
121000182,198,561,-363
121000183,26,205,-179
121000184,11,171,-160
121000185,24,331,-307
121000186,236,723,-487
121000187,235,103,132
121000188,378,33,345
121000192,816,187,629
121000193,754,122,632
121000194,1503,1577,-74
121000195,227,1031,-804
121000196,475,414,61
121000197,77,757,-680
121000198,98,213,-115
121000199,301,293,8
121000200,758,183,575
121000201,1,137,-136
121000202,746,91,655
121000203,689,1191,-502
121000204,3177,431,2746
121000205,142,205,-63
121000206,104,102,2
121000207,2506,794,1712
121000208,13,292,-279
121000209,1212,79,1133
121000210,846,383,463
121000211,599,71,528
121000212,575,509,66
121000213,13292,3027,10265
121000214,990,2266,-1276
121000215,636,1403,-767
121000216,505,558,-53
121000217,4072,4339,-267
121000218,555,1582,-1027
121000219,1605,888,717
121000220,331,57,274
121000221,673,607,66
121000222,6716,2766,3950
121000223,223,554,-331
121000224,133,490,-357
121000225,491,9556,-9065
121000226,1058,2899,-1841
121000227,33,210,-177
121000228,28,647,-619
121000229,562,237,325
121000230,71,3122,-3051
121000231,2151,22,2129
121000232,305,301,4
121000233,852,429,423
121000234,18,72,-54
121000235,34,162,-128
121000236,0,33,-33
121000237,28,72,-44
121000238,5,68,-63
121000239,117,21,96
121000240,15,118,-103
121000241,73,5,68
121000242,11,213,-202
121000243,314,38,276
121000244,0,44,-44
121000245,23,9,14
121000246,0,64,-64
121000247,148,3,145
121000248,452,334,118
121000249,148,211,-63
121000250,591,831,-240
121000251,16,281,-265
121000252,209,132,77
121000253,513,754,-241
121000254,1487,402,1085
121000255,120,431,-311
121000256,397,418,-21
121000257,34,408,-374
121000258,28,233,-205
121000259,10,236,-226
121000260,8,218,-210
121000261,57,267,-210
121000262,1522,295,1227
121000263,502,677,-175
121000271,1101,1550,-449
121000273,43,10,33
121000274,17,271,-254
121000275,19,5,14
121000276,5,113,-108
121000278,110,78,32
121000279,54,32,22
121000280,8,119,-111
121000289,508,19,489
121000290,816,1111,-295
121000294,426,42,384
121000297,184,976,-792
121000299,143,4645,-4502
121000300,1350,559,791
121000302,6,509,-503
121000303,798,196,602
121000304,460,42,418
121000305,263,48,215
121000306,297,164,133
121000308,63,98,-35
121000309,127,159,-32
121000310,142,124,18
121000311,57,121,-64
121000312,502,269,233
121000313,122,135,-13
121000314,18,26,-8
121000315,28,87,-59
121000530,2491,1293,1198
121000531,2216,1157,1059
121000532,4057,4913,-856
121000533,3511,2550,961
121000918,11,102,-91
121000919,40,137,-97
121000938,115,159,-44
121000939,47,244,-197
121000956,2346,1999,347
121000957,15,54,-39
121000958,3,172,-169
121000959,1756,261,1495
121000960,1712,1396,316
121000961,524,60,464
121000962,229,223,6
121000973,1,547,-546
121000976,3,63,-60
121000979,279,93,186
121000981,694,100,594
121000982,623,469,154
121000983,993,88,905
121000984,5,29,-24
121000985,1376,621,755
121000986,1299,263,1036
121000987,262,515,-253
121000988,1718,69,1649
121001302,218,35,183
121001308,1,27,-26
121001309,11,578,-567
121001311,0,0,0
121001313,432,255,177
121001314,2184,1967,217
121001315,4724,3857,867
121001326,243,323,-80
121900001,124,385,-261
121900002,52,200,-148
121900003,330,7,323
121900004,45,704,-659
121900005,12,6,6
121900006,203,10,193
121900007,1542,1420,122
121900008,58,102,-44
121900009,887,16,871
121900010,317,0,317
121900011,219,62,157
121900012,12,1,11
121900013,63,43,20
121900014,2265,375,1890
121900015,88,57,31
121900016,9,49,-40
121900017,627,772,-145
121900018,500,1,499
121900019,516,143,373
121900020,40,7,33
121900021,1124,42,1082
121900022,225,129,96
121900023,181,305,-124
121900024,264,26,238
121900025,418,270,148
121900026,205,51,154
121900027,245,152,93
121900028,152,10,142
121900029,42,330,-288
121900030,366,355,11
121900031,1156,7077,-5921
121900032,94,51,43
121900033,77,203,-126
121900034,126,241,-115
121900035,4138,2555,1583
121900036,124,180,-56
121900037,150,679,-529
121900038,16,14,2
121900039,209,14,195
121900040,42,66,-24
121900041,25,177,-152
121900042,590,104,486
121900043,0,0,0
121900044,39,35,4
121900046,116,117,-1
121900047,92,67,25
121900048,86,34,52
121900050,28,52,-24
121900051,142,233,-91
121900052,185,12,173
121900053,472,322,150
121900054,427,1019,-592
121900055,18,12,6
121900058,297,155,142
121900059,257,125,132
121900060,94,286,-192
121900061,221,165,56
121900062,65,72,-7
121900063,1780,282,1498
121900064,454,432,22
121900066,48,45,3
121900067,100,78,22
121900069,67,110,-43
121900070,91,220,-129
121900071,782,273,509
121900072,42,54,-12
121900073,162,178,-16
121900074,283,424,-141
121900075,214,764,-550
121900076,495,936,-441
121900077,8,6,2
121900078,53,83,-30
121900079,0,0,0
121900080,721,134,587
121900082,98,59,39
121900084,8,7,1
121900085,1,5,-4
121900086,43,36,7
121900087,52,63,-11
121900088,1105,1485,-380
121900089,474,154,320
121900090,16,32,-16
121900091,90,23,67
121900092,254,34,220
121900093,55,39,16
121900094,7,15,-8
121900095,398,96,302
121900096,1130,364,766
121900097,589,75,514
121900098,5,1,4
121900099,422,43,379
121900100,39,161,-122
121900101,120,79,41
121900102,0,62,-62
121900103,382,189,193
121900104,1969,212,1757
121900105,189,107,82
121900106,1,8,-7
121900107,161,24,137
121900108,0,24,-24
121900109,192,76,116
121900110,701,216,485
121900111,337,257,80
121900112,150,107,43
121900113,18,462,-444
121900114,45,54,-9
121900117,109,64,45
121900118,1486,428,1058
121900119,98,129,-31
121900120,19,756,-737
121900121,306,2,304
121900122,78,59,19
121900123,288,281,7
121900124,156,110,46
121900125,2057,946,1111
121900127,14,58,-44
121900128,105,14,91
121900129,164,62,102
121900130,59,230,-171
121900131,263,51,212
121900132,142,103,39
121900133,26,518,-492
121900134,9,238,-229
121900135,3363,281,3082
121900136,146,326,-180
121900137,13,352,-339
121900138,87,195,-108
121900139,303,1600,-1297
121900140,44,39,5
121900141,77,22,55
121900142,59,20,39
121900143,8,72,-64
121900144,85,432,-347
121900145,172,250,-78
121900146,332,276,56
121900147,68,122,-54
121900148,59,178,-119
121900149,325,144,181
121900150,46,98,-52
121900151,12,197,-185
121900152,231,58,173
121900153,1,152,-151
121900154,1,258,-257
121900155,0,532,-532
121900156,100,62,38
121900157,4,79,-75
121900158,85,114,-29
121900159,0,54,-54
121900160,15,170,-155
121900161,90,139,-49
121900162,27,80,-53
121900163,703,173,530
121900164,149,110,39
121900165,117,137,-20
121900166,122,72,50
121900167,66,35,31
121900168,87,37,50
121900169,14,97,-83
121900170,2,80,-78
121900171,711,335,376
121900172,531,195,336
121900173,524,307,217
121900174,80,18,62
121900175,42,710,-668
121900176,790,1054,-264
121900177,177,47,130
121900178,53,28,25
121900179,166,210,-44
121900180,868,6736,-5868
121900182,396,441,-45
121900183,302,2364,-2062
121900184,4,651,-647
121900186,6,355,-349
121900187,10,41,-31
121900188,1091,85,1006
121900189,40,48,-8
121900190,158,241,-83
121900191,23,402,-379
121900192,223,1982,-1759
121900193,33,80,-47
121900194,3,145,-142
121900195,6,24,-18
121900196,871,963,-92
121900197,314,542,-228
121900198,2276,2879,-603
121900199,2,28,-26
121900200,25,190,-165
121900201,645,1051,-406
121900202,132,873,-741
121900203,38,899,-861
121900204,943,1798,-855
121900205,10,70,-60
121900206,16,41,-25
121900207,41,47,-6
121900208,60,380,-320
121900209,85,81,4
121900210,2685,1366,1319
121900211,619,290,329
121900212,15,119,-104
121900213,764,15,749
121900214,2,454,-452
121900215,74,135,-61
121900216,15,304,-289
121900217,64,216,-152
121900218,128,481,-353
121900220,64,12,52
121900221,286,290,-4
121900222,300,25,275
121900223,97,68,29
121900224,54,74,-20
121900225,114,428,-314
121900226,125,30,95
121900227,287,1387,-1100
121900228,102,97,5
121900230,36,252,-216
121900231,16,762,-746
121900232,112,318,-206
121900233,249,183,66
121900234,240,256,-16
121900235,980,70,910
121900236,327,101,226
121900237,144,455,-311
121900238,137,209,-72
121900239,89,40,49
121900240,113,88,25
121900241,24,58,-34
121900242,15,13,2
121900243,8,0,8
121900244,10,0,10
121900245,292,28,264
121900246,6692,198,6494
121900248,885,517,368
121900250,78,182,-104
121900251,445,29,416
121900252,233,90,143
121900253,60,657,-597
121900254,155,145,10
121900255,448,69,379
121900258,4228,1653,2575
121900259,110,307,-197
121900260,201,80,121
121900261,36,450,-414
121900262,285,931,-646
121900263,271,157,114
121900264,432,679,-247
121900265,459,50,409
121900266,980,105,875
121900267,124,15,109
121900269,232,701,-469
121900270,70,166,-96
121900271,29,98,-69
121900273,508,1891,-1383
121900274,768,204,564
121900277,227,841,-614
121900278,111,867,-756
121900279,236,141,95
121900280,92,343,-251
121900281,112,230,-118
121900284,12,0,12
121900286,136,168,-32
121900287,5,41,-36
121900288,4,1,3
121900290,82,792,-710
121900291,251,682,-431
121900292,196,83,113
121900293,703,4740,-4037
121900294,452,15,437
121900295,179,52,127
121900296,114,159,-45
121900298,120,1020,-900
121900299,0,35,-35
121900300,45,26,19
121900301,34,1,33
121900302,1,127,-126
121900303,77,432,-355
121900304,45,17,28
121900305,24,35,-11
121900306,720,0,720
121900307,343,15,328
121900308,22,113,-91
121900309,3,196,-193
121900310,49,93,-44
121900311,722,15,707
121900312,540,2,538
121900313,564,9,555
121900314,0,7,-7
121900315,86,1,85
121900316,0,8,-8
121900317,59,6,53
121900318,1,1,0
121900319,76,316,-240
121900320,76,12,64
121900321,62,17,45
121900322,2,8,-6
121900323,31,51,-20
121900324,4,30,-26
121900325,19,0,19
121900326,9,19,-10
121900327,24,22,2
121900328,0,9,-9
121900329,0,42,-42
121900330,0,155,-155
121900331,15,78,-63
121900332,73,47,26
121900333,107,0,107
121900334,56,33,23
122000001,1059,2221,-1162
122000002,2261,366,1895
122000003,524,1215,-691
122000004,836,650,186
122000005,4353,1813,2540
122000006,429,667,-238
122000007,351,751,-400
122000008,538,1498,-960
122000009,254,284,-30
122000010,1659,2013,-354
122000011,2476,948,1528
122000012,311,1189,-878
122000013,434,948,-514
122000014,5688,1075,4613
122000015,940,520,420
122000016,298,355,-57
122000017,736,791,-55
122000018,1680,1229,451
122000019,616,1705,-1089
122000020,172,341,-169
122000021,119,281,-162
122000022,580,936,-356
122000023,440,1375,-935
122000024,217,1262,-1045
122000025,333,1748,-1415
122000026,231,811,-580
122000027,451,467,-16
122000028,1107,439,668
122000029,246,573,-327
122000030,104,100,4
122000031,141,402,-261
122000032,1682,1440,242
122000033,273,1045,-772
122000034,226,673,-447
122000035,108,303,-195
122000036,337,293,44
122000037,373,181,192
122000038,163,185,-22
122000039,375,386,-11
122000040,121,249,-128
122000041,902,733,169
122000042,354,623,-269
122000043,115,104,11
122000044,50,102,-52
122000045,1019,624,395
122000046,542,579,-37
122000047,54,164,-110
122000048,1837,2976,-1139
122000049,4336,2571,1765
122000050,339,368,-29
122000051,193,538,-345
122000052,316,439,-123
122000053,197,1300,-1103
122000054,2001,1508,493
122000055,1472,2411,-939
122000056,2222,1563,659
122000057,1933,2167,-234
122000058,332,1067,-735
122000059,488,1729,-1241
122000060,234,483,-249
122000061,104,230,-126
122000062,407,217,190
122000063,204,960,-756
122000064,2215,3237,-1022
122000065,1714,2010,-296
122000066,533,1518,-985
122000067,902,1330,-428
122000068,2418,1073,1345
122000069,787,755,32
122000070,1294,1208,86
122000071,3513,863,2650
122000072,606,428,178
122000073,137,730,-593
122000074,2033,1315,718
122000075,804,717,87
122000076,3136,1094,2042
122000077,418,1488,-1070
122000078,350,1290,-940
122000079,128,1630,-1502
122000080,416,250,166
122000081,145,139,6
122000082,181,952,-771
122000083,4858,758,4100
122000084,4062,1273,2789
122000085,317,639,-322
122000086,2276,5919,-3643
122000087,166,203,-37
122000088,44,165,-121
122000089,4185,2550,1635
122000090,370,995,-625
122000091,92,489,-397
122000092,45,215,-170
122000093,1197,3662,-2465
122000094,4815,2090,2725
122000095,460,2999,-2539
122000096,402,2424,-2022
122000098,3285,3051,234
122000099,340,2110,-1770
122000100,441,369,72
122000101,187,513,-326
122000102,2740,929,1811
122000103,948,1684,-736
122000104,1547,134,1413
122000105,283,402,-119
122000106,434,1574,-1140
122000107,1064,223,841
122000108,526,501,25
122000109,236,188,48
122000110,543,349,194
122000111,1632,1031,601
122000112,1509,1519,-10
122000113,591,394,197
122000114,1028,3203,-2175
122000115,2894,1451,1443
122000116,222,573,-351
122000117,919,474,445
122000118,806,394,412
122000119,1478,989,489
122000120,534,1773,-1239
122000121,772,1950,-1178
122000122,310,779,-469
122000123,896,1504,-608
122000124,499,310,189
122000125,176,473,-297
122000126,141,323,-182
122000127,151,467,-316
122000128,198,265,-67
122000129,286,2530,-2244
122000130,1921,761,1160
122000131,978,504,474
122000132,171,216,-45
122000133,996,517,479
122000134,1040,624,416
122000135,449,157,292
122000136,534,496,38
122000137,2497,490,2007
122000139,712,3157,-2445
122000140,107,938,-831
122000141,2811,1478,1333
122000142,121,1195,-1074
122000143,207,344,-137
122000144,1920,567,1353
122000145,577,1289,-712
122000146,384,2198,-1814
122000147,368,773,-405
122000148,295,1388,-1093
122000149,1493,582,911
122000150,1600,727,873
122000151,76,240,-164
122000152,363,302,61
122000153,391,223,168
122000154,170,174,-4
122000155,798,1849,-1051
122000156,9074,4342,4732
122000157,389,9602,-9213
122000158,249,649,-400
122000159,1043,606,437
122000160,2133,1127,1006
122000161,1044,785,259
122000162,570,956,-386
122000163,372,94,278
122000164,49,149,-100
122000165,698,1346,-648
122000166,451,2188,-1737
122000167,223,449,-226
122000168,166,1272,-1106
122000169,262,129,133
122000170,240,182,58
122000171,13,63,-50
122000172,1703,1074,629
122000173,1501,1722,-221
122000174,834,3413,-2579
122000175,379,211,168
122000176,274,1385,-1111
122000177,580,1440,-860
122000178,3391,3096,295
122000179,3159,3719,-560
122000180,361,755,-394
122000181,420,1246,-826
122000182,610,940,-330
122000183,1485,861,624
122000184,2353,2963,-610
122000185,815,2204,-1389
122000186,480,1178,-698
122000187,1564,772,792
122000188,311,161,150
122000189,182,292,-110
122000190,509,1783,-1274
122000191,516,607,-91
122000192,963,440,523
122000193,334,688,-354
122000194,345,134,211
122000195,178,1254,-1076
122000196,1257,249,1008
122000197,575,499,76
122000198,287,1845,-1558
122000199,188,199,-11
122000200,641,575,66
122000201,665,2347,-1682
122000202,474,2464,-1990
122000203,1543,927,616
122000204,1026,896,130
122000205,495,453,42
122000206,4337,964,3373
122000207,2164,1784,380
122000208,1944,1420,524
122000209,1980,356,1624
122000210,1704,1659,45
122000211,810,1311,-501
122000212,651,462,189
122000213,868,1308,-440
122000214,1539,1471,68
122000215,2076,2104,-28
122000217,851,1540,-689
122000218,519,47,472
122000219,940,444,496
122000220,195,571,-376
122000221,111,259,-148
122000222,453,94,359
122000223,573,660,-87
122000225,727,374,353
122000226,1009,1377,-368
122000227,154,1186,-1032
122000228,137,273,-136
122000229,15,649,-634
122000230,25,298,-273
122000231,222,445,-223
122000232,366,293,73
122000233,0,42,-42
122000234,820,37,783
122000235,503,56,447
122000236,1707,58,1649
122000237,76,69,7
122000238,189,430,-241
122000239,483,411,72
122000240,1166,413,753
122000241,3239,445,2794
122000242,497,45,452
122000243,449,41,408
122000244,91,224,-133
122000245,176,39,137
122000246,658,268,390
122000247,598,722,-124
122000248,685,662,23
122000249,2061,1242,819
122000250,1880,1043,837
122000251,62,133,-71
122000252,259,22,237
122000253,78,90,-12
122000254,501,32,469
122000255,422,497,-75
122000256,251,389,-138
122000257,385,139,246
122000258,389,151,238
122000259,65,143,-78
122000260,2,109,-107
122000261,3,232,-229
122000262,0,14,-14
122000263,181,72,109
122000264,1976,285,1691
122000265,2382,1006,1376
122000266,3368,706,2662
122000267,53,73,-20
122000268,166,117,49
122000269,1008,193,815
122000270,569,205,364
122000271,118,2392,-2274
122000272,327,374,-47
122000273,537,137,400
122000274,211,152,59
122000275,17,152,-135
122000276,2004,579,1425
122000277,992,2965,-1973
122000278,1967,280,1687
122000279,243,240,3
122000280,450,494,-44
122000281,421,209,212
122000282,95,749,-654
122000283,399,253,146
122000284,52,179,-127
122000285,430,105,325
122000286,94,248,-154
122000287,1759,1840,-81
122000288,404,257,147
122000291,2812,569,2243
122000293,113,116,-3
122000294,142,411,-269
122000295,1287,188,1099
122000296,45,1387,-1342
122000297,1539,3725,-2186
122000299,601,209,392
122000300,247,402,-155
122000301,5947,4351,1596
122000302,362,4630,-4268
122000303,1480,878,602
122000304,10,199,-189
122000305,2181,323,1858
122000306,79,221,-142
122000307,89,112,-23
122000309,26,46,-20
122000310,24,57,-33
122000311,35,74,-39
122000312,146,169,-23
122000313,25,144,-119
122000314,212,549,-337
122000315,350,7,343
122000316,1833,295,1538
122000317,3350,201,3149
122000318,318,1953,-1635
122000319,131,163,-32
122000320,274,570,-296
122000321,65,101,-36
122000322,984,1451,-467
122000323,299,1217,-918
122000324,1431,1869,-438
122000325,743,1487,-744
122000326,207,29,178
122000327,186,532,-346
122000328,433,344,89
122000330,1733,1437,296
122000332,242,525,-283
122000333,28,46,-18
122000337,1388,594,794
122000338,515,83,432
122000340,202,3404,-3202
122000342,1126,643,483
122000343,489,251,238
122000344,114,5,109
122000345,13,18,-5
122000346,167,101,66
122000348,540,367,173
122000349,59,291,-232
122000351,462,130,332
122000352,127,138,-11
122000353,217,32,185
122000355,51,496,-445
122000356,216,1307,-1091
122000357,68,21,47
122000358,0,10,-10
122000359,0,12,-12
122000360,0,0,0
122000362,13,9,4
122000364,436,184,252
122000365,1,38,-37
122000366,8,3,5
122000368,542,599,-57
122000370,22,38,-16
122000371,10,0,10
122000372,24,0,24
122000381,239,240,-1
122000382,48,111,-63
122000384,920,965,-45
122000385,76,0,76
122000386,91,1748,-1657
122000387,365,1796,-1431
122000388,1312,846,466
122000389,138,838,-700
122000390,209,637,-428
122000391,29,1596,-1567
122000392,63,120,-57
122000393,35,394,-359
122000394,618,102,516
122000395,131,128,3
122000396,359,57,302
122000397,36,74,-38
122000398,5,178,-173
122000399,136,17,119
122000400,15,1422,-1407
122000401,146,48,98
122000402,943,88,855
122000403,272,307,-35
122000404,306,141,165
122000408,521,793,-272
122000503,12,79,-67
122000524,36,144,-108
122000544,99,2733,-2634
122000616,252,0,252
122000640,209,65,144
122000641,232,127,105
122000642,1513,370,1143
122000643,47,183,-136
122000644,100,49,51
122000645,39,134,-95
122000651,284,1484,-1200
122000664,327,50,277
122000665,1051,319,732
122000666,315,404,-89
122000673,47,136,-89
122000674,725,261,464
122000675,2988,476,2512
122000686,268,1616,-1348
122000687,2527,238,2289
122000688,283,417,-134
122000689,2134,211,1923
122000690,5051,228,4823
122000691,1149,570,579
122000692,1566,244,1322
122000693,303,450,-147
122000695,476,261,215
122000696,1123,123,1000
122000698,439,104,335
122000699,559,68,491
122000701,3072,186,2886
122000702,635,739,-104
122000703,263,45,218
122000712,0,0,0
122000717,73,117,-44
122000718,307,3090,-2783
122000719,21,61,-40
122000720,1262,72,1190
122000724,147,180,-33
122900001,29,20,9
122900002,637,8907,-8270
122900003,671,8,663
122900004,4022,201,3821
122900005,37,321,-284
122900006,385,2065,-1680
122900007,53,48,5
122900008,285,367,-82
122900009,325,232,93
122900010,180,90,90
122900012,225,288,-63
122900014,132,73,59
122900015,947,595,352
122900016,159,110,49
122900017,264,728,-464
122900018,218,3,215
122900019,1,106,-105
122900020,262,571,-309
122900021,30,449,-419
122900022,1395,1026,369
122900023,1033,97,936
122900024,149,91,58
122900025,22,405,-383
122900026,9,120,-111
122900027,53,762,-709
122900028,71,21,50
122900029,5607,1604,4003
122900030,1711,203,1508
122900031,60,369,-309
122900032,490,278,212
122900033,132,111,21
122900034,2904,3875,-971
122900035,9,2,7
122900036,83,39,44
122900037,500,268,232
122900038,39,2599,-2560
122900039,30,436,-406
122900040,223,976,-753
122900041,143,577,-434
122900042,152,125,27
122900043,463,218,245
122900044,77,341,-264
122900045,108,112,-4
122900046,26,320,-294
122900047,101,110,-9
122900048,34,268,-234
122900049,2855,60,2795
122900051,39,306,-267
122900052,107,67,40
122900053,24,18,6
122900055,263,31,232
122900057,286,14,272
122900061,588,22,566
122900062,513,880,-367
122900063,233,85,148
122900064,933,646,287
122900065,484,121,363
122900066,640,145,495
122900067,521,356,165
122900069,363,2176,-1813
122900070,466,45,421
122900071,47,204,-157
122900072,9,151,-142
122900073,15,36,-21
122900074,1948,134,1814
122900075,0,24,-24
122900076,0,70,-70
122900077,0,54,-54
122900078,431,10,421
122900080,15,24,-9
122900081,168,57,111
122900082,1734,67,1667
122900083,52,14,38
122900084,9,75,-66
122900086,4,24,-20
122900087,394,145,249
122900088,32,765,-733
122900089,22,488,-466
122900090,1,137,-136
122900091,705,0,705
122900092,0,63,-63
122900093,0,65,-65
122900094,1,51,-50
122900095,328,18,310
122900096,911,81,830
122900097,7,71,-64
122900098,7,148,-141
122900099,255,107,148
122900100,47,1295,-1248
122900101,423,273,150
122900102,128,100,28
122900103,727,15,712
122900104,652,6,646
122900105,47,35,12
122900106,0,30,-30
122900107,0,47,-47
122900108,0,61,-61
123000001,656,874,-218
123000002,1744,5576,-3832
123000003,4791,3713,1078
123000004,2346,2961,-615
123000005,3306,2129,1177
123000006,2315,1474,841
123000007,4508,2381,2127
123000008,2015,2689,-674
123000009,4805,2889,1916
123000010,2739,3049,-310
123000011,1425,1171,254
123000012,451,2932,-2481
123000013,5558,1102,4456
123000014,594,2597,-2003
123000015,2694,968,1726
123000016,2235,2246,-11
123000017,4921,1958,2963
123000018,169,70,99
123000019,1147,29,1118
123000020,698,32,666
123000021,443,596,-153
123000022,1285,2836,-1551
123000023,2178,2759,-581
123000024,2032,892,1140
123000025,613,86,527
123000026,16,90,-74
123000027,34,688,-654
123000028,455,3434,-2979
123000029,656,1923,-1267
123000030,363,199,164
123000031,628,127,501
123000032,1121,198,923
123000033,610,125,485
123000034,1279,831,448
123000035,318,568,-250
123000036,227,1253,-1026
123000037,256,110,146
123000038,24,260,-236
123000039,470,1308,-838
123000040,497,154,343
123000041,487,962,-475
123000042,334,795,-461
123000043,1221,13171,-11950
123000044,2199,1712,487
123000045,2248,1173,1075
123000046,184,1065,-881
123000047,287,439,-152
123000048,125,1591,-1466
123000049,4061,8053,-3992
123000050,2488,1413,1075
123000051,129,338,-209
123000052,856,2596,-1740
123000053,2000,1946,54
123000054,2912,1984,928
123000055,1928,4952,-3024
123000056,938,522,416
123000057,2768,4206,-1438
123000058,652,1465,-813
123000059,103,449,-346
123000060,1386,388,998
123000061,363,345,18
123000063,1399,1083,316
123000064,1770,127,1643
123000065,2403,2398,5
123000066,329,390,-61
123000067,1113,306,807
123000068,1260,1319,-59
123000069,1667,841,826
123000070,128,250,-122
123000071,2567,412,2155
123000072,978,301,677
123000073,2691,532,2159
123000074,1145,554,591
123000075,379,1839,-1460
123000076,920,233,687
123000077,1803,802,1001
123000078,3278,629,2649
123000079,3045,885,2160
123000080,2644,583,2061
123000081,179,186,-7
123000082,185,411,-226
123000083,954,171,783
123000084,727,283,444
123000085,810,75,735
123000086,1371,31,1340
123000087,474,137,337
123000088,997,426,571
123000089,1508,608,900
123000090,1613,559,1054
123000091,2048,1148,900
123000092,1013,1103,-90
123000094,945,75,870
123000095,1556,861,695
123000096,1570,242,1328
123000097,749,173,576
123000098,1384,164,1220
123000099,867,169,698
123000100,140,513,-373
123000101,267,140,127
123000102,360,1009,-649
123000104,424,397,27
123000105,301,91,210
123000106,764,286,478
123000107,302,136,166
123000108,388,613,-225
123000111,1553,270,1283
123000112,2019,173,1846
123000113,518,384,134
123000114,320,783,-463
123000115,562,451,111
123000116,70,62,8
123000117,3503,1386,2117
123000118,683,279,404
123000119,395,328,67
123000120,189,396,-207
123000121,726,462,264
123000122,355,169,186
123000123,724,373,351
123000124,396,200,196
123000125,1552,746,806
123000126,936,3751,-2815
123000127,433,329,104
123000128,306,93,213
123000129,1392,59,1333
123000130,1561,21,1540
123000131,1846,906,940
123000132,265,249,16
123000133,197,56,141
123000134,168,52,116
123000135,3717,914,2803
123000136,175,250,-75
123000137,269,88,181
123000138,176,151,25
123000139,1065,64,1001
123000140,47,323,-276
123000141,522,39,483
123000142,1047,695,352
123000143,831,1399,-568
123000144,3,30,-27
123000145,136,413,-277
123000146,40,200,-160
123000147,78,276,-198
123000149,346,156,190
123000150,107,183,-76
123000151,146,418,-272
123000152,15,316,-301
123000153,85,728,-643
123000154,961,2206,-1245
123000155,1249,1921,-672
123000156,41,27,14
123000157,998,866,132
123000158,396,1121,-725
123000159,2115,5190,-3075
123000160,1088,1529,-441
123000161,1219,1357,-138
123000162,2103,2179,-76
123000163,1005,138,867
123000164,3277,175,3102
123000165,125,595,-470
123000166,6,72,-66
123000167,125,74,51
123000168,423,96,327
123000169,1468,55,1413
123000170,267,30,237
123000171,2145,14,2131
123000172,53,187,-134
123000173,734,259,475
123000174,745,566,179
123000175,156,515,-359
123000176,1052,266,786
123000177,172,620,-448
123000178,1394,240,1154
123000179,11,401,-390
123000180,1743,237,1506
123000181,153,484,-331
123000182,355,91,264
123000183,181,594,-413
123000184,43,312,-269
123000185,1328,781,547
123000186,5,111,-106
123000187,783,33,750
123000188,521,4,517
123000189,154,97,57
123000190,68,74,-6
123000192,5,168,-163
123000193,21,214,-193
123000194,227,107,120
123000195,369,9,360
123000196,684,88,596
123000197,129,111,18
123000198,88,279,-191
123000199,60,238,-178
123000200,699,10,689
123000201,1318,15,1303
123000202,15,194,-179
123000203,1688,27,1661
123000204,20,377,-357
123000205,115,384,-269
123000206,3576,127,3449
123000207,69,285,-216
123000208,1165,35,1130
123000209,2018,352,1666
123000210,40,616,-576
123000211,252,807,-555
123000212,5321,271,5050
123000213,610,53,557
123000215,100,185,-85
123000216,187,1707,-1520
123000217,198,43,155
123000218,11,509,-498
123000219,559,129,430
123000220,728,191,537
123000221,273,56,217
123000222,394,122,272
123000223,911,99,812
123000224,679,216,463
123000225,520,24,496
123000226,266,146,120
123000227,85,136,-51
123000228,452,41,411
123000229,468,588,-120
123000232,62,231,-169
123000233,1023,70,953
123000234,108,529,-421
123000235,2018,190,1828
123000236,278,415,-137
123000237,907,127,780
123000238,29,288,-259
123000239,262,338,-76
123000240,73,856,-783
123000241,173,55,118
123000242,94,144,-50
123000243,956,760,196
123000244,685,426,259
123000245,5,137,-132
123000249,306,642,-336
123000252,871,326,545
123000253,2190,439,1751
123000254,640,334,306
123000255,1106,611,495
123000256,8,145,-137
123000257,1374,1009,365
123000258,601,339,262
123000259,412,435,-23
123000260,908,141,767
123000261,483,127,356
123000262,26,85,-59
123000263,643,43,600
123000264,194,45,149
123000265,20,95,-75
123000266,408,399,9
123000267,1005,220,785
123000268,50,30,20
123000269,42,30,12
123000270,45,49,-4
123000271,26,24,2
123000272,686,280,406
123000273,394,1001,-607
123000274,1492,719,773
123000275,133,554,-421
123000278,1204,4157,-2953
123000279,270,93,177
123000280,313,237,76
123000281,355,63,292
123000282,82,133,-51
123000283,293,44,249
123000284,68,68,0
123000286,133,332,-199
123000287,176,170,6
123000288,772,1228,-456
123000289,174,1847,-1673
123000291,101,521,-420
123000294,168,149,19
123000295,640,1215,-575
123000296,1175,630,545
123000297,1185,285,900
123000298,2159,287,1872
123000299,187,117,70
123000300,1592,883,709
123000301,261,508,-247
123000302,234,44,190
123000303,53,785,-732
123000305,446,534,-88
123000306,364,58,306
123000309,60,44,16
123000310,71,27,44
123000311,0,42,-42
123000312,439,195,244
123000313,620,1232,-612
123000315,359,134,225
123000316,916,570,346
123000317,304,229,75
123000318,14,207,-193
123000329,12,11,1
123000337,245,239,6
123000338,130,247,-117
123000339,602,81,521
123000340,91,181,-90
123000342,8,37,-29
123000343,143,21,122
123000344,363,78,285
123000345,272,120,152
123000346,803,76,727
123000352,868,438,430
123000353,70,45,25
123000354,827,10,817
123000355,0,391,-391
123000356,389,27,362
123000357,0,86,-86
123000359,1,59,-58
123000360,180,293,-113
123000361,324,139,185
123000362,525,48,477
123000363,187,43,144
123000364,462,504,-42
123000365,12,310,-298
123000366,267,3068,-2801
123000367,223,315,-92
123000370,34,119,-85
123000371,954,65,889
123000372,486,76,410
123000373,11,182,-171
123000374,22,79,-57
123000375,490,261,229
123000376,1247,811,436
123000377,890,10,880
123000378,6,126,-120
123000379,0,136,-136
123000380,5,197,-192
123000381,70,129,-59
123000382,652,135,517
123000383,61,603,-542
123000384,1162,181,981
123000385,124,300,-176
123000436,84,1717,-1633
123000507,55,102,-47
123000508,136,1389,-1253
123000517,195,8,187
123000518,2,43,-41
123000519,150,65,85
123000520,11,51,-40
123000521,667,23,644
123000522,92,66,26
123000541,32,3,29
123000542,0,3,-3
123000565,1232,66,1166
123000566,706,112,594
123000567,259,90,169
123000573,25,349,-324
123000574,1419,78,1341
123000575,3927,261,3666
123000576,1214,560,654
123000577,54,430,-376
123000578,651,54,597
123000579,850,7305,-6455
123000580,198,118,80
123000582,640,18,622
123000583,1,145,-144
123000584,218,99,119
123000585,0,21,-21
123000586,302,0,302
123000596,42,42,0
123000597,111,160,-49
123000602,226,18,208
123000603,2214,258,1956
123000604,1353,271,1082
123000605,1027,38,989
123000606,0,820,-820
123000609,17,301,-284
123000610,58,83,-25
123000613,120,30,90
123000614,488,36,452
123000615,62,59,3
123000616,1586,25,1561
123000617,85,82,3
123000618,10,270,-260
123000619,799,22,777
123000620,7,144,-137
123000622,1000,10,990
123000624,441,71,370
123000630,3137,856,2281
123000631,284,443,-159
123000632,602,387,215
123000633,0,268,-268
123000634,19,767,-748
123000635,36,240,-204
123000636,76,348,-272
123000637,383,21,362
123000638,1352,46,1306
123000639,984,9014,-8030
123000640,25,136,-111
123000648,1074,21,1053
123000649,12,246,-234
123900001,1254,45,1209
123900002,24,1290,-1266
123900003,70,256,-186
123900005,398,203,195
123900006,691,60,631
124000001,2690,216,2474
124000002,29,586,-557
124000003,1715,185,1530
124000004,109,177,-68
124000005,1247,2571,-1324
124000006,192,312,-120
124000007,1325,169,1156
124000008,2,698,-696
124000009,1264,568,696
124000010,546,520,26
124000011,1552,763,789
124000012,457,179,278
124000017,361,91,270
124000018,165,93,72
124000019,320,71,249
124000020,60,100,-40
124000021,121,64,57
124000022,50,149,-99
124000023,1589,1488,101
124000024,971,259,712
124000025,1189,1434,-245
124000026,932,705,227
124000027,2799,1965,834
124000028,1232,2553,-1321
124000030,1530,813,717
124000031,1415,15797,-14382
124000032,1381,808,573
124000033,1096,1798,-702
124000034,627,819,-192
124000035,521,111,410
124000036,234,587,-353
124000037,281,473,-192
124000038,1,91,-90
124000039,289,191,98
124000040,206,646,-440
124000041,1085,233,852
124000042,291,309,-18
124000043,247,26,221
124000044,108,129,-21
124000045,2595,208,2387
124000046,214,496,-282
124000047,4020,339,3681
124000048,1338,293,1045
124000049,2830,273,2557
124000050,1010,499,511
124000051,2192,224,1968
124000052,728,338,390
124000053,415,3294,-2879
124000054,555,237,318
124000055,878,7189,-6311
124000056,968,675,293
124000057,2242,218,2024
124000058,917,490,427
124000059,1542,1057,485
124000060,342,455,-113
124000061,1456,7735,-6279
124000062,2013,730,1283
124000063,1163,533,630
124000064,1153,778,375
124000065,37,1579,-1542
124000066,202,205,-3
124000067,108,85,23
124000068,147,272,-125
124000069,603,120,483
124000070,641,159,482
124000071,219,300,-81
124000072,528,1382,-854
124000073,1119,70,1049
124000074,255,426,-171
124000075,760,21,739
124000076,123,45,78
124000077,316,418,-102
124000078,1428,782,646
124000079,201,781,-580
124000080,1430,254,1176
124000081,281,647,-366
124000082,137,98,39
124000083,14,82,-68
124000084,31,1453,-1422
124000085,52,31,21
124000086,9,348,-339
124000087,53,245,-192
124000088,200,256,-56
124000089,756,113,643
124000090,280,92,188
124000091,815,70,745
124000092,432,304,128
124000093,264,67,197
124000094,165,378,-213
124000095,201,61,140
124000096,238,121,117
124000097,251,97,154
124000098,187,13,174
124000099,431,49,382
124000100,129,87,42
124000101,260,112,148
124000102,83,18,65
124000103,314,124,190
124000104,117,23,94
124000105,345,100,245
124000106,140,29,111
124000107,33,280,-247
124000108,27,7,20
124000109,157,78,79
124000110,132,16,116
124000111,251,124,127
124000112,1435,324,1111
124000113,173,142,31
124000114,731,208,523
124000115,373,486,-113
124000116,64,314,-250
124000117,49,47,2
124000118,36,58,-22
124000119,1171,479,692
124000120,783,227,556
124000121,1393,1241,152
124000122,406,1591,-1185
124000123,445,288,157
124000124,549,473,76
124000125,416,223,193
124000126,360,287,73
124000127,1128,267,861
124000128,773,206,567
124000129,1411,770,641
124000130,350,160,190
124000131,595,425,170
124000132,373,374,-1
124000133,1371,632,739
124000134,622,269,353
124000135,1196,1386,-190
124000136,427,493,-66
124000137,792,637,155
124000138,627,509,118
124000139,380,66,314
124000140,7,425,-418
124000141,1067,38,1029
124000142,38,250,-212
124000143,60,17,43
124000144,3,170,-167
124000145,99,122,-23
124000146,17,148,-131
124000148,3,97,-94
124000149,1383,194,1189
124000150,293,755,-462
124000151,1601,368,1233
124000152,803,795,8
124000153,1190,459,731
124000154,622,346,276
124000155,751,641,110
124000156,757,519,238
124000169,197,807,-610
124000170,453,329,124
124000171,390,430,-40
124000172,291,302,-11
124000173,1126,167,959
124000174,742,288,454
124000175,29,48,-19
124000176,92,20,72
124000177,3,41,-38
124000178,51,75,-24
124000190,32,63,-31
124000191,199,451,-252
124000192,1487,849,638
124000193,183,4040,-3857
124000194,215,135,80
124000195,505,366,139
124000196,607,556,51
124000197,125,7,118
124000198,93,44,49
124000201,58,328,-270
124000202,1090,92,998
124000203,1615,139,1476
124000204,3443,191,3252
124000205,275,333,-58
124000206,2262,311,1951
124000207,2,18,-16
124000209,139,175,-36
124000210,2016,254,1762
124000211,1662,0,1662
124000212,0,85,-85
124000213,1391,187,1204
124000214,1101,174,927
124000215,1270,8,1262
124000216,10,253,-243
124000329,20,634,-614
124000338,18,383,-365
124000339,5008,14,4994
124000341,3806,35,3771
124000344,158,33,125
124000357,1109,3405,-2296
124000358,530,2038,-1508
124000359,1491,764,727
124000360,1831,471,1360
124000361,3911,1401,2510
124000362,1336,3217,-1881
124000363,736,244,492
124000364,529,330,199
124000365,973,510,463
124000366,2725,398,2327
124000367,70,184,-114
124000368,322,2455,-2133
124000369,75,102,-27
124000370,34,836,-802
124000402,38,25,13
124000403,183,39,144
124000404,77,36,41
124000405,643,427,216
124000406,654,260,394
124000407,5,26,-21
124000411,4,308,-304
124000412,749,3,746
124000413,152,354,-202
124000414,225,39,186
124000415,37,36,1
124000416,130,100,30
124000417,461,52,409
124000418,505,22,483
124000419,162,16,146
124000420,312,9,303
124000421,99,53,46
124000422,19,30,-11
124000423,201,7,194
124000424,2,16,-14
124000425,137,46,91
124000426,4,56,-52
124000427,576,6,570
124000428,6,1013,-1007
124000429,177,23,154
124000430,1511,514,997
124000431,664,211,453
124000432,522,736,-214
124000439,43,2,41
124000443,2,6,-4
124000445,250,4771,-4521
124000446,1274,728,546
124000447,18,547,-529
124900001,1464,105,1359
124900002,203,80,123
124900003,1625,228,1397
124900004,1531,134,1397
124900005,158,77,81
124900006,1408,106,1302
124900008,458,309,149
124900009,23,482,-459
124900010,463,91,372
124900011,1272,202,1070
124900012,246,59,187
124900013,651,71,580
124900014,304,92,212
124900015,204,525,-321
124900016,176,217,-41
124900017,290,5944,-5654
124900018,321,21,300
124900020,218,20,198
124900021,610,72,538
124900022,105,2,103
124900024,919,20,899
124900026,52,58,-6
124900027,150,219,-69
124900028,217,66,151
124900029,20,658,-638
124900030,0,114,-114
124900031,8,159,-151
124900032,90,73,17
124900033,81,125,-44
124900034,3,54,-51
124900035,131,40,91
124900036,0,38,-38
124900037,153,46,107
124900038,107,90,17
124900039,2,83,-81
124900040,115,31,84
124900041,289,356,-67
124900042,15,0,15
124900043,511,317,194
124900044,62,0,62
124900045,174,783,-609
124900047,38,53,-15
124900048,215,45,170
124900050,191,38,153
124900052,146,119,27
124900053,254,133,121
124900054,1005,572,433
124900055,0,139,-139
124900057,6,292,-286
124900060,43,174,-131
124900061,225,1,224
124900062,198,8,190
124900066,0,5,-5
124900067,7,67,-60
124900068,130,1183,-1053
124900070,27,40,-13
124900072,302,20,282
124900075,810,96,714
124900076,39,2692,-2653
124900077,10,59,-49
124900078,122,5,117
124900079,135,162,-27
124900080,498,150,348
124900081,2263,117,2146
124900082,426,233,193
124900083,498,216,282
124900085,248,204,44
124900086,21,962,-941
124900087,201,20,181
124900088,113,44,69
124900089,515,3,512
124900090,814,115,699
124900091,321,86,235
124900092,312,66,246
124900093,714,91,623
124900094,896,86,810
124900095,159,663,-504
124900096,230,67,163
124900097,656,17,639
124900098,205,212,-7
124900099,117,463,-346
124900100,439,14,425
124900101,282,206,76
124900102,519,23,496
124900103,216,99,117
124900104,59,45,14
124900105,143,31,112
124900106,284,21,263
124900107,273,4,269
124900108,276,131,145
124900111,8,635,-627
124900112,352,139,213
124900113,40,120,-80
124900114,68,149,-81
124900115,24,91,-67
124900116,538,496,42
124900117,192,227,-35
124900118,56,1518,-1462
124900119,499,261,238
124900120,24,129,-105
124900121,66,549,-483
124900122,280,92,188
124900123,110,57,53
124900124,25,69,-44
204000001,348,8,340
204000002,14,12,2
204000003,16,8,8
204000004,9,2,7
204000005,377,314,63
204000006,1027,1323,-296
204000011,4,7,-3
204000012,72,32,40
204000019,1377,312,1065
204000020,1554,222,1332
204000021,986,945,41
204000022,1467,675,792
204000023,627,318,309
204000031,62,3,59
204000032,252,6,246
204000034,109,82,27
204000035,0,2,-2
204000036,0,80,-80
204000037,0,25,-25
204000038,1,4,-3
204000039,12,17,-5
204000040,9,21,-12
204000041,8,17,-9
204000042,47,11,36
204000043,69,1,68
204000044,96,25,71
204000045,38,13,25
204000046,39,8,31
204000057,27,13,14
204000062,18,21,-3
204000068,46,295,-249
204000069,152,593,-441
204000070,69,75,-6
204000080,58,64,-6
204000085,955,535,420
204000086,1884,827,1057
204000087,93,4,89
204000088,12,26,-14
204000090,274,125,149
204000093,1112,24,1088
204000096,1608,462,1146
204000097,896,28,868
204000099,1004,2249,-1245
204000100,1618,832,786
204000105,1425,556,869
204000110,568,721,-153
204000111,659,585,74
204000112,568,337,231
204000113,253,358,-105
204000114,1234,1133,101
204000115,1890,258,1632
204000116,751,289,462
204000119,3484,912,2572
204000132,641,621,20
204000133,874,94,780
204000134,348,44,304
204000135,998,14,984
204000136,675,225,450
204000138,246,969,-723
204000140,268,80,188
204000141,149,29,120
204000144,0,18,-18
204000145,941,21,920
204000146,9,115,-106
204000147,9,239,-230
204000148,157,52,105
204000154,8,10,-2
204000155,1,4,-3
204000177,32,48,-16
204000179,20,33,-13
204000180,0,41,-41
204000222,17,11,6
204000235,125,43,82
204000236,20,76,-56
204000238,21,8,13
204000240,394,22,372
204000263,546,579,-33
204000268,570,193,377
204000308,62,24,38
204000317,44,72,-28
204000322,36,97,-61
204000323,6,9,-3
204000328,314,45,269
204000329,144,20,124
204000330,292,11,281
204000331,226,75,151
205000001,642,1036,-394
205000013,49,145,-96
205000014,171,106,65
205000015,132,35,97
205000016,89,69,20
205000017,80,51,29
205000022,343,308,35
205000025,1483,318,1165
205000029,875,4,871
205000045,263,212,51
205000046,217,191,26
205000047,86,125,-39
205000048,471,140,331
205000049,203,267,-64
205000050,472,84,388
205000059,0,296,-296
205000060,0,460,-460
205000061,10,1063,-1053
205000062,0,818,-818
205000063,37,1082,-1045
205000064,40,333,-293
205000065,248,788,-540
205000066,323,244,79
205000067,184,258,-74
205000069,183,12,171
205000082,110,109,1
205000110,6,79,-73
205000111,106,87,19
205000112,103,61,42
205000113,92,96,-4
205000121,101,53,48
205000123,180,70,110
205000126,640,107,533
205000127,797,90,707
205000128,349,61,288
205000129,1096,86,1010
205000130,374,26,348
205000131,27,11,16
205000132,59,4,55
205000133,18,2,16
205000134,313,1,312
205000137,379,37,342
205000138,476,80,396
205000139,14,33,-19
205000144,86,49,37
205000145,168,57,111
205000151,107,53,54
205000152,166,22,144
205000153,214,31,183
205000154,96,65,31
205000155,56,12,44
205000207,2,38,-36
205000233,20,1,19
205000234,0,2,-2
205000243,0,0,0
205000244,0,0,0
205000245,1,59,-58
205000249,0,9,-9
205000250,19,2,17
205000264,27,77,-50
206000027,3,19,-16
206000028,29,8,21
206000043,2,60,-58
206000053,2,7,-5
206000054,0,14,-14
206000055,0,29,-29
206000075,14,15,-1
206000076,83,4,79
206000077,57,4,53
206000078,13,39,-26
206000079,29,20,9
206000082,263,44,219
206000100,20,405,-385
206000103,0,0,0
206000104,0,0,0
206000105,0,0,0
206000106,0,0,0
206000125,248,0,248
206000157,9,133,-124
206000170,0,72,-72
206000171,21,181,-160
206000172,23,83,-60
206000173,5,66,-61
206000174,11,25,-14
206000175,1,39,-38
206000176,22,44,-22
206000177,0,21,-21
206000178,2,323,-321
206000179,1,113,-112
206000180,6,43,-37
206000181,2,13,-11
206000182,8,29,-21
206000183,22,39,-17
206000184,9,32,-23
206000185,16,27,-11
206000186,49,181,-132
206000223,0,152,-152
206000226,50,4,46
206000227,64,8,56
206000237,37,74,-37
206000238,11,327,-316
206000239,195,1178,-983
206000240,0,3,-3
206000241,0,64,-64
206000242,22,89,-67
206000243,21,47,-26
206000244,24,64,-40
206000245,3146,38,3108
206000246,815,2,813
206000247,1245,2,1243
206000248,1375,23,1352
206000252,103,45,58
206000258,2,4,-2
206000315,77,10,67
206000317,562,259,303
206000318,889,114,775
206000319,3385,96,3289
206000320,964,49,915
206000321,1107,13,1094
206000322,1661,8,1653
206000323,616,3,613
206000324,542,8,534
206000325,320,38,282
206000326,312,28,284
206000327,102,43,59
206000328,697,10,687
206000329,1314,9,1305
206000330,345,8,337
206000331,637,2,635
206000332,119,2,117
206000333,2310,2,2308
206000334,1536,3,1533
206000335,0,23,-23
206000361,7,34,-27
206000392,1,9,-8
206000405,562,0,562
206000441,128,10,118
206000498,96,1,95
206000515,58,41,17
206000530,546,51,495
206000531,304,338,-34
206000532,1321,315,1006
206000535,100,2549,-2449
206000536,7,57,-50
206000537,2,106,-104
206000613,941,279,662
206000784,843,58,785
207000001,200,225,-25
207000002,102,177,-75
207000003,89,111,-22
207000007,2498,106,2392
207000008,466,4,462
207000009,159,13,146
207000010,284,142,142
207000012,598,83,515
207000015,238,404,-166
207000019,514,38,476
207000021,306,316,-10
207000022,347,160,187
207000023,422,69,353
207000024,1,39,-38
207000025,19,117,-98
207000026,131,33,98
207000027,8,48,-40
207000028,101,94,7
207000029,258,207,51
207000033,303,191,112
207000034,392,52,340
207000039,983,22,961
207000040,996,16,980
207000041,100,19,81
207000042,599,25,574
207000043,410,207,203
207000051,59,241,-182
207000052,28,109,-81
207000053,346,250,96
207000054,44,30,14
207000055,144,63,81
207000056,179,184,-5
207000057,172,90,82
207000058,89,150,-61
207000059,67,210,-143
207000060,53,324,-271
207000061,111,1870,-1759
207000062,1266,53,1213
207000063,1286,36,1250
207000064,645,60,585
207000065,460,121,339
207000066,898,204,694
207000067,123,50,73
207000068,309,23,286
207000069,1444,215,1229
207000082,27,109,-82
207000083,80,152,-72
207000084,510,108,402
207000085,306,47,259
207000086,728,10,718
207000106,128,22,106
207000107,190,17,173
207000108,260,4,256
207000109,187,0,187
207000110,84,7,77
207000111,148,38,110
207000112,29,702,-673
207000114,28,8,20
207000115,37,34,3
207000116,15,233,-218
207000117,9,59,-50
207000118,2,35,-33
207000119,18,35,-17
207000123,403,9,394
207000124,270,8,262
207000125,105,20,85
207000126,64,4,60
207000134,541,66,475
207000135,173,136,37
207000148,197,267,-70
207000149,34,14,20
207000152,215,336,-121
207000153,324,542,-218
207000154,423,69,354
207000159,63,88,-25
207000160,143,167,-24
207000238,0,62,-62
207000242,2,57,-55
207000248,16,17,-1
207000249,59,11,48
207000250,349,76,273
207000251,69,109,-40
207000252,28,27,1
207000278,238,78,160
207000279,18,71,-53
207000280,1468,19,1449
207000281,155,294,-139
207000282,20,637,-617
207000283,4,109,-105
207000284,42,2275,-2233
207000285,55,88,-33
207000291,11,52,-41
207000304,94,44,50
207000306,51,180,-129
207000310,315,132,183
207000353,110,0,110
207000356,19,42,-23
207000357,6,30,-24
207000358,0,19,-19
207000415,1,50,-49
207000417,46,10,36
207000418,67,31,36
207000438,0,1,-1
207000439,475,122,353
207000446,153,13,140
207000460,260,2,258
207000466,76,106,-30
207000467,863,26,837
207000468,68,149,-81
207000476,18,20,-2
207000477,417,12,405
207000478,0,30,-30
207000523,0,7,-7
207000524,51,1,50
207000527,660,129,531
207000530,612,5,607
207000531,358,6,352
207000532,66,42,24
207000534,185,5,180
207000535,6,140,-134
207000537,3,79,-76
207000540,2,49,-47
207000541,3,58,-55
207000548,4,101,-97
207000549,291,9,282
207000561,205,82,123
207000562,20,84,-64
207000567,67,152,-85
207000568,728,33,695
207000569,1505,114,1391
207000584,16,83,-67
207000585,12,58,-46
207000587,358,18,340
207000616,0,27,-27
207000617,284,11,273
207000624,78,30,48
207000631,9,18,-9
207900008,746,40,706
208000001,944,713,231
208000002,891,571,320
208000003,927,346,581
208000004,838,661,177
208000005,3,43,-40
208000019,1904,210,1694
208000020,513,168,345
208000021,338,200,138
208000022,648,197,451
208000028,832,1457,-625
208000033,373,127,246
208000034,405,723,-318
208000037,766,37,729
208000040,487,108,379
208000041,1108,604,504
208000042,2280,440,1840
208000047,88,95,-7
208000064,2276,1156,1120
208000066,1291,777,514
208000070,793,558,235
208000071,1191,216,975
208000072,1382,324,1058
208000080,399,516,-117
208000081,468,161,307
208000082,668,136,532
208000083,331,170,161
208000084,21,103,-82
208000085,919,392,527
208000086,879,580,299
208000087,812,400,412
208000089,1353,147,1206
208000090,1026,307,719
208000093,29,136,-107
208000094,571,285,286
208000095,898,467,431
208000104,2295,246,2049
208000105,1280,326,954
208000114,189,381,-192
208000115,708,429,279
208000116,2007,1832,175
208000117,38,145,-107
208000118,180,376,-196
208000155,1087,782,305
208000158,1992,1952,40
208000186,1042,1356,-314
208000204,1035,780,255
208000205,1855,605,1250
208000282,929,606,323
209000004,816,162,654
209000005,143,39,104
209000006,311,156,155
209000007,323,431,-108
209000010,117,213,-96
209000011,17,191,-174
209000012,81,80,1
209000013,326,65,261
209000014,535,213,322
209000025,779,68,711
209000026,1712,195,1517
209000027,405,142,263
209000028,268,128,140
209000029,457,546,-89
209000030,419,711,-292
209000031,2429,743,1686
209000034,232,369,-137
209000035,255,436,-181
209000036,543,132,411
209000037,694,199,495
209000038,309,143,166
209000039,161,152,9
209000040,361,282,79
209000041,261,281,-20
209000042,345,151,194
209000043,510,331,179
209000044,361,445,-84
209000045,714,191,523
209000046,783,215,568
209000047,748,272,476
209000048,755,509,246
209000049,136,42,94
209000050,241,64,177
209000051,396,84,312
209000052,196,122,74
209000062,143,42,101
209000063,124,30,94
209000064,20,24,-4
209000065,315,25,290
209000066,346,18,328
209000067,326,27,299
209000080,1,116,-115
209000082,249,37,212
209000091,19,72,-53
209000093,97,82,15
209000094,23,92,-69
209000110,43,88,-45
209000111,405,2910,-2505
209000112,1723,381,1342
209000113,3954,705,3249
209000114,1317,698,619
209000115,93,44,49
209000116,239,169,70
209000118,18,91,-73
209000119,13,145,-132
209000121,105,304,-199
209000135,109,90,19
209000142,844,4685,-3841
209000143,16,87,-71
209000144,95,281,-186
209000229,327,74,253
209000240,19,179,-160
209000259,75,31,44
209000260,47,186,-139
209000261,0,127,-127
209000262,29,161,-132
209000263,0,172,-172
209000264,2,179,-177
209000265,318,2,316
209000266,102,0,102
209000267,1592,1,1591
209000268,631,66,565
210000037,188,54,134
210000047,144,9,135
210000048,187,38,149
210000049,209,6,203
210000052,186,17,169
210000053,66,40,26
210000054,56,39,17
210000070,290,8,282
210000071,164,2,162
210000072,83,0,83
210000073,0,19,-19
210000074,1,40,-39
210000075,1,94,-93
210000076,2,102,-100
210000077,2,141,-139
210000078,9,179,-170
210000079,17,19,-2
210000080,70,284,-214
210000081,157,10,147
210000082,12,1,11
210000083,92,8,84
210000084,166,0,166
210000085,0,48,-48
210000086,0,40,-40
210000099,52,116,-64
210000100,47,94,-47
210000101,87,95,-8
210000105,9,286,-277
210000159,1,350,-349
210000163,17,101,-84
210000164,379,140,239
210000168,376,48,328
210000187,0,7,-7
210000188,0,17,-17
210000214,20,0,20
210000219,239,34,205
210000220,296,5,291
210000232,8,26,-18
210000233,8,14,-6
210000234,25,29,-4
210000235,99,14,85
210000245,1,18,-17
210000246,56,2,54
210000258,18,66,-48
210000259,350,45,305
210000282,32,63,-31
210000285,1,122,-121
210000286,21,109,-88
210000290,11,20,-9
210000295,80,199,-119
210000296,59,27,32
210000320,582,33,549
210000321,461,22,439
210000338,52,114,-62
210000339,60,761,-701
210000340,43,157,-114
210000341,217,123,94
210000342,255,102,153
210000343,185,155,30
210000344,86,265,-179
210000345,100,519,-419
210000346,81,324,-243
210000347,14,272,-258
210000348,180,240,-60
210000349,73,140,-67
210000350,252,87,165
210000351,316,26,290
210000352,36,25,11
210000353,51,26,25
210000354,75,18,57
210000355,52,243,-191
210000356,22,460,-438
210000357,30,376,-346
210000358,603,420,183
210000359,97,294,-197
210000360,362,373,-11
210000361,383,140,243
210000362,550,110,440
210000363,698,120,578
210000364,497,131,366
210000365,428,63,365
210000366,492,30,462
210000367,233,8,225
210000368,449,38,411
210000369,96,167,-71
210000370,180,151,29
210000372,80,73,7
210000373,19,127,-108
210000374,104,183,-79
210000375,23,19,4
210000376,22,301,-279
210000404,15,44,-29
210000439,196,8,188
210000472,46,6,40
210000482,172,91,81
210000564,260,155,105
210000567,4,87,-83
210000568,494,4,490
211000092,88,17,71
211000094,25,6,19
211000169,379,9,370
211000172,47,109,-62
211000209,0,34,-34
211000226,16,4,12
211000270,124,9,115
211000275,23,18,5
211000276,276,35,241
211000279,51,76,-25
211000281,284,20,264
211000302,58,3,55
211507980,1,49,-48
211977296,13,2,11
212000003,320,139,181
212000004,2,94,-92
212000005,7,175,-168
212000006,30,205,-175
212000008,255,219,36
212000009,102,99,3
212000012,184,41,143
212000013,43,41,2
212000014,342,48,294
212000015,391,89,302
212000016,583,280,303
212000027,718,128,590
212000028,555,113,442
212000029,301,110,191
212000030,28,7,21
212000031,65,34,31
212000048,32,549,-517
212000049,8,303,-295
212000050,18,35,-17
212000051,363,82,281
212000052,347,109,238
212000053,289,121,168
212000054,893,40,853
212000055,687,84,603
212000056,14,31,-17
212000057,13,21,-8
212000058,195,37,158
212000070,243,55,188
212000077,223,109,114
212000099,620,102,518
212000108,367,418,-51
212000111,756,56,700
212000120,124,253,-129
212000138,345,57,288
212000156,2,43,-41
212000158,6,38,-32
212000159,762,27,735
212000160,880,25,855
212000161,220,8,212
212000310,73,5,68
212000311,27,58,-31
212000374,27,7,20
213000001,13,211,-198
213000005,1034,74,960
213000006,929,86,843
213000007,48,29,19
213000009,300,120,180
213000010,515,107,408
213000011,245,29,216
213000012,241,94,147
213000014,78,38,40
213000015,299,10,289
213000016,421,19,402
213000017,109,27,82
213000018,2,13,-11
213000019,5,28,-23
213000020,91,70,21
213000021,3,17,-14
213000023,634,131,503
213000033,336,969,-633
213000034,617,98,519
213000035,264,481,-217
213000045,182,196,-14
213000046,36,60,-24
213000047,155,691,-536
213000056,359,11,348
213000069,192,51,141
213000073,2,23,-21
213000074,53,236,-183
213000075,1079,1,1078
213000076,34,0,34
213000085,4,16,-12
213000086,6,42,-36
213000091,750,30,720
213000092,30,7,23
213000099,223,883,-660
213000100,879,169,710
213000101,1166,45,1121
213000102,918,85,833
213000103,562,241,321
213000104,21,127,-106
213000105,177,2114,-1937
213000106,52,206,-154
213000107,122,248,-126
213000108,66,230,-164
213000109,3,119,-116
213000110,9,90,-81
213000111,3,43,-40
213000112,29,83,-54
213000115,113,2,111
213000116,24,288,-264
213000117,0,263,-263
213000118,1690,399,1291
213000119,27,308,-281
213000120,44,168,-124
213000122,87,207,-120
213000123,81,333,-252
213000124,257,448,-191
213000125,263,33,230
213000126,25,63,-38
213000127,5,166,-161
213000128,38,339,-301
213000129,130,2181,-2051
213000130,1576,845,731
213000132,1968,217,1751
213000133,2029,66,1963
213000134,2913,28,2885
213000136,940,10,930
213000137,783,28,755
213000139,487,14,473
213000147,30,15,15
213000148,11,44,-33
213000149,8,17,-9
213000150,2,974,-972
213000151,2,263,-261
213000152,0,291,-291
213000153,8,280,-272
213000154,118,175,-57
213000155,68,103,-35
213000156,154,144,10
213000157,1343,130,1213
213000158,536,303,233
213000159,888,213,675
213000163,3062,343,2719
213000165,678,203,475
213000171,0,15,-15
213000172,1,35,-34
213000173,0,33,-33
213000174,0,29,-29
213000175,15,10,5
213000176,210,34,176
213000177,139,4,135
213000178,455,2,453
213000179,644,0,644
213000180,731,0,731
213000184,50,144,-94
213000188,1039,41,998
213000189,1665,15,1650
213000190,906,269,637
213000191,1058,110,948
213000192,706,100,606
213000193,394,198,196
213000194,14,235,-221
213000195,33,174,-141
213000196,505,1715,-1210
213000197,699,1080,-381
213000198,11,0,11
213000200,212,364,-152
213000201,22,55,-33
213000202,1,279,-278
213000203,1585,273,1312
213000204,1711,33,1678
213000205,873,26,847
213000206,1215,7,1208
213000207,41,2,39
213000208,22,1,21
213000209,84,1,83
213000210,190,2,188
213000211,4,21,-17
213000212,7,27,-20
213000213,46,32,14
213000218,462,417,45
213000219,1653,57,1596
213000220,2113,12,2101
213000223,425,78,347
213000224,43,29,14
213000225,97,16,81
213000226,69,2,67
213000227,2168,73,2095
213000228,1434,42,1392
213000229,324,30,294
213000230,873,12,861
213000232,203,21,182
213000233,26,92,-66
213000234,1,48,-47
213000293,27,107,-80
213000294,173,57,116
213000295,22,51,-29
213000296,96,23,73
213000297,18,46,-28
213000298,23,45,-22
213000299,48,25,23
213000300,0,2,-2
213000303,0,24,-24
213000304,2,8,-6
213000305,2,14,-12
213000306,44,262,-218
213000307,151,106,45
213000308,29,89,-60
213000309,290,49,241
213000310,392,107,285
213000311,67,423,-356
213000315,114,128,-14
213000316,582,49,533
213000322,154,22,132
213000323,218,27,191
213000324,109,10,99
213000325,225,22,203
213000326,97,8,89
213000327,35,25,10
213000328,73,64,9
213000329,180,10,170
213000340,112,234,-122
213000341,1845,65,1780
213000346,105,284,-179
213000347,220,823,-603
213000348,4,89,-85
213000349,1,14,-13
213000350,145,646,-501
213000366,98,116,-18
213000367,568,4,564
213000379,24,64,-40
213000386,35,38,-3
213000406,210,91,119
213000417,2253,689,1564
213000425,570,71,499
213000426,277,19,258
213000427,154,35,119
213000428,61,40,21
213000429,5,9,-4
213000430,75,142,-67
213000431,12,0,12
213000432,1,68,-67
213000433,29,35,-6
213000434,357,86,271
213000435,197,37,160
213000436,221,23,198
213000437,1,4,-3
213000438,188,18,170
213000439,65,22,43
213000440,6,101,-95
213000441,1,1,0
213000442,0,14,-14
213000443,765,290,475
213000444,45,3,42
213000445,0,62,-62
213000446,0,48,-48
213000447,2,90,-88
213000448,8,108,-100
213000449,1711,7,1704
213000450,43,13,30
213000451,511,3,508
213000452,35,0,35
213000453,12,125,-113
213000455,115,12,103
213000456,0,71,-71
213000481,8,0,8
213000482,67,6,61
213000489,180,82,98
213000491,17,372,-355
213000492,98,0,98
213000493,5,477,-472
213000494,329,46,283
213000495,0,15,-15
213000496,748,82,666
213000497,58,134,-76
213000498,101,73,28
213000499,174,71,103
213000500,1034,10,1024
213000501,282,25,257
213000502,120,38,82
213000503,0,87,-87
213000504,30,42,-12
213000505,53,2,51
213000506,0,2,-2
213000507,1,52,-51
213900244,303,0,303
213900245,0,11,-11
218000003,41,17,24
218000004,102,24,78
218000005,12,40,-28
218000006,39,51,-12
218000007,30,22,8
218000012,108,428,-320
218000013,225,204,21
218000014,533,150,383
218000019,418,233,185
218000020,286,212,74
218000021,16,18,-2
218000022,24,6,18
218000023,4,2,2
218000024,2,2,0
218000025,5,1,4
218000026,5,6,-1
218000027,0,0,0
218000028,0,2,-2
218000029,9,1,8
218000030,13,4,9
218000031,0,4,-4
218000032,1,2,-1
218000040,1,11,-10
218000046,141,107,34
218000047,22,72,-50
218000048,149,45,104
218000049,86,78,8
218000050,306,100,206
218000051,79,107,-28
218000052,0,33,-33
218000053,2,28,-26
218000054,2,45,-43
218000055,4,54,-50
218000056,49,82,-33
218000057,2,55,-53
218000064,3,6,-3
218000065,132,17,115
218000066,6,50,-44
218000067,203,31,172
218000068,292,22,270
218000069,581,20,561
218000070,370,192,178
218000071,317,197,120
218000072,176,158,18
218000078,1418,269,1149
218000079,470,29,441
218000080,298,22,276
218000081,851,81,770
218000082,265,29,236
218000083,136,32,104
218000084,208,66,142
218000085,212,80,132
218000086,77,42,35
218000087,189,44,145
218000090,12,245,-233
218000091,1468,577,891
218000092,295,41,254
218000093,210,40,170
218000094,542,217,325
218000099,219,212,7
218000100,360,126,234
218000101,370,138,232
218000102,623,137,486
218000103,195,34,161
218000104,124,25,99
218000105,28,5,23
218000106,17,2,15
218000107,266,31,235
218000108,38,37,1
218000112,64,6,58
218000117,104,106,-2
218000134,367,297,70
218000135,13,81,-68
218000136,182,115,67
218000137,100,102,-2
218000138,52,43,9
218000139,187,161,26
218000140,618,418,200
218000141,87,65,22
218000142,249,165,84
218000143,39,235,-196
218000144,11,235,-224
218000145,629,227,402
218000146,154,62,92
218000151,2,20,-18
218000152,37,39,-2
218000153,0,3,-3
218000154,3,5,-2
218000155,12,1,11
218000156,28,0,28
218000157,18,1,17
218000158,15,5,10
218000159,1,4,-3
218000160,6,3,3
218000161,19,0,19
218000162,28,2,26
218000163,17,3,14
218000164,32,4,28
218000165,62,19,43
218000170,0,20,-20
218000171,49,7,42
218000172,1,3,-2
218000173,7,4,3
218000174,9,19,-10
218000176,213,13,200
218000177,290,66,224
218000178,72,93,-21
218000179,188,21,167
218000180,97,17,80
218000181,217,39,178
218000187,34,33,1
218000188,24,29,-5
218000189,4,93,-89
218000190,29,26,3
218000191,149,14,135
218000192,300,92,208
218000193,294,116,178
218000194,151,143,8
218000195,224,24,200
218000196,471,136,335
218000197,849,112,737
218000198,207,36,171
218000199,54,6,48
218000200,44,83,-39
218000201,5,2,3
218000202,36,849,-813
218000207,9,4,5
218000208,25,69,-44
218000211,24,7,17
218000212,0,0,0
218000213,229,99,130
218000214,0,22,-22
218000215,92,31,61
218000217,0,36,-36
218000218,403,32,371
218000219,3,55,-52
218000220,48,531,-483
218000221,837,337,500
218000222,3,104,-101
218000223,35,420,-385
218000224,3,125,-122
218000225,204,10,194
218000226,223,28,195
218000230,0,31,-31
218000232,71,25,46
218000239,204,5,199
218000240,0,1,-1
218000241,12,1,11
218000242,3,1,2
218000243,2,4,-2
218000244,26,3,23
218000245,9,7,2
218000246,0,5,-5
218000247,0,1,-1
218000248,0,23,-23
218000249,0,0,0
218000250,0,5,-5
218000251,3,16,-13
218000252,1,110,-109
218000253,1,68,-67
218000254,0,22,-22
218000255,0,25,-25
218000256,11,24,-13
218000267,528,934,-406
218000268,4,59,-55
218000269,2,17,-15
218000270,169,24,145
218000271,28,13,15
218000273,137,1,136
218000274,49,5,44
218000275,105,90,15
218000276,39,12,27
218000278,23,16,7
218000279,113,15,98
218000280,1,14,-13
218000281,18,13,5
218000282,587,1182,-595
218000284,64,0,64
218000301,43,52,-9
218000302,33,35,-2
218000303,7,45,-38
218000316,2084,670,1414
218000317,3732,463,3269
218000318,1833,315,1518
218000319,1689,383,1306
218000320,1697,560,1137
218000338,23,25,-2
218000345,105,76,29
218000346,30,171,-141
218000459,37,108,-71
218000490,25,50,-25
218000501,157,52,105
218000502,100,31,69
218000503,102,22,80
218000504,169,24,145
218000505,29,45,-16
218000506,23,47,-24
218000508,1,3,-2
218000510,100,8,92
218000520,152,130,22
218000521,17,40,-23
218000522,1,252,-251
218000523,273,1,272
218000524,2,138,-136
218000525,61,19,42
218000526,9,151,-142
218000529,148,85,63
218000530,6,0,6
218000531,42,31,11
218000532,65,7,58
218000534,521,24,497
218000537,19,105,-86
218000538,99,206,-107
218000540,31,37,-6
218000543,213,41,172
218000544,30,21,9
218000545,288,25,263
218000546,48,15,33
218000547,279,82,197
218000548,84,39,45
218000549,1079,112,967
218000550,189,83,106
218000551,112,318,-206
218000552,382,120,262
218000553,33,195,-162
218000554,9,44,-35
218000555,32,132,-100
218000556,221,111,110
218000557,1165,113,1052
218000558,67,0,67
218000559,1,81,-80
218000560,0,16,-16
218000561,23,0,23
218000562,23,100,-77
218000563,144,8,136
218000564,2,145,-143
218000565,82,26,56
218000566,36,7,29
218000567,3,80,-77
218000568,8,1,7
218000569,3,184,-181
218000570,12,2,10
218000571,0,109,-109
218000572,104,0,104
218000573,3,84,-81
218000574,83,14,69
218000575,96,0,96
218000576,0,66,-66
218000577,169,18,151
218000578,1,85,-84
218000579,23,44,-21
218000581,4,138,-134
218000582,32,7,25
218000583,21,4,17
218000584,0,71,-71
218000585,30,23,7
218000586,9,21,-12
218000587,1,2,-1
218000588,0,23,-23
218000589,1,30,-29
218000590,1,0,1
218000591,3,114,-111
218000592,8,8,0
218000593,6,2,4
218000594,0,0,0
218000597,0,2,-2
218000598,4,1,3
218000599,1,1,0
218000600,0,0,0
218000601,0,9,-9
218000602,0,0,0
218000603,0,3,-3
218000604,10,0,10
218000605,0,60,-60
218000606,107,0,107
218000607,4,69,-65
218000608,88,18,70
218000609,0,99,-99
218000610,39,4,35
218000611,20,1,19
218000612,1,36,-35
218000613,24,7,17
218000614,0,37,-37
218000615,162,1,161
218000616,17,168,-151
218000617,1,0,1
218000618,3,49,-46
218000619,26,26,0
218000620,4,108,-104
218000621,0,0,0
218000622,1,80,-79
218000623,11,2,9
218000624,0,134,-134
218000625,2,10,-8
218000626,0,15,-15
218000628,354,128,226
218000631,112,31,81
218000632,0,114,-114
218000633,95,2,93
218000634,11,11,0
218000635,25,7,18
218000636,838,268,570
218000637,1730,125,1605
218000638,473,2,471
218000639,28,35,-7
218000640,720,13,707
218000641,228,37,191
218000652,52,26,26
218000653,187,19,168
218000663,15,51,-36
218000675,23,62,-39
218000676,20,5,15
218000677,9,0,9
218000680,373,172,201
218000681,1022,98,924
218000691,385,94,291
218000693,987,80,907
218000703,0,5,-5
218000718,11,72,-61
218000719,82,115,-33
218000720,3,117,-114
218000721,24,2,22
218000725,9,3,6
218001147,0,57,-57
218001214,78,35,43
218001258,853,2,851
218001329,400,71,329
218001330,77,65,12
218001351,20,17,3
218001352,54,18,36
218001353,0,8,-8
218001354,5,32,-27
218001355,4,51,-47
218001356,796,142,654
218001357,5,27,-22
218001358,885,3,882
218001361,986,0,986
218001362,0,48,-48
219000001,18,35,-17
219000002,41,48,-7
219000003,64,32,32
219000004,62,94,-32
219000017,122,127,-5
219000020,272,11,261
219000022,216,0,216
219000023,105,0,105
219000029,0,95,-95
219000034,53,41,12
219000039,37,117,-80
219000040,6,62,-56
219000041,114,54,60
219000051,0,73,-73
219000052,0,47,-47
219000053,1,58,-57
219000054,31,47,-16
219000055,429,0,429
219000056,1,1,0
219000057,71,0,71
219000062,44,79,-35
219000063,384,16,368
219000064,0,112,-112
219000110,233,208,25
219000111,65,37,28
219000112,342,52,290
219000113,300,29,271
219000114,306,37,269
219000116,109,14,95
219000117,124,13,111
219000118,102,43,59
219000123,229,141,88
219000124,67,52,15
219000125,44,1,43
219000126,61,78,-17
219000127,0,5,-5
219000128,24,148,-124
219000129,21,96,-75
219000130,151,387,-236
219000131,1182,590,592
219000133,27,80,-53
219000134,14,58,-44
219000135,31,34,-3
219000136,43,237,-194
219000138,113,12,101
219000139,97,22,75
219000140,224,0,224
219000141,91,32,59
219000142,31,28,3
219000143,5,14,-9
219000145,10,14,-4
219000146,0,0,0
219000147,10,15,-5
219000148,1,25,-24
219000149,2,54,-52
219000150,2,9,-7
219000151,0,4,-4
219000157,443,73,370
219000158,328,103,225
219000161,283,8,275
219000163,1595,357,1238
219000166,169,115,54
219000167,142,169,-27
219000168,427,114,313
219000174,640,92,548
219000175,221,2,219
219000176,336,8,328
219000177,122,0,122
219000178,177,0,177
219000179,103,1,102
219000180,213,9,204
219000182,145,4,141
219000183,96,6,90
219000184,122,5,117
219000185,8,0,8
219000186,74,23,51
219000187,14,37,-23
219000189,55,126,-71
219000190,71,107,-36
219000191,155,702,-547
219000192,277,152,125
219000193,239,125,114
219000195,2,112,-110
219000196,3,71,-68
219000198,16,59,-43
219000199,41,81,-40
219000200,48,54,-6
219000201,38,69,-31
219000203,8,28,-20
219000204,63,345,-282
219000205,14,111,-97
219000207,68,165,-97
219000209,63,59,4
219000210,33,164,-131
219000213,23,170,-147
219000239,196,221,-25
219000240,78,383,-305
219000241,97,154,-57
219000242,40,162,-122
219000243,104,198,-94
219000244,44,110,-66
219000245,8,53,-45
219000246,31,15,16
219000247,327,28,299
219000248,616,366,250
219000249,186,90,96
219000250,437,46,391
219000251,669,144,525
219000252,390,66,324
219000253,235,26,209
219000255,277,99,178
219000256,486,34,452
219000257,113,2,111
219000262,32,57,-25
219000263,72,62,10
219000267,2,27,-25
219000268,1,1,0
219000269,2,2,0
219000270,16,1,15
219000271,512,1,511
219000278,0,1,-1
219000279,0,0,0
219000283,0,12,-12
219000295,16,80,-64
219000296,74,144,-70
219000297,43,27,16
219000298,50,20,30
219000299,286,28,258
219000300,53,42,11
219000301,26,164,-138
219000302,18,77,-59
219000307,53,2,51
219000308,62,36,26
219000311,200,41,159
219000312,471,168,303
219000313,572,52,520
219000314,89,87,2
219000315,556,5,551
219000316,821,56,765
219000317,261,16,245
219000320,1,137,-136
219000321,0,27,-27
219000323,3,31,-28
219000325,0,0,0
219000326,22,13,9
219000327,16,3,13
219000328,79,6,73
219000329,329,99,230
219000330,20,16,4
219000331,26,9,17
219000332,187,94,93
219000333,52,0,52
219000335,84,0,84
219000337,14,0,14
219000338,55,0,55
219000344,14,39,-25
219000345,234,48,186
219000346,41,14,27
219000348,193,71,122
219000349,40,97,-57
219000350,58,310,-252
219000351,2,6,-4
219000352,102,64,38
219000353,323,29,294
219000354,751,40,711
219000355,163,40,123
219000356,423,743,-320
219000363,157,91,66
219000364,193,40,153
219000365,93,30,63
219000366,173,920,-747
219000368,484,327,157
219000370,840,356,484
219000371,8,13,-5
219000382,15,7,8
219000383,214,670,-456
219000385,125,574,-449
219000386,360,1290,-930
219000387,0,7,-7
219000390,5,0,5
219000391,1,0,1
219000397,68,5,63
219000398,24,48,-24
219000401,10,120,-110
219000402,10,55,-45
219000403,43,137,-94
219000404,25,99,-74
219000407,33,42,-9
219000409,48,40,8
219000410,82,12,70
219000411,81,6,75
219000446,115,317,-202
219000447,0,21,-21
219000448,7,4,3
219000452,187,75,112
219000453,16,130,-114
219000454,449,335,114
219000556,924,49,875
219000558,64,108,-44
219000590,29,217,-188
219000591,325,58,267
219000592,36,138,-102
219000595,11,3,8
219000635,223,43,180
219000636,72,43,29
219000657,16,10,6
219000658,14,116,-102
219000673,0,8,-8
219000676,36,0,36
219000679,39,3,36
219000684,232,1,231
219000685,0,83,-83
219000686,0,2,-2
219000688,0,41,-41
219000689,6,113,-107
219000690,142,11,131
219000691,21,83,-62
219000692,194,4,190
219000693,0,2,-2
219000694,39,0,39
219000695,91,1,90
219000698,5,0,5
219000699,0,119,-119
219000727,3,87,-84
219000728,126,1,125
219000770,44,0,44
219000771,0,88,-88
219000788,203,304,-101
219001150,0,78,-78
219001151,0,4,-4
219001166,41,73,-32
219001167,0,43,-43
219001178,99,0,99
220000001,35,331,-296
220000002,3,234,-231
220000003,223,116,107
220000004,309,247,62
220000005,416,904,-488
220000006,164,357,-193
220000007,391,97,294
220000008,272,262,10
220000009,236,307,-71
220000010,63,43,20
220000011,271,4256,-3985
220000012,13,469,-456
220000014,256,120,136
220000015,51,447,-396
220000017,46,255,-209
220000018,8509,2637,5872
220000019,218,827,-609
220000020,656,144,512
220000021,1354,317,1037
220000022,1741,230,1511
220000023,402,101,301
220000024,968,389,579
220000025,589,1368,-779
220000026,530,756,-226
220000027,24,277,-253
220000028,46,100,-54
220000029,31,74,-43
220000030,39,59,-20
220000031,1036,508,528
220000064,70,822,-752
221000046,4,0,4
221000047,0,0,0
221000048,0,1,-1
221000049,0,12,-12
221000050,5,0,5
221000055,37,57,-20
221000057,259,2,257
221000068,177,58,119
221000069,281,13,268
221000070,218,9,209
221000071,102,2,100
221000072,460,8,452
221000073,287,17,270
221000074,0,23,-23
221000075,8,31,-23
221000076,15,16,-1
221000077,15,29,-14
221000081,4,5,-1
221000082,113,12,101
221000083,23,11,12
221000084,3,2,1
221000085,7,37,-30
221000086,2,50,-48
221000087,2,74,-72
221000088,9,112,-103
221000089,16,99,-83
221000090,24,183,-159
221000098,145,16,129
221000099,382,18,364
221000100,262,5,257
221000101,307,5,302
221000102,172,21,151
221000109,2,34,-32
221000110,4,22,-18
221000111,2,48,-46
221000112,3,48,-45
221000113,8,61,-53
221000114,5,70,-65
221000120,7,104,-97
221000121,1,25,-24
221000122,69,45,24
221000123,11,14,-3
221000124,51,80,-29
221000155,86,19,67
221000156,136,64,72
221000175,7,33,-26
221000176,0,16,-16
221000182,225,5,220
221000241,375,187,188
221000242,46,144,-98
221000243,521,110,411
221000244,76,264,-188
221000245,284,64,220
221000246,6,172,-166
221000247,208,105,103
221000248,70,93,-23
221000267,11,394,-383
221000325,23,103,-80
221000331,4,27,-23
221000338,29,46,-17
221000378,402,55,347
221000381,42,101,-59
222000282,10,0,10
222000296,0,30,-30
222000568,374,9,365
222000569,191,39,152
222000570,99,26,73
222000571,529,24,505
222000577,13,60,-47
222000578,4,68,-64
222000579,6,35,-29
222000580,18,696,-678
222000599,0,60,-60
222000600,0,78,-78
222000601,0,468,-468
222000603,5,61,-56
222000604,1,180,-179
222000605,4,85,-81
222000606,1,77,-76
222000607,2,24,-22
222000608,7,13,-6
222000609,58,30,28
222000616,1007,43,964
222000617,30,23,7
222000618,0,12,-12
222000620,27,51,-24
222000621,86,22,64
222000623,731,3,728
222000624,780,4,776
222000625,1670,8,1662
222000636,45,2,43
222000686,11,58,-47
222000687,90,28,62
222001066,668,2,666
222001067,93,7,86
222001068,318,5,313
222001069,208,15,193
222001082,92,1,91
222001083,184,5,179
222001084,3,70,-67
222001085,5,474,-469
222001111,239,25,214
222001112,279,5,274
222001313,3,8,-5
222001314,0,73,-73
222001464,852,21,831
222001465,37,150,-113
222001484,554,53,501
222001485,38,24,14
222001494,1424,123,1301
222001495,134,89,45
222001496,839,94,745
222001497,90,155,-65
222001502,11,19,-8
222001503,399,7,392
222001504,16,74,-58
222001505,997,11,986
222001506,2,83,-81
222001507,528,13,515
222001510,1357,23,1334
222001511,10,116,-106
222001514,1177,19,1158
222001515,28,124,-96
222001518,1021,4,1017
222001519,39,112,-73
222001527,246,7,239
222001528,25,63,-38
222001529,580,15,565
222001530,35,40,-5
222001533,76,59,17
222001534,1130,13,1117
222001535,725,211,514
222001536,22,131,-109
222001537,628,13,615
222001538,2,103,-101
222001563,1624,40,1584
222001564,36,222,-186
222001568,176,119,57
222001576,0,5,-5
222001579,0,40,-40
222001583,31,40,-9
222001584,259,17,242
222001596,240,408,-168
222001597,1834,142,1692
222001626,0,20,-20
222001650,3,75,-72
222001651,12,228,-216
222001914,422,17,405
222001915,8,67,-59
222001968,876,141,735
222001969,228,158,70
222001970,71,391,-320
222001971,151,9,142
222001972,5,1,4
225000001,748,87,661
225000002,1442,92,1350
225000003,1820,71,1749
225000004,1148,147,1001
225000005,38,36,2
225000006,1,140,-139
225000007,846,1224,-378
225000010,388,22,366
225000011,276,2254,-1978
225000012,291,960,-669
225000013,227,85,142
225000014,879,93,786
225000015,117,218,-101
225000021,960,79,881
225000027,316,297,19
225000032,859,71,788
225000042,154,294,-140
225000049,41,110,-69
225000050,247,20,227
225000053,2,83,-81
225000058,767,176,591
225000067,321,113,208
225000068,150,164,-14
225000069,63,258,-195
225000070,158,251,-93
225000071,48,61,-13
225000075,62,1146,-1084
225000076,105,59,46
225000078,62,23,39
225000085,188,28,160
225000086,894,23,871
225000087,91,3,88
225000088,9,141,-132
225000089,61,145,-84
225000090,28,149,-121
225000091,36,42,-6
225000092,39,106,-67
225000093,489,155,334
225000094,5,92,-87
225000095,265,125,140
225000096,46,126,-80
225000098,1212,148,1064
225000099,859,38,821
225000100,1168,72,1096
225000104,120,338,-218
225000110,25,264,-239
225000111,561,305,256
225000112,609,713,-104
225000113,265,1160,-895
225000114,126,612,-486
225000115,1453,761,692
225000116,316,101,215
225000117,562,427,135
225000118,1400,364,1036
225000119,633,56,577
225000120,1135,68,1067
225000121,159,19,140
225000123,986,12,974
225000125,752,257,495
225000126,924,213,711
225000127,544,4601,-4057
225000128,469,1745,-1276
225000132,662,8,654
225000133,328,9,319
225000134,869,100,769
225000135,131,22,109
225000136,634,11,623
225000137,607,122,485
225000138,715,210,505
225000143,63,232,-169
225000144,8,236,-228
225000145,28,8,20
225000146,78,35,43
225000147,34,46,-12
225000148,0,29,-29
225000149,74,86,-12
225000151,60,67,-7
225000155,120,95,25
225000156,273,1043,-770
225000157,617,327,290
225000158,30,178,-148
225000171,0,163,-163
225000180,19,3,16
225000181,0,141,-141
225000182,70,1,69
225000185,9,434,-425
225000187,72,254,-182
225000191,77,0,77
225000194,0,10,-10
225000208,0,33,-33
225000209,131,13,118
225000210,0,96,-96
225000217,0,22,-22
225000218,44,3,41
225000223,0,738,-738
225000224,13,0,13
225000225,1,521,-520
225000226,43,3,40
225000227,132,281,-149
225000228,11,3,8
225000229,0,79,-79
225000230,6,0,6
225000231,0,17,-17
225000232,258,1,257
225000241,84,0,84
225000242,1,62,-61
225000249,3,0,3
225000250,29,170,-141
225000251,771,100,671
226000042,183,238,-55
226000043,15,170,-155
226000044,138,391,-253
226000045,40,240,-200
226000046,1340,128,1212
226000047,1089,128,961
226000048,648,123,525
226000049,808,279,529
226000070,0,24,-24
226000071,0,45,-45
226000072,0,36,-36
226000073,0,14,-14
226000074,0,7,-7
226000084,0,229,-229
226000085,0,228,-228
226000086,4,37,-33
226000087,2,72,-70
226000088,2,17,-15
226000090,107,248,-141
226000091,13,173,-160
226000092,0,30,-30
226000093,6,0,6
226000094,1,16,-15
226000095,22,72,-50
226000105,8,2,6
226000106,9,0,9
226000107,9,0,9
226000108,23,0,23
226000109,408,0,408
226000124,244,100,144
226000134,1508,367,1141
226000135,2942,544,2398
226000136,1229,267,962
226000137,15,95,-80
226000138,11,44,-33
226000139,3,42,-39
226000156,651,6,645
226000157,627,17,610
226000163,61,74,-13
226000202,13,89,-76
226000231,1696,10,1686
226000232,44,8,36
227000033,643,14,629
227000036,1219,12,1207
227000037,1187,13,1174
227000038,362,36,326
227000049,0,94,-94
227000050,0,125,-125
227000055,103,2,101
227000056,12,0,12
227000084,6,128,-122
227000085,2,184,-182
227000088,99,7,92
227000089,73,4,69
227000090,27,3,24
227000091,62,0,62
227000093,128,0,128
227000094,22,0,22
227000130,108,153,-45
227000131,47,127,-80
227000132,47,76,-29
227000133,42,87,-45
227000134,60,107,-47
227000152,1,5,-4
227000153,0,143,-143
227000155,2,23,-21
227000156,0,21,-21
227000165,3,125,-122
227000196,649,84,565
227000199,1601,144,1457
227000230,2,284,-282
227000232,2386,55,2331
227000242,53,275,-222
227000243,492,31,461
227000245,48,208,-160
227000246,99,163,-64
227000247,921,13,908
227000248,254,73,181
227000249,20,243,-223
227000250,569,382,187
227000251,84,404,-320
227000252,82,139,-57
227000253,482,18,464
227000262,980,29,951
227000266,2950,45,2905
227000267,7,748,-741
227000282,1,56,-55
227000284,1842,11,1831
227000286,6,35,-29
227000287,17,61,-44
227000291,11,133,-122
227000484,363,17,346
227000485,6,359,-353
227000655,763,5,758
227000656,1605,12,1593
227000657,850,6,844
227000661,2246,22,2224
227000680,109,139,-30
229000265,82,69,13
229000296,0,57,-57
229000297,8,46,-38
229000298,3,194,-191
229000320,53,0,53
229000321,17,9,8
229000412,26,61,-35
229000414,58,72,-14
229000415,6,10,-4
229000416,0,1,-1
229000417,5,1,4
229000419,130,256,-126
229000440,318,79,239
229000442,28,3,25
229000443,12,0,12
229000444,0,41,-41
229000445,80,4,76
229000446,55,22,33
229000491,0,0,0
229000492,3,11,-8
229000493,0,12,-12
229000494,10,1,9
229000495,82,0,82
229000496,77,1,76
229000507,0,5,-5
229000508,0,8,-8
229000509,0,3,-3
229000510,0,5,-5
229000511,0,7,-7
229000512,0,1,-1
229000513,0,0,0
229000514,0,1,-1
229000517,1,0,1
229000518,2,2,0
229000519,1,0,1
229000520,5,12,-7
229000521,62,12,50
229000522,3,1,2
229000523,5,3,2
229000524,2,0,2
229000527,0,0,0
229000528,0,0,0
229000529,3,0,3
229000530,73,0,73
229000531,112,1,111
229000532,2,0,2
229000533,17,0,17
229000534,5,0,5
229000564,109,0,109
229000565,59,0,59
229000566,0,0,0
229000567,0,0,0
229000582,46,0,46
229000583,16,1,15
229000584,0,0,0
229000585,0,4,-4
229000718,0,0,0
229000719,0,0,0
229000720,0,0,0
229000721,0,0,0
229000722,0,0,0
229000723,0,0,0
229000724,0,0,0
229000725,0,0,0
229000738,2,0,2
229000739,2,0,2
229000740,1,0,1
229000741,31,0,31
229000742,6,0,6
229000743,18,0,18
229000744,1,0,1
229000745,3,0,3
229000746,20,0,20
229000847,100,0,100
229000848,61,0,61
229000849,152,2,150
229000851,273,0,273
229000854,0,8,-8
229000856,0,98,-98
229000857,0,16,-16
229000858,0,25,-25
229000919,2,22,-20
229000930,0,17,-17
229000937,100,9,91
229000966,66,23,43
229000981,23,4,19
229000985,4,7,-3
229000986,0,2,-2
229000987,0,8,-8
229000988,0,20,-20
229000989,28,4,24
229000990,1,10,-9
229000991,0,0,0
229000992,10,2,8
229000993,315,7,308
229000998,8,43,-35
229000999,110,9,101
229001034,0,23,-23
229001035,31,4,27
229001037,89,1,88
229001042,17,0,17
229001047,4,46,-42
229001050,76,29,47
229001168,0,0,0
229001200,47,1,46
229001338,0,7,-7
229001394,329,15,314
229001422,151,25,126
229001423,1,35,-34
229001431,60,25,35
229001432,0,29,-29
229001444,284,75,209
229001445,146,105,41
229001479,31,0,31
229001503,475,18,457
229001504,46,33,13
229001505,172,20,152
229001506,37,53,-16
229001509,40,9,31
229001545,66,13,53
229001546,0,27,-27
229001553,88,5,83
229001554,0,17,-17
229001559,28,2,26
229001560,1,57,-56
229001630,126,4,122
229001631,3,92,-89
229001635,0,35,-35
229001636,0,0,0
229001658,0,19,-19
229001659,70,8,62
229001660,0,8,-8
229001661,0,74,-74
229001662,21,2,19
229001663,0,11,-11
229002584,271,242,29
229002831,120,96,24
229002841,8,52,-44
229002842,53,41,12
229002843,63,80,-17
229002844,3,129,-126
229002845,0,146,-146
229002846,9,15,-6
229002847,1,17,-16
229002848,4,11,-7
229002849,1,173,-172
229002850,6,4,2
229002851,18,271,-253
229002852,76,51,25
229002853,98,14,84
229002854,34,41,-7
229002855,13,92,-79
229002856,73,30,43
229002857,6,77,-71
229002858,9,43,-34
229002859,19,39,-20
229002860,34,14,20
229002861,37,65,-28
229002862,3,43,-40
229002863,5,10,-5
229002864,58,98,-40
229002865,3,15,-12
229002866,1,26,-25
229002867,0,37,-37
229002868,8,24,-16
229002869,6,59,-53
229002870,53,3,50
235000066,311,26,285
235000067,140,72,68
235000072,11,6,5
235000073,15,51,-36
235000074,62,9,53
235000080,5,28,-23
235000081,60,67,-7
235000082,555,29,526
235000083,470,66,404
235000084,62,105,-43
235000085,189,119,70
235000089,63,24,39
235000092,9,18,-9
235000093,3,1,2
235000097,1,1,0
235000098,142,7,135
235000099,16,12,4
235000116,10,31,-21
235000117,644,20,624
235000133,4,112,-108
235000134,5,30,-25
235000206,2,5,-3
235000207,0,5,-5
235000208,1,3,-2
235000209,2,5,-3
235000210,17,4,13
235000212,7,11,-4
235000213,13,17,-4
235000220,0,1,-1
235000221,5,30,-25
235000238,25,434,-409
235000239,0,38,-38
235000242,276,1573,-1297
235000245,354,184,170
235000246,36,52,-16
235000284,0,82,-82
235000295,67,1,66
235000305,357,5,352
235000306,648,5,643
235000307,89,1,88
235000308,9,0,9
235000309,83,0,83
235000310,32,0,32
235000311,47,58,-11
235000322,0,83,-83
235000323,1,37,-36
235000324,0,91,-91
235000325,2,39,-37
235000326,24,52,-28
235000351,1,55,-54
235000352,8,25,-17
235000353,0,32,-32
235000354,18,7,11
235000355,4,56,-52
235000356,64,2,62
235000357,47,9,38
235000358,41,2,39
235000359,16,14,2
235000360,144,9,135
235000361,84,3,81
235000381,81,58,23
235000382,219,33,186
235000390,7,4,3
235000391,193,16,177
235000392,203,159,44
235000393,169,149,20
235000395,114,69,45
235000396,581,83,498
235000400,79,78,1
235000401,23,100,-77
235000405,118,63,55
235000406,14,37,-23
235000407,81,22,59
235000409,140,39,101
235000410,51,98,-47
235000411,0,41,-41
235000485,0,2,-2
235000486,3,0,3
235000549,107,114,-7
235000550,67,63,4
235000599,116,8,108
235000600,1,1,0
235000601,2,21,-19
235000602,153,62,91
235000614,0,6,-6
235000648,0,1,-1
235000649,43,10,33
235000685,0,9,-9
235000815,2,21,-19
235000834,0,12,-12
235000855,51,22,29
235000862,18,45,-27
235000891,0,1,-1
235000892,12,0,12
235000901,21,47,-26
235000907,1,17,-16
235001010,220,80,140
235001029,111,105,6
235001030,222,47,175
235001078,98,76,22
235001079,38,11,27
235001147,51,121,-70
235001166,23,20,3
235001167,48,7,41
235001169,87,152,-65
235001188,0,45,-45
235001189,0,10,-10
235001197,1,19,-18
235001200,12,9,3
235001207,856,67,789
235001210,82,132,-50
235001215,21,63,-42
235001239,0,1,-1
235001244,0,13,-13
235016267,0,122,-122
277101746,0,0,0
277102712,0,1,-1
277103813,0,0,0
277103814,0,0,0
277103898,0,0,0
277104249,0,1,-1
277104250,0,30,-30
277104251,0,3,-3
277104252,0,4,-4
990011530,0,222,-222
990014944,0,101,-101
990015176,11,2,9
990015618,0,82,-82
990016032,0,158,-158
990032570,1,25,-24
990070001,103,6,97
990070103,0,3,-3
990070601,2,6,-4
990070751,2957,5,2952
990070766,0,84,-84
990071180,364,106,258
990071343,6,2,4
990071387,0,5,-5
990071823,631,5,626
990072600,0,380,-380
990072964,1,75,-74
990073285,0,0,0
990074393,0,244,-244
990074870,2751,29,2722
990075106,523,1,522
990075746,606,28,578
990076437,6456,6,6450
990076458,1,313,-312
997000007,283,16,267
997000041,0,199,-199
997000058,78,0,78
997000062,39,0,39
997000069,0,0,0
997000070,0,13,-13
997000100,178,0,178
997000141,1,153,-152
997000198,13,277,-264
998000475,0,0,0
998000736,0,135,-135
998000965,0,82,-82
998001031,0,57,-57
998001700,0,53,-53
998001899,0,0,0
998001900,9,0,9
998003073,2353,13,2340
998101900,0,0,0
998102850,1,103,-102
998501927,357,723,-366
998501929,255,45,210
998501930,82,0,82
998501931,144,1,143
998501932,28,0,28
998501933,38,1,37
998501937,14,1,13
998501944,1,1,0
998501950,0,3,-3
998501970,335,0,335
998501971,1,63,-62
998501973,0,3,-3
998501974,0,84,-84
998501975,166,23,143
998501976,456,0,456
998501977,0,16,-16
998501978,7,0,7
998501979,0,2,-2
998501980,220,10,210
998501981,87,0,87
998501982,0,94,-94
998501983,0,3,-3
998502006,0,2,-2
998502024,0,0,0
998502032,0,1,-1
998502062,7,2,5
998502063,0,0,0
998502173,12,0,12
998502269,0,1,-1
998502546,0,364,-364
998502578,2,0,2
998502599,37,1031,-994
998601159,0,17,-17
998601292,0,12,-12
999033574,1,166,-165
999800001,44,1,43
999800002,0,2,-2
999800003,2,2,0
999800004,0,2,-2
999800005,0,20,-20
