ID,insum,outsum,diff
100000001,566,683,-117
100000002,3222,1386,1836
100000003,4415,3097,1318
100000004,1116,777,339
100000005,1717,3513,-1796
100000006,711,106,605
100000007,1565,575,990
100000008,254,383,-129
100000009,535,323,212
100000010,73,81,-8
100000011,637,85,552
100000012,85,540,-455
100000013,297,139,158
100000014,412,297,115
100000015,1477,1611,-134
100000016,903,1198,-295
100000017,664,723,-59
100000018,1155,495,660
100000019,3249,1562,1687
100000020,1700,4260,-2560
100000021,3794,1987,1807
100000022,1311,1461,-150
100000023,4453,1337,3116
100000025,1458,843,615
100000028,1623,818,805
100000029,201,245,-44
100000030,283,64,219
100000031,3539,5087,-1548
100000032,2062,2702,-640
100000033,879,1770,-891
100000034,349,437,-88
100000035,1641,1087,554
100000036,1582,1052,530
100000037,509,334,175
100000038,1619,762,857
100000039,527,176,351
100000040,149,144,5
100000041,945,387,558
100000042,877,444,433
100000043,780,412,368
100000044,410,612,-202
100000045,505,870,-365
100000046,812,763,49
100000047,274,501,-227
100000048,405,361,44
100000049,1541,1749,-208
100000051,504,929,-425
100000053,103,6,97
100000054,338,34,304
100000055,813,281,532
100000056,434,352,82
100000057,1680,593,1087
100000058,797,1039,-242
100000059,78,112,-34
100000060,349,262,87
100000061,1942,421,1521
100000062,1880,561,1319
100000063,717,222,495
100000064,1434,412,1022
100000065,482,1030,-548
100000066,182,638,-456
100000067,460,662,-202
100000068,515,1563,-1048
100000069,364,1293,-929
100000072,303,688,-385
100000073,861,936,-75
100000075,643,305,338
100000076,2110,1883,227
100000077,400,145,255
100000078,39,42,-3
100000079,41,56,-15
100000080,29,58,-29
100000081,126,183,-57
100000102,2346,1757,589
100000103,3391,1074,2317
100000104,3692,2343,1349
100000105,3213,1227,1986
100000106,2131,1721,410
100000107,608,725,-117
100000108,646,876,-230
100000109,2480,1142,1338
100000116,1261,865,396
100000117,73,94,-21
100000118,1364,771,593
100000119,830,729,101
100000121,267,397,-130
100000122,718,671,47
100000123,2706,3433,-727
100000124,6121,5060,1061
100000125,2948,1241,1707
100000126,736,329,407
100000127,1718,501,1217
100000128,1757,1389,368
100000129,457,507,-50
100000130,327,427,-100
100000131,2155,2209,-54
100000132,1122,2233,-1111
100000133,4915,2245,2670
100000135,612,1085,-473
100000139,411,283,128
100000140,254,225,29
100000142,529,531,-2
100000143,1302,589,713
100000144,3226,949,2277
100000147,944,2395,-1451
100000150,46,400,-354
100000151,824,833,-9
100000153,225,351,-126
100000154,78,118,-40
100000155,30,49,-19
100000156,471,370,101
100000157,91,106,-15
100000158,258,98,160
100000159,489,586,-97
100000165,1229,674,555
100000169,332,412,-80
100000174,691,379,312
100000179,114,428,-314
100000180,2140,1005,1135
100000181,380,159,221
100000188,61,165,-104
100000189,723,292,431
100000190,887,750,137
100000191,631,489,142
100000192,58,132,-74
100000193,255,159,96
100000330,1497,740,757
100000355,207,447,-240
100000362,4567,3069,1498
100000363,3219,3989,-770
100000364,243,257,-14
100000365,4397,5338,-941
100000366,5112,2594,2518
100000367,4406,4758,-352
100000368,3150,1399,1751
100000369,862,1417,-555
100000370,287,751,-464
100000376,157,137,20
100000379,1895,1171,724
100000380,4353,2629,1724
100000384,4854,3558,1296
100000385,3685,3078,607
100000386,7850,3948,3902
100000387,5020,4352,668
100000388,7515,5149,2366
100000389,6432,4982,1450
100000390,8033,5247,2786
100000391,5613,5899,-286
100000392,3855,3050,805
100000393,2532,3771,-1239
100000394,7595,6610,985
100000395,4522,3266,1256
100000396,7607,3472,4135
100000397,5046,5341,-295
100000398,9619,7503,2116
100000413,30,16,14
100900002,9,28,-19
100900003,301,158,143
100900004,16,593,-577
100900005,130,18,112
100900006,24,93,-69
100900007,411,21,390
100900008,1,338,-337
100900009,61,114,-53
100900010,76,89,-13
100900011,144,265,-121
100900012,3,205,-202
100900013,611,6,605
100900014,4,5,-1
100900015,94,98,-4
100900016,5,51,-46
100900017,692,107,585
100900018,0,19,-19
100900019,20,108,-88
100900020,385,9,376
100900021,408,0,408
100900022,23,49,-26
100900023,0,47,-47
100900024,500,5,495
100900025,21,19,2
100900026,91,106,-15
100900027,478,2268,-1790
100900028,139,169,-30
100900029,65,13,52
100900030,3,59,-56
100900031,597,78,519
100900032,218,1,217
100900033,238,158,80
100900034,560,6,554
100900035,348,0,348
100900036,11,1,10
100900037,78,166,-88
100900038,123,57,66
100900039,178,478,-300
100900040,402,593,-191
100900041,467,644,-177
100900042,1416,698,718
100900043,0,25,-25
100900044,1914,512,1402
100900045,67,1,66
100900046,989,15,974
100900047,660,169,491
100900048,147,54,93
100900049,71,201,-130
100900050,3,11,-8
100900051,13,54,-41
100900052,288,39,249
100900053,343,25,318
100900054,17,102,-85
100900055,191,565,-374
100900056,109,152,-43
100900057,672,1105,-433
100900058,232,59,173
100900059,126,4,122
100900060,159,7,152
100900061,340,194,146
100900062,5,27,-22
100900063,197,605,-408
100900064,628,28,600
100900065,63,101,-38
100900066,86,172,-86
100900067,3,6,-3
100900068,265,126,139
100900069,386,4,382
100900070,342,11,331
100900071,661,279,382
100900072,4,42,-38
100900073,101,317,-216
100900074,11,7,4
100900075,1542,341,1201
100900076,8,41,-33
100900077,26,91,-65
100900078,100,238,-138
100900079,4,32,-28
100900080,47,170,-123
100900081,29,111,-82
100900082,129,467,-338
100900083,14,36,-22
100900085,21,177,-156
100900086,159,600,-441
100900088,150,599,-449
100900089,6,23,-17
100900090,132,438,-306
100900091,3,19,-16
100900092,239,168,71
100900093,210,214,-4
100900094,99,342,-243
100900095,4,36,-32
100900096,42,126,-84
100900097,4,8,-4
100900098,24,31,-7
100900099,43,419,-376
100900100,5,435,-430
100900101,321,56,265
100900102,104,80,24
100900103,18,27,-9
100900104,9,135,-126
100900105,25,435,-410
100900106,43,6,37
100900107,1488,713,775
100900108,4,16,-12
100900109,27,40,-13
100900110,13,29,-16
100900111,55,169,-114
100900112,2,15,-13
100900113,11,19,-8
100900114,20,35,-15
100900115,2,26,-24
100900116,651,552,99
100900117,300,679,-379
100900118,12,41,-29
100900119,9,23,-14
100900120,9,8,1
100900121,252,445,-193
100900122,133,197,-64
100900123,67,218,-151
100900124,12,11,1
100900125,20,59,-39
100900126,120,194,-74
100900127,11,10,1
100900128,59,105,-46
100900129,0,105,-105
100900131,72,209,-137
100900133,53,42,11
100900134,5,8,-3
100900135,0,98,-98
100900137,352,175,177
100900138,465,377,88
100900139,6,9,-3
100900140,2,437,-435
100900141,2,340,-338
100900142,2,7,-5
100900143,888,337,551
100900144,24,7,17
100900145,160,154,6
100900146,9,32,-23
100900147,9,281,-272
100900148,25,580,-555
100900149,51,166,-115
100900150,7,22,-15
100900151,133,448,-315
100900152,85,6,79
100900153,2,132,-130
100900154,13,37,-24
100900155,17,24,-7
100900156,17,2,15
100900157,2,164,-162
100900159,0,21,-21
100900160,29,4,25
100900161,72,9,63
100900162,20,204,-184
100900163,194,228,-34
100900164,66,58,8
100900165,21,29,-8
100900166,24,3,21
100900167,27,64,-37
100900168,20,133,-113
100900169,114,837,-723
100900170,23,8,15
100900171,14,464,-450
100900172,1,14,-13
100900173,12,307,-295
100900174,311,21,290
100900176,1331,131,1200
100900177,621,222,399
100900178,224,108,116
100900179,139,198,-59
100900180,16,8,8
100900181,76,59,17
100900182,38,29,9
100900184,12,108,-96
100900186,506,454,52
100900187,11,66,-55
100900188,31,8,23
100900189,871,243,628
100900191,943,897,46
100900192,292,327,-35
100900195,95,126,-31
100900197,20,58,-38
100900198,30,190,-160
100900199,19,27,-8
100900200,504,409,95
100900201,49,484,-435
100900202,27,0,27
100900203,0,49,-49
100900204,124,295,-171
100900205,162,454,-292
100900206,137,51,86
100900207,171,140,31
100900210,74,541,-467
100900211,367,170,197
100900213,78,38,40
100900214,675,161,514
100900215,11,45,-34
100900217,194,87,107
101000001,2839,2049,790
101000002,4129,3662,467
101000003,501,1193,-692
101000004,8963,8734,229
101000006,6593,5343,1250
101000007,2042,2578,-536
101000008,3109,2450,659
101000009,2127,1308,819
101000010,798,1118,-320
101000011,1413,568,845
101000012,1581,739,842
101000013,570,985,-415
101000014,444,565,-121
101000015,896,749,147
101000016,318,354,-36
101000017,585,440,145
101000018,3781,2067,1714
101000020,3400,940,2460
101000021,775,324,451
101000022,119,38,81
101000023,1560,607,953
101000025,240,318,-78
101000026,258,17,241
101000027,1745,1848,-103
101000028,1033,211,822
101000029,168,1037,-869
101000030,1295,107,1188
101000031,633,356,277
101000032,6438,3352,3086
101000033,2434,2502,-68
101000034,2122,1333,789
101000035,728,382,346
101000036,2132,833,1299
101000037,3249,1408,1841
101000039,2761,1806,955
101000040,3579,2819,760
101000041,9026,5839,3187
101000042,463,919,-456
101000043,6977,5329,1648
101000045,1366,859,507
101000046,2949,993,1956
101000047,1857,2189,-332
101000048,544,484,60
101000049,711,1335,-624
101000050,1635,1377,258
101000051,1922,2000,-78
101000052,1498,780,718
101000053,772,1031,-259
101000054,1308,995,313
101000055,1124,1160,-36
101000056,53,121,-68
101000057,2135,1003,1132
101000058,1292,854,438
101000059,2534,1848,686
101000060,1982,616,1366
101000061,948,1301,-353
101000062,873,659,214
101000063,625,858,-233
101000064,1422,885,537
101000065,322,361,-39
101000066,898,738,160
101000067,1273,849,424
101000068,358,359,-1
101000069,379,104,275
101000070,1601,914,687
101000071,1746,792,954
101000072,719,2361,-1642
101000073,790,815,-25
101000074,5009,2899,2110
101000075,4300,3870,430
101000077,1301,968,333
101000078,843,1780,-937
101000079,713,355,358
101000080,937,390,547
101000081,1667,1382,285
101000082,3174,3013,161
101000083,2398,2186,212
101000084,1329,855,474
101000085,1452,1218,234
101000086,1147,1116,31
101000087,889,1039,-150
101000088,909,1053,-144
101000089,827,1459,-632
101000090,1998,1155,843
101000091,396,799,-403
101000092,681,916,-235
101000093,1270,777,493
101000094,742,886,-144
101000095,453,479,-26
101000096,350,496,-146
101000097,407,365,42
101000098,339,420,-81
101000099,1026,847,179
101000100,734,613,121
101000101,308,354,-46
101000102,835,441,394
101000103,725,504,221
101000104,366,573,-207
101000105,476,284,192
101000106,470,570,-100
101000107,250,267,-17
101000108,757,285,472
101000109,358,55,303
101000110,29,415,-386
101000111,82,141,-59
101000113,155,548,-393
101000114,6183,4204,1979
101000115,147,89,58
101000116,122,58,64
101000117,655,199,456
101000119,67,42,25
101000120,151,35,116
101000121,81,61,20
101000122,180,83,97
101000123,87,86,1
101000124,608,218,390
101000125,268,499,-231
101000128,325,276,49
101000130,206,271,-65
101000131,649,514,135
101000132,534,851,-317
101000135,63,54,9
101000136,462,141,321
101000137,41,290,-249
101000141,1337,2144,-807
101000147,876,552,324
101000148,1021,22,999
101000149,176,266,-90
101000150,92,653,-561
101000151,188,37,151
101000152,283,362,-79
101000153,528,293,235
101000154,206,1019,-813
101000155,249,126,123
101000156,22,264,-242
101000157,38,25,13
101000160,44,70,-26
101000163,221,280,-59
101000164,477,383,94
101000165,205,336,-131
101000166,264,275,-11
101000168,858,443,415
101000252,1767,955,812
101000254,390,76,314
101000258,52,7,45
101000261,146,27,119
101000262,1039,1540,-501
101000263,240,671,-431
101000265,97,521,-424
101000266,306,278,28
101000269,35,14,21
101000290,1080,2022,-942
101000293,16,57,-41
101000294,534,368,166
101000295,160,401,-241
101000301,778,331,447
101000304,1652,2409,-757
101000305,2747,1296,1451
101000328,118,274,-156
101900001,30,72,-42
101900002,0,19,-19
101900003,64,86,-22
101900004,2,75,-73
101900005,3275,1826,1449
101900006,795,43,752
101900007,560,108,452
101900008,84,204,-120
101900009,49,345,-296
101900010,897,637,260
101900011,225,929,-704
101900012,162,174,-12
101900013,948,222,726
101900017,28,205,-177
101900018,1112,287,825
101900019,246,106,140
101900020,100,62,38
101900021,1,44,-43
101900022,198,953,-755
101900023,209,200,9
101900026,113,41,72
101900027,26,115,-89
102000001,2260,3596,-1336
102000002,2805,984,1821
102000003,3457,6299,-2842
102000004,6243,2598,3645
102000005,1114,1696,-582
102000006,1130,1512,-382
102000007,1383,3225,-1842
102000008,3895,1360,2535
102000009,4881,6548,-1667
102000010,4853,2888,1965
102000011,3001,2208,793
102000012,3036,2703,333
102000018,2603,2244,359
102000019,2067,1374,693
102000026,266,511,-245
102000029,267,215,52
102000030,110,337,-227
102000031,64,117,-53
102000032,390,276,114
102000033,218,348,-130
102000034,436,333,103
102000035,874,617,257
102000036,23,226,-203
102000037,140,54,86
102000038,157,298,-141
102000039,216,83,133
102000040,447,278,169
102000041,234,384,-150
102000042,216,231,-15
102000043,375,249,126
102000044,312,357,-45
102000045,758,683,75
102000046,854,582,272
102000047,687,889,-202
102000048,241,623,-382
102000049,969,693,276
102000050,1015,1095,-80
102000051,429,647,-218
102000052,1146,729,417
102000053,820,941,-121
102000054,528,813,-285
102000055,948,660,288
102000056,610,1014,-404
102000057,1193,448,745
102000058,983,1348,-365
102000059,1507,1038,469
102000060,1026,794,232
102000061,1147,1710,-563
102000062,1395,901,494
102000063,1160,1357,-197
102000064,514,611,-97
102000065,35,103,-68
102000066,806,716,90
102000067,1767,2392,-625
102000068,7198,2181,5017
102000069,80,1371,-1291
102000070,1483,44,1439
102000071,6419,7469,-1050
102000072,2958,3614,-656
102000073,895,835,60
102000074,587,790,-203
102000075,110,235,-125
102000076,183,374,-191
102000077,408,875,-467
102000078,780,894,-114
102000079,107,207,-100
102000080,207,182,25
102000081,298,666,-368
102000082,669,249,420
102000083,513,272,241
102000084,214,321,-107
102000085,1394,934,460
102000086,912,974,-62
102000087,813,1449,-636
102000088,290,276,14
102000089,966,368,598
102000090,454,976,-522
102000091,1019,426,593
102000092,276,702,-426
102000093,821,740,81
102000094,816,711,105
102000095,1083,920,163
102000096,615,781,-166
102000097,695,604,91
102000098,602,701,-99
102000099,735,761,-26
102000100,920,1174,-254
102000101,1229,824,405
102000102,422,1294,-872
102000103,1315,400,915
102000104,675,329,346
102000105,292,616,-324
102000106,765,630,135
102000107,1037,578,459
102000108,641,213,428
102000109,431,613,-182
102000110,974,1202,-228
102000111,15,227,-212
102000112,219,121,98
102000113,17,39,-22
102000114,785,354,431
102000115,227,287,-60
102000116,466,407,59
102000117,286,511,-225
102000118,1287,999,288
102000119,1760,774,986
102000120,197,437,-240
102000121,857,491,366
102000122,608,782,-174
102000123,1076,1032,44
102000124,1209,926,283
102000125,801,803,-2
102000126,746,755,-9
102000127,1281,645,636
102000128,671,917,-246
102000129,1398,722,676
102000130,666,777,-111
102000131,1459,693,766
102000132,534,797,-263
102000133,1760,1753,7
102000134,599,677,-78
102000135,687,795,-108
102000136,834,591,243
102000137,833,730,103
102000138,265,368,-103
102000139,124,321,-197
102000140,299,329,-30
102000141,202,397,-195
102000142,353,337,16
102000143,142,391,-249
102000144,380,372,8
102000145,443,504,-61
102000146,413,285,128
102000147,508,424,84
102000148,249,489,-240
102000149,159,375,-216
102000150,299,100,199
102000151,71,291,-220
102000152,177,137,40
102000153,1180,574,606
102000154,341,558,-217
102000155,132,345,-213
102000156,374,149,225
102000157,105,331,-226
102000158,527,524,3
102000159,870,446,424
102000161,3562,2024,1538
102000162,203,166,37
102000163,129,564,-435
102000164,968,991,-23
102000165,366,124,242
102000166,94,158,-64
102000167,249,214,35
102000168,342,155,187
102000169,117,373,-256
102000170,453,212,241
102000171,207,202,5
102000172,196,302,-106
102000173,377,258,119
102000174,67,76,-9
102000175,157,101,56
102000176,56,36,20
102000178,238,420,-182
102000179,292,204,88
102000180,862,480,382
102000181,533,509,24
102000182,535,498,37
102000183,1545,1609,-64
102000184,1676,778,898
102000185,2365,1368,997
102000186,1110,1837,-727
102000187,739,1568,-829
102000188,932,1223,-291
102000189,1910,682,1228
102000190,508,2147,-1639
102000191,1200,502,698
102000192,926,1286,-360
102000193,65,133,-68
102000194,48,132,-84
102000195,361,377,-16
102000196,174,384,-210
102000197,630,350,280
102000198,212,729,-517
102000199,919,267,652
102000200,247,903,-656
102000201,983,389,594
102000202,5,82,-77
102000203,312,163,149
102000204,390,538,-148
102000205,900,358,542
102000206,559,479,80
102000207,677,514,163
102000208,361,430,-69
102000209,92,52,40
102000210,301,457,-156
102000211,527,263,264
102000212,308,13,295
102000213,8,285,-277
102000214,245,9,236
102000215,2,353,-351
102000216,54,55,-1
102000217,12,133,-121
102000218,244,160,84
102000219,377,269,108
102000225,793,543,250
102000226,1572,591,981
102000227,155,1,154
102000228,1,103,-102
102000229,27,42,-15
102000230,282,408,-126
102000231,327,387,-60
102000232,29,138,-109
102000233,349,575,-226
102000234,120,982,-862
102000236,267,68,199
102000237,423,139,284
102000238,171,218,-47
102000240,485,596,-111
102000241,194,99,95
102000243,9,69,-60
102000245,34,120,-86
102000246,14,23,-9
102000247,779,854,-75
102000248,449,683,-234
102000249,141,108,33
102000250,59,384,-325
102000254,78,263,-185
102000266,33,253,-220
102000271,35,13,22
102000286,393,351,42
102000297,1637,930,707
102000299,0,0,0
102000301,0,0,0
102000305,0,0,0
102000307,0,1,-1
102900001,1104,750,354
102900002,411,49,362
102900003,76,236,-160
102900005,344,307,37
102900006,455,157,298
102900007,413,31,382
102900008,207,56,151
102900009,633,326,307
102900010,520,621,-101
102900011,1774,281,1493
102900012,324,116,208
102900013,32,102,-70
102900015,617,457,160
102900016,61,99,-38
102900017,189,640,-451
102900018,42,147,-105
102900019,452,329,123
102900020,141,43,98
102900021,28,106,-78
102900022,530,174,356
102900023,42,53,-11
102900024,41,35,6
102900025,226,132,94
102900026,361,1561,-1200
102900027,60,52,8
102900028,126,619,-493
102900029,195,165,30
102900030,408,255,153
102900031,179,151,28
102900032,64,90,-26
102900033,113,188,-75
102900034,406,115,291
102900035,138,314,-176
102900036,283,464,-181
102900037,507,552,-45
102900038,594,473,121
102900039,42,409,-367
102900040,129,193,-64
102900041,56,153,-97
102900042,167,267,-100
102900043,102,243,-141
102900044,478,1804,-1326
102900045,141,545,-404
102900046,130,259,-129
102900047,85,576,-491
102900048,503,594,-91
102900049,129,330,-201
102900050,223,346,-123
102900051,208,177,31
102900053,467,617,-150
102900054,758,880,-122
102900055,105,196,-91
102900056,131,363,-232
102900057,7,64,-57
102900058,235,76,159
102900059,35,74,-39
102900060,138,403,-265
102900061,170,473,-303
102900062,218,956,-738
102900063,1016,396,620
102900064,120,379,-259
102900065,1223,496,727
102900066,394,54,340
102900068,167,112,55
102900070,177,415,-238
102900072,14,47,-33
102900073,195,9,186
102900075,63,58,5
102900076,162,115,47
102900077,74,43,31
102900078,42,87,-45
102900079,135,7,128
102900080,340,56,284
102900081,75,296,-221
102900082,18,166,-148
102900083,241,11,230
102900084,8,29,-21
102900085,368,145,223
102900086,26,80,-54
102900087,76,98,-22
102900088,48,28,20
102900089,264,143,121
102900090,2,307,-305
102900091,143,5,138
102900092,318,710,-392
102900094,1,72,-71
102900095,130,2,128
102900096,42,22,20
102900097,58,184,-126
103000001,1875,2413,-538
103000002,1843,2136,-293
103000003,2874,2374,500
103000004,858,703,155
103000005,1658,2430,-772
103000006,606,1297,-691
103000007,407,640,-233
103000008,915,621,294
103000009,892,877,15
103000010,251,154,97
103000011,1512,1316,196
103000012,1195,1387,-192
103000013,3615,1997,1618
103000014,1246,2054,-808
103000015,1600,696,904
103000016,517,1167,-650
103000017,178,314,-136
103000018,640,429,211
103000019,265,253,12
103000020,2301,1301,1000
103000021,1646,1554,92
103000022,847,1087,-240
103000023,635,1330,-695
103000024,75,208,-133
103000025,103,510,-407
103000026,1263,146,1117
103000027,297,443,-146
103000028,395,462,-67
103000029,256,244,12
103000030,1439,795,644
103000031,1095,1386,-291
103000032,2066,1714,352
103000033,2430,2232,198
103000034,1241,1143,98
103000035,360,1194,-834
103000036,365,505,-140
103000037,614,486,128
103000038,453,939,-486
103000039,358,385,-27
103000040,389,836,-447
103000041,1577,2126,-549
103000042,1058,489,569
103000043,453,873,-420
103000044,207,162,45
103000046,322,474,-152
103000047,556,571,-15
103000048,155,166,-11
103000049,143,124,19
103000050,625,439,186
103000051,391,479,-88
103000052,765,312,453
103000053,166,526,-360
103000054,2520,1372,1148
103000055,1921,2037,-116
103000056,563,1621,-1058
103000057,469,252,217
103000058,408,843,-435
103000059,376,712,-336
103000060,826,606,220
103000061,396,957,-561
103000062,925,591,334
103000063,665,759,-94
103000064,150,171,-21
103000065,12,455,-443
103000066,208,11,197
103000069,487,431,56
103000070,1074,795,279
103000071,1072,433,639
103000072,153,659,-506
103000073,463,122,341
103000074,532,86,446
103000075,101,663,-562
103000076,284,260,24
103000077,47,348,-301
103000078,1033,543,490
103000079,814,491,323
103000080,1093,416,677
103000081,577,948,-371
103000082,481,221,260
103000083,105,324,-219
103000084,124,11,113
103000085,2,120,-118
103000086,547,326,221
103000087,150,452,-302
103000088,258,274,-16
103000089,283,359,-76
103000090,1584,721,863
103000091,587,397,190
103000092,226,306,-80
103000093,335,390,-55
103000094,215,92,123
103000095,60,343,-283
103000096,595,91,504
103000097,93,743,-650
103000098,849,206,643
103000099,380,577,-197
103000100,107,723,-616
103000101,617,151,466
103000102,105,615,-510
103000103,613,209,404
103000104,75,108,-33
103000105,121,123,-2
103000106,21,133,-112
103000107,293,65,228
103000108,651,529,122
103000109,349,377,-28
103000110,455,414,41
103000111,467,357,110
103000112,330,177,153
103000113,616,567,49
103000114,1165,400,765
103000115,465,468,-3
103000116,565,371,194
103000117,362,446,-84
103000118,797,688,109
103000119,1207,581,626
103000120,94,103,-9
103000121,272,547,-275
103000122,469,504,-35
103000125,6,259,-253
103000126,579,3,576
103000127,2,201,-199
103000128,210,1,209
103000129,2,129,-127
103000130,77,41,36
103000131,140,102,38
103000132,129,144,-15
103000133,9,83,-74
103000134,559,686,-127
103000135,567,269,298
103000136,799,458,341
103000137,511,531,-20
103000138,840,831,9
103000139,6,88,-82
103000140,158,37,121
103000141,82,150,-68
103000142,209,90,119
103000143,86,195,-109
103000144,187,89,98
103000145,34,71,-37
103000150,131,56,75
103000152,197,240,-43
103000153,221,126,95
103000156,10,386,-376
103000157,486,1,485
103000159,105,39,66
103000162,86,23,63
103000163,10,49,-39
103000164,18,16,2
103000165,106,266,-160
103000166,164,249,-85
103000167,148,96,52
103000168,115,209,-94
103000169,155,333,-178
103000170,668,361,307
103000171,82,102,-20
103000172,449,302,147
103000173,425,519,-94
103000174,143,315,-172
103000175,266,293,-27
103000176,765,602,163
103000177,539,398,141
103000178,292,261,31
103000179,145,53,92
103000183,103,22,81
103000185,97,69,28
103000186,112,161,-49
103000187,468,337,131
103000188,17,56,-39
103000189,768,775,-7
103000191,474,484,-10
103000292,1531,1532,-1
103000293,1026,1624,-598
103000295,109,85,24
103000296,279,11,268
103000297,11,12,-1
103000504,113,15,98
103000505,13,16,-3
103000506,0,228,-228
103000507,267,3,264
103000508,59,61,-2
103000509,229,552,-323
103900001,14,222,-208
103900002,1293,217,1076
103900003,1378,161,1217
103900004,215,4,211
103900005,3,197,-194
103900006,1,3,-2
103900007,38,2,36
103900008,16,1,15
103900009,249,484,-235
103900010,140,274,-134
103900011,244,225,19
103900012,10,19,-9
103900013,47,79,-32
103900014,58,18,40
103900015,60,13,47
103900016,230,183,47
103900017,46,57,-11
103900018,835,221,614
103900019,118,390,-272
103900020,217,413,-196
103900021,390,53,337
103900022,1043,721,322
103900023,127,2,125
103900024,59,347,-288
103900025,21,46,-25
103900026,55,0,55
103900027,689,326,363
103900028,20,276,-256
103900029,1079,158,921
103900030,243,79,164
103900031,21,4,17
103900032,89,81,8
103900033,73,20,53
103900034,31,153,-122
103900035,31,34,-3
103900036,41,33,8
103900037,67,78,-11
103900038,111,213,-102
103900039,74,270,-196
103900040,6,180,-174
103900041,47,57,-10
103900042,73,271,-198
103900043,147,69,78
103900044,121,207,-86
103900045,319,142,177
103900047,62,30,32
103900048,53,32,21
103900049,213,857,-644
103900050,21,93,-72
103900051,1,32,-31
103900052,207,382,-175
103900053,165,582,-417
103900054,137,336,-199
103900055,358,167,191
103900056,85,68,17
103900057,42,164,-122
103900058,158,551,-393
103900059,0,23,-23
103900060,39,198,-159
103900061,167,50,117
103900062,248,77,171
103900063,10,0,10
103900064,97,9,88
103900065,775,378,397
103900066,119,19,100
103900067,183,11,172
103900068,9,1,8
103900069,50,52,-2
103900070,132,222,-90
103900071,18,125,-107
103900072,10,199,-189
103900073,35,35,0
103900074,101,68,33
103900075,149,55,94
103900076,433,449,-16
103900077,47,89,-42
103900078,203,115,88
103900079,154,179,-25
103900080,14,47,-33
103900081,137,45,92
103900082,13,106,-93
103900083,1462,820,642
103900084,76,103,-27
103900085,59,148,-89
103900086,490,289,201
103900088,397,516,-119
103900089,69,172,-103
103900090,1,112,-111
103900091,1087,282,805
103900092,541,379,162
103900093,70,268,-198
103900094,10,133,-123
103900095,258,164,94
103900096,28,192,-164
103900097,7,435,-428
103900098,250,108,142
103900099,97,156,-59
103900100,154,306,-152
103900101,102,975,-873
103900102,1,37,-36
103900104,1,41,-40
103900105,121,217,-96
103900106,2,40,-38
103900107,133,191,-58
103900108,38,328,-290
103900109,139,93,46
103900110,191,45,146
103900111,88,489,-401
103900112,55,69,-14
103900113,120,260,-140
103900114,278,313,-35
103900115,228,191,37
103900116,5440,2703,2737
103900117,120,72,48
103900119,28,90,-62
103900120,80,109,-29
103900122,86,195,-109
103900123,1573,722,851
103900124,66,463,-397
103900125,97,84,13
103900126,399,357,42
103900127,153,360,-207
103900128,125,125,0
103900131,61,122,-61
103900133,821,63,758
103900134,3,3,0
103900135,2,4,-2
103900137,2,31,-29
103900138,115,233,-118
103900139,334,1481,-1147
103900140,12,119,-107
103900141,240,83,157
103900142,159,134,25
103900143,59,0,59
103900144,1,55,-54
103900145,127,200,-73
103900146,239,209,30
103900147,327,109,218
103900148,180,230,-50
103900149,283,561,-278
103900150,5057,3407,1650
103900151,37,149,-112
103900152,449,434,15
103900153,8,3,5
103900154,810,1478,-668
103900155,73,245,-172
103900156,63,183,-120
103900157,47,170,-123
103900158,74,162,-88
103900159,113,86,27
103900160,68,57,11
103900161,81,178,-97
103900162,54,141,-87
103900163,6,429,-423
103900167,24,63,-39
103900168,80,83,-3
103900169,71,33,38
103900170,1,85,-84
103900171,0,52,-52
103900172,6,21,-15
103900173,11,11,0
103900174,144,53,91
103900175,45,44,1
103900176,6,32,-26
103900177,17,93,-76
103900178,45,54,-9
103900179,45,98,-53
103900180,18,100,-82
103900181,36,38,-2
103900182,61,20,41
103900184,473,108,365
103900185,167,316,-149
103900187,24,65,-41
103900188,83,15,68
103900189,114,14,100
103900190,71,61,10
103900191,35,60,-25
103900192,19,113,-94
103900193,139,257,-118
103900194,53,268,-215
103900195,3,92,-89
103900196,53,39,14
103900197,12,38,-26
103900198,15,52,-37
103900199,89,63,26
103900200,167,102,65
103900201,124,172,-48
103900202,12,55,-43
103900203,32,21,11
103900204,3,101,-98
103900207,0,103,-103
103900208,72,0,72
103900209,3,84,-81
103900210,38,24,14
103900211,436,364,72
103900212,93,350,-257
103900213,79,239,-160
103900214,266,184,82
103900215,539,304,235
103900216,27,415,-388
103900217,343,72,271
103900218,8,263,-255
103900219,173,252,-79
103900233,57,1,56
103900235,33,22,11
103900236,29,8,21
103900242,10,19,-9
103900243,8,9,-1
103900244,91,269,-178
103900245,79,209,-130
103900246,56,49,7
103900247,33,113,-80
103900248,4,39,-35
103900249,33,40,-7
103900250,25,21,4
103900251,2,45,-43
103900253,22,67,-45
103900254,5,21,-16
103900255,17,21,-4
103900256,11,36,-25
103900257,185,110,75
103900258,38,5,33
103900259,58,2,56
103900261,11,11,0
103900262,18,8,10
103900263,35,55,-20
103900264,66,64,2
103900265,76,24,52
103900266,2,94,-92
103900267,7,61,-54
103900268,26,123,-97
103900269,120,56,64
103900270,61,183,-122
103900271,87,120,-33
103900272,53,97,-44
103900273,25,38,-13
103900274,83,10,73
103900275,47,15,32
103900276,17,95,-78
103900277,3,57,-54
103900278,8,48,-40
103900279,1,21,-20
103900280,0,76,-76
104000001,1753,1574,179
104000002,1317,2066,-749
104000003,1828,1716,112
104000004,2396,2268,128
104000005,1141,1534,-393
104000006,2240,2213,27
104000007,3224,3423,-199
104000008,210,317,-107
104000009,194,103,91
104000010,142,306,-164
104000011,454,263,191
104000012,139,343,-204
104000013,179,166,13
104000014,200,633,-433
104000015,246,119,127
104000016,461,413,48
104000018,717,186,531
104000019,515,187,328
104000020,172,688,-516
104000021,255,729,-474
104000022,147,313,-166
104000023,729,282,447
104000024,271,294,-23
104000026,53,323,-270
104000027,252,352,-100
104000028,342,218,124
104000029,255,437,-182
104000030,200,193,7
104000031,1060,419,641
104000032,211,273,-62
104000033,484,489,-5
104000034,275,269,6
104000035,782,384,398
104000036,647,540,107
104000037,282,215,67
104000038,401,306,95
104000039,166,250,-84
104000040,304,405,-101
104000041,752,330,422
104000042,194,335,-141
104000043,305,371,-66
104000044,247,565,-318
104000045,876,1107,-231
104000046,994,1511,-517
104000047,707,1167,-460
104000048,959,1507,-548
104000049,412,299,113
104000050,175,473,-298
104000051,83,520,-437
104000052,1176,1205,-29
104000053,689,487,202
104000054,292,346,-54
104000055,3240,2090,1150
104000056,1491,271,1220
104000057,188,553,-365
104000058,619,565,54
104000059,465,886,-421
104000060,853,981,-128
104000061,1000,895,105
104000062,487,180,307
104000064,428,230,198
104000065,331,636,-305
104000069,980,881,99
104000070,70,447,-377
104000071,247,506,-259
104000072,651,300,351
104000075,84,221,-137
104000076,466,90,376
104000082,2002,2396,-394
104000083,808,181,627
104000084,161,547,-386
104000085,310,312,-2
104000086,173,457,-284
104000087,459,1533,-1074
104000090,685,1125,-440
104000092,969,1848,-879
104000094,656,1367,-711
104000095,1560,1207,353
104000096,1090,168,922
104000097,1353,803,550
104000098,1824,973,851
104000100,1264,588,676
104000101,1022,1374,-352
104000106,189,676,-487
104000107,589,434,155
104000108,297,392,-95
104000109,304,75,229
104000110,785,941,-156
104000111,3328,1830,1498
104000112,1940,518,1422
104000116,2,838,-836
104000117,151,523,-372
104000118,435,210,225
104000119,509,254,255
104000120,226,587,-361
104000121,181,635,-454
104000122,641,696,-55
104000123,767,1028,-261
104000124,1012,1946,-934
104000125,2716,3539,-823
104000126,340,353,-13
104000127,1347,2998,-1651
104000128,533,492,41
104000129,347,40,307
104000130,5,235,-230
104000131,649,520,129
104000132,448,553,-105
104000133,1344,715,629
104000134,826,1371,-545
104000135,486,1457,-971
104000136,733,3341,-2608
104000137,1440,456,984
104000138,789,224,565
104000139,5768,2720,3048
104000141,931,1329,-398
104000142,611,739,-128
104000143,452,582,-130
104000144,79,164,-85
104000145,378,209,169
104000146,325,526,-201
104000147,105,303,-198
104000148,328,155,173
104000149,171,267,-96
104000150,806,382,424
104000151,316,417,-101
104000152,443,523,-80
104000153,499,447,52
104000154,1065,597,468
104000155,482,564,-82
104000157,892,1314,-422
104000158,309,306,3
104000159,773,411,362
104000160,1525,1743,-218
104000161,140,174,-34
104000162,52,116,-64
104000165,1083,969,114
104000167,550,851,-301
104000168,435,4,431
104000169,80,36,44
104000170,548,510,38
104000248,300,624,-324
104000251,46,199,-153
104000272,0,0,0
104000273,0,0,0
104000274,0,0,0
104000275,0,0,0
104000279,609,442,167
104000290,102,259,-157
104000291,612,1021,-409
104000293,610,647,-37
104000294,18,0,18
104000295,498,645,-147
104000296,277,589,-312
104000297,541,1393,-852
104000298,1667,570,1097
104000299,589,1132,-543
104000302,104,113,-9
104000303,103,110,-7
104900001,182,361,-179
104900002,48,147,-99
104900003,47,291,-244
104900004,82,219,-137
104900005,256,204,52
104900006,273,78,195
104900007,241,182,59
104900009,91,231,-140
104900010,63,67,-4
104900011,23,14,9
104900012,255,14,241
104900013,127,13,114
104900014,2123,283,1840
104900015,91,8,83
104900016,196,226,-30
104900017,141,148,-7
104900018,2,162,-160
104900019,299,2135,-1836
104900020,47,248,-201
104900021,1,135,-134
104900022,8,155,-147
104900023,0,90,-90
104900024,21,97,-76
104900025,44,247,-203
104900026,5,106,-101
104900027,363,231,132
104900028,29,104,-75
104900029,49,104,-55
104900030,333,172,161
104900031,87,197,-110
104900032,43,100,-57
104900033,131,327,-196
104900034,278,124,154
104900035,251,175,76
104900036,239,100,139
104900037,92,198,-106
104900038,395,624,-229
104900039,741,307,434
104900040,321,133,188
104900041,265,184,81
104900042,116,219,-103
104900043,27,122,-95
104900044,473,199,274
104900045,345,47,298
104900046,150,97,53
104900047,259,120,139
104900048,252,83,169
104900049,32,37,-5
104900050,278,95,183
104900051,232,42,190
104900052,53,2,51
104900053,399,102,297
104900054,162,26,136
104900055,90,2,88
104900056,187,24,163
104900057,26,0,26
104900058,592,233,359
104900059,184,117,67
104900060,0,268,-268
104900061,198,380,-182
104900063,5,108,-103
104900064,0,70,-70
104900065,0,120,-120
104900066,3,126,-123
104900067,2,204,-202
104900068,11,190,-179
104900070,155,211,-56
104900071,0,395,-395
104900072,31,230,-199
104900073,40,120,-80
104900074,33,182,-149
104900075,42,28,14
104900076,56,241,-185
104900077,630,214,416
104900078,153,441,-288
104900079,95,399,-304
104900080,72,394,-322
104900082,12,373,-361
104900085,3,160,-157
104900087,311,2,309
104900089,151,1,150
104900090,581,484,97
104900091,512,543,-31
104900093,208,438,-230
104900097,1542,1184,358
104900098,84,28,56
104900099,613,897,-284
104900100,411,201,210
104900102,18,147,-129
104900103,385,67,318
104900104,2432,1489,943
104900106,88,91,-3
104900107,98,160,-62
104900108,30,191,-161
104900109,75,191,-116
104900110,10,44,-34
104900111,79,64,15
104900112,219,596,-377
104900113,575,273,302
104900114,260,391,-131
104900115,526,370,156
104900116,235,213,22
104900118,25,69,-44
104900119,8,46,-38
104900120,96,245,-149
104900121,1,64,-63
104900122,3,88,-85
104900123,39,7,32
104900124,52,1,51
104900125,371,9,362
104900126,91,59,32
104900127,25,69,-44
104900128,107,114,-7
104900129,1406,1246,160
105000001,2010,1275,735
105000002,1925,1304,621
105000003,2786,2773,13
105000004,416,769,-353
105000005,534,826,-292
105000006,1193,1335,-142
105000007,1077,1025,52
105000008,1328,2116,-788
105000009,1774,2594,-820
105000010,2963,1997,966
105000011,2887,2190,697
105000012,3401,2834,567
105000013,847,978,-131
105000014,1696,2002,-306
105000015,8250,10971,-2721
105000016,2725,1922,803
105000017,1534,726,808
105000018,1175,1255,-80
105000019,1037,768,269
105000020,179,346,-167
105000021,218,77,141
105000022,238,76,162
105000023,468,410,58
105000028,81,129,-48
105000029,569,1068,-499
105000030,3667,2552,1115
105000031,2,47,-45
105000033,979,1750,-771
105000034,142,802,-660
105000037,615,309,306
105000038,1599,1439,160
105000039,2341,1518,823
105000040,940,900,40
105000041,493,1110,-617
105000042,2661,1537,1124
105000043,1676,1808,-132
105000044,429,339,90
105000045,269,685,-416
105000046,914,301,613
105000047,455,1204,-749
105000048,442,155,287
105000049,261,547,-286
105000050,602,318,284
105000051,131,433,-302
105000052,506,668,-162
105000053,108,148,-40
105000054,343,769,-426
105000055,754,310,444
105000056,1629,1706,-77
105000057,1487,790,697
105000058,1170,1132,38
105000059,582,523,59
105000060,355,602,-247
105000061,484,533,-49
105000062,590,804,-214
105000063,273,534,-261
105000064,1097,700,397
105000065,359,633,-274
105000066,1077,1325,-248
105000067,1072,714,358
105000068,470,884,-414
105000069,1582,1335,247
105000070,573,820,-247
105000071,248,592,-344
105000072,886,1701,-815
105000073,744,516,228
105000074,996,787,209
105000075,386,777,-391
105000076,1024,928,96
105000077,1974,885,1089
105000078,1294,1260,34
105000079,1316,2696,-1380
105000080,1490,1186,304
105000081,3133,1198,1935
105000082,990,1445,-455
105000083,3736,2789,947
105000084,604,843,-239
105000085,1468,1540,-72
105000086,619,856,-237
105000087,1268,1507,-239
105000088,1282,1358,-76
105000089,2385,1818,567
105000090,960,792,168
105000091,1141,1406,-265
105000092,536,807,-271
105000093,285,245,40
105000094,272,210,62
105000095,141,433,-292
105000096,1188,989,199
105000097,1201,731,470
105000098,784,588,196
105000099,926,654,272
105000100,1066,923,143
105000101,1813,1738,75
105000102,1294,1229,65
105000103,1088,1829,-741
105000104,2239,835,1404
105000105,1488,1765,-277
105000106,1270,1501,-231
105000107,1111,799,312
105000108,1376,1290,86
105000109,1341,1426,-85
105000110,614,600,14
105000111,603,726,-123
105000112,1154,697,457
105000113,351,736,-385
105000114,2440,918,1522
105000115,307,1060,-753
105000116,598,481,117
105000117,791,1013,-222
105000118,345,432,-87
105000119,579,770,-191
105000120,761,490,271
105000121,617,839,-222
105000122,478,655,-177
105000123,1347,1149,198
105000124,1661,704,957
105000125,764,1744,-980
105000126,1630,1537,93
105000127,2022,1669,353
105000128,1083,979,104
105000129,766,366,400
105000130,291,2310,-2019
105000131,572,328,244
105000132,731,498,233
105000133,443,901,-458
105000134,583,624,-41
105000135,487,561,-74
105000136,111,284,-173
105000137,403,252,151
105000138,196,309,-113
105000139,978,885,93
105000140,319,519,-200
105000141,353,519,-166
105000142,142,466,-324
105000143,201,589,-388
105000144,263,722,-459
105000145,542,389,153
105000146,424,760,-336
105000147,512,327,185
105000148,1158,587,571
105000149,1956,1793,163
105000150,1907,1336,571
105000151,452,376,76
105000152,206,496,-290
105000153,532,612,-80
105000154,521,501,20
105000155,328,833,-505
105000156,816,575,241
105000157,719,1366,-647
105000158,1520,722,798
105000159,264,928,-664
105000160,1544,637,907
105000161,587,888,-301
105000162,469,1422,-953
105000163,935,766,169
105000164,231,265,-34
105000165,834,3947,-3113
105000166,4398,728,3670
105000167,1773,1108,665
105000168,359,562,-203
105000169,522,334,188
105000170,140,1253,-1113
105000171,872,185,687
105000172,140,38,102
105000173,137,82,55
105000174,53,54,-1
105000175,88,123,-35
105000176,307,115,192
105000177,230,191,39
105000178,100,403,-303
105000179,388,213,175
105000180,119,127,-8
105000181,83,237,-154
105000182,58,45,13
105000183,1963,1505,458
105000184,1869,995,874
105000185,1423,829,594
105000186,594,666,-72
105000187,743,157,586
105000188,261,121,140
105000189,218,395,-177
105000190,259,325,-66
105000191,369,293,76
105000192,270,80,190
105000193,91,103,-12
105000194,490,145,345
105000195,299,733,-434
105000196,129,290,-161
105000197,284,600,-316
105000198,621,330,291
105000199,315,750,-435
105000200,117,202,-85
105000201,79,35,44
105000203,18,230,-212
105000204,109,65,44
105000205,109,253,-144
105000207,428,221,207
105000208,198,502,-304
105000209,152,355,-203
105000211,289,15,274
105000212,1020,1138,-118
105000213,186,241,-55
105000214,209,271,-62
105000215,314,168,146
105000216,158,329,-171
105000217,121,297,-176
105000218,967,1045,-78
105000221,172,195,-23
105000222,626,60,566
105000223,316,172,144
105000226,88,207,-119
105000227,69,152,-83
105000228,320,1408,-1088
105000229,100,406,-306
105000231,403,297,106
105000233,837,593,244
105000234,623,1063,-440
105000235,348,475,-127
105000237,625,77,548
105000243,21,48,-27
105000248,47,79,-32
105000262,342,1109,-767
105000269,148,224,-76
105000270,377,49,328
105000271,2,184,-182
105000282,67,53,14
105000287,311,102,209
105000288,514,430,84
105000289,2681,1744,937
105000290,42,9,33
105000402,3433,3063,370
105000426,453,517,-64
105000438,3618,1587,2031
105000440,43,32,11
105000446,9814,5006,4808
105000447,5732,2745,2987
105000454,367,656,-289
105000455,295,203,92
105000474,62,1,61
105000477,333,529,-196
105000478,1414,3324,-1910
105000479,136,143,-7
105000480,7916,5460,2456
105000481,3697,2702,995
105000482,4945,6780,-1835
105000483,1484,1456,28
105000484,2168,2849,-681
105000485,1305,2346,-1041
105000486,3099,2147,952
105000488,8731,5103,3628
105000489,724,711,13
105000549,171,120,51
105000550,533,1364,-831
105000551,38,132,-94
105000552,2441,1673,768
105000555,1237,912,325
105000556,45,47,-2
105000557,70,221,-151
105900001,8,1097,-1089
105900002,1024,538,486
105900003,18,117,-99
105900004,235,132,103
105900005,5,163,-158
105900006,11,116,-105
105900007,111,17,94
105900008,62,649,-587
105900009,26,14,12
105900011,205,42,163
105900012,452,140,312
105900013,4,33,-29
105900014,14,65,-51
105900015,144,275,-131
105900016,408,446,-38
105900017,1320,45,1275
105900018,187,165,22
105900019,91,344,-253
105900020,46,53,-7
105900021,34,222,-188
105900022,225,134,91
105900023,12,81,-69
105900024,10,123,-113
105900025,155,31,124
105900026,202,20,182
105900027,5726,6901,-1175
105900028,733,180,553
105900029,1191,312,879
105900030,152,227,-75
105900031,317,215,102
105900032,57,168,-111
105900033,97,130,-33
105900034,193,181,12
105900035,129,145,-16
105900036,108,95,13
105900037,63,64,-1
105900038,178,214,-36
105900039,141,102,39
105900040,53,122,-69
105900041,111,158,-47
105900042,62,125,-63
105900043,993,56,937
105900044,7,235,-228
105900045,5,560,-555
105900046,1,217,-216
105900047,12,20,-8
105900048,105,428,-323
105900050,5859,2464,3395
105900051,31,905,-874
105900052,527,361,166
105900053,2245,2159,86
105900054,285,174,111
105900056,590,337,253
105900057,20,122,-102
105900058,14,30,-16
105900059,0,29,-29
106000001,3820,2284,1536
106000002,2272,4803,-2531
106000003,2294,3030,-736
106000004,1636,2501,-865
106000005,2501,4680,-2179
106000006,5210,3579,1631
106000007,444,555,-111
106000008,434,268,166
106000009,520,368,152
106000010,446,518,-72
106000011,882,925,-43
106000012,714,1177,-463
106000013,1450,1845,-395
106000014,1555,1531,24
106000015,1391,1155,236
106000016,1046,1933,-887
106000017,462,634,-172
106000018,558,492,66
106000019,334,437,-103
106000020,259,350,-91
106000021,325,409,-84
106000022,284,207,77
106000023,491,349,142
106000024,440,524,-84
106000025,97,182,-85
106000026,119,228,-109
106000027,1140,1192,-52
106000028,534,492,42
106000029,764,1237,-473
106000030,549,432,117
106000034,213,545,-332
106000035,1102,1830,-728
106000036,186,365,-179
106000037,1792,1386,406
106000038,389,125,264
106000039,151,74,77
106000040,121,707,-586
106000041,643,483,160
106000043,574,271,303
106000046,274,82,192
106000047,43,345,-302
106000049,851,200,651
106000050,306,590,-284
106000051,520,406,114
106000052,99,489,-390
106000053,275,128,147
106000054,285,352,-67
106000055,819,911,-92
106000056,223,352,-129
106000057,251,270,-19
106000058,110,168,-58
106000059,216,259,-43
106000060,317,494,-177
106000061,176,418,-242
106000062,159,461,-302
106000063,591,440,151
106000064,58,290,-232
106000065,249,306,-57
106000066,131,267,-136
106000067,433,93,340
106000068,54,532,-478
106000069,193,92,101
106000070,432,700,-268
106000071,875,272,603
106000072,2418,1401,1017
106000073,1465,2535,-1070
106000074,515,601,-86
106000075,326,1291,-965
106000076,1594,1902,-308
106000077,2936,1400,1536
106000078,822,942,-120
106000079,610,815,-205
106000080,1073,652,421
106000081,507,978,-471
106000082,2057,896,1161
106000083,407,1277,-870
106000084,1050,688,362
106000085,1275,1288,-13
106000086,593,882,-289
106000087,872,611,261
106000088,368,839,-471
106000089,880,400,480
106000090,270,584,-314
106000091,267,487,-220
106000092,521,282,239
106000093,260,160,100
106000094,87,249,-162
106000095,626,716,-90
106000096,757,633,124
106000097,851,900,-49
106000098,614,884,-270
106000099,192,619,-427
106000100,903,225,678
106000101,696,287,409
106000102,160,424,-264
106000103,362,427,-65
106000104,727,447,280
106000105,364,574,-210
106000106,480,493,-13
106000107,175,305,-130
106000108,258,383,-125
106000109,176,311,-135
106000110,217,304,-87
106000111,179,385,-206
106000112,152,443,-291
106000113,680,471,209
106000114,452,515,-63
106000115,191,470,-279
106000116,232,193,39
106000117,942,608,334
106000118,1030,1077,-47
106000119,1336,830,506
106000120,687,991,-304
106000121,173,137,36
106000122,70,247,-177
106000123,370,135,235
106000124,71,261,-190
106000125,34,205,-171
106000126,290,141,149
106000127,772,688,84
106000128,696,258,438
106000129,429,586,-157
106000130,622,306,316
106000131,129,734,-605
106000132,473,159,314
106000133,1745,990,755
106000134,535,1235,-700
106000135,284,604,-320
106000136,521,834,-313
106000137,59,742,-683
106000138,834,117,717
106000139,46,97,-51
106000140,52,71,-19
106000141,71,40,31
106000142,70,44,26
106000143,62,69,-7
106000144,70,53,17
106000145,213,229,-16
106000146,336,160,176
106000147,580,529,51
106000148,793,794,-1
106000149,476,437,39
106000150,500,1590,-1090
106000151,3115,710,2405
106000152,1096,1584,-488
106000153,84,1364,-1280
106000154,1033,241,792
106000155,64,213,-149
106000156,507,229,278
106000157,581,1289,-708
106000158,1989,835,1154
106000159,2536,1518,1018
106000160,323,1981,-1658
106000161,1282,333,949
106000162,201,808,-607
106000163,422,357,65
106000164,362,347,15
106000165,161,453,-292
106000166,567,274,293
106000167,341,855,-514
106000168,372,265,107
106000169,195,572,-377
106000170,684,283,401
106000171,245,967,-722
106000172,2265,1277,988
106000173,1055,2067,-1012
106000174,931,355,576
106000175,294,724,-430
106000176,1264,719,545
106000177,635,1957,-1322
106000178,2579,1636,943
106000179,1049,1974,-925
106000180,666,1042,-376
106000181,571,1351,-780
106000182,1037,563,474
106000183,1066,576,490
106000184,1515,527,988
106000185,812,909,-97
106000186,735,154,581
106000187,213,892,-679
106000188,7,3,4
106000189,10,47,-37
106000190,30,2,28
106000191,584,191,393
106000192,3,25,-22
106000193,385,204,181
106000194,135,252,-117
106000195,639,123,516
106000196,126,328,-202
106000197,590,257,333
106000198,169,236,-67
106000199,640,573,67
106000200,146,176,-30
106000201,415,1860,-1445
106000202,3009,489,2520
106000203,55,197,-142
106000204,81,12,69
106000205,25,119,-94
106000206,91,18,73
106000207,50,550,-500
106000208,1142,138,1004
106000209,1175,304,871
106000210,235,758,-523
106000211,246,1009,-763
106000212,686,335,351
106000213,711,1604,-893
106000214,2345,666,1679
106000215,292,454,-162
106000216,348,300,48
106000217,279,448,-169
106000218,463,401,62
106000219,112,293,-181
106000220,347,280,67
106000221,155,246,-91
106000222,68,90,-22
106000223,163,111,52
106000224,185,258,-73
106000225,61,108,-47
106000226,106,247,-141
106000228,49,118,-69
106000229,64,668,-604
106000231,727,105,622
106000232,89,344,-255
106000233,577,113,464
106000234,182,187,-5
106000235,1104,79,1025
106000236,526,82,444
106000237,16,7,9
106000238,278,12,266
106000239,3,159,-156
106000240,33,0,33
106000241,19,554,-535
106000242,208,25,183
106000249,66,78,-12
106000250,68,408,-340
106000251,112,28,84
106000252,39,58,-19
106000253,26,38,-12
106000254,54,42,12
106000255,15,151,-136
106000256,43,49,-6
106000257,119,194,-75
106000258,463,20,443
106000259,6,37,-31
106000260,69,5,64
106000261,5,55,-50
106000262,106,13,93
106000263,18,78,-60
106000264,144,20,124
106000265,5,129,-124
106000266,62,29,33
106000267,6,61,-55
106000268,508,73,435
106000269,82,35,47
106000270,137,431,-294
106000271,82,166,-84
106000272,251,50,201
106000273,7,277,-270
106000274,228,49,179
106000275,106,252,-146
106000276,170,30,140
106000277,119,250,-131
106000278,173,49,124
106000279,28,31,-3
106000280,78,74,4
106000281,79,40,39
106000282,66,80,-14
106000283,122,62,60
106000284,47,104,-57
106000285,115,88,27
106000286,70,120,-50
106000287,108,73,35
106000288,68,128,-60
106000289,131,76,55
106000290,71,94,-23
106000291,109,97,12
106000292,76,106,-30
106000293,106,95,11
106000294,160,109,51
106000295,49,56,-7
106000296,35,102,-67
106000297,63,240,-177
106000298,92,62,30
106000299,76,119,-43
106000300,85,100,-15
106000301,115,86,29
106000303,27,68,-41
106000304,23,22,1
106000305,50,47,3
106000306,27,51,-24
106000307,38,37,1
106000308,35,99,-64
106000309,15,52,-37
106000310,297,426,-129
106000311,368,184,184
106000312,96,175,-79
106000313,150,229,-79
106000318,80,359,-279
106000319,782,218,564
106000320,2,34,-32
106000321,344,110,234
106000322,124,170,-46
106000324,19,99,-80
106000325,1206,839,367
106000326,851,1527,-676
106000327,133,154,-21
106000328,18,101,-83
106000329,76,231,-155
106000330,41,61,-20
106000428,112,171,-59
106000429,132,414,-282
106000430,338,1051,-713
106000431,1620,446,1174
106000432,1847,2582,-735
106000433,1961,1376,585
106000434,2523,1401,1122
106000435,1430,2268,-838
106000436,16,144,-128
106000437,275,27,248
106000438,452,139,313
106000439,71,374,-303
106000440,191,351,-160
106000441,0,0,0
106000442,144,3,141
106000443,161,308,-147
106000450,6,125,-119
106000451,24,52,-28
106000454,8,369,-361
106000455,11,166,-155
106000456,74,54,20
106000457,12,832,-820
106000458,678,96,582
106000459,214,344,-130
106000460,1130,28,1102
106000461,71,964,-893
106000462,3,36,-33
106000463,6,26,-20
106000464,8,356,-348
106000465,573,2,571
106000466,3,494,-491
106000467,444,518,-74
106000468,58,127,-69
106000469,167,2,165
106000470,257,1364,-1107
106000471,24,501,-477
106000472,144,25,119
106000473,29,16,13
106000474,434,472,-38
106000475,378,187,191
106000476,195,207,-12
106000477,38,150,-112
106000480,0,280,-280
106900001,0,24,-24
106900002,2,411,-409
106900003,246,600,-354
106900004,0,36,-36
106900006,0,5,-5
106900007,0,15,-15
106900008,228,189,39
106900009,267,237,30
106900010,194,217,-23
106900012,1343,1539,-196
106900013,512,163,349
106900014,22,2,20
106900015,24,4,20
106900016,272,7,265
106900017,1,2,-1
106900018,4,0,4
106900019,41,3,38
106900020,2001,1198,803
106900021,75,59,16
106900022,593,2,591
106900023,48,261,-213
106900024,316,43,273
106900025,59,549,-490
106900026,0,537,-537
106900027,626,3,623
107000001,3385,2833,552
107000002,3151,4380,-1229
107000003,4440,4934,-494
107000004,4127,4363,-236
107000005,3352,4379,-1027
107000006,3912,4242,-330
107000007,4189,8037,-3848
107000008,9615,7909,1706
107000009,5434,6153,-719
107000010,9158,8916,242
107000011,1085,1167,-82
107000012,3432,2790,642
107000013,48,70,-22
107000014,40,206,-166
107000015,538,619,-81
107000016,558,683,-125
107000017,2320,864,1456
107000018,18,491,-473
107000020,1331,704,627
107000021,1119,449,670
107000022,697,1119,-422
107000023,1604,225,1379
107000024,397,1233,-836
107000025,200,329,-129
107000026,198,464,-266
107000027,1122,842,280
107000028,1087,1337,-250
107000029,2698,2204,494
107000030,2588,2728,-140
107000031,3600,2131,1469
107000032,515,1020,-505
107000033,2492,3141,-649
107000034,2525,1420,1105
107000035,228,173,55
107000036,334,984,-650
107000037,82,658,-576
107000038,217,246,-29
107000039,651,632,19
107000040,131,288,-157
107000041,1178,607,571
107000042,645,1711,-1066
107000043,2059,984,1075
107000044,524,302,222
107000045,66,272,-206
107000046,653,384,269
107000047,405,756,-351
107000048,548,251,297
107000049,544,685,-141
107000050,950,554,396
107000051,378,313,65
107000052,1028,919,109
107000053,363,163,200
107000054,87,287,-200
107000055,362,157,205
107000056,466,735,-269
107000057,1384,235,1149
107000058,1987,1981,6
107000059,1956,2864,-908
107000060,3251,4375,-1124
107000061,4502,3150,1352
107000062,3315,2708,607
107000063,3723,4338,-615
107000064,3653,1901,1752
107000065,3785,4272,-487
107000066,1498,2172,-674
107000067,1019,1014,5
107000068,1083,665,418
107000069,687,407,280
107000070,968,14,954
107000071,2595,44,2551
107000072,50,2532,-2482
107000073,600,284,316
107000074,167,847,-680
107000075,1421,573,848
107000076,717,1428,-711
107000077,2898,1412,1486
107000078,2561,3161,-600
107000079,2223,961,1262
107000080,1164,2844,-1680
107000081,1346,564,782
107000082,566,1631,-1065
107000083,1081,399,682
107000084,308,1497,-1189
107000085,2655,3160,-505
107000086,3393,3134,259
107000087,2469,1839,630
107000088,2968,3161,-193
107000089,1287,1459,-172
107000090,813,1059,-246
107000091,1378,777,601
107000092,842,964,-122
107000093,1134,734,400
107000094,892,1142,-250
107000095,608,636,-28
107000096,475,583,-108
107000097,599,342,257
107000098,631,605,26
107000099,348,234,114
107000100,195,273,-78
107000101,85,145,-60
107000102,181,272,-91
107000103,233,182,51
107000104,160,265,-105
107000105,338,108,230
107000106,271,279,-8
107000107,538,163,375
107000108,137,595,-458
107000109,449,166,283
107000110,91,419,-328
107000111,242,53,189
107000112,47,280,-233
107000113,505,121,384
107000114,124,503,-379
107000115,453,132,321
107000116,114,687,-573
107000117,118,423,-305
107000118,172,169,3
107000119,1140,1355,-215
107000120,1126,423,703
107000121,771,664,107
107000122,1104,863,241
107000123,416,557,-141
107000124,496,799,-303
107000125,825,544,281
107000126,918,745,173
107000129,225,695,-470
107000130,565,189,376
107000131,326,513,-187
107000132,445,313,132
107000133,862,97,765
107000134,299,5,294
107000135,2,226,-224
107000136,650,9,641
107000137,12,364,-352
107000138,290,13,277
107000139,14,334,-320
107000140,1277,95,1182
107000141,128,610,-482
107000142,416,73,343
107000143,76,647,-571
107000144,480,366,114
107000145,153,473,-320
107000146,162,309,-147
107000147,3611,1176,2435
107000150,647,2071,-1424
107000151,31,94,-63
107000152,433,1039,-606
107000153,202,309,-107
107000154,318,282,36
107000155,693,11,682
107000156,831,14,817
107000157,52,1345,-1293
107000158,548,20,528
107000159,50,861,-811
107000160,888,99,789
107000161,62,1209,-1147
107000162,206,337,-131
107000163,175,2,173
107000164,506,2,504
107000165,822,7,815
107000166,60,1036,-976
107000167,485,224,261
107000168,856,415,441
107000169,641,815,-174
107000170,1737,711,1026
107000171,623,1587,-964
107000172,871,1264,-393
107000173,633,735,-102
107000174,933,3705,-2772
107000175,5610,1554,4056
107000176,1,3,-2
107000177,1,4,-3
107000178,20,47,-27
107000179,244,1950,-1706
107000180,1114,312,802
107000181,405,1041,-636
107000182,1500,730,770
107000183,109,664,-555
107000184,851,659,192
107000185,305,1024,-719
107000186,847,376,471
107000187,1070,1206,-136
107000188,531,544,-13
107000189,331,975,-644
107000190,495,587,-92
107000191,791,1199,-408
107000192,1369,665,704
107000193,389,419,-30
107000194,852,606,246
107000197,695,225,470
107000198,276,734,-458
107000199,563,625,-62
107000200,530,658,-128
107000201,367,262,105
107000202,269,440,-171
107000203,1180,657,523
107000204,1393,811,582
107000205,2031,834,1197
107000206,828,1108,-280
107000207,652,833,-181
107000208,896,452,444
107000209,1753,1219,534
107000210,768,319,449
107000211,3,42,-39
107000212,16,296,-280
107000213,9,35,-26
107000214,27,116,-89
107000215,381,329,52
107000216,412,281,131
107000217,140,101,39
107000219,75,125,-50
107000220,227,210,17
107000222,272,667,-395
107000224,354,70,284
107000225,164,393,-229
107000226,372,70,302
107000227,93,229,-136
107000228,79,173,-94
107000229,151,134,17
107000230,960,495,465
107000231,1686,1577,109
107000232,165,71,94
107000233,1390,836,554
107000234,2,58,-56
107000235,58,13,45
107000236,25,376,-351
107000237,17,0,17
107000238,58,3,55
107000239,2508,384,2124
107000240,112,795,-683
107000243,0,50,-50
107000244,7,54,-47
107000246,0,925,-925
107000249,1,1021,-1020
107000251,1,265,-264
107000252,3,867,-864
107000255,304,91,213
107000257,0,344,-344
107000258,0,95,-95
107000259,4,150,-146
107000260,587,3,584
107000262,4,487,-483
107000263,284,5,279
107000266,12,4,8
107000267,71,131,-60
107000268,111,174,-63
107000269,696,48,648
107000270,1,13,-12
107000271,6,512,-506
107000272,14,94,-80
107000273,2,181,-179
107000274,722,41,681
107000275,200,865,-665
107000280,712,29,683
107000281,62,747,-685
107000282,23,683,-660
107000290,3,25,-22
107000291,24,3,21
107000292,2,44,-42
107000293,115,1,114
107000294,0,33,-33
107000295,45,2,43
107000296,1,3,-2
107000444,198,3,195
107000496,8,22,-14
107000497,1370,2047,-677
107000500,236,272,-36
107000501,70,165,-95
107000502,183,284,-101
107000505,375,712,-337
107000506,2,36,-34
107000508,10,508,-498
107000509,232,733,-501
107000510,20,18,2
107000514,55,275,-220
107000515,17,236,-219
107000516,267,201,66
107000518,895,1078,-183
107000519,1769,796,973
107000520,65,36,29
107000521,493,338,155
107000522,724,502,222
107900001,54,140,-86
107900002,49,6,43
107900003,235,11,224
107900004,40,1,39
107900005,1014,2,1012
107900006,141,2,139
107900007,236,29,207
107900008,78,29,49
107900009,98,6,92
107900010,30,2,28
107900012,203,32,171
107900013,208,43,165
107900014,28,7,21
107900015,811,12,799
107900016,328,65,263
107900017,22,0,22
107900018,48,109,-61
107900019,17,31,-14
107900020,55,15,40
107900021,84,121,-37
107900023,1,1,0
107900024,0,27,-27
107900025,190,224,-34
107900026,67,69,-2
107900027,43,54,-11
107900028,82,68,14
107900030,121,19,102
107900031,58,94,-36
107900032,5,3,2
107900033,16,5,11
107900034,352,19,333
107900035,719,34,685
107900036,55,13,42
107900037,0,33,-33
107900038,113,194,-81
107900039,28,38,-10
107900040,39,89,-50
107900041,5,2,3
107900043,40,69,-29
107900044,0,4,-4
107900045,94,46,48
107900046,147,171,-24
107900047,48,63,-15
107900048,118,9,109
107900049,289,1047,-758
107900050,131,249,-118
107900051,84,51,33
107900052,15,16,-1
107900053,36,78,-42
107900055,395,195,200
107900056,126,28,98
107900057,2,0,2
107900058,28,468,-440
107900060,16,26,-10
107900061,5,18,-13
107900063,64,91,-27
107900064,222,122,100
107900065,180,21,159
107900066,30,9,21
107900067,1,1,0
107900068,127,311,-184
107900069,42,1461,-1419
107900070,89,27,62
107900071,28,598,-570
107900072,77,150,-73
107900073,151,94,57
107900074,743,308,435
107900076,87,43,44
107900077,81,1,80
107900079,16,20,-4
107900080,339,480,-141
107900081,70,120,-50
107900082,13,23,-10
107900083,239,154,85
107900084,86,85,1
107900086,138,153,-15
107900087,540,178,362
107900088,36,5,31
107900089,235,708,-473
107900090,490,1773,-1283
107900091,190,367,-177
107900093,67,57,10
107900095,2966,2026,940
107900097,13,44,-31
107900098,39,99,-60
107900100,928,951,-23
107900101,822,214,608
107900102,33,3,30
107900103,44,151,-107
107900104,186,17,169
107900105,1,304,-303
107900106,2,925,-923
107900107,789,380,409
107900108,232,137,95
107900109,1065,9,1056
107900110,47,62,-15
107900111,14,598,-584
107900112,125,307,-182
107900113,170,97,73
107900114,132,129,3
107900115,0,39,-39
107900116,157,142,15
107900117,305,260,45
107900118,85,148,-63
107900119,67,266,-199
107900120,29,29,0
107900121,2,116,-114
107900122,4,80,-76
107900123,2,27,-25
107900124,24,41,-17
107900125,26,168,-142
107900126,9,60,-51
107900127,386,282,104
107900128,81,58,23
107900129,54,29,25
107900130,53,25,28
107900131,638,283,355
107900132,98,299,-201
107900133,1,54,-53
107900134,27,119,-92
107900135,4,138,-134
107900136,22,22,0
107900137,116,88,28
107900138,56,51,5
107900139,32,44,-12
107900141,52,47,5
107900142,72,608,-536
107900143,42,22,20
107900144,1,104,-103
107900145,7,54,-47
107900146,38,91,-53
107900147,37,37,0
107900148,120,100,20
107900149,625,222,403
107900150,59,592,-533
107900151,24,87,-63
107900152,3,137,-134
107900153,152,283,-131
107900154,54,25,29
107900155,68,47,21
107900156,2,277,-275
107900157,36,55,-19
107900158,664,35,629
107900159,19,711,-692
107900160,124,167,-43
107900161,31,137,-106
107900162,1,23,-22
107900163,32,32,0
107900164,8,48,-40
107900165,20,74,-54
107900166,13,183,-170
107900167,24,21,3
107900168,51,49,2
107900169,1,111,-110
107900171,9,1050,-1041
107900172,1,305,-304
107900173,21,135,-114
107900174,119,3,116
107900175,27,38,-11
107900176,16,39,-23
107900177,0,56,-56
107900178,0,141,-141
107900179,19,111,-92
107900180,624,451,173
107900181,204,205,-1
107900182,2,865,-863
107900183,46,221,-175
107900184,72,212,-140
107900185,90,2,88
107900186,17,45,-28
107900187,0,88,-88
107900188,544,162,382
107900189,29,111,-82
107900190,72,128,-56
107900191,47,121,-74
107900193,1,26,-25
107900194,133,9,124
107900195,1939,355,1584
107900196,41,66,-25
107900197,788,387,401
107900199,1,997,-996
107900201,51,90,-39
107900203,44,58,-14
107900204,177,132,45
107900206,882,223,659
107900207,0,458,-458
107900208,8,468,-460
107900209,353,87,266
107900210,92,120,-28
107900213,396,308,88
107900214,6,103,-97
107900215,141,264,-123
107900216,181,83,98
107900217,18,68,-50
107900218,16,1019,-1003
107900219,50,121,-71
107900220,191,206,-15
107900221,146,186,-40
107900223,48,455,-407
107900224,85,285,-200
107900225,7,499,-492
107900226,101,82,19
107900227,103,356,-253
107900228,12,86,-74
107900229,1,194,-193
107900230,7,102,-95
107900231,21,195,-174
107900232,56,115,-59
107900233,4,102,-98
107900234,74,89,-15
107900235,23,81,-58
107900236,69,73,-4
107900237,75,309,-234
107900238,21,107,-86
107900239,842,410,432
107900240,27,130,-103
107900241,10,77,-67
107900242,23,180,-157
107900243,1,73,-72
107900244,299,1,298
107900245,534,26,508
107900246,380,18,362
107900248,317,315,2
107900249,550,22,528
107900250,4,406,-402
107900251,102,1048,-946
107900252,653,16,637
107900253,146,6,140
107900254,49,313,-264
107900255,237,102,135
107900256,1435,567,868
107900257,137,111,26
107900258,111,183,-72
107900259,96,1478,-1382
107900261,5,270,-265
107900262,56,110,-54
107900264,189,7,182
107900265,96,118,-22
107900267,195,18,177
107900268,17,6,11
107900269,1,5,-4
107900270,0,0,0
107900271,1,33,-32
107900272,136,21,115
107900273,77,116,-39
107900274,80,0,80
107900275,26,1,25
107900276,0,90,-90
107900277,0,169,-169
107900278,245,346,-101
107900279,100,145,-45
107900280,1410,1776,-366
107900281,1317,2035,-718
107900282,46,341,-295
107900283,774,444,330
107900284,406,544,-138
107900285,107,69,38
107900286,178,98,80
107900287,174,180,-6
107900290,0,93,-93
107900291,329,23,306
107900292,88,182,-94
107900293,58,356,-298
107900295,74,51,23
107900297,0,192,-192
107900298,615,665,-50
107900299,2391,1582,809
107900301,450,559,-109
107900302,100,36,64
107900303,165,294,-129
107900304,253,427,-174
107900305,216,17,199
107900306,8,27,-19
107900307,54,214,-160
107900308,127,85,42
107900309,62,1,61
107900310,278,2,276
107900311,4,158,-154
107900312,40,0,40
107900313,0,89,-89
107900314,1,51,-50
107900315,1,30,-29
107900316,50,1,49
107900317,59,13,46
107900318,2,101,-99
107900319,3,104,-101
107900320,0,137,-137
107900321,125,11,114
107900322,0,142,-142
107900323,6,113,-107
107900324,104,1,103
107900325,78,3,75
107900326,292,238,54
107900327,0,64,-64
107900328,156,0,156
107900329,75,51,24
107900330,11,235,-224
107900331,159,30,129
107900332,205,33,172
107900333,37,14,23
107900334,14,108,-94
107900335,44,30,14
107900336,37,67,-30
107900337,788,481,307
107900338,2,107,-105
107900339,2,14,-12
107900340,3,42,-39
107900341,42,0,42
107900342,109,124,-15
107900343,46,7,39
107900344,12,73,-61
107900345,74,27,47
107900346,18,3,15
107900347,28,4,24
107900348,6,2,4
107900349,18,3,15
107900350,15,210,-195
107900351,4,116,-112
107900352,1,35,-34
107900353,12,5,7
107900354,20,50,-30
108000001,2685,3298,-613
108000002,2062,2565,-503
108000003,3143,3094,49
108000004,11582,13645,-2063
108000005,6804,5870,934
108000006,7824,7635,189
108000007,4383,3881,502
108000008,4166,6043,-1877
108000009,2982,3843,-861
108000010,2636,4163,-1527
108000011,9901,10427,-526
108000012,15616,13845,1771
108000014,930,630,300
108000015,741,291,450
108000016,244,677,-433
108000017,921,413,508
108000018,1712,595,1117
108000019,1976,783,1193
108000020,1204,505,699
108000021,365,1755,-1390
108000022,421,1270,-849
108000023,1081,259,822
108000024,367,518,-151
108000025,236,252,-16
108000026,818,411,407
108000027,729,635,94
108000028,697,236,461
108000029,426,844,-418
108000030,488,186,302
108000031,216,584,-368
108000032,1338,637,701
108000033,774,1047,-273
108000034,1286,490,796
108000035,638,1851,-1213
108000036,343,950,-607
108000037,1403,350,1053
108000038,2151,557,1594
108000039,552,1809,-1257
108000040,1512,952,560
108000041,594,2136,-1542
108000042,218,200,18
108000043,172,244,-72
108000044,420,191,229
108000045,284,467,-183
108000046,1180,355,825
108000047,379,861,-482
108000048,163,345,-182
108000049,688,291,397
108000050,138,600,-462
108000051,334,141,193
108000052,217,685,-468
108000053,388,186,202
108000054,493,925,-432
108000055,880,515,365
108000056,1348,1252,96
108000057,492,1112,-620
108000058,1920,3234,-1314
108000059,3323,2039,1284
108000060,217,581,-364
108000061,308,504,-196
108000062,694,476,218
108000063,397,491,-94
108000064,165,200,-35
108000065,568,536,32
108000066,1260,754,506
108000067,1572,612,960
108000068,509,397,112
108000069,224,932,-708
108000070,1508,762,746
108000071,576,1376,-800
108000072,1401,1110,291
108000073,1235,1664,-429
108000074,475,367,108
108000075,344,906,-562
108000076,651,523,128
108000077,534,638,-104
108000078,1874,1306,568
108000079,968,1589,-621
108000080,1113,496,617
108000081,593,1548,-955
108000082,1051,1651,-600
108000083,1541,1027,514
108000084,486,995,-509
108000085,644,469,175
108000086,826,689,137
108000087,177,1760,-1583
108000088,589,193,396
108000089,325,279,46
108000091,214,444,-230
108000092,124,66,58
108000093,156,440,-284
108000094,437,92,345
108000095,154,280,-126
108000096,228,156,72
108000097,149,341,-192
108000098,1290,1076,214
108000099,829,259,570
108000100,123,404,-281
108000101,879,1164,-285
108000102,1551,2859,-1308
108000106,1029,1,1028
108000107,2,667,-665
108000108,714,54,660
108000109,6,684,-678
108000110,231,234,-3
108000111,140,511,-371
108000112,65,126,-61
108000113,433,289,144
108000115,268,318,-50
108000117,596,350,246
108000118,578,1534,-956
108000119,645,309,336
108000120,193,670,-477
108000121,201,433,-232
108000122,478,306,172
108000123,514,215,299
108000124,272,527,-255
108000125,329,231,98
108000126,150,374,-224
108000127,526,261,265
108000128,573,504,69
108000129,355,1057,-702
108000130,424,234,190
108000131,905,602,303
108000132,2033,1372,661
108000133,736,513,223
108000134,492,520,-28
108000135,1005,438,567
108000136,347,848,-501
108000137,401,322,79
108000138,341,833,-492
108000139,456,287,169
108000140,68,27,41
108000141,38,73,-35
108000142,59,86,-27
108000143,65,378,-313
108000144,363,64,299
108000145,33,11,22
108000146,501,73,428
108000147,23,20,3
108000148,430,106,324
108000149,16,36,-20
108000150,25,11,14
108000151,215,51,164
108000152,133,462,-329
108000153,488,117,371
108000154,39,13,26
108000155,51,27,24
108000156,695,371,324
108000157,117,751,-634
108000158,98,789,-691
108000159,605,203,402
108000160,2713,1008,1705
108000161,2187,2070,117
108000165,3,133,-130
108000172,9,282,-273
108000173,1766,1714,52
108000175,497,116,381
108000178,344,283,61
108000179,183,765,-582
108000181,79,33,46
108000182,275,115,160
108000183,46,346,-300
108000184,984,1869,-885
108000185,237,468,-231
108000186,328,446,-118
108000187,146,594,-448
108000188,563,232,331
108000189,1983,6079,-4096
108000190,47,113,-66
108000192,193,542,-349
108000193,564,31,533
108000194,58,6,52
108000195,4,861,-857
108000196,195,192,3
108000198,597,334,263
108000199,1,174,-173
108000200,339,458,-119
108000203,116,567,-451
108000204,165,51,114
108000205,336,449,-113
108000339,1095,353,742
108000364,273,666,-393
108000365,51,286,-235
108000367,209,314,-105
108000368,11,64,-53
108000369,928,217,711
108000371,11,612,-601
108000372,729,15,714
108000373,144,126,18
108000376,90,35,55
108000377,391,280,111
108000378,8147,8863,-716
108000379,35,170,-135
108000381,57,13,44
108000382,139,1,138
108000383,0,177,-177
108900001,112,916,-804
108900002,151,53,98
108900003,305,669,-364
108900004,1245,404,841
108900007,220,173,47
108900008,97,138,-41
108900009,72,106,-34
108900010,187,184,3
108900011,467,382,85
108900012,229,414,-185
108900013,168,228,-60
108900014,12,114,-102
108900015,1,87,-86
108900016,2,243,-241
108900017,233,314,-81
108900018,114,330,-216
108900019,48,669,-621
108900020,31,134,-103
108900021,123,236,-113
108900022,100,10,90
108900023,9,22,-13
108900024,27,112,-85
108900025,80,128,-48
108900026,38,83,-45
108900027,1,65,-64
108900028,91,301,-210
108900029,49,219,-170
108900030,0,70,-70
108900031,127,321,-194
108900032,13,193,-180
108900033,0,95,-95
108900034,1,218,-217
108900035,308,1190,-882
108900038,2,261,-259
108900039,1,449,-448
108900040,12,113,-101
108900041,4329,2620,1709
108900042,3,410,-407
108900043,60,398,-338
108900044,1,420,-419
108900045,77,439,-362
108900046,49,672,-623
108900047,2,99,-97
108900048,136,802,-666
108900049,2806,973,1833
108900050,1,184,-183
108900051,2,187,-185
108900052,21,157,-136
108900053,78,153,-75
108900054,84,206,-122
108900055,61,324,-263
108900056,1,150,-149
108900057,0,110,-110
108900058,39,285,-246
108900059,364,46,318
108900060,90,115,-25
108900061,98,33,65
108900062,4,176,-172
108900063,6,288,-282
108900064,150,54,96
108900065,12,194,-182
108900066,349,133,216
108900067,13,144,-131
108900068,5,132,-127
108900069,69,88,-19
108900070,37,116,-79
108900071,81,75,6
108900072,1682,617,1065
108900073,25,271,-246
108900074,205,333,-128
108900075,53,53,0
108900076,260,74,186
108900077,110,390,-280
108900078,33,106,-73
108900079,825,197,628
108900080,28,631,-603
108900081,56,225,-169
108900082,72,77,-5
108900083,29,199,-170
108900085,1857,156,1701
108900086,133,212,-79
108900087,85,144,-59
108900088,798,395,403
108900089,37,136,-99
108900090,29,245,-216
108900091,88,100,-12
108900092,428,347,81
108900093,86,102,-16
108900094,198,87,111
108900095,45,317,-272
108900096,303,23,280
108900097,222,187,35
108900098,2045,670,1375
108900099,346,185,161
108900100,92,95,-3
108900101,218,132,86
108900102,99,711,-612
108900103,96,122,-26
108900105,11,975,-964
108900106,410,322,88
108900108,421,78,343
108900109,321,55,266
108900110,234,404,-170
108900111,359,502,-143
108900113,30,52,-22
108900114,44,10,34
108900115,59,71,-12
108900116,46,17,29
108900117,169,19,150
108900118,497,12,485
108900119,247,25,222
108900120,256,147,109
108900121,264,117,147
108900122,106,23,83
108900123,120,119,1
108900124,423,181,242
108900125,317,5,312
108900126,91,17,74
108900127,124,15,109
108900128,115,31,84
108900129,682,132,550
108900130,219,1,218
108900131,339,5,334
108900132,419,65,354
108900133,159,35,124
108900134,278,224,54
108900135,140,6,134
108900136,52,0,52
108900137,134,1,133
108900138,649,61,588
108900140,288,223,65
108900141,265,18,247
108900142,96,24,72
108900143,41,0,41
108900144,114,0,114
108900145,175,19,156
108900146,70,0,70
108900147,211,0,211
108900148,66,20,46
108900150,224,11,213
108900151,252,6,246
108900152,182,15,167
108900153,177,372,-195
108900154,3709,555,3154
108900156,54,7,47
108900157,46,396,-350
108900158,317,31,286
108900159,6,198,-192
108900160,11,249,-238
108900161,7,359,-352
108900162,99,1,98
108900163,22,226,-204
108900164,48,75,-27
108900168,6855,2467,4388
108900169,53,85,-32
108900171,5248,2206,3042
108900172,188,48,140
108900173,139,302,-163
108900174,665,559,106
108900176,114,419,-305
108900177,4336,3842,494
108900178,3365,2692,673
108900180,100,234,-134
108900183,189,223,-34
108900184,341,152,189
108900185,127,263,-136
108900186,39,343,-304
108900189,385,157,228
108900190,51,2394,-2343
108900192,83,216,-133
108900195,103,261,-158
108900196,23,281,-258
108900199,223,362,-139
108900200,511,291,220
108900201,479,1267,-788
108900203,383,115,268
108900204,247,20,227
108900205,188,28,160
108900206,290,67,223
108900207,148,67,81
108900208,24,257,-233
108900209,207,426,-219
108900210,153,195,-42
108900211,205,449,-244
108900212,792,1350,-558
108900215,79,379,-300
108900216,435,159,276
108900217,132,1,131
108900218,136,76,60
108900221,54,129,-75
108900224,40,148,-108
108900225,0,185,-185
108900227,105,246,-141
108900230,226,262,-36
108900232,2,260,-258
108900233,293,99,194
108900234,251,131,120
108900235,191,447,-256
108900236,44,218,-174
108900240,187,121,66
108900241,35,35,0
108900245,21,1066,-1045
108900250,205,145,60
108900258,1,192,-191
108900259,76,82,-6
108900260,7,80,-73
108900261,73,135,-62
108900262,123,173,-50
108900263,30,165,-135
108900264,711,334,377
108900265,830,290,540
108900266,833,508,325
108900267,1,84,-83
108900268,19,15,4
108900269,96,36,60
108900270,63,13,50
108900271,43,17,26
108900272,181,8,173
108900273,943,704,239
108900274,52,50,2
109000001,2355,1095,1260
109000002,1364,1361,3
109000003,2052,363,1689
109000004,433,1906,-1473
109000005,2128,634,1494
109000006,702,1813,-1111
109000007,1161,542,619
109000008,398,1498,-1100
109000009,3084,1222,1862
109000010,1428,3415,-1987
109000011,2702,1823,879
109000012,1593,3004,-1411
109000013,2801,2379,422
109000014,1751,2634,-883
109000015,3294,5730,-2436
109000016,5727,3348,2379
109000017,2005,1111,894
109000018,896,2567,-1671
109000019,2177,1171,1006
109000020,1018,1660,-642
109000023,195,29,166
109000024,14,188,-174
109000025,282,352,-70
109000026,567,279,288
109000027,74,273,-199
109000028,164,84,80
109000029,73,155,-82
109000030,75,444,-369
109000031,165,177,-12
109000032,139,384,-245
109000033,292,161,131
109000034,83,50,33
109000035,24,84,-60
109000036,133,352,-219
109000037,276,939,-663
109000038,573,380,193
109000039,830,663,167
109000040,3456,6285,-2829
109000041,2963,1546,1417
109000042,586,1130,-544
109000044,399,98,301
109000045,151,358,-207
109000046,296,74,222
109000047,111,385,-274
109000048,740,221,519
109000049,223,498,-275
109000050,338,262,76
109000051,263,242,21
109000052,545,874,-329
109000053,214,91,123
109000054,244,498,-254
109000055,217,241,-24
109000056,323,383,-60
109000057,641,391,250
109000058,957,252,705
109000059,852,1380,-528
109000060,346,379,-33
109000061,903,948,-45
109000062,124,347,-223
109000063,232,178,54
109000064,202,181,21
109000065,112,204,-92
109000066,319,81,238
109000067,57,262,-205
109000068,2053,12,2041
109000069,1051,23,1028
109000070,8,1142,-1134
109000071,348,59,289
109000072,77,317,-240
109000073,49,70,-21
109000074,20,198,-178
109000075,86,309,-223
109000076,104,228,-124
109000077,382,323,59
109000078,90,148,-58
109000079,161,185,-24
109000080,165,84,81
109000081,106,488,-382
109000082,504,215,289
109000083,252,648,-396
109000088,117,395,-278
109000089,250,45,205
109000090,125,379,-254
109000091,273,167,106
109000092,296,498,-202
109000093,191,212,-21
109000094,430,2,428
109000095,106,392,-286
109000096,496,284,212
109000097,102,158,-56
109000098,67,123,-56
109000099,902,288,614
109000100,230,530,-300
109000101,1408,630,778
109000102,300,730,-430
109000103,436,555,-119
109000104,1314,474,840
109000105,383,1020,-637
109000106,1629,703,926
109000107,559,1872,-1313
109000108,1425,459,966
109000109,413,1612,-1199
109000110,999,546,453
109000111,863,1787,-924
109000112,599,127,472
109000113,471,145,326
109000114,177,386,-209
109000115,1274,122,1152
109000116,21,238,-217
109000117,231,102,129
109000118,19,251,-232
109000119,966,241,725
109000120,195,679,-484
109000121,403,63,340
109000122,103,675,-572
109000123,57,50,7
109000124,506,328,178
109000125,673,308,365
109000126,368,610,-242
109000127,744,195,549
109000128,428,1308,-880
109000129,1708,747,961
109000130,648,1749,-1101
109000131,746,602,144
109000132,777,1595,-818
109000133,475,966,-491
109000134,722,1312,-590
109000135,1099,1384,-285
109000136,310,305,5
109000137,280,312,-32
109000138,466,365,101
109000139,402,432,-30
109000140,145,290,-145
109000141,428,459,-31
109000142,105,448,-343
109000143,89,88,1
109000145,135,342,-207
109000146,95,102,-7
109000148,2761,1343,1418
109000149,18,67,-49
109000150,143,226,-83
109000155,633,455,178
109000156,904,689,215
109000158,134,208,-74
109000159,82,406,-324
109000160,721,212,509
109000161,303,875,-572
109000162,1475,632,843
109000163,744,1520,-776
109000164,1048,2434,-1386
109000165,1027,558,469
109000166,562,112,450
109000167,135,490,-355
109000170,58,57,1
109000171,79,53,26
109000172,39,82,-43
109000173,22,74,-52
109000174,84,72,12
109000175,57,90,-33
109000176,239,247,-8
109000177,35,132,-97
109000178,607,412,195
109000179,4237,4121,116
109000180,3961,2995,966
109000181,16,31,-15
109000182,25,29,-4
109000183,43,28,15
109000184,42,24,18
109000185,20,45,-25
109000188,588,1665,-1077
109000189,2071,843,1228
109000190,492,357,135
109000191,289,369,-80
109000192,383,202,181
109000193,146,257,-111
109000194,240,98,142
109000195,125,291,-166
109000196,294,108,186
109000197,137,348,-211
109000198,297,56,241
109000199,130,416,-286
109000206,176,29,147
109000207,100,41,59
109000208,88,96,-8
109000209,178,158,20
109000210,240,515,-275
109000211,487,436,51
109000214,478,392,86
109000215,124,54,70
109000216,247,246,1
109000217,412,150,262
109000218,421,185,236
109000221,575,1030,-455
109000222,895,291,604
109000223,339,252,87
109000224,47,110,-63
109000225,61,52,9
109000226,54,210,-156
109000227,885,900,-15
109000228,2,778,-776
109000231,1,264,-263
109000232,351,318,33
109000236,248,678,-430
109000241,1966,2005,-39
109000242,1923,1305,618
109000293,31,64,-33
109000361,189,311,-122
109000364,197,494,-297
109000396,3,462,-459
109000397,456,6,450
109000399,155,370,-215
109000400,77,248,-171
109000403,117,742,-625
109000406,519,87,432
109000407,307,231,76
109000408,0,431,-431
109000410,862,273,589
109000411,196,22,174
109900001,84,8,76
109900002,792,27,765
109900003,221,1,220
109900004,862,128,734
109900005,36,5,31
109900006,328,171,157
109900007,662,523,139
109900008,0,42,-42
109900009,100,384,-284
109900010,439,36,403
109900011,81,49,32
109900012,338,220,118
109900013,365,206,159
109900014,402,55,347
109900015,444,242,202
109900016,138,25,113
109900017,164,241,-77
109900018,257,81,176
109900019,256,50,206
109900020,38,64,-26
109900021,35,19,16
109900022,147,154,-7
109900023,20,11,9
109900024,19,1,18
109900025,8,85,-77
109900026,2,125,-123
109900027,35,88,-53
109900028,1324,815,509
109900029,3,290,-287
109900030,54,7,47
109900031,0,123,-123
109900032,9,262,-253
109900033,0,342,-342
109900034,35,3,32
109900035,9,29,-20
109900036,13,69,-56
109900037,23,396,-373
109900038,83,210,-127
109900039,21,0,21
109900040,17,439,-422
109900041,93,333,-240
109900042,65,326,-261
109900044,150,187,-37
109900045,287,78,209
109900046,99,79,20
109900047,383,284,99
109900048,2,101,-99
109900049,10,31,-21
109900050,0,163,-163
109900051,0,69,-69
109900052,113,280,-167
109900053,6,288,-282
109900054,505,182,323
109900055,75,258,-183
109900056,36,205,-169
109900057,5,158,-153
109900058,2,61,-59
109900059,498,114,384
109900060,366,127,239
109900061,61,250,-189
109900062,0,127,-127
109900063,8,375,-367
109900064,469,213,256
109900065,76,124,-48
109900066,295,761,-466
109900067,1,196,-195
109900068,49,5,44
109900069,8,47,-39
109900070,43,289,-246
109900071,1,39,-38
109900072,26,116,-90
109900073,323,384,-61
109900074,14,62,-48
109900075,29,46,-17
109900076,20,323,-303
109900077,36,43,-7
109900078,93,189,-96
109900080,112,271,-159
109900081,26,199,-173
109900082,35,287,-252
109900083,31,51,-20
109900084,57,130,-73
109900085,182,609,-427
109900086,174,276,-102
109900087,359,478,-119
109900089,551,263,288
109900090,473,824,-351
109900091,271,93,178
109900092,812,33,779
109900093,791,135,656
109900094,65,87,-22
109900095,327,208,119
109900096,31,2,29
109900097,63,1,62
109900098,313,40,273
109900099,131,0,131
109900100,25,0,25
109900101,338,18,320
109900102,480,27,453
109900103,33,30,3
109900104,446,628,-182
109900105,410,45,365
109900106,278,54,224
109900107,327,68,259
109900108,74,247,-173
109900109,37,135,-98
109900110,68,274,-206
109900111,279,725,-446
109900112,313,522,-209
109900113,621,505,116
109900114,1314,674,640
109900115,171,98,73
109900117,782,129,653
109900118,220,364,-144
109900119,606,287,319
109900120,83,38,45
109900121,346,509,-163
109900122,356,9,347
109900123,15,143,-128
109900124,30,445,-415
109900125,1,150,-149
109900126,243,82,161
109900128,175,41,134
109900130,5530,2240,3290
109900131,61,138,-77
109900132,41,158,-117
109900133,91,231,-140
109900134,135,100,35
109900135,366,99,267
109900136,98,109,-11
109900137,112,267,-155
109900140,227,160,67
109900142,1014,244,770
109900145,8,459,-451
109900146,415,38,377
109900148,46,63,-17
109900149,28,72,-44
109900150,8,88,-80
109900151,5,56,-51
109900152,1,31,-30
109900153,0,68,-68
109900154,41,0,41
109900155,62,37,25
109900157,58,198,-140
109900158,44,125,-81
109900159,173,37,136
109900160,133,33,100
109900161,253,60,193
109900162,172,92,80
109900163,585,259,326
109900164,53,214,-161
109900165,295,9,286
109900166,1,151,-150
109900167,159,489,-330
109900168,254,554,-300
109900169,228,179,49
109900170,190,595,-405
109900171,146,80,66
109900172,171,193,-22
109900173,2356,1915,441
109900174,48,100,-52
109900175,64,61,3
109900176,65,172,-107
109900177,71,205,-134
109900178,43,131,-88
109900179,70,8,62
109900180,15,24,-9
110000001,885,484,401
110000002,563,747,-184
110000003,751,653,98
110000004,452,616,-164
110000005,429,1503,-1074
110000006,337,326,11
110000007,134,120,14
110000008,11,49,-38
110000009,65,47,18
110000010,46,73,-27
110000011,52,73,-21
110000012,576,334,242
110000013,26,438,-412
110000014,657,379,278
110000015,260,802,-542
110000016,247,1330,-1083
110000017,2151,264,1887
110000018,1718,318,1400
110000019,5,89,-84
110000020,388,235,153
110000021,603,412,191
110000022,554,187,367
110000023,13,113,-100
110000024,592,331,261
110000025,369,10,359
110000026,13,249,-236
110000027,1094,558,536
110000028,748,663,85
110000029,400,637,-237
110000030,221,419,-198
110000031,279,437,-158
110000032,673,447,226
110000033,264,71,193
110000034,403,602,-199
110000035,775,447,328
110000036,907,595,312
110000037,203,353,-150
110000038,213,505,-292
110000039,581,2337,-1756
110000040,220,255,-35
110000041,245,986,-741
110000042,104,230,-126
110000043,625,238,387
110000044,121,130,-9
110000045,915,74,841
110000046,6,10,-4
110000047,44,25,19
110000048,8,16,-8
110000049,34,10,24
110000050,3,15,-12
110000051,45,8,37
110000052,48,31,17
110000053,50,5,45
110000054,389,188,201
110000055,750,32,718
110000056,174,87,87
110000057,382,539,-157
110000058,967,416,551
110000059,861,464,397
110000060,733,911,-178
110000061,716,647,69
110000062,633,907,-274
110000063,36,101,-65
110000064,109,84,25
110000065,61,84,-23
110000066,65,46,19
110000067,92,144,-52
110000068,287,146,141
110000069,179,78,101
110000071,92,99,-7
110000073,5,24,-19
110000075,6,75,-69
110000076,229,337,-108
110000077,315,1128,-813
110000078,35,48,-13
110000080,318,700,-382
110000081,92,228,-136
110000082,63,334,-271
110000083,218,603,-385
110000084,1095,716,379
110000085,1959,1621,338
110000086,1445,1739,-294
110000087,11,54,-43
110000088,56,231,-175
110000089,249,121,128
110000090,422,214,208
110000091,1038,266,772
110000092,29,67,-38
110000093,32,8,24
110000094,408,260,148
110000095,167,509,-342
110000096,1929,1792,137
110000097,844,1113,-269
110000098,1641,579,1062
110000099,727,1423,-696
110000100,733,423,310
110000101,29,291,-262
110000102,92,49,43
110000104,454,140,314
110000105,83,308,-225
110000106,529,372,157
110000107,328,406,-78
110000108,141,73,68
110000109,260,273,-13
110000110,2795,3876,-1081
110000111,4837,2481,2356
110000112,1272,1171,101
110000113,382,1805,-1423
110000114,177,457,-280
110000115,323,290,33
110000116,33,68,-35
110000117,151,277,-126
110000118,372,162,210
110000119,212,270,-58
110000120,306,152,154
110000121,86,333,-247
110000122,355,590,-235
110000123,554,728,-174
110000124,0,768,-768
110000125,792,10,782
110000126,268,29,239
110000127,1154,47,1107
110000128,31,1046,-1015
110000129,5,617,-612
110000130,395,178,217
110000131,77,463,-386
110000132,1,558,-557
110000133,37,485,-448
110000134,19,332,-313
110000135,136,25,111
110000136,50,219,-169
110000137,461,495,-34
110000138,706,644,62
110000139,707,1008,-301
110000140,855,664,191
110000143,576,386,190
110000144,4805,1800,3005
110000145,1890,896,994
110000146,1519,659,860
110000147,332,487,-155
110000148,442,244,198
110000151,901,952,-51
110000152,823,320,503
110000153,88,42,46
110000154,11,35,-24
110000155,1240,3646,-2406
110000156,1184,2205,-1021
110000157,1990,1761,229
110000160,328,294,34
110000161,190,240,-50
110000166,417,92,325
110000167,716,520,196
110000168,907,459,448
110000169,831,366,465
110000170,166,63,103
110000171,512,156,356
110000172,140,718,-578
110000173,1065,1098,-33
110000174,127,800,-673
110000175,480,65,415
110000176,337,285,52
110000177,183,661,-478
110000178,353,1184,-831
110000179,1019,286,733
110000180,137,211,-74
110000181,305,386,-81
110000182,271,98,173
110000183,6856,5304,1552
110000184,309,1943,-1634
110000185,809,570,239
110000186,658,613,45
110000191,923,284,639
110000192,551,12,539
110000193,1106,6,1100
110000194,12,912,-900
110000195,379,284,95
110000196,291,324,-33
110000197,74,151,-77
110000198,123,77,46
110000199,106,101,5
110000200,1261,452,809
110000201,1114,792,322
110000202,1069,601,468
110000203,760,666,94
110000204,7,193,-186
110000205,93,62,31
110000206,724,1271,-547
110000207,859,323,536
110000208,147,185,-38
110000209,141,699,-558
110000210,888,458,430
110000211,628,584,44
110000212,377,871,-494
110000213,158,76,82
110000214,241,106,135
110000215,200,327,-127
110000216,116,308,-192
110000217,216,168,48
110000218,207,282,-75
110000219,309,70,239
110000220,75,222,-147
110000221,302,93,209
110000222,66,194,-128
110000223,4,197,-193
110000224,88,26,62
110000225,209,642,-433
110000226,232,89,143
110000227,682,609,73
110000228,284,223,61
110000229,1,224,-223
110000230,495,577,-82
110000231,184,204,-20
110000232,277,148,129
110000233,222,201,21
110000234,531,416,115
110000235,738,850,-112
110000236,579,533,46
110000237,1703,1087,616
110000238,931,1321,-390
110000239,1601,1029,572
110000240,0,71,-71
110000242,1,14,-13
110000243,90,127,-37
110000244,152,279,-127
110000245,47,307,-260
110000246,764,510,254
110000247,1089,4133,-3044
110000248,1826,1342,484
110000249,67,6,61
110000250,28,141,-113
110000251,234,480,-246
110000252,189,152,37
110000253,1081,614,467
110000254,585,1057,-472
110000255,235,839,-604
110000256,361,283,78
110000257,645,392,253
110000258,13,303,-290
110000259,118,15,103
110000260,20,192,-172
110000263,435,127,308
110000264,297,350,-53
110000265,965,1495,-530
110000266,1580,2364,-784
110000267,32,127,-95
110000268,336,390,-54
110000269,2,53,-51
110000270,39,6,33
110000271,1254,252,1002
110000272,1221,834,387
110000273,2661,1220,1441
110000274,264,1067,-803
110000275,1672,465,1207
110000276,362,279,83
110000277,424,361,63
110000278,419,598,-179
110000279,735,655,80
110000280,367,382,-15
110000281,37,283,-246
110000282,313,41,272
110000283,57,144,-87
110000284,76,63,13
110000285,2,442,-440
110000286,18,0,18
110000287,82,7,75
110000288,25,60,-35
110000289,430,1258,-828
110000290,963,544,419
110000291,3906,1210,2696
110000292,1292,3378,-2086
110000293,659,660,-1
110000294,805,923,-118
110000295,93,643,-550
110000296,329,265,64
110000297,2120,336,1784
110000298,261,574,-313
110000299,327,75,252
110000301,277,14,263
110000302,369,852,-483
110000303,407,4,403
110000304,187,252,-65
110000305,932,13,919
110000306,116,990,-874
110000307,1395,12,1383
110000308,401,6,395
110000309,7,587,-580
110000310,690,66,624
110000311,10,555,-545
110000312,419,83,336
110000313,2141,3076,-935
110000314,2,246,-244
110000315,2799,2231,568
110000316,453,1239,-786
110000317,396,408,-12
110000318,7,60,-53
110000319,15,19,-4
110000320,69,55,14
110000321,17,54,-37
110000322,310,275,35
110000323,481,157,324
110000324,2698,1192,1506
110000325,2025,2152,-127
110000327,407,233,174
110000328,163,302,-139
110000333,853,537,316
110000334,752,1147,-395
110000335,663,495,168
110000336,692,1025,-333
110000337,1198,531,667
110000338,524,205,319
110000339,321,231,90
110000340,58,160,-102
110000341,424,456,-32
110000342,390,8,382
110000343,1,13,-12
110000344,914,171,743
110000345,1181,128,1053
110000346,2082,1485,597
110000347,1097,758,339
110000348,39,34,5
110000349,8,25,-17
110000350,51,4,47
110000351,774,711,63
110000352,682,1185,-503
110000353,1942,623,1319
110000354,1080,2230,-1150
110000355,63,64,-1
110000356,422,9,413
110000357,293,21,272
110000361,8,41,-33
110000362,78,12,66
110000363,340,133,207
110000364,148,306,-158
110000365,205,2,203
110000366,2,63,-61
110000367,287,111,176
110000368,3,40,-37
110000369,109,7,102
110000373,3,221,-218
110000374,463,17,446
110000375,108,735,-627
110000376,25,75,-50
110000377,49,423,-374
110000378,38,293,-255
110000379,2279,1401,878
110000380,51,12,39
110000383,0,1232,-1232
110000384,2598,1325,1273
110000385,0,139,-139
110000387,64,8,56
110000388,31,182,-151
110000389,736,85,651
110000391,692,244,448
110000396,127,142,-15
110000397,129,119,10
110000398,16,39,-23
110000399,134,0,134
110000587,154,60,94
110000589,218,145,73
110000640,114,49,65
110000652,15,104,-89
110000653,293,375,-82
110000654,58,155,-97
110000656,0,509,-509
110000674,20,13,7
110000675,4,8,-4
110000676,2,29,-27
110000679,434,1003,-569
110000682,107,160,-53
110000683,300,519,-219
110000684,3,35,-32
110000685,15,9,6
110000686,2,22,-20
110000687,48,4,44
110000688,70,813,-743
110000689,58,45,13
110000692,51,112,-61
110000693,67,221,-154
110000694,0,178,-178
110000695,294,469,-175
110000696,73,68,5
110900001,270,15,255
110900002,359,208,151
110900003,565,495,70
110900004,390,180,210
110900005,2160,1871,289
110900006,53,21,32
110900007,113,25,88
110900008,12,73,-61
110900009,399,90,309
110900010,13,67,-54
110900011,28,76,-48
110900012,9,90,-81
110900013,787,153,634
110900014,438,11,427
110900015,472,509,-37
110900016,44,128,-84
110900017,371,44,327
110900018,420,50,370
110900019,165,24,141
110900020,92,258,-166
110900021,94,475,-381
110900022,100,276,-176
110900023,85,363,-278
110900024,20,336,-316
110900025,2,61,-59
110900027,46,172,-126
110900028,47,100,-53
110900029,13,255,-242
110900030,29,208,-179
110900031,0,162,-162
110900032,0,76,-76
110900033,23,164,-141
110900035,31,448,-417
110900036,85,19,66
110900037,50,32,18
110900038,730,205,525
110900039,17,188,-171
110900040,195,35,160
110900041,12,95,-83
110900042,125,48,77
110900043,2,98,-96
110900044,201,13,188
110900045,57,348,-291
110900046,45,182,-137
110900047,423,229,194
110900049,67,58,9
110900050,15,4,11
110900051,54,193,-139
110900052,8,128,-120
110900053,113,35,78
110900054,61,178,-117
110900055,42,15,27
110900056,46,139,-93
110900057,5,125,-120
110900058,201,174,27
110900059,629,483,146
110900060,407,107,300
110900061,43,49,-6
110900062,164,224,-60
110900063,53,323,-270
110900064,32,8,24
110900065,389,147,242
110900066,16,95,-79
110900067,279,474,-195
110900068,195,192,3
110900069,5,20,-15
110900070,69,80,-11
110900071,287,421,-134
110900073,0,23,-23
110900074,325,83,242
110900075,312,83,229
110900077,792,564,228
110900078,36,61,-25
110900079,2301,1389,912
110900080,129,66,63
110900081,5,62,-57
110900082,134,122,12
110900083,102,52,50
110900084,38,66,-28
110900085,63,242,-179
110900086,52,310,-258
110900087,311,76,235
110900088,13,2,11
110900090,25,47,-22
110900091,0,48,-48
110900093,231,112,119
110900095,44,38,6
110900097,19,26,-7
110900098,33,56,-23
110900099,50,283,-233
110900100,0,29,-29
110900102,75,25,50
110900105,535,241,294
110900108,22,80,-58
110900111,368,335,33
110900112,745,16,729
110900113,386,32,354
110900115,12,57,-45
110900116,570,1553,-983
110900118,132,2269,-2137
110900119,3072,282,2790
110900120,11,38,-27
110900121,131,2,129
110900122,351,202,149
110900125,365,437,-72
110900127,601,1189,-588
110900128,456,498,-42
110900129,372,796,-424
110900130,1092,613,479
110900131,272,25,247
110900132,238,51,187
110900133,181,176,5
110900135,64,283,-219
110900136,350,23,327
110900138,0,0,0
110900139,45,1,44
110900140,0,0,0
110900141,580,155,425
110900142,49,164,-115
110900143,129,64,65
110900144,2,612,-610
110900145,149,33,116
110900146,326,129,197
110900147,140,256,-116
110900148,4,245,-241
110900149,0,66,-66
110900150,40,25,15
110900151,7,46,-39
110900152,37,198,-161
110900153,132,51,81
111000001,420,475,-55
111000002,882,497,385
111000003,1109,640,469
111000004,527,937,-410
111000005,1318,1003,315
111000006,741,1564,-823
111000007,3453,2364,1089
111000008,1840,2647,-807
111000009,307,507,-200
111000010,702,207,495
111000011,410,876,-466
111000012,869,306,563
111000013,352,1216,-864
111000014,1851,562,1289
111000017,97,711,-614
111000018,281,344,-63
111000020,805,2195,-1390
111000021,78,105,-27
111000023,78,93,-15
111000025,3724,3609,115
111000029,106,193,-87
111000030,29,149,-120
111000031,1809,1193,616
111000032,606,374,232
111000033,273,356,-83
111000034,217,216,1
111000037,1449,1217,232
111000038,2786,1790,996
111000039,1863,2060,-197
111000040,1796,2222,-426
111000041,2017,1634,383
111000042,2916,2240,676
111000043,1602,2668,-1066
111000044,1739,1240,499
111000045,1096,1275,-179
111000046,1203,1799,-596
111000047,1946,3429,-1483
111000049,435,428,7
111000050,1026,950,76
111000051,522,1013,-491
111000052,747,1479,-732
111000053,374,814,-440
111000054,325,817,-492
111000055,942,1630,-688
111000056,129,441,-312
111000057,86,481,-395
111000058,397,66,331
111000059,635,255,380
111000060,3578,909,2669
111000061,458,388,70
111000062,630,346,284
111000063,1991,956,1035
111000064,562,560,2
111000065,897,888,9
111000066,379,403,-24
111000067,469,608,-139
111000068,654,1027,-373
111000069,1585,1821,-236
111000070,1299,1063,236
111000071,263,678,-415
111000072,1090,499,591
111000073,364,875,-511
111000074,1443,1629,-186
111000075,1029,633,396
111000076,376,564,-188
111000077,1234,1100,134
111000078,2758,1586,1172
111000079,1286,760,526
111000080,495,585,-90
111000081,1469,3378,-1909
111000082,621,642,-21
111000084,561,455,106
111000085,840,1288,-448
111000086,2360,1178,1182
111000087,687,711,-24
111000088,4130,2042,2088
111000089,699,787,-88
111000090,881,1399,-518
111000091,684,523,161
111000092,1124,800,324
111000093,713,1018,-305
111000094,1849,1158,691
111000095,680,1944,-1264
111000096,1833,6520,-4687
111000097,4289,1664,2625
111000098,770,1235,-465
111000099,488,1690,-1202
111000100,288,1393,-1105
111000101,404,646,-242
111000102,231,399,-168
111000104,419,185,234
111000107,122,553,-431
111000109,521,262,259
111000110,1120,690,430
111000111,1871,472,1399
111000112,1465,541,924
111000113,895,1398,-503
111000114,2174,3330,-1156
111000115,5169,1314,3855
111000116,1049,928,121
111000117,431,858,-427
111000118,1750,872,878
111000119,865,945,-80
111000120,352,565,-213
111000121,265,627,-362
111000122,581,1019,-438
111000123,890,2549,-1659
111000124,408,2351,-1943
111000125,246,1259,-1013
111000126,86,739,-653
111000127,854,177,677
111000128,1502,297,1205
111000129,2265,479,1786
111000130,1697,749,948
111000131,1480,590,890
111000132,1110,660,450
111000133,160,186,-26
111000134,135,132,3
111000135,47,158,-111
111000136,337,336,1
111000138,21,6,15
111000140,1,6,-5
111000141,129,258,-129
111000142,22,99,-77
111000143,1,102,-101
111000144,44,328,-284
111000145,1146,26,1120
111000146,141,4,137
111000147,264,30,234
111000148,127,57,70
111000149,7,16,-9
111000150,36,8,28
111000151,6,25,-19
111000153,604,823,-219
111000154,775,222,553
111000155,87,214,-127
111000156,336,604,-268
111000157,255,897,-642
111000158,749,746,3
111000159,1813,581,1232
111000160,302,316,-14
111000161,13,228,-215
111000162,74,129,-55
111000163,708,663,45
111000164,667,2492,-1825
111000165,999,481,518
111000166,1808,353,1455
111000167,201,416,-215
111000168,262,438,-176
111000169,301,646,-345
111000170,486,497,-11
111000171,491,648,-157
111000172,180,458,-278
111000173,351,781,-430
111000174,166,282,-116
111000175,53,222,-169
111000176,286,169,117
111000177,307,269,38
111000178,1135,329,806
111000179,178,185,-7
111000180,223,479,-256
111000181,998,251,747
111000182,182,188,-6
111000183,571,286,285
111000184,334,230,104
111000185,368,433,-65
111000186,464,284,180
111000187,105,220,-115
111000188,222,412,-190
111000189,1023,565,458
111000190,240,376,-136
111000191,202,320,-118
111000192,199,551,-352
111000193,359,339,20
111000194,129,290,-161
111000195,163,293,-130
111000196,85,202,-117
111000197,386,199,187
111000198,482,138,344
111000199,168,149,19
111000200,370,371,-1
111000201,585,255,330
111000202,290,210,80
111000203,257,255,2
111000204,413,1019,-606
111000213,210,453,-243
111000214,1570,1400,170
111000215,1164,1300,-136
111000217,1276,1015,261
111000218,902,925,-23
111000219,762,512,250
111000220,1476,511,965
111000221,795,125,670
111000224,61,320,-259
111000225,377,263,114
111000226,101,6,95
111000227,46,11,35
111000228,25,271,-246
111000229,38,710,-672
111000230,257,327,-70
111000231,894,708,186
111000232,532,834,-302
111000233,767,591,176
111000234,159,327,-168
111000239,102,142,-40
111000240,29,176,-147
111000241,33,305,-272
111000242,150,46,104
111000243,114,508,-394
111000244,395,74,321
111000245,1358,405,953
111000246,503,328,175
111000247,223,790,-567
111000248,529,501,28
111000249,351,621,-270
111000250,47,94,-47
111000251,58,102,-44
111000253,14,20,-6
111000255,41,7,34
111000257,30,24,6
111000260,61,830,-769
111000261,1094,111,983
111000271,72,277,-205
111000273,2737,1334,1403
111000274,949,1781,-832
111000275,154,84,70
111000276,252,1747,-1495
111000277,160,426,-266
111000278,571,266,305
111000291,800,4021,-3221
111000298,544,200,344
111000299,577,89,488
111000300,94,471,-377
111000302,258,81,177
111000303,84,205,-121
111000312,46,88,-42
111000315,14,111,-97
111000320,262,542,-280
111000321,346,108,238
111000322,343,529,-186
111000323,186,52,134
111000324,315,265,50
111000325,44,62,-18
111000326,409,343,66
111000327,378,438,-60
111000328,403,698,-295
111000329,1,21,-20
111000330,58,9,49
111000331,26,3,23
111000332,1205,2304,-1099
111000334,345,1223,-878
111000335,1093,239,854
111000337,972,329,643
111000338,88,126,-38
111000339,519,324,195
111000340,226,512,-286
111000341,1158,562,596
111000342,258,808,-550
111000344,984,704,280
111000345,234,73,161
111000346,20,106,-86
111000347,124,26,98
111000350,244,113,131
111000351,178,244,-66
111000352,197,91,106
111000353,100,235,-135
111000354,499,108,391
111000355,390,416,-26
111000358,151,1013,-862
111000360,212,501,-289
111000361,122,253,-131
111000546,704,450,254
111000547,356,473,-117
111000548,137,273,-136
111000549,287,362,-75
111000550,123,788,-665
111000551,796,218,578
111000552,2213,179,2034
111000907,315,13,302
111000908,9,0,9
111000916,1453,308,1145
111000917,44,350,-306
111000918,262,684,-422
111000920,463,23,440
111000921,14,224,-210
111000922,498,250,248
111000924,34,566,-532
111000925,2157,1672,485
111000926,862,1945,-1083
111000927,2649,3627,-978
111000928,3616,3305,311
111000929,1205,1063,142
111000930,759,2116,-1357
111000931,1686,2373,-687
111000932,3484,2286,1198
111000933,2895,2157,738
111000934,1907,2982,-1075
111000935,1142,946,196
111000936,1113,1871,-758
111000937,816,1281,-465
111000938,1288,1614,-326
111000939,396,48,348
111000940,381,162,219
111000941,368,430,-62
111000943,351,306,45
111000944,148,352,-204
111000945,104,1286,-1182
111001109,416,330,86
111001110,151,471,-320
111001111,119,9,110
111001112,116,3,113
111001113,3,173,-170
111001114,949,116,833
111001115,72,408,-336
111001116,4713,3162,1551
111001117,517,2043,-1526
111001120,118,262,-144
111001121,196,283,-87
111001122,197,439,-242
111001123,231,98,133
111001124,86,214,-128
111001125,1,75,-74
111001126,1,2,-1
111001127,0,62,-62
111001128,880,795,85
111900001,5,198,-193
111900002,4,590,-586
111900003,1,269,-268
111900004,32,98,-66
111900006,8,42,-34
111900007,61,12,49
111900008,131,4,127
111900009,165,1,164
111900010,349,422,-73
111900012,65,78,-13
111900013,5,17,-12
111900014,4656,3137,1519
111900015,0,48,-48
111900016,2,110,-108
111900017,0,76,-76
111900018,177,3,174
111900019,6,80,-74
111900020,1,38,-37
111900021,31,100,-69
111900022,13,79,-66
111900023,111,122,-11
111900024,28,84,-56
111900025,0,40,-40
111900026,0,87,-87
111900027,9,167,-158
111900028,3,290,-287
111900029,2,71,-69
111900030,40,300,-260
111900031,3,37,-34
111900032,3,277,-274
111900033,4,93,-89
111900034,334,477,-143
111900035,102,178,-76
111900036,1,256,-255
111900038,271,530,-259
111900039,58,304,-246
111900040,3,399,-396
111900042,36,135,-99
111900043,2,290,-288
111900044,371,165,206
111900046,39,157,-118
111900048,216,531,-315
111900049,46,199,-153
111900050,91,27,64
111900051,2,206,-204
111900052,370,431,-61
111900053,1056,1065,-9
111900054,99,7,92
111900055,10,363,-353
111900056,194,277,-83
111900057,105,67,38
111900058,332,525,-193
111900059,1433,539,894
111900060,311,5,306
111900061,8,157,-149
111900062,24,66,-42
111900063,443,263,180
111900064,145,217,-72
111900065,119,18,101
111900066,132,129,3
111900067,1,319,-318
111900068,30,53,-23
111900069,74,37,37
111900070,126,114,12
111900071,3,251,-248
111900072,28,13,15
111900073,704,138,566
111900074,22,158,-136
111900075,52,9,43
111900076,128,42,86
111900077,30,0,30
111900078,213,25,188
111900079,57,35,22
111900080,226,272,-46
111900082,89,19,70
111900083,105,20,85
111900084,67,10,57
111900085,38,135,-97
111900086,32,1,31
111900087,65,0,65
111900088,383,9,374
111900089,88,3,85
111900090,66,58,8
111900091,170,2,168
111900092,72,1,71
111900093,291,4,287
111900094,113,0,113
111900095,205,21,184
111900096,160,16,144
111900097,56,0,56
111900098,179,0,179
111900099,79,0,79
111900100,142,7,135
111900101,82,38,44
111900102,523,465,58
111900103,51,66,-15
111900104,139,63,76
111900105,274,187,87
111900106,824,55,769
111900110,1356,348,1008
111900111,192,133,59
111900112,470,2034,-1564
111900113,228,113,115
111900118,331,114,217
111900119,277,128,149
111900122,173,84,89
111900123,16,37,-21
111900124,25,119,-94
111900125,349,28,321
111900126,270,7,263
111900127,4,581,-577
111900128,7,406,-399
111900129,275,12,263
111900130,153,29,124
111900131,440,6,434
111900132,31,770,-739
111900133,5,252,-247
111900134,19,187,-168
111900135,10,33,-23
111900136,67,160,-93
111900137,75,69,6
111900138,12,95,-83
111900139,23,119,-96
111900140,126,32,94
111900141,89,15,74
111900142,103,40,63
111900143,34,167,-133
111900144,2,59,-57
111900145,4,322,-318
111900146,3,171,-168
111900147,125,342,-217
111900148,25,426,-401
111900149,12,216,-204
111900150,20,105,-85
111900151,5,20,-15
111900152,78,81,-3
111900153,1204,406,798
111900154,16,180,-164
111900155,27,78,-51
111900156,44,59,-15
111900157,77,19,58
111900158,435,29,406
111900159,224,18,206
111900160,219,1,218
111900161,116,1,115
111900162,73,105,-32
111900163,44,211,-167
111900164,108,42,66
111901113,314,158,156
111901114,319,255,64
111901115,71,33,38
111901116,29,3,26
111901117,40,20,20
111901118,55,192,-137
111901119,740,59,681
111901121,180,208,-28
111901122,5,455,-450
111901123,126,285,-159
111901124,159,2,157
111901125,325,155,170
111901127,483,264,219
111901128,14,65,-51
111901129,6,106,-100
111901130,7,152,-145
111901131,7,171,-164
111901132,178,23,155
111901133,35,5,30
111901134,46,1,45
111901135,15,6,9
111901136,4,24,-20
111901138,215,38,177
111901139,12,60,-48
111901140,21,70,-49
111901141,9,95,-86
111901142,4,96,-92
111901143,1,73,-72
111901144,64,52,12
111901145,121,268,-147
111901146,486,42,444
111901147,580,217,363
111901148,21,52,-31
111901149,22,1,21
111901150,17,0,17
111901151,0,0,0
112000001,1487,719,768
112000002,682,2070,-1388
112000003,979,882,97
112000004,604,888,-284
112000005,2508,3108,-600
112000006,1926,1687,239
112000007,2240,1715,525
112000008,1947,3218,-1271
112000009,2935,2806,129
112000010,2243,2583,-340
112000011,1549,1516,33
112000012,3396,2870,526
112000013,3994,2569,1425
112000014,2485,1526,959
112000015,3578,2518,1060
112000016,3876,965,2911
112000017,1874,1600,274
112000024,2422,1112,1310
112000026,3488,4237,-749
112000027,834,520,314
112000028,1346,1467,-121
112000029,390,524,-134
112000030,179,75,104
112000031,1215,3451,-2236
112000032,372,53,319
112000033,1820,1389,431
112000034,312,68,244
112000035,128,285,-157
112000036,848,683,165
112000037,1381,671,710
112000038,1554,564,990
112000039,63,56,7
112000040,116,221,-105
112000041,240,259,-19
112000042,946,365,581
112000050,1017,1080,-63
112000051,874,1204,-330
112000054,1598,1576,22
112000057,400,365,35
112000058,315,484,-169
112000059,382,694,-312
112000061,2750,1860,890
112000062,1479,629,850
112000063,1168,1509,-341
112000064,3606,4907,-1301
112000065,1879,2315,-436
112000066,3363,1301,2062
112000067,737,647,90
112000068,2701,2140,561
112000069,787,1607,-820
112000070,1690,709,981
112000071,825,2162,-1337
112000072,1835,754,1081
112000073,1363,1876,-513
112000074,1202,912,290
112000075,1420,1069,351
112000076,2989,2601,388
112000077,503,494,9
112000078,1571,635,936
112000079,1198,1219,-21
112000080,718,813,-95
112000081,986,1467,-481
112000082,1165,820,345
112000083,552,1134,-582
112000084,928,833,95
112000085,893,869,24
112000086,1283,1217,66
112000087,337,389,-52
112000088,934,666,268
112000089,435,517,-82
112000090,453,302,151
112000091,679,994,-315
112000092,1548,838,710
112000093,1548,950,598
112000094,650,814,-164
112000095,643,866,-223
112000096,623,1047,-424
112000097,910,691,219
112000098,945,931,14
112000099,578,1442,-864
112000100,1649,866,783
112000101,612,839,-227
112000102,1013,603,410
112000103,325,979,-654
112000105,565,1588,-1023
112000106,1549,521,1028
112000107,80,197,-117
112000108,273,1447,-1174
112000109,183,124,59
112000110,1731,745,986
112000111,999,2757,-1758
112000112,3461,650,2811
112000113,834,1547,-713
112000114,2239,850,1389
112000115,312,448,-136
112000116,548,985,-437
112000117,863,705,158
112000118,899,900,-1
112000119,421,783,-362
112000120,92,324,-232
112000121,132,479,-347
112000122,276,206,70
112000123,651,203,448
112000124,356,91,265
112000125,169,270,-101
112000126,202,455,-253
112000127,1874,1771,103
112000128,664,462,202
112000129,134,137,-3
112000130,225,86,139
112000131,44,294,-250
112000132,120,247,-127
112000133,320,195,125
112000134,404,406,-2
112000135,1645,673,972
112000136,1319,1075,244
112000137,1624,1324,300
112000138,1584,1141,443
112000139,824,538,286
112000140,1037,1122,-85
112000141,580,346,234
112000142,185,520,-335
112000143,928,273,655
112000144,281,1117,-836
112000145,2211,633,1578
112000146,556,1714,-1158
112000147,2292,1864,428
112000148,1747,1973,-226
112000149,516,552,-36
112000150,203,625,-422
112000151,367,339,28
112000152,344,470,-126
112000153,194,296,-102
112000154,112,219,-107
112000155,117,108,9
112000157,678,468,210
112000158,289,443,-154
112000159,301,227,74
112000167,281,90,191
112000169,393,401,-8
112000173,549,238,311
112000175,347,351,-4
112000176,2593,1806,787
112000177,483,180,303
112000178,72,362,-290
112000179,196,118,78
112000180,357,563,-206
112000181,1254,1792,-538
112000182,1105,1457,-352
112000183,32,57,-25
112000184,379,361,18
112000185,478,504,-26
112000187,3079,2056,1023
112000195,132,19,113
112000196,154,2,152
112000197,118,116,2
112000198,40,262,-222
112000199,994,825,169
112000202,339,9,330
112000216,84,219,-135
112000230,82,3,79
112000231,3,181,-178
112000256,32,184,-152
112000313,74,130,-56
112000314,30,40,-10
112000337,242,503,-261
112000352,334,330,4
112000392,1059,1172,-113
112000398,913,755,158
112000399,1308,1634,-326
112000400,1406,2620,-1214
112000401,2535,2255,280
112000402,2053,2451,-398
112000403,1626,2298,-672
112000404,811,898,-87
112000405,1878,3148,-1270
112000406,3691,2858,833
112000407,5185,6983,-1798
112000408,6759,6581,178
112000409,1922,4807,-2885
112000410,372,370,2
112000411,3543,1441,2102
112000412,1508,659,849
112000413,7186,4503,2683
112000414,78,68,10
112000415,109,39,70
112000416,2116,1498,618
112000417,197,58,139
112000421,60,98,-38
112000422,478,337,141
112000424,1814,2035,-221
112000425,412,853,-441
112000426,182,585,-403
112000427,2,14,-12
112000428,255,258,-3
112000429,1969,2153,-184
112000430,2306,2593,-287
112000431,71,116,-45
112000432,667,1214,-547
112000433,403,690,-287
112000437,46,202,-156
112900001,59,1,58
112900002,314,854,-540
112900003,76,336,-260
112900004,51,249,-198
112900005,212,202,10
112900006,22,334,-312
112900007,48,176,-128
112900008,12,36,-24
112900009,405,114,291
112900010,358,803,-445
112900011,167,257,-90
112900012,0,49,-49
112900013,0,123,-123
112900014,9,249,-240
112900015,354,647,-293
112900016,1,262,-261
112900017,30,154,-124
112900018,54,409,-355
112900019,37,217,-180
112900020,289,1048,-759
112900021,4,246,-242
112900022,18,61,-43
112900023,1,179,-178
112900024,31,209,-178
112900025,75,172,-97
112900026,17,192,-175
112900027,14,936,-922
112900028,24,139,-115
112900029,12,580,-568
112900030,121,130,-9
112900031,2,418,-416
112900032,127,265,-138
112900034,1,37,-36
112900035,4,404,-400
112900036,35,100,-65
112900037,185,227,-42
112900038,568,176,392
112900039,22,267,-245
112900040,7,269,-262
112900041,713,907,-194
112900042,45,285,-240
112900043,17,40,-23
112900044,572,440,132
112900045,306,340,-34
112900046,186,68,118
112900047,11,24,-13
112900049,230,111,119
112900050,36,476,-440
112900051,273,637,-364
112900052,7,810,-803
112900053,321,82,239
112900054,186,53,133
112900055,122,57,65
112900056,351,171,180
112900057,12,472,-460
112900058,313,341,-28
112900059,139,99,40
112900060,34,153,-119
112900061,63,102,-39
112900062,87,144,-57
112900063,164,14,150
112900064,152,173,-21
112900065,43,25,18
112900066,176,131,45
112900067,376,169,207
112900068,41,46,-5
112900069,1595,733,862
112900071,31,8,23
112900072,141,1766,-1625
112900073,333,83,250
112900074,60,218,-158
112900075,1245,744,501
112900076,97,45,52
112900078,342,363,-21
112900079,277,44,233
112900080,70,1,69
112900081,55,155,-100
112900082,516,26,490
112900083,111,93,18
112900084,191,92,99
112900086,65,0,65
112900087,650,135,515
112900088,100,9,91
112900089,678,32,646
112900090,42,31,11
112900091,267,15,252
112900092,165,264,-99
112900093,1150,29,1121
112900095,57,2,55
112900096,433,141,292
112900097,66,275,-209
112900098,64,0,64
112900099,704,18,686
112900100,71,1,70
112900101,201,4,197
112900102,184,13,171
112900103,151,8,143
112900104,385,4,381
112900105,21,0,21
112900106,461,120,341
112900107,9,1,8
112900108,37,0,37
112900109,101,0,101
112900110,1057,15,1042
112900111,524,5,519
112900112,303,3,300
112900113,0,11,-11
112900114,120,37,83
112900115,1200,2,1198
112900116,112,18,94
112900117,94,77,17
112900118,23,86,-63
112900119,132,2,130
112900120,849,309,540
112900121,117,161,-44
112900122,18,104,-86
112900123,107,15,92
112900124,13,83,-70
112900125,54,442,-388
112900126,190,223,-33
112900127,314,106,208
112900128,287,684,-397
112900129,0,710,-710
112900130,234,75,159
112900131,68,217,-149
112900132,89,368,-279
112900133,22,863,-841
112900134,2,212,-210
112900135,101,52,49
112900137,0,467,-467
112900138,7,216,-209
112900139,161,938,-777
112900141,605,103,502
112900142,71,141,-70
112900143,37,476,-439
112900144,5,469,-464
112900145,27,467,-440
112900146,5,1019,-1014
112900147,4,1542,-1538
112900148,57,8,49
112900149,299,597,-298
112900151,16,72,-56
112900152,3428,945,2483
112900153,1802,1919,-117
112900154,0,115,-115
112900155,159,8,151
112900156,238,939,-701
112900157,349,153,196
112900158,57,25,32
112900159,179,137,42
112900160,66,267,-201
112900161,117,46,71
112900162,33,25,8
112900163,136,38,98
112900164,35,175,-140
112900165,190,24,166
112900166,20,80,-60
112900167,5,46,-41
112900168,15,1,14
112900169,10,21,-11
112900170,59,87,-28
112900172,35,23,12
112900173,182,87,95
112900174,190,53,137
112900175,160,135,25
112900176,10,36,-26
112900177,253,78,175
112900178,750,2096,-1346
112900179,50,414,-364
112900180,1609,1289,320
112900181,508,24,484
112900182,67,897,-830
112900183,158,243,-85
112900184,366,325,41
112900185,247,516,-269
112900186,1168,852,316
112900187,78,479,-401
112900188,636,374,262
112900189,3,13,-10
112900190,10,35,-25
112900192,514,498,16
112900193,1083,323,760
112900194,60,91,-31
112900195,756,39,717
112900196,161,281,-120
112900197,196,338,-142
112900199,614,480,134
112900200,370,194,176
112900201,153,99,54
112900202,382,721,-339
112900203,223,217,6
112900204,902,580,322
112900205,6,2,4
112900206,18,67,-49
112900207,22,1,21
112900208,91,334,-243
112900209,580,355,225
112900210,1,35,-34
112900211,106,147,-41
112900212,0,128,-128
112900213,98,13,85
112900214,27,16,11
112900215,13,178,-165
112900216,28,60,-32
112900217,1,44,-43
112900218,45,4,41
112900219,70,8,62
112900220,4,0,4
112900221,46,98,-52
112900222,0,26,-26
112900223,791,12,779
112900224,246,445,-199
112900225,376,346,30
112900226,247,288,-41
112900227,469,859,-390
112900228,39,24,15
112900229,198,47,151
112900230,5763,3550,2213
112900232,183,268,-85
112900233,77,129,-52
112900234,20,70,-50
112900235,132,40,92
112900236,231,13,218
112900237,220,250,-30
112900238,0,30,-30
112900239,949,335,614
112900240,5,79,-74
112900241,5,107,-102
112900242,20,148,-128
112900243,16,141,-125
112900244,14,68,-54
112900245,2,30,-28
112900246,0,11,-11
112900247,172,31,141
112900248,14,4,10
112900249,42,9,33
112900250,81,38,43
112900251,75,24,51
112900252,83,18,65
112900253,25,7,18
112900254,10,7,3
112900255,1,44,-43
112900256,6,40,-34
112900257,19,57,-38
112900258,13,33,-20
113000001,4868,3917,951
113000002,3076,2915,161
113000003,1602,1351,251
113000004,1541,1972,-431
113000005,1462,777,685
113000006,920,1092,-172
113000007,1897,996,901
113000008,1722,1542,180
113000009,846,703,143
113000010,1009,1060,-51
113000011,572,1283,-711
113000012,1481,667,814
113000013,1210,634,576
113000014,1418,1276,142
113000015,334,193,141
113000016,271,638,-367
113000017,25,259,-234
113000018,389,60,329
113000019,187,291,-104
113000020,498,81,417
113000021,1221,505,716
113000022,629,972,-343
113000025,144,325,-181
113000026,338,408,-70
113000027,593,421,172
113000028,794,355,439
113000029,767,711,56
113000030,425,675,-250
113000031,364,338,26
113000032,280,323,-43
113000033,235,383,-148
113000034,460,346,114
113000035,29,30,-1
113000036,11,46,-35
113000037,57,33,24
113000038,16,50,-34
113000039,64,273,-209
113000040,80,83,-3
113000042,763,486,277
113000051,813,2057,-1244
113000052,1870,721,1149
113000053,318,414,-96
113000054,346,663,-317
113000055,973,552,421
113000056,778,935,-157
113000058,695,738,-43
113000059,947,578,369
113000060,233,506,-273
113000061,602,794,-192
113000062,820,253,567
113000063,104,103,1
113000064,57,242,-185
113000065,103,603,-500
113000066,577,110,467
113000067,1629,1227,402
113000068,325,1180,-855
113000069,561,1062,-501
113000070,2071,910,1161
113000071,419,556,-137
113000072,671,459,212
113000073,256,985,-729
113000074,829,377,452
113000075,1797,624,1173
113000076,586,1534,-948
113000077,1066,609,457
113000078,755,1947,-1192
113000079,715,717,-2
113000080,709,667,42
113000081,660,671,-11
113000082,1154,702,452
113000083,486,784,-298
113000084,1537,1147,390
113000085,726,673,53
113000086,1200,1084,116
113000087,934,926,8
113000088,1943,1174,769
113000089,921,1531,-610
113000090,282,482,-200
113000091,457,392,65
113000094,990,181,809
113000095,193,727,-534
113000096,142,676,-534
113000097,1029,396,633
113000098,119,38,81
113000099,798,303,495
113000100,118,333,-215
113000101,430,561,-131
113000102,496,484,12
113000103,1690,474,1216
113000104,311,1546,-1235
113000105,558,378,180
113000106,279,490,-211
113000107,756,689,67
113000108,681,1180,-499
113000109,426,1355,-929
113000110,1086,378,708
113000111,200,448,-248
113000112,321,360,-39
113000113,1084,448,636
113000114,412,1115,-703
113000116,553,268,285
113000117,634,155,479
113000118,125,407,-282
113000119,358,259,99
113000120,63,226,-163
113000121,559,643,-84
113000124,219,124,95
113000125,77,712,-635
113000127,2485,399,2086
113000128,316,457,-141
113000129,465,587,-122
113000133,1922,1499,423
113000134,11,928,-917
113000135,3765,3998,-233
113000137,1561,2964,-1403
113000139,290,196,94
113000140,143,267,-124
113000141,219,200,19
113000142,555,948,-393
113000143,269,207,62
113000144,337,580,-243
113000145,78,129,-51
113000146,174,84,90
113000147,161,101,60
113000148,121,126,-5
113000149,105,80,25
113000150,478,322,156
113000151,60,39,21
113000152,43,56,-13
113000153,1085,558,527
113000154,714,1316,-602
113000155,338,496,-158
113000156,126,341,-215
113000157,279,803,-524
113000158,623,251,372
113000159,768,718,50
113000160,574,876,-302
113000161,220,356,-136
113000162,644,344,300
113000163,106,42,64
113000164,38,123,-85
113000166,144,147,-3
113000167,49,123,-74
113000168,72,119,-47
113000169,180,97,83
113000170,71,96,-25
113000171,43,85,-42
113000172,231,94,137
113000173,67,23,44
113000174,128,476,-348
113000175,384,135,249
113000176,549,136,413
113000177,183,520,-337
113000178,189,360,-171
113000179,258,192,66
113000180,571,988,-417
113000181,1172,779,393
113000182,135,359,-224
113000183,158,492,-334
113000184,18,127,-109
113000189,435,719,-284
113000190,875,563,312
113000192,1583,1597,-14
113000193,3300,1197,2103
113000194,1559,887,672
113000195,2220,769,1451
113000196,140,62,78
113000197,1207,922,285
113000198,82,246,-164
113000199,1151,265,886
113000201,318,198,120
113000202,2745,1213,1532
113000203,233,66,167
113000204,1490,1593,-103
113000205,21,24,-3
113000206,3,31,-28
113000207,79,19,60
113000208,41,45,-4
113000209,21,28,-7
113000210,5,18,-13
113000211,232,260,-28
113000212,149,32,117
113000213,32,94,-62
113000214,165,247,-82
113000234,178,839,-661
113000410,147,201,-54
113000411,2282,3811,-1529
113000412,5922,2373,3549
113000413,2411,2698,-287
113000414,5893,11250,-5357
113000415,2024,2843,-819
113000416,7539,3951,3588
113000417,2435,2663,-228
113000418,3707,3006,701
113000419,1438,1833,-395
113000420,3766,4956,-1190
113000421,3567,5303,-1736
113000422,10563,9416,1147
113000423,2055,4550,-2495
113000424,3010,7394,-4384
113000425,6,85,-79
113000428,13,2,11
113000430,2,37,-35
113000432,2047,185,1862
113000433,103,658,-555
113000434,13,169,-156
113000435,38,288,-250
113000436,96,1293,-1197
113000437,894,24,870
113000438,270,11,259
113000439,30,137,-107
113000440,135,20,115
113000441,198,176,22
113000442,135,164,-29
113000443,217,166,51
113000444,149,196,-47
113000445,140,99,41
113000446,52,96,-44
113000448,164,127,37
113000449,157,750,-593
113000450,383,1710,-1327
113000451,1083,176,907
113000452,336,383,-47
113000453,93,287,-194
113000454,772,76,696
113000455,50,265,-215
113000456,3514,2741,773
113000468,1448,197,1251
113000469,83,63,20
113000470,323,42,281
113000471,18,398,-380
113000472,81,314,-233
113000474,525,568,-43
113000475,1322,1502,-180
113000476,968,1683,-715
113000477,2627,1854,773
113000478,3622,4665,-1043
113000479,71,185,-114
113000485,0,0,0
113000486,0,0,0
113000487,0,0,0
113000488,0,0,0
113000489,0,2,-2
113000490,0,2,-2
113000491,0,0,0
113000492,0,0,0
113000495,160,164,-4
113000496,132,113,19
113000497,0,0,0
113000499,0,0,0
113900001,0,129,-129
113900002,3,60,-57
113900003,1,74,-73
113900004,4,63,-59
113900005,6,64,-58
113900006,0,27,-27
113900007,16,2,14
113900008,29,2,27
113900009,159,9,150
113900010,98,7,91
113900011,62,2,60
113900012,21,2,19
113900013,251,7,244
113900014,447,0,447
113900015,0,59,-59
113900016,23,0,23
113900017,11,64,-53
113900018,369,207,162
113900019,182,66,116
113900020,125,2,123
113900022,23,0,23
113900023,28,0,28
113900024,78,79,-1
113900025,250,15,235
113900026,49,0,49
113900027,10,71,-61
113900028,32,390,-358
113900029,62,187,-125
113900030,174,1,173
113900031,14,0,14
113900032,21,2,19
113900033,85,64,21
113900035,36,0,36
113900036,32,127,-95
113900037,154,433,-279
113900038,76,104,-28
113900039,130,18,112
113900040,10,12,-2
113900041,8,7,1
113900042,61,31,30
113900043,178,94,84
113900044,276,279,-3
113900045,79,4,75
113900046,256,527,-271
113900047,31,111,-80
113900048,207,113,94
113900049,513,259,254
113900050,201,317,-116
113900051,255,353,-98
113900052,138,113,25
113900053,547,490,57
113900054,28,1,27
113900055,92,365,-273
113900056,67,259,-192
113900057,27,208,-181
113900058,35,162,-127
113900059,221,300,-79
113900060,93,210,-117
113900061,744,228,516
113900062,99,10,89
113900063,97,154,-57
113900064,17,97,-80
113900065,360,18,342
113900066,353,276,77
113900067,152,237,-85
113900068,436,374,62
113900069,75,23,52
113900070,199,448,-249
113900071,73,125,-52
113900072,55,120,-65
113900073,200,373,-173
113900074,64,246,-182
113900075,1177,941,236
113900076,143,11,132
113900077,42,159,-117
113900078,67,93,-26
113900079,1,22,-21
113900080,369,237,132
113900081,61,165,-104
113900082,126,224,-98
113900083,262,455,-193
113900084,239,94,145
113900085,47,299,-252
113900086,30,28,2
113900087,57,120,-63
113900088,89,101,-12
113900089,469,59,410
113900090,515,401,114
113900091,18,16,2
113900092,49,85,-36
113900093,82,617,-535
113900094,379,330,49
113900095,109,105,4
113900096,265,57,208
113900097,40,79,-39
113900098,525,66,459
113900099,0,42,-42
113900100,0,3,-3
113900101,19,58,-39
113900102,151,174,-23
113900103,333,284,49
113900104,105,169,-64
113900105,102,199,-97
113900106,0,32,-32
113900107,2,28,-26
113900108,260,201,59
113900109,372,170,202
113900110,39,22,17
113900111,148,88,60
113900112,137,91,46
113900113,793,380,413
113900114,2,89,-87
113900115,4,87,-83
113900116,88,114,-26
113900117,76,31,45
113900118,205,287,-82
113900119,213,572,-359
113900120,55,54,1
113900121,54,83,-29
113900122,389,1681,-1292
113900123,419,219,200
113900124,0,88,-88
113900125,742,117,625
113900126,175,56,119
113900127,307,657,-350
113900128,179,57,122
113900129,20,160,-140
113900130,3,26,-23
113900131,195,92,103
113900132,61,68,-7
113900133,15,78,-63
113900135,259,373,-114
113900136,121,82,39
113900137,333,240,93
113900138,45,167,-122
113900139,294,149,145
113900140,245,311,-66
113900141,529,282,247
113900142,137,75,62
113900143,22,29,-7
113900144,216,203,13
113900145,337,160,177
113900146,182,48,134
113900148,142,264,-122
113900149,108,71,37
113900150,589,471,118
113900151,342,204,138
113900152,30,75,-45
113900153,300,412,-112
113900154,4,119,-115
113900155,186,145,41
113900156,226,358,-132
113900157,37,310,-273
113900158,331,318,13
113900159,22,228,-206
113900160,552,469,83
113900161,63,220,-157
113900162,426,674,-248
113900163,277,297,-20
113900164,225,62,163
113900165,572,363,209
113900166,143,164,-21
113900167,254,38,216
113900168,112,102,10
113900169,202,420,-218
113900171,192,90,102
113900172,7,172,-165
113900173,58,522,-464
113900174,428,579,-151
113900175,333,101,232
113900176,289,479,-190
113900177,330,203,127
113900178,385,149,236
113900179,25,409,-384
113900180,160,113,47
113900181,494,134,360
113900182,609,906,-297
113900183,58,70,-12
113900184,18,357,-339
113900185,228,91,137
113900186,46,59,-13
113900187,33,153,-120
113900188,45,155,-110
113900189,327,101,226
113900190,270,118,152
113900191,80,205,-125
113900192,8,404,-396
113900193,33,167,-134
113900194,1440,1085,355
113900195,255,357,-102
113900196,11,115,-104
113900197,0,153,-153
113900198,31,162,-131
113900199,115,603,-488
113900200,16,199,-183
113900201,0,186,-186
113900202,38,304,-266
113900203,0,100,-100
113900204,47,494,-447
113900205,5,142,-137
113900206,17,160,-143
113900207,0,56,-56
113900208,1,46,-45
113900209,0,72,-72
113900210,536,677,-141
113900211,182,80,102
113900212,143,430,-287
113900214,421,395,26
113900215,119,104,15
113900216,88,768,-680
113900217,96,214,-118
113900218,197,115,82
113900219,89,318,-229
113900220,131,115,16
113900221,487,178,309
113900222,284,426,-142
113900223,131,724,-593
113900224,88,100,-12
113900225,471,209,262
113900226,323,98,225
113900227,448,240,208
113900228,287,377,-90
113900229,54,618,-564
113900230,3658,3013,645
113900231,127,144,-17
113900232,85,121,-36
113900233,68,73,-5
113900234,244,392,-148
113900235,99,20,79
113900236,160,344,-184
113900237,121,7,114
113900238,245,492,-247
113900239,65,88,-23
113900240,8,157,-149
113900241,115,56,59
113900242,47,128,-81
113900243,118,373,-255
113900244,311,246,65
113900245,1179,291,888
113900246,11,28,-17
113900247,147,372,-225
113900248,2264,1545,719
113900249,806,371,435
113900250,57,125,-68
113900251,596,134,462
113900252,455,17,438
113900253,631,50,581
113900254,832,132,700
113900255,370,25,345
113900256,322,26,296
113900257,23,501,-478
113900258,25,392,-367
113900259,460,150,310
113900260,200,13,187
113900261,21,70,-49
113900262,128,509,-381
113900263,180,602,-422
113900264,5,463,-458
113900265,151,284,-133
113900266,44,166,-122
113900267,84,398,-314
113900268,283,389,-106
113900269,84,98,-14
113900270,234,541,-307
113900271,585,922,-337
113900273,18,17,1
113900274,51,45,6
113900275,37,65,-28
113900276,1,171,-170
113900277,104,1,103
113900278,311,171,140
113900279,164,133,31
113900280,1370,573,797
113900281,551,1147,-596
113900282,866,715,151
113900283,419,480,-61
113900284,599,158,441
113900285,119,47,72
113900286,17,73,-56
113900287,59,52,7
113900288,3,141,-138
113900289,827,110,717
113900290,267,149,118
113900291,107,147,-40
113900292,10,1,9
113900293,6,191,-185
113900294,426,18,408
113900295,398,351,47
113900296,1600,428,1172
113900297,2144,35,2109
113900298,20,1501,-1481
113900299,71,153,-82
113900300,4082,2883,1199
113900301,867,411,456
113900302,2344,1003,1341
113900303,377,361,16
113900304,1,99,-98
113900305,106,0,106
113900306,39,1,38
113900307,37,0,37
113900308,63,88,-25
113900309,6,520,-514
113900310,2,14,-12
113900311,7,0,7
113900312,232,232,0
113900313,9,9,0
113900314,3,14,-11
113900315,21,3,18
114000001,972,2482,-1510
114000002,278,338,-60
114000003,202,890,-688
114000004,407,375,32
114000005,258,273,-15
114000006,2456,1642,814
114000007,628,976,-348
114000008,1150,1457,-307
114000009,655,224,431
114000011,2285,2371,-86
114000012,2160,1689,471
114000013,1338,1368,-30
114000014,562,466,96
114000015,2238,360,1878
114000016,217,363,-146
114000017,76,256,-180
114000018,218,48,170
114000026,1441,1069,372
114000027,2560,1723,837
114000028,2048,2325,-277
114000038,233,153,80
114000039,170,240,-70
114000040,79,229,-150
114000042,116,145,-29
114000043,311,206,105
114000044,290,227,63
114000045,54,81,-27
114000046,3844,3947,-103
114000047,29,64,-35
114000048,102,156,-54
114000049,1300,1411,-111
114000050,1318,1993,-675
114000051,2598,1766,832
114000052,4336,1347,2989
114000053,105,446,-341
114000054,271,644,-373
114000055,298,32,266
114000056,969,774,195
114000057,4628,2065,2563
114000058,458,1305,-847
114000059,255,321,-66
114000060,668,800,-132
114000061,2758,2579,179
114000062,2048,1394,654
114000063,2842,1591,1251
114000064,5437,3506,1931
114000065,1671,2105,-434
114000066,362,511,-149
114000067,16,642,-626
114000068,504,588,-84
114000069,850,570,280
114000070,1977,1719,258
114000071,649,415,234
114000072,382,252,130
114000073,32,56,-24
114000074,41,25,16
114000075,58,95,-37
114000076,9,95,-86
114000077,13,45,-32
114000078,475,467,8
114000079,117,26,91
114000080,58,79,-21
114000081,79,80,-1
114000082,28,378,-350
114000083,95,246,-151
114000084,318,92,226
114000085,115,551,-436
114000086,208,367,-159
114000087,120,146,-26
114000088,42,28,14
114000089,807,357,450
114000090,742,802,-60
114000091,1142,817,325
114000092,975,497,478
114000093,1219,731,488
114000094,308,349,-41
114000095,188,128,60
114000096,100,245,-145
114000097,92,326,-234
114000098,499,104,395
114000099,659,614,45
114000100,1140,642,498
114000101,414,686,-272
114000102,478,331,147
114000103,156,443,-287
114000104,47,243,-196
114000105,174,91,83
114000106,645,861,-216
114000107,314,172,142
114000108,1855,1288,567
114000109,529,1277,-748
114000110,555,1578,-1023
114000111,1365,878,487
114000112,583,2347,-1764
114000113,1418,588,830
114000114,1481,1454,27
114000115,1932,1183,749
114000116,632,1205,-573
114000117,2069,393,1676
114000118,2028,460,1568
114000119,1398,389,1009
114000120,498,716,-218
114000121,408,690,-282
114000122,459,323,136
114000123,1653,311,1342
114000124,812,228,584
114000125,808,1136,-328
114000126,2169,209,1960
114000127,311,175,136
114000128,851,409,442
114000130,470,462,8
114000131,270,127,143
114000132,501,544,-43
114000133,880,1175,-295
114000134,78,134,-56
114000138,33,208,-175
114000139,407,247,160
114000144,723,447,276
114000145,81,158,-77
114000146,80,215,-135
114000147,1232,1772,-540
114000148,1948,1921,27
114000149,333,348,-15
114000150,1794,1417,377
114000151,1502,1659,-157
114000152,97,36,61
114000153,979,2335,-1356
114000154,966,1060,-94
114000155,1571,1968,-397
114000156,772,553,219
114000157,321,895,-574
114000158,1654,762,892
114000159,208,463,-255
114000160,123,473,-350
114000161,1167,2883,-1716
114000162,900,2099,-1199
114000163,18,88,-70
114000165,557,268,289
114000166,753,375,378
114000167,2826,1557,1269
114000168,865,733,132
114000169,1317,1018,299
114000170,1131,922,209
114000171,997,2369,-1372
114000174,185,429,-244
114000176,564,497,67
114000177,1854,916,938
114000178,53,46,7
114000179,1154,762,392
114000180,458,779,-321
114000181,1748,3126,-1378
114000182,2634,2298,336
114000183,977,1091,-114
114000184,3551,1125,2426
114000185,924,895,29
114000189,749,129,620
114000190,1929,278,1651
114000191,37,64,-27
114000192,287,1345,-1058
114000193,698,2547,-1849
114000194,1157,900,257
114000195,128,30,98
114000196,0,202,-202
114000197,950,101,849
114000198,739,320,419
114000199,1719,1573,146
114000200,581,1460,-879
114000201,116,639,-523
114000202,1307,487,820
114000203,553,681,-128
114000204,149,417,-268
114000205,218,1247,-1029
114000206,521,1221,-700
114000207,579,1594,-1015
114000208,380,2266,-1886
114000209,494,2084,-1590
114000210,253,1321,-1068
114000211,811,1398,-587
114000212,504,755,-251
114000213,1154,589,565
114000214,110,169,-59
114000215,167,80,87
114000216,1312,315,997
114000217,308,225,83
114000218,144,239,-95
114000219,850,186,664
114000220,18,716,-698
114000221,642,178,464
114000222,157,834,-677
114000223,357,142,215
114000224,95,530,-435
114000225,251,597,-346
114000226,137,242,-105
114000227,665,534,131
114000228,649,731,-82
114000229,971,1115,-144
114000230,1556,1270,286
114000231,738,1195,-457
114000232,520,127,393
114000233,1727,139,1588
114000234,911,829,82
114000235,860,1252,-392
114000236,0,406,-406
114000237,98,856,-758
114000238,175,115,60
114000239,167,1018,-851
114000240,694,691,3
114000241,255,1028,-773
114000242,896,959,-63
114000243,1140,798,342
114000244,645,369,276
114000245,341,614,-273
114000246,154,50,104
114000247,695,701,-6
114000248,938,524,414
114000249,414,536,-122
114000250,461,691,-230
114000251,378,248,130
114000252,59,65,-6
114000253,57,101,-44
114000254,38,57,-19
114000255,472,159,313
114000256,1439,1805,-366
114000257,658,1282,-624
114000258,277,328,-51
114000259,140,223,-83
114000260,0,23,-23
114000261,36,41,-5
114000262,200,117,83
114000263,19,3,16
114000264,850,411,439
114000265,0,1,-1
114000267,7,1720,-1713
114000268,7,1240,-1233
114000270,143,4,139
114000271,400,84,316
114000283,1176,353,823
114000285,18,207,-189
114000288,88,280,-192
114000289,1027,234,793
114000293,140,372,-232
114000294,159,227,-68
114000395,1522,53,1469
114000396,544,501,43
114000402,388,313,75
114000403,209,298,-89
114000405,87,377,-290
114000423,311,394,-83
114000424,390,168,222
114000425,694,339,355
114000426,310,748,-438
114000427,47,57,-10
114000428,320,188,132
114000429,16,194,-178
114000432,63,102,-39
114000434,29,100,-71
114000435,0,208,-208
114900001,635,886,-251
114900002,961,89,872
114900003,559,1234,-675
114900004,242,392,-150
114900005,505,751,-246
114900006,131,71,60
114900007,186,27,159
114900008,164,152,12
114900010,1779,1757,22
114900011,160,138,22
114900013,178,137,41
114900018,988,56,932
114900020,196,82,114
114900022,85,710,-625
114900025,412,178,234
114900026,81,129,-48
114900029,140,42,98
114900030,332,184,148
114900031,330,77,253
114900032,343,29,314
114900034,70,224,-154
114900035,114,234,-120
114900036,214,564,-350
114900039,420,472,-52
114900040,68,138,-70
114900041,602,497,105
114900042,623,580,43
114900044,155,22,133
114900047,254,1579,-1325
114900048,123,292,-169
114900049,49,182,-133
114900050,47,379,-332
114900051,33,260,-227
114900052,184,225,-41
114900053,190,257,-67
114900054,43,97,-54
114900057,211,7,204
114900058,0,88,-88
114900059,78,63,15
114900063,50,227,-177
114900064,1215,451,764
114900065,391,635,-244
114900067,51,424,-373
114900068,84,232,-148
114900069,196,128,68
114900070,504,384,120
114900072,5,283,-278
114900073,2,197,-195
114900074,543,608,-65
114900075,323,17,306
114900076,6,305,-299
114900080,1581,419,1162
114900082,3202,1919,1283
114900083,975,1008,-33
114900090,293,252,41
114900091,151,184,-33
114900097,180,0,180
114900098,6,174,-168
114900099,202,10,192
115000001,5774,3444,2330
115000002,2694,3478,-784
115000003,4341,2948,1393
115000004,2980,5211,-2231
115000005,1271,2000,-729
115000006,794,1513,-719
115000007,100,179,-79
115000008,427,451,-24
115000009,166,218,-52
115000010,262,149,113
115000013,94,190,-96
115000015,88,310,-222
115000016,67,148,-81
115000019,70,385,-315
115000020,98,624,-526
115000021,312,429,-117
115000022,495,434,61
115000023,326,501,-175
115000024,1105,566,539
115000025,747,655,92
115000026,142,459,-317
115000027,236,282,-46
115000028,185,793,-608
115000029,476,106,370
115000030,711,1048,-337
115000031,1243,191,1052
115000032,10,306,-296
115000033,224,49,175
115000034,102,1009,-907
115000035,1104,66,1038
115000036,2,319,-317
115000037,539,16,523
115000038,51,203,-152
115000039,2897,2673,224
115000040,5598,2810,2788
115000041,1733,3147,-1414
115000042,987,584,403
115000043,3490,1860,1630
115000044,3819,3547,272
115000045,2091,1825,266
115000046,1736,2133,-397
115000047,1802,1401,401
115000048,1464,2259,-795
115000049,1570,3053,-1483
115000050,2600,1761,839
115000051,1569,2240,-671
115000052,2411,1940,471
115000053,1710,1460,250
115000054,726,1263,-537
115000055,197,597,-400
115000056,288,553,-265
115000057,714,1183,-469
115000058,650,288,362
115000059,219,133,86
115000061,222,130,92
115000062,208,263,-55
115000063,247,321,-74
115000064,152,117,35
115000065,43,432,-389
115000067,177,24,153
115000069,109,276,-167
115000070,36,755,-719
115000071,122,23,99
115000072,6,78,-72
115000073,956,39,917
115000075,101,55,46
115000076,2906,2436,470
115000077,1610,2220,-610
115000078,1098,1231,-133
115000079,1355,1548,-193
115000080,2477,2164,313
115000081,486,939,-453
115000082,3272,3164,108
115000083,1851,2294,-443
115000084,1715,1012,703
115000085,701,875,-174
115000086,860,740,120
115000087,457,1339,-882
115000088,1598,689,909
115000089,1185,1089,96
115000090,453,822,-369
115000091,263,993,-730
115000092,610,334,276
115000093,414,2,412
115000094,6031,4849,1182
115000095,4379,4994,-615
115000096,620,1352,-732
115000097,802,892,-90
115000098,860,773,87
115000099,2092,2500,-408
115000100,823,363,460
115000101,362,1434,-1072
115000102,458,215,243
115000103,284,673,-389
115000105,71,194,-123
115000106,500,278,222
115000107,159,433,-274
115000108,2902,2511,391
115000109,3876,3832,44
115000110,1317,1216,101
115000111,725,1788,-1063
115000112,647,672,-25
115000113,601,823,-222
115000114,2072,735,1337
115000116,3724,2241,1483
115000117,3809,3131,678
115000118,2458,1670,788
115000119,2546,2270,276
115000120,601,1224,-623
115000121,1598,827,771
115000122,3395,1443,1952
115000123,1335,1907,-572
115000124,1157,858,299
115000125,277,516,-239
115000126,168,298,-130
115000127,407,130,277
115000128,644,827,-183
115000129,334,318,16
115000130,389,829,-440
115000131,863,280,583
115000132,277,376,-99
115000133,684,278,406
115000134,404,227,177
115000135,367,215,152
115000136,218,249,-31
115000137,132,138,-6
115000138,357,297,60
115000139,293,221,72
115000140,369,256,113
115000141,207,227,-20
115000142,195,212,-17
115000143,613,644,-31
115000144,480,74,406
115000145,262,331,-69
115000146,695,309,386
115000147,553,434,119
115000148,266,920,-654
115000149,398,209,189
115000150,620,765,-145
115000151,870,601,269
115000152,649,904,-255
115000153,753,678,75
115000154,624,313,311
115000155,698,825,-127
115000156,950,636,314
115000157,748,692,56
115000158,556,396,160
115000159,639,550,89
115000160,399,306,93
115000161,140,447,-307
115000162,741,696,45
115000163,540,618,-78
115000164,728,655,73
115000165,320,427,-107
115000167,167,77,90
115000168,571,331,240
115000169,544,327,217
115000170,199,136,63
115000171,288,217,71
115000172,1011,545,466
115000173,301,390,-89
115000174,96,263,-167
115000175,242,78,164
115000176,93,80,13
115000177,80,82,-2
115000178,52,213,-161
115000179,44,11,33
115000180,114,521,-407
115000181,565,114,451
115000182,756,273,483
115000183,349,664,-315
115000186,596,248,348
115000187,219,696,-477
115000188,368,436,-68
115000189,177,439,-262
115000190,631,280,351
115000191,120,466,-346
115000194,125,208,-83
115000195,284,309,-25
115000196,157,110,47
115000197,222,260,-38
115000198,275,202,73
115000199,334,188,146
115000200,289,94,195
115000201,140,321,-181
115000206,343,51,292
115000207,116,271,-155
115000208,363,532,-169
115000209,552,274,278
115000210,154,135,19
115000211,296,213,83
115000212,1490,298,1192
115000224,392,56,336
115000225,42,87,-45
115000229,174,172,2
115000230,96,371,-275
115000231,314,1699,-1385
115000232,1294,275,1019
115000233,93,202,-109
115000234,39,314,-275
115000241,76,243,-167
115000242,90,241,-151
115000243,45,232,-187
115000244,18,105,-87
115000246,73,19,54
115000247,57,15,42
115000248,34,18,16
115000249,30,38,-8
115000250,204,35,169
115000251,252,126,126
115000252,77,177,-100
115000253,21,356,-335
115000258,276,182,94
115000259,297,148,149
115000261,14,25,-11
115000262,20,26,-6
115000263,4,77,-73
115000264,24,47,-23
115000267,87,71,16
115000268,34,149,-115
115000269,153,89,64
115000270,10,19,-9
115000272,78,154,-76
115000273,246,36,210
115000280,2604,189,2415
115000281,598,737,-139
115000282,718,577,141
115000284,422,182,240
115000296,1298,12,1286
115000297,188,97,91
115000298,126,412,-286
115000300,164,148,16
115000302,600,139,461
115000303,672,117,555
115000304,629,73,556
115000305,105,598,-493
115000306,201,329,-128
115000307,91,183,-92
115000308,45,24,21
115000309,2,3,-1
115000310,849,837,12
115000311,763,1013,-250
115000313,133,604,-471
115000314,380,132,248
115000315,1024,560,464
115000316,64,120,-56
115000317,130,393,-263
115000318,609,258,351
115000319,36,324,-288
115000320,11,252,-241
115000321,298,8,290
115000322,52,210,-158
115000449,264,163,101
115000557,2,1008,-1006
115000558,530,91,439
115000587,412,432,-20
115000588,2168,2441,-273
115000589,2786,2269,517
115000590,1204,1165,39
115000591,1673,687,986
115000592,642,1419,-777
115000593,1213,558,655
115000594,857,1964,-1107
115000609,192,274,-82
115000617,1606,2711,-1105
115000624,301,84,217
115000633,381,1755,-1374
115000634,2157,782,1375
115000635,547,141,406
115000638,737,816,-79
115000641,69,146,-77
115000642,289,369,-80
115000643,182,500,-318
115000644,146,414,-268
115000646,798,1511,-713
115000647,196,441,-245
115000648,1464,1916,-452
115000893,2927,1463,1464
115000894,129,1040,-911
115000895,493,818,-325
115000896,1296,400,896
115000897,573,122,451
115000898,561,215,346
115000899,536,1090,-554
115000900,147,388,-241
115000901,66,111,-45
115000912,371,95,276
115000913,10,15,-5
115000915,32,0,32
115000916,8,0,8
115000917,0,5,-5
115000918,56,362,-306
115000919,15,13,2
115000920,73,47,26
115000921,593,102,491
115000922,1235,751,484
115000923,536,1038,-502
115000925,138,83,55
115000927,51,74,-23
115000933,305,315,-10
115000934,156,204,-48
115000935,125,118,7
115000936,40,557,-517
115000937,874,154,720
115000938,264,224,40
115000939,298,223,75
115000940,42,10,32
115000941,15,9,6
115000942,31,105,-74
115000943,39,29,10
115000944,8,6,2
115900001,86,46,40
115900002,69,61,8
115900003,153,106,47
115900004,1,74,-73
115900005,170,12,158
115900006,118,246,-128
115900008,65,4,61
115900009,98,194,-96
115900010,242,141,101
115900011,376,249,127
115900012,165,77,88
115900013,325,138,187
115900014,102,122,-20
115900015,135,71,64
115900016,94,22,72
115900017,9,9,0
115900018,195,59,136
115900019,75,6,69
115900020,88,3,85
115900021,1137,142,995
115900022,1214,7,1207
115900023,36,5,31
115900025,46,227,-181
115900026,683,255,428
115900027,0,259,-259
115900028,612,65,547
115900029,25,289,-264
115900030,17,24,-7
115900031,368,322,46
115900032,448,610,-162
115900033,2,33,-31
115900034,23,310,-287
115900035,44,32,12
115900036,128,598,-470
115900037,56,290,-234
115900038,39,16,23
115900039,165,197,-32
115900041,495,554,-59
115900042,24,10,14
115900043,129,77,52
115900044,235,205,30
115900046,221,225,-4
115900047,191,147,44
115900049,164,187,-23
115900051,6,44,-38
115900052,16,206,-190
115900053,232,200,32
115900054,227,66,161
115900055,22,162,-140
115900056,190,250,-60
115900057,24,8,16
115900058,28,71,-43
115900060,62,125,-63
115900061,181,1,180
115900062,42,299,-257
115900063,96,14,82
115900064,148,294,-146
115900065,153,73,80
115900066,185,129,56
115900067,9,533,-524
115900068,2888,890,1998
115900069,68,213,-145
115900070,190,155,35
115900071,0,335,-335
115900072,55,153,-98
115900073,50,97,-47
115900074,4,307,-303
115900075,30,189,-159
115900076,3,69,-66
115900077,10,230,-220
115900078,142,107,35
115900079,158,18,140
115900080,425,244,181
115900081,9,63,-54
115900082,140,160,-20
115900084,480,46,434
115900085,49,97,-48
115900086,1279,583,696
115900088,11,65,-54
115900089,320,617,-297
115900090,315,11,304
115900091,9,29,-20
115900092,18,182,-164
115900093,8,23,-15
115900094,5,308,-303
115900096,4,11,-7
115900097,9,318,-309
115900098,158,277,-119
115900099,107,56,51
115900100,13,466,-453
115900101,160,267,-107
115900102,85,62,23
115900103,239,157,82
115900104,65,99,-34
115900105,226,541,-315
115900106,54,18,36
115900107,101,105,-4
115900108,140,47,93
115900109,43,322,-279
115900110,2,17,-15
115900111,5,76,-71
115900112,26,763,-737
115900113,62,41,21
115900114,1,129,-128
115900115,82,216,-134
115900116,75,729,-654
115900117,65,21,44
115900118,4,299,-295
115900119,136,116,20
115900120,25,271,-246
115900121,136,263,-127
115900124,282,611,-329
115900125,294,48,246
115900126,604,60,544
115900127,577,58,519
115900128,13,91,-78
115900129,670,59,611
115900130,21,207,-186
115900131,402,30,372
115900132,568,11,557
115900134,325,11,314
115900135,407,903,-496
115900137,30,6,24
115900139,31,46,-15
115900140,238,31,207
115900141,3,34,-31
115900142,27,21,6
115900143,213,239,-26
115900144,64,171,-107
115900146,19,118,-99
115900147,333,172,161
115900148,80,7,73
115900149,82,30,52
115900150,65,31,34
115900151,10,105,-95
115900152,114,276,-162
115900153,110,182,-72
115900154,382,349,33
115900155,1,50,-49
115900156,603,791,-188
115900157,137,390,-253
115900158,30,18,12
115900159,108,221,-113
115900160,10,20,-10
115900161,49,143,-94
115900163,170,118,52
115900164,420,46,374
115900166,238,122,116
115900168,67,126,-59
115900171,94,422,-328
115900172,41,128,-87
115900173,237,118,119
115900174,243,187,56
115900175,110,210,-100
115900178,6,488,-482
115900179,223,8,215
115900180,18,204,-186
115900181,141,200,-59
115900182,393,196,197
115900183,66,39,27
115900184,1640,14,1626
115900187,5,147,-142
115900189,2,214,-212
115900190,113,1064,-951
115900191,49,321,-272
115900192,11,108,-97
115900193,443,140,303
115900194,593,75,518
115900195,525,1798,-1273
115900198,196,315,-119
115900199,167,224,-57
115900200,248,316,-68
115900201,335,306,29
115900202,5,57,-52
115900203,3,17,-14
115900204,2,3,-1
115900205,106,33,73
115900206,152,117,35
115900207,49,43,6
115900208,182,163,19
115900209,4,131,-127
115900210,4,122,-118
115900211,6,181,-175
115900212,127,208,-81
115900213,88,84,4
115900214,489,324,165
115900215,28,141,-113
115900216,6,80,-74
115900217,17,56,-39
115900218,2,29,-27
115900219,88,6,82
115900220,142,16,126
115900221,64,19,45
115900222,51,39,12
115900223,10,349,-339
115900224,1019,1067,-48
115900225,86,39,47
115900226,34,28,6
115900227,16,36,-20
115900228,6,33,-27
115900229,12,42,-30
115900230,47,106,-59
115900231,103,4,99
115900232,61,5,56
115900233,87,14,73
115900234,39,25,14
115900235,20,25,-5
115900236,116,14,102
115900237,69,28,41
115900238,82,35,47
115900239,19,18,1
115900240,9,36,-27
115900241,145,144,1
115900242,258,349,-91
115900243,16,8,8
115900244,21,23,-2
115900245,26,13,13
115900246,14,16,-2
115900247,36,18,18
115900248,8,7,1
115900249,6,9,-3
115900250,6,22,-16
115900251,3,16,-13
115900252,4,0,4
115900253,11,8,3
115900254,4,20,-16
115900255,12,15,-3
115900256,31,57,-26
115900257,15,17,-2
115900258,0,0,0
115900259,4,4,0
115900260,9,6,3
115900261,13,5,8
115900262,5,0,5
115900263,16,0,16
115900264,14,1,13
115900265,7,24,-17
115900266,6,30,-24
115900267,9,14,-5
115900268,5,7,-2
115900269,317,354,-37
115900270,343,275,68
115900271,103,3,100
115900272,33,2,31
115900273,6,14,-8
115900274,6,17,-11
115900275,1,26,-25
115900276,0,32,-32
115900277,0,74,-74
115900278,38,105,-67
115900279,29,181,-152
115900280,19,320,-301
115900281,389,201,188
115900282,25,13,12
115900283,15,27,-12
115900284,25,10,15
116000001,9955,4398,5557
116000002,4141,7832,-3691
116000003,1339,1501,-162
116000004,2040,2717,-677
116000005,2741,2983,-242
116000006,2318,2052,266
116000007,2625,3151,-526
116000008,2962,1766,1196
116000009,1863,2615,-752
116000010,1711,1287,424
116000011,783,1862,-1079
116000012,1089,907,182
116000013,7831,3782,4049
116000014,10482,8224,2258
116000015,286,1000,-714
116000016,5180,2723,2457
116000017,31,702,-671
116000018,798,329,469
116000019,600,290,310
116000020,557,649,-92
116000021,326,308,18
116000022,373,327,46
116000023,757,511,246
116000024,685,859,-174
116000025,523,528,-5
116000026,1738,1957,-219
116000027,674,588,86
116000028,426,627,-201
116000029,637,643,-6
116000030,744,473,271
116000031,203,327,-124
116000032,359,205,154
116000033,291,494,-203
116000034,552,779,-227
116000035,298,624,-326
116000036,1847,1104,743
116000037,649,479,170
116000038,463,393,70
116000039,575,320,255
116000040,826,267,559
116000041,195,367,-172
116000042,598,243,355
116000043,75,533,-458
116000044,47,113,-66
116000045,1662,1024,638
116000046,984,1475,-491
116000047,1550,2014,-464
116000048,1496,1557,-61
116000049,1085,2767,-1682
116000050,1387,1206,181
116000051,5884,2296,3588
116000052,5843,4740,1103
116000053,1849,917,932
116000054,768,2258,-1490
116000055,602,960,-358
116000056,793,1111,-318
116000057,2230,1536,694
116000058,2258,1957,301
116000059,2528,3801,-1273
116000060,2050,997,1053
116000061,604,880,-276
116000062,720,316,404
116000063,558,879,-321
116000066,209,489,-280
116000067,183,402,-219
116000068,198,222,-24
116000069,209,317,-108
116000078,507,894,-387
116000080,1574,1103,471
116000082,4,60,-56
116000083,1434,380,1054
116000084,2136,3916,-1780
116000085,1785,1754,31
116000086,2135,1481,654
116000087,1567,1479,88
116000088,660,893,-233
116000089,195,89,106
116000090,148,154,-6
116000091,247,224,23
116000093,455,261,194
116000094,630,624,6
116000095,716,439,277
116000096,577,1132,-555
116000097,1134,576,558
116000098,141,4770,-4629
116000099,4554,228,4326
116000100,263,20,243
116000101,733,828,-95
116000102,218,1020,-802
116000103,504,250,254
116000104,179,1110,-931
116000105,904,133,771
116000106,700,816,-116
116000107,2203,366,1837
116000108,434,143,291
116000111,153,28,125
116000113,105,112,-7
116000114,58,137,-79
116000115,301,142,159
116000116,277,477,-200
116000117,1115,1641,-526
116000118,1229,1225,4
116000119,2729,1615,1114
116000120,2576,3922,-1346
116000121,715,528,187
116000122,1231,1681,-450
116000123,883,425,458
116000124,373,897,-524
116000125,2403,703,1700
116000126,267,1463,-1196
116000127,964,1225,-261
116000128,1325,805,520
116000129,1132,283,849
116000130,474,392,82
116000133,829,790,39
116000134,1817,2011,-194
116000135,1986,1405,581
116000136,1023,2055,-1032
116000137,990,616,374
116000138,716,532,184
116000139,1645,1699,-54
116000140,93,182,-89
116000141,249,580,-331
116000142,2547,2560,-13
116000143,1515,1429,86
116000144,1405,1846,-441
116000145,1392,977,415
116000146,334,195,139
116000147,175,97,78
116000148,409,481,-72
116000149,584,580,4
116000151,531,477,54
116000153,115,378,-263
116000155,163,260,-97
116000156,364,926,-562
116000157,72,22,50
116000158,341,305,36
116000159,18,8,10
116000160,22,55,-33
116000161,7,68,-61
116000162,54,65,-11
116000163,19,8,11
116000164,3,20,-17
116000177,416,71,345
116000194,85,319,-234
116000195,1158,662,496
116000196,6,9,-3
116000197,7,13,-6
116000198,2224,996,1228
116000200,650,357,293
116000201,569,616,-47
116000202,13,249,-236
116000203,4,136,-132
116000204,12,113,-101
116000205,0,152,-152
116000206,1,133,-132
116000207,10,56,-46
116000233,180,429,-249
116000287,134,451,-317
116000288,222,197,25
116000292,29,108,-79
116000296,19,165,-146
116000297,111,17,94
116000304,100,39,61
116000305,56,72,-16
116000346,147,89,58
116000352,83,21,62
116000354,25,9,16
116000357,12,30,-18
116000358,331,48,283
116000361,377,2,375
116000372,5242,3272,1970
116000381,107,1,106
116000388,1,49,-48
116000389,811,511,300
116000445,346,573,-227
116000446,519,654,-135
116000447,16,568,-552
116000448,481,210,271
116000563,655,732,-77
116000565,50,433,-383
116000568,62,258,-196
116000579,37,109,-72
116000583,98,75,23
116000584,21,9,12
116000585,25,11,14
116000586,119,104,15
116000587,460,606,-146
116000589,37,86,-49
116000590,49,50,-1
116000591,184,232,-48
116000592,17,101,-84
116000593,2,25,-23
116000594,371,454,-83
116000595,484,145,339
116000596,83,6,77
116000597,324,108,216
116000598,12,170,-158
116000605,273,131,142
116000606,88,243,-155
116000607,5,33,-28
116000609,146,594,-448
116000611,112,448,-336
116000612,550,1507,-957
116000613,486,362,124
116000614,399,515,-116
116000615,6,303,-297
116000616,38,80,-42
116000617,59,56,3
116000618,1,89,-88
116000619,81,64,17
116000620,83,65,18
116000621,35,82,-47
116000622,74,146,-72
116000624,168,80,88
116000627,67,62,5
116000628,44,289,-245
116000629,30,212,-182
116000630,272,29,243
116000631,139,37,102
116000632,471,70,401
116000633,141,205,-64
116000634,258,170,88
116000635,2611,1750,861
116000636,975,1082,-107
116000637,496,88,408
116000638,142,309,-167
116000639,45,2,43
116000640,10,12,-2
116000641,29,133,-104
116000643,9,124,-115
116000644,20,470,-450
116000645,11,8,3
116900001,266,159,107
116900002,197,2,195
116900003,23,55,-32
116900004,46,88,-42
116900005,270,74,196
116900006,112,151,-39
116900007,91,152,-61
116900008,341,311,30
116900009,25,2,23
116900010,3,1220,-1217
116900011,19,41,-22
116900012,168,139,29
116900013,1,115,-114
116900014,110,195,-85
116900016,210,0,210
116900017,2,614,-612
116900018,66,47,19
116900019,6,317,-311
116900020,982,753,229
116900023,70,17,53
116900025,831,677,154
116900026,139,603,-464
116900027,33,39,-6
116900028,6,75,-69
116900029,1,47,-46
116900031,2,4,-2
116900032,6,314,-308
116900033,4,11,-7
116900034,8,68,-60
116900035,170,197,-27
116900036,3,104,-101
116900038,130,1,129
116900041,18,17,1
116900042,626,279,347
116900043,17,76,-59
116900047,31,103,-72
116900049,46,279,-233
116900050,121,406,-285
116900051,86,174,-88
116900052,233,93,140
116900055,0,5,-5
116900057,23,202,-179
116900058,34,345,-311
116900059,3,118,-115
116900060,152,191,-39
116900062,2,5,-3
116900064,108,631,-523
116900065,27,95,-68
116900067,105,82,23
116900068,131,164,-33
116900070,2,4,-2
116900072,17,372,-355
116900073,15,111,-96
116900074,6,50,-44
116900076,11,35,-24
116900077,12,136,-124
116900078,254,126,128
116900079,63,231,-168
116900080,12,24,-12
116900081,409,1116,-707
116900082,413,821,-408
116900083,61,28,33
116900084,121,50,71
116900085,53,204,-151
116900086,61,165,-104
116900088,340,92,248
116900090,199,45,154
116900091,363,20,343
116900092,98,726,-628
116900093,1436,1890,-454
116900094,3808,2960,848
116900095,190,105,85
116900096,87,311,-224
116900097,2640,2067,573
116900098,785,441,344
116900099,843,561,282
116900100,659,28,631
116900101,282,486,-204
116900103,6,0,6
116900104,57,80,-23
116900105,217,109,108
116900106,1477,160,1317
116900107,2858,2023,835
116900110,10,3,7
116900111,466,500,-34
116900112,209,818,-609
116900113,1521,1251,270
116900116,169,498,-329
116900117,118,92,26
116900118,695,666,29
116900120,363,85,278
116900121,126,25,101
116900122,694,604,90
116900123,203,627,-424
116900124,154,773,-619
116900125,303,192,111
116900126,149,523,-374
116900128,0,36,-36
116900129,2,274,-272
116900130,531,2512,-1981
116900131,81,349,-268
116900132,45,108,-63
116900133,119,114,5
116900134,186,237,-51
116900136,269,174,95
116900137,244,134,110
116900138,171,180,-9
116900139,121,416,-295
116900140,125,157,-32
116900141,749,451,298
116900142,5,46,-41
116900143,251,461,-210
116900144,39,96,-57
116900145,102,191,-89
116900147,438,356,82
116900148,4,38,-34
116900149,50,223,-173
116900150,6,7,-1
116900151,41,24,17
116900153,122,61,61
116900154,436,557,-121
116900155,75,67,8
116900157,612,391,221
116900158,221,279,-58
116900159,148,302,-154
116900160,675,348,327
116900161,5563,4843,720
116900162,14,85,-71
116900163,149,158,-9
116900164,135,78,57
116900165,253,173,80
116900166,42,68,-26
116900167,409,67,342
116900168,252,87,165
116900169,691,375,316
116900170,275,369,-94
116900171,23,110,-87
116900172,144,320,-176
116900173,157,44,113
116900174,53,57,-4
116900175,151,135,16
116900178,20,108,-88
116900179,91,284,-193
116900180,72,22,50
116900182,433,194,239
116900183,151,117,34
116900185,31,41,-10
116900186,49,192,-143
116900187,38,52,-14
116900188,125,36,89
116900189,52,4,48
116900191,405,623,-218
116900192,169,116,53
116900194,172,1182,-1010
116900195,39,26,13
116900196,8,85,-77
116900197,115,12,103
116900198,221,153,68
116900200,71,29,42
116900201,106,12,94
116900202,95,54,41
116900203,131,16,115
116900204,63,83,-20
116900206,15,23,-8
116900207,51,49,2
116900208,13,87,-74
116900209,71,102,-31
116900210,465,241,224
116900211,158,6,152
116900212,47,72,-25
116900213,205,135,70
116900214,187,134,53
116900215,29,62,-33
116900216,258,213,45
116900218,25,212,-187
116900219,1273,449,824
116900220,136,193,-57
116900221,105,306,-201
116900222,396,288,108
116900223,84,269,-185
116900226,61,49,12
116900227,131,84,47
116900228,240,201,39
116900230,73,692,-619
116900233,539,176,363
116900234,24,11,13
116900235,120,295,-175
116900238,1560,322,1238
116900239,33,740,-707
116900240,4785,3439,1346
116900241,74,123,-49
116900242,769,610,159
116900243,0,19,-19
116900245,27,29,-2
116900246,79,30,49
116900247,956,35,921
116900248,95,50,45
116900249,246,121,125
116900250,261,51,210
116900251,428,295,133
116900252,127,686,-559
116900254,40,97,-57
116900255,142,69,73
116900256,250,118,132
116900257,31,445,-414
116900258,15,226,-211
116900259,292,8,284
116900260,2,114,-112
116900261,68,2,66
116900262,234,183,51
116900263,1,16,-15
116900264,61,36,25
116900265,39,0,39
116900266,12,24,-12
116900267,0,0,0
116900268,211,105,106
116900269,290,492,-202
116900271,1040,174,866
116900272,411,308,103
116900273,146,71,75
116900274,87,70,17
116900275,150,101,49
116900276,283,114,169
116900277,434,30,404
116900278,2,10,-8
116900279,2,21,-19
116900280,30,36,-6
116900281,4419,2657,1762
116900282,7,95,-88
116900283,21,103,-82
116900284,17,179,-162
116900285,247,193,54
116900286,222,19,203
116900287,8,45,-37
116900288,67,129,-62
116900289,33,22,11
116900290,11,18,-7
116900291,33,31,2
116900292,0,15,-15
116900293,42,52,-10
116900294,37,149,-112
116900295,143,43,100
116900296,84,93,-9
116900297,7,79,-72
116900298,100,73,27
116900299,30,45,-15
116900300,0,57,-57
116900301,61,91,-30
116900302,134,60,74
116900303,211,88,123
116900304,1,151,-150
116900305,18,66,-48
116900306,160,124,36
116900307,75,1,74
116900308,1,131,-130
116900309,61,75,-14
116900310,16,65,-49
117000001,1425,1274,151
117000002,1689,3737,-2048
117000003,5317,2743,2574
117000004,3393,4401,-1008
117000005,1738,1774,-36
117000006,1262,3226,-1964
117000007,3091,994,2097
117000008,1010,3186,-2176
117000009,4485,1685,2800
117000010,2685,3692,-1007
117000011,1857,1484,373
117000012,1066,1196,-130
117000013,1600,770,830
117000014,1075,1879,-804
117000015,1968,1070,898
117000016,367,73,294
117000017,329,107,222
117000018,112,438,-326
117000019,121,18,103
117000020,427,1003,-576
117000021,1632,605,1027
117000022,457,102,355
117000023,334,245,89
117000024,270,155,115
117000025,507,709,-202
117000026,2320,1064,1256
117000027,2220,3194,-974
117000028,3589,1382,2207
117000030,564,475,89
117000031,347,284,63
117000032,1617,1066,551
117000033,1028,622,406
117000034,432,343,89
117000035,318,238,80
117000036,445,357,88
117000037,289,217,72
117000038,229,584,-355
117000039,410,220,190
117000040,219,892,-673
117000041,802,191,611
117000044,13,758,-745
117000045,414,109,305
117000046,359,735,-376
117000047,790,592,198
117000048,1812,1052,760
117000049,112,437,-325
117000050,128,1578,-1450
117000051,1743,107,1636
117000052,35,257,-222
117000053,342,29,313
117000054,1551,8,1543
117000055,157,2944,-2787
117000056,619,21,598
117000057,675,2142,-1467
117000060,515,1353,-838
117000061,1271,739,532
117000062,268,653,-385
117000063,1465,936,529
117000064,729,795,-66
117000066,1021,931,90
117000067,104,520,-416
117000074,188,196,-8
117000076,147,44,103
117000077,137,191,-54
117000078,123,637,-514
117000079,383,250,133
117000080,0,339,-339
117000081,1085,147,938
117000082,14,73,-59
117000083,158,7,151
117000084,172,2,170
117000085,257,621,-364
117000086,694,453,241
117000087,171,474,-303
117000088,259,171,88
117000089,1239,271,968
117000090,269,1033,-764
117000091,733,303,430
117000092,417,1170,-753
117000093,998,722,276
117000094,1297,2805,-1508
117000095,2978,856,2122
117000096,664,2129,-1465
117000097,1160,1186,-26
117000098,2602,4250,-1648
117000099,2877,1284,1593
117000100,166,281,-115
117000101,261,1137,-876
117000102,1317,736,581
117000103,639,1584,-945
117000104,1157,627,530
117000105,830,1453,-623
117000106,880,773,107
117000107,528,1917,-1389
117000108,1318,783,535
117000109,1441,2383,-942
117000110,1156,864,292
117000111,3322,3773,-451
117000112,2591,1610,981
117000113,133,301,-168
117000114,207,121,86
117000115,105,112,-7
117000116,146,241,-95
117000117,1273,1051,222
117000118,233,123,110
117000119,281,126,155
117000120,183,373,-190
117000121,155,932,-777
117000122,322,701,-379
117000123,1502,56,1446
117000124,697,63,634
117000125,312,88,224
117000126,127,30,97
117000127,193,311,-118
117000128,574,771,-197
117000129,426,589,-163
117000130,171,30,141
117000131,0,94,-94
117000132,2487,24,2463
117000133,1174,17,1157
117000134,0,53,-53
117000135,3,54,-51
117000136,2,28,-26
117000137,71,109,-38
117000138,1,590,-589
117000140,483,1565,-1082
117000141,1424,566,858
117000181,535,517,18
117000182,264,338,-74
117000195,200,910,-710
117000196,154,129,25
117000225,129,26,103
117000226,9,150,-141
117000276,251,12,239
117000277,1,327,-326
117000310,1534,1987,-453
117000315,36,671,-635
117000320,97,2,95
117000906,296,13,283
117000907,4,304,-300
117000909,47,38,9
117000910,135,176,-41
117000911,130,188,-58
117000915,11,567,-556
117000916,43,5,38
117000917,928,42,886
117000918,79,114,-35
117000919,5,92,-87
117000920,2,1132,-1130
117000921,2,1127,-1125
117000922,34,153,-119
117000924,353,658,-305
117000926,777,118,659
117000927,1368,617,751
117000928,0,145,-145
117000929,178,364,-186
117000930,248,26,222
117000931,416,126,290
117900002,131,360,-229
117900003,803,390,413
117900005,13,42,-29
117900006,0,46,-46
117900007,152,127,25
117900008,0,19,-19
117900010,290,67,223
117900011,120,79,41
117900012,49,81,-32
117900013,0,199,-199
117900014,555,131,424
117900015,29,100,-71
117900016,1038,704,334
117900017,459,305,154
117900018,229,108,121
117900019,362,246,116
117900020,59,409,-350
117900021,35,76,-41
117900023,703,195,508
117900024,68,87,-19
117900025,54,9,45
117900026,301,233,68
117900028,43,5,38
117900029,218,538,-320
117900030,423,310,113
117900031,228,74,154
117900032,763,453,310
117900033,216,505,-289
117900034,40,43,-3
117900035,315,114,201
117900036,210,342,-132
117900037,130,82,48
117900038,42,310,-268
117900039,5,60,-55
117900040,157,417,-260
117900041,5,50,-45
117900042,3170,298,2872
117900043,43,53,-10
117900044,7,2521,-2514
117900045,140,131,9
117900048,310,318,-8
117900049,202,358,-156
117900050,5,52,-47
117900051,17,2,15
117900052,57,346,-289
117900053,1370,645,725
117900054,0,43,-43
117900055,171,172,-1
117900056,218,40,178
117900057,907,1160,-253
117900058,168,31,137
117900059,350,104,246
117900060,2242,4767,-2525
117900061,22,228,-206
117900063,272,190,82
117900065,849,1270,-421
117900066,5,62,-57
117900067,431,186,245
117900069,565,295,270
117900070,302,30,272
117900071,90,150,-60
117900073,345,284,61
117900074,153,26,127
117900075,90,103,-13
117900076,14,61,-47
117900077,409,143,266
117900078,269,721,-452
117900080,107,66,41
117900081,476,364,112
117900082,353,285,68
117900083,261,355,-94
117900086,91,42,49
117900087,189,56,133
117900088,3435,2000,1435
117900089,1854,696,1158
117900090,373,438,-65
117900091,132,205,-73
117900092,60,28,32
117900093,77,50,27
117900094,41,24,17
117900095,283,443,-160
117900096,93,214,-121
117900097,239,82,157
117900098,35,22,13
117900099,181,177,4
117900100,185,2,183
117900101,361,1391,-1030
117900102,62,41,21
117900103,77,5,72
117900104,28,95,-67
117900105,133,190,-57
117900106,116,56,60
117900107,43,0,43
117900109,483,377,106
117900110,127,2,125
117900111,466,21,445
117900112,63,16,47
117900113,2813,1338,1475
117900114,19,1,18
117900115,311,52,259
117900116,806,869,-63
117900117,419,339,80
117900118,59,0,59
117900119,98,234,-136
117900120,151,80,71
117900121,81,19,62
117900122,1128,2634,-1506
117900123,619,450,169
117900124,857,743,114
117900125,1670,1843,-173
117900126,258,574,-316
117900127,480,450,30
117900128,390,516,-126
117900129,41,1,40
117900130,817,368,449
117900131,3,141,-138
117900132,12,118,-106
117900133,12,140,-128
117900134,44,237,-193
117900135,31,273,-242
117900136,0,52,-52
117900137,41,306,-265
117900138,2,46,-44
117900139,124,127,-3
117900140,3014,198,2816
117900141,311,198,113
117900142,159,26,133
117900144,99,154,-55
117900145,97,42,55
117900146,312,219,93
117900147,55,44,11
117900148,2273,1335,938
117900149,146,185,-39
117900150,39,44,-5
117900151,31,93,-62
117900152,123,55,68
117900153,21,85,-64
117900154,357,563,-206
117900156,884,957,-73
117900157,66,509,-443
117900158,218,129,89
117900160,508,627,-119
117900161,2518,2052,466
117900162,279,383,-104
117900163,121,92,29
117900165,1,12,-11
117900166,121,505,-384
117900168,83,197,-114
117900169,3,69,-66
117900170,1,45,-44
117900171,1,13,-12
117900172,12,21,-9
117900173,158,92,66
117900174,24,60,-36
117900175,9,32,-23
117900176,10,40,-30
117900177,30,56,-26
117900178,121,26,95
117900180,187,29,158
117900181,98,281,-183
117900182,1,29,-28
117900183,70,184,-114
117900184,35,107,-72
117900185,50,71,-21
117900186,44,20,24
117900187,18,9,9
117900188,180,105,75
117900189,61,46,15
117900190,31,0,31
117900191,108,2,106
117900192,229,2,227
117900193,34,76,-42
117900194,20,7,13
117900195,28,60,-32
117900196,13,34,-21
117900207,163,173,-10
117900208,33,28,5
117900209,197,176,21
117900210,146,241,-95
117900211,4,197,-193
117900212,136,154,-18
117900213,30,23,7
117900214,8,33,-25
117900215,33,40,-7
117900216,130,31,99
117900217,145,253,-108
117900218,210,269,-59
117900219,6,78,-72
117900220,138,107,31
117900222,250,295,-45
117900223,210,228,-18
118000001,663,833,-170
118000002,903,1778,-875
118000003,2119,2391,-272
118000004,3327,2514,813
118000005,3990,4544,-554
118000006,5372,8625,-3253
118000007,4655,3041,1614
118000008,5098,3262,1836
118000009,1796,2489,-693
118000010,4807,3542,1265
118000011,1136,1963,-827
118000012,1089,1766,-677
118000013,2016,2077,-61
118000014,2270,2197,73
118000016,171,468,-297
118000017,371,358,13
118000018,333,546,-213
118000019,2111,1444,667
118000020,1358,2670,-1312
118000021,730,2676,-1946
118000022,1566,775,791
118000023,888,273,615
118000024,1370,959,411
118000027,13451,10693,2758
118000029,914,678,236
118000032,1241,3109,-1868
118000033,2883,4581,-1698
118000034,4949,2307,2642
118000035,1664,2364,-700
118000036,1116,1075,41
118000037,666,761,-95
118000038,137,90,47
118000039,88,190,-102
118000040,1496,1236,260
118000041,2092,1193,899
118000045,586,181,405
118000046,1421,400,1021
118000047,885,579,306
118000048,3410,1505,1905
118000051,1670,718,952
118000052,961,441,520
118000053,495,318,177
118000054,1267,833,434
118000055,917,1265,-348
118000056,388,266,122
118000057,227,355,-128
118000058,3519,1234,2285
118000059,1990,754,1236
118000060,852,484,368
118000061,1309,939,370
118000062,729,291,438
118000063,261,519,-258
118000064,713,1114,-401
118000065,4247,1541,2706
118000066,611,1192,-581
118000067,1292,841,451
118000068,1854,3457,-1603
118000069,2853,981,1872
118000070,4774,1497,3277
118000071,2849,4971,-2122
118000072,1803,967,836
118000073,2414,494,1920
118000074,421,444,-23
118000075,726,237,489
118000076,1338,1688,-350
118000077,1325,1139,186
118000078,1571,1976,-405
118000079,227,314,-87
118000080,1203,925,278
118000081,1826,1081,745
118000082,290,1000,-710
118000083,1343,1380,-37
118000084,3312,1406,1906
118000086,338,457,-119
118000087,3963,2292,1671
118000088,1656,1380,276
118000089,2931,1672,1259
118000090,1128,2298,-1170
118000091,904,1760,-856
118000092,973,465,508
118000093,99,644,-545
118000096,522,626,-104
118000097,787,631,156
118000098,257,130,127
118000099,479,725,-246
118000101,831,283,548
118000102,369,1271,-902
118000107,1725,558,1167
118000108,572,1622,-1050
118000110,1,32,-31
118000111,1,297,-296
118000112,492,1,491
118000113,5,587,-582
118000114,320,8,312
118000115,17,10,7
118000116,48,0,48
118000117,1179,692,487
118000118,857,771,86
118000119,867,1020,-153
118000120,1380,1104,276
118000121,127,586,-459
118000122,1154,356,798
118000123,81,289,-208
118000125,1577,884,693
118000126,734,1286,-552
118000127,1733,612,1121
118000128,691,1152,-461
118000129,795,298,497
118000130,1956,2642,-686
118000131,702,751,-49
118000132,2037,1495,542
118000133,857,340,517
118000135,543,376,167
118000136,107,383,-276
118000137,535,95,440
118000138,387,517,-130
118000139,276,136,140
118000140,2189,3495,-1306
118000141,1671,1754,-83
118000142,1544,1394,150
118000143,1776,1047,729
118000144,1073,793,280
118000145,1459,1982,-523
118000146,1068,905,163
118000147,661,1461,-800
118000148,467,1127,-660
118000149,896,990,-94
118000150,310,311,-1
118000151,436,432,4
118000153,992,1082,-90
118000154,1218,1428,-210
118000155,1138,1307,-169
118000156,1674,2116,-442
118000157,450,387,63
118000158,213,411,-198
118000159,25,95,-70
118000160,416,421,-5
118000161,498,662,-164
118000162,1643,815,828
118000163,797,659,138
118000164,1650,1226,424
118000168,1042,440,602
118000169,1010,1144,-134
118000170,3918,4849,-931
118000171,328,540,-212
118000172,102,230,-128
118000173,1123,1110,13
118000175,258,338,-80
118000176,201,376,-175
118000177,206,457,-251
118000178,44,50,-6
118000179,1253,1130,123
118000180,778,729,49
118000181,710,250,460
118000182,302,275,27
118000183,228,286,-58
118000184,655,666,-11
118000185,1087,1028,59
118000186,750,921,-171
118000187,1146,754,392
118000188,478,150,328
118000189,501,593,-92
118000190,9,12,-3
118000191,30,22,8
118000192,104,123,-19
118000193,61,297,-236
118000194,1126,868,258
118000195,886,754,132
118000196,368,132,236
118000197,231,174,57
118000198,555,610,-55
118000199,433,325,108
118000200,55,168,-113
118000201,357,430,-73
118000202,47,45,2
118000203,1378,477,901
118000204,235,317,-82
118000205,401,397,4
118000206,187,170,17
118000207,0,39,-39
118000208,1114,1396,-282
118000209,1638,1625,13
118000210,72,42,30
118000211,18,42,-24
118000213,758,819,-61
118000214,569,454,115
118000215,180,161,19
118000216,1365,2337,-972
118000217,53,120,-67
118000218,83,110,-27
118000219,385,338,47
118000220,3,34,-31
118000221,210,328,-118
118000222,58,9,49
118000223,50,36,14
118000224,132,107,25
118000225,111,618,-507
118000226,817,166,651
118000227,805,459,346
118000228,169,218,-49
118000229,178,41,137
118000230,194,180,14
118000231,55,179,-124
118000232,631,787,-156
118000233,902,771,131
118000234,375,237,138
118000236,321,279,42
118000237,97,358,-261
118000238,179,181,-2
118000239,206,215,-9
118000240,383,189,194
118000241,86,147,-61
118000242,287,554,-267
118000243,205,192,13
118000244,41,159,-118
118000246,0,21,-21
118000255,71,172,-101
118000256,90,203,-113
118000259,5,26,-21
118000260,161,62,99
118000261,33,33,0
118000263,58,133,-75
118000266,98,254,-156
118000267,0,107,-107
118000268,299,0,299
118000270,65,34,31
118000271,227,345,-118
118000272,112,52,60
118000273,156,64,92
118000274,74,292,-218
118000276,426,294,132
118000295,8,91,-83
118000298,129,309,-180
118000299,56,151,-95
118000301,0,50,-50
118000302,83,85,-2
118000311,390,95,295
118000312,255,183,72
118000313,37,133,-96
118000314,74,77,-3
118000315,23,73,-50
118000316,563,442,121
118000325,49,50,-1
118000326,15,26,-11
118000331,20,79,-59
118000332,12,34,-22
118000333,22,71,-49
118000335,228,0,228
118000336,0,204,-204
118000407,116,75,41
118000457,4,35,-31
118000465,3320,3780,-460
118000480,25,85,-60
118000489,28,227,-199
118000490,37,211,-174
118000492,265,183,82
118000510,57,15,42
118000514,168,270,-102
118000515,642,521,121
118000517,308,232,76
118000524,217,207,10
118000525,794,699,95
118000530,22,78,-56
118000531,311,282,29
118000532,202,262,-60
118000533,290,138,152
118000534,577,417,160
118000535,204,131,73
118000536,780,1325,-545
118000537,24,136,-112
118000538,62,68,-6
118000539,28,97,-69
118000540,243,108,135
118000541,148,39,109
118000542,83,126,-43
118000543,158,139,19
118000546,50,23,27
118000553,0,3,-3
118000560,2320,1735,585
118000562,22,135,-113
118000563,1433,1173,260
118000576,127,104,23
118000577,278,221,57
118000578,143,66,77
118000579,777,1006,-229
118000583,0,0,0
118000595,183,87,96
118000596,0,52,-52
118000597,201,175,26
118000598,6,0,6
118000599,57,40,17
118000600,8,10,-2
118000601,7,0,7
118000602,4,13,-9
118000603,0,33,-33
118000605,79,297,-218
118000606,33,39,-6
118900001,636,1362,-726
118900002,749,744,5
118900003,292,13,279
118900004,63,68,-5
118900005,87,11,76
118900006,94,4,90
118900007,19,2,17
118900008,1278,47,1231
118900009,38,38,0
118900010,53,5,48
118900011,155,34,121
118900012,424,207,217
118900013,394,78,316
118900015,150,85,65
118900016,8,19,-11
118900017,231,287,-56
118900018,646,31,615
118900019,51,20,31
118900020,231,144,87
118900021,117,255,-138
118900022,162,130,32
118900023,120,84,36
118900024,74,125,-51
118900025,63,24,39
118900026,76,76,0
118900027,338,178,160
118900028,134,140,-6
118900029,304,275,29
118900030,320,78,242
118900031,135,125,10
118900032,151,138,13
118900033,336,327,9
118900034,142,26,116
118900035,92,208,-116
118900036,988,608,380
118900037,406,204,202
118900038,327,173,154
118900039,357,149,208
118900040,161,201,-40
118900041,436,149,287
118900042,191,75,116
118900045,286,194,92
118900046,802,405,397
118900047,423,273,150
118900048,203,167,36
118900049,75,47,28
118900050,47,165,-118
118900051,147,128,19
118900052,239,175,64
118900053,34,95,-61
118900054,123,36,87
118900055,73,110,-37
118900056,121,275,-154
118900057,581,372,209
118900058,341,286,55
118900059,23,75,-52
118900060,91,125,-34
118900062,516,135,381
118900064,602,414,188
118900065,81,110,-29
118900066,60,96,-36
118900067,3337,2600,737
118900068,24,147,-123
118900069,334,221,113
118900071,8,71,-63
118900072,342,310,32
118900073,135,87,48
118900074,104,183,-79
118900075,61,89,-28
118900076,197,121,76
118900077,203,170,33
118900078,42,5,37
118900079,51,209,-158
118900080,20,150,-130
118900081,114,42,72
118900082,529,153,376
118900083,38,8,30
118900084,15,19,-4
118900085,547,847,-300
118900086,29,87,-58
118900087,18,167,-149
118900088,0,7,-7
118900089,27,7,20
118900090,403,387,16
118900091,196,231,-35
118900092,101,87,14
118900093,126,19,107
118900096,188,185,3
118900097,194,500,-306
118900099,74,178,-104
118900100,123,228,-105
118900101,62,289,-227
118900102,35,64,-29
118900103,20,76,-56
118900104,68,30,38
118900105,189,108,81
118900107,137,95,42
118900108,76,90,-14
118900110,1238,668,570
118900111,478,454,24
118900112,55,148,-93
118900113,125,412,-287
118900114,26,65,-39
118900115,73,356,-283
118900116,116,239,-123
118900117,80,175,-95
118900118,192,280,-88
118900119,103,235,-132
118900120,98,316,-218
118900121,31,150,-119
118900122,11,749,-738
118900123,152,202,-50
118900124,40,143,-103
118900126,43,310,-267
118900129,281,223,58
118900130,68,187,-119
118900131,147,209,-62
118900132,289,172,117
118900133,16,118,-102
118900135,285,172,113
118900136,162,411,-249
118900137,3,32,-29
118900139,209,265,-56
118900140,317,475,-158
118900141,139,176,-37
118900144,100,431,-331
118900145,51,104,-53
118900146,305,578,-273
118900147,307,163,144
118900148,69,57,12
118900150,120,383,-263
118900152,430,737,-307
118900157,98,153,-55
118900158,57,62,-5
118900159,2,145,-143
118900161,124,4,120
118900163,126,115,11
118900164,7,91,-84
118900165,33,172,-139
118900166,43,3,40
118900167,78,107,-29
118900168,10,128,-118
118900169,118,230,-112
118900170,117,92,25
118900171,44,27,17
118900174,53,64,-11
118900175,346,440,-94
118900176,110,221,-111
118900177,88,82,6
118900178,80,208,-128
118900179,3,16,-13
118900181,71,114,-43
118900182,86,43,43
118900183,41,96,-55
118900184,279,100,179
118900185,183,112,71
118900186,108,106,2
118900187,206,217,-11
118900188,248,258,-10
118900189,35,674,-639
118900190,6,259,-253
118900191,102,42,60
118900192,116,8,108
118900193,329,9,320
118900195,224,602,-378
118900196,39,146,-107
118900197,103,27,76
118900198,20,17,3
118900199,83,48,35
118900200,37,10,27
118900201,30,33,-3
118900202,5,48,-43
118900203,10,32,-22
118900204,18,27,-9
118900205,7,12,-5
118900206,3,29,-26
119000001,1087,1324,-237
119000002,3145,2307,838
119000003,1838,1033,805
119000004,1829,1000,829
119000005,1290,1396,-106
119000006,2380,1407,973
119000007,2755,2583,172
119000008,1628,1636,-8
119000009,3175,3848,-673
119000010,5478,3563,1915
119000011,3249,2316,933
119000012,2754,2808,-54
119000013,1888,1328,560
119000014,1671,2794,-1123
119000019,236,141,95
119000020,1873,1261,612
119000021,3270,1788,1482
119000022,2114,1828,286
119000023,248,228,20
119000024,1429,7446,-6017
119000025,5688,1161,4527
119000026,142,360,-218
119000027,214,383,-169
119000028,1626,848,778
119000029,89,297,-208
119000030,451,860,-409
119000031,769,732,37
119000032,1635,2140,-505
119000033,1667,1287,380
119000034,805,843,-38
119000035,34,271,-237
119000036,1428,737,691
119000037,1035,1491,-456
119000038,121,754,-633
119000039,303,267,36
119000040,620,455,165
119000041,587,1031,-444
119000048,2749,3100,-351
119000049,1693,2359,-666
119000050,1731,1701,30
119000051,1531,866,665
119000052,1667,2651,-984
119000053,1603,1073,530
119000054,2919,2964,-45
119000055,3507,3219,288
119000056,1948,1686,262
119000057,1258,1698,-440
119000058,1601,1579,22
119000059,1134,1428,-294
119000060,1315,983,332
119000061,869,727,142
119000062,942,1204,-262
119000063,327,313,14
119000064,997,1033,-36
119000065,1848,3061,-1213
119000066,1701,1035,666
119000067,1628,1980,-352
119000068,1274,1046,228
119000069,1392,2159,-767
119000070,1961,912,1049
119000071,444,666,-222
119000072,4192,2588,1604
119000073,3738,5375,-1637
119000074,934,2210,-1276
119000075,1603,1887,-284
119000076,322,801,-479
119000077,605,419,186
119000078,317,243,74
119000079,171,468,-297
119000080,365,144,221
119000081,220,329,-109
119000082,768,231,537
119000083,471,314,157
119000084,244,344,-100
119000085,467,224,243
119000086,285,335,-50
119000087,1443,906,537
119000088,339,215,124
119000089,87,155,-68
119000090,119,150,-31
119000091,114,311,-197
119000092,402,174,228
119000093,3067,2403,664
119000094,2471,4762,-2291
119000095,1521,2229,-708
119000097,2033,1392,641
119000098,700,1958,-1258
119000099,2143,1597,546
119000100,2670,2415,255
119000101,3290,1627,1663
119000102,915,915,0
119000103,1347,552,795
119000104,2192,1335,857
119000105,824,1428,-604
119000106,316,1209,-893
119000107,632,432,200
119000108,289,827,-538
119000109,144,359,-215
119000110,423,311,112
119000111,76,499,-423
119000112,219,112,107
119000113,2331,342,1989
119000114,710,894,-184
119000115,149,96,53
119000116,89,94,-5
119000117,107,300,-193
119000118,4,1,3
119000123,4179,1321,2858
119000124,553,180,373
119000125,2874,725,2149
119000126,877,685,192
119000127,498,509,-11
119000128,24,3,21
119000131,803,656,147
119000132,4,4,0
119000133,1,2,-1
119000134,1704,534,1170
119000135,136,199,-63
119000136,235,215,20
119000137,193,381,-188
119000138,330,301,29
119000139,214,248,-34
119000140,150,288,-138
119000284,1301,2574,-1273
119000285,2094,1898,196
119000286,6448,4862,1586
119000287,1285,1877,-592
119000288,1642,1131,511
119000289,1828,2639,-811
119000290,232,383,-151
119000291,4,199,-195
119000293,116,126,-10
119000294,44,31,13
119000295,1146,324,822
119000296,176,137,39
119000302,2541,1258,1283
119000303,180,91,89
119000304,0,0,0
119000314,1344,7747,-6403
119000315,0,413,-413
119000316,116,117,-1
119000317,85,333,-248
119900001,225,1220,-995
119900002,166,276,-110
119900003,76,1122,-1046
119900004,336,1092,-756
119900005,157,135,22
119900006,183,362,-179
119900007,1284,285,999
119900008,413,48,365
119900009,606,705,-99
119900010,972,986,-14
119900011,28,101,-73
119900012,17,116,-99
119900013,1768,868,900
119900014,563,223,340
119900015,93,32,61
119900016,36,84,-48
119900017,42,44,-2
119900018,1799,716,1083
119900019,42,6,36
119900020,147,178,-31
119900021,104,71,33
119900022,121,580,-459
119900023,517,1189,-672
119900025,161,20,141
119900026,660,143,517
119900027,16,15,1
119900028,346,144,202
119900029,6,13,-7
119900030,437,396,41
119900031,50,308,-258
119900033,1925,298,1627
119900034,381,115,266
119900037,192,52,140
119900038,73,248,-175
119900039,32,18,14
119900040,143,26,117
119900041,107,46,61
119900042,402,100,302
119900043,62,126,-64
119900044,240,662,-422
119900046,116,73,43
119900047,218,56,162
119900048,160,59,101
119900049,143,10,133
119900050,101,107,-6
119900051,903,9,894
119900052,89,36,53
119900053,202,151,51
119900054,128,4,124
119900055,1140,468,672
119900057,201,72,129
119900058,185,5,180
119900059,99,53,46
119900060,286,20,266
119900061,226,8,218
119900062,66,29,37
119900063,16,49,-33
119900065,186,10,176
119900067,276,36,240
119900068,399,1,398
119900069,101,13,88
119900070,655,10,645
119900071,501,12,489
119900073,1574,730,844
119900074,32,33,-1
119900075,4453,2413,2040
119900076,526,416,110
119900077,711,898,-187
119900078,695,1035,-340
119900079,505,229,276
119900080,258,272,-14
119900081,682,176,506
119900082,1045,177,868
119900083,332,168,164
119900084,655,300,355
119900085,76,59,17
119900086,427,1051,-624
119900087,723,295,428
119900088,25,60,-35
119900089,44,429,-385
119900090,140,66,74
119900091,87,942,-855
119900092,67,289,-222
119900093,995,279,716
119900094,104,173,-69
119900095,204,126,78
119900096,56,111,-55
119900097,578,160,418
119900098,57,62,-5
119900099,21,228,-207
119900100,2074,2154,-80
119900101,215,959,-744
119900102,83,265,-182
119900103,38,355,-317
119900104,31,122,-91
119900105,654,1424,-770
119900106,15,159,-144
119900107,317,2380,-2063
119900108,1887,669,1218
119900109,46,154,-108
119900110,650,505,145
119900111,91,306,-215
119900112,1546,580,966
119900113,73,306,-233
119900114,209,1045,-836
119900115,304,1066,-762
119900116,147,431,-284
119900117,342,673,-331
119900118,119,906,-787
119900119,232,221,11
119900120,609,559,50
119900121,409,1055,-646
119900122,515,339,176
119900123,235,310,-75
119900124,218,802,-584
119900125,46,269,-223
119900126,3337,264,3073
119900127,2650,1204,1446
119900128,551,613,-62
119900129,273,525,-252
119900130,39,251,-212
119900131,57,220,-163
119900132,22,223,-201
119900133,44,87,-43
119900134,1741,221,1520
119900135,1,321,-320
119900136,203,324,-121
119900138,408,504,-96
119900139,48,71,-23
119900140,0,121,-121
119900141,106,671,-565
119900142,6,21,-15
119900143,17,172,-155
119900144,1598,284,1314
119900145,114,169,-55
119900146,130,218,-88
119900147,9,128,-119
119900148,174,79,95
119900149,1028,3112,-2084
119900150,182,148,34
119900151,1319,618,701
119900152,105,338,-233
119900153,181,91,90
119900154,32,531,-499
119900155,35,53,-18
119900156,21,13,8
119900157,102,247,-145
119900158,126,103,23
119900159,6,1197,-1191
119900160,26,152,-126
119900161,178,162,16
119900162,805,795,10
119900163,126,201,-75
119900164,1,3,-2
119900165,133,219,-86
119900166,102,78,24
119900167,83,94,-11
119900168,723,452,271
119900169,99,350,-251
119900170,210,305,-95
119900171,1254,420,834
119900172,153,25,128
119900173,12,353,-341
119900174,12,177,-165
119900175,935,737,198
119900177,19,185,-166
119900178,36,192,-156
119900179,60,417,-357
119900180,800,798,2
119900181,62,107,-45
119900182,4,291,-287
119900183,129,621,-492
119900184,2015,532,1483
119900185,49,163,-114
119900186,68,560,-492
119900187,19,366,-347
119900188,100,357,-257
119900189,503,464,39
119900190,63,265,-202
119900191,345,145,200
119900192,51,154,-103
119900193,235,204,31
119900194,20,76,-56
119900195,63,174,-111
119900196,1127,374,753
119900197,153,150,3
119900198,308,291,17
119900199,167,20,147
119900200,576,618,-42
119900201,327,189,138
119900202,141,199,-58
119900203,167,447,-280
119900204,227,246,-19
119900205,547,540,7
119900206,130,144,-14
119900208,129,224,-95
119900209,582,1153,-571
119900210,32,34,-2
119900211,82,15,67
119900212,145,292,-147
119900213,7,94,-87
119900214,37,95,-58
119900215,87,105,-18
119900216,17,85,-68
119900217,37,67,-30
119900218,78,99,-21
119900219,22,107,-85
119900220,6,81,-75
119900221,27,307,-280
119900222,15,210,-195
119900223,30,87,-57
119900224,17,36,-19
119900225,1027,72,955
119900226,525,1469,-944
119900227,1065,294,771
119900228,561,263,298
119900229,361,432,-71
119900230,1305,535,770
119900231,195,187,8
119900232,192,86,106
119900233,30,12,18
119900234,28,45,-17
119900235,44,60,-16
119900236,37,182,-145
119900237,56,396,-340
119900238,5,52,-47
119900240,84,144,-60
119900241,208,340,-132
119900242,1103,1519,-416
119900244,554,1289,-735
119900245,132,208,-76
119900246,308,638,-330
119900247,27,120,-93
119900248,88,191,-103
119900249,197,117,80
119900253,2279,344,1935
119900254,77,489,-412
119900255,125,527,-402
119900256,478,731,-253
119900257,43,0,43
119900258,147,9,138
119900259,4,115,-111
119900260,77,7,70
119900261,381,163,218
119900262,0,242,-242
119900263,980,379,601
119900264,117,220,-103
119900265,452,370,82
119900266,267,299,-32
119900267,183,404,-221
119900268,299,140,159
119900269,969,1028,-59
119900271,23,115,-92
119900272,282,137,145
119900275,153,66,87
119900276,39,2,37
119900277,7,4,3
119900278,241,77,164
119900279,84,257,-173
119900280,766,203,563
119900281,2,164,-162
119900282,38,136,-98
119900283,13,247,-234
119900284,28,217,-189
119900285,51,83,-32
119900286,2,13,-11
119900288,5,17,-12
119900289,1,27,-26
119900290,8,21,-13
119900291,0,77,-77
119900292,40,50,-10
119900293,33,88,-55
119900294,24,72,-48
119900295,37,45,-8
119900296,55,208,-153
119900297,1,24,-23
119900298,8,1,7
119900299,89,119,-30
119900300,236,138,98
119900301,35,24,11
119900302,24,44,-20
119900303,235,338,-103
119900304,170,56,114
119900305,21,86,-65
119900306,26,3,23
119900307,52,71,-19
119900308,6,24,-18
119900309,36,113,-77
119900310,208,300,-92
119900311,63,125,-62
119900312,62,63,-1
119900313,275,291,-16
119900314,137,245,-108
119900315,1260,1855,-595
119900318,13,27,-14
119900319,36,245,-209
119900320,138,393,-255
119900321,102,1,101
120000001,4895,10872,-5977
120000002,2473,3001,-528
120000003,3137,1900,1237
120000004,3018,2346,672
120000005,4087,2184,1903
120000006,1157,1354,-197
120000007,3356,2884,472
120000008,1017,1369,-352
120000009,2911,926,1985
120000010,1693,2722,-1029
120000011,977,1697,-720
120000012,1294,2406,-1112
120000013,2622,2567,55
120000014,596,1258,-662
120000015,2423,1332,1091
120000016,2939,2080,859
120000017,2437,1885,552
120000018,3553,8757,-5204
120000019,910,1382,-472
120000020,3018,2880,138
120000021,1747,2006,-259
120000022,2513,3523,-1010
120000023,947,1563,-616
120000024,1300,2270,-970
120000025,2240,2012,228
120000026,1683,1708,-25
120000027,1753,2002,-249
120000028,871,907,-36
120000029,2263,718,1545
120000030,1610,737,873
120000031,1740,4507,-2767
120000032,7333,4212,3121
120000033,4383,1909,2474
120000034,1398,1740,-342
120000035,1704,1853,-149
120000036,2671,4502,-1831
120000037,682,1281,-599
120000038,5797,3065,2732
120000039,608,881,-273
120000040,394,308,86
120000041,1309,1261,48
120000042,1630,2532,-902
120000043,3846,1850,1996
120000044,3901,1613,2288
120000045,4458,1093,3365
120000046,2661,2192,469
120000047,1071,3539,-2468
120000048,6349,3860,2489
120000049,2650,2500,150
120000050,3504,3554,-50
120000051,2777,3781,-1004
120000052,8439,2450,5989
120000053,1262,2797,-1535
120000054,1315,4023,-2708
120000055,1764,4405,-2641
120000056,3479,3420,59
120000057,2561,787,1774
120000058,3186,696,2490
120000059,32,1371,-1339
120000061,123,510,-387
120000062,204,252,-48
120000063,1594,2637,-1043
120000064,203,1159,-956
120000065,581,1573,-992
120000066,284,437,-153
120000067,71,460,-389
120000068,209,788,-579
120000069,532,999,-467
120000070,95,629,-534
120000071,354,118,236
120000072,633,405,228
120000073,696,86,610
120000074,105,103,2
120000075,736,325,411
120000076,1592,399,1193
120000077,1542,627,915
120000078,2895,1054,1841
120000079,385,481,-96
120000080,283,346,-63
120000081,328,200,128
120000082,270,287,-17
120000083,170,639,-469
120000084,348,367,-19
120000085,267,378,-111
120000086,366,636,-270
120000087,186,734,-548
120000088,879,1240,-361
120000089,992,553,439
120000090,613,610,3
120000091,987,926,61
120000092,1117,692,425
120000093,361,438,-77
120000094,172,669,-497
120000095,960,575,385
120000096,201,814,-613
120000098,911,749,162
120000099,413,780,-367
120000100,737,1009,-272
120000101,564,478,86
120000102,476,704,-228
120000103,1313,788,525
120000104,1350,441,909
120000105,2534,761,1773
120000106,2086,699,1387
120000107,2991,564,2427
120000108,973,152,821
120000109,1068,73,995
120000110,117,935,-818
120000111,115,1053,-938
120000112,822,2806,-1984
120000113,789,2192,-1403
120000114,1094,2764,-1670
120000115,349,2169,-1820
120000116,944,2016,-1072
120000117,1043,1415,-372
120000118,74,39,35
120000119,33,67,-34
120000120,88,56,32
120000121,60,69,-9
120000122,193,161,32
120000123,4887,4258,629
120000124,484,485,-1
120000125,449,665,-216
120000126,378,596,-218
120000127,2650,760,1890
120000128,3252,3162,90
120000129,294,348,-54
120000130,872,628,244
120000131,354,669,-315
120000134,410,1110,-700
120000135,448,401,47
120000137,249,1196,-947
120000138,763,401,362
120000139,311,677,-366
120000140,670,476,194
120000141,439,478,-39
120000142,677,553,124
120000143,0,104,-104
120000144,89,1,88
120000145,306,2,304
120000146,1296,855,441
120000149,674,1047,-373
120000150,3197,9796,-6599
120000151,369,452,-83
120000152,286,173,113
120000153,169,436,-267
120000154,475,403,72
120000155,135,340,-205
120000156,924,1228,-304
120000157,810,513,297
120000158,791,799,-8
120000159,2314,2599,-285
120000160,2372,1414,958
120000161,1742,2236,-494
120000162,91,277,-186
120000163,582,1408,-826
120000164,442,394,48
120000165,505,750,-245
120000166,1174,491,683
120000167,84,88,-4
120000168,23,311,-288
120000169,51,1011,-960
120000170,54,559,-505
120000171,25,223,-198
120000172,61,171,-110
120000173,1838,627,1211
120000174,313,41,272
120000175,381,38,343
120000176,479,46,433
120000177,1101,146,955
120000178,99,13,86
120000179,340,44,296
120000180,464,61,403
120000181,97,567,-470
120000182,83,335,-252
120000183,10,237,-227
120000184,103,793,-690
120000186,63,316,-253
120000187,61,188,-127
120000188,124,247,-123
120000190,970,47,923
120000191,1169,87,1082
120000192,913,26,887
120000193,585,8,577
120000195,53,5,48
120000196,295,48,247
120000197,76,127,-51
120000198,114,55,59
120000199,133,0,133
120000200,122,7,115
120000201,18,35,-17
120000202,5,35,-30
120000203,49,151,-102
120000207,4,49,-45
120000208,22,263,-241
120000209,8,86,-78
120000210,185,298,-113
120000211,83,1,82
120000212,132,1,131
120000213,70,144,-74
120000214,1,205,-204
120000215,4,89,-85
120000216,44,12,32
120000217,603,881,-278
120000218,237,747,-510
120000219,3,446,-443
120000220,11,1604,-1593
120000225,1254,3,1251
120000226,333,11,322
120000227,776,54,722
120000228,6711,2764,3947
120000230,288,10,278
120000231,966,1924,-958
120000233,196,15,181
120000235,253,680,-427
120000236,700,1,699
120000237,0,1136,-1136
120000238,9,317,-308
120000241,1110,2693,-1583
120000412,1079,11,1068
120000413,352,240,112
120000414,106,1,105
120000415,4,142,-138
120000416,265,7,258
120000417,9,89,-80
120000418,166,30,136
120000419,12,360,-348
120000420,264,111,153
120000421,9538,5478,4060
120000422,121,867,-746
120000423,2,36,-34
120000424,48,117,-69
120000436,163,524,-361
120000437,193,134,59
120000438,2968,290,2678
120000439,161,486,-325
120000443,167,2,165
120000444,1062,484,578
120000445,1286,985,301
120000446,711,275,436
120000447,182,5,177
120000449,135,15,120
120000450,6,233,-227
120000451,119,191,-72
120000452,21,0,21
120000453,0,205,-205
120000454,163,154,9
120000455,87,53,34
120000456,2071,3257,-1186
120000457,875,599,276
120000458,463,647,-184
120000459,66,54,12
120000665,762,238,524
120000668,161,475,-314
120000669,50,146,-96
120000670,244,378,-134
120000671,1049,349,700
120000672,122,578,-456
120900001,44,95,-51
120900002,350,392,-42
120900003,248,28,220
120900004,16,69,-53
120900005,7,1138,-1131
120900006,392,192,200
120900007,161,107,54
120900008,330,1251,-921
120900009,538,64,474
120900010,413,108,305
120900011,249,159,90
120900012,387,990,-603
120900013,192,82,110
120900014,4,503,-499
120900015,886,100,786
120900016,640,55,585
120900017,2173,96,2077
120900018,89,434,-345
120900019,505,346,159
120900020,885,1177,-292
120900021,558,185,373
120900022,38,393,-355
120900023,253,31,222
120900024,1790,512,1278
120900025,1584,965,619
120900026,154,139,15
120900027,642,26,616
120900028,333,81,252
120900029,224,413,-189
120900030,991,613,378
120900031,200,107,93
120900032,818,119,699
120900033,815,91,724
120900034,42,2197,-2155
120900035,42,57,-15
120900037,225,13,212
120900038,69,255,-186
120900039,107,41,66
120900040,244,4,240
120900041,153,27,126
120900042,457,39,418
120900043,54,40,14
120900044,12,370,-358
120900045,126,89,37
120900046,367,2,365
120900047,170,104,66
120900048,126,29,97
120900049,385,0,385
120900050,2320,1348,972
120900051,318,112,206
120900052,492,8,484
120900053,222,90,132
120900054,1610,537,1073
120900055,425,3,422
120900056,508,28,480
120900057,135,31,104
120900058,450,1,449
120900059,104,24,80
120900060,55,41,14
120900061,240,267,-27
120900062,221,2,219
120900063,525,6,519
120900064,491,1,490
120900065,398,1,397
120900066,281,331,-50
120900067,199,47,152
120900068,218,0,218
120900069,192,76,116
120900071,26,0,26
120900072,680,10,670
120900073,447,235,212
120900074,422,3,419
120900076,287,33,254
120900077,2588,247,2341
120900078,718,691,27
120900079,608,86,522
120900080,628,1704,-1076
120900081,934,710,224
120900082,438,370,68
120900083,203,78,125
120900084,213,397,-184
120900085,88,119,-31
120900086,142,272,-130
120900087,404,318,86
120900088,124,270,-146
120900089,3159,2211,948
120900090,207,121,86
120900091,671,710,-39
120900092,1340,626,714
120900093,2579,231,2348
120900094,434,223,211
120900095,450,25,425
120900096,42,225,-183
120900097,586,854,-268
120900098,382,219,163
120900099,60,55,5
120900100,77,339,-262
120900101,798,278,520
120900102,46,68,-22
120900103,54,226,-172
120900104,15,51,-36
120900105,39,630,-591
120900106,1342,581,761
120900107,221,175,46
120900108,12,629,-617
120900109,64,595,-531
120900110,20,536,-516
120900111,202,343,-141
120900112,28,870,-842
120900113,13,812,-799
120900114,26,157,-131
120900115,173,202,-29
120900116,308,407,-99
120900117,7,513,-506
120900118,6,634,-628
120900119,3413,3935,-522
120900120,71,516,-445
120900121,119,504,-385
120900122,465,411,54
120900123,3,490,-487
120900124,1,561,-560
120900125,2,626,-624
120900126,1809,1203,606
120900127,15,528,-513
120900128,1203,1482,-279
120900129,88,335,-247
120900130,4,431,-427
120900131,53,78,-25
120900132,924,240,684
120900133,127,829,-702
120900134,892,421,471
120900135,20,588,-568
120900136,26,45,-19
120900137,204,82,122
120900138,12,200,-188
120900139,6,612,-606
120900140,3,38,-35
120900141,151,218,-67
120900142,21,473,-452
120900143,1,856,-855
120900144,1,108,-107
120900145,168,782,-614
120900146,4,983,-979
120900147,15,567,-552
120900148,148,121,27
120900149,0,299,-299
120900150,29,555,-526
120900151,2,589,-587
120900152,0,34,-34
120900153,37,80,-43
120900154,0,257,-257
120900155,122,862,-740
120900156,60,266,-206
120900157,73,206,-133
120900158,41,529,-488
120900159,214,371,-157
120900160,15,559,-544
120900161,47,451,-404
120900162,43,660,-617
120900163,37,441,-404
120900164,0,9,-9
120900165,4,50,-46
120900166,97,368,-271
120900167,367,175,192
120900169,68,353,-285
120900170,1255,2224,-969
120900171,1138,366,772
120900172,695,741,-46
120900173,0,62,-62
120900174,5,108,-103
120900175,276,155,121
120900176,20,289,-269
120900177,0,899,-899
120900178,0,509,-509
120900179,1073,483,590
120900180,100,141,-41
120900181,77,44,33
120900182,19,250,-231
120900183,316,117,199
120900184,163,71,92
120900185,9,223,-214
120900186,0,422,-422
120900187,409,1063,-654
120900188,236,11,225
120900189,150,1055,-905
120900190,70,17,53
120900191,9,24,-15
120900192,10237,5639,4598
120900194,47,73,-26
120900195,116,285,-169
120900196,649,50,599
120900197,535,131,404
120900198,198,500,-302
120900199,302,420,-118
120900200,53,137,-84
120900201,456,179,277
120900202,1,147,-146
120900203,42,75,-33
120900204,195,257,-62
120900205,55,82,-27
120900206,21,38,-17
120900207,84,1143,-1059
121000001,650,807,-157
121000002,1865,1014,851
121000003,2330,1570,760
121000004,2291,2668,-377
121000005,1654,2128,-474
121000006,3101,1486,1615
121000007,2159,2422,-263
121000008,4434,2916,1518
121000009,4578,4539,39
121000010,7261,4305,2956
121000011,7565,9768,-2203
121000012,13816,8876,4940
121000013,4495,6018,-1523
121000014,5500,4970,530
121000015,3435,5795,-2360
121000016,3834,2923,911
121000017,1722,3333,-1611
121000018,2142,1395,747
121000019,15487,10907,4580
121000020,11208,12402,-1194
121000021,2809,2453,356
121000022,2014,2402,-388
121000023,3115,2528,587
121000024,3714,4158,-444
121000025,526,1311,-785
121000026,298,172,126
121000027,1557,987,570
121000028,761,496,265
121000029,953,555,398
121000030,548,364,184
121000031,669,541,128
121000032,166,112,54
121000034,530,195,335
121000035,166,117,49
121000036,1116,781,335
121000037,543,505,38
121000038,460,749,-289
121000039,290,376,-86
121000041,614,424,190
121000042,322,345,-23
121000043,682,544,138
121000044,1258,834,424
121000045,384,267,117
121000046,582,783,-201
121000047,86,87,-1
121000049,1519,556,963
121000050,270,1085,-815
121000051,673,298,375
121000052,323,533,-210
121000053,361,110,251
121000054,50,349,-299
121000055,1088,1018,70
121000056,796,1019,-223
121000057,346,461,-115
121000058,420,224,196
121000059,1766,1210,556
121000060,547,741,-194
121000061,91,189,-98
121000062,431,297,134
121000063,744,650,94
121000064,680,739,-59
121000065,498,551,-53
121000066,786,554,232
121000067,792,593,199
121000068,726,375,351
121000069,702,718,-16
121000070,2052,1133,919
121000071,1332,1202,130
121000072,1336,681,655
121000073,972,810,162
121000074,162,117,45
121000075,81,385,-304
121000076,1362,529,833
121000077,209,188,21
121000078,106,147,-41
121000080,2107,563,1544
121000081,3185,2719,466
121000082,116,256,-140
121000083,209,154,55
121000084,147,171,-24
121000085,259,386,-127
121000086,226,676,-450
121000087,83,339,-256
121000088,411,556,-145
121000089,388,328,60
121000090,346,377,-31
121000091,1311,808,503
121000092,193,93,100
121000093,156,176,-20
121000094,435,700,-265
121000095,354,545,-191
121000096,2183,2073,110
121000097,829,1734,-905
121000098,518,958,-440
121000099,613,695,-82
121000100,815,471,344
121000101,322,276,46
121000102,260,318,-58
121000103,230,219,11
121000104,232,175,57
121000105,392,254,138
121000106,259,300,-41
121000107,1623,2906,-1283
121000109,1097,904,193
121000110,278,625,-347
121000114,2490,1840,650
121000115,763,640,123
121000116,290,821,-531
121000117,798,258,540
121000118,1237,222,1015
121000119,280,380,-100
121000120,286,391,-105
121000121,585,973,-388
121000123,1476,569,907
121000127,114,85,29
121000128,804,408,396
121000129,722,582,140
121000130,551,768,-217
121000131,2253,1732,521
121000132,1564,1429,135
121000135,346,330,16
121000136,1869,574,1295
121000137,517,273,244
121000138,1011,792,219
121000139,674,302,372
121000141,180,142,38
121000142,709,911,-202
121000143,118,31,87
121000144,906,1496,-590
121000145,540,897,-357
121000146,1259,808,451
121000147,878,456,422
121000148,983,982,1
121000149,1853,1182,671
121000152,574,594,-20
121000153,1559,583,976
121000154,810,584,226
121000155,1277,1030,247
121000156,426,930,-504
121000157,1023,1583,-560
121000158,591,506,85
121000159,208,396,-188
121000160,314,384,-70
121000161,182,244,-62
121000162,104,169,-65
121000165,1425,1731,-306
121000166,21,381,-360
121000168,327,223,104
121000169,73,173,-100
121000170,341,74,267
121000171,72,139,-67
121000172,691,513,178
121000173,1036,912,124
121000174,301,373,-72
121000175,891,363,528
121000176,350,252,98
121000177,958,620,338
121000178,124,84,40
121000179,109,80,29
121000181,570,500,70
121000182,113,168,-55
121000183,138,84,54
121000184,117,73,44
121000185,27,117,-90
121000186,139,439,-300
121000187,149,157,-8
121000188,157,188,-31
121000192,762,441,321
121000193,519,463,56
121000194,1997,1825,172
121000195,254,850,-596
121000196,725,260,465
121000197,211,570,-359
121000198,181,80,101
121000199,109,282,-173
121000200,396,74,322
121000201,8,157,-149
121000202,576,85,491
121000203,870,1982,-1112
121000204,2323,718,1605
121000205,173,221,-48
121000206,112,37,75
121000207,1681,319,1362
121000208,1,270,-269
121000209,364,294,70
121000210,495,422,73
121000211,289,123,166
121000212,358,433,-75
121000213,7525,2486,5039
121000214,590,1717,-1127
121000215,966,755,211
121000216,454,560,-106
121000217,3125,2211,914
121000218,380,1159,-779
121000219,1202,391,811
121000220,158,38,120
121000221,97,170,-73
121000222,1976,1711,265
121000223,845,395,450
121000224,415,160,255
121000225,1655,1484,171
121000226,2603,943,1660
121000227,15,177,-162
121000228,16,454,-438
121000229,249,271,-22
121000230,76,1250,-1174
121000231,784,36,748
121000232,399,225,174
121000233,520,389,131
121000234,16,50,-34
121000235,86,71,15
121000236,11,35,-24
121000237,67,20,47
121000238,6,77,-71
121000239,54,19,35
121000240,6,186,-180
121000241,98,14,84
121000242,47,237,-190
121000243,483,143,340
121000244,3,60,-57
121000245,84,27,57
121000246,0,96,-96
121000247,53,7,46
121000248,1059,399,660
121000249,88,216,-128
121000250,420,152,268
121000251,35,316,-281
121000252,78,33,45
121000253,370,318,52
121000254,544,189,355
121000255,260,136,124
121000256,354,149,205
121000257,55,61,-6
121000258,136,54,82
121000259,103,66,37
121000260,129,86,43
121000261,171,61,110
121000262,809,605,204
121000263,740,436,304
121000271,313,1380,-1067
121000273,63,3,60
121000274,9,30,-21
121000275,5,10,-5
121000276,6,8,-2
121000278,34,33,1
121000279,39,14,25
121000280,33,37,-4
121000289,188,15,173
121000290,1070,723,347
121000294,141,101,40
121000297,1090,1004,86
121000299,212,375,-163
121000300,767,497,270
121000302,32,747,-715
121000303,381,263,118
121000304,532,56,476
121000305,200,35,165
121000306,81,141,-60
121000308,177,270,-93
121000309,308,417,-109
121000310,72,305,-233
121000311,71,689,-618
121000312,233,166,67
121000313,257,426,-169
121000314,111,133,-22
121000315,66,121,-55
121000530,1190,1224,-34
121000531,1592,1422,170
121000532,5527,6744,-1217
121000533,2651,3181,-530
121000918,75,165,-90
121000919,54,60,-6
121000938,61,70,-9
121000939,67,90,-23
121000956,1082,960,122
121000957,7,5,2
121000958,73,42,31
121000959,565,730,-165
121000960,1668,1803,-135
121000961,262,139,123
121000962,233,509,-276
121000963,0,0,0
121000973,1,92,-91
121000976,14,187,-173
121000979,356,136,220
121000981,409,214,195
121000982,301,151,150
121000983,359,386,-27
121000984,32,101,-69
121000985,516,411,105
121000986,199,147,52
121000987,311,818,-507
121000988,584,107,477
121001302,302,111,191
121001308,3,11,-8
121001309,82,69,13
121001313,256,242,14
121001314,1920,2524,-604
121001315,3790,1907,1883
121001326,427,337,90
121900001,207,168,39
121900002,47,33,14
121900003,418,10,408
121900004,140,238,-98
121900005,24,9,15
121900006,106,26,80
121900007,1549,2000,-451
121900008,1304,503,801
121900009,456,20,436
121900010,204,2,202
121900011,191,255,-64
121900012,8,0,8
121900013,1454,115,1339
121900014,1015,351,664
121900015,209,193,16
121900016,9,38,-29
121900017,1273,411,862
121900018,316,8,308
121900019,367,224,143
121900020,18,4,14
121900021,934,30,904
121900022,250,193,57
121900023,113,230,-117
121900024,314,124,190
121900025,493,285,208
121900026,310,65,245
121900027,308,101,207
121900028,176,23,153
121900029,67,141,-74
121900030,401,447,-46
121900031,824,4737,-3913
121900032,67,63,4
121900033,193,151,42
121900034,368,51,317
121900035,2141,1825,316
121900036,45,234,-189
121900037,116,688,-572
121900038,22,103,-81
121900039,329,60,269
121900040,64,97,-33
121900041,103,136,-33
121900042,306,103,203
121900043,7,4,3
121900044,174,55,119
121900046,224,324,-100
121900047,158,71,87
121900048,36,83,-47
121900050,31,61,-30
121900051,136,118,18
121900052,124,37,87
121900053,443,313,130
121900054,442,932,-490
121900055,10,8,2
121900058,209,139,70
121900059,387,174,213
121900060,122,287,-165
121900061,202,167,35
121900062,118,81,37
121900063,1080,401,679
121900064,214,535,-321
121900066,60,20,40
121900067,59,57,2
121900069,217,155,62
121900070,160,69,91
121900071,308,280,28
121900072,42,166,-124
121900073,224,168,56
121900074,616,847,-231
121900075,410,358,52
121900076,357,477,-120
121900078,59,34,25
121900079,1,0,1
121900080,805,348,457
121900082,55,79,-24
121900084,18,154,-136
121900086,14,49,-35
121900087,155,83,72
121900088,1535,2525,-990
121900089,155,350,-195
121900090,141,111,30
121900091,82,125,-43
121900092,87,94,-7
121900093,74,43,31
121900094,39,7,32
121900095,241,104,137
121900096,1165,667,498
121900097,472,281,191
121900098,16,0,16
121900099,225,93,132
121900100,205,441,-236
121900101,100,115,-15
121900102,8,133,-125
121900103,551,187,364
121900104,1263,351,912
121900105,252,170,82
121900106,7,5,2
121900107,43,21,22
121900108,1,32,-31
121900109,269,117,152
121900110,377,783,-406
121900111,903,166,737
121900112,210,117,93
121900113,61,311,-250
121900114,57,71,-14
121900117,119,38,81
121900118,1841,684,1157
121900119,296,109,187
121900120,46,1197,-1151
121900121,452,38,414
121900122,45,80,-35
121900123,154,366,-212
121900124,122,151,-29
121900125,1273,945,328
121900127,6,67,-61
121900128,68,98,-30
121900129,648,166,482
121900130,74,189,-115
121900131,252,78,174
121900132,40,67,-27
121900133,110,812,-702
121900134,39,174,-135
121900135,2026,310,1716
121900136,707,345,362
121900137,57,287,-230
121900138,119,120,-1
121900139,340,519,-179
121900140,71,167,-96
121900141,81,45,36
121900142,152,115,37
121900143,9,122,-113
121900144,136,266,-130
121900145,185,207,-22
121900146,639,760,-121
121900147,84,166,-82
121900148,221,312,-91
121900149,294,542,-248
121900150,97,140,-43
121900151,101,270,-169
121900152,87,114,-27
121900153,67,552,-485
121900154,28,232,-204
121900155,11,141,-130
121900156,119,95,24
121900157,1,359,-358
121900158,79,77,2
121900159,0,228,-228
121900160,65,274,-209
121900161,348,376,-28
121900162,88,127,-39
121900163,217,529,-312
121900164,393,193,200
121900165,175,140,35
121900166,169,165,4
121900167,124,107,17
121900168,149,219,-70
121900169,8,187,-179
121900170,6,173,-167
121900171,633,464,169
121900172,568,240,328
121900173,713,218,495
121900174,35,45,-10
121900175,122,198,-76
121900176,520,1347,-827
121900177,189,69,120
121900178,35,62,-27
121900179,397,167,230
121900180,3421,3381,40
121900182,522,247,275
121900183,642,781,-139
121900184,86,488,-402
121900186,5,235,-230
121900187,28,143,-115
121900188,449,376,73
121900189,25,97,-72
121900190,218,455,-237
121900191,108,195,-87
121900192,325,629,-304
121900193,41,148,-107
121900194,10,130,-120
121900195,65,79,-14
121900196,798,859,-61
121900197,286,1264,-978
121900198,992,930,62
121900199,5,11,-6
121900200,79,250,-171
121900201,706,675,31
121900202,106,536,-430
121900203,187,792,-605
121900204,820,1267,-447
121900205,28,82,-54
121900206,21,24,-3
121900207,114,39,75
121900208,174,181,-7
121900209,35,33,2
121900210,1095,865,230
121900211,323,425,-102
121900212,152,98,54
121900213,245,61,184
121900214,5,357,-352
121900215,67,103,-36
121900216,33,148,-115
121900217,202,134,68
121900218,189,367,-178
121900220,125,14,111
121900221,172,581,-409
121900222,119,143,-24
121900223,129,40,89
121900224,74,45,29
121900225,140,79,61
121900226,297,721,-424
121900227,326,464,-138
121900228,211,311,-100
121900230,159,181,-22
121900231,339,1527,-1188
121900232,221,424,-203
121900233,177,200,-23
121900234,238,218,20
121900235,427,174,253
121900236,338,141,197
121900237,203,237,-34
121900238,160,221,-61
121900239,256,24,232
121900240,252,107,145
121900241,36,41,-5
121900242,12,1,11
121900243,11,0,11
121900244,40,3,37
121900245,212,100,112
121900246,1859,230,1629
121900248,1250,1103,147
121900250,243,189,54
121900251,273,41,232
121900252,505,117,388
121900253,180,707,-527
121900254,585,239,346
121900255,311,113,198
121900258,2392,2061,331
121900259,404,540,-136
121900260,68,104,-36
121900261,213,567,-354
121900262,332,793,-461
121900263,318,233,85
121900264,1607,1195,412
121900265,238,230,8
121900266,462,136,326
121900267,68,41,27
121900269,182,667,-485
121900270,36,168,-132
121900271,31,128,-97
121900273,494,1423,-929
121900274,233,208,25
121900277,480,849,-369
121900278,83,770,-687
121900279,112,149,-37
121900280,129,268,-139
121900281,347,466,-119
121900284,49,8,41
121900286,163,112,51
121900287,16,15,1
121900288,6,1,5
121900290,205,330,-125
121900291,427,552,-125
121900292,176,167,9
121900293,1110,2374,-1264
121900294,219,1,218
121900295,142,197,-55
121900296,48,93,-45
121900298,244,622,-378
121900299,0,8,-8
121900300,125,5,120
121900301,94,11,83
121900302,10,34,-24
121900303,334,266,68
121900304,4,18,-14
121900305,0,19,-19
121900306,234,17,217
121900307,92,8,84
121900308,23,236,-213
121900309,4,203,-199
121900310,40,393,-353
121900311,403,25,378
121900312,211,19,192
121900313,340,16,324
121900314,5,50,-45
121900315,31,2,29
121900316,0,25,-25
121900317,21,6,15
121900318,2,34,-32
121900319,56,123,-67
121900320,49,83,-34
121900321,11,3,8
121900322,0,14,-14
121900323,17,8,9
121900324,6,59,-53
121900325,27,2,25
121900326,4,18,-14
121900327,4,38,-34
121900328,0,28,-28
121900329,6,230,-224
121900330,0,31,-31
121900331,124,34,90
121900332,71,50,21
121900333,31,1,30
121900334,71,51,20
122000001,1905,3694,-1789
122000002,3726,1435,2291
122000003,1972,2184,-212
122000004,2753,1456,1297
122000005,2151,1472,679
122000006,1719,883,836
122000007,1210,1702,-492
122000008,3236,4078,-842
122000009,454,310,144
122000010,2074,2346,-272
122000011,3079,1262,1817
122000012,1316,1400,-84
122000013,1172,855,317
122000014,1415,1066,349
122000015,1375,1039,336
122000016,584,947,-363
122000017,1037,1002,35
122000018,1472,1231,241
122000019,737,995,-258
122000020,170,223,-53
122000021,264,449,-185
122000022,1144,921,223
122000023,742,1493,-751
122000024,786,1161,-375
122000025,1263,1427,-164
122000026,1319,1012,307
122000027,577,2185,-1608
122000028,979,482,497
122000029,479,459,20
122000030,364,120,244
122000031,178,251,-73
122000032,1654,1795,-141
122000033,654,1088,-434
122000034,703,541,162
122000035,293,851,-558
122000036,562,531,31
122000037,372,226,146
122000038,281,345,-64
122000039,600,395,205
122000040,250,227,23
122000041,553,470,83
122000042,320,465,-145
122000043,120,147,-27
122000044,151,165,-14
122000045,1184,509,675
122000046,637,722,-85
122000047,289,243,46
122000048,3331,3792,-461
122000049,5066,2872,2194
122000050,1313,717,596
122000051,285,239,46
122000052,489,374,115
122000053,188,613,-425
122000054,2275,1885,390
122000055,2088,2775,-687
122000056,4407,3413,994
122000057,3185,3214,-29
122000058,2895,1171,1724
122000059,3122,1717,1405
122000060,685,604,81
122000061,489,474,15
122000062,1334,341,993
122000063,1022,614,408
122000064,2900,2419,481
122000065,3868,2126,1742
122000066,657,506,151
122000067,1548,1089,459
122000068,1234,963,271
122000069,1190,654,536
122000070,837,1541,-704
122000071,1264,1137,127
122000072,351,428,-77
122000073,397,654,-257
122000074,2831,1472,1359
122000075,695,1204,-509
122000076,2219,1033,1186
122000077,1085,727,358
122000078,2520,2582,-62
122000079,1260,1114,146
122000080,939,384,555
122000081,248,285,-37
122000082,887,760,127
122000083,1288,1819,-531
122000084,1406,726,680
122000085,311,911,-600
122000086,2063,4325,-2262
122000087,359,211,148
122000088,261,448,-187
122000089,4668,2133,2535
122000090,182,318,-136
122000091,180,73,107
122000092,127,20,107
122000093,1603,1505,98
122000094,5016,2359,2657
122000095,2311,3245,-934
122000096,1976,1495,481
122000098,2925,1850,1075
122000099,1758,618,1140
122000100,853,517,336
122000101,453,552,-99
122000102,1952,1129,823
122000103,1825,1754,71
122000104,347,182,165
122000105,896,286,610
122000106,453,633,-180
122000107,1028,420,608
122000108,441,755,-314
122000109,448,251,197
122000110,451,507,-56
122000111,2197,1079,1118
122000112,805,1083,-278
122000113,627,636,-9
122000114,2518,1213,1305
122000115,1804,1190,614
122000116,468,499,-31
122000117,1099,396,703
122000118,528,732,-204
122000119,3038,2303,735
122000120,1903,3720,-1817
122000121,2058,2928,-870
122000122,770,1665,-895
122000123,1656,1818,-162
122000124,1023,557,466
122000125,648,667,-19
122000126,630,1244,-614
122000127,1077,1344,-267
122000128,535,688,-153
122000129,507,1174,-667
122000130,2809,1423,1386
122000131,1423,1259,164
122000132,496,613,-117
122000133,940,1229,-289
122000134,811,762,49
122000135,701,722,-21
122000136,783,727,56
122000137,1431,911,520
122000139,1245,2857,-1612
122000140,1023,586,437
122000141,2906,806,2100
122000142,381,706,-325
122000143,481,425,56
122000144,1342,1150,192
122000145,1128,736,392
122000146,600,1028,-428
122000147,617,508,109
122000148,2105,1843,262
122000149,1856,1567,289
122000150,1040,835,205
122000151,208,350,-142
122000152,363,386,-23
122000153,340,313,27
122000154,275,177,98
122000155,1412,2130,-718
122000156,2307,2200,107
122000157,1690,1797,-107
122000158,416,657,-241
122000159,869,1366,-497
122000160,3134,2169,965
122000161,1092,944,148
122000162,1866,1614,252
122000163,334,131,203
122000164,24,120,-96
122000165,1069,657,412
122000166,1122,997,125
122000167,300,235,65
122000168,229,520,-291
122000169,418,155,263
122000170,367,206,161
122000171,34,97,-63
122000172,1329,1271,58
122000173,1227,2021,-794
122000174,2182,764,1418
122000175,1112,279,833
122000176,376,680,-304
122000177,1237,1352,-115
122000178,2508,1991,517
122000179,1461,2313,-852
122000180,1789,1206,583
122000181,1684,2439,-755
122000182,1684,1108,576
122000183,1743,857,886
122000184,2764,1923,841
122000185,1461,1475,-14
122000186,416,755,-339
122000187,1692,843,849
122000188,447,179,268
122000189,228,298,-70
122000190,823,893,-70
122000191,699,529,170
122000192,978,291,687
122000193,335,562,-227
122000194,428,168,260
122000195,179,413,-234
122000196,1101,584,517
122000197,487,575,-88
122000198,524,772,-248
122000199,338,306,32
122000200,1007,573,434
122000201,1477,1417,60
122000202,1374,1185,189
122000203,2503,1321,1182
122000204,1631,1789,-158
122000205,1401,1377,24
122000206,2087,872,1215
122000207,1774,1083,691
122000208,2002,1264,738
122000209,1676,327,1349
122000210,1849,1527,322
122000211,1255,978,277
122000212,928,469,459
122000213,1040,1114,-74
122000214,1833,1385,448
122000215,1726,1447,279
122000217,1624,1140,484
122000218,671,66,605
122000219,1026,799,227
122000220,372,569,-197
122000221,86,394,-308
122000222,540,115,425
122000223,1229,488,741
122000225,665,278,387
122000226,2096,1416,680
122000227,302,1941,-1639
122000228,437,367,70
122000229,35,475,-440
122000230,182,453,-271
122000231,333,723,-390
122000232,732,958,-226
122000233,0,108,-108
122000234,324,108,216
122000235,534,123,411
122000236,990,107,883
122000237,190,95,95
122000238,426,287,139
122000239,524,120,404
122000240,1155,677,478
122000241,1510,467,1043
122000242,661,192,469
122000243,261,89,172
122000244,77,395,-318
122000245,120,228,-108
122000246,340,178,162
122000247,779,606,173
122000248,1009,1549,-540
122000249,1641,835,806
122000250,1949,1036,913
122000251,256,485,-229
122000252,590,176,414
122000253,39,235,-196
122000254,300,124,176
122000255,779,1497,-718
122000256,443,857,-414
122000257,163,280,-117
122000258,223,221,2
122000259,24,373,-349
122000260,16,59,-43
122000261,18,219,-201
122000262,0,85,-85
122000263,318,88,230
122000264,1018,375,643
122000265,1912,767,1145
122000266,3607,742,2865
122000267,130,127,3
122000268,139,389,-250
122000269,893,329,564
122000270,622,154,468
122000271,310,887,-577
122000272,409,893,-484
122000273,414,408,6
122000274,271,177,94
122000275,110,216,-106
122000276,682,472,210
122000277,1127,1394,-267
122000278,1351,789,562
122000279,208,429,-221
122000280,816,687,129
122000281,735,651,84
122000282,261,229,32
122000283,649,133,516
122000284,227,94,133
122000285,523,126,397
122000286,123,160,-37
122000287,1119,1212,-93
122000288,511,278,233
122000291,1492,676,816
122000293,279,259,20
122000294,153,188,-35
122000295,1435,193,1242
122000296,63,540,-477
122000297,2217,2397,-180
122000299,392,279,113
122000300,515,512,3
122000301,7837,3289,4548
122000302,686,1005,-319
122000303,3080,1231,1849
122000304,62,206,-144
122000305,909,674,235
122000306,59,622,-563
122000307,240,155,85
122000309,191,56,135
122000310,58,107,-49
122000311,366,162,204
122000312,156,148,8
122000313,171,85,86
122000314,120,151,-31
122000315,225,70,155
122000316,527,192,335
122000317,1102,252,850
122000318,219,371,-152
122000319,284,401,-117
122000320,387,1045,-658
122000321,133,202,-69
122000322,2262,2178,84
122000323,1591,2010,-419
122000324,1195,931,264
122000325,806,1439,-633
122000326,62,102,-40
122000327,454,566,-112
122000328,760,573,187
122000330,1665,640,1025
122000332,233,344,-111
122000333,12,119,-107
122000337,864,1219,-355
122000338,361,357,4
122000340,304,451,-147
122000342,1606,844,762
122000343,474,1048,-574
122000344,45,16,29
122000345,17,23,-6
122000346,314,416,-102
122000348,696,653,43
122000349,108,576,-468
122000351,127,195,-68
122000352,403,123,280
122000353,70,138,-68
122000355,192,224,-32
122000356,1206,953,253
122000357,128,22,106
122000358,2,46,-44
122000359,0,46,-46
122000360,0,45,-45
122000362,17,84,-67
122000364,127,259,-132
122000365,3,41,-38
122000366,25,8,17
122000368,396,594,-198
122000370,54,54,0
122000371,30,1,29
122000372,19,4,15
122000381,80,312,-232
122000382,80,192,-112
122000384,2728,1132,1596
122000385,65,1,64
122000386,509,1112,-603
122000387,526,612,-86
122000388,1435,636,799
122000389,138,590,-452
122000390,424,218,206
122000391,328,156,172
122000392,237,173,64
122000393,173,176,-3
122000394,468,298,170
122000395,117,168,-51
122000396,286,109,177
122000397,108,61,47
122000398,38,57,-19
122000399,204,87,117
122000400,169,407,-238
122000401,128,90,38
122000402,225,94,131
122000403,349,621,-272
122000404,94,188,-94
122000408,719,876,-157
122000503,12,86,-74
122000524,199,107,92
122000544,62,2008,-1946
122000614,413,335,78
122000616,270,0,270
122000640,87,158,-71
122000641,102,345,-243
122000642,1228,1005,223
122000643,51,114,-63
122000644,84,26,58
122000645,94,157,-63
122000651,1533,750,783
122000664,176,28,148
122000665,1056,518,538
122000666,629,1045,-416
122000673,31,221,-190
122000674,170,67,103
122000675,1616,853,763
122000686,489,814,-325
122000687,1271,281,990
122000688,223,544,-321
122000689,781,417,364
122000690,1482,432,1050
122000691,667,1440,-773
122000692,1269,365,904
122000693,389,1252,-863
122000695,253,277,-24
122000696,293,221,72
122000698,395,511,-116
122000699,193,55,138
122000701,1066,287,779
122000702,461,1010,-549
122000703,147,41,106
122000712,0,0,0
122000717,163,56,107
122000718,879,1409,-530
122000719,73,94,-21
122000720,401,226,175
122000724,243,236,7
122900001,41,4,37
122900002,1104,3422,-2318
122900003,353,56,297
122900004,538,48,490
122900005,88,53,35
122900006,1041,243,798
122900007,139,45,94
122900008,606,40,566
122900009,618,411,207
122900010,198,114,84
122900012,210,374,-164
122900014,128,263,-135
122900015,1695,844,851
122900016,104,269,-165
122900017,420,597,-177
122900018,174,23,151
122900019,33,154,-121
122900020,339,303,36
122900021,65,522,-457
122900022,851,568,283
122900023,324,102,222
122900024,122,111,11
122900025,16,247,-231
122900026,63,329,-266
122900027,62,676,-614
122900028,141,180,-39
122900029,3564,2550,1014
122900030,892,522,370
122900031,89,222,-133
122900032,91,291,-200
122900033,285,133,152
122900034,3751,3827,-76
122900035,47,31,16
122900036,44,107,-63
122900037,315,101,214
122900038,122,2187,-2065
122900039,112,475,-363
122900040,272,410,-138
122900041,263,221,42
122900042,142,271,-129
122900043,366,192,174
122900044,108,319,-211
122900045,128,92,36
122900046,167,163,4
122900047,148,178,-30
122900048,83,194,-111
122900049,1375,127,1248
122900051,79,127,-48
122900052,97,145,-48
122900053,32,27,5
122900055,286,128,158
122900057,282,56,226
122900061,375,208,167
122900062,452,561,-109
122900063,132,291,-159
122900064,1064,336,728
122900065,538,243,295
122900066,565,349,216
122900067,1004,693,311
122900069,356,1295,-939
122900070,345,75,270
122900071,135,372,-237
122900073,47,244,-197
122900074,684,537,147
122900075,1,65,-64
122900076,2,180,-178
122900077,8,131,-123
122900078,165,62,103
122900080,58,32,26
122900081,192,172,20
122900082,776,209,567
122900083,188,161,27
122900084,4,172,-168
122900086,9,82,-73
122900087,279,469,-190
122900088,49,155,-106
122900089,38,118,-80
122900090,9,427,-418
122900091,197,5,192
122900092,0,183,-183
122900093,0,212,-212
122900094,6,225,-219
122900095,154,16,138
122900096,503,306,197
122900097,30,41,-11
122900098,72,108,-36
122900099,83,16,67
122900100,306,130,176
122900101,423,233,190
122900102,17,48,-31
122900103,104,6,98
122900104,93,10,83
122900105,17,22,-5
122900106,6,71,-65
122900107,12,156,-144
122900108,4,153,-149
122900109,243,101,142
123000001,1555,365,1190
123000002,3278,3766,-488
123000003,3600,3178,422
123000004,2803,3442,-639
123000005,2161,2509,-348
123000006,2065,2148,-83
123000007,3428,2364,1064
123000008,2709,2826,-117
123000009,3853,2371,1482
123000010,3042,2883,159
123000011,2308,701,1607
123000012,851,1904,-1053
123000013,2845,805,2040
123000014,1039,2808,-1769
123000015,2808,991,1817
123000016,3399,3215,184
123000017,2828,1725,1103
123000018,97,141,-44
123000019,256,254,2
123000020,165,113,52
123000021,83,196,-113
123000022,323,2098,-1775
123000023,1252,1287,-35
123000024,1300,595,705
123000025,306,185,121
123000026,56,58,-2
123000027,254,366,-112
123000028,2077,400,1677
123000029,2000,850,1150
123000030,207,354,-147
123000031,188,253,-65
123000032,338,219,119
123000033,194,81,113
123000034,1235,950,285
123000035,345,364,-19
123000036,259,827,-568
123000037,227,326,-99
123000038,58,208,-150
123000039,393,1194,-801
123000040,815,352,463
123000041,1142,1101,41
123000042,1050,674,376
123000043,2568,5482,-2914
123000044,4092,2240,1852
123000045,5991,2454,3537
123000046,853,1233,-380
123000047,1999,986,1013
123000048,80,586,-506
123000049,5529,7648,-2119
123000050,1135,997,138
123000051,93,172,-79
123000052,622,2571,-1949
123000053,2264,2910,-646
123000054,1220,1175,45
123000055,1050,1693,-643
123000056,998,1565,-567
123000057,10651,6249,4402
123000058,696,799,-103
123000059,463,460,3
123000060,791,335,456
123000061,306,656,-350
123000063,716,802,-86
123000064,983,276,707
123000065,4736,2564,2172
123000066,698,499,199
123000067,677,581,96
123000068,2493,2552,-59
123000069,5879,2811,3068
123000070,373,715,-342
123000071,717,946,-229
123000072,1047,846,201
123000073,1017,803,214
123000074,882,1143,-261
123000075,363,892,-529
123000076,802,658,144
123000077,2112,2526,-414
123000078,1358,1644,-286
123000079,1081,1842,-761
123000080,1937,1594,343
123000081,155,419,-264
123000082,405,975,-570
123000083,813,210,603
123000084,604,573,31
123000085,258,128,130
123000086,475,234,241
123000087,265,262,3
123000088,1285,907,378
123000089,465,1088,-623
123000090,1074,906,168
123000091,1335,1189,146
123000092,854,1093,-239
123000094,476,201,275
123000095,419,582,-163
123000096,542,348,194
123000097,389,719,-330
123000098,638,552,86
123000099,593,697,-104
123000100,518,657,-139
123000101,561,624,-63
123000102,576,604,-28
123000104,344,360,-16
123000105,477,421,56
123000106,488,349,139
123000107,363,467,-104
123000108,725,970,-245
123000111,794,339,455
123000112,890,535,355
123000113,353,966,-613
123000114,369,599,-230
123000115,303,264,39
123000116,49,123,-74
123000117,1606,1581,25
123000118,455,758,-303
123000119,251,838,-587
123000120,450,741,-291
123000121,410,559,-149
123000122,219,225,-6
123000123,368,530,-162
123000124,546,453,93
123000125,751,674,77
123000126,1410,4251,-2841
123000127,871,628,243
123000128,323,272,51
123000129,548,197,351
123000130,553,89,464
123000131,718,635,83
123000132,386,534,-148
123000133,259,328,-69
123000134,311,161,150
123000135,1420,769,651
123000136,229,738,-509
123000137,173,244,-71
123000138,96,408,-312
123000139,473,145,328
123000140,106,692,-586
123000141,717,163,554
123000142,860,943,-83
123000143,1397,1871,-474
123000144,12,17,-5
123000145,167,101,66
123000146,35,80,-45
123000147,79,79,0
123000149,339,334,5
123000150,186,185,1
123000151,245,407,-162
123000152,60,311,-251
123000153,202,562,-360
123000154,1441,1554,-113
123000155,1836,1045,791
123000156,31,97,-66
123000157,573,780,-207
123000158,573,711,-138
123000159,2581,1890,691
123000160,1082,796,286
123000161,1307,983,324
123000162,833,1375,-542
123000163,410,104,306
123000164,1293,377,916
123000165,383,1458,-1075
123000166,42,129,-87
123000167,129,281,-152
123000168,280,237,43
123000169,571,134,437
123000170,90,164,-74
123000171,561,29,532
123000172,217,474,-257
123000173,425,230,195
123000174,778,343,435
123000175,732,1066,-334
123000176,956,253,703
123000177,248,837,-589
123000178,828,132,696
123000179,40,558,-518
123000180,975,366,609
123000181,166,856,-690
123000183,186,545,-359
123000184,98,550,-452
123000186,3,659,-656
123000187,570,9,561
123000188,204,0,204
123000189,212,168,44
123000190,57,62,-5
123000192,29,375,-346
123000193,76,877,-801
123000194,483,347,136
123000195,320,34,286
123000196,274,55,219
123000197,73,169,-96
123000198,39,338,-299
123000199,7,532,-525
123000200,499,9,490
123000201,907,20,887
123000202,19,947,-928
123000203,922,59,863
123000204,104,1077,-973
123000205,506,1737,-1231
123000206,1745,239,1506
123000207,124,924,-800
123000208,368,212,156
123000209,1933,678,1255
123000210,632,2097,-1465
123000211,518,2329,-1811
123000212,2400,533,1867
123000213,665,76,589
123000215,102,220,-118
123000216,104,708,-604
123000217,171,41,130
123000218,57,542,-485
123000219,700,72,628
123000220,470,94,376
123000221,206,104,102
123000222,309,271,38
123000223,180,265,-85
123000224,445,497,-52
123000225,248,63,185
123000226,70,247,-177
123000227,65,280,-215
123000228,205,69,136
123000229,1230,1350,-120
123000232,82,538,-456
123000233,552,181,371
123000234,159,613,-454
123000235,699,313,386
123000236,215,607,-392
123000237,293,85,208
123000238,88,365,-277
123000239,464,1070,-606
123000240,58,398,-340
123000241,647,85,562
123000242,113,188,-75
123000243,690,783,-93
123000244,825,667,158
123000245,36,155,-119
123000249,292,512,-220
123000252,780,210,570
123000253,900,498,402
123000254,585,866,-281
123000255,948,866,82
123000256,35,252,-217
123000257,2172,1569,603
123000258,1109,1238,-129
123000259,312,357,-45
123000260,425,329,96
123000261,207,133,74
123000262,144,205,-61
123000263,291,97,194
123000264,186,81,105
123000265,46,153,-107
123000266,490,617,-127
123000267,410,289,121
123000268,47,90,-43
123000269,70,46,24
123000270,31,59,-28
123000271,80,71,9
123000272,736,293,443
123000273,210,532,-322
123000274,969,535,434
123000275,280,725,-445
123000278,2683,2172,511
123000279,113,105,8
123000280,365,357,8
123000281,362,113,249
123000282,134,276,-142
123000283,122,81,41
123000284,63,95,-32
123000286,283,222,61
123000287,569,247,322
123000288,1197,669,528
123000289,526,870,-344
123000291,333,717,-384
123000294,208,212,-4
123000295,759,838,-79
123000296,439,400,39
123000297,634,568,66
123000298,496,460,36
123000299,78,206,-128
123000300,971,940,31
123000301,145,221,-76
123000302,96,178,-82
123000303,95,131,-36
123000305,810,743,67
123000306,111,187,-76
123000309,36,84,-48
123000310,74,77,-3
123000311,0,103,-103
123000312,731,1168,-437
123000313,1040,465,575
123000315,63,302,-239
123000316,1068,340,728
123000317,220,56,164
123000318,62,199,-137
123000329,8,14,-6
123000337,727,217,510
123000338,600,58,542
123000339,186,268,-82
123000340,186,439,-253
123000342,89,157,-68
123000343,53,13,40
123000344,1201,464,737
123000345,352,628,-276
123000346,303,50,253
123000352,1208,705,503
123000353,32,128,-96
123000354,310,4,306
123000355,1,355,-354
123000356,298,8,290
123000357,0,139,-139
123000359,8,133,-125
123000360,170,81,89
123000361,289,294,-5
123000362,262,90,172
123000363,108,126,-18
123000364,466,400,66
123000365,21,292,-271
123000366,375,1568,-1193
123000367,711,1150,-439
123000370,19,217,-198
123000371,484,25,459
123000372,348,16,332
123000373,9,358,-349
123000374,26,205,-179
123000375,323,36,287
123000376,711,532,179
123000377,229,30,199
123000378,8,183,-175
123000379,4,161,-157
123000380,55,378,-323
123000381,116,74,42
123000382,911,121,790
123000383,170,1015,-845
123000384,377,90,287
123000385,222,436,-214
123000436,29,513,-484
123000507,187,284,-97
123000508,155,734,-579
123000517,283,35,248
123000518,29,210,-181
123000519,168,82,86
123000520,60,207,-147
123000521,335,96,239
123000522,169,329,-160
123000541,8,2,6
123000542,0,16,-16
123000565,715,73,642
123000566,242,612,-370
123000567,73,206,-133
123000573,45,538,-493
123000574,481,67,414
123000575,1083,898,185
123000576,565,1053,-488
123000577,77,502,-425
123000578,400,40,360
123000579,2583,3806,-1223
123000580,103,42,61
123000582,230,36,194
123000583,15,269,-254
123000584,153,186,-33
123000585,0,68,-68
123000586,50,1,49
123000596,93,99,-6
123000597,61,126,-65
123000602,44,10,34
123000603,507,366,141
123000604,419,655,-236
123000605,754,16,738
123000606,0,304,-304
123000609,18,286,-268
123000610,169,100,69
123000613,58,194,-136
123000614,219,30,189
123000615,66,144,-78
123000616,424,69,355
123000617,126,288,-162
123000618,114,396,-282
123000619,390,50,340
123000620,39,322,-283
123000622,273,21,252
123000624,191,50,141
123000630,938,225,713
123000631,313,1203,-890
123000632,925,1084,-159
123000633,16,302,-286
123000634,52,102,-50
123000635,134,119,15
123000636,119,693,-574
123000637,186,19,167
123000638,465,51,414
123000639,761,2936,-2175
123000640,34,661,-627
123000648,356,112,244
123000649,75,500,-425
123000650,416,257,159
123000651,44,477,-433
123900001,858,43,815
123900002,36,1139,-1103
123900003,273,345,-72
123900005,170,172,-2
123900006,207,27,180
124000001,1526,160,1366
124000002,72,1329,-1257
124000003,658,157,501
124000004,75,385,-310
124000005,887,379,508
124000006,155,953,-798
124000007,425,101,324
124000008,7,413,-406
124000009,499,228,271
124000010,202,437,-235
124000011,769,255,514
124000012,261,391,-130
124000017,142,138,4
124000018,100,58,42
124000019,141,156,-15
124000020,41,146,-105
124000021,83,82,1
124000022,104,164,-60
124000023,1193,1245,-52
124000024,938,504,434
124000025,1032,1505,-473
124000026,954,871,83
124000027,3814,3930,-116
124000028,2067,3520,-1453
124000030,1653,763,890
124000031,1387,2086,-699
124000032,2073,1067,1006
124000033,880,519,361
124000034,707,1056,-349
124000035,308,234,74
124000036,141,523,-382
124000037,445,1076,-631
124000038,70,117,-47
124000039,1042,519,523
124000040,542,939,-397
124000041,370,88,282
124000042,156,370,-214
124000043,114,108,6
124000044,93,149,-56
124000045,651,535,116
124000046,291,588,-297
124000047,1230,881,349
124000048,931,1118,-187
124000049,1422,739,683
124000050,800,1579,-779
124000051,785,558,227
124000052,568,901,-333
124000053,489,1290,-801
124000054,944,524,420
124000055,1260,2194,-934
124000056,1870,1486,384
124000057,967,543,424
124000058,417,1187,-770
124000059,501,973,-472
124000060,1167,666,501
124000061,1299,4758,-3459
124000062,3407,1776,1631
124000063,1493,1688,-195
124000064,2147,1381,766
124000065,77,222,-145
124000066,314,121,193
124000067,135,163,-28
124000068,78,224,-146
124000069,592,200,392
124000070,232,392,-160
124000071,347,111,236
124000072,127,244,-117
124000073,829,180,649
124000074,227,699,-472
124000075,235,28,207
124000076,12,191,-179
124000077,1815,686,1129
124000078,2795,1252,1543
124000079,408,1000,-592
124000080,485,202,283
124000081,193,347,-154
124000082,44,132,-88
124000083,95,115,-20
124000084,94,336,-242
124000085,119,40,79
124000086,88,65,23
124000087,199,90,109
124000088,184,303,-119
124000089,748,372,376
124000090,140,321,-181
124000091,436,123,313
124000092,110,573,-463
124000093,120,132,-12
124000094,128,382,-254
124000095,116,105,11
124000096,124,225,-101
124000097,116,161,-45
124000098,65,110,-45
124000099,224,90,134
124000100,54,99,-45
124000101,71,117,-46
124000102,86,83,3
124000103,66,132,-66
124000104,98,63,35
124000105,69,128,-59
124000106,139,68,71
124000107,16,151,-135
124000108,72,36,36
124000109,132,121,11
124000110,236,144,92
124000111,181,138,43
124000112,565,564,1
124000113,77,109,-32
124000114,255,377,-122
124000115,404,621,-217
124000116,101,179,-78
124000117,66,71,-5
124000118,60,106,-46
124000119,804,484,320
124000120,461,400,61
124000121,1263,672,591
124000122,527,1175,-648
124000123,891,456,435
124000124,396,970,-574
124000125,340,475,-135
124000126,300,507,-207
124000127,722,389,333
124000128,489,839,-350
124000129,1896,1423,473
124000130,755,567,188
124000131,871,584,287
124000132,856,721,135
124000133,652,741,-89
124000134,782,558,224
124000135,1433,1520,-87
124000136,764,950,-186
124000137,1068,670,398
124000138,1137,1058,79
124000139,821,56,765
124000140,80,563,-483
124000141,692,45,647
124000142,64,475,-411
124000143,100,9,91
124000144,13,161,-148
124000145,155,38,117
124000146,52,80,-28
124000148,71,113,-42
124000149,1093,485,608
124000150,309,549,-240
124000151,795,425,370
124000152,871,1212,-341
124000153,642,597,45
124000154,371,643,-272
124000155,1274,967,307
124000156,1555,955,600
124000169,188,364,-176
124000170,491,383,108
124000171,203,190,13
124000172,344,462,-118
124000173,395,195,200
124000174,350,521,-171
124000175,6,91,-85
124000176,49,12,37
124000177,9,19,-10
124000178,44,31,13
124000185,65,15,50
124000186,2,53,-51
124000187,5,78,-73
124000188,43,2,41
124000190,99,26,73
124000191,156,106,50
124000192,1520,288,1232
124000193,382,611,-229
124000194,388,468,-80
124000195,229,560,-331
124000196,1099,1033,66
124000197,58,58,0
124000198,38,53,-15
124000201,342,678,-336
124000202,531,80,451
124000203,364,431,-67
124000204,622,156,466
124000205,134,391,-257
124000206,670,90,580
124000207,0,35,-35
124000209,241,379,-138
124000210,378,205,173
124000211,476,1,475
124000212,1,380,-379
124000213,341,252,89
124000214,325,592,-267
124000215,335,46,289
124000216,0,313,-313
124000329,18,691,-673
124000338,234,1042,-808
124000339,709,139,570
124000341,1078,80,998
124000344,61,41,20
124000357,746,1678,-932
124000358,678,1155,-477
124000359,834,645,189
124000360,658,477,181
124000361,1259,711,548
124000362,897,1170,-273
124000363,211,284,-73
124000364,455,689,-234
124000365,607,890,-283
124000366,1340,741,599
124000367,96,422,-326
124000368,467,335,132
124000369,74,102,-28
124000370,61,389,-328
124000402,34,14,20
124000403,119,47,72
124000404,10,99,-89
124000405,870,816,54
124000406,763,891,-128
124000407,1,48,-47
124000411,7,309,-302
124000412,455,15,440
124000413,306,37,269
124000414,63,115,-52
124000415,44,144,-100
124000416,163,239,-76
124000417,159,90,69
124000418,172,110,62
124000419,117,108,9
124000420,71,80,-9
124000421,74,214,-140
124000422,53,27,26
124000423,119,40,79
124000424,4,127,-123
124000425,141,17,124
124000426,19,191,-172
124000427,157,11,146
124000428,8,37,-29
124000429,82,84,-2
124000430,278,178,100
124000431,291,443,-152
124000432,234,554,-320
124000439,7,10,-3
124000443,2,5,-3
124000445,761,831,-70
124000446,1368,127,1241
124000447,30,105,-75
124000448,63,12,51
124000449,163,12,151
124000450,13,153,-140
124000451,1,89,-88
124900001,477,372,105
124900002,126,291,-165
124900003,967,599,368
124900004,484,331,153
124900005,209,122,87
124900006,643,388,255
124900008,1133,541,592
124900009,144,345,-201
124900010,138,100,38
124900011,418,192,226
124900012,367,109,258
124900013,439,139,300
124900014,292,73,219
124900015,113,309,-196
124900016,44,58,-14
124900017,562,1017,-455
124900018,70,7,63
124900020,87,54,33
124900021,258,64,194
124900022,67,7,60
124900024,271,19,252
124900026,137,24,113
124900027,97,320,-223
124900028,363,74,289
124900029,9,431,-422
124900030,3,54,-51
124900031,55,250,-195
124900032,171,222,-51
124900033,109,263,-154
124900034,6,76,-70
124900035,180,356,-176
124900036,1,47,-46
124900037,192,249,-57
124900039,3,36,-33
124900040,81,68,13
124900042,144,4,140
124900043,498,1212,-714
124900044,54,7,47
124900045,667,843,-176
124900047,620,391,229
124900048,202,103,99
124900050,165,282,-117
124900052,108,300,-192
124900053,248,417,-169
124900054,893,431,462
124900055,7,336,-329
124900057,13,59,-46
124900060,700,499,201
124900061,65,5,60
124900062,180,25,155
124900066,2,146,-144
124900067,10,124,-114
124900068,276,403,-127
124900070,51,7,44
124900072,91,45,46
124900075,169,212,-43
124900076,35,993,-958
124900077,30,102,-72
124900078,87,14,73
124900079,543,110,433
124900080,331,685,-354
124900081,738,290,448
124900082,569,1531,-962
124900083,387,867,-480
124900085,2290,798,1492
124900086,55,1087,-1032
124900087,1542,120,1422
124900088,978,297,681
124900089,1313,20,1293
124900090,219,255,-36
124900091,275,330,-55
124900092,249,246,3
124900093,271,159,112
124900094,288,228,60
124900095,49,369,-320
124900096,446,211,235
124900097,269,77,192
124900098,146,284,-138
124900099,491,406,85
124900100,299,51,248
124900101,75,432,-357
124900102,198,24,174
124900103,130,188,-58
124900104,71,163,-92
124900105,76,94,-18
124900106,244,37,207
124900107,90,18,72
124900108,195,73,122
124900111,5,133,-128
124900112,189,653,-464
124900113,124,258,-134
124900114,171,142,29
124900115,73,32,41
124900116,177,116,61
124900117,351,118,233
124900118,238,267,-29
124900119,357,195,162
124900120,69,348,-279
124900121,127,323,-196
124900122,344,236,108
124900123,337,147,190
124900124,128,339,-211
204000001,101,16,85
204000002,21,10,11
204000003,11,4,7
204000004,4,0,4
204000005,712,564,148
204000006,1139,1137,2
204000011,17,30,-13
204000012,51,100,-49
204000019,539,483,56
204000020,550,507,43
204000021,1189,661,528
204000022,497,418,79
204000023,516,801,-285
204000031,159,29,130
204000032,549,28,521
204000034,47,141,-94
204000035,1,2,-1
204000036,9,8,1
204000037,4,23,-19
204000038,0,13,-13
204000039,19,27,-8
204000040,4,22,-18
204000041,3,18,-15
204000042,26,13,13
204000043,42,6,36
204000044,35,4,31
204000045,27,6,21
204000046,4,1,3
204000057,10,14,-4
204000062,33,63,-30
204000068,28,290,-262
204000069,48,254,-206
204000070,78,87,-9
204000080,58,65,-7
204000085,1905,1900,5
204000086,2682,1865,817
204000087,37,7,30
204000088,2,83,-81
204000090,90,259,-169
204000093,269,95,174
204000096,761,1055,-294
204000097,372,34,338
204000099,968,1256,-288
204000100,1254,1801,-547
204000105,2220,1410,810
204000110,491,1077,-586
204000111,417,534,-117
204000112,1161,492,669
204000113,375,565,-190
204000114,727,594,133
204000115,434,329,105
204000116,968,378,590
204000119,1688,2590,-902
204000132,695,320,375
204000133,749,293,456
204000134,180,105,75
204000135,531,76,455
204000136,679,188,491
204000138,383,401,-18
204000140,227,151,76
204000141,135,72,63
204000144,35,30,5
204000145,410,37,373
204000146,15,286,-271
204000147,59,166,-107
204000148,290,23,267
204000154,5,2,3
204000155,5,6,-1
204000177,72,46,26
204000179,24,13,11
204000180,0,40,-40
204000222,1,5,-4
204000235,11,8,3
204000236,67,281,-214
204000238,14,33,-19
204000240,341,112,229
204000263,717,1011,-294
204000268,1089,701,388
204000308,174,23,151
204000317,16,65,-49
204000322,21,28,-7
204000323,16,8,8
204000328,210,95,115
204000329,79,227,-148
204000330,203,51,152
204000331,96,116,-20
205000001,844,1623,-779
205000013,6,68,-62
205000014,13,81,-68
205000015,35,190,-155
205000016,24,167,-143
205000017,21,77,-56
205000022,359,752,-393
205000025,1238,1120,118
205000029,228,8,220
205000045,96,344,-248
205000046,84,452,-368
205000047,39,386,-347
205000048,331,988,-657
205000049,201,787,-586
205000050,730,317,413
205000059,0,237,-237
205000060,0,92,-92
205000061,6,63,-57
205000062,3,66,-63
205000063,31,62,-31
205000064,17,58,-41
205000065,71,426,-355
205000066,91,601,-510
205000067,16,780,-764
205000069,201,13,188
205000082,123,157,-34
205000110,58,267,-209
205000111,202,250,-48
205000112,130,134,-4
205000113,190,342,-152
205000121,221,29,192
205000123,41,224,-183
205000126,420,103,317
205000127,772,166,606
205000128,545,72,473
205000129,559,91,468
205000130,251,29,222
205000131,149,8,141
205000132,290,6,284
205000133,164,0,164
205000134,235,0,235
205000137,76,135,-59
205000138,174,283,-109
205000139,29,110,-81
205000144,131,58,73
205000145,381,175,206
205000151,121,34,87
205000152,228,24,204
205000153,203,24,179
205000154,79,40,39
205000155,92,7,85
205000207,5,134,-129
205000233,38,1,37
205000234,0,2,-2
205000243,0,2,-2
205000244,1,5,-4
205000245,14,135,-121
205000249,1,34,-33
205000250,3,1,2
205000264,6,79,-73
206000027,4,2,2
206000028,6,1,5
206000043,4,46,-42
206000053,3,4,-1
206000054,4,26,-22
206000055,0,14,-14
206000075,13,11,2
206000076,16,15,1
206000077,15,3,12
206000078,29,7,22
206000079,11,7,4
206000082,277,25,252
206000100,27,350,-323
206000103,3,12,-9
206000104,13,18,-5
206000105,7,17,-10
206000106,14,30,-16
206000125,54,0,54
206000157,52,397,-345
206000170,0,136,-136
206000171,2,168,-166
206000172,6,285,-279
206000173,2,157,-155
206000174,8,50,-42
206000175,3,108,-105
206000176,11,146,-135
206000177,0,131,-131
206000178,1,132,-131
206000179,4,64,-60
206000180,11,122,-111
206000181,6,80,-74
206000182,14,122,-108
206000183,16,370,-354
206000184,5,222,-217
206000185,4,99,-95
206000186,119,724,-605
206000223,6,149,-143
206000226,11,0,11
206000227,12,0,12
206000237,32,269,-237
206000238,30,428,-398
206000239,225,1381,-1156
206000240,5,50,-45
206000241,0,74,-74
206000242,14,162,-148
206000243,7,138,-131
206000244,45,352,-307
206000245,532,37,495
206000246,119,9,110
206000247,132,4,128
206000248,240,8,232
206000252,86,15,71
206000258,21,29,-8
206000315,34,3,31
206000317,468,65,403
206000318,385,62,323
206000319,843,69,774
206000320,116,22,94
206000321,133,5,128
206000322,343,16,327
206000323,133,13,120
206000324,100,8,92
206000325,126,15,111
206000326,117,9,108
206000327,201,3,198
206000328,124,0,124
206000329,188,1,187
206000330,65,5,60
206000331,108,3,105
206000332,32,3,29
206000333,393,3,390
206000334,194,2,192
206000335,0,14,-14
206000361,3,136,-133
206000392,0,14,-14
206000405,106,0,106
206000441,24,14,10
206000498,41,5,36
206000515,73,29,44
206000530,176,53,123
206000531,155,157,-2
206000532,1194,206,988
206000535,216,1347,-1131
206000536,18,144,-126
206000537,36,119,-83
206000613,1114,182,932
206000784,353,28,325
207000001,181,516,-335
207000002,113,272,-159
207000003,123,146,-23
207000007,798,251,547
207000008,90,9,81
207000009,55,58,-3
207000010,383,374,9
207000012,251,211,40
207000015,275,995,-720
207000019,207,95,112
207000021,529,130,399
207000022,147,104,43
207000023,196,59,137
207000024,3,12,-9
207000025,14,58,-44
207000026,76,34,42
207000027,18,75,-57
207000028,48,169,-121
207000029,232,363,-131
207000033,169,315,-146
207000034,264,74,190
207000039,290,149,141
207000040,261,98,163
207000041,84,34,50
207000042,159,79,80
207000043,223,194,29
207000051,146,218,-72
207000052,43,138,-95
207000053,398,481,-83
207000054,45,82,-37
207000055,188,105,83
207000056,308,282,26
207000057,138,205,-67
207000058,186,254,-68
207000059,108,396,-288
207000060,68,177,-109
207000061,212,410,-198
207000062,283,36,247
207000063,291,97,194
207000064,246,104,142
207000065,342,181,161
207000066,198,142,56
207000067,52,103,-51
207000068,109,62,47
207000069,630,285,345
207000082,8,242,-234
207000083,70,263,-193
207000084,170,242,-72
207000085,188,22,166
207000086,150,10,140
207000106,44,43,1
207000107,59,16,43
207000108,53,11,42
207000109,71,9,62
207000110,58,65,-7
207000111,80,75,5
207000112,118,463,-345
207000114,18,37,-19
207000115,19,69,-50
207000116,32,294,-262
207000117,8,86,-78
207000118,2,61,-59
207000119,41,68,-27
207000123,194,25,169
207000124,64,23,41
207000125,56,44,12
207000126,79,67,12
207000134,83,128,-45
207000135,25,204,-179
207000148,58,245,-187
207000149,68,48,20
207000152,121,276,-155
207000153,735,1071,-336
207000154,346,157,189
207000159,87,127,-40
207000160,133,344,-211
207000238,0,172,-172
207000242,4,126,-122
207000248,44,38,6
207000249,137,31,106
207000250,644,56,588
207000251,111,51,60
207000252,65,49,16
207000278,52,63,-11
207000279,26,129,-103
207000280,442,78,364
207000281,97,740,-643
207000282,193,57,136
207000283,119,210,-91
207000284,96,183,-87
207000285,141,53,88
207000291,23,77,-54
207000304,95,62,33
207000306,56,304,-248
207000310,65,98,-33
207000353,260,9,251
207000356,29,19,10
207000357,20,18,2
207000358,2,17,-15
207000415,6,179,-173
207000417,46,5,41
207000418,91,126,-35
207000438,0,0,0
207000439,847,628,219
207000446,142,6,136
207000460,18,2,16
207000466,207,133,74
207000467,173,95,78
207000468,48,342,-294
207000476,12,33,-21
207000477,578,45,533
207000478,0,17,-17
207000523,0,14,-14
207000524,98,0,98
207000527,113,121,-8
207000530,458,13,445
207000531,273,13,260
207000532,98,20,78
207000534,431,62,369
207000535,45,247,-202
207000537,24,99,-75
207000540,8,158,-150
207000541,2,246,-244
207000548,7,198,-191
207000549,340,13,327
207000561,155,165,-10
207000562,35,194,-159
207000567,115,182,-67
207000568,203,84,119
207000569,444,686,-242
207000584,282,183,99
207000585,68,292,-224
207000587,141,23,118
207000616,0,134,-134
207000617,129,0,129
207000624,39,42,-3
207000631,6,56,-50
207900008,240,104,136
208000001,559,809,-250
208000002,624,450,174
208000003,1118,437,681
208000004,1141,660,481
208000005,8,11,-3
208000019,566,1099,-533
208000020,132,489,-357
208000021,244,326,-82
208000022,1001,446,555
208000028,847,791,56
208000033,542,560,-18
208000034,995,1116,-121
208000037,215,20,195
208000040,140,181,-41
208000041,720,476,244
208000042,1083,684,399
208000047,163,211,-48
208000064,2121,1359,762
208000066,1492,2019,-527
208000070,265,348,-83
208000071,362,743,-381
208000072,285,1133,-848
208000080,262,333,-71
208000081,364,177,187
208000082,336,237,99
208000083,116,417,-301
208000084,16,18,-2
208000085,836,687,149
208000086,399,1074,-675
208000087,345,867,-522
208000089,1038,327,711
208000090,937,567,370
208000093,197,161,36
208000094,523,386,137
208000095,609,404,205
208000104,786,810,-24
208000105,714,932,-218
208000114,105,302,-197
208000115,424,319,105
208000116,445,893,-448
208000117,181,192,-11
208000118,109,134,-25
208000155,739,1003,-264
208000158,1314,3176,-1862
208000186,3468,3966,-498
208000204,609,825,-216
208000205,1275,876,399
208000282,5272,2766,2506
209000004,255,144,111
209000005,69,25,44
209000006,413,130,283
209000007,225,241,-16
209000010,301,88,213
209000011,154,200,-46
209000012,98,172,-74
209000013,229,236,-7
209000014,596,762,-166
209000025,239,31,208
209000026,530,124,406
209000027,415,585,-170
209000028,338,467,-129
209000029,493,499,-6
209000030,519,937,-418
209000031,1911,1611,300
209000034,155,226,-71
209000035,121,155,-34
209000036,170,119,51
209000037,273,258,15
209000038,135,154,-19
209000039,57,143,-86
209000040,283,455,-172
209000041,160,392,-232
209000042,225,365,-140
209000043,623,802,-179
209000044,154,676,-522
209000045,1502,485,1017
209000046,615,470,145
209000047,457,181,276
209000048,539,258,281
209000049,99,96,3
209000050,223,137,86
209000051,358,287,71
209000052,224,282,-58
209000062,42,76,-34
209000063,45,63,-18
209000064,52,74,-22
209000065,72,29,43
209000066,55,30,25
209000067,81,55,26
209000080,21,216,-195
209000082,74,35,39
209000091,33,87,-54
209000093,57,19,38
209000094,243,182,61
209000110,42,132,-90
209000111,373,887,-514
209000112,604,559,45
209000113,1001,534,467
209000114,411,336,75
209000115,77,132,-55
209000116,649,380,269
209000118,19,32,-13
209000119,54,10,44
209000121,154,383,-229
209000135,89,233,-144
209000142,467,887,-420
209000143,93,65,28
209000144,44,95,-51
209000229,306,135,171
209000240,32,276,-244
209000259,122,79,43
209000260,25,654,-629
209000261,2,347,-345
209000262,1,368,-367
209000263,0,141,-141
209000264,0,79,-79
209000265,541,4,537
209000266,103,1,102
209000267,681,7,674
209000268,447,49,398
210000037,76,29,47
210000047,80,23,57
210000048,126,28,98
210000049,52,9,43
210000052,50,74,-24
210000053,21,32,-11
210000054,78,62,16
210000070,145,10,135
210000071,84,1,83
210000072,47,0,47
210000073,0,10,-10
210000074,2,90,-88
210000075,3,114,-111
210000076,15,136,-121
210000077,26,29,-3
210000078,45,28,17
210000079,32,15,17
210000080,123,54,69
210000081,187,16,171
210000082,194,2,192
210000083,77,1,76
210000084,70,0,70
210000085,0,54,-54
210000086,0,81,-81
210000099,32,285,-253
210000100,36,177,-141
210000101,80,177,-97
210000105,37,135,-98
210000159,0,116,-116
210000163,149,178,-29
210000164,289,186,103
210000168,112,29,83
210000187,0,12,-12
210000188,0,18,-18
210000214,50,0,50
210000219,23,61,-38
210000220,78,30,48
210000232,2,20,-18
210000233,31,37,-6
210000234,17,108,-91
210000235,35,69,-34
210000245,0,40,-40
210000246,16,1,15
210000258,10,80,-70
210000259,339,77,262
210000282,118,189,-71
210000285,5,103,-98
210000286,19,150,-131
210000290,8,14,-6
210000295,45,113,-68
210000296,28,26,2
210000320,157,51,106
210000321,134,56,78
210000338,54,57,-3
210000339,328,1126,-798
210000340,131,295,-164
210000341,187,218,-31
210000342,216,183,33
210000343,168,156,12
210000344,295,100,195
210000345,133,154,-21
210000346,44,81,-37
210000347,65,34,31
210000348,94,11,83
210000349,60,12,48
210000350,101,68,33
210000351,123,113,10
210000352,47,51,-4
210000353,48,85,-37
210000354,93,67,26
210000355,46,71,-25
210000356,37,47,-10
210000357,51,20,31
210000358,203,111,92
210000359,103,72,31
210000360,152,107,45
210000361,142,105,37
210000362,163,207,-44
210000363,717,281,436
210000364,106,126,-20
210000365,126,79,47
210000366,142,45,97
210000367,91,31,60
210000368,120,35,85
210000369,16,15,1
210000370,45,43,2
210000372,15,32,-17
210000373,23,12,11
210000374,36,10,26
210000375,40,61,-21
210000376,89,108,-19
210000404,70,97,-27
210000439,40,57,-17
210000472,90,2,88
210000482,91,91,0
210000564,377,295,82
210000567,0,27,-27
210000568,273,2,271
211000092,54,46,8
211000094,19,6,13
211000169,226,19,207
211000172,11,294,-283
211000209,0,14,-14
211000226,10,29,-19
211000270,25,12,13
211000275,16,22,-6
211000276,51,16,35
211000279,10,36,-26
211000281,44,28,16
211000302,25,77,-52
211507980,5,49,-44
211977296,50,5,45
212000003,84,34,50
212000004,55,22,33
212000005,22,34,-12
212000006,42,43,-1
212000008,152,168,-16
212000009,35,97,-62
212000012,74,72,2
212000013,30,50,-20
212000014,242,150,92
212000015,272,237,35
212000016,431,497,-66
212000027,450,435,15
212000028,309,362,-53
212000029,195,242,-47
212000030,35,27,8
212000031,50,40,10
212000048,51,139,-88
212000049,13,103,-90
212000050,39,9,30
212000051,157,211,-54
212000052,175,243,-68
212000053,355,553,-198
212000054,183,149,34
212000055,199,204,-5
212000056,21,45,-24
212000057,13,27,-14
212000058,180,28,152
212000070,96,201,-105
212000077,123,604,-481
212000099,149,231,-82
212000108,131,135,-4
212000111,159,120,39
212000120,119,70,49
212000138,110,28,82
212000156,20,115,-95
212000158,10,14,-4
212000159,305,59,246
212000160,469,291,178
212000161,46,14,32
212000310,56,13,43
212000311,23,72,-49
212000374,49,14,35
213000001,33,324,-291
213000005,268,128,140
213000006,904,331,573
213000007,203,13,190
213000009,689,552,137
213000010,185,332,-147
213000011,193,155,38
213000012,168,328,-160
213000014,107,15,92
213000015,235,6,229
213000016,689,2,687
213000017,125,0,125
213000018,3,166,-163
213000019,3,155,-152
213000020,116,356,-240
213000021,5,140,-135
213000023,279,153,126
213000033,318,1504,-1186
213000034,709,286,423
213000035,77,214,-137
213000045,169,186,-17
213000046,191,159,32
213000047,674,1344,-670
213000056,77,30,47
213000069,103,1,102
213000073,0,40,-40
213000074,54,338,-284
213000075,486,14,472
213000076,17,2,15
213000085,10,61,-51
213000086,10,166,-156
213000091,175,11,164
213000092,63,12,51
213000099,179,1067,-888
213000100,1070,224,846
213000101,344,112,232
213000102,406,225,181
213000103,755,753,2
213000104,47,357,-310
213000105,20,252,-232
213000106,46,125,-79
213000107,184,494,-310
213000108,52,449,-397
213000109,14,235,-221
213000110,5,81,-76
213000111,29,80,-51
213000112,202,122,80
213000115,69,14,55
213000116,47,387,-340
213000117,4,564,-560
213000118,294,189,105
213000119,62,620,-558
213000120,113,463,-350
213000122,161,556,-395
213000123,409,1221,-812
213000124,129,1056,-927
213000125,89,14,75
213000126,70,123,-53
213000127,131,154,-23
213000128,505,926,-421
213000129,294,520,-226
213000130,415,229,186
213000132,291,92,199
213000133,367,95,272
213000134,645,27,618
213000136,398,34,364
213000137,535,106,429
213000139,426,25,401
213000147,64,6,58
213000148,27,9,18
213000149,58,6,52
213000150,0,77,-77
213000151,4,70,-66
213000152,2,75,-73
213000153,4,71,-67
213000154,41,177,-136
213000155,19,172,-153
213000156,94,480,-386
213000157,476,408,68
213000158,322,733,-411
213000159,464,559,-95
213000163,753,88,665
213000165,649,237,412
213000171,0,86,-86
213000172,5,253,-248
213000173,1,219,-218
213000174,1,133,-132
213000175,156,170,-14
213000176,20,28,-8
213000177,40,8,32
213000178,93,2,91
213000179,133,1,132
213000180,132,3,129
213000184,110,317,-207
213000188,236,122,114
213000189,289,53,236
213000190,839,808,31
213000191,273,425,-152
213000192,199,432,-233
213000193,918,272,646
213000194,3,63,-60
213000195,22,385,-363
213000196,264,1133,-869
213000197,365,470,-105
213000198,75,1,74
213000200,111,792,-681
213000201,69,45,24
213000202,10,580,-570
213000203,3050,674,2376
213000204,587,72,515
213000205,180,81,99
213000206,344,43,301
213000207,149,11,138
213000208,134,1,133
213000209,177,6,171
213000210,333,1,332
213000211,3,13,-10
213000212,17,34,-17
213000213,23,61,-38
213000218,243,505,-262
213000219,389,24,365
213000220,374,7,367
213000223,201,282,-81
213000224,37,45,-8
213000225,74,12,62
213000226,84,26,58
213000227,762,243,519
213000228,377,134,243
213000229,365,35,330
213000230,503,21,482
213000232,70,792,-722
213000233,11,67,-56
213000234,4,44,-40
213000293,16,68,-52
213000294,139,10,129
213000295,25,75,-50
213000296,50,29,21
213000297,9,89,-80
213000298,28,82,-54
213000299,62,53,9
213000300,61,5,56
213000303,12,31,-19
213000304,6,17,-11
213000305,25,11,14
213000306,31,30,1
213000307,125,74,51
213000308,100,171,-71
213000309,96,62,34
213000310,429,148,281
213000311,311,639,-328
213000315,71,102,-31
213000316,111,73,38
213000322,135,148,-13
213000323,106,321,-215
213000324,102,178,-76
213000325,40,145,-105
213000326,40,90,-50
213000327,86,84,2
213000328,160,123,37
213000329,176,144,32
213000340,191,519,-328
213000341,358,121,237
213000346,262,282,-20
213000347,787,534,253
213000348,19,92,-73
213000349,69,15,54
213000350,340,926,-586
213000366,78,234,-156
213000367,246,30,216
213000379,165,50,115
213000386,14,180,-166
213000406,72,272,-200
213000417,969,393,576
213000425,362,210,152
213000426,318,287,31
213000427,46,202,-156
213000428,33,174,-141
213000429,25,2,23
213000430,92,668,-576
213000431,314,4,310
213000432,7,71,-64
213000433,10,129,-119
213000434,85,86,-1
213000435,160,228,-68
213000436,23,33,-10
213000437,68,97,-29
213000438,110,72,38
213000439,64,25,39
213000440,135,355,-220
213000441,6,1,5
213000442,229,275,-46
213000443,442,316,126
213000444,60,199,-139
213000445,1,69,-68
213000446,2,100,-98
213000447,3,49,-46
213000448,6,128,-122
213000449,230,3,227
213000450,23,45,-22
213000451,175,69,106
213000452,12,17,-5
213000453,33,244,-211
213000455,599,4,595
213000456,1,377,-376
213000481,53,3,50
213000482,105,2,103
213000489,411,61,350
213000491,3,157,-154
213000492,233,2,231
213000493,0,85,-85
213000494,233,110,123
213000495,0,86,-86
213000496,280,168,112
213000497,78,236,-158
213000498,118,173,-55
213000499,160,469,-309
213000500,445,96,349
213000501,96,44,52
213000502,244,114,130
213000503,3,44,-41
213000504,14,82,-68
213000505,24,30,-6
213000506,0,3,-3
213000507,0,90,-90
213900244,23,0,23
213900245,0,27,-27
218000003,15,36,-21
218000004,30,28,2
218000005,58,32,26
218000006,37,24,13
218000007,6,17,-11
218000012,173,133,40
218000013,129,145,-16
218000014,377,345,32
218000019,730,530,200
218000020,249,395,-146
218000040,9,2,7
218000046,26,72,-46
218000047,11,99,-88
218000048,47,70,-23
218000049,68,94,-26
218000050,223,141,82
218000051,43,169,-126
218000052,2,67,-65
218000053,1,9,-8
218000054,12,16,-4
218000055,2,9,-7
218000056,13,11,2
218000057,3,20,-17
218000064,5,5,0
218000065,59,28,31
218000066,22,44,-22
218000067,26,104,-78
218000068,69,59,10
218000069,239,101,138
218000070,282,226,56
218000071,150,197,-47
218000072,241,172,69
218000078,732,630,102
218000079,87,75,12
218000080,96,78,18
218000081,319,249,70
218000082,44,89,-45
218000083,68,44,24
218000084,122,110,12
218000085,113,273,-160
218000086,50,109,-59
218000087,208,129,79
218000090,6,144,-138
218000091,764,447,317
218000092,72,168,-96
218000093,72,55,17
218000094,370,558,-188
218000099,222,647,-425
218000100,241,305,-64
218000101,367,169,198
218000102,334,223,111
218000103,70,104,-34
218000104,96,28,68
218000105,26,17,9
218000106,12,10,2
218000107,54,58,-4
218000108,5,34,-29
218000112,51,29,22
218000117,62,49,13
218000134,404,572,-168
218000135,32,83,-51
218000136,159,86,73
218000137,204,142,62
218000138,18,98,-80
218000139,157,319,-162
218000140,323,218,105
218000141,67,64,3
218000142,179,126,53
218000143,90,163,-73
218000144,44,84,-40
218000145,259,278,-19
218000146,60,166,-106
218000151,5,13,-8
218000152,70,61,9
218000170,5,45,-40
218000171,32,3,29
218000172,50,6,44
218000173,45,13,32
218000174,27,3,24
218000176,115,40,75
218000177,214,164,50
218000178,76,160,-84
218000179,88,66,22
218000180,46,25,21
218000181,140,35,105
218000187,11,19,-8
218000188,30,58,-28
218000189,16,54,-38
218000190,9,10,-1
218000191,127,48,79
218000192,156,161,-5
218000193,359,301,58
218000194,67,255,-188
218000195,96,46,50
218000196,221,251,-30
218000197,253,285,-32
218000198,18,181,-163
218000199,41,52,-11
218000200,106,31,75
218000201,15,25,-10
218000202,104,199,-95
218000207,7,12,-5
218000208,42,26,16
218000211,49,5,44
218000213,65,52,13
218000214,5,21,-16
218000215,36,31,5
218000217,2,65,-63
218000218,105,41,64
218000219,34,12,22
218000220,122,233,-111
218000221,573,147,426
218000222,23,21,2
218000223,19,176,-157
218000224,4,102,-98
218000225,104,15,89
218000226,82,35,47
218000232,32,52,-20
218000239,177,18,159
218000240,13,1,12
218000241,112,3,109
218000242,103,0,103
218000243,200,4,196
218000244,68,2,66
218000245,12,0,12
218000246,6,0,6
218000247,0,0,0
218000248,0,12,-12
218000249,3,2,1
218000250,0,2,-2
218000251,4,13,-9
218000252,5,21,-16
218000253,6,27,-21
218000254,1,28,-27
218000255,1,27,-26
218000256,3,69,-66
218000267,424,880,-456
218000268,16,64,-48
218000269,1,15,-14
218000270,114,47,67
218000271,38,66,-28
218000273,13,2,11
218000274,22,18,4
218000275,30,55,-25
218000276,16,42,-26
218000278,19,31,-12
218000279,91,54,37
218000280,12,45,-33
218000281,9,13,-4
218000282,405,339,66
218000284,66,8,58
218000301,56,138,-82
218000302,97,56,41
218000303,26,48,-22
218000316,554,926,-372
218000317,892,974,-82
218000318,490,787,-297
218000319,723,856,-133
218000320,557,518,39
218000338,50,35,15
218000345,71,57,14
218000346,44,144,-100
218000459,13,124,-111
218000490,77,37,40
218000501,78,33,45
218000502,30,55,-25
218000503,87,22,65
218000504,181,43,138
218000505,50,150,-100
218000506,40,247,-207
218000508,4,6,-2
218000510,156,6,150
218000520,95,103,-8
218000521,9,37,-28
218000522,1,119,-118
218000523,134,34,100
218000524,39,168,-129
218000525,78,6,72
218000526,38,104,-66
218000529,42,155,-113
218000531,16,19,-3
218000532,19,52,-33
218000534,105,22,83
218000537,44,45,-1
218000538,110,181,-71
218000540,173,60,113
218000543,100,37,63
218000544,69,73,-4
218000545,33,44,-11
218000546,50,57,-7
218000547,50,129,-79
218000548,164,87,77
218000549,313,343,-30
218000550,250,183,67
218000551,137,748,-611
218000552,374,45,329
218000553,45,90,-45
218000554,29,39,-10
218000555,19,41,-22
218000556,142,174,-32
218000557,207,126,81
218000558,67,22,45
218000559,0,38,-38
218000560,0,34,-34
218000561,61,0,61
218000562,29,118,-89
218000563,222,14,208
218000564,0,96,-96
218000565,235,17,218
218000566,321,34,287
218000567,1,58,-57
218000568,28,3,25
218000569,6,122,-116
218000570,118,8,110
218000571,0,76,-76
218000572,149,4,145
218000573,27,127,-100
218000574,143,36,107
218000575,101,2,99
218000576,0,68,-68
218000577,86,0,86
218000578,0,79,-79
218000579,17,12,5
218000581,4,24,-20
218000582,40,3,37
218000583,4,1,3
218000584,0,7,-7
218000585,37,4,33
218000586,15,48,-33
218000587,2,2,0
218000588,3,2,1
218000589,0,1,-1
218000590,8,0,8
218000591,2,3,-1
218000592,24,0,24
218000593,14,3,11
218000594,4,0,4
218000597,1,1,0
218000598,4,1,3
218000599,12,0,12
218000600,15,0,15
218000601,0,1,-1
218000602,2,17,-15
218000603,1,9,-8
218000604,10,0,10
218000605,0,49,-49
218000606,210,39,171
218000607,5,39,-34
218000608,40,24,16
218000609,4,36,-32
218000610,48,3,45
218000611,22,0,22
218000612,1,22,-21
218000613,27,1,26
218000614,1,41,-40
218000615,147,0,147
218000616,2,142,-140
218000617,21,0,21
218000618,1,29,-28
218000619,53,20,33
218000620,5,10,-5
218000621,0,4,-4
218000622,0,8,-8
218000623,94,4,90
218000624,6,24,-18
218000625,22,1,21
218000626,0,5,-5
218000628,122,51,71
218000631,41,10,31
218000632,0,91,-91
218000633,159,3,156
218000634,10,21,-11
218000635,13,16,-3
218000636,634,972,-338
218000637,695,502,193
218000638,107,28,79
218000639,12,144,-132
218000640,198,31,167
218000641,98,199,-101
218000652,29,50,-21
218000653,91,28,63
218000663,8,185,-177
218000675,147,51,96
218000680,209,269,-60
218000681,285,115,170
218000691,180,191,-11
218000693,172,148,24
218000718,529,1185,-656
218000719,861,589,272
218000720,22,121,-99
218000721,160,11,149
218001147,10,164,-154
218001214,6,32,-26
218001258,182,2,180
218001329,105,128,-23
218001330,203,88,115
218001351,35,10,25
218001352,17,23,-6
218001353,13,10,3
218001354,6,17,-11
218001355,18,229,-211
218001356,272,21,251
218001357,37,144,-107
218001358,232,17,215
218001361,168,7,161
218001362,0,108,-108
219000001,34,47,-13
219000002,48,64,-16
219000003,53,29,24
219000004,42,43,-1
219000017,120,25,95
219000020,98,100,-2
219000022,106,7,99
219000023,237,3,234
219000029,0,71,-71
219000034,55,18,37
219000039,111,96,15
219000040,71,48,23
219000041,107,17,90
219000051,0,28,-28
219000052,0,13,-13
219000053,1,112,-111
219000054,7,5,2
219000055,189,0,189
219000056,6,1,5
219000057,42,1,41
219000062,30,48,-18
219000063,78,10,68
219000064,2,72,-70
219000110,541,56,485
219000111,133,41,92
219000112,202,66,136
219000113,124,87,37
219000114,214,163,51
219000116,73,66,7
219000117,163,39,124
219000118,304,33,271
219000123,243,70,173
219000124,109,54,55
219000125,12,21,-9
219000126,82,84,-2
219000127,0,1,-1
219000128,16,106,-90
219000129,30,124,-94
219000130,455,379,76
219000131,653,729,-76
219000133,66,47,19
219000134,12,23,-11
219000135,40,54,-14
219000136,74,195,-121
219000138,51,17,34
219000139,24,38,-14
219000140,41,0,41
219000141,13,114,-101
219000142,22,107,-85
219000143,20,82,-62
219000145,27,23,4
219000146,4,30,-26
219000147,2,20,-18
219000148,4,25,-21
219000149,7,53,-46
219000150,4,57,-53
219000151,0,16,-16
219000157,167,173,-6
219000158,190,247,-57
219000161,100,19,81
219000163,1330,500,830
219000166,142,199,-57
219000167,102,143,-41
219000168,290,127,163
219000174,305,118,187
219000175,52,7,45
219000176,75,8,67
219000177,32,1,31
219000178,33,1,32
219000179,9,8,1
219000180,37,31,6
219000182,112,17,95
219000183,39,30,9
219000184,113,8,105
219000185,0,40,-40
219000186,63,30,33
219000187,36,46,-10
219000189,109,186,-77
219000190,101,229,-128
219000191,1009,1051,-42
219000192,184,137,47
219000193,238,117,121
219000195,1,37,-36
219000196,3,118,-115
219000198,12,99,-87
219000199,58,222,-164
219000200,33,225,-192
219000201,88,193,-105
219000203,35,127,-92
219000204,224,158,66
219000205,61,135,-74
219000207,146,180,-34
219000209,38,68,-30
219000210,63,82,-19
219000213,8,94,-86
219000239,238,243,-5
219000240,252,311,-59
219000241,142,143,-1
219000242,112,113,-1
219000243,89,176,-87
219000244,23,84,-61
219000245,54,60,-6
219000246,69,40,29
219000247,116,17,99
219000248,409,240,169
219000249,145,101,44
219000250,95,84,11
219000251,443,238,205
219000252,196,173,23
219000253,358,100,258
219000255,129,76,53
219000256,214,52,162
219000257,85,0,85
219000262,149,144,5
219000263,83,126,-43
219000267,4,84,-80
219000268,1,4,-3
219000269,3,4,-1
219000270,16,0,16
219000271,113,2,111
219000278,0,6,-6
219000279,7,1,6
219000283,0,6,-6
219000295,6,89,-83
219000296,67,379,-312
219000297,26,122,-96
219000298,22,143,-121
219000299,334,86,248
219000300,37,192,-155
219000301,214,342,-128
219000302,44,207,-163
219000307,76,35,41
219000308,36,64,-28
219000311,193,54,139
219000312,496,123,373
219000313,260,36,224
219000314,69,415,-346
219000315,240,41,199
219000316,414,67,347
219000317,125,24,101
219000320,1,97,-96
219000321,0,16,-16
219000323,4,59,-55
219000325,0,12,-12
219000326,71,64,7
219000327,56,29,27
219000328,27,51,-24
219000329,326,119,207
219000330,29,33,-4
219000331,37,57,-20
219000332,103,59,44
219000333,24,3,21
219000335,67,3,64
219000337,5,1,4
219000338,48,0,48
219000344,41,66,-25
219000345,34,74,-40
219000346,37,97,-60
219000348,119,75,44
219000349,45,138,-93
219000350,160,193,-33
219000351,5,6,-1
219000352,562,84,478
219000353,77,45,32
219000354,145,94,51
219000355,154,92,62
219000356,1097,1099,-2
219000363,215,81,134
219000364,86,35,51
219000365,97,24,73
219000366,219,307,-88
219000368,321,556,-235
219000370,1106,439,667
219000371,19,31,-12
219000382,30,24,6
219000383,687,792,-105
219000385,365,331,34
219000386,664,1152,-488
219000387,3,14,-11
219000390,14,2,12
219000391,8,2,6
219000397,38,44,-6
219000398,90,78,12
219000401,20,91,-71
219000402,65,97,-32
219000403,139,334,-195
219000404,43,127,-84
219000407,11,35,-24
219000409,46,38,8
219000410,86,41,45
219000411,51,14,37
219000446,145,260,-115
219000447,18,24,-6
219000448,11,7,4
219000452,150,96,54
219000453,111,117,-6
219000454,140,209,-69
219000556,202,69,133
219000558,143,177,-34
219000590,32,122,-90
219000591,74,45,29
219000592,115,262,-147
219000595,1,14,-13
219000635,158,36,122
219000636,26,96,-70
219000657,36,10,26
219000658,39,69,-30
219000673,0,21,-21
219000676,19,2,17
219000679,37,6,31
219000684,88,1,87
219000685,2,55,-53
219000686,3,4,-1
219000688,1,74,-73
219000689,25,247,-222
219000690,131,30,101
219000691,72,199,-127
219000692,125,38,87
219000693,0,22,-22
219000694,8,0,8
219000695,19,3,16
219000698,17,0,17
219000699,0,16,-16
219000727,3,93,-90
219000728,176,1,175
219000770,31,0,31
219000771,1,23,-22
219000788,478,185,293
219001150,2,26,-24
219001151,0,2,-2
219001166,30,47,-17
219001167,1,88,-87
219001178,80,1,79
220000001,37,39,-2
220000002,22,96,-74
220000003,321,234,87
220000004,389,392,-3
220000005,1314,1397,-83
220000006,281,718,-437
220000007,427,451,-24
220000008,302,788,-486
220000009,230,360,-130
220000010,231,128,103
220000011,515,2348,-1833
220000012,115,256,-141
220000014,118,46,72
220000015,79,177,-98
220000017,29,176,-147
220000018,3117,1199,1918
220000019,82,211,-129
220000020,335,245,90
220000021,614,191,423
220000022,544,413,131
220000023,274,138,136
220000024,1242,335,907
220000025,518,768,-250
220000026,269,231,38
220000027,49,66,-17
220000028,50,41,9
220000029,61,115,-54
220000030,107,58,49
220000031,364,247,117
220000064,34,733,-699
221000046,6,0,6
221000047,0,5,-5
221000048,0,0,0
221000049,0,17,-17
221000050,44,0,44
221000055,53,43,10
221000057,74,21,53
221000068,291,184,107
221000069,257,91,166
221000070,156,28,128
221000071,80,6,74
221000072,188,19,169
221000073,152,51,101
221000074,1,15,-14
221000075,15,22,-7
221000076,14,39,-25
221000077,21,91,-70
221000081,33,22,11
221000082,76,8,68
221000083,44,2,42
221000084,7,5,2
221000085,34,56,-22
221000086,30,105,-75
221000087,5,146,-141
221000088,10,149,-139
221000089,43,220,-177
221000090,121,399,-278
221000098,79,12,67
221000099,163,6,157
221000100,97,9,88
221000101,252,39,213
221000102,135,16,119
221000109,2,91,-89
221000110,12,76,-64
221000111,25,195,-170
221000112,5,146,-141
221000113,15,159,-144
221000114,17,173,-156
221000120,87,30,57
221000121,2,51,-49
221000122,16,30,-14
221000123,11,13,-2
221000124,21,111,-90
221000155,57,9,48
221000156,53,16,37
221000175,4,6,-2
221000176,0,4,-4
221000182,47,10,37
221000241,674,310,364
221000242,175,455,-280
221000243,595,217,378
221000244,338,504,-166
221000245,127,111,16
221000246,49,264,-215
221000247,81,142,-61
221000248,118,130,-12
221000267,43,388,-345
221000325,127,40,87
221000331,11,56,-45
221000338,14,21,-7
221000378,140,24,116
221000381,43,46,-3
222000282,9,1,8
222000296,9,17,-8
222000568,255,23,232
222000569,122,49,73
222000570,82,28,54
222000571,208,26,182
222000577,7,167,-160
222000578,42,146,-104
222000579,34,132,-98
222000580,117,754,-637
222000599,1,110,-109
222000600,1,241,-240
222000601,5,636,-631
222000603,10,26,-16
222000604,6,22,-16
222000605,14,20,-6
222000606,1,8,-7
222000607,8,4,4
222000608,52,6,46
222000609,84,181,-97
222000616,295,36,259
222000617,8,29,-21
222000618,12,6,6
222000620,29,7,22
222000621,43,6,37
222000623,373,6,367
222000624,282,5,277
222000625,439,38,401
222000636,29,10,19
222000686,38,10,28
222000687,31,20,11
222001066,144,2,142
222001067,8,1,7
222001068,34,19,15
222001069,33,21,12
222001082,7,32,-25
222001083,23,32,-9
222001084,0,41,-41
222001085,0,128,-128
222001111,46,129,-83
222001112,74,19,55
222001313,27,8,19
222001314,6,100,-94
222001464,133,57,76
222001465,33,109,-76
222001484,80,52,28
222001485,17,43,-26
222001494,391,133,258
222001495,152,187,-35
222001496,240,103,137
222001497,112,304,-192
222001502,12,100,-88
222001503,83,37,46
222001504,18,278,-260
222001505,355,29,326
222001506,53,302,-249
222001507,248,20,228
222001510,250,28,222
222001511,53,280,-227
222001514,404,162,242
222001515,218,424,-206
222001518,191,73,118
222001519,70,206,-136
222001527,135,52,83
222001528,37,116,-79
222001529,176,40,136
222001530,35,170,-135
222001533,128,200,-72
222001534,170,70,100
222001535,151,188,-37
222001536,129,227,-98
222001537,242,52,190
222001538,65,316,-251
222001563,560,118,442
222001564,72,417,-345
222001568,347,87,260
222001576,0,2,-2
222001579,1,5,-4
222001583,21,117,-96
222001584,82,17,65
222001596,550,798,-248
222001597,1596,262,1334
222001626,1,130,-129
222001650,185,76,109
222001651,127,99,28
222001914,160,69,91
222001915,56,224,-168
222001968,339,294,45
222001969,365,547,-182
222001970,130,191,-61
222001971,22,12,10
222001972,2,25,-23
225000001,375,142,233
225000002,503,94,409
225000003,583,53,530
225000004,299,143,156
225000005,54,40,14
225000006,2,150,-148
225000007,1200,1116,84
225000010,231,10,221
225000011,295,719,-424
225000012,166,397,-231
225000013,114,100,14
225000014,594,55,539
225000015,66,141,-75
225000021,478,113,365
225000027,180,411,-231
225000032,435,126,309
225000042,65,502,-437
225000049,28,64,-36
225000050,55,27,28
225000053,5,212,-207
225000058,493,124,369
225000067,240,128,112
225000068,78,239,-161
225000069,142,341,-199
225000070,70,279,-209
225000071,23,124,-101
225000075,15,613,-598
225000076,61,95,-34
225000078,54,39,15
225000085,52,126,-74
225000086,182,60,122
225000087,145,23,122
225000088,7,119,-112
225000089,184,799,-615
225000090,37,316,-279
225000091,160,121,39
225000092,26,50,-24
225000093,213,250,-37
225000094,13,212,-199
225000095,231,324,-93
225000096,286,416,-130
225000098,498,285,213
225000099,220,179,41
225000100,258,139,119
225000104,126,342,-216
225000110,3,252,-249
225000111,193,805,-612
225000112,243,884,-641
225000113,195,492,-297
225000114,65,227,-162
225000115,1286,527,759
225000116,911,170,741
225000117,600,205,395
225000118,729,175,554
225000119,175,63,112
225000120,591,26,565
225000121,226,13,213
225000123,478,14,464
225000125,280,149,131
225000126,663,145,518
225000127,569,746,-177
225000128,501,507,-6
225000132,209,37,172
225000133,141,23,118
225000134,478,137,341
225000135,42,12,30
225000136,254,10,244
225000137,191,39,152
225000138,329,47,282
225000143,53,233,-180
225000144,3,295,-292
225000145,45,26,19
225000146,46,91,-45
225000147,38,212,-174
225000148,11,178,-167
225000149,48,380,-332
225000151,34,144,-110
225000155,382,409,-27
225000156,145,663,-518
225000157,178,284,-106
225000158,59,193,-134
225000171,2,138,-136
225000180,30,5,25
225000181,0,68,-68
225000182,83,7,76
225000185,6,311,-305
225000187,47,231,-184
225000191,84,1,83
225000194,0,9,-9
225000208,2,28,-26
225000209,60,6,54
225000210,5,159,-154
225000217,0,17,-17
225000218,11,3,8
225000223,0,35,-35
225000224,100,1,99
225000225,1,41,-40
225000226,23,2,21
225000227,34,100,-66
225000228,17,8,9
225000229,0,48,-48
225000230,32,0,32
225000231,2,72,-70
225000232,96,1,95
225000241,65,3,62
225000242,0,49,-49
225000249,46,30,16
225000250,26,567,-541
225000251,275,25,250
226000042,242,352,-110
226000043,65,267,-202
226000044,105,495,-390
226000045,48,291,-243
226000046,266,78,188
226000047,267,103,164
226000048,281,88,193
226000049,220,171,49
226000070,1,43,-42
226000071,0,43,-43
226000072,0,10,-10
226000073,0,4,-4
226000074,1,2,-1
226000084,5,41,-36
226000085,0,17,-17
226000086,3,14,-11
226000087,1,8,-7
226000088,76,14,62
226000090,114,64,50
226000091,16,23,-7
226000092,5,6,-1
226000093,20,0,20
226000094,19,1,18
226000095,14,6,8
226000105,5,0,5
226000106,3,1,2
226000107,11,0,11
226000108,28,0,28
226000109,60,0,60
226000124,115,73,42
226000134,459,311,148
226000135,934,470,464
226000136,740,313,427
226000137,7,304,-297
226000138,15,234,-219
226000139,2,18,-16
226000156,150,2,148
226000157,183,8,175
226000163,99,60,39
226000202,12,221,-209
226000231,293,13,280
226000232,34,7,27
227000033,214,59,155
227000036,197,39,158
227000037,194,17,177
227000038,170,23,147
227000049,0,19,-19
227000050,1,31,-30
227000055,76,1,75
227000056,19,0,19
227000084,4,52,-48
227000085,0,30,-30
227000088,40,3,37
227000089,100,1,99
227000090,57,3,54
227000091,21,1,20
227000093,73,0,73
227000094,14,0,14
227000130,30,50,-20
227000131,32,165,-133
227000132,9,142,-133
227000133,12,135,-123
227000134,7,229,-222
227000152,0,4,-4
227000153,0,32,-32
227000155,0,20,-20
227000156,2,21,-19
227000165,0,24,-24
227000196,255,145,110
227000199,226,329,-103
227000230,18,272,-254
227000232,322,39,283
227000242,59,357,-298
227000243,335,82,253
227000245,20,301,-281
227000246,79,343,-264
227000247,208,68,140
227000248,171,32,139
227000249,14,194,-180
227000250,463,114,349
227000251,153,219,-66
227000252,16,245,-229
227000253,101,20,81
227000262,237,27,210
227000266,798,25,773
227000267,41,1021,-980
227000282,12,112,-100
227000284,289,25,264
227000286,2,52,-50
227000287,12,79,-67
227000291,21,357,-336
227000484,182,15,167
227000485,23,545,-522
227000655,100,13,87
227000656,372,26,346
227000657,54,8,46
227000661,189,18,171
227000680,193,40,153
229000265,11,20,-9
229000296,1,9,-8
229000297,4,11,-7
229000298,3,104,-101
229000320,11,6,5
229000321,19,7,12
229000412,34,29,5
229000414,6,23,-17
229000415,8,1,7
229000416,2,2,0
229000417,0,17,-17
229000419,55,203,-148
229000440,281,60,221
229000442,22,0,22
229000443,9,2,7
229000444,1,10,-9
229000445,47,10,37
229000446,33,7,26
229000847,33,0,33
229000848,14,0,14
229000849,52,1,51
229000851,8,0,8
229000854,0,23,-23
229000856,2,52,-50
229000857,0,22,-22
229000858,0,54,-54
229000919,8,82,-74
229000930,2,174,-172
229000937,86,17,69
229000966,48,33,15
229000981,21,48,-27
229000985,4,16,-12
229000986,1,3,-2
229000987,0,0,0
229000988,1,4,-3
229000989,18,1,17
229000990,0,1,-1
229000991,0,0,0
229000992,6,7,-1
229000993,137,13,124
229000998,3,30,-27
229000999,55,12,43
229001034,0,12,-12
229001035,2,0,2
229001037,33,3,30
229001042,14,18,-4
229001047,5,32,-27
229001050,27,32,-5
229001200,9,1,8
229001338,5,20,-15
229001394,140,3,137
229001422,76,8,68
229001423,18,130,-112
229001431,45,48,-3
229001432,32,66,-34
229001444,84,27,57
229001445,17,101,-84
229001503,199,95,104
229001504,137,165,-28
229001505,103,51,52
229001506,36,146,-110
229001509,29,18,11
229001545,46,6,40
229001546,3,96,-93
229001553,75,11,64
229001554,39,71,-32
229001559,5,8,-3
229001560,2,18,-16
229001630,27,7,20
229001631,8,19,-11
229001635,0,8,-8
229001636,10,0,10
229001658,0,88,-88
229001659,35,15,20
229001660,10,3,7
229001661,1,7,-6
229001662,39,1,38
229001663,0,14,-14
229002584,128,138,-10
229002831,104,106,-2
229002841,5,11,-6
229002842,8,11,-3
229002843,43,7,36
229002844,16,45,-29
229002845,37,40,-3
229002846,38,11,27
229002847,0,5,-5
229002848,19,6,13
229002849,3,58,-55
229002850,12,1,11
229002851,14,74,-60
229002852,151,34,117
229002853,92,10,82
229002854,41,31,10
229002855,4,12,-8
229002856,36,20,16
229002857,6,62,-56
229002858,15,7,8
229002859,10,19,-9
229002860,121,15,106
229002861,55,19,36
229002862,56,14,42
229002863,14,23,-9
229002864,19,16,3
229002865,5,5,0
229002866,14,13,1
229002867,8,16,-8
229002868,11,3,8
229002869,7,74,-67
229002870,36,5,31
235000066,362,83,279
235000067,99,115,-16
235000072,25,48,-23
235000073,49,230,-181
235000074,26,53,-27
235000080,13,79,-66
235000081,91,112,-21
235000082,169,62,107
235000083,143,102,41
235000084,27,89,-62
235000085,141,57,84
235000089,51,26,25
235000092,31,132,-101
235000093,10,6,4
235000097,6,13,-7
235000098,57,14,43
235000099,40,16,24
235000116,79,16,63
235000117,637,17,620
235000133,5,305,-300
235000134,8,151,-143
235000206,11,2,9
235000207,2,2,0
235000208,11,2,9
235000209,11,2,9
235000210,7,2,5
235000212,11,10,1
235000213,4,8,-4
235000220,0,4,-4
235000221,29,15,14
235000238,6,83,-77
235000239,2,21,-19
235000242,280,422,-142
235000245,585,121,464
235000246,15,38,-23
235000284,3,84,-81
235000295,147,10,137
235000305,213,13,200
235000306,187,5,182
235000307,7,2,5
235000308,15,2,13
235000309,40,0,40
235000310,13,0,13
235000311,133,5,128
235000322,0,30,-30
235000323,1,49,-48
235000324,2,18,-16
235000325,0,11,-11
235000326,6,147,-141
235000351,5,36,-31
235000352,10,22,-12
235000353,2,19,-17
235000354,6,23,-17
235000355,6,40,-34
235000356,87,5,82
235000357,17,5,12
235000358,64,3,61
235000359,2,1,1
235000360,41,10,31
235000361,51,6,45
235000381,84,166,-82
235000382,146,31,115
235000390,10,4,6
235000391,182,18,164
235000392,112,266,-154
235000393,80,129,-49
235000395,82,30,52
235000396,408,63,345
235000400,73,99,-26
235000401,21,120,-99
235000405,110,191,-81
235000406,68,193,-125
235000407,76,66,10
235000409,147,98,49
235000410,58,167,-109
235000411,1,45,-44
235000485,0,1,-1
235000486,3,0,3
235000549,72,82,-10
235000550,107,136,-29
235000599,66,43,23
235000600,17,18,-1
235000601,9,36,-27
235000602,64,72,-8
235000614,2,4,-2
235000648,1,15,-14
235000649,32,5,27
235000685,5,5,0
235000815,12,33,-21
235000834,0,10,-10
235000855,42,45,-3
235000862,43,106,-63
235000891,0,11,-11
235000892,9,1,8
235000901,65,78,-13
235000907,4,11,-7
235001010,45,63,-18
235001029,428,286,142
235001030,285,230,55
235001078,77,100,-23
235001079,91,64,27
235001147,19,40,-21
235001166,12,65,-53
235001167,35,32,3
235001169,26,207,-181
235001188,1,17,-16
235001189,7,2,5
235001197,10,30,-20
235001200,46,32,14
235001207,305,53,252
235001210,89,205,-116
235001215,13,164,-151
235001239,0,38,-38
235001244,0,7,-7
235016267,0,27,-27
277102712,9,5,4
277103813,0,0,0
277103814,0,0,0
277104249,1,1,0
277104250,0,4,-4
277104251,0,11,-11
277104252,0,4,-4
990011530,0,163,-163
990014944,1,383,-382
990015176,14,7,7
990015618,0,54,-54
990016032,0,175,-175
990032570,0,31,-31
990070001,63,0,63
990070103,0,7,-7
990070601,0,31,-31
990070751,676,0,676
990070766,2,424,-422
990071180,380,155,225
990071343,39,7,32
990071387,0,28,-28
990071823,459,6,453
990072600,11,785,-774
990072964,0,247,-247
990073285,0,1,-1
990074393,1,513,-512
990074870,1208,49,1159
990075106,1137,7,1130
990075746,459,6,453
990076437,875,15,860
990076458,0,658,-658
997000007,431,5,426
997000041,0,117,-117
997000058,54,1,53
997000062,24,1,23
997000069,0,1,-1
997000070,0,17,-17
997000100,16,2,14
997000141,1,708,-707
997000198,235,517,-282
998000475,1,23,-22
998000736,1,105,-104
998000965,0,10,-10
998001031,0,61,-61
998001700,0,17,-17
998001899,0,2,-2
998001900,7,2,5
998003073,693,14,679
998101900,0,0,0
998102850,1,211,-210
998501927,756,585,171
998501929,108,9,99
998501930,39,0,39
998501931,158,4,154
998501932,6,1,5
998501933,41,3,38
998501937,9,1,8
998501944,4,0,4
998501950,0,3,-3
998501970,53,14,39
998501971,0,59,-59
998501973,0,41,-41
998501974,1,221,-220
998501975,80,2,78
998501976,120,1,119
998501977,0,16,-16
998501978,14,0,14
998501979,0,9,-9
998501980,77,1,76
998501981,35,29,6
998501982,0,80,-80
998501983,0,0,0
998502006,0,0,0
998502024,0,12,-12
998502032,0,2,-2
998502062,21,1,20
998502063,0,0,0
998502173,96,1,95
998502269,0,2,-2
998502546,0,141,-141
998502578,4,1,3
998502599,47,279,-232
998502621,0,10,-10
998601159,2,105,-103
998601292,2,9,-7
999033574,1,305,-304
999800001,35,2,33
999800002,0,4,-4
999800003,2,2,0
999800004,0,1,-1
999800005,0,3,-3
