ID,insum,outsum,diff
100000001,265,245,20
100000002,94,97,-3
100000003,417,297,120
100000004,117,37,80
100000005,148,366,-218
100000006,0,1,-1
100000007,9,6,3
100000008,8,59,-51
100000009,0,0,0
100000010,0,0,0
100000011,0,0,0
100000012,3,79,-76
100000013,1,17,-16
100000014,32,55,-23
100000015,23,6,17
100000016,55,115,-60
100000017,30,116,-86
100000018,151,87,64
100000019,790,299,491
100000020,17,23,-6
100000021,541,132,409
100000022,43,48,-5
100000023,391,95,296
100000025,833,217,616
100000028,488,344,144
100000029,56,60,-4
100000030,0,0,0
100000031,402,252,150
100000032,576,282,294
100000033,101,316,-215
100000034,543,541,2
100000035,91,68,23
100000036,156,172,-16
100000037,2,1,1
100000038,2,1,1
100000039,5,4,1
100000040,3,0,3
100000041,4,0,4
100000042,6,1,5
100000043,0,0,0
100000044,16,101,-85
100000045,88,156,-68
100000046,70,193,-123
100000047,27,208,-181
100000048,75,231,-156
100000049,212,479,-267
100000051,69,235,-166
100000053,1,1,0
100000054,5,2,3
100000055,83,94,-11
100000056,0,0,0
100000057,7,0,7
100000058,133,324,-191
100000059,0,11,-11
100000060,35,41,-6
100000061,83,68,15
100000062,85,77,8
100000063,56,40,16
100000064,54,87,-33
100000065,113,175,-62
100000066,33,133,-100
100000067,51,174,-123
100000068,57,205,-148
100000069,52,208,-156
100000072,72,81,-9
100000073,303,461,-158
100000075,76,132,-56
100000076,93,178,-85
100000077,0,0,0
100000078,0,0,0
100000079,0,0,0
100000080,0,0,0
100000081,0,0,0
100000102,38,125,-87
100000103,447,153,294
100000104,438,158,280
100000105,569,69,500
100000106,65,61,4
100000107,39,11,28
100000108,226,436,-210
100000109,1071,649,422
100000116,216,115,101
100000117,0,0,0
100000118,684,1480,-796
100000119,33,409,-376
100000121,0,0,0
100000122,31,209,-178
100000123,593,706,-113
100000124,2406,1171,1235
100000125,227,14,213
100000126,39,22,17
100000127,86,15,71
100000128,86,174,-88
100000129,28,130,-102
100000130,0,0,0
100000131,932,532,400
100000132,251,79,172
100000133,3501,1454,2047
100000135,11,0,11
100000139,0,0,0
100000140,94,190,-96
100000142,0,0,0
100000143,294,481,-187
100000144,575,232,343
100000147,60,195,-135
100000150,0,58,-58
100000151,0,0,0
100000153,0,0,0
100000154,5,96,-91
100000155,0,0,0
100000156,0,0,0
100000157,0,0,0
100000158,0,0,0
100000159,42,36,6
100000165,202,161,41
100000169,0,0,0
100000174,21,35,-14
100000179,0,0,0
100000180,1,18,-17
100000181,6,45,-39
100000188,2,1,1
100000189,0,0,0
100000190,289,112,177
100000191,34,28,6
100000192,0,0,0
100000193,0,0,0
100000330,155,86,69
100000355,20,78,-58
100000362,1024,801,223
100000363,124,191,-67
100000364,14,24,-10
100000365,1621,1365,256
100000366,2064,1136,928
100000367,867,1172,-305
100000368,718,690,28
100000369,3,12,-9
100000370,6,17,-11
100000376,3,11,-8
100000379,203,164,39
100000380,457,648,-191
100000384,2226,1029,1197
100000385,1066,883,183
100000386,1804,958,846
100000387,1742,702,1040
100000388,5233,1711,3522
100000389,3812,1085,2727
100000390,4956,1494,3462
100000391,3196,774,2422
100000392,1452,506,946
100000393,353,259,94
100000394,1774,1406,368
100000395,969,350,619
100000396,1075,866,209
100000397,952,351,601
100000398,4642,3785,857
100000413,1,0,1
100900002,0,0,0
100900003,0,0,0
100900004,1,75,-74
100900005,0,0,0
100900006,0,0,0
100900007,0,0,0
100900008,1,63,-62
100900009,0,0,0
100900010,0,0,0
100900011,0,0,0
100900012,0,28,-28
100900013,0,0,0
100900014,0,0,0
100900015,0,0,0
100900016,0,0,0
100900017,0,0,0
100900018,0,0,0
100900019,0,0,0
100900020,0,0,0
100900021,0,0,0
100900022,0,0,0
100900023,0,0,0
100900024,0,0,0
100900025,0,0,0
100900026,0,0,0
100900027,0,0,0
100900028,0,0,0
100900029,0,0,0
100900030,0,0,0
100900031,0,0,0
100900032,0,1,-1
100900033,3,0,3
100900034,0,0,0
100900035,0,0,0
100900036,0,0,0
100900037,0,0,0
100900038,0,0,0
100900039,25,72,-47
100900040,1,88,-87
100900041,0,70,-70
100900042,0,0,0
100900043,0,0,0
100900044,0,0,0
100900045,0,0,0
100900046,0,0,0
100900047,0,0,0
100900048,0,0,0
100900049,0,0,0
100900050,0,0,0
100900051,0,0,0
100900052,0,0,0
100900053,3,5,-2
100900054,0,0,0
100900055,0,0,0
100900056,0,0,0
100900057,0,0,0
100900058,0,0,0
100900059,0,0,0
100900060,0,0,0
100900061,0,0,0
100900062,0,0,0
100900063,0,0,0
100900064,0,0,0
100900065,0,0,0
100900066,0,0,0
100900067,0,0,0
100900068,0,0,0
100900069,0,0,0
100900070,0,0,0
100900071,0,0,0
100900072,0,0,0
100900073,0,0,0
100900074,0,0,0
100900075,119,11,108
100900076,0,0,0
100900077,0,0,0
100900078,0,0,0
100900079,0,0,0
100900080,0,0,0
100900081,0,0,0
100900082,0,0,0
100900083,0,0,0
100900085,0,0,0
100900086,0,0,0
100900088,0,0,0
100900089,0,0,0
100900090,0,0,0
100900091,0,0,0
100900092,0,0,0
100900093,0,0,0
100900094,0,0,0
100900095,0,0,0
100900096,0,0,0
100900097,0,0,0
100900098,0,0,0
100900099,0,4,-4
100900100,0,0,0
100900101,0,0,0
100900102,0,0,0
100900103,0,0,0
100900104,0,0,0
100900105,0,0,0
100900106,0,0,0
100900107,0,0,0
100900108,0,0,0
100900109,0,0,0
100900110,0,0,0
100900111,0,0,0
100900112,0,0,0
100900113,0,0,0
100900114,0,0,0
100900115,0,0,0
100900116,0,0,0
100900117,0,0,0
100900118,0,0,0
100900119,0,0,0
100900120,0,0,0
100900121,0,0,0
100900122,27,24,3
100900123,0,0,0
100900124,0,0,0
100900125,0,0,0
100900126,0,0,0
100900127,0,0,0
100900128,1,2,-1
100900129,0,0,0
100900131,0,0,0
100900133,0,0,0
100900134,0,0,0
100900135,0,0,0
100900137,0,0,0
100900138,0,0,0
100900139,0,0,0
100900140,0,16,-16
100900141,0,0,0
100900142,0,0,0
100900143,0,0,0
100900144,0,0,0
100900145,0,0,0
100900146,0,0,0
100900147,0,0,0
100900148,3,66,-63
100900149,0,0,0
100900150,0,0,0
100900151,4,35,-31
100900152,0,0,0
100900153,0,0,0
100900154,0,0,0
100900155,0,0,0
100900156,0,0,0
100900157,0,0,0
100900159,0,0,0
100900160,0,0,0
100900161,0,0,0
100900162,0,0,0
100900163,5,8,-3
100900164,0,0,0
100900165,0,0,0
100900166,0,0,0
100900167,0,0,0
100900168,0,0,0
100900169,14,101,-87
100900170,0,0,0
100900171,0,55,-55
100900172,0,0,0
100900173,1,43,-42
100900174,0,0,0
100900176,0,0,0
100900177,0,0,0
100900178,0,0,0
100900179,0,0,0
100900180,0,0,0
100900181,0,0,0
100900182,0,0,0
100900184,0,0,0
100900186,0,0,0
100900187,0,0,0
100900188,0,0,0
100900189,0,0,0
100900191,0,0,0
100900192,0,0,0
100900195,0,0,0
100900197,0,0,0
100900198,0,0,0
100900199,0,0,0
100900200,27,10,17
100900201,2,66,-64
100900202,0,0,0
100900203,0,0,0
100900204,0,0,0
100900205,0,0,0
100900206,0,0,0
100900207,0,0,0
100900210,1,30,-29
100900211,0,0,0
100900213,0,0,0
100900214,146,3,143
100900215,0,0,0
100900217,0,0,0
101000001,594,174,420
101000002,863,351,512
101000003,123,45,78
101000004,3158,329,2829
101000005,753,372,381
101000006,1536,1130,406
101000007,2038,953,1085
101000008,1053,544,509
101000009,116,254,-138
101000010,86,91,-5
101000011,283,28,255
101000012,0,0,0
101000013,198,69,129
101000014,33,14,19
101000015,196,141,55
101000016,4,22,-18
101000017,116,75,41
101000018,614,516,98
101000020,647,160,487
101000021,50,15,35
101000022,316,127,189
101000023,419,418,1
101000025,0,0,0
101000026,14,1,13
101000027,590,133,457
101000028,220,78,142
101000029,2,81,-79
101000030,108,18,90
101000031,39,2,37
101000032,446,448,-2
101000033,635,389,246
101000034,644,311,333
101000035,226,24,202
101000036,352,132,220
101000037,751,138,613
101000039,345,215,130
101000040,1137,380,757
101000041,611,151,460
101000042,6,105,-99
101000043,795,408,387
101000045,90,30,60
101000046,413,130,283
101000047,79,63,16
101000048,75,51,24
101000049,38,107,-69
101000050,52,36,16
101000051,343,96,247
101000052,495,76,419
101000053,70,22,48
101000054,344,35,309
101000055,439,79,360
101000056,34,4,30
101000057,1187,240,947
101000058,731,47,684
101000059,232,42,190
101000060,438,163,275
101000061,72,15,57
101000062,1286,152,1134
101000063,6,12,-6
101000064,522,129,393
101000065,30,7,23
101000066,4,10,-6
101000067,144,164,-20
101000068,58,47,11
101000069,169,17,152
101000070,439,665,-226
101000071,687,281,406
101000072,333,287,46
101000073,31,25,6
101000074,1359,437,922
101000075,3460,1163,2297
101000077,664,259,405
101000078,158,118,40
101000079,177,289,-112
101000080,625,432,193
101000081,211,111,100
101000082,466,257,209
101000083,159,105,54
101000084,208,224,-16
101000085,55,7,48
101000086,498,347,151
101000087,311,245,66
101000088,55,20,35
101000089,29,22,7
101000090,566,336,230
101000091,30,137,-107
101000092,322,91,231
101000093,142,36,106
101000094,218,374,-156
101000095,65,239,-174
101000096,16,33,-17
101000097,41,57,-16
101000098,7,32,-25
101000099,220,136,84
101000100,222,202,20
101000101,11,22,-11
101000102,236,115,121
101000103,105,39,66
101000104,34,40,-6
101000105,0,0,0
101000106,36,39,-3
101000107,12,40,-28
101000108,0,0,0
101000109,11,2,9
101000110,0,0,0
101000111,2,42,-40
101000113,0,0,0
101000114,802,326,476
101000115,0,0,0
101000116,0,0,0
101000117,0,0,0
101000119,57,9,48
101000120,113,2,111
101000121,49,4,45
101000122,29,16,13
101000123,10,16,-6
101000124,280,249,31
101000125,67,151,-84
101000128,112,85,27
101000130,312,81,231
101000131,43,43,0
101000132,133,317,-184
101000135,95,10,85
101000136,84,84,0
101000137,6,28,-22
101000141,203,165,38
101000147,205,243,-38
101000148,179,0,179
101000149,0,0,0
101000150,0,0,0
101000151,1,6,-5
101000152,31,54,-23
101000153,51,17,34
101000154,2,102,-100
101000155,27,33,-6
101000156,10,94,-84
101000157,0,0,0
101000160,0,0,0
101000163,0,0,0
101000164,57,146,-89
101000165,118,44,74
101000166,29,36,-7
101000168,38,53,-15
101000252,65,87,-22
101000254,291,30,261
101000258,0,0,0
101000261,0,0,0
101000262,25,126,-101
101000263,13,5,8
101000265,6,88,-82
101000266,48,36,12
101000269,167,40,127
101000290,185,22,163
101000293,0,0,0
101000294,173,103,70
101000295,15,37,-22
101000301,181,49,132
101000304,680,947,-267
101000305,383,441,-58
101000328,8,44,-36
101900001,0,0,0
101900002,0,0,0
101900003,4,26,-22
101900004,0,0,0
101900005,201,29,172
101900006,0,0,0
101900007,0,0,0
101900008,0,0,0
101900009,0,0,0
101900010,0,0,0
101900011,0,0,0
101900012,0,0,0
101900013,58,1,57
101900017,0,0,0
101900018,0,0,0
101900019,0,1,-1
101900020,0,0,0
101900021,0,0,0
101900022,0,0,0
101900023,0,0,0
101900026,0,0,0
101900027,0,0,0
102000001,265,461,-196
102000002,198,163,35
102000003,1294,696,598
102000004,881,195,686
102000005,544,437,107
102000006,332,183,149
102000007,602,639,-37
102000008,707,265,442
102000009,1371,1226,145
102000010,1307,740,567
102000011,658,684,-26
102000012,376,492,-116
102000018,149,45,104
102000019,28,21,7
102000026,0,0,0
102000029,0,0,0
102000030,8,4,4
102000031,0,0,0
102000032,5,13,-8
102000033,0,5,-5
102000034,19,11,8
102000035,0,0,0
102000036,0,0,0
102000037,8,6,2
102000038,1,4,-3
102000039,0,0,0
102000040,28,3,25
102000041,0,0,0
102000042,0,0,0
102000043,8,6,2
102000044,0,0,0
102000045,52,42,10
102000046,32,7,25
102000047,22,71,-49
102000048,12,22,-10
102000049,24,10,14
102000050,22,83,-61
102000051,40,16,24
102000052,62,75,-13
102000053,22,51,-29
102000054,28,140,-112
102000055,125,201,-76
102000056,61,115,-54
102000057,101,19,82
102000058,135,179,-44
102000059,142,237,-95
102000060,36,25,11
102000061,206,453,-247
102000062,54,60,-6
102000063,238,292,-54
102000064,98,149,-51
102000065,9,30,-21
102000066,556,134,422
102000067,306,366,-60
102000068,947,310,637
102000069,0,0,0
102000070,237,13,224
102000071,1562,1717,-155
102000072,850,1378,-528
102000073,8,176,-168
102000074,20,129,-109
102000075,7,101,-94
102000076,6,166,-160
102000077,35,380,-345
102000078,62,385,-323
102000079,8,74,-66
102000080,13,65,-52
102000081,44,168,-124
102000082,74,63,11
102000083,24,125,-101
102000084,0,0,0
102000085,124,178,-54
102000086,52,29,23
102000087,80,272,-192
102000088,13,12,1
102000089,0,0,0
102000090,141,160,-19
102000091,267,103,164
102000092,184,105,79
102000093,37,120,-83
102000094,0,0,0
102000095,110,162,-52
102000096,0,0,0
102000097,223,191,32
102000098,10,12,-2
102000099,127,48,79
102000100,11,5,6
102000101,74,28,46
102000102,28,6,22
102000103,137,40,97
102000104,50,11,39
102000105,5,31,-26
102000106,8,38,-30
102000107,0,0,0
102000108,14,24,-10
102000109,0,0,0
102000110,0,0,0
102000111,0,0,0
102000112,2,8,-6
102000113,0,0,0
102000114,0,0,0
102000115,33,7,26
102000116,4,18,-14
102000117,11,72,-61
102000118,15,90,-75
102000119,596,40,556
102000120,8,3,5
102000121,39,81,-42
102000122,20,4,16
102000123,102,55,47
102000124,82,19,63
102000125,73,52,21
102000126,29,11,18
102000127,95,37,58
102000128,39,26,13
102000129,38,66,-28
102000130,24,27,-3
102000131,43,43,0
102000132,31,22,9
102000133,174,394,-220
102000134,53,63,-10
102000135,0,0,0
102000136,9,9,0
102000137,31,12,19
102000138,0,0,0
102000139,0,0,0
102000140,1,5,-4
102000141,1,22,-21
102000142,2,17,-15
102000143,1,38,-37
102000144,1,46,-45
102000145,4,21,-17
102000146,0,1,-1
102000147,10,9,1
102000148,0,0,0
102000149,1,0,1
102000150,2,3,-1
102000151,0,0,0
102000152,0,0,0
102000153,2,1,1
102000154,13,23,-10
102000155,21,17,4
102000156,38,9,29
102000157,3,7,-4
102000158,10,4,6
102000159,69,4,65
102000161,542,144,398
102000162,42,45,-3
102000163,0,0,0
102000164,0,0,0
102000165,88,57,31
102000166,5,36,-31
102000167,34,140,-106
102000168,33,43,-10
102000169,46,134,-88
102000170,377,94,283
102000171,31,16,15
102000172,4,59,-55
102000173,63,54,9
102000174,5,4,1
102000175,1,1,0
102000176,0,1,-1
102000178,26,78,-52
102000179,8,22,-14
102000180,18,84,-66
102000181,15,86,-71
102000182,151,113,38
102000183,56,118,-62
102000184,171,233,-62
102000185,42,96,-54
102000186,101,432,-331
102000187,57,364,-307
102000188,19,82,-63
102000189,459,195,264
102000190,57,87,-30
102000191,168,22,146
102000192,167,238,-71
102000193,0,0,0
102000194,0,0,0
102000195,12,44,-32
102000196,0,0,0
102000197,13,30,-17
102000198,0,0,0
102000199,8,22,-14
102000200,0,0,0
102000201,21,41,-20
102000202,0,0,0
102000203,13,55,-42
102000204,2,3,-1
102000205,1,2,-1
102000206,72,90,-18
102000207,1,0,1
102000208,21,70,-49
102000209,4,4,0
102000210,0,113,-113
102000211,8,62,-54
102000212,0,0,0
102000213,0,29,-29
102000214,0,0,0
102000215,0,70,-70
102000216,0,0,0
102000217,0,42,-42
102000218,0,0,0
102000219,33,29,4
102000225,0,0,0
102000226,0,0,0
102000227,0,0,0
102000228,0,8,-8
102000229,6,2,4
102000230,16,46,-30
102000231,37,18,19
102000232,0,0,0
102000233,19,25,-6
102000234,0,0,0
102000236,8,1,7
102000237,16,4,12
102000238,1,0,1
102000240,236,328,-92
102000241,38,16,22
102000243,0,1,-1
102000245,11,38,-27
102000246,0,0,0
102000247,104,150,-46
102000248,105,139,-34
102000249,9,35,-26
102000250,3,99,-96
102000254,0,0,0
102000266,0,2,-2
102000271,0,0,0
102000286,0,0,0
102000297,29,28,1
102000301,0,0,0
102000303,0,0,0
102000307,0,7,-7
102900001,0,0,0
102900002,0,0,0
102900003,0,21,-21
102900005,0,0,0
102900006,0,0,0
102900007,0,0,0
102900008,0,0,0
102900009,0,0,0
102900010,0,0,0
102900011,0,0,0
102900012,0,0,0
102900013,0,0,0
102900015,0,0,0
102900016,0,0,0
102900017,0,0,0
102900018,0,0,0
102900019,0,0,0
102900020,0,0,0
102900021,0,0,0
102900022,20,8,12
102900023,0,0,0
102900024,0,0,0
102900025,0,0,0
102900026,0,0,0
102900027,0,0,0
102900028,0,0,0
102900029,2,4,-2
102900030,0,0,0
102900031,0,0,0
102900032,1,6,-5
102900033,0,0,0
102900034,0,0,0
102900035,1,28,-27
102900036,0,0,0
102900037,0,0,0
102900038,0,0,0
102900039,0,0,0
102900040,0,0,0
102900041,0,0,0
102900042,0,0,0
102900043,0,0,0
102900044,0,0,0
102900045,0,0,0
102900046,0,0,0
102900047,0,0,0
102900048,0,0,0
102900049,0,0,0
102900050,0,0,0
102900051,0,0,0
102900053,0,0,0
102900054,0,0,0
102900055,0,0,0
102900056,0,0,0
102900057,0,0,0
102900058,0,0,0
102900059,0,0,0
102900060,0,0,0
102900061,0,0,0
102900062,0,0,0
102900063,0,0,0
102900064,0,0,0
102900065,0,0,0
102900066,0,0,0
102900068,0,0,0
102900070,0,39,-39
102900072,1,8,-7
102900073,6,0,6
102900075,0,0,0
102900076,0,0,0
102900077,0,0,0
102900078,0,0,0
102900079,0,0,0
102900080,0,0,0
102900081,0,0,0
102900082,0,0,0
102900083,0,0,0
102900084,0,0,0
102900085,0,0,0
102900086,0,0,0
102900087,0,0,0
102900088,0,0,0
102900089,0,0,0
102900090,0,56,-56
102900091,4,1,3
102900092,5,83,-78
102900094,0,0,0
102900095,0,0,0
102900096,1,3,-2
102900097,0,16,-16
103000001,426,563,-137
103000002,280,416,-136
103000003,625,513,112
103000004,107,160,-53
103000005,77,157,-80
103000006,40,107,-67
103000007,16,65,-49
103000008,82,211,-129
103000009,11,8,3
103000010,4,5,-1
103000011,367,226,141
103000012,189,105,84
103000013,1907,430,1477
103000014,34,38,-4
103000015,323,252,71
103000016,47,8,39
103000017,0,0,0
103000018,0,0,0
103000019,0,0,0
103000020,210,343,-133
103000021,20,18,2
103000022,173,229,-56
103000023,4,34,-30
103000024,0,0,0
103000025,0,0,0
103000026,0,0,0
103000027,0,0,0
103000028,0,0,0
103000029,26,4,22
103000030,621,114,507
103000031,120,72,48
103000032,382,301,81
103000033,117,56,61
103000034,636,276,360
103000035,191,124,67
103000036,80,46,34
103000037,267,146,121
103000038,81,60,21
103000039,35,105,-70
103000040,8,46,-38
103000041,405,662,-257
103000042,154,153,1
103000043,13,45,-32
103000044,20,2,18
103000046,51,14,37
103000047,1,2,-1
103000048,13,4,9
103000049,1,0,1
103000050,13,15,-2
103000051,14,14,0
103000052,10,7,3
103000053,4,19,-15
103000054,309,186,123
103000055,77,44,33
103000056,102,269,-167
103000057,60,67,-7
103000058,89,134,-45
103000059,47,64,-17
103000060,195,197,-2
103000061,47,17,30
103000062,189,197,-8
103000063,60,36,24
103000064,61,85,-24
103000065,0,2,-2
103000066,5,0,5
103000069,0,0,0
103000070,47,247,-200
103000071,15,8,7
103000072,8,203,-195
103000073,0,0,0
103000074,0,0,0
103000075,60,180,-120
103000076,0,0,0
103000077,5,84,-79
103000078,0,0,0
103000079,167,28,139
103000080,0,0,0
103000081,54,101,-47
103000082,0,0,0
103000083,5,62,-57
103000084,0,0,0
103000085,0,17,-17
103000086,36,8,28
103000087,17,95,-78
103000088,103,65,38
103000089,8,13,-5
103000090,355,213,142
103000091,71,79,-8
103000092,0,2,-2
103000093,40,142,-102
103000094,0,0,0
103000095,1,60,-59
103000096,2,0,2
103000097,7,81,-74
103000098,0,0,0
103000099,30,70,-40
103000100,10,180,-170
103000101,0,0,0
103000102,10,190,-180
103000103,0,21,-21
103000104,4,50,-46
103000105,0,19,-19
103000106,0,81,-81
103000107,7,23,-16
103000108,45,88,-43
103000109,104,56,48
103000110,226,113,113
103000111,211,75,136
103000112,5,9,-4
103000113,47,98,-51
103000114,17,9,8
103000115,22,59,-37
103000116,17,36,-19
103000117,21,36,-15
103000118,109,277,-168
103000119,344,239,105
103000120,10,17,-7
103000121,72,114,-42
103000122,13,11,2
103000125,0,0,0
103000126,1,0,1
103000127,0,0,0
103000128,1,0,1
103000129,0,0,0
103000130,0,2,-2
103000131,0,0,0
103000132,3,1,2
103000133,0,0,0
103000134,172,82,90
103000135,80,38,42
103000136,237,149,88
103000137,82,94,-12
103000138,259,60,199
103000139,0,16,-16
103000140,0,0,0
103000141,4,15,-11
103000142,0,0,0
103000143,5,47,-42
103000144,0,0,0
103000145,0,0,0
103000150,0,3,-3
103000152,62,49,13
103000153,2,7,-5
103000156,0,0,0
103000157,4,0,4
103000159,33,20,13
103000162,0,0,0
103000163,0,0,0
103000164,0,0,0
103000165,0,0,0
103000166,0,0,0
103000167,3,6,-3
103000168,13,20,-7
103000169,0,0,0
103000170,109,51,58
103000171,0,0,0
103000172,0,0,0
103000173,26,149,-123
103000174,0,0,0
103000175,84,260,-176
103000176,0,0,0
103000177,102,86,16
103000178,189,94,95
103000179,6,0,6
103000183,0,15,-15
103000185,0,15,-15
103000186,0,0,0
103000187,36,159,-123
103000188,1,23,-22
103000189,57,233,-176
103000191,32,43,-11
103000292,264,26,238
103000293,0,0,0
103000295,0,0,0
103000296,2,0,2
103000297,0,0,0
103000504,0,0,0
103000505,0,0,0
103000506,0,0,0
103000507,3,0,3
103000508,4,12,-8
103000509,30,163,-133
103900001,0,0,0
103900002,0,0,0
103900003,0,1,-1
103900004,0,0,0
103900005,0,0,0
103900006,0,0,0
103900007,0,0,0
103900008,0,0,0
103900009,0,27,-27
103900010,3,20,-17
103900011,2,25,-23
103900012,0,0,0
103900013,0,13,-13
103900014,0,0,0
103900015,0,0,0
103900016,18,29,-11
103900017,2,17,-15
103900018,36,2,34
103900019,0,0,0
103900020,0,0,0
103900021,0,0,0
103900022,1,60,-59
103900023,0,0,0
103900024,0,0,0
103900025,0,0,0
103900026,0,0,0
103900027,0,0,0
103900028,1,31,-30
103900029,9,17,-8
103900030,0,0,0
103900031,0,0,0
103900032,0,0,0
103900033,0,0,0
103900034,2,12,-10
103900035,0,2,-2
103900036,0,0,0
103900037,0,0,0
103900038,0,0,0
103900039,0,98,-98
103900040,0,3,-3
103900041,0,0,0
103900042,0,87,-87
103900043,0,0,0
103900044,0,0,0
103900045,0,0,0
103900047,0,7,-7
103900048,0,0,0
103900049,0,0,0
103900050,1,34,-33
103900051,0,6,-6
103900052,12,13,-1
103900053,5,96,-91
103900054,0,0,0
103900055,4,14,-10
103900056,3,7,-4
103900057,0,0,0
103900058,1,69,-68
103900059,0,0,0
103900060,0,0,0
103900061,0,0,0
103900062,2,1,1
103900063,0,0,0
103900064,0,0,0
103900065,48,28,20
103900066,0,0,0
103900067,0,0,0
103900068,0,0,0
103900069,0,0,0
103900070,0,0,0
103900071,2,8,-6
103900072,0,61,-61
103900073,0,0,0
103900074,0,0,0
103900075,0,0,0
103900076,2,16,-14
103900077,0,0,0
103900078,0,0,0
103900079,0,0,0
103900080,0,0,0
103900081,0,0,0
103900082,0,0,0
103900083,0,0,0
103900084,0,0,0
103900085,0,1,-1
103900086,0,0,0
103900088,0,0,0
103900089,1,0,1
103900090,0,0,0
103900091,0,0,0
103900092,0,16,-16
103900093,0,0,0
103900094,0,0,0
103900095,1,2,-1
103900096,0,0,0
103900097,0,0,0
103900098,3,2,1
103900099,0,2,-2
103900100,6,26,-20
103900101,0,0,0
103900102,0,0,0
103900104,0,0,0
103900105,2,8,-6
103900106,0,0,0
103900107,0,0,0
103900108,8,97,-89
103900109,0,0,0
103900110,4,2,2
103900111,1,73,-72
103900112,0,1,-1
103900113,3,1,2
103900114,16,8,8
103900115,16,2,14
103900116,200,4,196
103900117,42,11,31
103900119,0,0,0
103900120,0,0,0
103900122,2,52,-50
103900123,13,23,-10
103900124,1,62,-61
103900125,5,6,-1
103900126,0,0,0
103900127,3,42,-39
103900128,1,22,-21
103900131,0,10,-10
103900133,0,0,0
103900134,0,0,0
103900135,0,0,0
103900137,0,0,0
103900138,0,0,0
103900139,0,32,-32
103900140,0,0,0
103900141,0,0,0
103900142,0,0,0
103900143,0,0,0
103900144,0,0,0
103900145,0,0,0
103900146,0,0,0
103900147,1,15,-14
103900148,4,35,-31
103900149,0,0,0
103900150,1,40,-39
103900151,0,0,0
103900152,0,0,0
103900153,0,0,0
103900154,33,2,31
103900155,0,0,0
103900156,0,0,0
103900157,0,0,0
103900158,0,0,0
103900159,0,0,0
103900160,0,0,0
103900161,0,0,0
103900162,8,12,-4
103900163,0,0,0
103900167,0,0,0
103900168,0,0,0
103900169,0,0,0
103900170,0,0,0
103900171,0,0,0
103900172,0,0,0
103900173,0,0,0
103900174,0,0,0
103900175,0,0,0
103900176,0,0,0
103900177,0,0,0
103900178,0,0,0
103900179,0,0,0
103900180,0,0,0
103900181,0,0,0
103900182,0,0,0
103900184,0,0,0
103900185,0,0,0
103900187,1,1,0
103900188,1,0,1
103900189,1,0,1
103900190,0,0,0
103900191,0,0,0
103900192,0,0,0
103900193,0,0,0
103900194,0,0,0
103900195,0,0,0
103900196,0,0,0
103900197,0,0,0
103900198,0,0,0
103900199,0,0,0
103900200,0,0,0
103900201,0,1,-1
103900202,0,0,0
103900203,0,0,0
103900204,0,2,-2
103900207,0,1,-1
103900208,0,0,0
103900209,0,0,0
103900210,0,1,-1
103900211,11,11,0
103900212,3,40,-37
103900213,60,228,-168
103900214,53,8,45
103900215,818,215,603
103900216,0,1,-1
103900217,0,0,0
103900218,0,0,0
103900219,0,0,0
103900233,0,0,0
103900235,0,0,0
103900236,0,0,0
103900242,0,0,0
103900243,0,0,0
103900244,0,0,0
103900245,0,0,0
103900246,2,0,2
103900247,0,0,0
103900248,0,0,0
103900249,0,0,0
103900250,0,0,0
103900251,0,0,0
103900253,0,0,0
103900254,0,0,0
103900255,0,0,0
103900256,0,0,0
103900257,0,0,0
103900258,0,0,0
103900259,0,0,0
103900261,0,0,0
103900262,0,0,0
103900263,0,0,0
103900264,0,0,0
103900265,0,0,0
103900266,0,0,0
103900267,0,5,-5
103900268,0,4,-4
103900269,2,4,-2
103900270,0,7,-7
103900271,2,13,-11
103900272,0,0,0
103900273,0,0,0
103900274,0,0,0
103900275,0,0,0
103900276,0,0,0
103900277,0,0,0
103900278,0,0,0
103900279,0,0,0
103900280,0,0,0
104000001,577,513,64
104000002,493,724,-231
104000003,463,800,-337
104000004,2429,705,1724
104000005,116,439,-323
104000006,476,823,-347
104000007,818,976,-158
104000008,474,428,46
104000009,22,84,-62
104000010,0,0,0
104000011,359,353,6
104000012,25,298,-273
104000013,0,0,0
104000014,117,354,-237
104000015,0,0,0
104000016,71,187,-116
104000018,23,7,16
104000019,28,7,21
104000020,1,5,-4
104000021,4,8,-4
104000022,3,6,-3
104000023,64,61,3
104000024,3,11,-8
104000026,1,1,0
104000027,73,255,-182
104000028,72,41,31
104000029,131,344,-213
104000030,42,51,-9
104000031,7,2,5
104000032,27,229,-202
104000033,11,3,8
104000034,53,231,-178
104000035,4,7,-3
104000036,14,11,3
104000037,38,145,-107
104000038,36,57,-21
104000039,6,11,-5
104000040,13,12,1
104000041,50,32,18
104000042,27,80,-53
104000043,27,50,-23
104000044,50,122,-72
104000045,69,171,-102
104000046,149,174,-25
104000047,11,14,-3
104000048,46,88,-42
104000049,3,10,-7
104000050,6,9,-3
104000051,25,189,-164
104000052,127,349,-222
104000053,113,159,-46
104000054,22,80,-58
104000055,597,403,194
104000056,26,7,19
104000057,11,129,-118
104000058,243,200,43
104000059,47,236,-189
104000060,118,259,-141
104000061,102,137,-35
104000062,0,0,0
104000064,78,27,51
104000065,0,27,-27
104000069,208,50,158
104000070,3,7,-4
104000071,26,101,-75
104000072,0,0,0
104000075,0,0,0
104000076,0,0,0
104000082,478,648,-170
104000083,88,17,71
104000084,11,113,-102
104000085,12,14,-2
104000086,21,52,-31
104000087,12,25,-13
104000090,41,267,-226
104000092,22,475,-453
104000094,59,401,-342
104000095,436,421,15
104000096,0,42,-42
104000097,0,0,0
104000098,0,0,0
104000100,0,0,0
104000101,115,322,-207
104000106,5,27,-22
104000107,34,134,-100
104000108,39,39,0
104000109,0,0,0
104000110,112,89,23
104000111,110,147,-37
104000112,230,61,169
104000116,1,424,-423
104000117,3,130,-127
104000118,7,28,-21
104000119,22,36,-14
104000120,3,97,-94
104000121,13,49,-36
104000122,62,111,-49
104000123,178,330,-152
104000124,340,437,-97
104000125,317,176,141
104000126,13,90,-77
104000127,479,864,-385
104000128,25,74,-49
104000129,31,10,21
104000130,2,68,-66
104000131,837,758,79
104000132,377,715,-338
104000133,238,224,14
104000134,221,193,28
104000135,75,137,-62
104000136,457,281,176
104000137,819,94,725
104000138,291,119,172
104000139,2625,497,2128
104000141,263,410,-147
104000142,120,386,-266
104000143,125,484,-359
104000144,0,0,0
104000145,0,0,0
104000146,190,615,-425
104000147,48,220,-172
104000148,0,0,0
104000149,59,172,-113
104000150,0,0,0
104000151,59,283,-224
104000152,65,336,-271
104000153,0,0,0
104000154,365,249,116
104000155,0,0,0
104000157,155,355,-200
104000158,49,108,-59
104000159,69,51,18
104000160,766,236,530
104000161,0,0,0
104000162,0,0,0
104000165,0,0,0
104000167,31,105,-74
104000168,0,0,0
104000169,0,0,0
104000170,317,57,260
104000248,2,104,-102
104000251,22,116,-94
104000272,8,0,8
104000273,10,1,9
104000274,4,0,4
104000275,23,3,20
104000279,98,45,53
104000290,32,96,-64
104000291,71,175,-104
104000293,10,9,1
104000294,0,0,0
104000295,114,376,-262
104000296,25,174,-149
104000297,408,684,-276
104000298,509,196,313
104000299,284,453,-169
104900001,0,0,0
104900002,0,0,0
104900003,0,0,0
104900004,0,0,0
104900005,0,3,-3
104900006,0,0,0
104900007,0,5,-5
104900009,0,0,0
104900010,0,0,0
104900011,0,0,0
104900012,0,0,0
104900013,0,0,0
104900014,0,0,0
104900015,0,0,0
104900016,0,0,0
104900017,0,0,0
104900018,0,0,0
104900019,0,0,0
104900020,0,0,0
104900021,0,0,0
104900022,0,0,0
104900023,0,0,0
104900024,0,0,0
104900025,0,0,0
104900026,0,0,0
104900027,0,0,0
104900028,0,0,0
104900029,0,0,0
104900030,0,0,0
104900031,0,0,0
104900032,0,0,0
104900033,0,0,0
104900034,0,0,0
104900035,0,0,0
104900036,0,0,0
104900037,0,0,0
104900038,0,0,0
104900039,0,0,0
104900040,0,0,0
104900041,0,0,0
104900042,0,0,0
104900043,0,0,0
104900044,0,0,0
104900045,0,0,0
104900046,0,0,0
104900047,0,0,0
104900048,0,0,0
104900049,0,0,0
104900050,0,0,0
104900051,0,0,0
104900052,0,0,0
104900053,0,0,0
104900054,0,0,0
104900055,0,0,0
104900056,0,0,0
104900057,0,0,0
104900058,0,0,0
104900059,0,0,0
104900060,0,1,-1
104900061,0,0,0
104900063,0,0,0
104900064,0,0,0
104900065,0,1,-1
104900066,0,0,0
104900067,0,0,0
104900068,0,0,0
104900070,0,0,0
104900071,0,66,-66
104900072,0,0,0
104900073,0,0,0
104900074,0,0,0
104900075,0,0,0
104900076,0,0,0
104900077,0,0,0
104900078,0,0,0
104900079,0,0,0
104900080,0,0,0
104900082,0,0,0
104900085,0,0,0
104900087,0,0,0
104900089,0,0,0
104900090,0,0,0
104900091,0,0,0
104900093,0,0,0
104900097,0,0,0
104900098,0,0,0
104900099,0,0,0
104900100,0,0,0
104900102,0,0,0
104900103,0,0,0
104900104,0,0,0
104900106,0,0,0
104900107,0,0,0
104900108,0,0,0
104900109,0,0,0
104900110,0,0,0
104900111,0,0,0
104900112,0,0,0
104900113,9,5,4
104900114,0,0,0
104900115,3,12,-9
104900116,0,0,0
104900118,0,0,0
104900119,0,0,0
104900120,0,0,0
104900121,0,0,0
104900122,0,0,0
104900123,0,0,0
104900124,0,0,0
104900125,0,0,0
104900126,0,0,0
104900127,0,0,0
104900128,0,0,0
104900129,0,0,0
105000001,373,518,-145
105000002,204,341,-137
105000003,268,579,-311
105000004,137,330,-193
105000005,145,244,-99
105000006,76,202,-126
105000007,48,188,-140
105000008,40,388,-348
105000009,117,208,-91
105000010,596,907,-311
105000011,165,165,0
105000012,1007,1357,-350
105000013,124,142,-18
105000014,126,119,7
105000015,1009,384,625
105000016,758,428,330
105000017,279,176,103
105000018,121,158,-37
105000019,12,1,11
105000020,9,134,-125
105000021,1,1,0
105000022,0,0,0
105000023,0,0,0
105000028,16,58,-42
105000029,69,117,-48
105000030,1055,1302,-247
105000031,0,0,0
105000033,294,974,-680
105000034,0,1,-1
105000037,30,31,-1
105000038,73,82,-9
105000039,1112,1070,42
105000040,18,36,-18
105000041,143,691,-548
105000042,116,87,29
105000043,556,1082,-526
105000044,43,23,20
105000045,45,339,-294
105000046,33,15,18
105000047,58,502,-444
105000048,3,4,-1
105000049,77,240,-163
105000050,0,0,0
105000051,49,199,-150
105000052,7,56,-49
105000053,29,98,-69
105000054,5,85,-80
105000055,19,79,-60
105000056,10,160,-150
105000057,138,190,-52
105000058,190,215,-25
105000059,13,23,-10
105000060,57,109,-52
105000061,7,24,-17
105000062,95,247,-152
105000063,41,174,-133
105000064,47,87,-40
105000065,34,211,-177
105000066,132,274,-142
105000067,58,66,-8
105000068,84,113,-29
105000069,342,91,251
105000070,33,86,-53
105000071,0,0,0
105000072,78,24,54
105000073,25,7,18
105000074,125,336,-211
105000075,74,179,-105
105000076,326,290,36
105000077,753,244,509
105000078,164,124,40
105000079,350,735,-385
105000080,58,52,6
105000081,306,234,72
105000082,35,56,-21
105000083,15,10,5
105000084,67,300,-233
105000085,42,66,-24
105000086,93,204,-111
105000087,179,485,-306
105000088,34,5,29
105000089,724,956,-232
105000090,354,460,-106
105000091,730,698,32
105000092,175,272,-97
105000093,25,45,-20
105000094,9,0,9
105000095,4,71,-67
105000096,3,7,-4
105000097,84,194,-110
105000098,0,0,0
105000099,86,185,-99
105000100,184,210,-26
105000101,161,243,-82
105000102,161,273,-112
105000103,91,267,-176
105000104,136,160,-24
105000105,17,211,-194
105000106,68,205,-137
105000107,59,31,28
105000108,117,56,61
105000109,64,237,-173
105000110,43,13,30
105000111,35,42,-7
105000112,177,20,157
105000113,11,41,-30
105000114,4,1,3
105000115,42,51,-9
105000116,8,14,-6
105000117,83,130,-47
105000118,6,8,-2
105000119,51,140,-89
105000120,15,6,9
105000121,59,134,-75
105000122,12,69,-57
105000123,119,179,-60
105000124,81,118,-37
105000125,43,287,-244
105000126,199,326,-127
105000127,106,203,-97
105000128,23,181,-158
105000129,43,65,-22
105000130,0,0,0
105000131,46,85,-39
105000132,0,0,0
105000133,63,227,-164
105000134,0,0,0
105000135,59,124,-65
105000136,11,116,-105
105000137,0,0,0
105000138,55,126,-71
105000139,151,194,-43
105000140,0,0,0
105000141,39,167,-128
105000142,0,0,0
105000143,26,153,-127
105000144,54,219,-165
105000145,0,0,0
105000146,49,240,-191
105000147,0,0,0
105000148,0,0,0
105000149,0,0,0
105000150,250,346,-96
105000151,14,9,5
105000152,8,122,-114
105000153,21,17,4
105000154,23,125,-102
105000155,8,31,-23
105000156,76,148,-72
105000157,88,284,-196
105000158,65,41,24
105000159,34,186,-152
105000160,49,53,-4
105000161,51,306,-255
105000162,6,54,-48
105000163,104,178,-74
105000164,73,36,37
105000165,54,122,-68
105000166,783,22,761
105000167,160,109,51
105000168,7,154,-147
105000169,36,153,-117
105000170,0,0,0
105000171,80,14,66
105000172,0,0,0
105000173,0,0,0
105000174,0,0,0
105000175,5,21,-16
105000176,4,9,-5
105000177,3,18,-15
105000178,0,0,0
105000179,9,18,-9
105000180,2,30,-28
105000181,0,0,0
105000182,1,13,-12
105000183,3,1,2
105000184,355,341,14
105000185,181,99,82
105000186,77,373,-296
105000187,97,55,42
105000188,13,21,-8
105000189,16,194,-178
105000190,0,0,0
105000191,72,181,-109
105000192,8,58,-50
105000193,25,45,-20
105000194,32,47,-15
105000195,35,224,-189
105000196,4,22,-18
105000197,21,138,-117
105000198,100,88,12
105000199,41,45,-4
105000200,3,23,-20
105000201,14,7,7
105000203,0,16,-16
105000204,38,29,9
105000205,3,26,-23
105000207,172,72,100
105000208,0,0,0
105000209,28,165,-137
105000211,2,1,1
105000212,72,157,-85
105000213,0,0,0
105000214,0,0,0
105000215,15,44,-29
105000216,25,180,-155
105000217,13,148,-135
105000218,11,141,-130
105000221,19,16,3
105000222,6,4,2
105000223,6,36,-30
105000226,0,0,0
105000227,0,0,0
105000228,0,47,-47
105000229,0,0,0
105000231,0,0,0
105000233,51,61,-10
105000234,214,735,-521
105000235,5,9,-4
105000237,0,0,0
105000243,3,0,3
105000248,16,42,-26
105000262,32,204,-172
105000269,13,20,-7
105000270,13,34,-21
105000271,0,9,-9
105000282,1,2,-1
105000287,5,0,5
105000288,7,63,-56
105000289,105,169,-64
105000290,0,0,0
105000402,359,89,270
105000426,61,41,20
105000438,96,79,17
105000440,0,1,-1
105000446,1105,1002,103
105000447,1081,810,271
105000454,2,15,-13
105000455,0,0,0
105000474,0,0,0
105000477,0,0,0
105000478,88,169,-81
105000479,3,8,-5
105000480,297,327,-30
105000481,523,318,205
105000482,1348,1178,170
105000483,354,369,-15
105000484,444,1016,-572
105000485,571,688,-117
105000486,838,871,-33
105000488,479,810,-331
105000489,71,112,-41
105000549,0,0,0
105000550,127,315,-188
105000551,0,0,0
105000552,1736,684,1052
105000555,37,22,15
105000556,3,2,1
105000557,0,0,0
105900001,0,0,0
105900002,2,16,-14
105900003,1,8,-7
105900004,71,13,58
105900005,0,32,-32
105900006,0,0,0
105900007,0,0,0
105900008,1,106,-105
105900009,0,0,0
105900011,0,0,0
105900012,0,0,0
105900013,0,0,0
105900014,0,0,0
105900015,1,32,-31
105900016,0,0,0
105900017,0,0,0
105900018,20,14,6
105900019,0,0,0
105900020,0,0,0
105900021,0,0,0
105900022,4,14,-10
105900023,0,0,0
105900024,0,0,0
105900025,0,0,0
105900026,4,1,3
105900027,0,0,0
105900028,0,17,-17
105900029,7,35,-28
105900030,15,28,-13
105900031,21,59,-38
105900032,1,20,-19
105900033,2,40,-38
105900034,9,41,-32
105900035,15,8,7
105900036,4,14,-10
105900037,9,7,2
105900038,4,25,-21
105900039,2,6,-4
105900040,4,8,-4
105900041,20,10,10
105900042,3,15,-12
105900043,16,0,16
105900044,0,9,-9
105900045,0,38,-38
105900046,0,59,-59
105900047,0,2,-2
105900048,1,39,-38
105900050,0,0,0
105900051,0,0,0
105900052,0,0,0
105900053,241,10,231
105900054,6,22,-16
105900056,0,0,0
105900057,0,0,0
105900058,0,0,0
105900059,0,0,0
106000001,214,129,85
106000002,529,989,-460
106000003,495,300,195
106000004,424,511,-87
106000005,427,381,46
106000006,1262,1168,94
106000007,152,47,105
106000008,160,160,0
106000009,76,29,47
106000010,143,261,-118
106000011,48,59,-11
106000012,198,526,-328
106000013,196,166,30
106000014,545,636,-91
106000015,80,177,-97
106000016,494,748,-254
106000017,200,168,32
106000018,303,386,-83
106000019,31,56,-25
106000020,40,195,-155
106000021,56,77,-21
106000022,95,113,-18
106000023,56,58,-2
106000024,138,223,-85
106000025,57,38,19
106000026,127,175,-48
106000027,54,84,-30
106000028,171,402,-231
106000029,481,633,-152
106000030,68,84,-16
106000034,179,180,-1
106000035,105,110,-5
106000036,36,84,-48
106000037,294,341,-47
106000038,0,0,0
106000039,0,0,0
106000040,32,254,-222
106000041,67,71,-4
106000043,0,0,0
106000046,0,0,0
106000047,5,41,-36
106000049,12,3,9
106000050,55,335,-280
106000051,2,12,-10
106000052,21,329,-308
106000053,0,0,0
106000054,73,246,-173
106000055,0,0,0
106000056,110,297,-187
106000057,0,0,0
106000058,41,92,-51
106000059,0,3,-3
106000060,112,377,-265
106000061,3,4,-1
106000062,62,296,-234
106000063,6,3,3
106000064,11,153,-142
106000065,2,6,-4
106000066,28,109,-81
106000067,4,11,-7
106000068,6,236,-230
106000069,4,10,-6
106000070,34,233,-199
106000071,15,22,-7
106000072,414,476,-62
106000073,380,246,134
106000074,47,182,-135
106000075,37,173,-136
106000076,118,367,-249
106000077,292,371,-79
106000078,111,385,-274
106000079,49,235,-186
106000080,162,301,-139
106000081,22,221,-199
106000082,457,386,71
106000083,17,247,-230
106000084,95,358,-263
106000085,59,252,-193
106000086,34,194,-160
106000087,68,254,-186
106000088,15,235,-220
106000089,75,186,-111
106000090,3,237,-234
106000091,88,178,-90
106000092,1,21,-20
106000093,0,0,0
106000094,26,71,-45
106000095,34,185,-151
106000096,12,174,-162
106000097,52,222,-170
106000098,5,242,-237
106000099,8,269,-261
106000100,16,36,-20
106000101,22,29,-7
106000102,0,182,-182
106000103,17,56,-39
106000104,66,41,25
106000105,30,101,-71
106000106,86,65,21
106000107,7,72,-65
106000108,57,34,23
106000109,5,84,-79
106000110,20,32,-12
106000111,24,76,-52
106000112,29,31,-2
106000113,61,82,-21
106000114,40,27,13
106000115,39,71,-32
106000116,33,44,-11
106000117,157,150,7
106000118,52,74,-22
106000119,395,244,151
106000120,0,0,0
106000121,1,4,-3
106000122,3,20,-17
106000123,1,9,-8
106000124,2,35,-33
106000125,3,38,-35
106000126,5,3,2
106000127,12,76,-64
106000128,0,6,-6
106000129,56,127,-71
106000130,0,0,0
106000131,13,136,-123
106000132,0,0,0
106000133,523,213,310
106000134,0,0,0
106000135,30,228,-198
106000136,0,0,0
106000137,26,385,-359
106000138,0,0,0
106000139,0,0,0
106000140,2,82,-80
106000141,9,97,-88
106000142,0,0,0
106000143,4,100,-96
106000144,0,0,0
106000145,26,214,-188
106000146,0,0,0
106000147,85,131,-46
106000148,53,125,-72
106000149,68,111,-43
106000150,54,251,-197
106000151,453,112,341
106000152,36,82,-46
106000153,10,66,-56
106000154,163,24,139
106000155,2,4,-2
106000156,41,24,17
106000157,75,308,-233
106000158,287,93,194
106000159,495,290,205
106000160,19,192,-173
106000161,206,106,100
106000162,12,83,-71
106000163,38,112,-74
106000164,10,37,-27
106000165,27,196,-169
106000166,58,73,-15
106000167,38,374,-336
106000168,18,38,-20
106000169,17,164,-147
106000170,37,37,0
106000171,7,115,-108
106000172,254,167,87
106000173,61,426,-365
106000174,19,95,-76
106000175,49,277,-228
106000176,71,46,25
106000177,64,524,-460
106000178,99,137,-38
106000179,117,393,-276
106000180,134,506,-372
106000181,40,575,-535
106000182,39,124,-85
106000183,46,137,-91
106000184,87,125,-38
106000185,34,184,-150
106000186,83,27,56
106000187,26,183,-157
106000188,0,2,-2
106000189,0,0,0
106000190,0,0,0
106000191,26,56,-30
106000192,0,26,-26
106000193,30,18,12
106000194,20,78,-58
106000195,17,8,9
106000196,3,74,-71
106000197,10,38,-28
106000198,8,79,-71
106000199,130,61,69
106000200,64,53,11
106000201,49,41,8
106000202,775,80,695
106000203,2,54,-52
106000204,0,0,0
106000205,10,49,-39
106000206,0,0,0
106000207,10,321,-311
106000208,22,0,22
106000209,13,22,-9
106000210,51,393,-342
106000211,93,588,-495
106000212,8,1,7
106000213,52,312,-260
106000214,227,39,188
106000215,14,39,-25
106000216,29,35,-6
106000217,26,41,-15
106000218,35,28,7
106000219,10,27,-17
106000220,29,39,-10
106000221,10,90,-80
106000222,0,0,0
106000223,0,0,0
106000224,20,71,-51
106000225,0,0,0
106000226,14,100,-86
106000228,2,121,-119
106000229,8,284,-276
106000231,4,5,-1
106000232,5,150,-145
106000233,2,4,-2
106000234,8,60,-52
106000235,3,2,1
106000236,7,20,-13
106000237,0,1,-1
106000238,0,0,0
106000239,0,8,-8
106000240,0,0,0
106000241,6,259,-253
106000242,8,0,8
106000249,0,0,0
106000250,7,69,-62
106000251,0,0,0
106000252,1,42,-41
106000253,0,0,0
106000254,4,16,-12
106000255,0,0,0
106000256,15,17,-2
106000257,13,61,-48
106000258,0,0,0
106000259,1,20,-19
106000260,0,0,0
106000261,0,25,-25
106000262,0,0,0
106000263,0,6,-6
106000264,0,0,0
106000265,1,31,-30
106000266,0,0,0
106000267,1,21,-20
106000268,0,0,0
106000269,22,8,14
106000270,24,135,-111
106000271,0,1,-1
106000272,23,3,20
106000273,0,0,0
106000274,24,3,21
106000275,0,1,-1
106000276,10,7,3
106000277,0,0,0
106000278,27,4,23
106000279,20,8,12
106000280,2,8,-6
106000281,28,7,21
106000282,12,8,4
106000283,2,7,-5
106000284,3,19,-16
106000285,7,9,-2
106000286,6,15,-9
106000287,1,5,-4
106000288,5,20,-15
106000289,2,9,-7
106000290,6,13,-7
106000291,1,9,-8
106000292,5,27,-22
106000293,5,4,1
106000294,10,15,-5
106000295,2,7,-5
106000296,23,13,10
106000297,15,14,1
106000298,7,1,6
106000299,17,15,2
106000300,0,14,-14
106000301,1,19,-18
106000303,0,0,0
106000304,4,1,3
106000305,0,0,0
106000306,7,7,0
106000307,0,0,0
106000308,5,22,-17
106000309,5,12,-7
106000310,22,102,-80
106000311,15,20,-5
106000312,30,36,-6
106000313,14,18,-4
106000318,11,25,-14
106000319,60,0,60
106000320,0,0,0
106000321,3,0,3
106000322,5,41,-36
106000324,0,0,0
106000325,85,27,58
106000326,217,668,-451
106000327,0,0,0
106000328,0,0,0
106000329,2,23,-21
106000330,5,40,-35
106000428,19,36,-17
106000429,27,92,-65
106000430,58,263,-205
106000431,50,77,-27
106000432,281,557,-276
106000433,164,133,31
106000434,190,86,104
106000435,584,738,-154
106000436,3,86,-83
106000437,9,0,9
106000438,1,0,1
106000439,12,81,-69
106000440,22,52,-30
106000441,0,0,0
106000442,0,0,0
106000443,5,16,-11
106000450,2,71,-69
106000451,0,0,0
106000454,0,10,-10
106000455,0,73,-73
106000456,0,0,0
106000457,8,336,-328
106000458,0,0,0
106000459,15,139,-124
106000460,0,0,0
106000461,15,544,-529
106000462,1,13,-12
106000463,0,0,0
106000464,3,157,-154
106000465,0,0,0
106000466,3,161,-158
106000467,172,162,10
106000468,0,0,0
106000469,0,0,0
106000470,73,180,-107
106000471,4,117,-113
106000472,0,0,0
106000473,4,9,-5
106000474,146,256,-110
106000475,82,67,15
106000476,17,13,4
106000477,29,57,-28
106000480,0,53,-53
106900001,0,0,0
106900002,0,0,0
106900003,0,0,0
106900004,0,0,0
106900006,0,0,0
106900007,0,0,0
106900008,0,0,0
106900009,0,0,0
106900010,0,0,0
106900012,0,0,0
106900013,0,0,0
106900014,0,0,0
106900015,0,0,0
106900016,0,0,0
106900017,0,0,0
106900018,0,0,0
106900019,0,0,0
106900020,0,0,0
106900021,0,0,0
106900022,0,0,0
106900023,0,0,0
106900024,0,0,0
106900025,0,0,0
106900026,0,0,0
106900027,0,0,0
107000001,401,462,-61
107000002,991,1881,-890
107000003,808,804,4
107000004,1720,2609,-889
107000005,228,435,-207
107000006,962,2592,-1630
107000007,674,702,-28
107000008,7727,5880,1847
107000009,414,555,-141
107000010,8346,4543,3803
107000011,406,361,45
107000012,681,888,-207
107000013,17,123,-106
107000014,12,139,-127
107000015,97,477,-380
107000016,110,494,-384
107000017,249,141,108
107000018,1,67,-66
107000020,109,45,64
107000021,143,270,-127
107000022,78,355,-277
107000023,210,109,101
107000024,63,640,-577
107000025,21,86,-65
107000026,25,214,-189
107000027,369,110,259
107000028,203,323,-120
107000029,233,128,105
107000030,303,762,-459
107000031,155,194,-39
107000032,21,42,-21
107000033,434,933,-499
107000034,574,497,77
107000035,11,4,7
107000036,39,146,-107
107000037,8,21,-13
107000038,78,118,-40
107000039,0,0,0
107000040,45,146,-101
107000041,167,86,81
107000042,127,474,-347
107000043,195,124,71
107000044,164,298,-134
107000045,29,169,-140
107000046,38,34,4
107000047,64,248,-184
107000048,66,44,22
107000049,27,246,-219
107000050,34,74,-40
107000051,65,121,-56
107000052,145,54,91
107000053,11,22,-11
107000054,28,96,-68
107000055,79,40,39
107000056,110,411,-301
107000057,249,63,186
107000058,0,0,0
107000059,305,1080,-775
107000060,47,34,13
107000061,1016,1231,-215
107000062,38,26,12
107000063,730,1529,-799
107000064,27,64,-37
107000065,810,1702,-892
107000066,24,45,-21
107000067,32,50,-18
107000068,0,0,0
107000069,0,0,0
107000070,0,4,-4
107000071,0,0,0
107000072,6,995,-989
107000073,0,0,0
107000074,44,281,-237
107000075,0,0,0
107000076,185,961,-776
107000077,0,0,0
107000078,227,1109,-882
107000079,0,0,0
107000080,189,943,-754
107000081,11,2,9
107000082,88,981,-893
107000083,4,1,3
107000084,80,828,-748
107000085,512,486,26
107000086,392,740,-348
107000087,238,285,-47
107000088,311,743,-432
107000089,77,114,-37
107000090,234,403,-169
107000091,90,94,-4
107000092,180,336,-156
107000093,64,209,-145
107000094,209,360,-151
107000095,0,0,0
107000096,224,376,-152
107000097,0,0,0
107000098,121,283,-162
107000099,0,0,0
107000100,71,152,-81
107000101,0,0,0
107000102,115,163,-48
107000103,0,0,0
107000104,44,126,-82
107000105,4,0,4
107000106,31,125,-94
107000107,8,1,7
107000108,36,225,-189
107000109,0,0,0
107000110,13,153,-140
107000111,0,0,0
107000112,4,127,-123
107000113,0,0,0
107000114,10,154,-144
107000115,0,0,0
107000116,20,298,-278
107000117,0,0,0
107000118,32,87,-55
107000119,102,36,66
107000120,264,222,42
107000121,26,10,16
107000122,144,334,-190
107000123,21,20,1
107000124,76,327,-251
107000125,32,30,2
107000126,85,461,-376
107000129,38,358,-320
107000130,0,0,0
107000131,76,239,-163
107000132,0,0,0
107000133,5,3,2
107000134,2,0,2
107000135,0,12,-12
107000136,5,0,5
107000137,2,18,-16
107000138,15,2,13
107000139,3,25,-22
107000140,74,1,73
107000141,22,57,-35
107000142,22,1,21
107000143,3,61,-58
107000144,11,5,6
107000145,9,24,-15
107000146,8,1,7
107000147,517,49,468
107000150,17,20,-3
107000151,1,4,-3
107000152,4,71,-67
107000153,14,14,0
107000154,1,5,-4
107000155,30,0,30
107000156,39,0,39
107000157,2,231,-229
107000158,11,0,11
107000159,3,110,-107
107000160,23,2,21
107000161,6,110,-104
107000162,34,12,22
107000163,0,1,-1
107000164,0,0,0
107000165,0,0,0
107000166,7,333,-326
107000167,22,31,-9
107000168,89,5,84
107000169,62,448,-386
107000170,41,15,26
107000171,50,825,-775
107000172,20,25,-5
107000173,124,286,-162
107000174,57,148,-91
107000175,1062,473,589
107000176,0,0,0
107000177,0,0,0
107000178,0,0,0
107000179,46,944,-898
107000180,0,0,0
107000181,54,356,-302
107000182,7,78,-71
107000183,22,286,-264
107000184,13,97,-84
107000185,34,434,-400
107000186,0,0,0
107000187,60,55,5
107000188,56,78,-22
107000189,17,26,-9
107000190,33,111,-78
107000191,23,80,-57
107000192,164,142,22
107000193,1,4,-3
107000194,146,151,-5
107000197,0,0,0
107000198,54,241,-187
107000199,178,199,-21
107000200,0,0,0
107000201,77,87,-10
107000202,0,0,0
107000203,174,140,34
107000204,3,2,1
107000205,1185,403,782
107000206,0,0,0
107000207,14,16,-2
107000208,25,8,17
107000209,76,4,72
107000210,140,38,102
107000211,0,0,0
107000212,0,74,-74
107000213,0,0,0
107000214,0,7,-7
107000215,5,3,2
107000216,0,33,-33
107000217,0,4,-4
107000219,1,5,-4
107000220,2,16,-14
107000222,43,178,-135
107000224,0,0,0
107000225,25,149,-124
107000226,0,0,0
107000227,8,95,-87
107000228,9,29,-20
107000229,1,3,-2
107000230,281,252,29
107000231,10,29,-19
107000232,0,0,0
107000233,19,28,-9
107000234,0,0,0
107000235,0,5,-5
107000236,12,283,-271
107000237,0,0,0
107000238,0,0,0
107000239,57,8,49
107000240,2,178,-176
107000243,0,45,-45
107000244,3,69,-66
107000246,0,455,-455
107000249,1,213,-212
107000251,0,57,-57
107000252,1,353,-352
107000255,30,18,12
107000257,0,45,-45
107000258,0,7,-7
107000259,0,24,-24
107000260,0,0,0
107000262,0,67,-67
107000263,0,0,0
107000266,0,0,0
107000267,5,5,0
107000268,5,6,-1
107000269,0,2,-2
107000270,0,0,0
107000271,0,134,-134
107000272,0,40,-40
107000273,1,34,-33
107000274,10,15,-5
107000275,10,63,-53
107000280,7,0,7
107000281,2,77,-75
107000282,1,187,-186
107000290,0,17,-17
107000291,0,0,0
107000292,1,8,-7
107000293,0,0,0
107000294,0,16,-16
107000295,0,0,0
107000296,0,0,0
107000444,3,0,3
107000496,0,0,0
107000497,184,1039,-855
107000500,0,0,0
107000501,0,0,0
107000502,0,0,0
107000505,86,313,-227
107000506,0,2,-2
107000508,0,168,-168
107000509,16,17,-1
107000510,0,0,0
107000514,0,13,-13
107000515,1,16,-15
107000516,0,0,0
107000518,0,0,0
107000519,223,562,-339
107000520,0,0,0
107000521,194,231,-37
107000522,2,88,-86
107900001,0,0,0
107900002,0,0,0
107900003,4,0,4
107900004,0,0,0
107900005,37,3,34
107900006,0,1,-1
107900007,14,4,10
107900008,2,13,-11
107900009,0,0,0
107900010,0,0,0
107900012,7,0,7
107900013,16,4,12
107900014,0,0,0
107900015,31,1,30
107900016,8,5,3
107900017,0,0,0
107900018,1,1,0
107900019,0,7,-7
107900020,0,0,0
107900021,0,12,-12
107900023,0,0,0
107900024,0,0,0
107900025,7,5,2
107900026,2,15,-13
107900027,0,0,0
107900028,0,3,-3
107900030,5,1,4
107900031,4,24,-20
107900032,0,0,0
107900033,0,0,0
107900034,20,0,20
107900035,28,1,27
107900036,0,0,0
107900037,0,0,0
107900038,14,8,6
107900039,0,8,-8
107900040,0,0,0
107900041,0,0,0
107900043,0,10,-10
107900044,0,0,0
107900045,10,0,10
107900046,5,3,2
107900047,0,0,0
107900048,2,0,2
107900049,24,12,12
107900050,19,19,0
107900051,7,2,5
107900052,0,0,0
107900053,1,6,-5
107900055,23,31,-8
107900056,1,0,1
107900057,0,0,0
107900058,0,66,-66
107900060,0,0,0
107900061,0,0,0
107900063,2,10,-8
107900064,7,3,4
107900065,3,0,3
107900066,0,0,0
107900067,0,0,0
107900068,3,5,-2
107900069,0,8,-8
107900070,1,1,0
107900071,2,105,-103
107900072,0,11,-11
107900073,0,0,0
107900074,0,0,0
107900076,4,5,-1
107900077,0,0,0
107900079,0,0,0
107900080,3,7,-4
107900081,0,0,0
107900082,0,0,0
107900083,29,16,13
107900084,2,14,-12
107900086,11,6,5
107900087,30,2,28
107900088,0,0,0
107900089,19,32,-13
107900090,24,24,0
107900091,2,37,-35
107900093,0,0,0
107900095,166,54,112
107900097,0,9,-9
107900098,3,4,-1
107900100,137,57,80
107900101,108,18,90
107900102,0,0,0
107900103,6,14,-8
107900104,0,1,-1
107900105,0,93,-93
107900106,2,381,-379
107900107,108,25,83
107900108,6,1,5
107900109,0,0,0
107900110,0,17,-17
107900111,4,182,-178
107900112,5,46,-41
107900113,0,0,0
107900114,0,29,-29
107900115,0,0,0
107900116,0,22,-22
107900117,10,36,-26
107900118,12,9,3
107900119,0,11,-11
107900120,0,0,0
107900121,0,2,-2
107900122,0,1,-1
107900123,1,7,-6
107900124,0,3,-3
107900125,1,50,-49
107900126,0,10,-10
107900127,65,5,60
107900128,1,1,0
107900129,0,3,-3
107900130,0,0,0
107900131,8,2,6
107900132,17,38,-21
107900133,0,3,-3
107900134,0,0,0
107900135,0,33,-33
107900136,20,2,18
107900137,3,2,1
107900138,3,3,0
107900139,0,0,0
107900141,1,4,-3
107900142,5,107,-102
107900143,1,6,-5
107900144,0,27,-27
107900145,2,15,-13
107900146,0,1,-1
107900147,2,0,2
107900148,6,21,-15
107900149,165,13,152
107900150,7,66,-59
107900151,0,24,-24
107900152,3,29,-26
107900153,6,2,4
107900154,0,0,0
107900155,0,0,0
107900156,0,0,0
107900157,1,24,-23
107900158,31,4,27
107900159,4,98,-94
107900160,0,45,-45
107900161,0,60,-60
107900162,0,13,-13
107900163,0,1,-1
107900164,0,20,-20
107900165,2,3,-1
107900166,0,80,-80
107900167,0,0,0
107900168,0,5,-5
107900169,0,29,-29
107900171,1,184,-183
107900172,1,65,-64
107900173,0,49,-49
107900174,1,0,1
107900175,0,0,0
107900176,0,9,-9
107900177,0,24,-24
107900178,0,46,-46
107900179,0,19,-19
107900180,21,5,16
107900181,92,65,27
107900182,1,241,-240
107900183,0,67,-67
107900184,0,1,-1
107900185,1,1,0
107900186,1,5,-4
107900187,0,40,-40
107900188,109,5,104
107900189,2,5,-3
107900190,14,0,14
107900191,0,28,-28
107900193,0,19,-19
107900194,9,0,9
107900195,380,24,356
107900196,0,0,0
107900197,10,0,10
107900199,0,157,-157
107900201,9,32,-23
107900203,1,40,-39
107900204,49,46,3
107900206,5,3,2
107900207,0,193,-193
107900208,0,86,-86
107900209,31,20,11
107900210,36,4,32
107900213,53,41,12
107900214,1,42,-41
107900215,22,61,-39
107900216,6,0,6
107900217,0,0,0
107900218,6,184,-178
107900219,0,13,-13
107900220,28,6,22
107900221,47,71,-24
107900223,0,0,0
107900224,22,65,-43
107900225,1,78,-77
107900226,0,13,-13
107900227,8,106,-98
107900228,0,31,-31
107900229,0,88,-88
107900230,0,10,-10
107900231,0,0,0
107900232,3,35,-32
107900233,0,17,-17
107900234,4,30,-26
107900235,9,20,-11
107900236,4,40,-36
107900237,18,111,-93
107900238,0,0,0
107900239,162,78,84
107900240,0,20,-20
107900241,3,6,-3
107900242,0,54,-54
107900243,0,1,-1
107900244,0,0,0
107900245,3,0,3
107900246,0,0,0
107900248,10,74,-64
107900249,0,0,0
107900250,0,93,-93
107900251,1,160,-159
107900252,0,0,0
107900253,0,0,0
107900254,0,4,-4
107900255,77,3,74
107900256,6,51,-45
107900257,2,1,1
107900258,0,22,-22
107900259,0,7,-7
107900261,0,80,-80
107900262,0,0,0
107900264,0,0,0
107900265,1,9,-8
107900267,3,0,3
107900268,0,0,0
107900269,0,0,0
107900270,0,0,0
107900271,0,0,0
107900272,0,0,0
107900273,0,14,-14
107900274,0,0,0
107900275,0,0,0
107900276,0,10,-10
107900277,0,50,-50
107900278,0,20,-20
107900279,15,4,11
107900280,1,24,-23
107900281,119,86,33
107900282,4,9,-5
107900283,24,13,11
107900284,31,175,-144
107900285,2,19,-17
107900286,7,5,2
107900287,1,3,-2
107900290,0,16,-16
107900291,18,0,18
107900292,6,38,-32
107900293,2,29,-27
107900295,0,9,-9
107900297,1,49,-48
107900298,46,76,-30
107900299,594,108,486
107900301,9,31,-22
107900302,6,1,5
107900303,9,45,-36
107900304,6,117,-111
107900305,5,1,4
107900306,0,0,0
107900307,11,96,-85
107900308,16,1,15
107900309,0,0,0
107900310,0,0,0
107900311,0,3,-3
107900312,0,0,0
107900313,0,5,-5
107900314,0,3,-3
107900315,0,4,-4
107900316,2,0,2
107900317,1,0,1
107900318,0,7,-7
107900319,0,34,-34
107900320,0,35,-35
107900321,1,0,1
107900322,0,20,-20
107900323,0,26,-26
107900324,1,0,1
107900325,1,0,1
107900326,1,131,-130
107900327,1,0,1
107900328,0,0,0
107900329,0,0,0
107900330,0,37,-37
107900331,2,0,2
107900332,1,1,0
107900333,1,0,1
107900334,1,31,-30
107900335,25,21,4
107900336,0,7,-7
107900337,145,15,130
107900338,0,39,-39
107900339,0,9,-9
107900340,0,1,-1
107900341,0,0,0
107900342,17,31,-14
107900343,3,0,3
107900344,0,15,-15
107900345,0,5,-5
107900346,0,0,0
107900347,0,0,0
107900348,0,0,0
107900349,0,0,0
107900350,16,57,-41
107900351,0,27,-27
107900352,0,10,-10
107900353,1,0,1
107900354,1,14,-13
108000001,493,532,-39
108000002,1063,1854,-791
108000003,368,290,78
108000004,5198,7192,-1994
108000005,350,307,43
108000006,1143,2803,-1660
108000007,391,472,-81
108000008,1310,2665,-1355
108000009,200,523,-323
108000010,650,2415,-1765
108000011,1483,909,574
108000012,5935,6594,-659
108000014,17,62,-45
108000015,6,53,-47
108000016,70,434,-364
108000017,18,62,-44
108000018,2,45,-43
108000019,1,73,-72
108000020,0,0,0
108000021,126,701,-575
108000022,85,373,-288
108000023,0,0,0
108000024,13,147,-134
108000025,12,75,-63
108000026,14,118,-104
108000027,10,239,-229
108000028,5,75,-70
108000029,18,277,-259
108000030,6,69,-63
108000031,15,239,-224
108000032,0,0,0
108000033,115,425,-310
108000034,0,0,0
108000035,189,1177,-988
108000036,82,395,-313
108000037,91,18,73
108000038,41,19,22
108000039,92,645,-553
108000040,33,14,19
108000041,159,862,-703
108000042,1,67,-66
108000043,11,158,-147
108000044,2,44,-42
108000045,18,396,-378
108000046,0,0,0
108000047,69,473,-404
108000048,29,258,-229
108000049,24,26,-2
108000050,11,174,-163
108000051,26,13,13
108000052,67,207,-140
108000053,21,25,-4
108000054,46,186,-140
108000055,30,18,12
108000056,163,324,-161
108000057,13,90,-77
108000058,18,222,-204
108000059,684,413,271
108000060,0,10,-10
108000061,78,164,-86
108000062,13,12,1
108000063,22,168,-146
108000064,0,0,0
108000065,69,164,-95
108000066,214,68,146
108000067,64,65,-1
108000068,0,0,0
108000069,50,541,-491
108000070,0,0,0
108000071,92,767,-675
108000072,0,0,0
108000073,212,713,-501
108000074,0,0,0
108000075,30,287,-257
108000076,0,0,0
108000077,135,297,-162
108000078,23,24,-1
108000079,385,715,-330
108000080,3,8,-5
108000081,89,816,-727
108000082,168,436,-268
108000083,16,11,5
108000084,45,340,-295
108000085,1,2,-1
108000086,115,170,-55
108000087,0,24,-24
108000088,14,0,14
108000089,22,17,5
108000091,27,223,-196
108000092,0,2,-2
108000093,52,302,-250
108000094,0,0,0
108000095,52,179,-127
108000096,0,0,0
108000097,39,212,-173
108000098,39,74,-35
108000099,46,24,22
108000100,16,23,-7
108000101,0,2,-2
108000102,91,199,-108
108000106,0,0,0
108000107,0,174,-174
108000108,0,0,0
108000109,1,175,-174
108000110,15,47,-32
108000111,64,483,-419
108000112,0,0,0
108000113,19,32,-13
108000115,34,35,-1
108000117,72,40,32
108000118,8,83,-75
108000119,74,182,-108
108000120,3,97,-94
108000121,1,184,-183
108000122,18,41,-23
108000123,4,0,4
108000124,20,310,-290
108000125,2,1,1
108000126,18,275,-257
108000127,3,2,1
108000128,49,376,-327
108000129,37,672,-635
108000130,2,2,0
108000131,10,3,7
108000132,193,323,-130
108000133,0,5,-5
108000134,134,560,-426
108000135,12,3,9
108000136,44,687,-643
108000137,2,1,1
108000138,25,101,-76
108000139,0,4,-4
108000140,51,4,47
108000141,3,41,-38
108000142,29,74,-45
108000143,6,71,-65
108000144,4,3,1
108000145,7,68,-61
108000146,11,1,10
108000147,2,52,-50
108000148,6,1,5
108000149,5,15,-10
108000150,4,1,3
108000151,11,3,8
108000152,16,60,-44
108000153,2,12,-10
108000154,12,10,2
108000155,3,11,-8
108000156,65,23,42
108000157,8,19,-11
108000158,29,108,-79
108000159,34,3,31
108000160,296,159,137
108000161,172,158,14
108000165,0,0,0
108000172,0,0,0
108000173,261,16,245
108000175,0,45,-45
108000178,113,147,-34
108000179,0,0,0
108000181,1,4,-3
108000182,14,1,13
108000183,2,57,-55
108000184,46,121,-75
108000185,3,153,-150
108000186,6,31,-25
108000187,4,101,-97
108000188,6,13,-7
108000189,41,60,-19
108000190,6,55,-49
108000192,16,122,-106
108000193,134,0,134
108000194,0,5,-5
108000195,2,613,-611
108000196,0,18,-18
108000198,100,90,10
108000199,1,72,-71
108000200,13,46,-33
108000203,4,186,-182
108000204,8,4,4
108000205,92,34,58
108000339,32,30,2
108000364,52,29,23
108000365,0,23,-23
108000367,5,16,-11
108000368,8,18,-10
108000369,157,30,127
108000371,2,219,-217
108000372,0,0,0
108000373,0,0,0
108000376,16,0,16
108000377,7,1,6
108000378,1809,931,878
108000379,7,38,-31
108000381,0,0,0
108000382,0,0,0
108000383,0,31,-31
108900001,13,50,-37
108900002,1,1,0
108900003,20,57,-37
108900004,80,27,53
108900007,8,8,0
108900008,1,12,-11
108900009,3,11,-8
108900010,4,20,-16
108900011,6,29,-23
108900012,5,33,-28
108900013,2,25,-23
108900014,0,6,-6
108900015,0,0,0
108900016,0,40,-40
108900017,2,0,2
108900018,9,60,-51
108900019,0,157,-157
108900020,3,18,-15
108900021,3,27,-24
108900022,0,0,0
108900023,0,5,-5
108900024,0,8,-8
108900025,0,0,0
108900026,7,7,0
108900027,0,29,-29
108900028,2,53,-51
108900029,0,17,-17
108900030,0,19,-19
108900031,2,43,-41
108900032,0,20,-20
108900033,0,5,-5
108900034,0,6,-6
108900035,3,204,-201
108900038,0,48,-48
108900039,1,26,-25
108900040,0,4,-4
108900041,279,50,229
108900042,0,21,-21
108900043,2,27,-25
108900044,0,113,-113
108900045,0,35,-35
108900046,0,93,-93
108900047,1,14,-13
108900048,5,40,-35
108900049,207,17,190
108900050,0,21,-21
108900051,0,29,-29
108900052,0,45,-45
108900053,0,7,-7
108900054,0,11,-11
108900055,4,54,-50
108900056,0,26,-26
108900057,0,26,-26
108900058,3,54,-51
108900059,7,0,7
108900060,0,0,0
108900061,0,0,0
108900062,1,58,-57
108900063,0,15,-15
108900064,0,2,-2
108900065,0,14,-14
108900066,0,0,0
108900067,1,33,-32
108900068,0,10,-10
108900069,0,10,-10
108900070,1,3,-2
108900071,0,0,0
108900072,2,0,2
108900073,0,17,-17
108900074,2,17,-15
108900075,1,6,-5
108900076,0,0,0
108900077,14,26,-12
108900078,0,9,-9
108900079,17,3,14
108900080,0,0,0
108900081,9,31,-22
108900082,0,4,-4
108900083,0,0,0
108900085,66,2,64
108900086,3,16,-13
108900087,3,4,-1
108900088,0,0,0
108900089,0,0,0
108900090,0,9,-9
108900091,3,4,-1
108900092,0,2,-2
108900093,0,0,0
108900094,5,2,3
108900095,3,16,-13
108900096,12,0,12
108900097,1,97,-96
108900098,0,0,0
108900099,1,53,-52
108900100,0,8,-8
108900101,0,0,0
108900102,2,13,-11
108900103,0,0,0
108900105,0,0,0
108900106,0,64,-64
108900108,0,0,0
108900109,0,0,0
108900110,1,42,-41
108900111,1,70,-69
108900113,0,0,0
108900114,0,0,0
108900115,0,0,0
108900116,0,0,0
108900117,0,0,0
108900118,0,0,0
108900119,0,0,0
108900120,0,0,0
108900121,0,0,0
108900122,0,0,0
108900123,0,0,0
108900124,1,0,1
108900125,0,0,0
108900126,0,0,0
108900127,0,0,0
108900128,0,0,0
108900129,0,0,0
108900130,0,0,0
108900131,2,0,2
108900132,0,0,0
108900133,0,0,0
108900134,0,0,0
108900135,0,0,0
108900136,0,0,0
108900137,1,0,1
108900138,0,0,0
108900140,0,0,0
108900141,0,0,0
108900142,0,0,0
108900143,0,0,0
108900144,0,0,0
108900145,0,0,0
108900146,0,0,0
108900147,0,0,0
108900148,0,0,0
108900150,0,1,-1
108900151,0,0,0
108900152,0,0,0
108900153,0,29,-29
108900154,0,1,-1
108900156,0,0,0
108900157,0,28,-28
108900158,0,0,0
108900159,0,11,-11
108900160,1,23,-22
108900161,1,51,-50
108900162,0,0,0
108900163,0,0,0
108900164,7,3,4
108900168,422,28,394
108900169,2,4,-2
108900171,164,122,42
108900172,0,0,0
108900173,10,12,-2
108900174,0,0,0
108900176,6,29,-23
108900177,516,49,467
108900178,158,12,146
108900180,0,0,0
108900183,13,12,1
108900184,0,0,0
108900185,1,20,-19
108900186,0,36,-36
108900189,0,0,0
108900190,6,260,-254
108900192,1,28,-27
108900195,1,27,-26
108900196,0,44,-44
108900199,4,32,-28
108900200,29,33,-4
108900201,10,86,-76
108900203,1,0,1
108900204,5,0,5
108900205,0,0,0
108900206,0,0,0
108900207,0,0,0
108900208,6,22,-16
108900209,17,69,-52
108900210,6,15,-9
108900211,1,2,-1
108900212,23,32,-9
108900215,3,58,-55
108900216,0,2,-2
108900217,0,0,0
108900218,0,0,0
108900221,5,4,1
108900224,5,8,-3
108900225,0,48,-48
108900227,0,0,0
108900230,7,9,-2
108900232,0,29,-29
108900233,0,0,0
108900234,0,0,0
108900235,6,42,-36
108900236,0,16,-16
108900240,0,4,-4
108900241,0,0,0
108900245,0,2,-2
108900250,0,10,-10
108900258,0,13,-13
108900259,1,3,-2
108900260,0,5,-5
108900261,7,4,3
108900262,3,2,1
108900263,0,0,0
108900264,0,0,0
108900265,0,0,0
108900266,0,0,0
108900267,0,0,0
108900268,0,0,0
108900269,0,0,0
108900270,0,0,0
108900271,0,0,0
108900272,0,0,0
108900273,0,0,0
108900274,3,11,-8
109000001,386,103,283
109000002,1676,439,1237
109000003,285,76,209
109000004,314,1179,-865
109000005,181,92,89
109000006,292,1029,-737
109000007,134,124,10
109000008,174,745,-571
109000009,470,165,305
109000010,514,1701,-1187
109000011,333,206,127
109000012,632,1727,-1095
109000013,415,199,216
109000014,370,1921,-1551
109000015,543,330,213
109000016,1564,2396,-832
109000017,234,197,37
109000018,312,2054,-1742
109000019,328,163,165
109000020,532,1021,-489
109000023,0,0,0
109000024,0,25,-25
109000025,118,43,75
109000026,50,37,13
109000027,19,48,-29
109000028,9,13,-4
109000029,66,20,46
109000030,13,117,-104
109000031,0,0,0
109000032,9,122,-113
109000033,0,0,0
109000034,3,2,1
109000035,0,0,0
109000036,30,130,-100
109000037,8,14,-6
109000038,235,78,157
109000039,58,13,45
109000040,240,65,175
109000041,690,235,455
109000042,56,185,-129
109000044,1,16,-15
109000045,20,170,-150
109000046,0,12,-12
109000047,22,305,-283
109000048,7,0,7
109000049,65,373,-308
109000050,1,3,-2
109000051,130,168,-38
109000052,23,164,-141
109000053,0,1,-1
109000054,9,75,-66
109000055,4,20,-16
109000056,14,63,-49
109000057,25,21,4
109000058,119,21,98
109000059,23,142,-119
109000060,26,6,20
109000061,185,60,125
109000062,12,7,5
109000063,37,38,-1
109000064,1,0,1
109000065,9,48,-39
109000066,1,0,1
109000067,4,57,-53
109000068,0,1,-1
109000069,0,0,0
109000070,2,209,-207
109000071,115,22,93
109000072,2,44,-42
109000073,15,32,-17
109000074,2,31,-29
109000075,29,315,-286
109000076,3,13,-10
109000077,37,52,-15
109000078,3,13,-10
109000079,10,49,-39
109000080,3,16,-13
109000081,2,96,-94
109000082,12,68,-56
109000083,12,150,-138
109000088,13,49,-36
109000089,6,2,4
109000090,42,72,-30
109000091,26,6,20
109000092,34,133,-99
109000093,33,1,32
109000094,8,1,7
109000095,7,163,-156
109000096,21,1,20
109000097,5,13,-8
109000098,0,0,0
109000099,40,34,6
109000100,16,178,-162
109000101,69,83,-14
109000102,35,337,-302
109000103,32,96,-64
109000104,81,44,37
109000105,40,617,-577
109000106,98,48,50
109000107,31,535,-504
109000108,74,66,8
109000109,82,505,-423
109000110,101,94,7
109000111,224,540,-316
109000112,18,31,-13
109000113,36,98,-62
109000114,2,45,-43
109000115,46,18,28
109000116,1,78,-77
109000117,6,14,-8
109000118,1,103,-102
109000119,22,23,-1
109000120,10,338,-328
109000121,10,11,-1
109000122,5,380,-375
109000123,1,12,-11
109000124,30,58,-28
109000125,26,87,-61
109000126,41,385,-344
109000127,25,39,-14
109000128,46,687,-641
109000129,7,23,-16
109000130,117,838,-721
109000131,79,35,44
109000132,167,414,-247
109000133,40,339,-299
109000134,94,688,-594
109000135,185,435,-250
109000136,10,15,-5
109000137,27,38,-11
109000138,12,16,-4
109000139,24,70,-46
109000140,1,28,-27
109000141,16,126,-110
109000142,6,61,-55
109000143,11,5,6
109000145,31,39,-8
109000146,0,3,-3
109000148,683,52,631
109000149,25,7,18
109000150,0,0,0
109000155,39,161,-122
109000156,190,118,72
109000158,5,111,-106
109000159,10,94,-84
109000160,113,103,10
109000161,12,231,-219
109000162,165,262,-97
109000163,43,160,-117
109000164,157,560,-403
109000165,50,150,-100
109000166,43,47,-4
109000167,25,121,-96
109000170,0,0,0
109000171,0,0,0
109000172,0,0,0
109000173,1,2,-1
109000174,0,0,0
109000175,0,0,0
109000176,20,90,-70
109000177,0,0,0
109000178,13,23,-10
109000179,618,166,452
109000180,989,384,605
109000181,4,12,-8
109000182,5,10,-5
109000183,3,15,-12
109000184,4,11,-7
109000185,1,13,-12
109000188,4,97,-93
109000189,72,111,-39
109000190,88,229,-141
109000191,0,0,0
109000192,2,15,-13
109000193,16,54,-38
109000194,1,14,-13
109000195,5,55,-50
109000196,3,8,-5
109000197,8,94,-86
109000198,3,5,-2
109000199,7,91,-84
109000206,27,15,12
109000207,10,5,5
109000208,17,5,12
109000209,3,14,-11
109000210,29,72,-43
109000211,19,22,-3
109000214,20,36,-16
109000215,1,1,0
109000216,16,11,5
109000217,25,3,22
109000218,24,12,12
109000221,11,146,-135
109000222,22,3,19
109000223,29,76,-47
109000224,1,17,-16
109000225,1,7,-6
109000226,8,73,-65
109000227,42,100,-58
109000228,1,114,-113
109000231,0,106,-106
109000232,7,61,-54
109000236,29,357,-328
109000241,176,335,-159
109000242,55,124,-69
109000293,0,0,0
109000361,4,17,-13
109000364,10,55,-45
109000396,0,215,-215
109000397,20,2,18
109000399,41,77,-36
109000400,15,104,-89
109000403,4,9,-5
109000406,8,2,6
109000407,11,20,-9
109000408,1,114,-113
109000410,151,60,91
109000411,0,0,0
109900001,0,0,0
109900002,0,0,0
109900003,0,0,0
109900004,16,12,4
109900005,0,0,0
109900006,0,28,-28
109900007,0,104,-104
109900008,0,7,-7
109900009,5,130,-125
109900010,0,0,0
109900011,2,2,0
109900012,5,8,-3
109900013,15,6,9
109900014,14,1,13
109900015,13,12,1
109900016,1,15,-14
109900017,2,16,-14
109900018,8,28,-20
109900019,16,14,2
109900020,1,6,-5
109900021,0,0,0
109900022,0,25,-25
109900023,0,0,0
109900024,0,0,0
109900025,0,5,-5
109900026,1,17,-16
109900027,0,1,-1
109900028,153,18,135
109900029,0,40,-40
109900030,0,0,0
109900031,0,15,-15
109900032,0,30,-30
109900033,0,0,0
109900034,1,0,1
109900035,2,2,0
109900036,0,17,-17
109900037,0,74,-74
109900038,0,0,0
109900039,0,0,0
109900040,1,95,-94
109900041,2,61,-59
109900042,0,57,-57
109900044,2,18,-16
109900045,6,0,6
109900046,0,6,-6
109900047,13,39,-26
109900048,6,7,-1
109900049,0,4,-4
109900050,1,54,-53
109900051,0,5,-5
109900052,3,27,-24
109900053,0,59,-59
109900054,0,0,0
109900055,0,26,-26
109900056,0,0,0
109900057,0,15,-15
109900058,0,8,-8
109900059,0,0,0
109900060,0,0,0
109900061,20,65,-45
109900062,0,20,-20
109900063,0,22,-22
109900064,7,9,-2
109900065,12,11,1
109900066,15,122,-107
109900067,1,34,-33
109900068,0,0,0
109900069,1,7,-6
109900070,14,27,-13
109900071,0,1,-1
109900072,2,19,-17
109900073,0,47,-47
109900074,0,9,-9
109900075,0,0,0
109900076,4,198,-194
109900077,3,14,-11
109900078,3,24,-21
109900080,3,32,-29
109900081,0,5,-5
109900082,1,50,-49
109900083,0,16,-16
109900084,0,8,-8
109900085,2,63,-61
109900086,0,0,0
109900087,9,44,-35
109900089,0,0,0
109900090,11,47,-36
109900091,0,0,0
109900092,0,0,0
109900093,0,0,0
109900094,2,8,-6
109900095,0,9,-9
109900096,0,0,0
109900097,0,0,0
109900098,0,0,0
109900099,0,0,0
109900100,0,0,0
109900101,0,0,0
109900102,0,0,0
109900103,0,5,-5
109900104,0,216,-216
109900105,0,0,0
109900106,0,0,0
109900107,0,0,0
109900108,6,105,-99
109900109,1,21,-20
109900110,1,24,-23
109900111,4,76,-72
109900112,14,57,-43
109900113,0,0,0
109900114,0,0,0
109900115,0,0,0
109900117,0,0,0
109900118,6,39,-33
109900119,72,46,26
109900120,1,0,1
109900121,8,15,-7
109900122,0,0,0
109900123,0,22,-22
109900124,0,38,-38
109900125,0,19,-19
109900126,1,11,-10
109900128,0,0,0
109900130,289,3,286
109900131,0,0,0
109900132,0,0,0
109900133,0,0,0
109900134,0,0,0
109900135,36,3,33
109900136,1,26,-25
109900137,0,0,0
109900140,7,31,-24
109900142,42,30,12
109900145,0,8,-8
109900146,6,1,5
109900148,3,16,-13
109900149,3,2,1
109900150,2,8,-6
109900151,0,6,-6
109900152,0,1,-1
109900153,0,11,-11
109900154,0,0,0
109900155,0,0,0
109900157,2,14,-12
109900158,7,26,-19
109900159,12,1,11
109900160,12,2,10
109900161,0,5,-5
109900162,3,6,-3
109900163,17,5,12
109900164,3,47,-44
109900165,5,0,5
109900166,0,13,-13
109900167,5,84,-79
109900168,2,105,-103
109900169,9,34,-25
109900170,14,30,-16
109900171,2,7,-5
109900172,15,19,-4
109900173,434,59,375
109900174,1,10,-9
109900175,7,21,-14
109900176,18,23,-5
109900177,7,47,-40
109900178,0,12,-12
109900179,0,0,0
109900180,0,0,0
110000001,172,244,-72
110000002,85,67,18
110000003,1469,375,1094
110000004,212,87,125
110000005,445,179,266
110000006,99,165,-66
110000007,1,14,-13
110000008,2,29,-27
110000009,0,0,0
110000010,8,17,-9
110000011,0,7,-7
110000012,199,139,60
110000013,10,44,-34
110000014,189,51,138
110000015,2,15,-13
110000016,84,108,-24
110000017,65,26,39
110000018,325,79,246
110000019,7,23,-16
110000020,56,42,14
110000021,31,11,20
110000022,19,3,16
110000023,0,31,-31
110000024,149,175,-26
110000025,18,1,17
110000026,0,86,-86
110000027,76,49,27
110000028,10,24,-14
110000029,121,208,-87
110000030,2,12,-10
110000031,43,165,-122
110000032,8,6,2
110000033,5,2,3
110000034,84,204,-120
110000035,19,78,-59
110000036,34,148,-114
110000037,5,42,-37
110000038,66,124,-58
110000039,67,70,-3
110000040,43,91,-48
110000041,0,0,0
110000042,10,42,-32
110000043,0,0,0
110000044,0,4,-4
110000045,0,0,0
110000046,1,1,0
110000047,0,0,0
110000048,0,1,-1
110000049,0,0,0
110000050,1,4,-3
110000051,0,0,0
110000052,0,0,0
110000053,0,0,0
110000054,4,22,-18
110000055,0,0,0
110000056,0,0,0
110000057,72,265,-193
110000058,31,29,2
110000059,187,370,-183
110000060,47,88,-41
110000061,398,499,-101
110000062,270,145,125
110000063,5,38,-33
110000064,0,0,0
110000065,6,17,-11
110000066,8,15,-7
110000067,0,0,0
110000068,0,0,0
110000069,4,36,-32
110000071,3,24,-21
110000073,0,4,-4
110000075,0,47,-47
110000076,19,3,16
110000077,35,15,20
110000078,0,3,-3
110000080,31,300,-269
110000081,2,57,-55
110000082,7,61,-54
110000083,65,222,-157
110000084,55,63,-8
110000085,1001,435,566
110000086,63,215,-152
110000087,2,19,-17
110000088,0,125,-125
110000089,3,17,-14
110000090,4,52,-48
110000091,268,95,173
110000092,0,11,-11
110000093,42,0,42
110000094,67,184,-117
110000095,20,102,-82
110000096,635,487,148
110000097,219,202,17
110000098,99,69,30
110000099,114,394,-280
110000100,6,131,-125
110000101,2,88,-86
110000102,23,5,18
110000104,11,4,7
110000105,5,30,-25
110000106,26,20,6
110000107,17,29,-12
110000108,105,0,105
110000109,27,223,-196
110000110,726,172,554
110000111,1866,590,1276
110000112,126,37,89
110000113,80,77,3
110000114,9,31,-22
110000115,12,15,-3
110000116,25,4,21
110000117,6,90,-84
110000118,33,22,11
110000119,12,84,-72
110000120,52,17,35
110000121,10,67,-57
110000122,52,205,-153
110000123,37,41,-4
110000124,1,406,-405
110000125,0,0,0
110000126,0,0,0
110000127,0,0,0
110000128,8,427,-419
110000129,4,244,-240
110000130,0,0,0
110000131,33,183,-150
110000132,1,265,-264
110000133,25,68,-43
110000134,3,66,-63
110000135,0,0,0
110000136,7,78,-71
110000137,2,50,-48
110000138,51,150,-99
110000139,21,90,-69
110000140,0,0,0
110000143,31,35,-4
110000144,824,229,595
110000145,226,105,121
110000146,246,144,102
110000147,20,171,-151
110000148,0,0,0
110000151,34,31,3
110000152,71,79,-8
110000153,1,25,-24
110000154,1,4,-3
110000155,411,849,-438
110000156,109,559,-450
110000157,247,606,-359
110000160,50,65,-15
110000161,21,70,-49
110000166,3,4,-1
110000167,60,70,-10
110000168,97,40,57
110000169,22,27,-5
110000170,4,12,-8
110000171,40,23,17
110000172,26,299,-273
110000173,188,378,-190
110000174,14,273,-259
110000175,0,0,0
110000176,0,0,0
110000177,6,28,-22
110000178,311,135,176
110000179,218,81,137
110000180,20,93,-73
110000181,22,108,-86
110000182,104,91,13
110000183,838,495,343
110000184,65,127,-62
110000185,96,310,-214
110000186,179,157,22
110000191,4,115,-111
110000192,1,0,1
110000193,25,0,25
110000194,2,268,-266
110000195,2,22,-20
110000196,35,67,-32
110000197,0,9,-9
110000198,2,3,-1
110000199,6,42,-36
110000200,84,141,-57
110000201,35,68,-33
110000202,75,76,-1
110000203,47,202,-155
110000204,1,39,-38
110000205,3,12,-9
110000206,15,228,-213
110000207,17,54,-37
110000208,7,12,-5
110000209,33,217,-184
110000210,0,0,0
110000211,0,0,0
110000212,38,99,-61
110000213,1,4,-3
110000214,3,13,-10
110000215,12,154,-142
110000216,4,119,-115
110000217,7,20,-13
110000218,6,142,-136
110000219,10,3,7
110000220,7,75,-68
110000221,9,5,4
110000222,9,60,-51
110000223,0,2,-2
110000224,3,2,1
110000225,24,164,-140
110000226,2,6,-4
110000227,41,80,-39
110000228,11,3,8
110000229,1,60,-59
110000230,57,100,-43
110000231,15,23,-8
110000232,13,117,-104
110000233,3,45,-42
110000234,10,60,-50
110000235,32,101,-69
110000236,139,378,-239
110000237,374,408,-34
110000238,53,234,-181
110000239,108,385,-277
110000240,2,40,-38
110000242,0,29,-29
110000243,18,46,-28
110000244,5,109,-104
110000245,3,141,-138
110000246,20,93,-73
110000247,114,465,-351
110000248,16,210,-194
110000249,0,0,0
110000250,0,19,-19
110000251,4,33,-29
110000252,17,43,-26
110000253,33,29,4
110000254,141,266,-125
110000255,18,236,-218
110000256,13,5,8
110000257,66,241,-175
110000258,1,45,-44
110000259,9,5,4
110000260,2,53,-51
110000263,82,20,62
110000264,6,62,-56
110000265,370,298,72
110000266,303,375,-72
110000267,2,55,-53
110000268,1,18,-17
110000269,2,17,-15
110000270,0,0,0
110000271,21,4,17
110000272,117,428,-311
110000273,277,472,-195
110000274,18,135,-117
110000275,378,113,265
110000276,19,61,-42
110000277,18,31,-13
110000278,50,163,-113
110000279,2,106,-104
110000280,3,78,-75
110000281,3,36,-33
110000282,1,14,-13
110000283,0,2,-2
110000284,0,3,-3
110000285,0,68,-68
110000286,0,0,0
110000287,0,0,0
110000288,1,23,-22
110000289,38,367,-329
110000290,232,271,-39
110000291,436,337,99
110000292,229,403,-174
110000293,18,184,-166
110000294,54,178,-124
110000295,4,108,-104
110000296,16,125,-109
110000297,236,108,128
110000298,82,113,-31
110000299,0,0,0
110000301,0,0,0
110000302,28,265,-237
110000303,0,0,0
110000304,24,80,-56
110000305,9,0,9
110000306,21,579,-558
110000307,6,0,6
110000308,0,0,0
110000309,1,362,-361
110000310,19,7,12
110000311,1,230,-229
110000312,23,1,22
110000313,262,441,-179
110000314,1,85,-84
110000315,565,515,50
110000316,269,657,-388
110000317,70,87,-17
110000318,0,25,-25
110000319,0,0,0
110000320,10,16,-6
110000321,1,2,-1
110000322,4,12,-8
110000323,23,88,-65
110000324,1045,836,209
110000325,13,36,-23
110000327,0,47,-47
110000328,53,243,-190
110000333,2,5,-3
110000334,47,312,-265
110000335,31,62,-31
110000336,48,390,-342
110000337,30,61,-31
110000338,2,17,-15
110000339,15,77,-62
110000340,2,34,-32
110000341,27,284,-257
110000342,0,0,0
110000343,2,22,-20
110000344,9,37,-28
110000345,1,1,0
110000346,545,356,189
110000347,270,39,231
110000348,1,6,-5
110000349,1,3,-2
110000350,0,0,0
110000351,39,170,-131
110000352,47,623,-576
110000353,319,201,118
110000354,89,677,-588
110000355,1,17,-16
110000356,0,0,0
110000357,21,2,19
110000361,3,19,-16
110000362,2,8,-6
110000363,6,18,-12
110000364,0,71,-71
110000365,0,0,0
110000366,0,31,-31
110000367,39,71,-32
110000368,0,12,-12
110000369,0,0,0
110000373,1,88,-87
110000374,1,1,0
110000375,12,227,-215
110000376,8,61,-53
110000377,0,0,0
110000378,4,128,-124
110000379,623,262,361
110000380,1,2,-1
110000383,0,116,-116
110000384,1,26,-25
110000385,0,53,-53
110000387,0,7,-7
110000388,6,116,-110
110000389,0,3,-3
110000391,1,95,-94
110000396,7,51,-44
110000397,2,10,-8
110000398,0,3,-3
110000399,0,2,-2
110000587,0,1,-1
110000589,8,0,8
110000640,25,15,10
110000652,1,3,-2
110000653,17,150,-133
110000654,1,2,-1
110000656,0,156,-156
110000674,3,3,0
110000675,0,1,-1
110000676,0,9,-9
110000679,272,119,153
110000682,0,0,0
110000683,10,12,-2
110000684,2,12,-10
110000685,0,0,0
110000686,0,5,-5
110000687,0,0,0
110000688,42,8,34
110000689,3,5,-2
110000692,2,10,-8
110000693,6,68,-62
110000694,2,149,-147
110000695,24,194,-170
110000696,0,0,0
110900001,0,2,-2
110900002,0,20,-20
110900003,0,187,-187
110900004,0,66,-66
110900005,240,27,213
110900006,0,0,0
110900007,0,0,0
110900008,0,2,-2
110900009,0,0,0
110900010,0,15,-15
110900011,0,8,-8
110900012,0,9,-9
110900013,0,0,0
110900014,0,0,0
110900015,0,0,0
110900016,0,15,-15
110900017,0,0,0
110900018,0,0,0
110900019,0,0,0
110900020,0,47,-47
110900021,4,95,-91
110900022,4,36,-32
110900023,2,42,-40
110900024,2,83,-81
110900025,0,11,-11
110900027,0,19,-19
110900028,0,10,-10
110900029,7,65,-58
110900030,1,16,-15
110900031,0,43,-43
110900032,0,9,-9
110900033,2,45,-43
110900035,3,50,-47
110900036,0,3,-3
110900037,1,0,1
110900038,9,2,7
110900039,0,33,-33
110900040,2,0,2
110900041,0,25,-25
110900042,0,0,0
110900043,1,44,-43
110900044,0,0,0
110900045,1,91,-90
110900046,9,71,-62
110900047,0,0,0
110900049,0,0,0
110900050,0,0,0
110900051,4,11,-7
110900052,0,18,-18
110900053,0,0,0
110900054,2,35,-33
110900055,0,0,0
110900056,16,8,8
110900057,1,23,-22
110900058,0,0,0
110900059,37,97,-60
110900060,1,0,1
110900061,3,2,1
110900062,0,0,0
110900063,0,9,-9
110900064,0,0,0
110900065,20,7,13
110900066,0,5,-5
110900067,0,0,0
110900068,14,28,-14
110900069,0,2,-2
110900070,10,1,9
110900071,0,0,0
110900073,0,1,-1
110900074,0,9,-9
110900075,2,7,-5
110900077,0,2,-2
110900078,0,21,-21
110900079,138,32,106
110900080,0,0,0
110900081,0,19,-19
110900082,0,0,0
110900083,0,0,0
110900084,0,40,-40
110900085,1,76,-75
110900086,0,0,0
110900087,0,0,0
110900088,0,0,0
110900090,0,0,0
110900091,0,0,0
110900093,0,0,0
110900095,1,2,-1
110900097,0,1,-1
110900098,0,8,-8
110900099,5,50,-45
110900100,0,2,-2
110900102,0,0,0
110900105,29,39,-10
110900108,0,7,-7
110900111,11,2,9
110900112,0,0,0
110900113,0,0,0
110900115,0,0,0
110900116,23,384,-361
110900118,1,26,-25
110900119,666,11,655
110900120,1,36,-35
110900121,0,0,0
110900122,2,3,-1
110900125,1,15,-14
110900127,32,99,-67
110900128,13,50,-37
110900129,0,0,0
110900130,41,7,34
110900131,0,1,-1
110900132,1,0,1
110900133,3,24,-21
110900135,2,70,-68
110900136,0,0,0
110900139,0,0,0
110900140,0,0,0
110900141,0,22,-22
110900142,1,18,-17
110900143,0,0,0
110900144,1,171,-170
110900145,0,0,0
110900146,13,3,10
110900147,52,111,-59
110900148,0,53,-53
110900149,0,13,-13
110900150,0,2,-2
110900151,0,9,-9
110900152,4,52,-48
110900153,0,0,0
111000001,366,142,224
111000002,332,323,9
111000003,56,72,-16
111000004,177,416,-239
111000005,96,146,-50
111000006,266,518,-252
111000007,500,425,75
111000008,1102,642,460
111000009,267,474,-207
111000010,243,106,137
111000011,849,692,157
111000012,315,132,183
111000013,101,606,-505
111000014,227,218,9
111000017,34,153,-119
111000018,52,149,-97
111000020,355,1220,-865
111000021,0,0,0
111000023,0,0,0
111000025,706,566,140
111000029,5,45,-40
111000030,5,19,-14
111000031,57,31,26
111000032,57,14,43
111000033,0,0,0
111000034,21,178,-157
111000037,189,273,-84
111000038,244,389,-145
111000039,143,301,-158
111000040,179,334,-155
111000041,143,162,-19
111000042,666,347,319
111000043,0,0,0
111000044,0,0,0
111000045,16,42,-26
111000046,5,24,-19
111000047,108,136,-28
111000049,53,228,-175
111000050,335,761,-426
111000051,87,430,-343
111000052,168,520,-352
111000053,94,245,-151
111000054,102,332,-230
111000055,188,715,-527
111000056,38,163,-125
111000057,23,203,-180
111000058,14,37,-23
111000059,21,55,-34
111000060,105,115,-10
111000061,58,72,-14
111000062,37,90,-53
111000063,90,133,-43
111000064,27,84,-57
111000065,66,167,-101
111000066,65,87,-22
111000067,47,144,-97
111000068,31,141,-110
111000069,460,564,-104
111000070,539,302,237
111000071,47,215,-168
111000072,0,0,0
111000073,0,0,0
111000074,0,0,0
111000075,0,0,0
111000076,0,0,0
111000077,114,104,10
111000078,384,393,-9
111000079,261,147,114
111000080,71,138,-67
111000081,356,432,-76
111000082,117,140,-23
111000084,100,161,-61
111000085,96,197,-101
111000086,165,90,75
111000087,105,102,3
111000088,488,162,326
111000089,209,259,-50
111000090,267,419,-152
111000091,119,222,-103
111000092,174,313,-139
111000093,38,181,-143
111000094,117,235,-118
111000095,56,464,-408
111000096,354,1956,-1602
111000097,1400,275,1125
111000098,75,372,-297
111000099,74,822,-748
111000100,45,607,-562
111000101,81,222,-141
111000102,19,283,-264
111000104,0,0,0
111000107,25,198,-173
111000109,0,0,0
111000110,12,2,10
111000111,22,4,18
111000112,27,3,24
111000113,12,7,5
111000114,21,19,2
111000115,794,115,679
111000116,57,85,-28
111000117,43,150,-107
111000118,180,77,103
111000119,88,174,-86
111000120,30,49,-19
111000121,28,66,-38
111000122,68,296,-228
111000123,61,636,-575
111000124,90,883,-793
111000125,27,438,-411
111000126,14,253,-239
111000127,0,0,0
111000128,0,0,0
111000129,0,0,0
111000130,20,96,-76
111000131,33,34,-1
111000132,0,0,0
111000133,5,8,-3
111000134,3,11,-8
111000135,5,33,-28
111000136,7,24,-17
111000138,0,0,0
111000140,2,3,-1
111000141,28,88,-60
111000142,7,28,-21
111000143,0,18,-18
111000144,1,30,-29
111000145,0,0,0
111000146,0,0,0
111000147,0,0,0
111000148,4,9,-5
111000149,4,20,-16
111000150,0,0,0
111000151,6,36,-30
111000153,82,96,-14
111000154,23,61,-38
111000155,5,51,-46
111000156,0,0,0
111000157,0,0,0
111000158,0,0,0
111000159,0,0,0
111000160,0,0,0
111000161,0,0,0
111000162,4,54,-50
111000163,69,226,-157
111000164,217,460,-243
111000165,217,169,48
111000166,122,53,69
111000167,38,133,-95
111000168,23,41,-18
111000169,18,58,-40
111000170,24,55,-31
111000171,66,108,-42
111000172,6,84,-78
111000173,58,238,-180
111000174,5,111,-106
111000175,6,41,-35
111000176,13,44,-31
111000177,7,59,-52
111000178,49,99,-50
111000179,7,50,-43
111000180,12,65,-53
111000181,39,37,2
111000182,5,37,-32
111000183,25,32,-7
111000184,40,22,18
111000185,49,190,-141
111000186,42,113,-71
111000187,7,92,-85
111000188,2,110,-108
111000189,232,121,111
111000190,96,116,-20
111000191,34,127,-93
111000192,58,200,-142
111000193,97,169,-72
111000194,7,139,-132
111000195,8,107,-99
111000196,8,105,-97
111000197,0,0,0
111000198,0,0,0
111000199,0,0,0
111000200,0,0,0
111000201,0,0,0
111000202,0,0,0
111000203,0,0,0
111000204,0,1,-1
111000213,6,20,-14
111000214,90,251,-161
111000215,72,248,-176
111000217,121,242,-121
111000218,98,265,-167
111000219,94,176,-82
111000220,8,242,-234
111000221,0,0,0
111000224,129,145,-16
111000225,28,58,-30
111000226,0,0,0
111000227,0,0,0
111000228,1,63,-62
111000229,9,113,-104
111000230,0,0,0
111000231,0,0,0
111000232,54,314,-260
111000233,69,264,-195
111000234,10,91,-81
111000239,65,41,24
111000240,0,0,0
111000241,9,116,-107
111000242,0,0,0
111000243,10,313,-303
111000244,0,0,0
111000245,1,0,1
111000246,2,7,-5
111000247,29,450,-421
111000248,2,11,-9
111000249,109,238,-129
111000250,3,8,-5
111000251,3,13,-10
111000253,0,0,0
111000255,0,0,0
111000257,0,0,0
111000260,29,286,-257
111000261,14,1,13
111000271,2,114,-112
111000273,369,189,180
111000274,223,322,-99
111000275,0,0,0
111000276,39,374,-335
111000277,31,91,-60
111000278,60,31,29
111000291,37,140,-103
111000298,10,12,-2
111000299,0,0,0
111000300,2,89,-87
111000302,14,2,12
111000303,11,48,-37
111000312,3,2,1
111000315,20,131,-111
111000320,18,93,-75
111000321,11,6,5
111000322,10,69,-59
111000323,6,2,4
111000324,0,0,0
111000325,1,36,-35
111000326,6,94,-88
111000327,19,50,-31
111000328,34,75,-41
111000329,7,22,-15
111000330,1,0,1
111000331,0,1,-1
111000332,38,150,-112
111000334,80,425,-345
111000335,76,45,31
111000337,62,242,-180
111000338,0,33,-33
111000339,18,119,-101
111000340,16,193,-177
111000341,66,34,32
111000342,11,65,-54
111000344,120,152,-32
111000345,0,0,0
111000346,4,23,-19
111000347,11,1,10
111000350,2,1,1
111000351,12,56,-44
111000352,1,0,1
111000353,14,34,-20
111000354,7,2,5
111000355,18,103,-85
111000358,7,383,-376
111000360,4,263,-259
111000361,7,116,-109
111000546,58,279,-221
111000547,2,60,-58
111000548,30,83,-53
111000549,0,27,-27
111000550,15,133,-118
111000551,74,9,65
111000552,1,0,1
111000907,0,4,-4
111000908,0,0,0
111000916,84,100,-16
111000917,15,116,-101
111000918,8,237,-229
111000920,0,0,0
111000921,0,141,-141
111000922,39,173,-134
111000924,10,294,-284
111000925,214,459,-245
111000926,329,1161,-832
111000927,1069,897,172
111000928,2213,1504,709
111000929,98,229,-131
111000930,210,1238,-1028
111000931,216,440,-224
111000932,928,1217,-289
111000933,304,202,102
111000934,725,1482,-757
111000935,76,140,-64
111000936,231,944,-713
111000937,162,73,89
111000938,378,1227,-849
111000939,0,0,0
111000940,23,55,-32
111000941,1,72,-71
111000943,11,41,-30
111000944,5,46,-41
111000945,1,697,-696
111001109,0,1,-1
111001110,63,406,-343
111001111,3,0,3
111001112,29,2,27
111001113,1,91,-90
111001114,0,0,0
111001115,24,67,-43
111001116,493,47,446
111001117,365,320,45
111001120,7,72,-65
111001121,21,63,-42
111001122,17,113,-96
111001123,0,0,0
111001124,2,35,-33
111001125,0,8,-8
111001126,0,0,0
111001127,0,0,0
111900001,0,17,-17
111900002,0,39,-39
111900003,0,10,-10
111900004,1,5,-4
111900006,0,0,0
111900007,0,0,0
111900008,0,0,0
111900009,0,0,0
111900010,17,34,-17
111900012,12,3,9
111900013,0,11,-11
111900014,455,34,421
111900015,0,5,-5
111900016,0,29,-29
111900017,0,21,-21
111900018,0,0,0
111900019,2,4,-2
111900020,0,14,-14
111900021,4,6,-2
111900022,0,5,-5
111900023,17,6,11
111900024,0,6,-6
111900025,0,2,-2
111900026,0,7,-7
111900027,0,16,-16
111900028,0,61,-61
111900029,0,2,-2
111900030,0,0,0
111900031,0,2,-2
111900032,0,48,-48
111900033,0,2,-2
111900034,0,0,0
111900035,0,10,-10
111900036,1,66,-65
111900038,0,0,0
111900039,2,18,-16
111900040,0,82,-82
111900042,1,3,-2
111900043,3,47,-44
111900044,0,0,0
111900046,9,24,-15
111900048,0,152,-152
111900049,5,36,-31
111900050,0,0,0
111900051,1,36,-35
111900052,31,48,-17
111900053,0,1,-1
111900054,0,0,0
111900055,0,107,-107
111900056,0,0,0
111900057,0,4,-4
111900058,1,136,-135
111900059,0,0,0
111900060,0,0,0
111900061,0,34,-34
111900062,0,0,0
111900063,0,51,-51
111900064,11,29,-18
111900065,0,0,0
111900066,0,0,0
111900067,0,35,-35
111900068,0,0,0
111900069,0,0,0
111900070,0,0,0
111900071,0,42,-42
111900072,0,0,0
111900073,2,1,1
111900074,0,12,-12
111900075,0,0,0
111900076,0,0,0
111900077,0,0,0
111900078,0,0,0
111900079,0,0,0
111900080,0,0,0
111900082,0,0,0
111900083,0,0,0
111900084,0,0,0
111900085,0,0,0
111900086,0,0,0
111900087,0,0,0
111900088,0,0,0
111900089,0,0,0
111900090,6,2,4
111900091,1,0,1
111900092,0,0,0
111900093,0,0,0
111900094,0,0,0
111900095,4,0,4
111900096,3,0,3
111900097,0,0,0
111900098,0,0,0
111900099,0,0,0
111900100,0,0,0
111900101,0,0,0
111900102,5,82,-77
111900103,0,0,0
111900104,0,0,0
111900105,0,0,0
111900106,70,0,70
111900110,156,0,156
111900111,0,10,-10
111900112,10,3,7
111900113,0,0,0
111900118,0,0,0
111900119,0,0,0
111900122,0,0,0
111900123,0,0,0
111900124,3,1,2
111900125,0,0,0
111900126,0,0,0
111900127,0,0,0
111900128,0,0,0
111900129,0,0,0
111900130,0,0,0
111900131,0,0,0
111900132,0,0,0
111900133,0,0,0
111900134,7,23,-16
111900135,0,0,0
111900136,0,0,0
111900137,12,2,10
111900138,1,4,-3
111900139,2,14,-12
111900140,0,0,0
111900141,0,0,0
111900142,0,0,0
111900143,0,41,-41
111900144,0,15,-15
111900145,0,57,-57
111900146,0,33,-33
111900147,7,67,-60
111900148,0,33,-33
111900149,0,25,-25
111900150,0,13,-13
111900151,0,5,-5
111900152,2,2,0
111900153,9,0,9
111900154,0,0,0
111900155,0,0,0
111900156,0,0,0
111900157,0,0,0
111900158,0,0,0
111900159,0,0,0
111900160,0,0,0
111900161,0,0,0
111900162,0,0,0
111900163,0,0,0
111900164,0,0,0
111901113,0,13,-13
111901114,0,0,0
111901115,0,0,0
111901116,0,0,0
111901117,0,0,0
111901118,0,0,0
111901119,0,0,0
111901121,7,22,-15
111901122,0,23,-23
111901123,1,51,-50
111901124,0,0,0
111901125,0,0,0
111901127,0,0,0
111901128,0,0,0
111901129,0,0,0
111901130,0,0,0
111901131,0,27,-27
111901132,0,0,0
111901133,0,0,0
111901134,0,0,0
111901135,0,0,0
111901136,0,0,0
111901138,0,0,0
111901139,0,0,0
111901140,0,0,0
111901141,0,0,0
111901142,0,0,0
111901143,0,0,0
111901144,0,0,0
111901145,0,0,0
111901146,1,0,1
111901147,12,1,11
111901148,0,0,0
111901149,0,0,0
111901150,0,0,0
112000001,231,144,87
112000002,243,728,-485
112000003,114,150,-36
112000004,101,443,-342
112000005,293,239,54
112000006,298,670,-372
112000007,152,162,-10
112000008,201,407,-206
112000009,730,961,-231
112000010,186,251,-65
112000011,366,734,-368
112000012,212,323,-111
112000013,1746,966,780
112000014,85,75,10
112000015,348,619,-271
112000016,120,94,26
112000017,165,371,-206
112000024,481,198,283
112000026,1072,1710,-638
112000027,2,14,-12
112000028,420,689,-269
112000029,7,15,-8
112000030,59,30,29
112000031,257,176,81
112000032,258,18,240
112000033,429,94,335
112000034,67,12,55
112000035,12,53,-41
112000036,65,43,22
112000037,19,121,-102
112000038,48,72,-24
112000039,0,0,0
112000040,11,21,-10
112000041,14,39,-25
112000042,74,71,3
112000050,0,0,0
112000051,20,47,-27
112000054,705,462,243
112000057,56,91,-35
112000058,55,57,-2
112000059,0,0,0
112000061,1223,513,710
112000062,572,73,499
112000063,84,74,10
112000064,1670,1803,-133
112000065,578,628,-50
112000066,1,0,1
112000067,83,185,-102
112000068,0,0,0
112000069,73,570,-497
112000070,14,16,-2
112000071,104,636,-532
112000072,6,25,-19
112000073,110,353,-243
112000074,3,46,-43
112000075,14,35,-21
112000076,191,343,-152
112000077,41,173,-132
112000078,35,109,-74
112000079,82,318,-236
112000080,33,222,-189
112000081,344,422,-78
112000082,15,20,-5
112000083,138,250,-112
112000084,32,17,15
112000085,110,240,-130
112000086,19,23,-4
112000087,18,167,-149
112000088,7,11,-4
112000089,6,56,-50
112000090,4,2,2
112000091,145,532,-387
112000092,77,64,13
112000093,309,489,-180
112000094,35,85,-50
112000095,108,321,-213
112000096,13,55,-42
112000097,7,4,3
112000098,130,427,-297
112000099,10,4,6
112000100,31,13,18
112000101,60,281,-221
112000102,19,6,13
112000103,58,424,-366
112000105,107,669,-562
112000106,15,10,5
112000107,0,0,0
112000108,10,187,-177
112000109,0,0,0
112000110,76,35,41
112000111,211,1440,-1229
112000112,57,43,14
112000113,294,724,-430
112000114,24,19,5
112000115,3,78,-75
112000116,7,79,-72
112000117,7,35,-28
112000118,96,217,-121
112000119,49,231,-182
112000120,16,114,-98
112000121,0,0,0
112000122,0,0,0
112000123,1,0,1
112000124,0,0,0
112000125,0,0,0
112000126,0,0,0
112000127,207,50,157
112000128,137,49,88
112000129,9,46,-37
112000130,13,11,2
112000131,0,39,-39
112000132,3,88,-85
112000133,0,64,-64
112000134,28,119,-91
112000135,15,18,-3
112000136,90,268,-178
112000137,23,12,11
112000138,210,301,-91
112000139,0,0,0
112000140,57,185,-128
112000141,0,0,0
112000142,14,196,-182
112000143,0,0,0
112000144,45,434,-389
112000145,0,0,0
112000146,95,697,-602
112000147,0,0,0
112000148,135,574,-439
112000149,0,0,0
112000150,24,103,-79
112000151,3,5,-2
112000152,12,44,-32
112000153,7,18,-11
112000154,9,18,-9
112000155,22,12,10
112000157,88,74,14
112000158,4,22,-18
112000159,12,50,-38
112000167,9,2,7
112000169,18,51,-33
112000173,2,48,-46
112000175,0,29,-29
112000176,939,578,361
112000177,0,4,-4
112000178,0,8,-8
112000179,5,7,-2
112000180,50,60,-10
112000181,170,541,-371
112000182,24,259,-235
112000183,0,0,0
112000184,0,0,0
112000185,31,78,-47
112000187,284,529,-245
112000195,0,0,0
112000196,0,0,0
112000197,0,0,0
112000198,0,1,-1
112000199,74,32,42
112000202,0,0,0
112000216,2,12,-10
112000230,0,0,0
112000231,0,4,-4
112000256,0,0,0
112000313,5,5,0
112000314,1,0,1
112000337,6,104,-98
112000352,4,5,-1
112000392,172,252,-80
112000398,73,65,8
112000399,17,62,-45
112000400,269,1154,-885
112000401,3256,764,2492
112000402,174,250,-76
112000403,17,95,-78
112000404,64,51,13
112000405,63,230,-167
112000406,730,1057,-327
112000407,510,463,47
112000408,1954,2135,-181
112000409,306,1607,-1301
112000410,0,0,0
112000411,16,0,16
112000412,62,25,37
112000413,75,13,62
112000414,6,13,-7
112000415,0,0,0
112000416,191,133,58
112000417,0,0,0
112000421,3,15,-12
112000422,26,26,0
112000424,98,164,-66
112000425,67,474,-407
112000426,1,79,-78
112000427,0,0,0
112000428,1,18,-17
112000429,362,686,-324
112000430,533,1073,-540
112000431,0,0,0
112000432,98,685,-587
112000433,55,56,-1
112000437,6,59,-53
112900001,0,0,0
112900002,0,6,-6
112900003,4,28,-24
112900004,0,51,-51
112900005,0,36,-36
112900006,2,62,-60
112900007,0,0,0
112900008,0,0,0
112900009,0,0,0
112900010,2,42,-40
112900011,19,23,-4
112900012,0,8,-8
112900013,0,0,0
112900014,0,18,-18
112900015,27,149,-122
112900016,0,25,-25
112900017,0,0,0
112900018,0,58,-58
112900019,5,8,-3
112900020,88,205,-117
112900021,1,53,-52
112900022,0,0,0
112900023,0,25,-25
112900024,0,18,-18
112900025,0,0,0
112900026,2,23,-21
112900027,0,0,0
112900028,0,5,-5
112900029,0,0,0
112900030,33,36,-3
112900031,0,0,0
112900032,3,12,-9
112900034,0,0,0
112900035,0,0,0
112900036,2,6,-4
112900037,0,0,0
112900038,0,6,-6
112900039,0,0,0
112900040,0,13,-13
112900041,49,10,39
112900042,1,22,-21
112900043,0,0,0
112900044,31,36,-5
112900045,0,0,0
112900046,13,1,12
112900047,3,1,2
112900049,0,9,-9
112900050,25,69,-44
112900051,40,112,-72
112900052,1,63,-62
112900053,6,69,-63
112900054,1,1,0
112900055,0,0,0
112900056,0,0,0
112900057,0,46,-46
112900058,1,1,0
112900059,3,5,-2
112900060,0,11,-11
112900061,0,13,-13
112900062,9,8,1
112900063,0,0,0
112900064,1,7,-6
112900065,0,0,0
112900066,0,4,-4
112900067,16,9,7
112900068,0,0,0
112900069,120,8,112
112900071,0,0,0
112900072,0,0,0
112900073,2,0,2
112900074,0,0,0
112900075,3,0,3
112900076,0,0,0
112900078,0,0,0
112900079,0,0,0
112900080,0,0,0
112900081,0,0,0
112900082,2,0,2
112900083,5,1,4
112900084,0,0,0
112900086,0,0,0
112900087,0,0,0
112900088,0,0,0
112900089,8,0,8
112900090,0,0,0
112900091,0,0,0
112900092,0,0,0
112900093,0,0,0
112900095,0,0,0
112900096,6,1,5
112900097,0,20,-20
112900098,0,0,0
112900099,6,0,6
112900100,0,0,0
112900101,0,0,0
112900102,0,0,0
112900103,0,0,0
112900104,0,0,0
112900105,0,0,0
112900106,6,2,4
112900107,0,0,0
112900108,0,0,0
112900109,0,0,0
112900110,0,0,0
112900111,0,0,0
112900112,0,0,0
112900113,0,1,-1
112900114,0,0,0
112900115,16,0,16
112900116,1,5,-4
112900117,8,3,5
112900118,0,3,-3
112900119,0,0,0
112900120,157,59,98
112900121,14,10,4
112900122,0,16,-16
112900123,0,0,0
112900124,0,6,-6
112900125,0,14,-14
112900126,5,21,-16
112900127,0,0,0
112900128,50,226,-176
112900129,2,168,-166
112900130,0,0,0
112900131,6,78,-72
112900132,16,83,-67
112900133,1,135,-134
112900134,0,53,-53
112900135,0,0,0
112900137,0,77,-77
112900138,0,110,-110
112900139,68,251,-183
112900141,0,1,-1
112900142,0,0,0
112900143,9,115,-106
112900144,1,44,-43
112900145,16,122,-106
112900146,0,122,-122
112900147,2,723,-721
112900148,0,0,0
112900149,3,24,-21
112900151,0,0,0
112900152,341,79,262
112900153,18,1,17
112900154,0,0,0
112900155,0,0,0
112900156,0,145,-145
112900157,26,2,24
112900158,0,0,0
112900159,1,9,-8
112900160,3,10,-7
112900161,0,0,0
112900162,4,1,3
112900163,0,0,0
112900164,0,0,0
112900165,6,9,-3
112900166,0,0,0
112900167,0,0,0
112900168,0,0,0
112900169,0,0,0
112900170,0,0,0
112900172,0,0,0
112900173,12,1,11
112900174,0,0,0
112900175,0,0,0
112900176,0,0,0
112900177,0,0,0
112900178,0,0,0
112900179,4,54,-50
112900180,4,262,-258
112900181,0,0,0
112900182,0,22,-22
112900183,0,0,0
112900184,37,13,24
112900185,0,9,-9
112900186,48,26,22
112900187,0,0,0
112900188,115,13,102
112900189,0,1,-1
112900190,0,4,-4
112900192,9,4,5
112900193,15,3,12
112900194,0,3,-3
112900195,0,0,0
112900196,18,102,-84
112900197,8,56,-48
112900199,0,0,0
112900200,0,0,0
112900201,0,0,0
112900202,0,68,-68
112900203,0,0,0
112900204,36,16,20
112900205,0,0,0
112900206,0,2,-2
112900207,0,0,0
112900208,1,4,-3
112900209,18,67,-49
112900210,0,0,0
112900211,0,0,0
112900212,0,0,0
112900213,0,0,0
112900214,1,0,1
112900215,0,12,-12
112900216,2,2,0
112900217,0,34,-34
112900218,0,0,0
112900219,1,8,-7
112900220,0,0,0
112900221,0,0,0
112900222,0,0,0
112900223,0,0,0
112900224,3,107,-104
112900225,3,105,-102
112900226,6,5,1
112900227,2,305,-303
112900228,0,0,0
112900229,0,0,0
112900230,415,92,323
112900232,13,16,-3
112900233,3,38,-35
112900234,0,4,-4
112900235,0,0,0
112900236,0,0,0
112900237,0,34,-34
112900238,0,0,0
112900239,49,24,25
112900240,0,9,-9
112900241,0,10,-10
112900242,0,13,-13
112900243,0,6,-6
112900244,0,19,-19
112900245,0,8,-8
112900246,0,2,-2
112900247,0,6,-6
112900248,0,0,0
112900249,0,0,0
112900250,0,0,0
112900251,0,0,0
112900252,0,0,0
112900253,0,0,0
112900254,0,0,0
112900255,0,0,0
112900256,0,0,0
112900257,0,0,0
112900258,0,0,0
113000001,1263,1255,8
113000002,652,277,375
113000003,722,360,362
113000004,898,272,626
113000005,289,215,74
113000006,87,130,-43
113000007,258,340,-82
113000008,270,146,124
113000009,357,290,67
113000010,262,157,105
113000011,86,512,-426
113000012,182,81,101
113000013,301,186,115
113000014,98,349,-251
113000015,13,49,-36
113000016,77,147,-70
113000017,2,82,-80
113000018,5,1,4
113000019,7,122,-115
113000020,0,0,0
113000021,67,204,-137
113000022,65,426,-361
113000025,17,36,-19
113000026,10,34,-24
113000027,8,52,-44
113000028,78,65,13
113000029,0,0,0
113000030,297,283,14
113000031,250,108,142
113000032,0,0,0
113000033,0,0,0
113000034,295,195,100
113000035,20,14,6
113000036,0,0,0
113000037,32,27,5
113000038,0,0,0
113000039,15,48,-33
113000040,35,15,20
113000042,133,49,84
113000051,136,133,3
113000052,447,88,359
113000053,44,94,-50
113000054,11,57,-46
113000055,88,107,-19
113000056,72,213,-141
113000058,173,285,-112
113000059,0,0,0
113000060,5,116,-111
113000061,53,60,-7
113000062,61,1,60
113000063,0,0,0
113000064,0,0,0
113000065,25,259,-234
113000066,21,22,-1
113000067,48,79,-31
113000068,26,416,-390
113000069,35,308,-273
113000070,34,54,-20
113000071,31,167,-136
113000072,29,27,2
113000073,101,343,-242
113000074,89,58,31
113000075,113,45,68
113000076,345,334,11
113000077,0,0,0
113000078,152,550,-398
113000079,170,168,2
113000080,4,5,-1
113000081,0,0,0
113000082,235,228,7
113000083,0,0,0
113000084,256,290,-34
113000085,42,25,17
113000086,187,255,-68
113000087,63,30,33
113000088,829,334,495
113000089,24,50,-26
113000090,2,33,-31
113000091,224,71,153
113000094,22,9,13
113000095,65,344,-279
113000096,50,216,-166
113000097,26,7,19
113000098,0,0,0
113000099,10,15,-5
113000100,39,148,-109
113000101,72,143,-71
113000102,3,8,-5
113000103,228,215,13
113000104,0,2,-2
113000105,1,2,-1
113000106,20,233,-213
113000107,54,44,10
113000108,123,438,-315
113000109,94,172,-78
113000110,3,0,3
113000111,28,45,-17
113000112,1,0,1
113000113,4,0,4
113000114,78,187,-109
113000116,54,7,47
113000117,26,4,22
113000118,0,8,-8
113000119,5,30,-25
113000120,0,1,-1
113000121,10,35,-25
113000124,0,0,0
113000125,0,0,0
113000127,515,136,379
113000128,6,7,-1
113000129,601,184,417
113000133,692,217,475
113000134,3,99,-96
113000135,19,33,-14
113000137,0,0,0
113000139,0,0,0
113000140,96,155,-59
113000141,0,0,0
113000142,63,123,-60
113000143,0,0,0
113000144,84,91,-7
113000145,0,0,0
113000146,33,49,-16
113000147,24,75,-51
113000148,0,0,0
113000149,0,1,-1
113000150,92,57,35
113000151,113,35,78
113000152,0,1,-1
113000153,234,57,177
113000154,114,146,-32
113000155,46,73,-27
113000156,49,66,-17
113000157,63,163,-100
113000158,186,70,116
113000159,218,153,65
113000160,96,229,-133
113000161,8,34,-26
113000162,201,118,83
113000163,0,0,0
113000164,19,41,-22
113000166,0,0,0
113000167,21,120,-99
113000168,15,133,-118
113000169,0,0,0
113000170,0,0,0
113000171,21,87,-66
113000172,0,0,0
113000173,0,0,0
113000174,35,261,-226
113000175,0,0,0
113000176,0,0,0
113000177,31,226,-195
113000178,36,245,-209
113000179,0,0,0
113000180,27,124,-97
113000181,132,284,-152
113000182,28,27,1
113000183,50,232,-182
113000184,5,60,-55
113000189,36,60,-24
113000190,99,23,76
113000192,548,251,297
113000193,415,234,181
113000194,303,195,108
113000195,125,69,56
113000196,15,15,0
113000197,78,61,17
113000198,6,40,-34
113000199,4,7,-3
113000201,18,60,-42
113000202,294,56,238
113000203,0,0,0
113000204,219,205,14
113000205,1,19,-18
113000206,0,0,0
113000207,11,17,-6
113000208,0,0,0
113000209,9,8,1
113000210,0,0,0
113000211,36,2,34
113000212,23,0,23
113000213,0,11,-11
113000214,18,52,-34
113000234,16,296,-280
113000410,14,6,8
113000411,526,1247,-721
113000412,2598,644,1954
113000413,840,491,349
113000414,2221,553,1668
113000415,660,1047,-387
113000416,2771,1235,1536
113000417,455,869,-414
113000418,662,619,43
113000419,277,323,-46
113000420,1350,585,765
113000421,462,337,125
113000422,4189,930,3259
113000423,1379,689,690
113000424,1599,1057,542
113000425,8,24,-16
113000428,32,54,-22
113000430,12,33,-21
113000432,61,4,57
113000433,37,196,-159
113000434,11,158,-147
113000435,10,229,-219
113000436,9,303,-294
113000437,0,0,0
113000438,0,0,0
113000439,5,39,-34
113000440,0,0,0
113000441,0,0,0
113000442,24,96,-72
113000443,0,0,0
113000444,22,100,-78
113000445,0,0,0
113000446,7,66,-59
113000448,36,49,-13
113000449,0,0,0
113000450,21,1,20
113000451,296,50,246
113000452,0,0,0
113000453,49,76,-27
113000454,0,0,0
113000455,22,42,-20
113000456,161,69,92
113000468,150,0,150
113000469,6,1,5
113000470,2,0,2
113000471,0,0,0
113000472,0,0,0
113000474,83,186,-103
113000475,293,555,-262
113000476,169,606,-437
113000477,391,738,-347
113000478,667,1370,-703
113000479,2,159,-157
113000483,0,0,0
113000484,0,0,0
113000485,0,0,0
113000486,0,0,0
113000487,0,0,0
113000488,0,0,0
113000489,0,0,0
113000490,0,0,0
113000491,0,0,0
113000492,0,0,0
113000493,0,0,0
113000495,32,90,-58
113000496,0,0,0
113000499,0,0,0
113900001,0,0,0
113900002,0,0,0
113900003,0,0,0
113900004,0,0,0
113900005,0,0,0
113900006,0,0,0
113900007,0,0,0
113900008,0,0,0
113900009,0,0,0
113900010,0,0,0
113900011,0,0,0
113900012,0,0,0
113900013,0,0,0
113900014,0,0,0
113900015,0,10,-10
113900016,0,0,0
113900017,0,0,0
113900018,11,1,10
113900019,0,1,-1
113900020,0,0,0
113900022,0,0,0
113900023,0,0,0
113900024,0,1,-1
113900025,0,1,-1
113900026,0,0,0
113900027,0,0,0
113900028,0,0,0
113900029,0,34,-34
113900030,0,0,0
113900031,0,0,0
113900032,0,0,0
113900033,0,3,-3
113900035,0,0,0
113900036,0,0,0
113900037,0,0,0
113900038,2,3,-1
113900039,0,0,0
113900040,0,0,0
113900041,0,0,0
113900042,2,0,2
113900043,7,10,-3
113900044,0,0,0
113900045,0,0,0
113900046,24,56,-32
113900047,0,0,0
113900048,50,2,48
113900049,44,4,40
113900050,7,9,-2
113900051,9,27,-18
113900052,0,0,0
113900053,0,0,0
113900054,0,0,0
113900055,4,66,-62
113900056,0,0,0
113900057,10,4,6
113900058,2,10,-8
113900059,4,31,-27
113900060,0,0,0
113900061,0,0,0
113900062,0,0,0
113900063,0,0,0
113900064,1,9,-8
113900065,0,0,0
113900066,6,41,-35
113900067,0,0,0
113900068,0,0,0
113900069,0,0,0
113900070,16,55,-39
113900071,0,0,0
113900072,2,14,-12
113900073,7,15,-8
113900074,0,0,0
113900075,0,0,0
113900076,0,0,0
113900077,2,46,-44
113900078,0,0,0
113900079,1,2,-1
113900080,0,0,0
113900081,2,18,-16
113900082,0,15,-15
113900083,0,0,0
113900084,0,0,0
113900085,1,42,-41
113900086,0,0,0
113900087,0,0,0
113900088,0,0,0
113900089,0,0,0
113900090,0,0,0
113900091,0,0,0
113900092,0,6,-6
113900093,0,37,-37
113900094,0,0,0
113900095,0,0,0
113900096,0,0,0
113900097,0,4,-4
113900098,0,0,0
113900099,0,0,0
113900100,0,0,0
113900101,1,7,-6
113900102,0,2,-2
113900103,0,0,0
113900104,0,0,0
113900105,0,16,-16
113900106,0,0,0
113900107,0,0,0
113900108,1,10,-9
113900109,1,0,1
113900110,0,0,0
113900111,0,0,0
113900112,0,4,-4
113900113,8,7,1
113900114,0,0,0
113900115,0,0,0
113900116,0,11,-11
113900117,4,3,1
113900118,0,0,0
113900119,0,0,0
113900120,0,0,0
113900121,0,0,0
113900122,0,0,0
113900123,2,4,-2
113900124,0,0,0
113900125,1,9,-8
113900126,2,2,0
113900127,4,11,-7
113900128,0,0,0
113900129,0,0,0
113900130,0,0,0
113900131,0,4,-4
113900132,0,0,0
113900133,0,2,-2
113900135,15,78,-63
113900136,3,4,-1
113900137,2,4,-2
113900138,0,0,0
113900139,76,4,72
113900140,0,0,0
113900141,5,17,-12
113900142,0,6,-6
113900143,3,0,3
113900144,0,0,0
113900145,2,7,-5
113900146,0,1,-1
113900148,2,6,-4
113900149,0,0,0
113900150,124,53,71
113900151,4,2,2
113900152,1,0,1
113900153,33,18,15
113900154,0,0,0
113900155,31,18,13
113900156,19,83,-64
113900157,0,0,0
113900158,26,7,19
113900159,0,0,0
113900160,47,88,-41
113900161,0,5,-5
113900162,37,30,7
113900163,13,23,-10
113900164,0,0,0
113900165,73,71,2
113900166,6,0,6
113900167,0,0,0
113900168,23,12,11
113900169,10,55,-45
113900171,0,0,0
113900172,0,34,-34
113900173,3,61,-58
113900174,16,114,-98
113900175,0,0,0
113900176,10,125,-115
113900177,7,7,0
113900178,0,0,0
113900179,0,91,-91
113900180,6,7,-1
113900181,0,0,0
113900182,36,144,-108
113900183,2,1,1
113900184,0,76,-76
113900185,8,9,-1
113900186,0,0,0
113900187,0,7,-7
113900188,1,11,-10
113900189,0,0,0
113900190,51,9,42
113900191,4,10,-6
113900192,0,0,0
113900193,0,24,-24
113900194,78,66,12
113900195,50,57,-7
113900196,1,12,-11
113900197,1,42,-41
113900198,0,10,-10
113900199,17,57,-40
113900200,0,21,-21
113900201,0,20,-20
113900202,3,21,-18
113900203,1,54,-53
113900204,1,60,-59
113900205,1,7,-6
113900206,0,5,-5
113900207,0,3,-3
113900208,0,0,0
113900209,0,2,-2
113900210,25,25,0
113900211,6,0,6
113900212,0,52,-52
113900214,40,20,20
113900215,0,14,-14
113900216,0,81,-81
113900217,0,0,0
113900218,0,0,0
113900219,3,37,-34
113900220,0,0,0
113900221,0,0,0
113900222,0,7,-7
113900223,0,68,-68
113900224,19,2,17
113900225,0,0,0
113900226,0,0,0
113900227,1,1,0
113900228,9,8,1
113900229,0,10,-10
113900230,88,31,57
113900231,7,14,-7
113900232,3,10,-7
113900233,0,6,-6
113900234,8,5,3
113900235,0,0,0
113900236,0,0,0
113900237,0,0,0
113900238,0,7,-7
113900239,0,3,-3
113900240,0,1,-1
113900241,8,2,6
113900242,1,7,-6
113900243,5,28,-23
113900244,57,17,40
113900245,111,13,98
113900246,0,0,0
113900247,0,0,0
113900248,219,13,206
113900249,0,0,0
113900250,0,0,0
113900251,0,23,-23
113900252,0,0,0
113900253,0,0,0
113900254,0,0,0
113900255,0,0,0
113900256,0,0,0
113900257,11,73,-62
113900258,0,66,-66
113900259,0,21,-21
113900260,0,4,-4
113900261,0,16,-16
113900262,0,60,-60
113900263,3,43,-40
113900264,0,64,-64
113900265,10,48,-38
113900266,2,29,-27
113900267,3,30,-27
113900268,0,2,-2
113900269,6,16,-10
113900270,19,41,-22
113900271,19,254,-235
113900273,0,0,0
113900274,0,0,0
113900275,1,7,-6
113900276,1,28,-27
113900277,0,0,0
113900278,12,14,-2
113900279,6,12,-6
113900280,47,20,27
113900281,14,39,-25
113900282,38,7,31
113900283,0,0,0
113900284,0,2,-2
113900285,0,4,-4
113900286,0,0,0
113900287,0,3,-3
113900288,0,3,-3
113900289,89,1,88
113900290,38,1,37
113900291,13,15,-2
113900292,0,0,0
113900293,0,20,-20
113900294,0,0,0
113900295,4,11,-7
113900296,6,0,6
113900297,0,0,0
113900298,0,226,-226
113900299,0,0,0
113900300,308,7,301
113900301,0,0,0
113900302,0,5,-5
113900303,24,6,18
113900304,0,48,-48
113900305,0,0,0
113900306,0,0,0
113900307,0,0,0
113900308,5,3,2
113900309,0,76,-76
113900310,0,0,0
113900311,0,0,0
113900312,0,1,-1
113900313,0,0,0
113900314,0,0,0
113900315,0,0,0
114000001,219,515,-296
114000002,0,1,-1
114000003,4,42,-38
114000004,8,24,-16
114000005,3,5,-2
114000006,242,335,-93
114000007,50,240,-190
114000008,167,183,-16
114000009,12,11,1
114000011,384,477,-93
114000012,203,489,-286
114000013,160,366,-206
114000014,118,68,50
114000015,70,53,17
114000016,23,85,-62
114000017,13,15,-2
114000018,26,11,15
114000026,111,310,-199
114000027,169,424,-255
114000028,293,393,-100
114000038,4,2,2
114000039,20,23,-3
114000040,11,19,-8
114000042,23,56,-33
114000043,2,33,-31
114000044,8,17,-9
114000045,3,18,-15
114000046,304,836,-532
114000047,4,7,-3
114000048,6,13,-7
114000049,38,46,-8
114000050,20,59,-39
114000051,136,89,47
114000052,90,60,30
114000053,0,2,-2
114000054,0,8,-8
114000055,7,3,4
114000056,99,134,-35
114000057,931,516,415
114000058,26,26,0
114000059,11,40,-29
114000060,79,244,-165
114000061,133,19,114
114000062,36,20,16
114000063,674,723,-49
114000064,1363,560,803
114000065,320,745,-425
114000066,26,166,-140
114000067,0,0,0
114000068,37,39,-2
114000069,50,26,24
114000070,84,30,54
114000071,14,25,-11
114000072,24,32,-8
114000073,0,0,0
114000074,2,9,-7
114000075,0,0,0
114000076,0,0,0
114000077,0,0,0
114000078,3,47,-44
114000079,8,13,-5
114000080,0,1,-1
114000081,0,0,0
114000082,45,152,-107
114000083,4,24,-20
114000084,1,5,-4
114000085,28,98,-70
114000086,16,98,-82
114000087,2,30,-28
114000088,0,0,0
114000089,71,31,40
114000090,19,13,6
114000091,97,50,47
114000092,101,47,54
114000093,23,130,-107
114000094,54,36,18
114000095,0,0,0
114000096,7,130,-123
114000097,12,166,-154
114000098,0,0,0
114000099,12,84,-72
114000100,9,39,-30
114000101,34,248,-214
114000102,0,0,0
114000103,5,39,-34
114000104,1,21,-20
114000105,4,10,-6
114000106,71,26,45
114000107,26,16,10
114000108,389,270,119
114000109,0,0,0
114000110,57,334,-277
114000111,0,0,0
114000112,59,516,-457
114000113,0,0,0
114000114,195,452,-257
114000115,0,0,0
114000116,85,28,57
114000117,57,14,43
114000118,69,12,57
114000119,43,13,30
114000120,167,239,-72
114000121,77,144,-67
114000122,100,102,-2
114000123,10,19,-9
114000124,3,6,-3
114000125,176,525,-349
114000126,18,3,15
114000127,8,82,-74
114000128,38,76,-38
114000130,0,0,0
114000131,0,0,0
114000132,129,152,-23
114000133,172,202,-30
114000134,8,15,-7
114000138,12,17,-5
114000139,0,0,0
114000144,0,0,0
114000145,4,19,-15
114000146,5,30,-25
114000147,0,4,-4
114000148,86,13,73
114000149,2,23,-21
114000150,163,165,-2
114000151,12,8,4
114000152,1,4,-3
114000153,139,201,-62
114000154,46,87,-41
114000155,68,95,-27
114000156,11,30,-19
114000157,33,134,-101
114000158,179,107,72
114000159,38,38,0
114000160,5,19,-14
114000161,77,26,51
114000162,4,7,-3
114000163,2,8,-6
114000165,0,0,0
114000166,56,13,43
114000167,245,306,-61
114000168,169,167,2
114000169,264,91,173
114000170,126,108,18
114000171,85,83,2
114000174,42,115,-73
114000176,91,114,-23
114000177,323,159,164
114000178,0,0,0
114000179,25,5,20
114000180,56,150,-94
114000181,141,315,-174
114000182,448,857,-409
114000183,322,460,-138
114000184,351,671,-320
114000185,32,17,15
114000189,0,0,0
114000190,0,0,0
114000191,0,0,0
114000192,78,344,-266
114000193,204,741,-537
114000194,327,332,-5
114000195,0,0,0
114000196,1,78,-77
114000197,0,8,-8
114000198,147,61,86
114000199,252,135,117
114000200,51,519,-468
114000201,10,205,-195
114000202,127,181,-54
114000203,102,258,-156
114000204,23,78,-55
114000205,7,316,-309
114000206,81,426,-345
114000207,162,656,-494
114000208,68,643,-575
114000209,149,806,-657
114000210,81,431,-350
114000211,35,161,-126
114000212,55,146,-91
114000213,236,57,179
114000214,2,25,-23
114000215,1,18,-17
114000216,89,0,89
114000217,1,77,-76
114000218,14,53,-39
114000219,56,112,-56
114000220,6,469,-463
114000221,40,44,-4
114000222,30,346,-316
114000223,0,0,0
114000224,55,147,-92
114000225,40,200,-160
114000226,6,69,-63
114000227,48,70,-22
114000228,19,67,-48
114000229,91,288,-197
114000230,57,96,-39
114000231,163,324,-161
114000232,18,11,7
114000233,41,8,33
114000234,42,83,-41
114000235,143,387,-244
114000236,1,369,-368
114000237,34,261,-227
114000238,1,2,-1
114000239,2,336,-334
114000240,144,226,-82
114000241,46,310,-264
114000242,206,245,-39
114000243,107,125,-18
114000244,0,0,0
114000245,65,361,-296
114000246,62,18,44
114000247,27,41,-14
114000248,40,67,-27
114000249,33,44,-11
114000250,53,146,-93
114000251,7,57,-50
114000252,18,12,6
114000253,0,0,0
114000254,0,8,-8
114000255,25,36,-11
114000256,10,12,-2
114000257,104,761,-657
114000258,24,98,-74
114000259,12,124,-112
114000260,0,48,-48
114000261,15,0,15
114000262,2,25,-23
114000263,0,0,0
114000264,8,36,-28
114000265,0,1,-1
114000267,2,482,-480
114000268,0,497,-497
114000270,0,0,0
114000271,48,17,31
114000283,50,96,-46
114000285,11,87,-76
114000288,6,120,-114
114000289,54,16,38
114000293,33,160,-127
114000294,4,4,0
114000395,117,3,114
114000396,0,0,0
114000402,10,15,-5
114000403,11,32,-21
114000405,10,153,-143
114000423,7,138,-131
114000424,12,28,-16
114000425,16,168,-152
114000426,0,0,0
114000427,10,44,-34
114000428,0,0,0
114000429,2,55,-53
114000432,0,0,0
114000434,11,20,-9
114000435,0,36,-36
114900001,0,0,0
114900002,0,0,0
114900003,0,0,0
114900004,0,0,0
114900005,0,0,0
114900006,0,0,0
114900007,0,0,0
114900008,0,0,0
114900010,1,0,1
114900011,0,0,0
114900013,0,0,0
114900015,0,0,0
114900018,0,0,0
114900020,0,0,0
114900022,0,54,-54
114900024,0,0,0
114900025,0,0,0
114900026,0,0,0
114900027,0,0,0
114900029,0,0,0
114900030,0,0,0
114900031,0,0,0
114900032,0,0,0
114900033,0,1,-1
114900034,3,21,-18
114900035,8,14,-6
114900036,4,126,-122
114900037,0,6,-6
114900038,2,37,-35
114900039,16,106,-90
114900040,0,10,-10
114900041,11,82,-71
114900042,15,120,-105
114900043,41,12,29
114900044,0,0,0
114900046,0,1,-1
114900047,3,63,-60
114900048,9,3,6
114900049,7,35,-28
114900050,7,100,-93
114900051,2,68,-66
114900052,10,10,0
114900053,1,24,-23
114900054,9,16,-7
114900057,0,0,0
114900058,0,19,-19
114900059,0,0,0
114900060,16,8,8
114900061,5,4,1
114900062,3,7,-4
114900063,2,19,-17
114900064,11,96,-85
114900065,7,60,-53
114900067,0,21,-21
114900068,6,29,-23
114900069,16,9,7
114900070,0,0,0
114900072,1,37,-36
114900073,0,46,-46
114900074,0,0,0
114900075,0,0,0
114900076,0,46,-46
114900080,0,0,0
114900082,1,86,-85
114900083,0,54,-54
114900090,0,0,0
114900091,7,5,2
114900095,17,4,13
114900096,4,14,-10
114900097,0,0,0
114900098,0,0,0
114900099,0,0,0
115000001,1856,2497,-641
115000002,449,202,247
115000003,705,1572,-867
115000004,329,293,36
115000005,397,1345,-948
115000006,105,154,-49
115000007,0,1,-1
115000008,34,65,-31
115000009,10,19,-9
115000010,0,0,0
115000013,10,47,-37
115000015,22,74,-52
115000016,88,44,44
115000019,1,42,-41
115000020,0,0,0
115000021,73,148,-75
115000022,128,158,-30
115000023,67,4,63
115000024,179,203,-24
115000025,35,4,31
115000026,40,109,-69
115000027,16,9,7
115000028,11,196,-185
115000029,18,0,18
115000030,42,345,-303
115000031,76,4,72
115000032,4,141,-137
115000033,0,0,0
115000034,7,359,-352
115000035,0,0,0
115000036,0,142,-142
115000037,0,0,0
115000038,0,0,0
115000039,120,129,-9
115000040,479,342,137
115000041,45,252,-207
115000042,34,76,-42
115000043,181,670,-489
115000044,948,1329,-381
115000045,278,841,-563
115000046,45,241,-196
115000047,122,146,-24
115000048,413,1186,-773
115000049,381,954,-573
115000050,276,156,120
115000051,412,177,235
115000052,668,636,32
115000053,200,145,55
115000054,183,269,-86
115000055,16,194,-178
115000056,0,16,-16
115000057,22,117,-95
115000058,1,26,-25
115000059,1,84,-83
115000061,0,0,0
115000062,7,83,-76
115000063,8,93,-85
115000064,0,0,0
115000065,2,61,-59
115000067,0,0,0
115000069,2,70,-68
115000070,2,92,-90
115000071,0,0,0
115000072,10,5,5
115000073,218,1,217
115000075,2,12,-10
115000076,325,473,-148
115000077,120,509,-389
115000078,50,299,-249
115000079,85,429,-344
115000080,125,680,-555
115000081,36,101,-65
115000082,313,500,-187
115000083,218,581,-363
115000084,0,0,0
115000085,44,291,-247
115000086,0,0,0
115000087,82,336,-254
115000088,0,0,0
115000089,606,526,80
115000090,48,35,13
115000091,44,239,-195
115000092,14,90,-76
115000093,0,0,0
115000094,942,618,324
115000095,600,1172,-572
115000096,53,379,-326
115000097,34,281,-247
115000098,38,322,-284
115000099,55,541,-486
115000100,29,40,-11
115000101,92,492,-400
115000102,20,14,6
115000103,112,231,-119
115000105,1,0,1
115000106,6,23,-17
115000107,22,258,-236
115000108,1077,1176,-99
115000109,266,117,149
115000110,304,118,186
115000111,86,389,-303
115000112,65,84,-19
115000113,64,163,-99
115000114,247,185,62
115000116,210,173,37
115000117,142,225,-83
115000118,106,251,-145
115000119,231,187,44
115000120,114,205,-91
115000121,638,187,451
115000122,573,268,305
115000123,137,183,-46
115000124,87,142,-55
115000125,12,59,-47
115000126,5,58,-53
115000127,40,25,15
115000128,33,104,-71
115000129,5,35,-30
115000130,12,161,-149
115000131,8,72,-64
115000132,4,42,-38
115000133,4,73,-69
115000134,5,31,-26
115000135,4,45,-41
115000136,0,0,0
115000137,4,63,-59
115000138,0,0,0
115000139,32,76,-44
115000140,0,1,-1
115000141,32,108,-76
115000142,8,129,-121
115000143,1,0,1
115000144,2,6,-4
115000145,21,171,-150
115000146,0,0,0
115000147,15,80,-65
115000148,82,143,-61
115000149,12,5,7
115000150,79,149,-70
115000151,20,5,15
115000152,51,245,-194
115000153,9,1,8
115000154,5,1,4
115000155,59,212,-153
115000156,6,0,6
115000157,72,133,-61
115000158,21,18,3
115000159,7,0,7
115000160,0,0,0
115000161,34,85,-51
115000162,0,0,0
115000163,169,221,-52
115000164,137,159,-22
115000165,0,0,0
115000167,0,0,0
115000168,0,0,0
115000169,131,190,-59
115000170,27,82,-55
115000171,0,0,0
115000172,101,97,4
115000173,0,0,0
115000174,0,0,0
115000175,14,43,-29
115000176,0,0,0
115000177,0,17,-17
115000178,3,54,-51
115000179,0,0,0
115000180,3,128,-125
115000181,0,0,0
115000182,0,0,0
115000183,24,185,-161
115000186,44,69,-25
115000187,6,178,-172
115000188,153,74,79
115000189,50,112,-62
115000190,88,36,52
115000191,9,90,-81
115000194,27,42,-15
115000195,0,0,0
115000196,0,0,0
115000197,2,53,-51
115000198,0,0,0
115000199,2,58,-56
115000200,0,0,0
115000201,14,83,-69
115000206,0,0,0
115000207,8,89,-81
115000208,74,219,-145
115000209,56,51,5
115000210,5,15,-10
115000211,102,50,52
115000212,196,111,85
115000224,0,0,0
115000225,0,0,0
115000229,0,0,0
115000230,0,0,0
115000231,20,483,-463
115000232,11,44,-33
115000233,12,113,-101
115000234,0,0,0
115000241,0,0,0
115000242,0,0,0
115000243,0,0,0
115000244,0,0,0
115000246,0,0,0
115000247,0,0,0
115000248,0,0,0
115000249,0,0,0
115000250,2,1,1
115000251,0,0,0
115000252,0,0,0
115000253,0,0,0
115000258,0,0,0
115000259,0,0,0
115000261,0,0,0
115000262,0,0,0
115000263,0,0,0
115000264,0,0,0
115000267,0,0,0
115000268,2,4,-2
115000269,0,0,0
115000270,0,0,0
115000272,0,0,0
115000273,0,0,0
115000280,0,0,0
115000281,166,49,117
115000282,32,13,19
115000284,157,65,92
115000296,0,0,0
115000297,0,0,0
115000298,20,13,7
115000300,1,46,-45
115000302,0,0,0
115000303,0,0,0
115000304,0,0,0
115000305,4,175,-171
115000306,9,108,-99
115000307,5,58,-53
115000308,0,0,0
115000309,0,0,0
115000310,70,299,-229
115000311,0,0,0
115000313,26,96,-70
115000314,0,0,0
115000315,271,182,89
115000316,0,0,0
115000317,2,138,-136
115000318,85,68,17
115000319,4,79,-75
115000320,1,53,-52
115000321,78,3,75
115000322,9,86,-77
115000449,0,0,0
115000557,0,13,-13
115000558,0,0,0
115000587,7,3,4
115000588,890,1883,-993
115000589,726,408,318
115000590,125,568,-443
115000591,66,94,-28
115000592,137,626,-489
115000593,129,47,82
115000594,274,837,-563
115000609,2,7,-5
115000617,302,52,250
115000624,0,0,0
115000633,18,646,-628
115000634,544,125,419
115000635,34,8,26
115000638,0,0,0
115000641,0,0,0
115000642,28,27,1
115000643,12,124,-112
115000644,12,103,-91
115000646,142,186,-44
115000647,6,126,-120
115000648,45,410,-365
115000893,489,127,362
115000894,29,600,-571
115000895,115,616,-501
115000896,167,34,133
115000897,75,2,73
115000898,123,29,94
115000899,204,128,76
115000900,14,29,-15
115000901,42,34,8
115000912,11,8,3
115000913,0,0,0
115000915,0,0,0
115000916,0,0,0
115000917,0,0,0
115000918,0,0,0
115000919,0,0,0
115000920,0,2,-2
115000921,88,2,86
115000922,90,56,34
115000923,127,433,-306
115000925,8,12,-4
115000927,0,0,0
115000933,39,27,12
115000934,0,0,0
115000935,0,0,0
115000936,0,0,0
115000937,248,22,226
115000938,36,20,16
115000939,32,42,-10
115000940,0,0,0
115000941,0,0,0
115000942,0,0,0
115000943,16,2,14
115000944,0,6,-6
115900001,0,0,0
115900002,0,0,0
115900003,0,0,0
115900004,0,0,0
115900005,0,0,0
115900006,0,0,0
115900008,0,0,0
115900009,0,0,0
115900010,0,0,0
115900011,2,10,-8
115900012,0,0,0
115900013,0,0,0
115900014,2,8,-6
115900015,0,0,0
115900016,0,0,0
115900017,0,0,0
115900018,19,5,14
115900019,0,0,0
115900020,0,0,0
115900021,87,1,86
115900022,0,0,0
115900023,0,0,0
115900025,0,0,0
115900026,0,0,0
115900027,0,17,-17
115900028,33,0,33
115900029,0,40,-40
115900030,0,0,0
115900031,0,0,0
115900032,0,0,0
115900033,0,1,-1
115900034,0,42,-42
115900035,0,0,0
115900036,0,1,-1
115900037,3,42,-39
115900038,0,0,0
115900039,0,0,0
115900041,1,3,-2
115900042,0,0,0
115900043,0,0,0
115900044,0,0,0
115900046,3,11,-8
115900047,0,0,0
115900049,0,0,0
115900051,0,33,-33
115900052,1,29,-28
115900053,0,0,0
115900054,0,18,-18
115900055,2,18,-16
115900056,0,0,0
115900057,0,0,0
115900058,2,4,-2
115900060,0,0,0
115900061,0,0,0
115900062,0,28,-28
115900063,8,0,8
115900064,0,0,0
115900065,0,0,0
115900066,17,13,4
115900067,1,135,-134
115900068,318,2,316
115900069,0,0,0
115900070,0,0,0
115900071,0,19,-19
115900072,5,8,-3
115900073,0,0,0
115900074,0,44,-44
115900075,0,0,0
115900076,0,0,0
115900077,0,50,-50
115900078,0,0,0
115900079,0,0,0
115900080,0,0,0
115900081,0,15,-15
115900082,0,0,0
115900084,0,0,0
115900085,0,8,-8
115900086,0,0,0
115900088,0,0,0
115900089,2,54,-52
115900090,0,0,0
115900091,0,2,-2
115900092,0,12,-12
115900093,0,2,-2
115900094,0,27,-27
115900096,0,0,0
115900097,0,49,-49
115900098,1,28,-27
115900099,0,0,0
115900100,0,0,0
115900101,1,28,-27
115900102,0,0,0
115900103,0,10,-10
115900104,0,0,0
115900105,0,0,0
115900106,0,0,0
115900107,0,0,0
115900108,0,0,0
115900109,0,0,0
115900110,0,0,0
115900111,0,14,-14
115900112,0,0,0
115900113,0,0,0
115900114,0,21,-21
115900115,0,7,-7
115900116,0,0,0
115900117,0,0,0
115900118,0,72,-72
115900119,0,2,-2
115900120,0,0,0
115900121,0,0,0
115900124,0,0,0
115900125,0,0,0
115900126,0,0,0
115900127,0,0,0
115900128,0,0,0
115900129,0,0,0
115900130,0,1,-1
115900131,0,0,0
115900132,0,0,0
115900134,0,0,0
115900135,1,0,1
115900137,0,0,0
115900139,1,2,-1
115900140,0,0,0
115900141,0,1,-1
115900142,0,1,-1
115900143,0,12,-12
115900144,2,14,-12
115900146,0,0,0
115900147,0,0,0
115900148,0,0,0
115900149,0,5,-5
115900150,0,0,0
115900151,0,0,0
115900152,0,0,0
115900153,0,0,0
115900154,0,0,0
115900155,0,0,0
115900156,0,0,0
115900157,0,0,0
115900158,0,0,0
115900159,0,0,0
115900160,0,0,0
115900161,0,0,0
115900163,0,0,0
115900164,0,0,0
115900166,0,0,0
115900168,0,2,-2
115900171,0,0,0
115900172,0,0,0
115900173,0,0,0
115900174,0,0,0
115900175,0,9,-9
115900178,3,133,-130
115900179,0,0,0
115900180,0,0,0
115900181,0,14,-14
115900182,26,27,-1
115900183,1,0,1
115900184,0,0,0
115900187,0,0,0
115900189,0,0,0
115900190,0,0,0
115900191,0,0,0
115900192,0,0,0
115900193,0,0,0
115900194,0,0,0
115900195,0,0,0
115900198,0,0,0
115900199,0,0,0
115900200,0,0,0
115900201,0,0,0
115900202,0,0,0
115900203,0,0,0
115900204,0,0,0
115900205,0,0,0
115900206,1,4,-3
115900207,0,0,0
115900208,0,0,0
115900209,0,0,0
115900210,0,0,0
115900211,0,0,0
115900212,1,5,-4
115900213,0,0,0
115900214,0,23,-23
115900215,0,0,0
115900216,0,17,-17
115900217,0,11,-11
115900218,0,10,-10
115900219,0,0,0
115900220,0,0,0
115900221,0,0,0
115900222,0,0,0
115900223,0,0,0
115900224,0,0,0
115900225,0,0,0
115900226,0,0,0
115900227,0,0,0
115900228,0,0,0
115900229,0,0,0
115900230,0,0,0
115900231,0,0,0
115900232,0,0,0
115900233,0,0,0
115900234,0,1,-1
115900235,0,0,0
115900236,0,1,-1
115900237,0,15,-15
115900238,0,2,-2
115900239,0,14,-14
115900240,0,17,-17
115900241,1,0,1
115900242,1,0,1
115900243,0,0,0
115900244,0,0,0
115900245,0,0,0
115900246,0,0,0
115900247,0,0,0
115900248,0,0,0
115900249,0,0,0
115900250,0,0,0
115900251,0,0,0
115900252,0,0,0
115900253,0,0,0
115900254,0,0,0
115900255,0,0,0
115900256,0,0,0
115900257,0,0,0
115900258,0,0,0
115900259,0,0,0
115900260,0,0,0
115900261,0,0,0
115900262,0,0,0
115900263,0,0,0
115900264,0,0,0
115900265,0,0,0
115900266,0,0,0
115900267,0,0,0
115900268,0,0,0
115900269,2,8,-6
115900270,0,0,0
115900271,0,0,0
115900272,0,0,0
115900273,0,0,0
115900274,0,0,0
115900275,0,0,0
115900276,0,0,0
115900277,0,0,0
115900278,0,13,-13
115900279,2,10,-8
115900280,1,8,-7
115900281,0,10,-10
115900282,0,0,0
115900283,0,0,0
115900284,0,0,0
116000001,4549,1045,3504
116000002,1071,206,865
116000003,479,509,-30
116000004,669,74,595
116000005,339,582,-243
116000006,266,211,55
116000007,674,828,-154
116000008,455,485,-30
116000009,237,482,-245
116000010,184,54,130
116000011,98,151,-53
116000012,125,134,-9
116000013,2818,1152,1666
116000014,486,106,380
116000015,47,181,-134
116000016,243,37,206
116000017,6,123,-117
116000018,67,14,53
116000019,39,53,-14
116000020,20,45,-25
116000021,18,98,-80
116000022,15,15,0
116000023,14,49,-35
116000024,48,77,-29
116000025,33,45,-12
116000026,87,410,-323
116000027,34,82,-48
116000028,0,0,0
116000029,132,138,-6
116000030,0,0,0
116000031,42,69,-27
116000032,22,119,-97
116000033,1,141,-140
116000034,18,174,-156
116000035,24,195,-171
116000036,68,46,22
116000037,0,0,0
116000038,0,0,0
116000039,58,30,28
116000040,0,0,0
116000041,12,52,-40
116000042,0,0,0
116000043,8,96,-88
116000044,4,18,-14
116000045,0,0,0
116000046,241,365,-124
116000047,259,396,-137
116000048,60,40,20
116000049,50,107,-57
116000050,166,387,-221
116000051,43,76,-33
116000052,337,600,-263
116000053,0,0,0
116000054,77,444,-367
116000055,57,217,-160
116000056,0,0,0
116000057,720,351,369
116000058,501,187,314
116000059,204,100,104
116000060,681,89,592
116000061,118,82,36
116000062,70,74,-4
116000063,40,103,-63
116000066,0,0,0
116000067,75,122,-47
116000068,0,0,0
116000069,72,73,-1
116000078,0,0,0
116000080,210,254,-44
116000082,18,57,-39
116000083,117,54,63
116000084,79,346,-267
116000085,250,81,169
116000086,152,140,12
116000087,189,62,127
116000088,148,172,-24
116000089,8,18,-10
116000090,0,0,0
116000091,2,21,-19
116000093,61,29,32
116000094,10,161,-151
116000095,53,31,22
116000096,25,178,-153
116000097,71,81,-10
116000098,8,283,-275
116000099,791,28,763
116000100,2,0,2
116000101,17,41,-24
116000102,8,132,-124
116000103,3,25,-22
116000104,9,152,-143
116000105,15,29,-14
116000106,15,168,-153
116000107,22,78,-56
116000108,0,42,-42
116000111,0,0,0
116000113,0,0,0
116000114,0,14,-14
116000115,0,0,0
116000116,13,27,-14
116000117,18,25,-7
116000118,79,374,-295
116000119,8,33,-25
116000120,299,1011,-712
116000121,0,0,0
116000122,237,820,-583
116000123,0,0,0
116000124,58,396,-338
116000125,13,7,6
116000126,50,548,-498
116000127,250,518,-268
116000128,18,15,3
116000129,4,7,-3
116000130,3,3,0
116000133,163,239,-76
116000134,74,626,-552
116000135,85,158,-73
116000136,124,530,-406
116000137,19,84,-65
116000138,197,39,158
116000139,141,558,-417
116000140,23,63,-40
116000141,25,110,-85
116000142,675,1124,-449
116000143,490,56,434
116000144,221,854,-633
116000145,303,145,158
116000146,27,39,-12
116000147,52,12,40
116000148,5,54,-49
116000149,1,65,-64
116000151,96,313,-217
116000153,0,0,0
116000155,0,0,0
116000156,29,152,-123
116000157,0,0,0
116000158,18,146,-128
116000159,0,0,0
116000160,4,15,-11
116000161,3,16,-13
116000162,48,0,48
116000163,3,1,2
116000164,0,5,-5
116000177,1,28,-27
116000194,2,99,-97
116000195,113,88,25
116000196,0,0,0
116000197,0,1,-1
116000198,116,105,11
116000200,0,0,0
116000201,57,106,-49
116000202,0,0,0
116000203,0,5,-5
116000204,1,2,-1
116000205,1,25,-24
116000206,0,17,-17
116000207,0,3,-3
116000233,2,14,-12
116000287,5,149,-144
116000288,0,0,0
116000292,0,20,-20
116000296,0,0,0
116000297,1,1,0
116000304,0,1,-1
116000305,0,0,0
116000346,4,34,-30
116000352,2,8,-6
116000354,0,6,-6
116000357,1,6,-5
116000358,0,0,0
116000361,0,0,0
116000372,454,395,59
116000381,0,1,-1
116000388,1,14,-13
116000389,29,39,-10
116000445,13,265,-252
116000446,0,0,0
116000447,9,202,-193
116000448,0,0,0
116000563,0,0,0
116000565,27,46,-19
116000568,3,3,0
116000579,2,22,-20
116000583,0,0,0
116000584,0,4,-4
116000585,1,3,-2
116000586,19,14,5
116000587,1,74,-73
116000589,3,17,-14
116000590,23,47,-24
116000591,0,0,0
116000592,0,0,0
116000593,0,0,0
116000594,10,96,-86
116000595,3,26,-23
116000596,0,1,-1
116000597,0,0,0
116000598,4,41,-37
116000605,2,4,-2
116000606,0,0,0
116000607,0,0,0
116000609,0,45,-45
116000611,4,189,-185
116000612,116,130,-14
116000613,0,0,0
116000614,81,278,-197
116000615,1,114,-113
116000616,4,32,-28
116000617,0,21,-21
116000618,0,24,-24
116000619,0,3,-3
116000620,0,0,0
116000621,0,0,0
116000622,0,0,0
116000624,1,1,0
116000627,0,0,0
116000628,0,0,0
116000629,0,0,0
116000630,0,0,0
116000631,0,0,0
116000632,0,0,0
116000633,0,0,0
116000634,41,250,-209
116000635,193,182,11
116000636,388,210,178
116000637,12,22,-10
116000638,0,0,0
116000639,0,0,0
116000640,0,0,0
116000641,15,24,-9
116000643,0,26,-26
116000644,38,546,-508
116000645,0,0,0
116900001,0,0,0
116900002,0,0,0
116900003,0,0,0
116900004,0,0,0
116900005,0,2,-2
116900006,0,0,0
116900007,0,0,0
116900008,0,120,-120
116900009,0,0,0
116900010,1,112,-111
116900011,0,0,0
116900012,0,0,0
116900013,0,26,-26
116900014,0,0,0
116900016,0,0,0
116900017,0,33,-33
116900018,0,0,0
116900019,1,42,-41
116900020,21,7,14
116900023,0,0,0
116900025,0,48,-48
116900026,2,20,-18
116900027,0,0,0
116900028,0,11,-11
116900029,0,0,0
116900031,0,0,0
116900032,0,14,-14
116900033,0,0,0
116900034,0,6,-6
116900035,0,7,-7
116900036,0,11,-11
116900038,0,0,0
116900041,0,0,0
116900042,81,21,60
116900043,0,4,-4
116900047,0,0,0
116900049,1,22,-21
116900050,0,11,-11
116900051,0,0,0
116900052,0,0,0
116900055,0,0,0
116900057,0,27,-27
116900058,0,12,-12
116900059,0,0,0
116900060,5,28,-23
116900062,0,0,0
116900064,1,92,-91
116900065,0,0,0
116900067,0,0,0
116900068,16,33,-17
116900070,0,0,0
116900072,0,52,-52
116900073,0,5,-5
116900074,0,0,0
116900076,0,0,0
116900077,0,2,-2
116900078,15,16,-1
116900079,0,2,-2
116900080,0,0,0
116900081,3,34,-31
116900082,11,44,-33
116900083,0,0,0
116900084,0,3,-3
116900085,0,1,-1
116900086,7,10,-3
116900088,0,0,0
116900090,0,0,0
116900091,0,13,-13
116900092,0,37,-37
116900093,1,0,1
116900094,204,16,188
116900095,0,27,-27
116900096,0,17,-17
116900097,15,4,11
116900098,63,5,58
116900099,21,11,10
116900100,0,0,0
116900101,8,36,-28
116900103,0,0,0
116900104,2,3,-1
116900105,0,0,0
116900106,0,9,-9
116900107,21,2,19
116900110,0,0,0
116900111,0,5,-5
116900112,0,0,0
116900113,0,0,0
116900116,0,0,0
116900117,0,14,-14
116900118,1,344,-343
116900120,0,0,0
116900121,0,0,0
116900122,4,168,-164
116900123,5,135,-130
116900124,2,23,-21
116900125,0,4,-4
116900126,2,55,-53
116900128,0,3,-3
116900129,0,64,-64
116900130,103,187,-84
116900131,1,25,-24
116900132,0,16,-16
116900133,0,21,-21
116900134,8,23,-15
116900136,1,4,-3
116900137,1,18,-17
116900138,1,22,-21
116900139,7,33,-26
116900140,4,17,-13
116900141,11,12,-1
116900142,0,0,0
116900143,3,18,-15
116900144,0,5,-5
116900145,1,17,-16
116900147,10,14,-4
116900148,2,0,2
116900149,0,0,0
116900150,0,0,0
116900151,0,0,0
116900153,0,0,0
116900154,1,2,-1
116900155,6,10,-4
116900157,0,0,0
116900158,0,2,-2
116900159,2,58,-56
116900160,0,0,0
116900161,861,78,783
116900162,0,0,0
116900163,0,0,0
116900164,1,4,-3
116900165,0,0,0
116900166,0,0,0
116900167,0,0,0
116900168,0,1,-1
116900169,0,0,0
116900170,0,0,0
116900171,0,0,0
116900172,0,0,0
116900173,0,4,-4
116900174,0,4,-4
116900175,0,0,0
116900178,0,0,0
116900179,0,0,0
116900180,0,0,0
116900182,0,0,0
116900183,0,0,0
116900185,0,0,0
116900186,0,0,0
116900187,0,0,0
116900188,1,0,1
116900189,0,0,0
116900191,0,0,0
116900192,0,0,0
116900194,0,0,0
116900195,0,0,0
116900196,0,0,0
116900197,0,0,0
116900198,10,5,5
116900200,0,0,0
116900201,0,0,0
116900202,0,0,0
116900203,0,0,0
116900204,0,0,0
116900206,0,0,0
116900207,0,3,-3
116900208,0,0,0
116900209,0,0,0
116900210,1,6,-5
116900211,0,0,0
116900212,0,0,0
116900213,0,0,0
116900214,1,11,-10
116900215,0,0,0
116900216,3,7,-4
116900218,10,44,-34
116900219,81,15,66
116900220,0,0,0
116900221,6,15,-9
116900222,0,0,0
116900223,0,0,0
116900226,0,6,-6
116900227,0,5,-5
116900228,0,10,-10
116900230,2,29,-27
116900233,0,0,0
116900234,0,0,0
116900235,18,90,-72
116900238,28,6,22
116900239,0,5,-5
116900240,101,15,86
116900241,0,4,-4
116900242,32,5,27
116900243,0,0,0
116900245,0,0,0
116900246,0,0,0
116900247,0,0,0
116900248,1,1,0
116900249,0,0,0
116900250,1,9,-8
116900251,0,0,0
116900252,0,2,-2
116900254,0,0,0
116900255,13,4,9
116900256,12,6,6
116900257,0,69,-69
116900258,0,42,-42
116900259,0,0,0
116900260,0,7,-7
116900261,0,0,0
116900262,0,15,-15
116900263,1,0,1
116900264,0,1,-1
116900265,0,0,0
116900266,1,1,0
116900267,0,0,0
116900268,0,0,0
116900269,0,11,-11
116900271,0,0,0
116900272,18,42,-24
116900273,0,0,0
116900274,0,0,0
116900275,0,0,0
116900276,0,0,0
116900277,0,0,0
116900278,0,0,0
116900279,0,2,-2
116900280,0,0,0
116900281,61,14,47
116900282,0,7,-7
116900283,0,4,-4
116900284,1,7,-6
116900285,0,0,0
116900286,0,0,0
116900287,0,0,0
116900288,0,0,0
116900289,0,0,0
116900290,0,0,0
116900291,0,0,0
116900292,0,0,0
116900293,0,0,0
116900294,0,11,-11
116900295,0,0,0
116900296,0,0,0
116900297,0,0,0
116900298,0,0,0
116900299,0,0,0
116900300,0,0,0
116900301,0,0,0
116900302,0,16,-16
116900303,0,5,-5
116900304,0,47,-47
116900305,0,0,0
116900306,0,0,0
116900307,1,0,1
116900308,0,0,0
116900309,0,0,0
117000001,92,126,-34
117000002,355,713,-358
117000003,315,122,193
117000004,745,974,-229
117000005,69,30,39
117000006,149,974,-825
117000007,108,7,101
117000008,240,936,-696
117000009,3,0,3
117000010,578,961,-383
117000011,0,0,0
117000012,164,581,-417
117000013,0,0,0
117000014,123,580,-457
117000015,0,0,0
117000016,5,20,-15
117000017,16,14,2
117000018,4,69,-65
117000019,0,0,0
117000020,66,297,-231
117000021,385,63,322
117000022,11,2,9
117000023,15,57,-42
117000024,33,58,-25
117000025,135,161,-26
117000026,46,11,35
117000027,339,597,-258
117000028,0,0,0
117000030,25,38,-13
117000031,0,0,0
117000032,200,266,-66
117000033,166,168,-2
117000034,14,36,-22
117000035,0,0,0
117000036,38,26,12
117000037,0,0,0
117000038,5,72,-67
117000039,0,8,-8
117000040,17,269,-252
117000041,0,0,0
117000044,6,226,-220
117000045,0,0,0
117000046,38,172,-134
117000047,0,1,-1
117000048,321,234,87
117000049,16,46,-30
117000050,2,489,-487
117000051,130,20,110
117000052,0,17,-17
117000053,5,10,-5
117000054,25,1,24
117000055,34,758,-724
117000056,8,0,8
117000057,81,472,-391
117000060,25,156,-131
117000061,4,6,-2
117000062,19,53,-34
117000063,0,0,0
117000064,80,151,-71
117000066,114,55,59
117000067,3,40,-37
117000074,0,0,0
117000076,0,0,0
117000077,21,16,5
117000078,4,82,-78
117000079,3,14,-11
117000080,0,144,-144
117000081,3,7,-4
117000082,3,21,-18
117000083,0,0,0
117000084,0,0,0
117000085,19,72,-53
117000086,22,135,-113
117000087,33,149,-116
117000088,0,0,0
117000089,30,22,8
117000090,55,497,-442
117000091,8,11,-3
117000092,46,522,-476
117000093,4,8,-4
117000094,98,658,-560
117000095,14,11,3
117000096,112,939,-827
117000097,19,42,-23
117000098,419,1321,-902
117000099,17,27,-10
117000100,5,24,-19
117000101,26,124,-98
117000102,0,0,0
117000103,284,456,-172
117000104,0,0,0
117000105,107,508,-401
117000106,0,0,0
117000107,109,611,-502
117000108,0,0,0
117000109,548,910,-362
117000110,0,0,0
117000111,487,413,74
117000112,88,148,-60
117000113,5,52,-47
117000114,0,0,0
117000115,3,27,-24
117000116,1,20,-19
117000117,42,23,19
117000118,6,18,-12
117000119,0,1,-1
117000120,0,0,0
117000121,0,1,-1
117000122,0,0,0
117000123,0,0,0
117000124,0,0,0
117000125,1,2,-1
117000126,0,0,0
117000127,2,6,-4
117000128,7,11,-4
117000129,0,0,0
117000130,0,1,-1
117000131,0,48,-48
117000132,102,54,48
117000133,0,36,-36
117000134,0,32,-32
117000135,0,14,-14
117000136,0,14,-14
117000137,0,0,0
117000138,0,184,-184
117000140,66,350,-284
117000141,0,0,0
117000181,65,6,59
117000182,0,0,0
117000195,15,163,-148
117000196,0,0,0
117000225,0,0,0
117000226,0,4,-4
117000276,0,0,0
117000277,0,64,-64
117000310,371,443,-72
117000315,0,0,0
117000320,0,0,0
117000906,0,0,0
117000907,2,122,-120
117000909,2,5,-3
117000910,26,27,-1
117000911,16,23,-7
117000915,0,87,-87
117000916,0,0,0
117000917,0,0,0
117000918,0,0,0
117000919,0,13,-13
117000920,5,583,-578
117000921,0,232,-232
117000922,0,0,0
117000924,29,22,7
117000926,189,17,172
117000927,8,38,-30
117000928,0,73,-73
117000929,6,60,-54
117000930,11,0,11
117000931,37,8,29
117900002,19,35,-16
117900003,21,12,9
117900005,0,0,0
117900006,0,7,-7
117900007,2,22,-20
117900008,0,5,-5
117900010,1,13,-12
117900011,0,0,0
117900012,0,23,-23
117900013,0,19,-19
117900014,4,27,-23
117900015,0,34,-34
117900016,55,11,44
117900017,3,57,-54
117900018,6,5,1
117900019,1,63,-62
117900020,1,8,-7
117900021,0,12,-12
117900023,5,0,5
117900024,11,20,-9
117900025,0,0,0
117900026,3,35,-32
117900028,0,0,0
117900029,3,90,-87
117900030,5,17,-12
117900031,0,0,0
117900032,14,8,6
117900033,0,90,-90
117900034,0,0,0
117900035,3,4,-1
117900036,2,59,-57
117900037,0,0,0
117900038,1,46,-45
117900039,0,4,-4
117900040,5,55,-50
117900041,0,9,-9
117900042,90,8,82
117900043,2,16,-14
117900044,0,18,-18
117900045,0,0,0
117900048,9,41,-32
117900049,1,60,-59
117900050,0,0,0
117900051,0,0,0
117900052,0,0,0
117900053,37,79,-42
117900054,0,0,0
117900055,0,0,0
117900056,0,0,0
117900057,18,136,-118
117900058,0,0,0
117900059,0,0,0
117900060,5,379,-374
117900061,0,0,0
117900063,0,23,-23
117900065,55,53,2
117900066,0,0,0
117900067,1,14,-13
117900069,2,21,-19
117900070,0,0,0
117900071,0,0,0
117900073,2,21,-19
117900074,0,0,0
117900075,0,0,0
117900076,0,16,-16
117900077,0,0,0
117900078,3,38,-35
117900080,0,0,0
117900081,29,21,8
117900082,12,10,2
117900083,0,58,-58
117900086,0,0,0
117900087,0,0,0
117900088,79,69,10
117900089,28,13,15
117900090,0,78,-78
117900091,13,5,8
117900092,0,0,0
117900093,0,0,0
117900094,0,0,0
117900095,5,79,-74
117900096,0,0,0
117900097,0,0,0
117900098,0,0,0
117900099,2,26,-24
117900100,0,0,0
117900101,16,30,-14
117900102,0,0,0
117900103,0,0,0
117900104,0,3,-3
117900105,4,9,-5
117900106,0,0,0
117900107,0,0,0
117900109,8,19,-11
117900110,0,0,0
117900111,0,0,0
117900112,0,0,0
117900113,0,3,-3
117900114,0,0,0
117900115,10,0,10
117900116,28,42,-14
117900117,10,44,-34
117900118,0,0,0
117900119,0,50,-50
117900120,0,3,-3
117900121,0,5,-5
117900122,25,6,19
117900123,32,83,-51
117900124,18,25,-7
117900125,202,77,125
117900126,29,31,-2
117900127,0,38,-38
117900128,2,48,-46
117900129,0,0,0
117900130,0,37,-37
117900131,0,9,-9
117900132,1,8,-7
117900133,1,12,-11
117900134,0,40,-40
117900135,2,27,-25
117900136,0,16,-16
117900137,0,33,-33
117900138,0,5,-5
117900139,0,8,-8
117900140,20,3,17
117900141,10,29,-19
117900142,0,0,0
117900144,0,0,0
117900145,0,0,0
117900146,0,0,0
117900147,0,0,0
117900148,104,85,19
117900149,1,10,-9
117900150,0,11,-11
117900151,1,25,-24
117900152,2,17,-15
117900153,0,10,-10
117900154,0,15,-15
117900156,19,30,-11
117900157,1,10,-9
117900158,0,0,0
117900160,37,12,25
117900161,103,143,-40
117900162,0,16,-16
117900163,0,0,0
117900165,0,0,0
117900166,1,7,-6
117900168,0,0,0
117900169,0,0,0
117900170,0,0,0
117900171,0,0,0
117900172,0,0,0
117900173,0,0,0
117900174,0,0,0
117900175,0,0,0
117900176,0,0,0
117900177,0,0,0
117900178,0,0,0
117900180,0,0,0
117900181,0,0,0
117900182,0,0,0
117900183,0,0,0
117900184,0,0,0
117900185,0,0,0
117900186,0,0,0
117900187,0,0,0
117900188,0,0,0
117900189,0,0,0
117900190,0,0,0
117900191,0,0,0
117900192,0,0,0
117900193,0,0,0
117900194,0,0,0
117900195,0,0,0
117900196,0,0,0
117900207,0,0,0
117900208,0,0,0
117900209,0,4,-4
117900210,0,0,0
117900211,0,0,0
117900212,7,12,-5
117900213,0,0,0
117900214,0,0,0
117900215,0,0,0
117900216,0,0,0
117900217,0,35,-35
117900218,0,0,0
117900219,0,10,-10
117900220,0,0,0
117900222,13,20,-7
117900223,4,8,-4
118000001,91,90,1
118000002,280,397,-117
118000003,246,282,-36
118000004,372,367,5
118000005,997,642,355
118000006,1459,1485,-26
118000007,748,448,300
118000008,698,662,36
118000009,244,503,-259
118000010,275,638,-363
118000011,91,400,-309
118000012,157,369,-212
118000013,428,348,80
118000014,132,460,-328
118000016,27,73,-46
118000017,0,0,0
118000018,29,76,-47
118000019,632,174,458
118000020,209,461,-252
118000021,185,464,-279
118000022,122,28,94
118000023,88,145,-57
118000024,119,180,-61
118000027,2908,604,2304
118000029,114,48,66
118000032,34,56,-22
118000033,140,178,-38
118000034,782,339,443
118000035,42,409,-367
118000036,49,189,-140
118000037,119,148,-29
118000038,0,0,0
118000039,0,28,-28
118000040,69,364,-295
118000041,246,290,-44
118000045,11,0,11
118000046,94,39,55
118000047,118,55,63
118000048,347,226,121
118000051,32,19,13
118000052,20,17,3
118000053,18,11,7
118000054,318,95,223
118000055,316,20,296
118000056,19,3,16
118000057,19,12,7
118000058,54,17,37
118000059,25,34,-9
118000060,16,34,-18
118000061,6,27,-21
118000062,16,18,-2
118000063,11,14,-3
118000064,32,16,16
118000065,186,34,152
118000066,20,23,-3
118000067,336,248,88
118000068,133,287,-154
118000069,218,67,151
118000070,844,74,770
118000071,415,414,1
118000072,306,182,124
118000073,111,20,91
118000074,7,18,-11
118000075,73,37,36
118000076,294,241,53
118000077,469,260,209
118000078,152,91,61
118000079,49,157,-108
118000080,303,259,44
118000081,117,76,41
118000082,17,18,-1
118000083,56,30,26
118000084,289,81,208
118000086,40,42,-2
118000087,2400,561,1839
118000088,114,128,-14
118000089,536,845,-309
118000090,1016,308,708
118000091,359,738,-379
118000092,141,47,94
118000093,24,34,-10
118000096,8,25,-17
118000097,27,20,7
118000098,0,0,0
118000099,22,138,-116
118000101,89,85,4
118000102,18,153,-135
118000107,232,95,137
118000108,0,49,-49
118000110,0,1,-1
118000111,0,177,-177
118000112,0,0,0
118000113,1,237,-236
118000114,0,0,0
118000115,0,0,0
118000116,0,0,0
118000117,217,206,11
118000118,28,32,-4
118000119,38,66,-28
118000120,362,526,-164
118000121,0,80,-80
118000122,129,8,121
118000123,7,54,-47
118000125,144,262,-118
118000126,3,33,-30
118000127,17,22,-5
118000128,124,289,-165
118000129,85,63,22
118000130,796,1100,-304
118000131,155,394,-239
118000132,53,27,26
118000133,31,58,-27
118000135,0,0,0
118000136,18,49,-31
118000137,78,9,69
118000138,3,51,-48
118000139,19,15,4
118000140,540,323,217
118000141,123,148,-25
118000142,194,403,-209
118000143,14,46,-32
118000144,33,27,6
118000145,262,486,-224
118000146,172,244,-72
118000147,113,373,-260
118000148,40,231,-191
118000149,24,126,-102
118000150,10,23,-13
118000151,4,8,-4
118000153,17,77,-60
118000154,27,80,-53
118000155,15,42,-27
118000156,411,282,129
118000157,11,20,-9
118000158,2,58,-56
118000159,0,0,0
118000160,0,0,0
118000161,59,166,-107
118000162,11,33,-22
118000163,11,26,-15
118000164,85,55,30
118000168,5,27,-22
118000169,268,549,-281
118000170,315,509,-194
118000171,0,0,0
118000172,0,0,0
118000173,76,146,-70
118000175,32,21,11
118000176,10,18,-8
118000177,1,31,-30
118000178,1,1,0
118000179,0,0,0
118000180,0,0,0
118000181,186,72,114
118000182,45,52,-7
118000183,38,63,-25
118000184,0,0,0
118000185,330,175,155
118000186,162,200,-38
118000187,63,155,-92
118000188,5,44,-39
118000189,8,107,-99
118000190,0,2,-2
118000191,0,0,0
118000192,8,47,-39
118000193,12,70,-58
118000194,368,63,305
118000195,3,1,2
118000196,0,0,0
118000197,66,23,43
118000198,12,3,9
118000199,160,81,79
118000200,0,0,0
118000201,23,7,16
118000202,0,0,0
118000203,89,24,65
118000204,113,57,56
118000205,68,22,46
118000206,0,0,0
118000207,0,8,-8
118000208,63,89,-26
118000209,125,390,-265
118000210,0,0,0
118000211,0,0,0
118000213,9,13,-4
118000214,173,30,143
118000215,64,147,-83
118000216,0,0,0
118000217,0,7,-7
118000218,0,2,-2
118000219,0,8,-8
118000220,0,0,0
118000221,3,21,-18
118000222,51,6,45
118000223,0,0,0
118000224,2,2,0
118000225,2,174,-172
118000226,0,0,0
118000227,114,27,87
118000228,67,39,28
118000229,0,0,0
118000230,3,12,-9
118000231,2,11,-9
118000232,85,175,-90
118000233,23,28,-5
118000234,10,7,3
118000236,3,32,-29
118000237,0,0,0
118000238,2,12,-10
118000239,0,0,0
118000240,41,1,40
118000241,2,11,-9
118000242,10,145,-135
118000243,5,14,-9
118000244,0,12,-12
118000246,0,5,-5
118000255,0,21,-21
118000256,0,13,-13
118000259,0,2,-2
118000260,0,0,0
118000261,0,2,-2
118000263,1,10,-9
118000266,10,23,-13
118000267,0,27,-27
118000268,0,1,-1
118000270,0,0,0
118000271,1,11,-10
118000272,0,0,0
118000273,0,19,-19
118000274,14,46,-32
118000276,3,9,-6
118000295,0,11,-11
118000298,18,79,-61
118000299,22,73,-51
118000301,0,11,-11
118000302,4,0,4
118000311,2,25,-23
118000312,3,31,-28
118000313,1,17,-16
118000314,3,5,-2
118000315,0,8,-8
118000316,3,37,-34
118000325,0,0,0
118000326,0,0,0
118000331,0,0,0
118000332,0,0,0
118000333,0,0,0
118000335,0,0,0
118000336,0,93,-93
118000407,0,0,0
118000457,0,30,-30
118000465,469,344,125
118000480,0,8,-8
118000489,0,0,0
118000490,21,117,-96
118000492,5,13,-8
118000510,11,4,7
118000514,7,77,-70
118000515,2,40,-38
118000517,96,30,66
118000524,584,193,391
118000525,188,353,-165
118000530,0,0,0
118000531,0,1,-1
118000532,58,57,1
118000533,67,78,-11
118000534,44,114,-70
118000535,1,8,-7
118000536,25,16,9
118000537,2,20,-18
118000538,4,12,-8
118000539,2,2,0
118000540,8,29,-21
118000541,6,36,-30
118000542,0,0,0
118000543,0,0,0
118000546,1,3,-2
118000553,0,2,-2
118000557,0,0,0
118000560,318,66,252
118000562,0,0,0
118000563,155,63,92
118000576,6,16,-10
118000577,27,19,8
118000578,24,11,13
118000579,59,69,-10
118000583,0,6,-6
118000595,0,0,0
118000596,0,4,-4
118000597,16,9,7
118000598,0,0,0
118000599,0,0,0
118000600,0,0,0
118000601,0,0,0
118000602,0,0,0
118000603,0,53,-53
118000605,2,12,-10
118000606,0,0,0
118900001,0,0,0
118900002,1,16,-15
118900003,0,0,0
118900004,0,0,0
118900005,0,0,0
118900006,0,0,0
118900007,0,2,-2
118900008,0,0,0
118900009,0,0,0
118900010,0,0,0
118900011,2,0,2
118900012,0,0,0
118900013,0,0,0
118900015,2,1,1
118900016,0,3,-3
118900017,0,0,0
118900018,0,0,0
118900019,4,0,4
118900020,0,0,0
118900021,0,0,0
118900022,4,2,2
118900023,0,0,0
118900024,0,0,0
118900025,0,0,0
118900026,0,5,-5
118900027,0,0,0
118900028,0,0,0
118900029,0,0,0
118900030,0,0,0
118900031,4,8,-4
118900032,0,0,0
118900033,0,0,0
118900034,0,0,0
118900035,7,15,-8
118900036,6,36,-30
118900037,0,0,0
118900038,2,30,-28
118900039,0,0,0
118900040,3,1,2
118900041,0,0,0
118900042,1,9,-8
118900045,5,0,5
118900046,49,4,45
118900047,31,5,26
118900048,0,0,0
118900049,0,0,0
118900050,0,28,-28
118900051,0,0,0
118900052,0,0,0
118900053,0,0,0
118900054,0,3,-3
118900055,4,26,-22
118900056,0,0,0
118900057,1,26,-25
118900058,0,0,0
118900059,0,0,0
118900060,1,4,-3
118900062,0,0,0
118900064,0,0,0
118900065,0,0,0
118900066,0,0,0
118900067,13,2,11
118900068,0,0,0
118900069,1,15,-14
118900071,0,0,0
118900072,0,0,0
118900073,1,15,-14
118900074,0,0,0
118900075,0,0,0
118900076,0,0,0
118900077,1,6,-5
118900078,0,0,0
118900079,0,0,0
118900080,0,0,0
118900081,0,0,0
118900082,1,10,-9
118900083,1,1,0
118900084,0,0,0
118900085,12,62,-50
118900086,0,0,0
118900087,1,6,-5
118900088,0,2,-2
118900089,0,0,0
118900090,15,26,-11
118900091,0,0,0
118900092,2,6,-4
118900093,0,0,0
118900096,3,12,-9
118900097,6,53,-47
118900099,0,19,-19
118900100,0,0,0
118900101,1,41,-40
118900102,0,5,-5
118900103,3,1,2
118900104,3,7,-4
118900105,17,9,8
118900107,10,20,-10
118900108,0,8,-8
118900110,0,0,0
118900111,0,0,0
118900112,0,0,0
118900113,0,0,0
118900114,0,0,0
118900115,0,0,0
118900116,4,50,-46
118900117,0,46,-46
118900118,14,70,-56
118900119,2,29,-27
118900120,5,53,-48
118900121,0,0,0
118900122,0,15,-15
118900123,19,38,-19
118900124,0,0,0
118900126,0,33,-33
118900129,0,9,-9
118900130,0,0,0
118900131,3,60,-57
118900132,3,11,-8
118900133,0,0,0
118900135,12,22,-10
118900136,2,88,-86
118900137,0,0,0
118900139,0,0,0
118900140,12,107,-95
118900141,0,0,0
118900144,11,91,-80
118900145,0,0,0
118900146,8,70,-62
118900147,0,0,0
118900148,0,0,0
118900150,0,0,0
118900152,13,67,-54
118900157,0,0,0
118900158,0,0,0
118900159,0,0,0
118900161,0,0,0
118900163,0,0,0
118900164,0,0,0
118900165,3,12,-9
118900166,11,1,10
118900167,4,7,-3
118900168,4,5,-1
118900169,11,53,-42
118900170,2,9,-7
118900171,0,7,-7
118900174,1,4,-3
118900175,0,19,-19
118900176,0,15,-15
118900177,1,4,-3
118900178,2,8,-6
118900179,1,5,-4
118900181,2,1,1
118900182,0,8,-8
118900183,0,7,-7
118900184,1,1,0
118900185,1,1,0
118900186,4,63,-59
118900187,0,0,0
118900188,0,0,0
118900189,0,27,-27
118900190,0,0,0
118900191,0,0,0
118900192,0,0,0
118900193,0,0,0
118900195,0,0,0
118900196,3,24,-21
118900197,0,0,0
118900198,0,1,-1
118900199,3,13,-10
118900200,0,1,-1
118900201,0,2,-2
118900202,3,5,-2
118900203,0,6,-6
118900204,0,7,-7
118900205,0,0,0
118900206,0,5,-5
119000001,96,66,30
119000002,112,179,-67
119000003,57,218,-161
119000004,123,153,-30
119000005,98,141,-43
119000006,129,143,-14
119000007,171,305,-134
119000008,248,611,-363
119000009,478,579,-101
119000010,1503,1241,262
119000011,952,409,543
119000012,1150,1001,149
119000013,669,334,335
119000014,408,1052,-644
119000019,9,23,-14
119000020,80,101,-21
119000021,242,182,60
119000022,88,110,-22
119000023,0,0,0
119000024,160,267,-107
119000025,1446,260,1186
119000026,0,0,0
119000027,36,102,-66
119000028,260,283,-23
119000029,0,0,0
119000030,73,249,-176
119000031,130,252,-122
119000032,171,337,-166
119000033,456,357,99
119000034,198,355,-157
119000035,5,183,-178
119000036,122,222,-100
119000037,87,466,-379
119000038,64,219,-155
119000039,14,74,-60
119000040,574,59,515
119000041,587,92,495
119000048,2069,636,1433
119000049,137,622,-485
119000050,70,73,-3
119000051,81,47,34
119000052,76,84,-8
119000053,118,42,76
119000054,141,469,-328
119000055,320,403,-83
119000056,168,339,-171
119000057,61,331,-270
119000058,135,271,-136
119000059,26,14,12
119000060,51,173,-122
119000061,22,7,15
119000062,129,278,-149
119000063,52,67,-15
119000064,47,63,-16
119000065,27,142,-115
119000066,142,110,32
119000067,81,93,-12
119000068,129,214,-85
119000069,26,118,-92
119000070,215,186,29
119000071,0,0,0
119000072,607,250,357
119000073,298,434,-136
119000074,48,344,-296
119000075,84,679,-595
119000076,1,0,1
119000077,0,0,0
119000078,0,2,-2
119000079,0,0,0
119000080,0,0,0
119000081,0,0,0
119000082,0,0,0
119000083,0,1,-1
119000084,0,0,0
119000085,0,0,0
119000086,0,2,-2
119000087,30,26,4
119000088,1,4,-3
119000089,1,2,-1
119000090,0,0,0
119000091,5,7,-2
119000092,0,0,0
119000093,580,442,138
119000094,347,564,-217
119000095,96,372,-276
119000097,411,201,210
119000098,157,242,-85
119000099,155,271,-116
119000100,313,335,-22
119000101,425,635,-210
119000102,3,10,-7
119000103,53,6,47
119000104,354,477,-123
119000105,0,0,0
119000106,43,401,-358
119000107,0,0,0
119000108,64,396,-332
119000109,0,0,0
119000110,48,64,-16
119000111,0,2,-2
119000112,13,14,-1
119000113,113,5,108
119000114,2,8,-6
119000115,63,44,19
119000116,0,0,0
119000117,8,30,-22
119000118,0,3,-3
119000123,29,7,22
119000124,0,0,0
119000125,0,0,0
119000126,0,0,0
119000127,39,233,-194
119000128,15,6,9
119000131,114,353,-239
119000132,5,1,4
119000133,0,0,0
119000134,0,0,0
119000135,0,0,0
119000136,5,38,-33
119000137,0,0,0
119000138,10,74,-64
119000139,0,0,0
119000140,8,25,-17
119000284,524,1520,-996
119000285,754,1303,-549
119000286,1159,1497,-338
119000287,164,647,-483
119000288,180,399,-219
119000289,293,789,-496
119000290,5,25,-20
119000291,10,163,-153
119000293,89,63,26
119000294,0,0,0
119000295,274,55,219
119000296,0,4,-4
119000297,0,0,0
119000302,1332,99,1233
119000303,0,0,0
119000310,0,0,0
119000314,242,197,45
119000315,0,0,0
119000316,0,13,-13
119000317,0,0,0
119900001,9,12,-3
119900002,0,0,0
119900003,0,32,-32
119900004,0,2,-2
119900005,0,0,0
119900006,6,18,-12
119900007,0,0,0
119900008,0,0,0
119900009,2,22,-20
119900010,0,47,-47
119900011,0,2,-2
119900012,0,2,-2
119900013,68,48,20
119900014,7,8,-1
119900015,0,0,0
119900016,0,0,0
119900017,0,0,0
119900018,0,0,0
119900019,0,0,0
119900020,0,0,0
119900021,0,1,-1
119900022,0,0,0
119900023,0,0,0
119900025,0,0,0
119900026,0,0,0
119900027,0,0,0
119900028,0,0,0
119900029,0,0,0
119900030,0,3,-3
119900031,0,0,0
119900033,73,2,71
119900034,0,0,0
119900037,0,0,0
119900038,0,0,0
119900039,0,0,0
119900040,0,0,0
119900041,0,0,0
119900042,0,0,0
119900043,0,0,0
119900044,0,0,0
119900046,0,0,0
119900047,0,0,0
119900048,0,0,0
119900049,0,0,0
119900050,0,0,0
119900051,0,0,0
119900052,0,0,0
119900053,0,0,0
119900054,0,0,0
119900055,3,15,-12
119900057,0,1,-1
119900058,0,0,0
119900059,0,1,-1
119900060,0,0,0
119900061,0,1,-1
119900062,0,0,0
119900063,0,0,0
119900065,0,0,0
119900067,0,0,0
119900068,0,0,0
119900069,0,0,0
119900070,0,0,0
119900071,0,0,0
119900073,0,0,0
119900074,0,0,0
119900075,323,105,218
119900076,0,30,-30
119900077,0,108,-108
119900078,0,0,0
119900079,0,0,0
119900080,0,6,-6
119900081,2,43,-41
119900082,0,1,-1
119900083,0,0,0
119900084,2,2,0
119900085,24,8,16
119900086,1,171,-170
119900087,2,9,-7
119900088,2,12,-10
119900089,1,168,-167
119900090,12,6,6
119900091,1,144,-143
119900092,0,59,-59
119900093,14,2,12
119900094,11,42,-31
119900095,0,0,0
119900096,1,12,-11
119900097,61,10,51
119900098,0,0,0
119900099,1,24,-23
119900100,348,135,213
119900101,17,105,-88
119900102,1,56,-55
119900103,1,48,-47
119900104,0,16,-16
119900105,35,180,-145
119900106,1,15,-14
119900107,14,132,-118
119900108,128,95,33
119900109,0,3,-3
119900110,27,89,-62
119900111,0,0,0
119900112,39,7,32
119900113,0,0,0
119900114,5,229,-224
119900115,0,0,0
119900116,0,0,0
119900117,12,99,-87
119900118,0,0,0
119900119,0,0,0
119900120,38,44,-6
119900121,0,32,-32
119900122,0,0,0
119900123,0,0,0
119900124,1,26,-25
119900125,0,0,0
119900126,290,17,273
119900127,0,0,0
119900128,0,0,0
119900129,0,7,-7
119900130,0,0,0
119900131,0,7,-7
119900132,0,0,0
119900133,0,1,-1
119900134,14,0,14
119900135,0,0,0
119900136,0,0,0
119900138,0,0,0
119900139,1,5,-4
119900140,0,1,-1
119900141,0,0,0
119900142,0,0,0
119900143,0,0,0
119900144,0,0,0
119900145,0,0,0
119900146,4,8,-4
119900147,0,0,0
119900148,0,0,0
119900149,1,5,-4
119900150,0,0,0
119900151,29,12,17
119900152,0,0,0
119900153,0,0,0
119900154,1,108,-107
119900155,0,10,-10
119900156,0,0,0
119900157,0,0,0
119900158,0,0,0
119900159,0,183,-183
119900160,0,12,-12
119900161,0,0,0
119900162,0,0,0
119900163,1,1,0
119900164,0,0,0
119900165,0,0,0
119900166,0,0,0
119900167,2,1,1
119900168,0,0,0
119900169,0,3,-3
119900170,7,2,5
119900171,0,0,0
119900172,0,0,0
119900173,1,39,-38
119900174,0,1,-1
119900175,0,0,0
119900177,0,18,-18
119900178,0,0,0
119900179,0,1,-1
119900180,0,0,0
119900181,0,0,0
119900182,0,29,-29
119900183,1,59,-58
119900184,8,0,8
119900185,0,0,0
119900186,0,0,0
119900187,1,45,-44
119900188,0,14,-14
119900189,7,2,5
119900190,0,0,0
119900191,0,1,-1
119900192,0,10,-10
119900193,0,0,0
119900194,0,0,0
119900195,0,22,-22
119900196,0,0,0
119900197,0,0,0
119900198,1,28,-27
119900199,0,0,0
119900200,0,0,0
119900201,17,9,8
119900202,0,0,0
119900203,0,0,0
119900204,0,0,0
119900205,0,0,0
119900206,0,0,0
119900208,0,0,0
119900209,1,17,-16
119900210,0,0,0
119900211,0,1,-1
119900212,0,17,-17
119900213,1,6,-5
119900214,0,31,-31
119900215,0,17,-17
119900216,0,7,-7
119900217,0,9,-9
119900218,0,3,-3
119900219,0,1,-1
119900220,0,2,-2
119900221,0,0,0
119900222,0,0,0
119900223,0,0,0
119900224,0,0,0
119900225,0,0,0
119900226,0,0,0
119900227,175,17,158
119900228,0,0,0
119900229,0,0,0
119900230,0,0,0
119900231,0,0,0
119900232,0,0,0
119900233,0,0,0
119900234,0,1,-1
119900235,0,0,0
119900236,0,0,0
119900237,0,0,0
119900238,1,12,-11
119900240,1,10,-9
119900241,5,29,-24
119900242,1,15,-14
119900244,0,0,0
119900245,0,2,-2
119900246,0,0,0
119900247,0,0,0
119900248,0,0,0
119900249,0,0,0
119900253,0,0,0
119900254,0,0,0
119900255,3,110,-107
119900256,0,66,-66
119900257,0,0,0
119900258,0,0,0
119900259,0,15,-15
119900260,0,0,0
119900261,0,0,0
119900262,0,33,-33
119900263,16,45,-29
119900264,0,0,0
119900265,0,0,0
119900266,0,0,0
119900267,0,0,0
119900268,0,0,0
119900269,0,6,-6
119900271,0,0,0
119900272,0,0,0
119900275,0,2,-2
119900276,0,0,0
119900277,0,0,0
119900278,8,0,8
119900279,1,1,0
119900280,37,11,26
119900281,0,20,-20
119900282,0,0,0
119900283,0,0,0
119900284,0,36,-36
119900285,0,0,0
119900286,0,0,0
119900288,1,11,-10
119900289,0,10,-10
119900290,0,3,-3
119900291,0,1,-1
119900292,0,0,0
119900293,0,4,-4
119900294,1,9,-8
119900295,0,6,-6
119900296,0,12,-12
119900297,0,4,-4
119900298,0,3,-3
119900299,0,0,0
119900300,0,0,0
119900301,0,0,0
119900302,1,4,-3
119900303,2,5,-3
119900304,2,1,1
119900305,0,0,0
119900306,0,0,0
119900307,0,0,0
119900308,0,2,-2
119900309,0,0,0
119900310,4,17,-13
119900311,0,0,0
119900312,0,1,-1
119900313,0,0,0
119900314,0,0,0
119900315,2,195,-193
119900318,0,0,0
119900319,0,29,-29
119900320,0,85,-85
119900321,0,0,0
120000001,789,373,416
120000002,346,991,-645
120000003,539,664,-125
120000004,700,896,-196
120000005,3966,1055,2911
120000006,347,560,-213
120000007,542,1137,-595
120000008,183,703,-520
120000009,557,434,123
120000010,262,912,-650
120000011,139,663,-524
120000012,364,1092,-728
120000013,259,700,-441
120000014,56,394,-338
120000015,324,596,-272
120000016,285,82,203
120000017,49,70,-21
120000018,596,398,198
120000019,89,150,-61
120000020,419,350,69
120000021,353,343,10
120000022,1927,423,1504
120000023,135,274,-139
120000024,263,444,-181
120000025,248,490,-242
120000026,65,597,-532
120000027,312,865,-553
120000028,58,194,-136
120000029,153,96,57
120000030,2,21,-19
120000031,163,107,56
120000032,1852,408,1444
120000033,143,293,-150
120000034,54,386,-332
120000035,63,194,-131
120000036,141,305,-164
120000037,0,0,0
120000038,1490,243,1247
120000039,27,89,-62
120000040,2,19,-17
120000041,20,159,-139
120000042,39,678,-639
120000043,103,294,-191
120000044,192,157,35
120000045,200,129,71
120000046,120,194,-74
120000047,123,219,-96
120000048,1005,339,666
120000049,264,357,-93
120000050,228,656,-428
120000051,839,844,-5
120000052,1767,178,1589
120000053,58,443,-385
120000054,164,1260,-1096
120000055,107,761,-654
120000056,111,842,-731
120000057,44,213,-169
120000058,9,19,-10
120000059,4,23,-19
120000061,34,217,-183
120000062,9,66,-57
120000063,457,811,-354
120000064,55,415,-360
120000065,31,382,-351
120000066,7,71,-64
120000067,9,103,-94
120000068,16,305,-289
120000069,65,436,-371
120000070,4,160,-156
120000071,6,36,-30
120000072,56,169,-113
120000073,37,27,10
120000074,4,11,-7
120000075,11,36,-25
120000076,66,118,-52
120000077,85,117,-32
120000078,403,140,263
120000079,0,0,0
120000080,0,0,0
120000081,0,7,-7
120000082,1,1,0
120000083,1,11,-10
120000084,26,50,-24
120000085,54,81,-27
120000086,23,131,-108
120000087,9,291,-282
120000088,29,78,-49
120000089,0,0,0
120000090,0,0,0
120000091,0,0,0
120000092,0,0,0
120000093,0,0,0
120000094,0,0,0
120000095,28,70,-42
120000096,22,147,-125
120000098,38,112,-74
120000099,7,76,-69
120000100,43,107,-64
120000101,27,76,-49
120000102,25,57,-32
120000103,43,48,-5
120000104,65,26,39
120000105,58,23,35
120000106,42,27,15
120000107,74,20,54
120000108,33,4,29
120000109,80,8,72
120000110,22,272,-250
120000111,37,359,-322
120000112,129,993,-864
120000113,91,726,-635
120000114,50,608,-558
120000115,61,579,-518
120000116,93,545,-452
120000117,346,553,-207
120000118,0,0,0
120000119,0,0,0
120000120,0,0,0
120000121,0,0,0
120000122,0,0,0
120000123,69,68,1
120000124,11,13,-2
120000125,14,67,-53
120000126,10,50,-40
120000127,46,50,-4
120000128,114,130,-16
120000129,3,3,0
120000130,0,0,0
120000131,24,67,-43
120000134,0,0,0
120000135,6,46,-40
120000137,0,0,0
120000138,7,26,-19
120000139,0,0,0
120000140,6,36,-30
120000141,0,0,0
120000142,2,21,-19
120000143,0,0,0
120000144,0,0,0
120000145,0,0,0
120000146,250,83,167
120000149,31,86,-55
120000150,42,103,-61
120000151,0,4,-4
120000152,0,0,0
120000153,22,162,-140
120000154,87,315,-228
120000155,0,0,0
120000156,0,1,-1
120000157,0,0,0
120000158,99,363,-264
120000159,368,1778,-1410
120000160,469,180,289
120000161,100,351,-251
120000162,4,38,-34
120000163,32,388,-356
120000164,40,146,-106
120000165,21,276,-255
120000166,28,155,-127
120000167,0,1,-1
120000168,1,11,-10
120000169,97,19,78
120000170,87,16,71
120000171,33,13,20
120000172,7,2,5
120000173,212,3,209
120000174,49,0,49
120000175,30,0,30
120000176,12,42,-30
120000177,119,247,-128
120000178,4,3,1
120000179,22,9,13
120000180,57,17,40
120000181,7,12,-5
120000182,15,8,7
120000183,0,37,-37
120000184,12,664,-652
120000186,1,5,-4
120000187,0,3,-3
120000188,0,11,-11
120000190,0,0,0
120000191,0,0,0
120000192,0,0,0
120000193,0,0,0
120000195,0,0,0
120000196,0,0,0
120000197,0,0,0
120000198,0,9,-9
120000199,0,0,0
120000200,0,0,0
120000201,0,0,0
120000202,1,11,-10
120000203,0,34,-34
120000207,0,0,0
120000208,0,0,0
120000209,0,0,0
120000210,0,0,0
120000211,0,0,0
120000212,0,0,0
120000213,0,0,0
120000214,0,0,0
120000215,0,0,0
120000216,0,0,0
120000217,36,122,-86
120000218,13,133,-120
120000219,0,124,-124
120000220,0,322,-322
120000225,0,0,0
120000226,0,0,0
120000227,0,0,0
120000228,650,182,468
120000230,0,0,0
120000231,0,0,0
120000233,0,1,-1
120000235,50,201,-151
120000236,0,0,0
120000237,0,247,-247
120000238,0,23,-23
120000241,0,0,0
120000412,0,0,0
120000413,0,0,0
120000414,0,0,0
120000415,0,0,0
120000416,0,0,0
120000417,0,0,0
120000418,0,0,0
120000419,0,0,0
120000420,0,0,0
120000421,2486,3000,-514
120000422,52,39,13
120000423,0,16,-16
120000424,1,14,-13
120000436,14,23,-9
120000437,77,28,49
120000438,274,81,193
120000439,21,60,-39
120000443,0,0,0
120000444,15,136,-121
120000445,43,34,9
120000446,52,6,46
120000447,0,1,-1
120000449,0,0,0
120000450,0,0,0
120000451,8,22,-14
120000452,0,0,0
120000453,2,300,-298
120000454,0,0,0
120000455,9,10,-1
120000456,333,382,-49
120000457,131,55,76
120000458,96,147,-51
120000459,0,0,0
120000665,38,5,33
120000668,5,31,-26
120000669,0,0,0
120000670,4,12,-8
120000671,81,77,4
120000672,21,153,-132
120900001,0,0,0
120900002,0,0,0
120900003,0,0,0
120900004,0,1,-1
120900005,0,0,0
120900006,0,0,0
120900007,1,15,-14
120900008,0,4,-4
120900009,0,0,0
120900010,1,3,-2
120900011,0,0,0
120900012,12,7,5
120900013,0,0,0
120900014,0,0,0
120900015,0,0,0
120900016,0,0,0
120900017,122,11,111
120900018,0,1,-1
120900019,6,6,0
120900020,1,4,-3
120900021,0,0,0
120900022,0,0,0
120900023,0,0,0
120900024,62,31,31
120900025,2,2,0
120900026,0,0,0
120900027,0,0,0
120900028,4,0,4
120900029,0,0,0
120900030,3,1,2
120900031,0,0,0
120900032,0,0,0
120900033,0,0,0
120900034,0,0,0
120900035,0,0,0
120900037,4,0,4
120900038,0,0,0
120900039,0,0,0
120900040,0,0,0
120900041,0,0,0
120900042,0,0,0
120900043,0,0,0
120900044,0,0,0
120900045,0,0,0
120900046,2,0,2
120900047,0,0,0
120900048,0,0,0
120900049,0,0,0
120900050,0,0,0
120900051,0,0,0
120900052,0,0,0
120900053,0,0,0
120900054,0,0,0
120900055,6,0,6
120900056,0,0,0
120900057,0,0,0
120900058,0,0,0
120900059,0,0,0
120900060,0,0,0
120900061,0,0,0
120900062,4,0,4
120900063,0,0,0
120900064,0,0,0
120900065,0,0,0
120900066,0,25,-25
120900067,0,0,0
120900068,0,0,0
120900069,0,1,-1
120900071,0,0,0
120900072,0,0,0
120900073,0,0,0
120900074,0,0,0
120900076,0,0,0
120900077,0,3,-3
120900078,0,111,-111
120900079,0,4,-4
120900080,0,156,-156
120900081,0,0,0
120900082,0,30,-30
120900083,0,0,0
120900084,0,0,0
120900085,0,0,0
120900086,6,6,0
120900087,0,0,0
120900088,1,0,1
120900089,188,27,161
120900090,0,1,-1
120900091,0,0,0
120900092,20,21,-1
120900093,0,0,0
120900094,47,23,24
120900095,0,0,0
120900096,0,0,0
120900097,25,94,-69
120900098,0,0,0
120900099,0,3,-3
120900100,0,23,-23
120900101,0,0,0
120900102,0,0,0
120900103,0,6,-6
120900104,0,4,-4
120900105,0,0,0
120900106,147,55,92
120900107,41,11,30
120900108,0,0,0
120900109,5,83,-78
120900110,0,0,0
120900111,3,23,-20
120900112,0,0,0
120900113,1,105,-104
120900114,0,33,-33
120900115,37,28,9
120900116,1,36,-35
120900117,0,0,0
120900118,1,133,-132
120900119,0,0,0
120900120,1,67,-66
120900121,24,49,-25
120900122,0,42,-42
120900123,0,0,0
120900124,0,125,-125
120900125,0,69,-69
120900126,51,57,-6
120900127,0,6,-6
120900128,134,148,-14
120900129,2,61,-59
120900130,0,83,-83
120900131,0,0,0
120900132,0,0,0
120900133,14,124,-110
120900134,42,79,-37
120900135,0,105,-105
120900136,0,0,0
120900137,0,0,0
120900138,2,24,-22
120900139,2,129,-127
120900140,0,0,0
120900141,0,0,0
120900142,2,107,-105
120900143,2,133,-131
120900144,0,55,-55
120900145,0,134,-134
120900146,3,111,-108
120900147,0,7,-7
120900148,0,7,-7
120900149,0,82,-82
120900150,1,59,-58
120900151,1,87,-86
120900152,0,1,-1
120900153,0,0,0
120900154,0,36,-36
120900155,6,201,-195
120900156,0,112,-112
120900157,0,3,-3
120900158,5,105,-100
120900159,1,16,-15
120900160,24,84,-60
120900161,0,51,-51
120900162,0,73,-73
120900163,0,0,0
120900164,0,0,0
120900165,0,0,0
120900166,0,1,-1
120900167,1,2,-1
120900169,5,73,-68
120900170,38,22,16
120900171,61,7,54
120900172,0,0,0
120900173,0,8,-8
120900174,0,15,-15
120900175,0,0,0
120900176,0,4,-4
120900177,0,7,-7
120900178,0,5,-5
120900179,34,22,12
120900180,0,0,0
120900181,0,0,0
120900182,0,0,0
120900183,0,0,0
120900184,0,0,0
120900185,0,2,-2
120900186,0,110,-110
120900187,2,9,-7
120900188,0,0,0
120900189,0,0,0
120900190,0,0,0
120900191,0,0,0
120900192,276,31,245
120900194,0,0,0
120900195,0,15,-15
120900196,0,0,0
120900197,0,0,0
120900198,17,61,-44
120900199,0,0,0
120900200,0,0,0
120900201,58,11,47
120900202,0,24,-24
120900203,0,0,0
120900204,106,81,25
120900205,0,0,0
120900206,0,0,0
120900207,6,84,-78
121000001,229,418,-189
121000002,244,183,61
121000003,1760,764,996
121000004,538,312,226
121000005,968,696,272
121000006,919,367,552
121000007,1080,1188,-108
121000008,1105,418,687
121000009,2925,1903,1022
121000010,2921,658,2263
121000011,5053,1709,3344
121000012,4465,992,3473
121000013,3083,2206,877
121000014,2938,1656,1282
121000015,1183,2067,-884
121000016,2941,1862,1079
121000017,315,749,-434
121000018,705,426,279
121000019,4036,1600,2436
121000020,3593,1430,2163
121000021,714,1001,-287
121000022,596,554,42
121000023,1171,838,333
121000024,744,1350,-606
121000025,169,52,117
121000026,48,27,21
121000027,1034,195,839
121000028,134,69,65
121000029,11,44,-33
121000030,31,44,-13
121000031,57,89,-32
121000032,25,29,-4
121000034,0,0,0
121000035,5,21,-16
121000036,45,82,-37
121000037,169,145,24
121000038,153,188,-35
121000039,12,42,-30
121000041,26,40,-14
121000042,0,0,0
121000043,32,20,12
121000044,144,113,31
121000045,7,24,-17
121000046,12,94,-82
121000047,0,7,-7
121000049,403,212,191
121000050,68,627,-559
121000051,36,35,1
121000052,33,209,-176
121000053,0,0,0
121000054,6,88,-82
121000055,379,225,154
121000056,219,269,-50
121000057,33,51,-18
121000058,140,62,78
121000059,83,122,-39
121000060,113,107,6
121000061,3,34,-31
121000062,40,17,23
121000063,204,239,-35
121000064,50,48,2
121000065,17,35,-18
121000066,82,54,28
121000067,197,42,155
121000068,0,0,0
121000069,0,0,0
121000070,130,166,-36
121000071,103,193,-90
121000072,126,113,13
121000073,195,183,12
121000074,37,39,-2
121000075,7,23,-16
121000076,66,9,57
121000077,0,0,0
121000078,39,52,-13
121000080,465,177,288
121000081,241,355,-114
121000082,72,102,-30
121000083,0,0,0
121000084,45,66,-21
121000085,365,174,191
121000086,0,0,0
121000087,0,0,0
121000088,106,248,-142
121000089,0,0,0
121000090,72,210,-138
121000091,717,604,113
121000092,79,29,50
121000093,36,69,-33
121000094,148,85,63
121000095,0,0,0
121000096,1574,619,955
121000097,314,357,-43
121000098,113,198,-85
121000099,106,225,-119
121000100,50,158,-108
121000101,0,0,0
121000102,22,70,-48
121000103,0,0,0
121000104,8,49,-41
121000105,20,73,-53
121000106,0,0,0
121000107,1048,983,65
121000109,591,607,-16
121000110,44,72,-28
121000114,732,1075,-343
121000115,223,258,-35
121000116,167,243,-76
121000117,13,0,13
121000118,99,7,92
121000119,16,15,1
121000120,0,0,0
121000121,0,0,0
121000123,0,0,0
121000127,3,12,-9
121000128,74,206,-132
121000129,33,155,-122
121000130,104,139,-35
121000131,203,173,30
121000132,232,135,97
121000135,23,11,12
121000136,99,26,73
121000137,111,6,105
121000138,64,72,-8
121000139,94,40,54
121000141,24,42,-18
121000142,159,92,67
121000143,0,0,0
121000144,28,62,-34
121000145,60,143,-83
121000146,105,79,26
121000147,107,49,58
121000148,32,102,-70
121000149,325,270,55
121000152,103,63,40
121000153,234,119,115
121000154,243,19,224
121000155,226,182,44
121000156,124,196,-72
121000157,205,82,123
121000158,38,59,-21
121000159,6,62,-56
121000160,15,72,-57
121000161,0,0,0
121000162,0,1,-1
121000165,4,1,3
121000166,12,28,-16
121000168,39,71,-32
121000169,9,69,-60
121000170,93,18,75
121000171,8,99,-91
121000172,116,166,-50
121000173,248,209,39
121000174,50,193,-143
121000175,51,90,-39
121000176,229,109,120
121000177,38,77,-39
121000178,30,10,20
121000179,4,12,-8
121000181,76,105,-29
121000182,106,30,76
121000183,15,7,8
121000184,2,5,-3
121000185,0,0,0
121000186,16,67,-51
121000187,0,0,0
121000188,0,0,0
121000192,90,45,45
121000193,95,106,-11
121000194,1208,593,615
121000195,63,260,-197
121000196,2,0,2
121000197,17,111,-94
121000198,17,62,-45
121000199,13,251,-238
121000200,48,29,19
121000201,1,38,-37
121000202,3,2,1
121000203,5,114,-109
121000204,61,12,49
121000205,31,231,-200
121000206,14,35,-21
121000207,100,71,29
121000208,1,102,-101
121000209,17,284,-267
121000210,49,120,-71
121000211,8,65,-57
121000212,66,138,-72
121000213,83,192,-109
121000214,106,139,-33
121000215,235,151,84
121000216,34,106,-72
121000217,684,221,463
121000218,109,523,-414
121000219,120,87,33
121000220,150,87,63
121000221,41,18,23
121000222,616,850,-234
121000223,44,85,-41
121000224,0,0,0
121000225,145,101,44
121000226,81,77,4
121000227,0,56,-56
121000228,12,529,-517
121000229,3,226,-223
121000230,29,1096,-1067
121000231,0,0,0
121000232,0,0,0
121000233,6,23,-17
121000234,0,0,0
121000235,0,2,-2
121000236,0,0,0
121000237,0,1,-1
121000238,0,0,0
121000239,1,0,1
121000240,0,0,0
121000241,0,0,0
121000242,0,0,0
121000243,0,1,-1
121000244,0,0,0
121000245,0,0,0
121000246,0,0,0
121000247,3,0,3
121000248,2,6,-4
121000249,13,41,-28
121000250,21,10,11
121000251,5,179,-174
121000252,6,1,5
121000253,47,361,-314
121000254,81,30,51
121000255,20,61,-41
121000256,16,8,8
121000257,11,23,-12
121000258,10,4,6
121000259,12,12,0
121000260,16,36,-20
121000261,3,5,-2
121000262,326,132,194
121000263,135,170,-35
121000271,48,210,-162
121000273,2,10,-8
121000274,0,1,-1
121000275,0,21,-21
121000276,0,0,0
121000278,1,3,-2
121000279,5,13,-8
121000280,0,0,0
121000289,4,1,3
121000290,226,240,-14
121000294,5,33,-28
121000297,104,121,-17
121000299,9,107,-98
121000300,130,72,58
121000302,47,90,-43
121000303,162,55,107
121000304,0,0,0
121000305,0,0,0
121000306,0,0,0
121000308,84,57,27
121000309,318,144,174
121000310,11,127,-116
121000311,20,445,-425
121000312,0,0,0
121000313,89,171,-82
121000314,76,30,46
121000315,67,23,44
121000530,125,194,-69
121000531,115,224,-109
121000532,1002,378,624
121000533,795,331,464
121000918,0,58,-58
121000919,0,0,0
121000938,93,23,70
121000939,81,6,75
121000956,92,273,-181
121000957,0,56,-56
121000958,3,74,-71
121000959,63,316,-253
121000960,94,447,-353
121000961,10,0,10
121000962,0,0,0
121000973,4,86,-82
121000976,0,0,0
121000979,0,0,0
121000981,12,0,12
121000982,0,0,0
121000983,17,142,-125
121000984,1,9,-8
121000985,56,68,-12
121000986,2,20,-18
121000987,36,513,-477
121000988,87,16,71
121001302,90,46,44
121001308,1,4,-3
121001309,5,2,3
121001313,7,113,-106
121001314,2806,2110,696
121001315,1246,693,553
121001326,3,17,-14
121900001,0,0,0
121900002,0,3,-3
121900003,0,0,0
121900004,0,0,0
121900005,0,0,0
121900006,0,0,0
121900007,0,0,0
121900008,0,0,0
121900009,0,0,0
121900010,0,0,0
121900011,0,0,0
121900012,0,0,0
121900013,0,0,0
121900014,0,0,0
121900015,0,0,0
121900016,0,0,0
121900017,0,0,0
121900018,0,0,0
121900019,0,0,0
121900020,0,0,0
121900021,0,0,0
121900022,0,0,0
121900023,0,0,0
121900024,0,0,0
121900025,0,0,0
121900026,0,0,0
121900027,0,0,0
121900028,0,0,0
121900029,0,0,0
121900030,0,0,0
121900031,0,0,0
121900032,0,0,0
121900033,0,0,0
121900034,0,0,0
121900035,0,0,0
121900036,0,0,0
121900037,0,0,0
121900038,0,0,0
121900039,0,0,0
121900040,0,0,0
121900041,0,0,0
121900042,0,0,0
121900043,0,0,0
121900044,0,0,0
121900046,0,0,0
121900047,0,0,0
121900048,0,0,0
121900050,0,0,0
121900051,0,0,0
121900052,0,0,0
121900053,19,40,-21
121900054,0,0,0
121900055,0,0,0
121900058,0,0,0
121900059,0,0,0
121900060,0,0,0
121900061,0,0,0
121900062,0,0,0
121900063,0,0,0
121900064,0,0,0
121900066,0,0,0
121900067,0,0,0
121900069,0,0,0
121900070,0,0,0
121900071,0,0,0
121900072,0,0,0
121900073,0,0,0
121900074,0,0,0
121900075,0,0,0
121900076,0,0,0
121900077,0,0,0
121900078,0,0,0
121900079,0,0,0
121900080,0,0,0
121900082,0,0,0
121900084,0,0,0
121900085,0,0,0
121900086,0,0,0
121900087,0,0,0
121900088,0,0,0
121900089,0,0,0
121900090,0,0,0
121900091,0,0,0
121900092,0,0,0
121900093,0,0,0
121900094,0,0,0
121900095,0,0,0
121900096,0,0,0
121900097,0,0,0
121900098,0,0,0
121900099,0,0,0
121900100,0,0,0
121900101,0,0,0
121900102,0,0,0
121900103,0,0,0
121900104,0,0,0
121900105,0,0,0
121900106,0,0,0
121900107,0,0,0
121900108,0,0,0
121900109,0,0,0
121900110,0,0,0
121900111,0,0,0
121900112,0,0,0
121900113,0,0,0
121900114,0,0,0
121900117,0,0,0
121900118,0,0,0
121900119,0,0,0
121900120,0,0,0
121900121,0,0,0
121900122,0,0,0
121900123,0,0,0
121900124,0,0,0
121900125,0,0,0
121900127,0,0,0
121900128,0,0,0
121900129,0,0,0
121900130,0,0,0
121900131,0,0,0
121900132,0,0,0
121900133,0,0,0
121900134,0,0,0
121900135,0,0,0
121900136,0,0,0
121900137,0,0,0
121900138,0,0,0
121900139,0,0,0
121900140,0,0,0
121900141,0,0,0
121900142,0,0,0
121900143,0,0,0
121900144,0,0,0
121900145,0,0,0
121900146,0,0,0
121900147,0,0,0
121900148,0,0,0
121900149,0,0,0
121900150,0,0,0
121900151,0,0,0
121900152,0,0,0
121900153,0,0,0
121900154,0,0,0
121900155,0,0,0
121900156,0,0,0
121900157,0,0,0
121900158,0,1,-1
121900159,0,0,0
121900160,0,0,0
121900161,0,0,0
121900162,0,3,-3
121900163,0,0,0
121900164,0,0,0
121900165,0,0,0
121900166,0,0,0
121900167,0,0,0
121900168,0,0,0
121900169,0,42,-42
121900170,0,0,0
121900171,0,0,0
121900172,0,0,0
121900173,0,0,0
121900174,0,0,0
121900175,0,0,0
121900176,25,96,-71
121900177,0,1,-1
121900178,0,0,0
121900179,0,0,0
121900180,13,1,12
121900182,0,0,0
121900183,0,0,0
121900184,0,0,0
121900186,0,0,0
121900187,0,1,-1
121900188,0,0,0
121900189,0,0,0
121900190,0,0,0
121900191,0,0,0
121900192,0,0,0
121900193,0,0,0
121900194,0,0,0
121900195,0,0,0
121900196,0,0,0
121900197,8,61,-53
121900198,0,0,0
121900199,0,0,0
121900200,0,0,0
121900201,0,0,0
121900202,2,6,-4
121900203,0,0,0
121900204,0,0,0
121900205,0,0,0
121900206,0,0,0
121900207,0,0,0
121900208,0,0,0
121900209,0,0,0
121900210,0,0,0
121900211,0,0,0
121900212,0,0,0
121900213,0,0,0
121900214,0,0,0
121900215,0,0,0
121900216,0,0,0
121900217,0,0,0
121900218,0,0,0
121900220,0,0,0
121900221,0,0,0
121900222,0,0,0
121900223,0,0,0
121900224,0,0,0
121900225,0,0,0
121900226,0,0,0
121900227,0,0,0
121900228,0,0,0
121900230,0,0,0
121900231,0,0,0
121900232,0,0,0
121900233,0,0,0
121900234,0,0,0
121900235,0,0,0
121900236,0,0,0
121900237,0,0,0
121900238,0,0,0
121900239,0,0,0
121900240,0,0,0
121900241,0,0,0
121900242,0,0,0
121900243,0,0,0
121900244,0,0,0
121900245,0,0,0
121900246,0,0,0
121900248,0,0,0
121900250,0,0,0
121900251,0,0,0
121900252,0,0,0
121900253,7,26,-19
121900254,0,0,0
121900255,0,0,0
121900258,0,0,0
121900259,0,0,0
121900260,0,0,0
121900261,0,0,0
121900262,0,0,0
121900263,0,0,0
121900264,0,0,0
121900265,0,0,0
121900266,0,0,0
121900267,0,0,0
121900269,0,0,0
121900270,0,0,0
121900271,0,0,0
121900273,0,0,0
121900274,0,0,0
121900277,0,0,0
121900278,0,0,0
121900279,0,0,0
121900280,0,0,0
121900281,0,0,0
121900284,0,0,0
121900286,0,15,-15
121900287,0,1,-1
121900288,0,0,0
121900290,0,0,0
121900291,5,17,-12
121900292,0,0,0
121900293,16,194,-178
121900294,0,0,0
121900295,0,0,0
121900296,0,0,0
121900298,0,0,0
121900299,0,0,0
121900300,0,0,0
121900301,0,0,0
121900302,0,0,0
121900303,0,0,0
121900304,0,0,0
121900305,0,0,0
121900306,0,0,0
121900307,0,0,0
121900308,1,16,-15
121900309,0,21,-21
121900310,0,30,-30
121900311,0,0,0
121900312,0,0,0
121900313,0,0,0
121900314,0,0,0
121900315,0,0,0
121900316,0,0,0
121900317,0,0,0
121900318,0,0,0
121900319,0,0,0
121900320,0,0,0
121900321,0,0,0
121900322,0,0,0
121900323,0,0,0
121900324,0,0,0
121900325,0,0,0
121900326,0,0,0
121900327,0,0,0
121900328,0,0,0
121900329,0,0,0
121900330,0,0,0
121900331,0,0,0
121900332,0,0,0
121900333,0,0,0
121900334,0,0,0
122000001,645,761,-116
122000002,686,254,432
122000003,554,345,209
122000004,423,201,222
122000005,130,210,-80
122000006,93,88,5
122000007,129,120,9
122000008,989,381,608
122000009,113,7,106
122000010,343,246,97
122000011,292,129,163
122000012,110,170,-60
122000013,144,167,-23
122000014,123,110,13
122000015,105,61,44
122000016,150,120,30
122000017,339,188,151
122000018,275,304,-29
122000019,142,263,-121
122000020,13,18,-5
122000021,102,32,70
122000022,216,51,165
122000023,73,35,38
122000024,75,139,-64
122000025,75,189,-114
122000026,17,17,0
122000027,186,325,-139
122000028,0,0,0
122000029,0,0,0
122000030,84,53,31
122000031,0,0,0
122000032,24,18,6
122000033,23,39,-16
122000034,203,243,-40
122000035,230,228,2
122000036,42,172,-130
122000037,146,14,132
122000038,55,42,13
122000039,117,83,34
122000040,95,99,-4
122000041,0,0,0
122000042,0,0,0
122000043,0,0,0
122000044,0,0,0
122000045,17,4,13
122000046,4,12,-8
122000047,131,32,99
122000048,548,345,203
122000049,970,738,232
122000050,124,174,-50
122000051,0,0,0
122000052,4,2,2
122000053,7,168,-161
122000054,323,276,47
122000055,492,563,-71
122000056,724,660,64
122000057,1108,807,301
122000058,577,621,-44
122000059,693,625,68
122000060,216,191,25
122000061,74,38,36
122000062,232,63,169
122000063,67,109,-42
122000064,696,768,-72
122000065,974,743,231
122000066,408,320,88
122000067,194,392,-198
122000068,194,141,53
122000069,669,141,528
122000070,21,24,-3
122000071,51,33,18
122000072,142,65,77
122000073,72,110,-38
122000074,11,7,4
122000075,4,6,-2
122000076,118,84,34
122000077,117,260,-143
122000078,306,589,-283
122000079,147,258,-111
122000080,44,53,-9
122000081,17,13,4
122000082,0,0,0
122000083,210,195,15
122000084,178,208,-30
122000085,158,173,-15
122000086,261,356,-95
122000087,9,12,-3
122000088,48,56,-8
122000089,523,275,248
122000090,16,33,-17
122000091,23,19,4
122000092,4,2,2
122000093,227,753,-526
122000094,1189,255,934
122000095,568,357,211
122000096,102,20,82
122000098,1297,839,458
122000099,73,182,-109
122000100,80,77,3
122000101,7,35,-28
122000102,451,195,256
122000103,140,167,-27
122000104,47,12,35
122000105,18,18,0
122000106,48,48,0
122000107,34,12,22
122000108,103,142,-39
122000109,6,10,-4
122000110,93,146,-53
122000111,337,98,239
122000112,37,60,-23
122000113,34,72,-38
122000114,671,1062,-391
122000115,878,384,494
122000116,213,52,161
122000117,103,13,90
122000118,51,16,35
122000119,447,409,38
122000120,411,554,-143
122000121,520,274,246
122000122,100,246,-146
122000123,333,93,240
122000124,140,59,81
122000125,746,169,577
122000126,138,132,6
122000127,192,299,-107
122000128,67,228,-161
122000129,50,18,32
122000130,56,26,30
122000131,36,10,26
122000132,254,60,194
122000133,126,344,-218
122000134,114,109,5
122000135,96,403,-307
122000136,3,7,-4
122000137,16,17,-1
122000139,322,328,-6
122000140,350,86,264
122000141,718,115,603
122000142,53,165,-112
122000143,21,17,4
122000144,36,23,13
122000145,62,81,-19
122000146,0,0,0
122000147,7,17,-10
122000148,1149,416,733
122000149,277,80,197
122000150,50,41,9
122000151,63,100,-37
122000152,69,78,-9
122000153,0,0,0
122000154,0,0,0
122000155,121,74,47
122000156,1667,1106,561
122000157,720,595,125
122000158,38,76,-38
122000159,32,47,-15
122000160,142,48,94
122000161,55,30,25
122000162,102,42,60
122000163,1,0,1
122000164,0,1,-1
122000165,48,78,-30
122000166,10,9,1
122000167,91,65,26
122000168,1,4,-3
122000169,136,64,72
122000170,53,86,-33
122000171,28,68,-40
122000172,149,261,-112
122000173,159,346,-187
122000174,473,410,63
122000175,341,93,248
122000176,7,12,-5
122000177,376,712,-336
122000178,58,6,52
122000179,193,274,-81
122000180,331,668,-337
122000181,734,1728,-994
122000182,148,43,105
122000183,192,22,170
122000184,4290,806,3484
122000185,948,623,325
122000186,63,93,-30
122000187,25,78,-53
122000188,148,73,75
122000189,0,0,0
122000190,10,194,-184
122000191,59,36,23
122000192,116,5,111
122000193,4,11,-7
122000194,61,16,45
122000195,1,12,-11
122000196,25,49,-24
122000197,16,26,-10
122000198,104,91,13
122000199,40,37,3
122000200,58,28,30
122000201,1008,1030,-22
122000202,623,558,65
122000203,489,445,44
122000204,182,371,-189
122000205,175,243,-68
122000206,110,18,92
122000207,53,67,-14
122000208,26,112,-86
122000209,4,2,2
122000210,207,536,-329
122000211,176,306,-130
122000212,129,77,52
122000213,162,217,-55
122000214,232,376,-144
122000215,327,284,43
122000217,433,526,-93
122000218,0,0,0
122000219,454,397,57
122000220,67,256,-189
122000221,9,32,-23
122000222,73,5,68
122000223,118,166,-48
122000225,187,34,153
122000226,154,611,-457
122000227,47,304,-257
122000228,33,161,-128
122000229,10,159,-149
122000230,2,140,-138
122000231,5,164,-159
122000232,9,203,-194
122000233,0,0,0
122000234,15,10,5
122000235,6,11,-5
122000236,24,8,16
122000237,8,4,4
122000238,15,7,8
122000239,0,0,0
122000240,1,4,-3
122000241,4,0,4
122000242,1,0,1
122000243,2,1,1
122000244,3,99,-96
122000245,40,88,-48
122000246,24,20,4
122000247,69,243,-174
122000248,204,380,-176
122000249,39,36,3
122000250,69,8,61
122000251,117,110,7
122000252,31,4,27
122000253,5,116,-111
122000254,10,2,8
122000255,65,46,19
122000256,154,977,-823
122000257,43,187,-144
122000258,61,46,15
122000259,4,133,-129
122000260,4,29,-25
122000261,0,5,-5
122000262,0,29,-29
122000263,7,40,-33
122000264,0,0,0
122000265,0,0,0
122000266,0,0,0
122000267,0,0,0
122000268,0,0,0
122000269,0,0,0
122000270,0,0,0
122000271,0,0,0
122000272,0,0,0
122000273,10,4,6
122000274,2,1,1
122000275,2,3,-1
122000276,42,67,-25
122000277,141,181,-40
122000278,80,48,32
122000279,37,246,-209
122000280,206,375,-169
122000281,102,254,-152
122000282,3,34,-31
122000283,146,29,117
122000284,31,20,11
122000285,96,92,4
122000286,33,103,-70
122000287,12,2,10
122000288,21,2,19
122000291,128,37,91
122000293,23,10,13
122000294,0,0,0
122000295,6,1,5
122000296,9,76,-67
122000297,310,172,138
122000299,25,36,-11
122000300,117,252,-135
122000301,877,280,597
122000302,72,29,43
122000303,1166,441,725
122000304,1,31,-30
122000305,181,65,116
122000306,9,285,-276
122000307,68,34,34
122000309,15,135,-120
122000310,0,8,-8
122000311,5,24,-19
122000312,1,2,-1
122000313,2,5,-3
122000314,8,44,-36
122000315,11,0,11
122000316,15,6,9
122000317,54,9,45
122000318,2,4,-2
122000319,33,93,-60
122000320,46,407,-361
122000321,16,158,-142
122000322,690,94,596
122000323,288,124,164
122000324,106,131,-25
122000325,24,124,-100
122000326,0,0,0
122000327,22,55,-33
122000328,99,178,-79
122000330,149,43,106
122000332,6,30,-24
122000333,1,53,-52
122000337,111,785,-674
122000338,58,158,-100
122000340,45,27,18
122000342,168,266,-98
122000343,25,301,-276
122000344,0,0,0
122000345,3,0,3
122000346,20,19,1
122000348,45,70,-25
122000349,17,141,-124
122000351,1,1,0
122000352,40,4,36
122000353,2,43,-41
122000355,0,0,0
122000356,1082,363,719
122000357,0,0,0
122000358,0,0,0
122000359,0,0,0
122000360,0,0,0
122000362,0,42,-42
122000364,8,69,-61
122000365,0,0,0
122000366,1,2,-1
122000368,102,100,2
122000370,0,11,-11
122000371,0,0,0
122000372,0,0,0
122000381,11,66,-55
122000382,4,32,-28
122000384,413,250,163
122000385,0,0,0
122000386,5,50,-45
122000387,32,46,-14
122000388,61,26,35
122000389,94,163,-69
122000390,18,33,-15
122000391,0,0,0
122000392,14,42,-28
122000393,2,7,-5
122000394,7,40,-33
122000395,4,32,-28
122000396,17,27,-10
122000397,10,28,-18
122000398,0,0,0
122000399,6,6,0
122000400,0,0,0
122000401,16,35,-19
122000402,0,0,0
122000403,111,550,-439
122000404,16,22,-6
122000408,275,306,-31
122000503,0,0,0
122000524,0,0,0
122000544,0,0,0
122000616,377,4,373
122000640,0,0,0
122000641,0,2,-2
122000642,3,6,-3
122000643,0,0,0
122000644,44,58,-14
122000645,83,193,-110
122000651,132,162,-30
122000664,9,10,-1
122000665,254,189,65
122000666,73,99,-26
122000673,13,145,-132
122000674,70,17,53
122000675,165,291,-126
122000686,0,0,0
122000687,34,139,-105
122000688,0,0,0
122000689,81,290,-209
122000690,113,347,-234
122000691,0,0,0
122000692,116,153,-37
122000693,0,0,0
122000695,51,162,-111
122000696,8,11,-3
122000698,41,283,-242
122000699,32,5,27
122000701,105,147,-42
122000702,0,0,0
122000703,0,0,0
122000712,0,0,0
122000717,58,22,36
122000718,35,10,25
122000719,0,1,-1
122000720,4,18,-14
122000724,41,9,32
122900001,0,0,0
122900002,0,0,0
122900003,0,0,0
122900004,0,0,0
122900005,0,0,0
122900006,0,0,0
122900007,0,0,0
122900008,0,0,0
122900009,0,0,0
122900010,0,0,0
122900012,0,0,0
122900014,0,0,0
122900015,0,0,0
122900016,0,0,0
122900017,0,0,0
122900018,0,0,0
122900019,1,31,-30
122900020,0,0,0
122900021,0,0,0
122900022,4,42,-38
122900024,6,6,0
122900025,0,0,0
122900026,0,0,0
122900027,0,45,-45
122900028,0,0,0
122900029,0,0,0
122900030,128,10,118
122900031,0,0,0
122900032,2,10,-8
122900033,0,0,0
122900034,0,0,0
122900035,0,0,0
122900036,0,0,0
122900037,0,0,0
122900038,1,23,-22
122900039,0,0,0
122900040,0,0,0
122900041,0,0,0
122900042,0,0,0
122900043,0,0,0
122900044,0,0,0
122900045,0,0,0
122900046,0,0,0
122900047,0,0,0
122900048,0,0,0
122900049,0,0,0
122900051,0,0,0
122900052,0,1,-1
122900053,0,0,0
122900055,0,0,0
122900057,0,0,0
122900061,0,0,0
122900062,9,5,4
122900063,0,0,0
122900064,0,0,0
122900065,3,6,-3
122900066,3,18,-15
122900067,0,0,0
122900069,5,6,-1
122900070,0,0,0
122900071,0,7,-7
122900072,1,18,-17
122900073,0,0,0
122900074,0,0,0
122900075,0,2,-2
122900076,0,4,-4
122900077,0,27,-27
122900078,0,29,-29
122900080,0,0,0
122900081,0,0,0
122900082,0,0,0
122900083,0,0,0
122900084,0,0,0
122900086,0,0,0
122900087,0,0,0
122900088,0,0,0
122900089,0,0,0
122900090,0,34,-34
122900091,0,0,0
122900092,0,0,0
122900093,0,0,0
122900094,0,0,0
122900095,0,0,0
122900096,0,0,0
122900097,0,0,0
122900098,0,0,0
122900099,0,0,0
122900100,0,0,0
122900101,0,0,0
122900102,0,0,0
122900103,0,0,0
122900104,0,0,0
122900105,0,0,0
122900106,0,0,0
122900107,0,0,0
122900108,0,0,0
122900109,5,16,-11
123000001,497,207,290
123000002,1671,610,1061
123000003,976,692,284
123000004,1539,1826,-287
123000005,234,366,-132
123000006,716,1285,-569
123000007,322,314,8
123000008,833,2029,-1196
123000009,1024,634,390
123000010,2271,2745,-474
123000011,415,223,192
123000012,569,1433,-864
123000013,525,160,365
123000014,673,1760,-1087
123000015,669,226,443
123000016,1439,1542,-103
123000017,341,160,181
123000018,7,32,-25
123000019,0,2,-2
123000020,0,3,-3
123000021,0,1,-1
123000022,8,14,-6
123000023,94,85,9
123000024,58,39,19
123000025,3,6,-3
123000026,0,16,-16
123000027,5,29,-24
123000028,18,6,12
123000029,45,43,2
123000030,17,149,-132
123000031,1,11,-10
123000032,6,9,-3
123000033,0,3,-3
123000034,44,49,-5
123000035,20,8,12
123000036,27,10,17
123000037,51,149,-98
123000038,23,96,-73
123000039,192,261,-69
123000040,349,201,148
123000041,56,30,26
123000042,171,157,14
123000043,313,290,23
123000044,786,611,175
123000045,2044,625,1419
123000046,15,11,4
123000047,458,263,195
123000048,0,0,0
123000049,1046,174,872
123000050,145,86,59
123000051,2,6,-4
123000052,141,206,-65
123000053,946,417,529
123000054,353,171,182
123000055,129,139,-10
123000056,328,836,-508
123000057,2880,1452,1428
123000058,56,56,0
123000059,37,38,-1
123000060,42,45,-3
123000061,33,63,-30
123000063,133,163,-30
123000064,98,113,-15
123000065,1504,1173,331
123000066,281,150,131
123000067,50,104,-54
123000068,965,1379,-414
123000069,2894,1643,1251
123000070,38,53,-15
123000071,25,45,-20
123000072,287,442,-155
123000073,21,31,-10
123000074,170,480,-310
123000075,10,54,-44
123000076,60,233,-173
123000077,1170,943,227
123000078,33,44,-11
123000079,23,40,-17
123000080,353,701,-348
123000081,14,60,-46
123000082,55,204,-149
123000083,52,11,41
123000084,73,311,-238
123000085,2,8,-6
123000086,5,29,-24
123000087,3,36,-33
123000088,92,282,-190
123000089,3,5,-2
123000090,325,612,-287
123000091,5,2,3
123000092,221,445,-224
123000094,15,56,-41
123000095,0,25,-25
123000096,1,9,-8
123000097,62,266,-204
123000098,12,10,2
123000099,75,223,-148
123000100,108,92,16
123000101,13,5,8
123000102,35,93,-58
123000104,23,76,-53
123000105,176,160,16
123000106,62,81,-19
123000107,116,196,-80
123000108,221,278,-57
123000111,23,6,17
123000112,21,26,-5
123000113,85,362,-277
123000114,10,9,1
123000115,32,78,-46
123000116,5,24,-19
123000117,175,359,-184
123000118,85,224,-139
123000119,39,203,-164
123000120,63,135,-72
123000121,71,49,22
123000122,216,153,63
123000123,133,25,108
123000124,198,267,-69
123000125,57,4,53
123000126,43,73,-30
123000127,900,514,386
123000128,41,130,-89
123000129,0,0,0
123000130,0,0,0
123000131,12,131,-119
123000132,68,157,-89
123000133,65,115,-50
123000134,114,30,84
123000135,95,113,-18
123000136,47,350,-303
123000137,14,117,-103
123000138,7,128,-121
123000139,0,0,0
123000140,36,213,-177
123000141,0,0,0
123000142,289,357,-68
123000143,328,931,-603
123000144,6,4,2
123000145,7,22,-15
123000146,2,14,-12
123000147,0,11,-11
123000149,0,0,0
123000150,0,0,0
123000151,34,43,-9
123000152,18,114,-96
123000153,32,49,-17
123000154,194,105,89
123000155,291,148,143
123000156,22,27,-5
123000157,108,229,-121
123000158,0,0,0
123000159,238,168,70
123000160,67,41,26
123000161,170,29,141
123000162,62,57,5
123000163,0,0,0
123000164,0,0,0
123000165,53,453,-400
123000166,5,54,-49
123000167,3,69,-66
123000168,20,78,-58
123000169,0,0,0
123000170,0,68,-68
123000171,0,20,-20
123000172,47,190,-143
123000173,0,0,0
123000174,0,0,0
123000175,171,476,-305
123000176,0,0,0
123000177,28,222,-194
123000178,0,0,0
123000179,4,150,-146
123000180,218,22,196
123000181,47,481,-434
123000182,10,101,-91
123000183,38,28,10
123000184,13,152,-139
123000185,0,0,0
123000186,1,319,-318
123000187,0,0,0
123000188,0,2,-2
123000189,6,49,-43
123000190,0,17,-17
123000192,5,131,-126
123000193,9,107,-98
123000194,101,72,29
123000195,0,0,0
123000196,4,6,-2
123000197,0,48,-48
123000198,2,83,-81
123000199,1,190,-189
123000200,0,0,0
123000201,0,0,0
123000202,10,489,-479
123000203,0,0,0
123000204,10,506,-496
123000205,54,570,-516
123000206,99,5,94
123000207,25,241,-216
123000208,11,7,4
123000209,92,12,80
123000210,110,372,-262
123000211,116,692,-576
123000212,0,0,0
123000213,0,0,0
123000215,182,36,146
123000216,0,0,0
123000217,0,0,0
123000218,26,91,-65
123000219,0,0,0
123000220,0,0,0
123000221,0,0,0
123000222,4,9,-5
123000223,5,6,-1
123000224,16,43,-27
123000225,4,21,-17
123000226,0,165,-165
123000227,4,129,-125
123000228,8,12,-4
123000229,276,600,-324
123000232,21,203,-182
123000233,0,0,0
123000234,24,255,-231
123000235,0,0,0
123000236,25,312,-287
123000237,0,0,0
123000238,21,158,-137
123000239,83,598,-515
123000240,5,58,-53
123000241,0,0,0
123000242,8,40,-32
123000243,199,349,-150
123000244,247,290,-43
123000245,20,104,-84
123000249,604,364,240
123000252,0,0,0
123000253,0,0,0
123000254,32,194,-162
123000255,33,52,-19
123000256,11,96,-85
123000257,436,608,-172
123000258,117,346,-229
123000259,23,56,-33
123000260,34,89,-55
123000261,24,23,1
123000262,14,54,-40
123000263,12,3,9
123000264,2,0,2
123000265,3,35,-32
123000266,35,145,-110
123000267,0,0,0
123000268,4,17,-13
123000269,0,0,0
123000270,0,0,0
123000271,6,20,-14
123000272,0,0,0
123000273,0,0,0
123000274,0,0,0
123000275,51,390,-339
123000278,526,417,109
123000279,0,0,0
123000280,11,80,-69
123000281,0,0,0
123000282,17,58,-41
123000283,0,0,0
123000284,11,27,-16
123000286,55,31,24
123000287,48,37,11
123000288,0,0,0
123000289,0,0,0
123000291,59,434,-375
123000294,22,30,-8
123000295,188,48,140
123000296,58,14,44
123000297,1,7,-6
123000298,4,20,-16
123000299,0,0,0
123000300,26,117,-91
123000301,10,46,-36
123000302,0,10,-10
123000303,2,6,-4
123000305,225,209,16
123000306,1,46,-45
123000309,1,25,-24
123000310,0,0,0
123000311,0,95,-95
123000312,126,212,-86
123000313,0,0,0
123000315,8,15,-7
123000316,57,128,-71
123000317,0,0,0
123000318,3,46,-43
123000329,230,22,208
123000337,0,39,-39
123000338,8,11,-3
123000339,1,203,-202
123000340,2,26,-24
123000342,0,34,-34
123000343,0,0,0
123000344,143,109,34
123000345,67,129,-62
123000346,0,0,0
123000352,295,371,-76
123000353,8,28,-20
123000354,47,45,2
123000355,2,94,-92
123000356,0,0,0
123000357,0,45,-45
123000359,0,50,-50
123000360,0,0,0
123000361,28,53,-25
123000362,7,32,-25
123000363,2,63,-61
123000364,19,16,3
123000365,6,74,-68
123000366,132,178,-46
123000367,49,176,-127
123000370,0,85,-85
123000371,0,0,0
123000372,1,1,0
123000373,0,133,-133
123000374,1,68,-67
123000375,4,0,4
123000376,41,51,-10
123000377,0,0,0
123000378,2,97,-95
123000379,0,65,-65
123000380,1,60,-59
123000381,5,1,4
123000382,70,4,66
123000383,9,153,-144
123000384,27,3,24
123000385,17,211,-194
123000436,17,309,-292
123000507,33,31,2
123000508,26,110,-84
123000517,152,16,136
123000518,7,69,-62
123000519,155,49,106
123000520,25,68,-43
123000521,79,51,28
123000522,31,117,-86
123000541,0,0,0
123000542,0,8,-8
123000565,72,5,67
123000566,12,243,-231
123000567,34,61,-27
123000573,21,424,-403
123000574,0,0,0
123000575,84,505,-421
123000576,13,604,-591
123000577,27,342,-315
123000578,0,0,0
123000579,317,60,257
123000580,64,3,61
123000582,0,0,0
123000583,2,120,-118
123000584,0,0,0
123000585,1,18,-17
123000586,0,0,0
123000596,7,38,-31
123000597,0,0,0
123000602,0,0,0
123000603,19,182,-163
123000604,7,402,-395
123000605,397,12,385
123000606,3,773,-770
123000609,4,278,-274
123000610,2,1,1
123000613,77,100,-23
123000614,0,0,0
123000615,69,99,-30
123000616,0,0,0
123000617,52,179,-127
123000618,23,178,-155
123000619,0,0,0
123000620,33,217,-184
123000622,0,0,0
123000624,0,0,0
123000630,21,44,-23
123000631,28,519,-491
123000632,233,244,-11
123000633,0,95,-95
123000634,0,0,0
123000635,70,42,28
123000636,1,139,-138
123000637,0,0,0
123000638,0,0,0
123000639,0,0,0
123000640,0,330,-330
123000648,0,0,0
123000649,4,137,-133
123900001,19,0,19
123900002,0,0,0
123900003,0,0,0
123900005,0,0,0
123900006,0,0,0
124000001,183,1,182
124000002,62,496,-434
124000003,6,2,4
124000004,8,242,-234
124000005,19,0,19
124000006,68,520,-452
124000007,0,0,0
124000008,2,227,-225
124000009,0,0,0
124000010,24,247,-223
124000011,21,0,21
124000012,55,387,-332
124000017,0,0,0
124000018,63,39,24
124000019,0,0,0
124000020,23,87,-64
124000021,0,0,0
124000022,45,161,-116
124000023,304,163,141
124000024,230,228,2
124000025,243,88,155
124000026,286,257,29
124000027,1222,336,886
124000028,924,1952,-1028
124000030,787,478,309
124000031,74,0,74
124000032,1059,398,661
124000033,173,2,171
124000034,427,538,-111
124000035,24,2,22
124000036,36,330,-294
124000037,29,7,22
124000038,6,58,-52
124000039,132,58,74
124000040,120,185,-65
124000041,49,9,40
124000042,25,145,-120
124000043,15,15,0
124000044,25,118,-93
124000045,0,0,0
124000046,59,338,-279
124000047,0,0,0
124000048,143,605,-462
124000049,0,0,0
124000050,171,804,-633
124000051,0,0,0
124000052,90,491,-401
124000053,0,0,0
124000054,196,313,-117
124000055,0,0,0
124000056,665,673,-8
124000057,0,0,0
124000058,161,594,-433
124000059,21,38,-17
124000060,337,230,107
124000061,23,93,-70
124000062,1623,603,1020
124000063,527,751,-224
124000064,568,848,-280
124000065,20,64,-44
124000066,0,0,0
124000067,0,0,0
124000068,0,21,-21
124000069,0,0,0
124000070,17,105,-88
124000071,0,0,0
124000072,36,83,-47
124000073,0,0,0
124000074,34,205,-171
124000075,0,0,0
124000076,2,104,-102
124000077,302,140,162
124000078,40,10,30
124000079,186,179,7
124000080,0,0,0
124000081,32,206,-174
124000082,0,0,0
124000083,19,76,-57
124000084,0,0,0
124000085,6,12,-6
124000086,0,0,0
124000087,0,0,0
124000088,2,2,0
124000089,13,7,6
124000090,5,199,-194
124000091,20,14,6
124000092,7,209,-202
124000093,0,0,0
124000094,5,42,-37
124000095,0,0,0
124000096,12,34,-22
124000097,0,0,0
124000098,13,84,-71
124000099,0,6,-6
124000100,0,48,-48
124000101,1,15,-14
124000102,48,39,9
124000103,0,12,-12
124000104,4,64,-60
124000105,7,1,6
124000106,12,56,-44
124000107,0,14,-14
124000108,9,18,-9
124000109,0,0,0
124000110,14,37,-23
124000111,7,36,-29
124000112,34,61,-27
124000113,3,1,2
124000114,16,75,-59
124000115,51,84,-33
124000116,2,1,1
124000117,19,24,-5
124000118,3,1,2
124000119,61,112,-51
124000120,1,5,-4
124000121,56,25,31
124000122,443,348,95
124000123,148,76,72
124000124,95,247,-152
124000125,18,27,-9
124000126,171,227,-56
124000127,87,207,-120
124000128,94,438,-344
124000129,147,146,1
124000130,286,203,83
124000131,130,107,23
124000132,428,377,51
124000133,45,47,-2
124000134,143,169,-26
124000135,81,76,5
124000136,156,275,-119
124000137,64,39,25
124000138,225,227,-2
124000139,0,0,0
124000140,8,125,-117
124000141,1,2,-1
124000142,24,110,-86
124000143,0,0,0
124000144,2,49,-47
124000145,0,0,0
124000146,2,31,-29
124000148,0,0,0
124000149,26,7,19
124000150,147,181,-34
124000151,4,3,1
124000152,108,200,-92
124000153,10,8,2
124000154,81,282,-201
124000155,23,13,10
124000156,334,281,53
124000169,11,15,-4
124000170,113,130,-17
124000171,1,2,-1
124000172,23,160,-137
124000173,7,10,-3
124000174,55,217,-162
124000175,2,59,-57
124000176,0,0,0
124000177,13,23,-10
124000178,0,0,0
124000185,0,0,0
124000186,0,0,0
124000187,6,26,-20
124000188,0,0,0
124000190,0,0,0
124000191,41,31,10
124000192,28,7,21
124000193,52,450,-398
124000194,107,203,-96
124000195,40,151,-111
124000196,264,527,-263
124000197,10,14,-4
124000198,0,0,0
124000201,5,265,-260
124000202,0,11,-11
124000203,19,300,-281
124000204,3,65,-62
124000205,3,218,-215
124000206,1,68,-67
124000207,0,61,-61
124000209,37,186,-149
124000210,3,123,-120
124000211,0,0,0
124000212,1,190,-189
124000213,9,119,-110
124000214,3,107,-104
124000215,0,0,0
124000216,5,185,-180
124000329,24,638,-614
124000338,23,342,-319
124000339,20,3,17
124000341,22,3,19
124000344,2,3,-1
124000357,92,61,31
124000358,145,104,41
124000359,44,31,13
124000360,11,27,-16
124000361,39,41,-2
124000362,452,944,-492
124000363,104,298,-194
124000364,199,609,-410
124000365,473,1195,-722
124000366,650,1099,-449
124000367,42,185,-143
124000368,3,0,3
124000369,9,6,3
124000370,36,248,-212
124000402,0,0,0
124000403,0,0,0
124000404,0,28,-28
124000405,207,419,-212
124000406,213,495,-282
124000407,3,14,-11
124000411,0,114,-114
124000412,0,0,0
124000413,0,0,0
124000414,7,48,-41
124000415,8,59,-51
124000416,32,91,-59
124000417,5,19,-14
124000418,2,29,-27
124000419,7,66,-59
124000420,0,22,-22
124000421,4,82,-78
124000422,5,3,2
124000423,2,3,-1
124000424,1,78,-77
124000425,0,0,0
124000426,3,78,-75
124000427,0,0,0
124000428,1,11,-10
124000429,11,212,-201
124000430,68,94,-26
124000431,36,153,-117
124000432,94,181,-87
124000439,0,0,0
124000443,6,7,-1
124000445,89,16,73
124000446,334,92,242
124000447,0,0,0
124000448,0,0,0
124000449,9,2,7
124000450,5,25,-20
124000451,9,77,-68
124900001,0,0,0
124900002,0,0,0
124900003,0,0,0
124900004,0,0,0
124900005,0,0,0
124900006,0,0,0
124900008,0,0,0
124900009,0,0,0
124900010,0,0,0
124900011,0,0,0
124900012,0,0,0
124900013,0,0,0
124900014,0,0,0
124900015,0,0,0
124900016,0,0,0
124900017,0,0,0
124900018,0,0,0
124900020,0,0,0
124900021,0,0,0
124900022,0,0,0
124900024,0,0,0
124900026,0,2,-2
124900027,0,0,0
124900028,0,0,0
124900029,0,0,0
124900030,0,0,0
124900031,0,0,0
124900032,0,0,0
124900033,0,0,0
124900034,0,0,0
124900035,0,0,0
124900036,0,0,0
124900037,1,2,-1
124900038,0,0,0
124900039,0,0,0
124900040,0,0,0
124900041,9,33,-24
124900042,0,0,0
124900043,10,70,-60
124900044,0,0,0
124900045,15,25,-10
124900047,3,5,-2
124900048,3,5,-2
124900050,3,9,-6
124900052,4,24,-20
124900053,2,45,-43
124900054,439,44,395
124900055,0,15,-15
124900057,1,8,-7
124900060,4,32,-28
124900061,0,0,0
124900062,0,0,0
124900066,0,6,-6
124900067,0,43,-43
124900068,0,0,0
124900070,0,0,0
124900072,0,0,0
124900075,0,0,0
124900076,0,0,0
124900077,0,0,0
124900078,0,0,0
124900079,13,0,13
124900080,4,53,-49
124900081,0,0,0
124900082,0,6,-6
124900083,5,34,-29
124900085,0,0,0
124900086,0,0,0
124900087,0,0,0
124900088,0,0,0
124900089,48,0,48
124900090,0,0,0
124900091,0,0,0
124900092,0,0,0
124900093,0,0,0
124900094,0,0,0
124900095,0,0,0
124900096,0,0,0
124900097,0,0,0
124900098,0,0,0
124900099,0,0,0
124900100,0,0,0
124900101,0,0,0
124900102,0,0,0
124900103,0,3,-3
124900104,0,8,-8
124900105,0,3,-3
124900106,0,0,0
124900107,0,0,0
124900108,0,0,0
124900111,0,11,-11
124900112,3,62,-59
124900113,0,3,-3
124900114,0,0,0
124900115,0,0,0
124900116,0,0,0
124900117,0,0,0
124900118,0,0,0
124900119,0,0,0
124900120,0,23,-23
124900121,0,0,0
124900122,75,23,52
124900123,0,0,0
124900124,4,7,-3
204000001,0,0,0
204000002,0,0,0
204000003,0,0,0
204000004,0,0,0
204000005,0,0,0
204000006,0,0,0
204000012,11,162,-151
204000019,169,119,50
204000020,44,126,-82
204000021,183,106,77
204000022,75,118,-43
204000023,226,820,-594
204000031,0,0,0
204000032,0,0,0
204000034,106,295,-189
204000035,6,4,2
204000036,15,16,-1
204000037,18,11,7
204000038,6,18,-12
204000039,8,27,-19
204000040,5,13,-8
204000041,2,12,-10
204000042,0,0,0
204000043,0,0,0
204000044,0,0,0
204000045,0,0,0
204000046,0,0,0
204000057,2,18,-16
204000062,67,133,-66
204000068,57,140,-83
204000069,12,65,-53
204000070,19,16,3
204000080,41,62,-21
204000085,328,610,-282
204000086,989,970,19
204000087,51,113,-62
204000088,24,77,-53
204000090,74,305,-231
204000093,0,0,0
204000096,2,1,1
204000097,0,0,0
204000099,11,10,1
204000100,3,5,-2
204000105,496,598,-102
204000110,296,788,-492
204000111,187,427,-240
204000112,145,465,-320
204000113,154,393,-239
204000114,70,44,26
204000115,52,29,23
204000116,106,98,8
204000119,1,1,0
204000132,0,0,0
204000133,0,0,0
204000134,0,0,0
204000135,0,0,0
204000136,0,0,0
204000138,0,0,0
204000140,0,0,0
204000141,0,0,0
204000144,0,0,0
204000145,0,0,0
204000146,61,178,-117
204000147,20,85,-65
204000148,0,0,0
204000154,0,0,0
204000155,2,10,-8
204000177,0,0,0
204000179,0,0,0
204000180,0,94,-94
204000222,2,8,-6
204000235,27,12,15
204000236,18,156,-138
204000238,0,0,0
204000240,27,29,-2
204000263,270,498,-228
204000268,0,0,0
204000308,0,0,0
204000317,36,45,-9
204000322,10,27,-17
204000323,0,0,0
204000328,0,0,0
204000329,62,92,-30
204000330,0,0,0
204000331,101,148,-47
205000001,691,499,192
205000013,1,54,-53
205000014,2,98,-96
205000015,20,219,-199
205000016,11,134,-123
205000017,18,55,-37
205000022,174,475,-301
205000025,722,590,132
205000029,49,26,23
205000045,10,116,-106
205000046,31,222,-191
205000047,36,257,-221
205000048,60,436,-376
205000049,63,462,-399
205000050,287,227,60
205000059,1,217,-216
205000060,0,22,-22
205000061,1,12,-11
205000062,0,15,-15
205000063,3,14,-11
205000064,8,63,-55
205000065,21,254,-233
205000066,21,447,-426
205000067,13,644,-631
205000069,413,186,227
205000082,0,0,0
205000110,23,144,-121
205000111,101,170,-69
205000112,0,0,0
205000113,105,101,4
205000121,0,0,0
205000123,88,133,-45
205000126,0,0,0
205000127,0,0,0
205000128,0,0,0
205000129,0,0,0
205000130,0,0,0
205000131,0,0,0
205000132,0,0,0
205000133,0,0,0
205000134,0,0,0
205000137,41,83,-42
205000138,148,179,-31
205000139,15,38,-23
205000144,0,0,0
205000145,0,0,0
205000151,0,0,0
205000152,0,0,0
205000153,0,0,0
205000154,0,0,0
205000155,0,0,0
205000207,166,190,-24
205000233,0,1,-1
205000234,0,1,-1
205000243,0,0,0
205000244,0,6,-6
205000245,61,297,-236
205000249,0,23,-23
205000250,0,0,0
205000264,5,80,-75
206000027,0,0,0
206000028,0,0,0
206000043,11,100,-89
206000053,6,26,-20
206000054,11,29,-18
206000055,1,46,-45
206000075,9,10,-1
206000076,14,35,-21
206000077,10,17,-7
206000078,9,13,-4
206000079,30,7,23
206000082,0,0,0
206000100,51,483,-432
206000103,0,0,0
206000104,7,47,-40
206000105,26,42,-16
206000106,18,29,-11
206000125,0,0,0
206000157,143,422,-279
206000170,1,228,-227
206000171,5,274,-269
206000172,9,670,-661
206000173,4,255,-251
206000174,3,141,-138
206000175,1,203,-202
206000176,24,301,-277
206000177,3,177,-174
206000178,2,159,-157
206000179,1,93,-92
206000180,22,155,-133
206000181,7,152,-145
206000182,60,263,-203
206000183,36,509,-473
206000184,7,226,-219
206000185,18,219,-201
206000186,87,612,-525
206000223,18,167,-149
206000226,0,0,0
206000227,0,0,0
206000237,25,280,-255
206000238,35,343,-308
206000239,347,666,-319
206000240,110,167,-57
206000241,2,221,-219
206000242,17,277,-260
206000243,12,288,-276
206000244,106,676,-570
206000245,80,4,76
206000246,5,0,5
206000247,6,3,3
206000248,5,0,5
206000252,31,60,-29
206000258,78,168,-90
206000315,50,4,46
206000317,46,15,31
206000318,48,15,33
206000319,71,15,56
206000320,12,6,6
206000321,14,2,12
206000322,0,0,0
206000323,0,0,0
206000324,0,0,0
206000325,0,0,0
206000326,0,0,0
206000327,5,0,5
206000328,9,1,8
206000329,17,0,17
206000330,2,0,2
206000331,1,0,1
206000332,1,0,1
206000333,9,0,9
206000334,8,0,8
206000335,0,44,-44
206000361,105,438,-333
206000392,4,66,-62
206000405,24,0,24
206000441,0,0,0
206000498,2,6,-4
206000515,264,26,238
206000530,0,0,0
206000531,0,0,0
206000532,0,0,0
206000535,102,401,-299
206000536,13,121,-108
206000537,11,66,-55
206000613,0,0,0
206000784,446,126,320
207000001,85,344,-259
207000002,34,271,-237
207000003,57,200,-143
207000007,70,11,59
207000008,2,3,-1
207000009,12,5,7
207000010,165,219,-54
207000012,0,0,0
207000015,225,480,-255
207000019,58,24,34
207000021,35,25,10
207000022,6,15,-9
207000023,10,8,2
207000024,5,3,2
207000025,0,12,-12
207000026,58,92,-34
207000027,7,87,-80
207000028,42,186,-144
207000029,137,358,-221
207000033,61,61,0
207000034,23,6,17
207000039,0,0,0
207000040,0,0,0
207000041,0,0,0
207000042,0,0,0
207000043,0,0,0
207000051,27,285,-258
207000052,4,171,-167
207000053,303,544,-241
207000054,14,89,-75
207000055,42,144,-102
207000056,104,292,-188
207000057,107,207,-100
207000058,67,342,-275
207000059,41,541,-500
207000060,32,105,-73
207000061,8,15,-7
207000062,26,32,-6
207000063,35,62,-27
207000064,109,61,48
207000065,51,74,-23
207000066,16,84,-68
207000067,4,70,-66
207000068,8,21,-13
207000069,261,109,152
207000082,3,20,-17
207000083,20,136,-116
207000084,14,3,11
207000085,19,3,16
207000086,6,3,3
207000106,0,0,0
207000107,0,0,0
207000108,0,0,0
207000109,0,0,0
207000110,0,0,0
207000111,0,0,0
207000112,0,0,0
207000114,8,23,-15
207000115,6,65,-59
207000116,18,164,-146
207000117,3,111,-108
207000118,1,78,-77
207000119,10,112,-102
207000123,0,0,0
207000124,0,0,0
207000125,0,0,0
207000126,0,0,0
207000134,3,31,-28
207000135,1,19,-18
207000148,0,0,0
207000149,36,32,4
207000152,84,254,-170
207000153,1036,723,313
207000154,95,46,49
207000159,32,140,-108
207000160,60,379,-319
207000238,0,20,-20
207000242,1,78,-77
207000248,21,6,15
207000249,53,41,12
207000250,168,46,122
207000251,34,35,-1
207000252,18,57,-39
207000278,0,0,0
207000279,41,156,-115
207000280,7,6,1
207000281,32,358,-326
207000282,0,2,-2
207000283,35,66,-31
207000284,14,12,2
207000285,0,0,0
207000291,9,81,-72
207000304,33,16,17
207000306,30,315,-285
207000310,0,0,0
207000353,0,0,0
207000356,12,14,-2
207000357,0,0,0
207000358,0,0,0
207000415,3,96,-93
207000417,0,0,0
207000418,53,65,-12
207000438,0,3,-3
207000439,308,83,225
207000446,0,0,0
207000460,0,2,-2
207000466,68,190,-122
207000467,0,0,0
207000468,18,252,-234
207000476,0,5,-5
207000477,8,12,-4
207000478,0,10,-10
207000523,0,13,-13
207000524,0,0,0
207000527,31,58,-27
207000530,0,0,0
207000531,0,0,0
207000532,0,0,0
207000534,0,0,0
207000535,47,108,-61
207000537,18,52,-34
207000540,4,67,-63
207000541,1,174,-173
207000548,2,180,-178
207000549,0,0,0
207000561,0,0,0
207000562,8,89,-81
207000567,155,164,-9
207000568,4,13,-9
207000569,10,251,-241
207000584,152,65,87
207000585,0,0,0
207000587,0,0,0
207000616,0,241,-241
207000617,0,0,0
207000624,0,0,0
207000631,0,0,0
207900008,4,31,-27
208000001,14,73,-59
208000002,22,66,-44
208000003,57,61,-4
208000004,89,85,4
208000005,0,14,-14
208000019,0,0,0
208000020,0,0,0
208000021,38,176,-138
208000022,166,225,-59
208000028,62,20,42
208000033,100,181,-81
208000034,218,390,-172
208000037,0,0,0
208000040,0,0,0
208000041,0,0,0
208000042,0,0,0
208000047,11,141,-130
208000064,0,0,0
208000066,0,0,0
208000070,0,0,0
208000071,0,0,0
208000072,0,0,0
208000080,7,25,-18
208000081,7,30,-23
208000082,37,130,-93
208000083,38,198,-160
208000084,0,0,0
208000085,286,331,-45
208000086,173,466,-293
208000087,76,297,-221
208000089,183,190,-7
208000090,130,375,-245
208000093,9,39,-30
208000094,126,181,-55
208000095,230,205,25
208000104,0,0,0
208000105,0,0,0
208000114,0,0,0
208000115,46,147,-101
208000116,0,0,0
208000117,0,0,0
208000118,0,0,0
208000155,107,411,-304
208000158,757,875,-118
208000186,0,0,0
208000204,150,350,-200
208000205,243,415,-172
208000282,1198,389,809
209000004,42,47,-5
209000005,16,18,-2
209000006,123,137,-14
209000007,78,106,-28
209000010,116,85,31
209000011,48,98,-50
209000012,45,194,-149
209000013,37,291,-254
209000014,261,760,-499
209000025,43,22,21
209000026,166,33,133
209000027,112,520,-408
209000028,112,665,-553
209000029,261,587,-326
209000030,131,900,-769
209000031,1620,1896,-276
209000034,96,336,-240
209000035,69,146,-77
209000036,59,85,-26
209000037,65,111,-46
209000038,68,195,-127
209000039,45,107,-62
209000040,104,313,-209
209000041,159,282,-123
209000042,132,246,-114
209000043,133,221,-88
209000044,167,236,-69
209000045,46,103,-57
209000046,35,154,-119
209000047,23,62,-39
209000048,22,91,-69
209000049,59,108,-49
209000050,119,189,-70
209000051,74,204,-130
209000052,59,165,-106
209000062,12,86,-74
209000063,17,66,-49
209000064,4,102,-98
209000065,0,0,0
209000066,0,0,0
209000067,0,0,0
209000080,18,84,-66
209000082,0,0,0
209000091,22,44,-22
209000093,38,22,16
209000094,116,82,34
209000110,0,0,0
209000111,165,683,-518
209000112,152,186,-34
209000113,189,199,-10
209000114,112,109,3
209000115,61,79,-18
209000116,684,316,368
209000118,0,0,0
209000119,18,3,15
209000121,93,386,-293
209000135,0,0,0
209000142,569,344,225
209000143,21,19,2
209000144,10,20,-10
209000229,31,77,-46
209000240,17,193,-176
209000259,79,77,2
209000260,5,399,-394
209000261,2,199,-197
209000262,2,162,-160
209000263,1,38,-37
209000264,0,10,-10
209000265,0,0,0
209000266,0,0,0
209000267,0,0,0
209000268,0,0,0
210000037,0,0,0
210000047,0,0,0
210000048,0,0,0
210000049,0,0,0
210000052,3,68,-65
210000053,4,53,-49
210000054,21,39,-18
210000070,0,0,0
210000071,0,0,0
210000072,0,0,0
210000073,0,21,-21
210000074,1,34,-33
210000075,2,47,-45
210000076,3,95,-92
210000077,2,35,-33
210000078,17,32,-15
210000079,0,0,0
210000080,0,0,0
210000081,0,0,0
210000082,0,0,0
210000083,0,0,0
210000084,0,0,0
210000085,0,35,-35
210000086,5,51,-46
210000099,21,153,-132
210000100,12,162,-150
210000101,38,164,-126
210000105,26,44,-18
210000159,0,46,-46
210000163,96,141,-45
210000164,0,0,0
210000168,0,0,0
210000187,0,12,-12
210000188,0,13,-13
210000214,0,0,0
210000219,0,0,0
210000220,0,0,0
210000232,6,17,-11
210000233,0,25,-25
210000234,11,60,-49
210000235,25,50,-25
210000245,0,22,-22
210000246,0,0,0
210000258,3,68,-65
210000259,0,0,0
210000282,22,81,-59
210000285,0,51,-51
210000286,7,77,-70
210000290,0,0,0
210000295,12,36,-24
210000296,3,23,-20
210000320,0,0,0
210000321,0,0,0
210000338,24,55,-31
210000339,281,267,14
210000340,62,79,-17
210000341,56,110,-54
210000342,42,87,-45
210000343,55,98,-43
210000344,39,42,-3
210000345,44,49,-5
210000346,9,29,-20
210000347,1,13,-12
210000348,18,5,13
210000349,14,11,3
210000350,40,59,-19
210000351,34,75,-41
210000352,0,0,0
210000353,0,0,0
210000354,0,0,0
210000355,0,0,0
210000356,0,0,0
210000357,0,0,0
210000358,0,0,0
210000359,0,0,0
210000360,0,0,0
210000361,0,0,0
210000362,0,0,0
210000363,0,0,0
210000364,0,0,0
210000365,0,0,0
210000366,0,0,0
210000367,0,0,0
210000368,0,0,0
210000369,0,0,0
210000370,0,0,0
210000372,0,0,0
210000373,0,0,0
210000374,0,0,0
210000375,0,0,0
210000376,0,0,0
210000404,87,99,-12
210000439,0,0,0
210000472,0,0,0
210000482,0,0,0
210000564,0,0,0
210000567,1,2,-1
210000568,0,0,0
211000092,0,0,0
211000094,0,0,0
211000169,0,0,0
211000172,0,0,0
211000209,0,0,0
211000226,0,0,0
211000270,0,4,-4
211000275,0,0,0
211000276,0,0,0
211000279,0,0,0
211000281,0,0,0
211000302,0,0,0
211507980,0,0,0
211977296,0,0,0
212000003,0,0,0
212000004,2,14,-12
212000005,10,20,-10
212000006,11,41,-30
212000008,75,119,-44
212000009,8,96,-88
212000012,15,43,-28
212000013,17,35,-18
212000014,128,103,25
212000015,111,132,-21
212000016,250,311,-61
212000027,0,0,0
212000028,0,0,0
212000029,0,0,0
212000030,0,0,0
212000031,0,0,0
212000048,6,45,-39
212000049,14,9,5
212000050,7,8,-1
212000051,59,135,-76
212000052,77,193,-116
212000053,176,315,-139
212000054,0,0,0
212000055,0,0,0
212000056,0,0,0
212000057,0,0,0
212000058,0,0,0
212000070,43,133,-90
212000077,72,348,-276
212000099,0,0,0
212000108,0,0,0
212000111,0,0,0
212000120,53,64,-11
212000138,24,24,0
212000156,4,39,-35
212000158,0,0,0
212000159,5,2,3
212000160,0,0,0
212000161,0,0,0
212000310,4,22,-18
212000311,0,0,0
212000374,10,9,1
213000001,11,111,-100
213000005,11,8,3
213000006,16,5,11
213000007,0,0,0
213000009,0,0,0
213000010,0,0,0
213000011,0,0,0
213000012,58,135,-77
213000014,0,0,0
213000015,0,0,0
213000016,0,0,0
213000017,0,0,0
213000018,1,69,-68
213000019,1,69,-68
213000020,10,86,-76
213000021,2,34,-32
213000023,0,0,0
213000033,37,153,-116
213000034,0,0,0
213000035,0,0,0
213000045,37,42,-5
213000046,25,20,5
213000047,171,72,99
213000056,0,0,0
213000069,0,0,0
213000073,1,2,-1
213000074,40,198,-158
213000075,0,0,0
213000076,0,0,0
213000085,0,14,-14
213000086,3,144,-141
213000091,0,0,0
213000092,0,0,0
213000099,84,214,-130
213000100,0,0,0
213000101,3,46,-43
213000102,3,96,-93
213000103,39,121,-82
213000104,33,79,-46
213000105,0,24,-24
213000106,4,88,-84
213000107,34,245,-211
213000108,4,208,-204
213000109,0,87,-87
213000110,4,17,-13
213000111,5,11,-6
213000112,96,26,70
213000115,0,0,0
213000116,25,100,-75
213000117,0,171,-171
213000118,85,56,29
213000119,19,291,-272
213000120,36,290,-254
213000122,72,238,-166
213000123,206,248,-42
213000124,15,394,-379
213000125,0,0,0
213000126,3,18,-15
213000127,25,42,-17
213000128,129,145,-16
213000129,0,0,0
213000130,0,0,0
213000132,0,0,0
213000133,0,0,0
213000134,0,0,0
213000136,0,0,0
213000137,0,0,0
213000139,0,0,0
213000147,0,0,0
213000148,0,0,0
213000149,0,0,0
213000150,0,37,-37
213000151,0,35,-35
213000152,0,26,-26
213000153,0,12,-12
213000154,7,65,-58
213000155,7,130,-123
213000156,18,171,-153
213000157,133,293,-160
213000158,35,216,-181
213000159,0,0,0
213000163,0,0,0
213000165,0,0,0
213000171,1,57,-56
213000172,0,113,-113
213000173,0,88,-88
213000174,0,94,-94
213000175,1,51,-50
213000176,0,0,0
213000177,0,0,0
213000178,0,0,0
213000179,0,0,0
213000180,0,0,0
213000184,27,75,-48
213000188,0,0,0
213000189,0,0,0
213000190,19,245,-226
213000191,7,163,-156
213000192,23,194,-171
213000193,612,81,531
213000194,0,10,-10
213000195,2,202,-200
213000196,16,357,-341
213000197,0,0,0
213000198,0,0,0
213000200,72,391,-319
213000201,41,14,27
213000202,3,329,-326
213000203,0,0,0
213000204,0,0,0
213000205,0,0,0
213000206,0,0,0
213000207,0,0,0
213000208,0,0,0
213000209,0,0,0
213000210,0,0,0
213000211,0,0,0
213000212,0,6,-6
213000213,1,16,-15
213000218,55,304,-249
213000219,0,0,0
213000220,0,0,0
213000223,1,3,-2
213000224,0,0,0
213000225,0,0,0
213000226,0,0,0
213000227,0,0,0
213000228,0,0,0
213000229,0,0,0
213000230,0,0,0
213000232,18,238,-220
213000233,0,5,-5
213000234,1,30,-29
213000293,0,26,-26
213000294,0,0,0
213000295,2,38,-36
213000296,0,0,0
213000297,3,30,-27
213000298,11,25,-14
213000299,0,0,0
213000300,0,0,0
213000303,8,23,-15
213000304,5,7,-2
213000305,0,0,0
213000306,20,8,12
213000307,0,0,0
213000308,23,82,-59
213000309,0,0,0
213000310,0,0,0
213000311,83,124,-41
213000315,32,65,-33
213000316,0,0,0
213000322,5,40,-35
213000323,0,0,0
213000324,4,12,-8
213000325,0,0,0
213000326,0,0,0
213000327,0,0,0
213000328,6,16,-10
213000329,0,0,0
213000340,34,529,-495
213000341,0,0,0
213000346,0,0,0
213000347,0,0,0
213000348,0,42,-42
213000349,0,1,-1
213000350,53,429,-376
213000366,10,91,-81
213000367,7,0,7
213000379,12,62,-50
213000386,1,81,-80
213000406,31,142,-111
213000417,53,13,40
213000425,0,0,0
213000426,0,0,0
213000427,1,56,-55
213000428,0,57,-57
213000429,0,2,-2
213000430,2,65,-63
213000431,14,1,13
213000432,0,0,0
213000433,1,19,-18
213000434,0,0,0
213000435,0,0,0
213000436,0,0,0
213000437,0,0,0
213000438,0,0,0
213000439,2,0,2
213000440,1,33,-32
213000441,0,0,0
213000442,0,3,-3
213000443,4,33,-29
213000444,1,18,-17
213000445,0,8,-8
213000446,0,2,-2
213000447,2,0,2
213000448,0,0,0
213000449,0,0,0
213000450,0,0,0
213000451,0,0,0
213000452,0,0,0
213000453,6,92,-86
213000455,0,4,-4
213000456,0,39,-39
213000481,0,0,0
213000482,0,0,0
213000489,0,0,0
213000491,1,9,-8
213000492,0,0,0
213000493,1,10,-9
213000494,0,0,0
213000495,0,43,-43
213000496,0,0,0
213000497,5,110,-105
213000498,32,96,-64
213000499,15,161,-146
213000500,0,0,0
213000501,0,0,0
213000502,0,0,0
213000503,0,29,-29
213000504,18,71,-53
213000505,0,2,-2
213000506,0,14,-14
213000507,1,133,-132
213900244,0,0,0
213900245,0,21,-21
218000003,7,12,-5
218000004,11,14,-3
218000005,0,0,0
218000006,2,73,-71
218000007,3,8,-5
218000012,132,26,106
218000013,37,130,-93
218000014,271,220,51
218000019,592,300,292
218000020,271,241,30
218000021,4,14,-10
218000022,0,14,-14
218000023,1,8,-7
218000024,0,7,-7
218000025,1,6,-5
218000026,0,13,-13
218000027,0,3,-3
218000028,1,1,0
218000029,0,1,-1
218000030,12,16,-4
218000031,0,22,-22
218000032,0,2,-2
218000040,3,1,2
218000046,10,119,-109
218000047,1,119,-118
218000048,21,149,-128
218000049,20,85,-65
218000050,91,173,-82
218000051,21,200,-179
218000052,0,20,-20
218000053,0,5,-5
218000054,0,25,-25
218000055,1,11,-10
218000056,7,15,-8
218000057,0,25,-25
218000064,0,0,0
218000065,2,1,1
218000066,0,0,0
218000067,8,57,-49
218000068,22,75,-53
218000069,44,165,-121
218000070,38,219,-181
218000071,125,144,-19
218000072,325,181,144
218000078,292,458,-166
218000079,19,45,-26
218000080,86,82,4
218000081,117,142,-25
218000082,19,71,-52
218000083,6,48,-42
218000084,69,124,-55
218000085,139,267,-128
218000086,33,95,-62
218000087,85,138,-53
218000090,25,75,-50
218000091,272,193,79
218000092,62,183,-121
218000093,64,89,-25
218000094,210,664,-454
218000099,130,274,-144
218000100,101,232,-131
218000101,40,98,-58
218000102,59,183,-124
218000103,21,127,-106
218000104,11,27,-16
218000105,8,11,-3
218000106,13,12,1
218000107,21,136,-115
218000108,0,68,-68
218000112,19,7,12
218000117,0,0,0
218000134,167,297,-130
218000135,34,32,2
218000136,46,28,18
218000137,24,64,-40
218000138,3,19,-16
218000139,14,120,-106
218000140,42,65,-23
218000141,3,8,-5
218000142,44,107,-63
218000143,7,88,-81
218000144,3,37,-34
218000145,62,148,-86
218000146,58,122,-64
218000151,10,12,-2
218000152,21,42,-21
218000153,2,4,-2
218000154,1,0,1
218000155,5,6,-1
218000156,26,18,8
218000157,1,8,-7
218000158,0,7,-7
218000159,8,2,6
218000160,2,0,2
218000161,15,11,4
218000162,20,9,11
218000163,6,3,3
218000164,26,13,13
218000165,42,25,17
218000170,0,19,-19
218000171,16,9,7
218000172,1,5,-4
218000173,7,5,2
218000174,3,4,-1
218000176,48,13,35
218000177,172,40,132
218000178,55,30,25
218000179,61,16,45
218000180,41,6,35
218000181,41,4,37
218000187,5,12,-7
218000188,3,12,-9
218000189,2,35,-33
218000190,4,18,-14
218000191,40,59,-19
218000192,74,301,-227
218000193,277,237,40
218000194,18,323,-305
218000195,109,95,14
218000196,155,176,-21
218000197,68,150,-82
218000198,7,80,-73
218000199,21,15,6
218000200,13,31,-18
218000201,5,23,-18
218000202,96,47,49
218000207,2,26,-24
218000208,10,17,-7
218000211,1,43,-42
218000212,1,2,-1
218000213,63,18,45
218000214,8,5,3
218000215,11,46,-35
218000217,1,35,-34
218000218,114,71,43
218000219,3,19,-16
218000220,101,123,-22
218000221,65,119,-54
218000222,18,24,-6
218000223,199,58,141
218000224,2,18,-16
218000225,132,21,111
218000226,59,40,19
218000230,0,0,0
218000232,31,57,-26
218000239,0,0,0
218000240,0,0,0
218000241,0,0,0
218000242,0,0,0
218000243,0,0,0
218000244,0,0,0
218000245,0,0,0
218000246,0,0,0
218000247,0,0,0
218000248,0,8,-8
218000249,0,2,-2
218000250,1,4,-3
218000251,0,8,-8
218000252,2,17,-15
218000253,0,2,-2
218000254,0,4,-4
218000255,0,2,-2
218000256,0,12,-12
218000267,66,548,-482
218000268,2,47,-45
218000269,4,10,-6
218000270,28,134,-106
218000271,60,251,-191
218000273,0,0,0
218000274,0,0,0
218000275,14,43,-29
218000276,7,131,-124
218000278,26,30,-4
218000279,33,40,-7
218000280,7,32,-25
218000281,4,19,-15
218000282,62,41,21
218000284,0,0,0
218000301,5,49,-44
218000302,18,14,4
218000303,14,28,-14
218000316,377,308,69
218000317,190,420,-230
218000318,97,379,-282
218000319,276,733,-457
218000320,257,448,-191
218000338,4,8,-4
218000345,28,64,-36
218000346,0,0,0
218000459,42,128,-86
218000490,8,19,-11
218000501,0,3,-3
218000502,9,94,-85
218000503,17,7,10
218000504,23,5,18
218000505,11,108,-97
218000506,39,92,-53
218000508,0,3,-3
218000510,70,7,63
218000520,43,75,-32
218000521,0,10,-10
218000522,0,42,-42
218000523,2,1,1
218000524,15,29,-14
218000525,2,11,-9
218000526,6,21,-15
218000529,5,14,-9
218000530,12,2,10
218000531,0,0,0
218000532,9,17,-8
218000534,0,0,0
218000537,0,0,0
218000538,32,65,-33
218000540,118,48,70
218000543,54,30,24
218000544,38,227,-189
218000545,8,24,-16
218000546,20,119,-99
218000547,25,40,-15
218000548,30,96,-66
218000549,64,51,13
218000550,111,318,-207
218000551,180,211,-31
218000552,66,20,46
218000553,1,30,-29
218000554,4,8,-4
218000555,2,16,-14
218000556,73,297,-224
218000557,140,49,91
218000558,0,0,0
218000559,0,11,-11
218000560,0,3,-3
218000561,0,0,0
218000562,11,85,-74
218000563,15,9,6
218000564,5,35,-30
218000565,6,8,-2
218000566,9,8,1
218000567,5,8,-3
218000568,0,0,0
218000569,3,10,-7
218000570,5,5,0
218000571,1,18,-17
218000572,0,0,0
218000573,2,8,-6
218000574,0,17,-17
218000575,0,0,0
218000576,0,9,-9
218000577,0,0,0
218000578,0,25,-25
218000579,10,0,10
218000581,0,40,-40
218000582,0,0,0
218000583,0,0,0
218000584,0,18,-18
218000585,1,1,0
218000586,0,18,-18
218000587,0,0,0
218000588,0,0,0
218000589,0,1,-1
218000590,0,0,0
218000591,0,8,-8
218000592,0,0,0
218000593,0,0,0
218000594,0,1,-1
218000596,0,0,0
218000597,0,0,0
218000598,0,0,0
218000599,0,0,0
218000600,0,0,0
218000601,0,0,0
218000602,0,0,0
218000603,0,0,0
218000604,0,0,0
218000605,0,4,-4
218000606,2,0,2
218000607,1,6,-5
218000608,1,0,1
218000609,0,11,-11
218000610,1,0,1
218000611,0,0,0
218000612,0,11,-11
218000613,1,0,1
218000614,1,13,-12
218000615,0,1,-1
218000616,0,45,-45
218000617,0,0,0
218000618,0,6,-6
218000619,1,0,1
218000620,0,8,-8
218000621,0,0,0
218000622,0,2,-2
218000623,0,0,0
218000624,0,1,-1
218000625,2,1,1
218000626,0,2,-2
218000628,24,9,15
218000631,0,0,0
218000632,0,10,-10
218000633,0,0,0
218000634,2,3,-1
218000635,4,10,-6
218000636,307,592,-285
218000637,209,223,-14
218000638,0,0,0
218000639,9,355,-346
218000640,0,0,0
218000641,11,258,-247
218000652,46,60,-14
218000653,150,103,47
218000663,0,6,-6
218000675,2,4,-2
218000676,0,10,-10
218000677,3,4,-1
218000680,14,51,-37
218000681,0,0,0
218000691,11,52,-41
218000693,0,0,0
218000703,5,20,-15
218000718,40,156,-116
218000719,6,21,-15
218000720,1,15,-14
218000721,0,2,-2
218000725,0,0,0
218001147,1,161,-160
218001214,2,29,-27
218001258,0,0,0
218001329,0,0,0
218001330,22,13,9
218001351,0,0,0
218001352,0,1,-1
218001353,0,0,0
218001354,0,0,0
218001355,36,137,-101
218001356,0,4,-4
218001357,5,141,-136
218001358,0,0,0
218001361,0,1,-1
218001362,4,180,-176
219000001,18,86,-68
219000002,31,75,-44
219000003,145,32,113
219000004,209,83,126
219000017,30,25,5
219000020,16,5,11
219000022,7,2,5
219000023,31,0,31
219000029,0,49,-49
219000034,0,0,0
219000039,20,39,-19
219000040,7,31,-24
219000041,47,47,0
219000051,0,76,-76
219000052,1,19,-18
219000053,2,150,-148
219000054,16,77,-61
219000055,18,3,15
219000056,4,2,2
219000057,18,0,18
219000062,2,104,-102
219000063,39,13,26
219000064,2,22,-20
219000110,29,13,16
219000111,39,8,31
219000112,52,15,37
219000113,26,15,11
219000114,67,7,60
219000116,68,43,25
219000117,135,140,-5
219000118,60,158,-98
219000123,159,63,96
219000124,40,43,-3
219000125,14,29,-15
219000126,26,43,-17
219000127,0,5,-5
219000128,17,135,-118
219000129,33,132,-99
219000130,1445,682,763
219000131,1342,1206,136
219000133,17,44,-27
219000134,17,17,0
219000135,169,66,103
219000136,264,192,72
219000138,6,20,-14
219000139,2,49,-47
219000140,0,0,0
219000141,2,75,-73
219000142,2,50,-48
219000143,12,50,-38
219000145,0,21,-21
219000146,10,38,-28
219000147,1,39,-38
219000148,1,50,-49
219000149,24,99,-75
219000150,3,79,-76
219000151,1,70,-69
219000157,67,45,22
219000158,67,162,-95
219000161,121,42,79
219000163,720,173,547
219000166,51,86,-35
219000167,69,143,-74
219000168,123,12,111
219000174,0,0,0
219000175,0,0,0
219000176,0,0,0
219000177,0,0,0
219000178,0,0,0
219000179,0,0,0
219000180,3,22,-19
219000182,0,0,0
219000183,0,21,-21
219000184,0,0,0
219000185,1,111,-110
219000186,0,18,-18
219000187,4,57,-53
219000189,83,139,-56
219000190,127,193,-66
219000191,862,515,347
219000192,208,382,-174
219000193,379,244,135
219000195,0,31,-31
219000196,6,53,-47
219000198,4,88,-84
219000199,45,102,-57
219000200,8,106,-98
219000201,39,95,-56
219000203,15,72,-57
219000204,11,142,-131
219000205,22,131,-109
219000207,82,100,-18
219000209,15,43,-28
219000210,10,40,-30
219000213,7,109,-102
219000239,61,55,6
219000240,35,130,-95
219000241,22,86,-64
219000242,31,79,-48
219000243,34,140,-106
219000244,8,41,-33
219000245,4,35,-31
219000246,0,0,0
219000247,0,0,0
219000248,0,0,0
219000249,0,0,0
219000250,0,0,0
219000251,0,0,0
219000252,0,0,0
219000253,0,0,0
219000255,0,0,0
219000256,0,0,0
219000257,0,0,0
219000262,28,175,-147
219000263,40,140,-100
219000267,1,91,-90
219000268,3,7,-4
219000269,0,0,0
219000270,0,0,0
219000271,113,1,112
219000278,1,15,-14
219000279,1,6,-5
219000283,0,11,-11
219000295,14,68,-54
219000296,49,313,-264
219000297,5,88,-83
219000298,7,134,-127
219000299,0,0,0
219000300,8,222,-214
219000301,44,198,-154
219000302,9,143,-134
219000307,21,64,-43
219000308,44,59,-15
219000311,0,0,0
219000312,0,0,0
219000313,0,0,0
219000314,83,344,-261
219000315,0,0,0
219000316,0,0,0
219000317,0,0,0
219000320,0,22,-22
219000321,0,7,-7
219000323,1,38,-37
219000325,0,34,-34
219000326,24,90,-66
219000327,37,34,3
219000328,22,30,-8
219000329,329,181,148
219000330,18,43,-25
219000331,15,62,-47
219000332,0,0,0
219000333,0,0,0
219000335,0,0,0
219000337,0,0,0
219000338,0,0,0
219000344,30,51,-21
219000345,92,94,-2
219000346,26,85,-59
219000348,25,120,-95
219000349,17,136,-119
219000350,28,64,-36
219000351,0,2,-2
219000352,94,28,66
219000353,49,69,-20
219000354,52,135,-83
219000355,32,6,26
219000356,777,366,411
219000363,248,49,199
219000364,112,37,75
219000365,74,13,61
219000366,373,153,220
219000368,221,65,156
219000370,345,120,225
219000371,7,14,-7
219000382,0,25,-25
219000383,410,331,79
219000385,405,254,151
219000386,458,708,-250
219000387,0,1,-1
219000390,0,0,0
219000391,0,0,0
219000397,48,85,-37
219000398,61,42,19
219000401,3,24,-21
219000402,8,37,-29
219000403,16,59,-43
219000404,3,17,-14
219000407,1,18,-17
219000409,0,0,0
219000410,0,0,0
219000411,0,0,0
219000446,85,376,-291
219000447,0,26,-26
219000448,0,0,0
219000452,0,0,0
219000453,19,39,-20
219000454,113,75,38
219000556,0,0,0
219000558,55,162,-107
219000590,7,68,-61
219000591,0,0,0
219000592,61,277,-216
219000595,1,27,-26
219000635,0,0,0
219000636,20,86,-66
219000657,11,6,5
219000658,9,50,-41
219000673,1,35,-34
219000676,0,3,-3
219000679,25,34,-9
219000684,14,1,13
219000685,0,39,-39
219000686,2,2,0
219000688,1,143,-142
219000689,63,67,-4
219000690,0,0,0
219000691,28,29,-1
219000692,2,23,-21
219000693,0,13,-13
219000694,0,0,0
219000695,0,0,0
219000698,0,0,0
219000699,0,16,-16
219000727,4,107,-103
219000728,71,2,69
219000770,0,0,0
219000771,1,16,-15
219000788,112,68,44
219001150,4,8,-4
219001151,0,4,-4
219001166,0,0,0
219001167,4,32,-28
219001178,17,0,17
220000001,8,22,-14
220000002,12,57,-45
220000003,158,194,-36
220000004,149,260,-111
220000005,598,688,-90
220000006,82,453,-371
220000007,170,498,-328
220000008,130,603,-473
220000009,159,270,-111
220000010,36,37,-1
220000011,119,127,-8
220000012,5,11,-6
220000014,3,27,-24
220000015,0,0,0
220000017,6,63,-57
220000018,222,109,113
220000019,17,95,-78
220000020,58,136,-78
220000021,156,87,69
220000022,186,329,-143
220000023,82,126,-44
220000024,650,309,341
220000025,147,297,-150
220000026,172,88,84
220000027,6,23,-17
220000028,19,26,-7
220000029,52,81,-29
220000030,15,48,-33
220000031,26,83,-57
220000064,0,0,0
221000046,5,0,5
221000047,0,0,0
221000048,0,0,0
221000049,0,7,-7
221000050,0,0,0
221000055,20,45,-25
221000057,19,1,18
221000068,115,32,83
221000069,39,11,28
221000070,38,9,29
221000071,1,1,0
221000072,29,6,23
221000073,8,16,-8
221000074,0,15,-15
221000075,5,15,-10
221000076,9,52,-43
221000077,6,54,-48
221000081,1,0,1
221000082,7,0,7
221000083,2,0,2
221000084,1,0,1
221000085,4,50,-46
221000086,8,125,-117
221000087,2,85,-83
221000088,14,86,-72
221000089,25,109,-84
221000090,205,222,-17
221000098,11,1,10
221000099,36,5,31
221000100,4,2,2
221000101,34,1,33
221000102,15,2,13
221000109,9,78,-69
221000110,6,129,-123
221000111,10,97,-87
221000112,2,83,-81
221000113,15,134,-119
221000114,12,137,-125
221000120,0,0,0
221000121,0,0,0
221000122,0,0,0
221000123,1,3,-2
221000124,2,39,-37
221000155,0,0,0
221000156,0,0,0
221000175,0,0,0
221000176,0,0,0
221000182,7,0,7
221000241,273,46,227
221000242,333,232,101
221000243,121,28,93
221000244,56,205,-149
221000245,24,59,-35
221000246,27,123,-96
221000247,10,58,-48
221000248,14,83,-69
221000267,1,165,-164
221000325,0,2,-2
221000331,0,2,-2
221000338,0,0,0
221000378,0,0,0
221000381,10,4,6
222000282,0,0,0
222000296,0,1,-1
222000568,0,0,0
222000569,0,0,0
222000570,0,0,0
222000571,0,0,0
222000577,0,24,-24
222000578,2,19,-17
222000579,3,14,-11
222000580,14,84,-70
222000599,0,14,-14
222000600,0,33,-33
222000601,1,57,-56
222000603,1,1,0
222000604,0,2,-2
222000605,0,0,0
222000606,0,0,0
222000607,0,0,0
222000608,0,0,0
222000609,0,3,-3
222000616,0,0,0
222000617,0,0,0
222000618,0,0,0
222000620,0,0,0
222000621,0,0,0
222000623,0,0,0
222000624,0,0,0
222000625,0,2,-2
222000636,0,0,0
222000686,0,0,0
222000687,0,0,0
222001066,0,0,0
222001067,0,0,0
222001068,0,0,0
222001069,0,0,0
222001082,1,3,-2
222001083,0,6,-6
222001084,0,11,-11
222001085,0,12,-12
222001111,3,38,-35
222001112,0,0,0
222001313,0,0,0
222001314,0,2,-2
222001464,0,0,0
222001465,0,0,0
222001484,0,0,0
222001485,0,0,0
222001494,0,0,0
222001495,0,0,0
222001496,0,0,0
222001497,0,0,0
222001502,12,82,-70
222001503,0,0,0
222001504,9,103,-94
222001505,0,0,0
222001506,8,168,-160
222001507,0,0,0
222001510,0,0,0
222001511,12,148,-136
222001514,0,0,0
222001515,48,272,-224
222001518,0,0,0
222001519,14,147,-133
222001527,0,0,0
222001528,14,67,-53
222001529,0,0,0
222001530,23,100,-77
222001533,72,283,-211
222001534,0,0,0
222001535,0,0,0
222001536,0,0,0
222001537,0,0,0
222001538,12,173,-161
222001563,0,0,0
222001564,19,290,-271
222001568,1,18,-17
222001576,0,0,0
222001579,0,0,0
222001583,0,0,0
222001584,0,0,0
222001596,15,300,-285
222001597,0,0,0
222001626,0,15,-15
222001650,0,9,-9
222001651,0,0,0
222001914,0,0,0
222001915,5,70,-65
222001968,0,0,0
222001969,0,0,0
222001970,0,0,0
222001971,0,0,0
222001972,0,6,-6
225000001,27,3,24
225000002,13,1,12
225000003,28,6,22
225000004,24,9,15
225000005,2,2,0
225000006,2,79,-77
225000007,1322,410,912
225000010,82,0,82
225000011,0,0,0
225000012,0,0,0
225000013,0,0,0
225000014,0,0,0
225000015,43,98,-55
225000021,0,0,0
225000027,110,207,-97
225000032,0,0,0
225000042,28,307,-279
225000049,15,32,-17
225000050,41,5,36
225000053,3,152,-149
225000058,0,0,0
225000067,53,165,-112
225000068,21,222,-201
225000069,53,275,-222
225000070,43,186,-143
225000071,11,136,-125
225000075,14,320,-306
225000076,37,42,-5
225000078,0,0,0
225000085,0,0,0
225000086,0,0,0
225000087,0,0,0
225000088,1,54,-53
225000089,403,249,154
225000090,11,114,-103
225000091,21,94,-73
225000092,5,45,-40
225000093,39,249,-210
225000094,4,232,-228
225000095,154,269,-115
225000096,63,145,-82
225000098,31,6,25
225000099,18,9,9
225000100,17,1,16
225000104,16,197,-181
225000110,6,159,-153
225000111,59,386,-327
225000112,66,432,-366
225000113,25,225,-200
225000114,19,100,-81
225000115,908,172,736
225000116,0,0,0
225000117,0,0,0
225000118,0,0,0
225000119,0,0,0
225000120,0,0,0
225000121,0,0,0
225000123,0,0,0
225000125,18,37,-19
225000126,302,8,294
225000127,344,31,313
225000128,48,8,40
225000132,67,24,43
225000133,70,19,51
225000134,209,22,187
225000135,42,4,38
225000136,44,2,42
225000137,23,6,17
225000138,93,1,92
225000143,18,85,-67
225000144,5,151,-146
225000145,0,0,0
225000146,7,58,-51
225000147,4,225,-221
225000148,0,152,-152
225000149,71,298,-227
225000151,34,124,-90
225000155,90,121,-31
225000156,45,164,-119
225000157,26,150,-124
225000158,27,229,-202
225000171,3,103,-100
225000180,11,2,9
225000181,0,18,-18
225000182,0,0,0
225000185,8,127,-119
225000187,29,148,-119
225000191,0,1,-1
225000194,0,26,-26
225000208,3,33,-30
225000209,0,0,0
225000210,2,96,-94
225000217,0,19,-19
225000218,0,0,0
225000223,0,11,-11
225000224,0,0,0
225000225,0,3,-3
225000226,0,0,0
225000227,34,44,-10
225000228,0,0,0
225000229,0,38,-38
225000230,0,0,0
225000231,2,74,-72
225000232,0,0,0
225000241,0,0,0
225000242,0,52,-52
225000249,0,0,0
225000250,28,370,-342
225000251,128,13,115
226000042,83,211,-128
226000043,5,127,-122
226000044,57,424,-367
226000045,30,271,-241
226000046,87,23,64
226000047,62,36,26
226000048,108,19,89
226000049,62,29,33
226000070,0,30,-30
226000071,0,31,-31
226000072,0,3,-3
226000073,0,2,-2
226000074,0,11,-11
226000084,4,23,-19
226000085,3,6,-3
226000086,0,0,0
226000087,0,4,-4
226000088,2,4,-2
226000090,6,8,-2
226000091,0,0,0
226000092,0,0,0
226000093,0,0,0
226000094,2,1,1
226000095,0,0,0
226000105,0,1,-1
226000106,2,0,2
226000107,0,0,0
226000108,1,0,1
226000109,12,2,10
226000124,84,19,65
226000134,253,106,147
226000135,291,187,104
226000136,66,61,5
226000137,2,199,-197
226000138,4,126,-122
226000139,0,8,-8
226000156,10,0,10
226000157,25,1,24
226000163,17,29,-12
226000202,1,199,-198
226000231,71,0,71
226000232,2,0,2
227000033,7,4,3
227000036,0,0,0
227000037,0,0,0
227000038,0,0,0
227000049,0,4,-4
227000050,1,41,-40
227000055,0,0,0
227000056,0,0,0
227000084,0,23,-23
227000085,0,13,-13
227000088,0,0,0
227000089,0,0,0
227000090,0,0,0
227000091,0,0,0
227000093,0,0,0
227000094,2,2,0
227000130,3,45,-42
227000131,4,195,-191
227000132,5,156,-151
227000133,8,167,-159
227000134,8,230,-222
227000152,0,2,-2
227000153,0,34,-34
227000155,1,16,-15
227000156,0,19,-19
227000165,0,9,-9
227000196,41,140,-99
227000199,8,175,-167
227000230,24,195,-171
227000232,0,0,0
227000242,66,270,-204
227000243,0,0,0
227000245,23,314,-291
227000246,57,354,-297
227000247,1,1,0
227000248,1,1,0
227000249,16,215,-199
227000250,22,13,9
227000251,122,271,-149
227000252,25,314,-289
227000253,0,2,-2
227000262,0,0,0
227000266,0,0,0
227000267,43,820,-777
227000282,27,94,-67
227000284,0,0,0
227000286,22,28,-6
227000287,19,45,-26
227000291,52,211,-159
227000484,0,0,0
227000485,37,349,-312
227000655,0,0,0
227000656,0,0,0
227000657,0,0,0
227000661,0,0,0
227000680,0,0,0
229000265,0,10,-10
229000296,6,8,-2
229000297,8,7,1
229000298,7,24,-17
229000320,0,0,0
229000321,0,2,-2
229000412,1,13,-12
229000414,0,19,-19
229000415,0,0,0
229000416,0,0,0
229000417,1,2,-1
229000419,11,67,-56
229000440,26,7,19
229000442,1,0,1
229000443,0,2,-2
229000444,1,16,-15
229000445,6,1,5
229000446,0,2,-2
229000491,0,0,0
229000492,4,4,0
229000493,1,6,-5
229000494,20,19,1
229000495,72,59,13
229000496,9,61,-52
229000507,0,1,-1
229000508,1,1,0
229000509,0,1,-1
229000510,0,2,-2
229000511,0,1,-1
229000512,0,0,0
229000513,0,0,0
229000514,0,0,0
229000517,1,0,1
229000518,0,5,-5
229000519,0,3,-3
229000520,0,6,-6
229000521,13,19,-6
229000522,1,4,-3
229000523,2,11,-9
229000524,1,15,-14
229000527,0,4,-4
229000528,0,6,-6
229000529,2,1,1
229000530,23,20,3
229000531,5,9,-4
229000532,35,14,21
229000533,130,34,96
229000534,39,15,24
229000564,37,16,21
229000565,6,4,2
229000566,0,0,0
229000567,0,2,-2
229000582,116,7,109
229000583,3,8,-5
229000584,0,0,0
229000585,0,1,-1
229000718,0,0,0
229000719,0,0,0
229000720,0,0,0
229000721,0,1,-1
229000722,0,0,0
229000723,0,0,0
229000724,0,0,0
229000725,0,0,0
229000738,2,0,2
229000739,2,0,2
229000740,3,0,3
229000741,23,0,23
229000742,13,0,13
229000743,34,0,34
229000744,0,1,-1
229000745,6,1,5
229000746,46,1,45
229000847,34,2,32
229000848,41,4,37
229000849,331,7,324
229000851,25,1,24
229000854,0,36,-36
229000856,1,73,-72
229000857,0,15,-15
229000858,0,80,-80
229000919,0,74,-74
229000930,2,101,-99
229000937,191,31,160
229000966,69,18,51
229000981,15,50,-35
229000985,1,8,-7
229000986,0,2,-2
229000987,0,0,0
229000988,0,2,-2
229000989,0,1,-1
229000990,0,0,0
229000991,0,0,0
229000992,0,0,0
229000993,14,0,14
229000998,10,5,5
229000999,4,3,1
229001034,0,2,-2
229001035,0,1,-1
229001037,6,15,-9
229001042,1,0,1
229001047,0,9,-9
229001050,4,19,-15
229001168,0,0,0
229001200,1,0,1
229001338,0,5,-5
229001394,265,5,260
229001422,349,42,307
229001423,13,127,-114
229001431,187,52,135
229001432,15,44,-29
229001444,8,5,3
229001445,1,73,-72
229001479,2,5,-3
229001503,221,67,154
229001504,36,128,-92
229001505,370,70,300
229001506,44,151,-107
229001509,2,19,-17
229001545,92,12,80
229001546,7,60,-53
229001553,70,13,57
229001554,2,103,-101
229001559,1,4,-3
229001560,0,4,-4
229001630,3,2,1
229001631,4,8,-4
229001635,0,0,0
229001636,0,0,0
229001658,1,47,-46
229001659,131,7,124
229001660,0,0,0
229001661,0,6,-6
229001662,15,1,14
229001663,0,11,-11
229002584,12,13,-1
229002831,28,30,-2
229002841,0,8,-8
229002842,1,2,-1
229002843,1,1,0
229002844,3,19,-16
229002845,3,30,-27
229002846,1,1,0
229002847,0,3,-3
229002848,0,0,0
229002849,0,12,-12
229002850,0,0,0
229002851,3,20,-17
229002852,9,1,8
229002853,3,2,1
229002854,2,23,-21
229002855,0,14,-14
229002856,6,4,2
229002857,1,7,-6
229002858,5,0,5
229002859,1,7,-6
229002860,3,0,3
229002861,1,0,1
229002862,3,5,-2
229002863,2,9,-7
229002864,0,5,-5
229002865,0,1,-1
229002866,0,2,-2
229002867,0,3,-3
229002868,0,4,-4
229002869,2,23,-21
229002870,5,1,4
235000066,0,0,0
235000067,0,0,0
235000072,17,40,-23
235000073,33,145,-112
235000074,7,47,-40
235000080,3,43,-40
235000081,23,102,-79
235000082,0,0,0
235000083,0,0,0
235000084,0,0,0
235000085,0,0,0
235000089,0,0,0
235000092,9,89,-80
235000093,1,1,0
235000097,0,0,0
235000098,0,0,0
235000099,0,0,0
235000116,0,0,0
235000117,0,0,0
235000133,5,103,-98
235000134,4,43,-39
235000206,0,0,0
235000207,0,0,0
235000208,0,0,0
235000209,0,0,0
235000210,0,0,0
235000212,2,13,-11
235000213,1,3,-2
235000220,0,2,-2
235000221,15,7,8
235000238,1,1,0
235000239,0,0,0
235000242,26,13,13
235000245,610,121,489
235000246,1,33,-32
235000284,2,37,-35
235000295,0,0,0
235000305,0,0,0
235000306,0,0,0
235000307,0,0,0
235000308,0,0,0
235000309,0,0,0
235000310,0,0,0
235000311,0,0,0
235000322,0,5,-5
235000323,0,6,-6
235000324,0,6,-6
235000325,0,6,-6
235000326,3,95,-92
235000351,0,20,-20
235000352,4,15,-11
235000353,2,7,-5
235000354,1,7,-6
235000355,2,17,-15
235000356,0,0,0
235000357,0,0,0
235000358,0,0,0
235000359,0,0,0
235000360,0,0,0
235000361,0,0,0
235000381,47,225,-178
235000382,0,0,0
235000390,0,0,0
235000391,1,0,1
235000392,0,0,0
235000393,0,0,0
235000395,0,0,0
235000396,0,0,0
235000400,0,0,0
235000401,12,131,-119
235000405,37,202,-165
235000406,11,172,-161
235000407,56,83,-27
235000409,172,105,67
235000410,31,135,-104
235000411,0,47,-47
235000485,0,10,-10
235000486,0,0,0
235000549,0,0,0
235000550,34,90,-56
235000599,57,41,16
235000600,4,4,0
235000601,0,0,0
235000602,0,0,0
235000614,1,1,0
235000648,0,52,-52
235000649,0,0,0
235000685,0,0,0
235000815,3,20,-17
235000834,0,6,-6
235000855,0,0,0
235000862,14,125,-111
235000891,0,3,-3
235000892,2,0,2
235000901,56,64,-8
235000907,9,4,5
235001010,0,0,0
235001029,343,207,136
235001030,0,0,0
235001078,0,0,0
235001079,27,63,-36
235001147,0,0,0
235001166,0,0,0
235001167,6,37,-31
235001169,1,150,-149
235001188,1,2,-1
235001189,0,0,0
235001197,1,23,-22
235001200,11,30,-19
235001207,0,0,0
235001210,22,267,-245
235001215,15,196,-181
235001239,0,22,-22
235001244,0,0,0
235016267,0,3,-3
277101746,0,16,-16
277102712,0,0,0
277103813,0,0,0
277103814,0,0,0
277103898,0,0,0
277104249,0,0,0
277104250,0,0,0
277104251,0,6,-6
277104252,0,0,0
990011530,0,158,-158
990014944,2,201,-199
990015176,0,0,0
990015618,0,37,-37
990016032,0,73,-73
990032570,4,15,-11
990070001,0,0,0
990070103,1,1,0
990070601,0,8,-8
990070751,0,1,-1
990070766,0,81,-81
990071180,0,38,-38
990071343,0,0,0
990071387,0,7,-7
990071823,0,0,0
990072600,0,360,-360
990072964,0,174,-174
990073285,0,0,0
990074393,0,171,-171
990074870,6,8,-2
990075106,0,1,-1
990075746,0,1,-1
990076437,0,2,-2
990076458,3,361,-358
997000007,0,1,-1
997000041,0,64,-64
997000058,1,0,1
997000062,1,0,1
997000069,0,7,-7
997000070,0,28,-28
997000100,0,0,0
997000141,0,0,0
997000198,0,0,0
998000475,0,5,-5
998000736,0,66,-66
998000965,0,0,0
998001031,0,29,-29
998001700,0,18,-18
998001899,0,0,0
998001900,20,0,20
998003073,0,2,-2
998101900,0,0,0
998102850,0,0,0
998501927,25,194,-169
998501929,9,2,7
998501930,15,0,15
998501931,19,20,-1
998501932,15,0,15
998501933,0,1,-1
998501937,0,1,-1
998501944,0,2,-2
998501950,0,2,-2
998501970,6,4,2
998501971,1,87,-86
998501973,1,10,-9
998501974,5,113,-108
998501975,1,0,1
998501976,1,0,1
998501977,1,21,-20
998501978,0,0,0
998501979,0,17,-17
998501980,0,0,0
998501981,0,1,-1
998501982,1,102,-101
998501983,0,2,-2
998502006,0,0,0
998502024,0,2,-2
998502032,0,0,0
998502062,2,0,2
998502063,0,0,0
998502173,0,0,0
998502269,0,3,-3
998502546,1,8,-7
998502578,0,0,0
998502599,0,9,-9
998502621,0,0,0
998601159,0,38,-38
998601292,0,1,-1
999033574,0,245,-245
999800001,0,0,0
999800002,0,0,0
999800003,0,3,-3
999800004,0,9,-9
999800005,0,10,-10
