ID,insum,outsum,diff
100000001,469,338,131
100000002,1018,392,626
100000003,3786,1481,2305
100000004,1055,485,570
100000005,983,1627,-644
100000006,145,61,84
100000007,840,271,569
100000008,111,364,-253
100000009,112,112,0
100000010,7,32,-25
100000011,308,49,259
100000012,38,529,-491
100000013,29,99,-70
100000014,170,239,-69
100000015,884,738,146
100000016,770,825,-55
100000017,423,728,-305
100000018,1024,326,698
100000019,3403,1030,2373
100000020,1078,1807,-729
100000021,4674,1419,3255
100000022,1017,532,485
100000023,4246,565,3681
100000025,1865,320,1545
100000028,1276,488,788
100000029,216,137,79
100000030,375,24,351
100000031,3059,2773,286
100000032,1775,1653,122
100000033,541,1136,-595
100000034,604,198,406
100000035,1149,401,748
100000036,1910,584,1326
100000037,309,282,27
100000038,665,567,98
100000039,355,103,252
100000040,102,54,48
100000041,399,195,204
100000042,403,220,183
100000043,402,198,204
100000044,274,499,-225
100000045,360,1043,-683
100000046,497,911,-414
100000047,213,653,-440
100000048,267,498,-231
100000049,1343,2127,-784
100000051,265,904,-639
100000053,14,1,13
100000054,103,16,87
100000055,346,148,198
100000056,184,412,-228
100000057,1155,583,572
100000058,647,1128,-481
100000059,4,67,-63
100000060,147,172,-25
100000061,1212,317,895
100000062,792,327,465
100000063,251,180,71
100000064,492,231,261
100000065,328,785,-457
100000066,138,721,-583
100000067,272,651,-379
100000068,450,1291,-841
100000069,168,1350,-1182
100000072,282,695,-413
100000073,680,901,-221
100000075,313,222,91
100000076,1521,890,631
100000077,488,107,381
100000078,68,16,52
100000079,22,11,11
100000080,7,6,1
100000081,44,9,35
100000102,1974,853,1121
100000103,2638,419,2219
100000104,3372,729,2643
100000105,2701,323,2378
100000106,1534,864,670
100000107,352,237,115
100000108,665,659,6
100000109,2516,798,1718
100000116,1097,282,815
100000117,12,28,-16
100000118,896,454,442
100000119,361,376,-15
100000121,140,539,-399
100000122,756,545,211
100000123,2563,2705,-142
100000124,4928,3500,1428
100000125,1787,402,1385
100000126,411,139,272
100000127,1137,217,920
100000128,463,502,-39
100000129,321,270,51
100000130,228,501,-273
100000131,2513,1776,737
100000132,1128,1044,84
100000133,5562,1888,3674
100000135,283,462,-179
100000139,141,191,-50
100000140,160,235,-75
100000142,197,328,-131
100000143,1353,710,643
100000144,3121,695,2426
100000147,667,1547,-880
100000150,11,341,-330
100000151,361,297,64
100000153,145,133,12
100000154,95,48,47
100000155,3,23,-20
100000156,39,43,-4
100000157,23,310,-287
100000158,31,107,-76
100000159,298,215,83
100000165,793,417,376
100000169,563,212,351
100000174,1162,221,941
100000179,59,478,-419
100000180,513,784,-271
100000181,59,213,-154
100000188,63,225,-162
100000189,359,180,179
100000190,321,254,67
100000191,384,295,89
100000192,61,39,22
100000193,75,114,-39
100000330,1483,362,1121
100000355,90,329,-239
100000362,3636,2438,1198
100000363,1521,2205,-684
100000364,284,104,180
100000365,2447,4877,-2430
100000366,2874,1581,1293
100000367,1688,2708,-1020
100000368,1557,1232,325
100000369,619,661,-42
100000370,69,239,-170
100000376,81,33,48
100000379,1619,602,1017
100000380,2510,1083,1427
100000384,3638,1685,1953
100000385,4071,1964,2107
100000386,6649,2020,4629
100000387,5200,2325,2875
100000388,7125,2237,4888
100000389,6497,2306,4191
100000390,7039,1595,5444
100000391,4319,2346,1973
100000392,2597,717,1880
100000393,929,877,52
100000394,4647,1765,2882
100000395,2414,765,1649
100000396,3902,1005,2897
100000397,2159,1162,997
100000398,7687,5283,2404
100000413,8,0,8
100900002,1,47,-46
100900003,132,56,76
100900004,25,543,-518
100900005,77,3,74
100900006,6,174,-168
100900007,317,1,316
100900008,1,337,-336
100900009,8,11,-3
100900010,8,107,-99
100900011,29,283,-254
100900012,0,205,-205
100900013,235,9,226
100900014,1,10,-9
100900015,80,52,28
100900016,0,25,-25
100900017,285,36,249
100900018,1,7,-6
100900019,7,22,-15
100900020,109,1,108
100900021,190,1,189
100900022,1,7,-6
100900023,0,9,-9
100900024,468,4,464
100900025,12,7,5
100900026,32,130,-98
100900027,262,983,-721
100900028,60,88,-28
100900029,60,12,48
100900030,3,13,-10
100900031,147,45,102
100900032,82,2,80
100900033,135,55,80
100900034,175,3,172
100900035,399,1,398
100900036,15,1,14
100900037,23,239,-216
100900038,60,16,44
100900039,277,557,-280
100900040,124,717,-593
100900041,176,819,-643
100900042,304,107,197
100900043,0,0,0
100900044,2123,207,1916
100900045,46,3,43
100900046,327,2,325
100900047,576,52,524
100900048,68,6,62
100900049,33,213,-180
100900050,1,11,-10
100900051,57,48,9
100900052,62,10,52
100900053,112,7,105
100900054,3,89,-86
100900055,102,198,-96
100900056,43,120,-77
100900057,230,367,-137
100900058,123,16,107
100900059,36,2,34
100900060,45,4,41
100900061,213,158,55
100900062,0,32,-32
100900063,83,217,-134
100900064,327,4,323
100900065,48,37,11
100900066,25,37,-12
100900067,6,10,-4
100900068,12,103,-91
100900069,250,0,250
100900070,88,0,88
100900071,490,171,319
100900072,0,48,-48
100900073,45,454,-409
100900074,4,5,-1
100900075,1836,197,1639
100900076,1,13,-12
100900077,6,157,-151
100900078,25,101,-76
100900079,3,31,-28
100900080,9,144,-135
100900081,12,38,-26
100900082,58,592,-534
100900083,1,16,-15
100900085,2,27,-25
100900086,86,238,-152
100900088,48,609,-561
100900089,4,20,-16
100900090,51,176,-125
100900091,0,9,-9
100900092,79,76,3
100900093,115,100,15
100900094,33,551,-518
100900095,0,16,-16
100900096,16,42,-26
100900097,1,0,1
100900098,11,11,0
100900099,17,437,-420
100900100,5,156,-151
100900101,289,23,266
100900102,2,14,-12
100900103,3,9,-6
100900104,5,124,-119
100900105,2,47,-45
100900106,37,1,36
100900107,1114,258,856
100900108,1,5,-4
100900109,1,14,-13
100900110,6,41,-35
100900111,39,123,-84
100900112,0,1,-1
100900113,3,24,-21
100900114,0,12,-12
100900115,2,13,-11
100900116,416,252,164
100900117,149,372,-223
100900118,1,40,-39
100900119,4,12,-8
100900120,1,33,-32
100900121,131,184,-53
100900122,89,113,-24
100900123,51,52,-1
100900124,1,7,-6
100900125,7,77,-70
100900126,41,88,-47
100900127,2,8,-6
100900128,47,63,-16
100900129,0,59,-59
100900131,19,76,-57
100900133,6,22,-16
100900134,0,5,-5
100900135,0,78,-78
100900137,211,126,85
100900138,232,194,38
100900139,0,3,-3
100900140,2,693,-691
100900141,0,215,-215
100900142,3,0,3
100900143,623,160,463
100900144,10,0,10
100900145,19,99,-80
100900146,7,19,-12
100900147,1,128,-127
100900148,23,761,-738
100900149,9,53,-44
100900150,2,6,-4
100900151,67,391,-324
100900152,65,2,63
100900153,1,70,-69
100900154,1,10,-9
100900155,4,4,0
100900156,8,2,6
100900157,0,66,-66
100900159,1,8,-7
100900160,7,16,-9
100900161,109,1,108
100900162,4,91,-87
100900163,88,135,-47
100900164,16,30,-14
100900165,10,33,-23
100900166,39,1,38
100900167,7,83,-76
100900168,3,62,-59
100900169,144,719,-575
100900170,10,6,4
100900171,16,540,-524
100900172,0,13,-13
100900173,3,482,-479
100900174,232,39,193
100900176,904,50,854
100900177,629,183,446
100900178,243,73,170
100900179,44,18,26
100900180,0,2,-2
100900181,55,16,39
100900182,9,6,3
100900184,3,123,-120
100900186,677,369,308
100900187,9,132,-123
100900188,15,2,13
100900189,402,69,333
100900191,745,462,283
100900192,225,116,109
100900195,119,53,66
100900197,19,117,-98
100900198,10,153,-143
100900199,18,14,4
100900200,430,253,177
100900201,16,665,-649
100900202,0,0,0
100900203,0,37,-37
100900204,65,37,28
100900205,61,227,-166
100900206,57,15,42
100900207,97,61,36
100900210,60,642,-582
100900211,181,29,152
100900213,15,5,10
100900214,610,32,578
100900215,5,22,-17
100900217,58,15,43
101000001,3076,1523,1553
101000002,2546,2176,370
101000003,515,780,-265
101000004,5891,4347,1544
101000005,3176,2802,374
101000006,4950,4159,791
101000007,1316,1784,-468
101000008,2755,1880,875
101000009,965,1676,-711
101000010,545,1029,-484
101000011,1332,407,925
101000012,1454,345,1109
101000013,390,568,-178
101000014,358,440,-82
101000015,544,625,-81
101000016,311,183,128
101000017,356,331,25
101000018,3750,1786,1964
101000020,3142,816,2326
101000021,938,147,791
101000022,264,51,213
101000023,1270,454,816
101000025,66,235,-169
101000026,434,12,422
101000027,1114,926,188
101000028,590,115,475
101000029,17,427,-410
101000030,550,38,512
101000031,437,74,363
101000032,4330,1247,3083
101000033,1807,1126,681
101000034,2222,631,1591
101000035,847,180,667
101000036,1424,210,1214
101000037,4276,675,3601
101000039,2380,621,1759
101000040,3216,1813,1403
101000041,10301,1672,8629
101000042,652,304,348
101000043,7405,1330,6075
101000045,1420,156,1264
101000046,1680,328,1352
101000047,754,623,131
101000048,521,529,-8
101000049,470,404,66
101000050,1369,418,951
101000051,1996,581,1415
101000052,1170,296,874
101000053,664,701,-37
101000054,1043,1026,17
101000055,1043,550,493
101000056,50,23,27
101000057,2061,298,1763
101000058,1443,422,1021
101000059,2596,1026,1570
101000060,1612,130,1482
101000061,897,603,294
101000062,817,208,609
101000063,385,282,103
101000064,1010,175,835
101000065,190,198,-8
101000066,267,122,145
101000067,622,180,442
101000068,324,90,234
101000069,272,10,262
101000070,1243,517,726
101000071,1422,517,905
101000072,715,2021,-1306
101000073,422,275,147
101000074,2972,1712,1260
101000075,4615,2573,2042
101000077,701,1264,-563
101000078,663,1259,-596
101000079,275,540,-265
101000080,398,448,-50
101000081,851,834,17
101000082,2923,1913,1010
101000083,1312,1172,140
101000084,995,1083,-88
101000085,1301,760,541
101000086,1088,902,186
101000087,807,993,-186
101000088,705,697,8
101000089,550,1030,-480
101000090,1936,1230,706
101000091,299,1681,-1382
101000092,591,811,-220
101000093,1017,615,402
101000094,355,944,-589
101000095,255,620,-365
101000096,165,564,-399
101000097,234,210,24
101000098,275,328,-53
101000099,601,786,-185
101000100,617,393,224
101000101,270,220,50
101000102,606,193,413
101000103,584,291,293
101000104,209,225,-16
101000105,621,136,485
101000106,490,324,166
101000107,147,305,-158
101000108,1151,267,884
101000109,116,41,75
101000110,23,603,-580
101000111,65,169,-104
101000113,68,274,-206
101000114,2488,691,1797
101000115,71,111,-40
101000116,84,118,-34
101000117,286,258,28
101000119,129,17,112
101000120,137,16,121
101000121,49,15,34
101000122,62,53,9
101000123,24,25,-1
101000124,103,285,-182
101000125,134,301,-167
101000128,778,321,457
101000130,203,168,35
101000131,283,523,-240
101000132,287,1334,-1047
101000135,25,18,7
101000136,163,83,80
101000137,14,129,-115
101000141,1563,1029,534
101000147,720,473,247
101000148,2053,19,2034
101000149,38,43,-5
101000150,27,893,-866
101000151,86,54,32
101000152,258,236,22
101000153,425,317,108
101000154,79,1471,-1392
101000155,109,131,-22
101000156,12,202,-190
101000157,34,17,17
101000160,29,39,-10
101000163,110,73,37
101000164,443,241,202
101000165,136,280,-144
101000166,192,213,-21
101000168,518,213,305
101000252,940,564,376
101000254,293,20,273
101000258,30,10,20
101000261,49,164,-115
101000262,491,730,-239
101000263,88,386,-298
101000265,29,336,-307
101000266,184,167,17
101000269,84,6,78
101000290,1049,1094,-45
101000293,6,74,-68
101000294,294,452,-158
101000295,123,377,-254
101000301,439,117,322
101000304,1407,1694,-287
101000305,1869,1202,667
101000328,37,222,-185
101900001,11,55,-44
101900002,0,2,-2
101900003,64,78,-14
101900004,6,28,-22
101900005,4269,744,3525
101900006,629,11,618
101900007,318,19,299
101900008,81,124,-43
101900009,20,254,-234
101900010,761,275,486
101900011,187,715,-528
101900012,62,165,-103
101900013,840,67,773
101900017,13,80,-67
101900018,1396,151,1245
101900019,166,68,98
101900020,55,39,16
101900021,1,44,-43
101900022,33,1143,-1110
101900023,32,204,-172
101900026,61,25,36
101900027,2,69,-67
102000001,1521,2506,-985
102000002,2017,878,1139
102000003,2425,2953,-528
102000004,6816,1740,5076
102000005,1093,1456,-363
102000006,1439,1029,410
102000007,1041,2615,-1574
102000008,4702,1306,3396
102000009,3870,4919,-1049
102000010,4718,2629,2089
102000011,1636,1407,229
102000012,2416,2509,-93
102000018,2701,1691,1010
102000019,2073,1102,971
102000026,209,399,-190
102000029,301,128,173
102000030,71,197,-126
102000031,16,214,-198
102000032,201,274,-73
102000033,114,352,-238
102000034,325,346,-21
102000035,713,414,299
102000036,2,231,-229
102000037,84,70,14
102000038,187,63,124
102000039,150,39,111
102000040,524,46,478
102000041,147,166,-19
102000042,135,64,71
102000043,292,150,142
102000044,350,411,-61
102000045,435,836,-401
102000046,575,290,285
102000047,417,809,-392
102000048,140,499,-359
102000049,708,365,343
102000050,707,789,-82
102000051,341,409,-68
102000052,873,593,280
102000053,600,584,16
102000054,207,616,-409
102000055,447,942,-495
102000056,358,1020,-662
102000057,867,415,452
102000058,751,1653,-902
102000059,839,1224,-385
102000060,725,653,72
102000061,693,1858,-1165
102000062,602,962,-360
102000063,826,1068,-242
102000064,344,427,-83
102000065,25,71,-46
102000066,631,769,-138
102000067,1389,2022,-633
102000068,7119,2069,5050
102000069,21,1675,-1654
102000070,2005,43,1962
102000071,5087,6943,-1856
102000072,2184,3945,-1761
102000073,271,859,-588
102000074,332,571,-239
102000075,152,220,-68
102000076,189,280,-91
102000077,215,1152,-937
102000078,400,681,-281
102000079,68,263,-195
102000080,90,143,-53
102000081,168,640,-472
102000082,455,193,262
102000083,211,643,-432
102000084,123,339,-216
102000085,1140,1258,-118
102000086,767,847,-80
102000087,450,2006,-1556
102000088,129,198,-69
102000089,542,336,206
102000090,278,941,-663
102000091,912,289,623
102000092,490,622,-132
102000093,330,330,0
102000094,1021,384,637
102000095,666,814,-148
102000096,995,573,422
102000097,942,827,115
102000098,461,797,-336
102000099,772,365,407
102000100,838,586,252
102000101,955,273,682
102000102,209,1227,-1018
102000103,838,283,555
102000104,770,224,546
102000105,121,661,-540
102000106,442,716,-274
102000107,483,467,16
102000108,312,174,138
102000109,241,481,-240
102000110,331,1445,-1114
102000111,6,279,-273
102000112,97,63,34
102000113,5,16,-11
102000114,827,284,543
102000115,125,119,6
102000116,300,188,112
102000117,142,347,-205
102000118,1081,766,315
102000119,2077,355,1722
102000120,47,331,-284
102000121,639,372,267
102000122,205,519,-314
102000123,1008,491,517
102000124,530,557,-27
102000125,677,406,271
102000126,363,464,-101
102000127,615,434,181
102000128,305,719,-414
102000129,494,642,-148
102000130,241,364,-123
102000131,496,403,93
102000132,158,273,-115
102000133,781,1996,-1215
102000134,286,548,-262
102000135,726,528,198
102000136,756,332,424
102000137,848,571,277
102000138,181,305,-124
102000139,37,246,-209
102000140,173,146,27
102000141,92,331,-239
102000142,139,288,-149
102000143,62,425,-363
102000144,71,346,-275
102000145,174,328,-154
102000146,220,251,-31
102000147,194,235,-41
102000148,141,184,-43
102000149,59,504,-445
102000150,110,159,-49
102000151,111,246,-135
102000152,61,99,-38
102000153,569,194,375
102000154,325,451,-126
102000155,67,159,-92
102000156,362,25,337
102000157,110,95,15
102000158,375,181,194
102000159,1129,171,958
102000161,3539,982,2557
102000162,130,76,54
102000163,48,379,-331
102000164,814,577,237
102000165,149,86,63
102000166,23,49,-26
102000167,106,142,-36
102000168,147,56,91
102000169,54,348,-294
102000170,421,79,342
102000171,51,56,-5
102000172,32,148,-116
102000173,229,146,83
102000174,27,25,2
102000175,60,96,-36
102000176,25,25,0
102000178,165,441,-276
102000179,172,175,-3
102000180,381,484,-103
102000181,243,515,-272
102000182,231,570,-339
102000183,722,1541,-819
102000184,821,707,114
102000185,1246,1437,-191
102000186,462,1594,-1132
102000187,322,1474,-1152
102000188,382,1145,-763
102000189,2507,826,1681
102000190,510,1709,-1199
102000191,953,467,486
102000192,486,710,-224
102000193,24,165,-141
102000194,38,107,-69
102000195,257,525,-268
102000196,81,513,-432
102000197,229,485,-256
102000198,84,810,-726
102000199,364,319,45
102000200,191,1223,-1032
102000201,264,409,-145
102000202,0,108,-108
102000203,88,214,-126
102000204,165,778,-613
102000205,466,490,-24
102000206,306,571,-265
102000207,395,351,44
102000208,175,382,-207
102000209,35,32,3
102000210,97,482,-385
102000211,180,323,-143
102000212,43,12,31
102000213,0,276,-276
102000214,54,3,51
102000215,4,505,-501
102000216,23,26,-3
102000217,3,207,-204
102000218,58,72,-14
102000219,281,266,15
102000225,575,604,-29
102000226,2455,329,2126
102000227,97,9,88
102000228,0,84,-84
102000229,21,15,6
102000230,214,475,-261
102000231,170,244,-74
102000232,11,132,-121
102000233,249,489,-240
102000234,47,1136,-1089
102000236,144,70,74
102000237,404,119,285
102000238,103,272,-169
102000240,500,348,152
102000241,138,94,44
102000243,4,25,-21
102000245,18,60,-42
102000246,10,26,-16
102000247,673,553,120
102000248,337,417,-80
102000249,63,121,-58
102000250,28,457,-429
102000254,43,282,-239
102000266,50,157,-107
102000271,11,0,11
102000286,329,217,112
102000297,1004,606,398
102000301,0,0,0
102000303,0,0,0
102000307,0,8,-8
102900001,921,795,126
102900002,219,8,211
102900003,21,224,-203
102900005,115,269,-154
102900006,309,189,120
102900007,223,15,208
102900008,171,52,119
102900009,361,154,207
102900010,366,327,39
102900011,1545,196,1349
102900012,206,39,167
102900013,10,90,-80
102900015,475,139,336
102900016,28,109,-81
102900017,52,533,-481
102900018,6,110,-104
102900019,163,323,-160
102900020,45,7,38
102900021,11,85,-74
102900022,288,53,235
102900023,10,26,-16
102900024,8,20,-12
102900025,205,105,100
102900026,376,1053,-677
102900027,18,34,-16
102900028,20,326,-306
102900029,109,100,9
102900030,217,141,76
102900031,83,109,-26
102900032,10,95,-85
102900033,53,121,-68
102900034,197,158,39
102900035,36,408,-372
102900036,113,441,-328
102900037,101,559,-458
102900038,280,526,-246
102900039,30,272,-242
102900040,111,164,-53
102900041,75,165,-90
102900042,109,370,-261
102900043,87,222,-135
102900044,526,1547,-1021
102900045,47,356,-309
102900046,81,224,-143
102900047,45,531,-486
102900048,387,606,-219
102900049,59,271,-212
102900050,124,279,-155
102900051,78,165,-87
102900052,16,16,0
102900053,225,527,-302
102900054,659,788,-129
102900055,43,93,-50
102900056,82,403,-321
102900057,2,18,-16
102900058,156,29,127
102900059,4,39,-35
102900060,61,310,-249
102900061,72,401,-329
102900062,84,1181,-1097
102900063,461,336,125
102900064,85,244,-159
102900065,1498,584,914
102900066,246,29,217
102900068,68,81,-13
102900070,82,709,-627
102900072,5,31,-26
102900073,93,2,91
102900075,18,19,-1
102900076,287,24,263
102900077,23,12,11
102900078,30,54,-24
102900079,90,6,84
102900080,222,19,203
102900081,47,181,-134
102900082,5,179,-174
102900083,252,12,240
102900084,3,17,-14
102900085,141,50,91
102900086,0,20,-20
102900087,26,63,-37
102900088,16,27,-11
102900089,189,83,106
102900090,1,332,-331
102900091,58,0,58
102900092,128,788,-660
102900093,138,124,14
102900094,0,22,-22
102900095,93,1,92
102900096,13,8,5
102900097,1,94,-93
102900098,26,7,19
103000001,1685,2056,-371
103000002,1525,1670,-145
103000003,2308,1896,412
103000004,745,461,284
103000005,1623,1757,-134
103000006,454,1082,-628
103000007,370,713,-343
103000008,618,973,-355
103000009,512,652,-140
103000010,96,63,33
103000011,1370,770,600
103000012,738,957,-219
103000013,4939,1672,3267
103000014,956,1284,-328
103000015,2117,739,1378
103000016,458,723,-265
103000017,98,236,-138
103000018,932,322,610
103000019,151,145,6
103000020,1569,1066,503
103000021,1115,1340,-225
103000022,937,1126,-189
103000023,392,1010,-618
103000024,127,141,-14
103000025,55,279,-224
103000026,1485,111,1374
103000027,187,323,-136
103000028,537,353,184
103000029,257,120,137
103000030,1516,416,1100
103000031,1099,1005,94
103000032,1447,1427,20
103000033,1852,1782,70
103000034,1002,706,296
103000035,248,724,-476
103000036,303,348,-45
103000037,463,331,132
103000038,372,642,-270
103000039,157,379,-222
103000040,154,893,-739
103000041,1199,2653,-1454
103000042,519,550,-31
103000043,258,1026,-768
103000044,87,225,-138
103000046,164,346,-182
103000047,351,516,-165
103000048,95,115,-20
103000049,62,145,-83
103000050,497,590,-93
103000051,260,467,-207
103000052,610,322,288
103000053,122,390,-268
103000054,1427,977,450
103000055,1120,1322,-202
103000056,409,2243,-1834
103000057,255,233,22
103000058,228,727,-499
103000059,180,539,-359
103000060,485,699,-214
103000061,273,549,-276
103000062,734,805,-71
103000063,410,437,-27
103000064,71,195,-124
103000065,1,326,-325
103000066,65,3,62
103000069,98,314,-216
103000070,440,1015,-575
103000071,509,261,248
103000072,104,906,-802
103000073,312,98,214
103000074,498,43,455
103000075,88,784,-696
103000076,128,162,-34
103000077,35,319,-284
103000078,1114,309,805
103000079,1323,311,1012
103000080,959,153,806
103000081,429,633,-204
103000082,330,97,233
103000083,67,275,-208
103000084,100,2,98
103000085,2,67,-65
103000086,598,233,365
103000087,101,341,-240
103000088,277,244,33
103000089,182,255,-73
103000090,1374,948,426
103000091,475,337,138
103000092,191,219,-28
103000093,258,460,-202
103000094,160,93,67
103000095,17,353,-336
103000096,703,74,629
103000097,49,514,-465
103000098,824,98,726
103000099,296,442,-146
103000100,59,836,-777
103000101,399,130,269
103000102,102,628,-526
103000103,345,213,132
103000104,48,140,-92
103000105,80,110,-30
103000106,10,74,-64
103000107,213,39,174
103000108,525,484,41
103000109,320,274,46
103000110,265,389,-124
103000111,506,225,281
103000112,212,180,32
103000113,505,501,4
103000114,771,265,506
103000115,353,430,-77
103000116,336,431,-95
103000117,183,407,-224
103000118,1013,836,177
103000119,1764,639,1125
103000120,30,80,-50
103000121,186,471,-285
103000122,218,155,63
103000125,3,462,-459
103000126,249,0,249
103000127,1,262,-261
103000128,83,0,83
103000129,1,146,-145
103000130,39,10,29
103000131,179,74,105
103000132,50,99,-49
103000133,3,100,-97
103000134,688,466,222
103000135,651,173,478
103000136,709,242,467
103000137,511,442,69
103000138,704,564,140
103000139,1,53,-52
103000140,117,28,89
103000141,11,86,-75
103000142,118,48,70
103000143,42,102,-60
103000144,114,46,68
103000145,4,13,-9
103000150,41,42,-1
103000152,261,158,103
103000153,115,104,11
103000156,1,458,-457
103000157,188,2,186
103000159,79,110,-31
103000162,40,14,26
103000163,8,3,5
103000164,11,7,4
103000165,113,374,-261
103000166,121,132,-11
103000167,115,88,27
103000168,55,131,-76
103000169,103,232,-129
103000170,257,378,-121
103000171,28,50,-22
103000172,172,289,-117
103000173,154,718,-564
103000174,108,312,-204
103000175,143,479,-336
103000176,547,219,328
103000177,545,287,258
103000178,271,182,89
103000179,83,10,73
103000183,36,25,11
103000185,54,85,-31
103000186,40,161,-121
103000187,162,600,-438
103000188,3,76,-73
103000189,728,846,-118
103000191,551,628,-77
103000292,2029,648,1381
103000293,1067,852,215
103000295,101,60,41
103000296,95,0,95
103000297,18,12,6
103000504,137,20,117
103000505,0,1,-1
103000506,1,146,-145
103000507,74,0,74
103000508,59,10,49
103000509,252,452,-200
103900001,1,271,-270
103900002,1559,119,1440
103900003,1531,104,1427
103900004,26,3,23
103900005,2,152,-150
103900006,2,1,1
103900007,22,5,17
103900008,10,0,10
103900009,149,215,-66
103900010,90,205,-115
103900011,91,230,-139
103900012,3,13,-10
103900013,32,63,-31
103900014,15,35,-20
103900015,19,24,-5
103900016,228,232,-4
103900017,11,57,-46
103900018,559,112,447
103900019,26,146,-120
103900020,90,265,-175
103900021,621,32,589
103900022,673,516,157
103900023,57,0,57
103900024,72,469,-397
103900025,0,44,-44
103900026,2,0,2
103900027,323,235,88
103900028,11,146,-135
103900029,651,122,529
103900030,127,20,107
103900031,9,1,8
103900032,29,34,-5
103900033,59,6,53
103900034,14,197,-183
103900035,40,51,-11
103900036,14,13,1
103900037,25,18,7
103900038,40,79,-39
103900039,28,466,-438
103900040,17,220,-203
103900041,11,25,-14
103900042,18,415,-397
103900043,74,69,5
103900044,200,126,74
103900045,117,145,-28
103900047,32,37,-5
103900048,29,15,14
103900049,151,924,-773
103900050,1,63,-62
103900051,1,30,-29
103900052,83,594,-511
103900053,73,849,-776
103900054,23,562,-539
103900055,241,174,67
103900056,14,42,-28
103900057,20,233,-213
103900058,55,703,-648
103900059,0,2,-2
103900060,15,156,-141
103900061,37,49,-12
103900062,92,27,65
103900063,2,0,2
103900064,54,3,51
103900065,576,247,329
103900066,67,9,58
103900067,46,2,44
103900068,0,0,0
103900069,38,8,30
103900070,102,240,-138
103900071,17,139,-122
103900072,5,332,-327
103900073,16,11,5
103900074,28,75,-47
103900075,80,87,-7
103900076,193,662,-469
103900077,30,49,-19
103900078,86,103,-17
103900079,116,148,-32
103900080,13,19,-6
103900081,73,3,70
103900082,1,97,-96
103900083,1762,352,1410
103900084,17,96,-79
103900085,65,55,10
103900086,170,171,-1
103900088,296,156,140
103900089,38,176,-138
103900090,0,197,-197
103900091,725,230,495
103900092,239,440,-201
103900093,57,373,-316
103900094,6,121,-115
103900095,154,146,8
103900096,16,240,-224
103900097,5,472,-467
103900098,111,67,44
103900099,20,268,-248
103900100,101,309,-208
103900101,29,958,-929
103900102,0,34,-34
103900104,1,29,-28
103900105,61,108,-47
103900106,0,8,-8
103900107,32,190,-158
103900108,20,366,-346
103900109,33,110,-77
103900110,89,34,55
103900111,26,665,-639
103900112,3,37,-34
103900113,98,144,-46
103900114,397,275,122
103900115,184,79,105
103900116,5465,1077,4388
103900117,224,111,113
103900119,16,20,-4
103900120,19,99,-80
103900122,39,414,-375
103900123,1127,348,779
103900124,22,476,-454
103900125,21,55,-34
103900126,239,459,-220
103900127,56,569,-513
103900128,17,147,-130
103900131,15,119,-104
103900133,541,12,529
103900134,0,2,-2
103900135,3,3,0
103900137,0,31,-31
103900138,14,401,-387
103900139,119,734,-615
103900140,6,28,-22
103900141,188,86,102
103900142,44,196,-152
103900143,41,0,41
103900144,0,38,-38
103900145,131,276,-145
103900146,196,295,-99
103900147,189,114,75
103900148,55,176,-121
103900149,56,627,-571
103900150,5595,1398,4197
103900151,15,127,-112
103900152,181,559,-378
103900153,2,1,1
103900154,893,714,179
103900155,8,200,-192
103900156,4,168,-164
103900157,4,182,-178
103900158,26,188,-162
103900159,38,52,-14
103900160,24,15,9
103900161,55,175,-120
103900162,52,145,-93
103900163,1,302,-301
103900167,3,53,-50
103900168,27,131,-104
103900169,27,22,5
103900170,1,84,-83
103900171,2,77,-75
103900172,9,29,-20
103900173,4,5,-1
103900174,54,61,-7
103900175,39,29,10
103900176,33,12,21
103900177,3,35,-32
103900178,13,75,-62
103900179,11,143,-132
103900180,6,100,-94
103900181,29,31,-2
103900182,18,6,12
103900184,421,27,394
103900185,197,78,119
103900187,103,23,80
103900188,32,4,28
103900189,58,9,49
103900190,59,35,24
103900191,15,27,-12
103900192,4,41,-37
103900193,121,94,27
103900194,37,261,-224
103900195,1,36,-35
103900196,21,11,10
103900197,5,16,-11
103900198,42,37,5
103900199,78,111,-33
103900200,110,124,-14
103900201,49,137,-88
103900202,2,26,-24
103900203,16,30,-14
103900204,5,122,-117
103900207,1,146,-145
103900208,15,0,15
103900209,5,99,-94
103900210,13,20,-7
103900211,228,517,-289
103900212,51,439,-388
103900213,82,193,-111
103900214,220,99,121
103900215,626,180,446
103900216,17,340,-323
103900217,206,24,182
103900218,0,227,-227
103900219,57,282,-225
103900233,24,2,22
103900235,24,7,17
103900236,23,0,23
103900242,1,1,0
103900243,7,2,5
103900244,44,317,-273
103900245,67,197,-130
103900246,59,25,34
103900247,25,94,-69
103900248,0,20,-20
103900249,7,15,-8
103900250,30,14,16
103900251,1,40,-39
103900253,23,32,-9
103900254,2,17,-15
103900255,13,7,6
103900256,22,26,-4
103900257,80,73,7
103900258,21,1,20
103900259,50,3,47
103900261,12,2,10
103900262,11,6,5
103900263,39,23,16
103900264,50,12,38
103900265,38,11,27
103900266,0,31,-31
103900267,5,40,-35
103900268,4,109,-105
103900269,79,34,45
103900270,13,107,-94
103900271,21,169,-148
103900272,35,67,-32
103900273,8,53,-45
103900274,21,3,18
103900275,14,4,10
103900276,0,71,-71
103900277,4,72,-68
103900278,9,40,-31
103900279,1,11,-10
103900280,2,141,-139
104000001,1502,1640,-138
104000002,1076,2069,-993
104000003,1689,1891,-202
104000004,2409,2142,267
104000005,690,1622,-932
104000006,2084,2529,-445
104000007,3352,2968,384
104000008,199,517,-318
104000009,108,119,-11
104000010,131,143,-12
104000011,708,413,295
104000012,164,467,-303
104000013,97,143,-46
104000014,187,648,-461
104000015,173,200,-27
104000016,440,441,-1
104000018,436,136,300
104000019,345,99,246
104000020,134,791,-657
104000021,247,677,-430
104000022,139,304,-165
104000023,266,233,33
104000024,140,342,-202
104000026,43,341,-298
104000027,242,393,-151
104000028,252,229,23
104000029,486,606,-120
104000030,203,260,-57
104000031,506,227,279
104000032,194,348,-154
104000033,369,327,42
104000034,238,480,-242
104000035,419,331,88
104000036,390,581,-191
104000037,212,373,-161
104000038,135,232,-97
104000039,157,392,-235
104000040,438,434,4
104000041,315,274,41
104000042,162,449,-287
104000043,215,394,-179
104000044,200,773,-573
104000045,737,1136,-399
104000046,1240,1261,-21
104000047,397,1229,-832
104000048,818,1876,-1058
104000049,244,234,10
104000050,114,511,-397
104000051,47,608,-561
104000052,877,1190,-313
104000053,469,658,-189
104000054,357,508,-151
104000055,3206,2718,488
104000056,1369,171,1198
104000057,134,449,-315
104000058,411,488,-77
104000059,436,973,-537
104000060,567,872,-305
104000061,673,1084,-411
104000062,151,100,51
104000064,481,312,169
104000065,62,291,-229
104000069,1269,632,637
104000070,46,222,-176
104000071,85,253,-168
104000072,327,201,126
104000075,36,195,-159
104000076,250,32,218
104000082,1654,2018,-364
104000083,557,112,445
104000084,86,450,-364
104000085,171,127,44
104000086,144,358,-214
104000087,393,709,-316
104000090,555,1444,-889
104000092,561,2586,-2025
104000094,541,1879,-1338
104000095,943,1076,-133
104000096,584,344,240
104000097,878,999,-121
104000098,1014,1219,-205
104000100,729,604,125
104000101,611,2150,-1539
104000106,70,441,-371
104000107,536,441,95
104000108,265,436,-171
104000109,145,36,109
104000110,587,705,-118
104000111,4315,1264,3051
104000112,1980,469,1511
104000116,4,1178,-1174
104000117,103,867,-764
104000118,265,248,17
104000119,241,241,0
104000120,114,921,-807
104000121,107,473,-366
104000122,422,567,-145
104000123,809,1084,-275
104000124,1222,2553,-1331
104000125,3959,2309,1650
104000126,213,354,-141
104000127,1441,3246,-1805
104000128,590,406,184
104000129,280,16,264
104000130,2,240,-238
104000131,702,622,80
104000132,599,878,-279
104000133,824,670,154
104000134,601,1219,-618
104000135,248,784,-536
104000136,560,1771,-1211
104000137,1387,236,1151
104000138,929,329,600
104000139,6985,2451,4534
104000141,953,1700,-747
104000142,457,890,-433
104000143,349,715,-366
104000144,44,111,-67
104000145,296,177,119
104000146,365,541,-176
104000147,68,322,-254
104000148,159,86,73
104000149,160,466,-306
104000150,392,375,17
104000151,232,638,-406
104000152,358,606,-248
104000153,277,431,-154
104000154,967,617,350
104000155,232,451,-219
104000157,907,1648,-741
104000158,142,200,-58
104000159,359,205,154
104000160,1276,1050,226
104000161,175,166,9
104000162,19,72,-53
104000165,1255,793,462
104000167,340,466,-126
104000168,358,6,352
104000169,31,37,-6
104000170,701,266,435
104000248,182,752,-570
104000251,36,308,-272
104000272,0,0,0
104000273,0,0,0
104000274,0,0,0
104000275,0,0,0
104000279,412,379,33
104000290,57,278,-221
104000291,482,919,-437
104000293,469,628,-159
104000294,4,1,3
104000295,384,619,-235
104000296,241,699,-458
104000297,602,1418,-816
104000298,1414,852,562
104000299,492,1040,-548
104900001,83,361,-278
104900002,10,76,-66
104900003,21,281,-260
104900004,39,327,-288
104900005,82,124,-42
104900006,72,51,21
104900007,170,176,-6
104900009,82,490,-408
104900010,9,6,3
104900011,0,1,-1
104900012,82,4,78
104900013,31,4,27
104900014,3645,294,3351
104900015,60,1,59
104900016,91,287,-196
104900017,33,131,-98
104900018,4,143,-139
104900019,221,1165,-944
104900020,32,200,-168
104900021,0,287,-287
104900022,10,134,-124
104900023,0,117,-117
104900024,7,107,-100
104900025,37,314,-277
104900026,2,111,-109
104900027,207,138,69
104900028,20,70,-50
104900029,41,81,-40
104900030,224,152,72
104900031,111,149,-38
104900032,29,125,-96
104900033,92,163,-71
104900034,173,88,85
104900035,129,121,8
104900036,82,44,38
104900037,91,305,-214
104900038,388,143,245
104900039,700,103,597
104900040,122,63,59
104900041,162,93,69
104900042,51,337,-286
104900043,12,34,-22
104900044,222,183,39
104900045,220,37,183
104900046,32,54,-22
104900047,158,123,35
104900048,133,59,74
104900049,2,4,-2
104900050,49,43,6
104900051,94,27,67
104900052,20,0,20
104900053,246,42,204
104900054,39,25,14
104900055,45,0,45
104900056,113,19,94
104900057,8,0,8
104900058,198,83,115
104900059,50,59,-9
104900060,0,294,-294
104900061,235,616,-381
104900063,1,107,-106
104900064,0,91,-91
104900065,0,98,-98
104900066,0,168,-168
104900067,3,196,-193
104900068,7,250,-243
104900070,62,284,-222
104900071,0,741,-741
104900072,17,171,-154
104900073,15,232,-217
104900074,44,181,-137
104900075,17,60,-43
104900076,54,386,-332
104900077,939,57,882
104900078,121,789,-668
104900079,81,120,-39
104900080,48,477,-429
104900082,3,276,-273
104900085,3,240,-237
104900087,250,2,248
104900089,29,0,29
104900090,261,376,-115
104900091,276,776,-500
104900093,211,479,-268
104900097,2630,1053,1577
104900098,39,39,0
104900099,72,241,-169
104900100,603,127,476
104900102,19,232,-213
104900103,279,102,177
104900104,2794,871,1923
104900106,28,96,-68
104900107,35,299,-264
104900108,6,268,-262
104900109,23,82,-59
104900110,5,30,-25
104900111,74,65,9
104900112,128,947,-819
104900113,340,425,-85
104900114,101,623,-522
104900115,272,388,-116
104900116,67,232,-165
104900118,10,44,-34
104900119,0,22,-22
104900120,103,42,61
104900121,2,115,-113
104900122,2,45,-43
104900123,9,4,5
104900124,6,0,6
104900125,286,6,280
104900126,51,44,7
104900127,22,12,10
104900128,45,143,-98
104900129,2046,850,1196
105000001,1887,1384,503
105000002,1539,1435,104
105000003,1946,3089,-1143
105000004,323,816,-493
105000005,427,889,-462
105000006,760,1124,-364
105000007,674,1023,-349
105000008,772,1410,-638
105000009,866,2032,-1166
105000010,2644,2017,627
105000011,1168,1538,-370
105000012,2674,2598,76
105000013,417,724,-307
105000014,787,1489,-702
105000015,6057,3721,2336
105000016,3035,1278,1757
105000017,1246,794,452
105000018,1024,774,250
105000019,1190,824,366
105000020,156,249,-93
105000021,260,126,134
105000022,94,29,65
105000023,278,184,94
105000028,70,113,-43
105000029,253,694,-441
105000030,3042,3056,-14
105000033,725,1687,-962
105000034,71,349,-278
105000037,425,465,-40
105000038,792,867,-75
105000039,2191,1319,872
105000040,359,509,-150
105000041,284,882,-598
105000042,1094,824,270
105000043,1451,1609,-158
105000044,189,263,-74
105000045,196,705,-509
105000046,409,243,166
105000047,253,1095,-842
105000048,296,171,125
105000049,209,574,-365
105000050,311,317,-6
105000051,166,377,-211
105000052,320,704,-384
105000053,115,149,-34
105000054,104,871,-767
105000055,210,304,-94
105000056,490,2067,-1577
105000057,688,841,-153
105000058,1000,1337,-337
105000059,379,374,5
105000060,309,613,-304
105000061,265,253,12
105000062,602,1116,-514
105000063,229,662,-433
105000064,633,465,168
105000065,299,1015,-716
105000066,800,2071,-1271
105000067,597,405,192
105000068,469,868,-399
105000069,2421,481,1940
105000070,668,622,46
105000071,155,412,-257
105000072,672,809,-137
105000073,569,421,148
105000074,651,843,-192
105000075,368,620,-252
105000076,965,1000,-35
105000077,1330,548,782
105000078,1080,923,157
105000079,1435,1550,-115
105000080,1310,680,630
105000081,898,531,367
105000082,378,387,-9
105000083,738,477,261
105000084,416,1047,-631
105000085,831,777,54
105000086,469,814,-345
105000087,2095,1578,517
105000088,936,1101,-165
105000089,2013,1692,321
105000090,733,714,19
105000091,1281,1459,-178
105000092,421,870,-449
105000093,217,144,73
105000094,159,166,-7
105000095,60,279,-219
105000096,772,528,244
105000097,842,567,275
105000098,522,505,17
105000099,597,785,-188
105000100,471,1022,-551
105000101,1158,1754,-596
105000102,606,1294,-688
105000103,885,1748,-863
105000104,1120,823,297
105000105,616,1617,-1001
105000106,696,1286,-590
105000107,626,771,-145
105000108,677,1590,-913
105000109,793,1274,-481
105000110,417,683,-266
105000111,413,527,-114
105000112,737,753,-16
105000113,240,491,-251
105000114,3213,827,2386
105000115,213,600,-387
105000116,392,354,38
105000117,442,1272,-830
105000118,185,244,-59
105000119,265,1074,-809
105000120,436,412,24
105000121,566,973,-407
105000122,218,339,-121
105000123,863,1252,-389
105000124,830,695,135
105000125,395,1718,-1323
105000126,1296,1981,-685
105000127,1477,1568,-91
105000128,262,1317,-1055
105000129,545,266,279
105000130,64,831,-767
105000131,450,293,157
105000132,444,336,108
105000133,297,969,-672
105000134,302,390,-88
105000135,362,638,-276
105000136,93,310,-217
105000137,127,127,0
105000138,147,373,-226
105000139,825,907,-82
105000140,86,389,-303
105000141,119,518,-399
105000142,46,467,-421
105000143,113,553,-440
105000144,182,548,-366
105000145,316,406,-90
105000146,346,589,-243
105000147,297,282,15
105000148,695,592,103
105000149,1164,1367,-203
105000150,1614,1048,566
105000151,297,294,3
105000152,181,653,-472
105000153,365,289,76
105000154,466,902,-436
105000155,240,380,-140
105000156,568,804,-236
105000157,752,1761,-1009
105000158,1169,637,532
105000159,200,1174,-974
105000160,1053,431,622
105000161,399,1704,-1305
105000162,384,1004,-620
105000163,1260,1132,128
105000164,154,270,-116
105000165,1407,2547,-1140
105000166,7064,232,6832
105000167,2440,926,1514
105000168,121,778,-657
105000169,170,311,-141
105000170,63,949,-886
105000171,685,271,414
105000172,21,46,-25
105000173,60,15,45
105000174,23,13,10
105000175,34,108,-74
105000176,46,54,-8
105000177,71,99,-28
105000178,44,722,-678
105000179,85,84,1
105000180,40,81,-41
105000181,32,475,-443
105000182,10,43,-33
105000183,1892,963,929
105000184,934,468,466
105000185,573,464,109
105000186,231,626,-395
105000187,384,174,210
105000188,101,73,28
105000189,48,429,-381
105000190,128,186,-58
105000191,196,359,-163
105000192,97,56,41
105000193,45,138,-93
105000194,152,44,108
105000195,188,1017,-829
105000196,14,68,-54
105000197,169,644,-475
105000198,430,184,246
105000199,159,178,-19
105000200,54,218,-164
105000201,77,11,66
105000203,12,245,-233
105000204,49,71,-22
105000205,80,193,-113
105000207,438,158,280
105000208,175,256,-81
105000209,123,270,-147
105000212,687,1308,-621
105000213,132,130,2
105000214,35,140,-105
105000215,72,247,-175
105000216,52,285,-233
105000217,115,222,-107
105000218,389,722,-333
105000221,135,209,-74
105000222,38,47,-9
105000223,74,120,-46
105000226,6,404,-398
105000227,14,210,-196
105000228,179,494,-315
105000229,65,184,-119
105000231,120,227,-107
105000233,327,415,-88
105000234,419,1008,-589
105000235,139,343,-204
105000237,509,48,461
105000243,10,41,-31
105000248,30,40,-10
105000262,117,1577,-1460
105000269,54,109,-55
105000270,186,72,114
105000271,0,232,-232
105000282,79,40,39
105000287,202,99,103
105000288,276,351,-75
105000289,763,603,160
105000290,5,2,3
105000402,3745,1104,2641
105000426,284,397,-113
105000438,571,436,135
105000446,10816,3642,7174
105000447,6147,2278,3869
105000454,105,904,-799
105000455,185,183,2
105000474,8,2,6
105000477,166,279,-113
105000478,965,1466,-501
105000479,77,97,-20
105000480,1416,1312,104
105000481,1669,1390,279
105000482,3406,2012,1394
105000483,827,941,-114
105000484,1733,2011,-278
105000485,736,954,-218
105000486,2418,1844,574
105000488,2333,1982,351
105000489,429,605,-176
105000549,20,121,-101
105000550,403,997,-594
105000551,37,98,-61
105000552,2905,1455,1450
105000555,496,502,-6
105000556,15,14,1
105000557,4,32,-28
105900001,5,650,-645
105900002,1304,254,1050
105900003,3,36,-33
105900004,170,99,71
105900005,5,139,-134
105900006,1,29,-28
105900007,19,6,13
105900008,44,700,-656
105900009,10,4,6
105900011,48,27,21
105900012,175,97,78
105900013,0,10,-10
105900014,7,49,-42
105900015,86,275,-189
105900016,76,427,-351
105900017,348,48,300
105900018,173,277,-104
105900019,23,308,-285
105900020,30,41,-11
105900021,7,182,-175
105900022,116,334,-218
105900023,0,58,-58
105900024,1,73,-72
105900025,27,21,6
105900026,138,36,102
105900027,2714,1513,1201
105900028,38,90,-52
105900029,1477,201,1276
105900030,110,183,-73
105900031,295,124,171
105900032,65,101,-36
105900033,23,59,-36
105900034,87,156,-69
105900035,93,110,-17
105900036,17,126,-109
105900037,61,51,10
105900038,60,238,-178
105900039,54,139,-85
105900040,30,71,-41
105900041,97,358,-261
105900042,19,71,-52
105900043,1523,39,1484
105900044,0,110,-110
105900045,0,348,-348
105900046,0,145,-145
105900047,2,18,-16
105900048,58,340,-282
105900050,997,230,767
105900051,3,972,-969
105900052,161,32,129
105900053,2688,821,1867
105900054,192,232,-40
105900056,586,106,480
105900057,12,136,-124
105900058,3,27,-24
105900059,0,44,-44
106000001,2721,1081,1640
106000002,2131,3522,-1391
106000003,2138,1947,191
106000004,1994,2185,-191
106000005,1717,3656,-1939
106000006,4289,3680,609
106000007,337,394,-57
106000008,327,219,108
106000009,363,207,156
106000010,398,531,-133
106000011,494,616,-122
106000012,590,1497,-907
106000013,1024,1250,-226
106000014,1516,1658,-142
106000015,889,769,120
106000016,799,2249,-1450
106000017,570,613,-43
106000018,413,543,-130
106000019,177,300,-123
106000020,183,413,-230
106000021,217,420,-203
106000022,240,283,-43
106000023,521,274,247
106000024,545,730,-185
106000025,80,172,-92
106000026,152,292,-140
106000027,497,950,-453
106000028,370,718,-348
106000029,625,1330,-705
106000030,692,254,438
106000034,126,425,-299
106000035,564,739,-175
106000036,285,261,24
106000037,1349,1312,37
106000038,326,65,261
106000039,80,37,43
106000040,146,617,-471
106000041,579,179,400
106000043,410,66,344
106000046,184,22,162
106000047,29,258,-229
106000049,436,91,345
106000050,176,829,-653
106000051,298,295,3
106000052,35,495,-460
106000053,119,80,39
106000054,272,356,-84
106000055,488,799,-311
106000056,203,401,-198
106000057,170,191,-21
106000058,104,165,-61
106000059,90,179,-89
106000060,460,553,-93
106000061,132,328,-196
106000062,103,571,-468
106000063,435,354,81
106000064,23,384,-361
106000065,191,153,38
106000066,50,344,-294
106000067,148,67,81
106000068,46,528,-482
106000069,91,45,46
106000070,255,679,-424
106000071,561,227,334
106000072,3732,1247,2485
106000073,1411,1684,-273
106000074,313,637,-324
106000075,198,789,-591
106000076,1138,1304,-166
106000077,2339,1149,1190
106000078,430,827,-397
106000079,441,868,-427
106000080,806,820,-14
106000081,429,900,-471
106000082,1900,854,1046
106000083,259,948,-689
106000084,728,591,137
106000085,1101,897,204
106000086,499,567,-68
106000087,587,565,22
106000088,239,603,-364
106000089,540,529,11
106000090,218,436,-218
106000091,207,725,-518
106000092,380,209,171
106000093,181,65,116
106000094,72,364,-292
106000095,280,1168,-888
106000096,510,596,-86
106000097,456,1391,-935
106000098,398,746,-348
106000099,125,786,-661
106000100,483,246,237
106000101,363,205,158
106000102,113,466,-353
106000103,113,511,-398
106000104,384,306,78
106000105,256,827,-571
106000106,352,287,65
106000107,60,574,-514
106000108,185,338,-153
106000109,76,422,-346
106000110,109,273,-164
106000111,75,615,-540
106000112,81,310,-229
106000113,880,586,294
106000114,253,298,-45
106000115,139,533,-394
106000116,98,185,-87
106000117,670,716,-46
106000118,649,765,-116
106000119,2067,933,1134
106000120,523,597,-74
106000121,149,152,-3
106000122,60,278,-218
106000123,168,279,-111
106000124,34,278,-244
106000125,12,327,-315
106000126,74,199,-125
106000127,435,800,-365
106000128,304,301,3
106000129,270,714,-444
106000130,488,399,89
106000131,140,695,-555
106000132,818,111,707
106000133,3648,829,2819
106000134,688,644,44
106000135,191,887,-696
106000136,434,471,-37
106000137,68,1521,-1453
106000138,549,41,508
106000139,54,102,-48
106000140,11,78,-67
106000141,37,106,-69
106000142,32,44,-12
106000143,10,90,-80
106000144,18,52,-34
106000145,82,333,-251
106000146,153,182,-29
106000147,308,517,-209
106000148,548,663,-115
106000149,341,333,8
106000150,271,1539,-1268
106000151,3984,588,3396
106000152,1146,937,209
106000153,101,994,-893
106000154,1190,199,991
106000155,29,158,-129
106000156,379,215,164
106000157,381,1501,-1120
106000158,2606,570,2036
106000159,4141,893,3248
106000160,207,1266,-1059
106000161,1230,434,796
106000162,124,488,-364
106000163,176,499,-323
106000164,191,229,-38
106000165,154,686,-532
106000166,298,257,41
106000167,168,1441,-1273
106000168,186,225,-39
106000169,85,819,-734
106000170,302,180,122
106000171,69,845,-776
106000172,1563,687,876
106000173,540,2273,-1733
106000174,622,248,374
106000175,192,897,-705
106000176,641,475,166
106000177,419,1956,-1537
106000178,1818,1140,678
106000179,807,1834,-1027
106000180,558,1807,-1249
106000181,317,1738,-1421
106000182,388,570,-182
106000183,439,1058,-619
106000184,346,898,-552
106000185,351,590,-239
106000186,604,111,493
106000187,142,559,-417
106000188,0,1,-1
106000189,0,32,-32
106000190,10,0,10
106000191,342,140,202
106000192,1,17,-16
106000193,191,116,75
106000194,88,197,-109
106000195,121,46,75
106000196,46,243,-197
106000197,159,220,-61
106000198,40,205,-165
106000199,573,358,215
106000200,392,99,293
106000201,333,957,-624
106000202,6017,422,5595
106000203,185,174,11
106000204,25,6,19
106000205,13,143,-130
106000206,52,9,43
106000207,41,783,-742
106000208,495,65,430
106000209,665,183,482
106000210,169,1220,-1051
106000211,232,1467,-1235
106000212,476,128,348
106000213,560,1054,-494
106000214,1724,336,1388
106000215,151,426,-275
106000216,196,245,-49
106000217,243,433,-190
106000218,388,219,169
106000219,115,234,-119
106000220,290,251,39
106000221,46,284,-238
106000222,22,158,-136
106000223,57,96,-39
106000224,99,299,-200
106000225,54,68,-14
106000226,76,266,-190
106000228,24,79,-55
106000229,63,673,-610
106000231,389,82,307
106000232,34,384,-350
106000233,295,106,189
106000234,50,156,-106
106000235,92,61,31
106000236,58,43,15
106000237,0,4,-4
106000238,0,7,-7
106000239,0,50,-50
106000240,9,4,5
106000241,8,618,-610
106000242,137,17,120
106000249,45,61,-16
106000250,31,322,-291
106000251,19,22,-3
106000252,7,127,-120
106000253,9,29,-20
106000254,22,91,-69
106000255,4,44,-40
106000256,58,81,-23
106000257,85,198,-113
106000258,70,9,61
106000259,2,21,-19
106000260,12,6,6
106000261,0,17,-17
106000262,13,27,-14
106000263,1,72,-71
106000264,84,3,81
106000265,3,102,-99
106000266,72,7,65
106000267,3,73,-70
106000268,308,28,280
106000269,48,55,-7
106000270,136,282,-146
106000271,15,147,-132
106000272,54,44,10
106000273,8,149,-141
106000274,131,38,93
106000275,83,114,-31
106000276,106,46,60
106000277,113,74,39
106000278,76,24,52
106000279,6,79,-73
106000280,10,176,-166
106000281,48,92,-44
106000282,75,40,35
106000283,46,93,-47
106000284,37,100,-63
106000285,93,134,-41
106000286,37,119,-82
106000287,34,105,-71
106000288,42,130,-88
106000289,65,65,0
106000290,44,66,-22
106000291,58,87,-29
106000292,35,109,-74
106000293,58,73,-15
106000294,70,90,-20
106000295,50,39,11
106000296,38,105,-67
106000297,51,174,-123
106000298,95,51,44
106000299,40,111,-71
106000300,20,88,-68
106000301,57,101,-44
106000303,15,44,-29
106000304,36,36,0
106000305,16,28,-12
106000306,36,75,-39
106000307,24,7,17
106000308,12,142,-130
106000309,10,43,-33
106000310,132,528,-396
106000311,193,80,113
106000312,31,197,-166
106000313,69,202,-133
106000318,147,151,-4
106000319,371,47,324
106000320,0,48,-48
106000321,214,64,150
106000322,81,244,-163
106000324,10,143,-133
106000325,788,697,91
106000326,698,1722,-1024
106000327,44,118,-74
106000328,2,64,-62
106000329,14,260,-246
106000330,32,39,-7
106000428,28,167,-139
106000429,61,568,-507
106000430,217,1350,-1133
106000431,802,267,535
106000432,1485,2598,-1113
106000433,1045,642,403
106000434,1865,689,1176
106000435,1625,2240,-615
106000436,13,250,-237
106000437,107,16,91
106000438,90,67,23
106000439,23,375,-352
106000440,125,454,-329
106000441,0,2,-2
106000442,90,10,80
106000443,90,538,-448
106000450,2,182,-180
106000451,17,14,3
106000454,5,92,-87
106000455,17,130,-113
106000456,114,10,104
106000457,9,1090,-1081
106000458,188,204,-16
106000459,47,326,-279
106000460,399,26,373
106000461,58,1745,-1687
106000462,0,19,-19
106000463,1,38,-37
106000464,0,663,-663
106000465,136,0,136
106000466,0,718,-718
106000467,401,397,4
106000468,30,135,-105
106000469,271,3,268
106000470,183,1071,-888
106000471,26,693,-667
106000472,41,7,34
106000473,10,19,-9
106000474,192,711,-519
106000475,158,98,60
106000476,129,120,9
106000477,29,106,-77
106000480,0,110,-110
106900001,0,14,-14
106900002,2,603,-601
106900003,187,785,-598
106900004,2,45,-43
106900006,0,23,-23
106900007,0,10,-10
106900008,132,313,-181
106900009,96,418,-322
106900010,190,340,-150
106900012,1948,959,989
106900013,197,59,138
106900014,19,0,19
106900015,12,0,12
106900016,109,1,108
106900017,0,0,0
106900018,1,0,1
106900019,42,1,41
106900020,2761,654,2107
106900021,13,40,-27
106900022,238,1,237
106900023,13,211,-198
106900024,199,14,185
106900025,31,622,-591
106900026,6,899,-893
106900027,177,8,169
107000001,2387,1288,1099
107000002,4371,2822,1549
107000003,2644,3523,-879
107000004,3924,4793,-869
107000005,1249,2827,-1578
107000006,2552,5484,-2932
107000007,2988,4366,-1378
107000008,13072,9389,3683
107000009,2862,3258,-396
107000010,8245,9634,-1389
107000011,1207,888,319
107000012,3597,3115,482
107000013,22,144,-122
107000014,17,247,-230
107000015,265,793,-528
107000016,242,1250,-1008
107000017,1113,552,561
107000018,12,151,-139
107000020,543,240,303
107000021,506,585,-79
107000022,386,854,-468
107000023,907,300,607
107000024,276,1683,-1407
107000025,97,271,-174
107000026,129,650,-521
107000027,688,616,72
107000028,802,1307,-505
107000029,1046,1167,-121
107000030,2496,2667,-171
107000031,1846,1309,537
107000032,262,800,-538
107000033,3001,2774,227
107000034,4046,1692,2354
107000035,165,120,45
107000036,245,794,-549
107000037,20,477,-457
107000038,124,204,-80
107000039,394,336,58
107000040,87,223,-136
107000041,999,509,490
107000042,656,1269,-613
107000043,2537,765,1772
107000044,644,323,321
107000045,81,282,-201
107000046,336,270,66
107000047,278,774,-496
107000048,324,234,90
107000049,413,665,-252
107000050,499,378,121
107000051,440,281,159
107000052,790,555,235
107000053,213,127,86
107000054,65,288,-223
107000055,326,168,158
107000056,394,600,-206
107000057,1935,179,1756
107000058,1474,1628,-154
107000059,1721,2676,-955
107000060,2276,3405,-1129
107000061,4283,3316,967
107000062,1774,1879,-105
107000063,3114,5557,-2443
107000064,1952,1418,534
107000065,2486,4891,-2405
107000066,696,1241,-545
107000067,460,631,-171
107000068,916,462,454
107000069,359,337,22
107000070,294,4,290
107000071,1289,18,1271
107000072,46,3580,-3534
107000073,249,141,108
107000074,122,891,-769
107000075,715,252,463
107000076,605,1561,-956
107000077,1673,499,1174
107000078,1535,3152,-1617
107000079,1146,459,687
107000080,846,2977,-2131
107000081,581,377,204
107000082,366,2429,-2063
107000083,503,197,306
107000084,365,2178,-1813
107000085,1977,2328,-351
107000086,2761,2194,567
107000087,1769,1483,286
107000088,2013,2416,-403
107000089,994,1398,-404
107000090,626,822,-196
107000091,740,773,-33
107000092,511,997,-486
107000093,698,638,60
107000094,592,1116,-524
107000095,303,523,-220
107000096,440,892,-452
107000097,316,274,42
107000098,245,805,-560
107000099,244,235,9
107000100,215,329,-114
107000101,45,116,-71
107000102,322,326,-4
107000103,236,135,101
107000104,216,362,-146
107000105,250,73,177
107000106,124,301,-177
107000107,241,151,90
107000108,65,823,-758
107000109,250,114,136
107000110,54,552,-498
107000111,148,32,116
107000112,31,394,-363
107000113,229,80,149
107000114,68,744,-676
107000115,191,83,108
107000116,40,1033,-993
107000117,85,221,-136
107000118,198,276,-78
107000119,1736,841,895
107000120,2611,297,2314
107000121,359,643,-284
107000122,760,738,22
107000123,191,787,-596
107000124,318,775,-457
107000125,362,822,-460
107000126,465,897,-432
107000129,93,1042,-949
107000130,142,134,8
107000131,283,681,-398
107000132,262,232,30
107000133,682,96,586
107000134,197,1,196
107000135,8,165,-157
107000136,498,0,498
107000137,6,279,-273
107000138,273,20,253
107000139,16,267,-251
107000140,446,47,399
107000141,87,583,-496
107000142,210,42,168
107000143,26,741,-715
107000144,188,312,-124
107000145,123,506,-383
107000146,110,169,-59
107000147,3618,860,2758
107000150,723,971,-248
107000151,36,49,-13
107000152,348,361,-13
107000153,391,621,-230
107000154,138,67,71
107000155,261,7,254
107000156,426,7,419
107000157,11,2011,-2000
107000158,240,7,233
107000159,33,1419,-1386
107000160,407,55,352
107000161,41,1798,-1757
107000162,105,167,-62
107000163,17,0,17
107000164,124,0,124
107000165,353,0,353
107000166,45,1419,-1374
107000167,237,233,4
107000168,415,204,211
107000169,830,886,-56
107000170,580,368,212
107000171,276,2399,-2123
107000172,397,572,-175
107000173,575,1041,-466
107000174,500,1531,-1031
107000175,8672,1378,7294
107000176,1,1,0
107000177,0,1,-1
107000178,14,31,-17
107000179,165,3224,-3059
107000180,626,282,344
107000181,297,1400,-1103
107000182,807,772,35
107000183,80,889,-809
107000184,484,687,-203
107000185,258,1230,-972
107000186,530,285,245
107000187,681,941,-260
107000188,277,414,-137
107000189,193,711,-518
107000190,239,735,-496
107000191,439,1110,-671
107000192,772,857,-85
107000193,218,317,-99
107000194,706,652,54
107000197,486,173,313
107000198,250,732,-482
107000199,425,563,-138
107000200,779,368,411
107000201,238,184,54
107000202,160,326,-166
107000203,533,313,220
107000204,554,390,164
107000205,1940,810,1130
107000206,404,607,-203
107000207,559,853,-294
107000208,851,218,633
107000209,1571,483,1088
107000210,1067,244,823
107000211,7,12,-5
107000212,9,217,-208
107000213,8,15,-7
107000214,6,92,-86
107000215,171,348,-177
107000216,94,360,-266
107000217,68,99,-31
107000219,28,101,-73
107000220,54,266,-212
107000222,212,542,-330
107000224,155,39,116
107000225,152,614,-462
107000226,121,49,72
107000227,60,373,-313
107000228,45,133,-88
107000229,238,113,125
107000230,713,440,273
107000231,1717,389,1328
107000232,56,62,-6
107000233,1838,516,1322
107000234,0,10,-10
107000235,25,9,16
107000236,8,210,-202
107000237,6,0,6
107000238,16,0,16
107000239,4474,294,4180
107000240,49,1104,-1055
107000243,0,47,-47
107000244,5,38,-33
107000246,2,1116,-1114
107000249,2,948,-946
107000251,3,302,-299
107000252,5,1220,-1215
107000255,688,68,620
107000257,5,540,-535
107000258,1,122,-121
107000259,1,221,-220
107000260,199,3,196
107000262,18,686,-668
107000263,130,3,127
107000266,7,3,4
107000267,47,168,-121
107000268,127,165,-38
107000269,100,7,93
107000270,0,29,-29
107000271,7,1001,-994
107000272,5,241,-236
107000273,2,255,-253
107000274,294,107,187
107000275,29,415,-386
107000280,243,11,232
107000281,12,1044,-1032
107000282,17,1461,-1444
107000290,9,22,-13
107000291,4,6,-2
107000292,2,20,-18
107000293,36,1,35
107000294,0,33,-33
107000295,7,0,7
107000296,0,16,-16
107000444,75,1,74
107000496,0,11,-11
107000497,1083,2908,-1825
107000500,205,253,-48
107000501,44,146,-102
107000502,193,319,-126
107000505,502,814,-312
107000506,0,62,-62
107000508,5,758,-753
107000509,130,421,-291
107000510,8,5,3
107000514,15,165,-150
107000515,8,302,-294
107000516,145,135,10
107000518,464,421,43
107000519,3456,908,2548
107000520,27,4,23
107000521,254,436,-182
107000522,281,722,-441
107900001,14,199,-185
107900002,47,1,46
107900003,118,3,115
107900004,12,0,12
107900005,315,1,314
107900006,18,1,17
107900007,91,10,81
107900008,29,29,0
107900009,72,0,72
107900010,8,0,8
107900012,200,16,184
107900013,176,45,131
107900014,9,3,6
107900015,211,2,209
107900016,353,64,289
107900017,8,0,8
107900018,27,40,-13
107900019,13,71,-58
107900020,23,1,22
107900021,13,117,-104
107900023,0,0,0
107900024,0,26,-26
107900025,152,231,-79
107900026,16,94,-78
107900027,7,22,-15
107900028,18,77,-59
107900030,119,11,108
107900031,36,197,-161
107900032,0,2,-2
107900033,7,7,0
107900034,147,6,141
107900035,410,4,406
107900036,8,16,-8
107900037,0,47,-47
107900038,138,78,60
107900039,7,49,-42
107900040,21,26,-5
107900041,0,0,0
107900043,17,142,-125
107900044,5,5,0
107900045,50,8,42
107900046,63,34,29
107900047,3,72,-69
107900048,46,22,24
107900049,199,220,-21
107900050,74,284,-210
107900051,62,97,-35
107900052,0,5,-5
107900053,15,62,-47
107900055,373,189,184
107900056,43,14,29
107900057,0,0,0
107900058,23,610,-587
107900060,5,37,-32
107900061,11,6,5
107900063,96,145,-49
107900064,189,39,150
107900065,64,5,59
107900066,0,7,-7
107900067,0,0,0
107900068,79,142,-63
107900069,35,565,-530
107900070,28,10,18
107900071,9,847,-838
107900072,25,165,-140
107900073,24,125,-101
107900074,866,96,770
107900076,91,65,26
107900077,29,0,29
107900079,5,9,-4
107900080,47,157,-110
107900081,6,49,-43
107900082,31,17,14
107900083,111,83,28
107900084,28,92,-64
107900086,56,60,-4
107900087,252,42,210
107900088,8,2,6
107900089,181,715,-534
107900090,311,643,-332
107900091,105,463,-358
107900092,0,0,0
107900093,31,50,-19
107900095,2159,775,1384
107900097,8,71,-63
107900098,29,153,-124
107900100,790,444,346
107900101,885,94,791
107900102,9,1,8
107900103,37,113,-76
107900104,121,2,119
107900105,0,434,-434
107900106,3,1479,-1476
107900107,864,130,734
107900108,236,72,164
107900109,332,13,319
107900110,10,147,-137
107900111,3,1118,-1115
107900112,62,194,-132
107900113,62,83,-21
107900114,74,217,-143
107900115,0,50,-50
107900116,21,190,-169
107900117,134,382,-248
107900118,43,125,-82
107900119,26,51,-25
107900120,32,2,30
107900121,0,82,-82
107900122,0,38,-38
107900123,2,17,-15
107900124,1,11,-10
107900125,21,144,-123
107900126,1,33,-32
107900127,285,76,209
107900128,88,36,52
107900129,11,24,-13
107900130,11,18,-7
107900131,504,27,477
107900132,73,315,-242
107900133,0,82,-82
107900134,16,6,10
107900135,1,176,-175
107900136,32,18,14
107900137,66,69,-3
107900138,21,21,0
107900139,5,20,-15
107900141,29,41,-12
107900142,23,903,-880
107900143,26,24,2
107900144,0,136,-136
107900145,3,69,-66
107900146,21,87,-66
107900147,30,17,13
107900148,117,133,-16
107900149,1544,281,1263
107900150,39,677,-638
107900151,4,93,-89
107900152,6,162,-156
107900153,114,120,-6
107900154,5,5,0
107900155,16,21,-5
107900156,0,438,-438
107900157,14,56,-42
107900158,182,3,179
107900159,32,927,-895
107900160,29,194,-165
107900161,10,209,-199
107900162,1,62,-61
107900163,26,6,20
107900164,0,31,-31
107900165,9,47,-38
107900166,7,272,-265
107900167,1,7,-6
107900168,14,29,-15
107900169,2,136,-134
107900171,7,1683,-1676
107900172,0,254,-254
107900173,4,189,-185
107900174,41,2,39
107900175,3,2,1
107900176,4,22,-18
107900177,0,76,-76
107900178,4,216,-212
107900179,6,125,-119
107900180,776,164,612
107900181,220,429,-209
107900182,8,1379,-1371
107900183,18,368,-350
107900184,28,193,-165
107900185,51,6,45
107900186,7,18,-11
107900187,1,89,-88
107900188,582,59,523
107900189,6,136,-130
107900190,78,15,63
107900191,26,137,-111
107900193,5,24,-19
107900194,117,1,116
107900195,3596,364,3232
107900196,16,40,-24
107900197,644,114,530
107900199,3,1004,-1001
107900201,59,89,-30
107900203,25,32,-7
107900204,237,152,85
107900206,210,93,117
107900207,2,623,-621
107900208,11,664,-653
107900209,266,82,184
107900210,48,96,-48
107900213,327,305,22
107900214,0,162,-162
107900215,133,250,-117
107900216,71,47,24
107900217,8,27,-19
107900218,6,1334,-1328
107900219,30,124,-94
107900220,94,101,-7
107900221,127,176,-49
107900223,40,483,-443
107900224,139,243,-104
107900225,3,657,-654
107900226,39,74,-35
107900227,77,450,-373
107900228,3,86,-83
107900229,5,266,-261
107900230,23,121,-98
107900231,1,163,-162
107900232,27,248,-221
107900233,6,130,-124
107900234,25,197,-172
107900235,28,54,-26
107900236,48,88,-40
107900237,101,376,-275
107900238,9,88,-79
107900239,1207,322,885
107900240,4,150,-146
107900241,4,74,-70
107900242,11,410,-399
107900243,1,32,-31
107900244,94,2,92
107900245,128,18,110
107900246,46,4,42
107900248,57,443,-386
107900249,183,5,178
107900250,3,417,-414
107900251,41,1004,-963
107900252,333,6,327
107900253,67,3,64
107900254,36,60,-24
107900255,237,36,201
107900256,216,256,-40
107900257,65,23,42
107900258,37,175,-138
107900259,66,529,-463
107900261,9,508,-499
107900262,18,93,-75
107900264,108,2,106
107900265,42,154,-112
107900267,75,19,56
107900268,32,3,29
107900269,0,4,-4
107900270,0,0,0
107900271,2,1,1
107900272,118,3,115
107900273,25,53,-28
107900274,26,0,26
107900275,6,3,3
107900276,0,55,-55
107900277,1,176,-175
107900278,128,273,-145
107900279,110,77,33
107900280,1204,732,472
107900281,2570,773,1797
107900282,36,151,-115
107900283,1084,294,790
107900284,96,719,-623
107900285,37,122,-85
107900286,92,77,15
107900287,56,103,-47
107900290,0,48,-48
107900291,310,7,303
107900292,66,272,-206
107900293,37,505,-468
107900295,18,118,-100
107900297,1,239,-238
107900298,525,750,-225
107900299,3344,1307,2037
107900300,11,65,-54
107900301,268,215,53
107900302,40,5,35
107900303,48,273,-225
107900304,103,521,-418
107900305,136,11,125
107900306,16,10,6
107900307,30,275,-245
107900308,190,31,159
107900309,12,0,12
107900310,0,0,0
107900311,114,67,47
107900312,0,0,0
107900313,2,59,-57
107900314,0,41,-41
107900315,0,46,-46
107900316,7,2,5
107900317,24,2,22
107900318,1,101,-100
107900319,1,182,-181
107900320,1,130,-129
107900321,45,2,43
107900322,2,174,-172
107900323,5,136,-131
107900324,79,0,79
107900325,27,0,27
107900326,76,337,-261
107900327,0,0,0
107900328,0,0,0
107900329,0,0,0
107900330,6,427,-421
107900331,87,21,66
107900332,75,31,44
107900333,28,6,22
107900334,2,313,-311
107900335,26,44,-18
107900336,21,16,5
107900337,1257,359,898
107900338,1,89,-88
107900339,1,20,-19
107900340,0,32,-32
107900341,5,0,5
107900342,60,78,-18
107900343,37,0,37
107900344,0,125,-125
107900345,49,7,42
107900346,11,1,10
107900347,19,3,16
107900348,3,1,2
107900349,6,1,5
107900350,37,261,-224
107900351,3,231,-228
107900352,2,49,-47
107900353,1,2,-1
107900354,5,45,-40
108000001,1757,2531,-774
108000002,2140,2888,-748
108000003,2055,1331,724
108000004,14074,14462,-388
108000005,3916,2233,1683
108000006,4897,5458,-561
108000007,2965,2646,319
108000008,4115,5328,-1213
108000009,1806,2319,-513
108000010,2045,4505,-2460
108000011,7672,6207,1465
108000012,16271,13991,2280
108000014,494,371,123
108000015,344,233,111
108000016,138,600,-462
108000017,424,264,160
108000018,855,300,555
108000019,838,349,489
108000020,831,306,525
108000021,381,1357,-976
108000022,428,1239,-811
108000023,672,132,540
108000024,152,672,-520
108000025,123,180,-57
108000026,240,559,-319
108000027,282,588,-306
108000028,169,252,-83
108000029,213,746,-533
108000030,239,172,67
108000031,145,496,-351
108000032,667,378,289
108000033,485,1230,-745
108000034,771,241,530
108000035,703,2237,-1534
108000036,199,1251,-1052
108000037,995,268,727
108000038,1203,267,936
108000039,358,2514,-2156
108000040,902,461,441
108000041,472,2772,-2300
108000042,47,188,-141
108000043,97,252,-155
108000044,216,149,67
108000045,154,766,-612
108000046,746,234,512
108000047,244,1086,-842
108000048,109,492,-383
108000049,286,182,104
108000050,135,616,-481
108000051,178,52,126
108000052,249,736,-487
108000053,208,86,122
108000054,368,867,-499
108000055,513,245,268
108000056,795,957,-162
108000057,346,565,-219
108000058,1544,2031,-487
108000059,3266,1709,1557
108000060,107,307,-200
108000061,236,432,-196
108000062,334,282,52
108000063,217,564,-347
108000064,96,147,-51
108000065,322,488,-166
108000066,1261,558,703
108000067,996,314,682
108000068,405,204,201
108000069,139,1115,-976
108000070,892,491,401
108000071,439,1924,-1485
108000072,776,701,75
108000073,1338,1913,-575
108000074,223,249,-26
108000075,278,741,-463
108000076,386,301,85
108000077,597,709,-112
108000078,1188,914,274
108000079,831,1823,-992
108000080,489,366,123
108000081,337,2484,-2147
108000082,790,1500,-710
108000083,939,532,407
108000084,334,1184,-850
108000085,254,206,48
108000086,661,791,-130
108000087,92,925,-833
108000088,215,39,176
108000089,145,182,-37
108000090,69,44,25
108000091,51,554,-503
108000092,45,92,-47
108000093,65,909,-844
108000094,314,79,235
108000095,95,527,-432
108000096,173,120,53
108000097,95,602,-507
108000098,508,1059,-551
108000099,248,147,101
108000100,19,187,-168
108000101,409,730,-321
108000102,962,1453,-491
108000106,515,0,515
108000107,2,563,-561
108000108,371,15,356
108000109,4,762,-758
108000110,124,230,-106
108000111,86,721,-635
108000112,44,85,-41
108000113,441,257,184
108000115,310,332,-22
108000117,549,215,334
108000118,243,359,-116
108000119,604,463,141
108000120,76,434,-358
108000121,170,456,-286
108000122,231,244,-13
108000123,261,294,-33
108000124,136,433,-297
108000125,126,305,-179
108000126,60,576,-516
108000127,196,354,-158
108000128,259,681,-422
108000129,108,1462,-1354
108000130,107,250,-143
108000131,515,198,317
108000132,1390,1257,133
108000133,398,351,47
108000134,477,694,-217
108000135,495,190,305
108000136,701,851,-150
108000137,152,293,-141
108000138,155,874,-719
108000139,120,339,-219
108000140,32,6,26
108000141,7,157,-150
108000142,34,117,-83
108000143,23,386,-363
108000144,67,23,44
108000145,11,22,-11
108000146,115,27,88
108000147,6,46,-40
108000148,100,28,72
108000149,12,36,-24
108000150,10,3,7
108000151,124,21,103
108000152,87,577,-490
108000153,139,67,72
108000154,57,12,45
108000155,10,4,6
108000156,561,280,281
108000157,99,346,-247
108000158,57,363,-306
108000159,598,149,449
108000160,4641,583,4058
108000161,3903,899,3004
108000165,5,76,-71
108000172,2,155,-153
108000173,2621,988,1633
108000175,186,87,99
108000178,289,392,-103
108000179,152,352,-200
108000181,37,26,11
108000182,190,46,144
108000183,20,202,-182
108000184,1023,1147,-124
108000185,62,607,-545
108000186,47,288,-241
108000187,66,660,-594
108000188,155,215,-60
108000189,1228,1602,-374
108000190,32,97,-65
108000192,47,650,-603
108000193,684,25,659
108000194,17,7,10
108000195,1,1041,-1040
108000196,63,84,-21
108000198,310,392,-82
108000199,0,115,-115
108000200,101,675,-574
108000203,48,825,-777
108000204,48,21,27
108000205,318,491,-173
108000339,1298,241,1057
108000364,254,250,4
108000365,31,368,-337
108000367,143,306,-163
108000368,0,47,-47
108000369,1094,75,1019
108000371,11,546,-535
108000372,223,3,220
108000373,85,120,-35
108000376,35,17,18
108000377,218,307,-89
108000378,7054,6669,385
108000379,26,114,-88
108000381,21,14,7
108000382,75,2,73
108000383,0,100,-100
108900001,113,1188,-1075
108900002,129,40,89
108900003,314,1013,-699
108900004,2378,263,2115
108900005,5,47,-42
108900006,115,64,51
108900007,55,131,-76
108900008,42,98,-56
108900009,30,80,-50
108900010,65,115,-50
108900011,173,347,-174
108900012,135,379,-244
108900013,79,212,-133
108900014,1,44,-43
108900015,1,13,-12
108900016,3,191,-188
108900017,93,133,-40
108900018,46,517,-471
108900019,13,1221,-1208
108900020,23,314,-291
108900021,44,221,-177
108900022,23,2,21
108900023,0,29,-29
108900024,7,149,-142
108900025,35,147,-112
108900026,4,64,-60
108900027,0,81,-81
108900028,22,486,-464
108900029,29,205,-176
108900030,1,102,-101
108900031,25,626,-601
108900032,12,221,-209
108900033,0,60,-60
108900034,0,276,-276
108900035,121,1785,-1664
108900036,64,165,-101
108900037,10,210,-200
108900038,1,399,-398
108900039,1,614,-613
108900040,0,92,-92
108900041,4808,1609,3199
108900042,3,210,-207
108900043,26,446,-420
108900044,3,762,-759
108900045,15,647,-632
108900046,36,1113,-1077
108900047,0,52,-52
108900048,47,1153,-1106
108900049,5096,488,4608
108900050,2,331,-329
108900051,0,224,-224
108900052,11,325,-314
108900053,89,83,6
108900054,44,143,-99
108900055,50,454,-404
108900056,0,150,-150
108900057,1,185,-184
108900058,21,524,-503
108900059,143,11,132
108900060,36,80,-44
108900061,44,14,30
108900062,3,347,-344
108900063,7,445,-438
108900064,42,51,-9
108900065,3,282,-279
108900066,157,82,75
108900067,20,225,-205
108900068,5,258,-253
108900069,25,102,-77
108900070,14,113,-99
108900071,66,28,38
108900072,2034,199,1835
108900073,11,515,-504
108900074,42,389,-347
108900075,50,40,10
108900076,119,59,60
108900077,160,582,-422
108900078,9,200,-191
108900079,645,202,443
108900080,10,272,-262
108900081,54,243,-189
108900082,18,114,-96
108900083,4,166,-162
108900084,131,44,87
108900085,1965,90,1875
108900086,34,384,-350
108900087,110,238,-128
108900088,519,177,342
108900089,9,71,-62
108900090,16,435,-419
108900091,155,108,47
108900092,221,173,48
108900093,48,41,7
108900094,161,60,101
108900095,29,564,-535
108900096,465,24,441
108900097,135,164,-29
108900098,2948,273,2675
108900099,199,301,-102
108900100,115,127,-12
108900101,84,64,20
108900102,79,362,-283
108900103,35,84,-49
108900104,81,123,-42
108900105,5,436,-431
108900106,157,586,-429
108900108,132,23,109
108900109,139,21,118
108900110,70,439,-369
108900111,173,762,-589
108900112,40,5,35
108900113,19,20,-1
108900114,38,28,10
108900115,28,46,-18
108900116,49,10,39
108900117,46,14,32
108900118,246,5,241
108900119,66,24,42
108900120,180,93,87
108900121,138,26,112
108900122,54,21,33
108900123,31,28,3
108900124,209,83,126
108900125,138,0,138
108900126,77,10,67
108900127,76,9,67
108900128,52,12,40
108900129,436,62,374
108900130,91,0,91
108900131,152,0,152
108900132,276,45,231
108900133,63,27,36
108900134,87,232,-145
108900135,68,2,66
108900136,4,1,3
108900137,68,0,68
108900138,179,20,159
108900139,71,19,52
108900140,123,217,-94
108900141,88,8,80
108900142,40,1,39
108900143,27,0,27
108900144,17,0,17
108900145,60,4,56
108900146,24,0,24
108900147,57,0,57
108900148,46,37,9
108900149,194,145,49
108900150,145,4,141
108900151,27,0,27
108900152,24,3,21
108900153,40,486,-446
108900154,2166,350,1816
108900155,48,23,25
108900156,33,3,30
108900157,5,603,-598
108900158,89,25,64
108900159,3,386,-383
108900160,8,293,-285
108900161,4,431,-427
108900162,22,1,21
108900163,4,121,-117
108900164,35,67,-32
108900165,82,19,63
108900167,655,856,-201
108900168,9256,1567,7689
108900169,43,154,-111
108900171,5602,1120,4482
108900172,117,23,94
108900173,188,378,-190
108900174,335,389,-54
108900176,191,666,-475
108900177,7780,1842,5938
108900178,4679,1449,3230
108900179,88,260,-172
108900180,42,142,-100
108900182,18,35,-17
108900183,106,146,-40
108900184,121,111,10
108900185,17,209,-192
108900186,17,262,-245
108900187,54,20,34
108900188,111,15,96
108900189,94,126,-32
108900190,22,3270,-3248
108900191,41,2,39
108900192,44,262,-218
108900193,65,23,42
108900194,4,152,-148
108900195,42,374,-332
108900196,16,625,-609
108900198,1,244,-243
108900199,97,214,-117
108900200,191,248,-57
108900201,204,1011,-807
108900203,197,21,176
108900204,168,3,165
108900205,103,14,89
108900206,164,9,155
108900207,106,33,73
108900208,17,277,-260
108900209,210,587,-377
108900210,98,129,-31
108900211,82,239,-157
108900212,623,577,46
108900215,98,621,-523
108900216,251,48,203
108900217,60,0,60
108900218,48,4,44
108900219,17,0,17
108900220,10,2,8
108900221,20,77,-57
108900222,19,2,17
108900223,5,23,-18
108900224,22,70,-48
108900225,0,120,-120
108900227,63,83,-20
108900230,395,311,84
108900231,31,90,-59
108900232,1,416,-415
108900233,163,12,151
108900234,138,32,106
108900235,122,609,-487
108900236,11,355,-344
108900237,18,107,-89
108900240,39,75,-36
108900241,15,11,4
108900245,6,374,-368
108900249,26,10,16
108900250,106,121,-15
108900257,30,209,-179
108900258,9,250,-241
108900259,20,68,-48
108900260,9,70,-61
108900261,221,126,95
108900262,247,117,130
108900263,59,209,-150
108900264,331,157,174
108900265,1065,173,892
108900266,1208,222,986
108900267,1,50,-49
108900268,1,1,0
108900269,26,5,21
108900270,17,3,14
108900271,16,7,9
108900272,73,4,69
108900273,964,275,689
108900274,8,68,-60
109000001,2777,836,1941
109000002,2914,1207,1707
109000003,1619,486,1133
109000004,453,2432,-1979
109000005,1262,734,528
109000006,522,2070,-1548
109000007,791,648,143
109000008,307,1806,-1499
109000009,2137,916,1221
109000010,1045,3778,-2733
109000011,1582,1171,411
109000012,1276,3887,-2611
109000013,2028,1331,697
109000014,1070,3578,-2508
109000015,2399,3085,-686
109000016,8977,4006,4971
109000017,1301,865,436
109000018,659,3339,-2680
109000019,1572,1062,510
109000020,1136,2169,-1033
109000023,161,25,136
109000024,4,127,-123
109000025,300,256,44
109000026,560,215,345
109000027,67,214,-147
109000028,87,74,13
109000029,102,116,-14
109000030,41,496,-455
109000031,100,83,17
109000032,42,510,-468
109000033,149,85,64
109000034,49,37,12
109000035,7,39,-32
109000036,37,372,-335
109000037,107,561,-454
109000038,405,312,93
109000039,447,285,162
109000040,4820,2837,1983
109000041,4913,981,3932
109000042,741,890,-149
109000044,150,84,66
109000045,94,433,-339
109000046,213,40,173
109000047,65,367,-302
109000048,454,122,332
109000049,168,469,-301
109000050,200,179,21
109000051,192,228,-36
109000052,261,1723,-1462
109000053,74,38,36
109000054,47,446,-399
109000055,61,125,-64
109000056,116,449,-333
109000057,133,144,-11
109000058,518,158,360
109000059,341,578,-237
109000060,290,158,132
109000061,1361,364,997
109000062,86,162,-76
109000063,98,177,-79
109000064,54,132,-78
109000065,42,277,-235
109000066,127,102,25
109000067,21,331,-310
109000068,380,2,378
109000069,579,13,566
109000070,16,787,-771
109000071,151,47,104
109000072,60,265,-205
109000073,20,68,-48
109000074,17,197,-180
109000075,47,336,-289
109000076,46,96,-50
109000077,245,234,11
109000078,26,77,-51
109000079,99,209,-110
109000080,66,106,-40
109000081,58,421,-363
109000082,279,258,21
109000083,138,735,-597
109000088,91,442,-351
109000089,164,20,144
109000090,103,475,-372
109000091,137,89,48
109000092,274,657,-383
109000093,140,98,42
109000094,170,7,163
109000095,47,639,-592
109000096,277,137,140
109000097,64,104,-40
109000098,49,54,-5
109000099,314,327,-13
109000100,100,431,-331
109000101,511,934,-423
109000102,188,766,-578
109000103,192,480,-288
109000104,594,563,31
109000105,278,1451,-1173
109000106,938,375,563
109000107,332,1728,-1396
109000108,848,348,500
109000109,323,1659,-1336
109000110,684,271,413
109000111,627,2071,-1444
109000112,180,99,81
109000113,142,136,6
109000114,114,269,-155
109000115,699,79,620
109000116,7,132,-125
109000117,76,101,-25
109000118,16,270,-254
109000119,390,325,65
109000120,74,1073,-999
109000121,121,44,77
109000122,54,1137,-1083
109000123,12,71,-59
109000124,263,248,15
109000125,315,240,75
109000126,208,919,-711
109000127,304,130,174
109000128,245,2217,-1972
109000129,888,338,550
109000130,404,2499,-2095
109000131,352,204,148
109000132,405,1543,-1138
109000133,210,976,-766
109000134,462,1348,-886
109000135,716,965,-249
109000136,194,391,-197
109000137,102,238,-136
109000138,206,500,-294
109000139,259,357,-98
109000140,38,495,-457
109000141,195,347,-152
109000142,95,552,-457
109000143,51,26,25
109000145,44,130,-86
109000146,44,54,-10
109000148,3418,591,2827
109000149,16,32,-16
109000150,67,121,-54
109000155,259,417,-158
109000156,814,771,43
109000158,32,198,-166
109000159,26,557,-531
109000160,314,217,97
109000161,183,1221,-1038
109000162,1083,901,182
109000163,540,1448,-908
109000164,620,2388,-1768
109000165,605,462,143
109000166,358,108,250
109000167,105,997,-892
109000170,51,38,13
109000171,37,38,-1
109000172,26,42,-16
109000173,16,54,-38
109000174,27,55,-28
109000175,20,100,-80
109000176,110,245,-135
109000177,9,100,-91
109000178,239,456,-217
109000179,6241,1798,4443
109000180,3660,1965,1695
109000181,3,48,-45
109000182,24,55,-31
109000183,11,20,-9
109000184,28,21,7
109000185,8,56,-48
109000188,238,2509,-2271
109000189,1139,703,436
109000190,295,461,-166
109000191,122,548,-426
109000192,129,172,-43
109000193,87,339,-252
109000194,60,115,-55
109000195,67,386,-319
109000196,114,73,41
109000197,68,481,-413
109000198,125,39,86
109000199,49,519,-470
109000206,136,10,126
109000207,69,29,40
109000208,99,47,52
109000209,176,50,126
109000210,171,424,-253
109000211,219,275,-56
109000214,125,538,-413
109000215,75,51,24
109000216,210,124,86
109000217,69,63,6
109000218,131,84,47
109000221,235,1242,-1007
109000222,463,98,365
109000223,142,159,-17
109000224,23,293,-270
109000225,29,30,-1
109000226,25,299,-274
109000227,506,1368,-862
109000228,0,210,-210
109000231,0,501,-501
109000232,164,419,-255
109000236,186,746,-560
109000241,1161,1951,-790
109000242,887,1030,-143
109000293,11,38,-27
109000361,37,241,-204
109000364,106,570,-464
109000396,1,799,-798
109000397,250,15,235
109000399,83,514,-431
109000400,27,219,-192
109000403,21,207,-186
109000406,287,20,267
109000407,114,187,-73
109000408,1,770,-769
109000410,403,100,303
109000411,68,21,47
109900001,39,1,38
109900002,285,3,282
109900003,78,0,78
109900004,375,192,183
109900005,10,6,4
109900006,164,254,-90
109900007,267,896,-629
109900008,0,31,-31
109900009,55,751,-696
109900010,200,6,194
109900011,36,32,4
109900012,76,103,-27
109900013,140,74,66
109900014,94,36,58
109900015,277,106,171
109900016,43,45,-2
109900017,62,76,-14
109900018,58,127,-69
109900019,53,49,4
109900020,7,8,-1
109900021,4,12,-8
109900022,32,362,-330
109900023,5,4,1
109900024,4,1,3
109900025,6,54,-48
109900026,0,176,-176
109900027,25,11,14
109900028,2182,336,1846
109900029,3,603,-600
109900030,4,2,2
109900031,0,46,-46
109900032,3,270,-267
109900033,1,414,-413
109900034,4,1,3
109900035,5,5,0
109900036,10,74,-64
109900037,13,504,-491
109900038,37,169,-132
109900039,9,3,6
109900040,10,656,-646
109900041,31,510,-479
109900042,5,419,-414
109900044,26,254,-228
109900045,45,27,18
109900046,6,43,-37
109900047,185,298,-113
109900048,2,67,-65
109900049,2,11,-9
109900050,1,339,-338
109900051,0,37,-37
109900052,23,218,-195
109900053,0,538,-538
109900054,213,100,113
109900055,33,160,-127
109900056,13,51,-38
109900057,4,220,-216
109900058,2,130,-128
109900059,262,63,199
109900060,307,138,169
109900061,46,209,-163
109900062,0,279,-279
109900063,2,217,-215
109900064,201,230,-29
109900065,79,115,-36
109900066,174,996,-822
109900067,2,452,-450
109900068,22,3,19
109900069,3,43,-40
109900070,26,269,-243
109900071,1,32,-31
109900072,17,94,-77
109900073,95,814,-719
109900074,9,27,-18
109900075,14,11,3
109900076,8,316,-308
109900077,26,25,1
109900078,102,263,-161
109900080,71,266,-195
109900081,2,63,-61
109900082,20,478,-458
109900083,3,25,-22
109900084,24,96,-72
109900085,106,1204,-1098
109900086,52,137,-85
109900087,202,302,-100
109900089,203,59,144
109900090,322,1156,-834
109900091,76,68,8
109900092,119,8,111
109900093,296,65,231
109900094,20,50,-30
109900095,70,262,-192
109900096,19,0,19
109900097,55,1,54
109900098,100,21,79
109900099,82,0,82
109900100,22,0,22
109900101,188,4,184
109900102,174,19,155
109900103,11,44,-33
109900104,207,1266,-1059
109900105,205,42,163
109900106,111,29,82
109900107,134,44,90
109900108,46,395,-349
109900109,19,142,-123
109900110,23,476,-453
109900111,197,1289,-1092
109900112,296,1023,-727
109900113,258,215,43
109900114,355,257,98
109900115,59,75,-16
109900117,329,70,259
109900118,181,340,-159
109900119,364,218,146
109900120,23,8,15
109900121,241,150,91
109900122,199,3,196
109900123,4,155,-151
109900124,24,866,-842
109900125,0,223,-223
109900126,49,140,-91
109900128,105,35,70
109900130,11543,925,10618
109900131,61,131,-70
109900132,35,158,-123
109900133,37,409,-372
109900134,17,19,-2
109900135,396,65,331
109900136,24,107,-83
109900137,33,391,-358
109900140,55,292,-237
109900142,444,154,290
109900145,2,90,-88
109900146,281,40,241
109900148,22,62,-40
109900149,23,32,-9
109900150,4,49,-45
109900151,4,37,-33
109900152,1,15,-14
109900153,0,55,-55
109900154,3,0,3
109900155,27,7,20
109900157,33,279,-246
109900158,40,91,-51
109900159,64,11,53
109900160,60,32,28
109900161,143,45,98
109900162,109,56,53
109900163,633,252,381
109900164,16,209,-193
109900165,126,2,124
109900166,1,148,-147
109900167,107,509,-402
109900168,79,549,-470
109900169,74,131,-57
109900170,141,345,-204
109900171,50,56,-6
109900172,78,94,-16
109900173,3563,896,2667
109900174,18,130,-112
109900175,20,48,-28
109900176,43,200,-157
109900177,19,281,-262
109900178,0,115,-115
109900179,6,14,-8
109900180,0,8,-8
110000001,471,475,-4
110000002,371,382,-11
110000003,696,471,225
110000004,365,386,-21
110000005,529,760,-231
110000006,482,230,252
110000007,75,111,-36
110000008,9,24,-15
110000009,17,23,-6
110000010,12,38,-26
110000011,17,73,-56
110000012,609,311,298
110000013,27,214,-187
110000014,493,293,200
110000015,180,286,-106
110000016,186,575,-389
110000017,3197,173,3024
110000018,3016,372,2644
110000019,5,97,-92
110000020,397,158,239
110000021,323,276,47
110000022,370,111,259
110000023,2,139,-137
110000024,374,333,41
110000025,91,2,89
110000026,1,500,-499
110000027,362,221,141
110000028,485,463,22
110000029,359,912,-553
110000030,163,204,-41
110000031,106,529,-423
110000032,456,318,138
110000033,116,50,66
110000034,130,603,-473
110000035,212,798,-586
110000036,319,544,-225
110000037,72,475,-403
110000038,112,343,-231
110000039,382,943,-561
110000040,199,395,-196
110000041,93,503,-410
110000042,78,192,-114
110000043,220,106,114
110000044,40,33,7
110000045,190,52,138
110000046,1,4,-3
110000047,2,6,-4
110000048,3,7,-4
110000049,36,3,33
110000050,3,5,-2
110000051,27,2,25
110000052,16,18,-2
110000053,15,3,12
110000054,78,181,-103
110000055,141,32,109
110000056,110,47,63
110000057,151,792,-641
110000058,383,398,-15
110000059,450,489,-39
110000060,365,641,-276
110000061,693,728,-35
110000062,605,587,18
110000063,20,62,-42
110000064,41,74,-33
110000065,23,37,-14
110000066,28,32,-4
110000067,46,238,-192
110000068,86,525,-439
110000069,86,64,22
110000071,41,97,-56
110000073,0,10,-10
110000075,8,55,-47
110000076,226,138,88
110000077,424,263,161
110000078,6,40,-34
110000080,165,493,-328
110000081,10,189,-179
110000082,23,185,-162
110000083,165,422,-257
110000084,519,416,103
110000085,2254,1129,1125
110000086,908,846,62
110000087,2,47,-45
110000088,21,185,-164
110000089,112,151,-39
110000090,32,270,-238
110000091,1680,174,1506
110000092,13,106,-93
110000093,40,2,38
110000094,315,145,170
110000095,60,323,-263
110000096,3625,1238,2387
110000097,674,749,-75
110000098,1068,424,644
110000099,594,1171,-577
110000100,231,873,-642
110000101,14,503,-489
110000102,14,18,-4
110000104,65,53,12
110000105,20,280,-260
110000106,311,194,117
110000107,269,332,-63
110000108,155,35,120
110000109,187,207,-20
110000110,3701,2180,1521
110000111,6546,1403,5143
110000112,965,251,714
110000113,506,682,-176
110000114,59,244,-185
110000115,104,189,-85
110000116,23,14,9
110000117,63,541,-478
110000118,215,291,-76
110000119,84,334,-250
110000120,175,221,-46
110000121,38,171,-133
110000122,171,419,-248
110000123,239,248,-9
110000124,2,622,-620
110000125,611,1,610
110000126,158,27,131
110000127,382,23,359
110000128,15,1292,-1277
110000129,6,494,-488
110000130,84,87,-3
110000131,89,320,-231
110000132,1,603,-602
110000133,27,186,-159
110000134,13,310,-297
110000135,118,22,96
110000136,18,281,-263
110000137,246,596,-350
110000138,287,731,-444
110000139,388,1323,-935
110000140,541,306,235
110000143,508,254,254
110000144,2968,821,2147
110000145,862,498,364
110000146,933,490,443
110000147,162,536,-374
110000148,145,322,-177
110000151,538,321,217
110000152,351,239,112
110000153,21,54,-33
110000154,12,6,6
110000155,1368,1459,-91
110000156,436,932,-496
110000157,609,1091,-482
110000160,166,300,-134
110000161,59,321,-262
110000166,140,104,36
110000167,366,313,53
110000168,548,231,317
110000169,428,248,180
110000170,100,69,31
110000171,380,140,240
110000172,93,750,-657
110000173,962,1007,-45
110000174,50,1387,-1337
110000175,181,55,126
110000176,13,153,-140
110000177,114,541,-427
110000178,386,485,-99
110000179,1188,273,915
110000180,64,286,-222
110000181,130,267,-137
110000182,328,205,123
110000183,9205,3280,5925
110000184,588,1157,-569
110000185,436,519,-83
110000186,420,433,-13
110000191,253,438,-185
110000192,157,0,157
110000193,217,1,216
110000194,12,1246,-1234
110000195,156,363,-207
110000196,157,427,-270
110000197,23,225,-202
110000198,43,41,2
110000199,29,64,-35
110000200,1062,525,537
110000201,268,452,-184
110000202,852,323,529
110000203,455,625,-170
110000204,5,378,-373
110000205,41,50,-9
110000206,389,1503,-1114
110000207,295,276,19
110000208,81,96,-15
110000209,88,812,-724
110000210,349,494,-145
110000211,329,614,-285
110000212,208,617,-409
110000213,47,41,6
110000214,51,91,-40
110000215,50,611,-561
110000216,27,676,-649
110000217,109,154,-45
110000218,62,437,-375
110000219,135,43,92
110000220,11,413,-402
110000221,84,46,38
110000222,13,312,-299
110000223,3,70,-67
110000224,39,7,32
110000225,115,466,-351
110000226,103,40,63
110000227,369,273,96
110000228,250,255,-5
110000229,1,221,-220
110000230,254,540,-286
110000231,92,129,-37
110000232,76,198,-122
110000233,82,216,-134
110000234,334,230,104
110000235,868,559,309
110000236,216,878,-662
110000237,741,936,-195
110000238,573,930,-357
110000239,757,1127,-370
110000240,0,77,-77
110000242,0,6,-6
110000243,24,158,-134
110000244,53,373,-320
110000245,34,425,-391
110000246,248,563,-315
110000247,1099,3254,-2155
110000248,1590,1013,577
110000249,64,7,57
110000250,2,177,-175
110000251,70,344,-274
110000252,101,258,-157
110000253,593,311,282
110000254,394,1085,-691
110000255,113,1169,-1056
110000256,247,155,92
110000257,469,358,111
110000258,0,533,-533
110000259,35,16,19
110000260,13,419,-406
110000263,428,76,352
110000264,113,615,-502
110000265,536,847,-311
110000266,1181,1348,-167
110000267,7,197,-190
110000268,171,413,-242
110000269,1,87,-86
110000270,22,3,19
110000271,2085,206,1879
110000272,553,654,-101
110000273,1843,1028,815
110000274,96,636,-540
110000275,2783,333,2450
110000276,47,138,-91
110000277,81,370,-289
110000278,132,682,-550
110000279,394,583,-189
110000280,126,305,-179
110000281,9,116,-107
110000282,175,42,133
110000283,33,34,-1
110000284,25,40,-15
110000285,1,133,-132
110000286,18,3,15
110000287,23,1,22
110000288,3,64,-61
110000289,315,1012,-697
110000290,1054,458,596
110000291,5494,1161,4333
110000292,921,2246,-1325
110000293,227,954,-727
110000294,347,516,-169
110000295,39,716,-677
110000296,162,271,-109
110000297,1833,214,1619
110000298,301,379,-78
110000299,397,30,367
110000301,66,11,55
110000302,123,1237,-1114
110000303,175,3,172
110000304,50,182,-132
110000305,405,8,397
110000306,96,1871,-1775
110000307,582,2,580
110000308,189,8,181
110000309,10,1312,-1302
110000310,251,42,209
110000311,9,795,-786
110000312,285,29,256
110000313,2017,1501,516
110000314,0,199,-199
110000315,2193,1158,1035
110000316,508,881,-373
110000317,309,177,132
110000318,1,61,-60
110000319,2,22,-20
110000320,20,33,-13
110000321,14,32,-18
110000322,76,437,-361
110000323,179,174,5
110000324,4401,920,3481
110000325,1626,1492,134
110000327,273,126,147
110000328,116,402,-286
110000333,277,339,-62
110000334,279,1187,-908
110000335,608,319,289
110000336,221,1421,-1200
110000337,604,389,215
110000338,116,206,-90
110000339,126,215,-89
110000340,2,163,-161
110000341,162,536,-374
110000342,338,0,338
110000343,0,3,-3
110000344,13,155,-142
110000345,36,47,-11
110000346,1649,822,827
110000347,692,497,195
110000348,4,15,-11
110000349,4,9,-5
110000350,30,2,28
110000351,395,627,-232
110000352,341,1138,-797
110000353,2750,509,2241
110000354,572,1268,-696
110000355,28,48,-20
110000356,455,3,452
110000357,132,9,123
110000361,8,91,-83
110000362,20,66,-46
110000363,115,69,46
110000364,67,299,-232
110000365,121,0,121
110000366,0,79,-79
110000367,149,225,-76
110000368,1,42,-41
110000369,13,0,13
110000373,1,361,-360
110000374,11,0,11
110000375,132,579,-447
110000376,26,78,-52
110000377,32,243,-211
110000378,39,224,-185
110000379,3278,773,2505
110000380,61,13,48
110000383,2,624,-622
110000384,1493,477,1016
110000385,1,167,-166
110000387,40,4,36
110000388,16,147,-131
110000389,279,2,277
110000391,186,366,-180
110000396,69,80,-11
110000397,30,186,-156
110000398,2,17,-15
110000399,92,1,91
110000587,41,18,23
110000589,110,145,-35
110000640,71,85,-14
110000652,3,98,-95
110000653,76,423,-347
110000654,7,18,-11
110000656,4,615,-611
110000674,10,3,7
110000675,1,2,-1
110000676,1,57,-56
110000679,381,388,-7
110000682,72,104,-32
110000683,223,367,-144
110000684,0,65,-65
110000685,5,3,2
110000686,0,25,-25
110000687,7,1,6
110000688,47,381,-334
110000689,14,52,-38
110000692,46,198,-152
110000693,43,142,-99
110000694,0,102,-102
110000695,86,491,-405
110000696,90,102,-12
110900001,138,4,134
110900002,49,212,-163
110900003,186,885,-699
110900004,137,188,-51
110900005,3729,829,2900
110900006,32,6,26
110900007,31,5,26
110900008,8,50,-42
110900009,173,19,154
110900010,2,83,-81
110900011,0,86,-86
110900012,0,127,-127
110900013,377,122,255
110900014,65,6,59
110900015,835,286,549
110900016,11,129,-118
110900017,118,36,82
110900018,154,22,132
110900019,45,12,33
110900020,30,491,-461
110900021,38,502,-464
110900022,28,343,-315
110900023,41,469,-428
110900024,17,468,-451
110900025,3,32,-29
110900027,14,227,-213
110900028,11,170,-159
110900029,39,405,-366
110900030,15,357,-342
110900031,8,128,-120
110900032,0,91,-91
110900033,16,263,-247
110900035,15,349,-334
110900036,34,28,6
110900037,17,22,-5
110900038,1058,162,896
110900039,5,231,-226
110900040,111,28,83
110900041,2,127,-125
110900042,32,39,-7
110900043,1,133,-132
110900044,197,11,186
110900045,18,530,-512
110900046,96,270,-174
110900047,695,79,616
110900049,14,19,-5
110900050,7,1,6
110900051,20,175,-155
110900052,1,194,-193
110900053,30,40,-10
110900054,15,304,-289
110900055,14,0,14
110900056,32,95,-63
110900057,0,210,-210
110900058,49,228,-179
110900059,398,706,-308
110900060,220,41,179
110900061,17,23,-6
110900062,65,191,-126
110900063,16,54,-38
110900064,5,0,5
110900065,308,78,230
110900066,2,72,-70
110900067,411,271,140
110900068,165,205,-40
110900069,0,23,-23
110900070,82,43,39
110900071,197,225,-28
110900073,1,19,-18
110900074,157,44,113
110900075,136,44,92
110900077,165,264,-99
110900078,3,123,-120
110900079,1428,376,1052
110900080,59,35,24
110900081,2,118,-116
110900082,26,231,-205
110900083,36,42,-6
110900084,15,184,-169
110900085,30,349,-319
110900086,24,108,-84
110900087,81,37,44
110900088,4,1,3
110900090,16,14,2
110900091,4,42,-38
110900093,126,32,94
110900095,28,38,-10
110900097,3,26,-23
110900098,7,89,-82
110900099,35,515,-480
110900100,0,20,-20
110900102,14,22,-8
110900105,435,305,130
110900108,13,117,-104
110900111,206,45,161
110900112,277,8,269
110900113,440,29,411
110900115,1,96,-95
110900116,216,2225,-2009
110900118,117,937,-820
110900119,4665,195,4470
110900120,5,153,-148
110900121,30,0,30
110900122,125,94,31
110900125,121,190,-69
110900127,272,516,-244
110900128,256,200,56
110900129,199,268,-69
110900130,953,193,760
110900131,58,28,30
110900132,112,21,91
110900133,18,260,-242
110900135,39,474,-435
110900136,98,6,92
110900139,2,0,2
110900140,0,0,0
110900141,216,90,126
110900142,32,189,-157
110900143,53,57,-4
110900144,0,609,-609
110900145,56,15,41
110900146,185,49,136
110900147,174,224,-50
110900148,1,290,-289
110900149,0,55,-55
110900150,7,16,-9
110900151,0,57,-57
110900152,5,412,-407
110900153,41,24,17
111000001,202,222,-20
111000002,409,578,-169
111000003,442,376,66
111000004,362,932,-570
111000005,571,641,-70
111000006,699,1022,-323
111000007,3285,1389,1896
111000008,2905,2677,228
111000009,236,800,-564
111000010,377,172,205
111000011,321,662,-341
111000012,324,259,65
111000013,187,951,-764
111000014,500,418,82
111000017,90,385,-295
111000018,158,326,-168
111000020,1975,1829,146
111000021,53,98,-45
111000023,41,93,-52
111000025,5882,1490,4392
111000029,54,74,-20
111000030,22,57,-35
111000031,1521,549,972
111000032,404,121,283
111000033,216,126,90
111000034,197,138,59
111000037,2605,1001,1604
111000038,2393,1992,401
111000039,954,2106,-1152
111000040,1084,2378,-1294
111000041,1324,1459,-135
111000042,6189,2583,3606
111000043,1353,1018,335
111000044,762,442,320
111000045,928,1236,-308
111000046,689,817,-128
111000047,1169,1463,-294
111000049,260,515,-255
111000050,1689,1437,252
111000051,282,953,-671
111000052,389,1177,-788
111000053,235,1082,-847
111000054,182,998,-816
111000055,941,2006,-1065
111000056,69,693,-624
111000057,59,953,-894
111000058,136,90,46
111000059,108,254,-146
111000060,1650,616,1034
111000061,199,207,-8
111000062,344,168,176
111000063,1064,564,500
111000064,260,403,-143
111000065,556,437,119
111000066,177,190,-13
111000067,264,596,-332
111000068,193,600,-407
111000069,1204,1527,-323
111000070,1991,1034,957
111000071,196,634,-438
111000072,421,240,181
111000073,127,445,-318
111000074,1111,1066,45
111000075,460,569,-109
111000076,190,725,-535
111000077,886,1002,-116
111000078,1542,947,595
111000079,952,548,404
111000080,296,485,-189
111000081,1665,2142,-477
111000082,368,527,-159
111000084,391,399,-8
111000085,636,1441,-805
111000086,2701,1189,1512
111000087,587,804,-217
111000088,5126,1486,3640
111000089,390,844,-454
111000090,900,1368,-468
111000091,461,746,-285
111000092,540,1108,-568
111000093,299,633,-334
111000094,942,584,358
111000095,598,1404,-806
111000096,2145,4924,-2779
111000097,5467,947,4520
111000098,331,1214,-883
111000099,255,2368,-2113
111000100,192,2428,-2236
111000101,276,745,-469
111000102,66,721,-655
111000104,134,123,11
111000107,34,639,-605
111000109,130,132,-2
111000110,433,387,46
111000111,876,298,578
111000112,733,160,573
111000113,453,482,-29
111000114,1282,974,308
111000115,6591,610,5981
111000116,591,621,-30
111000117,282,589,-307
111000118,1016,726,290
111000119,476,1346,-870
111000120,226,421,-195
111000121,214,439,-225
111000122,343,975,-632
111000123,556,3137,-2581
111000124,288,3804,-3516
111000125,153,1901,-1748
111000126,42,969,-927
111000127,366,149,217
111000128,553,260,293
111000129,1037,342,695
111000130,821,489,332
111000131,656,375,281
111000132,439,258,181
111000133,68,106,-38
111000134,71,103,-32
111000135,20,96,-76
111000136,198,224,-26
111000138,4,3,1
111000140,0,1,-1
111000141,112,176,-64
111000142,31,88,-57
111000143,3,76,-73
111000144,12,101,-89
111000145,425,3,422
111000146,7,5,2
111000147,269,21,248
111000148,112,46,66
111000149,0,19,-19
111000150,3,4,-1
111000151,1,9,-8
111000153,464,542,-78
111000154,666,191,475
111000155,58,138,-80
111000156,248,284,-36
111000157,117,308,-191
111000158,691,371,320
111000159,2120,546,1574
111000160,152,358,-206
111000161,4,183,-179
111000162,4,118,-114
111000163,254,503,-249
111000164,738,1593,-855
111000165,1134,360,774
111000166,1104,315,789
111000167,148,401,-253
111000168,136,417,-281
111000169,181,446,-265
111000170,409,400,9
111000171,264,838,-574
111000172,73,648,-575
111000173,131,1462,-1331
111000174,67,583,-516
111000175,32,217,-185
111000176,91,181,-90
111000177,57,256,-199
111000178,417,282,135
111000179,85,181,-96
111000180,86,228,-142
111000181,368,233,135
111000182,81,145,-64
111000183,139,198,-59
111000184,178,139,39
111000185,222,418,-196
111000186,90,232,-142
111000187,72,236,-164
111000188,72,351,-279
111000189,1501,407,1094
111000190,128,495,-367
111000191,87,392,-305
111000192,181,596,-415
111000193,332,320,12
111000194,17,427,-410
111000195,63,473,-410
111000196,18,340,-322
111000197,149,141,8
111000198,226,92,134
111000199,55,121,-66
111000200,101,234,-133
111000201,190,135,55
111000202,133,136,-3
111000203,129,106,23
111000204,222,375,-153
111000213,92,264,-172
111000214,933,1469,-536
111000215,572,1287,-715
111000217,731,853,-122
111000218,576,726,-150
111000219,301,148,153
111000220,2400,333,2067
111000221,536,79,457
111000224,75,224,-149
111000225,164,136,28
111000226,111,4,107
111000227,28,3,25
111000228,4,126,-122
111000229,16,234,-218
111000230,141,465,-324
111000231,412,1316,-904
111000232,132,632,-500
111000233,243,609,-366
111000234,38,162,-124
111000239,122,186,-64
111000240,16,46,-30
111000241,17,375,-358
111000242,38,37,1
111000243,47,733,-686
111000244,122,65,57
111000245,323,529,-206
111000246,134,559,-425
111000247,75,921,-846
111000248,284,383,-99
111000249,326,762,-436
111000250,24,150,-126
111000251,19,145,-126
111000253,3,4,-1
111000255,21,10,11
111000257,22,12,10
111000260,24,1007,-983
111000261,285,44,241
111000271,29,231,-202
111000273,5920,1020,4900
111000274,823,1221,-398
111000275,47,60,-13
111000276,210,2255,-2045
111000277,79,365,-286
111000278,311,187,124
111000291,263,1908,-1645
111000298,230,159,71
111000299,336,84,252
111000300,51,559,-508
111000302,161,53,108
111000303,45,293,-248
111000312,44,42,2
111000315,18,220,-202
111000320,244,667,-423
111000321,173,54,119
111000322,132,488,-356
111000323,70,21,49
111000324,269,245,24
111000325,8,36,-28
111000326,50,307,-257
111000327,258,525,-267
111000328,118,316,-198
111000329,2,9,-7
111000330,15,8,7
111000331,27,3,24
111000332,296,931,-635
111000334,238,1433,-1195
111000335,233,98,135
111000337,285,293,-8
111000338,9,86,-77
111000339,73,471,-398
111000340,53,785,-732
111000341,532,202,330
111000342,54,172,-118
111000344,465,581,-116
111000345,140,23,117
111000346,11,72,-61
111000347,21,1,20
111000350,99,111,-12
111000351,41,187,-146
111000352,84,83,1
111000353,44,161,-117
111000354,121,96,25
111000355,94,497,-403
111000358,49,1713,-1664
111000360,74,855,-781
111000361,68,368,-300
111000546,137,598,-461
111000547,91,588,-497
111000548,38,92,-54
111000549,70,364,-294
111000550,63,210,-147
111000551,376,100,276
111000552,306,34,272
111000907,164,8,156
111000908,5,0,5
111000916,352,154,198
111000917,41,324,-283
111000918,75,949,-874
111000920,197,8,189
111000921,1,347,-346
111000922,108,248,-140
111000924,28,914,-886
111000925,934,1181,-247
111000926,640,2491,-1851
111000927,2083,2367,-284
111000928,4933,3265,1668
111000929,493,516,-23
111000930,416,2217,-1801
111000931,967,1041,-74
111000932,3039,2000,1039
111000933,2311,1236,1075
111000934,1633,2144,-511
111000935,458,715,-257
111000936,631,1798,-1167
111000937,400,707,-307
111000938,1254,2082,-828
111000939,156,61,95
111000940,136,194,-58
111000941,66,466,-400
111000943,108,182,-74
111000944,53,528,-475
111000945,48,2175,-2127
111001109,300,130,170
111001110,169,582,-413
111001111,16,4,12
111001112,84,2,82
111001113,7,83,-76
111001114,1231,73,1158
111001115,125,196,-71
111001116,3997,1280,2717
111001117,616,546,70
111001120,50,281,-231
111001121,133,296,-163
111001122,145,589,-444
111001123,63,129,-66
111001124,40,380,-340
111001125,1,20,-19
111900001,1,121,-120
111900002,10,746,-736
111900003,4,432,-428
111900004,11,168,-157
111900006,3,17,-14
111900007,51,3,48
111900008,41,3,38
111900009,49,179,-130
111900010,202,579,-377
111900012,63,91,-28
111900013,8,65,-57
111900014,6756,1593,5163
111900015,0,49,-49
111900016,0,145,-145
111900017,0,155,-155
111900018,37,0,37
111900019,4,55,-51
111900020,3,31,-28
111900021,19,49,-30
111900022,1,46,-45
111900023,128,52,76
111900024,1,62,-61
111900025,0,37,-37
111900026,0,70,-70
111900027,4,145,-141
111900028,1,388,-387
111900029,0,82,-82
111900030,50,327,-277
111900031,0,11,-11
111900032,2,419,-417
111900033,6,95,-89
111900034,227,628,-401
111900035,4,237,-233
111900036,1,329,-328
111900038,291,682,-391
111900039,25,395,-370
111900040,4,695,-691
111900042,25,59,-34
111900043,1,419,-418
111900044,177,233,-56
111900046,29,145,-116
111900048,88,806,-718
111900049,24,272,-248
111900050,45,4,41
111900051,1,330,-329
111900052,319,554,-235
111900053,1162,295,867
111900054,32,0,32
111900055,27,630,-603
111900056,156,54,102
111900057,19,26,-7
111900058,102,718,-616
111900059,2010,200,1810
111900060,120,0,120
111900061,6,289,-283
111900062,8,17,-9
111900063,93,239,-146
111900064,134,277,-143
111900065,25,11,14
111900066,83,97,-14
111900067,0,296,-296
111900068,10,18,-8
111900069,8,7,1
111900070,57,107,-50
111900071,2,249,-247
111900072,8,4,4
111900073,215,53,162
111900074,5,165,-160
111900075,20,1,19
111900076,37,12,25
111900077,3,0,3
111900078,112,3,109
111900079,19,9,10
111900080,128,100,28
111900082,50,10,40
111900083,35,3,32
111900084,14,0,14
111900085,20,41,-21
111900086,45,8,37
111900087,5,0,5
111900088,173,2,171
111900089,24,0,24
111900090,39,14,25
111900091,92,4,88
111900092,22,0,22
111900093,138,3,135
111900094,18,0,18
111900095,73,11,62
111900096,74,0,74
111900097,12,0,12
111900098,32,0,32
111900099,20,0,20
111900100,17,2,15
111900101,38,12,26
111900102,122,755,-633
111900103,49,29,20
111900104,46,35,11
111900105,112,94,18
111900106,1278,26,1252
111900110,2960,194,2766
111900111,25,195,-170
111900112,640,751,-111
111900113,218,97,121
111900118,122,17,105
111900119,150,38,112
111900122,29,11,18
111900123,4,4,0
111900124,10,74,-64
111900125,129,9,120
111900126,46,0,46
111900127,2,607,-605
111900128,3,589,-586
111900129,67,2,65
111900130,78,4,74
111900131,113,1,112
111900132,17,1254,-1237
111900133,1,300,-299
111900134,12,256,-244
111900135,1,12,-11
111900136,54,67,-13
111900137,45,50,-5
111900138,8,93,-85
111900139,8,145,-137
111900140,17,8,9
111900141,11,3,8
111900142,23,6,17
111900143,4,322,-318
111900144,0,97,-97
111900145,4,687,-683
111900146,4,345,-341
111900147,175,564,-389
111900148,11,834,-823
111900149,5,393,-388
111900150,13,204,-191
111900151,0,16,-16
111900152,66,31,35
111900153,1285,149,1136
111900154,13,135,-122
111900155,35,20,15
111900156,16,10,6
111900157,22,1,21
111900158,155,9,146
111900159,78,2,76
111900160,77,0,77
111900161,30,2,28
111900162,66,65,1
111900163,31,202,-171
111900164,87,26,61
111901113,62,218,-156
111901114,36,382,-346
111901115,17,0,17
111901116,11,1,10
111901117,9,5,4
111901118,105,44,61
111901119,1184,79,1105
111901121,107,385,-278
111901122,3,542,-539
111901123,47,425,-378
111901124,67,2,65
111901125,89,205,-116
111901127,820,161,659
111901128,11,60,-49
111901129,2,136,-134
111901130,5,281,-276
111901131,2,315,-313
111901132,11,10,1
111901133,26,1,25
111901134,28,1,27
111901135,5,1,4
111901136,15,2,13
111901137,0,9,-9
111901138,51,36,15
111901139,7,55,-48
111901140,0,148,-148
111901141,3,170,-167
111901142,0,144,-144
111901143,0,84,-84
111901144,22,12,10
111901145,110,117,-7
111901146,203,2,201
111901147,486,48,438
111901148,4,18,-14
112000001,962,572,390
112000002,579,2150,-1571
112000003,348,678,-330
112000004,350,1410,-1060
112000005,1347,1094,253
112000006,1066,1790,-724
112000007,1021,981,40
112000008,1430,2374,-944
112000009,3183,2989,194
112000010,1320,1617,-297
112000011,1248,1783,-535
112000012,3441,1396,2045
112000013,4225,2347,1878
112000014,1662,535,1127
112000015,2286,1678,608
112000016,2150,469,1681
112000017,990,813,177
112000024,1730,431,1299
112000026,3624,4285,-661
112000027,509,299,210
112000028,1386,1348,38
112000029,229,369,-140
112000030,149,74,75
112000031,875,1885,-1010
112000032,374,33,341
112000033,1275,597,678
112000034,186,27,159
112000035,57,150,-93
112000036,536,368,168
112000037,449,579,-130
112000038,496,625,-129
112000039,23,81,-58
112000040,137,267,-130
112000041,326,430,-104
112000042,772,228,544
112000050,461,868,-407
112000051,366,495,-129
112000054,1185,1984,-799
112000057,396,225,171
112000058,179,313,-134
112000059,536,297,239
112000061,4259,1265,2994
112000062,2295,406,1889
112000063,1397,532,865
112000064,3850,4465,-615
112000065,1940,2293,-353
112000066,2483,747,1736
112000067,660,533,127
112000068,1364,900,464
112000069,496,1731,-1235
112000070,956,378,578
112000071,512,2771,-2259
112000072,721,627,94
112000073,1014,1400,-386
112000074,635,638,-3
112000075,597,711,-114
112000076,2148,2456,-308
112000077,266,638,-372
112000078,637,607,30
112000079,630,1117,-487
112000080,310,808,-498
112000081,820,1462,-642
112000082,690,497,193
112000083,451,1393,-942
112000084,665,538,127
112000085,608,1139,-531
112000086,807,1307,-500
112000087,178,456,-278
112000088,148,562,-414
112000089,90,224,-134
112000090,86,287,-201
112000091,549,1154,-605
112000092,864,671,193
112000093,1138,1008,130
112000094,230,599,-369
112000095,391,650,-259
112000096,219,553,-334
112000097,395,385,10
112000098,520,1254,-734
112000099,393,459,-66
112000100,592,660,-68
112000101,271,845,-574
112000102,351,377,-26
112000103,164,1049,-885
112000105,323,1877,-1554
112000106,495,321,174
112000107,22,101,-79
112000108,156,1636,-1480
112000109,74,61,13
112000110,786,443,343
112000111,1025,3753,-2728
112000112,1482,416,1066
112000113,786,1945,-1159
112000114,896,688,208
112000115,135,538,-403
112000116,128,784,-656
112000117,379,646,-267
112000118,593,742,-149
112000119,226,964,-738
112000120,49,315,-266
112000121,33,686,-653
112000122,110,126,-16
112000123,242,154,88
112000124,160,52,108
112000125,73,114,-41
112000126,92,727,-635
112000127,1630,728,902
112000128,921,367,554
112000129,52,93,-41
112000130,121,37,84
112000131,18,437,-419
112000132,46,246,-200
112000133,153,313,-160
112000134,280,327,-47
112000135,375,479,-104
112000136,555,992,-437
112000137,470,931,-461
112000138,602,985,-383
112000139,590,158,432
112000140,793,952,-159
112000141,281,116,165
112000142,91,787,-696
112000143,414,144,270
112000144,177,1709,-1532
112000145,1143,505,638
112000146,460,2224,-1764
112000147,1028,1245,-217
112000148,1229,2086,-857
112000149,115,705,-590
112000150,56,564,-508
112000151,269,516,-247
112000152,172,282,-110
112000153,269,243,26
112000154,79,103,-24
112000155,68,63,5
112000157,431,381,50
112000158,93,655,-562
112000159,167,245,-78
112000167,80,9,71
112000169,317,268,49
112000173,159,193,-34
112000175,170,296,-126
112000176,4201,1403,2798
112000177,147,82,65
112000178,31,422,-391
112000179,78,112,-34
112000180,124,199,-75
112000181,717,1800,-1083
112000182,408,1793,-1385
112000183,28,42,-14
112000184,137,511,-374
112000185,151,499,-348
112000187,1782,1551,231
112000195,59,6,53
112000196,84,0,84
112000197,41,65,-24
112000198,24,333,-309
112000199,703,627,76
112000202,111,2,109
112000216,35,140,-105
112000230,16,5,11
112000231,2,294,-292
112000256,19,115,-96
112000313,72,101,-29
112000314,3,14,-11
112000337,112,376,-264
112000352,172,112,60
112000392,1352,990,362
112000398,497,568,-71
112000399,2340,978,1362
112000400,1204,3590,-2386
112000401,1855,2096,-241
112000402,867,1317,-450
112000403,1305,1105,200
112000404,236,464,-228
112000405,899,1631,-732
112000406,2582,2882,-300
112000407,2768,4009,-1241
112000408,6740,5916,824
112000409,1200,4057,-2857
112000410,207,78,129
112000411,4442,419,4023
112000412,851,209,642
112000413,8200,1596,6604
112000414,51,82,-31
112000415,63,48,15
112000416,990,959,31
112000417,101,53,48
112000421,16,141,-125
112000422,172,468,-296
112000424,2148,1163,985
112000425,217,1157,-940
112000426,37,175,-138
112000427,0,9,-9
112000428,48,384,-336
112000429,1282,1892,-610
112000430,1246,2157,-911
112000431,37,75,-38
112000432,452,1984,-1532
112000433,400,436,-36
112000437,13,267,-254
112900001,21,1,20
112900002,87,1207,-1120
112900003,13,265,-252
112900004,9,452,-443
112900005,55,187,-132
112900006,1,367,-366
112900007,7,175,-168
112900008,13,3,10
112900009,235,51,184
112900010,84,623,-539
112900011,221,265,-44
112900012,0,30,-30
112900013,0,78,-78
112900014,1,248,-247
112900015,259,788,-529
112900016,2,249,-247
112900017,16,172,-156
112900018,0,399,-399
112900019,33,146,-113
112900020,302,1326,-1024
112900021,3,334,-331
112900022,1,66,-65
112900023,2,273,-271
112900024,11,197,-186
112900025,36,204,-168
112900026,4,268,-264
112900027,5,1300,-1295
112900028,5,118,-113
112900029,14,622,-608
112900030,263,176,87
112900031,1,458,-457
112900032,75,187,-112
112900034,2,51,-49
112900035,2,484,-482
112900036,18,96,-78
112900037,157,96,61
112900038,197,68,129
112900039,9,330,-321
112900040,0,224,-224
112900041,823,493,330
112900042,27,443,-416
112900043,5,46,-41
112900044,490,251,239
112900045,412,218,194
112900046,194,50,144
112900047,12,14,-2
112900049,39,54,-15
112900050,62,521,-459
112900051,227,542,-315
112900052,3,913,-910
112900053,241,70,171
112900054,163,14,149
112900055,94,20,74
112900056,155,79,76
112900057,1,720,-719
112900058,246,79,167
112900059,62,92,-30
112900060,8,195,-187
112900061,28,117,-89
112900062,24,98,-74
112900063,63,2,61
112900064,147,130,17
112900065,13,4,9
112900066,83,36,47
112900067,418,153,265
112900068,15,8,7
112900069,2056,257,1799
112900071,4,3,1
112900072,143,482,-339
112900073,140,27,113
112900074,37,65,-28
112900075,1668,310,1358
112900076,65,1,64
112900078,90,159,-69
112900079,75,7,68
112900080,20,2,18
112900081,41,67,-26
112900082,191,9,182
112900083,50,16,34
112900084,103,50,53
112900086,16,0,16
112900087,231,48,183
112900088,62,1,61
112900089,308,7,301
112900090,13,3,10
112900091,43,2,41
112900092,63,85,-22
112900093,435,4,431
112900095,15,1,14
112900096,127,55,72
112900097,20,373,-353
112900098,21,0,21
112900099,221,1,220
112900100,16,0,16
112900101,97,2,95
112900102,22,2,20
112900103,77,0,77
112900104,51,1,50
112900105,5,0,5
112900106,260,46,214
112900107,7,0,7
112900108,23,0,23
112900109,40,0,40
112900110,278,4,274
112900111,218,1,217
112900112,90,2,88
112900113,0,12,-12
112900114,28,11,17
112900115,289,3,286
112900116,30,22,8
112900117,50,73,-23
112900118,34,59,-25
112900119,28,17,11
112900120,595,124,471
112900121,173,118,55
112900122,8,112,-104
112900123,51,5,46
112900124,7,85,-78
112900125,28,200,-172
112900126,96,204,-108
112900127,157,26,131
112900128,331,682,-351
112900129,1,773,-772
112900130,83,30,53
112900131,31,193,-162
112900132,45,352,-307
112900133,20,1099,-1079
112900134,1,273,-272
112900135,33,14,19
112900137,1,707,-706
112900138,3,378,-375
112900139,134,1067,-933
112900141,251,10,241
112900142,52,50,2
112900143,31,574,-543
112900144,0,310,-310
112900145,38,409,-371
112900146,2,1326,-1324
112900147,6,2188,-2182
112900148,12,0,12
112900149,116,379,-263
112900151,20,24,-4
112900152,3907,681,3226
112900153,1249,722,527
112900154,0,72,-72
112900155,44,4,40
112900156,69,1404,-1335
112900157,95,156,-61
112900158,19,10,9
112900159,82,37,45
112900160,15,218,-203
112900161,35,12,23
112900162,21,13,8
112900163,114,11,103
112900164,21,63,-42
112900165,41,18,23
112900166,14,16,-2
112900167,6,12,-6
112900168,1,0,1
112900169,9,0,9
112900170,19,80,-61
112900172,45,5,40
112900173,215,59,156
112900174,161,13,148
112900175,94,53,41
112900176,6,8,-2
112900177,107,7,100
112900178,367,684,-317
112900179,28,488,-460
112900180,540,1548,-1008
112900181,173,0,173
112900182,16,1278,-1262
112900183,111,193,-82
112900184,232,232,0
112900185,132,280,-148
112900186,1132,409,723
112900187,40,206,-166
112900188,545,187,358
112900189,1,20,-19
112900190,0,40,-40
112900192,250,162,88
112900193,664,130,534
112900194,21,76,-55
112900195,365,12,353
112900196,148,404,-256
112900197,89,371,-282
112900199,183,539,-356
112900200,182,254,-72
112900201,48,57,-9
112900202,118,735,-617
112900203,52,256,-204
112900204,619,202,417
112900205,4,6,-2
112900206,2,31,-29
112900207,5,0,5
112900208,33,91,-58
112900209,313,366,-53
112900210,0,4,-4
112900211,23,14,9
112900212,0,45,-45
112900213,5,4,1
112900214,5,7,-2
112900215,3,229,-226
112900216,26,61,-35
112900217,1,49,-48
112900218,14,18,-4
112900219,35,8,27
112900220,0,0,0
112900221,2,67,-65
112900222,0,9,-9
112900223,314,10,304
112900224,76,637,-561
112900225,168,546,-378
112900226,151,179,-28
112900227,160,1381,-1221
112900228,22,17,5
112900229,61,39,22
112900230,6028,1785,4243
112900232,116,86,30
112900233,30,151,-121
112900234,4,97,-93
112900235,29,14,15
112900236,81,6,75
112900237,39,387,-348
112900238,1,26,-25
112900239,307,176,131
112900240,4,73,-69
112900241,7,116,-109
112900242,2,137,-135
112900243,4,128,-124
112900244,0,62,-62
112900245,0,25,-25
112900246,1,5,-4
112900247,53,9,44
112900248,22,0,22
112900249,21,6,15
112900250,10,12,-2
112900251,25,15,10
112900252,17,11,6
112900253,2,7,-5
112900254,1,4,-3
112900255,0,27,-27
112900256,1,14,-13
112900257,4,12,-8
113000001,3164,3643,-479
113000002,2504,2681,-177
113000003,1307,1448,-141
113000004,1524,1509,15
113000005,877,830,47
113000006,673,943,-270
113000007,955,1002,-47
113000008,1078,1528,-450
113000009,447,683,-236
113000010,574,1255,-681
113000011,501,1426,-925
113000012,610,602,8
113000013,609,372,237
113000014,1377,1177,200
113000015,495,244,251
113000016,179,224,-45
113000017,15,164,-149
113000018,143,43,100
113000019,14,207,-193
113000020,35,16,19
113000021,789,482,307
113000022,330,1013,-683
113000025,42,197,-155
113000026,157,346,-189
113000027,705,276,429
113000028,694,265,429
113000029,622,492,130
113000030,454,527,-73
113000031,368,201,167
113000032,198,186,12
113000033,251,313,-62
113000034,382,279,103
113000035,11,15,-4
113000036,16,33,-17
113000037,41,24,17
113000038,6,33,-27
113000039,30,380,-350
113000040,49,64,-15
113000042,665,436,229
113000051,456,1410,-954
113000052,1800,820,980
113000053,175,460,-285
113000054,120,583,-463
113000055,636,813,-177
113000056,448,1254,-806
113000058,667,957,-290
113000059,878,524,354
113000060,112,638,-526
113000061,468,613,-145
113000062,981,112,869
113000063,66,181,-115
113000064,14,343,-329
113000065,122,1018,-896
113000066,275,88,187
113000067,899,1068,-169
113000068,331,1765,-1434
113000069,356,1236,-880
113000070,733,692,41
113000071,223,597,-374
113000072,306,328,-22
113000073,377,1331,-954
113000074,767,254,513
113000075,1268,462,806
113000076,1015,1398,-383
113000077,1081,291,790
113000078,622,1248,-626
113000079,532,468,64
113000080,378,329,49
113000081,482,534,-52
113000082,750,474,276
113000083,407,502,-95
113000084,1065,912,153
113000085,491,414,77
113000086,696,970,-274
113000087,667,596,71
113000088,1608,950,658
113000089,657,1022,-365
113000090,135,297,-162
113000091,522,183,339
113000094,466,117,349
113000095,178,919,-741
113000096,113,763,-650
113000097,396,229,167
113000098,39,21,18
113000099,645,198,447
113000100,99,408,-309
113000101,276,446,-170
113000102,319,177,142
113000103,2025,449,1576
113000104,248,1754,-1506
113000105,269,358,-89
113000106,193,431,-238
113000107,366,766,-400
113000108,644,1329,-685
113000109,307,2260,-1953
113000110,1009,282,727
113000111,111,436,-325
113000112,228,221,7
113000113,1396,187,1209
113000114,231,736,-505
113000116,485,181,304
113000117,543,103,440
113000118,125,186,-61
113000119,123,266,-143
113000120,22,134,-112
113000121,242,584,-342
113000124,107,85,22
113000125,23,454,-431
113000127,3077,462,2615
113000128,339,367,-28
113000129,401,1184,-783
113000133,2890,687,2203
113000134,3,555,-552
113000135,2093,1624,469
113000137,1921,1171,750
113000139,198,93,105
113000140,125,197,-72
113000141,138,81,57
113000142,412,545,-133
113000143,140,117,23
113000144,233,405,-172
113000145,33,130,-97
113000146,91,67,24
113000147,107,105,2
113000148,68,146,-78
113000149,50,98,-48
113000150,317,307,10
113000151,62,58,4
113000152,49,149,-100
113000153,1499,389,1110
113000154,473,1004,-531
113000155,170,304,-134
113000156,99,322,-223
113000157,245,650,-405
113000158,414,162,252
113000159,607,436,171
113000160,533,1034,-501
113000161,191,518,-327
113000162,395,286,109
113000163,43,27,16
113000164,35,79,-44
113000166,60,40,20
113000167,24,159,-135
113000168,52,167,-115
113000169,72,26,46
113000170,52,41,11
113000171,40,117,-77
113000172,129,33,96
113000173,29,10,19
113000174,84,457,-373
113000175,250,78,172
113000176,320,75,245
113000177,126,408,-282
113000178,170,393,-223
113000179,179,65,114
113000180,347,1031,-684
113000181,592,899,-307
113000182,163,221,-58
113000183,168,486,-318
113000184,24,82,-58
113000189,332,429,-97
113000190,948,288,660
113000192,2304,972,1332
113000193,4176,793,3383
113000194,1828,850,978
113000195,2092,324,1768
113000196,45,50,-5
113000197,985,528,457
113000198,23,207,-184
113000199,481,251,230
113000201,430,152,278
113000202,2660,1989,671
113000203,446,155,291
113000204,1729,889,840
113000205,20,27,-7
113000206,9,39,-30
113000207,59,15,44
113000208,13,27,-14
113000209,9,10,-1
113000210,3,28,-25
113000211,284,125,159
113000212,224,28,196
113000213,22,107,-85
113000214,62,178,-116
113000234,118,1214,-1096
113000410,50,103,-53
113000411,2060,2883,-823
113000412,8715,1562,7153
113000413,3201,1638,1563
113000414,8000,6102,1898
113000415,1966,1742,224
113000416,8375,2477,5898
113000417,2387,1950,437
113000418,2158,1633,525
113000419,1151,1162,-11
113000420,3011,2467,544
113000421,2589,3149,-560
113000422,11709,5191,6518
113000423,1887,2597,-710
113000424,3397,5466,-2069
113000425,4,76,-72
113000428,69,14,55
113000430,37,27,10
113000432,851,127,724
113000433,102,893,-791
113000434,13,304,-291
113000435,9,772,-763
113000436,54,1215,-1161
113000437,262,20,242
113000438,108,11,97
113000439,20,160,-140
113000440,79,22,57
113000441,77,173,-96
113000442,119,304,-185
113000443,42,225,-183
113000444,74,247,-173
113000445,43,115,-72
113000446,13,72,-59
113000448,211,95,116
113000449,185,857,-672
113000450,481,2591,-2110
113000451,1262,109,1153
113000452,332,421,-89
113000453,124,193,-69
113000454,1110,53,1057
113000455,58,84,-26
113000456,2703,1330,1373
113000468,2475,207,2268
113000469,159,75,84
113000470,369,57,312
113000471,3,328,-325
113000472,49,189,-140
113000474,217,612,-395
113000475,954,1362,-408
113000476,500,1351,-851
113000477,1325,1441,-116
113000478,2650,4735,-2085
113000479,16,189,-173
113000483,0,0,0
113000484,0,0,0
113000485,0,0,0
113000486,0,0,0
113000487,0,0,0
113000488,0,0,0
113000489,0,0,0
113000490,0,0,0
113000491,0,7,-7
113000492,0,0,0
113000493,0,0,0
113000495,183,214,-31
113000496,77,74,3
113000499,0,0,0
113900001,1,102,-101
113900002,0,172,-172
113900003,0,120,-120
113900004,0,22,-22
113900005,0,24,-24
113900006,3,20,-17
113900007,74,17,57
113900008,105,0,105
113900009,436,1,435
113900010,207,0,207
113900011,16,1,15
113900012,5,1,4
113900013,929,4,925
113900014,453,1,452
113900015,1,37,-36
113900016,7,0,7
113900017,0,39,-39
113900018,341,66,275
113900019,31,23,8
113900020,32,0,32
113900022,7,0,7
113900023,8,0,8
113900024,26,76,-50
113900025,242,5,237
113900026,31,0,31
113900027,2,62,-60
113900028,10,351,-341
113900029,15,260,-245
113900030,82,1,81
113900031,7,0,7
113900032,1,0,1
113900033,34,59,-25
113900035,52,0,52
113900036,5,84,-79
113900037,20,446,-426
113900038,74,39,35
113900039,100,2,98
113900040,1,1,0
113900041,1,1,0
113900042,46,31,15
113900043,96,64,32
113900044,87,51,36
113900045,23,1,22
113900046,139,598,-459
113900047,15,127,-112
113900048,235,40,195
113900049,684,108,576
113900050,107,295,-188
113900051,91,310,-219
113900052,85,83,2
113900053,367,147,220
113900054,7,2,5
113900055,84,463,-379
113900056,73,154,-81
113900057,14,86,-72
113900058,10,163,-153
113900059,98,238,-140
113900060,104,213,-109
113900061,767,83,684
113900062,40,15,25
113900063,45,118,-73
113900064,2,133,-131
113900065,338,12,326
113900066,141,313,-172
113900067,33,230,-197
113900068,215,266,-51
113900069,111,12,99
113900070,105,392,-287
113900071,91,47,44
113900072,35,155,-120
113900073,73,291,-218
113900074,20,456,-436
113900075,729,750,-21
113900076,62,3,59
113900077,21,218,-197
113900078,33,53,-20
113900079,1,38,-37
113900080,207,118,89
113900081,11,170,-159
113900082,75,173,-98
113900083,92,520,-428
113900084,133,61,72
113900085,26,318,-292
113900086,18,19,-1
113900087,21,177,-156
113900088,28,36,-8
113900089,235,24,211
113900090,290,215,75
113900091,23,18,5
113900092,20,35,-15
113900093,51,361,-310
113900094,127,364,-237
113900095,41,61,-20
113900096,91,36,55
113900097,0,108,-108
113900098,321,40,281
113900099,0,45,-45
113900100,0,0,0
113900101,11,24,-13
113900102,74,49,25
113900103,181,149,32
113900104,95,106,-11
113900105,35,354,-319
113900106,1,118,-117
113900107,1,27,-26
113900108,109,126,-17
113900109,195,62,133
113900110,20,7,13
113900111,63,101,-38
113900112,28,71,-43
113900113,342,294,48
113900114,0,107,-107
113900115,0,80,-80
113900116,57,76,-19
113900117,33,15,18
113900118,92,153,-61
113900119,193,240,-47
113900120,71,18,53
113900121,44,64,-20
113900122,248,1051,-803
113900123,262,132,130
113900124,1,67,-66
113900125,1008,109,899
113900126,80,33,47
113900127,120,249,-129
113900128,41,48,-7
113900129,8,85,-77
113900130,0,5,-5
113900131,52,45,7
113900132,17,47,-30
113900133,6,22,-16
113900135,132,417,-285
113900136,38,65,-27
113900137,268,143,125
113900138,41,120,-79
113900139,363,63,300
113900140,313,164,149
113900141,192,298,-106
113900142,40,49,-9
113900143,0,9,-9
113900144,190,90,100
113900145,119,166,-47
113900146,47,31,16
113900148,84,169,-85
113900149,92,22,70
113900150,873,502,371
113900151,154,154,0
113900152,23,63,-40
113900153,356,366,-10
113900154,2,65,-63
113900155,132,35,97
113900156,183,495,-312
113900157,22,175,-153
113900158,271,104,167
113900159,9,208,-199
113900160,277,515,-238
113900161,17,109,-92
113900162,390,322,68
113900163,208,225,-17
113900164,165,36,129
113900165,333,496,-163
113900166,111,87,24
113900167,142,22,120
113900168,88,87,1
113900169,176,389,-213
113900171,48,25,23
113900172,1,117,-116
113900173,31,605,-574
113900174,242,525,-283
113900175,196,49,147
113900176,104,554,-450
113900177,181,178,3
113900178,97,106,-9
113900179,14,650,-636
113900180,100,96,4
113900181,318,93,225
113900182,309,726,-417
113900183,18,52,-34
113900184,11,524,-513
113900185,145,54,91
113900186,23,28,-5
113900187,26,87,-61
113900188,36,95,-59
113900189,115,50,65
113900190,239,99,140
113900191,61,107,-46
113900192,3,187,-184
113900193,23,244,-221
113900194,1834,773,1061
113900195,242,409,-167
113900196,0,109,-109
113900197,2,256,-254
113900198,6,119,-113
113900199,190,509,-319
113900200,7,192,-185
113900201,1,246,-245
113900202,20,205,-185
113900203,1,209,-208
113900204,35,546,-511
113900205,9,108,-99
113900206,5,96,-91
113900207,0,31,-31
113900208,0,33,-33
113900209,0,86,-86
113900210,304,358,-54
113900211,76,16,60
113900212,80,540,-460
113900214,278,255,23
113900215,28,91,-63
113900216,12,1089,-1077
113900217,19,310,-291
113900218,37,22,15
113900219,131,447,-316
113900220,65,41,24
113900221,173,75,98
113900222,242,223,19
113900223,35,767,-732
113900224,84,42,42
113900225,537,151,386
113900226,206,69,137
113900227,181,117,64
113900228,248,217,31
113900229,15,333,-318
113900230,3488,977,2511
113900231,45,153,-108
113900232,68,86,-18
113900233,19,43,-24
113900234,99,289,-190
113900235,41,60,-19
113900236,36,348,-312
113900237,50,2,48
113900238,127,230,-103
113900239,31,49,-18
113900240,9,83,-74
113900241,61,42,19
113900242,39,110,-71
113900243,77,263,-186
113900244,367,132,235
113900245,997,158,839
113900246,17,10,7
113900247,112,158,-46
113900248,3034,741,2293
113900249,1042,153,889
113900250,31,99,-68
113900251,309,203,106
113900252,271,10,261
113900253,403,23,380
113900254,409,54,355
113900255,182,11,171
113900256,256,10,246
113900257,36,716,-680
113900258,5,582,-577
113900259,193,169,24
113900260,68,14,54
113900261,7,151,-144
113900262,121,633,-512
113900263,104,424,-320
113900264,1,570,-569
113900265,113,223,-110
113900266,16,219,-203
113900267,78,376,-298
113900268,134,222,-88
113900269,36,107,-71
113900270,173,220,-47
113900271,403,1132,-729
113900273,2,3,-1
113900274,20,6,14
113900275,5,33,-28
113900276,2,228,-226
113900277,32,3,29
113900278,226,146,80
113900279,91,64,27
113900280,839,344,495
113900281,250,691,-441
113900282,559,264,295
113900283,180,255,-75
113900284,441,81,360
113900285,48,20,28
113900286,9,95,-86
113900287,9,35,-26
113900288,0,36,-36
113900289,1056,29,1027
113900290,283,47,236
113900291,76,152,-76
113900292,15,1,14
113900293,6,149,-143
113900294,241,14,227
113900295,194,237,-43
113900296,2190,265,1925
113900297,595,22,573
113900298,2,1196,-1194
113900299,25,196,-171
113900300,4931,1440,3491
113900301,689,297,392
113900302,2022,460,1562
113900303,492,154,338
113900304,0,111,-111
113900305,50,1,49
113900306,9,2,7
113900307,28,0,28
113900308,93,87,6
113900309,2,799,-797
113900310,0,20,-20
113900311,0,0,0
113900312,67,93,-26
113900313,22,6,16
114000001,768,2774,-2006
114000002,80,379,-299
114000003,19,248,-229
114000004,131,314,-183
114000005,76,177,-101
114000006,1982,1548,434
114000007,308,979,-671
114000008,1011,664,347
114000009,223,123,100
114000011,1842,2967,-1125
114000012,1016,2631,-1615
114000013,827,1939,-1112
114000014,269,378,-109
114000015,591,388,203
114000016,186,365,-179
114000017,42,114,-72
114000018,412,51,361
114000026,717,1263,-546
114000027,1313,1832,-519
114000028,1288,1607,-319
114000038,58,124,-66
114000039,48,119,-71
114000040,33,121,-88
114000042,54,132,-78
114000043,28,117,-89
114000044,75,76,-1
114000045,26,73,-47
114000046,1351,3164,-1813
114000047,9,75,-66
114000048,36,53,-17
114000049,909,761,148
114000050,938,813,125
114000051,1989,978,1011
114000052,1753,726,1027
114000053,17,325,-308
114000054,61,1282,-1221
114000055,97,7,90
114000056,1068,360,708
114000057,7631,1934,5697
114000058,378,454,-76
114000059,209,152,57
114000060,293,411,-118
114000061,3035,977,2058
114000062,2664,477,2187
114000063,2531,1171,1360
114000064,7776,1849,5927
114000065,1429,1616,-187
114000066,266,594,-328
114000067,10,253,-243
114000068,310,269,41
114000069,515,372,143
114000070,1856,1003,853
114000071,338,465,-127
114000072,66,298,-232
114000073,15,103,-88
114000074,4,14,-10
114000075,31,146,-115
114000076,3,139,-136
114000077,5,51,-46
114000078,48,1001,-953
114000079,25,16,9
114000080,66,79,-13
114000081,33,97,-64
114000082,38,503,-465
114000083,25,275,-250
114000084,104,58,46
114000085,98,644,-546
114000086,72,498,-426
114000087,20,212,-192
114000088,29,42,-13
114000089,1166,364,802
114000090,377,316,61
114000091,962,246,716
114000092,465,215,250
114000093,440,339,101
114000094,201,240,-39
114000095,63,71,-8
114000096,44,482,-438
114000097,83,893,-810
114000098,174,43,131
114000099,153,830,-677
114000100,451,576,-125
114000101,216,1249,-1033
114000102,139,237,-98
114000103,57,426,-369
114000104,1,242,-241
114000105,25,27,-2
114000106,644,294,350
114000107,84,87,-3
114000108,1978,1022,956
114000109,254,383,-129
114000110,313,1361,-1048
114000111,493,399,94
114000112,261,1469,-1208
114000113,359,312,47
114000114,886,1297,-411
114000115,982,515,467
114000116,239,733,-494
114000117,1121,280,841
114000118,969,245,724
114000119,608,211,397
114000120,446,1075,-629
114000121,260,472,-212
114000122,201,186,15
114000123,525,189,336
114000124,320,207,113
114000125,607,1654,-1047
114000126,496,108,388
114000127,69,146,-77
114000128,503,475,28
114000130,181,315,-134
114000131,69,14,55
114000132,480,546,-66
114000133,679,947,-268
114000134,30,197,-167
114000138,19,162,-143
114000139,147,70,77
114000144,346,268,78
114000145,41,152,-111
114000146,62,282,-220
114000147,537,736,-199
114000148,1614,870,744
114000149,123,127,-4
114000150,529,246,283
114000151,535,575,-40
114000152,112,12,100
114000153,673,784,-111
114000154,358,273,85
114000155,675,1066,-391
114000156,529,249,280
114000157,169,523,-354
114000158,2022,479,1543
114000159,111,229,-118
114000160,77,110,-33
114000161,1025,939,86
114000162,424,642,-218
114000163,4,99,-95
114000165,123,91,32
114000166,408,142,266
114000167,3339,989,2350
114000168,630,537,93
114000169,1268,539,729
114000170,704,532,172
114000171,488,1084,-596
114000174,116,382,-266
114000176,466,270,196
114000177,1964,613,1351
114000178,18,59,-41
114000179,872,468,404
114000180,277,388,-111
114000181,938,1576,-638
114000182,4765,2086,2679
114000183,657,881,-224
114000184,5995,1463,4532
114000185,588,666,-78
114000189,219,44,175
114000190,972,144,828
114000191,12,28,-16
114000192,278,1453,-1175
114000193,955,3287,-2332
114000194,866,1406,-540
114000195,50,5,45
114000196,6,325,-319
114000197,536,83,453
114000198,970,300,670
114000199,1448,868,580
114000200,380,2234,-1854
114000201,130,931,-801
114000202,589,726,-137
114000203,295,934,-639
114000204,89,361,-272
114000205,136,1424,-1288
114000206,343,1003,-660
114000207,452,2109,-1657
114000208,293,3138,-2845
114000209,493,3245,-2752
114000210,277,1642,-1365
114000211,656,1143,-487
114000212,295,590,-295
114000213,704,523,181
114000214,42,201,-159
114000215,47,73,-26
114000216,483,203,280
114000217,88,228,-140
114000218,51,270,-219
114000219,460,251,209
114000220,7,1440,-1433
114000221,301,88,213
114000222,161,1012,-851
114000223,268,51,217
114000224,103,707,-604
114000225,137,429,-292
114000226,37,206,-169
114000227,423,285,138
114000228,378,825,-447
114000229,467,1130,-663
114000230,915,1421,-506
114000231,528,1184,-656
114000232,302,101,201
114000233,1010,145,865
114000234,726,908,-182
114000235,578,1553,-975
114000236,1,460,-459
114000237,73,1011,-938
114000238,34,126,-92
114000239,93,1336,-1243
114000240,395,480,-85
114000241,202,1087,-885
114000242,762,801,-39
114000243,679,623,56
114000244,392,306,86
114000245,169,486,-317
114000246,84,25,59
114000247,291,506,-215
114000248,556,481,75
114000249,315,391,-76
114000250,286,473,-187
114000251,130,301,-171
114000252,21,71,-50
114000253,21,169,-148
114000254,8,79,-71
114000255,353,107,246
114000256,2240,480,1760
114000257,335,1578,-1243
114000258,87,395,-308
114000259,24,195,-171
114000260,2,26,-24
114000261,26,15,11
114000262,22,163,-141
114000263,6,3,3
114000264,241,495,-254
114000265,0,0,0
114000267,0,919,-919
114000268,7,2214,-2207
114000270,102,1,101
114000271,247,75,172
114000283,295,377,-82
114000285,43,317,-274
114000288,17,406,-389
114000289,561,158,403
114000293,39,304,-265
114000294,127,219,-92
114000395,717,50,667
114000396,176,239,-63
114000402,201,307,-106
114000403,116,525,-409
114000405,60,554,-494
114000423,68,479,-411
114000424,78,163,-85
114000425,192,494,-302
114000426,162,408,-246
114000427,25,66,-41
114000428,251,90,161
114000429,5,157,-152
114000432,38,110,-72
114000434,18,87,-69
114000435,1,125,-124
114900001,233,1412,-1179
114900002,189,39,150
114900003,180,1892,-1712
114900004,62,86,-24
114900005,173,897,-724
114900006,17,41,-24
114900007,63,3,60
114900008,36,46,-10
114900010,2134,1049,1085
114900011,46,56,-10
114900013,85,63,22
114900015,27,138,-111
114900018,526,54,472
114900020,76,26,50
114900022,1,528,-527
114900024,93,117,-24
114900025,135,183,-48
114900026,26,41,-15
114900027,93,183,-90
114900029,18,7,11
114900030,83,185,-102
114900031,71,6,65
114900032,124,24,100
114900033,937,176,761
114900034,32,184,-152
114900035,95,134,-39
114900036,174,957,-783
114900037,57,173,-116
114900038,102,844,-742
114900039,273,667,-394
114900040,40,188,-148
114900041,232,623,-391
114900042,330,896,-566
114900043,649,253,396
114900044,47,10,37
114900046,25,99,-74
114900047,130,847,-717
114900048,49,217,-168
114900049,9,185,-176
114900050,11,496,-485
114900051,22,506,-484
114900052,53,129,-76
114900053,51,183,-132
114900054,34,108,-74
114900057,114,8,106
114900058,0,77,-77
114900059,20,17,3
114900060,1053,261,792
114900061,69,152,-83
114900062,209,163,46
114900063,49,224,-175
114900064,484,680,-196
114900065,122,531,-409
114900067,10,271,-261
114900068,58,124,-66
114900069,211,131,80
114900070,171,629,-458
114900072,5,244,-239
114900073,0,141,-141
114900074,127,1027,-900
114900075,53,1,52
114900076,3,284,-281
114900080,2876,304,2572
114900082,2863,976,1887
114900083,683,679,4
114900090,95,91,4
114900091,51,147,-96
114900095,318,95,223
114900096,349,386,-37
114900097,34,1,33
114900098,4,150,-146
114900099,24,3,21
115000001,7360,5274,2086
115000002,2113,2509,-396
115000003,2974,3779,-805
115000004,1892,3142,-1250
115000005,795,2679,-1884
115000006,375,1101,-726
115000007,68,115,-47
115000008,298,386,-88
115000009,102,269,-167
115000010,168,121,47
115000013,64,124,-60
115000015,85,177,-92
115000016,39,184,-145
115000019,10,287,-277
115000020,108,338,-230
115000021,211,329,-118
115000022,310,243,67
115000023,223,304,-81
115000024,956,428,528
115000025,532,313,219
115000026,86,285,-199
115000027,127,173,-46
115000028,94,597,-503
115000029,251,80,171
115000030,213,663,-450
115000031,651,142,509
115000032,6,255,-249
115000033,110,20,90
115000034,102,895,-793
115000035,592,46,546
115000036,0,318,-318
115000037,169,3,166
115000038,37,135,-98
115000039,2676,1375,1301
115000040,5522,3197,2325
115000041,557,1792,-1235
115000042,396,492,-96
115000043,2029,2318,-289
115000044,2099,4090,-1991
115000045,1366,2212,-846
115000046,919,2051,-1132
115000047,1080,1709,-629
115000048,966,2629,-1663
115000049,1198,2259,-1061
115000050,2029,1581,448
115000051,1626,1363,263
115000052,2910,1682,1228
115000053,1093,1128,-35
115000054,608,1125,-517
115000055,142,276,-134
115000056,175,295,-120
115000057,208,401,-193
115000058,81,127,-46
115000059,211,157,54
115000061,147,95,52
115000062,73,225,-152
115000063,131,290,-159
115000064,142,100,42
115000065,17,201,-184
115000067,190,32,158
115000069,30,236,-206
115000070,19,634,-615
115000071,79,4,75
115000072,14,44,-30
115000073,935,33,902
115000075,43,55,-12
115000076,2609,2977,-368
115000077,835,3144,-2309
115000078,522,1688,-1166
115000079,581,2179,-1598
115000080,1062,2389,-1327
115000081,297,760,-463
115000082,2015,2424,-409
115000083,1206,3155,-1949
115000084,692,820,-128
115000085,284,900,-616
115000086,408,824,-416
115000087,411,1232,-821
115000088,1250,481,769
115000089,1255,1353,-98
115000090,629,506,123
115000091,229,1148,-919
115000092,269,343,-74
115000093,303,2,301
115000094,7249,3706,3543
115000095,5796,3275,2521
115000096,401,1891,-1490
115000097,428,596,-168
115000098,471,640,-169
115000099,1209,3327,-2118
115000100,441,430,11
115000101,269,1273,-1004
115000102,288,141,147
115000103,204,830,-626
115000105,44,205,-161
115000106,246,228,18
115000107,89,484,-395
115000108,3162,2263,899
115000109,4771,2014,2757
115000110,801,553,248
115000111,480,1143,-663
115000112,293,319,-26
115000113,382,536,-154
115000114,1241,514,727
115000116,2305,935,1370
115000117,3011,1242,1769
115000118,1068,960,108
115000119,1000,1093,-93
115000120,350,630,-280
115000121,1229,509,720
115000122,2896,585,2311
115000123,1421,995,426
115000124,614,697,-83
115000125,185,346,-161
115000126,89,200,-111
115000127,203,103,100
115000128,895,537,358
115000129,185,139,46
115000130,175,931,-756
115000131,281,213,68
115000132,57,507,-450
115000133,151,326,-175
115000134,47,162,-115
115000135,54,245,-191
115000136,59,140,-81
115000137,49,162,-113
115000138,110,169,-59
115000139,120,241,-121
115000140,140,162,-22
115000141,86,322,-236
115000142,52,288,-236
115000143,260,356,-96
115000144,315,72,243
115000145,125,428,-303
115000146,133,169,-36
115000147,286,530,-244
115000148,216,1358,-1142
115000149,288,136,152
115000150,428,1150,-722
115000151,409,315,94
115000152,427,1430,-1003
115000153,333,257,76
115000154,319,195,124
115000155,309,1098,-789
115000156,679,431,248
115000157,613,826,-213
115000158,467,267,200
115000159,574,243,331
115000160,412,187,225
115000161,150,468,-318
115000162,506,378,128
115000163,535,558,-23
115000164,441,448,-7
115000165,257,299,-42
115000167,98,47,51
115000168,398,208,190
115000169,530,229,301
115000170,107,122,-15
115000171,184,105,79
115000172,1698,383,1315
115000173,173,195,-22
115000174,42,126,-84
115000175,74,46,28
115000176,26,34,-8
115000177,60,25,35
115000178,3,226,-223
115000179,13,4,9
115000180,39,642,-603
115000181,221,85,136
115000182,286,289,-3
115000183,164,1147,-983
115000186,415,212,203
115000187,136,569,-433
115000188,293,323,-30
115000189,181,400,-219
115000190,673,383,290
115000191,214,357,-143
115000194,145,66,79
115000195,173,144,29
115000196,49,78,-29
115000197,77,474,-397
115000198,148,165,-17
115000199,67,357,-290
115000200,127,84,43
115000201,95,303,-208
115000206,121,65,56
115000207,26,292,-266
115000208,464,541,-77
115000209,312,84,228
115000210,46,83,-37
115000211,163,145,18
115000212,1172,236,936
115000224,136,45,91
115000225,51,47,4
115000229,257,138,119
115000230,57,375,-318
115000231,253,2781,-2528
115000232,700,435,265
115000233,54,192,-138
115000234,7,210,-203
115000241,32,246,-214
115000242,45,248,-203
115000243,20,222,-202
115000244,1,86,-85
115000246,28,6,22
115000247,9,3,6
115000248,5,4,1
115000249,46,10,36
115000250,215,49,166
115000251,106,89,17
115000252,15,98,-83
115000253,10,192,-182
115000258,116,160,-44
115000259,193,99,94
115000261,5,22,-17
115000262,4,24,-20
115000263,6,41,-35
115000264,18,29,-11
115000267,30,70,-40
115000268,22,104,-82
115000269,66,42,24
115000270,3,17,-14
115000272,33,105,-72
115000273,218,16,202
115000280,1720,57,1663
115000281,530,104,426
115000282,901,366,535
115000284,173,56,117
115000296,520,16,504
115000297,96,94,2
115000298,31,122,-91
115000300,60,159,-99
115000302,171,208,-37
115000303,247,98,149
115000304,242,69,173
115000305,44,1012,-968
115000306,55,507,-452
115000307,21,316,-295
115000308,48,11,37
115000309,9,6,3
115000310,424,1111,-687
115000311,356,1122,-766
115000313,96,671,-575
115000314,164,53,111
115000315,1102,329,773
115000316,29,56,-27
115000317,103,514,-411
115000318,397,178,219
115000319,46,297,-251
115000320,6,121,-115
115000321,426,5,421
115000322,33,187,-154
115000449,210,98,112
115000557,0,400,-400
115000558,133,51,82
115000587,169,185,-16
115000588,1782,3511,-1729
115000589,2026,2331,-305
115000590,395,1353,-958
115000591,575,534,41
115000592,401,1337,-936
115000593,933,458,475
115000594,691,1330,-639
115000609,86,185,-99
115000617,1514,1078,436
115000624,107,75,32
115000633,268,1344,-1076
115000634,1866,566,1300
115000635,177,102,75
115000638,1153,511,642
115000641,52,87,-35
115000642,344,222,122
115000643,69,335,-266
115000644,86,319,-233
115000646,415,775,-360
115000647,95,296,-201
115000648,770,1272,-502
115000893,2870,861,2009
115000894,54,921,-867
115000895,368,592,-224
115000896,980,222,758
115000897,414,63,351
115000898,446,224,222
115000899,853,896,-43
115000900,103,283,-180
115000901,55,50,5
115000912,166,63,103
115000913,1,42,-41
115000915,10,1,9
115000916,2,0,2
115000917,0,7,-7
115000918,41,136,-95
115000919,15,4,11
115000920,13,22,-9
115000921,1087,55,1032
115000922,1074,357,717
115000923,406,662,-256
115000925,50,62,-12
115000927,12,17,-5
115000933,310,115,195
115000934,103,251,-148
115000935,65,87,-22
115000936,34,176,-142
115000937,794,75,719
115000938,104,105,-1
115000939,119,101,18
115000940,1,5,-4
115000941,3,4,-1
115000942,35,36,-1
115000943,71,9,62
115000944,1,4,-3
115900001,15,74,-59
115900002,63,162,-99
115900003,86,80,6
115900004,2,53,-51
115900005,58,4,54
115900006,41,371,-330
115900008,18,12,6
115900009,42,306,-264
115900010,61,171,-110
115900011,129,263,-134
115900012,29,97,-68
115900013,234,111,123
115900014,58,154,-96
115900015,22,146,-124
115900016,62,19,43
115900017,1,0,1
115900018,145,68,77
115900019,353,31,322
115900020,33,0,33
115900021,1530,81,1449
115900022,2185,6,2179
115900023,10,1,9
115900025,48,131,-83
115900026,588,332,256
115900027,0,345,-345
115900028,418,36,382
115900029,2,440,-438
115900030,29,14,15
115900031,250,116,134
115900032,189,675,-486
115900033,0,25,-25
115900034,8,464,-456
115900035,9,93,-84
115900036,177,231,-54
115900037,18,423,-405
115900038,6,4,2
115900039,45,278,-233
115900041,233,250,-17
115900042,7,0,7
115900043,50,117,-67
115900044,170,212,-42
115900046,134,302,-168
115900047,45,48,-3
115900049,64,192,-128
115900051,2,27,-25
115900052,11,282,-271
115900053,71,231,-160
115900054,58,22,36
115900055,12,145,-133
115900056,64,376,-312
115900057,3,2,1
115900058,16,78,-62
115900060,28,140,-112
115900061,77,1,76
115900062,8,278,-270
115900063,33,7,26
115900064,105,155,-50
115900065,29,110,-81
115900066,118,117,1
115900067,5,789,-784
115900068,3382,138,3244
115900069,37,166,-129
115900070,57,232,-175
115900071,0,576,-576
115900072,47,187,-140
115900073,26,36,-10
115900074,4,329,-325
115900075,12,271,-259
115900076,1,92,-91
115900077,6,304,-298
115900078,20,123,-103
115900079,69,7,62
115900080,501,198,303
115900081,11,61,-50
115900082,126,86,40
115900084,136,22,114
115900085,35,44,-9
115900086,1314,307,1007
115900088,22,30,-8
115900089,129,689,-560
115900090,92,34,58
115900091,0,18,-18
115900092,15,227,-212
115900093,3,34,-31
115900094,2,480,-478
115900096,0,3,-3
115900097,9,523,-514
115900098,63,552,-489
115900099,6,72,-66
115900100,6,561,-555
115900101,104,422,-318
115900102,15,86,-71
115900103,153,268,-115
115900104,36,197,-161
115900105,48,623,-575
115900106,8,22,-14
115900107,7,178,-171
115900108,37,30,7
115900109,19,313,-294
115900110,0,15,-15
115900111,1,90,-89
115900112,22,852,-830
115900113,18,6,12
115900114,1,141,-140
115900115,35,126,-91
115900116,46,965,-919
115900117,26,12,14
115900118,6,405,-399
115900119,44,61,-17
115900120,35,301,-266
115900121,39,183,-144
115900124,104,199,-95
115900125,109,15,94
115900126,247,49,198
115900127,230,40,190
115900128,4,69,-65
115900129,361,28,333
115900130,24,136,-112
115900131,64,15,49
115900132,161,5,156
115900134,156,12,144
115900135,506,419,87
115900137,5,0,5
115900139,44,77,-33
115900140,87,9,78
115900141,10,60,-50
115900142,3,7,-4
115900143,84,224,-140
115900144,40,193,-153
115900146,13,156,-143
115900147,123,180,-57
115900148,14,2,12
115900149,25,24,1
115900150,18,60,-42
115900151,11,63,-52
115900152,38,302,-264
115900153,39,252,-213
115900154,468,247,221
115900155,0,84,-84
115900156,355,580,-225
115900157,41,319,-278
115900158,27,7,20
115900159,32,197,-165
115900160,6,1,5
115900161,14,163,-149
115900163,75,100,-25
115900164,131,59,72
115900166,109,236,-127
115900168,20,139,-119
115900171,36,313,-277
115900172,24,117,-93
115900173,103,126,-23
115900174,185,205,-20
115900175,42,123,-81
115900178,6,634,-628
115900179,74,12,62
115900180,39,370,-331
115900181,72,314,-242
115900182,181,322,-141
115900183,37,26,11
115900184,1382,18,1364
115900187,3,63,-60
115900189,0,91,-91
115900190,282,417,-135
115900191,38,400,-362
115900192,4,35,-31
115900193,44,27,17
115900194,170,26,144
115900195,406,653,-247
115900198,115,174,-59
115900199,106,161,-55
115900200,200,245,-45
115900201,251,156,95
115900202,1,10,-9
115900203,0,14,-14
115900204,0,8,-8
115900205,12,6,6
115900206,59,110,-51
115900207,10,24,-14
115900208,36,284,-248
115900209,2,121,-119
115900210,0,143,-143
115900211,0,145,-145
115900212,39,203,-164
115900213,20,25,-5
115900214,156,234,-78
115900215,6,16,-10
115900216,1,88,-87
115900217,1,78,-77
115900218,1,30,-29
115900219,43,4,39
115900220,41,12,29
115900221,51,11,40
115900222,22,1,21
115900223,1,78,-77
115900224,1362,262,1100
115900225,44,15,29
115900226,15,30,-15
115900227,5,36,-31
115900228,8,23,-15
115900229,7,37,-30
115900230,44,72,-28
115900231,57,1,56
115900232,15,2,13
115900233,42,2,40
115900234,32,14,18
115900235,7,17,-10
115900236,7,9,-2
115900237,8,18,-10
115900238,0,7,-7
115900239,10,23,-13
115900240,4,38,-34
115900241,81,43,38
115900242,133,119,14
115900243,5,3,2
115900244,2,9,-7
115900245,21,30,-9
115900246,2,5,-3
115900247,5,5,0
115900248,7,1,6
115900249,1,4,-3
115900250,4,4,0
115900251,0,0,0
115900252,0,0,0
115900253,4,3,1
115900254,10,17,-7
115900255,6,22,-16
115900256,19,5,14
115900257,4,4,0
115900258,1,0,1
115900259,2,1,1
115900260,10,3,7
115900261,0,0,0
115900262,2,2,0
115900263,1,2,-1
115900264,6,4,2
115900265,3,6,-3
115900266,5,8,-3
115900267,3,7,-4
115900268,4,5,-1
115900269,125,262,-137
115900270,110,695,-585
115900271,28,0,28
115900272,8,3,5
115900273,3,4,-1
115900274,0,12,-12
115900275,1,23,-22
115900276,1,60,-59
115900277,0,143,-143
115900278,6,100,-94
115900279,2,87,-85
115900280,8,116,-108
115900281,491,88,403
115900282,11,6,5
115900283,6,4,2
115900284,12,6,6
116000001,14867,3979,10888
116000002,2701,3499,-798
116000003,974,1374,-400
116000004,907,1152,-245
116000005,2040,2764,-724
116000006,1394,760,634
116000007,2237,3574,-1337
116000008,1511,1283,228
116000009,1400,2430,-1030
116000010,1106,736,370
116000011,653,1506,-853
116000012,537,465,72
116000013,13622,3299,10323
116000014,16637,5559,11078
116000015,299,430,-131
116000016,6870,1226,5644
116000017,12,286,-274
116000018,593,306,287
116000019,240,187,53
116000020,226,959,-733
116000021,190,206,-16
116000022,135,458,-323
116000023,501,416,85
116000024,435,1312,-877
116000025,490,417,73
116000026,1295,1745,-450
116000027,269,322,-53
116000028,232,311,-79
116000029,550,340,210
116000030,228,276,-48
116000031,89,173,-84
116000032,213,170,43
116000033,138,420,-282
116000034,234,657,-423
116000035,175,275,-100
116000036,1405,357,1048
116000037,535,412,123
116000038,540,257,283
116000039,619,167,452
116000040,920,234,686
116000041,299,336,-37
116000042,279,204,75
116000043,70,411,-341
116000044,11,115,-104
116000045,1044,734,310
116000046,682,603,79
116000047,1324,1232,92
116000048,1323,1092,231
116000049,574,1194,-620
116000050,796,830,-34
116000051,1882,1085,797
116000052,2200,2355,-155
116000053,893,784,109
116000054,414,1367,-953
116000055,194,853,-659
116000056,355,773,-418
116000057,1427,1412,15
116000058,1627,1129,498
116000059,1487,2851,-1364
116000060,2138,549,1589
116000061,340,534,-194
116000062,628,181,447
116000063,374,818,-444
116000066,86,341,-255
116000067,159,448,-289
116000068,124,168,-44
116000069,139,334,-195
116000078,201,802,-601
116000080,757,741,16
116000082,8,113,-105
116000083,690,232,458
116000084,1719,3460,-1741
116000085,1204,719,485
116000086,1977,1212,765
116000087,750,794,-44
116000088,495,990,-495
116000089,100,74,26
116000090,81,131,-50
116000091,116,95,21
116000093,252,705,-453
116000094,250,560,-310
116000095,367,604,-237
116000096,322,793,-471
116000097,240,576,-336
116000098,322,2189,-1867
116000099,8100,257,7843
116000100,56,4,52
116000101,269,1566,-1297
116000102,134,1233,-1099
116000103,266,191,75
116000104,83,1601,-1518
116000105,406,142,264
116000106,141,1084,-943
116000107,513,327,186
116000108,21,144,-123
116000111,55,8,47
116000113,44,29,15
116000114,28,119,-91
116000115,86,47,39
116000116,112,493,-381
116000117,770,1874,-1104
116000118,791,1352,-561
116000119,1290,1358,-68
116000120,1957,3934,-1977
116000121,343,248,95
116000122,1004,2288,-1284
116000123,283,370,-87
116000124,193,1020,-827
116000125,1200,397,803
116000126,132,1317,-1185
116000127,855,1376,-521
116000128,676,478,198
116000129,506,124,382
116000130,146,145,1
116000133,245,747,-502
116000134,1004,2631,-1627
116000135,726,955,-229
116000136,640,2396,-1756
116000137,363,416,-53
116000138,801,314,487
116000139,1149,1974,-825
116000140,66,187,-121
116000141,270,865,-595
116000142,3222,4133,-911
116000143,1321,960,361
116000144,838,3030,-2192
116000145,994,1200,-206
116000146,172,414,-242
116000147,200,74,126
116000148,169,292,-123
116000149,254,353,-99
116000151,376,1159,-783
116000153,42,469,-427
116000155,234,230,4
116000156,314,1017,-703
116000157,15,22,-7
116000158,176,222,-46
116000159,7,19,-12
116000160,5,98,-93
116000161,4,100,-96
116000162,15,39,-24
116000163,5,9,-4
116000164,3,10,-7
116000177,13,69,-56
116000194,35,262,-227
116000195,1137,512,625
116000196,0,4,-4
116000197,2,10,-8
116000198,2157,628,1529
116000200,524,146,378
116000201,366,467,-101
116000202,7,242,-235
116000203,0,63,-63
116000204,10,41,-31
116000205,1,138,-137
116000206,3,76,-73
116000207,1,25,-24
116000233,74,653,-579
116000287,57,526,-469
116000288,72,194,-122
116000292,18,120,-102
116000296,14,244,-230
116000297,38,15,23
116000304,27,29,-2
116000305,6,58,-52
116000346,86,154,-68
116000352,121,30,91
116000354,47,9,38
116000357,4,1,3
116000358,73,52,21
116000361,386,4,382
116000372,8151,1789,6362
116000381,41,0,41
116000388,0,23,-23
116000389,327,411,-84
116000445,145,825,-680
116000446,170,1013,-843
116000447,8,400,-392
116000448,461,225,236
116000563,487,399,88
116000565,58,340,-282
116000568,33,104,-71
116000579,14,70,-56
116000584,7,8,-1
116000585,8,8,0
116000586,138,66,72
116000587,125,330,-205
116000589,39,65,-26
116000590,41,47,-6
116000591,53,230,-177
116000592,12,124,-112
116000593,0,77,-77
116000594,173,504,-331
116000595,257,104,153
116000596,28,2,26
116000597,109,28,81
116000598,4,153,-149
116000605,182,120,62
116000606,22,123,-101
116000607,9,57,-48
116000609,154,543,-389
116000611,46,496,-450
116000612,472,1387,-915
116000613,159,218,-59
116000614,334,788,-454
116000615,2,65,-63
116000616,16,92,-76
116000617,31,97,-66
116000618,2,164,-162
116000619,3,29,-26
116000620,31,41,-10
116000621,13,77,-64
116000622,19,107,-88
116000624,28,46,-18
116000627,38,69,-31
116000628,23,1412,-1389
116000629,19,652,-633
116000630,131,76,55
116000631,95,81,14
116000632,257,150,107
116000633,50,385,-335
116000634,131,287,-156
116000635,2865,1084,1781
116000636,1580,707,873
116000637,151,102,49
116000638,46,571,-525
116000640,4,7,-3
116000641,88,158,-70
116000644,15,1340,-1325
116900001,128,103,25
116900002,233,1,232
116900003,27,66,-39
116900004,26,38,-12
116900005,105,50,55
116900006,127,73,54
116900007,42,102,-60
116900008,170,457,-287
116900009,3,2,1
116900010,4,1432,-1428
116900011,1,19,-18
116900012,58,154,-96
116900013,6,174,-168
116900014,39,431,-392
116900015,92,65,27
116900016,49,0,49
116900017,2,669,-667
116900018,20,20,0
116900019,2,324,-322
116900020,1497,265,1232
116900023,17,5,12
116900024,171,84,87
116900025,231,1044,-813
116900026,172,623,-451
116900027,5,46,-41
116900028,4,84,-80
116900029,0,16,-16
116900031,1,13,-12
116900032,2,386,-384
116900033,4,12,-8
116900034,5,65,-60
116900035,86,136,-50
116900036,0,90,-90
116900038,1,1,0
116900041,27,16,11
116900042,876,157,719
116900043,2,38,-36
116900047,89,30,59
116900049,26,269,-243
116900050,67,306,-239
116900051,20,288,-268
116900052,109,82,27
116900055,0,2,-2
116900057,4,267,-263
116900058,5,312,-307
116900059,2,166,-164
116900060,119,185,-66
116900062,1,4,-3
116900064,43,938,-895
116900065,4,64,-60
116900067,31,93,-62
116900068,73,284,-211
116900070,0,3,-3
116900072,11,412,-401
116900073,0,163,-163
116900074,4,34,-30
116900076,6,24,-18
116900077,7,196,-189
116900078,197,125,72
116900079,18,344,-326
116900080,1,8,-7
116900081,277,1327,-1050
116900082,148,598,-450
116900083,34,49,-15
116900084,160,43,117
116900085,17,114,-97
116900086,15,240,-225
116900088,217,31,186
116900090,102,55,47
116900091,74,65,9
116900092,37,802,-765
116900093,1269,1600,-331
116900094,4812,1779,3033
116900095,310,147,163
116900096,53,80,-27
116900097,3376,1226,2150
116900098,737,145,592
116900099,347,233,114
116900100,340,7,333
116900101,186,527,-341
116900103,13,1,12
116900104,22,46,-24
116900105,149,33,116
116900106,594,494,100
116900107,3497,747,2750
116900110,11,1,10
116900111,143,1162,-1019
116900112,97,1056,-959
116900113,3009,702,2307
116900116,77,167,-90
116900117,6,76,-70
116900118,907,466,441
116900120,54,90,-36
116900121,25,34,-9
116900122,199,839,-640
116900123,44,866,-822
116900124,97,693,-596
116900125,107,216,-109
116900126,154,421,-267
116900128,0,53,-53
116900129,1,246,-245
116900130,841,1193,-352
116900131,32,73,-41
116900132,16,38,-22
116900133,36,79,-43
116900134,84,167,-83
116900136,52,135,-83
116900137,169,174,-5
116900138,75,166,-91
116900139,62,336,-274
116900140,57,114,-57
116900141,248,234,14
116900142,0,12,-12
116900143,95,388,-293
116900144,2,29,-27
116900145,70,318,-248
116900147,486,212,274
116900148,4,21,-17
116900149,11,75,-64
116900150,4,5,-1
116900151,65,5,60
116900153,49,39,10
116900154,471,116,355
116900155,23,33,-10
116900157,130,280,-150
116900158,91,63,28
116900159,16,178,-162
116900160,432,138,294
116900161,6895,2364,4531
116900162,9,200,-191
116900163,41,163,-122
116900164,44,19,25
116900165,116,64,52
116900166,11,99,-88
116900167,170,44,126
116900168,93,95,-2
116900169,678,129,549
116900170,117,162,-45
116900171,9,183,-174
116900172,201,68,133
116900173,42,34,8
116900174,8,21,-13
116900175,139,59,80
116900178,16,156,-140
116900179,62,76,-14
116900180,43,15,28
116900182,187,144,43
116900183,77,56,21
116900185,5,14,-9
116900186,56,314,-258
116900187,9,15,-6
116900188,50,10,40
116900189,17,2,15
116900191,253,187,66
116900192,101,124,-23
116900194,36,431,-395
116900195,13,5,8
116900196,16,105,-89
116900197,30,1,29
116900198,257,134,123
116900200,26,37,-11
116900201,32,4,28
116900202,85,38,47
116900203,40,3,37
116900204,39,79,-40
116900206,4,28,-24
116900207,42,20,22
116900208,8,115,-107
116900209,10,102,-92
116900210,233,147,86
116900211,99,13,86
116900212,9,52,-43
116900213,190,183,7
116900214,38,105,-67
116900215,12,71,-59
116900216,129,276,-147
116900218,4,237,-233
116900219,486,207,279
116900220,37,103,-66
116900221,32,169,-137
116900222,154,131,23
116900223,61,95,-34
116900226,46,50,-4
116900227,66,41,25
116900228,128,256,-128
116900230,41,355,-314
116900231,6,456,-450
116900232,5,503,-498
116900233,83,74,9
116900234,9,0,9
116900235,89,291,-202
116900238,1118,309,809
116900239,15,641,-626
116900240,4999,1799,3200
116900241,15,117,-102
116900242,1603,210,1393
116900243,3,56,-53
116900245,25,6,19
116900246,22,5,17
116900247,190,8,182
116900248,49,14,35
116900249,87,84,3
116900250,101,26,75
116900251,401,105,296
116900252,41,889,-848
116900253,51,67,-16
116900254,6,77,-71
116900255,35,24,11
116900256,104,46,58
116900257,4,607,-603
116900258,1,362,-361
116900259,53,2,51
116900260,2,140,-138
116900261,10,0,10
116900262,42,101,-59
116900263,1,5,-4
116900264,27,31,-4
116900265,15,0,15
116900266,8,78,-70
116900267,1,1,0
116900268,6,5,1
116900269,181,373,-192
116900271,1402,53,1349
116900272,384,472,-88
116900273,264,54,210
116900274,32,61,-29
116900275,62,92,-30
116900276,627,37,590
116900277,459,9,450
116900278,1,8,-7
116900279,1,11,-10
116900280,2,14,-12
116900281,6248,1469,4779
116900282,2,163,-161
116900283,14,122,-108
116900284,26,173,-147
116900285,317,274,43
116900286,160,5,155
116900287,3,79,-76
116900288,18,151,-133
116900289,8,31,-23
116900290,1,30,-29
116900291,2,20,-18
116900292,0,7,-7
116900293,14,62,-48
116900294,28,94,-66
116900295,156,48,108
116900296,49,74,-25
116900297,2,54,-52
116900298,86,27,59
116900299,48,51,-3
116900300,2,116,-114
116900301,71,66,5
116900302,62,35,27
116900303,519,28,491
116900304,0,103,-103
116900305,26,59,-33
116900306,55,203,-148
116900307,28,5,23
116900308,1,244,-243
116900309,12,162,-150
117000001,905,822,83
117000002,1302,3445,-2143
117000003,5080,1896,3184
117000004,3481,4553,-1072
117000005,1027,1024,3
117000006,828,3815,-2987
117000007,1824,810,1014
117000008,1071,4256,-3185
117000009,2918,1120,1798
117000010,2132,4057,-1925
117000011,874,1431,-557
117000012,782,1694,-912
117000013,827,1003,-176
117000014,696,2356,-1660
117000015,2129,911,1218
117000016,479,57,422
117000017,504,148,356
117000018,178,243,-65
117000019,222,19,203
117000020,738,724,14
117000021,3588,540,3048
117000022,614,42,572
117000023,822,141,681
117000024,577,50,527
117000025,1095,587,508
117000026,3006,656,2350
117000027,3564,903,2661
117000028,4354,416,3938
117000030,1104,453,651
117000031,360,214,146
117000032,1694,1171,523
117000033,999,589,410
117000034,304,266,38
117000035,270,167,103
117000036,313,291,22
117000037,205,149,56
117000038,220,485,-265
117000039,288,210,78
117000040,83,1363,-1280
117000041,328,79,249
117000044,24,1244,-1220
117000045,303,48,255
117000046,437,919,-482
117000047,459,281,178
117000048,1839,1387,452
117000049,100,308,-208
117000050,92,2641,-2549
117000051,1044,85,959
117000052,8,645,-637
117000053,104,88,16
117000054,943,3,940
117000055,11,3287,-3276
117000056,305,14,291
117000057,496,1905,-1409
117000060,329,1477,-1148
117000061,1008,604,404
117000062,128,512,-384
117000063,975,452,523
117000064,660,869,-209
117000066,832,658,174
117000067,124,250,-126
117000074,121,158,-37
117000076,50,30,20
117000077,75,81,-6
117000078,107,524,-417
117000079,162,102,60
117000080,0,400,-400
117000081,564,85,479
117000082,11,53,-42
117000083,93,12,81
117000084,241,0,241
117000085,101,391,-290
117000086,931,650,281
117000087,83,534,-451
117000088,125,161,-36
117000089,921,341,580
117000090,179,1432,-1253
117000091,348,239,109
117000092,243,1648,-1405
117000093,527,526,1
117000094,597,2607,-2010
117000095,1538,589,949
117000096,389,2535,-2146
117000097,646,932,-286
117000098,2400,5363,-2963
117000099,1479,613,866
117000100,68,113,-45
117000101,163,1303,-1140
117000102,907,434,473
117000103,632,1731,-1099
117000104,734,382,352
117000105,691,1655,-964
117000106,610,654,-44
117000107,335,1939,-1604
117000108,879,717,162
117000109,1445,2648,-1203
117000110,813,522,291
117000111,3065,4181,-1116
117000112,1748,1683,65
117000113,66,295,-229
117000114,80,111,-31
117000115,26,164,-138
117000116,56,209,-153
117000117,1157,327,830
117000118,284,130,154
117000119,618,51,567
117000120,519,81,438
117000121,272,378,-106
117000122,600,743,-143
117000123,1597,10,1587
117000124,886,16,870
117000125,426,35,391
117000126,73,21,52
117000127,227,262,-35
117000128,419,501,-82
117000129,569,254,315
117000130,67,0,67
117000131,0,262,-262
117000132,724,40,684
117000133,462,170,292
117000134,0,59,-59
117000135,3,18,-15
117000136,1,56,-55
117000137,35,43,-8
117000138,2,589,-587
117000140,389,1385,-996
117000141,1019,456,563
117000181,830,395,435
117000182,280,126,154
117000195,139,1330,-1191
117000196,61,60,1
117000225,240,6,234
117000226,9,137,-128
117000276,71,4,67
117000277,1,635,-634
117000310,2026,2469,-443
117000315,48,859,-811
117000320,60,0,60
117000906,132,11,121
117000907,5,466,-461
117000909,103,16,87
117000910,87,78,9
117000911,75,207,-132
117000915,4,622,-618
117000916,8,1,7
117000917,346,16,330
117000918,17,34,-17
117000919,12,166,-154
117000920,4,1644,-1640
117000921,4,2405,-2401
117000922,33,153,-120
117000924,260,518,-258
117000926,1197,87,1110
117000927,2235,292,1943
117000928,2,275,-273
117000929,63,619,-556
117000930,62,11,51
117000931,840,62,778
117900002,110,301,-191
117900003,741,271,470
117900005,5,4,1
117900006,0,29,-29
117900007,51,160,-109
117900008,0,18,-18
117900010,253,135,118
117900011,38,4,34
117900012,40,263,-223
117900013,1,304,-303
117900014,344,223,121
117900015,17,225,-208
117900016,1107,355,752
117900017,402,613,-211
117900018,187,36,151
117900019,236,601,-365
117900020,27,167,-140
117900021,49,122,-73
117900022,14,4,10
117900023,653,165,488
117900024,74,158,-84
117900025,11,6,5
117900026,152,526,-374
117900028,69,6,63
117900029,148,1080,-932
117900030,142,131,11
117900031,201,105,96
117900032,366,300,66
117900033,101,966,-865
117900034,57,70,-13
117900035,75,30,45
117900036,151,686,-535
117900037,30,114,-84
117900038,8,431,-423
117900039,1,73,-72
117900040,68,601,-533
117900041,1,34,-33
117900042,4092,384,3708
117900043,28,60,-32
117900044,66,2750,-2684
117900045,99,66,33
117900048,105,299,-194
117900049,78,818,-740
117900050,4,33,-29
117900051,39,0,39
117900052,35,168,-133
117900053,585,592,-7
117900054,0,11,-11
117900055,142,258,-116
117900056,553,25,528
117900057,533,1000,-467
117900058,140,12,128
117900059,248,50,198
117900060,545,4822,-4277
117900061,9,197,-188
117900063,178,239,-61
117900065,480,899,-419
117900066,3,27,-24
117900067,211,371,-160
117900069,361,481,-120
117900070,309,3,306
117900071,98,126,-28
117900073,176,407,-231
117900074,200,6,194
117900075,33,70,-37
117900076,8,41,-33
117900077,118,85,33
117900078,135,282,-147
117900080,137,38,99
117900081,442,349,93
117900082,169,150,19
117900083,169,708,-539
117900086,48,51,-3
117900087,24,23,1
117900088,1948,1516,432
117900089,744,255,489
117900090,274,930,-656
117900091,142,95,47
117900092,39,44,-5
117900093,17,67,-50
117900094,9,2,7
117900095,322,739,-417
117900096,33,170,-137
117900097,35,59,-24
117900098,8,1,7
117900099,81,457,-376
117900100,69,1,68
117900101,281,645,-364
117900102,23,60,-37
117900103,10,0,10
117900104,21,192,-171
117900105,115,159,-44
117900106,41,55,-14
117900107,14,0,14
117900109,198,190,8
117900110,16,0,16
117900111,124,5,119
117900112,34,8,26
117900113,3094,1205,1889
117900114,6,0,6
117900115,344,20,324
117900116,741,616,125
117900117,153,258,-105
117900118,6,0,6
117900119,53,253,-200
117900120,45,122,-77
117900121,28,12,16
117900122,861,1040,-179
117900123,472,884,-412
117900124,336,494,-158
117900125,802,650,152
117900126,215,493,-278
117900127,214,639,-425
117900128,146,881,-735
117900129,14,0,14
117900130,678,319,359
117900131,1,97,-96
117900132,21,93,-72
117900133,0,117,-117
117900134,31,141,-110
117900135,19,238,-219
117900136,0,58,-58
117900137,12,352,-340
117900138,1,60,-59
117900139,25,154,-129
117900140,5048,174,4874
117900141,187,221,-34
117900142,178,12,166
117900144,104,123,-19
117900145,75,4,71
117900146,150,84,66
117900147,33,46,-13
117900148,2374,725,1649
117900149,16,187,-171
117900150,13,70,-57
117900151,22,157,-135
117900152,162,79,83
117900153,10,90,-80
117900154,290,612,-322
117900156,600,728,-128
117900157,30,398,-368
117900158,62,63,-1
117900160,252,222,30
117900161,1871,2209,-338
117900162,202,299,-97
117900163,84,11,73
117900165,0,9,-9
117900166,55,153,-98
117900168,46,138,-92
117900169,0,76,-76
117900170,1,20,-19
117900171,0,13,-13
117900172,8,21,-13
117900173,87,42,45
117900174,25,31,-6
117900175,1,16,-15
117900176,3,38,-35
117900177,1,32,-31
117900178,58,28,30
117900180,157,48,109
117900181,94,133,-39
117900182,0,8,-8
117900183,18,93,-75
117900184,0,37,-37
117900185,15,21,-6
117900186,13,10,3
117900187,4,3,1
117900188,112,19,93
117900189,24,17,7
117900190,7,0,7
117900191,53,1,52
117900192,76,1,75
117900193,0,22,-22
117900194,8,6,2
117900195,4,11,-7
117900196,10,17,-7
117900207,91,69,22
117900208,10,24,-14
117900209,112,106,6
117900210,88,131,-43
117900211,3,142,-139
117900212,61,118,-57
117900213,5,2,3
117900214,0,60,-60
117900215,3,51,-48
117900216,63,8,55
117900217,242,40,202
117900218,311,255,56
117900219,10,27,-17
117900220,92,52,40
117900222,112,199,-87
117900223,81,165,-84
118000001,571,370,201
118000002,1118,1395,-277
118000003,1535,1111,424
118000004,2682,1730,952
118000005,4498,1556,2942
118000006,6233,5300,933
118000007,5027,1931,3096
118000008,4409,2113,2296
118000009,1542,1726,-184
118000010,1721,2858,-1137
118000011,520,2134,-1614
118000012,686,2463,-1777
118000013,2390,2412,-22
118000014,1397,2697,-1300
118000016,137,428,-291
118000017,172,243,-71
118000018,128,528,-400
118000019,1302,1035,267
118000020,756,965,-209
118000021,496,1242,-746
118000022,1304,429,875
118000023,775,193,582
118000024,1171,534,637
118000027,14526,4708,9818
118000029,791,356,435
118000032,1306,1425,-119
118000033,1826,1675,151
118000034,3466,1376,2090
118000035,1154,1096,58
118000036,828,766,62
118000037,377,596,-219
118000038,69,104,-35
118000039,53,407,-354
118000040,995,2018,-1023
118000041,1512,1267,245
118000045,508,57,451
118000046,1650,388,1262
118000047,1424,400,1024
118000048,2910,829,2081
118000051,1671,530,1141
118000052,988,306,682
118000053,450,355,95
118000054,2463,1113,1350
118000055,1822,1291,531
118000056,193,152,41
118000057,214,271,-57
118000058,2545,859,1686
118000059,1617,556,1061
118000060,483,524,-41
118000061,445,1035,-590
118000062,572,135,437
118000063,241,337,-96
118000064,781,839,-58
118000065,4364,1099,3265
118000066,673,798,-125
118000067,911,523,388
118000068,1433,2575,-1142
118000069,3137,782,2355
118000070,6610,1089,5521
118000071,3109,3381,-272
118000072,1608,779,829
118000073,2514,394,2120
118000074,314,480,-166
118000075,675,183,492
118000076,1042,934,108
118000077,1030,839,191
118000078,1355,1117,238
118000079,197,258,-61
118000080,914,615,299
118000081,1148,809,339
118000082,202,535,-333
118000083,1698,844,854
118000084,1942,1064,878
118000086,160,414,-254
118000087,5813,1883,3930
118000088,1593,1369,224
118000089,3242,1796,1446
118000090,1668,1901,-233
118000091,1091,1347,-256
118000092,1069,306,763
118000093,131,433,-302
118000096,300,392,-92
118000097,423,462,-39
118000098,197,134,63
118000099,180,752,-572
118000101,434,309,125
118000102,258,1348,-1090
118000107,3021,292,2729
118000108,432,876,-444
118000110,1,25,-24
118000111,0,532,-532
118000112,128,1,127
118000113,6,1017,-1011
118000114,73,1,72
118000115,13,13,0
118000116,51,2,49
118000117,1042,693,349
118000118,594,566,28
118000119,466,736,-270
118000120,1150,1223,-73
118000121,60,457,-397
118000122,882,157,725
118000123,35,246,-211
118000125,1245,865,380
118000126,484,1057,-573
118000127,1290,576,714
118000128,499,917,-418
118000129,486,186,300
118000130,2142,3155,-1013
118000131,459,782,-323
118000132,1590,1125,465
118000133,339,370,-31
118000135,258,235,23
118000136,83,496,-413
118000137,462,79,383
118000138,150,738,-588
118000139,105,83,22
118000140,1439,2011,-572
118000141,1093,1711,-618
118000142,840,1649,-809
118000143,807,675,132
118000144,1099,788,311
118000145,813,2287,-1474
118000146,548,1025,-477
118000147,419,1529,-1110
118000148,303,1002,-699
118000149,410,933,-523
118000150,145,269,-124
118000151,118,320,-202
118000153,501,867,-366
118000154,544,1215,-671
118000155,476,915,-439
118000156,1710,1466,244
118000157,271,293,-22
118000158,93,339,-246
118000159,6,24,-18
118000160,266,263,3
118000161,150,642,-492
118000162,536,573,-37
118000163,273,478,-205
118000164,1605,1035,570
118000168,1046,138,908
118000169,649,1557,-908
118000170,2775,5317,-2542
118000171,178,496,-318
118000172,97,229,-132
118000173,552,715,-163
118000175,149,219,-70
118000176,132,244,-112
118000177,121,355,-234
118000178,76,32,44
118000179,948,337,611
118000180,394,500,-106
118000181,445,204,241
118000182,161,150,11
118000183,158,173,-15
118000184,343,676,-333
118000185,449,426,23
118000186,285,540,-255
118000187,472,699,-227
118000188,244,155,89
118000189,120,694,-574
118000190,4,7,-3
118000191,15,17,-2
118000192,96,100,-4
118000193,56,219,-163
118000194,1371,586,785
118000195,845,353,492
118000196,376,73,303
118000197,305,78,227
118000198,569,321,248
118000199,634,270,364
118000200,124,193,-69
118000201,448,253,195
118000202,29,31,-2
118000203,1430,242,1188
118000204,171,184,-13
118000205,290,226,64
118000206,98,163,-65
118000207,1,104,-103
118000208,707,1206,-499
118000209,886,1557,-671
118000210,25,14,11
118000211,14,17,-3
118000213,603,529,74
118000214,491,282,209
118000215,129,304,-175
118000216,864,2998,-2134
118000217,6,76,-70
118000218,18,92,-74
118000219,373,287,86
118000220,0,8,-8
118000221,51,176,-125
118000222,34,43,-9
118000223,16,19,-3
118000224,143,76,67
118000225,94,751,-657
118000226,702,93,609
118000227,668,227,441
118000228,130,107,23
118000229,251,30,221
118000230,50,251,-201
118000231,28,164,-136
118000232,334,774,-440
118000233,446,577,-131
118000234,133,217,-84
118000236,133,424,-291
118000237,26,513,-487
118000238,81,301,-220
118000239,167,173,-6
118000240,450,42,408
118000241,97,141,-44
118000242,150,549,-399
118000243,53,150,-97
118000244,13,178,-165
118000246,0,3,-3
118000255,52,195,-143
118000256,97,200,-103
118000259,5,35,-30
118000260,41,84,-43
118000261,25,46,-21
118000263,50,183,-133
118000266,54,419,-365
118000267,0,66,-66
118000268,233,4,229
118000270,32,29,3
118000271,137,216,-79
118000272,22,15,7
118000273,48,40,8
118000274,99,336,-237
118000276,152,219,-67
118000295,0,50,-50
118000298,83,380,-297
118000299,50,183,-133
118000301,0,47,-47
118000302,39,90,-51
118000311,124,101,23
118000312,122,140,-18
118000313,20,120,-100
118000314,38,69,-31
118000315,9,53,-44
118000316,288,442,-154
118000325,15,71,-56
118000326,23,22,1
118000331,12,29,-17
118000332,12,36,-24
118000333,13,44,-31
118000335,111,0,111
118000336,1,413,-412
118000407,56,45,11
118000457,2,41,-39
118000465,3696,2027,1669
118000480,19,114,-95
118000489,33,92,-59
118000490,55,352,-297
118000492,124,148,-24
118000510,66,4,62
118000514,113,245,-132
118000515,500,315,185
118000517,306,144,162
118000524,563,151,412
118000525,489,635,-146
118000530,4,90,-86
118000531,79,201,-122
118000532,88,188,-100
118000533,227,126,101
118000534,369,246,123
118000535,119,65,54
118000536,654,409,245
118000537,8,44,-36
118000538,15,62,-47
118000539,2,25,-23
118000540,165,206,-41
118000541,121,76,45
118000542,68,107,-39
118000543,160,99,61
118000546,32,9,23
118000553,0,3,-3
118000560,2725,545,2180
118000562,17,381,-364
118000563,1271,1000,271
118000576,96,195,-99
118000577,129,118,11
118000578,112,119,-7
118000579,596,713,-117
118000583,21,22,-1
118000595,49,48,1
118000596,0,52,-52
118000597,64,148,-84
118000598,3,0,3
118000599,46,22,24
118000600,1,9,-8
118000601,5,0,5
118000602,1,0,1
118000603,0,39,-39
118000605,38,446,-408
118900001,935,614,321
118900002,806,423,383
118900003,98,8,90
118900004,10,38,-28
118900005,39,0,39
118900006,63,2,61
118900007,2,4,-2
118900008,670,40,630
118900009,19,11,8
118900010,47,3,44
118900011,45,10,35
118900012,199,145,54
118900013,538,34,504
118900015,60,19,41
118900016,0,20,-20
118900017,137,169,-32
118900018,1121,11,1110
118900019,44,3,41
118900020,122,71,51
118900021,102,267,-165
118900022,53,90,-37
118900023,59,89,-30
118900024,32,240,-208
118900025,33,13,20
118900026,18,106,-88
118900027,332,220,112
118900028,41,102,-61
118900029,95,435,-340
118900030,106,46,60
118900031,38,116,-78
118900032,67,173,-106
118900033,224,679,-455
118900034,50,8,42
118900035,65,274,-209
118900036,433,533,-100
118900037,196,323,-127
118900038,138,305,-167
118900039,143,217,-74
118900040,92,89,3
118900041,154,132,22
118900042,81,65,16
118900045,144,114,30
118900046,611,106,505
118900047,652,120,532
118900048,109,148,-39
118900049,27,22,5
118900050,6,79,-73
118900051,61,41,20
118900052,108,218,-110
118900053,11,42,-31
118900054,26,83,-57
118900055,23,113,-90
118900056,96,116,-20
118900057,215,197,18
118900058,239,435,-196
118900059,25,68,-43
118900060,29,78,-49
118900062,82,207,-125
118900064,509,332,177
118900065,14,101,-87
118900066,31,102,-71
118900067,4738,1590,3148
118900068,1,151,-150
118900069,177,200,-23
118900071,2,28,-26
118900072,229,324,-95
118900073,25,109,-84
118900074,46,134,-88
118900075,13,44,-31
118900076,163,67,96
118900077,113,142,-29
118900078,18,12,6
118900079,43,159,-116
118900080,8,53,-45
118900081,40,20,20
118900082,401,115,286
118900083,11,11,0
118900084,16,15,1
118900085,276,745,-469
118900086,5,57,-52
118900087,17,122,-105
118900088,0,12,-12
118900089,24,10,14
118900090,197,329,-132
118900091,115,141,-26
118900092,53,61,-8
118900093,83,4,79
118900096,43,56,-13
118900097,110,741,-631
118900099,15,225,-210
118900100,111,167,-56
118900101,18,448,-430
118900102,7,50,-43
118900103,11,30,-19
118900104,43,112,-69
118900105,59,45,14
118900107,94,38,56
118900108,45,67,-22
118900110,1342,334,1008
118900111,163,640,-477
118900112,14,82,-68
118900113,43,461,-418
118900114,14,78,-64
118900115,46,191,-145
118900116,46,86,-40
118900117,59,108,-49
118900118,132,338,-206
118900119,49,266,-217
118900120,43,173,-130
118900121,6,235,-229
118900122,2,238,-236
118900123,63,128,-65
118900124,28,114,-86
118900126,36,132,-96
118900129,147,99,48
118900130,54,70,-16
118900131,39,207,-168
118900132,192,123,69
118900133,9,45,-36
118900135,58,163,-105
118900136,156,629,-473
118900137,2,12,-10
118900139,103,511,-408
118900140,273,606,-333
118900141,31,274,-243
118900144,68,541,-473
118900145,10,151,-141
118900146,128,577,-449
118900147,142,98,44
118900148,15,47,-32
118900150,130,332,-202
118900152,201,796,-595
118900157,118,104,14
118900158,29,126,-97
118900159,0,170,-170
118900161,60,9,51
118900163,183,35,148
118900164,6,61,-55
118900165,19,218,-199
118900166,50,2,48
118900167,12,111,-99
118900168,5,24,-19
118900169,67,328,-261
118900170,27,84,-57
118900171,5,10,-5
118900174,25,47,-22
118900175,117,260,-143
118900176,26,120,-94
118900177,18,46,-28
118900178,28,50,-22
118900179,0,20,-20
118900181,74,93,-19
118900182,44,24,20
118900183,1,43,-42
118900184,88,19,69
118900185,28,78,-50
118900186,43,58,-15
118900187,87,218,-131
118900188,122,211,-89
118900189,11,258,-247
118900190,4,477,-473
118900191,50,55,-5
118900192,59,35,24
118900193,107,4,103
118900195,287,818,-531
118900196,10,145,-135
118900197,36,86,-50
118900198,3,53,-50
118900199,23,73,-50
118900200,6,4,2
118900201,11,5,6
118900202,8,37,-29
118900203,4,37,-33
118900204,0,18,-18
118900205,1,12,-11
118900206,2,40,-38
119000001,633,809,-176
119000002,1389,2047,-658
119000003,696,1315,-619
119000004,911,1090,-179
119000005,1218,1252,-34
119000006,1046,1144,-98
119000007,1770,2152,-382
119000008,1047,1778,-731
119000009,2217,1686,531
119000010,6346,2846,3500
119000011,4149,1550,2599
119000012,3729,2394,1335
119000013,1447,860,587
119000014,1629,2676,-1047
119000019,132,109,23
119000020,727,907,-180
119000021,1635,1318,317
119000022,2561,944,1617
119000023,187,158,29
119000024,1689,4300,-2611
119000025,9545,975,8570
119000026,184,201,-17
119000027,309,292,17
119000028,1496,883,613
119000029,79,178,-99
119000030,274,905,-631
119000031,390,653,-263
119000032,1528,1748,-220
119000033,1192,1352,-160
119000034,670,926,-256
119000035,13,358,-345
119000036,629,1025,-396
119000037,698,2125,-1427
119000038,69,1239,-1170
119000039,79,259,-180
119000040,822,310,512
119000041,716,844,-128
119000048,2778,3777,-999
119000049,884,3384,-2500
119000050,1192,2097,-905
119000051,1187,744,443
119000052,1552,2485,-933
119000053,1174,906,268
119000054,2001,3522,-1521
119000055,1700,3198,-1498
119000056,1202,1744,-542
119000057,985,2153,-1168
119000058,1258,1925,-667
119000059,607,1349,-742
119000060,660,589,71
119000061,482,736,-254
119000062,636,962,-326
119000063,181,206,-25
119000064,930,1440,-510
119000065,1217,2344,-1127
119000066,978,693,285
119000067,1250,2292,-1042
119000068,790,818,-28
119000069,887,2121,-1234
119000070,1049,975,74
119000071,342,776,-434
119000072,5194,2855,2339
119000073,3400,3797,-397
119000074,531,3317,-2786
119000075,516,2084,-1568
119000076,293,715,-422
119000077,346,362,-16
119000078,126,211,-85
119000079,38,602,-564
119000080,105,201,-96
119000081,69,247,-178
119000082,202,216,-14
119000083,210,232,-22
119000084,142,423,-281
119000085,429,270,159
119000086,168,257,-89
119000087,1341,925,416
119000088,164,203,-39
119000089,36,142,-106
119000090,121,126,-5
119000091,130,172,-42
119000092,509,145,364
119000093,3543,3441,102
119000094,1621,4450,-2829
119000095,818,2552,-1734
119000097,2191,1561,630
119000098,453,1111,-658
119000099,1589,1431,158
119000100,1557,1605,-48
119000101,1482,1727,-245
119000102,444,553,-109
119000103,856,463,393
119000104,2820,1332,1488
119000105,507,737,-230
119000106,158,1783,-1625
119000107,279,416,-137
119000108,165,1365,-1200
119000109,36,178,-142
119000110,188,247,-59
119000111,8,374,-366
119000112,80,74,6
119000113,1793,189,1604
119000114,458,417,41
119000115,83,128,-45
119000116,63,87,-24
119000117,44,214,-170
119000118,2,0,2
119000123,2103,455,1648
119000124,230,178,52
119000125,1333,1043,290
119000126,332,974,-642
119000127,209,799,-590
119000128,12,3,9
119000131,472,1028,-556
119000132,1,2,-1
119000133,0,7,-7
119000134,2186,444,1742
119000135,65,176,-111
119000136,94,272,-178
119000137,93,571,-478
119000138,128,411,-283
119000139,98,237,-139
119000140,74,157,-83
119000284,1154,2276,-1122
119000285,2104,1877,227
119000286,5669,3886,1783
119000287,1013,1723,-710
119000288,1261,1420,-159
119000289,1991,3294,-1303
119000290,117,396,-279
119000291,4,330,-326
119000293,49,134,-85
119000294,28,27,1
119000295,1829,461,1368
119000296,126,71,55
119000299,0,0,0
119000302,3701,1102,2599
119000303,25,104,-79
119000310,0,0,0
119000314,1155,4046,-2891
119000315,0,626,-626
119000316,19,91,-72
119000317,22,447,-425
119900001,107,556,-449
119900002,48,215,-167
119900003,30,1174,-1144
119900004,268,304,-36
119900005,68,164,-96
119900006,118,241,-123
119900007,433,35,398
119900008,10,13,-3
119900009,333,421,-88
119900010,448,732,-284
119900011,17,35,-18
119900012,1,19,-18
119900013,897,403,494
119900014,280,142,138
119900015,63,15,48
119900016,22,96,-74
119900017,9,35,-26
119900018,1226,193,1033
119900019,22,4,18
119900020,46,78,-32
119900021,33,20,13
119900022,89,169,-80
119900023,632,442,190
119900025,64,12,52
119900026,917,62,855
119900027,3,10,-7
119900028,95,23,72
119900029,3,7,-4
119900030,240,254,-14
119900031,10,152,-142
119900033,1361,95,1266
119900034,100,115,-15
119900037,72,46,26
119900038,18,102,-84
119900039,36,1,35
119900040,38,10,28
119900041,23,23,0
119900042,30,102,-72
119900043,17,169,-152
119900044,158,265,-107
119900046,24,49,-25
119900047,78,45,33
119900048,13,48,-35
119900049,40,3,37
119900050,34,28,6
119900051,303,6,297
119900052,9,35,-26
119900053,36,159,-123
119900054,33,4,29
119900055,474,281,193
119900057,49,73,-24
119900058,124,1,123
119900059,52,31,21
119900060,44,2,42
119900061,22,1,21
119900062,5,9,-4
119900063,5,26,-21
119900065,105,0,105
119900066,0,0,0
119900067,20,25,-5
119900068,119,0,119
119900069,41,11,30
119900070,236,5,231
119900071,201,8,193
119900073,1269,266,1003
119900074,10,7,3
119900075,4997,1422,3575
119900076,97,454,-357
119900077,273,1318,-1045
119900078,176,786,-610
119900079,93,325,-232
119900080,176,366,-190
119900081,140,99,41
119900082,511,197,314
119900083,216,72,144
119900084,447,100,347
119900085,142,36,106
119900086,74,843,-769
119900087,175,218,-43
119900088,40,37,3
119900089,2,547,-545
119900090,133,37,96
119900091,20,1016,-996
119900092,3,360,-357
119900093,556,52,504
119900094,22,183,-161
119900095,98,51,47
119900096,9,96,-87
119900097,329,111,218
119900098,9,54,-45
119900099,55,235,-180
119900100,2377,1280,1097
119900101,126,654,-528
119900102,11,281,-270
119900103,20,455,-435
119900104,31,194,-163
119900105,366,745,-379
119900106,9,211,-202
119900107,266,3373,-3107
119900108,1384,555,829
119900109,14,244,-230
119900110,284,613,-329
119900111,29,409,-380
119900112,2620,285,2335
119900113,61,491,-430
119900114,129,1704,-1575
119900115,67,1279,-1212
119900116,90,167,-77
119900117,98,814,-716
119900118,17,1200,-1183
119900119,34,204,-170
119900120,399,586,-187
119900121,115,1311,-1196
119900122,252,403,-151
119900123,108,177,-69
119900124,50,915,-865
119900125,17,442,-425
119900126,4312,164,4148
119900127,2543,814,1729
119900128,161,622,-461
119900129,49,732,-683
119900130,53,243,-190
119900131,9,377,-368
119900132,1,434,-433
119900133,4,22,-18
119900134,1974,225,1749
119900135,1,505,-504
119900136,123,471,-348
119900138,260,502,-242
119900139,1,40,-39
119900140,1,133,-132
119900141,111,239,-128
119900142,5,5,0
119900143,5,140,-135
119900144,2076,200,1876
119900145,42,268,-226
119900146,105,95,10
119900147,1,80,-79
119900148,41,37,4
119900149,1400,1381,19
119900150,146,178,-32
119900151,1060,455,605
119900152,38,405,-367
119900153,45,36,9
119900154,4,406,-402
119900155,6,25,-19
119900156,11,3,8
119900157,15,280,-265
119900158,47,43,4
119900159,7,1756,-1749
119900160,11,208,-197
119900161,107,237,-130
119900162,515,501,14
119900163,130,80,50
119900164,0,1,-1
119900165,44,259,-215
119900166,26,15,11
119900167,71,99,-28
119900168,240,277,-37
119900169,131,176,-45
119900170,79,96,-17
119900171,315,411,-96
119900172,59,20,39
119900173,5,517,-512
119900174,7,248,-241
119900175,470,478,-8
119900177,7,251,-244
119900178,25,146,-121
119900179,38,143,-105
119900180,509,485,24
119900181,16,26,-10
119900182,1,443,-442
119900183,88,982,-894
119900184,2566,459,2107
119900185,15,64,-49
119900186,33,268,-235
119900187,8,523,-515
119900188,24,270,-246
119900189,246,131,115
119900190,34,103,-69
119900191,147,63,84
119900192,3,182,-179
119900193,75,158,-83
119900194,7,25,-18
119900195,9,150,-141
119900196,1598,394,1204
119900197,73,94,-21
119900198,36,451,-415
119900199,74,11,63
119900200,177,446,-269
119900201,337,138,199
119900202,103,78,25
119900203,100,221,-121
119900204,104,265,-161
119900205,174,518,-344
119900206,45,123,-78
119900208,68,82,-14
119900209,240,468,-228
119900210,6,54,-48
119900211,58,10,48
119900212,81,293,-212
119900213,4,48,-44
119900214,5,77,-72
119900215,13,64,-51
119900216,0,95,-95
119900217,1,72,-71
119900218,10,70,-60
119900219,2,129,-127
119900220,4,146,-142
119900221,13,458,-445
119900222,11,307,-296
119900223,20,118,-98
119900224,8,36,-28
119900225,1234,32,1202
119900226,901,898,3
119900227,1198,331,867
119900228,22,187,-165
119900229,200,349,-149
119900230,1021,469,552
119900231,83,170,-87
119900232,108,44,64
119900233,5,1,4
119900234,14,16,-2
119900235,2,15,-13
119900236,11,202,-191
119900237,11,348,-337
119900238,1,108,-107
119900240,38,134,-96
119900241,121,227,-106
119900242,912,682,230
119900244,582,772,-190
119900245,26,83,-57
119900246,168,218,-50
119900247,8,37,-29
119900248,33,41,-8
119900249,112,41,71
119900253,3589,173,3416
119900254,26,161,-135
119900255,34,348,-314
119900256,118,1236,-1118
119900257,11,1,10
119900258,14,4,10
119900259,4,212,-208
119900260,24,0,24
119900261,102,145,-43
119900262,3,310,-307
119900263,709,406,303
119900264,25,225,-200
119900265,69,250,-181
119900266,114,325,-211
119900267,52,290,-238
119900268,67,241,-174
119900269,161,971,-810
119900271,7,62,-55
119900272,49,17,32
119900275,69,18,51
119900276,25,0,25
119900277,4,3,1
119900278,151,41,110
119900279,58,82,-24
119900280,816,193,623
119900281,0,63,-63
119900282,30,21,9
119900283,2,311,-309
119900284,26,128,-102
119900285,7,31,-24
119900286,3,7,-4
119900288,6,65,-59
119900289,0,44,-44
119900290,3,21,-18
119900291,0,35,-35
119900292,34,11,23
119900293,11,22,-11
119900294,9,17,-8
119900295,3,18,-15
119900296,2,65,-63
119900297,0,5,-5
119900298,0,0,0
119900299,11,197,-186
119900300,69,125,-56
119900301,25,4,21
119900302,20,37,-17
119900303,112,132,-20
119900304,29,11,18
119900305,21,78,-57
119900306,21,0,21
119900307,15,100,-85
119900308,1,11,-10
119900309,7,42,-35
119900310,141,336,-195
119900311,18,164,-146
119900312,22,65,-43
119900313,112,265,-153
119900314,48,185,-137
119900315,407,2417,-2010
119900318,2,15,-13
119900319,3,327,-324
119900320,32,701,-669
119900321,14,0,14
119900322,12,27,-15
119900323,3,72,-69
119900324,0,19,-19
119900325,17,228,-211
119900326,98,12,86
120000001,6272,7526,-1254
120000002,1844,3123,-1279
120000003,3098,1755,1343
120000004,2532,2440,92
120000005,4136,1872,2264
120000006,1015,1223,-208
120000007,2877,2168,709
120000008,786,1274,-488
120000009,4522,889,3633
120000010,1268,2963,-1695
120000011,1008,2029,-1021
120000012,1346,2820,-1474
120000013,1842,2523,-681
120000014,442,1419,-977
120000015,2107,1381,726
120000016,2411,2263,148
120000017,1540,1619,-79
120000018,4459,6521,-2062
120000019,592,918,-326
120000020,2461,2084,377
120000021,1644,1537,107
120000022,2278,2842,-564
120000023,753,1513,-760
120000024,1136,2009,-873
120000025,1581,2123,-542
120000026,641,1778,-1137
120000027,999,1527,-528
120000028,390,244,146
120000029,1568,341,1227
120000030,101,563,-462
120000031,1310,3962,-2652
120000032,8020,2925,5095
120000033,1965,1456,509
120000034,1003,1943,-940
120000035,1201,2192,-991
120000036,1867,3453,-1586
120000037,424,746,-322
120000038,9063,2726,6337
120000039,369,956,-587
120000040,55,106,-51
120000041,334,1707,-1373
120000042,1030,4157,-3127
120000043,3338,2672,666
120000044,2404,1106,1298
120000045,2580,971,1609
120000046,1397,1446,-49
120000047,1936,2422,-486
120000048,7320,3089,4231
120000049,2590,2573,17
120000050,2310,4472,-2162
120000051,3199,3804,-605
120000052,13911,2578,11333
120000053,708,4411,-3703
120000054,1123,6845,-5722
120000055,851,4549,-3698
120000056,2242,4647,-2405
120000057,1045,676,369
120000058,312,175,137
120000059,25,968,-943
120000061,52,606,-554
120000062,136,190,-54
120000063,1786,3119,-1333
120000064,198,1463,-1265
120000065,256,1908,-1652
120000066,73,436,-363
120000067,21,590,-569
120000068,97,1219,-1122
120000069,345,1671,-1326
120000070,17,1124,-1107
120000071,115,177,-62
120000072,203,415,-212
120000073,210,75,135
120000074,20,58,-38
120000075,249,175,74
120000076,725,295,430
120000077,830,380,450
120000078,2401,525,1876
120000079,155,515,-360
120000080,102,212,-110
120000081,123,179,-56
120000082,101,236,-135
120000083,109,328,-219
120000084,437,492,-55
120000085,226,352,-126
120000086,236,691,-455
120000087,138,1217,-1079
120000088,351,1246,-895
120000089,636,515,121
120000090,259,427,-168
120000091,453,749,-296
120000092,634,425,209
120000093,170,396,-226
120000094,76,252,-176
120000095,497,677,-180
120000096,127,1219,-1092
120000098,406,938,-532
120000099,182,674,-492
120000100,448,975,-527
120000101,256,401,-145
120000102,241,429,-188
120000103,661,349,312
120000104,1058,217,841
120000105,1275,280,995
120000106,956,302,654
120000107,1436,399,1037
120000108,484,84,400
120000109,562,43,519
120000110,63,979,-916
120000111,75,1504,-1429
120000112,541,4611,-4070
120000113,424,3264,-2840
120000114,617,2881,-2264
120000115,281,2596,-2315
120000116,451,2252,-1801
120000117,1129,1533,-404
120000118,40,37,3
120000119,38,34,4
120000120,29,74,-45
120000121,37,47,-10
120000122,259,249,10
120000123,6413,2773,3640
120000124,212,495,-283
120000125,175,579,-404
120000126,205,646,-441
120000127,1565,619,946
120000128,3279,1631,1648
120000129,222,204,18
120000130,382,661,-279
120000131,190,393,-203
120000134,250,1280,-1030
120000135,112,233,-121
120000137,56,2169,-2113
120000138,242,391,-149
120000139,87,931,-844
120000140,203,540,-337
120000141,85,581,-496
120000142,213,563,-350
120000143,2,97,-95
120000144,14,0,14
120000145,74,1,73
120000146,2069,866,1203
120000149,353,701,-348
120000150,4236,5994,-1758
120000151,332,400,-68
120000152,236,198,38
120000153,120,688,-568
120000154,426,287,139
120000155,57,197,-140
120000156,1433,413,1020
120000157,599,524,75
120000158,435,864,-429
120000159,1348,2035,-687
120000160,1478,1115,363
120000161,749,2422,-1673
120000162,54,206,-152
120000163,222,1725,-1503
120000164,174,482,-308
120000165,198,949,-751
120000166,485,567,-82
120000167,1,22,-21
120000168,1,56,-55
120000169,67,212,-145
120000170,119,116,3
120000171,21,22,-1
120000172,20,19,1
120000173,1888,132,1756
120000174,316,3,313
120000175,505,2,503
120000176,263,48,215
120000177,1228,259,969
120000178,55,0,55
120000179,260,10,250
120000180,247,19,228
120000181,40,57,-17
120000182,55,43,12
120000183,0,154,-154
120000184,112,1030,-918
120000186,56,67,-11
120000187,93,27,66
120000188,190,28,162
120000190,1045,7,1038
120000191,1757,12,1745
120000192,2063,14,2049
120000193,687,1,686
120000195,82,0,82
120000196,188,22,166
120000197,88,106,-18
120000198,82,152,-70
120000199,39,0,39
120000200,41,2,39
120000201,13,12,1
120000202,0,63,-63
120000203,9,369,-360
120000207,2,113,-111
120000208,5,342,-337
120000209,2,132,-130
120000210,134,66,68
120000211,29,0,29
120000212,31,1,30
120000213,65,530,-465
120000214,0,489,-489
120000215,3,195,-192
120000216,24,3,21
120000217,757,1400,-643
120000218,227,1429,-1202
120000219,13,853,-840
120000220,12,3206,-3194
120000225,403,1,402
120000226,132,0,132
120000227,459,21,438
120000228,6808,1458,5350
120000230,96,6,90
120000231,406,2164,-1758
120000233,119,23,96
120000235,102,838,-736
120000236,440,0,440
120000237,3,2345,-2342
120000238,0,110,-110
120000241,851,2955,-2104
120000412,1645,13,1632
120000413,113,518,-405
120000414,31,4,27
120000415,1,197,-196
120000416,23,27,-4
120000417,1,84,-83
120000418,57,17,40
120000419,3,544,-541
120000420,57,26,31
120000421,13641,5495,8146
120000422,191,350,-159
120000423,2,40,-38
120000424,23,195,-172
120000436,107,312,-205
120000437,147,172,-25
120000438,4798,411,4387
120000439,132,228,-96
120000443,80,0,80
120000444,526,533,-7
120000445,1219,1223,-4
120000446,1062,306,756
120000447,88,3,85
120000449,36,11,25
120000450,4,426,-422
120000451,76,202,-126
120000452,52,4,48
120000453,1,399,-398
120000454,53,13,40
120000455,34,61,-27
120000456,2685,1893,792
120000457,1113,1042,71
120000458,441,736,-295
120000459,36,84,-48
120000665,626,150,476
120000668,84,87,-3
120000669,76,456,-380
120000670,195,292,-97
120000671,499,226,273
120000672,77,440,-363
120900001,63,21,42
120900002,185,138,47
120900003,85,22,63
120900004,1,35,-34
120900005,99,1664,-1565
120900006,114,204,-90
120900007,70,149,-79
120900008,77,1169,-1092
120900009,289,41,248
120900010,214,36,178
120900011,308,78,230
120900012,849,627,222
120900013,158,21,137
120900014,145,740,-595
120900015,145,63,82
120900016,298,49,249
120900017,2935,86,2849
120900018,32,356,-324
120900019,315,66,249
120900020,552,503,49
120900021,276,68,208
120900022,31,350,-319
120900023,71,29,42
120900024,1260,385,875
120900025,1852,717,1135
120900026,25,151,-126
120900027,493,71,422
120900028,165,23,142
120900029,81,178,-97
120900030,560,407,153
120900031,78,44,34
120900032,313,168,145
120900033,438,33,405
120900034,30,1284,-1254
120900035,17,51,-34
120900037,46,3,43
120900038,41,115,-74
120900039,44,20,24
120900040,103,3,100
120900041,136,63,73
120900042,105,56,49
120900043,19,7,12
120900044,4,349,-345
120900045,68,147,-79
120900046,179,11,168
120900047,50,30,20
120900048,54,10,44
120900049,144,0,144
120900050,3234,720,2514
120900051,122,147,-25
120900052,194,1,193
120900053,65,72,-7
120900054,969,760,209
120900055,103,3,100
120900056,170,3,167
120900057,76,16,60
120900058,202,0,202
120900059,36,3,33
120900060,18,29,-11
120900061,131,320,-189
120900062,53,2,51
120900063,170,3,167
120900064,147,0,147
120900065,176,0,176
120900066,107,259,-152
120900067,88,15,73
120900068,62,0,62
120900069,76,83,-7
120900071,4,0,4
120900072,218,3,215
120900073,193,183,10
120900074,180,64,116
120900076,94,0,94
120900077,3468,175,3293
120900078,238,869,-631
120900079,218,60,158
120900080,210,2608,-2398
120900081,462,984,-522
120900082,545,211,334
120900083,25,7,18
120900084,103,173,-70
120900085,127,97,30
120900086,128,142,-14
120900087,239,71,168
120900088,86,178,-92
120900089,4800,1115,3685
120900090,42,193,-151
120900091,343,220,123
120900092,822,766,56
120900093,4256,211,4045
120900094,468,204,264
120900095,114,19,95
120900096,12,69,-57
120900097,534,1243,-709
120900098,227,159,68
120900099,42,83,-41
120900100,52,486,-434
120900101,475,366,109
120900102,14,98,-84
120900103,15,158,-143
120900104,11,40,-29
120900105,18,1018,-1000
120900106,1214,644,570
120900107,363,137,226
120900108,3,1024,-1021
120900109,35,794,-759
120900110,11,485,-474
120900111,90,392,-302
120900112,4,1461,-1457
120900113,21,1159,-1138
120900114,30,211,-181
120900115,102,179,-77
120900116,77,683,-606
120900117,1,588,-587
120900118,5,1156,-1151
120900119,2517,2799,-282
120900120,34,813,-779
120900121,40,476,-436
120900122,101,692,-591
120900123,1,633,-632
120900124,1,856,-855
120900125,9,1117,-1108
120900126,1339,814,525
120900127,4,594,-590
120900128,736,970,-234
120900129,44,470,-426
120900130,2,238,-236
120900131,14,40,-26
120900132,300,409,-109
120900133,126,1224,-1098
120900134,333,500,-167
120900135,4,830,-826
120900136,10,17,-7
120900137,54,59,-5
120900138,12,238,-226
120900139,4,956,-952
120900140,2,55,-53
120900141,48,69,-21
120900142,21,1003,-982
120900143,2,1192,-1190
120900144,2,201,-199
120900145,25,1001,-976
120900146,3,1289,-1286
120900147,3,301,-298
120900148,53,89,-36
120900149,1,406,-405
120900150,18,558,-540
120900151,2,908,-906
120900152,3,65,-62
120900153,7,33,-26
120900154,0,357,-357
120900155,60,1232,-1172
120900156,23,535,-512
120900157,9,190,-181
120900158,39,543,-504
120900159,35,454,-419
120900160,17,312,-295
120900161,5,701,-696
120900162,15,735,-720
120900163,12,93,-81
120900164,9,2,7
120900165,0,2,-2
120900166,26,92,-66
120900167,157,58,99
120900169,30,596,-566
120900170,2239,1103,1136
120900171,1168,380,788
120900172,1159,93,1066
120900173,0,59,-59
120900174,2,114,-112
120900175,187,244,-57
120900176,6,149,-143
120900177,2,337,-335
120900178,1,146,-145
120900179,837,421,416
120900180,114,70,44
120900181,19,58,-39
120900182,4,385,-381
120900183,386,82,304
120900184,109,66,43
120900185,0,291,-291
120900186,1,512,-511
120900187,146,553,-407
120900188,41,11,30
120900189,92,295,-203
120900190,11,8,3
120900191,4,33,-29
120900192,13479,2085,11394
120900194,14,80,-66
120900195,57,304,-247
120900196,317,22,295
120900197,267,36,231
120900198,127,582,-455
120900199,161,156,5
120900200,63,90,-27
120900201,605,130,475
120900202,2,234,-232
120900203,16,59,-43
120900204,247,417,-170
120900205,61,84,-23
120900206,2,13,-11
120900207,31,1232,-1201
121000001,943,884,59
121000002,1700,973,727
121000003,3360,1642,1718
121000004,1965,3011,-1046
121000005,1738,2257,-519
121000006,2170,843,1327
121000007,2554,2361,193
121000008,4327,2035,2292
121000009,5327,3839,1488
121000010,7267,2904,4363
121000011,7743,8404,-661
121000012,11518,5864,5654
121000013,4169,5572,-1403
121000014,5600,4929,671
121000015,3563,4478,-915
121000016,4002,2741,1261
121000017,1160,2698,-1538
121000018,1472,1356,116
121000019,14991,6057,8934
121000020,9892,5598,4294
121000021,1865,2170,-305
121000022,928,1087,-159
121000023,2812,2194,618
121000024,1624,2013,-389
121000025,442,651,-209
121000026,204,97,107
121000027,1051,733,318
121000028,515,274,241
121000029,638,626,12
121000030,315,239,76
121000031,468,480,-12
121000032,158,40,118
121000034,156,116,40
121000035,91,73,18
121000036,1107,616,491
121000037,515,398,117
121000038,383,348,35
121000039,196,172,24
121000041,212,304,-92
121000042,132,176,-44
121000043,620,440,180
121000044,1354,443,911
121000045,218,258,-40
121000046,219,516,-297
121000047,25,21,4
121000049,1519,430,1089
121000050,201,797,-596
121000051,463,250,213
121000052,184,402,-218
121000053,289,56,233
121000054,22,163,-141
121000055,1064,740,324
121000056,682,781,-99
121000057,92,189,-97
121000058,341,121,220
121000059,1444,685,759
121000060,320,557,-237
121000061,100,129,-29
121000062,102,181,-79
121000063,461,342,119
121000064,421,545,-124
121000065,347,296,51
121000066,481,313,168
121000067,767,190,577
121000068,318,187,131
121000069,209,207,2
121000070,1170,1016,154
121000071,614,564,50
121000072,826,554,272
121000073,662,492,170
121000074,71,71,0
121000075,25,22,3
121000076,670,209,461
121000077,58,61,-3
121000078,40,93,-53
121000080,2038,471,1567
121000081,1730,1500,230
121000082,99,141,-42
121000083,208,99,109
121000084,139,64,75
121000085,258,283,-25
121000086,107,697,-590
121000087,39,182,-143
121000088,257,458,-201
121000089,341,146,195
121000090,238,212,26
121000091,1352,593,759
121000092,75,75,0
121000093,96,188,-92
121000094,375,316,59
121000095,203,325,-122
121000096,1683,1959,-276
121000097,960,1395,-435
121000098,193,958,-765
121000099,230,665,-435
121000100,311,431,-120
121000101,105,174,-69
121000102,53,327,-274
121000103,58,250,-192
121000104,114,133,-19
121000105,182,184,-2
121000106,103,240,-137
121000107,1736,3072,-1336
121000109,1212,861,351
121000110,250,394,-144
121000114,2052,1870,182
121000115,555,670,-115
121000116,391,694,-303
121000117,831,234,597
121000118,893,199,694
121000119,155,236,-81
121000120,119,345,-226
121000121,215,563,-348
121000123,716,420,296
121000127,64,102,-38
121000128,375,339,36
121000129,261,285,-24
121000130,192,781,-589
121000131,1447,749,698
121000132,812,770,42
121000135,255,164,91
121000136,679,390,289
121000137,335,139,196
121000138,591,545,46
121000139,330,68,262
121000141,92,57,35
121000142,545,372,173
121000143,130,8,122
121000144,774,578,196
121000145,308,961,-653
121000146,692,519,173
121000147,406,267,139
121000148,428,776,-348
121000149,1392,886,506
121000152,297,329,-32
121000153,1061,447,614
121000154,474,352,122
121000155,743,754,-11
121000156,251,690,-439
121000157,1199,1459,-260
121000158,350,508,-158
121000159,108,508,-400
121000160,230,674,-444
121000161,76,310,-234
121000162,10,280,-270
121000165,1260,1418,-158
121000166,30,414,-384
121000168,131,186,-55
121000169,41,124,-83
121000170,101,46,55
121000171,15,121,-106
121000172,289,281,8
121000173,690,574,116
121000174,172,317,-145
121000175,404,326,78
121000176,137,236,-99
121000177,403,446,-43
121000178,47,51,-4
121000179,83,48,35
121000181,320,261,59
121000182,79,102,-23
121000183,24,52,-28
121000184,14,47,-33
121000185,15,102,-87
121000186,58,179,-121
121000187,109,221,-112
121000188,74,223,-149
121000192,386,203,183
121000193,370,312,58
121000194,2110,1556,554
121000195,312,718,-406
121000196,711,160,551
121000197,224,540,-316
121000198,176,56,120
121000199,44,333,-289
121000200,179,52,127
121000201,5,169,-164
121000202,398,62,336
121000203,495,1990,-1495
121000204,1460,396,1064
121000205,136,191,-55
121000206,89,21,68
121000207,1069,394,675
121000208,7,355,-348
121000209,88,426,-338
121000210,151,568,-417
121000211,129,85,44
121000212,159,640,-481
121000213,7348,1887,5461
121000214,652,1431,-779
121000215,875,526,349
121000216,239,346,-107
121000217,3308,1868,1440
121000218,424,1508,-1084
121000219,1051,263,788
121000220,340,67,273
121000221,104,191,-87
121000222,2257,1877,380
121000223,495,349,146
121000224,259,135,124
121000225,1496,765,731
121000226,2496,511,1985
121000227,6,207,-201
121000228,9,692,-683
121000229,82,396,-314
121000230,53,1660,-1607
121000231,444,17,427
121000232,287,134,153
121000233,311,247,64
121000234,4,23,-19
121000235,36,43,-7
121000236,7,36,-29
121000237,17,13,4
121000238,5,65,-60
121000239,3,5,-2
121000240,1,194,-193
121000241,104,7,97
121000242,52,122,-70
121000243,419,31,388
121000244,7,38,-31
121000245,24,12,12
121000246,0,49,-49
121000247,11,3,8
121000248,383,555,-172
121000249,101,217,-116
121000250,118,53,65
121000251,10,599,-589
121000252,24,23,1
121000253,176,474,-298
121000254,381,232,149
121000255,88,117,-29
121000256,148,131,17
121000257,37,61,-24
121000258,23,60,-37
121000259,46,55,-9
121000260,62,99,-37
121000261,38,31,7
121000262,761,485,276
121000263,225,343,-118
121000271,135,1542,-1407
121000273,83,7,76
121000274,7,25,-18
121000275,3,26,-23
121000276,0,9,-9
121000278,41,36,5
121000279,39,14,25
121000280,25,46,-21
121000289,172,23,149
121000290,985,512,473
121000294,49,155,-106
121000297,694,670,24
121000299,158,211,-53
121000300,445,309,136
121000302,120,448,-328
121000303,329,282,47
121000304,268,36,232
121000305,97,37,60
121000306,31,60,-29
121000308,121,255,-134
121000309,286,496,-210
121000310,62,369,-307
121000311,53,586,-533
121000312,206,145,61
121000313,379,350,29
121000314,153,61,92
121000315,38,74,-36
121000530,634,1109,-475
121000531,671,1139,-468
121000532,4010,3415,595
121000533,1750,1733,17
121000918,24,204,-180
121000919,6,34,-28
121000938,491,214,277
121000939,749,176,573
121000956,399,1166,-767
121000957,2,6,-4
121000958,72,25,47
121000959,289,818,-529
121000960,1203,1795,-592
121000961,79,54,25
121000962,294,828,-534
121000963,0,0,0
121000973,1,426,-425
121000976,5,90,-85
121000979,185,29,156
121000981,244,99,145
121000982,128,240,-112
121000983,248,374,-126
121000984,15,55,-40
121000985,230,730,-500
121000986,155,317,-162
121000987,118,1279,-1161
121000988,285,94,191
121001302,240,97,143
121001308,0,5,-5
121001309,105,39,66
121001313,73,301,-228
121001314,2809,3587,-778
121001315,3427,1244,2183
121900001,40,117,-77
121900002,43,18,25
121900003,240,10,230
121900004,83,251,-168
121900005,13,4,9
121900006,30,5,25
121900007,1342,1511,-169
121900008,179,32,147
121900009,376,15,361
121900010,225,5,220
121900011,78,197,-119
121900012,2,0,2
121900013,969,39,930
121900014,625,349,276
121900015,83,100,-17
121900016,1,46,-45
121900017,208,315,-107
121900018,242,8,234
121900019,151,138,13
121900020,12,1,11
121900021,634,12,622
121900022,114,96,18
121900023,57,306,-249
121900024,320,51,269
121900025,243,218,25
121900026,169,20,149
121900027,60,79,-19
121900028,121,19,102
121900029,81,82,-1
121900030,481,354,127
121900031,811,3178,-2367
121900032,40,94,-54
121900033,90,81,9
121900034,200,60,140
121900035,1712,1020,692
121900036,56,283,-227
121900037,64,421,-357
121900038,12,150,-138
121900039,247,19,228
121900040,13,62,-49
121900041,39,109,-70
121900042,153,76,77
121900043,0,4,-4
121900044,173,15,158
121900046,63,110,-47
121900047,59,48,11
121900048,24,127,-103
121900050,7,35,-28
121900051,56,116,-60
121900052,50,19,31
121900053,126,133,-7
121900054,320,495,-175
121900055,1,3,-2
121900058,113,195,-82
121900059,173,78,95
121900060,51,205,-154
121900061,70,88,-18
121900062,30,46,-16
121900063,420,220,200
121900064,62,560,-498
121900066,9,13,-4
121900067,4,17,-13
121900069,127,68,59
121900070,128,67,61
121900071,97,196,-99
121900072,5,117,-112
121900073,210,130,80
121900074,367,322,45
121900075,413,193,220
121900076,157,344,-187
121900077,3,44,-41
121900078,26,23,3
121900079,0,0,0
121900080,380,360,20
121900082,12,44,-32
121900084,2,172,-170
121900085,0,14,-14
121900086,12,33,-21
121900087,163,76,87
121900088,1509,1356,153
121900089,51,278,-227
121900090,1,62,-61
121900091,10,82,-72
121900092,20,70,-50
121900093,46,43,3
121900094,11,3,8
121900095,100,49,51
121900096,925,237,688
121900097,173,79,94
121900098,3,4,-1
121900099,96,42,54
121900100,93,103,-10
121900101,61,63,-2
121900102,0,72,-72
121900103,309,131,178
121900104,701,191,510
121900105,38,64,-26
121900106,4,5,-1
121900107,9,10,-1
121900108,0,9,-9
121900109,278,91,187
121900110,168,1006,-838
121900111,538,73,465
121900112,63,48,15
121900113,19,140,-121
121900114,2,2,0
121900117,47,10,37
121900118,1565,248,1317
121900119,70,80,-10
121900120,20,1011,-991
121900121,346,41,305
121900122,14,19,-5
121900123,98,302,-204
121900124,59,146,-87
121900125,527,595,-68
121900127,6,47,-41
121900128,21,98,-77
121900129,684,50,634
121900130,75,131,-56
121900131,113,85,28
121900132,15,87,-72
121900133,66,236,-170
121900134,9,67,-58
121900135,1573,141,1432
121900136,120,288,-168
121900137,21,165,-144
121900138,28,138,-110
121900139,267,287,-20
121900140,22,78,-56
121900141,27,8,19
121900142,53,71,-18
121900143,2,80,-78
121900144,112,222,-110
121900145,94,101,-7
121900146,345,488,-143
121900147,37,133,-96
121900148,106,208,-102
121900149,245,489,-244
121900150,34,93,-59
121900151,44,143,-99
121900152,52,87,-35
121900153,30,287,-257
121900154,4,77,-73
121900155,0,37,-37
121900156,87,76,11
121900157,2,384,-382
121900158,35,55,-20
121900159,0,153,-153
121900160,26,164,-138
121900161,375,241,134
121900162,67,48,19
121900163,44,560,-516
121900164,207,114,93
121900165,80,130,-50
121900166,51,99,-48
121900167,86,67,19
121900168,202,97,105
121900169,1,270,-269
121900170,3,135,-132
121900171,247,439,-192
121900172,202,222,-20
121900173,637,99,538
121900174,2,7,-5
121900175,66,123,-57
121900176,342,1299,-957
121900177,109,29,80
121900178,10,30,-20
121900179,104,92,12
121900180,3941,1881,2060
121900182,339,187,152
121900183,261,371,-110
121900184,22,365,-343
121900186,3,302,-299
121900187,4,85,-81
121900188,328,241,87
121900189,12,56,-44
121900190,120,362,-242
121900191,29,81,-52
121900192,270,352,-82
121900193,13,98,-85
121900194,0,102,-102
121900195,54,38,16
121900196,563,356,207
121900197,177,1631,-1454
121900198,765,739,26
121900199,1,21,-20
121900200,56,142,-86
121900201,620,317,303
121900202,53,189,-136
121900203,167,483,-316
121900204,808,546,262
121900205,7,63,-56
121900206,10,8,2
121900207,96,22,74
121900208,135,215,-80
121900209,17,15,2
121900210,680,695,-15
121900211,109,272,-163
121900212,87,80,7
121900213,47,66,-19
121900214,2,234,-232
121900215,10,32,-22
121900216,20,51,-31
121900217,119,35,84
121900218,177,272,-95
121900220,108,12,96
121900221,149,419,-270
121900222,70,138,-68
121900223,77,49,28
121900224,40,34,6
121900225,71,55,16
121900226,159,85,74
121900227,83,211,-128
121900228,91,107,-16
121900230,53,58,-5
121900231,164,162,2
121900232,143,242,-99
121900233,162,174,-12
121900234,87,202,-115
121900235,128,216,-88
121900236,127,84,43
121900237,109,193,-84
121900238,117,123,-6
121900239,48,22,26
121900240,80,68,12
121900241,9,30,-21
121900242,4,10,-6
121900243,0,0,0
121900244,0,0,0
121900245,106,105,1
121900246,846,272,574
121900247,190,153,37
121900248,705,485,220
121900250,162,229,-67
121900251,182,16,166
121900252,467,94,373
121900253,138,776,-638
121900254,359,167,192
121900255,110,61,49
121900258,1702,1166,536
121900259,194,329,-135
121900260,41,162,-121
121900261,118,252,-134
121900262,287,473,-186
121900263,64,181,-117
121900264,1583,712,871
121900265,74,212,-138
121900266,102,142,-40
121900267,28,13,15
121900269,41,178,-137
121900270,6,90,-84
121900271,18,107,-89
121900273,327,959,-632
121900274,150,177,-27
121900277,153,1055,-902
121900278,42,548,-506
121900279,126,224,-98
121900280,95,186,-91
121900281,135,55,80
121900284,36,4,32
121900286,56,97,-41
121900287,17,16,1
121900288,3,2,1
121900290,152,138,14
121900291,324,356,-32
121900292,172,83,89
121900293,637,2597,-1960
121900294,156,3,153
121900295,57,184,-127
121900296,22,13,9
121900298,371,341,30
121900299,0,0,0
121900300,9,20,-11
121900301,26,0,26
121900302,1,57,-56
121900303,138,345,-207
121900304,6,8,-2
121900305,1,2,-1
121900306,55,1,54
121900307,18,9,9
121900308,8,301,-293
121900309,5,188,-183
121900310,13,330,-317
121900311,78,7,71
121900312,77,4,73
121900313,165,10,155
121900314,2,39,-37
121900315,4,0,4
121900316,0,15,-15
121900317,0,0,0
121900318,1,7,-6
121900319,22,44,-22
121900320,60,70,-10
121900321,4,4,0
121900322,0,26,-26
121900323,16,7,9
121900324,4,50,-46
121900325,4,0,4
121900326,0,20,-20
121900327,3,33,-30
121900328,0,18,-18
121900329,0,131,-131
121900330,1,57,-56
121900331,36,3,33
121900332,39,6,33
121900333,12,1,11
121900334,56,31,25
122000001,1831,2156,-325
122000002,4077,978,3099
122000003,1463,971,492
122000004,2236,718,1518
122000005,2500,744,1756
122000006,1862,336,1526
122000007,1185,919,266
122000008,5110,3030,2080
122000009,439,163,276
122000010,1723,1640,83
122000011,2436,702,1734
122000012,1053,714,339
122000013,1881,1159,722
122000014,1202,1741,-539
122000015,1203,745,458
122000016,381,559,-178
122000017,918,844,74
122000018,1031,778,253
122000019,603,1112,-509
122000020,138,129,9
122000021,365,349,16
122000022,929,1191,-262
122000023,388,2005,-1617
122000024,898,661,237
122000025,1291,800,491
122000026,1697,569,1128
122000027,479,3555,-3076
122000028,592,252,340
122000029,261,187,74
122000030,345,66,279
122000031,103,189,-86
122000032,1112,2528,-1416
122000033,730,602,128
122000034,467,413,54
122000035,206,577,-371
122000036,269,453,-184
122000037,297,177,120
122000038,247,278,-31
122000039,594,416,178
122000040,345,247,98
122000041,315,380,-65
122000042,254,316,-62
122000043,101,71,30
122000044,112,117,-5
122000045,1215,400,815
122000046,652,703,-51
122000047,192,154,38
122000048,1952,2876,-924
122000049,3927,1563,2364
122000050,1248,440,808
122000051,297,484,-187
122000052,373,190,183
122000053,97,395,-298
122000054,1745,1244,501
122000055,1809,1560,249
122000056,6644,2366,4278
122000057,3779,1660,2119
122000058,3610,872,2738
122000059,2862,926,1936
122000060,785,391,394
122000061,491,137,354
122000062,1068,312,756
122000063,1196,308,888
122000064,2444,2519,-75
122000065,4236,2382,1854
122000066,871,785,86
122000067,1289,1239,50
122000068,622,1000,-378
122000069,500,503,-3
122000070,322,2458,-2136
122000071,574,1288,-714
122000072,295,190,105
122000073,399,286,113
122000074,1398,787,611
122000075,312,899,-587
122000076,1208,794,414
122000077,1076,446,630
122000078,2505,1151,1354
122000079,1455,524,931
122000080,862,298,564
122000081,143,249,-106
122000082,1012,505,507
122000083,807,2894,-2087
122000084,572,560,12
122000085,113,1248,-1135
122000086,1606,3486,-1880
122000087,284,81,203
122000088,169,182,-13
122000089,4512,1947,2565
122000090,159,251,-92
122000091,249,48,201
122000092,126,15,111
122000093,1372,700,672
122000094,6186,1009,5177
122000095,2598,1259,1339
122000096,2067,1026,1041
122000098,2964,1000,1964
122000099,2292,392,1900
122000100,1057,414,643
122000101,175,585,-410
122000102,1156,738,418
122000103,1108,952,156
122000104,170,143,27
122000105,161,202,-41
122000106,315,402,-87
122000107,732,386,346
122000108,271,675,-404
122000109,225,235,-10
122000110,266,437,-171
122000111,1982,688,1294
122000112,429,846,-417
122000113,331,419,-88
122000114,2771,1222,1549
122000115,1242,1118,124
122000116,298,288,10
122000117,553,161,392
122000118,221,269,-48
122000119,1853,823,1030
122000120,1465,1389,76
122000121,1557,1279,278
122000122,391,627,-236
122000123,1089,805,284
122000124,500,241,259
122000125,413,440,-27
122000126,383,430,-47
122000127,758,557,201
122000128,361,480,-119
122000129,231,423,-192
122000130,1410,348,1062
122000131,743,365,378
122000132,451,190,261
122000133,662,1244,-582
122000134,241,389,-148
122000135,480,519,-39
122000136,182,111,71
122000137,539,405,134
122000139,1106,1653,-547
122000140,938,366,572
122000141,3370,525,2845
122000142,453,421,32
122000143,228,169,59
122000144,1174,490,684
122000145,946,436,510
122000146,375,633,-258
122000147,609,181,428
122000148,2955,829,2126
122000149,1442,566,876
122000150,818,473,345
122000151,220,247,-27
122000152,353,183,170
122000153,352,180,172
122000154,232,85,147
122000155,1116,1227,-111
122000156,1824,1311,513
122000157,1790,781,1009
122000158,243,370,-127
122000159,733,999,-266
122000160,2079,594,1485
122000161,725,335,390
122000162,1340,729,611
122000163,293,52,241
122000164,21,41,-20
122000165,591,584,7
122000166,779,806,-27
122000167,180,149,31
122000168,137,461,-324
122000169,449,102,347
122000170,192,222,-30
122000171,21,74,-53
122000172,1151,1189,-38
122000173,1214,1652,-438
122000174,1634,582,1052
122000175,1059,185,874
122000176,259,576,-317
122000177,1237,1055,182
122000178,2567,1657,910
122000179,1310,2119,-809
122000180,1338,662,676
122000181,1425,2088,-663
122000182,1778,809,969
122000183,1167,706,461
122000184,2272,1418,854
122000185,1109,900,209
122000186,475,658,-183
122000187,1189,646,543
122000188,341,162,179
122000189,162,232,-70
122000190,969,702,267
122000191,806,377,429
122000192,675,243,432
122000193,219,482,-263
122000194,561,89,472
122000195,123,403,-280
122000196,608,471,137
122000197,409,450,-41
122000198,478,743,-265
122000199,325,271,54
122000200,1220,400,820
122000201,1029,1244,-215
122000202,854,849,5
122000203,1731,1155,576
122000204,788,1390,-602
122000205,1016,804,212
122000206,1445,474,971
122000207,903,691,212
122000208,1382,966,416
122000209,1784,316,1468
122000210,1260,1593,-333
122000211,863,934,-71
122000212,424,291,133
122000213,631,826,-195
122000214,1194,982,212
122000215,1563,935,628
122000217,1642,1078,564
122000218,565,38,527
122000219,995,791,204
122000220,317,546,-229
122000221,105,266,-161
122000222,466,54,412
122000223,816,260,556
122000225,423,119,304
122000226,737,1305,-568
122000227,240,1413,-1173
122000228,183,273,-90
122000229,19,262,-243
122000230,32,510,-478
122000231,131,555,-424
122000232,379,773,-394
122000233,0,102,-102
122000234,89,146,-57
122000235,248,152,96
122000236,264,127,137
122000237,106,34,72
122000238,71,131,-60
122000239,243,60,183
122000240,480,235,245
122000241,385,290,95
122000242,178,76,102
122000243,58,48,10
122000244,41,414,-373
122000245,39,231,-192
122000246,102,98,4
122000247,300,701,-401
122000248,1057,1408,-351
122000249,236,308,-72
122000250,1026,440,586
122000251,108,273,-165
122000252,477,71,406
122000253,9,186,-177
122000254,77,52,25
122000255,384,1282,-898
122000256,349,1068,-719
122000257,101,313,-212
122000258,75,166,-91
122000259,10,508,-498
122000260,4,87,-83
122000261,3,211,-208
122000262,0,61,-61
122000263,53,91,-38
122000264,372,295,77
122000265,1488,531,957
122000266,3713,369,3344
122000267,40,65,-25
122000268,56,259,-203
122000269,487,184,303
122000270,646,65,581
122000271,221,1056,-835
122000272,220,869,-649
122000273,226,343,-117
122000274,74,138,-64
122000275,17,115,-98
122000276,160,462,-302
122000277,410,944,-534
122000278,333,619,-286
122000279,99,318,-219
122000280,432,443,-11
122000281,366,469,-103
122000282,64,81,-17
122000283,282,26,256
122000284,59,66,-7
122000285,361,88,273
122000286,68,133,-65
122000287,459,1113,-654
122000288,158,175,-17
122000291,525,278,247
122000293,314,208,106
122000294,66,175,-109
122000295,1041,138,903
122000296,35,423,-388
122000297,2581,1538,1043
122000299,256,345,-89
122000300,453,408,45
122000301,11908,1935,9973
122000302,844,683,161
122000303,3590,1049,2541
122000304,24,89,-65
122000305,496,160,336
122000306,11,754,-743
122000307,74,81,-7
122000309,67,43,24
122000310,38,19,19
122000311,101,52,49
122000312,126,47,79
122000313,32,24,8
122000314,68,167,-99
122000315,178,8,170
122000316,275,136,139
122000317,531,137,394
122000318,173,339,-166
122000319,269,458,-189
122000320,289,2080,-1791
122000321,74,223,-149
122000322,2478,1897,581
122000323,1283,1191,92
122000324,1202,1131,71
122000325,668,731,-63
122000326,13,133,-120
122000327,133,339,-206
122000328,750,502,248
122000330,1291,500,791
122000332,147,228,-81
122000333,4,125,-121
122000337,432,1232,-800
122000338,132,295,-163
122000340,369,221,148
122000342,2037,718,1319
122000343,355,1193,-838
122000344,24,22,2
122000345,12,30,-18
122000346,176,394,-218
122000348,230,680,-450
122000349,49,479,-430
122000351,85,175,-90
122000352,203,57,146
122000353,40,71,-31
122000355,77,110,-33
122000356,1287,663,624
122000357,16,12,4
122000358,0,51,-51
122000359,0,19,-19
122000360,0,35,-35
122000362,7,94,-87
122000364,69,342,-273
122000365,2,11,-9
122000366,0,1,-1
122000368,318,700,-382
122000370,14,33,-19
122000371,1,0,1
122000372,1,0,1
122000381,39,298,-259
122000382,50,147,-97
122000384,3358,1681,1677
122000385,5,0,5
122000386,440,566,-126
122000387,275,393,-118
122000388,1067,228,839
122000389,167,623,-456
122000390,289,189,100
122000391,224,88,136
122000392,111,162,-51
122000393,11,147,-136
122000394,203,205,-2
122000395,54,147,-93
122000396,180,104,76
122000397,21,57,-36
122000398,6,56,-50
122000399,61,69,-8
122000400,144,193,-49
122000401,99,111,-12
122000402,138,69,69
122000403,263,910,-647
122000404,86,273,-187
122000408,663,872,-209
122000503,7,78,-71
122000524,167,77,90
122000544,26,1521,-1495
122000616,512,1,511
122000640,23,201,-178
122000641,33,450,-417
122000642,724,1149,-425
122000643,13,102,-89
122000644,124,25,99
122000645,65,153,-88
122000651,1524,571,953
122000664,89,17,72
122000665,715,460,255
122000666,365,736,-371
122000673,25,355,-330
122000674,66,30,36
122000675,895,945,-50
122000686,183,1117,-934
122000687,509,332,177
122000688,91,717,-626
122000689,248,548,-300
122000690,466,592,-126
122000691,279,2505,-2226
122000692,503,268,235
122000693,241,1337,-1096
122000695,97,434,-337
122000696,84,281,-197
122000698,104,955,-851
122000699,101,38,63
122000701,789,288,501
122000702,350,2164,-1814
122000703,104,40,64
122000712,0,0,0
122000717,158,39,119
122000718,360,281,79
122000719,71,37,34
122000720,125,195,-70
122000724,119,15,104
122900001,15,5,10
122900002,884,1674,-790
122900003,177,16,161
122900004,493,6,487
122900005,24,42,-18
122900006,391,182,209
122900007,33,16,17
122900008,534,97,437
122900009,421,191,230
122900010,165,90,75
122900012,164,244,-80
122900014,81,212,-131
122900015,1621,208,1413
122900016,69,232,-163
122900017,256,502,-246
122900018,132,13,119
122900019,4,104,-100
122900020,258,259,-1
122900021,19,495,-476
122900022,237,798,-561
122900023,182,320,-138
122900024,73,75,-2
122900025,7,108,-101
122900026,108,198,-90
122900027,54,543,-489
122900028,77,112,-35
122900029,3488,1576,1912
122900030,990,283,707
122900031,62,107,-45
122900032,75,132,-57
122900033,103,200,-97
122900034,2666,3242,-576
122900035,6,18,-12
122900036,25,101,-76
122900037,172,82,90
122900038,76,1106,-1030
122900039,84,368,-284
122900040,160,252,-92
122900041,175,199,-24
122900042,71,218,-147
122900043,252,165,87
122900044,63,222,-159
122900045,89,89,0
122900046,54,88,-34
122900047,232,93,139
122900048,32,156,-124
122900049,1282,77,1205
122900051,69,72,-3
122900052,39,95,-56
122900053,15,5,10
122900055,144,46,98
122900057,221,25,196
122900061,278,91,187
122900062,183,332,-149
122900063,138,278,-140
122900064,795,459,336
122900065,270,107,163
122900066,211,191,20
122900067,1202,576,626
122900068,143,305,-162
122900069,108,892,-784
122900070,102,37,65
122900071,93,330,-237
122900072,3,553,-550
122900073,33,238,-205
122900074,103,601,-498
122900075,0,45,-45
122900076,1,135,-134
122900077,3,154,-151
122900078,40,126,-86
122900080,41,8,33
122900081,95,118,-23
122900082,452,175,277
122900083,171,94,77
122900084,3,192,-189
122900086,4,15,-11
122900087,60,489,-429
122900088,54,64,-10
122900089,1,131,-130
122900090,5,572,-567
122900091,50,0,50
122900092,0,219,-219
122900093,2,343,-341
122900094,2,227,-225
122900095,60,0,60
122900096,59,266,-207
122900097,12,6,6
122900098,72,69,3
122900099,19,3,16
122900100,319,123,196
122900101,571,119,452
122900102,8,11,-3
122900103,39,5,34
122900104,64,7,57
122900105,1,2,-1
122900106,1,70,-69
122900107,2,155,-153
122900108,1,225,-224
123000001,1699,255,1444
123000002,5200,1966,3234
123000003,2973,2002,971
123000004,3102,4120,-1018
123000005,2098,1922,176
123000006,2289,2613,-324
123000007,2241,1877,364
123000008,1885,3387,-1502
123000009,3525,2470,1055
123000010,2894,3761,-867
123000011,2799,655,2144
123000012,1027,1995,-968
123000013,2436,729,1707
123000014,1144,3451,-2307
123000015,4079,529,3550
123000016,5657,2026,3631
123000017,2865,1204,1661
123000018,55,85,-30
123000019,79,322,-243
123000020,69,102,-33
123000021,60,160,-100
123000022,337,1190,-853
123000023,1013,942,71
123000024,770,378,392
123000025,67,68,-1
123000026,9,116,-107
123000027,438,346,92
123000028,668,252,416
123000029,1008,346,662
123000030,119,587,-468
123000031,54,338,-284
123000032,166,273,-107
123000033,149,37,112
123000034,584,428,156
123000035,98,140,-42
123000036,171,381,-210
123000037,113,199,-86
123000038,67,239,-172
123000039,456,686,-230
123000040,1091,220,871
123000041,912,406,506
123000042,883,292,591
123000043,3293,3575,-282
123000044,5598,1583,4015
123000045,8498,1338,7160
123000046,637,494,143
123000047,1968,968,1000
123000048,61,308,-247
123000049,6274,3081,3193
123000050,503,790,-287
123000051,102,128,-26
123000052,303,1779,-1476
123000053,1692,2365,-673
123000054,722,756,-34
123000055,492,814,-322
123000056,892,1308,-416
123000057,14788,3944,10844
123000058,446,492,-46
123000059,328,315,13
123000060,486,219,267
123000061,132,592,-460
123000063,583,495,88
123000064,523,159,364
123000065,5617,2601,3016
123000066,794,647,147
123000067,271,531,-260
123000068,2443,2571,-128
123000069,7156,2874,4282
123000070,217,719,-502
123000071,431,945,-514
123000072,663,1267,-604
123000073,573,788,-215
123000074,590,1843,-1253
123000075,233,675,-442
123000076,275,920,-645
123000077,1748,3373,-1625
123000078,912,1503,-591
123000079,713,1700,-987
123000080,1550,2378,-828
123000081,182,654,-472
123000082,286,1043,-757
123000083,621,102,519
123000084,313,616,-303
123000085,65,112,-47
123000086,157,485,-328
123000087,50,533,-483
123000088,568,1220,-652
123000089,312,1154,-842
123000090,893,1033,-140
123000091,1293,1192,101
123000092,961,977,-16
123000094,238,204,34
123000095,184,420,-236
123000096,209,330,-121
123000097,225,994,-769
123000098,392,441,-49
123000099,323,826,-503
123000100,308,450,-142
123000101,451,324,127
123000102,467,424,43
123000104,243,248,-5
123000105,453,478,-25
123000106,471,218,253
123000107,356,483,-127
123000108,736,1247,-511
123000111,361,188,173
123000112,453,433,20
123000113,422,1424,-1002
123000114,284,300,-16
123000115,104,202,-98
123000116,21,112,-91
123000117,914,1822,-908
123000118,277,806,-529
123000119,188,926,-738
123000120,303,754,-451
123000121,293,548,-255
123000122,447,229,218
123000123,323,485,-162
123000124,576,534,42
123000125,1037,627,410
123000126,1623,1818,-195
123000127,1153,768,385
123000128,183,380,-197
123000129,266,135,131
123000130,349,41,308
123000131,523,428,95
123000132,256,462,-206
123000133,255,266,-11
123000134,386,137,249
123000135,788,825,-37
123000136,141,1328,-1187
123000137,81,378,-297
123000138,51,416,-365
123000139,208,92,116
123000140,92,550,-458
123000141,576,55,521
123000142,776,824,-48
123000143,977,2328,-1351
123000144,8,12,-4
123000145,191,106,85
123000146,46,87,-41
123000147,97,97,0
123000149,182,235,-53
123000150,105,154,-49
123000151,176,331,-155
123000152,23,295,-272
123000153,65,272,-207
123000154,1417,1030,387
123000155,1838,613,1225
123000156,32,55,-23
123000157,342,635,-293
123000158,488,410,78
123000159,2246,1246,1000
123000160,337,330,7
123000161,783,568,215
123000162,276,954,-678
123000163,114,41,73
123000164,560,189,371
123000165,187,1672,-1485
123000166,16,116,-100
123000167,59,276,-217
123000168,145,325,-180
123000169,266,75,191
123000170,26,328,-302
123000171,151,26,125
123000172,127,671,-544
123000173,349,78,271
123000174,560,121,439
123000175,764,1138,-374
123000176,333,62,271
123000177,194,978,-784
123000178,350,80,270
123000179,27,749,-722
123000180,877,250,627
123000181,281,1284,-1003
123000182,73,340,-267
123000183,116,232,-116
123000184,47,720,-673
123000185,140,380,-240
123000186,5,589,-584
123000187,236,0,236
123000188,119,0,119
123000189,99,140,-41
123000190,33,43,-10
123000192,16,282,-266
123000193,29,485,-456
123000194,435,221,214
123000195,114,9,105
123000196,146,6,140
123000197,22,78,-56
123000198,10,180,-170
123000199,6,481,-475
123000200,311,9,302
123000201,468,9,459
123000202,17,1068,-1051
123000203,455,40,415
123000204,70,1021,-951
123000205,382,1934,-1552
123000206,933,117,816
123000207,49,1015,-966
123000208,188,66,122
123000209,1274,290,984
123000210,299,1513,-1214
123000211,416,2492,-2076
123000212,1268,237,1031
123000213,230,30,200
123000215,150,83,67
123000216,102,309,-207
123000217,105,33,72
123000218,125,279,-154
123000219,865,20,845
123000220,315,71,244
123000221,68,102,-34
123000222,198,536,-338
123000223,86,562,-476
123000224,232,560,-328
123000225,178,106,72
123000226,83,296,-213
123000227,26,278,-252
123000228,95,47,48
123000229,970,1737,-767
123000232,59,455,-396
123000233,343,121,222
123000234,80,615,-535
123000235,269,271,-2
123000236,133,818,-685
123000237,155,44,111
123000238,32,546,-514
123000239,287,1789,-1502
123000240,47,197,-150
123000241,735,132,603
123000242,51,174,-123
123000243,313,974,-661
123000244,502,416,86
123000245,54,114,-60
123000249,300,561,-261
123000252,420,92,328
123000253,372,269,103
123000254,299,817,-518
123000255,524,458,66
123000256,26,159,-133
123000257,2886,1907,979
123000258,620,950,-330
123000259,102,354,-252
123000260,244,553,-309
123000261,53,197,-144
123000262,44,253,-209
123000263,262,88,174
123000264,160,34,126
123000265,56,160,-104
123000266,296,533,-237
123000267,193,182,11
123000268,16,71,-55
123000269,17,35,-18
123000270,38,24,14
123000271,53,68,-15
123000272,662,187,475
123000273,147,340,-193
123000274,983,297,686
123000275,162,828,-666
123000278,2604,2188,416
123000279,26,66,-40
123000280,207,279,-72
123000281,143,43,100
123000282,35,195,-160
123000283,73,32,41
123000284,65,147,-82
123000286,181,197,-16
123000287,429,168,261
123000288,611,340,271
123000289,258,433,-175
123000291,258,574,-316
123000294,154,240,-86
123000295,614,1017,-403
123000296,213,496,-283
123000297,167,830,-663
123000298,190,648,-458
123000299,31,264,-233
123000300,421,486,-65
123000301,63,113,-50
123000302,49,207,-158
123000303,46,100,-54
123000305,742,698,44
123000306,38,227,-189
123000309,39,40,-1
123000310,36,25,11
123000311,1,114,-113
123000312,668,915,-247
123000313,119,221,-102
123000315,107,391,-284
123000316,1456,72,1384
123000317,207,42,165
123000318,20,271,-251
123000329,9,13,-4
123000337,158,177,-19
123000338,407,80,327
123000339,53,203,-150
123000340,103,358,-255
123000342,14,178,-164
123000343,54,2,52
123000344,923,370,553
123000345,258,518,-260
123000346,159,102,57
123000352,1733,552,1181
123000353,14,112,-98
123000354,110,6,104
123000355,0,353,-353
123000356,76,7,69
123000357,2,247,-245
123000359,1,232,-231
123000360,175,21,154
123000361,516,230,286
123000362,119,133,-14
123000363,56,172,-116
123000364,338,226,112
123000365,17,171,-154
123000366,175,1068,-893
123000367,178,937,-759
123000370,13,237,-224
123000371,92,8,84
123000372,117,6,111
123000373,3,327,-324
123000374,7,219,-212
123000375,93,13,80
123000376,488,422,66
123000377,186,7,179
123000378,9,453,-444
123000379,2,171,-169
123000380,46,137,-91
123000381,113,21,92
123000382,815,51,764
123000383,198,546,-348
123000384,397,73,324
123000385,360,755,-395
123000436,26,644,-618
123000507,120,318,-198
123000508,155,335,-180
123000517,237,21,216
123000518,23,188,-165
123000519,93,75,18
123000520,66,189,-123
123000521,170,94,76
123000522,114,488,-374
123000541,1,0,1
123000542,0,15,-15
123000565,187,11,176
123000566,62,730,-668
123000567,101,185,-84
123000573,32,872,-840
123000574,186,54,132
123000575,821,1277,-456
123000576,416,1732,-1316
123000577,77,510,-433
123000578,462,56,406
123000579,5491,2262,3229
123000580,71,5,66
123000582,161,21,140
123000583,7,371,-364
123000584,116,147,-31
123000585,0,98,-98
123000586,82,1,81
123000596,86,124,-38
123000597,55,65,-10
123000602,10,2,8
123000603,204,666,-462
123000604,212,1121,-909
123000605,566,101,465
123000606,1,159,-158
123000609,20,222,-202
123000610,84,61,23
123000613,33,155,-122
123000614,119,36,83
123000615,36,255,-219
123000616,174,20,154
123000617,47,412,-365
123000618,85,484,-399
123000619,325,15,310
123000620,7,445,-438
123000622,216,6,210
123000624,84,70,14
123000630,415,294,121
123000631,163,2108,-1945
123000632,967,1078,-111
123000633,0,173,-173
123000634,58,48,10
123000635,213,77,136
123000636,9,536,-527
123000637,96,58,38
123000638,228,103,125
123000639,922,1634,-712
123000640,21,990,-969
123000648,95,45,50
123000649,20,674,-654
123900001,1175,29,1146
123900002,6,801,-795
123900003,267,619,-352
123900005,105,95,10
123900006,167,18,149
124000001,1078,88,990
124000002,75,1426,-1351
124000003,284,94,190
124000004,74,612,-538
124000005,504,190,314
124000006,214,1358,-1144
124000007,428,47,381
124000008,5,457,-452
124000009,188,193,-5
124000010,72,480,-408
124000011,699,249,450
124000012,177,926,-749
124000017,50,83,-33
124000018,108,93,15
124000019,82,58,24
124000020,50,202,-152
124000021,71,49,22
124000022,82,237,-155
124000023,953,904,49
124000024,892,664,228
124000025,770,848,-78
124000026,916,999,-83
124000027,4531,2740,1791
124000028,2749,3340,-591
124000030,3200,1108,2092
124000031,567,909,-342
124000032,5058,836,4222
124000033,480,291,189
124000034,2173,1007,1166
124000035,96,79,17
124000036,94,548,-454
124000037,139,345,-206
124000038,19,108,-89
124000039,677,237,440
124000040,526,463,63
124000041,119,53,66
124000042,27,269,-242
124000043,30,68,-38
124000044,18,251,-233
124000045,299,382,-83
124000046,139,735,-596
124000047,521,651,-130
124000048,343,1632,-1289
124000049,715,481,234
124000050,368,2302,-1934
124000051,297,296,1
124000052,368,1315,-947
124000053,279,624,-345
124000054,638,543,95
124000055,877,941,-64
124000056,3246,1317,1929
124000057,500,375,125
124000058,288,1518,-1230
124000059,342,439,-97
124000060,763,885,-122
124000061,1059,2359,-1300
124000062,8263,1698,6565
124000063,1214,1553,-339
124000064,2168,1587,581
124000065,126,174,-48
124000066,258,41,217
124000067,73,225,-152
124000068,18,95,-77
124000069,242,230,12
124000070,129,527,-398
124000071,58,81,-23
124000072,129,522,-393
124000073,412,86,326
124000074,183,788,-605
124000075,75,25,50
124000076,5,187,-182
124000077,1386,549,837
124000078,1406,374,1032
124000079,391,706,-315
124000080,136,85,51
124000081,87,668,-581
124000082,21,63,-42
124000083,22,128,-106
124000084,42,220,-178
124000085,58,44,14
124000086,23,73,-50
124000087,111,60,51
124000088,55,203,-148
124000089,293,312,-19
124000090,87,376,-289
124000091,286,147,139
124000092,88,698,-610
124000093,68,67,1
124000094,59,271,-212
124000095,53,40,13
124000096,85,228,-143
124000097,44,28,16
124000098,32,96,-64
124000099,91,63,28
124000100,16,74,-58
124000101,38,67,-29
124000102,69,74,-5
124000103,28,46,-18
124000104,76,72,4
124000105,33,41,-8
124000106,120,102,18
124000107,8,68,-60
124000108,56,31,25
124000109,57,34,23
124000110,144,96,48
124000111,134,91,43
124000112,347,606,-259
124000113,29,50,-21
124000114,151,606,-455
124000115,187,783,-596
124000116,59,63,-4
124000117,58,80,-22
124000118,21,16,5
124000119,504,469,35
124000120,224,471,-247
124000121,2442,530,1912
124000122,483,829,-346
124000123,558,221,337
124000124,397,645,-248
124000125,254,240,14
124000126,253,405,-152
124000127,491,255,236
124000128,340,691,-351
124000129,1290,896,394
124000130,567,446,121
124000131,700,366,334
124000132,649,570,79
124000133,471,585,-114
124000134,455,479,-24
124000135,1110,972,138
124000136,714,880,-166
124000137,731,364,367
124000138,913,784,129
124000139,253,15,238
124000140,10,271,-261
124000141,118,12,106
124000142,11,327,-316
124000143,24,6,18
124000144,6,145,-139
124000145,29,10,19
124000146,7,112,-105
124000148,8,27,-19
124000149,436,186,250
124000150,199,468,-269
124000151,350,125,225
124000152,497,914,-417
124000153,353,314,39
124000154,207,604,-397
124000155,724,421,303
124000156,1086,746,340
124000169,115,154,-39
124000170,618,321,297
124000171,134,152,-18
124000172,258,522,-264
124000173,167,218,-51
124000174,204,690,-486
124000175,9,111,-102
124000176,16,3,13
124000177,12,24,-12
124000178,8,15,-7
124000190,138,40,98
124000191,424,38,386
124000192,2537,263,2274
124000193,458,1233,-775
124000194,274,439,-165
124000195,151,412,-261
124000196,754,1038,-284
124000197,28,47,-19
124000198,14,19,-5
124000201,179,955,-776
124000202,299,118,181
124000203,66,979,-913
124000204,246,529,-283
124000205,31,654,-623
124000206,172,382,-210
124000207,0,38,-38
124000209,129,698,-569
124000210,122,159,-37
124000211,132,1,131
124000212,1,566,-565
124000213,128,314,-186
124000214,100,758,-658
124000215,91,8,83
124000216,3,543,-540
124000329,67,2346,-2279
124000338,34,1421,-1387
124000339,212,80,132
124000341,359,43,316
124000344,16,11,5
124000357,594,1516,-922
124000358,576,959,-383
124000359,594,432,162
124000360,319,316,3
124000361,1065,671,394
124000362,1704,2557,-853
124000363,226,428,-202
124000364,409,880,-471
124000365,606,1109,-503
124000366,1771,870,901
124000367,81,570,-489
124000368,132,142,-10
124000369,90,59,31
124000370,73,796,-723
124000402,5,8,-3
124000403,40,7,33
124000404,4,72,-68
124000405,587,454,133
124000406,641,574,67
124000407,0,20,-20
124000411,4,337,-333
124000412,130,7,123
124000413,289,25,264
124000414,24,83,-59
124000415,34,216,-182
124000416,70,403,-333
124000417,89,86,3
124000418,62,66,-4
124000419,70,166,-96
124000420,22,54,-32
124000421,21,355,-334
124000422,10,8,2
124000423,52,28,24
124000424,6,199,-193
124000425,25,22,3
124000426,4,262,-258
124000427,40,10,30
124000428,11,52,-41
124000429,11,46,-35
124000430,330,530,-200
124000431,117,529,-412
124000432,64,699,-635
124000439,4,2,2
124000443,0,10,-10
124000445,220,591,-371
124000446,2528,73,2455
124000447,0,3,-3
124900001,297,292,5
124900002,77,442,-365
124900003,463,480,-17
124900004,278,305,-27
124900005,147,233,-86
124900006,356,329,27
124900008,763,349,414
124900009,73,96,-23
124900010,65,27,38
124900011,180,87,93
124900012,204,39,165
124900013,181,97,84
124900014,91,58,33
124900015,67,89,-22
124900016,37,29,8
124900017,437,262,175
124900018,15,5,10
124900020,37,20,17
124900021,52,28,24
124900022,17,2,15
124900024,98,13,85
124900026,44,17,27
124900027,39,217,-178
124900028,435,86,349
124900029,5,249,-244
124900030,4,84,-80
124900031,10,324,-314
124900032,211,94,117
124900033,25,286,-261
124900034,6,120,-114
124900035,82,320,-238
124900036,0,36,-36
124900037,80,279,-199
124900038,264,422,-158
124900039,1,20,-19
124900040,34,78,-44
124900041,195,1459,-1264
124900042,30,0,30
124900043,293,1299,-1006
124900044,18,0,18
124900045,477,948,-471
124900047,70,144,-74
124900048,99,154,-55
124900050,93,263,-170
124900052,92,351,-259
124900053,23,314,-291
124900054,3037,258,2779
124900055,1,86,-85
124900057,3,103,-100
124900060,49,208,-159
124900061,29,3,26
124900062,20,6,14
124900066,0,10,-10
124900067,3,155,-152
124900068,148,131,17
124900070,12,16,-4
124900072,42,14,28
124900075,82,165,-83
124900076,19,373,-354
124900077,12,59,-47
124900078,46,13,33
124900079,602,45,557
124900080,177,882,-705
124900081,545,166,379
124900082,271,1142,-871
124900083,176,513,-337
124900085,1054,193,861
124900086,38,675,-637
124900087,548,82,466
124900088,622,88,534
124900089,1216,18,1198
124900090,148,137,11
124900091,130,531,-401
124900092,103,372,-269
124900093,93,121,-28
124900094,113,163,-50
124900095,71,220,-149
124900096,359,70,289
124900097,110,33,77
124900098,98,339,-241
124900099,431,248,183
124900100,127,30,97
124900101,5,249,-244
124900102,89,4,85
124900103,61,322,-261
124900104,37,180,-143
124900105,49,150,-101
124900106,126,21,105
124900107,23,5,18
124900108,104,19,85
124900111,4,67,-63
124900112,14,699,-685
124900113,52,102,-50
124900114,140,45,95
124900115,17,29,-12
124900116,59,71,-12
124900117,574,99,475
124900118,82,73,9
124900119,188,83,105
124900120,12,285,-273
124900121,71,138,-67
124900122,447,155,292
124900123,345,52,293
124900124,118,118,0
204000001,40,17,23
204000002,9,17,-8
204000003,11,1,10
204000004,4,2,2
204000005,381,301,80
204000006,653,926,-273
204000011,12,74,-62
204000012,34,86,-52
204000019,472,426,46
204000020,260,692,-432
204000021,1614,719,895
204000022,380,419,-39
204000023,333,1120,-787
204000031,67,24,43
204000032,364,33,331
204000034,8,249,-241
204000035,0,3,-3
204000036,4,23,-19
204000037,0,11,-11
204000038,1,19,-18
204000039,7,31,-24
204000040,8,32,-24
204000041,0,32,-32
204000042,16,10,6
204000043,24,1,23
204000044,13,0,13
204000045,9,4,5
204000046,4,3,1
204000057,2,11,-9
204000062,9,125,-116
204000068,15,154,-139
204000069,15,183,-168
204000070,21,53,-32
204000080,18,66,-48
204000085,976,1393,-417
204000086,2691,1766,925
204000087,68,7,61
204000088,1,79,-78
204000090,8,320,-312
204000093,130,74,56
204000096,466,528,-62
204000097,150,27,123
204000099,582,1033,-451
204000100,714,734,-20
204000105,1485,1430,55
204000110,406,1111,-705
204000111,228,739,-511
204000112,373,870,-497
204000113,250,750,-500
204000114,274,353,-79
204000115,270,239,31
204000116,400,491,-91
204000119,1183,1347,-164
204000132,304,129,175
204000133,405,171,234
204000134,72,107,-35
204000135,247,85,162
204000136,207,179,28
204000138,141,151,-10
204000140,91,63,28
204000141,66,49,17
204000144,2,16,-14
204000145,309,27,282
204000146,21,388,-367
204000147,22,107,-85
204000148,166,39,127
204000154,0,1,-1
204000155,2,9,-7
204000177,48,63,-15
204000179,9,8,1
204000180,0,43,-43
204000222,3,4,-1
204000235,2,5,-3
204000236,69,293,-224
204000238,8,17,-9
204000240,223,51,172
204000263,422,1248,-826
204000268,728,459,269
204000308,134,17,117
204000317,9,70,-61
204000322,2,32,-30
204000323,9,6,3
204000328,91,82,9
204000329,72,86,-14
204000330,120,84,36
204000331,31,154,-123
205000001,884,1140,-256
205000013,11,63,-52
205000014,9,83,-74
205000015,23,178,-155
205000016,8,163,-155
205000017,30,76,-46
205000022,223,446,-223
205000025,1087,724,363
205000029,178,3,175
205000045,61,173,-112
205000046,45,457,-412
205000047,20,447,-427
205000048,175,953,-778
205000049,142,623,-481
205000050,1055,249,806
205000059,0,231,-231
205000060,0,57,-57
205000061,6,146,-140
205000062,1,94,-93
205000063,22,46,-24
205000064,8,88,-80
205000065,95,528,-433
205000066,70,626,-556
205000067,25,876,-851
205000069,168,19,149
205000082,101,219,-118
205000110,57,170,-113
205000111,144,218,-74
205000112,49,75,-26
205000113,168,196,-28
205000121,114,50,64
205000123,63,161,-98
205000126,310,88,222
205000127,469,142,327
205000128,345,71,274
205000129,415,78,337
205000130,216,46,170
205000131,358,9,349
205000132,344,0,344
205000133,252,1,251
205000134,121,0,121
205000137,53,125,-72
205000138,177,281,-104
205000139,10,82,-72
205000144,60,37,23
205000145,124,114,10
205000151,62,29,33
205000152,80,23,57
205000153,90,37,53
205000154,21,54,-33
205000155,35,10,25
205000207,6,135,-129
205000233,19,0,19
205000234,0,0,0
205000243,2,0,2
205000244,0,2,-2
205000245,6,267,-261
205000249,1,50,-49
205000250,1,0,1
205000264,5,74,-69
206000027,4,3,1
206000028,5,4,1
206000043,13,100,-87
206000053,1,5,-4
206000054,2,32,-30
206000055,1,16,-15
206000075,5,5,0
206000076,8,9,-1
206000077,3,3,0
206000078,5,0,5
206000079,27,1,26
206000082,317,10,307
206000100,46,548,-502
206000103,2,20,-18
206000104,6,22,-16
206000105,8,30,-22
206000106,9,14,-5
206000125,43,0,43
206000157,55,655,-600
206000170,0,236,-236
206000171,1,268,-267
206000172,5,1330,-1325
206000173,1,387,-386
206000174,3,155,-152
206000175,2,230,-228
206000176,18,456,-438
206000177,2,281,-279
206000178,0,227,-227
206000179,4,122,-118
206000180,17,215,-198
206000181,20,411,-391
206000182,12,466,-454
206000183,17,1062,-1045
206000184,7,470,-463
206000185,5,393,-388
206000186,35,1938,-1903
206000223,6,361,-355
206000226,0,7,-7
206000227,30,0,30
206000237,26,422,-396
206000238,21,803,-782
206000239,500,2498,-1998
206000240,0,65,-65
206000241,1,166,-165
206000242,5,616,-611
206000243,7,513,-506
206000244,28,1064,-1036
206000245,203,24,179
206000246,28,6,22
206000247,54,12,42
206000248,140,7,133
206000252,59,15,44
206000258,14,30,-16
206000315,17,4,13
206000317,162,60,102
206000318,142,29,113
206000319,323,60,263
206000320,29,28,1
206000321,58,13,45
206000322,110,3,107
206000323,68,4,64
206000324,34,14,20
206000325,62,8,54
206000326,45,4,41
206000327,113,7,106
206000328,42,0,42
206000329,52,3,49
206000330,18,5,13
206000331,62,3,59
206000332,9,3,6
206000333,131,1,130
206000334,91,0,91
206000335,0,19,-19
206000361,4,172,-168
206000392,4,34,-30
206000405,70,0,70
206000441,3,27,-24
206000498,33,4,29
206000515,52,11,41
206000530,88,31,57
206000531,89,40,49
206000532,2578,48,2530
206000535,335,2186,-1851
206000536,15,308,-293
206000537,10,146,-136
206000613,1019,109,910
206000784,331,18,313
207000001,117,428,-311
207000002,68,317,-249
207000003,73,234,-161
207000007,421,165,256
207000008,28,8,20
207000009,63,47,16
207000010,435,757,-322
207000012,147,140,7
207000015,368,2008,-1640
207000019,136,55,81
207000021,404,147,257
207000022,82,107,-25
207000023,91,45,46
207000024,4,11,-7
207000025,19,63,-44
207000026,92,35,57
207000027,9,85,-76
207000028,46,202,-156
207000029,261,440,-179
207000033,162,200,-38
207000034,153,48,105
207000039,157,113,44
207000040,98,75,23
207000041,17,16,1
207000042,120,46,74
207000043,106,153,-47
207000051,64,450,-386
207000052,9,271,-262
207000053,327,704,-377
207000054,17,163,-146
207000055,74,202,-128
207000056,227,558,-331
207000057,89,315,-226
207000058,76,567,-491
207000059,48,953,-905
207000060,47,369,-322
207000061,99,157,-58
207000062,130,41,89
207000063,144,106,38
207000064,263,178,85
207000065,223,189,34
207000066,66,150,-84
207000067,27,110,-83
207000068,64,78,-14
207000069,553,293,260
207000082,49,424,-375
207000083,65,463,-398
207000084,115,136,-21
207000085,96,12,84
207000086,84,2,82
207000106,42,24,18
207000107,17,19,-2
207000108,30,6,24
207000109,24,12,12
207000110,28,48,-20
207000111,68,49,19
207000112,151,201,-50
207000114,24,20,4
207000115,11,79,-68
207000116,25,282,-257
207000117,3,87,-84
207000118,5,105,-100
207000119,20,120,-100
207000123,97,13,84
207000124,50,13,37
207000125,26,23,3
207000126,35,31,4
207000134,19,290,-271
207000135,31,390,-359
207000148,18,116,-98
207000149,60,31,29
207000152,113,340,-227
207000153,809,944,-135
207000154,529,125,404
207000159,57,391,-334
207000160,93,862,-769
207000238,1,91,-90
207000242,6,174,-168
207000248,23,22,1
207000249,99,65,34
207000250,595,51,544
207000251,50,33,17
207000252,21,54,-33
207000278,23,50,-27
207000279,13,322,-309
207000280,176,37,139
207000281,80,1565,-1485
207000282,121,27,94
207000283,105,235,-130
207000284,29,62,-33
207000285,155,42,113
207000291,2,126,-124
207000304,79,56,23
207000306,67,453,-386
207000310,34,49,-15
207000353,152,4,148
207000356,1,14,-13
207000357,0,6,-6
207000358,3,2,1
207000415,6,164,-158
207000417,14,1,13
207000418,59,154,-95
207000438,0,7,-7
207000439,1002,328,674
207000446,119,3,116
207000460,15,11,4
207000466,138,187,-49
207000467,67,49,18
207000468,18,727,-709
207000476,1,57,-56
207000477,250,97,153
207000478,0,6,-6
207000523,0,16,-16
207000524,22,0,22
207000527,63,125,-62
207000530,152,5,147
207000531,143,5,138
207000532,41,11,30
207000534,465,39,426
207000535,34,186,-152
207000537,31,85,-54
207000540,10,125,-115
207000541,0,265,-265
207000548,6,260,-254
207000549,147,4,143
207000561,40,96,-56
207000562,24,142,-118
207000567,97,333,-236
207000568,60,76,-16
207000569,111,988,-877
207000584,285,111,174
207000585,50,184,-134
207000587,21,14,7
207000616,2,252,-250
207000617,128,0,128
207000624,42,33,9
207000631,2,38,-36
207900008,88,264,-176
208000001,314,580,-266
208000002,271,414,-143
208000003,547,531,16
208000004,714,671,43
208000005,18,20,-2
208000019,324,609,-285
208000020,148,384,-236
208000021,136,530,-394
208000022,487,724,-237
208000028,938,621,317
208000033,278,626,-348
208000034,780,1551,-771
208000037,415,69,346
208000040,33,108,-75
208000041,712,355,357
208000042,511,400,111
208000047,48,345,-297
208000064,1959,1029,930
208000066,1132,662,470
208000070,198,312,-114
208000071,244,640,-396
208000072,198,962,-764
208000080,139,286,-147
208000081,172,182,-10
208000082,222,333,-111
208000083,109,387,-278
208000084,17,4,13
208000085,725,534,191
208000086,377,782,-405
208000087,198,680,-482
208000089,574,621,-47
208000090,455,1068,-613
208000093,55,91,-36
208000094,246,471,-225
208000095,357,343,14
208000104,642,788,-146
208000105,334,909,-575
208000114,29,159,-130
208000115,405,292,113
208000116,172,704,-532
208000117,70,110,-40
208000118,59,103,-44
208000155,363,856,-493
208000158,1321,2334,-1013
208000186,2516,1734,782
208000204,283,941,-658
208000205,699,1156,-457
208000282,2844,1281,1563
209000004,113,146,-33
209000005,16,20,-4
209000006,511,79,432
209000007,196,173,23
209000010,469,132,337
209000011,97,167,-70
209000012,111,185,-74
209000013,161,561,-400
209000014,676,1502,-826
209000025,156,17,139
209000026,430,86,344
209000027,240,884,-644
209000028,193,881,-688
209000029,543,855,-312
209000030,453,1514,-1061
209000031,3547,2396,1151
209000034,89,140,-51
209000035,89,111,-22
209000036,95,70,25
209000037,131,143,-12
209000038,51,127,-76
209000039,39,104,-65
209000040,190,373,-183
209000041,99,336,-237
209000042,135,296,-161
209000043,396,466,-70
209000044,135,452,-317
209000045,771,312,459
209000046,268,373,-105
209000047,167,205,-38
209000048,291,168,123
209000049,81,153,-72
209000050,162,229,-67
209000051,246,439,-193
209000052,122,406,-284
209000062,26,175,-149
209000063,12,143,-131
209000064,15,185,-170
209000065,18,34,-16
209000066,29,33,-4
209000067,31,47,-16
209000080,19,150,-131
209000082,29,46,-17
209000091,29,91,-62
209000093,98,47,51
209000094,160,150,10
209000110,26,56,-30
209000111,227,922,-695
209000112,526,393,133
209000113,944,326,618
209000114,182,279,-97
209000115,74,208,-134
209000116,888,568,320
209000118,10,37,-27
209000119,32,9,23
209000121,175,753,-578
209000135,56,49,7
209000142,512,687,-175
209000143,104,61,43
209000144,60,61,-1
209000229,133,169,-36
209000240,11,463,-452
209000259,94,87,7
209000260,32,733,-701
209000261,10,493,-483
209000262,1,422,-421
209000263,0,83,-83
209000264,0,49,-49
209000265,241,20,221
209000266,51,0,51
209000267,291,6,285
209000268,274,16,258
210000037,34,33,1
210000047,35,31,4
210000048,27,30,-3
210000049,44,29,15
210000052,22,135,-113
210000053,8,79,-71
210000054,33,67,-34
210000070,44,1,43
210000071,27,0,27
210000072,7,0,7
210000073,0,18,-18
210000074,0,85,-85
210000075,0,40,-40
210000076,4,79,-75
210000077,38,23,15
210000078,39,34,5
210000079,44,7,37
210000080,115,49,66
210000081,73,6,67
210000082,62,1,61
210000083,70,0,70
210000084,21,0,21
210000085,0,84,-84
210000086,2,85,-83
210000099,29,236,-207
210000100,18,258,-240
210000101,46,226,-180
210000105,49,230,-181
210000159,0,113,-113
210000163,152,194,-42
210000164,338,92,246
210000168,161,14,147
210000187,0,8,-8
210000188,0,20,-20
210000214,70,0,70
210000219,19,59,-40
210000220,34,95,-61
210000232,1,15,-14
210000233,11,39,-28
210000234,19,120,-101
210000235,16,112,-96
210000245,10,39,-29
210000246,20,1,19
210000258,6,98,-92
210000259,118,12,106
210000282,38,148,-110
210000285,0,97,-97
210000286,8,154,-146
210000290,0,7,-7
210000295,15,174,-159
210000296,60,66,-6
210000320,116,135,-19
210000321,74,73,1
210000338,75,74,1
210000339,406,781,-375
210000340,69,231,-162
210000341,117,240,-123
210000342,111,194,-83
210000343,139,190,-51
210000344,231,81,150
210000345,190,159,31
210000346,104,128,-24
210000347,189,50,139
210000348,149,22,127
210000349,120,37,83
210000350,82,50,32
210000351,63,99,-36
210000352,28,106,-78
210000353,50,118,-68
210000354,34,114,-80
210000355,47,74,-27
210000356,85,47,38
210000357,66,67,-1
210000358,289,109,180
210000359,113,32,81
210000360,127,76,51
210000361,118,137,-19
210000362,120,147,-27
210000363,760,97,663
210000364,64,78,-14
210000365,43,26,17
210000366,62,30,32
210000367,39,13,26
210000368,94,9,85
210000369,18,38,-20
210000370,48,80,-32
210000372,31,21,10
210000373,112,4,108
210000374,44,16,28
210000375,20,57,-37
210000376,48,110,-62
210000404,87,126,-39
210000439,35,76,-41
210000472,93,5,88
210000482,68,66,2
210000564,430,127,303
210000567,0,19,-19
210000568,589,3,586
211000092,14,67,-53
211000094,5,12,-7
211000169,145,5,140
211000172,4,206,-202
211000209,0,4,-4
211000226,10,26,-16
211000270,19,8,11
211000275,9,14,-5
211000276,57,44,13
211000279,5,64,-59
211000281,25,62,-37
211000302,5,10,-5
211507980,0,13,-13
211977296,11,7,4
212000003,107,47,60
212000004,79,12,67
212000005,23,16,7
212000006,33,62,-29
212000008,81,245,-164
212000009,8,164,-156
212000012,33,57,-24
212000013,7,53,-46
212000014,200,148,52
212000015,232,209,23
212000016,336,573,-237
212000027,288,388,-100
212000028,174,415,-241
212000029,110,256,-146
212000030,20,24,-4
212000031,25,63,-38
212000048,13,91,-78
212000049,7,60,-53
212000050,11,3,8
212000051,129,194,-65
212000052,139,413,-274
212000053,228,481,-253
212000054,106,92,14
212000055,126,206,-80
212000056,7,29,-22
212000057,5,42,-37
212000058,317,23,294
212000070,69,311,-242
212000077,63,670,-607
212000099,142,191,-49
212000108,206,200,6
212000111,110,108,2
212000120,111,115,-4
212000138,82,8,74
212000156,3,86,-83
212000158,8,8,0
212000159,173,37,136
212000160,273,191,82
212000161,24,5,19
212000310,28,12,16
212000311,9,81,-72
212000374,9,4,5
213000001,19,629,-610
213000005,152,58,94
213000006,692,145,547
213000007,55,11,44
213000009,400,151,249
213000010,112,144,-32
213000011,168,73,95
213000012,101,434,-333
213000014,41,10,31
213000015,110,6,104
213000016,138,2,136
213000017,8,0,8
213000018,0,182,-182
213000019,0,156,-156
213000020,81,279,-198
213000021,4,128,-124
213000023,116,208,-92
213000033,187,699,-512
213000034,400,286,114
213000035,73,167,-94
213000045,84,230,-146
213000046,131,150,-19
213000047,424,631,-207
213000056,65,14,51
213000069,74,2,72
213000073,0,15,-15
213000074,162,513,-351
213000075,325,24,301
213000076,8,0,8
213000085,10,35,-25
213000086,5,212,-207
213000091,78,9,69
213000092,29,10,19
213000099,147,763,-616
213000100,996,183,813
213000101,108,151,-43
213000102,137,393,-256
213000103,478,727,-249
213000104,46,500,-454
213000105,1,69,-68
213000106,9,177,-168
213000107,104,689,-585
213000108,17,529,-512
213000109,1,275,-274
213000110,5,47,-42
213000111,9,35,-26
213000112,140,94,46
213000115,21,7,14
213000116,135,829,-694
213000117,3,1083,-1080
213000118,211,268,-57
213000119,46,952,-906
213000120,86,908,-822
213000122,227,893,-666
213000123,621,1851,-1230
213000124,39,1501,-1462
213000125,100,10,90
213000126,16,64,-48
213000127,110,105,5
213000128,658,590,68
213000129,548,261,287
213000130,157,154,3
213000132,147,68,79
213000133,184,66,118
213000134,483,14,469
213000136,257,7,250
213000137,320,78,242
213000139,406,11,395
213000147,23,2,21
213000148,22,5,17
213000149,14,4,10
213000150,0,79,-79
213000151,2,74,-72
213000152,3,62,-59
213000153,1,24,-23
213000154,10,222,-212
213000155,21,355,-334
213000156,78,621,-543
213000157,633,491,142
213000158,223,636,-413
213000159,261,557,-296
213000163,235,65,170
213000165,457,128,329
213000171,0,127,-127
213000172,0,321,-321
213000173,2,293,-291
213000174,0,207,-207
213000175,4,150,-146
213000176,14,10,4
213000177,11,1,10
213000178,42,0,42
213000179,72,0,72
213000180,25,0,25
213000184,39,402,-363
213000188,87,53,34
213000189,122,36,86
213000190,447,658,-211
213000191,116,508,-392
213000192,100,683,-583
213000193,1637,177,1460
213000194,0,20,-20
213000195,11,462,-451
213000196,142,757,-615
213000197,225,325,-100
213000198,31,0,31
213000200,93,1064,-971
213000201,131,47,84
213000202,6,937,-931
213000203,2746,291,2455
213000204,384,41,343
213000205,117,27,90
213000206,188,57,131
213000207,51,16,35
213000208,180,1,179
213000209,93,1,92
213000210,328,2,326
213000211,4,4,0
213000212,15,26,-11
213000213,11,20,-9
213000218,97,991,-894
213000219,310,10,300
213000220,292,12,280
213000223,153,106,47
213000224,29,24,5
213000225,16,6,10
213000226,22,5,17
213000227,420,191,229
213000228,138,50,88
213000229,503,17,486
213000230,204,16,188
213000232,87,515,-428
213000233,5,18,-13
213000234,10,21,-11
213000293,17,44,-27
213000294,113,8,105
213000295,3,60,-57
213000296,34,13,21
213000297,9,76,-67
213000298,6,86,-80
213000299,28,46,-18
213000300,3,2,1
213000303,7,40,-33
213000304,4,5,-1
213000305,2,4,-2
213000306,81,21,60
213000307,304,56,248
213000308,102,319,-217
213000309,163,39,124
213000310,128,76,52
213000311,261,570,-309
213000315,59,161,-102
213000316,34,39,-5
213000322,62,106,-44
213000323,25,63,-38
213000324,16,31,-15
213000325,5,83,-78
213000326,15,19,-4
213000327,4,48,-44
213000328,22,65,-43
213000329,11,19,-8
213000340,91,1089,-998
213000341,163,49,114
213000346,83,87,-4
213000347,724,108,616
213000348,12,206,-194
213000349,77,11,66
213000350,201,1710,-1509
213000366,38,292,-254
213000367,72,18,54
213000379,69,266,-197
213000386,10,197,-187
213000406,94,314,-220
213000417,780,272,508
213000425,65,33,32
213000426,42,81,-39
213000427,10,409,-399
213000428,36,213,-177
213000429,5,4,1
213000430,73,982,-909
213000431,24,0,24
213000432,3,10,-7
213000433,14,123,-109
213000434,43,114,-71
213000435,61,62,-1
213000436,8,80,-72
213000437,0,28,-28
213000438,64,57,7
213000439,17,10,7
213000440,9,164,-155
213000441,1,0,1
213000442,0,31,-31
213000443,277,289,-12
213000444,31,56,-25
213000445,1,113,-112
213000446,0,9,-9
213000447,0,29,-29
213000448,1,64,-63
213000449,77,2,75
213000450,7,38,-31
213000451,59,78,-19
213000452,1,25,-24
213000453,43,355,-312
213000455,240,4,236
213000456,1,147,-146
213000481,10,3,7
213000482,45,0,45
213000489,288,54,234
213000491,1,100,-99
213000492,229,1,228
213000493,0,73,-73
213000494,126,112,14
213000495,0,86,-86
213000496,218,294,-76
213000497,56,452,-396
213000498,63,306,-243
213000499,93,616,-523
213000500,228,81,147
213000501,59,22,37
213000502,99,27,72
213000503,0,75,-75
213000504,9,243,-234
213000505,6,7,-1
213000506,0,5,-5
213000507,2,164,-162
213900244,8,0,8
213900245,0,15,-15
218000003,18,13,5
218000004,20,21,-1
218000005,18,19,-1
218000006,85,13,72
218000007,4,1,3
218000012,189,98,91
218000013,74,104,-30
218000014,327,296,31
218000019,621,424,197
218000020,231,355,-124
218000021,9,91,-82
218000022,9,40,-31
218000023,1,39,-38
218000024,3,19,-16
218000025,13,34,-21
218000026,5,44,-39
218000027,0,25,-25
218000028,0,5,-5
218000029,3,2,1
218000030,13,28,-15
218000031,1,56,-55
218000032,0,26,-26
218000040,3,1,2
218000046,16,167,-151
218000047,5,215,-210
218000048,68,207,-139
218000049,76,174,-98
218000050,256,329,-73
218000051,45,336,-291
218000052,1,124,-123
218000053,15,14,1
218000054,17,34,-17
218000055,22,19,3
218000056,20,35,-15
218000057,1,29,-28
218000064,0,3,-3
218000065,31,41,-10
218000066,5,44,-39
218000067,19,82,-63
218000068,41,74,-33
218000069,67,167,-100
218000070,75,208,-133
218000071,105,200,-95
218000072,161,192,-31
218000078,449,1374,-925
218000079,28,60,-32
218000080,45,43,2
218000081,157,255,-98
218000082,10,120,-110
218000083,31,37,-6
218000084,47,200,-153
218000085,56,458,-402
218000086,20,148,-128
218000087,111,257,-146
218000090,8,91,-83
218000091,668,381,287
218000092,36,123,-87
218000093,70,81,-11
218000094,402,785,-383
218000099,227,374,-147
218000100,181,230,-49
218000101,115,111,4
218000102,101,257,-156
218000103,35,183,-148
218000104,34,58,-24
218000105,15,4,11
218000106,1,21,-20
218000107,56,79,-23
218000108,3,43,-40
218000112,51,4,47
218000117,17,22,-5
218000134,394,835,-441
218000135,20,111,-91
218000136,134,36,98
218000137,69,122,-53
218000138,5,59,-54
218000139,70,309,-239
218000140,116,157,-41
218000141,19,62,-43
218000142,80,87,-7
218000143,18,116,-98
218000144,27,82,-55
218000145,142,290,-148
218000146,46,128,-82
218000151,7,10,-3
218000152,31,38,-7
218000153,0,5,-5
218000154,1,0,1
218000155,12,0,12
218000156,19,13,6
218000157,12,7,5
218000158,0,1,-1
218000159,3,4,-1
218000160,1,1,0
218000161,6,3,3
218000162,4,7,-3
218000163,1,3,-2
218000164,11,5,6
218000165,16,19,-3
218000170,0,29,-29
218000171,22,11,11
218000172,34,6,28
218000173,37,19,18
218000174,10,4,6
218000176,81,15,66
218000177,210,83,127
218000178,54,71,-17
218000179,45,38,7
218000180,15,19,-4
218000181,91,36,55
218000187,3,13,-10
218000188,40,36,4
218000189,17,54,-37
218000190,19,25,-6
218000191,46,75,-29
218000192,75,473,-398
218000193,265,600,-335
218000194,58,546,-488
218000195,76,72,4
218000196,191,211,-20
218000197,111,296,-185
218000198,0,107,-107
218000199,15,21,-6
218000200,58,35,23
218000201,8,10,-2
218000202,111,119,-8
218000207,6,64,-58
218000208,20,60,-40
218000211,32,7,25
218000212,2,6,-4
218000213,96,61,35
218000214,3,20,-17
218000215,37,99,-62
218000217,2,118,-116
218000218,138,63,75
218000219,24,16,8
218000220,70,268,-198
218000221,439,90,349
218000222,16,4,12
218000223,12,83,-71
218000224,1,53,-52
218000225,73,10,63
218000226,40,42,-2
218000230,0,7,-7
218000232,43,72,-29
218000239,33,4,29
218000240,7,0,7
218000241,9,0,9
218000242,71,0,71
218000243,21,0,21
218000244,10,2,8
218000245,4,3,1
218000246,0,0,0
218000247,1,0,1
218000248,0,18,-18
218000249,1,0,1
218000250,5,7,-2
218000251,5,10,-5
218000252,7,18,-11
218000253,24,3,21
218000254,0,5,-5
218000255,2,3,-1
218000256,5,32,-27
218000267,759,1000,-241
218000268,6,68,-62
218000269,11,13,-2
218000270,42,74,-32
218000271,31,85,-54
218000273,7,12,-5
218000274,8,9,-1
218000275,10,26,-16
218000276,8,50,-42
218000278,8,15,-7
218000279,15,56,-41
218000280,1,37,-36
218000281,14,8,6
218000282,431,171,260
218000284,115,15,100
218000301,40,82,-42
218000302,51,29,22
218000303,28,47,-19
218000316,465,845,-380
218000317,523,881,-358
218000318,249,701,-452
218000319,580,1775,-1195
218000320,462,771,-309
218000338,39,20,19
218000345,84,41,43
218000346,62,133,-71
218000459,69,348,-279
218000490,26,81,-55
218000501,30,21,9
218000502,59,86,-27
218000503,32,9,23
218000504,102,5,97
218000505,42,140,-98
218000506,16,126,-110
218000508,1,2,-1
218000510,146,2,144
218000520,113,81,32
218000521,2,72,-70
218000522,0,113,-113
218000523,60,5,55
218000524,43,87,-44
218000525,126,11,115
218000526,26,35,-9
218000529,32,296,-264
218000530,0,3,-3
218000531,1,12,-11
218000532,14,32,-18
218000534,46,17,29
218000537,25,40,-15
218000538,53,84,-31
218000540,244,44,200
218000543,54,22,32
218000544,31,110,-79
218000545,19,50,-31
218000546,41,106,-65
218000547,39,62,-23
218000548,68,213,-145
218000549,272,72,200
218000550,235,485,-250
218000551,184,272,-88
218000552,498,19,479
218000553,53,80,-27
218000554,7,16,-9
218000555,18,46,-28
218000556,56,423,-367
218000557,143,195,-52
218000558,75,33,42
218000559,0,28,-28
218000560,0,6,-6
218000561,11,0,11
218000562,30,114,-84
218000563,113,21,92
218000564,18,108,-90
218000565,140,33,107
218000566,473,16,457
218000567,2,70,-68
218000568,8,0,8
218000569,13,95,-82
218000570,242,10,232
218000571,1,88,-87
218000572,53,1,52
218000573,8,76,-68
218000574,123,48,75
218000575,87,0,87
218000576,0,48,-48
218000577,21,0,21
218000578,1,82,-81
218000579,22,1,21
218000581,1,62,-61
218000582,6,4,2
218000583,4,0,4
218000584,0,27,-27
218000585,6,1,5
218000586,2,22,-20
218000587,0,0,0
218000588,0,1,-1
218000589,0,0,0
218000590,0,0,0
218000591,2,3,-1
218000592,0,0,0
218000593,0,0,0
218000594,0,0,0
218000597,0,0,0
218000598,0,0,0
218000599,0,0,0
218000600,0,0,0
218000601,0,0,0
218000602,0,1,-1
218000603,0,3,-3
218000604,2,2,0
218000605,0,11,-11
218000606,18,1,17
218000607,7,25,-18
218000608,32,9,23
218000609,4,46,-42
218000610,18,5,13
218000611,3,0,3
218000612,0,25,-25
218000613,20,0,20
218000614,3,65,-62
218000615,94,0,94
218000616,1,110,-109
218000617,0,0,0
218000618,0,15,-15
218000619,8,24,-16
218000620,0,15,-15
218000621,0,1,-1
218000622,0,4,-4
218000623,22,3,19
218000624,4,10,-6
218000625,3,0,3
218000626,1,4,-3
218000628,61,24,37
218000631,31,25,6
218000632,0,53,-53
218000633,26,0,26
218000634,4,10,-6
218000635,2,8,-6
218000636,410,1523,-1113
218000637,469,477,-8
218000638,98,61,37
218000639,5,209,-204
218000640,64,21,43
218000641,57,372,-315
218000652,118,137,-19
218000653,136,43,93
218000663,6,101,-95
218000675,52,54,-2
218000676,0,33,-33
218000677,2,5,-3
218000680,213,593,-380
218000681,333,82,251
218000691,81,427,-346
218000693,63,80,-17
218000703,10,60,-50
218000718,768,318,450
218000719,983,67,916
218000720,6,31,-25
218000721,35,7,28
218000725,9,4,5
218001147,5,170,-165
218001214,18,11,7
218001258,40,3,37
218001329,100,139,-39
218001330,136,122,14
218001351,12,21,-9
218001352,9,25,-16
218001353,16,15,1
218001354,0,18,-18
218001355,15,398,-383
218001356,108,2,106
218001357,38,287,-249
218001358,125,16,109
218001361,128,8,120
218001362,1,393,-392
219000001,15,39,-24
219000002,14,47,-33
219000003,14,18,-4
219000004,47,37,10
219000017,71,5,66
219000020,52,13,39
219000022,63,0,63
219000023,27,2,25
219000029,0,65,-65
219000034,20,12,8
219000039,13,54,-41
219000040,17,17,0
219000041,41,30,11
219000051,0,45,-45
219000052,0,29,-29
219000053,1,264,-263
219000054,11,131,-120
219000055,59,0,59
219000056,20,1,19
219000057,39,0,39
219000062,11,313,-302
219000063,20,13,7
219000064,1,36,-35
219000110,187,24,163
219000111,96,18,78
219000112,113,29,84
219000113,118,19,99
219000114,147,31,116
219000116,54,20,34
219000117,75,97,-22
219000118,49,58,-9
219000123,187,89,98
219000124,38,50,-12
219000125,1,21,-20
219000126,51,70,-19
219000127,4,5,-1
219000128,19,87,-68
219000129,19,89,-70
219000130,721,856,-135
219000131,738,720,18
219000133,51,19,32
219000134,3,8,-5
219000135,13,33,-20
219000136,133,110,23
219000138,25,22,3
219000139,15,34,-19
219000140,24,0,24
219000141,10,101,-91
219000142,5,68,-63
219000143,10,76,-66
219000145,14,29,-15
219000146,8,87,-79
219000147,0,66,-66
219000148,1,68,-67
219000149,15,210,-195
219000150,2,122,-120
219000151,6,106,-100
219000157,85,103,-18
219000158,105,196,-91
219000161,112,2,110
219000163,1093,381,712
219000166,44,136,-92
219000167,75,215,-140
219000168,257,57,200
219000174,262,64,198
219000175,32,0,32
219000176,40,5,35
219000177,4,7,-3
219000178,18,2,16
219000179,9,1,8
219000180,21,34,-13
219000182,50,6,44
219000183,16,54,-38
219000184,31,2,29
219000185,0,91,-91
219000186,12,39,-27
219000187,8,166,-158
219000189,104,113,-9
219000190,109,145,-36
219000191,1156,851,305
219000192,102,99,3
219000193,511,101,410
219000195,2,44,-42
219000196,5,134,-129
219000198,25,136,-111
219000199,61,144,-83
219000200,30,193,-163
219000201,67,232,-165
219000203,31,100,-69
219000204,84,186,-102
219000205,40,158,-118
219000207,136,162,-26
219000209,18,83,-65
219000210,49,112,-63
219000213,4,334,-330
219000239,112,223,-111
219000240,130,227,-97
219000241,66,243,-177
219000242,37,232,-195
219000243,58,364,-306
219000244,6,86,-80
219000245,57,37,20
219000246,25,11,14
219000247,87,19,68
219000248,295,146,149
219000249,73,40,33
219000250,98,60,38
219000251,286,116,170
219000252,144,76,68
219000253,162,21,141
219000255,54,51,3
219000256,58,69,-11
219000257,45,0,45
219000262,53,306,-253
219000263,37,209,-172
219000267,1,138,-137
219000268,3,7,-4
219000269,1,0,1
219000270,8,0,8
219000271,66,9,57
219000278,0,15,-15
219000279,1,3,-2
219000283,0,4,-4
219000295,3,84,-81
219000296,45,433,-388
219000297,7,122,-115
219000298,10,157,-147
219000299,270,44,226
219000300,24,254,-230
219000301,192,231,-39
219000302,31,119,-88
219000307,19,52,-33
219000308,34,23,11
219000311,101,33,68
219000312,296,41,255
219000313,122,19,103
219000314,71,509,-438
219000315,118,23,95
219000316,203,16,187
219000317,33,22,11
219000320,0,34,-34
219000321,0,8,-8
219000323,0,100,-100
219000325,1,34,-33
219000326,30,108,-78
219000327,32,25,7
219000328,19,32,-13
219000329,149,59,90
219000330,18,21,-3
219000331,9,17,-8
219000332,34,76,-42
219000333,3,1,2
219000335,44,0,44
219000337,13,0,13
219000338,34,0,34
219000344,17,54,-37
219000345,62,151,-89
219000346,17,135,-118
219000348,65,199,-134
219000349,21,273,-252
219000350,14,59,-45
219000351,8,7,1
219000352,145,43,102
219000353,50,46,4
219000354,82,120,-38
219000355,74,27,47
219000356,1424,448,976
219000363,273,28,245
219000364,83,10,73
219000365,72,5,67
219000366,146,132,14
219000368,252,286,-34
219000370,806,174,632
219000371,3,19,-16
219000382,7,10,-3
219000383,524,553,-29
219000385,454,375,79
219000386,807,1100,-293
219000387,1,0,1
219000390,2,0,2
219000391,2,0,2
219000397,68,61,7
219000398,41,17,24
219000401,8,81,-73
219000402,24,82,-58
219000403,63,126,-63
219000404,12,71,-59
219000407,1,18,-17
219000409,30,25,5
219000410,38,15,23
219000411,24,14,10
219000446,211,432,-221
219000447,1,4,-3
219000448,2,5,-3
219000452,73,42,31
219000453,58,85,-27
219000454,259,138,121
219000556,74,64,10
219000558,52,356,-304
219000590,5,191,-186
219000591,21,43,-22
219000592,84,368,-284
219000595,0,41,-41
219000635,30,21,9
219000636,7,86,-79
219000657,16,13,3
219000658,11,36,-25
219000673,0,4,-4
219000676,2,1,1
219000679,15,3,12
219000684,38,3,35
219000685,1,105,-104
219000686,0,3,-3
219000688,1,96,-95
219000689,33,180,-147
219000690,143,26,117
219000691,63,100,-37
219000692,126,16,110
219000693,0,22,-22
219000694,3,0,3
219000695,5,2,3
219000698,10,0,10
219000699,0,1,-1
219000727,3,229,-226
219000728,19,2,17
219000770,15,0,15
219000771,1,17,-16
219000788,223,198,25
219001150,0,9,-9
219001151,1,2,-1
219001166,19,6,13
219001167,4,52,-48
219001178,12,1,11
220000001,24,39,-15
220000002,11,130,-119
220000003,310,251,59
220000004,419,542,-123
220000005,970,996,-26
220000006,103,576,-473
220000007,163,598,-435
220000008,190,1017,-827
220000009,111,453,-342
220000010,147,103,44
220000011,499,1791,-1292
220000012,122,187,-65
220000014,53,45,8
220000015,66,252,-186
220000017,37,309,-272
220000018,4458,1012,3446
220000019,35,177,-142
220000020,183,146,37
220000021,343,138,205
220000022,273,407,-134
220000023,89,115,-26
220000024,902,187,715
220000025,391,270,121
220000026,109,98,11
220000027,4,64,-60
220000028,21,29,-8
220000029,51,129,-78
220000030,143,101,42
220000031,112,201,-89
220000064,10,765,-755
221000046,0,1,-1
221000047,0,0,0
221000048,0,1,-1
221000049,0,9,-9
221000050,8,0,8
221000055,53,35,18
221000057,24,7,17
221000068,251,95,156
221000069,175,35,140
221000070,76,18,58
221000071,43,6,37
221000072,152,7,145
221000073,159,37,122
221000074,1,6,-5
221000075,15,12,3
221000076,4,15,-11
221000077,19,53,-34
221000081,13,5,8
221000082,21,5,16
221000083,49,8,41
221000084,5,4,1
221000085,6,65,-59
221000086,8,98,-90
221000087,4,128,-124
221000088,5,166,-161
221000089,29,273,-244
221000090,64,441,-377
221000098,68,12,56
221000099,77,14,63
221000100,52,6,46
221000101,238,14,224
221000102,68,12,56
221000109,2,81,-79
221000110,2,126,-124
221000111,16,143,-127
221000112,11,160,-149
221000113,10,171,-161
221000114,9,169,-160
221000120,17,25,-8
221000121,4,20,-16
221000122,4,15,-11
221000123,19,35,-16
221000124,25,281,-256
221000155,45,11,34
221000156,22,31,-9
221000175,2,8,-6
221000176,0,1,-1
221000182,23,4,19
221000241,558,145,413
221000242,168,340,-172
221000243,390,90,300
221000244,168,439,-271
221000245,55,93,-38
221000246,26,308,-282
221000247,88,119,-31
221000248,94,210,-116
221000267,34,692,-658
221000325,47,31,16
221000331,4,67,-63
221000338,8,17,-9
221000378,100,18,82
221000381,53,114,-61
222000282,0,2,-2
222000296,2,19,-17
222000568,203,16,187
222000569,92,29,63
222000570,105,10,95
222000571,113,14,99
222000577,10,276,-266
222000578,10,271,-261
222000579,42,149,-107
222000580,78,870,-792
222000599,0,114,-114
222000600,1,278,-277
222000601,7,715,-708
222000603,35,16,19
222000604,20,37,-17
222000605,5,10,-5
222000606,0,12,-12
222000607,3,2,1
222000608,18,21,-3
222000609,24,354,-330
222000616,90,34,56
222000617,1,20,-19
222000618,0,1,-1
222000620,65,8,57
222000621,77,16,61
222000623,415,2,413
222000624,175,5,170
222000625,247,22,225
222000636,34,2,32
222000686,8,6,2
222000687,12,26,-14
222001066,222,2,220
222001067,3,15,-12
222001068,13,37,-24
222001069,12,39,-27
222001082,5,39,-34
222001083,5,65,-60
222001084,0,61,-61
222001085,0,56,-56
222001111,19,244,-225
222001112,24,68,-44
222001313,3,3,0
222001314,0,65,-65
222001464,80,38,42
222001465,26,257,-231
222001484,46,39,7
222001485,17,73,-56
222001494,156,96,60
222001495,115,548,-433
222001496,88,68,20
222001497,100,796,-696
222001502,16,96,-80
222001503,17,36,-19
222001504,9,235,-226
222001505,147,1,146
222001506,21,177,-156
222001507,142,21,121
222001510,140,15,125
222001511,29,438,-409
222001514,289,79,210
222001515,145,616,-471
222001518,59,34,25
222001519,35,423,-388
222001527,128,36,92
222001528,39,191,-152
222001529,61,20,41
222001530,26,247,-221
222001533,67,382,-315
222001534,100,30,70
222001535,42,108,-66
222001536,74,427,-353
222001537,188,20,168
222001538,49,437,-388
222001563,281,65,216
222001564,31,759,-728
222001568,133,92,41
222001576,1,1,0
222001579,0,3,-3
222001583,29,237,-208
222001584,34,24,10
222001596,323,1288,-965
222001597,476,135,341
222001626,0,154,-154
222001650,41,37,4
222001651,39,102,-63
222001914,151,54,97
222001915,47,208,-161
222001968,295,164,131
222001969,352,966,-614
222001970,70,210,-140
222001971,5,35,-30
222001972,0,17,-17
225000001,241,72,169
225000002,180,62,118
225000003,190,52,138
225000004,160,102,58
225000005,25,35,-10
225000006,0,142,-142
225000007,2856,930,1926
225000010,112,14,98
225000011,478,574,-96
225000012,97,377,-280
225000013,116,123,-7
225000014,518,69,449
225000015,37,191,-154
225000021,411,143,268
225000027,221,423,-202
225000032,359,126,233
225000042,34,630,-596
225000049,25,67,-42
225000050,27,9,18
225000053,6,155,-149
225000058,418,114,304
225000067,121,205,-84
225000068,39,515,-476
225000069,170,447,-277
225000070,63,505,-442
225000071,18,296,-278
225000075,15,609,-594
225000076,73,107,-34
225000078,57,21,36
225000085,11,64,-53
225000086,81,23,58
225000087,65,11,54
225000088,7,122,-115
225000089,292,524,-232
225000090,14,312,-298
225000091,69,205,-136
225000092,45,78,-33
225000093,112,368,-256
225000094,8,498,-490
225000095,261,555,-294
225000096,181,354,-173
225000098,302,66,236
225000099,127,58,69
225000100,85,61,24
225000104,43,333,-290
225000110,11,415,-404
225000111,142,1074,-932
225000112,214,851,-637
225000113,105,625,-520
225000114,44,277,-233
225000115,2359,409,1950
225000116,688,61,627
225000117,658,276,382
225000118,461,215,246
225000119,85,52,33
225000120,316,31,285
225000121,137,17,120
225000123,571,9,562
225000125,228,301,-73
225000126,851,140,711
225000127,822,387,435
225000128,293,331,-38
225000132,181,28,153
225000133,155,19,136
225000134,364,65,299
225000135,31,20,11
225000136,65,9,56
225000137,67,38,29
225000138,244,38,206
225000143,77,102,-25
225000144,10,298,-288
225000145,9,23,-14
225000146,34,86,-52
225000147,14,295,-281
225000148,21,201,-180
225000149,47,427,-380
225000151,30,238,-208
225000155,205,292,-87
225000156,139,589,-450
225000157,143,314,-171
225000158,61,329,-268
225000171,4,120,-116
225000180,27,0,27
225000181,0,44,-44
225000182,45,5,40
225000185,5,283,-278
225000187,27,331,-304
225000191,45,0,45
225000194,1,16,-15
225000208,1,44,-43
225000209,24,9,15
225000210,2,191,-189
225000217,0,18,-18
225000218,3,1,2
225000223,1,40,-39
225000224,426,0,426
225000225,1,12,-11
225000226,40,1,39
225000227,21,45,-24
225000228,7,3,4
225000229,0,62,-62
225000230,4,0,4
225000231,1,73,-72
225000232,40,0,40
225000241,82,0,82
225000242,1,49,-48
225000249,1,0,1
225000250,41,768,-727
225000251,209,35,174
226000042,318,324,-6
226000043,44,230,-186
226000044,120,728,-608
226000045,50,387,-337
226000046,323,25,298
226000047,289,46,243
226000048,190,28,162
226000049,130,54,76
226000070,0,41,-41
226000071,0,91,-91
226000072,0,13,-13
226000073,0,16,-16
226000074,1,10,-9
226000084,3,39,-36
226000085,2,9,-7
226000086,2,11,-9
226000087,2,5,-3
226000088,8,7,1
226000090,44,21,23
226000091,16,0,16
226000092,3,0,3
226000093,63,0,63
226000094,15,1,14
226000095,15,0,15
226000105,13,0,13
226000106,1,0,1
226000107,2,0,2
226000108,16,0,16
226000109,46,0,46
226000124,114,60,54
226000134,191,322,-131
226000135,504,408,96
226000136,130,238,-108
226000137,7,398,-391
226000138,7,210,-203
226000139,0,9,-9
226000156,44,2,42
226000157,32,13,19
226000163,37,31,6
226000202,3,447,-444
226000231,83,3,80
226000232,9,6,3
227000033,315,45,270
227000036,159,12,147
227000037,92,17,75
227000038,112,20,92
227000049,0,11,-11
227000050,1,37,-36
227000055,7,0,7
227000056,7,0,7
227000084,0,44,-44
227000085,0,39,-39
227000088,24,1,23
227000089,53,2,51
227000090,30,1,29
227000091,6,0,6
227000092,0,0,0
227000093,29,0,29
227000094,3,0,3
227000130,26,63,-37
227000131,6,316,-310
227000132,6,301,-295
227000133,8,326,-318
227000134,10,460,-450
227000152,0,0,0
227000153,0,18,-18
227000154,0,1,-1
227000155,0,7,-7
227000156,0,25,-25
227000165,1,27,-26
227000196,117,370,-253
227000199,81,580,-499
227000230,13,586,-573
227000232,106,11,95
227000242,51,495,-444
227000243,254,40,214
227000245,5,401,-396
227000246,71,447,-376
227000247,172,39,133
227000248,81,32,49
227000249,27,178,-151
227000250,312,113,199
227000251,156,313,-157
227000252,12,438,-426
227000253,59,25,34
227000262,256,12,244
227000266,395,16,379
227000267,46,2404,-2358
227000282,8,290,-282
227000284,139,5,134
227000286,2,94,-92
227000287,4,142,-138
227000291,9,734,-725
227000484,254,21,233
227000485,21,822,-801
227000655,20,6,14
227000656,407,18,389
227000657,14,11,3
227000661,171,2,169
227000680,72,25,47
229000265,3,27,-24
229000296,0,7,-7
229000297,1,65,-64
229000298,0,123,-123
229000320,8,8,0
229000321,10,1,9
229000412,7,40,-33
229000414,15,61,-46
229000415,4,0,4
229000416,0,2,-2
229000417,0,5,-5
229000419,50,189,-139
229000440,130,43,87
229000442,5,0,5
229000443,1,7,-6
229000444,0,34,-34
229000445,47,4,43
229000446,30,8,22
229000491,1,29,-28
229000492,2,123,-121
229000493,1,96,-95
229000494,18,3,15
229000495,42,5,37
229000496,11,0,11
229000507,0,18,-18
229000508,1,28,-27
229000509,1,52,-51
229000510,1,26,-25
229000511,0,38,-38
229000512,0,39,-39
229000513,0,6,-6
229000514,0,2,-2
229000517,2,8,-6
229000518,9,30,-21
229000519,1,7,-6
229000520,4,30,-26
229000521,14,9,5
229000522,4,9,-5
229000523,0,6,-6
229000524,3,2,1
229000527,1,1,0
229000528,0,0,0
229000529,3,0,3
229000530,29,0,29
229000531,12,1,11
229000532,6,1,5
229000533,39,0,39
229000534,37,0,37
229000564,35,1,34
229000565,2,0,2
229000566,0,8,-8
229000567,0,35,-35
229000582,62,0,62
229000583,2,0,2
229000584,0,15,-15
229000585,0,39,-39
229000718,0,2,-2
229000719,0,0,0
229000720,0,11,-11
229000721,0,11,-11
229000722,0,28,-28
229000723,0,12,-12
229000724,0,1,-1
229000725,0,2,-2
229000738,0,0,0
229000739,0,0,0
229000740,0,0,0
229000741,0,0,0
229000742,1,0,1
229000743,1,0,1
229000744,0,0,0
229000745,0,0,0
229000746,2,0,2
229000847,5,0,5
229000848,6,0,6
229000849,95,0,95
229000851,9,0,9
229000854,0,35,-35
229000856,0,84,-84
229000857,0,36,-36
229000858,2,83,-81
229000919,9,63,-54
229000930,2,92,-90
229000937,81,10,71
229000966,37,19,18
229000981,10,28,-18
229000985,3,35,-32
229000986,0,20,-20
229000987,0,1,-1
229000988,1,4,-3
229000989,1,2,-1
229000990,0,0,0
229000991,0,1,-1
229000992,5,6,-1
229000993,109,4,105
229000998,7,63,-56
229000999,39,15,24
229001034,1,15,-14
229001035,3,0,3
229001037,18,11,7
229001042,9,9,0
229001047,3,30,-27
229001050,14,40,-26
229001168,0,2,-2
229001200,15,1,14
229001338,35,7,28
229001394,183,3,180
229001422,63,32,31
229001423,13,95,-82
229001431,26,28,-2
229001432,19,34,-15
229001444,68,38,30
229001445,39,168,-129
229001479,2,3,-1
229001503,94,68,26
229001504,41,161,-120
229001505,37,30,7
229001506,20,102,-82
229001509,21,29,-8
229001545,41,6,35
229001546,5,53,-48
229001553,27,9,18
229001554,2,70,-68
229001559,2,7,-5
229001560,0,22,-22
229001630,51,7,44
229001631,4,18,-14
229001635,0,5,-5
229001636,0,0,0
229001658,0,38,-38
229001659,46,1,45
229001660,0,6,-6
229001661,1,11,-10
229001662,19,0,19
229001663,0,11,-11
229002584,78,136,-58
229002831,131,79,52
229002841,0,26,-26
229002842,2,10,-8
229002843,13,6,7
229002844,27,45,-18
229002845,15,48,-33
229002846,9,5,4
229002847,1,6,-5
229002848,1,5,-4
229002849,2,71,-69
229002850,2,0,2
229002851,32,77,-45
229002852,30,15,15
229002853,39,13,26
229002854,19,32,-13
229002855,5,31,-26
229002856,13,6,7
229002857,2,25,-23
229002858,9,5,4
229002859,2,5,-3
229002860,26,3,23
229002861,7,5,2
229002862,6,26,-20
229002863,11,44,-33
229002864,8,19,-11
229002865,41,7,34
229002866,29,19,10
229002867,0,18,-18
229002868,7,7,0
229002869,3,126,-123
229002870,11,3,8
235000066,252,61,191
235000067,74,94,-20
235000072,12,33,-21
235000073,33,182,-149
235000074,19,79,-60
235000080,8,100,-92
235000081,42,153,-111
235000082,32,64,-32
235000083,64,90,-26
235000084,10,41,-31
235000085,62,65,-3
235000089,10,16,-6
235000092,5,148,-143
235000093,3,1,2
235000097,1,3,-2
235000098,18,8,10
235000099,10,19,-9
235000116,37,22,15
235000117,771,12,759
235000133,2,152,-150
235000134,7,54,-47
235000206,0,0,0
235000207,1,8,-7
235000208,0,1,-1
235000209,3,1,2
235000210,3,2,1
235000212,2,9,-7
235000213,0,3,-3
235000220,0,4,-4
235000221,23,9,14
235000238,6,10,-4
235000239,0,3,-3
235000242,171,156,15
235000245,769,112,657
235000246,7,32,-25
235000284,2,105,-103
235000295,65,3,62
235000305,78,6,72
235000306,34,8,26
235000307,13,1,12
235000308,6,1,5
235000309,20,0,20
235000310,26,0,26
235000311,18,6,12
235000322,0,24,-24
235000323,1,49,-48
235000324,0,13,-13
235000325,0,26,-26
235000326,16,336,-320
235000351,1,80,-79
235000352,20,45,-25
235000353,1,17,-16
235000354,2,29,-27
235000355,14,64,-50
235000356,25,7,18
235000357,48,14,34
235000358,18,8,10
235000359,1,3,-2
235000360,12,5,7
235000361,38,2,36
235000381,32,317,-285
235000382,58,55,3
235000390,7,3,4
235000391,56,25,31
235000392,49,102,-53
235000393,32,54,-22
235000395,46,11,35
235000396,102,27,75
235000400,48,19,29
235000401,35,155,-120
235000405,56,266,-210
235000406,13,224,-211
235000407,43,80,-37
235000409,150,105,45
235000410,14,161,-147
235000411,6,69,-63
235000485,0,13,-13
235000486,1,0,1
235000549,55,59,-4
235000550,57,183,-126
235000599,50,92,-42
235000600,6,4,2
235000601,18,48,-30
235000602,45,183,-138
235000614,4,4,0
235000648,2,13,-11
235000649,24,2,22
235000685,0,2,-2
235000815,4,15,-11
235000834,0,13,-13
235000855,27,52,-25
235000862,10,169,-159
235000891,0,2,-2
235000892,11,4,7
235000901,42,56,-14
235000907,1,5,-4
235001010,22,77,-55
235001029,491,278,213
235001030,320,106,214
235001078,52,53,-1
235001079,31,94,-63
235001147,3,35,-32
235001166,6,69,-63
235001167,15,56,-41
235001169,37,256,-219
235001188,3,3,0
235001189,0,1,-1
235001197,16,12,4
235001200,7,18,-11
235001207,107,6,101
235001210,32,101,-69
235001215,18,126,-108
235001239,0,37,-37
235001244,0,10,-10
235016267,0,39,-39
277101746,0,0,0
277102712,8,11,-3
277103813,0,0,0
277103814,0,0,0
277103898,0,2,-2
277104249,0,1,-1
277104250,0,14,-14
277104251,0,5,-5
277104252,0,11,-11
990011530,0,192,-192
990014944,2,439,-437
990015176,12,0,12
990015618,0,58,-58
990016032,1,416,-415
990032570,2,38,-36
990070001,38,0,38
990070103,0,5,-5
990070601,1,36,-35
990070751,147,1,146
990070766,1,726,-725
990071180,362,211,151
990071343,27,2,25
990071387,0,6,-6
990071823,97,2,95
990072600,1,598,-597
990072964,0,443,-443
990073285,0,3,-3
990074393,1,1103,-1102
990074870,361,3,358
990075106,306,0,306
990075746,123,4,119
990076437,334,2,332
990076458,3,1385,-1382
997000007,130,5,125
997000041,0,62,-62
997000058,12,0,12
997000062,27,1,26
997000069,0,5,-5
997000070,0,55,-55
997000100,6,0,6
997000141,0,122,-122
997000198,466,382,84
998000475,1,11,-10
998000736,4,328,-324
998000965,0,11,-11
998001031,0,60,-60
998001700,0,24,-24
998001899,0,2,-2
998001900,3,2,1
998003073,340,5,335
998101900,0,0,0
998102850,1,79,-78
998501927,313,265,48
998501929,77,28,49
998501930,58,0,58
998501931,48,3,45
998501932,2,0,2
998501933,8,0,8
998501937,5,0,5
998501944,0,0,0
998501950,0,5,-5
998501970,25,3,22
998501971,0,69,-69
998501973,0,57,-57
998501974,3,227,-224
998501975,138,1,137
998501976,20,0,20
998501977,0,106,-106
998501978,27,2,25
998501979,0,4,-4
998501980,62,2,60
998501981,25,3,22
998501982,1,73,-72
998501983,0,1,-1
998502024,0,5,-5
998502032,0,0,0
998502062,10,0,10
998502063,0,0,0
998502173,27,0,27
998502269,0,3,-3
998502546,0,102,-102
998502578,0,4,-4
998502599,50,272,-222
998601159,0,253,-253
998601292,0,14,-14
999033574,0,663,-663
999800001,21,2,19
999800002,0,3,-3
999800003,6,3,3
999800004,0,1,-1
999800005,0,4,-4
