ID,insum,outsum,diff
100000001,424,611,-187
100000002,2415,2271,144
100000003,4120,3441,679
100000004,865,731,134
100000005,1913,3520,-1607
100000006,692,134,558
100000007,1444,666,778
100000008,297,473,-176
100000009,610,206,404
100000010,126,74,52
100000011,981,132,849
100000012,110,750,-640
100000013,218,219,-1
100000014,601,275,326
100000015,1365,1686,-321
100000016,872,1112,-240
100000017,665,698,-33
100000018,1336,628,708
100000019,3198,1746,1452
100000020,1539,4466,-2927
100000021,3954,1833,2121
100000022,1242,1714,-472
100000023,3957,1256,2701
100000025,1141,892,249
100000028,1176,936,240
100000029,158,269,-111
100000030,208,44,164
100000031,3176,4700,-1524
100000032,1904,2666,-762
100000033,821,1901,-1080
100000034,309,430,-121
100000035,1266,1141,125
100000036,1494,1089,405
100000037,659,388,271
100000038,1727,844,883
100000039,492,222,270
100000040,216,172,44
100000041,905,404,501
100000042,867,445,422
100000043,819,469,350
100000044,407,827,-420
100000045,506,1109,-603
100000046,603,658,-55
100000047,247,432,-185
100000048,367,465,-98
100000049,1267,1547,-280
100000051,461,782,-321
100000053,239,2,237
100000054,578,40,538
100000055,1264,314,950
100000056,586,426,160
100000057,1587,542,1045
100000058,823,979,-156
100000059,16,121,-105
100000060,368,281,87
100000061,1870,475,1395
100000062,1841,515,1326
100000063,746,243,503
100000064,1190,313,877
100000065,453,687,-234
100000066,172,511,-339
100000067,430,565,-135
100000068,496,1271,-775
100000069,251,1102,-851
100000072,264,608,-344
100000073,784,897,-113
100000075,580,277,303
100000076,1437,2063,-626
100000077,260,171,89
100000078,52,35,17
100000079,29,28,1
100000080,24,50,-26
100000081,126,198,-72
100000102,2207,1897,310
100000103,2364,1386,978
100000104,3223,2281,942
100000105,2074,1231,843
100000106,1803,1762,41
100000107,426,774,-348
100000108,496,839,-343
100000109,1950,1109,841
100000116,1152,808,344
100000117,84,96,-12
100000118,1346,1187,159
100000119,594,687,-93
100000121,339,507,-168
100000122,650,915,-265
100000123,2229,3179,-950
100000124,4034,4784,-750
100000125,3310,1674,1636
100000126,574,383,191
100000127,1168,361,807
100000128,1308,2216,-908
100000129,377,402,-25
100000130,375,414,-39
100000131,1746,1829,-83
100000132,1016,2211,-1195
100000133,3931,1859,2072
100000135,661,1024,-363
100000139,397,359,38
100000140,263,183,80
100000142,490,593,-103
100000143,1155,489,666
100000144,2835,843,1992
100000147,1058,2514,-1456
100000150,48,355,-307
100000151,848,1021,-173
100000153,145,275,-130
100000154,48,122,-74
100000155,15,43,-28
100000156,461,470,-9
100000157,130,118,12
100000158,299,112,187
100000159,266,520,-254
100000165,1400,826,574
100000169,212,546,-334
100000174,498,515,-17
100000179,117,513,-396
100000180,1259,1825,-566
100000181,513,205,308
100000188,94,184,-90
100000189,833,331,502
100000190,830,977,-147
100000191,726,542,184
100000192,28,109,-81
100000193,354,211,143
100000330,1105,726,379
100000355,248,508,-260
100000362,3348,2280,1068
100000363,3346,3904,-558
100000364,267,284,-17
100000365,4764,6014,-1250
100000366,5654,2749,2905
100000367,4965,5562,-597
100000368,2520,1203,1317
100000369,787,1375,-588
100000370,171,768,-597
100000376,100,137,-37
100000379,1584,1238,346
100000380,3488,3092,396
100000384,4063,3644,419
100000385,3184,3145,39
100000386,6228,3953,2275
100000387,4321,4510,-189
100000388,5042,4660,382
100000389,5006,4929,77
100000390,5708,5146,562
100000391,4779,5687,-908
100000392,3621,3564,57
100000393,2540,4058,-1518
100000394,7087,7098,-11
100000395,4803,4153,650
100000396,7519,3566,3953
100000397,5098,6832,-1734
100000398,8899,7164,1735
100000413,19,14,5
100900002,8,34,-26
100900003,271,168,103
100900004,24,626,-602
100900005,94,26,68
100900006,25,100,-75
100900007,332,11,321
100900008,2,336,-334
100900009,48,119,-71
100900010,58,79,-21
100900011,93,149,-56
100900012,6,195,-189
100900013,649,14,635
100900014,7,7,0
100900015,66,66,0
100900016,0,40,-40
100900017,555,60,495
100900018,1,8,-7
100900019,14,73,-59
100900020,307,13,294
100900021,305,2,303
100900022,17,40,-23
100900023,1,29,-28
100900024,506,3,503
100900025,6,6,0
100900026,86,82,4
100900027,401,1819,-1418
100900028,114,181,-67
100900029,63,5,58
100900030,8,72,-64
100900031,396,35,361
100900032,242,4,238
100900033,208,175,33
100900034,565,5,560
100900035,382,0,382
100900036,10,0,10
100900037,95,149,-54
100900038,97,42,55
100900039,236,475,-239
100900040,563,520,43
100900041,552,690,-138
100900042,1140,1712,-572
100900043,0,15,-15
100900044,1521,421,1100
100900045,20,0,20
100900046,793,7,786
100900047,703,159,544
100900048,124,34,90
100900049,66,139,-73
100900050,1,21,-20
100900051,24,56,-32
100900052,241,42,199
100900053,363,26,337
100900054,5,64,-59
100900055,182,550,-368
100900056,204,135,69
100900057,1082,869,213
100900058,168,27,141
100900059,70,2,68
100900060,159,9,150
100900061,333,155,178
100900062,6,36,-30
100900063,226,500,-274
100900064,556,19,537
100900065,69,95,-26
100900066,124,137,-13
100900067,0,5,-5
100900068,105,88,17
100900069,252,3,249
100900070,251,6,245
100900071,714,219,495
100900072,6,37,-31
100900073,148,315,-167
100900074,4,0,4
100900075,1210,264,946
100900076,11,34,-23
100900077,30,79,-49
100900078,74,212,-138
100900079,8,31,-23
100900080,21,133,-112
100900081,30,102,-72
100900082,132,441,-309
100900083,16,40,-24
100900085,14,339,-325
100900086,109,416,-307
100900088,112,402,-290
100900089,8,15,-7
100900090,84,331,-247
100900091,1,13,-12
100900092,156,130,26
100900093,212,218,-6
100900094,119,339,-220
100900095,1,43,-42
100900096,55,109,-54
100900097,0,4,-4
100900098,32,21,11
100900099,36,426,-390
100900100,15,344,-329
100900101,212,47,165
100900102,65,64,1
100900103,15,21,-6
100900104,5,141,-136
100900105,24,752,-728
100900106,37,3,34
100900107,1448,801,647
100900108,3,17,-14
100900109,24,44,-20
100900110,3,25,-22
100900111,42,137,-95
100900112,1,18,-17
100900113,13,21,-8
100900114,33,18,15
100900115,3,30,-27
100900116,576,434,142
100900117,275,642,-367
100900118,12,29,-17
100900119,18,17,1
100900120,11,8,3
100900121,256,353,-97
100900122,141,176,-35
100900123,72,196,-124
100900124,22,15,7
100900125,23,40,-17
100900126,135,242,-107
100900127,6,10,-4
100900128,57,137,-80
100900129,0,142,-142
100900131,49,227,-178
100900133,46,47,-1
100900134,3,7,-4
100900135,0,135,-135
100900137,278,131,147
100900138,495,368,127
100900139,24,6,18
100900140,2,367,-365
100900141,3,430,-427
100900142,1,6,-5
100900143,727,370,357
100900144,34,4,30
100900145,226,162,64
100900146,8,32,-24
100900147,10,332,-322
100900148,43,495,-452
100900149,48,221,-173
100900150,8,34,-26
100900151,125,408,-283
100900152,151,4,147
100900153,2,138,-136
100900154,11,80,-69
100900155,23,16,7
100900156,33,10,23
100900157,5,143,-138
100900159,0,32,-32
100900160,28,7,21
100900161,48,3,45
100900162,10,267,-257
100900163,182,174,8
100900164,43,57,-14
100900165,5,28,-23
100900166,10,1,9
100900167,19,76,-57
100900168,30,110,-80
100900169,134,729,-595
100900170,56,16,40
100900171,17,482,-465
100900172,0,21,-21
100900173,2,263,-261
100900174,215,34,181
100900176,1429,111,1318
100900177,587,179,408
100900178,140,120,20
100900179,151,177,-26
100900180,4,9,-5
100900181,83,64,19
100900182,34,33,1
100900184,13,160,-147
100900186,507,353,154
100900187,10,89,-79
100900188,18,4,14
100900189,1044,178,866
100900191,933,864,69
100900192,258,364,-106
100900195,101,101,0
100900197,72,45,27
100900198,25,127,-102
100900199,3,11,-8
100900200,571,375,196
100900201,57,427,-370
100900202,36,0,36
100900203,0,178,-178
100900204,222,667,-445
100900205,181,464,-283
100900206,147,51,96
100900207,190,155,35
100900210,76,375,-299
100900211,400,127,273
100900213,104,39,65
100900214,507,137,370
100900215,24,72,-48
100900217,125,70,55
101000001,2624,1638,986
101000002,3956,3930,26
101000003,405,948,-543
101000004,5379,4974,405
101000005,1487,2591,-1104
101000006,4756,4796,-40
101000007,1702,2528,-826
101000008,2365,1991,374
101000009,1551,1246,305
101000010,731,989,-258
101000011,1078,481,597
101000012,1186,639,547
101000013,609,867,-258
101000014,416,553,-137
101000015,1030,685,345
101000016,298,333,-35
101000017,478,385,93
101000018,2533,1604,929
101000020,2825,1165,1660
101000021,858,323,535
101000022,89,43,46
101000023,1321,556,765
101000025,281,352,-71
101000026,212,22,190
101000027,1702,2043,-341
101000028,861,231,630
101000029,227,1410,-1183
101000030,1451,94,1357
101000031,671,515,156
101000032,6359,3877,2482
101000033,2174,2606,-432
101000034,1868,1397,471
101000035,636,315,321
101000036,1697,809,888
101000037,2739,1488,1251
101000039,2061,2030,31
101000040,2674,2988,-314
101000041,7389,6337,1052
101000042,383,923,-540
101000043,5846,5809,37
101000045,1291,904,387
101000046,2956,1340,1616
101000047,1890,2986,-1096
101000048,570,495,75
101000049,678,1604,-926
101000050,1473,1503,-30
101000051,1655,2117,-462
101000052,1407,764,643
101000053,1063,1335,-272
101000054,1664,904,760
101000055,1184,1089,95
101000056,40,94,-54
101000057,1830,1065,765
101000058,1013,984,29
101000059,1862,1867,-5
101000060,1481,604,877
101000061,801,1122,-321
101000062,778,701,77
101000063,591,837,-246
101000064,1213,1033,180
101000065,423,436,-13
101000066,1129,974,155
101000067,1483,1075,408
101000068,327,455,-128
101000069,326,104,222
101000070,1028,987,41
101000071,1773,905,868
101000072,781,2335,-1554
101000073,715,1137,-422
101000074,4790,3157,1633
101000075,3972,4524,-552
101000077,1689,1104,585
101000078,1297,1719,-422
101000079,683,430,253
101000080,526,513,13
101000081,1719,1457,262
101000082,2993,2880,113
101000083,2402,2134,268
101000084,1280,780,500
101000085,1293,1129,164
101000086,1076,1060,16
101000087,944,869,75
101000088,1121,1048,73
101000089,948,1198,-250
101000090,1849,1102,747
101000091,445,693,-248
101000092,805,845,-40
101000093,1111,713,398
101000094,895,757,138
101000095,433,465,-32
101000096,350,492,-142
101000097,416,382,34
101000098,295,419,-124
101000099,1054,819,235
101000100,688,646,42
101000101,320,305,15
101000102,637,440,197
101000103,767,442,325
101000104,335,541,-206
101000105,468,396,72
101000106,617,617,0
101000107,244,342,-98
101000108,650,232,418
101000109,318,54,264
101000110,14,342,-328
101000111,108,173,-65
101000113,215,534,-319
101000114,6791,5366,1425
101000115,152,93,59
101000116,179,106,73
101000117,1244,234,1010
101000119,114,48,66
101000120,114,42,72
101000121,114,49,65
101000122,132,101,31
101000123,55,126,-71
101000124,513,236,277
101000125,233,438,-205
101000128,322,295,27
101000130,192,317,-125
101000131,747,465,282
101000132,547,675,-128
101000135,61,48,13
101000136,546,197,349
101000137,43,288,-245
101000141,1177,2294,-1117
101000147,749,422,327
101000148,851,21,830
101000149,271,403,-132
101000150,93,511,-418
101000151,192,52,140
101000152,307,287,20
101000153,560,271,289
101000154,240,813,-573
101000155,246,112,134
101000156,17,271,-254
101000157,25,14,11
101000160,73,65,8
101000163,225,357,-132
101000164,439,311,128
101000165,271,371,-100
101000166,214,281,-67
101000168,828,395,433
101000252,1756,874,882
101000254,284,101,183
101000258,35,6,29
101000261,133,44,89
101000262,918,1709,-791
101000263,236,754,-518
101000265,100,634,-534
101000266,351,251,100
101000269,28,11,17
101000290,874,1899,-1025
101000293,34,41,-7
101000294,583,374,209
101000295,118,353,-235
101000301,528,388,140
101000304,1693,2194,-501
101000305,2355,1095,1260
101000328,95,309,-214
101900001,34,77,-43
101900002,0,19,-19
101900003,63,97,-34
101900004,4,60,-56
101900005,2865,1948,917
101900006,882,45,837
101900007,630,180,450
101900008,73,282,-209
101900009,33,331,-298
101900010,754,556,198
101900011,216,904,-688
101900012,137,137,0
101900013,720,137,583
101900017,12,119,-107
101900018,999,258,741
101900019,251,149,102
101900020,98,55,43
101900021,11,42,-31
101900022,138,756,-618
101900023,162,181,-19
101900026,142,36,106
101900027,20,96,-76
102000001,1723,3410,-1687
102000002,2262,932,1330
102000003,2664,5436,-2772
102000004,4768,2394,2374
102000005,1283,1696,-413
102000006,1160,1451,-291
102000007,1214,3143,-1929
102000008,3053,1247,1806
102000009,4707,6024,-1317
102000010,4806,2610,2196
102000011,3068,2326,742
102000012,2731,2349,382
102000018,2378,2084,294
102000019,1875,1209,666
102000026,183,507,-324
102000029,285,263,22
102000030,95,255,-160
102000031,72,146,-74
102000032,440,235,205
102000033,232,298,-66
102000034,378,271,107
102000035,870,515,355
102000036,20,207,-187
102000037,164,45,119
102000038,176,320,-144
102000039,197,81,116
102000040,430,209,221
102000041,165,340,-175
102000042,193,239,-46
102000043,220,173,47
102000044,371,312,59
102000045,818,708,110
102000046,900,519,381
102000047,681,821,-140
102000048,285,609,-324
102000049,972,602,370
102000050,944,1069,-125
102000051,337,621,-284
102000052,1063,647,416
102000053,683,783,-100
102000054,563,768,-205
102000055,941,486,455
102000056,755,809,-54
102000057,1257,424,833
102000058,890,1103,-213
102000059,1273,986,287
102000060,953,827,126
102000061,1201,1402,-201
102000062,1415,960,455
102000063,953,1091,-138
102000064,583,633,-50
102000065,59,124,-65
102000066,805,561,244
102000067,1463,2201,-738
102000068,6420,2219,4201
102000069,52,1456,-1404
102000070,1434,46,1388
102000071,5577,7289,-1712
102000072,2469,2959,-490
102000073,966,752,214
102000074,522,729,-207
102000075,95,275,-180
102000076,177,366,-189
102000077,469,621,-152
102000078,767,683,84
102000079,143,218,-75
102000080,236,217,19
102000081,274,673,-399
102000082,577,298,279
102000083,444,220,224
102000084,211,208,3
102000085,1428,856,572
102000086,909,795,114
102000087,635,1159,-524
102000088,263,220,43
102000089,988,311,677
102000090,348,865,-517
102000091,1004,450,554
102000092,284,555,-271
102000093,640,773,-133
102000094,793,579,214
102000095,923,844,79
102000096,541,670,-129
102000097,679,640,39
102000098,535,562,-27
102000099,715,660,55
102000100,723,1167,-444
102000101,856,659,197
102000102,268,992,-724
102000103,972,336,636
102000104,466,237,229
102000105,305,472,-167
102000106,748,483,265
102000107,1152,464,688
102000108,754,164,590
102000109,456,481,-25
102000110,978,1120,-142
102000111,15,284,-269
102000112,244,113,131
102000113,21,17,4
102000114,713,335,378
102000115,260,276,-16
102000116,360,339,21
102000117,238,372,-134
102000118,1020,993,27
102000119,1322,606,716
102000120,163,391,-228
102000121,795,378,417
102000122,453,756,-303
102000123,957,828,129
102000124,888,959,-71
102000125,731,672,59
102000126,536,664,-128
102000127,917,520,397
102000128,558,757,-199
102000129,1168,624,544
102000130,560,625,-65
102000131,1062,416,646
102000132,380,439,-59
102000133,1675,1454,221
102000134,629,567,62
102000135,616,697,-81
102000136,742,422,320
102000137,692,649,43
102000138,221,322,-101
102000139,114,394,-280
102000140,266,488,-222
102000141,160,369,-209
102000142,277,298,-21
102000143,158,418,-260
102000144,304,277,27
102000145,316,386,-70
102000146,414,306,108
102000147,441,355,86
102000148,248,343,-95
102000149,132,294,-162
102000150,269,78,191
102000151,103,208,-105
102000152,146,135,11
102000153,1189,566,623
102000154,289,585,-296
102000155,108,301,-193
102000156,328,155,173
102000157,123,376,-253
102000158,496,480,16
102000159,738,385,353
102000161,2893,1705,1188
102000162,230,218,12
102000163,100,465,-365
102000164,729,971,-242
102000165,323,148,175
102000166,99,149,-50
102000167,246,222,24
102000168,257,150,107
102000169,111,355,-244
102000170,420,160,260
102000171,139,118,21
102000172,58,259,-201
102000173,379,251,128
102000174,66,69,-3
102000175,163,82,81
102000176,53,32,21
102000178,263,375,-112
102000179,292,221,71
102000180,791,352,439
102000181,641,438,203
102000182,499,466,33
102000183,1503,1336,167
102000184,1561,686,875
102000185,2262,1265,997
102000186,1164,1469,-305
102000187,782,1243,-461
102000188,857,1119,-262
102000189,1720,644,1076
102000190,535,1938,-1403
102000191,1009,453,556
102000192,946,1158,-212
102000193,63,100,-37
102000194,52,92,-40
102000195,404,351,53
102000196,206,301,-95
102000197,577,280,297
102000198,162,755,-593
102000199,939,291,648
102000200,251,949,-698
102000201,908,300,608
102000202,2,94,-92
102000203,320,164,156
102000204,378,520,-142
102000205,947,351,596
102000206,469,469,0
102000207,654,391,263
102000208,379,365,14
102000209,71,52,19
102000210,344,272,72
102000211,471,242,229
102000212,332,25,307
102000213,7,279,-272
102000214,212,6,206
102000215,11,320,-309
102000216,49,62,-13
102000217,13,110,-97
102000218,296,206,90
102000219,412,231,181
102000225,529,509,20
102000226,1907,1064,843
102000227,172,1,171
102000228,1,67,-66
102000229,27,57,-30
102000230,321,387,-66
102000231,212,353,-141
102000232,23,104,-81
102000233,337,493,-156
102000234,122,820,-698
102000236,221,68,153
102000237,504,140,364
102000238,188,193,-5
102000240,431,550,-119
102000241,144,116,28
102000243,26,66,-40
102000245,24,117,-93
102000246,11,40,-29
102000247,860,800,60
102000248,613,1060,-447
102000249,123,105,18
102000250,47,269,-222
102000254,88,230,-142
102000266,26,277,-251
102000271,33,1,32
102000286,298,308,-10
102000297,1436,811,625
102000301,0,0,0
102000303,0,0,0
102000305,0,0,0
102000307,0,5,-5
102900001,795,629,166
102900002,376,30,346
102900003,61,166,-105
102900005,283,236,47
102900006,458,114,344
102900007,372,19,353
102900008,150,39,111
102900009,444,296,148
102900010,329,715,-386
102900011,1360,211,1149
102900012,425,94,331
102900013,38,57,-19
102900015,613,445,168
102900016,55,129,-74
102900017,176,469,-293
102900018,39,112,-73
102900019,283,323,-40
102900020,130,26,104
102900021,30,69,-39
102900022,725,237,488
102900023,37,32,5
102900024,37,33,4
102900025,217,103,114
102900026,291,1483,-1192
102900027,70,65,5
102900028,143,600,-457
102900029,147,176,-29
102900030,389,221,168
102900031,181,140,41
102900032,80,67,13
102900033,116,169,-53
102900034,383,86,297
102900035,132,243,-111
102900036,237,386,-149
102900037,286,417,-131
102900038,394,430,-36
102900039,13,403,-390
102900040,85,209,-124
102900041,43,130,-87
102900042,136,214,-78
102900043,119,184,-65
102900044,409,1639,-1230
102900045,123,484,-361
102900046,143,252,-109
102900047,107,413,-306
102900048,569,477,92
102900049,117,305,-188
102900050,271,254,17
102900051,169,147,22
102900053,429,474,-45
102900054,528,763,-235
102900055,80,170,-90
102900056,112,323,-211
102900057,9,58,-49
102900058,265,56,209
102900059,30,36,-6
102900060,107,373,-266
102900061,162,390,-228
102900062,208,745,-537
102900063,925,334,591
102900064,93,268,-175
102900065,1278,349,929
102900066,274,28,246
102900068,117,70,47
102900070,142,360,-218
102900072,11,43,-32
102900073,124,8,116
102900075,43,79,-36
102900076,159,106,53
102900077,62,41,21
102900078,60,82,-22
102900079,148,8,140
102900080,264,36,228
102900081,86,282,-196
102900082,10,173,-163
102900083,169,13,156
102900084,8,26,-18
102900085,400,129,271
102900086,18,34,-16
102900087,109,115,-6
102900088,35,31,4
102900089,162,91,71
102900090,2,220,-218
102900091,119,1,118
102900092,288,623,-335
102900094,1,104,-103
102900095,102,4,98
102900096,50,12,38
102900097,44,138,-94
103000001,1872,2010,-138
103000002,1749,2061,-312
103000003,2753,2231,522
103000004,830,664,166
103000005,1407,2327,-920
103000006,592,1189,-597
103000007,335,514,-179
103000008,827,546,281
103000009,977,817,160
103000010,195,105,90
103000011,1300,1168,132
103000012,1193,1314,-121
103000013,2723,1498,1225
103000014,1264,1989,-725
103000015,1335,593,742
103000016,439,1149,-710
103000017,173,348,-175
103000018,520,294,226
103000019,292,249,43
103000020,2038,1184,854
103000021,1659,1773,-114
103000022,1189,1163,26
103000023,605,1482,-877
103000024,79,118,-39
103000025,116,532,-416
103000026,735,116,619
103000027,350,491,-141
103000028,285,322,-37
103000029,230,244,-14
103000030,1266,851,415
103000031,1107,1383,-276
103000032,2035,1309,726
103000033,2262,2279,-17
103000034,1135,982,153
103000035,365,1186,-821
103000036,356,526,-170
103000037,447,454,-7
103000038,425,887,-462
103000039,353,236,117
103000040,418,741,-323
103000041,1349,1587,-238
103000042,994,371,623
103000043,550,794,-244
103000044,272,155,117
103000046,269,380,-111
103000047,599,525,74
103000048,211,194,17
103000049,84,119,-35
103000050,638,331,307
103000051,354,392,-38
103000052,697,238,459
103000053,141,467,-326
103000054,2454,1229,1225
103000055,1772,2013,-241
103000056,668,1153,-485
103000057,539,215,324
103000058,542,670,-128
103000059,466,703,-237
103000060,617,488,129
103000061,339,842,-503
103000062,925,430,495
103000063,653,761,-108
103000064,156,131,25
103000065,5,343,-338
103000066,189,13,176
103000069,506,396,110
103000070,848,632,216
103000071,969,503,466
103000072,103,472,-369
103000073,519,100,419
103000074,486,82,404
103000075,132,502,-370
103000076,231,259,-28
103000077,49,346,-297
103000078,805,458,347
103000079,542,617,-75
103000080,867,282,585
103000081,443,1006,-563
103000082,451,185,266
103000083,84,245,-161
103000084,101,10,91
103000085,4,128,-124
103000086,553,401,152
103000087,110,456,-346
103000088,203,261,-58
103000089,263,357,-94
103000090,1610,806,804
103000091,582,443,139
103000092,201,208,-7
103000093,292,276,16
103000094,156,68,88
103000095,70,284,-214
103000096,480,55,425
103000097,71,675,-604
103000098,636,151,485
103000099,288,567,-279
103000100,86,545,-459
103000101,638,100,538
103000102,106,443,-337
103000103,585,155,430
103000104,53,97,-44
103000105,126,79,47
103000106,13,129,-116
103000107,211,51,160
103000108,681,564,117
103000109,352,346,6
103000110,421,427,-6
103000111,445,352,93
103000112,342,139,203
103000113,554,544,10
103000114,1241,394,847
103000115,445,451,-6
103000116,492,342,150
103000117,356,438,-82
103000118,468,541,-73
103000119,807,452,355
103000120,57,116,-59
103000121,442,811,-369
103000122,437,734,-297
103000125,12,211,-199
103000126,603,3,600
103000127,2,154,-152
103000128,149,4,145
103000129,0,81,-81
103000130,70,44,26
103000131,134,76,58
103000132,81,165,-84
103000133,16,80,-64
103000134,495,589,-94
103000135,460,242,218
103000136,621,396,225
103000137,498,512,-14
103000138,783,649,134
103000139,0,66,-66
103000140,147,31,116
103000141,53,104,-51
103000142,150,50,100
103000143,70,154,-84
103000144,145,60,85
103000145,18,145,-127
103000150,109,27,82
103000152,227,246,-19
103000153,265,147,118
103000156,5,260,-255
103000157,402,2,400
103000159,87,28,59
103000162,82,46,36
103000163,21,52,-31
103000164,22,10,12
103000165,54,188,-134
103000166,199,237,-38
103000167,189,131,58
103000168,79,167,-88
103000169,171,437,-266
103000170,701,427,274
103000171,48,88,-40
103000172,482,294,188
103000173,539,435,104
103000174,156,301,-145
103000175,350,212,138
103000176,694,557,137
103000177,447,321,126
103000178,189,210,-21
103000179,175,70,105
103000183,98,12,86
103000185,84,41,43
103000186,97,181,-84
103000187,447,246,201
103000188,16,46,-30
103000189,742,721,21
103000191,422,393,29
103000292,1085,1331,-246
103000293,827,1648,-821
103000295,89,79,10
103000296,317,2,315
103000297,7,28,-21
103000504,5,19,-14
103000505,6,26,-20
103000506,2,199,-197
103000507,305,1,304
103000508,56,47,9
103000509,225,544,-319
103900001,17,145,-128
103900002,877,143,734
103900003,970,232,738
103900004,125,3,122
103900005,2,159,-157
103900006,21,21,0
103900007,40,2,38
103900008,26,0,26
103900009,209,514,-305
103900010,128,292,-164
103900011,277,152,125
103900012,10,24,-14
103900013,58,49,9
103900014,75,15,60
103900015,74,8,66
103900016,336,166,170
103900017,37,73,-36
103900018,510,172,338
103900019,61,260,-199
103900020,197,470,-273
103900021,377,121,256
103900022,920,608,312
103900023,122,0,122
103900024,68,277,-209
103900025,16,27,-11
103900026,136,1,135
103900027,769,225,544
103900028,25,243,-218
103900029,958,168,790
103900030,237,118,119
103900031,20,1,19
103900032,78,57,21
103900033,114,19,95
103900034,25,107,-82
103900035,37,29,8
103900036,28,25,3
103900037,47,53,-6
103900038,79,158,-79
103900039,69,230,-161
103900040,10,104,-94
103900041,52,51,1
103900042,74,266,-192
103900043,165,55,110
103900044,82,186,-104
103900045,290,158,132
103900047,81,28,53
103900048,28,30,-2
103900049,187,913,-726
103900050,13,125,-112
103900051,0,26,-26
103900052,185,336,-151
103900053,165,454,-289
103900054,119,285,-166
103900055,405,167,238
103900056,45,48,-3
103900057,28,107,-79
103900058,202,520,-318
103900059,0,27,-27
103900060,61,152,-91
103900061,144,35,109
103900062,192,62,130
103900063,12,0,12
103900064,141,4,137
103900065,710,331,379
103900066,134,19,115
103900067,142,11,131
103900068,13,1,12
103900069,71,10,61
103900070,120,153,-33
103900071,8,96,-88
103900072,15,165,-150
103900073,29,30,-1
103900074,57,77,-20
103900075,159,48,111
103900076,472,412,60
103900077,34,80,-46
103900078,276,112,164
103900079,155,142,13
103900080,10,37,-27
103900081,138,50,88
103900082,8,130,-122
103900083,1057,868,189
103900084,51,72,-21
103900085,56,117,-61
103900086,491,270,221
103900088,326,497,-171
103900089,45,99,-54
103900090,0,88,-88
103900091,1080,220,860
103900092,525,346,179
103900093,86,217,-131
103900094,10,118,-108
103900095,231,178,53
103900096,21,122,-101
103900097,7,326,-319
103900098,178,97,81
103900099,60,87,-27
103900100,140,260,-120
103900101,88,936,-848
103900102,4,30,-26
103900104,2,37,-35
103900105,86,192,-106
103900106,1,63,-62
103900107,138,168,-30
103900108,67,226,-159
103900109,125,78,47
103900110,181,34,147
103900111,74,446,-372
103900112,38,66,-28
103900113,125,208,-83
103900114,257,269,-12
103900115,247,148,99
103900116,3979,2378,1601
103900117,100,41,59
103900119,38,85,-47
103900120,65,70,-5
103900122,108,170,-62
103900123,1246,565,681
103900124,51,330,-279
103900125,90,70,20
103900126,387,238,149
103900127,183,321,-138
103900128,147,110,37
103900131,23,110,-87
103900133,739,56,683
103900134,0,5,-5
103900135,3,5,-2
103900137,0,12,-12
103900138,123,174,-51
103900139,310,1325,-1015
103900140,3,138,-135
103900141,245,72,173
103900142,148,173,-25
103900143,46,3,43
103900144,0,42,-42
103900145,96,223,-127
103900146,241,163,78
103900147,250,98,152
103900148,187,265,-78
103900149,271,500,-229
103900150,4099,2792,1307
103900151,29,128,-99
103900152,462,290,172
103900153,7,1,6
103900154,619,1341,-722
103900155,47,175,-128
103900156,78,127,-49
103900157,32,137,-105
103900158,88,114,-26
103900159,136,47,89
103900160,33,60,-27
103900161,77,140,-63
103900162,68,135,-67
103900163,7,383,-376
103900167,11,116,-105
103900168,86,61,25
103900169,29,47,-18
103900170,0,61,-61
103900171,3,37,-34
103900172,6,20,-14
103900173,8,8,0
103900174,162,43,119
103900175,39,69,-30
103900176,3,38,-35
103900177,14,74,-60
103900178,56,48,8
103900179,52,86,-34
103900180,9,52,-43
103900181,38,34,4
103900182,27,12,15
103900184,395,93,302
103900185,74,297,-223
103900187,10,54,-44
103900188,34,12,22
103900189,143,8,135
103900190,74,42,32
103900191,19,41,-22
103900192,22,81,-59
103900193,129,152,-23
103900194,46,162,-116
103900195,5,81,-76
103900196,28,34,-6
103900197,21,33,-12
103900198,7,36,-29
103900199,103,65,38
103900200,119,83,36
103900201,79,144,-65
103900202,19,44,-25
103900203,39,20,19
103900204,0,79,-79
103900207,10,75,-65
103900208,62,1,61
103900209,6,83,-77
103900210,28,36,-8
103900211,408,281,127
103900212,110,242,-132
103900213,52,184,-132
103900214,248,214,34
103900215,357,331,26
103900216,12,327,-315
103900217,389,32,357
103900218,30,242,-212
103900219,135,206,-71
103900233,55,5,50
103900235,37,27,10
103900236,26,4,22
103900242,5,11,-6
103900243,5,8,-3
103900244,81,144,-63
103900245,70,105,-35
103900246,46,35,11
103900247,30,78,-48
103900248,22,79,-57
103900249,12,91,-79
103900250,27,35,-8
103900251,2,30,-28
103900253,10,78,-68
103900254,2,17,-15
103900255,9,17,-8
103900256,8,20,-12
103900257,132,71,61
103900258,53,10,43
103900259,56,7,49
103900261,13,2,11
103900262,29,5,24
103900263,26,89,-63
103900264,46,51,-5
103900265,72,22,50
103900266,1,91,-90
103900267,13,89,-76
103900268,31,85,-54
103900269,165,28,137
103900270,89,121,-32
103900271,33,78,-45
103900272,69,41,28
103900273,33,33,0
103900274,79,13,66
103900275,23,3,20
103900276,4,44,-40
103900277,3,41,-38
103900278,6,33,-27
103900279,2,15,-13
103900280,2,88,-86
104000001,1380,1216,164
104000002,1333,1979,-646
104000003,1890,1680,210
104000004,2100,2337,-237
104000005,1316,1416,-100
104000006,2581,1994,587
104000007,3218,3324,-106
104000008,138,149,-11
104000009,154,124,30
104000010,152,288,-136
104000011,349,264,85
104000012,120,266,-146
104000013,191,162,29
104000014,196,584,-388
104000015,264,115,149
104000016,565,392,173
104000018,703,155,548
104000019,536,199,337
104000020,144,476,-332
104000021,210,480,-270
104000022,113,249,-136
104000023,653,290,363
104000024,229,277,-48
104000026,44,280,-236
104000027,201,202,-1
104000028,291,199,92
104000029,324,345,-21
104000030,207,186,21
104000031,1058,367,691
104000032,214,230,-16
104000033,571,495,76
104000034,321,225,96
104000035,739,308,431
104000036,650,432,218
104000037,273,187,86
104000038,421,210,211
104000039,217,199,18
104000040,242,299,-57
104000041,627,278,349
104000042,185,268,-83
104000043,202,274,-72
104000044,229,454,-225
104000045,819,851,-32
104000046,839,1100,-261
104000047,554,947,-393
104000048,826,1131,-305
104000049,483,265,218
104000050,186,419,-233
104000051,103,491,-388
104000052,1066,1114,-48
104000053,754,374,380
104000054,262,268,-6
104000055,2899,1691,1208
104000056,1378,257,1121
104000057,258,518,-260
104000058,653,597,56
104000059,502,752,-250
104000060,826,1061,-235
104000061,1028,714,314
104000062,451,141,310
104000064,297,177,120
104000065,181,484,-303
104000069,274,370,-96
104000070,73,356,-283
104000071,213,372,-159
104000072,549,230,319
104000075,33,188,-155
104000076,338,54,284
104000082,1785,2333,-548
104000083,716,160,556
104000084,103,485,-382
104000085,275,282,-7
104000086,158,448,-290
104000087,429,1497,-1068
104000090,598,863,-265
104000092,994,1575,-581
104000094,630,1032,-402
104000095,1350,1120,230
104000096,1062,69,993
104000097,1350,631,719
104000098,1772,775,997
104000100,1165,450,715
104000101,966,1254,-288
104000106,113,514,-401
104000107,531,356,175
104000108,202,378,-176
104000109,228,69,159
104000110,738,835,-97
104000111,2348,1555,793
104000112,1540,443,1097
104000116,1,820,-819
104000117,145,423,-278
104000118,435,174,261
104000119,505,166,339
104000120,241,459,-218
104000121,143,540,-397
104000122,620,706,-86
104000123,559,739,-180
104000124,681,1427,-746
104000125,2245,3263,-1018
104000126,328,304,24
104000127,1112,2252,-1140
104000128,542,369,173
104000129,266,23,243
104000130,17,184,-167
104000131,460,432,28
104000132,425,483,-58
104000133,1161,701,460
104000134,833,1291,-458
104000135,421,1429,-1008
104000136,704,2987,-2283
104000137,1318,322,996
104000138,725,228,497
104000139,4411,2269,2142
104000141,895,1020,-125
104000142,498,507,-9
104000143,595,489,106
104000144,99,192,-93
104000145,332,179,153
104000146,283,412,-129
104000147,103,222,-119
104000148,283,112,171
104000149,201,195,6
104000150,789,419,370
104000151,341,296,45
104000152,438,367,71
104000153,405,467,-62
104000154,877,478,399
104000155,369,487,-118
104000157,827,1181,-354
104000158,257,424,-167
104000159,634,468,166
104000160,1400,1451,-51
104000161,154,155,-1
104000162,72,143,-71
104000165,843,696,147
104000167,493,768,-275
104000168,399,7,392
104000169,90,38,52
104000170,357,403,-46
104000248,215,454,-239
104000251,77,201,-124
104000272,0,0,0
104000273,0,0,0
104000274,0,0,0
104000275,0,0,0
104000279,482,326,156
104000290,57,257,-200
104000291,561,901,-340
104000293,652,606,46
104000294,33,0,33
104000295,458,643,-185
104000296,393,520,-127
104000297,554,1412,-858
104000298,1483,615,868
104000299,601,1114,-513
104000302,100,89,11
104000303,127,128,-1
104900001,173,255,-82
104900002,39,134,-95
104900003,67,175,-108
104900004,84,179,-95
104900005,228,172,56
104900006,215,64,151
104900007,183,135,48
104900009,113,211,-98
104900010,72,27,45
104900011,36,8,28
104900012,190,30,160
104900013,106,48,58
104900014,970,147,823
104900015,92,7,85
104900016,157,151,6
104900017,148,127,21
104900018,2,130,-128
104900019,208,1860,-1652
104900020,49,190,-141
104900021,0,120,-120
104900022,14,133,-119
104900023,0,65,-65
104900024,23,101,-78
104900025,59,180,-121
104900026,3,60,-57
104900027,374,234,140
104900028,22,85,-63
104900029,42,45,-3
104900030,374,151,223
104900031,63,176,-113
104900032,51,80,-29
104900033,116,230,-114
104900034,258,122,136
104900035,249,145,104
104900036,157,68,89
104900037,94,155,-61
104900038,329,547,-218
104900039,534,319,215
104900040,341,68,273
104900041,215,144,71
104900042,100,175,-75
104900043,13,138,-125
104900044,390,138,252
104900045,371,43,328
104900046,164,55,109
104900047,208,92,116
104900048,195,44,151
104900049,29,23,6
104900050,211,64,147
104900051,233,28,205
104900052,42,2,40
104900053,325,89,236
104900054,107,29,78
104900055,83,1,82
104900056,143,19,124
104900057,32,0,32
104900058,440,172,268
104900059,219,113,106
104900060,4,225,-221
104900061,172,335,-163
104900063,22,85,-63
104900064,0,62,-62
104900065,1,142,-141
104900066,2,55,-53
104900067,1,236,-235
104900068,13,156,-143
104900070,133,217,-84
104900071,2,297,-295
104900072,30,229,-199
104900073,43,108,-65
104900074,38,172,-134
104900075,41,40,1
104900076,65,184,-119
104900077,498,183,315
104900078,133,365,-232
104900079,82,309,-227
104900080,75,371,-296
104900082,15,337,-322
104900085,18,224,-206
104900087,313,7,306
104900089,178,0,178
104900090,577,516,61
104900091,556,311,245
104900093,185,354,-169
104900097,1506,1368,138
104900098,62,41,21
104900099,226,520,-294
104900100,343,176,167
104900102,27,113,-86
104900103,364,70,294
104900104,1828,1412,416
104900106,103,86,17
104900107,125,154,-29
104900108,19,148,-129
104900109,69,156,-87
104900110,8,34,-26
104900111,86,70,16
104900112,239,456,-217
104900113,592,230,362
104900114,266,293,-27
104900115,523,297,226
104900116,161,131,30
104900118,19,60,-41
104900119,4,46,-42
104900120,40,191,-151
104900121,0,72,-72
104900122,4,38,-34
104900123,41,13,28
104900124,56,2,54
104900125,351,4,347
104900126,49,46,3
104900127,28,53,-25
104900128,93,54,39
104900129,1018,1399,-381
105000001,1401,890,511
105000002,1958,1207,751
105000003,3270,2825,445
105000004,460,653,-193
105000005,1008,893,115
105000006,1073,1382,-309
105000007,1069,1205,-136
105000008,1363,2433,-1070
105000009,1993,2511,-518
105000010,2467,1618,849
105000011,2865,2118,747
105000012,2788,2375,413
105000013,858,866,-8
105000014,1469,2189,-720
105000015,7721,12189,-4468
105000016,2409,1587,822
105000017,1365,652,713
105000018,1025,1110,-85
105000019,979,727,252
105000020,196,342,-146
105000021,211,83,128
105000022,262,76,186
105000023,531,412,119
105000028,96,113,-17
105000029,485,1121,-636
105000030,3179,2145,1034
105000031,5,47,-42
105000033,808,1614,-806
105000034,124,696,-572
105000037,497,229,268
105000038,1440,1401,39
105000039,1975,1247,728
105000040,742,902,-160
105000041,405,915,-510
105000042,2255,1326,929
105000043,1284,1539,-255
105000044,494,348,146
105000045,264,627,-363
105000046,1016,299,717
105000047,431,1068,-637
105000048,470,184,286
105000049,205,372,-167
105000050,474,301,173
105000051,140,326,-186
105000052,451,641,-190
105000053,131,110,21
105000054,360,569,-209
105000055,835,268,567
105000056,1073,1450,-377
105000057,908,587,321
105000058,964,842,122
105000059,595,485,110
105000060,419,462,-43
105000061,505,423,82
105000062,476,536,-60
105000063,250,400,-150
105000064,1145,664,481
105000065,368,441,-73
105000066,1011,1049,-38
105000067,1144,687,457
105000068,370,709,-339
105000069,1423,1319,104
105000070,424,765,-341
105000071,186,632,-446
105000072,979,1766,-787
105000073,655,517,138
105000074,825,588,237
105000075,404,708,-304
105000076,1087,792,295
105000077,2121,934,1187
105000078,1022,1283,-261
105000079,933,2433,-1500
105000080,1284,1195,89
105000081,3012,2084,928
105000082,1017,2071,-1054
105000083,5248,3905,1343
105000084,1944,897,1047
105000085,1703,2026,-323
105000086,597,754,-157
105000087,1003,1283,-280
105000088,1196,1227,-31
105000089,2119,1604,515
105000090,848,624,224
105000091,986,1139,-153
105000092,594,707,-113
105000093,263,252,11
105000094,289,198,91
105000095,119,445,-326
105000096,1073,1040,33
105000097,972,822,150
105000098,772,567,205
105000099,738,626,112
105000100,1056,966,90
105000101,1528,1473,55
105000102,1160,1165,-5
105000103,1057,1639,-582
105000104,2628,764,1864
105000105,1647,1497,150
105000106,1160,1221,-61
105000107,1140,668,472
105000108,1274,1143,131
105000109,1176,1165,11
105000110,680,474,206
105000111,689,588,101
105000112,1057,560,497
105000113,365,630,-265
105000114,1990,870,1120
105000115,317,969,-652
105000116,639,392,247
105000117,798,756,42
105000118,460,355,105
105000119,440,558,-118
105000120,772,473,299
105000121,605,753,-148
105000122,414,523,-109
105000123,1264,895,369
105000124,1535,662,873
105000125,649,1362,-713
105000126,1742,1284,458
105000127,1837,1550,287
105000128,622,791,-169
105000129,665,347,318
105000130,434,2794,-2360
105000131,614,294,320
105000132,668,632,36
105000133,348,680,-332
105000134,574,529,45
105000135,333,424,-91
105000136,110,256,-146
105000137,487,173,314
105000138,197,310,-113
105000139,832,711,121
105000140,417,362,55
105000141,303,449,-146
105000142,186,373,-187
105000143,189,470,-281
105000144,247,694,-447
105000145,512,343,169
105000146,355,799,-444
105000147,532,299,233
105000148,1058,508,550
105000149,1847,1515,332
105000150,1503,1206,297
105000151,303,249,54
105000152,163,357,-194
105000153,446,479,-33
105000154,606,376,230
105000155,268,620,-352
105000156,604,481,123
105000157,591,1078,-487
105000158,1334,613,721
105000159,266,672,-406
105000160,1396,479,917
105000161,552,744,-192
105000162,502,1154,-652
105000163,799,706,93
105000164,262,195,67
105000165,655,3585,-2930
105000166,3429,730,2699
105000167,1216,965,251
105000168,351,485,-134
105000169,496,248,248
105000170,173,1040,-867
105000171,743,129,614
105000172,194,31,163
105000173,185,31,154
105000174,60,61,-1
105000175,50,103,-53
105000176,299,106,193
105000177,257,167,90
105000178,110,301,-191
105000179,381,136,245
105000180,102,87,15
105000181,67,212,-145
105000182,60,46,14
105000183,1561,1559,2
105000184,1349,914,435
105000185,1067,946,121
105000186,562,655,-93
105000187,719,195,524
105000188,228,124,104
105000189,222,370,-148
105000190,231,239,-8
105000191,343,295,48
105000192,328,97,231
105000193,93,104,-11
105000194,558,161,397
105000195,293,610,-317
105000196,114,337,-223
105000197,257,476,-219
105000198,590,289,301
105000199,375,745,-370
105000200,180,266,-86
105000201,111,20,91
105000203,23,184,-161
105000204,89,70,19
105000205,98,214,-116
105000207,397,149,248
105000208,154,453,-299
105000209,169,254,-85
105000211,337,10,327
105000212,884,894,-10
105000213,141,171,-30
105000214,118,213,-95
105000215,322,163,159
105000216,129,292,-163
105000217,102,218,-116
105000218,1143,1049,94
105000221,143,109,34
105000222,580,93,487
105000223,305,150,155
105000226,91,170,-79
105000227,67,139,-72
105000228,217,1532,-1315
105000229,103,401,-298
105000231,345,278,67
105000233,829,549,280
105000234,456,1000,-544
105000235,267,504,-237
105000237,498,55,443
105000243,31,34,-3
105000248,48,60,-12
105000262,281,979,-698
105000269,121,181,-60
105000270,302,28,274
105000271,0,154,-154
105000282,65,40,25
105000287,359,87,272
105000288,393,327,66
105000289,3181,1992,1189
105000290,63,4,59
105000402,2922,3127,-205
105000426,447,502,-55
105000438,4564,2094,2470
105000440,48,23,25
105000446,8143,4475,3668
105000447,5021,2159,2862
105000454,445,544,-99
105000455,276,111,165
105000474,33,1,32
105000477,296,455,-159
105000478,1285,3304,-2019
105000479,107,111,-4
105000480,10269,7053,3216
105000481,4667,2970,1697
105000482,4252,8183,-3931
105000483,1516,1513,3
105000484,1854,3216,-1362
105000485,1404,2496,-1092
105000486,2938,2107,831
105000488,10662,5175,5487
105000489,688,632,56
105000549,121,118,3
105000550,465,1211,-746
105000551,54,120,-66
105000552,2145,1324,821
105000555,1242,917,325
105000556,44,31,13
105000557,60,209,-149
105900001,8,1175,-1167
105900002,826,530,296
105900003,25,104,-79
105900004,172,100,72
105900005,18,148,-130
105900006,15,91,-76
105900007,59,21,38
105900008,55,455,-400
105900009,16,15,1
105900011,112,22,90
105900012,327,82,245
105900013,0,27,-27
105900014,7,51,-44
105900015,128,234,-106
105900016,293,272,21
105900017,786,21,765
105900018,128,119,9
105900019,43,170,-127
105900020,31,61,-30
105900021,26,122,-96
105900022,204,129,75
105900023,5,64,-59
105900024,7,82,-75
105900025,135,29,106
105900026,200,26,174
105900027,5541,4484,1057
105900028,514,237,277
105900029,1022,247,775
105900030,143,201,-58
105900031,331,167,164
105900032,81,125,-44
105900033,78,91,-13
105900034,179,153,26
105900035,102,144,-42
105900036,100,80,20
105900037,84,44,40
105900038,166,195,-29
105900039,159,72,87
105900040,49,67,-18
105900041,160,133,27
105900042,57,130,-73
105900043,844,50,794
105900044,4,176,-172
105900045,3,517,-514
105900046,7,243,-236
105900047,9,52,-43
105900048,85,293,-208
105900050,3986,3071,915
105900051,30,663,-633
105900052,376,184,192
105900053,1652,1774,-122
105900054,211,117,94
105900056,537,305,232
105900057,13,65,-52
105900058,20,12,8
105900059,0,28,-28
106000001,3706,2028,1678
106000002,1727,4414,-2687
106000003,2000,2569,-569
106000004,1359,2359,-1000
106000005,2528,4276,-1748
106000006,4519,3037,1482
106000007,400,493,-93
106000008,384,272,112
106000009,475,289,186
106000010,440,489,-49
106000011,935,787,148
106000012,826,1042,-216
106000013,1360,1434,-74
106000014,1584,1229,355
106000015,1390,975,415
106000016,944,1565,-621
106000017,485,614,-129
106000018,578,421,157
106000019,333,320,13
106000020,285,292,-7
106000021,263,327,-64
106000022,294,180,114
106000023,462,303,159
106000024,397,339,58
106000025,99,153,-54
106000026,90,173,-83
106000027,1112,972,140
106000028,430,385,45
106000029,638,855,-217
106000030,463,422,41
106000034,193,403,-210
106000035,898,2067,-1169
106000036,171,384,-213
106000037,1658,1169,489
106000038,296,108,188
106000039,98,62,36
106000040,117,745,-628
106000041,661,459,202
106000043,508,247,261
106000046,324,61,263
106000047,45,323,-278
106000049,983,146,837
106000050,239,544,-305
106000051,593,363,230
106000052,115,503,-388
106000053,319,105,214
106000054,339,396,-57
106000055,864,679,185
106000056,270,313,-43
106000057,320,204,116
106000058,107,167,-60
106000059,217,198,19
106000060,296,491,-195
106000061,195,393,-198
106000062,151,452,-301
106000063,585,412,173
106000064,27,256,-229
106000065,242,257,-15
106000066,96,246,-150
106000067,387,68,319
106000068,53,471,-418
106000069,156,44,112
106000070,362,572,-210
106000071,771,308,463
106000072,2099,1308,791
106000073,1336,2301,-965
106000074,533,547,-14
106000075,306,1243,-937
106000076,1688,1646,42
106000077,2868,1283,1585
106000078,783,846,-63
106000079,545,768,-223
106000080,951,500,451
106000081,557,955,-398
106000082,1744,724,1020
106000083,433,1291,-858
106000084,1074,612,462
106000085,1045,1181,-136
106000086,547,734,-187
106000087,863,503,360
106000088,370,685,-315
106000089,813,290,523
106000090,237,515,-278
106000091,281,375,-94
106000092,501,254,247
106000093,251,131,120
106000094,60,97,-37
106000095,588,502,86
106000096,747,553,194
106000097,836,566,270
106000098,691,703,-12
106000099,198,572,-374
106000100,859,199,660
106000101,772,218,554
106000102,149,441,-292
106000103,308,382,-74
106000104,617,385,232
106000105,355,548,-193
106000106,474,433,41
106000107,171,241,-70
106000108,301,334,-33
106000109,168,207,-39
106000110,216,303,-87
106000111,167,315,-148
106000112,177,395,-218
106000113,541,439,102
106000114,380,481,-101
106000115,186,345,-159
106000116,263,167,96
106000117,864,526,338
106000118,997,951,46
106000119,992,710,282
106000120,592,925,-333
106000121,153,137,16
106000122,90,150,-60
106000123,404,121,283
106000124,70,150,-80
106000125,35,178,-143
106000126,226,89,137
106000127,611,626,-15
106000128,710,176,534
106000129,385,410,-25
106000130,642,330,312
106000131,131,606,-475
106000132,462,158,304
106000133,1220,951,269
106000134,505,1241,-736
106000135,198,535,-337
106000136,566,840,-274
106000137,103,715,-612
106000138,886,121,765
106000139,71,78,-7
106000140,42,36,6
106000141,82,31,51
106000142,55,50,5
106000143,36,54,-18
106000144,47,71,-24
106000145,195,187,8
106000146,313,109,204
106000147,589,524,65
106000148,691,797,-106
106000149,445,471,-26
106000150,429,1364,-935
106000151,2685,590,2095
106000152,928,1518,-590
106000153,91,1176,-1085
106000154,1047,206,841
106000155,101,206,-105
106000156,570,187,383
106000157,444,1074,-630
106000158,1575,678,897
106000159,1888,1310,578
106000160,336,1811,-1475
106000161,1021,278,743
106000162,207,756,-549
106000163,365,281,84
106000164,303,264,39
106000165,152,338,-186
106000166,545,274,271
106000167,342,662,-320
106000168,406,194,212
106000169,243,448,-205
106000170,674,223,451
106000171,245,877,-632
106000172,2009,1211,798
106000173,862,1764,-902
106000174,967,304,663
106000175,278,598,-320
106000176,1111,708,403
106000177,600,1721,-1121
106000178,2502,1375,1127
106000179,855,1749,-894
106000180,593,872,-279
106000181,611,1195,-584
106000182,1140,478,662
106000183,1057,437,620
106000184,1566,507,1059
106000185,746,907,-161
106000186,669,121,548
106000187,144,748,-604
106000188,0,1,-1
106000189,16,76,-60
106000190,35,1,34
106000191,503,145,358
106000192,2,19,-17
106000193,345,149,196
106000194,149,252,-103
106000195,387,97,290
106000196,112,211,-99
106000197,507,208,299
106000198,122,181,-59
106000199,901,468,433
106000200,143,169,-26
106000201,320,1751,-1431
106000202,2731,563,2168
106000203,33,159,-126
106000204,94,7,87
106000205,12,134,-122
106000206,82,23,59
106000207,27,477,-450
106000208,977,143,834
106000209,1102,325,777
106000210,222,659,-437
106000211,244,888,-644
106000212,629,375,254
106000213,641,1589,-948
106000214,2174,634,1540
106000215,256,404,-148
106000216,405,340,65
106000217,293,349,-56
106000218,465,361,104
106000219,125,276,-151
106000220,292,188,104
106000221,169,211,-42
106000222,55,63,-8
106000223,204,91,113
106000224,168,190,-22
106000225,57,93,-36
106000226,99,192,-93
106000228,30,86,-56
106000229,90,561,-471
106000231,732,128,604
106000232,56,314,-258
106000233,426,106,320
106000234,166,174,-8
106000235,789,120,669
106000236,354,66,288
106000237,19,11,8
106000238,276,21,255
106000239,4,133,-129
106000240,38,1,37
106000241,18,506,-488
106000242,238,23,215
106000249,39,58,-19
106000250,54,446,-392
106000251,71,17,54
106000252,28,42,-14
106000253,28,51,-23
106000254,68,28,40
106000255,9,123,-114
106000256,57,46,11
106000257,121,156,-35
106000258,281,12,269
106000259,16,59,-43
106000260,36,4,32
106000261,7,46,-39
106000262,121,10,111
106000263,12,64,-52
106000264,148,7,141
106000265,7,109,-102
106000266,100,23,77
106000267,11,61,-50
106000268,499,75,424
106000269,76,45,31
106000270,114,400,-286
106000271,64,190,-126
106000272,175,68,107
106000273,9,238,-229
106000274,128,38,90
106000275,93,223,-130
106000276,135,32,103
106000277,123,237,-114
106000278,129,34,95
106000279,15,36,-21
106000280,86,52,34
106000281,62,38,24
106000282,59,77,-18
106000283,105,45,60
106000284,58,108,-50
106000285,143,68,75
106000286,83,115,-32
106000287,95,61,34
106000288,83,151,-68
106000289,85,51,34
106000290,43,116,-73
106000291,113,56,57
106000292,43,81,-38
106000293,148,76,72
106000294,151,99,52
106000295,53,50,3
106000296,18,87,-69
106000297,53,179,-126
106000298,100,38,62
106000299,94,127,-33
106000300,83,91,-8
106000301,55,81,-26
106000303,19,52,-33
106000304,26,18,8
106000305,29,30,-1
106000306,30,46,-16
106000307,36,27,9
106000308,12,87,-75
106000309,14,80,-66
106000310,252,401,-149
106000311,306,163,143
106000312,131,106,25
106000313,179,172,7
106000318,84,382,-298
106000319,882,268,614
106000320,4,73,-69
106000321,313,100,213
106000322,132,133,-1
106000324,12,110,-98
106000325,1271,759,512
106000326,807,1341,-534
106000327,164,75,89
106000328,48,117,-69
106000329,254,201,53
106000330,89,76,13
106000428,105,190,-85
106000429,130,429,-299
106000430,265,1092,-827
106000431,1895,377,1518
106000432,1754,2362,-608
106000433,2001,1404,597
106000434,2513,1345,1168
106000435,1201,1955,-754
106000436,18,168,-150
106000437,297,34,263
106000438,390,157,233
106000439,60,416,-356
106000440,185,303,-118
106000441,2,0,2
106000442,147,7,140
106000443,146,208,-62
106000450,3,130,-127
106000451,29,42,-13
106000454,5,210,-205
106000455,7,193,-186
106000456,126,35,91
106000457,9,625,-616
106000458,721,96,625
106000459,136,248,-112
106000460,1217,19,1198
106000461,79,796,-717
106000462,0,28,-28
106000463,1,17,-16
106000464,6,377,-371
106000465,623,5,618
106000466,4,459,-455
106000467,316,367,-51
106000468,49,125,-76
106000469,150,1,149
106000470,286,1182,-896
106000471,14,394,-380
106000472,121,11,110
106000473,44,11,33
106000474,445,554,-109
106000475,396,210,186
106000476,160,196,-36
106000477,41,114,-73
106000480,0,194,-194
106900001,0,6,-6
106900002,1,237,-236
106900003,116,535,-419
106900004,0,17,-17
106900006,0,11,-11
106900007,0,6,-6
106900008,220,138,82
106900009,199,197,2
106900010,165,176,-11
106900012,987,1331,-344
106900013,378,132,246
106900014,31,1,30
106900015,8,1,7
106900016,224,13,211
106900017,2,0,2
106900018,2,0,2
106900019,16,1,15
106900020,1496,953,543
106900021,137,80,57
106900022,599,2,597
106900023,65,206,-141
106900024,359,40,319
106900025,44,394,-350
106900026,1,328,-327
106900027,617,1,616
107000001,3121,2715,406
107000002,2362,3422,-1060
107000003,4440,5007,-567
107000004,3422,3230,192
107000005,3647,4400,-753
107000006,3515,3027,488
107000007,4415,7522,-3107
107000008,7988,5818,2170
107000009,5970,6276,-306
107000010,7599,6875,724
107000011,1033,1074,-41
107000012,3108,2290,818
107000013,62,71,-9
107000014,40,239,-199
107000015,484,607,-123
107000016,579,580,-1
107000017,1922,1106,816
107000018,9,759,-750
107000020,1153,1111,42
107000021,1091,427,664
107000022,724,1194,-470
107000023,1602,254,1348
107000024,520,1132,-612
107000025,204,241,-37
107000026,243,387,-144
107000027,1187,836,351
107000028,1077,1108,-31
107000029,2722,2360,362
107000030,2442,2185,257
107000031,3552,2035,1517
107000032,485,886,-401
107000033,2282,3066,-784
107000034,2446,1206,1240
107000035,266,214,52
107000036,380,1037,-657
107000037,71,713,-642
107000038,190,199,-9
107000039,712,732,-20
107000040,122,259,-137
107000041,1177,636,541
107000042,604,1556,-952
107000043,2083,1008,1075
107000044,462,273,189
107000045,80,231,-151
107000046,654,332,322
107000047,365,662,-297
107000048,641,223,418
107000049,584,688,-104
107000050,1057,509,548
107000051,317,306,11
107000052,943,856,87
107000053,301,177,124
107000054,93,243,-150
107000055,342,141,201
107000056,534,721,-187
107000057,1302,248,1054
107000058,1745,2078,-333
107000059,967,1582,-615
107000060,3645,4343,-698
107000061,3680,2981,699
107000062,3772,2522,1250
107000063,3326,3604,-278
107000064,4044,1912,2132
107000065,4279,4231,48
107000066,1553,2147,-594
107000067,1007,1050,-43
107000068,1099,588,511
107000069,726,488,238
107000070,1286,7,1279
107000071,2792,44,2748
107000072,52,2192,-2140
107000073,647,331,316
107000074,136,821,-685
107000075,1416,597,819
107000076,679,1131,-452
107000077,3211,1481,1730
107000078,2457,2558,-101
107000079,2310,979,1331
107000080,1021,2423,-1402
107000081,1459,527,932
107000082,451,1212,-761
107000083,1128,341,787
107000084,251,1267,-1016
107000085,2561,2714,-153
107000086,3146,2890,256
107000087,2634,1736,898
107000088,2904,2946,-42
107000089,1410,1382,28
107000090,807,825,-18
107000091,1412,736,676
107000092,657,868,-211
107000093,1140,679,461
107000094,859,988,-129
107000095,531,506,25
107000096,533,594,-61
107000097,662,297,365
107000098,671,512,159
107000099,459,234,225
107000100,267,236,31
107000101,65,159,-94
107000102,168,273,-105
107000103,227,160,67
107000104,133,240,-107
107000105,296,148,148
107000106,199,188,11
107000107,454,142,312
107000108,189,443,-254
107000109,629,171,458
107000110,67,427,-360
107000111,293,53,240
107000112,37,235,-198
107000113,522,113,409
107000114,103,382,-279
107000115,475,134,341
107000116,104,617,-513
107000117,100,456,-356
107000118,104,126,-22
107000119,1119,1156,-37
107000120,916,378,538
107000121,801,664,137
107000122,1143,786,357
107000123,436,523,-87
107000124,435,698,-263
107000125,927,554,373
107000126,791,592,199
107000129,192,617,-425
107000130,524,185,339
107000131,282,463,-181
107000132,419,260,159
107000133,533,86,447
107000134,226,6,220
107000135,7,217,-210
107000136,817,13,804
107000137,13,446,-433
107000138,301,35,266
107000139,21,406,-385
107000140,1284,100,1184
107000141,151,656,-505
107000142,459,99,360
107000143,66,508,-442
107000144,527,376,151
107000145,137,394,-257
107000146,223,268,-45
107000147,3484,1042,2442
107000150,487,2083,-1596
107000151,23,97,-74
107000152,382,1129,-747
107000153,134,320,-186
107000154,213,241,-28
107000155,749,12,737
107000156,900,35,865
107000157,57,1067,-1010
107000158,617,32,585
107000159,56,679,-623
107000160,848,116,732
107000161,73,918,-845
107000162,244,391,-147
107000163,240,8,232
107000164,610,4,606
107000165,797,8,789
107000166,39,768,-729
107000167,504,181,323
107000168,877,418,459
107000169,561,741,-180
107000170,1727,635,1092
107000171,536,1397,-861
107000172,891,1087,-196
107000173,532,632,-100
107000174,915,3711,-2796
107000175,4942,1368,3574
107000176,1,1,0
107000177,4,0,4
107000178,14,39,-25
107000179,268,1648,-1380
107000180,1132,262,870
107000181,340,864,-524
107000182,1560,735,825
107000183,100,581,-481
107000184,948,513,435
107000185,341,987,-646
107000186,827,327,500
107000187,1079,1035,44
107000188,575,538,37
107000189,374,889,-515
107000190,489,554,-65
107000191,723,988,-265
107000192,1347,576,771
107000193,380,367,13
107000194,824,554,270
107000197,794,212,582
107000198,265,560,-295
107000199,593,550,43
107000200,511,589,-78
107000201,407,251,156
107000202,321,442,-121
107000203,733,729,4
107000204,958,1062,-104
107000205,1701,677,1024
107000206,712,1265,-553
107000207,579,717,-138
107000208,734,422,312
107000209,1433,1081,352
107000210,518,313,205
107000211,2,36,-34
107000212,11,228,-217
107000213,2,26,-24
107000214,16,118,-102
107000215,260,212,48
107000216,297,237,60
107000217,138,111,27
107000219,71,124,-53
107000220,138,167,-29
107000222,205,504,-299
107000224,393,103,290
107000225,320,397,-77
107000226,358,103,255
107000227,133,250,-117
107000228,69,212,-143
107000229,148,95,53
107000230,896,384,512
107000231,1312,1566,-254
107000232,134,34,100
107000233,1116,789,327
107000234,4,51,-47
107000235,61,13,48
107000236,7,371,-364
107000237,20,5,15
107000238,49,2,47
107000239,2542,404,2138
107000240,129,739,-610
107000243,0,40,-40
107000244,3,48,-45
107000246,1,837,-836
107000249,4,1083,-1079
107000251,2,413,-411
107000252,2,789,-787
107000255,279,87,192
107000257,1,326,-325
107000258,1,106,-105
107000259,6,151,-145
107000260,632,3,629
107000262,11,438,-427
107000263,246,10,236
107000266,5,7,-2
107000267,65,114,-49
107000268,129,121,8
107000269,443,123,320
107000270,5,11,-6
107000271,12,529,-517
107000272,10,116,-106
107000273,9,248,-239
107000274,868,6,862
107000275,565,1823,-1258
107000280,668,31,637
107000281,41,568,-527
107000282,60,636,-576
107000290,3,24,-21
107000291,31,6,25
107000292,2,57,-55
107000293,57,5,52
107000294,0,24,-24
107000295,82,5,77
107000296,0,21,-21
107000444,254,4,250
107000496,1,20,-19
107000497,1249,1684,-435
107000500,269,255,14
107000501,92,116,-24
107000502,209,300,-91
107000505,273,610,-337
107000506,0,59,-59
107000508,3,488,-485
107000509,219,549,-330
107000510,47,34,13
107000514,38,272,-234
107000515,25,175,-150
107000516,299,177,122
107000518,966,1097,-131
107000519,1287,743,544
107000520,122,44,78
107000521,495,308,187
107000522,889,480,409
107900001,67,132,-65
107900002,54,14,40
107900003,252,78,174
107900004,3,1,2
107900005,1094,21,1073
107900006,130,4,126
107900007,185,28,157
107900008,102,27,75
107900009,107,6,101
107900010,34,1,33
107900012,192,30,162
107900013,140,27,113
107900014,22,1,21
107900015,686,6,680
107900016,284,55,229
107900017,7,0,7
107900018,36,105,-69
107900019,15,40,-25
107900020,61,21,40
107900021,70,112,-42
107900023,2,1,1
107900024,1,45,-44
107900025,119,145,-26
107900026,53,33,20
107900027,24,63,-39
107900028,92,58,34
107900030,150,22,128
107900031,52,61,-9
107900032,25,1,24
107900033,18,10,8
107900034,284,11,273
107900035,536,34,502
107900036,87,25,62
107900037,0,41,-41
107900038,115,164,-49
107900039,35,40,-5
107900040,16,89,-73
107900041,6,3,3
107900043,37,72,-35
107900044,6,10,-4
107900045,112,43,69
107900046,126,123,3
107900047,38,70,-32
107900048,117,4,113
107900049,333,724,-391
107900050,121,250,-129
107900051,61,46,15
107900052,7,42,-35
107900053,36,79,-43
107900055,436,170,266
107900056,107,44,63
107900057,0,0,0
107900058,19,375,-356
107900060,37,31,6
107900061,14,5,9
107900063,51,112,-61
107900064,194,115,79
107900065,128,11,117
107900066,18,4,14
107900067,1,0,1
107900068,106,373,-267
107900069,39,1440,-1401
107900070,106,34,72
107900071,21,454,-433
107900072,92,133,-41
107900073,143,70,73
107900074,643,295,348
107900076,91,41,50
107900077,75,1,74
107900079,7,27,-20
107900080,197,639,-442
107900081,52,65,-13
107900082,8,11,-3
107900083,274,137,137
107900084,86,94,-8
107900086,52,150,-98
107900087,453,149,304
107900088,29,13,16
107900089,176,515,-339
107900090,460,1768,-1308
107900091,178,237,-59
107900093,57,61,-4
107900095,2529,1801,728
107900097,15,51,-36
107900098,28,109,-81
107900100,815,918,-103
107900101,638,137,501
107900102,18,3,15
107900103,37,113,-76
107900104,199,3,196
107900105,8,251,-243
107900106,3,756,-753
107900107,880,413,467
107900108,199,141,58
107900109,1179,11,1168
107900110,59,58,1
107900111,10,523,-513
107900112,82,252,-170
107900113,151,93,58
107900114,145,110,35
107900115,1,45,-44
107900116,111,100,11
107900117,254,212,42
107900118,70,90,-20
107900119,55,203,-148
107900120,17,27,-10
107900121,1,113,-112
107900122,2,77,-75
107900123,3,38,-35
107900124,17,53,-36
107900125,33,128,-95
107900126,7,59,-52
107900127,359,268,91
107900128,94,73,21
107900129,61,31,30
107900130,50,16,34
107900131,540,296,244
107900132,97,247,-150
107900133,0,67,-67
107900134,24,53,-29
107900135,11,135,-124
107900136,27,29,-2
107900137,119,89,30
107900138,60,45,15
107900139,35,55,-20
107900141,23,25,-2
107900142,65,463,-398
107900143,99,23,76
107900144,2,88,-86
107900145,5,65,-60
107900146,34,88,-54
107900147,40,43,-3
107900148,109,70,39
107900149,554,175,379
107900150,53,423,-370
107900151,25,70,-45
107900152,7,120,-113
107900153,123,235,-112
107900154,55,19,36
107900155,53,70,-17
107900156,3,255,-252
107900157,31,39,-8
107900158,626,22,604
107900159,26,542,-516
107900160,113,201,-88
107900161,16,99,-83
107900162,0,24,-24
107900163,31,40,-9
107900164,7,51,-44
107900165,9,68,-59
107900166,22,143,-121
107900167,19,58,-39
107900168,33,21,12
107900169,21,133,-112
107900171,5,720,-715
107900172,3,191,-188
107900173,12,100,-88
107900174,129,7,122
107900175,25,42,-17
107900176,29,22,7
107900177,2,71,-69
107900178,0,132,-132
107900179,17,90,-73
107900180,436,439,-3
107900181,312,157,155
107900182,4,688,-684
107900183,37,153,-116
107900184,126,206,-80
107900185,116,2,114
107900186,16,32,-16
107900187,0,70,-70
107900188,522,119,403
107900189,13,75,-62
107900190,51,123,-72
107900191,36,90,-54
107900193,10,54,-44
107900194,134,12,122
107900195,1603,287,1316
107900196,94,106,-12
107900197,632,405,227
107900199,5,903,-898
107900201,53,93,-40
107900203,42,66,-24
107900204,197,145,52
107900206,663,304,359
107900207,2,400,-398
107900208,4,419,-415
107900209,300,111,189
107900210,66,76,-10
107900213,359,315,44
107900214,17,89,-72
107900215,96,231,-135
107900216,140,41,99
107900217,46,82,-36
107900218,21,1031,-1010
107900219,37,84,-47
107900220,173,231,-58
107900221,117,150,-33
107900223,64,408,-344
107900224,80,253,-173
107900225,7,497,-490
107900226,137,67,70
107900227,90,294,-204
107900228,12,68,-56
107900229,2,180,-178
107900230,13,90,-77
107900231,26,136,-110
107900232,51,85,-34
107900233,5,89,-84
107900234,57,79,-22
107900235,15,65,-50
107900236,98,70,28
107900237,58,344,-286
107900238,22,54,-32
107900239,622,354,268
107900240,35,77,-42
107900241,17,49,-32
107900242,20,158,-138
107900243,5,57,-52
107900244,309,3,306
107900245,412,37,375
107900246,229,7,222
107900248,204,152,52
107900249,575,19,556
107900250,1,360,-359
107900251,82,959,-877
107900252,707,28,679
107900253,142,1,141
107900254,39,257,-218
107900255,185,80,105
107900256,902,730,172
107900257,126,79,47
107900258,108,133,-25
107900259,68,1342,-1274
107900261,2,215,-213
107900262,63,58,5
107900264,282,8,274
107900265,165,100,65
107900267,202,21,181
107900268,54,10,44
107900269,0,6,-6
107900270,1,0,1
107900271,6,26,-20
107900272,125,15,110
107900273,65,59,6
107900274,77,0,77
107900275,36,1,35
107900276,0,83,-83
107900277,0,186,-186
107900278,269,293,-24
107900279,88,149,-61
107900280,1574,1613,-39
107900281,887,1752,-865
107900282,32,333,-301
107900283,697,411,286
107900284,408,427,-19
107900285,83,59,24
107900286,111,60,51
107900287,140,152,-12
107900290,0,86,-86
107900291,318,25,293
107900292,91,139,-48
107900293,75,322,-247
107900295,57,40,17
107900297,0,213,-213
107900298,580,541,39
107900299,2145,1808,337
107900301,635,634,1
107900302,59,21,38
107900303,178,270,-92
107900304,252,321,-69
107900305,233,8,225
107900306,9,27,-18
107900307,35,229,-194
107900308,138,96,42
107900309,78,0,78
107900310,470,5,465
107900311,7,619,-612
107900312,62,0,62
107900313,1,191,-190
107900314,0,59,-59
107900315,3,39,-36
107900316,23,1,22
107900317,65,24,41
107900318,13,105,-92
107900319,1,93,-92
107900320,2,95,-93
107900321,113,3,110
107900322,5,112,-107
107900323,4,91,-87
107900324,112,1,111
107900325,77,14,63
107900326,322,226,96
107900327,3,37,-34
107900328,86,5,81
107900329,61,59,2
107900330,4,191,-187
107900331,195,28,167
107900332,231,11,220
107900333,47,7,40
107900334,16,115,-99
107900335,81,27,54
107900336,46,44,2
107900337,729,723,6
107900338,5,132,-127
107900339,4,10,-6
107900340,0,50,-50
107900341,50,1,49
107900342,152,104,48
107900343,53,1,52
107900344,12,62,-50
107900345,68,23,45
107900346,9,2,7
107900347,7,5,2
107900348,3,2,1
107900349,21,5,16
107900350,22,185,-163
107900351,7,93,-86
107900352,1,26,-25
107900353,13,9,4
107900354,3,44,-41
108000001,2584,2906,-322
108000002,1251,1474,-223
108000003,2884,3149,-265
108000004,9239,10888,-1649
108000005,7526,6611,915
108000006,8203,7043,1160
108000007,4533,3771,762
108000008,4078,5470,-1392
108000009,3252,3814,-562
108000010,2931,3617,-686
108000011,9605,10050,-445
108000012,13866,13238,628
108000014,1026,628,398
108000015,820,274,546
108000016,310,702,-392
108000017,877,334,543
108000018,1785,535,1250
108000019,1707,799,908
108000020,1144,511,633
108000021,287,1515,-1228
108000022,385,991,-606
108000023,977,206,771
108000024,336,512,-176
108000025,270,262,8
108000026,847,403,444
108000027,666,557,109
108000028,773,218,555
108000029,532,649,-117
108000030,479,182,297
108000031,209,466,-257
108000032,1393,611,782
108000033,670,856,-186
108000034,1355,397,958
108000035,591,1635,-1044
108000036,332,824,-492
108000037,1387,383,1004
108000038,2103,517,1586
108000039,472,1410,-938
108000040,1606,831,775
108000041,571,1684,-1113
108000042,279,206,73
108000043,204,206,-2
108000044,489,147,342
108000045,270,401,-131
108000046,1207,290,917
108000047,366,756,-390
108000048,176,263,-87
108000049,829,224,605
108000050,156,511,-355
108000051,343,128,215
108000052,185,558,-373
108000053,375,207,168
108000054,400,729,-329
108000055,823,492,331
108000056,1144,1108,36
108000057,494,1064,-570
108000058,1922,3037,-1115
108000059,2629,1629,1000
108000060,186,601,-415
108000061,299,416,-117
108000062,736,471,265
108000063,401,352,49
108000064,209,202,7
108000065,479,428,51
108000066,1124,661,463
108000067,1521,605,916
108000068,592,368,224
108000069,192,764,-572
108000070,1458,693,765
108000071,561,1116,-555
108000072,1507,1068,439
108000073,1173,1457,-284
108000074,544,337,207
108000075,336,695,-359
108000076,688,480,208
108000077,544,528,16
108000078,1771,1113,658
108000079,697,1253,-556
108000080,1137,455,682
108000081,593,1103,-510
108000082,814,1408,-594
108000083,1516,886,630
108000084,374,849,-475
108000085,647,420,227
108000086,724,547,177
108000087,148,1744,-1596
108000088,624,171,453
108000089,266,231,35
108000091,150,367,-217
108000092,176,66,110
108000093,172,383,-211
108000094,412,80,332
108000095,162,255,-93
108000096,224,153,71
108000097,132,286,-154
108000098,1239,1050,189
108000099,959,352,607
108000100,159,391,-232
108000101,1095,1235,-140
108000102,1409,2825,-1416
108000106,1124,5,1119
108000107,4,619,-615
108000108,746,25,721
108000109,9,558,-549
108000110,157,229,-72
108000111,173,427,-254
108000112,49,151,-102
108000113,402,242,160
108000115,266,197,69
108000117,473,311,162
108000118,499,1500,-1001
108000119,567,313,254
108000120,164,635,-471
108000121,153,384,-231
108000122,445,275,170
108000123,1061,170,891
108000124,504,444,60
108000125,415,207,208
108000126,186,314,-128
108000127,509,333,176
108000128,541,391,150
108000129,431,880,-449
108000130,494,234,260
108000131,803,530,273
108000132,1612,1006,606
108000133,762,525,237
108000134,473,401,72
108000135,907,439,468
108000136,316,752,-436
108000137,404,284,120
108000138,351,789,-438
108000139,470,272,198
108000140,87,19,68
108000141,41,57,-16
108000142,44,57,-13
108000143,29,328,-299
108000144,384,60,324
108000145,44,17,27
108000146,556,41,515
108000147,52,17,35
108000148,444,70,374
108000149,22,9,13
108000150,52,6,46
108000151,249,80,169
108000152,133,428,-295
108000153,480,130,350
108000154,34,9,25
108000155,31,9,22
108000156,661,374,287
108000157,121,757,-636
108000158,76,735,-659
108000159,487,215,272
108000160,2168,909,1259
108000161,1771,1743,28
108000165,3,145,-142
108000172,4,254,-250
108000173,1252,1637,-385
108000175,495,131,364
108000178,292,272,20
108000179,184,770,-586
108000181,45,28,17
108000182,224,97,127
108000183,52,549,-497
108000184,792,1749,-957
108000185,227,305,-78
108000186,331,310,21
108000187,151,425,-274
108000188,575,165,410
108000189,1488,6300,-4812
108000190,41,107,-66
108000192,181,495,-314
108000193,506,19,487
108000194,52,16,36
108000195,0,660,-660
108000196,380,174,206
108000198,661,266,395
108000199,1,154,-153
108000200,343,342,1
108000203,96,510,-414
108000204,133,66,67
108000205,234,328,-94
108000339,1019,384,635
108000364,248,548,-300
108000365,94,259,-165
108000367,125,243,-118
108000368,24,38,-14
108000369,700,223,477
108000371,7,554,-547
108000372,639,10,629
108000373,225,154,71
108000376,84,30,54
108000377,389,217,172
108000378,7501,8089,-588
108000379,13,181,-168
108000381,53,17,36
108000382,166,3,163
108000383,1,198,-197
108900001,91,898,-807
108900002,175,77,98
108900003,228,443,-215
108900004,681,448,233
108900007,251,178,73
108900008,94,113,-19
108900009,100,93,7
108900010,226,167,59
108900011,476,305,171
108900012,338,313,25
108900013,173,191,-18
108900014,19,81,-62
108900015,0,139,-139
108900016,2,200,-198
108900017,195,294,-99
108900018,132,282,-150
108900019,28,455,-427
108900020,34,174,-140
108900021,108,133,-25
108900022,100,7,93
108900023,9,20,-11
108900024,35,114,-79
108900025,124,111,13
108900026,11,68,-57
108900027,0,59,-59
108900028,61,238,-177
108900029,77,171,-94
108900030,0,58,-58
108900031,100,253,-153
108900032,15,132,-117
108900033,0,79,-79
108900034,0,206,-206
108900035,308,909,-601
108900038,1,184,-183
108900039,0,339,-339
108900040,8,93,-85
108900041,3685,2282,1403
108900042,5,303,-298
108900043,48,344,-296
108900044,0,343,-343
108900045,57,346,-289
108900046,49,520,-471
108900047,0,160,-160
108900048,90,630,-540
108900049,2127,1080,1047
108900050,0,182,-182
108900051,0,112,-112
108900052,19,125,-106
108900053,60,173,-113
108900054,52,160,-108
108900055,37,236,-199
108900056,2,101,-99
108900057,3,107,-104
108900058,43,265,-222
108900059,330,31,299
108900060,71,137,-66
108900061,74,36,38
108900062,11,160,-149
108900063,26,171,-145
108900064,166,60,106
108900065,12,156,-144
108900066,325,89,236
108900067,10,137,-127
108900068,5,134,-129
108900069,84,66,18
108900070,26,82,-56
108900071,64,62,2
108900072,1385,520,865
108900073,47,191,-144
108900074,216,230,-14
108900075,36,37,-1
108900076,212,55,157
108900077,110,326,-216
108900078,34,83,-49
108900079,616,149,467
108900080,34,596,-562
108900081,54,160,-106
108900082,59,95,-36
108900083,35,181,-146
108900085,1722,160,1562
108900086,114,166,-52
108900087,121,101,20
108900088,738,382,356
108900089,12,152,-140
108900090,45,168,-123
108900091,75,87,-12
108900092,370,315,55
108900093,86,89,-3
108900094,212,80,132
108900095,31,247,-216
108900096,270,11,259
108900097,284,142,142
108900098,1591,655,936
108900099,319,178,141
108900100,58,78,-20
108900101,140,136,4
108900102,59,710,-651
108900103,83,145,-62
108900105,7,918,-911
108900106,413,239,174
108900108,331,56,275
108900109,323,80,243
108900110,174,297,-123
108900111,440,418,22
108900113,32,33,-1
108900114,67,11,56
108900115,60,66,-6
108900116,66,18,48
108900117,149,13,136
108900118,469,30,439
108900119,236,23,213
108900120,223,129,94
108900121,228,104,124
108900122,121,9,112
108900123,135,145,-10
108900124,373,157,216
108900125,336,3,333
108900126,105,27,78
108900127,134,11,123
108900128,81,33,48
108900129,550,121,429
108900130,275,0,275
108900131,289,8,281
108900132,497,46,451
108900133,194,59,135
108900134,287,180,107
108900135,132,8,124
108900136,59,1,58
108900137,138,2,136
108900138,701,44,657
108900140,304,181,123
108900141,262,21,241
108900142,113,4,109
108900143,85,0,85
108900144,87,1,86
108900145,196,19,177
108900146,63,0,63
108900147,220,1,219
108900148,44,21,23
108900150,220,9,211
108900151,175,7,168
108900152,179,18,161
108900153,147,247,-100
108900154,3395,362,3033
108900156,36,11,25
108900157,55,324,-269
108900158,420,84,336
108900159,2,165,-163
108900160,8,150,-142
108900161,9,291,-282
108900162,104,1,103
108900163,4,187,-183
108900164,46,69,-23
108900168,5358,2133,3225
108900169,49,100,-51
108900171,4072,2161,1911
108900172,137,48,89
108900173,130,212,-82
108900174,775,489,286
108900176,79,325,-246
108900177,3390,3755,-365
108900178,2761,2597,164
108900180,81,237,-156
108900183,132,150,-18
108900184,334,159,175
108900185,63,218,-155
108900186,39,277,-238
108900189,268,118,150
108900190,38,1837,-1799
108900192,91,166,-75
108900195,85,180,-95
108900196,27,224,-197
108900199,243,304,-61
108900200,455,327,128
108900201,371,1061,-690
108900203,322,157,165
108900204,232,16,216
108900205,109,23,86
108900206,330,63,267
108900207,178,84,94
108900208,17,265,-248
108900209,229,462,-233
108900210,127,144,-17
108900211,163,394,-231
108900212,526,1125,-599
108900215,70,286,-216
108900216,516,222,294
108900217,136,0,136
108900218,139,23,116
108900221,55,126,-71
108900224,31,147,-116
108900225,2,164,-162
108900227,79,250,-171
108900230,179,197,-18
108900232,2,164,-162
108900233,234,114,120
108900234,258,122,136
108900235,173,403,-230
108900236,43,183,-140
108900240,113,81,32
108900241,19,25,-6
108900245,12,1024,-1012
108900250,194,107,87
108900258,10,161,-151
108900259,32,60,-28
108900260,8,90,-82
108900261,70,112,-42
108900262,139,144,-5
108900263,20,126,-106
108900264,623,244,379
108900265,592,359,233
108900266,615,522,93
108900267,7,71,-64
108900268,9,4,5
108900269,85,10,75
108900270,62,5,57
108900271,42,20,22
108900272,161,15,146
108900273,969,808,161
108900274,68,56,12
109000001,2207,1144,1063
109000002,1300,1465,-165
109000003,2131,383,1748
109000004,403,1356,-953
109000005,2119,600,1519
109000006,598,1660,-1062
109000007,1186,526,660
109000008,391,1342,-951
109000009,2906,1088,1818
109000010,1142,2677,-1535
109000011,2538,1728,810
109000012,1043,1695,-652
109000013,2717,2333,384
109000014,1440,2157,-717
109000015,3454,5590,-2136
109000016,4010,2578,1432
109000017,2052,1009,1043
109000018,1611,2989,-1378
109000019,2090,1269,821
109000020,849,1532,-683
109000023,287,41,246
109000024,8,161,-153
109000025,354,470,-116
109000026,689,250,439
109000027,78,302,-224
109000028,148,72,76
109000029,115,139,-24
109000030,79,274,-195
109000031,183,224,-41
109000032,200,907,-707
109000033,291,203,88
109000034,72,53,19
109000035,25,39,-14
109000036,83,253,-170
109000037,214,1015,-801
109000038,432,270,162
109000039,761,592,169
109000040,2572,5711,-3139
109000041,2247,1428,819
109000042,408,895,-487
109000044,398,190,208
109000045,253,313,-60
109000046,271,84,187
109000047,80,362,-282
109000048,1006,385,621
109000049,268,483,-215
109000050,446,490,-44
109000051,279,199,80
109000052,427,639,-212
109000053,988,287,701
109000054,109,337,-228
109000055,140,250,-110
109000056,262,252,10
109000057,418,469,-51
109000058,1731,364,1367
109000059,895,1411,-516
109000060,618,321,297
109000061,671,600,71
109000062,101,289,-188
109000063,164,112,52
109000064,220,153,67
109000065,92,134,-42
109000066,263,83,180
109000067,51,213,-162
109000068,2759,14,2745
109000069,910,26,884
109000070,8,1171,-1163
109000071,380,91,289
109000072,153,410,-257
109000073,40,77,-37
109000074,59,147,-88
109000075,67,311,-244
109000076,191,319,-128
109000077,327,300,27
109000078,89,172,-83
109000079,158,132,26
109000080,184,105,79
109000081,139,401,-262
109000082,625,191,434
109000083,264,534,-270
109000088,76,371,-295
109000089,255,52,203
109000090,115,303,-188
109000091,227,139,88
109000092,248,365,-117
109000093,155,161,-6
109000094,431,2,429
109000095,80,261,-181
109000096,546,350,196
109000097,90,128,-38
109000098,64,139,-75
109000099,855,208,647
109000100,224,526,-302
109000101,1242,529,713
109000102,276,524,-248
109000103,608,464,144
109000104,1335,469,866
109000105,378,791,-413
109000106,1453,684,769
109000107,441,1187,-746
109000108,1386,508,878
109000109,376,1205,-829
109000110,1003,448,555
109000111,852,1783,-931
109000112,385,97,288
109000113,295,109,186
109000114,132,311,-179
109000115,960,98,862
109000116,18,529,-511
109000117,176,92,84
109000118,13,292,-279
109000119,937,193,744
109000120,137,479,-342
109000121,561,79,482
109000122,114,436,-322
109000123,39,133,-94
109000124,469,417,52
109000125,620,267,353
109000126,357,522,-165
109000127,1180,222,958
109000128,431,902,-471
109000129,1491,557,934
109000130,630,1552,-922
109000131,1213,943,270
109000132,1036,1862,-826
109000133,334,689,-355
109000134,622,1183,-561
109000135,773,1413,-640
109000136,300,208,92
109000137,230,271,-41
109000138,413,272,141
109000139,405,331,74
109000140,225,447,-222
109000141,590,413,177
109000142,118,355,-237
109000143,102,95,7
109000145,146,312,-166
109000146,115,86,29
109000148,2258,941,1317
109000149,28,53,-25
109000150,126,226,-100
109000155,656,518,138
109000156,809,417,392
109000158,73,228,-155
109000159,94,339,-245
109000160,768,183,585
109000161,234,715,-481
109000162,1406,507,899
109000163,762,1270,-508
109000164,1137,2172,-1035
109000165,1038,453,585
109000166,622,123,499
109000167,163,390,-227
109000170,66,63,3
109000171,78,57,21
109000172,63,77,-14
109000173,42,91,-49
109000174,79,57,22
109000175,113,211,-98
109000176,257,188,69
109000177,13,93,-80
109000178,508,301,207
109000179,2947,3294,-347
109000180,3210,2315,895
109000181,12,22,-10
109000182,28,37,-9
109000183,58,13,45
109000184,28,19,9
109000185,19,29,-10
109000188,335,1168,-833
109000189,1511,628,883
109000190,428,391,37
109000191,340,397,-57
109000192,370,205,165
109000193,136,211,-75
109000194,268,96,172
109000195,111,230,-119
109000196,245,92,153
109000197,133,314,-181
109000198,288,83,205
109000199,96,372,-276
109000206,218,39,179
109000207,96,26,70
109000208,74,64,10
109000209,161,140,21
109000210,201,386,-185
109000211,421,377,44
109000214,394,562,-168
109000215,146,69,77
109000216,249,249,0
109000217,202,99,103
109000218,422,129,293
109000221,562,898,-336
109000222,978,315,663
109000223,270,273,-3
109000224,42,118,-76
109000225,73,26,47
109000226,51,155,-104
109000227,714,747,-33
109000228,6,1202,-1196
109000231,0,234,-234
109000232,316,253,63
109000236,235,636,-401
109000241,1916,1740,176
109000242,1816,1239,577
109000293,98,230,-132
109000361,159,190,-31
109000364,148,366,-218
109000396,6,323,-317
109000397,404,4,400
109000399,148,310,-162
109000400,88,211,-123
109000403,127,1166,-1039
109000406,310,3,307
109000407,246,158,88
109000408,3,317,-314
109000410,890,193,697
109000411,193,16,177
109900001,84,2,82
109900002,660,24,636
109900003,239,0,239
109900004,88,18,70
109900005,37,2,35
109900006,246,113,133
109900007,660,367,293
109900008,0,39,-39
109900009,110,349,-239
109900010,392,15,377
109900011,83,42,41
109900012,231,151,80
109900013,249,152,97
109900014,382,42,340
109900015,452,245,207
109900016,144,15,129
109900017,135,212,-77
109900018,213,57,156
109900019,333,37,296
109900020,42,53,-11
109900021,29,21,8
109900022,126,130,-4
109900023,14,7,7
109900024,35,3,32
109900025,32,67,-35
109900026,0,11,-11
109900027,45,83,-38
109900028,965,777,188
109900029,2,171,-169
109900030,48,14,34
109900031,1,107,-106
109900032,13,232,-219
109900033,4,355,-351
109900034,50,6,44
109900035,8,20,-12
109900036,19,53,-34
109900037,28,321,-293
109900038,117,209,-92
109900039,13,0,13
109900040,19,408,-389
109900041,46,263,-217
109900042,26,365,-339
109900044,147,185,-38
109900045,332,149,183
109900046,93,92,1
109900047,271,332,-61
109900048,7,74,-67
109900049,6,32,-26
109900050,1,92,-91
109900051,2,61,-59
109900052,62,208,-146
109900053,2,193,-191
109900054,457,147,310
109900055,42,210,-168
109900056,29,225,-196
109900057,3,106,-103
109900058,0,65,-65
109900059,45,8,37
109900060,362,125,237
109900061,63,231,-168
109900062,0,109,-109
109900063,1,41,-40
109900064,501,195,306
109900065,91,121,-30
109900066,267,571,-304
109900067,0,184,-184
109900068,58,5,53
109900069,4,22,-18
109900070,8,21,-13
109900071,5,17,-12
109900072,23,126,-103
109900073,275,294,-19
109900074,9,46,-37
109900075,20,22,-2
109900076,26,197,-171
109900077,54,54,0
109900078,73,160,-87
109900080,107,200,-93
109900081,21,231,-210
109900082,34,216,-182
109900083,39,68,-29
109900084,62,108,-46
109900085,156,395,-239
109900086,121,314,-193
109900087,332,421,-89
109900089,579,200,379
109900090,38,59,-21
109900091,17,9,8
109900092,345,27,318
109900093,787,115,672
109900094,76,114,-38
109900095,142,128,14
109900096,32,0,32
109900097,83,1,82
109900098,323,32,291
109900099,159,1,158
109900100,57,1,56
109900101,321,11,310
109900102,377,12,365
109900103,35,28,7
109900104,421,522,-101
109900105,460,29,431
109900106,275,96,179
109900107,562,91,471
109900108,78,216,-138
109900109,30,96,-66
109900110,3,28,-25
109900111,204,577,-373
109900112,20,31,-11
109900113,50,51,-1
109900114,738,829,-91
109900115,193,39,154
109900117,650,123,527
109900118,23,35,-12
109900119,33,24,9
109900120,7,5,2
109900121,322,519,-197
109900122,21,1,20
109900123,18,98,-80
109900124,5,40,-35
109900125,1,100,-99
109900126,193,72,121
109900128,23,4,19
109900130,4051,1613,2438
109900131,62,127,-65
109900132,35,131,-96
109900133,11,19,-8
109900134,73,72,1
109900135,294,67,227
109900136,2,11,-9
109900137,95,186,-91
109900140,210,123,87
109900142,71,16,55
109900145,1,38,-37
109900146,30,5,25
109900148,8,7,1
109900149,29,53,-24
109900150,10,87,-77
109900151,7,44,-37
109900152,1,54,-53
109900153,0,37,-37
109900154,54,0,54
109900155,81,42,39
109900157,39,179,-140
109900158,5,15,-10
109900159,152,33,119
109900160,16,7,9
109900161,181,66,115
109900162,138,135,3
109900163,495,210,285
109900164,59,173,-114
109900165,201,3,198
109900166,0,115,-115
109900167,168,283,-115
109900168,160,433,-273
109900169,166,161,5
109900170,154,596,-442
109900171,114,88,26
109900172,166,198,-32
109900173,1721,1830,-109
109900174,44,78,-34
109900175,81,67,14
109900176,106,152,-46
109900177,46,143,-97
109900178,51,118,-67
109900179,47,18,29
109900180,4,13,-9
110000001,787,432,355
110000002,602,678,-76
110000003,643,594,49
110000004,411,610,-199
110000005,352,1205,-853
110000006,284,224,60
110000007,81,78,3
110000008,9,52,-43
110000009,37,21,16
110000010,66,45,21
110000011,25,43,-18
110000012,423,324,99
110000013,35,390,-355
110000014,481,331,150
110000015,231,567,-336
110000016,195,1041,-846
110000017,1926,213,1713
110000018,1531,303,1228
110000019,15,73,-58
110000020,347,186,161
110000021,472,304,168
110000022,509,153,356
110000023,12,114,-102
110000024,441,292,149
110000025,370,4,366
110000026,9,232,-223
110000027,833,811,22
110000028,687,543,144
110000029,433,555,-122
110000030,247,288,-41
110000031,266,404,-138
110000032,604,341,263
110000033,267,74,193
110000034,373,465,-92
110000035,583,438,145
110000036,609,431,178
110000037,170,319,-149
110000038,199,427,-228
110000039,554,1733,-1179
110000040,190,226,-36
110000041,298,976,-678
110000042,80,284,-204
110000043,584,215,369
110000044,70,263,-193
110000045,371,77,294
110000046,5,27,-22
110000047,23,21,2
110000048,5,51,-46
110000049,51,12,39
110000050,7,60,-53
110000051,76,13,63
110000052,25,30,-5
110000053,45,14,31
110000054,158,249,-91
110000055,356,38,318
110000056,181,118,63
110000057,294,422,-128
110000058,766,379,387
110000059,766,474,292
110000060,664,730,-66
110000061,680,617,63
110000062,530,764,-234
110000063,26,74,-48
110000064,42,56,-14
110000065,67,42,25
110000066,77,32,45
110000067,70,119,-49
110000068,268,126,142
110000069,205,71,134
110000071,121,101,20
110000073,6,9,-3
110000075,5,54,-49
110000076,248,257,-9
110000077,327,851,-524
110000078,36,29,7
110000080,217,429,-212
110000081,55,214,-159
110000082,45,241,-196
110000083,224,462,-238
110000084,989,676,313
110000085,1359,1430,-71
110000086,1198,1645,-447
110000087,14,40,-26
110000088,85,146,-61
110000089,262,102,160
110000090,406,180,226
110000091,742,201,541
110000092,8,34,-26
110000093,80,6,74
110000094,460,224,236
110000095,144,465,-321
110000096,1519,1507,12
110000097,1021,1059,-38
110000098,1660,555,1105
110000099,596,1236,-640
110000100,736,430,306
110000101,28,272,-244
110000102,82,31,51
110000104,618,127,491
110000105,104,229,-125
110000106,538,346,192
110000107,231,361,-130
110000108,132,56,76
110000109,178,204,-26
110000110,2123,3077,-954
110000111,3579,1928,1651
110000112,1059,1038,21
110000113,250,1567,-1317
110000114,149,370,-221
110000115,319,243,76
110000116,47,73,-26
110000117,139,202,-63
110000118,316,174,142
110000119,152,212,-60
110000120,273,150,123
110000121,97,268,-171
110000122,364,491,-127
110000123,512,545,-33
110000124,1,703,-702
110000125,911,16,895
110000126,278,55,223
110000127,1048,57,991
110000128,29,910,-881
110000129,5,428,-423
110000130,338,159,179
110000131,94,336,-242
110000132,1,513,-512
110000133,34,496,-462
110000134,6,269,-263
110000135,139,8,131
110000136,51,205,-154
110000137,434,411,23
110000138,593,413,180
110000139,625,830,-205
110000140,823,625,198
110000143,568,309,259
110000144,4505,1680,2825
110000145,1688,1051,637
110000146,1181,533,648
110000147,327,464,-137
110000148,449,186,263
110000151,657,863,-206
110000152,615,328,287
110000153,55,34,21
110000154,9,18,-9
110000155,1051,3464,-2413
110000156,918,2205,-1287
110000157,1348,1889,-541
110000160,277,190,87
110000161,138,212,-74
110000166,416,114,302
110000167,658,478,180
110000168,800,470,330
110000169,797,363,434
110000170,117,64,53
110000171,462,114,348
110000172,126,502,-376
110000173,818,846,-28
110000174,133,596,-463
110000175,475,59,416
110000176,391,217,174
110000177,197,659,-462
110000178,340,1018,-678
110000179,823,283,540
110000180,167,176,-9
110000181,270,356,-86
110000182,290,97,193
110000183,5572,5119,453
110000184,337,1799,-1462
110000185,746,555,191
110000186,508,550,-42
110000191,899,289,610
110000192,591,8,583
110000193,1059,12,1047
110000194,11,704,-693
110000195,397,226,171
110000196,344,254,90
110000197,73,111,-38
110000198,70,60,10
110000199,87,100,-13
110000200,1024,408,616
110000201,637,765,-128
110000202,985,513,472
110000203,572,534,38
110000204,2,145,-143
110000205,95,56,39
110000206,631,955,-324
110000207,814,343,471
110000208,162,150,12
110000209,132,638,-506
110000210,933,363,570
110000211,635,491,144
110000212,334,840,-506
110000213,158,65,93
110000214,185,77,108
110000215,136,237,-101
110000216,102,204,-102
110000217,210,145,65
110000218,168,211,-43
110000219,264,46,218
110000220,64,208,-144
110000221,290,85,205
110000222,57,190,-133
110000223,1,207,-206
110000224,62,8,54
110000225,235,515,-280
110000226,185,56,129
110000227,622,564,58
110000228,236,181,55
110000229,1,177,-176
110000230,448,463,-15
110000231,161,154,7
110000232,394,182,212
110000233,330,236,94
110000234,623,600,23
110000235,837,781,56
110000236,490,478,12
110000237,1515,878,637
110000238,1022,1202,-180
110000239,1512,932,580
110000240,1,50,-49
110000242,0,7,-7
110000243,107,106,1
110000244,124,274,-150
110000245,34,274,-240
110000246,500,407,93
110000247,708,2925,-2217
110000248,1300,1120,180
110000249,90,10,80
110000250,49,130,-81
110000251,205,326,-121
110000252,159,146,13
110000253,893,452,441
110000254,512,778,-266
110000255,192,675,-483
110000256,368,232,136
110000257,525,385,140
110000258,7,234,-227
110000259,81,15,66
110000260,26,159,-133
110000263,278,63,215
110000264,231,268,-37
110000265,937,1411,-474
110000266,1444,2035,-591
110000267,13,104,-91
110000268,221,291,-70
110000269,0,49,-49
110000270,57,2,55
110000271,927,197,730
110000272,873,879,-6
110000273,2208,1154,1054
110000274,157,970,-813
110000275,1204,402,802
110000276,246,236,10
110000277,268,252,16
110000278,256,486,-230
110000279,616,616,0
110000280,338,277,61
110000281,50,278,-228
110000282,257,26,231
110000283,50,100,-50
110000284,34,45,-11
110000285,3,413,-410
110000286,24,1,23
110000287,42,3,39
110000288,0,74,-74
110000289,330,1408,-1078
110000290,711,480,231
110000291,3015,983,2032
110000292,1041,3050,-2009
110000293,457,525,-68
110000294,791,841,-50
110000295,164,536,-372
110000296,286,286,0
110000297,1624,286,1338
110000298,153,422,-269
110000299,211,58,153
110000301,321,25,296
110000302,454,629,-175
110000303,389,6,383
110000304,138,171,-33
110000305,907,20,887
110000306,107,751,-644
110000307,1140,5,1135
110000308,299,12,287
110000309,5,486,-481
110000310,600,33,567
110000311,19,393,-374
110000312,315,53,262
110000313,1656,2156,-500
110000314,0,158,-158
110000315,2398,1998,400
110000316,485,1141,-656
110000317,357,393,-36
110000318,3,46,-43
110000319,32,16,16
110000320,41,25,16
110000321,7,45,-38
110000322,233,243,-10
110000323,335,138,197
110000324,2387,1255,1132
110000325,1982,2116,-134
110000327,433,248,185
110000328,132,265,-133
110000333,684,480,204
110000334,566,1074,-508
110000335,524,337,187
110000336,544,741,-197
110000337,1045,414,631
110000338,415,179,236
110000339,265,157,108
110000340,73,137,-64
110000341,353,383,-30
110000342,281,4,277
110000343,0,12,-12
110000344,686,106,580
110000345,752,115,637
110000346,1744,1506,238
110000347,970,578,392
110000348,29,26,3
110000349,7,7,0
110000350,58,12,46
110000351,819,640,179
110000352,600,1053,-453
110000353,1851,556,1295
110000354,902,2149,-1247
110000355,60,52,8
110000356,561,7,554
110000357,249,15,234
110000361,13,37,-24
110000362,53,11,42
110000363,349,118,231
110000364,185,246,-61
110000365,141,0,141
110000366,7,72,-65
110000367,262,100,162
110000368,3,50,-47
110000369,77,4,73
110000373,4,215,-211
110000374,170,19,151
110000375,85,802,-717
110000376,28,73,-45
110000377,83,337,-254
110000378,13,283,-270
110000379,2021,1387,634
110000380,55,4,51
110000383,2,1111,-1109
110000384,1834,1233,601
110000385,0,117,-117
110000387,52,17,35
110000388,27,142,-115
110000389,759,20,739
110000391,515,217,298
110000396,163,142,21
110000397,165,117,48
110000398,8,29,-21
110000399,96,0,96
110000587,128,50,78
110000589,235,117,118
110000640,159,47,112
110000652,11,114,-103
110000653,220,397,-177
110000654,110,471,-361
110000656,0,468,-468
110000674,25,9,16
110000675,9,8,1
110000676,6,28,-22
110000679,339,973,-634
110000682,93,152,-59
110000683,236,397,-161
110000684,3,19,-16
110000685,5,12,-7
110000686,3,12,-9
110000687,18,1,17
110000688,63,675,-612
110000689,30,25,5
110000692,37,111,-74
110000693,41,185,-144
110000694,0,120,-120
110000695,121,423,-302
110000696,57,50,7
110900001,165,35,130
110900002,361,129,232
110900003,525,377,148
110900004,398,132,266
110900005,1546,1690,-144
110900006,52,11,41
110900007,83,22,61
110900008,15,41,-26
110900009,329,100,229
110900010,18,56,-38
110900011,15,44,-29
110900012,11,53,-42
110900013,692,171,521
110900014,334,13,321
110900015,395,461,-66
110900016,58,115,-57
110900017,291,32,259
110900018,306,40,266
110900019,162,13,149
110900020,79,190,-111
110900021,89,276,-187
110900022,94,166,-72
110900023,81,336,-255
110900024,16,234,-218
110900025,0,37,-37
110900027,25,129,-104
110900028,45,135,-90
110900029,11,200,-189
110900030,25,168,-143
110900031,137,101,36
110900032,0,63,-63
110900033,33,113,-80
110900035,10,384,-374
110900036,73,27,46
110900037,49,21,28
110900038,572,163,409
110900039,10,195,-185
110900040,180,23,157
110900041,31,94,-63
110900042,122,40,82
110900043,1,104,-103
110900044,171,25,146
110900045,56,236,-180
110900046,26,165,-139
110900047,305,226,79
110900049,48,49,-1
110900050,28,8,20
110900051,51,176,-125
110900052,5,117,-112
110900053,103,17,86
110900054,62,132,-70
110900055,34,4,30
110900056,52,106,-54
110900057,1,99,-98
110900058,188,119,69
110900059,513,329,184
110900060,357,104,253
110900061,14,44,-30
110900062,148,143,5
110900063,48,200,-152
110900064,14,0,14
110900065,251,93,158
110900066,7,74,-67
110900067,194,475,-281
110900068,180,168,12
110900069,4,13,-9
110900070,102,76,26
110900071,207,448,-241
110900073,0,23,-23
110900074,242,74,168
110900075,263,62,201
110900077,796,553,243
110900078,36,48,-12
110900079,1851,1159,692
110900080,88,51,37
110900081,7,26,-19
110900082,118,127,-9
110900083,103,44,59
110900084,45,60,-15
110900085,48,183,-135
110900086,60,259,-199
110900087,253,61,192
110900088,17,1,16
110900090,32,33,-1
110900091,1,34,-33
110900093,191,82,109
110900095,49,33,16
110900097,7,19,-12
110900098,30,89,-59
110900099,30,257,-227
110900100,0,21,-21
110900102,38,10,28
110900105,477,184,293
110900108,13,34,-21
110900111,352,207,145
110900112,760,10,750
110900113,337,33,304
110900115,5,64,-59
110900116,534,1089,-555
110900118,125,2129,-2004
110900119,2196,271,1925
110900120,17,49,-32
110900121,147,0,147
110900122,363,149,214
110900125,361,381,-20
110900127,534,1053,-519
110900128,307,450,-143
110900129,258,714,-456
110900130,835,521,314
110900131,185,44,141
110900132,218,50,168
110900133,165,116,49
110900135,23,185,-162
110900136,248,20,228
110900138,0,0,0
110900139,22,0,22
110900140,1,0,1
110900141,430,223,207
110900142,56,129,-73
110900143,146,86,60
110900144,2,510,-508
110900145,217,24,193
110900146,296,131,165
110900147,71,243,-172
110900148,4,286,-282
110900149,1,40,-39
110900150,34,22,12
110900151,2,38,-36
110900152,39,182,-143
110900153,116,43,73
111000001,510,541,-31
111000002,688,599,89
111000003,1142,565,577
111000004,356,848,-492
111000005,1221,960,261
111000006,660,1467,-807
111000007,3053,2155,898
111000008,1646,2359,-713
111000009,381,730,-349
111000010,704,231,473
111000011,301,1049,-748
111000012,659,292,367
111000013,493,1004,-511
111000014,1322,528,794
111000017,139,828,-689
111000018,243,391,-148
111000020,651,1971,-1320
111000021,65,93,-28
111000023,66,85,-19
111000025,2907,3009,-102
111000029,52,101,-49
111000030,29,100,-71
111000031,1619,971,648
111000032,452,302,150
111000033,246,308,-62
111000034,177,195,-18
111000037,848,506,342
111000038,2853,1717,1136
111000039,1539,1628,-89
111000040,1530,1751,-221
111000041,1671,1400,271
111000042,2393,1940,453
111000043,1387,2574,-1187
111000044,1552,1109,443
111000045,1690,1985,-295
111000046,1135,1380,-245
111000047,1878,3104,-1226
111000049,479,379,100
111000050,1205,1178,27
111000051,504,782,-278
111000052,467,1207,-740
111000053,325,799,-474
111000054,337,660,-323
111000055,878,1208,-330
111000056,129,362,-233
111000057,83,429,-346
111000058,385,54,331
111000059,510,288,222
111000060,2920,848,2072
111000061,463,310,153
111000062,712,278,434
111000063,1433,772,661
111000064,578,484,94
111000065,860,745,115
111000066,387,312,75
111000067,428,612,-184
111000068,757,1020,-263
111000069,1554,1549,5
111000070,1049,860,189
111000071,213,492,-279
111000072,1089,416,673
111000073,324,747,-423
111000074,1283,1417,-134
111000075,1089,568,521
111000076,423,443,-20
111000077,1605,1713,-108
111000078,2478,1271,1207
111000079,1159,639,520
111000080,457,553,-96
111000081,1352,2882,-1530
111000082,586,536,50
111000084,687,471,216
111000085,814,936,-122
111000086,1910,865,1045
111000087,595,521,74
111000088,3349,1707,1642
111000089,593,563,30
111000090,727,1206,-479
111000091,697,332,365
111000092,1163,721,442
111000093,483,897,-414
111000094,1273,819,454
111000095,515,1712,-1197
111000096,1394,5705,-4311
111000097,3788,1698,2090
111000098,767,999,-232
111000099,499,1393,-894
111000100,325,1112,-787
111000101,442,626,-184
111000102,256,364,-108
111000104,435,172,263
111000107,133,463,-330
111000109,494,262,232
111000110,1228,616,612
111000111,1921,456,1465
111000112,1697,598,1099
111000113,861,1382,-521
111000114,2034,2776,-742
111000115,4245,940,3305
111000116,806,608,198
111000117,389,678,-289
111000118,1061,668,393
111000119,884,794,90
111000120,428,514,-86
111000121,302,553,-251
111000122,451,933,-482
111000123,854,1869,-1015
111000124,346,1811,-1465
111000125,227,947,-720
111000126,133,642,-509
111000127,872,132,740
111000128,1686,292,1394
111000129,2091,432,1659
111000130,1713,543,1170
111000131,1343,496,847
111000132,1156,643,513
111000133,179,135,44
111000134,157,127,30
111000135,47,153,-106
111000136,335,286,49
111000138,17,0,17
111000140,4,21,-17
111000141,145,286,-141
111000142,23,136,-113
111000143,6,156,-150
111000144,38,549,-511
111000145,1517,31,1486
111000146,162,13,149
111000147,298,33,265
111000148,143,67,76
111000149,1,19,-18
111000150,51,6,45
111000151,7,27,-20
111000153,563,666,-103
111000154,760,212,548
111000155,78,134,-56
111000156,450,549,-99
111000157,244,855,-611
111000158,771,590,181
111000159,1895,652,1243
111000160,381,352,29
111000161,22,223,-201
111000162,157,137,20
111000163,726,672,54
111000164,589,2734,-2145
111000165,854,398,456
111000166,1777,292,1485
111000167,155,346,-191
111000168,205,357,-152
111000169,311,597,-286
111000170,461,398,63
111000171,457,426,31
111000172,132,351,-219
111000173,346,636,-290
111000174,172,263,-91
111000175,40,204,-164
111000176,328,105,223
111000177,231,225,6
111000178,949,267,682
111000179,185,150,35
111000180,207,394,-187
111000181,970,230,740
111000182,197,167,30
111000183,355,256,99
111000184,319,213,106
111000185,337,346,-9
111000186,398,202,196
111000187,121,140,-19
111000188,212,282,-70
111000189,930,577,353
111000190,151,294,-143
111000191,148,250,-102
111000192,160,411,-251
111000193,244,240,4
111000194,62,266,-204
111000195,134,224,-90
111000196,78,140,-62
111000197,375,108,267
111000198,812,85,727
111000199,205,129,76
111000200,313,304,9
111000201,528,261,267
111000202,246,205,41
111000203,287,273,14
111000204,429,1046,-617
111000213,209,452,-243
111000214,1176,1071,105
111000215,1026,1035,-9
111000217,1130,618,512
111000218,950,865,85
111000219,381,194,187
111000220,1013,469,544
111000221,630,111,519
111000224,42,277,-235
111000225,465,274,191
111000226,122,3,119
111000227,43,8,35
111000228,23,277,-254
111000229,61,654,-593
111000230,191,241,-50
111000231,847,529,318
111000232,455,708,-253
111000233,734,490,244
111000234,110,328,-218
111000239,82,116,-34
111000240,27,159,-132
111000241,40,282,-242
111000242,131,58,73
111000243,126,367,-241
111000244,400,99,301
111000245,912,348,564
111000246,492,269,223
111000247,291,696,-405
111000248,587,324,263
111000249,427,566,-139
111000250,39,68,-29
111000251,30,87,-57
111000253,14,12,2
111000255,51,8,43
111000257,37,19,18
111000260,60,749,-689
111000261,965,98,867
111000271,40,226,-186
111000273,2283,1178,1105
111000274,1064,1739,-675
111000275,130,43,87
111000276,252,1315,-1063
111000277,182,303,-121
111000278,573,194,379
111000291,687,4086,-3399
111000298,386,128,258
111000299,521,150,371
111000300,94,503,-409
111000302,217,66,151
111000303,51,160,-109
111000312,33,59,-26
111000315,8,94,-86
111000320,232,561,-329
111000321,316,112,204
111000322,348,387,-39
111000323,197,19,178
111000324,310,180,130
111000325,46,56,-10
111000326,169,237,-68
111000327,325,305,20
111000328,239,363,-124
111000329,0,22,-22
111000330,47,6,41
111000331,27,6,21
111000332,460,1133,-673
111000334,296,900,-604
111000335,1163,249,914
111000337,998,379,619
111000338,66,86,-20
111000339,438,197,241
111000340,351,359,-8
111000341,979,517,462
111000342,221,987,-766
111000344,904,577,327
111000345,233,76,157
111000346,22,99,-77
111000347,128,4,124
111000350,196,97,99
111000351,104,276,-172
111000352,131,67,64
111000353,92,183,-91
111000354,422,96,326
111000355,264,401,-137
111000358,171,686,-515
111000360,155,402,-247
111000361,116,177,-61
111000546,625,513,112
111000547,356,368,-12
111000548,110,302,-192
111000549,312,244,68
111000550,90,783,-693
111000551,621,227,394
111000552,1763,189,1574
111000907,341,10,331
111000908,18,0,18
111000916,1138,248,890
111000917,35,333,-298
111000918,220,528,-308
111000920,447,7,440
111000921,13,170,-157
111000922,392,255,137
111000924,44,549,-505
111000925,2093,1638,455
111000926,950,1369,-419
111000927,2396,3435,-1039
111000928,3340,2516,824
111000929,1097,1045,52
111000930,650,1738,-1088
111000931,1576,2327,-751
111000932,3249,1810,1439
111000933,2959,1897,1062
111000934,1639,2603,-964
111000935,1188,788,400
111000936,1035,1636,-601
111000937,888,1083,-195
111000938,1219,1266,-47
111000939,454,46,408
111000940,392,138,254
111000941,279,319,-40
111000943,402,238,164
111000944,152,294,-142
111000945,57,1209,-1152
111001109,376,283,93
111001110,164,408,-244
111001111,70,22,48
111001112,103,4,99
111001113,3,171,-168
111001114,759,97,662
111001115,81,385,-304
111001116,3881,3278,603
111001117,482,1708,-1226
111001120,96,187,-91
111001121,165,255,-90
111001122,197,385,-188
111001123,246,101,145
111001124,67,150,-83
111001125,8,113,-105
111001126,4,0,4
111001127,0,15,-15
111001128,333,423,-90
111900001,5,173,-168
111900002,4,456,-452
111900003,1,196,-195
111900004,60,59,1
111900006,15,32,-17
111900007,73,5,68
111900008,129,1,128
111900009,99,3,96
111900010,304,332,-28
111900012,59,80,-21
111900013,16,55,-39
111900014,3729,3283,446
111900015,0,65,-65
111900016,0,88,-88
111900017,0,57,-57
111900018,218,9,209
111900019,5,79,-74
111900020,1,49,-48
111900021,24,86,-62
111900022,9,53,-44
111900023,60,73,-13
111900024,19,52,-33
111900025,1,20,-19
111900026,0,74,-74
111900027,3,97,-94
111900028,0,249,-249
111900029,9,64,-55
111900030,30,272,-242
111900031,0,1,-1
111900032,1,236,-235
111900033,5,76,-71
111900034,251,362,-111
111900035,46,158,-112
111900036,1,190,-189
111900038,262,438,-176
111900039,39,321,-282
111900040,2,378,-376
111900042,28,113,-85
111900043,3,235,-232
111900044,297,149,148
111900046,39,103,-64
111900048,194,494,-300
111900049,34,175,-141
111900050,83,39,44
111900051,1,164,-163
111900052,323,330,-7
111900053,834,1193,-359
111900054,122,8,114
111900055,8,292,-284
111900056,148,268,-120
111900057,112,61,51
111900058,336,410,-74
111900059,1132,508,624
111900060,256,3,253
111900061,9,135,-126
111900062,23,52,-29
111900063,354,208,146
111900064,104,171,-67
111900065,77,16,61
111900066,99,109,-10
111900067,2,262,-260
111900068,48,48,0
111900069,57,17,40
111900070,133,98,35
111900071,2,153,-151
111900072,37,15,22
111900073,681,136,545
111900074,10,138,-128
111900075,81,20,61
111900076,119,59,60
111900077,50,0,50
111900078,255,22,233
111900079,42,24,18
111900080,205,250,-45
111900082,104,36,68
111900083,139,15,124
111900084,96,3,93
111900085,18,113,-95
111900086,33,6,27
111900087,57,0,57
111900088,438,9,429
111900089,115,5,110
111900090,35,33,2
111900091,216,2,214
111900092,89,0,89
111900093,409,10,399
111900094,110,0,110
111900095,207,22,185
111900096,194,17,177
111900097,84,1,83
111900098,183,1,182
111900099,83,0,83
111900100,87,4,83
111900101,78,26,52
111900102,444,434,10
111900103,60,73,-13
111900104,122,49,73
111900105,242,161,81
111900106,567,39,528
111900110,1221,281,940
111900111,201,94,107
111900112,379,2013,-1634
111900113,222,84,138
111900118,286,78,208
111900119,315,125,190
111900122,120,87,33
111900123,17,18,-1
111900124,18,82,-64
111900125,426,22,404
111900126,187,3,184
111900127,5,519,-514
111900128,1,356,-355
111900129,178,1,177
111900130,128,25,103
111900131,510,3,507
111900132,17,620,-603
111900133,15,250,-235
111900134,9,159,-150
111900135,5,35,-30
111900136,79,173,-94
111900137,53,55,-2
111900138,5,81,-76
111900139,23,91,-68
111900140,70,12,58
111900141,70,13,57
111900142,97,37,60
111900143,20,134,-114
111900144,0,66,-66
111900145,0,275,-275
111900146,2,195,-193
111900147,112,262,-150
111900148,20,441,-421
111900149,13,212,-199
111900150,10,79,-69
111900151,4,23,-19
111900152,75,78,-3
111900153,1012,466,546
111900154,6,195,-189
111900155,45,68,-23
111900156,27,45,-18
111900157,128,18,110
111900158,436,60,376
111900159,247,13,234
111900160,247,1,246
111900161,115,0,115
111900162,48,153,-105
111900163,24,150,-126
111900164,91,50,41
111901113,339,118,221
111901114,104,259,-155
111901115,57,4,53
111901116,26,1,25
111901117,21,16,5
111901118,48,114,-66
111901119,474,36,438
111901121,135,126,9
111901122,3,343,-340
111901123,184,260,-76
111901124,180,3,177
111901125,386,192,194
111901127,464,319,145
111901128,11,67,-56
111901129,3,72,-69
111901130,17,125,-108
111901131,2,158,-156
111901132,110,23,87
111901133,33,4,29
111901134,62,5,57
111901135,28,11,17
111901136,2,25,-23
111901138,225,32,193
111901139,12,20,-8
111901140,7,60,-53
111901141,12,103,-91
111901142,2,67,-65
111901143,2,79,-77
111901144,42,32,10
111901145,146,250,-104
111901146,299,22,277
111901147,436,150,286
111901148,21,38,-17
111901149,12,3,9
111901150,31,0,31
111901151,0,0,0
112000001,1411,629,782
112000002,522,1615,-1093
112000003,1097,853,244
112000004,503,616,-113
112000005,2506,3106,-600
112000006,1959,1368,591
112000007,2519,1785,734
112000008,1853,3055,-1202
112000009,2520,2336,184
112000010,2148,2657,-509
112000011,1206,1343,-137
112000012,2834,3170,-336
112000013,2919,2086,833
112000014,1945,1816,129
112000015,2901,2509,392
112000016,2985,1254,1731
112000017,1327,1917,-590
112000024,1978,879,1099
112000026,2732,3309,-577
112000027,612,524,88
112000028,1020,1163,-143
112000029,388,488,-100
112000030,141,96,45
112000031,950,3097,-2147
112000032,338,49,289
112000033,1424,1326,98
112000034,318,80,238
112000035,103,347,-244
112000036,624,727,-103
112000037,1775,626,1149
112000038,1915,672,1243
112000039,82,68,14
112000040,78,183,-105
112000041,397,316,81
112000042,903,349,554
112000050,1020,1028,-8
112000051,833,939,-106
112000054,1242,1287,-45
112000057,380,291,89
112000058,294,416,-122
112000059,351,590,-239
112000061,2062,1623,439
112000062,1133,553,580
112000063,748,1341,-593
112000064,2973,4112,-1139
112000065,1536,1963,-427
112000066,2900,1168,1732
112000067,676,568,108
112000068,2512,2010,502
112000069,593,1213,-620
112000070,1412,732,680
112000071,890,1965,-1075
112000072,1753,711,1042
112000073,1266,1563,-297
112000074,1228,929,299
112000075,1238,987,251
112000076,2747,2040,707
112000077,541,404,137
112000078,1397,496,901
112000079,1065,1025,40
112000080,639,601,38
112000081,1242,1920,-678
112000082,1075,696,379
112000083,508,916,-408
112000084,932,761,171
112000085,942,745,197
112000086,1305,1072,233
112000087,371,517,-146
112000088,752,438,314
112000089,201,213,-12
112000090,202,212,-10
112000091,554,748,-194
112000092,1693,963,730
112000093,1352,806,546
112000094,638,845,-207
112000095,546,680,-134
112000096,483,461,22
112000097,1034,658,376
112000098,805,717,88
112000099,607,1434,-827
112000100,1314,716,598
112000101,444,655,-211
112000102,991,477,514
112000103,302,799,-497
112000105,547,1230,-683
112000106,1535,387,1148
112000107,92,189,-97
112000108,242,1351,-1109
112000109,160,109,51
112000110,1641,620,1021
112000111,802,2216,-1414
112000112,2877,602,2275
112000113,676,1120,-444
112000114,1839,806,1033
112000115,269,338,-69
112000116,443,689,-246
112000117,824,606,218
112000118,821,668,153
112000119,355,640,-285
112000120,85,260,-175
112000121,121,346,-225
112000122,292,155,137
112000123,686,136,550
112000124,370,85,285
112000125,222,210,12
112000126,198,382,-184
112000127,1633,1589,44
112000128,669,412,257
112000129,160,74,86
112000130,159,71,88
112000131,61,243,-182
112000132,132,236,-104
112000133,249,156,93
112000134,378,348,30
112000135,1292,543,749
112000136,1012,973,39
112000137,1312,1150,162
112000138,1334,849,485
112000139,775,519,256
112000140,882,1011,-129
112000141,632,312,320
112000142,165,443,-278
112000143,970,222,748
112000144,313,880,-567
112000145,2008,540,1468
112000146,458,1411,-953
112000147,2232,1678,554
112000148,1463,1618,-155
112000149,399,464,-65
112000150,263,523,-260
112000151,344,320,24
112000152,377,352,25
112000153,144,205,-61
112000154,124,193,-69
112000155,141,111,30
112000157,687,459,228
112000158,281,357,-76
112000159,391,354,37
112000167,283,67,216
112000169,286,351,-65
112000173,559,199,360
112000175,315,252,63
112000176,2033,1526,507
112000177,477,201,276
112000178,94,299,-205
112000179,201,84,117
112000180,225,357,-132
112000181,1085,1379,-294
112000182,1124,1162,-38
112000183,31,28,3
112000184,472,303,169
112000185,413,411,2
112000187,2885,1888,997
112000195,104,13,91
112000196,169,0,169
112000197,178,173,5
112000198,46,162,-116
112000199,871,797,74
112000202,379,0,379
112000216,81,225,-144
112000230,66,6,60
112000231,3,157,-154
112000256,52,215,-163
112000313,68,111,-43
112000314,51,21,30
112000337,234,453,-219
112000352,283,257,26
112000392,885,990,-105
112000398,1114,776,338
112000399,1321,1534,-213
112000400,1222,2008,-786
112000401,2378,1889,489
112000402,2327,2694,-367
112000403,1162,2268,-1106
112000404,750,687,63
112000405,1653,2284,-631
112000406,2420,1807,613
112000407,5714,6708,-994
112000408,5630,4767,863
112000409,1556,3703,-2147
112000410,326,350,-24
112000411,2718,1366,1352
112000412,1309,559,750
112000413,5806,4766,1040
112000414,59,91,-32
112000415,83,28,55
112000416,2013,1235,778
112000417,236,47,189
112000421,54,89,-35
112000422,338,257,81
112000424,1611,2230,-619
112000425,356,631,-275
112000426,95,220,-125
112000427,1,16,-15
112000428,189,254,-65
112000429,1690,1897,-207
112000430,2033,2237,-204
112000431,83,124,-41
112000432,459,983,-524
112000433,315,599,-284
112000437,65,121,-56
112900001,32,5,27
112900002,392,705,-313
112900003,93,307,-214
112900004,48,176,-128
112900005,156,213,-57
112900007,61,154,-93
112900008,2,36,-34
112900009,338,85,253
112900010,348,715,-367
112900011,153,203,-50
112900012,2,58,-56
112900013,3,85,-82
112900014,4,220,-216
112900015,314,513,-199
112900016,10,189,-179
112900017,27,129,-102
112900018,194,443,-249
112900019,27,114,-87
112900020,288,790,-502
112900021,1,158,-157
112900022,9,51,-42
112900023,1,176,-175
112900024,22,172,-150
112900025,46,164,-118
112900026,1,178,-177
112900027,13,752,-739
112900028,16,98,-82
112900029,17,404,-387
112900030,121,129,-8
112900031,7,288,-281
112900032,165,227,-62
112900034,1,35,-34
112900035,10,304,-294
112900036,51,115,-64
112900037,140,204,-64
112900038,499,131,368
112900039,14,199,-185
112900040,7,337,-330
112900041,495,717,-222
112900042,62,278,-216
112900043,28,23,5
112900044,457,374,83
112900045,206,250,-44
112900046,152,48,104
112900047,9,9,0
112900049,215,61,154
112900050,11,372,-361
112900051,218,386,-168
112900052,5,620,-615
112900053,404,84,320
112900054,163,51,112
112900055,106,39,67
112900056,286,175,111
112900057,19,383,-364
112900058,315,291,24
112900059,119,121,-2
112900060,16,128,-112
112900061,91,84,7
112900062,68,105,-37
112900063,140,18,122
112900064,102,155,-53
112900065,36,36,0
112900066,195,200,-5
112900067,325,148,177
112900068,48,32,16
112900069,1482,647,835
112900071,43,12,31
112900072,102,1453,-1351
112900073,320,68,252
112900074,99,235,-136
112900075,958,726,232
112900076,108,38,70
112900078,280,362,-82
112900079,269,41,228
112900080,79,2,77
112900081,70,151,-81
112900082,522,25,497
112900083,144,116,28
112900084,211,112,99
112900086,69,4,65
112900087,567,106,461
112900088,122,11,111
112900089,689,24,665
112900090,53,26,27
112900091,231,7,224
112900092,129,276,-147
112900093,1186,17,1169
112900095,47,1,46
112900096,352,108,244
112900097,74,177,-103
112900098,94,2,92
112900099,650,29,621
112900100,66,1,65
112900101,336,1,335
112900102,124,15,109
112900103,173,1,172
112900104,469,9,460
112900105,19,0,19
112900106,331,123,208
112900107,8,1,7
112900108,23,0,23
112900109,103,0,103
112900110,1090,30,1060
112900111,516,4,512
112900112,282,2,280
112900113,0,10,-10
112900114,150,15,135
112900115,1091,3,1088
112900116,134,33,101
112900117,95,64,31
112900118,22,68,-46
112900119,131,3,128
112900120,756,251,505
112900121,109,164,-55
112900122,17,80,-63
112900123,105,7,98
112900124,11,81,-70
112900125,33,324,-291
112900126,178,191,-13
112900127,324,111,213
112900128,318,517,-199
112900129,3,534,-531
112900130,229,83,146
112900131,36,221,-185
112900132,149,395,-246
112900133,19,769,-750
112900134,1,146,-145
112900135,90,42,48
112900137,2,399,-397
112900138,8,183,-175
112900139,141,735,-594
112900141,558,53,505
112900142,65,146,-81
112900143,20,381,-361
112900144,5,608,-603
112900145,48,363,-315
112900146,6,797,-791
112900147,3,1192,-1189
112900148,68,8,60
112900149,183,432,-249
112900151,18,49,-31
112900152,3210,637,2573
112900153,1644,2120,-476
112900154,0,116,-116
112900155,208,19,189
112900156,241,915,-674
112900157,306,119,187
112900158,75,17,58
112900159,149,92,57
112900160,73,229,-156
112900161,108,39,69
112900162,22,29,-7
112900163,92,34,58
112900164,33,164,-131
112900165,180,33,147
112900166,20,43,-23
112900167,5,74,-69
112900168,8,3,5
112900169,3,17,-14
112900170,81,64,17
112900172,33,18,15
112900173,135,76,59
112900174,200,31,169
112900175,89,122,-33
112900176,9,44,-35
112900177,206,35,171
112900178,600,1968,-1368
112900179,34,350,-316
112900180,1564,1290,274
112900181,562,7,555
112900182,43,789,-746
112900183,131,266,-135
112900184,333,345,-12
112900185,205,476,-271
112900186,891,668,223
112900187,65,539,-474
112900188,522,404,118
112900189,4,7,-3
112900190,14,25,-11
112900192,459,460,-1
112900193,840,254,586
112900194,36,59,-23
112900195,657,47,610
112900196,186,242,-56
112900197,155,269,-114
112900199,591,413,178
112900200,439,141,298
112900201,146,67,79
112900202,348,561,-213
112900203,218,185,33
112900204,855,540,315
112900205,10,9,1
112900206,58,98,-40
112900207,22,1,21
112900208,92,306,-214
112900209,480,294,186
112900210,0,21,-21
112900211,49,37,12
112900212,0,106,-106
112900213,54,20,34
112900214,26,13,13
112900215,4,133,-129
112900216,26,64,-38
112900217,0,36,-36
112900218,43,8,35
112900219,84,23,61
112900220,7,0,7
112900221,71,78,-7
112900222,0,28,-28
112900223,690,19,671
112900224,260,335,-75
112900225,366,298,68
112900226,162,242,-80
112900227,423,482,-59
112900228,47,26,21
112900229,229,43,186
112900230,4594,3053,1541
112900232,167,244,-77
112900233,56,130,-74
112900234,11,55,-44
112900235,113,39,74
112900236,218,19,199
112900237,154,178,-24
112900238,4,12,-8
112900239,1033,338,695
112900240,8,59,-51
112900241,31,71,-40
112900242,6,119,-113
112900243,6,123,-117
112900244,9,60,-51
112900245,3,40,-37
112900246,8,14,-6
112900247,176,31,145
112900248,16,0,16
112900249,22,5,17
112900250,39,23,16
112900251,58,18,40
112900252,53,24,29
112900253,21,17,4
112900254,14,9,5
112900255,0,41,-41
112900256,5,46,-41
112900257,13,36,-23
112900258,31,23,8
113000001,4579,3474,1105
113000002,2855,2741,114
113000003,1545,1170,375
113000004,1303,1814,-511
113000005,1365,723,642
113000006,773,1017,-244
113000007,1770,949,821
113000008,1337,1420,-83
113000009,886,570,316
113000010,910,1077,-167
113000011,561,1194,-633
113000012,1528,591,937
113000013,1248,756,492
113000014,1308,1406,-98
113000015,282,149,133
113000016,340,852,-512
113000017,28,314,-286
113000018,360,54,306
113000019,124,286,-162
113000020,453,75,378
113000021,919,485,434
113000022,600,938,-338
113000025,176,529,-353
113000026,342,394,-52
113000027,397,502,-105
113000028,465,422,43
113000029,769,657,112
113000030,387,510,-123
113000031,233,243,-10
113000032,265,264,1
113000033,244,388,-144
113000034,306,282,24
113000035,33,34,-1
113000036,19,64,-45
113000037,47,23,24
113000038,17,62,-45
113000039,70,247,-177
113000040,71,71,0
113000042,673,461,212
113000051,674,1860,-1186
113000052,1608,699,909
113000053,330,330,0
113000054,284,579,-295
113000055,940,541,399
113000056,814,735,79
113000058,673,725,-52
113000059,946,584,362
113000060,240,473,-233
113000061,563,792,-229
113000062,626,232,394
113000063,140,67,73
113000064,49,185,-136
113000065,104,543,-439
113000066,550,113,437
113000067,1628,1017,611
113000068,297,967,-670
113000069,389,834,-445
113000070,1962,858,1104
113000071,348,454,-106
113000072,544,395,149
113000073,285,976,-691
113000074,816,296,520
113000075,1763,532,1231
113000076,437,1640,-1203
113000077,938,636,302
113000078,585,1694,-1109
113000079,601,699,-98
113000080,558,659,-101
113000081,641,664,-23
113000082,1034,560,474
113000083,502,751,-249
113000084,1341,904,437
113000085,698,591,107
113000086,1080,867,213
113000087,922,768,154
113000088,1565,995,570
113000089,746,1300,-554
113000090,231,472,-241
113000091,428,313,115
113000094,898,207,691
113000095,228,652,-424
113000096,149,606,-457
113000097,896,287,609
113000098,134,38,96
113000099,665,303,362
113000100,166,326,-160
113000101,351,461,-110
113000102,513,415,98
113000103,1459,365,1094
113000104,397,1612,-1215
113000105,501,328,173
113000106,287,323,-36
113000107,673,652,21
113000108,605,903,-298
113000109,521,1275,-754
113000110,1204,326,878
113000111,164,437,-273
113000112,246,343,-97
113000113,972,345,627
113000114,266,952,-686
113000116,523,277,246
113000117,631,114,517
113000118,97,302,-205
113000119,311,289,22
113000120,80,224,-144
113000121,472,631,-159
113000124,243,106,137
113000125,59,584,-525
113000127,1957,242,1715
113000128,370,372,-2
113000129,403,558,-155
113000133,1499,1176,323
113000134,2,683,-681
113000135,3186,3295,-109
113000137,1431,2783,-1352
113000139,278,181,97
113000140,117,204,-87
113000141,162,193,-31
113000142,405,803,-398
113000143,222,210,12
113000144,216,499,-283
113000145,63,143,-80
113000146,129,60,69
113000147,142,102,40
113000148,175,141,34
113000149,105,118,-13
113000150,432,229,203
113000151,52,50,2
113000152,27,102,-75
113000153,1039,446,593
113000154,627,1247,-620
113000155,293,485,-192
113000156,107,309,-202
113000157,323,777,-454
113000158,611,246,365
113000159,787,703,84
113000160,671,832,-161
113000161,184,299,-115
113000162,615,338,277
113000163,165,92,73
113000164,22,83,-61
113000166,150,89,61
113000167,32,88,-56
113000168,67,98,-31
113000169,199,50,149
113000170,68,100,-32
113000171,73,87,-14
113000172,237,56,181
113000173,67,27,40
113000174,153,407,-254
113000175,329,128,201
113000176,476,170,306
113000177,212,409,-197
113000178,185,260,-75
113000179,237,194,43
113000180,518,908,-390
113000181,1011,727,284
113000182,125,296,-171
113000183,108,409,-301
113000184,23,130,-107
113000189,346,602,-256
113000190,660,482,178
113000192,964,1766,-802
113000193,2712,1454,1258
113000194,1198,937,261
113000195,1608,846,762
113000196,161,111,50
113000197,1403,939,464
113000198,48,207,-159
113000199,899,266,633
113000201,206,271,-65
113000202,2547,771,1776
113000203,218,120,98
113000204,927,1592,-665
113000205,8,22,-14
113000206,16,56,-40
113000207,69,14,55
113000208,46,40,6
113000209,22,19,3
113000210,6,26,-20
113000211,169,217,-48
113000212,77,24,53
113000213,40,117,-77
113000214,169,291,-122
113000234,137,655,-518
113000410,185,210,-25
113000411,1945,3299,-1354
113000412,5282,2125,3157
113000413,1741,2286,-545
113000414,4565,9422,-4857
113000415,1635,2233,-598
113000416,6220,3430,2790
113000417,1641,2121,-480
113000418,3606,2996,610
113000419,1189,1434,-245
113000420,3501,4481,-980
113000421,3407,5010,-1603
113000422,8656,7907,749
113000423,1590,3994,-2404
113000424,2461,7477,-5016
113000425,5,66,-61
113000428,39,46,-7
113000430,10,213,-203
113000432,1804,148,1656
113000433,78,568,-490
113000434,28,116,-88
113000435,24,368,-344
113000436,36,746,-710
113000437,732,36,696
113000438,336,14,322
113000439,46,95,-49
113000440,120,34,86
113000441,219,221,-2
113000442,114,137,-23
113000443,252,135,117
113000444,139,137,2
113000445,145,91,54
113000446,35,99,-64
113000448,170,128,42
113000449,133,744,-611
113000450,400,1560,-1160
113000451,909,182,727
113000452,323,342,-19
113000453,68,252,-184
113000454,629,73,556
113000455,39,254,-215
113000456,2830,2249,581
113000468,1197,121,1076
113000469,81,64,17
113000470,387,25,362
113000471,17,352,-335
113000472,92,245,-153
113000474,621,508,113
113000475,1229,1240,-11
113000476,1057,1507,-450
113000477,2890,1701,1189
113000478,3126,4249,-1123
113000479,41,178,-137
113000485,0,0,0
113000486,3,0,3
113000487,0,0,0
113000488,0,1,-1
113000489,0,11,-11
113000490,0,3,-3
113000491,16,4,12
113000492,5,2,3
113000493,0,0,0
113000495,170,130,40
113000496,147,117,30
113000499,0,0,0
113900001,1,173,-172
113900002,2,43,-41
113900003,0,21,-21
113900004,0,36,-36
113900005,5,39,-34
113900006,2,26,-24
113900007,11,0,11
113900008,5,2,3
113900009,90,5,85
113900010,43,4,39
113900011,34,0,34
113900012,20,3,17
113900013,181,3,178
113900014,459,0,459
113900015,1,55,-54
113900016,60,0,60
113900017,2,39,-37
113900018,329,175,154
113900019,121,59,62
113900020,115,2,113
113900022,26,0,26
113900023,32,0,32
113900024,64,48,16
113900025,198,8,190
113900026,55,0,55
113900027,2,40,-38
113900028,40,395,-355
113900029,59,150,-91
113900030,186,2,184
113900031,9,2,7
113900032,25,1,24
113900033,77,59,18
113900035,60,4,56
113900036,27,89,-62
113900037,151,368,-217
113900038,74,95,-21
113900039,89,5,84
113900040,11,7,4
113900041,5,0,5
113900042,87,32,55
113900043,130,75,55
113900044,355,250,105
113900045,61,0,61
113900046,183,419,-236
113900047,23,114,-91
113900048,163,95,68
113900049,449,276,173
113900050,159,267,-108
113900051,163,236,-73
113900052,112,114,-2
113900053,555,438,117
113900054,31,0,31
113900055,100,283,-183
113900056,45,158,-113
113900057,16,92,-76
113900058,48,78,-30
113900059,164,243,-79
113900060,88,132,-44
113900061,610,227,383
113900062,99,9,90
113900063,44,94,-50
113900064,23,117,-94
113900065,244,20,224
113900066,256,243,13
113900067,106,133,-27
113900068,379,352,27
113900069,70,28,42
113900070,128,333,-205
113900071,41,59,-18
113900072,48,117,-69
113900073,244,283,-39
113900074,99,188,-89
113900075,989,841,148
113900076,112,13,99
113900077,35,133,-98
113900078,33,57,-24
113900079,2,26,-24
113900080,359,159,200
113900081,57,181,-124
113900082,69,145,-76
113900083,247,301,-54
113900084,240,106,134
113900085,40,210,-170
113900086,42,17,25
113900087,80,145,-65
113900088,63,129,-66
113900089,296,50,246
113900090,394,309,85
113900091,14,8,6
113900092,50,74,-24
113900093,58,515,-457
113900094,382,265,117
113900095,106,85,21
113900096,218,90,128
113900097,14,60,-46
113900098,494,55,439
113900099,0,28,-28
113900100,0,3,-3
113900101,25,39,-14
113900102,105,121,-16
113900103,267,230,37
113900104,94,200,-106
113900105,76,136,-60
113900106,0,34,-34
113900107,3,15,-12
113900108,194,208,-14
113900109,286,137,149
113900110,32,22,10
113900111,169,91,78
113900112,91,53,38
113900113,708,360,348
113900114,0,74,-74
113900115,2,51,-49
113900116,93,113,-20
113900117,86,30,56
113900118,166,264,-98
113900119,172,336,-164
113900120,49,36,13
113900121,46,91,-45
113900122,237,1539,-1302
113900123,415,174,241
113900124,1,38,-37
113900125,570,101,469
113900126,133,39,94
113900127,242,582,-340
113900128,126,60,66
113900129,16,127,-111
113900130,3,21,-18
113900131,212,68,144
113900132,43,62,-19
113900133,22,87,-65
113900135,321,294,27
113900136,93,61,32
113900137,256,200,56
113900138,46,129,-83
113900139,199,127,72
113900140,134,256,-122
113900141,451,201,250
113900142,133,50,83
113900143,12,37,-25
113900144,132,158,-26
113900145,357,129,228
113900146,124,36,88
113900148,129,208,-79
113900149,100,68,32
113900150,382,336,46
113900151,333,142,191
113900152,31,48,-17
113900153,184,372,-188
113900154,6,98,-92
113900155,136,196,-60
113900156,187,291,-104
113900157,30,267,-237
113900158,213,297,-84
113900159,14,214,-200
113900160,480,369,111
113900161,21,230,-209
113900162,259,546,-287
113900163,248,208,40
113900164,188,51,137
113900165,662,293,369
113900166,129,110,19
113900167,286,44,242
113900168,92,112,-20
113900169,166,288,-122
113900171,145,44,101
113900172,3,130,-127
113900173,32,432,-400
113900174,424,416,8
113900175,317,132,185
113900176,282,356,-74
113900177,358,118,240
113900178,362,91,271
113900179,24,335,-311
113900180,110,65,45
113900181,448,128,320
113900182,547,715,-168
113900183,40,52,-12
113900184,12,390,-378
113900185,152,74,78
113900186,29,30,-1
113900187,39,93,-54
113900188,55,98,-43
113900189,207,117,90
113900190,223,90,133
113900191,91,171,-80
113900192,7,332,-325
113900193,20,98,-78
113900194,1187,842,345
113900195,236,305,-69
113900196,7,117,-110
113900197,1,117,-116
113900198,33,195,-162
113900199,125,508,-383
113900200,17,151,-134
113900201,0,112,-112
113900202,31,254,-223
113900203,1,75,-74
113900204,39,351,-312
113900205,8,164,-156
113900206,11,158,-147
113900207,0,55,-55
113900208,0,43,-43
113900209,0,62,-62
113900210,439,583,-144
113900211,200,55,145
113900212,135,331,-196
113900214,334,314,20
113900215,127,112,15
113900216,100,565,-465
113900217,84,226,-142
113900218,167,100,67
113900219,103,312,-209
113900220,107,87,20
113900221,308,174,134
113900222,240,357,-117
113900223,169,601,-432
113900224,64,80,-16
113900225,352,161,191
113900226,302,90,212
113900227,352,187,165
113900228,261,414,-153
113900229,47,512,-465
113900230,2840,2608,232
113900231,127,121,6
113900232,70,71,-1
113900233,54,62,-8
113900234,217,300,-83
113900235,116,36,80
113900236,129,221,-92
113900237,136,12,124
113900238,207,433,-226
113900239,46,77,-31
113900240,3,133,-130
113900241,77,47,30
113900242,36,132,-96
113900243,79,325,-246
113900244,273,135,138
113900245,984,204,780
113900246,4,23,-19
113900247,120,343,-223
113900248,1801,1250,551
113900249,629,360,269
113900250,47,88,-41
113900251,524,101,423
113900252,413,8,405
113900253,468,54,414
113900254,846,111,735
113900255,334,22,312
113900256,332,20,312
113900257,43,379,-336
113900258,17,273,-256
113900259,425,158,267
113900260,177,10,167
113900261,16,68,-52
113900262,123,351,-228
113900263,135,546,-411
113900264,5,334,-329
113900265,225,223,2
113900266,44,133,-89
113900267,90,376,-286
113900268,246,364,-118
113900269,60,93,-33
113900270,227,659,-432
113900271,597,761,-164
113900273,33,7,26
113900274,51,22,29
113900275,25,47,-22
113900276,1,112,-111
113900277,111,3,108
113900278,206,143,63
113900279,54,69,-15
113900280,1212,535,677
113900281,514,1090,-576
113900282,551,505,46
113900283,352,447,-95
113900284,566,204,362
113900285,119,51,68
113900286,19,76,-57
113900287,50,63,-13
113900288,1,113,-112
113900289,620,96,524
113900290,237,160,77
113900291,80,112,-32
113900292,4,5,-1
113900293,6,145,-139
113900294,352,11,341
113900295,315,305,10
113900296,1451,390,1061
113900297,1805,26,1779
113900298,52,1339,-1287
113900299,103,128,-25
113900300,3171,2439,732
113900301,708,255,453
113900302,2028,807,1221
113900303,384,298,86
113900304,0,94,-94
113900305,92,1,91
113900306,42,0,42
113900307,5,0,5
113900308,45,84,-39
113900309,4,604,-600
113900310,0,6,-6
113900311,6,0,6
113900312,182,290,-108
113900313,10,7,3
113900314,0,5,-5
113900315,39,0,39
114000001,752,1915,-1163
114000002,262,258,4
114000003,200,644,-444
114000004,193,288,-95
114000005,172,236,-64
114000006,1606,1557,49
114000007,437,719,-282
114000008,1028,1360,-332
114000009,570,171,399
114000011,2212,2031,181
114000012,1922,1305,617
114000013,1256,1144,112
114000014,431,398,33
114000015,1373,289,1084
114000016,153,264,-111
114000017,82,188,-106
114000018,135,27,108
114000026,1504,848,656
114000027,2459,1578,881
114000028,1971,2129,-158
114000038,216,115,101
114000039,171,148,23
114000040,84,165,-81
114000042,137,142,-5
114000043,264,213,51
114000044,334,138,196
114000045,39,48,-9
114000046,2487,3505,-1018
114000047,9,67,-58
114000048,97,95,2
114000049,1102,1209,-107
114000050,1085,1500,-415
114000051,2027,1662,365
114000052,2974,1575,1399
114000053,79,497,-418
114000054,157,545,-388
114000055,238,43,195
114000056,707,738,-31
114000057,3635,1743,1892
114000058,303,1099,-796
114000059,192,237,-45
114000060,451,643,-192
114000061,2182,2280,-98
114000062,1489,1051,438
114000063,1755,1173,582
114000064,3982,2676,1306
114000065,1439,1798,-359
114000066,338,497,-159
114000067,20,552,-532
114000068,377,528,-151
114000069,640,369,271
114000070,1686,1403,283
114000071,512,367,145
114000072,414,176,238
114000073,14,68,-54
114000074,33,11,22
114000075,60,52,8
114000076,23,76,-53
114000077,11,31,-20
114000078,546,495,51
114000079,96,27,69
114000080,76,77,-1
114000081,70,77,-7
114000082,33,283,-250
114000083,67,150,-83
114000084,208,75,133
114000085,91,350,-259
114000086,181,264,-83
114000087,93,103,-10
114000088,37,25,12
114000089,551,234,317
114000090,740,600,140
114000091,1007,634,373
114000092,722,418,304
114000093,1116,581,535
114000094,304,283,21
114000095,171,118,53
114000096,121,223,-102
114000097,110,265,-155
114000098,441,66,375
114000099,556,403,153
114000100,1154,518,636
114000101,375,469,-94
114000102,517,278,239
114000103,152,324,-172
114000104,164,169,-5
114000105,155,44,111
114000106,600,725,-125
114000107,363,105,258
114000108,1418,927,491
114000109,506,1303,-797
114000110,452,1099,-647
114000111,1438,786,652
114000112,454,1798,-1344
114000113,1456,477,979
114000114,1105,1163,-58
114000115,1976,999,977
114000116,570,1239,-669
114000117,2025,384,1641
114000118,1895,432,1463
114000119,1334,386,948
114000120,466,477,-11
114000121,373,629,-256
114000122,324,267,57
114000123,1490,320,1170
114000124,689,218,471
114000125,737,957,-220
114000126,1482,156,1326
114000127,270,132,138
114000128,680,323,357
114000130,417,353,64
114000131,267,77,190
114000132,453,360,93
114000133,669,776,-107
114000134,64,91,-27
114000138,32,144,-112
114000139,353,263,90
114000144,654,481,173
114000145,48,123,-75
114000146,143,165,-22
114000147,1207,1815,-608
114000148,1745,1510,235
114000149,256,248,8
114000150,1201,1168,33
114000151,1065,1657,-592
114000152,126,32,94
114000153,765,1895,-1130
114000154,746,773,-27
114000155,1625,1736,-111
114000156,706,467,239
114000157,325,853,-528
114000158,1318,588,730
114000159,173,378,-205
114000160,76,469,-393
114000161,1082,2317,-1235
114000162,809,2099,-1290
114000163,12,65,-53
114000165,596,242,354
114000166,685,290,395
114000167,2179,1209,970
114000168,606,531,75
114000169,1180,1046,134
114000170,1089,957,132
114000171,893,2529,-1636
114000174,217,360,-143
114000176,444,420,24
114000177,1495,651,844
114000178,39,44,-5
114000179,971,651,320
114000180,429,591,-162
114000181,1287,2711,-1424
114000182,1915,1765,150
114000183,880,909,-29
114000184,2211,814,1397
114000185,904,695,209
114000189,684,105,579
114000190,2297,300,1997
114000191,44,70,-26
114000192,161,634,-473
114000193,483,1720,-1237
114000194,1128,741,387
114000195,170,10,160
114000196,1,179,-178
114000197,966,80,886
114000198,699,269,430
114000199,1573,1467,106
114000200,527,1196,-669
114000201,140,574,-434
114000202,769,354,415
114000203,552,527,25
114000204,170,397,-227
114000205,152,1103,-951
114000206,468,1069,-601
114000207,622,1172,-550
114000208,371,1615,-1244
114000209,484,1541,-1057
114000210,259,1066,-807
114000211,811,1201,-390
114000212,472,601,-129
114000213,1168,549,619
114000214,84,147,-63
114000215,177,41,136
114000216,1194,232,962
114000217,351,219,132
114000218,108,191,-83
114000219,1020,183,837
114000220,25,628,-603
114000221,650,129,521
114000222,129,745,-616
114000223,421,118,303
114000224,74,453,-379
114000225,218,451,-233
114000226,146,200,-54
114000227,644,392,252
114000228,651,638,13
114000229,879,978,-99
114000230,1378,922,456
114000231,771,967,-196
114000232,606,126,480
114000233,1695,117,1578
114000234,973,851,122
114000235,908,1224,-316
114000236,1,340,-339
114000237,140,567,-427
114000238,111,164,-53
114000239,153,749,-596
114000240,639,683,-44
114000241,224,807,-583
114000242,726,668,58
114000243,1141,759,382
114000244,463,301,162
114000245,321,628,-307
114000246,106,31,75
114000247,466,478,-12
114000248,1191,471,720
114000249,351,417,-66
114000250,412,513,-101
114000251,293,162,131
114000252,47,41,6
114000253,64,90,-26
114000254,37,48,-11
114000255,410,152,258
114000256,1200,1431,-231
114000257,502,943,-441
114000258,391,346,45
114000259,349,149,200
114000260,0,38,-38
114000261,40,36,4
114000262,286,89,197
114000263,9,4,5
114000264,685,275,410
114000265,0,0,0
114000267,6,1569,-1563
114000268,0,922,-922
114000270,117,2,115
114000271,343,55,288
114000283,1215,330,885
114000285,22,127,-105
114000288,90,290,-200
114000289,977,181,796
114000293,129,347,-218
114000294,161,196,-35
114000395,1415,24,1391
114000396,449,458,-9
114000402,427,238,189
114000403,247,325,-78
114000405,121,380,-259
114000423,262,279,-17
114000424,436,150,286
114000425,630,246,384
114000426,318,645,-327
114000427,46,48,-2
114000428,209,179,30
114000429,7,115,-108
114000432,103,88,15
114000434,27,54,-27
114000435,1,111,-110
114900001,475,713,-238
114900002,475,56,419
114900003,576,953,-377
114900004,195,331,-136
114900005,467,548,-81
114900006,80,35,45
114900007,249,11,238
114900008,129,74,55
114900010,1290,1331,-41
114900011,96,121,-25
114900013,226,144,82
114900020,158,60,98
114900025,310,140,170
114900026,67,99,-32
114900029,80,22,58
114900030,206,151,55
114900031,312,42,270
114900032,280,33,247
114900034,38,125,-87
114900035,69,192,-123
114900036,194,390,-196
114900039,348,302,46
114900040,87,57,30
114900041,533,325,208
114900042,626,452,174
114900044,113,28,85
114900047,220,1313,-1093
114900048,88,217,-129
114900049,37,137,-100
114900050,47,318,-271
114900051,30,280,-250
114900052,96,167,-71
114900053,106,251,-145
114900054,20,98,-78
114900057,200,2,198
114900058,0,52,-52
114900059,65,42,23
114900063,69,121,-52
114900064,1133,348,785
114900065,323,484,-161
114900067,75,377,-302
114900068,83,197,-114
114900069,132,73,59
114900070,378,326,52
114900072,5,209,-204
114900073,2,113,-111
114900074,596,442,154
114900075,195,5,190
114900076,9,239,-230
114900080,1243,291,952
114900082,2772,1734,1038
114900083,960,995,-35
114900090,246,182,64
114900091,150,151,-1
114900097,121,0,121
114900098,2,159,-157
114900099,191,10,181
115000001,4346,2736,1610
115000002,3056,3255,-199
115000003,3660,2426,1234
115000004,3033,4596,-1563
115000005,1183,1524,-341
115000006,804,1319,-515
115000007,162,126,36
115000008,347,398,-51
115000009,158,184,-26
115000010,224,120,104
115000013,44,163,-119
115000015,70,263,-193
115000016,79,237,-158
115000019,37,404,-367
115000020,110,542,-432
115000021,274,358,-84
115000022,436,277,159
115000023,308,520,-212
115000024,872,419,453
115000025,700,621,79
115000026,168,371,-203
115000027,277,212,65
115000028,149,695,-546
115000029,484,102,382
115000030,639,1003,-364
115000031,1149,263,886
115000032,7,287,-280
115000033,199,39,160
115000034,107,885,-778
115000035,1018,71,947
115000036,0,344,-344
115000037,468,14,454
115000038,45,174,-129
115000039,2786,2686,100
115000040,4947,2359,2588
115000041,1241,2716,-1475
115000042,635,552,83
115000043,3467,2168,1299
115000044,3514,3161,353
115000045,2081,1501,580
115000046,1941,2216,-275
115000047,1748,1239,509
115000048,1380,1779,-399
115000049,1355,2665,-1310
115000050,2626,1659,967
115000051,1414,2280,-866
115000052,1805,1446,359
115000053,1558,1414,144
115000054,566,915,-349
115000055,201,820,-619
115000056,229,520,-291
115000057,549,1196,-647
115000058,549,360,189
115000059,235,143,92
115000061,175,138,37
115000062,179,205,-26
115000063,231,242,-11
115000064,165,90,75
115000065,49,338,-289
115000067,173,45,128
115000069,63,279,-216
115000070,46,619,-573
115000071,94,28,66
115000072,11,62,-51
115000073,1169,59,1110
115000075,89,57,32
115000076,2296,1895,401
115000077,1788,1577,211
115000078,1068,938,130
115000079,1066,1248,-182
115000080,1778,1745,33
115000081,475,701,-226
115000082,3075,2943,132
115000083,1631,1551,80
115000084,1689,929,760
115000085,689,763,-74
115000086,921,690,231
115000087,455,1150,-695
115000088,1389,542,847
115000089,1326,1120,206
115000090,400,689,-289
115000091,230,749,-519
115000092,548,285,263
115000093,483,9,474
115000094,4998,4369,629
115000095,3573,4569,-996
115000096,644,1074,-430
115000097,802,806,-4
115000098,863,616,247
115000099,2146,1964,182
115000100,841,301,540
115000101,312,1141,-829
115000102,407,229,178
115000103,239,512,-273
115000105,65,125,-60
115000106,520,211,309
115000107,178,352,-174
115000108,2271,1820,451
115000109,3296,3606,-310
115000110,1116,1243,-127
115000111,542,1265,-723
115000112,530,634,-104
115000113,529,594,-65
115000114,1500,650,850
115000116,3508,2134,1374
115000117,3103,2844,259
115000118,1666,1632,34
115000119,1466,2112,-646
115000120,437,1141,-704
115000121,1062,796,266
115000122,2731,1288,1443
115000123,1047,1844,-797
115000124,816,785,31
115000125,371,533,-162
115000126,112,287,-175
115000127,372,71,301
115000128,351,657,-306
115000129,249,267,-18
115000130,360,546,-186
115000131,746,201,545
115000132,217,283,-66
115000133,368,193,175
115000134,345,183,162
115000135,322,158,164
115000136,247,201,46
115000137,115,159,-44
115000138,334,227,107
115000139,190,186,4
115000140,351,183,168
115000141,198,175,23
115000142,161,183,-22
115000143,624,510,114
115000144,550,79,471
115000145,266,254,12
115000146,363,293,70
115000147,258,360,-102
115000148,272,711,-439
115000149,464,197,267
115000150,526,643,-117
115000151,748,467,281
115000152,570,652,-82
115000153,772,454,318
115000154,646,307,339
115000155,544,726,-182
115000156,902,607,295
115000157,652,646,6
115000158,531,388,143
115000159,666,490,176
115000160,425,329,96
115000161,138,391,-253
115000162,618,571,47
115000163,496,654,-158
115000164,692,562,130
115000165,356,472,-116
115000167,146,70,76
115000168,549,352,197
115000169,524,307,217
115000170,120,154,-34
115000171,336,289,47
115000172,852,442,410
115000173,267,399,-132
115000174,86,230,-144
115000175,125,70,55
115000176,122,55,67
115000177,95,55,40
115000178,10,174,-164
115000179,9,21,-12
115000180,125,353,-228
115000181,508,89,419
115000182,662,211,451
115000183,301,629,-328
115000186,580,206,374
115000187,142,637,-495
115000188,360,409,-49
115000189,150,369,-219
115000190,610,331,279
115000191,123,397,-274
115000194,87,144,-57
115000195,193,260,-67
115000196,221,74,147
115000197,359,157,202
115000198,321,131,190
115000199,264,137,127
115000200,394,127,267
115000201,152,199,-47
115000206,291,39,252
115000207,121,229,-108
115000208,311,482,-171
115000209,729,205,524
115000210,134,124,10
115000211,190,165,25
115000212,1236,286,950
115000224,438,57,381
115000225,54,91,-37
115000229,168,146,22
115000230,86,294,-208
115000231,229,1155,-926
115000232,1366,248,1118
115000233,85,153,-68
115000234,25,278,-253
115000241,95,160,-65
115000242,86,236,-150
115000243,52,149,-97
115000244,11,118,-107
115000246,47,22,25
115000247,30,21,9
115000248,25,18,7
115000249,28,11,17
115000250,240,31,209
115000251,224,95,129
115000252,60,160,-100
115000253,14,375,-361
115000258,256,157,99
115000259,271,122,149
115000261,14,23,-9
115000262,10,17,-7
115000263,16,42,-26
115000264,29,48,-19
115000267,88,61,27
115000268,28,121,-93
115000269,122,62,60
115000270,3,21,-18
115000272,89,152,-63
115000273,267,31,236
115000280,2273,165,2108
115000281,522,799,-277
115000282,480,483,-3
115000284,258,128,130
115000296,1036,12,1024
115000297,126,81,45
115000298,46,401,-355
115000300,173,156,17
115000302,512,111,401
115000303,504,99,405
115000304,523,89,434
115000305,105,414,-309
115000306,127,233,-106
115000307,76,158,-82
115000308,29,32,-3
115000310,713,593,120
115000311,782,966,-184
115000313,143,402,-259
115000314,348,132,216
115000315,686,509,177
115000316,50,128,-78
115000317,149,331,-182
115000318,554,247,307
115000319,23,334,-311
115000320,8,240,-232
115000321,301,5,296
115000322,56,154,-98
115000449,186,164,22
115000557,0,884,-884
115000558,461,93,368
115000587,428,257,171
115000588,1905,2000,-95
115000589,2711,2101,610
115000590,976,932,44
115000591,1216,612,604
115000592,488,1301,-813
115000593,1046,494,552
115000594,654,1992,-1338
115000609,133,162,-29
115000617,1314,2331,-1017
115000624,242,63,179
115000633,303,1543,-1240
115000634,2227,738,1489
115000635,567,173,394
115000638,560,497,63
115000641,73,118,-45
115000642,284,223,61
115000643,103,423,-320
115000644,115,325,-210
115000646,668,1458,-790
115000647,157,396,-239
115000648,1586,1450,136
115000893,2178,1252,926
115000894,127,913,-786
115000895,425,845,-420
115000896,1215,400,815
115000897,414,125,289
115000898,474,161,313
115000899,389,943,-554
115000900,83,291,-208
115000901,55,98,-43
115000912,302,72,230
115000913,5,19,-14
115000915,18,0,18
115000916,7,1,6
115000917,0,4,-4
115000918,47,238,-191
115000919,15,6,9
115000920,13,30,-17
115000921,402,74,328
115000922,945,681,264
115000923,386,1036,-650
115000925,119,72,47
115000927,49,58,-9
115000933,222,224,-2
115000934,188,170,18
115000935,124,95,29
115000936,19,441,-422
115000937,704,122,582
115000938,215,200,15
115000939,203,248,-45
115000940,11,16,-5
115000941,3,22,-19
115000942,20,80,-60
115000943,37,20,17
115000944,1,10,-9
115900001,82,24,58
115900002,73,95,-22
115900003,182,84,98
115900004,4,56,-52
115900005,140,13,127
115900006,127,191,-64
115900008,37,6,31
115900009,74,142,-68
115900010,244,119,125
115900011,292,180,112
115900012,134,55,79
115900013,279,105,174
115900014,113,123,-10
115900015,107,48,59
115900016,92,14,78
115900017,15,3,12
115900018,158,60,98
115900019,95,14,81
115900020,89,2,87
115900021,1000,153,847
115900022,946,7,939
115900023,28,12,16
115900025,23,198,-175
115900026,612,183,429
115900027,1,207,-206
115900028,598,39,559
115900029,60,385,-325
115900030,30,19,11
115900031,320,277,43
115900032,503,607,-104
115900033,0,34,-34
115900034,46,302,-256
115900035,31,18,13
115900036,72,616,-544
115900037,24,281,-257
115900038,49,21,28
115900039,115,152,-37
115900041,487,609,-122
115900042,27,10,17
115900043,86,41,45
115900044,209,191,18
115900046,250,177,73
115900047,187,153,34
115900049,114,160,-46
115900051,3,24,-21
115900052,11,162,-151
115900053,203,149,54
115900054,197,28,169
115900055,14,135,-121
115900056,176,179,-3
115900057,13,5,8
115900058,29,56,-27
115900060,49,81,-32
115900061,185,1,184
115900062,13,175,-162
115900063,72,11,61
115900064,116,222,-106
115900065,110,67,43
115900066,138,93,45
115900067,9,486,-477
115900068,2355,704,1651
115900069,62,167,-105
115900070,183,117,66
115900071,0,231,-231
115900072,61,83,-22
115900073,75,90,-15
115900074,5,252,-247
115900075,26,194,-168
115900076,2,38,-36
115900077,6,197,-191
115900078,88,88,0
115900079,184,19,165
115900080,496,208,288
115900081,10,51,-41
115900082,97,161,-64
115900084,418,17,401
115900085,29,119,-90
115900086,1154,528,626
115900088,7,65,-58
115900089,335,545,-210
115900090,360,9,351
115900091,8,17,-9
115900092,43,118,-75
115900093,11,16,-5
115900094,1,230,-229
115900096,5,10,-5
115900097,3,259,-256
115900098,158,250,-92
115900099,87,70,17
115900100,19,381,-362
115900101,108,219,-111
115900102,51,91,-40
115900103,211,106,105
115900104,62,150,-88
115900105,199,357,-158
115900106,47,23,24
115900107,92,92,0
115900108,114,56,58
115900109,65,281,-216
115900110,2,20,-18
115900111,5,72,-67
115900112,26,533,-507
115900113,47,33,14
115900114,6,92,-86
115900115,45,160,-115
115900116,69,546,-477
115900117,80,27,53
115900118,8,208,-200
115900119,67,88,-21
115900120,40,234,-194
115900121,169,181,-12
115900124,289,554,-265
115900125,255,42,213
115900126,461,66,395
115900127,488,65,423
115900128,8,90,-82
115900129,479,41,438
115900130,17,191,-174
115900131,291,19,272
115900132,508,9,499
115900134,266,16,250
115900135,375,902,-527
115900137,27,9,18
115900139,33,74,-41
115900140,228,26,202
115900141,3,74,-71
115900142,15,46,-31
115900143,181,234,-53
115900144,84,152,-68
115900146,8,77,-69
115900147,193,159,34
115900148,144,2,142
115900149,109,15,94
115900150,52,25,27
115900151,18,87,-69
115900152,96,257,-161
115900153,129,179,-50
115900154,297,314,-17
115900155,0,39,-39
115900156,597,709,-112
115900157,176,401,-225
115900158,20,12,8
115900159,80,194,-114
115900160,7,14,-7
115900161,42,144,-102
115900163,152,77,75
115900164,428,25,403
115900166,177,121,56
115900168,64,89,-25
115900171,100,264,-164
115900172,58,93,-35
115900173,231,112,119
115900174,233,230,3
115900175,88,202,-114
115900178,11,464,-453
115900179,221,27,194
115900180,85,105,-20
115900181,183,140,43
115900182,310,140,170
115900183,67,35,32
115900184,1367,15,1352
115900187,11,96,-85
115900189,1,186,-185
115900190,89,1033,-944
115900191,27,248,-221
115900192,8,108,-100
115900193,279,92,187
115900194,540,57,483
115900195,563,1591,-1028
115900198,180,222,-42
115900199,156,181,-25
115900200,220,310,-90
115900201,541,408,133
115900202,4,39,-35
115900203,10,15,-5
115900204,0,21,-21
115900205,73,38,35
115900206,183,99,84
115900207,39,37,2
115900208,183,75,108
115900209,8,145,-137
115900210,6,107,-101
115900211,1,140,-139
115900212,135,226,-91
115900213,101,74,27
115900214,444,247,197
115900215,20,110,-90
115900216,2,85,-83
115900217,2,30,-28
115900218,6,26,-20
115900219,92,2,90
115900220,150,13,137
115900221,109,9,100
115900222,35,35,0
115900223,15,373,-358
115900224,781,798,-17
115900225,53,36,17
115900226,10,27,-17
115900227,25,27,-2
115900228,16,23,-7
115900229,8,39,-31
115900230,79,83,-4
115900231,94,2,92
115900232,44,2,42
115900233,83,13,70
115900234,52,22,30
115900235,13,27,-14
115900236,61,42,19
115900237,31,29,2
115900238,42,18,24
115900239,17,23,-6
115900240,5,34,-29
115900241,143,86,57
115900242,242,299,-57
115900243,7,4,3
115900244,27,9,18
115900245,39,8,31
115900246,20,19,1
115900247,46,15,31
115900248,18,7,11
115900249,4,10,-6
115900250,4,16,-12
115900251,3,12,-9
115900252,2,3,-1
115900253,11,17,-6
115900254,4,28,-24
115900255,0,15,-15
115900256,22,67,-45
115900257,6,18,-12
115900258,0,5,-5
115900259,1,5,-4
115900260,14,1,13
115900261,8,2,6
115900262,5,1,4
115900263,17,1,16
115900264,8,2,6
115900265,3,7,-4
115900266,4,10,-6
115900267,11,10,1
115900268,8,10,-2
115900269,315,336,-21
115900270,300,254,46
115900271,109,1,108
115900272,20,4,16
115900273,9,6,3
115900274,0,12,-12
115900275,0,20,-20
115900276,0,13,-13
115900277,0,50,-50
115900278,24,74,-50
115900279,41,126,-85
115900280,13,326,-313
115900281,347,220,127
115900282,15,10,5
115900283,14,38,-24
115900284,17,5,12
116000001,7284,3435,3849
116000002,3642,7483,-3841
116000003,1263,1212,51
116000004,1774,2542,-768
116000005,2861,2645,216
116000006,2677,2199,478
116000007,2165,2578,-413
116000008,2692,1802,890
116000009,1382,1953,-571
116000010,1822,1220,602
116000011,727,1585,-858
116000012,1237,891,346
116000013,6337,2948,3389
116000014,7896,7950,-54
116000015,168,896,-728
116000016,4214,2278,1936
116000017,27,561,-534
116000018,612,207,405
116000019,447,265,182
116000020,495,507,-12
116000021,284,284,0
116000022,349,234,115
116000023,786,557,229
116000024,585,586,-1
116000025,624,672,-48
116000026,1580,1968,-388
116000027,485,506,-21
116000028,398,679,-281
116000029,534,532,2
116000030,739,423,316
116000031,186,297,-111
116000032,378,130,248
116000033,247,320,-73
116000034,525,633,-108
116000035,306,538,-232
116000036,1533,1093,440
116000037,525,467,58
116000038,402,494,-92
116000039,616,323,293
116000040,682,292,390
116000041,190,370,-180
116000042,563,233,330
116000043,69,591,-522
116000044,20,74,-54
116000045,1644,999,645
116000046,955,1354,-399
116000047,1303,1793,-490
116000048,1406,1511,-105
116000049,995,2796,-1801
116000050,1224,1015,209
116000051,5690,2405,3285
116000052,4837,4361,476
116000053,1673,735,938
116000054,641,2200,-1559
116000055,646,777,-131
116000056,740,953,-213
116000057,2367,1647,720
116000058,2550,2576,-26
116000059,3191,4109,-918
116000060,1886,957,929
116000061,644,907,-263
116000062,580,256,324
116000063,569,856,-287
116000066,210,465,-255
116000067,151,337,-186
116000068,208,216,-8
116000069,181,307,-126
116000078,476,847,-371
116000080,1438,808,630
116000082,5,48,-43
116000083,1349,409,940
116000084,1718,3100,-1382
116000085,1747,1515,232
116000086,1680,1112,568
116000087,1719,1275,444
116000088,631,749,-118
116000089,225,93,132
116000090,110,144,-34
116000091,327,218,109
116000093,506,261,245
116000094,410,491,-81
116000095,575,367,208
116000096,570,1099,-529
116000097,703,457,246
116000098,119,4376,-4257
116000099,4078,186,3892
116000100,228,23,205
116000101,705,644,61
116000102,218,985,-767
116000103,449,241,208
116000104,130,947,-817
116000105,1007,171,836
116000106,516,930,-414
116000107,2041,276,1765
116000108,168,107,61
116000111,129,39,90
116000113,121,136,-15
116000114,43,91,-48
116000115,294,86,208
116000116,246,436,-190
116000117,1035,1269,-234
116000118,834,870,-36
116000119,2495,1550,945
116000120,2362,2865,-503
116000121,623,498,125
116000122,1027,1322,-295
116000123,824,364,460
116000124,312,658,-346
116000125,1696,471,1225
116000126,248,1204,-956
116000127,863,915,-52
116000128,1621,690,931
116000129,729,178,551
116000130,374,302,72
116000133,794,637,157
116000134,1529,1601,-72
116000135,1978,1243,735
116000136,853,1565,-712
116000137,927,577,350
116000138,683,501,182
116000139,1406,1773,-367
116000140,109,144,-35
116000141,262,469,-207
116000142,2331,2125,206
116000143,1392,1382,10
116000144,1215,1681,-466
116000145,1420,926,494
116000146,379,139,240
116000147,194,103,91
116000148,351,391,-40
116000149,579,439,140
116000151,544,394,150
116000153,90,270,-180
116000155,171,165,6
116000156,339,706,-367
116000157,89,14,75
116000158,361,303,58
116000159,26,10,16
116000160,9,60,-51
116000161,2,77,-75
116000162,78,109,-31
116000163,17,4,13
116000164,2,18,-16
116000177,119,86,33
116000194,75,320,-245
116000195,1238,536,702
116000196,8,6,2
116000197,4,15,-11
116000198,2090,875,1215
116000200,637,405,232
116000201,553,555,-2
116000202,14,269,-255
116000203,5,120,-115
116000204,20,78,-58
116000205,1,128,-127
116000206,6,120,-114
116000207,5,41,-36
116000233,141,313,-172
116000287,140,371,-231
116000288,248,163,85
116000292,33,79,-46
116000296,29,209,-180
116000297,133,19,114
116000304,94,29,65
116000305,37,81,-44
116000346,121,89,32
116000352,62,28,34
116000354,44,16,28
116000357,20,31,-11
116000358,371,31,340
116000361,257,0,257
116000372,3914,2825,1089
116000381,88,0,88
116000388,3,43,-40
116000389,749,376,373
116000445,335,384,-49
116000446,553,493,60
116000447,12,432,-420
116000448,472,161,311
116000563,1019,777,242
116000565,44,350,-306
116000568,48,147,-99
116000579,33,115,-82
116000584,16,5,11
116000585,23,28,-5
116000586,77,128,-51
116000587,451,519,-68
116000589,87,79,8
116000590,80,75,5
116000591,237,200,37
116000592,8,69,-61
116000593,0,35,-35
116000594,499,372,127
116000595,485,138,347
116000596,97,1,96
116000597,369,89,280
116000598,17,146,-129
116000605,228,129,99
116000606,86,241,-155
116000607,0,19,-19
116000609,153,716,-563
116000611,120,398,-278
116000612,547,1524,-977
116000613,486,299,187
116000614,358,479,-121
116000615,4,294,-290
116000616,35,49,-14
116000617,101,43,58
116000618,2,42,-40
116000619,35,48,-13
116000620,110,377,-267
116000621,47,101,-54
116000622,55,156,-101
116000624,194,88,106
116000627,71,66,5
116000628,99,191,-92
116000629,25,161,-136
116000630,272,36,236
116000631,114,57,57
116000632,566,45,521
116000633,138,193,-55
116000634,289,111,178
116000635,2254,1747,507
116000636,839,1065,-226
116000637,340,84,256
116000638,90,259,-169
116000639,58,2,56
116000640,19,20,-1
116000641,23,138,-115
116000643,3,105,-102
116000644,23,353,-330
116000645,17,7,10
116900001,196,160,36
116900002,215,3,212
116900003,37,46,-9
116900004,53,68,-15
116900005,233,64,169
116900006,83,131,-48
116900007,119,138,-19
116900008,334,232,102
116900009,14,4,10
116900010,0,943,-943
116900011,6,21,-15
116900012,317,141,176
116900013,0,108,-108
116900014,102,182,-80
116900015,383,88,295
116900016,212,6,206
116900017,0,417,-417
116900019,4,231,-227
116900020,648,649,-1
116900023,55,26,29
116900024,519,125,394
116900025,683,559,124
116900026,93,446,-353
116900027,44,32,12
116900028,5,59,-54
116900029,0,34,-34
116900031,2,4,-2
116900032,3,233,-230
116900033,24,32,-8
116900034,5,55,-50
116900035,154,118,36
116900036,4,83,-79
116900038,33,3,30
116900041,21,11,10
116900042,519,191,328
116900043,13,39,-26
116900047,34,112,-78
116900049,22,231,-209
116900050,105,314,-209
116900051,129,137,-8
116900052,198,70,128
116900055,1,0,1
116900057,18,182,-164
116900058,31,268,-237
116900059,0,96,-96
116900060,165,151,14
116900062,1,13,-12
116900064,85,433,-348
116900065,23,93,-70
116900067,82,52,30
116900068,115,135,-20
116900070,0,2,-2
116900072,31,252,-221
116900073,13,108,-95
116900074,3,43,-40
116900076,14,55,-41
116900077,9,109,-100
116900078,199,85,114
116900079,59,157,-98
116900080,10,20,-10
116900081,372,943,-571
116900082,308,719,-411
116900083,46,37,9
116900084,136,44,92
116900085,52,141,-89
116900086,34,136,-102
116900088,215,74,141
116900090,117,40,77
116900091,246,13,233
116900092,72,502,-430
116900093,1206,1404,-198
116900094,2639,2526,113
116900095,177,92,85
116900096,86,257,-171
116900097,2412,2215,197
116900098,674,390,284
116900099,616,542,74
116900100,581,27,554
116900101,316,305,11
116900103,4,1,3
116900104,64,52,12
116900105,183,105,78
116900106,1261,134,1127
116900107,2488,1907,581
116900110,8,2,6
116900111,412,261,151
116900112,169,575,-406
116900113,833,709,124
116900116,143,489,-346
116900117,216,97,119
116900118,544,694,-150
116900120,317,61,256
116900121,238,17,221
116900122,697,547,150
116900123,170,519,-349
116900124,152,676,-524
116900125,258,140,118
116900126,91,442,-351
116900128,0,30,-30
116900129,2,287,-285
116900130,452,2302,-1850
116900131,61,266,-205
116900132,31,97,-66
116900133,132,145,-13
116900134,200,286,-86
116900136,229,150,79
116900137,212,107,105
116900138,178,150,28
116900139,105,347,-242
116900140,180,126,54
116900141,746,409,337
116900142,4,63,-59
116900143,277,303,-26
116900144,29,71,-42
116900145,99,151,-52
116900147,479,358,121
116900148,5,37,-32
116900149,54,241,-187
116900150,10,12,-2
116900151,34,22,12
116900153,107,63,44
116900154,341,414,-73
116900155,96,73,23
116900157,415,206,209
116900158,94,215,-121
116900159,59,249,-190
116900160,615,716,-101
116900161,3992,4519,-527
116900163,129,126,3
116900164,74,62,12
116900165,249,270,-21
116900166,12,65,-53
116900167,318,94,224
116900168,258,55,203
116900169,483,461,22
116900170,243,578,-335
116900171,34,67,-33
116900172,201,311,-110
116900173,152,36,116
116900174,67,51,16
116900175,139,156,-17
116900178,31,90,-59
116900179,102,279,-177
116900180,57,28,29
116900182,329,272,57
116900183,150,93,57
116900185,39,49,-10
116900186,56,88,-32
116900187,66,28,38
116900188,148,23,125
116900189,73,0,73
116900191,321,771,-450
116900192,182,87,95
116900194,271,1213,-942
116900195,41,32,9
116900196,70,130,-60
116900197,116,4,112
116900198,150,184,-34
116900200,46,30,16
116900201,109,5,104
116900202,125,108,17
116900203,95,6,89
116900204,44,87,-43
116900206,16,20,-4
116900207,29,38,-9
116900208,11,94,-83
116900209,33,72,-39
116900210,487,275,212
116900211,206,4,202
116900212,37,47,-10
116900213,278,131,147
116900214,163,123,40
116900215,43,59,-16
116900216,217,153,64
116900218,6,182,-176
116900219,1014,303,711
116900220,100,137,-37
116900221,95,346,-251
116900222,314,283,31
116900223,105,294,-189
116900226,59,27,32
116900227,140,65,75
116900228,242,147,95
116900230,63,499,-436
116900231,61,512,-451
116900232,613,98,515
116900233,569,416,153
116900234,14,2,12
116900235,445,323,122
116900238,1401,274,1127
116900239,0,634,-634
116900240,3709,2727,982
116900241,62,72,-10
116900242,701,469,232
116900243,2,15,-13
116900245,38,10,28
116900246,100,12,88
116900247,601,32,569
116900248,63,42,21
116900249,217,104,113
116900250,328,33,295
116900251,403,453,-50
116900252,219,872,-653
116900254,328,304,24
116900255,140,56,84
116900256,437,107,330
116900257,26,339,-313
116900258,8,161,-153
116900259,227,12,215
116900260,1,97,-96
116900261,66,0,66
116900262,238,150,88
116900263,1,12,-11
116900264,74,36,38
116900265,41,0,41
116900266,8,26,-18
116900267,5,1,4
116900268,175,95,80
116900269,223,436,-213
116900271,843,142,701
116900272,353,189,164
116900273,122,66,56
116900274,81,53,28
116900275,149,175,-26
116900276,324,133,191
116900277,405,17,388
116900278,3,5,-2
116900279,1,28,-27
116900280,23,37,-14
116900281,4158,2840,1318
116900282,0,67,-67
116900283,17,85,-68
116900284,3,139,-136
116900285,182,189,-7
116900286,167,25,142
116900287,27,49,-22
116900288,71,129,-58
116900289,9,10,-1
116900290,9,12,-3
116900291,17,9,8
116900292,1,14,-13
116900293,61,36,25
116900294,19,111,-92
116900295,90,38,52
116900296,56,60,-4
116900297,7,99,-92
116900298,82,83,-1
116900299,35,47,-12
116900300,2,43,-41
116900301,49,93,-44
116900302,63,75,-12
116900303,215,59,156
116900304,0,100,-100
116900305,16,45,-29
116900306,161,100,61
116900307,77,2,75
116900308,0,87,-87
116900309,38,63,-25
116900310,17,27,-10
117000001,1457,1107,350
117000002,1639,3148,-1509
117000003,5360,2750,2610
117000004,2896,3945,-1049
117000005,1790,1562,228
117000006,983,2527,-1544
117000007,2888,984,1904
117000008,852,2533,-1681
117000009,3947,1684,2263
117000010,2144,2965,-821
117000011,1710,1357,353
117000012,976,1050,-74
117000013,1523,670,853
117000014,1006,1714,-708
117000015,1898,931,967
117000016,302,97,205
117000017,213,106,107
117000018,134,408,-274
117000019,77,34,43
117000020,448,924,-476
117000021,1331,510,821
117000022,320,121,199
117000023,293,193,100
117000024,203,157,46
117000025,383,787,-404
117000026,1916,988,928
117000027,1748,3606,-1858
117000028,2832,1430,1402
117000030,459,389,70
117000031,356,283,73
117000032,1317,936,381
117000033,943,536,407
117000034,433,311,122
117000035,380,285,95
117000036,399,291,108
117000037,237,203,34
117000038,198,485,-287
117000039,439,200,239
117000040,203,600,-397
117000041,784,155,629
117000044,21,565,-544
117000045,310,66,244
117000046,367,801,-434
117000047,1039,554,485
117000048,1585,751,834
117000049,108,505,-397
117000050,106,1326,-1220
117000051,1847,120,1727
117000052,63,200,-137
117000053,456,43,413
117000054,1362,6,1356
117000055,73,2039,-1966
117000056,613,15,598
117000057,581,1825,-1244
117000060,409,982,-573
117000061,1322,721,601
117000062,288,516,-228
117000063,1461,941,520
117000064,671,694,-23
117000066,672,802,-130
117000067,151,448,-297
117000074,158,167,-9
117000076,186,50,136
117000077,155,145,10
117000078,120,563,-443
117000079,426,204,222
117000080,0,237,-237
117000081,1231,104,1127
117000082,22,80,-58
117000083,713,196,517
117000084,182,1,181
117000085,245,606,-361
117000086,626,387,239
117000087,121,339,-218
117000088,170,178,-8
117000089,1234,222,1012
117000090,243,866,-623
117000091,702,235,467
117000092,303,1013,-710
117000093,1043,715,328
117000094,1249,2169,-920
117000095,2931,835,2096
117000096,562,1752,-1190
117000097,1126,997,129
117000098,2151,3319,-1168
117000099,2769,1083,1686
117000100,208,287,-79
117000101,238,811,-573
117000102,1343,607,736
117000103,631,1247,-616
117000104,1166,588,578
117000105,781,1124,-343
117000106,923,689,234
117000107,437,1456,-1019
117000108,1263,760,503
117000109,1157,1819,-662
117000110,1108,797,311
117000111,2975,3472,-497
117000112,2480,1405,1075
117000113,184,220,-36
117000114,223,117,106
117000115,147,101,46
117000116,116,186,-70
117000117,1279,951,328
117000118,255,139,116
117000119,152,146,6
117000120,147,452,-305
117000121,85,815,-730
117000122,264,623,-359
117000123,1354,39,1315
117000124,551,62,489
117000125,274,92,182
117000126,58,26,32
117000127,162,254,-92
117000128,535,632,-97
117000129,351,600,-249
117000130,114,13,101
117000131,0,115,-115
117000132,2252,21,2231
117000133,1078,25,1053
117000134,3,55,-52
117000135,5,52,-47
117000136,1,22,-21
117000137,82,109,-27
117000138,3,535,-532
117000140,463,1249,-786
117000141,1543,536,1007
117000181,353,307,46
117000182,362,368,-6
117000195,167,734,-567
117000196,204,104,100
117000225,182,18,164
117000226,5,98,-93
117000276,199,11,188
117000277,1,251,-250
117000310,1172,1616,-444
117000315,30,553,-523
117000320,82,0,82
117000906,281,23,258
117000907,12,262,-250
117000909,56,36,20
117000910,162,152,10
117000911,91,196,-105
117000915,5,365,-360
117000916,37,4,33
117000917,925,26,899
117000918,71,104,-33
117000919,10,69,-59
117000920,3,1006,-1003
117000921,2,941,-939
117000922,25,95,-70
117000924,338,653,-315
117000926,556,99,457
117000927,1284,789,495
117000928,1,127,-126
117000929,185,277,-92
117000930,198,20,178
117000931,330,122,208
117900002,66,297,-231
117900003,666,308,358
117900005,2,41,-39
117900006,1,30,-29
117900007,122,121,1
117900008,0,16,-16
117900010,228,73,155
117900011,26,78,-52
117900012,60,58,2
117900013,0,117,-117
117900014,527,91,436
117900015,27,90,-63
117900016,782,645,137
117900017,434,255,179
117900018,152,83,69
117900019,313,202,111
117900020,55,430,-375
117900021,17,62,-45
117900023,557,170,387
117900024,62,48,14
117900025,44,11,33
117900026,337,209,128
117900028,68,8,60
117900029,191,535,-344
117900031,203,83,120
117900032,662,428,234
117900033,196,414,-218
117900034,52,38,14
117900035,215,135,80
117900036,175,259,-84
117900037,112,100,12
117900038,22,287,-265
117900039,2,39,-37
117900040,117,329,-212
117900041,6,29,-23
117900042,2486,186,2300
117900043,32,46,-14
117900044,28,2328,-2300
117900045,115,122,-7
117900048,289,294,-5
117900049,171,329,-158
117900050,12,49,-37
117900051,41,0,41
117900052,58,262,-204
117900053,1377,531,846
117900054,3,67,-64
117900055,155,186,-31
117900056,195,43,152
117900057,964,1124,-160
117900058,84,31,53
117900059,313,100,213
117900060,2231,4341,-2110
117900061,26,221,-195
117900063,232,146,86
117900065,850,1128,-278
117900066,9,73,-64
117900067,333,134,199
117900069,560,218,342
117900070,284,23,261
117900071,51,119,-68
117900073,357,199,158
117900074,100,51,49
117900075,63,59,4
117900076,21,60,-39
117900077,362,139,223
117900078,227,662,-435
117900080,111,40,71
117900081,471,279,192
117900082,298,250,48
117900083,214,266,-52
117900086,119,30,89
117900087,132,43,89
117900088,3044,1548,1496
117900089,1738,695,1043
117900090,381,388,-7
117900091,220,154,66
117900092,59,42,17
117900093,71,71,0
117900094,46,12,34
117900095,276,397,-121
117900096,93,210,-117
117900097,226,106,120
117900098,37,12,25
117900099,155,188,-33
117900100,175,8,167
117900101,372,1405,-1033
117900102,53,43,10
117900103,82,1,81
117900104,25,95,-70
117900105,132,184,-52
117900106,119,47,72
117900107,40,0,40
117900109,444,294,150
117900110,96,1,95
117900111,486,21,465
117900112,69,17,52
117900113,1873,1317,556
117900114,17,0,17
117900115,250,59,191
117900116,739,657,82
117900117,413,259,154
117900118,86,0,86
117900119,134,146,-12
117900120,157,55,102
117900121,78,19,59
117900122,1058,2688,-1630
117900123,549,310,239
117900124,840,605,235
117900125,1628,1781,-153
117900126,228,426,-198
117900127,360,336,24
117900128,307,425,-118
117900129,65,0,65
117900130,977,338,639
117900131,1,87,-86
117900132,12,119,-107
117900133,16,92,-76
117900134,50,208,-158
117900135,18,177,-159
117900136,0,39,-39
117900137,25,255,-230
117900138,0,41,-41
117900139,117,97,20
117900140,2411,253,2158
117900141,179,179,0
117900142,123,54,69
117900144,56,129,-73
117900145,43,29,14
117900146,158,118,40
117900147,79,53,26
117900148,1976,1225,751
117900149,133,170,-37
117900150,33,30,3
117900151,29,67,-38
117900152,100,58,42
117900153,17,72,-55
117900154,296,428,-132
117900156,836,644,192
117900157,84,470,-386
117900158,187,130,57
117900160,556,641,-85
117900161,2104,1548,556
117900162,299,363,-64
117900163,75,109,-34
117900165,0,22,-22
117900166,128,520,-392
117900168,62,183,-121
117900169,3,109,-106
117900170,4,32,-28
117900171,4,16,-12
117900172,10,39,-29
117900173,106,78,28
117900174,16,75,-59
117900175,7,23,-16
117900176,12,29,-17
117900177,52,25,27
117900178,145,39,106
117900180,213,23,190
117900181,73,198,-125
117900182,1,36,-35
117900183,46,172,-126
117900184,48,86,-38
117900185,31,47,-16
117900186,46,27,19
117900187,16,10,6
117900188,171,60,111
117900189,51,44,7
117900190,22,5,17
117900191,78,2,76
117900192,180,1,179
117900193,47,54,-7
117900194,16,8,8
117900195,15,46,-31
117900196,23,17,6
117900207,126,88,38
117900208,28,21,7
117900209,190,193,-3
117900210,91,172,-81
117900211,5,136,-131
117900212,139,105,34
117900213,20,20,0
117900214,8,25,-17
117900215,35,38,-3
117900216,45,34,11
117900217,71,209,-138
117900218,143,136,7
117900219,6,76,-70
117900220,75,94,-19
117900222,170,242,-72
117900223,190,277,-87
118000001,549,808,-259
118000002,605,1529,-924
118000003,1920,2362,-442
118000004,2492,2069,423
118000005,3448,3890,-442
118000006,4017,7394,-3377
118000007,3799,2914,885
118000008,4303,2792,1511
118000009,1510,1927,-417
118000010,4089,3016,1073
118000011,1073,1590,-517
118000012,716,1556,-840
118000013,1759,1706,53
118000014,1811,2057,-246
118000016,218,338,-120
118000017,344,300,44
118000018,299,415,-116
118000019,1815,1322,493
118000020,981,2133,-1152
118000021,662,2351,-1689
118000022,1451,637,814
118000023,684,262,422
118000024,1138,944,194
118000027,10876,10101,775
118000029,730,561,169
118000032,948,2839,-1891
118000033,2370,4380,-2010
118000034,3890,2158,1732
118000035,1516,2267,-751
118000036,821,1023,-202
118000037,515,665,-150
118000038,173,61,112
118000039,60,178,-118
118000040,1440,983,457
118000041,1797,1016,781
118000045,529,128,401
118000046,1140,452,688
118000047,794,764,30
118000048,2428,1515,913
118000051,1347,688,659
118000052,806,365,441
118000053,288,315,-27
118000054,1514,998,516
118000055,933,1149,-216
118000056,466,273,193
118000057,214,304,-90
118000058,2051,1417,634
118000059,1316,1060,256
118000060,826,435,391
118000061,1151,993,158
118000062,462,225,237
118000063,260,556,-296
118000064,683,887,-204
118000065,3307,1142,2165
118000066,597,1209,-612
118000067,941,642,299
118000068,1640,3243,-1603
118000069,2626,907,1719
118000070,4041,1454,2587
118000071,2557,4460,-1903
118000072,1405,985,420
118000073,2016,544,1472
118000074,359,529,-170
118000075,742,223,519
118000076,1333,1806,-473
118000077,1316,1123,193
118000078,1485,1862,-377
118000079,159,311,-152
118000080,861,808,53
118000081,1690,1058,632
118000082,287,987,-700
118000083,1204,1393,-189
118000084,2539,1259,1280
118000086,222,411,-189
118000087,3420,2093,1327
118000088,1583,1320,263
118000089,2643,1639,1004
118000090,1291,1943,-652
118000091,802,1671,-869
118000092,878,437,441
118000093,71,518,-447
118000096,408,602,-194
118000097,756,619,137
118000098,199,181,18
118000099,439,555,-116
118000101,853,252,601
118000102,294,908,-614
118000107,1300,433,867
118000108,531,1481,-950
118000110,2,17,-15
118000111,1,251,-250
118000112,437,0,437
118000113,3,397,-394
118000114,314,11,303
118000115,13,12,1
118000116,76,1,75
118000117,1004,595,409
118000118,717,776,-59
118000119,795,921,-126
118000120,1509,1187,322
118000121,145,724,-579
118000122,1341,402,939
118000123,43,304,-261
118000125,1412,730,682
118000126,723,1139,-416
118000127,1459,523,936
118000128,623,950,-327
118000129,654,419,235
118000130,1621,2321,-700
118000131,509,879,-370
118000132,2073,1569,504
118000133,829,434,395
118000135,470,339,131
118000136,139,375,-236
118000137,526,96,430
118000138,381,430,-49
118000139,292,85,207
118000140,1789,3345,-1556
118000141,1507,1413,94
118000142,1438,1111,327
118000143,1670,955,715
118000144,911,708,203
118000145,1221,1436,-215
118000146,962,675,287
118000147,686,1138,-452
118000148,449,962,-513
118000149,720,751,-31
118000150,294,288,6
118000151,457,404,53
118000153,966,904,62
118000154,1075,1182,-107
118000155,1065,1130,-65
118000156,1467,1934,-467
118000157,497,321,176
118000158,206,350,-144
118000159,33,64,-31
118000160,363,340,23
118000161,412,560,-148
118000162,1166,790,376
118000163,704,633,71
118000164,1474,942,532
118000168,682,346,336
118000169,871,788,83
118000170,2907,3944,-1037
118000171,279,580,-301
118000172,88,243,-155
118000173,759,1014,-255
118000175,239,312,-73
118000176,251,385,-134
118000177,213,478,-265
118000178,29,43,-14
118000179,1065,1087,-22
118000180,650,638,12
118000181,665,247,418
118000182,303,215,88
118000183,215,254,-39
118000184,596,631,-35
118000185,961,967,-6
118000186,725,918,-193
118000187,1043,550,493
118000188,350,98,252
118000189,457,423,34
118000190,10,15,-5
118000191,30,14,16
118000192,247,307,-60
118000193,111,365,-254
118000194,1050,684,366
118000195,820,701,119
118000196,248,129,119
118000197,180,131,49
118000198,337,485,-148
118000199,316,266,50
118000200,70,160,-90
118000201,341,439,-98
118000202,39,34,5
118000203,1050,502,548
118000204,149,283,-134
118000205,308,332,-24
118000206,173,139,34
118000207,0,31,-31
118000208,925,1219,-294
118000209,1637,1297,340
118000210,64,39,25
118000211,38,33,5
118000213,653,922,-269
118000214,428,469,-41
118000215,233,121,112
118000216,1185,1418,-233
118000217,32,92,-60
118000218,72,69,3
118000219,373,220,153
118000220,4,39,-35
118000221,139,216,-77
118000222,35,12,23
118000223,31,34,-3
118000224,113,83,30
118000225,135,503,-368
118000226,761,156,605
118000227,642,413,229
118000228,116,163,-47
118000229,208,59,149
118000230,88,162,-74
118000231,59,155,-96
118000232,546,547,-1
118000233,865,651,214
118000234,355,168,187
118000236,217,206,11
118000237,93,257,-164
118000238,191,133,58
118000239,205,225,-20
118000240,269,158,111
118000241,111,124,-13
118000242,234,383,-149
118000243,166,142,24
118000244,35,88,-53
118000246,0,8,-8
118000255,34,188,-154
118000256,93,179,-86
118000259,9,38,-29
118000260,147,71,76
118000261,28,28,0
118000263,65,119,-54
118000266,74,192,-118
118000267,0,79,-79
118000268,310,1,309
118000270,91,21,70
118000271,237,239,-2
118000272,96,27,69
118000273,116,44,72
118000274,83,155,-72
118000276,393,244,149
118000295,9,97,-88
118000298,112,169,-57
118000299,68,97,-29
118000301,0,43,-43
118000302,67,45,22
118000311,311,81,230
118000312,242,141,101
118000313,37,68,-31
118000314,107,51,56
118000315,24,38,-14
118000316,538,382,156
118000325,46,36,10
118000326,16,24,-8
118000331,15,34,-19
118000332,17,21,-4
118000333,28,59,-31
118000335,284,0,284
118000336,1,145,-144
118000407,102,56,46
118000457,5,26,-21
118000465,2618,3103,-485
118000480,31,67,-36
118000489,40,287,-247
118000490,50,290,-240
118000492,334,176,158
118000510,30,17,13
118000514,151,199,-48
118000515,562,452,110
118000517,280,194,86
118000524,240,155,85
118000525,590,604,-14
118000530,24,64,-40
118000531,288,259,29
118000532,208,205,3
118000533,267,104,163
118000534,404,351,53
118000535,311,138,173
118000536,491,1143,-652
118000537,10,88,-78
118000538,46,74,-28
118000539,4,68,-64
118000540,213,96,117
118000541,114,45,69
118000542,89,127,-38
118000543,114,164,-50
118000546,49,12,37
118000553,0,3,-3
118000560,1597,1536,61
118000562,40,102,-62
118000563,1240,1093,147
118000576,151,100,51
118000577,210,241,-31
118000578,118,73,45
118000579,592,963,-371
118000583,0,0,0
118000595,218,73,145
118000596,0,50,-50
118000597,207,182,25
118000598,6,1,5
118000599,61,42,19
118000600,2,3,-1
118000601,8,0,8
118000602,1,11,-10
118000603,0,17,-17
118000605,42,202,-160
118000606,52,22,30
118900001,391,900,-509
118900002,624,495,129
118900003,369,7,362
118900004,67,52,15
118900005,74,5,69
118900006,116,3,113
118900007,5,0,5
118900008,1311,54,1257
118900009,60,28,32
118900010,51,13,38
118900011,130,21,109
118900012,387,173,214
118900013,360,122,238
118900015,161,51,110
118900016,4,10,-6
118900017,233,307,-74
118900018,585,33,552
118900019,40,21,19
118900020,214,103,111
118900021,127,249,-122
118900022,116,131,-15
118900023,141,83,58
118900024,70,111,-41
118900025,49,17,32
118900026,73,73,0
118900027,309,176,133
118900028,131,147,-16
118900029,233,243,-10
118900030,260,52,208
118900031,135,89,46
118900032,157,184,-27
118900033,269,316,-47
118900034,189,17,172
118900035,154,147,7
118900036,890,547,343
118900037,329,220,109
118900038,332,125,207
118900039,362,97,265
118900040,175,158,17
118900041,379,128,251
118900042,158,73,85
118900045,225,138,87
118900046,845,375,470
118900047,412,231,181
118900048,131,144,-13
118900049,56,56,0
118900050,27,53,-26
118900051,146,100,46
118900052,199,176,23
118900053,18,102,-84
118900054,105,43,62
118900055,80,49,31
118900056,24,254,-230
118900057,621,377,244
118900058,296,219,77
118900059,26,53,-27
118900060,120,146,-26
118900062,276,129,147
118900064,451,491,-40
118900065,45,93,-48
118900066,72,67,5
118900067,2746,2368,378
118900068,9,154,-145
118900069,318,159,159
118900071,10,58,-48
118900072,344,273,71
118900073,71,100,-29
118900074,114,142,-28
118900075,59,60,-1
118900076,193,91,102
118900077,123,131,-8
118900078,38,10,28
118900079,50,143,-93
118900080,18,83,-65
118900081,66,39,27
118900082,560,172,388
118900083,33,3,30
118900084,15,14,1
118900085,537,639,-102
118900086,48,89,-41
118900087,23,136,-113
118900088,0,4,-4
118900089,26,23,3
118900090,395,315,80
118900091,129,168,-39
118900092,107,46,61
118900093,129,10,119
118900096,118,144,-26
118900097,270,292,-22
118900099,76,165,-89
118900100,100,169,-69
118900101,65,230,-165
118900102,24,67,-43
118900103,34,92,-58
118900104,84,60,24
118900105,158,84,74
118900107,107,68,39
118900108,91,85,6
118900110,1018,685,333
118900111,444,309,135
118900112,84,158,-74
118900113,97,289,-192
118900114,21,40,-19
118900115,77,280,-203
118900116,124,205,-81
118900117,94,138,-44
118900118,222,206,16
118900119,148,171,-23
118900120,83,249,-166
118900121,14,150,-136
118900122,17,745,-728
118900123,118,159,-41
118900124,41,126,-85
118900126,17,282,-265
118900129,190,177,13
118900130,65,191,-126
118900131,198,164,34
118900132,210,145,65
118900133,14,107,-93
118900135,135,173,-38
118900136,163,421,-258
118900137,13,30,-17
118900139,198,248,-50
118900140,341,415,-74
118900141,87,96,-9
118900144,107,277,-170
118900145,158,79,79
118900146,284,515,-231
118900147,271,129,142
118900148,99,57,42
118900150,123,454,-331
118900152,431,574,-143
118900157,53,106,-53
118900158,70,74,-4
118900159,1,132,-131
118900161,62,16,46
118900163,106,102,4
118900164,1,94,-93
118900165,37,99,-62
118900166,34,3,31
118900167,63,82,-19
118900168,10,117,-107
118900169,100,188,-88
118900170,85,78,7
118900171,35,44,-9
118900174,47,57,-10
118900175,356,403,-47
118900176,114,206,-92
118900177,42,31,11
118900178,54,114,-60
118900179,4,10,-6
118900181,86,87,-1
118900182,39,30,9
118900183,30,141,-111
118900184,208,69,139
118900185,133,90,43
118900186,116,82,34
118900187,178,217,-39
118900188,227,199,28
118900189,23,581,-558
118900190,10,172,-162
118900191,82,75,7
118900192,115,18,97
118900193,365,14,351
118900195,246,437,-191
118900196,28,73,-45
118900197,94,34,60
118900198,19,4,15
118900199,56,38,18
118900200,15,12,3
118900201,9,17,-8
118900202,11,48,-37
118900203,10,10,0
118900204,8,16,-8
118900205,10,4,6
118900206,3,19,-16
119000001,1025,1447,-422
119000002,2778,2411,367
119000003,1739,783,956
119000004,1567,1010,557
119000005,1263,1374,-111
119000006,2221,1353,868
119000007,2484,2518,-34
119000008,1453,1414,39
119000009,3201,3507,-306
119000010,4774,3456,1318
119000011,2634,2075,559
119000012,2113,2528,-415
119000013,2005,1334,671
119000014,1425,2135,-710
119000019,234,99,135
119000020,1433,1076,357
119000021,3237,1639,1598
119000022,1640,1615,25
119000023,287,207,80
119000024,1241,7019,-5778
119000025,4360,885,3475
119000026,116,320,-204
119000027,203,268,-65
119000028,1383,737,646
119000029,91,278,-187
119000030,444,694,-250
119000031,725,628,97
119000032,1564,1979,-415
119000033,1718,1082,636
119000034,724,686,38
119000035,24,237,-213
119000036,1345,686,659
119000037,960,1037,-77
119000038,266,652,-386
119000039,324,249,75
119000040,566,431,135
119000041,443,756,-313
119000048,2390,2298,92
119000049,1490,1775,-285
119000050,1425,1523,-98
119000051,1604,826,778
119000052,1502,2310,-808
119000053,1542,962,580
119000054,2613,2409,204
119000055,3630,2718,912
119000056,1954,1681,273
119000057,1311,1428,-117
119000058,1630,1196,434
119000059,1039,1198,-159
119000060,1262,846,416
119000061,761,684,77
119000062,984,1141,-157
119000063,417,382,35
119000064,767,889,-122
119000065,1515,2544,-1029
119000066,1569,955,614
119000067,1486,1649,-163
119000068,1336,856,480
119000069,1213,1669,-456
119000070,1901,816,1085
119000071,457,515,-58
119000072,3610,2145,1465
119000073,3299,4888,-1589
119000074,964,1682,-718
119000075,1679,1728,-49
119000076,300,920,-620
119000077,571,448,123
119000078,317,206,111
119000079,219,528,-309
119000080,181,46,135
119000081,197,418,-221
119000082,570,175,395
119000083,503,275,228
119000084,259,388,-129
119000085,463,157,306
119000086,222,262,-40
119000087,1337,725,612
119000088,289,266,23
119000090,133,121,12
119000091,99,235,-136
119000092,336,179,157
119000093,2619,2043,576
119000094,2397,4088,-1691
119000095,1409,2270,-861
119000097,1665,1019,646
119000098,771,2075,-1304
119000099,1929,1185,744
119000100,2702,2342,360
119000101,3170,1467,1703
119000102,761,926,-165
119000103,1299,533,766
119000104,1917,1076,841
119000105,788,1612,-824
119000106,366,951,-585
119000107,634,363,271
119000108,315,713,-398
119000109,93,430,-337
119000110,281,365,-84
119000111,44,584,-540
119000112,173,83,90
119000113,1812,254,1558
119000114,682,725,-43
119000115,145,81,64
119000116,67,101,-34
119000117,133,284,-151
119000118,2,1,1
119000123,3198,1750,1448
119000124,541,134,407
119000125,2946,529,2417
119000126,1023,586,437
119000127,427,364,63
119000128,9,4,5
119000131,800,579,221
119000132,7,4,3
119000133,2,7,-5
119000134,1466,445,1021
119000135,122,150,-28
119000136,180,196,-16
119000137,212,252,-40
119000138,363,230,133
119000139,245,166,79
119000140,197,246,-49
119000284,1171,2070,-899
119000285,1736,1718,18
119000286,5809,4223,1586
119000287,1023,1626,-603
119000288,1537,1051,486
119000289,1495,1992,-497
119000290,168,290,-122
119000291,11,194,-183
119000293,253,238,15
119000294,38,19,19
119000295,900,260,640
119000296,450,382,68
119000302,1917,950,967
119000303,126,87,39
119000310,0,0,0
119000314,1075,8219,-7144
119000315,1,253,-252
119000316,121,100,21
119000317,85,248,-163
119000319,197,82,115
119900001,225,1025,-800
119900002,101,203,-102
119900003,71,702,-631
119900004,274,870,-596
119900005,148,84,64
119900006,187,298,-111
119900007,1154,203,951
119900008,211,25,186
119900009,553,578,-25
119900010,589,866,-277
119900011,23,82,-59
119900012,17,59,-42
119900013,1715,985,730
119900014,377,155,222
119900015,89,36,53
119900016,29,72,-43
119900017,66,43,23
119900018,1547,630,917
119900019,31,9,22
119900020,158,210,-52
119900021,144,83,61
119900022,100,497,-397
119900023,331,1126,-795
119900025,152,15,137
119900026,503,123,380
119900027,17,17,0
119900028,228,131,97
119900029,2,3,-1
119900030,388,451,-63
119900031,35,310,-275
119900033,1866,232,1634
119900034,325,119,206
119900037,148,30,118
119900038,28,225,-197
119900039,66,9,57
119900040,91,23,68
119900041,107,37,70
119900042,240,171,69
119900043,92,98,-6
119900044,124,648,-524
119900046,113,42,71
119900047,212,74,138
119900048,161,63,98
119900049,128,4,124
119900050,92,80,12
119900051,906,14,892
119900052,62,49,13
119900053,121,122,-1
119900054,139,9,130
119900055,978,382,596
119900057,220,67,153
119900058,175,7,168
119900059,104,51,53
119900060,196,17,179
119900061,195,7,188
119900062,70,18,52
119900063,14,52,-38
119900065,194,4,190
119900067,82,40,42
119900068,408,1,407
119900069,101,9,92
119900070,588,1,587
119900071,510,21,489
119900073,1596,621,975
119900074,30,16,14
119900075,3565,2032,1533
119900076,443,275,168
119900077,614,785,-171
119900078,547,725,-178
119900079,351,169,182
119900080,250,225,25
119900081,499,97,402
119900082,959,132,827
119900083,272,105,167
119900084,460,228,232
119900085,60,60,0
119900086,484,844,-360
119900087,518,329,189
119900088,37,36,1
119900089,21,376,-355
119900090,163,48,115
119900091,50,732,-682
119900092,65,262,-197
119900093,868,215,653
119900094,56,201,-145
119900095,190,87,103
119900096,46,78,-32
119900097,522,211,311
119900098,35,53,-18
119900099,37,140,-103
119900100,1610,2028,-418
119900101,174,899,-725
119900102,41,217,-176
119900103,40,261,-221
119900104,34,128,-94
119900105,510,1675,-1165
119900106,15,134,-119
119900107,204,1986,-1782
119900108,2077,529,1548
119900109,47,115,-68
119900110,628,392,236
119900111,83,257,-174
119900112,1196,437,759
119900113,68,268,-200
119900114,276,764,-488
119900115,218,861,-643
119900116,107,353,-246
119900117,266,453,-187
119900118,72,637,-565
119900119,218,186,32
119900120,486,375,111
119900121,353,770,-417
119900122,481,313,168
119900123,196,247,-51
119900124,271,665,-394
119900125,45,201,-156
119900126,2498,218,2280
119900127,1981,950,1031
119900128,484,549,-65
119900129,221,383,-162
119900130,19,201,-182
119900131,69,191,-122
119900132,8,163,-155
119900133,31,87,-56
119900134,1216,169,1047
119900135,0,240,-240
119900136,161,227,-66
119900138,316,336,-20
119900139,40,112,-72
119900140,0,105,-105
119900141,85,501,-416
119900142,0,11,-11
119900143,24,211,-187
119900144,1088,203,885
119900145,66,141,-75
119900146,99,187,-88
119900147,2,110,-108
119900148,170,39,131
119900149,801,2969,-2168
119900150,119,114,5
119900151,938,448,490
119900152,94,265,-171
119900153,118,68,50
119900154,9,441,-432
119900155,31,55,-24
119900156,27,6,21
119900157,108,177,-69
119900158,134,74,60
119900159,2,919,-917
119900160,19,118,-99
119900161,165,112,53
119900162,666,663,3
119900163,79,146,-67
119900164,3,12,-9
119900165,151,113,38
119900166,66,36,30
119900167,68,57,11
119900168,761,385,376
119900169,84,204,-120
119900170,197,273,-76
119900171,989,254,735
119900172,124,19,105
119900173,6,289,-283
119900174,13,118,-105
119900175,872,564,308
119900177,22,128,-106
119900178,3,117,-114
119900179,94,407,-313
119900180,768,745,23
119900181,75,117,-42
119900182,4,219,-215
119900183,114,504,-390
119900184,1485,392,1093
119900185,37,156,-119
119900186,40,605,-565
119900187,9,259,-250
119900188,81,295,-214
119900189,427,375,52
119900190,52,255,-203
119900191,281,208,73
119900192,25,113,-88
119900193,216,121,95
119900194,23,91,-68
119900195,19,106,-87
119900196,827,354,473
119900197,197,111,86
119900198,236,242,-6
119900199,160,18,142
119900200,471,557,-86
119900201,237,152,85
119900202,68,208,-140
119900203,120,349,-229
119900204,262,220,42
119900205,543,404,139
119900206,138,104,34
119900208,145,187,-42
119900209,358,945,-587
119900210,30,29,1
119900211,65,10,55
119900212,133,234,-101
119900213,8,51,-43
119900214,21,79,-58
119900215,51,87,-36
119900216,16,61,-45
119900217,17,69,-52
119900218,40,72,-32
119900219,11,103,-92
119900220,5,61,-56
119900221,20,213,-193
119900222,10,141,-131
119900223,21,57,-36
119900224,10,23,-13
119900225,688,36,652
119900226,474,1216,-742
119900227,784,190,594
119900228,335,205,130
119900229,327,285,42
119900230,1055,365,690
119900231,209,140,69
119900232,161,94,67
119900233,59,4,55
119900234,13,46,-33
119900235,13,32,-19
119900236,16,192,-176
119900237,30,300,-270
119900238,6,51,-45
119900240,82,152,-70
119900241,167,199,-32
119900242,912,1014,-102
119900244,443,1019,-576
119900245,85,152,-67
119900246,258,563,-305
119900247,31,117,-86
119900248,95,199,-104
119900249,184,75,109
119900253,1529,280,1249
119900254,51,553,-502
119900255,76,553,-477
119900256,410,561,-151
119900257,67,2,65
119900258,82,8,74
119900259,14,87,-73
119900260,90,7,83
119900261,302,133,169
119900262,3,146,-143
119900263,863,300,563
119900264,80,125,-45
119900265,496,396,100
119900266,239,211,28
119900267,209,398,-189
119900268,185,140,45
119900269,939,784,155
119900271,24,83,-59
119900272,303,214,89
119900275,108,44,64
119900276,53,1,52
119900277,8,5,3
119900278,155,69,86
119900279,111,181,-70
119900280,521,136,385
119900281,0,169,-169
119900282,45,110,-65
119900283,12,144,-132
119900284,27,150,-123
119900285,20,48,-28
119900286,3,7,-4
119900288,4,15,-11
119900289,6,47,-41
119900290,12,31,-19
119900291,1,52,-51
119900292,44,76,-32
119900293,29,86,-57
119900294,39,96,-57
119900295,34,38,-4
119900296,51,151,-100
119900297,0,16,-16
119900298,5,10,-5
119900299,45,134,-89
119900300,211,97,114
119900301,21,33,-12
119900302,32,30,2
119900303,217,212,5
119900304,94,48,46
119900305,14,74,-60
119900306,19,5,14
119900307,37,61,-24
119900308,7,20,-13
119900309,24,77,-53
119900310,197,265,-68
119900311,67,61,6
119900312,69,65,4
119900313,220,181,39
119900314,142,300,-158
119900315,1300,1479,-179
119900318,14,37,-23
119900319,16,196,-180
119900320,140,362,-222
119900321,73,4,69
120000001,4342,10368,-6026
120000002,2409,2254,155
120000003,2746,1403,1343
120000004,2458,1722,736
120000005,3173,1626,1547
120000006,1017,1161,-144
120000007,2959,2581,378
120000008,898,1135,-237
120000009,2241,857,1384
120000010,1607,2206,-599
120000011,872,1270,-398
120000012,1302,1833,-531
120000013,2497,2317,180
120000014,582,1142,-560
120000015,1998,1343,655
120000016,2874,1804,1070
120000017,2164,1791,373
120000018,2991,8114,-5123
120000019,967,1183,-216
120000020,2661,2667,-6
120000021,1667,1811,-144
120000022,2369,3434,-1065
120000023,1048,1361,-313
120000024,1395,2174,-779
120000025,2138,1732,406
120000026,1650,1475,175
120000027,1878,1760,118
120000028,800,1810,-1010
120000029,2191,816,1375
120000030,229,755,-526
120000031,1666,4165,-2499
120000032,6023,3477,2546
120000033,4321,1626,2695
120000034,1507,1438,69
120000035,1693,1517,176
120000036,2457,4232,-1775
120000037,675,1197,-522
120000038,4491,2726,1765
120000039,565,738,-173
120000040,97,345,-248
120000041,1601,1355,246
120000042,2860,1744,1116
120000043,3677,1249,2428
120000044,4072,1382,2690
120000045,4805,1059,3746
120000046,2498,2206,292
120000047,731,3376,-2645
120000048,5331,3458,1873
120000049,2515,2540,-25
120000050,3130,3040,90
120000051,2527,3292,-765
120000052,6186,1842,4344
120000053,1165,2114,-949
120000054,1276,3164,-1888
120000055,1515,3511,-1996
120000056,3034,2739,295
120000057,3174,931,2243
120000058,3796,1055,2741
120000059,13,1305,-1292
120000061,167,464,-297
120000062,243,278,-35
120000063,1202,1868,-666
120000064,243,875,-632
120000065,436,991,-555
120000066,244,439,-195
120000067,66,410,-344
120000068,146,578,-432
120000069,480,805,-325
120000070,73,484,-411
120000071,380,138,242
120000072,675,379,296
120000073,657,69,588
120000074,197,73,124
120000075,733,273,460
120000076,1682,415,1267
120000077,1538,553,985
120000078,2799,959,1840
120000079,412,449,-37
120000080,248,300,-52
120000081,455,199,256
120000082,300,300,0
120000083,141,588,-447
120000084,327,259,68
120000085,277,323,-46
120000086,266,428,-162
120000087,184,477,-293
120000088,879,938,-59
120000089,957,476,481
120000090,690,492,198
120000091,749,819,-70
120000092,1091,536,555
120000093,381,474,-93
120000094,153,739,-586
120000095,888,401,487
120000096,224,565,-341
120000098,561,585,-24
120000099,281,681,-400
120000100,673,847,-174
120000101,601,428,173
120000102,442,704,-262
120000103,1228,716,512
120000104,1613,480,1133
120000105,2524,717,1807
120000106,1962,697,1265
120000107,3108,580,2528
120000108,997,110,887
120000109,1009,85,924
120000110,79,815,-736
120000111,168,839,-671
120000112,757,2090,-1333
120000113,696,1510,-814
120000114,932,2045,-1113
120000115,288,1677,-1389
120000116,689,1477,-788
120000117,894,1202,-308
120000118,83,39,44
120000119,37,81,-44
120000120,116,52,64
120000121,47,47,0
120000122,210,177,33
120000123,3279,4118,-839
120000124,457,486,-29
120000125,414,516,-102
120000126,275,646,-371
120000127,2060,875,1185
120000128,2705,3339,-634
120000129,279,292,-13
120000130,811,620,191
120000131,389,565,-176
120000134,247,794,-547
120000135,370,395,-25
120000137,242,966,-724
120000138,835,385,450
120000139,211,486,-275
120000140,655,421,234
120000141,482,369,113
120000142,675,461,214
120000143,2,88,-86
120000144,89,2,87
120000145,273,3,270
120000146,1061,817,244
120000149,612,835,-223
120000150,2408,8497,-6089
120000151,394,392,2
120000152,330,148,182
120000153,137,337,-200
120000154,405,357,48
120000155,162,307,-145
120000156,684,1031,-347
120000157,690,501,189
120000158,651,633,18
120000159,1870,2088,-218
120000160,2162,1459,703
120000161,1771,1842,-71
120000162,82,227,-145
120000163,579,1023,-444
120000164,424,332,92
120000165,519,522,-3
120000166,1180,426,754
120000167,51,91,-40
120000168,16,281,-265
120000169,43,891,-848
120000170,28,588,-560
120000171,9,217,-208
120000172,20,193,-173
120000173,2194,891,1303
120000174,346,17,329
120000175,240,17,223
120000176,275,33,242
120000177,743,103,640
120000178,55,19,36
120000179,112,31,81
120000180,309,63,246
120000181,88,677,-589
120000182,56,423,-367
120000183,5,261,-256
120000184,109,587,-478
120000186,81,357,-276
120000187,36,181,-145
120000188,137,311,-174
120000190,609,30,579
120000191,528,58,470
120000192,519,28,491
120000193,179,10,169
120000195,43,6,37
120000196,169,43,126
120000197,40,55,-15
120000198,135,42,93
120000199,91,0,91
120000200,120,1,119
120000201,16,21,-5
120000202,4,34,-30
120000203,33,132,-99
120000207,0,69,-69
120000208,8,194,-186
120000209,5,89,-84
120000210,171,262,-91
120000211,59,2,57
120000212,92,0,92
120000213,77,163,-86
120000214,0,137,-137
120000215,1,64,-63
120000216,32,10,22
120000217,498,702,-204
120000218,171,569,-398
120000219,7,301,-294
120000220,19,1169,-1150
120000225,1370,3,1367
120000226,227,7,220
120000227,609,46,563
120000228,6760,2287,4473
120000230,252,13,239
120000231,1032,1518,-486
120000233,209,4,205
120000235,217,504,-287
120000236,720,2,718
120000237,1,945,-944
120000238,3,468,-465
120000241,1031,2580,-1549
120000412,768,8,760
120000413,283,195,88
120000414,130,2,128
120000415,1,103,-102
120000416,202,15,187
120000417,8,77,-69
120000418,130,15,115
120000419,9,219,-210
120000420,211,64,147
120000421,7303,4664,2639
120000422,83,839,-756
120000423,2,29,-27
120000424,34,78,-44
120000436,129,489,-360
120000437,159,147,12
120000438,2022,245,1777
120000439,140,462,-322
120000443,191,2,189
120000444,1217,390,827
120000445,1237,904,333
120000446,587,301,286
120000447,189,8,181
120000449,101,2,99
120000450,2,176,-174
120000451,105,162,-57
120000452,16,2,14
120000453,2,174,-172
120000454,85,123,-38
120000455,79,38,41
120000456,1795,2609,-814
120000457,641,423,218
120000458,395,644,-249
120000459,95,52,43
120000665,577,251,326
120000668,87,732,-645
120000669,51,118,-67
120000670,161,652,-491
120000671,1574,440,1134
120000672,105,497,-392
120900001,67,124,-57
120900002,296,413,-117
120900003,124,27,97
120900004,13,54,-41
120900005,12,811,-799
120900006,332,193,139
120900007,150,65,85
120900008,271,1010,-739
120900009,561,41,520
120900010,371,114,257
120900011,177,184,-7
120900012,198,784,-586
120900013,230,90,140
120900014,4,348,-344
120900015,566,55,511
120900016,582,47,535
120900017,1949,48,1901
120900018,94,326,-232
120900019,447,387,60
120900020,765,1209,-444
120900021,582,218,364
120900022,30,244,-214
120900023,250,47,203
120900024,1428,399,1029
120900025,1339,928,411
120900026,114,121,-7
120900027,682,16,666
120900028,421,122,299
120900029,170,393,-223
120900030,948,680,268
120900031,184,102,82
120900032,910,70,840
120900033,793,88,705
120900034,33,1803,-1770
120900035,31,45,-14
120900037,182,10,172
120900038,45,293,-248
120900039,84,43,41
120900040,225,6,219
120900041,110,15,95
120900042,477,24,453
120900043,63,38,25
120900044,11,251,-240
120900045,122,43,79
120900046,364,7,357
120900047,157,107,50
120900048,116,24,92
120900049,407,1,406
120900050,1555,1153,402
120900051,371,84,287
120900052,399,6,393
120900053,253,72,181
120900054,1456,406,1050
120900055,355,2,353
120900056,410,15,395
120900057,109,33,76
120900058,492,0,492
120900059,74,7,67
120900060,42,19,23
120900061,182,177,5
120900062,235,0,235
120900063,477,8,469
120900064,421,2,419
120900065,405,1,404
120900066,313,179,134
120900067,204,62,142
120900068,260,2,258
120900069,211,37,174
120900071,5,0,5
120900072,715,5,710
120900073,456,144,312
120900074,420,13,407
120900076,258,1,257
120900077,1798,250,1548
120900078,754,655,99
120900079,627,88,539
120900080,713,1407,-694
120900081,844,601,243
120900082,362,303,59
120900083,77,2,75
120900084,204,348,-144
120900085,60,85,-25
120900086,90,290,-200
120900087,362,356,6
120900088,102,328,-226
120900089,2528,2275,253
120900090,258,117,141
120900091,644,820,-176
120900092,1318,433,885
120900093,1902,184,1718
120900094,415,180,235
120900095,271,13,258
120900096,59,163,-104
120900097,531,545,-14
120900098,242,153,89
120900099,60,38,22
120900100,65,200,-135
120900101,682,239,443
120900102,29,65,-36
120900103,43,217,-174
120900104,14,20,-6
120900105,33,365,-332
120900106,1095,474,621
120900107,191,96,95
120900108,14,489,-475
120900109,71,531,-460
120900110,5,553,-548
120900111,210,284,-74
120900112,9,731,-722
120900113,11,655,-644
120900114,30,122,-92
120900115,114,223,-109
120900116,284,276,8
120900117,3,421,-418
120900118,16,603,-587
120900119,3473,3631,-158
120900120,81,357,-276
120900121,82,324,-242
120900122,414,316,98
120900123,11,309,-298
120900124,1,482,-481
120900125,7,415,-408
120900126,1349,770,579
120900127,7,401,-394
120900128,1098,1008,90
120900129,45,227,-182
120900130,1,308,-307
120900131,49,44,5
120900132,896,170,726
120900133,147,556,-409
120900134,855,304,551
120900135,5,403,-398
120900136,61,77,-16
120900137,145,44,101
120900138,23,156,-133
120900139,3,501,-498
120900140,5,37,-32
120900141,137,156,-19
120900142,17,379,-362
120900143,0,562,-562
120900144,0,96,-96
120900145,156,643,-487
120900146,2,661,-659
120900147,2,279,-277
120900148,84,102,-18
120900149,1,204,-203
120900150,45,424,-379
120900151,1,447,-446
120900152,0,27,-27
120900153,53,67,-14
120900154,0,197,-197
120900155,159,873,-714
120900156,94,297,-203
120900157,66,232,-166
120900158,60,474,-414
120900159,226,340,-114
120900160,12,548,-536
120900161,38,400,-362
120900162,66,538,-472
120900163,70,550,-480
120900164,9,41,-32
120900165,24,131,-107
120900166,78,403,-325
120900167,211,105,106
120900169,84,243,-159
120900170,906,2062,-1156
120900171,773,246,527
120900172,456,981,-525
120900173,0,67,-67
120900174,6,82,-76
120900175,320,149,171
120900176,13,256,-243
120900177,2,853,-851
120900178,1,311,-310
120900179,948,352,596
120900180,69,152,-83
120900181,101,30,71
120900182,20,241,-221
120900183,423,82,341
120900184,242,51,191
120900185,8,261,-253
120900186,0,381,-381
120900187,376,964,-588
120900188,174,12,162
120900189,74,1064,-990
120900190,74,11,63
120900191,10,37,-27
120900192,6881,5331,1550
120900194,50,69,-19
120900195,80,162,-82
120900196,665,32,633
120900197,579,142,437
120900198,188,397,-209
120900199,271,377,-106
120900200,41,121,-80
120900201,357,105,252
120900202,2,117,-115
120900203,24,58,-34
120900204,135,169,-34
120900205,63,43,20
120900206,20,73,-53
120900207,69,926,-857
121000001,565,815,-250
121000002,1732,971,761
121000003,1967,1462,505
121000004,1989,2346,-357
121000005,1396,2080,-684
121000006,2538,1446,1092
121000007,2004,2313,-309
121000008,3767,2545,1222
121000009,3778,4036,-258
121000010,5965,3902,2063
121000011,6072,8387,-2315
121000012,10959,7224,3735
121000013,3946,5146,-1200
121000014,4964,4399,565
121000015,3179,5634,-2455
121000016,3403,2439,964
121000017,1528,2782,-1254
121000018,1861,1236,625
121000019,11069,9414,1655
121000020,10156,12108,-1952
121000021,2835,2367,468
121000022,1890,2399,-509
121000023,3088,2113,975
121000024,3430,3656,-226
121000025,473,1174,-701
121000026,371,192,179
121000027,1424,1033,391
121000028,644,415,229
121000029,782,544,238
121000030,471,317,154
121000031,501,533,-32
121000032,192,113,79
121000034,452,187,265
121000035,123,127,-4
121000036,939,701,238
121000037,401,524,-123
121000038,399,646,-247
121000039,219,261,-42
121000041,465,319,146
121000042,257,242,15
121000043,605,538,67
121000044,1125,677,448
121000045,315,193,122
121000046,496,669,-173
121000047,173,198,-25
121000049,1109,513,596
121000050,235,924,-689
121000051,559,236,323
121000052,383,522,-139
121000053,318,92,226
121000054,55,372,-317
121000055,955,881,74
121000056,668,925,-257
121000057,432,495,-63
121000058,401,214,187
121000059,1887,1124,763
121000060,582,799,-217
121000061,90,294,-204
121000062,180,303,-123
121000063,772,680,92
121000064,642,683,-41
121000065,444,418,26
121000066,702,494,208
121000067,527,463,64
121000068,558,277,281
121000069,283,424,-141
121000070,1843,1021,822
121000071,1164,1096,68
121000072,1849,569,1280
121000073,1042,766,276
121000074,217,157,60
121000075,40,114,-74
121000076,641,272,369
121000077,131,108,23
121000078,130,154,-24
121000080,1649,531,1118
121000081,1698,2468,-770
121000082,112,312,-200
121000083,216,123,93
121000084,158,154,4
121000085,309,416,-107
121000086,218,689,-471
121000087,55,273,-218
121000088,236,410,-174
121000089,271,349,-78
121000090,363,322,41
121000091,1004,728,276
121000092,145,69,76
121000093,134,189,-55
121000094,441,529,-88
121000095,340,573,-233
121000096,1983,1740,243
121000097,753,1659,-906
121000098,512,788,-276
121000099,578,581,-3
121000100,805,413,392
121000101,311,225,86
121000102,227,270,-43
121000103,182,238,-56
121000104,192,134,58
121000105,421,236,185
121000106,235,271,-36
121000107,1544,2451,-907
121000109,1017,832,185
121000110,246,630,-384
121000114,2453,1796,657
121000115,600,576,24
121000116,205,687,-482
121000117,756,203,553
121000118,1109,186,923
121000119,804,498,306
121000120,235,368,-133
121000121,490,1029,-539
121000123,1256,563,693
121000127,117,84,33
121000128,798,419,379
121000129,678,537,141
121000130,469,626,-157
121000131,1918,1629,289
121000132,1271,1418,-147
121000135,311,374,-63
121000136,897,763,134
121000137,362,274,88
121000138,683,1298,-615
121000139,433,493,-60
121000141,120,110,10
121000142,659,833,-174
121000143,103,34,69
121000144,737,1380,-643
121000145,462,826,-364
121000146,1043,864,179
121000147,788,449,339
121000148,792,848,-56
121000149,1622,1104,518
121000152,422,474,-52
121000153,1546,543,1003
121000154,900,494,406
121000155,1067,925,142
121000156,408,781,-373
121000157,925,1291,-366
121000158,423,477,-54
121000159,193,388,-195
121000160,310,355,-45
121000161,202,209,-7
121000162,76,151,-75
121000165,1237,1661,-424
121000166,23,451,-428
121000168,293,194,99
121000169,85,145,-60
121000170,280,78,202
121000171,48,136,-88
121000172,582,456,126
121000173,954,977,-23
121000174,336,408,-72
121000175,785,280,505
121000176,319,274,45
121000177,756,415,341
121000178,153,43,110
121000179,100,72,28
121000181,394,329,65
121000182,93,181,-88
121000183,102,91,11
121000184,78,78,0
121000185,40,156,-116
121000186,185,379,-194
121000187,124,144,-20
121000188,118,191,-73
121000192,739,423,316
121000193,515,504,11
121000194,1791,1670,121
121000195,200,733,-533
121000196,578,179,399
121000197,165,411,-246
121000198,155,95,60
121000199,77,234,-157
121000200,369,71,298
121000201,4,129,-125
121000202,549,98,451
121000203,654,1410,-756
121000204,1986,503,1483
121000205,110,199,-89
121000206,102,35,67
121000207,1531,259,1272
121000208,5,240,-235
121000209,404,204,200
121000210,495,332,163
121000211,193,95,98
121000212,349,391,-42
121000213,6555,2069,4486
121000214,527,1544,-1017
121000215,799,675,124
121000216,459,574,-115
121000217,2883,2198,685
121000218,367,1188,-821
121000219,1008,359,649
121000220,124,37,87
121000221,91,192,-101
121000222,1966,1775,191
121000223,633,380,253
121000224,533,253,280
121000225,996,1418,-422
121000226,1965,931,1034
121000227,1,53,-52
121000228,13,410,-397
121000229,238,250,-12
121000230,71,1183,-1112
121000231,771,18,753
121000232,405,250,155
121000233,533,329,204
121000234,42,58,-16
121000235,68,86,-18
121000236,12,57,-45
121000237,47,14,33
121000238,5,60,-55
121000239,64,8,56
121000240,8,164,-156
121000241,76,13,63
121000242,85,427,-342
121000243,596,237,359
121000244,19,96,-77
121000245,178,39,139
121000246,1,80,-79
121000247,83,14,69
121000248,1511,565,946
121000249,83,150,-67
121000250,412,204,208
121000251,30,282,-252
121000252,84,49,35
121000253,259,273,-14
121000254,475,163,312
121000255,125,148,-23
121000256,246,124,122
121000257,76,72,4
121000258,124,65,59
121000259,60,30,30
121000260,101,63,38
121000261,59,52,7
121000262,698,447,251
121000263,685,361,324
121000271,211,1128,-917
121000273,32,4,28
121000274,14,28,-14
121000275,3,4,-1
121000276,3,14,-11
121000278,29,19,10
121000279,14,14,0
121000280,23,19,4
121000289,108,5,103
121000290,1072,806,266
121000294,123,96,27
121000297,701,868,-167
121000299,198,367,-169
121000300,663,405,258
121000302,34,807,-773
121000303,405,294,111
121000304,465,55,410
121000305,140,34,106
121000306,60,86,-26
121000308,124,224,-100
121000309,316,380,-64
121000310,64,286,-222
121000311,68,633,-565
121000312,279,198,81
121000313,224,310,-86
121000314,87,110,-23
121000315,54,134,-80
121000530,1133,1032,101
121000531,1253,1363,-110
121000532,5315,6789,-1474
121000533,2608,3066,-458
121000918,51,136,-85
121000919,58,65,-7
121000938,86,195,-109
121000939,135,209,-74
121000956,1060,809,251
121000957,5,8,-3
121000958,39,24,15
121000959,618,556,62
121000960,1063,1331,-268
121000961,231,163,68
121000962,297,473,-176
121000963,0,0,0
121000973,0,116,-116
121000976,22,146,-124
121000979,328,134,194
121000981,463,259,204
121000982,316,109,207
121000983,361,260,101
121000984,30,60,-30
121000985,505,334,171
121000986,209,137,72
121000987,201,650,-449
121000988,590,114,476
121001302,227,91,136
121001308,2,13,-11
121001309,41,71,-30
121001313,133,168,-35
121001314,1516,2086,-570
121001315,3637,2227,1410
121001326,412,318,94
121900001,112,154,-42
121900002,28,39,-11
121900003,348,5,343
121900004,76,249,-173
121900005,33,7,26
121900006,69,16,53
121900007,1436,1565,-129
121900008,306,110,196
121900009,412,14,398
121900010,198,1,197
121900011,122,223,-101
121900012,6,0,6
121900013,1272,138,1134
121900014,820,302,518
121900015,162,145,17
121900016,0,26,-26
121900017,788,330,458
121900018,321,3,318
121900019,393,188,205
121900020,24,0,24
121900021,818,47,771
121900022,194,199,-5
121900023,105,197,-92
121900024,327,92,235
121900025,531,315,216
121900026,268,38,230
121900027,223,84,139
121900028,171,10,161
121900029,58,113,-55
121900030,333,422,-89
121900031,645,4387,-3742
121900032,55,57,-2
121900033,140,148,-8
121900034,209,68,141
121900035,1906,1542,364
121900036,61,296,-235
121900037,120,824,-704
121900038,26,92,-66
121900039,318,52,266
121900040,57,84,-27
121900041,90,143,-53
121900042,270,114,156
121900043,4,11,-7
121900044,112,37,75
121900046,160,251,-91
121900047,127,69,58
121900048,24,73,-49
121900050,25,44,-19
121900051,137,192,-55
121900052,103,23,80
121900053,412,211,201
121900054,370,788,-418
121900055,0,6,-6
121900058,176,98,78
121900059,316,165,151
121900060,162,245,-83
121900062,81,72,9
121900063,811,402,409
121900064,232,347,-115
121900066,52,21,31
121900067,113,35,78
121900069,172,120,52
121900070,147,61,86
121900071,281,186,95
121900072,74,137,-63
121900073,221,178,43
121900074,515,654,-139
121900075,402,356,46
121900076,395,360,35
121900078,62,43,19
121900079,0,0,0
121900080,579,229,350
121900082,75,63,12
121900084,18,119,-101
121900086,17,43,-26
121900087,121,89,32
121900088,1216,1921,-705
121900089,159,259,-100
121900090,54,105,-51
121900091,76,122,-46
121900092,70,70,0
121900093,68,58,10
121900094,17,3,14
121900095,205,133,72
121900096,874,683,191
121900097,425,134,291
121900098,6,0,6
121900099,205,62,143
121900100,192,407,-215
121900101,117,104,13
121900102,3,119,-116
121900103,345,191,154
121900104,1160,318,842
121900105,215,104,111
121900106,1,2,-1
121900107,30,13,17
121900108,0,10,-10
121900109,255,135,120
121900110,449,622,-173
121900111,454,187,267
121900112,186,115,71
121900113,57,296,-239
121900114,57,74,-17
121900117,92,51,41
121900118,1304,482,822
121900119,194,100,94
121900120,51,950,-899
121900121,381,38,343
121900122,33,59,-26
121900123,163,318,-155
121900124,297,110,187
121900125,859,720,139
121900127,17,64,-47
121900128,69,71,-2
121900129,446,146,300
121900130,120,213,-93
121900131,232,100,132
121900132,40,68,-28
121900133,93,976,-883
121900134,32,196,-164
121900135,2351,284,2067
121900136,454,228,226
121900137,38,274,-236
121900138,58,100,-42
121900139,301,497,-196
121900140,82,135,-53
121900141,60,40,20
121900142,128,84,44
121900143,5,95,-90
121900144,137,244,-107
121900145,171,191,-20
121900146,442,576,-134
121900147,78,142,-64
121900148,140,194,-54
121900149,251,444,-193
121900150,69,133,-64
121900151,89,166,-77
121900152,78,81,-3
121900153,96,551,-455
121900154,14,203,-189
121900155,1,87,-86
121900156,133,97,36
121900157,1,272,-271
121900158,73,92,-19
121900159,3,160,-157
121900160,82,236,-154
121900161,317,286,31
121900162,69,114,-45
121900163,160,405,-245
121900164,307,211,96
121900165,306,135,171
121900166,218,122,96
121900167,83,113,-30
121900168,150,240,-90
121900169,3,168,-165
121900170,7,145,-138
121900171,602,415,187
121900172,433,154,279
121900173,611,177,434
121900174,31,56,-25
121900175,109,158,-49
121900176,515,1035,-520
121900177,123,55,68
121900178,33,34,-1
121900179,486,141,345
121900180,2465,2759,-294
121900182,508,255,253
121900183,423,987,-564
121900184,64,511,-447
121900186,9,227,-218
121900187,25,109,-84
121900188,352,237,115
121900189,14,81,-67
121900190,237,347,-110
121900191,169,211,-42
121900192,288,567,-279
121900193,46,159,-113
121900194,6,107,-101
121900195,68,71,-3
121900196,610,744,-134
121900197,350,950,-600
121900198,1007,635,372
121900199,0,31,-31
121900200,59,210,-151
121900201,622,577,45
121900202,102,536,-434
121900203,137,617,-480
121900204,567,882,-315
121900205,23,94,-71
121900206,19,17,2
121900207,83,26,57
121900208,153,166,-13
121900209,60,44,16
121900210,831,728,103
121900211,398,467,-69
121900212,188,102,86
121900213,161,56,105
121900214,8,338,-330
121900215,46,77,-31
121900216,24,104,-80
121900217,195,134,61
121900218,175,320,-145
121900220,104,12,92
121900221,161,401,-240
121900222,155,94,61
121900223,159,50,109
121900224,98,37,61
121900225,100,101,-1
121900226,218,110,108
121900227,200,444,-244
121900228,153,217,-64
121900230,100,113,-13
121900231,259,403,-144
121900232,115,317,-202
121900233,146,173,-27
121900234,246,189,57
121900235,347,148,199
121900236,338,113,225
121900237,204,212,-8
121900238,140,190,-50
121900239,134,25,109
121900240,203,71,132
121900241,45,38,7
121900242,4,0,4
121900243,6,0,6
121900244,24,2,22
121900245,150,54,96
121900246,1557,173,1384
121900248,952,951,1
121900250,199,250,-51
121900251,374,35,339
121900252,397,107,290
121900253,126,605,-479
121900254,455,227,228
121900255,351,96,255
121900258,2533,1693,840
121900259,324,419,-95
121900260,67,126,-59
121900261,158,456,-298
121900262,326,682,-356
121900263,244,204,40
121900264,1295,945,350
121900265,207,174,33
121900266,343,119,224
121900267,66,32,34
121900269,184,512,-328
121900270,23,148,-125
121900271,32,107,-75
121900273,426,1318,-892
121900274,275,163,112
121900277,355,726,-371
121900278,75,627,-552
121900279,83,172,-89
121900280,115,240,-125
121900281,210,168,42
121900284,48,7,41
121900286,94,73,21
121900287,14,16,-2
121900288,2,1,1
121900290,159,282,-123
121900291,313,483,-170
121900292,148,110,38
121900293,885,2151,-1266
121900294,204,3,201
121900295,108,177,-69
121900296,29,63,-34
121900298,190,557,-367
121900299,1,19,-18
121900300,78,6,72
121900301,110,4,106
121900302,1,32,-31
121900303,245,204,41
121900304,4,16,-12
121900305,3,8,-5
121900306,167,0,167
121900307,54,19,35
121900308,13,227,-214
121900309,5,189,-184
121900310,21,378,-357
121900311,395,21,374
121900312,226,30,196
121900313,266,21,245
121900314,3,42,-39
121900315,31,0,31
121900316,0,27,-27
121900317,14,1,13
121900318,0,13,-13
121900319,58,69,-11
121900320,45,51,-6
121900321,5,0,5
121900322,0,17,-17
121900323,22,16,6
121900324,2,39,-37
121900325,13,0,13
121900326,0,11,-11
121900327,5,46,-41
121900328,2,6,-4
121900329,0,93,-93
121900330,0,45,-45
121900331,17,4,13
121900332,45,25,20
121900333,25,3,22
121900334,76,67,9
122000001,1650,3751,-2101
122000002,3236,1257,1979
122000003,1809,2127,-318
122000004,2953,1221,1732
122000005,2032,1599,433
122000006,1470,868,602
122000007,1002,1649,-647
122000008,2580,3582,-1002
122000009,335,371,-36
122000010,1735,2346,-611
122000011,2575,1178,1397
122000012,1087,1493,-406
122000013,1115,770,345
122000014,1305,1016,289
122000015,1163,952,211
122000016,463,763,-300
122000017,994,906,88
122000018,1222,1089,133
122000019,683,882,-199
122000020,173,161,12
122000021,194,371,-177
122000022,999,806,193
122000023,559,1315,-756
122000024,704,1142,-438
122000025,1037,1363,-326
122000026,932,922,10
122000027,554,1662,-1108
122000028,861,370,491
122000029,384,413,-29
122000031,198,258,-60
122000032,1495,1633,-138
122000033,552,1061,-509
122000034,465,468,-3
122000035,262,700,-438
122000036,509,491,18
122000037,313,213,100
122000038,246,295,-49
122000039,156,210,-54
122000040,716,428,288
122000041,400,513,-113
122000042,319,486,-167
122000043,90,116,-26
122000044,123,151,-28
122000045,1140,423,717
122000046,662,571,91
122000047,227,193,34
122000048,2905,3389,-484
122000049,4192,2722,1470
122000050,1130,676,454
122000051,287,268,19
122000052,385,341,44
122000053,192,710,-518
122000054,1923,1520,403
122000055,1907,2579,-672
122000056,3937,2868,1069
122000057,2960,2863,97
122000058,2221,1194,1027
122000059,2319,1600,719
122000060,578,536,42
122000061,388,443,-55
122000062,1056,388,668
122000063,857,594,263
122000064,2634,2396,238
122000065,2912,1970,942
122000066,586,395,191
122000067,1124,922,202
122000068,871,827,44
122000069,889,686,203
122000070,701,1127,-426
122000071,1222,935,287
122000072,217,317,-100
122000073,651,743,-92
122000074,2375,1445,930
122000075,732,1035,-303
122000076,2088,994,1094
122000077,950,760,190
122000078,1807,2254,-447
122000079,1015,1098,-83
122000080,556,354,202
122000081,171,267,-96
122000082,630,684,-54
122000083,1005,1368,-363
122000084,996,622,374
122000085,178,658,-480
122000086,1695,3338,-1643
122000087,267,144,123
122000088,152,241,-89
122000089,3784,1646,2138
122000090,192,296,-104
122000091,177,44,133
122000092,126,19,107
122000093,1500,1490,10
122000094,3821,1862,1959
122000095,1544,2196,-652
122000096,1336,1146,190
122000098,2377,1808,569
122000099,1427,590,837
122000100,877,419,458
122000101,330,646,-316
122000102,1563,1056,507
122000103,1633,1713,-80
122000104,263,152,111
122000105,447,256,191
122000106,432,496,-64
122000107,939,366,573
122000108,374,553,-179
122000109,427,234,193
122000110,390,434,-44
122000111,2216,1006,1210
122000112,772,1070,-298
122000113,610,570,40
122000114,2074,1223,851
122000115,1630,1056,574
122000116,413,435,-22
122000117,1093,285,808
122000118,433,769,-336
122000119,2522,1816,706
122000120,1409,3281,-1872
122000121,1510,2533,-1023
122000122,715,1518,-803
122000123,1345,1449,-104
122000124,710,456,254
122000125,553,567,-14
122000126,439,918,-479
122000127,785,1053,-268
122000128,427,553,-126
122000129,465,912,-447
122000130,2423,1165,1258
122000131,977,929,48
122000132,481,495,-14
122000133,752,1035,-283
122000134,700,735,-35
122000135,612,584,28
122000136,653,503,150
122000137,1060,714,346
122000139,1004,2399,-1395
122000140,862,554,308
122000141,2684,650,2034
122000142,285,554,-269
122000143,283,410,-127
122000144,940,991,-51
122000145,1222,646,576
122000146,1305,983,322
122000147,735,457,278
122000148,1454,1554,-100
122000149,1729,1393,336
122000150,927,795,132
122000151,142,324,-182
122000152,330,361,-31
122000153,315,293,22
122000154,243,239,4
122000155,1656,1935,-279
122000156,1995,2084,-89
122000157,1317,1664,-347
122000158,327,503,-176
122000159,632,1216,-584
122000160,2338,1930,408
122000161,836,823,13
122000162,1402,1480,-78
122000163,225,73,152
122000164,30,71,-41
122000165,737,542,195
122000166,838,804,34
122000167,240,207,33
122000168,183,482,-299
122000169,580,185,395
122000170,280,189,91
122000171,35,66,-31
122000172,1252,1140,112
122000173,1153,1821,-668
122000174,1763,725,1038
122000175,490,208,282
122000176,315,619,-304
122000177,1111,1226,-115
122000178,2120,1786,334
122000179,1282,1895,-613
122000180,1498,1157,341
122000181,1370,2349,-979
122000182,1231,1007,224
122000183,1542,808,734
122000184,2312,1806,506
122000185,1324,1308,16
122000186,458,685,-227
122000187,1434,623,811
122000188,428,158,270
122000189,260,281,-21
122000190,865,884,-19
122000191,658,438,220
122000192,516,236,280
122000193,290,575,-285
122000194,924,302,622
122000195,158,447,-289
122000196,982,563,419
122000197,497,604,-107
122000198,472,730,-258
122000199,220,251,-31
122000200,831,480,351
122000201,1309,1384,-75
122000202,1214,1188,26
122000203,2642,1156,1486
122000204,1135,1689,-554
122000205,1192,1245,-53
122000206,1882,775,1107
122000207,1438,1086,352
122000208,1759,993,766
122000209,1487,325,1162
122000210,1591,1274,317
122000211,1097,980,117
122000212,654,434,220
122000213,958,1070,-112
122000214,1652,1349,303
122000215,1712,1364,348
122000217,1430,1148,282
122000218,575,66,509
122000219,922,740,182
122000220,343,573,-230
122000221,83,355,-272
122000222,172,36,136
122000223,1189,429,760
122000225,608,250,358
122000226,1654,1313,341
122000227,228,1690,-1462
122000228,314,412,-98
122000229,53,435,-382
122000230,72,406,-334
122000231,844,574,270
122000232,542,711,-169
122000233,3,104,-101
122000234,247,73,174
122000235,304,72,232
122000236,1322,158,1164
122000237,65,37,28
122000238,417,381,36
122000239,1034,92,942
122000240,933,463,470
122000241,1393,430,963
122000242,524,116,408
122000243,249,89,160
122000244,57,246,-189
122000245,165,204,-39
122000246,286,139,147
122000247,593,501,92
122000248,699,1136,-437
122000249,1195,733,462
122000250,1750,895,855
122000251,184,253,-69
122000252,459,132,327
122000253,95,250,-155
122000254,199,87,112
122000255,569,1138,-569
122000256,340,663,-323
122000257,191,235,-44
122000258,233,235,-2
122000259,25,337,-312
122000261,15,172,-157
122000262,1,44,-43
122000263,277,97,180
122000264,915,273,642
122000265,1723,773,950
122000266,3449,635,2814
122000267,86,75,11
122000268,118,301,-183
122000269,679,301,378
122000270,520,113,407
122000271,248,771,-523
122000272,369,696,-327
122000273,238,299,-61
122000274,198,140,58
122000275,41,147,-106
122000276,582,413,169
122000277,1031,1342,-311
122000278,1306,670,636
122000279,177,378,-201
122000280,643,362,281
122000281,571,577,-6
122000282,179,619,-440
122000283,261,121,140
122000284,222,92,130
122000285,337,90,247
122000286,36,189,-153
122000287,948,1194,-246
122000288,411,231,180
122000291,1465,567,898
122000293,240,224,16
122000294,155,205,-50
122000295,1077,164,913
122000296,45,509,-464
122000297,1706,2360,-654
122000299,386,265,121
122000300,454,397,57
122000301,6177,2057,4120
122000302,326,808,-482
122000303,1871,955,916
122000304,51,122,-71
122000305,827,403,424
122000306,40,492,-452
122000307,129,177,-48
122000309,82,60,22
122000310,18,117,-99
122000311,210,115,95
122000312,136,164,-28
122000313,138,57,81
122000314,99,190,-91
122000315,150,31,119
122000316,532,169,363
122000317,1015,243,772
122000318,353,420,-67
122000319,175,191,-16
122000320,541,1231,-690
122000321,77,119,-42
122000322,1789,1753,36
122000323,1303,1733,-430
122000324,946,1015,-69
122000325,790,1276,-486
122000326,49,81,-32
122000327,351,548,-197
122000328,559,484,75
122000330,1509,657,852
122000332,167,164,3
122000333,15,110,-95
122000337,966,1008,-42
122000338,343,213,130
122000340,332,343,-11
122000342,1221,797,424
122000343,365,832,-467
122000344,65,21,44
122000345,121,27,94
122000346,270,388,-118
122000348,525,488,37
122000349,140,561,-421
122000351,107,225,-118
122000352,711,213,498
122000353,139,76,63
122000355,148,263,-115
122000356,1019,927,92
122000357,76,29,47
122000358,0,29,-29
122000359,0,18,-18
122000360,0,21,-21
122000362,7,53,-46
122000364,124,250,-126
122000365,2,27,-25
122000366,5,4,1
122000368,432,549,-117
122000370,29,44,-15
122000371,14,0,14
122000372,17,3,14
122000381,87,268,-181
122000382,78,223,-145
122000384,2115,998,1117
122000385,49,0,49
122000386,297,824,-527
122000387,386,553,-167
122000388,926,518,408
122000389,147,511,-364
122000390,388,250,138
122000391,276,251,25
122000392,152,246,-94
122000393,10,40,-30
122000394,432,213,219
122000395,115,109,6
122000396,288,117,171
122000397,24,49,-25
122000398,68,29,39
122000399,149,86,63
122000400,147,459,-312
122000401,318,117,201
122000402,209,95,114
122000403,399,544,-145
122000404,151,164,-13
122000408,703,889,-186
122000503,7,73,-66
122000524,273,120,153
122000544,68,1533,-1465
122000614,377,290,87
122000616,248,2,246
122000640,65,114,-49
122000641,104,243,-139
122000642,915,736,179
122000643,33,122,-89
122000644,100,29,71
122000645,122,142,-20
122000651,1101,774,327
122000664,91,21,70
122000665,1058,529,529
122000666,606,1001,-395
122000673,26,199,-173
122000674,166,68,98
122000675,1448,646,802
122000686,536,696,-160
122000687,1177,241,936
122000688,252,505,-253
122000689,770,309,461
122000690,1569,351,1218
122000691,622,1144,-522
122000692,971,277,694
122000693,268,1073,-805
122000695,245,230,15
122000696,368,158,210
122000698,370,443,-73
122000699,168,39,129
122000701,1204,267,937
122000702,329,810,-481
122000703,120,45,75
122000712,0,6,-6
122000717,51,41,10
122000718,719,1321,-602
122000719,128,65,63
122000720,446,162,284
122000724,316,228,88
122900001,36,15,21
122900002,868,3440,-2572
122900003,277,35,242
122900004,796,32,764
122900005,95,45,50
122900006,421,462,-41
122900007,176,67,109
122900008,278,72,206
122900009,471,251,220
122900010,210,96,114
122900012,209,361,-152
122900014,128,178,-50
122900015,1060,573,487
122900016,109,159,-50
122900017,269,563,-294
122900018,179,11,168
122900019,39,87,-48
122900020,153,244,-91
122900021,42,267,-225
122900024,116,84,32
122900025,10,258,-248
122900026,61,209,-148
122900027,59,493,-434
122900028,88,111,-23
122900029,3212,2119,1093
122900030,728,443,285
122900031,58,202,-144
122900032,85,252,-167
122900033,213,111,102
122900034,3098,3626,-528
122900035,8,15,-7
122900036,55,88,-33
122900037,258,93,165
122900038,64,1775,-1711
122900039,75,408,-333
122900040,223,302,-79
122900041,217,261,-44
122900042,137,228,-91
122900043,280,192,88
122900044,99,216,-117
122900045,78,79,-1
122900046,147,164,-17
122900047,141,139,2
122900048,50,159,-109
122900049,1091,94,997
122900051,82,122,-40
122900052,97,221,-124
122900053,33,21,12
122900055,244,86,158
122900057,175,50,125
122900061,341,118,223
122900062,402,333,69
122900063,115,181,-66
122900064,568,249,319
122900065,248,84,164
122900066,599,437,162
122900067,883,561,322
122900069,470,1027,-557
122900070,269,153,116
122900071,138,257,-119
122900073,30,176,-146
122900074,610,416,194
122900075,0,58,-58
122900076,4,156,-152
122900077,11,138,-127
122900078,141,6,135
122900080,45,54,-9
122900081,118,114,4
122900082,777,219,558
122900083,135,129,6
122900084,16,193,-177
122900086,4,71,-67
122900087,187,471,-284
122900088,40,191,-151
122900089,63,202,-139
122900090,11,264,-253
122900091,192,0,192
122900092,104,195,-91
122900093,0,165,-165
122900094,28,199,-171
122900095,105,16,89
122900096,112,30,82
122900097,12,31,-19
122900098,70,83,-13
122900099,76,15,61
122900100,96,186,-90
122900101,367,197,170
122900102,23,30,-7
122900103,119,6,113
122900104,132,16,116
122900105,5,6,-1
122900106,0,48,-48
122900107,4,100,-96
122900108,5,153,-148
122900109,522,375,147
123000001,1078,352,726
123000002,2741,3954,-1213
123000003,2978,3247,-269
123000004,2573,3377,-804
123000005,1916,2222,-306
123000006,1821,1915,-94
123000007,3187,2259,928
123000008,2304,2508,-204
123000009,3809,2331,1478
123000010,2948,2808,140
123000011,2184,690,1494
123000012,666,1773,-1107
123000013,2542,715,1827
123000014,747,2603,-1856
123000015,2537,831,1706
123000016,3186,3018,168
123000017,2796,1422,1374
123000018,37,96,-59
123000019,231,114,117
123000020,142,76,66
123000021,79,190,-111
123000022,252,1545,-1293
123000023,1238,1313,-75
123000024,1388,641,747
123000025,244,107,137
123000026,37,61,-24
123000027,261,437,-176
123000028,1275,879,396
123000029,1275,1086,189
123000030,172,243,-71
123000031,196,166,30
123000032,315,104,211
123000033,252,130,122
123000034,901,685,216
123000035,301,297,4
123000036,204,711,-507
123000037,307,246,61
123000038,66,218,-152
123000039,385,1108,-723
123000040,602,266,336
123000041,986,924,62
123000042,1002,529,473
123000043,2338,7158,-4820
123000044,3748,2025,1723
123000045,5209,2221,2988
123000046,640,1205,-565
123000047,1408,751,657
123000048,54,633,-579
123000049,4483,6511,-2028
123000050,1047,1131,-84
123000051,78,136,-58
123000052,568,2555,-1987
123000053,1982,2516,-534
123000054,1087,1112,-25
123000055,1070,1587,-517
123000056,1127,1428,-301
123000057,7650,5056,2594
123000058,534,853,-319
123000059,364,419,-55
123000060,632,317,315
123000061,164,589,-425
123000063,580,708,-128
123000064,755,247,508
123000065,4518,2085,2433
123000066,522,481,41
123000067,699,504,195
123000068,2041,2080,-39
123000069,4573,2620,1953
123000070,244,637,-393
123000071,786,732,54
123000072,912,707,205
123000073,984,648,336
123000074,901,870,31
123000075,365,846,-481
123000076,739,490,249
123000077,1963,1922,41
123000078,1363,1404,-41
123000079,1162,1432,-270
123000080,1773,1306,467
123000081,160,287,-127
123000082,282,850,-568
123000083,657,199,458
123000084,577,587,-10
123000085,258,76,182
123000086,380,178,202
123000087,271,233,38
123000088,1342,677,665
123000089,508,853,-345
123000090,1015,781,234
123000091,1288,1141,147
123000092,897,967,-70
123000094,393,187,206
123000095,514,509,5
123000096,541,311,230
123000097,384,522,-138
123000098,626,482,144
123000099,497,529,-32
123000100,392,553,-161
123000101,497,543,-46
123000102,444,589,-145
123000104,296,362,-66
123000105,497,440,57
123000106,450,346,104
123000107,355,464,-109
123000108,558,765,-207
123000111,629,264,365
123000112,931,436,495
123000113,517,898,-381
123000114,391,610,-219
123000115,281,243,38
123000116,40,111,-71
123000117,1616,1261,355
123000118,363,572,-209
123000119,202,656,-454
123000120,306,624,-318
123000121,470,640,-170
123000122,273,250,23
123000123,362,447,-85
123000124,402,452,-50
123000125,862,905,-43
123000126,1051,2875,-1824
123000127,625,557,68
123000128,176,268,-92
123000129,561,168,393
123000130,470,85,385
123000131,668,538,130
123000132,277,522,-245
123000133,151,381,-230
123000134,252,141,111
123000135,1765,899,866
123000136,221,538,-317
123000137,99,198,-99
123000138,87,277,-190
123000139,460,102,358
123000140,97,492,-395
123000141,571,142,429
123000142,802,827,-25
123000143,1342,1759,-417
123000144,66,10,56
123000147,203,102,101
123000149,298,317,-19
123000150,136,255,-119
123000151,249,391,-142
123000152,72,182,-110
123000153,263,490,-227
123000154,927,1245,-318
123000155,1364,574,790
123000156,49,101,-52
123000157,542,664,-122
123000158,489,653,-164
123000159,2364,2074,290
123000160,815,624,191
123000161,1258,819,439
123000162,749,1316,-567
123000163,390,85,305
123000164,787,172,615
123000165,275,716,-441
123000167,1,111,-110
123000168,228,192,36
123000169,560,83,477
123000170,109,107,2
123000171,463,22,441
123000172,543,563,-20
123000173,516,359,157
123000174,940,422,518
123000175,689,960,-271
123000176,572,182,390
123000177,268,564,-296
123000178,613,143,470
123000179,56,403,-347
123000180,1025,219,806
123000181,171,880,-709
123000182,157,259,-102
123000183,65,203,-138
123000184,103,416,-313
123000185,502,255,247
123000186,3,491,-488
123000187,505,6,499
123000188,256,2,254
123000189,106,120,-14
123000190,40,66,-26
123000192,17,387,-370
123000193,73,729,-656
123000194,201,132,69
123000195,261,38,223
123000196,278,28,250
123000197,57,129,-72
123000198,17,501,-484
123000199,15,470,-455
123000200,319,9,310
123000201,455,12,443
123000202,14,807,-793
123000203,716,56,660
123000204,96,857,-761
123000205,424,1286,-862
123000206,1322,138,1184
123000207,269,884,-615
123000208,638,192,446
123000209,2596,776,1820
123000210,659,2332,-1673
123000211,531,1780,-1249
123000212,2037,455,1582
123000213,674,81,593
123000215,79,166,-87
123000216,116,466,-350
123000217,200,35,165
123000218,49,490,-441
123000219,630,54,576
123000220,447,80,367
123000221,201,99,102
123000222,260,253,7
123000223,220,178,42
123000224,357,344,13
123000225,197,60,137
123000226,45,224,-179
123000227,69,219,-150
123000228,227,54,173
123000229,858,1038,-180
123000232,120,411,-291
123000233,585,120,465
123000234,107,457,-350
123000235,772,264,508
123000236,217,554,-337
123000237,269,74,195
123000238,75,304,-229
123000239,379,882,-503
123000240,23,355,-332
123000241,502,62,440
123000242,91,155,-64
123000243,582,890,-308
123000244,1041,631,410
123000245,40,152,-112
123000249,279,433,-154
123000252,609,193,416
123000253,859,408,451
123000254,532,800,-268
123000255,893,852,41
123000256,34,154,-120
123000257,2187,1353,834
123000258,817,638,179
123000259,334,349,-15
123000260,476,258,218
123000261,147,104,43
123000263,273,215,58
123000264,158,155,3
123000265,74,105,-31
123000266,517,529,-12
123000267,394,301,93
123000268,52,59,-7
123000269,158,73,85
123000270,120,85,35
123000271,64,80,-16
123000272,649,309,340
123000273,170,560,-390
123000274,1028,371,657
123000275,275,692,-417
123000278,2440,1959,481
123000279,100,75,25
123000280,387,318,69
123000281,286,88,198
123000282,95,219,-124
123000283,50,59,-9
123000284,56,54,2
123000286,266,222,44
123000287,632,356,276
123000288,1089,406,683
123000289,380,571,-191
123000291,213,655,-442
123000294,222,279,-57
123000295,1024,894,130
123000296,662,599,63
123000297,623,509,114
123000298,882,743,139
123000299,282,328,-46
123000300,729,765,-36
123000301,89,204,-115
123000302,89,154,-65
123000303,82,175,-93
123000305,769,759,10
123000306,121,116,5
123000309,34,45,-11
123000310,44,54,-10
123000311,6,77,-71
123000312,377,553,-176
123000313,417,273,144
123000315,117,232,-115
123000316,771,234,537
123000317,334,116,218
123000318,116,236,-120
123000329,9,8,1
123000337,1149,452,697
123000338,306,52,254
123000339,199,147,52
123000340,230,478,-248
123000342,18,104,-86
123000343,36,10,26
123000344,1059,410,649
123000345,268,533,-265
123000346,305,51,254
123000352,861,668,193
123000353,27,109,-82
123000354,198,11,187
123000355,0,237,-237
123000356,276,5,271
123000357,1,87,-86
123000359,5,94,-89
123000360,139,47,92
123000361,167,199,-32
123000362,246,91,155
123000363,42,94,-52
123000364,397,360,37
123000365,12,268,-256
123000366,372,1484,-1112
123000367,248,732,-484
123000370,40,253,-213
123000371,511,38,473
123000372,267,19,248
123000373,6,279,-273
123000374,57,131,-74
123000375,536,29,507
123000376,843,699,144
123000377,250,12,238
123000378,7,138,-131
123000379,2,126,-124
123000380,40,350,-310
123000381,91,73,18
123000382,720,73,647
123000383,128,912,-784
123000384,424,90,334
123000385,113,367,-254
123000436,53,708,-655
123000507,132,230,-98
123000508,193,737,-544
123000517,241,26,215
123000518,32,208,-176
123000519,139,46,93
123000520,56,179,-123
123000521,315,63,252
123000522,170,319,-149
123000541,4,1,3
123000542,0,9,-9
123000565,696,53,643
123000566,233,446,-213
123000567,197,238,-41
123000573,28,540,-512
123000574,429,58,371
123000575,815,779,36
123000576,563,1016,-453
123000577,36,467,-431
123000578,365,45,320
123000579,1854,3853,-1999
123000580,223,63,160
123000582,287,47,240
123000583,10,242,-232
123000584,113,228,-115
123000585,0,98,-98
123000586,91,0,91
123000596,342,210,132
123000597,86,161,-75
123000602,43,10,33
123000603,478,376,102
123000604,423,571,-148
123000605,674,17,657
123000606,2,343,-341
123000609,16,241,-225
123000610,160,85,75
123000613,50,176,-126
123000614,155,40,115
123000615,43,145,-102
123000616,409,49,360
123000617,77,345,-268
123000618,66,395,-329
123000619,366,33,333
123000620,23,270,-247
123000622,298,17,281
123000624,118,72,46
123000630,954,327,627
123000631,195,943,-748
123000632,660,594,66
123000633,1,233,-232
123000634,43,97,-54
123000635,80,95,-15
123000636,41,297,-256
123000637,168,21,147
123000638,427,21,406
123000639,690,2670,-1980
123000640,45,457,-412
123000648,290,99,191
123000649,93,438,-345
123000650,49,42,7
123000651,17,83,-66
123900001,864,37,827
123900002,16,923,-907
123900003,219,291,-72
123900005,156,118,38
123900006,252,33,219
124000001,1081,99,982
124000002,64,845,-781
124000003,627,127,500
124000004,80,418,-338
124000005,618,208,410
124000006,179,723,-544
124000007,320,96,224
124000008,11,410,-399
124000009,521,196,325
124000010,156,367,-211
124000011,690,201,489
124000012,218,353,-135
124000017,137,111,26
124000018,85,46,39
124000019,106,97,9
124000020,36,118,-82
124000021,88,69,19
124000022,89,121,-32
124000023,695,246,449
124000024,105,199,-94
124000025,574,529,45
124000026,208,238,-30
124000027,1418,1007,411
124000028,1816,1053,763
124000031,1043,1838,-795
124000032,1582,768,814
124000033,777,445,332
124000034,478,837,-359
124000035,214,167,47
124000036,123,392,-269
124000037,342,947,-605
124000038,42,84,-42
124000039,684,458,226
124000040,421,790,-369
124000041,361,77,284
124000042,136,326,-190
124000043,77,90,-13
124000044,52,164,-112
124000045,622,418,204
124000046,232,492,-260
124000047,1096,637,459
124000048,785,895,-110
124000049,1245,471,774
124000050,605,1115,-510
124000051,656,423,233
124000052,526,627,-101
124000053,428,1132,-704
124000054,832,390,442
124000055,1185,1775,-590
124000056,1655,1245,410
124000057,872,462,410
124000058,384,962,-578
124000059,456,907,-451
124000060,832,530,302
124000061,1288,4094,-2806
124000062,2699,1430,1269
124000063,1038,1425,-387
124000064,1748,1138,610
124000065,14,37,-23
124000066,160,58,102
124000067,178,96,82
124000068,62,154,-92
124000069,473,144,329
124000070,193,285,-92
124000071,178,42,136
124000072,26,32,-6
124000073,400,89,311
124000074,201,462,-261
124000075,209,42,167
124000076,12,106,-94
124000077,1241,638,603
124000078,2125,1104,1021
124000079,328,1034,-706
124000080,393,147,246
124000081,224,334,-110
124000082,67,151,-84
124000083,92,108,-16
124000084,118,322,-204
124000085,75,76,-1
124000086,187,59,128
124000088,90,257,-167
124000089,625,253,372
124000090,148,257,-109
124000091,498,101,397
124000092,132,517,-385
124000093,111,74,37
124000094,148,315,-167
124000095,81,93,-12
124000096,113,157,-44
124000097,93,182,-89
124000098,72,93,-21
124000099,176,76,100
124000100,52,105,-53
124000101,50,80,-30
124000102,91,53,38
124000103,83,105,-22
124000104,77,48,29
124000105,61,77,-16
124000106,145,44,101
124000107,7,117,-110
124000108,57,16,41
124000109,133,139,-6
124000110,253,101,152
124000111,170,105,65
124000112,537,569,-32
124000113,61,98,-37
124000114,229,296,-67
124000115,363,511,-148
124000116,103,154,-51
124000117,60,79,-19
124000118,30,68,-38
124000119,602,323,279
124000120,351,369,-18
124000121,1046,513,533
124000122,456,1012,-556
124000123,822,418,404
124000124,294,753,-459
124000125,345,440,-95
124000126,200,456,-256
124000127,686,278,408
124000128,478,734,-256
124000129,1742,1289,453
124000130,661,516,145
124000131,739,496,243
124000132,711,621,90
124000133,822,587,235
124000134,378,321,57
124000135,1735,1341,394
124000136,717,609,108
124000137,1141,706,435
124000138,1213,1191,22
124000139,814,56,758
124000140,93,379,-286
124000141,555,39,516
124000142,42,394,-352
124000143,114,18,96
124000144,14,159,-145
124000145,171,35,136
124000146,43,74,-31
124000148,53,102,-49
124000149,1065,414,651
124000150,302,542,-240
124000151,573,159,414
124000152,463,820,-357
124000153,721,600,121
124000154,323,526,-203
124000155,1117,770,347
124000156,1230,748,482
124000169,182,256,-74
124000170,325,365,-40
124000171,210,138,72
124000172,273,366,-93
124000173,387,187,200
124000174,309,317,-8
124000175,10,74,-64
124000176,30,9,21
124000177,17,30,-13
124000178,50,28,22
124000185,33,7,26
124000186,4,43,-39
124000187,1,47,-46
124000188,67,10,57
124000190,81,45,36
124000191,105,224,-119
124000192,1169,249,920
124000193,480,618,-138
124000194,380,369,11
124000195,234,508,-274
124000196,1035,897,138
124000197,48,36,12
124000198,21,38,-17
124000201,238,611,-373
124000202,509,46,463
124000203,218,344,-126
124000204,615,9,606
124000205,128,338,-210
124000206,743,49,694
124000207,0,41,-41
124000209,216,242,-26
124000210,399,130,269
124000211,542,2,540
124000212,0,214,-214
124000213,309,228,81
124000214,295,479,-184
124000215,271,27,244
124000216,0,245,-245
124000329,12,562,-550
124000338,190,811,-621
124000339,672,88,584
124000341,1163,94,1069
124000344,35,3,32
124000357,1508,2647,-1139
124000358,1110,1829,-719
124000359,886,736,150
124000360,677,449,228
124000361,1157,612,545
124000362,933,1048,-115
124000363,232,338,-106
124000364,574,708,-134
124000365,531,882,-351
124000366,1290,1147,143
124000367,97,304,-207
124000368,433,319,114
124000369,114,98,16
124000370,55,395,-340
124000402,37,11,26
124000403,101,28,73
124000404,11,79,-68
124000405,860,691,169
124000406,581,588,-7
124000407,4,36,-32
124000411,6,159,-153
124000412,420,9,411
124000413,198,44,154
124000414,55,97,-42
124000415,46,84,-38
124000416,138,223,-85
124000417,146,61,85
124000418,142,73,69
124000419,77,112,-35
124000420,65,75,-10
124000421,21,153,-132
124000422,28,16,12
124000423,98,26,72
124000424,4,116,-112
124000425,94,9,85
124000426,7,132,-125
124000427,141,11,130
124000428,17,56,-39
124000429,57,39,18
124000430,352,136,216
124000431,212,327,-115
124000432,196,554,-358
124000439,4,5,-1
124000443,0,7,-7
124000445,383,768,-385
124000446,874,255,619
124000447,45,120,-75
124000448,82,14,68
124000449,105,8,97
124000450,20,140,-120
124000451,3,66,-63
124000452,244,76,168
124000453,2129,3493,-1364
124000454,1397,3156,-1759
124900001,447,344,103
124900002,104,221,-117
124900003,699,252,447
124900004,581,268,313
124900005,170,108,62
124900006,541,262,279
124900008,1168,606,562
124900009,127,249,-122
124900010,135,95,40
124900011,362,220,142
124900012,332,101,231
124900013,601,175,426
124900014,506,81,425
124900015,124,230,-106
124900016,89,59,30
124900017,443,1007,-564
124900018,210,14,196
124900020,60,34,26
124900021,245,35,210
124900024,200,8,192
124900026,117,1,116
124900027,113,332,-219
124900028,264,50,214
124900030,8,70,-62
124900031,33,156,-123
124900033,113,165,-52
124900035,134,243,-109
124900036,9,57,-48
124900037,147,163,-16
124900039,1,65,-64
124900040,24,84,-60
124900042,127,35,92
124900043,208,685,-477
124900044,84,3,81
124900045,457,672,-215
124900047,574,325,249
124900050,316,310,6
124900052,101,237,-136
124900053,272,548,-276
124900054,579,502,77
124900055,10,187,-177
124900057,12,115,-103
124900060,525,350,175
124900061,130,14,116
124900062,221,17,204
124900066,2,180,-178
124900067,14,246,-232
124900068,222,351,-129
124900070,81,293,-212
124900072,304,42,262
124900075,371,454,-83
124900076,61,1338,-1277
124900077,127,210,-83
124900078,56,7,49
124900080,409,681,-272
124900081,840,278,562
124900082,469,910,-441
124900083,472,893,-421
124900085,1548,977,571
124900086,36,1023,-987
124900087,1335,83,1252
124900088,881,219,662
124900089,1421,133,1288
124900090,229,170,59
124900091,258,261,-3
124900092,175,173,2
124900093,228,107,121
124900094,277,184,93
124900095,78,316,-238
124900096,359,180,179
124900097,233,55,178
124900098,105,210,-105
124900099,360,331,29
124900100,235,40,195
124900101,78,65,13
124900102,179,16,163
124900103,100,185,-85
124900104,61,125,-64
124900105,122,71,51
124900106,240,41,199
124900107,83,12,71
124900108,272,106,166
124900111,7,184,-177
124900112,150,496,-346
124900113,72,208,-136
124900114,132,122,10
124900115,58,32,26
124900116,144,103,41
124900117,261,138,123
124900118,157,221,-64
124900119,280,90,190
124900120,48,276,-228
124900121,220,170,50
124900122,157,179,-22
124900123,351,326,25
124900124,312,389,-77
124900125,62,2,60
124900126,0,47,-47
204000001,92,8,84
204000002,23,6,17
204000003,20,4,16
204000004,8,1,7
204000005,648,529,119
204000006,1005,1128,-123
204000011,26,38,-12
204000012,58,77,-19
204000019,530,439,91
204000020,502,441,61
204000021,1031,553,478
204000022,476,385,91
204000023,531,616,-85
204000031,88,8,80
204000032,344,22,322
204000034,26,113,-87
204000035,0,3,-3
204000036,2,4,-2
204000037,2,20,-18
204000038,2,13,-11
204000039,4,18,-14
204000040,5,17,-12
204000041,11,13,-2
204000042,22,9,13
204000043,35,2,33
204000044,16,2,14
204000045,30,5,25
204000046,3,4,-1
204000057,2,2,0
204000062,30,86,-56
204000068,28,249,-221
204000069,30,289,-259
204000070,64,75,-11
204000080,52,68,-16
204000085,1909,1365,544
204000086,2074,1479,595
204000087,36,10,26
204000088,3,88,-85
204000090,62,204,-142
204000093,274,53,221
204000096,661,1080,-419
204000097,299,25,274
204000099,905,1235,-330
204000100,1224,1813,-589
204000105,1984,1088,896
204000110,450,841,-391
204000111,429,452,-23
204000112,636,492,144
204000113,422,483,-61
204000114,453,471,-18
204000115,447,225,222
204000116,582,467,115
204000119,1651,2146,-495
204000132,582,255,327
204000133,766,172,594
204000134,165,66,99
204000135,576,64,512
204000136,836,184,652
204000138,438,364,74
204000140,225,173,52
204000141,130,88,42
204000144,15,21,-6
204000145,368,25,343
204000146,17,293,-276
204000147,31,118,-87
204000148,225,22,203
204000154,5,2,3
204000155,4,1,3
204000177,68,40,28
204000179,32,6,26
204000180,0,38,-38
204000222,0,3,-3
204000235,15,7,8
204000236,55,212,-157
204000238,25,32,-7
204000240,283,51,232
204000263,614,847,-233
204000268,841,585,256
204000308,145,24,121
204000317,10,43,-33
204000322,6,36,-30
204000323,5,6,-1
204000328,203,65,138
204000329,73,178,-105
204000330,114,81,33
204000331,105,102,3
205000001,735,1489,-754
205000013,2,53,-51
205000014,3,61,-58
205000015,26,126,-100
205000016,9,99,-90
205000017,25,63,-38
205000022,314,769,-455
205000025,1252,1013,239
205000029,196,9,187
205000045,120,506,-386
205000046,96,615,-519
205000047,50,355,-305
205000048,331,949,-618
205000049,177,771,-594
205000050,750,277,473
205000059,1,152,-151
205000060,0,93,-93
205000061,0,58,-58
205000062,7,74,-67
205000063,10,104,-94
205000064,14,72,-58
205000065,63,372,-309
205000066,97,566,-469
205000067,26,604,-578
205000069,210,18,192
205000082,190,131,59
205000110,86,229,-143
205000111,250,252,-2
205000112,168,167,1
205000113,148,305,-157
205000121,180,47,133
205000123,27,184,-157
205000126,387,68,319
205000127,689,131,558
205000128,410,68,342
205000129,554,56,498
205000130,212,38,174
205000131,149,6,143
205000132,201,1,200
205000133,112,1,111
205000134,242,0,242
205000137,37,134,-97
205000138,96,247,-151
205000139,28,99,-71
205000144,84,68,16
205000145,232,119,113
205000151,111,33,78
205000152,193,20,173
205000153,226,25,201
205000154,74,23,51
205000155,89,4,85
205000207,6,131,-125
205000233,50,2,48
205000234,0,1,-1
205000243,0,0,0
205000244,1,4,-3
205000245,11,116,-105
205000249,1,20,-19
205000250,4,0,4
205000264,9,73,-64
206000027,1,3,-2
206000028,2,1,1
206000043,5,43,-38
206000053,1,1,0
206000054,9,19,-10
206000055,0,14,-14
206000075,8,11,-3
206000076,12,9,3
206000077,9,9,0
206000078,18,10,8
206000079,25,3,22
206000082,290,40,250
206000100,26,293,-267
206000103,8,8,0
206000104,14,22,-8
206000105,10,8,2
206000106,10,10,0
206000125,51,0,51
206000157,36,342,-306
206000170,2,119,-117
206000171,1,145,-144
206000172,9,215,-206
206000173,4,131,-127
206000174,10,45,-35
206000175,2,64,-62
206000176,11,88,-77
206000177,1,86,-85
206000178,3,119,-116
206000179,1,59,-58
206000180,4,80,-76
206000181,3,92,-89
206000182,15,76,-61
206000183,20,283,-263
206000184,7,200,-193
206000185,8,68,-60
206000186,48,562,-514
206000223,7,149,-142
206000226,13,3,10
206000227,19,3,16
206000237,26,202,-176
206000238,23,373,-350
206000239,201,1304,-1103
206000240,1,52,-51
206000241,0,61,-61
206000242,1,119,-118
206000243,8,101,-93
206000244,44,306,-262
206000245,493,43,450
206000246,151,16,135
206000247,163,8,155
206000248,232,24,208
206000252,38,35,3
206000258,18,26,-8
206000315,30,7,23
206000317,402,82,320
206000318,415,41,374
206000319,924,62,862
206000320,133,25,108
206000321,147,3,144
206000322,331,13,318
206000323,106,3,103
206000324,98,2,96
206000325,115,11,104
206000326,96,11,85
206000327,150,18,132
206000328,125,4,121
206000329,193,9,184
206000330,42,4,38
206000331,158,1,157
206000332,24,2,22
206000333,381,3,378
206000334,213,1,212
206000335,0,10,-10
206000361,7,120,-113
206000392,4,13,-9
206000405,103,2,101
206000441,19,18,1
206000498,35,1,34
206000515,48,23,25
206000530,226,35,191
206000531,121,128,-7
206000532,1428,203,1225
206000535,175,1210,-1035
206000536,12,117,-105
206000537,14,100,-86
206000613,1112,184,928
206000784,346,24,322
207000001,142,502,-360
207000002,84,280,-196
207000003,120,145,-25
207000007,742,194,548
207000008,60,8,52
207000009,48,36,12
207000010,332,304,28
207000012,262,176,86
207000015,196,925,-729
207000019,193,76,117
207000021,447,129,318
207000022,139,108,31
207000023,217,37,180
207000024,2,14,-12
207000025,16,77,-61
207000026,47,35,12
207000027,21,61,-40
207000028,77,145,-68
207000029,171,310,-139
207000033,169,369,-200
207000034,232,54,178
207000039,288,109,179
207000040,295,75,220
207000041,46,21,25
207000042,120,59,61
207000043,215,165,50
207000051,106,174,-68
207000052,17,97,-80
207000053,353,450,-97
207000054,47,70,-23
207000055,161,98,63
207000056,289,247,42
207000057,141,229,-88
207000058,167,201,-34
207000059,98,392,-294
207000060,76,160,-84
207000061,190,388,-198
207000062,318,40,278
207000063,301,107,194
207000064,307,91,216
207000065,286,178,108
207000066,170,139,31
207000067,45,89,-44
207000068,112,77,35
207000069,579,293,286
207000082,7,159,-152
207000083,82,202,-120
207000084,218,237,-19
207000085,158,17,141
207000086,149,1,148
207000106,40,37,3
207000107,38,12,26
207000108,49,4,45
207000109,47,14,33
207000110,54,60,-6
207000111,91,67,24
207000112,111,557,-446
207000114,25,34,-9
207000115,30,58,-28
207000116,20,256,-236
207000117,9,60,-51
207000118,12,58,-46
207000119,42,52,-10
207000123,136,21,115
207000124,69,16,53
207000125,38,27,11
207000126,75,49,26
207000134,58,132,-74
207000135,18,163,-145
207000148,48,244,-196
207000149,52,47,5
207000152,137,295,-158
207000153,721,1064,-343
207000154,335,138,197
207000159,80,104,-24
207000160,88,273,-185
207000238,1,185,-184
207000242,3,142,-139
207000248,43,36,7
207000249,118,31,87
207000250,474,55,419
207000251,86,73,13
207000252,86,50,36
207000278,82,70,12
207000279,28,129,-101
207000280,469,48,421
207000281,109,700,-591
207000282,158,120,38
207000283,89,220,-131
207000284,63,149,-86
207000285,65,54,11
207000291,19,83,-64
207000304,110,47,63
207000306,75,276,-201
207000310,43,56,-13
207000353,356,5,351
207000356,25,25,0
207000357,10,14,-4
207000358,10,31,-21
207000415,14,156,-142
207000417,41,11,30
207000418,85,127,-42
207000438,0,0,0
207000439,639,574,65
207000446,149,10,139
207000460,31,6,25
207000466,130,109,21
207000467,192,72,120
207000468,33,229,-196
207000476,9,37,-28
207000477,505,56,449
207000478,1,30,-29
207000523,0,22,-22
207000524,61,0,61
207000527,97,125,-28
207000530,356,6,350
207000531,231,8,223
207000532,62,18,44
207000534,352,60,292
207000535,33,215,-182
207000537,14,74,-60
207000540,8,104,-96
207000541,3,265,-262
207000548,14,185,-171
207000549,260,17,243
207000561,120,139,-19
207000562,49,109,-60
207000567,145,216,-71
207000568,216,62,154
207000569,369,478,-109
207000584,234,154,80
207000585,61,254,-193
207000587,141,33,108
207000616,1,83,-82
207000617,157,2,155
207000624,61,31,30
207000631,9,66,-57
207900008,187,124,63
208000001,531,972,-441
208000002,669,428,241
208000003,1156,373,783
208000004,1078,602,476
208000005,11,11,0
208000019,461,957,-496
208000020,145,464,-319
208000021,263,281,-18
208000022,1029,379,650
208000028,898,882,16
208000033,534,390,144
208000034,945,988,-43
208000037,202,8,194
208000040,139,114,25
208000041,718,425,293
208000042,1025,499,526
208000047,108,166,-58
208000064,1917,1223,694
208000066,1449,2325,-876
208000070,256,328,-72
208000071,284,650,-366
208000072,272,992,-720
208000080,322,271,51
208000081,375,124,251
208000082,244,212,32
208000083,102,308,-206
208000084,21,17,4
208000085,686,473,213
208000086,360,948,-588
208000087,270,677,-407
208000089,1074,292,782
208000090,862,474,388
208000093,135,143,-8
208000094,459,278,181
208000095,565,460,105
208000104,716,764,-48
208000105,559,900,-341
208000114,113,258,-145
208000115,435,260,175
208000116,473,855,-382
208000117,88,153,-65
208000118,88,104,-16
208000155,522,931,-409
208000158,1141,3027,-1886
208000186,3132,3932,-800
208000204,582,814,-232
208000205,1058,776,282
208000282,4860,2803,2057
209000004,282,133,149
209000005,43,24,19
209000006,313,153,160
209000007,159,261,-102
209000010,338,76,262
209000011,141,208,-67
209000012,145,104,41
209000013,192,169,23
209000014,385,597,-212
209000025,288,41,247
209000026,477,120,357
209000027,433,519,-86
209000028,255,417,-162
209000029,348,434,-86
209000030,402,762,-360
209000031,1779,1465,314
209000034,116,224,-108
209000035,124,213,-89
209000036,184,121,63
209000037,289,270,19
209000038,117,177,-60
209000039,60,131,-71
209000040,219,366,-147
209000041,137,367,-230
209000042,203,384,-181
209000043,549,857,-308
209000044,199,657,-458
209000045,1376,387,989
209000046,467,398,69
209000047,351,144,207
209000048,478,245,233
209000049,109,88,21
209000050,250,131,119
209000051,264,249,15
209000052,169,181,-12
209000062,37,66,-29
209000063,30,55,-25
209000064,30,60,-30
209000065,92,34,58
209000066,63,28,35
209000067,90,39,51
209000080,14,172,-158
209000082,79,52,27
209000091,30,82,-52
209000093,37,17,20
209000094,163,168,-5
209000110,48,111,-63
209000111,366,998,-632
209000112,669,437,232
209000113,1132,351,781
209000114,433,323,110
209000115,55,88,-33
209000116,479,247,232
209000118,11,41,-30
209000119,19,13,6
209000121,110,314,-204
209000135,67,220,-153
209000142,589,982,-393
209000143,51,35,16
209000144,56,85,-29
209000229,250,135,115
209000240,26,163,-137
209000259,78,89,-11
209000260,21,638,-617
209000261,3,350,-347
209000262,1,291,-290
209000263,0,126,-126
209000264,0,89,-89
209000265,331,0,331
209000266,73,2,71
209000267,769,9,760
209000268,561,36,525
210000037,84,20,64
210000047,53,24,29
210000048,73,24,49
210000049,48,6,42
210000052,49,52,-3
210000053,34,38,-4
210000054,88,57,31
210000070,115,4,111
210000071,60,1,59
210000072,22,0,22
210000073,0,20,-20
210000074,0,106,-106
210000075,4,117,-113
210000076,7,131,-124
210000077,6,40,-34
210000078,30,26,4
210000079,22,16,6
210000080,61,57,4
210000081,144,30,114
210000082,185,3,182
210000083,48,1,47
210000084,36,0,36
210000085,1,51,-50
210000086,1,66,-65
210000099,25,188,-163
210000100,48,132,-84
210000101,55,136,-81
210000105,22,144,-122
210000159,1,157,-156
210000163,141,192,-51
210000164,291,183,108
210000168,123,52,71
210000187,0,16,-16
210000188,0,12,-12
210000214,27,0,27
210000219,38,46,-8
210000220,77,39,38
210000232,4,14,-10
210000233,40,66,-26
210000234,13,114,-101
210000235,61,60,1
210000245,0,35,-35
210000246,20,0,20
210000258,4,66,-62
210000259,327,80,247
210000282,101,199,-98
210000285,0,109,-109
210000286,24,117,-93
210000290,5,21,-16
210000295,46,102,-56
210000296,29,23,6
210000320,157,39,118
210000321,134,45,89
210000338,70,39,31
210000339,258,875,-617
210000340,89,289,-200
210000341,162,247,-85
210000342,138,152,-14
210000343,150,173,-23
210000344,162,113,49
210000345,154,161,-7
210000346,52,80,-28
210000347,124,24,100
210000348,83,16,67
210000349,49,17,32
210000350,132,58,74
210000351,114,90,24
210000352,57,58,-1
210000353,71,86,-15
210000354,86,74,12
210000355,63,84,-21
210000356,66,42,24
210000357,59,27,32
210000358,187,93,94
210000359,93,96,-3
210000360,112,119,-7
210000361,142,126,16
210000362,256,178,78
210000363,647,245,402
210000364,91,96,-5
210000365,109,68,41
210000366,109,36,73
210000367,67,15,52
210000368,103,27,76
210000369,25,22,3
210000370,32,40,-8
210000372,25,36,-11
210000373,26,22,4
210000374,50,26,24
210000375,45,71,-26
210000376,66,116,-50
210000404,49,102,-53
210000439,22,32,-10
210000472,85,3,82
210000482,71,89,-18
210000564,298,200,98
210000567,1,31,-30
210000568,264,4,260
211000092,26,52,-26
211000094,31,5,26
211000169,155,8,147
211000172,4,189,-185
211000209,0,12,-12
211000226,9,32,-23
211000270,21,13,8
211000275,24,16,8
211000276,45,16,29
211000279,10,32,-22
211000281,25,23,2
211000302,23,59,-36
211507980,3,31,-28
211977296,52,1,51
212000003,103,43,60
212000004,19,31,-12
212000005,30,25,5
212000006,26,35,-9
212000008,160,102,58
212000009,24,87,-63
212000012,76,64,12
212000013,22,43,-21
212000014,245,170,75
212000015,317,236,81
212000016,451,425,26
212000027,501,380,121
212000028,284,373,-89
212000029,199,228,-29
212000030,48,25,23
212000031,72,55,17
212000048,21,118,-97
212000049,14,88,-74
212000050,9,9,0
212000051,193,157,36
212000052,191,199,-8
212000053,385,391,-6
212000054,223,106,117
212000055,219,199,20
212000056,19,30,-11
212000057,17,9,8
212000058,198,33,165
212000070,98,166,-68
212000077,97,428,-331
212000099,165,256,-91
212000108,121,119,2
212000111,167,104,63
212000120,101,43,58
212000138,122,23,99
212000156,6,72,-66
212000158,9,17,-8
212000159,354,54,300
212000160,514,283,231
212000161,66,9,57
212000310,34,26,8
212000311,16,67,-51
212000374,26,14,12
213000001,38,245,-207
213000005,285,130,155
213000006,873,234,639
213000007,116,15,101
213000009,792,479,313
213000010,152,306,-154
213000011,214,94,120
213000012,137,235,-98
213000014,97,12,85
213000015,254,6,248
213000016,354,0,354
213000017,87,2,85
213000018,1,115,-114
213000019,0,155,-155
213000020,88,284,-196
213000021,6,97,-91
213000023,298,145,153
213000033,238,1466,-1228
213000034,770,217,553
213000035,108,175,-67
213000045,161,192,-31
213000046,214,154,60
213000047,629,1066,-437
213000056,83,39,44
213000069,97,1,96
213000073,0,47,-47
213000074,60,326,-266
213000075,453,6,447
213000076,35,3,32
213000085,5,39,-34
213000086,16,113,-97
213000091,146,17,129
213000092,74,7,67
213000099,149,941,-792
213000100,988,240,748
213000101,285,113,172
213000102,372,182,190
213000103,686,638,48
213000104,60,288,-228
213000105,1,167,-166
213000106,29,94,-65
213000107,121,407,-286
213000108,37,355,-318
213000109,12,205,-193
213000110,21,91,-70
213000111,19,68,-49
213000112,147,86,61
213000115,48,6,42
213000116,53,309,-256
213000117,17,480,-463
213000118,302,208,94
213000119,39,506,-467
213000120,124,364,-240
213000122,120,370,-250
213000123,323,885,-562
213000124,96,816,-720
213000125,118,15,103
213000126,60,101,-41
213000127,143,145,-2
213000128,373,788,-415
213000129,206,408,-202
213000130,561,250,311
213000132,288,82,206
213000133,482,78,404
213000134,606,20,586
213000136,428,25,403
213000137,573,74,499
213000139,326,22,304
213000147,75,5,70
213000148,18,12,6
213000149,34,16,18
213000150,0,104,-104
213000151,0,69,-69
213000152,1,91,-90
213000153,8,105,-97
213000154,33,132,-99
213000155,18,124,-106
213000156,94,304,-210
213000157,408,329,79
213000158,245,700,-455
213000159,389,477,-88
213000163,629,81,548
213000165,670,201,469
213000171,52,93,-41
213000172,51,276,-225
213000173,43,188,-145
213000174,5,102,-97
213000175,52,53,-1
213000176,16,104,-88
213000177,70,17,53
213000178,160,24,136
213000179,191,60,131
213000180,207,55,152
213000184,74,310,-236
213000188,225,109,116
213000189,263,37,226
213000190,723,625,98
213000191,186,283,-97
213000192,168,278,-110
213000193,697,251,446
213000194,2,83,-81
213000195,25,324,-299
213000196,238,1036,-798
213000197,373,450,-77
213000198,55,9,46
213000200,99,603,-504
213000201,50,39,11
213000202,5,444,-439
213000203,2772,625,2147
213000204,569,79,490
213000205,175,87,88
213000206,378,48,330
213000207,138,9,129
213000208,97,5,92
213000209,185,1,184
213000210,373,3,370
213000211,11,28,-17
213000212,24,35,-11
213000213,27,48,-21
213000218,200,404,-204
213000219,316,24,292
213000220,315,8,307
213000223,165,191,-26
213000224,47,46,1
213000225,93,7,86
213000226,73,26,47
213000227,723,187,536
213000228,294,78,216
213000229,229,31,198
213000230,428,31,397
213000232,57,843,-786
213000233,5,83,-78
213000234,1,43,-42
213000293,24,45,-21
213000294,112,27,85
213000295,18,71,-53
213000296,60,28,32
213000297,4,54,-50
213000298,26,58,-32
213000299,61,38,23
213000300,49,17,32
213000303,8,36,-28
213000304,1,11,-10
213000305,2,7,-5
213000306,32,28,4
213000307,130,49,81
213000308,59,172,-113
213000309,139,59,80
213000310,292,165,127
213000311,259,599,-340
213000315,67,104,-37
213000316,139,46,93
213000322,33,29,4
213000323,54,47,7
213000340,151,399,-248
213000341,387,89,298
213000346,170,193,-23
213000347,642,357,285
213000348,22,95,-73
213000349,39,14,25
213000350,242,708,-466
213000366,60,201,-141
213000367,221,33,188
213000379,70,41,29
213000386,17,220,-203
213000406,78,234,-156
213000417,914,357,557
213000425,129,27,102
213000426,159,42,117
213000427,43,134,-91
213000428,35,130,-95
213000429,9,4,5
213000430,83,406,-323
213000431,75,1,74
213000432,0,121,-121
213000433,19,93,-74
213000435,113,51,62
213000439,61,12,49
213000441,8,4,4
213000443,345,285,60
213000445,0,64,-64
213000446,0,137,-137
213000447,1,52,-51
213000448,79,219,-140
213000449,264,3,261
213000450,64,61,3
213000451,38,29,9
213000452,162,74,88
213000453,44,231,-187
213000455,446,39,407
213000456,1,233,-232
213000481,14,2,12
213000482,31,6,25
213000489,252,54,198
213000491,1,176,-175
213000492,207,24,183
213000493,0,89,-89
213000494,202,90,112
213000495,0,68,-68
213000496,251,98,153
213000497,39,206,-167
213000498,162,149,13
213000499,156,364,-208
213000500,412,58,354
213000501,95,14,81
213000502,176,89,87
213000503,0,41,-41
213000504,9,63,-54
213000505,23,47,-24
213000506,0,4,-4
213000507,4,99,-95
213900244,67,0,67
213900245,0,37,-37
218000003,35,27,8
218000004,25,33,-8
218000005,33,44,-11
218000006,31,13,18
218000007,6,20,-14
218000012,144,127,17
218000013,119,143,-24
218000014,329,310,19
218000019,673,485,188
218000020,215,347,-132
218000040,7,3,4
218000046,45,77,-32
218000047,11,112,-101
218000048,33,84,-51
218000049,89,91,-2
218000050,266,214,52
218000051,51,220,-169
218000052,4,95,-91
218000053,6,12,-6
218000054,15,37,-22
218000055,5,21,-16
218000056,14,19,-5
218000057,2,19,-17
218000064,6,4,2
218000065,77,50,27
218000066,12,47,-35
218000067,55,67,-12
218000068,67,60,7
218000069,199,114,85
218000070,195,219,-24
218000071,171,144,27
218000072,220,147,73
218000078,813,536,277
218000079,96,78,18
218000080,115,47,68
218000081,311,150,161
218000082,44,104,-60
218000083,63,41,22
218000084,156,82,74
218000085,135,222,-87
218000086,50,79,-29
218000087,204,135,69
218000090,10,75,-65
218000091,930,418,512
218000092,78,117,-39
218000093,74,32,42
218000094,394,527,-133
218000099,197,545,-348
218000100,282,194,88
218000101,238,128,110
218000102,366,148,218
218000103,68,83,-15
218000104,73,25,48
218000105,25,22,3
218000106,12,8,4
218000107,42,46,-4
218000108,4,37,-33
218000112,66,23,43
218000117,73,33,40
218000134,371,412,-41
218000135,26,81,-55
218000136,178,79,99
218000137,170,143,27
218000138,25,76,-51
218000139,143,251,-108
218000140,314,203,111
218000141,59,65,-6
218000142,186,89,97
218000143,112,175,-63
218000144,58,99,-41
218000145,261,231,30
218000146,58,123,-65
218000151,7,17,-10
218000152,92,34,58
218000170,9,22,-13
218000171,25,2,23
218000172,17,7,10
218000173,46,18,28
218000174,17,16,1
218000176,127,23,104
218000177,195,136,59
218000178,38,124,-86
218000179,52,40,12
218000180,49,19,30
218000181,120,29,91
218000187,10,25,-15
218000188,29,28,1
218000189,32,46,-14
218000190,3,15,-12
218000191,150,49,101
218000192,142,123,19
218000193,306,261,45
218000194,59,165,-106
218000195,87,71,16
218000196,253,186,67
218000197,256,185,71
218000198,12,77,-65
218000199,42,16,26
218000200,90,27,63
218000201,16,12,4
218000202,59,217,-158
218000207,4,13,-9
218000208,29,19,10
218000211,60,30,30
218000213,85,93,-8
218000214,2,24,-22
218000215,34,40,-6
218000217,6,94,-88
218000218,117,48,69
218000219,20,16,4
218000220,70,268,-198
218000221,366,136,230
218000222,7,16,-9
218000223,18,229,-211
218000224,4,94,-90
218000225,96,18,78
218000226,61,21,40
218000232,35,48,-13
218000239,222,18,204
218000240,31,13,18
218000241,42,4,38
218000242,67,5,62
218000243,125,6,119
218000244,75,5,70
218000245,16,4,12
218000246,9,3,6
218000247,0,1,-1
218000248,0,13,-13
218000249,0,6,-6
218000250,1,7,-6
218000251,4,18,-14
218000252,4,32,-28
218000253,6,55,-49
218000254,2,30,-28
218000255,2,27,-25
218000256,9,68,-59
218000267,362,848,-486
218000268,11,54,-43
218000269,4,14,-10
218000270,99,69,30
218000271,21,49,-28
218000273,8,6,2
218000274,28,3,25
218000275,14,50,-36
218000276,6,46,-40
218000278,13,29,-16
218000279,84,44,40
218000280,8,49,-41
218000281,22,12,10
218000282,422,353,69
218000284,43,6,37
218000301,78,118,-40
218000302,87,65,22
218000303,36,51,-15
218000316,488,666,-178
218000317,842,742,100
218000318,527,503,24
218000319,930,638,292
218000320,644,397,247
218000338,60,29,31
218000345,84,63,21
218000346,44,114,-70
218000459,14,169,-155
218000490,33,35,-2
218000501,56,22,34
218000502,27,72,-45
218000503,66,20,46
218000504,163,32,131
218000505,62,141,-79
218000506,46,254,-208
218000508,0,8,-8
218000510,140,8,132
218000520,82,98,-16
218000521,14,50,-36
218000522,0,99,-99
218000523,110,3,107
218000524,45,153,-108
218000525,138,20,118
218000526,38,107,-69
218000529,33,126,-93
218000531,11,27,-16
218000532,32,9,23
218000534,109,14,95
218000537,21,46,-25
218000538,82,161,-79
218000540,166,55,111
218000543,111,42,69
218000544,46,64,-18
218000545,46,47,-1
218000546,34,46,-12
218000547,58,127,-69
218000548,113,77,36
218000549,299,387,-88
218000550,149,226,-77
218000551,96,864,-768
218000552,341,40,301
218000553,84,80,4
218000554,24,31,-7
218000555,21,31,-10
218000556,146,144,2
218000557,214,137,77
218000558,61,1,60
218000559,1,46,-45
218000560,1,32,-31
218000561,18,0,18
218000562,31,146,-115
218000563,183,12,171
218000564,7,138,-131
218000565,156,18,138
218000566,292,16,276
218000567,0,96,-96
218000568,41,4,37
218000569,12,98,-86
218000570,139,8,131
218000571,1,113,-112
218000572,122,4,118
218000573,16,175,-159
218000574,183,35,148
218000575,127,1,126
218000576,1,65,-64
218000577,69,3,66
218000578,3,63,-60
218000579,19,8,11
218000581,2,29,-27
218000582,33,0,33
218000583,4,0,4
218000584,0,17,-17
218000585,33,4,29
218000586,7,30,-23
218000587,4,1,3
218000588,9,4,5
218000589,3,6,-3
218000590,3,0,3
218000591,12,3,9
218000592,6,3,3
218000593,4,3,1
218000594,11,1,10
218000597,4,1,3
218000598,0,1,-1
218000599,0,0,0
218000600,3,1,2
218000601,0,0,0
218000602,1,7,-6
218000603,0,3,-3
218000604,20,0,20
218000605,0,56,-56
218000606,116,0,116
218000607,8,24,-16
218000608,63,13,50
218000609,2,34,-32
218000610,55,6,49
218000611,31,1,30
218000612,0,19,-19
218000613,26,1,25
218000614,0,41,-41
218000615,144,0,144
218000616,1,90,-89
218000617,29,0,29
218000618,1,23,-22
218000619,36,12,24
218000620,2,17,-15
218000621,0,4,-4
218000622,0,2,-2
218000623,32,4,28
218000624,4,11,-7
218000625,12,0,12
218000626,1,9,-8
218000628,144,37,107
218000631,57,9,48
218000632,3,90,-87
218000633,103,0,103
218000634,6,9,-3
218000635,6,14,-8
218000636,590,781,-191
218000637,758,386,372
218000638,140,17,123
218000639,15,107,-92
218000640,170,14,156
218000641,47,187,-140
218000652,28,63,-35
218000653,91,32,59
218000663,4,230,-226
218000675,80,45,35
218000680,174,289,-115
218000681,329,104,225
218000691,127,105,22
218000693,161,116,45
218000718,343,931,-588
218000719,622,547,75
218000720,19,245,-226
218000721,241,14,227
218001147,1,141,-140
218001214,10,25,-15
218001258,231,7,224
218001329,113,143,-30
218001330,118,83,35
218001351,26,9,17
218001352,9,8,1
218001353,18,21,-3
218001354,11,25,-14
218001355,14,175,-161
218001356,294,16,278
218001357,42,127,-85
218001358,255,42,213
218001361,239,8,231
218001362,1,106,-105
219000001,25,37,-12
219000002,63,31,32
219000003,22,24,-2
219000004,33,38,-5
219000017,108,45,63
219000020,118,78,40
219000022,136,7,129
219000023,110,1,109
219000029,0,65,-65
219000034,32,28,4
219000039,68,105,-37
219000040,49,69,-20
219000041,74,20,54
219000051,0,32,-32
219000052,0,22,-22
219000053,2,64,-62
219000055,177,1,176
219000056,9,0,9
219000057,55,0,55
219000062,26,82,-56
219000063,55,6,49
219000064,5,43,-38
219000110,461,91,370
219000111,94,55,39
219000112,143,56,87
219000113,130,74,56
219000114,166,121,45
219000116,82,30,52
219000117,125,41,84
219000118,241,39,202
219000123,199,75,124
219000124,68,47,21
219000125,6,21,-15
219000126,73,125,-52
219000127,0,4,-4
219000128,11,115,-104
219000129,14,97,-83
219000130,392,371,21
219000131,552,777,-225
219000133,74,42,32
219000134,13,19,-6
219000135,23,44,-21
219000136,74,190,-116
219000138,42,17,25
219000139,20,38,-18
219000140,26,0,26
219000141,22,84,-62
219000142,14,56,-42
219000143,12,80,-68
219000145,25,41,-16
219000146,3,20,-17
219000147,4,26,-22
219000148,12,12,0
219000149,9,45,-36
219000150,1,40,-39
219000151,1,15,-14
219000157,180,101,79
219000158,211,193,18
219000161,72,10,62
219000163,1002,439,563
219000166,95,166,-71
219000167,102,138,-36
219000168,199,102,97
219000174,308,126,182
219000175,52,0,52
219000176,58,9,49
219000177,32,2,30
219000178,35,4,31
219000179,6,4,2
219000180,42,19,23
219000182,145,8,137
219000183,67,27,40
219000184,112,2,110
219000185,0,34,-34
219000186,48,18,30
219000187,13,59,-46
219000189,79,167,-88
219000190,74,163,-89
219000191,619,1077,-458
219000192,212,122,90
219000193,176,153,23
219000195,0,37,-37
219000196,2,100,-98
219000198,16,85,-69
219000199,64,178,-114
219000200,43,131,-88
219000201,65,160,-95
219000203,25,132,-107
219000204,92,187,-95
219000205,64,131,-67
219000207,111,158,-47
219000209,36,63,-27
219000210,33,70,-37
219000213,6,104,-98
219000239,159,193,-34
219000240,196,308,-112
219000241,115,118,-3
219000242,46,104,-58
219000243,84,176,-92
219000244,10,79,-69
219000245,34,46,-12
219000246,49,37,12
219000247,115,33,82
219000248,395,383,12
219000249,128,112,16
219000250,61,59,2
219000251,432,216,216
219000252,184,118,66
219000253,436,131,305
219000255,100,90,10
219000256,160,67,93
219000257,69,0,69
219000262,110,96,14
219000263,75,112,-37
219000267,5,45,-40
219000268,1,6,-5
219000269,3,1,2
219000270,12,0,12
219000271,84,2,82
219000278,3,6,-3
219000279,4,5,-1
219000283,0,9,-9
219000295,12,72,-60
219000296,56,269,-213
219000297,17,97,-80
219000298,18,100,-82
219000299,292,49,243
219000300,17,138,-121
219000301,239,287,-48
219000302,36,220,-184
219000307,47,30,17
219000308,38,34,4
219000311,156,53,103
219000312,561,134,427
219000313,306,47,259
219000314,57,281,-224
219000315,255,19,236
219000316,393,45,348
219000317,140,19,121
219000320,0,44,-44
219000321,1,18,-17
219000323,7,44,-37
219000325,2,14,-12
219000326,63,60,3
219000327,30,29,1
219000328,14,36,-22
219000329,235,99,136
219000330,30,23,7
219000331,34,59,-25
219000332,115,56,59
219000333,14,2,12
219000335,59,3,56
219000337,16,0,16
219000338,39,1,38
219000344,15,56,-41
219000345,56,56,0
219000346,23,114,-91
219000348,132,53,79
219000349,50,111,-61
219000350,78,257,-179
219000351,8,3,5
219000352,302,92,210
219000353,97,63,34
219000354,125,89,36
219000355,117,45,72
219000356,961,1198,-237
219000363,215,64,151
219000364,66,50,16
219000365,117,16,101
219000366,197,255,-58
219000368,262,442,-180
219000370,797,465,332
219000371,15,15,0
219000382,6,21,-15
219000383,465,839,-374
219000385,371,350,21
219000386,594,1134,-540
219000387,2,12,-10
219000390,5,0,5
219000391,6,0,6
219000397,53,56,-3
219000398,50,44,6
219000401,20,69,-49
219000402,21,71,-50
219000403,143,316,-173
219000404,16,133,-117
219000407,2,28,-26
219000409,35,48,-13
219000410,73,40,33
219000411,55,20,35
219000446,87,239,-152
219000447,1,13,-12
219000448,20,7,13
219000452,78,100,-22
219000453,58,151,-93
219000454,135,257,-122
219000556,173,70,103
219000558,109,130,-21
219000590,32,122,-90
219000591,81,92,-11
219000592,86,248,-162
219000595,2,16,-14
219000635,157,51,106
219000636,17,78,-61
219000657,11,17,-6
219000658,22,75,-53
219000673,0,7,-7
219000676,16,1,15
219000679,31,10,21
219000684,81,2,79
219000685,1,49,-48
219000686,1,8,-7
219000688,0,58,-58
219000689,17,157,-140
219000690,143,21,122
219000691,50,111,-61
219000692,157,29,128
219000693,0,18,-18
219000694,6,0,6
219000695,24,3,21
219000698,20,0,20
219000699,0,8,-8
219000727,0,71,-71
219000728,89,1,88
219000770,38,3,35
219000771,1,15,-14
219000788,341,193,148
219001150,0,19,-19
219001151,0,3,-3
219001166,39,29,10
219001167,1,52,-51
219001178,42,2,40
220000001,21,98,-77
220000002,13,70,-57
220000003,307,181,126
220000004,384,328,56
220000005,999,1240,-241
220000006,202,591,-389
220000007,352,349,3
220000008,286,613,-327
220000009,236,290,-54
220000010,219,83,136
220000011,449,2487,-2038
220000012,137,187,-50
220000014,101,49,52
220000015,96,266,-170
220000017,54,130,-76
220000018,2622,464,2158
220000019,83,230,-147
220000020,332,187,145
220000021,629,142,487
220000022,649,369,280
220000023,325,135,190
220000024,1278,395,883
220000025,481,860,-379
220000026,258,282,-24
220000027,24,58,-34
220000028,48,53,-5
220000029,62,78,-16
220000030,101,81,20
220000031,343,293,50
220000064,12,689,-677
221000046,4,0,4
221000047,0,7,-7
221000048,0,3,-3
221000049,0,7,-7
221000050,14,0,14
221000055,29,37,-8
221000068,222,117,105
221000069,249,91,158
221000070,183,40,143
221000071,88,14,74
221000072,226,13,213
221000073,122,33,89
221000074,2,17,-15
221000075,12,27,-15
221000076,5,29,-24
221000077,27,78,-51
221000081,121,27,94
221000082,86,6,80
221000083,43,6,37
221000084,13,4,9
221000085,13,45,-32
221000086,7,66,-59
221000087,5,124,-119
221000088,8,131,-123
221000089,29,183,-154
221000090,99,393,-294
221000098,89,7,82
221000099,136,13,123
221000100,92,11,81
221000101,254,21,233
221000102,0,0,0
221000107,10,1,9
221000108,8,5,3
221000109,6,7,-1
221000110,6,104,-98
221000111,21,162,-141
221000112,7,129,-122
221000113,9,124,-115
221000114,4,115,-111
221000120,27,36,-9
221000121,4,33,-29
221000122,39,39,0
221000123,13,17,-4
221000124,22,108,-86
221000155,72,14,58
221000156,43,39,4
221000175,0,14,-14
221000176,1,4,-3
221000182,55,1,54
221000241,616,256,360
221000242,130,358,-228
221000243,566,151,415
221000244,213,387,-174
221000245,103,119,-16
221000246,50,206,-156
221000247,96,126,-30
221000248,114,125,-11
221000267,40,441,-401
221000325,66,33,33
221000331,12,29,-17
221000338,6,21,-15
221000378,125,45,80
221000381,34,42,-8
222000282,13,0,13
222000296,4,11,-7
222000568,244,23,221
222000569,126,37,89
222000570,114,23,91
222000571,234,17,217
222000577,4,108,-104
222000578,33,122,-89
222000579,38,95,-57
222000580,65,502,-437
222000599,0,87,-87
222000600,2,168,-166
222000601,1,560,-559
222000603,14,21,-7
222000604,11,34,-23
222000605,17,27,-10
222000606,3,8,-5
222000607,6,5,1
222000608,13,13,0
222000609,42,137,-95
222000616,222,22,200
222000617,29,21,8
222000618,18,1,17
222000620,34,17,17
222000621,75,14,61
222000623,406,11,395
222000624,268,5,263
222000625,484,6,478
222000636,64,2,62
222000686,94,15,79
222000687,43,17,26
222001066,163,0,163
222001067,8,0,8
222001068,20,9,11
222001069,25,20,5
222001082,6,17,-11
222001083,14,30,-16
222001084,0,34,-34
222001085,1,59,-58
222001111,17,102,-85
222001112,80,19,61
222001313,52,3,49
222001314,5,72,-67
222001464,133,35,98
222001465,37,92,-55
222001484,79,31,48
222001485,15,56,-41
222001494,323,111,212
222001495,78,183,-105
222001496,219,99,120
222001497,109,239,-130
222001502,14,79,-65
222001503,72,31,41
222001504,25,222,-197
222001505,284,15,269
222001506,29,284,-255
222001507,210,16,194
222001510,273,19,254
222001511,31,232,-201
222001514,414,110,304
222001515,175,333,-158
222001518,209,33,176
222001519,32,132,-100
222001527,109,53,56
222001528,40,134,-94
222001529,197,38,159
222001530,70,126,-56
222001533,97,177,-80
222001534,148,43,105
222001535,172,213,-41
222001536,49,177,-128
222001537,197,27,170
222001538,47,255,-208
222001563,523,78,445
222001564,47,363,-316
222001568,327,85,242
222001576,1,4,-3
222001579,2,7,-5
222001583,15,108,-93
222001584,119,16,103
222001596,441,770,-329
222001597,1076,291,785
222001626,0,71,-71
222001650,58,71,-13
222001651,54,106,-52
222001914,166,93,73
222001915,49,172,-123
222001968,372,241,131
222001969,350,468,-118
222001970,168,188,-20
222001971,19,5,14
222001972,1,10,-9
225000001,348,125,223
225000002,454,116,338
225000003,411,64,347
225000004,244,120,124
225000005,72,46,26
225000006,0,137,-137
225000007,989,923,66
225000010,209,9,200
225000011,250,632,-382
225000012,223,384,-161
225000013,74,97,-23
225000014,514,88,426
225000015,112,124,-12
225000021,493,131,362
225000027,162,296,-134
225000032,501,82,419
225000042,72,435,-363
225000049,44,44,0
225000050,86,15,71
225000053,1,223,-222
225000058,540,144,396
225000067,103,102,1
225000068,71,219,-148
225000069,92,368,-276
225000070,61,275,-214
225000071,25,97,-72
225000075,6,424,-418
225000076,73,103,-30
225000078,62,56,6
225000085,58,151,-93
225000086,220,77,143
225000087,102,16,86
225000088,8,119,-111
225000089,212,725,-513
225000090,55,255,-200
225000091,157,108,49
225000092,27,71,-44
225000093,129,208,-79
225000094,18,186,-168
225000095,241,291,-50
225000096,294,341,-47
225000098,512,345,167
225000099,319,166,153
225000100,458,214,244
225000104,196,604,-408
225000110,12,480,-468
225000111,376,1326,-950
225000112,438,1646,-1208
225000113,362,952,-590
225000114,120,412,-292
225000115,2184,1024,1160
225000116,1806,346,1460
225000117,1362,390,972
225000118,1560,394,1166
225000119,344,132,212
225000120,1030,64,966
225000121,412,24,388
225000123,850,8,842
225000125,706,284,422
225000126,1178,216,962
225000127,1196,1392,-196
225000128,1034,1108,-74
225000132,466,70,396
225000133,302,38,264
225000134,792,244,548
225000135,82,28,54
225000136,500,10,490
225000137,428,100,328
225000138,572,114,458
225000143,96,316,-220
225000144,0,486,-486
225000145,60,68,-8
225000146,72,138,-66
225000147,68,308,-240
225000148,6,276,-270
225000149,82,622,-540
225000151,56,214,-158
225000155,690,800,-110
225000156,284,1104,-820
225000157,350,494,-144
225000158,132,356,-224
225000171,8,216,-208
225000180,100,4,96
225000181,0,152,-152
225000182,158,10,148
225000185,14,716,-702
225000187,32,554,-522
225000191,160,0,160
225000194,0,12,-12
225000208,6,50,-44
225000209,134,18,116
225000210,8,344,-336
225000217,2,28,-26
225000218,76,2,74
225000223,2,84,-82
225000224,262,0,262
225000225,0,88,-88
225000226,40,8,32
225000227,34,160,-126
225000228,18,10,8
225000229,0,144,-144
225000230,30,0,30
225000231,0,98,-98
225000232,274,4,270
225000241,202,0,202
225000242,0,80,-80
225000249,10,0,10
225000250,92,934,-842
225000251,562,28,534
226000042,418,682,-264
226000043,108,430,-322
226000044,256,712,-456
226000045,74,486,-412
226000046,630,164,466
226000047,650,172,478
226000048,562,170,392
226000049,476,260,216
226000070,0,52,-52
226000071,0,102,-102
226000072,0,34,-34
226000073,0,6,-6
226000074,0,10,-10
226000084,4,60,-56
226000085,4,22,-18
226000086,2,18,-16
226000087,2,18,-16
226000088,40,24,16
226000090,402,138,264
226000091,48,56,-8
226000092,10,6,4
226000093,54,2,52
226000094,20,8,12
226000095,18,12,6
226000105,14,14,0
226000106,2,0,2
226000107,2,0,2
226000108,58,0,58
226000109,124,0,124
226000124,176,112,64
226000134,1046,666,380
226000135,1866,978,888
226000136,640,540,100
226000137,18,482,-464
226000138,22,288,-266
226000139,6,30,-24
226000156,238,8,230
226000157,272,12,260
226000163,156,258,-102
226000202,10,448,-438
226000231,630,20,610
226000232,44,10,34
227000033,596,128,468
227000036,422,56,366
227000037,450,66,384
227000038,528,68,460
227000049,0,44,-44
227000050,2,94,-92
227000055,134,0,134
227000056,56,2,54
227000084,10,146,-136
227000085,0,76,-76
227000088,110,8,102
227000089,246,4,242
227000090,76,6,70
227000091,26,6,20
227000093,260,4,256
227000094,134,10,124
227000130,80,126,-46
227000131,38,362,-324
227000132,22,232,-210
227000133,26,282,-256
227000134,58,430,-372
227000152,2,40,-38
227000153,0,142,-142
227000155,8,36,-28
227000156,4,20,-16
227000165,20,82,-62
227000196,364,290,74
227000199,390,492,-102
227000230,8,386,-378
227000232,496,40,456
227000242,120,624,-504
227000243,668,156,512
227000245,54,426,-372
227000246,158,532,-374
227000247,544,174,370
227000248,230,52,178
227000249,94,320,-226
227000250,848,334,514
227000251,178,380,-202
227000252,34,360,-326
227000253,250,28,222
227000262,504,100,404
227000266,1580,46,1534
227000267,78,1390,-1312
227000282,2,132,-130
227000284,608,60,548
227000286,6,78,-72
227000287,26,130,-104
227000291,10,526,-516
227000484,308,26,282
227000485,16,804,-788
227000655,222,18,204
227000656,650,50,600
227000657,100,32,68
227000661,232,32,200
227000680,592,252,340
229000265,28,66,-38
229000296,4,16,-12
229000297,6,38,-32
229000298,4,140,-136
229000320,20,12,8
229000321,36,4,32
229000412,22,40,-18
229000414,18,96,-78
229000415,58,6,52
229000416,2,16,-14
229000417,4,46,-42
229000419,180,418,-238
229000440,634,112,522
229000442,24,0,24
229000443,28,4,24
229000444,2,50,-48
229000445,76,20,56
229000446,96,42,54
229000847,84,0,84
229000848,40,0,40
229000849,176,6,170
229000851,54,0,54
229000854,0,20,-20
229000856,2,78,-76
229000857,0,22,-22
229000858,0,36,-36
229000919,28,114,-86
229000930,26,358,-332
229000937,122,24,98
229000966,66,30,36
229000981,36,60,-24
229000985,8,24,-16
229000986,2,4,-2
229000987,0,0,0
229000988,0,4,-4
229000989,16,2,14
229000990,0,2,-2
229000991,4,0,4
229000992,22,12,10
229000993,238,42,196
229000998,16,52,-36
229000999,100,34,66
229001034,0,20,-20
229001035,10,2,8
229001037,116,8,108
229001042,36,26,10
229001047,10,40,-30
229001050,64,60,4
229001200,20,2,18
229001338,10,68,-58
229001394,314,4,310
229001422,196,36,160
229001423,40,196,-156
229001431,98,64,34
229001432,68,84,-16
229001444,196,78,118
229001445,70,190,-120
229001503,276,152,124
229001504,184,254,-70
229001505,194,50,144
229001506,80,198,-118
229001509,68,26,42
229001545,112,10,102
229001546,8,204,-196
229001553,132,30,102
229001554,38,72,-34
229001559,4,8,-4
229001560,2,34,-32
229001630,80,28,52
229001631,6,26,-20
229001635,0,20,-20
229001636,36,0,36
229001658,2,176,-174
229001659,86,2,84
229001660,16,10,6
229001661,16,16,0
229001662,32,0,32
229001663,0,58,-58
229002584,202,234,-32
229002831,148,192,-44
229002841,20,12,8
229002842,24,22,2
229002843,84,18,66
229002844,40,72,-32
229002845,26,116,-90
229002846,102,14,88
229002847,2,8,-6
229002848,42,14,28
229002849,4,144,-140
229002850,16,0,16
229002851,42,200,-158
229002852,454,30,424
229002853,300,20,280
229002854,60,62,-2
229002855,24,62,-38
229002856,38,44,-6
229002857,18,186,-168
229002858,26,16,10
229002859,42,188,-146
229002860,670,28,642
229002861,52,24,28
229002862,82,22,60
229002863,26,18,8
229002864,32,42,-10
229002865,36,16,20
229002866,44,30,14
229002867,14,22,-8
229002868,8,26,-18
229002869,50,166,-116
229002870,64,10,54
235000066,516,74,442
235000067,218,152,66
235000072,30,100,-70
235000073,92,474,-382
235000074,44,122,-78
235000080,28,144,-116
235000081,142,210,-68
235000082,290,102,188
235000083,212,140,72
235000084,52,68,-16
235000085,260,90,170
235000089,34,44,-10
235000092,30,204,-174
235000093,26,10,16
235000097,18,12,6
235000098,106,8,98
235000099,48,28,20
235000116,118,32,86
235000117,944,24,920
235000133,14,582,-568
235000134,4,242,-238
235000206,8,6,2
235000207,10,6,4
235000208,26,2,24
235000209,10,12,-2
235000210,8,6,2
235000212,10,40,-30
235000213,2,16,-14
235000220,4,4,0
235000221,108,38,70
235000238,28,130,-102
235000239,4,32,-28
235000242,464,908,-444
235000245,1112,288,824
235000246,26,100,-74
235000284,8,212,-204
235000295,274,10,264
235000305,504,30,474
235000306,346,6,340
235000307,14,2,12
235000308,22,4,18
235000309,72,0,72
235000310,22,2,20
235000311,136,38,98
235000322,0,48,-48
235000323,0,62,-62
235000324,8,48,-40
235000325,0,10,-10
235000326,18,204,-186
235000351,10,86,-76
235000352,10,36,-26
235000353,8,60,-52
235000354,22,42,-20
235000355,8,52,-44
235000356,140,16,124
235000357,46,12,34
235000358,322,32,290
235000359,36,14,22
235000360,62,18,44
235000361,106,12,94
235000381,144,246,-102
235000382,264,40,224
235000390,14,6,8
235000391,240,22,218
235000392,254,450,-196
235000393,128,256,-128
235000395,182,74,108
235000396,664,104,560
235000400,94,160,-66
235000401,26,180,-154
235000405,128,408,-280
235000406,98,420,-322
235000407,98,150,-52
235000409,284,190,94
235000410,74,296,-222
235000411,4,116,-112
235000485,0,8,-8
235000486,10,0,10
235000549,118,188,-70
235000550,152,298,-146
235000599,180,78,102
235000600,26,34,-8
235000601,58,38,20
235000602,108,110,-2
235000614,4,6,-2
235000648,0,28,-28
235000649,54,2,52
235000685,0,10,-10
235000815,40,62,-22
235000834,0,12,-12
235000855,56,106,-50
235000862,90,192,-102
235000891,0,8,-8
235000892,26,2,24
235000901,140,164,-24
235000907,12,46,-34
235001010,94,108,-14
235001029,752,546,206
235001030,546,362,184
235001078,146,160,-14
235001079,176,176,0
235001147,24,46,-22
235001166,64,102,-38
235001167,114,70,44
235001169,48,398,-350
235001188,12,20,-8
235001189,28,4,24
235001197,14,46,-32
235001200,74,80,-6
235001207,538,60,478
235001210,164,298,-134
235001215,74,324,-250
235001239,0,62,-62
235001244,2,20,-18
235016267,0,50,-50
277102712,0,4,-4
277103813,0,0,0
277103814,0,0,0
277104249,0,6,-6
277104250,0,6,-6
277104251,0,6,-6
277104252,0,0,0
990011530,2,190,-188
990014944,0,666,-666
990015176,72,16,56
990015618,0,80,-80
990016032,2,280,-278
990032570,0,86,-86
990070001,116,2,114
990070103,0,10,-10
990070601,0,46,-46
990070751,1130,4,1126
990070766,0,738,-738
990071180,672,242,430
990071343,30,2,28
990071387,0,50,-50
990071823,8,2,6
990072600,2,1412,-1410
990072964,2,474,-472
990073285,0,4,-4
990074393,4,800,-796
990074870,2652,36,2616
990075106,2314,26,2288
990075746,984,12,972
990076437,1758,6,1752
990076458,6,1308,-1302
997000007,1444,60,1384
997000041,0,252,-252
997000058,104,0,104
997000062,100,68,32
997000069,0,6,-6
997000070,0,18,-18
997000100,32,6,26
997000141,8,2374,-2366
997000198,508,2338,-1830
998000475,2,68,-66
998000736,2,268,-266
998000965,0,6,-6
998001031,0,120,-120
998001700,0,12,-12
998001899,0,0,0
998001900,30,2,28
998003073,1346,14,1332
998101900,0,0,0
998102850,0,426,-426
998501927,1896,1300,596
998501929,166,2,164
998501930,60,2,58
998501931,274,2,272
998501932,14,0,14
998501933,94,56,38
998501937,30,4,26
998501944,10,0,10
998501950,0,10,-10
998501970,94,18,76
998501971,0,188,-188
998501973,0,88,-88
998501974,4,430,-426
998501975,180,4,176
998501976,434,76,358
998501977,0,28,-28
998501978,40,0,40
998501979,0,14,-14
998501980,112,4,108
998501981,102,16,86
998501982,0,132,-132
998501983,0,4,-4
998502006,0,0,0
998502024,0,10,-10
998502032,0,6,-6
998502062,40,0,40
998502063,0,0,0
998502173,62,0,62
998502269,0,6,-6
998502546,0,270,-270
998502578,0,6,-6
998502599,64,530,-466
998502621,0,0,0
998601159,2,224,-222
998601292,0,18,-18
999033574,4,546,-542
999800001,48,6,42
999800002,0,6,-6
999800003,0,2,-2
999800004,0,4,-4
999800005,0,14,-14
