ID,insum,outsum,diff
100000001,721,861,-140
100000002,3982,4484,-502
100000003,3785,5749,-1964
100000004,469,1394,-925
100000005,2364,4835,-2471
100000006,589,231,358
100000007,2243,791,1452
100000008,83,473,-390
100000009,428,344,84
100000010,40,102,-62
100000011,534,129,405
100000012,45,1144,-1099
100000013,94,277,-183
100000014,236,375,-139
100000015,1493,2095,-602
100000016,514,1361,-847
100000017,580,955,-375
100000018,799,652,147
100000019,2942,2078,864
100000020,1322,5931,-4609
100000021,4795,2214,2581
100000022,774,3025,-2251
100000023,3221,1538,1683
100000025,513,1616,-1103
100000028,724,1411,-687
100000029,126,482,-356
100000030,83,67,16
100000031,2202,6136,-3934
100000032,1557,3713,-2156
100000033,1113,2745,-1632
100000034,143,948,-805
100000035,781,1685,-904
100000036,799,1759,-960
100000037,708,437,271
100000038,2659,1080,1579
100000039,336,310,26
100000040,274,169,105
100000041,1671,654,1017
100000042,1076,390,686
100000043,890,500,390
100000044,232,617,-385
100000045,344,716,-372
100000046,539,730,-191
100000047,221,414,-193
100000048,265,541,-276
100000049,1448,1205,243
100000051,475,523,-48
100000053,96,9,87
100000054,359,17,342
100000055,637,373,264
100000056,477,657,-180
100000057,2195,552,1643
100000058,707,766,-59
100000059,18,275,-257
100000060,492,358,134
100000061,2406,574,1832
100000062,1652,572,1080
100000063,1011,291,720
100000064,1518,367,1151
100000065,288,688,-400
100000066,120,522,-402
100000067,253,657,-404
100000068,388,1296,-908
100000069,250,961,-711
100000072,136,516,-380
100000073,935,709,226
100000075,659,209,450
100000076,1227,3962,-2735
100000077,94,409,-315
100000078,23,46,-23
100000079,66,54,12
100000080,15,67,-52
100000081,87,237,-150
100000102,3270,5141,-1871
100000103,1538,1787,-249
100000104,2774,2739,35
100000105,1236,1960,-724
100000106,1156,3011,-1855
100000107,211,1445,-1234
100000108,359,967,-608
100000109,926,1551,-625
100000116,661,858,-197
100000117,52,188,-136
100000118,669,1333,-664
100000119,526,943,-417
100000121,170,471,-301
100000122,577,1739,-1162
100000123,1490,3085,-1595
100000124,3087,3997,-910
100000125,4052,2044,2008
100000126,456,641,-185
100000127,986,579,407
100000128,1243,2953,-1710
100000129,286,826,-540
100000130,560,266,294
100000131,1078,1953,-875
100000132,768,2245,-1477
100000133,2176,1405,771
100000135,581,1433,-852
100000139,193,560,-367
100000140,109,315,-206
100000142,643,564,79
100000143,1282,425,857
100000144,1907,586,1321
100000147,1461,3919,-2458
100000150,85,598,-513
100000151,646,2202,-1556
100000153,178,617,-439
100000154,26,438,-412
100000155,13,70,-57
100000156,322,420,-98
100000157,281,226,55
100000158,237,140,97
100000159,157,816,-659
100000165,681,781,-100
100000169,52,1206,-1154
100000174,249,1000,-751
100000179,51,598,-547
100000180,764,2490,-1726
100000181,391,963,-572
100000188,42,171,-129
100000189,937,504,433
100000190,445,1528,-1083
100000191,780,935,-155
100000192,22,94,-72
100000193,247,244,3
100000330,535,946,-411
100000355,240,847,-607
100000362,2462,1362,1100
100000363,5667,5549,118
100000364,98,202,-104
100000365,5691,9604,-3913
100000366,2097,1690,407
100000367,4829,6889,-2060
100000368,2515,975,1540
100000369,512,2481,-1969
100000370,205,1072,-867
100000376,64,218,-154
100000379,1132,1705,-573
100000380,3511,6156,-2645
100000384,5381,6293,-912
100000385,1525,4106,-2581
100000386,3302,6144,-2842
100000387,2471,5601,-3130
100000388,2754,6629,-3875
100000389,3844,6646,-2802
100000390,4693,6450,-1757
100000391,3060,11264,-8204
100000392,1325,4264,-2939
100000393,1331,6686,-5355
100000394,3602,8276,-4674
100000395,2488,6423,-3935
100000396,3304,3578,-274
100000397,2493,8505,-6012
100000398,6393,5330,1063
100000413,0,0,0
100900002,22,14,8
100900003,415,280,135
100900004,9,784,-775
100900005,116,30,86
100900006,58,71,-13
100900007,178,7,171
100900008,1,306,-305
100900009,80,192,-112
100900010,125,39,86
100900011,232,160,72
100900012,0,73,-73
100900013,989,27,962
100900014,6,2,4
100900015,61,77,-16
100900016,5,19,-14
100900017,1085,106,979
100900018,0,14,-14
100900019,36,118,-82
100900020,381,8,373
100900021,516,4,512
100900022,18,54,-36
100900023,0,14,-14
100900024,249,6,243
100900025,9,8,1
100900026,148,165,-17
100900027,426,2519,-2093
100900028,128,378,-250
100900029,49,10,39
100900030,3,172,-169
100900031,796,39,757
100900032,424,4,420
100900033,194,388,-194
100900034,913,2,911
100900035,219,0,219
100900036,11,2,9
100900037,136,162,-26
100900038,71,61,10
100900039,255,292,-37
100900040,574,417,157
100900041,1110,318,792
100900042,1399,2076,-677
100900043,0,31,-31
100900044,1184,388,796
100900045,7,0,7
100900046,1238,27,1211
100900047,580,268,312
100900048,135,56,79
100900049,98,98,0
100900050,4,7,-3
100900051,32,130,-98
100900052,324,61,263
100900053,675,42,633
100900054,11,33,-22
100900055,196,963,-767
100900056,40,94,-54
100900057,2078,1177,901
100900058,172,167,5
100900059,137,4,133
100900060,253,4,249
100900061,240,134,106
100900062,6,25,-19
100900063,293,896,-603
100900064,675,31,644
100900065,91,169,-78
100900066,212,234,-22
100900067,2,8,-6
100900068,101,87,14
100900069,183,5,178
100900070,490,19,471
100900071,449,202,247
100900072,4,37,-33
100900073,228,336,-108
100900074,15,5,10
100900075,1473,245,1228
100900076,10,26,-16
100900077,65,30,35
100900078,95,270,-175
100900079,2,15,-13
100900080,72,71,1
100900081,58,144,-86
100900082,222,245,-23
100900083,21,17,4
100900085,27,572,-545
100900086,96,425,-329
100900088,184,195,-11
100900089,1,10,-9
100900090,131,786,-655
100900091,5,7,-2
100900092,128,114,14
100900093,403,331,72
100900094,239,160,79
100900095,2,16,-14
100900096,50,187,-137
100900097,0,1,-1
100900098,27,34,-7
100900099,22,299,-277
100900100,4,643,-639
100900101,258,45,213
100900102,38,212,-174
100900103,6,10,-4
100900104,2,84,-82
100900105,13,549,-536
100900106,27,14,13
100900107,1681,966,715
100900108,8,93,-85
100900109,9,21,-12
100900110,5,37,-32
100900111,25,171,-146
100900112,7,15,-8
100900113,33,30,3
100900114,24,7,17
100900115,20,18,2
100900116,928,425,503
100900117,334,1210,-876
100900118,137,211,-74
100900119,11,34,-23
100900120,31,6,25
100900121,400,354,46
100900122,95,121,-26
100900123,132,139,-7
100900124,0,15,-15
100900125,8,51,-43
100900126,202,170,32
100900127,7,8,-1
100900128,106,252,-146
100900129,1,304,-303
100900131,36,221,-185
100900133,95,52,43
100900134,5,1,4
100900135,0,310,-310
100900137,282,201,81
100900138,364,490,-126
100900139,7,7,0
100900140,10,206,-196
100900141,1,769,-768
100900142,0,23,-23
100900143,477,491,-14
100900144,9,6,3
100900145,106,272,-166
100900146,4,56,-52
100900147,13,422,-409
100900148,44,212,-168
100900149,10,114,-104
100900150,2,38,-36
100900151,90,494,-404
100900152,214,9,205
100900153,1,191,-190
100900154,66,379,-313
100900155,14,5,9
100900156,23,4,19
100900157,13,1094,-1081
100900159,24,180,-156
100900160,36,2,34
100900161,41,18,23
100900162,15,726,-711
100900163,122,127,-5
100900164,58,46,12
100900165,10,28,-18
100900166,33,3,30
100900167,17,55,-38
100900168,23,255,-232
100900169,78,672,-594
100900170,45,5,40
100900171,12,327,-315
100900172,1,23,-22
100900173,4,170,-166
100900174,60,23,37
100900176,1419,198,1221
100900177,416,165,251
100900178,191,235,-44
100900179,294,401,-107
100900180,4,3,1
100900181,75,90,-15
100900182,62,45,17
100900184,28,92,-64
100900186,570,347,223
100900187,12,67,-55
100900188,24,13,11
100900189,2653,248,2405
100900191,560,1401,-841
100900192,151,398,-247
100900195,140,187,-47
100900197,21,35,-14
100900198,23,77,-54
100900199,4,12,-8
100900200,796,341,455
100900201,56,914,-858
100900202,44,0,44
100900203,2,377,-375
100900204,195,927,-732
100900205,123,617,-494
100900206,281,125,156
100900207,286,253,33
100900210,76,195,-119
100900211,433,139,294
100900213,167,50,117
100900214,400,135,265
100900215,26,58,-32
100900217,73,109,-36
101000001,1938,2194,-256
101000002,6897,6914,-17
101000003,318,1009,-691
101000004,5615,5788,-173
101000005,3963,4783,-820
101000006,5130,7367,-2237
101000007,2617,4020,-1403
101000008,1698,1905,-207
101000009,2240,598,1642
101000010,831,517,314
101000011,1026,331,695
101000012,476,627,-151
101000013,645,1210,-565
101000014,320,382,-62
101000015,1562,892,670
101000016,279,509,-230
101000017,380,422,-42
101000018,1463,2478,-1015
101000020,1326,728,598
101000021,564,313,251
101000022,155,185,-30
101000023,829,579,250
101000025,296,491,-195
101000026,227,19,208
101000027,1849,3272,-1423
101000028,952,325,627
101000029,126,1398,-1272
101000030,946,238,708
101000031,275,986,-711
101000032,2620,4206,-1586
101000033,1426,3458,-2032
101000034,882,2030,-1148
101000035,556,324,232
101000036,1064,1258,-194
101000037,1126,2055,-929
101000039,1420,2887,-1467
101000040,2074,4442,-2368
101000041,2606,7547,-4941
101000042,193,1165,-972
101000043,3365,8154,-4789
101000045,455,895,-440
101000046,1138,2142,-1004
101000047,1113,4740,-3627
101000048,642,427,215
101000049,569,1910,-1341
101000050,1215,2217,-1002
101000051,921,2760,-1839
101000052,1119,1358,-239
101000053,691,1162,-471
101000054,1588,777,811
101000055,968,1400,-432
101000056,51,143,-92
101000057,937,1576,-639
101000058,686,1355,-669
101000059,1531,2273,-742
101000060,1664,920,744
101000061,598,1608,-1010
101000062,357,634,-277
101000063,315,1300,-985
101000064,597,1038,-441
101000065,301,783,-482
101000066,559,1171,-612
101000067,638,1060,-422
101000068,133,533,-400
101000069,199,59,140
101000070,632,878,-246
101000071,2440,982,1458
101000072,600,3117,-2517
101000073,801,1329,-528
101000074,2693,4647,-1954
101000075,1812,4423,-2611
101000077,1558,1509,49
101000078,740,1266,-526
101000079,978,1020,-42
101000080,714,917,-203
101000081,1589,1533,56
101000082,2072,2083,-11
101000083,3105,2250,855
101000084,1028,609,419
101000085,1396,1033,363
101000086,798,1058,-260
101000087,741,819,-78
101000088,1338,1122,216
101000089,1003,1541,-538
101000090,1558,845,713
101000091,500,432,68
101000092,1336,615,721
101000093,1372,688,684
101000094,1134,857,277
101000095,551,480,71
101000096,478,387,91
101000097,390,619,-229
101000098,337,906,-569
101000099,602,991,-389
101000100,680,967,-287
101000101,172,366,-194
101000102,545,674,-129
101000103,560,672,-112
101000104,282,768,-486
101000105,156,583,-427
101000106,368,1385,-1017
101000107,287,414,-127
101000108,431,144,287
101000109,600,80,520
101000110,26,205,-179
101000111,40,199,-159
101000113,171,699,-528
101000114,3816,9799,-5983
101000115,25,24,1
101000116,33,22,11
101000117,1327,194,1133
101000119,46,56,-10
101000120,107,87,20
101000121,54,62,-8
101000122,66,107,-41
101000123,47,135,-88
101000124,699,413,286
101000125,100,238,-138
101000128,239,820,-581
101000130,135,225,-90
101000131,1166,405,761
101000132,940,656,284
101000135,28,51,-23
101000136,217,206,11
101000137,31,399,-368
101000141,709,3785,-3076
101000147,863,315,548
101000148,567,23,544
101000149,119,274,-155
101000150,107,227,-120
101000151,330,34,296
101000152,238,364,-126
101000153,277,217,60
101000154,365,477,-112
101000155,488,162,326
101000156,29,405,-376
101000157,85,38,47
101000160,37,17,20
101000163,167,502,-335
101000164,260,164,96
101000165,411,360,51
101000166,260,230,30
101000168,836,465,371
101000252,2517,931,1586
101000254,62,60,2
101000258,61,5,56
101000261,67,39,28
101000262,1036,4191,-3155
101000263,289,1209,-920
101000265,95,623,-528
101000266,262,376,-114
101000269,21,11,10
101000290,536,2606,-2070
101000293,38,46,-8
101000294,687,503,184
101000295,200,301,-101
101000301,346,499,-153
101000304,1883,2512,-629
101000305,2562,952,1610
101000328,65,382,-317
101900001,21,33,-12
101900002,0,14,-14
101900003,21,81,-60
101900004,1,78,-77
101900005,1663,3303,-1640
101900006,1417,89,1328
101900007,717,194,523
101900008,35,175,-140
101900009,31,341,-310
101900010,634,722,-88
101900011,112,849,-737
101900012,336,68,268
101900013,377,117,260
101900017,15,149,-134
101900018,641,275,366
101900019,83,130,-47
101900020,49,28,21
101900021,2,70,-68
101900022,202,479,-277
101900023,154,117,37
101900026,113,80,33
101900027,19,76,-57
102000001,2804,5162,-2358
102000002,2009,820,1189
102000003,2153,6673,-4520
102000004,3113,2226,887
102000005,975,2701,-1726
102000006,635,1479,-844
102000007,1442,4060,-2618
102000008,3064,1328,1736
102000009,5992,8029,-2037
102000010,3546,2615,931
102000011,3836,3109,727
102000012,2768,2401,367
102000018,2182,2642,-460
102000019,2058,1635,423
102000026,281,319,-38
102000029,157,138,19
102000030,170,343,-173
102000031,53,104,-51
102000032,583,338,245
102000033,328,305,23
102000034,485,476,9
102000035,1113,572,541
102000036,16,186,-170
102000037,185,39,146
102000038,99,379,-280
102000039,85,155,-70
102000040,216,395,-179
102000041,68,560,-492
102000042,76,433,-357
102000043,102,385,-283
102000044,282,653,-371
102000045,461,610,-149
102000046,1071,602,469
102000047,658,786,-128
102000048,442,739,-297
102000049,863,891,-28
102000050,925,1065,-140
102000051,334,816,-482
102000052,958,838,120
102000053,839,1117,-278
102000054,824,1186,-362
102000055,1460,318,1142
102000056,1146,285,861
102000057,1521,505,1016
102000058,1050,853,197
102000059,1313,955,358
102000060,818,664,154
102000061,1876,1311,565
102000062,2056,869,1187
102000063,812,1079,-267
102000064,545,602,-57
102000065,55,125,-70
102000066,712,799,-87
102000067,2482,2552,-70
102000068,9045,2813,6232
102000069,137,2730,-2593
102000070,1402,35,1367
102000071,6460,8117,-1657
102000072,2664,3571,-907
102000073,641,880,-239
102000074,553,1329,-776
102000075,138,276,-138
102000076,204,227,-23
102000077,735,482,253
102000078,987,330,657
102000079,156,135,21
102000080,243,166,77
102000081,255,732,-477
102000082,611,317,294
102000083,772,228,544
102000084,500,170,330
102000085,1944,682,1262
102000086,1241,652,589
102000087,711,1257,-546
102000088,399,274,125
102000089,1224,325,899
102000090,314,1058,-744
102000091,1069,488,581
102000092,249,462,-213
102000093,487,502,-15
102000094,685,544,141
102000095,783,1098,-315
102000096,531,611,-80
102000097,780,652,128
102000098,485,728,-243
102000099,870,1020,-150
102000100,242,999,-757
102000101,422,568,-146
102000102,309,938,-629
102000103,2008,341,1667
102000104,606,311,295
102000105,263,498,-235
102000106,867,437,430
102000107,1726,362,1364
102000108,599,166,433
102000109,591,400,191
102000110,1460,475,985
102000111,11,205,-194
102000112,96,113,-17
102000113,20,37,-17
102000114,559,269,290
102000115,198,354,-156
102000116,314,627,-313
102000117,137,762,-625
102000118,785,1559,-774
102000119,1190,1237,-47
102000120,294,466,-172
102000121,1135,495,640
102000122,698,889,-191
102000123,1111,1113,-2
102000124,1440,1232,208
102000125,573,801,-228
102000126,598,770,-172
102000127,1258,634,624
102000128,801,796,5
102000129,1507,514,993
102000130,701,767,-66
102000131,2137,804,1333
102000132,914,1193,-279
102000133,2824,1512,1312
102000134,1051,706,345
102000135,625,760,-135
102000136,1177,599,578
102000137,441,1042,-601
102000138,199,300,-101
102000139,50,468,-418
102000140,133,774,-641
102000141,162,876,-714
102000142,307,250,57
102000143,259,170,89
102000144,377,197,180
102000145,367,285,82
102000146,369,301,68
102000147,503,391,112
102000148,244,539,-295
102000149,226,204,22
102000150,582,95,487
102000151,106,123,-17
102000152,192,102,90
102000153,893,587,306
102000154,188,340,-152
102000155,72,357,-285
102000156,274,211,63
102000157,65,565,-500
102000158,362,503,-141
102000159,920,773,147
102000161,1899,1954,-55
102000162,166,146,20
102000163,98,389,-291
102000164,543,948,-405
102000165,222,165,57
102000166,46,167,-121
102000167,205,321,-116
102000168,356,237,119
102000169,103,581,-478
102000170,386,226,160
102000171,87,309,-222
102000172,27,539,-512
102000173,430,366,64
102000174,83,81,2
102000175,103,61,42
102000176,86,12,74
102000178,240,264,-24
102000179,476,216,260
102000180,1178,257,921
102000181,944,307,637
102000182,655,335,320
102000183,2089,1185,904
102000184,2189,520,1669
102000185,3178,808,2370
102000186,1681,1115,566
102000187,1085,856,229
102000188,1164,1123,41
102000189,1561,394,1167
102000190,487,2352,-1865
102000191,801,429,372
102000192,1402,1598,-196
102000193,99,44,55
102000194,102,120,-18
102000195,453,328,125
102000196,241,239,2
102000197,962,233,729
102000198,231,406,-175
102000199,1396,210,1186
102000200,349,478,-129
102000201,1422,410,1012
102000202,9,81,-72
102000203,467,100,367
102000204,674,450,224
102000205,1498,271,1227
102000206,706,253,453
102000207,622,457,165
102000208,371,336,35
102000209,64,56,8
102000210,550,257,293
102000211,581,196,385
102000212,378,17,361
102000213,4,196,-192
102000214,452,28,424
102000215,11,182,-171
102000216,71,68,3
102000217,4,78,-74
102000218,270,207,63
102000219,179,167,12
102000225,384,533,-149
102000226,464,691,-227
102000227,153,2,151
102000228,1,46,-45
102000229,61,63,-2
102000230,279,270,9
102000231,290,298,-8
102000232,33,127,-94
102000233,454,410,44
102000234,68,894,-826
102000236,201,100,101
102000237,434,142,292
102000238,194,258,-64
102000240,474,723,-249
102000241,170,81,89
102000243,12,35,-23
102000245,8,126,-118
102000246,10,30,-20
102000247,330,593,-263
102000248,327,1060,-733
102000249,143,82,61
102000250,76,208,-132
102000254,174,131,43
102000266,10,538,-528
102000271,50,0,50
102000286,368,350,18
102000297,1991,1155,836
102000299,0,0,0
102000301,0,0,0
102000305,0,0,0
102000307,0,8,-8
102900001,1173,713,460
102900002,325,44,281
102900003,109,139,-30
102900005,455,198,257
102900006,619,70,549
102900007,575,13,562
102900008,284,27,257
102900009,562,514,48
102900010,173,843,-670
102900011,1125,494,631
102900012,454,73,381
102900013,57,34,23
102900015,524,469,55
102900016,101,48,53
102900017,305,244,61
102900018,63,44,19
102900019,390,536,-146
102900020,169,22,147
102900021,52,61,-9
102900022,303,171,132
102900023,23,75,-52
102900024,56,36,20
102900025,156,80,76
102900026,418,2057,-1639
102900027,51,72,-21
102900028,233,997,-764
102900029,144,224,-80
102900030,450,358,92
102900031,281,138,143
102900032,83,73,10
102900033,112,165,-53
102900034,635,63,572
102900035,155,194,-39
102900036,339,247,92
102900037,538,244,294
102900038,375,211,164
102900039,19,528,-509
102900040,202,196,6
102900041,89,99,-10
102900042,279,189,90
102900043,277,124,153
102900044,425,1262,-837
102900045,185,390,-205
102900046,187,152,35
102900047,149,470,-321
102900048,540,343,197
102900049,73,324,-251
102900050,173,250,-77
102900051,191,227,-36
102900052,74,100,-26
102900053,322,577,-255
102900054,749,1144,-395
102900055,204,308,-104
102900056,96,351,-255
102900057,15,84,-69
102900058,332,58,274
102900059,48,44,4
102900060,141,296,-155
102900061,188,306,-118
102900062,350,373,-23
102900063,1615,391,1224
102900064,124,348,-224
102900065,941,552,389
102900066,354,17,337
102900068,107,105,2
102900070,240,444,-204
102900072,22,63,-41
102900073,148,10,138
102900075,11,78,-67
102900076,83,187,-104
102900077,58,38,20
102900078,27,62,-35
102900079,190,9,181
102900080,440,33,407
102900081,73,243,-170
102900082,13,207,-194
102900083,172,21,151
102900084,11,51,-40
102900085,285,115,170
102900086,31,103,-72
102900087,155,163,-8
102900088,52,34,18
102900089,239,111,128
102900090,2,169,-167
102900091,199,2,197
102900092,448,321,127
102900093,247,174,73
102900094,0,138,-138
102900095,106,1,105
102900096,111,18,93
102900097,3,56,-53
102900098,10,8,2
103000001,2027,1963,64
103000002,1940,2195,-255
103000003,2848,2420,428
103000004,673,543,130
103000005,1771,3040,-1269
103000006,858,1454,-596
103000007,507,585,-78
103000008,948,534,414
103000009,1796,1099,697
103000010,137,84,53
103000011,1207,883,324
103000012,1226,1562,-336
103000013,2356,1493,863
103000014,1200,2496,-1296
103000015,1243,516,727
103000016,474,1374,-900
103000017,244,465,-221
103000018,610,201,409
103000019,345,392,-47
103000020,1750,1330,420
103000021,1836,2617,-781
103000022,696,924,-228
103000023,653,1992,-1339
103000024,58,101,-43
103000025,108,779,-671
103000026,525,104,421
103000027,244,589,-345
103000028,180,271,-91
103000029,114,253,-139
103000030,1134,1174,-40
103000031,844,2047,-1203
103000032,1772,1214,558
103000033,2594,2290,304
103000034,1015,841,174
103000035,369,1242,-873
103000036,209,362,-153
103000037,455,408,47
103000038,526,1030,-504
103000039,544,254,290
103000040,567,506,61
103000041,1789,1175,614
103000042,1481,370,1111
103000043,889,556,333
103000044,266,119,147
103000046,384,431,-47
103000047,701,281,420
103000048,288,131,157
103000049,95,88,7
103000050,750,220,530
103000051,677,425,252
103000052,714,237,477
103000053,188,417,-229
103000054,2451,1226,1225
103000055,1836,1638,198
103000056,787,812,-25
103000057,1039,149,890
103000058,706,643,63
103000059,559,504,55
103000060,781,393,388
103000061,516,730,-214
103000062,1068,312,756
103000063,863,775,88
103000064,132,112,20
103000065,5,212,-207
103000066,205,13,192
103000069,463,136,327
103000070,911,557,354
103000071,1447,520,927
103000072,143,438,-295
103000073,807,119,688
103000074,872,143,729
103000075,122,547,-425
103000076,421,611,-190
103000077,15,261,-246
103000078,692,1007,-315
103000079,409,611,-202
103000080,474,532,-58
103000081,342,928,-586
103000082,379,161,218
103000083,92,296,-204
103000084,119,4,115
103000085,2,93,-91
103000086,308,467,-159
103000087,110,561,-451
103000088,212,259,-47
103000089,212,558,-346
103000090,3391,1084,2307
103000091,926,409,517
103000092,240,272,-32
103000093,289,472,-183
103000094,202,114,88
103000095,144,309,-165
103000096,449,71,378
103000097,79,610,-531
103000098,581,169,412
103000099,151,623,-472
103000100,189,412,-223
103000101,1053,106,947
103000102,125,314,-189
103000103,792,128,664
103000104,102,104,-2
103000105,274,85,189
103000106,21,154,-133
103000107,251,97,154
103000108,890,588,302
103000109,505,397,108
103000110,498,499,-1
103000111,335,444,-109
103000112,283,246,37
103000113,504,737,-233
103000114,1384,779,605
103000115,675,546,129
103000116,815,380,435
103000117,501,380,121
103000118,379,376,3
103000119,705,409,296
103000120,50,121,-71
103000121,78,214,-136
103000122,299,360,-61
103000125,26,82,-56
103000126,704,2,702
103000127,13,87,-74
103000128,164,1,163
103000129,1,109,-108
103000130,67,25,42
103000131,133,109,24
103000132,98,140,-42
103000133,11,75,-64
103000134,212,942,-730
103000135,519,184,335
103000136,470,442,28
103000137,356,522,-166
103000138,581,644,-63
103000139,8,71,-63
103000140,141,42,99
103000141,33,152,-119
103000142,130,78,52
103000143,52,174,-122
103000144,190,78,112
103000145,25,225,-200
103000150,85,38,47
103000152,202,211,-9
103000153,179,197,-18
103000156,35,151,-116
103000157,489,2,487
103000159,152,57,95
103000162,27,8,19
103000163,9,25,-16
103000164,12,5,7
103000165,48,149,-101
103000166,234,399,-165
103000167,206,94,112
103000168,160,108,52
103000169,195,418,-223
103000170,1165,228,937
103000171,25,111,-86
103000172,802,202,600
103000173,919,230,689
103000174,278,199,79
103000175,311,133,178
103000176,796,784,12
103000177,313,426,-113
103000178,127,325,-198
103000179,210,34,176
103000183,259,20,239
103000185,172,41,131
103000186,167,109,58
103000187,779,127,652
103000188,33,91,-58
103000189,703,472,231
103000191,504,624,-120
103000292,508,1629,-1121
103000293,646,2757,-2111
103000295,78,101,-23
103000296,142,6,136
103000297,12,145,-133
103000504,71,14,57
103000505,9,48,-39
103000506,1,121,-120
103000507,274,1,273
103000508,65,100,-35
103000509,269,468,-199
103900001,19,53,-34
103900002,704,112,592
103900003,997,160,837
103900004,165,1,164
103900005,5,95,-90
103900006,17,5,12
103900007,110,3,107
103900008,13,2,11
103900009,456,452,4
103900010,207,238,-31
103900011,488,111,377
103900012,15,16,-1
103900013,83,38,45
103900014,73,20,53
103900015,100,5,95
103900016,273,103,170
103900017,46,42,4
103900018,328,110,218
103900019,71,435,-364
103900020,247,471,-224
103900021,159,49,110
103900022,818,496,322
103900023,237,2,235
103900024,66,295,-229
103900025,22,22,0
103900026,7,0,7
103900027,558,190,368
103900028,26,334,-308
103900029,1390,185,1205
103900030,418,134,284
103900031,53,1,52
103900032,151,106,45
103900033,89,18,71
103900034,55,47,8
103900035,82,41,41
103900036,41,66,-25
103900037,133,86,47
103900038,105,236,-131
103900039,185,133,52
103900040,2,115,-113
103900041,55,43,12
103900042,150,99,51
103900043,233,28,205
103900044,52,480,-428
103900045,426,160,266
103900047,136,10,126
103900048,45,109,-64
103900049,131,1014,-883
103900050,16,170,-154
103900051,2,54,-52
103900052,201,221,-20
103900053,409,231,178
103900054,177,225,-48
103900055,447,194,253
103900056,65,41,24
103900057,70,68,2
103900058,337,239,98
103900059,0,36,-36
103900060,71,81,-10
103900061,208,27,181
103900062,504,155,349
103900063,3,0,3
103900064,169,3,166
103900065,377,346,31
103900066,274,62,212
103900067,305,10,295
103900068,6,0,6
103900069,108,9,99
103900070,132,174,-42
103900071,8,54,-46
103900072,35,84,-49
103900073,57,65,-8
103900074,107,33,74
103900075,258,67,191
103900076,712,259,453
103900077,42,213,-171
103900078,359,68,291
103900079,130,197,-67
103900080,2,20,-18
103900081,16,26,-10
103900082,33,155,-122
103900083,893,1437,-544
103900084,158,174,-16
103900085,70,116,-46
103900086,974,332,642
103900088,284,552,-268
103900089,81,159,-78
103900090,0,39,-39
103900091,906,159,747
103900092,636,373,263
103900093,60,238,-178
103900094,10,48,-38
103900095,196,156,40
103900096,58,88,-30
103900097,9,388,-379
103900098,328,119,209
103900099,144,41,103
103900100,365,158,207
103900101,89,915,-826
103900102,0,32,-32
103900104,3,18,-15
103900105,49,101,-52
103900106,0,61,-61
103900107,192,86,106
103900108,42,138,-96
103900109,180,45,135
103900110,309,54,255
103900111,175,274,-99
103900112,77,126,-49
103900113,104,273,-169
103900114,339,192,147
103900115,218,219,-1
103900116,1725,2684,-959
103900117,108,25,83
103900119,34,98,-64
103900120,74,70,4
103900122,186,85,101
103900123,616,598,18
103900124,61,213,-152
103900125,93,48,45
103900126,702,204,498
103900127,175,166,9
103900128,227,70,157
103900131,34,52,-18
103900133,984,14,970
103900134,0,18,-18
103900135,12,1,11
103900137,4,17,-13
103900138,214,45,169
103900139,242,3022,-2780
103900140,7,279,-272
103900141,229,32,197
103900142,298,55,243
103900143,181,0,181
103900144,3,16,-13
103900145,134,177,-43
103900146,271,202,69
103900147,460,119,341
103900148,312,187,125
103900149,446,258,188
103900150,3471,5009,-1538
103900151,26,165,-139
103900152,953,168,785
103900153,14,1,13
103900154,454,2158,-1704
103900155,49,98,-49
103900156,119,42,77
103900157,136,70,66
103900158,183,30,153
103900159,184,32,152
103900160,63,62,1
103900161,111,183,-72
103900162,84,74,10
103900163,12,359,-347
103900167,13,97,-84
103900168,142,67,75
103900169,37,94,-57
103900170,0,71,-71
103900171,3,27,-24
103900172,0,6,-6
103900173,14,16,-2
103900174,273,47,226
103900175,49,100,-51
103900176,5,37,-32
103900177,13,33,-20
103900178,88,20,68
103900179,111,35,76
103900180,24,43,-19
103900181,44,42,2
103900182,15,18,-3
103900184,189,173,16
103900185,76,569,-493
103900187,13,79,-66
103900188,66,54,12
103900189,126,16,110
103900190,99,54,45
103900191,32,39,-7
103900192,51,96,-45
103900193,63,119,-56
103900194,83,132,-49
103900195,5,99,-94
103900196,38,49,-11
103900197,20,16,4
103900198,16,29,-13
103900199,102,62,40
103900200,189,106,83
103900201,103,148,-45
103900202,11,47,-36
103900203,23,38,-15
103900204,12,36,-24
103900207,0,24,-24
103900208,142,1,141
103900209,11,102,-91
103900210,63,27,36
103900211,706,240,466
103900212,180,185,-5
103900213,26,183,-157
103900214,195,200,-5
103900215,148,265,-117
103900216,9,138,-129
103900217,255,36,219
103900218,0,222,-222
103900219,149,85,64
103900233,56,7,49
103900235,15,54,-39
103900236,6,1,5
103900242,0,0,0
103900243,2,2,0
103900244,157,115,42
103900245,105,101,4
103900246,59,43,16
103900247,23,65,-42
103900248,1,34,-33
103900249,3,63,-60
103900250,9,26,-17
103900251,2,39,-37
103900253,11,52,-41
103900254,6,36,-30
103900255,6,10,-4
103900256,9,5,4
103900257,86,92,-6
103900258,19,8,11
103900259,34,12,22
103900261,14,3,11
103900262,11,4,7
103900263,29,32,-3
103900264,37,11,26
103900265,10,7,3
103900266,2,91,-89
103900267,6,56,-50
103900268,29,22,7
103900269,188,12,176
103900270,78,50,28
103900271,58,55,3
103900272,87,33,54
103900273,44,13,31
103900274,152,7,145
103900275,77,16,61
103900276,23,21,2
103900277,7,21,-14
103900278,2,19,-17
103900279,2,36,-34
103900280,1,9,-8
104000001,2592,1977,615
104000002,1587,1679,-92
104000003,2179,1731,448
104000004,2110,1950,160
104000005,1908,1805,103
104000006,2868,2077,791
104000007,3331,3330,1
104000008,204,166,38
104000009,231,113,118
104000010,195,283,-88
104000011,258,149,109
104000012,140,176,-36
104000013,275,241,34
104000014,253,408,-155
104000015,391,127,264
104000016,390,269,121
104000018,791,166,625
104000019,646,299,347
104000020,140,295,-155
104000021,203,317,-114
104000022,108,221,-113
104000023,919,400,519
104000024,222,300,-78
104000026,62,285,-223
104000027,275,169,106
104000028,422,211,211
104000029,290,189,101
104000030,408,170,238
104000031,1327,336,991
104000032,194,216,-22
104000033,729,449,280
104000034,341,168,173
104000035,1041,345,696
104000036,962,400,562
104000037,290,101,189
104000038,564,299,265
104000039,229,114,115
104000040,152,311,-159
104000041,525,328,197
104000042,165,169,-4
104000043,162,222,-60
104000044,200,279,-79
104000045,902,596,306
104000046,666,948,-282
104000047,574,702,-128
104000048,822,716,106
104000049,567,249,318
104000050,117,628,-511
104000051,134,415,-281
104000052,1759,1526,233
104000053,850,363,487
104000054,562,196,366
104000055,2891,1927,964
104000056,689,246,443
104000057,136,186,-50
104000058,744,637,107
104000059,575,862,-287
104000060,1071,1248,-177
104000061,941,878,63
104000062,369,110,259
104000064,535,239,296
104000065,196,568,-372
104000069,554,1323,-769
104000070,57,429,-372
104000071,134,212,-78
104000072,522,146,376
104000075,156,235,-79
104000076,449,88,361
104000082,2003,3333,-1330
104000083,665,241,424
104000084,114,378,-264
104000085,308,253,55
104000086,195,355,-160
104000087,362,1678,-1316
104000090,940,738,202
104000092,1423,1002,421
104000094,746,874,-128
104000095,2043,1178,865
104000096,1882,48,1834
104000097,1993,469,1524
104000098,2748,507,2241
104000100,1873,556,1317
104000101,1249,1135,114
104000106,33,504,-471
104000107,604,258,346
104000108,221,292,-71
104000109,335,135,200
104000110,641,897,-256
104000111,2042,2670,-628
104000112,846,422,424
104000116,0,499,-499
104000117,233,307,-74
104000118,906,157,749
104000119,761,286,475
104000120,344,410,-66
104000121,220,533,-313
104000122,961,666,295
104000123,749,581,168
104000124,357,1078,-721
104000125,2034,4554,-2520
104000126,465,417,48
104000127,1125,1280,-155
104000128,602,229,373
104000129,386,24,362
104000130,14,269,-255
104000131,305,289,16
104000132,267,261,6
104000133,1428,671,757
104000134,826,1384,-558
104000135,466,1660,-1194
104000136,682,3231,-2549
104000137,1526,354,1172
104000138,766,382,384
104000139,2845,2109,736
104000141,702,732,-30
104000142,583,377,206
104000143,678,262,416
104000144,134,213,-79
104000145,364,214,150
104000146,171,365,-194
104000147,155,243,-88
104000148,486,203,283
104000149,171,166,5
104000150,1033,514,519
104000151,271,214,57
104000152,586,361,225
104000153,776,706,70
104000154,625,323,302
104000155,456,744,-288
104000157,850,956,-106
104000158,144,440,-296
104000159,799,499,300
104000160,1445,1933,-488
104000161,128,150,-22
104000162,81,155,-74
104000165,622,681,-59
104000167,718,1275,-557
104000168,682,9,673
104000169,184,46,138
104000170,215,378,-163
104000248,382,368,14
104000251,64,132,-68
104000272,0,0,0
104000273,0,0,0
104000274,0,0,0
104000275,0,0,0
104000279,594,426,168
104000290,84,234,-150
104000291,438,896,-458
104000293,1055,773,282
104000294,108,0,108
104000295,732,720,12
104000296,610,515,95
104000297,642,1703,-1061
104000298,1891,819,1072
104000299,794,1042,-248
104900001,137,237,-100
104900002,73,187,-114
104900003,102,200,-98
104900004,117,122,-5
104900005,436,271,165
104900006,443,105,338
104900007,380,170,210
104900009,150,180,-30
104900010,70,75,-5
104900011,12,40,-28
104900012,301,46,255
104900013,111,14,97
104900014,1468,301,1167
104900015,139,4,135
104900016,249,193,56
104900017,162,116,46
104900018,1,112,-111
104900019,194,3917,-3723
104900020,41,210,-169
104900021,0,61,-61
104900022,6,83,-77
104900023,0,25,-25
104900024,26,104,-78
104900025,65,118,-53
104900026,0,36,-36
104900027,642,350,292
104900028,18,68,-50
104900029,17,68,-51
104900030,504,195,309
104900031,55,241,-186
104900032,28,64,-36
104900033,215,265,-50
104900034,480,158,322
104900035,482,226,256
104900036,297,63,234
104900037,171,110,61
104900038,181,904,-723
104900039,363,523,-160
104900040,517,71,446
104900041,340,135,205
104900042,229,135,94
104900043,19,254,-235
104900044,894,180,714
104900045,435,81,354
104900046,279,88,191
104900047,439,85,354
104900048,387,59,328
104900049,70,41,29
104900050,380,60,320
104900051,317,27,290
104900052,127,6,121
104900053,419,105,314
104900054,288,31,257
104900055,148,3,145
104900056,180,30,150
104900057,24,1,23
104900058,548,898,-350
104900059,143,66,77
104900060,3,516,-513
104900061,182,231,-49
104900063,0,125,-125
104900064,1,79,-78
104900065,1,207,-206
104900066,1,82,-81
104900067,12,232,-220
104900068,40,182,-142
104900070,168,228,-60
104900071,1,380,-379
104900072,80,208,-128
104900073,131,85,46
104900074,73,181,-108
104900075,109,19,90
104900076,155,159,-4
104900077,547,327,220
104900078,231,226,5
104900079,107,520,-413
104900080,118,344,-226
104900082,6,327,-321
104900085,5,97,-92
104900087,282,2,280
104900089,341,0,341
104900090,1099,811,288
104900091,589,443,146
104900093,201,304,-103
104900097,1600,2760,-1160
104900098,242,36,206
104900099,62,643,-581
104900100,257,133,124
104900102,80,77,3
104900103,380,57,323
104900104,1869,2176,-307
104900106,175,83,92
104900107,115,114,1
104900108,69,141,-72
104900109,78,153,-75
104900110,9,47,-38
104900111,317,99,218
104900112,309,289,20
104900113,835,222,613
104900114,434,278,156
104900115,861,204,657
104900116,475,94,381
104900118,37,45,-8
104900119,2,60,-58
104900120,14,363,-349
104900121,0,22,-22
104900122,3,38,-35
104900123,101,35,66
104900124,57,0,57
104900125,454,2,452
104900126,56,33,23
104900127,20,63,-43
104900128,80,101,-21
104900129,993,2501,-1508
105000001,2759,1443,1316
105000002,2483,1498,985
105000003,2916,3495,-579
105000004,701,662,39
105000005,1246,1132,114
105000006,1423,1654,-231
105000007,1564,1922,-358
105000008,1141,4038,-2897
105000009,2995,3270,-275
105000010,2415,1085,1330
105000011,3829,3210,619
105000012,2759,1842,917
105000013,1158,1412,-254
105000014,2527,3744,-1217
105000015,8320,14616,-6296
105000016,1187,1245,-58
105000017,1342,658,684
105000018,841,1631,-790
105000019,818,878,-60
105000020,92,481,-389
105000021,149,150,-1
105000022,167,128,39
105000023,509,240,269
105000028,45,80,-35
105000029,578,1625,-1047
105000030,2877,1718,1159
105000033,863,1101,-238
105000034,119,1113,-994
105000037,494,264,230
105000038,1245,1674,-429
105000039,1508,880,628
105000040,958,1457,-499
105000041,385,880,-495
105000042,2148,1743,405
105000043,969,1627,-658
105000044,744,489,255
105000045,258,398,-140
105000046,1277,406,871
105000047,417,573,-156
105000048,667,226,441
105000049,229,310,-81
105000050,735,390,345
105000051,150,291,-141
105000052,565,774,-209
105000053,69,115,-46
105000054,352,815,-463
105000055,846,290,556
105000056,1524,1743,-219
105000057,1233,502,731
105000058,1130,892,238
105000059,791,425,366
105000060,452,376,76
105000061,850,507,343
105000062,529,498,31
105000063,320,240,80
105000064,2104,571,1533
105000065,358,351,7
105000066,837,947,-110
105000067,1462,721,741
105000068,307,655,-348
105000069,1190,2255,-1065
105000070,370,1046,-676
105000071,231,1191,-960
105000072,1019,2874,-1855
105000073,968,647,321
105000074,712,411,301
105000075,452,543,-91
105000076,919,673,246
105000077,1631,984,647
105000078,956,1236,-280
105000079,913,3156,-2243
105000080,1540,1443,97
105000081,2079,1454,625
105000082,770,2460,-1690
105000083,2986,3939,-953
105000084,476,574,-98
105000085,1964,2485,-521
105000086,684,632,52
105000087,1288,1318,-30
105000088,1145,1619,-474
105000089,1935,1337,598
105000090,833,562,271
105000091,827,1000,-173
105000092,570,707,-137
105000093,256,302,-46
105000094,205,241,-36
105000095,96,451,-355
105000096,1058,1427,-369
105000097,605,683,-78
105000098,937,557,380
105000099,651,617,34
105000100,1750,1096,654
105000101,1959,1283,676
105000102,1547,1357,190
105000103,1123,1918,-795
105000104,2311,1092,1219
105000105,939,1489,-550
105000106,1520,1066,454
105000107,1533,775,758
105000108,1965,1172,793
105000109,1842,986,856
105000110,892,410,482
105000111,962,508,454
105000112,1225,425,800
105000113,499,739,-240
105000114,1697,1292,405
105000115,391,1270,-879
105000116,1016,552,464
105000117,774,478,296
105000118,714,366,348
105000119,516,450,66
105000120,1416,411,1005
105000121,816,548,268
105000122,456,692,-236
105000123,827,713,114
105000124,2208,676,1532
105000125,869,963,-94
105000126,2295,1028,1267
105000127,2479,1204,1275
105000128,695,815,-120
105000129,1002,211,791
105000130,257,3407,-3150
105000131,472,208,264
105000132,1144,827,317
105000133,540,637,-97
105000134,1132,504,628
105000135,375,339,36
105000136,161,207,-46
105000137,674,210,464
105000138,208,213,-5
105000139,901,600,301
105000140,604,429,175
105000141,320,366,-46
105000142,295,420,-125
105000143,185,402,-217
105000144,260,511,-251
105000145,874,288,586
105000146,386,596,-210
105000147,704,262,442
105000148,1064,507,557
105000149,2902,1994,908
105000150,1328,803,525
105000151,589,370,219
105000152,184,343,-159
105000153,707,651,56
105000154,568,382,186
105000155,424,748,-324
105000156,479,492,-13
105000157,645,1080,-435
105000158,1849,692,1157
105000159,283,763,-480
105000160,2657,583,2074
105000161,694,796,-102
105000162,747,2070,-1323
105000163,904,660,244
105000164,135,236,-101
105000165,627,6611,-5984
105000166,3369,1324,2045
105000167,1262,2455,-1193
105000168,478,370,108
105000169,735,134,601
105000170,303,919,-616
105000171,1117,177,940
105000172,202,25,177
105000173,348,48,300
105000174,98,48,50
105000175,156,69,87
105000176,582,72,510
105000177,410,194,216
105000178,353,243,110
105000179,954,100,854
105000180,294,73,221
105000181,176,147,29
105000182,72,22,50
105000183,1718,2557,-839
105000184,904,830,74
105000185,955,1178,-223
105000186,349,604,-255
105000187,783,209,574
105000188,196,159,37
105000189,107,485,-378
105000190,273,237,36
105000191,341,223,118
105000192,399,65,334
105000193,92,144,-52
105000194,530,141,389
105000195,297,540,-243
105000196,60,225,-165
105000197,261,455,-194
105000198,359,215,144
105000199,106,464,-358
105000200,106,410,-304
105000201,98,50,48
105000203,15,92,-77
105000204,107,49,58
105000205,81,90,-9
105000207,183,115,68
105000208,190,575,-385
105000209,139,204,-65
105000212,1123,566,557
105000213,98,193,-95
105000214,167,174,-7
105000215,441,143,298
105000216,188,135,53
105000217,158,198,-40
105000218,1779,1058,721
105000221,172,153,19
105000222,382,87,295
105000223,285,92,193
105000226,90,115,-25
105000227,98,99,-1
105000228,155,2025,-1870
105000229,138,611,-473
105000231,512,318,194
105000233,867,727,140
105000234,426,754,-328
105000235,468,558,-90
105000237,936,49,887
105000243,27,96,-69
105000248,59,84,-25
105000262,489,575,-86
105000269,140,186,-46
105000270,623,24,599
105000271,1,102,-101
105000282,39,27,12
105000287,293,112,181
105000288,677,389,288
105000289,1468,2010,-542
105000290,19,11,8
105000402,2122,3778,-1656
105000426,253,694,-441
105000438,2297,1560,737
105000446,5983,3804,2179
105000447,2615,1540,1075
105000454,878,294,584
105000455,216,87,129
105000474,75,4,71
105000477,783,624,159
105000478,2036,5240,-3204
105000479,86,117,-31
105000480,6385,8338,-1953
105000481,4260,3764,496
105000482,2863,4967,-2104
105000483,1658,2687,-1029
105000484,1406,2079,-673
105000485,1131,3463,-2332
105000486,1708,1977,-269
105000488,5571,2841,2730
105000489,985,640,345
105000549,96,124,-28
105000550,400,1016,-616
105000551,45,74,-29
105000552,1656,873,783
105000555,522,981,-459
105900001,6,1864,-1858
105900002,609,795,-186
105900003,27,85,-58
105900004,155,99,56
105900005,9,216,-207
105900006,25,139,-114
105900007,48,29,19
105900008,86,288,-202
105900009,28,14,14
105900011,154,31,123
105900012,525,105,420
105900013,6,39,-33
105900014,4,70,-66
105900015,133,380,-247
105900016,547,242,305
105900017,1534,21,1513
105900018,269,152,117
105900019,58,302,-244
105900020,41,56,-15
105900021,28,326,-298
105900022,269,165,104
105900023,12,95,-83
105900024,8,200,-192
105900025,246,12,234
105900026,198,15,183
105900027,11025,6388,4637
105900028,352,212,140
105900029,1598,340,1258
105900030,225,230,-5
105900031,328,145,183
105900032,81,88,-7
105900033,60,97,-37
105900034,274,159,115
105900035,221,182,39
105900036,130,94,36
105900037,93,52,41
105900038,184,217,-33
105900039,117,80,37
105900040,94,96,-2
105900041,142,169,-27
105900042,96,112,-16
105900043,973,50,923
105900044,4,231,-227
105900045,4,842,-838
105900046,19,280,-261
105900047,11,43,-32
105900048,86,359,-273
105900050,4749,6902,-2153
105900051,88,1087,-999
105900052,602,249,353
105900053,1930,3128,-1198
105900054,186,148,38
105900056,450,365,85
105900057,30,115,-85
105900058,20,5,15
105900059,4,57,-53
106000001,2619,2172,447
106000002,1062,3971,-2909
106000003,2653,3241,-588
106000004,1411,1911,-500
106000005,3948,4357,-409
106000006,4160,1803,2357
106000007,529,461,68
106000008,438,254,184
106000009,590,309,281
106000010,469,501,-32
106000011,1579,975,604
106000012,968,767,201
106000013,1923,1653,270
106000014,1480,969,511
106000015,2075,1221,854
106000016,1138,1238,-100
106000017,527,723,-196
106000018,484,433,51
106000019,379,454,-75
106000020,398,241,157
106000021,293,383,-90
106000022,290,174,116
106000023,687,229,458
106000024,531,318,213
106000025,93,147,-54
106000026,81,131,-50
106000027,1571,1246,325
106000028,734,260,474
106000029,663,612,51
106000030,256,522,-266
106000034,166,308,-142
106000035,899,2053,-1154
106000036,147,393,-246
106000037,1256,1116,140
106000038,116,97,19
106000039,70,99,-29
106000040,98,908,-810
106000041,636,604,32
106000043,442,260,182
106000046,285,93,192
106000047,43,411,-368
106000049,1142,236,906
106000050,309,412,-103
106000051,810,591,219
106000052,115,331,-216
106000053,597,151,446
106000054,293,262,31
106000055,1120,691,429
106000056,299,220,79
106000057,579,224,355
106000058,124,81,43
106000059,353,330,23
106000060,256,284,-28
106000061,237,517,-280
106000062,158,368,-210
106000063,856,671,185
106000064,25,230,-205
106000065,397,321,76
106000066,109,263,-154
106000067,504,89,415
106000068,77,474,-397
106000069,357,75,282
106000070,383,516,-133
106000071,974,304,670
106000072,2035,1226,809
106000073,1260,3365,-2105
106000074,729,716,13
106000075,337,1207,-870
106000076,1651,1464,187
106000077,2550,969,1581
106000078,1171,641,530
106000079,764,644,120
106000080,1203,450,753
106000081,762,794,-32
106000082,1895,576,1319
106000083,466,1122,-656
106000084,966,553,413
106000085,1078,1306,-228
106000086,549,594,-45
106000087,987,457,530
106000088,346,679,-333
106000089,1109,275,834
106000090,316,494,-178
106000091,273,381,-108
106000092,629,219,410
106000093,305,128,177
106000094,68,212,-144
106000095,1157,544,613
106000096,974,458,516
106000097,1389,560,829
106000098,857,597,260
106000099,221,513,-292
106000100,1364,177,1187
106000101,843,182,661
106000102,96,496,-400
106000103,252,433,-181
106000104,841,362,479
106000105,410,401,9
106000106,733,253,480
106000107,194,176,18
106000108,362,144,218
106000109,207,173,34
106000110,362,148,214
106000111,184,167,17
106000112,286,502,-216
106000113,558,375,183
106000114,396,582,-186
106000115,218,210,8
106000116,318,233,85
106000117,808,394,414
106000118,1341,1231,110
106000119,819,561,258
106000120,977,1228,-251
106000121,270,156,114
106000122,156,95,61
106000123,645,81,564
106000124,112,96,16
106000125,29,131,-102
106000126,390,63,327
106000127,1039,472,567
106000128,900,112,788
106000129,539,340,199
106000130,943,253,690
106000131,134,578,-444
106000132,493,163,330
106000133,1140,1119,21
106000134,378,1959,-1581
106000135,115,375,-260
106000136,640,1052,-412
106000137,46,452,-406
106000138,1541,94,1447
106000139,61,63,-2
106000140,35,40,-5
106000141,147,39,108
106000142,114,47,67
106000143,24,21,3
106000144,27,67,-40
106000145,349,147,202
106000146,514,123,391
106000147,306,278,28
106000148,292,377,-85
106000149,727,259,468
106000150,536,1645,-1109
106000151,2429,672,1757
106000152,701,1793,-1092
106000153,80,1402,-1322
106000154,772,166,606
106000155,147,269,-122
106000156,1323,195,1128
106000157,680,1367,-687
106000158,1428,883,545
106000159,1889,1811,78
106000160,466,3022,-2556
106000161,1060,210,850
106000162,326,1027,-701
106000163,445,225,220
106000164,581,230,351
106000165,279,309,-30
106000166,890,274,616
106000167,464,522,-58
106000168,758,215,543
106000169,271,356,-85
106000170,981,248,733
106000171,310,1076,-766
106000172,2667,1267,1400
106000173,1119,2015,-896
106000174,1230,342,888
106000175,225,449,-224
106000176,1847,821,1026
106000177,840,1619,-779
106000178,3184,1396,1788
106000179,729,1305,-576
106000180,675,663,12
106000181,1167,1308,-141
106000182,1737,555,1182
106000183,1891,421,1470
106000184,2214,519,1695
106000185,1190,1293,-103
106000186,568,106,462
106000187,138,856,-718
106000188,4,1,3
106000189,15,38,-23
106000190,26,3,23
106000191,730,144,586
106000192,2,9,-7
106000193,387,205,182
106000194,131,347,-216
106000195,472,196,276
106000196,135,529,-394
106000197,727,282,445
106000198,241,206,35
106000199,589,800,-211
106000200,155,231,-76
106000201,378,3545,-3167
106000202,2063,490,1573
106000203,12,128,-116
106000204,80,10,70
106000205,7,99,-92
106000206,95,16,79
106000207,23,346,-323
106000208,1742,235,1507
106000209,1786,570,1216
106000210,234,495,-261
106000211,155,817,-662
106000212,834,519,315
106000213,283,1524,-1241
106000214,1328,691,637
106000215,308,366,-58
106000216,426,303,123
106000217,189,263,-74
106000218,396,262,134
106000219,134,182,-48
106000220,396,195,201
106000221,246,85,161
106000222,74,70,4
106000223,379,118,261
106000224,299,82,217
106000225,107,139,-32
106000226,138,147,-9
106000228,51,58,-7
106000229,93,478,-385
106000231,1107,112,995
106000232,78,225,-147
106000233,581,67,514
106000234,56,280,-224
106000235,406,158,248
106000236,122,156,-34
106000237,0,19,-19
106000238,27,67,-40
106000239,5,106,-101
106000240,37,13,24
106000241,12,392,-380
106000242,241,23,218
106000249,70,27,43
106000250,100,439,-339
106000251,137,36,101
106000252,10,63,-53
106000253,63,81,-18
106000254,78,26,52
106000255,18,132,-114
106000256,36,29,7
106000257,132,190,-58
106000258,166,44,122
106000259,0,63,-63
106000260,28,4,24
106000261,3,43,-40
106000262,93,12,81
106000263,9,50,-41
106000264,180,7,173
106000265,18,104,-86
106000266,110,25,85
106000267,7,70,-63
106000268,285,71,214
106000269,43,28,15
106000270,109,290,-181
106000271,96,88,8
106000272,210,34,176
106000273,4,187,-183
106000274,140,25,115
106000275,120,204,-84
106000276,104,23,81
106000277,121,247,-126
106000278,132,30,102
106000279,17,16,1
106000280,94,36,58
106000281,73,33,40
106000282,58,49,9
106000283,150,38,112
106000284,99,106,-7
106000285,113,60,53
106000286,94,99,-5
106000287,114,78,36
106000288,84,108,-24
106000289,81,71,10
106000290,65,46,19
106000291,97,77,20
106000292,81,73,8
106000293,146,89,57
106000294,95,104,-9
106000295,73,31,42
106000296,22,75,-53
106000297,51,229,-178
106000298,98,84,14
106000299,105,103,2
106000300,60,94,-34
106000301,97,88,9
106000303,61,80,-19
106000304,29,32,-3
106000305,38,38,0
106000306,51,54,-3
106000307,88,22,66
106000308,43,61,-18
106000309,38,80,-42
106000310,300,267,33
106000311,367,185,182
106000312,179,102,77
106000313,347,149,198
106000318,55,378,-323
106000319,1298,376,922
106000320,0,94,-94
106000321,210,160,50
106000322,238,66,172
106000324,15,128,-113
106000325,1842,878,964
106000326,921,1101,-180
106000327,242,70,172
106000328,22,115,-93
106000329,94,245,-151
106000330,30,106,-76
106000428,125,174,-49
106000429,180,278,-98
106000430,357,915,-558
106000431,2290,363,1927
106000432,1082,1988,-906
106000433,2487,1354,1133
106000434,3027,1585,1442
106000435,996,2172,-1176
106000436,13,97,-84
106000437,312,82,230
106000438,385,241,144
106000439,68,398,-330
106000440,220,361,-141
106000441,0,1,-1
106000442,228,9,219
106000443,216,127,89
106000450,2,58,-56
106000451,19,102,-83
106000454,2,102,-100
106000455,8,86,-78
106000456,107,34,73
106000457,38,353,-315
106000458,1179,50,1129
106000459,205,124,81
106000460,1620,18,1602
106000461,188,376,-188
106000462,1,39,-38
106000463,1,8,-7
106000464,10,157,-147
106000465,982,2,980
106000466,15,177,-162
106000467,147,221,-74
106000468,83,126,-43
106000469,84,3,81
106000470,236,1851,-1615
106000471,5,241,-236
106000472,167,13,154
106000473,44,18,26
106000474,270,301,-31
106000475,344,93,251
106000476,127,289,-162
106000477,27,61,-34
106000480,0,380,-380
106900001,0,9,-9
106900002,0,142,-142
106900003,123,864,-741
106900004,1,9,-8
106900006,0,7,-7
106900007,0,12,-12
106900008,464,59,405
106900009,379,189,190
106900010,274,211,63
106900012,1005,2492,-1487
106900013,535,196,339
106900014,26,1,25
106900015,16,4,12
106900016,461,25,436
106900017,7,0,7
106900018,4,0,4
106900019,105,3,102
106900020,1495,1827,-332
106900021,263,163,100
106900022,1052,2,1050
106900023,24,120,-96
106900024,538,73,465
106900025,39,356,-317
106900026,1,179,-178
106900027,1133,1,1132
107000001,2915,4874,-1959
107000002,1656,2752,-1096
107000003,6999,6651,348
107000004,3318,2219,1099
107000005,6946,5983,963
107000006,3201,1736,1465
107000007,5234,9064,-3830
107000008,4867,3916,951
107000009,8625,7815,810
107000010,5654,4662,992
107000011,611,820,-209
107000012,2423,1708,715
107000013,106,36,70
107000014,57,82,-25
107000015,458,353,105
107000016,795,426,369
107000017,976,2260,-1284
107000018,13,1819,-1806
107000020,834,2152,-1318
107000021,1084,371,713
107000022,625,1508,-883
107000023,1590,187,1403
107000024,566,1191,-625
107000025,196,316,-120
107000026,334,338,-4
107000027,1393,835,558
107000028,1272,741,531
107000029,3698,3082,616
107000030,2028,1606,422
107000031,5149,2680,2469
107000032,356,627,-271
107000033,2162,3141,-979
107000034,3577,1132,2445
107000035,431,271,160
107000036,471,1369,-898
107000037,123,640,-517
107000038,213,202,11
107000039,1056,948,108
107000040,225,264,-39
107000041,1659,897,762
107000042,515,1824,-1309
107000043,1865,941,924
107000044,252,280,-28
107000045,79,255,-176
107000046,774,377,397
107000047,465,650,-185
107000048,836,241,595
107000049,522,603,-81
107000050,1075,526,549
107000051,184,248,-64
107000052,1120,1160,-40
107000053,333,229,104
107000054,26,203,-177
107000055,294,146,148
107000056,377,515,-138
107000057,1059,165,894
107000058,2009,2317,-308
107000059,1841,2513,-672
107000060,5218,5187,31
107000061,4082,2538,1544
107000062,6003,2910,3093
107000063,4102,3039,1063
107000064,5426,2758,2668
107000065,3152,2847,305
107000066,1723,3103,-1380
107000067,1328,1604,-276
107000068,1050,966,84
107000069,1194,717,477
107000070,1295,4,1291
107000071,4657,65,4592
107000072,37,1548,-1511
107000073,972,565,407
107000074,165,613,-448
107000075,2207,750,1457
107000076,400,897,-497
107000077,4205,1531,2674
107000078,1613,1858,-245
107000079,3098,1205,1893
107000080,805,1818,-1013
107000081,2860,701,2159
107000082,719,871,-152
107000083,1652,672,980
107000084,278,887,-609
107000085,2967,2983,-16
107000086,2591,2347,244
107000087,3041,2018,1023
107000088,2812,2400,412
107000089,1950,1688,262
107000090,1149,675,474
107000091,1854,908,946
107000092,939,678,261
107000093,1528,906,622
107000094,889,692,197
107000095,1072,599,473
107000096,580,532,48
107000097,898,307,591
107000098,429,315,114
107000099,375,329,46
107000100,253,224,29
107000101,111,164,-53
107000102,194,265,-71
107000103,251,157,94
107000104,162,178,-16
107000105,384,106,278
107000106,164,171,-7
107000107,665,113,552
107000108,154,297,-143
107000109,799,111,688
107000110,36,252,-216
107000111,526,45,481
107000112,39,174,-135
107000113,866,121,745
107000114,88,303,-215
107000115,832,221,611
107000116,107,385,-278
107000117,129,1020,-891
107000118,73,88,-15
107000119,1288,1606,-318
107000120,775,617,158
107000121,1049,617,432
107000122,1051,490,561
107000123,528,477,51
107000124,589,423,166
107000125,1433,433,1000
107000126,1209,356,853
107000129,236,277,-41
107000130,747,303,444
107000131,420,413,7
107000132,607,284,323
107000133,344,126,218
107000134,309,0,309
107000135,3,369,-366
107000136,689,10,679
107000137,10,552,-542
107000138,204,44,160
107000139,5,680,-675
107000140,1771,105,1666
107000141,136,788,-652
107000142,500,84,416
107000143,96,569,-473
107000144,630,535,95
107000145,147,340,-193
107000146,198,352,-154
107000147,3180,706,2474
107000150,396,2751,-2355
107000151,29,65,-36
107000152,602,2023,-1421
107000153,116,280,-164
107000154,65,357,-292
107000155,921,17,904
107000156,1438,25,1413
107000157,68,548,-480
107000158,848,21,827
107000159,20,413,-393
107000160,1757,206,1551
107000161,107,563,-456
107000162,385,658,-273
107000163,203,0,203
107000164,1038,2,1036
107000165,1528,7,1521
107000166,25,503,-478
107000167,850,192,658
107000168,1326,594,732
107000169,525,487,38
107000170,3475,877,2598
107000171,745,848,-103
107000172,1509,1982,-473
107000173,514,484,30
107000174,1195,6509,-5314
107000175,3579,983,2596
107000176,3,2,1
107000177,1,3,-2
107000178,31,13,18
107000179,392,957,-565
107000180,1969,191,1778
107000181,485,529,-44
107000182,2464,640,1824
107000183,211,411,-200
107000184,1299,515,784
107000185,457,844,-387
107000186,1359,500,859
107000187,1368,1464,-96
107000188,601,607,-6
107000189,633,815,-182
107000190,749,736,13
107000191,769,720,49
107000192,1996,526,1470
107000193,420,504,-84
107000194,644,496,148
107000197,1078,338,740
107000198,359,489,-130
107000199,992,559,433
107000200,568,563,5
107000201,498,415,83
107000202,311,399,-88
107000203,908,1433,-525
107000204,885,1730,-845
107000205,1401,694,707
107000206,501,1639,-1138
107000207,482,1363,-881
107000208,618,635,-17
107000209,976,1539,-563
107000210,254,221,33
107000211,6,60,-54
107000212,25,258,-233
107000213,6,28,-22
107000214,11,93,-82
107000215,533,254,279
107000216,571,274,297
107000217,298,231,67
107000219,135,270,-135
107000220,283,141,142
107000222,208,379,-171
107000224,558,147,411
107000225,161,207,-46
107000226,638,157,481
107000227,101,150,-49
107000228,203,526,-323
107000229,64,98,-34
107000230,890,330,560
107000231,647,1858,-1211
107000232,127,21,106
107000233,418,951,-533
107000234,3,88,-85
107000235,102,34,68
107000236,14,368,-354
107000237,71,1,70
107000238,50,3,47
107000239,1866,601,1265
107000240,121,415,-294
107000241,58,11,47
107000242,244,34,210
107000243,0,29,-29
107000244,3,75,-72
107000246,0,1014,-1014
107000249,4,1074,-1070
107000251,1,251,-250
107000252,0,484,-484
107000255,238,187,51
107000257,6,418,-412
107000258,1,162,-161
107000259,3,135,-132
107000260,2015,30,1985
107000262,20,225,-205
107000263,359,8,351
107000266,5,11,-6
107000267,39,81,-42
107000268,118,60,58
107000269,76,4,72
107000270,352,94,258
107000271,9,0,9
107000272,219,6,213
107000273,1,185,-184
107000274,919,280,639
107000275,25,1450,-1425
107000280,1172,45,1127
107000281,36,371,-335
107000282,38,404,-366
107000290,12,32,-20
107000291,23,5,18
107000292,1,202,-201
107000293,28,6,22
107000294,0,57,-57
107000295,26,2,24
107000296,0,13,-13
107000444,242,1,241
107000496,9,5,4
107000497,1052,1075,-23
107000500,441,213,228
107000501,121,181,-60
107000502,204,225,-21
107000505,251,573,-322
107000506,0,0,0
107000508,14,302,-288
107000509,172,616,-444
107000510,52,64,-12
107000514,42,379,-337
107000515,14,70,-56
107000516,481,370,111
107000518,1302,2107,-805
107000519,1158,602,556
107000520,106,42,64
107000521,706,180,526
107000522,1068,404,664
107900001,124,62,62
107900002,62,15,47
107900003,968,18,950
107900004,119,2,117
107900005,1884,6,1878
107900006,249,4,245
107900007,432,33,399
107900008,79,8,71
107900009,165,9,156
107900010,59,2,57
107900012,274,80,194
107900013,258,21,237
107900014,67,18,49
107900015,1600,25,1575
107900016,279,124,155
107900017,32,3,29
107900018,91,278,-187
107900019,32,12,20
107900020,69,15,54
107900021,154,69,85
107900023,2,1,1
107900024,0,7,-7
107900025,223,230,-7
107900026,123,21,102
107900027,27,62,-35
107900028,210,70,140
107900030,238,65,173
107900031,81,72,9
107900032,14,9,5
107900033,36,10,26
107900034,371,24,347
107900035,1522,81,1441
107900036,74,33,41
107900037,0,15,-15
107900038,86,275,-189
107900039,49,33,16
107900040,11,240,-229
107900041,4,4,0
107900043,79,79,0
107900044,11,4,7
107900045,152,72,80
107900046,206,277,-71
107900047,64,15,49
107900048,236,21,215
107900049,276,1007,-731
107900050,50,199,-149
107900051,97,35,62
107900052,12,39,-27
107900053,75,70,5
107900055,623,280,343
107900056,126,97,29
107900057,13,0,13
107900058,22,485,-463
107900060,32,47,-15
107900061,15,30,-15
107900063,85,157,-72
107900064,237,233,4
107900065,358,18,340
107900066,32,9,23
107900067,0,0,0
107900068,122,821,-699
107900069,25,2475,-2450
107900070,219,105,114
107900071,18,313,-295
107900072,167,117,50
107900073,171,54,117
107900074,361,363,-2
107900076,189,37,152
107900077,150,8,142
107900078,139,62,77
107900079,19,31,-12
107900080,218,961,-743
107900081,101,52,49
107900082,12,2,10
107900083,429,157,272
107900084,160,156,4
107900086,42,219,-177
107900087,235,182,53
107900088,78,23,55
107900089,162,746,-584
107900090,465,2908,-2443
107900091,142,121,21
107900092,1167,236,931
107900093,91,40,51
107900095,1700,2128,-428
107900097,34,70,-36
107900098,76,245,-169
107900100,657,1615,-958
107900101,546,100,446
107900102,28,8,20
107900103,50,125,-75
107900104,231,8,223
107900105,2,143,-141
107900106,0,394,-394
107900107,1001,486,515
107900108,170,120,50
107900109,2286,69,2217
107900110,89,28,61
107900111,5,298,-293
107900112,73,455,-382
107900113,305,32,273
107900114,295,83,212
107900115,2,25,-23
107900116,225,74,151
107900117,233,141,92
107900118,41,74,-33
107900119,110,282,-172
107900120,34,47,-13
107900121,1,107,-106
107900122,1,71,-70
107900123,4,70,-66
107900124,24,27,-3
107900125,46,177,-131
107900126,22,66,-44
107900127,326,374,-48
107900128,112,82,30
107900129,126,12,114
107900130,108,15,93
107900131,173,482,-309
107900132,86,152,-66
107900133,3,40,-37
107900134,41,151,-110
107900135,6,77,-71
107900136,20,44,-24
107900137,101,135,-34
107900138,79,30,49
107900139,85,48,37
107900140,11,9,2
107900141,19,35,-16
107900142,57,357,-300
107900143,37,3,34
107900144,4,89,-85
107900145,4,53,-49
107900146,65,172,-107
107900147,49,44,5
107900148,167,92,75
107900149,462,120,342
107900150,39,281,-242
107900151,38,43,-5
107900152,12,99,-87
107900153,82,417,-335
107900154,88,33,55
107900155,105,70,35
107900156,20,129,-109
107900157,23,42,-19
107900158,1110,42,1068
107900159,24,280,-256
107900160,207,144,63
107900161,58,72,-14
107900162,0,62,-62
107900163,11,67,-56
107900164,19,55,-36
107900165,44,207,-163
107900166,27,65,-38
107900167,10,47,-37
107900168,66,26,40
107900169,1,247,-246
107900171,5,342,-337
107900172,1,176,-175
107900173,21,40,-19
107900174,221,7,214
107900175,23,52,-29
107900176,57,18,39
107900177,3,124,-121
107900178,0,107,-107
107900179,23,101,-78
107900180,391,1005,-614
107900181,295,257,38
107900182,4,350,-346
107900183,79,81,-2
107900184,81,131,-50
107900185,203,7,196
107900186,37,59,-22
107900187,0,202,-202
107900188,309,131,178
107900189,23,45,-22
107900190,37,172,-135
107900191,43,70,-27
107900193,1,57,-56
107900194,237,27,210
107900195,871,195,676
107900196,83,45,38
107900197,255,348,-93
107900199,0,410,-410
107900201,85,55,30
107900203,29,25,4
107900204,149,190,-41
107900205,266,309,-43
107900206,938,481,457
107900207,3,308,-305
107900208,19,222,-203
107900209,210,115,95
107900210,53,59,-6
107900213,328,425,-97
107900214,16,41,-25
107900215,130,429,-299
107900216,105,48,57
107900217,23,71,-48
107900218,19,1190,-1171
107900219,60,40,20
107900220,114,236,-122
107900221,179,176,3
107900223,109,223,-114
107900224,71,456,-385
107900225,19,325,-306
107900226,51,52,-1
107900227,120,254,-134
107900228,14,93,-79
107900229,0,69,-69
107900230,33,30,3
107900231,20,104,-84
107900232,146,70,76
107900233,4,70,-66
107900234,145,172,-27
107900235,25,141,-116
107900236,260,56,204
107900237,26,247,-221
107900238,17,43,-26
107900239,338,525,-187
107900240,41,50,-9
107900241,12,49,-37
107900242,26,77,-51
107900243,3,32,-29
107900244,407,5,402
107900245,860,54,806
107900246,313,23,290
107900248,162,108,54
107900249,1211,91,1120
107900250,5,220,-215
107900251,67,607,-540
107900252,1038,44,994
107900253,260,12,248
107900254,52,192,-140
107900255,170,90,80
107900256,502,1046,-544
107900257,371,134,237
107900258,107,102,5
107900259,81,2991,-2910
107900261,3,129,-126
107900262,49,57,-8
107900264,396,11,385
107900265,230,139,91
107900267,487,15,472
107900268,13,2,11
107900269,2,3,-1
107900270,1,1,0
107900271,2,30,-28
107900272,40,52,-12
107900273,86,56,30
107900274,144,0,144
107900275,21,0,21
107900276,0,47,-47
107900277,0,119,-119
107900278,441,189,252
107900279,55,100,-45
107900280,2306,1756,550
107900281,445,4019,-3574
107900282,30,822,-792
107900283,726,763,-37
107900284,775,321,454
107900285,165,36,129
107900286,75,68,7
107900287,348,168,180
107900290,0,259,-259
107900291,655,33,622
107900292,113,60,53
107900293,73,134,-61
107900295,52,28,24
107900297,4,230,-226
107900298,499,353,146
107900299,1968,2705,-737
107900300,121,369,-248
107900301,625,926,-301
107900302,139,46,93
107900303,333,189,144
107900304,522,199,323
107900305,380,13,367
107900306,4,90,-86
107900307,45,221,-176
107900308,190,185,5
107900309,71,1,70
107900310,115,3,112
107900311,4,544,-540
107900312,78,1,77
107900313,0,143,-143
107900314,0,31,-31
107900315,2,157,-155
107900316,29,1,28
107900317,116,8,108
107900318,6,179,-173
107900319,7,61,-54
107900320,4,79,-75
107900321,196,11,185
107900322,2,37,-35
107900323,30,75,-45
107900324,162,4,158
107900325,153,0,153
107900326,457,97,360
107900327,1,152,-151
107900328,55,1,54
107900329,64,136,-72
107900330,12,96,-84
107900331,452,17,435
107900332,537,5,532
107900333,110,20,90
107900334,10,49,-39
107900335,53,29,24
107900336,31,83,-52
107900337,543,1080,-537
107900338,3,93,-90
107900339,0,5,-5
107900340,1,76,-75
107900341,75,2,73
107900342,172,63,109
107900343,63,2,61
107900344,9,13,-4
107900345,124,26,98
107900346,30,1,29
107900347,14,1,13
107900348,2,4,-2
107900349,26,26,0
107900350,6,167,-161
107900351,2,68,-66
107900352,0,7,-7
107900353,9,9,0
107900354,4,16,-12
108000001,3595,3638,-43
108000002,1560,1603,-43
108000003,2998,3616,-618
108000004,9071,9864,-793
108000005,7392,6301,1091
108000006,4934,4748,186
108000007,5042,4138,904
108000008,3395,3859,-464
108000009,4491,4845,-354
108000010,2913,2944,-31
108000011,12085,10852,1233
108000012,9713,9342,371
108000014,531,1155,-624
108000015,935,180,755
108000016,372,593,-221
108000017,1142,321,821
108000018,2249,709,1540
108000019,1432,908,524
108000020,1423,514,909
108000021,322,1279,-957
108000022,378,831,-453
108000023,1582,283,1299
108000024,304,302,2
108000025,368,159,209
108000026,796,282,514
108000027,945,241,704
108000028,734,189,545
108000029,665,303,362
108000030,508,177,331
108000031,213,352,-139
108000032,2172,709,1463
108000033,864,687,177
108000034,1869,540,1329
108000035,678,1370,-692
108000036,424,626,-202
108000037,2145,398,1747
108000038,3064,588,2476
108000039,509,1172,-663
108000040,2316,1004,1312
108000041,598,1585,-987
108000042,482,159,323
108000043,223,155,68
108000044,860,130,730
108000045,363,244,119
108000046,1991,325,1666
108000047,425,610,-185
108000048,114,259,-145
108000049,906,253,653
108000050,71,323,-252
108000051,484,179,305
108000052,121,346,-225
108000053,498,255,243
108000054,399,851,-452
108000055,1156,749,407
108000056,650,1252,-602
108000057,600,1527,-927
108000058,1851,3786,-1935
108000059,1817,1338,479
108000060,251,493,-242
108000061,129,187,-58
108000062,1234,642,592
108000063,505,347,158
108000064,282,214,68
108000065,613,284,329
108000066,1357,810,547
108000067,2162,826,1336
108000068,963,461,502
108000069,187,535,-348
108000070,2528,739,1789
108000071,563,986,-423
108000072,2024,948,1076
108000073,954,1085,-131
108000074,767,484,283
108000075,337,462,-125
108000076,878,597,281
108000077,531,365,166
108000078,2743,1074,1669
108000079,677,771,-94
108000080,1822,499,1323
108000081,553,771,-218
108000082,707,1151,-444
108000083,1998,995,1003
108000084,434,723,-289
108000085,1022,586,436
108000086,548,401,147
108000087,187,2434,-2247
108000088,271,13,258
108000089,381,373,8
108000090,474,223,251
108000091,456,343,113
108000092,213,96,117
108000093,278,251,27
108000094,783,72,711
108000095,245,193,52
108000096,434,163,271
108000097,188,207,-19
108000098,2311,926,1385
108000099,331,51,280
108000100,127,277,-150
108000101,1593,1586,7
108000102,1585,3341,-1756
108000106,863,0,863
108000107,2,617,-615
108000108,588,54,534
108000109,4,436,-432
108000110,327,238,89
108000111,198,452,-254
108000112,89,131,-42
108000113,341,164,177
108000115,308,251,57
108000117,524,380,144
108000118,63,311,-248
108000119,419,214,205
108000120,128,878,-750
108000121,159,258,-99
108000122,773,346,427
108000123,758,85,673
108000124,376,422,-46
108000125,657,135,522
108000126,222,247,-25
108000127,733,226,507
108000128,751,224,527
108000129,329,451,-122
108000130,541,139,402
108000131,901,503,398
108000132,995,786,209
108000133,1290,560,730
108000134,502,334,168
108000135,1380,600,780
108000136,264,508,-244
108000137,693,152,541
108000138,465,397,68
108000139,587,152,435
108000140,214,17,197
108000141,57,20,37
108000142,66,56,10
108000143,38,14,24
108000144,95,4,91
108000145,67,4,63
108000146,150,7,143
108000147,41,12,29
108000148,147,9,138
108000149,43,6,37
108000150,89,2,87
108000151,7,7,0
108000152,154,165,-11
108000153,886,173,713
108000154,50,2,48
108000155,54,36,18
108000156,187,130,57
108000157,179,1627,-1448
108000158,57,828,-771
108000159,288,189,99
108000160,1328,1024,304
108000161,1245,3452,-2207
108000165,12,305,-293
108000172,1,242,-241
108000173,563,2003,-1440
108000175,400,109,291
108000178,325,284,41
108000179,140,977,-837
108000181,55,16,39
108000182,91,19,72
108000183,7,2,5
108000184,533,2529,-1996
108000185,301,221,80
108000186,292,44,248
108000187,187,211,-24
108000188,1038,171,867
108000189,310,1613,-1303
108000190,27,103,-76
108000192,202,246,-44
108000193,476,35,441
108000194,37,6,31
108000195,1,556,-555
108000196,247,160,87
108000198,518,90,428
108000199,1,311,-310
108000200,641,154,487
108000202,0,199,-199
108000203,214,284,-70
108000204,213,133,80
108000205,206,206,0
108000339,767,339,428
108000364,92,252,-160
108000365,41,286,-245
108000367,167,180,-13
108000368,18,83,-65
108000369,462,189,273
108000371,2,480,-478
108000372,641,5,636
108000373,225,73,152
108000376,94,57,37
108000377,656,193,463
108000378,8286,10948,-2662
108000379,25,157,-132
108000381,107,7,100
108000382,66,1,65
108000383,0,248,-248
108900001,85,461,-376
108900002,165,70,95
108900003,228,389,-161
108900004,110,439,-329
108900005,68,520,-452
108900006,810,197,613
108900007,466,145,321
108900008,242,84,158
108900009,145,124,21
108900010,390,133,257
108900011,873,282,591
108900012,569,290,279
108900013,242,224,18
108900014,43,97,-54
108900015,1,202,-201
108900016,2,128,-126
108900017,288,536,-248
108900018,182,251,-69
108900019,43,258,-215
108900020,44,104,-60
108900021,157,146,11
108900022,137,11,126
108900023,4,50,-46
108900024,57,41,16
108900025,248,59,189
108900026,14,57,-43
108900027,0,45,-45
108900028,169,104,65
108900029,77,172,-95
108900030,0,38,-38
108900031,197,149,48
108900032,1,123,-122
108900033,0,80,-80
108900034,0,116,-116
108900035,349,543,-194
108900036,132,206,-74
108900037,43,143,-100
108900038,0,169,-169
108900039,0,167,-167
108900040,17,48,-31
108900041,3204,3656,-452
108900042,10,380,-370
108900043,33,273,-240
108900044,1,198,-197
108900045,127,176,-49
108900046,40,327,-287
108900047,0,166,-166
108900048,84,468,-384
108900049,1047,1890,-843
108900050,2,87,-85
108900051,0,82,-82
108900052,42,88,-46
108900053,39,296,-257
108900054,45,170,-125
108900055,38,363,-325
108900056,4,76,-72
108900057,0,56,-56
108900058,30,163,-133
108900059,727,64,663
108900060,103,253,-150
108900061,67,41,26
108900062,4,112,-108
108900063,19,115,-96
108900064,437,25,412
108900065,9,100,-91
108900066,518,185,333
108900067,7,98,-91
108900068,12,52,-40
108900069,131,31,100
108900070,61,67,-6
108900071,134,51,83
108900072,1378,513,865
108900073,46,85,-39
108900074,358,92,266
108900075,19,38,-19
108900076,577,73,504
108900077,116,199,-83
108900078,52,59,-7
108900079,420,148,272
108900080,28,1071,-1043
108900081,37,182,-145
108900082,192,56,136
108900083,13,326,-313
108900084,256,134,122
108900085,938,148,790
108900086,208,73,135
108900087,85,174,-89
108900088,1080,493,587
108900089,24,297,-273
108900090,103,75,28
108900091,106,65,41
108900092,659,274,385
108900093,145,144,1
108900094,332,94,238
108900095,12,164,-152
108900096,251,11,240
108900097,356,117,239
108900098,1131,933,198
108900099,607,94,513
108900100,97,81,16
108900101,200,335,-135
108900102,66,1408,-1342
108900103,135,146,-11
108900104,98,305,-207
108900105,2,1750,-1748
108900106,718,154,564
108900108,366,33,333
108900109,670,61,609
108900110,292,162,130
108900111,675,244,431
108900112,488,17,471
108900113,38,119,-81
108900114,95,5,90
108900115,188,92,96
108900116,117,12,105
108900117,223,24,199
108900118,863,42,821
108900119,418,33,385
108900120,323,249,74
108900121,311,158,153
108900122,182,23,159
108900123,199,170,29
108900124,703,267,436
108900125,753,20,733
108900126,213,55,158
108900127,253,52,201
108900128,198,53,145
108900129,1043,221,822
108900130,602,5,597
108900131,587,9,578
108900132,553,62,491
108900133,361,52,309
108900134,708,156,552
108900135,334,10,324
108900136,31,2,29
108900137,289,4,285
108900138,1047,39,1008
108900139,661,55,606
108900140,506,120,386
108900141,486,14,472
108900142,141,4,137
108900143,152,1,151
108900144,130,3,127
108900145,369,20,349
108900146,122,0,122
108900147,361,1,360
108900148,68,15,53
108900149,355,226,129
108900150,341,5,336
108900151,74,28,46
108900152,187,10,177
108900153,252,125,127
108900154,5025,409,4616
108900155,345,51,294
108900156,125,10,115
108900157,17,287,-270
108900158,511,31,480
108900159,1,93,-92
108900160,42,205,-163
108900161,3,192,-189
108900162,208,3,205
108900163,19,388,-369
108900164,83,68,15
108900165,87,53,34
108900167,909,9661,-8752
108900168,4016,2685,1331
108900169,45,126,-81
108900171,2644,3448,-804
108900172,177,52,125
108900173,122,256,-134
108900174,1259,515,744
108900176,116,251,-135
108900177,2581,6905,-4324
108900178,2333,3977,-1644
108900179,394,2278,-1884
108900180,231,555,-324
108900182,30,435,-405
108900183,298,212,86
108900184,616,284,332
108900185,109,327,-218
108900186,111,252,-141
108900187,618,42,576
108900188,891,45,846
108900189,497,153,344
108900190,244,1352,-1108
108900191,229,68,161
108900192,106,162,-56
108900193,35,32,3
108900194,4,141,-137
108900195,100,96,4
108900196,84,179,-95
108900198,6,163,-157
108900199,208,229,-21
108900200,671,326,345
108900201,427,950,-523
108900203,566,163,403
108900204,456,19,437
108900205,214,55,159
108900206,433,98,335
108900207,238,229,9
108900208,13,262,-249
108900209,161,446,-285
108900210,223,186,37
108900211,170,660,-490
108900212,277,1581,-1304
108900215,81,249,-168
108900216,264,309,-45
108900217,90,1,89
108900218,122,4,118
108900219,71,12,59
108900220,80,30,50
108900221,31,105,-74
108900222,385,22,363
108900223,2,112,-110
108900224,19,141,-122
108900225,0,141,-141
108900226,441,31,410
108900227,98,528,-430
108900230,118,214,-96
108900231,17,136,-119
108900232,0,101,-101
108900233,466,142,324
108900234,386,161,225
108900235,186,419,-233
108900236,52,183,-131
108900237,34,138,-104
108900240,119,112,7
108900241,25,75,-50
108900245,8,1503,-1495
108900249,112,46,66
108900250,326,146,180
108900257,234,160,74
108900258,10,101,-91
108900259,58,27,31
108900260,4,53,-49
108900261,42,69,-27
108900262,102,82,20
108900263,74,114,-40
108900264,233,216,17
108900265,672,555,117
108900266,293,1120,-827
108900267,3,224,-221
108900268,10,12,-2
108900269,98,32,66
108900270,111,14,97
108900271,75,32,43
108900272,378,37,341
108900273,350,954,-604
108900274,70,41,29
109000001,2401,2101,300
109000002,947,1825,-878
109000003,2963,435,2528
109000004,486,1622,-1136
109000005,2517,544,1973
109000006,795,1506,-711
109000007,2027,667,1360
109000008,608,1295,-687
109000009,3422,1363,2059
109000010,852,2901,-2049
109000011,3900,2194,1706
109000012,1885,2461,-576
109000013,4551,3777,774
109000014,1871,1975,-104
109000015,3876,9143,-5267
109000016,4456,2195,2261
109000017,3049,1217,1832
109000018,1170,1796,-626
109000019,2790,1345,1445
109000020,919,1385,-466
109000023,255,21,234
109000024,14,168,-154
109000025,315,545,-230
109000026,482,301,181
109000027,109,356,-247
109000028,109,95,14
109000029,116,217,-101
109000030,26,334,-308
109000031,304,173,131
109000032,113,361,-248
109000033,374,166,208
109000034,54,69,-15
109000035,9,68,-59
109000036,76,283,-207
109000037,323,2354,-2031
109000038,342,334,8
109000039,1052,1072,-20
109000040,3172,12694,-9522
109000041,1544,2237,-693
109000042,474,1280,-806
109000044,414,102,312
109000045,118,281,-163
109000046,510,97,413
109000047,85,412,-327
109000048,671,270,401
109000049,190,504,-314
109000050,424,277,147
109000051,236,158,78
109000052,564,415,149
109000053,281,75,206
109000054,188,289,-101
109000055,304,359,-55
109000056,365,299,66
109000057,999,504,495
109000058,534,179,355
109000059,374,1383,-1009
109000060,245,305,-60
109000061,520,1384,-864
109000062,148,459,-311
109000063,224,174,50
109000064,364,188,176
109000065,264,127,137
109000066,498,44,454
109000067,73,219,-146
109000068,860,7,853
109000069,636,17,619
109000070,37,1566,-1529
109000071,531,72,459
109000072,69,255,-186
109000073,108,86,22
109000074,20,165,-145
109000075,75,309,-234
109000076,131,275,-144
109000077,266,161,105
109000078,103,158,-55
109000079,116,77,39
109000080,309,78,231
109000081,168,245,-77
109000082,940,139,801
109000083,387,378,9
109000088,158,313,-155
109000089,350,123,227
109000090,147,309,-162
109000091,452,224,228
109000092,269,311,-42
109000093,424,278,146
109000094,967,6,961
109000095,125,262,-137
109000096,855,247,608
109000097,90,137,-47
109000098,33,125,-92
109000099,846,202,644
109000100,294,510,-216
109000101,2019,525,1494
109000102,465,509,-44
109000103,554,428,126
109000104,2401,513,1888
109000105,511,706,-195
109000106,2172,735,1437
109000107,606,1180,-574
109000108,2292,544,1748
109000109,445,955,-510
109000110,1327,482,845
109000111,789,1260,-471
109000112,393,96,297
109000113,398,142,256
109000114,116,254,-138
109000115,1020,21,999
109000116,10,228,-218
109000117,317,25,292
109000118,17,236,-219
109000119,2077,111,1966
109000120,262,450,-188
109000121,782,21,761
109000122,144,329,-185
109000123,30,39,-9
109000124,856,239,617
109000125,967,255,712
109000126,431,377,54
109000127,1249,150,1099
109000128,529,571,-42
109000129,3126,956,2170
109000130,462,657,-195
109000131,1088,785,303
109000132,587,1146,-559
109000133,374,606,-232
109000134,714,946,-232
109000135,684,1231,-547
109000136,286,210,76
109000137,332,337,-5
109000138,492,175,317
109000139,583,308,275
109000140,211,167,44
109000141,575,348,227
109000142,134,441,-307
109000143,130,72,58
109000145,100,257,-157
109000146,33,79,-46
109000148,1843,2170,-327
109000149,21,130,-109
109000150,43,356,-313
109000155,1045,684,361
109000156,961,365,596
109000158,93,247,-154
109000159,111,414,-303
109000160,1391,173,1218
109000161,518,631,-113
109000162,2179,443,1736
109000163,1277,1092,185
109000164,1513,1690,-177
109000165,1500,370,1130
109000166,950,85,865
109000167,147,313,-166
109000170,54,26,28
109000171,75,68,7
109000172,18,41,-23
109000173,43,110,-67
109000174,194,31,163
109000175,43,45,-2
109000176,399,194,205
109000177,31,70,-39
109000178,1030,288,742
109000179,2609,6032,-3423
109000180,3504,3676,-172
109000181,44,12,32
109000182,57,20,37
109000183,45,10,35
109000184,56,20,36
109000185,25,19,6
109000188,469,1013,-544
109000189,2417,534,1883
109000190,779,443,336
109000191,378,318,60
109000192,593,122,471
109000193,246,115,131
109000194,308,42,266
109000195,201,144,57
109000196,313,100,213
109000197,268,216,52
109000198,436,76,360
109000199,111,279,-168
109000206,179,30,149
109000207,124,39,85
109000208,101,82,19
109000209,130,79,51
109000210,120,367,-247
109000211,1023,381,642
109000214,423,176,247
109000215,129,100,29
109000216,358,332,26
109000217,159,139,20
109000218,401,266,135
109000221,332,641,-309
109000222,892,230,662
109000223,469,345,124
109000224,45,50,-5
109000225,130,26,104
109000226,68,111,-43
109000227,1503,559,944
109000228,4,2065,-2061
109000231,3,130,-127
109000232,577,156,421
109000236,299,455,-156
109000241,2112,1309,803
109000242,1558,720,838
109000293,18,83,-65
109000361,82,188,-106
109000364,180,304,-124
109000396,4,289,-285
109000397,805,27,778
109000399,151,305,-154
109000400,134,175,-41
109000403,52,1120,-1068
109000406,319,6,313
109000407,354,196,158
109000408,1,185,-184
109000410,1006,205,801
109000411,247,20,227
109900001,191,0,191
109900002,1170,28,1142
109900003,399,3,396
109900004,551,81,470
109900005,46,7,39
109900006,559,165,394
109900007,1252,247,1005
109900008,0,20,-20
109900009,102,203,-101
109900010,692,13,679
109900011,75,66,9
109900012,421,226,195
109900013,453,252,201
109900014,496,68,428
109900015,367,242,125
109900016,173,19,154
109900017,243,266,-23
109900018,282,49,233
109900019,309,74,235
109900020,35,25,10
109900021,50,11,39
109900022,148,162,-14
109900023,17,8,9
109900024,41,3,38
109900025,13,43,-30
109900026,3,155,-152
109900027,45,26,19
109900028,539,1460,-921
109900029,4,159,-155
109900030,64,4,60
109900031,1,168,-167
109900032,22,214,-192
109900033,2,312,-310
109900034,63,2,61
109900035,19,57,-38
109900036,15,31,-16
109900037,22,342,-320
109900038,131,176,-45
109900039,13,0,13
109900040,41,285,-244
109900041,68,200,-132
109900042,20,468,-448
109900044,192,179,13
109900045,67,47,20
109900046,43,57,-14
109900047,223,244,-21
109900048,0,67,-67
109900049,31,33,-2
109900050,1,78,-77
109900051,0,19,-19
109900052,87,238,-151
109900053,0,101,-101
109900054,988,222,766
109900055,74,196,-122
109900056,29,327,-298
109900057,1,47,-46
109900058,2,63,-61
109900059,1265,113,1152
109900060,760,115,645
109900061,78,186,-108
109900062,0,84,-84
109900063,10,375,-365
109900064,665,197,468
109900065,77,98,-21
109900066,281,435,-154
109900067,1,111,-110
109900068,106,16,90
109900069,4,25,-21
109900070,31,193,-162
109900071,3,10,-7
109900072,9,92,-83
109900073,660,200,460
109900074,40,26,14
109900075,41,25,16
109900076,11,76,-65
109900077,17,28,-11
109900078,64,154,-90
109900080,97,135,-38
109900081,43,300,-257
109900082,64,182,-118
109900083,20,42,-22
109900084,68,87,-19
109900085,150,270,-120
109900086,133,674,-541
109900087,165,408,-243
109900089,796,223,573
109900090,350,758,-408
109900091,518,86,432
109900092,510,26,484
109900093,1321,203,1118
109900094,94,87,7
109900095,79,146,-67
109900096,43,7,36
109900097,115,3,112
109900098,728,43,685
109900099,317,3,314
109900100,120,2,118
109900101,920,14,906
109900102,519,31,488
109900103,64,47,17
109900104,1004,218,786
109900105,698,37,661
109900106,323,51,272
109900107,674,70,604
109900108,174,193,-19
109900109,67,199,-132
109900110,94,201,-107
109900111,192,453,-261
109900112,188,298,-110
109900113,977,782,195
109900114,981,1608,-627
109900115,207,95,112
109900117,1378,112,1266
109900118,193,292,-99
109900119,404,286,118
109900120,69,21,48
109900121,350,499,-149
109900122,621,20,601
109900123,27,83,-56
109900124,55,230,-175
109900125,0,147,-147
109900126,439,66,373
109900128,504,25,479
109900130,3283,3281,2
109900131,33,127,-94
109900132,25,74,-49
109900133,98,158,-60
109900134,71,123,-52
109900135,187,35,152
109900136,32,95,-63
109900137,174,195,-21
109900140,169,88,81
109900142,1716,274,1442
109900145,2,612,-610
109900146,310,46,264
109900148,30,135,-105
109900149,15,47,-32
109900150,11,94,-83
109900151,7,22,-15
109900152,1,18,-17
109900153,0,38,-38
109900154,34,0,34
109900155,103,36,67
109900157,94,174,-80
109900158,48,120,-72
109900159,160,40,120
109900160,186,49,137
109900161,336,94,242
109900162,325,175,150
109900163,373,284,89
109900164,84,184,-100
109900165,369,18,351
109900166,0,140,-140
109900167,137,281,-144
109900168,266,399,-133
109900169,267,112,155
109900170,212,1106,-894
109900171,266,70,196
109900172,249,321,-72
109900173,1354,2743,-1389
109900174,72,91,-19
109900175,120,97,23
109900176,132,114,18
109900177,50,91,-41
109900178,24,143,-119
109900179,41,25,16
109900180,5,5,0
110000001,682,402,280
110000002,480,752,-272
110000003,681,579,102
110000004,404,655,-251
110000005,331,1647,-1316
110000006,185,301,-116
110000007,125,81,44
110000008,39,96,-57
110000009,59,21,38
110000010,22,64,-42
110000011,68,60,8
110000012,455,221,234
110000013,37,612,-575
110000014,382,273,109
110000015,256,471,-215
110000016,193,1601,-1408
110000017,2107,234,1873
110000018,1850,256,1594
110000019,7,54,-47
110000020,479,135,344
110000021,281,343,-62
110000022,985,123,862
110000023,5,59,-54
110000024,533,322,211
110000025,574,9,565
110000026,9,142,-133
110000027,928,1132,-204
110000028,1034,536,498
110000029,482,418,64
110000030,329,277,52
110000031,303,257,46
110000032,797,261,536
110000033,275,216,59
110000034,553,416,137
110000035,830,387,443
110000036,1187,409,778
110000037,292,331,-39
110000038,288,553,-265
110000039,755,3559,-2804
110000040,207,166,41
110000041,306,1891,-1585
110000042,87,374,-287
110000043,701,276,425
110000044,54,661,-607
110000045,234,128,106
110000046,3,22,-19
110000047,19,90,-71
110000048,8,25,-17
110000049,14,8,6
110000050,9,105,-96
110000051,38,29,9
110000052,20,21,-1
110000053,31,45,-14
110000054,96,447,-351
110000055,261,135,126
110000056,78,132,-54
110000057,337,456,-119
110000058,1154,371,783
110000059,1015,400,615
110000060,1217,1007,210
110000061,692,592,100
110000062,616,637,-21
110000063,53,181,-128
110000064,104,38,66
110000065,108,84,24
110000066,103,29,74
110000067,101,125,-24
110000068,374,61,313
110000069,445,41,404
110000071,311,49,262
110000073,31,15,16
110000075,13,58,-45
110000076,323,375,-52
110000077,260,893,-633
110000078,73,18,55
110000080,248,399,-151
110000081,54,255,-201
110000082,39,381,-342
110000083,241,462,-221
110000084,1371,1038,333
110000085,802,1245,-443
110000086,1052,2535,-1483
110000087,23,55,-32
110000088,136,239,-103
110000089,380,72,308
110000090,196,194,2
110000091,803,189,614
110000092,29,65,-36
110000093,39,27,12
110000094,468,198,270
110000095,188,663,-475
110000096,1264,1704,-440
110000097,1045,1445,-400
110000098,1843,623,1220
110000099,717,1151,-434
110000100,1295,244,1051
110000101,47,130,-83
110000102,85,46,39
110000104,486,195,291
110000105,49,185,-136
110000106,672,593,79
110000107,209,269,-60
110000108,90,89,1
110000109,178,254,-76
110000110,1639,3919,-2280
110000111,3144,3212,-68
110000112,443,1385,-942
110000113,127,2647,-2520
110000114,235,828,-593
110000115,445,398,47
110000116,59,41,18
110000117,288,170,118
110000118,515,104,411
110000119,360,292,68
110000120,391,184,207
110000121,83,354,-271
110000122,314,405,-91
110000123,661,679,-18
110000124,0,600,-600
110000125,1070,8,1062
110000126,343,44,299
110000127,1261,98,1163
110000128,66,747,-681
110000129,6,311,-305
110000130,248,285,-37
110000131,137,202,-65
110000132,0,413,-413
110000133,33,348,-315
110000134,31,350,-319
110000135,162,35,127
110000136,68,277,-209
110000137,625,436,189
110000138,1027,410,617
110000139,935,582,353
110000140,831,799,32
110000143,532,384,148
110000144,3224,2401,823
110000145,1791,1871,-80
110000146,1905,1160,745
110000147,556,821,-265
110000148,653,166,487
110000151,792,1421,-629
110000152,767,501,266
110000153,250,19,231
110000154,30,31,-1
110000155,950,3528,-2578
110000156,1018,2412,-1394
110000157,2051,2663,-612
110000160,415,300,115
110000161,189,170,19
110000166,722,57,665
110000167,1027,607,420
110000168,1052,597,455
110000169,959,370,589
110000170,164,46,118
110000171,663,99,564
110000172,177,454,-277
110000173,681,679,2
110000174,188,489,-301
110000175,901,46,855
110000176,109,458,-349
110000177,195,966,-771
110000178,364,1883,-1519
110000179,710,243,467
110000180,268,217,51
110000181,727,349,378
110000182,260,114,146
110000183,4786,7221,-2435
110000184,298,2487,-2189
110000185,596,701,-105
110000186,601,679,-78
110000191,1563,208,1355
110000192,765,21,744
110000193,1513,19,1494
110000194,11,518,-507
110000195,523,124,399
110000196,514,135,379
110000197,131,67,64
110000198,99,24,75
110000199,50,138,-88
110000200,696,339,357
110000201,1021,1259,-238
110000202,1246,595,651
110000203,402,447,-45
110000204,2,136,-134
110000205,162,49,113
110000206,437,693,-256
110000207,1447,286,1161
110000208,191,239,-48
110000209,82,650,-568
110000210,1552,361,1191
110000211,848,539,309
110000212,533,1043,-510
110000213,331,55,276
110000214,373,52,321
110000215,198,130,68
110000216,89,132,-43
110000217,426,91,335
110000218,187,133,54
110000219,472,29,443
110000220,72,126,-54
110000221,482,27,455
110000222,70,114,-44
110000223,0,82,-82
110000224,21,2,19
110000225,226,657,-431
110000226,323,64,259
110000227,575,858,-283
110000228,212,78,134
110000229,1,125,-124
110000230,588,513,75
110000231,163,206,-43
110000232,195,165,30
110000233,184,200,-16
110000234,504,947,-443
110000235,821,849,-28
110000236,661,386,275
110000237,2132,1104,1028
110000238,1083,923,160
110000239,2143,878,1265
110000240,1,57,-56
110000242,0,58,-58
110000243,175,56,119
110000244,173,275,-102
110000245,36,275,-239
110000246,928,316,612
110000247,802,3709,-2907
110000248,1183,1095,88
110000249,86,9,77
110000250,15,134,-119
110000251,465,340,125
110000252,305,138,167
110000253,1621,633,988
110000254,534,681,-147
110000255,144,557,-413
110000256,477,252,225
110000257,416,309,107
110000258,11,251,-240
110000259,200,9,191
110000260,42,105,-63
110000263,418,140,278
110000264,432,333,99
110000265,929,1534,-605
110000266,1294,2123,-829
110000267,49,125,-76
110000268,269,436,-167
110000269,7,64,-57
110000270,85,8,77
110000271,966,222,744
110000272,1008,1017,-9
110000273,1908,1269,639
110000274,165,1842,-1677
110000275,1328,560,768
110000276,346,455,-109
110000277,312,248,64
110000278,326,477,-151
110000279,832,645,187
110000280,702,401,301
110000281,81,254,-173
110000282,136,14,122
110000283,18,58,-40
110000284,15,26,-11
110000285,1,509,-508
110000286,7,0,7
110000287,118,7,111
110000288,3,80,-77
110000289,497,2542,-2045
110000290,544,513,31
110000291,2979,893,2086
110000292,990,4855,-3865
110000293,773,433,340
110000294,1285,1119,166
110000295,121,574,-453
110000296,508,262,246
110000297,2241,317,1924
110000298,131,536,-405
110000299,107,127,-20
110000301,281,35,246
110000302,425,593,-168
110000303,526,15,511
110000304,194,168,26
110000305,1322,41,1281
110000306,225,663,-438
110000307,2029,8,2021
110000308,571,5,566
110000309,11,472,-461
110000310,761,31,730
110000311,16,541,-525
110000312,393,113,280
110000313,1778,2817,-1039
110000314,0,207,-207
110000315,2002,2171,-169
110000316,446,1033,-587
110000317,166,661,-495
110000318,6,52,-46
110000319,10,17,-7
110000320,84,64,20
110000321,22,51,-29
110000322,393,297,96
110000323,551,147,404
110000324,2490,1497,993
110000325,1825,3546,-1721
110000327,402,278,124
110000328,150,460,-310
110000333,1000,752,248
110000334,986,1188,-202
110000335,850,507,343
110000336,749,804,-55
110000337,1885,660,1225
110000338,611,216,395
110000339,339,204,135
110000340,58,155,-97
110000341,540,342,198
110000342,119,2,117
110000343,0,25,-25
110000344,37,147,-110
110000345,96,210,-114
110000346,1547,1539,8
110000347,1275,628,647
110000348,25,14,11
110000349,4,23,-19
110000350,76,6,70
110000351,1380,544,836
110000352,847,1361,-514
110000353,1960,459,1501
110000354,1198,3114,-1916
110000355,147,53,94
110000356,730,16,714
110000357,542,18,524
110000361,58,37,21
110000362,116,29,87
110000363,687,70,617
110000364,346,191,155
110000365,111,1,110
110000366,0,86,-86
110000367,343,129,214
110000368,10,46,-36
110000369,62,2,60
110000373,2,225,-223
110000374,111,16,95
110000375,99,771,-672
110000376,38,64,-26
110000377,65,318,-253
110000378,10,396,-386
110000379,1747,1812,-65
110000380,88,10,78
110000383,1,830,-829
110000384,707,498,209
110000385,0,139,-139
110000387,101,2,99
110000388,34,115,-81
110000389,1082,9,1073
110000391,913,166,747
110000396,245,73,172
110000397,192,77,115
110000398,3,20,-17
110000399,164,3,161
110000587,179,95,84
110000589,221,115,106
110000640,244,36,208
110000652,9,348,-339
110000653,334,245,89
110000654,38,1170,-1132
110000656,0,191,-191
110000674,25,40,-15
110000675,17,54,-37
110000676,3,76,-73
110000679,100,1154,-1054
110000682,136,184,-48
110000683,171,356,-185
110000684,3,41,-38
110000685,10,10,0
110000686,5,52,-47
110000687,16,6,10
110000688,38,1434,-1396
110000689,36,41,-5
110000692,31,140,-109
110000693,23,250,-227
110000694,1,169,-168
110000695,209,741,-532
110000696,39,36,3
110900001,257,17,240
110900002,322,239,83
110900003,1113,249,864
110900004,685,74,611
110900005,1464,3263,-1799
110900006,53,9,44
110900007,152,57,95
110900008,2,24,-22
110900009,451,209,242
110900010,9,23,-14
110900011,36,72,-36
110900012,18,43,-25
110900013,1218,151,1067
110900014,269,14,255
110900015,329,834,-505
110900016,43,80,-37
110900017,652,35,617
110900018,373,55,318
110900019,333,26,307
110900020,157,140,17
110900021,87,215,-128
110900022,80,130,-50
110900023,100,349,-249
110900024,37,176,-139
110900025,3,37,-34
110900027,67,179,-112
110900028,48,94,-46
110900029,15,136,-121
110900030,69,169,-100
110900031,0,95,-95
110900032,0,40,-40
110900033,41,141,-100
110900035,7,441,-434
110900036,92,18,74
110900037,86,22,64
110900038,513,191,322
110900039,13,223,-210
110900040,239,14,225
110900041,36,64,-28
110900042,148,51,97
110900043,4,58,-54
110900044,237,31,206
110900045,54,207,-153
110900046,15,102,-87
110900047,309,409,-100
110900049,114,191,-77
110900050,76,5,71
110900051,36,134,-98
110900052,4,123,-119
110900053,141,23,118
110900054,26,170,-144
110900055,24,6,18
110900056,43,115,-72
110900057,10,78,-68
110900058,333,162,171
110900059,407,228,179
110900060,464,191,273
110900061,10,83,-73
110900062,246,133,113
110900063,34,59,-25
110900064,12,0,12
110900065,136,124,12
110900066,5,65,-60
110900067,254,587,-333
110900068,179,148,31
110900069,8,19,-11
110900070,130,43,87
110900071,212,746,-534
110900073,1,16,-15
110900074,630,86,544
110900075,471,80,391
110900077,1047,428,619
110900078,62,28,34
110900079,1164,1441,-277
110900080,232,61,171
110900081,7,25,-18
110900082,146,49,97
110900083,129,48,81
110900084,81,39,42
110900085,49,150,-101
110900086,86,396,-310
110900087,428,118,310
110900088,7,3,4
110900090,67,46,21
110900091,3,32,-29
110900093,222,124,98
110900095,83,41,42
110900097,15,13,2
110900098,24,54,-30
110900099,55,254,-199
110900100,0,9,-9
110900102,97,7,90
110900105,943,141,802
110900108,25,24,1
110900111,351,81,270
110900112,908,4,904
110900113,297,54,243
110900115,6,32,-26
110900116,1015,905,110
110900118,61,3687,-3626
110900119,1488,193,1295
110900120,36,47,-11
110900121,198,2,196
110900122,542,214,328
110900125,385,499,-114
110900127,509,1619,-1110
110900128,270,293,-23
110900129,245,1056,-811
110900130,522,644,-122
110900131,374,105,269
110900132,536,122,414
110900133,176,231,-55
110900135,57,173,-116
110900136,465,16,449
110900137,16,0,16
110900138,381,631,-250
110900139,7,191,-184
110900140,34,3,31
110900141,4,215,-211
110900142,68,110,-42
110900143,205,95,110
110900144,0,273,-273
110900145,160,70,90
110900146,179,290,-111
110900147,62,240,-178
110900148,6,173,-167
110900149,23,56,-33
110900150,36,24,12
110900151,1,126,-125
110900152,34,111,-77
110900153,199,78,121
111000001,668,315,353
111000002,647,344,303
111000003,1604,857,747
111000004,391,521,-130
111000005,1185,1313,-128
111000006,684,1556,-872
111000007,4392,3366,1026
111000008,1610,2949,-1339
111000009,347,684,-337
111000010,1088,299,789
111000011,259,933,-674
111000012,464,478,-14
111000013,455,1005,-550
111000014,1546,486,1060
111000017,138,867,-729
111000018,179,351,-172
111000020,687,1283,-596
111000021,72,96,-24
111000023,102,83,19
111000025,4617,4231,386
111000029,95,163,-68
111000030,62,108,-46
111000031,1734,1159,575
111000032,627,372,255
111000033,209,215,-6
111000034,118,270,-152
111000037,961,477,484
111000038,2445,1756,689
111000039,1611,1618,-7
111000040,1569,1572,-3
111000041,737,748,-11
111000042,1711,1552,159
111000043,1834,4093,-2259
111000044,1588,1174,414
111000045,3083,2562,521
111000046,2069,1813,256
111000047,2820,4994,-2174
111000049,481,350,131
111000050,1036,751,285
111000051,611,756,-145
111000052,585,1221,-636
111000053,296,601,-305
111000054,339,549,-210
111000055,838,1144,-306
111000056,182,269,-87
111000057,100,298,-198
111000058,688,66,622
111000059,763,277,486
111000060,4314,834,3480
111000061,715,317,398
111000062,1067,410,657
111000063,1830,1051,779
111000064,959,559,400
111000065,1553,929,624
111000066,666,467,199
111000067,675,450,225
111000068,660,667,-7
111000069,1502,1438,64
111000070,639,591,48
111000071,195,441,-246
111000072,1571,674,897
111000073,376,1102,-726
111000074,1538,1596,-58
111000075,859,603,256
111000076,613,481,132
111000077,1334,1425,-91
111000078,2304,1095,1209
111000079,1028,516,512
111000080,580,524,56
111000081,1328,3770,-2442
111000082,769,540,229
111000084,940,404,536
111000085,811,870,-59
111000086,1808,791,1017
111000087,646,380,266
111000088,3473,2843,630
111000089,669,636,33
111000090,577,1011,-434
111000091,800,295,505
111000092,1722,636,1086
111000093,994,1103,-109
111000094,1886,1047,839
111000095,658,2364,-1706
111000096,860,7595,-6735
111000097,3388,1236,2152
111000098,650,790,-140
111000099,481,1033,-552
111000100,512,759,-247
111000101,390,544,-154
111000102,301,442,-141
111000104,906,198,708
111000107,165,799,-634
111000109,1011,311,700
111000110,1833,625,1208
111000111,3238,402,2836
111000112,2408,535,1873
111000113,905,1948,-1043
111000114,1560,4267,-2707
111000115,3385,1022,2363
111000116,976,773,203
111000117,316,838,-522
111000118,1078,635,443
111000119,1277,656,621
111000120,565,544,21
111000121,312,593,-281
111000122,570,844,-274
111000123,1219,1614,-395
111000124,456,1392,-936
111000125,231,687,-456
111000126,94,429,-335
111000127,1343,110,1233
111000128,2488,339,2149
111000129,3514,509,3005
111000130,2640,473,2167
111000131,2450,463,1987
111000132,2136,1090,1046
111000133,221,113,108
111000134,178,102,76
111000135,75,146,-71
111000136,546,258,288
111000138,13,4,9
111000140,1,5,-4
111000141,166,344,-178
111000142,16,375,-359
111000143,3,499,-496
111000144,67,2207,-2140
111000145,184,10,174
111000146,142,20,122
111000147,127,26,101
111000148,140,89,51
111000149,7,12,-5
111000150,31,4,27
111000151,2,9,-7
111000153,460,602,-142
111000154,358,196,162
111000155,96,140,-44
111000156,712,516,196
111000157,172,697,-525
111000158,709,636,73
111000159,3322,834,2488
111000160,576,442,134
111000161,9,571,-562
111000162,12,97,-85
111000163,754,567,187
111000164,501,2244,-1743
111000165,611,288,323
111000166,647,224,423
111000167,147,263,-116
111000168,178,347,-169
111000169,360,422,-62
111000170,334,285,49
111000171,472,419,53
111000172,171,265,-94
111000173,405,518,-113
111000174,306,160,146
111000175,58,222,-164
111000176,372,44,328
111000177,516,134,382
111000178,1912,205,1707
111000179,284,86,198
111000180,366,463,-97
111000181,1896,216,1680
111000182,267,155,112
111000183,369,324,45
111000184,410,165,245
111000185,355,342,13
111000186,328,247,81
111000187,136,121,15
111000188,266,260,6
111000189,520,397,123
111000190,178,225,-47
111000191,209,216,-7
111000192,225,248,-23
111000193,305,150,155
111000194,93,215,-122
111000195,205,243,-38
111000196,85,112,-27
111000197,652,135,517
111000198,602,58,544
111000199,326,125,201
111000200,667,269,398
111000201,879,188,691
111000202,423,193,230
111000203,452,306,146
111000204,371,1518,-1147
111000213,201,428,-227
111000214,1432,912,520
111000215,1195,888,307
111000217,1950,784,1166
111000218,1510,976,534
111000219,392,151,241
111000220,859,578,281
111000221,387,125,262
111000224,19,174,-155
111000225,453,270,183
111000226,84,6,78
111000227,22,5,17
111000228,24,621,-597
111000229,43,1240,-1197
111000230,203,172,31
111000231,1244,357,887
111000232,812,531,281
111000233,1455,468,987
111000234,209,560,-351
111000239,80,94,-14
111000240,67,252,-185
111000241,28,182,-154
111000242,262,46,216
111000243,155,245,-90
111000244,745,86,659
111000245,1096,269,827
111000246,660,134,526
111000247,552,374,178
111000248,830,305,525
111000249,538,293,245
111000250,53,56,-3
111000251,42,108,-66
111000253,19,18,1
111000255,41,8,33
111000257,72,17,55
111000260,80,689,-609
111000261,1825,117,1708
111000271,50,214,-164
111000273,2316,886,1430
111000274,1591,2178,-587
111000275,170,42,128
111000276,228,908,-680
111000277,157,247,-90
111000278,696,165,531
111000291,826,8653,-7827
111000298,648,172,476
111000299,731,154,577
111000300,69,362,-293
111000302,450,89,361
111000303,125,133,-8
111000312,41,115,-74
111000315,2,66,-64
111000320,167,368,-201
111000321,624,178,446
111000322,391,234,157
111000323,438,26,412
111000324,377,166,211
111000325,102,76,26
111000326,266,143,123
111000327,376,295,81
111000328,342,479,-137
111000329,0,13,-13
111000330,60,7,53
111000331,21,4,17
111000332,462,1141,-679
111000334,324,781,-457
111000335,1334,189,1145
111000337,1770,171,1599
111000338,85,99,-14
111000339,1002,184,818
111000340,190,287,-97
111000341,1590,768,822
111000342,83,1105,-1022
111000344,1264,546,718
111000345,108,83,25
111000346,16,276,-260
111000347,206,6,200
111000350,164,99,65
111000351,143,299,-156
111000352,216,113,103
111000353,238,178,60
111000354,487,178,309
111000355,344,399,-55
111000358,206,473,-267
111000360,338,231,107
111000361,246,113,133
111000546,1016,300,716
111000547,509,247,262
111000548,237,339,-102
111000549,434,150,284
111000550,71,1149,-1078
111000551,610,157,453
111000552,501,224,277
111000907,513,9,504
111000908,42,2,40
111000916,2252,158,2094
111000917,32,313,-281
111000918,232,365,-133
111000920,737,11,726
111000921,10,93,-83
111000922,784,178,606
111000924,45,349,-304
111000925,3396,1983,1413
111000926,999,1038,-39
111000927,2590,4700,-2110
111000928,3208,1797,1411
111000929,2010,1265,745
111000930,885,1428,-543
111000931,2191,2382,-191
111000932,2642,1297,1345
111000933,2866,2390,476
111000934,1534,1833,-299
111000935,1977,986,991
111000936,1268,1263,5
111000937,1359,1335,24
111000938,1131,796,335
111000939,806,25,781
111000940,624,55,569
111000941,417,282,135
111000943,765,257,508
111000944,235,151,84
111000945,81,776,-695
111001109,608,704,-96
111001110,167,358,-191
111001111,146,10,136
111001112,60,2,58
111001113,0,134,-134
111001114,455,211,244
111001115,25,980,-955
111001116,2552,4941,-2389
111001117,312,2746,-2434
111001120,122,163,-41
111001121,199,189,10
111001122,256,175,81
111001123,352,78,274
111001124,113,68,45
111001125,3,169,-166
111900001,16,59,-43
111900002,48,245,-197
111900003,3,160,-157
111900004,36,44,-8
111900006,26,105,-79
111900007,205,12,193
111900008,398,3,395
111900009,369,65,304
111900010,200,239,-39
111900012,37,66,-29
111900013,58,25,33
111900014,2128,5700,-3572
111900015,0,26,-26
111900016,0,34,-34
111900017,0,32,-32
111900018,173,17,156
111900019,5,125,-120
111900020,7,52,-45
111900021,20,88,-68
111900022,42,37,5
111900023,74,50,24
111900024,34,56,-22
111900025,0,30,-30
111900026,0,16,-16
111900027,4,59,-55
111900028,0,126,-126
111900029,6,34,-28
111900030,21,206,-185
111900031,131,152,-21
111900032,0,108,-108
111900033,13,36,-23
111900034,136,314,-178
111900035,110,249,-139
111900036,0,83,-83
111900038,135,363,-228
111900039,49,176,-127
111900040,0,162,-162
111900042,13,104,-91
111900043,2,138,-136
111900044,119,201,-82
111900046,24,90,-66
111900048,390,219,171
111900049,14,144,-130
111900050,112,27,85
111900051,0,114,-114
111900052,212,257,-45
111900053,412,1924,-1512
111900054,165,4,161
111900055,4,170,-166
111900056,116,284,-168
111900057,170,22,148
111900058,663,274,389
111900059,1201,861,340
111900060,417,7,410
111900061,10,93,-83
111900062,58,89,-31
111900063,267,339,-72
111900064,54,110,-56
111900065,107,34,73
111900066,178,154,24
111900067,2,200,-198
111900068,78,82,-4
111900069,87,34,53
111900070,323,91,232
111900071,3,120,-117
111900072,58,41,17
111900073,1135,250,885
111900074,12,156,-144
111900075,111,14,97
111900076,271,108,163
111900077,48,8,40
111900078,496,40,456
111900079,69,46,23
111900080,203,305,-102
111900082,273,62,211
111900083,320,34,286
111900084,189,19,170
111900085,40,113,-73
111900086,84,11,73
111900087,76,0,76
111900088,803,18,785
111900089,165,9,156
111900090,72,83,-11
111900091,463,10,453
111900092,151,0,151
111900093,679,11,668
111900094,162,2,160
111900095,417,64,353
111900096,401,40,361
111900097,85,0,85
111900098,383,3,380
111900099,123,0,123
111900100,180,8,172
111900101,131,29,102
111900102,861,334,527
111900103,57,159,-102
111900104,174,131,43
111900105,285,231,54
111900106,475,21,454
111900110,1160,325,835
111900111,286,35,251
111900112,428,4110,-3682
111900113,202,110,92
111900118,501,166,335
111900119,444,261,183
111900122,85,181,-96
111900123,18,42,-24
111900124,21,40,-19
111900125,685,77,608
111900126,399,4,395
111900127,0,222,-222
111900128,0,227,-227
111900129,376,10,366
111900130,277,90,187
111900131,821,6,815
111900132,13,402,-389
111900133,5,178,-173
111900134,5,93,-88
111900135,16,56,-40
111900136,60,166,-106
111900137,42,45,-3
111900138,18,53,-35
111900139,14,54,-40
111900140,179,51,128
111900141,135,12,123
111900142,166,65,101
111900143,79,106,-27
111900144,0,32,-32
111900145,1,152,-151
111900146,0,80,-80
111900147,51,228,-177
111900148,12,321,-309
111900149,3,119,-116
111900150,32,79,-47
111900151,1,16,-15
111900152,67,76,-9
111900153,581,918,-337
111900154,25,573,-548
111900155,87,140,-53
111900156,72,91,-19
111900157,216,27,189
111900158,702,154,548
111900159,444,69,375
111900160,515,7,508
111900161,356,3,353
111900162,76,182,-106
111900163,21,129,-108
111900164,190,77,113
111901113,823,46,777
111901114,348,298,50
111901115,169,4,165
111901116,58,4,54
111901117,32,45,-13
111901118,19,399,-380
111901119,281,62,219
111901121,85,68,17
111901122,2,195,-193
111901123,288,110,178
111901124,332,1,331
111901125,699,234,465
111901127,430,1110,-680
111901128,18,57,-39
111901129,3,65,-62
111901130,2,88,-86
111901131,2,118,-116
111901132,85,45,40
111901133,61,0,61
111901134,172,6,166
111901135,18,28,-10
111901136,49,88,-39
111901137,1,49,-48
111901138,99,51,48
111901139,30,18,12
111901140,1,35,-34
111901141,5,44,-39
111901142,8,55,-47
111901143,0,40,-40
111901144,56,85,-29
111901145,100,403,-303
111901146,138,17,121
112000001,2306,705,1601
112000002,582,1593,-1011
112000003,2072,1172,900
112000004,695,375,320
112000005,3950,4000,-50
112000006,1285,898,387
112000007,4731,3153,1578
112000008,2723,3909,-1186
112000009,2076,1443,633
112000010,3470,4676,-1206
112000011,1218,1030,188
112000012,3688,6153,-2465
112000013,2151,2855,-704
112000014,1697,3569,-1872
112000015,2503,3241,-738
112000016,2845,2659,186
112000017,915,3643,-2728
112000024,1338,507,831
112000026,1829,1931,-102
112000027,670,684,-14
112000028,764,854,-90
112000029,800,1000,-200
112000030,143,41,102
112000031,1354,4641,-3287
112000032,189,25,164
112000033,1349,3213,-1864
112000034,190,40,150
112000035,58,590,-532
112000036,372,1260,-888
112000037,634,1019,-385
112000038,1091,1327,-236
112000039,119,61,58
112000040,40,151,-111
112000041,292,301,-9
112000042,743,386,357
112000050,1273,1167,106
112000051,1220,1899,-679
112000054,1060,916,144
112000057,542,302,240
112000058,258,450,-192
112000059,455,645,-190
112000061,1961,1042,919
112000062,801,1209,-408
112000063,329,2645,-2316
112000064,2443,3124,-681
112000065,1052,1657,-605
112000066,3367,1708,1659
112000067,508,498,10
112000068,3129,2888,241
112000069,397,1434,-1037
112000070,1896,921,975
112000071,1048,1734,-686
112000072,3142,727,2415
112000073,1429,1792,-363
112000074,1426,1214,212
112000075,1301,1308,-7
112000076,3107,2226,881
112000077,860,334,526
112000078,2049,568,1481
112000079,1777,1209,568
112000080,813,481,332
112000081,1063,1893,-830
112000082,1141,598,543
112000083,639,831,-192
112000084,1296,588,708
112000085,1563,640,923
112000086,1870,732,1138
112000087,719,237,482
112000088,1057,303,754
112000089,307,265,42
112000090,199,171,28
112000091,541,498,43
112000092,2563,988,1575
112000093,1621,572,1049
112000094,842,729,113
112000095,682,563,119
112000096,768,526,242
112000097,1953,738,1215
112000098,626,422,204
112000099,871,2016,-1145
112000100,2460,566,1894
112000101,613,476,137
112000102,1953,424,1529
112000103,348,496,-148
112000105,501,667,-166
112000106,2165,385,1780
112000107,26,114,-88
112000108,272,885,-613
112000109,103,72,31
112000110,2278,522,1756
112000111,565,2122,-1557
112000112,2701,504,2197
112000113,631,821,-190
112000114,2571,836,1735
112000115,532,366,166
112000116,660,741,-81
112000117,1087,630,457
112000118,825,512,313
112000119,397,501,-104
112000120,44,248,-204
112000121,208,199,9
112000122,397,119,278
112000123,1033,113,920
112000124,608,41,567
112000125,328,287,41
112000126,421,206,215
112000127,1557,3071,-1514
112000128,438,702,-264
112000129,115,96,19
112000130,282,111,171
112000131,34,155,-121
112000132,238,154,84
112000133,438,107,331
112000134,457,222,235
112000135,1282,640,642
112000136,690,975,-285
112000137,1505,1520,-15
112000138,1043,736,307
112000139,633,822,-189
112000140,409,865,-456
112000141,1122,393,729
112000142,162,367,-205
112000143,1543,257,1286
112000144,324,610,-286
112000145,3190,519,2671
112000146,523,1009,-486
112000147,2865,1629,1236
112000148,1144,1150,-6
112000149,598,419,179
112000150,292,298,-6
112000151,355,160,195
112000152,565,264,301
112000153,156,205,-49
112000154,144,215,-71
112000155,150,139,11
112000157,459,717,-258
112000158,365,236,129
112000159,868,298,570
112000167,336,149,187
112000169,227,382,-155
112000173,1241,265,976
112000175,493,251,242
112000176,994,1490,-496
112000177,1106,337,769
112000178,110,201,-91
112000179,293,81,212
112000180,376,299,77
112000181,1226,930,296
112000182,1960,550,1410
112000183,54,17,37
112000184,520,207,313
112000185,759,288,471
112000187,3822,2443,1379
112000195,133,24,109
112000196,323,4,319
112000197,214,336,-122
112000198,51,289,-238
112000199,648,759,-111
112000202,533,1,532
112000216,63,218,-155
112000230,150,6,144
112000231,5,144,-139
112000256,65,243,-178
112000313,31,67,-36
112000314,63,65,-2
112000337,250,494,-244
112000352,196,433,-237
112000392,1389,879,510
112000398,1956,756,1200
112000399,1020,3419,-2399
112000400,1424,1156,268
112000401,1614,1053,561
112000402,4146,4825,-679
112000403,1482,4304,-2822
112000404,1395,1164,231
112000405,2558,3082,-524
112000406,2103,1023,1080
112000407,9349,8058,1291
112000408,4786,2811,1975
112000409,1316,1960,-644
112000410,375,357,18
112000411,2061,1944,117
112000412,881,487,394
112000413,4059,8040,-3981
112000414,87,30,57
112000415,103,46,57
112000416,3531,1234,2297
112000417,400,63,337
112000421,77,59,18
112000422,353,168,185
112000424,1138,3228,-2090
112000425,446,382,64
112000426,217,266,-49
112000427,0,4,-4
112000428,328,145,183
112000429,1801,1609,192
112000430,2191,2259,-68
112000431,110,128,-18
112000432,617,411,206
112000433,179,533,-354
112000437,58,88,-30
112900001,68,2,66
112900002,851,390,461
112900003,97,140,-43
112900004,95,119,-24
112900005,328,115,213
112900006,18,156,-138
112900007,65,98,-33
112900008,0,83,-83
112900009,625,143,482
112900010,783,393,390
112900011,68,109,-41
112900012,0,28,-28
112900013,4,294,-290
112900014,12,175,-163
112900015,227,531,-304
112900016,2,109,-107
112900017,66,102,-36
112900018,1,106,-105
112900019,34,158,-124
112900020,291,702,-411
112900021,3,96,-93
112900022,8,30,-22
112900023,0,56,-56
112900024,17,119,-102
112900025,130,148,-18
112900026,6,65,-59
112900027,5,432,-427
112900028,25,104,-79
112900029,20,178,-158
112900030,70,75,-5
112900031,6,146,-140
112900032,165,185,-20
112900034,3,30,-27
112900035,2,186,-184
112900036,21,126,-105
112900037,164,226,-62
112900038,930,166,764
112900039,11,144,-133
112900040,6,423,-417
112900041,469,1165,-696
112900042,76,169,-93
112900043,75,76,-1
112900044,341,284,57
112900045,115,164,-49
112900046,114,71,43
112900047,13,24,-11
112900049,369,56,313
112900050,24,456,-432
112900051,232,333,-101
112900052,2,297,-295
112900053,149,95,54
112900054,144,88,56
112900055,108,35,73
112900056,435,264,171
112900057,24,316,-292
112900058,359,440,-81
112900059,102,198,-96
112900060,55,79,-24
112900061,122,94,28
112900062,66,73,-7
112900063,51,16,35
112900064,64,163,-99
112900065,16,61,-45
112900066,244,228,16
112900067,284,112,172
112900068,34,54,-20
112900069,1243,978,265
112900071,38,10,28
112900072,75,2961,-2886
112900073,525,210,315
112900074,122,320,-198
112900075,765,1155,-390
112900076,35,52,-17
112900078,347,626,-279
112900079,292,38,254
112900080,116,3,113
112900081,63,314,-251
112900082,705,74,631
112900083,212,189,23
112900084,331,185,146
112900086,129,3,126
112900087,1073,196,877
112900088,248,17,231
112900089,1023,78,945
112900090,166,79,87
112900091,448,12,436
112900092,56,611,-555
112900093,1254,32,1222
112900095,99,0,99
112900096,697,233,464
112900097,97,175,-78
112900098,131,4,127
112900099,1215,43,1172
112900100,109,7,102
112900101,464,6,458
112900102,73,32,41
112900103,290,3,287
112900104,155,5,150
112900105,23,0,23
112900106,448,128,320
112900107,7,0,7
112900108,7,0,7
112900109,238,3,235
112900110,1867,34,1833
112900111,850,9,841
112900112,390,1,389
112900113,0,5,-5
112900114,287,18,269
112900115,2202,5,2197
112900116,148,35,113
112900117,46,25,21
112900118,10,63,-53
112900119,241,6,235
112900120,433,224,209
112900121,46,95,-49
112900122,16,79,-63
112900123,116,20,96
112900124,19,53,-34
112900125,41,526,-485
112900126,115,103,12
112900127,533,229,304
112900128,94,439,-345
112900129,0,448,-448
112900130,197,176,21
112900131,37,245,-208
112900132,101,251,-150
112900133,20,557,-537
112900134,1,147,-146
112900135,93,80,13
112900137,0,277,-277
112900138,0,99,-99
112900139,130,591,-461
112900141,1009,161,848
112900142,72,273,-201
112900143,8,209,-201
112900144,2,125,-123
112900145,18,345,-327
112900146,0,428,-428
112900147,0,596,-596
112900148,77,2,75
112900149,282,379,-97
112900151,2,29,-27
112900152,1927,508,1419
112900153,944,3164,-2220
112900154,0,50,-50
112900155,158,19,139
112900156,650,559,91
112900157,480,45,435
112900158,115,6,109
112900159,240,225,15
112900160,46,192,-146
112900161,113,81,32
112900162,18,23,-5
112900163,26,58,-32
112900164,23,139,-116
112900165,111,43,68
112900166,19,70,-51
112900167,2,202,-200
112900168,8,0,8
112900169,3,11,-8
112900170,167,200,-33
112900172,30,11,19
112900173,188,93,95
112900174,412,61,351
112900175,102,273,-171
112900176,31,56,-25
112900177,239,107,132
112900178,699,2687,-1988
112900179,16,243,-227
112900180,2191,853,1338
112900181,867,12,855
112900182,64,434,-370
112900183,108,295,-187
112900184,277,650,-373
112900185,110,626,-516
112900186,833,1264,-431
112900187,83,571,-488
112900188,547,2303,-1756
112900189,14,8,6
112900190,7,18,-11
112900192,741,831,-90
112900193,1227,519,708
112900194,103,30,73
112900195,1089,45,1044
112900196,295,271,24
112900197,158,287,-129
112900199,805,284,521
112900200,742,134,608
112900201,218,96,122
112900202,654,468,186
112900203,433,142,291
112900204,679,571,108
112900205,10,18,-8
112900206,26,84,-58
112900207,59,1,58
112900208,80,371,-291
112900209,275,232,43
112900210,2,36,-34
112900211,113,8,105
112900212,4,55,-51
112900213,91,7,84
112900214,24,26,-2
112900215,31,71,-40
112900216,18,39,-21
112900217,0,33,-33
112900218,89,29,60
112900219,152,11,141
112900220,6,0,6
112900221,80,158,-78
112900222,0,41,-41
112900223,1131,36,1095
112900224,487,256,231
112900225,593,273,320
112900226,201,404,-203
112900227,1191,439,752
112900228,117,29,88
112900229,469,27,442
112900230,6136,2860,3276
112900232,370,356,14
112900233,55,75,-20
112900234,21,23,-2
112900235,51,25,26
112900236,492,13,479
112900237,324,109,215
112900238,23,8,15
112900239,474,597,-123
113000001,6176,4038,2138
113000002,3988,3004,984
113000003,1590,1267,323
113000004,1161,1878,-717
113000005,1632,1038,594
113000006,919,1085,-166
113000007,2133,1044,1089
113000008,1629,1325,304
113000009,1413,594,819
113000010,1201,908,293
113000011,779,901,-122
113000012,1772,697,1075
113000013,910,600,310
113000014,737,959,-222
113000015,192,175,17
113000016,247,756,-509
113000017,87,259,-172
113000018,324,26,298
113000019,276,286,-10
113000020,377,114,263
113000021,1269,516,753
113000022,747,1143,-396
113000025,158,260,-102
113000026,573,534,39
113000027,527,791,-264
113000028,614,1168,-554
113000029,752,717,35
113000030,220,389,-169
113000031,147,181,-34
113000032,174,299,-125
113000033,212,380,-168
113000034,153,162,-9
113000035,29,17,12
113000036,19,43,-24
113000037,37,18,19
113000038,13,56,-43
113000039,51,295,-244
113000040,70,78,-8
113000042,583,441,142
113000051,939,1806,-867
113000052,1935,552,1383
113000053,447,353,94
113000054,410,599,-189
113000055,1539,341,1198
113000056,1472,769,703
113000058,519,800,-281
113000059,799,370,429
113000060,324,459,-135
113000061,553,682,-129
113000062,419,330,89
113000063,353,84,269
113000064,78,137,-59
113000065,203,367,-164
113000066,1045,107,938
113000067,2703,879,1824
113000068,393,476,-83
113000069,495,483,12
113000070,3207,907,2300
113000071,487,354,133
113000072,1161,503,658
113000073,325,1225,-900
113000074,991,372,619
113000075,1791,883,908
113000076,410,2322,-1912
113000077,675,831,-156
113000078,485,1874,-1389
113000079,335,769,-434
113000080,538,784,-246
113000081,652,812,-160
113000082,771,740,31
113000083,561,774,-213
113000084,1417,949,468
113000085,844,563,281
113000086,761,1028,-267
113000087,787,987,-200
113000088,1762,1219,543
113000089,777,1543,-766
113000090,205,660,-455
113000091,265,358,-93
113000094,1186,284,902
113000095,210,680,-470
113000096,99,1074,-975
113000097,1051,480,571
113000098,134,52,82
113000099,1103,446,657
113000100,91,497,-406
113000101,228,669,-441
113000102,661,573,88
113000103,1631,257,1374
113000104,617,2074,-1457
113000105,840,472,368
113000106,323,333,-10
113000107,972,814,158
113000108,618,685,-67
113000109,472,1168,-696
113000110,2743,582,2161
113000111,165,532,-367
113000112,354,319,35
113000113,1115,310,805
113000114,187,1211,-1024
113000116,452,258,194
113000117,743,90,653
113000118,55,478,-423
113000119,289,330,-41
113000120,50,269,-219
113000121,386,876,-490
113000124,236,77,159
113000125,55,984,-929
113000127,1488,185,1303
113000128,882,296,586
113000129,507,707,-200
113000133,2114,841,1273
113000134,2,1187,-1185
113000135,4374,5334,-960
113000137,945,3167,-2222
113000139,314,299,15
113000140,56,152,-96
113000141,134,175,-41
113000142,245,835,-590
113000143,220,102,118
113000144,210,362,-152
113000145,120,81,39
113000146,113,28,85
113000147,155,67,88
113000148,267,101,166
113000149,126,168,-42
113000150,539,326,213
113000151,52,49,3
113000152,37,126,-89
113000153,756,364,392
113000154,532,1511,-979
113000155,327,641,-314
113000156,135,269,-134
113000157,234,517,-283
113000158,607,228,379
113000159,1035,545,490
113000160,458,555,-97
113000161,333,240,93
113000162,969,305,664
113000163,135,73,62
113000164,19,56,-37
113000166,208,89,119
113000167,60,57,3
113000168,59,93,-34
113000169,266,39,227
113000170,89,102,-13
113000171,28,61,-33
113000172,287,54,233
113000173,59,28,31
113000174,139,190,-51
113000175,552,72,480
113000176,463,102,361
113000177,149,192,-43
113000178,131,167,-36
113000179,304,131,173
113000180,686,980,-294
113000181,1174,745,429
113000182,139,291,-152
113000183,129,553,-424
113000184,15,104,-89
113000189,290,761,-471
113000190,241,299,-58
113000192,563,4550,-3987
113000193,1872,2962,-1090
113000194,712,1404,-692
113000195,1352,1969,-617
113000196,283,42,241
113000197,1298,1736,-438
113000198,121,190,-69
113000199,1462,322,1140
113000201,256,507,-251
113000202,5946,1277,4669
113000203,84,171,-87
113000204,523,3512,-2989
113000205,6,12,-6
113000206,11,38,-27
113000207,70,10,60
113000208,33,48,-15
113000209,11,10,1
113000210,14,26,-12
113000211,75,262,-187
113000212,35,38,-3
113000213,27,122,-95
113000214,121,296,-175
113000234,196,622,-426
113000410,62,201,-139
113000411,1487,2832,-1345
113000412,3545,1561,1984
113000413,986,2900,-1914
113000414,2702,11359,-8657
113000415,1615,1621,-6
113000416,3127,2313,814
113000417,1434,1730,-296
113000418,3383,3483,-100
113000419,1412,2465,-1053
113000420,2666,5645,-2979
113000421,3919,7046,-3127
113000422,7373,8911,-1538
113000423,1501,5118,-3617
113000424,1748,8194,-6446
113000425,1,78,-77
113000428,43,4,39
113000430,0,36,-36
113000432,2561,211,2350
113000433,88,356,-268
113000434,31,97,-66
113000435,39,235,-196
113000436,24,468,-444
113000437,1515,45,1470
113000438,400,12,388
113000439,9,63,-54
113000440,257,37,220
113000441,309,180,129
113000442,171,57,114
113000443,375,119,256
113000444,274,70,204
113000445,151,68,83
113000446,63,83,-20
113000448,327,181,146
113000449,115,688,-573
113000450,568,2005,-1437
113000451,1669,232,1437
113000452,128,443,-315
113000453,34,510,-476
113000454,244,177,67
113000455,11,701,-690
113000456,2016,2340,-324
113000468,831,104,727
113000469,75,252,-177
113000470,351,21,330
113000471,16,273,-257
113000472,118,215,-97
113000474,1010,566,444
113000475,1138,974,164
113000476,1674,1809,-135
113000477,3844,1575,2269
113000478,2587,2641,-54
113000479,133,65,68
113000480,67,457,-390
113000484,0,0,0
113000485,0,0,0
113000486,0,0,0
113000487,0,0,0
113000488,0,0,0
113000489,0,0,0
113000490,0,0,0
113000491,1,17,-16
113000492,0,0,0
113000493,0,0,0
113000495,209,103,106
113000496,198,112,86
113000499,0,0,0
113900001,4,392,-388
113900002,2,33,-31
113900003,0,53,-53
113900004,2,104,-102
113900005,4,171,-167
113900006,0,24,-24
113900007,53,34,19
113900008,26,0,26
113900009,39,1,38
113900010,19,0,19
113900011,86,0,86
113900012,66,4,62
113900013,68,0,68
113900014,757,7,750
113900015,0,79,-79
113900016,70,0,70
113900017,2,63,-61
113900018,223,363,-140
113900019,218,49,169
113900020,264,6,258
113900022,49,0,49
113900023,48,0,48
113900024,103,31,72
113900025,138,18,120
113900026,77,0,77
113900027,8,62,-54
113900028,65,229,-164
113900029,90,98,-8
113900030,347,13,334
113900031,23,6,17
113900032,45,0,45
113900033,105,66,39
113900035,86,0,86
113900036,38,78,-40
113900037,211,262,-51
113900038,33,151,-118
113900039,181,30,151
113900040,21,36,-15
113900041,22,5,17
113900042,55,26,29
113900043,179,87,92
113900044,195,385,-190
113900045,130,1,129
113900046,262,1198,-936
113900047,49,81,-32
113900048,99,107,-8
113900049,221,318,-97
113900050,330,269,61
113900051,299,240,59
113900052,118,59,59
113900053,722,792,-70
113900054,38,0,38
113900055,136,360,-224
113900056,56,125,-69
113900057,7,54,-47
113900058,109,69,40
113900059,254,240,14
113900060,58,149,-91
113900061,456,231,225
113900062,195,13,182
113900063,137,89,48
113900064,49,79,-30
113900065,458,27,431
113900066,444,160,284
113900067,222,118,104
113900068,460,721,-261
113900069,73,28,45
113900070,112,196,-84
113900071,83,58,25
113900072,87,80,7
113900073,389,308,81
113900074,178,158,20
113900075,1133,1767,-634
113900076,206,33,173
113900077,65,108,-43
113900078,31,38,-7
113900079,1,25,-24
113900080,586,211,375
113900081,72,141,-69
113900082,126,206,-80
113900083,610,180,430
113900084,191,114,77
113900085,43,213,-170
113900086,68,16,52
113900087,92,39,53
113900088,82,91,-9
113900089,366,79,287
113900090,650,437,213
113900091,17,10,7
113900092,23,71,-48
113900093,59,893,-834
113900094,525,207,318
113900095,146,184,-38
113900096,370,94,276
113900097,27,37,-10
113900098,878,120,758
113900099,1,19,-18
113900100,0,2,-2
113900101,6,72,-66
113900102,117,155,-38
113900103,241,319,-78
113900104,114,264,-150
113900105,191,56,135
113900106,0,36,-36
113900107,1,11,-10
113900108,154,299,-145
113900109,290,222,68
113900110,77,31,46
113900111,216,63,153
113900112,170,63,107
113900113,1021,469,552
113900114,0,15,-15
113900115,1,31,-30
113900116,62,192,-130
113900117,65,31,34
113900118,180,377,-197
113900119,96,459,-363
113900120,127,82,45
113900121,85,38,47
113900122,340,2457,-2117
113900123,504,190,314
113900124,0,62,-62
113900125,660,105,555
113900126,71,33,38
113900127,384,850,-466
113900128,160,56,104
113900129,5,199,-194
113900130,2,114,-112
113900131,316,63,253
113900132,49,84,-35
113900133,20,42,-22
113900135,319,249,70
113900136,104,60,44
113900137,355,284,71
113900138,18,351,-333
113900139,161,198,-37
113900140,85,372,-287
113900141,706,195,511
113900142,140,41,99
113900143,23,54,-31
113900144,72,235,-163
113900145,378,133,245
113900146,188,74,114
113900148,114,333,-219
113900149,158,102,56
113900150,241,284,-43
113900151,449,144,305
113900152,62,50,12
113900153,88,515,-427
113900154,9,150,-141
113900155,127,236,-109
113900156,230,293,-63
113900157,52,292,-240
113900158,160,471,-311
113900159,19,199,-180
113900160,414,373,41
113900161,84,264,-180
113900162,205,629,-424
113900163,226,338,-112
113900164,468,39,429
113900165,546,571,-25
113900166,104,180,-76
113900167,370,40,330
113900168,50,56,-6
113900169,188,240,-52
113900171,297,80,217
113900172,8,57,-49
113900173,29,221,-192
113900174,501,374,127
113900175,366,136,230
113900176,416,271,145
113900177,326,148,178
113900178,303,251,52
113900179,54,230,-176
113900180,167,107,60
113900181,872,274,598
113900182,688,597,91
113900183,47,53,-6
113900184,7,318,-311
113900185,132,60,72
113900186,74,23,51
113900187,41,78,-37
113900188,39,107,-68
113900189,293,165,128
113900190,158,86,72
113900191,106,125,-19
113900192,4,701,-697
113900193,16,98,-82
113900194,1042,506,536
113900195,189,298,-109
113900196,6,209,-203
113900197,0,66,-66
113900198,24,285,-261
113900199,135,453,-318
113900200,17,127,-110
113900201,0,60,-60
113900202,56,116,-60
113900203,0,32,-32
113900204,47,278,-231
113900205,6,67,-61
113900206,1,70,-69
113900207,1,28,-27
113900208,0,43,-43
113900209,0,46,-46
113900210,573,705,-132
113900211,183,61,122
113900212,183,326,-143
113900214,269,375,-106
113900215,34,78,-44
113900216,184,298,-114
113900217,117,123,-6
113900218,111,84,27
113900219,86,456,-370
113900220,124,186,-62
113900221,277,299,-22
113900222,119,529,-410
113900223,204,334,-130
113900224,35,57,-22
113900225,341,112,229
113900226,395,127,268
113900227,350,213,137
113900228,218,490,-272
113900229,29,875,-846
113900230,1856,3245,-1389
113900231,160,121,39
113900232,164,69,95
113900233,130,73,57
113900234,436,405,31
113900235,133,18,115
113900236,334,198,136
113900237,220,32,188
113900238,193,613,-420
113900239,31,128,-97
113900240,3,205,-202
113900241,70,91,-21
113900242,40,216,-176
113900243,44,303,-259
113900244,103,123,-20
113900245,588,295,293
113900246,11,25,-14
113900247,89,589,-500
113900248,1979,1761,218
113900249,450,434,16
113900250,39,181,-142
113900251,1046,91,955
113900252,735,23,712
113900253,672,53,619
113900254,650,160,490
113900255,553,28,525
113900256,346,26,320
113900257,30,245,-215
113900258,27,257,-230
113900259,719,106,613
113900260,265,45,220
113900261,65,75,-10
113900262,103,359,-256
113900263,101,422,-321
113900264,3,217,-214
113900265,101,277,-176
113900266,39,95,-56
113900267,87,775,-688
113900268,326,503,-177
113900269,135,146,-11
113900270,182,616,-434
113900271,651,515,136
113900273,22,9,13
113900274,83,23,60
113900275,38,48,-10
113900276,2,78,-76
113900277,201,12,189
113900278,167,183,-16
113900279,38,32,6
113900280,1442,501,941
113900281,374,1512,-1138
113900282,254,507,-253
113900283,366,428,-62
113900284,1075,272,803
113900285,139,34,105
113900286,24,43,-19
113900287,124,21,103
113900288,6,77,-71
113900289,370,109,261
113900290,190,276,-86
113900291,84,91,-7
113900292,11,2,9
113900293,4,214,-210
113900294,544,14,530
113900295,342,414,-72
113900296,1380,357,1023
113900297,2652,36,2616
113900298,10,1410,-1400
113900299,173,75,98
113900300,3864,4096,-232
113900301,586,477,109
113900302,1355,913,442
113900303,171,597,-426
113900304,3,77,-74
113900305,231,3,228
113900306,94,3,91
113900307,9,0,9
113900308,84,106,-22
113900309,3,280,-277
113900310,0,7,-7
113900311,13,0,13
113900312,141,176,-35
113900313,12,3,9
114000001,793,1487,-694
114000002,306,234,72
114000003,62,215,-153
114000004,377,296,81
114000005,340,185,155
114000006,1471,1486,-15
114000007,741,979,-238
114000008,1388,1859,-471
114000009,1135,269,866
114000011,2740,1782,958
114000012,3016,1184,1832
114000013,1980,900,1080
114000014,449,166,283
114000015,2248,236,2012
114000016,268,128,140
114000017,86,420,-334
114000018,104,14,90
114000026,2589,820,1769
114000027,4232,1873,2359
114000028,1955,2831,-876
114000038,356,108,248
114000039,72,28,44
114000040,149,234,-85
114000042,200,93,107
114000043,62,21,41
114000044,334,26,308
114000045,37,34,3
114000046,2293,3801,-1508
114000047,14,68,-54
114000048,65,50,15
114000049,1620,1495,125
114000050,1569,1845,-276
114000051,2667,2129,538
114000052,3532,2249,1283
114000053,99,707,-608
114000054,190,586,-396
114000055,219,37,182
114000056,227,1058,-831
114000057,3553,1846,1707
114000058,124,1259,-1135
114000059,45,431,-386
114000060,576,677,-101
114000061,2090,2848,-758
114000062,653,1503,-850
114000063,1105,1126,-21
114000064,1985,3242,-1257
114000065,971,1677,-706
114000066,445,557,-112
114000067,27,761,-734
114000068,496,658,-162
114000069,1061,621,440
114000070,1892,1546,346
114000071,878,522,356
114000072,572,188,384
114000073,17,21,-4
114000074,82,13,69
114000075,107,31,76
114000076,23,40,-17
114000077,6,17,-11
114000078,260,319,-59
114000079,258,28,230
114000080,55,65,-10
114000081,89,74,15
114000082,35,217,-182
114000083,69,113,-44
114000084,379,82,297
114000085,91,289,-198
114000086,296,160,136
114000087,207,72,135
114000088,64,31,33
114000089,386,244,142
114000090,848,1007,-159
114000091,1221,955,266
114000092,713,438,275
114000093,1395,664,731
114000094,397,297,100
114000095,285,188,97
114000096,80,201,-121
114000097,116,247,-131
114000098,639,105,534
114000099,831,173,658
114000100,1982,343,1639
114000101,506,316,190
114000102,769,283,486
114000103,140,185,-45
114000104,33,143,-110
114000105,139,128,11
114000106,751,1642,-891
114000107,550,93,457
114000108,690,703,-13
114000109,613,1390,-777
114000110,543,694,-151
114000111,2323,1041,1282
114000112,403,923,-520
114000113,1279,587,692
114000114,673,646,27
114000115,1955,1022,933
114000116,1026,2725,-1699
114000117,4426,652,3774
114000118,3292,530,2762
114000119,2498,561,1937
114000120,569,567,2
114000121,574,656,-82
114000122,472,382,90
114000123,2653,394,2259
114000124,1128,325,803
114000125,872,795,77
114000126,2059,224,1835
114000127,263,117,146
114000128,876,242,634
114000130,401,368,33
114000131,321,131,190
114000132,595,380,215
114000133,594,1027,-433
114000134,83,46,37
114000138,45,121,-76
114000139,327,374,-47
114000144,773,670,103
114000145,83,83,0
114000146,109,101,8
114000147,1411,2386,-975
114000148,1068,1654,-586
114000149,305,316,-11
114000150,278,579,-301
114000151,541,1627,-1086
114000152,105,42,63
114000153,517,1988,-1471
114000154,665,477,188
114000155,1103,2408,-1305
114000156,725,545,180
114000157,249,1123,-874
114000158,868,668,200
114000159,107,401,-294
114000160,64,436,-372
114000161,871,2914,-2043
114000162,1144,2722,-1578
114000163,26,40,-14
114000165,557,376,181
114000166,579,437,142
114000167,1830,1523,307
114000168,416,382,34
114000169,1143,1669,-526
114000170,1141,1595,-454
114000171,1345,5972,-4627
114000174,151,317,-166
114000176,296,474,-178
114000177,860,465,395
114000178,59,59,0
114000179,780,632,148
114000180,168,466,-298
114000181,1608,4318,-2710
114000182,1057,2189,-1132
114000183,559,654,-95
114000184,1861,593,1268
114000185,1068,629,439
114000189,1353,179,1174
114000190,3501,486,3015
114000191,76,161,-85
114000192,109,847,-738
114000193,322,1087,-765
114000194,1554,654,900
114000195,220,87,133
114000196,2,75,-73
114000197,2094,20,2074
114000198,655,345,310
114000199,1419,1671,-252
114000200,549,778,-229
114000201,165,441,-276
114000202,899,396,503
114000203,494,427,67
114000204,182,287,-105
114000205,201,914,-713
114000206,541,949,-408
114000207,438,901,-463
114000208,469,1183,-714
114000209,350,1040,-690
114000210,146,608,-462
114000211,1306,1018,288
114000212,771,718,53
114000213,1465,498,967
114000214,103,108,-5
114000215,235,61,174
114000216,1586,228,1358
114000217,452,144,308
114000218,202,89,113
114000219,1454,147,1307
114000220,22,424,-402
114000221,1087,197,890
114000222,104,493,-389
114000223,612,142,470
114000224,65,314,-249
114000225,286,372,-86
114000226,338,213,125
114000227,850,389,461
114000228,878,420,458
114000229,1328,849,479
114000230,1617,690,927
114000231,1048,1180,-132
114000232,966,149,817
114000233,2798,106,2692
114000234,1040,541,499
114000235,1199,950,249
114000236,0,243,-243
114000237,105,462,-357
114000238,143,228,-85
114000239,99,661,-562
114000240,904,889,15
114000241,203,705,-502
114000242,659,541,118
114000243,1703,863,840
114000244,644,292,352
114000245,480,678,-198
114000246,113,59,54
114000247,610,398,212
114000248,1485,548,937
114000249,534,314,220
114000250,663,428,235
114000251,447,206,241
114000252,85,29,56
114000253,30,110,-80
114000254,61,24,37
114000255,425,200,225
114000256,455,1767,-1312
114000257,232,620,-388
114000258,282,208,74
114000259,121,157,-36
114000260,0,20,-20
114000261,44,40,4
114000262,240,95,145
114000263,11,4,7
114000264,1352,355,997
114000265,0,1,-1
114000267,4,1474,-1470
114000268,10,566,-556
114000270,281,3,278
114000271,312,50,262
114000283,1509,300,1209
114000285,19,75,-56
114000288,152,192,-40
114000289,1619,116,1503
114000293,223,510,-287
114000294,138,229,-91
114000395,1279,29,1250
114000396,660,645,15
114000402,815,189,626
114000403,371,201,170
114000405,192,197,-5
114000423,429,162,267
114000424,527,133,394
114000425,1174,215,959
114000426,273,782,-509
114000427,72,53,19
114000428,125,216,-91
114000429,12,128,-116
114000432,88,40,48
114000434,37,53,-16
114000435,12,69,-57
114900001,678,411,267
114900002,575,191,384
114900003,922,640,282
114900004,254,512,-258
114900005,650,368,282
114900006,120,89,31
114900007,385,44,341
114900008,279,141,138
114900010,984,1743,-759
114900011,291,159,132
114900013,300,114,186
114900015,109,604,-495
114900018,1097,27,1070
114900020,199,80,119
114900022,9,424,-415
114900024,310,91,219
114900025,627,148,479
114900026,94,136,-42
114900027,210,209,1
114900029,44,12,32
114900030,327,201,126
114900031,450,26,424
114900032,469,25,444
114900033,593,1229,-636
114900034,50,78,-28
114900035,156,298,-142
114900036,188,305,-117
114900037,112,80,32
114900038,200,294,-94
114900039,545,235,310
114900040,106,78,28
114900041,1138,229,909
114900042,1259,323,936
114900043,336,153,183
114900044,158,37,121
114900046,49,60,-11
114900047,197,2608,-2411
114900048,71,145,-74
114900049,15,92,-77
114900050,69,123,-54
114900051,32,197,-165
114900052,76,216,-140
114900053,100,194,-94
114900054,28,64,-36
114900057,253,19,234
114900058,0,33,-33
114900059,114,89,25
114900060,390,813,-423
114900061,140,55,85
114900062,221,287,-66
114900063,76,72,4
114900064,2055,206,1849
114900065,501,628,-127
114900067,36,315,-279
114900068,45,71,-26
114900069,124,69,55
114900070,663,222,441
114900072,6,192,-186
114900073,1,93,-92
114900074,862,213,649
114900075,385,12,373
114900076,12,243,-231
114900080,1076,254,822
114900082,2264,2470,-206
114900083,571,928,-357
114900090,454,194,260
114900091,108,164,-56
114900095,243,68,175
114900096,287,476,-189
114900097,254,12,242
114900098,8,85,-77
114900099,235,8,227
115000001,3447,1869,1578
115000002,4087,4902,-815
115000003,3573,1505,2068
115000004,4813,5954,-1141
115000005,1360,1487,-127
115000006,1129,1330,-201
115000007,132,208,-76
115000008,365,510,-145
115000009,176,211,-35
115000010,224,151,73
115000013,32,182,-150
115000015,35,237,-202
115000016,138,312,-174
115000019,41,498,-457
115000020,120,980,-860
115000021,224,354,-130
115000022,514,295,219
115000023,293,635,-342
115000024,834,339,495
115000025,866,848,18
115000026,247,287,-40
115000027,299,336,-37
115000028,196,527,-331
115000029,738,68,670
115000030,657,846,-189
115000031,1151,307,844
115000032,9,170,-161
115000033,175,36,139
115000034,55,944,-889
115000035,930,74,856
115000036,0,250,-250
115000037,620,19,601
115000038,72,141,-69
115000039,2244,3551,-1307
115000040,3409,2121,1288
115000041,1444,3936,-2492
115000042,701,507,194
115000043,3816,2494,1322
115000044,3141,2441,700
115000045,2242,891,1351
115000046,2849,2449,400
115000047,2522,1137,1385
115000048,1600,1303,297
115000049,1254,2295,-1041
115000050,2988,1404,1584
115000051,1533,3309,-1776
115000052,1091,1254,-163
115000053,2065,2020,45
115000054,534,737,-203
115000055,255,852,-597
115000056,232,539,-307
115000057,667,1285,-618
115000058,413,377,36
115000059,257,206,51
115000061,112,165,-53
115000062,214,293,-79
115000063,431,371,60
115000064,221,74,147
115000065,65,619,-554
115000067,155,11,144
115000069,125,235,-110
115000070,32,759,-727
115000071,79,21,58
115000072,2,46,-44
115000073,1428,51,1377
115000075,87,38,49
115000076,2061,1674,387
115000077,2051,1173,878
115000078,1682,749,933
115000079,1438,1071,367
115000080,2735,1308,1427
115000081,343,579,-236
115000082,4465,3876,589
115000083,1940,1115,825
115000084,3100,1073,2027
115000085,999,599,400
115000086,1308,586,722
115000087,402,1218,-816
115000088,1784,577,1207
115000089,1133,977,156
115000090,335,688,-353
115000091,253,488,-235
115000092,686,460,226
115000093,558,3,555
115000094,4415,5976,-1561
115000095,3571,6594,-3023
115000096,927,850,77
115000097,1614,1111,503
115000098,1601,613,988
115000099,2885,1517,1368
115000100,1317,306,1011
115000101,557,977,-420
115000102,683,242,441
115000103,240,415,-175
115000105,61,107,-46
115000106,884,346,538
115000107,240,285,-45
115000108,2006,1689,317
115000109,2947,5174,-2227
115000110,1090,1945,-855
115000111,549,898,-349
115000112,872,975,-103
115000113,613,707,-94
115000114,1249,572,677
115000116,2777,2108,669
115000117,2148,2499,-351
115000118,1960,1850,110
115000119,1366,2013,-647
115000120,511,1187,-676
115000121,780,747,33
115000122,1054,1646,-592
115000123,743,2081,-1338
115000124,710,1117,-407
115000125,363,495,-132
115000126,104,318,-214
115000127,316,144,172
115000128,323,677,-354
115000129,159,441,-282
115000130,546,404,142
115000131,827,222,605
115000132,401,283,118
115000133,686,225,461
115000134,405,299,106
115000135,197,175,22
115000136,223,181,42
115000137,111,195,-84
115000138,410,226,184
115000139,311,162,149
115000140,484,189,295
115000141,276,125,151
115000142,222,101,121
115000143,1101,504,597
115000144,534,60,474
115000145,254,192,62
115000146,560,363,197
115000147,324,288,36
115000148,323,414,-91
115000149,683,259,424
115000150,629,404,225
115000151,1416,410,1006
115000152,661,443,218
115000153,1330,472,858
115000154,903,239,664
115000155,625,609,16
115000156,785,637,148
115000157,391,608,-217
115000158,404,296,108
115000159,478,537,-59
115000160,417,560,-143
115000161,588,375,213
115000162,463,837,-374
115000163,455,652,-197
115000164,518,605,-87
115000165,242,521,-279
115000167,105,83,22
115000168,380,301,79
115000169,363,533,-170
115000170,54,154,-100
115000171,155,217,-62
115000172,666,520,146
115000173,242,831,-589
115000174,53,323,-270
115000175,185,161,24
115000176,105,184,-79
115000177,99,253,-154
115000178,17,181,-164
115000179,33,83,-50
115000180,134,264,-130
115000181,789,150,639
115000182,1164,238,926
115000183,500,392,108
115000186,655,211,444
115000187,259,460,-201
115000188,379,466,-87
115000189,200,342,-142
115000190,647,435,212
115000191,137,409,-272
115000194,93,175,-82
115000195,187,384,-197
115000196,262,132,130
115000197,214,165,49
115000198,507,130,377
115000199,505,125,380
115000200,449,109,340
115000201,169,267,-98
115000206,458,49,409
115000207,273,239,34
115000208,327,494,-167
115000209,722,314,408
115000210,190,155,35
115000211,246,226,20
115000212,771,353,418
115000224,286,64,222
115000225,75,74,1
115000229,139,102,37
115000230,91,537,-446
115000231,280,762,-482
115000232,2101,215,1886
115000233,136,146,-10
115000234,47,266,-219
115000241,153,122,31
115000242,157,143,14
115000243,73,100,-27
115000244,14,125,-111
115000246,54,25,29
115000247,40,15,25
115000248,30,18,12
115000249,26,25,1
115000250,244,13,231
115000251,288,65,223
115000252,65,181,-116
115000253,13,435,-422
115000258,306,53,253
115000259,263,89,174
115000261,32,15,17
115000262,9,36,-27
115000263,19,45,-26
115000264,24,25,-1
115000267,82,86,-4
115000268,50,96,-46
115000269,114,66,48
115000270,6,17,-11
115000272,69,99,-30
115000273,566,52,514
115000280,1712,243,1469
115000281,292,731,-439
115000282,825,1381,-556
115000284,179,141,38
115000296,1015,14,1001
115000297,112,185,-73
115000298,56,436,-380
115000300,239,106,133
115000302,641,75,566
115000303,902,69,833
115000304,964,65,899
115000305,124,285,-161
115000306,257,142,115
115000307,137,157,-20
115000308,21,15,6
115000309,25,128,-103
115000310,1450,437,1013
115000311,1417,1026,391
115000313,114,227,-113
115000314,594,160,434
115000315,605,661,-56
115000316,82,150,-68
115000317,192,405,-213
115000318,887,318,569
115000319,39,193,-154
115000320,18,265,-247
115000321,270,9,261
115000322,56,147,-91
115000449,179,122,57
115000557,4,1751,-1747
115000558,342,126,216
115000587,571,234,337
115000588,1934,1883,51
115000589,3428,1939,1489
115000590,851,1478,-627
115000591,1372,719,653
115000592,422,1559,-1137
115000593,1237,767,470
115000594,391,2068,-1677
115000609,219,213,6
115000617,548,2709,-2161
115000624,416,57,359
115000633,405,1373,-968
115000634,2785,625,2160
115000635,640,130,510
115000638,290,364,-74
115000641,49,131,-82
115000642,317,243,74
115000643,156,336,-180
115000644,146,287,-141
115000646,832,1564,-732
115000647,243,462,-219
115000648,2662,1186,1476
115000893,1375,1116,259
115000894,149,662,-513
115000895,226,671,-445
115000896,961,444,517
115000897,391,103,288
115000898,419,271,148
115000899,237,1206,-969
115000900,45,255,-210
115000901,58,151,-93
115000912,469,99,370
115000913,2,13,-11
115000915,18,0,18
115000916,18,13,5
115000917,0,6,-6
115000918,24,446,-422
115000919,1,24,-23
115000920,27,70,-43
115000921,276,82,194
115000922,349,838,-489
115000923,145,1111,-966
115000925,134,113,21
115000927,77,97,-20
115000933,100,332,-232
115000934,171,161,10
115000935,171,65,106
115000936,54,795,-741
115000937,606,128,478
115000938,48,228,-180
115000939,30,140,-110
115900001,169,9,160
115900002,82,91,-9
115900003,231,44,187
115900004,2,24,-22
115900005,297,12,285
115900006,129,124,5
115900008,98,29,69
115900009,66,135,-69
115900010,494,81,413
115900011,450,140,310
115900012,258,45,213
115900013,292,150,142
115900014,146,79,67
115900015,167,31,136
115900016,114,54,60
115900017,22,15,7
115900018,136,38,98
115900019,60,10,50
115900020,171,4,167
115900021,643,186,457
115900022,716,11,705
115900023,3,6,-3
115900025,40,265,-225
115900026,655,97,558
115900027,0,119,-119
115900028,311,40,271
115900029,32,207,-175
115900030,33,30,3
115900031,131,377,-246
115900032,446,514,-68
115900033,0,48,-48
115900034,63,151,-88
115900035,47,58,-11
115900036,44,1418,-1374
115900037,44,123,-79
115900038,78,37,41
115900039,222,132,90
115900041,247,844,-597
115900042,83,5,78
115900043,143,41,102
115900044,177,270,-93
115900046,452,140,312
115900047,130,199,-69
115900049,246,191,55
115900051,2,23,-21
115900052,14,122,-108
115900053,393,125,268
115900054,354,21,333
115900055,36,76,-40
115900056,253,128,125
115900057,16,16,0
115900058,40,54,-14
115900060,78,112,-34
115900061,297,5,292
115900062,87,125,-38
115900063,75,4,71
115900064,169,211,-42
115900065,179,61,118
115900066,104,65,39
115900067,9,246,-237
115900068,1455,1172,283
115900069,57,151,-94
115900070,256,46,210
115900071,2,128,-126
115900072,20,82,-62
115900073,163,157,6
115900074,4,117,-113
115900075,39,139,-100
115900076,2,31,-29
115900077,1,84,-83
115900078,58,138,-80
115900079,251,20,231
115900080,203,140,63
115900081,38,29,9
115900082,121,162,-41
115900084,564,17,547
115900085,47,63,-16
115900086,890,486,404
115900088,8,72,-64
115900089,471,386,85
115900090,602,14,588
115900091,5,27,-22
115900092,41,50,-9
115900093,7,21,-14
115900094,5,85,-80
115900096,6,15,-9
115900097,8,147,-139
115900098,297,153,144
115900099,44,56,-12
115900100,19,252,-233
115900101,223,109,114
115900102,98,46,52
115900103,324,91,233
115900104,113,67,46
115900105,377,264,113
115900106,138,19,119
115900107,114,51,63
115900108,214,28,186
115900109,41,183,-142
115900110,9,6,3
115900111,2,74,-72
115900112,51,403,-352
115900113,61,23,38
115900114,5,101,-96
115900115,118,188,-70
115900116,90,508,-418
115900117,124,20,104
115900118,10,116,-106
115900119,137,100,37
115900120,28,162,-134
115900121,230,143,87
115900124,352,896,-544
115900125,459,64,395
115900126,1011,111,900
115900127,821,57,764
115900128,10,54,-44
115900129,649,65,584
115900130,3,222,-219
115900131,397,27,370
115900132,902,5,897
115900134,424,19,405
115900135,224,992,-768
115900137,28,12,16
115900139,17,60,-43
115900140,423,56,367
115900141,2,28,-26
115900142,11,31,-20
115900143,276,357,-81
115900144,104,148,-44
115900146,25,46,-21
115900147,202,276,-74
115900148,110,7,103
115900149,163,15,148
115900150,121,11,110
115900151,35,119,-84
115900152,160,219,-59
115900153,132,127,5
115900154,319,332,-13
115900155,0,9,-9
115900156,611,848,-237
115900157,289,394,-105
115900158,9,5,4
115900159,238,127,111
115900160,8,22,-14
115900161,54,131,-77
115900163,223,147,76
115900164,834,15,819
115900166,174,88,86
115900168,176,70,106
115900171,115,338,-223
115900172,45,87,-42
115900173,269,76,193
115900174,164,183,-19
115900175,245,188,57
115900178,3,261,-258
115900179,380,9,371
115900180,39,42,-3
115900181,291,67,224
115900182,694,96,598
115900183,29,55,-26
115900184,532,12,520
115900187,10,139,-129
115900189,0,181,-181
115900190,219,974,-755
115900191,39,124,-85
115900192,11,129,-118
115900193,273,148,125
115900194,903,70,833
115900195,423,2551,-2128
115900198,284,314,-30
115900199,248,143,105
115900200,206,215,-9
115900201,346,366,-20
115900202,1,73,-72
115900203,9,35,-26
115900204,0,5,-5
115900205,69,34,35
115900206,261,104,157
115900207,40,6,34
115900208,111,78,33
115900209,12,113,-101
115900210,6,117,-111
115900211,3,86,-83
115900212,260,129,131
115900213,85,148,-63
115900214,688,106,582
115900215,38,178,-140
115900216,6,96,-90
115900217,1,53,-52
115900218,5,23,-18
115900219,183,3,180
115900220,306,5,301
115900221,149,20,129
115900222,131,48,83
115900223,11,561,-550
115900224,448,1622,-1174
115900225,42,78,-36
115900226,43,39,4
115900227,31,34,-3
115900228,14,26,-12
115900229,5,35,-30
115900230,39,92,-53
115900231,152,5,147
115900232,78,3,75
115900233,93,7,86
115900234,63,24,39
115900235,26,60,-34
115900236,22,40,-18
115900237,25,13,12
115900238,39,13,26
115900239,21,23,-2
115900240,9,27,-18
115900241,317,73,244
115900242,250,452,-202
115900243,17,14,3
115900244,6,10,-4
115900245,105,6,99
115900246,9,14,-5
115900247,11,10,1
115900248,10,4,6
115900249,9,7,2
115900250,14,10,4
115900251,0,7,-7
115900252,1,1,0
115900253,13,10,3
115900254,11,38,-27
115900255,3,15,-12
115900256,11,27,-16
115900257,5,13,-8
115900258,1,0,1
115900259,8,4,4
115900260,10,1,9
115900261,5,1,4
115900262,1,0,1
115900263,22,0,22
115900264,23,3,20
115900265,3,4,-1
115900266,0,14,-14
115900267,3,15,-12
115900268,1,17,-16
115900269,704,191,513
115900270,515,129,386
115900271,241,2,239
115900272,72,10,62
115900273,19,52,-33
115900274,6,0,6
115900275,2,6,-4
115900276,0,20,-20
115900277,0,33,-33
115900278,55,86,-31
115900279,17,222,-205
115900280,22,619,-597
115900281,141,375,-234
115900282,14,24,-10
115900283,12,20,-8
115900284,19,2,17
116000001,5162,2348,2814
116000002,4273,13500,-9227
116000003,1147,1204,-57
116000004,3022,5166,-2144
116000005,956,2648,-1692
116000006,2502,3214,-712
116000007,1815,1900,-85
116000008,4264,2729,1535
116000009,1031,1262,-231
116000010,2790,1670,1120
116000011,634,1136,-502
116000012,2167,1177,990
116000013,4348,3228,1120
116000014,7449,16239,-8790
116000015,131,1427,-1296
116000016,5067,4687,380
116000017,29,901,-872
116000018,565,510,55
116000019,953,445,508
116000020,644,1750,-1106
116000021,682,358,324
116000022,388,269,119
116000023,1273,900,373
116000024,547,734,-187
116000025,1024,911,113
116000026,1478,2744,-1266
116000027,697,702,-5
116000028,485,1166,-681
116000029,455,614,-159
116000030,701,605,96
116000031,124,223,-99
116000032,384,126,258
116000033,444,438,6
116000034,847,780,67
116000035,457,591,-134
116000036,744,1837,-1093
116000037,303,487,-184
116000038,185,609,-424
116000039,203,734,-531
116000040,422,675,-253
116000041,90,611,-521
116000042,800,433,367
116000043,143,537,-394
116000044,5,18,-13
116000045,1826,1537,289
116000046,988,1445,-457
116000047,1673,2291,-618
116000048,2163,1604,559
116000049,1633,3343,-1710
116000050,1500,1224,276
116000051,5453,3334,2119
116000052,5332,4750,582
116000053,2399,767,1632
116000054,1109,2474,-1365
116000055,1003,901,102
116000056,1325,1118,207
116000057,2658,1172,1486
116000058,3226,2744,482
116000059,2283,4127,-1844
116000060,1788,1091,697
116000061,488,1102,-614
116000062,504,267,237
116000063,535,1529,-994
116000066,271,742,-471
116000067,210,314,-104
116000068,192,305,-113
116000069,251,217,34
116000078,525,1057,-532
116000080,1838,629,1209
116000082,2,19,-17
116000083,2042,484,1558
116000084,1495,1968,-473
116000085,2208,2071,137
116000086,851,617,234
116000087,2923,2082,841
116000088,798,806,-8
116000089,222,97,125
116000090,146,133,13
116000091,238,399,-161
116000093,820,706,114
116000094,780,402,378
116000095,1028,765,263
116000096,1077,1534,-457
116000097,1056,588,468
116000098,69,6737,-6668
116000099,4715,363,4352
116000100,326,12,314
116000101,1180,431,749
116000102,275,849,-574
116000103,592,297,295
116000104,196,922,-726
116000105,1327,152,1175
116000106,409,773,-364
116000107,2465,243,2222
116000108,100,191,-91
116000111,150,33,117
116000113,212,138,74
116000114,28,110,-82
116000115,515,173,342
116000116,244,268,-24
116000117,1790,1617,173
116000118,1715,914,801
116000119,4292,1751,2541
116000120,2803,2238,565
116000121,1097,679,418
116000122,916,868,48
116000123,1591,548,1043
116000124,389,552,-163
116000125,3634,901,2733
116000126,322,852,-530
116000127,822,757,65
116000128,2372,946,1426
116000129,1621,229,1392
116000130,864,730,134
116000133,1547,690,857
116000134,1542,1074,468
116000135,3166,1363,1803
116000136,786,1243,-457
116000137,1267,647,620
116000138,952,648,304
116000139,1625,2399,-774
116000140,139,185,-46
116000141,379,309,70
116000142,2498,1700,798
116000143,1990,1580,410
116000144,1567,1301,266
116000145,2119,927,1192
116000146,903,77,826
116000147,208,131,77
116000148,689,786,-97
116000149,834,880,-46
116000151,487,338,149
116000153,96,269,-173
116000155,155,249,-94
116000156,571,893,-322
116000157,88,11,77
116000158,473,286,187
116000159,9,19,-10
116000160,16,38,-22
116000161,4,72,-68
116000162,57,182,-125
116000163,38,11,27
116000164,7,46,-39
116000177,136,114,22
116000194,99,431,-332
116000195,1367,482,885
116000196,18,9,9
116000197,21,22,-1
116000198,2068,1101,967
116000200,589,717,-128
116000201,695,564,131
116000202,16,172,-156
116000203,1,73,-72
116000204,21,40,-19
116000205,0,131,-131
116000206,3,149,-146
116000207,9,33,-24
116000233,191,343,-152
116000287,240,166,74
116000288,457,186,271
116000292,66,86,-20
116000296,22,95,-73
116000297,130,6,124
116000304,215,25,190
116000305,31,28,3
116000346,215,73,142
116000352,147,74,73
116000354,43,18,25
116000357,32,31,1
116000358,541,73,468
116000361,37,2,35
116000372,2581,5530,-2949
116000381,144,0,144
116000388,2,41,-39
116000389,859,534,325
116000445,645,257,388
116000446,789,252,537
116000447,30,494,-464
116000448,613,109,504
116000563,746,1020,-274
116000565,46,191,-145
116000568,87,457,-370
116000579,16,84,-68
116000584,44,9,35
116000585,57,15,42
116000586,76,62,14
116000587,514,515,-1
116000589,56,45,11
116000590,107,66,41
116000591,334,149,185
116000592,5,53,-48
116000593,0,16,-16
116000594,1000,184,816
116000595,830,84,746
116000596,151,8,143
116000597,627,184,443
116000598,29,79,-50
116000602,36,506,-470
116000605,203,108,95
116000606,86,307,-221
116000607,1,104,-103
116000609,125,1090,-965
116000611,211,208,3
116000612,1123,2047,-924
116000613,837,316,521
116000614,395,288,107
116000615,2,359,-357
116000616,103,70,33
116000617,126,29,97
116000618,5,22,-17
116000619,51,91,-40
116000620,198,105,93
116000621,94,127,-33
116000622,85,120,-35
116000624,265,58,207
116000627,145,14,131
116000628,105,168,-63
116000629,26,161,-135
116000630,651,34,617
116000631,324,29,295
116000632,858,122,736
116000633,67,134,-67
116000634,763,23,740
116000635,1795,2524,-729
116000636,412,1174,-762
116000637,612,12,600
116000638,49,193,-144
116900001,230,169,61
116900002,278,1,277
116900003,36,23,13
116900004,73,71,2
116900005,309,40,269
116900006,61,126,-65
116900007,90,189,-99
116900008,633,141,492
116900009,19,16,3
116900010,0,583,-583
116900011,23,38,-15
116900012,156,269,-113
116900013,5,66,-61
116900014,190,52,138
116900015,672,50,622
116900016,316,4,312
116900017,2,391,-389
116900018,116,50,66
116900019,7,165,-158
116900020,487,1803,-1316
116900023,60,10,50
116900024,849,44,805
116900025,1515,528,987
116900026,90,444,-354
116900027,34,29,5
116900028,3,47,-44
116900029,1,148,-147
116900031,2,1,1
116900032,4,235,-231
116900033,42,18,24
116900034,4,36,-32
116900035,139,114,25
116900036,4,92,-88
116900038,20,1,19
116900041,54,9,45
116900042,266,172,94
116900043,30,65,-35
116900047,26,186,-160
116900049,39,269,-230
116900050,117,304,-187
116900051,226,74,152
116900052,140,52,88
116900055,4,9,-5
116900057,16,115,-99
116900058,16,282,-266
116900059,1,65,-64
116900060,153,119,34
116900062,3,35,-32
116900064,119,212,-93
116900065,29,78,-49
116900067,108,48,60
116900068,107,167,-60
116900070,3,8,-5
116900072,45,158,-113
116900073,17,59,-42
116900074,2,25,-23
116900076,4,66,-62
116900077,15,63,-48
116900078,164,51,113
116900079,63,148,-85
116900080,19,29,-10
116900081,269,893,-624
116900082,305,795,-490
116900083,13,16,-3
116900084,54,54,0
116900085,31,92,-61
116900086,57,180,-123
116900088,365,132,233
116900090,37,29,8
116900091,433,24,409
116900092,82,469,-387
116900093,2165,1443,722
116900094,2780,4748,-1968
116900095,208,120,88
116900096,82,640,-558
116900097,1722,3670,-1948
116900098,658,370,288
116900099,392,727,-335
116900100,1177,60,1117
116900101,167,381,-214
116900103,3,1,2
116900104,40,125,-85
116900105,299,191,108
116900106,2754,136,2618
116900107,1659,2812,-1153
116900110,27,11,16
116900111,858,232,626
116900112,335,419,-84
116900113,913,2048,-1135
116900116,57,717,-660
116900117,121,152,-31
116900118,751,983,-232
116900120,530,87,443
116900121,174,17,157
116900122,1263,368,895
116900123,338,304,34
116900124,149,721,-572
116900125,682,123,559
116900126,64,554,-490
116900128,0,33,-33
116900129,3,201,-198
116900130,492,4089,-3597
116900131,89,284,-195
116900132,86,129,-43
116900133,199,102,97
116900134,285,182,103
116900136,146,151,-5
116900137,222,107,115
116900138,182,162,20
116900139,132,319,-187
116900140,194,104,90
116900141,622,271,351
116900142,5,133,-128
116900143,370,182,188
116900144,56,106,-50
116900145,54,189,-135
116900147,251,1304,-1053
116900148,10,63,-53
116900149,53,246,-193
116900150,9,18,-9
116900151,68,41,27
116900153,178,93,85
116900154,251,597,-346
116900155,77,111,-34
116900157,734,108,626
116900158,93,306,-213
116900159,53,280,-227
116900160,1021,1277,-256
116900161,4066,8117,-4051
116900162,10,65,-55
116900163,260,88,172
116900164,86,74,12
116900165,483,519,-36
116900166,74,18,56
116900167,507,42,465
116900168,469,69,400
116900169,288,977,-689
116900170,542,607,-65
116900171,47,130,-83
116900172,119,505,-386
116900173,299,35,264
116900174,55,64,-9
116900175,211,325,-114
116900178,24,71,-47
116900179,97,463,-366
116900180,81,18,63
116900182,724,246,478
116900183,211,86,125
116900185,49,60,-11
116900186,69,113,-44
116900187,64,85,-21
116900188,155,21,134
116900189,68,5,63
116900191,329,505,-176
116900192,340,97,243
116900194,140,1937,-1797
116900195,74,48,26
116900196,9,43,-34
116900197,161,18,143
116900198,101,263,-162
116900200,107,5,102
116900201,166,11,155
116900202,65,22,43
116900203,181,8,173
116900204,61,135,-74
116900205,0,0,0
116900206,33,13,20
116900207,26,20,6
116900208,7,38,-31
116900209,20,48,-28
116900210,646,344,302
116900211,277,7,270
116900212,108,28,80
116900213,245,100,145
116900214,265,152,113
116900215,72,66,6
116900216,292,197,95
116900218,5,168,-163
116900219,950,302,648
116900220,165,307,-142
116900221,140,283,-143
116900222,450,421,29
116900223,148,259,-111
116900226,111,21,90
116900227,247,41,206
116900228,343,112,231
116900230,65,123,-58
116900231,45,214,-169
116900232,25,228,-203
116900233,366,134,232
116900234,22,11,11
116900235,174,221,-47
116900238,1152,217,935
116900239,65,1364,-1299
116900240,3404,2889,515
116900241,137,94,43
116900242,254,866,-612
116900243,7,19,-12
116900245,73,46,27
116900246,158,6,152
116900247,986,44,942
116900248,126,46,80
116900249,578,60,518
116900250,555,32,523
116900251,410,690,-280
116900252,169,409,-240
116900253,187,55,132
116900254,41,49,-8
116900255,83,121,-38
116900256,499,106,393
116900257,33,270,-237
116900258,4,100,-96
116900259,329,15,314
116900260,5,75,-70
116900261,80,2,78
116900262,190,156,34
116900263,2,32,-30
116900264,6,7,-1
116900265,69,0,69
116900266,21,17,4
116900267,0,0,0
116900268,266,158,108
116900269,330,678,-348
116900271,634,334,300
116900272,241,199,42
116900273,50,181,-131
116900274,171,39,132
116900275,233,55,178
116900276,492,232,260
116900277,311,51,260
116900278,2,11,-9
116900279,0,15,-15
116900280,58,31,27
116900281,3388,5647,-2259
116900282,4,39,-35
116900283,20,49,-29
116900284,20,127,-107
116900285,159,240,-81
116900286,128,30,98
116900287,5,15,-10
116900288,87,67,20
116900289,25,8,17
116900290,19,6,13
116900291,33,8,25
116900292,0,20,-20
116900293,88,19,69
116900294,16,104,-88
116900295,116,233,-117
116900296,47,140,-93
116900297,6,99,-93
116900298,65,178,-113
116900299,14,163,-149
116900300,1,271,-270
116900301,27,365,-338
116900302,22,97,-75
116900303,76,101,-25
116900304,0,211,-211
116900305,10,36,-26
116900306,268,33,235
117000001,2811,2456,355
117000002,1935,3301,-1366
117000003,6712,3433,3279
117000004,2239,4097,-1858
117000005,3008,2122,886
117000006,1139,2145,-1006
117000007,5709,1381,4328
117000008,891,2105,-1214
117000009,4903,1898,3005
117000010,1669,2339,-670
117000011,3038,1687,1351
117000012,1337,1063,274
117000013,2233,843,1390
117000014,1239,2028,-789
117000015,2585,1237,1348
117000016,116,246,-130
117000017,95,251,-156
117000018,109,954,-845
117000019,37,3,34
117000020,379,1828,-1449
117000021,911,315,596
117000022,202,241,-39
117000023,74,259,-185
117000024,163,426,-263
117000025,228,1606,-1378
117000026,1462,1897,-435
117000027,912,3566,-2654
117000028,739,2416,-1677
117000030,264,388,-124
117000031,405,363,42
117000032,1261,1251,10
117000033,1319,624,695
117000034,315,216,99
117000035,455,378,77
117000036,484,340,144
117000037,316,184,132
117000038,193,519,-326
117000039,408,265,143
117000040,254,476,-222
117000041,1300,149,1151
117000044,5,524,-519
117000045,542,151,391
117000046,374,1057,-683
117000047,1322,836,486
117000048,1424,645,779
117000049,62,505,-443
117000050,152,925,-773
117000051,2736,67,2669
117000052,43,155,-112
117000053,678,25,653
117000054,1886,12,1874
117000055,5,1466,-1461
117000056,773,33,740
117000057,428,1671,-1243
117000060,471,1002,-531
117000061,2609,1182,1427
117000062,256,617,-361
117000063,2153,1213,940
117000064,357,471,-114
117000066,484,770,-286
117000067,118,519,-401
117000074,48,178,-130
117000076,57,45,12
117000077,122,162,-40
117000078,124,620,-496
117000079,509,288,221
117000080,2,370,-368
117000081,1014,158,856
117000082,14,64,-50
117000083,181,10,171
117000084,133,3,130
117000085,415,794,-379
117000086,784,303,481
117000087,74,433,-359
117000088,373,130,243
117000089,2115,240,1875
117000090,332,764,-432
117000091,1193,310,883
117000092,408,806,-398
117000093,1822,660,1162
117000094,1110,1485,-375
117000095,4189,784,3405
117000096,750,1392,-642
117000097,2121,981,1140
117000098,1732,2470,-738
117000099,5004,1132,3872
117000100,227,363,-136
117000101,144,643,-499
117000102,2512,708,1804
117000103,512,1022,-510
117000104,1984,683,1301
117000105,572,1007,-435
117000106,1908,672,1236
117000107,475,1185,-710
117000108,2628,1042,1586
117000109,1047,1651,-604
117000110,1977,1688,289
117000111,3582,3564,18
117000112,3844,1430,2414
117000113,107,126,-19
117000114,253,136,117
117000115,102,70,32
117000116,176,201,-25
117000117,1305,1137,168
117000118,256,137,119
117000119,108,357,-249
117000120,91,851,-760
117000121,19,906,-887
117000122,389,949,-560
117000123,1725,43,1682
117000124,124,157,-33
117000125,109,492,-383
117000126,48,29,19
117000127,101,327,-226
117000128,156,868,-712
117000129,195,974,-779
117000130,102,0,102
117000131,0,68,-68
117000132,3323,21,3302
117000133,2537,20,2517
117000134,0,91,-91
117000135,4,120,-116
117000136,0,40,-40
117000137,199,182,17
117000138,6,577,-571
117000140,428,979,-551
117000141,2335,489,1846
117000181,301,174,127
117000182,908,906,2
117000195,119,702,-583
117000196,392,223,169
117000225,71,108,-37
117000226,7,171,-164
117000276,435,23,412
117000277,1,168,-167
117000310,1370,1928,-558
117000315,161,640,-479
117000320,60,0,60
117000906,633,21,612
117000907,12,145,-133
117000908,7,122,-115
117000909,44,53,-9
117000910,271,153,118
117000911,63,158,-95
117000915,3,279,-276
117000916,63,3,60
117000917,1500,60,1440
117000918,65,50,15
117000919,22,32,-10
117000920,0,777,-777
117000921,0,481,-481
117000922,21,48,-27
117000924,613,747,-134
117000926,439,179,260
117000927,335,887,-552
117000928,0,55,-55
117000929,348,149,199
117000930,366,14,352
117000931,45,117,-72
117900002,75,460,-385
117900003,285,354,-69
117900005,14,147,-133
117900006,0,184,-184
117900007,156,70,86
117900008,0,24,-24
117900010,273,66,207
117900011,25,330,-305
117900012,62,84,-22
117900013,2,124,-122
117900014,517,142,375
117900015,10,62,-52
117900016,938,1015,-77
117900017,681,247,434
117900018,210,354,-144
117900019,574,176,398
117900020,48,416,-368
117900021,36,30,6
117900022,61,7,54
117900023,1287,81,1206
117900024,42,67,-25
117900025,44,5,39
117900026,530,145,385
117900028,31,13,18
117900029,304,296,8
117900030,601,263,338
117900031,160,254,-94
117900032,993,721,272
117900033,358,320,38
117900034,35,20,15
117900035,231,109,122
117900036,237,225,12
117900037,181,104,77
117900038,48,92,-44
117900039,3,28,-25
117900040,170,188,-18
117900041,3,37,-34
117900042,2472,282,2190
117900043,12,25,-13
117900044,22,3523,-3501
117900045,224,155,69
117900048,488,165,323
117900049,246,313,-67
117900050,2,310,-308
117900051,11,3,8
117900052,66,472,-406
117900053,2032,317,1715
117900054,0,14,-14
117900055,812,169,643
117900056,38,68,-30
117900057,738,772,-34
117900058,29,39,-10
117900059,146,93,53
117900060,3139,2348,791
117900061,15,274,-259
117900063,446,187,259
117900065,435,826,-391
117900066,10,107,-97
117900067,702,130,572
117900069,838,179,659
117900070,78,137,-59
117900071,102,101,1
117900073,739,198,541
117900074,58,204,-146
117900075,69,55,14
117900076,40,76,-36
117900077,546,116,430
117900078,369,843,-474
117900080,143,30,113
117900081,244,305,-61
117900082,588,415,173
117900083,514,231,283
117900086,166,32,134
117900087,164,18,146
117900088,1660,1349,311
117900089,2545,804,1741
117900090,527,337,190
117900091,67,70,-3
117900092,92,26,66
117900093,127,36,91
117900094,50,51,-1
117900095,402,336,66
117900096,100,243,-143
117900097,320,69,251
117900098,51,14,37
117900099,227,192,35
117900100,381,13,368
117900101,572,2403,-1831
117900102,146,52,94
117900103,93,11,82
117900104,22,382,-360
117900105,81,169,-88
117900106,134,58,76
117900107,76,6,70
117900109,940,362,578
117900110,137,0,137
117900111,497,57,440
117900112,82,14,68
117900113,1202,1847,-645
117900114,48,1,47
117900115,59,184,-125
117900116,774,691,83
117900117,742,195,547
117900118,165,3,162
117900119,294,50,244
117900120,380,37,343
117900121,183,169,14
117900122,1098,4884,-3786
117900123,717,315,402
117900124,502,519,-17
117900125,1594,1677,-83
117900126,141,370,-229
117900127,589,212,377
117900128,451,300,151
117900129,125,2,123
117900130,744,307,437
117900131,2,99,-97
117900132,30,72,-42
117900133,26,42,-16
117900134,51,253,-202
117900135,21,86,-65
117900136,0,23,-23
117900137,32,153,-121
117900138,0,12,-12
117900139,103,105,-2
117900140,3029,334,2695
117900141,185,164,21
117900142,29,119,-90
117900144,31,668,-637
117900145,21,138,-117
117900146,106,226,-120
117900147,122,62,60
117900148,2308,1961,347
117900149,122,104,18
117900150,24,36,-12
117900151,37,57,-20
117900152,60,100,-40
117900153,16,103,-87
117900154,466,464,2
117900156,537,571,-34
117900157,75,455,-380
117900158,307,132,175
117900160,897,926,-29
117900161,1253,1149,104
117900162,676,406,270
117900163,20,330,-310
117900165,0,7,-7
117900166,86,565,-479
117900168,99,133,-34
117900169,0,80,-80
117900170,3,26,-23
117900171,1,27,-26
117900172,17,23,-6
117900173,78,129,-51
117900174,19,42,-23
117900175,7,16,-9
117900176,15,18,-3
117900177,30,18,12
117900178,79,69,10
117900180,271,44,227
117900181,67,459,-392
117900182,5,42,-37
117900183,99,153,-54
117900184,14,104,-90
117900185,90,53,37
117900186,44,11,33
117900187,49,9,40
117900188,200,51,149
117900189,83,21,62
117900190,31,3,28
117900191,101,1,100
117900192,220,2,218
117900193,7,28,-21
117900194,9,3,6
117900195,36,157,-121
117900196,25,28,-3
117900207,122,121,1
117900208,29,18,11
117900209,197,134,63
117900210,128,175,-47
117900211,10,109,-99
117900212,122,150,-28
117900213,32,7,25
117900214,4,23,-19
117900215,45,35,10
117900216,23,28,-5
117900217,28,271,-243
117900218,91,70,21
117900219,6,119,-113
117900220,49,180,-131
117900222,231,140,91
117900223,121,280,-159
118000001,659,1533,-874
118000002,469,1363,-894
118000003,1943,4024,-2081
118000004,1766,2299,-533
118000005,2451,5042,-2591
118000006,2434,6992,-4558
118000007,3595,4637,-1042
118000008,1269,2945,-1676
118000009,1404,2737,-1333
118000010,5527,3807,1720
118000011,1708,1742,-34
118000012,950,1347,-397
118000013,1859,1648,211
118000014,1454,1259,195
118000016,302,218,84
118000017,632,360,272
118000018,402,305,97
118000019,1380,1798,-418
118000020,704,3292,-2588
118000021,542,2994,-2452
118000022,1065,890,175
118000023,515,231,284
118000024,643,1544,-901
118000027,7523,11152,-3629
118000029,478,791,-313
118000032,327,3356,-3029
118000033,2471,6342,-3871
118000034,3255,2866,389
118000035,2110,2832,-722
118000036,653,1144,-491
118000037,713,935,-222
118000038,237,75,162
118000039,70,103,-33
118000040,1479,1096,383
118000041,2255,1153,1102
118000045,225,234,-9
118000046,780,1009,-229
118000047,516,1329,-813
118000048,1293,1944,-651
118000051,1595,4543,-2948
118000052,976,2362,-1386
118000053,217,593,-376
118000054,1870,730,1140
118000055,1820,1258,562
118000056,144,483,-339
118000057,154,330,-176
118000058,1893,3600,-1707
118000059,1535,2167,-632
118000060,1271,455,816
118000061,1135,981,154
118000062,467,363,104
118000063,404,905,-501
118000064,646,1384,-738
118000065,1683,1342,341
118000066,1160,2580,-1420
118000067,400,609,-209
118000068,840,5388,-4548
118000069,1502,961,541
118000070,3379,1465,1914
118000071,2450,6075,-3625
118000072,678,1532,-854
118000073,512,742,-230
118000074,496,255,241
118000075,508,188,320
118000076,1268,3046,-1778
118000077,965,1191,-226
118000078,1672,2579,-907
118000079,172,421,-249
118000080,560,845,-285
118000081,1586,1601,-15
118000082,268,1129,-861
118000083,1226,1669,-443
118000084,2303,1839,464
118000086,210,561,-351
118000087,2774,2087,687
118000088,1256,1452,-196
118000089,3286,2418,868
118000090,867,2533,-1666
118000091,841,3034,-2193
118000092,778,533,245
118000093,79,599,-520
118000096,430,496,-66
118000097,774,754,20
118000098,247,159,88
118000099,951,550,401
118000101,1492,367,1125
118000102,576,708,-132
118000107,1226,415,811
118000108,546,3002,-2456
118000110,3,37,-34
118000111,0,103,-103
118000112,739,3,736
118000113,3,226,-223
118000114,540,11,529
118000115,5,9,-4
118000116,15,0,15
118000117,653,660,-7
118000118,845,1427,-582
118000119,827,1220,-393
118000120,1164,908,256
118000121,49,624,-575
118000122,727,352,375
118000123,57,248,-191
118000125,1042,744,298
118000126,608,1601,-993
118000127,1205,676,529
118000128,343,1026,-683
118000129,999,427,572
118000130,1422,2052,-630
118000131,248,345,-97
118000132,2860,2189,671
118000133,1173,426,747
118000135,530,547,-17
118000136,175,394,-219
118000137,442,132,310
118000138,479,378,101
118000139,492,83,409
118000140,2673,6371,-3698
118000141,2644,1454,1190
118000142,2157,1402,755
118000143,2982,1330,1652
118000144,959,463,496
118000145,1623,1088,535
118000146,1553,516,1037
118000147,1185,993,192
118000148,563,911,-348
118000149,1192,861,331
118000150,657,251,406
118000151,814,323,491
118000153,1762,963,799
118000154,1456,1361,95
118000155,2238,1156,1082
118000156,2146,2754,-608
118000157,746,335,411
118000158,231,465,-234
118000159,35,95,-60
118000160,829,354,475
118000161,821,402,419
118000162,1656,929,727
118000163,1034,845,189
118000164,1825,1335,490
118000168,533,888,-355
118000169,783,827,-44
118000170,2598,2462,136
118000171,346,334,12
118000172,57,191,-134
118000173,982,1412,-430
118000175,276,520,-244
118000176,374,626,-252
118000177,312,701,-389
118000178,34,31,3
118000179,851,1477,-626
118000180,631,764,-133
118000181,725,228,497
118000182,268,277,-9
118000183,291,292,-1
118000184,1214,563,651
118000185,967,1573,-606
118000186,842,1322,-480
118000187,1866,480,1386
118000188,664,99,565
118000189,805,383,422
118000190,6,6,0
118000191,30,21,9
118000192,18,86,-68
118000193,18,140,-122
118000194,1019,679,340
118000195,231,1552,-1321
118000196,148,199,-51
118000197,56,142,-86
118000198,272,722,-450
118000199,273,485,-212
118000200,118,306,-188
118000201,251,527,-276
118000202,61,80,-19
118000203,276,719,-443
118000204,75,418,-343
118000205,98,281,-183
118000206,233,215,18
118000207,1,44,-43
118000208,1197,1186,11
118000209,2263,1033,1230
118000210,184,33,151
118000211,27,47,-20
118000213,651,3624,-2973
118000214,331,579,-248
118000215,340,58,282
118000216,3413,1333,2080
118000217,29,38,-9
118000218,114,49,65
118000219,430,199,231
118000220,5,67,-62
118000221,410,375,35
118000222,51,4,47
118000223,65,44,21
118000224,145,58,87
118000225,105,514,-409
118000226,921,210,711
118000227,554,325,229
118000228,74,292,-218
118000229,57,186,-129
118000230,136,115,21
118000231,65,214,-149
118000232,982,454,528
118000233,1367,671,696
118000234,595,144,451
118000236,337,260,77
118000237,98,195,-97
118000238,271,110,161
118000239,322,265,57
118000240,164,141,23
118000241,256,155,101
118000242,471,286,185
118000243,312,172,140
118000244,69,27,42
118000246,2,43,-41
118000255,44,256,-212
118000256,145,208,-63
118000259,1,62,-61
118000260,243,121,122
118000261,58,41,17
118000263,120,114,6
118000266,178,232,-54
118000267,0,138,-138
118000268,252,3,249
118000270,98,21,77
118000271,133,159,-26
118000272,142,50,92
118000273,296,58,238
118000274,117,223,-106
118000276,636,399,237
118000295,20,135,-115
118000298,167,164,3
118000299,51,108,-57
118000301,0,96,-96
118000302,120,38,82
118000311,875,63,812
118000312,393,134,259
118000313,82,70,12
118000314,99,36,63
118000315,55,16,39
118000316,793,426,367
118000325,75,33,42
118000326,78,39,39
118000331,27,23,4
118000332,14,15,-1
118000333,21,34,-13
118000335,436,2,434
118000336,0,86,-86
118000407,319,58,261
118000457,9,29,-20
118000465,868,3551,-2683
118000480,45,42,3
118000489,11,460,-449
118000490,3,117,-114
118000492,375,176,199
118000510,38,35,3
118000514,94,350,-256
118000515,653,912,-259
118000517,235,148,87
118000524,141,282,-141
118000525,477,661,-184
118000530,34,68,-34
118000531,401,270,131
118000532,340,250,90
118000533,210,122,88
118000534,691,361,330
118000535,380,137,243
118000536,136,1116,-980
118000537,21,186,-165
118000538,28,104,-76
118000539,8,84,-76
118000540,223,170,53
118000541,181,55,126
118000542,127,184,-57
118000543,175,248,-73
118000546,46,30,16
118000553,0,2,-2
118000557,0,0,0
118000560,1188,2755,-1567
118000562,40,70,-30
118000563,1170,862,308
118000576,194,87,107
118000577,165,126,39
118000578,89,49,40
118000579,496,1248,-752
118000583,0,0,0
118000595,227,77,150
118000596,0,194,-194
118000597,133,113,20
118000598,5,2,3
118000599,73,38,35
118000600,1,4,-3
118000601,7,0,7
118000602,0,4,-4
118000603,0,5,-5
118900001,345,1105,-760
118900002,768,951,-183
118900003,570,14,556
118900004,58,47,11
118900005,105,5,100
118900006,203,23,180
118900007,11,0,11
118900008,1173,61,1112
118900009,113,72,41
118900010,88,9,79
118900011,182,22,160
118900012,429,185,244
118900013,623,293,330
118900015,293,73,220
118900016,13,14,-1
118900017,101,284,-183
118900018,987,56,931
118900019,11,15,-4
118900020,100,162,-62
118900021,153,292,-139
118900022,171,63,108
118900023,127,80,47
118900024,138,147,-9
118900025,38,23,15
118900026,81,65,16
118900027,389,137,252
118900028,179,121,58
118900029,292,406,-114
118900030,549,44,505
118900031,188,57,131
118900032,280,89,191
118900033,327,625,-298
118900034,202,38,164
118900035,156,81,75
118900036,1395,684,711
118900037,247,462,-215
118900038,495,86,409
118900039,662,115,547
118900040,221,190,31
118900041,623,112,511
118900042,196,81,115
118900045,354,128,226
118900046,589,446,143
118900047,454,282,172
118900048,121,377,-256
118900049,60,54,6
118900050,54,18,36
118900051,35,114,-79
118900052,241,303,-62
118900053,30,91,-61
118900054,187,27,160
118900055,149,28,121
118900056,32,292,-260
118900057,977,541,436
118900058,398,353,45
118900059,13,62,-49
118900060,47,92,-45
118900062,297,106,191
118900064,220,599,-379
118900065,102,98,4
118900066,97,90,7
118900067,2542,4241,-1699
118900068,13,161,-148
118900069,598,165,433
118900071,12,54,-42
118900072,519,301,218
118900073,194,147,47
118900074,187,72,115
118900075,66,19,47
118900076,237,174,63
118900077,327,246,81
118900078,10,3,7
118900079,57,99,-42
118900080,63,81,-18
118900081,55,47,8
118900082,1334,167,1167
118900083,41,9,32
118900084,13,9,4
118900085,770,425,345
118900086,26,124,-98
118900087,32,335,-303
118900088,3,8,-5
118900089,17,28,-11
118900090,680,222,458
118900091,158,253,-95
118900092,253,55,198
118900093,91,36,55
118900096,50,34,16
118900097,359,382,-23
118900099,105,198,-93
118900100,123,167,-44
118900101,164,246,-82
118900102,27,68,-41
118900103,71,166,-95
118900104,258,128,130
118900105,180,59,121
118900107,109,57,52
118900108,127,105,22
118900110,1008,960,48
118900111,685,358,327
118900112,97,164,-67
118900113,90,233,-143
118900114,11,51,-40
118900115,152,468,-316
118900116,142,194,-52
118900117,158,178,-20
118900118,296,289,7
118900119,124,205,-81
118900120,114,314,-200
118900121,26,80,-54
118900122,12,1228,-1216
118900123,151,192,-41
118900124,94,91,3
118900126,18,397,-379
118900129,226,245,-19
118900130,42,231,-189
118900131,211,170,41
118900132,273,292,-19
118900133,11,104,-93
118900135,240,185,55
118900136,185,322,-137
118900137,12,51,-39
118900139,242,135,107
118900140,555,445,110
118900141,76,73,3
118900144,196,219,-23
118900145,29,86,-57
118900146,495,670,-175
118900147,86,205,-119
118900148,124,58,66
118900150,93,478,-385
118900152,601,522,79
118900157,56,170,-114
118900158,179,48,131
118900159,3,107,-104
118900161,57,8,49
118900163,53,61,-8
118900164,4,78,-74
118900165,119,64,55
118900166,48,5,43
118900167,101,65,36
118900168,24,181,-157
118900169,180,126,54
118900170,232,44,188
118900171,61,34,27
118900174,59,49,10
118900175,588,421,167
118900176,226,241,-15
118900177,113,28,85
118900178,70,128,-58
118900179,4,24,-20
118900181,137,74,63
118900182,99,85,14
118900183,41,99,-58
118900184,288,149,139
118900185,90,64,26
118900186,99,114,-15
118900187,257,307,-50
118900188,313,249,64
118900189,53,982,-929
118900190,23,156,-133
118900191,265,59,206
118900192,245,15,230
118900193,664,7,657
118900195,236,421,-185
118900196,36,143,-107
118900197,280,29,251
118900198,57,8,49
118900199,145,18,127
118900200,35,27,8
118900201,44,66,-22
118900202,16,22,-6
118900203,21,4,17
118900204,23,18,5
118900205,0,3,-3
118900206,4,8,-4
119000001,1470,2766,-1296
119000002,4325,5552,-1227
119000003,3393,876,2517
119000004,2366,1480,886
119000005,2055,2256,-201
119000006,3045,1618,1427
119000007,3498,3398,100
119000008,1915,1278,637
119000009,3015,5895,-2880
119000010,4684,4254,430
119000011,2304,2542,-238
119000012,1227,3113,-1886
119000013,2700,1710,990
119000014,1208,1888,-680
119000019,248,149,99
119000020,2451,1582,869
119000021,5398,3130,2268
119000022,1537,3378,-1841
119000023,276,266,10
119000024,1384,13713,-12329
119000025,3240,864,2376
119000026,78,510,-432
119000027,130,314,-184
119000028,1441,458,983
119000029,74,328,-254
119000030,491,703,-212
119000031,852,478,374
119000032,2114,2026,88
119000033,2243,942,1301
119000034,1023,589,434
119000035,63,203,-140
119000036,2464,507,1957
119000037,1457,780,677
119000038,204,405,-201
119000039,524,327,197
119000040,744,603,141
119000041,631,1184,-553
119000048,2209,1592,617
119000049,2050,1275,775
119000050,1210,1124,86
119000051,1763,1013,750
119000052,1779,2170,-391
119000053,1587,1086,501
119000054,3456,1746,1710
119000055,5609,2008,3601
119000056,3102,1826,1276
119000057,1684,1185,499
119000058,1778,1015,763
119000059,1089,1018,71
119000060,1703,896,807
119000061,1112,538,574
119000062,1100,1082,18
119000063,642,432,210
119000064,767,928,-161
119000065,1488,2779,-1291
119000066,2245,1237,1008
119000067,1674,1329,345
119000068,1774,867,907
119000069,1785,1591,194
119000070,3207,687,2520
119000071,401,506,-105
119000072,3729,2502,1227
119000073,3608,7500,-3892
119000074,1436,1287,149
119000075,3635,1684,1951
119000076,199,1062,-863
119000077,504,541,-37
119000078,499,232,267
119000079,152,606,-454
119000080,650,106,544
119000081,264,405,-141
119000082,920,176,744
119000083,786,450,336
119000084,239,383,-144
119000085,625,159,466
119000086,339,436,-97
119000087,1006,479,527
119000088,360,184,176
119000089,92,204,-112
119000090,86,95,-9
119000091,78,322,-244
119000092,292,146,146
119000093,2963,1994,969
119000094,3654,4213,-559
119000095,2166,2600,-434
119000097,1616,905,711
119000098,1181,3344,-2163
119000099,2272,1064,1208
119000100,4416,3196,1220
119000101,3693,1611,2082
119000102,693,1496,-803
119000103,1263,735,528
119000104,1404,801,603
119000105,976,2607,-1631
119000106,368,672,-304
119000107,1320,499,821
119000108,412,492,-80
119000109,184,721,-537
119000110,303,707,-404
119000111,58,771,-713
119000112,137,152,-15
119000113,1203,369,834
119000114,1572,1114,458
119000115,177,131,46
119000116,72,116,-44
119000117,211,392,-181
119000118,6,0,6
119000123,3296,2716,580
119000124,912,153,759
119000125,5075,492,4583
119000126,1857,470,1387
119000127,853,338,515
119000128,13,3,10
119000131,1176,305,871
119000132,0,3,-3
119000133,1,5,-4
119000134,1255,478,777
119000135,196,212,-16
119000136,356,112,244
119000137,380,181,199
119000138,713,99,614
119000139,293,113,180
119000140,365,373,-8
119000284,1137,1997,-860
119000285,1624,1344,280
119000286,3819,3311,508
119000287,1092,1472,-380
119000288,1950,773,1177
119000289,1159,1760,-601
119000290,262,188,74
119000291,20,105,-85
119000293,123,163,-40
119000294,42,49,-7
119000295,1124,231,893
119000296,252,163,89
119000299,0,0,0
119000302,1202,990,212
119000303,38,182,-144
119000314,1256,11422,-10166
119000315,12,143,-131
119000316,240,97,143
119000317,175,97,78
119900001,234,1485,-1251
119900002,213,225,-12
119900003,39,505,-466
119900004,188,1805,-1617
119900005,277,59,218
119900006,214,405,-191
119900007,957,341,616
119900008,75,52,23
119900009,561,483,78
119900010,777,881,-104
119900011,34,207,-173
119900012,24,115,-91
119900013,2273,1819,454
119900014,389,135,254
119900015,219,27,192
119900016,55,44,11
119900017,59,55,4
119900018,1153,1221,-68
119900019,51,15,36
119900020,167,177,-10
119900021,208,81,127
119900022,95,1280,-1185
119900023,369,2146,-1777
119900025,409,15,394
119900026,490,179,311
119900027,13,15,-2
119900028,222,174,48
119900029,9,6,3
119900030,609,425,184
119900031,95,642,-547
119900033,1609,444,1165
119900034,647,55,592
119900037,233,12,221
119900038,58,442,-384
119900039,105,34,71
119900040,92,21,71
119900041,249,14,235
119900042,123,139,-16
119900043,121,139,-18
119900044,204,1104,-900
119900046,247,31,216
119900047,528,146,382
119900048,30,12,18
119900049,212,6,206
119900050,149,202,-53
119900051,694,15,679
119900052,135,15,120
119900053,377,121,256
119900054,255,15,240
119900055,1402,502,900
119900057,380,26,354
119900058,345,9,336
119900059,72,30,42
119900060,385,43,342
119900062,157,12,145
119900063,19,53,-34
119900065,252,27,225
119900066,2,0,2
119900067,141,23,118
119900068,765,2,763
119900069,147,41,106
119900070,1367,8,1359
119900071,1124,49,1075
119900073,1304,530,774
119900074,21,46,-25
119900075,2087,2199,-112
119900076,975,233,742
119900077,1148,371,777
119900078,805,605,200
119900079,471,128,343
119900080,2101,811,1290
119900081,538,26,512
119900082,1968,194,1774
119900083,315,90,225
119900084,518,256,262
119900085,68,41,27
119900087,652,560,92
119900088,48,37,11
119900089,70,230,-160
119900090,73,50,23
119900091,67,322,-255
119900092,85,382,-297
119900093,1507,217,1290
119900094,86,267,-181
119900095,155,114,41
119900096,29,104,-75
119900097,287,164,123
119900098,63,46,17
119900099,56,154,-98
119900100,1062,2832,-1770
119900101,146,1251,-1105
119900102,82,147,-65
119900103,42,144,-102
119900104,56,129,-73
119900105,798,3391,-2593
119900106,19,111,-92
119900107,226,1304,-1078
119900108,3373,578,2795
119900109,25,123,-98
119900110,846,362,484
119900111,193,115,78
119900112,812,555,257
119900113,47,201,-154
119900114,351,649,-298
119900115,509,528,-19
119900116,154,408,-254
119900117,382,361,21
119900118,147,323,-176
119900119,292,155,137
119900120,623,434,189
119900121,533,408,125
119900122,186,199,-13
119900123,226,316,-90
119900124,234,375,-141
119900125,38,196,-158
119900126,2712,254,2458
119900127,1066,707,359
119900128,524,403,121
119900129,353,207,146
119900130,12,143,-131
119900131,73,104,-31
119900132,8,103,-95
119900133,75,105,-30
119900134,803,144,659
119900135,0,170,-170
119900136,132,199,-67
119900138,221,374,-153
119900139,18,218,-200
119900140,9,111,-102
119900141,78,786,-708
119900142,19,35,-16
119900143,32,142,-110
119900144,1052,241,811
119900145,73,73,0
119900146,221,141,80
119900147,1,171,-170
119900148,325,68,257
119900149,488,5133,-4645
119900150,140,104,36
119900151,1347,909,438
119900152,181,171,10
119900153,265,48,217
119900154,37,128,-91
119900155,64,44,20
119900156,25,8,17
119900157,192,169,23
119900158,257,46,211
119900159,6,562,-556
119900160,36,71,-35
119900161,137,54,83
119900162,1213,1166,47
119900163,97,149,-52
119900164,3,5,-2
119900165,165,78,87
119900166,105,63,42
119900167,33,52,-19
119900168,1250,461,789
119900169,84,302,-218
119900170,159,219,-60
119900171,931,289,642
119900172,82,23,59
119900173,6,156,-150
119900174,27,103,-76
119900175,1802,431,1371
119900177,11,128,-117
119900178,12,123,-111
119900179,134,744,-610
119900180,1155,904,251
119900181,51,122,-71
119900182,5,142,-137
119900183,102,531,-429
119900184,894,363,531
119900185,96,280,-184
119900186,22,1322,-1300
119900187,44,236,-192
119900188,203,237,-34
119900189,251,330,-79
119900190,65,339,-274
119900191,221,405,-184
119900192,117,132,-15
119900193,602,108,494
119900194,38,74,-36
119900195,64,182,-118
119900196,425,192,233
119900197,271,185,86
119900198,199,177,22
119900199,184,29,155
119900200,694,627,67
119900201,276,207,69
119900202,110,413,-303
119900203,203,644,-441
119900204,479,245,234
119900205,1074,292,782
119900206,341,130,211
119900208,203,192,11
119900209,656,1942,-1286
119900210,36,27,9
119900211,71,7,64
119900212,406,318,88
119900213,16,85,-69
119900214,71,34,37
119900215,90,37,53
119900216,31,40,-9
119900217,21,43,-22
119900218,20,94,-74
119900219,16,55,-39
119900220,8,53,-45
119900221,55,130,-75
119900222,24,101,-77
119900223,15,39,-24
119900224,16,16,0
119900225,458,46,412
119900226,246,1802,-1556
119900227,449,255,194
119900228,68,230,-162
119900229,271,358,-87
119900230,1070,400,670
119900231,395,124,271
119900232,209,144,65
119900233,90,11,79
119900234,12,73,-61
119900235,35,51,-16
119900236,17,181,-164
119900237,70,665,-595
119900238,1,82,-81
119900240,140,80,60
119900241,204,117,87
119900242,1503,1352,151
119900244,564,1095,-531
119900245,154,180,-26
119900246,261,612,-351
119900247,17,118,-101
119900248,79,337,-258
119900249,233,172,61
119900253,1147,341,806
119900254,90,1032,-942
119900255,177,902,-725
119900256,1093,428,665
119900257,210,13,197
119900258,352,28,324
119900259,10,62,-52
119900260,308,25,283
119900261,389,151,238
119900262,1,134,-133
119900263,1208,299,909
119900264,167,59,108
119900265,478,249,229
119900266,582,148,434
119900267,201,375,-174
119900268,182,62,120
119900269,1315,543,772
119900271,34,97,-63
119900272,383,485,-102
119900275,184,2,182
119900276,120,3,117
119900277,14,13,1
119900278,188,180,8
119900279,104,294,-190
119900280,443,91,352
119900281,1,356,-355
119900282,43,161,-118
119900283,29,126,-97
119900284,74,163,-89
119900285,18,79,-61
119900286,3,49,-46
119900288,4,7,-3
119900289,0,14,-14
119900290,14,17,-3
119900291,1,71,-70
119900292,48,61,-13
119900293,54,10,44
119900294,42,0,42
119900295,0,0,0
119900296,0,0,0
119900299,89,106,-17
119900300,248,208,40
119900301,84,168,-84
119900302,150,119,31
119900303,323,116,207
119900304,279,33,246
119900305,6,72,-66
119900306,28,3,25
119900307,73,58,15
119900308,1,20,-19
119900309,47,192,-145
119900310,283,235,48
119900311,148,51,97
119900312,143,102,41
119900313,354,230,124
119900314,200,385,-185
119900315,2908,1178,1730
119900318,25,66,-41
119900319,5,142,-137
119900320,280,374,-94
119900321,128,4,124
119900322,13,113,-100
119900323,4,108,-104
119900324,0,33,-33
119900325,358,188,170
119900326,28,57,-29
120000001,6937,21442,-14505
120000002,2441,2128,313
120000003,2226,1220,1006
120000004,2261,1168,1093
120000005,2373,1443,930
120000006,1152,1052,100
120000007,2692,3427,-735
120000008,858,1118,-260
120000009,1627,869,758
120000010,1919,2054,-135
120000011,994,1231,-237
120000012,1687,1709,-22
120000013,3229,2512,717
120000014,695,1296,-601
120000015,2349,1391,958
120000016,4133,2196,1937
120000017,3558,3162,396
120000018,3015,14585,-11570
120000019,1082,1557,-475
120000020,2600,3695,-1095
120000021,1704,2515,-811
120000022,2331,3518,-1187
120000023,1281,1631,-350
120000024,1058,2306,-1248
120000025,2643,1574,1069
120000026,2933,1524,1409
120000027,2390,1972,418
120000028,907,3069,-2162
120000029,916,2224,-1308
120000030,460,784,-324
120000031,1912,4538,-2626
120000032,4719,2983,1736
120000033,4392,1512,2880
120000034,2900,1041,1859
120000035,2903,1677,1226
120000036,3471,5181,-1710
120000037,527,1522,-995
120000038,3787,3620,167
120000039,723,1013,-290
120000040,110,909,-799
120000041,537,1073,-536
120000042,1827,1278,549
120000043,4535,1044,3491
120000044,6218,1346,4872
120000045,7431,940,6491
120000046,4820,2933,1887
120000047,507,7062,-6555
120000048,5971,4092,1879
120000049,3457,3079,378
120000050,3543,3324,219
120000051,2247,3542,-1295
120000052,5871,1569,4302
120000053,1422,1343,79
120000054,1481,2423,-942
120000055,1571,2986,-1415
120000056,4279,3053,1226
120000057,3955,1413,2542
120000058,1332,2322,-990
120000059,13,1677,-1664
120000061,125,385,-260
120000062,171,336,-165
120000063,749,1666,-917
120000064,242,695,-453
120000065,604,1029,-425
120000066,214,426,-212
120000067,21,307,-286
120000068,254,347,-93
120000069,520,372,148
120000070,97,357,-260
120000071,781,82,699
120000072,1282,374,908
120000073,1156,101,1055
120000074,139,144,-5
120000075,1213,462,751
120000076,3452,554,2898
120000077,2515,775,1740
120000078,2997,1390,1607
120000079,437,187,250
120000080,213,210,3
120000081,361,116,245
120000082,318,266,52
120000083,88,775,-687
120000084,344,321,23
120000085,252,350,-98
120000086,291,289,2
120000087,329,303,26
120000088,876,960,-84
120000089,1342,515,827
120000090,835,427,408
120000091,1305,776,529
120000092,1321,535,786
120000093,658,517,141
120000094,194,857,-663
120000095,974,389,585
120000096,349,438,-89
120000098,1118,554,564
120000099,437,597,-160
120000100,858,629,229
120000101,676,379,297
120000102,745,1175,-430
120000103,1858,1097,761
120000104,2285,584,1701
120000105,3534,699,2835
120000106,3138,721,2417
120000107,5598,746,4852
120000108,1954,172,1782
120000109,1613,108,1505
120000110,60,730,-670
120000111,147,734,-587
120000112,751,1615,-864
120000113,487,1190,-703
120000114,737,1467,-730
120000115,337,1189,-852
120000116,637,1328,-691
120000117,738,1068,-330
120000118,44,41,3
120000119,22,53,-31
120000120,121,120,1
120000121,29,37,-8
120000122,211,543,-332
120000123,2676,8708,-6032
120000124,442,323,119
120000125,738,439,299
120000126,332,1279,-947
120000127,1420,1493,-73
120000128,1965,4610,-2645
120000129,153,232,-79
120000130,905,434,471
120000131,465,655,-190
120000134,449,451,-2
120000135,1009,669,340
120000137,423,505,-82
120000138,1774,248,1526
120000139,373,345,28
120000140,1359,283,1076
120000141,560,326,234
120000142,1016,492,524
120000143,1,68,-67
120000144,156,16,140
120000145,616,1,615
120000146,817,1007,-190
120000149,650,761,-111
120000150,1595,10885,-9290
120000151,576,427,149
120000152,758,136,622
120000153,370,429,-59
120000154,624,587,37
120000155,159,251,-92
120000156,488,1584,-1096
120000157,1089,452,637
120000158,1149,677,472
120000159,1790,1910,-120
120000160,2421,1862,559
120000161,2876,1922,954
120000162,71,236,-165
120000163,1095,655,440
120000164,845,243,602
120000165,841,402,439
120000166,1711,370,1341
120000167,409,247,162
120000168,13,895,-882
120000169,66,2700,-2634
120000170,25,2351,-2326
120000171,14,843,-829
120000172,21,748,-727
120000173,520,4143,-3623
120000174,86,69,17
120000175,61,83,-22
120000176,43,58,-15
120000177,739,85,654
120000178,15,15,0
120000179,46,53,-7
120000180,156,84,72
120000181,69,1432,-1363
120000182,57,869,-812
120000183,7,345,-338
120000184,308,1229,-921
120000186,35,2100,-2065
120000187,16,766,-750
120000188,41,988,-947
120000190,163,78,85
120000191,268,127,141
120000192,288,42,246
120000193,87,5,82
120000195,17,0,17
120000196,86,17,69
120000197,39,30,9
120000198,318,18,300
120000199,141,1,140
120000200,191,0,191
120000201,17,26,-9
120000202,9,63,-54
120000203,104,169,-65
120000207,0,48,-48
120000208,18,77,-59
120000209,9,29,-20
120000210,37,41,-4
120000211,301,4,297
120000212,292,2,290
120000213,259,130,129
120000214,0,127,-127
120000215,2,108,-106
120000216,221,30,191
120000217,307,843,-536
120000218,75,488,-413
120000219,1,307,-306
120000220,1,755,-754
120000225,2639,3,2636
120000226,580,4,576
120000227,1020,111,909
120000228,12621,4174,8447
120000230,712,24,688
120000231,1999,1071,928
120000233,524,13,511
120000235,430,368,62
120000236,1061,2,1059
120000237,1,673,-672
120000238,4,1932,-1928
120000241,1229,3939,-2710
120000412,302,10,292
120000413,391,114,277
120000414,255,1,254
120000415,1,42,-41
120000416,111,4,107
120000417,8,112,-104
120000418,226,15,211
120000419,8,76,-68
120000420,36,13,23
120000421,6491,4327,2164
120000422,75,1560,-1485
120000423,2,62,-60
120000424,161,90,71
120000436,104,795,-691
120000437,91,134,-43
120000438,1510,254,1256
120000439,328,720,-392
120000443,190,1,189
120000444,1985,313,1672
120000445,1794,1135,659
120000446,872,162,710
120000447,295,2,293
120000449,226,0,226
120000450,10,59,-49
120000451,152,201,-49
120000452,484,0,484
120000453,0,92,-92
120000454,38,81,-43
120000455,82,41,41
120000456,2312,4446,-2134
120000457,414,286,128
120000458,453,484,-31
120000459,98,82,16
120000665,429,315,114
120000668,133,1814,-1681
120000669,173,115,58
120000670,93,1606,-1513
120000671,2038,709,1329
120000672,82,479,-397
120900001,96,120,-24
120900002,191,864,-673
120900003,202,18,184
120900004,27,198,-171
120900005,87,366,-279
120900006,761,248,513
120900007,231,58,173
120900008,400,558,-158
120900009,414,31,383
120900010,752,189,563
120900011,148,251,-103
120900012,70,1446,-1376
120900013,468,226,242
120900014,3,264,-261
120900015,1003,170,833
120900016,1357,88,1269
120900017,1474,110,1364
120900018,191,300,-109
120900019,818,562,256
120900020,644,1488,-844
120900021,1031,318,713
120900022,18,223,-205
120900023,464,67,397
120900024,1763,488,1275
120900025,1005,974,31
120900026,205,126,79
120900027,870,10,860
120900028,565,231,334
120900029,85,802,-717
120900030,1992,885,1107
120900031,400,159,241
120900032,1550,112,1438
120900033,1503,153,1350
120900034,39,2934,-2895
120900035,77,74,3
120900037,409,19,390
120900038,124,506,-382
120900039,94,61,33
120900040,583,8,575
120900041,43,50,-7
120900042,892,46,846
120900043,72,85,-13
120900044,12,383,-371
120900045,135,65,70
120900046,855,7,848
120900047,195,189,6
120900048,182,61,121
120900049,835,7,828
120900050,1056,2142,-1086
120900051,550,83,467
120900052,918,13,905
120900053,519,63,456
120900054,1151,374,777
120900055,673,7,666
120900056,921,78,843
120900057,267,32,235
120900058,952,1,951
120900059,175,6,169
120900060,84,32,52
120900061,233,163,70
120900062,391,2,389
120900063,1056,17,1039
120900064,1121,0,1121
120900065,926,4,922
120900066,577,148,429
120900067,222,96,126
120900068,512,1,511
120900069,401,11,390
120900071,49,0,49
120900072,1154,8,1146
120900073,908,51,857
120900074,1249,67,1182
120900076,535,0,535
120900077,1484,310,1174
120900078,1213,485,728
120900079,1262,87,1175
120900080,1267,693,574
120900081,1320,331,989
120900082,361,505,-144
120900083,127,2,125
120900084,527,664,-137
120900085,52,129,-77
120900086,101,565,-464
120900087,638,459,179
120900088,262,879,-617
120900089,1820,3985,-2165
120900090,315,13,302
120900091,579,1042,-463
120900092,589,274,315
120900093,983,107,876
120900094,288,166,122
120900095,380,11,369
120900096,66,193,-127
120900097,687,340,347
120900098,167,146,21
120900099,122,75,47
120900100,74,153,-79
120900101,273,149,124
120900102,81,101,-20
120900103,94,283,-189
120900104,12,81,-69
120900105,30,226,-196
120900106,685,279,406
120900107,153,159,-6
120900108,18,205,-187
120900109,51,327,-276
120900110,8,261,-253
120900111,186,226,-40
120900112,22,318,-296
120900113,36,395,-359
120900114,38,165,-127
120900115,118,256,-138
120900116,662,185,477
120900117,11,166,-155
120900118,15,394,-379
120900119,8893,2819,6074
120900120,110,480,-370
120900121,131,300,-169
120900122,920,175,745
120900123,2,135,-133
120900124,4,241,-237
120900125,6,331,-325
120900126,1036,586,450
120900127,10,188,-178
120900128,655,999,-344
120900129,49,250,-201
120900130,23,241,-218
120900131,171,121,50
120900132,1468,126,1342
120900133,103,397,-294
120900134,316,279,37
120900135,2,304,-302
120900136,52,200,-148
120900137,348,99,249
120900138,20,141,-121
120900139,3,346,-343
120900140,6,194,-188
120900141,196,193,3
120900142,7,154,-147
120900143,1,460,-459
120900144,0,74,-74
120900145,184,484,-300
120900146,1,485,-484
120900147,8,428,-420
120900148,110,142,-32
120900149,0,136,-136
120900150,81,263,-182
120900151,0,276,-276
120900152,13,27,-14
120900153,4,1,3
120900154,0,116,-116
120900155,247,478,-231
120900156,115,234,-119
120900157,0,0,0
120900158,107,275,-168
120900159,6,30,-24
120900160,44,429,-385
120900161,64,376,-312
120900162,106,622,-516
120900163,474,1207,-733
120900164,2,155,-153
120900165,6,887,-881
120900166,108,825,-717
120900167,210,72,138
120900169,101,180,-79
120900170,421,4315,-3894
120900171,459,172,287
120900172,244,2022,-1778
120900173,0,44,-44
120900174,12,119,-107
120900175,167,146,21
120900176,35,401,-366
120900177,8,1489,-1481
120900178,0,579,-579
120900179,436,322,114
120900180,62,181,-119
120900181,84,28,56
120900182,31,145,-114
120900183,775,65,710
120900184,328,76,252
120900185,935,1386,-451
120900186,12,187,-175
120900187,599,1034,-435
120900188,317,7,310
120900189,91,2405,-2314
120900190,193,9,184
120900191,34,16,18
120900192,5113,11344,-6231
120900194,61,142,-81
120900195,109,260,-151
120900196,633,20,613
120900197,959,250,709
120900198,233,322,-89
120900199,482,606,-124
120900200,35,161,-126
120900201,252,120,132
120900202,0,96,-96
120900203,27,76,-49
120900204,74,209,-135
120900205,67,20,47
120900206,54,29,25
120900207,75,654,-579
121000001,550,1047,-497
121000002,2102,1722,380
121000003,2717,1382,1335
121000004,2175,3202,-1027
121000005,1382,2390,-1008
121000006,2713,2494,219
121000007,1836,4081,-2245
121000008,4045,4667,-622
121000009,3227,5884,-2657
121000010,5815,5979,-164
121000011,5329,10180,-4851
121000012,10843,8072,2771
121000013,4743,6205,-1462
121000014,5030,4974,56
121000015,3944,7252,-3308
121000016,3396,3383,13
121000017,2129,2489,-360
121000018,3053,1404,1649
121000019,8473,8621,-148
121000020,9411,16689,-7278
121000021,2053,1907,146
121000022,2680,3697,-1017
121000023,2667,1424,1243
121000024,4574,4874,-300
121000025,404,1351,-947
121000026,286,115,171
121000027,1166,1136,30
121000028,836,549,287
121000029,992,622,370
121000030,710,502,208
121000031,527,628,-101
121000032,166,156,10
121000034,301,274,27
121000035,134,187,-53
121000036,876,895,-19
121000037,465,867,-402
121000038,376,969,-593
121000039,182,345,-163
121000041,531,606,-75
121000042,289,413,-124
121000043,487,710,-223
121000044,1126,1120,6
121000045,519,272,247
121000046,901,1048,-147
121000047,24,127,-103
121000049,979,677,302
121000050,198,1613,-1415
121000051,490,312,178
121000052,396,838,-442
121000053,343,117,226
121000054,28,362,-334
121000055,820,1808,-988
121000056,699,890,-191
121000057,326,546,-220
121000058,210,240,-30
121000059,2743,1238,1505
121000060,463,1060,-597
121000061,79,457,-378
121000062,122,445,-323
121000063,781,1010,-229
121000064,688,940,-252
121000065,200,552,-352
121000066,606,717,-111
121000067,378,667,-289
121000068,492,476,16
121000069,146,977,-831
121000070,1290,1214,76
121000071,1472,1524,-52
121000072,907,641,266
121000073,934,1225,-291
121000074,51,393,-342
121000075,18,295,-277
121000076,340,334,6
121000077,109,187,-78
121000078,90,139,-49
121000080,1633,562,1071
121000081,3363,3643,-280
121000082,100,245,-145
121000083,123,127,-4
121000084,199,187,12
121000085,196,526,-330
121000086,588,606,-18
121000087,83,266,-183
121000088,531,443,88
121000089,285,509,-224
121000090,312,362,-50
121000091,1072,864,208
121000092,210,80,130
121000093,192,233,-41
121000094,390,755,-365
121000095,250,769,-519
121000096,3445,2323,1122
121000097,534,2498,-1964
121000098,637,597,40
121000099,806,518,288
121000100,1107,185,922
121000101,380,204,176
121000102,423,130,293
121000103,206,134,72
121000104,293,72,221
121000105,568,102,466
121000106,399,260,139
121000107,1700,2277,-577
121000109,942,806,136
121000110,201,582,-381
121000114,3231,2202,1029
121000115,1959,743,1216
121000116,336,928,-592
121000117,293,290,3
121000118,1875,252,1623
121000119,291,351,-60
121000120,349,426,-77
121000121,540,1090,-550
121000123,954,614,340
121000126,85,397,-312
121000127,119,149,-30
121000128,1145,202,943
121000129,1001,409,592
121000130,773,493,280
121000131,1085,1345,-260
121000132,813,1118,-305
121000135,338,670,-332
121000136,908,1410,-502
121000137,429,402,27
121000138,753,1841,-1088
121000139,439,859,-420
121000141,202,197,5
121000142,588,973,-385
121000143,144,37,107
121000144,518,1259,-741
121000145,873,780,93
121000146,1387,1271,116
121000147,1294,517,777
121000148,926,835,91
121000149,2072,1619,453
121000152,381,281,100
121000153,1373,433,940
121000154,1253,497,756
121000155,1738,989,749
121000156,380,866,-486
121000157,614,1212,-598
121000158,287,320,-33
121000159,279,329,-50
121000160,348,298,50
121000161,323,335,-12
121000162,193,98,95
121000165,998,1872,-874
121000166,30,495,-465
121000168,471,200,271
121000169,83,161,-78
121000170,358,70,288
121000171,46,178,-132
121000172,795,592,203
121000173,1366,1310,56
121000174,559,636,-77
121000175,1387,406,981
121000176,367,283,84
121000177,761,507,254
121000178,70,51,19
121000179,23,51,-28
121000181,489,401,88
121000182,155,322,-167
121000183,115,96,19
121000184,53,187,-134
121000185,39,289,-250
121000186,295,664,-369
121000187,250,106,144
121000188,278,105,173
121000192,895,497,398
121000193,650,431,219
121000194,1773,1728,45
121000195,203,898,-695
121000196,599,266,333
121000197,168,791,-623
121000198,153,207,-54
121000199,131,196,-65
121000200,538,150,388
121000201,12,154,-142
121000202,808,230,578
121000203,976,1717,-741
121000204,3267,849,2418
121000205,89,262,-173
121000206,79,84,-5
121000207,2320,1063,1257
121000208,2,293,-291
121000209,646,101,545
121000210,863,253,610
121000211,462,263,199
121000212,725,361,364
121000213,11776,2722,9054
121000214,714,1879,-1165
121000215,863,1346,-483
121000216,552,585,-33
121000217,3078,2791,287
121000218,343,1440,-1097
121000219,1362,579,783
121000220,87,91,-4
121000221,141,413,-272
121000222,2601,2872,-271
121000223,251,863,-612
121000224,115,414,-299
121000225,474,2575,-2101
121000226,1177,1304,-127
121000227,21,179,-158
121000228,35,484,-449
121000229,306,564,-258
121000230,44,1472,-1428
121000231,1302,29,1273
121000232,406,356,50
121000233,531,328,203
121000234,12,34,-22
121000235,79,63,16
121000236,15,38,-23
121000237,26,16,10
121000238,7,44,-37
121000239,55,8,47
121000240,9,121,-112
121000241,121,5,116
121000242,80,417,-337
121000243,205,54,151
121000244,14,70,-56
121000245,51,21,30
121000246,3,145,-142
121000247,140,4,136
121000248,515,1253,-738
121000249,65,264,-199
121000250,615,277,338
121000251,18,215,-197
121000252,130,87,43
121000253,399,276,123
121000254,893,149,744
121000255,117,162,-45
121000256,350,187,163
121000257,44,91,-47
121000258,68,40,28
121000259,29,55,-26
121000260,58,72,-14
121000261,61,87,-26
121000262,1044,482,562
121000263,523,461,62
121000271,796,1475,-679
121000273,21,2,19
121000274,20,99,-79
121000275,18,7,11
121000276,11,37,-26
121000278,58,33,25
121000279,47,14,33
121000280,29,44,-15
121000289,278,25,253
121000290,1032,1113,-81
121000294,273,68,205
121000297,471,1064,-593
121000299,115,747,-632
121000300,869,477,392
121000302,16,732,-716
121000303,440,219,221
121000304,426,101,325
121000305,213,52,161
121000306,145,146,-1
121000308,120,220,-100
121000309,251,350,-99
121000310,126,206,-80
121000311,74,388,-314
121000312,393,273,120
121000313,235,338,-103
121000314,43,81,-38
121000315,33,81,-48
121000530,1814,1426,388
121000531,1824,1463,361
121000532,5753,8099,-2346
121000533,3368,4070,-702
121000918,38,80,-42
121000919,27,114,-87
121000938,48,222,-174
121000939,25,225,-200
121000956,1855,1456,399
121000957,3,15,-12
121000958,13,46,-33
121000959,1026,382,644
121000960,1524,1806,-282
121000961,319,98,221
121000962,756,368,388
121000973,2,171,-169
121000976,16,176,-160
121000979,456,165,291
121000981,355,111,244
121000982,365,154,211
121000983,516,274,242
121000984,20,38,-18
121000985,968,236,732
121000986,601,56,545
121000987,187,465,-278
121000988,1192,105,1087
121001302,212,95,117
121001308,1,16,-15
121001309,30,575,-545
121001311,0,0,0
121001313,209,113,96
121001314,1491,1698,-207
121001315,6040,3610,2430
121001318,0,0,0
121900001,118,248,-130
121900002,21,35,-14
121900003,436,11,425
121900004,58,432,-374
121900005,56,37,19
121900006,147,25,122
121900007,2193,1547,646
121900008,66,371,-305
121900009,701,8,693
121900010,323,8,315
121900011,330,245,85
121900012,20,0,20
121900013,458,130,328
121900014,1474,320,1154
121900015,182,152,30
121900016,4,22,-18
121900017,595,511,84
121900018,390,16,374
121900019,611,214,397
121900020,32,1,31
121900021,996,19,977
121900022,347,277,70
121900023,152,382,-230
121900024,353,60,293
121900025,643,542,101
121900026,303,61,242
121900027,463,229,234
121900028,231,11,220
121900029,117,287,-170
121900030,409,536,-127
121900031,981,6360,-5379
121900032,101,46,55
121900033,187,363,-176
121900034,306,145,161
121900035,3295,2422,873
121900036,150,520,-370
121900037,127,1019,-892
121900038,31,79,-48
121900039,296,76,220
121900040,87,119,-32
121900041,125,291,-166
121900042,363,252,111
121900043,2,1,1
121900044,93,55,38
121900046,195,353,-158
121900047,221,96,125
121900048,91,56,35
121900050,43,41,2
121900051,175,195,-20
121900052,171,31,140
121900053,503,358,145
121900054,255,1002,-747
121900055,16,10,6
121900058,302,141,161
121900059,369,181,188
121900060,145,388,-243
121900061,195,149,46
121900062,132,137,-5
121900063,1700,536,1164
121900064,325,471,-146
121900066,96,20,76
121900067,64,47,17
121900069,167,88,79
121900070,142,178,-36
121900071,597,246,351
121900072,72,110,-38
121900073,245,329,-84
121900074,360,811,-451
121900075,391,715,-324
121900076,438,484,-46
121900077,23,6,17
121900078,90,26,64
121900079,1,0,1
121900080,975,384,591
121900082,76,84,-8
121900084,35,48,-13
121900085,2,3,-1
121900086,28,45,-17
121900087,79,178,-99
121900088,1202,2499,-1297
121900089,250,262,-12
121900090,51,54,-3
121900091,88,49,39
121900092,78,78,0
121900093,83,80,3
121900094,10,5,5
121900095,396,164,232
121900096,911,689,222
121900097,813,222,591
121900098,7,0,7
121900099,269,36,233
121900100,83,391,-308
121900101,114,134,-20
121900102,2,111,-109
121900103,348,260,88
121900104,1738,450,1288
121900105,375,273,102
121900106,8,17,-9
121900107,63,23,40
121900108,1,18,-17
121900109,252,131,121
121900110,712,412,300
121900111,640,305,335
121900112,106,174,-68
121900113,75,474,-399
121900114,121,77,44
121900117,107,203,-96
121900118,1773,762,1011
121900119,226,69,157
121900120,43,966,-923
121900121,378,36,342
121900122,37,64,-27
121900123,183,389,-206
121900124,224,215,9
121900125,1763,975,788
121900127,12,129,-117
121900128,81,83,-2
121900129,184,157,27
121900130,120,309,-189
121900131,322,132,190
121900132,43,74,-31
121900133,34,1202,-1168
121900134,32,233,-201
121900135,3254,351,2903
121900136,455,234,221
121900137,40,282,-242
121900138,85,148,-63
121900139,228,2165,-1937
121900140,80,78,2
121900141,110,36,74
121900142,174,110,64
121900143,17,162,-145
121900144,127,374,-247
121900145,132,270,-138
121900146,482,672,-190
121900147,54,245,-191
121900148,182,360,-178
121900149,290,423,-133
121900150,58,184,-126
121900151,64,316,-252
121900152,84,97,-13
121900153,42,391,-349
121900154,7,415,-408
121900155,1,137,-136
121900156,138,257,-119
121900157,1,231,-230
121900158,112,128,-16
121900159,0,183,-183
121900160,51,219,-168
121900161,265,543,-278
121900162,106,187,-81
121900163,379,275,104
121900164,288,205,83
121900165,225,131,94
121900166,160,164,-4
121900167,78,144,-66
121900168,130,187,-57
121900169,8,148,-140
121900170,8,150,-142
121900171,834,655,179
121900172,620,251,369
121900173,599,275,324
121900174,40,50,-10
121900175,71,354,-283
121900176,439,1490,-1051
121900177,145,74,71
121900178,68,62,6
121900179,397,329,68
121900180,1761,5049,-3288
121900182,560,824,-264
121900183,496,1928,-1432
121900184,46,844,-798
121900186,3,412,-409
121900187,17,138,-121
121900188,676,247,429
121900189,35,81,-46
121900190,234,383,-149
121900191,64,213,-149
121900192,210,1785,-1575
121900193,39,211,-172
121900194,6,221,-215
121900195,31,70,-39
121900196,852,774,78
121900197,262,960,-698
121900198,2204,1559,645
121900199,3,25,-22
121900200,38,205,-167
121900201,622,694,-72
121900202,112,711,-599
121900203,68,1149,-1081
121900204,756,1127,-371
121900205,21,112,-91
121900206,16,62,-46
121900207,69,56,13
121900208,129,539,-410
121900209,64,57,7
121900210,1685,1292,393
121900211,290,254,36
121900212,39,198,-159
121900213,357,45,312
121900214,11,423,-412
121900215,35,132,-97
121900216,35,387,-352
121900217,277,147,130
121900218,122,596,-474
121900220,126,13,113
121900221,531,535,-4
121900222,255,95,160
121900223,145,53,92
121900224,97,46,51
121900225,83,173,-90
121900226,270,38,232
121900227,357,652,-295
121900228,140,161,-21
121900230,73,411,-338
121900231,54,1584,-1530
121900232,122,402,-280
121900233,221,194,27
121900234,363,126,237
121900235,660,143,517
121900236,284,160,124
121900237,183,468,-285
121900238,155,278,-123
121900239,176,43,133
121900240,301,102,199
121900241,67,33,34
121900242,19,0,19
121900243,31,0,31
121900244,28,3,25
121900245,180,92,88
121900246,4074,330,3744
121900247,418,264,154
121900248,1149,1020,129
121900250,212,454,-242
121900251,399,40,359
121900252,484,168,316
121900253,69,801,-732
121900254,377,367,10
121900255,572,109,463
121900258,3982,1699,2283
121900259,192,542,-350
121900260,202,106,96
121900261,178,597,-419
121900262,427,947,-520
121900263,309,198,111
121900264,886,923,-37
121900265,387,141,246
121900266,654,122,532
121900267,58,42,16
121900269,192,723,-531
121900270,57,187,-130
121900271,67,208,-141
121900273,379,1768,-1389
121900274,374,322,52
121900277,382,937,-555
121900278,105,1057,-952
121900279,196,226,-30
121900280,67,535,-468
121900281,147,508,-361
121900284,55,16,39
121900286,209,83,126
121900287,14,44,-30
121900288,4,2,2
121900290,240,925,-685
121900291,416,974,-558
121900292,136,194,-58
121900293,851,3430,-2579
121900294,348,7,341
121900295,177,138,39
121900296,57,242,-185
121900298,202,938,-736
121900299,0,9,-9
121900300,120,10,110
121900301,71,3,68
121900302,3,65,-62
121900303,312,458,-146
121900304,1,21,-20
121900305,8,17,-9
121900306,304,1,303
121900307,167,5,162
121900308,26,124,-98
121900309,4,100,-96
121900310,7,200,-193
121900311,668,36,632
121900312,515,25,490
121900313,622,64,558
121900314,2,16,-14
121900315,15,0,15
121900316,0,4,-4
121900317,33,8,25
121900318,0,5,-5
121900319,33,171,-138
121900320,22,18,4
121900321,15,1,14
121900322,7,5,2
121900323,26,21,5
121900324,0,34,-34
121900325,10,3,7
121900326,3,11,-8
121900327,4,27,-23
121900328,1,15,-14
121900329,2,71,-69
121900330,1,127,-126
121900331,39,80,-41
121900332,85,25,60
121900333,46,5,41
121900334,44,59,-15
122000001,1128,5027,-3899
122000002,2110,1048,1062
122000003,1264,2979,-1715
122000004,1733,1524,209
122000005,3571,2456,1115
122000006,982,1344,-362
122000007,651,1696,-1045
122000008,1163,3042,-1879
122000009,534,493,41
122000010,2142,2895,-753
122000011,4693,2197,2496
122000012,763,3357,-2594
122000013,610,1550,-940
122000014,3165,1414,1751
122000015,990,935,55
122000016,486,633,-147
122000017,1056,1154,-98
122000018,1672,1571,101
122000019,948,1574,-626
122000020,254,403,-149
122000021,183,451,-268
122000022,979,1214,-235
122000023,792,1411,-619
122000024,471,2384,-1913
122000025,543,2656,-2113
122000026,365,1358,-993
122000027,444,1019,-575
122000028,1026,585,441
122000029,329,604,-275
122000030,136,219,-83
122000031,234,426,-192
122000032,3643,2130,1513
122000033,430,3085,-2655
122000034,462,833,-371
122000035,184,601,-417
122000036,441,477,-36
122000037,483,189,294
122000038,191,325,-134
122000039,527,501,26
122000040,184,300,-116
122000041,542,688,-146
122000042,363,431,-68
122000043,70,167,-97
122000044,118,103,15
122000045,1601,892,709
122000046,692,1037,-345
122000047,136,204,-68
122000048,2390,3921,-1531
122000049,5663,3188,2475
122000050,815,894,-79
122000051,160,519,-359
122000052,413,447,-34
122000053,214,1048,-834
122000054,1693,1982,-289
122000055,1798,3759,-1961
122000056,2717,2821,-104
122000057,2934,3673,-739
122000058,834,1932,-1098
122000059,1001,2829,-1828
122000060,352,944,-592
122000061,246,757,-511
122000062,478,210,268
122000063,478,1300,-822
122000064,2666,5678,-3012
122000065,2266,2600,-334
122000066,717,1338,-621
122000067,1169,1261,-92
122000068,1652,936,716
122000069,921,683,238
122000070,844,1111,-267
122000071,2424,1142,1282
122000072,676,779,-103
122000073,268,1340,-1072
122000074,2771,1503,1268
122000075,816,955,-139
122000076,5809,1847,3962
122000077,600,1800,-1200
122000078,793,3715,-2922
122000079,337,2621,-2284
122000080,471,573,-102
122000081,126,234,-108
122000082,317,1146,-829
122000083,3088,836,2252
122000084,2772,1061,1711
122000085,301,587,-286
122000086,2242,5604,-3362
122000087,187,347,-160
122000088,136,367,-231
122000089,4090,2250,1840
122000090,131,758,-627
122000091,109,262,-153
122000092,57,32,25
122000093,1437,2945,-1508
122000094,4309,2714,1595
122000095,583,3743,-3160
122000096,461,1823,-1362
122000098,1829,3237,-1408
122000099,653,1049,-396
122000100,623,729,-106
122000101,292,440,-148
122000102,2014,997,1017
122000103,1526,1549,-23
122000104,893,179,714
122000105,348,355,-7
122000106,429,1162,-733
122000107,1107,411,696
122000108,523,802,-279
122000109,495,309,186
122000110,575,668,-93
122000111,2851,1321,1530
122000112,1238,1459,-221
122000113,668,771,-103
122000114,1609,2328,-719
122000115,1475,1068,407
122000116,406,455,-49
122000117,1078,395,683
122000118,569,693,-124
122000119,2330,1995,335
122000120,927,3449,-2522
122000121,918,2179,-1261
122000122,414,1064,-650
122000123,1143,1436,-293
122000124,822,600,222
122000125,496,704,-208
122000126,416,957,-541
122000127,460,897,-437
122000128,248,370,-122
122000129,409,1679,-1270
122000130,2549,1511,1038
122000131,980,1150,-170
122000132,244,491,-247
122000133,830,745,85
122000134,990,786,204
122000135,595,367,228
122000136,1000,665,335
122000137,1920,849,1071
122000139,776,3529,-2753
122000140,424,693,-269
122000141,2791,1571,1220
122000142,152,1201,-1049
122000143,376,550,-174
122000144,1165,1261,-96
122000145,696,839,-143
122000146,505,1807,-1302
122000147,389,628,-239
122000148,572,1898,-1326
122000149,1586,1308,278
122000150,1029,1104,-75
122000151,84,278,-194
122000152,288,346,-58
122000153,291,362,-71
122000154,240,202,38
122000155,1194,2485,-1291
122000156,3867,3174,693
122000157,585,4200,-3615
122000158,303,761,-458
122000159,548,1433,-885
122000160,2065,2367,-302
122000161,908,1099,-191
122000162,957,1520,-563
122000163,232,92,140
122000164,33,168,-135
122000165,727,1019,-292
122000166,696,1470,-774
122000167,209,358,-149
122000168,170,716,-546
122000169,221,152,69
122000170,288,310,-22
122000171,25,77,-52
122000172,1807,1441,366
122000173,1109,2410,-1301
122000174,1500,1080,420
122000175,717,310,407
122000176,269,1023,-754
122000177,996,1465,-469
122000178,3766,2530,1236
122000179,2045,3043,-998
122000180,883,1063,-180
122000181,1085,2036,-951
122000182,1313,1522,-209
122000183,2002,997,1005
122000184,2352,3150,-798
122000185,960,2966,-2006
122000186,438,1640,-1202
122000187,1677,1009,668
122000188,310,373,-63
122000189,224,419,-195
122000190,613,1584,-971
122000191,754,808,-54
122000192,1070,367,703
122000193,459,625,-166
122000194,401,184,217
122000195,133,580,-447
122000196,1052,474,578
122000197,494,589,-95
122000198,355,1659,-1304
122000199,270,329,-59
122000200,849,561,288
122000201,1009,1998,-989
122000202,826,2075,-1249
122000203,2008,1226,782
122000204,1059,1383,-324
122000205,527,993,-466
122000206,2864,1020,1844
122000207,1949,1560,389
122000208,1930,1545,385
122000209,1564,452,1112
122000210,1925,1615,310
122000211,1262,1385,-123
122000212,851,547,304
122000213,865,1358,-493
122000214,1725,1691,34
122000215,2057,1636,421
122000217,1392,1771,-379
122000218,685,63,622
122000219,947,664,283
122000220,281,657,-376
122000221,69,262,-193
122000222,527,168,359
122000223,1002,508,494
122000225,664,228,436
122000226,1568,1414,154
122000227,225,1566,-1341
122000228,290,275,15
122000229,40,351,-311
122000230,99,353,-254
122000231,218,534,-316
122000232,612,577,35
122000233,1,53,-52
122000234,484,54,430
122000235,564,84,480
122000236,1528,51,1477
122000237,162,109,53
122000238,370,438,-68
122000239,587,154,433
122000240,1410,671,739
122000241,2126,566,1560
122000242,856,184,672
122000243,407,35,372
122000244,101,375,-274
122000245,126,69,57
122000246,435,185,250
122000247,542,299,243
122000248,711,997,-286
122000249,1351,1092,259
122000250,1984,1331,653
122000251,180,591,-411
122000252,312,157,155
122000253,106,277,-171
122000254,333,139,194
122000255,553,814,-261
122000256,278,387,-109
122000257,276,128,148
122000258,362,264,98
122000259,22,292,-270
122000260,3,44,-41
122000261,26,374,-348
122000262,3,24,-21
122000263,361,871,-510
122000264,1281,324,957
122000265,2205,970,1235
122000266,3816,752,3064
122000267,145,160,-15
122000268,119,291,-172
122000269,947,283,664
122000270,439,180,259
122000271,279,1173,-894
122000272,312,990,-678
122000273,396,369,27
122000274,226,170,56
122000275,49,163,-114
122000276,978,504,474
122000277,1071,1675,-604
122000278,1979,462,1517
122000279,275,255,20
122000280,795,487,308
122000281,946,706,240
122000282,222,566,-344
122000283,265,220,45
122000284,212,87,125
122000285,229,73,156
122000286,39,134,-95
122000287,1452,1339,113
122000288,438,268,170
122000291,2451,782,1669
122000293,212,132,80
122000294,102,326,-224
122000295,1138,192,946
122000296,21,483,-462
122000297,1951,3619,-1668
122000299,650,515,135
122000300,431,492,-61
122000301,5140,3211,1929
122000302,777,2419,-1642
122000303,2209,1044,1165
122000304,76,154,-78
122000305,1457,190,1267
122000306,40,303,-263
122000307,123,118,5
122000309,40,23,17
122000310,16,129,-113
122000311,161,155,6
122000312,107,268,-161
122000313,166,80,86
122000314,126,221,-95
122000315,274,82,192
122000316,1193,220,973
122000317,1947,223,1724
122000318,291,1170,-879
122000319,197,249,-52
122000320,222,755,-533
122000321,134,101,33
122000322,1470,1957,-487
122000323,832,2738,-1906
122000324,1298,1679,-381
122000325,740,3145,-2405
122000326,103,64,39
122000327,443,767,-324
122000328,553,358,195
122000330,1522,1429,93
122000332,199,284,-85
122000333,13,64,-51
122000337,1238,473,765
122000338,566,337,229
122000340,136,1523,-1387
122000342,1213,573,640
122000343,507,451,56
122000344,93,11,82
122000345,22,20,2
122000346,286,199,87
122000348,1017,796,221
122000349,128,680,-552
122000351,192,338,-146
122000352,258,191,67
122000353,186,140,46
122000355,151,297,-146
122000356,617,1362,-745
122000357,90,21,69
122000358,0,18,-18
122000359,0,10,-10
122000360,0,19,-19
122000362,4,46,-42
122000364,235,306,-71
122000365,2,31,-29
122000366,2,7,-5
122000368,475,613,-138
122000370,31,14,17
122000371,48,0,48
122000372,17,4,13
122000381,207,302,-95
122000382,131,148,-17
122000384,1311,1044,267
122000385,96,0,96
122000386,210,1805,-1595
122000387,447,795,-348
122000388,1063,891,172
122000389,148,1080,-932
122000390,237,333,-96
122000391,138,564,-426
122000392,200,123,77
122000393,48,118,-70
122000394,681,211,470
122000395,126,115,11
122000396,276,93,183
122000397,20,28,-8
122000398,16,39,-23
122000399,144,70,74
122000400,53,720,-667
122000401,122,38,84
122000402,402,126,276
122000403,390,368,22
122000404,212,126,86
122000408,486,806,-320
122000503,10,87,-77
122000524,89,246,-157
122000544,103,1921,-1818
122000616,178,4,174
122000640,82,65,17
122000641,200,144,56
122000642,1265,710,555
122000643,53,176,-123
122000644,96,31,65
122000645,61,134,-73
122000651,571,1653,-1082
122000664,200,47,153
122000665,1054,469,585
122000666,586,1034,-448
122000673,31,155,-124
122000674,266,119,147
122000675,2026,486,1540
122000686,434,796,-362
122000687,1570,302,1268
122000688,353,287,66
122000689,1029,220,809
122000690,2915,354,2561
122000691,896,645,251
122000692,1476,288,1188
122000693,347,851,-504
122000695,472,231,241
122000696,751,111,640
122000698,538,229,309
122000699,139,71,68
122000701,1464,252,1212
122000702,414,759,-345
122000703,199,65,134
122000712,0,0,0
122000717,143,69,74
122000718,404,1034,-630
122000719,108,79,29
122000720,688,85,603
122000724,120,28,92
122900001,50,9,41
122900002,1018,6571,-5553
122900003,406,44,362
122900004,2545,89,2456
122900005,112,151,-39
122900006,498,1360,-862
122900007,59,204,-145
122900008,295,229,66
122900009,699,440,259
122900010,267,99,168
122900012,211,407,-196
122900014,145,146,-1
122900015,598,1140,-542
122900016,138,210,-72
122900017,193,646,-453
122900018,143,21,122
122900019,19,110,-91
122900020,116,360,-244
122900021,31,303,-272
122900022,1378,751,627
122900023,884,200,684
122900024,166,124,42
122900025,9,381,-372
122900026,26,147,-121
122900027,36,450,-414
122900028,99,101,-2
122900029,4371,2641,1730
122900030,1629,531,1098
122900031,33,280,-247
122900032,119,324,-205
122900033,229,140,89
122900034,3146,4579,-1433
122900035,15,18,-3
122900036,54,42,12
122900037,330,74,256
122900038,70,2835,-2765
122900039,79,558,-479
122900040,182,624,-442
122900041,341,352,-11
122900042,203,307,-104
122900043,303,256,47
122900044,94,324,-230
122900045,94,162,-68
122900046,130,332,-202
122900047,90,179,-89
122900048,45,222,-177
122900049,1761,141,1620
122900051,66,229,-163
122900052,198,89,109
122900053,16,34,-18
122900055,250,118,132
122900057,220,70,150
122900061,523,142,381
122900062,586,684,-98
122900063,184,183,1
122900064,772,319,453
122900065,671,247,424
122900066,714,462,252
122900067,859,411,448
122900068,143,251,-108
122900069,315,1537,-1222
122900070,328,83,245
122900071,157,270,-113
122900072,9,277,-268
122900073,16,98,-82
122900074,1207,249,958
122900075,0,77,-77
122900076,4,174,-170
122900077,0,72,-72
122900078,340,46,294
122900080,28,57,-29
122900081,131,115,16
122900082,1163,111,1052
122900083,108,86,22
122900084,16,105,-89
122900086,14,185,-171
122900087,319,406,-87
122900088,26,478,-452
122900089,30,186,-156
122900090,5,245,-240
122900091,361,2,359
122900092,0,87,-87
122900093,0,73,-73
122900094,0,84,-84
122900095,200,27,173
122900096,405,39,366
122900097,43,93,-50
122900098,27,109,-82
122900099,139,29,110
122900100,92,646,-554
122900101,393,326,67
122900102,48,34,14
122900103,242,5,237
122900104,380,9,371
122900105,27,29,-2
122900106,5,35,-30
122900107,10,66,-56
122900108,7,100,-93
123000001,788,886,-98
123000002,2002,5716,-3714
123000003,3777,3963,-186
123000004,2292,3269,-977
123000005,2803,2697,106
123000006,1693,1754,-61
123000007,3880,2706,1174
123000008,2269,2314,-45
123000009,4112,2814,1298
123000010,2861,3098,-237
123000011,1597,1078,519
123000012,533,2155,-1622
123000013,3461,1093,2368
123000014,567,2808,-2241
123000015,1858,1163,695
123000016,2351,3306,-955
123000017,3606,2126,1480
123000018,131,113,18
123000019,598,80,518
123000020,358,41,317
123000021,209,230,-21
123000022,370,1698,-1328
123000023,1971,2288,-317
123000024,1726,821,905
123000025,266,153,113
123000026,38,103,-65
123000027,90,925,-835
123000028,1369,1316,53
123000029,628,1597,-969
123000030,276,130,146
123000031,390,158,232
123000032,538,59,479
123000033,318,76,242
123000034,1141,766,375
123000035,463,394,69
123000036,233,982,-749
123000037,255,155,100
123000038,62,225,-163
123000039,418,1410,-992
123000040,463,197,266
123000041,745,1408,-663
123000042,552,850,-298
123000043,1625,11218,-9593
123000044,2781,2150,631
123000045,3309,2530,779
123000046,318,1075,-757
123000047,1092,1140,-48
123000048,57,973,-916
123000049,4353,8839,-4486
123000050,1921,1575,346
123000051,129,177,-48
123000052,787,3371,-2584
123000053,2426,3157,-731
123000054,1609,1456,153
123000055,1743,3397,-1654
123000056,1072,1037,35
123000057,3930,5646,-1716
123000058,800,1252,-452
123000059,359,509,-150
123000060,1122,409,713
123000061,307,555,-248
123000063,1021,993,28
123000064,1076,204,872
123000065,3366,2177,1189
123000066,461,570,-109
123000067,972,441,531
123000068,1726,1742,-16
123000069,4073,1689,2384
123000070,179,469,-290
123000071,1644,838,806
123000072,1252,524,728
123000073,1849,770,1079
123000074,1102,890,212
123000075,402,1299,-897
123000076,750,265,485
123000077,1916,1422,494
123000078,2031,1353,678
123000079,2043,1648,395
123000080,2186,983,1203
123000081,134,332,-198
123000082,342,651,-309
123000083,1042,357,685
123000084,752,382,370
123000085,561,69,492
123000086,858,87,771
123000087,520,288,232
123000088,1262,497,765
123000089,690,867,-177
123000090,1314,744,570
123000091,1380,1238,142
123000092,894,1129,-235
123000094,595,163,432
123000095,668,636,32
123000096,1100,326,774
123000097,659,349,310
123000098,980,522,458
123000099,765,468,297
123000100,398,817,-419
123000101,576,557,19
123000102,419,746,-327
123000104,351,583,-232
123000105,491,495,-4
123000106,516,515,1
123000107,316,336,-20
123000108,446,918,-472
123000111,1005,375,630
123000112,1452,560,892
123000113,526,650,-124
123000114,331,593,-262
123000115,274,260,14
123000116,43,94,-51
123000117,1711,924,787
123000118,439,456,-17
123000119,192,465,-273
123000120,251,552,-301
123000121,528,746,-218
123000122,279,224,55
123000123,466,472,-6
123000124,319,336,-17
123000125,1252,1321,-69
123000126,1120,4679,-3559
123000127,539,532,7
123000128,264,188,76
123000129,876,217,659
123000130,794,86,708
123000131,1238,977,261
123000132,273,394,-121
123000133,168,185,-17
123000134,181,117,64
123000135,2776,1139,1637
123000136,208,388,-180
123000137,101,165,-64
123000138,74,221,-147
123000139,629,115,514
123000140,90,430,-340
123000141,672,173,499
123000142,921,727,194
123000143,875,1300,-425
123000144,13,24,-11
123000145,175,267,-92
123000146,41,119,-78
123000147,85,162,-77
123000149,256,285,-29
123000150,91,208,-117
123000151,156,424,-268
123000152,70,288,-218
123000153,142,652,-510
123000154,1291,1687,-396
123000155,1774,1154,620
123000156,39,107,-68
123000157,672,668,4
123000158,516,737,-221
123000159,2895,3482,-587
123000160,1076,899,177
123000161,1567,1028,539
123000162,1209,1723,-514
123000163,597,138,459
123000164,1969,285,1684
123000165,506,876,-370
123000166,44,101,-57
123000167,136,132,4
123000168,262,185,77
123000169,1003,208,795
123000170,140,49,91
123000171,1027,15,1012
123000172,170,406,-236
123000173,525,407,118
123000174,1039,528,511
123000175,373,808,-435
123000176,1090,250,840
123000177,264,781,-517
123000178,843,182,661
123000179,54,307,-253
123000180,1831,415,1416
123000181,236,870,-634
123000182,253,204,49
123000183,192,605,-413
123000184,76,327,-251
123000185,1072,390,682
123000186,2,364,-362
123000187,753,16,737
123000188,213,3,210
123000189,240,119,121
123000190,121,105,16
123000192,18,282,-264
123000193,61,585,-524
123000194,265,241,24
123000195,348,43,305
123000196,371,17,354
123000197,90,99,-9
123000198,47,912,-865
123000199,24,636,-612
123000200,679,3,676
123000201,1465,31,1434
123000202,20,520,-500
123000203,1305,80,1225
123000204,66,532,-466
123000205,268,836,-568
123000206,2707,295,2412
123000207,54,503,-449
123000208,608,258,350
123000209,2289,709,1580
123000210,353,1339,-986
123000211,434,1334,-900
123000212,3782,462,3320
123000213,641,80,561
123000215,74,211,-137
123000216,142,647,-505
123000217,232,40,192
123000218,51,497,-446
123000219,574,85,489
123000220,591,115,476
123000221,222,78,144
123000222,453,279,174
123000223,526,168,358
123000224,473,256,217
123000225,281,35,246
123000226,73,293,-220
123000227,85,216,-131
123000228,325,67,258
123000229,699,1051,-352
123000232,109,431,-322
123000233,819,139,680
123000234,169,462,-293
123000235,1501,310,1191
123000236,276,400,-124
123000237,407,105,302
123000238,60,297,-237
123000239,448,794,-346
123000240,65,758,-693
123000241,277,79,198
123000242,309,206,103
123000243,771,746,25
123000244,763,538,225
123000245,44,140,-96
123000249,241,647,-406
123000252,965,327,638
123000253,1655,565,1090
123000254,741,720,21
123000255,1022,916,106
123000256,22,198,-176
123000257,1965,1157,808
123000258,864,495,369
123000259,460,409,51
123000260,637,343,294
123000261,370,161,209
123000262,88,113,-25
123000263,582,98,484
123000264,199,148,51
123000265,36,108,-72
123000266,532,526,6
123000267,771,441,330
123000268,30,55,-25
123000269,63,84,-21
123000270,37,83,-46
123000271,64,44,20
123000272,605,243,362
123000273,351,738,-387
123000274,1065,704,361
123000275,297,700,-403
123000278,1704,2427,-723
123000279,155,73,82
123000280,312,254,58
123000281,335,109,226
123000282,100,221,-121
123000283,160,109,51
123000284,73,71,2
123000286,160,501,-341
123000287,441,279,162
123000288,1328,1196,132
123000289,300,1453,-1153
123000291,215,881,-666
123000294,145,178,-33
123000295,872,1213,-341
123000296,744,505,239
123000297,850,382,468
123000298,1015,212,803
123000299,75,96,-21
123000300,1133,957,176
123000301,129,340,-211
123000302,123,102,21
123000303,80,329,-249
123000305,683,814,-131
123000306,230,42,188
123000309,24,41,-17
123000310,79,50,29
123000311,0,47,-47
123000312,354,455,-101
123000313,706,373,333
123000315,147,169,-22
123000316,652,106,546
123000317,205,109,96
123000318,91,198,-107
123000329,3,18,-15
123000337,433,609,-176
123000338,188,166,22
123000339,341,72,269
123000340,79,223,-144
123000342,18,57,-39
123000343,41,12,29
123000344,653,361,292
123000345,237,395,-158
123000346,427,46,381
123000352,863,664,199
123000353,49,145,-96
123000354,214,2,212
123000355,1,178,-177
123000356,484,7,477
123000357,3,88,-85
123000359,13,49,-36
123000360,228,56,172
123000361,154,193,-39
123000362,450,53,397
123000363,162,136,26
123000364,494,496,-2
123000365,13,349,-336
123000366,279,2140,-1861
123000367,284,631,-347
123000370,19,177,-158
123000371,519,81,438
123000372,447,29,418
123000373,22,257,-235
123000374,9,138,-129
123000375,403,47,356
123000376,793,677,116
123000377,528,26,502
123000378,26,178,-152
123000379,4,140,-136
123000380,22,345,-323
123000381,65,169,-104
123000382,471,163,308
123000383,52,925,-873
123000384,445,129,316
123000385,145,567,-422
123000436,37,1439,-1402
123000507,90,131,-41
123000508,119,1267,-1148
123000517,252,20,232
123000518,14,148,-134
123000519,142,131,11
123000520,48,157,-109
123000521,356,107,249
123000522,135,256,-121
123000541,11,0,11
123000542,1,5,-4
123000565,1055,30,1025
123000566,337,158,179
123000567,58,100,-42
123000573,38,419,-381
123000574,855,62,793
123000575,1683,662,1021
123000576,1131,696,435
123000577,74,634,-560
123000578,318,104,214
123000579,977,6021,-5044
123000580,130,68,62
123000582,611,32,579
123000583,19,284,-265
123000584,100,334,-234
123000585,0,56,-56
123000586,79,1,78
123000596,46,86,-40
123000597,74,211,-137
123000602,75,4,71
123000603,1249,279,970
123000604,706,241,465
123000605,740,68,672
123000606,0,481,-481
123000609,10,244,-234
123000610,121,91,30
123000613,36,129,-93
123000614,315,49,266
123000615,22,31,-9
123000616,814,73,741
123000617,127,148,-21
123000618,56,449,-393
123000619,547,96,451
123000620,33,269,-236
123000622,555,27,528
123000624,179,43,136
123000630,1599,510,1089
123000631,294,514,-220
123000632,563,581,-18
123000633,1,112,-111
123000634,56,256,-200
123000635,54,75,-21
123000636,67,317,-250
123000637,153,45,108
123000638,564,51,513
123000639,568,4674,-4106
123000640,12,307,-295
123000648,504,78,426
123000649,32,285,-253
123900001,865,53,812
123900002,34,1362,-1328
123900003,171,310,-139
123900005,276,198,78
123900006,319,60,259
124000001,1908,203,1705
124000002,58,999,-941
124000003,1334,211,1123
124000004,89,351,-262
124000005,1370,714,656
124000006,215,634,-419
124000007,417,122,295
124000008,5,437,-432
124000009,918,292,626
124000010,284,355,-71
124000011,1010,335,675
124000012,303,369,-66
124000017,216,140,76
124000018,106,58,48
124000019,122,138,-16
124000020,40,87,-47
124000021,141,96,45
124000022,99,116,-17
124000023,1256,1281,-25
124000024,997,338,659
124000025,1142,1703,-561
124000026,930,852,78
124000027,4020,4163,-143
124000028,1015,3189,-2174
124000030,1636,1168,468
124000031,1267,4613,-3346
124000032,1077,496,581
124000033,894,486,408
124000034,556,632,-76
124000035,551,319,232
124000036,146,409,-263
124000037,576,1305,-729
124000038,34,156,-122
124000039,573,441,132
124000040,280,1219,-939
124000041,476,130,346
124000042,163,355,-192
124000043,124,146,-22
124000044,99,107,-8
124000045,1151,424,727
124000046,330,560,-230
124000047,2242,616,1626
124000048,1075,546,529
124000049,1981,474,1507
124000050,836,989,-153
124000051,1241,376,865
124000052,631,554,77
124000053,521,2146,-1625
124000054,634,345,289
124000055,1195,3559,-2364
124000056,1369,810,559
124000057,1143,537,606
124000058,463,725,-262
124000059,703,1252,-549
124000060,548,473,75
124000061,1022,5520,-4498
124000062,2775,1447,1328
124000063,1115,1034,81
124000064,1485,821,664
124000065,47,481,-434
124000066,214,86,128
124000067,280,96,184
124000068,99,171,-72
124000069,934,121,813
124000070,343,334,9
124000071,556,180,376
124000072,228,468,-240
124000073,1156,221,935
124000074,234,566,-332
124000075,495,30,465
124000076,12,90,-78
124000077,653,879,-226
124000078,1876,1296,580
124000079,211,1291,-1080
124000080,783,157,626
124000081,256,339,-83
124000082,68,163,-95
124000083,32,71,-39
124000084,46,629,-583
124000085,72,22,50
124000086,38,153,-115
124000087,74,113,-39
124000088,129,629,-500
124000089,926,210,716
124000090,154,205,-51
124000091,536,116,420
124000092,126,470,-344
124000093,129,97,32
124000094,206,537,-331
124000095,108,118,-10
124000096,204,240,-36
124000097,127,153,-26
124000098,43,62,-19
124000099,356,151,205
124000100,67,151,-84
124000101,109,140,-31
124000102,80,38,42
124000103,162,123,39
124000104,80,36,44
124000105,139,131,8
124000106,126,32,94
124000107,39,257,-218
124000108,41,13,28
124000109,145,129,16
124000110,109,90,19
124000111,229,146,83
124000112,820,407,413
124000113,136,114,22
124000114,416,258,158
124000115,353,521,-168
124000116,130,180,-50
124000117,47,71,-24
124000118,33,42,-9
124000119,691,654,37
124000120,494,603,-109
124000121,1003,563,440
124000122,461,962,-501
124000123,940,459,481
124000124,361,773,-412
124000125,480,432,48
124000126,298,544,-246
124000127,854,345,509
124000128,453,536,-83
124000129,1910,1287,623
124000130,647,536,111
124000131,777,640,137
124000132,660,704,-44
124000133,877,913,-36
124000134,824,500,324
124000135,1450,2118,-668
124000136,616,770,-154
124000137,775,1056,-281
124000138,1192,1034,158
124000139,443,53,390
124000140,14,290,-276
124000141,311,30,281
124000142,34,217,-183
124000143,79,15,64
124000144,22,84,-62
124000145,165,49,116
124000146,31,44,-13
124000148,29,80,-51
124000149,1095,358,737
124000150,252,478,-226
124000151,1092,529,563
124000152,807,921,-114
124000153,1079,1055,24
124000154,696,594,102
124000155,1509,1064,445
124000156,1094,979,115
124000169,140,409,-269
124000170,535,413,122
124000171,308,250,58
124000172,293,412,-119
124000173,582,165,417
124000174,467,485,-18
124000175,7,62,-55
124000176,53,27,26
124000177,5,56,-51
124000178,54,64,-10
124000190,73,124,-51
124000191,67,255,-188
124000192,1096,547,549
124000193,170,997,-827
124000194,309,334,-25
124000195,291,668,-377
124000196,666,586,80
124000197,45,17,28
124000198,58,56,2
124000201,238,495,-257
124000202,585,275,310
124000203,773,194,579
124000204,1300,206,1094
124000205,155,221,-66
124000206,1123,162,961
124000207,0,18,-18
124000209,176,177,-1
124000210,780,171,609
124000211,1099,1,1098
124000212,0,178,-178
124000213,776,140,636
124000214,561,241,320
124000215,508,29,479
124000216,2,150,-148
124000329,202,676,-474
124000338,125,360,-235
124000339,1506,110,1396
124000341,1905,112,1793
124000344,27,17,10
124000357,1148,2363,-1215
124000358,809,1580,-771
124000359,1362,737,625
124000360,1007,499,508
124000361,2114,941,1173
124000362,1071,1290,-219
124000363,239,333,-94
124000364,381,499,-118
124000365,484,793,-309
124000366,1276,803,473
124000367,71,241,-170
124000368,515,769,-254
124000369,137,106,31
124000370,58,470,-412
124000402,46,12,34
124000403,214,13,201
124000404,15,45,-30
124000405,958,650,308
124000406,506,527,-21
124000407,2,19,-17
124000411,11,134,-123
124000412,570,5,565
124000413,90,22,68
124000414,149,94,55
124000415,39,54,-15
124000416,133,130,3
124000417,181,82,99
124000418,241,46,195
124000419,142,38,104
124000420,102,37,65
124000421,54,68,-14
124000422,16,6,10
124000423,119,28,91
124000424,2,39,-37
124000425,117,39,78
124000426,7,92,-85
124000427,93,9,84
124000428,10,55,-45
124000429,80,45,35
124000430,764,306,458
124000431,546,248,298
124000432,270,452,-182
124000439,15,5,10
124000443,0,14,-14
124000445,164,1632,-1468
124000446,772,141,631
124900001,828,590,238
124900002,222,253,-31
124900003,1281,449,832
124900004,1069,262,807
124900005,279,123,156
124900006,1058,264,794
124900008,998,667,331
124900009,187,460,-273
124900010,197,213,-16
124900011,667,229,438
124900012,491,102,389
124900013,727,188,539
124900014,385,77,308
124900015,176,404,-228
124900016,93,135,-42
124900017,408,2483,-2075
124900018,99,5,94
124900020,123,70,53
124900021,509,47,462
124900022,56,5,51
124900024,366,4,362
124900026,52,15,37
124900027,167,653,-486
124900028,295,90,205
124900029,14,576,-562
124900030,18,84,-66
124900031,39,169,-130
124900032,123,256,-133
124900033,134,181,-47
124900034,4,67,-63
124900035,221,251,-30
124900036,1,56,-55
124900037,240,200,40
124900038,198,252,-54
124900039,5,32,-27
124900040,160,75,85
124900041,324,482,-158
124900042,64,1,63
124900043,527,450,77
124900044,121,5,116
124900045,452,976,-524
124900046,481,177,304
124900047,117,110,7
124900048,222,73,149
124900050,248,117,131
124900052,75,229,-154
124900053,126,221,-95
124900054,714,478,236
124900055,0,157,-157
124900057,6,24,-18
124900060,63,140,-77
124900061,136,4,132
124900062,313,15,298
124900066,0,9,-9
124900067,8,75,-67
124900068,198,593,-395
124900070,45,23,22
124900072,190,48,142
124900075,363,183,180
124900076,14,1584,-1570
124900077,31,66,-35
124900078,100,42,58
124900079,346,183,163
124900080,413,289,124
124900081,1308,294,1014
124900082,292,463,-171
124900083,346,319,27
124900085,588,742,-154
124900086,51,1572,-1521
124900087,221,128,93
124900088,230,117,113
124900089,646,18,628
124900090,515,252,263
124900091,406,216,190
124900092,258,208,50
124900093,514,212,302
124900094,529,258,271
124900095,178,555,-377
124900096,423,211,212
124900097,394,64,330
124900098,129,294,-165
124900099,256,474,-218
124900100,366,45,321
124900101,62,437,-375
124900102,276,16,260
124900103,176,119,57
124900104,79,85,-6
124900105,96,102,-6
124900106,461,47,414
124900107,120,51,69
124900108,173,114,59
124900111,4,96,-92
124900112,75,209,-134
124900113,75,321,-246
124900114,119,225,-106
124900115,68,72,-4
124900116,313,263,50
124900117,163,290,-127
124900118,153,532,-379
124900119,485,225,260
124900120,63,271,-208
124900121,116,514,-398
124900122,236,193,43
124900123,253,139,114
124900124,120,371,-251
204000001,94,5,89
204000002,9,2,7
204000003,28,5,23
204000004,1,2,-1
204000005,622,437,185
204000006,1102,1106,-4
204000011,10,27,-17
204000012,57,94,-37
204000019,925,367,558
204000020,708,327,381
204000021,1006,773,233
204000022,869,412,457
204000023,629,469,160
204000031,27,11,16
204000032,211,39,172
204000034,27,72,-45
204000035,0,2,-2
204000036,5,29,-24
204000037,2,9,-7
204000038,0,19,-19
204000039,8,18,-10
204000040,8,7,1
204000041,2,19,-17
204000042,49,6,43
204000043,23,0,23
204000044,40,2,38
204000045,55,2,53
204000046,11,2,9
204000057,13,7,6
204000062,45,32,13
204000068,19,357,-338
204000069,128,315,-187
204000070,44,58,-14
204000080,97,44,53
204000085,1445,1107,338
204000086,1765,1132,633
204000087,49,9,40
204000088,10,58,-48
204000090,39,152,-113
204000093,606,46,560
204000096,1186,855,331
204000097,610,4,606
204000099,1005,1460,-455
204000100,1568,1613,-45
204000105,1263,789,474
204000110,274,801,-527
204000111,467,384,83
204000112,420,378,42
204000113,391,778,-387
204000114,984,1195,-211
204000115,646,420,226
204000116,530,434,96
204000119,1929,2130,-201
204000132,686,381,305
204000133,947,148,799
204000134,245,54,191
204000135,602,49,553
204000136,510,140,370
204000138,304,515,-211
204000140,237,115,122
204000141,191,90,101
204000144,8,17,-9
204000145,545,56,489
204000146,13,216,-203
204000147,7,184,-177
204000148,161,45,116
204000154,12,12,0
204000155,0,3,-3
204000177,76,51,25
204000179,67,4,63
204000180,0,20,-20
204000222,6,6,0
204000235,31,12,19
204000236,48,130,-82
204000238,43,20,23
204000240,350,56,294
204000263,480,713,-233
204000268,614,486,128
204000308,120,17,103
204000317,8,50,-42
204000322,9,38,-29
204000323,8,8,0
204000328,217,46,171
204000329,37,130,-93
204000330,149,15,134
204000331,35,96,-61
204010341,20,166,-146
205000001,637,992,-355
205000013,11,34,-23
205000014,17,66,-49
205000015,18,99,-81
205000016,23,86,-63
205000017,28,84,-56
205000022,256,519,-263
205000025,859,592,267
205000029,295,16,279
205000045,118,773,-655
205000046,152,398,-246
205000047,64,357,-293
205000048,393,505,-112
205000049,188,438,-250
205000050,551,173,378
205000059,1,135,-134
205000060,0,104,-104
205000061,1,125,-124
205000062,2,171,-169
205000063,23,189,-166
205000064,10,54,-44
205000065,73,380,-307
205000066,87,319,-232
205000067,32,490,-458
205000069,172,19,153
205000082,137,256,-119
205000110,50,137,-87
205000111,246,123,123
205000112,140,149,-9
205000113,168,213,-45
205000121,250,69,181
205000123,59,180,-121
205000126,441,82,359
205000127,786,143,643
205000128,461,37,424
205000129,811,40,771
205000130,88,18,70
205000131,30,7,23
205000132,58,5,53
205000133,34,1,33
205000134,356,1,355
205000137,79,136,-57
205000138,123,336,-213
205000139,19,116,-97
205000144,86,101,-15
205000145,339,233,106
205000151,190,30,160
205000152,216,27,189
205000153,272,21,251
205000154,91,34,57
205000155,175,20,155
205000207,6,107,-101
205000233,40,1,39
205000234,0,2,-2
205000243,0,0,0
205000244,0,5,-5
205000245,10,113,-103
205000249,1,16,-15
205000250,3,2,1
205000264,13,58,-45
206000027,5,7,-2
206000028,3,3,0
206000043,1,41,-40
206000053,5,6,-1
206000054,1,24,-23
206000055,2,16,-14
206000075,20,23,-3
206000076,32,33,-1
206000077,19,6,13
206000078,14,19,-5
206000079,35,9,26
206000082,349,56,293
206000100,31,339,-308
206000103,3,6,-3
206000104,12,26,-14
206000105,10,5,5
206000106,6,15,-9
206000108,547,41,506
206000125,97,0,97
206000157,38,354,-316
206000170,1,110,-109
206000171,6,156,-150
206000172,12,132,-120
206000173,3,89,-86
206000174,27,25,2
206000175,4,37,-33
206000176,18,80,-62
206000177,2,57,-55
206000178,1,122,-121
206000179,3,71,-68
206000180,10,84,-74
206000181,11,38,-27
206000182,3,44,-41
206000183,8,167,-159
206000184,7,128,-121
206000185,4,54,-50
206000186,95,316,-221
206000223,2,145,-143
206000226,22,1,21
206000227,22,2,20
206000237,36,153,-117
206000238,15,225,-210
206000239,138,1184,-1046
206000240,1,42,-41
206000241,1,44,-43
206000242,6,63,-57
206000243,19,60,-41
206000244,28,197,-169
206000245,1090,53,1037
206000246,462,22,440
206000247,427,9,418
206000248,526,20,506
206000252,52,41,11
206000258,19,25,-6
206000315,33,4,29
206000317,707,152,555
206000318,834,85,749
206000319,2615,85,2530
206000320,387,47,340
206000321,436,17,419
206000322,743,29,714
206000323,263,14,249
206000324,300,14,286
206000325,175,4,171
206000326,216,16,200
206000327,74,12,62
206000328,347,2,345
206000329,421,4,417
206000330,66,5,61
206000331,315,1,314
206000332,98,1,97
206000333,1055,4,1051
206000334,482,6,476
206000335,0,11,-11
206000361,5,124,-119
206000392,2,9,-7
206000405,176,2,174
206000441,58,13,45
206000498,89,5,84
206000515,63,48,15
206000530,536,59,477
206000531,244,333,-89
206000532,1495,415,1080
206000535,98,2202,-2104
206000536,13,91,-78
206000537,15,93,-78
206000613,1550,299,1251
207000001,128,584,-456
207000002,107,459,-352
207000003,135,176,-41
207000007,1428,209,1219
207000008,191,12,179
207000009,66,21,45
207000010,281,205,76
207000012,553,231,322
207000015,229,580,-351
207000019,216,92,124
207000021,428,187,241
207000022,180,156,24
207000023,226,55,171
207000024,3,22,-19
207000025,26,50,-24
207000026,65,29,36
207000027,7,49,-42
207000028,56,137,-81
207000029,143,340,-197
207000033,218,456,-238
207000034,298,155,143
207000039,576,91,485
207000040,644,32,612
207000041,98,24,74
207000042,338,56,282
207000043,252,172,80
207000051,115,189,-74
207000052,14,148,-134
207000053,463,388,75
207000054,51,77,-26
207000055,213,93,120
207000056,399,239,160
207000057,128,217,-89
207000058,263,214,49
207000059,138,194,-56
207000060,77,146,-69
207000061,171,775,-604
207000062,548,26,522
207000063,552,84,468
207000064,364,83,281
207000065,375,157,218
207000066,347,144,203
207000067,60,56,4
207000068,133,57,76
207000069,759,274,485
207000082,16,89,-73
207000083,113,139,-26
207000084,377,254,123
207000085,236,22,214
207000086,266,8,258
207000106,36,18,18
207000107,157,10,147
207000108,89,5,84
207000109,92,11,81
207000110,98,89,9
207000111,88,107,-19
207000112,100,825,-725
207000114,15,28,-13
207000115,65,59,6
207000116,25,337,-312
207000117,7,97,-90
207000118,2,38,-36
207000119,26,64,-38
207000123,232,12,220
207000124,133,20,113
207000125,69,37,32
207000126,74,55,19
207000134,139,86,53
207000135,26,128,-102
207000148,86,346,-260
207000149,66,44,22
207000152,102,437,-335
207000153,364,1089,-725
207000154,266,186,80
207000159,130,104,26
207000160,171,182,-11
207000238,0,140,-140
207000242,2,74,-72
207000248,31,29,2
207000249,89,17,72
207000250,354,71,283
207000251,86,83,3
207000252,38,42,-4
207000278,105,77,28
207000279,30,86,-56
207000280,866,61,805
207000281,117,367,-250
207000282,82,163,-81
207000283,35,210,-175
207000284,28,408,-380
207000285,46,48,-2
207000291,23,81,-58
207000304,79,39,40
207000306,68,237,-169
207000310,162,103,59
207000353,219,2,217
207000356,12,67,-55
207000357,6,24,-18
207000358,23,31,-8
207000415,2,75,-73
207000417,62,11,51
207000418,85,115,-30
207000438,0,0,0
207000439,592,584,8
207000446,227,8,219
207000460,84,5,79
207000466,87,158,-71
207000467,386,72,314
207000468,57,146,-89
207000476,5,28,-23
207000477,1064,44,1020
207000478,0,130,-130
207000523,0,18,-18
207000524,80,55,25
207000527,126,137,-11
207000530,784,15,769
207000531,396,9,387
207000532,150,37,113
207000534,181,41,140
207000535,24,260,-236
207000537,46,81,-35
207000540,6,64,-58
207000541,5,157,-152
207000548,18,177,-159
207000549,362,27,335
207000561,203,286,-83
207000562,31,93,-62
207000567,159,226,-67
207000568,325,24,301
207000569,677,272,405
207000584,132,195,-63
207000585,40,318,-278
207000587,90,25,65
207000616,0,77,-77
207000617,177,1,176
207000624,25,16,9
207000631,3,27,-24
207900008,264,71,193
208000001,602,1233,-631
208000002,699,675,24
208000003,1114,555,559
208000004,891,745,146
208000005,3,9,-6
208000019,702,675,27
208000020,259,314,-55
208000021,277,263,14
208000022,1161,445,716
208000028,677,1255,-578
208000033,629,543,86
208000034,983,1497,-514
208000037,333,17,316
208000040,132,88,44
208000041,797,592,205
208000042,970,525,445
208000047,124,166,-42
208000064,2036,1322,714
208000066,1355,2264,-909
208000070,489,307,182
208000071,702,492,210
208000072,518,768,-250
208000080,320,356,-36
208000081,435,156,279
208000082,373,150,223
208000083,147,201,-54
208000084,5,23,-18
208000085,562,364,198
208000086,443,868,-425
208000087,353,671,-318
208000089,1292,306,986
208000090,1130,369,761
208000093,154,209,-55
208000094,616,361,255
208000095,630,381,249
208000104,1347,571,776
208000105,780,737,43
208000114,116,339,-223
208000115,512,300,212
208000116,720,998,-278
208000117,164,163,1
208000118,110,200,-90
208000155,646,1105,-459
208000158,1179,3234,-2055
208000186,1931,3464,-1533
208000204,762,1003,-241
208000205,1375,772,603
208000282,2288,2518,-230
209000004,604,235,369
209000005,46,46,0
209000006,478,224,254
209000007,267,286,-19
209000010,327,109,218
209000011,122,223,-101
209000012,114,101,13
209000013,199,131,68
209000014,375,509,-134
209000025,549,63,486
209000026,884,109,775
209000027,296,380,-84
209000028,311,339,-28
209000029,283,422,-139
209000030,291,777,-486
209000031,1800,1149,651
209000034,255,258,-3
209000035,142,248,-106
209000036,266,88,178
209000037,442,174,268
209000038,188,149,39
209000039,74,124,-50
209000040,277,413,-136
209000041,212,274,-62
209000042,315,221,94
209000043,465,593,-128
209000044,267,643,-376
209000045,844,347,497
209000046,602,427,175
209000047,412,160,252
209000048,652,328,324
209000049,109,57,52
209000050,178,79,99
209000051,241,148,93
209000052,163,139,24
209000062,51,38,13
209000063,48,32,16
209000064,37,35,2
209000065,136,16,120
209000066,137,14,123
209000067,158,22,136
209000080,15,177,-162
209000082,65,31,34
209000091,19,82,-63
209000093,33,13,20
209000094,55,134,-79
209000110,35,129,-94
209000111,679,1849,-1170
209000112,1361,579,782
209000113,1874,602,1272
209000114,1050,617,433
209000115,72,59,13
209000116,378,186,192
209000118,5,41,-36
209000119,5,10,-5
209000121,106,365,-259
209000135,45,137,-92
209000142,725,1747,-1022
209000143,34,65,-31
209000144,33,156,-123
209000229,269,116,153
209000240,25,148,-123
209000259,40,46,-6
209000260,42,681,-639
209000261,8,246,-238
209000262,3,213,-210
209000263,0,185,-185
209000264,0,174,-174
209000265,325,0,325
209000266,128,4,124
209000267,1074,13,1061
209000268,599,50,549
210000037,86,24,62
210000047,79,17,62
210000048,142,16,126
210000049,64,2,62
210000052,61,47,14
210000053,28,43,-15
210000054,21,54,-33
210000070,199,3,196
210000071,105,0,105
210000072,26,0,26
210000073,0,24,-24
210000074,0,65,-65
210000075,4,97,-93
210000076,7,130,-123
210000077,6,66,-60
210000078,51,68,-17
210000079,19,6,13
210000080,51,63,-12
210000081,128,28,100
210000082,81,6,75
210000083,82,8,74
210000084,33,0,33
210000085,0,45,-45
210000086,1,71,-70
210000099,57,187,-130
210000100,57,114,-57
210000101,64,114,-50
210000105,29,146,-117
210000159,1,160,-159
210000163,72,190,-118
210000164,196,215,-19
210000168,116,47,69
210000187,0,37,-37
210000188,0,16,-16
210000214,21,1,20
210000219,61,63,-2
210000220,123,30,93
210000232,3,20,-17
210000233,42,33,9
210000234,29,89,-60
210000235,61,41,20
210000245,0,79,-79
210000246,19,1,18
210000258,17,67,-50
210000259,288,43,245
210000282,39,199,-160
210000285,3,101,-98
210000286,24,107,-83
210000290,0,8,-8
210000295,45,110,-65
210000296,53,24,29
210000320,233,44,189
210000321,90,25,65
210000338,48,67,-19
210000339,151,826,-675
210000340,79,259,-180
210000341,228,238,-10
210000342,191,186,5
210000343,128,223,-95
210000344,122,132,-10
210000345,125,173,-48
210000346,59,104,-45
210000347,21,30,-9
210000348,83,22,61
210000349,39,23,16
210000350,118,43,75
210000351,198,44,154
210000352,57,19,38
210000353,68,60,8
210000354,86,37,49
210000355,30,64,-34
210000356,8,51,-43
210000357,38,58,-20
210000358,222,172,50
210000359,100,82,18
210000360,120,140,-20
210000361,149,140,9
210000362,271,241,30
210000363,422,246,176
210000364,99,149,-50
210000365,153,62,91
210000366,140,43,97
210000367,89,20,69
210000368,158,34,124
210000369,14,30,-16
210000370,45,44,1
210000372,12,13,-1
210000373,16,19,-3
210000374,43,35,8
210000375,44,18,26
210000376,52,62,-10
210000404,47,81,-34
210000439,27,14,13
210000472,73,4,69
210000482,35,111,-76
210000564,149,222,-73
210000567,0,48,-48
210000568,150,5,145
211000092,52,30,22
211000094,23,5,18
211000169,202,19,183
211000172,25,184,-159
211000209,0,19,-19
211000226,6,28,-22
211000270,41,6,35
211000275,15,13,2
211000276,124,13,111
211000279,17,39,-22
211000281,66,31,35
211507980,1,62,-61
211977296,44,17,27
212000003,134,18,116
212000004,12,26,-14
212000005,11,60,-49
212000006,22,61,-39
212000008,151,82,69
212000009,41,74,-33
212000012,75,47,28
212000013,29,28,1
212000014,295,93,202
212000015,310,172,138
212000016,501,349,152
212000027,536,309,227
212000028,315,271,44
212000029,231,167,64
212000030,74,21,53
212000031,67,23,44
212000048,38,224,-186
212000049,24,211,-187
212000050,25,16,9
212000051,179,116,63
212000052,181,126,55
212000053,275,273,2
212000054,395,47,348
212000055,352,100,252
212000056,16,25,-9
212000057,11,9,2
212000058,135,19,116
212000070,119,78,41
212000077,153,265,-112
212000099,276,164,112
212000108,216,90,126
212000111,277,57,220
212000120,130,64,66
212000138,137,33,104
212000156,0,52,-52
212000158,10,24,-14
212000159,571,61,510
212000160,797,176,621
212000161,67,16,51
212000310,64,13,51
212000311,16,39,-23
212000374,48,14,34
213000001,33,371,-338
213000005,441,141,300
213000006,817,323,494
213000007,46,1,45
213000009,393,336,57
213000010,208,216,-8
213000011,176,84,92
213000012,164,202,-38
213000014,68,12,56
213000015,317,7,310
213000016,406,0,406
213000017,112,1,111
213000018,1,38,-37
213000019,0,77,-77
213000020,122,214,-92
213000021,2,85,-83
213000023,461,245,216
213000033,342,1401,-1059
213000034,550,172,378
213000035,142,198,-56
213000045,226,259,-33
213000046,189,138,51
213000047,426,1054,-628
213000056,127,31,96
213000069,65,8,57
213000073,3,35,-32
213000074,100,278,-178
213000075,563,3,560
213000076,22,3,19
213000085,4,42,-38
213000086,14,156,-142
213000091,361,10,351
213000092,82,22,60
213000099,151,1181,-1030
213000100,810,303,507
213000101,563,85,478
213000102,648,152,496
213000103,822,694,128
213000104,55,326,-271
213000105,77,1006,-929
213000106,45,67,-22
213000107,160,241,-81
213000108,41,253,-212
213000109,26,153,-127
213000110,59,138,-79
213000111,3,78,-75
213000112,107,115,-8
213000115,41,7,34
213000116,46,345,-299
213000117,4,418,-414
213000118,629,236,393
213000119,38,400,-362
213000120,127,248,-121
213000122,117,241,-124
213000123,306,522,-216
213000124,186,1126,-940
213000125,178,35,143
213000126,52,132,-80
213000127,37,258,-221
213000128,207,1000,-793
213000129,227,790,-563
213000130,979,343,636
213000132,642,109,533
213000133,975,83,892
213000134,1245,13,1232
213000136,562,20,542
213000137,737,58,679
213000139,138,19,119
213000147,40,21,19
213000148,19,12,7
213000149,27,4,23
213000150,0,165,-165
213000151,3,115,-112
213000152,1,71,-70
213000153,6,109,-103
213000154,32,325,-293
213000155,40,155,-115
213000156,105,316,-211
213000157,805,295,510
213000158,389,769,-380
213000159,737,336,401
213000163,1302,121,1181
213000165,837,417,420
213000171,0,33,-33
213000172,3,168,-165
213000173,4,128,-124
213000174,3,76,-73
213000175,19,45,-26
213000176,67,32,35
213000177,103,3,100
213000178,214,1,213
213000179,253,2,251
213000180,232,0,232
213000184,116,328,-212
213000188,469,104,365
213000189,546,40,506
213000190,841,619,222
213000191,452,273,179
213000192,319,172,147
213000193,411,266,145
213000194,0,76,-76
213000195,17,303,-286
213000196,239,1171,-932
213000197,563,504,59
213000198,21,2,19
213000200,132,464,-332
213000201,34,41,-7
213000202,4,363,-359
213000203,2013,452,1561
213000204,846,44,802
213000205,380,54,326
213000206,466,23,443
213000207,74,7,67
213000208,48,0,48
213000209,149,1,148
213000210,244,1,243
213000211,7,10,-3
213000212,10,37,-27
213000213,18,48,-30
213000218,333,328,5
213000219,633,34,599
213000220,609,4,605
213000223,162,210,-48
213000224,26,53,-27
213000225,169,30,139
213000226,70,37,33
213000227,1259,189,1070
213000228,543,78,465
213000229,73,23,50
213000230,439,14,425
213000232,88,523,-435
213000233,8,539,-531
213000234,4,104,-100
213000293,14,36,-22
213000294,83,26,57
213000295,11,84,-73
213000296,72,24,48
213000297,8,65,-57
213000298,20,64,-44
213000299,59,29,30
213000300,2,3,-1
213000303,3,19,-16
213000304,3,6,-3
213000305,1,27,-26
213000306,23,46,-23
213000307,87,104,-17
213000308,87,98,-11
213000309,203,69,134
213000310,427,277,150
213000311,196,789,-593
213000315,89,106,-17
213000316,165,50,115
213000322,125,68,57
213000323,226,71,155
213000324,112,18,94
213000325,67,56,11
213000326,45,13,32
213000327,58,16,42
213000328,41,104,-63
213000329,177,8,169
213000340,170,277,-107
213000341,671,77,594
213000346,196,331,-135
213000347,415,572,-157
213000348,4,228,-224
213000349,9,20,-11
213000350,242,683,-441
213000366,95,142,-47
213000367,356,17,339
213000379,32,122,-90
213000386,28,167,-139
213000406,137,237,-100
213000417,1389,530,859
213000425,307,41,266
213000426,236,29,207
213000427,59,112,-53
213000428,48,87,-39
213000429,10,4,6
213000430,107,272,-165
213000431,28,2,26
213000432,1,27,-26
213000433,23,105,-82
213000434,134,97,37
213000435,191,52,139
213000436,52,38,14
213000437,1,4,-3
213000438,221,35,186
213000439,33,7,26
213000440,12,254,-242
213000441,2,2,0
213000442,3,21,-18
213000443,523,243,280
213000444,50,22,28
213000445,4,69,-65
213000446,0,27,-27
213000447,2,29,-27
213000448,18,172,-154
213000449,674,13,661
213000450,23,29,-6
213000451,297,95,202
213000452,33,48,-15
213000453,22,219,-197
213000455,109,0,109
213000456,0,106,-106
213000481,3,1,2
213000482,28,2,26
213000489,197,52,145
213000491,4,164,-160
213000492,144,65,79
213000493,1,86,-85
213000494,319,83,236
213000495,0,17,-17
213000496,500,105,395
213000497,33,205,-172
213000498,172,87,85
213000499,240,148,92
213000500,683,46,637
213000501,137,40,97
213000502,171,216,-45
213000503,2,39,-37
213000504,16,38,-22
213000505,16,5,11
213000506,0,11,-11
213000507,4,105,-101
213900244,81,0,81
213900245,0,14,-14
218000003,15,27,-12
218000004,22,42,-20
218000005,27,43,-16
218000006,38,13,25
218000007,17,6,11
218000012,122,120,2
218000013,153,104,49
218000014,309,346,-37
218000019,393,435,-42
218000020,239,341,-102
218000021,19,38,-19
218000022,7,12,-5
218000023,2,4,-2
218000024,0,10,-10
218000025,3,6,-3
218000026,13,15,-2
218000027,4,3,1
218000028,3,1,2
218000029,0,2,-2
218000030,7,8,-1
218000031,4,10,-6
218000032,0,22,-22
218000040,2,3,-1
218000046,41,41,0
218000047,18,50,-32
218000048,56,42,14
218000049,49,44,5
218000050,278,121,157
218000051,56,90,-34
218000052,1,29,-28
218000053,2,8,-6
218000054,3,29,-26
218000055,5,11,-6
218000056,7,7,0
218000057,2,17,-15
218000064,4,6,-2
218000065,59,13,46
218000066,6,23,-17
218000067,99,64,35
218000068,126,60,66
218000069,327,96,231
218000070,239,133,106
218000071,163,110,53
218000072,175,161,14
218000078,1113,374,739
218000079,189,57,132
218000080,182,45,137
218000081,602,127,475
218000082,57,53,4
218000083,98,40,58
218000084,169,93,76
218000085,171,217,-46
218000086,82,99,-17
218000087,245,90,155
218000090,15,94,-79
218000091,1023,498,525
218000092,97,111,-14
218000093,72,36,36
218000094,384,445,-61
218000099,251,530,-279
218000100,312,220,92
218000101,286,118,168
218000102,471,132,339
218000103,90,104,-14
218000104,92,38,54
218000105,17,25,-8
218000106,12,21,-9
218000107,84,30,54
218000108,3,19,-16
218000112,58,55,3
218000117,65,75,-10
218000134,554,289,265
218000135,13,53,-40
218000136,176,90,86
218000137,251,115,136
218000138,57,99,-42
218000139,184,206,-22
218000140,559,181,378
218000141,76,32,44
218000142,225,107,118
218000143,64,235,-171
218000144,20,69,-49
218000145,458,308,150
218000146,81,123,-42
218000151,4,16,-12
218000152,149,58,91
218000153,10,14,-4
218000154,18,1,17
218000155,36,3,33
218000156,119,11,108
218000157,47,13,34
218000158,11,12,-1
218000159,4,7,-3
218000160,7,7,0
218000161,35,3,32
218000162,33,3,30
218000163,17,4,13
218000164,58,2,56
218000165,95,10,85
218000170,10,30,-20
218000171,59,9,50
218000172,10,7,3
218000173,14,7,7
218000174,50,12,38
218000176,273,49,224
218000177,314,193,121
218000178,89,213,-124
218000179,97,76,21
218000180,124,32,92
218000181,175,34,141
218000187,11,38,-27
218000188,12,34,-22
218000189,42,51,-9
218000190,13,11,2
218000191,208,37,171
218000192,201,122,79
218000193,448,209,239
218000194,170,211,-41
218000195,152,38,114
218000196,387,196,191
218000197,543,205,338
218000198,16,60,-44
218000199,48,15,33
218000200,66,13,53
218000201,24,10,14
218000202,64,268,-204
218000207,5,9,-4
218000208,29,30,-1
218000211,16,22,-6
218000212,0,14,-14
218000213,94,119,-25
218000214,4,37,-33
218000215,27,20,7
218000217,2,20,-18
218000218,147,19,128
218000219,4,18,-14
218000220,28,335,-307
218000221,411,197,214
218000222,1,23,-22
218000223,26,350,-324
218000224,12,183,-171
218000225,237,31,206
218000226,234,59,175
218000230,0,1,-1
218000232,26,54,-28
218000239,136,5,131
218000240,6,4,2
218000241,26,2,24
218000242,12,3,9
218000243,10,10,0
218000244,34,1,33
218000245,20,4,16
218000246,0,1,-1
218000247,0,0,0
218000248,0,22,-22
218000249,0,4,-4
218000250,4,17,-13
218000251,3,74,-71
218000252,0,193,-193
218000253,0,139,-139
218000254,1,31,-30
218000255,1,25,-24
218000256,13,83,-70
218000267,330,834,-504
218000268,5,33,-28
218000269,0,18,-18
218000270,142,29,113
218000271,2,22,-20
218000273,31,1,30
218000274,26,2,24
218000275,32,43,-11
218000276,16,23,-7
218000278,11,21,-10
218000279,92,20,72
218000280,6,15,-9
218000281,7,14,-7
218000282,422,553,-131
218000284,57,6,51
218000301,91,104,-13
218000302,78,42,36
218000303,13,47,-34
218000316,782,526,256
218000317,1458,444,1014
218000318,992,379,613
218000319,1259,619,640
218000320,929,458,471
218000338,29,24,5
218000345,87,49,38
218000346,24,164,-140
218000459,11,77,-66
218000490,30,40,-10
218000501,69,36,33
218000502,55,29,26
218000503,116,23,93
218000504,100,28,72
218000505,44,66,-22
218000506,23,167,-144
218000508,9,11,-2
218000510,106,19,87
218000520,106,132,-26
218000521,5,35,-30
218000522,1,97,-96
218000523,137,0,137
218000524,13,154,-141
218000525,156,17,139
218000526,19,129,-110
218000529,54,89,-35
218000530,18,0,18
218000531,20,20,0
218000532,53,27,26
218000534,197,21,176
218000537,20,71,-51
218000538,90,232,-142
218000540,97,49,48
218000543,152,51,101
218000544,18,42,-24
218000545,115,76,39
218000546,24,59,-35
218000547,107,178,-71
218000548,161,94,67
218000549,641,343,298
218000550,179,188,-9
218000551,71,494,-423
218000552,223,90,133
218000553,29,68,-39
218000554,32,15,17
218000555,33,31,2
218000556,261,105,156
218000557,404,86,318
218000558,69,3,66
218000559,0,27,-27
218000560,0,46,-46
218000561,17,0,17
218000562,34,131,-97
218000563,213,28,185
218000564,6,124,-118
218000565,129,45,84
218000566,125,22,103
218000567,1,73,-72
218000568,14,2,12
218000569,3,184,-181
218000570,54,22,32
218000571,0,99,-99
218000572,124,1,123
218000573,7,132,-125
218000574,22,19,3
218000575,130,1,129
218000576,1,65,-64
218000577,125,4,121
218000578,0,79,-79
218000579,19,9,10
218000581,8,36,-28
218000582,45,2,43
218000583,6,1,5
218000584,0,13,-13
218000585,64,0,64
218000586,7,22,-15
218000587,3,3,0
218000588,2,4,-2
218000589,0,7,-7
218000590,1,1,0
218000591,1,3,-2
218000592,6,12,-6
218000593,1,1,0
218000594,0,0,0
218000597,0,0,0
218000598,0,1,-1
218000599,1,0,1
218000600,1,1,0
218000601,1,0,1
218000602,0,4,-4
218000603,0,3,-3
218000604,20,0,20
218000605,1,55,-54
218000606,84,0,84
218000607,14,29,-15
218000608,64,10,54
218000609,5,41,-36
218000610,73,9,64
218000611,14,1,13
218000612,2,57,-55
218000613,74,0,74
218000614,0,46,-46
218000615,165,1,164
218000616,8,86,-78
218000617,5,0,5
218000618,2,14,-12
218000619,41,38,3
218000620,19,11,8
218000621,0,2,-2
218000622,0,15,-15
218000623,63,5,58
218000624,2,31,-29
218000625,6,2,4
218000626,0,4,-4
218000628,215,62,153
218000631,30,13,17
218000632,1,160,-159
218000633,100,1,99
218000634,2,32,-30
218000635,4,22,-18
218000636,947,562,385
218000637,1120,270,850
218000638,300,26,274
218000639,13,52,-39
218000640,443,26,417
218000641,83,94,-11
218000652,31,11,20
218000653,224,71,153
218000663,21,73,-52
218000675,36,39,-3
218000676,3,10,-7
218000677,16,1,15
218000680,156,218,-62
218000681,398,171,227
218000691,247,65,182
218000693,391,130,261
218000703,2,16,-14
218000718,80,620,-540
218000719,81,328,-247
218000720,5,195,-190
218000721,30,16,14
218000725,9,9,0
218001147,2,25,-23
218001214,3,54,-51
218001258,137,9,128
218001329,74,90,-16
218001330,61,36,25
218001351,30,11,19
218001352,14,30,-16
218001353,11,7,4
218001354,2,13,-11
218001355,6,81,-75
218001356,519,23,496
218001357,4,25,-21
218001358,461,16,445
218001361,449,3,446
218001362,1,21,-20
219000001,38,44,-6
219000002,9,31,-22
219000003,72,61,11
219000004,55,40,15
219000017,51,96,-45
219000020,171,69,102
219000022,137,7,130
219000023,90,1,89
219000029,0,40,-40
219000034,44,18,26
219000039,58,168,-110
219000040,54,113,-59
219000041,126,25,101
219000051,0,57,-57
219000052,0,14,-14
219000053,1,49,-48
219000054,9,80,-71
219000055,272,2,270
219000056,17,0,17
219000057,78,0,78
219000062,32,44,-12
219000063,99,6,93
219000064,1,58,-57
219000110,296,100,196
219000111,88,39,49
219000112,240,65,175
219000113,181,60,121
219000114,140,103,37
219000116,156,52,104
219000117,236,106,130
219000118,196,63,133
219000123,110,65,45
219000124,47,44,3
219000125,20,13,7
219000126,39,123,-84
219000127,0,11,-11
219000128,7,83,-76
219000129,11,137,-126
219000130,189,490,-301
219000131,507,956,-449
219000133,29,52,-23
219000134,12,34,-22
219000135,24,46,-22
219000136,67,169,-102
219000138,58,31,27
219000139,69,27,42
219000140,79,0,79
219000141,25,64,-39
219000142,10,48,-38
219000143,12,43,-31
219000145,17,22,-5
219000146,2,19,-17
219000147,2,20,-18
219000148,3,13,-10
219000149,10,36,-26
219000150,1,26,-25
219000151,3,15,-12
219000157,286,107,179
219000158,142,166,-24
219000161,118,3,115
219000163,716,403,313
219000166,111,136,-25
219000167,113,155,-42
219000168,236,96,140
219000174,458,109,349
219000175,116,4,112
219000176,146,10,136
219000177,90,3,87
219000178,75,1,74
219000179,25,8,17
219000180,38,28,10
219000182,118,29,89
219000183,66,38,28
219000184,126,12,114
219000185,1,27,-26
219000186,85,9,76
219000187,10,55,-45
219000189,34,182,-148
219000190,53,172,-119
219000191,236,1432,-1196
219000192,119,164,-45
219000193,151,85,66
219000195,2,66,-64
219000196,4,93,-89
219000198,21,77,-56
219000199,47,160,-113
219000200,45,112,-67
219000201,73,113,-40
219000203,39,101,-62
219000204,84,296,-212
219000205,27,230,-203
219000207,100,224,-124
219000209,28,49,-21
219000210,21,51,-30
219000213,3,116,-113
219000239,147,209,-62
219000240,184,344,-160
219000241,166,106,60
219000242,42,119,-77
219000243,114,223,-109
219000244,25,68,-43
219000245,22,22,0
219000246,26,15,11
219000247,220,23,197
219000248,399,337,62
219000249,146,129,17
219000250,170,94,76
219000251,519,327,192
219000252,200,156,44
219000253,391,79,312
219000255,137,116,21
219000256,258,60,198
219000257,100,1,99
219000262,89,56,33
219000263,67,72,-5
219000267,4,30,-26
219000268,2,4,-2
219000269,4,0,4
219000270,11,0,11
219000271,178,7,171
219000278,0,8,-8
219000279,0,4,-4
219000283,0,10,-10
219000295,14,50,-36
219000296,52,191,-139
219000297,54,45,9
219000298,17,47,-30
219000299,406,55,351
219000300,38,82,-44
219000301,120,251,-131
219000302,31,188,-157
219000307,43,28,15
219000308,79,68,11
219000311,212,68,144
219000312,495,115,380
219000313,427,44,383
219000314,58,146,-88
219000315,282,41,241
219000316,700,40,660
219000317,169,9,160
219000320,0,34,-34
219000321,1,22,-21
219000323,2,36,-34
219000325,1,5,-4
219000326,45,47,-2
219000327,42,23,19
219000328,22,49,-27
219000329,235,110,125
219000330,30,33,-3
219000331,51,50,1
219000332,158,115,43
219000333,33,5,28
219000335,81,1,80
219000337,23,0,23
219000338,33,0,33
219000344,11,63,-52
219000345,23,68,-45
219000346,29,51,-22
219000348,170,50,120
219000349,61,89,-28
219000350,105,416,-311
219000351,5,5,0
219000352,326,82,244
219000353,106,42,64
219000354,240,69,171
219000355,155,55,100
219000356,426,1355,-929
219000363,158,68,90
219000364,105,39,66
219000365,91,14,77
219000366,142,385,-243
219000368,227,510,-283
219000370,629,520,109
219000371,11,28,-17
219000382,20,29,-9
219000383,246,1159,-913
219000385,278,544,-266
219000386,486,1817,-1331
219000387,0,8,-8
219000390,0,0,0
219000391,7,1,6
219000397,46,30,16
219000398,42,51,-9
219000401,3,59,-56
219000402,22,39,-17
219000403,68,253,-185
219000404,38,122,-84
219000407,6,27,-21
219000409,61,40,21
219000410,148,46,102
219000411,98,21,77
219000446,53,393,-340
219000447,0,13,-13
219000448,17,5,12
219000452,83,87,-4
219000453,53,200,-147
219000454,170,313,-143
219000556,310,63,247
219000558,98,88,10
219000590,22,122,-100
219000591,121,114,7
219000592,93,177,-84
219000595,2,10,-8
219000635,190,34,156
219000636,63,40,23
219000657,27,17,10
219000658,29,172,-143
219000673,0,40,-40
219000676,12,5,7
219000679,33,6,27
219000684,104,2,102
219000685,3,47,-44
219000686,0,2,-2
219000688,0,23,-23
219000689,8,121,-113
219000690,110,20,90
219000691,29,136,-107
219000692,105,46,59
219000693,2,6,-4
219000694,36,0,36
219000695,46,2,44
219000698,17,0,17
219000699,0,29,-29
219000727,4,60,-56
219000728,69,1,68
219000770,30,0,30
219000771,0,51,-51
219000788,224,223,1
219001150,0,35,-35
219001151,0,3,-3
219001166,28,55,-27
219001167,1,49,-48
219001178,61,0,61
220000001,25,114,-89
220000002,7,86,-79
220000003,239,136,103
220000004,318,250,68
220000005,609,1719,-1110
220000006,145,670,-525
220000007,376,228,148
220000008,365,390,-25
220000009,317,238,79
220000010,122,66,56
220000011,462,2759,-2297
220000012,38,222,-184
220000014,147,48,99
220000015,67,366,-299
220000017,29,198,-169
220000018,4808,2060,2748
220000019,71,373,-302
220000020,439,151,288
220000021,873,148,725
220000022,1229,332,897
220000023,400,158,242
220000024,1191,450,741
220000025,1014,1972,-958
220000026,314,736,-422
220000027,21,144,-123
220000028,49,45,4
220000029,22,57,-35
220000030,38,58,-20
220000031,700,355,345
220000064,15,853,-838
221000046,2,0,2
221000047,0,0,0
221000048,0,2,-2
221000049,0,13,-13
221000050,9,0,9
221000055,35,35,0
221000057,71,5,66
221000068,253,135,118
221000069,354,51,303
221000070,224,18,206
221000071,130,6,124
221000072,229,7,222
221000073,152,34,118
221000074,0,19,-19
221000075,11,22,-11
221000076,20,19,1
221000077,11,95,-84
221000081,12,4,8
221000082,66,5,61
221000083,11,5,6
221000084,10,7,3
221000085,14,50,-36
221000086,17,85,-68
221000087,1,85,-84
221000088,14,78,-64
221000089,35,195,-160
221000090,81,489,-408
221000098,130,22,108
221000099,197,16,181
221000100,118,21,97
221000101,216,14,202
221000102,154,20,134
221000109,10,65,-55
221000110,6,49,-43
221000111,8,95,-87
221000112,7,77,-70
221000113,20,57,-37
221000114,8,102,-94
221000120,40,34,6
221000121,5,31,-26
221000122,56,27,29
221000123,8,9,-1
221000124,19,121,-102
221000155,100,12,88
221000156,59,41,18
221000175,0,5,-5
221000176,1,1,0
221000182,46,3,43
221000241,553,339,214
221000242,129,382,-253
221000243,537,246,291
221000244,265,422,-157
221000245,95,84,11
221000246,28,260,-232
221000247,145,73,72
221000248,164,100,64
221000267,41,443,-402
221000325,22,55,-33
221000331,7,55,-48
221000338,17,40,-23
221000378,236,23,213
221000381,45,62,-17
222000282,2,1,1
222000296,1,10,-9
222000568,352,12,340
222000569,193,57,136
222000570,199,24,175
222000571,456,32,424
222000577,13,91,-78
222000578,8,91,-83
222000579,29,69,-40
222000580,88,362,-274
222000599,0,89,-89
222000600,1,139,-138
222000601,2,605,-603
222000603,7,69,-62
222000604,1,29,-28
222000605,25,30,-5
222000606,1,5,-4
222000607,11,5,6
222000608,26,22,4
222000609,56,91,-35
222000616,538,19,519
222000617,3,31,-28
222000618,7,8,-1
222000620,18,20,-2
222000621,37,21,16
222000623,591,9,582
222000624,493,5,488
222000625,756,10,746
222000636,48,4,44
222000686,12,54,-42
222000687,34,26,8
222001066,321,5,316
222001067,36,1,35
222001068,89,17,72
222001069,65,25,40
222001082,13,15,-2
222001083,13,17,-4
222001084,0,49,-49
222001085,2,109,-107
222001111,59,54,5
222001112,197,37,160
222001313,69,14,55
222001314,19,104,-85
222001464,140,55,85
222001465,31,97,-66
222001484,212,37,175
222001485,24,41,-17
222001494,843,179,664
222001495,145,94,51
222001496,407,65,342
222001497,92,178,-86
222001502,19,47,-28
222001503,145,32,113
222001504,39,164,-125
222001505,441,10,431
222001506,63,238,-175
222001507,274,24,250
222001510,632,24,608
222001511,62,163,-101
222001514,732,165,567
222001515,114,229,-115
222001518,502,69,433
222001519,48,102,-54
222001527,212,62,150
222001528,9,82,-73
222001529,426,19,407
222001530,80,115,-35
222001533,129,174,-45
222001534,431,66,365
222001535,309,278,31
222001536,100,115,-15
222001537,435,45,390
222001538,53,290,-237
222001563,1026,91,935
222001564,80,165,-85
222001568,199,187,12
222001576,0,5,-5
222001579,0,4,-4
222001583,28,69,-41
222001584,119,4,115
222001596,337,900,-563
222001597,1294,267,1027
222001626,0,62,-62
222001650,32,149,-117
222001651,48,394,-346
222001914,264,44,220
222001915,48,126,-78
222001968,569,264,305
222001969,249,325,-76
222001970,149,204,-55
222001971,37,12,25
222001972,5,8,-3
225000001,424,141,283
225000002,618,139,479
225000003,838,70,768
225000004,467,195,272
225000005,51,45,6
225000006,0,126,-126
225000007,903,994,-91
225000010,353,13,340
225000011,294,1062,-768
225000012,266,591,-325
225000013,66,92,-26
225000014,519,87,432
225000015,94,84,10
225000021,783,155,628
225000027,163,316,-153
225000032,688,120,568
225000042,53,425,-372
225000049,51,61,-10
225000050,100,10,90
225000053,7,195,-188
225000058,610,168,442
225000067,244,91,153
225000068,76,143,-67
225000069,80,313,-233
225000070,114,217,-103
225000071,39,89,-50
225000075,19,387,-368
225000076,50,101,-51
225000078,64,51,13
225000085,95,84,11
225000086,264,70,194
225000087,134,15,119
225000088,15,182,-167
225000089,77,812,-735
225000090,43,348,-305
225000091,161,83,78
225000092,47,57,-10
225000093,212,186,26
225000094,25,142,-117
225000095,246,203,43
225000096,170,325,-155
225000098,718,296,422
225000099,406,160,246
225000100,456,159,297
225000104,96,284,-188
225000110,11,232,-221
225000111,170,611,-441
225000112,198,608,-410
225000113,165,476,-311
225000114,62,188,-126
225000115,941,379,562
225000116,643,160,483
225000117,748,231,517
225000118,1095,244,851
225000119,298,92,206
225000120,758,43,715
225000121,157,17,140
225000123,497,13,484
225000125,527,119,408
225000126,722,138,584
225000127,529,1392,-863
225000128,438,828,-390
225000132,433,36,397
225000133,285,20,265
225000134,688,166,522
225000135,64,17,47
225000136,387,16,371
225000137,275,54,221
225000138,469,129,340
225000143,39,165,-126
225000144,3,253,-250
225000145,45,32,13
225000146,62,46,16
225000147,27,85,-58
225000148,7,71,-64
225000149,33,232,-199
225000151,29,125,-96
225000155,268,248,20
225000156,167,614,-447
225000157,275,220,55
225000158,92,141,-49
225000171,8,85,-77
225000180,37,1,36
225000181,0,35,-35
225000182,103,3,100
225000185,6,325,-319
225000187,29,286,-257
225000191,86,1,85
225000194,0,14,-14
225000208,1,43,-42
225000209,85,14,71
225000210,7,162,-155
225000217,0,28,-28
225000218,15,2,13
225000223,0,41,-41
225000224,32,1,31
225000225,0,23,-23
225000226,29,0,29
225000227,35,51,-16
225000228,12,6,6
225000229,0,58,-58
225000230,14,0,14
225000231,0,31,-31
225000232,130,0,130
225000241,68,0,68
225000242,0,34,-34
225000249,6,0,6
225000250,55,387,-332
225000251,453,38,415
225000254,8,10,-2
225000256,3,49,-46
225000257,3,13,-10
226000042,137,244,-107
226000043,44,197,-153
226000044,73,207,-134
226000045,52,183,-131
226000046,566,56,510
226000047,444,97,347
226000048,434,94,340
226000049,364,153,211
226000070,0,14,-14
226000071,0,45,-45
226000072,0,4,-4
226000073,0,7,-7
226000074,0,10,-10
226000084,1,12,-11
226000085,1,3,-2
226000086,2,5,-3
226000087,0,13,-13
226000088,10,48,-38
226000090,114,102,12
226000091,20,74,-54
226000092,1,31,-30
226000093,12,5,7
226000094,6,5,1
226000095,3,5,-2
226000105,12,1,11
226000106,7,0,7
226000107,11,0,11
226000108,18,3,15
226000109,95,0,95
226000124,166,54,112
226000134,1010,573,437
226000135,1872,455,1417
226000136,786,375,411
226000137,4,125,-121
226000138,5,65,-60
226000139,0,24,-24
226000156,262,1,261
226000157,219,6,213
226000163,65,162,-97
226000202,7,122,-115
226000231,497,7,490
226000232,42,11,31
227000033,390,52,338
227000036,504,24,480
227000037,543,28,515
227000038,186,16,170
227000084,2,91,-89
227000085,0,42,-42
227000088,44,3,41
227000089,68,1,67
227000090,26,4,22
227000091,11,0,11
227000092,22,0,22
227000093,100,0,100
227000094,8,0,8
227000130,21,125,-104
227000131,32,134,-102
227000132,12,109,-97
227000133,7,103,-96
227000134,17,232,-215
227000152,0,15,-15
227000153,1,90,-89
227000154,0,34,-34
227000155,1,24,-23
227000156,0,17,-17
227000165,2,108,-106
227000196,447,119,328
227000199,550,196,354
227000230,4,150,-146
227000232,641,36,605
227000242,42,386,-344
227000243,448,58,390
227000245,10,200,-190
227000246,78,200,-122
227000247,486,74,412
227000248,155,46,109
227000249,27,103,-76
227000250,331,190,141
227000251,64,227,-163
227000252,35,143,-108
227000253,227,24,203
227000262,562,26,536
227000266,1607,23,1584
227000267,20,540,-520
227000282,4,59,-55
227000284,763,22,741
227000286,4,27,-23
227000287,29,34,-5
227000291,8,195,-187
227000296,161,131,30
227000484,193,12,181
227000485,11,572,-561
227000655,206,4,202
227000656,636,28,608
227000657,86,8,78
227000661,278,18,260
227000680,168,108,60
229000265,15,15,0
229000296,5,10,-5
229000297,3,38,-35
229000298,3,94,-91
229000320,11,5,6
229000321,43,11,32
229000412,12,56,-44
229000414,11,27,-16
229000415,7,2,5
229000416,3,10,-7
229000417,2,3,-1
229000419,49,220,-171
229000440,290,55,235
229000442,20,2,18
229000443,5,2,3
229000444,0,18,-18
229000445,102,7,95
229000446,61,9,52
229000491,2,11,-9
229000492,7,34,-27
229000493,2,41,-39
229000494,40,0,40
229000495,99,3,96
229000496,54,3,51
229000507,0,26,-26
229000508,1,27,-26
229000509,0,62,-62
229000510,1,30,-29
229000511,2,17,-15
229000512,1,11,-10
229000513,0,2,-2
229000514,0,1,-1
229000517,4,3,1
229000518,11,10,1
229000519,1,4,-3
229000520,10,34,-24
229000521,57,9,48
229000522,3,3,0
229000523,4,2,2
229000524,1,3,-2
229000527,2,0,2
229000528,0,0,0
229000529,9,0,9
229000530,70,1,69
229000531,50,0,50
229000532,14,0,14
229000533,72,0,72
229000534,60,1,59
229000564,73,0,73
229000565,36,0,36
229000566,0,3,-3
229000567,0,22,-22
229000582,80,1,79
229000583,11,2,9
229000584,0,11,-11
229000585,0,43,-43
229000718,0,5,-5
229000719,0,2,-2
229000720,0,3,-3
229000721,0,2,-2
229000722,0,7,-7
229000723,0,1,-1
229000724,0,0,0
229000725,1,0,1
229000738,2,0,2
229000739,1,1,0
229000740,1,0,1
229000741,31,0,31
229000742,3,0,3
229000743,9,0,9
229000744,1,0,1
229000745,0,0,0
229000746,13,1,12
229000847,75,1,74
229000848,30,0,30
229000849,115,1,114
229000851,50,0,50
229000854,0,7,-7
229000856,2,21,-19
229000857,0,8,-8
229000858,0,20,-20
229000919,7,29,-22
229000930,2,197,-195
229000937,98,6,92
229000966,39,30,9
229000981,19,12,7
229000985,18,28,-10
229000986,0,4,-4
229000987,0,1,-1
229000988,2,7,-5
229000989,11,6,5
229000990,0,0,0
229000991,1,1,0
229000992,10,3,7
229000993,142,14,128
229000998,4,64,-60
229000999,93,5,88
229001034,2,7,-5
229001035,9,1,8
229001037,35,3,32
229001042,36,4,32
229001047,21,19,2
229001050,22,22,0
229001168,0,9,-9
229001200,23,3,20
229001338,3,7,-4
229001394,127,1,126
229001422,112,26,86
229001423,15,73,-58
229001431,41,28,13
229001432,20,30,-10
229001444,244,51,193
229001445,41,116,-75
229001479,18,2,16
229001503,230,60,170
229001504,98,52,46
229001505,147,41,106
229001506,103,40,63
229001509,40,19,21
229001545,112,3,109
229001546,11,52,-41
229001553,81,9,72
229001554,43,28,15
229001559,1,8,-7
229001560,6,16,-10
229001630,44,4,40
229001631,3,16,-13
229001635,0,10,-10
229001636,3,2,1
229001658,1,57,-56
229001659,77,1,76
229001660,11,3,8
229001661,3,26,-23
229001662,9,0,9
229001663,0,9,-9
229002584,172,138,34
229002831,115,88,27
229002841,7,13,-6
229002842,21,10,11
229002843,63,16,47
229002844,32,21,11
229002845,15,75,-60
229002846,30,23,7
229002847,2,13,-11
229002848,19,11,8
229002849,2,51,-49
229002850,18,0,18
229002851,28,149,-121
229002852,189,19,170
229002853,139,12,127
229002854,33,44,-11
229002855,4,30,-26
229002856,48,8,40
229002857,14,157,-143
229002858,9,8,1
229002859,45,171,-126
229002860,204,18,186
229002861,69,20,49
229002862,23,18,5
229002863,20,18,2
229002864,43,18,25
229002865,17,8,9
229002866,9,16,-7
229002867,2,18,-16
229002868,7,6,1
229002869,16,81,-65
229002870,81,11,70
235000066,188,20,168
235000067,99,57,42
235000072,30,93,-63
235000073,122,296,-174
235000074,64,29,35
235000080,14,44,-30
235000081,126,52,74
235000082,146,11,135
235000083,261,22,239
235000084,59,39,20
235000085,182,50,132
235000089,26,18,8
235000092,36,91,-55
235000093,11,0,11
235000097,1,9,-8
235000098,88,4,84
235000099,38,6,32
235000116,38,9,29
235000117,276,15,261
235000133,10,469,-459
235000134,21,199,-178
235000206,5,2,3
235000207,2,16,-14
235000208,5,1,4
235000209,4,0,4
235000210,14,0,14
235000212,2,3,-1
235000213,1,2,-1
235000220,1,1,0
235000221,42,32,10
235000238,9,142,-133
235000239,2,53,-51
235000242,297,699,-402
235000245,283,154,129
235000246,6,52,-46
235000284,8,123,-115
235000295,48,27,21
235000305,347,34,313
235000306,449,8,441
235000307,25,2,23
235000308,15,0,15
235000309,59,1,58
235000310,52,0,52
235000311,85,18,67
235000322,1,37,-36
235000323,1,38,-37
235000324,1,28,-27
235000325,0,9,-9
235000326,3,45,-42
235000351,13,65,-52
235000352,6,49,-43
235000353,2,45,-43
235000354,11,81,-70
235000355,26,89,-63
235000356,62,4,58
235000357,48,5,43
235000358,25,4,21
235000359,36,8,28
235000360,29,5,24
235000361,41,5,36
235000381,119,53,66
235000382,162,18,144
235000390,7,0,7
235000391,170,6,164
235000392,198,255,-57
235000393,144,113,31
235000395,158,32,126
235000396,576,52,524
235000400,73,31,42
235000401,24,77,-53
235000405,82,106,-24
235000406,21,91,-70
235000407,29,48,-19
235000409,102,55,47
235000410,28,164,-136
235000411,0,19,-19
235000485,0,7,-7
235000486,13,0,13
235000549,101,67,34
235000550,74,76,-2
235000599,197,22,175
235000600,10,9,1
235000601,17,27,-10
235000602,91,42,49
235000614,0,10,-10
235000648,0,5,-5
235000649,28,7,21
235000685,0,8,-8
235000815,16,153,-137
235000834,0,8,-8
235000855,39,38,1
235000862,20,43,-23
235000891,0,15,-15
235000892,10,1,9
235000901,90,54,36
235000907,2,8,-6
235001010,86,27,59
235001029,217,176,41
235001030,309,152,157
235001078,58,85,-27
235001079,31,36,-5
235001147,6,25,-19
235001166,10,27,-17
235001167,74,20,54
235001169,15,217,-202
235001188,1,9,-8
235001189,1,0,1
235001197,3,19,-16
235001200,80,38,42
235001207,188,15,173
235001210,7,55,-48
235001215,5,65,-60
235001239,2,22,-20
235001244,1,8,-7
235016267,0,57,-57
277101746,0,0,0
277102712,3,0,3
277103813,0,0,0
277103814,0,0,0
277103898,0,1,-1
277104249,0,0,0
277104250,0,7,-7
277104251,0,9,-9
277104252,0,2,-2
990011530,0,173,-173
990014944,0,193,-193
990015176,45,12,33
990015618,1,96,-95
990016032,0,232,-232
990032570,10,27,-17
990070001,105,53,52
990070103,0,2,-2
990070601,2,37,-35
990070751,1412,39,1373
990070766,0,140,-140
990071180,570,214,356
990071343,34,3,31
990071387,0,16,-16
990071823,371,1,370
990072600,7,1237,-1230
990072964,0,247,-247
990073285,0,2,-2
990074393,1,501,-500
990074870,1886,4,1882
990075106,899,3,896
990075746,621,6,615
990076437,2091,8,2083
990076458,1,225,-224
997000007,245,15,230
997000041,0,307,-307
997000058,61,1,60
997000062,9,0,9
997000069,0,3,-3
997000070,0,15,-15
997000100,68,0,68
997000141,3,1037,-1034
997000198,58,597,-539
998000475,0,0,0
998000736,0,65,-65
998000965,0,13,-13
998001031,0,53,-53
998001700,0,30,-30
998001899,0,0,0
998001900,5,0,5
998003073,755,3,752
998101900,0,0,0
998102850,5,299,-294
998501927,620,1145,-525
998501929,124,4,120
998501930,54,0,54
998501931,135,3,132
998501932,1,0,1
998501933,80,3,77
998501937,15,2,13
998501944,8,0,8
998501950,0,105,-105
998501970,84,3,81
998501971,0,79,-79
998501973,0,28,-28
998501974,1,168,-167
998501975,75,1,74
998501976,275,0,275
998501977,8,23,-15
998501978,12,0,12
998501979,0,8,-8
998501980,78,0,78
998501981,27,0,27
998501982,0,104,-104
998501983,0,44,-44
998502006,0,1,-1
998502024,0,6,-6
998502032,0,3,-3
998502062,5,0,5
998502063,0,0,0
998502173,37,0,37
998502269,0,10,-10
998502546,1,163,-162
998502578,0,0,0
998601159,3,55,-52
998601292,1,11,-10
999033574,0,142,-142
999800001,84,29,55
999800002,0,3,-3
999800003,0,2,-2
999800004,0,1,-1
999800005,0,7,-7
