ID,insum,outsum,diff
100000001,582,789,-207
100000002,3614,3058,556
100000003,4998,4517,481
100000004,1053,930,123
100000005,2393,4176,-1783
100000006,981,184,797
100000007,1918,853,1065
100000008,474,864,-390
100000009,829,278,551
100000010,146,86,60
100000011,2501,292,2209
100000012,182,1856,-1674
100000013,157,530,-373
100000014,753,391,362
100000015,1679,2536,-857
100000016,1127,1377,-250
100000017,935,825,110
100000018,1481,650,831
100000019,3819,2051,1768
100000020,1789,6914,-5125
100000021,5775,2370,3405
100000022,1464,2340,-876
100000023,5673,1515,4158
100000025,1284,1115,169
100000028,1391,1125,266
100000029,270,291,-21
100000030,255,56,199
100000031,3063,5792,-2729
100000032,2264,3249,-985
100000033,932,2272,-1340
100000034,332,554,-222
100000035,1729,1611,118
100000036,2019,1412,607
100000037,783,358,425
100000038,2436,989,1447
100000039,634,445,189
100000040,233,223,10
100000041,1155,561,594
100000042,1682,744,938
100000043,1506,631,875
100000044,519,1202,-683
100000045,736,2161,-1425
100000046,783,882,-99
100000047,388,548,-160
100000048,900,579,321
100000049,1497,1652,-155
100000051,532,823,-291
100000053,239,12,227
100000054,490,50,440
100000055,1498,286,1212
100000056,536,429,107
100000057,1761,652,1109
100000058,939,1081,-142
100000059,12,127,-115
100000060,454,277,177
100000061,2142,464,1678
100000062,2000,621,1379
100000063,724,252,472
100000064,1585,432,1153
100000065,493,820,-327
100000066,178,660,-482
100000067,397,669,-272
100000068,494,1555,-1061
100000069,295,1179,-884
100000072,303,745,-442
100000073,919,932,-13
100000075,830,332,498
100000076,2070,2733,-663
100000077,274,178,96
100000078,33,25,8
100000079,33,63,-30
100000080,40,42,-2
100000081,176,192,-16
100000102,2400,2105,295
100000103,2080,1221,859
100000104,3847,2444,1403
100000105,2638,1700,938
100000106,2085,2140,-55
100000107,566,1052,-486
100000108,429,922,-493
100000109,1945,1138,807
100000116,1238,831,407
100000117,92,87,5
100000118,1320,1335,-15
100000119,506,840,-334
100000121,459,430,29
100000122,584,859,-275
100000123,2451,4074,-1623
100000124,4339,6149,-1810
100000125,3567,1892,1675
100000126,677,411,266
100000127,1376,342,1034
100000128,1346,2394,-1048
100000129,512,550,-38
100000130,423,500,-77
100000131,2168,2595,-427
100000132,1111,2708,-1597
100000133,4155,2323,1832
100000135,577,1067,-490
100000139,412,426,-14
100000140,303,305,-2
100000142,403,626,-223
100000143,1253,538,715
100000144,3140,855,2285
100000147,1181,2739,-1558
100000150,43,367,-324
100000151,1009,1170,-161
100000153,211,358,-147
100000154,33,174,-141
100000155,25,43,-18
100000156,428,416,12
100000157,133,148,-15
100000158,257,131,126
100000159,279,646,-367
100000165,1586,887,699
100000169,272,753,-481
100000174,715,685,30
100000179,158,550,-392
100000180,3306,3916,-610
100000181,591,244,347
100000188,126,271,-145
100000189,1165,385,780
100000190,741,1008,-267
100000191,746,601,145
100000192,45,86,-41
100000193,299,220,79
100000330,1268,897,371
100000355,241,620,-379
100000362,2916,2169,747
100000363,3955,4390,-435
100000364,251,280,-29
100000365,5429,6502,-1073
100000366,5762,2705,3057
100000367,5317,5986,-669
100000368,2820,1520,1300
100000369,1203,1733,-530
100000370,259,885,-626
100000376,143,145,-2
100000379,1951,1463,488
100000380,4199,3611,588
100000384,4979,4287,692
100000385,4101,4088,13
100000386,6654,4278,2376
100000387,4785,5045,-260
100000388,6185,5703,482
100000389,6415,5707,708
100000390,6814,5944,870
100000391,5339,6888,-1549
100000392,3804,4023,-219
100000393,2915,4612,-1697
100000394,7686,7710,-24
100000395,5090,4244,846
100000396,8110,3947,4163
100000397,5197,7201,-2004
100000398,9750,7310,2440
100000413,15,7,8
100000414,1002,1381,-379
100900002,9,21,-12
100900003,327,199,128
100900004,24,621,-597
100900005,118,21,97
100900006,8,89,-81
100900007,321,15,306
100900008,6,310,-304
100900009,65,143,-78
100900010,70,85,-15
100900011,110,184,-74
100900012,0,226,-226
100900013,820,7,813
100900014,3,8,-5
100900015,73,60,13
100900016,1,47,-46
100900017,698,81,617
100900018,0,29,-29
100900019,28,115,-87
100900020,301,5,296
100900021,385,0,385
100900022,10,51,-41
100900023,0,63,-63
100900024,741,3,738
100900025,37,6,31
100900026,90,83,7
100900027,491,1963,-1472
100900028,117,171,-54
100900029,70,8,62
100900030,1,101,-100
100900031,479,46,433
100900032,286,0,286
100900033,262,167,95
100900034,617,13,604
100900035,620,3,617
100900036,11,2,9
100900037,99,135,-36
100900038,94,46,48
100900039,246,552,-306
100900040,443,546,-103
100900041,527,622,-95
100900042,1327,1708,-381
100900043,1,29,-28
100900044,1523,415,1108
100900045,22,0,22
100900046,994,9,985
100900047,591,347,244
100900048,131,44,87
100900049,103,131,-28
100900050,4,18,-14
100900051,38,81,-43
100900052,257,37,220
100900053,331,39,292
100900054,8,77,-69
100900055,222,520,-298
100900056,268,260,8
100900057,1213,966,247
100900058,199,53,146
100900059,100,10,90
100900060,173,8,165
100900061,326,181,145
100900062,3,32,-29
100900063,225,588,-363
100900064,552,39,513
100900065,81,82,-1
100900066,132,171,-39
100900067,15,4,11
100900068,94,114,-20
100900069,326,6,320
100900070,305,7,298
100900071,690,205,485
100900072,3,47,-44
100900073,116,362,-246
100900074,11,17,-6
100900075,1279,280,999
100900076,23,33,-10
100900077,31,57,-26
100900078,80,279,-199
100900079,13,46,-33
100900080,25,162,-137
100900081,32,131,-99
100900082,150,467,-317
100900083,10,35,-25
100900085,14,343,-329
100900086,130,530,-400
100900088,106,396,-290
100900089,6,20,-14
100900090,87,382,-295
100900091,4,24,-20
100900092,235,147,88
100900093,234,281,-47
100900094,117,294,-177
100900095,4,37,-33
100900096,55,111,-56
100900097,4,4,0
100900098,63,33,30
100900099,21,429,-408
100900100,9,461,-452
100900101,247,44,203
100900102,51,82,-31
100900103,13,24,-11
100900104,13,143,-130
100900105,36,475,-439
100900106,41,8,33
100900107,1536,760,776
100900108,1,37,-36
100900109,19,45,-26
100900110,10,16,-6
100900111,75,152,-77
100900112,47,21,26
100900113,11,23,-12
100900114,24,15,9
100900115,4,29,-25
100900116,811,577,234
100900117,237,666,-429
100900118,34,34,0
100900119,12,16,-4
100900120,8,6,2
100900121,379,400,-21
100900122,211,147,64
100900123,78,152,-74
100900124,15,14,1
100900125,7,62,-55
100900126,163,135,28
100900127,5,7,-2
100900128,73,129,-56
100900129,3,210,-207
100900131,99,271,-172
100900133,38,34,4
100900134,2,4,-2
100900135,1,182,-181
100900137,257,146,111
100900138,439,459,-20
100900139,29,10,19
100900140,4,386,-382
100900141,4,538,-534
100900142,2,8,-6
100900143,834,371,463
100900144,40,6,34
100900145,72,159,-87
100900146,2,39,-37
100900147,14,440,-426
100900148,41,474,-433
100900149,54,236,-182
100900150,1,27,-26
100900151,106,406,-300
100900152,292,3,289
100900153,10,173,-163
100900154,7,79,-72
100900155,21,25,-4
100900156,20,2,18
100900157,3,222,-219
100900159,6,27,-21
100900160,29,15,14
100900161,48,7,41
100900162,16,296,-280
100900163,182,172,10
100900164,20,33,-13
100900165,5,13,-8
100900166,20,4,16
100900167,19,59,-40
100900168,50,161,-111
100900169,113,891,-778
100900170,138,5,133
100900171,25,500,-475
100900172,1,33,-32
100900173,5,290,-285
100900174,386,70,316
100900176,1456,171,1285
100900177,585,231,354
100900178,331,210,121
100900179,209,343,-134
100900180,4,0,4
100900181,60,98,-38
100900182,23,25,-2
100900184,6,172,-166
100900186,551,376,175
100900187,11,89,-78
100900188,18,5,13
100900189,1388,228,1160
100900191,1022,999,23
100900192,256,354,-98
100900195,106,145,-39
100900197,73,52,21
100900198,32,145,-113
100900199,11,8,3
100900200,615,358,257
100900201,91,520,-429
100900202,199,2,197
100900203,0,264,-264
100900204,471,1134,-663
100900205,183,522,-339
100900206,124,67,57
100900207,251,136,115
100900210,113,407,-294
100900211,517,187,330
100900213,179,44,135
100900214,546,105,441
100900215,13,52,-39
100900217,137,87,50
101000001,3388,2132,1256
101000002,5073,4718,355
101000003,492,1464,-972
101000004,1000,2974,-1974
101000005,1975,3872,-1897
101000006,1608,5114,-3506
101000007,1236,1737,-501
101000008,7359,3867,3492
101000009,1813,1276,537
101000010,770,976,-206
101000011,1161,449,712
101000012,1454,782,672
101000013,561,1020,-459
101000014,462,595,-133
101000015,1078,760,318
101000016,361,461,-100
101000017,740,500,240
101000018,4112,2256,1856
101000020,3746,1421,2325
101000021,970,428,542
101000022,111,54,57
101000023,1480,644,836
101000025,61,104,-43
101000026,280,24,256
101000027,1516,1960,-444
101000028,1209,284,925
101000029,194,1720,-1526
101000030,1633,94,1539
101000031,936,614,322
101000032,7798,4819,2979
101000033,2485,3275,-790
101000034,2124,1616,508
101000035,1298,396,902
101000036,1860,1054,806
101000037,3242,1947,1295
101000039,3325,2408,917
101000040,3463,3677,-214
101000041,8699,7417,1282
101000042,439,1134,-695
101000043,5455,5413,42
101000045,1632,1043,589
101000046,3498,1683,1815
101000047,2145,3447,-1302
101000048,664,533,131
101000049,748,2024,-1276
101000050,1599,1556,43
101000051,1768,2322,-554
101000052,1512,813,699
101000053,1164,1552,-388
101000054,1663,1060,603
101000055,1302,1146,156
101000056,50,94,-44
101000057,2040,1335,705
101000058,1200,1105,95
101000059,2122,2191,-69
101000060,1737,668,1069
101000061,904,1297,-393
101000062,885,732,153
101000063,626,972,-346
101000064,1145,1038,107
101000065,423,488,-65
101000066,1097,881,216
101000067,1302,997,305
101000068,425,512,-87
101000069,324,92,232
101000070,1211,1155,56
101000071,1935,862,1073
101000072,790,2750,-1960
101000073,807,1150,-343
101000074,5752,3485,2267
101000075,4702,6045,-1343
101000077,1767,1228,539
101000078,984,1289,-305
101000079,749,451,298
101000080,753,471,282
101000081,1749,1512,237
101000082,2961,2822,139
101000083,2433,2124,309
101000084,1321,904,417
101000085,1461,1085,376
101000086,1132,1153,-21
101000087,948,984,-36
101000088,1224,978,246
101000089,979,1364,-385
101000090,1923,1186,737
101000091,460,805,-345
101000092,1013,904,109
101000093,1231,783,448
101000094,928,811,117
101000095,460,515,-55
101000096,363,550,-187
101000097,450,411,39
101000098,355,429,-74
101000099,1217,1024,193
101000100,905,853,52
101000101,332,351,-19
101000102,793,460,333
101000103,833,499,334
101000104,380,552,-172
101000105,585,552,33
101000106,716,973,-257
101000107,328,344,-16
101000108,728,223,505
101000109,355,83,272
101000110,39,415,-376
101000111,117,255,-138
101000113,440,894,-454
101000114,10114,8124,1990
101000115,181,126,55
101000116,203,152,51
101000117,1379,350,1029
101000119,77,53,24
101000120,106,51,55
101000121,84,39,45
101000122,183,116,67
101000123,77,122,-45
101000124,618,257,361
101000125,264,466,-202
101000128,390,384,6
101000130,490,729,-239
101000131,761,562,199
101000132,609,867,-258
101000135,53,36,17
101000136,471,168,303
101000137,38,306,-268
101000141,1220,2815,-1595
101000147,852,463,389
101000148,1195,22,1173
101000149,408,514,-106
101000150,79,619,-540
101000151,206,46,160
101000152,277,326,-49
101000153,582,267,315
101000154,227,843,-616
101000155,250,123,127
101000156,29,305,-276
101000157,33,13,20
101000160,50,88,-38
101000163,206,314,-108
101000164,359,283,76
101000165,205,345,-140
101000166,202,324,-122
101000168,889,415,474
101000252,1659,967,692
101000254,340,81,259
101000258,41,14,27
101000261,138,45,93
101000262,1043,2077,-1034
101000263,222,970,-748
101000265,106,767,-661
101000266,776,268,508
101000269,30,8,22
101000290,1320,3063,-1743
101000293,33,73,-40
101000294,678,438,240
101000295,137,433,-296
101000301,813,477,336
101000304,1626,2355,-729
101000305,2762,1314,1448
101000328,148,431,-283
101900001,40,71,-31
101900002,0,16,-16
101900003,70,75,-5
101900004,2,80,-78
101900005,2922,1944,978
101900006,1074,414,660
101900007,669,169,500
101900008,104,399,-295
101900009,43,487,-444
101900010,797,769,28
101900011,180,1179,-999
101900012,198,215,-17
101900013,750,183,567
101900017,14,130,-116
101900018,1026,178,848
101900019,195,175,20
101900020,110,69,41
101900021,7,43,-36
101900022,140,764,-624
101900023,148,252,-104
101900026,125,36,89
101900027,28,153,-125
102000001,1320,2506,-1186
102000002,619,352,267
102000003,2865,5793,-2928
102000004,3722,2089,1633
102000005,1374,2151,-777
102000006,3191,2049,1142
102000007,1356,3555,-2199
102000008,2274,1600,674
102000009,5417,6660,-1243
102000010,3645,2420,1225
102000011,4178,3798,380
102000012,7411,4767,2644
102000018,2141,2080,61
102000019,2279,1264,1015
102000026,168,478,-310
102000029,329,234,95
102000030,122,314,-192
102000031,66,148,-82
102000032,372,275,97
102000033,258,353,-95
102000034,383,326,57
102000035,891,578,313
102000036,14,192,-178
102000038,60,73,-13
102000039,202,97,105
102000040,415,249,166
102000041,179,382,-203
102000042,167,233,-66
102000043,281,227,54
102000044,379,395,-16
102000045,1572,838,734
102000046,920,660,260
102000047,759,901,-142
102000048,242,503,-261
102000049,884,717,167
102000050,1073,1177,-104
102000051,471,578,-107
102000052,1023,808,215
102000053,698,725,-27
102000054,661,986,-325
102000055,1095,509,586
102000056,883,1014,-131
102000057,1312,511,801
102000058,970,1214,-244
102000059,1149,1036,113
102000060,1169,1014,155
102000061,1535,1543,-8
102000062,1541,972,569
102000063,1030,1379,-349
102000064,681,767,-86
102000065,57,137,-80
102000066,911,748,163
102000067,1592,1970,-378
102000068,7733,2619,5114
102000069,119,1780,-1661
102000070,1467,55,1412
102000071,6896,8356,-1460
102000072,2825,3489,-664
102000073,1389,1142,247
102000074,718,1002,-284
102000075,134,366,-232
102000076,385,635,-250
102000077,508,769,-261
102000078,780,627,153
102000079,175,224,-49
102000080,87,87,0
102000081,351,749,-398
102000082,903,889,14
102000083,563,242,321
102000084,244,249,-5
102000085,1535,973,562
102000086,1023,832,191
102000087,715,1468,-753
102000088,414,292,122
102000089,1145,376,769
102000090,405,1026,-621
102000091,1492,480,1012
102000092,346,602,-256
102000093,753,757,-4
102000094,869,569,300
102000095,808,923,-115
102000096,595,660,-65
102000097,751,716,35
102000098,559,601,-42
102000099,809,697,112
102000100,788,1269,-481
102000101,1039,673,366
102000102,288,1221,-933
102000103,1133,427,706
102000104,514,302,212
102000105,306,421,-115
102000106,783,500,283
102000107,680,419,261
102000108,653,192,461
102000109,857,587,270
102000110,559,481,78
102000111,728,869,-141
102000112,268,123,145
102000113,20,28,-8
102000114,760,522,238
102000115,288,286,2
102000116,442,404,38
102000117,238,531,-293
102000118,1062,1070,-8
102000119,1439,731,708
102000120,267,369,-102
102000121,643,750,-107
102000122,562,828,-266
102000123,1143,901,242
102000124,977,1056,-79
102000125,930,772,158
102000126,726,743,-17
102000127,967,639,328
102000128,599,873,-274
102000129,1284,737,547
102000130,713,758,-45
102000131,1394,637,757
102000132,551,929,-378
102000133,1816,1599,217
102000134,732,657,75
102000135,659,745,-86
102000136,845,570,275
102000137,817,763,54
102000138,216,311,-95
102000139,124,389,-265
102000140,252,511,-259
102000141,177,366,-189
102000142,253,335,-82
102000143,145,412,-267
102000144,365,402,-37
102000145,406,395,11
102000146,439,290,149
102000147,550,380,170
102000148,218,398,-180
102000149,143,387,-244
102000150,279,90,189
102000151,80,241,-161
102000152,184,126,58
102000153,1139,530,609
102000154,351,609,-258
102000155,96,300,-204
102000156,358,137,221
102000157,102,293,-191
102000158,533,406,127
102000159,708,427,281
102000161,2975,1735,1240
102000162,356,249,107
102000163,86,526,-440
102000164,896,1036,-140
102000165,347,160,187
102000166,103,191,-88
102000167,232,197,35
102000168,276,173,103
102000169,86,410,-324
102000170,452,195,257
102000171,199,237,-38
102000172,148,381,-233
102000173,400,224,176
102000174,94,65,29
102000175,236,104,132
102000176,60,38,22
102000178,242,372,-130
102000179,353,220,133
102000180,845,368,477
102000181,706,504,202
102000182,539,489,50
102000183,1642,1542,100
102000184,738,277,461
102000185,2374,1224,1150
102000186,1431,1192,239
102000187,999,1332,-333
102000188,1021,1189,-168
102000189,2414,1292,1122
102000190,599,2070,-1471
102000191,1090,400,690
102000192,1074,1171,-97
102000193,47,117,-70
102000194,55,134,-79
102000195,508,428,80
102000196,201,306,-105
102000197,683,436,247
102000198,181,787,-606
102000199,905,380,525
102000200,237,1076,-839
102000201,923,441,482
102000202,7,89,-82
102000203,321,264,57
102000204,379,600,-221
102000205,936,313,623
102000206,532,812,-280
102000207,759,374,385
102000208,414,529,-115
102000209,109,57,52
102000210,606,349,257
102000211,279,229,50
102000212,360,28,332
102000213,5,216,-211
102000214,241,8,233
102000215,18,333,-315
102000216,58,55,3
102000217,6,114,-108
102000218,233,232,1
102000219,393,202,191
102000225,595,528,67
102000226,2557,1044,1513
102000227,179,6,173
102000228,0,79,-79
102000229,45,67,-22
102000230,300,334,-34
102000231,600,417,183
102000232,24,144,-120
102000233,714,886,-172
102000234,90,970,-880
102000236,404,108,296
102000237,420,132,288
102000238,281,434,-153
102000240,556,792,-236
102000241,169,121,48
102000243,63,77,-14
102000245,27,108,-81
102000246,6,31,-25
102000247,1029,923,106
102000248,910,1296,-386
102000249,476,413,63
102000250,134,318,-184
102000254,85,252,-167
102000266,42,322,-280
102000271,31,1,30
102000286,361,380,-19
102000297,1796,917,879
102000303,0,0,0
102000305,0,0,0
102000307,0,3,-3
102900001,1051,674,377
102900002,368,34,334
102900003,63,236,-173
102900005,377,213,164
102900006,525,138,387
102900007,352,23,329
102900008,196,52,144
102900009,448,286,162
102900010,437,811,-374
102900011,1251,230,1021
102900012,406,85,321
102900013,36,66,-30
102900015,661,492,169
102900016,52,118,-66
102900017,152,485,-333
102900018,40,104,-64
102900019,311,354,-43
102900020,128,29,99
102900021,31,85,-54
102900022,661,222,439
102900023,40,51,-11
102900024,56,44,12
102900025,244,136,108
102900026,322,1568,-1246
102900027,84,47,37
102900028,134,644,-510
102900029,172,161,11
102900030,399,270,129
102900031,181,114,67
102900032,70,98,-28
102900033,111,174,-63
102900034,373,80,293
102900035,131,288,-157
102900036,265,447,-182
102900037,279,433,-154
102900038,443,400,43
102900039,25,408,-383
102900040,70,208,-138
102900041,56,159,-103
102900042,139,244,-105
102900043,108,189,-81
102900044,508,1655,-1147
102900045,88,463,-375
102900046,137,242,-105
102900047,69,415,-346
102900048,699,434,265
102900049,114,328,-214
102900050,225,227,-2
102900051,169,169,0
102900053,350,549,-199
102900054,519,788,-269
102900055,82,178,-96
102900056,121,354,-233
102900057,6,36,-30
102900058,274,70,204
102900059,29,48,-19
102900060,104,415,-311
102900061,148,448,-300
102900062,230,831,-601
102900063,1067,346,721
102900064,112,278,-166
102900065,1000,250,750
102900066,259,16,243
102900068,80,65,15
102900070,175,371,-196
102900072,11,61,-50
102900073,105,2,103
102900075,38,72,-34
102900076,214,107,107
102900077,68,59,9
102900078,30,84,-54
102900079,189,8,181
102900080,312,44,268
102900081,82,269,-187
102900082,6,165,-159
102900083,193,19,174
102900084,7,40,-33
102900085,364,131,233
102900086,24,41,-17
102900087,112,105,7
102900088,33,36,-3
102900089,204,99,105
102900090,2,254,-252
102900091,143,5,138
102900092,251,632,-381
102900094,1,82,-81
102900095,122,2,120
102900096,49,26,23
102900097,1,70,-69
103000001,2036,2360,-324
103000002,1799,2185,-386
103000003,3025,2574,451
103000004,803,694,109
103000005,1577,2639,-1062
103000006,641,1355,-714
103000007,346,584,-238
103000008,575,322,253
103000009,997,928,69
103000010,230,132,98
103000011,1283,1157,126
103000012,1309,1277,32
103000013,3396,1745,1651
103000014,1380,2227,-847
103000015,1287,627,660
103000016,474,1278,-804
103000017,205,400,-195
103000018,620,290,330
103000019,325,264,61
103000020,2202,1294,908
103000021,1578,1572,6
103000022,750,891,-141
103000023,677,1525,-848
103000024,75,124,-49
103000025,166,612,-446
103000026,785,132,653
103000027,541,522,19
103000028,302,353,-51
103000029,230,278,-48
103000030,1304,974,330
103000031,1222,1594,-372
103000032,1934,1531,403
103000033,2542,2561,-19
103000034,1210,932,278
103000035,365,1211,-846
103000036,388,585,-197
103000037,522,493,29
103000038,411,860,-449
103000039,374,269,105
103000040,425,772,-347
103000041,1402,1802,-400
103000042,1045,432,613
103000043,634,808,-174
103000044,295,162,133
103000046,271,406,-135
103000047,743,624,119
103000048,157,213,-56
103000049,93,139,-46
103000050,633,450,183
103000051,518,404,114
103000052,758,318,440
103000053,144,515,-371
103000054,2361,1520,841
103000055,1712,2032,-320
103000056,789,1318,-529
103000057,616,267,349
103000058,620,835,-215
103000059,517,751,-234
103000060,747,527,220
103000061,362,816,-454
103000062,1039,494,545
103000063,749,849,-100
103000064,165,182,-17
103000065,8,323,-315
103000066,211,17,194
103000069,430,377,53
103000070,1274,643,631
103000071,1097,527,570
103000072,97,517,-420
103000073,486,94,392
103000074,497,76,421
103000075,124,494,-370
103000076,271,273,-2
103000077,45,313,-268
103000078,877,496,381
103000079,594,639,-45
103000080,892,290,602
103000081,481,1054,-573
103000082,530,172,358
103000083,104,275,-171
103000084,117,3,114
103000085,0,131,-131
103000086,545,395,150
103000087,144,503,-359
103000088,289,290,-1
103000089,248,414,-166
103000090,1860,848,1012
103000091,583,461,122
103000092,225,264,-39
103000093,291,351,-60
103000094,208,68,140
103000095,69,300,-231
103000096,502,85,417
103000097,69,625,-556
103000098,697,162,535
103000099,245,615,-370
103000100,82,591,-509
103000101,698,108,590
103000102,71,446,-375
103000103,599,135,464
103000104,58,101,-43
103000105,145,73,72
103000106,9,128,-119
103000107,208,56,152
103000108,907,713,194
103000109,430,376,54
103000110,455,421,34
103000111,453,426,27
103000112,321,154,167
103000113,573,622,-49
103000114,1256,429,827
103000115,531,539,-8
103000116,531,424,107
103000117,354,436,-82
103000118,512,540,-28
103000119,844,459,385
103000120,64,118,-54
103000121,436,900,-464
103000122,624,800,-176
103000125,16,196,-180
103000126,583,3,580
103000127,2,134,-132
103000128,161,3,158
103000129,0,101,-101
103000130,53,37,16
103000131,142,69,73
103000132,69,178,-109
103000133,17,90,-73
103000134,542,601,-59
103000135,508,277,231
103000136,633,444,189
103000137,519,567,-48
103000138,765,700,65
103000139,7,71,-64
103000140,158,31,127
103000141,69,119,-50
103000142,161,61,100
103000143,76,174,-98
103000144,176,72,104
103000145,27,178,-151
103000150,123,44,79
103000152,289,256,33
103000153,204,142,62
103000156,4,258,-254
103000157,412,6,406
103000159,116,21,95
103000162,77,58,19
103000163,19,93,-74
103000164,23,19,4
103000165,91,201,-110
103000166,205,248,-43
103000167,206,94,112
103000168,97,175,-78
103000169,212,415,-203
103000170,777,371,406
103000171,57,98,-41
103000172,457,319,138
103000173,522,443,79
103000174,154,262,-108
103000175,338,221,117
103000176,721,599,122
103000177,485,352,133
103000178,186,252,-66
103000179,535,41,494
103000183,100,16,84
103000185,80,30,50
103000186,112,147,-35
103000187,475,317,158
103000188,11,70,-59
103000189,767,885,-118
103000191,377,367,10
103000292,1251,1481,-230
103000293,846,1730,-884
103000295,100,86,14
103000296,388,8,380
103000297,6,25,-19
103000504,24,7,17
103000505,5,23,-18
103000506,0,195,-195
103000507,237,3,234
103000508,37,41,-4
103000509,674,824,-150
103900001,1,147,-146
103900002,911,117,794
103900003,766,18,748
103900004,86,1,85
103900005,6,173,-167
103900006,1,2,-1
103900007,26,0,26
103900008,37,1,36
103900010,157,467,-310
103900012,7,26,-19
103900014,45,15,30
103900015,55,12,43
103900017,32,86,-54
103900018,604,168,436
103900019,62,323,-261
103900020,188,489,-301
103900021,364,49,315
103900022,972,591,381
103900023,131,0,131
103900024,100,348,-248
103900025,16,20,-4
103900026,259,0,259
103900027,656,212,444
103900028,139,429,-290
103900029,1055,123,932
103900030,300,89,211
103900031,45,11,34
103900032,72,65,7
103900033,98,8,90
103900034,32,105,-73
103900035,61,56,5
103900036,35,30,5
103900037,73,58,15
103900038,123,189,-66
103900039,68,233,-165
103900040,23,111,-88
103900041,60,63,-3
103900042,52,267,-215
103900043,169,71,98
103900044,99,245,-146
103900045,373,131,242
103900047,65,26,39
103900048,50,32,18
103900049,351,1126,-775
103900050,5,98,-93
103900051,0,29,-29
103900052,200,324,-124
103900053,231,525,-294
103900054,110,346,-236
103900055,413,179,234
103900056,53,56,-3
103900057,32,144,-112
103900058,206,537,-331
103900059,0,39,-39
103900060,42,171,-129
103900061,147,41,106
103900062,238,72,166
103900063,13,0,13
103900064,114,2,112
103900065,644,263,381
103900066,139,30,109
103900067,185,10,175
103900068,37,0,37
103900069,76,30,46
103900070,117,168,-51
103900071,15,94,-79
103900072,16,143,-127
103900073,32,17,15
103900074,76,65,11
103900075,200,67,133
103900076,473,456,17
103900077,25,82,-57
103900078,247,86,161
103900079,169,183,-14
103900080,16,42,-26
103900081,110,24,86
103900082,13,155,-142
103900083,1521,922,599
103900084,91,128,-37
103900085,65,141,-76
103900086,503,283,220
103900088,293,436,-143
103900089,70,115,-45
103900090,3,139,-136
103900091,1142,208,934
103900092,532,407,125
103900093,111,273,-162
103900094,9,116,-107
103900095,237,195,42
103900096,13,166,-153
103900097,11,352,-341
103900098,191,115,76
103900099,59,104,-45
103900100,190,316,-126
103900101,166,931,-765
103900102,0,32,-32
103900104,2,27,-25
103900105,98,232,-134
103900106,2,166,-164
103900107,131,151,-20
103900108,64,255,-191
103900109,103,51,52
103900110,206,64,142
103900111,65,463,-398
103900112,37,68,-31
103900113,93,154,-61
103900114,328,263,65
103900115,256,172,84
103900116,4504,2374,2130
103900117,98,53,45
103900119,39,67,-28
103900120,74,97,-23
103900122,88,212,-124
103900123,1150,579,571
103900124,59,372,-313
103900125,93,88,5
103900126,384,272,112
103900127,308,289,19
103900128,603,238,365
103900131,27,119,-92
103900133,848,105,743
103900134,0,4,-4
103900135,0,6,-6
103900137,0,24,-24
103900138,127,225,-98
103900139,499,1844,-1345
103900140,5,115,-110
103900141,197,60,137
103900142,155,186,-31
103900143,54,1,53
103900144,0,38,-38
103900145,119,187,-68
103900146,204,154,50
103900147,227,93,134
103900148,442,617,-175
103900149,330,556,-226
103900150,4824,3150,1674
103900151,27,148,-121
103900152,519,345,174
103900153,7,1,6
103900154,590,1336,-746
103900155,38,169,-131
103900156,63,129,-66
103900157,42,120,-78
103900158,78,123,-45
103900159,163,59,104
103900160,42,42,0
103900161,81,157,-76
103900162,284,370,-86
103900163,9,408,-399
103900167,20,103,-83
103900168,65,77,-12
103900169,53,51,2
103900170,0,73,-73
103900171,1,36,-35
103900172,3,14,-11
103900173,11,9,2
103900174,181,39,142
103900175,40,52,-12
103900176,25,37,-12
103900177,16,69,-53
103900178,47,31,16
103900179,61,84,-23
103900180,6,46,-40
103900181,53,29,24
103900182,28,23,5
103900184,373,80,293
103900185,88,292,-204
103900187,15,64,-49
103900188,40,18,22
103900189,149,4,145
103900190,68,58,10
103900191,26,38,-12
103900192,35,92,-57
103900193,118,183,-65
103900194,53,228,-175
103900195,2,103,-101
103900196,34,38,-4
103900197,16,46,-30
103900198,16,63,-47
103900199,120,64,56
103900200,147,130,17
103900201,88,180,-92
103900202,15,80,-65
103900203,31,21,10
103900204,0,56,-56
103900207,0,79,-79
103900208,52,4,48
103900209,10,78,-68
103900210,40,43,-3
103900211,422,310,112
103900212,294,387,-93
103900213,79,296,-217
103900214,328,183,145
103900215,290,314,-24
103900216,15,295,-280
103900217,339,18,321
103900218,49,276,-227
103900219,125,233,-108
103900233,17,0,17
103900235,20,10,10
103900236,35,2,33
103900242,9,28,-19
103900243,5,6,-1
103900244,95,140,-45
103900245,62,172,-110
103900246,55,22,33
103900247,25,79,-54
103900248,20,69,-49
103900249,20,51,-31
103900250,26,32,-6
103900251,3,35,-32
103900253,15,75,-60
103900254,3,15,-12
103900255,3,19,-16
103900256,5,19,-14
103900257,133,93,40
103900258,46,5,41
103900259,83,8,75
103900261,5,3,2
103900262,58,2,56
103900263,33,81,-48
103900264,58,37,21
103900265,85,26,59
103900266,0,76,-76
103900267,13,94,-81
103900268,18,71,-53
103900269,143,28,115
103900270,67,128,-61
103900271,24,71,-47
103900272,62,56,6
103900273,18,32,-14
103900274,83,9,74
103900275,30,8,22
103900276,3,50,-47
103900277,2,44,-42
103900278,3,42,-39
103900279,3,20,-17
103900280,0,60,-60
104000001,2052,1620,432
104000002,1413,2099,-686
104000003,1932,2034,-102
104000004,2344,2313,31
104000005,1388,1826,-438
104000006,2806,2618,188
104000007,3738,3483,255
104000008,193,263,-70
104000009,151,87,64
104000010,148,242,-94
104000011,376,220,156
104000012,119,264,-145
104000013,199,176,23
104000014,176,575,-399
104000015,289,109,180
104000016,526,409,117
104000018,786,143,643
104000019,586,168,418
104000020,160,486,-326
104000021,233,530,-297
104000022,141,252,-111
104000023,663,279,384
104000024,233,290,-57
104000026,33,292,-259
104000027,201,252,-51
104000028,326,197,129
104000029,327,308,19
104000030,270,210,60
104000031,1167,329,838
104000032,217,255,-38
104000033,541,508,33
104000034,282,232,50
104000035,737,331,406
104000036,635,395,240
104000037,286,207,79
104000038,466,431,35
104000039,173,178,-5
104000040,259,332,-73
104000041,934,300,634
104000042,204,307,-103
104000043,250,286,-36
104000044,223,498,-275
104000045,898,755,143
104000046,890,1175,-285
104000047,664,1033,-369
104000048,982,1329,-347
104000049,930,250,680
104000050,163,543,-380
104000051,100,478,-378
104000052,1981,1707,274
104000053,1081,431,650
104000054,399,289,110
104000055,3048,1849,1199
104000056,1123,291,832
104000057,253,539,-286
104000058,791,672,119
104000059,480,804,-324
104000060,974,1045,-71
104000061,1194,814,380
104000062,465,186,279
104000064,494,274,220
104000065,247,572,-325
104000069,904,1038,-134
104000070,48,424,-376
104000071,257,515,-258
104000072,630,327,303
104000075,55,239,-184
104000076,392,69,323
104000082,1936,2481,-545
104000083,683,169,514
104000084,97,500,-403
104000085,293,275,18
104000086,174,385,-211
104000087,452,1593,-1141
104000090,668,978,-310
104000092,991,1768,-777
104000094,724,1161,-437
104000095,1588,1227,361
104000096,1272,174,1098
104000097,1537,709,828
104000098,1946,840,1106
104000100,1421,594,827
104000101,1080,1382,-302
104000106,113,625,-512
104000107,547,333,214
104000108,223,401,-178
104000109,249,97,152
104000110,772,883,-111
104000111,2908,1806,1102
104000112,1698,511,1187
104000116,0,706,-706
104000117,192,493,-301
104000118,497,173,324
104000119,593,262,331
104000120,233,516,-283
104000121,145,562,-417
104000122,612,643,-31
104000123,620,921,-301
104000124,816,1517,-701
104000125,2447,3492,-1045
104000126,288,347,-59
104000127,1249,2415,-1166
104000128,526,355,171
104000129,321,25,296
104000130,6,163,-157
104000131,509,490,19
104000132,454,667,-213
104000133,1322,796,526
104000134,903,1338,-435
104000135,431,1621,-1190
104000136,666,3285,-2619
104000137,1462,385,1077
104000138,730,224,506
104000139,4812,2371,2441
104000141,968,1217,-249
104000142,573,560,13
104000143,534,505,29
104000144,94,163,-69
104000145,353,174,179
104000146,272,419,-147
104000147,108,256,-148
104000148,329,132,197
104000149,180,257,-77
104000150,906,441,465
104000151,320,339,-19
104000152,517,388,129
104000153,508,509,-1
104000154,886,425,461
104000155,440,457,-17
104000157,805,1350,-545
104000158,344,566,-222
104000159,726,494,232
104000160,1591,1673,-82
104000161,177,158,19
104000162,93,128,-35
104000165,869,815,54
104000167,533,770,-237
104000168,431,9,422
104000169,102,22,80
104000170,351,434,-83
104000248,225,505,-280
104000251,59,194,-135
104000272,0,0,0
104000273,0,0,0
104000274,0,0,0
104000275,0,0,0
104000279,2594,1882,712
104000290,69,289,-220
104000291,610,887,-277
104000293,766,784,-18
104000294,29,0,29
104000295,590,625,-35
104000296,376,615,-239
104000297,688,1517,-829
104000298,2672,777,1895
104000299,615,1196,-581
104000302,111,137,-26
104000303,151,150,1
104900001,183,289,-106
104900002,54,141,-87
104900003,46,196,-150
104900004,73,191,-118
104900005,200,181,19
104900006,258,84,174
104900007,238,168,70
104900009,124,246,-122
104900010,77,40,37
104900011,54,13,41
104900012,226,44,182
104900013,130,22,108
104900014,1825,222,1603
104900015,108,9,99
104900016,224,154,70
104900017,135,187,-52
104900018,15,167,-152
104900019,246,2124,-1878
104900020,76,217,-141
104900021,0,114,-114
104900022,2,221,-219
104900023,1,57,-56
104900024,21,225,-204
104900025,55,198,-143
104900026,0,55,-55
104900027,347,268,79
104900028,27,111,-84
104900029,34,50,-16
104900030,421,208,213
104900031,63,200,-137
104900032,46,81,-35
104900033,102,252,-150
104900034,291,154,137
104900035,255,136,119
104900036,183,66,117
104900037,100,182,-82
104900038,376,719,-343
104900039,479,274,205
104900040,404,81,323
104900041,230,130,100
104900042,112,214,-102
104900043,17,132,-115
104900044,473,178,295
104900045,404,49,355
104900046,206,116,90
104900047,284,100,184
104900048,259,58,201
104900049,25,34,-9
104900050,232,53,179
104900051,227,32,195
104900052,43,0,43
104900053,350,94,256
104900054,105,32,73
104900055,90,0,90
104900056,127,25,102
104900057,34,1,33
104900058,534,294,240
104900059,178,65,113
104900061,191,396,-205
104900063,26,94,-68
104900064,0,55,-55
104900065,0,128,-128
104900066,1,89,-88
104900067,3,252,-249
104900068,14,126,-112
104900070,144,226,-82
104900071,2,358,-356
104900072,38,262,-224
104900073,42,119,-77
104900074,36,221,-185
104900075,43,35,8
104900076,55,251,-196
104900077,604,203,401
104900078,168,371,-203
104900079,111,421,-310
104900080,96,335,-239
104900082,7,378,-371
104900085,1,151,-150
104900089,175,1,174
104900091,801,428,373
104900093,176,445,-269
104900097,1803,1632,171
104900098,65,51,14
104900099,60,443,-383
104900100,319,166,153
104900102,20,108,-88
104900103,362,59,303
104900106,50,115,-65
104900107,214,144,70
104900108,30,150,-120
104900109,102,186,-84
104900110,9,38,-29
104900111,123,63,60
104900112,217,479,-262
104900113,638,288,350
104900114,297,362,-65
104900115,534,330,204
104900116,164,143,21
104900118,24,39,-15
104900119,11,37,-26
104900120,48,217,-169
104900121,0,44,-44
104900122,2,30,-28
104900123,42,11,31
104900124,50,0,50
104900125,390,81,309
104900126,49,41,8
104900127,52,59,-7
104900128,104,127,-23
104900129,1283,1485,-202
105000001,2352,1413,939
105000002,2167,1342,825
105000003,2979,2829,150
105000004,597,741,-144
105000005,718,972,-254
105000006,1253,1527,-274
105000007,1154,1342,-188
105000008,1573,2819,-1246
105000009,1966,2706,-740
105000010,2178,1521,657
105000011,2998,2436,562
105000012,3511,2668,843
105000013,830,910,-80
105000014,1708,2313,-605
105000015,8168,12498,-4330
105000016,2609,1847,762
105000017,1504,687,817
105000018,1056,1245,-189
105000019,1018,712,306
105000020,222,354,-132
105000021,276,100,176
105000022,274,123,151
105000023,513,340,173
105000028,75,130,-55
105000029,544,1145,-601
105000030,3425,2255,1170
105000031,8,42,-34
105000033,1324,1957,-633
105000034,130,817,-687
105000037,582,232,350
105000038,1506,1576,-70
105000039,2196,1384,812
105000040,842,1006,-164
105000041,686,1156,-470
105000042,2785,1600,1185
105000043,1413,2037,-624
105000044,537,405,132
105000045,300,672,-372
105000046,1019,320,699
105000047,400,1081,-681
105000048,547,203,344
105000049,224,427,-203
105000050,585,338,247
105000051,141,345,-204
105000052,636,803,-167
105000053,117,135,-18
105000054,549,719,-170
105000055,829,324,505
105000056,1231,1867,-636
105000057,973,609,364
105000058,1181,992,189
105000059,584,535,49
105000060,407,505,-98
105000061,488,453,35
105000062,500,540,-40
105000063,310,435,-125
105000064,1253,775,478
105000065,347,481,-134
105000066,983,1066,-83
105000067,1181,680,501
105000068,433,783,-350
105000069,1538,1439,99
105000070,431,821,-390
105000071,202,636,-434
105000072,1103,1845,-742
105000073,744,497,247
105000074,922,656,266
105000075,489,735,-246
105000076,1147,836,311
105000077,2435,1015,1420
105000078,971,1263,-292
105000079,1189,3317,-2128
105000080,1367,1115,252
105000081,3881,1408,2473
105000082,971,1894,-923
105000083,4845,4029,816
105000084,713,680,33
105000085,1627,1942,-315
105000086,565,804,-239
105000087,1194,1534,-340
105000088,1202,1313,-111
105000089,2462,1699,763
105000090,896,737,159
105000091,1109,1295,-186
105000092,757,746,11
105000093,294,246,48
105000094,264,234,30
105000095,105,473,-368
105000096,1164,1024,140
105000097,768,576,192
105000098,836,533,303
105000099,963,923,40
105000100,1160,1052,108
105000101,1691,1539,152
105000102,1444,1288,156
105000103,1271,1922,-651
105000104,2423,900,1523
105000105,1387,1602,-215
105000106,1059,1343,-284
105000107,1281,825,456
105000108,1273,1188,85
105000109,1146,1232,-86
105000110,703,476,227
105000111,738,604,134
105000112,1186,524,662
105000113,416,617,-201
105000114,2111,1027,1084
105000115,305,1011,-706
105000116,702,548,154
105000117,747,749,-2
105000118,416,384,32
105000119,558,712,-154
105000120,826,517,309
105000121,733,855,-122
105000122,475,595,-120
105000123,986,1008,-22
105000124,1496,598,898
105000125,693,1431,-738
105000126,1807,1411,396
105000127,2011,1570,441
105000128,639,878,-239
105000129,689,367,322
105000130,413,2938,-2525
105000131,651,322,329
105000132,721,621,100
105000133,371,777,-406
105000134,678,551,127
105000135,427,465,-38
105000136,109,266,-157
105000137,470,188,282
105000138,197,309,-112
105000139,865,764,101
105000140,428,452,-24
105000141,287,396,-109
105000142,232,418,-186
105000143,189,473,-284
105000144,248,683,-435
105000145,618,332,286
105000146,394,764,-370
105000147,584,298,286
105000148,1153,602,551
105000149,1973,1718,255
105000150,1589,1327,262
105000151,354,283,71
105000152,180,365,-185
105000153,487,584,-97
105000154,626,421,205
105000155,304,774,-470
105000156,658,532,126
105000157,626,1182,-556
105000158,1605,607,998
105000159,291,808,-517
105000160,1382,578,804
105000161,558,824,-266
105000162,517,1193,-676
105000163,982,728,254
105000164,237,218,19
105000165,725,4043,-3318
105000166,3828,761,3067
105000167,1291,1205,86
105000168,411,490,-79
105000169,516,333,183
105000170,184,1139,-955
105000171,833,185,648
105000172,215,68,147
105000173,164,98,66
105000174,55,69,-14
105000175,44,99,-55
105000176,327,105,222
105000177,339,137,202
105000178,130,395,-265
105000179,431,212,219
105000180,119,93,26
105000181,120,187,-67
105000182,53,43,10
105000183,1901,1740,161
105000184,1892,1002,890
105000185,1126,897,229
105000186,623,767,-144
105000187,751,251,500
105000188,302,154,148
105000189,237,458,-221
105000190,255,339,-84
105000191,459,361,98
105000192,338,59,279
105000193,68,118,-50
105000194,566,160,406
105000195,241,557,-316
105000196,129,295,-166
105000197,202,499,-297
105000198,517,247,270
105000199,331,710,-379
105000200,157,262,-105
105000201,127,32,95
105000203,13,208,-195
105000204,85,64,21
105000205,109,164,-55
105000207,436,229,207
105000208,197,503,-306
105000209,185,318,-133
105000211,295,20,275
105000212,951,930,21
105000213,130,157,-27
105000214,120,190,-70
105000215,277,156,121
105000216,173,347,-174
105000217,114,334,-220
105000218,1228,1039,189
105000221,124,132,-8
105000222,637,109,528
105000223,315,149,166
105000226,115,175,-60
105000227,57,155,-98
105000228,229,1598,-1369
105000229,105,471,-366
105000231,385,312,73
105000233,882,689,193
105000234,444,1083,-639
105000235,305,528,-223
105000237,591,51,540
105000243,27,22,5
105000248,59,59,0
105000262,306,972,-666
105000269,112,197,-85
105000270,340,25,315
105000271,0,198,-198
105000282,49,42,7
105000287,373,84,289
105000288,642,362,280
105000289,3052,2039,1013
105000290,59,6,53
105000402,2818,3279,-461
105000426,444,451,-7
105000438,4005,1715,2290
105000440,51,26,25
105000446,8905,4952,3953
105000447,5051,2110,2941
105000454,435,558,-123
105000455,260,152,108
105000474,12,2,10
105000477,332,529,-197
105000478,1418,3627,-2209
105000479,120,115,5
105000480,9633,7289,2344
105000481,4775,3105,1670
105000482,4423,7691,-3268
105000483,1637,1640,-3
105000484,2121,3192,-1071
105000485,1425,2881,-1456
105000486,3248,2108,1140
105000488,10795,5704,5091
105000489,733,716,17
105000549,110,151,-41
105000550,512,1392,-880
105000551,42,102,-60
105000552,2465,1371,1094
105000555,1430,863,567
105000556,43,38,5
105000557,57,210,-153
105900001,4,1441,-1437
105900002,903,578,325
105900003,6,85,-79
105900004,191,95,96
105900005,10,147,-137
105900006,10,83,-73
105900007,66,29,37
105900008,45,419,-374
105900009,15,8,7
105900011,89,33,56
105900012,310,59,251
105900013,1,22,-21
105900014,6,43,-37
105900015,122,269,-147
105900016,347,374,-27
105900017,899,30,869
105900018,136,122,14
105900019,38,241,-203
105900020,48,51,-3
105900021,8,167,-159
105900022,187,109,78
105900023,2,80,-78
105900024,12,199,-187
105900025,150,24,126
105900026,175,26,149
105900027,6945,5155,1790
105900028,547,250,297
105900029,1132,268,864
105900030,151,178,-27
105900031,350,157,193
105900032,81,133,-52
105900033,71,103,-32
105900034,173,139,34
105900035,162,136,26
105900036,94,95,-1
105900037,78,52,26
105900038,148,214,-66
105900039,134,90,44
105900040,65,80,-15
105900041,175,123,52
105900042,58,133,-75
105900043,928,29,899
105900044,1,195,-194
105900045,2,614,-612
105900046,9,227,-218
105900047,6,55,-49
105900048,73,397,-324
105900050,4615,3584,1031
105900051,31,808,-777
105900052,377,212,165
105900053,2023,2024,-1
105900054,290,135,155
105900056,485,195,290
105900057,28,104,-76
105900058,23,18,5
105900059,0,39,-39
106000001,3562,2046,1516
106000002,1852,4544,-2692
106000003,2551,2931,-380
106000004,1452,2243,-791
106000005,2781,4720,-1939
106000006,4564,3162,1402
106000007,524,577,-53
106000008,439,335,104
106000009,504,325,179
106000010,541,564,-23
106000011,1017,909,108
106000012,647,828,-181
106000013,1451,1744,-293
106000014,1570,1346,224
106000015,1510,1173,337
106000016,1491,2052,-561
106000017,551,574,-23
106000018,565,459,106
106000019,323,418,-95
106000020,341,278,63
106000021,296,351,-55
106000022,290,190,100
106000023,476,331,145
106000024,511,401,110
106000025,102,156,-54
106000026,122,264,-142
106000027,1223,1121,102
106000028,462,415,47
106000029,671,940,-269
106000030,489,451,38
106000034,172,510,-338
106000035,956,2046,-1090
106000036,197,356,-159
106000037,1708,1277,431
106000038,322,94,228
106000039,98,91,7
106000040,138,774,-636
106000041,624,458,166
106000043,516,271,245
106000046,321,62,259
106000047,66,449,-383
106000049,911,154,757
106000050,255,609,-354
106000051,625,360,265
106000052,111,567,-456
106000053,311,105,206
106000054,297,360,-63
106000055,861,768,93
106000056,261,287,-26
106000057,359,242,117
106000058,114,137,-23
106000059,251,214,37
106000060,324,471,-147
106000061,224,397,-173
106000062,129,388,-259
106000063,621,470,151
106000064,35,287,-252
106000065,303,267,36
106000066,73,216,-143
106000067,310,83,227
106000068,57,481,-424
106000069,188,48,140
106000070,404,675,-271
106000071,902,302,600
106000072,2264,1311,953
106000073,1188,2372,-1184
106000074,543,547,-4
106000075,306,1235,-929
106000076,1543,1607,-64
106000077,2865,1155,1710
106000078,826,830,-4
106000079,590,753,-163
106000080,1089,555,534
106000081,547,931,-384
106000082,1946,725,1221
106000083,436,1243,-807
106000084,1050,632,418
106000085,1159,1231,-72
106000086,551,734,-183
106000087,893,442,451
106000088,349,658,-309
106000089,827,303,524
106000090,233,541,-308
106000091,279,364,-85
106000092,497,207,290
106000093,294,123,171
106000094,100,215,-115
106000095,604,657,-53
106000096,811,548,263
106000097,876,643,233
106000098,666,777,-111
106000099,197,757,-560
106000100,1073,198,875
106000101,1300,304,996
106000102,240,613,-373
106000103,307,478,-171
106000104,790,452,338
106000105,458,523,-65
106000106,528,410,118
106000107,169,248,-79
106000108,282,318,-36
106000109,179,291,-112
106000110,213,290,-77
106000111,202,372,-170
106000112,187,389,-202
106000113,568,415,153
106000114,456,500,-44
106000115,266,348,-82
106000116,230,177,53
106000117,808,282,526
106000118,1187,1233,-46
106000119,901,682,219
106000120,688,1024,-336
106000121,161,136,25
106000122,89,176,-87
106000123,390,105,285
106000124,61,166,-105
106000125,23,182,-159
106000126,247,121,126
106000127,658,640,18
106000128,766,177,589
106000129,450,409,41
106000130,653,283,370
106000131,131,619,-488
106000132,518,144,374
106000133,1534,988,546
106000134,493,1657,-1164
106000135,203,550,-347
106000136,535,828,-293
106000137,84,574,-490
106000138,916,111,805
106000139,57,95,-38
106000140,53,44,9
106000141,75,47,28
106000142,35,61,-26
106000143,36,61,-25
106000144,45,53,-8
106000145,163,201,-38
106000146,327,119,208
106000147,678,583,95
106000148,775,884,-109
106000149,526,445,81
106000150,415,1543,-1128
106000151,3032,676,2356
106000152,970,1513,-543
106000153,100,1355,-1255
106000154,1167,194,973
106000155,115,237,-122
106000156,564,194,370
106000157,517,1198,-681
106000158,1810,861,949
106000159,2177,1530,647
106000160,345,2020,-1675
106000161,1164,280,884
106000162,265,845,-580
106000163,361,315,46
106000164,299,335,-36
106000165,213,412,-199
106000166,618,291,327
106000167,370,764,-394
106000168,425,223,202
106000169,260,514,-254
106000170,858,222,636
106000171,423,977,-554
106000172,2420,1229,1191
106000173,1031,2036,-1005
106000174,951,320,631
106000175,248,661,-413
106000176,1290,888,402
106000177,593,1758,-1165
106000178,2730,1601,1129
106000179,811,1798,-987
106000180,681,924,-243
106000181,676,1269,-593
106000182,1102,689,413
106000183,1132,504,628
106000184,1715,553,1162
106000185,867,983,-116
106000186,756,145,611
106000187,167,779,-612
106000188,0,4,-4
106000189,17,46,-29
106000190,18,0,18
106000191,531,177,354
106000192,3,15,-12
106000193,373,178,195
106000194,125,251,-126
106000195,552,163,389
106000196,143,377,-234
106000197,498,240,258
106000198,157,212,-55
106000199,1301,582,719
106000200,201,242,-41
106000201,380,1960,-1580
106000202,2999,488,2511
106000203,52,166,-114
106000204,105,7,98
106000205,15,124,-109
106000206,105,14,91
106000207,27,735,-708
106000208,1116,202,914
106000209,1226,420,806
106000210,511,794,-283
106000211,279,871,-592
106000212,625,426,199
106000213,505,1621,-1116
106000214,2116,563,1553
106000215,222,399,-177
106000216,289,261,28
106000217,286,377,-91
106000218,413,354,59
106000219,170,308,-138
106000220,301,232,69
106000221,194,207,-13
106000222,62,75,-13
106000223,194,86,108
106000224,182,151,31
106000225,121,114,7
106000226,104,217,-113
106000228,32,73,-41
106000229,113,635,-522
106000231,801,96,705
106000232,127,268,-141
106000233,478,103,375
106000234,208,175,33
106000235,517,98,419
106000236,248,93,155
106000237,10,18,-8
106000238,58,26,32
106000239,5,106,-101
106000240,61,10,51
106000241,14,618,-604
106000242,245,45,200
106000249,39,57,-18
106000250,90,413,-323
106000251,91,23,68
106000252,31,80,-49
106000253,42,59,-17
106000254,48,52,-4
106000255,13,150,-137
106000256,50,52,-2
106000257,130,162,-32
106000258,234,22,212
106000259,12,54,-42
106000260,43,6,37
106000261,6,32,-26
106000262,76,14,62
106000263,18,48,-30
106000264,164,14,150
106000265,9,141,-132
106000266,148,18,130
106000267,3,72,-69
106000268,411,52,359
106000269,59,24,35
106000270,104,375,-271
106000271,95,193,-98
106000272,204,46,158
106000273,9,234,-225
106000274,167,47,120
106000275,100,225,-125
106000276,130,26,104
106000277,115,246,-131
106000278,149,45,104
106000279,16,37,-21
106000280,72,60,12
106000281,85,46,39
106000282,65,72,-7
106000283,113,43,70
106000284,62,74,-12
106000285,104,80,24
106000286,92,113,-21
106000287,86,44,42
106000288,63,145,-82
106000289,81,61,20
106000290,51,93,-42
106000291,84,66,18
106000292,66,97,-31
106000293,105,80,25
106000294,115,125,-10
106000295,55,32,23
106000296,30,79,-49
106000297,50,183,-133
106000298,90,61,29
106000299,100,110,-10
106000300,79,80,-1
106000301,53,113,-60
106000303,10,62,-52
106000304,21,23,-2
106000305,47,51,-4
106000306,40,36,4
106000307,39,27,12
106000308,9,88,-79
106000309,11,78,-67
106000310,305,388,-83
106000311,337,152,185
106000312,105,126,-21
106000313,209,178,31
106000318,94,424,-330
106000319,934,258,676
106000320,1,58,-57
106000321,256,91,165
106000322,142,113,29
106000324,11,120,-109
106000325,1356,851,505
106000326,1338,1754,-416
106000327,138,99,39
106000328,54,97,-43
106000329,437,200,237
106000330,177,84,93
106000428,78,183,-105
106000429,131,446,-315
106000430,333,1061,-728
106000431,2102,402,1700
106000432,1764,2592,-828
106000433,2197,1325,872
106000434,2732,1258,1474
106000435,1186,2090,-904
106000436,13,200,-187
106000437,262,43,219
106000438,422,161,261
106000439,59,432,-373
106000440,229,453,-224
106000441,2,0,2
106000442,202,9,193
106000443,123,244,-121
106000450,4,123,-119
106000451,35,74,-39
106000454,3,176,-173
106000455,9,196,-187
106000456,78,30,48
106000457,13,733,-720
106000458,585,95,490
106000459,160,305,-145
106000460,1344,18,1326
106000461,84,919,-835
106000462,1,34,-33
106000463,4,15,-11
106000464,12,368,-356
106000465,704,3,701
106000466,1,415,-414
106000467,306,411,-105
106000468,71,125,-54
106000469,143,0,143
106000470,265,1312,-1047
106000471,21,442,-421
106000472,159,12,147
106000473,32,19,13
106000474,449,400,49
106000475,378,220,158
106000476,160,183,-23
106000477,51,138,-87
106000480,2,238,-236
106900001,0,10,-10
106900002,2,313,-311
106900003,201,836,-635
106900004,0,19,-19
106900006,0,6,-6
106900007,0,7,-7
106900008,252,144,108
106900009,238,223,15
106900010,172,205,-33
106900012,1120,1625,-505
106900013,538,157,381
106900014,31,10,21
106900015,16,10,6
106900016,216,13,203
106900017,6,3,3
106900018,0,0,0
106900019,49,1,48
106900020,1745,1022,723
106900021,190,121,69
106900022,669,1,668
106900023,8,194,-186
106900024,524,44,480
106900025,41,397,-356
106900026,1,396,-395
106900027,803,3,800
107000001,3390,3026,364
107000002,1908,3191,-1283
107000003,5038,5496,-458
107000004,3472,3824,-352
107000005,3981,4955,-974
107000006,4003,3391,612
107000007,5171,8633,-3462
107000008,8285,6357,1928
107000009,6786,6850,-64
107000010,9682,8930,752
107000011,1161,1123,38
107000012,3376,2553,823
107000013,177,143,34
107000014,50,179,-129
107000015,416,554,-138
107000016,598,622,-24
107000017,2716,1749,967
107000018,26,1111,-1085
107000020,1932,1550,382
107000021,1289,527,762
107000022,849,1514,-665
107000023,2921,305,2616
107000024,638,1343,-705
107000025,202,410,-208
107000026,349,409,-60
107000027,1411,1212,199
107000028,1295,1241,54
107000029,3131,3146,-15
107000030,3126,2709,417
107000031,3682,2540,1142
107000032,419,818,-399
107000033,2434,3712,-1278
107000034,2785,1263,1522
107000035,336,208,128
107000036,374,1046,-672
107000037,87,689,-602
107000038,227,265,-38
107000039,779,806,-27
107000040,173,297,-124
107000041,1289,577,712
107000042,664,1709,-1045
107000043,2371,1115,1256
107000044,524,277,247
107000045,98,229,-131
107000046,771,403,368
107000047,452,680,-228
107000048,644,278,366
107000049,624,711,-87
107000050,1040,534,506
107000051,306,325,-19
107000052,1152,961,191
107000053,319,217,102
107000054,66,288,-222
107000055,398,138,260
107000056,512,686,-174
107000057,1622,233,1389
107000058,1930,2076,-146
107000059,1760,2922,-1162
107000060,3807,4644,-837
107000061,4114,2917,1197
107000062,4010,2730,1280
107000063,3658,4033,-375
107000064,4134,2177,1957
107000065,3758,3916,-158
107000066,1803,2348,-545
107000067,1079,1162,-83
107000068,1296,748,548
107000069,845,511,334
107000070,1244,21,1223
107000071,2834,54,2780
107000072,69,2073,-2004
107000073,775,386,389
107000074,186,1128,-942
107000075,1476,603,873
107000076,539,1057,-518
107000077,3345,1459,1886
107000078,2477,2536,-59
107000079,2542,1124,1418
107000080,1140,2778,-1638
107000081,1768,590,1178
107000082,401,1080,-679
107000083,1137,418,719
107000084,452,1877,-1425
107000085,2695,2928,-233
107000086,3538,3209,329
107000087,2771,1825,946
107000088,3088,3243,-155
107000089,1387,1598,-211
107000090,1061,1091,-30
107000091,1349,731,618
107000092,789,917,-128
107000093,1148,790,358
107000094,1260,1281,-21
107000095,638,600,38
107000096,575,730,-155
107000097,753,438,315
107000098,706,714,-8
107000099,580,277,303
107000100,236,363,-127
107000101,67,153,-86
107000102,214,303,-89
107000103,284,192,92
107000104,175,249,-74
107000105,341,152,189
107000106,537,208,329
107000107,537,171,366
107000108,219,483,-264
107000109,641,167,474
107000110,58,396,-338
107000111,312,47,265
107000112,49,241,-192
107000113,638,148,490
107000114,113,466,-353
107000115,547,168,379
107000116,88,588,-500
107000117,123,569,-446
107000118,138,127,11
107000119,1207,1330,-123
107000120,1037,398,639
107000121,842,684,158
107000122,1218,738,480
107000123,471,593,-122
107000124,488,687,-199
107000125,894,590,304
107000126,867,615,252
107000129,219,652,-433
107000130,565,226,339
107000131,358,518,-160
107000132,441,321,120
107000133,775,92,683
107000134,298,3,295
107000135,0,256,-256
107000136,788,9,779
107000137,7,414,-407
107000138,423,31,392
107000139,42,432,-390
107000140,1345,102,1243
107000141,225,798,-573
107000142,554,98,456
107000143,84,581,-497
107000144,751,373,378
107000145,182,434,-252
107000146,195,336,-141
107000147,4089,1070,3019
107000150,478,2233,-1755
107000151,26,113,-87
107000152,428,1223,-795
107000153,156,331,-175
107000154,259,266,-7
107000155,767,10,757
107000156,1052,38,1014
107000157,101,1243,-1142
107000158,695,33,662
107000159,49,786,-737
107000160,972,126,846
107000161,90,1250,-1160
107000162,311,519,-208
107000163,212,29,183
107000164,898,0,898
107000165,836,7,829
107000166,38,1021,-983
107000167,556,249,307
107000168,1031,497,534
107000169,725,932,-207
107000170,1949,901,1048
107000171,740,1313,-573
107000172,1071,1308,-237
107000173,688,1040,-352
107000174,935,4195,-3260
107000175,5868,1783,4085
107000176,0,0,0
107000177,0,3,-3
107000178,22,34,-12
107000179,229,1648,-1419
107000180,1201,281,920
107000181,376,961,-585
107000182,1581,880,701
107000183,148,615,-467
107000184,1026,663,363
107000185,395,1001,-606
107000186,999,384,615
107000187,1176,1090,86
107000188,560,624,-64
107000189,421,933,-512
107000190,560,634,-74
107000191,834,1126,-292
107000192,1554,713,841
107000193,365,468,-103
107000194,910,604,306
107000197,801,264,537
107000198,281,622,-341
107000199,609,584,25
107000200,586,580,6
107000201,469,293,176
107000202,348,476,-128
107000203,829,803,26
107000204,957,1210,-253
107000205,1865,829,1036
107000206,798,1311,-513
107000207,656,835,-179
107000208,898,477,421
107000209,1492,1123,369
107000210,656,299,357
107000211,9,50,-41
107000212,13,261,-248
107000213,3,18,-15
107000214,5,115,-110
107000215,320,263,57
107000216,376,347,29
107000217,166,95,71
107000219,76,134,-58
107000220,173,147,26
107000222,281,562,-281
107000224,479,103,376
107000225,1149,433,716
107000226,421,101,320
107000227,207,229,-22
107000228,104,254,-150
107000229,146,155,-9
107000230,1032,419,613
107000231,1432,1677,-245
107000232,122,49,73
107000233,1113,787,326
107000234,1,24,-23
107000235,71,8,63
107000236,18,489,-471
107000237,33,1,32
107000238,80,1,79
107000239,3165,453,2712
107000240,117,1029,-912
107000243,0,31,-31
107000244,1,66,-65
107000246,4,950,-946
107000249,2,1071,-1069
107000251,1,383,-382
107000252,3,1071,-1068
107000255,233,116,117
107000257,1,391,-390
107000258,2,84,-82
107000259,2,164,-162
107000260,692,5,687
107000262,11,487,-476
107000263,221,21,200
107000266,3,9,-6
107000267,121,118,3
107000268,89,131,-42
107000269,429,94,335
107000270,3,14,-11
107000271,11,475,-464
107000272,16,114,-98
107000273,9,218,-209
107000274,1055,8,1047
107000275,827,2315,-1488
107000280,710,32,678
107000281,52,741,-689
107000282,88,771,-683
107000290,7,28,-21
107000291,19,15,4
107000292,1,112,-111
107000293,96,1,95
107000294,0,30,-30
107000295,107,4,103
107000296,1,10,-9
107000444,259,5,254
107000496,1,21,-20
107000497,1211,1834,-623
107000500,313,304,9
107000501,127,138,-11
107000502,170,339,-169
107000505,318,669,-351
107000506,0,53,-53
107000508,3,616,-613
107000509,270,752,-482
107000510,51,15,36
107000514,49,310,-261
107000515,12,184,-172
107000516,315,222,93
107000518,1164,1157,7
107000519,1515,1011,504
107000520,76,39,37
107000521,552,367,185
107000522,1067,531,536
107900001,63,153,-90
107900002,57,8,49
107900003,228,65,163
107900004,4,0,4
107900005,1217,4,1213
107900006,172,5,167
107900007,266,50,216
107900008,134,26,108
107900009,107,0,107
107900010,38,5,33
107900012,204,31,173
107900013,182,30,152
107900014,47,5,42
107900015,798,7,791
107900016,365,77,288
107900017,15,1,14
107900018,39,117,-78
107900019,23,43,-20
107900020,52,27,25
107900021,66,110,-44
107900023,3,0,3
107900024,1,31,-30
107900025,169,179,-10
107900026,59,42,17
107900027,61,38,23
107900028,67,61,6
107900030,177,44,133
107900031,81,59,22
107900032,15,2,13
107900033,12,4,8
107900034,304,19,285
107900035,668,47,621
107900036,72,13,59
107900037,0,21,-21
107900038,87,163,-76
107900039,34,58,-24
107900040,59,113,-54
107900041,4,2,2
107900043,44,80,-36
107900044,8,13,-5
107900045,89,34,55
107900046,134,180,-46
107900047,37,52,-15
107900048,211,11,200
107900049,296,1076,-780
107900050,163,251,-88
107900051,88,51,37
107900052,38,45,-7
107900053,42,56,-14
107900055,421,191,230
107900056,84,62,22
107900057,2,0,2
107900058,33,393,-360
107900060,181,44,137
107900061,13,4,9
107900063,80,113,-33
107900064,207,139,68
107900065,159,15,144
107900066,25,5,20
107900067,0,0,0
107900068,79,440,-361
107900069,47,1795,-1748
107900070,97,27,70
107900071,36,402,-366
107900072,131,105,26
107900073,211,88,123
107900074,646,279,367
107900076,105,34,71
107900077,63,0,63
107900079,10,29,-19
107900080,169,659,-490
107900081,50,77,-27
107900082,24,13,11
107900083,248,118,130
107900084,108,123,-15
107900086,76,153,-77
107900087,465,139,326
107900088,48,6,42
107900089,220,641,-421
107900090,555,1895,-1340
107900091,177,305,-128
107900093,80,89,-9
107900095,2659,1926,733
107900097,13,48,-35
107900098,37,195,-158
107900100,762,1036,-274
107900101,748,168,580
107900102,25,6,19
107900103,44,128,-84
107900104,191,9,182
107900105,4,338,-334
107900106,1,824,-823
107900107,1390,430,960
107900108,200,121,79
107900109,1051,11,1040
107900110,53,104,-51
107900111,12,621,-609
107900112,72,273,-201
107900113,197,98,99
107900114,150,130,20
107900115,1,30,-29
107900116,127,147,-20
107900117,288,266,22
107900118,83,122,-39
107900119,67,250,-183
107900120,21,38,-17
107900121,9,156,-147
107900122,3,69,-66
107900123,4,30,-26
107900124,24,58,-34
107900125,26,161,-135
107900126,4,50,-46
107900127,406,247,159
107900128,67,93,-26
107900129,81,54,27
107900130,52,39,13
107900131,570,274,296
107900132,122,276,-154
107900133,4,66,-62
107900134,29,89,-60
107900135,7,153,-146
107900136,51,46,5
107900137,107,102,5
107900138,75,105,-30
107900139,43,133,-90
107900141,42,41,1
107900142,59,547,-488
107900143,138,17,121
107900144,1,126,-125
107900145,11,84,-73
107900146,27,92,-65
107900147,45,37,8
107900148,130,90,40
107900149,647,186,461
107900150,65,506,-441
107900151,40,91,-51
107900152,8,139,-131
107900153,109,231,-122
107900154,58,25,33
107900155,57,68,-11
107900156,2,258,-256
107900157,36,50,-14
107900158,765,27,738
107900159,35,547,-512
107900160,112,239,-127
107900161,29,144,-115
107900162,12,49,-37
107900163,30,43,-13
107900164,6,57,-51
107900165,35,122,-87
107900166,15,152,-137
107900167,21,60,-39
107900168,29,41,-12
107900169,1,148,-147
107900171,15,906,-891
107900172,0,214,-214
107900173,19,96,-77
107900174,105,4,101
107900175,74,85,-11
107900176,24,34,-10
107900177,0,154,-154
107900178,0,143,-143
107900179,13,145,-132
107900180,436,467,-31
107900181,919,249,670
107900182,3,778,-775
107900183,37,162,-125
107900184,98,234,-136
107900185,110,8,102
107900186,21,33,-12
107900187,0,113,-113
107900188,542,102,440
107900189,8,64,-56
107900190,47,155,-108
107900191,37,79,-42
107900193,19,61,-42
107900194,116,15,101
107900195,1842,273,1569
107900196,146,111,35
107900197,782,363,419
107900199,3,885,-882
107900201,64,102,-38
107900203,32,44,-12
107900204,222,132,90
107900206,755,334,421
107900207,0,523,-523
107900208,9,430,-421
107900209,347,86,261
107900210,71,79,-8
107900213,435,442,-7
107900214,28,84,-56
107900215,118,233,-115
107900216,168,63,105
107900217,38,95,-57
107900218,18,1484,-1466
107900219,25,80,-55
107900220,189,206,-17
107900221,156,164,-8
107900223,107,453,-346
107900224,78,254,-176
107900225,5,501,-496
107900226,120,94,26
107900227,111,311,-200
107900228,13,110,-97
107900229,1,233,-232
107900230,19,77,-58
107900231,25,163,-138
107900232,85,105,-20
107900233,9,85,-76
107900234,87,121,-34
107900235,39,113,-74
107900236,107,104,3
107900237,49,362,-313
107900238,29,61,-32
107900239,639,432,207
107900240,38,84,-46
107900241,16,68,-52
107900242,15,155,-140
107900243,2,50,-48
107900244,314,1,313
107900245,516,24,492
107900246,547,24,523
107900248,298,187,111
107900249,610,39,571
107900250,2,357,-355
107900251,95,1063,-968
107900252,855,27,828
107900253,153,4,149
107900254,51,299,-248
107900255,260,86,174
107900256,1336,1710,-374
107900257,154,102,52
107900258,99,159,-60
107900259,69,1526,-1457
107900261,2,177,-175
107900262,160,80,80
107900264,382,14,368
107900265,199,127,72
107900267,234,23,211
107900268,20,5,15
107900269,1,4,-3
107900270,0,1,-1
107900271,4,17,-13
107900272,108,26,82
107900273,27,41,-14
107900274,72,0,72
107900275,20,1,19
107900276,0,71,-71
107900277,1,179,-178
107900278,310,348,-38
107900279,85,187,-102
107900280,1538,1567,-29
107900281,1026,2077,-1051
107900282,22,384,-362
107900283,690,431,259
107900284,416,420,-4
107900285,87,55,32
107900286,80,79,1
107900287,160,148,12
107900290,0,109,-109
107900291,406,19,387
107900292,100,146,-46
107900293,65,362,-297
107900295,36,22,14
107900297,1,307,-306
107900298,616,679,-63
107900299,2387,2012,375
107900301,579,652,-73
107900302,74,37,37
107900303,260,206,54
107900304,249,333,-84
107900305,278,13,265
107900306,12,20,-8
107900307,67,239,-172
107900308,183,110,73
107900309,88,1,87
107900310,396,1,395
107900311,8,521,-513
107900312,42,0,42
107900313,1,193,-192
107900314,4,56,-52
107900315,0,42,-42
107900316,36,2,34
107900317,80,29,51
107900318,19,104,-85
107900319,2,124,-122
107900320,0,136,-136
107900321,104,3,101
107900322,3,142,-139
107900323,3,104,-101
107900324,111,3,108
107900325,96,0,96
107900326,250,160,90
107900327,4,41,-37
107900328,110,0,110
107900329,56,68,-12
107900330,5,230,-225
107900331,211,21,190
107900332,187,28,159
107900333,61,20,41
107900334,14,142,-128
107900335,52,34,18
107900336,38,41,-3
107900337,857,716,141
107900338,3,122,-119
107900339,2,15,-13
107900340,1,44,-43
107900341,56,5,51
107900342,162,130,32
107900343,27,2,25
107900344,5,49,-44
107900345,82,19,63
107900346,10,2,8
107900347,21,5,16
107900348,14,4,10
107900349,14,1,13
107900350,21,194,-173
107900351,1,131,-130
107900352,2,20,-18
107900353,11,16,-5
107900354,17,55,-38
108000001,2614,2938,-324
108000002,1696,2007,-311
108000003,3087,3194,-107
108000004,10236,11942,-1706
108000005,7295,6239,1056
108000006,6495,6534,-39
108000007,4697,3711,986
108000008,4340,5445,-1105
108000009,3137,4118,-981
108000010,2893,3750,-857
108000011,10823,10907,-84
108000012,14416,13673,743
108000014,1172,622,550
108000015,825,267,558
108000016,288,570,-282
108000017,977,370,607
108000018,2190,573,1617
108000019,1948,847,1101
108000020,1395,548,847
108000021,278,1476,-1198
108000022,391,1083,-692
108000023,1065,198,867
108000024,354,549,-195
108000025,209,65,144
108000026,864,479,385
108000027,664,522,142
108000028,921,254,667
108000029,648,693,-45
108000030,464,217,247
108000031,249,545,-296
108000032,1463,778,685
108000033,665,945,-280
108000034,1404,550,854
108000035,636,1626,-990
108000036,335,831,-496
108000037,1527,412,1115
108000038,2200,646,1554
108000039,458,1532,-1074
108000040,1747,922,825
108000041,567,1872,-1305
108000042,301,211,90
108000043,231,402,-171
108000044,458,178,280
108000045,309,319,-10
108000046,1334,336,998
108000047,406,721,-315
108000048,143,356,-213
108000049,906,234,672
108000050,286,567,-281
108000051,365,160,205
108000052,146,478,-332
108000053,399,233,166
108000054,495,830,-335
108000055,937,479,458
108000056,1461,1540,-79
108000057,523,1106,-583
108000058,1700,3350,-1650
108000059,2894,1702,1192
108000060,189,576,-387
108000061,299,434,-135
108000062,751,554,197
108000063,459,348,111
108000064,226,232,-6
108000065,565,467,98
108000066,1334,692,642
108000067,1574,598,976
108000068,680,350,330
108000069,199,818,-619
108000070,1725,763,962
108000071,639,1160,-521
108000072,1573,1150,423
108000073,1182,1439,-257
108000074,569,392,177
108000075,350,693,-343
108000076,722,551,171
108000077,549,566,-17
108000078,1894,1466,428
108000079,592,961,-369
108000080,1249,563,686
108000081,815,1523,-708
108000082,845,1485,-640
108000083,1630,978,652
108000084,336,965,-629
108000085,702,490,212
108000086,696,470,226
108000087,112,1747,-1635
108000088,653,200,453
108000089,285,280,5
108000091,258,325,-67
108000092,155,75,80
108000093,158,468,-310
108000094,464,85,379
108000095,131,266,-135
108000096,296,170,126
108000097,164,349,-185
108000098,1570,1120,450
108000099,1139,300,839
108000100,128,429,-301
108000101,1242,1317,-75
108000102,1596,3371,-1775
108000106,1097,2,1095
108000107,1,632,-631
108000108,808,50,758
108000109,7,635,-628
108000110,178,283,-105
108000111,186,476,-290
108000112,42,161,-119
108000113,459,212,247
108000115,307,251,56
108000117,540,309,231
108000118,573,1689,-1116
108000119,610,306,304
108000120,138,703,-565
108000121,206,357,-151
108000122,526,294,232
108000123,1821,193,1628
108000124,626,277,349
108000125,435,273,162
108000126,191,366,-175
108000127,542,393,149
108000128,551,442,109
108000129,342,645,-303
108000130,493,287,206
108000131,783,610,173
108000132,1545,1036,509
108000133,827,554,273
108000134,578,503,75
108000135,1102,447,655
108000136,413,1181,-768
108000137,503,309,194
108000138,421,831,-410
108000139,503,329,174
108000140,110,33,77
108000141,55,71,-16
108000142,49,67,-18
108000143,37,340,-303
108000144,415,77,338
108000145,42,17,25
108000146,508,63,445
108000147,46,22,24
108000148,573,113,460
108000149,16,14,2
108000150,43,14,29
108000151,234,82,152
108000152,132,412,-280
108000153,487,162,325
108000154,58,11,47
108000155,48,26,22
108000156,694,386,308
108000157,121,842,-721
108000158,101,684,-583
108000159,404,227,177
108000160,2444,1009,1435
108000161,1976,1822,154
108000165,3,134,-131
108000172,7,246,-239
108000173,1480,1651,-171
108000175,480,165,315
108000178,360,283,77
108000179,180,695,-515
108000181,55,35,20
108000182,219,112,107
108000183,60,413,-353
108000184,847,1975,-1128
108000185,211,379,-168
108000186,361,413,-52
108000187,183,372,-189
108000188,581,214,367
108000189,1642,6942,-5300
108000190,82,327,-245
108000192,218,493,-275
108000193,650,25,625
108000194,33,13,20
108000195,6,718,-712
108000196,575,199,376
108000198,663,340,323
108000199,1,195,-194
108000200,447,394,53
108000203,109,469,-360
108000204,160,93,67
108000205,254,306,-52
108000339,1109,405,704
108000364,255,537,-282
108000365,67,283,-216
108000367,98,267,-169
108000368,27,72,-45
108000369,839,208,631
108000371,10,579,-569
108000372,683,8,675
108000373,237,151,86
108000376,104,31,73
108000377,389,217,172
108000378,8183,9383,-1200
108000379,14,168,-154
108000381,67,18,49
108000382,191,2,189
108000383,0,188,-188
108900001,69,1006,-937
108900002,156,56,100
108900003,267,471,-204
108900004,215,395,-180
108900007,281,189,92
108900008,94,144,-50
108900009,106,96,10
108900010,204,145,59
108900011,506,333,173
108900012,313,341,-28
108900013,148,226,-78
108900014,18,93,-75
108900015,14,103,-89
108900016,5,242,-237
108900017,315,369,-54
108900018,151,272,-121
108900019,29,581,-552
108900020,46,157,-111
108900021,120,185,-65
108900022,99,0,99
108900023,19,29,-10
108900024,43,87,-44
108900025,118,139,-21
108900026,22,88,-66
108900027,0,55,-55
108900028,98,243,-145
108900029,62,198,-136
108900030,0,48,-48
108900031,105,289,-184
108900032,11,155,-144
108900033,1,70,-69
108900034,0,156,-156
108900035,340,959,-619
108900038,1,248,-247
108900039,1,361,-360
108900040,1,83,-82
108900041,3847,2613,1234
108900042,5,357,-352
108900043,57,395,-338
108900044,3,351,-348
108900045,75,377,-302
108900046,30,541,-511
108900047,19,108,-89
108900048,100,658,-558
108900049,2205,1042,1163
108900050,2,153,-151
108900051,2,126,-124
108900052,27,135,-108
108900053,52,136,-84
108900054,69,155,-86
108900055,51,267,-216
108900056,0,126,-126
108900057,1,127,-126
108900058,45,256,-211
108900059,365,35,330
108900060,84,119,-35
108900061,82,20,62
108900062,2,175,-173
108900063,17,201,-184
108900064,153,52,101
108900065,16,194,-178
108900066,349,96,253
108900067,3,123,-120
108900068,6,120,-114
108900069,84,69,15
108900070,34,107,-73
108900071,84,55,29
108900072,1547,604,943
108900073,35,279,-244
108900074,180,285,-105
108900075,52,65,-13
108900076,268,63,205
108900077,122,339,-217
108900078,31,116,-85
108900079,678,154,524
108900080,27,610,-583
108900081,38,142,-104
108900082,72,68,4
108900083,22,235,-213
108900085,1788,136,1652
108900086,116,163,-47
108900087,113,132,-19
108900088,780,429,351
108900089,22,127,-105
108900090,51,210,-159
108900091,113,53,60
108900092,395,288,107
108900093,105,69,36
108900094,213,61,152
108900095,30,283,-253
108900096,291,19,272
108900097,320,171,149
108900098,1786,677,1109
108900099,342,190,152
108900100,76,103,-27
108900101,150,136,14
108900102,72,664,-592
108900103,87,147,-60
108900105,7,1033,-1026
108900106,416,230,186
108900108,298,40,258
108900109,293,104,189
108900110,212,335,-123
108900111,454,362,92
108900113,40,68,-28
108900114,80,11,69
108900115,69,65,4
108900116,49,11,38
108900117,159,15,144
108900118,470,30,440
108900119,248,24,224
108900120,269,173,96
108900121,236,111,125
108900122,119,16,103
108900123,141,122,19
108900124,414,170,244
108900125,358,4,354
108900126,113,23,90
108900127,152,14,138
108900128,113,31,82
108900129,647,139,508
108900130,279,1,278
108900131,295,4,291
108900132,454,70,384
108900133,175,51,124
108900134,336,226,110
108900135,114,8,106
108900136,30,1,29
108900137,120,2,118
108900138,712,38,674
108900140,248,192,56
108900141,300,32,268
108900142,105,1,104
108900143,62,1,61
108900144,93,0,93
108900145,164,8,156
108900146,65,0,65
108900147,253,1,252
108900148,74,32,42
108900150,206,2,204
108900151,188,2,186
108900152,157,3,154
108900153,124,265,-141
108900154,4101,407,3694
108900156,75,7,68
108900157,90,488,-398
108900158,316,24,292
108900159,2,165,-163
108900160,7,188,-181
108900161,9,349,-340
108900162,118,2,116
108900163,2,215,-213
108900164,74,73,1
108900168,5747,2082,3665
108900169,72,124,-52
108900171,5068,2365,2703
108900172,146,30,116
108900173,124,234,-110
108900174,727,489,238
108900176,97,308,-211
108900177,3969,4334,-365
108900178,2693,2639,54
108900180,89,267,-178
108900183,179,159,20
108900184,369,187,182
108900185,182,259,-77
108900186,53,318,-265
108900189,335,133,202
108900190,32,1979,-1947
108900192,90,191,-101
108900195,80,170,-90
108900196,28,251,-223
108900199,236,332,-96
108900200,473,345,128
108900201,359,1131,-772
108900203,331,126,205
108900204,281,15,266
108900205,135,20,115
108900206,341,46,295
108900207,182,63,119
108900208,11,217,-206
108900209,217,380,-163
108900210,121,157,-36
108900211,157,418,-261
108900212,484,1213,-729
108900215,53,336,-283
108900216,518,157,361
108900217,137,0,137
108900218,131,24,107
108900221,59,133,-74
108900224,21,150,-129
108900225,0,158,-158
108900227,74,265,-191
108900230,153,171,-18
108900232,1,167,-166
108900233,313,73,240
108900234,303,147,156
108900235,169,419,-250
108900236,21,177,-156
108900240,103,80,23
108900241,47,40,7
108900245,8,1044,-1036
108900250,134,83,51
108900258,16,147,-131
108900259,105,64,41
108900260,9,105,-96
108900261,117,122,-5
108900262,140,163,-23
108900263,25,146,-121
108900264,617,242,375
108900265,896,425,471
108900266,615,507,108
108900267,7,73,-66
108900268,18,3,15
108900269,82,6,76
108900270,76,5,71
108900271,50,14,36
108900272,168,10,158
108900273,792,822,-30
108900274,64,36,28
109000001,2621,1372,1249
109000002,1236,1298,-62
109000003,2245,401,1844
109000004,424,1812,-1388
109000005,2397,564,1833
109000006,649,1841,-1192
109000007,1138,613,525
109000008,445,1506,-1061
109000009,3365,1328,2037
109000010,1195,2560,-1365
109000011,2798,1890,908
109000012,1610,2837,-1227
109000013,2803,2587,216
109000014,1577,2375,-798
109000015,4404,8093,-3689
109000016,4901,2855,2046
109000017,2286,1162,1124
109000018,1169,2606,-1437
109000019,2409,1457,952
109000020,1110,1953,-843
109000023,280,28,252
109000024,5,139,-134
109000025,253,416,-163
109000026,688,245,443
109000027,87,295,-208
109000028,128,69,59
109000029,100,147,-47
109000030,75,555,-480
109000031,155,197,-42
109000032,140,421,-281
109000033,305,199,106
109000034,83,56,27
109000035,16,61,-45
109000036,80,269,-189
109000037,208,1129,-921
109000038,415,290,125
109000039,783,550,233
109000040,2423,5220,-2797
109000041,2301,1437,864
109000042,510,953,-443
109000044,478,171,307
109000045,289,335,-46
109000046,224,70,154
109000047,50,339,-289
109000048,1279,516,763
109000049,265,487,-222
109000050,542,701,-159
109000051,337,261,76
109000052,491,750,-259
109000053,1158,303,855
109000054,149,380,-231
109000055,198,298,-100
109000056,283,478,-195
109000057,504,467,37
109000058,1476,309,1167
109000059,622,958,-336
109000060,534,399,135
109000061,765,693,72
109000062,109,269,-160
109000063,210,117,93
109000064,557,179,378
109000065,121,201,-80
109000066,314,66,248
109000067,54,217,-163
109000068,2706,18,2688
109000069,1238,39,1199
109000070,10,1228,-1218
109000071,389,66,323
109000072,120,577,-457
109000073,52,66,-14
109000074,38,144,-106
109000075,79,297,-218
109000076,259,301,-42
109000077,372,305,67
109000078,99,145,-46
109000079,196,164,32
109000080,190,130,60
109000081,136,405,-269
109000082,671,214,457
109000083,319,636,-317
109000088,121,387,-266
109000089,271,50,221
109000090,150,308,-158
109000091,262,190,72
109000092,296,412,-116
109000093,156,200,-44
109000094,505,6,499
109000095,61,348,-287
109000096,602,292,310
109000097,67,146,-79
109000098,59,151,-92
109000099,998,233,765
109000100,229,518,-289
109000101,1359,552,807
109000102,268,582,-314
109000103,713,541,172
109000104,1544,533,1011
109000105,412,887,-475
109000106,1735,697,1038
109000107,485,1501,-1016
109000108,1556,553,1003
109000109,335,1351,-1016
109000110,1030,512,518
109000111,815,1485,-670
109000112,488,101,387
109000113,360,139,221
109000114,129,285,-156
109000115,1078,105,973
109000116,31,636,-605
109000117,192,58,134
109000118,16,294,-278
109000119,980,222,758
109000120,159,552,-393
109000121,594,93,501
109000122,143,496,-353
109000123,50,181,-131
109000124,551,354,197
109000125,669,285,384
109000126,470,660,-190
109000127,1246,287,959
109000128,457,1136,-679
109000129,1770,660,1110
109000130,778,1794,-1016
109000131,1417,982,435
109000132,1138,2156,-1018
109000133,368,682,-314
109000134,670,1142,-472
109000135,1080,1719,-639
109000136,345,262,83
109000137,261,334,-73
109000138,541,254,287
109000139,425,376,49
109000140,245,573,-328
109000141,724,441,283
109000142,129,378,-249
109000143,103,107,-4
109000145,81,310,-229
109000146,116,49,67
109000148,2399,1194,1205
109000149,35,41,-6
109000150,99,265,-166
109000155,572,546,26
109000156,889,572,317
109000158,110,261,-151
109000159,102,423,-321
109000160,780,193,587
109000161,244,733,-489
109000162,1538,642,896
109000163,798,1283,-485
109000164,1225,2248,-1023
109000165,1057,523,534
109000166,620,79,541
109000167,123,377,-254
109000170,48,59,-11
109000171,77,38,39
109000172,68,96,-28
109000173,34,63,-29
109000174,95,58,37
109000175,193,296,-103
109000176,255,192,63
109000177,26,117,-91
109000178,573,345,228
109000179,3455,4079,-624
109000180,3822,2808,1014
109000181,27,16,11
109000182,26,20,6
109000183,26,25,1
109000184,62,37,25
109000185,53,72,-19
109000188,371,1295,-924
109000189,2202,723,1479
109000190,453,417,36
109000191,346,354,-8
109000192,447,220,227
109000193,146,232,-86
109000194,256,159,97
109000195,115,227,-112
109000196,284,130,154
109000197,177,295,-118
109000198,344,63,281
109000199,125,347,-222
109000206,189,30,159
109000207,98,36,62
109000208,76,61,15
109000209,110,121,-11
109000210,187,448,-261
109000211,443,376,67
109000214,468,621,-153
109000215,138,65,73
109000216,265,249,16
109000217,302,119,183
109000218,278,161,117
109000221,450,925,-475
109000222,970,285,685
109000223,329,352,-23
109000224,39,121,-82
109000225,143,60,83
109000226,119,263,-144
109000227,839,842,-3
109000228,2,1119,-1117
109000231,55,250,-195
109000232,310,278,32
109000236,240,811,-571
109000241,2071,1889,182
109000242,1765,1315,450
109000293,128,226,-98
109000361,306,213,93
109000364,195,382,-187
109000396,4,370,-366
109000397,442,7,435
109000399,164,361,-197
109000400,63,254,-191
109000403,107,1353,-1246
109000406,335,8,327
109000407,196,163,33
109000408,1,513,-512
109000410,945,220,725
109000411,170,34,136
109000412,2,79,-77
109900001,102,0,102
109900002,704,15,689
109900003,283,0,283
109900005,49,4,45
109900006,317,129,188
109900007,652,379,273
109900008,0,34,-34
109900009,131,401,-270
109900010,427,17,410
109900011,89,27,62
109900012,384,189,195
109900013,333,146,187
109900014,416,65,351
109900015,505,296,209
109900016,168,22,146
109900017,168,335,-167
109900018,242,47,195
109900019,400,41,359
109900020,54,54,0
109900021,44,26,18
109900022,161,164,-3
109900023,16,3,13
109900024,24,13,11
109900025,15,12,3
109900027,46,60,-14
109900028,1149,943,206
109900029,2,170,-168
109900030,63,19,44
109900031,0,72,-72
109900032,15,237,-222
109900033,4,384,-380
109900034,58,9,49
109900035,21,19,2
109900036,19,49,-30
109900037,25,340,-315
109900038,105,181,-76
109900039,16,0,16
109900040,20,419,-399
109900041,47,260,-213
109900042,80,517,-437
109900044,103,212,-109
109900045,282,84,198
109900046,108,92,16
109900047,286,336,-50
109900048,4,76,-72
109900049,7,36,-29
109900050,0,134,-134
109900051,0,49,-49
109900052,90,246,-156
109900053,4,222,-218
109900054,450,169,281
109900055,49,233,-184
109900056,81,247,-166
109900057,8,127,-119
109900058,0,89,-89
109900060,407,135,272
109900061,50,210,-160
109900062,1,138,-137
109900064,470,214,256
109900065,82,121,-39
109900066,300,661,-361
109900067,1,165,-164
109900068,56,3,53
109900069,9,39,-30
109900071,3,29,-26
109900072,21,131,-110
109900073,330,311,19
109900074,10,25,-15
109900075,23,21,2
109900076,25,253,-228
109900077,36,30,6
109900078,86,192,-106
109900080,105,227,-122
109900081,23,219,-196
109900082,30,239,-209
109900083,26,52,-26
109900084,62,131,-69
109900085,186,531,-345
109900086,121,413,-292
109900087,396,468,-72
109900089,685,258,427
109900092,682,22,660
109900093,900,191,709
109900094,100,131,-31
109900095,167,153,14
109900096,35,4,31
109900097,79,0,79
109900098,399,28,371
109900099,172,1,171
109900100,43,0,43
109900101,425,16,409
109900102,397,13,384
109900103,30,32,-2
109900104,480,572,-92
109900105,436,27,409
109900106,326,74,252
109900107,615,113,502
109900108,113,270,-157
109900109,43,166,-123
109900111,229,588,-359
109900114,863,932,-69
109900115,204,78,126
109900117,760,125,635
109900121,376,530,-154
109900123,8,130,-122
109900125,1,104,-103
109900126,247,83,164
109900130,4599,1848,2751
109900131,52,108,-56
109900132,41,122,-81
109900134,69,90,-21
109900135,310,76,234
109900137,89,308,-219
109900140,227,132,95
109900149,24,89,-65
109900150,11,89,-78
109900151,9,46,-37
109900152,11,51,-40
109900153,0,53,-53
109900154,89,1,88
109900155,68,27,41
109900157,40,167,-127
109900159,156,47,109
109900161,226,96,130
109900162,135,108,27
109900163,471,206,265
109900164,66,178,-112
109900165,218,3,215
109900166,0,117,-117
109900167,148,368,-220
109900168,164,526,-362
109900169,200,183,17
109900170,203,706,-503
109900171,120,74,46
109900172,183,229,-46
109900173,2026,2021,5
109900174,41,98,-57
109900175,66,58,8
109900176,121,148,-27
109900177,69,153,-84
109900178,30,174,-144
109900179,184,17,167
109900180,6,18,-12
110000001,870,481,389
110000002,538,765,-227
110000003,726,647,79
110000004,451,657,-206
110000005,378,1589,-1211
110000006,350,298,52
110000007,92,90,2
110000008,10,64,-54
110000009,25,34,-9
110000010,52,64,-12
110000011,29,50,-21
110000012,456,293,163
110000013,33,536,-503
110000014,748,405,343
110000015,235,973,-738
110000016,180,1346,-1166
110000017,2872,227,2645
110000018,2031,352,1679
110000019,8,90,-82
110000020,384,163,221
110000021,590,387,203
110000022,616,154,462
110000023,15,129,-114
110000024,547,325,222
110000025,335,6,329
110000026,6,276,-270
110000027,874,897,-23
110000028,678,604,74
110000029,478,634,-156
110000030,250,404,-154
110000031,268,346,-78
110000032,653,423,230
110000033,299,169,130
110000034,560,634,-74
110000035,814,490,324
110000036,839,658,181
110000037,221,544,-323
110000038,226,621,-395
110000039,652,2449,-1797
110000040,576,329,247
110000041,299,1173,-874
110000042,155,512,-357
110000043,898,307,591
110000044,183,875,-692
110000045,1308,155,1153
110000046,21,122,-101
110000047,45,52,-7
110000048,11,62,-51
110000049,81,22,59
110000050,5,57,-52
110000051,48,14,34
110000052,11,26,-15
110000053,62,29,33
110000054,179,188,-9
110000055,539,91,448
110000056,229,110,119
110000057,357,544,-187
110000058,866,471,395
110000059,960,555,405
110000060,776,797,-21
110000061,735,639,96
110000062,553,816,-263
110000063,53,102,-49
110000064,71,53,18
110000065,64,47,17
110000066,77,44,33
110000067,96,133,-37
110000068,264,135,129
110000069,269,79,190
110000071,121,96,25
110000073,12,10,2
110000075,8,56,-48
110000076,239,314,-75
110000077,344,929,-585
110000078,28,23,5
110000080,227,531,-304
110000081,87,198,-111
110000082,48,248,-200
110000083,215,592,-377
110000084,1126,694,432
110000085,1520,1364,156
110000086,1273,2001,-728
110000087,15,43,-28
110000088,71,178,-107
110000089,292,77,215
110000090,472,167,305
110000091,882,275,607
110000092,21,58,-37
110000093,76,4,72
110000094,369,222,147
110000095,179,465,-286
110000096,1519,1604,-85
110000097,1076,1064,12
110000098,1790,623,1167
110000099,649,1353,-704
110000100,796,370,426
110000101,40,285,-245
110000102,96,22,74
110000104,364,121,243
110000105,50,214,-164
110000106,588,376,212
110000107,251,336,-85
110000108,107,46,61
110000109,232,201,31
110000110,2042,1216,826
110000111,2406,2020,386
110000112,1119,1209,-90
110000113,250,2002,-1752
110000114,182,448,-266
110000115,287,321,-34
110000116,68,42,26
110000117,185,229,-44
110000118,349,160,189
110000119,196,220,-24
110000120,314,197,117
110000121,104,297,-193
110000122,1055,524,531
110000123,487,616,-129
110000124,0,756,-756
110000125,911,23,888
110000126,368,53,315
110000127,1018,84,934
110000128,41,809,-768
110000129,4,513,-509
110000130,382,204,178
110000131,206,496,-290
110000132,1,641,-640
110000133,25,533,-508
110000134,10,296,-286
110000135,162,36,126
110000136,48,203,-155
110000137,412,442,-30
110000138,663,510,153
110000139,683,880,-197
110000140,858,587,271
110000143,619,347,272
110000144,4615,1779,2836
110000145,1784,1259,525
110000146,1377,678,699
110000147,440,538,-98
110000148,479,178,301
110000151,1052,1937,-885
110000152,1909,514,1395
110000153,47,20,27
110000154,13,14,-1
110000155,1051,3723,-2672
110000156,961,2152,-1191
110000157,1507,2089,-582
110000160,482,281,201
110000161,224,256,-32
110000166,452,87,365
110000167,736,519,217
110000168,824,488,336
110000169,810,333,477
110000170,168,49,119
110000171,502,140,362
110000172,159,636,-477
110000173,880,980,-100
110000174,153,649,-496
110000175,468,73,395
110000176,424,279,145
110000177,229,679,-450
110000178,340,1466,-1126
110000179,967,330,637
110000180,192,205,-13
110000181,382,431,-49
110000182,328,130,198
110000183,6392,5725,667
110000184,324,2074,-1750
110000185,1254,745,509
110000186,716,668,48
110000191,860,261,599
110000192,627,10,617
110000193,1085,19,1066
110000194,4,788,-784
110000195,435,291,144
110000196,372,257,115
110000197,90,128,-38
110000198,165,54,111
110000199,122,121,1
110000200,1304,483,821
110000201,883,828,55
110000202,1124,472,652
110000203,680,605,75
110000204,3,230,-227
110000205,127,49,78
110000206,545,950,-405
110000207,973,375,598
110000208,189,228,-39
110000209,168,808,-640
110000210,1007,439,568
110000211,767,733,34
110000212,362,838,-476
110000213,166,68,98
110000214,280,109,171
110000215,166,267,-101
110000216,77,220,-143
110000217,265,177,88
110000218,149,204,-55
110000219,319,67,252
110000220,66,194,-128
110000221,290,50,240
110000222,70,186,-116
110000223,2,180,-178
110000224,57,10,47
110000225,256,548,-292
110000226,192,55,137
110000227,679,658,21
110000228,296,165,131
110000229,2,190,-188
110000230,567,588,-21
110000231,157,147,10
110000232,577,257,320
110000233,272,225,47
110000234,872,1207,-335
110000235,892,1062,-170
110000236,576,563,13
110000237,1859,1102,757
110000238,1065,1350,-285
110000239,1707,1059,648
110000240,0,46,-46
110000242,0,9,-9
110000243,84,86,-2
110000244,131,300,-169
110000245,49,315,-266
110000246,727,479,248
110000247,839,2119,-1280
110000248,1491,543,948
110000249,75,7,68
110000250,51,144,-93
110000251,307,399,-92
110000252,210,188,22
110000253,1169,547,622
110000254,652,943,-291
110000255,228,769,-541
110000256,344,232,112
110000257,513,206,307
110000258,13,327,-314
110000259,123,18,105
110000260,26,193,-167
110000263,342,84,258
110000264,312,341,-29
110000265,956,1470,-514
110000266,1673,2379,-706
110000267,15,140,-125
110000268,227,304,-77
110000269,1,46,-45
110000270,37,3,34
110000271,1058,191,867
110000272,957,1019,-62
110000273,2780,1416,1364
110000274,148,1116,-968
110000275,1552,418,1134
110000276,249,370,-121
110000277,230,258,-28
110000278,455,645,-190
110000279,708,698,10
110000280,376,415,-39
110000281,56,363,-307
110000282,229,21,208
110000283,75,120,-45
110000284,52,47,5
110000285,1,513,-512
110000286,28,1,27
110000287,65,0,65
110000288,2,102,-100
110000289,336,1595,-1259
110000290,715,548,167
110000291,2142,577,1565
110000292,1079,3461,-2382
110000293,669,1566,-897
110000294,848,902,-54
110000295,936,1297,-361
110000296,374,254,120
110000297,1926,297,1629
110000298,190,508,-318
110000299,259,80,179
110000301,265,21,244
110000302,386,766,-380
110000303,383,4,379
110000304,206,210,-4
110000305,867,24,843
110000306,120,635,-515
110000307,1185,7,1178
110000308,398,5,393
110000309,31,724,-693
110000310,641,46,595
110000311,40,1601,-1561
110000312,509,73,436
110000313,1831,2721,-890
110000314,2,200,-198
110000315,2647,2489,158
110000316,576,1398,-822
110000317,538,520,18
110000318,4,52,-48
110000319,36,20,16
110000320,79,38,41
110000321,5,36,-31
110000322,332,283,49
110000323,516,177,339
110000324,2390,957,1433
110000325,2351,2373,-22
110000327,443,283,160
110000328,263,403,-140
110000333,855,511,344
110000334,666,794,-128
110000335,702,367,335
110000336,610,936,-326
110000337,1198,494,704
110000338,471,190,281
110000339,351,206,145
110000340,162,142,20
110000341,456,678,-222
110000342,310,4,306
110000343,2,24,-22
110000344,1183,150,1033
110000345,1417,174,1243
110000346,2030,1632,398
110000347,966,598,368
110000348,13,16,-3
110000349,16,22,-6
110000350,48,6,42
110000351,868,678,190
110000352,626,1218,-592
110000353,2414,619,1795
110000354,1248,3110,-1862
110000355,83,55,28
110000356,937,4,933
110000357,312,10,302
110000361,18,37,-19
110000362,52,4,48
110000363,293,128,165
110000364,190,275,-85
110000365,154,8,146
110000366,0,73,-73
110000367,334,137,197
110000368,2,46,-44
110000369,93,4,89
110000373,13,201,-188
110000374,217,21,196
110000375,108,1107,-999
110000376,40,113,-73
110000377,79,409,-330
110000378,24,283,-259
110000379,2180,1547,633
110000380,58,11,47
110000383,3,1152,-1149
110000384,1810,1086,724
110000385,2,307,-305
110000387,70,14,56
110000388,32,176,-144
110000389,761,7,754
110000391,625,263,362
110000396,168,155,13
110000397,138,124,14
110000398,12,48,-36
110000399,105,1,104
110000587,210,53,157
110000589,226,195,31
110000640,163,76,87
110000652,41,274,-233
110000653,312,425,-113
110000654,181,547,-366
110000656,2,527,-525
110000674,22,6,16
110000675,10,9,1
110000676,22,17,5
110000679,334,1126,-792
110000682,118,166,-48
110000683,304,409,-105
110000684,2,35,-33
110000685,3,10,-7
110000686,2,17,-15
110000687,24,3,21
110000688,74,796,-722
110000689,36,22,14
110000692,32,133,-101
110000693,105,236,-131
110000694,0,211,-211
110000695,341,846,-505
110000696,55,50,5
110000698,187,1371,-1184
110000699,867,401,466
110900001,173,13,160
110900002,325,154,171
110900003,686,417,269
110900004,386,150,236
110900005,1789,1874,-85
110900006,90,6,84
110900007,115,34,81
110900008,16,49,-33
110900009,363,126,237
110900010,27,41,-14
110900011,17,72,-55
110900012,9,60,-51
110900013,974,139,835
110900014,362,25,337
110900015,454,546,-92
110900016,49,110,-61
110900017,302,40,262
110900018,353,55,298
110900019,159,14,145
110900020,72,220,-148
110900021,119,383,-264
110900022,88,217,-129
110900023,72,409,-337
110900024,7,259,-252
110900025,5,60,-55
110900027,36,112,-76
110900028,38,79,-41
110900029,10,208,-198
110900030,35,142,-107
110900031,8,134,-126
110900032,0,47,-47
110900033,44,113,-69
110900035,10,416,-406
110900036,96,18,78
110900037,51,21,30
110900038,595,166,429
110900039,4,204,-200
110900040,179,26,153
110900041,14,88,-74
110900042,126,44,82
110900043,3,86,-83
110900044,172,24,148
110900045,31,215,-184
110900046,28,182,-154
110900047,391,254,137
110900049,62,51,11
110900050,24,4,20
110900051,34,203,-169
110900052,7,136,-129
110900053,130,40,90
110900054,37,141,-104
110900055,24,0,24
110900056,40,96,-56
110900057,6,111,-105
110900058,195,173,22
110900059,477,426,51
110900060,332,126,206
110900061,20,37,-17
110900062,127,135,-8
110900063,36,269,-233
110900064,15,0,15
110900065,303,145,158
110900066,6,95,-89
110900067,229,458,-229
110900068,202,170,32
110900069,1,19,-18
110900070,125,78,47
110900071,234,497,-263
110900073,1,19,-18
110900074,227,74,153
110900075,290,46,244
110900077,825,573,252
110900078,40,44,-4
110900079,2204,1248,956
110900080,122,85,37
110900081,13,32,-19
110900082,138,103,35
110900083,80,35,45
110900084,49,66,-17
110900085,54,178,-124
110900086,60,268,-208
110900087,340,85,255
110900088,12,1,11
110900090,24,29,-5
110900091,1,39,-38
110900093,210,101,109
110900095,63,30,33
110900097,17,17,0
110900098,18,78,-60
110900099,31,295,-264
110900100,0,13,-13
110900102,49,10,39
110900105,578,215,363
110900108,5,36,-31
110900111,378,293,85
110900112,748,6,742
110900113,392,21,371
110900115,18,73,-55
110900116,616,1345,-729
110900118,137,2727,-2590
110900119,2464,232,2232
110900120,9,50,-41
110900121,135,1,134
110900122,334,144,190
110900125,385,363,22
110900127,570,1151,-581
110900128,330,423,-93
110900129,295,814,-519
110900130,902,664,238
110900131,312,52,260
110900132,276,48,228
110900133,198,144,54
110900135,59,200,-141
110900136,326,19,307
110900138,0,0,0
110900139,8,0,8
110900140,2,0,2
110900141,573,280,293
110900142,32,135,-103
110900143,141,74,67
110900144,1,513,-512
110900145,226,48,178
110900146,332,120,212
110900147,113,308,-195
110900148,4,267,-263
110900149,0,43,-43
110900150,43,19,24
110900151,2,65,-63
110900152,21,197,-176
110900153,148,34,114
111000001,581,597,-16
111000002,808,628,180
111000003,1235,632,603
111000004,456,915,-459
111000005,1332,1059,273
111000006,751,1592,-841
111000007,3358,2245,1113
111000008,1640,2650,-1010
111000009,496,940,-444
111000010,713,209,504
111000011,386,1198,-812
111000012,837,319,518
111000013,451,1136,-685
111000014,1277,598,679
111000017,127,911,-784
111000018,305,410,-105
111000020,567,1599,-1032
111000021,65,81,-16
111000023,84,66,18
111000025,3294,3847,-553
111000029,56,123,-67
111000030,30,91,-61
111000031,1887,1316,571
111000032,473,455,18
111000033,295,396,-101
111000034,208,209,-1
111000037,374,347,27
111000038,3308,1957,1351
111000039,1979,1671,308
111000040,1658,1842,-184
111000041,1435,1331,104
111000042,2214,1894,320
111000043,1605,2877,-1272
111000044,1571,1233,338
111000045,2002,2064,-62
111000046,1305,1754,-449
111000047,2131,3576,-1445
111000049,402,465,-63
111000050,1369,1201,168
111000051,411,838,-427
111000052,543,1456,-913
111000053,306,756,-450
111000054,347,684,-337
111000055,121,569,-448
111000056,341,506,-165
111000057,104,398,-294
111000058,389,72,317
111000059,590,269,321
111000060,3228,857,2371
111000061,502,323,179
111000062,671,314,357
111000063,1728,832,896
111000064,579,480,99
111000065,971,919,52
111000066,417,336,81
111000067,441,557,-116
111000068,733,1040,-307
111000069,1633,1707,-74
111000070,1121,873,248
111000071,237,590,-353
111000072,1109,454,655
111000073,279,819,-540
111000074,1366,1521,-155
111000075,1101,550,551
111000076,442,570,-128
111000077,1644,1799,-155
111000078,2667,1366,1301
111000079,1232,688,544
111000080,509,560,-51
111000081,1436,3292,-1856
111000082,608,560,48
111000084,832,505,327
111000085,929,1005,-76
111000086,2214,1034,1180
111000087,594,525,69
111000088,4200,1977,2223
111000089,700,738,-38
111000090,766,1259,-493
111000091,762,412,350
111000092,1087,739,348
111000093,647,1039,-392
111000094,1584,975,609
111000095,585,1764,-1179
111000096,1437,6168,-4731
111000097,3611,1746,1865
111000098,993,1044,-51
111000099,624,1426,-802
111000100,400,1157,-757
111000101,441,783,-342
111000102,272,458,-186
111000104,544,173,371
111000107,151,642,-491
111000109,616,250,366
111000110,1319,638,681
111000111,2702,491,2211
111000112,2269,613,1656
111000113,940,1456,-516
111000114,1938,3160,-1222
111000115,4530,1102,3428
111000116,797,764,33
111000117,354,722,-368
111000118,1117,705,412
111000119,857,858,-1
111000120,376,510,-134
111000121,322,560,-238
111000122,439,999,-560
111000123,632,1047,-415
111000124,392,1896,-1504
111000125,282,1294,-1012
111000126,692,1378,-686
111000127,975,145,830
111000128,1934,271,1663
111000129,2363,414,1949
111000130,1866,532,1334
111000131,1485,502,983
111000132,1289,691,598
111000133,197,167,30
111000134,180,115,65
111000135,31,161,-130
111000136,336,337,-1
111000138,10,7,3
111000140,1,17,-16
111000141,141,260,-119
111000142,10,132,-122
111000143,4,139,-135
111000144,57,381,-324
111000145,1722,33,1689
111000146,138,16,122
111000147,365,39,326
111000148,148,88,60
111000149,6,46,-40
111000150,17,6,11
111000151,3,27,-24
111000153,586,749,-163
111000154,797,228,569
111000155,108,153,-45
111000156,435,565,-130
111000157,252,915,-663
111000158,827,700,127
111000159,2300,677,1623
111000160,428,344,84
111000161,7,251,-244
111000162,87,120,-33
111000163,692,825,-133
111000164,597,3134,-2537
111000165,890,478,412
111000166,1848,378,1470
111000167,185,372,-187
111000168,185,430,-245
111000169,317,580,-263
111000170,388,418,-30
111000171,467,538,-71
111000172,144,362,-218
111000173,374,692,-318
111000174,182,329,-147
111000175,44,248,-204
111000176,346,125,221
111000177,269,272,-3
111000178,1074,347,727
111000179,271,165,106
111000180,218,529,-311
111000181,945,210,735
111000182,215,167,48
111000183,359,283,76
111000184,347,187,160
111000185,361,397,-36
111000186,425,209,216
111000187,127,189,-62
111000188,262,425,-163
111000189,966,616,350
111000190,191,280,-89
111000191,157,253,-96
111000192,205,454,-249
111000193,339,323,16
111000194,60,330,-270
111000195,234,278,-44
111000196,81,204,-123
111000197,543,155,388
111000198,1621,111,1510
111000199,232,143,89
111000200,362,289,73
111000201,635,267,368
111000202,327,307,20
111000203,303,516,-213
111000204,477,1395,-918
111000213,220,470,-250
111000214,1399,1277,122
111000215,1136,1223,-87
111000217,1178,865,313
111000218,1029,890,139
111000219,458,211,247
111000220,1161,520,641
111000221,635,94,541
111000224,74,336,-262
111000225,524,331,193
111000226,83,2,81
111000227,41,5,36
111000228,24,284,-260
111000229,52,721,-669
111000230,214,269,-55
111000231,954,570,384
111000232,487,716,-229
111000233,827,805,22
111000234,115,362,-247
111000239,110,98,12
111000240,35,168,-133
111000241,27,256,-229
111000242,129,39,90
111000243,458,526,-68
111000244,529,96,433
111000245,1317,323,994
111000246,539,373,166
111000247,266,679,-413
111000248,562,393,169
111000249,416,546,-130
111000250,59,62,-3
111000251,26,108,-82
111000253,15,12,3
111000255,46,13,33
111000257,41,21,20
111000260,57,695,-638
111000261,1155,147,1008
111000271,42,281,-239
111000273,2638,1348,1290
111000274,1134,1844,-710
111000275,178,67,111
111000276,1027,2517,-1490
111000277,164,269,-105
111000278,569,195,374
111000291,793,4661,-3868
111000298,417,183,234
111000299,535,133,402
111000300,109,449,-340
111000302,231,63,168
111000303,87,174,-87
111000312,74,63,11
111000315,9,123,-114
111000320,238,554,-316
111000321,381,125,256
111000322,296,390,-94
111000323,220,16,204
111000324,379,198,181
111000325,59,65,-6
111000326,162,291,-129
111000327,731,311,420
111000328,215,433,-218
111000329,2,39,-37
111000330,61,11,50
111000331,21,8,13
111000332,423,1240,-817
111000334,332,1064,-732
111000335,1807,296,1511
111000337,1241,384,857
111000338,72,92,-20
111000339,515,236,279
111000340,561,412,149
111000341,1252,649,603
111000342,298,1316,-1018
111000344,1031,657,374
111000345,229,88,141
111000346,22,91,-69
111000347,140,11,129
111000350,223,137,86
111000351,127,276,-149
111000352,156,141,15
111000353,87,257,-170
111000354,474,177,297
111000355,283,564,-281
111000358,195,842,-647
111000360,201,485,-284
111000361,146,257,-111
111000546,1216,469,747
111000547,431,399,32
111000548,144,319,-175
111000549,260,277,-17
111000550,95,934,-839
111000551,563,333,230
111000552,1684,181,1503
111000907,449,13,436
111000908,32,0,32
111000916,1523,282,1241
111000917,34,363,-329
111000918,201,576,-375
111000920,636,1,635
111000921,17,151,-134
111000922,487,235,252
111000924,52,744,-692
111000925,2264,1561,703
111000926,1005,1548,-543
111000927,2724,3666,-942
111000928,3564,2569,995
111000929,1063,1369,-306
111000930,730,1855,-1125
111000931,1711,2684,-973
111000932,3434,2103,1331
111000933,3154,2360,794
111000934,1903,2950,-1047
111000935,1334,1108,226
111000936,1162,1871,-709
111000937,1016,1408,-392
111000938,1495,1507,-12
111000939,422,54,368
111000940,415,162,253
111000941,614,335,279
111000943,568,242,326
111000944,155,290,-135
111000945,78,1125,-1047
111001109,387,282,105
111001110,151,418,-267
111001111,60,5,55
111001112,103,2,101
111001113,3,162,-159
111001114,854,168,686
111001115,79,442,-363
111001116,4220,3919,301
111001117,619,2049,-1430
111001120,108,195,-87
111001121,225,256,-31
111001122,222,454,-232
111001123,243,121,122
111001124,117,215,-98
111001125,4,135,-131
111001126,0,0,0
111001127,0,36,-36
111001128,539,605,-66
111900001,3,164,-161
111900002,0,508,-508
111900003,1,260,-259
111900004,43,83,-40
111900006,10,27,-17
111900007,56,5,51
111900008,144,0,144
111900009,92,3,89
111900010,249,329,-80
111900012,58,66,-8
111900013,13,33,-20
111900014,3802,3121,681
111900015,0,74,-74
111900016,2,101,-99
111900017,0,85,-85
111900018,240,5,235
111900019,4,90,-86
111900020,3,56,-53
111900021,26,68,-42
111900022,17,48,-31
111900023,81,74,7
111900024,16,69,-53
111900025,0,42,-42
111900026,1,53,-52
111900027,1,110,-109
111900028,15,304,-289
111900029,3,70,-67
111900030,20,262,-242
111900032,3,237,-234
111900033,12,60,-48
111900034,223,424,-201
111900035,81,159,-78
111900036,0,193,-193
111900038,246,435,-189
111900039,36,347,-311
111900040,2,371,-369
111900042,17,90,-73
111900043,2,227,-225
111900044,292,139,153
111900046,51,102,-51
111900048,180,534,-354
111900049,28,170,-142
111900050,108,28,80
111900051,2,142,-140
111900052,355,341,14
111900053,846,1138,-292
111900054,130,1,129
111900055,10,258,-248
111900056,120,264,-144
111900057,121,71,50
111900058,330,390,-60
111900059,1337,527,810
111900060,395,5,390
111900061,11,138,-127
111900062,27,48,-21
111900063,223,152,71
111900064,99,149,-50
111900065,67,26,41
111900066,120,141,-21
111900067,1,239,-238
111900068,61,54,7
111900069,67,28,39
111900070,110,83,27
111900071,0,150,-150
111900072,50,29,21
111900073,621,128,493
111900074,13,140,-127
111900075,101,16,85
111900076,131,63,68
111900077,41,2,39
111900078,235,20,215
111900079,23,33,-10
111900080,228,241,-13
111900082,108,32,76
111900083,100,20,80
111900084,104,10,94
111900085,27,83,-56
111900086,44,9,35
111900087,57,1,56
111900088,447,16,431
111900089,125,7,118
111900090,35,41,-6
111900091,195,4,191
111900092,96,0,96
111900093,383,8,375
111900094,140,1,139
111900095,186,27,159
111900096,166,18,148
111900097,64,0,64
111900098,171,0,171
111900099,86,1,85
111900100,115,5,110
111900101,83,32,51
111900102,583,416,167
111900103,51,65,-14
111900104,186,61,125
111900105,277,163,114
111900106,651,33,618
111900110,1330,298,1032
111900111,215,101,114
111900112,327,2213,-1886
111900113,273,82,191
111900118,264,97,167
111900119,276,111,165
111900122,139,82,57
111900123,18,11,7
111900124,22,66,-44
111900125,432,16,416
111900126,189,2,187
111900127,1,475,-474
111900128,5,315,-310
111900129,183,8,175
111900130,113,17,96
111900131,483,2,481
111900132,20,692,-672
111900133,49,317,-268
111900134,10,145,-135
111900135,9,46,-37
111900136,71,177,-106
111900137,53,52,1
111900138,7,63,-56
111900139,15,102,-87
111900140,59,17,42
111900141,55,16,39
111900142,89,46,43
111900143,8,45,-37
111900144,0,75,-75
111900145,1,276,-275
111900146,0,186,-186
111900147,90,280,-190
111900148,23,519,-496
111900149,2,209,-207
111900150,15,108,-93
111900151,3,20,-17
111900152,73,69,4
111900153,1037,494,543
111900154,7,176,-169
111900155,30,73,-43
111900156,35,44,-9
111900157,104,18,86
111900158,486,43,443
111900159,185,21,164
111900160,263,0,263
111900161,141,0,141
111900162,54,132,-78
111900163,38,192,-154
111900164,84,46,38
111901113,371,223,148
111901114,209,199,10
111901115,43,13,30
111901116,64,1,63
111901117,22,14,8
111901118,39,142,-103
111901119,473,64,409
111901121,124,116,8
111901122,2,374,-372
111901123,154,247,-93
111901124,145,6,139
111901125,382,237,145
111901127,340,263,77
111901128,5,36,-31
111901129,5,82,-77
111901130,3,87,-84
111901131,3,216,-213
111901132,114,34,80
111901133,38,2,36
111901134,56,1,55
111901135,30,20,10
111901138,230,44,186
111901139,24,35,-11
111901140,4,61,-57
111901141,19,107,-88
111901142,4,83,-79
111901143,0,73,-73
111901144,50,39,11
111901145,121,273,-152
111901146,313,19,294
111901147,358,198,160
111901148,9,43,-34
111901149,10,4,6
111901150,55,0,55
111901151,0,0,0
111901152,11,19,-8
112000001,1537,573,964
112000002,575,1715,-1140
112000003,1238,935,303
112000004,547,682,-135
112000005,2913,3214,-301
112000006,1877,1422,455
112000007,2542,1888,654
112000008,2405,3496,-1091
112000009,2778,2585,193
112000010,2549,2937,-388
112000011,1352,1487,-135
112000012,3191,3731,-540
112000013,3545,2429,1116
112000014,2417,2291,126
112000015,3562,2818,744
112000016,3584,1515,2069
112000017,1768,2532,-764
112000024,2133,803,1330
112000026,2672,3655,-983
112000027,728,569,159
112000028,1099,1266,-167
112000029,426,565,-139
112000030,164,92,72
112000031,1119,3735,-2616
112000032,321,51,270
112000033,1524,1610,-86
112000034,356,84,272
112000035,120,436,-316
112000036,864,948,-84
112000037,901,731,170
112000038,1099,877,222
112000039,90,68,22
112000040,98,251,-153
112000041,474,403,71
112000042,917,419,498
112000050,1139,1200,-61
112000051,881,1211,-330
112000054,1347,1556,-209
112000057,502,372,130
112000058,353,522,-169
112000059,434,639,-205
112000061,2396,1673,723
112000062,1193,614,579
112000063,842,1309,-467
112000064,3574,4651,-1077
112000065,1711,2285,-574
112000066,3191,1320,1871
112000067,824,652,172
112000068,2837,2209,628
112000069,686,1422,-736
112000070,1594,756,838
112000071,963,2123,-1160
112000072,1956,806,1150
112000073,1412,1957,-545
112000074,1403,960,443
112000075,1342,1133,209
112000076,3054,2257,797
112000077,758,429,329
112000078,1584,583,1001
112000079,1267,1098,169
112000080,732,665,67
112000081,1286,2050,-764
112000082,1258,800,458
112000083,578,1003,-425
112000084,1084,878,206
112000085,1049,883,166
112000086,1545,1313,232
112000087,463,617,-154
112000088,813,558,255
112000089,291,266,25
112000090,240,285,-45
112000091,572,833,-261
112000092,1699,1034,665
112000093,1453,746,707
112000094,655,833,-178
112000095,606,798,-192
112000096,561,533,28
112000097,1234,887,347
112000098,716,821,-105
112000099,611,1529,-918
112000100,1501,610,891
112000101,439,713,-274
112000102,996,492,504
112000103,281,835,-554
112000105,654,1353,-699
112000106,1717,445,1272
112000107,76,283,-207
112000108,352,1392,-1040
112000109,176,170,6
112000110,1957,784,1173
112000111,844,2627,-1783
112000112,3081,573,2508
112000113,765,1441,-676
112000114,2210,704,1506
112000115,327,391,-64
112000116,671,805,-134
112000117,1138,825,313
112000118,964,750,214
112000119,452,668,-216
112000120,76,257,-181
112000121,110,337,-227
112000122,295,126,169
112000123,709,156,553
112000124,426,73,353
112000125,225,266,-41
112000126,218,430,-212
112000127,1904,1849,55
112000128,721,571,150
112000129,151,86,65
112000130,178,57,121
112000131,75,262,-187
112000132,134,233,-99
112000133,330,179,151
112000134,439,332,107
112000135,1994,636,1358
112000136,1335,1317,18
112000137,2106,1757,349
112000138,1811,1164,647
112000139,946,566,380
112000140,1232,1132,100
112000141,701,357,344
112000142,201,599,-398
112000143,955,255,700
112000144,297,997,-700
112000145,2198,484,1714
112000146,465,1665,-1200
112000147,2467,1672,795
112000148,1476,1890,-414
112000149,453,508,-55
112000150,341,586,-245
112000151,374,297,77
112000152,425,423,2
112000153,179,249,-70
112000154,114,176,-62
112000155,106,88,18
112000157,777,477,300
112000158,262,338,-76
112000159,456,377,79
112000167,322,56,266
112000169,332,395,-63
112000173,530,157,373
112000175,302,341,-39
112000176,2403,1682,721
112000177,537,182,355
112000178,73,310,-237
112000179,222,118,104
112000180,233,339,-106
112000181,1192,1426,-234
112000182,1145,1084,61
112000183,36,54,-18
112000184,366,290,76
112000185,516,475,41
112000187,3237,2164,1073
112000195,95,20,75
112000196,191,1,190
112000197,132,184,-52
112000198,53,184,-131
112000199,967,821,146
112000202,338,1,337
112000216,67,245,-178
112000230,95,3,92
112000231,5,206,-201
112000256,71,285,-214
112000313,72,84,-12
112000314,34,25,9
112000337,317,446,-129
112000352,312,321,-9
112000392,967,1020,-53
112000398,1221,803,418
112000399,1637,2134,-497
112000400,1151,2104,-953
112000401,2827,2510,317
112000402,2777,2988,-211
112000403,1477,2661,-1184
112000404,827,723,104
112000405,1742,2504,-762
112000406,2908,2290,618
112000407,6328,7187,-859
112000408,5727,4906,821
112000409,2363,4445,-2082
112000410,308,278,30
112000411,3032,1439,1593
112000412,1231,511,720
112000413,6201,5072,1129
112000414,58,78,-20
112000415,86,36,50
112000416,2363,1248,1115
112000417,244,61,183
112000421,42,216,-174
112000422,318,261,57
112000424,1749,2455,-706
112000425,325,699,-374
112000426,105,320,-215
112000427,0,14,-14
112000428,172,335,-163
112000429,1937,2222,-285
112000430,2512,2525,-13
112000431,89,152,-63
112000432,590,1076,-486
112000433,369,646,-277
112000437,65,205,-140
112900001,45,2,43
112900002,397,784,-387
112900003,43,251,-208
112900004,49,301,-252
112900005,196,175,21
112900007,21,126,-105
112900008,0,54,-54
112900009,312,105,207
112900010,339,799,-460
112900011,153,189,-36
112900012,3,59,-56
112900013,6,160,-154
112900014,6,336,-330
112900015,342,570,-228
112900016,6,180,-174
112900017,47,151,-104
112900018,297,586,-289
112900019,55,148,-93
112900020,264,870,-606
112900021,4,190,-186
112900022,12,58,-46
112900023,1,146,-145
112900024,27,169,-142
112900025,80,170,-90
112900026,12,209,-197
112900027,14,836,-822
112900028,20,91,-71
112900029,14,427,-413
112900030,115,140,-25
112900031,11,314,-303
112900032,220,248,-28
112900034,1,29,-28
112900035,15,367,-352
112900036,102,141,-39
112900037,155,195,-40
112900038,538,116,422
112900039,21,237,-216
112900040,3,618,-615
112900041,588,772,-184
112900042,106,246,-140
112900043,21,22,-1
112900044,406,385,21
112900045,289,282,7
112900046,131,59,72
112900047,16,39,-23
112900049,194,48,146
112900050,39,375,-336
112900051,268,395,-127
112900052,2,586,-584
112900053,590,142,448
112900054,168,36,132
112900055,75,32,43
112900056,302,188,114
112900057,31,411,-380
112900058,362,282,80
112900059,191,111,80
112900060,13,133,-120
112900061,68,96,-28
112900062,58,88,-30
112900063,137,16,121
112900064,142,151,-9
112900065,43,29,14
112900066,206,149,57
112900067,314,125,189
112900068,29,34,-5
112900069,1647,756,891
112900071,39,14,25
112900072,143,1632,-1489
112900073,387,75,312
112900074,72,217,-145
112900075,1222,820,402
112900076,68,25,43
112900078,290,362,-72
112900079,255,42,213
112900080,93,2,91
112900081,50,157,-107
112900082,521,33,488
112900083,140,127,13
112900084,195,103,92
112900086,94,2,92
112900087,561,131,430
112900088,169,8,161
112900089,736,33,703
112900090,54,22,32
112900091,254,4,250
112900092,320,261,59
112900093,1125,33,1092
112900095,43,2,41
112900096,425,105,320
112900097,96,229,-133
112900098,126,0,126
112900099,717,16,701
112900100,39,1,38
112900101,553,6,547
112900102,146,12,134
112900103,183,6,177
112900104,549,7,542
112900105,17,0,17
112900106,356,101,255
112900107,12,0,12
112900108,44,0,44
112900109,102,1,101
112900110,1237,23,1214
112900111,587,4,583
112900112,293,2,291
112900113,0,27,-27
112900114,152,43,109
112900115,1096,2,1094
112900116,102,5,97
112900117,137,57,80
112900118,29,70,-41
112900119,138,2,136
112900120,730,254,476
112900121,118,175,-57
112900122,114,73,41
112900123,104,14,90
112900124,12,96,-84
112900125,30,347,-317
112900126,202,196,6
112900127,296,95,201
112900128,412,557,-145
112900129,3,534,-531
112900130,239,84,155
112900131,67,247,-180
112900132,262,539,-277
112900133,29,984,-955
112900134,0,200,-200
112900135,120,40,80
112900137,40,468,-428
112900138,8,217,-209
112900139,178,790,-612
112900141,639,57,582
112900142,50,157,-107
112900143,34,434,-400
112900144,16,698,-682
112900145,35,353,-318
112900146,6,987,-981
112900147,1,1405,-1404
112900148,41,10,31
112900149,217,509,-292
112900151,19,61,-42
112900152,3482,655,2827
112900153,1563,2108,-545
112900154,0,130,-130
112900155,156,15,141
112900156,387,1138,-751
112900157,210,55,155
112900158,61,26,35
112900159,164,127,37
112900160,80,232,-152
112900161,125,26,99
112900162,47,26,21
112900163,73,41,32
112900164,47,166,-119
112900165,398,28,370
112900166,15,67,-52
112900167,5,78,-73
112900168,3,2,1
112900169,10,13,-3
112900170,89,48,41
112900172,46,9,37
112900173,142,94,48
112900174,218,42,176
112900175,88,93,-5
112900176,16,47,-31
112900177,260,68,192
112900178,702,2199,-1497
112900179,56,399,-343
112900180,1520,1389,131
112900181,531,12,519
112900182,36,926,-890
112900183,136,263,-127
112900184,384,393,-9
112900185,218,574,-356
112900186,1013,786,227
112900187,75,467,-392
112900188,585,385,200
112900189,3,12,-9
112900190,14,37,-23
112900192,476,533,-57
112900193,949,295,654
112900194,39,46,-7
112900195,711,48,663
112900196,177,244,-67
112900197,173,267,-94
112900199,321,265,56
112900200,461,123,338
112900201,165,77,88
112900202,343,629,-286
112900203,236,196,40
112900204,805,584,221
112900205,16,5,11
112900206,35,96,-61
112900207,21,0,21
112900208,88,317,-229
112900209,506,300,206
112900210,0,29,-29
112900211,65,33,32
112900212,1,119,-118
112900213,56,18,38
112900214,21,9,12
112900215,7,151,-144
112900216,34,60,-26
112900217,0,71,-71
112900218,80,2,78
112900219,78,6,72
112900220,8,0,8
112900221,6,123,-117
112900222,0,13,-13
112900223,837,17,820
112900224,232,353,-121
112900225,373,281,92
112900226,154,294,-140
112900227,349,418,-69
112900228,60,25,35
112900229,203,42,161
112900230,4934,3239,1695
112900232,184,250,-66
112900233,62,116,-54
112900234,16,61,-45
112900235,81,44,37
112900236,219,16,203
112900237,192,204,-12
112900238,9,33,-24
112900239,662,369,293
112900240,4,63,-59
112900241,25,72,-47
112900242,7,86,-79
112900243,16,131,-115
112900244,11,47,-36
112900245,0,43,-43
112900246,1,20,-19
112900247,284,31,253
112900248,14,2,12
112900249,11,5,6
112900250,49,20,29
112900251,54,23,31
112900252,44,40,4
112900253,46,5,41
112900254,13,4,9
112900255,0,43,-43
112900256,1,65,-64
112900257,13,55,-42
112900258,47,23,24
113000001,4943,3889,1054
113000002,3197,3190,7
113000003,1831,1408,423
113000004,1590,2167,-577
113000005,1532,832,700
113000006,870,1147,-277
113000007,1879,1064,815
113000008,1512,1767,-255
113000009,1009,721,288
113000010,1214,1247,-33
113000011,696,1296,-600
113000012,1663,645,1018
113000013,1247,768,479
113000014,1465,1509,-44
113000015,388,201,187
113000016,401,898,-497
113000017,52,360,-308
113000018,414,63,351
113000019,193,313,-120
113000020,576,88,488
113000021,1055,551,504
113000022,733,1010,-277
113000025,192,596,-404
113000026,431,391,40
113000027,487,529,-42
113000028,517,449,68
113000029,796,709,87
113000030,393,565,-172
113000031,270,284,-14
113000032,271,300,-29
113000033,288,351,-63
113000034,302,323,-21
113000035,20,30,-10
113000036,30,50,-20
113000037,52,14,38
113000038,8,62,-54
113000039,87,309,-222
113000040,53,71,-18
113000042,647,602,45
113000051,771,2009,-1238
113000052,1730,734,996
113000053,399,365,34
113000054,319,649,-330
113000055,951,553,398
113000056,880,802,78
113000058,641,894,-253
113000059,1017,639,378
113000060,228,474,-246
113000061,463,806,-343
113000062,756,250,506
113000063,179,91,88
113000064,63,211,-148
113000065,150,615,-465
113000066,563,113,450
113000067,1876,1083,793
113000068,367,976,-609
113000069,542,861,-319
113000070,2251,1001,1250
113000071,427,524,-97
113000072,698,453,245
113000073,306,1107,-801
113000074,884,357,527
113000075,1946,685,1261
113000076,545,1970,-1425
113000077,977,699,278
113000078,689,1930,-1241
113000079,692,781,-89
113000080,637,763,-126
113000081,791,743,48
113000082,1310,693,617
113000083,510,757,-247
113000084,1360,1008,352
113000085,755,660,95
113000086,1089,1020,69
113000087,1410,897,513
113000088,1876,1217,659
113000089,807,1425,-618
113000090,247,518,-271
113000091,484,307,177
113000094,958,218,740
113000095,222,693,-471
113000096,144,684,-540
113000097,910,369,541
113000098,91,48,43
113000099,752,327,425
113000100,118,322,-204
113000101,318,473,-155
113000102,557,436,121
113000103,1628,370,1258
113000104,471,1733,-1262
113000105,676,394,282
113000106,310,393,-83
113000107,827,687,140
113000108,613,945,-332
113000109,627,1625,-998
113000110,1532,367,1165
113000111,225,551,-326
113000112,318,343,-25
113000113,1128,367,761
113000114,264,1228,-964
113000116,554,288,266
113000117,790,104,686
113000118,128,412,-284
113000119,311,303,8
113000120,81,216,-135
113000121,569,744,-175
113000124,235,124,111
113000125,60,666,-606
113000127,2377,289,2088
113000128,454,426,28
113000129,403,619,-216
113000133,1860,1244,616
113000134,4,861,-857
113000135,3644,3927,-283
113000137,1474,2932,-1458
113000139,327,192,135
113000140,106,216,-110
113000141,293,212,81
113000142,502,1006,-504
113000143,239,242,-3
113000144,301,565,-264
113000145,97,135,-38
113000146,151,84,67
113000147,134,101,33
113000148,185,115,70
113000149,118,161,-43
113000150,513,279,234
113000151,57,50,7
113000152,36,108,-72
113000153,1176,447,729
113000154,667,1395,-728
113000155,331,490,-159
113000156,140,340,-200
113000157,267,765,-498
113000158,633,253,380
113000159,736,675,61
113000160,606,868,-262
113000161,231,338,-107
113000162,645,355,290
113000163,116,69,47
113000164,31,81,-50
113000166,126,111,15
113000167,41,87,-46
113000168,71,126,-55
113000169,179,73,106
113000170,99,102,-3
113000171,57,112,-55
113000172,294,87,207
113000173,59,21,38
113000174,126,430,-304
113000175,442,116,326
113000176,468,180,288
113000177,209,474,-265
113000178,219,286,-67
113000179,267,180,87
113000180,504,1047,-543
113000181,1081,867,214
113000182,180,352,-172
113000183,143,574,-431
113000184,12,78,-66
113000189,427,715,-288
113000190,704,507,197
113000192,1080,2276,-1196
113000193,2950,1590,1360
113000194,1503,1081,422
113000195,2038,923,1115
113000196,183,126,57
113000197,2096,1092,1004
113000198,91,295,-204
113000199,1136,300,836
113000201,145,297,-152
113000202,3110,773,2337
113000203,229,149,80
113000204,1039,2009,-970
113000205,23,17,6
113000206,13,44,-31
113000207,66,21,45
113000208,52,50,2
113000209,8,22,-14
113000210,10,21,-11
113000211,193,244,-51
113000212,126,38,88
113000213,59,131,-72
113000214,165,244,-79
113000234,165,695,-530
113000410,247,248,-1
113000411,2119,3763,-1644
113000412,5001,2015,2986
113000413,2424,2653,-229
113000414,4871,11000,-6129
113000415,1967,2576,-609
113000416,6581,3581,3000
113000417,2408,2472,-64
113000418,4326,3188,1138
113000419,1396,1791,-395
113000420,3865,4909,-1044
113000421,3392,5506,-2114
113000422,10241,8900,1341
113000423,1874,4521,-2647
113000424,2719,8007,-5288
113000425,4,63,-59
113000428,59,45,14
113000430,12,159,-147
113000432,2051,234,1817
113000433,113,683,-570
113000434,24,155,-131
113000435,29,460,-431
113000436,44,972,-928
113000437,940,41,899
113000438,363,18,345
113000439,53,86,-33
113000440,102,77,25
113000441,182,187,-5
113000442,117,136,-19
113000443,253,167,86
113000444,173,168,5
113000445,121,116,5
113000446,38,75,-37
113000448,205,133,72
113000449,152,738,-586
113000450,414,1672,-1258
113000451,1103,176,927
113000452,282,373,-91
113000453,104,270,-166
113000454,621,92,529
113000455,55,328,-273
113000456,2945,2486,459
113000468,1343,126,1217
113000469,105,83,22
113000470,348,18,330
113000471,14,361,-347
113000472,93,250,-157
113000474,667,538,129
113000475,1408,1483,-75
113000476,1335,1687,-352
113000477,2996,1903,1093
113000478,3614,4781,-1167
113000479,53,179,-126
113000484,0,0,0
113000485,0,0,0
113000486,8,0,8
113000487,0,0,0
113000488,0,2,-2
113000489,0,10,-10
113000490,0,0,0
113000491,11,3,8
113000492,0,7,-7
113000493,1,0,1
113000495,179,143,36
113000496,118,137,-19
113000497,0,0,0
113000499,0,0,0
113900001,4,198,-194
113900002,3,52,-49
113900003,0,45,-45
113900004,1,31,-30
113900005,3,28,-25
113900006,0,24,-24
113900007,10,1,9
113900008,15,1,14
113900009,44,6,38
113900010,35,2,33
113900011,34,1,33
113900012,21,0,21
113900013,129,2,127
113900014,450,2,448
113900015,4,59,-55
113900016,34,0,34
113900017,4,34,-30
113900018,318,210,108
113900019,114,68,46
113900020,131,1,130
113900022,21,0,21
113900023,30,0,30
113900024,80,33,47
113900025,195,16,179
113900026,29,0,29
113900027,1,37,-36
113900028,38,390,-352
113900029,53,191,-138
113900030,188,0,188
113900031,5,2,3
113900032,11,0,11
113900033,66,55,11
113900035,39,4,35
113900036,13,65,-52
113900037,147,352,-205
113900038,72,94,-22
113900039,106,12,94
113900040,2,10,-8
113900041,8,1,7
113900042,61,35,26
113900043,89,80,9
113900044,286,317,-31
113900045,61,1,60
113900046,207,483,-276
113900047,35,69,-34
113900048,184,77,107
113900049,480,293,187
113900050,168,251,-83
113900051,173,268,-95
113900052,138,90,48
113900053,575,475,100
113900054,23,0,23
113900055,91,332,-241
113900056,40,122,-82
113900057,17,48,-31
113900058,62,112,-50
113900059,211,210,1
113900060,104,141,-37
113900061,607,216,391
113900062,78,5,73
113900063,63,101,-38
113900064,14,79,-65
113900065,345,10,335
113900066,309,192,117
113900067,127,170,-43
113900068,399,337,62
113900069,23,22,1
113900070,128,404,-276
113900071,60,48,12
113900072,54,133,-79
113900073,224,329,-105
113900074,108,235,-127
113900075,1215,917,298
113900076,140,20,120
113900077,48,133,-85
113900078,25,44,-19
113900079,0,35,-35
113900080,376,164,212
113900081,57,157,-100
113900082,67,162,-95
113900083,235,315,-80
113900084,195,80,115
113900085,40,223,-183
113900086,34,23,11
113900087,67,153,-86
113900088,72,92,-20
113900089,294,30,264
113900090,498,343,155
113900091,18,11,7
113900092,38,83,-45
113900093,77,571,-494
113900094,420,313,107
113900095,128,72,56
113900096,160,63,97
113900097,12,58,-46
113900098,521,61,460
113900099,0,28,-28
113900100,0,3,-3
113900101,13,53,-40
113900102,102,118,-16
113900103,260,248,12
113900104,92,176,-84
113900105,90,144,-54
113900106,0,34,-34
113900107,0,23,-23
113900108,204,245,-41
113900109,331,183,148
113900110,33,12,21
113900111,137,86,51
113900112,81,30,51
113900113,715,391,324
113900114,0,50,-50
113900115,0,57,-57
113900116,87,106,-19
113900117,110,32,78
113900118,226,296,-70
113900119,186,462,-276
113900120,48,41,7
113900121,45,96,-51
113900122,341,1675,-1334
113900123,376,196,180
113900124,1,59,-58
113900125,626,122,504
113900126,141,38,103
113900127,205,590,-385
113900128,139,89,50
113900129,19,175,-156
113900130,1,29,-28
113900131,206,66,140
113900132,60,50,10
113900133,21,86,-65
113900135,269,264,5
113900136,109,68,41
113900137,268,202,66
113900138,36,96,-60
113900139,201,110,91
113900140,228,289,-61
113900141,452,216,236
113900142,149,66,83
113900143,14,22,-8
113900144,154,233,-79
113900145,358,117,241
113900146,150,43,107
113900148,135,251,-116
113900149,108,85,23
113900150,476,367,109
113900151,387,128,259
113900152,32,40,-8
113900153,227,434,-207
113900154,3,102,-99
113900155,170,161,9
113900156,210,334,-124
113900157,49,273,-224
113900158,261,348,-87
113900159,21,190,-169
113900160,415,395,20
113900161,35,250,-215
113900162,384,563,-179
113900163,229,222,7
113900164,215,45,170
113900165,509,340,169
113900166,194,155,39
113900167,261,46,215
113900168,75,92,-17
113900169,157,286,-129
113900171,147,48,99
113900172,9,154,-145
113900173,41,506,-465
113900174,391,441,-50
113900175,342,117,225
113900176,352,378,-26
113900177,306,141,165
113900178,291,102,189
113900179,17,324,-307
113900180,118,90,28
113900181,462,118,344
113900182,949,634,315
113900183,46,53,-7
113900184,10,409,-399
113900185,145,64,81
113900186,26,38,-12
113900187,41,103,-62
113900188,31,105,-74
113900189,230,102,128
113900190,245,87,158
113900191,93,150,-57
113900192,1266,1312,-46
113900193,18,167,-149
113900194,1131,850,281
113900195,235,305,-70
113900196,12,101,-89
113900197,0,123,-123
113900198,30,195,-165
113900199,113,476,-363
113900200,17,149,-132
113900201,0,148,-148
113900202,19,201,-182
113900203,13,102,-89
113900204,33,392,-359
113900205,3,141,-138
113900206,6,95,-89
113900207,0,35,-35
113900208,0,35,-35
113900209,0,73,-73
113900210,483,523,-40
113900211,182,59,123
113900212,135,376,-241
113900214,324,391,-67
113900215,45,98,-53
113900216,112,778,-666
113900217,68,207,-139
113900218,144,78,66
113900219,89,330,-241
113900220,96,115,-19
113900221,330,208,122
113900222,1092,637,455
113900223,135,679,-544
113900224,67,86,-19
113900225,390,161,229
113900226,306,88,218
113900227,428,195,233
113900228,295,374,-79
113900229,53,689,-636
113900230,2862,2838,24
113900231,172,129,43
113900232,73,74,-1
113900233,74,72,2
113900234,230,415,-185
113900235,88,21,67
113900236,121,284,-163
113900237,156,4,152
113900238,214,455,-241
113900239,47,88,-41
113900240,3,162,-159
113900241,84,44,40
113900242,47,125,-78
113900243,98,337,-239
113900244,253,177,76
113900245,952,247,705
113900246,16,23,-7
113900247,145,387,-242
113900248,2022,1393,629
113900249,618,291,327
113900250,41,113,-72
113900251,530,170,360
113900252,472,21,451
113900253,565,42,523
113900254,764,108,656
113900255,383,15,368
113900256,340,20,320
113900257,41,508,-467
113900258,12,357,-345
113900259,514,129,385
113900260,154,4,150
113900261,41,84,-43
113900262,109,394,-285
113900263,117,613,-496
113900264,2,379,-377
113900265,132,238,-106
113900266,69,124,-55
113900267,92,369,-277
113900268,222,319,-97
113900269,73,115,-42
113900270,262,774,-512
113900271,565,821,-256
113900273,56,9,47
113900274,60,28,32
113900275,38,86,-48
113900276,2,109,-107
113900277,134,4,130
113900278,214,121,93
113900279,70,74,-4
113900280,1373,564,809
113900281,485,1121,-636
113900282,460,441,19
113900283,376,518,-142
113900284,567,241,326
113900285,106,41,65
113900286,19,89,-70
113900287,57,30,27
113900288,2,125,-123
113900289,675,84,591
113900290,263,158,105
113900291,101,120,-19
113900292,15,2,13
113900293,34,177,-143
113900294,432,11,421
113900295,351,292,59
113900296,768,190,578
113900297,2274,39,2235
113900298,44,1519,-1475
113900299,93,105,-12
113900300,2051,1423,628
113900301,566,272,294
113900302,2178,794,1384
113900303,371,340,31
113900304,1,94,-93
113900305,78,0,78
113900306,23,0,23
113900307,12,0,12
113900308,76,111,-35
113900309,0,487,-487
113900310,0,10,-10
113900311,6,0,6
113900312,182,218,-36
113900313,16,2,14
113900314,2,8,-6
113900315,41,2,39
114000001,751,1960,-1209
114000002,287,328,-41
114000003,228,735,-507
114000004,288,407,-119
114000005,199,223,-24
114000006,1481,1632,-151
114000007,615,962,-347
114000008,1171,1559,-388
114000009,623,247,376
114000011,2423,2178,245
114000012,2162,1500,662
114000013,1450,1181,269
114000014,530,446,84
114000015,1666,328,1338
114000016,174,249,-75
114000017,87,231,-144
114000018,187,54,133
114000026,1569,1054,515
114000027,2660,1842,818
114000028,2112,2367,-255
114000038,223,117,106
114000039,207,187,20
114000040,88,175,-87
114000042,133,142,-9
114000043,295,208,87
114000044,360,195,165
114000045,47,37,10
114000046,2529,3633,-1104
114000047,13,64,-51
114000048,132,141,-9
114000049,1385,1529,-144
114000050,1318,1835,-517
114000051,2315,1955,360
114000052,3456,1946,1510
114000053,88,588,-500
114000054,173,677,-504
114000055,240,28,212
114000056,816,760,56
114000057,3622,1866,1756
114000058,351,1149,-798
114000059,208,286,-78
114000060,618,826,-208
114000061,2690,2544,146
114000062,1775,1273,502
114000063,2221,1329,892
114000064,4345,2959,1386
114000065,1296,1978,-682
114000066,420,591,-171
114000067,25,623,-598
114000068,468,604,-136
114000069,725,480,245
114000070,1861,1507,354
114000071,585,415,170
114000072,429,225,204
114000073,10,32,-22
114000074,33,21,12
114000075,55,51,4
114000076,22,76,-54
114000077,6,24,-18
114000078,537,562,-25
114000079,121,15,106
114000080,73,63,10
114000081,56,111,-55
114000082,27,336,-309
114000083,112,167,-55
114000084,290,79,211
114000085,78,383,-305
114000086,223,287,-64
114000087,94,70,24
114000088,44,28,16
114000089,603,272,331
114000090,810,825,-15
114000091,1162,788,374
114000092,900,489,411
114000093,1240,624,616
114000094,309,332,-23
114000095,183,137,46
114000096,171,331,-160
114000097,150,443,-293
114000098,501,101,400
114000099,542,426,116
114000100,1241,490,751
114000101,413,546,-133
114000102,611,320,291
114000103,194,335,-141
114000104,231,153,78
114000105,173,48,125
114000106,617,835,-218
114000107,319,107,212
114000108,1408,819,589
114000109,620,1462,-842
114000110,587,1170,-583
114000111,1482,743,739
114000112,492,1925,-1433
114000113,1631,478,1153
114000114,1091,1323,-232
114000115,2170,1020,1150
114000116,873,1419,-546
114000117,2433,386,2047
114000118,2170,464,1706
114000119,1384,451,933
114000120,443,561,-118
114000121,401,611,-210
114000122,400,306,94
114000123,1559,415,1144
114000124,725,278,447
114000125,746,971,-225
114000126,2131,216,1915
114000127,347,155,192
114000128,693,297,396
114000130,432,417,15
114000131,322,102,220
114000132,484,412,72
114000133,786,1104,-318
114000134,86,107,-21
114000138,30,152,-122
114000139,355,262,93
114000144,653,563,90
114000145,73,133,-60
114000146,101,150,-49
114000147,1315,1870,-555
114000148,1696,1671,25
114000149,446,302,144
114000150,1352,1375,-23
114000151,1264,1750,-486
114000152,159,39,120
114000153,908,2360,-1452
114000154,845,829,16
114000155,1822,1984,-162
114000156,789,546,243
114000157,417,997,-580
114000158,1352,635,717
114000159,235,440,-205
114000160,91,434,-343
114000161,1214,2505,-1291
114000162,948,2311,-1363
114000163,16,107,-91
114000165,604,294,310
114000166,695,365,330
114000167,2501,1262,1239
114000168,566,310,256
114000169,1322,1102,220
114000170,1145,1177,-32
114000171,999,2822,-1823
114000174,310,426,-116
114000176,530,724,-194
114000177,1538,662,876
114000178,30,23,7
114000179,1080,749,331
114000180,671,813,-142
114000181,1354,3078,-1724
114000182,2035,1976,59
114000183,850,865,-15
114000184,2816,919,1897
114000185,1079,713,366
114000189,758,113,645
114000190,2574,283,2291
114000191,37,50,-13
114000192,202,1021,-819
114000193,450,1314,-864
114000194,1169,784,385
114000195,150,14,136
114000196,0,152,-152
114000197,1031,65,966
114000198,682,323,359
114000199,1703,1488,215
114000200,556,1442,-886
114000201,163,692,-529
114000202,858,493,365
114000203,606,605,1
114000204,160,385,-225
114000205,239,1174,-935
114000206,537,1099,-562
114000207,504,1309,-805
114000208,352,1909,-1557
114000209,408,1663,-1255
114000210,235,875,-640
114000211,892,1153,-261
114000212,521,715,-194
114000213,1277,527,750
114000214,67,125,-58
114000215,232,55,177
114000216,1361,328,1033
114000217,373,200,173
114000218,121,239,-118
114000219,1078,179,899
114000220,30,680,-650
114000221,704,108,596
114000222,98,688,-590
114000223,413,111,302
114000224,132,439,-307
114000225,268,482,-214
114000226,133,203,-70
114000227,770,491,279
114000228,655,670,-15
114000229,957,1028,-71
114000230,1610,1021,589
114000231,787,1105,-318
114000232,585,121,464
114000233,1970,116,1854
114000234,947,848,99
114000235,877,1224,-347
114000236,0,295,-295
114000237,127,664,-537
114000238,142,209,-67
114000239,171,899,-728
114000240,698,738,-40
114000241,236,833,-597
114000242,748,706,42
114000243,1342,838,504
114000244,498,314,184
114000245,360,631,-271
114000246,96,48,48
114000247,750,508,242
114000248,2180,451,1729
114000249,436,437,-1
114000250,403,1024,-621
114000251,323,165,158
114000252,70,61,9
114000253,117,122,-5
114000254,32,36,-4
114000255,435,179,256
114000256,1336,1668,-332
114000257,616,1182,-566
114000258,245,343,-98
114000259,91,156,-65
114000260,0,25,-25
114000261,36,24,12
114000262,364,92,272
114000263,14,2,12
114000264,812,383,429
114000265,0,1,-1
114000267,1,1424,-1423
114000268,0,946,-946
114000270,150,1,149
114000271,351,55,296
114000283,1125,355,770
114000285,18,154,-136
114000288,84,290,-206
114000289,1092,182,910
114000293,186,389,-203
114000294,148,262,-114
114000395,1238,44,1194
114000396,499,497,2
114000402,425,214,211
114000403,281,286,-5
114000405,141,411,-270
114000423,277,294,-17
114000424,377,154,223
114000425,701,288,413
114000426,279,772,-493
114000427,87,69,18
114000428,192,163,29
114000429,12,140,-128
114000432,82,78,4
114000434,30,74,-44
114000435,0,161,-161
114900001,591,864,-273
114900002,670,77,593
114900003,560,984,-424
114900004,211,363,-152
114900005,516,483,33
114900006,76,55,21
114900007,288,18,270
114900008,148,119,29
114900010,1512,1560,-48
114900011,168,129,39
114900013,213,137,76
114900018,642,43,599
114900020,155,86,69
114900022,48,465,-417
114900025,387,155,232
114900026,89,126,-37
114900029,113,32,81
114900030,287,185,102
114900031,290,39,251
114900032,271,32,239
114900034,79,156,-77
114900035,111,232,-121
114900036,216,478,-262
114900039,410,397,13
114900040,91,108,-17
114900041,598,345,253
114900042,689,518,171
114900044,191,16,175
114900047,238,1655,-1417
114900048,103,218,-115
114900049,33,187,-154
114900050,32,359,-327
114900051,19,321,-302
114900052,112,191,-79
114900053,119,279,-160
114900054,46,85,-39
114900057,214,6,208
114900058,0,84,-84
114900059,65,53,12
114900063,63,132,-69
114900064,1189,396,793
114900065,301,506,-205
114900067,157,355,-198
114900068,77,208,-131
114900069,148,76,72
114900070,434,409,25
114900072,3,231,-228
114900073,0,167,-167
114900074,565,473,92
114900075,202,1,201
114900076,3,255,-252
114900080,1553,296,1257
114900082,2760,1938,822
114900083,958,960,-2
114900090,259,207,52
114900091,171,121,50
114900097,112,1,111
114900098,1,155,-154
114900099,171,3,168
115000001,4804,3136,1668
115000002,3327,3526,-199
115000003,3997,2620,1377
115000004,3396,4951,-1555
115000005,1247,1739,-492
115000006,847,1358,-511
115000007,200,125,75
115000008,356,446,-90
115000009,151,221,-70
115000010,279,128,151
115000013,63,160,-97
115000015,126,332,-206
115000016,64,275,-211
115000019,44,383,-339
115000020,97,520,-423
115000021,243,464,-221
115000022,401,328,73
115000023,291,502,-211
115000024,871,386,485
115000025,740,600,140
115000026,122,349,-227
115000027,266,253,13
115000028,155,714,-559
115000029,491,75,416
115000030,618,1085,-467
115000031,1042,215,827
115000032,10,237,-227
115000033,204,39,165
115000034,64,883,-819
115000035,1013,47,966
115000036,0,346,-346
115000037,500,19,481
115000038,47,189,-142
115000039,2975,2969,6
115000040,4933,2522,2411
115000041,1156,2755,-1599
115000042,805,540,265
115000043,3600,2215,1385
115000044,3571,3268,303
115000045,2232,1449,783
115000046,1985,2281,-296
115000047,1879,1296,583
115000048,1490,1802,-312
115000049,1321,2644,-1323
115000050,2859,2101,758
115000051,1345,2650,-1305
115000052,1947,1534,413
115000053,1563,1499,64
115000054,538,980,-442
115000055,207,882,-675
115000056,280,523,-243
115000057,667,1233,-566
115000058,581,342,239
115000059,173,132,41
115000061,202,191,11
115000062,192,246,-54
115000063,245,250,-5
115000064,195,110,85
115000065,39,386,-347
115000067,160,42,118
115000069,94,312,-218
115000070,28,661,-633
115000071,124,28,96
115000072,13,81,-68
115000073,1182,59,1123
115000075,82,46,36
115000076,2636,2126,510
115000077,2342,1780,562
115000078,1143,986,157
115000079,1164,1430,-266
115000080,1863,1889,-26
115000081,466,763,-297
115000082,3227,3133,94
115000083,1721,1567,154
115000084,1952,1036,916
115000085,622,759,-137
115000086,1017,642,375
115000087,418,1243,-825
115000088,1564,621,943
115000089,1241,1049,192
115000090,421,749,-328
115000091,216,766,-550
115000092,543,284,259
115000093,479,3,476
115000094,5260,4377,883
115000095,3572,4749,-1177
115000096,692,1107,-415
115000097,824,819,5
115000098,945,700,245
115000099,2180,2007,173
115000100,830,269,561
115000101,331,1133,-802
115000102,393,234,159
115000103,263,539,-276
115000105,96,140,-44
115000106,537,231,306
115000107,151,312,-161
115000108,2463,1865,598
115000109,3222,3434,-212
115000110,1198,1188,10
115000111,557,1325,-768
115000112,594,665,-71
115000113,476,674,-198
115000114,1626,627,999
115000116,3350,2098,1252
115000117,2888,2924,-36
115000118,1763,1627,136
115000119,1471,2082,-611
115000120,482,1294,-812
115000121,1246,850,396
115000122,3175,1420,1755
115000123,1114,1909,-795
115000124,708,849,-141
115000125,365,633,-268
115000126,110,280,-170
115000127,352,103,249
115000128,415,821,-406
115000129,259,262,-3
115000130,398,618,-220
115000131,751,203,548
115000132,301,311,-10
115000133,557,230,327
115000134,372,223,149
115000135,248,158,90
115000136,252,236,16
115000137,124,169,-45
115000138,289,254,35
115000139,191,204,-13
115000140,321,203,118
115000141,178,170,8
115000142,169,212,-43
115000143,713,557,156
115000144,517,74,443
115000145,297,265,32
115000146,477,295,182
115000147,347,348,-1
115000148,277,791,-514
115000149,452,193,259
115000150,582,673,-91
115000151,873,471,402
115000152,669,785,-116
115000153,965,547,418
115000154,762,316,446
115000155,523,711,-188
115000156,919,583,336
115000157,538,647,-109
115000158,543,359,184
115000159,578,454,124
115000160,372,294,78
115000161,130,383,-253
115000162,619,607,12
115000163,472,632,-160
115000164,679,506,173
115000165,326,496,-170
115000167,176,100,76
115000168,520,280,240
115000169,506,293,213
115000170,142,143,-1
115000171,345,264,81
115000172,878,561,317
115000173,252,412,-160
115000174,139,326,-187
115000175,179,181,-2
115000176,91,60,31
115000177,94,85,9
115000178,13,197,-184
115000179,28,43,-15
115000180,148,462,-314
115000181,574,145,429
115000182,668,224,444
115000183,288,657,-369
115000186,634,209,425
115000187,166,533,-367
115000188,387,413,-26
115000189,190,383,-193
115000190,583,298,285
115000191,92,386,-294
115000194,133,160,-27
115000195,221,318,-97
115000196,198,110,88
115000197,300,158,142
115000198,319,149,170
115000199,305,113,192
115000200,355,109,246
115000201,138,256,-118
115000206,344,41,303
115000207,94,247,-153
115000208,345,523,-178
115000209,822,312,510
115000210,107,131,-24
115000211,332,192,140
115000212,1288,311,977
115000224,418,59,359
115000225,60,73,-13
115000229,184,115,69
115000230,97,353,-256
115000231,282,1215,-933
115000232,1426,173,1253
115000233,143,163,-20
115000234,39,290,-251
115000241,99,237,-138
115000242,61,240,-179
115000243,39,136,-97
115000244,5,110,-105
115000246,37,11,26
115000247,31,22,9
115000248,39,9,30
115000249,20,20,0
115000250,238,34,204
115000251,182,86,96
115000252,81,169,-88
115000253,20,397,-377
115000258,263,116,147
115000259,364,132,232
115000261,21,22,-1
115000262,2,26,-24
115000263,20,44,-24
115000264,19,40,-21
115000267,70,56,14
115000268,42,92,-50
115000269,107,54,53
115000270,9,33,-24
115000272,83,115,-32
115000273,229,20,209
115000280,2922,202,2720
115000281,617,968,-351
115000282,508,436,72
115000284,263,178,85
115000296,1031,15,1016
115000297,137,129,8
115000298,46,489,-443
115000300,154,137,17
115000302,533,121,412
115000303,528,121,407
115000304,661,50,611
115000305,126,518,-392
115000306,161,250,-89
115000307,101,203,-102
115000308,29,24,5
115000310,814,726,88
115000311,934,941,-7
115000313,137,448,-311
115000314,346,173,173
115000315,775,554,221
115000316,82,98,-16
115000317,144,349,-205
115000318,665,289,376
115000319,47,246,-199
115000320,6,268,-262
115000321,317,40,277
115000322,45,153,-108
115000449,171,181,-10
115000557,2,902,-900
115000558,505,108,397
115000587,448,301,147
115000588,1930,2332,-402
115000589,3030,2064,966
115000590,1076,1196,-120
115000591,1342,692,650
115000592,559,1552,-993
115000593,1168,531,637
115000594,793,2287,-1494
115000609,156,168,-12
115000617,1424,2625,-1201
115000624,242,59,183
115000633,383,1633,-1250
115000634,2246,744,1502
115000635,544,160,384
115000638,579,516,63
115000641,74,110,-36
115000642,253,254,-1
115000643,98,446,-348
115000644,118,380,-262
115000646,728,1458,-730
115000647,196,467,-271
115000648,1704,1601,103
115000893,2648,1445,1203
115000894,133,919,-786
115000895,418,881,-463
115000896,1293,410,883
115000897,506,148,358
115000898,466,192,274
115000899,386,904,-518
115000900,65,313,-248
115000901,50,85,-35
115000912,419,79,340
115000913,1,6,-5
115000915,22,0,22
115000916,1,0,1
115000917,0,4,-4
115000918,67,264,-197
115000919,6,13,-7
115000920,11,44,-33
115000921,423,74,349
115000922,1033,725,308
115000923,389,1164,-775
115000925,106,73,33
115000927,54,43,11
115000933,250,236,14
115000934,139,138,1
115000935,120,78,42
115000936,28,522,-494
115000937,767,132,635
115000938,181,208,-27
115000939,280,280,0
115000940,32,18,14
115000941,15,11,4
115000942,29,96,-67
115000943,46,20,26
115000944,0,28,-28
115900001,73,17,56
115900002,67,73,-6
115900003,175,62,113
115900004,2,35,-33
115900005,145,6,139
115900006,157,223,-66
115900008,40,5,35
115900009,56,178,-122
115900010,247,99,148
115900011,425,216,209
115900012,143,58,85
115900013,201,104,97
115900014,142,96,46
115900015,108,48,60
115900016,140,14,126
115900017,17,3,14
115900018,152,42,110
115900019,113,10,103
115900020,58,1,57
115900021,946,147,799
115900022,1071,12,1059
115900023,21,3,18
115900025,28,193,-165
115900026,611,212,399
115900027,0,251,-251
115900028,612,53,559
115900029,36,319,-283
115900030,13,20,-7
115900031,279,252,27
115900032,442,582,-140
115900033,1,38,-37
115900034,32,253,-221
115900035,39,24,15
115900036,56,646,-590
115900037,54,259,-205
115900038,29,13,16
115900039,135,173,-38
115900041,447,569,-122
115900042,18,3,15
115900043,91,38,53
115900044,255,201,54
115900046,189,172,17
115900047,151,116,35
115900049,129,160,-31
115900051,1,33,-32
115900052,19,167,-148
115900053,175,137,38
115900054,200,43,157
115900055,10,78,-68
115900056,147,214,-67
115900057,12,4,8
115900058,30,44,-14
115900060,49,119,-70
115900061,194,2,192
115900062,14,277,-263
115900063,73,14,59
115900064,118,249,-131
115900065,104,128,-24
115900066,138,96,42
115900067,8,385,-377
115900068,2379,760,1619
115900069,47,140,-93
115900070,149,176,-27
115900071,0,319,-319
115900072,25,101,-76
115900073,67,89,-22
115900074,4,267,-263
115900075,15,186,-171
115900076,2,39,-37
115900077,4,186,-182
115900078,80,87,-7
115900079,127,13,114
115900080,402,172,230
115900081,15,45,-30
115900082,102,109,-7
115900084,382,14,368
115900085,46,60,-14
115900086,1202,505,697
115900088,8,43,-35
115900089,270,558,-288
115900090,291,4,287
115900091,4,10,-6
115900092,37,139,-102
115900093,13,13,0
115900094,3,223,-220
115900096,1,5,-4
115900097,4,281,-277
115900098,193,235,-42
115900099,162,59,103
115900100,10,370,-360
115900101,93,188,-95
115900102,52,62,-10
115900103,235,114,121
115900104,53,66,-13
115900105,192,391,-199
115900106,60,41,19
115900107,64,69,-5
115900108,94,84,10
115900109,37,285,-248
115900110,4,24,-20
115900111,4,86,-82
115900112,25,538,-513
115900113,32,86,-54
115900114,1,89,-88
115900115,32,113,-81
115900116,63,581,-518
115900117,78,25,53
115900118,0,211,-211
115900119,81,82,-1
115900120,39,210,-171
115900121,193,231,-38
115900124,559,599,-40
115900125,275,36,239
115900126,513,67,446
115900127,542,62,480
115900128,5,139,-134
115900129,560,61,499
115900130,28,202,-174
115900131,403,17,386
115900132,452,5,447
115900134,234,6,228
115900135,471,932,-461
115900137,34,8,26
115900139,41,78,-37
115900140,227,34,193
115900141,10,51,-41
115900142,9,31,-22
115900143,183,269,-86
115900144,69,173,-104
115900146,4,57,-53
115900147,202,185,17
115900148,99,6,93
115900149,95,13,82
115900150,45,23,22
115900151,30,129,-99
115900152,97,239,-142
115900153,77,144,-67
115900154,308,306,2
115900155,0,29,-29
115900156,607,756,-149
115900157,146,347,-201
115900158,9,17,-8
115900159,129,187,-58
115900160,7,6,1
115900161,34,150,-116
115900163,136,129,7
115900164,445,4,441
115900166,127,92,35
115900168,80,116,-36
115900171,65,317,-252
115900172,60,92,-32
115900173,211,104,107
115900174,250,208,42
115900175,65,190,-125
115900178,1,430,-429
115900179,224,22,202
115900180,102,133,-31
115900181,131,159,-28
115900182,297,123,174
115900183,36,32,4
115900184,1201,7,1194
115900187,11,98,-87
115900189,1,200,-199
115900190,312,1038,-726
115900191,26,237,-211
115900192,13,97,-84
115900193,313,108,205
115900194,576,33,543
115900195,536,1764,-1228
115900198,136,253,-117
115900199,148,212,-64
115900200,209,350,-141
115900201,466,352,114
115900202,3,45,-42
115900203,9,11,-2
115900204,1,9,-8
115900205,82,24,58
115900206,154,148,6
115900207,27,43,-16
115900208,213,114,99
115900209,2,135,-133
115900210,6,124,-118
115900211,1,130,-129
115900212,135,201,-66
115900213,164,61,103
115900214,445,180,265
115900215,26,106,-80
115900216,4,79,-75
115900217,6,40,-34
115900218,2,13,-11
115900219,104,4,100
115900220,114,30,84
115900221,104,6,98
115900222,25,23,2
115900223,11,331,-320
115900224,738,841,-103
115900225,64,31,33
115900226,20,23,-3
115900227,6,40,-34
115900228,9,31,-22
115900229,4,42,-38
115900230,24,95,-71
115900231,103,8,95
115900232,37,13,24
115900233,117,12,105
115900234,58,21,37
115900235,23,29,-6
115900236,152,26,126
115900237,47,31,16
115900238,85,19,66
115900239,20,23,-3
115900240,7,30,-23
115900241,196,74,122
115900242,270,293,-23
115900243,11,11,0
115900244,15,7,8
115900245,48,10,38
115900246,8,6,2
115900247,33,13,20
115900248,11,4,7
115900249,3,12,-9
115900250,3,20,-17
115900251,2,5,-3
115900252,3,4,-1
115900253,9,17,-8
115900254,4,21,-17
115900255,0,6,-6
115900256,17,61,-44
115900257,2,6,-4
115900258,0,2,-2
115900259,4,2,2
115900260,5,1,4
115900261,7,0,7
115900262,7,1,6
115900263,10,0,10
115900264,7,3,4
115900265,2,10,-8
115900266,3,12,-9
115900267,17,16,1
115900268,2,7,-5
115900269,357,307,50
115900270,334,298,36
115900271,91,2,89
115900272,29,18,11
115900273,2,14,-12
115900274,2,12,-10
115900275,0,9,-9
115900276,0,19,-19
115900277,2,47,-45
115900278,23,70,-47
115900279,32,144,-112
115900280,9,306,-297
115900281,294,224,70
115900282,9,7,2
115900283,5,22,-17
115900284,19,4,15
116000001,8816,3743,5073
116000002,4046,8264,-4218
116000003,1446,1578,-132
116000004,2172,2674,-502
116000005,2655,3167,-512
116000006,2807,2482,325
116000007,2285,3141,-856
116000008,3029,2225,804
116000009,1390,1983,-593
116000010,2036,1435,601
116000011,795,1623,-828
116000012,1500,1021,479
116000013,4942,2100,2842
116000014,8702,8744,-42
116000015,167,849,-682
116000016,3536,2395,1141
116000017,21,651,-630
116000018,708,232,476
116000019,490,253,237
116000020,535,580,-45
116000021,307,238,69
116000022,359,290,69
116000023,782,515,267
116000024,610,642,-32
116000025,618,609,9
116000026,1572,2115,-543
116000027,394,507,-113
116000028,414,699,-285
116000029,548,534,14
116000030,730,413,317
116000031,148,247,-99
116000032,399,139,260
116000033,278,340,-62
116000034,595,636,-41
116000035,278,527,-249
116000036,1705,1094,611
116000037,532,492,40
116000038,448,503,-55
116000039,592,360,232
116000040,734,303,431
116000041,153,351,-198
116000042,592,247,345
116000043,60,624,-564
116000044,22,89,-67
116000045,1692,901,791
116000046,897,1577,-680
116000047,1344,1805,-461
116000048,1617,1497,120
116000049,1087,2822,-1735
116000050,1264,1024,240
116000051,5605,2724,2881
116000052,5022,4616,406
116000053,1710,811,899
116000054,664,2320,-1656
116000055,622,835,-213
116000056,917,1024,-107
116000057,2382,1635,747
116000058,2472,2484,-12
116000059,3166,4075,-909
116000060,1966,913,1053
116000061,629,950,-321
116000062,528,224,304
116000063,596,914,-318
116000066,300,525,-225
116000067,213,402,-189
116000068,206,279,-73
116000069,205,355,-150
116000078,527,937,-410
116000080,1558,818,740
116000082,11,39,-28
116000083,1377,430,947
116000084,1851,3337,-1486
116000085,1909,1637,272
116000086,1743,1153,590
116000087,1766,1384,382
116000088,716,807,-91
116000089,215,84,131
116000090,99,185,-86
116000091,291,247,44
116000093,569,334,235
116000094,462,528,-66
116000095,726,416,310
116000096,590,1107,-517
116000097,830,511,319
116000098,136,4924,-4788
116000099,4714,256,4458
116000100,251,24,227
116000101,827,755,72
116000102,195,1158,-963
116000103,550,261,289
116000104,162,1067,-905
116000105,932,161,771
116000106,761,911,-150
116000107,2409,330,2079
116000108,180,175,5
116000111,103,27,76
116000113,130,108,22
116000114,46,127,-81
116000115,305,132,173
116000116,244,432,-188
116000117,1307,1421,-114
116000118,1142,936,206
116000119,2646,1689,957
116000120,2526,2903,-377
116000121,779,493,286
116000122,1010,1311,-301
116000123,909,377,532
116000124,337,756,-419
116000125,2471,666,1805
116000126,233,1224,-991
116000127,764,977,-213
116000128,1491,781,710
116000129,1083,251,832
116000130,509,427,82
116000133,906,734,172
116000134,1454,1663,-209
116000135,2175,1372,803
116000136,1071,1705,-634
116000137,1112,689,423
116000138,752,539,213
116000139,1172,1651,-479
116000140,114,155,-41
116000141,264,551,-287
116000142,2609,2141,468
116000143,1585,1386,199
116000144,1216,1729,-513
116000145,1461,1014,447
116000146,390,162,228
116000147,178,129,49
116000148,402,430,-28
116000149,633,520,113
116000151,488,418,70
116000153,121,259,-138
116000155,169,185,-16
116000156,499,832,-333
116000157,80,27,53
116000158,369,237,132
116000159,31,8,23
116000160,8,44,-36
116000161,3,79,-76
116000162,72,67,5
116000163,13,12,1
116000164,5,23,-18
116000177,156,115,41
116000194,83,293,-210
116000195,1280,551,729
116000196,20,2,18
116000197,5,17,-12
116000198,2202,881,1321
116000200,619,459,160
116000201,665,577,88
116000202,15,256,-241
116000203,3,82,-79
116000204,13,65,-52
116000205,1,128,-127
116000206,4,111,-107
116000207,6,65,-59
116000233,155,338,-183
116000287,140,342,-202
116000288,257,207,50
116000292,45,90,-45
116000296,24,214,-190
116000297,174,37,137
116000304,114,45,69
116000305,49,64,-15
116000346,117,79,38
116000352,51,15,36
116000354,20,17,3
116000357,2,31,-29
116000358,408,47,361
116000361,295,1,294
116000372,4166,3475,691
116000381,109,0,109
116000388,1,61,-60
116000389,893,449,444
116000445,344,413,-69
116000446,514,504,10
116000447,20,459,-439
116000448,442,146,296
116000563,1028,777,251
116000565,52,325,-273
116000568,58,136,-78
116000579,39,130,-91
116000583,117,70,47
116000584,19,7,12
116000585,25,17,8
116000586,85,110,-25
116000587,432,600,-168
116000589,83,83,0
116000590,57,72,-15
116000591,232,196,36
116000592,16,65,-49
116000593,2,30,-28
116000594,489,353,136
116000595,569,127,442
116000596,63,5,58
116000597,377,61,316
116000598,23,176,-153
116000605,531,129,402
116000606,115,242,-127
116000607,3,31,-28
116000609,136,731,-595
116000611,116,359,-243
116000612,685,1593,-908
116000613,603,288,315
116000614,364,503,-139
116000615,5,333,-328
116000616,48,54,-6
116000617,74,40,34
116000618,0,47,-47
116000619,43,69,-26
116000620,109,387,-278
116000621,44,93,-49
116000622,40,129,-89
116000624,173,80,93
116000627,102,66,36
116000628,124,229,-105
116000629,23,230,-207
116000630,293,31,262
116000631,117,58,59
116000632,578,64,514
116000633,147,196,-49
116000634,276,114,162
116000635,2584,2093,491
116000636,909,1238,-329
116000637,384,80,304
116000638,93,305,-212
116000639,94,4,90
116000640,20,22,-2
116000641,37,143,-106
116000643,1,157,-156
116000644,26,428,-402
116000645,21,18,3
116900001,201,166,35
116900002,211,12,199
116900003,28,39,-11
116900004,22,44,-22
116900005,224,68,156
116900006,103,220,-117
116900007,104,157,-53
116900008,414,218,196
116900009,10,3,7
116900010,646,939,-293
116900011,17,41,-24
116900012,233,191,42
116900013,2,119,-117
116900014,114,185,-71
116900015,310,46,264
116900016,221,1,220
116900017,7,401,-394
116900018,52,61,-9
116900019,1,235,-234
116900020,724,743,-19
116900023,69,8,61
116900024,495,23,472
116900025,903,641,262
116900026,94,350,-256
116900027,26,39,-13
116900028,6,77,-71
116900029,0,37,-37
116900031,0,1,-1
116900032,5,292,-287
116900033,10,12,-2
116900034,9,50,-41
116900035,152,140,12
116900036,6,88,-82
116900038,52,6,46
116900041,13,10,3
116900042,489,184,305
116900043,21,32,-11
116900047,34,126,-92
116900049,16,267,-251
116900050,88,341,-253
116900051,141,151,-10
116900052,201,85,116
116900055,1,13,-12
116900057,13,177,-164
116900058,28,258,-230
116900059,3,120,-117
116900060,192,180,12
116900062,0,16,-16
116900064,76,565,-489
116900065,53,86,-33
116900067,76,54,22
116900068,94,142,-48
116900070,2,4,-2
116900072,11,278,-267
116900073,14,97,-83
116900074,3,34,-31
116900076,11,55,-44
116900077,9,129,-120
116900078,204,64,140
116900079,69,178,-109
116900080,3,20,-17
116900081,326,1003,-677
116900082,300,732,-432
116900083,41,26,15
116900084,158,44,114
116900085,47,132,-85
116900086,46,149,-103
116900088,273,121,152
116900090,119,40,79
116900091,329,31,298
116900092,75,468,-393
116900093,1260,1604,-344
116900094,2819,2591,228
116900095,170,112,58
116900096,85,260,-175
116900097,2120,2139,-19
116900098,809,375,434
116900099,668,512,156
116900100,614,22,592
116900101,274,328,-54
116900103,11,0,11
116900104,91,52,39
116900105,223,86,137
116900106,709,3,706
116900107,2570,1984,586
116900110,5,0,5
116900111,458,436,22
116900112,196,716,-520
116900113,1290,1174,116
116900116,154,597,-443
116900117,127,102,25
116900118,538,648,-110
116900120,288,56,232
116900121,180,13,167
116900122,711,557,154
116900123,137,520,-383
116900124,195,691,-496
116900125,318,158,160
116900126,81,401,-320
116900128,0,30,-30
116900129,2,281,-279
116900130,527,2685,-2158
116900131,100,287,-187
116900132,57,98,-41
116900133,135,137,-2
116900134,189,230,-41
116900136,261,174,87
116900137,303,128,175
116900138,181,124,57
116900139,100,403,-303
116900140,205,129,76
116900141,758,421,337
116900142,6,84,-78
116900143,303,309,-6
116900144,30,78,-48
116900145,93,155,-62
116900147,486,365,121
116900148,8,31,-23
116900149,56,231,-175
116900150,12,12,0
116900151,33,18,15
116900153,103,66,37
116900154,378,459,-81
116900155,88,56,32
116900157,423,252,171
116900158,119,219,-100
116900159,51,214,-163
116900160,646,688,-42
116900161,5129,4748,381
116900162,5,82,-77
116900163,110,86,24
116900164,100,49,51
116900165,259,240,19
116900166,52,41,11
116900167,351,73,278
116900168,292,54,238
116900169,456,421,35
116900170,267,476,-209
116900171,29,122,-93
116900172,174,355,-181
116900173,152,21,131
116900174,43,47,-4
116900175,124,164,-40
116900178,44,103,-59
116900179,104,269,-165
116900180,78,24,54
116900182,396,211,185
116900183,135,87,48
116900185,25,57,-32
116900186,56,161,-105
116900187,107,63,44
116900188,154,19,135
116900189,66,2,64
116900191,378,611,-233
116900192,218,93,125
116900194,139,1139,-1000
116900195,40,24,16
116900196,15,62,-47
116900197,82,30,52
116900198,130,204,-74
116900200,63,16,47
116900201,108,16,92
116900202,65,40,25
116900203,107,14,93
116900204,48,85,-37
116900206,20,23,-3
116900207,28,23,5
116900208,16,100,-84
116900209,39,83,-44
116900210,475,234,241
116900211,215,6,209
116900212,48,47,1
116900213,247,137,110
116900214,149,148,1
116900215,36,72,-36
116900216,239,171,68
116900218,3,171,-168
116900219,1042,355,687
116900220,97,132,-35
116900221,90,319,-229
116900222,308,305,3
116900223,96,268,-172
116900226,67,44,23
116900227,114,68,46
116900228,293,184,109
116900230,44,213,-169
116900231,17,291,-274
116900232,9,284,-275
116900233,226,81,145
116900234,0,5,-5
116900235,402,279,123
116900238,1397,247,1150
116900239,0,757,-757
116900240,3793,2582,1211
116900241,64,112,-48
116900242,760,551,209
116900243,0,21,-21
116900245,26,17,9
116900246,97,12,85
116900247,655,91,564
116900248,64,51,13
116900249,189,69,120
116900250,476,38,438
116900251,374,459,-85
116900252,187,561,-374
116900254,18,98,-80
116900255,79,44,35
116900256,436,108,328
116900257,22,377,-355
116900258,2,190,-188
116900259,185,11,174
116900260,1,69,-68
116900261,55,3,52
116900262,383,140,243
116900263,0,9,-9
116900264,73,52,21
116900265,29,0,29
116900266,18,28,-10
116900267,3,1,2
116900268,131,98,33
116900269,187,474,-287
116900271,900,146,754
116900272,358,199,159
116900273,144,60,84
116900274,117,82,35
116900275,149,74,75
116900276,361,138,223
116900277,497,21,476
116900278,7,5,2
116900279,0,24,-24
116900280,29,28,1
116900281,3860,3112,748
116900282,4,81,-77
116900283,11,75,-64
116900284,4,160,-156
116900285,204,196,8
116900286,195,18,177
116900287,7,41,-34
116900288,78,88,-10
116900289,3,5,-2
116900290,5,15,-10
116900291,18,9,9
116900292,0,11,-11
116900293,40,37,3
116900294,23,97,-74
116900295,126,49,77
116900296,67,61,6
116900297,4,104,-100
116900298,78,48,30
116900299,47,68,-21
116900300,3,56,-53
116900301,43,102,-59
116900302,79,59,20
116900303,266,94,172
116900304,0,105,-105
116900305,27,42,-15
116900306,139,127,12
116900307,96,1,95
116900308,1,114,-113
116900309,41,60,-19
116900310,21,36,-15
117000001,1319,1207,112
117000002,1903,3008,-1105
117000003,5067,2822,2245
117000004,3012,3819,-807
117000005,2100,1687,413
117000006,1117,2760,-1643
117000007,3096,1074,2022
117000008,890,2953,-2063
117000009,4430,1779,2651
117000010,2202,3144,-942
117000011,2011,1343,668
117000012,1009,1132,-123
117000013,1576,747,829
117000014,1040,1697,-657
117000015,2002,1072,930
117000016,305,103,202
117000017,222,101,121
117000018,143,437,-294
117000019,105,20,85
117000020,509,964,-455
117000021,1508,494,1014
117000022,287,134,153
117000023,265,193,72
117000024,229,141,88
117000025,322,574,-252
117000026,1936,1101,835
117000027,2248,5170,-2922
117000028,3562,1602,1960
117000030,511,336,175
117000031,356,287,69
117000032,1274,904,370
117000033,949,598,351
117000034,321,271,50
117000035,290,279,11
117000036,389,286,103
117000037,221,230,-9
117000038,152,530,-378
117000039,396,184,212
117000040,202,728,-526
117000041,829,144,685
117000044,13,601,-588
117000045,340,52,288
117000046,349,727,-378
117000047,771,567,204
117000048,1443,681,762
117000049,99,485,-386
117000050,53,812,-759
117000051,1037,55,982
117000052,63,324,-261
117000053,760,82,678
117000054,1429,8,1421
117000055,75,2379,-2304
117000056,581,17,564
117000057,567,1780,-1213
117000060,377,1032,-655
117000061,1309,741,568
117000062,273,501,-228
117000063,1608,911,697
117000064,734,816,-82
117000066,722,826,-104
117000067,106,439,-333
117000074,148,154,-6
117000076,96,48,48
117000077,155,142,13
117000078,150,348,-198
117000079,477,187,290
117000080,5,304,-299
117000081,1219,127,1092
117000082,14,148,-134
117000083,683,213,470
117000084,177,4,173
117000085,226,565,-339
117000086,905,398,507
117000087,65,454,-389
117000088,265,184,81
117000089,1333,301,1032
117000090,220,1079,-859
117000091,740,229,511
117000092,342,998,-656
117000093,1042,697,345
117000094,1117,2153,-1036
117000095,3181,888,2293
117000096,812,1944,-1132
117000097,1247,1158,89
117000098,1962,3287,-1325
117000099,2828,1134,1694
117000100,174,291,-117
117000101,179,823,-644
117000102,1374,644,730
117000103,651,1375,-724
117000104,1106,579,527
117000105,721,1259,-538
117000106,1061,727,334
117000107,461,1301,-840
117000108,1411,853,558
117000109,1430,2152,-722
117000110,1253,848,405
117000111,2969,3692,-723
117000112,2673,1410,1263
117000113,152,199,-47
117000114,240,142,98
117000115,222,82,140
117000116,122,218,-96
117000117,1174,823,351
117000118,232,143,89
117000119,178,181,-3
117000120,157,462,-305
117000121,105,954,-849
117000122,299,561,-262
117000123,1329,32,1297
117000124,673,75,598
117000125,277,114,163
117000126,54,23,31
117000127,142,230,-88
117000128,390,623,-233
117000129,382,704,-322
117000130,97,3,94
117000131,3,105,-102
117000132,2419,20,2399
117000133,1179,36,1143
117000134,0,55,-55
117000135,2,45,-43
117000136,0,34,-34
117000137,89,117,-28
117000138,1,524,-523
117000140,484,1376,-892
117000141,1481,464,1017
117000181,412,295,117
117000182,380,477,-97
117000195,188,855,-667
117000196,262,110,152
117000225,148,23,125
117000226,9,95,-86
117000276,262,2,260
117000277,1,261,-260
117000310,1242,1826,-584
117000315,23,593,-570
117000320,102,0,102
117000906,295,10,285
117000907,9,291,-282
117000909,40,36,4
117000910,191,126,65
117000911,96,205,-109
117000915,3,379,-376
117000916,27,2,25
117000917,984,22,962
117000918,58,51,7
117000919,3,71,-68
117000920,6,1052,-1046
117000921,1,958,-957
117000922,32,111,-79
117000924,675,660,15
117000926,657,92,565
117000927,1571,866,705
117000928,0,146,-146
117000929,176,360,-184
117000930,438,161,277
117000931,397,157,240
117900002,76,337,-261
117900003,567,320,247
117900005,6,37,-31
117900006,2,32,-30
117900007,120,104,16
117900008,0,33,-33
117900010,239,78,161
117900011,27,82,-55
117900012,49,69,-20
117900013,1,195,-194
117900014,572,117,455
117900015,15,87,-72
117900016,866,678,188
117900017,576,290,286
117900018,212,93,119
117900019,326,197,129
117900020,59,375,-316
117900021,29,57,-28
117900023,588,175,413
117900024,63,46,17
117900025,33,7,26
117900026,365,266,99
117900028,57,5,52
117900029,189,542,-353
117900031,208,89,119
117900032,994,465,529
117900033,194,456,-262
117900034,56,33,23
117900035,225,111,114
117900036,176,275,-99
117900037,120,131,-11
117900038,48,281,-233
117900039,4,54,-50
117900040,148,321,-173
117900041,4,28,-24
117900042,2815,223,2592
117900043,23,39,-16
117900044,61,2850,-2789
117900045,131,114,17
117900048,275,250,25
117900049,186,376,-190
117900050,6,54,-48
117900051,41,0,41
117900052,55,299,-244
117900053,1498,597,901
117900054,21,34,-13
117900055,154,157,-3
117900056,246,39,207
117900057,981,1058,-77
117900058,70,26,44
117900059,286,102,184
117900060,1765,5328,-3563
117900061,15,187,-172
117900063,251,128,123
117900065,1398,1271,127
117900066,3,67,-64
117900067,382,183,199
117900069,599,228,371
117900070,184,30,154
117900071,73,88,-15
117900073,362,188,174
117900074,134,59,75
117900075,62,58,4
117900076,17,48,-31
117900077,361,117,244
117900078,289,773,-484
117900080,105,37,68
117900081,495,292,203
117900082,395,292,103
117900083,271,308,-37
117900086,127,27,100
117900087,137,97,40
117900088,3016,1673,1343
117900089,1783,641,1142
117900090,418,335,83
117900091,235,170,65
117900092,72,36,36
117900093,59,107,-48
117900094,25,18,7
117900095,272,475,-203
117900096,88,209,-121
117900097,228,147,81
117900098,44,13,31
117900099,120,145,-25
117900100,168,2,166
117900101,420,1518,-1098
117900102,46,58,-12
117900103,61,0,61
117900104,23,89,-66
117900105,139,165,-26
117900106,112,42,70
117900107,32,0,32
117900109,445,274,171
117900110,139,0,139
117900111,347,33,314
117900112,105,13,92
117900113,2145,1227,918
117900114,18,0,18
117900115,233,53,180
117900116,825,658,167
117900117,447,271,176
117900118,74,0,74
117900119,124,129,-5
117900120,125,44,81
117900121,141,56,85
117900122,1048,2867,-1819
117900123,489,314,175
117900124,1426,752,674
117900125,1595,1866,-271
117900126,231,455,-224
117900127,350,381,-31
117900128,315,449,-134
117900129,53,0,53
117900130,1343,325,1018
117900131,1,134,-133
117900132,13,99,-86
117900133,29,91,-62
117900134,97,251,-154
117900135,21,161,-140
117900136,0,25,-25
117900137,46,256,-210
117900138,0,28,-28
117900139,110,113,-3
117900140,2673,42,2631
117900141,196,180,16
117900142,140,54,86
117900144,52,109,-57
117900145,31,41,-10
117900146,195,121,74
117900147,65,50,15
117900148,2191,1456,735
117900149,181,162,19
117900150,43,44,-1
117900151,29,45,-16
117900152,114,69,45
117900153,28,71,-43
117900154,339,445,-106
117900156,832,620,212
117900157,85,499,-414
117900158,211,134,77
117900160,594,699,-105
117900161,2221,1723,498
117900162,337,375,-38
117900163,89,124,-35
117900165,0,20,-20
117900166,120,530,-410
117900168,50,155,-105
117900169,1,108,-107
117900170,16,28,-12
117900171,4,15,-11
117900172,18,32,-14
117900173,116,88,28
117900174,23,65,-42
117900175,1,52,-51
117900176,7,28,-21
117900177,97,33,64
117900178,215,31,184
117900180,216,28,188
117900181,71,229,-158
117900182,3,31,-28
117900183,55,174,-119
117900184,39,70,-31
117900185,39,45,-6
117900186,48,16,32
117900187,23,13,10
117900188,213,73,140
117900189,71,35,36
117900190,42,2,40
117900191,74,2,72
117900192,259,1,258
117900193,25,98,-73
117900194,2,30,-28
117900195,35,59,-24
117900196,14,43,-29
117900207,103,83,20
117900208,29,18,11
117900209,221,217,4
117900210,94,170,-76
117900211,2,107,-105
117900212,98,112,-14
117900213,17,8,9
117900214,4,28,-24
117900215,45,40,5
117900216,26,20,6
117900217,90,251,-161
117900218,148,139,9
117900219,7,72,-65
117900220,103,59,44
117900222,202,206,-4
117900223,174,256,-82
118000001,617,813,-196
118000002,619,1528,-909
118000003,2028,2737,-709
118000004,2588,2187,401
118000005,3914,4480,-566
118000006,4482,8382,-3900
118000007,4279,2907,1372
118000008,4565,3313,1252
118000009,2732,2377,355
118000010,3912,3112,800
118000011,1335,1852,-517
118000012,889,1715,-826
118000013,2240,1841,399
118000014,2149,2677,-528
118000016,203,327,-124
118000017,409,298,111
118000018,382,443,-61
118000019,1997,1403,594
118000020,1210,2830,-1620
118000021,561,2637,-2076
118000022,1513,702,811
118000023,865,354,511
118000024,1321,1101,220
118000027,12297,10680,1617
118000029,864,615,249
118000032,1204,3320,-2116
118000033,2356,5150,-2794
118000034,4238,2353,1885
118000035,1626,2566,-940
118000036,930,1159,-229
118000037,625,751,-126
118000038,156,90,66
118000039,61,172,-111
118000040,1453,1135,318
118000041,1893,1208,685
118000045,341,57,284
118000046,1407,562,845
118000047,870,812,58
118000048,2547,1552,995
118000051,2428,1176,1252
118000052,1735,651,1084
118000053,218,358,-140
118000054,1424,932,492
118000055,943,1043,-100
118000056,917,346,571
118000057,181,264,-83
118000058,2342,1574,768
118000059,1536,1144,392
118000060,830,505,325
118000061,1352,952,400
118000062,462,224,238
118000063,267,605,-338
118000064,813,917,-104
118000065,3422,1388,2034
118000066,683,1361,-678
118000067,1113,844,269
118000068,1707,3786,-2079
118000069,4111,1087,3024
118000070,4186,1507,2679
118000071,2927,5770,-2843
118000072,1516,1096,420
118000073,2387,563,1824
118000074,424,493,-69
118000075,844,256,588
118000076,1644,2279,-635
118000077,1205,1171,34
118000078,1605,2013,-408
118000079,210,294,-84
118000080,957,874,83
118000081,1748,1065,683
118000082,297,970,-673
118000083,1305,1538,-233
118000084,2778,1341,1437
118000086,218,496,-278
118000087,3671,2146,1525
118000088,1762,1381,381
118000089,2825,1700,1125
118000090,1125,2234,-1109
118000091,451,1700,-1249
118000092,941,464,477
118000093,100,575,-475
118000096,395,548,-153
118000097,766,588,178
118000098,261,195,66
118000099,424,612,-188
118000101,956,347,609
118000102,357,953,-596
118000107,1476,458,1018
118000108,567,1654,-1087
118000110,1,12,-11
118000111,2,237,-235
118000112,549,3,546
118000113,1,538,-537
118000114,410,2,408
118000115,8,5,3
118000116,45,0,45
118000117,1056,660,396
118000118,744,794,-50
118000119,764,947,-183
118000120,1366,968,398
118000121,102,733,-631
118000122,1330,371,959
118000123,34,285,-251
118000125,1647,1097,550
118000126,678,1306,-628
118000127,1643,546,1097
118000128,1141,1129,12
118000129,768,391,377
118000130,1700,2425,-725
118000131,416,798,-382
118000132,2192,1632,560
118000133,904,399,505
118000135,491,336,155
118000136,147,462,-315
118000137,677,99,578
118000138,495,482,13
118000139,332,101,231
118000140,1997,3535,-1538
118000141,1716,1577,139
118000142,1660,1277,383
118000143,1818,1047,771
118000144,1108,613,495
118000145,1124,1162,-38
118000146,994,767,227
118000147,726,1269,-543
118000148,534,1020,-486
118000149,881,913,-32
118000150,398,261,137
118000151,436,390,46
118000153,1043,963,80
118000154,1564,1249,315
118000155,1074,1086,-12
118000156,1382,1961,-579
118000157,508,325,183
118000158,205,340,-135
118000159,35,69,-34
118000160,421,345,76
118000161,415,593,-178
118000162,1284,891,393
118000163,786,637,149
118000164,1480,1105,375
118000168,634,315,319
118000169,881,1093,-212
118000170,3783,5163,-1380
118000171,250,681,-431
118000172,101,267,-166
118000173,924,1150,-226
118000175,254,289,-35
118000176,212,403,-191
118000177,221,573,-352
118000178,33,40,-7
118000179,1007,1098,-91
118000180,686,643,43
118000181,356,108,248
118000182,369,227,142
118000183,344,376,-32
118000184,715,586,129
118000185,966,1090,-124
118000186,714,987,-273
118000187,1139,641,498
118000188,366,152,214
118000189,388,419,-31
118000190,6,9,-3
118000191,20,4,16
118000192,806,453,353
118000193,122,369,-247
118000194,1087,829,258
118000195,948,904,44
118000196,311,159,152
118000197,212,142,70
118000198,606,605,1
118000199,426,282,144
118000200,88,170,-82
118000201,303,415,-112
118000202,41,45,-4
118000203,1023,476,547
118000204,164,339,-175
118000205,187,300,-113
118000206,177,142,35
118000207,1,48,-47
118000208,1023,1287,-264
118000209,1593,1576,17
118000210,76,45,31
118000211,33,33,0
118000213,984,1231,-247
118000214,511,464,47
118000215,402,149,253
118000216,1299,1647,-348
118000217,23,108,-85
118000218,75,88,-13
118000219,382,213,169
118000220,4,26,-22
118000221,160,217,-57
118000222,51,9,42
118000223,36,33,3
118000224,110,85,25
118000225,124,507,-383
118000226,788,156,632
118000227,677,330,347
118000228,128,219,-91
118000229,199,50,149
118000230,108,155,-47
118000231,71,200,-129
118000232,599,636,-37
118000233,894,687,207
118000234,344,138,206
118000236,305,203,102
118000237,85,243,-158
118000238,206,119,87
118000239,241,185,56
118000240,316,148,168
118000241,93,135,-42
118000242,266,389,-123
118000243,217,165,52
118000244,55,135,-80
118000246,5,11,-6
118000255,69,242,-173
118000256,149,247,-98
118000259,7,37,-30
118000260,122,105,17
118000261,37,38,-1
118000263,58,115,-57
118000266,109,169,-60
118000267,0,84,-84
118000268,317,0,317
118000270,67,14,53
118000271,164,232,-68
118000272,72,25,47
118000273,116,54,62
118000274,73,183,-110
118000276,446,291,155
118000295,5,66,-61
118000298,107,234,-127
118000299,53,117,-64
118000301,0,46,-46
118000302,69,57,12
118000311,295,102,193
118000312,218,148,70
118000313,39,86,-47
118000314,98,40,58
118000315,13,41,-28
118000316,610,413,197
118000325,38,40,-2
118000326,17,33,-16
118000331,14,35,-21
118000332,16,29,-13
118000333,31,48,-17
118000335,258,0,258
118000336,1,133,-132
118000407,120,41,79
118000457,3,25,-22
118000465,2743,3634,-891
118000480,29,53,-24
118000489,25,245,-220
118000490,55,256,-201
118000492,338,173,165
118000510,60,9,51
118000514,123,242,-119
118000515,610,506,104
118000517,314,161,153
118000524,231,190,41
118000525,699,603,96
118000530,17,67,-50
118000531,325,263,62
118000532,179,210,-31
118000533,334,146,188
118000534,569,405,164
118000535,255,158,97
118000536,552,1204,-652
118000537,16,157,-141
118000538,42,49,-7
118000539,7,68,-61
118000540,206,76,130
118000541,156,45,111
118000542,87,143,-56
118000543,113,163,-50
118000546,57,19,38
118000553,0,2,-2
118000557,0,0,0
118000560,1755,1567,188
118000562,38,133,-95
118000563,1207,1070,137
118000576,184,137,47
118000577,152,186,-34
118000578,226,105,121
118000579,601,901,-300
118000583,0,0,0
118000595,244,114,130
118000596,0,46,-46
118000597,178,137,41
118000598,6,1,5
118000599,59,40,19
118000600,3,7,-4
118000601,5,0,5
118000602,2,5,-3
118000603,0,36,-36
118000605,36,258,-222
118000606,67,31,36
118900001,421,895,-474
118900002,572,597,-25
118900003,261,5,256
118900004,55,59,-4
118900005,65,4,61
118900006,124,12,112
118900007,13,3,10
118900008,1329,42,1287
118900009,57,34,23
118900010,44,6,38
118900011,116,28,88
118900012,359,129,230
118900013,380,122,258
118900015,134,66,68
118900016,7,20,-13
118900017,188,285,-97
118900018,725,31,694
118900019,43,29,14
118900020,161,109,52
118900021,152,279,-127
118900022,143,110,33
118900023,130,102,28
118900024,89,91,-2
118900025,80,22,58
118900026,58,78,-20
118900027,321,150,171
118900028,130,117,13
118900029,175,286,-111
118900030,240,32,208
118900031,155,99,56
118900032,159,162,-3
118900033,257,363,-106
118900034,118,12,106
118900035,129,144,-15
118900036,969,564,405
118900037,249,234,15
118900038,310,141,169
118900039,271,114,157
118900040,173,141,32
118900041,481,152,329
118900042,221,92,129
118900045,241,154,87
118900046,725,388,337
118900047,443,236,207
118900048,107,137,-30
118900049,63,45,18
118900050,23,103,-80
118900051,136,107,29
118900052,202,166,36
118900053,22,88,-66
118900054,92,46,46
118900055,60,48,12
118900056,13,235,-222
118900057,582,447,135
118900058,263,221,42
118900059,14,56,-42
118900060,242,180,62
118900062,232,148,84
118900064,458,431,27
118900065,41,80,-39
118900066,73,69,4
118900067,3446,2707,739
118900068,9,153,-144
118900069,322,246,76
118900071,4,64,-60
118900072,333,338,-5
118900073,104,110,-6
118900074,116,123,-7
118900075,47,51,-4
118900076,159,105,54
118900077,211,192,19
118900078,23,1,22
118900079,55,146,-91
118900080,13,85,-72
118900081,78,35,43
118900082,619,170,449
118900083,14,5,9
118900084,14,26,-12
118900085,597,680,-83
118900086,62,58,4
118900087,21,191,-170
118900088,0,4,-4
118900089,24,15,9
118900090,338,330,8
118900091,116,152,-36
118900092,106,57,49
118900093,111,16,95
118900096,66,87,-21
118900097,217,366,-149
118900099,72,159,-87
118900100,114,184,-70
118900101,43,353,-310
118900102,27,83,-56
118900103,25,66,-41
118900104,153,119,34
118900105,172,73,99
118900107,123,66,57
118900108,75,53,22
118900110,733,475,258
118900111,366,368,-2
118900112,75,128,-53
118900113,230,313,-83
118900114,20,46,-26
118900115,62,315,-253
118900116,113,225,-112
118900117,108,157,-49
118900118,231,261,-30
118900119,135,154,-19
118900120,61,306,-245
118900121,11,135,-124
118900122,8,667,-659
118900123,119,209,-90
118900124,58,161,-103
118900126,26,295,-269
118900129,232,162,70
118900130,60,181,-121
118900131,162,163,-1
118900132,211,150,61
118900133,14,104,-90
118900135,136,179,-43
118900136,148,441,-293
118900137,17,24,-7
118900139,170,244,-74
118900140,347,456,-109
118900141,112,83,29
118900144,131,267,-136
118900145,320,101,219
118900146,256,505,-249
118900147,141,133,8
118900148,60,38,22
118900150,393,545,-152
118900152,476,627,-151
118900157,78,125,-47
118900158,62,37,25
118900159,3,141,-138
118900161,58,13,45
118900163,89,113,-24
118900164,2,153,-151
118900165,35,86,-51
118900166,44,1,43
118900167,42,94,-52
118900168,51,162,-111
118900169,86,169,-83
118900170,75,79,-4
118900171,26,35,-9
118900174,56,50,6
118900175,377,440,-63
118900176,110,239,-129
118900177,40,25,15
118900178,21,157,-136
118900179,17,34,-17
118900181,106,65,41
118900182,44,28,16
118900183,24,92,-68
118900184,181,66,115
118900185,139,102,37
118900186,95,96,-1
118900187,211,221,-10
118900188,209,229,-20
118900189,21,586,-565
118900190,7,226,-219
118900191,136,67,69
118900192,132,10,122
118900193,351,6,345
118900195,213,427,-214
118900196,28,70,-42
118900197,111,32,79
118900198,13,8,5
118900199,70,32,38
118900200,23,7,16
118900201,21,16,5
118900202,6,46,-40
118900203,5,20,-15
118900204,10,21,-11
118900205,1,8,-7
118900206,4,9,-5
119000001,989,1400,-411
119000002,2861,2476,385
119000003,1853,976,877
119000004,1789,997,792
119000005,1428,1513,-85
119000006,2444,1409,1035
119000007,2523,2245,278
119000008,1531,1383,148
119000009,3068,3701,-633
119000010,4653,3589,1064
119000011,2998,2210,788
119000012,2370,2704,-334
119000013,2112,1389,723
119000014,1741,2535,-794
119000019,215,122,93
119000020,1774,1161,613
119000021,3748,2024,1724
119000022,2013,2073,-60
119000023,312,229,83
119000024,1518,7468,-5950
119000025,2720,362,2358
119000026,151,375,-224
119000027,1764,669,1095
119000028,1557,948,609
119000029,83,291,-208
119000030,510,679,-169
119000031,732,594,138
119000032,1630,2017,-387
119000033,1756,1142,614
119000034,911,836,75
119000035,38,277,-239
119000036,1376,644,732
119000037,896,1228,-332
119000038,130,579,-449
119000039,292,248,44
119000040,725,504,221
119000041,629,1067,-438
119000048,2606,2473,133
119000049,1470,1751,-281
119000050,2040,1558,482
119000051,2350,865,1485
119000052,1734,2521,-787
119000053,1657,1017,640
119000054,1772,1444,328
119000055,2827,2232,595
119000056,2163,1742,421
119000057,1689,1892,-203
119000058,1647,1475,172
119000059,1022,1293,-271
119000060,1394,898,496
119000061,853,726,127
119000062,959,1143,-184
119000063,514,398,116
119000064,866,919,-53
119000065,1687,2899,-1212
119000066,1796,1043,753
119000067,1701,1719,-18
119000068,1409,956,453
119000069,1344,1953,-609
119000070,2138,944,1194
119000071,524,537,-13
119000072,3649,2519,1130
119000073,3784,5717,-1933
119000074,1286,2022,-736
119000075,2015,1914,101
119000076,302,1000,-698
119000077,560,510,50
119000078,320,239,81
119000079,267,621,-354
119000080,343,139,204
119000081,216,367,-151
119000082,666,248,418
119000083,541,336,205
119000084,261,359,-98
119000085,426,182,244
119000086,273,409,-136
119000087,1384,754,630
119000088,350,275,75
119000089,76,147,-71
119000090,143,135,8
119000091,112,357,-245
119000092,404,159,245
119000093,2822,2419,403
119000094,2825,4062,-1237
119000095,1693,2576,-883
119000097,2511,1187,1324
119000098,1001,2781,-1780
119000099,2554,1860,694
119000100,3300,2772,528
119000101,3733,1982,1751
119000102,788,1020,-232
119000103,1351,463,888
119000104,1826,895,931
119000105,861,1692,-831
119000106,456,1038,-582
119000107,743,431,312
119000108,314,711,-397
119000109,122,461,-339
119000110,378,358,20
119000111,26,591,-565
119000112,158,126,32
119000113,1849,234,1615
119000114,747,658,89
119000115,113,103,10
119000116,61,80,-19
119000117,99,214,-115
119000118,4,2,2
119000123,3401,2007,1394
119000124,615,176,439
119000125,3228,597,2631
119000126,1012,651,361
119000127,194,267,-73
119000128,10,0,10
119000131,1040,821,219
119000132,0,1,-1
119000133,4,5,-1
119000134,1711,477,1234
119000135,103,185,-82
119000136,175,170,5
119000137,216,265,-49
119000138,407,285,122
119000139,263,163,100
119000140,178,279,-101
119000284,1049,2180,-1131
119000285,1750,1895,-145
119000286,5676,4381,1295
119000287,1409,1951,-542
119000288,1553,1183,370
119000289,1421,2169,-748
119000290,238,503,-265
119000291,18,214,-196
119000293,113,137,-24
119000294,48,28,20
119000295,1345,587,758
119000296,240,212,28
119000302,2117,1100,1017
119000303,43,136,-93
119000314,736,4678,-3942
119000315,12,284,-272
119000316,125,109,16
119000317,68,269,-201
119000319,494,191,303
119900001,194,992,-798
119900002,111,200,-89
119900003,35,790,-755
119900004,299,791,-492
119900005,140,84,56
119900006,182,340,-158
119900007,1019,224,795
119900008,49,39,10
119900009,565,499,66
119900010,635,854,-219
119900011,22,69,-47
119900012,14,64,-50
119900013,1753,1041,712
119900014,403,193,210
119900015,61,25,36
119900016,26,44,-18
119900017,49,36,13
119900018,1507,718,789
119900019,26,11,15
119900020,136,178,-42
119900021,130,144,-14
119900022,93,510,-417
119900023,412,1248,-836
119900025,154,25,129
119900026,503,110,393
119900027,42,12,30
119900028,242,116,126
119900029,2,2,0
119900030,462,410,52
119900031,35,302,-267
119900033,2012,294,1718
119900034,325,106,219
119900037,146,38,108
119900038,24,202,-178
119900039,39,2,37
119900040,114,14,100
119900041,98,32,66
119900042,393,152,241
119900043,88,118,-30
119900044,137,615,-478
119900046,118,47,71
119900047,226,55,171
119900049,147,4,143
119900050,87,71,16
119900051,956,10,946
119900052,60,34,26
119900053,147,129,18
119900054,122,9,113
119900055,986,363,623
119900057,171,54,117
119900058,165,3,162
119900059,120,63,57
119900060,224,13,211
119900061,249,4,245
119900062,63,13,50
119900063,6,43,-37
119900065,217,10,207
119900067,91,24,67
119900068,391,5,386
119900069,125,19,106
119900070,666,4,662
119900071,471,24,447
119900073,1357,597,760
119900074,24,23,1
119900075,3586,2070,1516
119900076,120,69,51
119900077,623,821,-198
119900078,436,642,-206
119900079,186,165,21
119900080,404,255,149
119900081,471,18,453
119900082,750,52,698
119900083,391,93,298
119900084,532,315,217
119900085,44,40,4
119900086,321,868,-547
119900087,460,249,211
119900088,45,33,12
119900089,22,364,-342
119900090,128,36,92
119900091,55,668,-613
119900092,45,245,-200
119900093,935,220,715
119900094,84,235,-151
119900095,170,68,102
119900096,35,68,-33
119900097,440,167,273
119900098,33,61,-28
119900099,27,122,-95
119900100,1616,2173,-557
119900101,140,979,-839
119900102,46,190,-144
119900103,33,152,-119
119900104,24,86,-62
119900105,518,2213,-1695
119900106,3,119,-116
119900107,249,2008,-1759
119900108,2343,564,1779
119900109,41,142,-101
119900110,588,414,174
119900111,151,406,-255
119900112,1189,535,654
119900113,86,252,-166
119900114,238,969,-731
119900115,222,855,-633
119900116,189,447,-258
119900117,260,511,-251
119900118,67,640,-573
119900119,285,184,101
119900120,469,436,33
119900121,343,834,-491
119900122,454,273,181
119900123,177,243,-66
119900124,270,658,-388
119900125,39,223,-184
119900126,3015,226,2789
119900127,1906,876,1030
119900128,441,605,-164
119900129,262,446,-184
119900130,25,215,-190
119900131,45,164,-119
119900132,6,244,-238
119900133,32,95,-63
119900134,1268,174,1094
119900135,1,281,-280
119900136,153,263,-110
119900138,300,348,-48
119900139,18,92,-74
119900140,1,102,-101
119900141,78,625,-547
119900142,1,31,-30
119900143,40,227,-187
119900144,1135,173,962
119900145,79,125,-46
119900146,113,203,-90
119900147,4,119,-115
119900148,143,47,96
119900149,822,3029,-2207
119900150,156,130,26
119900151,1388,618,770
119900152,93,316,-223
119900153,111,75,36
119900154,5,645,-640
119900155,30,48,-18
119900156,20,12,8
119900157,101,176,-75
119900158,149,73,76
119900159,3,928,-925
119900160,15,120,-105
119900161,154,105,49
119900162,724,688,36
119900163,120,162,-42
119900164,3,4,-1
119900165,144,119,25
119900166,59,41,18
119900167,69,49,20
119900168,761,477,284
119900169,113,242,-129
119900170,136,191,-55
119900171,921,314,607
119900172,139,18,121
119900173,8,311,-303
119900174,11,131,-120
119900175,993,669,324
119900177,24,159,-135
119900178,5,123,-118
119900179,93,505,-412
119900180,762,721,41
119900181,50,94,-44
119900182,4,280,-276
119900183,88,558,-470
119900184,1641,375,1266
119900185,31,151,-120
119900186,49,692,-643
119900187,4,340,-336
119900188,68,290,-222
119900189,532,383,149
119900190,44,273,-229
119900191,347,269,78
119900192,34,117,-83
119900193,288,160,128
119900194,10,62,-52
119900195,18,126,-108
119900196,856,293,563
119900197,157,134,23
119900198,242,256,-14
119900199,128,10,118
119900200,552,580,-28
119900201,273,113,160
119900202,82,195,-113
119900203,130,518,-388
119900204,266,241,25
119900205,626,441,185
119900206,155,105,50
119900208,181,141,40
119900209,402,957,-555
119900210,42,28,14
119900211,57,16,41
119900212,398,445,-47
119900213,6,36,-30
119900214,19,67,-48
119900215,63,62,1
119900216,10,51,-41
119900217,11,50,-39
119900218,14,32,-18
119900219,17,115,-98
119900220,8,81,-73
119900221,16,190,-174
119900222,9,138,-129
119900223,13,34,-21
119900224,10,23,-13
119900225,572,37,535
119900226,392,1227,-835
119900227,709,239,470
119900228,70,179,-109
119900229,283,265,18
119900230,1129,397,732
119900231,203,150,53
119900232,172,60,112
119900233,42,4,38
119900234,16,43,-27
119900235,18,64,-46
119900236,23,158,-135
119900237,37,259,-222
119900238,2,50,-48
119900240,72,134,-62
119900241,132,210,-78
119900242,916,1114,-198
119900244,460,1057,-597
119900245,138,171,-33
119900246,249,463,-214
119900247,15,106,-91
119900248,82,203,-121
119900249,170,64,106
119900253,1737,340,1397
119900254,78,609,-531
119900255,92,471,-379
119900256,425,619,-194
119900257,35,1,34
119900258,81,11,70
119900259,9,100,-91
119900260,83,6,77
119900261,314,136,178
119900262,1,139,-138
119900263,884,281,603
119900264,83,144,-61
119900265,531,430,101
119900266,302,198,104
119900267,238,347,-109
119900268,262,131,131
119900269,1186,856,330
119900271,15,76,-61
119900272,277,243,34
119900275,137,50,87
119900276,69,1,68
119900277,7,6,1
119900278,133,56,77
119900279,100,174,-74
119900280,614,126,488
119900281,0,186,-186
119900282,45,97,-52
119900283,13,203,-190
119900284,28,160,-132
119900285,20,49,-29
119900286,1,14,-13
119900288,3,19,-16
119900289,0,35,-35
119900290,12,27,-15
119900291,0,48,-48
119900292,32,36,-4
119900293,24,76,-52
119900294,18,108,-90
119900295,27,36,-9
119900296,34,138,-104
119900297,1,13,-12
119900298,0,3,-3
119900299,71,141,-70
119900300,262,114,148
119900301,50,60,-10
119900302,69,49,20
119900303,285,242,43
119900304,195,68,127
119900305,11,78,-67
119900306,17,1,16
119900307,44,56,-12
119900308,10,18,-8
119900309,12,70,-58
119900310,211,171,40
119900311,43,74,-31
119900312,128,69,59
119900313,258,210,48
119900314,129,286,-157
119900315,1544,1675,-131
119900318,16,27,-11
119900319,1,213,-212
119900320,211,410,-199
119900321,54,0,54
120000001,4942,11898,-6956
120000002,2408,2362,46
120000003,2770,1368,1402
120000004,2510,1750,760
120000005,3113,1622,1491
120000006,1245,1199,46
120000007,2541,1613,928
120000008,1102,1462,-360
120000009,1218,347,871
120000010,1595,1749,-154
120000011,1134,1465,-331
120000012,1242,1919,-677
120000013,2652,2451,201
120000014,758,1334,-576
120000015,2329,1875,454
120000016,3197,2077,1120
120000017,2465,1743,722
120000018,2998,8974,-5976
120000019,1023,1223,-200
120000020,2615,2644,-29
120000021,1616,2085,-469
120000022,2619,3505,-886
120000023,1036,1367,-331
120000024,1387,2337,-950
120000025,2219,1827,392
120000026,1767,1648,119
120000027,2000,1912,88
120000028,619,874,-255
120000029,2333,850,1483
120000030,802,815,-13
120000031,1843,4802,-2959
120000032,6619,3662,2957
120000033,4020,1658,2362
120000034,1591,1500,91
120000035,1741,1691,50
120000036,2387,4109,-1722
120000037,608,1499,-891
120000038,4529,2424,2105
120000039,690,814,-124
120000040,288,445,-157
120000041,1850,1145,705
120000042,2936,1910,1026
120000043,4061,1503,2558
120000044,3631,1370,2261
120000045,4908,1005,3903
120000046,3214,4734,-1520
120000047,788,3817,-3029
120000048,5534,4617,917
120000049,2981,2751,230
120000050,3167,3278,-111
120000051,2726,3719,-993
120000052,6698,2109,4589
120000053,1100,1748,-648
120000054,1259,3383,-2124
120000055,1499,3867,-2368
120000056,3280,2702,578
120000057,3367,880,2487
120000058,3399,861,2538
120000059,18,1480,-1462
120000061,136,477,-341
120000062,226,285,-59
120000063,1306,2169,-863
120000064,296,1044,-748
120000065,527,1146,-619
120000066,273,451,-178
120000067,72,463,-391
120000068,188,653,-465
120000069,452,844,-392
120000070,143,1051,-908
120000071,588,127,461
120000072,736,218,518
120000073,709,111,598
120000074,252,68,184
120000075,714,276,438
120000076,1647,379,1268
120000077,1674,590,1084
120000078,3817,1400,2417
120000079,459,463,-4
120000080,269,303,-34
120000081,436,211,225
120000082,259,249,10
120000083,166,646,-480
120000084,294,275,19
120000085,241,312,-71
120000086,243,434,-191
120000087,206,404,-198
120000088,873,993,-120
120000089,995,516,479
120000090,716,498,218
120000091,848,836,12
120000092,977,595,382
120000093,379,420,-41
120000094,174,753,-579
120000095,877,447,430
120000096,227,638,-411
120000098,813,795,18
120000099,430,656,-226
120000100,673,754,-81
120000101,452,363,89
120000102,482,778,-296
120000103,1314,829,485
120000104,1761,496,1265
120000105,2655,689,1966
120000106,2108,708,1400
120000107,3438,574,2864
120000108,1183,123,1060
120000109,968,76,892
120000110,36,623,-587
120000111,363,826,-463
120000112,744,1941,-1197
120000113,784,1725,-941
120000114,911,1983,-1072
120000115,441,1777,-1336
120000116,604,1639,-1035
120000117,980,1399,-419
120000118,50,32,18
120000119,24,57,-33
120000120,75,72,3
120000121,52,47,5
120000122,250,277,-27
120000123,3619,4553,-934
120000124,395,350,45
120000125,449,532,-83
120000126,342,848,-506
120000127,2334,976,1358
120000128,3192,3693,-501
120000129,301,245,56
120000130,682,452,230
120000131,312,607,-295
120000134,381,717,-336
120000135,433,507,-74
120000137,221,969,-748
120000138,893,399,494
120000139,251,543,-292
120000140,809,398,411
120000141,913,439,474
120000142,909,481,428
120000143,0,113,-113
120000144,78,14,64
120000145,382,1,381
120000146,1067,820,247
120000149,636,962,-326
120000150,2607,9717,-7110
120000151,377,466,-89
120000152,406,171,235
120000153,200,445,-245
120000154,424,889,-465
120000155,132,199,-67
120000156,1085,798,287
120000157,851,571,280
120000158,1062,969,93
120000159,2639,2530,109
120000160,2208,1527,681
120000161,2294,2625,-331
120000162,86,272,-186
120000163,562,727,-165
120000164,524,843,-319
120000165,571,700,-129
120000166,1223,435,788
120000167,93,114,-21
120000168,9,356,-347
120000169,35,1048,-1013
120000170,24,832,-808
120000171,28,370,-342
120000172,36,247,-211
120000173,2370,1069,1301
120000174,337,24,313
120000175,227,33,194
120000176,245,37,208
120000177,854,89,765
120000178,101,24,77
120000179,170,50,120
120000180,526,86,440
120000181,125,874,-749
120000182,81,527,-446
120000183,20,413,-393
120000184,141,826,-685
120000186,39,426,-387
120000187,48,250,-202
120000188,159,432,-273
120000190,833,37,796
120000191,541,57,484
120000192,558,26,532
120000193,147,8,139
120000195,65,3,62
120000196,167,25,142
120000197,81,70,11
120000198,137,67,70
120000199,61,1,60
120000200,99,0,99
120000201,21,26,-5
120000202,2,42,-40
120000203,31,157,-126
120000207,1,47,-46
120000208,10,149,-139
120000209,3,77,-74
120000210,58,86,-28
120000211,116,0,116
120000212,169,0,169
120000213,127,241,-114
120000214,1,205,-204
120000215,1,103,-102
120000216,69,9,60
120000217,516,899,-383
120000218,183,662,-479
120000219,3,354,-351
120000220,10,1331,-1321
120000225,1298,3,1295
120000226,317,6,311
120000227,642,36,606
120000228,7791,2565,5226
120000230,304,3,301
120000231,1113,1599,-486
120000233,224,9,215
120000235,154,501,-347
120000236,838,2,836
120000237,5,1186,-1181
120000238,0,651,-651
120000241,966,2600,-1634
120000412,375,8,367
120000413,182,175,7
120000414,76,0,76
120000415,3,75,-72
120000416,109,2,107
120000417,1,52,-51
120000418,102,8,94
120000419,11,241,-230
120000420,30,24,6
120000421,8677,5585,3092
120000422,95,1009,-914
120000423,8,55,-47
120000424,48,105,-57
120000436,127,541,-414
120000437,143,101,42
120000438,2118,225,1893
120000439,146,482,-336
120000443,210,0,210
120000444,1233,399,834
120000445,1238,923,315
120000446,585,191,394
120000447,193,4,189
120000449,79,3,76
120000450,3,167,-164
120000451,120,226,-106
120000452,79,3,76
120000453,0,192,-192
120000454,69,33,36
120000455,40,33,7
120000456,2700,3541,-841
120000457,1327,860,467
120000458,512,1307,-795
120000459,75,60,15
120000665,715,318,397
120000668,116,787,-671
120000669,61,100,-39
120000670,186,754,-568
120000671,1319,462,857
120000672,114,513,-399
120900001,62,114,-52
120900002,324,392,-68
120900003,179,15,164
120900004,8,57,-49
120900005,11,1324,-1313
120900006,374,178,196
120900007,166,69,97
120900008,222,933,-711
120900009,755,29,726
120900010,387,110,277
120900011,205,151,54
120900012,203,839,-636
120900013,221,78,143
120900014,4,393,-389
120900015,768,68,700
120900016,726,70,656
120900017,1922,51,1871
120900018,140,379,-239
120900019,489,379,110
120900020,713,1050,-337
120900021,684,169,515
120900022,25,212,-187
120900023,251,22,229
120900024,1560,456,1104
120900025,1470,955,515
120900026,143,152,-9
120900027,738,16,722
120900028,366,117,249
120900029,147,394,-247
120900030,962,666,296
120900031,220,122,98
120900032,951,101,850
120900033,871,94,777
120900034,13,2164,-2151
120900035,28,27,1
120900037,170,11,159
120900038,60,264,-204
120900039,95,43,52
120900040,240,2,238
120900041,116,19,97
120900042,475,20,455
120900043,62,35,27
120900044,9,280,-271
120900045,116,63,53
120900046,359,3,356
120900047,145,89,56
120900048,107,25,82
120900049,394,3,391
120900050,1602,1143,459
120900051,383,65,318
120900052,473,5,468
120900053,211,68,143
120900054,1427,458,969
120900055,430,5,425
120900056,402,16,386
120900057,114,14,100
120900058,467,4,463
120900059,102,2,100
120900060,56,37,19
120900061,239,166,73
120900062,236,3,233
120900063,483,9,474
120900064,536,2,534
120900065,434,1,433
120900066,160,183,-23
120900067,136,34,102
120900068,239,0,239
120900069,234,30,204
120900071,16,1,15
120900072,723,6,717
120900073,436,66,370
120900074,357,3,354
120900076,249,1,248
120900077,2007,178,1829
120900078,702,977,-275
120900079,437,88,349
120900080,776,1464,-688
120900081,930,70,860
120900082,520,333,187
120900083,69,5,64
120900084,232,377,-145
120900085,110,157,-47
120900086,92,275,-183
120900087,337,375,-38
120900088,135,288,-153
120900089,2654,2272,382
120900090,231,147,84
120900091,628,778,-150
120900092,1238,434,804
120900093,1845,158,1687
120900094,514,200,314
120900095,446,8,438
120900096,32,143,-111
120900097,623,585,38
120900098,262,141,121
120900099,56,46,10
120900100,78,228,-150
120900101,601,212,389
120900102,34,56,-22
120900103,53,211,-158
120900104,16,45,-29
120900105,42,410,-368
120900106,1107,430,677
120900107,217,127,90
120900108,7,513,-506
120900109,53,484,-431
120900110,47,658,-611
120900111,204,260,-56
120900112,8,734,-726
120900113,29,568,-539
120900114,37,94,-57
120900115,142,248,-106
120900116,300,307,-7
120900117,1,429,-428
120900118,9,540,-531
120900119,4161,3951,210
120900120,62,384,-322
120900121,140,377,-237
120900122,333,362,-29
120900123,6,351,-345
120900124,4,508,-504
120900125,3,502,-499
120900126,1305,840,465
120900127,11,427,-416
120900128,1096,1243,-147
120900129,39,236,-197
120900130,0,194,-194
120900131,60,46,14
120900132,942,165,777
120900133,117,671,-554
120900134,738,330,408
120900135,13,430,-417
120900136,54,91,-37
120900137,154,62,92
120900138,25,157,-132
120900139,4,489,-485
120900140,1,78,-77
120900141,109,181,-72
120900142,16,386,-370
120900143,4,664,-660
120900144,0,124,-124
120900145,301,630,-329
120900146,3,692,-689
120900147,73,329,-256
120900148,78,116,-38
120900149,2,191,-189
120900150,54,462,-408
120900151,82,510,-428
120900152,161,27,134
120900153,52,69,-17
120900154,2,245,-243
120900155,185,902,-717
120900156,153,249,-96
120900157,73,255,-182
120900158,69,569,-500
120900159,279,486,-207
120900160,23,624,-601
120900161,90,444,-354
120900162,83,542,-459
120900163,63,569,-506
120900164,8,14,-6
120900165,21,69,-48
120900166,72,455,-383
120900167,266,112,154
120900169,64,214,-150
120900170,879,2082,-1203
120900171,839,200,639
120900172,609,1097,-488
120900173,9,64,-55
120900174,5,68,-63
120900175,313,88,225
120900176,14,313,-299
120900177,1,1045,-1044
120900178,8,309,-301
120900179,810,409,401
120900180,60,137,-77
120900181,124,29,95
120900182,48,286,-238
120900183,422,48,374
120900184,270,64,206
120900185,7,324,-317
120900186,2,422,-420
120900187,421,1167,-746
120900188,144,7,137
120900189,116,1166,-1050
120900190,54,8,46
120900191,16,32,-16
120900192,7619,6123,1496
120900194,44,67,-23
120900195,94,209,-115
120900196,728,28,700
120900197,598,197,401
120900198,254,430,-176
120900199,283,362,-79
120900200,54,141,-87
120900201,341,117,224
120900202,4,138,-134
120900203,18,84,-66
120900204,143,215,-72
120900205,58,19,39
120900206,21,22,-1
120900207,65,1047,-982
121000001,587,838,-251
121000002,1923,1064,859
121000003,2363,1644,719
121000004,2271,2690,-419
121000005,1520,2327,-807
121000006,2769,1466,1303
121000007,2052,2516,-464
121000008,4497,2835,1662
121000009,4125,4741,-616
121000010,7094,4622,2472
121000011,6763,9762,-2999
121000012,13422,8404,5018
121000013,4765,6410,-1645
121000014,5507,4837,670
121000015,3986,7035,-3049
121000016,4019,3058,961
121000017,1582,3081,-1499
121000018,2213,1456,757
121000019,14563,10889,3674
121000020,11861,14364,-2503
121000021,3267,2534,733
121000022,2175,2629,-454
121000023,4378,2410,1968
121000024,4108,3987,121
121000025,526,1209,-683
121000026,280,155,125
121000027,1628,1136,492
121000028,751,467,284
121000029,980,578,402
121000030,525,386,139
121000031,567,552,15
121000032,192,146,46
121000034,436,236,200
121000035,139,162,-23
121000036,949,754,195
121000037,536,659,-123
121000038,437,763,-326
121000039,260,300,-40
121000041,425,372,53
121000042,239,361,-122
121000043,660,568,92
121000044,1307,748,559
121000045,326,221,105
121000046,510,753,-243
121000047,281,298,-17
121000049,1361,603,758
121000050,351,1113,-762
121000051,661,241,420
121000052,404,587,-183
121000053,379,119,260
121000054,63,367,-304
121000055,1064,1051,13
121000056,766,983,-217
121000057,392,462,-70
121000058,393,210,183
121000059,2156,1288,868
121000060,712,939,-227
121000061,120,350,-230
121000062,166,383,-217
121000063,873,803,70
121000064,771,902,-131
121000065,465,504,-39
121000066,720,489,231
121000067,583,591,-8
121000068,682,350,332
121000069,503,717,-214
121000070,2092,1131,961
121000071,1607,1143,464
121000072,1844,623,1221
121000073,1079,915,164
121000074,270,168,102
121000075,42,295,-253
121000076,838,419,419
121000077,114,181,-67
121000078,147,155,-8
121000080,1821,525,1296
121000081,2802,2649,153
121000082,117,282,-165
121000083,226,137,89
121000084,190,142,48
121000085,319,453,-134
121000086,197,698,-501
121000087,85,341,-256
121000088,437,492,-55
121000089,262,325,-63
121000090,377,403,-26
121000091,1344,882,462
121000092,164,73,91
121000093,197,221,-24
121000094,480,613,-133
121000095,389,608,-219
121000096,2143,1426,717
121000097,792,1737,-945
121000098,574,1015,-441
121000099,695,728,-33
121000100,897,391,506
121000101,361,314,47
121000102,290,275,15
121000103,162,217,-55
121000104,226,115,111
121000105,437,219,218
121000106,329,321,8
121000107,1601,2587,-986
121000109,1112,929,183
121000110,292,628,-336
121000114,2641,1797,844
121000115,762,847,-85
121000116,485,1306,-821
121000117,683,222,461
121000118,1428,182,1246
121000119,288,421,-133
121000120,235,437,-202
121000121,566,1205,-639
121000123,1355,645,710
121000127,103,103,0
121000128,968,455,513
121000129,657,516,141
121000130,580,772,-192
121000131,2140,1706,434
121000132,1527,1597,-70
121000135,385,360,25
121000136,1096,916,180
121000137,450,340,110
121000138,795,1542,-747
121000139,473,494,-21
121000141,179,100,79
121000142,704,1093,-389
121000143,129,35,94
121000144,866,1579,-713
121000145,526,1193,-667
121000146,1259,948,311
121000147,992,420,572
121000148,900,1078,-178
121000149,2025,1162,863
121000152,421,516,-95
121000153,1672,567,1105
121000154,980,502,478
121000155,1290,1072,218
121000156,449,1018,-569
121000157,1016,1592,-576
121000158,372,530,-158
121000159,180,409,-229
121000160,340,432,-92
121000161,199,252,-53
121000162,78,170,-92
121000165,1329,1682,-353
121000166,25,462,-437
121000168,287,245,42
121000169,52,138,-86
121000170,321,103,218
121000171,122,138,-16
121000172,633,544,89
121000173,1059,997,62
121000174,319,382,-63
121000175,838,312,526
121000176,362,277,85
121000177,837,548,289
121000178,135,47,88
121000179,150,134,16
121000181,398,387,11
121000182,124,245,-121
121000183,136,96,40
121000184,95,114,-19
121000185,40,195,-155
121000186,206,543,-337
121000187,154,209,-55
121000188,136,278,-142
121000192,835,352,483
121000193,601,552,49
121000194,1879,1814,65
121000195,189,783,-594
121000196,567,210,357
121000197,189,546,-357
121000198,171,106,65
121000199,95,345,-250
121000200,432,97,335
121000201,8,154,-146
121000202,666,114,552
121000203,733,1694,-961
121000204,2258,719,1539
121000205,139,225,-86
121000206,127,47,80
121000207,1825,322,1503
121000208,4,213,-209
121000209,414,216,198
121000210,564,331,233
121000211,235,99,136
121000212,354,479,-125
121000213,7542,2452,5090
121000214,704,1734,-1030
121000215,934,922,12
121000216,527,522,5
121000217,3479,2349,1130
121000218,456,1466,-1010
121000219,1304,386,918
121000220,167,69,98
121000221,111,206,-95
121000222,2238,1996,242
121000223,609,461,148
121000224,430,284,146
121000225,959,1419,-460
121000226,2005,1061,944
121000227,9,146,-137
121000228,10,453,-443
121000229,237,269,-32
121000230,84,1317,-1233
121000231,800,33,767
121000232,363,309,54
121000233,532,291,241
121000234,23,47,-24
121000235,55,97,-42
121000236,20,48,-28
121000237,47,10,37
121000238,4,58,-54
121000239,72,3,69
121000240,20,127,-107
121000241,83,11,72
121000242,62,441,-379
121000243,575,175,400
121000244,22,103,-81
121000245,130,41,89
121000246,1,93,-92
121000247,93,11,82
121000248,1482,493,989
121000249,83,194,-111
121000250,441,225,216
121000251,30,313,-283
121000252,87,69,18
121000253,274,381,-107
121000254,585,201,384
121000255,162,173,-11
121000256,280,161,119
121000257,62,76,-14
121000258,98,67,31
121000259,69,53,16
121000260,89,104,-15
121000261,133,63,70
121000262,750,584,166
121000263,700,415,285
121000271,348,1569,-1221
121000273,38,8,30
121000274,22,40,-18
121000275,1,14,-13
121000276,7,19,-12
121000278,47,21,26
121000279,22,32,-10
121000280,30,25,5
121000289,199,11,188
121000290,1089,961,128
121000294,177,110,67
121000297,780,1039,-259
121000299,140,526,-386
121000300,859,424,435
121000302,41,988,-947
121000303,408,341,67
121000304,440,51,389
121000305,116,44,72
121000306,63,118,-55
121000308,162,259,-97
121000309,295,380,-85
121000310,78,304,-226
121000311,66,611,-545
121000312,343,189,154
121000313,249,338,-89
121000314,250,304,-54
121000315,52,125,-73
121000530,1351,1195,156
121000531,1365,1353,12
121000532,5425,6414,-989
121000533,2835,2929,-94
121000918,61,128,-67
121000919,37,88,-51
121000938,147,182,-35
121000939,138,160,-22
121000956,1279,953,326
121000957,18,28,-10
121000958,39,39,0
121000959,703,639,64
121000960,1231,1680,-449
121000961,263,224,39
121000962,304,499,-195
121000973,0,146,-146
121000976,16,187,-171
121000979,391,117,274
121000981,465,251,214
121000982,400,158,242
121000983,355,308,47
121000984,27,64,-37
121000985,655,400,255
121000986,194,145,49
121000987,220,788,-568
121000988,641,99,542
121001302,254,118,136
121001308,1,12,-11
121001309,46,69,-23
121001313,165,165,0
121001314,1982,2298,-316
121001315,3907,2297,1610
121001326,733,395,338
121900001,177,152,25
121900002,37,30,7
121900003,451,3,448
121900004,87,314,-227
121900005,21,11,10
121900006,99,19,80
121900007,1479,1758,-279
121900008,467,242,225
121900009,477,16,461
121900010,224,3,221
121900011,161,346,-185
121900012,13,2,11
121900013,1190,120,1070
121900014,999,353,646
121900015,203,170,33
121900016,7,38,-31
121900017,990,419,571
121900018,329,5,324
121900019,493,195,298
121900020,17,3,14
121900021,973,37,936
121900022,242,205,37
121900023,144,186,-42
121900024,325,74,251
121900025,620,369,251
121900026,202,30,172
121900027,282,101,181
121900028,211,11,200
121900029,73,168,-95
121900030,392,474,-82
121900031,777,4945,-4168
121900032,58,60,-2
121900033,184,163,21
121900034,229,82,147
121900035,2222,1858,364
121900036,61,292,-231
121900037,146,1031,-885
121900038,23,71,-48
121900039,298,45,253
121900040,68,84,-16
121900041,74,166,-92
121900042,266,154,112
121900043,4,4,0
121900044,105,55,50
121900046,233,302,-69
121900047,182,73,109
121900048,27,74,-47
121900050,55,29,26
121900051,146,220,-74
121900052,94,27,67
121900053,554,276,278
121900054,559,883,-324
121900055,1,9,-8
121900058,187,119,68
121900059,327,128,199
121900060,214,299,-85
121900062,117,81,36
121900063,912,415,497
121900064,199,463,-264
121900066,63,24,39
121900067,42,35,7
121900069,174,112,62
121900070,142,97,45
121900071,357,327,30
121900072,87,214,-127
121900073,235,189,46
121900074,586,747,-161
121900075,404,443,-39
121900076,326,485,-159
121900078,47,32,15
121900079,0,0,0
121900080,628,253,375
121900082,96,123,-27
121900084,16,95,-79
121900086,16,42,-26
121900087,195,105,90
121900088,1378,1928,-550
121900089,155,288,-133
121900090,65,75,-10
121900091,53,91,-38
121900092,73,85,-12
121900093,93,50,43
121900094,18,12,6
121900095,262,157,105
121900096,1030,820,210
121900097,490,272,218
121900098,6,1,5
121900099,246,73,173
121900100,206,469,-263
121900101,136,107,29
121900102,1,105,-104
121900103,331,270,61
121900104,1231,317,914
121900105,213,181,32
121900106,6,3,3
121900107,47,39,8
121900108,1,14,-13
121900109,237,141,96
121900110,471,616,-145
121900111,595,176,419
121900112,165,119,46
121900113,62,313,-251
121900114,36,49,-13
121900117,146,58,88
121900118,1540,560,980
121900119,234,80,154
121900120,58,1017,-959
121900121,376,30,346
121900122,34,70,-36
121900123,208,367,-159
121900124,233,118,115
121900125,1062,738,324
121900127,15,100,-85
121900128,46,48,-2
121900129,442,189,253
121900130,99,191,-92
121900131,273,107,166
121900132,28,59,-31
121900133,106,917,-811
121900134,23,151,-128
121900135,2645,332,2313
121900136,930,320,610
121900137,31,220,-189
121900138,73,157,-84
121900139,331,602,-271
121900140,66,222,-156
121900141,62,36,26
121900142,118,185,-67
121900143,21,117,-96
121900144,125,229,-104
121900145,176,167,9
121900146,505,794,-289
121900147,45,156,-111
121900148,120,236,-116
121900149,217,627,-410
121900150,66,134,-68
121900151,56,216,-160
121900152,65,132,-67
121900153,99,651,-552
121900154,6,196,-190
121900155,1,92,-91
121900156,145,81,64
121900157,2,311,-309
121900158,62,75,-13
121900159,1,161,-160
121900160,2,194,-192
121900161,296,312,-16
121900162,134,170,-36
121900163,201,372,-171
121900164,458,217,241
121900165,552,120,432
121900166,211,175,36
121900167,76,118,-42
121900168,133,281,-148
121900169,4,195,-191
121900170,1,134,-133
121900171,635,392,243
121900172,529,173,356
121900173,656,208,448
121900174,31,52,-21
121900175,118,175,-57
121900176,613,1160,-547
121900177,164,78,86
121900178,29,45,-16
121900179,604,143,461
121900180,2813,3243,-430
121900182,620,266,354
121900183,534,1292,-758
121900184,60,509,-449
121900186,1,272,-271
121900187,29,100,-71
121900188,451,365,86
121900189,16,97,-81
121900190,243,387,-144
121900191,141,259,-118
121900192,252,720,-468
121900193,45,141,-96
121900194,10,157,-147
121900195,46,79,-33
121900196,816,840,-24
121900197,301,1021,-720
121900198,1077,776,301
121900199,8,38,-30
121900200,75,240,-165
121900201,878,619,259
121900202,141,622,-481
121900203,168,768,-600
121900204,651,1015,-364
121900205,14,81,-67
121900206,26,32,-6
121900207,71,31,40
121900208,114,255,-141
121900209,55,32,23
121900210,1042,839,203
121900211,422,555,-133
121900212,176,114,62
121900213,167,52,115
121900214,7,389,-382
121900215,55,73,-18
121900216,33,171,-138
121900217,186,135,51
121900218,204,318,-114
121900220,109,7,102
121900221,227,472,-245
121900222,152,100,52
121900223,115,21,94
121900224,73,25,48
121900225,79,126,-47
121900226,216,208,8
121900227,280,489,-209
121900228,164,265,-101
121900230,167,236,-69
121900231,337,1162,-825
121900232,205,412,-207
121900233,96,137,-41
121900234,249,204,45
121900235,425,162,263
121900236,368,141,227
121900237,213,218,-5
121900238,163,243,-80
121900239,241,33,208
121900240,220,84,136
121900241,41,52,-11
121900242,11,1,10
121900243,11,2,9
121900244,52,1,51
121900245,102,43,59
121900246,1935,211,1724
121900248,1090,1129,-39
121900250,227,294,-67
121900251,442,38,404
121900252,522,127,395
121900253,192,783,-591
121900254,468,258,210
121900255,375,83,292
121900258,2748,1712,1036
121900259,345,508,-163
121900260,62,106,-44
121900261,170,483,-313
121900262,343,708,-365
121900263,251,251,0
121900264,1437,1074,363
121900265,183,216,-33
121900266,521,132,389
121900267,63,31,32
121900269,167,574,-407
121900270,16,150,-134
121900271,27,121,-94
121900273,451,1462,-1011
121900274,253,193,60
121900277,458,1058,-600
121900278,91,723,-632
121900279,105,180,-75
121900280,129,335,-206
121900281,275,301,-26
121900284,82,9,73
121900286,83,96,-13
121900287,8,13,-5
121900288,11,0,11
121900290,237,363,-126
121900291,362,582,-220
121900292,120,152,-32
121900293,907,2260,-1353
121900294,184,3,181
121900295,111,199,-88
121900296,39,159,-120
121900298,254,666,-412
121900299,0,7,-7
121900300,61,20,41
121900301,87,3,84
121900302,7,33,-26
121900303,222,309,-87
121900304,7,18,-11
121900305,1,9,-8
121900306,203,1,202
121900307,88,1,87
121900308,36,253,-217
121900309,20,211,-191
121900310,23,382,-359
121900311,468,9,459
121900312,365,22,343
121900313,288,11,277
121900314,5,53,-48
121900315,34,0,34
121900316,0,37,-37
121900317,13,2,11
121900318,2,32,-30
121900319,40,79,-39
121900320,61,61,0
121900321,8,0,8
121900322,0,20,-20
121900323,10,16,-6
121900324,8,29,-21
121900325,29,2,27
121900326,3,14,-11
121900327,4,61,-57
121900328,1,15,-14
121900329,0,105,-105
121900330,2,32,-30
121900331,23,16,7
121900332,69,19,50
121900333,21,0,21
121900334,92,77,15
122000001,2119,4777,-2658
122000002,3849,1494,2355
122000003,1712,2605,-893
122000004,2585,1389,1196
122000005,2143,1524,619
122000006,1621,934,687
122000007,982,1692,-710
122000008,3258,4132,-874
122000009,391,422,-31
122000010,2088,2813,-725
122000011,2837,1436,1401
122000012,1315,1645,-330
122000013,1240,854,386
122000014,1491,1222,269
122000015,1314,1021,293
122000016,512,826,-314
122000017,1036,919,117
122000018,1355,1214,141
122000019,717,1029,-312
122000020,199,237,-38
122000021,225,362,-137
122000022,1104,867,237
122000023,667,1491,-824
122000024,789,1239,-450
122000025,1125,1488,-363
122000026,975,1024,-49
122000027,533,1863,-1330
122000028,879,410,469
122000029,394,448,-54
122000030,230,129,101
122000031,390,257,133
122000032,1653,1779,-126
122000033,583,1168,-585
122000034,658,601,57
122000035,278,700,-422
122000036,527,541,-14
122000037,315,239,76
122000038,246,314,-68
122000039,712,458,254
122000040,276,234,42
122000041,468,595,-127
122000042,301,599,-298
122000043,107,138,-31
122000044,141,153,-12
122000045,1146,447,699
122000046,693,699,-6
122000047,250,228,22
122000048,3443,3746,-303
122000049,4827,3126,1701
122000050,1160,774,386
122000051,356,289,67
122000052,462,331,131
122000053,192,775,-583
122000054,2151,1768,383
122000055,2110,2883,-773
122000056,4207,3154,1053
122000057,3109,3216,-107
122000058,2424,1368,1056
122000059,2528,1794,734
122000060,637,659,-22
122000061,445,504,-59
122000062,1033,318,715
122000063,967,670,297
122000064,2911,2902,9
122000065,3379,2284,1095
122000066,575,438,137
122000067,1196,961,235
122000068,1065,818,247
122000069,914,690,224
122000070,751,1163,-412
122000071,1453,1035,418
122000072,360,412,-52
122000073,441,711,-270
122000074,2416,1444,972
122000075,721,1115,-394
122000076,2227,1117,1110
122000077,1067,884,183
122000078,2030,2635,-605
122000079,1000,1216,-216
122000080,759,428,331
122000081,203,263,-60
122000082,672,884,-212
122000083,1296,1530,-234
122000084,1096,626,470
122000085,192,777,-585
122000086,1944,4154,-2210
122000087,307,195,112
122000088,217,324,-107
122000089,4284,1827,2457
122000090,187,387,-200
122000091,180,72,108
122000092,127,18,109
122000093,1580,1734,-154
122000094,4895,2277,2618
122000095,2126,2914,-788
122000096,1683,1425,258
122000098,2730,2004,726
122000099,1528,725,803
122000100,1045,523,522
122000101,324,718,-394
122000102,1744,1052,692
122000103,1771,1709,62
122000104,348,161,187
122000105,547,270,277
122000106,493,558,-65
122000107,915,361,554
122000108,368,716,-348
122000109,424,293,131
122000110,428,457,-29
122000111,2534,1071,1463
122000112,924,1111,-187
122000113,709,544,165
122000114,2280,1262,1018
122000115,1732,1161,571
122000116,513,481,32
122000117,1544,473,1071
122000118,489,995,-506
122000119,3043,2188,855
122000120,1732,3869,-2137
122000121,1741,2979,-1238
122000122,768,1902,-1134
122000123,1530,1762,-232
122000124,844,585,259
122000125,524,437,87
122000126,605,1147,-542
122000127,914,1413,-499
122000128,478,787,-309
122000129,520,1153,-633
122000130,2707,1440,1267
122000131,1085,1269,-184
122000132,504,580,-76
122000133,778,1309,-531
122000134,799,839,-40
122000135,703,863,-160
122000136,808,712,96
122000137,1321,960,361
122000139,1192,2736,-1544
122000140,780,679,101
122000141,3763,839,2924
122000142,394,721,-327
122000143,347,473,-126
122000144,1247,1390,-143
122000145,1557,765,792
122000146,2522,1177,1345
122000147,755,533,222
122000148,1646,1782,-136
122000149,1937,1710,227
122000150,1014,1016,-2
122000151,160,373,-213
122000152,335,422,-87
122000153,390,323,67
122000154,261,304,-43
122000155,2083,2224,-141
122000156,2141,2243,-102
122000157,1366,2065,-699
122000158,415,608,-193
122000159,642,1441,-799
122000160,2688,2423,265
122000161,992,960,32
122000162,1668,1639,29
122000163,207,94,113
122000164,38,71,-33
122000165,865,663,202
122000166,889,946,-57
122000167,236,228,8
122000168,218,565,-347
122000169,368,154,214
122000170,307,207,100
122000171,44,79,-35
122000172,1446,1276,170
122000173,1111,2086,-975
122000174,2056,841,1215
122000175,909,238,671
122000176,369,723,-354
122000177,1139,1372,-233
122000178,2532,1981,551
122000179,1332,2113,-781
122000180,1601,1228,373
122000181,1482,2714,-1232
122000182,1438,1160,278
122000183,1785,897,888
122000184,2745,2130,615
122000185,1461,1589,-128
122000186,449,679,-230
122000187,1506,772,734
122000188,410,188,222
122000189,312,302,10
122000190,902,1008,-106
122000191,719,542,177
122000192,963,310,653
122000193,390,683,-293
122000194,539,205,334
122000195,141,460,-319
122000196,902,659,243
122000197,473,630,-157
122000198,406,790,-384
122000199,312,311,1
122000200,900,569,331
122000201,1223,1481,-258
122000202,1328,1395,-67
122000203,3584,1339,2245
122000204,1442,1813,-371
122000205,1308,1362,-54
122000206,2204,923,1281
122000207,1712,1279,433
122000208,1996,1190,806
122000209,1710,329,1381
122000210,2011,1471,540
122000211,1305,1097,208
122000212,764,524,240
122000213,1128,1202,-74
122000214,2019,1620,399
122000215,2053,1421,632
122000217,1622,1191,431
122000218,729,65,664
122000219,1293,828,465
122000220,450,712,-262
122000221,84,372,-288
122000222,616,142,474
122000223,1592,754,838
122000225,611,250,361
122000226,2064,1517,547
122000227,251,2032,-1781
122000228,373,453,-80
122000229,72,494,-422
122000230,117,446,-329
122000231,1390,820,570
122000232,549,890,-341
122000233,0,100,-100
122000234,383,113,270
122000235,837,110,727
122000236,969,76,893
122000237,126,65,61
122000238,472,240,232
122000239,1681,131,1550
122000240,1071,713,358
122000241,1614,503,1111
122000242,680,211,469
122000243,278,102,176
122000244,83,343,-260
122000245,93,180,-87
122000246,326,189,137
122000247,894,557,337
122000248,1116,1499,-383
122000249,1907,877,1030
122000250,1852,1141,711
122000251,256,346,-90
122000252,453,164,289
122000253,131,224,-93
122000254,225,135,90
122000255,682,1322,-640
122000256,490,875,-385
122000257,223,238,-15
122000258,316,282,34
122000259,28,464,-436
122000260,242,742,-500
122000261,3,178,-175
122000262,0,78,-78
122000263,284,126,158
122000264,1148,396,752
122000265,1914,779,1135
122000266,3828,687,3141
122000267,194,123,71
122000268,145,412,-267
122000269,821,340,481
122000270,472,173,299
122000271,253,991,-738
122000272,443,946,-503
122000273,466,391,75
122000274,257,229,28
122000275,256,255,1
122000276,654,526,128
122000277,1230,1603,-373
122000278,1645,991,654
122000279,180,350,-170
122000280,729,543,186
122000281,621,777,-156
122000282,212,660,-448
122000283,308,150,158
122000284,250,142,108
122000285,355,110,245
122000286,70,212,-142
122000287,943,1361,-418
122000288,461,323,138
122000291,1759,695,1064
122000293,264,229,35
122000294,184,227,-43
122000295,1507,232,1275
122000296,54,515,-461
122000297,2309,2807,-498
122000299,507,330,177
122000300,525,470,55
122000301,8381,2780,5601
122000302,460,1180,-720
122000303,2514,1075,1439
122000304,71,224,-153
122000305,959,603,356
122000306,37,789,-752
122000307,98,182,-84
122000309,59,53,6
122000310,22,109,-87
122000311,212,126,86
122000312,136,154,-18
122000313,140,76,64
122000314,91,200,-109
122000315,247,48,199
122000316,722,140,582
122000317,1563,230,1333
122000318,357,434,-77
122000319,168,280,-112
122000320,377,1324,-947
122000321,82,184,-102
122000322,2065,1942,123
122000323,1465,1973,-508
122000324,1017,1120,-103
122000325,891,1485,-594
122000326,84,94,-10
122000327,453,724,-271
122000328,701,642,59
122000330,1676,695,981
122000333,18,128,-110
122000337,1059,1380,-321
122000338,481,425,56
122000340,388,449,-61
122000342,1411,815,596
122000343,446,973,-527
122000344,73,18,55
122000345,139,82,57
122000346,357,434,-77
122000348,630,755,-125
122000349,91,630,-539
122000351,157,170,-13
122000352,300,192,108
122000353,105,81,24
122000355,197,287,-90
122000356,1252,1206,46
122000357,104,45,59
122000358,0,42,-42
122000359,1,26,-25
122000360,0,32,-32
122000362,12,49,-37
122000364,140,285,-145
122000365,1,38,-37
122000366,13,7,6
122000368,479,608,-129
122000370,22,31,-9
122000371,13,0,13
122000372,21,1,20
122000381,98,343,-245
122000382,91,250,-159
122000384,2231,1084,1147
122000385,81,1,80
122000386,282,1076,-794
122000387,442,615,-173
122000388,1051,740,311
122000389,166,501,-335
122000390,325,214,111
122000391,300,343,-43
122000392,172,197,-25
122000393,222,301,-79
122000394,526,273,253
122000395,150,122,28
122000396,282,127,155
122000397,67,44,23
122000398,65,44,21
122000399,162,79,83
122000400,151,474,-323
122000401,138,92,46
122000402,252,92,160
122000403,322,630,-308
122000404,209,191,18
122000408,804,1013,-209
122000503,17,94,-77
122000524,647,139,508
122000544,80,1876,-1796
122000614,418,363,55
122000616,229,2,227
122000640,84,115,-31
122000641,152,226,-74
122000642,931,777,154
122000643,51,156,-105
122000644,112,42,70
122000645,115,138,-23
122000651,1191,893,298
122000664,120,29,91
122000665,1283,504,779
122000666,669,961,-292
122000673,31,265,-234
122000674,156,67,89
122000675,1612,812,800
122000686,748,951,-203
122000687,1424,346,1078
122000688,231,586,-355
122000689,855,337,518
122000690,1934,427,1507
122000691,1415,1295,120
122000692,1292,383,909
122000693,391,1549,-1158
122000695,168,202,-34
122000696,411,194,217
122000698,497,1086,-589
122000699,191,67,124
122000701,1248,296,952
122000702,518,980,-462
122000703,136,45,91
122000712,0,0,0
122000717,383,146,237
122000718,441,1441,-1000
122000719,119,88,31
122000720,588,202,386
122000724,873,322,551
122900001,62,11,51
122900002,944,3845,-2901
122900003,288,32,256
122900004,885,41,844
122900005,93,37,56
122900006,447,479,-32
122900007,390,136,254
122900008,325,100,225
122900009,525,351,174
122900010,190,117,73
122900012,267,308,-41
122900014,141,217,-76
122900015,1330,782,548
122900016,111,199,-88
122900017,320,712,-392
122900018,158,10,148
122900020,158,313,-155
122900021,94,320,-226
122900022,790,770,20
122900023,217,124,93
122900024,91,130,-39
122900025,13,351,-338
122900026,66,305,-239
122900027,54,716,-662
122900028,109,178,-69
122900029,3495,2442,1053
122900030,907,487,420
122900031,64,205,-141
122900032,97,326,-229
122900033,207,123,84
122900034,3616,4232,-616
122900035,12,12,0
122900036,65,83,-18
122900037,360,132,228
122900038,92,2052,-1960
122900039,83,497,-414
122900040,249,351,-102
122900041,274,319,-45
122900042,162,277,-115
122900043,260,218,42
122900044,135,304,-169
122900045,97,83,14
122900046,239,194,45
122900047,131,155,-24
122900048,76,144,-68
122900049,1622,105,1517
122900051,81,110,-29
122900052,104,132,-28
122900053,68,45,23
122900055,314,157,157
122900057,191,68,123
122900061,385,123,262
122900062,543,402,141
122900063,93,213,-120
122900064,648,300,348
122900065,490,239,251
122900066,721,352,369
122900067,1039,664,375
122900069,467,884,-417
122900070,325,73,252
122900071,171,365,-194
122900073,44,230,-186
122900074,607,473,134
122900075,1,87,-86
122900076,6,163,-157
122900077,2,99,-97
122900078,189,63,126
122900080,67,52,15
122900081,183,192,-9
122900082,792,421,371
122900083,139,312,-173
122900084,3,220,-217
122900086,15,115,-100
122900087,243,719,-476
122900088,26,147,-121
122900089,93,273,-180
122900090,7,353,-346
122900091,197,1,196
122900092,0,88,-88
122900093,0,205,-205
122900094,4,220,-216
122900095,103,7,96
122900096,241,222,19
122900097,15,35,-20
122900098,134,88,46
122900099,90,19,71
122900100,126,203,-77
122900101,462,219,243
122900102,25,25,0
122900103,129,7,122
122900104,141,14,127
122900105,16,8,8
122900106,3,57,-54
122900107,3,144,-141
122900108,4,155,-151
122900109,128,92,36
123000001,1210,434,776
123000002,3005,4329,-1324
123000003,2950,3420,-470
123000004,2791,3479,-688
123000005,2190,2367,-177
123000006,2118,2276,-158
123000007,3726,2474,1252
123000008,2640,2744,-104
123000009,3888,2539,1349
123000010,2866,3204,-338
123000011,2456,829,1627
123000012,820,1962,-1142
123000013,2908,811,2097
123000014,912,2850,-1938
123000015,2942,1006,1936
123000016,3984,3623,361
123000017,2946,1480,1466
123000018,68,69,-1
123000019,250,126,124
123000020,134,74,60
123000021,71,195,-124
123000022,270,1687,-1417
123000023,1256,1337,-81
123000024,1435,625,810
123000025,247,123,124
123000026,127,96,31
123000027,290,465,-175
123000028,1421,985,436
123000029,1285,1278,7
123000030,211,295,-84
123000031,242,215,27
123000032,330,110,220
123000033,254,64,190
123000034,914,618,296
123000035,371,360,11
123000036,390,1050,-660
123000037,169,297,-128
123000038,62,209,-147
123000039,388,1286,-898
123000040,537,224,313
123000041,1398,1382,16
123000042,1452,651,801
123000043,2368,7861,-5493
123000044,4018,1888,2130
123000045,6203,2565,3638
123000046,698,1346,-648
123000047,1550,948,602
123000048,66,673,-607
123000049,5202,7611,-2409
123000050,1151,1216,-65
123000051,121,167,-46
123000052,673,2692,-2019
123000053,2109,2793,-684
123000054,1344,1357,-13
123000055,1166,1874,-708
123000056,1166,1618,-452
123000057,9202,5764,3438
123000058,509,879,-370
123000059,388,444,-56
123000060,738,320,418
123000061,229,657,-428
123000063,613,759,-146
123000064,896,233,663
123000065,4459,2224,2235
123000066,662,515,147
123000067,823,573,250
123000068,2407,2350,57
123000069,5086,2676,2410
123000070,218,542,-324
123000071,848,799,49
123000072,999,815,184
123000073,1037,694,343
123000074,1072,988,84
123000075,324,923,-599
123000076,967,532,435
123000077,1981,2203,-222
123000078,1353,1383,-30
123000079,1297,1570,-273
123000080,1910,1412,498
123000081,129,323,-194
123000082,310,882,-572
123000083,794,217,577
123000084,613,571,42
123000085,288,87,201
123000086,428,127,301
123000087,277,226,51
123000088,992,584,408
123000089,500,932,-432
123000090,1027,817,210
123000091,1276,1185,91
123000092,936,1025,-89
123000094,425,217,208
123000095,416,509,-93
123000096,668,288,380
123000097,418,502,-84
123000098,684,506,178
123000099,537,557,-20
123000100,400,590,-190
123000101,510,586,-76
123000102,434,555,-121
123000104,527,648,-121
123000105,488,489,-1
123000106,599,442,157
123000107,354,529,-175
123000108,655,943,-288
123000111,630,284,346
123000112,931,429,502
123000113,442,1038,-596
123000114,360,632,-272
123000115,253,310,-57
123000116,49,141,-92
123000117,1434,1317,117
123000118,382,690,-308
123000119,207,696,-489
123000120,326,645,-319
123000121,448,626,-178
123000122,262,311,-49
123000123,384,477,-93
123000124,443,497,-54
123000125,1029,1056,-27
123000126,1040,3181,-2141
123000127,752,639,113
123000128,264,302,-38
123000129,538,187,351
123000130,546,78,468
123000131,774,744,30
123000132,342,509,-167
123000133,188,334,-146
123000134,276,183,93
123000135,1970,940,1030
123000136,174,594,-420
123000137,116,211,-95
123000138,125,302,-177
123000139,444,103,341
123000140,97,547,-450
123000141,672,147,525
123000142,942,1084,-142
123000143,1114,1698,-584
123000144,128,13,115
123000145,120,104,16
123000146,26,63,-37
123000147,70,89,-19
123000149,318,367,-49
123000150,157,234,-77
123000151,268,427,-159
123000152,205,303,-98
123000153,553,636,-83
123000154,1398,1601,-203
123000155,1781,971,810
123000156,31,103,-72
123000157,574,756,-182
123000158,499,694,-195
123000159,2565,1991,574
123000160,979,682,297
123000161,1400,1019,381
123000162,857,1276,-419
123000163,407,81,326
123000164,1305,358,947
123000165,500,1291,-791
123000166,43,102,-59
123000167,124,222,-98
123000168,217,150,67
123000169,572,129,443
123000170,121,148,-27
123000171,525,43,482
123000172,253,376,-123
123000173,437,274,163
123000174,809,377,432
123000175,512,994,-482
123000176,808,196,612
123000177,398,724,-326
123000178,646,153,493
123000179,53,404,-351
123000180,1233,321,912
123000181,193,1028,-835
123000182,278,254,24
123000183,149,355,-206
123000184,212,396,-184
123000185,677,338,339
123000186,48,596,-548
123000187,607,6,601
123000188,302,24,278
123000189,74,13,61
123000190,43,156,-113
123000192,26,448,-422
123000193,75,791,-716
123000194,199,191,8
123000195,338,65,273
123000196,354,57,297
123000197,86,82,4
123000198,19,460,-441
123000199,11,546,-535
123000200,561,38,523
123000201,919,40,879
123000202,20,835,-815
123000203,822,72,750
123000204,85,970,-885
123000205,361,1142,-781
123000206,1764,266,1498
123000207,126,728,-602
123000208,484,393,91
123000209,2160,745,1415
123000210,559,1918,-1359
123000211,473,1914,-1441
123000212,2401,498,1903
123000213,644,110,534
123000215,92,240,-148
123000216,122,951,-829
123000217,225,29,196
123000218,55,542,-487
123000219,728,56,672
123000220,513,77,436
123000221,276,76,200
123000222,299,277,22
123000223,221,214,7
123000224,358,384,-26
123000225,278,101,177
123000226,51,212,-161
123000227,55,225,-170
123000228,207,80,127
123000229,912,1149,-237
123000232,174,469,-295
123000233,663,166,497
123000234,114,467,-353
123000235,839,321,518
123000236,194,557,-363
123000237,315,80,235
123000238,80,348,-268
123000239,395,1014,-619
123000240,53,307,-254
123000241,506,76,430
123000242,103,166,-63
123000243,706,816,-110
123000244,834,698,136
123000245,54,143,-89
123000249,569,529,40
123000252,638,199,439
123000253,1053,510,543
123000254,523,862,-339
123000255,956,807,149
123000256,29,188,-159
123000257,1947,1501,446
123000258,1231,776,455
123000259,326,351,-25
123000260,372,280,92
123000261,170,105,65
123000262,90,170,-80
123000263,371,109,262
123000264,185,85,100
123000265,75,127,-52
123000266,633,625,8
123000267,525,300,225
123000268,45,56,-11
123000269,35,70,-35
123000270,42,51,-9
123000271,73,82,-9
123000272,643,291,352
123000273,226,505,-279
123000274,1100,481,619
123000275,268,720,-452
123000278,3318,2196,1122
123000279,108,82,26
123000280,303,265,38
123000281,304,98,206
123000282,106,244,-138
123000283,125,51,74
123000284,74,50,24
123000286,190,303,-113
123000287,399,225,174
123000288,1170,625,545
123000289,398,795,-397
123000291,224,694,-470
123000294,217,314,-97
123000295,990,761,229
123000296,645,375,270
123000297,693,601,92
123000298,520,278,242
123000299,204,315,-111
123000300,883,1030,-147
123000301,119,239,-120
123000302,65,127,-62
123000303,110,189,-79
123000305,808,870,-62
123000306,128,102,26
123000309,41,50,-9
123000310,34,47,-13
123000311,13,167,-154
123000312,534,625,-91
123000313,404,319,85
123000315,104,254,-150
123000316,983,262,721
123000317,223,74,149
123000318,72,145,-73
123000329,4,11,-7
123000337,876,391,485
123000338,316,48,268
123000339,210,191,19
123000340,118,397,-279
123000342,35,134,-99
123000343,45,6,39
123000344,987,469,518
123000345,251,598,-347
123000346,354,45,309
123000352,1029,741,288
123000353,39,123,-84
123000354,481,11,470
123000355,0,459,-459
123000356,270,5,265
123000357,0,107,-107
123000359,8,123,-115
123000360,132,50,82
123000361,195,209,-14
123000362,323,90,233
123000363,61,132,-71
123000364,382,466,-84
123000365,16,309,-293
123000366,368,1559,-1191
123000367,506,931,-425
123000370,31,296,-265
123000371,661,33,628
123000372,262,24,238
123000373,21,205,-184
123000374,88,164,-76
123000375,489,49,440
123000376,838,642,196
123000377,238,11,227
123000378,4,194,-190
123000379,8,263,-255
123000380,20,121,-101
123000381,118,80,38
123000382,873,89,784
123000383,248,1142,-894
123000384,399,79,320
123000385,162,566,-404
123000436,44,814,-770
123000507,123,223,-100
123000508,195,938,-743
123000517,249,27,222
123000518,40,207,-167
123000519,132,61,71
123000520,59,181,-122
123000521,271,63,208
123000522,124,295,-171
123000541,6,3,3
123000542,0,16,-16
123000565,624,41,583
123000566,263,505,-242
123000567,517,267,250
123000573,33,593,-560
123000574,530,73,457
123000575,1090,953,137
123000576,573,1188,-615
123000577,51,465,-414
123000578,436,41,395
123000579,2234,4587,-2353
123000580,225,92,133
123000582,287,33,254
123000583,36,249,-213
123000584,157,239,-82
123000585,0,134,-134
123000586,103,0,103
123000596,85,64,21
123000597,46,136,-90
123000602,36,5,31
123000603,568,483,85
123000604,506,626,-120
123000605,736,30,706
123000606,1,330,-329
123000609,17,263,-246
123000610,190,95,95
123000613,33,192,-159
123000614,175,35,140
123000615,47,169,-122
123000616,452,38,414
123000617,125,381,-256
123000618,90,552,-462
123000619,463,57,406
123000620,19,330,-311
123000622,310,19,291
123000624,142,64,78
123000630,1035,331,704
123000631,222,1014,-792
123000632,857,748,109
123000633,1,297,-296
123000634,36,86,-50
123000635,110,125,-15
123000636,50,330,-280
123000637,235,44,191
123000638,453,45,408
123000639,801,3231,-2430
123000640,36,490,-454
123000648,353,94,259
123000649,77,414,-337
123000650,114,73,41
123000651,33,139,-106
123000652,124,15,109
123000653,17,86,-69
123000654,24,165,-141
123900001,860,44,816
123900002,18,934,-916
123900003,214,358,-144
123900005,165,135,30
123900006,223,44,179
124000001,1460,77,1383
124000002,32,1256,-1224
124000003,666,102,564
124000004,69,385,-316
124000005,812,316,496
124000006,183,682,-499
124000007,377,113,264
124000008,7,389,-382
124000009,548,216,332
124000010,201,405,-204
124000011,710,246,464
124000012,268,351,-83
124000017,153,110,43
124000018,103,70,33
124000019,109,102,7
124000020,54,139,-85
124000021,74,88,-14
124000022,86,157,-71
124000023,558,155,403
124000024,801,403,398
124000025,604,460,144
124000026,657,390,267
124000027,1118,749,369
124000028,1949,802,1147
124000031,1410,1968,-558
124000032,1459,968,491
124000033,943,519,424
124000034,564,1054,-490
124000035,394,242,152
124000036,368,600,-232
124000037,486,1070,-584
124000038,49,132,-83
124000039,861,525,336
124000040,465,952,-487
124000041,421,103,318
124000042,254,423,-169
124000043,96,132,-36
124000044,62,193,-131
124000045,491,430,61
124000046,233,425,-192
124000047,1028,576,452
124000048,806,734,72
124000049,1470,532,938
124000050,640,1164,-524
124000051,843,516,327
124000052,609,824,-215
124000053,520,1344,-824
124000054,893,641,252
124000055,1220,2075,-855
124000056,1636,1153,483
124000057,894,521,373
124000058,548,915,-367
124000059,677,1160,-483
124000060,1194,700,494
124000061,1346,4539,-3193
124000062,4400,1556,2844
124000063,1179,1497,-318
124000064,2155,1395,760
124000065,186,528,-342
124000066,332,114,218
124000067,132,140,-8
124000068,73,127,-54
124000069,645,141,504
124000070,240,350,-110
124000071,235,110,125
124000072,160,291,-131
124000073,775,197,578
124000074,253,611,-358
124000075,242,25,217
124000076,53,144,-91
124000077,1188,774,414
124000078,2303,1277,1026
124000079,323,1158,-835
124000080,475,158,317
124000081,204,440,-236
124000082,40,153,-113
124000083,105,101,4
124000084,103,459,-356
124000085,112,61,51
124000086,35,74,-39
124000087,178,75,103
124000088,127,291,-164
124000089,720,259,461
124000090,142,294,-152
124000091,473,119,354
124000092,119,532,-413
124000093,125,82,43
124000094,102,345,-243
124000095,106,105,1
124000096,116,180,-64
124000097,111,129,-18
124000098,75,82,-7
124000099,211,78,133
124000100,51,119,-68
124000101,84,82,2
124000102,181,61,120
124000103,105,128,-23
124000104,105,45,60
124000105,70,87,-17
124000106,151,48,103
124000107,15,157,-142
124000108,58,16,42
124000109,127,127,0
124000110,216,104,112
124000111,190,142,48
124000112,558,656,-98
124000113,82,107,-25
124000114,242,337,-95
124000115,300,564,-264
124000116,92,175,-83
124000117,58,69,-11
124000118,45,50,-5
124000119,679,416,263
124000120,460,387,73
124000121,1815,764,1051
124000122,460,1116,-656
124000123,901,415,486
124000124,327,877,-550
124000125,313,411,-98
124000126,229,550,-321
124000127,698,315,383
124000128,476,674,-198
124000129,1761,1437,324
124000130,737,565,172
124000131,841,498,343
124000132,720,636,84
124000133,707,567,140
124000134,709,533,176
124000135,1284,1340,-56
124000136,806,866,-60
124000137,854,626,228
124000138,1115,950,165
124000139,628,88,540
124000140,70,494,-424
124000141,726,56,670
124000142,61,507,-446
124000143,121,6,115
124000144,9,171,-162
124000145,98,45,53
124000146,26,92,-66
124000148,51,106,-55
124000149,1048,416,632
124000150,566,601,-35
124000151,846,442,404
124000152,688,1021,-333
124000153,953,774,179
124000154,368,656,-288
124000155,1400,936,464
124000156,1426,953,473
124000169,176,309,-133
124000170,425,363,62
124000171,219,160,59
124000172,291,344,-53
124000173,386,237,149
124000174,355,449,-94
124000175,6,83,-77
124000176,36,26,10
124000177,8,51,-43
124000178,35,37,-2
124000185,39,18,21
124000186,6,57,-51
124000187,11,62,-51
124000188,56,7,49
124000190,82,33,49
124000191,154,205,-51
124000192,1231,332,899
124000193,361,769,-408
124000194,378,359,19
124000195,299,484,-185
124000196,1015,1045,-30
124000197,51,28,23
124000198,34,39,-5
124000201,305,890,-585
124000202,530,332,198
124000203,570,414,156
124000204,735,283,452
124000205,151,320,-169
124000206,772,315,457
124000207,0,51,-51
124000209,200,214,-14
124000210,548,170,378
124000211,560,3,557
124000212,0,246,-246
124000213,441,250,191
124000214,384,415,-31
124000215,360,30,330
124000216,1,309,-308
124000329,196,1156,-960
124000338,184,485,-301
124000339,748,125,623
124000341,1269,117,1152
124000344,65,39,26
124000357,1378,2642,-1264
124000358,1417,2428,-1011
124000359,978,748,230
124000360,838,482,356
124000361,1282,603,679
124000362,807,1115,-308
124000363,250,376,-126
124000364,584,722,-138
124000365,670,1010,-340
124000366,1622,1477,145
124000367,137,337,-200
124000368,486,399,87
124000369,89,94,-5
124000370,49,441,-392
124000402,32,34,-2
124000403,132,36,96
124000404,16,83,-67
124000405,885,712,173
124000406,671,683,-12
124000407,0,30,-30
124000411,9,214,-205
124000412,460,14,446
124000413,169,29,140
124000414,68,114,-46
124000415,51,94,-43
124000416,148,166,-18
124000417,125,116,9
124000418,145,62,83
124000419,138,105,33
124000420,63,54,9
124000421,32,145,-113
124000422,42,11,31
124000423,119,22,97
124000424,2,75,-73
124000425,134,9,125
124000426,2,156,-154
124000427,181,10,171
124000428,13,45,-32
124000429,52,32,20
124000430,528,331,197
124000431,277,355,-78
124000432,189,597,-408
124000439,29,26,3
124000443,0,0,0
124000445,410,978,-568
124000446,1246,259,987
124000447,41,116,-75
124000448,110,12,98
124000449,124,33,91
124000450,22,156,-134
124000451,5,98,-93
124000452,339,62,277
124000453,2144,3284,-1140
124000454,2266,4721,-2455
124000457,5,78,-73
124000458,5,141,-136
124900001,460,349,111
124900002,148,216,-68
124900003,950,529,421
124900004,575,268,307
124900005,147,96,51
124900006,582,243,339
124900008,982,443,539
124900009,177,312,-135
124900010,175,112,63
124900011,368,183,185
124900012,407,145,262
124900013,424,175,249
124900014,364,79,285
124900015,135,233,-98
124900016,67,63,4
124900017,441,1228,-787
124900018,42,17,25
124900020,82,59,23
124900021,200,26,174
124900022,113,11,102
124900024,200,3,197
124900026,122,12,110
124900027,84,334,-250
124900028,280,48,232
124900029,22,382,-360
124900030,10,59,-49
124900031,41,183,-142
124900032,146,164,-18
124900033,90,183,-93
124900034,2,78,-76
124900035,132,288,-156
124900036,2,49,-47
124900037,142,186,-44
124900038,207,237,-30
124900039,1,100,-99
124900040,143,87,56
124900041,205,745,-540
124900042,91,3,88
124900043,490,813,-323
124900044,78,1,77
124900045,441,865,-424
124900047,123,118,5
124900048,175,54,121
124900050,184,164,20
124900052,165,300,-135
124900053,121,231,-110
124900054,1255,340,915
124900055,0,149,-149
124900057,23,173,-150
124900060,83,153,-70
124900061,69,5,64
124900062,268,20,248
124900066,0,13,-13
124900067,11,121,-110
124900068,221,384,-163
124900070,59,18,41
124900072,118,31,87
124900075,149,195,-46
124900076,54,1011,-957
124900077,23,86,-63
124900078,50,14,36
124900079,401,140,261
124900080,273,507,-234
124900081,854,325,529
124900082,303,632,-329
124900083,205,404,-199
124900085,1031,336,695
124900086,35,1093,-1058
124900087,593,63,530
124900088,476,79,397
124900089,987,24,963
124900090,215,197,18
124900091,242,244,-2
124900092,181,175,6
124900093,270,141,129
124900094,302,188,114
124900095,78,300,-222
124900096,394,187,207
124900097,283,58,225
124900098,138,231,-93
124900099,358,331,27
124900100,268,23,245
124900101,96,366,-270
124900102,212,11,201
124900103,139,157,-18
124900104,87,137,-50
124900105,104,88,16
124900106,288,20,268
124900107,79,14,65
124900108,109,56,53
124900111,0,139,-139
124900112,87,421,-334
124900113,77,292,-215
124900114,146,176,-30
124900115,90,30,60
124900116,167,146,21
124900117,281,163,118
124900118,147,276,-129
124900119,290,155,135
124900120,38,271,-233
124900121,92,288,-196
124900122,188,157,31
124900123,240,116,124
124900124,122,268,-146
124900125,228,1,227
124900126,2,167,-165
204000001,118,13,105
204000002,12,9,3
204000003,20,3,17
204000004,2,0,2
204000005,603,447,156
204000006,1124,1047,77
204000011,18,46,-28
204000012,53,96,-43
204000019,714,433,281
204000020,567,700,-133
204000021,1862,805,1057
204000022,575,423,152
204000023,485,631,-146
204000031,93,17,76
204000032,343,25,318
204000034,46,146,-100
204000035,0,2,-2
204000036,5,10,-5
204000037,7,24,-17
204000038,0,19,-19
204000039,7,18,-11
204000040,4,13,-9
204000041,10,18,-8
204000042,32,14,18
204000043,34,2,32
204000044,29,4,25
204000045,38,1,37
204000046,12,3,9
204000057,2,17,-15
204000062,30,82,-52
204000068,31,244,-213
204000069,65,306,-241
204000070,59,67,-8
204000080,39,47,-8
204000085,1962,1357,605
204000086,2036,1542,494
204000087,54,9,45
204000088,5,91,-86
204000090,72,257,-185
204000093,334,66,268
204000096,735,1005,-270
204000097,340,35,305
204000099,961,1300,-339
204000100,1297,1781,-484
204000105,2030,1003,1027
204000110,572,1246,-674
204000111,467,652,-185
204000112,1072,1124,-52
204000113,561,898,-337
204000114,680,667,13
204000115,503,378,125
204000116,1695,970,725
204000119,1815,2338,-523
204000132,653,306,347
204000133,751,171,580
204000134,164,56,108
204000135,664,76,588
204000136,641,199,442
204000138,372,468,-96
204000140,208,132,76
204000141,147,69,78
204000144,9,27,-18
204000145,438,14,424
204000146,27,310,-283
204000147,26,144,-118
204000148,253,37,216
204000154,6,1,5
204000155,2,2,0
204000177,53,30,23
204000179,18,8,10
204000180,0,38,-38
204000222,1,5,-4
204000235,16,11,5
204000236,67,197,-130
204000238,22,33,-11
204000240,354,59,295
204000263,614,914,-300
204000268,889,588,301
204000308,156,22,134
204000317,9,58,-49
204000322,5,32,-27
204000323,13,3,10
204000328,196,89,107
204000329,73,188,-115
204000330,166,124,42
204000331,147,127,20
205000001,809,1532,-723
205000013,3,80,-77
205000014,14,93,-79
205000015,32,154,-122
205000016,40,117,-77
205000017,25,64,-39
205000022,295,834,-539
205000025,1224,1143,81
205000029,203,4,199
205000045,94,436,-342
205000046,147,578,-431
205000047,43,430,-387
205000048,350,974,-624
205000049,197,751,-554
205000050,765,288,477
205000059,1,163,-162
205000060,1,67,-66
205000061,3,52,-49
205000062,1,54,-53
205000063,19,96,-77
205000064,12,74,-62
205000065,43,435,-392
205000066,120,609,-489
205000067,29,669,-640
205000069,196,20,176
205000082,176,140,36
205000110,103,242,-139
205000111,209,208,1
205000112,182,192,-10
205000113,141,326,-185
205000121,224,48,176
205000123,35,186,-151
205000126,418,70,348
205000127,713,131,582
205000128,389,43,346
205000129,591,54,537
205000130,179,29,150
205000131,137,12,125
205000132,183,3,180
205000133,102,0,102
205000134,240,0,240
205000137,58,123,-65
205000138,102,249,-147
205000139,21,111,-90
205000144,94,94,0
205000145,281,153,128
205000151,137,20,117
205000152,164,17,147
205000153,215,20,195
205000154,79,37,42
205000155,112,5,107
205000207,7,162,-155
205000233,20,1,19
205000234,0,0,0
205000243,0,0,0
205000244,0,1,-1
205000245,7,140,-133
205000249,0,18,-18
205000250,6,0,6
205000264,5,77,-72
206000027,5,2,3
206000028,3,2,1
206000043,5,49,-44
206000053,1,9,-8
206000054,15,15,0
206000055,0,14,-14
206000075,7,21,-14
206000076,14,17,-3
206000077,14,4,10
206000078,21,11,10
206000079,13,9,4
206000082,343,35,308
206000100,23,376,-353
206000103,5,10,-5
206000104,6,18,-12
206000105,5,9,-4
206000106,9,16,-7
206000125,52,0,52
206000157,43,378,-335
206000170,0,110,-110
206000171,2,142,-140
206000172,6,268,-262
206000173,2,129,-127
206000174,8,62,-54
206000175,2,74,-72
206000176,18,128,-110
206000177,0,82,-82
206000178,3,160,-157
206000179,3,98,-95
206000180,10,142,-132
206000181,7,90,-83
206000182,10,107,-97
206000183,14,342,-328
206000184,6,232,-226
206000185,5,108,-103
206000186,87,661,-574
206000223,3,187,-184
206000226,5,2,3
206000227,22,0,22
206000237,28,246,-218
206000238,17,475,-458
206000239,208,1436,-1228
206000240,3,35,-32
206000241,0,63,-63
206000242,12,182,-170
206000243,11,146,-135
206000244,34,430,-396
206000245,645,49,596
206000246,189,10,179
206000247,172,6,166
206000248,287,14,273
206000252,62,28,34
206000258,24,33,-9
206000315,30,12,18
206000317,506,80,426
206000318,474,56,418
206000319,1079,55,1024
206000320,143,29,114
206000321,119,11,108
206000322,400,12,388
206000323,102,7,95
206000324,129,6,123
206000325,135,13,122
206000326,134,11,123
206000327,153,7,146
206000328,156,4,152
206000329,222,2,220
206000330,73,2,71
206000331,144,1,143
206000332,44,3,41
206000333,426,0,426
206000334,232,5,227
206000335,0,18,-18
206000361,3,157,-154
206000392,1,14,-13
206000405,104,0,104
206000441,19,12,7
206000498,32,2,30
206000515,50,35,15
206000530,296,66,230
206000531,207,169,38
206000532,1766,223,1543
206000535,198,1388,-1190
206000536,19,150,-131
206000537,12,136,-124
206000613,1248,179,1069
206000784,421,34,387
207000001,145,544,-399
207000002,109,287,-178
207000003,143,112,31
207000007,835,215,620
207000008,97,10,87
207000009,55,47,8
207000010,358,334,24
207000012,271,204,67
207000015,274,962,-688
207000019,198,88,110
207000021,444,123,321
207000022,150,95,55
207000023,209,39,170
207000024,5,12,-7
207000025,21,79,-58
207000026,101,28,73
207000027,14,59,-45
207000028,46,164,-118
207000029,143,322,-179
207000033,183,348,-165
207000034,226,71,155
207000039,321,103,218
207000040,300,84,216
207000041,79,35,44
207000042,149,54,95
207000043,177,168,9
207000051,125,218,-93
207000052,16,130,-114
207000053,344,455,-111
207000054,52,80,-28
207000055,207,111,96
207000056,303,226,77
207000057,124,253,-129
207000058,183,228,-45
207000059,100,382,-282
207000060,67,157,-90
207000061,230,421,-191
207000062,345,38,307
207000063,355,105,250
207000064,425,137,288
207000065,350,221,129
207000066,205,117,88
207000067,53,77,-24
207000068,144,67,77
207000069,613,350,263
207000082,5,219,-214
207000083,52,224,-172
207000084,232,238,-6
207000085,180,22,158
207000086,199,8,191
207000106,40,36,4
207000107,59,19,40
207000108,53,7,46
207000109,69,13,56
207000110,61,85,-24
207000111,88,65,23
207000112,120,646,-526
207000114,14,37,-23
207000115,25,55,-30
207000116,30,309,-279
207000117,15,76,-61
207000118,5,63,-58
207000119,20,63,-43
207000123,164,23,141
207000124,68,19,49
207000125,40,39,1
207000126,71,81,-10
207000134,76,138,-62
207000135,22,194,-172
207000148,36,264,-228
207000149,78,36,42
207000152,109,318,-209
207000153,791,1059,-268
207000154,373,144,229
207000159,99,124,-25
207000160,146,337,-191
207000238,2,210,-208
207000242,5,132,-127
207000248,39,30,9
207000249,96,28,68
207000250,577,50,527
207000251,87,69,18
207000252,86,64,22
207000278,76,57,19
207000279,31,127,-96
207000280,544,67,477
207000281,103,657,-554
207000282,152,112,40
207000283,115,184,-69
207000284,65,192,-127
207000285,100,66,34
207000291,20,77,-57
207000304,81,74,7
207000306,92,308,-216
207000310,56,63,-7
207000353,310,5,305
207000356,18,22,-4
207000357,15,12,3
207000358,7,7,0
207000415,5,145,-140
207000417,56,8,48
207000418,141,128,13
207000438,0,0,0
207000439,711,674,37
207000446,144,0,144
207000460,33,12,21
207000466,138,115,23
207000467,187,100,87
207000468,48,276,-228
207000476,11,73,-62
207000477,579,68,511
207000478,1,18,-17
207000523,0,3,-3
207000524,93,0,93
207000527,125,127,-2
207000530,401,7,394
207000531,288,10,278
207000532,39,22,17
207000534,373,41,332
207000535,48,227,-179
207000537,10,84,-74
207000540,10,156,-146
207000541,4,258,-254
207000548,9,197,-188
207000549,341,13,328
207000561,150,160,-10
207000562,32,165,-133
207000567,158,162,-4
207000568,228,74,154
207000569,438,524,-86
207000584,242,136,106
207000585,79,333,-254
207000587,168,26,142
207000616,0,114,-114
207000617,145,0,145
207000624,69,33,36
207000631,11,80,-69
207900008,318,151,167
208000001,504,1051,-547
208000002,737,472,265
208000003,1262,375,887
208000004,1241,691,550
208000005,6,7,-1
208000019,540,915,-375
208000020,167,463,-296
208000021,252,291,-39
208000022,1078,378,700
208000028,1526,993,533
208000033,631,494,137
208000034,1008,1031,-23
208000037,202,10,192
208000040,161,149,12
208000041,759,440,319
208000042,1193,519,674
208000047,128,217,-89
208000064,2058,1409,649
208000066,1511,2242,-731
208000070,263,325,-62
208000071,311,724,-413
208000072,336,1071,-735
208000080,317,349,-32
208000081,386,145,241
208000082,286,225,61
208000083,118,343,-225
208000084,22,23,-1
208000085,794,564,230
208000086,395,995,-600
208000087,379,714,-335
208000089,1108,325,783
208000090,981,563,418
208000093,147,122,25
208000094,647,334,313
208000095,630,428,202
208000104,729,772,-43
208000105,554,876,-322
208000114,109,323,-214
208000115,396,252,144
208000116,443,908,-465
208000117,106,192,-86
208000118,121,137,-16
208000155,560,972,-412
208000158,1343,3300,-1957
208000186,3182,4005,-823
208000204,597,909,-312
208000205,1116,775,341
208000282,5013,3004,2009
209000004,437,160,277
209000005,50,29,21
209000006,372,175,197
209000007,217,296,-79
209000010,364,114,250
209000011,138,225,-87
209000012,306,75,231
209000013,193,231,-38
209000014,365,652,-287
209000025,397,52,345
209000026,615,133,482
209000027,513,661,-148
209000028,375,513,-138
209000029,496,509,-13
209000030,418,770,-352
209000031,1661,1495,166
209000034,176,242,-66
209000035,130,188,-58
209000036,210,114,96
209000037,273,214,59
209000038,137,167,-30
209000039,67,161,-94
209000040,243,452,-209
209000041,178,445,-267
209000042,196,405,-209
209000043,566,836,-270
209000044,186,740,-554
209000045,1259,364,895
209000046,528,353,175
209000047,326,183,143
209000048,563,219,344
209000049,71,70,1
209000050,226,154,72
209000051,283,259,24
209000052,184,212,-28
209000062,38,49,-11
209000063,71,58,13
209000064,56,61,-5
209000065,73,16,57
209000066,63,39,24
209000067,112,40,72
209000080,54,216,-162
209000082,79,33,46
209000091,33,87,-54
209000093,45,21,24
209000094,177,168,9
209000110,30,132,-102
209000111,421,1244,-823
209000112,686,477,209
209000113,1273,532,741
209000114,589,392,197
209000115,71,85,-14
209000116,501,360,141
209000118,13,39,-26
209000119,30,15,15
209000121,122,319,-197
209000135,72,216,-144
209000142,611,1395,-784
209000143,55,50,5
209000144,50,94,-44
209000229,280,132,148
209000240,43,246,-203
209000259,90,81,9
209000260,33,684,-651
209000261,2,411,-409
209000262,2,343,-341
209000263,0,144,-144
209000264,1,85,-84
209000265,396,6,390
209000266,84,3,81
209000267,757,8,749
209000268,464,35,429
210000037,59,22,37
210000047,82,14,68
210000048,84,21,63
210000049,57,16,41
210000052,48,43,5
210000053,48,38,10
210000054,56,59,-3
210000070,99,2,97
210000071,74,1,73
210000072,17,0,17
210000073,0,35,-35
210000074,0,78,-78
210000075,2,122,-120
210000076,7,107,-100
210000077,12,47,-35
210000078,50,20,30
210000079,18,21,-3
210000080,64,52,12
210000081,158,30,128
210000082,166,1,165
210000083,79,2,77
210000084,34,0,34
210000085,1,59,-58
210000086,0,76,-76
210000099,23,216,-193
210000100,66,143,-77
210000101,63,139,-76
210000105,22,161,-139
210000159,1,170,-169
210000163,116,229,-113
210000164,246,144,102
210000168,169,51,118
210000187,0,17,-17
210000188,0,18,-18
210000214,18,0,18
210000219,36,65,-29
210000220,67,39,28
210000232,3,21,-18
210000233,39,59,-20
210000234,23,90,-67
210000235,60,57,3
210000245,1,62,-61
210000246,18,2,16
210000258,15,64,-49
210000259,295,54,241
210000282,81,199,-118
210000285,3,98,-95
210000286,18,119,-101
210000290,5,16,-11
210000295,36,99,-63
210000296,39,30,9
210000320,148,77,71
210000321,109,38,71
210000338,82,51,31
210000339,236,948,-712
210000340,97,321,-224
210000341,192,248,-56
210000342,156,177,-21
210000343,124,144,-20
210000344,149,89,60
210000345,140,205,-65
210000346,59,67,-8
210000347,80,35,45
210000348,105,16,89
210000349,54,18,36
210000350,114,66,48
210000351,128,93,35
210000352,58,58,0
210000353,50,82,-32
210000354,69,79,-10
210000355,38,80,-42
210000356,63,40,23
210000357,56,36,20
210000358,194,115,79
210000359,100,68,32
210000360,164,104,60
210000361,194,137,57
210000362,263,196,67
210000363,662,247,415
210000364,109,106,3
210000365,102,49,53
210000366,74,46,28
210000367,80,26,54
210000368,128,45,83
210000369,21,21,0
210000370,32,37,-5
210000372,22,35,-13
210000373,29,21,8
210000374,51,19,32
210000375,30,71,-41
210000376,81,123,-42
210000404,61,83,-22
210000439,23,29,-6
210000472,87,4,83
210000482,55,86,-31
210000564,272,197,75
210000567,2,33,-31
210000568,281,2,279
211000092,58,36,22
211000094,28,9,19
211000169,188,4,184
211000172,10,277,-267
211000209,3,11,-8
211000226,7,56,-49
211000270,60,25,35
211000275,7,19,-12
211000276,45,30,15
211000279,10,33,-23
211000281,45,27,18
211000302,16,67,-51
211507980,3,32,-29
211977296,40,5,35
212000003,82,40,42
212000004,33,39,-6
212000005,16,24,-8
212000006,31,50,-19
212000008,190,116,74
212000009,36,93,-57
212000012,48,45,3
212000013,30,45,-15
212000014,237,155,82
212000015,282,250,32
212000016,406,409,-3
212000027,484,494,-10
212000028,312,417,-105
212000029,206,258,-52
212000030,72,27,45
212000031,72,44,28
212000048,25,116,-91
212000049,25,114,-89
212000050,16,4,12
212000051,144,124,20
212000052,172,170,2
212000053,364,342,22
212000054,251,104,147
212000055,213,215,-2
212000056,11,43,-32
212000057,17,18,-1
212000058,310,28,282
212000070,103,146,-43
212000077,119,423,-304
212000099,248,255,-7
212000108,168,126,42
212000111,188,113,75
212000120,112,77,35
212000138,156,32,124
212000156,3,71,-68
212000158,13,19,-6
212000159,395,42,353
212000160,568,277,291
212000161,67,10,57
212000310,39,20,19
212000311,13,70,-57
212000374,34,13,21
213000001,30,262,-232
213000005,318,118,200
213000006,892,283,609
213000007,158,14,144
213000009,755,502,253
213000010,134,267,-133
213000011,163,113,50
213000014,88,12,76
213000015,211,5,206
213000016,349,2,347
213000017,94,1,93
213000018,7,145,-138
213000019,1,143,-142
213000020,86,252,-166
213000021,3,86,-83
213000023,259,157,102
213000033,270,1395,-1125
213000034,703,218,485
213000035,130,210,-80
213000045,172,275,-103
213000046,156,179,-23
213000047,646,1226,-580
213000056,100,30,70
213000069,116,9,107
213000073,1,25,-24
213000074,55,170,-115
213000075,458,13,445
213000076,57,8,49
213000085,13,40,-27
213000086,21,106,-85
213000091,171,17,154
213000092,72,17,55
213000099,183,1155,-972
213000100,1014,243,771
213000101,290,96,194
213000102,358,201,157
213000103,763,652,111
213000104,53,327,-274
213000105,3,76,-73
213000106,39,130,-91
213000107,97,270,-173
213000108,15,116,-101
213000109,22,280,-258
213000110,19,157,-138
213000111,13,62,-49
213000112,45,32,13
213000115,64,16,48
213000116,33,289,-256
213000117,11,490,-479
213000118,298,210,88
213000119,29,312,-283
213000120,165,252,-87
213000122,112,459,-347
213000123,334,971,-637
213000124,95,1008,-913
213000125,113,18,95
213000126,51,105,-54
213000127,139,205,-66
213000128,347,952,-605
213000129,230,540,-310
213000130,517,235,282
213000132,287,75,212
213000133,516,90,426
213000134,685,21,664
213000136,400,28,372
213000137,572,84,488
213000139,342,31,311
213000147,49,6,43
213000148,18,9,9
213000149,41,22,19
213000150,0,131,-131
213000151,4,87,-83
213000152,0,86,-86
213000153,2,89,-87
213000154,33,246,-213
213000155,28,161,-133
213000156,104,400,-296
213000157,481,346,135
213000158,243,681,-438
213000159,344,417,-73
213000163,755,80,675
213000165,691,240,451
213000171,59,101,-42
213000172,48,256,-208
213000173,17,155,-138
213000174,0,67,-67
213000175,45,41,4
213000176,11,120,-109
213000177,25,15,10
213000178,82,12,70
213000179,175,37,138
213000180,202,68,134
213000184,29,96,-67
213000188,321,105,216
213000189,297,39,258
213000190,685,658,27
213000191,253,364,-111
213000192,153,293,-140
213000193,852,353,499
213000194,0,69,-69
213000195,18,288,-270
213000196,263,1051,-788
213000197,345,510,-165
213000198,58,3,55
213000200,161,961,-800
213000201,98,85,13
213000202,10,630,-620
213000203,2791,581,2210
213000204,631,70,561
213000205,217,93,124
213000206,443,49,394
213000207,137,14,123
213000208,111,0,111
213000209,191,6,185
213000210,299,5,294
213000211,7,11,-4
213000212,27,22,5
213000213,22,32,-10
213000218,179,422,-243
213000219,416,13,403
213000220,334,29,305
213000223,136,204,-68
213000224,39,55,-16
213000225,86,7,79
213000226,70,27,43
213000227,819,213,606
213000228,364,100,264
213000229,215,22,193
213000230,474,40,434
213000232,53,752,-699
213000233,16,195,-179
213000234,5,44,-39
213000293,22,68,-46
213000294,168,31,137
213000295,16,81,-65
213000296,44,29,15
213000297,11,60,-49
213000298,14,51,-37
213000299,68,27,41
213000300,24,6,18
213000303,11,23,-12
213000304,3,12,-9
213000305,9,15,-6
213000306,42,34,8
213000307,162,63,99
213000308,73,146,-73
213000309,140,62,78
213000310,343,185,158
213000311,355,729,-374
213000315,56,71,-15
213000316,147,42,105
213000322,29,22,7
213000323,20,29,-9
213000340,185,694,-509
213000341,483,101,382
213000346,200,155,45
213000347,630,364,266
213000348,7,98,-91
213000349,29,12,17
213000350,504,974,-470
213000366,56,223,-167
213000367,213,40,173
213000379,85,37,48
213000386,16,394,-378
213000406,90,372,-282
213000417,944,371,573
213000425,140,31,109
213000426,132,61,71
213000427,44,149,-105
213000428,56,127,-71
213000429,16,1,15
213000430,81,437,-356
213000431,56,2,54
213000432,6,123,-117
213000433,8,96,-88
213000434,74,81,-7
213000435,94,80,14
213000439,42,15,27
213000441,5,2,3
213000443,287,322,-35
213000445,0,66,-66
213000446,3,192,-189
213000447,5,43,-38
213000448,6,142,-136
213000449,331,3,328
213000450,16,28,-12
213000451,193,52,141
213000452,28,26,2
213000453,34,234,-200
213000455,469,14,455
213000456,0,319,-319
213000481,9,8,1
213000482,40,3,37
213000489,252,63,189
213000491,0,156,-156
213000492,225,1,224
213000493,0,131,-131
213000494,186,94,92
213000495,1,60,-59
213000496,266,92,174
213000497,74,267,-193
213000498,76,177,-101
213000499,131,290,-159
213000500,348,38,310
213000501,108,14,94
213000502,166,59,107
213000504,71,144,-73
213000505,17,29,-12
213000506,0,7,-7
213000507,29,253,-224
213900244,37,2,35
213900245,0,17,-17
218000003,17,40,-23
218000004,39,57,-18
218000005,55,38,17
218000006,41,22,19
218000007,16,18,-2
218000012,196,165,31
218000013,100,131,-31
218000014,390,347,43
218000019,661,519,142
218000020,278,345,-67
218000040,3,0,3
218000046,36,105,-69
218000047,8,107,-99
218000048,30,119,-89
218000049,102,91,11
218000050,281,179,102
218000051,57,188,-131
218000052,3,74,-71
218000053,4,12,-8
218000054,9,49,-40
218000055,2,16,-14
218000056,11,27,-16
218000057,0,23,-23
218000064,0,19,-19
218000065,71,33,38
218000066,9,40,-31
218000067,37,82,-45
218000068,93,83,10
218000069,222,125,97
218000070,177,191,-14
218000071,178,152,26
218000072,249,151,98
218000078,839,648,191
218000079,109,67,42
218000080,139,61,78
218000081,394,166,228
218000082,52,96,-44
218000083,71,46,25
218000084,119,83,36
218000085,147,238,-91
218000086,53,100,-47
218000087,165,134,31
218000090,12,92,-80
218000091,933,405,528
218000092,74,136,-62
218000093,77,41,36
218000094,385,595,-210
218000099,218,616,-398
218000100,262,225,37
218000101,268,124,144
218000102,384,140,244
218000103,78,119,-41
218000104,72,36,36
218000105,30,15,15
218000106,13,5,8
218000107,51,49,2
218000108,7,27,-20
218000112,66,26,40
218000117,51,48,3
218000134,425,436,-11
218000135,15,78,-63
218000136,199,73,126
218000137,213,143,70
218000138,30,85,-55
218000139,148,329,-181
218000140,333,195,138
218000141,67,51,16
218000142,153,131,22
218000143,110,240,-130
218000144,60,106,-46
218000145,331,254,77
218000146,61,157,-96
218000151,8,16,-8
218000152,56,25,31
218000170,12,22,-10
218000171,36,3,33
218000172,8,7,1
218000173,44,10,34
218000174,14,5,9
218000176,96,35,61
218000177,180,123,57
218000178,29,170,-141
218000179,63,40,23
218000180,45,30,15
218000181,120,36,84
218000187,18,19,-1
218000188,28,46,-18
218000189,31,50,-19
218000190,1,14,-13
218000191,180,49,131
218000192,154,157,-3
218000193,295,239,56
218000194,62,189,-127
218000195,106,65,41
218000196,247,214,33
218000197,267,203,64
218000198,41,111,-70
218000199,32,30,2
218000200,86,28,58
218000201,24,8,16
218000202,77,262,-185
218000207,5,24,-19
218000208,38,23,15
218000211,51,20,31
218000213,59,43,16
218000214,1,26,-25
218000215,36,41,-5
218000217,5,78,-73
218000218,131,57,74
218000219,18,15,3
218000220,105,295,-190
218000221,393,156,237
218000222,5,24,-19
218000223,17,184,-167
218000224,9,76,-67
218000225,104,11,93
218000226,72,46,26
218000232,27,36,-9
218000239,190,19,171
218000240,36,5,31
218000241,45,1,44
218000242,95,0,95
218000243,184,2,182
218000244,83,1,82
218000245,18,2,16
218000246,10,1,9
218000247,1,1,0
218000248,0,11,-11
218000249,0,1,-1
218000250,3,5,-2
218000251,5,25,-20
218000252,3,32,-29
218000253,6,40,-34
218000254,2,21,-19
218000255,6,25,-19
218000256,3,42,-39
218000267,494,848,-354
218000268,31,67,-36
218000269,3,16,-13
218000270,104,65,39
218000271,26,51,-25
218000273,26,4,22
218000274,21,8,13
218000275,20,51,-31
218000276,15,46,-31
218000278,9,29,-20
218000279,87,42,45
218000280,1,42,-41
218000281,13,16,-3
218000282,509,437,72
218000284,76,8,68
218000301,98,122,-24
218000302,78,53,25
218000303,30,52,-22
218000316,587,750,-163
218000317,912,793,119
218000318,588,610,-22
218000319,962,831,131
218000320,708,474,234
218000338,58,24,34
218000345,98,92,6
218000346,67,161,-94
218000459,18,213,-195
218000490,33,41,-8
218000501,69,24,45
218000502,27,89,-62
218000503,100,24,76
218000504,190,35,155
218000505,66,169,-103
218000506,46,322,-276
218000508,9,7,2
218000510,172,9,163
218000520,99,73,26
218000521,23,63,-40
218000522,0,122,-122
218000523,178,2,176
218000524,39,12,27
218000525,133,19,114
218000526,28,144,-116
218000529,55,111,-56
218000531,14,27,-13
218000532,28,10,18
218000534,136,15,121
218000537,16,57,-41
218000538,136,254,-118
218000540,296,85,211
218000543,134,43,91
218000544,38,97,-59
218000545,41,43,-2
218000546,48,49,-1
218000547,58,124,-66
218000548,107,162,-55
218000549,263,386,-123
218000550,192,310,-118
218000551,128,1060,-932
218000552,320,40,280
218000553,90,88,2
218000554,20,28,-8
218000555,32,43,-11
218000556,172,153,19
218000557,252,150,102
218000558,41,0,41
218000559,0,18,-18
218000560,0,9,-9
218000561,33,0,33
218000562,26,106,-80
218000563,198,11,187
218000564,11,232,-221
218000565,187,24,163
218000566,364,24,340
218000568,28,1,27
218000569,28,189,-161
218000570,174,12,162
218000571,19,124,-105
218000572,141,0,141
218000573,46,275,-229
218000574,199,41,158
218000575,112,0,112
218000576,0,31,-31
218000577,96,1,95
218000578,1,77,-76
218000579,54,11,43
218000581,4,52,-48
218000582,45,0,45
218000583,7,1,6
218000584,0,22,-22
218000585,58,5,53
218000586,4,42,-38
218000587,0,0,0
218000588,3,6,-3
218000589,3,1,2
218000590,2,0,2
218000591,14,5,9
218000592,6,2,4
218000593,17,0,17
218000594,14,2,12
218000597,6,1,5
218000598,0,1,-1
218000599,2,0,2
218000600,6,0,6
218000601,0,0,0
218000602,0,5,-5
218000603,0,6,-6
218000604,23,2,21
218000605,0,77,-77
218000606,131,0,131
218000607,7,20,-13
218000608,92,21,71
218000609,2,21,-19
218000610,71,5,66
218000611,20,1,19
218000612,0,20,-20
218000613,26,1,25
218000614,0,34,-34
218000615,153,0,153
218000616,10,82,-72
218000617,33,3,30
218000618,0,16,-16
218000619,16,45,-29
218000620,3,16,-13
218000621,0,1,-1
218000622,0,6,-6
218000623,229,0,229
218000624,3,9,-6
218000625,22,1,21
218000626,0,7,-7
218000628,156,43,113
218000631,40,15,25
218000632,4,168,-164
218000633,105,0,105
218000634,10,16,-6
218000635,23,16,7
218000636,609,867,-258
218000637,784,395,389
218000638,145,28,117
218000639,15,168,-153
218000640,209,24,185
218000641,58,211,-153
218000652,34,59,-25
218000653,95,24,71
218000663,11,213,-202
218000675,84,51,33
218000680,196,376,-180
218000681,431,135,296
218000691,147,219,-72
218000693,221,164,57
218000718,367,1131,-764
218000719,726,562,164
218000720,23,444,-421
218000721,273,28,245
218001147,10,166,-156
218001214,15,83,-68
218001258,280,8,272
218001329,143,132,11
218001330,111,112,-1
218001351,28,12,16
218001352,21,26,-5
218001353,26,11,15
218001354,8,22,-14
218001355,27,235,-208
218001356,322,26,296
218001357,59,160,-101
218001358,256,33,223
218001361,399,12,387
218001362,1,214,-213
219000001,39,30,9
219000002,68,36,32
219000003,36,32,4
219000004,26,42,-16
219000017,90,39,51
219000020,90,116,-26
219000022,140,6,134
219000023,183,2,181
219000029,0,57,-57
219000034,33,21,12
219000039,90,147,-57
219000040,50,68,-18
219000041,96,16,80
219000051,0,31,-31
219000052,0,13,-13
219000053,1,83,-82
219000055,207,2,205
219000056,9,0,9
219000057,58,1,57
219000062,18,87,-69
219000063,74,10,64
219000064,3,37,-34
219000110,420,59,361
219000111,96,44,52
219000112,147,63,84
219000113,98,50,48
219000114,159,144,15
219000116,97,37,60
219000117,113,42,71
219000118,342,54,288
219000123,206,54,152
219000124,58,30,28
219000125,10,11,-1
219000126,71,117,-46
219000127,1,3,-2
219000128,10,102,-92
219000129,21,117,-96
219000130,378,422,-44
219000131,533,749,-216
219000133,48,50,-2
219000134,16,23,-7
219000135,26,29,-3
219000136,88,201,-113
219000138,48,14,34
219000139,17,61,-44
219000140,50,1,49
219000141,19,105,-86
219000142,13,66,-53
219000143,16,74,-58
219000145,32,44,-12
219000146,3,18,-15
219000147,6,26,-20
219000148,12,18,-6
219000149,15,47,-32
219000150,4,45,-41
219000151,1,23,-22
219000157,200,106,94
219000158,187,206,-19
219000161,93,7,86
219000163,1062,426,636
219000166,109,195,-86
219000167,87,174,-87
219000168,231,118,113
219000174,359,100,259
219000175,53,6,47
219000176,81,8,73
219000177,31,4,27
219000178,49,4,45
219000179,14,16,-2
219000180,27,23,4
219000182,166,9,157
219000183,92,26,66
219000184,103,10,93
219000185,2,28,-26
219000186,66,22,44
219000187,36,44,-8
219000189,57,156,-99
219000190,57,198,-141
219000191,757,992,-235
219000192,191,114,77
219000193,192,129,63
219000195,2,53,-51
219000196,10,123,-113
219000198,5,87,-82
219000199,68,197,-129
219000200,45,167,-122
219000201,66,185,-119
219000203,32,100,-68
219000204,96,208,-112
219000205,46,148,-102
219000207,170,208,-38
219000209,21,48,-27
219000210,34,83,-49
219000213,15,101,-86
219000239,186,203,-17
219000240,221,298,-77
219000241,137,133,4
219000242,84,124,-40
219000243,87,146,-59
219000244,11,63,-52
219000245,28,61,-33
219000246,57,21,36
219000247,149,37,112
219000248,473,441,32
219000249,103,109,-6
219000250,105,75,30
219000251,439,209,230
219000252,214,141,73
219000253,444,121,323
219000255,126,110,16
219000256,212,62,150
219000257,99,2,97
219000262,89,112,-23
219000263,58,123,-65
219000267,2,67,-65
219000268,7,6,1
219000269,2,7,-5
219000270,10,0,10
219000271,123,1,122
219000278,25,6,19
219000279,8,5,3
219000283,0,8,-8
219000295,7,78,-71
219000296,53,341,-288
219000297,19,93,-74
219000298,15,87,-72
219000299,301,50,251
219000300,22,163,-141
219000301,228,290,-62
219000302,46,254,-208
219000307,30,31,-1
219000308,36,23,13
219000311,192,52,140
219000312,615,153,462
219000313,333,44,289
219000314,42,320,-278
219000315,259,31,228
219000316,425,39,386
219000317,137,7,130
219000320,0,37,-37
219000321,0,21,-21
219000323,5,41,-36
219000325,0,11,-11
219000326,65,72,-7
219000327,56,32,24
219000328,17,52,-35
219000329,264,95,169
219000330,42,28,14
219000331,54,56,-2
219000332,89,62,27
219000333,12,3,9
219000335,61,6,55
219000337,10,2,8
219000338,43,0,43
219000344,17,32,-15
219000345,37,60,-23
219000346,33,87,-54
219000348,140,76,64
219000349,54,123,-69
219000350,110,287,-177
219000351,5,8,-3
219000352,294,95,199
219000353,110,51,59
219000354,147,62,85
219000355,151,74,77
219000356,861,1282,-421
219000363,167,72,95
219000364,89,57,32
219000365,114,17,97
219000366,203,296,-93
219000368,327,520,-193
219000370,971,512,459
219000371,15,28,-13
219000382,15,17,-2
219000383,669,976,-307
219000385,399,385,14
219000386,627,1190,-563
219000387,1,5,-4
219000390,8,2,6
219000391,7,1,6
219000397,47,54,-7
219000398,46,55,-9
219000401,10,63,-53
219000402,25,75,-50
219000403,185,391,-206
219000404,20,143,-123
219000407,6,34,-28
219000409,36,38,-2
219000410,60,51,9
219000411,86,14,72
219000446,80,223,-143
219000447,3,22,-19
219000448,15,4,11
219000452,95,100,-5
219000453,64,156,-92
219000454,170,255,-85
219000556,181,89,92
219000558,130,143,-13
219000590,35,111,-76
219000591,69,74,-5
219000592,122,323,-201
219000595,1,14,-13
219000635,162,53,109
219000636,48,91,-43
219000657,11,18,-7
219000658,21,101,-80
219000673,0,42,-42
219000676,76,13,63
219000679,34,10,24
219000684,80,2,78
219000685,1,29,-28
219000686,3,11,-8
219000688,0,65,-65
219000689,28,184,-156
219000690,124,21,103
219000691,44,131,-87
219000692,168,40,128
219000693,1,17,-16
219000694,5,1,4
219000695,20,3,17
219000698,21,0,21
219000699,0,17,-17
219000727,0,78,-78
219000728,122,2,120
219000770,38,3,35
219000771,0,32,-32
219000788,346,322,24
219001150,1,23,-22
219001151,0,7,-7
219001166,52,35,17
219001167,5,52,-47
219001178,39,0,39
220000001,34,59,-25
220000002,22,91,-69
220000003,303,183,120
220000004,461,399,62
220000005,999,1261,-262
220000006,337,807,-470
220000007,398,443,-45
220000008,336,687,-351
220000009,299,444,-145
220000010,229,78,151
220000011,415,2310,-1895
220000012,110,161,-51
220000014,100,66,34
220000015,62,273,-211
220000017,89,170,-81
220000018,3242,1025,2217
220000019,102,239,-137
220000020,423,247,176
220000021,713,160,553
220000022,727,414,313
220000023,391,175,216
220000024,1427,396,1031
220000025,579,1045,-466
220000026,269,284,-15
220000027,82,95,-13
220000028,56,74,-18
220000029,494,376,118
220000030,112,123,-11
220000031,391,380,11
220000064,40,754,-714
221000046,6,1,5
221000047,0,1,-1
221000048,0,1,-1
221000049,1,9,-8
221000050,15,0,15
221000055,37,39,-2
221000068,257,133,124
221000069,293,83,210
221000070,170,32,138
221000071,101,18,83
221000072,248,16,232
221000073,122,43,79
221000074,2,14,-12
221000075,11,36,-25
221000076,8,38,-30
221000077,24,130,-106
221000081,34,5,29
221000082,74,8,66
221000083,29,4,25
221000084,12,2,10
221000085,14,41,-27
221000086,10,93,-83
221000087,7,131,-124
221000088,19,166,-147
221000089,30,225,-195
221000090,123,410,-287
221000098,104,11,93
221000099,160,5,155
221000100,103,7,96
221000101,254,20,234
221000103,15,24,-9
221000104,1,47,-46
221000107,44,9,35
221000108,43,18,25
221000111,26,219,-193
221000112,5,144,-139
221000113,13,136,-123
221000114,4,143,-139
221000120,15,17,-2
221000121,6,41,-35
221000122,30,44,-14
221000123,9,24,-15
221000124,31,152,-121
221000155,58,13,45
221000156,78,35,43
221000175,0,8,-8
221000176,0,7,-7
221000182,55,11,44
221000241,548,278,270
221000242,126,417,-291
221000243,498,174,324
221000244,232,463,-231
221000245,96,120,-24
221000246,42,250,-208
221000247,92,117,-25
221000248,125,144,-19
221000267,69,513,-444
221000325,112,38,74
221000331,17,45,-28
221000338,20,14,6
221000378,134,22,112
221000381,41,44,-3
222000282,4,1,3
222000296,5,17,-12
222000568,243,20,223
222000569,171,40,131
222000570,98,21,77
222000571,236,17,219
222000577,3,116,-113
222000578,34,115,-81
222000579,47,130,-83
222000580,70,701,-631
222000599,0,89,-89
222000600,2,200,-198
222000601,5,735,-730
222000603,22,42,-20
222000604,8,34,-26
222000605,17,28,-11
222000606,1,6,-5
222000607,5,4,1
222000608,13,11,2
222000609,49,182,-133
222000616,269,31,238
222000617,16,12,4
222000618,13,4,9
222000620,21,9,12
222000621,53,18,35
222000623,453,6,447
222000624,290,10,280
222000625,498,20,478
222000636,80,1,79
222000686,13,17,-4
222000687,52,16,36
222001066,171,1,170
222001067,16,0,16
222001068,47,5,42
222001069,20,10,10
222001082,3,31,-28
222001083,17,39,-22
222001084,0,32,-32
222001085,0,73,-73
222001111,17,111,-94
222001112,104,14,90
222001313,59,3,56
222001314,3,79,-76
222001464,155,56,99
222001465,48,129,-81
222001484,82,22,60
222001485,18,40,-22
222001494,394,127,267
222001495,74,195,-121
222001496,310,87,223
222001497,109,306,-197
222001503,88,47,41
222001504,17,211,-194
222001505,233,11,222
222001506,33,291,-258
222001507,265,25,240
222001510,315,28,287
222001514,490,127,363
222001518,194,54,140
222001519,99,265,-166
222001527,165,49,116
222001529,206,40,166
222001530,72,192,-120
222001533,137,360,-223
222001534,197,47,150
222001535,240,244,-4
222001536,73,178,-105
222001537,268,43,225
222001538,214,703,-489
222001563,628,93,535
222001564,58,297,-239
222001568,393,183,210
222001576,2,5,-3
222001579,1,2,-1
222001583,12,107,-95
222001584,75,30,45
222001596,646,1407,-761
222001597,1457,379,1078
222001626,0,89,-89
222001650,86,138,-52
222001651,79,242,-163
222001914,194,64,130
222001915,106,331,-225
222001968,447,323,124
222001969,371,625,-254
222001970,188,199,-11
222001971,24,6,18
222001972,0,18,-18
225000001,355,142,213
225000002,490,134,356
225000003,482,60,422
225000004,322,143,179
225000005,93,48,45
225000006,1,179,-178
225000007,1254,1065,189
225000010,272,10,262
225000011,285,754,-469
225000012,202,414,-212
225000013,103,92,11
225000014,600,71,529
225000015,84,160,-76
225000021,560,126,434
225000027,172,366,-194
225000032,572,88,484
225000042,57,483,-426
225000049,49,51,-2
225000050,78,7,71
225000053,6,299,-293
225000058,569,148,421
225000067,167,146,21
225000068,66,230,-164
225000069,132,408,-276
225000070,87,317,-230
225000071,14,132,-118
225000075,18,507,-489
225000076,59,118,-59
225000078,58,35,23
225000085,46,160,-114
225000086,219,86,133
225000087,119,17,102
225000088,11,165,-154
225000089,205,845,-640
225000090,39,305,-266
225000091,190,129,61
225000092,39,61,-22
225000093,137,222,-85
225000094,20,210,-190
225000095,251,291,-40
225000096,323,378,-55
225000098,536,321,215
225000099,281,155,126
225000100,296,127,169
225000104,91,344,-253
225000110,9,246,-237
225000111,190,645,-455
225000112,234,842,-608
225000113,156,497,-341
225000114,66,184,-118
225000115,1087,543,544
225000116,932,182,750
225000117,631,196,435
225000118,850,174,676
225000119,187,53,134
225000120,535,28,507
225000121,223,23,200
225000123,400,8,392
225000125,315,156,159
225000126,650,119,531
225000127,591,840,-249
225000128,416,562,-146
225000132,240,26,214
225000133,171,13,158
225000134,483,133,350
225000135,58,24,34
225000136,275,15,260
225000137,235,78,157
225000138,363,76,287
225000143,46,157,-111
225000144,1,253,-252
225000145,43,41,2
225000146,37,87,-50
225000147,36,226,-190
225000148,2,140,-138
225000149,28,289,-261
225000151,26,136,-110
225000155,412,380,32
225000156,171,650,-479
225000157,186,286,-100
225000158,53,214,-161
225000171,5,170,-165
225000180,53,2,51
225000181,0,53,-53
225000182,74,7,67
225000185,8,360,-352
225000187,95,279,-184
225000191,78,0,78
225000194,0,7,-7
225000208,2,36,-34
225000209,67,14,53
225000210,5,212,-207
225000217,0,8,-8
225000218,44,5,39
225000223,1,43,-42
225000224,103,0,103
225000225,0,36,-36
225000226,27,3,24
225000227,18,69,-51
225000228,9,14,-5
225000229,0,53,-53
225000230,31,0,31
225000231,0,54,-54
225000232,125,0,125
225000241,94,7,87
225000242,0,45,-45
225000249,10,0,10
225000250,37,575,-538
225000251,290,21,269
226000042,127,189,-62
226000043,119,272,-153
226000044,103,366,-263
226000045,84,424,-340
226000046,404,81,323
226000047,340,96,244
226000048,360,93,267
226000049,249,164,85
226000070,1,12,-11
226000071,0,41,-41
226000072,1,32,-31
226000073,0,14,-14
226000074,0,6,-6
226000084,1,17,-16
226000085,2,13,-11
226000086,3,12,-9
226000087,2,15,-13
226000088,10,17,-7
226000090,239,98,141
226000091,16,54,-38
226000092,3,6,-3
226000093,22,5,17
226000094,10,3,7
226000095,3,2,1
226000105,14,8,6
226000106,6,0,6
226000107,6,0,6
226000108,20,0,20
226000109,61,3,58
226000124,117,65,52
226000134,588,506,82
226000135,1089,530,559
226000136,380,382,-2
226000137,7,158,-151
226000138,17,213,-196
226000139,0,53,-53
226000156,143,8,135
226000157,194,6,188
226000163,198,182,16
226000202,17,396,-379
226000231,441,8,433
226000232,43,8,35
227000033,285,78,207
227000036,24,2,22
227000037,235,43,192
227000038,225,27,198
227000049,0,22,-22
227000050,1,35,-34
227000055,81,1,80
227000056,37,0,37
227000084,2,52,-50
227000085,0,39,-39
227000088,31,3,28
227000089,128,3,125
227000090,42,1,41
227000091,32,8,24
227000093,147,1,146
227000094,14,0,14
227000130,29,80,-51
227000131,8,147,-139
227000132,5,152,-147
227000133,5,159,-154
227000134,23,214,-191
227000152,0,10,-10
227000153,0,42,-42
227000155,0,9,-9
227000156,4,3,1
227000165,5,23,-18
227000196,219,230,-11
227000199,286,234,52
227000230,5,312,-307
227000232,275,16,259
227000241,230,28,202
227000242,35,346,-311
227000243,365,72,293
227000245,27,217,-190
227000246,94,319,-225
227000247,259,72,187
227000248,146,41,105
227000249,33,162,-129
227000250,390,165,225
227000251,104,215,-111
227000252,17,239,-222
227000253,107,33,74
227000262,240,47,193
227000266,750,35,715
227000267,32,902,-870
227000282,1,43,-42
227000284,165,4,161
227000286,1,11,-10
227000287,5,11,-6
227000291,1,103,-102
227000484,85,11,74
227000485,12,197,-185
227000655,193,11,182
227000656,107,12,95
227000657,108,7,101
227000661,144,17,127
227000680,92,30,62
229000265,5,20,-15
229000296,2,13,-11
229000297,1,10,-9
229000298,2,81,-79
229000320,12,6,6
229000321,12,2,10
229000412,12,56,-44
229000414,6,42,-36
229000415,21,2,19
229000416,0,8,-8
229000417,1,20,-19
229000419,110,249,-139
229000440,281,61,220
229000442,21,3,18
229000443,16,4,12
229000444,1,14,-13
229000445,59,18,41
229000446,58,15,43
229000847,46,0,46
229000848,12,0,12
229000849,99,0,99
229000851,20,0,20
229000854,0,5,-5
229000856,0,32,-32
229000857,0,13,-13
229000858,0,21,-21
229000919,13,80,-67
229000930,14,228,-214
229000937,91,17,74
229000966,38,18,20
229000981,20,22,-2
229000985,5,11,-6
229000986,0,3,-3
229000987,0,1,-1
229000988,1,4,-3
229000989,6,0,6
229000990,0,2,-2
229000991,0,0,0
229000992,19,4,15
229000993,105,19,86
229000998,4,39,-35
229000999,48,14,34
229001034,0,9,-9
229001035,7,2,5
229001037,33,5,28
229001042,17,9,8
229001047,3,22,-19
229001050,33,26,7
229001200,17,1,16
229001338,2,33,-31
229001394,185,8,177
229001422,102,12,90
229001423,25,102,-77
229001431,43,53,-10
229001432,43,47,-4
229001444,110,29,81
229001445,20,91,-71
229001503,132,85,47
229001504,106,123,-17
229001505,91,30,61
229001506,64,122,-58
229001509,41,12,29
229001545,72,7,65
229001546,25,84,-59
229001553,66,20,46
229001554,38,62,-24
229001559,3,7,-4
229001560,1,11,-10
229001630,40,5,35
229001631,4,17,-13
229001635,0,5,-5
229001636,14,0,14
229001658,0,121,-121
229001659,37,3,34
229001660,19,4,15
229001661,3,12,-9
229001662,25,0,25
229001663,0,33,-33
229002584,100,100,0
229002831,98,67,31
229002841,4,12,-8
229002842,11,24,-13
229002843,76,15,61
229002844,19,25,-6
229002845,18,42,-24
229002846,18,8,10
229002847,3,6,-3
229002848,12,7,5
229002849,2,55,-53
229002850,7,0,7
229002851,24,76,-52
229002852,124,17,107
229002853,129,16,113
229002854,25,30,-5
229002855,3,22,-19
229002856,28,15,13
229002857,11,87,-76
229002858,21,7,14
229002859,25,35,-10
229002860,187,13,174
229002861,35,17,18
229002862,34,13,21
229002863,16,8,8
229002864,22,19,3
229002865,11,13,-2
229002866,22,11,11
229002867,2,18,-16
229002868,5,5,0
229002869,14,70,-56
229002870,48,14,34
235000066,327,49,278
235000067,160,77,83
235000072,17,61,-44
235000073,69,292,-223
235000074,34,73,-39
235000080,16,101,-85
235000081,89,117,-28
235000082,185,51,134
235000083,161,79,82
235000084,33,56,-23
235000085,129,75,54
235000089,22,16,6
235000092,11,118,-107
235000093,15,7,8
235000097,5,3,2
235000098,57,5,52
235000099,34,8,26
235000116,64,13,51
235000117,508,14,494
235000133,4,344,-340
235000134,5,176,-171
235000206,3,3,0
235000207,2,2,0
235000208,4,0,4
235000209,9,1,8
235000210,10,4,6
235000212,6,19,-13
235000213,1,7,-6
235000220,0,3,-3
235000238,13,76,-63
235000239,0,20,-20
235000242,233,476,-243
235000245,621,123,498
235000246,12,43,-31
235000284,55,109,-54
235000295,220,10,210
235000305,252,27,225
235000306,216,6,210
235000307,14,0,14
235000308,4,1,3
235000309,50,0,50
235000310,21,0,21
235000311,79,18,61
235000322,0,27,-27
235000323,0,41,-41
235000324,1,30,-29
235000325,4,10,-6
235000326,8,159,-151
235000351,2,53,-51
235000352,10,25,-15
235000353,5,12,-7
235000354,14,16,-2
235000355,8,32,-24
235000356,113,11,102
235000357,22,7,15
235000358,232,5,227
235000359,15,10,5
235000360,37,33,4
235000361,52,23,29
235000381,63,192,-129
235000382,138,35,103
235000390,13,3,10
235000391,135,21,114
235000392,118,266,-148
235000393,97,153,-56
235000395,107,33,74
235000396,386,32,354
235000400,45,47,-2
235000401,12,101,-89
235000405,94,271,-177
235000406,46,187,-141
235000407,88,65,23
235000409,184,99,85
235000410,49,193,-144
235000411,3,68,-65
235000485,0,3,-3
235000486,8,0,8
235000549,95,84,11
235000550,102,125,-23
235000599,128,44,84
235000600,12,24,-12
235000601,26,21,5
235000602,42,68,-26
235000614,1,2,-1
235000648,1,11,-10
235000649,33,6,27
235000685,0,8,-8
235000815,21,34,-13
235000834,0,9,-9
235000855,40,70,-30
235000862,54,138,-84
235000891,0,11,-11
235000892,14,4,10
235000901,78,73,5
235000907,6,13,-7
235001010,84,60,24
235001029,408,310,98
235001030,330,214,116
235001078,86,97,-11
235001079,82,60,22
235001147,18,32,-14
235001166,26,60,-34
235001167,55,44,11
235001169,23,230,-207
235001188,0,6,-6
235001189,0,1,-1
235001197,10,30,-20
235001200,31,52,-21
235001207,310,38,272
235001210,112,234,-122
235001215,37,173,-136
235001239,0,50,-50
235001244,0,10,-10
235016267,0,45,-45
277102712,1,1,0
277103813,0,0,0
277103814,0,0,0
277104249,0,1,-1
277104250,0,1,-1
277104251,0,1,-1
277104252,0,0,0
990011530,0,127,-127
990014944,2,394,-392
990015176,20,6,14
990016032,0,213,-213
990032570,0,36,-36
990070001,63,3,60
990070103,0,7,-7
990070601,0,34,-34
990070751,750,23,727
990070766,0,392,-392
990071180,354,123,231
990071343,33,2,31
990071387,0,23,-23
990071823,22,0,22
990072600,2,739,-737
990072964,0,334,-334
990073285,0,4,-4
990074393,1,488,-487
990074870,1418,6,1412
990075106,1285,8,1277
990075746,434,14,420
990076437,879,4,875
990076458,1,639,-638
997000007,517,4,513
997000041,1,141,-140
997000058,52,6,46
997000062,12,0,12
997000069,0,5,-5
997000070,1,23,-22
997000100,16,0,16
997000141,7,1226,-1219
997000198,206,1165,-959
998000475,1,35,-34
998000736,0,157,-157
998000965,0,8,-8
998001031,0,53,-53
998001700,0,15,-15
998001899,0,2,-2
998001900,12,4,8
998003073,952,25,927
998101900,0,0,0
998102850,1,221,-220
998501927,991,646,345
998501929,94,6,88
998501930,40,0,40
998501931,152,25,127
998501932,5,0,5
998501933,43,3,40
998501937,29,1,28
998501944,2,0,2
998501950,0,46,-46
998501970,67,15,52
998501971,0,47,-47
998501973,0,30,-30
998501974,0,199,-199
998501975,91,3,88
998501976,126,2,124
998501977,1,14,-13
998501978,15,1,14
998501979,5,20,-15
998501980,61,0,61
998501981,49,19,30
998501982,0,60,-60
998501983,0,2,-2
998502006,0,1,-1
998502024,0,10,-10
998502032,0,1,-1
998502062,23,2,21
998502063,0,0,0
998502173,71,0,71
998502269,0,9,-9
998502546,1,142,-141
998502578,2,2,0
998502599,28,231,-203
998502621,1,0,1
998601159,1,113,-112
998601292,1,10,-9
999033574,3,376,-373
999800001,28,1,27
999800002,0,5,-5
999800003,0,0,0
999800004,0,5,-5
999800005,0,10,-10
