dong,insum,outsum,diff
강남구 개포1동,663,624,39
강남구 개포2동,9300,6990,2310
강남구 개포4동,5656,4025,1631
강남구 논현1동,18690,18277,413
강남구 논현2동,10281,13214,-2933
강남구 대치1동,7221,9313,-2092
강남구 대치2동,12796,16221,-3425
강남구 대치4동,11804,12672,-868
강남구 도곡1동,10712,10951,-239
강남구 도곡2동,3497,3351,146
강남구 삼성1동,16543,16398,145
강남구 삼성2동,9807,9944,-137
강남구 세곡동,14881,9112,5769
강남구 수서동,8489,10926,-2437
강남구 신사동,8961,12494,-3533
강남구 압구정동,16879,22182,-5303
강남구 역삼1동,35342,34175,1167
강남구 역삼2동,12243,12021,222
강남구 일원1동,5169,4280,889
강남구 일원2동,2054,1469,585
강남구 일원본동,6566,4623,1943
강남구 청담동,15250,17714,-2464
강동구 강일동,8789,5040,3749
강동구 고덕제1동,3517,2809,708
강동구 고덕제2동,5449,6549,-1100
강동구 길동,8281,6093,2188
강동구 둔촌제1동,85,157,-72
강동구 둔촌제2동,4950,4669,281
강동구 명일제1동,7111,7236,-125
강동구 명일제2동,5811,4917,894
강동구 상일동,7527,6592,935
강동구 성내제1동,4390,3199,1191
강동구 성내제2동,4394,5753,-1359
강동구 성내제3동,6186,5973,213
강동구 암사제1동,6208,3579,2629
강동구 암사제2동,1710,3072,-1362
강동구 암사제3동,1197,402,795
강동구 천호제1동,2963,3242,-279
강동구 천호제2동,9644,11949,-2305
강동구 천호제3동,5294,6108,-814
강북구 미아동,11546,10811,735
강북구 번1동,19353,20129,-776
강북구 번2동,7159,6032,1127
강북구 번3동,12561,7889,4672
강북구 삼각산동,3798,3119,679
강북구 삼양동,10822,7760,3062
강북구 송중동,30299,31185,-886
강북구 송천동,19400,18291,1109
강북구 수유1동,13201,10882,2319
강북구 수유2동,8921,6214,2707
강북구 수유3동,20073,27321,-7248
강북구 우이동,10525,9029,1496
강북구 월곡제1동,1243,1704,-461
강북구 인수동,10350,7395,2955
강서구 가양제1동,7816,7058,758
강서구 가양제2동,2199,1720,479
강서구 가양제3동,2140,1723,417
강서구 공항동,7614,7066,548
강서구 등촌제1동,9661,11059,-1398
강서구 등촌제2동,5303,3546,1757
강서구 등촌제3동,10476,13501,-3025
강서구 발산제1동,14993,13072,1921
강서구 방화제1동,6877,7311,-434
강서구 방화제2동,5099,5780,-681
강서구 방화제3동,1565,1100,465
강서구 염창동,5797,4278,1519
강서구 우장산동,9694,9765,-71
강서구 화곡본동,6531,4349,2182
강서구 화곡제1동,17880,18561,-681
강서구 화곡제2동,5390,3225,2165
강서구 화곡제3동,5318,5718,-400
강서구 화곡제4동,5189,4141,1048
강서구 화곡제6동,13052,9422,3630
강서구 화곡제8동,7847,7800,47
관악구 낙성대동,14762,21870,-7108
관악구 난곡동,11800,6425,5375
관악구 난향동,6045,3369,2676
관악구 남현동,7166,7060,106
관악구 대학동,18133,25452,-7319
관악구 미성동,14457,11892,2565
관악구 보라매동,10772,9215,1557
관악구 삼성동,12678,12223,455
관악구 서림동,14398,6344,8054
관악구 서원동,19139,26273,-7134
관악구 성현동,8995,6281,2714
관악구 신림동,19364,24555,-5191
관악구 신사동,7535,6110,1425
관악구 신원동,3257,2503,754
관악구 은천동,11274,10999,275
관악구 인헌동,5609,4706,903
관악구 조원동,11817,22031,-10214
관악구 중앙동,3983,3062,921
관악구 청룡동,15617,11576,4041
관악구 청림동,3137,2196,941
관악구 행운동,18916,16270,2646
광진구 광장동,3444,3079,365
광진구 구의제1동,7066,6470,596
광진구 구의제2동,7639,7861,-222
광진구 구의제3동,4361,6458,-2097
광진구 군자동,8298,7607,691
광진구 능동,5751,6666,-915
광진구 자양제1동,2700,1870,830
광진구 자양제2동,11039,8595,2444
광진구 자양제3동,3077,2504,573
광진구 자양제4동,9538,9718,-180
광진구 중곡제1동,4849,3177,1672
광진구 중곡제2동,6623,5872,751
광진구 중곡제3동,6079,3405,2674
광진구 중곡제4동,4290,3352,938
광진구 화양동,7213,8566,-1353
구로구 가리봉동,5635,7091,-1456
구로구 개봉제1동,16915,16006,909
구로구 개봉제2동,10493,10020,473
구로구 개봉제3동,4691,3185,1506
구로구 고척제1동,11366,9311,2055
구로구 고척제2동,11081,7314,3767
구로구 구로제1동,5775,4460,1315
구로구 구로제2동,18669,17543,1126
구로구 구로제3동,17650,22305,-4655
구로구 구로제4동,11877,10853,1024
구로구 구로제5동,11243,13028,-1785
구로구 수궁동,10374,9876,498
구로구 신도림동,11892,16135,-4243
구로구 오류제1동,8020,6529,1491
구로구 오류제2동,5874,5541,333
구로구 항동,2681,1286,1395
금천구 가산동,18617,22174,-3557
금천구 독산제1동,18204,19218,-1014
금천구 독산제2동,10286,7129,3157
금천구 독산제3동,12787,10033,2754
금천구 독산제4동,7964,5006,2958
금천구 미성동,43,105,-62
금천구 시흥제1동,16738,19435,-2697
금천구 시흥제2동,7137,5662,1475
금천구 시흥제3동,5664,5311,353
금천구 시흥제4동,6878,2570,4308
금천구 시흥제5동,11768,7013,4755
노원구 공릉1동,9493,9582,-89
노원구 공릉2동,9666,10294,-628
노원구 상계10동,4369,3898,471
노원구 상계1동,8478,7321,1157
노원구 상계2동,6698,11274,-4576
노원구 상계3.4동,2689,1913,776
노원구 상계5동,6182,6070,112
노원구 상계6.7동,13408,12185,1223
노원구 상계8동,3929,2413,1516
노원구 상계9동,3698,2936,762
노원구 월계1동,16360,15694,666
노원구 월계2동,7554,5368,2186
노원구 월계3동,6631,6278,353
노원구 중계1동,5096,4784,312
노원구 중계2.3동,7043,8027,-984
노원구 중계4동,4006,4811,-805
노원구 중계본동,6267,4734,1533
노원구 하계1동,9452,7511,1941
노원구 하계2동,6043,6128,-85
도봉구 도봉제1동,10495,9352,1143
도봉구 도봉제2동,6667,9884,-3217
도봉구 방학제1동,10655,9950,705
도봉구 방학제2동,5172,4177,995
도봉구 방학제3동,8776,4496,4280
도봉구 쌍문제1동,8004,5991,2013
도봉구 쌍문제2동,10017,8313,1704
도봉구 쌍문제3동,6526,9884,-3358
도봉구 쌍문제4동,6200,3571,2629
도봉구 창제1동,12162,12970,-808
도봉구 창제2동,6524,5383,1141
도봉구 창제3동,7170,4707,2463
도봉구 창제4동,9852,11361,-1509
도봉구 창제5동,7979,8023,-44
동대문구 답십리제1동,9728,9169,559
동대문구 답십리제2동,10883,8290,2593
동대문구 면목제5동,136,21,115
동대문구 용신동,33151,35541,-2390
동대문구 이문제1동,5548,5465,83
동대문구 이문제2동,3155,2729,426
동대문구 장안제1동,15093,15039,54
동대문구 장안제2동,11328,9079,2249
동대문구 전농제1동,11978,14348,-2370
동대문구 전농제2동,9415,6190,3225
동대문구 제기동,25529,24348,1181
동대문구 청량리동,19089,23623,-4534
동대문구 회기동,6701,6325,376
동대문구 휘경제1동,12437,12010,427
동대문구 휘경제2동,8624,6581,2043
동작구 노량진제1동,19151,25939,-6788
동작구 노량진제2동,12747,10137,2610
동작구 대방동,22312,18052,4260
동작구 사당제1동,6757,6686,71
동작구 사당제2동,11007,9918,1089
동작구 사당제3동,5259,3229,2030
동작구 사당제4동,1259,1322,-63
동작구 사당제5동,4706,3080,1626
동작구 상도제1동,23433,22394,1039
동작구 상도제2동,12137,11571,566
동작구 상도제3동,9554,7208,2346
동작구 상도제4동,9188,5252,3936
동작구 신대방제1동,4838,4769,69
동작구 신대방제2동,15481,11048,4433
동작구 흑석동,16239,12623,3616
마포구 공덕동,9480,7970,1510
마포구 대흥동,11750,11760,-10
마포구 도화동,4067,4425,-358
마포구 망원제1동,6674,4752,1922
마포구 망원제2동,4410,3436,974
마포구 상암동,21715,24379,-2664
마포구 서강동,5336,4882,454
마포구 서교동,35047,51989,-16942
마포구 성산제1동,7656,6031,1625
마포구 성산제2동,14629,10790,3839
마포구 신수동,3076,2403,673
마포구 아현동,13684,11236,2448
마포구 연남동,6381,5872,509
마포구 염리동,1863,1958,-95
마포구 용강동,8465,7552,913
마포구 합정동,6244,11007,-4763
서대문구 남가좌제1동,9267,6326,2941
서대문구 남가좌제2동,12055,7825,4230
서대문구 북가좌제1동,3486,4154,-668
서대문구 북가좌제2동,11693,7286,4407
서대문구 북아현동,6484,6901,-417
서대문구 신촌동,36788,42162,-5374
서대문구 연희동,27949,26954,995
서대문구 천연동,16161,13779,2382
서대문구 충현동,15987,16727,-740
서대문구 홍은제1동,10993,8678,2315
서대문구 홍은제2동,19011,13326,5685
서대문구 홍제제1동,16823,17711,-888
서대문구 홍제제2동,8006,6625,1381
서대문구 홍제제3동,9215,7800,1415
서초구 내곡동,8196,6800,1396
서초구 반포1동,13165,9975,3190
서초구 반포2동,3136,3157,-21
서초구 반포3동,9758,10087,-329
서초구 반포4동,13548,16760,-3212
서초구 반포본동,5363,5589,-226
서초구 방배1동,7989,7654,335
서초구 방배2동,8837,9590,-753
서초구 방배3동,7508,5878,1630
서초구 방배4동,9436,9877,-441
서초구 방배본동,6395,5245,1150
서초구 서초1동,7999,8448,-449
서초구 서초2동,13912,19197,-5285
서초구 서초3동,14827,16030,-1203
서초구 서초4동,12459,15616,-3157
서초구 양재1동,30532,27572,2960
서초구 양재2동,15456,15822,-366
서초구 잠원동,10120,11476,-1356
성동구 금호1가동,5218,3898,1320
성동구 금호2.3가동,9058,8426,632
성동구 금호4가동,4344,3552,792
성동구 마장동,6445,6750,-305
성동구 사근동,3371,3290,81
성동구 성수1가제1동,3581,3813,-232
성동구 성수1가제2동,2683,3701,-1018
성동구 성수2가제1동,3882,3343,539
성동구 성수2가제3동,3551,3964,-413
성동구 송정동,3537,1806,1731
성동구 옥수동,7477,7477,0
성동구 왕십리도선동,6682,6130,552
성동구 왕십리제2동,6102,6332,-230
성동구 용답동,5911,5715,196
성동구 응봉동,4960,3366,1594
성동구 행당제1동,7027,9673,-2646
성동구 행당제2동,7146,5599,1547
성북구 길음제1동,13285,12594,691
성북구 길음제2동,7465,11177,-3712
성북구 돈암제1동,11827,8944,2883
성북구 돈암제2동,5745,3052,2693
성북구 동선동,13606,17939,-4333
성북구 보문동,6942,5092,1850
성북구 삼선동,20184,19801,383
성북구 석관동,7164,6309,855
성북구 성북동,14962,14685,277
성북구 안암동,8898,9042,-144
성북구 월곡제1동,10403,9875,528
성북구 월곡제2동,5883,5775,108
성북구 장위제1동,9152,6507,2645
성북구 장위제2동,7334,6558,776
성북구 장위제3동,4580,3223,1357
성북구 정릉제1동,9306,7772,1534
성북구 정릉제2동,13809,9540,4269
성북구 정릉제3동,4656,5590,-934
성북구 정릉제4동,14281,11949,2332
성북구 종암동,20187,15082,5105
송파구 가락1동,2412,2258,154
송파구 가락2동,9306,7156,2150
송파구 가락본동,10190,9553,637
송파구 거여1동,2492,1840,652
송파구 거여2동,840,402,438
송파구 마천1동,4169,3747,422
송파구 마천2동,7201,5264,1937
송파구 문정1동,2749,2799,-50
송파구 문정2동,8433,13126,-4693
송파구 방이1동,3919,2601,1318
송파구 방이2동,7306,8836,-1530
송파구 삼전동,8822,5612,3210
송파구 석촌동,11287,11152,135
송파구 송파1동,7453,8034,-581
송파구 송파2동,3707,2808,899
송파구 오금동,9330,7494,1836
송파구 오륜동,3536,4220,-684
송파구 위례동,6181,4551,1630
송파구 잠실2동,2510,4749,-2239
송파구 잠실3동,14097,20199,-6102
송파구 잠실4동,521,535,-14
송파구 잠실6동,5790,11546,-5756
송파구 잠실7동,2771,3037,-266
송파구 잠실본동,11762,9422,2340
송파구 장지동,6538,3327,3211
송파구 풍납1동,3833,2441,1392
송파구 풍납2동,6905,5546,1359
양천구 목1동,14341,19442,-5101
양천구 목2동,12302,10203,2099
양천구 목3동,12077,11166,911
양천구 목4동,9902,5919,3983
양천구 목5동,10561,9872,689
양천구 신월1동,4425,2006,2419
양천구 신월2동,5401,5090,311
양천구 신월3동,4131,3040,1091
양천구 신월4동,4985,3959,1026
양천구 신월5동,3879,3685,194
양천구 신월6동,3826,2367,1459
양천구 신월7동,8428,5971,2457
양천구 신정1동,5401,6596,-1195
양천구 신정2동,3185,1970,1215
양천구 신정3동,16311,11038,5273
양천구 신정4동,12672,15428,-2756
양천구 신정6동,3166,2322,844
양천구 신정7동,4623,3753,870
영등포구 당산제1동,7135,7840,-705
영등포구 당산제2동,13152,14885,-1733
영등포구 대림제1동,7675,5426,2249
영등포구 대림제2동,2693,3220,-527
영등포구 대림제3동,7202,6029,1173
영등포구 도림동,5655,4068,1587
영등포구 문래동,8360,10885,-2525
영등포구 신길제1동,6006,4193,1813
영등포구 신길제3동,8099,5739,2360
영등포구 신길제4동,2936,2040,896
영등포구 신길제5동,4586,4623,-37
영등포구 신길제6동,6247,4885,1362
영등포구 신길제7동,5789,4566,1223
영등포구 양평제1동,5563,5093,470
영등포구 양평제2동,8254,6853,1401
영등포구 여의동,29100,35831,-6731
영등포구 영등포동,25137,34271,-9134
영등포구 영등포본동,7841,9776,-1935
용산구 남영동,17808,18699,-891
용산구 보광동,6545,3214,3331
용산구 서빙고동,6238,4554,1684
용산구 용문동,2726,2103,623
용산구 용산2가동,7197,6692,505
용산구 원효로제1동,7194,6966,228
용산구 원효로제2동,5100,3392,1708
용산구 이촌제1동,5897,5470,427
용산구 이촌제2동,2782,1354,1428
용산구 이태원제1동,6481,7498,-1017
용산구 이태원제2동,4593,3391,1202
용산구 청파동,8138,6940,1198
용산구 필동,539,589,-50
용산구 한강로동,17862,23083,-5221
용산구 한남동,21343,21773,-430
용산구 효창동,4672,3170,1502
용산구 후암동,6724,4423,2301
은평구 갈현제1동,7438,5136,2302
은평구 갈현제2동,8976,6853,2123
은평구 구산동,9481,3978,5503
은평구 녹번동,13228,10973,2255
은평구 대조동,15668,22568,-6900
은평구 불광제1동,15246,12176,3070
은평구 불광제2동,12172,11978,194
은평구 수색동,5978,5560,418
은평구 신사제1동,9720,9787,-67
은평구 신사제2동,8442,7561,881
은평구 역촌동,13326,8763,4563
은평구 응암제1동,13577,16412,-2835
은평구 응암제2동,6382,3634,2748
은평구 응암제3동,9607,8428,1179
은평구 증산동,8842,8808,34
은평구 진관동,19723,19700,23
종로구 가회동,1657,1974,-317
종로구 교남동,4399,2743,1656
종로구 무악동,2492,1735,757
종로구 부암동,7890,6838,1052
종로구 사직동,20313,27208,-6895
종로구 삼청동,2522,3867,-1345
종로구 숭인제1동,820,747,73
종로구 숭인제2동,8239,10430,-2191
종로구 이화동,9143,9041,102
종로구 종로1.2.3.4가동,50382,75491,-25109
종로구 종로5.6가동,12607,16583,-3976
종로구 창신제1동,9353,7453,1900
종로구 창신제2동,4262,7432,-3170
종로구 창신제3동,2274,1822,452
종로구 청운효자동,5676,6083,-407
종로구 충현동,1945,826,1119
종로구 평창동,9411,7973,1438
종로구 혜화동,12017,15198,-3181
중구 광희동,9976,14355,-4379
중구 다산동,4725,3886,839
중구 동화동,1204,1025,179
중구 명동,14270,21555,-7285
중구 소공동,20735,30041,-9306
중구 신당동,6451,4601,1850
중구 신당제5동,5891,5913,-22
중구 약수동,3578,2617,961
중구 을지로동,3599,6089,-2490
중구 장충동,3232,3522,-290
중구 중림동,4395,3604,791
중구 청구동,2621,2062,559
중구 필동,3079,3480,-401
중구 황학동,4632,4631,1
중구 회현동,20852,27678,-6826
중랑구 망우본동,14684,11925,2759
중랑구 망우제3동,4451,2973,1478
중랑구 면목본동,12194,13316,-1122
중랑구 면목제2동,5178,3815,1363
중랑구 면목제3.8동,10315,9825,490
중랑구 면목제4동,4981,4077,904
중랑구 면목제5동,4251,2483,1768
중랑구 면목제7동,3722,4102,-380
중랑구 묵제1동,6175,6917,-742
중랑구 묵제2동,3161,2020,1141
중랑구 상봉제1동,6629,6234,395
중랑구 상봉제2동,11001,12460,-1459
중랑구 신내1동,12231,9175,3056
중랑구 신내2동,10165,8104,2061
중랑구 중화제1동,3674,4719,-1045
중랑구 중화제2동,9744,8560,1184
NA,261401,227499,33902
