dong,insum,outsum,diff
강남구 개포1동,793,774,19
강남구 개포2동,11366,8773,2593
강남구 개포4동,6899,4693,2206
강남구 논현1동,20694,19231,1463
강남구 논현2동,11282,13964,-2682
강남구 대치1동,10663,13339,-2676
강남구 대치2동,16943,18167,-1224
강남구 대치4동,15461,15635,-174
강남구 도곡1동,12854,12268,586
강남구 도곡2동,4018,4148,-130
강남구 삼성1동,18623,17806,817
강남구 삼성2동,11155,9949,1206
강남구 세곡동,18547,11935,6612
강남구 수서동,11694,13577,-1883
강남구 신사동,11944,15201,-3257
강남구 압구정동,21008,24321,-3313
강남구 역삼1동,43439,38122,5317
강남구 역삼2동,14749,13632,1117
강남구 일원1동,5976,5322,654
강남구 일원2동,2178,1634,544
강남구 일원본동,7840,5597,2243
강남구 청담동,17832,17972,-140
강동구 강일동,10624,6632,3992
강동구 고덕제1동,4142,3717,425
강동구 고덕제2동,6381,7742,-1361
강동구 길동,9460,7093,2367
강동구 둔촌제1동,139,265,-126
강동구 둔촌제2동,6091,5863,228
강동구 명일제1동,9338,8709,629
강동구 명일제2동,7042,6191,851
강동구 상일동,9658,8004,1654
강동구 성내제1동,5285,3968,1317
강동구 성내제2동,5141,6996,-1855
강동구 성내제3동,7278,6868,410
강동구 암사제1동,7047,4539,2508
강동구 암사제2동,2153,3422,-1269
강동구 암사제3동,1379,594,785
강동구 천호제1동,3749,3759,-10
강동구 천호제2동,12093,14206,-2113
강동구 천호제3동,5919,6659,-740
강북구 미아동,14543,12793,1750
강북구 번1동,23737,24896,-1159
강북구 번2동,9325,7576,1749
강북구 번3동,14840,10854,3986
강북구 삼각산동,4931,4109,822
강북구 삼양동,13027,9647,3380
강북구 송중동,39319,41676,-2357
강북구 송천동,23007,22192,815
강북구 수유1동,16493,12507,3986
강북구 수유2동,10084,7523,2561
강북구 수유3동,24001,30861,-6860
강북구 우이동,14255,12168,2087
강북구 월곡제1동,1504,1746,-242
강북구 인수동,12013,9597,2416
강서구 가양제1동,9761,8480,1281
강서구 가양제2동,2475,2068,407
강서구 가양제3동,2457,1958,499
강서구 공항동,9152,8601,551
강서구 등촌제1동,12058,13019,-961
강서구 등촌제2동,6516,4369,2147
강서구 등촌제3동,12947,16631,-3684
강서구 발산제1동,18170,16768,1402
강서구 방화제1동,8449,8621,-172
강서구 방화제2동,6189,6487,-298
강서구 방화제3동,1750,1271,479
강서구 염창동,7410,5536,1874
강서구 우장산동,11971,10732,1239
강서구 화곡본동,7777,5574,2203
강서구 화곡제1동,21957,22068,-111
강서구 화곡제2동,6362,4039,2323
강서구 화곡제3동,6569,7035,-466
강서구 화곡제4동,6317,4945,1372
강서구 화곡제6동,15697,10510,5187
강서구 화곡제8동,9284,8795,489
관악구 낙성대동,18936,27788,-8852
관악구 난곡동,13529,7441,6088
관악구 난향동,7393,4284,3109
관악구 남현동,8562,9078,-516
관악구 대학동,24191,25052,-861
관악구 미성동,17055,13565,3490
관악구 보라매동,12623,11473,1150
관악구 삼성동,14884,14358,526
관악구 서림동,17261,7606,9655
관악구 서원동,23288,31452,-8164
관악구 성현동,10711,8003,2708
관악구 신림동,23590,28377,-4787
관악구 신사동,8472,7160,1312
관악구 신원동,3665,3013,652
관악구 은천동,13900,13296,604
관악구 인헌동,6914,5793,1121
관악구 조원동,14491,25174,-10683
관악구 중앙동,5003,3512,1491
관악구 청룡동,17507,13194,4313
관악구 청림동,3855,2777,1078
관악구 행운동,22950,19815,3135
광진구 광장동,4082,3637,445
광진구 구의제1동,8069,7646,423
광진구 구의제2동,9694,9397,297
광진구 구의제3동,5474,7440,-1966
광진구 군자동,9911,8722,1189
광진구 능동,6628,7896,-1268
광진구 자양제1동,3080,2260,820
광진구 자양제2동,13180,10440,2740
광진구 자양제3동,3552,3328,224
광진구 자양제4동,10717,11300,-583
광진구 중곡제1동,5611,3530,2081
광진구 중곡제2동,7298,6769,529
광진구 중곡제3동,6683,4131,2552
광진구 중곡제4동,5255,4298,957
광진구 화양동,8830,10973,-2143
구로구 가리봉동,6600,8140,-1540
구로구 개봉제1동,20772,19690,1082
구로구 개봉제2동,12822,12627,195
구로구 개봉제3동,5495,3897,1598
구로구 고척제1동,14437,11583,2854
구로구 고척제2동,13320,9237,4083
구로구 구로제1동,6865,5626,1239
구로구 구로제2동,21805,19952,1853
구로구 구로제3동,21176,24893,-3717
구로구 구로제4동,14052,12732,1320
구로구 구로제5동,13528,15395,-1867
구로구 수궁동,13285,13025,260
구로구 신도림동,16263,20763,-4500
구로구 오류제1동,9729,7840,1889
구로구 오류제2동,7502,7186,316
구로구 항동,3493,1881,1612
금천구 가산동,23048,25716,-2668
금천구 독산제1동,22519,24474,-1955
금천구 독산제2동,12094,8797,3297
금천구 독산제3동,15399,11855,3544
금천구 독산제4동,9680,6020,3660
금천구 미성동,91,148,-57
금천구 시흥제1동,20954,24030,-3076
금천구 시흥제2동,9487,8025,1462
금천구 시흥제3동,6819,6005,814
금천구 시흥제4동,8028,3417,4611
금천구 시흥제5동,15166,8997,6169
노원구 공릉1동,11593,11612,-19
노원구 공릉2동,12390,12836,-446
노원구 상계10동,5206,4949,257
노원구 상계1동,10459,9122,1337
노원구 상계2동,8874,13981,-5107
노원구 상계3.4동,2821,2554,267
노원구 상계5동,7605,6689,916
노원구 상계6.7동,13969,14163,-194
노원구 상계8동,5014,2954,2060
노원구 상계9동,4608,3696,912
노원구 월계1동,20469,19658,811
노원구 월계2동,9165,6694,2471
노원구 월계3동,7981,7693,288
노원구 중계1동,6639,6626,13
노원구 중계2.3동,9338,10767,-1429
노원구 중계4동,5473,6086,-613
노원구 중계본동,8452,6314,2138
노원구 하계1동,11646,9702,1944
노원구 하계2동,7564,8347,-783
도봉구 도봉제1동,12638,9870,2768
도봉구 도봉제2동,8539,11410,-2871
도봉구 방학제1동,12649,11482,1167
도봉구 방학제2동,6043,5136,907
도봉구 방학제3동,10454,5914,4540
도봉구 쌍문제1동,9333,7782,1551
도봉구 쌍문제2동,11297,9297,2000
도봉구 쌍문제3동,7012,10832,-3820
도봉구 쌍문제4동,7077,4390,2687
도봉구 창제1동,14202,14500,-298
도봉구 창제2동,7343,6705,638
도봉구 창제3동,8769,5988,2781
도봉구 창제4동,12051,12961,-910
도봉구 창제5동,9111,9258,-147
동대문구 답십리제1동,10987,11059,-72
동대문구 답십리제2동,13107,9696,3411
동대문구 면목제5동,351,151,200
동대문구 용신동,40598,41926,-1328
동대문구 이문제1동,7322,7206,116
동대문구 이문제2동,3966,3139,827
동대문구 장안제1동,17377,17440,-63
동대문구 장안제2동,14023,11384,2639
동대문구 전농제1동,14756,17308,-2552
동대문구 전농제2동,12142,7756,4386
동대문구 제기동,33448,28197,5251
동대문구 청량리동,25378,28666,-3288
동대문구 회기동,7547,7440,107
동대문구 휘경제1동,14880,14700,180
동대문구 휘경제2동,11045,8587,2458
동작구 노량진제1동,24752,32552,-7800
동작구 노량진제2동,15409,12173,3236
동작구 대방동,28187,22823,5364
동작구 사당제1동,8192,8407,-215
동작구 사당제2동,14441,12579,1862
동작구 사당제3동,6341,4502,1839
동작구 사당제4동,1529,1392,137
동작구 사당제5동,6034,4272,1762
동작구 상도제1동,30142,27765,2377
동작구 상도제2동,14614,13459,1155
동작구 상도제3동,11590,8735,2855
동작구 상도제4동,11049,6638,4411
동작구 신대방제1동,5762,5075,687
동작구 신대방제2동,17065,13418,3647
동작구 흑석동,19485,16050,3435
마포구 공덕동,11177,9060,2117
마포구 대흥동,15235,13876,1359
마포구 도화동,4652,4740,-88
마포구 망원제1동,7887,5852,2035
마포구 망원제2동,5386,4266,1120
마포구 상암동,23747,25739,-1992
마포구 서강동,6608,6119,489
마포구 서교동,45101,62758,-17657
마포구 성산제1동,9311,7231,2080
마포구 성산제2동,17496,13422,4074
마포구 신수동,3426,2969,457
마포구 아현동,16127,12653,3474
마포구 연남동,7629,7152,477
마포구 염리동,2422,2453,-31
마포구 용강동,10261,8242,2019
마포구 합정동,7664,13539,-5875
서대문구 남가좌제1동,10563,7031,3532
서대문구 남가좌제2동,14849,10341,4508
서대문구 북가좌제1동,4348,4665,-317
서대문구 북가좌제2동,13178,8843,4335
서대문구 북아현동,8462,8434,28
서대문구 신촌동,44943,51284,-6341
서대문구 연희동,33887,33628,259
서대문구 천연동,18918,15283,3635
서대문구 충현동,17377,18790,-1413
서대문구 홍은제1동,13245,10229,3016
서대문구 홍은제2동,21781,16214,5567
서대문구 홍제제1동,20220,19689,531
서대문구 홍제제2동,10109,8112,1997
서대문구 홍제제3동,11434,9419,2015
서초구 내곡동,9486,9035,451
서초구 반포1동,15198,11779,3419
서초구 반포2동,3808,4295,-487
서초구 반포3동,14394,14697,-303
서초구 반포4동,17786,21169,-3383
서초구 반포본동,7402,7556,-154
서초구 방배1동,9875,8841,1034
서초구 방배2동,10805,11748,-943
서초구 방배3동,9398,7019,2379
서초구 방배4동,11995,11488,507
서초구 방배본동,8050,6610,1440
서초구 서초1동,9434,9166,268
서초구 서초2동,16207,19456,-3249
서초구 서초3동,18798,19575,-777
서초구 서초4동,16514,18699,-2185
서초구 양재1동,35816,31791,4025
서초구 양재2동,18559,16569,1990
서초구 잠원동,12222,14305,-2083
성동구 금호1가동,6026,4996,1030
성동구 금호2.3가동,10272,9176,1096
성동구 금호4가동,5560,4282,1278
성동구 마장동,7593,7963,-370
성동구 사근동,4247,4088,159
성동구 성수1가제1동,4561,5323,-762
성동구 성수1가제2동,2799,4712,-1913
성동구 성수2가제1동,4563,3406,1157
성동구 성수2가제3동,4120,4477,-357
성동구 송정동,3988,2268,1720
성동구 옥수동,8917,8936,-19
성동구 왕십리도선동,7699,6908,791
성동구 왕십리제2동,7180,7766,-586
성동구 용답동,6885,6230,655
성동구 응봉동,5278,4274,1004
성동구 행당제1동,8716,11455,-2739
성동구 행당제2동,8484,6866,1618
성북구 길음제1동,16241,15843,398
성북구 길음제2동,9667,13566,-3899
성북구 돈암제1동,13756,11440,2316
성북구 돈암제2동,6318,3959,2359
성북구 동선동,17555,21085,-3530
성북구 보문동,7941,6628,1313
성북구 삼선동,24295,23172,1123
성북구 석관동,8796,7866,930
성북구 성북동,18021,17674,347
성북구 안암동,10423,10045,378
성북구 월곡제1동,13252,12241,1011
성북구 월곡제2동,7335,6784,551
성북구 장위제1동,11077,9210,1867
성북구 장위제2동,8706,7415,1291
성북구 장위제3동,5377,4184,1193
성북구 정릉제1동,11101,9861,1240
성북구 정릉제2동,16020,11959,4061
성북구 정릉제3동,6223,6659,-436
성북구 정릉제4동,16639,13396,3243
성북구 종암동,23522,18388,5134
송파구 가락1동,2782,2580,202
송파구 가락2동,11278,8474,2804
송파구 가락본동,11244,10799,445
송파구 거여1동,2996,2277,719
송파구 거여2동,961,495,466
송파구 마천1동,5232,3688,1544
송파구 마천2동,8728,6689,2039
송파구 문정1동,3614,3340,274
송파구 문정2동,10999,15777,-4778
송파구 방이1동,4861,3525,1336
송파구 방이2동,8569,10420,-1851
송파구 삼전동,10009,6945,3064
송파구 석촌동,13471,13130,341
송파구 송파1동,8826,9451,-625
송파구 송파2동,4262,3153,1109
송파구 오금동,10953,9242,1711
송파구 오륜동,4358,5065,-707
송파구 위례동,7988,5974,2014
송파구 잠실2동,3118,5346,-2228
송파구 잠실3동,19063,24901,-5838
송파구 잠실4동,563,644,-81
송파구 잠실6동,7540,13590,-6050
송파구 잠실7동,3344,3381,-37
송파구 잠실본동,14552,11438,3114
송파구 장지동,7471,4095,3376
송파구 풍납1동,4063,2624,1439
송파구 풍납2동,6953,6707,246
양천구 목1동,18415,22830,-4415
양천구 목2동,15412,12929,2483
양천구 목3동,15356,13088,2268
양천구 목4동,11670,7416,4254
양천구 목5동,13512,13383,129
양천구 신월1동,5244,2336,2908
양천구 신월2동,6279,5667,612
양천구 신월3동,4881,3862,1019
양천구 신월4동,6298,4928,1370
양천구 신월5동,4812,4616,196
양천구 신월6동,5005,2825,2180
양천구 신월7동,9976,7276,2700
양천구 신정1동,6674,7691,-1017
양천구 신정2동,3969,2545,1424
양천구 신정3동,20059,14272,5787
양천구 신정4동,14797,17780,-2983
양천구 신정6동,3597,2968,629
양천구 신정7동,5941,5015,926
영등포구 당산제1동,7999,8362,-363
영등포구 당산제2동,16126,17488,-1362
영등포구 대림제1동,8096,5999,2097
영등포구 대림제2동,3285,3634,-349
영등포구 대림제3동,9392,7472,1920
영등포구 도림동,6834,5027,1807
영등포구 문래동,9889,12205,-2316
영등포구 신길제1동,7311,5015,2296
영등포구 신길제3동,9680,6863,2817
영등포구 신길제4동,3159,2483,676
영등포구 신길제5동,5549,5828,-279
영등포구 신길제6동,7745,6381,1364
영등포구 신길제7동,6837,6075,762
영등포구 양평제1동,6584,5517,1067
영등포구 양평제2동,10380,8991,1389
영등포구 여의동,31305,39150,-7845
영등포구 영등포동,32618,41599,-8981
영등포구 영등포본동,10645,12435,-1790
용산구 남영동,21153,21401,-248
용산구 보광동,7227,3936,3291
용산구 서빙고동,7412,5752,1660
용산구 용문동,3068,2415,653
용산구 용산2가동,8567,8830,-263
용산구 원효로제1동,8565,7503,1062
용산구 원효로제2동,6035,4020,2015
용산구 이촌제1동,7782,6727,1055
용산구 이촌제2동,3119,1711,1408
용산구 이태원제1동,7562,9149,-1587
용산구 이태원제2동,5465,4644,821
용산구 청파동,9102,8803,299
용산구 필동,1510,1372,138
용산구 한강로동,21355,25837,-4482
용산구 한남동,25752,27070,-1318
용산구 효창동,5475,4084,1391
용산구 후암동,7754,5724,2030
은평구 갈현제1동,8483,6120,2363
은평구 갈현제2동,10730,8335,2395
은평구 구산동,11577,5416,6161
은평구 녹번동,15665,13575,2090
은평구 대조동,19069,26671,-7602
은평구 불광제1동,17738,14677,3061
은평구 불광제2동,14292,13881,411
은평구 수색동,7493,6711,782
은평구 신사제1동,11697,11351,346
은평구 신사제2동,10244,9582,662
은평구 역촌동,15650,10594,5056
은평구 응암제1동,15623,18501,-2878
은평구 응암제2동,6772,4657,2115
은평구 응암제3동,11304,10298,1006
은평구 증산동,10911,10822,89
은평구 진관동,24083,23239,844
종로구 가회동,2288,2361,-73
종로구 교남동,4450,3040,1410
종로구 무악동,3056,2138,918
종로구 부암동,10483,9548,935
종로구 사직동,23633,30973,-7340
종로구 삼청동,2681,4268,-1587
종로구 숭인제1동,900,1055,-155
종로구 숭인제2동,11164,12670,-1506
종로구 이화동,8815,10817,-2002
종로구 종로1.2.3.4가동,64012,83696,-19684
종로구 종로5.6가동,17058,17653,-595
종로구 창신제1동,13213,9137,4076
종로구 창신제2동,5175,7601,-2426
종로구 창신제3동,2757,2383,374
종로구 청운효자동,7250,7675,-425
종로구 충현동,2053,907,1146
종로구 평창동,12198,9097,3101
종로구 혜화동,15858,18796,-2938
중구 광희동,12405,16126,-3721
중구 다산동,5473,4566,907
중구 동화동,1082,1177,-95
중구 명동,17274,23686,-6412
중구 소공동,27428,34020,-6592
중구 신당동,6798,4417,2381
중구 신당제5동,7304,7074,230
중구 약수동,4034,3230,804
중구 을지로동,4428,6559,-2131
중구 장충동,4665,4377,288
중구 중림동,5328,4278,1050
중구 청구동,3239,2666,573
중구 필동,4316,3905,411
중구 황학동,5763,5342,421
중구 회현동,28178,34204,-6026
중랑구 망우본동,17672,13870,3802
중랑구 망우제3동,5143,3745,1398
중랑구 면목본동,14795,15429,-634
중랑구 면목제2동,5778,4311,1467
중랑구 면목제3.8동,12773,11652,1121
중랑구 면목제4동,6055,4911,1144
중랑구 면목제5동,5016,3390,1626
중랑구 면목제7동,4269,4648,-379
중랑구 묵제1동,8095,8271,-176
중랑구 묵제2동,3770,2378,1392
중랑구 상봉제1동,8412,7623,789
중랑구 상봉제2동,13442,16006,-2564
중랑구 신내1동,14794,11595,3199
중랑구 신내2동,11724,9475,2249
중랑구 중화제1동,4561,5813,-1252
중랑구 중화제2동,11412,10039,1373
NA,312286,271034,41252
