ID,insum,outsum,diff
100000001,585,339,246
100000002,1097,500,597
100000003,5709,1378,4331
100000004,1686,534,1152
100000005,1508,1586,-78
100000006,235,52,183
100000007,680,273,407
100000008,99,420,-321
100000009,159,105,54
100000010,23,21,2
100000011,457,48,409
100000012,47,627,-580
100000013,19,149,-130
100000014,217,272,-55
100000015,892,708,184
100000016,1000,1047,-47
100000017,547,763,-216
100000018,1157,413,744
100000019,4741,1337,3404
100000020,1466,2128,-662
100000021,5952,1388,4564
100000022,1173,568,605
100000023,5592,610,4982
100000025,2440,307,2133
100000028,1543,602,941
100000029,204,153,51
100000030,577,27,550
100000031,4291,3047,1244
100000032,2592,1907,685
100000033,509,1216,-707
100000034,678,174,504
100000035,1400,465,935
100000036,2516,580,1936
100000037,235,304,-69
100000038,740,572,168
100000039,445,139,306
100000040,152,64,88
100000041,319,256,63
100000042,361,205,156
100000043,666,209,457
100000044,490,636,-146
100000045,442,1155,-713
100000046,528,1107,-579
100000047,194,641,-447
100000048,322,503,-181
100000049,1333,2198,-865
100000051,284,1061,-777
100000053,29,8,21
100000054,98,11,87
100000055,322,227,95
100000056,191,413,-222
100000057,1050,583,467
100000058,751,1130,-379
100000059,1,71,-70
100000060,222,218,4
100000061,882,425,457
100000062,973,357,616
100000063,280,181,99
100000064,561,282,279
100000065,284,924,-640
100000066,167,811,-644
100000067,392,724,-332
100000068,416,1316,-900
100000069,193,1405,-1212
100000072,353,962,-609
100000073,874,967,-93
100000075,375,288,87
100000076,1458,1023,435
100000077,478,62,416
100000078,70,24,46
100000079,29,17,12
100000080,9,9,0
100000081,37,20,17
100000102,1855,1009,846
100000103,3073,466,2607
100000104,4696,841,3855
100000105,4133,325,3808
100000106,2149,829,1320
100000107,478,233,245
100000108,822,837,-15
100000109,2725,841,1884
100000116,1007,341,666
100000117,19,33,-14
100000118,1059,538,521
100000119,393,377,16
100000121,124,497,-373
100000122,576,574,2
100000123,3404,3230,174
100000124,7067,3821,3246
100000125,3245,641,2604
100000126,564,165,399
100000127,1441,313,1128
100000128,796,693,103
100000129,412,297,115
100000130,286,471,-185
100000131,3588,1822,1766
100000132,1673,1021,652
100000133,8446,2089,6357
100000135,328,435,-107
100000139,181,184,-3
100000140,146,228,-82
100000142,302,471,-169
100000143,1511,894,617
100000144,3319,862,2457
100000147,641,1381,-740
100000150,5,400,-395
100000151,400,274,126
100000153,247,164,83
100000154,41,36,5
100000155,7,14,-7
100000156,63,73,-10
100000157,58,186,-128
100000158,41,87,-46
100000159,282,327,-45
100000165,964,669,295
100000169,625,209,416
100000174,1584,302,1282
100000179,91,512,-421
100000180,655,846,-191
100000181,148,205,-57
100000188,50,269,-219
100000189,382,215,167
100000190,298,286,12
100000191,302,272,30
100000192,99,82,17
100000193,87,120,-33
100000330,1864,402,1462
100000355,103,354,-251
100000362,4031,2563,1468
100000363,1441,2512,-1071
100000364,274,103,171
100000365,2705,3775,-1070
100000366,3198,1779,1419
100000367,1870,2562,-692
100000368,1576,1541,35
100000369,641,751,-110
100000370,90,269,-179
100000376,50,88,-38
100000379,1953,804,1149
100000380,2688,1175,1513
100000384,5078,1600,3478
100000385,5226,2204,3022
100000386,8527,1965,6562
100000387,7267,2036,5231
100000388,11543,2097,9446
100000389,10207,2276,7931
100000390,11092,1747,9345
100000391,6845,2287,4558
100000392,2668,748,1920
100000393,1050,886,164
100000394,5023,1820,3203
100000395,2636,691,1945
100000396,4211,1169,3042
100000397,2016,1206,810
100000398,9268,6211,3057
100000413,13,1,12
100900002,0,58,-58
100900003,196,24,172
100900004,13,563,-550
100900005,79,5,74
100900006,5,192,-187
100900007,281,6,275
100900008,1,387,-386
100900009,10,18,-8
100900010,10,159,-149
100900011,16,274,-258
100900012,2,235,-233
100900013,195,1,194
100900014,1,11,-10
100900015,107,58,49
100900016,1,36,-35
100900017,335,23,312
100900018,1,7,-6
100900019,13,25,-12
100900020,132,0,132
100900021,294,0,294
100900022,0,2,-2
100900023,0,8,-8
100900024,647,2,645
100900025,29,12,17
100900026,30,88,-58
100900027,342,1179,-837
100900028,60,80,-20
100900029,73,6,67
100900030,2,5,-3
100900031,124,77,47
100900032,118,2,116
100900033,167,61,106
100900034,187,0,187
100900035,572,0,572
100900036,23,1,22
100900037,10,202,-192
100900038,13,17,-4
100900039,375,611,-236
100900040,149,845,-696
100900041,224,848,-624
100900042,217,220,-3
100900043,2,13,-11
100900044,2146,192,1954
100900045,35,1,34
100900046,446,1,445
100900047,739,81,658
100900048,37,7,30
100900049,27,234,-207
100900050,1,17,-16
100900051,36,37,-1
100900052,57,10,47
100900053,174,47,127
100900054,6,110,-104
100900055,137,215,-78
100900056,53,169,-116
100900057,279,235,44
100900058,108,14,94
100900059,42,1,41
100900060,27,5,22
100900061,255,147,108
100900062,1,49,-48
100900063,103,231,-128
100900064,263,5,258
100900065,76,41,35
100900066,27,26,1
100900067,0,6,-6
100900068,28,76,-48
100900069,201,0,201
100900070,77,5,72
100900071,496,165,331
100900072,0,67,-67
100900073,30,412,-382
100900074,0,16,-16
100900075,1988,197,1791
100900076,7,22,-15
100900077,0,137,-137
100900078,38,92,-54
100900079,3,39,-36
100900080,3,141,-138
100900081,6,43,-37
100900082,32,723,-691
100900083,0,37,-37
100900085,5,43,-38
100900086,93,212,-119
100900088,33,710,-677
100900089,3,17,-14
100900090,98,243,-145
100900091,0,5,-5
100900092,72,48,24
100900093,55,116,-61
100900094,33,589,-556
100900095,3,18,-15
100900096,11,59,-48
100900097,0,7,-7
100900098,28,23,5
100900099,27,497,-470
100900100,6,192,-186
100900101,220,11,209
100900102,15,21,-6
100900103,1,14,-13
100900104,14,91,-77
100900105,1,64,-63
100900106,18,3,15
100900107,1232,331,901
100900108,2,5,-3
100900109,9,23,-14
100900110,2,42,-40
100900111,48,97,-49
100900112,0,5,-5
100900113,5,12,-7
100900114,1,15,-14
100900115,0,20,-20
100900116,418,257,161
100900117,152,367,-215
100900118,0,38,-38
100900119,11,12,-1
100900120,0,12,-12
100900121,123,193,-70
100900122,89,147,-58
100900123,38,49,-11
100900124,4,6,-2
100900125,14,51,-37
100900126,56,107,-51
100900127,2,5,-3
100900128,55,70,-15
100900129,0,58,-58
100900131,22,64,-42
100900133,20,31,-11
100900134,0,2,-2
100900135,0,81,-81
100900137,233,131,102
100900138,242,141,101
100900139,4,14,-10
100900140,1,707,-706
100900141,0,227,-227
100900142,0,3,-3
100900143,813,231,582
100900144,6,2,4
100900145,5,69,-64
100900146,13,11,2
100900147,5,161,-156
100900148,12,760,-748
100900149,19,63,-44
100900150,2,15,-13
100900151,66,422,-356
100900152,77,3,74
100900153,7,83,-76
100900154,1,8,-7
100900155,0,0,0
100900156,25,0,25
100900157,0,60,-60
100900159,0,16,-16
100900160,6,8,-2
100900161,127,3,124
100900162,9,113,-104
100900163,102,154,-52
100900164,14,31,-17
100900165,27,56,-29
100900166,21,0,21
100900167,23,86,-63
100900168,11,79,-68
100900169,146,835,-689
100900170,4,5,-1
100900171,12,659,-647
100900172,0,8,-8
100900173,4,444,-440
100900174,210,44,166
100900176,922,46,876
100900177,781,126,655
100900178,157,87,70
100900179,62,19,43
100900180,1,4,-3
100900181,75,12,63
100900182,15,18,-3
100900184,1,95,-94
100900186,762,376,386
100900187,6,160,-154
100900188,12,7,5
100900189,491,80,411
100900191,753,459,294
100900192,202,141,61
100900195,51,94,-43
100900197,7,112,-105
100900198,25,161,-136
100900199,6,5,1
100900200,448,242,206
100900201,24,649,-625
100900202,3,0,3
100900203,0,35,-35
100900204,104,75,29
100900205,77,199,-122
100900206,34,24,10
100900207,87,63,24
100900210,52,755,-703
100900211,159,25,134
100900213,16,13,3
100900214,669,54,615
100900215,2,15,-13
100900217,92,18,74
101000001,3744,1911,1833
101000002,2497,1852,645
101000003,611,1011,-400
101000004,7943,4432,3511
101000005,4325,3283,1042
101000006,7279,4589,2690
101000007,1863,1968,-105
101000008,2654,2062,592
101000009,1037,1672,-635
101000010,598,1270,-672
101000011,1771,441,1330
101000012,1633,307,1326
101000013,369,579,-210
101000014,378,390,-12
101000015,661,659,2
101000016,300,237,63
101000017,403,368,35
101000018,3357,1854,1503
101000020,3298,722,2576
101000021,782,181,601
101000022,224,38,186
101000023,1384,562,822
101000025,134,167,-33
101000026,411,19,392
101000027,951,1038,-87
101000028,604,96,508
101000029,12,592,-580
101000030,503,46,457
101000031,205,37,168
101000032,3554,1471,2083
101000033,2033,1318,715
101000034,2349,754,1595
101000035,952,174,778
101000036,1264,218,1046
101000037,4215,690,3525
101000039,3198,721,2477
101000040,3478,1599,1879
101000041,7747,1924,5823
101000042,528,272,256
101000043,6115,1283,4832
101000045,906,225,681
101000046,1287,635,652
101000047,754,739,15
101000048,520,650,-130
101000049,587,454,133
101000050,1512,348,1164
101000051,2422,643,1779
101000052,1487,346,1141
101000053,885,1427,-542
101000054,1278,1448,-170
101000055,1040,501,539
101000056,33,24,9
101000057,2140,357,1783
101000058,1616,467,1149
101000059,2910,1074,1836
101000060,1680,193,1487
101000061,1104,564,540
101000062,1510,207,1303
101000063,377,251,126
101000064,1042,214,828
101000065,168,207,-39
101000066,267,137,130
101000067,575,277,298
101000068,185,140,45
101000069,229,23,206
101000070,1524,492,1032
101000071,1560,584,976
101000072,864,2116,-1252
101000073,651,425,226
101000074,4057,1789,2268
101000075,5983,2228,3755
101000077,780,935,-155
101000078,759,1324,-565
101000079,289,521,-232
101000080,484,474,10
101000081,823,823,0
101000082,2682,1975,707
101000083,1342,1124,218
101000084,1018,1102,-84
101000085,1262,770,492
101000086,958,911,47
101000087,765,1023,-258
101000088,598,742,-144
101000089,650,1057,-407
101000090,2164,1384,780
101000091,279,1481,-1202
101000092,686,991,-305
101000093,1037,661,376
101000094,415,937,-522
101000095,156,736,-580
101000096,211,547,-336
101000097,199,207,-8
101000098,291,486,-195
101000099,864,896,-32
101000100,772,451,321
101000101,284,275,9
101000102,563,191,372
101000103,627,295,332
101000104,179,257,-78
101000105,827,129,698
101000106,448,412,36
101000107,94,231,-137
101000108,1060,304,756
101000109,106,37,69
101000110,14,517,-503
101000111,111,164,-53
101000113,94,259,-165
101000114,1743,899,844
101000115,110,100,10
101000116,44,103,-59
101000117,226,348,-122
101000119,152,16,136
101000120,240,10,230
101000121,65,8,57
101000122,69,31,38
101000123,21,21,0
101000124,206,262,-56
101000125,158,328,-170
101000128,748,309,439
101000130,234,175,59
101000131,350,553,-203
101000132,261,1315,-1054
101000135,58,10,48
101000136,213,54,159
101000137,25,113,-88
101000141,2116,1018,1098
101000147,655,547,108
101000148,2311,10,2301
101000149,107,41,66
101000150,34,950,-916
101000151,44,77,-33
101000152,241,200,41
101000153,487,379,108
101000154,84,1437,-1353
101000155,92,93,-1
101000156,13,215,-202
101000157,38,15,23
101000160,41,54,-13
101000163,97,87,10
101000164,480,290,190
101000165,160,215,-55
101000166,174,272,-98
101000168,554,240,314
101000252,937,467,470
101000254,292,14,278
101000258,34,10,24
101000261,83,111,-28
101000262,438,804,-366
101000263,160,410,-250
101000265,43,516,-473
101000266,147,149,-2
101000269,106,16,90
101000290,1562,1363,199
101000293,15,77,-62
101000294,363,407,-44
101000295,122,396,-274
101000301,698,103,595
101000304,1479,1916,-437
101000305,1845,1403,442
101000328,34,249,-215
101900001,5,63,-58
101900002,0,25,-25
101900003,70,85,-15
101900004,2,30,-28
101900005,4327,538,3789
101900006,638,9,629
101900007,288,33,255
101900008,90,232,-142
101900009,12,268,-256
101900010,909,362,547
101900011,199,912,-713
101900012,99,170,-71
101900013,1068,91,977
101900017,12,51,-39
101900018,1698,115,1583
101900019,158,71,87
101900020,61,71,-10
101900021,5,33,-28
101900022,40,1101,-1061
101900023,37,219,-182
101900026,65,27,38
101900027,6,89,-83
102000001,1459,2737,-1278
102000002,2294,987,1307
102000003,3128,2757,371
102000004,7846,1674,6172
102000005,1196,1538,-342
102000006,1645,1037,608
102000007,1117,2754,-1637
102000008,5382,1347,4035
102000009,4612,5222,-610
102000010,5484,2634,2850
102000011,1768,1671,97
102000012,2495,2523,-28
102000018,2748,1509,1239
102000019,2114,999,1115
102000026,177,400,-223
102000029,379,159,220
102000030,50,173,-123
102000031,14,196,-182
102000032,149,289,-140
102000033,70,371,-301
102000034,378,312,66
102000035,801,447,354
102000036,8,121,-113
102000037,107,45,62
102000038,109,70,39
102000039,89,32,57
102000040,432,62,370
102000041,96,152,-56
102000042,123,59,64
102000043,208,108,100
102000044,210,381,-171
102000045,435,781,-346
102000046,514,308,206
102000047,400,889,-489
102000048,132,516,-384
102000049,568,403,165
102000050,729,813,-84
102000051,234,372,-138
102000052,766,639,127
102000053,378,618,-240
102000054,172,634,-462
102000055,438,871,-433
102000056,353,1206,-853
102000057,879,374,505
102000058,670,1701,-1031
102000059,777,1149,-372
102000060,776,694,82
102000061,796,2248,-1452
102000062,733,1088,-355
102000063,917,1258,-341
102000064,357,498,-141
102000065,20,133,-113
102000066,1686,867,819
102000067,2258,2081,177
102000068,7278,2135,5143
102000069,35,1474,-1439
102000070,2228,48,2180
102000071,6009,7797,-1788
102000072,2614,4077,-1463
102000073,553,995,-442
102000074,442,711,-269
102000075,157,247,-90
102000076,192,405,-213
102000077,229,1029,-800
102000078,473,759,-286
102000079,65,245,-180
102000080,97,151,-54
102000081,156,708,-552
102000082,524,218,306
102000083,189,636,-447
102000084,120,351,-231
102000085,1108,1103,5
102000086,776,960,-184
102000087,392,1857,-1465
102000088,124,195,-71
102000089,529,410,119
102000090,285,922,-637
102000091,1042,460,582
102000092,386,651,-265
102000093,509,482,27
102000094,726,310,416
102000095,603,617,-14
102000096,711,416,295
102000097,667,640,27
102000098,319,500,-181
102000099,474,313,161
102000100,795,387,408
102000101,840,175,665
102000102,350,1064,-714
102000103,911,210,701
102000104,844,281,563
102000105,145,690,-545
102000106,396,804,-408
102000107,408,406,2
102000108,391,215,176
102000109,190,432,-242
102000110,308,1465,-1157
102000111,8,223,-215
102000112,88,56,32
102000113,8,21,-13
102000114,791,263,528
102000115,167,105,62
102000116,478,210,268
102000117,260,359,-99
102000118,1459,804,655
102000119,2242,353,1889
102000120,47,330,-283
102000121,829,372,457
102000122,322,644,-322
102000123,1094,577,517
102000124,684,693,-9
102000125,880,590,290
102000126,403,510,-107
102000127,844,544,300
102000128,341,776,-435
102000129,756,700,56
102000130,324,481,-157
102000131,820,433,387
102000132,378,353,25
102000133,783,2256,-1473
102000134,295,499,-204
102000135,848,448,400
102000136,807,263,544
102000137,761,530,231
102000138,176,294,-118
102000139,52,254,-202
102000140,288,162,126
102000141,102,467,-365
102000142,89,334,-245
102000143,45,406,-361
102000144,61,405,-344
102000145,190,401,-211
102000146,127,225,-98
102000147,205,228,-23
102000148,132,148,-16
102000149,87,556,-469
102000150,151,145,6
102000151,67,303,-236
102000152,89,125,-36
102000153,572,185,387
102000154,327,432,-105
102000155,51,199,-148
102000156,315,24,291
102000157,43,128,-85
102000158,276,163,113
102000159,1152,144,1008
102000161,4001,929,3072
102000162,163,93,70
102000163,92,254,-162
102000164,928,533,395
102000165,225,83,142
102000166,26,62,-36
102000167,147,133,14
102000168,154,80,74
102000169,69,294,-225
102000170,479,81,398
102000171,94,42,52
102000172,39,155,-116
102000173,218,204,14
102000174,24,28,-4
102000175,67,128,-61
102000176,24,28,-4
102000178,219,534,-315
102000179,171,196,-25
102000180,320,526,-206
102000181,329,582,-253
102000182,316,599,-283
102000183,786,1665,-879
102000184,682,776,-94
102000185,1054,1474,-420
102000186,567,1683,-1116
102000187,358,1487,-1129
102000188,374,1131,-757
102000189,2021,639,1382
102000190,420,1468,-1048
102000191,1119,463,656
102000192,608,814,-206
102000193,34,193,-159
102000194,41,141,-100
102000195,187,482,-295
102000196,100,544,-444
102000197,208,472,-264
102000198,92,839,-747
102000199,310,307,3
102000200,189,1077,-888
102000201,316,459,-143
102000202,0,124,-124
102000203,111,212,-101
102000204,187,804,-617
102000205,428,642,-214
102000206,347,609,-262
102000207,509,437,72
102000208,155,532,-377
102000209,24,39,-15
102000210,107,504,-397
102000211,181,314,-133
102000212,63,17,46
102000213,3,284,-281
102000214,60,11,49
102000215,2,500,-498
102000216,18,23,-5
102000217,5,190,-185
102000218,88,46,42
102000219,263,302,-39
102000225,671,652,19
102000226,3580,408,3172
102000227,57,17,40
102000228,0,68,-68
102000229,32,12,20
102000230,252,591,-339
102000231,155,335,-180
102000232,6,110,-104
102000233,305,527,-222
102000234,75,1173,-1098
102000236,288,53,235
102000237,388,125,263
102000238,132,214,-82
102000240,665,457,208
102000241,182,74,108
102000243,6,23,-17
102000245,20,181,-161
102000246,21,15,6
102000247,1468,926,542
102000248,583,501,82
102000249,65,138,-73
102000250,27,359,-332
102000254,33,306,-273
102000266,36,127,-91
102000271,13,2,11
102000286,328,208,120
102000297,1159,662,497
102000299,0,0,0
102000301,2,4,-2
102000303,0,0,0
102000305,0,0,0
102000307,0,7,-7
102900001,808,692,116
102900002,246,14,232
102900003,18,298,-280
102900005,205,270,-65
102900006,259,140,119
102900007,351,34,317
102900008,151,62,89
102900009,391,113,278
102900010,376,374,2
102900011,1616,154,1462
102900012,337,41,296
102900013,4,62,-58
102900015,659,132,527
102900016,19,79,-60
102900017,73,573,-500
102900018,22,138,-116
102900019,153,350,-197
102900020,29,24,5
102900021,11,112,-101
102900022,236,44,192
102900023,13,41,-28
102900024,12,37,-25
102900025,178,87,91
102900026,384,995,-611
102900027,27,36,-9
102900028,58,272,-214
102900029,56,106,-50
102900030,236,118,118
102900031,61,109,-48
102900032,12,109,-97
102900033,61,188,-127
102900034,116,131,-15
102900035,51,484,-433
102900036,107,602,-495
102900037,95,684,-589
102900038,238,450,-212
102900039,20,266,-246
102900040,66,174,-108
102900041,16,139,-123
102900042,68,279,-211
102900043,77,226,-149
102900044,412,1607,-1195
102900045,29,444,-415
102900046,51,260,-209
102900047,62,573,-511
102900048,374,628,-254
102900049,52,316,-264
102900050,191,312,-121
102900051,101,131,-30
102900053,206,564,-358
102900054,564,494,70
102900055,42,67,-25
102900056,66,381,-315
102900057,0,17,-17
102900058,253,51,202
102900059,5,49,-44
102900060,32,318,-286
102900061,58,403,-345
102900062,66,1246,-1180
102900063,471,338,133
102900064,104,303,-199
102900065,1368,473,895
102900066,218,16,202
102900068,36,52,-16
102900070,78,610,-532
102900072,3,15,-12
102900073,85,5,80
102900075,7,5,2
102900076,274,32,242
102900077,42,28,14
102900078,22,67,-45
102900079,195,6,189
102900080,184,13,171
102900081,56,184,-128
102900082,24,211,-187
102900083,318,7,311
102900084,0,24,-24
102900085,101,34,67
102900086,2,45,-43
102900087,45,107,-62
102900088,7,36,-29
102900089,168,89,79
102900090,2,288,-286
102900091,60,1,59
102900092,124,651,-527
102900094,0,44,-44
102900095,73,18,55
102900096,8,6,2
102900097,64,107,-43
103000001,1859,2261,-402
103000002,1556,1716,-160
103000003,2627,2227,400
103000004,761,511,250
103000005,1833,1865,-32
103000006,420,1028,-608
103000007,298,708,-410
103000008,800,870,-70
103000009,541,611,-70
103000010,116,120,-4
103000011,1786,822,964
103000012,815,1045,-230
103000013,5690,1601,4089
103000014,1041,1121,-80
103000015,2216,731,1485
103000016,574,659,-85
103000017,86,207,-121
103000018,871,332,539
103000019,128,149,-21
103000020,1381,1042,339
103000021,1042,1131,-89
103000022,735,973,-238
103000023,354,881,-527
103000024,84,152,-68
103000025,69,276,-207
103000026,1596,101,1495
103000027,151,305,-154
103000028,598,288,310
103000029,396,77,319
103000030,1593,455,1138
103000031,1251,1018,233
103000032,1496,1409,87
103000033,1973,1788,185
103000034,1351,844,507
103000035,266,773,-507
103000036,390,366,24
103000037,646,338,308
103000038,373,678,-305
103000039,227,412,-185
103000040,175,954,-779
103000041,1089,2564,-1475
103000042,515,569,-54
103000043,223,1165,-942
103000044,90,250,-160
103000046,172,225,-53
103000047,328,672,-344
103000048,87,113,-26
103000049,70,184,-114
103000050,461,577,-116
103000051,170,439,-269
103000052,520,330,190
103000053,79,303,-224
103000054,1424,819,605
103000055,1075,1276,-201
103000056,388,2252,-1864
103000057,382,324,58
103000058,250,787,-537
103000059,262,598,-336
103000060,601,654,-53
103000061,292,680,-388
103000062,794,725,69
103000063,426,525,-99
103000064,80,260,-180
103000065,6,327,-321
103000066,56,9,47
103000069,99,327,-228
103000070,475,1007,-532
103000071,464,319,145
103000072,92,814,-722
103000073,205,98,107
103000074,358,60,298
103000075,76,689,-613
103000076,199,158,41
103000077,33,298,-265
103000078,1108,261,847
103000079,1158,342,816
103000080,1342,156,1186
103000081,404,559,-155
103000082,217,118,99
103000083,63,270,-207
103000084,155,9,146
103000085,5,72,-67
103000086,549,175,374
103000087,90,310,-220
103000088,266,282,-16
103000089,139,241,-102
103000090,1277,867,410
103000091,365,301,64
103000092,172,283,-111
103000093,210,413,-203
103000094,96,98,-2
103000095,21,324,-303
103000096,714,84,630
103000097,52,553,-501
103000098,884,110,774
103000099,364,504,-140
103000100,79,798,-719
103000101,376,99,277
103000102,85,596,-511
103000103,378,164,214
103000104,32,146,-114
103000105,52,107,-55
103000106,6,89,-83
103000107,175,43,132
103000108,422,443,-21
103000109,265,277,-12
103000110,351,303,48
103000111,428,254,174
103000112,188,198,-10
103000113,542,523,19
103000114,671,240,431
103000115,268,378,-110
103000116,268,407,-139
103000117,96,392,-296
103000118,907,884,23
103000119,1623,613,1010
103000120,28,59,-31
103000121,315,478,-163
103000122,247,187,60
103000125,2,545,-543
103000126,151,1,150
103000127,2,249,-247
103000128,55,1,54
103000129,2,130,-128
103000130,23,13,10
103000131,179,69,110
103000132,52,55,-3
103000133,3,129,-126
103000134,746,396,350
103000135,728,190,538
103000136,656,232,424
103000137,483,419,64
103000138,775,487,288
103000139,0,25,-25
103000140,157,15,142
103000141,13,86,-73
103000142,131,60,71
103000143,16,150,-134
103000144,126,66,60
103000145,5,17,-12
103000150,31,57,-26
103000152,207,165,42
103000153,99,142,-43
103000156,2,484,-482
103000157,135,3,132
103000159,108,104,4
103000162,44,35,9
103000163,6,10,-4
103000164,17,7,10
103000165,116,382,-266
103000166,107,140,-33
103000167,161,84,77
103000168,39,131,-92
103000169,104,197,-93
103000170,412,466,-54
103000171,33,48,-15
103000172,156,227,-71
103000173,127,692,-565
103000174,88,207,-119
103000175,94,429,-335
103000176,535,179,356
103000177,560,325,235
103000178,331,217,114
103000179,64,27,37
103000183,47,21,26
103000185,47,69,-22
103000186,30,156,-126
103000187,119,597,-478
103000188,18,102,-84
103000189,683,940,-257
103000191,600,648,-48
103000292,2205,497,1708
103000293,1245,835,410
103000295,77,51,26
103000296,82,2,80
103000297,25,6,19
103000504,218,17,201
103000505,7,2,5
103000506,0,191,-191
103000507,69,0,69
103000508,45,25,20
103000509,202,453,-251
103900001,5,356,-351
103900002,1661,116,1545
103900003,1191,72,1119
103900004,14,1,13
103900005,7,212,-205
103900006,1,0,1
103900007,10,0,10
103900008,1,0,1
103900009,166,231,-65
103900010,70,212,-142
103900011,58,233,-175
103900012,1,8,-7
103900013,15,61,-46
103900014,32,21,11
103900015,38,25,13
103900016,167,262,-95
103900017,6,63,-57
103900018,688,146,542
103900019,25,135,-110
103900020,92,222,-130
103900021,694,47,647
103900022,666,618,48
103900023,52,0,52
103900024,84,531,-447
103900025,1,28,-27
103900026,2,0,2
103900027,265,166,99
103900028,7,192,-185
103900029,539,117,422
103900030,78,20,58
103900031,2,0,2
103900032,24,25,-1
103900033,42,4,38
103900034,10,170,-160
103900035,13,55,-42
103900036,20,10,10
103900037,36,17,19
103900038,31,100,-69
103900039,22,417,-395
103900040,10,279,-269
103900041,5,20,-15
103900042,28,443,-415
103900043,43,93,-50
103900044,183,90,93
103900045,121,102,19
103900047,35,43,-8
103900048,29,14,15
103900049,161,932,-771
103900050,0,73,-73
103900051,0,39,-39
103900052,103,511,-408
103900053,71,859,-788
103900054,30,577,-547
103900055,228,159,69
103900056,37,45,-8
103900057,9,239,-230
103900058,61,727,-666
103900059,0,3,-3
103900060,29,152,-123
103900061,31,54,-23
103900062,82,35,47
103900063,0,0,0
103900064,37,2,35
103900065,678,217,461
103900066,60,10,50
103900067,58,6,52
103900068,0,0,0
103900069,41,0,41
103900070,88,214,-126
103900071,25,204,-179
103900072,2,302,-300
103900073,17,9,8
103900074,26,111,-85
103900075,91,83,8
103900076,125,675,-550
103900077,30,41,-11
103900078,54,74,-20
103900079,58,171,-113
103900080,5,18,-13
103900081,48,4,44
103900082,1,47,-46
103900083,1836,278,1558
103900084,17,82,-65
103900085,82,91,-9
103900086,189,155,34
103900088,329,135,194
103900089,23,182,-159
103900090,1,187,-186
103900091,668,214,454
103900092,186,442,-256
103900093,85,369,-284
103900094,1,134,-133
103900095,118,127,-9
103900096,9,292,-283
103900097,5,525,-520
103900098,103,58,45
103900099,7,273,-266
103900100,65,339,-274
103900101,35,797,-762
103900102,0,33,-33
103900104,0,29,-29
103900105,71,133,-62
103900106,0,6,-6
103900107,16,178,-162
103900108,23,355,-332
103900109,25,95,-70
103900110,100,37,63
103900111,21,657,-636
103900112,8,36,-28
103900113,111,141,-30
103900114,471,303,168
103900115,133,59,74
103900116,5845,893,4952
103900117,271,124,147
103900119,16,41,-25
103900120,23,69,-46
103900122,29,409,-380
103900123,1208,404,804
103900124,24,602,-578
103900125,46,58,-12
103900126,176,410,-234
103900127,48,622,-574
103900128,11,132,-121
103900131,7,88,-81
103900133,561,12,549
103900134,0,0,0
103900135,7,3,4
103900137,3,24,-21
103900138,25,345,-320
103900139,165,674,-509
103900140,0,26,-26
103900141,159,39,120
103900142,24,173,-149
103900143,21,3,18
103900144,0,50,-50
103900145,91,272,-181
103900146,129,282,-153
103900147,144,87,57
103900148,83,145,-62
103900149,75,709,-634
103900150,6143,1269,4874
103900151,15,145,-130
103900152,141,648,-507
103900153,1,1,0
103900154,971,565,406
103900155,12,225,-213
103900156,10,153,-143
103900157,4,186,-182
103900158,15,180,-165
103900159,35,62,-27
103900160,15,16,-1
103900161,43,112,-69
103900162,44,129,-85
103900163,5,290,-285
103900167,8,37,-29
103900168,16,112,-96
103900169,9,33,-24
103900170,2,69,-67
103900171,1,72,-71
103900172,3,20,-17
103900173,1,7,-6
103900174,42,50,-8
103900175,39,29,10
103900176,15,5,10
103900177,8,37,-29
103900178,19,52,-33
103900179,13,143,-130
103900180,6,109,-103
103900181,58,23,35
103900182,27,10,17
103900184,424,18,406
103900185,163,56,107
103900187,66,21,45
103900188,22,8,14
103900189,35,6,29
103900190,19,36,-17
103900191,19,25,-6
103900192,11,34,-23
103900193,117,87,30
103900194,26,354,-328
103900195,0,21,-21
103900196,5,9,-4
103900197,4,17,-13
103900198,7,35,-28
103900199,60,81,-21
103900200,100,125,-25
103900201,35,123,-88
103900202,6,35,-29
103900203,18,16,2
103900204,1,124,-123
103900207,0,111,-111
103900208,9,0,9
103900209,3,81,-78
103900210,8,21,-13
103900211,256,491,-235
103900212,39,437,-398
103900213,95,188,-93
103900214,160,57,103
103900215,722,243,479
103900216,3,378,-375
103900217,242,24,218
103900218,0,156,-156
103900219,31,268,-237
103900233,29,2,27
103900235,21,16,5
103900236,16,1,15
103900242,4,10,-6
103900243,2,3,-1
103900244,31,254,-223
103900245,39,224,-185
103900246,38,25,13
103900247,20,117,-97
103900248,3,22,-19
103900249,5,12,-7
103900250,14,9,5
103900251,0,19,-19
103900253,10,28,-18
103900254,1,9,-8
103900255,9,4,5
103900256,11,21,-10
103900257,66,45,21
103900258,13,2,11
103900259,57,1,56
103900261,6,0,6
103900262,29,1,28
103900263,44,24,20
103900264,85,3,82
103900265,52,5,47
103900266,2,59,-57
103900267,1,50,-49
103900268,4,122,-118
103900269,70,30,40
103900270,14,161,-147
103900271,25,153,-128
103900272,53,78,-25
103900273,9,32,-23
103900274,14,13,1
103900275,15,4,11
103900276,5,73,-68
103900277,2,79,-77
103900278,7,32,-25
103900279,1,13,-12
103900280,0,139,-139
104000001,1565,1809,-244
104000002,1074,2220,-1146
104000003,1852,1943,-91
104000004,2897,2176,721
104000005,812,1591,-779
104000006,2204,2460,-256
104000007,3279,3256,23
104000008,180,571,-391
104000009,68,141,-73
104000010,117,154,-37
104000011,589,467,122
104000012,128,481,-353
104000013,91,126,-35
104000014,158,700,-542
104000015,181,130,51
104000016,404,408,-4
104000018,406,119,287
104000019,340,90,250
104000020,149,901,-752
104000021,260,601,-341
104000022,78,279,-201
104000023,266,248,18
104000024,193,323,-130
104000026,27,257,-230
104000027,230,403,-173
104000028,218,278,-60
104000029,400,565,-165
104000030,134,241,-107
104000031,490,217,273
104000032,156,354,-198
104000033,317,314,3
104000034,208,381,-173
104000035,428,373,55
104000036,340,650,-310
104000037,180,302,-122
104000038,184,260,-76
104000039,128,411,-283
104000040,380,398,-18
104000041,367,238,129
104000042,155,499,-344
104000043,223,358,-135
104000044,137,812,-675
104000045,574,1139,-565
104000046,1377,1436,-59
104000047,568,1216,-648
104000048,983,1872,-889
104000049,218,257,-39
104000050,129,492,-363
104000051,90,611,-521
104000052,732,1182,-450
104000053,567,655,-88
104000054,344,529,-185
104000055,3388,2696,692
104000056,1430,119,1311
104000057,86,438,-352
104000058,445,564,-119
104000059,354,996,-642
104000060,452,777,-325
104000061,705,1086,-381
104000062,132,167,-35
104000064,659,234,425
104000065,112,297,-185
104000069,1440,573,867
104000070,37,232,-195
104000071,58,306,-248
104000072,564,175,389
104000075,12,166,-154
104000076,329,44,285
104000082,1813,2151,-338
104000083,604,143,461
104000084,90,402,-312
104000085,168,152,16
104000086,122,321,-199
104000087,386,667,-281
104000090,531,1550,-1019
104000092,488,2567,-2079
104000094,654,1950,-1296
104000095,1104,1278,-174
104000096,789,333,456
104000097,1019,1034,-15
104000098,918,1248,-330
104000100,777,635,142
104000101,734,2385,-1651
104000106,50,474,-424
104000107,454,634,-180
104000108,275,451,-176
104000109,190,47,143
104000110,804,865,-61
104000111,4278,1270,3008
104000112,2169,456,1713
104000116,5,1043,-1038
104000117,60,900,-840
104000118,264,236,28
104000119,262,201,61
104000120,93,917,-824
104000121,135,589,-454
104000122,391,690,-299
104000123,755,1378,-623
104000124,1439,2593,-1154
104000125,3988,2344,1644
104000126,195,353,-158
104000127,1541,4056,-2515
104000128,665,438,227
104000129,406,21,385
104000130,10,244,-234
104000131,931,776,155
104000132,619,1017,-398
104000133,921,660,261
104000134,596,1083,-487
104000135,317,728,-411
104000136,728,1619,-891
104000137,1430,187,1243
104000138,1077,404,673
104000139,7962,2653,5309
104000141,1304,1787,-483
104000142,540,1072,-532
104000143,344,775,-431
104000144,45,201,-156
104000145,237,163,74
104000146,371,560,-189
104000147,104,395,-291
104000148,143,153,-10
104000149,205,419,-214
104000150,359,326,33
104000151,214,645,-431
104000152,362,673,-311
104000153,149,309,-160
104000154,1027,691,336
104000155,226,409,-183
104000157,1061,1755,-694
104000158,224,184,40
104000159,450,258,192
104000160,1279,1108,171
104000161,140,149,-9
104000162,19,88,-69
104000165,1202,918,284
104000167,456,415,41
104000168,462,1,461
104000169,40,50,-10
104000170,783,262,521
104000248,182,726,-544
104000251,50,345,-295
104000272,0,0,0
104000273,0,0,0
104000274,0,0,0
104000275,0,0,0
104000279,545,464,81
104000290,34,306,-272
104000291,536,966,-430
104000293,524,600,-76
104000294,6,0,6
104000295,322,591,-269
104000296,218,664,-446
104000297,663,1215,-552
104000298,1661,689,972
104000299,416,1119,-703
104900001,38,324,-286
104900002,13,58,-45
104900003,22,372,-350
104900004,41,352,-311
104900005,97,139,-42
104900006,78,39,39
104900007,133,200,-67
104900009,60,398,-338
104900010,9,8,1
104900011,2,1,1
104900012,72,7,65
104900013,31,3,28
104900014,3438,229,3209
104900015,68,2,66
104900016,80,249,-169
104900017,53,141,-88
104900018,4,175,-171
104900019,192,860,-668
104900020,41,248,-207
104900021,2,272,-270
104900022,7,136,-129
104900023,0,129,-129
104900024,10,99,-89
104900025,37,294,-257
104900026,2,121,-119
104900027,156,153,3
104900028,21,87,-66
104900029,34,71,-37
104900030,248,119,129
104900031,163,193,-30
104900032,12,119,-107
104900033,70,174,-104
104900034,161,53,108
104900035,110,80,30
104900036,98,53,45
104900037,93,248,-155
104900038,406,171,235
104900039,684,122,562
104900040,121,71,50
104900041,145,87,58
104900042,60,287,-227
104900043,6,36,-30
104900044,253,129,124
104900045,201,47,154
104900046,46,85,-39
104900047,130,120,10
104900048,136,65,71
104900049,9,2,7
104900050,88,66,22
104900051,94,21,73
104900052,14,0,14
104900053,213,26,187
104900054,44,16,28
104900055,33,0,33
104900056,71,5,66
104900057,19,0,19
104900058,216,108,108
104900059,12,55,-43
104900060,1,340,-339
104900061,201,601,-400
104900063,2,88,-86
104900064,0,73,-73
104900065,0,85,-85
104900066,0,147,-147
104900067,0,172,-172
104900068,9,236,-227
104900070,71,295,-224
104900071,3,638,-635
104900072,22,187,-165
104900073,9,240,-231
104900074,25,188,-163
104900075,17,47,-30
104900076,44,423,-379
104900077,888,45,843
104900078,124,823,-699
104900079,75,174,-99
104900080,27,486,-459
104900082,13,286,-273
104900085,1,208,-207
104900087,248,3,245
104900089,68,0,68
104900090,229,427,-198
104900091,340,750,-410
104900093,149,510,-361
104900097,2045,773,1272
104900098,35,30,5
104900099,559,496,63
104900100,598,130,468
104900102,9,186,-177
104900103,381,86,295
104900104,2945,794,2151
104900106,31,122,-91
104900107,71,284,-213
104900108,7,271,-264
104900109,36,75,-39
104900110,1,38,-37
104900111,94,66,28
104900112,135,813,-678
104900113,372,403,-31
104900114,127,606,-479
104900115,244,475,-231
104900116,66,307,-241
104900118,10,37,-27
104900119,0,31,-31
104900120,130,54,76
104900121,1,122,-121
104900122,2,80,-78
104900123,6,2,4
104900124,13,1,12
104900125,240,8,232
104900126,40,39,1
104900127,21,22,-1
104900128,56,171,-115
104900129,2051,634,1417
105000001,1819,1681,138
105000002,1469,1492,-23
105000003,2093,3266,-1173
105000004,368,998,-630
105000005,393,1050,-657
105000006,728,1303,-575
105000007,560,972,-412
105000008,486,1218,-732
105000009,1020,2290,-1270
105000010,2658,2172,486
105000011,1286,1761,-475
105000012,3324,2961,363
105000013,503,917,-414
105000014,876,1533,-657
105000015,5590,3742,1848
105000016,2688,1456,1232
105000017,1378,948,430
105000018,1105,737,368
105000019,1327,841,486
105000020,104,228,-124
105000021,227,127,100
105000022,107,29,78
105000023,239,203,36
105000028,57,135,-78
105000029,216,627,-411
105000030,3305,3032,273
105000031,1,25,-24
105000033,907,1898,-991
105000034,73,372,-299
105000037,459,380,79
105000038,1003,879,124
105000039,2882,1492,1390
105000040,382,525,-143
105000041,384,1164,-780
105000042,1568,888,680
105000043,1717,1670,47
105000044,198,217,-19
105000045,186,763,-577
105000046,422,286,136
105000047,289,1193,-904
105000048,324,132,192
105000049,220,666,-446
105000050,281,322,-41
105000051,176,481,-305
105000052,328,688,-360
105000053,99,150,-51
105000054,128,701,-573
105000055,250,354,-104
105000056,562,2134,-1572
105000057,831,868,-37
105000058,1049,1235,-186
105000059,348,400,-52
105000060,282,455,-173
105000061,308,339,-31
105000062,624,978,-354
105000063,255,639,-384
105000064,543,510,33
105000065,333,985,-652
105000066,752,1808,-1056
105000067,535,429,106
105000068,386,857,-471
105000069,2355,517,1838
105000070,634,706,-72
105000071,131,333,-202
105000072,676,827,-151
105000073,456,369,87
105000074,700,822,-122
105000075,342,747,-405
105000076,1081,937,144
105000077,1500,651,849
105000078,1321,927,394
105000079,1464,1470,-6
105000080,1173,646,527
105000081,780,579,201
105000082,370,319,51
105000083,692,469,223
105000084,420,939,-519
105000085,835,767,68
105000086,541,843,-302
105000087,1890,1726,164
105000088,1173,1201,-28
105000089,2830,1985,845
105000090,854,910,-56
105000091,1782,1849,-67
105000092,498,1017,-519
105000093,275,161,114
105000094,197,181,16
105000095,45,410,-365
105000096,684,542,142
105000097,799,639,160
105000098,444,374,70
105000099,641,835,-194
105000100,483,1039,-556
105000101,1173,1771,-598
105000102,795,1326,-531
105000103,953,1807,-854
105000104,905,841,64
105000105,598,1406,-808
105000106,580,1090,-510
105000107,559,778,-219
105000108,710,1531,-821
105000109,674,1265,-591
105000110,456,721,-265
105000111,307,436,-129
105000112,865,717,148
105000113,322,444,-122
105000114,2904,792,2112
105000115,239,597,-358
105000116,349,386,-37
105000117,496,1280,-784
105000118,158,263,-105
105000119,314,1013,-699
105000120,365,515,-150
105000121,492,946,-454
105000122,133,347,-214
105000123,830,1293,-463
105000124,871,731,140
105000125,486,1442,-956
105000126,1215,1861,-646
105000127,1454,1608,-154
105000128,278,1402,-1124
105000129,484,230,254
105000130,67,693,-626
105000131,362,294,68
105000132,368,309,59
105000133,209,975,-766
105000134,208,418,-210
105000135,290,642,-352
105000136,109,279,-170
105000137,256,213,43
105000138,317,309,8
105000139,719,963,-244
105000140,144,527,-383
105000141,144,570,-426
105000142,46,518,-472
105000143,153,600,-447
105000144,179,553,-374
105000145,316,417,-101
105000146,419,594,-175
105000147,323,243,80
105000148,943,582,361
105000149,1288,1295,-7
105000150,2001,1097,904
105000151,222,301,-79
105000152,145,601,-456
105000153,337,347,-10
105000154,586,761,-175
105000155,218,457,-239
105000156,722,803,-81
105000157,846,1592,-746
105000158,1380,702,678
105000159,310,1233,-923
105000160,945,422,523
105000161,485,1624,-1139
105000162,287,993,-706
105000163,1005,1013,-8
105000164,148,244,-96
105000165,1166,2629,-1463
105000166,6787,260,6527
105000167,2357,999,1358
105000168,169,738,-569
105000169,187,391,-204
105000170,98,1017,-919
105000171,806,259,547
105000172,61,40,21
105000173,28,12,16
105000174,23,20,3
105000175,68,81,-13
105000176,45,86,-41
105000177,57,95,-38
105000178,72,518,-446
105000179,74,111,-37
105000180,49,97,-48
105000181,24,379,-355
105000182,29,48,-19
105000183,2361,1097,1264
105000184,1081,621,460
105000185,824,500,324
105000186,378,828,-450
105000187,358,218,140
105000188,135,80,55
105000189,146,565,-419
105000190,132,315,-183
105000191,256,481,-225
105000192,91,53,38
105000193,41,99,-58
105000194,236,52,184
105000195,139,892,-753
105000196,37,73,-36
105000197,179,669,-490
105000198,342,201,141
105000199,169,184,-15
105000200,58,170,-112
105000201,56,18,38
105000203,11,281,-270
105000204,38,89,-51
105000205,63,235,-172
105000207,605,195,410
105000208,216,278,-62
105000209,151,392,-241
105000211,59,12,47
105000212,615,1210,-595
105000213,181,85,96
105000214,43,181,-138
105000215,125,246,-121
105000216,31,310,-279
105000217,138,350,-212
105000218,477,875,-398
105000221,82,202,-120
105000222,39,45,-6
105000223,63,151,-88
105000226,12,355,-343
105000227,16,160,-144
105000228,171,505,-334
105000229,42,202,-160
105000231,92,235,-143
105000233,437,486,-49
105000234,357,1054,-697
105000235,207,369,-162
105000237,378,49,329
105000243,10,33,-23
105000248,50,36,14
105000262,170,1537,-1367
105000269,71,117,-46
105000270,129,70,59
105000271,1,268,-267
105000282,68,34,34
105000287,263,112,151
105000288,320,318,2
105000289,570,522,48
105000290,6,2,4
105000402,3990,1087,2903
105000426,279,387,-108
105000438,480,436,44
105000440,8,12,-4
105000446,9887,3697,6190
105000447,5451,2292,3159
105000454,90,892,-802
105000455,259,155,104
105000474,12,2,10
105000477,142,309,-167
105000478,877,1505,-628
105000479,54,109,-55
105000480,1170,1418,-248
105000481,1468,1415,53
105000482,3346,2313,1033
105000483,840,988,-148
105000484,1919,2220,-301
105000485,799,1057,-258
105000486,2703,1890,813
105000488,2213,2226,-13
105000489,452,557,-105
105000549,18,125,-107
105000550,360,984,-624
105000551,6,89,-83
105000552,3011,1665,1346
105000555,578,578,0
105000556,30,13,17
105000557,25,258,-233
105900001,1,709,-708
105900002,1328,265,1063
105900003,2,93,-91
105900004,218,88,130
105900005,1,155,-154
105900006,1,18,-17
105900007,13,8,5
105900008,33,633,-600
105900009,5,7,-2
105900011,45,28,17
105900012,164,145,19
105900013,1,26,-25
105900014,5,77,-72
105900015,55,241,-186
105900016,157,711,-554
105900017,420,29,391
105900018,170,240,-70
105900019,14,463,-449
105900020,14,41,-27
105900021,11,227,-216
105900022,121,262,-141
105900023,3,101,-98
105900024,4,112,-108
105900025,30,25,5
105900026,139,25,114
105900027,3431,1722,1709
105900028,20,93,-73
105900029,1596,252,1344
105900030,122,195,-73
105900031,310,137,173
105900032,40,93,-53
105900033,68,94,-26
105900034,94,205,-111
105900035,78,132,-54
105900036,18,155,-137
105900037,51,62,-11
105900038,75,199,-124
105900039,53,149,-96
105900040,46,88,-42
105900041,157,306,-149
105900042,16,71,-55
105900043,1475,51,1424
105900044,3,98,-95
105900045,1,376,-375
105900046,3,166,-163
105900047,2,17,-15
105900048,38,339,-301
105900050,957,274,683
105900051,2,976,-974
105900052,215,27,188
105900053,2970,871,2099
105900054,181,204,-23
105900056,754,89,665
105900057,1,115,-114
105900058,3,24,-21
105900059,0,42,-42
106000001,3261,941,2320
106000002,2382,3296,-914
106000003,2457,1942,515
106000004,2125,1993,132
106000005,1762,4020,-2258
106000006,4717,3977,740
106000007,449,405,44
106000008,339,265,74
106000009,334,240,94
106000010,352,513,-161
106000011,532,705,-173
106000012,509,1464,-955
106000013,1135,1434,-299
106000014,1515,1714,-199
106000015,873,839,34
106000016,884,2230,-1346
106000017,534,655,-121
106000018,422,537,-115
106000019,239,346,-107
106000020,214,487,-273
106000021,241,391,-150
106000022,224,348,-124
106000023,380,338,42
106000024,355,754,-399
106000025,131,159,-28
106000026,147,299,-152
106000027,558,1112,-554
106000028,332,750,-418
106000029,632,1379,-747
106000030,753,227,526
106000034,113,564,-451
106000035,604,721,-117
106000036,262,313,-51
106000037,1334,1301,33
106000038,425,55,370
106000039,159,26,133
106000040,133,605,-472
106000041,573,177,396
106000043,426,87,339
106000046,240,25,215
106000047,27,288,-261
106000049,394,64,330
106000050,218,753,-535
106000051,353,284,69
106000052,42,533,-491
106000053,103,79,24
106000054,297,434,-137
106000055,393,615,-222
106000056,241,520,-279
106000057,124,159,-35
106000058,109,182,-73
106000059,100,223,-123
106000060,356,533,-177
106000061,114,327,-213
106000062,124,563,-439
106000063,373,323,50
106000064,29,335,-306
106000065,175,147,28
106000066,74,337,-263
106000067,140,68,72
106000068,35,515,-480
106000069,89,66,23
106000070,246,629,-383
106000071,485,242,243
106000072,3991,1211,2780
106000073,1638,1667,-29
106000074,224,511,-287
106000075,208,804,-596
106000076,1088,1339,-251
106000077,2524,1015,1509
106000078,506,728,-222
106000079,422,991,-569
106000080,781,761,20
106000081,324,914,-590
106000082,1867,858,1009
106000083,253,911,-658
106000084,865,567,298
106000085,1229,917,312
106000086,507,588,-81
106000087,651,503,148
106000088,320,626,-306
106000089,576,442,134
106000090,198,501,-303
106000091,186,557,-371
106000092,404,213,191
106000093,183,70,113
106000094,74,323,-249
106000095,260,1131,-871
106000096,521,641,-120
106000097,408,1253,-845
106000098,257,890,-633
106000099,126,816,-690
106000100,467,256,211
106000101,449,272,177
106000102,90,457,-367
106000103,178,568,-390
106000104,439,377,62
106000105,271,796,-525
106000106,289,357,-68
106000107,55,456,-401
106000108,141,326,-185
106000109,44,416,-372
106000110,116,251,-135
106000111,114,625,-511
106000112,58,314,-256
106000113,899,611,288
106000114,303,307,-4
106000115,149,522,-373
106000116,122,239,-117
106000117,642,750,-108
106000118,739,902,-163
106000119,2137,860,1277
106000120,594,652,-58
106000121,102,133,-31
106000122,46,341,-295
106000123,129,205,-76
106000124,22,397,-375
106000125,14,365,-351
106000126,97,214,-117
106000127,345,915,-570
106000128,340,330,10
106000129,243,689,-446
106000130,350,370,-20
106000131,86,539,-453
106000132,742,129,613
106000133,3419,735,2684
106000134,619,539,80
106000135,216,758,-542
106000136,409,334,75
106000137,41,1465,-1424
106000138,393,44,349
106000139,29,107,-78
106000140,16,100,-84
106000141,31,141,-110
106000142,43,73,-30
106000143,9,139,-130
106000144,26,67,-41
106000145,92,382,-290
106000146,156,181,-25
106000147,274,416,-142
106000148,591,680,-89
106000149,379,325,54
106000150,296,1410,-1114
106000151,3982,652,3330
106000152,1265,802,463
106000153,73,1162,-1089
106000154,1255,167,1088
106000155,32,164,-132
106000156,442,226,216
106000157,371,1356,-985
106000158,2820,597,2223
106000159,4013,960,3053
106000160,167,1269,-1102
106000161,1026,404,622
106000162,105,558,-453
106000163,147,503,-356
106000164,148,295,-147
106000165,110,586,-476
106000166,238,204,34
106000167,164,1449,-1285
106000168,118,217,-99
106000169,104,868,-764
106000170,223,218,5
106000171,60,780,-720
106000172,1932,603,1329
106000173,586,2261,-1675
106000174,782,229,553
106000175,248,836,-588
106000176,714,408,306
106000177,385,1927,-1542
106000178,2008,1093,915
106000179,884,1825,-941
106000180,648,1638,-990
106000181,312,1726,-1414
106000182,378,528,-150
106000183,406,877,-471
106000184,389,816,-427
106000185,265,792,-527
106000186,570,116,454
106000187,130,689,-559
106000188,0,3,-3
106000189,2,47,-45
106000190,5,3,2
106000191,334,108,226
106000192,1,21,-20
106000193,178,139,39
106000194,121,205,-84
106000195,102,41,61
106000196,43,241,-198
106000197,113,173,-60
106000198,48,201,-153
106000199,706,338,368
106000200,308,111,197
106000201,357,826,-469
106000202,5510,458,5052
106000203,156,134,22
106000204,14,2,12
106000205,9,126,-117
106000206,21,12,9
106000207,47,724,-677
106000208,404,81,323
106000209,812,169,643
106000210,199,1134,-935
106000211,304,1458,-1154
106000212,330,118,212
106000213,630,941,-311
106000214,2069,348,1721
106000215,128,427,-299
106000216,217,250,-33
106000217,229,433,-204
106000218,293,283,10
106000219,60,247,-187
106000220,264,202,62
106000221,73,271,-198
106000222,24,128,-104
106000223,43,84,-41
106000224,74,310,-236
106000225,38,56,-18
106000226,107,325,-218
106000228,8,89,-81
106000229,78,786,-708
106000231,322,90,232
106000232,55,483,-428
106000233,178,79,99
106000234,17,236,-219
106000235,112,64,48
106000236,59,30,29
106000237,0,2,-2
106000238,4,5,-1
106000239,3,57,-54
106000240,25,3,22
106000241,11,603,-592
106000242,113,12,101
106000249,44,60,-16
106000250,21,363,-342
106000251,21,15,6
106000252,4,111,-107
106000253,13,31,-18
106000254,27,42,-15
106000255,8,43,-35
106000256,72,86,-14
106000257,78,221,-143
106000258,61,18,43
106000259,0,22,-22
106000260,11,10,1
106000261,2,35,-33
106000262,11,22,-11
106000263,0,44,-44
106000264,148,5,143
106000265,4,87,-83
106000266,87,7,80
106000267,1,98,-97
106000268,380,10,370
106000269,37,41,-4
106000270,98,351,-253
106000271,38,211,-173
106000272,78,60,18
106000273,4,168,-164
106000274,148,33,115
106000275,76,109,-33
106000276,111,61,50
106000277,89,105,-16
106000278,125,30,95
106000279,22,49,-27
106000280,29,119,-90
106000281,75,80,-5
106000282,35,42,-7
106000283,57,107,-50
106000284,37,82,-45
106000285,80,120,-40
106000286,42,148,-106
106000287,54,77,-23
106000288,63,146,-83
106000289,35,64,-29
106000290,44,65,-21
106000291,37,83,-46
106000292,61,128,-67
106000293,61,100,-39
106000294,73,103,-30
106000295,23,30,-7
106000296,63,126,-63
106000297,38,166,-128
106000298,110,43,67
106000299,46,149,-103
106000300,48,70,-22
106000301,37,86,-49
106000303,7,33,-26
106000304,69,28,41
106000305,12,20,-8
106000306,28,65,-37
106000307,14,9,5
106000308,21,124,-103
106000309,20,58,-38
106000310,128,535,-407
106000311,145,75,70
106000312,63,151,-88
106000313,82,167,-85
106000318,139,145,-6
106000319,306,36,270
106000320,2,45,-43
106000321,191,43,148
106000322,71,171,-100
106000324,4,149,-145
106000325,800,756,44
106000326,587,1716,-1129
106000327,60,127,-67
106000328,0,114,-114
106000329,23,222,-199
106000330,20,41,-21
106000428,30,239,-209
106000429,70,529,-459
106000430,193,1406,-1213
106000431,622,248,374
106000432,1301,2232,-931
106000433,1121,632,489
106000434,2000,632,1368
106000435,1775,2204,-429
106000436,17,260,-243
106000437,72,22,50
106000438,130,85,45
106000439,11,477,-466
106000440,119,444,-325
106000441,1,0,1
106000442,102,9,93
106000443,40,486,-446
106000450,2,160,-158
106000451,15,11,4
106000454,4,58,-54
106000455,7,151,-144
106000456,124,19,105
106000457,3,984,-981
106000458,169,160,9
106000459,35,439,-404
106000460,318,28,290
106000461,32,1626,-1594
106000462,0,13,-13
106000463,2,31,-29
106000464,1,510,-509
106000465,124,0,124
106000466,0,688,-688
106000467,435,488,-53
106000468,50,168,-118
106000469,210,5,205
106000470,208,1117,-909
106000471,14,647,-633
106000472,49,5,44
106000473,17,14,3
106000474,183,613,-430
106000475,154,126,28
106000476,186,116,70
106000477,27,166,-139
106000480,0,71,-71
106900001,0,14,-14
106900002,1,519,-518
106900003,148,669,-521
106900004,0,57,-57
106900006,0,10,-10
106900007,0,13,-13
106900008,79,265,-186
106900009,93,381,-288
106900010,103,343,-240
106900012,1626,876,750
106900013,229,39,190
106900014,30,1,29
106900015,3,0,3
106900016,79,3,76
106900017,4,0,4
106900018,5,0,5
106900019,16,1,15
106900020,2226,481,1745
106900021,25,44,-19
106900022,182,2,180
106900023,17,240,-223
106900024,137,7,130
106900025,60,468,-408
106900026,3,760,-757
106900027,172,1,171
107000001,1465,1250,215
107000002,2278,3138,-860
107000003,2628,3544,-916
107000004,4147,5123,-976
107000005,1381,2800,-1419
107000006,2646,5746,-3100
107000007,3591,4392,-801
107000008,16956,9936,7020
107000009,3434,3488,-54
107000010,9187,10679,-1492
107000011,1028,1045,-17
107000012,3799,3168,631
107000013,46,151,-105
107000014,12,238,-226
107000015,356,880,-524
107000016,272,1215,-943
107000017,1473,697,776
107000018,13,208,-195
107000020,833,269,564
107000021,700,816,-116
107000022,495,1103,-608
107000023,1070,293,777
107000024,292,1964,-1672
107000025,80,301,-221
107000026,122,630,-508
107000027,903,741,162
107000028,978,1505,-527
107000029,1197,1171,26
107000030,2681,2849,-168
107000031,1848,1337,511
107000032,179,809,-630
107000033,2980,3098,-118
107000034,4036,1683,2353
107000035,244,159,85
107000036,254,805,-551
107000037,59,458,-399
107000038,172,245,-73
107000039,365,413,-48
107000040,83,314,-231
107000041,908,442,466
107000042,578,1358,-780
107000043,2207,704,1503
107000044,624,381,243
107000045,105,304,-199
107000046,324,276,48
107000047,283,847,-564
107000048,283,274,9
107000049,470,826,-356
107000050,561,458,103
107000051,368,277,91
107000052,973,579,394
107000053,226,111,115
107000054,45,249,-204
107000055,248,122,126
107000056,485,781,-296
107000057,1695,183,1512
107000058,1283,1406,-123
107000059,1796,2694,-898
107000060,2282,3646,-1364
107000061,4415,3232,1183
107000062,1891,2254,-363
107000063,3165,5435,-2270
107000064,2179,1394,785
107000065,2697,4961,-2264
107000066,1063,1519,-456
107000067,554,803,-249
107000068,1186,511,675
107000069,393,281,112
107000070,245,37,208
107000071,1043,8,1035
107000072,41,3513,-3472
107000073,246,134,112
107000074,129,862,-733
107000075,704,179,525
107000076,549,1623,-1074
107000077,1422,462,960
107000078,1576,3032,-1456
107000079,1171,421,750
107000080,923,2875,-1952
107000081,631,406,225
107000082,444,2552,-2108
107000083,635,255,380
107000084,358,2347,-1989
107000085,2265,2474,-209
107000086,3822,2323,1499
107000087,1964,1564,400
107000088,2138,2684,-546
107000089,882,1296,-414
107000090,653,967,-314
107000091,611,791,-180
107000092,523,1007,-484
107000093,684,628,56
107000094,708,1279,-571
107000095,339,532,-193
107000096,408,833,-425
107000097,286,308,-22
107000098,288,860,-572
107000099,199,178,21
107000100,219,297,-78
107000101,42,138,-96
107000102,302,244,58
107000103,284,136,148
107000104,222,336,-114
107000105,169,95,74
107000106,137,375,-238
107000107,203,162,41
107000108,91,964,-873
107000109,309,125,184
107000110,55,457,-402
107000111,96,21,75
107000112,30,378,-348
107000113,250,79,171
107000114,50,635,-585
107000115,242,63,179
107000116,62,945,-883
107000117,121,190,-69
107000118,152,245,-93
107000119,1516,843,673
107000120,2178,351,1827
107000121,332,648,-316
107000122,923,790,133
107000123,195,828,-633
107000124,363,847,-484
107000125,349,802,-453
107000126,495,1100,-605
107000129,99,969,-870
107000130,243,150,93
107000131,213,600,-387
107000132,274,242,32
107000133,723,109,614
107000134,184,2,182
107000135,2,163,-161
107000136,587,1,586
107000137,10,343,-333
107000138,280,15,265
107000139,11,274,-263
107000140,584,31,553
107000141,68,656,-588
107000142,242,34,208
107000143,44,825,-781
107000144,175,277,-102
107000145,104,569,-465
107000146,105,206,-101
107000147,4001,937,3064
107000150,762,1036,-274
107000151,25,37,-12
107000152,412,366,46
107000153,266,286,-20
107000154,140,62,78
107000155,226,7,219
107000156,555,12,543
107000157,17,2418,-2401
107000158,311,15,296
107000159,30,1410,-1380
107000160,337,57,280
107000161,34,1891,-1857
107000162,86,139,-53
107000163,21,1,20
107000164,89,0,89
107000165,210,0,210
107000166,64,1407,-1343
107000167,244,269,-25
107000168,442,175,267
107000169,837,1006,-169
107000170,596,364,232
107000171,379,2779,-2400
107000172,435,433,2
107000173,676,1014,-338
107000174,664,1465,-801
107000175,9490,1450,8040
107000176,0,2,-2
107000177,3,0,3
107000178,1,40,-39
107000179,141,3071,-2930
107000180,528,290,238
107000181,189,1441,-1252
107000182,718,866,-148
107000183,100,1089,-989
107000184,463,720,-257
107000185,177,1218,-1041
107000186,360,285,75
107000187,791,966,-175
107000188,411,317,94
107000189,232,678,-446
107000190,330,611,-281
107000191,454,1015,-561
107000192,964,770,194
107000193,264,298,-34
107000194,888,602,286
107000197,380,202,178
107000198,187,780,-593
107000199,489,656,-167
107000200,828,466,362
107000201,272,222,50
107000202,170,338,-168
107000203,547,445,102
107000204,470,565,-95
107000205,2360,1018,1342
107000206,644,674,-30
107000207,595,830,-235
107000208,1139,266,873
107000209,1778,478,1300
107000210,1160,240,920
107000211,7,9,-2
107000212,11,219,-208
107000213,17,30,-13
107000214,15,109,-94
107000215,169,414,-245
107000216,115,395,-280
107000217,78,137,-59
107000219,41,132,-91
107000220,57,300,-243
107000222,218,599,-381
107000224,203,22,181
107000225,131,625,-494
107000226,117,41,76
107000227,73,435,-362
107000228,69,143,-74
107000229,245,73,172
107000230,790,475,315
107000231,758,293,465
107000232,54,68,-14
107000233,543,264,279
107000234,0,15,-15
107000235,59,4,55
107000236,7,280,-273
107000237,2,0,2
107000238,9,1,8
107000239,4524,294,4230
107000240,29,1019,-990
107000243,0,42,-42
107000244,5,57,-52
107000246,2,1022,-1020
107000249,4,986,-982
107000251,2,266,-264
107000252,3,1259,-1256
107000255,575,55,520
107000257,1,612,-611
107000258,0,147,-147
107000259,0,234,-234
107000260,186,1,185
107000262,8,829,-821
107000263,155,0,155
107000266,4,4,0
107000267,60,149,-89
107000268,131,201,-70
107000269,89,21,68
107000270,0,13,-13
107000271,15,1002,-987
107000272,8,222,-214
107000273,3,283,-280
107000274,326,188,138
107000275,30,503,-473
107000280,228,9,219
107000281,14,1049,-1035
107000282,15,1389,-1374
107000290,0,44,-44
107000291,12,7,5
107000292,1,47,-46
107000293,39,0,39
107000294,1,40,-39
107000295,14,4,10
107000296,0,8,-8
107000444,105,2,103
107000496,1,8,-7
107000497,982,3001,-2019
107000500,233,282,-49
107000501,58,179,-121
107000502,129,405,-276
107000505,498,827,-329
107000506,0,27,-27
107000508,2,802,-800
107000509,145,600,-455
107000510,10,19,-9
107000514,14,217,-203
107000515,5,333,-328
107000516,98,115,-17
107000518,465,356,109
107000519,3306,940,2366
107000520,29,7,22
107000521,272,377,-105
107000522,302,645,-343
107900001,13,324,-311
107900002,8,0,8
107900003,74,0,74
107900004,4,1,3
107900005,226,4,222
107900006,22,0,22
107900007,140,21,119
107900008,40,20,20
107900009,61,2,59
107900010,6,0,6
107900012,228,9,219
107900013,247,49,198
107900014,4,1,3
107900015,213,2,211
107900016,425,66,359
107900017,6,2,4
107900018,14,30,-16
107900019,6,60,-54
107900020,61,14,47
107900021,17,140,-123
107900023,0,1,-1
107900024,1,19,-18
107900025,179,279,-100
107900026,22,89,-67
107900027,8,38,-30
107900028,5,72,-67
107900030,124,6,118
107900031,53,236,-183
107900032,0,0,0
107900033,6,2,4
107900034,125,3,122
107900035,267,8,259
107900036,3,2,1
107900037,0,36,-36
107900038,101,59,42
107900039,6,54,-48
107900040,33,30,3
107900041,0,0,0
107900043,19,136,-117
107900044,4,0,4
107900045,28,12,16
107900046,43,25,18
107900047,10,89,-79
107900048,40,7,33
107900049,243,140,103
107900050,66,297,-231
107900051,45,58,-13
107900052,2,6,-4
107900053,17,49,-32
107900055,273,102,171
107900056,45,6,39
107900057,1,0,1
107900058,11,631,-620
107900060,4,30,-26
107900061,16,3,13
107900063,68,156,-88
107900064,175,24,151
107900065,32,4,28
107900066,0,5,-5
107900067,0,0,0
107900068,77,267,-190
107900069,24,420,-396
107900070,39,16,23
107900071,5,852,-847
107900072,20,178,-158
107900073,34,104,-70
107900074,925,81,844
107900076,44,79,-35
107900077,16,0,16
107900079,7,7,0
107900080,114,137,-23
107900081,15,79,-64
107900082,12,7,5
107900083,93,82,11
107900084,38,81,-43
107900086,32,70,-38
107900087,247,28,219
107900088,2,2,0
107900089,216,751,-535
107900090,267,537,-270
107900091,130,385,-255
107900093,42,55,-13
107900095,2933,920,2013
107900097,14,43,-29
107900098,35,110,-75
107900100,780,355,425
107900101,893,70,823
107900102,26,4,22
107900103,23,163,-140
107900104,109,0,109
107900105,2,623,-621
107900106,3,1472,-1469
107900107,805,130,675
107900108,209,61,148
107900109,328,3,325
107900110,5,75,-70
107900111,4,1085,-1081
107900112,93,218,-125
107900113,56,103,-47
107900114,55,209,-154
107900115,0,38,-38
107900116,26,226,-200
107900117,155,312,-157
107900118,54,112,-58
107900119,20,30,-10
107900120,43,6,37
107900121,0,82,-82
107900122,1,42,-41
107900123,0,16,-16
107900124,9,42,-33
107900125,33,139,-106
107900126,1,18,-17
107900127,295,80,215
107900128,100,44,56
107900129,13,26,-13
107900130,14,16,-2
107900131,206,12,194
107900132,69,334,-265
107900133,1,72,-71
107900134,14,13,1
107900135,1,158,-157
107900136,34,17,17
107900137,48,52,-4
107900138,25,26,-1
107900139,5,31,-26
107900141,70,9,61
107900142,33,792,-759
107900143,24,20,4
107900144,0,147,-147
107900145,2,94,-92
107900146,17,62,-45
107900147,29,14,15
107900148,84,129,-45
107900149,1357,106,1251
107900150,44,583,-539
107900151,7,99,-92
107900152,5,215,-210
107900153,102,151,-49
107900154,17,10,7
107900155,10,15,-5
107900156,1,412,-411
107900157,11,91,-80
107900158,163,4,159
107900159,32,898,-866
107900160,27,181,-154
107900161,10,189,-179
107900162,0,34,-34
107900163,22,28,-6
107900164,1,12,-11
107900165,7,53,-46
107900166,10,268,-258
107900167,11,1,10
107900168,6,32,-26
107900169,1,186,-185
107900171,6,1479,-1473
107900172,1,263,-262
107900173,6,205,-199
107900174,30,3,27
107900175,1,8,-7
107900176,4,22,-18
107900177,0,34,-34
107900178,1,233,-232
107900179,1,74,-73
107900180,758,172,586
107900181,243,420,-177
107900182,2,1204,-1202
107900183,7,360,-353
107900184,45,228,-183
107900185,18,2,16
107900186,8,19,-11
107900187,0,88,-88
107900188,704,57,647
107900189,1,105,-104
107900190,91,11,80
107900191,28,136,-108
107900193,16,24,-8
107900194,134,1,133
107900195,3796,336,3460
107900196,20,43,-23
107900197,362,49,313
107900199,3,1159,-1156
107900201,46,130,-84
107900203,41,71,-30
107900204,215,178,37
107900206,186,165,21
107900207,1,664,-663
107900208,4,888,-884
107900209,218,78,140
107900210,68,81,-13
107900213,201,282,-81
107900214,1,158,-157
107900215,127,242,-115
107900216,72,51,21
107900217,12,37,-25
107900218,3,1381,-1378
107900219,8,118,-110
107900220,171,118,53
107900221,163,198,-35
107900223,28,475,-447
107900224,121,204,-83
107900225,2,700,-698
107900226,38,117,-79
107900227,79,429,-350
107900228,8,102,-94
107900229,5,257,-252
107900230,1,104,-103
107900231,7,175,-168
107900232,18,248,-230
107900233,9,97,-88
107900234,19,191,-172
107900235,25,74,-49
107900236,37,85,-48
107900237,79,424,-345
107900238,8,127,-119
107900239,1104,342,762
107900240,14,148,-134
107900241,5,70,-65
107900242,25,370,-345
107900243,8,30,-22
107900244,105,4,101
107900245,106,23,83
107900246,32,4,28
107900248,64,448,-384
107900249,209,3,206
107900250,1,458,-457
107900251,30,1060,-1030
107900252,253,7,246
107900253,29,1,28
107900254,49,62,-13
107900255,362,51,311
107900256,161,336,-175
107900257,44,21,23
107900258,41,182,-141
107900259,59,444,-385
107900261,1,511,-510
107900262,17,101,-84
107900264,58,4,54
107900265,17,145,-128
107900267,53,13,40
107900268,38,5,33
107900269,0,3,-3
107900270,0,0,0
107900271,0,5,-5
107900272,100,4,96
107900273,21,48,-27
107900274,13,0,13
107900275,5,1,4
107900276,0,56,-56
107900277,1,186,-185
107900278,80,320,-240
107900279,133,58,75
107900280,1497,696,801
107900281,2417,632,1785
107900282,24,107,-83
107900283,1076,282,794
107900284,134,870,-736
107900285,26,103,-77
107900286,59,36,23
107900287,86,70,16
107900290,0,28,-28
107900291,218,2,216
107900292,117,234,-117
107900293,35,498,-463
107900295,31,118,-87
107900297,1,263,-262
107900298,558,829,-271
107900299,3689,1180,2509
107900301,337,221,116
107900302,69,7,62
107900303,17,236,-219
107900304,69,524,-455
107900305,108,8,100
107900306,9,7,2
107900307,36,309,-273
107900308,150,17,133
107900309,8,0,8
107900310,2,0,2
107900311,114,66,48
107900312,0,0,0
107900313,0,57,-57
107900314,0,36,-36
107900315,1,45,-44
107900316,1,0,1
107900317,45,1,44
107900318,1,99,-98
107900319,3,183,-180
107900320,1,146,-145
107900321,28,3,25
107900322,1,158,-157
107900323,4,105,-101
107900324,92,1,91
107900325,39,1,38
107900326,93,341,-248
107900327,0,0,0
107900328,0,0,0
107900329,0,0,0
107900330,1,375,-374
107900331,66,46,20
107900332,58,17,41
107900333,26,1,25
107900334,11,236,-225
107900335,45,43,2
107900336,9,19,-10
107900337,1225,298,927
107900338,2,141,-139
107900339,1,9,-8
107900340,0,38,-38
107900341,10,0,10
107900342,58,94,-36
107900343,24,2,22
107900344,4,115,-111
107900345,33,14,19
107900346,6,0,6
107900347,14,1,13
107900348,0,0,0
107900349,19,2,17
107900350,42,276,-234
107900351,5,216,-211
107900352,5,71,-66
107900353,1,2,-1
107900354,5,46,-41
108000001,1726,2253,-527
108000002,2066,2936,-870
108000003,2104,1219,885
108000004,14660,14155,505
108000005,3492,2149,1343
108000006,4390,5381,-991
108000007,2966,2552,414
108000008,3926,5260,-1334
108000009,1709,2395,-686
108000010,2104,4670,-2566
108000011,7543,6033,1510
108000012,15652,14167,1485
108000014,618,398,220
108000015,395,237,158
108000016,182,654,-472
108000017,372,311,61
108000018,738,361,377
108000019,1158,488,670
108000020,749,306,443
108000021,376,1418,-1042
108000022,447,1232,-785
108000023,698,117,581
108000024,169,694,-525
108000025,89,180,-91
108000026,260,567,-307
108000027,216,677,-461
108000028,212,283,-71
108000029,197,876,-679
108000030,174,220,-46
108000031,168,477,-309
108000032,624,282,342
108000033,349,1190,-841
108000034,862,287,575
108000035,572,2290,-1718
108000036,264,1288,-1024
108000037,931,245,686
108000038,1177,277,900
108000039,340,2390,-2050
108000040,797,462,335
108000041,565,2550,-1985
108000042,60,242,-182
108000043,93,216,-123
108000044,135,159,-24
108000045,97,666,-569
108000046,599,235,364
108000047,185,1032,-847
108000048,62,403,-341
108000049,319,157,162
108000050,139,661,-522
108000051,134,38,96
108000052,226,694,-468
108000053,175,67,108
108000054,341,900,-559
108000055,515,206,309
108000056,1012,949,63
108000057,384,478,-94
108000058,1587,1848,-261
108000059,3323,1609,1714
108000060,98,357,-259
108000061,262,561,-299
108000062,308,285,23
108000063,289,504,-215
108000064,90,192,-102
108000065,247,538,-291
108000066,1161,560,601
108000067,781,266,515
108000068,388,327,61
108000069,136,1158,-1022
108000070,672,458,214
108000071,399,1911,-1512
108000072,749,633,116
108000073,1019,1846,-827
108000074,147,254,-107
108000075,240,764,-524
108000076,296,350,-54
108000077,553,689,-136
108000078,1183,852,331
108000079,947,1642,-695
108000080,408,357,51
108000081,399,2464,-2065
108000082,840,1515,-675
108000083,964,494,470
108000084,346,1110,-764
108000085,276,225,51
108000086,961,736,225
108000087,134,889,-755
108000088,296,89,207
108000089,148,139,9
108000091,79,537,-458
108000092,60,64,-4
108000093,65,765,-700
108000094,326,72,254
108000095,78,416,-338
108000096,149,128,21
108000097,85,488,-403
108000098,559,1083,-524
108000099,556,291,265
108000100,35,276,-241
108000101,557,622,-65
108000102,922,1456,-534
108000106,560,0,560
108000107,1,640,-639
108000108,408,12,396
108000109,4,697,-693
108000110,87,196,-109
108000111,92,603,-511
108000112,42,73,-31
108000113,479,282,197
108000115,398,212,186
108000117,638,200,438
108000118,362,598,-236
108000119,760,411,349
108000120,63,406,-343
108000121,159,483,-324
108000122,192,260,-68
108000123,278,263,15
108000124,130,556,-426
108000125,105,379,-274
108000126,58,645,-587
108000127,172,388,-216
108000128,219,884,-665
108000129,110,1630,-1520
108000130,111,337,-226
108000131,552,175,377
108000132,1536,1180,356
108000133,388,327,61
108000134,628,707,-79
108000135,385,242,143
108000136,673,1070,-397
108000137,131,373,-242
108000138,160,959,-799
108000139,106,341,-235
108000140,15,17,-2
108000141,16,166,-150
108000142,25,157,-132
108000143,32,624,-592
108000144,130,94,36
108000145,14,29,-15
108000146,177,32,145
108000147,12,49,-37
108000148,110,39,71
108000149,21,20,1
108000150,5,3,2
108000151,248,45,203
108000152,57,601,-544
108000153,113,50,63
108000154,37,12,25
108000155,21,5,16
108000156,784,367,417
108000157,96,347,-251
108000158,74,315,-241
108000159,626,117,509
108000160,4540,573,3967
108000161,3701,991,2710
108000165,1,68,-67
108000172,0,147,-147
108000173,2701,896,1805
108000175,149,84,65
108000178,292,295,-3
108000179,170,458,-288
108000181,64,28,36
108000182,374,53,321
108000183,58,362,-304
108000184,1138,975,163
108000185,71,549,-478
108000186,101,564,-463
108000187,48,708,-660
108000188,137,213,-76
108000189,1630,2207,-577
108000190,25,92,-67
108000192,54,660,-606
108000193,524,17,507
108000194,25,13,12
108000195,3,1070,-1067
108000196,37,116,-79
108000198,346,384,-38
108000199,1,126,-125
108000200,132,613,-481
108000203,44,876,-832
108000204,59,21,38
108000205,320,441,-121
108000339,1314,194,1120
108000364,350,353,-3
108000365,32,376,-344
108000367,92,316,-224
108000368,6,42,-36
108000369,1323,96,1227
108000371,9,701,-692
108000372,356,3,353
108000373,103,155,-52
108000376,44,19,25
108000377,184,301,-117
108000378,7160,5668,1492
108000379,24,150,-126
108000381,20,8,12
108000382,82,0,82
108000383,0,139,-139
108900001,74,1111,-1037
108900002,145,22,123
108900003,319,926,-607
108900004,1970,228,1742
108900007,38,136,-98
108900008,35,130,-95
108900009,18,87,-69
108900010,67,111,-44
108900011,190,333,-143
108900012,94,455,-361
108900013,62,200,-138
108900014,2,57,-55
108900015,0,19,-19
108900016,0,177,-177
108900017,76,115,-39
108900018,31,511,-480
108900019,12,1110,-1098
108900020,33,289,-256
108900021,58,217,-159
108900022,23,5,18
108900023,1,42,-41
108900024,3,142,-139
108900025,22,105,-83
108900026,14,68,-54
108900027,2,95,-93
108900028,20,417,-397
108900029,26,189,-163
108900030,0,110,-110
108900031,24,590,-566
108900032,2,232,-230
108900033,0,60,-60
108900034,0,183,-183
108900035,129,1933,-1804
108900038,0,366,-366
108900039,2,564,-562
108900040,1,92,-91
108900041,4890,1469,3421
108900042,6,191,-185
108900043,38,397,-359
108900044,2,658,-656
108900045,13,685,-672
108900046,36,950,-914
108900047,1,79,-78
108900048,52,1075,-1023
108900049,4806,480,4326
108900050,1,311,-310
108900051,0,250,-250
108900052,11,286,-275
108900053,69,85,-16
108900054,18,238,-220
108900055,45,450,-405
108900056,0,219,-219
108900057,2,190,-188
108900058,14,491,-477
108900059,120,7,113
108900060,22,89,-67
108900061,20,27,-7
108900062,4,347,-343
108900063,0,383,-383
108900064,35,47,-12
108900065,1,293,-292
108900066,91,69,22
108900067,14,191,-177
108900068,0,261,-261
108900069,21,107,-86
108900070,24,151,-127
108900071,45,52,-7
108900072,2107,198,1909
108900073,9,463,-454
108900074,43,411,-368
108900075,32,74,-42
108900076,68,58,10
108900077,129,565,-436
108900078,10,185,-175
108900079,661,212,449
108900080,10,283,-273
108900081,40,228,-188
108900082,8,100,-92
108900083,11,104,-93
108900085,1851,135,1716
108900086,19,424,-405
108900087,99,184,-85
108900088,301,169,132
108900089,9,57,-48
108900090,11,461,-450
108900091,137,69,68
108900092,185,170,15
108900093,46,42,4
108900094,89,62,27
108900095,44,558,-514
108900096,472,22,450
108900097,153,188,-35
108900098,2814,204,2610
108900099,160,286,-126
108900100,32,115,-83
108900101,102,58,44
108900102,84,336,-252
108900103,33,52,-19
108900105,3,340,-337
108900106,128,590,-462
108900108,131,37,94
108900109,135,36,99
108900110,56,490,-434
108900111,139,641,-502
108900113,22,19,3
108900114,24,21,3
108900115,30,54,-24
108900116,18,7,11
108900117,35,19,16
108900118,213,0,213
108900119,95,73,22
108900120,118,64,54
108900121,131,25,106
108900122,36,22,14
108900123,31,25,6
108900124,207,64,143
108900125,85,1,84
108900126,43,4,39
108900127,32,12,20
108900128,34,13,21
108900129,245,51,194
108900130,95,0,95
108900131,131,1,130
108900132,188,48,140
108900133,65,32,33
108900134,91,217,-126
108900135,49,3,46
108900136,3,0,3
108900137,38,0,38
108900138,212,14,198
108900140,63,215,-152
108900141,74,7,67
108900142,32,0,32
108900143,9,0,9
108900144,25,0,25
108900145,85,7,78
108900146,15,0,15
108900147,55,0,55
108900148,75,17,58
108900150,140,0,140
108900151,24,5,19
108900152,43,16,27
108900153,31,484,-453
108900154,2412,511,1901
108900156,22,5,17
108900157,4,544,-540
108900158,111,74,37
108900159,8,313,-305
108900160,2,231,-229
108900161,1,494,-493
108900162,24,1,23
108900163,16,120,-104
108900164,13,56,-43
108900168,9619,1349,8270
108900169,29,109,-80
108900171,5581,978,4603
108900172,149,52,97
108900173,160,290,-130
108900174,250,423,-173
108900176,131,562,-431
108900177,7373,1392,5981
108900178,4807,1202,3605
108900180,39,112,-73
108900183,105,179,-74
108900184,156,127,29
108900185,27,239,-212
108900186,20,277,-257
108900189,130,103,27
108900190,25,2808,-2783
108900192,33,227,-194
108900195,27,301,-274
108900196,11,536,-525
108900199,77,265,-188
108900200,234,315,-81
108900201,169,931,-762
108900203,172,9,163
108900204,121,5,116
108900205,87,12,75
108900206,122,7,115
108900207,80,31,49
108900208,39,290,-251
108900209,184,485,-301
108900210,107,137,-30
108900211,98,236,-138
108900212,633,524,109
108900215,64,551,-487
108900216,456,63,393
108900217,31,0,31
108900218,59,6,53
108900221,32,29,3
108900224,14,90,-76
108900225,0,138,-138
108900227,36,89,-53
108900230,342,288,54
108900232,2,371,-369
108900233,128,20,108
108900234,166,45,121
108900235,105,566,-461
108900236,21,327,-306
108900240,38,52,-14
108900241,6,15,-9
108900245,0,375,-375
108900250,90,77,13
108900258,15,227,-212
108900259,21,58,-37
108900260,6,119,-113
108900261,144,112,32
108900262,282,117,165
108900263,61,273,-212
108900264,275,185,90
108900265,1246,142,1104
108900266,986,192,794
108900267,1,66,-65
108900268,6,5,1
108900269,17,4,13
108900270,28,4,24
108900271,8,2,6
108900272,46,2,44
108900273,894,297,597
108900274,21,45,-24
109000001,2417,877,1540
109000002,2719,1297,1422
109000003,1596,458,1138
109000004,441,2451,-2010
109000005,1276,617,659
109000006,516,2066,-1550
109000007,669,603,66
109000008,349,1872,-1523
109000009,2278,884,1394
109000010,1308,3513,-2205
109000011,1504,1240,264
109000012,1322,3863,-2541
109000013,1687,1250,437
109000014,1008,3276,-2268
109000015,2269,2749,-480
109000016,8845,3653,5192
109000017,1221,794,427
109000018,547,3057,-2510
109000019,1607,898,709
109000020,1073,2233,-1160
109000023,138,18,120
109000024,3,114,-111
109000025,293,257,36
109000026,553,214,339
109000027,46,220,-174
109000028,67,74,-7
109000029,104,95,9
109000030,65,607,-542
109000031,91,60,31
109000032,46,498,-452
109000033,167,76,91
109000034,41,31,10
109000035,21,58,-37
109000036,68,344,-276
109000037,152,450,-298
109000038,349,256,93
109000039,449,217,232
109000040,4562,2488,2074
109000041,4440,860,3580
109000042,790,867,-77
109000044,147,51,96
109000045,79,365,-286
109000046,125,66,59
109000047,93,363,-270
109000048,584,73,511
109000049,213,481,-268
109000050,226,103,123
109000051,211,258,-47
109000052,237,1432,-1195
109000053,59,41,18
109000054,65,470,-405
109000055,73,109,-36
109000056,110,419,-309
109000057,158,154,4
109000058,652,149,503
109000059,470,763,-293
109000060,283,189,94
109000061,1287,354,933
109000062,84,183,-99
109000063,142,164,-22
109000064,52,138,-86
109000065,39,318,-279
109000066,143,103,40
109000067,22,298,-276
109000068,244,1,243
109000069,428,8,420
109000070,4,683,-679
109000071,182,73,109
109000072,45,260,-215
109000073,25,56,-31
109000074,17,180,-163
109000075,48,415,-367
109000076,63,107,-44
109000077,242,291,-49
109000078,34,117,-83
109000079,94,253,-159
109000080,77,97,-20
109000081,47,578,-531
109000082,168,270,-102
109000083,135,793,-658
109000088,77,414,-337
109000089,122,7,115
109000090,140,409,-269
109000091,156,43,113
109000092,329,526,-197
109000093,121,116,5
109000094,97,1,96
109000095,65,706,-641
109000096,278,114,164
109000097,71,107,-36
109000098,31,36,-5
109000099,546,244,302
109000100,108,447,-339
109000101,510,609,-99
109000102,211,728,-517
109000103,175,530,-355
109000104,753,537,216
109000105,234,1269,-1035
109000106,931,475,456
109000107,302,1703,-1401
109000108,737,375,362
109000109,331,1661,-1330
109000110,746,328,418
109000111,703,1953,-1250
109000112,190,117,73
109000113,96,164,-68
109000114,85,324,-239
109000115,680,103,577
109000116,2,168,-166
109000117,62,106,-44
109000118,9,277,-268
109000119,283,302,-19
109000120,68,1068,-1000
109000121,120,54,66
109000122,82,969,-887
109000123,23,86,-63
109000124,265,307,-42
109000125,246,256,-10
109000126,171,818,-647
109000127,289,169,120
109000128,260,2190,-1930
109000129,711,236,475
109000130,452,2505,-2053
109000131,393,189,204
109000132,362,1488,-1126
109000133,197,838,-641
109000134,541,1358,-817
109000135,671,1099,-428
109000136,137,367,-230
109000137,108,236,-128
109000138,242,372,-130
109000139,198,326,-128
109000140,54,450,-396
109000141,141,356,-215
109000142,82,426,-344
109000143,35,58,-23
109000145,38,183,-145
109000146,63,79,-16
109000148,3325,443,2882
109000149,19,26,-7
109000150,85,123,-38
109000155,210,419,-209
109000156,879,771,108
109000158,12,213,-201
109000159,43,561,-518
109000160,399,205,194
109000161,157,1305,-1148
109000162,969,814,155
109000163,446,1569,-1123
109000164,719,2389,-1670
109000165,627,554,73
109000166,291,85,206
109000167,78,879,-801
109000170,38,36,2
109000171,28,39,-11
109000172,22,28,-6
109000173,20,45,-25
109000174,35,57,-22
109000175,16,123,-107
109000176,134,249,-115
109000177,10,100,-90
109000178,263,403,-140
109000179,6042,1849,4193
109000180,4013,2108,1905
109000181,7,24,-17
109000182,18,49,-31
109000183,7,35,-28
109000184,22,8,14
109000185,8,37,-29
109000188,285,2440,-2155
109000189,1145,731,414
109000190,274,452,-178
109000191,166,546,-380
109000192,99,163,-64
109000193,89,368,-279
109000194,48,100,-52
109000195,73,384,-311
109000196,93,70,23
109000197,89,474,-385
109000198,128,41,87
109000199,58,539,-481
109000206,92,22,70
109000207,52,27,25
109000208,63,42,21
109000209,120,86,34
109000210,161,406,-245
109000211,158,256,-98
109000214,162,562,-400
109000215,42,64,-22
109000216,158,103,55
109000217,80,28,52
109000218,147,87,60
109000221,182,1006,-824
109000222,468,79,389
109000223,162,139,23
109000224,30,330,-300
109000225,45,41,4
109000226,45,227,-182
109000227,475,1154,-679
109000228,1,200,-199
109000231,2,385,-383
109000232,100,452,-352
109000236,142,760,-618
109000241,1000,1544,-544
109000242,851,1110,-259
109000293,8,37,-29
109000361,74,190,-116
109000364,104,593,-489
109000396,5,780,-775
109000397,188,6,182
109000399,121,521,-400
109000400,35,332,-297
109000403,34,166,-132
109000406,221,12,209
109000407,100,174,-74
109000408,1,682,-681
109000410,412,127,285
109000411,66,42,24
109900001,40,0,40
109900002,239,3,236
109900003,53,0,53
109900004,414,156,258
109900005,13,4,9
109900006,136,253,-117
109900007,202,778,-576
109900008,0,27,-27
109900009,66,720,-654
109900010,171,10,161
109900011,30,25,5
109900012,75,110,-35
109900013,162,68,94
109900014,116,58,58
109900015,197,56,141
109900016,38,29,9
109900017,45,56,-11
109900018,60,84,-24
109900019,54,56,-2
109900020,11,23,-12
109900021,10,9,1
109900022,84,377,-293
109900023,5,1,4
109900024,5,0,5
109900025,8,63,-55
109900026,2,121,-119
109900027,17,13,4
109900028,2171,297,1874
109900029,3,487,-484
109900030,5,0,5
109900031,7,31,-24
109900032,4,260,-256
109900033,5,430,-425
109900034,3,0,3
109900035,8,18,-10
109900036,5,93,-88
109900037,5,504,-499
109900038,22,244,-222
109900039,9,2,7
109900040,11,616,-605
109900041,26,394,-368
109900042,5,426,-421
109900044,39,264,-225
109900045,54,18,36
109900046,30,56,-26
109900047,231,292,-61
109900048,0,64,-64
109900049,1,11,-10
109900050,0,304,-304
109900051,0,60,-60
109900052,19,151,-132
109900053,1,467,-466
109900054,219,98,121
109900055,21,206,-185
109900056,14,105,-91
109900057,7,200,-193
109900058,0,104,-104
109900059,176,72,104
109900060,199,148,51
109900061,56,257,-201
109900062,1,270,-269
109900063,6,271,-265
109900064,166,230,-64
109900065,62,99,-37
109900066,141,831,-690
109900067,2,495,-493
109900068,10,2,8
109900069,2,18,-16
109900070,41,330,-289
109900071,4,14,-10
109900072,2,107,-105
109900073,60,647,-587
109900074,4,34,-30
109900075,9,5,4
109900076,9,495,-486
109900077,21,39,-18
109900078,49,213,-164
109900080,55,261,-206
109900081,3,81,-78
109900082,21,360,-339
109900083,5,35,-30
109900084,33,128,-95
109900085,126,1114,-988
109900086,58,104,-46
109900087,157,203,-46
109900089,188,56,132
109900090,306,1044,-738
109900091,82,52,30
109900092,191,5,186
109900093,261,75,186
109900094,10,67,-57
109900095,92,192,-100
109900096,6,0,6
109900097,61,0,61
109900098,102,4,98
109900099,48,0,48
109900100,23,0,23
109900101,111,0,111
109900102,169,7,162
109900103,6,35,-29
109900104,130,1034,-904
109900105,213,14,199
109900106,65,55,10
109900107,118,55,63
109900108,40,423,-383
109900109,32,155,-123
109900110,22,335,-313
109900111,174,1069,-895
109900112,315,797,-482
109900113,272,170,102
109900114,360,231,129
109900115,78,48,30
109900117,233,101,132
109900118,180,306,-126
109900119,477,166,311
109900120,24,3,21
109900121,245,100,145
109900122,194,2,192
109900123,4,145,-141
109900124,27,690,-663
109900125,1,217,-216
109900126,65,144,-79
109900128,71,24,47
109900130,9910,730,9180
109900131,36,118,-82
109900132,23,169,-146
109900133,41,345,-304
109900134,47,29,18
109900135,393,39,354
109900136,15,83,-68
109900137,36,367,-331
109900140,70,292,-222
109900142,328,165,163
109900145,6,82,-76
109900146,251,26,225
109900148,27,53,-26
109900149,32,34,-2
109900150,0,72,-72
109900151,1,57,-56
109900152,0,31,-31
109900153,0,37,-37
109900154,9,0,9
109900155,17,9,8
109900157,19,175,-156
109900158,32,89,-57
109900159,59,25,34
109900160,72,19,53
109900161,127,35,92
109900162,52,62,-10
109900163,447,184,263
109900164,37,221,-184
109900165,64,4,60
109900166,0,150,-150
109900167,92,525,-433
109900168,56,489,-433
109900169,38,108,-70
109900170,214,319,-105
109900171,56,57,-1
109900172,62,152,-90
109900173,3708,667,3041
109900174,14,139,-125
109900175,12,45,-33
109900176,25,127,-102
109900177,19,192,-173
109900178,2,112,-110
109900179,6,31,-25
109900180,1,3,-2
110000001,602,512,90
110000002,392,321,71
110000003,746,549,197
110000004,483,374,109
110000005,642,856,-214
110000006,607,297,310
110000007,77,125,-48
110000008,7,38,-31
110000009,17,47,-30
110000010,15,64,-49
110000011,20,79,-59
110000012,562,390,172
110000013,25,290,-265
110000014,557,348,209
110000015,357,335,22
110000016,319,820,-501
110000017,3724,230,3494
110000018,2982,343,2639
110000019,15,120,-105
110000020,406,227,179
110000021,300,296,4
110000022,424,71,353
110000023,2,117,-115
110000024,525,301,224
110000025,79,10,69
110000026,5,466,-461
110000027,294,263,31
110000028,484,421,63
110000029,387,768,-381
110000030,158,222,-64
110000031,164,550,-386
110000032,416,317,99
110000033,86,53,33
110000034,120,711,-591
110000035,220,837,-617
110000036,258,635,-377
110000037,68,601,-533
110000038,145,498,-353
110000039,426,1095,-669
110000040,227,390,-163
110000041,106,634,-528
110000042,82,236,-154
110000043,345,170,175
110000044,55,52,3
110000045,208,50,158
110000046,6,1,5
110000047,4,4,0
110000048,4,6,-2
110000049,12,7,5
110000050,6,10,-4
110000051,14,5,9
110000052,31,21,10
110000053,21,4,17
110000054,99,288,-189
110000055,212,52,160
110000056,261,67,194
110000057,257,681,-424
110000058,503,512,-9
110000059,417,497,-80
110000060,358,657,-299
110000061,818,776,42
110000062,666,624,42
110000063,15,56,-41
110000064,47,97,-50
110000065,25,68,-43
110000066,37,31,6
110000067,26,263,-237
110000068,70,408,-338
110000069,66,96,-30
110000071,47,114,-67
110000073,0,17,-17
110000075,5,91,-86
110000076,237,122,115
110000077,455,228,227
110000078,2,25,-23
110000080,181,568,-387
110000081,22,201,-179
110000082,11,154,-143
110000083,153,444,-291
110000084,444,339,105
110000085,2792,1248,1544
110000086,1120,621,499
110000087,0,70,-70
110000088,13,214,-201
110000089,106,104,2
110000090,15,250,-235
110000091,1318,250,1068
110000092,15,71,-56
110000093,41,6,35
110000094,318,220,98
110000095,74,377,-303
110000096,3675,1473,2202
110000097,713,811,-98
110000098,1165,397,768
110000099,777,1236,-459
110000100,230,740,-510
110000101,12,548,-536
110000102,48,57,-9
110000104,60,84,-24
110000105,25,286,-261
110000106,258,206,52
110000107,315,360,-45
110000108,162,37,125
110000109,235,229,6
110000110,4096,2179,1917
110000111,6974,1431,5543
110000112,945,233,712
110000113,660,743,-83
110000114,87,292,-205
110000115,159,216,-57
110000116,28,46,-18
110000117,97,524,-427
110000118,169,203,-34
110000119,75,307,-232
110000120,209,162,47
110000121,52,205,-153
110000122,181,386,-205
110000123,248,281,-33
110000124,1,751,-750
110000125,568,8,560
110000126,126,14,112
110000127,359,20,339
110000128,19,1348,-1329
110000129,5,726,-721
110000130,92,54,38
110000131,81,392,-311
110000132,1,686,-685
110000133,35,221,-186
110000134,43,241,-198
110000135,182,26,156
110000136,22,254,-232
110000137,197,591,-394
110000138,306,817,-511
110000139,375,1211,-836
110000140,530,310,220
110000143,540,280,260
110000144,3442,699,2743
110000145,1086,439,647
110000146,1055,461,594
110000147,164,527,-363
110000148,354,311,43
110000151,805,467,338
110000152,610,229,381
110000153,21,63,-42
110000154,4,9,-5
110000155,843,1451,-608
110000156,600,986,-386
110000157,777,1228,-451
110000160,236,321,-85
110000161,133,326,-193
110000166,133,121,12
110000167,464,324,140
110000168,437,200,237
110000169,245,216,29
110000170,51,51,0
110000171,295,123,172
110000172,120,694,-574
110000173,968,1198,-230
110000174,43,1134,-1091
110000175,178,59,119
110000176,18,173,-155
110000177,114,571,-457
110000178,354,559,-205
110000179,1184,323,861
110000180,84,298,-214
110000181,135,270,-135
110000182,327,232,95
110000183,9872,3473,6399
110000184,423,1233,-810
110000185,559,647,-88
110000186,540,426,114
110000191,212,336,-124
110000192,107,2,105
110000193,204,4,200
110000194,10,1118,-1108
110000195,87,328,-241
110000196,132,395,-263
110000197,37,217,-180
110000198,47,49,-2
110000199,27,95,-68
110000200,1079,560,519
110000201,268,406,-138
110000202,645,346,299
110000203,424,671,-247
110000204,2,280,-278
110000205,24,54,-30
110000206,331,1379,-1048
110000207,286,264,22
110000208,43,110,-67
110000209,55,708,-653
110000210,347,500,-153
110000211,251,552,-301
110000212,222,579,-357
110000213,45,51,-6
110000214,67,95,-28
110000215,47,481,-434
110000216,42,673,-631
110000217,97,203,-106
110000218,55,420,-365
110000219,106,66,40
110000220,26,365,-339
110000221,153,60,93
110000222,18,331,-313
110000223,5,61,-56
110000224,75,6,69
110000225,109,477,-368
110000226,151,42,109
110000227,362,351,11
110000228,247,333,-86
110000229,1,236,-235
110000230,280,512,-232
110000231,89,138,-49
110000232,68,167,-99
110000233,104,169,-65
110000234,429,269,160
110000235,871,725,146
110000236,208,925,-717
110000237,873,998,-125
110000238,602,993,-391
110000239,802,1240,-438
110000240,1,126,-125
110000242,1,14,-13
110000243,24,144,-120
110000244,89,319,-230
110000245,57,395,-338
110000246,324,562,-238
110000247,1705,2683,-978
110000248,2591,1051,1540
110000249,64,2,62
110000250,4,165,-161
110000251,53,349,-296
110000252,102,235,-133
110000253,845,311,534
110000254,625,965,-340
110000255,174,1019,-845
110000256,290,109,181
110000257,605,322,283
110000258,3,441,-438
110000259,37,25,12
110000260,7,400,-393
110000263,636,48,588
110000264,102,555,-453
110000265,706,1288,-582
110000266,1452,1489,-37
110000267,14,168,-154
110000268,178,428,-250
110000269,0,76,-76
110000270,27,2,25
110000271,1959,220,1739
110000272,663,710,-47
110000273,2514,874,1640
110000274,105,662,-557
110000275,2564,377,2187
110000276,90,209,-119
110000277,75,311,-236
110000278,132,692,-560
110000279,456,643,-187
110000280,144,364,-220
110000281,14,131,-117
110000282,182,58,124
110000283,34,37,-3
110000284,53,23,30
110000285,0,130,-130
110000286,7,0,7
110000287,14,11,3
110000288,1,40,-39
110000289,269,878,-609
110000290,1178,502,676
110000291,4877,1119,3758
110000292,909,2919,-2010
110000293,209,885,-676
110000294,364,653,-289
110000295,47,593,-546
110000296,149,263,-114
110000297,2740,206,2534
110000298,381,391,-10
110000299,756,25,731
110000301,69,5,64
110000302,160,1143,-983
110000303,207,4,203
110000304,54,226,-172
110000305,380,8,372
110000306,81,1673,-1592
110000307,398,3,395
110000308,248,6,242
110000309,7,1187,-1180
110000310,296,62,234
110000311,13,730,-717
110000312,571,42,529
110000313,3834,1388,2446
110000314,0,203,-203
110000315,2563,1248,1315
110000316,403,948,-545
110000317,333,189,144
110000318,0,69,-69
110000319,3,13,-10
110000320,23,51,-28
110000321,6,47,-41
110000322,95,405,-310
110000323,177,234,-57
110000324,4189,926,3263
110000325,1746,1679,67
110000327,420,146,274
110000328,149,376,-227
110000333,349,335,14
110000334,433,1222,-789
110000335,773,369,404
110000336,272,1173,-901
110000337,469,394,75
110000338,128,223,-95
110000339,54,242,-188
110000340,8,160,-152
110000341,173,524,-351
110000342,324,4,320
110000343,2,6,-4
110000344,14,185,-171
110000345,53,59,-6
110000346,1857,1016,841
110000347,775,578,197
110000348,3,21,-18
110000349,6,19,-13
110000350,23,4,19
110000351,376,713,-337
110000352,248,1262,-1014
110000353,2592,639,1953
110000354,508,1194,-686
110000355,49,60,-11
110000356,368,4,364
110000357,156,3,153
110000361,7,86,-79
110000362,22,64,-42
110000363,134,121,13
110000364,64,324,-260
110000365,82,1,81
110000366,0,71,-71
110000367,229,241,-12
110000368,1,59,-58
110000369,25,0,25
110000373,5,288,-283
110000374,16,1,15
110000375,167,571,-404
110000376,26,123,-97
110000377,51,277,-226
110000378,15,258,-243
110000379,3200,721,2479
110000380,32,13,19
110000383,1,444,-443
110000384,1802,361,1441
110000385,1,129,-128
110000387,28,7,21
110000388,25,220,-195
110000389,277,5,272
110000391,147,334,-187
110000396,52,128,-76
110000397,38,168,-130
110000398,8,31,-23
110000399,138,0,138
110000587,31,36,-5
110000589,121,111,10
110000640,79,101,-22
110000652,2,149,-147
110000653,124,411,-287
110000654,6,10,-4
110000656,1,651,-650
110000674,22,4,18
110000675,0,10,-10
110000676,5,21,-16
110000679,512,359,153
110000682,97,91,6
110000683,292,458,-166
110000684,0,66,-66
110000685,3,3,0
110000686,2,21,-19
110000687,23,1,22
110000688,37,379,-342
110000689,33,53,-20
110000692,43,216,-173
110000693,66,202,-136
110000694,2,102,-100
110000695,76,543,-467
110000696,93,88,5
110900001,149,9,140
110900002,513,178,335
110900003,222,907,-685
110900004,126,193,-67
110900005,3424,766,2658
110900006,34,5,29
110900007,15,8,7
110900008,4,44,-40
110900009,165,21,144
110900010,3,62,-59
110900011,7,96,-89
110900012,1,102,-101
110900013,364,90,274
110900014,86,9,77
110900015,608,218,390
110900016,6,161,-155
110900017,126,43,83
110900018,244,55,189
110900019,50,14,36
110900020,31,390,-359
110900021,33,512,-479
110900022,39,369,-330
110900023,39,322,-283
110900024,19,449,-430
110900025,10,27,-17
110900027,10,215,-205
110900028,17,112,-95
110900029,41,333,-292
110900030,16,352,-336
110900031,4,126,-122
110900032,1,86,-85
110900033,18,255,-237
110900035,14,349,-335
110900036,33,16,17
110900037,22,9,13
110900038,1039,154,885
110900039,12,185,-173
110900040,86,14,72
110900041,1,134,-133
110900042,32,42,-10
110900043,3,133,-130
110900044,202,26,176
110900045,32,619,-587
110900046,108,295,-187
110900047,691,50,641
110900049,21,23,-2
110900050,8,2,6
110900051,23,118,-95
110900052,4,202,-198
110900053,17,44,-27
110900054,13,283,-270
110900055,8,0,8
110900056,44,89,-45
110900057,4,183,-179
110900058,44,174,-130
110900059,404,620,-216
110900060,213,56,157
110900061,24,21,3
110900062,39,275,-236
110900063,8,79,-71
110900064,3,0,3
110900065,324,82,242
110900066,4,52,-48
110900067,428,364,64
110900068,169,212,-43
110900069,0,23,-23
110900070,80,34,46
110900071,232,230,2
110900073,0,8,-8
110900074,137,80,57
110900075,177,46,131
110900077,191,377,-186
110900078,3,121,-118
110900079,2037,428,1609
110900080,31,36,-5
110900081,2,110,-108
110900082,40,155,-115
110900083,36,45,-9
110900084,10,167,-157
110900085,17,262,-245
110900086,61,115,-54
110900087,97,56,41
110900088,1,0,1
110900090,8,10,-2
110900091,0,54,-54
110900093,119,54,65
110900095,16,35,-19
110900097,5,14,-9
110900098,8,78,-70
110900099,34,389,-355
110900100,0,26,-26
110900102,6,11,-5
110900105,330,294,36
110900108,3,96,-93
110900111,171,39,132
110900112,304,3,301
110900113,516,41,475
110900115,2,74,-72
110900116,270,2345,-2075
110900118,170,908,-738
110900119,4922,199,4723
110900120,5,130,-125
110900121,32,0,32
110900122,111,146,-35
110900125,162,184,-22
110900127,361,462,-101
110900128,270,200,70
110900129,122,170,-48
110900130,791,218,573
110900131,48,37,11
110900132,143,25,118
110900133,32,294,-262
110900135,32,329,-297
110900136,111,7,104
110900139,0,0,0
110900140,2,0,2
110900141,93,70,23
110900142,37,178,-141
110900143,65,70,-5
110900144,0,601,-601
110900145,43,18,25
110900146,184,42,142
110900147,127,165,-38
110900148,0,239,-239
110900149,2,52,-50
110900150,1,7,-6
110900151,0,56,-56
110900152,12,390,-378
110900153,38,20,18
111000001,168,347,-179
111000002,569,613,-44
111000003,320,340,-20
111000004,342,992,-650
111000005,612,530,82
111000006,698,944,-246
111000007,3090,1226,1864
111000008,2864,2834,30
111000009,244,751,-507
111000010,402,223,179
111000011,315,732,-417
111000012,513,284,229
111000013,214,1209,-995
111000014,712,530,182
111000017,105,364,-259
111000018,112,309,-197
111000020,1953,1781,172
111000021,73,115,-42
111000023,96,147,-51
111000025,5911,1527,4384
111000029,41,78,-37
111000030,26,74,-48
111000031,1779,500,1279
111000032,443,176,267
111000033,238,122,116
111000034,213,126,87
111000037,2670,1149,1521
111000038,2472,1948,524
111000039,1050,1916,-866
111000040,1114,2194,-1080
111000041,1415,1427,-12
111000042,5221,2215,3006
111000043,1224,1230,-6
111000044,822,428,394
111000045,976,1230,-254
111000046,718,775,-57
111000047,1270,1351,-81
111000049,238,480,-242
111000050,1488,1618,-130
111000051,320,946,-626
111000052,422,1227,-805
111000053,343,975,-632
111000054,184,842,-658
111000055,987,1835,-848
111000056,79,616,-537
111000057,59,794,-735
111000058,103,89,14
111000059,117,292,-175
111000060,1918,1022,896
111000061,279,245,34
111000062,460,181,279
111000063,1458,646,812
111000064,310,450,-140
111000065,600,615,-15
111000066,198,180,18
111000067,206,617,-411
111000068,177,580,-403
111000069,1245,1600,-355
111000070,1971,986,985
111000071,236,640,-404
111000072,513,261,252
111000073,132,416,-284
111000074,1136,869,267
111000075,421,496,-75
111000076,248,691,-443
111000077,780,1075,-295
111000078,1408,953,455
111000079,1080,681,399
111000080,321,603,-282
111000081,1814,2380,-566
111000082,463,666,-203
111000084,411,455,-44
111000085,641,1582,-941
111000086,2639,1295,1344
111000087,618,849,-231
111000088,5215,1505,3710
111000089,436,887,-451
111000090,970,1364,-394
111000091,535,774,-239
111000092,683,1134,-451
111000093,310,656,-346
111000094,1131,643,488
111000095,842,1385,-543
111000096,2584,4752,-2168
111000097,5131,929,4202
111000098,347,1224,-877
111000099,306,2306,-2000
111000100,177,2278,-2101
111000101,308,727,-419
111000102,38,739,-701
111000104,133,164,-31
111000107,37,688,-651
111000109,97,180,-83
111000110,507,417,90
111000111,776,391,385
111000112,926,244,682
111000113,574,372,202
111000114,1236,968,268
111000115,7311,637,6674
111000116,832,517,315
111000117,479,651,-172
111000118,1326,828,498
111000119,726,1574,-848
111000120,281,564,-283
111000121,157,449,-292
111000122,376,919,-543
111000123,500,2956,-2456
111000124,312,3609,-3297
111000125,167,1934,-1767
111000126,62,955,-893
111000127,346,191,155
111000128,556,291,265
111000129,907,401,506
111000130,716,562,154
111000131,519,563,-44
111000132,379,333,46
111000133,77,106,-29
111000134,68,111,-43
111000135,21,120,-99
111000136,165,236,-71
111000138,6,15,-9
111000140,3,1,2
111000141,137,254,-117
111000142,40,126,-86
111000143,1,79,-78
111000144,7,91,-84
111000145,218,4,214
111000146,19,5,14
111000147,314,10,304
111000148,88,60,28
111000149,2,24,-22
111000150,5,6,-1
111000151,2,21,-19
111000153,463,482,-19
111000154,630,166,464
111000155,80,123,-43
111000156,388,267,121
111000157,92,372,-280
111000158,729,432,297
111000159,2276,512,1764
111000160,204,394,-190
111000161,13,187,-174
111000162,3,151,-148
111000163,282,645,-363
111000164,697,1764,-1067
111000165,1242,401,841
111000166,1034,253,781
111000167,165,487,-322
111000168,198,314,-116
111000169,249,443,-194
111000170,337,366,-29
111000171,365,986,-621
111000172,78,541,-463
111000173,142,1398,-1256
111000174,59,460,-401
111000175,26,240,-214
111000176,87,185,-98
111000177,58,256,-198
111000178,384,352,32
111000179,55,202,-147
111000180,130,213,-83
111000181,289,239,50
111000182,91,146,-55
111000183,132,230,-98
111000184,186,193,-7
111000185,263,446,-183
111000186,165,323,-158
111000187,73,244,-171
111000188,77,471,-394
111000189,1430,548,882
111000190,149,490,-341
111000191,86,446,-360
111000192,137,702,-565
111000193,337,352,-15
111000194,18,369,-351
111000195,74,494,-420
111000196,23,327,-304
111000197,148,182,-34
111000198,195,113,82
111000199,47,132,-85
111000200,84,294,-210
111000201,194,203,-9
111000202,139,154,-15
111000203,130,163,-33
111000204,192,298,-106
111000213,131,334,-203
111000214,913,1610,-697
111000215,550,1337,-787
111000217,726,863,-137
111000218,695,916,-221
111000219,355,173,182
111000220,2457,358,2099
111000221,511,113,398
111000224,86,308,-222
111000225,161,147,14
111000226,107,0,107
111000227,34,8,26
111000228,4,139,-135
111000229,14,218,-204
111000230,135,483,-348
111000231,306,1220,-914
111000232,130,830,-700
111000233,220,672,-452
111000234,37,134,-97
111000239,161,155,6
111000240,9,55,-46
111000241,21,350,-329
111000242,36,27,9
111000243,44,766,-722
111000244,78,66,12
111000245,289,577,-288
111000246,141,627,-486
111000247,91,1058,-967
111000248,220,312,-92
111000249,324,751,-427
111000250,15,122,-107
111000251,30,123,-93
111000253,7,5,2
111000255,9,6,3
111000257,29,32,-3
111000260,16,1032,-1016
111000261,267,60,207
111000271,29,255,-226
111000273,5519,1193,4326
111000274,823,1373,-550
111000275,66,85,-19
111000276,231,2026,-1795
111000277,75,399,-324
111000278,363,250,113
111000291,354,1934,-1580
111000298,143,191,-48
111000299,447,74,373
111000300,33,577,-544
111000302,146,62,84
111000303,53,240,-187
111000312,36,53,-17
111000315,16,212,-196
111000320,276,557,-281
111000321,145,55,90
111000322,77,516,-439
111000323,67,12,55
111000324,283,259,24
111000325,12,67,-55
111000326,49,352,-303
111000327,260,659,-399
111000328,127,305,-178
111000329,0,12,-12
111000330,19,13,6
111000331,6,2,4
111000332,227,965,-738
111000334,275,1533,-1258
111000335,203,107,96
111000337,252,309,-57
111000338,8,107,-99
111000339,100,530,-430
111000340,78,814,-736
111000341,460,159,301
111000342,82,179,-97
111000344,449,622,-173
111000345,326,32,294
111000346,13,77,-64
111000347,18,2,16
111000350,144,130,14
111000351,52,187,-135
111000352,83,107,-24
111000353,46,192,-146
111000354,161,126,35
111000355,198,579,-381
111000358,46,1675,-1629
111000360,62,873,-811
111000361,53,344,-291
111000546,152,581,-429
111000547,143,561,-418
111000548,47,147,-100
111000549,96,282,-186
111000550,45,222,-177
111000551,465,79,386
111000552,395,52,343
111000907,129,34,95
111000908,7,0,7
111000916,459,209,250
111000917,19,339,-320
111000918,95,970,-875
111000920,159,9,150
111000921,4,376,-372
111000922,123,244,-121
111000924,19,803,-784
111000925,1092,1503,-411
111000926,763,2410,-1647
111000927,2631,2745,-114
111000928,5012,3261,1751
111000929,477,689,-212
111000930,395,2079,-1684
111000931,1043,1199,-156
111000932,2920,1942,978
111000933,2405,1240,1165
111000934,1915,2221,-306
111000935,603,886,-283
111000936,628,1937,-1309
111000937,528,937,-409
111000938,1207,2269,-1062
111000939,166,90,76
111000940,197,195,2
111000941,88,517,-429
111000943,118,224,-106
111000944,92,562,-470
111000945,30,1957,-1927
111001109,214,103,111
111001110,171,596,-425
111001111,1,10,-9
111001112,75,1,74
111001113,15,74,-59
111001114,888,57,831
111001115,135,209,-74
111001116,4606,1183,3423
111001117,530,528,2
111001120,77,335,-258
111001121,102,310,-208
111001122,133,597,-464
111001123,45,125,-80
111001124,39,358,-319
111001125,0,8,-8
111001126,0,81,-81
111900001,1,142,-141
111900002,1,567,-566
111900003,2,291,-289
111900004,17,130,-113
111900006,2,7,-5
111900007,18,7,11
111900008,32,0,32
111900009,20,27,-7
111900010,202,549,-347
111900012,96,81,15
111900013,2,58,-56
111900014,7146,1291,5855
111900015,0,51,-51
111900016,0,177,-177
111900017,1,120,-119
111900018,32,0,32
111900019,0,69,-69
111900020,2,45,-43
111900021,18,32,-14
111900022,2,50,-48
111900023,92,57,35
111900024,2,73,-71
111900025,1,44,-43
111900026,0,104,-104
111900027,7,232,-225
111900028,1,408,-407
111900029,0,88,-88
111900030,53,299,-246
111900031,0,7,-7
111900032,2,399,-397
111900033,5,130,-125
111900034,193,494,-301
111900035,2,166,-164
111900036,0,319,-319
111900038,274,479,-205
111900039,22,319,-297
111900040,3,808,-805
111900042,29,54,-25
111900043,7,431,-424
111900044,234,202,32
111900046,50,197,-147
111900048,51,997,-946
111900049,21,282,-261
111900050,42,1,41
111900051,2,256,-254
111900052,379,535,-156
111900053,1254,197,1057
111900054,28,0,28
111900055,32,591,-559
111900056,138,53,85
111900057,30,43,-13
111900058,101,831,-730
111900059,2001,196,1805
111900060,104,2,102
111900061,11,256,-245
111900062,6,33,-27
111900063,105,188,-83
111900064,110,220,-110
111900065,15,9,6
111900066,65,88,-23
111900067,0,312,-312
111900068,25,16,9
111900069,44,7,37
111900070,38,113,-75
111900071,1,240,-239
111900072,17,4,13
111900073,167,52,115
111900074,1,123,-122
111900075,16,5,11
111900076,27,20,7
111900077,4,0,4
111900078,69,9,60
111900079,2,4,-2
111900080,151,57,94
111900082,26,4,22
111900083,24,2,22
111900084,29,1,28
111900085,10,32,-22
111900086,16,0,16
111900087,7,0,7
111900088,135,2,133
111900089,9,3,6
111900090,75,9,66
111900091,47,1,46
111900092,17,0,17
111900093,100,0,100
111900094,13,0,13
111900095,50,5,45
111900096,69,0,69
111900097,4,0,4
111900098,35,0,35
111900099,5,0,5
111900100,12,3,9
111900101,37,7,30
111900102,87,626,-539
111900103,33,19,14
111900104,50,55,-5
111900105,147,75,72
111900106,1081,31,1050
111900110,3057,177,2880
111900111,26,167,-141
111900112,662,665,-3
111900113,341,41,300
111900118,106,19,87
111900119,103,44,59
111900122,28,30,-2
111900123,8,11,-3
111900124,16,120,-104
111900125,124,6,118
111900126,61,1,60
111900127,2,742,-740
111900128,1,536,-535
111900129,70,3,67
111900130,47,6,41
111900131,92,0,92
111900132,16,1032,-1016
111900133,4,370,-366
111900134,18,278,-260
111900135,1,2,-1
111900136,35,70,-35
111900137,64,29,35
111900138,12,55,-43
111900139,10,118,-108
111900140,12,20,-8
111900141,11,5,6
111900142,20,11,9
111900143,28,256,-228
111900144,0,116,-116
111900145,2,683,-681
111900146,3,457,-454
111900147,111,455,-344
111900148,12,901,-889
111900149,6,442,-436
111900150,22,215,-193
111900151,5,26,-21
111900152,78,31,47
111900153,1569,162,1407
111900154,5,99,-94
111900155,61,22,39
111900156,17,12,5
111900157,19,6,13
111900158,110,7,103
111900159,79,8,71
111900160,54,0,54
111900161,40,0,40
111900162,98,87,11
111900163,26,204,-178
111900164,73,22,51
111901113,79,220,-141
111901114,21,359,-338
111901115,13,0,13
111901116,6,0,6
111901117,6,3,3
111901118,97,28,69
111901119,1150,29,1121
111901121,193,275,-82
111901122,7,539,-532
111901123,49,464,-415
111901124,68,1,67
111901125,87,170,-83
111901127,817,156,661
111901128,2,78,-76
111901129,1,115,-114
111901130,2,223,-221
111901131,1,229,-228
111901132,19,0,19
111901133,22,0,22
111901134,19,3,16
111901135,8,0,8
111901136,0,3,-3
111901138,35,36,-1
111901139,7,53,-46
111901140,7,129,-122
111901141,4,208,-204
111901142,5,137,-132
111901143,4,92,-88
111901144,23,20,3
111901145,186,95,91
111901146,154,7,147
111901147,735,35,700
111901148,7,8,-1
111901149,2,3,-1
112000001,932,603,329
112000002,605,2216,-1611
112000003,332,573,-241
112000004,367,1303,-936
112000005,1183,1034,149
112000006,1030,1630,-600
112000007,1054,977,77
112000008,1705,2431,-726
112000009,3690,3126,564
112000010,1301,1781,-480
112000011,1605,2083,-478
112000012,4557,1572,2985
112000013,5148,2686,2462
112000014,1746,667,1079
112000015,2161,1903,258
112000016,2307,700,1607
112000017,1098,985,113
112000024,1569,551,1018
112000026,4127,4720,-593
112000027,533,327,206
112000028,1632,1426,206
112000029,155,377,-222
112000030,140,75,65
112000031,1096,1700,-604
112000032,437,36,401
112000033,1413,675,738
112000034,172,17,155
112000035,40,173,-133
112000036,746,484,262
112000037,528,711,-183
112000038,495,732,-237
112000039,20,81,-61
112000040,114,264,-150
112000041,477,438,39
112000042,804,233,571
112000050,466,1001,-535
112000051,398,557,-159
112000054,1256,2151,-895
112000057,421,238,183
112000058,220,328,-108
112000059,644,398,246
112000061,5131,1148,3983
112000062,2292,329,1963
112000063,1436,481,955
112000064,4512,4862,-350
112000065,2500,2268,232
112000066,2625,762,1863
112000067,673,548,125
112000068,1441,870,571
112000069,617,1983,-1366
112000070,1072,361,711
112000071,434,2559,-2125
112000072,557,591,-34
112000073,890,1439,-549
112000074,670,599,71
112000075,634,766,-132
112000076,2514,2322,192
112000077,230,592,-362
112000078,689,649,40
112000079,765,1109,-344
112000080,292,841,-549
112000081,866,1589,-723
112000082,820,517,303
112000083,399,1378,-979
112000084,583,564,19
112000085,680,1224,-544
112000086,788,1513,-725
112000087,179,444,-265
112000088,229,593,-364
112000089,77,258,-181
112000090,137,353,-216
112000091,583,1162,-579
112000092,819,684,135
112000093,1079,1022,57
112000094,282,637,-355
112000095,352,587,-235
112000096,204,581,-377
112000097,366,402,-36
112000098,471,1407,-936
112000099,346,437,-91
112000100,722,659,63
112000101,205,808,-603
112000102,342,395,-53
112000103,170,1098,-928
112000105,308,2152,-1844
112000106,524,352,172
112000107,29,123,-94
112000108,180,1646,-1466
112000109,60,81,-21
112000110,792,318,474
112000111,1031,3556,-2525
112000112,1792,390,1402
112000113,746,1946,-1200
112000114,1094,682,412
112000115,104,443,-339
112000116,243,822,-579
112000117,350,534,-184
112000118,602,728,-126
112000119,280,909,-629
112000120,63,344,-281
112000121,38,688,-650
112000122,136,158,-22
112000123,227,111,116
112000124,90,54,36
112000125,62,96,-34
112000126,121,724,-603
112000127,2012,833,1179
112000128,1074,391,683
112000129,78,95,-17
112000130,42,34,8
112000131,18,362,-344
112000132,40,332,-292
112000133,117,266,-149
112000134,241,380,-139
112000135,447,517,-70
112000136,545,1106,-561
112000137,694,1055,-361
112000138,981,1118,-137
112000139,610,154,456
112000140,982,904,78
112000141,214,149,65
112000142,94,806,-712
112000143,388,159,229
112000144,141,1618,-1477
112000145,1034,661,373
112000146,451,2130,-1679
112000147,930,1206,-276
112000148,1251,2004,-753
112000149,114,739,-625
112000150,92,589,-497
112000151,249,499,-250
112000152,169,306,-137
112000153,215,222,-7
112000154,73,83,-10
112000155,76,31,45
112000157,553,360,193
112000158,124,495,-371
112000159,154,252,-98
112000167,93,25,68
112000169,255,267,-12
112000173,237,187,50
112000175,184,314,-130
112000176,4783,1429,3354
112000177,167,81,86
112000178,33,469,-436
112000179,70,152,-82
112000180,183,184,-1
112000181,934,1633,-699
112000182,348,1787,-1439
112000183,26,53,-27
112000184,121,549,-428
112000185,125,523,-398
112000187,1932,1860,72
112000195,62,4,58
112000196,49,0,49
112000197,33,93,-60
112000198,17,326,-309
112000199,633,756,-123
112000202,143,2,141
112000216,48,121,-73
112000230,22,1,21
112000231,3,268,-265
112000256,22,85,-63
112000313,69,146,-77
112000314,2,12,-10
112000337,138,446,-308
112000352,231,118,113
112000392,1430,798,632
112000398,480,571,-91
112000399,1799,991,808
112000400,1371,3898,-2527
112000401,2096,2499,-403
112000402,879,1455,-576
112000403,1365,1253,112
112000404,209,491,-282
112000405,899,1794,-895
112000406,2617,2723,-106
112000407,2964,4342,-1378
112000408,7191,5951,1240
112000409,1477,4351,-2874
112000410,155,81,74
112000411,4209,475,3734
112000412,788,208,580
112000413,8564,1461,7103
112000414,39,71,-32
112000415,61,26,35
112000416,1150,948,202
112000417,144,72,72
112000421,15,98,-83
112000422,189,408,-219
112000424,2099,1101,998
112000425,261,1122,-861
112000426,46,192,-146
112000427,0,17,-17
112000428,75,407,-332
112000429,1619,2509,-890
112000430,1357,2509,-1152
112000431,37,82,-45
112000432,344,1943,-1599
112000433,488,477,11
112000437,13,331,-318
112900001,16,1,15
112900002,77,1244,-1167
112900003,14,283,-269
112900004,9,337,-328
112900005,45,201,-156
112900006,9,404,-395
112900007,16,212,-196
112900008,3,14,-11
112900009,235,61,174
112900010,136,658,-522
112900011,238,253,-15
112900012,4,37,-33
112900013,4,110,-106
112900014,1,241,-240
112900015,294,720,-426
112900016,4,223,-219
112900017,22,181,-159
112900018,0,406,-406
112900019,32,148,-116
112900020,357,1116,-759
112900021,3,275,-272
112900022,3,62,-59
112900023,0,292,-292
112900024,9,182,-173
112900025,41,137,-96
112900026,1,250,-249
112900027,6,1345,-1339
112900028,16,111,-95
112900029,6,666,-660
112900030,284,137,147
112900031,2,522,-520
112900032,68,163,-95
112900034,0,50,-50
112900035,3,475,-472
112900036,18,93,-75
112900037,125,62,63
112900038,145,81,64
112900039,8,283,-275
112900040,5,220,-215
112900041,1059,469,590
112900042,26,311,-285
112900043,12,24,-12
112900044,423,236,187
112900045,517,231,286
112900046,168,49,119
112900047,20,23,-3
112900049,38,86,-48
112900050,36,534,-498
112900051,193,523,-330
112900052,13,991,-978
112900053,294,79,215
112900054,229,25,204
112900055,83,12,71
112900056,128,99,29
112900057,15,625,-610
112900058,223,63,160
112900059,80,80,0
112900060,6,152,-146
112900061,72,104,-32
112900062,30,118,-88
112900063,52,2,50
112900064,126,92,34
112900065,44,5,39
112900066,69,49,20
112900067,449,92,357
112900068,15,15,0
112900069,2250,260,1990
112900071,23,2,21
112900072,125,397,-272
112900073,111,29,82
112900074,23,75,-52
112900075,1941,275,1666
112900076,46,5,41
112900078,102,128,-26
112900079,76,9,67
112900080,17,0,17
112900081,43,57,-14
112900082,186,8,178
112900083,12,24,-12
112900084,113,27,86
112900086,10,0,10
112900087,186,40,146
112900088,24,5,19
112900089,306,11,295
112900090,9,1,8
112900091,42,4,38
112900092,84,72,12
112900093,363,3,360
112900095,8,0,8
112900096,163,52,111
112900097,16,322,-306
112900098,21,0,21
112900099,211,5,206
112900100,16,0,16
112900101,64,0,64
112900102,29,3,26
112900103,85,2,83
112900104,19,1,18
112900105,3,0,3
112900106,174,42,132
112900107,1,1,0
112900108,79,0,79
112900109,25,0,25
112900110,277,5,272
112900111,144,2,142
112900112,80,0,80
112900113,0,9,-9
112900114,19,13,6
112900115,252,1,251
112900116,29,31,-2
112900117,87,98,-11
112900118,15,50,-35
112900119,52,0,52
112900120,534,130,404
112900121,153,162,-9
112900122,4,148,-144
112900123,94,8,86
112900124,2,138,-136
112900125,29,108,-79
112900126,105,240,-135
112900127,87,38,49
112900128,412,657,-245
112900129,1,921,-920
112900130,90,36,54
112900131,19,206,-187
112900132,42,297,-255
112900133,12,1163,-1151
112900134,1,217,-216
112900135,22,8,14
112900137,2,764,-762
112900138,1,423,-422
112900139,161,1081,-920
112900141,170,8,162
112900142,54,43,11
112900143,42,550,-508
112900144,2,313,-311
112900145,47,386,-339
112900146,4,1362,-1358
112900147,9,2134,-2125
112900148,7,2,5
112900149,123,409,-286
112900151,12,28,-16
112900152,4383,847,3536
112900153,1250,660,590
112900154,0,69,-69
112900155,23,5,18
112900156,58,1703,-1645
112900157,87,107,-20
112900158,11,7,4
112900159,109,24,85
112900160,19,240,-221
112900161,25,11,14
112900162,13,9,4
112900163,111,19,92
112900164,24,64,-40
112900165,67,26,41
112900166,3,25,-22
112900167,0,12,-12
112900168,1,0,1
112900169,6,2,4
112900170,41,52,-11
112900172,63,8,55
112900173,211,58,153
112900174,102,27,75
112900175,87,29,58
112900176,7,16,-9
112900177,97,11,86
112900178,380,562,-182
112900179,20,552,-532
112900180,466,1939,-1473
112900181,135,0,135
112900182,12,1476,-1464
112900183,59,151,-92
112900184,235,176,59
112900185,158,236,-78
112900186,1173,336,837
112900187,42,172,-130
112900188,519,144,375
112900189,1,16,-15
112900190,1,43,-42
112900192,306,113,193
112900193,780,159,621
112900194,12,65,-53
112900195,293,20,273
112900196,157,359,-202
112900197,89,294,-205
112900199,115,588,-473
112900200,148,219,-71
112900201,41,69,-28
112900202,123,889,-766
112900203,50,243,-193
112900204,636,203,433
112900205,2,10,-8
112900206,5,47,-42
112900207,6,1,5
112900208,16,39,-23
112900209,230,316,-86
112900210,0,4,-4
112900211,16,17,-1
112900212,0,46,-46
112900213,12,0,12
112900214,18,2,16
112900215,4,177,-173
112900216,34,57,-23
112900217,0,61,-61
112900218,34,17,17
112900219,15,27,-12
112900220,4,0,4
112900221,13,101,-88
112900222,0,9,-9
112900223,256,0,256
112900224,105,619,-514
112900225,197,466,-269
112900226,161,132,29
112900227,125,1543,-1418
112900228,13,15,-2
112900229,52,41,11
112900230,6593,1856,4737
112900232,95,100,-5
112900233,48,154,-106
112900234,3,92,-89
112900235,24,11,13
112900236,53,5,48
112900237,29,308,-279
112900238,3,32,-29
112900239,298,218,80
112900240,2,139,-137
112900241,4,162,-158
112900242,4,181,-177
112900243,1,140,-139
112900244,1,100,-99
112900245,0,34,-34
112900246,0,15,-15
112900247,72,16,56
112900248,20,1,19
112900249,12,8,4
112900250,22,14,8
112900251,11,8,3
112900252,7,10,-3
112900253,7,7,0
112900254,5,5,0
112900255,0,27,-27
112900256,0,21,-21
112900257,2,15,-13
112900258,1,5,-4
113000001,3937,3763,174
113000002,3122,2693,429
113000003,1634,1456,178
113000004,1652,1784,-132
113000005,952,880,72
113000006,786,1067,-281
113000007,1004,1132,-128
113000008,1129,1619,-490
113000009,432,748,-316
113000010,511,1297,-786
113000011,405,1401,-996
113000012,641,531,110
113000013,767,321,446
113000014,1695,1221,474
113000015,597,231,366
113000016,218,225,-7
113000017,8,176,-168
113000018,146,33,113
113000019,16,175,-159
113000020,48,6,42
113000021,617,544,73
113000022,254,1042,-788
113000025,42,261,-219
113000026,156,266,-110
113000027,444,230,214
113000028,655,207,448
113000029,672,440,232
113000030,493,448,45
113000031,316,152,164
113000032,212,132,80
113000033,263,275,-12
113000034,431,225,206
113000035,19,21,-2
113000036,20,32,-12
113000037,48,26,22
113000038,17,45,-28
113000039,37,423,-386
113000040,71,81,-10
113000042,710,522,188
113000051,496,1363,-867
113000052,1920,855,1065
113000053,228,488,-260
113000054,129,674,-545
113000055,608,897,-289
113000056,482,1350,-868
113000058,625,814,-189
113000059,928,626,302
113000060,64,573,-509
113000061,752,684,68
113000062,965,117,848
113000063,72,186,-114
113000064,12,359,-347
113000065,123,1031,-908
113000066,322,70,252
113000067,719,855,-136
113000068,260,1957,-1697
113000069,277,1249,-972
113000070,669,562,107
113000071,222,618,-396
113000072,163,271,-108
113000073,388,1326,-938
113000074,717,238,479
113000075,1799,386,1413
113000076,1029,1344,-315
113000077,1280,288,992
113000078,974,1130,-156
113000079,646,488,158
113000080,715,363,352
113000081,694,552,142
113000082,841,652,189
113000083,516,608,-92
113000084,1097,891,206
113000085,737,479,258
113000086,937,850,87
113000087,1027,659,368
113000088,1803,939,864
113000089,731,1095,-364
113000090,233,215,18
113000091,579,177,402
113000094,407,103,304
113000095,172,834,-662
113000096,211,847,-636
113000097,397,231,166
113000098,38,19,19
113000099,836,160,676
113000100,123,328,-205
113000101,290,439,-149
113000102,334,192,142
113000103,2275,605,1670
113000104,292,1808,-1516
113000105,350,433,-83
113000106,197,547,-350
113000107,430,709,-279
113000108,787,1515,-728
113000109,424,2222,-1798
113000110,1226,301,925
113000111,129,473,-344
113000112,261,308,-47
113000113,1621,260,1361
113000114,322,749,-427
113000116,533,217,316
113000117,573,105,468
113000118,130,203,-73
113000119,187,262,-75
113000120,33,174,-141
113000121,250,609,-359
113000124,102,86,16
113000125,13,495,-482
113000127,2838,378,2460
113000128,294,311,-17
113000129,343,808,-465
113000133,3270,542,2728
113000134,5,414,-409
113000135,2133,1593,540
113000137,1951,1066,885
113000139,279,72,207
113000140,136,200,-64
113000141,222,82,140
113000142,446,476,-30
113000143,146,100,46
113000144,291,426,-135
113000145,26,117,-91
113000146,59,55,4
113000147,60,104,-44
113000148,65,111,-46
113000149,63,139,-76
113000150,376,258,118
113000151,104,43,61
113000152,26,110,-84
113000153,1595,357,1238
113000154,481,842,-361
113000155,200,226,-26
113000156,115,310,-195
113000157,260,582,-322
113000158,360,123,237
113000159,575,390,185
113000160,494,975,-481
113000161,129,558,-429
113000162,369,270,99
113000163,30,30,0
113000164,28,71,-43
113000166,62,43,19
113000167,21,183,-162
113000168,31,160,-129
113000169,93,33,60
113000170,59,65,-6
113000171,73,104,-31
113000172,163,56,107
113000173,23,7,16
113000174,111,519,-408
113000175,262,105,157
113000176,344,122,222
113000177,151,387,-236
113000178,162,359,-197
113000179,185,80,105
113000180,368,1172,-804
113000181,575,917,-342
113000182,113,186,-73
113000183,156,532,-376
113000184,13,83,-70
113000189,313,375,-62
113000190,1095,241,854
113000192,2458,937,1521
113000193,3787,697,3090
113000194,1649,835,814
113000195,2007,377,1630
113000196,62,87,-25
113000197,932,558,374
113000198,23,207,-184
113000199,369,285,84
113000201,248,165,83
113000202,2582,1132,1450
113000203,343,77,266
113000204,1486,843,643
113000205,11,19,-8
113000206,0,22,-22
113000207,28,5,23
113000208,35,46,-11
113000209,11,12,-1
113000210,2,27,-25
113000211,265,115,150
113000212,267,26,241
113000213,9,99,-90
113000214,54,171,-117
113000234,113,1155,-1042
113000410,84,95,-11
113000411,2099,3478,-1379
113000412,10897,1396,9501
113000413,3563,1292,2271
113000414,9686,5970,3716
113000415,2265,1573,692
113000416,7823,2316,5507
113000417,3084,1792,1292
113000418,2740,1889,851
113000419,1498,1111,387
113000420,3133,2199,934
113000421,3340,3070,270
113000422,13760,4979,8781
113000423,2018,2161,-143
113000424,4099,5196,-1097
113000425,9,58,-49
113000428,316,44,272
113000430,40,60,-20
113000432,816,89,727
113000433,83,875,-792
113000434,5,325,-320
113000435,13,831,-818
113000436,32,1187,-1155
113000437,234,15,219
113000438,74,9,65
113000439,8,163,-155
113000440,57,16,41
113000441,99,224,-125
113000442,107,256,-149
113000443,54,256,-202
113000444,68,307,-239
113000445,44,111,-67
113000446,14,90,-76
113000448,144,103,41
113000449,208,663,-455
113000450,444,1439,-995
113000451,1261,101,1160
113000452,356,272,84
113000453,143,188,-45
113000454,693,19,674
113000455,66,89,-23
113000456,2424,1280,1144
113000468,2269,194,2075
113000469,215,54,161
113000470,369,65,304
113000471,1,285,-284
113000472,64,217,-153
113000474,224,567,-343
113000475,982,1498,-516
113000476,659,1562,-903
113000477,1454,1853,-399
113000478,2475,5207,-2732
113000479,23,323,-300
113000484,0,0,0
113000485,0,0,0
113000486,0,0,0
113000487,0,0,0
113000488,0,0,0
113000489,0,0,0
113000490,0,0,0
113000491,0,0,0
113000492,0,0,0
113000493,0,0,0
113000495,180,207,-27
113000496,46,79,-33
113000499,0,0,0
113900001,1,69,-68
113900002,1,85,-84
113900003,0,69,-69
113900004,0,14,-14
113900005,0,9,-9
113900006,0,4,-4
113900007,43,3,40
113900008,54,0,54
113900009,184,0,184
113900010,104,0,104
113900011,20,0,20
113900012,4,0,4
113900013,409,8,401
113900014,744,1,743
113900015,0,29,-29
113900016,14,0,14
113900017,0,45,-45
113900018,323,56,267
113900019,39,27,12
113900020,33,0,33
113900022,1,0,1
113900023,9,0,9
113900024,17,59,-42
113900025,276,2,274
113900026,38,0,38
113900027,3,66,-63
113900028,7,370,-363
113900029,22,322,-300
113900030,77,0,77
113900031,0,0,0
113900032,2,1,1
113900033,42,46,-4
113900035,33,1,32
113900036,8,85,-77
113900037,14,521,-507
113900038,86,26,60
113900039,54,6,48
113900040,2,4,-2
113900041,0,2,-2
113900042,33,22,11
113900043,135,79,56
113900044,119,36,83
113900045,14,1,13
113900046,235,574,-339
113900047,15,122,-107
113900048,221,15,206
113900049,742,100,642
113900050,86,218,-132
113900051,136,252,-116
113900052,202,101,101
113900053,242,107,135
113900054,3,0,3
113900055,87,373,-286
113900056,36,108,-72
113900057,21,380,-359
113900058,20,139,-119
113900059,75,223,-148
113900060,93,219,-126
113900061,686,30,656
113900062,37,12,25
113900063,48,98,-50
113900064,15,124,-109
113900065,541,12,529
113900066,118,334,-216
113900067,43,235,-192
113900068,265,247,18
113900069,127,24,103
113900070,148,371,-223
113900071,26,39,-13
113900072,23,136,-113
113900073,92,312,-220
113900074,15,444,-429
113900075,613,863,-250
113900076,83,4,79
113900077,34,235,-201
113900078,29,26,3
113900079,3,40,-37
113900080,213,115,98
113900081,21,124,-103
113900082,110,159,-49
113900083,64,673,-609
113900084,154,71,83
113900085,23,290,-267
113900086,15,4,11
113900087,14,169,-155
113900088,16,44,-28
113900089,229,32,197
113900090,308,223,85
113900091,11,12,-1
113900092,44,41,3
113900093,49,372,-323
113900094,98,336,-238
113900095,50,46,4
113900096,101,37,64
113900097,5,134,-129
113900098,232,50,182
113900099,3,33,-30
113900100,0,0,0
113900101,10,28,-18
113900102,57,67,-10
113900103,157,154,3
113900104,67,106,-39
113900105,22,300,-278
113900106,0,54,-54
113900107,0,9,-9
113900108,147,93,54
113900109,218,74,144
113900110,15,17,-2
113900111,20,65,-45
113900112,37,64,-27
113900113,297,251,46
113900114,0,105,-105
113900115,0,59,-59
113900116,62,75,-13
113900117,46,13,33
113900118,77,126,-49
113900119,163,169,-6
113900120,19,27,-8
113900121,27,51,-24
113900122,149,1213,-1064
113900123,206,150,56
113900124,0,43,-43
113900125,1272,105,1167
113900126,86,31,55
113900127,129,301,-172
113900128,113,25,88
113900129,4,64,-60
113900130,0,4,-4
113900131,47,48,-1
113900132,19,21,-2
113900133,8,36,-28
113900135,103,340,-237
113900136,48,64,-16
113900137,200,129,71
113900138,35,115,-80
113900139,342,50,292
113900140,307,94,213
113900141,125,409,-284
113900142,38,66,-28
113900143,6,9,-3
113900144,253,73,180
113900145,104,177,-73
113900146,23,26,-3
113900148,76,121,-45
113900149,66,22,44
113900150,977,291,686
113900151,90,217,-127
113900152,6,58,-52
113900153,327,290,37
113900154,2,84,-82
113900155,200,30,170
113900156,197,465,-268
113900157,46,197,-151
113900158,235,63,172
113900159,7,188,-181
113900160,241,563,-322
113900161,20,135,-115
113900162,397,222,175
113900163,169,177,-8
113900164,118,49,69
113900165,411,749,-338
113900166,180,57,123
113900167,144,17,127
113900168,82,76,6
113900169,114,363,-249
113900171,42,26,16
113900172,6,133,-127
113900173,34,501,-467
113900174,210,566,-356
113900175,185,60,125
113900176,137,636,-499
113900177,191,117,74
113900178,104,98,6
113900179,11,526,-515
113900180,91,74,17
113900181,309,132,177
113900182,338,744,-406
113900183,27,41,-14
113900184,17,507,-490
113900185,109,55,54
113900186,15,27,-12
113900187,32,144,-112
113900188,30,109,-79
113900189,150,56,94
113900190,316,68,248
113900191,57,142,-85
113900192,4,153,-149
113900193,20,283,-263
113900194,1552,717,835
113900195,267,331,-64
113900196,1,113,-112
113900197,3,258,-255
113900198,10,114,-104
113900199,109,429,-320
113900200,4,158,-154
113900201,0,262,-262
113900202,44,172,-128
113900203,1,158,-157
113900204,22,486,-464
113900205,3,79,-76
113900206,5,108,-103
113900207,1,45,-44
113900208,0,50,-50
113900209,0,69,-69
113900210,310,328,-18
113900211,80,22,58
113900212,72,501,-429
113900214,368,212,156
113900215,16,66,-50
113900216,13,1101,-1088
113900217,22,255,-233
113900218,39,22,17
113900219,121,437,-316
113900220,85,28,57
113900221,198,66,132
113900222,249,168,81
113900223,52,801,-749
113900224,89,38,51
113900225,595,142,453
113900226,203,98,105
113900227,286,105,181
113900228,244,183,61
113900229,38,333,-295
113900230,3154,738,2416
113900231,67,155,-88
113900232,32,52,-20
113900233,15,38,-23
113900234,103,286,-183
113900235,52,24,28
113900236,25,284,-259
113900237,47,1,46
113900238,144,239,-95
113900239,32,36,-4
113900240,1,53,-52
113900241,48,52,-4
113900242,31,107,-76
113900243,91,296,-205
113900244,427,107,320
113900245,1023,166,857
113900246,4,2,2
113900247,80,105,-25
113900248,3259,565,2694
113900249,918,153,765
113900250,38,86,-48
113900251,325,170,155
113900252,224,1,223
113900253,298,23,275
113900254,297,64,233
113900255,256,16,240
113900256,241,15,226
113900257,21,583,-562
113900258,9,521,-512
113900259,180,186,-6
113900260,55,30,25
113900261,12,105,-93
113900262,104,634,-530
113900263,48,402,-354
113900264,4,486,-482
113900265,118,207,-89
113900266,38,195,-157
113900267,44,348,-304
113900268,130,229,-99
113900269,38,98,-60
113900270,187,280,-93
113900271,322,1152,-830
113900273,7,6,1
113900274,19,5,14
113900275,12,28,-16
113900276,3,239,-236
113900277,32,0,32
113900278,210,139,71
113900279,145,86,59
113900280,877,496,381
113900281,224,634,-410
113900282,587,308,279
113900283,194,226,-32
113900284,572,107,465
113900285,64,19,45
113900286,14,99,-85
113900287,10,46,-36
113900288,1,58,-57
113900289,1118,41,1077
113900290,231,37,194
113900291,168,138,30
113900292,3,6,-3
113900293,3,147,-144
113900294,253,13,240
113900295,235,141,94
113900296,2379,276,2103
113900297,414,14,400
113900298,8,1189,-1181
113900299,7,114,-107
113900300,4960,1600,3360
113900301,609,198,411
113900302,2012,468,1544
113900303,491,110,381
113900304,1,115,-114
113900305,24,0,24
113900306,5,0,5
113900307,13,0,13
113900308,64,85,-21
113900309,3,741,-738
113900310,0,12,-12
113900311,0,0,0
113900312,73,88,-15
113900313,20,4,16
114000001,812,2813,-2001
114000002,83,390,-307
114000003,25,231,-206
114000004,182,257,-75
114000005,127,224,-97
114000006,2701,1562,1139
114000007,343,1093,-750
114000008,885,659,226
114000009,219,136,83
114000011,1798,2784,-986
114000012,1069,2455,-1386
114000013,817,1876,-1059
114000014,293,308,-15
114000015,472,417,55
114000016,171,307,-136
114000017,74,130,-56
114000018,274,65,209
114000026,567,1377,-810
114000027,1080,1762,-682
114000028,1252,1444,-192
114000038,65,144,-79
114000039,29,54,-25
114000040,57,122,-65
114000042,68,157,-89
114000043,14,145,-131
114000044,46,38,8
114000045,22,84,-62
114000046,1902,3728,-1826
114000047,12,40,-28
114000048,23,64,-41
114000049,981,655,326
114000050,1372,818,554
114000051,2850,995,1855
114000052,2188,914,1274
114000053,27,393,-366
114000054,55,1278,-1223
114000055,120,11,109
114000056,1068,459,609
114000057,7154,2003,5151
114000058,422,344,78
114000059,168,101,67
114000060,323,554,-231
114000061,2607,876,1731
114000062,1778,425,1353
114000063,3289,1291,1998
114000064,7274,1945,5329
114000065,1564,1675,-111
114000066,211,542,-331
114000067,18,252,-234
114000068,375,264,111
114000069,645,266,379
114000070,2110,977,1133
114000071,338,383,-45
114000072,104,301,-197
114000073,4,98,-94
114000074,13,10,3
114000075,18,145,-127
114000076,8,146,-138
114000077,4,50,-46
114000078,89,1107,-1018
114000079,37,20,17
114000080,55,97,-42
114000081,33,92,-59
114000082,31,463,-432
114000083,28,276,-248
114000084,52,44,8
114000085,135,627,-492
114000086,71,560,-489
114000087,21,189,-168
114000088,60,73,-13
114000089,1225,439,786
114000090,502,288,214
114000091,1290,253,1037
114000092,666,180,486
114000093,552,343,209
114000094,227,370,-143
114000095,51,67,-16
114000096,84,577,-493
114000097,84,955,-871
114000098,208,48,160
114000099,139,898,-759
114000100,380,609,-229
114000101,159,1210,-1051
114000102,123,234,-111
114000103,124,463,-339
114000104,3,193,-190
114000105,17,39,-22
114000106,574,224,350
114000107,44,89,-45
114000108,2025,1095,930
114000109,174,324,-150
114000110,358,1580,-1222
114000111,545,332,213
114000112,182,1919,-1737
114000113,431,282,149
114000114,892,1600,-708
114000115,904,427,477
114000116,242,597,-355
114000117,810,332,478
114000118,903,216,687
114000119,640,157,483
114000120,454,974,-520
114000121,289,430,-141
114000122,289,226,63
114000123,563,177,386
114000124,233,220,13
114000125,598,1738,-1140
114000126,531,160,371
114000127,79,128,-49
114000128,464,407,57
114000130,227,348,-121
114000131,75,23,52
114000132,470,551,-81
114000133,849,1056,-207
114000134,25,171,-146
114000138,38,142,-104
114000139,254,70,184
114000144,407,219,188
114000145,51,150,-99
114000146,57,255,-198
114000147,652,702,-50
114000148,2108,873,1235
114000149,245,141,104
114000150,732,404,328
114000151,502,605,-103
114000152,97,20,77
114000153,907,816,91
114000154,464,410,54
114000155,812,1103,-291
114000156,589,295,294
114000157,180,591,-411
114000158,1975,492,1483
114000159,194,264,-70
114000160,180,120,60
114000161,1140,764,376
114000162,677,618,59
114000163,9,128,-119
114000165,140,94,46
114000166,490,139,351
114000167,3961,915,3046
114000168,700,495,205
114000169,1409,510,899
114000170,620,424,196
114000171,505,852,-347
114000174,126,321,-195
114000176,430,242,188
114000177,1829,599,1230
114000178,32,59,-27
114000179,1171,586,585
114000180,314,495,-181
114000181,1134,1649,-515
114000182,4565,1847,2718
114000183,908,935,-27
114000184,6080,1519,4561
114000185,632,728,-96
114000189,207,27,180
114000190,821,98,723
114000191,21,26,-5
114000192,234,1467,-1233
114000193,919,3033,-2114
114000194,816,1158,-342
114000195,29,8,21
114000196,2,278,-276
114000197,404,43,361
114000198,992,314,678
114000199,1498,850,648
114000200,453,2141,-1688
114000201,98,1006,-908
114000202,631,870,-239
114000203,346,986,-640
114000204,60,337,-277
114000205,147,1556,-1409
114000206,275,1058,-783
114000207,448,1962,-1514
114000208,275,2975,-2700
114000209,508,3096,-2588
114000210,276,1598,-1322
114000211,651,1362,-711
114000212,399,685,-286
114000213,740,483,257
114000214,56,219,-163
114000215,101,61,40
114000216,525,187,338
114000217,70,272,-202
114000218,68,317,-249
114000219,525,264,261
114000220,6,1365,-1359
114000221,210,72,138
114000222,164,1193,-1029
114000223,242,46,196
114000224,75,643,-568
114000225,68,378,-310
114000226,29,196,-167
114000227,539,435,104
114000228,484,825,-341
114000229,471,1204,-733
114000230,1057,1390,-333
114000231,541,1122,-581
114000232,280,88,192
114000233,976,103,873
114000234,785,953,-168
114000235,560,1521,-961
114000236,1,454,-453
114000237,64,1038,-974
114000238,17,141,-124
114000239,105,1390,-1285
114000240,403,601,-198
114000241,253,1083,-830
114000242,731,888,-157
114000243,704,617,87
114000244,390,347,43
114000245,236,540,-304
114000246,122,29,93
114000247,349,615,-266
114000248,499,422,77
114000249,277,419,-142
114000250,305,388,-83
114000251,131,331,-200
114000252,55,102,-47
114000253,25,195,-170
114000254,7,52,-45
114000255,371,113,258
114000256,1707,306,1401
114000257,421,1725,-1304
114000258,99,464,-365
114000259,35,237,-202
114000260,0,25,-25
114000261,27,13,14
114000262,13,124,-111
114000263,10,2,8
114000264,207,491,-284
114000265,0,0,0
114000267,4,989,-985
114000268,2,1947,-1945
114000270,43,1,42
114000271,201,70,131
114000283,327,429,-102
114000285,32,265,-233
114000288,34,369,-335
114000289,780,134,646
114000293,66,332,-266
114000294,138,253,-115
114000395,704,55,649
114000396,135,210,-75
114000402,219,298,-79
114000403,157,521,-364
114000405,64,572,-508
114000423,62,472,-410
114000424,93,217,-124
114000425,149,558,-409
114000426,132,354,-222
114000427,65,72,-7
114000428,248,81,167
114000429,6,170,-164
114000432,38,123,-85
114000434,23,101,-78
114000435,0,115,-115
114900001,217,1303,-1086
114900002,202,41,161
114900003,180,1882,-1702
114900004,126,148,-22
114900005,127,889,-762
114900006,10,10,0
114900007,58,8,50
114900008,53,24,29
114900010,2282,1290,992
114900011,29,70,-41
114900013,97,47,50
114900015,18,193,-175
114900018,390,31,359
114900020,45,29,16
114900022,89,465,-376
114900024,76,112,-36
114900025,129,200,-71
114900026,36,29,7
114900027,141,178,-37
114900029,56,23,33
114900030,110,161,-51
114900031,97,24,73
114900032,82,22,60
114900033,1034,183,851
114900034,21,210,-189
114900035,58,165,-107
114900036,162,1054,-892
114900037,34,156,-122
114900038,111,981,-870
114900039,305,668,-363
114900040,30,186,-156
114900041,205,641,-436
114900042,334,852,-518
114900043,747,291,456
114900044,59,10,49
114900046,26,130,-104
114900047,155,883,-728
114900048,52,252,-200
114900049,37,309,-272
114900050,33,588,-555
114900051,14,457,-443
114900052,57,151,-94
114900053,21,227,-206
114900054,34,117,-83
114900057,155,5,150
114900058,0,51,-51
114900059,21,14,7
114900060,1228,267,961
114900061,62,176,-114
114900062,187,203,-16
114900063,35,215,-180
114900064,420,646,-226
114900065,162,580,-418
114900067,26,297,-271
114900068,42,270,-228
114900069,168,118,50
114900070,146,558,-412
114900072,5,246,-241
114900073,0,149,-149
114900074,105,795,-690
114900075,80,1,79
114900076,3,268,-265
114900080,2789,289,2500
114900082,3168,1019,2149
114900083,503,604,-101
114900090,96,104,-8
114900091,120,132,-12
114900095,304,122,182
114900096,533,423,110
114900097,30,0,30
114900098,0,205,-205
114900099,33,2,31
115000001,8425,5808,2617
115000002,2293,2451,-158
115000003,3194,4203,-1009
115000004,1725,3313,-1588
115000005,923,2919,-1996
115000006,413,1097,-684
115000007,62,112,-50
115000008,345,379,-34
115000009,103,288,-185
115000010,173,115,58
115000013,71,134,-63
115000015,135,149,-14
115000016,37,162,-125
115000019,11,283,-272
115000020,86,223,-137
115000021,177,370,-193
115000022,317,232,85
115000023,192,295,-103
115000024,876,396,480
115000025,551,364,187
115000026,101,298,-197
115000027,111,256,-145
115000028,95,512,-417
115000029,245,94,151
115000030,178,627,-449
115000031,567,106,461
115000032,3,278,-275
115000033,75,10,65
115000034,89,886,-797
115000035,574,15,559
115000036,1,354,-353
115000037,164,3,161
115000038,40,144,-104
115000039,2436,1292,1144
115000040,5516,2702,2814
115000041,926,1828,-902
115000042,449,498,-49
115000043,2191,2173,18
115000044,2592,4024,-1432
115000045,1566,2511,-945
115000046,972,1944,-972
115000047,1161,1756,-595
115000048,1124,2804,-1680
115000049,1177,2561,-1384
115000050,1764,1496,268
115000051,1744,1178,566
115000052,3031,1749,1282
115000053,1123,954,169
115000054,750,1278,-528
115000055,57,385,-328
115000056,192,209,-17
115000057,257,601,-344
115000058,162,169,-7
115000059,152,190,-38
115000061,119,82,37
115000062,72,281,-209
115000063,129,291,-162
115000064,234,120,114
115000065,20,177,-157
115000067,203,41,162
115000069,31,244,-213
115000070,36,494,-458
115000071,85,12,73
115000072,22,47,-25
115000073,1452,26,1426
115000075,28,28,0
115000076,2584,2919,-335
115000077,896,3399,-2503
115000078,457,1855,-1398
115000079,558,2164,-1606
115000080,1100,2549,-1449
115000081,366,794,-428
115000082,2187,2277,-90
115000083,1197,3068,-1871
115000084,703,917,-214
115000085,261,1029,-768
115000086,442,949,-507
115000087,417,1381,-964
115000088,1102,527,575
115000089,1525,1349,176
115000090,711,441,270
115000091,208,1154,-946
115000092,293,268,25
115000093,314,3,311
115000094,6990,3760,3230
115000095,5669,3433,2236
115000096,421,1885,-1464
115000097,340,754,-414
115000098,463,806,-343
115000099,1135,2991,-1856
115000100,380,443,-63
115000101,261,1424,-1163
115000102,230,153,77
115000103,291,828,-537
115000105,34,258,-224
115000106,212,213,-1
115000107,100,627,-527
115000108,3339,2719,620
115000109,4836,1999,2837
115000110,939,564,375
115000111,493,1208,-715
115000112,338,308,30
115000113,438,646,-208
115000114,1396,693,703
115000116,2247,875,1372
115000117,2781,1311,1470
115000118,1180,1083,97
115000119,1366,1283,83
115000120,360,555,-195
115000121,1466,580,886
115000122,3684,521,3163
115000123,1498,848,650
115000124,707,518,189
115000125,219,466,-247
115000126,106,224,-118
115000127,234,104,130
115000128,805,687,118
115000129,250,133,117
115000130,179,883,-704
115000131,277,220,57
115000132,70,407,-337
115000133,117,355,-238
115000134,67,158,-91
115000135,77,204,-127
115000136,68,191,-123
115000137,46,154,-108
115000138,112,225,-113
115000139,117,221,-104
115000140,100,143,-43
115000141,74,287,-213
115000142,52,316,-264
115000143,251,403,-152
115000144,216,56,160
115000145,175,549,-374
115000146,123,159,-36
115000147,209,552,-343
115000148,256,1387,-1131
115000149,217,161,56
115000150,508,1185,-677
115000151,354,253,101
115000152,395,1569,-1174
115000153,399,243,156
115000154,316,229,87
115000155,320,1201,-881
115000156,621,394,227
115000157,699,764,-65
115000158,486,276,210
115000159,561,262,299
115000160,422,193,229
115000161,112,486,-374
115000162,501,428,73
115000163,476,525,-49
115000164,449,418,31
115000165,259,259,0
115000167,79,53,26
115000168,543,193,350
115000169,476,258,218
115000170,104,111,-7
115000171,180,122,58
115000172,1523,377,1146
115000173,175,162,13
115000174,44,147,-103
115000175,91,66,25
115000176,58,37,21
115000177,68,53,15
115000178,14,213,-199
115000179,15,14,1
115000180,37,541,-504
115000181,247,102,145
115000182,269,273,-4
115000183,129,908,-779
115000186,369,226,143
115000187,80,580,-500
115000188,337,445,-108
115000189,176,383,-207
115000190,395,443,-48
115000191,121,329,-208
115000194,111,99,12
115000195,177,136,41
115000196,55,97,-42
115000197,61,412,-351
115000198,70,196,-126
115000199,74,287,-213
115000200,188,108,80
115000201,52,345,-293
115000206,98,39,59
115000207,18,246,-228
115000208,365,547,-182
115000209,341,78,263
115000210,60,85,-25
115000211,110,131,-21
115000212,1226,254,972
115000224,121,67,54
115000225,43,47,-4
115000229,272,146,126
115000230,64,306,-242
115000231,270,2352,-2082
115000232,665,297,368
115000233,44,150,-106
115000234,9,160,-151
115000241,24,338,-314
115000242,29,326,-297
115000243,44,277,-233
115000244,4,84,-80
115000246,15,12,3
115000247,11,6,5
115000248,6,3,3
115000249,21,10,11
115000250,174,34,140
115000251,83,84,-1
115000252,14,106,-92
115000253,16,135,-119
115000258,91,170,-79
115000259,241,144,97
115000261,7,18,-11
115000262,6,22,-16
115000263,8,34,-26
115000264,21,42,-21
115000267,25,68,-43
115000268,20,70,-50
115000269,83,80,3
115000270,1,17,-16
115000272,23,109,-86
115000273,180,42,138
115000280,2200,53,2147
115000281,535,121,414
115000282,570,281,289
115000284,277,72,205
115000296,448,9,439
115000297,65,31,34
115000298,19,71,-52
115000300,65,193,-128
115000302,138,176,-38
115000303,238,108,130
115000304,220,72,148
115000305,42,1036,-994
115000306,43,530,-487
115000307,21,317,-296
115000308,52,21,31
115000309,7,13,-6
115000310,469,1237,-768
115000311,294,1289,-995
115000313,74,665,-591
115000314,162,52,110
115000315,1261,254,1007
115000316,34,52,-18
115000317,126,464,-338
115000318,445,159,286
115000319,48,248,-200
115000320,2,98,-96
115000321,429,2,427
115000322,39,218,-179
115000449,192,93,99
115000557,1,422,-421
115000558,143,75,68
115000587,213,228,-15
115000588,1723,3710,-1987
115000589,1962,2369,-407
115000590,504,1368,-864
115000591,968,578,390
115000592,510,1189,-679
115000593,999,373,626
115000594,850,1277,-427
115000609,119,151,-32
115000617,1446,1069,377
115000624,121,78,43
115000633,300,1541,-1241
115000634,1961,544,1417
115000635,219,61,158
115000638,1049,743,306
115000641,60,79,-19
115000642,281,152,129
115000643,81,317,-236
115000644,108,364,-256
115000646,479,788,-309
115000647,102,313,-211
115000648,705,1365,-660
115000893,3673,847,2826
115000894,44,947,-903
115000895,358,703,-345
115000896,964,330,634
115000897,348,40,308
115000898,548,129,419
115000899,873,836,37
115000900,71,281,-210
115000901,82,43,39
115000912,99,53,46
115000913,4,36,-32
115000915,7,0,7
115000916,1,0,1
115000917,0,7,-7
115000918,65,99,-34
115000919,39,2,37
115000920,17,13,4
115000921,1061,41,1020
115000922,1148,341,807
115000923,490,633,-143
115000925,33,60,-27
115000927,10,21,-11
115000933,310,90,220
115000934,62,152,-90
115000935,27,78,-51
115000936,37,182,-145
115000937,1073,108,965
115000938,187,100,87
115000939,267,82,185
115000940,8,5,3
115000941,5,3,2
115000942,23,27,-4
115000943,78,12,66
115000944,7,6,1
115900001,18,82,-64
115900002,76,131,-55
115900003,86,101,-15
115900004,0,50,-50
115900005,42,8,34
115900006,34,430,-396
115900008,19,6,13
115900009,37,236,-199
115900010,76,186,-110
115900011,137,233,-96
115900012,29,87,-58
115900013,225,122,103
115900014,65,150,-85
115900015,21,149,-128
115900016,41,27,14
115900017,0,2,-2
115900018,119,81,38
115900019,87,21,66
115900020,9,0,9
115900021,1667,107,1560
115900022,2201,6,2195
115900023,9,0,9
115900025,40,121,-81
115900026,774,341,433
115900027,0,348,-348
115900028,500,43,457
115900029,8,475,-467
115900030,31,2,29
115900031,473,135,338
115900032,177,559,-382
115900033,1,47,-46
115900034,11,494,-483
115900035,15,97,-82
115900036,173,223,-50
115900037,16,532,-516
115900038,5,9,-4
115900039,74,260,-186
115900041,232,237,-5
115900042,6,1,5
115900043,27,111,-84
115900044,158,177,-19
115900046,101,245,-144
115900047,33,28,5
115900049,62,175,-113
115900051,0,85,-85
115900052,5,261,-256
115900053,48,261,-213
115900054,75,29,46
115900055,16,126,-110
115900056,81,357,-276
115900057,7,1,6
115900058,26,54,-28
115900060,21,143,-122
115900061,80,0,80
115900062,13,388,-375
115900063,42,8,34
115900064,145,275,-130
115900065,16,96,-80
115900066,169,168,1
115900067,2,777,-775
115900068,3583,114,3469
115900069,24,208,-184
115900070,87,254,-167
115900071,1,609,-608
115900072,62,169,-107
115900073,18,24,-6
115900074,4,330,-326
115900075,14,329,-315
115900076,0,79,-79
115900077,5,350,-345
115900078,18,137,-119
115900079,29,14,15
115900080,285,139,146
115900081,7,59,-52
115900082,113,86,27
115900084,112,35,77
115900085,53,44,9
115900086,1300,309,991
115900088,28,35,-7
115900089,117,772,-655
115900090,88,26,62
115900091,1,15,-14
115900092,34,236,-202
115900093,5,44,-39
115900094,4,445,-441
115900096,0,18,-18
115900097,9,537,-528
115900098,75,413,-338
115900099,4,91,-87
115900100,7,476,-469
115900101,77,393,-316
115900102,18,51,-33
115900103,127,203,-76
115900104,8,146,-138
115900105,37,637,-600
115900106,25,22,3
115900107,8,177,-169
115900108,36,54,-18
115900109,38,342,-304
115900110,0,10,-10
115900111,0,72,-72
115900112,23,732,-709
115900113,8,11,-3
115900114,1,147,-146
115900115,20,138,-118
115900116,68,825,-757
115900117,30,17,13
115900118,1,421,-420
115900119,42,65,-23
115900120,13,278,-265
115900121,80,166,-86
115900124,80,262,-182
115900125,100,14,86
115900126,283,33,250
115900127,293,20,273
115900128,2,69,-67
115900129,282,15,267
115900130,21,185,-164
115900131,89,9,80
115900132,105,4,101
115900134,120,14,106
115900135,471,412,59
115900137,0,4,-4
115900139,59,65,-6
115900140,112,3,109
115900141,6,40,-34
115900142,5,9,-4
115900143,38,229,-191
115900144,21,159,-138
115900146,3,144,-141
115900147,108,184,-76
115900148,5,10,-5
115900149,38,30,8
115900150,16,86,-70
115900151,2,52,-50
115900152,23,340,-317
115900153,22,202,-180
115900154,415,258,157
115900155,0,54,-54
115900156,320,524,-204
115900157,42,306,-264
115900158,22,5,17
115900159,16,153,-137
115900160,3,0,3
115900161,8,140,-132
115900163,68,75,-7
115900164,118,6,112
115900166,106,176,-70
115900168,12,129,-117
115900171,33,233,-200
115900172,17,107,-90
115900173,116,159,-43
115900174,218,183,35
115900175,46,152,-106
115900178,2,663,-661
115900179,115,23,92
115900180,17,271,-254
115900181,51,247,-196
115900182,142,310,-168
115900183,92,10,82
115900184,1567,11,1556
115900187,7,83,-76
115900189,0,61,-61
115900190,201,296,-95
115900191,27,375,-348
115900192,4,27,-23
115900193,65,26,39
115900194,204,20,184
115900195,293,600,-307
115900198,126,169,-43
115900199,122,159,-37
115900200,200,196,4
115900201,235,138,97
115900202,1,1,0
115900203,2,2,0
115900204,0,7,-7
115900205,12,7,5
115900206,60,147,-87
115900207,15,33,-18
115900208,52,221,-169
115900209,1,87,-86
115900210,2,173,-171
115900211,4,134,-130
115900212,43,191,-148
115900213,27,27,0
115900214,116,226,-110
115900215,8,19,-11
115900216,3,61,-58
115900217,1,53,-52
115900218,3,34,-31
115900219,23,2,21
115900220,35,8,27
115900221,8,6,2
115900222,5,3,2
115900223,2,52,-50
115900224,1340,273,1067
115900225,84,19,65
115900226,9,19,-10
115900227,6,23,-17
115900228,0,27,-27
115900229,3,39,-36
115900230,36,67,-31
115900231,50,1,49
115900232,12,1,11
115900233,57,6,51
115900234,12,14,-2
115900235,1,15,-14
115900236,7,7,0
115900237,3,18,-15
115900238,5,15,-10
115900239,1,11,-10
115900240,5,47,-42
115900241,74,57,17
115900242,114,107,7
115900243,3,11,-8
115900244,0,10,-10
115900245,26,11,15
115900246,2,0,2
115900247,7,8,-1
115900248,3,2,1
115900249,7,1,6
115900250,4,14,-10
115900251,0,3,-3
115900252,1,1,0
115900253,1,10,-9
115900254,1,12,-11
115900255,2,9,-7
115900256,18,12,6
115900257,1,3,-2
115900258,0,2,-2
115900259,7,6,1
115900260,9,0,9
115900261,6,4,2
115900262,1,0,1
115900263,6,5,1
115900264,1,2,-1
115900265,0,4,-4
115900266,2,4,-2
115900267,3,3,0
115900268,0,3,-3
115900269,157,331,-174
115900270,124,548,-424
115900271,38,0,38
115900272,5,3,2
115900273,2,10,-8
115900274,0,13,-13
115900275,0,48,-48
115900276,0,56,-56
115900277,0,147,-147
115900278,11,113,-102
115900279,5,121,-116
115900280,12,132,-120
115900281,440,80,360
115900282,17,5,12
115900283,3,0,3
115900284,7,7,0
116000001,17108,4344,12764
116000002,3386,3311,75
116000003,1265,1582,-317
116000004,1022,1165,-143
116000005,2077,3032,-955
116000006,1187,756,431
116000007,2667,3911,-1244
116000008,1977,1279,698
116000009,1689,2585,-896
116000010,1047,736,311
116000011,598,1752,-1154
116000012,441,455,-14
116000013,14139,3523,10616
116000014,18427,4957,13470
116000015,377,472,-95
116000016,6701,1243,5458
116000017,20,338,-318
116000018,673,306,367
116000019,412,224,188
116000020,323,1001,-678
116000021,158,218,-60
116000022,187,435,-248
116000023,389,355,34
116000024,559,1284,-725
116000025,452,376,76
116000026,1311,1904,-593
116000027,229,345,-116
116000028,218,415,-197
116000029,829,522,307
116000030,236,239,-3
116000031,89,158,-69
116000032,229,254,-25
116000033,211,482,-271
116000034,332,778,-446
116000035,246,403,-157
116000036,1607,316,1291
116000037,444,374,70
116000038,393,231,162
116000039,465,195,270
116000040,522,137,385
116000041,207,383,-176
116000042,267,182,85
116000043,57,400,-343
116000044,21,134,-113
116000045,910,884,26
116000046,808,702,106
116000047,1341,1371,-30
116000048,1241,1185,56
116000049,504,1413,-909
116000050,944,1175,-231
116000051,1615,1356,259
116000052,2186,2766,-580
116000053,962,953,9
116000054,445,2078,-1633
116000055,249,1388,-1139
116000056,475,884,-409
116000057,2361,1987,374
116000058,2042,1421,621
116000059,1642,2725,-1083
116000060,2542,747,1795
116000061,387,619,-232
116000062,435,184,251
116000063,415,895,-480
116000066,112,226,-114
116000067,237,565,-328
116000068,97,149,-52
116000069,235,395,-160
116000078,160,867,-707
116000080,657,824,-167
116000082,6,81,-75
116000083,708,223,485
116000084,1712,3765,-2053
116000085,1346,665,681
116000086,1892,1390,502
116000087,753,650,103
116000088,594,1064,-470
116000089,118,82,36
116000090,78,146,-68
116000091,126,106,20
116000093,837,351,486
116000094,242,643,-401
116000095,373,390,-17
116000096,380,897,-517
116000097,270,606,-336
116000098,179,2856,-2677
116000099,7579,274,7305
116000100,62,13,49
116000101,241,1316,-1075
116000102,155,1163,-1008
116000103,244,185,59
116000104,114,1463,-1349
116000105,375,187,188
116000106,199,1079,-880
116000107,590,368,222
116000108,36,153,-117
116000111,33,10,23
116000113,65,22,43
116000114,13,126,-113
116000115,190,146,44
116000116,153,500,-347
116000117,688,1641,-953
116000118,792,1478,-686
116000119,1197,1430,-233
116000120,1976,4332,-2356
116000121,331,261,70
116000122,1040,2255,-1215
116000123,225,296,-71
116000124,225,1175,-950
116000125,999,418,581
116000126,100,1399,-1299
116000127,769,1458,-689
116000128,750,564,186
116000129,484,160,324
116000130,224,190,34
116000133,268,820,-552
116000134,951,2536,-1585
116000135,860,1034,-174
116000136,808,2393,-1585
116000137,484,434,50
116000138,1121,378,743
116000139,1362,2022,-660
116000140,53,213,-160
116000141,300,997,-697
116000142,3639,3860,-221
116000143,1734,1074,660
116000144,910,2907,-1997
116000145,1042,1247,-205
116000146,162,352,-190
116000147,167,93,74
116000148,211,342,-131
116000149,218,443,-225
116000151,410,1015,-605
116000153,49,362,-313
116000155,131,179,-48
116000156,1182,859,323
116000157,24,17,7
116000158,178,323,-145
116000159,5,5,0
116000160,10,104,-94
116000161,8,95,-87
116000162,29,39,-10
116000163,7,9,-2
116000164,6,14,-8
116000177,27,83,-56
116000194,45,277,-232
116000195,940,527,413
116000196,0,6,-6
116000197,3,12,-9
116000198,2052,779,1273
116000200,598,168,430
116000201,406,664,-258
116000202,9,266,-257
116000203,2,72,-70
116000204,6,29,-23
116000205,0,139,-139
116000206,5,75,-70
116000207,0,27,-27
116000233,88,629,-541
116000287,54,578,-524
116000288,43,196,-153
116000292,21,114,-93
116000296,13,240,-227
116000297,60,8,52
116000304,31,45,-14
116000305,12,90,-78
116000346,43,170,-127
116000352,59,26,33
116000354,11,5,6
116000357,4,7,-3
116000358,71,17,54
116000361,537,8,529
116000372,8648,1679,6969
116000381,63,1,62
116000388,0,36,-36
116000389,412,439,-27
116000445,101,742,-641
116000446,151,869,-718
116000447,3,495,-492
116000448,407,200,207
116000563,640,412,228
116000565,50,379,-329
116000568,55,101,-46
116000579,14,94,-80
116000583,38,49,-11
116000584,9,21,-12
116000585,8,13,-5
116000586,163,43,120
116000587,209,452,-243
116000589,43,89,-46
116000590,37,130,-93
116000591,36,180,-144
116000592,5,176,-171
116000593,1,67,-66
116000594,136,539,-403
116000595,239,152,87
116000596,25,7,18
116000597,112,28,84
116000598,6,187,-181
116000605,143,112,31
116000606,21,136,-115
116000607,5,56,-51
116000609,155,495,-340
116000611,78,507,-429
116000612,492,1652,-1160
116000613,163,266,-103
116000614,418,818,-400
116000615,2,112,-110
116000616,19,94,-75
116000617,36,104,-68
116000618,1,150,-149
116000619,7,41,-34
116000620,28,34,-6
116000621,11,46,-35
116000622,39,73,-34
116000624,34,56,-22
116000627,22,105,-83
116000628,13,970,-957
116000629,19,532,-513
116000630,163,29,134
116000631,56,41,15
116000632,204,124,80
116000633,64,357,-293
116000634,119,336,-217
116000635,3231,1336,1895
116000636,1660,756,904
116000637,143,129,14
116000638,60,508,-448
116000640,4,16,-12
116000641,1,7,-6
116000644,12,1299,-1287
116900001,132,86,46
116900002,184,0,184
116900003,13,55,-42
116900004,25,31,-6
116900005,67,54,13
116900006,111,110,1
116900007,85,160,-75
116900008,134,430,-296
116900009,8,1,7
116900010,5,1746,-1741
116900011,18,25,-7
116900012,56,184,-128
116900013,2,166,-164
116900014,25,412,-387
116900015,66,44,22
116900016,40,4,36
116900017,1,671,-670
116900018,17,25,-8
116900019,4,336,-332
116900020,1439,231,1208
116900023,29,10,19
116900024,197,55,142
116900025,267,891,-624
116900026,114,672,-558
116900027,11,33,-22
116900028,3,90,-87
116900029,0,10,-10
116900031,2,2,0
116900032,26,307,-281
116900033,1,11,-10
116900034,4,68,-64
116900035,38,158,-120
116900036,0,99,-99
116900038,3,1,2
116900041,50,22,28
116900042,855,171,684
116900043,3,69,-66
116900047,65,21,44
116900049,41,246,-205
116900050,44,314,-270
116900051,24,240,-216
116900052,141,64,77
116900055,0,2,-2
116900057,5,264,-259
116900058,19,368,-349
116900059,2,175,-173
116900060,101,195,-94
116900062,1,3,-2
116900064,25,912,-887
116900065,17,64,-47
116900067,39,82,-43
116900068,108,474,-366
116900070,0,3,-3
116900072,7,412,-405
116900073,5,191,-186
116900074,3,25,-22
116900076,2,13,-11
116900077,6,122,-116
116900078,195,82,113
116900079,17,265,-248
116900080,2,26,-24
116900081,226,1204,-978
116900082,89,912,-823
116900083,27,55,-28
116900084,112,45,67
116900085,10,78,-68
116900086,15,165,-150
116900088,129,59,70
116900090,111,39,72
116900091,53,56,-3
116900092,42,739,-697
116900093,1414,1326,88
116900094,5892,1605,4287
116900095,90,178,-88
116900096,50,79,-29
116900097,3397,1237,2160
116900098,903,113,790
116900099,339,222,117
116900100,334,23,311
116900101,227,619,-392
116900103,6,0,6
116900104,15,46,-31
116900105,218,34,184
116900106,539,284,255
116900107,3764,896,2868
116900110,6,0,6
116900111,95,1121,-1026
116900112,87,881,-794
116900113,2607,717,1890
116900116,64,189,-125
116900117,17,49,-32
116900118,1040,445,595
116900120,80,85,-5
116900121,29,38,-9
116900122,170,847,-677
116900123,43,908,-865
116900124,107,754,-647
116900125,102,166,-64
116900126,159,423,-264
116900128,0,45,-45
116900129,1,244,-243
116900130,804,1442,-638
116900131,5,66,-61
116900132,19,97,-78
116900133,60,83,-23
116900134,113,160,-47
116900136,55,137,-82
116900137,172,154,18
116900138,112,153,-41
116900139,64,386,-322
116900140,97,138,-41
116900141,245,209,36
116900142,0,30,-30
116900143,95,443,-348
116900144,3,28,-25
116900145,52,271,-219
116900147,450,197,253
116900148,2,25,-23
116900149,24,80,-56
116900150,6,7,-1
116900151,43,8,35
116900153,27,32,-5
116900154,542,125,417
116900155,29,42,-13
116900157,126,194,-68
116900158,76,51,25
116900159,28,186,-158
116900160,401,202,199
116900161,7559,2634,4925
116900162,5,187,-182
116900163,68,126,-58
116900164,13,21,-8
116900165,86,92,-6
116900166,16,82,-66
116900167,98,39,59
116900168,78,72,6
116900169,411,119,292
116900170,72,208,-136
116900171,21,193,-172
116900172,173,44,129
116900173,56,41,15
116900174,9,14,-5
116900175,112,67,45
116900178,10,181,-171
116900179,60,57,3
116900180,67,13,54
116900182,164,132,32
116900183,69,60,9
116900185,13,16,-3
116900186,35,297,-262
116900187,19,20,-1
116900188,56,9,47
116900189,15,0,15
116900191,160,260,-100
116900192,147,117,30
116900194,42,350,-308
116900195,14,4,10
116900196,29,108,-79
116900197,19,1,18
116900198,252,99,153
116900200,9,37,-28
116900201,25,3,22
116900202,129,51,78
116900203,36,0,36
116900204,24,37,-13
116900206,1,47,-46
116900207,17,17,0
116900208,2,121,-119
116900209,7,125,-118
116900210,198,144,54
116900211,150,13,137
116900212,6,51,-45
116900213,126,123,3
116900214,44,153,-109
116900215,2,34,-32
116900216,129,302,-173
116900218,5,254,-249
116900219,595,303,292
116900220,36,114,-78
116900221,55,214,-159
116900222,301,199,102
116900223,60,93,-33
116900226,18,59,-41
116900227,62,45,17
116900228,113,262,-149
116900230,30,406,-376
116900231,13,528,-515
116900232,6,497,-491
116900233,72,55,17
116900234,20,4,16
116900235,114,260,-146
116900238,1108,316,792
116900239,27,614,-587
116900240,5126,1745,3381
116900241,25,146,-121
116900242,1627,144,1483
116900243,0,45,-45
116900245,35,12,23
116900246,22,14,8
116900247,131,5,126
116900248,38,15,23
116900249,80,100,-20
116900250,72,22,50
116900251,396,72,324
116900252,23,858,-835
116900254,5,61,-56
116900255,64,14,50
116900256,63,54,9
116900257,10,541,-531
116900258,0,331,-331
116900259,21,11,10
116900260,0,152,-152
116900261,11,1,10
116900262,44,156,-112
116900263,0,4,-4
116900264,0,5,-5
116900265,9,0,9
116900266,5,59,-54
116900267,1,1,0
116900268,12,6,6
116900269,224,401,-177
116900271,1645,55,1590
116900272,450,488,-38
116900273,208,25,183
116900274,44,50,-6
116900275,35,118,-83
116900276,401,24,377
116900277,456,5,451
116900278,5,1,4
116900279,0,20,-20
116900280,8,9,-1
116900281,7029,1495,5534
116900282,10,253,-243
116900283,13,109,-96
116900284,15,206,-191
116900285,304,73,231
116900286,154,21,133
116900287,6,55,-49
116900288,18,125,-107
116900289,7,22,-15
116900290,0,27,-27
116900291,1,6,-5
116900292,0,6,-6
116900293,11,72,-61
116900294,15,113,-98
116900295,80,24,56
116900296,29,61,-32
116900297,4,44,-40
116900298,74,34,40
116900299,43,21,22
116900300,2,88,-86
116900301,52,93,-41
116900302,32,25,7
116900303,363,33,330
116900304,0,118,-118
116900305,16,22,-6
116900306,50,119,-69
116900307,12,0,12
116900308,1,235,-234
116900309,16,147,-131
117000001,770,932,-162
117000002,1380,3612,-2232
117000003,4782,2245,2537
117000004,3604,4743,-1139
117000005,1065,1194,-129
117000006,827,4301,-3474
117000007,2007,1175,832
117000008,990,4058,-3068
117000009,3688,1310,2378
117000010,2382,4226,-1844
117000011,891,1938,-1047
117000012,889,1694,-805
117000013,912,1297,-385
117000014,802,2488,-1686
117000015,2272,1098,1174
117000016,414,58,356
117000017,382,150,232
117000018,146,230,-84
117000019,216,10,206
117000020,685,694,-9
117000021,3208,539,2669
117000022,398,40,358
117000023,523,126,397
117000024,342,37,305
117000025,727,547,180
117000026,2493,530,1963
117000027,3700,815,2885
117000028,4375,445,3930
117000030,1039,516,523
117000031,470,157,313
117000032,1740,1233,507
117000033,838,719,119
117000034,257,303,-46
117000035,182,198,-16
117000036,364,247,117
117000037,193,153,40
117000038,210,339,-129
117000039,250,224,26
117000040,83,1298,-1215
117000041,392,128,264
117000044,13,1260,-1247
117000045,202,45,157
117000046,371,828,-457
117000047,402,461,-59
117000048,1686,1188,498
117000049,112,360,-248
117000050,87,2560,-2473
117000051,1168,177,991
117000052,9,590,-581
117000053,69,60,9
117000054,868,1,867
117000055,90,3291,-3201
117000056,274,15,259
117000057,628,1896,-1268
117000060,308,1835,-1527
117000061,918,570,348
117000062,184,513,-329
117000063,892,589,303
117000064,796,697,99
117000066,842,586,256
117000067,104,243,-139
117000074,191,119,72
117000076,67,27,40
117000077,86,75,11
117000078,71,504,-433
117000079,151,149,2
117000080,1,379,-378
117000081,522,110,412
117000082,13,39,-26
117000083,82,9,73
117000084,225,2,223
117000085,79,449,-370
117000086,1183,641,542
117000087,89,430,-341
117000088,183,167,16
117000089,826,261,565
117000090,177,1507,-1330
117000091,367,297,70
117000092,248,1744,-1496
117000093,543,542,1
117000094,510,2580,-2070
117000095,1332,627,705
117000096,376,2359,-1983
117000097,631,1115,-484
117000098,2416,5628,-3212
117000099,1272,646,626
117000100,74,137,-63
117000101,169,1375,-1206
117000102,674,403,271
117000103,661,1904,-1243
117000104,641,372,269
117000105,603,2078,-1475
117000106,539,664,-125
117000107,331,2591,-2260
117000108,768,672,96
117000109,1576,2950,-1374
117000110,826,465,361
117000111,2933,4295,-1362
117000112,1721,1771,-50
117000113,62,369,-307
117000114,95,118,-23
117000115,51,135,-84
117000116,53,188,-135
117000117,1033,285,748
117000118,132,129,3
117000119,108,41,67
117000120,378,59,319
117000121,334,322,12
117000122,518,565,-47
117000123,1695,33,1662
117000124,929,28,901
117000125,443,41,402
117000126,61,52,9
117000127,107,349,-242
117000128,374,487,-113
117000129,602,328,274
117000130,53,2,51
117000131,1,250,-249
117000132,725,10,715
117000133,336,94,242
117000134,3,42,-39
117000135,0,52,-52
117000136,2,39,-37
117000137,28,35,-7
117000138,1,480,-479
117000140,364,1645,-1281
117000141,712,447,265
117000181,787,326,461
117000182,188,150,38
117000195,180,1243,-1063
117000196,58,32,26
117000225,147,5,142
117000226,6,74,-68
117000276,67,3,64
117000277,1,543,-542
117000310,1981,2413,-432
117000315,29,480,-451
117000320,80,0,80
117000906,103,10,93
117000907,4,468,-464
117000909,72,27,45
117000910,167,96,71
117000911,83,212,-129
117000915,12,565,-553
117000916,6,1,5
117000917,426,4,422
117000918,15,44,-29
117000919,19,128,-109
117000920,2,1579,-1577
117000921,9,2272,-2263
117000922,40,136,-96
117000924,210,637,-427
117000926,1391,43,1348
117000927,2389,229,2160
117000928,0,240,-240
117000929,100,498,-398
117000930,44,23,21
117000931,959,55,904
117900002,79,310,-231
117900003,636,204,432
117900005,4,6,-2
117900006,0,54,-54
117900007,42,179,-137
117900008,1,30,-29
117900010,111,129,-18
117900011,15,21,-6
117900012,26,185,-159
117900013,2,286,-284
117900014,302,229,73
117900015,11,263,-252
117900016,1058,280,778
117900017,223,533,-310
117900018,255,30,225
117900019,235,627,-392
117900020,66,203,-137
117900021,24,101,-77
117900023,659,92,567
117900024,80,127,-47
117900025,24,9,15
117900026,117,434,-317
117900028,26,2,24
117900029,104,977,-873
117900030,119,148,-29
117900031,93,52,41
117900032,337,245,92
117900033,91,981,-890
117900034,31,30,1
117900035,70,40,30
117900036,91,671,-580
117900037,30,132,-102
117900038,13,368,-355
117900039,8,99,-91
117900040,85,554,-469
117900041,8,59,-51
117900042,4371,374,3997
117900043,18,41,-23
117900044,5,1682,-1677
117900045,137,58,79
117900048,84,347,-263
117900049,41,800,-759
117900050,5,27,-22
117900051,14,2,12
117900052,25,213,-188
117900053,556,657,-101
117900054,2,11,-9
117900055,91,84,7
117900056,472,21,451
117900057,683,1320,-637
117900058,86,9,77
117900059,205,46,159
117900060,459,5208,-4749
117900061,8,131,-123
117900063,114,194,-80
117900065,562,1046,-484
117900066,14,33,-19
117900067,288,342,-54
117900069,292,508,-216
117900070,172,2,170
117900071,94,112,-18
117900073,160,428,-268
117900074,85,0,85
117900075,40,65,-25
117900076,7,46,-39
117900077,110,72,38
117900078,183,328,-145
117900080,104,56,48
117900081,601,426,175
117900082,163,210,-47
117900083,168,768,-600
117900086,39,45,-6
117900087,20,50,-30
117900088,2571,1469,1102
117900089,785,187,598
117900090,152,861,-709
117900091,123,149,-26
117900092,17,44,-27
117900093,18,79,-61
117900094,11,4,7
117900095,158,747,-589
117900096,33,246,-213
117900097,44,63,-19
117900098,8,4,4
117900099,64,457,-393
117900100,75,0,75
117900101,304,737,-433
117900102,21,35,-14
117900103,11,1,10
117900104,8,140,-132
117900105,157,185,-28
117900106,75,32,43
117900107,3,0,3
117900109,238,232,6
117900110,31,0,31
117900111,131,6,125
117900112,36,5,31
117900113,3501,1206,2295
117900114,4,0,4
117900115,302,22,280
117900116,758,573,185
117900117,187,200,-13
117900118,13,0,13
117900119,36,309,-273
117900120,42,72,-30
117900121,37,26,11
117900122,893,1175,-282
117900123,363,788,-425
117900124,328,511,-183
117900125,957,615,342
117900126,343,499,-156
117900127,213,623,-410
117900128,109,824,-715
117900129,13,0,13
117900130,567,227,340
117900131,1,97,-96
117900132,4,97,-93
117900133,4,146,-142
117900134,25,212,-187
117900135,12,261,-249
117900136,0,77,-77
117900137,18,360,-342
117900138,0,46,-46
117900139,17,103,-86
117900140,5378,94,5284
117900141,127,283,-156
117900142,48,5,43
117900144,50,76,-26
117900145,44,10,34
117900146,122,78,44
117900147,15,63,-48
117900148,2496,782,1714
117900149,12,171,-159
117900150,21,81,-60
117900151,28,143,-115
117900152,77,80,-3
117900153,7,90,-83
117900154,269,622,-353
117900156,599,556,43
117900157,35,372,-337
117900158,80,58,22
117900160,277,180,97
117900161,2262,2096,166
117900162,124,312,-188
117900163,56,7,49
117900165,0,7,-7
117900166,68,189,-121
117900168,53,184,-131
117900169,0,117,-117
117900170,1,35,-34
117900171,1,12,-11
117900172,10,28,-18
117900173,147,58,89
117900174,13,24,-11
117900175,0,26,-26
117900176,6,41,-35
117900177,6,54,-48
117900178,80,21,59
117900180,228,24,204
117900181,112,131,-19
117900182,0,18,-18
117900183,23,87,-64
117900184,0,35,-35
117900185,21,22,-1
117900186,18,15,3
117900187,4,2,2
117900188,88,17,71
117900189,20,6,14
117900190,12,0,12
117900191,24,1,23
117900192,59,0,59
117900193,0,27,-27
117900194,7,14,-7
117900195,7,4,3
117900196,9,12,-3
117900207,91,49,42
117900208,15,41,-26
117900209,152,126,26
117900210,141,134,7
117900211,12,125,-113
117900212,78,156,-78
117900213,3,7,-4
117900214,1,53,-52
117900215,5,47,-42
117900216,49,4,45
117900217,163,21,142
117900218,254,111,143
117900219,4,17,-13
117900220,43,72,-29
117900222,188,239,-51
117900223,117,135,-18
118000001,574,286,288
118000002,1303,1607,-304
118000003,1340,890,450
118000004,2982,2052,930
118000005,5006,1340,3666
118000006,7701,6051,1650
118000007,5733,1639,4094
118000008,5242,2308,2934
118000009,1656,1997,-341
118000010,1529,3170,-1641
118000011,591,2289,-1698
118000012,772,2474,-1702
118000013,2702,2492,210
118000014,1580,3168,-1588
118000016,252,559,-307
118000017,121,288,-167
118000018,198,670,-472
118000019,1542,1138,404
118000020,838,1000,-162
118000021,560,1239,-679
118000022,1588,430,1158
118000023,899,178,721
118000024,1451,501,950
118000027,16859,4020,12839
118000029,1089,445,644
118000032,1612,1260,352
118000033,2378,1704,674
118000034,4217,1552,2665
118000035,1520,1266,254
118000036,1043,738,305
118000037,403,710,-307
118000038,56,135,-79
118000039,77,364,-287
118000040,1491,1954,-463
118000041,1655,1334,321
118000045,726,87,639
118000046,1655,398,1257
118000047,1454,404,1050
118000048,3370,956,2414
118000051,2209,503,1706
118000052,1471,271,1200
118000053,456,350,106
118000054,2838,1196,1642
118000055,2383,1231,1152
118000056,318,204,114
118000057,354,265,89
118000058,2474,843,1631
118000059,1474,597,877
118000060,506,586,-80
118000061,436,1042,-606
118000062,347,144,203
118000063,225,337,-112
118000064,733,862,-129
118000065,4832,1171,3661
118000066,641,690,-49
118000067,1529,970,559
118000068,1652,2478,-826
118000069,3159,993,2166
118000070,7692,1142,6550
118000071,3639,3164,475
118000072,1712,753,959
118000073,3144,384,2760
118000074,299,418,-119
118000075,1004,263,741
118000076,993,901,92
118000077,1144,1025,119
118000078,1497,1406,91
118000079,230,236,-6
118000080,977,703,274
118000081,1107,928,179
118000082,262,543,-281
118000083,2013,787,1226
118000084,2272,1158,1114
118000086,139,440,-301
118000087,5889,1995,3894
118000088,1797,1473,324
118000089,3301,2097,1204
118000090,2295,1905,390
118000091,1284,1222,62
118000092,1191,326,865
118000093,93,531,-438
118000096,384,399,-15
118000097,361,367,-6
118000098,224,180,44
118000099,177,861,-684
118000101,536,310,226
118000102,266,1628,-1362
118000107,2819,335,2484
118000108,435,745,-310
118000110,0,24,-24
118000111,2,604,-602
118000112,140,0,140
118000113,3,920,-917
118000114,108,2,106
118000115,7,4,3
118000116,26,1,25
118000117,1074,801,273
118000118,672,567,105
118000119,576,847,-271
118000120,1294,1260,34
118000121,52,430,-378
118000122,860,159,701
118000123,31,224,-193
118000125,1498,856,642
118000126,542,1165,-623
118000127,1394,514,880
118000128,653,898,-245
118000129,664,246,418
118000130,2648,3784,-1136
118000131,686,989,-303
118000132,1749,1295,454
118000133,352,329,23
118000135,324,203,121
118000136,73,491,-418
118000137,441,54,387
118000138,185,673,-488
118000139,80,82,-2
118000140,1556,2278,-722
118000141,1190,2011,-821
118000142,804,2056,-1252
118000143,740,791,-51
118000144,1361,875,486
118000145,925,2929,-2004
118000146,720,1587,-867
118000147,552,1688,-1136
118000148,238,1290,-1052
118000149,486,1156,-670
118000150,129,231,-102
118000151,178,433,-255
118000153,489,1010,-521
118000154,546,1318,-772
118000155,495,1196,-701
118000156,1997,1780,217
118000157,235,282,-47
118000158,195,419,-224
118000159,5,43,-38
118000160,244,443,-199
118000161,215,874,-659
118000162,432,555,-123
118000163,290,485,-195
118000164,1924,920,1004
118000168,1094,120,974
118000169,705,1678,-973
118000170,3094,6076,-2982
118000171,142,624,-482
118000172,101,268,-167
118000173,510,994,-484
118000175,170,290,-120
118000176,151,419,-268
118000177,123,472,-349
118000178,30,15,15
118000179,1319,486,833
118000180,596,638,-42
118000181,539,329,210
118000182,212,244,-32
118000183,181,171,10
118000184,247,1012,-765
118000185,740,572,168
118000186,366,706,-340
118000187,555,886,-331
118000188,256,210,46
118000189,146,861,-715
118000190,13,9,4
118000191,8,27,-19
118000192,144,134,10
118000193,59,173,-114
118000194,1625,882,743
118000195,1030,377,653
118000196,344,63,281
118000197,176,56,120
118000198,514,246,268
118000199,541,218,323
118000200,33,162,-129
118000201,382,196,186
118000202,32,25,7
118000203,1670,242,1428
118000204,204,120,84
118000205,400,279,121
118000206,110,165,-55
118000207,0,79,-79
118000208,770,1341,-571
118000209,942,1698,-756
118000210,10,23,-13
118000211,13,34,-21
118000213,663,465,198
118000214,545,200,345
118000215,143,336,-193
118000216,822,2751,-1929
118000217,10,122,-112
118000218,50,85,-35
118000219,401,339,62
118000220,0,16,-16
118000221,48,167,-119
118000222,64,15,49
118000223,6,21,-15
118000224,175,102,73
118000225,53,745,-692
118000226,408,76,332
118000227,891,244,647
118000228,112,96,16
118000229,210,20,190
118000230,43,257,-214
118000231,82,138,-56
118000232,383,901,-518
118000233,489,785,-296
118000234,113,308,-195
118000236,159,348,-189
118000237,29,662,-633
118000238,73,189,-116
118000239,154,209,-55
118000240,425,50,375
118000241,57,246,-189
118000242,183,603,-420
118000243,50,161,-111
118000244,22,166,-144
118000246,0,4,-4
118000255,35,166,-131
118000256,65,240,-175
118000259,5,35,-30
118000260,54,96,-42
118000261,14,58,-44
118000263,67,152,-85
118000266,48,290,-242
118000267,0,70,-70
118000268,184,2,182
118000270,20,24,-4
118000271,76,233,-157
118000272,62,45,17
118000273,63,59,4
118000274,56,318,-262
118000276,130,227,-97
118000295,1,47,-46
118000298,129,410,-281
118000299,49,162,-113
118000301,0,48,-48
118000302,74,95,-21
118000311,106,99,7
118000312,104,157,-53
118000313,12,94,-82
118000314,27,64,-37
118000315,15,57,-42
118000316,299,496,-197
118000325,19,74,-55
118000326,13,33,-20
118000331,5,32,-27
118000332,12,47,-35
118000333,17,50,-33
118000335,63,0,63
118000336,0,310,-310
118000407,53,70,-17
118000457,6,11,-5
118000465,3652,2007,1645
118000480,25,122,-97
118000489,91,118,-27
118000490,157,450,-293
118000492,168,142,26
118000510,55,12,43
118000514,113,245,-132
118000515,427,252,175
118000517,375,116,259
118000524,691,150,541
118000525,671,860,-189
118000530,10,86,-76
118000531,76,201,-125
118000532,86,270,-184
118000533,222,97,125
118000534,339,346,-7
118000535,81,56,25
118000536,700,251,449
118000537,16,41,-25
118000538,15,61,-46
118000539,11,62,-51
118000540,164,139,25
118000541,100,87,13
118000542,52,105,-53
118000543,103,159,-56
118000546,20,28,-8
118000553,0,2,-2
118000557,0,0,0
118000560,3099,617,2482
118000562,5,352,-347
118000563,1631,1419,212
118000576,144,222,-78
118000577,176,139,37
118000578,140,114,26
118000579,590,733,-143
118000583,0,1,-1
118000595,112,50,62
118000596,0,83,-83
118000597,73,118,-45
118000598,0,0,0
118000599,20,26,-6
118000600,2,0,2
118000601,0,0,0
118000602,0,3,-3
118000603,0,38,-38
118000605,44,687,-643
118900001,878,495,383
118900002,905,415,490
118900003,64,7,57
118900004,13,38,-25
118900005,22,2,20
118900006,52,3,49
118900007,4,5,-1
118900008,731,28,703
118900009,12,13,-1
118900010,25,4,21
118900011,62,9,53
118900012,179,153,26
118900013,524,24,500
118900015,76,16,60
118900016,3,22,-19
118900017,118,114,4
118900018,956,3,953
118900019,28,13,15
118900020,131,79,52
118900021,106,291,-185
118900022,105,114,-9
118900023,46,86,-40
118900024,16,132,-116
118900025,23,17,6
118900026,20,70,-50
118900027,295,196,99
118900028,50,146,-96
118900029,101,383,-282
118900030,44,53,-9
118900031,74,108,-34
118900032,83,208,-125
118900033,190,685,-495
118900034,43,8,35
118900035,55,281,-226
118900036,454,485,-31
118900037,158,259,-101
118900038,129,299,-170
118900039,112,251,-139
118900040,123,133,-10
118900041,131,167,-36
118900042,88,95,-7
118900045,106,126,-20
118900046,630,118,512
118900047,725,195,530
118900048,82,191,-109
118900049,36,10,26
118900050,12,118,-106
118900051,65,52,13
118900052,88,228,-140
118900053,20,81,-61
118900054,28,50,-22
118900055,13,112,-99
118900056,98,96,2
118900057,171,212,-41
118900058,160,418,-258
118900059,14,46,-32
118900060,50,132,-82
118900062,54,186,-132
118900064,488,245,243
118900065,25,79,-54
118900066,38,82,-44
118900067,6169,1753,4416
118900068,2,92,-90
118900069,137,225,-88
118900071,0,46,-46
118900072,201,314,-113
118900073,30,91,-61
118900074,62,134,-72
118900075,17,43,-26
118900076,91,58,33
118900077,172,147,25
118900078,10,8,2
118900079,39,154,-115
118900080,7,55,-48
118900081,42,18,24
118900082,252,124,128
118900083,8,10,-2
118900084,10,15,-5
118900085,342,988,-646
118900086,11,24,-13
118900087,11,89,-78
118900088,1,23,-22
118900089,23,2,21
118900090,285,390,-105
118900091,162,46,116
118900092,29,57,-28
118900093,80,5,75
118900096,44,43,1
118900097,59,546,-487
118900099,20,214,-194
118900100,72,162,-90
118900101,23,429,-406
118900102,6,61,-55
118900103,1,38,-37
118900104,36,127,-91
118900105,87,57,30
118900107,131,84,47
118900108,26,40,-14
118900110,1273,281,992
118900111,119,523,-404
118900112,27,83,-56
118900113,62,479,-417
118900114,5,87,-82
118900115,49,205,-156
118900116,56,162,-106
118900117,33,152,-119
118900118,109,427,-318
118900119,28,244,-216
118900120,76,214,-138
118900121,10,229,-219
118900122,7,319,-312
118900123,93,211,-118
118900124,30,121,-91
118900126,7,210,-203
118900129,111,144,-33
118900130,50,51,-1
118900131,64,239,-175
118900132,217,120,97
118900133,10,51,-41
118900135,68,215,-147
118900136,164,681,-517
118900137,2,16,-14
118900139,75,424,-349
118900140,276,708,-432
118900141,21,322,-301
118900144,98,530,-432
118900145,15,120,-105
118900146,116,698,-582
118900147,73,116,-43
118900148,20,39,-19
118900150,112,237,-125
118900152,253,941,-688
118900157,53,78,-25
118900158,42,103,-61
118900159,2,181,-179
118900161,51,7,44
118900163,198,49,149
118900164,1,86,-85
118900165,10,231,-221
118900166,10,1,9
118900167,30,185,-155
118900168,0,35,-35
118900169,30,327,-297
118900170,14,70,-56
118900171,1,17,-16
118900174,10,30,-20
118900175,133,242,-109
118900176,29,112,-83
118900177,17,44,-27
118900178,8,61,-53
118900179,2,38,-36
118900181,39,78,-39
118900182,32,32,0
118900183,7,63,-56
118900184,75,13,62
118900185,28,126,-98
118900186,66,66,0
118900187,97,269,-172
118900188,107,232,-125
118900189,13,371,-358
118900190,9,582,-573
118900191,60,35,25
118900192,47,14,33
118900193,128,4,124
118900195,249,680,-431
118900196,10,134,-124
118900197,71,70,1
118900198,3,40,-37
118900199,17,47,-30
118900200,17,6,11
118900201,10,5,5
118900202,5,60,-55
118900203,1,39,-38
118900204,9,30,-21
118900205,1,19,-18
118900206,0,19,-19
119000001,712,856,-144
119000002,1320,1870,-550
119000003,699,1281,-582
119000004,1104,1017,87
119000005,1084,1240,-156
119000006,1125,1275,-150
119000007,1924,2366,-442
119000008,1224,1946,-722
119000009,3219,1990,1229
119000010,7762,3188,4574
119000011,5127,1539,3588
119000012,5036,2493,2543
119000013,2039,1064,975
119000014,2091,3137,-1046
119000019,155,157,-2
119000020,795,1231,-436
119000021,1659,1567,92
119000022,2413,897,1516
119000023,243,182,61
119000024,1826,4249,-2423
119000025,10582,1124,9458
119000026,402,192,210
119000027,672,317,355
119000028,1720,989,731
119000029,128,252,-124
119000030,289,1077,-788
119000031,455,682,-227
119000032,1691,1726,-35
119000033,1435,1576,-141
119000034,742,896,-154
119000035,12,338,-326
119000036,663,1066,-403
119000037,664,2190,-1526
119000038,53,1094,-1041
119000039,99,259,-160
119000040,787,372,415
119000041,784,874,-90
119000048,3488,3700,-212
119000049,892,3477,-2585
119000050,1258,2063,-805
119000051,1396,850,546
119000052,1846,2609,-763
119000053,1396,1043,353
119000054,1998,3383,-1385
119000055,1865,3272,-1407
119000056,1312,1880,-568
119000057,1107,2259,-1152
119000058,1275,2088,-813
119000059,666,1445,-779
119000060,640,758,-118
119000061,517,764,-247
119000062,807,1212,-405
119000063,200,224,-24
119000064,1048,1550,-502
119000065,1397,2707,-1310
119000066,983,817,166
119000067,1362,2519,-1157
119000068,798,954,-156
119000069,1005,2256,-1251
119000070,1049,1076,-27
119000071,364,808,-444
119000072,5663,3284,2379
119000073,3654,4144,-490
119000074,534,3451,-2917
119000075,566,2027,-1461
119000076,313,708,-395
119000077,441,434,7
119000078,186,279,-93
119000079,44,654,-610
119000080,163,202,-39
119000081,93,311,-218
119000082,194,176,18
119000083,203,215,-12
119000084,260,523,-263
119000085,464,303,161
119000086,186,336,-150
119000087,1624,871,753
119000088,238,221,17
119000089,46,134,-88
119000090,169,145,24
119000091,121,201,-80
119000092,567,250,317
119000093,3514,3473,41
119000094,1431,4220,-2789
119000095,828,2801,-1973
119000097,2631,1523,1108
119000098,478,1312,-834
119000099,1622,1514,108
119000100,1555,1838,-283
119000101,1732,1831,-99
119000102,559,473,86
119000103,997,369,628
119000104,2904,1231,1673
119000105,471,608,-137
119000106,150,1873,-1723
119000107,259,436,-177
119000108,217,1352,-1135
119000109,48,286,-238
119000110,286,280,6
119000111,20,410,-390
119000112,131,96,35
119000113,2484,188,2296
119000114,473,341,132
119000115,127,118,9
119000116,99,80,19
119000117,63,215,-152
119000118,1,2,-1
119000123,1929,608,1321
119000124,210,237,-27
119000125,1075,1193,-118
119000126,364,1102,-738
119000127,204,885,-681
119000128,45,4,41
119000131,382,1068,-686
119000132,3,3,0
119000133,0,2,-2
119000134,2566,476,2090
119000135,42,188,-146
119000136,88,324,-236
119000137,49,516,-467
119000138,110,440,-330
119000139,80,314,-234
119000140,63,193,-130
119000284,1299,2476,-1177
119000285,2307,2010,297
119000286,5594,4193,1401
119000287,1087,1809,-722
119000288,1392,1711,-319
119000289,2192,3834,-1642
119000290,112,518,-406
119000291,4,319,-315
119000293,39,138,-99
119000294,26,34,-8
119000295,1837,431,1406
119000296,98,110,-12
119000297,0,0,0
119000299,0,0,0
119000302,4403,1238,3165
119000303,10,107,-97
119000314,1366,3831,-2465
119000315,2,619,-617
119000316,25,127,-102
119000317,40,529,-489
119900001,74,529,-455
119900002,34,302,-268
119900003,41,1264,-1223
119900004,240,299,-59
119900005,38,145,-107
119900006,96,252,-156
119900007,487,50,437
119900008,3,7,-4
119900009,243,464,-221
119900010,539,808,-269
119900011,8,35,-27
119900012,6,22,-16
119900013,1053,401,652
119900014,432,153,279
119900015,43,7,36
119900016,7,92,-85
119900017,4,28,-24
119900018,946,157,789
119900019,14,3,11
119900020,22,125,-103
119900021,70,16,54
119900022,88,179,-91
119900023,710,410,300
119900025,51,17,34
119900026,886,52,834
119900027,4,15,-11
119900028,111,22,89
119900029,3,10,-7
119900030,332,338,-6
119900031,9,157,-148
119900033,1744,91,1653
119900034,117,113,4
119900037,51,19,32
119900038,16,103,-87
119900039,20,0,20
119900040,79,45,34
119900041,34,29,5
119900042,32,111,-79
119900043,18,149,-131
119900044,113,193,-80
119900046,28,63,-35
119900047,94,73,21
119900048,38,49,-11
119900049,24,8,16
119900050,23,34,-11
119900051,216,2,214
119900052,18,73,-55
119900053,46,176,-130
119900054,44,4,40
119900055,448,219,229
119900057,80,48,32
119900058,48,1,47
119900059,60,38,22
119900060,65,3,62
119900061,32,2,30
119900062,25,16,9
119900063,9,20,-11
119900065,122,10,112
119900067,21,16,5
119900068,95,1,94
119900069,33,7,26
119900070,191,1,190
119900071,134,3,131
119900073,1439,295,1144
119900074,24,10,14
119900075,5413,1343,4070
119900076,192,631,-439
119900077,268,1413,-1145
119900078,176,793,-617
119900079,342,303,39
119900080,110,268,-158
119900081,132,104,28
119900082,408,269,139
119900083,325,52,273
119900084,341,85,256
119900085,166,28,138
119900086,138,981,-843
119900087,116,120,-4
119900088,44,39,5
119900089,4,450,-446
119900090,188,52,136
119900091,12,991,-979
119900092,2,317,-315
119900093,486,51,435
119900094,18,156,-138
119900095,113,48,65
119900096,32,70,-38
119900097,303,130,173
119900098,12,38,-26
119900099,13,261,-248
119900100,2396,1231,1165
119900101,149,743,-594
119900102,19,257,-238
119900103,8,481,-473
119900104,22,257,-235
119900105,275,861,-586
119900106,7,246,-239
119900107,259,3542,-3283
119900108,1471,608,863
119900109,8,225,-217
119900110,360,701,-341
119900111,29,358,-329
119900112,2949,338,2611
119900113,51,498,-447
119900114,92,1686,-1594
119900115,56,1422,-1366
119900116,141,221,-80
119900117,92,831,-739
119900118,24,1299,-1275
119900119,60,236,-176
119900120,510,563,-53
119900121,127,1579,-1452
119900122,250,361,-111
119900123,121,204,-83
119900124,51,1037,-986
119900125,52,383,-331
119900126,4928,188,4740
119900127,2559,750,1809
119900128,174,622,-448
119900129,60,759,-699
119900130,19,261,-242
119900131,6,308,-302
119900132,1,378,-377
119900133,4,44,-40
119900134,2092,214,1878
119900135,2,465,-463
119900136,110,525,-415
119900138,337,595,-258
119900139,2,67,-65
119900140,0,156,-156
119900141,96,271,-175
119900142,0,10,-10
119900143,7,179,-172
119900144,2371,221,2150
119900145,27,235,-208
119900146,108,79,29
119900147,3,87,-84
119900148,32,31,1
119900149,1531,1306,225
119900150,133,135,-2
119900151,1011,521,490
119900152,50,474,-424
119900153,47,50,-3
119900154,11,678,-667
119900155,19,10,9
119900156,8,3,5
119900157,28,230,-202
119900158,19,51,-32
119900159,7,1850,-1843
119900160,15,213,-198
119900161,98,240,-142
119900162,405,487,-82
119900163,174,70,104
119900164,1,1,0
119900165,34,267,-233
119900166,20,20,0
119900167,49,104,-55
119900168,195,326,-131
119900169,99,163,-64
119900170,109,115,-6
119900171,365,505,-140
119900172,64,14,50
119900173,2,459,-457
119900174,35,240,-205
119900175,393,531,-138
119900177,21,276,-255
119900178,50,172,-122
119900179,17,146,-129
119900180,464,529,-65
119900181,17,51,-34
119900182,2,420,-418
119900183,87,949,-862
119900184,2503,392,2111
119900185,14,66,-52
119900186,39,201,-162
119900187,6,494,-488
119900188,19,286,-267
119900189,244,130,114
119900190,38,100,-62
119900191,177,65,112
119900192,8,239,-231
119900193,110,144,-34
119900194,8,40,-32
119900195,8,151,-143
119900196,1498,392,1106
119900197,69,99,-30
119900198,20,490,-470
119900199,129,14,115
119900200,162,458,-296
119900201,366,122,244
119900202,166,43,123
119900203,60,203,-143
119900204,84,283,-199
119900205,154,590,-436
119900206,37,133,-96
119900208,74,109,-35
119900209,188,418,-230
119900210,25,34,-9
119900211,43,9,34
119900212,44,212,-168
119900213,5,46,-41
119900214,5,115,-110
119900215,27,93,-66
119900216,7,97,-90
119900217,8,75,-67
119900218,4,72,-68
119900219,1,126,-125
119900220,1,160,-159
119900221,9,461,-452
119900222,8,346,-338
119900223,5,145,-140
119900224,16,31,-15
119900225,1401,40,1361
119900226,885,778,107
119900227,1385,253,1132
119900228,5,254,-249
119900229,222,363,-141
119900230,1104,435,669
119900231,50,191,-141
119900232,151,38,113
119900233,23,1,22
119900234,3,16,-13
119900235,0,14,-14
119900236,9,169,-160
119900237,11,381,-370
119900238,3,66,-63
119900240,14,137,-123
119900241,100,236,-136
119900242,1045,591,454
119900244,609,852,-243
119900245,50,98,-48
119900246,203,180,23
119900247,5,29,-24
119900248,15,55,-40
119900249,116,30,86
119900253,3415,172,3243
119900254,36,149,-113
119900255,36,406,-370
119900256,103,1224,-1121
119900257,11,0,11
119900258,33,22,11
119900259,4,189,-185
119900260,28,1,27
119900261,111,182,-71
119900262,1,273,-272
119900263,826,370,456
119900264,43,232,-189
119900265,89,338,-249
119900266,69,293,-224
119900267,48,327,-279
119900268,71,254,-183
119900269,279,1278,-999
119900271,15,63,-48
119900272,59,30,29
119900275,60,18,42
119900276,13,0,13
119900277,3,2,1
119900278,107,26,81
119900279,125,65,60
119900280,977,158,819
119900281,2,39,-37
119900282,29,22,7
119900283,3,349,-346
119900284,33,168,-135
119900285,9,21,-12
119900286,1,5,-4
119900288,3,33,-30
119900289,0,51,-51
119900290,0,20,-20
119900291,0,25,-25
119900292,22,3,19
119900293,5,59,-54
119900294,6,64,-58
119900295,6,55,-49
119900296,3,205,-202
119900297,0,21,-21
119900298,0,4,-4
119900299,6,194,-188
119900300,50,159,-109
119900301,18,14,4
119900302,6,20,-14
119900303,116,235,-119
119900304,22,2,20
119900305,16,90,-74
119900306,7,1,6
119900307,13,121,-108
119900308,3,8,-5
119900309,7,41,-34
119900310,221,271,-50
119900311,11,142,-131
119900312,46,60,-14
119900313,96,319,-223
119900314,38,183,-145
119900315,351,2531,-2180
119900318,7,19,-12
119900319,8,417,-409
119900320,27,797,-770
119900321,29,2,27
120000001,6235,7016,-781
120000002,1865,3353,-1488
120000003,3516,2040,1476
120000004,3057,2601,456
120000005,4825,2130,2695
120000006,1056,1342,-286
120000007,3303,2019,1284
120000008,938,1326,-388
120000009,5011,927,4084
120000010,1325,3225,-1900
120000011,854,1915,-1061
120000012,1289,2910,-1621
120000013,1802,2732,-930
120000014,539,1672,-1133
120000015,2190,1503,687
120000016,2631,2320,311
120000017,1336,1583,-247
120000018,4825,5913,-1088
120000019,703,849,-146
120000020,2419,1945,474
120000021,1624,1431,193
120000022,2598,2845,-247
120000023,847,1527,-680
120000024,1431,2055,-624
120000025,1414,2286,-872
120000026,634,1982,-1348
120000027,1103,1741,-638
120000028,427,289,138
120000029,2189,313,1876
120000030,77,623,-546
120000031,1635,4149,-2514
120000032,9470,3113,6357
120000033,2107,1565,542
120000034,879,2180,-1301
120000035,1015,2402,-1387
120000036,1741,3456,-1715
120000037,436,735,-299
120000038,10310,2693,7617
120000039,392,940,-548
120000040,27,62,-35
120000041,258,1898,-1640
120000042,1087,4478,-3391
120000043,3479,2664,815
120000044,2369,1087,1282
120000045,2323,988,1335
120000046,1232,1503,-271
120000047,1867,2182,-315
120000048,8049,3046,5003
120000049,2025,2410,-385
120000050,1961,4527,-2566
120000051,3622,3435,187
120000052,14042,2369,11673
120000053,835,4470,-3635
120000054,1246,6844,-5598
120000055,889,4463,-3574
120000056,2594,4620,-2026
120000057,1110,810,300
120000058,288,156,132
120000059,68,1063,-995
120000061,60,595,-535
120000062,297,213,84
120000063,2002,3242,-1240
120000064,153,1622,-1469
120000065,300,1810,-1510
120000066,94,479,-385
120000067,20,588,-568
120000068,128,1207,-1079
120000069,338,1651,-1313
120000070,25,1064,-1039
120000071,79,230,-151
120000072,135,524,-389
120000073,232,90,142
120000074,26,68,-42
120000075,175,171,4
120000076,586,251,335
120000077,707,428,279
120000078,2718,527,2191
120000079,151,520,-369
120000080,81,288,-207
120000081,157,229,-72
120000082,146,228,-82
120000083,131,306,-175
120000084,425,518,-93
120000085,356,417,-61
120000086,205,738,-533
120000087,192,1153,-961
120000088,470,1247,-777
120000089,655,470,185
120000090,274,406,-132
120000091,454,659,-205
120000092,710,429,281
120000093,139,443,-304
120000094,90,400,-310
120000095,499,676,-177
120000096,145,1038,-893
120000098,459,975,-516
120000099,177,731,-554
120000100,421,1023,-602
120000101,302,526,-224
120000102,282,408,-126
120000103,781,317,464
120000104,886,172,714
120000105,1025,197,828
120000106,946,283,663
120000107,1340,315,1025
120000108,469,89,380
120000109,521,52,469
120000110,64,933,-869
120000111,87,1464,-1377
120000112,536,4745,-4209
120000113,421,3340,-2919
120000114,500,2709,-2209
120000115,294,2267,-1973
120000116,599,2029,-1430
120000117,1094,1596,-502
120000118,30,29,1
120000119,30,35,-5
120000120,22,45,-23
120000121,30,39,-9
120000122,227,191,36
120000123,6543,2262,4281
120000124,266,477,-211
120000125,176,596,-420
120000126,250,556,-306
120000127,1077,485,592
120000128,2608,1486,1122
120000129,220,257,-37
120000130,619,623,-4
120000131,187,357,-170
120000134,180,1379,-1199
120000135,96,273,-177
120000137,63,2255,-2192
120000138,188,451,-263
120000139,97,1089,-992
120000140,204,590,-386
120000141,76,609,-533
120000142,131,523,-392
120000143,0,128,-128
120000144,20,3,17
120000145,131,2,129
120000146,1971,611,1360
120000149,399,884,-485
120000150,5244,6428,-1184
120000151,305,428,-123
120000152,109,240,-131
120000153,63,653,-590
120000154,443,332,111
120000155,95,172,-77
120000156,1612,346,1266
120000157,803,646,157
120000158,476,950,-474
120000159,1723,2405,-682
120000160,1784,1115,669
120000161,793,2433,-1640
120000162,71,204,-133
120000163,192,1604,-1412
120000164,195,434,-239
120000165,151,954,-803
120000166,366,587,-221
120000167,9,11,-2
120000168,0,59,-59
120000169,126,171,-45
120000170,126,108,18
120000171,6,24,-18
120000172,17,18,-1
120000173,1894,164,1730
120000174,319,3,316
120000175,526,13,513
120000176,193,54,139
120000177,1088,341,747
120000178,102,8,94
120000179,311,8,303
120000180,359,17,342
120000181,78,61,17
120000182,45,43,2
120000183,6,146,-140
120000184,96,1308,-1212
120000186,72,68,4
120000187,74,22,52
120000188,209,35,174
120000190,810,6,804
120000191,1789,10,1779
120000192,2019,9,2010
120000193,646,2,644
120000195,91,2,89
120000196,174,28,146
120000197,59,99,-40
120000198,89,185,-96
120000199,32,0,32
120000200,57,0,57
120000201,4,10,-6
120000202,1,51,-50
120000203,17,429,-412
120000207,2,93,-91
120000208,8,367,-359
120000209,3,145,-142
120000210,175,87,88
120000211,27,3,24
120000212,54,1,53
120000213,38,517,-479
120000214,1,481,-480
120000215,5,170,-165
120000216,27,7,20
120000217,771,1435,-664
120000218,245,1647,-1402
120000219,15,865,-850
120000220,12,3083,-3071
120000225,540,0,540
120000226,147,0,147
120000227,590,28,562
120000228,7943,1374,6569
120000230,118,13,105
120000231,469,2393,-1924
120000233,76,11,65
120000235,66,806,-740
120000236,346,3,343
120000237,3,2378,-2375
120000238,1,76,-75
120000241,905,2765,-1860
120000412,1936,15,1921
120000413,68,554,-486
120000414,26,1,25
120000415,0,196,-196
120000416,12,14,-2
120000417,9,121,-112
120000418,33,10,23
120000419,8,542,-534
120000420,106,21,85
120000421,15004,5628,9376
120000422,215,373,-158
120000423,0,37,-37
120000424,21,227,-206
120000436,89,357,-268
120000437,202,165,37
120000438,4939,277,4662
120000439,100,191,-91
120000443,85,1,84
120000444,601,715,-114
120000445,1174,1175,-1
120000446,869,281,588
120000447,70,6,64
120000449,44,4,40
120000450,3,522,-519
120000451,36,183,-147
120000452,79,0,79
120000453,0,336,-336
120000454,42,22,20
120000455,27,47,-20
120000456,2990,2036,954
120000457,1174,928,246
120000458,489,651,-162
120000459,39,70,-31
120000665,631,117,514
120000668,67,100,-33
120000669,51,446,-395
120000670,203,351,-148
120000671,505,251,254
120000672,66,464,-398
120900001,29,25,4
120900002,121,126,-5
120900003,87,24,63
120900004,3,25,-22
120900005,3,1564,-1561
120900006,94,149,-55
120900007,86,179,-93
120900008,136,1308,-1172
120900009,295,40,255
120900010,190,38,152
120900011,229,80,149
120900012,1061,617,444
120900013,174,13,161
120900014,55,752,-697
120900015,182,49,133
120900016,324,39,285
120900017,3104,99,3005
120900018,35,446,-411
120900019,256,89,167
120900020,505,453,52
120900021,255,46,209
120900022,17,391,-374
120900023,93,36,57
120900024,1126,342,784
120900025,2240,760,1480
120900026,31,119,-88
120900027,446,71,375
120900028,101,25,76
120900029,76,148,-72
120900030,460,391,69
120900031,81,29,52
120900032,282,194,88
120900033,345,20,325
120900034,25,1372,-1347
120900035,24,82,-58
120900037,45,3,42
120900038,32,72,-40
120900039,17,23,-6
120900040,74,3,71
120900041,96,12,84
120900042,117,67,50
120900043,15,8,7
120900044,10,338,-328
120900045,69,109,-40
120900046,120,3,117
120900047,89,53,36
120900048,44,10,34
120900049,130,4,126
120900050,3614,688,2926
120900051,121,105,16
120900052,162,1,161
120900053,127,56,71
120900054,1041,723,318
120900055,97,0,97
120900056,137,3,134
120900057,31,15,16
120900058,197,1,196
120900059,20,1,19
120900060,21,14,7
120900061,197,294,-97
120900062,64,1,63
120900063,134,0,134
120900064,115,0,115
120900065,95,0,95
120900066,89,335,-246
120900067,151,29,122
120900068,71,1,70
120900069,68,84,-16
120900071,20,0,20
120900072,205,0,205
120900073,109,187,-78
120900074,124,4,120
120900076,69,0,69
120900077,3493,189,3304
120900078,210,582,-372
120900079,155,65,90
120900080,290,2815,-2525
120900081,277,970,-693
120900082,514,208,306
120900083,23,1,22
120900084,68,166,-98
120900085,84,46,38
120900086,173,140,33
120900087,185,48,137
120900088,65,132,-67
120900089,4843,888,3955
120900090,51,206,-155
120900091,320,211,109
120900092,687,755,-68
120900093,4627,232,4395
120900094,486,148,338
120900095,104,10,94
120900096,11,80,-69
120900097,601,1216,-615
120900098,268,258,10
120900099,31,72,-41
120900100,63,471,-408
120900101,384,368,16
120900102,10,97,-87
120900103,12,95,-83
120900104,31,37,-6
120900105,23,1006,-983
120900106,1389,665,724
120900107,392,185,207
120900108,1,1168,-1167
120900109,16,935,-919
120900110,6,648,-642
120900111,108,332,-224
120900112,6,1548,-1542
120900113,6,1147,-1141
120900114,27,229,-202
120900115,126,113,13
120900116,60,650,-590
120900117,4,685,-681
120900118,5,1049,-1044
120900119,3600,3195,405
120900120,48,803,-755
120900121,72,447,-375
120900122,97,710,-613
120900123,3,672,-669
120900124,0,921,-921
120900125,6,1199,-1193
120900126,1055,754,301
120900127,1,557,-556
120900128,877,866,11
120900129,42,541,-499
120900130,5,645,-640
120900131,15,37,-22
120900132,272,365,-93
120900133,156,1230,-1074
120900134,312,509,-197
120900135,10,833,-823
120900136,4,19,-15
120900137,49,78,-29
120900138,19,286,-267
120900139,1,949,-948
120900140,4,59,-55
120900141,38,59,-21
120900142,19,1051,-1032
120900143,4,1333,-1329
120900144,0,229,-229
120900145,52,973,-921
120900146,4,1221,-1217
120900147,2,335,-333
120900148,64,97,-33
120900149,0,409,-409
120900150,7,623,-616
120900151,1,769,-768
120900152,1,43,-42
120900153,4,64,-60
120900154,0,285,-285
120900155,89,1274,-1185
120900156,22,411,-389
120900157,10,269,-259
120900158,14,670,-656
120900159,40,685,-645
120900160,13,348,-335
120900161,13,906,-893
120900162,11,1045,-1034
120900163,7,83,-76
120900164,0,2,-2
120900165,2,0,2
120900166,24,81,-57
120900167,99,45,54
120900169,22,582,-560
120900170,2625,1008,1617
120900171,1179,382,797
120900172,1409,55,1354
120900173,0,42,-42
120900174,2,92,-90
120900175,233,201,32
120900176,7,186,-179
120900177,0,275,-275
120900178,0,160,-160
120900179,725,348,377
120900180,96,84,12
120900181,20,68,-48
120900182,2,365,-363
120900183,449,53,396
120900184,132,49,83
120900185,4,330,-326
120900186,1,578,-577
120900187,145,426,-281
120900188,51,7,44
120900189,93,249,-156
120900190,7,7,0
120900191,0,17,-17
120900192,14730,1776,12954
120900194,14,63,-49
120900195,76,282,-206
120900196,419,53,366
120900197,264,37,227
120900198,137,639,-502
120900199,162,130,32
120900200,111,58,53
120900201,676,128,548
120900202,1,253,-252
120900203,12,22,-10
120900204,281,378,-97
120900205,75,121,-46
120900206,5,17,-12
120900207,36,1227,-1191
121000001,912,1006,-94
121000002,1619,859,760
121000003,3791,1764,2027
121000004,2194,2486,-292
121000005,1975,2103,-128
121000006,2538,1092,1446
121000007,2664,2456,208
121000008,4009,2121,1888
121000009,7897,4319,3578
121000010,9129,2602,6527
121000011,10887,8168,2719
121000012,15509,5137,10372
121000013,4653,5350,-697
121000014,6150,4761,1389
121000015,3954,5047,-1093
121000016,4541,2695,1846
121000017,1325,2998,-1673
121000018,1794,1522,272
121000019,17330,6708,10622
121000020,10650,5959,4691
121000021,2828,2561,267
121000022,1261,1162,99
121000023,3693,2414,1279
121000024,2260,2430,-170
121000025,498,588,-90
121000026,209,83,126
121000027,1248,746,502
121000028,490,345,145
121000029,730,567,163
121000030,433,286,147
121000031,361,444,-83
121000032,138,61,77
121000034,312,104,208
121000035,109,44,65
121000036,957,648,309
121000037,417,478,-61
121000038,448,420,28
121000039,201,327,-126
121000041,225,384,-159
121000042,132,211,-79
121000043,808,527,281
121000044,1602,509,1093
121000045,185,270,-85
121000046,214,496,-282
121000047,9,77,-68
121000049,1808,617,1191
121000050,266,869,-603
121000051,390,292,98
121000052,175,397,-222
121000053,302,60,242
121000054,19,137,-118
121000055,1360,778,582
121000056,767,869,-102
121000057,117,272,-155
121000058,406,80,326
121000059,1729,621,1108
121000060,457,857,-400
121000061,74,127,-53
121000062,124,182,-58
121000063,490,376,114
121000064,400,554,-154
121000065,390,286,104
121000066,549,413,136
121000067,942,261,681
121000068,350,199,151
121000069,309,188,121
121000070,1528,1093,435
121000071,699,625,74
121000072,835,561,274
121000073,683,562,121
121000074,79,111,-32
121000075,30,29,1
121000076,836,266,570
121000077,209,66,143
121000078,52,110,-58
121000080,2747,489,2258
121000081,2072,1475,597
121000082,160,248,-88
121000083,262,107,155
121000084,186,125,61
121000085,353,372,-19
121000086,143,742,-599
121000087,44,169,-125
121000088,237,426,-189
121000089,390,206,184
121000090,285,187,98
121000091,1597,495,1102
121000092,107,66,41
121000093,117,160,-43
121000094,429,259,170
121000095,182,389,-207
121000096,2162,1775,387
121000097,1176,1239,-63
121000098,340,1076,-736
121000099,320,658,-338
121000100,393,531,-138
121000101,102,181,-79
121000102,81,342,-261
121000103,36,249,-213
121000104,87,147,-60
121000105,176,263,-87
121000106,130,289,-159
121000107,1736,3312,-1576
121000109,1364,920,444
121000110,321,399,-78
121000114,2109,2023,86
121000115,693,733,-40
121000116,463,608,-145
121000117,1102,211,891
121000118,842,205,637
121000119,165,234,-69
121000120,124,376,-252
121000121,397,725,-328
121000123,1102,551,551
121000127,72,99,-27
121000128,428,562,-134
121000129,240,421,-181
121000130,306,884,-578
121000131,2527,983,1544
121000132,1129,751,378
121000135,381,125,256
121000136,634,493,141
121000137,415,103,312
121000138,561,744,-183
121000139,392,100,292
121000141,125,97,28
121000142,778,397,381
121000143,135,14,121
121000144,1021,619,402
121000145,314,1150,-836
121000146,903,642,261
121000147,508,320,188
121000148,559,847,-288
121000149,1406,907,499
121000152,291,438,-147
121000153,1207,384,823
121000154,586,345,241
121000155,901,845,56
121000156,320,737,-417
121000157,1310,1591,-281
121000158,349,491,-142
121000159,86,534,-448
121000160,199,636,-437
121000161,58,384,-326
121000162,16,288,-272
121000165,1478,1321,157
121000166,30,533,-503
121000168,103,197,-94
121000169,31,141,-110
121000170,87,51,36
121000171,24,141,-117
121000172,334,361,-27
121000173,810,578,232
121000174,124,302,-178
121000175,399,469,-70
121000176,262,192,70
121000177,550,570,-20
121000178,68,39,29
121000179,90,44,46
121000181,308,252,56
121000182,43,121,-78
121000183,28,71,-43
121000184,21,72,-51
121000185,10,109,-99
121000186,132,267,-135
121000187,111,272,-161
121000188,33,270,-237
121000192,424,239,185
121000193,517,260,257
121000194,2500,1864,636
121000195,508,932,-424
121000196,747,155,592
121000197,217,589,-372
121000198,161,59,102
121000199,63,369,-306
121000200,191,68,123
121000201,3,139,-136
121000202,313,42,271
121000203,502,2327,-1825
121000204,1187,487,700
121000205,120,243,-123
121000206,85,27,58
121000207,1299,450,849
121000208,5,369,-364
121000209,106,446,-340
121000210,172,541,-369
121000211,89,99,-10
121000212,154,807,-653
121000213,7799,1937,5862
121000214,737,1481,-744
121000215,1155,608,547
121000216,273,462,-189
121000217,3977,1895,2082
121000218,558,1610,-1052
121000219,1140,291,849
121000220,283,56,227
121000221,157,169,-12
121000222,2471,2049,422
121000223,488,273,215
121000224,225,129,96
121000225,1157,784,373
121000226,1565,593,972
121000227,7,258,-251
121000228,16,752,-736
121000229,67,400,-333
121000230,48,1871,-1823
121000231,248,9,239
121000232,348,173,175
121000233,385,265,120
121000234,5,18,-13
121000235,64,85,-21
121000236,0,34,-34
121000237,31,24,7
121000238,3,79,-76
121000239,5,7,-2
121000240,2,197,-195
121000241,70,13,57
121000242,39,122,-83
121000243,440,51,389
121000244,2,93,-91
121000245,17,9,8
121000246,0,105,-105
121000247,21,1,20
121000248,641,580,61
121000249,38,209,-171
121000250,107,102,5
121000251,21,643,-622
121000252,33,18,15
121000253,145,560,-415
121000254,280,263,17
121000255,131,92,39
121000256,186,147,39
121000257,87,55,32
121000258,64,89,-25
121000259,28,33,-5
121000260,32,90,-58
121000261,13,32,-19
121000262,964,500,464
121000263,257,437,-180
121000271,168,1384,-1216
121000273,41,9,32
121000274,2,30,-28
121000275,1,29,-28
121000276,2,1,1
121000278,18,47,-29
121000279,25,9,16
121000280,27,47,-20
121000289,121,27,94
121000290,944,636,308
121000294,51,184,-133
121000297,748,513,235
121000299,107,210,-103
121000300,550,460,90
121000302,179,569,-390
121000303,561,310,251
121000304,302,35,267
121000305,92,31,61
121000306,39,94,-55
121000308,115,254,-139
121000309,330,457,-127
121000310,54,377,-323
121000311,55,722,-667
121000312,228,148,80
121000313,461,431,30
121000314,193,79,114
121000315,115,86,29
121000530,589,1183,-594
121000531,720,1139,-419
121000532,3893,3165,728
121000533,1907,1905,2
121000918,16,258,-242
121000919,9,48,-39
121000938,893,304,589
121000939,1499,233,1266
121000956,385,1326,-941
121000957,1,6,-5
121000958,48,25,23
121000959,197,929,-732
121000960,1418,1895,-477
121000961,162,24,138
121000962,303,651,-348
121000973,4,271,-267
121000976,6,149,-143
121000979,197,32,165
121000981,399,96,303
121000982,133,185,-52
121000983,230,363,-133
121000984,11,32,-21
121000985,209,692,-483
121000986,63,388,-325
121000987,90,1480,-1390
121000988,263,97,166
121001302,389,89,300
121001308,1,7,-6
121001309,121,49,72
121001311,0,0,0
121001313,108,401,-293
121001314,3785,3902,-117
121001315,3508,1248,2260
121001326,244,306,-62
121900001,62,138,-76
121900002,32,14,18
121900003,198,5,193
121900004,105,260,-155
121900005,4,2,2
121900006,54,13,41
121900007,1509,2008,-499
121900008,575,44,531
121900009,388,14,374
121900010,208,5,203
121900011,110,231,-121
121900012,1,0,1
121900013,669,15,654
121900014,763,292,471
121900015,84,127,-43
121900016,2,13,-11
121900017,186,427,-241
121900018,196,5,191
121900019,132,157,-25
121900020,18,0,18
121900021,607,5,602
121900022,134,106,28
121900023,40,307,-267
121900024,301,34,267
121900025,306,150,156
121900026,103,15,88
121900027,104,74,30
121900028,151,8,143
121900029,52,169,-117
121900030,437,380,57
121900031,771,3123,-2352
121900032,43,37,6
121900033,141,80,61
121900034,163,97,66
121900035,1654,1197,457
121900036,28,203,-175
121900037,92,408,-316
121900038,13,117,-104
121900039,344,25,319
121900040,41,62,-21
121900041,103,105,-2
121900042,224,86,138
121900043,2,4,-2
121900044,280,21,259
121900046,86,94,-8
121900047,53,62,-9
121900048,12,111,-99
121900050,8,21,-13
121900051,29,117,-88
121900052,38,22,16
121900053,250,195,55
121900054,391,537,-146
121900055,2,8,-6
121900058,74,192,-118
121900059,181,105,76
121900060,35,265,-230
121900061,101,58,43
121900062,90,43,47
121900063,472,210,262
121900064,126,570,-444
121900066,11,13,-2
121900067,4,20,-16
121900069,182,103,79
121900070,89,59,30
121900071,60,186,-126
121900072,7,91,-84
121900073,178,168,10
121900074,388,303,85
121900075,384,232,152
121900076,150,419,-269
121900077,0,11,-11
121900078,20,24,-4
121900079,0,0,0
121900080,268,277,-9
121900082,14,100,-86
121900084,5,242,-237
121900085,0,12,-12
121900086,12,34,-22
121900087,182,94,88
121900088,1968,1079,889
121900089,31,231,-200
121900090,2,73,-71
121900091,10,87,-77
121900092,27,63,-36
121900093,43,38,5
121900094,10,5,5
121900095,153,71,82
121900096,1357,249,1108
121900097,154,55,99
121900098,3,2,1
121900099,81,59,22
121900100,103,68,35
121900101,54,62,-8
121900102,1,84,-83
121900103,405,144,261
121900104,573,169,404
121900105,38,50,-12
121900106,2,7,-5
121900107,8,20,-12
121900108,1,9,-8
121900109,304,103,201
121900110,112,1040,-928
121900111,511,79,432
121900112,230,61,169
121900113,30,120,-90
121900114,7,10,-3
121900117,76,8,68
121900118,1564,230,1334
121900119,40,101,-61
121900120,29,1338,-1309
121900121,335,39,296
121900122,13,21,-8
121900123,180,312,-132
121900124,80,170,-90
121900125,684,816,-132
121900127,2,71,-69
121900128,27,87,-60
121900129,979,37,942
121900130,87,200,-113
121900131,92,64,28
121900132,24,90,-66
121900133,51,124,-73
121900134,15,102,-87
121900135,1703,209,1494
121900136,68,429,-361
121900137,27,192,-165
121900138,44,158,-114
121900139,303,354,-51
121900140,12,92,-80
121900141,19,13,6
121900142,42,92,-50
121900143,2,105,-103
121900144,155,245,-90
121900145,85,108,-23
121900146,454,556,-102
121900147,39,143,-104
121900148,110,174,-64
121900149,217,529,-312
121900150,52,96,-44
121900151,34,130,-96
121900152,58,105,-47
121900153,58,268,-210
121900154,9,96,-87
121900155,0,56,-56
121900156,112,78,34
121900157,4,405,-401
121900158,30,81,-51
121900159,1,178,-177
121900160,42,165,-123
121900161,408,225,183
121900162,86,80,6
121900163,58,590,-532
121900164,298,122,176
121900165,82,114,-32
121900166,48,109,-61
121900167,117,58,59
121900168,190,76,114
121900169,0,183,-183
121900170,8,145,-137
121900171,347,338,9
121900172,155,189,-34
121900173,687,165,522
121900174,12,23,-11
121900175,51,119,-68
121900176,420,1412,-992
121900177,89,50,39
121900178,19,40,-21
121900179,126,95,31
121900180,4746,1804,2942
121900182,399,256,143
121900183,206,473,-267
121900184,32,348,-316
121900186,18,292,-274
121900187,5,82,-77
121900188,433,241,192
121900189,7,70,-63
121900190,139,378,-239
121900191,40,117,-77
121900192,363,345,18
121900193,21,134,-113
121900194,4,113,-109
121900195,64,55,9
121900196,495,480,15
121900197,214,1725,-1511
121900198,747,732,15
121900199,1,25,-24
121900200,50,149,-99
121900201,741,394,347
121900202,91,269,-178
121900203,151,524,-373
121900204,920,509,411
121900205,13,80,-67
121900206,1,1,0
121900207,124,9,115
121900208,117,183,-66
121900209,37,32,5
121900210,633,821,-188
121900211,168,338,-170
121900212,119,65,54
121900213,55,53,2
121900214,6,280,-274
121900215,26,27,-1
121900216,12,50,-38
121900217,159,66,93
121900218,196,304,-108
121900220,78,7,71
121900221,117,503,-386
121900222,45,128,-83
121900223,47,48,-1
121900224,35,24,11
121900225,71,37,34
121900226,174,290,-116
121900227,54,257,-203
121900228,176,184,-8
121900230,73,49,24
121900231,152,153,-1
121900232,90,272,-182
121900233,207,196,11
121900234,124,282,-158
121900235,174,191,-17
121900236,158,103,55
121900237,105,153,-48
121900238,98,136,-38
121900239,50,17,33
121900240,95,77,18
121900241,33,35,-2
121900242,3,1,2
121900243,1,0,1
121900244,1,0,1
121900245,102,101,1
121900246,869,293,576
121900248,863,560,303
121900250,343,180,163
121900251,222,10,212
121900252,690,85,605
121900253,134,757,-623
121900254,584,156,428
121900255,91,26,65
121900258,1688,1267,421
121900259,271,341,-70
121900260,20,129,-109
121900261,91,247,-156
121900262,266,356,-90
121900263,66,191,-125
121900264,1756,765,991
121900265,53,263,-210
121900266,98,159,-61
121900267,24,17,7
121900269,54,178,-124
121900270,3,118,-115
121900271,13,116,-103
121900273,292,1029,-737
121900274,136,162,-26
121900277,167,1046,-879
121900278,41,664,-623
121900279,101,256,-155
121900280,125,187,-62
121900281,256,49,207
121900284,27,2,25
121900286,37,107,-70
121900287,21,13,8
121900288,0,2,-2
121900290,137,147,-10
121900291,351,400,-49
121900292,164,81,83
121900293,749,2450,-1701
121900294,196,3,193
121900295,26,174,-148
121900296,23,22,1
121900298,185,297,-112
121900299,0,0,0
121900300,4,1,3
121900301,21,0,21
121900302,1,60,-59
121900303,90,368,-278
121900304,0,5,-5
121900305,0,3,-3
121900306,28,0,28
121900307,23,9,14
121900308,12,352,-340
121900309,35,206,-171
121900310,15,430,-415
121900311,116,16,100
121900312,60,3,57
121900313,153,17,136
121900314,2,43,-41
121900315,3,0,3
121900316,0,12,-12
121900317,0,2,-2
121900318,0,3,-3
121900319,10,22,-12
121900320,44,55,-11
121900321,1,0,1
121900322,1,20,-19
121900323,13,6,7
121900324,2,18,-16
121900325,0,0,0
121900326,0,17,-17
121900327,1,44,-43
121900328,1,17,-16
121900329,2,155,-153
121900330,0,27,-27
121900331,19,2,17
121900332,53,8,45
121900333,11,1,10
121900334,63,25,38
122000001,2426,2356,70
122000002,5488,906,4582
122000003,1990,1060,930
122000004,2632,702,1930
122000005,2264,766,1498
122000006,1758,300,1458
122000007,973,736,237
122000008,6097,2675,3422
122000009,528,143,385
122000010,1802,1681,121
122000011,2999,580,2419
122000012,1006,669,337
122000013,1632,969,663
122000014,1203,1556,-353
122000015,1087,752,335
122000016,333,584,-251
122000017,910,930,-20
122000018,948,927,21
122000019,501,1132,-631
122000020,131,117,14
122000021,500,297,203
122000022,984,1166,-182
122000023,384,2029,-1645
122000024,1038,558,480
122000025,1797,740,1057
122000026,2111,572,1539
122000027,589,3685,-3096
122000028,631,229,402
122000029,304,199,105
122000030,326,70,256
122000031,104,170,-66
122000032,1135,2186,-1051
122000033,793,493,300
122000034,390,418,-28
122000035,347,469,-122
122000036,324,543,-219
122000037,240,180,60
122000038,223,250,-27
122000039,499,334,165
122000040,312,184,128
122000041,373,361,12
122000042,175,319,-144
122000043,88,71,17
122000044,88,129,-41
122000045,1107,452,655
122000046,479,802,-323
122000047,250,109,141
122000048,2440,2676,-236
122000049,3733,1801,1932
122000050,1132,395,737
122000051,300,311,-11
122000052,448,182,266
122000053,103,411,-308
122000054,2056,1319,737
122000055,1999,1738,261
122000056,4336,2533,1803
122000057,3168,1779,1389
122000058,3876,915,2961
122000059,3076,1035,2041
122000060,1097,405,692
122000061,873,195,678
122000062,1168,215,953
122000063,1045,378,667
122000064,3016,2400,616
122000065,4819,2337,2482
122000066,1197,825,372
122000067,1222,1146,76
122000068,623,1029,-406
122000069,410,430,-20
122000070,405,2282,-1877
122000071,679,1186,-507
122000072,305,233,72
122000073,427,285,142
122000074,1589,1004,585
122000075,357,916,-559
122000076,1206,862,344
122000077,937,445,492
122000078,2763,1269,1494
122000079,1228,463,765
122000080,650,255,395
122000081,127,168,-41
122000082,1196,561,635
122000083,902,3112,-2210
122000084,646,566,80
122000085,217,1214,-997
122000086,1572,3285,-1713
122000087,362,99,263
122000088,300,159,141
122000089,4979,2102,2877
122000090,185,248,-63
122000091,375,63,312
122000092,129,9,120
122000093,1328,839,489
122000094,5591,1098,4493
122000095,2938,1209,1729
122000096,2196,835,1361
122000098,2474,1057,1417
122000099,2017,441,1576
122000100,1524,441,1083
122000101,205,808,-603
122000102,1126,881,245
122000103,1433,1040,393
122000104,230,136,94
122000105,200,200,0
122000106,613,440,173
122000107,730,403,327
122000108,299,653,-354
122000109,285,253,32
122000110,246,467,-221
122000111,1955,775,1180
122000112,556,980,-424
122000113,318,486,-168
122000114,2193,1111,1082
122000115,1520,852,668
122000116,423,412,11
122000117,791,237,554
122000118,263,306,-43
122000119,2380,1066,1314
122000120,3643,1676,1967
122000121,4205,1586,2619
122000122,647,873,-226
122000123,1812,934,878
122000124,1056,358,698
122000125,410,519,-109
122000126,644,506,138
122000127,1284,653,631
122000128,488,669,-181
122000129,243,445,-202
122000130,1656,379,1277
122000131,2238,489,1749
122000132,1105,353,752
122000133,984,1572,-588
122000134,320,376,-56
122000135,566,719,-153
122000136,294,223,71
122000137,682,462,220
122000139,1214,2220,-1006
122000140,967,375,592
122000141,4051,639,3412
122000142,495,418,77
122000143,537,165,372
122000144,2144,539,1605
122000145,1379,626,753
122000146,880,745,135
122000147,635,275,360
122000148,2222,867,1355
122000149,1718,651,1067
122000150,1100,584,516
122000151,424,307,117
122000152,502,248,254
122000153,419,204,215
122000154,314,138,176
122000155,1416,1529,-113
122000156,2242,1437,805
122000157,1733,867,866
122000158,224,392,-168
122000159,1110,1069,41
122000160,5179,696,4483
122000161,1574,473,1101
122000162,1708,967,741
122000163,233,36,197
122000164,22,37,-15
122000165,541,538,3
122000166,683,787,-104
122000167,169,177,-8
122000168,121,426,-305
122000169,418,116,302
122000170,129,222,-93
122000171,32,72,-40
122000172,1060,1351,-291
122000173,1327,1708,-381
122000174,1412,558,854
122000175,1086,236,850
122000176,277,463,-186
122000177,1204,954,250
122000178,2456,1733,723
122000179,1574,1891,-317
122000180,1614,716,898
122000181,1636,1730,-94
122000182,2042,604,1438
122000183,1366,752,614
122000184,3030,1348,1682
122000185,1372,805,567
122000186,495,651,-156
122000187,1376,1036,340
122000188,500,154,346
122000189,230,242,-12
122000190,1040,835,205
122000191,804,357,447
122000192,980,269,711
122000193,327,597,-270
122000194,426,96,330
122000195,98,362,-264
122000196,662,417,245
122000197,410,427,-17
122000198,388,784,-396
122000199,244,252,-8
122000200,1027,368,659
122000201,1078,1273,-195
122000202,856,843,13
122000203,2171,1178,993
122000204,1092,1343,-251
122000205,1066,744,322
122000206,1801,820,981
122000207,829,941,-112
122000208,1437,1177,260
122000209,1914,323,1591
122000210,1306,1643,-337
122000211,878,1052,-174
122000212,506,379,127
122000213,919,987,-68
122000214,1288,1450,-162
122000215,1541,1144,397
122000217,1522,1187,335
122000218,592,62,530
122000219,1318,888,430
122000220,368,704,-336
122000221,86,338,-252
122000222,523,57,466
122000223,771,405,366
122000225,538,258,280
122000226,754,1374,-620
122000227,155,1411,-1256
122000228,267,416,-149
122000229,16,312,-296
122000230,62,708,-646
122000231,153,585,-432
122000232,465,807,-342
122000233,1,89,-88
122000234,107,142,-35
122000235,282,170,112
122000236,331,154,177
122000237,74,32,42
122000238,70,131,-61
122000239,340,63,277
122000240,667,282,385
122000241,420,299,121
122000242,254,98,156
122000243,114,69,45
122000244,40,475,-435
122000245,43,319,-276
122000246,146,123,23
122000247,345,847,-502
122000248,1102,1892,-790
122000249,295,426,-131
122000250,1140,440,700
122000251,180,283,-103
122000252,481,66,415
122000253,12,181,-169
122000254,89,57,32
122000255,407,1661,-1254
122000256,297,1204,-907
122000257,77,359,-282
122000258,46,191,-145
122000259,13,540,-527
122000260,2,95,-93
122000261,2,204,-202
122000262,0,47,-47
122000263,93,87,6
122000264,416,408,8
122000265,1599,611,988
122000266,3579,402,3177
122000267,48,84,-36
122000268,60,285,-225
122000269,456,243,213
122000270,369,109,260
122000271,213,886,-673
122000272,216,894,-678
122000273,234,361,-127
122000274,87,118,-31
122000275,23,119,-96
122000276,262,506,-244
122000277,448,1157,-709
122000278,476,793,-317
122000279,83,594,-511
122000280,450,630,-180
122000281,322,558,-236
122000282,50,258,-208
122000283,123,43,80
122000284,55,69,-14
122000285,281,64,217
122000286,49,181,-132
122000287,410,1120,-710
122000288,157,147,10
122000291,560,345,215
122000293,241,312,-71
122000294,59,157,-98
122000295,1096,159,937
122000296,39,394,-355
122000297,2456,1661,795
122000299,342,354,-12
122000300,753,407,346
122000301,11591,1868,9723
122000302,801,518,283
122000303,3885,928,2957
122000304,17,127,-110
122000305,576,215,361
122000306,20,749,-729
122000307,195,133,62
122000309,35,63,-28
122000310,54,8,46
122000311,43,34,9
122000312,84,22,62
122000313,12,41,-29
122000314,80,202,-122
122000315,101,26,75
122000316,223,171,52
122000317,596,209,387
122000318,421,331,90
122000319,385,401,-16
122000320,261,2091,-1830
122000321,67,269,-202
122000322,2463,1661,802
122000323,1437,1128,309
122000324,1258,979,279
122000325,727,788,-61
122000326,17,122,-105
122000327,184,329,-145
122000328,1122,885,237
122000330,1503,549,954
122000332,150,267,-117
122000333,11,169,-158
122000337,394,2056,-1662
122000338,167,381,-214
122000340,337,191,146
122000342,2122,929,1193
122000343,341,1458,-1117
122000344,17,24,-7
122000345,20,26,-6
122000346,203,539,-336
122000348,272,655,-383
122000349,57,566,-509
122000351,69,183,-114
122000352,231,57,174
122000353,20,115,-95
122000355,91,188,-97
122000356,1281,641,640
122000357,18,6,12
122000358,0,58,-58
122000359,0,31,-31
122000360,1,51,-50
122000362,11,103,-92
122000364,65,409,-344
122000365,2,20,-18
122000366,6,7,-1
122000368,351,769,-418
122000370,11,45,-34
122000371,3,0,3
122000372,5,0,5
122000381,24,342,-318
122000382,39,180,-141
122000384,3966,1836,2130
122000385,10,0,10
122000386,393,635,-242
122000387,283,458,-175
122000388,1357,239,1118
122000389,154,634,-480
122000390,250,162,88
122000391,219,98,121
122000392,154,168,-14
122000393,11,170,-159
122000394,243,247,-4
122000395,48,166,-118
122000396,184,108,76
122000397,16,77,-61
122000398,8,58,-50
122000399,47,61,-14
122000400,139,221,-82
122000401,66,66,0
122000402,113,46,67
122000403,253,1050,-797
122000404,92,280,-188
122000408,1075,1084,-9
122000503,7,68,-61
122000524,157,78,79
122000544,26,1308,-1282
122000616,713,2,711
122000640,24,193,-169
122000641,39,474,-435
122000642,614,1127,-513
122000643,11,104,-93
122000644,159,30,129
122000645,86,121,-35
122000651,1771,559,1212
122000664,99,27,72
122000665,883,509,374
122000666,407,932,-525
122000673,19,335,-316
122000674,69,57,12
122000675,918,937,-19
122000686,198,1049,-851
122000687,541,309,232
122000688,92,665,-573
122000689,226,552,-326
122000690,425,640,-215
122000691,227,2390,-2163
122000692,533,236,297
122000693,274,1409,-1135
122000695,124,443,-319
122000696,156,264,-108
122000698,101,929,-828
122000699,118,24,94
122000701,788,326,462
122000702,388,2113,-1725
122000703,117,35,82
122000712,0,0,0
122000717,154,49,105
122000718,557,381,176
122000719,40,27,13
122000720,93,267,-174
122000724,201,316,-115
122900001,14,4,10
122900002,825,1437,-612
122900003,150,28,122
122900004,681,12,669
122900005,18,57,-39
122900006,227,289,-62
122900007,106,18,88
122900008,320,102,218
122900009,633,166,467
122900010,149,120,29
122900012,311,306,5
122900014,85,247,-162
122900015,1792,210,1582
122900016,31,243,-212
122900017,485,546,-61
122900018,140,10,130
122900019,5,108,-103
122900020,210,306,-96
122900021,22,484,-462
122900022,295,987,-692
122900023,221,379,-158
122900024,54,68,-14
122900025,8,97,-89
122900026,83,292,-209
122900027,28,678,-650
122900028,65,122,-57
122900029,3720,1648,2072
122900030,1048,348,700
122900031,68,110,-42
122900032,78,155,-77
122900033,144,213,-69
122900034,2923,2986,-63
122900035,6,6,0
122900036,14,105,-91
122900037,273,108,165
122900038,96,1044,-948
122900039,89,378,-289
122900040,126,340,-214
122900041,132,204,-72
122900042,91,233,-142
122900043,277,152,125
122900044,73,258,-185
122900045,75,92,-17
122900046,54,97,-43
122900047,180,68,112
122900048,38,122,-84
122900049,1326,94,1232
122900051,100,73,27
122900052,31,115,-84
122900053,15,12,3
122900055,228,70,158
122900057,196,18,178
122900061,288,80,208
122900062,267,266,1
122900063,107,318,-211
122900064,616,481,135
122900065,190,93,97
122900066,200,173,27
122900067,1265,687,578
122900069,117,477,-360
122900070,190,26,164
122900071,68,383,-315
122900072,11,592,-581
122900073,41,226,-185
122900074,124,665,-541
122900075,2,52,-50
122900076,3,125,-122
122900077,0,154,-154
122900078,28,80,-52
122900080,52,12,40
122900081,114,108,6
122900082,546,154,392
122900083,167,95,72
122900084,1,224,-223
122900086,5,26,-21
122900087,93,523,-430
122900088,47,48,-1
122900089,2,206,-204
122900090,4,482,-478
122900091,59,0,59
122900092,0,236,-236
122900093,1,330,-329
122900094,2,185,-183
122900095,62,1,61
122900096,63,173,-110
122900097,13,8,5
122900098,55,66,-11
122900099,4,10,-6
122900100,101,132,-31
122900101,738,124,614
122900102,1,7,-6
122900103,28,2,26
122900104,31,2,29
122900105,3,2,1
122900106,1,77,-76
122900107,3,170,-167
122900108,5,184,-179
123000001,1762,304,1458
123000002,5246,2000,3246
123000003,3481,2177,1304
123000004,3602,3981,-379
123000005,1878,2112,-234
123000006,2968,2680,288
123000007,2436,1891,545
123000008,2463,3651,-1188
123000009,3886,2793,1093
123000010,3109,3659,-550
123000011,2667,863,1804
123000012,1105,2145,-1040
123000013,2858,825,2033
123000014,1284,3309,-2025
123000015,4120,589,3531
123000016,5921,1971,3950
123000017,2991,1418,1573
123000018,73,69,4
123000019,92,345,-253
123000020,68,127,-59
123000021,49,119,-70
123000022,338,813,-475
123000023,992,860,132
123000024,790,448,342
123000025,113,85,28
123000026,7,122,-115
123000027,272,381,-109
123000028,402,695,-293
123000029,513,466,47
123000030,87,635,-548
123000031,146,355,-209
123000032,139,285,-146
123000033,184,58,126
123000034,427,411,16
123000035,132,198,-66
123000036,164,379,-215
123000037,143,264,-121
123000038,71,211,-140
123000039,513,671,-158
123000040,1044,301,743
123000041,774,422,352
123000042,768,398,370
123000043,3056,3338,-282
123000044,5426,1671,3755
123000045,9609,1195,8414
123000046,773,495,278
123000047,2508,908,1600
123000048,47,305,-258
123000049,5803,2808,2995
123000050,648,706,-58
123000051,82,144,-62
123000052,412,1533,-1121
123000053,2140,2009,131
123000054,1156,857,299
123000055,644,926,-282
123000056,1063,1562,-499
123000057,13991,3856,10135
123000058,469,528,-59
123000059,293,270,23
123000060,548,301,247
123000061,88,482,-394
123000063,733,555,178
123000064,567,184,383
123000065,5587,2725,2862
123000066,1000,578,422
123000067,333,489,-156
123000068,2599,2772,-173
123000069,8038,3130,4908
123000070,248,627,-379
123000071,412,1031,-619
123000072,892,1321,-429
123000073,569,807,-238
123000074,745,1845,-1100
123000075,367,636,-269
123000076,346,1003,-657
123000077,1861,3391,-1530
123000078,748,1608,-860
123000079,704,1926,-1222
123000080,1561,2311,-750
123000081,156,460,-304
123000082,365,947,-582
123000083,626,100,526
123000084,307,766,-459
123000085,71,96,-25
123000086,124,399,-275
123000087,46,488,-442
123000088,579,1173,-594
123000089,363,1177,-814
123000090,1085,1302,-217
123000091,1475,1164,311
123000092,1130,1127,3
123000094,272,229,43
123000095,163,520,-357
123000096,252,379,-127
123000097,221,1058,-837
123000098,405,543,-138
123000099,405,776,-371
123000100,388,402,-14
123000101,542,325,217
123000102,485,476,9
123000104,297,308,-11
123000105,500,560,-60
123000106,602,240,362
123000107,524,600,-76
123000108,1146,1008,138
123000111,394,196,198
123000112,428,425,3
123000113,550,1544,-994
123000114,304,361,-57
123000115,102,255,-153
123000116,36,162,-126
123000117,1055,1829,-774
123000118,345,747,-402
123000119,159,872,-713
123000120,347,702,-355
123000121,359,511,-152
123000122,382,298,84
123000123,427,485,-58
123000124,771,550,221
123000125,1243,665,578
123000126,2162,1457,705
123000127,1759,784,975
123000128,262,363,-101
123000129,213,119,94
123000130,238,45,193
123000131,381,473,-92
123000132,381,479,-98
123000133,443,274,169
123000134,505,152,353
123000135,889,904,-15
123000136,175,1289,-1114
123000137,68,385,-317
123000138,80,421,-341
123000139,250,78,172
123000140,133,607,-474
123000141,586,34,552
123000142,861,1038,-177
123000143,994,2374,-1380
123000144,19,9,10
123000145,142,98,44
123000146,21,75,-54
123000147,93,73,20
123000149,220,198,22
123000150,153,172,-19
123000151,220,366,-146
123000152,40,315,-275
123000153,167,406,-239
123000154,1694,1279,415
123000155,2041,673,1368
123000156,71,57,14
123000157,502,711,-209
123000158,668,378,290
123000159,2148,1245,903
123000160,428,348,80
123000161,801,645,156
123000162,339,965,-626
123000163,185,27,158
123000164,619,197,422
123000165,308,1871,-1563
123000166,30,129,-99
123000167,94,207,-113
123000168,169,308,-139
123000169,345,64,281
123000170,24,288,-264
123000171,141,31,110
123000172,157,693,-536
123000173,329,128,201
123000174,467,113,354
123000175,759,1323,-564
123000176,484,64,420
123000177,241,906,-665
123000178,452,65,387
123000179,45,754,-709
123000180,904,254,650
123000181,278,1351,-1073
123000182,74,429,-355
123000183,112,151,-39
123000184,47,708,-661
123000185,177,335,-158
123000186,8,603,-595
123000187,347,1,346
123000188,106,0,106
123000189,83,217,-134
123000190,22,69,-47
123000192,15,384,-369
123000193,32,475,-443
123000194,428,212,216
123000195,182,9,173
123000196,218,25,193
123000197,30,110,-80
123000198,3,200,-197
123000199,2,441,-439
123000200,219,3,216
123000201,435,18,417
123000202,20,1377,-1357
123000203,373,24,349
123000204,53,1287,-1234
123000205,281,2074,-1793
123000206,935,97,838
123000207,58,1016,-958
123000208,158,59,99
123000209,990,218,772
123000210,393,1628,-1235
123000211,514,2602,-2088
123000212,1260,248,1012
123000213,252,41,211
123000215,144,86,58
123000216,126,256,-130
123000217,125,28,97
123000218,59,265,-206
123000219,849,12,837
123000220,419,40,379
123000221,111,112,-1
123000222,213,441,-228
123000223,71,533,-462
123000224,306,694,-388
123000225,223,75,148
123000226,100,340,-240
123000227,48,316,-268
123000228,119,66,53
123000229,990,1588,-598
123000232,56,536,-480
123000233,480,101,379
123000234,112,643,-531
123000235,213,238,-25
123000236,77,790,-713
123000237,137,53,84
123000238,33,537,-504
123000239,356,1741,-1385
123000240,28,184,-156
123000241,791,86,705
123000242,36,152,-116
123000243,371,1013,-642
123000244,583,424,159
123000245,80,112,-32
123000249,428,630,-202
123000252,592,92,500
123000253,481,264,217
123000254,306,842,-536
123000255,533,556,-23
123000256,11,206,-195
123000257,2670,1983,687
123000258,704,1106,-402
123000259,125,331,-206
123000260,245,564,-319
123000261,61,131,-70
123000262,100,229,-129
123000263,209,81,128
123000264,149,58,91
123000265,56,139,-83
123000266,329,554,-225
123000267,143,185,-42
123000268,16,57,-41
123000269,29,59,-30
123000270,13,43,-30
123000271,32,92,-60
123000272,651,202,449
123000273,177,461,-284
123000274,842,280,562
123000275,284,902,-618
123000278,2638,2145,493
123000279,41,64,-23
123000280,180,261,-81
123000281,123,52,71
123000282,43,225,-182
123000283,50,20,30
123000284,37,115,-78
123000286,274,215,59
123000287,596,188,408
123000288,700,454,246
123000289,344,545,-201
123000291,235,774,-539
123000294,200,279,-79
123000295,753,1171,-418
123000296,224,642,-418
123000297,193,815,-622
123000298,273,676,-403
123000299,31,343,-312
123000300,450,517,-67
123000301,45,142,-97
123000302,62,173,-111
123000303,29,131,-102
123000305,938,814,124
123000306,26,210,-184
123000309,41,87,-46
123000310,76,21,55
123000311,0,113,-113
123000312,785,930,-145
123000313,134,200,-66
123000315,152,302,-150
123000316,1630,117,1513
123000317,133,55,78
123000318,52,220,-168
123000329,12,15,-3
123000337,94,215,-121
123000338,383,95,288
123000339,88,192,-104
123000340,133,366,-233
123000342,6,183,-177
123000343,39,0,39
123000344,888,324,564
123000345,329,405,-76
123000346,184,85,99
123000352,1756,721,1035
123000353,13,173,-160
123000354,101,6,95
123000355,1,373,-372
123000356,67,1,66
123000357,1,255,-254
123000359,0,261,-261
123000360,135,7,128
123000361,451,260,191
123000362,93,77,16
123000363,98,167,-69
123000364,423,233,190
123000365,17,173,-156
123000366,212,1003,-791
123000367,201,910,-709
123000370,15,269,-254
123000371,46,9,37
123000372,85,7,78
123000373,0,404,-404
123000374,3,182,-179
123000375,86,9,77
123000376,484,496,-12
123000377,202,7,195
123000378,4,346,-342
123000379,5,150,-145
123000380,46,155,-109
123000381,151,23,128
123000382,962,30,932
123000383,160,515,-355
123000384,430,60,370
123000385,426,560,-134
123000436,38,547,-509
123000507,180,317,-137
123000508,279,344,-65
123000517,296,14,282
123000518,36,209,-173
123000519,112,62,50
123000520,32,193,-161
123000521,222,81,141
123000522,169,439,-270
123000541,2,0,2
123000542,0,14,-14
123000565,235,25,210
123000566,37,936,-899
123000567,111,242,-131
123000573,15,914,-899
123000574,272,50,222
123000575,1064,1070,-6
123000576,459,1598,-1139
123000577,80,391,-311
123000578,674,90,584
123000579,4928,2200,2728
123000580,70,13,57
123000582,211,21,190
123000583,11,387,-376
123000584,88,176,-88
123000585,0,84,-84
123000586,24,0,24
123000596,95,114,-19
123000597,38,66,-28
123000602,7,4,3
123000603,199,711,-512
123000604,328,1209,-881
123000605,521,30,491
123000606,2,192,-190
123000609,10,288,-278
123000610,75,83,-8
123000613,45,108,-63
123000614,154,30,124
123000615,49,225,-176
123000616,220,58,162
123000617,18,377,-359
123000618,49,615,-566
123000619,485,9,476
123000620,5,518,-513
123000622,191,14,177
123000624,117,78,39
123000630,467,374,93
123000631,178,2063,-1885
123000632,1042,1104,-62
123000633,0,209,-209
123000634,44,30,14
123000635,190,100,90
123000636,7,657,-650
123000637,164,25,139
123000638,286,104,182
123000639,778,1782,-1004
123000640,44,968,-924
123000648,122,54,68
123000649,22,570,-548
123900001,1434,40,1394
123900002,9,653,-644
123900003,296,584,-288
123900005,114,93,21
123900006,173,23,150
124000001,1147,107,1040
124000002,141,1749,-1608
124000003,306,142,164
124000004,49,666,-617
124000005,517,171,346
124000006,208,1513,-1305
124000007,425,66,359
124000008,13,460,-447
124000009,280,198,82
124000010,65,556,-491
124000011,505,191,314
124000012,210,971,-761
124000017,82,69,13
124000018,80,100,-20
124000019,57,96,-39
124000020,50,258,-208
124000021,62,61,1
124000022,136,272,-136
124000023,800,1017,-217
124000024,991,624,367
124000025,741,906,-165
124000026,1018,936,82
124000027,4461,2497,1964
124000028,2592,3326,-734
124000030,2937,1073,1864
124000031,792,962,-170
124000032,5271,1166,4105
124000033,446,289,157
124000034,1325,1209,116
124000035,120,72,48
124000036,126,638,-512
124000037,192,338,-146
124000038,42,102,-60
124000039,948,222,726
124000040,607,444,163
124000041,140,67,73
124000042,32,284,-252
124000043,45,81,-36
124000044,61,240,-179
124000045,315,358,-43
124000046,122,792,-670
124000047,533,622,-89
124000048,422,1738,-1316
124000049,656,544,112
124000050,382,2229,-1847
124000051,317,419,-102
124000052,345,1340,-995
124000053,458,668,-210
124000054,731,731,0
124000055,879,933,-54
124000056,3284,1259,2025
124000057,625,373,252
124000058,375,1461,-1086
124000059,272,510,-238
124000060,932,866,66
124000061,1079,2188,-1109
124000062,7792,1711,6081
124000063,1238,1674,-436
124000064,2317,1856,461
124000065,120,283,-163
124000066,250,49,201
124000067,29,162,-133
124000068,26,99,-73
124000069,223,261,-38
124000070,128,548,-420
124000071,66,65,1
124000072,109,538,-429
124000073,424,70,354
124000074,151,890,-739
124000075,74,20,54
124000076,11,235,-224
124000077,1578,580,998
124000078,2119,368,1751
124000079,661,746,-85
124000080,161,81,80
124000081,131,793,-662
124000082,44,104,-60
124000083,46,165,-119
124000084,70,232,-162
124000085,100,44,56
124000086,37,77,-40
124000087,47,45,2
124000088,114,235,-121
124000089,242,280,-38
124000090,68,373,-305
124000091,249,124,125
124000092,108,667,-559
124000093,95,49,46
124000094,121,313,-192
124000095,47,45,2
124000096,63,227,-164
124000097,60,55,5
124000098,44,130,-86
124000099,118,80,38
124000100,31,133,-102
124000101,19,129,-110
124000102,86,102,-16
124000103,39,104,-65
124000104,56,101,-45
124000105,23,54,-31
124000106,136,114,22
124000107,16,59,-43
124000108,72,35,37
124000109,83,39,44
124000110,130,88,42
124000111,173,120,53
124000112,381,595,-214
124000113,28,61,-33
124000114,165,602,-437
124000115,232,666,-434
124000116,76,61,15
124000117,72,67,5
124000118,42,70,-28
124000119,751,435,316
124000120,380,420,-40
124000121,2374,606,1768
124000122,516,912,-396
124000123,746,288,458
124000124,441,663,-222
124000125,286,250,36
124000126,381,496,-115
124000127,469,300,169
124000128,493,892,-399
124000129,1227,930,297
124000130,657,454,203
124000131,613,372,241
124000132,780,676,104
124000133,447,605,-158
124000134,615,713,-98
124000135,1086,1057,29
124000136,703,1068,-365
124000137,1009,438,571
124000138,1341,871,470
124000139,317,35,282
124000140,26,331,-305
124000141,195,21,174
124000142,25,388,-363
124000143,31,10,21
124000144,2,163,-161
124000145,34,35,-1
124000146,3,136,-133
124000148,15,31,-16
124000149,634,203,431
124000150,312,440,-128
124000151,396,175,221
124000152,663,987,-324
124000153,497,368,129
124000154,522,717,-195
124000155,991,545,446
124000156,1209,829,380
124000169,220,258,-38
124000170,554,350,204
124000171,147,184,-37
124000172,286,517,-231
124000173,164,243,-79
124000174,186,674,-488
124000175,5,151,-146
124000176,8,11,-3
124000177,21,56,-35
124000178,11,13,-2
124000190,223,30,193
124000191,358,106,252
124000192,1889,184,1705
124000193,374,1146,-772
124000194,344,551,-207
124000195,176,419,-243
124000196,892,1129,-237
124000197,59,59,0
124000198,9,46,-37
124000201,145,1028,-883
124000202,326,122,204
124000203,72,1039,-967
124000204,213,422,-209
124000205,51,579,-528
124000206,162,325,-163
124000207,1,59,-58
124000209,164,569,-405
124000210,99,160,-61
124000211,111,0,111
124000212,3,564,-561
124000213,107,342,-235
124000214,124,689,-565
124000215,61,3,58
124000216,4,652,-648
124000329,55,2293,-2238
124000338,31,1153,-1122
124000339,256,53,203
124000341,370,30,340
124000344,95,45,50
124000357,631,1252,-621
124000358,536,1040,-504
124000359,612,430,182
124000360,395,361,34
124000361,1164,601,563
124000362,1409,2135,-726
124000363,236,460,-224
124000364,468,875,-407
124000365,646,1153,-507
124000366,1740,802,938
124000367,105,598,-493
124000368,170,138,32
124000369,127,83,44
124000370,75,664,-589
124000402,21,6,15
124000403,19,7,12
124000404,10,93,-83
124000405,801,560,241
124000406,789,636,153
124000407,2,25,-23
124000411,4,400,-396
124000412,155,14,141
124000413,284,51,233
124000414,31,109,-78
124000415,24,223,-199
124000416,86,319,-233
124000417,124,116,8
124000418,68,110,-42
124000419,70,190,-120
124000420,31,68,-37
124000421,21,300,-279
124000422,31,17,14
124000423,97,16,81
124000424,5,201,-196
124000425,32,7,25
124000426,2,234,-232
124000427,41,3,38
124000428,16,30,-14
124000429,18,61,-43
124000430,418,495,-77
124000431,182,532,-350
124000432,80,786,-706
124000439,1,7,-6
124000443,0,2,-2
124000445,151,503,-352
124000446,2626,131,2495
124000447,3,45,-42
124900001,244,173,71
124900002,62,406,-344
124900003,460,528,-68
124900004,229,326,-97
124900005,143,197,-54
124900006,238,356,-118
124900008,824,414,410
124900009,140,103,37
124900010,55,20,35
124900011,117,66,51
124900012,252,57,195
124900013,204,70,134
124900014,97,59,38
124900015,102,106,-4
124900016,22,51,-29
124900017,377,267,110
124900018,10,6,4
124900020,21,29,-8
124900021,74,20,54
124900022,13,7,6
124900024,87,5,82
124900026,143,8,135
124900027,26,145,-119
124900028,500,142,358
124900029,11,307,-296
124900030,2,116,-114
124900031,12,385,-373
124900032,241,139,102
124900033,34,331,-297
124900034,0,115,-115
124900035,68,381,-313
124900036,0,29,-29
124900037,103,237,-134
124900038,287,358,-71
124900039,0,28,-28
124900040,33,88,-55
124900041,203,1475,-1272
124900042,31,0,31
124900043,314,1186,-872
124900044,40,1,39
124900045,512,725,-213
124900047,85,132,-47
124900048,95,124,-29
124900050,126,344,-218
124900052,84,345,-261
124900053,28,321,-293
124900054,2214,283,1931
124900055,0,84,-84
124900057,21,69,-48
124900060,33,143,-110
124900061,8,8,0
124900062,23,5,18
124900066,0,15,-15
124900067,6,154,-148
124900068,171,186,-15
124900070,18,15,3
124900072,49,22,27
124900075,72,208,-136
124900076,19,366,-347
124900077,18,92,-74
124900078,37,8,29
124900079,618,38,580
124900080,159,736,-577
124900081,398,183,215
124900082,251,994,-743
124900083,158,548,-390
124900085,1006,173,833
124900086,51,525,-474
124900087,532,43,489
124900088,666,54,612
124900089,1370,16,1354
124900090,75,124,-49
124900091,162,468,-306
124900092,138,388,-250
124900093,75,121,-46
124900094,111,157,-46
124900095,43,255,-212
124900096,362,90,272
124900097,106,29,77
124900098,62,315,-253
124900099,424,252,172
124900100,128,19,109
124900101,25,401,-376
124900102,91,4,87
124900103,73,231,-158
124900104,32,193,-161
124900105,53,137,-84
124900106,160,21,139
124900107,36,6,30
124900108,167,32,135
124900111,1,76,-75
124900112,36,640,-604
124900113,108,91,17
124900114,274,61,213
124900115,33,27,6
124900116,78,93,-15
124900117,527,126,401
124900118,66,67,-1
124900119,189,66,123
124900120,43,321,-278
124900121,79,111,-32
124900122,410,177,233
124900123,455,39,416
124900124,165,149,16
204000001,29,36,-7
204000002,6,18,-12
204000003,20,0,20
204000004,8,5,3
204000005,396,286,110
204000006,693,758,-65
204000011,9,58,-49
204000012,39,141,-102
204000019,494,527,-33
204000020,306,634,-328
204000021,1574,773,801
204000022,306,442,-136
204000023,254,1422,-1168
204000031,92,28,64
204000032,537,44,493
204000034,22,254,-232
204000035,0,4,-4
204000036,7,24,-17
204000037,3,17,-14
204000038,1,33,-32
204000039,8,71,-63
204000040,1,49,-48
204000041,3,52,-49
204000042,17,13,4
204000043,9,2,7
204000044,20,4,16
204000045,23,5,18
204000046,17,8,9
204000057,3,48,-45
204000062,5,162,-157
204000068,26,139,-113
204000069,19,148,-129
204000070,59,115,-56
204000080,16,51,-35
204000085,1094,1757,-663
204000086,2818,2158,660
204000087,63,18,45
204000088,7,111,-104
204000090,11,426,-415
204000093,176,57,119
204000096,420,625,-205
204000097,121,28,93
204000099,759,1070,-311
204000100,524,751,-227
204000105,1715,1479,236
204000110,591,1211,-620
204000111,264,703,-439
204000112,476,846,-370
204000113,455,912,-457
204000114,494,341,153
204000115,323,304,19
204000116,411,445,-34
204000119,1381,1168,213
204000132,280,203,77
204000133,439,208,231
204000134,138,112,26
204000135,295,120,175
204000136,201,210,-9
204000138,129,190,-61
204000140,125,96,29
204000141,100,51,49
204000144,1,34,-33
204000145,639,17,622
204000146,25,337,-312
204000147,32,138,-106
204000148,350,30,320
204000154,4,1,3
204000155,4,6,-2
204000177,78,68,10
204000179,11,5,6
204000180,0,51,-51
204000222,4,15,-11
204000235,10,11,-1
204000236,103,270,-167
204000238,23,9,14
204000240,419,54,365
204000263,424,1420,-996
204000268,769,380,389
204000308,122,10,112
204000317,17,66,-49
204000322,2,27,-25
204000323,15,12,3
204000328,118,70,48
204000329,113,82,31
204000330,173,90,83
204000331,37,192,-155
205000001,1071,1097,-26
205000013,11,96,-85
205000014,7,140,-133
205000015,25,257,-232
205000016,35,185,-150
205000017,21,83,-62
205000022,381,539,-158
205000025,1384,948,436
205000029,148,5,143
205000045,44,193,-149
205000046,39,535,-496
205000047,36,509,-473
205000048,138,946,-808
205000049,98,663,-565
205000050,1054,266,788
205000059,2,322,-320
205000060,1,68,-67
205000061,0,28,-28
205000062,1,41,-40
205000063,7,93,-86
205000064,20,159,-139
205000065,75,690,-615
205000066,76,793,-717
205000067,43,1117,-1074
205000069,201,17,184
205000082,93,141,-48
205000110,63,208,-145
205000111,149,261,-112
205000112,73,107,-34
205000113,258,231,27
205000121,110,39,71
205000123,68,192,-124
205000126,350,70,280
205000127,535,116,419
205000128,443,68,375
205000129,325,54,271
205000130,130,37,93
205000131,143,2,141
205000132,320,2,318
205000133,71,4,67
205000134,123,0,123
205000137,86,146,-60
205000138,231,239,-8
205000139,17,77,-60
205000144,43,26,17
205000145,158,87,71
205000151,84,11,73
205000152,72,19,53
205000153,138,19,119
205000154,27,36,-9
205000155,58,14,44
205000207,10,146,-136
205000233,5,0,5
205000234,0,0,0
205000243,0,0,0
205000244,0,1,-1
205000245,19,293,-274
205000249,0,22,-22
205000250,2,0,2
205000264,1,70,-69
206000027,8,5,3
206000028,9,1,8
206000043,10,102,-92
206000053,3,19,-16
206000054,16,27,-11
206000055,0,29,-29
206000075,2,7,-5
206000076,26,7,19
206000077,16,3,13
206000078,4,1,3
206000079,13,4,9
206000082,345,12,333
206000100,50,644,-594
206000103,7,20,-13
206000104,18,15,3
206000105,8,28,-20
206000106,4,43,-39
206000125,45,0,45
206000157,107,716,-609
206000170,1,196,-195
206000171,2,233,-231
206000172,9,946,-937
206000173,2,350,-348
206000174,4,172,-168
206000175,0,234,-234
206000176,11,357,-346
206000177,1,233,-232
206000178,1,172,-171
206000179,4,102,-98
206000180,31,247,-216
206000181,3,359,-356
206000182,18,394,-376
206000183,16,1062,-1046
206000184,4,446,-442
206000185,3,370,-367
206000186,116,1660,-1544
206000223,4,352,-348
206000226,10,3,7
206000227,15,3,12
206000237,19,399,-380
206000238,32,695,-663
206000239,470,2341,-1871
206000240,0,72,-72
206000241,2,169,-167
206000242,4,469,-465
206000243,15,461,-446
206000244,41,980,-939
206000245,252,46,206
206000246,47,2,45
206000247,61,7,54
206000248,114,11,103
206000252,48,17,31
206000258,21,52,-31
206000315,29,6,23
206000317,250,57,193
206000318,126,61,65
206000319,392,53,339
206000320,35,18,17
206000321,80,11,69
206000322,134,7,127
206000323,63,6,57
206000324,67,13,54
206000325,58,7,51
206000326,51,5,46
206000327,98,11,87
206000328,49,5,44
206000329,52,3,49
206000330,25,10,15
206000331,76,2,74
206000332,18,6,12
206000333,200,6,194
206000334,134,2,132
206000335,0,11,-11
206000361,7,204,-197
206000392,1,45,-44
206000405,133,0,133
206000441,21,16,5
206000498,36,11,25
206000515,122,23,99
206000530,74,20,54
206000531,133,47,86
206000532,1921,54,1867
206000535,282,2043,-1761
206000536,30,284,-254
206000537,13,171,-158
206000613,1107,114,993
206000784,541,19,522
207000001,203,401,-198
207000002,58,292,-234
207000003,169,216,-47
207000007,480,213,267
207000008,28,8,20
207000009,68,26,42
207000010,377,695,-318
207000012,211,153,58
207000015,275,1978,-1703
207000019,163,86,77
207000021,492,163,329
207000022,63,93,-30
207000023,92,41,51
207000024,0,6,-6
207000025,22,45,-23
207000026,147,61,86
207000027,11,78,-67
207000028,41,269,-228
207000029,213,434,-221
207000033,173,190,-17
207000034,206,73,133
207000039,182,120,62
207000040,104,110,-6
207000041,15,51,-36
207000042,91,57,34
207000043,161,187,-26
207000051,77,345,-268
207000052,3,192,-189
207000053,444,761,-317
207000054,64,124,-60
207000055,55,187,-132
207000056,195,467,-272
207000057,169,307,-138
207000058,80,537,-457
207000059,48,982,-934
207000060,54,303,-249
207000061,80,159,-79
207000062,109,64,45
207000063,139,165,-26
207000064,306,230,76
207000065,249,243,6
207000066,70,181,-111
207000067,44,116,-72
207000068,110,66,44
207000069,629,391,238
207000082,40,381,-341
207000083,64,410,-346
207000084,127,129,-2
207000085,157,5,152
207000086,79,4,75
207000106,13,28,-15
207000107,23,12,11
207000108,27,9,18
207000109,30,6,24
207000110,48,29,19
207000111,45,96,-51
207000112,113,217,-104
207000114,17,28,-11
207000115,19,78,-59
207000116,12,217,-205
207000117,3,116,-113
207000118,0,89,-89
207000119,10,123,-113
207000123,153,16,137
207000124,69,12,57
207000125,51,29,22
207000126,56,24,32
207000134,31,285,-254
207000135,23,328,-305
207000148,38,149,-111
207000149,99,27,72
207000152,198,353,-155
207000153,1252,1049,203
207000154,354,156,198
207000159,51,275,-224
207000160,77,679,-602
207000238,0,86,-86
207000242,1,196,-195
207000248,29,9,20
207000249,118,43,75
207000250,611,45,566
207000251,68,51,17
207000252,42,57,-15
207000278,49,74,-25
207000279,21,257,-236
207000280,219,67,152
207000281,53,1447,-1394
207000282,212,31,181
207000283,183,219,-36
207000284,90,129,-39
207000285,230,60,170
207000291,6,91,-85
207000304,96,84,12
207000306,45,396,-351
207000310,30,58,-28
207000353,168,6,162
207000356,1,27,-26
207000357,8,9,-1
207000358,27,12,15
207000415,12,156,-144
207000417,14,2,12
207000418,94,177,-83
207000438,0,3,-3
207000439,1264,259,1005
207000446,116,6,110
207000460,7,8,-1
207000466,140,155,-15
207000467,94,71,23
207000468,28,488,-460
207000476,0,73,-73
207000477,180,125,55
207000478,3,7,-4
207000523,0,29,-29
207000524,45,0,45
207000527,95,139,-44
207000530,141,9,132
207000531,151,7,144
207000532,78,8,70
207000534,620,30,590
207000535,27,132,-105
207000537,18,96,-78
207000540,3,208,-205
207000541,3,318,-315
207000548,2,262,-260
207000549,131,13,118
207000561,74,88,-14
207000562,31,160,-129
207000567,116,286,-170
207000568,39,109,-70
207000569,87,1121,-1034
207000584,425,94,331
207000585,80,188,-108
207000587,23,21,2
207000616,0,205,-205
207000617,54,0,54
207000624,54,16,38
207000631,5,33,-28
207900008,58,274,-216
208000001,298,546,-248
208000002,250,506,-256
208000003,609,461,148
208000004,744,686,58
208000005,9,18,-9
208000019,503,722,-219
208000020,129,396,-267
208000021,74,483,-409
208000022,547,712,-165
208000028,1157,705,452
208000033,329,533,-204
208000034,837,1403,-566
208000037,398,47,351
208000040,160,153,7
208000041,1495,436,1059
208000042,832,467,365
208000047,53,305,-252
208000064,2483,1362,1121
208000066,1233,756,477
208000070,191,371,-180
208000071,245,711,-466
208000072,331,1153,-822
208000080,89,401,-312
208000081,153,204,-51
208000082,170,353,-183
208000083,85,457,-372
208000084,14,14,0
208000085,763,692,71
208000086,443,814,-371
208000087,280,652,-372
208000089,425,601,-176
208000090,406,917,-511
208000093,101,77,24
208000094,250,520,-270
208000095,460,316,144
208000104,706,957,-251
208000105,417,1166,-749
208000114,49,154,-105
208000115,377,298,79
208000116,212,829,-617
208000117,85,104,-19
208000118,56,78,-22
208000155,364,889,-525
208000158,1455,1934,-479
208000186,2490,1484,1006
208000204,259,718,-459
208000205,736,1267,-531
208000282,2908,922,1986
209000004,107,134,-27
209000005,12,18,-6
209000006,396,96,300
209000007,193,141,52
209000010,438,143,295
209000011,99,197,-98
209000012,121,193,-72
209000013,132,539,-407
209000014,717,1491,-774
209000025,148,28,120
209000026,368,73,295
209000027,219,961,-742
209000028,297,970,-673
209000029,640,912,-272
209000030,403,1612,-1209
209000031,3893,2579,1314
209000034,160,186,-26
209000035,86,113,-27
209000036,80,92,-12
209000037,140,204,-64
209000038,92,195,-103
209000039,67,161,-94
209000040,187,442,-255
209000041,154,392,-238
209000042,153,341,-188
209000043,600,521,79
209000044,187,464,-277
209000045,989,361,628
209000046,245,386,-141
209000047,271,172,99
209000048,341,272,69
209000049,104,192,-88
209000050,237,266,-29
209000051,240,358,-118
209000052,95,387,-292
209000062,29,219,-190
209000063,26,175,-149
209000064,16,183,-167
209000065,11,30,-19
209000066,16,35,-19
209000067,32,80,-48
209000080,21,180,-159
209000082,46,40,6
209000091,40,100,-60
209000093,110,38,72
209000094,253,126,127
209000110,39,53,-14
209000111,339,902,-563
209000112,413,396,17
209000113,872,379,493
209000114,236,226,10
209000115,74,227,-153
209000116,1043,523,520
209000118,13,48,-35
209000119,21,10,11
209000121,163,803,-640
209000135,52,51,1
209000142,685,635,50
209000143,96,43,53
209000144,42,70,-28
209000229,129,159,-30
209000240,43,391,-348
209000259,202,141,61
209000260,49,888,-839
209000261,7,547,-540
209000262,0,420,-420
209000263,1,90,-89
209000264,0,22,-22
209000265,563,1,562
209000266,53,5,48
209000267,290,22,268
209000268,603,20,583
210000037,34,11,23
210000047,44,20,24
210000048,33,33,0
210000049,42,16,26
210000052,27,126,-99
210000053,18,73,-55
210000054,43,76,-33
210000070,44,3,41
210000071,24,0,24
210000072,6,1,5
210000073,1,28,-27
210000074,0,135,-135
210000075,0,37,-37
210000076,4,150,-146
210000077,24,29,-5
210000078,56,40,16
210000079,27,14,13
210000080,84,51,33
210000081,71,8,63
210000082,47,0,47
210000083,52,1,51
210000084,19,0,19
210000085,4,82,-78
210000086,1,137,-136
210000099,30,260,-230
210000100,31,242,-211
210000101,69,237,-168
210000105,25,194,-169
210000159,1,157,-156
210000163,162,227,-65
210000164,320,88,232
210000168,123,21,102
210000187,0,11,-11
210000188,0,19,-19
210000214,60,0,60
210000219,24,57,-33
210000220,28,84,-56
210000232,2,26,-24
210000233,23,62,-39
210000234,40,141,-101
210000235,26,125,-99
210000245,1,34,-33
210000246,12,1,11
210000258,7,116,-109
210000259,169,12,157
210000282,72,214,-142
210000285,0,99,-99
210000286,11,183,-172
210000290,0,4,-4
210000295,31,149,-118
210000296,47,51,-4
210000320,84,130,-46
210000321,42,57,-15
210000338,87,96,-9
210000339,545,777,-232
210000340,112,179,-67
210000341,142,196,-54
210000342,127,204,-77
210000343,125,189,-64
210000344,206,128,78
210000345,185,137,48
210000346,71,87,-16
210000347,106,28,78
210000348,82,18,64
210000349,74,20,54
210000350,59,53,6
210000351,76,112,-36
210000352,50,79,-29
210000353,34,105,-71
210000354,39,98,-59
210000355,26,100,-74
210000356,28,62,-34
210000357,28,48,-20
210000358,398,92,306
210000359,58,51,7
210000360,137,95,42
210000361,97,177,-80
210000362,185,141,44
210000363,912,107,805
210000364,95,87,8
210000365,68,29,39
210000366,83,33,50
210000367,44,20,24
210000368,79,23,56
210000369,22,31,-9
210000370,52,48,4
210000372,31,27,4
210000373,46,3,43
210000374,42,30,12
210000375,23,58,-35
210000376,44,137,-93
210000404,119,150,-31
210000439,20,35,-15
210000472,70,6,64
210000482,58,57,1
210000564,489,120,369
210000567,0,27,-27
210000568,465,1,464
211000092,19,70,-51
211000094,57,11,46
211000169,217,7,210
211000172,5,200,-195
211000209,0,13,-13
211000226,11,37,-26
211000270,14,16,-2
211000275,14,21,-7
211000276,67,14,53
211000279,15,57,-42
211000281,36,73,-37
211000302,16,66,-50
211507980,0,14,-14
211977296,4,5,-1
212000003,57,52,5
212000004,77,26,51
212000005,12,17,-5
212000006,19,97,-78
212000008,73,234,-161
212000009,17,148,-131
212000012,59,76,-17
212000013,5,51,-46
212000014,171,156,15
212000015,159,201,-42
212000016,310,496,-186
212000027,326,370,-44
212000028,163,340,-177
212000029,119,223,-104
212000030,15,16,-1
212000031,27,58,-31
212000048,31,76,-45
212000049,14,69,-55
212000050,8,2,6
212000051,140,236,-96
212000052,135,386,-251
212000053,244,534,-290
212000054,99,129,-30
212000055,99,185,-86
212000056,7,33,-26
212000057,9,41,-32
212000058,246,37,209
212000070,96,317,-221
212000077,71,695,-624
212000099,138,211,-73
212000108,105,122,-17
212000111,100,138,-38
212000120,110,118,-8
212000138,72,19,53
212000156,4,106,-102
212000158,3,12,-9
212000159,154,53,101
212000160,302,175,127
212000161,29,17,12
212000310,19,24,-5
212000311,6,63,-57
212000374,18,12,6
213000001,17,515,-498
213000005,297,83,214
213000006,1003,92,911
213000007,86,16,70
213000009,552,157,395
213000010,123,153,-30
213000011,181,89,92
213000012,80,395,-315
213000014,17,10,7
213000015,158,1,157
213000016,148,1,147
213000017,35,23,12
213000018,1,203,-202
213000019,0,173,-173
213000020,112,264,-152
213000021,2,100,-98
213000023,215,181,34
213000033,235,631,-396
213000034,363,258,105
213000035,105,117,-12
213000045,94,266,-172
213000046,100,176,-76
213000047,443,561,-118
213000056,31,15,16
213000069,34,0,34
213000073,0,13,-13
213000074,176,422,-246
213000075,347,18,329
213000076,4,1,3
213000085,0,19,-19
213000086,9,218,-209
213000091,38,11,27
213000092,65,15,50
213000099,110,811,-701
213000100,1299,163,1136
213000101,175,162,13
213000102,125,422,-297
213000103,577,662,-85
213000104,29,392,-363
213000105,1,80,-79
213000106,11,192,-181
213000107,82,629,-547
213000108,12,543,-531
213000109,3,256,-253
213000110,2,82,-80
213000111,22,38,-16
213000112,171,138,33
213000115,13,16,-3
213000116,137,602,-465
213000117,5,759,-754
213000118,202,221,-19
213000119,40,784,-744
213000120,59,650,-591
213000122,275,969,-694
213000123,699,1817,-1118
213000124,48,1590,-1542
213000125,71,6,65
213000126,55,113,-58
213000127,156,111,45
213000128,719,544,175
213000129,478,308,170
213000130,296,157,139
213000132,140,105,35
213000133,203,83,120
213000134,463,43,420
213000136,166,12,154
213000137,389,58,331
213000139,540,12,528
213000147,21,2,19
213000148,14,5,9
213000149,27,6,21
213000150,0,42,-42
213000151,2,59,-57
213000152,1,63,-62
213000153,0,37,-37
213000154,11,210,-199
213000155,15,343,-328
213000156,57,678,-621
213000157,640,597,43
213000158,182,602,-420
213000159,342,602,-260
213000163,266,63,203
213000165,511,146,365
213000171,0,144,-144
213000172,2,389,-387
213000173,0,346,-346
213000174,3,226,-223
213000175,9,144,-135
213000176,19,28,-9
213000177,16,1,15
213000178,32,9,23
213000179,123,2,121
213000180,44,0,44
213000184,52,342,-290
213000188,195,94,101
213000189,149,32,117
213000190,600,675,-75
213000191,118,557,-439
213000192,81,694,-613
213000193,1073,169,904
213000194,2,27,-25
213000195,19,453,-434
213000196,95,821,-726
213000197,214,241,-27
213000198,13,1,12
213000200,105,994,-889
213000201,113,39,74
213000202,2,613,-611
213000203,2624,279,2345
213000204,394,26,368
213000205,146,33,113
213000206,186,53,133
213000207,36,10,26
213000208,88,1,87
213000209,47,3,44
213000210,222,2,220
213000211,1,4,-3
213000212,29,17,12
213000213,2,16,-14
213000218,118,928,-810
213000219,374,20,354
213000220,408,14,394
213000223,218,86,132
213000224,57,30,27
213000225,18,3,15
213000226,27,3,24
213000227,391,205,186
213000228,96,78,18
213000229,730,22,708
213000230,273,11,262
213000232,60,390,-330
213000233,4,8,-4
213000234,5,18,-13
213000293,1,62,-61
213000294,66,6,60
213000295,11,81,-70
213000296,85,17,68
213000297,5,82,-77
213000298,9,90,-81
213000299,33,44,-11
213000300,70,4,66
213000303,7,26,-19
213000304,1,6,-5
213000305,1,5,-4
213000306,50,22,28
213000307,200,75,125
213000308,106,262,-156
213000309,56,36,20
213000310,164,119,45
213000311,317,533,-216
213000315,59,135,-76
213000316,47,76,-29
213000322,57,145,-88
213000323,21,62,-41
213000324,19,41,-22
213000325,14,81,-67
213000326,2,18,-16
213000327,2,43,-41
213000328,6,81,-75
213000329,15,35,-20
213000340,97,863,-766
213000341,170,82,88
213000346,110,83,27
213000347,977,144,833
213000348,85,182,-97
213000349,206,29,177
213000350,219,1216,-997
213000366,23,244,-221
213000367,82,31,51
213000379,371,291,80
213000386,10,187,-177
213000406,96,314,-218
213000417,684,336,348
213000425,73,55,18
213000426,45,66,-21
213000427,23,314,-291
213000428,13,225,-212
213000429,53,4,49
213000430,54,916,-862
213000431,76,0,76
213000432,2,15,-13
213000433,6,91,-85
213000434,19,94,-75
213000435,43,94,-51
213000436,9,74,-65
213000437,0,4,-4
213000438,97,82,15
213000439,27,8,19
213000440,3,169,-166
213000441,0,1,-1
213000442,0,44,-44
213000443,398,296,102
213000444,15,63,-48
213000445,0,84,-84
213000446,0,11,-11
213000447,1,48,-47
213000448,3,48,-45
213000449,95,0,95
213000450,4,28,-24
213000451,50,73,-23
213000452,22,24,-2
213000453,29,254,-225
213000455,1016,13,1003
213000456,0,688,-688
213000481,14,4,10
213000482,95,2,93
213000489,455,37,418
213000491,0,86,-86
213000492,126,2,124
213000493,0,36,-36
213000494,77,102,-25
213000495,0,102,-102
213000496,166,201,-35
213000497,11,374,-363
213000498,45,251,-206
213000499,64,640,-576
213000500,193,63,130
213000501,52,23,29
213000502,46,34,12
213000503,3,89,-86
213000504,6,190,-184
213000505,6,12,-6
213000506,0,2,-2
213000507,0,168,-168
213900244,7,0,7
213900245,0,36,-36
218000003,41,17,24
218000004,26,11,15
218000005,13,19,-6
218000006,59,25,34
218000007,3,17,-14
218000012,264,104,160
218000013,44,129,-85
218000014,459,331,128
218000019,865,415,450
218000020,239,326,-87
218000021,13,56,-43
218000022,5,20,-15
218000023,0,14,-14
218000024,0,12,-12
218000025,9,15,-6
218000026,5,26,-21
218000027,0,6,-6
218000028,0,1,-1
218000029,0,2,-2
218000030,7,16,-9
218000031,0,15,-15
218000032,1,6,-5
218000040,3,3,0
218000046,21,172,-151
218000047,8,215,-207
218000048,71,222,-151
218000049,119,132,-13
218000050,248,291,-43
218000051,48,310,-262
218000052,6,101,-95
218000053,1,13,-12
218000054,63,29,34
218000055,2,10,-8
218000056,22,47,-25
218000057,1,41,-40
218000064,0,11,-11
218000065,20,43,-23
218000066,11,70,-59
218000067,20,97,-77
218000068,65,109,-44
218000069,109,208,-99
218000070,80,291,-211
218000071,124,234,-110
218000072,292,211,81
218000078,440,1244,-804
218000079,31,74,-43
218000080,46,76,-30
218000081,180,303,-123
218000082,13,140,-127
218000083,19,65,-46
218000084,56,205,-149
218000085,89,488,-399
218000086,24,165,-141
218000087,122,244,-122
218000090,8,55,-47
218000091,703,429,274
218000092,54,172,-118
218000093,65,121,-56
218000094,460,859,-399
218000099,247,405,-158
218000100,207,297,-90
218000101,97,182,-85
218000102,118,306,-188
218000103,27,158,-131
218000104,24,45,-21
218000105,25,12,13
218000106,35,3,32
218000107,44,94,-50
218000108,1,62,-61
218000112,59,8,51
218000117,24,40,-16
218000134,415,837,-422
218000135,13,110,-97
218000136,147,39,108
218000137,96,128,-32
218000138,16,93,-77
218000139,97,331,-234
218000140,136,180,-44
218000141,52,70,-18
218000142,83,150,-67
218000143,12,120,-108
218000144,39,55,-16
218000145,215,409,-194
218000146,50,137,-87
218000151,3,15,-12
218000152,34,57,-23
218000153,1,3,-2
218000154,2,0,2
218000155,6,3,3
218000156,15,15,0
218000157,5,12,-7
218000158,1,3,-2
218000159,2,0,2
218000160,6,4,2
218000161,13,4,9
218000162,8,4,4
218000163,3,4,-1
218000164,9,6,3
218000165,21,9,12
218000170,2,27,-25
218000171,25,10,15
218000172,14,7,7
218000173,58,18,40
218000174,23,3,20
218000176,65,5,60
218000177,234,81,153
218000178,31,90,-59
218000179,25,37,-12
218000180,20,23,-3
218000181,92,19,73
218000187,9,16,-7
218000188,20,60,-40
218000189,11,61,-50
218000190,8,27,-19
218000191,77,75,2
218000192,127,446,-319
218000193,317,567,-250
218000194,59,506,-447
218000195,101,79,22
218000196,230,252,-22
218000197,103,404,-301
218000198,8,172,-164
218000199,19,25,-6
218000200,95,37,58
218000201,5,9,-4
218000202,113,173,-60
218000207,9,32,-23
218000208,31,62,-31
218000211,43,18,25
218000212,1,4,-3
218000213,104,47,57
218000214,3,14,-11
218000215,49,68,-19
218000217,2,113,-111
218000218,174,71,103
218000219,12,11,1
218000220,108,252,-144
218000221,483,135,348
218000222,45,11,34
218000223,29,83,-54
218000224,1,31,-30
218000225,145,13,132
218000226,56,39,17
218000230,0,1,-1
218000232,39,67,-28
218000239,49,1,48
218000240,12,6,6
218000241,5,0,5
218000242,59,3,56
218000243,71,6,65
218000244,13,3,10
218000245,7,0,7
218000246,2,0,2
218000247,0,0,0
218000248,1,36,-35
218000249,0,2,-2
218000250,4,6,-2
218000251,3,11,-8
218000252,1,28,-27
218000253,10,18,-8
218000254,1,3,-2
218000255,0,8,-8
218000256,17,47,-30
218000267,839,1218,-379
218000268,8,50,-42
218000269,11,6,5
218000270,28,90,-62
218000271,65,73,-8
218000273,7,8,-1
218000274,8,5,3
218000275,5,27,-22
218000276,4,47,-43
218000278,11,48,-37
218000279,33,88,-55
218000280,28,48,-20
218000281,56,22,34
218000282,385,196,189
218000284,61,4,57
218000301,27,82,-55
218000302,45,54,-9
218000303,45,67,-22
218000316,528,1274,-746
218000317,467,1280,-813
218000318,261,933,-672
218000319,569,1439,-870
218000320,454,772,-318
218000338,59,21,38
218000345,128,47,81
218000346,38,181,-143
218000459,54,277,-223
218000490,73,68,5
218000501,31,30,1
218000502,23,110,-87
218000503,37,10,27
218000504,86,10,76
218000505,30,195,-165
218000506,21,224,-203
218000508,48,2,46
218000510,158,13,145
218000520,93,95,-2
218000521,3,75,-72
218000522,1,127,-126
218000523,79,14,65
218000524,66,158,-92
218000525,204,12,192
218000526,105,66,39
218000529,41,244,-203
218000530,2,2,0
218000531,0,34,-34
218000532,6,30,-24
218000534,66,20,46
218000537,19,69,-50
218000538,70,139,-69
218000540,239,48,191
218000543,33,38,-5
218000544,30,99,-69
218000545,18,68,-50
218000546,54,106,-52
218000547,34,83,-49
218000548,38,170,-132
218000549,313,89,224
218000550,313,486,-173
218000551,275,258,17
218000552,645,24,621
218000553,135,107,28
218000554,7,22,-15
218000555,9,49,-40
218000556,60,470,-410
218000557,131,146,-15
218000558,105,0,105
218000559,0,33,-33
218000560,0,18,-18
218000561,24,0,24
218000562,35,185,-150
218000563,103,19,84
218000564,3,99,-96
218000565,399,12,387
218000566,1205,26,1179
218000567,2,61,-59
218000568,8,2,6
218000569,31,95,-64
218000570,378,8,370
218000571,0,92,-92
218000572,63,4,59
218000573,39,90,-51
218000574,273,67,206
218000575,69,0,69
218000576,0,55,-55
218000577,16,0,16
218000578,0,97,-97
218000579,18,2,16
218000581,0,70,-70
218000582,6,5,1
218000583,2,0,2
218000584,1,22,-21
218000585,11,2,9
218000586,4,23,-19
218000587,0,0,0
218000588,0,1,-1
218000589,0,2,-2
218000590,0,1,-1
218000591,0,4,-4
218000592,0,2,-2
218000593,0,0,0
218000594,0,0,0
218000597,0,0,0
218000598,0,0,0
218000599,0,0,0
218000600,0,0,0
218000601,0,0,0
218000602,0,1,-1
218000603,0,3,-3
218000604,9,4,5
218000605,0,15,-15
218000606,26,0,26
218000607,14,21,-7
218000608,29,7,22
218000609,4,43,-39
218000610,18,2,16
218000611,10,2,8
218000612,0,31,-31
218000613,10,1,9
218000614,0,32,-32
218000615,29,0,29
218000616,0,104,-104
218000617,4,2,2
218000618,0,12,-12
218000619,10,30,-20
218000620,5,16,-11
218000621,0,1,-1
218000622,0,6,-6
218000623,2,0,2
218000624,1,13,-12
218000625,8,2,6
218000626,0,13,-13
218000628,85,19,66
218000631,22,22,0
218000632,0,51,-51
218000633,46,0,46
218000634,10,13,-3
218000635,32,3,29
218000636,495,1527,-1032
218000637,545,670,-125
218000638,38,32,6
218000639,6,245,-239
218000640,65,13,52
218000641,31,355,-324
218000652,89,83,6
218000653,109,27,82
218000663,8,85,-77
218000675,118,54,64
218000676,0,15,-15
218000677,2,3,-1
218000680,217,462,-245
218000681,313,100,213
218000691,78,378,-300
218000693,73,94,-21
218000703,2,29,-27
218000718,1018,237,781
218000719,1273,41,1232
218000720,10,61,-51
218000721,70,18,52
218000725,0,3,-3
218001147,3,294,-291
218001214,6,24,-18
218001258,66,12,54
218001329,118,92,26
218001330,237,106,131
218001351,31,24,7
218001352,4,15,-11
218001353,11,15,-4
218001354,2,9,-7
218001355,18,455,-437
218001356,125,1,124
218001357,65,301,-236
218001358,83,5,78
218001361,55,7,48
218001362,0,347,-347
219000001,24,45,-21
219000002,24,67,-43
219000003,54,19,35
219000004,37,58,-21
219000017,64,22,42
219000020,50,8,42
219000022,95,3,92
219000023,81,0,81
219000029,0,74,-74
219000034,18,11,7
219000039,29,70,-41
219000040,14,39,-25
219000041,49,27,22
219000051,0,31,-31
219000052,0,14,-14
219000053,1,236,-235
219000054,16,160,-144
219000055,41,0,41
219000056,1,0,1
219000057,19,0,19
219000062,13,212,-199
219000063,52,8,44
219000064,4,36,-32
219000110,142,27,115
219000111,104,28,76
219000112,170,36,134
219000113,114,31,83
219000114,245,19,226
219000116,42,26,16
219000117,137,63,74
219000118,47,67,-20
219000123,189,88,101
219000124,40,39,1
219000125,10,20,-10
219000126,63,113,-50
219000127,0,5,-5
219000128,26,78,-52
219000129,26,118,-92
219000130,943,648,295
219000131,953,705,248
219000133,56,21,35
219000134,14,14,0
219000135,18,54,-36
219000136,101,151,-50
219000138,65,19,46
219000139,20,44,-24
219000140,22,1,21
219000141,20,125,-105
219000142,14,98,-84
219000143,9,127,-118
219000145,12,32,-20
219000146,9,74,-65
219000147,1,81,-80
219000148,1,81,-80
219000149,43,216,-173
219000150,0,160,-160
219000151,2,79,-77
219000157,126,160,-34
219000158,66,219,-153
219000161,106,15,91
219000163,1415,374,1041
219000166,67,194,-127
219000167,92,214,-122
219000168,387,58,329
219000174,187,54,133
219000175,20,0,20
219000176,34,2,32
219000177,22,1,21
219000178,11,3,8
219000179,4,1,3
219000180,26,22,4
219000182,48,12,36
219000183,30,44,-14
219000184,36,3,33
219000185,2,112,-110
219000186,13,47,-34
219000187,7,160,-153
219000189,107,127,-20
219000190,113,192,-79
219000191,1525,671,854
219000192,132,105,27
219000193,514,145,369
219000195,0,55,-55
219000196,4,95,-91
219000198,24,124,-100
219000199,65,162,-97
219000200,22,194,-172
219000201,93,219,-126
219000203,20,93,-73
219000204,84,150,-66
219000205,59,172,-113
219000207,174,204,-30
219000209,24,122,-98
219000210,42,120,-78
219000213,6,277,-271
219000239,135,283,-148
219000240,175,339,-164
219000241,153,198,-45
219000242,69,255,-186
219000243,79,364,-285
219000244,14,136,-122
219000245,64,46,18
219000246,48,12,36
219000247,40,36,4
219000248,331,188,143
219000249,123,49,74
219000250,155,61,94
219000251,338,145,193
219000252,152,113,39
219000253,127,58,69
219000255,55,81,-26
219000256,65,52,13
219000257,90,0,90
219000262,60,227,-167
219000263,43,206,-163
219000267,0,155,-155
219000268,4,4,0
219000269,11,2,9
219000270,10,0,10
219000271,65,3,62
219000278,1,11,-10
219000279,1,4,-3
219000283,0,13,-13
219000295,6,117,-111
219000296,51,556,-505
219000297,14,169,-155
219000298,24,223,-199
219000299,330,48,282
219000300,17,348,-331
219000301,151,307,-156
219000302,13,171,-158
219000307,35,37,-2
219000308,46,23,23
219000311,73,35,38
219000312,259,51,208
219000313,117,27,90
219000314,98,676,-578
219000315,88,20,68
219000316,206,19,187
219000317,40,8,32
219000320,0,62,-62
219000321,0,10,-10
219000323,2,100,-98
219000325,0,37,-37
219000326,85,119,-34
219000327,37,36,1
219000328,22,39,-17
219000329,231,96,135
219000330,28,24,4
219000331,29,39,-10
219000332,52,72,-20
219000333,7,1,6
219000335,44,2,42
219000337,5,1,4
219000338,36,2,34
219000344,21,54,-33
219000345,68,106,-38
219000346,17,149,-132
219000348,51,153,-102
219000349,18,273,-255
219000350,13,97,-84
219000351,1,1,0
219000352,96,59,37
219000353,69,44,25
219000354,68,112,-44
219000355,68,24,44
219000356,1746,319,1427
219000363,215,24,191
219000364,114,19,95
219000365,106,9,97
219000366,251,112,139
219000368,412,343,69
219000370,946,222,724
219000371,4,11,-7
219000382,5,11,-6
219000383,732,563,169
219000385,491,435,56
219000386,957,1057,-100
219000387,0,3,-3
219000390,3,0,3
219000391,1,0,1
219000397,81,91,-10
219000398,74,39,35
219000401,3,103,-100
219000402,19,119,-100
219000403,57,172,-115
219000404,10,68,-58
219000407,0,27,-27
219000409,39,54,-15
219000410,17,28,-11
219000411,39,5,34
219000446,205,426,-221
219000447,0,11,-11
219000448,3,13,-10
219000452,111,69,42
219000453,51,78,-27
219000454,293,165,128
219000556,95,51,44
219000558,129,264,-135
219000590,19,196,-177
219000591,30,50,-20
219000592,109,383,-274
219000595,0,27,-27
219000635,41,8,33
219000636,13,115,-102
219000657,41,18,23
219000658,4,49,-45
219000673,0,12,-12
219000676,0,0,0
219000679,6,7,-1
219000684,48,0,48
219000685,4,96,-92
219000686,2,1,1
219000688,0,112,-112
219000689,51,245,-194
219000690,223,31,192
219000691,74,121,-47
219000692,192,32,160
219000693,0,18,-18
219000694,11,0,11
219000695,3,3,0
219000698,4,0,4
219000699,0,8,-8
219000727,2,189,-187
219000728,52,0,52
219000770,14,1,13
219000771,0,38,-38
219000788,283,214,69
219001150,3,7,-4
219001151,0,5,-5
219001166,27,5,22
219001167,0,42,-42
219001178,15,0,15
220000001,13,36,-23
220000002,8,138,-130
220000003,281,241,40
220000004,390,471,-81
220000005,1548,1227,321
220000006,112,765,-653
220000007,265,736,-471
220000008,193,1171,-978
220000009,187,505,-318
220000010,154,94,60
220000011,561,1696,-1135
220000012,225,251,-26
220000014,34,54,-20
220000015,36,155,-119
220000017,45,288,-243
220000018,4687,1075,3612
220000019,61,222,-161
220000020,236,278,-42
220000021,380,152,228
220000022,270,347,-77
220000023,105,122,-17
220000024,1247,253,994
220000025,459,366,93
220000026,148,165,-17
220000027,15,64,-49
220000028,26,33,-7
220000029,55,130,-75
220000030,123,64,59
220000031,92,259,-167
220000064,22,750,-728
221000046,7,0,7
221000047,0,4,-4
221000048,0,4,-4
221000049,0,7,-7
221000050,6,0,6
221000055,41,59,-18
221000057,38,8,30
221000068,230,61,169
221000069,243,58,185
221000070,96,23,73
221000071,39,16,23
221000072,122,10,112
221000073,113,83,30
221000074,2,19,-17
221000075,61,22,39
221000076,7,31,-24
221000077,37,47,-10
221000081,5,7,-2
221000082,25,4,21
221000083,75,5,70
221000084,1,2,-1
221000085,10,47,-37
221000086,12,98,-86
221000087,3,166,-163
221000088,16,137,-121
221000089,33,186,-153
221000090,120,369,-249
221000098,123,9,114
221000099,87,9,78
221000100,47,5,42
221000101,218,15,203
221000102,110,15,95
221000109,6,68,-62
221000110,11,116,-105
221000111,16,124,-108
221000112,4,107,-103
221000113,10,132,-122
221000114,20,165,-145
221000120,8,25,-17
221000121,0,19,-19
221000122,9,20,-11
221000123,10,51,-41
221000124,14,246,-232
221000155,44,3,41
221000156,10,28,-18
221000175,0,9,-9
221000176,6,5,1
221000182,20,2,18
221000241,568,150,418
221000242,191,289,-98
221000243,440,55,385
221000244,179,312,-133
221000245,42,95,-53
221000246,16,228,-212
221000247,22,123,-101
221000248,36,163,-127
221000267,43,617,-574
221000325,44,29,15
221000331,2,71,-69
221000338,3,8,-5
221000378,88,29,59
221000381,50,118,-68
222000282,2,0,2
222000296,3,14,-11
222000568,241,10,231
222000569,76,10,66
222000570,81,7,74
222000571,106,5,101
222000577,3,188,-185
222000578,7,223,-216
222000579,32,132,-100
222000580,112,780,-668
222000599,0,123,-123
222000600,4,276,-272
222000601,6,827,-821
222000603,43,26,17
222000604,74,55,19
222000605,1,16,-15
222000606,2,8,-6
222000607,2,1,1
222000608,16,7,9
222000609,30,339,-309
222000616,84,31,53
222000617,2,21,-19
222000618,5,4,1
222000620,83,9,74
222000621,101,11,90
222000623,391,4,387
222000624,187,2,185
222000625,254,34,220
222000636,23,2,21
222000686,49,16,33
222000687,15,26,-11
222001066,151,1,150
222001067,0,4,-4
222001068,15,24,-9
222001069,10,32,-22
222001082,6,41,-35
222001083,4,68,-64
222001084,0,37,-37
222001085,0,74,-74
222001111,9,202,-193
222001112,19,33,-14
222001313,13,8,5
222001314,1,75,-74
222001464,88,61,27
222001465,51,225,-174
222001484,43,48,-5
222001485,13,58,-45
222001494,167,100,67
222001495,72,453,-381
222001496,85,59,26
222001497,56,577,-521
222001502,12,117,-105
222001503,42,30,12
222001504,10,242,-232
222001505,128,14,114
222001506,41,170,-129
222001507,139,14,125
222001510,154,25,129
222001511,24,352,-328
222001514,448,79,369
222001515,167,639,-472
222001518,99,26,73
222001519,33,374,-341
222001527,187,29,158
222001528,45,145,-100
222001529,106,17,89
222001530,19,189,-170
222001533,148,357,-209
222001534,106,32,74
222001535,72,107,-35
222001536,86,341,-255
222001537,140,29,111
222001538,32,403,-371
222001563,172,88,84
222001564,19,744,-725
222001568,252,81,171
222001576,0,0,0
222001579,0,4,-4
222001583,27,184,-157
222001584,25,44,-19
222001596,399,1321,-922
222001597,887,204,683
222001626,1,171,-170
222001650,97,80,17
222001651,90,97,-7
222001914,236,44,192
222001915,51,184,-133
222001968,652,186,466
222001969,478,835,-357
222001970,92,154,-62
222001971,7,19,-12
222001972,0,21,-21
225000001,250,79,171
225000002,503,65,438
225000003,202,54,148
225000004,174,143,31
225000005,20,39,-19
225000006,1,114,-113
225000007,2921,989,1932
225000010,206,2,204
225000011,390,597,-207
225000012,68,299,-231
225000013,65,162,-97
225000014,317,62,255
225000015,63,219,-156
225000021,473,151,322
225000027,227,471,-244
225000032,500,145,355
225000042,37,598,-561
225000049,5,69,-64
225000050,30,16,14
225000053,1,120,-119
225000058,426,123,303
225000067,149,187,-38
225000068,76,521,-445
225000069,184,515,-331
225000070,34,566,-532
225000071,27,299,-272
225000075,30,616,-586
225000076,61,115,-54
225000078,44,10,34
225000085,24,57,-33
225000086,72,25,47
225000087,130,13,117
225000088,10,127,-117
225000089,444,528,-84
225000090,20,284,-264
225000091,47,196,-149
225000092,15,78,-63
225000093,140,408,-268
225000094,14,500,-486
225000095,320,593,-273
225000096,128,387,-259
225000098,275,83,192
225000099,111,99,12
225000100,83,72,11
225000104,42,411,-369
225000110,11,393,-382
225000111,168,1119,-951
225000112,187,889,-702
225000113,76,652,-576
225000114,48,295,-247
225000115,2803,472,2331
225000116,971,46,925
225000117,792,173,619
225000118,523,178,345
225000119,83,56,27
225000120,451,30,421
225000121,159,11,148
225000123,618,15,603
225000125,161,270,-109
225000126,910,185,725
225000127,906,569,337
225000128,293,311,-18
225000132,113,9,104
225000133,155,35,120
225000134,299,49,250
225000135,33,9,24
225000136,93,4,89
225000137,35,33,2
225000138,195,29,166
225000143,67,200,-133
225000144,0,331,-331
225000145,17,36,-19
225000146,29,104,-75
225000147,17,308,-291
225000148,1,207,-206
225000149,33,390,-357
225000151,39,305,-266
225000155,200,239,-39
225000156,144,562,-418
225000157,100,341,-241
225000158,38,338,-300
225000171,3,157,-154
225000180,20,2,18
225000181,0,39,-39
225000182,89,3,86
225000185,9,277,-268
225000187,60,388,-328
225000191,135,0,135
225000194,0,8,-8
225000208,0,34,-34
225000209,26,21,5
225000210,7,166,-159
225000217,1,14,-13
225000218,3,0,3
225000223,0,55,-55
225000224,96,1,95
225000225,0,10,-10
225000226,28,1,27
225000227,23,75,-52
225000228,8,2,6
225000229,1,82,-81
225000230,1,0,1
225000231,0,82,-82
225000232,39,0,39
225000241,78,0,78
225000242,0,49,-49
225000249,2,1,1
225000250,30,934,-904
225000251,168,7,161
226000042,375,343,32
226000043,96,221,-125
226000044,144,745,-601
226000045,62,411,-349
226000046,173,34,139
226000047,230,53,177
226000048,268,28,240
226000049,144,60,84
226000070,0,43,-43
226000071,0,58,-58
226000072,0,13,-13
226000073,1,8,-7
226000074,0,14,-14
226000084,3,43,-40
226000085,1,1,0
226000086,19,4,15
226000087,4,2,2
226000088,14,14,0
226000090,44,17,27
226000091,7,3,4
226000092,0,1,-1
226000093,81,1,80
226000094,8,1,7
226000095,7,1,6
226000105,2,3,-1
226000106,5,0,5
226000107,4,0,4
226000108,13,0,13
226000109,36,2,34
226000124,106,32,74
226000134,315,288,27
226000135,578,427,151
226000136,124,186,-62
226000137,4,444,-440
226000138,11,348,-337
226000139,0,9,-9
226000156,41,1,40
226000157,75,11,64
226000163,57,44,13
226000202,7,473,-466
226000231,124,5,119
226000232,23,5,18
227000033,237,39,198
227000036,146,22,124
227000037,71,14,57
227000038,137,34,103
227000049,0,11,-11
227000050,1,60,-59
227000055,47,1,46
227000056,6,0,6
227000084,1,48,-47
227000085,0,33,-33
227000088,50,7,43
227000089,102,4,98
227000090,18,0,18
227000091,10,3,7
227000093,32,0,32
227000094,14,2,12
227000130,30,36,-6
227000131,13,246,-233
227000132,19,226,-207
227000133,8,285,-277
227000134,11,381,-370
227000152,0,1,-1
227000153,0,44,-44
227000155,1,12,-11
227000156,1,8,-7
227000165,1,16,-15
227000196,105,297,-192
227000199,89,552,-463
227000230,16,528,-512
227000232,184,20,164
227000242,54,463,-409
227000243,409,51,358
227000245,13,358,-345
227000246,93,423,-330
227000247,138,74,64
227000248,58,26,32
227000249,17,232,-215
227000250,349,143,206
227000251,175,343,-168
227000252,10,415,-405
227000253,56,20,36
227000262,305,7,298
227000266,315,9,306
227000267,57,2215,-2158
227000282,5,252,-247
227000284,178,16,162
227000286,2,78,-76
227000287,3,134,-131
227000291,7,624,-617
227000484,368,26,342
227000485,17,723,-706
227000655,26,11,15
227000656,586,18,568
227000657,18,7,11
227000661,180,9,171
227000680,58,21,37
229000265,4,22,-18
229000296,0,6,-6
229000297,0,50,-50
229000298,1,165,-164
229000320,3,8,-5
229000321,5,0,5
229000412,12,31,-19
229000414,7,52,-45
229000415,1,2,-1
229000416,0,3,-3
229000417,7,7,0
229000419,67,199,-132
229000440,138,44,94
229000442,6,0,6
229000443,0,3,-3
229000444,1,23,-22
229000445,12,4,8
229000446,22,10,12
229000491,1,11,-10
229000492,10,70,-60
229000493,0,40,-40
229000494,1,0,1
229000495,20,1,19
229000496,12,0,12
229000507,0,10,-10
229000508,0,12,-12
229000509,0,27,-27
229000510,0,19,-19
229000511,1,44,-43
229000512,0,31,-31
229000513,0,0,0
229000514,0,1,-1
229000517,1,7,-6
229000518,2,9,-7
229000519,1,2,-1
229000520,2,32,-30
229000521,17,12,5
229000522,0,3,-3
229000523,0,5,-5
229000524,1,3,-2
229000527,0,0,0
229000528,0,0,0
229000529,0,0,0
229000530,3,0,3
229000531,3,1,2
229000532,2,0,2
229000533,15,0,15
229000534,8,0,8
229000564,0,0,0
229000565,0,0,0
229000566,0,13,-13
229000567,0,35,-35
229000582,4,0,4
229000583,0,0,0
229000584,0,20,-20
229000585,3,29,-26
229000718,0,2,-2
229000719,0,1,-1
229000720,0,7,-7
229000721,0,2,-2
229000722,1,19,-18
229000723,0,20,-20
229000724,0,2,-2
229000725,0,2,-2
229000738,0,0,0
229000739,0,0,0
229000740,0,0,0
229000741,0,0,0
229000742,0,0,0
229000743,0,0,0
229000744,0,0,0
229000745,0,0,0
229000746,0,0,0
229000847,14,1,13
229000848,9,0,9
229000849,42,0,42
229000851,4,1,3
229000854,0,44,-44
229000856,1,166,-165
229000857,0,41,-41
229000858,1,107,-106
229000919,1,78,-77
229000930,3,141,-138
229000937,48,13,35
229000966,48,9,39
229000981,14,53,-39
229000985,2,20,-18
229000986,1,2,-1
229000987,0,0,0
229000988,0,11,-11
229000989,1,1,0
229000990,0,0,0
229000991,0,2,-2
229000992,3,8,-5
229000993,130,7,123
229000998,11,34,-23
229000999,48,3,45
229001034,0,4,-4
229001035,3,0,3
229001037,15,5,10
229001042,10,11,-1
229001047,0,47,-47
229001050,16,43,-27
229001168,0,2,-2
229001200,1,0,1
229001338,27,25,2
229001394,164,3,161
229001422,75,16,59
229001423,44,102,-58
229001431,31,19,12
229001432,20,62,-42
229001444,80,29,51
229001445,27,136,-109
229001479,2,3,-1
229001503,105,86,19
229001504,48,167,-119
229001505,74,36,38
229001506,39,163,-124
229001509,27,19,8
229001545,51,7,44
229001546,3,68,-65
229001553,31,16,15
229001554,4,75,-71
229001559,3,26,-23
229001560,4,18,-14
229001630,33,5,28
229001631,5,20,-15
229001635,0,8,-8
229001636,1,0,1
229001658,2,76,-74
229001659,63,0,63
229001660,0,1,-1
229001661,0,13,-13
229001662,56,0,56
229001663,0,20,-20
229002584,141,77,64
229002831,122,99,23
229002841,2,13,-11
229002842,6,18,-12
229002843,16,32,-16
229002844,10,40,-30
229002845,15,37,-22
229002846,6,10,-4
229002847,12,11,1
229002848,3,5,-2
229002849,1,45,-44
229002850,4,0,4
229002851,31,82,-51
229002852,47,14,33
229002853,16,21,-5
229002854,25,31,-6
229002855,10,24,-14
229002856,17,14,3
229002857,1,31,-30
229002858,3,2,1
229002859,8,12,-4
229002860,15,2,13
229002861,6,14,-8
229002862,4,30,-26
229002863,5,26,-21
229002864,5,26,-21
229002865,13,7,6
229002866,12,7,5
229002867,10,21,-11
229002868,2,6,-4
229002869,11,92,-81
229002870,21,14,7
235000066,342,52,290
235000067,110,96,14
235000072,24,29,-5
235000073,68,193,-125
235000074,8,95,-87
235000080,9,78,-69
235000081,39,190,-151
235000082,78,77,1
235000083,80,96,-16
235000084,13,55,-42
235000085,50,113,-63
235000089,15,23,-8
235000092,5,97,-92
235000093,2,0,2
235000097,7,1,6
235000098,35,8,27
235000099,14,11,3
235000116,31,26,5
235000117,731,10,721
235000133,4,208,-204
235000134,17,84,-67
235000206,3,1,2
235000207,1,1,0
235000208,1,2,-1
235000209,4,3,1
235000210,3,2,1
235000212,1,6,-5
235000213,3,7,-4
235000220,0,2,-2
235000221,40,9,31
235000238,3,16,-13
235000239,1,3,-2
235000242,190,166,24
235000245,1042,168,874
235000246,8,56,-48
235000284,6,90,-84
235000295,134,4,130
235000305,66,9,57
235000306,26,4,22
235000307,14,0,14
235000308,44,1,43
235000309,16,3,13
235000310,7,0,7
235000311,31,9,22
235000322,1,25,-24
235000323,4,63,-59
235000324,1,14,-13
235000325,2,12,-10
235000326,8,272,-264
235000351,3,60,-57
235000352,16,46,-30
235000353,2,16,-14
235000354,3,43,-40
235000355,11,76,-65
235000356,15,25,-10
235000357,11,15,-4
235000358,33,3,30
235000359,1,17,-16
235000360,16,5,11
235000361,19,4,15
235000381,41,338,-297
235000382,84,41,43
235000390,10,2,8
235000391,39,20,19
235000392,65,148,-83
235000393,79,84,-5
235000395,84,33,51
235000396,171,42,129
235000400,101,81,20
235000401,17,174,-157
235000405,74,344,-270
235000406,47,278,-231
235000407,52,126,-74
235000409,204,141,63
235000410,22,206,-184
235000411,0,66,-66
235000485,0,8,-8
235000486,1,0,1
235000549,25,76,-51
235000550,34,154,-120
235000599,27,94,-67
235000600,6,5,1
235000601,19,51,-32
235000602,22,165,-143
235000614,0,1,-1
235000648,0,30,-30
235000649,12,1,11
235000685,0,5,-5
235000815,4,14,-10
235000834,1,5,-4
235000855,17,48,-31
235000862,17,250,-233
235000891,0,1,-1
235000892,4,1,3
235000901,24,61,-37
235000907,4,4,0
235001010,12,75,-63
235001029,490,294,196
235001030,312,140,172
235001078,41,90,-49
235001079,68,107,-39
235001147,39,41,-2
235001166,12,87,-75
235001167,4,53,-49
235001169,35,265,-230
235001188,0,2,-2
235001189,0,1,-1
235001197,36,28,8
235001200,38,37,1
235001207,232,27,205
235001210,110,284,-174
235001215,44,223,-179
235001239,1,28,-27
235001244,1,8,-7
235016267,0,29,-29
277101746,0,0,0
277102712,0,0,0
277103813,0,1,-1
277103814,0,0,0
277103898,0,2,-2
277104249,0,3,-3
277104250,0,6,-6
277104251,0,10,-10
277104252,0,2,-2
990011530,0,258,-258
990014944,2,410,-408
990015176,19,0,19
990015618,0,85,-85
990016032,0,317,-317
990032570,0,32,-32
990070001,44,1,43
990070103,0,3,-3
990070601,0,22,-22
990070751,139,0,139
990070766,2,757,-755
990071180,238,134,104
990071343,22,10,12
990071387,0,8,-8
990071823,133,1,132
990072600,2,480,-478
990072964,1,484,-483
990073285,0,0,0
990074393,2,1034,-1032
990074870,259,4,255
990075106,330,4,326
990075746,109,3,106
990076437,233,2,231
990076458,2,1074,-1072
997000007,86,10,76
997000041,1,96,-95
997000058,14,1,13
997000062,19,1,18
997000069,0,4,-4
997000070,0,43,-43
997000100,9,7,2
997000141,0,233,-233
997000198,1001,323,678
998000475,0,23,-23
998000736,2,264,-262
998000965,0,3,-3
998001031,0,56,-56
998001700,0,18,-18
998001899,0,2,-2
998001900,4,1,3
998003073,276,22,254
998101900,0,0,0
998102850,0,62,-62
998501927,438,302,136
998501929,76,28,48
998501930,55,1,54
998501931,68,39,29
998501932,6,0,6
998501933,23,2,21
998501937,21,3,18
998501944,0,0,0
998501950,0,0,0
998501970,14,4,10
998501971,1,56,-55
998501973,0,59,-59
998501974,1,325,-324
998501975,97,3,94
998501976,47,0,47
998501977,1,21,-20
998501978,16,0,16
998501979,0,4,-4
998501980,158,4,154
998501981,15,2,13
998501982,0,76,-76
998501983,0,3,-3
998502006,0,0,0
998502024,0,3,-3
998502032,2,2,0
998502062,5,0,5
998502063,0,0,0
998502173,40,0,40
998502269,0,1,-1
998502546,0,122,-122
998502578,0,2,-2
998502599,223,128,95
998601159,1,204,-203
998601292,0,9,-9
999033574,1,577,-576
999800001,29,2,27
999800002,0,2,-2
999800003,0,2,-2
999800004,0,4,-4
999800005,0,7,-7
